data/CTD/2014/CNV/d017a034.cnv
* Sea-Bird SBE 9 Data File:
* FileName = C:\CTD_ACQUISITION\2014017HUD\ctddata\017A034.hdr
* Software Version Seasave V 7.22.2
* Temperature SN = 5081
* Conductivity SN = 3561
* Number of Bytes Per Scan = 37
* Number of Voltage Words = 4
* Number of Scans Averaged by the Deck Unit = 1
* NMEA Latitude = 48 20.63 N
* NMEA Longitude = 046 35.08 W
* NMEA UTC (Time) = Jul 09 2014 15:35:27
* NMEA baud rate = 9600
** Ship: Hudson
** Cruise: HUD2014017
** Chief_Scientist: Blair Greenan
** Organization: BIO
** Area_of_Operation: Sackville Spur
** Station: 034
** Sounding:  1364
** Event_Comments: SS-10 403200
# nquan = 25
# nvalues = 1417                        
# units = specified
# name 0 = scan: Scan Count
# name 1 = timeS: Time, Elapsed [seconds]
# name 2 = prDM: Pressure, Digiquartz [db]
# name 3 = t068C: Temperature [ITS-68, deg C]
# name 4 = c0S/m: Conductivity [S/m]
# name 5 = t168C: Temperature, 2 [ITS-68, deg C]
# name 6 = c1S/m: Conductivity, 2 [S/m]
# name 7 = altM: Altimeter [m]
# name 8 = flC: Fluorescence, Chelsea Aqua 3 Chl Con [ug/l]
# name 9 = sbeox0V: Oxygen raw, SBE 43 [V]
# name 10 = sbeox1V: Oxygen raw, SBE 43, 2 [V]
# name 11 = upoly0: Upoly 0, Optode 4330F - O2 D-Phase
# name 12 = upoly1: Upoly 1, Optode 4330F - O2 Temp
# name 13 = latitude: Latitude [deg]
# name 14 = longitude: Longitude [deg]
# name 15 = sal00: Salinity, Practical [PSU]
# name 16 = sal11: Salinity, Practical, 2 [PSU]
# name 17 = potemp068C: Potential Temperature [ITS-68, deg C]
# name 18 = potemp168C: Potential Temperature, 2 [ITS-68, deg C]
# name 19 = sigma-é00: Density [sigma-theta, Kg/m^3]
# name 20 = sigma-é11: Density, 2 [sigma-theta, Kg/m^3]
# name 21 = sbeox0ML/L: Oxygen, SBE 43 [ml/l], WS = 2
# name 22 = sbeox1ML/L: Oxygen, SBE 43, 2 [ml/l], WS = 2
# name 23 = nbin: number of scans per bin
# name 24 = flag: flag
# span 0 =       9171,      47671       
# span 1 =    382.084,   1986.236       
# span 2 =      5.000,   1421.000       
# span 3 =    -1.2918,     7.4336       
# span 4 =   2.662575,   3.364040       
# span 5 =    -1.2929,     7.4265       
# span 6 =   2.662184,   3.363182       
# span 7 =       1.29,     102.48       
# span 8 =     0.0078,     0.0938       
# span 9 =     2.4491,     3.6381       
# span 10 =     2.1618,     3.1547      
# span 11 =  30.336931,  34.818199      
# span 12 = -1.1829515,  7.5546045      
# span 13 =   48.34424,   48.34848      
# span 14 =  -46.58350,  -46.58194      
# span 15 =    32.7781,    34.9112      
# span 16 =    32.7707,    34.9109      
# span 17 =    -1.2929,     7.4331      
# span 18 =    -1.2940,     7.4260      
# span 19 =    25.6100,    27.7651      
# span 20 =    25.6089,    27.7648      
# span 21 =    6.25697,    9.04464      
# span 22 =    6.22810,    9.07201      
# span 23 =         12,        102      
# span 24 = 0.0000e+00, 0.0000e+00      
# interval = decibars: 1                
# start_time = Jul 09 2014 15:35:27 [NMEA time, header]
# bad_flag = -9.990e-29
*END*
[from data line 754]
      29417   1225.647    759.000     3.7847   3.259613     3.7844   3.259535      98.63     0.0152     2.7293     2.4090  33.809525  3.7819834   48.34735  -46.58290    34.8733    34.8727     3.7295     3.7291    27.7134    27.7130    6.54693    6.55499         18 0.0000e+00
      29436   1226.465    760.000     3.7850   3.259676     3.7847   3.259601      98.63     0.0176     2.7283     2.4086  33.809525  3.7814503   48.34736  -46.58290    34.8733    34.8727     3.7296     3.7293    27.7133    27.7129    6.54680    6.54923         22 0.0000e+00
      29460   1227.453    761.000     3.7852   3.259752     3.7848   3.259658      98.63     0.0208     2.7282     2.4075  33.809525  3.7814407   48.34736  -46.58290    34.8734    34.8727     3.7298     3.7311    27.7134    27.7129    6.54678    6.54040         26 0.0000e+00
      29488   1228.627    762.000     3.7865   3.259924     3.7862   3.259843      55.06     0.0222     2.7270     2.4066  33.818172  3.7814407   48.34736  -46.58290    34.8735    34.8729     3.7310     3.7322    27.7134    27.7129    6.54298    6.54384         30 0.0000e+00
      29519   1229.917    763.000     3.7867   3.259992     3.7859   3.259843      88.78     0.0213     2.7269     2.4061  33.816250  3.7817276   48.34736  -46.58290    34.8736    34.8727     3.7312     3.7303    27.7134    27.7128    6.54737    6.54790         33 0.0000e+00
      29554   1231.363    764.000     3.7875   3.260120     3.7873   3.260062      95.70     0.0173     2.7262     2.4056  33.808475  3.7814345   48.34736  -46.58290    34.8737    34.8733     3.7319     3.7317    27.7135    27.7131    6.55014    6.54213         33 0.0000e+00
      29582   1232.533    765.000     3.7879   3.260214     3.7876   3.260135      91.65     0.0159     2.7267     2.4047  33.818066  3.7818773   48.34736  -46.58290    34.8740    34.8733     3.7321     3.7319    27.7136    27.7131    6.55003    6.54306         23 0.0000e+00
      29602   1233.356    766.000     3.7882   3.260308     3.7877   3.260217      98.65     0.0152     2.7263     2.4049  33.820927  3.7814398   48.34738  -46.58290    34.8742    34.8736     3.7324     3.7319    27.7138    27.7134    6.54557    6.55360         18 0.0000e+00
      29618   1234.051    767.000     3.7880   3.260324     3.7878   3.260264      98.63     0.0146     2.7260     2.4053  33.826824  3.7814407   48.34738  -46.58290    34.8741    34.8736     3.7321     3.7319    27.7138    27.7133    6.54800    6.55389         16 0.0000e+00
      29634   1234.716    768.000     3.7872   3.260313     3.7869   3.260227      98.63     0.0119     2.7257     2.4053  33.829617  3.7832360   48.34738  -46.58290    34.8742    34.8736     3.7313     3.7309    27.7139    27.7135    6.54860    6.55006         16 0.0000e+00
      29651   1235.425    769.000     3.7858   3.260227     3.7855   3.260154      98.63     0.0116     2.7256     2.4051  33.830673  3.7814720   48.34738  -46.58290    34.8743    34.8737     3.7297     3.7295    27.7141    27.7137    6.54752    6.54481         18 0.0000e+00
      29671   1236.266    770.000     3.7855   3.260241     3.7852   3.260160      98.63     0.0131     2.7253     2.4041  33.829933  3.7818530   48.34738  -46.58290    34.8742    34.8736     3.7293     3.7290    27.7141    27.7137    6.54742    6.53591         23 0.0000e+00
      29701   1237.488    771.000     3.7854   3.260265     3.7855   3.260229      98.63     0.0177     2.7249     2.4030  33.830486  3.7814589   48.34738  -46.58291    34.8741    34.8735     3.7292     3.7293    27.7141    27.7135    6.55107    6.53939         37 0.0000e+00
      29744   1239.292    772.000     3.7857   3.260325     3.7854   3.260253      79.46     0.0166     2.7248     2.4029  33.830299  3.7814407   48.34738  -46.58290    34.8740    34.8734     3.7294     3.7291    27.7139    27.7135    6.54860    6.55245         43 0.0000e+00
      29778   1240.702    773.000     3.7858   3.260404     3.7853   3.260301      93.97     0.0201     2.7240     2.4034  33.833305  3.7814407   48.34738  -46.58290    34.8742    34.8736     3.7295     3.7289    27.7141    27.7136    6.54471    6.54455         26 0.0000e+00
      29798   1241.559    774.000     3.7867   3.260558     3.7864   3.260475      98.61     0.0168     2.7237     2.4025  33.835564  3.7814407   48.34738  -46.58290    34.8746    34.8740     3.7302     3.7299    27.7144    27.7139    6.54362    6.53756         18 0.0000e+00
      29815   1242.251    775.000     3.7862   3.260574     3.7859   3.260483      98.63     0.0175     2.7231     2.4022  33.831009  3.7814407   48.34738  -46.58290    34.8748    34.8741     3.7297     3.7293    27.7145    27.7140    6.54259    6.54310         15 0.0000e+00
      29830   1242.891    776.000     3.7860   3.260597     3.7857   3.260514      98.64     0.0163     2.7229     2.4019  33.838776  3.7814407   48.34739  -46.58290    34.8747    34.8741     3.7294     3.7291    27.7145    27.7141    6.54308    6.54652         16 0.0000e+00
      29847   1243.563    777.000     3.7857   3.260612     3.7855   3.260538      98.63     0.0167     2.7222     2.4022  33.837994  3.7814407   48.34740  -46.58290    34.8748    34.8741     3.7290     3.7288    27.7146    27.7141    6.54038    6.54685         17 0.0000e+00
      29865   1244.351    778.000     3.7854   3.260633     3.7851   3.260554      98.63     0.0167     2.7220     2.4017  33.834064  3.7814407   48.34740  -46.58290    34.8748    34.8741     3.7286     3.7284    27.7147    27.7141    6.54103    6.54234         21 0.0000e+00
      29892   1245.474    779.000     3.7851   3.260651     3.7847   3.260565      98.63     0.0174     2.7212     2.4012  33.831776  3.7814407   48.34740  -46.58290    34.8748    34.8742     3.7282     3.7279    27.7147    27.7142    6.54508    6.54061         33 0.0000e+00
      29926   1246.860    780.000     3.7850   3.260710     3.7847   3.260639      86.19     0.0119     2.7208     2.4005  33.822891  3.7814407   48.34740  -46.58290    34.8751    34.8745     3.7281     3.7278    27.7149    27.7145    6.54079    6.54422         30 0.0000e+00
      29952   1247.962    781.000     3.7851   3.260768     3.7848   3.260689      47.33     0.0123     2.7201     2.4006  33.825943  3.7814407   48.34740  -46.58290    34.8752    34.8745     3.7281     3.7278    27.7150    27.7145    6.53735    6.55040         25 0.0000e+00
      29978   1249.031    782.000     3.7853   3.260832     3.7850   3.260753      98.12     0.0123     2.7197     2.4010  33.831177  3.7821569   48.34740  -46.58290    34.8752    34.8745     3.7282     3.7279    27.7150    27.7145    6.54373    6.55084         27 0.0000e+00
      30006   1250.189    783.000     3.7855   3.260895     3.7852   3.260824      91.71     0.0136     2.7190     2.4009  33.831230  3.7814264   48.34740  -46.58290    34.8752    34.8746     3.7283     3.7281    27.7150    27.7146    6.53375    6.54436         27 0.0000e+00
      30030   1251.196    784.000     3.7856   3.260952     3.7853   3.260894      92.16     0.0180     2.7183     2.4000  33.832848  3.7814407   48.34740  -46.58290    34.8753    34.8748     3.7283     3.7302    27.7151    27.7147    6.53952    6.53069         22 0.0000e+00
      30050   1252.030    785.000     3.7857   3.261015     3.7854   3.260936      98.70     0.0217     2.7181     2.3985  33.827377  3.7814407   48.34742  -46.58290    34.8754    34.8747     3.7284     3.7281    27.7152    27.7147    6.53819    6.52848         18 0.0000e+00
      30068   1252.799    786.000     3.7858   3.261086     3.7856   3.261006      98.63     0.0173     2.7177     2.3980  33.852173  3.7814407   48.34742  -46.58290    34.8755    34.8748     3.7284     3.7282    27.7153    27.7147    6.53313    6.53331         19 0.0000e+00
      30088   1253.612    787.000     3.7863   3.261182     3.7859   3.261095      98.63     0.0147     2.7167     2.3975  33.846592  3.7814407   48.34742  -46.58290    34.8757    34.8750     3.7288     3.7285    27.7154    27.7149    6.53325    6.53393         21 0.0000e+00
      30111   1254.579    788.000     3.7872   3.261336     3.7867   3.261224      98.63     0.0169     2.7164     2.3971  33.856598  3.7814407   48.34742  -46.58290    34.8760    34.8753     3.7297     3.7291    27.7155    27.7150    6.53660    6.53665         26 0.0000e+00
      30141   1255.817    789.000     3.7888   3.261593     3.7886   3.261531      98.64     0.0177     2.7159     2.3970  33.857754  3.7817626   48.34742  -46.58290    34.8769    34.8763     3.7312     3.7310    27.7161    27.7156    6.53306    6.54142         31 0.0000e+00
      30169   1256.980    790.000     3.7887   3.261644     3.7883   3.261562      98.64     0.0120     2.7151     2.3970  33.838482  3.7818329   48.34742  -46.58290    34.8770    34.8765     3.7310     3.7306    27.7162    27.7158    6.52725    6.53537         25 0.0000e+00
      30190   1257.879    791.000     3.7887   3.261703     3.7884   3.261622      87.78     0.0126     2.7141     2.3961  33.838829  3.7819555   48.34742  -46.58290    34.8773    34.8766     3.7309     3.7306    27.7164    27.7159    6.52608    6.52946         19 0.0000e+00
      30209   1258.678    792.000     3.7888   3.261764     3.7885   3.261676      58.13     0.0125     2.7138     2.3957  33.857594  3.7882090   48.34742  -46.58290    34.8774    34.8766     3.7309     3.7306    27.7165    27.7159    6.53377    6.53221         19 0.0000e+00
      30229   1259.519    793.000     3.7888   3.261804     3.7886   3.261734      98.57     0.0118     2.7132     2.3953  33.862133  3.7876575   48.34742  -46.58290    34.8772    34.8766     3.7309     3.7307    27.7164    27.7159    6.52575    6.52647         22 0.0000e+00
      30257   1260.668    794.000     3.7891   3.261859     3.7888   3.261781      98.64     0.0131     2.7128     2.3940  33.860649  3.7867742   48.34742  -46.58290    34.8772    34.8765     3.7310     3.7307    27.7163    27.7158    6.53219    6.52479         35 0.0000e+00
      30294   1262.204    795.000     3.7892   3.261916     3.7889   3.261846      98.64     0.0133     2.7121     2.3932  33.858860  3.7885842   48.34743  -46.58290    34.8771    34.8766     3.7311     3.7308    27.7163    27.7159    6.52595    6.52594         32 0.0000e+00
      30318   1263.221    796.000     3.7893   3.261976     3.7890   3.261901      98.63     0.0139     2.7115     2.3927  33.860107  3.7912943   48.34744  -46.58290    34.8773    34.8767     3.7310     3.7308    27.7164    27.7159    6.52645    6.52831         20 0.0000e+00
      30336   1263.950    797.000     3.7893   3.262025     3.7891   3.261957      98.64     0.0124     2.7114     2.3927  33.861752  3.7905879   48.34744  -46.58290    34.8773    34.8767     3.7310     3.7308    27.7164    27.7160    6.53245    6.53165         16 0.0000e+00
      30351   1264.586    798.000     3.7894   3.262074     3.7891   3.262005      98.64     0.0133     2.7113     2.3926  33.864235  3.7912109   48.34744  -46.58290    34.8773    34.8768     3.7310     3.7307    27.7164    27.7161    6.53040    6.53074         15 0.0000e+00
      30366   1265.197    799.000     3.7894   3.262131     3.7892   3.262061      98.64     0.0141     2.7108     2.3925  33.859428  3.7912087   48.34744  -46.58290    34.8774    34.8769     3.7310     3.7307    27.7165    27.7161    6.52981    6.53068         15 0.0000e+00
      30382   1265.859    800.000     3.7895   3.262181     3.7892   3.262113      52.88     0.0158     2.7108     2.3924  33.862038  3.7912087   48.34744  -46.58290    34.8774    34.8769     3.7310     3.7307    27.7165    27.7161    6.52278    6.53321         17 0.0000e+00
      30405   1266.825    801.000     3.7896   3.262231     3.7893   3.262158      70.61     0.0178     2.7096     2.3923  33.881363  3.7877004   48.34744  -46.58290    34.8774    34.8769     3.7310     3.7307    27.7165    27.7161    6.52080    6.52997         33 0.0000e+00
      30450   1268.702    802.000     3.7897   3.262288     3.7894   3.262204      96.51     0.0180     2.7082     2.3916  33.876743  3.7853796   48.34744  -46.58290    34.8774    34.8767     3.7311     3.7307    27.7165    27.7160    6.51571    6.53107         42 0.0000e+00
      30477   1269.841    803.000     3.7897   3.262360     3.7894   3.262287      92.02     0.0205     2.7067     2.3914  33.867935  3.7840724   48.34744  -46.58290    34.8778    34.8772     3.7309     3.7307    27.7168    27.7163    6.50941    6.52438         22 0.0000e+00
      30498   1270.715    804.000     3.7897   3.262428     3.7895   3.262347      98.68     0.0196     2.7056     2.3906  33.861107  3.7898543   48.34744  -46.58290    34.8780    34.8773     3.7309     3.7306    27.7170    27.7165    6.51536    6.51774         21 0.0000e+00
      30520   1271.607    805.000     3.7896   3.262487     3.7893   3.262413      98.63     0.0203     2.7058     2.3895  33.858627  3.7911820   48.34744  -46.58289    34.8783    34.8777     3.7307     3.7304    27.7172    27.7168    6.51718    6.51348         23 0.0000e+00
      30545   1272.658    806.000     3.7888   3.262548     3.7886   3.262467      98.63     0.0144     2.7046     2.3884  33.882038  3.7901328   48.34744  -46.58288    34.8794    34.8786     3.7298     3.7313    27.7182    27.7176    6.51217    6.51289         27 0.0000e+00
      30570   1273.713    807.000     3.7884   3.262590     3.7881   3.262509      98.63     0.0123     2.7039     2.3875  33.887577  3.7894154   48.34744  -46.58288    34.8798    34.8792     3.7293     3.7290    27.7185    27.7181    6.50935    6.51249         22 0.0000e+00
      30590   1274.529    808.000     3.7883   3.262630     3.7881   3.262560      98.64     0.0152     2.7036     2.3868  33.890957  3.7906783   48.34744  -46.58288    34.8798    34.8793     3.7292     3.7289    27.7186    27.7182    6.51323    6.51391         18 0.0000e+00
      30606   1275.221    809.000     3.7883   3.262676     3.7881   3.262595      85.30     0.0129     2.7029     2.3866  33.888306  3.7893918   48.34744  -46.58288    34.8798    34.8792     3.7291     3.7288    27.7186    27.7181    6.51488    6.51616         16 0.0000e+00
      30623   1275.896    810.000     3.7884   3.262731     3.7880   3.262646      90.33     0.0126     2.7029     2.3864  33.885452  3.7894819   48.34744  -46.58288    34.8799    34.8793     3.7290     3.7287    27.7187    27.7182    6.51564    6.51370         17 0.0000e+00
      30642   1276.695    811.000     3.7884   3.262769     3.7880   3.262691      98.29     0.0146     2.7024     2.3857  33.895649  3.7864587   48.34744  -46.58288    34.8799    34.8793     3.7290     3.7286    27.7187    27.7182    6.51453    6.51273         22 0.0000e+00
      30677   1278.152    812.000     3.7886   3.262815     3.7882   3.262743      98.63     0.0157     2.7016     2.3851  33.893719  3.7847817   48.34744  -46.58288    34.8796    34.8792     3.7291     3.7287    27.7185    27.7182    6.50640    6.51184         47 0.0000e+00
      30714   1279.717    813.000     3.7887   3.262883     3.7884   3.262804      98.63     0.0159     2.7006     2.3841  33.889683  3.7817326   48.34744  -46.58288    34.8798    34.8792     3.7292     3.7289    27.7186    27.7181    6.51077    6.50918         25 0.0000e+00
      30735   1280.595    814.000     3.7886   3.262932     3.7884   3.262852      98.64     0.0165     2.7002     2.3837  33.895191  3.7887268   48.34744  -46.58288    34.8800    34.8793     3.7290     3.7287    27.7187    27.7182    6.51120    6.50678         19 0.0000e+00
      30753   1281.326    815.000     3.7886   3.262980     3.7883   3.262902      87.38     0.0135     2.6999     2.3832  33.895706  3.7911832   48.34744  -46.58288    34.8801    34.8794     3.7289     3.7286    27.7188    27.7183    6.51181    6.51118         17 0.0000e+00
