data/CTD/2014/CNV/d017a020.cnv
* Sea-Bird SBE 9 Data File:
* FileName = C:\CTD_ACQUISITION\2014017HUD\017A020.hdr
* Software Version Seasave V 7.23.1
* Temperature SN = 5081
* Conductivity SN = 3561
* Number of Bytes Per Scan = 37
* Number of Voltage Words = 4
* Number of Scans Averaged by the Deck Unit = 1
* NMEA Latitude = 53 08.99 N
* NMEA Longitude = 050 44.43 W
* NMEA UTC (Time) = Jul 05 2014 00:39:02
* NMEA baud rate = 9600
** Ship: Hudson
** Cruise: HUD2014017
** Chief_Scientist: Blair Greenan
** Organization: BIO
** Area_of_Operation: Sackville Spur
** Station: 020
** Sounding:  3070
** Event_Comments: K9, 403105
** Windows 7 Test
# nquan = 25
# nvalues = 502                         
# units = specified
# name 0 = scan: Scan Count
# name 1 = timeS: Time, Elapsed [seconds]
# name 2 = prDM: Pressure, Digiquartz [db]
# name 3 = t068C: Temperature [ITS-68, deg C]
# name 4 = c0S/m: Conductivity [S/m]
# name 5 = t168C: Temperature, 2 [ITS-68, deg C]
# name 6 = c1S/m: Conductivity, 2 [S/m]
# name 7 = altM: Altimeter [m]
# name 8 = flC: Fluorescence, Chelsea Aqua 3 Chl Con [ug/l]
# name 9 = sbeox0V: Oxygen raw, SBE 43 [V]
# name 10 = sbeox1V: Oxygen raw, SBE 43, 2 [V]
# name 11 = upoly0: Upoly 0, Optode 4330F - O2 D-Phase
# name 12 = upoly1: Upoly 1, Optode 4330F - O2 Temp
# name 13 = latitude: Latitude [deg]
# name 14 = longitude: Longitude [deg]
# name 15 = sal00: Salinity, Practical [PSU]
# name 16 = sal11: Salinity, Practical, 2 [PSU]
# name 17 = potemp068C: Potential Temperature [ITS-68, deg C]
# name 18 = potemp168C: Potential Temperature, 2 [ITS-68, deg C]
# name 19 = sigma-é00: Density [sigma-theta, Kg/m^3]
# name 20 = sigma-é11: Density, 2 [sigma-theta, Kg/m^3]
# name 21 = sbeox0ML/L: Oxygen, SBE 43 [ml/l], WS = 2
# name 22 = sbeox1ML/L: Oxygen, SBE 43, 2 [ml/l], WS = 2
# name 23 = nbin: number of scans per bin
# name 24 = flag: flag
# span 0 =       8298,      24224       
# span 1 =    345.699,   1009.294       
# span 2 =      2.000,    503.000       
# span 3 =     3.4052,     8.8861       
# span 4 =   3.186001,   3.654094       
# span 5 =     3.4049,     8.8897       
# span 6 =   3.185920,   3.654160       
# span 7 =      32.98,     103.20       
# span 8 =     0.0082,     0.2601       
# span 9 =     2.8266,     3.4312       
# span 10 =     2.4969,     3.0104      
# span 11 =  30.033924,  33.574715      
# span 12 =  2.7212594,  8.8954353      
# span 13 =   53.15044,   53.15078      
# span 14 =  -50.73893,  -50.73539      
# span 15 =    34.4761,    34.8635      
# span 16 =    34.4728,    34.8628      
# span 17 =     3.3978,     8.8858      
# span 18 =     3.3975,     8.8894      
# span 19 =    26.7265,    27.7157      
# span 20 =    26.7241,    27.7153      
# span 21 =    6.61907,    7.28777      
# span 22 =    6.65482,    7.28225      
# span 23 =         11,         97      
# span 24 = 0.0000e+00, 0.0000e+00      
# interval = decibars: 1                
# start_time = Jul 05 2014 00:39:02 [NMEA time, header]
# bad_flag = -9.990e-29
*END*
[from data line 348]
      19500    812.470    350.000     3.4847   3.210981     3.4844   3.210912      98.64     0.0238     2.9204     2.5802  33.314583  2.7325621   53.15070  -50.73636    34.8288    34.8283     3.4612     3.4609    27.7047    27.7043    6.80009    6.82790         18 0.0000e+00
      19519    813.250    351.000     3.4855   3.211124     3.4855   3.211074      98.63     0.0237     2.9204     2.5796  33.315006  2.7765431   53.15070  -50.73636    34.8290    34.8285     3.4620     3.4619    27.7048    27.7043    6.79816    6.83030         20 0.0000e+00
      19542    814.207    352.000     3.4866   3.211281     3.4865   3.211218      98.64     0.0229     2.9195     2.5787  33.305931  2.7386823   53.15070  -50.73636    34.8293    34.8286     3.4629     3.4628    27.7048    27.7044    6.79793    6.82046         26 0.0000e+00
      19569    815.319    353.000     3.4889   3.211568     3.4886   3.211491      98.64     0.0230     2.9193     2.5766  33.296467  2.7695007   53.15070  -50.73634    34.8297    34.8291     3.4652     3.4649    27.7050    27.7045    6.79800    6.80804         25 0.0000e+00
      19592    816.279    354.000     3.4933   3.212060     3.4926   3.211957      97.93     0.0197     2.9185     2.5752  33.297421  2.7324102   53.15070  -50.73634    34.8304    34.8299     3.4695     3.4688    27.7051    27.7048    6.79435    6.81522         21 0.0000e+00
      19611    817.085    355.000     3.4967   3.212464     3.4956   3.212299      58.66     0.0160     2.9181     2.5748  33.296703  2.7635539   53.15070  -50.73634    34.8310    34.8303     3.4728     3.4717    27.7053    27.7048    6.79291    6.81416         19 0.0000e+00
      19629    817.839    356.000     3.4987   3.212708     3.4971   3.212505      97.88     0.0176     2.9174     2.5740  33.297501  2.7628670   53.15070  -50.73633    34.8314    34.8306     3.4747     3.4731    27.7054    27.7049    6.79131    6.81350         18 0.0000e+00
      19648    818.629    357.000     3.4988   3.212784     3.4982   3.212678      98.64     0.0190     2.9170     2.5737  33.296722  2.7373130   53.15070  -50.73632    34.8315    34.8310     3.4748     3.4741    27.7055    27.7051    6.79095    6.82454         20 0.0000e+00
      19671    819.589    358.000     3.4996   3.212901     3.4995   3.212842      98.64     0.0169     2.9164     2.5744  33.296703  2.7746241   53.15070  -50.73632    34.8316    34.8310     3.4755     3.4754    27.7055    27.7050    6.78943    6.82563         27 0.0000e+00
      19704    820.975    359.000     3.4998   3.212951     3.4997   3.212895      98.63     0.0172     2.9150     2.5736  33.303921  2.7582219   53.15070  -50.73632    34.8314    34.8309     3.4756     3.4755    27.7053    27.7049    6.78477    6.81494         37 0.0000e+00
      19738    822.367    360.000     3.5005   3.213069     3.5003   3.213008      98.63     0.0203     2.9138     2.5728  33.298595  2.7451704   53.15070  -50.73630    34.8315    34.8310     3.4763     3.4761    27.7053    27.7050    6.78168    6.81412         28 0.0000e+00
      19761    823.335    361.000     3.5020   3.213280     3.5014   3.213180      98.63     0.0203     2.9129     2.5723  33.298096  2.7856379   53.15070  -50.73630    34.8320    34.8314     3.4777     3.4771    27.7056    27.7052    6.76937    6.80983         21 0.0000e+00
      19781    824.162    362.000     3.5055   3.213684     3.5053   3.213627      83.91     0.0195     2.9105     2.5712  33.300545  2.7513700   53.15070  -50.73630    34.8325    34.8321     3.4811     3.4808    27.7056    27.7054    6.76568    6.80084         19 0.0000e+00
      19801    825.016    363.000     3.5057   3.213752     3.5067   3.213813      43.51     0.0145     2.9100     2.5701  33.307316  2.7663610   53.15070  -50.73630    34.8326    34.8323     3.4812     3.4822    27.7058    27.7054    6.76916    6.80158         22 0.0000e+00
      19824    825.943    364.000     3.5115   3.214367     3.5109   3.214283      98.95     0.0158     2.9085     2.5694  33.307358  2.7660093   53.15070  -50.73630    34.8333    34.8329     3.4869     3.4864    27.7057    27.7054    6.76804    6.80593         22 0.0000e+00
      19845    826.837    365.000     3.5120   3.214458     3.5115   3.214343      98.63     0.0173     2.9080     2.5691  33.315231  2.7560160   53.15070  -50.73630    34.8332    34.8325     3.4874     3.4868    27.7056    27.7051    6.76812    6.80867         20 0.0000e+00
      19864    827.621    366.000     3.5114   3.214448     3.5111   3.214377      91.17     0.0177     2.9071     2.5692  33.317097  2.7890513   53.15070  -50.73629    34.8332    34.8327     3.4867     3.4864    27.7057    27.7053    6.77188    6.81538         18 0.0000e+00
      19881    828.325    367.000     3.5160   3.214969     3.5161   3.214961      95.72     0.0145     2.9072     2.5695  33.315681  2.7459204   53.15070  -50.73628    34.8340    34.8338     3.4912     3.4913    27.7059    27.7057    6.77721    6.81574         17 0.0000e+00
      19897    829.013    368.000     3.5215   3.215564     3.5233   3.215725      98.60     0.0102     2.9075     2.5697  33.316837  2.7701750   53.15070  -50.73628    34.8347    34.8348     3.4966     3.4984    27.7059    27.7058    6.77225    6.81228         16 0.0000e+00
      19915    829.767    369.000     3.5244   3.215893     3.5243   3.215834      98.63     0.0122     2.9065     2.5694  33.315758  2.7860076   53.15070  -50.73628    34.8352    34.8344     3.4994     3.4994    27.7060    27.7054    6.76972    6.79976         20 0.0000e+00
      19940    830.800    370.000     3.5228   3.215771     3.5227   3.215711      98.64     0.0166     2.9060     2.5672  33.312408  2.7652862   53.15070  -50.73627    34.8348    34.8342     3.4977     3.4977    27.7059    27.7054    6.76027    6.78544         31 0.0000e+00
      19975    832.267    371.000     3.5210   3.215631     3.5220   3.215673      98.63     0.0135     2.9033     2.5652  33.315750  2.7695851   53.15070  -50.73626    34.8345    34.8340     3.4959     3.4969    27.7058    27.7053    6.74930    6.79155         37 0.0000e+00
      20010    833.719    372.000     3.5207   3.215653     3.5206   3.215602      98.63     0.0165     2.9015     2.5641  33.318928  2.7905793   53.15070  -50.73624    34.8346    34.8340     3.4955     3.4961    27.7059    27.7055    6.75632    6.78846         33 0.0000e+00
      20040    834.973    373.000     3.5223   3.215894     3.5223   3.215846      88.55     0.0197     2.9005     2.5630  33.322735  2.7776062   53.15070  -50.73624    34.8352    34.8346     3.4971     3.4970    27.7062    27.7058    6.75266    6.78677         26 0.0000e+00
      20063    835.905    374.000     3.5283   3.216563     3.5273   3.216448      66.76     0.0206     2.8998     2.5624  33.320545  2.7943459   53.15070  -50.73624    34.8363    34.8359     3.5030     3.5020    27.7065    27.7063    6.74899    6.78746         19 0.0000e+00
      20080    836.631    375.000     3.5315   3.216938     3.5322   3.216997      98.87     0.0169     2.8988     2.5620  33.327785  2.7491517   53.15070  -50.73624    34.8369    34.8368     3.5060     3.5068    27.7067    27.7065    6.74783    6.78668         17 0.0000e+00
      20096    837.284    376.000     3.5352   3.217368     3.5356   3.217367      98.63     0.0151     2.8990     2.5618  33.326992  2.8033254   53.15070  -50.73624    34.8375    34.8371     3.5097     3.5101    27.7068    27.7065    6.74591    6.78077         15 0.0000e+00
      20111    837.926    377.000     3.5352   3.217421     3.5360   3.217441      98.63     0.0130     2.8976     2.5608  33.327824  2.7842474   53.15070  -50.73623    34.8376    34.8369     3.5096     3.5105    27.7069    27.7063    6.73952    6.77601         16 0.0000e+00
      20129    838.647    378.000     3.5375   3.217691     3.5358   3.217475      98.64     0.0147     2.8966     2.5602  33.326057  2.7570543   53.15070  -50.73622    34.8379    34.8371     3.5118     3.5101    27.7069    27.7064    6.74419    6.77648         19 0.0000e+00
      20155    839.755    379.000     3.5399   3.217969     3.5400   3.217927      98.63     0.0183     2.8960     2.5591  33.329102  2.7913935   53.15070  -50.73622    34.8380    34.8375     3.5142     3.5142    27.7068    27.7064    6.74254    6.77682         36 0.0000e+00
      20190    841.227    380.000     3.5417   3.218184     3.5424   3.218204      98.63     0.0184     2.8954     2.5586  33.341164  2.8040888   53.15070  -50.73622    34.8382    34.8377     3.5159     3.5166    27.7068    27.7063    6.75278    6.78072         29 0.0000e+00
      20214    842.207    381.000     3.5427   3.218336     3.5425   3.218282      98.63     0.0212     2.8959     2.5585  33.349625  2.7807589   53.15070  -50.73620    34.8384    34.8379     3.5168     3.5167    27.7068    27.7065    6.75848    6.78548         20 0.0000e+00
      20232    842.959    382.000     3.5431   3.218430     3.5427   3.218348      61.69     0.0199     2.8964     2.5587  33.355316  2.7977514   53.15070  -50.73620    34.8386    34.8380     3.5171     3.5168    27.7070    27.7065    6.76182    6.78994         17 0.0000e+00
      20248    843.635    383.000     3.5432   3.218487     3.5431   3.218422      38.96     0.0214     2.8966     2.5591  33.355312  2.8249426   53.15070  -50.73620    34.8386    34.8380     3.5172     3.5170    27.7069    27.7065    6.76063    6.79663         16 0.0000e+00
      20265    844.325    384.000     3.5433   3.218533     3.5430   3.218451      97.94     0.0204     2.8970     2.5601  33.348495  2.7753415   53.15070  -50.73620    34.8385    34.8378     3.5172     3.5169    27.7069    27.7064    6.75984    6.80203         17 0.0000e+00
      20284    845.117    385.000     3.5426   3.218512     3.5426   3.218442      98.63     0.0173     2.8974     2.5605  33.349930  2.8070149   53.15070  -50.73620    34.8385    34.8376     3.5164     3.5164    27.7069    27.7063    6.76558    6.79953         22 0.0000e+00
      20312    846.290    386.000     3.5336   3.217664     3.5345   3.217674      91.75     0.0175     2.8979     2.5610  33.360813  2.7912076   53.15070  -50.73618    34.8374    34.8365     3.5074     3.5083    27.7069    27.7062    6.76846    6.80531         36 0.0000e+00
      20350    847.894    387.000     3.5268   3.217026     3.5267   3.216963      98.93     0.0171     2.8989     2.5630  33.371189  2.8043599   53.15070  -50.73618    34.8364    34.8357     3.5006     3.5005    27.7068    27.7063    6.77842    6.82526         35 0.0000e+00
      20379    849.099    388.000     3.5245   3.216857     3.5246   3.216823      98.64     0.0159     2.8999     2.5650  33.370567  2.7992153   53.15071  -50.73616    34.8363    34.8357     3.4982     3.4983    27.7070    27.7065    6.78627    6.82921         24 0.0000e+00
      20401    849.999    389.000     3.5240   3.216874     3.5243   3.216834      98.63     0.0148     2.9013     2.5659  33.370701  2.7967713   53.15072  -50.73616    34.8365    34.8357     3.4976     3.4979    27.7072    27.7065    6.78511    6.82395         20 0.0000e+00
      20420    850.806    390.000     3.5191   3.216445     3.5190   3.216340      98.64     0.0134     2.9012     2.5659  33.369953  2.7807183   53.15072  -50.73616    34.8360    34.8349     3.4927     3.4926    27.7073    27.7064    6.78226    6.82015         19 0.0000e+00
      20439    851.575    391.000     3.5086   3.215440     3.5096   3.215443      98.63     0.0137     2.9014     2.5658  33.369965  2.8138580   53.15071  -50.73616    34.8347    34.8336     3.4821     3.4831    27.7073    27.7063    6.79339    6.81981         18 0.0000e+00
      20457    852.332    392.000     3.5030   3.214926     3.5032   3.214859      98.63     0.0153     2.9029     2.5656  33.366886  2.7636280   53.15070  -50.73616    34.8339    34.8328     3.4765     3.4767    27.7072    27.7064    6.79816    6.81642         19 0.0000e+00
      20476    853.115    393.000     3.4993   3.214601     3.4985   3.214461      98.64     0.0168     2.9029     2.5647  33.361553  2.7954752   53.15070  -50.73616    34.8334    34.8325     3.4727     3.4719    27.7072    27.7066    6.78340    6.81789         19 0.0000e+00
      20497    853.995    394.000     3.4964   3.214349     3.4970   3.214343      64.62     0.0168     2.9019     2.5648  33.364849  2.7826355   53.15070  -50.73616    34.8329    34.8322     3.4697     3.4703    27.7071    27.7065    6.78803    6.82453         23 0.0000e+00
      20522    855.034    395.000     3.4923   3.213995     3.4915   3.213842      94.94     0.0166     2.9021     2.5648  33.369926  2.7735937   53.15070  -50.73615    34.8325    34.8316     3.4656     3.4648    27.7072    27.7065    6.78781    6.82516         27 0.0000e+00
      20548    856.130    396.000     3.4904   3.213857     3.4905   3.213804      98.65     0.0200     2.9021     2.5644  33.369965  2.7631788   53.15071  -50.73614    34.8322    34.8316     3.4637     3.4637    27.7072    27.7066    6.79593    6.82553         25 0.0000e+00
      20571    857.069    397.000     3.4856   3.213453     3.4859   3.213407      98.63     0.0194     2.9025     2.5647  33.369965  2.7700102   53.15072  -50.73614    34.8320    34.8312     3.4588     3.4590    27.7075    27.7068    6.79738    6.83172         20 0.0000e+00
      20590    857.872    398.000     3.4859   3.213534     3.4858   3.213474      98.64     0.0181     2.9018     2.5647  33.369965  2.7763374   53.15072  -50.73613    34.8322    34.8315     3.4590     3.4589    27.7076    27.7071    6.78697    6.82957         19 0.0000e+00
      20609    858.665    399.000     3.4854   3.213554     3.4851   3.213461      98.63     0.0181     2.9019     2.5647  33.362133  2.7430825   53.15072  -50.73612    34.8324    34.8317     3.4585     3.4581    27.7078    27.7072    6.79950    6.83171         20 0.0000e+00
      20632    859.627    400.000     3.4844   3.213511     3.4843   3.213432      98.63     0.0185     2.9023     2.5648  33.365543  2.7723489   53.15072  -50.73612    34.8324    34.8316     3.4574     3.4572    27.7079    27.7073    6.79789    6.83057         28 0.0000e+00
      20668    861.106    401.000     3.4843   3.213524     3.4843   3.213475      84.95     0.0152     2.9015     2.5643  33.356968  2.7581284   53.15072  -50.73612    34.8321    34.8316     3.4572     3.4572    27.7077    27.7073    6.78762    6.82923         38 0.0000e+00
      20699    862.410    402.000     3.4840   3.213541     3.4837   3.213479      53.28     0.0158     2.9007     2.5645  33.358269  2.7364626   53.15072  -50.73612    34.8322    34.8316     3.4568     3.4566    27.7078    27.7074    6.79257    6.83552         25 0.0000e+00
      20719    863.268    403.000     3.4848   3.213699     3.4836   3.213543      99.57     0.0166     2.9004     2.5644  33.361412  2.7802486   53.15072  -50.73612    34.8326    34.8320     3.4576     3.4564    27.7080    27.7077    6.79500    6.83248         17 0.0000e+00
      20736    863.953    404.000     3.4861   3.213890     3.4854   3.213771      98.64     0.0201     2.9011     2.5644  33.361732  2.7590127   53.15072  -50.73610    34.8330    34.8323     3.4587     3.4581    27.7083    27.7077    6.79784    6.83535         16 0.0000e+00
      20752    864.610    405.000     3.4873   3.214059     3.4868   3.213966      92.35     0.0204     2.9007     2.5647  33.358025  2.7212594   53.15071  -50.73610    34.8332    34.8326     3.4599     3.4594    27.7083    27.7079    6.79584    6.83869         16 0.0000e+00
      20769    865.349    406.000     3.4879   3.214169     3.4875   3.214069      89.34     0.0151     2.9007     2.5647  33.358776  2.7775671   53.15070  -50.73610    34.8333    34.8325     3.4605     3.4601    27.7083    27.7077    6.79930    6.83611         21 0.0000e+00
