data/CTD/2014/CNV/d017a037.cnv
* Sea-Bird SBE 9 Data File:
* FileName = C:\CTD_ACQUISITION\2014017HUD\ctddata\017A037.hdr
* Software Version Seasave V 7.22.2
* Temperature SN = 5081
* Conductivity SN = 3561
* Number of Bytes Per Scan = 37
* Number of Voltage Words = 4
* Number of Scans Averaged by the Deck Unit = 1
* NMEA Latitude = 48 23.51 N
* NMEA Longitude = 046 37.86 W
* NMEA UTC (Time) = Jul 09 2014 22:08:37
* NMEA baud rate = 9600
** Ship: Hudson
** Cruise: HUD2014017
** Chief_Scientist: Blair Greenan
** Organization: BIO
** Area_of_Operation: Sackville Spur
** Station: 037
** Sounding:  1815
** Event_Comments: SS_09, 403209
# nquan = 25
# nvalues = 1850                        
# units = specified
# name 0 = scan: Scan Count
# name 1 = timeS: Time, Elapsed [seconds]
# name 2 = prDM: Pressure, Digiquartz [db]
# name 3 = t068C: Temperature [ITS-68, deg C]
# name 4 = c0S/m: Conductivity [S/m]
# name 5 = t168C: Temperature, 2 [ITS-68, deg C]
# name 6 = c1S/m: Conductivity, 2 [S/m]
# name 7 = altM: Altimeter [m]
# name 8 = flC: Fluorescence, Chelsea Aqua 3 Chl Con [ug/l]
# name 9 = sbeox0V: Oxygen raw, SBE 43 [V]
# name 10 = sbeox1V: Oxygen raw, SBE 43, 2 [V]
# name 11 = upoly0: Upoly 0, Optode 4330F - O2 D-Phase
# name 12 = upoly1: Upoly 1, Optode 4330F - O2 Temp
# name 13 = latitude: Latitude [deg]
# name 14 = longitude: Longitude [deg]
# name 15 = sal00: Salinity, Practical [PSU]
# name 16 = sal11: Salinity, Practical, 2 [PSU]
# name 17 = potemp068C: Potential Temperature [ITS-68, deg C]
# name 18 = potemp168C: Potential Temperature, 2 [ITS-68, deg C]
# name 19 = sigma-é00: Density [sigma-theta, Kg/m^3]
# name 20 = sigma-é11: Density, 2 [sigma-theta, Kg/m^3]
# name 21 = sbeox0ML/L: Oxygen, SBE 43 [ml/l], WS = 2
# name 22 = sbeox1ML/L: Oxygen, SBE 43, 2 [ml/l], WS = 2
# name 23 = nbin: number of scans per bin
# name 24 = flag: flag
# span 0 =       6101,      58553       
# span 1 =    254.164,   2439.668       
# span 2 =      2.000,   1851.000       
# span 3 =    -1.2472,     7.8351       
# span 4 =   2.674266,   3.403371       
# span 5 =    -1.2480,     7.8337       
# span 6 =   2.674173,   3.403212       
# span 7 =       1.45,     107.05       
# span 8 =     0.0083,     2.9084       
# span 9 =     2.3359,     3.6497       
# span 10 =     2.0656,     3.2200      
# span 11 =  30.160158,  35.161747      
# span 12 = -1.0145725,  7.4672565      
# span 13 =   48.39210,   48.39326      
# span 14 =  -46.62950,  -46.62111      
# span 15 =    32.8219,    34.9165      
# span 16 =    32.8207,    34.9161      
# span 17 =    -1.2479,     7.8348      
# span 18 =    -1.2487,     7.8334      
# span 19 =    25.5888,    27.8097      
# span 20 =    25.5878,    27.8097      
# span 21 =    6.25734,    9.66937      
# span 22 =    6.24307,    9.83027      
# span 23 =         12,        115      
# span 24 = 0.0000e+00, 0.0000e+00      
# interval = decibars: 1                
# start_time = Jul 09 2014 22:08:37 [NMEA time, header]
# bad_flag = -9.990e-29
*END*
[from data line 928]
      34932   1455.463    930.000     3.6321   3.252925     3.6318   3.252843      83.56     0.0140     2.6844     2.3728  33.876453  3.6251526   48.39284  -46.62312    34.8667    34.8660     3.5643     3.5640    27.7247    27.7241    6.58778    6.60459         20 0.0000e+00
      34955   1456.415    931.000     3.6319   3.252957     3.6317   3.252886      76.24     0.0128     2.6845     2.3728  33.877338  3.6251526   48.39285  -46.62312    34.8668    34.8661     3.5640     3.5638    27.7248    27.7243    6.58753    6.60621         27 0.0000e+00
      34987   1457.753    932.000     3.6318   3.253002     3.6315   3.252919      97.20     0.0105     2.6837     2.3729  33.878933  3.6251526   48.39286  -46.62312    34.8669    34.8662     3.5639     3.5636    27.7249    27.7243    6.58771    6.60622         34 0.0000e+00
      35017   1458.993    933.000     3.6320   3.253067     3.6317   3.252984      86.26     0.0173     2.6830     2.3729  33.876575  3.6251526   48.39286  -46.62312    34.8670    34.8663     3.5639     3.5636    27.7249    27.7244    6.58421    6.60723         24 0.0000e+00
      35038   1459.866    934.000     3.6320   3.253114     3.6317   3.253033      98.78     0.0186     2.6826     2.3729  33.868027  3.6251526   48.39286  -46.62312    34.8670    34.8663     3.5639     3.5636    27.7249    27.7245    6.59236    6.60483         20 0.0000e+00
      35056   1460.625    935.000     3.6321   3.253175     3.6318   3.253097      98.63     0.0184     2.6829     2.3726  33.868134  3.6251526   48.39286  -46.62312    34.8670    34.8664     3.5639     3.5636    27.7250    27.7246    6.58860    6.59518         17 0.0000e+00
      35074   1461.357    936.000     3.6322   3.253225     3.6319   3.253146      85.81     0.0152     2.6822     2.3714  33.877934  3.6251526   48.39286  -46.62312    34.8670    34.8664     3.5640     3.5636    27.7250    27.7245    6.58154    6.58795         18 0.0000e+00
      35093   1462.161    937.000     3.6324   3.253270     3.6321   3.253199      92.59     0.0133     2.6819     2.3706  33.880047  3.6251526   48.39286  -46.62312    34.8668    34.8664     3.5640     3.5661    27.7248    27.7245    6.58476    6.58495         22 0.0000e+00
      35121   1463.317    938.000     3.6325   3.253318     3.6322   3.253241      71.65     0.0122     2.6813     2.3691  33.881088  3.6251526   48.39288  -46.62312    34.8668    34.8662     3.5641     3.5639    27.7248    27.7243    6.58929    6.58454         36 0.0000e+00
      35161   1464.987    939.000     3.6326   3.253375     3.6323   3.253298      78.30     0.0140     2.6813     2.3680  33.885159  3.6251526   48.39288  -46.62314    34.8668    34.8663     3.5641     3.5638    27.7248    27.7244    6.58886    6.59404         35 0.0000e+00
      35188   1466.107    940.000     3.6326   3.253417     3.6323   3.253345      99.05     0.0186     2.6812     2.3684  33.888588  3.6251526   48.39288  -46.62314    34.8668    34.8663     3.5640     3.5637    27.7248    27.7245    6.58539    6.60155         23 0.0000e+00
      35209   1466.983    941.000     3.6326   3.253480     3.6322   3.253399      90.39     0.0170     2.6799     2.3686  33.888966  3.6251526   48.39288  -46.62314    34.8671    34.8665     3.5639     3.5636    27.7251    27.7246    6.58375    6.60082         19 0.0000e+00
      35227   1467.736    942.000     3.6325   3.253528     3.6321   3.253452      76.81     0.0148     2.6807     2.3687  33.878979  3.6251526   48.39288  -46.62314    34.8672    34.8667     3.5637     3.5634    27.7252    27.7248    6.59037    6.59943         17 0.0000e+00
      35243   1468.411    943.000     3.6325   3.253586     3.6322   3.253491      99.14     0.0123     2.6798     2.3685  33.880985  3.6251526   48.39288  -46.62314    34.8674    34.8666     3.5637     3.5633    27.7253    27.7247    6.58417    6.59864         16 0.0000e+00
      35258   1469.062    944.000     3.6326   3.253653     3.6322   3.253569      98.63     0.0141     2.6797     2.3685  33.884609  3.6251526   48.39290  -46.62314    34.8676    34.8670     3.5636     3.5633    27.7255    27.7250    6.58841    6.59987         16 0.0000e+00
      35275   1469.756    945.000     3.6327   3.253700     3.6323   3.253623      98.63     0.0128     2.6796     2.3685  33.890793  3.6251526   48.39290  -46.62314    34.8675    34.8670     3.5637     3.5633    27.7254    27.7250    6.58836    6.59835         18 0.0000e+00
      35297   1470.669    946.000     3.6328   3.253749     3.6324   3.253662      85.57     0.0149     2.6792     2.3681  33.887707  3.6251526   48.39290  -46.62314    34.8675    34.8668     3.5637     3.5633    27.7254    27.7249    6.58520    6.59793         28 0.0000e+00
      35341   1472.512    947.000     3.6328   3.253798     3.6324   3.253719      98.27     0.0169     2.6787     2.3680  33.890484  3.6251526   48.39290  -46.62314    34.8676    34.8670     3.5636     3.5633    27.7255    27.7250    6.58701    6.60184         51 0.0000e+00
      35378   1474.060    948.000     3.6330   3.253858     3.6327   3.253778      81.94     0.0221     2.6778     2.3682  33.889034  3.6251526   48.39290  -46.62314    34.8675    34.8669     3.5638     3.5634    27.7254    27.7250    6.58002    6.60382         28 0.0000e+00
      35403   1475.100    949.000     3.6333   3.253919     3.6329   3.253832      70.27     0.0179     2.6773     2.3678  33.892391  3.6273096   48.39290  -46.62314    34.8675    34.8668     3.5640     3.5636    27.7253    27.7248    6.58118    6.59326         23 0.0000e+00
      35423   1475.928    950.000     3.6333   3.253956     3.6329   3.253870      99.00     0.0149     2.6770     2.3671  33.890518  3.6315281   48.39291  -46.62314    34.8674    34.8668     3.5639     3.5635    27.7253    27.7249    6.58014    6.59062         17 0.0000e+00
      35440   1476.609    951.000     3.6334   3.253978     3.6329   3.253925      73.52     0.0148     2.6762     2.3667  33.897488  3.6306407   48.39292  -46.62314    34.8670    34.8669     3.5640     3.5634    27.7249    27.7249    6.57965    6.58934         16 0.0000e+00
      35454   1477.225    952.000     3.6331   3.254016     3.6326   3.253958      97.57     0.0149     2.6762     2.3659  33.901596  3.6272671   48.39292  -46.62314    34.8672    34.8671     3.5636     3.5630    27.7252    27.7251    6.58318    6.58931         14 0.0000e+00
      35469   1477.820    953.000     3.6329   3.254107     3.6325   3.254022      98.65     0.0183     2.6762     2.3659  33.899502  3.6251259   48.39292  -46.62314    34.8680    34.8674     3.5633     3.5629    27.7258    27.7254    6.57595    6.59118         14 0.0000e+00
      35484   1478.444    954.000     3.6330   3.254164     3.6326   3.254074      98.63     0.0186     2.6750     2.3654  33.902962  3.6251526   48.39292  -46.62314    34.8680    34.8674     3.5633     3.5629    27.7259    27.7254    6.56736    6.58907         16 0.0000e+00
      35502   1479.206    955.000     3.6331   3.254216     3.6326   3.254133      87.94     0.0172     2.6742     2.3648  33.901474  3.6251526   48.39292  -46.62314    34.8681    34.8676     3.5633     3.5628    27.7259    27.7256    6.57115    6.58764         22 0.0000e+00
      35551   1481.245    956.000     3.6332   3.254274     3.6329   3.254200      85.10     0.0173     2.6724     2.3626  33.904701  3.6251526   48.39292  -46.62314    34.8682    34.8676     3.5633     3.5630    27.7260    27.7256    6.56676    6.57515         62 0.0000e+00
      35593   1483.013    957.000     3.6332   3.254335     3.6327   3.254250      57.41     0.0176     2.6707     2.3610  33.912224  3.6276391   48.39292  -46.62314    34.8684    34.8679     3.5632     3.5627    27.7262    27.7258    6.57368    6.57875         20 0.0000e+00
      35610   1483.711    958.000     3.6331   3.254375     3.6326   3.254289      98.80     0.0154     2.6716     2.3608  33.913067  3.6336422   48.39292  -46.62313    34.8685    34.8679     3.5630     3.5626    27.7262    27.7259    6.57633    6.58403         15 0.0000e+00
      35625   1484.335    959.000     3.6332   3.254422     3.6327   3.254345      98.63     0.0184     2.6704     2.3608  33.912083  3.6342709   48.39292  -46.62312    34.8684    34.8680     3.5630     3.5626    27.7262    27.7259    6.56594    6.58609         15 0.0000e+00
      35639   1484.927    960.000     3.6331   3.254472     3.6326   3.254382      98.63     0.0174     2.6703     2.3609  33.913116  3.6328521   48.39292  -46.62312    34.8686    34.8680     3.5629     3.5624    27.7263    27.7259    6.56592    6.58539         14 0.0000e+00
      35654   1485.545    961.000     3.6331   3.254539     3.6327   3.254456      74.34     0.0195     2.6699     2.3605  33.913895  3.6253645   48.39292  -46.62312    34.8688    34.8683     3.5628     3.5624    27.7265    27.7262    6.56547    6.58327         16 0.0000e+00
      35672   1486.303    962.000     3.6333   3.254632     3.6328   3.254543      95.16     0.0229     2.6692     2.3605  33.913452  3.6251526   48.39292  -46.62312    34.8693    34.8687     3.5629     3.5624    27.7269    27.7265    6.56487    6.58565         22 0.0000e+00
      35709   1487.822    963.000     3.6335   3.254745     3.6331   3.254653      91.72     0.0162     2.6685     2.3603  33.922565  3.6251526   48.39294  -46.62312    34.8698    34.8692     3.5630     3.5626    27.7273    27.7268    6.56859    6.58289         47 0.0000e+00
      35744   1489.298    964.000     3.6335   3.254786     3.6330   3.254705      93.04     0.0142     2.6679     2.3596  33.916248  3.6251526   48.39292  -46.62312    34.8698    34.8693     3.5629     3.5625    27.7273    27.7270    6.56475    6.58513         24 0.0000e+00
      35766   1490.210    965.000     3.6335   3.254837     3.6332   3.254776      98.64     0.0160     2.6672     2.3598  33.912781  3.6251526   48.39292  -46.62312    34.8699    34.8694     3.5629     3.5626    27.7273    27.7270    6.56349    6.59032         21 0.0000e+00
      35787   1491.083    966.000     3.6345   3.255003     3.6342   3.254963      91.72     0.0189     2.6670     2.3601  33.917667  3.6251526   48.39292  -46.62312    34.8703    34.8701     3.5638     3.5635    27.7276    27.7275    6.56326    6.59367         21 0.0000e+00
      35808   1491.945    967.000     3.6349   3.255105     3.6344   3.255027      82.54     0.0175     2.6663     2.3604  33.925339  3.6251526   48.39294  -46.62312    34.8706    34.8702     3.5641     3.5636    27.7278    27.7275    6.56530    6.58936         20 0.0000e+00
      35827   1492.763    968.000     3.6348   3.255141     3.6344   3.255062      95.53     0.0192     2.6664     2.3599  33.925980  3.6251526   48.39294  -46.62312    34.8706    34.8701     3.5640     3.5635    27.7278    27.7275    6.56879    6.58291         19 0.0000e+00
      35846   1493.543    969.000     3.6348   3.255183     3.6344   3.255097      58.33     0.0196     2.6661     2.3593  33.926739  3.6251526   48.39294  -46.62312    34.8706    34.8699     3.5639     3.5635    27.7278    27.7274    6.56593    6.57998         19 0.0000e+00
      35866   1494.359    970.000     3.6347   3.255197     3.6342   3.255110      80.78     0.0180     2.6657     2.3589  33.926739  3.6251526   48.39294  -46.62310    34.8704    34.8698     3.5636     3.5632    27.7277    27.7273    6.57271    6.57921         21 0.0000e+00
      35891   1495.422    971.000     3.6347   3.255242     3.6343   3.255162      94.45     0.0177     2.6664     2.3581  33.933681  3.6251526   48.39294  -46.62312    34.8703    34.8698     3.5636     3.5632    27.7276    27.7273    6.57329    6.57817         32 0.0000e+00
      35933   1497.175    972.000     3.6348   3.255288     3.6344   3.255212      87.09     0.0122     2.6656     2.3574  33.936100  3.6251526   48.39294  -46.62312    34.8703    34.8698     3.5636     3.5632    27.7276    27.7272    6.56347    6.58134         43 0.0000e+00
      35962   1498.393    973.000     3.6349   3.255345     3.6344   3.255264      97.91     0.0122     2.6648     2.3571  33.936516  3.6251526   48.39294  -46.62310    34.8704    34.8699     3.5636     3.5632    27.7277    27.7273    6.56702    6.58367         21 0.0000e+00
      35980   1499.141    974.000     3.6351   3.255415     3.6346   3.255323      98.63     0.0126     2.6651     2.3571  33.936810  3.6269724   48.39294  -46.62310    34.8705    34.8699     3.5637     3.5632    27.7278    27.7273    6.57466    6.58445         16 0.0000e+00
      35996   1499.788    975.000     3.6352   3.255468     3.6347   3.255388      98.63     0.0129     2.6648     2.3571  33.940392  3.6303425   48.39294  -46.62310    34.8705    34.8700     3.5638     3.5633    27.7278    27.7274    6.56915    6.58609         15 0.0000e+00
      36011   1500.412    976.000     3.6352   3.255515     3.6347   3.255435      77.65     0.0136     2.6648     2.3572  33.941383  3.6303623   48.39294  -46.62310    34.8705    34.8701     3.5637     3.5632    27.7278    27.7275    6.56737    6.58443         15 0.0000e+00
      36027   1501.076    977.000     3.6354   3.255572     3.6349   3.255502      13.91     0.0122     2.6644     2.3569  33.941391  3.6286190   48.39294  -46.62310    34.8705    34.8701     3.5638     3.5633    27.7278    27.7275    6.56623    6.58112         17 0.0000e+00
      36046   1501.879    978.000     3.6358   3.255672     3.6353   3.255592      84.07     0.0136     2.6642     2.3565  33.934872  3.6252248   48.39294  -46.62309    34.8707    34.8702     3.5641     3.5637    27.7279    27.7276    6.56692    6.58127         22 0.0000e+00
      36073   1502.983    979.000     3.6359   3.255721     3.6354   3.255642      89.41     0.0141     2.6636     2.3561  33.938068  3.6251526   48.39294  -46.62308    34.8707    34.8702     3.5641     3.5637    27.7279    27.7276    6.56411    6.58218         32 0.0000e+00
      36109   1504.480    980.000     3.6360   3.255771     3.6355   3.255693      72.13     0.0166     2.6625     2.3560  33.939850  3.6251526   48.39294  -46.62308    34.8707    34.8702     3.5641     3.5652    27.7279    27.7275    6.55969    6.58125         38 0.0000e+00
      36142   1505.888    981.000     3.6362   3.255851     3.6357   3.255761      54.57     0.0169     2.6618     2.3548  33.937904  3.6251526   48.39294  -46.62308    34.8709    34.8704     3.5643     3.5637    27.7280    27.7277    6.56232    6.56765         26 0.0000e+00
      36164   1506.778    982.000     3.6367   3.255959     3.6362   3.255869      99.91     0.0148     2.6619     2.3537  33.935139  3.6251526   48.39294  -46.62308    34.8711    34.8706     3.5647     3.5641    27.7282    27.7278    6.56736    6.56546         19 0.0000e+00
      36181   1507.494    983.000     3.6373   3.256080     3.6368   3.256005      98.63     0.0131     2.6615     2.3530  33.943905  3.6285725   48.39294  -46.62308    34.8714    34.8710     3.5652     3.5647    27.7283    27.7281    6.56583    6.56808         17 0.0000e+00
      36197   1508.184    984.000     3.6378   3.256169     3.6373   3.256103      98.63     0.0143     2.6613     2.3528  33.943146  3.6286001   48.39294  -46.62306    34.8715    34.8711     3.5656     3.5651    27.7284    27.7282    6.56395    6.56899         17 0.0000e+00
      36216   1508.957    985.000     3.6378   3.256208     3.6375   3.256150      95.69     0.0154     2.6610     2.3521  33.948559  3.6276231   48.39294  -46.62306    34.8714    34.8710     3.5655     3.5652    27.7283    27.7280    6.56347    6.56993         20 0.0000e+00
      36242   1510.038    986.000     3.6382   3.256301     3.6379   3.256238      84.21     0.0159     2.6603     2.3521  33.945587  3.6252086   48.39296  -46.62306    34.8715    34.8711     3.5658     3.5656    27.7284    27.7281    6.55701    6.57651         32 0.0000e+00
