data/CTD/2014/CNV/d017a058.cnv
* Sea-Bird SBE 9 Data File:
* FileName = C:\CTD_ACQUISITION\2014017HUD\ctddata\017A058.hdr
* Software Version Seasave V 7.22.2
* Temperature SN = 5081
* Conductivity SN = 3561
* Number of Bytes Per Scan = 37
* Number of Voltage Words = 4
* Number of Scans Averaged by the Deck Unit = 1
* NMEA Latitude = 43 26.99 N
* NMEA Longitude = 059 56.99 W
* NMEA UTC (Time) = Jul 13 2014 18:09:25
* NMEA baud rate = 9600
** Ship: Hudson
** Cruise: HUD2014017
** Chief_Scientist: Blair Greenan
** Organization: BIO
** Area_of_Operation: Sackville Spur
** Station: 058
** Sounding:  1450
** Event_Comments: LC3, 403281
# nquan = 25
# nvalues = 1570                        
# units = specified
# name 0 = scan: Scan Count
# name 1 = timeS: Time, Elapsed [seconds]
# name 2 = prDM: Pressure, Digiquartz [db]
# name 3 = t068C: Temperature [ITS-68, deg C]
# name 4 = c0S/m: Conductivity [S/m]
# name 5 = t168C: Temperature, 2 [ITS-68, deg C]
# name 6 = c1S/m: Conductivity, 2 [S/m]
# name 7 = altM: Altimeter [m]
# name 8 = flC: Fluorescence, Chelsea Aqua 3 Chl Con [ug/l]
# name 9 = sbeox0V: Oxygen raw, SBE 43 [V]
# name 10 = sbeox1V: Oxygen raw, SBE 43, 2 [V]
# name 11 = upoly0: Upoly 0, Optode 4330F - O2 D-Phase
# name 12 = upoly1: Upoly 1, Optode 4330F - O2 Temp
# name 13 = latitude: Latitude [deg]
# name 14 = longitude: Longitude [deg]
# name 15 = sal00: Salinity, Practical [PSU]
# name 16 = sal11: Salinity, Practical, 2 [PSU]
# name 17 = potemp068C: Potential Temperature [ITS-68, deg C]
# name 18 = potemp168C: Potential Temperature, 2 [ITS-68, deg C]
# name 19 = sigma-é00: Density [sigma-theta, Kg/m^3]
# name 20 = sigma-é11: Density, 2 [sigma-theta, Kg/m^3]
# name 21 = sbeox0ML/L: Oxygen, SBE 43 [ml/l], WS = 2
# name 22 = sbeox1ML/L: Oxygen, SBE 43, 2 [ml/l], WS = 2
# name 23 = nbin: number of scans per bin
# name 24 = flag: flag
# span 0 =      10231,      53049       
# span 1 =    426.259,   2210.350       
# span 2 =      2.000,   1571.000       
# span 3 =     3.7608,    15.5515       
# span 4 =   3.035942,   4.055144       
# span 5 =     3.7608,    15.5743       
# span 6 =   3.035439,   4.054870       
# span 7 =       3.92,     102.46       
# span 8 =     0.0087,     0.3097       
# span 9 =     1.9163,     3.5531       
# span 10 =     1.6580,     3.0443      
# span 11 =  28.417952,  39.844261      
# span 12 =  3.9064379,  15.717914      
# span 13 =   43.44999,   43.45066      
# span 14 =  -59.95222,  -59.94971      
# span 15 =    31.5943,    35.4001      
# span 16 =    31.6047,    35.3970      
# span 17 =     3.7581,    15.5564      
# span 18 =     3.7582,    15.5738      
# span 19 =    23.2282,    27.7661      
# span 20 =    23.2325,    27.7660      
# span 21 =    3.36240,    7.49220      
# span 22 =    3.17413,    7.22745      
# span 23 =         13,         90      
# span 24 = 0.0000e+00, 0.0000e+00      
# interval = decibars: 1                
# start_time = Jul 13 2014 18:09:25 [NMEA time, header]
# bad_flag = -9.990e-29
*END*
[from data line 464]
      24314   1013.034    466.000     5.5043   3.410122     5.5041   3.409894      99.67     0.0177     2.4046     2.0937  36.327126  5.4282341   43.45050  -59.95050    34.9742    34.9718     5.4651     5.4649    27.5995    27.5976    5.16225    5.02588         29 0.0000e+00
      24340   1014.128    467.000     5.5037   3.410132     5.5036   3.409914      64.54     0.0188     2.4043     2.0944  36.279839  5.5600019   43.45050  -59.95050    34.9745    34.9721     5.4644     5.4643    27.5998    27.5979    5.15674    5.03607         24 0.0000e+00
      24364   1015.106    468.000     5.5032   3.410161     5.5031   3.409948      97.13     0.0216     2.4047     2.0958  36.283871  5.5592661   43.45050  -59.95050    34.9748    34.9724     5.4638     5.4638    27.6001    27.5982    5.16159    5.04250         23 0.0000e+00
      24387   1016.065    469.000     5.5022   3.410136     5.5020   3.409910      98.42     0.0178     2.4048     2.0970  36.272247  5.5481977   43.45050  -59.95050    34.9750    34.9726     5.4628     5.4626    27.6004    27.5985    5.16403    5.04325         24 0.0000e+00
      24411   1017.068    470.000     5.5008   3.410089     5.5007   3.409864      98.45     0.0168     2.4053     2.0974  36.270504  5.5490470   43.45050  -59.95050    34.9754    34.9730     5.4613     5.4611    27.6009    27.5990    5.16754    5.03778         25 0.0000e+00
      24435   1018.098    471.000     5.5003   3.410111     5.5002   3.409900      64.85     0.0198     2.4057     2.0974  36.256493  5.5397377   43.45050  -59.95050    34.9757    34.9734     5.4607     5.4606    27.6012    27.5994    5.16382    5.03233         24 0.0000e+00
      24458   1019.035    472.000     5.4997   3.410140     5.4995   3.409930      95.88     0.0175     2.4057     2.0964  36.256409  5.5396824   43.45050  -59.95050    34.9761    34.9739     5.4600     5.4598    27.6016    27.5999    5.16855    5.02722         21 0.0000e+00
      24478   1019.889    473.000     5.4996   3.410292     5.4993   3.410088      98.61     0.0168     2.4064     2.0962  36.220089  5.5396824   43.45050  -59.95051    34.9775    34.9754     5.4598     5.4595    27.6027    27.6011    5.17671    5.03799         20 0.0000e+00
      24501   1020.826    474.000     5.4994   3.410418     5.4993   3.410249      77.97     0.0154     2.4071     2.0971  36.230717  5.5389533   43.45050  -59.95052    34.9786    34.9768     5.4595     5.4594    27.6036    27.6022    5.18109    5.05155         26 0.0000e+00
      24533   1022.175    475.000     5.5001   3.410635     5.4999   3.410437      89.84     0.0124     2.4095     2.0996  36.216320  5.5309191   43.45050  -59.95052    34.9799    34.9778     5.4601     5.4599    27.6046    27.6030    5.19806    5.06476         37 0.0000e+00
      24566   1023.546    476.000     5.4975   3.410541     5.4971   3.410280      94.46     0.0183     2.4127     2.1017  36.205582  5.4344273   43.45050  -59.95052    34.9809    34.9784     5.4575     5.4570    27.6057    27.6038    5.20497    5.06512         27 0.0000e+00
      24588   1024.456    477.000     5.4906   3.410040     5.4905   3.409801      57.82     0.0168     2.4138     2.1026  36.197826  5.0795021   43.45050  -59.95052    34.9818    34.9793     5.4505     5.4504    27.6073    27.6053    5.20510    5.06935         19 0.0000e+00
      24606   1025.202    478.000     5.4850   3.409566     5.4857   3.409337      98.29     0.0150     2.4152     2.1034  36.196949  5.1386948   43.45050  -59.95052    34.9817    34.9786     5.4448     5.4471    27.6079    27.6054    5.20716    5.07349         17 0.0000e+00
      24623   1025.902    479.000     5.4718   3.408383     5.4724   3.408162      98.63     0.0134     2.4158     2.1042  36.168240  5.5218720   43.45050  -59.95052    34.9814    34.9783     5.4316     5.4322    27.6093    27.6068    5.20645    5.08069         17 0.0000e+00
      24641   1026.662    480.000     5.4633   3.407644     5.4630   3.407352      90.10     0.0093     2.4159     2.1054  36.167053  5.5299144   43.45050  -59.95052    34.9814    34.9783     5.4230     5.4227    27.6103    27.6079    5.21033    5.08951         20 0.0000e+00
      24666   1027.695    481.000     5.4552   3.406979     5.4543   3.406689      75.83     0.0109     2.4173     2.1071  36.161255  5.5081067   43.45050  -59.95053    34.9816    34.9793     5.4149     5.4139    27.6115    27.6097    5.22495    5.09428         31 0.0000e+00
      24701   1029.163    482.000     5.4527   3.406804     5.4526   3.406611      98.42     0.0170     2.4201     2.1086  36.154175  5.3418226   43.45050  -59.95054    34.9817    34.9796     5.4123     5.4122    27.6119    27.6102    5.23482    5.09361         36 0.0000e+00
      24733   1030.493    483.000     5.4529   3.406879     5.4527   3.406680      94.26     0.0175     2.4225     2.1103  36.139034  5.4402289   43.45050  -59.95054    34.9819    34.9798     5.4124     5.4122    27.6120    27.6103    5.23910    5.11454         28 0.0000e+00
      24759   1031.568    484.000     5.4458   3.406262     5.4460   3.406008      65.05     0.0141     2.4239     2.1128  36.131828  5.4911137   43.45050  -59.95054    34.9819    34.9786     5.4050     5.4054    27.6129    27.6102    5.24207    5.12242         24 0.0000e+00
      24782   1032.562    485.000     5.4282   3.404716     5.4286   3.404494      98.61     0.0142     2.4253     2.1149  36.124546  5.4908423   43.45050  -59.95054    34.9818    34.9788     5.3876     5.3881    27.6149    27.6125    5.24899    5.12753         24 0.0000e+00
      24805   1033.494    486.000     5.4204   3.404031     5.4202   3.403800      98.63     0.0124     2.4265     2.1159  36.114834  5.4857574   43.45052  -59.95054    34.9816    34.9791     5.3797     5.3795    27.6157    27.6138    5.25164    5.12386         21 0.0000e+00
      24825   1034.346    487.000     5.4171   3.403773     5.4173   3.403588      48.52     0.0134     2.4272     2.1163  36.102772  5.4810038   43.45052  -59.95054    34.9814    34.9792     5.3764     5.3766    27.6160    27.6142    5.25306    5.12164         19 0.0000e+00
      24844   1035.146    488.000     5.4142   3.403546     5.4142   3.403341      98.70     0.0179     2.4282     2.1163  36.105492  5.4800978   43.45052  -59.95054    34.9814    34.9790     5.3734     5.3735    27.6163    27.6144    5.26123    5.11829         20 0.0000e+00
      24864   1035.972    489.000     5.4104   3.403226     5.4101   3.402991      96.63     0.0186     2.4292     2.1162  36.096249  5.4531474   43.45052  -59.95054    34.9812    34.9787     5.3695     5.3693    27.6167    27.6147    5.26083    5.12530         21 0.0000e+00
      24890   1037.040    490.000     5.4055   3.402824     5.4054   3.402605      54.27     0.0184     2.4305     2.1174  36.093121  5.3134480   43.45050  -59.95055    34.9811    34.9787     5.3646     5.3645    27.6172    27.6153    5.27181    5.13791         32 0.0000e+00
      24933   1038.814    491.000     5.4003   3.402366     5.3999   3.402132     101.74     0.0205     2.4332     2.1201  36.076649  5.3256307   43.45050  -59.95056    34.9808    34.9785     5.3593     5.3589    27.6176    27.6158    5.28077    5.15539         45 0.0000e+00
      24966   1040.228    492.000     5.3912   3.401567     5.3909   3.401269      56.90     0.0197     2.4357     2.1233  36.036877  5.3015833   43.45052  -59.95056    34.9808    34.9776     5.3500     5.3511    27.6186    27.6162    5.28827    5.17197         24 0.0000e+00
      24986   1041.030    493.000     5.3823   3.400791     5.3820   3.400545      99.20     0.0171     2.4367     2.1252  36.042789  5.4427485   43.45052  -59.95056    34.9804    34.9779     5.3412     5.3409    27.6194    27.6175    5.28859    5.17276         17 0.0000e+00
      25002   1041.688    494.000     5.3755   3.400195     5.3761   3.399973      98.63     0.0163     2.4373     2.1259  36.038460  5.4346743   43.45052  -59.95056    34.9802    34.9771     5.3343     5.3349    27.6201    27.6175    5.29128    5.17014         16 0.0000e+00
      25017   1042.318    495.000     5.3661   3.399383     5.3663   3.399163      98.63     0.0173     2.4380     2.1264  36.036671  5.4322915   43.45052  -59.95056    34.9802    34.9775     5.3249     5.3250    27.6212    27.6191    5.29060    5.17168         15 0.0000e+00
      25033   1043.013    496.000     5.3621   3.399038     5.3622   3.398816      64.90     0.0184     2.4378     2.1270  36.036629  5.4322343   43.45052  -59.95056    34.9799    34.9773     5.3208     5.3209    27.6215    27.6194    5.29153    5.17492         19 0.0000e+00
      25061   1044.165    497.000     5.3501   3.397973     5.3501   3.397744      53.31     0.0185     2.4392     2.1286  36.024246  5.4007759   43.45052  -59.95056    34.9796    34.9770     5.3088     5.3087    27.6227    27.6207    5.30711    5.19197         40 0.0000e+00
      25104   1045.973    498.000     5.3463   3.397676     5.3462   3.397470      76.08     0.0178     2.4430     2.1319  35.991787  5.3541431   43.45052  -59.95056    34.9796    34.9775     5.3049     5.3048    27.6232    27.6215    5.32675    5.20104         35 0.0000e+00
      25130   1047.062    499.000     5.3447   3.397568     5.3445   3.397345      89.06     0.0158     2.4453     2.1336  35.984352  5.3851953   43.45052  -59.95056    34.9796    34.9773     5.3032     5.3030    27.6234    27.6216    5.33591    5.21188         22 0.0000e+00
      25150   1047.870    500.000     5.3405   3.397225     5.3406   3.397014      91.02     0.0160     2.4478     2.1356  35.978725  5.3894625   43.45052  -59.95057    34.9795    34.9770     5.2990     5.2990    27.6238    27.6218    5.34517    5.22085         18 0.0000e+00
      25168   1048.610    501.000     5.3336   3.396619     5.3338   3.396384      97.71     0.0162     2.4495     2.1367  35.978016  5.3904576   43.45052  -59.95058    34.9793    34.9763     5.2920     5.2922    27.6244    27.6221    5.34785    5.22197         18 0.0000e+00
      25186   1049.378    502.000     5.3209   3.395449     5.3215   3.395198      50.59     0.0188     2.4512     2.1381  35.973007  5.3859377   43.45052  -59.95058    34.9785    34.9750     5.2792     5.2798    27.6254    27.6226    5.35056    5.22504         20 0.0000e+00
      25208   1050.273    503.000     5.3068   3.394157     5.3064   3.393844      97.62     0.0228     2.4521     2.1390  35.963566  5.3738756   43.45052  -59.95058    34.9779    34.9747     5.2651     5.2648    27.6266    27.6241    5.34413    5.22990         23 0.0000e+00
      25235   1051.411    504.000     5.2935   3.392918     5.2930   3.392648      94.31     0.0216     2.4528     2.1405  35.949726  5.3657851   43.45052  -59.95058    34.9770    34.9743     5.2518     5.2522    27.6275    27.6254    5.34713    5.23559         31 0.0000e+00
      25269   1052.822    505.000     5.2795   3.391621     5.2819   3.391617      73.10     0.0195     2.4538     2.1418  35.928165  5.3538365   43.45052  -59.95058    34.9762    34.9736     5.2378     5.2401    27.6285    27.6262    5.35566    5.23733         35 0.0000e+00
      25300   1054.117    506.000     5.2736   3.391092     5.2736   3.390907      99.28     0.0215     2.4547     2.1420  35.918621  5.3347907   43.45052  -59.95058    34.9758    34.9736     5.2318     5.2318    27.6289    27.6272    5.35765    5.23211         27 0.0000e+00
      25324   1055.104    507.000     5.2730   3.391089     5.2732   3.390910      58.27     0.0182     2.4551     2.1417  35.918747  5.3345542   43.45052  -59.95058    34.9758    34.9736     5.2311     5.2313    27.6290    27.6272    5.35619    5.23155         22 0.0000e+00
      25344   1055.951    508.000     5.2715   3.390981     5.2711   3.390765      91.09     0.0213     2.4557     2.1417  35.904114  5.3248687   43.45052  -59.95060    34.9756    34.9735     5.2295     5.2292    27.6290    27.6274    5.35944    5.23597         19 0.0000e+00
      25363   1056.766    509.000     5.2703   3.390908     5.2705   3.390724      98.58     0.0225     2.4555     2.1420  35.904030  5.3247862   43.45052  -59.95060    34.9755    34.9733     5.2282     5.2313    27.6291    27.6273    5.35969    5.23761         20 0.0000e+00
      25385   1057.655    510.000     5.2699   3.390921     5.2697   3.390715      87.17     0.0190     2.4563     2.1419  35.876453  5.3130474   43.45052  -59.95060    34.9756    34.9734     5.2277     5.2276    27.6292    27.6275    5.36194    5.24094         23 0.0000e+00
      25410   1058.703    511.000     5.2698   3.390957     5.2696   3.390759      70.15     0.0164     2.4562     2.1428  35.861416  5.3052859   43.45052  -59.95060    34.9755    34.9735     5.2276     5.2274    27.6292    27.6276    5.36022    5.24553         27 0.0000e+00
      25438   1059.895    512.000     5.2688   3.390908     5.2691   3.390759      98.61     0.0105     2.4565     2.1430  35.849583  5.3023224   43.45052  -59.95060    34.9755    34.9735     5.2265     5.2268    27.6293    27.6277    5.36187    5.24155         30 0.0000e+00
      25467   1061.085    513.000     5.2665   3.390730     5.2675   3.390624      60.34     0.0131     2.4565     2.1428  35.843971  5.3012686   43.45052  -59.95060    34.9754    34.9731     5.2241     5.2251    27.6295    27.6276    5.35960    5.23843         27 0.0000e+00
      25492   1062.108    514.000     5.2648   3.390606     5.2639   3.390324      97.90     0.0175     2.4561     2.1422  35.819424  5.3030367   43.45052  -59.95060    34.9752    34.9729     5.2223     5.2215    27.6296    27.6278    5.36007    5.23227         22 0.0000e+00
      25513   1062.980    515.000     5.2622   3.390394     5.2620   3.390191      23.48     0.0175     2.4561     2.1414  35.825645  5.3008528   43.45052  -59.95060    34.9750    34.9728     5.2196     5.2195    27.6297    27.6280    5.36680    5.23845         20 0.0000e+00
      25532   1063.787    516.000     5.2594   3.390162     5.2592   3.389927      73.33     0.0160     2.4567     2.1419  35.806931  5.2960243   43.45052  -59.95060    34.9748    34.9722     5.2167     5.2166    27.6299    27.6279    5.37950    5.25383         19 0.0000e+00
      25552   1064.635    517.000     5.2548   3.389758     5.2547   3.389545      65.74     0.0149     2.4584     2.1434  35.802254  5.2954884   43.45052  -59.95061    34.9744    34.9720     5.2121     5.2121    27.6301    27.6282    5.39468    5.27122         22 0.0000e+00
      25581   1065.821    518.000     5.2507   3.389389     5.2508   3.389208      89.12     0.0151     2.4616     2.1466  35.802559  5.2889576   43.45052  -59.95062    34.9739    34.9717     5.2080     5.2080    27.6302    27.6285    5.40692    5.28545         38 0.0000e+00
      25623   1067.596    519.000     5.2444   3.388806     5.2443   3.388569      67.68     0.0174     2.4653     2.1503  35.794838  5.2820196   43.45052  -59.95062    34.9732    34.9706     5.2016     5.2015    27.6304    27.6284    5.40733    5.28640         37 0.0000e+00
      25649   1068.681    520.000     5.2227   3.386680     5.2239   3.386396      99.49     0.0138     2.4669     2.1512  35.787312  5.2762537   43.45052  -59.95062    34.9709    34.9663     5.1799     5.1811    27.6312    27.6274    5.41232    5.28596         20 0.0000e+00
      25667   1069.420    521.000     5.1794   3.382524     5.1817   3.382330      98.63     0.0127     2.4669     2.1514  35.787544  5.2771907   43.45052  -59.95062    34.9677    34.9631     5.1367     5.1389    27.6338    27.6299    5.41909    5.29396         16 0.0000e+00
      25683   1070.073    522.000     5.1732   3.381982     5.1730   3.381742      55.78     0.0131     2.4686     2.1520  35.787544  5.2759280   43.45052  -59.95062    34.9675    34.9649     5.1304     5.1302    27.6344    27.6323    5.42990    5.30273         16 0.0000e+00
