data/CTD/2014/CNV/d017a036.cnv
* Sea-Bird SBE 9 Data File:
* FileName = C:\CTD_ACQUISITION\2014017HUD\ctddata\017A036.hdr
* Software Version Seasave V 7.22.2
* Temperature SN = 5081
* Conductivity SN = 3561
* Number of Bytes Per Scan = 37
* Number of Voltage Words = 4
* Number of Scans Averaged by the Deck Unit = 1
* NMEA Latitude = 48 26.48 N
* NMEA Longitude = 046 40.75 W
* NMEA UTC (Time) = Jul 09 2014 20:04:18
* NMEA baud rate = 9600
** Ship: Hudson
** Cruise: HUD2014017
** Chief_Scientist: Blair Greenan
** Organization: BIO
** Area_of_Operation: Sackville Spur
** Station: 036
** Sounding:  2091
** Event_Comments: SS-08 403206
# nquan = 25
# nvalues = 2163                        
# units = specified
# name 0 = scan: Scan Count
# name 1 = timeS: Time, Elapsed [seconds]
# name 2 = prDM: Pressure, Digiquartz [db]
# name 3 = t068C: Temperature [ITS-68, deg C]
# name 4 = c0S/m: Conductivity [S/m]
# name 5 = t168C: Temperature, 2 [ITS-68, deg C]
# name 6 = c1S/m: Conductivity, 2 [S/m]
# name 7 = altM: Altimeter [m]
# name 8 = flC: Fluorescence, Chelsea Aqua 3 Chl Con [ug/l]
# name 9 = sbeox0V: Oxygen raw, SBE 43 [V]
# name 10 = sbeox1V: Oxygen raw, SBE 43, 2 [V]
# name 11 = upoly0: Upoly 0, Optode 4330F - O2 D-Phase
# name 12 = upoly1: Upoly 1, Optode 4330F - O2 Temp
# name 13 = latitude: Latitude [deg]
# name 14 = longitude: Longitude [deg]
# name 15 = sal00: Salinity, Practical [PSU]
# name 16 = sal11: Salinity, Practical, 2 [PSU]
# name 17 = potemp068C: Potential Temperature [ITS-68, deg C]
# name 18 = potemp168C: Potential Temperature, 2 [ITS-68, deg C]
# name 19 = sigma-é00: Density [sigma-theta, Kg/m^3]
# name 20 = sigma-é11: Density, 2 [sigma-theta, Kg/m^3]
# name 21 = sbeox0ML/L: Oxygen, SBE 43 [ml/l], WS = 2
# name 22 = sbeox1ML/L: Oxygen, SBE 43, 2 [ml/l], WS = 2
# name 23 = nbin: number of scans per bin
# name 24 = flag: flag
# span 0 =       7298,      64963       
# span 1 =    304.027,   2706.735       
# span 2 =      3.000,   2165.000       
# span 3 =    -0.4496,     7.6873       
# span 4 =   2.768753,   3.405133       
# span 5 =    -0.4493,     7.6869       
# span 6 =   2.768632,   3.405035       
# span 7 =       3.27,     103.23       
# span 8 =     0.0060,     0.7691       
# span 9 =     2.2668,     3.7682       
# span 10 =     2.0059,     3.2708      
# span 11 =  30.390791,  35.347382      
# span 12 = -0.1084633,  7.7276998      
# span 13 =   48.44250,   48.44504      
# span 14 =  -46.67831,  -46.66668      
# span 15 =    32.9800,    34.9157      
# span 16 =    32.9791,    34.9154      
# span 17 =    -0.4511,     7.6869      
# span 18 =    -0.4508,     7.6867      
# span 19 =    25.7330,    27.8352      
# span 20 =    25.7323,    27.8351      
# span 21 =    6.26302,    9.68395      
# span 22 =    6.24080,    9.72301      
# span 23 =         13,         96      
# span 24 = 0.0000e+00, 0.0000e+00      
# interval = decibars: 1                
# start_time = Jul 09 2014 20:04:18 [NMEA time, header]
# bad_flag = -9.990e-29
*END*
[from data line 464]
      21926    913.526    467.000     3.6437   3.231584     3.6434   3.231507      98.64     0.0152     2.8417     2.5097  33.531136  3.6343095   48.44398  -46.67522    34.8433    34.8426     3.6112     3.6110    27.7013    27.7009    6.65460    6.67308         16 0.0000e+00
      21941    914.170    468.000     3.6447   3.231734     3.6445   3.231673      98.64     0.0156     2.8419     2.5092  33.535065  3.6349242   48.44398  -46.67522    34.8434    34.8429     3.6122     3.6120    27.7014    27.7010    6.65670    6.67357         15 0.0000e+00
      21956    914.780    469.000     3.6455   3.231866     3.6454   3.231804      70.99     0.0156     2.8417     2.5093  33.537922  3.6336417   48.44398  -46.67521    34.8436    34.8429     3.6129     3.6129    27.7015    27.7009    6.64806    6.67118         15 0.0000e+00
      21971    915.418    470.000     3.6458   3.231937     3.6458   3.231890      65.74     0.0137     2.8409     2.5087  33.541111  3.6331050   48.44398  -46.67520    34.8436    34.8430     3.6132     3.6132    27.7014    27.7009    6.64513    6.66218         16 0.0000e+00
      21989    916.173    471.000     3.6478   3.232172     3.6477   3.232120      97.14     0.0125     2.8405     2.5075  33.544247  3.6339495   48.44398  -46.67520    34.8438    34.8432     3.6151     3.6150    27.7014    27.7009    6.64541    6.65636         21 0.0000e+00
      22029    917.813    472.000     3.6492   3.232345     3.6485   3.232232      98.64     0.0148     2.8393     2.5055  33.552311  3.6348042   48.44398  -46.67520    34.8438    34.8431     3.6164     3.6158    27.7013    27.7008    6.64655    6.65477         67 0.0000e+00
      22087    920.257    473.000     3.6501   3.232493     3.6493   3.232371      98.64     0.0203     2.8384     2.5041  33.561359  3.6398311   48.44398  -46.67520    34.8440    34.8435     3.6173     3.6177    27.7013    27.7010    6.64262    6.66365         27 0.0000e+00
      22104    920.938    474.000     3.6529   3.232843     3.6528   3.232804      98.64     0.0199     2.8373     2.5044  33.560440  3.6448145   48.44398  -46.67520    34.8447    34.8444     3.6199     3.6198    27.7017    27.7014    6.64069    6.66530         17 0.0000e+00
      22119    921.572    475.000     3.6559   3.233216     3.6556   3.233139      98.64     0.0206     2.8375     2.5047  33.560440  3.6446886   48.44398  -46.67520    34.8455    34.8449     3.6228     3.6225    27.7020    27.7015    6.64533    6.66726         14 0.0000e+00
      22132    922.142    476.000     3.6565   3.233330     3.6563   3.233259      98.64     0.0205     2.8375     2.5045  33.560440  3.6446886   48.44398  -46.67518    34.8456    34.8451     3.6234     3.6231    27.7020    27.7016    6.64735    6.66941         14 0.0000e+00
      22146    922.694    477.000     3.6567   3.233400     3.6565   3.233329      26.34     0.0202     2.8368     2.5050  33.559341  3.6446886   48.44398  -46.67518    34.8457    34.8451     3.6235     3.6233    27.7021    27.7016    6.64598    6.67484         13 0.0000e+00
      22159    923.268    478.000     3.6568   3.233449     3.6567   3.233398      48.91     0.0172     2.8374     2.5055  33.559395  3.6446886   48.44398  -46.67518    34.8457    34.8452     3.6235     3.6234    27.7021    27.7017    6.64578    6.68038         14 0.0000e+00
      22176    923.960    479.000     3.6570   3.233520     3.6570   3.233458      97.29     0.0167     2.8365     2.5062  33.560413  3.6446886   48.44398  -46.67516    34.8458    34.8451     3.6237     3.6236    27.7021    27.7016    6.64122    6.68378         20 0.0000e+00
      22203    925.064    480.000     3.6564   3.233499     3.6563   3.233425      95.70     0.0156     2.8360     2.5068  33.558460  3.6446886   48.44400  -46.67516    34.8456    34.8449     3.6230     3.6229    27.7021    27.7015    6.64434    6.67803         35 0.0000e+00
      22242    926.702    481.000     3.6565   3.233542     3.6562   3.233458      92.76     0.0174     2.8356     2.5062  33.559349  3.6446886   48.44400  -46.67516    34.8455    34.8448     3.6230     3.6227    27.7019    27.7014    6.64753    6.66514         40 0.0000e+00
      22276    928.118    482.000     3.6552   3.233479     3.6547   3.233383      98.78     0.0163     2.8358     2.5051  33.567139  3.6461713   48.44400  -46.67516    34.8457    34.8450     3.6216     3.6212    27.7022    27.7017    6.64654    6.66559         27 0.0000e+00
      22299    929.083    483.000     3.6532   3.233379     3.6529   3.233295      98.64     0.0097     2.8353     2.5043  33.574390  3.6465490   48.44400  -46.67516    34.8461    34.8453     3.6195     3.6193    27.7027    27.7022    6.64939    6.66229         21 0.0000e+00
      22320    929.946    484.000     3.6523   3.233341     3.6524   3.233284      98.64     0.0101     2.8356     2.5038  33.575100  3.6471364   48.44400  -46.67516    34.8460    34.8452     3.6186     3.6187    27.7028    27.7022    6.65127    6.67015         20 0.0000e+00
      22340    930.781    485.000     3.6526   3.233420     3.6523   3.233336      98.64     0.0108     2.8353     2.5043  33.575092  3.6446590   48.44400  -46.67515    34.8460    34.8454     3.6189     3.6185    27.7028    27.7023    6.64570    6.67738         20 0.0000e+00
      22359    931.598    486.000     3.6530   3.233511     3.6528   3.233435      98.64     0.0143     2.8348     2.5046  33.575092  3.6446886   48.44400  -46.67514    34.8462    34.8455     3.6192     3.6190    27.7029    27.7024    6.64513    6.67210         19 0.0000e+00
      22378    932.366    487.000     3.6531   3.233569     3.6529   3.233493      98.64     0.0190     2.8345     2.5040  33.575092  3.6446886   48.44400  -46.67514    34.8463    34.8456     3.6192     3.6190    27.7029    27.7024    6.64539    6.66616         18 0.0000e+00
      22395    933.084    488.000     3.6531   3.233636     3.6530   3.233564      95.79     0.0225     2.8342     2.5034  33.575092  3.6446886   48.44402  -46.67514    34.8465    34.8458     3.6191     3.6190    27.7031    27.7026    6.64904    6.66580         17 0.0000e+00
      22413    933.825    489.000     3.6533   3.233690     3.6531   3.233628      48.10     0.0238     2.8343     2.5033  33.579666  3.6446886   48.44402  -46.67514    34.8464    34.8458     3.6192     3.6191    27.7031    27.7026    6.65036    6.67060         19 0.0000e+00
      22436    934.792    490.000     3.6537   3.233762     3.6533   3.233665      95.54     0.0206     2.8337     2.5031  33.589138  3.6446886   48.44402  -46.67514    34.8463    34.8456     3.6195     3.6192    27.7030    27.7024    6.64204    6.66812         30 0.0000e+00
      22474    936.361    491.000     3.6541   3.233819     3.6540   3.233769      98.64     0.0180     2.8328     2.5027  33.579113  3.6446886   48.44402  -46.67513    34.8461    34.8456     3.6199     3.6198    27.7027    27.7023    6.64901    6.67254         39 0.0000e+00
      22504    937.620    492.000     3.6540   3.233868     3.6538   3.233794      98.64     0.0165     2.8333     2.5027  33.576275  3.6446886   48.44402  -46.67512    34.8462    34.8455     3.6197     3.6195    27.7028    27.7023    6.65151    6.66534         23 0.0000e+00
      22524    938.461    493.000     3.6539   3.233921     3.6537   3.233848      98.64     0.0176     2.8330     2.5016  33.590118  3.6480355   48.44402  -46.67512    34.8464    34.8457     3.6196     3.6194    27.7030    27.7025    6.64451    6.65819         18 0.0000e+00
      22541    939.176    494.000     3.6538   3.233973     3.6538   3.233912      98.64     0.0144     2.8324     2.5010  33.589745  3.6475568   48.44402  -46.67512    34.8465    34.8459     3.6194     3.6194    27.7031    27.7026    6.64661    6.66691         17 0.0000e+00
      22558    939.885    495.000     3.6539   3.234017     3.6539   3.233961      98.64     0.0153     2.8324     2.5013  33.589745  3.6463346   48.44402  -46.67512    34.8465    34.8458     3.6194     3.6194    27.7031    27.7026    6.64735    6.67277         18 0.0000e+00
      22578    940.716    496.000     3.6542   3.234082     3.6538   3.234000      92.40     0.0198     2.8318     2.5012  33.589745  3.6447542   48.44403  -46.67512    34.8464    34.8458     3.6196     3.6193    27.7030    27.7026    6.64559    6.66730         23 0.0000e+00
      22611    942.063    497.000     3.6543   3.234134     3.6543   3.234075      62.61     0.0210     2.8316     2.5010  33.588337  3.6446886   48.44404  -46.67512    34.8464    34.8457     3.6196     3.6196    27.7030    27.7024    6.64827    6.67167         41 0.0000e+00
      22645    943.515    498.000     3.6543   3.234185     3.6544   3.234141      99.57     0.0203     2.8308     2.5008  33.589203  3.6446886   48.44404  -46.67510    34.8464    34.8458     3.6196     3.6197    27.7030    27.7025    6.64020    6.67010         26 0.0000e+00
      22667    944.405    499.000     3.6541   3.234220     3.6539   3.234140      81.20     0.0190     2.8303     2.5010  33.590572  3.6479771   48.44404  -46.67510    34.8466    34.8458     3.6193     3.6191    27.7032    27.7026    6.64488    6.67320         18 0.0000e+00
      22684    945.107    500.000     3.6533   3.234183     3.6532   3.234122      94.33     0.0179     2.8299     2.5007  33.589741  3.6446774   48.44404  -46.67510    34.8465    34.8458     3.6184     3.6203    27.7032    27.7026    6.64635    6.67203         16 0.0000e+00
      22699    945.754    501.000     3.6518   3.234083     3.6518   3.234019      98.67     0.0189     2.8302     2.5007  33.589745  3.6453443   48.44404  -46.67510    34.8463    34.8455     3.6168     3.6169    27.7032    27.7026    6.64620    6.67637         15 0.0000e+00
      22716    946.444    502.000     3.6503   3.233981     3.6501   3.233908      98.64     0.0206     2.8296     2.5010  33.589745  3.6447017   48.44404  -46.67510    34.8461    34.8454     3.6153     3.6151    27.7032    27.7027    6.64243    6.67675         19 0.0000e+00
      22738    947.390    503.000     3.6503   3.234006     3.6502   3.233958      98.64     0.0193     2.8289     2.5004  33.589745  3.6446886   48.44404  -46.67510    34.8459    34.8454     3.6152     3.6152    27.7031    27.7026    6.64131    6.65812         29 0.0000e+00
      22773    948.835    504.000     3.6509   3.234115     3.6505   3.234016      98.64     0.0221     2.8280     2.4970  33.589745  3.6446886   48.44404  -46.67510    34.8461    34.8453     3.6157     3.6153    27.7031    27.7026    6.64188    6.64335         35 0.0000e+00
      22804    950.116    505.000     3.6523   3.234319     3.6524   3.234295      93.09     0.0188     2.8275     2.4956  33.589745  3.6446886   48.44404  -46.67510    34.8464    34.8461     3.6171     3.6172    27.7033    27.7030    6.64298    6.65423         28 0.0000e+00
      22830    951.197    506.000     3.6611   3.235315     3.6612   3.235291      87.60     0.0207     2.8275     2.4955  33.589745  3.6446886   48.44404  -46.67510    34.8484    34.8480     3.6258     3.6259    27.7040    27.7037    6.64120    6.65907         24 0.0000e+00
      22852    952.143    507.000     3.6626   3.235502     3.6637   3.235564      98.85     0.0183     2.8268     2.4952  33.589745  3.6446886   48.44406  -46.67508    34.8485    34.8482     3.6272     3.6282    27.7039    27.7036    6.63913    6.64996         21 0.0000e+00
      22872    952.965    508.000     3.6630   3.235595     3.6626   3.235503      98.64     0.0166     2.8266     2.4943  33.589745  3.6446886   48.44406  -46.67508    34.8487    34.8480     3.6275     3.6271    27.7040    27.7036    6.63369    6.64701         19 0.0000e+00
      22890    953.701    509.000     3.6635   3.235707     3.6631   3.235619      98.64     0.0156     2.8253     2.4938  33.589745  3.6452577   48.44406  -46.67508    34.8489    34.8483     3.6280     3.6276    27.7042    27.7038    6.62971    6.64697         17 0.0000e+00
      22906    954.396    510.000     3.6641   3.235807     3.6640   3.235755      98.64     0.0148     2.8250     2.4932  33.589745  3.6544538   48.44406  -46.67508    34.8490    34.8485     3.6285     3.6284    27.7042    27.7038    6.63188    6.64419         16 0.0000e+00
      22924    955.118    511.000     3.6644   3.235883     3.6652   3.235927      98.64     0.0144     2.8243     2.4925  33.589745  3.6544566   48.44406  -46.67508    34.8491    34.8488     3.6287     3.6295    27.7043    27.7039    6.62791    6.64112         19 0.0000e+00
      22945    955.984    512.000     3.6667   3.236165     3.6650   3.235940      98.64     0.0172     2.8233     2.4916  33.589745  3.6544566   48.44406  -46.67508    34.8495    34.8486     3.6309     3.6292    27.7043    27.7038    6.62585    6.63842         24 0.0000e+00
      22975    957.250    513.000     3.6720   3.236779     3.6713   3.236674      86.79     0.0191     2.8224     2.4905  33.590145  3.6544566   48.44406  -46.67508    34.8506    34.8501     3.6361     3.6354    27.7047    27.7044    6.62918    6.64015         36 0.0000e+00
      23008    958.645    514.000     3.6762   3.237254     3.6750   3.237078      98.82     0.0180     2.8213     2.4899  33.604610  3.6544566   48.44406  -46.67508    34.8513    34.8505     3.6402     3.6390    27.7048    27.7043    6.62221    6.64216         29 0.0000e+00
      23035    959.754    515.000     3.6759   3.237269     3.6750   3.237131      98.64     0.0219     2.8208     2.4900  33.603809  3.6568096   48.44406  -46.67508    34.8512    34.8505     3.6399     3.6390    27.7048    27.7044    6.62974    6.64896         25 0.0000e+00
      23060    960.786    516.000     3.6756   3.237276     3.6752   3.237193      98.64     0.0206     2.8208     2.4904  33.603809  3.6641874   48.44407  -46.67507    34.8512    34.8506     3.6394     3.6391    27.7048    27.7044    6.63285    6.65532         25 0.0000e+00
      23084    961.802    517.000     3.6763   3.237406     3.6753   3.237254      98.64     0.0207     2.8209     2.4914  33.599899  3.6642246   48.44408  -46.67506    34.8514    34.8506     3.6401     3.6391    27.7049    27.7044    6.63708    6.66667         23 0.0000e+00
      23106    962.705    518.000     3.6793   3.237762     3.6779   3.237592      87.63     0.0193     2.8214     2.4926  33.596268  3.6642246   48.44408  -46.67506    34.8519    34.8514     3.6430     3.6416    27.7051    27.7048    6.63568    6.66540         20 0.0000e+00
      23124    963.476    519.000     3.6824   3.238130     3.6827   3.238120      80.72     0.0211     2.8210     2.4928  33.593014  3.6642246   48.44408  -46.67506    34.8525    34.8521     3.6460     3.6463    27.7052    27.7049    6.63180    6.66295         18 0.0000e+00
      23142    964.191    520.000     3.6781   3.237741     3.6782   3.237674      98.21     0.0162     2.8211     2.4932  33.602440  3.6642246   48.44408  -46.67508    34.8519    34.8510     3.6416     3.6417    27.7052    27.7045    6.63898    6.66201         17 0.0000e+00
      23159    964.928    521.000     3.6665   3.236624     3.6665   3.236537      98.64     0.0136     2.8213     2.4930  33.604374  3.6642246   48.44408  -46.67508    34.8503    34.8493     3.6301     3.6300    27.7051    27.7043    6.64445    6.66080         18 0.0000e+00
      23181    965.838    522.000     3.6604   3.236070     3.6604   3.235985      98.64     0.0130     2.8219     2.4929  33.609608  3.6642246   48.44409  -46.67508    34.8496    34.8487     3.6239     3.6239    27.7052    27.7044    6.65310    6.66117         27 0.0000e+00
      23216    967.278    523.000     3.6574   3.235792     3.6561   3.235590      98.59     0.0153     2.8229     2.4923  33.616520  3.6637337   48.44410  -46.67508    34.8490    34.8480     3.6208     3.6195    27.7050    27.7043    6.65031    6.65914         40 0.0000e+00
