data/CTD/2014/CNV/d017a029.cnv
* Sea-Bird SBE 9 Data File:
* FileName = C:\CTD_ACQUISITION\2014017HUD\ctddata\017A029.hdr
* Software Version Seasave V 7.22.2
* Temperature SN = 5081
* Conductivity SN = 3561
* Number of Bytes Per Scan = 37
* Number of Voltage Words = 4
* Number of Scans Averaged by the Deck Unit = 1
* NMEA Latitude = 48 48.41 N
* NMEA Longitude = 045 41.69 W
* NMEA UTC (Time) = Jul 07 2014 04:13:45
* NMEA baud rate = 9600
** Ship: Hudson
** Cruise: HUD2014017
** Chief_Scientist: Blair Greenan
** Organization: BIO
** Area_of_Operation: Sackville Spur
** Station: 029
** Sounding:  1758
** Event_Comments: SS_025, 403166
# nquan = 25
# nvalues = 1819                        
# units = specified
# name 0 = scan: Scan Count
# name 1 = timeS: Time, Elapsed [seconds]
# name 2 = prDM: Pressure, Digiquartz [db]
# name 3 = t068C: Temperature [ITS-68, deg C]
# name 4 = c0S/m: Conductivity [S/m]
# name 5 = t168C: Temperature, 2 [ITS-68, deg C]
# name 6 = c1S/m: Conductivity, 2 [S/m]
# name 7 = altM: Altimeter [m]
# name 8 = flC: Fluorescence, Chelsea Aqua 3 Chl Con [ug/l]
# name 9 = sbeox0V: Oxygen raw, SBE 43 [V]
# name 10 = sbeox1V: Oxygen raw, SBE 43, 2 [V]
# name 11 = upoly0: Upoly 0, Optode 4330F - O2 D-Phase
# name 12 = upoly1: Upoly 1, Optode 4330F - O2 Temp
# name 13 = latitude: Latitude [deg]
# name 14 = longitude: Longitude [deg]
# name 15 = sal00: Salinity, Practical [PSU]
# name 16 = sal11: Salinity, Practical, 2 [PSU]
# name 17 = potemp068C: Potential Temperature [ITS-68, deg C]
# name 18 = potemp168C: Potential Temperature, 2 [ITS-68, deg C]
# name 19 = sigma-é00: Density [sigma-theta, Kg/m^3]
# name 20 = sigma-é11: Density, 2 [sigma-theta, Kg/m^3]
# name 21 = sbeox0ML/L: Oxygen, SBE 43 [ml/l], WS = 2
# name 22 = sbeox1ML/L: Oxygen, SBE 43, 2 [ml/l], WS = 2
# name 23 = nbin: number of scans per bin
# name 24 = flag: flag
# span 0 =       5687,      52511       
# span 1 =    236.931,   2187.909       
# span 2 =      1.000,   1819.000       
# span 3 =     2.8016,     8.7629       
# span 4 =   3.103160,   3.582251       
# span 5 =     2.8009,     8.7618       
# span 6 =   3.102940,   3.582204       
# span 7 =       1.29,     102.41       
# span 8 =     0.0034,     0.2782       
# span 9 =     2.3484,     3.6086       
# span 10 =     2.0786,     3.1414      
# span 11 =  30.135391,  35.141972      
# span 12 =  2.9211826,  8.8102322      
# span 13 =   48.80744,   48.81148      
# span 14 =  -45.69448,  -45.69356      
# span 15 =    33.8049,    34.9163      
# span 16 =    33.8041,    34.9156      
# span 17 =     2.7980,     8.7612      
# span 18 =     2.7973,     8.7602      
# span 19 =    26.2233,    27.8210      
# span 20 =    26.2226,    27.8207      
# span 21 =    6.26489,    7.97927      
# span 22 =    6.24680,    7.99071      
# span 23 =          3,         92      
# span 24 = 0.0000e+00, 0.0000e+00      
# interval = decibars: 1                
# start_time = Jul 07 2014 04:13:45 [NMEA time, header]
# bad_flag = -9.990e-29
*END*
[from data line 348]
      16938    705.710    349.000     3.7180   3.231778     3.7177   3.231692      61.89     0.0200     2.8853     2.5480  33.472527  3.7209682   48.80870  -45.69398    34.8298    34.8291     3.6939     3.6936    27.6824    27.6818    6.66099    6.69349         21 0.0000e+00
      16960    706.607    350.000     3.7187   3.231917     3.7184   3.231833      98.75     0.0185     2.8861     2.5479  33.472527  3.7130404   48.80870  -45.69398    34.8302    34.8295     3.6945     3.6942    27.6826    27.6821    6.67104    6.68802         22 0.0000e+00
      16981    707.496    351.000     3.7194   3.232078     3.7192   3.232000      60.26     0.0169     2.8857     2.5478  33.472527  3.7130647   48.80870  -45.69398    34.8308    34.8302     3.6952     3.6949    27.6830    27.6825    6.66121    6.68115         21 0.0000e+00
      17002    708.356    352.000     3.7199   3.232185     3.7196   3.232108      33.31     0.0152     2.8852     2.5466  33.472527  3.7130647   48.80870  -45.69398    34.8311    34.8305     3.6955     3.6953    27.6832    27.6827    6.65925    6.67581         20 0.0000e+00
      17021    709.169    353.000     3.7200   3.232249     3.7197   3.232167      97.39     0.0138     2.8844     2.5462  33.472527  3.7130647   48.80870  -45.69398    34.8312    34.8305     3.6956     3.6953    27.6833    27.6827    6.66073    6.67846         19 0.0000e+00
      17039    709.936    354.000     3.7198   3.232294     3.7196   3.232214      98.64     0.0123     2.8848     2.5455  33.472527  3.7130647   48.80872  -45.69398    34.8314    34.8307     3.6954     3.6951    27.6835    27.6829    6.66830    6.68140         18 0.0000e+00
      17058    710.715    355.000     3.7195   3.232333     3.7193   3.232242      95.44     0.0122     2.8846     2.5456  33.472527  3.7130647   48.80872  -45.69398    34.8316    34.8308     3.6950     3.6948    27.6837    27.6830    6.66498    6.68529         20 0.0000e+00
      17080    711.634    356.000     3.7190   3.232352     3.7188   3.232262      60.52     0.0134     2.8844     2.5453  33.472527  3.7130647   48.80872  -45.69398    34.8318    34.8311     3.6944     3.6942    27.6839    27.6833    6.66538    6.67837         25 0.0000e+00
      17110    712.890    357.000     3.7185   3.232371     3.7183   3.232283      98.46     0.0176     2.8840     2.5443  33.472527  3.7130647   48.80872  -45.69397    34.8321    34.8313     3.6938     3.6936    27.6842    27.6835    6.66412    6.67379         34 0.0000e+00
      17144    714.278    358.000     3.7165   3.232298     3.7166   3.232219      65.44     0.0203     2.8838     2.5432  33.472527  3.7130647   48.80872  -45.69396    34.8327    34.8318     3.6918     3.6918    27.6849    27.6841    6.66494    6.68147         32 0.0000e+00
      17174    715.523    359.000     3.7132   3.232107     3.7133   3.232028      98.68     0.0169     2.8832     2.5440  33.472527  3.7130647   48.80872  -45.69396    34.8335    34.8325     3.6884     3.6885    27.6858    27.6850    6.66429    6.68811         28 0.0000e+00
      17200    716.612    360.000     3.7108   3.231957     3.7108   3.231876      98.44     0.0178     2.8831     2.5437  33.472527  3.7130647   48.80872  -45.69396    34.8337    34.8328     3.6860     3.6859    27.6862    27.6855    6.66897    6.68298         24 0.0000e+00
      17222    717.552    361.000     3.7068   3.231665     3.7070   3.231594      98.43     0.0141     2.8831     2.5438  33.472527  3.7130647   48.80872  -45.69396    34.8340    34.8329     3.6818     3.6821    27.6869    27.6860    6.66915    6.69428         21 0.0000e+00
      17242    718.372    362.000     3.7034   3.231445     3.7036   3.231380      98.64     0.0096     2.8830     2.5446  33.483280  3.7130647   48.80872  -45.69396    34.8344    34.8335     3.6784     3.6786    27.6876    27.6868    6.67145    6.70176         19 0.0000e+00
      17260    719.117    363.000     3.7026   3.231431     3.7024   3.231350      64.33     0.0102     2.8832     2.5453  33.484581  3.7124963   48.80874  -45.69396    34.8345    34.8338     3.6776     3.6774    27.6877    27.6871    6.67064    6.70218         17 0.0000e+00
      17277    719.830    364.000     3.7025   3.231470     3.7022   3.231380      69.88     0.0134     2.8826     2.5457  33.482021  3.7090595   48.80874  -45.69396    34.8346    34.8338     3.6774     3.6771    27.6878    27.6872    6.66487    6.70074         17 0.0000e+00
      17294    720.538    365.000     3.7025   3.231514     3.7023   3.231430      98.47     0.0137     2.8820     2.5458  33.472580  3.7033296   48.80874  -45.69396    34.8346    34.8338     3.6773     3.6771    27.6878    27.6872    6.66799    6.70020         17 0.0000e+00
      17312    721.287    366.000     3.7021   3.231541     3.7019   3.231459      98.64     0.0157     2.8821     2.5460  33.472527  3.7032967   48.80874  -45.69396    34.8348    34.8340     3.6768     3.6767    27.6880    27.6874    6.66887    6.70008         19 0.0000e+00
      17333    722.146    367.000     3.7019   3.231591     3.7017   3.231496      62.13     0.0153     2.8818     2.5459  33.483097  3.6983216   48.80874  -45.69396    34.8350    34.8341     3.6766     3.6764    27.6882    27.6875    6.67199    6.69862         23 0.0000e+00
      17362    723.360    368.000     3.7019   3.231645     3.7017   3.231555      87.27     0.0137     2.8815     2.5458  33.484360  3.6944957   48.80874  -45.69396    34.8352    34.8343     3.6765     3.6762    27.6884    27.6877    6.66583    6.69890         37 0.0000e+00
      17404    725.130    369.000     3.7020   3.231721     3.7018   3.231636      75.11     0.0201     2.8805     2.5450  33.472042  3.6954329   48.80874  -45.69396    34.8354    34.8346     3.6765     3.6763    27.6886    27.6879    6.66774    6.69463         42 0.0000e+00
      17437    726.504    370.000     3.7021   3.231803     3.7019   3.231719      99.04     0.0171     2.8803     2.5446  33.475967  3.7030523   48.80874  -45.69396    34.8357    34.8350     3.6766     3.6763    27.6888    27.6882    6.67066    6.68679         26 0.0000e+00
      17459    727.428    371.000     3.7027   3.231917     3.7024   3.231846      39.40     0.0164     2.8801     2.5432  33.477951  3.7027807   48.80874  -45.69396    34.8360    34.8354     3.6770     3.6768    27.6890    27.6885    6.66592    6.66721         19 0.0000e+00
      17477    728.186    372.000     3.7034   3.232049     3.7031   3.231980      98.49     0.0191     2.8796     2.5401  33.473347  3.7027540   48.80876  -45.69396    34.8363    34.8358     3.6777     3.6774    27.6891    27.6887    6.66772    6.66158         18 0.0000e+00
      17494    728.879    373.000     3.7044   3.232226     3.7041   3.232130      98.63     0.0192     2.8797     2.5398  33.472546  3.7032833   48.80876  -45.69396    34.8367    34.8360     3.6787     3.6783    27.6894    27.6888    6.66799    6.67567         16 0.0000e+00
      17510    729.537    374.000     3.7048   3.232307     3.7044   3.232227      98.64     0.0157     2.8792     2.5390  33.472527  3.7013569   48.80876  -45.69396    34.8368    34.8362     3.6789     3.6786    27.6894    27.6890    6.66955    6.68463         15 0.0000e+00
      17526    730.201    375.000     3.7051   3.232395     3.7048   3.232313      55.01     0.0165     2.8796     2.5399  33.463154  3.6953208   48.80876  -45.69396    34.8370    34.8363     3.6792     3.6789    27.6895    27.6890    6.67448    6.69197         17 0.0000e+00
      17543    730.919    376.000     3.7052   3.232461     3.7049   3.232377      49.60     0.0211     2.8795     2.5401  33.461971  3.6946299   48.80876  -45.69394    34.8371    34.8364     3.6792     3.6789    27.6896    27.6891    6.67290    6.68486         18 0.0000e+00
      17563    731.732    377.000     3.7051   3.232516     3.7049   3.232431      93.70     0.0186     2.8793     2.5393  33.464787  3.6962819   48.80876  -45.69394    34.8373    34.8365     3.6791     3.6788    27.6898    27.6892    6.67092    6.68001         21 0.0000e+00
      17586    732.698    378.000     3.7050   3.232555     3.7048   3.232468      88.13     0.0172     2.8789     2.5391  33.472286  3.6939805   48.80876  -45.69394    34.8373    34.8365     3.6789     3.6787    27.6898    27.6892    6.66416    6.68587         26 0.0000e+00
      17615    733.906    379.000     3.7050   3.232602     3.7047   3.232509      72.22     0.0171     2.8779     2.5392  33.472527  3.6953223   48.80876  -45.69394    34.8374    34.8365     3.6788     3.6785    27.6899    27.6893    6.66600    6.68738         32 0.0000e+00
      17654    735.542    380.000     3.7048   3.232639     3.7046   3.232544      84.69     0.0139     2.8769     2.5387  33.472527  3.6991720   48.80876  -45.69393    34.8375    34.8366     3.6785     3.6783    27.6900    27.6893    6.66155    6.68432         45 0.0000e+00
      17693    737.172    381.000     3.7047   3.232683     3.7044   3.232598      81.07     0.0094     2.8755     2.5384  33.472527  3.7027953   48.80876  -45.69392    34.8376    34.8369     3.6783     3.6780    27.6901    27.6896    6.65970    6.68657         30 0.0000e+00
      17717    738.157    382.000     3.7045   3.232733     3.7043   3.232645      91.62     0.0148     2.8753     2.5386  33.483631  3.7033033   48.80876  -45.69392    34.8378    34.8371     3.6781     3.6778    27.6903    27.6897    6.66398    6.69073         20 0.0000e+00
      17735    738.921    383.000     3.7045   3.232786     3.7042   3.232702      19.89     0.0173     2.8752     2.5387  33.486332  3.7032967   48.80876  -45.69392    34.8380    34.8373     3.6780     3.6777    27.6904    27.6899    6.66675    6.68691         17 0.0000e+00
      17751    739.594    384.000     3.7046   3.232840     3.7043   3.232756      43.39     0.0210     2.8750     2.5383  33.487167  3.7032967   48.80876  -45.69392    34.8380    34.8372     3.6780     3.6778    27.6904    27.6899    6.66858    6.68569         16 0.0000e+00
      17767    740.236    385.000     3.7047   3.232896     3.7045   3.232816      97.42     0.0222     2.8757     2.5381  33.472851  3.7020233   48.80876  -45.69392    34.8380    34.8373     3.6780     3.6778    27.6905    27.6899    6.66640    6.69122         15 0.0000e+00
      17782    740.873    386.000     3.7047   3.232944     3.7045   3.232868      98.63     0.0173     2.8745     2.5388  33.472527  3.7013454   48.80876  -45.69392    34.8380    34.8373     3.6780     3.6778    27.6904    27.6900    6.66452    6.69446         15 0.0000e+00
      17798    741.535    387.000     3.7048   3.233008     3.7046   3.232925      94.85     0.0161     2.8747     2.5383  33.472527  3.7027087   48.80876  -45.69392    34.8381    34.8374     3.6780     3.6778    27.6906    27.6900    6.67022    6.68957         17 0.0000e+00
      17815    742.247    388.000     3.7047   3.233051     3.7045   3.232974      46.64     0.0169     2.8750     2.5383  33.472527  3.6948814   48.80876  -45.69392    34.8382    34.8376     3.6778     3.6776    27.6906    27.6902    6.67148    6.68984         18 0.0000e+00
      17834    743.062    389.000     3.7048   3.233103     3.7045   3.233020      85.50     0.0174     2.8747     2.5380  33.472527  3.6935575   48.80876  -45.69392    34.8382    34.8375     3.6778     3.6776    27.6907    27.6901    6.67126    6.69457         21 0.0000e+00
      17860    744.145    390.000     3.7049   3.233163     3.7046   3.233075      98.39     0.0142     2.8746     2.5379  33.475769  3.6935287   48.80876  -45.69392    34.8383    34.8375     3.6779     3.6776    27.6907    27.6901    6.66504    6.68137         31 0.0000e+00
      17895    745.566    391.000     3.7051   3.233214     3.7048   3.233128      65.55     0.0173     2.8737     2.5355  33.478638  3.6946166   48.80878  -45.69390    34.8382    34.8374     3.6780     3.6777    27.6906    27.6900    6.66395    6.66517         36 0.0000e+00
      17929    747.010    392.000     3.7051   3.233261     3.7049   3.233184      98.87     0.0203     2.8726     2.5335  33.485451  3.6982896   48.80878  -45.69390    34.8382    34.8375     3.6779     3.6777    27.6906    27.6901    6.66094    6.67689         33 0.0000e+00
      17962    748.369    393.000     3.7050   3.233305     3.7048   3.233222      60.67     0.0191     2.8717     2.5336  33.473770  3.7021184   48.80878  -45.69390    34.8383    34.8375     3.6777     3.6775    27.6907    27.6901    6.65623    6.68671         32 0.0000e+00
      17991    749.566    394.000     3.7046   3.233329     3.7044   3.233244      70.79     0.0178     2.8708     2.5350  33.472500  3.7033215   48.80878  -45.69390    34.8384    34.8376     3.6773     3.6771    27.6908    27.6902    6.65994    6.70131         25 0.0000e+00
      18013    750.485    395.000     3.7045   3.233369     3.7042   3.233286      98.93     0.0173     2.8705     2.5359  33.472527  3.7032967   48.80878  -45.69390    34.8385    34.8378     3.6771     3.6769    27.6909    27.6904    6.66749    6.69762         20 0.0000e+00
      18031    751.237    396.000     3.7042   3.233388     3.7039   3.233304      47.76     0.0206     2.8710     2.5361  33.472527  3.7032967   48.80878  -45.69388    34.8385    34.8377     3.6767     3.6765    27.6910    27.6904    6.66979    6.69503         16 0.0000e+00
      18047    751.918    397.000     3.7038   3.233407     3.7035   3.233313      73.94     0.0185     2.8710     2.5363  33.472527  3.7020352   48.80878  -45.69388    34.8386    34.8378     3.6763     3.6760    27.6911    27.6905    6.66771    6.69087         16 0.0000e+00
      18063    752.586    398.000     3.7037   3.233447     3.7034   3.233361      98.74     0.0202     2.8708     2.5357  33.472527  3.7021477   48.80878  -45.69388    34.8386    34.8380     3.6761     3.6758    27.6911    27.6907    6.66559    6.69100         17 0.0000e+00
      18080    753.278    399.000     3.7036   3.233491     3.7033   3.233412      98.64     0.0182     2.8708     2.5360  33.472527  3.7010202   48.80878  -45.69388    34.8388    34.8381     3.6759     3.6757    27.6913    27.6908    6.66608    6.69461         17 0.0000e+00
      18097    754.006    400.000     3.7035   3.233531     3.7031   3.233438      70.27     0.0170     2.8707     2.5359  33.478905  3.6958084   48.80878  -45.69388    34.8388    34.8381     3.6757     3.6754    27.6914    27.6908    6.66441    6.68350         18 0.0000e+00
      18115    754.765    401.000     3.7033   3.233566     3.7031   3.233482      59.46     0.0156     2.8701     2.5343  33.483887  3.6935444   48.80878  -45.69388    34.8388    34.8381     3.6755     3.6753    27.6914    27.6908    6.66592    6.68156         18 0.0000e+00
      18136    755.628    402.000     3.7031   3.233584     3.7028   3.233503      97.85     0.0147     2.8702     2.5343  33.485916  3.6935287   48.80878  -45.69388    34.8388    34.8381     3.6752     3.6749    27.6914    27.6909    6.66933    6.69096         24 0.0000e+00
      18171    757.063    403.000     3.7020   3.233549     3.7018   3.233461      70.85     0.0194     2.8697     2.5348  33.487110  3.6935287   48.80878  -45.69387    34.8390    34.8382     3.6740     3.6738    27.6917    27.6910    6.66728    6.70069         48 0.0000e+00
      18215    758.914    404.000     3.7008   3.233502     3.7005   3.233417     101.23     0.0203     2.8696     2.5360  33.487709  3.6935287   48.80878  -45.69386    34.8392    34.8385     3.6727     3.6725    27.6920    27.6914    6.66657    6.70201         30 0.0000e+00
      18237    759.818    405.000     3.7002   3.233512     3.6999   3.233411      90.20     0.0170     2.8690     2.5355  33.487167  3.6961651   48.80878  -45.69386    34.8394    34.8385     3.6721     3.6718    27.6922    27.6915    6.66614    6.69186         19 0.0000e+00
