data/CTD/2014/CNV/d017a019.cnv
* Sea-Bird SBE 9 Data File:
* FileName = C:\CTD_ACQUISITION\2014017HUD\ctddata\017A019.hdr
* Software Version Seasave V 7.22.2
* Temperature SN = 5081
* Conductivity SN = 3561
* Number of Bytes Per Scan = 37
* Number of Voltage Words = 4
* Number of Scans Averaged by the Deck Unit = 1
* NMEA Latitude = 53 09.00 N
* NMEA Longitude = 050 44.34 W
* NMEA UTC (Time) = Jul 04 2014 21:31:06
* NMEA baud rate = 9600
** Ship: Hudson
** Cruise: HUD2014017
** Chief_Scientist: Blair Greenan
** Organization: BIO
** Area_of_Operation: Sackville Spur
** Station: 019
** Sounding:  2518
** Event_Comments: K9, 403089
# nquan = 25
# nvalues = 3073                        
# units = specified
# name 0 = scan: Scan Count
# name 1 = timeS: Time, Elapsed [seconds]
# name 2 = prDM: Pressure, Digiquartz [db]
# name 3 = t068C: Temperature [ITS-68, deg C]
# name 4 = c0S/m: Conductivity [S/m]
# name 5 = t168C: Temperature, 2 [ITS-68, deg C]
# name 6 = c1S/m: Conductivity, 2 [S/m]
# name 7 = altM: Altimeter [m]
# name 8 = flC: Fluorescence, Chelsea Aqua 3 Chl Con [ug/l]
# name 9 = sbeox0V: Oxygen raw, SBE 43 [V]
# name 10 = sbeox1V: Oxygen raw, SBE 43, 2 [V]
# name 11 = upoly0: Upoly 0, Optode 4330F - O2 D-Phase
# name 12 = upoly1: Upoly 1, Optode 4330F - O2 Temp
# name 13 = latitude: Latitude [deg]
# name 14 = longitude: Longitude [deg]
# name 15 = sal00: Salinity, Practical [PSU]
# name 16 = sal11: Salinity, Practical, 2 [PSU]
# name 17 = potemp068C: Potential Temperature [ITS-68, deg C]
# name 18 = potemp168C: Potential Temperature, 2 [ITS-68, deg C]
# name 19 = sigma-é00: Density [sigma-theta, Kg/m^3]
# name 20 = sigma-é11: Density, 2 [sigma-theta, Kg/m^3]
# name 21 = sbeox0ML/L: Oxygen, SBE 43 [ml/l], WS = 2
# name 22 = sbeox1ML/L: Oxygen, SBE 43, 2 [ml/l], WS = 2
# name 23 = nbin: number of scans per bin
# name 24 = flag: flag
# span 0 =       4773,      80405       
# span 1 =    198.825,   3350.183       
# span 2 =      1.000,   3073.000       
# span 3 =     1.8685,     8.8706       
# span 4 =   3.184416,   3.651466       
# span 5 =     1.8676,     8.8695       
# span 6 =   3.184345,   3.651386       
# span 7 =       0.51,     107.72       
# span 8 =     0.0041,     0.2655       
# span 9 =     2.1184,     3.4370       
# span 10 =     1.8766,     3.0100      
# span 11 =  29.995941,  35.587673      
# span 12 =  1.8560565,  8.8777218      
# span 13 =   53.15040,   53.15234      
# span 14 =  -50.73865,  -50.73314      
# span 15 =    34.4614,    34.9149      
# span 16 =    34.4613,    34.9144      
# span 17 =     1.6392,     8.8699      
# span 18 =     1.6382,     8.8690      
# span 19 =    26.7174,    27.9149      
# span 20 =    26.7175,    27.9153      
# span 21 =    6.23740,    7.29173      
# span 22 =    6.20871,    7.28733      
# span 23 =          9,         89      
# span 24 = 0.0000e+00, 0.0000e+00      
# interval = decibars: 1                
# start_time = Jul 04 2014 21:31:06 [NMEA time, header]
# bad_flag = -9.990e-29
*END*
[from data line 2319]
      61400   2558.305   2320.000     2.9017   3.249508     2.9014   3.249443      98.53     0.0119     2.2396     1.9814  35.387417  2.9090717   53.15206  -50.73468    34.9126    34.9121     2.7210     2.7207    27.8408    27.8404    6.40409    6.36055         16 0.0000e+00
      61419   2559.076   2321.000     2.9007   3.249459     2.9003   3.249368      64.87     0.0129     2.2394     1.9812  35.379250  2.9028802   53.15206  -50.73468    34.9126    34.9120     2.7199     2.7195    27.8408    27.8404    6.40785    6.36405         24 0.0000e+00
      61488   2561.965   2322.000     2.9019   3.249592     2.9014   3.249514      97.79     0.0145     2.2392     1.9800  35.375786  2.8989694   53.15206  -50.73468    34.9125    34.9120     2.7210     2.7205    27.8407    27.8403    6.41354    6.36150         28 0.0000e+00
      61519   2563.233   2323.000     2.9001   3.249490     2.8995   3.249382      95.10     0.0125     2.2394     1.9801  35.377304  2.9016998   53.15206  -50.73468    34.9127    34.9120     2.7191     2.7185    27.8410    27.8405    6.41701    6.36758         15 0.0000e+00
      61532   2563.797   2324.000     2.8982   3.249363     2.8977   3.249261      51.85     0.0135     2.2392     1.9799  35.376152  2.9023261   53.15206  -50.73468    34.9126    34.9120     2.7172     2.7166    27.8411    27.8407    6.41213    6.36282         13 0.0000e+00
      61546   2564.361   2325.000     2.8952   3.249133     2.8947   3.249039      93.61     0.0142     2.2402     1.9798  35.382599  2.8980820   53.15206  -50.73468    34.9126    34.9120     2.7141     2.7137    27.8414    27.8409    6.40967    6.36441         14 0.0000e+00
      61560   2564.951   2326.000     2.8936   3.249027     2.8930   3.248932      44.20     0.0122     2.2386     1.9796  35.391834  2.8984096   53.15206  -50.73466    34.9126    34.9120     2.7125     2.7119    27.8415    27.8411    6.40759    6.36333         15 0.0000e+00
      61576   2565.627   2327.000     2.8907   3.248806     2.8902   3.248703      92.68     0.0134     2.2393     1.9796  35.391941  2.8969343   53.15206  -50.73466    34.9126    34.9119     2.7095     2.7090    27.8418    27.8412    6.42313    6.36656         18 0.0000e+00
      61596   2566.468   2328.000     2.8875   3.248558     2.8870   3.248467      98.46     0.0181     2.2393     1.9794  35.383362  2.8898573   53.15206  -50.73466    34.9125    34.9119     2.7063     2.7058    27.8420    27.8415    6.41837    6.36517         23 0.0000e+00
      61629   2567.840   2329.000     2.8857   3.248428     2.8856   3.248370      79.96     0.0172     2.2392     1.9790  35.377083  2.8832455   53.15207  -50.73466    34.9123    34.9118     2.7044     2.7043    27.8420    27.8416    6.41744    6.36644         46 0.0000e+00
      61675   2569.756   2330.000     2.8852   3.248418     2.8851   3.248370     100.46     0.0135     2.2390     1.9793  35.374054  2.8827839   53.15208  -50.73466    34.9123    34.9118     2.7038     2.7037    27.8421    27.8417    6.41265    6.37989         34 0.0000e+00
      61700   2570.784   2331.000     2.8854   3.248488     2.8848   3.248393      62.72     0.0132     2.2388     1.9795  35.356548  2.8827839   53.15208  -50.73466    34.9125    34.9120     2.7039     2.7033    27.8422    27.8418    6.41681    6.36982         21 0.0000e+00
      61719   2571.578   2332.000     2.8850   3.248495     2.8843   3.248391      18.25     0.0132     2.2385     1.9793  35.356106  2.8827839   53.15208  -50.73466    34.9125    34.9120     2.7034     2.7028    27.8423    27.8419    6.42020    6.37136         18 0.0000e+00
      61737   2572.343   2333.000     2.8847   3.248512     2.8837   3.248384      98.98     0.0122     2.2389     1.9793  35.354912  2.8827839   53.15208  -50.73466    34.9126    34.9120     2.7030     2.7021    27.8423    27.8420    6.41564    6.37247         19 0.0000e+00
      61759   2573.241   2334.000     2.8840   3.248480     2.8835   3.248407      90.50     0.0114     2.2384     1.9789  35.352570  2.8827839   53.15208  -50.73464    34.9124    34.9120     2.7023     2.7018    27.8423    27.8420    6.41581    6.36621         26 0.0000e+00
      61799   2574.934   2335.000     2.8842   3.248529     2.8836   3.248438      82.81     0.0176     2.2381     1.9790  35.370007  2.8786862   53.15208  -50.73464    34.9123    34.9119     2.7024     2.7018    27.8422    27.8419    6.41836    6.37721         53 0.0000e+00
      61837   2576.515   2336.000     2.8834   3.248520     2.8829   3.248420      82.51     0.0169     2.2380     1.9789  35.364544  2.8795571   53.15208  -50.73464    34.9126    34.9119     2.7015     2.7010    27.8425    27.8420    6.41706    6.36991         21 0.0000e+00
      61854   2577.223   2337.000     2.8830   3.248524     2.8824   3.248432      60.06     0.0207     2.2381     1.9788  35.359928  2.8827572   53.15208  -50.73464    34.9126    34.9121     2.7010     2.7004    27.8426    27.8422    6.42040    6.37232         16 0.0000e+00
      61869   2577.849   2338.000     2.8830   3.248568     2.8823   3.248468      98.29     0.0187     2.2379     1.9787  35.358463  2.8827839   53.15208  -50.73464    34.9127    34.9121     2.7009     2.7002    27.8426    27.8423    6.41363    6.37321         14 0.0000e+00
      61884   2578.459   2339.000     2.8829   3.248595     2.8823   3.248499      98.63     0.0169     2.2374     1.9786  35.348949  2.8814797   53.15208  -50.73464    34.9126    34.9121     2.7007     2.7001    27.8426    27.8423    6.41562    6.37188         15 0.0000e+00
      61900   2579.123   2340.000     2.8830   3.248637     2.8824   3.248538      98.64     0.0155     2.2377     1.9785  35.357464  2.8816915   53.15208  -50.73464    34.9126    34.9120     2.7007     2.7001    27.8426    27.8422    6.41647    6.37428         18 0.0000e+00
      61922   2580.046   2341.000     2.8822   3.248603     2.8812   3.248471      67.86     0.0168     2.2370     1.9784  35.355740  2.8780515   53.15208  -50.73464    34.9125    34.9119     2.6998     2.6989    27.8426    27.8422    6.41623    6.37431         29 0.0000e+00
      61984   2582.633   2342.000     2.8827   3.248659     2.8813   3.248522      68.18     0.0121     2.2365     1.9782  35.374348  2.8718615   53.15210  -50.73464    34.9122    34.9120     2.7002     2.6989    27.8423    27.8422    6.41021    6.37707         53 0.0000e+00
      62011   2583.770   2343.000     2.8821   3.248679     2.8811   3.248551      99.17     0.0125     2.2354     1.9783  35.372135  2.8730159   53.15210  -50.73463    34.9126    34.9121     2.6995     2.6985    27.8427    27.8424    6.41054    6.37462         17 0.0000e+00
      62028   2584.449   2344.000     2.8810   3.248622     2.8803   3.248529      98.63     0.0133     2.2357     1.9779  35.360611  2.8779838   53.15210  -50.73462    34.9126    34.9122     2.6983     2.6977    27.8428    27.8425    6.42389    6.36908         16 0.0000e+00
      62043   2585.103   2345.000     2.8794   3.248521     2.8787   3.248434      98.63     0.0155     2.2357     1.9776  35.355320  2.8827770   53.15210  -50.73462    34.9126    34.9122     2.6967     2.6960    27.8429    27.8426    6.42164    6.36749         16 0.0000e+00
      62060   2585.786   2346.000     2.8793   3.248551     2.8786   3.248457      56.77     0.0169     2.2359     1.9773  35.355740  2.8827839   53.15210  -50.73462    34.9126    34.9122     2.6965     2.6959    27.8429    27.8427    6.41301    6.37159         17 0.0000e+00
      62078   2586.561   2347.000     2.8791   3.248569     2.8784   3.248466      84.67     0.0160     2.2352     1.9773  35.351654  2.8764443   53.15210  -50.73462    34.9126    34.9120     2.6962     2.6956    27.8430    27.8426    6.40840    6.37252         20 0.0000e+00
      62102   2587.525   2348.000     2.8789   3.248589     2.8779   3.248463      98.40     0.0184     2.2348     1.9769  35.354984  2.8730724   53.15210  -50.73462    34.9125    34.9121     2.6959     2.6949    27.8429    27.8427    6.41395    6.37378         27 0.0000e+00
      62130   2588.698   2349.000     2.8785   3.248591     2.8778   3.248483      65.80     0.0144     2.2348     1.9770  35.366405  2.8723118   53.15210  -50.73462    34.9125    34.9120     2.6954     2.6947    27.8430    27.8426    6.41471    6.37665         28 0.0000e+00
      62157   2589.834   2350.000     2.8763   3.248436     2.8762   3.248387      51.59     0.0141     2.2344     1.9766  35.370033  2.8726466   53.15210  -50.73462    34.9125    34.9120     2.6932     2.6930    27.8432    27.8428    6.41462    6.37251         26 0.0000e+00
      62182   2590.866   2351.000     2.8739   3.248268     2.8745   3.248264      82.90     0.0170     2.2338     1.9764  35.376759  2.8730204   53.15210  -50.73462    34.9125    34.9118     2.6908     2.6913    27.8434    27.8428    6.41556    6.37439         24 0.0000e+00
      62205   2591.851   2352.000     2.8738   3.248299     2.8736   3.248244      55.40     0.0153     2.2342     1.9761  35.377300  2.8730159   53.15210  -50.73462    34.9125    34.9121     2.6906     2.6903    27.8434    27.8431    6.42039    6.37403         23 0.0000e+00
      62228   2592.772   2353.000     2.8749   3.248435     2.8743   3.248345      92.96     0.0117     2.2337     1.9762  35.377289  2.8681266   53.15210  -50.73462    34.9126    34.9121     2.6915     2.6909    27.8434    27.8431    6.42437    6.37586         22 0.0000e+00
      62249   2593.649   2354.000     2.8724   3.248246     2.8726   3.248219      94.37     0.0143     2.2344     1.9759  35.377289  2.8683600   53.15210  -50.73462    34.9125    34.9120     2.6889     2.6957    27.8435    27.8431    6.41861    6.38075         21 0.0000e+00
      62270   2594.553   2355.000     2.8699   3.248068     2.8696   3.248001      73.70     0.0150     2.2334     1.9762  35.361477  2.8641815   53.15210  -50.73462    34.9125    34.9120     2.6864     2.6862    27.8438    27.8434    6.41695    6.38847         22 0.0000e+00
      62295   2595.583   2356.000     2.8697   3.248093     2.8693   3.248008      80.87     0.0136     2.2337     1.9764  35.353954  2.8632479   53.15210  -50.73460    34.9125    34.9120     2.6861     2.6857    27.8438    27.8434    6.41364    6.38305         27 0.0000e+00
      62322   2596.722   2357.000     2.8695   3.248113     2.8688   3.247995      98.85     0.0193     2.2327     1.9761  35.356152  2.8632479   53.15210  -50.73460    34.9125    34.9119     2.6859     2.6851    27.8438    27.8434    6.40940    6.37110         27 0.0000e+00
      62348   2597.812   2358.000     2.8696   3.248163     2.8685   3.248015      57.67     0.0189     2.2321     1.9754  35.361561  2.8632479   53.15211  -50.73460    34.9125    34.9119     2.6859     2.6848    27.8438    27.8434    6.41164    6.37068         25 0.0000e+00
      62373   2598.849   2359.000     2.8693   3.248164     2.8685   3.248061      96.92     0.0137     2.2319     1.9752  35.362633  2.8632479   53.15212  -50.73460    34.9125    34.9120     2.6854     2.6847    27.8438    27.8435    6.41817    6.37705         26 0.0000e+00
      62400   2599.978   2360.000     2.8692   3.248205     2.8687   3.248114      98.63     0.0104     2.2319     1.9750  35.366821  2.8632479   53.15212  -50.73460    34.9125    34.9120     2.6853     2.6848    27.8439    27.8435    6.41600    6.37796         28 0.0000e+00
      62428   2601.104   2361.000     2.8690   3.248221     2.8684   3.248134      55.49     0.0109     2.2322     1.9750  35.367931  2.8632479   53.15212  -50.73460    34.9125    34.9120     2.6849     2.6844    27.8439    27.8436    6.42744    6.38058         25 0.0000e+00
      62449   2601.996   2362.000     2.8678   3.248168     2.8669   3.248033      99.43     0.0151     2.2316     1.9748  35.369171  2.8632479   53.15212  -50.73458    34.9126    34.9120     2.6837     2.6828    27.8441    27.8437    6.40786    6.37326         18 0.0000e+00
      62466   2602.719   2363.000     2.8662   3.248066     2.8652   3.247925      98.64     0.0174     2.2311     1.9745  35.375664  2.8632479   53.15212  -50.73458    34.9126    34.9120     2.6820     2.6810    27.8443    27.8439    6.41473    6.37083         17 0.0000e+00
      62482   2603.389   2364.000     2.8647   3.247972     2.8642   3.247883      91.56     0.0168     2.2316     1.9741  35.376366  2.8632479   53.15212  -50.73458    34.9126    34.9121     2.6805     2.6799    27.8444    27.8440    6.41913    6.37599         16 0.0000e+00
      62499   2604.099   2365.000     2.8561   3.247243     2.8543   3.247050      49.80     0.0168     2.2311     1.9741  35.376514  2.8627520   53.15212  -50.73458    34.9125    34.9115     2.6719     2.6701    27.8451    27.8444    6.41160    6.37209         19 0.0000e+00
      62533   2605.499   2366.000     2.8537   3.247055     2.8534   3.246994      94.29     0.0154     2.2306     1.9735  35.377224  2.8594453   53.15212  -50.73458    34.9124    34.9118     2.6694     2.6692    27.8452    27.8448    6.42253    6.37568         38 0.0000e+00
      62606   2608.527   2367.000     2.8555   3.247280     2.8555   3.247221      50.24     0.0158     2.2302     1.9731  35.377289  2.8514102   53.15212  -50.73456    34.9126    34.9119     2.6711     2.6712    27.8452    27.8446    6.41327    6.37289         16 0.0000e+00
      62618   2609.050   2368.000     2.8543   3.247205     2.8537   3.247114      37.31     0.0175     2.2298     1.9729  35.377289  2.8535061   53.15212  -50.73456    34.9126    34.9121     2.6698     2.6692    27.8453    27.8450    6.41739    6.37410         13 0.0000e+00
      62631   2609.579   2369.000     2.8540   3.247219     2.8533   3.247129      73.68     0.0171     2.2298     1.9729  35.377289  2.8534799   53.15212  -50.73456    34.9126    34.9122     2.6694     2.6688    27.8454    27.8451    6.41523    6.37449         13 0.0000e+00
      62644   2610.104   2370.000     2.8531   3.247186     2.8526   3.247092      40.04     0.0173     2.2291     1.9726  35.377289  2.8534799   53.15212  -50.73456    34.9127    34.9121     2.6685     2.6679    27.8455    27.8451    6.41003    6.36987         13 0.0000e+00
      62657   2610.666   2371.000     2.8529   3.247210     2.8522   3.247104      96.57     0.0176     2.2295     1.9722  35.377289  2.8534799   53.15212  -50.73456    34.9126    34.9121     2.6682     2.6675    27.8455    27.8451    6.42730    6.36965         14 0.0000e+00
      62673   2611.329   2372.000     2.8526   3.247205     2.8521   3.247128      94.91     0.0162     2.2296     1.9719  35.377289  2.8534799   53.15212  -50.73456    34.9125    34.9121     2.6678     2.6673    27.8454    27.8451    6.42643    6.37900         18 0.0000e+00
      62702   2612.537   2373.000     2.8531   3.247288     2.8526   3.247197      75.70     0.0197     2.2292     1.9720  35.385693  2.8482282   53.15212  -50.73456    34.9124    34.9119     2.6682     2.6677    27.8453    27.8450    6.41879    6.38049         48 0.0000e+00
      62751   2614.599   2374.000     2.8520   3.247231     2.8521   3.247184     102.94     0.0159     2.2288     1.9720  35.392750  2.8442836   53.15212  -50.73456    34.9125    34.9118     2.6670     2.6671    27.8455    27.8450    6.42418    6.38019         29 0.0000e+00
      62768   2615.305   2375.000     2.8455   3.246707     2.8456   3.246628      98.63     0.0114     2.2287     1.9719  35.391941  2.8455734   53.15212  -50.73456    34.9126    34.9116     2.6605     2.6606    27.8461    27.8453    6.41707    6.37698         16 0.0000e+00
      62783   2615.933   2376.000     2.8389   3.246170     2.8383   3.246034      34.57     0.0119     2.2285     1.9716  35.389938  2.8436661   53.15212  -50.73454    34.9126    34.9120     2.6540     2.6719    27.8468    27.8463    6.41433    6.37384         15 0.0000e+00
