data/CTD/2014/CNV/d017a013.cnv
* Sea-Bird SBE 9 Data File:
* FileName = C:\CTD_ACQUISITION\2014017HUD\ctddata\017A013.hdr
* Software Version Seasave V 7.22.2
* Temperature SN = 5081
* Conductivity SN = 3561
* Number of Bytes Per Scan = 37
* Number of Voltage Words = 4
* Number of Scans Averaged by the Deck Unit = 1
* NMEA Latitude = 52 49.18 N
* NMEA Longitude = 051 25.44 W
* NMEA UTC (Time) = Jul 03 2014 23:45:42
* NMEA baud rate = 9600
** Ship: Hudson
** Cruise: HUD2014017
** Chief_Scientist: Blair Greenan
** Organization: BIO
** Area_of_Operation: Sackville Spur
** Station: 013
** Sounding:  1581
** Event_Comments: K7, 403035
# nquan = 25
# nvalues = 1642                        
# units = specified
# name 0 = scan: Scan Count
# name 1 = timeS: Time, Elapsed [seconds]
# name 2 = prDM: Pressure, Digiquartz [db]
# name 3 = t068C: Temperature [ITS-68, deg C]
# name 4 = c0S/m: Conductivity [S/m]
# name 5 = t168C: Temperature, 2 [ITS-68, deg C]
# name 6 = c1S/m: Conductivity, 2 [S/m]
# name 7 = altM: Altimeter [m]
# name 8 = flC: Fluorescence, Chelsea Aqua 3 Chl Con [ug/l]
# name 9 = sbeox0V: Oxygen raw, SBE 43 [V]
# name 10 = sbeox1V: Oxygen raw, SBE 43, 2 [V]
# name 11 = upoly0: Upoly 0, Optode 4330F - O2 D-Phase
# name 12 = upoly1: Upoly 1, Optode 4330F - O2 Temp
# name 13 = latitude: Latitude [deg]
# name 14 = longitude: Longitude [deg]
# name 15 = sal00: Salinity, Practical [PSU]
# name 16 = sal11: Salinity, Practical, 2 [PSU]
# name 17 = potemp068C: Potential Temperature [ITS-68, deg C]
# name 18 = potemp168C: Potential Temperature, 2 [ITS-68, deg C]
# name 19 = sigma-é00: Density [sigma-theta, Kg/m^3]
# name 20 = sigma-é11: Density, 2 [sigma-theta, Kg/m^3]
# name 21 = sbeox0ML/L: Oxygen, SBE 43 [ml/l], WS = 2
# name 22 = sbeox1ML/L: Oxygen, SBE 43, 2 [ml/l], WS = 2
# name 23 = nbin: number of scans per bin
# name 24 = flag: flag
# span 0 =       5830,      47424       
# span 1 =    242.861,   1975.976       
# span 2 =      2.000,   1643.000       
# span 3 =     3.3394,     5.9286       
# span 4 =   3.072360,   3.365187       
# span 5 =     3.3384,     5.9288       
# span 6 =   3.072705,   3.365617       
# span 7 =       3.10,     107.62       
# span 8 =     0.0058,     0.3494       
# span 9 =     2.3959,     3.6592       
# span 10 =     2.1184,     3.2074      
# span 11 =  29.985849,  34.940079      
# span 12 =  2.7412505,  5.7642817      
# span 13 =   52.81761,   52.81958      
# span 14 =  -51.42244,  -51.41138      
# span 15 =    32.6500,    34.9151      
# span 16 =    32.6482,    34.9140      
# span 17 =     3.2146,     5.9266      
# span 18 =     3.2140,     5.9268      
# span 19 =    25.8066,    27.7964      
# span 20 =    25.8053,    27.7958      
# span 21 =    6.29377,    8.59479      
# span 22 =    6.27233,    8.59085      
# span 23 =         11,         85      
# span 24 = 0.0000e+00, 0.0000e+00      
# interval = decibars: 1                
# start_time = Jul 03 2014 23:45:42 [NMEA time, header]
# bad_flag = -9.990e-29
*END*
[from data line 1160]
      34484   1436.796   1162.000     3.5767   3.259454     3.5763   3.259313      89.28     0.0164     2.5906     2.2904  34.149868  3.5665445   52.81850  -51.41390    34.8842    34.8830     3.4904     3.4918    27.7459    27.7450    6.50847    6.51265         41 0.0000e+00
      34513   1438.017   1163.000     3.5771   3.259560     3.5768   3.259429      95.03     0.0178     2.5902     2.2902  34.154720  3.5665445   52.81850  -51.41390    34.8845    34.8833     3.4908     3.4904    27.7461    27.7452    6.50282    6.50834         20 0.0000e+00
      34531   1438.766   1164.000     3.5777   3.259678     3.5775   3.259535      93.69     0.0190     2.5896     2.2900  34.154270  3.5665445   52.81850  -51.41389    34.8848    34.8834     3.4912     3.4910    27.7463    27.7452    6.50141    6.49897         17 0.0000e+00
      34548   1439.464   1165.000     3.5779   3.259735     3.5775   3.259591      98.67     0.0211     2.5895     2.2888  34.154274  3.5665445   52.81850  -51.41388    34.8848    34.8834     3.4913     3.4910    27.7463    27.7453    6.50199    6.49114         17 0.0000e+00
      34566   1440.193   1166.000     3.5778   3.259766     3.5773   3.259607      72.48     0.0208     2.5889     2.2880  34.155743  3.5665445   52.81850  -51.41388    34.8848    34.8833     3.4911     3.4907    27.7463    27.7452    6.49992    6.49820         19 0.0000e+00
      34588   1441.115   1167.000     3.5781   3.259840     3.5777   3.259684      97.23     0.0194     2.5880     2.2880  34.153179  3.5665445   52.81852  -51.41388    34.8847    34.8834     3.4914     3.4909    27.7463    27.7453    6.50026    6.50746         27 0.0000e+00
      34635   1443.070   1168.000     3.5785   3.259898     3.5779   3.259742      89.81     0.0190     2.5883     2.2874  34.157494  3.5665445   52.81852  -51.41386    34.8846    34.8833     3.4917     3.4911    27.7461    27.7452    6.50820    6.50395         61 0.0000e+00
      34677   1444.824   1169.000     3.5785   3.259956     3.5780   3.259798      98.99     0.0192     2.5876     2.2878  34.160667  3.5674295   52.81852  -51.41385    34.8848    34.8834     3.4916     3.4911    27.7463    27.7452    6.50626    6.51667         23 0.0000e+00
      34695   1445.592   1170.000     3.5784   3.260007     3.5780   3.259846      95.31     0.0182     2.5882     2.2881  34.161194  3.5728381   52.81852  -51.41384    34.8849    34.8835     3.4915     3.4910    27.7464    27.7453    6.50126    6.51801         16 0.0000e+00
      34710   1446.208   1171.000     3.5785   3.260051     3.5780   3.259901      48.40     0.0163     2.5870     2.2885  34.161171  3.5713880   52.81854  -51.41384    34.8848    34.8836     3.4914     3.4909    27.7464    27.7454    6.49451    6.51709         14 0.0000e+00
      34723   1446.757   1172.000     3.5785   3.260098     3.5780   3.259944      96.16     0.0172     2.5863     2.2887  34.166874  3.5718086   52.81854  -51.41384    34.8849    34.8836     3.4913     3.4909    27.7464    27.7454    6.49812    6.51162         13 0.0000e+00
      34736   1447.283   1173.000     3.5785   3.260141     3.5780   3.259996      98.58     0.0152     2.5870     2.2881  34.180111  3.5666308   52.81854  -51.41384    34.8848    34.8837     3.4913     3.4908    27.7464    27.7455    6.50076    6.50623         13 0.0000e+00
      34749   1447.826   1174.000     3.5788   3.260215     3.5783   3.260059      98.63     0.0120     2.5853     2.2879  34.183666  3.5665445   52.81854  -51.41384    34.8849    34.8836     3.4915     3.4910    27.7464    27.7454    6.49794    6.50412         13 0.0000e+00
      34764   1448.474   1175.000     3.5790   3.260277     3.5785   3.260102      97.55     0.0107     2.5860     2.2875  34.181320  3.5665445   52.81854  -51.41384    34.8850    34.8835     3.4916     3.4911    27.7465    27.7453    6.50415    6.50734         19 0.0000e+00
      34815   1450.597   1176.000     3.5791   3.260310     3.5786   3.260146      74.51     0.0156     2.5850     2.2868  34.182163  3.5665445   52.81854  -51.41381    34.8847    34.8833     3.4917     3.4911    27.7462    27.7452    6.49793    6.50502         35 0.0000e+00
      34864   1452.608   1177.000     3.5791   3.260367     3.5787   3.260213      82.38     0.0163     2.5845     2.2859  34.182739  3.5665445   52.81854  -51.41380    34.8849    34.8835     3.4915     3.4911    27.7464    27.7453    6.50099    6.50315         17 0.0000e+00
      34878   1453.228   1178.000     3.5794   3.260442     3.5790   3.260286      98.60     0.0152     2.5844     2.2858  34.166698  3.5762930   52.81854  -51.41380    34.8850    34.8836     3.4917     3.4913    27.7464    27.7454    6.50027    6.50532         16 0.0000e+00
      34894   1453.860   1179.000     3.5793   3.260485     3.5789   3.260327      11.53     0.0154     2.5838     2.2856  34.163204  3.5763125   52.81855  -51.41380    34.8851    34.8836     3.4916     3.4912    27.7465    27.7454    6.49937    6.50445         15 0.0000e+00
      34909   1454.498   1180.000     3.5793   3.260524     3.5789   3.260370      79.20     0.0140     2.5842     2.2854  34.165070  3.5763125   52.81856  -51.41380    34.8850    34.8836     3.4915     3.4911    27.7465    27.7454    6.50331    6.50243         15 0.0000e+00
      34925   1455.176   1181.000     3.5795   3.260576     3.5790   3.260428      67.37     0.0151     2.5836     2.2850  34.182041  3.5677783   52.81856  -51.41380    34.8849    34.8837     3.4916     3.4911    27.7464    27.7454    6.49848    6.50280         18 0.0000e+00
      34945   1455.985   1182.000     3.5795   3.260611     3.5791   3.260466      97.40     0.0136     2.5834     2.2849  34.181839  3.5665908   52.81856  -51.41378    34.8849    34.8836     3.4915     3.4911    27.7464    27.7454    6.50186    6.50574         22 0.0000e+00
      34981   1457.503   1183.000     3.5797   3.260664     3.5792   3.260509      82.96     0.0183     2.5824     2.2843  34.182686  3.5665445   52.81856  -51.41377    34.8848    34.8835     3.4916     3.4911    27.7463    27.7453    6.49500    6.50398         53 0.0000e+00
      35026   1459.380   1184.000     3.5799   3.260729     3.5794   3.260573      99.92     0.0116     2.5822     2.2841  34.186985  3.5747330   52.81856  -51.41376    34.8848    34.8835     3.4918     3.4913    27.7463    27.7453    6.50320    6.50671         27 0.0000e+00
      35047   1460.254   1185.000     3.5800   3.260784     3.5795   3.260631      98.63     0.0123     2.5818     2.2838  34.187565  3.5763667   52.81856  -51.41374    34.8849    34.8836     3.4917     3.4912    27.7464    27.7454    6.49425    6.50126         20 0.0000e+00
      35065   1460.995   1186.000     3.5800   3.260841     3.5795   3.260674      72.88     0.0160     2.5813     2.2836  34.185318  3.5763125   52.81856  -51.41374    34.8850    34.8836     3.4917     3.4912    27.7465    27.7454    6.49674    6.49892         17 0.0000e+00
      35081   1461.666   1187.000     3.5801   3.260899     3.5795   3.260727      88.85     0.0164     2.5813     2.2829  34.182663  3.5763125   52.81856  -51.41374    34.8852    34.8837     3.4916     3.4911    27.7466    27.7455    6.49972    6.50236         15 0.0000e+00
      35097   1462.313   1188.000     3.5805   3.260995     3.5800   3.260834      98.64     0.0167     2.5809     2.2832  34.184067  3.5763125   52.81856  -51.41374    34.8853    34.8840     3.4920     3.4915    27.7467    27.7457    6.50152    6.51123         16 0.0000e+00
      35113   1462.993   1189.000     3.5810   3.261083     3.5803   3.260902      98.64     0.0189     2.5813     2.2834  34.182732  3.5706251   52.81856  -51.41374    34.8854    34.8840     3.4924     3.4917    27.7467    27.7456    6.50306    6.51116         17 0.0000e+00
      35132   1463.810   1190.000     3.5811   3.261127     3.5804   3.260957      81.29     0.0145     2.5809     2.2833  34.182209  3.5678947   52.81856  -51.41374    34.8853    34.8839     3.4924     3.4918    27.7466    27.7456    6.50029    6.50922         23 0.0000e+00
      35176   1465.640   1191.000     3.5811   3.261157     3.5806   3.260999      78.56     0.0113     2.5801     2.2827  34.188442  3.5686579   52.81857  -51.41372    34.8851    34.8838     3.4924     3.4918    27.7465    27.7455    6.49734    6.50142         68 0.0000e+00
      35226   1467.696   1192.000     3.5809   3.261179     3.5805   3.261033      83.66     0.0123     2.5799     2.2817  34.183270  3.5765977   52.81858  -51.41370    34.8851    34.8837     3.4921     3.4917    27.7465    27.7455    6.50483    6.50065         23 0.0000e+00
      35244   1468.470   1193.000     3.5809   3.261217     3.5803   3.261052      98.84     0.0139     2.5798     2.2813  34.181835  3.5763125   52.81858  -51.41370    34.8850    34.8837     3.4920     3.4913    27.7465    27.7455    6.49753    6.50051         17 0.0000e+00
      35260   1469.143   1194.000     3.5810   3.261295     3.5804   3.261121      98.64     0.0137     2.5794     2.2812  34.185879  3.5763125   52.81858  -51.41370    34.8853    34.8839     3.4920     3.4914    27.7466    27.7456    6.49231    6.50223         16 0.0000e+00
      35275   1469.767   1195.000     3.5816   3.261408     3.5807   3.261215      85.36     0.0167     2.5787     2.2812  34.181084  3.5763125   52.81858  -51.41369    34.8856    34.8842     3.4925     3.4916    27.7468    27.7458    6.49437    6.50313         14 0.0000e+00
      35290   1470.377   1196.000     3.5817   3.261467     3.5811   3.261302      69.58     0.0192     2.5791     2.2810  34.183647  3.5763125   52.81858  -51.41368    34.8856    34.8843     3.4925     3.4919    27.7469    27.7459    6.49329    6.50366         15 0.0000e+00
      35306   1471.026   1197.000     3.5816   3.261504     3.5810   3.261349      97.97     0.0188     2.5779     2.2809  34.186951  3.5751896   52.81858  -51.41368    34.8857    34.8844     3.4923     3.4918    27.7469    27.7460    6.48410    6.50332         17 0.0000e+00
      35324   1471.805   1198.000     3.5817   3.261552     3.5812   3.261390      90.66     0.0190     2.5772     2.2807  34.190350  3.5758226   52.81858  -51.41368    34.8856    34.8842     3.4923     3.4918    27.7469    27.7458    6.49554    6.50381         21 0.0000e+00
      35357   1473.163   1199.000     3.5821   3.261608     3.5815   3.261448      58.31     0.0185     2.5774     2.2803  34.190475  3.5743332   52.81858  -51.41367    34.8854    34.8841     3.4926     3.4921    27.7467    27.7457    6.49926    6.50056         47 0.0000e+00
      35401   1475.008   1200.000     3.5822   3.261668     3.5817   3.261505      95.08     0.0203     2.5765     2.2798  34.200310  3.5742409   52.81858  -51.41366    34.8855    34.8840     3.4927     3.4922    27.7467    27.7456    6.49044    6.50630         33 0.0000e+00
      35428   1476.117   1201.000     3.5820   3.261709     3.5814   3.261543      62.96     0.0156     2.5765     2.2799  34.209213  3.5763721   52.81858  -51.41364    34.8857    34.8843     3.4924     3.4918    27.7469    27.7459    6.48458    6.50456         23 0.0000e+00
      35448   1476.966   1202.000     3.5820   3.261757     3.5814   3.261589      99.09     0.0146     2.5743     2.2797  34.196533  3.5763125   52.81858  -51.41364    34.8857    34.8843     3.4923     3.4917    27.7470    27.7459    6.46921    6.50303         19 0.0000e+00
      35465   1477.677   1203.000     3.5820   3.261809     3.5814   3.261637      98.63     0.0183     2.5742     2.2796  34.190559  3.5763125   52.81859  -51.41364    34.8858    34.8844     3.4923     3.4917    27.7470    27.7460    6.47571    6.50092         16 0.0000e+00
      35481   1478.335   1204.000     3.5820   3.261850     3.5814   3.261688      98.63     0.0171     2.5724     2.2791  34.190475  3.5763125   52.81860  -51.41364    34.8858    34.8845     3.4921     3.4915    27.7471    27.7461    6.47523    6.49246         15 0.0000e+00
      35498   1479.023   1205.000     3.5820   3.261896     3.5814   3.261738      98.63     0.0142     2.5724     2.2784  34.207626  3.5763125   52.81860  -51.41364    34.8859    34.8846     3.4921     3.4915    27.7471    27.7461    6.48480    6.48570         18 0.0000e+00
      35522   1480.035   1206.000     3.5823   3.261946     3.5817   3.261791      96.95     0.0161     2.5725     2.2772  34.211365  3.5760789   52.81860  -51.41363    34.8857    34.8844     3.4922     3.4917    27.7469    27.7460    6.49200    6.49121         37 0.0000e+00
      35582   1482.533   1207.000     3.5825   3.262008     3.5820   3.261853      73.64     0.0172     2.5723     2.2773  34.210613  3.5744977   52.81860  -51.41360    34.8856    34.8843     3.4924     3.4919    27.7469    27.7459    6.48877    6.50705         48 0.0000e+00
      35600   1483.301   1208.000     3.5821   3.262034     3.5817   3.261877      99.06     0.0187     2.5724     2.2771  34.190018  3.5763443   52.81860  -51.41360    34.8858    34.8845     3.4920     3.4915    27.7471    27.7461    6.49082    6.49696         16 0.0000e+00
      35615   1483.923   1209.000     3.5821   3.262068     3.5815   3.261911      73.40     0.0189     2.5722     2.2769  34.190475  3.5763125   52.81860  -51.41359    34.8858    34.8845     3.4918     3.4912    27.7471    27.7461    6.49069    6.49295         15 0.0000e+00
      35629   1484.508   1210.000     3.5818   3.262085     3.5811   3.261925      77.01     0.0180     2.5723     2.2763  34.190475  3.5763125   52.81860  -51.41358    34.8858    34.8846     3.4914     3.4908    27.7471    27.7462    6.49368    6.48990         14 0.0000e+00
      35643   1485.079   1211.000     3.5814   3.262104     3.5808   3.261945      98.46     0.0173     2.5722     2.2762  34.196068  3.5763125   52.81860  -51.41358    34.8859    34.8847     3.4910     3.4904    27.7472    27.7463    6.49380    6.49404         13 0.0000e+00
      35657   1485.683   1212.000     3.5815   3.262159     3.5809   3.261996      98.63     0.0166     2.5722     2.2757  34.198700  3.5763125   52.81860  -51.41358    34.8859    34.8846     3.4910     3.4904    27.7473    27.7463    6.49467    6.49573         16 0.0000e+00
      35682   1486.717   1213.000     3.5819   3.262218     3.5814   3.262061      87.56     0.0138     2.5721     2.2756  34.205551  3.5742364   52.81860  -51.41358    34.8857    34.8844     3.4913     3.4908    27.7470    27.7460    6.49470    6.49934         36 0.0000e+00
      35751   1489.582   1214.000     3.5822   3.262296     3.5817   3.262131      72.05     0.0115     2.5722     2.2750  34.214046  3.5745478   52.81860  -51.41356    34.8859    34.8844     3.4915     3.4910    27.7472    27.7460    6.49537    6.49089         31 0.0000e+00
      35763   1490.076   1215.000     3.5821   3.262333     3.5816   3.262175      50.04     0.0148     2.5718     2.2748  34.208736  3.5763392   52.81860  -51.41354    34.8858    34.8846     3.4914     3.4908    27.7472    27.7462    6.49537    6.49587         16 0.0000e+00
      35778   1490.728   1216.000     3.5823   3.262387     3.5816   3.262229      90.09     0.0181     2.5721     2.2746  34.209705  3.5763125   52.81860  -51.41354    34.8858    34.8846     3.4914     3.4952    27.7471    27.7462    6.49828    6.49782         16 0.0000e+00
      35794   1491.393   1217.000     3.5823   3.262432     3.5817   3.262265      98.60     0.0156     2.5718     2.2746  34.214264  3.5763125   52.81860  -51.41354    34.8858    34.8845     3.4913     3.4908    27.7472    27.7461    6.48934    6.50047         16 0.0000e+00
      35811   1492.093   1218.000     3.5822   3.262465     3.5817   3.262318      62.49     0.0141     2.5715     2.2747  34.214085  3.5763125   52.81860  -51.41354    34.8858    34.8846     3.4912     3.4907    27.7471    27.7462    6.48272    6.50233         18 0.0000e+00
