data/CTD/2014/CNV/d017a055.cnv
* Sea-Bird SBE 9 Data File:
* FileName = C:\CTD_ACQUISITION\2014017HUD\ctddata\017A055.hdr
* Software Version Seasave V 7.22.2
* Temperature SN = 5081
* Conductivity SN = 3561
* Number of Bytes Per Scan = 37
* Number of Voltage Words = 4
* Number of Scans Averaged by the Deck Unit = 1
* NMEA Latitude = 43 29.83 N
* NMEA Longitude = 059 16.64 W
* NMEA UTC (Time) = Jul 13 2014 12:05:02
* NMEA baud rate = 9600
** Ship: Hudson
** Cruise: HUD2014017
** Chief_Scientist: Blair Greenan
** Organization: BIO
** Area_of_Operation: Sackville Spur
** Station: 055
** Sounding:  1445
** Event_Comments: LC2 , 0
# nquan = 25
# nvalues = 1676                        
# units = specified
# name 0 = scan: Scan Count
# name 1 = timeS: Time, Elapsed [seconds]
# name 2 = prDM: Pressure, Digiquartz [db]
# name 3 = t068C: Temperature [ITS-68, deg C]
# name 4 = c0S/m: Conductivity [S/m]
# name 5 = t168C: Temperature, 2 [ITS-68, deg C]
# name 6 = c1S/m: Conductivity, 2 [S/m]
# name 7 = altM: Altimeter [m]
# name 8 = flC: Fluorescence, Chelsea Aqua 3 Chl Con [ug/l]
# name 9 = sbeox0V: Oxygen raw, SBE 43 [V]
# name 10 = sbeox1V: Oxygen raw, SBE 43, 2 [V]
# name 11 = upoly0: Upoly 0, Optode 4330F - O2 D-Phase
# name 12 = upoly1: Upoly 1, Optode 4330F - O2 Temp
# name 13 = latitude: Latitude [deg]
# name 14 = longitude: Longitude [deg]
# name 15 = sal00: Salinity, Practical [PSU]
# name 16 = sal11: Salinity, Practical, 2 [PSU]
# name 17 = potemp068C: Potential Temperature [ITS-68, deg C]
# name 18 = potemp168C: Potential Temperature, 2 [ITS-68, deg C]
# name 19 = sigma-é00: Density [sigma-theta, Kg/m^3]
# name 20 = sigma-é11: Density, 2 [sigma-theta, Kg/m^3]
# name 21 = sbeox0ML/L: Oxygen, SBE 43 [ml/l], WS = 2
# name 22 = sbeox1ML/L: Oxygen, SBE 43, 2 [ml/l], WS = 2
# name 23 = nbin: number of scans per bin
# name 24 = flag: flag
# span 0 =       6573,      50884       
# span 1 =    273.847,   2120.122       
# span 2 =      1.000,   1676.000       
# span 3 =     3.7426,    15.9644       
# span 4 =   3.300683,   4.069516       
# span 5 =     3.7419,    15.9489       
# span 6 =   3.300617,   4.068300       
# span 7 =       8.74,     105.38       
# span 8 =     0.0068,     2.0138       
# span 9 =     2.0876,     3.5072       
# span 10 =     1.8124,     3.0062      
# span 11 =  28.734137,  38.484352      
# span 12 =  3.7558074,  15.935349      
# span 13 =   43.49656,   43.49756      
# span 14 =  -59.28356,  -59.27807      
# span 15 =    32.1829,    35.2045      
# span 16 =    32.1810,    35.2041      
# span 17 =     3.6095,    15.9637      
# span 18 =     3.6088,    15.9483      
# span 19 =    23.5918,    27.7808      
# span 20 =    23.5943,    27.7808      
# span 21 =    3.78058,    7.34830      
# span 22 =    3.65529,    7.25324      
# span 23 =          8,        109      
# span 24 = 0.0000e+00, 0.0000e+00      
# interval = decibars: 1                
# start_time = Jul 13 2014 12:05:02 [NMEA time, header]
# bad_flag = -9.990e-29
*END*
[from data line 522]
      21876    911.470    523.000     5.4837   3.412827     5.4837   3.412740      98.63     0.0170     2.4114     2.1026  36.101097  5.5132217   43.49696  -59.27988    34.9974    34.9965     5.4395     5.4407    27.6210    27.6203    5.23465    5.10118         28 0.0000e+00
      21903    912.588    524.000     5.4864   3.413244     5.4860   3.413105      98.63     0.0177     2.4138     2.1040  36.095104  5.5103135   43.49696  -59.27988    34.9988    34.9977     5.4422     5.4418    27.6218    27.6209    5.23250    5.10180         24 0.0000e+00
      21926    913.546    525.000     5.4827   3.412917     5.4830   3.412765      98.63     0.0163     2.4133     2.1042  36.087723  5.5112896   43.49696  -59.27988    34.9984    34.9964     5.4384     5.4387    27.6219    27.6203    5.22356    5.09891         22 0.0000e+00
      21947    914.404    526.000     5.4512   3.409744     5.4523   3.409566      98.63     0.0147     2.4140     2.1048  36.083473  5.5128355   43.49698  -59.27988    34.9945    34.9913     5.4069     5.4081    27.6227    27.6199    5.23640    5.11306         20 0.0000e+00
      21967    915.242    527.000     5.4408   3.408862     5.4406   3.408721      98.63     0.0153     2.4146     2.1058  36.090290  5.5117836   43.49696  -59.27988    34.9947    34.9933     5.3965     5.3963    27.6240    27.6230    5.24507    5.12069         21 0.0000e+00
      21988    916.145    528.000     5.4412   3.409011     5.4409   3.408885      98.63     0.0144     2.4161     2.1071  36.095119  5.5104122   43.49696  -59.27988    34.9954    34.9943     5.3968     5.3965    27.6246    27.6237    5.25244    5.12573         23 0.0000e+00
      22013    917.154    529.000     5.4402   3.408979     5.4399   3.408817      98.63     0.0172     2.4177     2.1081  36.085400  5.4988031   43.49696  -59.27990    34.9956    34.9941     5.3957     5.3954    27.6248    27.6237    5.26030    5.12558         25 0.0000e+00
      22038    918.225    530.000     5.4362   3.408631     5.4360   3.408497      98.63     0.0156     2.4194     2.1090  36.072178  5.4807982   43.49696  -59.27990    34.9952    34.9939     5.3917     5.3915    27.6251    27.6241    5.26311    5.13350         25 0.0000e+00
      22063    919.241    531.000     5.4348   3.408582     5.4348   3.408449      98.63     0.0179     2.4207     2.1108  36.063393  5.4761357   43.49696  -59.27990    34.9957    34.9941     5.3902     5.3902    27.6256    27.6243    5.26971    5.14651         24 0.0000e+00
      22085    920.166    532.000     5.4227   3.407559     5.4242   3.407397      98.63     0.0161     2.4226     2.1127  36.056168  5.4713092   43.49696  -59.27990    34.9951    34.9930     5.3780     5.3827    27.6266    27.6249    5.27296    5.14697         21 0.0000e+00
      22106    921.061    533.000     5.4163   3.406964     5.4164   3.406847      98.63     0.0212     2.4230     2.1129  36.055279  5.4708629   43.49697  -59.27991    34.9953    34.9939     5.3716     5.3716    27.6276    27.6265    5.26805    5.13739         22 0.0000e+00
      22129    921.988    534.000     5.4142   3.406823     5.4147   3.406745      98.63     0.0209     2.4234     2.1127  36.046307  5.4704623   43.49698  -59.27992    34.9954    34.9940     5.3694     5.3725    27.6279    27.6267    5.26847    5.13530         23 0.0000e+00
      22152    922.945    535.000     5.4088   3.406388     5.4092   3.406288      98.63     0.0213     2.4239     2.1123  36.039272  5.4671063   43.49698  -59.27992    34.9955    34.9939     5.3639     5.3644    27.6286    27.6274    5.27364    5.14026         23 0.0000e+00
      22175    923.919    536.000     5.4062   3.406202     5.4064   3.406111      98.63     0.0212     2.4244     2.1133  36.022568  5.4517269   43.49698  -59.27992    34.9956    34.9944     5.3612     5.3614    27.6291    27.6281    5.28347    5.16026         23 0.0000e+00
      22199    924.897    537.000     5.4049   3.406152     5.4047   3.406025      98.63     0.0201     2.4262     2.1154  36.020752  5.4505477   43.49698  -59.27992    34.9958    34.9946     5.3599     5.3597    27.6294    27.6284    5.28796    5.16441         24 0.0000e+00
      22222    925.861    538.000     5.4044   3.406149     5.4042   3.406042      98.41     0.0176     2.4269     2.1160  36.010651  5.4421206   43.49698  -59.27993    34.9958    34.9948     5.3593     5.3591    27.6295    27.6287    5.28992    5.15741         23 0.0000e+00
      22244    926.794    539.000     5.4041   3.406173     5.4037   3.406033      98.63     0.0153     2.4282     2.1164  36.012211  5.4420023   43.49698  -59.27994    34.9959    34.9948     5.3589     5.3584    27.6296    27.6287    5.28954    5.15991         21 0.0000e+00
      22266    927.688    540.000     5.4015   3.405955     5.4008   3.405764      98.63     0.0149     2.4281     2.1169  35.988621  5.4324708   43.49698  -59.27994    34.9957    34.9941     5.3562     5.3555    27.6297    27.6286    5.29462    5.16350         21 0.0000e+00
      22286    928.552    541.000     5.3903   3.404856     5.3898   3.404582      98.63     0.0152     2.4300     2.1176  35.989185  5.4322286   43.49697  -59.27994    34.9942    34.9917     5.3450     5.3460    27.6299    27.6280    5.30675    5.17411         21 0.0000e+00
      22307    929.419    542.000     5.3752   3.403373     5.3753   3.403226      98.63     0.0135     2.4308     2.1188  35.980091  5.4322343   43.49696  -59.27994    34.9924    34.9906     5.3298     5.3314    27.6303    27.6289    5.30460    5.18681         21 0.0000e+00
      22330    930.358    543.000     5.3726   3.403162     5.3724   3.403045      98.63     0.0175     2.4316     2.1209  35.978016  5.4322343   43.49696  -59.27994    34.9921    34.9910     5.3272     5.3270    27.6304    27.6296    5.31042    5.19213         24 0.0000e+00
      22356    931.459    544.000     5.3722   3.403165     5.3721   3.403034      98.54     0.0224     2.4332     2.1220  35.967911  5.4194260   43.49696  -59.27995    34.9921    34.9908     5.3267     5.3265    27.6305    27.6294    5.32019    5.19256         29 0.0000e+00
      22384    932.635    545.000     5.3644   3.402419     5.3648   3.402289      98.50     0.0203     2.4352     2.1235  35.963333  5.4126410   43.49696  -59.27996    34.9912    34.9892     5.3188     5.3193    27.6307    27.6291    5.33413    5.20418         27 0.0000e+00
      22409    933.664    546.000     5.3507   3.401066     5.3508   3.400913      98.63     0.0212     2.4378     2.1257  35.948463  5.4036627   43.49696  -59.27996    34.9895    34.9875     5.3051     5.3052    27.6310    27.6294    5.34869    5.22705         22 0.0000e+00
      22430    934.547    547.000     5.3439   3.400399     5.3426   3.400093      98.63     0.0222     2.4405     2.1290  35.945702  5.4029036   43.49696  -59.27996    34.9884    34.9862     5.2982     5.2970    27.6309    27.6293    5.37312    5.24857         20 0.0000e+00
      22449    935.353    548.000     5.3351   3.399523     5.3347   3.399354      98.63     0.0201     2.4448     2.1320  35.935551  5.3970799   43.49696  -59.27996    34.9870    34.9854     5.2894     5.2890    27.6309    27.6297    5.39473    5.26307         20 0.0000e+00
      22469    936.157    549.000     5.3263   3.398647     5.3280   3.398671      98.63     0.0172     2.4487     2.1359  35.927986  5.3932085   43.49696  -59.27996    34.9856    34.9841     5.2805     5.2822    27.6308    27.6295    5.40137    5.27735         19 0.0000e+00
      22490    937.036    550.000     5.3155   3.397572     5.3171   3.397531      98.63     0.0138     2.4518     2.1389  35.925163  5.3864083   43.49696  -59.27998    34.9840    34.9818     5.2697     5.2713    27.6309    27.6289    5.40948    5.28061         23 0.0000e+00
      22514    938.032    551.000     5.2961   3.395591     5.2968   3.395374      98.27     0.0145     2.4564     2.1419  35.919468  5.3702612   43.49696  -59.27998    34.9810    34.9777     5.2503     5.2510    27.6308    27.6281    5.41823    5.29153         25 0.0000e+00
      22539    939.068    552.000     5.2549   3.391437     5.2551   3.391131      98.61     0.0190     2.4592     2.1448  35.913891  5.3642330   43.49696  -59.27998    34.9757    34.9719     5.2092     5.2094    27.6315    27.6285    5.42928    5.30505         24 0.0000e+00
      22563    940.080    553.000     5.2269   3.388634     5.2285   3.388560      98.63     0.0199     2.4623     2.1475  35.904602  5.3485265   43.49696  -59.27998    34.9721    34.9696     5.1812     5.1828    27.6320    27.6298    5.43463    5.30755         24 0.0000e+00
      22586    941.060    554.000     5.2105   3.387106     5.2105   3.386938      98.63     0.0175     2.4640     2.1485  35.898270  5.3390441   43.49696  -59.27998    34.9712    34.9692     5.1648     5.1648    27.6332    27.6316    5.43031    5.30590         23 0.0000e+00
      22609    941.989    555.000     5.2070   3.386833     5.2067   3.386689      98.63     0.0174     2.4650     2.1493  35.883286  5.3048778   43.49696  -59.27999    34.9711    34.9698     5.1612     5.1609    27.6336    27.6326    5.42968    5.30510         22 0.0000e+00
      22630    942.855    556.000     5.2032   3.386573     5.2032   3.386424      98.63     0.0183     2.4649     2.1494  35.882782  5.3047614   43.49696  -59.28000    34.9715    34.9699     5.1574     5.1574    27.6344    27.6331    5.42548    5.30415         20 0.0000e+00
      22650    943.697    557.000     5.1973   3.386201     5.1973   3.386068      98.63     0.0149     2.4653     2.1496  35.853516  5.2694325   43.49696  -59.28000    34.9729    34.9714     5.1515     5.1514    27.6362    27.6350    5.42094    5.30075         21 0.0000e+00
      22672    944.622    558.000     5.1982   3.386514     5.1978   3.386411      98.63     0.0155     2.4640     2.1491  35.852280  5.2682319   43.49696  -59.28000    34.9751    34.9743     5.1522     5.1518    27.6378    27.6373    5.40895    5.29669         24 0.0000e+00
      22700    945.771    559.000     5.2066   3.387661     5.2060   3.387535      77.57     0.0191     2.4621     2.1482  35.816841  5.2482667   43.49696  -59.28001    34.9790    34.9782     5.1605     5.1599    27.6399    27.6394    5.39916    5.29146         30 0.0000e+00
      22729    947.007    560.000     5.2130   3.388459     5.2124   3.388335      99.26     0.0191     2.4600     2.1476  35.808376  5.2465754   43.49696  -59.28002    34.9810    34.9801     5.1667     5.1662    27.6408    27.6402    5.39469    5.29216         27 0.0000e+00
      22752    947.977    561.000     5.2150   3.388747     5.2147   3.388636      98.64     0.0166     2.4590     2.1471  35.787159  5.2461686   43.49696  -59.28002    34.9817    34.9807     5.1687     5.1684    27.6411    27.6404    5.40544    5.29376         21 0.0000e+00
      22772    948.775    562.000     5.2192   3.389297     5.2185   3.389178      98.63     0.0176     2.4588     2.1473  35.787544  5.2466445   43.49696  -59.28002    34.9831    34.9825     5.1728     5.1720    27.6417    27.6414    5.40245    5.29518         18 0.0000e+00
      22789    949.508    563.000     5.2335   3.390957     5.2329   3.390998      98.63     0.0182     2.4579     2.1471  35.750961  5.2466421   43.49696  -59.28002    34.9868    34.9879     5.1869     5.1863    27.6430    27.6439    5.39847    5.28852         17 0.0000e+00
      22807    950.245    564.000     5.2493   3.392808     5.2493   3.392783      98.30     0.0192     2.4578     2.1464  35.744411  5.2466421   43.49696  -59.28002    34.9910    34.9908     5.2026     5.2025    27.6445    27.6443    5.39480    5.28154         19 0.0000e+00
      22827    951.070    565.000     5.2504   3.393034     5.2505   3.392951      98.24     0.0187     2.4570     2.1457  35.734669  5.2466421   43.49696  -59.28002    34.9920    34.9909     5.2036     5.2037    27.6451    27.6443    5.39783    5.28275         22 0.0000e+00
      22852    952.146    566.000     5.2475   3.392788     5.2477   3.392694      98.62     0.0167     2.4573     2.1456  35.716000  5.2466421   43.49697  -59.28004    34.9917    34.9904     5.2006     5.2008    27.6452    27.6442    5.40904    5.29290         30 0.0000e+00
      22885    953.482    567.000     5.2373   3.391801     5.2363   3.391584      98.63     0.0133     2.4588     2.1468  35.704155  5.2594852   43.49698  -59.28004    34.9904    34.9890     5.1904     5.1894    27.6455    27.6444    5.42268    5.30258         31 0.0000e+00
      22911    954.597    568.000     5.2403   3.392237     5.2386   3.392002      98.63     0.0166     2.4602     2.1469  35.699577  5.2688408   43.49698  -59.28004    34.9918    34.9909     5.1933     5.1916    27.6462    27.6457    5.42226    5.29095         23 0.0000e+00
      22932    955.454    569.000     5.2416   3.392460     5.2421   3.392407      98.63     0.0182     2.4607     2.1464  35.711143  5.2667022   43.49698  -59.28004    34.9925    34.9914     5.1945     5.1950    27.6466    27.6457    5.42115    5.29282         19 0.0000e+00
      22950    956.203    570.000     5.2383   3.392159     5.2382   3.391999      98.63     0.0186     2.4611     2.1467  35.714264  5.2633290   43.49698  -59.28006    34.9920    34.9903     5.1911     5.1910    27.6466    27.6453    5.42423    5.30136         17 0.0000e+00
      22968    956.948    571.000     5.2243   3.390790     5.2241   3.390573      98.63     0.0187     2.4616     2.1469  35.712006  5.2641106   43.49698  -59.28006    34.9904    34.9881     5.1770     5.1769    27.6470    27.6452    5.42792    5.30314         19 0.0000e+00
      22988    957.809    572.000     5.2140   3.389838     5.2140   3.389716      91.04     0.0159     2.4622     2.1471  35.695030  5.2566285   43.49698  -59.28006    34.9896    34.9883     5.1667     5.1667    27.6476    27.6466    5.43238    5.30160         23 0.0000e+00
      23016    958.957    573.000     5.2123   3.389761     5.2119   3.389629      82.36     0.0159     2.4628     2.1466  35.696796  5.2516909   43.49698  -59.28006    34.9901    34.9890     5.1649     5.1645    27.6482    27.6474    5.43032    5.29969         31 0.0000e+00
      23046    960.199    574.000     5.2150   3.390126     5.2146   3.390021      98.79     0.0199     2.4632     2.1468  35.695435  5.2370863   43.49698  -59.28006    34.9909    34.9901     5.1676     5.1672    27.6485    27.6479    5.43091    5.30751         28 0.0000e+00
      23071    961.251    575.000     5.2110   3.389812     5.2126   3.389814      98.63     0.0156     2.4628     2.1473  35.686882  5.2364483   43.49698  -59.28008    34.9909    34.9893     5.1635     5.1651    27.6490    27.6475    5.43100    5.31292         23 0.0000e+00
      23092    962.135    576.000     5.2033   3.389130     5.2030   3.389004      98.63     0.0159     2.4636     2.1481  35.679501  5.2368789   43.49698  -59.28008    34.9906    34.9895     5.1557     5.1554    27.6497    27.6489    5.44085    5.31641         19 0.0000e+00
      23111    962.929    577.000     5.2065   3.389527     5.2062   3.389431      98.63     0.0176     2.4640     2.1484  35.677235  5.2363515   43.49698  -59.28008    34.9913    34.9906     5.1588     5.1585    27.6499    27.6493    5.43793    5.31360         19 0.0000e+00
      23130    963.711    578.000     5.2073   3.389677     5.2071   3.389561      98.63     0.0165     2.4643     2.1484  35.670307  5.2270751   43.49698  -59.28009    34.9917    34.9907     5.1595     5.1593    27.6501    27.6493    5.43579    5.31667         19 0.0000e+00
      23151    964.569    579.000     5.2058   3.389576     5.2055   3.389452      98.63     0.0152     2.4638     2.1490  35.670330  5.2271061   43.49698  -59.28010    34.9917    34.9905     5.1580     5.1577    27.6503    27.6494    5.44047    5.32563         23 0.0000e+00
