data/CTD/2014/CNV/d017a033.cnv
* Sea-Bird SBE 9 Data File:
* FileName = C:\CTD_ACQUISITION\2014017HUD\ctddata\017A033.hdr
* Software Version Seasave V 7.22.2
* Temperature SN = 5081
* Conductivity SN = 3561
* Number of Bytes Per Scan = 37
* Number of Voltage Words = 4
* Number of Scans Averaged by the Deck Unit = 1
* NMEA Latitude = 48 32.64 N
* NMEA Longitude = 046 46.27 W
* NMEA UTC (Time) = Jul 09 2014 10:04:54
* NMEA baud rate = 9600
** Ship: Hudson
** Cruise: HUD2014017
** Chief_Scientist: Blair Greenan
** Organization: BIO
** Area_of_Operation: Sackville Spur
** Station: 033
** Sounding:  2397
** Event_Comments: SS-06 403185
# nquan = 25
# nvalues = 2470                        
# units = specified
# name 0 = scan: Scan Count
# name 1 = timeS: Time, Elapsed [seconds]
# name 2 = prDM: Pressure, Digiquartz [db]
# name 3 = t068C: Temperature [ITS-68, deg C]
# name 4 = c0S/m: Conductivity [S/m]
# name 5 = t168C: Temperature, 2 [ITS-68, deg C]
# name 6 = c1S/m: Conductivity, 2 [S/m]
# name 7 = altM: Altimeter [m]
# name 8 = flC: Fluorescence, Chelsea Aqua 3 Chl Con [ug/l]
# name 9 = sbeox0V: Oxygen raw, SBE 43 [V]
# name 10 = sbeox1V: Oxygen raw, SBE 43, 2 [V]
# name 11 = upoly0: Upoly 0, Optode 4330F - O2 D-Phase
# name 12 = upoly1: Upoly 1, Optode 4330F - O2 Temp
# name 13 = latitude: Latitude [deg]
# name 14 = longitude: Longitude [deg]
# name 15 = sal00: Salinity, Practical [PSU]
# name 16 = sal11: Salinity, Practical, 2 [PSU]
# name 17 = potemp068C: Potential Temperature [ITS-68, deg C]
# name 18 = potemp168C: Potential Temperature, 2 [ITS-68, deg C]
# name 19 = sigma-é00: Density [sigma-theta, Kg/m^3]
# name 20 = sigma-é11: Density, 2 [sigma-theta, Kg/m^3]
# name 21 = sbeox0ML/L: Oxygen, SBE 43 [ml/l], WS = 2
# name 22 = sbeox1ML/L: Oxygen, SBE 43, 2 [ml/l], WS = 2
# name 23 = nbin: number of scans per bin
# name 24 = flag: flag
# span 0 =       9539,      71429       
# span 1 =    397.427,   2976.181       
# span 2 =      1.000,   2470.000       
# span 3 =     2.3753,     9.0739       
# span 4 =   3.142430,   3.609346       
# span 5 =     2.3739,     9.0741       
# span 6 =   3.142458,   3.609260       
# span 7 =       2.56,     105.67       
# span 8 =     0.0053,     0.3894       
# span 9 =     2.2040,     3.5143       
# span 10 =     1.9504,     3.0611      
# span 11 =  30.187246,  35.566757      
# span 12 =  2.3735769,  9.1236839      
# span 13 =   48.54284,   48.54440      
# span 14 =  -46.76892,  -46.75873      
# span 15 =    33.8068,    34.9163      
# span 16 =    33.8058,    34.9160      
# span 17 =     2.1900,     9.0728      
# span 18 =     2.1884,     9.0729      
# span 19 =    26.1726,    27.8785      
# span 20 =    26.1718,    27.8789      
# span 21 =    6.27503,    7.58314      
# span 22 =    6.25548,    7.58990      
# span 23 =          7,        102      
# span 24 = 0.0000e+00, 0.0000e+00      
# interval = decibars: 1                
# start_time = Jul 09 2014 10:04:54 [NMEA time, header]
# bad_flag = -9.990e-29
*END*
[from data line 1566]
      47522   1980.046   1567.000     3.3933   3.262789     3.3926   3.262701      83.66     0.0102     2.4124     2.1337  34.940815  3.3930256   48.54344  -46.76298    34.9150    34.9146     3.2742     3.2785    27.7915    27.7913    6.30134    6.27519         18 0.0000e+00
      47546   1981.048   1568.000     3.3925   3.262749     3.3919   3.262666      93.44     0.0130     2.4125     2.1328  34.940765  3.3919621   48.54344  -46.76298    34.9148    34.9145     3.2733     3.2732    27.7915    27.7912    6.30685    6.27702         34 0.0000e+00
      47600   1983.287   1569.000     3.3921   3.262745     3.3914   3.262669      89.91     0.0109     2.4123     2.1324  34.932762  3.3869038   48.54344  -46.76300    34.9147    34.9145     3.2729     3.2764    27.7914    27.7913    6.30158    6.28690         52 0.0000e+00
      47627   1984.428   1570.000     3.3902   3.262636     3.3895   3.262542      98.69     0.0119     2.4117     2.1327  34.926102  3.3907428   48.54344  -46.76300    34.9150    34.9145     3.2709     3.2751    27.7918    27.7915    6.30312    6.28689         19 0.0000e+00
      47644   1985.138   1571.000     3.3892   3.262594     3.3885   3.262501      98.63     0.0130     2.4118     2.1323  34.924923  3.3913243   48.54344  -46.76300    34.9150    34.9146     3.2699     3.2692    27.7919    27.7917    6.30604    6.28493         16 0.0000e+00
      47660   1985.783   1572.000     3.3881   3.262539     3.3873   3.262440      95.45     0.0118     2.4116     2.1325  34.935627  3.3913710   48.54344  -46.76300    34.9149    34.9146     3.2687     3.2679    27.7920    27.7918    6.30106    6.28460         15 0.0000e+00
      47675   1986.400   1573.000     3.3870   3.262475     3.3863   3.262403      53.62     0.0132     2.4109     2.1321  34.936687  3.3921206   48.54344  -46.76300    34.9148    34.9147     3.2675     3.2668    27.7920    27.7920    6.29714    6.27850         14 0.0000e+00
      47690   1987.027   1574.000     3.3861   3.262432     3.3854   3.262350      16.55     0.0144     2.4106     2.1318  34.937740  3.3919396   48.54344  -46.76299    34.9149    34.9146     3.2665     3.2658    27.7922    27.7920    6.30559    6.27572         16 0.0000e+00
      47707   1987.732   1575.000     3.3840   3.262293     3.3833   3.262201      96.75     0.0102     2.4110     2.1311  34.943748  3.3842282   48.54344  -46.76298    34.9149    34.9146     3.2643     3.2637    27.7924    27.7922    6.31073    6.27699         19 0.0000e+00
      47734   1988.866   1576.000     3.3831   3.262243     3.3825   3.262161      87.45     0.0131     2.4108     2.1308  34.943466  3.3814137   48.54344  -46.76298    34.9148    34.9145     3.2634     3.2645    27.7924    27.7922    6.30541    6.28028         44 0.0000e+00
      47797   1991.487   1577.000     3.3832   3.262300     3.3825   3.262219      98.83     0.0170     2.4098     2.1301  34.945591  3.3809524   48.54342  -46.76298    34.9149    34.9146     3.2634     3.2621    27.7925    27.7923    6.29926    6.28349         44 0.0000e+00
      47814   1992.196   1578.000     3.3827   3.262308     3.3821   3.262229      77.87     0.0154     2.4088     2.1302  34.929626  3.3809524   48.54342  -46.76298    34.9150    34.9147     3.2628     3.2622    27.7926    27.7924    6.29457    6.28228         17 0.0000e+00
      47829   1992.828   1579.000     3.3824   3.262325     3.3818   3.262240      91.69     0.0151     2.4090     2.1300  34.934761  3.3809524   48.54343  -46.76298    34.9150    34.9146     3.2624     3.2618    27.7927    27.7924    6.30344    6.28018         15 0.0000e+00
      47843   1993.411   1580.000     3.3817   3.262308     3.3811   3.262219      98.56     0.0153     2.4095     2.1296  34.934353  3.3809524   48.54344  -46.76298    34.9151    34.9146     3.2616     3.2610    27.7928    27.7925    6.30452    6.27960         13 0.0000e+00
      47857   1993.980   1581.000     3.3814   3.262316     3.3807   3.262231      98.63     0.0144     2.4086     2.1299  34.949272  3.3809524   48.54344  -46.76298    34.9149    34.9146     3.2613     3.2606    27.7927    27.7925    6.30350    6.27792         14 0.0000e+00
      47871   1994.573   1582.000     3.3810   3.262322     3.3803   3.262239      98.63     0.0152     2.4085     2.1289  34.949448  3.3809524   48.54344  -46.76298    34.9150    34.9147     3.2608     3.2601    27.7928    27.7926    6.30431    6.27587         15 0.0000e+00
      47887   1995.249   1583.000     3.3803   3.262296     3.3797   3.262217      74.71     0.0146     2.4084     2.1291  34.954655  3.3793752   48.54344  -46.76298    34.9149    34.9146     3.2600     3.2594    27.7928    27.7926    6.30507    6.28355         18 0.0000e+00
      47917   1996.503   1584.000     3.3801   3.262309     3.3794   3.262224      84.81     0.0134     2.4085     2.1289  34.961571  3.3726044   48.54342  -46.76298    34.9147    34.9145     3.2597     3.2590    27.7927    27.7926    6.30990    6.28539         52 0.0000e+00
      47971   1998.742   1585.000     3.3789   3.262254     3.3773   3.262078      71.38     0.0144     2.4083     2.1290  34.939121  3.3711536   48.54342  -46.76298    34.9149    34.9144     3.2584     3.2569    27.7930    27.7927    6.30711    6.28992         31 0.0000e+00
      47989   1999.509   1586.000     3.3750   3.261953     3.3745   3.261870      99.36     0.0140     2.4082     2.1292  34.951832  3.3762100   48.54342  -46.76298    34.9149    34.9145     3.2545     3.2540    27.7933    27.7931    6.30733    6.28920         18 0.0000e+00
      48006   2000.212   1587.000     3.3734   3.261846     3.3728   3.261761      98.63     0.0145     2.4083     2.1290  34.967117  3.3809788   48.54342  -46.76298    34.9149    34.9145     3.2528     3.2523    27.7935    27.7932    6.30801    6.28333         17 0.0000e+00
      48023   2000.907   1588.000     3.3717   3.261742     3.3713   3.261675      88.05     0.0117     2.4080     2.1287  34.967033  3.3809524   48.54342  -46.76298    34.9149    34.9145     3.2511     3.2507    27.7937    27.7934    6.30137    6.28317         17 0.0000e+00
      48041   2001.655   1589.000     3.3715   3.261754     3.3709   3.261676      82.95     0.0101     2.4073     2.1283  34.957161  3.3743718   48.54342  -46.76298    34.9148    34.9145     3.2507     3.2501    27.7936    27.7935    6.30021    6.28115         19 0.0000e+00
      48062   2002.531   1590.000     3.3715   3.261789     3.3708   3.261708      98.43     0.0111     2.4068     2.1279  34.956844  3.3712232   48.54342  -46.76298    34.9148    34.9145     3.2506     3.2500    27.7936    27.7934    6.30439    6.28169         23 0.0000e+00
      48088   2003.628   1591.000     3.3713   3.261816     3.3706   3.261732      92.50     0.0106     2.4068     2.1274  34.952454  3.3711843   48.54342  -46.76298    34.9147    34.9145     3.2504     3.2497    27.7936    27.7934    6.30948    6.27786         30 0.0000e+00
      48120   2004.938   1592.000     3.3712   3.261850     3.3706   3.261777      56.11     0.0134     2.4064     2.1270  34.953754  3.3690462   48.54342  -46.76298    34.9148    34.9145     3.2502     3.2497    27.7937    27.7935    6.30594    6.28177         32 0.0000e+00
      48150   2006.217   1593.000     3.3711   3.261884     3.3705   3.261807      76.87     0.0127     2.4060     2.1265  34.967571  3.3690124   48.54342  -46.76298    34.9148    34.9145     3.2500     3.2495    27.7937    27.7935    6.30062    6.28772         27 0.0000e+00
      48173   2007.184   1594.000     3.3711   3.261927     3.3705   3.261851      77.65     0.0116     2.4054     2.1270  34.966270  3.3712695   48.54342  -46.76298    34.9148    34.9146     3.2499     3.2493    27.7937    27.7935    6.29990    6.29161         20 0.0000e+00
      48192   2007.944   1595.000     3.3708   3.261948     3.3702   3.261871      93.32     0.0134     2.4051     2.1269  34.951881  3.3705893   48.54342  -46.76300    34.9148    34.9146     3.2496     3.2490    27.7938    27.7936    6.30029    6.27985         17 0.0000e+00
      48208   2008.618   1596.000     3.3700   3.261915     3.3693   3.261819      77.30     0.0149     2.4044     2.1265  34.952381  3.3705730   48.54342  -46.76300    34.9148    34.9144     3.2487     3.2480    27.7938    27.7936    6.29462    6.27306         16 0.0000e+00
      48224   2009.280   1597.000     3.3665   3.261649     3.3655   3.261517      99.02     0.0154     2.4040     2.1256  34.955170  3.3699546   48.54342  -46.76300    34.9148    34.9144     3.2452     3.2441    27.7942    27.7939    6.30260    6.27545         16 0.0000e+00
      48241   2010.012   1598.000     3.3650   3.261547     3.3643   3.261464      82.36     0.0153     2.4041     2.1256  34.966896  3.3644116   48.54342  -46.76300    34.9148    34.9145     3.2436     3.2428    27.7943    27.7942    6.30281    6.28417         20 0.0000e+00
      48278   2011.559   1599.000     3.3651   3.261583     3.3643   3.261498      92.11     0.0158     2.4034     2.1255  34.967033  3.3625758   48.54341  -46.76299    34.9146    34.9144     3.2435     3.2428    27.7942    27.7941    6.30239    6.28964         49 0.0000e+00
      48333   2013.832   1600.000     3.3647   3.261615     3.3638   3.261501      99.10     0.0095     2.4032     2.1266  34.967033  3.3613324   48.54340  -46.76298    34.9149    34.9145     3.2431     3.2422    27.7944    27.7941    6.30822    6.30573         21 0.0000e+00
      48348   2014.442   1601.000     3.3620   3.261409     3.3615   3.261320      85.89     0.0119     2.4037     2.1268  34.967033  3.3614163   48.54340  -46.76298    34.9148    34.9143     3.2403     3.2398    27.7946    27.7943    6.30741    6.29867         15 0.0000e+00
      48362   2015.029   1602.000     3.3583   3.261126     3.3576   3.261017      67.95     0.0126     2.4027     2.1269  34.967033  3.3614163   48.54340  -46.76298    34.9148    34.9142     3.2366     3.2359    27.7950    27.7946    6.30214    6.29628         14 0.0000e+00
      48375   2015.588   1603.000     3.3566   3.261019     3.3560   3.260919      75.78     0.0141     2.4033     2.1266  34.967033  3.3621733   48.54340  -46.76298    34.9149    34.9144     3.2349     3.2342    27.7952    27.7948    6.30838    6.29532         13 0.0000e+00
      48389   2016.149   1604.000     3.3551   3.260908     3.3543   3.260810      98.74     0.0178     2.4025     2.1269  34.967033  3.3614128   48.54340  -46.76298    34.9147    34.9143     3.2332     3.2325    27.7952    27.7949    6.31295    6.29402         14 0.0000e+00
      48403   2016.747   1605.000     3.3540   3.260851     3.3531   3.260750      98.63     0.0174     2.4031     2.1263  34.967033  3.3614163   48.54340  -46.76299    34.9147    34.9144     3.2321     3.2312    27.7953    27.7951    6.31262    6.28488         15 0.0000e+00
      48420   2017.473   1606.000     3.3513   3.260647     3.3508   3.260569      98.63     0.0163     2.4028     2.1257  34.967033  3.3569348   48.54340  -46.76300    34.9146    34.9142     3.2293     3.2288    27.7955    27.7952    6.31225    6.28118         21 0.0000e+00
      48469   2019.494   1607.000     3.3509   3.260636     3.3501   3.260547      86.33     0.0131     2.4029     2.1246  34.958187  3.3461025   48.54340  -46.76299    34.9144    34.9142     3.2289     3.2281    27.7953    27.7952    6.31432    6.29001         52 0.0000e+00
      48509   2021.182   1608.000     3.3484   3.260461     3.3481   3.260400      80.30     0.0169     2.4026     2.1247  34.952251  3.3434439   48.54338  -46.76298    34.9145    34.9140     3.2263     3.2260    27.7957    27.7953    6.31001    6.29383         18 0.0000e+00
      48525   2021.837   1609.000     3.3444   3.260161     3.3438   3.260060      98.73     0.0173     2.4021     2.1245  34.952381  3.3516910   48.54338  -46.76298    34.9146    34.9141     3.2223     3.2216    27.7961    27.7959    6.31390    6.29267         15 0.0000e+00
      48540   2022.439   1610.000     3.3422   3.260000     3.3415   3.259915      98.63     0.0154     2.4027     2.1243  34.952381  3.3516483   48.54338  -46.76298    34.9146    34.9143     3.2200     3.2193    27.7963    27.7962    6.31389    6.29594         14 0.0000e+00
      48553   2023.021   1611.000     3.3413   3.259967     3.3408   3.259894      80.77     0.0149     2.4022     2.1245  34.956566  3.3516483   48.54338  -46.76298    34.9146    34.9143     3.2190     3.2185    27.7964    27.7963    6.30999    6.29703         14 0.0000e+00
      48568   2023.609   1612.000     3.3412   3.260005     3.3405   3.259920      76.09     0.0131     2.4021     2.1245  34.963959  3.3453116   48.54338  -46.76298    34.9146    34.9144     3.2189     3.2182    27.7965    27.7964    6.30366    6.29374         14 0.0000e+00
      48583   2024.242   1613.000     3.3413   3.260049     3.3406   3.259960      98.37     0.0138     2.4008     2.1242  34.966995  3.3419211   48.54338  -46.76298    34.9146    34.9142     3.2189     3.2181    27.7964    27.7963    6.30943    6.29283         17 0.0000e+00
      48601   2025.005   1614.000     3.3412   3.260076     3.3406   3.260001      80.41     0.0140     2.4016     2.1239  34.967033  3.3418803   48.54338  -46.76298    34.9145    34.9143     3.2187     3.2180    27.7964    27.7963    6.31777    6.28972         21 0.0000e+00
      48635   2026.424   1615.000     3.3413   3.260116     3.3407   3.260039      86.78     0.0141     2.4011     2.1234  34.968025  3.3334539   48.54338  -46.76298    34.9143    34.9141     3.2187     3.2181    27.7963    27.7962    6.31361    6.29193         53 0.0000e+00
      48686   2028.545   1616.000     3.3414   3.260172     3.3408   3.260092      80.29     0.0174     2.4010     2.1231  34.982487  3.3372631   48.54338  -46.76298    34.9144    34.9142     3.2187     3.2180    27.7964    27.7962    6.31304    6.29665         33 0.0000e+00
      48709   2029.500   1617.000     3.3413   3.260210     3.3407   3.260139      98.98     0.0126     2.4002     2.1232  34.978706  3.3409820   48.54338  -46.76298    34.9145    34.9143     3.2185     3.2179    27.7965    27.7963    6.31088    6.29703         20 0.0000e+00
      48728   2030.280   1618.000     3.3413   3.260257     3.3403   3.260155      98.63     0.0131     2.4002     2.1231  34.974308  3.3424413   48.54338  -46.76298    34.9146    34.9144     3.2184     3.2175    27.7965    27.7964    6.31936    6.30060         18 0.0000e+00
      48745   2030.986   1619.000     3.3405   3.260236     3.3400   3.260153      98.63     0.0092     2.4009     2.1234  34.971584  3.3437250   48.54338  -46.76298    34.9146    34.9142     3.2175     3.2170    27.7966    27.7964    6.31156    6.30001         16 0.0000e+00
      48761   2031.658   1620.000     3.3400   3.260228     3.3394   3.260152      98.63     0.0102     2.3996     2.1233  34.980000  3.3418479   48.54338  -46.76298    34.9146    34.9144     3.2170     3.2163    27.7967    27.7966    6.31082    6.29865         16 0.0000e+00
      48777   2032.344   1621.000     3.3399   3.260252     3.3392   3.260178      98.63     0.0100     2.4001     2.1232  34.980839  3.3412967   48.54338  -46.76298    34.9145    34.9144     3.2167     3.2160    27.7966    27.7966    6.32178    6.30025         17 0.0000e+00
      48796   2033.111   1622.000     3.3399   3.260295     3.3392   3.260215      75.29     0.0170     2.4001     2.1232  34.977558  3.3404992   48.54337  -46.76298    34.9146    34.9143     3.2166     3.2160    27.7967    27.7965    6.31453    6.29768         21 0.0000e+00
      48824   2034.284   1623.000     3.3399   3.260325     3.3392   3.260243      93.41     0.0185     2.3997     2.1229  34.974030  3.3332100   48.54336  -46.76298    34.9144    34.9142     3.2166     3.2159    27.7966    27.7964    6.31429    6.29714         43 0.0000e+00
