data/CTD/2014/CNV/d017a015.cnv
* Sea-Bird SBE 9 Data File:
* FileName = C:\CTD_ACQUISITION\2014017HUD\ctddata\017A015.hdr
* Software Version Seasave V 7.22.2
* Temperature SN = 5081
* Conductivity SN = 3561
* Number of Bytes Per Scan = 37
* Number of Voltage Words = 4
* Number of Scans Averaged by the Deck Unit = 1
* NMEA Latitude = 53 01.21 N
* NMEA Longitude = 051 02.46 W
* NMEA UTC (Time) = Jul 04 2014 04:48:08
* NMEA baud rate = 9600
** Ship: Hudson
** Cruise: HUD2014017
** Chief_Scientist: Blair Greenan
** Organization: BIO
** Area_of_Operation: Sackville Spur
** Station: 015
** Sounding:  2750
** Event_Comments: DSOW1, 403063
# nquan = 25
# nvalues = 2643                        
# units = specified
# name 0 = scan: Scan Count
# name 1 = timeS: Time, Elapsed [seconds]
# name 2 = prDM: Pressure, Digiquartz [db]
# name 3 = t068C: Temperature [ITS-68, deg C]
# name 4 = c0S/m: Conductivity [S/m]
# name 5 = t168C: Temperature, 2 [ITS-68, deg C]
# name 6 = c1S/m: Conductivity, 2 [S/m]
# name 7 = altM: Altimeter [m]
# name 8 = flC: Fluorescence, Chelsea Aqua 3 Chl Con [ug/l]
# name 9 = sbeox0V: Oxygen raw, SBE 43 [V]
# name 10 = sbeox1V: Oxygen raw, SBE 43, 2 [V]
# name 11 = upoly0: Upoly 0, Optode 4330F - O2 D-Phase
# name 12 = upoly1: Upoly 1, Optode 4330F - O2 Temp
# name 13 = latitude: Latitude [deg]
# name 14 = longitude: Longitude [deg]
# name 15 = sal00: Salinity, Practical [PSU]
# name 16 = sal11: Salinity, Practical, 2 [PSU]
# name 17 = potemp068C: Potential Temperature [ITS-68, deg C]
# name 18 = potemp168C: Potential Temperature, 2 [ITS-68, deg C]
# name 19 = sigma-é00: Density [sigma-theta, Kg/m^3]
# name 20 = sigma-é11: Density, 2 [sigma-theta, Kg/m^3]
# name 21 = sbeox0ML/L: Oxygen, SBE 43 [ml/l], WS = 2
# name 22 = sbeox1ML/L: Oxygen, SBE 43, 2 [ml/l], WS = 2
# name 23 = nbin: number of scans per bin
# name 24 = flag: flag
# span 0 =       5648,      73805       
# span 1 =    235.275,   3075.179       
# span 2 =      1.000,   2643.000       
# span 3 =     2.4602,     8.2322       
# span 4 =   3.187551,   3.574952       
# span 5 =     2.4596,     8.2319       
# span 6 =   3.187428,   3.574805       
# span 7 =       3.66,     108.19       
# span 8 =     0.0068,     0.4252       
# span 9 =     2.1744,     3.4413       
# span 10 =     1.9246,     3.0168      
# span 11 =  30.132141,  35.550064      
# span 12 =  2.4495606,  8.2729435      
# span 13 =   53.02060,   53.02220      
# span 14 =  -51.04146,  -51.03832      
# span 15 =    34.2743,    34.9172      
# span 16 =    34.2727,    34.9160      
# span 17 =     2.2639,     8.2316      
# span 18 =     2.2633,     8.2312      
# span 19 =    26.6694,    27.8741      
# span 20 =    26.6683,    27.8737      
# span 21 =    6.28123,    7.30496      
# span 22 =    6.26697,    7.28440      
# span 23 =          1,         94      
# span 24 = 0.0000e+00, 0.0000e+00      
# interval = decibars: 1                
# start_time = Jul 04 2014 04:48:08 [NMEA time, header]
# bad_flag = -9.990e-29
*END*
[from data line 638]
      24036   1001.460    639.000     3.5124   3.227985     3.5130   3.227934      84.93     0.0129     2.8159     2.4892  33.501827  3.5177045   53.02148  -51.04096    34.8483    34.8470     3.4679     3.4684    27.7195    27.7185    6.75794    6.78171         17 0.0000e+00
      24056   1002.303    640.000     3.5137   3.228156     3.5137   3.228059      43.28     0.0148     2.8167     2.4895  33.504093  3.5146887   53.02148  -51.04096    34.8484    34.8472     3.4690     3.4691    27.7195    27.7186    6.75933    6.77897         25 0.0000e+00
      24096   1003.978    641.000     3.5139   3.228225     3.5131   3.228026      82.90     0.0163     2.8164     2.4885  33.509418  3.5075874   53.02148  -51.04095    34.8485    34.8469     3.4692     3.4684    27.7195    27.7184    6.75437    6.77400         50 0.0000e+00
      24133   1005.484    642.000     3.5126   3.228142     3.5125   3.228014      50.02     0.0178     2.8158     2.4874  33.501610  3.5079365   53.02148  -51.04094    34.8484    34.8469     3.4678     3.4678    27.7196    27.7184    6.74758    6.77310         24 0.0000e+00
      24154   1006.385    643.000     3.5076   3.227704     3.5089   3.227721      87.77     0.0155     2.8150     2.4875  33.501831  3.5112262   53.02148  -51.04094    34.8479    34.8467     3.4627     3.4641    27.7197    27.7186    6.74024    6.77666         21 0.0000e+00
      24173   1007.169    644.000     3.5136   3.228385     3.5142   3.228378      13.59     0.0154     2.8140     2.4869  33.501831  3.5177200   53.02148  -51.04096    34.8491    34.8484     3.4687     3.4693    27.7201    27.7195    6.73593    6.77390         17 0.0000e+00
      24190   1007.893    645.000     3.5165   3.228731     3.5166   3.228643      98.45     0.0178     2.8128     2.4870  33.503452  3.5177045   53.02148  -51.04096    34.8497    34.8485     3.4715     3.4716    27.7203    27.7193    6.73448    6.77650         18 0.0000e+00
      24208   1008.621    646.000     3.5179   3.228926     3.5172   3.228756      98.64     0.0182     2.8122     2.4868  33.501842  3.5114222   53.02148  -51.04096    34.8500    34.8486     3.4728     3.4722    27.7204    27.7194    6.73407    6.77608         17 0.0000e+00
      24227   1009.396    647.000     3.5204   3.229232     3.5201   3.229095      70.60     0.0149     2.8111     2.4866  33.501831  3.5079346   53.02148  -51.04096    34.8504    34.8491     3.4753     3.4749    27.7205    27.7195    6.73450    6.77457         20 0.0000e+00
      24247   1010.254    648.000     3.5222   3.229469     3.5220   3.229347      33.35     0.0141     2.8103     2.4863  33.501831  3.5079365   53.02148  -51.04096    34.8508    34.8495     3.4769     3.4768    27.7207    27.7197    6.73694    6.77442         22 0.0000e+00
      24271   1011.247    649.000     3.5241   3.229706     3.5237   3.229562      97.09     0.0149     2.8104     2.4861  33.501831  3.5079365   53.02148  -51.04096    34.8512    34.8498     3.4787     3.4784    27.7208    27.7197    6.73861    6.77233         26 0.0000e+00
      24301   1012.490    650.000     3.5248   3.229816     3.5246   3.229690      98.63     0.0103     2.8092     2.4853  33.501831  3.5120482   53.02148  -51.04096    34.8512    34.8498     3.4793     3.4792    27.7207    27.7197    6.73150    6.76458         33 0.0000e+00
      24333   1013.844    651.000     3.5244   3.229834     3.5242   3.229696      98.64     0.0093     2.8081     2.4838  33.501305  3.5165303   53.02148  -51.04096    34.8512    34.8498     3.4789     3.4787    27.7208    27.7197    6.73598    6.75855         29 0.0000e+00
      24358   1014.882    652.000     3.5245   3.229884     3.5243   3.229749      32.76     0.0097     2.8087     2.4828  33.488857  3.5177398   53.02148  -51.04096    34.8512    34.8498     3.4789     3.4787    27.7208    27.7197    6.73252    6.74827         22 0.0000e+00
      24378   1015.711    653.000     3.5247   3.229957     3.5246   3.229836      66.53     0.0132     2.8069     2.4809  33.487171  3.5177045   53.02148  -51.04096    34.8513    34.8500     3.4791     3.4790    27.7209    27.7198    6.72503    6.74440         19 0.0000e+00
      24398   1016.531    654.000     3.5251   3.230037     3.5248   3.229903      98.28     0.0156     2.8067     2.4801  33.496128  3.5177045   53.02148  -51.04096    34.8514    34.8501     3.4794     3.4791    27.7209    27.7198    6.73083    6.75242         21 0.0000e+00
      24423   1017.600    655.000     3.5253   3.230090     3.5253   3.229990      98.64     0.0133     2.8059     2.4800  33.503796  3.5177045   53.02148  -51.04096    34.8513    34.8501     3.4794     3.4795    27.7208    27.7198    6.73001    6.76492         32 0.0000e+00
      24456   1018.955    656.000     3.5253   3.230150     3.5252   3.230028      98.64     0.0151     2.8055     2.4806  33.502270  3.5177045   53.02148  -51.04096    34.8514    34.8501     3.4795     3.4793    27.7209    27.7199    6.73323    6.76515         28 0.0000e+00
      24478   1019.887    657.000     3.5256   3.230236     3.5254   3.230095      98.64     0.0110     2.8049     2.4804  33.502605  3.5177045   53.02148  -51.04096    34.8516    34.8502     3.4797     3.4794    27.7210    27.7199    6.72532    6.75870         19 0.0000e+00
      24495   1020.582    658.000     3.5251   3.230235     3.5250   3.230110      98.63     0.0131     2.8045     2.4799  33.503780  3.5177045   53.02148  -51.04096    34.8516    34.8502     3.4791     3.4790    27.7211    27.7200    6.73127    6.75762         15 0.0000e+00
      24509   1021.185    659.000     3.5242   3.230202     3.5242   3.230085      98.63     0.0154     2.8047     2.4799  33.502880  3.5177045   53.02148  -51.04096    34.8516    34.8503     3.4781     3.4781    27.7212    27.7201    6.73668    6.75804         14 0.0000e+00
      24524   1021.781    660.000     3.5236   3.230192     3.5235   3.230061      98.64     0.0185     2.8044     2.4792  33.504726  3.5177045   53.02148  -51.04096    34.8516    34.8501     3.4775     3.4774    27.7213    27.7201    6.73540    6.75352         15 0.0000e+00
      24541   1022.500    661.000     3.5231   3.230180     3.5231   3.230056      98.64     0.0156     2.8046     2.4785  33.509899  3.5177045   53.02148  -51.04096    34.8515    34.8500     3.4768     3.4769    27.7212    27.7200    6.72820    6.74585         21 0.0000e+00
      24603   1025.067    662.000     3.5214   3.230052     3.5224   3.230016      98.64     0.0111     2.8023     2.4768  33.510689  3.5177045   53.02149  -51.04096    34.8513    34.8498     3.4751     3.4761    27.7212    27.7199    6.72286    6.75174         30 0.0000e+00
      24636   1026.473    663.000     3.5206   3.230048     3.5208   3.229958      98.64     0.0094     2.8011     2.4767  33.511250  3.5177045   53.02150  -51.04096    34.8515    34.8502     3.4742     3.4744    27.7215    27.7204    6.72249    6.74981         14 0.0000e+00
      24649   1027.019    664.000     3.5221   3.230268     3.5219   3.230156      98.63     0.0102     2.8018     2.4761  33.516468  3.5177045   53.02150  -51.04096    34.8520    34.8508     3.4756     3.4755    27.7218    27.7208    6.72676    6.74345         12 0.0000e+00
      24661   1027.504    665.000     3.5233   3.230448     3.5234   3.230344      98.63     0.0096     2.8010     2.4755  33.516483  3.5177045   53.02150  -51.04096    34.8523    34.8510     3.4768     3.4769    27.7219    27.7208    6.72283    6.73790         11 0.0000e+00
      24673   1027.980    666.000     3.5249   3.230668     3.5247   3.230525      98.64     0.0116     2.8007     2.4748  33.516483  3.5177045   53.02150  -51.04096    34.8527    34.8513     3.4784     3.4781    27.7220    27.7209    6.72797    6.73292         12 0.0000e+00
      24684   1028.479    667.000     3.5261   3.230804     3.5250   3.230582      98.64     0.0123     2.8007     2.4738  33.518925  3.5168910   53.02150  -51.04096    34.8527    34.8511     3.4793     3.4783    27.7219    27.7208    6.72723    6.73306         12 0.0000e+00
      24700   1029.106    668.000     3.5245   3.230685     3.5240   3.230528      82.67     0.0128     2.8005     2.4732  33.520073  3.5171969   53.02150  -51.04096    34.8524    34.8510     3.4777     3.4772    27.7219    27.7208    6.72396    6.74025         20 0.0000e+00
      24769   1032.018    669.000     3.5240   3.230688     3.5243   3.230591      75.42     0.0104     2.7995     2.4730  33.528561  3.5177772   53.02150  -51.04096    34.8524    34.8509     3.4771     3.4775    27.7219    27.7207    6.72472    6.74708         24 0.0000e+00
      24798   1033.211    670.000     3.5254   3.230912     3.5254   3.230823      98.67     0.0115     2.7989     2.4725  33.531143  3.5177045   53.02150  -51.04096    34.8530    34.8520     3.4785     3.4785    27.7223    27.7214    6.72202    6.74336         13 0.0000e+00
      24811   1033.761    671.000     3.5279   3.231206     3.5278   3.231093      98.64     0.0162     2.7991     2.4726  33.531136  3.5177045   53.02150  -51.04096    34.8534    34.8522     3.4808     3.4808    27.7224    27.7214    6.72624    6.74501         13 0.0000e+00
      24824   1034.279    672.000     3.5276   3.231226     3.5275   3.231109      98.64     0.0165     2.7983     2.4722  33.528656  3.5177045   53.02150  -51.04096    34.8534    34.8521     3.4806     3.4804    27.7223    27.7213    6.72649    6.74395         12 0.0000e+00
      24836   1034.800    673.000     3.5279   3.231297     3.5279   3.231189      98.64     0.0167     2.7990     2.4721  33.536903  3.5177045   53.02150  -51.04096    34.8534    34.8521     3.4807     3.4807    27.7224    27.7213    6.72689    6.74286         13 0.0000e+00
      24850   1035.379    674.000     3.5289   3.231441     3.5289   3.231330      78.40     0.0162     2.7983     2.4716  33.533073  3.5177045   53.02150  -51.04096    34.8535    34.8523     3.4817     3.4816    27.7224    27.7214    6.72427    6.74612         16 0.0000e+00
      24878   1036.524    675.000     3.5287   3.231446     3.5286   3.231324      74.34     0.0149     2.7979     2.4717  33.534737  3.5177045   53.02150  -51.04096    34.8533    34.8519     3.4814     3.4813    27.7222    27.7211    6.72449    6.74900         51 0.0000e+00
      24931   1038.760    676.000     3.5288   3.231521     3.5287   3.231395     101.20     0.0115     2.7973     2.4717  33.542465  3.5177045   53.02150  -51.04096    34.8535    34.8521     3.4814     3.4813    27.7224    27.7213    6.72678    6.74952         29 0.0000e+00
      24953   1039.654    677.000     3.5287   3.231545     3.5286   3.231433      98.54     0.0130     2.7973     2.4715  33.550201  3.5177045   53.02150  -51.04096    34.8535    34.8521     3.4812     3.4812    27.7224    27.7213    6.72679    6.75135         21 0.0000e+00
      24972   1040.463    678.000     3.5297   3.231689     3.5291   3.231523      67.73     0.0141     2.7968     2.4717  33.548866  3.5197732   53.02150  -51.04096    34.8536    34.8522     3.4821     3.4815    27.7223    27.7214    6.73058    6.75438         19 0.0000e+00
      24990   1041.228    679.000     3.5291   3.231665     3.5288   3.231527      89.25     0.0130     2.7974     2.4719  33.550671  3.5220423   53.02150  -51.04096    34.8534    34.8521     3.4814     3.4811    27.7223    27.7213    6.73967    6.75885         18 0.0000e+00
      25009   1042.003    680.000     3.5290   3.231706     3.5289   3.231585      98.67     0.0133     2.7978     2.4723  33.549641  3.5223327   53.02150  -51.04096    34.8535    34.8521     3.4813     3.4812    27.7224    27.7213    6.73590    6.76181         19 0.0000e+00
      25030   1042.857    681.000     3.5328   3.232149     3.5318   3.231954      98.64     0.0151     2.7981     2.4725  33.543770  3.5181334   53.02150  -51.04096    34.8542    34.8529     3.4850     3.4840    27.7226    27.7216    6.73666    6.75272         22 0.0000e+00
      25055   1043.900    682.000     3.5267   3.231585     3.5283   3.231641      98.64     0.0189     2.7979     2.4719  33.546253  3.5177116   53.02150  -51.04096    34.8536    34.8523     3.4787     3.4805    27.7227    27.7215    6.73138    6.75356         29 0.0000e+00
      25084   1045.117    683.000     3.5160   3.230606     3.5165   3.230503      98.63     0.0178     2.7975     2.4717  33.534676  3.5177045   53.02150  -51.04096    34.8525    34.8508     3.4682     3.4686    27.7229    27.7214    6.73875    6.76258         28 0.0000e+00
      25110   1046.189    684.000     3.5108   3.230136     3.5108   3.230024      98.64     0.0139     2.7977     2.4727  33.542767  3.5177045   53.02150  -51.04096    34.8520    34.8506     3.4628     3.4629    27.7230    27.7219    6.73993    6.77361         23 0.0000e+00
      25131   1047.074    685.000     3.5122   3.230327     3.5115   3.230152      98.64     0.0136     2.7976     2.4730  33.552505  3.5177045   53.02150  -51.04096    34.8521    34.8508     3.4642     3.4636    27.7230    27.7219    6.73942    6.76696         20 0.0000e+00
      25151   1047.924    686.000     3.5138   3.230540     3.5137   3.230422      98.63     0.0127     2.7975     2.4730  33.551361  3.5177045   53.02151  -51.04096    34.8525    34.8512     3.4657     3.4656    27.7231    27.7221    6.73853    6.76629         21 0.0000e+00
      25174   1048.881    687.000     3.5133   3.230547     3.5132   3.230419      98.63     0.0151     2.7977     2.4729  33.551979  3.5095601   53.02152  -51.04096    34.8526    34.8512     3.4652     3.4650    27.7232    27.7221    6.74581    6.76710         26 0.0000e+00
      25202   1050.041    688.000     3.5131   3.230572     3.5131   3.230456      98.64     0.0170     2.7977     2.4729  33.551346  3.5079370   53.02152  -51.04096    34.8525    34.8512     3.4649     3.4649    27.7232    27.7221    6.74218    6.76475         29 0.0000e+00
      25230   1051.222    689.000     3.5131   3.230605     3.5127   3.230448      98.33     0.0186     2.7980     2.4723  33.541557  3.5079365   53.02152  -51.04096    34.8525    34.8510     3.4648     3.4644    27.7232    27.7220    6.74622    6.76301         26 0.0000e+00
      25254   1052.222    690.000     3.5106   3.230432     3.5107   3.230314      98.64     0.0158     2.7973     2.4722  33.547131  3.5079365   53.02152  -51.04096    34.8525    34.8510     3.4623     3.4623    27.7234    27.7222    6.73864    6.76743         23 0.0000e+00
      25276   1053.131    691.000     3.5100   3.230411     3.5100   3.230291      98.64     0.0121     2.7976     2.4722  33.549290  3.5079365   53.02152  -51.04096    34.8524    34.8509     3.4615     3.4616    27.7234    27.7223    6.74411    6.75999         21 0.0000e+00
      25297   1054.018    692.000     3.5098   3.230431     3.5096   3.230304      98.63     0.0149     2.7970     2.4710  33.550701  3.5079365   53.02152  -51.04096    34.8523    34.8509     3.4613     3.4611    27.7234    27.7223    6.73291    6.75381         21 0.0000e+00
      25318   1054.884    693.000     3.5097   3.230477     3.5096   3.230345      98.63     0.0202     2.7957     2.4705  33.549263  3.5041752   53.02152  -51.04096    34.8524    34.8510     3.4611     3.4610    27.7235    27.7223    6.73223    6.76084         21 0.0000e+00
      25339   1055.737    694.000     3.5095   3.230500     3.5093   3.230363      98.64     0.0184     2.7956     2.4704  33.551670  3.5050135   53.02152  -51.04096    34.8524    34.8510     3.4608     3.4606    27.7235    27.7224    6.74174    6.76619         20 0.0000e+00
      25360   1056.611    695.000     3.5093   3.230541     3.5090   3.230397      98.63     0.0175     2.7956     2.4706  33.551113  3.5025907   53.02152  -51.04096    34.8525    34.8512     3.4606     3.4621    27.7236    27.7226    6.74042    6.76921         22 0.0000e+00
