data/CTD/2014/CNV/d017a059.cnv
* Sea-Bird SBE 9 Data File:
* FileName = C:\CTD_ACQUISITION\2014017HUD\ctddata\017A059.hdr
* Software Version Seasave V 7.22.2
* Temperature SN = 5081
* Conductivity SN = 3561
* Number of Bytes Per Scan = 37
* Number of Voltage Words = 4
* Number of Scans Averaged by the Deck Unit = 1
* NMEA Latitude = 43 27.28 N
* NMEA Longitude = 059 59.20 W
* NMEA UTC (Time) = Jul 13 2014 21:54:45
* NMEA baud rate = 9600
** Ship: Hudson
** Cruise: HUD2014017
** Chief_Scientist: Blair Greenan
** Organization: BIO
** Area_of_Operation: Sackville Spur
** Station: 059
** Sounding:  1260
** Event_Comments: LC3, 0
** Microcat calibration cast.
# nquan = 25
# nvalues = 253                         
# units = specified
# name 0 = scan: Scan Count
# name 1 = timeS: Time, Elapsed [seconds]
# name 2 = prDM: Pressure, Digiquartz [db]
# name 3 = t068C: Temperature [ITS-68, deg C]
# name 4 = c0S/m: Conductivity [S/m]
# name 5 = t168C: Temperature, 2 [ITS-68, deg C]
# name 6 = c1S/m: Conductivity, 2 [S/m]
# name 7 = altM: Altimeter [m]
# name 8 = flC: Fluorescence, Chelsea Aqua 3 Chl Con [ug/l]
# name 9 = sbeox0V: Oxygen raw, SBE 43 [V]
# name 10 = sbeox1V: Oxygen raw, SBE 43, 2 [V]
# name 11 = upoly0: Upoly 0, Optode 4330F - O2 D-Phase
# name 12 = upoly1: Upoly 1, Optode 4330F - O2 Temp
# name 13 = latitude: Latitude [deg]
# name 14 = longitude: Longitude [deg]
# name 15 = sal00: Salinity, Practical [PSU]
# name 16 = sal11: Salinity, Practical, 2 [PSU]
# name 17 = potemp068C: Potential Temperature [ITS-68, deg C]
# name 18 = potemp168C: Potential Temperature, 2 [ITS-68, deg C]
# name 19 = sigma-é00: Density [sigma-theta, Kg/m^3]
# name 20 = sigma-é11: Density, 2 [sigma-theta, Kg/m^3]
# name 21 = sbeox0ML/L: Oxygen, SBE 43 [ml/l], WS = 2
# name 22 = sbeox1ML/L: Oxygen, SBE 43, 2 [ml/l], WS = 2
# name 23 = nbin: number of scans per bin
# name 24 = flag: flag
# span 0 =       9195,      17179       
# span 1 =    383.069,    715.758       
# span 2 =      1.000,    253.000       
# span 3 =     3.7274,    16.0199       
# span 4 =   3.029516,   4.017557       
# span 5 =     3.7236,    16.0138       
# span 6 =   3.028044,   4.017413       
# span 7 =      35.84,     100.21       
# span 8 =     0.0085,     0.3433       
# span 9 =     1.9259,     3.5271       
# span 10 =     1.6665,     3.0330      
# span 11 =  28.329720,  39.502422      
# span 12 =  4.3968725,  15.999953      
# span 13 =   43.45538,   43.45596      
# span 14 =  -59.98837,  -59.98776      
# span 15 =    31.5899,    35.3602      
# span 16 =    31.5803,    35.3587      
# span 17 =     3.7242,    16.0195      
# span 18 =     3.7206,    16.0133      
# span 19 =    23.1227,    27.1280      
# span 20 =    23.1167,    27.1269      
# span 21 =    3.35883,    7.40619      
# span 22 =    3.16231,    7.22105      
# span 23 =          5,        137      
# span 24 = 0.0000e+00, 0.0000e+00      
# interval = decibars: 1                
# start_time = Jul 13 2014 21:54:45 [NMEA time, header]
# bad_flag = -9.990e-29
*END*
[from data line 58]
      10674    444.710     59.000     4.2121   3.085720     4.2120   3.085885      83.37     0.0862     3.0535     2.6760  32.127148  4.4554334   43.45550  -59.98786    32.7432    32.7453     4.2082     4.2080    25.9704    25.9721    6.75937    6.75603         29 0.0000e+00
      10701    445.848     60.000     4.3292   3.098658     4.3286   3.098753      94.97     0.0778     3.0369     2.6631  32.168278  4.4554334   43.45550  -59.98786    32.7778    32.7795     4.3252     4.3245    25.9860    25.9874    6.67691    6.67820         26 0.0000e+00
      10726    446.869     61.000     4.3078   3.097821     4.3075   3.097413      98.68     0.0721     3.0214     2.6514  32.227962  4.4702997   43.45550  -59.98786    32.7888    32.7843     4.3037     4.3033    25.9969    25.9934    6.65181    6.66511         22 0.0000e+00
      10747    447.762     62.000     4.2733   3.094921     4.2726   3.094647      81.99     0.0678     3.0109     2.6439  32.241959  4.4750371   43.45550  -59.98786    32.7886    32.7862     4.2691     4.2684    26.0003    25.9985    6.66294    6.67408         21 0.0000e+00
      10768    448.606     63.000     4.3196   3.100493     4.3164   3.100534      88.54     0.0633     3.0035     2.6391  32.314430  4.4950342   43.45550  -59.98786    32.8073    32.8109     4.3153     4.3122    26.0105    26.0136    6.65954    6.67051         20 0.0000e+00
      10788    449.445     64.000     4.4021   3.110269     4.4029   3.110910      98.73     0.0608     2.9984     2.6353  32.388981  4.5211244   43.45550  -59.98787    32.8390    32.8466     4.3977     4.3989    26.0271    26.0331    6.64702    6.64319         20 0.0000e+00
      10809    450.316     65.000     4.4638   3.118364     4.4621   3.118489      98.55     0.0602     2.9939     2.6308  32.398312  4.5144577   43.45550  -59.98788    32.8715    32.8747     4.4593     4.4576    26.0465    26.0492    6.63931    6.62401         22 0.0000e+00
      10833    451.313     66.000     4.5355   3.126819     4.5336   3.126843      77.23     0.0572     2.9904     2.6273  32.446903  4.4877353   43.45552  -59.98788    32.8983    32.9004     4.5309     4.5290    26.0602    26.0621    6.61886    6.60124         26 0.0000e+00
      10859    452.429     67.000     4.5611   3.130130     4.5602   3.129946      98.88     0.0528     2.9854     2.6213  32.475430  4.5176358   43.45552  -59.98788    32.9111    32.9095     4.5564     4.5555    26.0677    26.0666    6.59683    6.56507         27 0.0000e+00
      10886    453.524     68.000     4.5604   3.130502     4.5595   3.130458      89.97     0.0537     2.9802     2.6155  32.536133  4.5838752   43.45552  -59.98788    32.9153    32.9153     4.5557     4.5550    26.0711    26.0712    6.57275    6.55179         25 0.0000e+00
      10909    454.490     69.000     4.5756   3.132311     4.5749   3.132184      82.28     0.0528     2.9739     2.6099  32.579243  4.6021695   43.45552  -59.98788    32.9207    32.9200     4.5707     4.5700    26.0738    26.0733    6.54471    6.51205         22 0.0000e+00
      10930    455.358     70.000     4.6032   3.135482     4.6024   3.135594      98.71     0.0524     2.9674     2.6028  32.657505  4.6412048   43.45552  -59.98788    32.9296    32.9318     4.5983     4.5974    26.0779    26.0798    6.50947    6.47917         20 0.0000e+00
      10950    456.199     71.000     4.6225   3.137844     4.6217   3.137740      98.63     0.0583     2.9601     2.5962  32.661041  4.6410255   43.45552  -59.98788    32.9374    32.9370     4.6175     4.6167    26.0820    26.0818    6.49354    6.47836         21 0.0000e+00
      10971    457.071     72.000     4.6430   3.140468     4.6441   3.140738      71.27     0.0566     2.9546     2.5934  32.751240  4.6492844   43.45552  -59.98788    32.9463    32.9491     4.6379     4.6390    26.0870    26.0890    6.50346    6.49274         21 0.0000e+00
      10993    458.011     73.000     4.6956   3.146710     4.6947   3.146737      98.39     0.0534     2.9519     2.5910  32.752743  4.6507788   43.45552  -59.98788    32.9666    32.9678     4.6904     4.6895    26.0974    26.0985    6.50341    6.47984         24 0.0000e+00
      11017    459.020     74.000     4.7009   3.148343     4.7012   3.148229      98.63     0.0482     2.9489     2.5889  32.808842  4.6776214   43.45552  -59.98788    32.9798    32.9782     4.6956     4.6961    26.1073    26.1060    6.49112    6.47360         24 0.0000e+00
      11043    460.065     75.000     4.6719   3.146143     4.6725   3.145962      74.39     0.0498     2.9451     2.5862  32.813881  4.6805525   43.45552  -59.98790    32.9826    32.9799     4.6666     4.6672    26.1127    26.1105    6.48987    6.46960         25 0.0000e+00
      11067    461.080     76.000     4.6514   3.144776     4.6513   3.144634      99.04     0.0496     2.9430     2.5845  32.883949  4.7268577   43.45552  -59.98790    32.9866    32.9850     4.6460     4.6459    26.1181    26.1168    6.50584    6.48985         24 0.0000e+00
      11090    462.036     77.000     4.6505   3.145144     4.6502   3.145070      98.63     0.0491     2.9436     2.5857  32.886425  4.7289214   43.45552  -59.98790    32.9913    32.9907     4.6450     4.6447    26.1219    26.1215    6.52209    6.50311         23 0.0000e+00
      11112    462.965     78.000     4.6444   3.146015     4.6438   3.145985      71.75     0.0494     2.9434     2.5858  32.963814  4.7118907   43.45554  -59.98790    33.0069    33.0072     4.6388     4.6382    26.1350    26.1353    6.51108    6.48390         22 0.0000e+00
      11134    463.874     79.000     4.6899   3.153018     4.6874   3.153115      98.44     0.0474     2.9423     2.5833  32.974346  4.7094045   43.45554  -59.98790    33.0424    33.0460     4.6843     4.6817    26.1582    26.1613    6.47828    6.44406         21 0.0000e+00
      11156    464.789     80.000     4.7471   3.159964     4.7460   3.160017      98.63     0.0497     2.9379     2.5788  33.030880  4.7000871   43.45554  -59.98790    33.0654    33.0671     4.7414     4.7403    26.1703    26.1718    6.43193    6.41106         23 0.0000e+00
      11179    465.747     81.000     4.7726   3.162940     4.7720   3.163004      79.72     0.0472     2.9312     2.5744  33.054359  4.6972618   43.45554  -59.98790    33.0740    33.0753     4.7667     4.7661    26.1743    26.1754    6.40474    6.39917         24 0.0000e+00
      11204    466.775     82.000     4.8073   3.166701     4.8067   3.166755      92.40     0.0429     2.9252     2.5704  33.073681  4.7303419   43.45554  -59.98790    33.0825    33.0837     4.8013     4.8007    26.1773    26.1783    6.39898    6.39126         25 0.0000e+00
      11229    467.829     83.000     4.8833   3.175299     4.8793   3.175485      98.61     0.0412     2.9211     2.5677  33.082748  4.7483993   43.45554  -59.98790    33.1056    33.1117     4.8773     4.8732    26.1873    26.1926    6.38824    6.37524         25 0.0000e+00
      11252    468.804     84.000     4.9962   3.188178     4.9937   3.188372      77.28     0.0438     2.9180     2.5650  33.110653  4.7863336   43.45554  -59.98790    33.1413    33.1461     4.9900     4.9875    26.2030    26.2071    6.36521    6.34683         22 0.0000e+00
      11274    469.692     85.000     5.0212   3.192210     5.0207   3.192259      91.05     0.0405     2.9151     2.5626  33.120697  4.8030539   43.45554  -59.98791    33.1623    33.1635     5.0149     5.0143    26.2169    26.2179    6.34625    6.33209         21 0.0000e+00
      11295    470.571     86.000     5.0622   3.196960     5.0593   3.197130      98.53     0.0377     2.9111     2.5597  33.120880  4.8570323   43.45554  -59.98792    33.1764    33.1811     5.0551     5.0531    26.2236    26.2276    6.31918    6.31462         21 0.0000e+00
      11317    471.507     87.000     5.1489   3.206473     5.1471   3.206566      88.89     0.0330     2.9059     2.5569  33.120880  4.9233322   43.45554  -59.98792    33.1983    33.2011     5.1423     5.1406    26.2311    26.2335    6.30192    6.31721         24 0.0000e+00
      11341    472.514     88.000     5.1844   3.210694     5.1823   3.210737      81.93     0.0368     2.9046     2.5600  33.132397  4.9614763   43.45554  -59.98792    33.2103    33.2130     5.1783     5.1758    26.2365    26.2388    6.34349    6.35851         24 0.0000e+00
      11365    473.509     89.000     5.2547   3.218579     5.2515   3.218736      98.79     0.0484     2.9078     2.5623  33.150356  5.0165577   43.45556  -59.98792    33.2309    33.2358     5.2479     5.2447    26.2448    26.2491    6.33358    6.31404         23 0.0000e+00
      11387    474.423     90.000     5.3250   3.226653     5.3230   3.226872      95.11     0.0463     2.9060     2.5600  33.154400  5.0426183   43.45556  -59.98792    33.2528    33.2573     5.3181     5.3161    26.2541    26.2579    6.27994    6.27603         21 0.0000e+00
      11408    475.307     91.000     5.3867   3.233507     5.3814   3.233326      72.53     0.0458     2.9022     2.5569  33.164768  5.1142902   43.45556  -59.98792    33.2694    33.2726     5.3796     5.3744    26.2601    26.2631    6.25276    6.25065         22 0.0000e+00
      11431    476.245     92.000     5.4752   3.243086     5.4694   3.243068      98.48     0.0429     2.8979     2.5536  33.166737  5.1263852   43.45556  -59.98792    33.2902    33.2958     5.4680     5.4622    26.2661    26.2712    6.22967    6.23053         23 0.0000e+00
      11456    477.278     93.000     5.5477   3.250744     5.5405   3.250307      97.37     0.0412     2.8945     2.5509  33.180141  5.2376552   43.45556  -59.98792    33.3050    33.3071     5.5403     5.5332    26.2693    26.2718    6.21596    6.20705         26 0.0000e+00
      11481    478.329     94.000     5.6002   3.256397     5.5930   3.256121      73.52     0.0384     2.8897     2.5457  33.179489  5.2656794   43.45556  -59.98792    33.3167    33.3206     5.5927     5.5856    26.2723    26.2763    6.18005    6.16685         25 0.0000e+00
      11505    479.324     95.000     5.9204   3.292606     5.8893   3.291656      98.39     0.0403     2.8839     2.5403  33.179485  5.3675218   43.45556  -59.98794    33.4086    33.4287     5.9126     5.8815    26.3061    26.3258    6.10645    6.10167         23 0.0000e+00
      11528    480.277     96.000     6.1130   3.314302     6.1084   3.314536      98.63     0.0417     2.8773     2.5362  33.171440  5.3839431   43.45556  -59.98794    33.4618    33.4690     6.1050     6.1003    26.3243    26.3306    6.06696    6.06971         22 0.0000e+00
      11550    481.226     97.000     6.2592   3.330772     6.2487   3.330875      68.74     0.0408     2.8736     2.5335  33.119915  5.5028372   43.45556  -59.98794    33.5014    33.5129     6.2510     6.2405    26.3371    26.3475    6.06537    6.05102         23 0.0000e+00
      11573    482.185     98.000     6.4060   3.346941     6.3989   3.346976      99.19     0.0432     2.8728     2.5315  33.120232  5.5079679   43.45558  -59.98794    33.5367    33.5440     6.3975     6.3905    26.3462    26.3528    6.03638    6.00409         23 0.0000e+00
      11596    483.138     99.000     6.5098   3.359468     6.5044   3.359925      98.63     0.0437     2.8679     2.5251  33.091190  5.8865690   43.45558  -59.98794    33.5733    33.5837     6.5011     6.4958    26.3616    26.3705    5.96829    5.94063         23 0.0000e+00
      11619    484.098    100.000     6.6467   3.376119     6.6426   3.376244      68.33     0.0419     2.8586     2.5170  33.091576  5.8815627   43.45558  -59.98794    33.6227    33.6282     6.6379     6.6337    26.3826    26.3875    5.90854    5.88815         23 0.0000e+00
      11643    485.066    101.000     6.6730   3.379529     6.6716   3.379617      98.76     0.0420     2.8489     2.5082  33.063995  6.1389766   43.45558  -59.98794    33.6341    33.6365     6.6641     6.6627    26.3881    26.3902    5.87113    5.84435         24 0.0000e+00
      11666    486.025    102.000     6.7174   3.384828     6.7154   3.384980      98.63     0.0386     2.8377     2.4970  33.062263  6.1551347   43.45558  -59.98794    33.6486    33.6522     6.7083     6.7063    26.3937    26.3968    5.82959    5.80010         22 0.0000e+00
      11688    486.950    103.000     6.7494   3.388437     6.7489   3.388588      68.35     0.0366     2.8268     2.4876  33.087242  6.3426900   43.45558  -59.98794    33.6564    33.6586     6.7403     6.7398    26.3956    26.3974    5.80237    5.77442         22 0.0000e+00
      11709    487.832    104.000     6.7996   3.394648     6.7964   3.395084      96.63     0.0342     2.8169     2.4785  33.091568  6.3745599   43.45558  -59.98794    33.6752    33.6831     6.7903     6.7871    26.4037    26.4104    5.77964    5.75353         21 0.0000e+00
      11730    488.709    105.000     6.9269   3.409909     6.9248   3.410467      98.63     0.0332     2.8091     2.4727  33.100658  6.4454045   43.45558  -59.98794    33.7177    33.7259     6.9174     6.9153    26.4201    26.4269    5.76834    5.74909         21 0.0000e+00
      11752    489.629    106.000     6.9368   3.412438     6.9388   3.412393      83.20     0.0332     2.8048     2.4703  33.106251  6.4971633   43.45558  -59.98795    33.7354    33.7328     6.9272     6.9292    26.4327    26.4304    5.79109    5.76710         23 0.0000e+00
      11777    490.680    107.000     6.8922   3.410750     6.8897   3.410636      85.85     0.0391     2.8044     2.4701  33.114021  6.5904832   43.45558  -59.98796    33.7600    33.7612     6.8825     6.8800    26.4582    26.4595    5.81089    5.77665         28 0.0000e+00
      11806    491.871    108.000     6.9182   3.414916     6.9190   3.414665      98.58     0.0401     2.8023     2.4673  33.120853  6.6681018   43.45558  -59.98796    33.7798    33.7763     6.9084     6.9092    26.4702    26.4674    5.76993    5.73745         29 0.0000e+00
      11833    492.994    109.000     6.8613   3.409811     6.8579   3.409519      67.99     0.0366     2.7942     2.4609  33.172234  6.6942797   43.45560  -59.98796    33.7790    33.7793     6.8515     6.8481    26.4773    26.4780    5.73751    5.71114         24 0.0000e+00
      11855    493.913    110.000     6.8775   3.411820     6.8769   3.411820      99.35     0.0314     2.7886     2.4556  33.179638  6.6997433   43.45560  -59.98796    33.7848    33.7854     6.8675     6.8670    26.4797    26.4803    5.74380    5.70856         20 0.0000e+00
      11874    494.711    111.000     6.9176   3.416519     6.9141   3.416780      98.63     0.0304     2.7861     2.4530  33.225933  6.7026010   43.45560  -59.98796    33.7966    33.8028     6.9075     6.9040    26.4836    26.4890    5.74864    5.70900         19 0.0000e+00
      11893    495.480    112.000     7.0111   3.427409     7.0037   3.427379      93.92     0.0288     2.7849     2.4512  33.252789  6.7042484   43.45560  -59.98796    33.8238    33.8307     7.0008     6.9934    26.4923    26.4988    5.74931    5.69865         18 0.0000e+00
      11912    496.294    113.000     7.1433   3.443369     7.1350   3.443694      67.60     0.0273     2.7859     2.4508  33.261143  6.7146611   43.45560  -59.98796    33.8681    33.8799     7.1329     7.1245    26.5091    26.5195    5.75021    5.69134         21 0.0000e+00
      11935    497.242    114.000     7.3518   3.468093     7.3391   3.468529      98.39     0.0278     2.7883     2.4515  33.303982  6.7893934   43.45560  -59.98796    33.9327    33.9499     7.3411     7.3284    26.5309    26.5462    5.73147    5.67118         25 0.0000e+00
      11962    498.378    115.000     7.5420   3.490063     7.5413   3.490499      90.69     0.0281     2.7914     2.4532  33.301750  6.8551855   43.45560  -59.98796    33.9845    33.9900     7.5310     7.5303    26.5448    26.5492    5.71057    5.65086         29 0.0000e+00
