data/CTD/2014/CNV/d017a047.cnv
* Sea-Bird SBE 9 Data File:
* FileName = C:\CTD_ACQUISITION\2014017HUD\ctddata\017A047.hdr
* Software Version Seasave V 7.22.2
* Temperature SN = 5081
* Conductivity SN = 3561
* Number of Bytes Per Scan = 37
* Number of Voltage Words = 4
* Number of Scans Averaged by the Deck Unit = 1
* NMEA Latitude = 47 48.52 N
* NMEA Longitude = 045 57.88 W
* NMEA UTC (Time) = Jul 11 2014 00:32:51
* NMEA baud rate = 9600
** Ship: Hudson
** Cruise: HUD2014017
** Chief_Scientist: Blair Greenan
** Organization: BIO
** Area_of_Operation: Sackville Spur
** Station: 047
** Sounding:  716
** Event_Comments: SS_18.5, 403274
# nquan = 25
# nvalues = 731                         
# units = specified
# name 0 = scan: Scan Count
# name 1 = timeS: Time, Elapsed [seconds]
# name 2 = prDM: Pressure, Digiquartz [db]
# name 3 = t068C: Temperature [ITS-68, deg C]
# name 4 = c0S/m: Conductivity [S/m]
# name 5 = t168C: Temperature, 2 [ITS-68, deg C]
# name 6 = c1S/m: Conductivity, 2 [S/m]
# name 7 = altM: Altimeter [m]
# name 8 = flC: Fluorescence, Chelsea Aqua 3 Chl Con [ug/l]
# name 9 = sbeox0V: Oxygen raw, SBE 43 [V]
# name 10 = sbeox1V: Oxygen raw, SBE 43, 2 [V]
# name 11 = upoly0: Upoly 0, Optode 4330F - O2 D-Phase
# name 12 = upoly1: Upoly 1, Optode 4330F - O2 Temp
# name 13 = latitude: Latitude [deg]
# name 14 = longitude: Longitude [deg]
# name 15 = sal00: Salinity, Practical [PSU]
# name 16 = sal11: Salinity, Practical, 2 [PSU]
# name 17 = potemp068C: Potential Temperature [ITS-68, deg C]
# name 18 = potemp168C: Potential Temperature, 2 [ITS-68, deg C]
# name 19 = sigma-é00: Density [sigma-theta, Kg/m^3]
# name 20 = sigma-é11: Density, 2 [sigma-theta, Kg/m^3]
# name 21 = sbeox0ML/L: Oxygen, SBE 43 [ml/l], WS = 2
# name 22 = sbeox1ML/L: Oxygen, SBE 43, 2 [ml/l], WS = 2
# name 23 = nbin: number of scans per bin
# name 24 = flag: flag
# span 0 =       5508,      27152       
# span 1 =    229.448,   1131.310       
# span 2 =      2.000,    732.000       
# span 3 =     2.9027,     8.6815       
# span 4 =   3.102631,   3.520594       
# span 5 =     2.9020,     8.6621       
# span 6 =   3.101458,   3.517922       
# span 7 =     -10.70,     100.83       
# span 8 =     0.0099,     1.1424       
# span 9 =     2.6837,     3.6962       
# span 10 =     2.3667,     3.2265      
# span 11 =  29.912287,  34.175907      
# span 12 =  2.7942107,  8.7429085      
# span 13 =   47.80917,   47.81228      
# span 14 =  -45.96590,  -45.96480      
# span 15 =    33.1053,    34.8921      
# span 16 =    33.1044,    34.8911      
# span 17 =     2.8970,     8.6793      
# span 18 =     2.8963,     8.6600      
# span 19 =    25.6878,    27.7036      
# span 20 =    25.6869,    27.7029      
# span 21 =    6.26558,    8.27430      
# span 22 =    6.24627,    8.27846      
# span 23 =          6,        100      
# span 24 = 0.0000e+00, 0.0000e+00      
# interval = decibars: 1                
# start_time = Jul 11 2014 00:32:51 [NMEA time, header]
# bad_flag = -9.990e-29
*END*
[from data line 290]
      16147    672.730    292.000     4.0763   3.260357     4.0761   3.260366      97.94     0.0189     2.8019     2.4662  33.882702  4.0062027   47.81068  -45.96534    34.8206    34.8206     4.0555     4.0552    27.6378    27.6378    6.29846    6.28713         21 0.0000e+00
      16166    673.561    293.000     4.0833   3.261166     4.0834   3.261123      95.39     0.0194     2.8002     2.4649  33.888634  4.0192699   47.81068  -45.96534    34.8219    34.8213     4.0624     4.0625    27.6381    27.6376    6.30868    6.29732         20 0.0000e+00
      16185    674.351    294.000     4.0821   3.261102     4.0823   3.261055      98.62     0.0193     2.7999     2.4648  33.897404  4.0353532   47.81068  -45.96534    34.8219    34.8211     4.0611     4.0613    27.6382    27.6375    6.32570    6.31542         18 0.0000e+00
      16205    675.166    295.000     4.0810   3.261063     4.0809   3.261006      85.53     0.0161     2.8012     2.4665  33.898132  4.0354090   47.81068  -45.96534    34.8220    34.8214     4.0599     4.0599    27.6385    27.6380    6.35043    6.34568         21 0.0000e+00
      16227    676.085    296.000     4.1032   3.263475     4.1027   3.263486      73.63     0.0183     2.8047     2.4702  33.911797  4.0521479   47.81068  -45.96534    34.8265    34.8273     4.0820     4.0815    27.6397    27.6403    6.37886    6.36370         24 0.0000e+00
      16252    677.141    297.000     4.1126   3.264457     4.1117   3.264313      97.84     0.0185     2.8102     2.4747  33.912086  4.0534744   47.81068  -45.96534    34.8278    34.8270     4.0912     4.0904    27.6397    27.6392    6.39935    6.38182         27 0.0000e+00
      16280    678.279    298.000     4.1002   3.263213     4.1020   3.263290      98.64     0.0185     2.8161     2.4799  33.912086  4.0549555   47.81068  -45.96534    34.8255    34.8245     4.0789     4.0807    27.6392    27.6383    6.40879    6.40527         26 0.0000e+00
      16305    679.325    299.000     4.0711   3.260370     4.0705   3.260107      94.48     0.0180     2.8199     2.4849  33.918880  4.0611210   47.81068  -45.96536    34.8222    34.8196     4.0497     4.0492    27.6396    27.6377    6.42392    6.42147         24 0.0000e+00
      16326    680.224    300.000     4.0299   3.256253     4.0277   3.255813      98.62     0.0198     2.8242     2.4878  33.941269  4.0826683   47.81068  -45.96536    34.8165    34.8136     4.0086     4.0064    27.6394    27.6373    6.44264    6.41367         20 0.0000e+00
      16346    681.057    301.000     4.0080   3.254143     4.0035   3.253510      98.64     0.0174     2.8267     2.4883  33.941391  4.0837545   47.81068  -45.96536    34.8141    34.8114     3.9866     3.9821    27.6398    27.6381    6.42151    6.39412         20 0.0000e+00
      16367    681.901    302.000     3.9914   3.252504     3.9899   3.252265      96.14     0.0148     2.8258     2.4867  33.953918  4.0592008   47.81068  -45.96536    34.8117    34.8104     3.9700     3.9686    27.6396    27.6387    6.37814    6.36650         20 0.0000e+00
      16388    682.771    303.000     3.9880   3.252183     3.9883   3.252119      85.65     0.0133     2.8210     2.4825  33.956043  4.0549417   47.81068  -45.96536    34.8110    34.8098     3.9665     3.9669    27.6394    27.6385    6.34038    6.33778         22 0.0000e+00
      16410    683.702    304.000     3.9867   3.252101     3.9864   3.252018      40.95     0.0165     2.8147     2.4782  33.946556  4.0275354   47.81068  -45.96536    34.8108    34.8101     3.9652     3.9649    27.6394    27.6389    6.31603    6.33141         23 0.0000e+00
      16434    684.709    305.000     3.9866   3.252138     3.9863   3.252018      97.19     0.0140     2.8084     2.4740  33.941383  4.0103836   47.81068  -45.96536    34.8108    34.8097     3.9650     3.9647    27.6395    27.6386    6.31491    6.32367         25 0.0000e+00
      16459    685.742    306.000     3.9886   3.252436     3.9945   3.253142      95.04     0.0134     2.8032     2.4709  33.932114  3.9998646   47.81068  -45.96536    34.8116    34.8138     3.9670     3.9728    27.6399    27.6410    6.31198    6.32692         24 0.0000e+00
      16482    686.701    307.000     4.0657   3.260422     4.0576   3.259596      86.92     0.0166     2.8002     2.4687  33.926662  3.9967358   47.81068  -45.96536    34.8242    34.8230     4.0438     4.0357    27.6418    27.6418    6.30884    6.31389         22 0.0000e+00
      16504    687.607    308.000     4.0956   3.263441     4.0895   3.263025      98.43     0.0179     2.7985     2.4676  33.903362  3.9887660   47.81068  -45.96536    34.8278    34.8293     4.0735     4.0674    27.6416    27.6435    6.31763    6.31929         22 0.0000e+00
      16526    688.535    309.000     4.1162   3.265594     4.1152   3.265441      93.30     0.0148     2.7987     2.4676  33.882938  3.9908006   47.81068  -45.96536    34.8309    34.8302     4.0940     4.0930    27.6419    27.6414    6.33017    6.32600         23 0.0000e+00
      16549    689.510    310.000     4.1159   3.265668     4.1157   3.265603      98.58     0.0127     2.7999     2.4682  33.882782  4.0252495   47.81068  -45.96536    34.8316    34.8311     4.0936     4.0934    27.6425    27.6421    6.34212    6.32694         24 0.0000e+00
      16572    690.471    311.000     4.1174   3.265892     4.1170   3.265797      98.64     0.0099     2.8011     2.4679  33.886086  4.0621824   47.81068  -45.96536    34.8321    34.8314     4.0950     4.0947    27.6428    27.6422    6.33880    6.32016         22 0.0000e+00
      16594    691.356    312.000     4.1101   3.265195     4.1106   3.265123      91.66     0.0140     2.8015     2.4676  33.891582  4.0740132   47.81068  -45.96538    34.8310    34.8297     4.0877     4.0882    27.6427    27.6416    6.33204    6.31558         20 0.0000e+00
      16614    692.215    313.000     4.1055   3.264859     4.1051   3.264780      98.70     0.0172     2.8005     2.4661  33.912254  4.0923061   47.81068  -45.96538    34.8314    34.8309     4.0830     4.0826    27.6435    27.6431    6.32417    6.30544         21 0.0000e+00
      16637    693.152    314.000     4.0994   3.264384     4.0991   3.264210      98.64     0.0224     2.8000     2.4647  33.912086  4.0878854   47.81070  -45.96538    34.8318    34.8300     4.0768     4.0765    27.6444    27.6430    6.32627    6.29964         24 0.0000e+00
      16661    694.176    315.000     4.0835   3.262920     4.0828   3.262777      61.91     0.0213     2.7988     2.4626  33.922138  4.0869761   47.81070  -45.96538    34.8307    34.8298     4.0609     4.0602    27.6453    27.6446    6.32480    6.30490         25 0.0000e+00
      16684    695.143    316.000     4.0896   3.263616     4.0895   3.263592      98.66     0.0225     2.7981     2.4622  33.924732  4.0284719   47.81070  -45.96538    34.8320    34.8318     4.0669     4.0668    27.6456    27.6455    6.31847    6.31313         22 0.0000e+00
      16705    695.995    317.000     4.1031   3.265062     4.1032   3.265109      98.64     0.0201     2.7966     2.4622  33.941299  4.0839453   47.81070  -45.96538    34.8343    34.8346     4.0803     4.0805    27.6461    27.6463    6.30564    6.30478         19 0.0000e+00
      16724    696.798    318.000     4.1175   3.266571     4.1169   3.266517      96.54     0.0160     2.7946     2.4608  33.941391  4.0832119   47.81070  -45.96538    34.8366    34.8363     4.0944     4.0950    27.6464    27.6462    6.29836    6.28940         19 0.0000e+00
      16744    697.621    319.000     4.1233   3.267234     4.1211   3.266935      92.95     0.0158     2.7933     2.4594  33.933750  4.0823922   47.81070  -45.96538    34.8374    34.8363     4.1004     4.0981    27.6464    27.6458    6.29355    6.28534         21 0.0000e+00
      16765    698.506    320.000     4.1246   3.267435     4.1235   3.267295      98.55     0.0196     2.7910     2.4581  33.926853  4.0842180   47.81070  -45.96538    34.8379    34.8375     4.1016     4.1004    27.6467    27.6465    6.28655    6.28793         22 0.0000e+00
      16788    699.460    321.000     4.1331   3.268395     4.1320   3.268243      98.64     0.0241     2.7891     2.4574  33.932724  4.0734792   47.81070  -45.96538    34.8398    34.8392     4.1100     4.1088    27.6473    27.6469    6.29313    6.28123         24 0.0000e+00
      16815    700.598    322.000     4.1605   3.271333     4.1589   3.271181      93.29     0.0225     2.7885     2.4555  33.941189  4.1030688   47.81070  -45.96538    34.8450    34.8449     4.1372     4.1356    27.6485    27.6486    6.28822    6.27262         31 0.0000e+00
      16847    701.918    323.000     4.1668   3.272031     4.1666   3.271954      43.23     0.0190     2.7873     2.4536  33.941391  4.1110721   47.81070  -45.96538    34.8463    34.8454     4.1432     4.1432    27.6489    27.6483    6.28912    6.26429         30 0.0000e+00
      16873    703.015    324.000     4.1770   3.273184     4.1761   3.273075      95.04     0.0165     2.7863     2.4528  33.941391  4.1154752   47.81070  -45.96538    34.8484    34.8481     4.1534     4.1526    27.6496    27.6494    6.28089    6.26701         22 0.0000e+00
      16893    703.847    325.000     4.1789   3.273442     4.1789   3.273390      95.42     0.0170     2.7858     2.4518  33.953926  4.1365070   47.81070  -45.96539    34.8489    34.8482     4.1553     4.1554    27.6497    27.6492    6.28498    6.26457         19 0.0000e+00
      16911    704.573    326.000     4.1795   3.273563     4.1796   3.273499      95.57     0.0187     2.7856     2.4515  33.956013  4.1427660   47.81070  -45.96540    34.8492    34.8483     4.1558     4.1559    27.6499    27.6492    6.28551    6.27659         17 0.0000e+00
      16928    705.273    327.000     4.1810   3.273782     4.1808   3.273708      84.83     0.0220     2.7851     2.4522  33.956043  4.1400595   47.81070  -45.96540    34.8497    34.8489     4.1572     4.1571    27.6501    27.6496    6.28827    6.28721         17 0.0000e+00
      16945    706.005    328.000     4.1821   3.273974     4.1819   3.273890      92.27     0.0224     2.7852     2.4531  33.964012  4.1528907   47.81070  -45.96540    34.8502    34.8494     4.1583     4.1581    27.6505    27.6499    6.29920    6.29125         18 0.0000e+00
      16965    706.854    329.000     4.1873   3.274640     4.1870   3.274577      95.17     0.0216     2.7867     2.4544  33.960594  4.1526384   47.81070  -45.96540    34.8518    34.8514     4.1636     4.1639    27.6511    27.6509    6.30471    6.28871         23 0.0000e+00
      16993    707.987    330.000     4.1926   3.275218     4.1924   3.275153      98.60     0.0171     2.7868     2.4536  33.981319  4.1604104   47.81070  -45.96540    34.8528    34.8522     4.1686     4.1684    27.6514    27.6509    6.28691    6.27330         31 0.0000e+00
      17024    709.278    331.000     4.1937   3.275431     4.1939   3.275366      91.20     0.0209     2.7844     2.4531  33.984409  4.1639199   47.81070  -45.96540    34.8536    34.8525     4.1696     4.1699    27.6519    27.6511    6.27146    6.26598         28 0.0000e+00
      17048    710.308    332.000     4.1859   3.274712     4.1856   3.274611      98.89     0.0177     2.7836     2.4506  33.985386  4.1710806   47.81070  -45.96540    34.8527    34.8518     4.1618     4.1633    27.6521    27.6514    6.27546    6.25161         22 0.0000e+00
      17069    711.162    333.000     4.1873   3.274938     4.1871   3.274825      98.63     0.0162     2.7818     2.4492  33.985348  4.1716881   47.81070  -45.96540    34.8534    34.8523     4.1632     4.1629    27.6524    27.6516    6.26558    6.25061         20 0.0000e+00
      17088    711.964    334.000     4.1858   3.274868     4.1857   3.274815      92.85     0.0158     2.7804     2.4478  33.994663  4.1721644   47.81070  -45.96540    34.8536    34.8531     4.1616     4.1615    27.6528    27.6524    6.26740    6.25819         19 0.0000e+00
      17107    712.768    335.000     4.2074   3.277247     4.2066   3.277294      51.95     0.0142     2.7798     2.4479  33.995602  4.1721611   47.81070  -45.96540    34.8580    34.8597     4.1830     4.1822    27.6540    27.6555    6.26903    6.26321         20 0.0000e+00
      17128    713.615    336.000     4.2318   3.279824     4.2313   3.279757      93.89     0.0131     2.7790     2.4481  33.990295  4.1721611   47.81070  -45.96540    34.8625    34.8622     4.2072     4.2067    27.6550    27.6548    6.27000    6.26536         21 0.0000e+00
      17151    714.595    337.000     4.2378   3.280497     4.2373   3.280424      97.08     0.0117     2.7794     2.4489  33.985394  4.1721611   47.81070  -45.96540    34.8638    34.8632     4.2131     4.2127    27.6554    27.6550    6.27522    6.26926         26 0.0000e+00
      17179    715.737    338.000     4.2442   3.281262     4.2440   3.281194      92.15     0.0135     2.7797     2.4490  33.975868  4.1904197   47.81070  -45.96540    34.8653    34.8647     4.2195     4.2192    27.6559    27.6555    6.27053    6.26191         28 0.0000e+00
      17206    716.885    339.000     4.2471   3.281628     4.2468   3.281535      98.81     0.0191     2.7791     2.4493  33.970554  4.2017698   47.81070  -45.96541    34.8660    34.8653     4.2223     4.2220    27.6562    27.6556    6.27025    6.26142         26 0.0000e+00
      17230    717.856    340.000     4.2467   3.281684     4.2460   3.281533      94.32     0.0189     2.7792     2.4486  33.982834  4.2171707   47.81071  -45.96542    34.8665    34.8655     4.2218     4.2211    27.6566    27.6559    6.27075    6.25867         21 0.0000e+00
      17249    718.669    341.000     4.2448   3.281563     4.2446   3.281455      90.63     0.0188     2.7788     2.4485  33.985428  4.2211194   47.81072  -45.96542    34.8665    34.8655     4.2199     4.2196    27.6569    27.6561    6.26841    6.26204         18 0.0000e+00
      17267    719.422    342.000     4.2459   3.281754     4.2457   3.281671      98.70     0.0200     2.7785     2.4484  33.986900  4.2225547   47.81072  -45.96542    34.8671    34.8664     4.2209     4.2206    27.6572    27.6567    6.26562    6.26383         19 0.0000e+00
      17286    720.223    343.000     4.2507   3.282293     4.2506   3.282240      62.62     0.0197     2.7779     2.4485  33.994816  4.2253766   47.81072  -45.96542    34.8679    34.8674     4.2256     4.2254    27.6573    27.6570    6.26700    6.26322         20 0.0000e+00
      17309    721.157    344.000     4.2576   3.283076     4.2572   3.283001      53.86     0.0190     2.7778     2.4483  33.996468  4.2291665   47.81072  -45.96542    34.8693    34.8688     4.2323     4.2320    27.6577    27.6574    6.27106    6.26127         25 0.0000e+00
      17334    722.227    345.000     4.2647   3.283895     4.2643   3.283795      98.56     0.0141     2.7781     2.4483  33.999992  4.2307653   47.81072  -45.96542    34.8710    34.8702     4.2394     4.2389    27.6583    27.6577    6.27274    6.26103         26 0.0000e+00
      17361    723.325    346.000     4.2680   3.284291     4.2678   3.284214      89.98     0.0123     2.7780     2.4481  33.995441  4.2330489   47.81072  -45.96542    34.8716    34.8709     4.2425     4.2424    27.6585    27.6579    6.27219    6.25649         26 0.0000e+00
      17386    724.365    347.000     4.2696   3.284531     4.2694   3.284446      82.03     0.0152     2.7786     2.4469  33.985245  4.2406135   47.81072  -45.96542    34.8722    34.8714     4.2441     4.2439    27.6588    27.6581    6.27631    6.24627         24 0.0000e+00
      17409    725.331    348.000     4.2705   3.284706     4.2705   3.284625      98.96     0.0151     2.7788     2.4462  33.988743  4.2423482   47.81072  -45.96544    34.8727    34.8719     4.2449     4.2449    27.6591    27.6584    6.27563    6.25767         22 0.0000e+00
