data/CTD/2014/CNV/d017a028.cnv
* Sea-Bird SBE 9 Data File:
* FileName = C:\CTD_ACQUISITION\2014017HUD\ctddata\017A028.hdr
* Software Version Seasave V 7.22.2
* Temperature SN = 5081
* Conductivity SN = 3561
* Number of Bytes Per Scan = 37
* Number of Voltage Words = 4
* Number of Scans Averaged by the Deck Unit = 1
* NMEA Latitude = 48 50.76 N
* NMEA Longitude = 045 44.71 W
* NMEA UTC (Time) = Jul 07 2014 02:20:34
* NMEA baud rate = 9600
** Ship: Hudson
** Cruise: HUD2014017
** Chief_Scientist: Blair Greenan
** Organization: BIO
** Area_of_Operation: Sackville Spur
** Station: 028
** Sounding:  2020
** Event_Comments: SS_26, 403163
# nquan = 25
# nvalues = 2078                        
# units = specified
# name 0 = scan: Scan Count
# name 1 = timeS: Time, Elapsed [seconds]
# name 2 = prDM: Pressure, Digiquartz [db]
# name 3 = t068C: Temperature [ITS-68, deg C]
# name 4 = c0S/m: Conductivity [S/m]
# name 5 = t168C: Temperature, 2 [ITS-68, deg C]
# name 6 = c1S/m: Conductivity, 2 [S/m]
# name 7 = altM: Altimeter [m]
# name 8 = flC: Fluorescence, Chelsea Aqua 3 Chl Con [ug/l]
# name 9 = sbeox0V: Oxygen raw, SBE 43 [V]
# name 10 = sbeox1V: Oxygen raw, SBE 43, 2 [V]
# name 11 = upoly0: Upoly 0, Optode 4330F - O2 D-Phase
# name 12 = upoly1: Upoly 1, Optode 4330F - O2 Temp
# name 13 = latitude: Latitude [deg]
# name 14 = longitude: Longitude [deg]
# name 15 = sal00: Salinity, Practical [PSU]
# name 16 = sal11: Salinity, Practical, 2 [PSU]
# name 17 = potemp068C: Potential Temperature [ITS-68, deg C]
# name 18 = potemp168C: Potential Temperature, 2 [ITS-68, deg C]
# name 19 = sigma-é00: Density [sigma-theta, Kg/m^3]
# name 20 = sigma-é11: Density, 2 [sigma-theta, Kg/m^3]
# name 21 = sbeox0ML/L: Oxygen, SBE 43 [ml/l], WS = 2
# name 22 = sbeox1ML/L: Oxygen, SBE 43, 2 [ml/l], WS = 2
# name 23 = nbin: number of scans per bin
# name 24 = flag: flag
# span 0 =       6592,      58990       
# span 1 =    274.645,   2457.875       
# span 2 =     11.000,   2088.000       
# span 3 =     2.7195,     8.5341       
# span 4 =   3.103398,   3.559521       
# span 5 =     2.7191,     8.5419       
# span 6 =   3.103266,   3.560004       
# span 7 =       4.81,     105.57       
# span 8 =     0.0076,     0.3482       
# span 9 =     2.2862,     3.5502       
# span 10 =     2.0234,     3.0761      
# span 11 =  30.070221,  35.278572      
# span 12 =  2.8401649,  8.5248871      
# span 13 =   48.84606,   48.84819      
# span 14 =  -45.74492,  -45.74166      
# span 15 =    33.8158,    34.9162      
# span 16 =    33.8138,    34.9156      
# span 17 =     2.7153,     8.5333      
# span 18 =     2.7149,     8.5408      
# span 19 =    26.2639,    27.8382      
# span 20 =    26.2611,    27.8378      
# span 21 =    6.26793,    7.72402      
# span 22 =    6.24976,    7.75053      
# span 23 =         12,         90      
# span 24 = 0.0000e+00, 0.0000e+00      
# interval = decibars: 1                
# start_time = Jul 07 2014 02:20:34 [NMEA time, header]
# bad_flag = -9.990e-29
*END*
[from data line 1740]
      49720   2071.625   1751.000     3.2496   3.257549     3.2490   3.257435      98.30     0.0121     2.3672     2.0946  35.040119  3.2441959   48.84760  -45.74210    34.9139    34.9133     3.1161     3.1155    27.8057    27.8052    6.32720    6.30802         46 0.0000e+00
      49760   2073.309   1752.000     3.2491   3.257546     3.2485   3.257438      98.63     0.0141     2.3669     2.0946  35.040295  3.2442002   48.84760  -45.74208    34.9139    34.9133     3.1155     3.1149    27.8057    27.8053    6.32272    6.30595         30 0.0000e+00
      49783   2074.264   1753.000     3.2490   3.257587     3.2484   3.257482      98.63     0.0169     2.3666     2.0939  35.040295  3.2442002   48.84760  -45.74208    34.9140    34.9135     3.1153     3.1147    27.8058    27.8054    6.32529    6.30156         19 0.0000e+00
      49801   2075.008   1754.000     3.2490   3.257625     3.2484   3.257519      98.63     0.0138     2.3662     2.0939  35.041164  3.2442002   48.84760  -45.74210    34.9140    34.9134     3.1152     3.1146    27.8058    27.8054    6.32804    6.30375         17 0.0000e+00
      49817   2075.675   1755.000     3.2479   3.257566     3.2473   3.257456      98.63     0.0127     2.3669     2.0934  35.040283  3.2442002   48.84760  -45.74210    34.9140    34.9134     3.1141     3.1134    27.8059    27.8055    6.32591    6.30065         15 0.0000e+00
      49833   2076.324   1756.000     3.2472   3.257549     3.2466   3.257442      98.63     0.0170     2.3655     2.0933  35.040295  3.2442002   48.84760  -45.74210    34.9140    34.9134     3.1133     3.1126    27.8060    27.8056    6.32120    6.30193         16 0.0000e+00
      49849   2076.992   1757.000     3.2473   3.257603     3.2468   3.257492      55.81     0.0175     2.3660     2.0929  35.040295  3.2413623   48.84760  -45.74208    34.9141    34.9134     3.1133     3.1127    27.8061    27.8055    6.33218    6.29928         17 0.0000e+00
      49867   2077.734   1758.000     3.2469   3.257602     3.2463   3.257489      50.38     0.0170     2.3659     2.0925  35.040295  3.2436373   48.84760  -45.74208    34.9140    34.9133     3.1128     3.1122    27.8061    27.8055    6.32924    6.29950         19 0.0000e+00
      49888   2078.642   1759.000     3.2459   3.257548     3.2453   3.257436      97.32     0.0177     2.3659     2.0921  35.041435  3.2384849   48.84760  -45.74208    34.9140    34.9133     3.1117     3.1111    27.8061    27.8056    6.33415    6.30313         25 0.0000e+00
      49916   2079.790   1760.000     3.2457   3.257570     3.2452   3.257465      92.88     0.0172     2.3655     2.0920  35.040798  3.2345088   48.84760  -45.74208    34.9139    34.9132     3.1114     3.1109    27.8061    27.8056    6.32637    6.30376         30 0.0000e+00
      49947   2081.086   1761.000     3.2434   3.257402     3.2428   3.257275      92.98     0.0182     2.3653     2.0918  35.040752  3.2344322   48.84760  -45.74207    34.9139    34.9130     3.1090     3.1084    27.8063    27.8057    6.32948    6.30764         32 0.0000e+00
      49980   2082.453   1762.000     3.2405   3.257177     3.2399   3.257063      98.70     0.0145     2.3650     2.0919  35.041214  3.2356672   48.84760  -45.74206    34.9138    34.9131     3.1061     3.1055    27.8065    27.8060    6.32504    6.31043         32 0.0000e+00
      50010   2083.703   1763.000     3.2387   3.257056     3.2381   3.256939      98.63     0.0154     2.3645     2.0916  35.040825  3.2384937   48.84760  -45.74206    34.9138    34.9130     3.1042     3.1036    27.8067    27.8061    6.33002    6.30657         27 0.0000e+00
      50032   2084.641   1764.000     3.2364   3.256896     3.2359   3.256797      98.63     0.0164     2.3642     2.0918  35.041069  3.2354102   48.84760  -45.74206    34.9138    34.9131     3.1019     3.1014    27.8069    27.8064    6.32903    6.31385         19 0.0000e+00
      50051   2085.410   1765.000     3.2352   3.256827     3.2346   3.256722      98.63     0.0157     2.3641     2.0917  35.041939  3.2344131   48.84760  -45.74206    34.9138    34.9131     3.1006     3.1000    27.8070    27.8066    6.32689    6.30738         18 0.0000e+00
      50068   2086.143   1766.000     3.2350   3.256848     3.2343   3.256731      98.63     0.0140     2.3640     2.0914  35.040302  3.2344322   48.84762  -45.74208    34.9137    34.9130     3.1003     3.0997    27.8070    27.8065    6.33257    6.30395         18 0.0000e+00
      50087   2086.933   1767.000     3.2337   3.256772     3.2329   3.256638      98.63     0.0156     2.3640     2.0910  35.041023  3.2344322   48.84762  -45.74207    34.9137    34.9129     3.0989     3.0982    27.8071    27.8066    6.33182    6.30866         20 0.0000e+00
      50111   2087.901   1768.000     3.2320   3.256667     3.2315   3.256562      66.15     0.0170     2.3632     2.0911  35.041374  3.2337203   48.84762  -45.74206    34.9137    34.9130     3.0972     3.0967    27.8073    27.8067    6.32490    6.31474         27 0.0000e+00
      50140   2089.111   1769.000     3.2316   3.256668     3.2310   3.256553      94.85     0.0150     2.3631     2.0912  35.043728  3.2252653   48.84762  -45.74206    34.9137    34.9130     3.0967     3.0961    27.8073    27.8068    6.33269    6.31541         30 0.0000e+00
      50166   2090.197   1770.000     3.2308   3.256642     3.2302   3.256525      98.67     0.0185     2.3633     2.0913  35.042282  3.2246587   48.84762  -45.74206    34.9138    34.9130     3.0958     3.0952    27.8074    27.8069    6.33426    6.31472         22 0.0000e+00
      50186   2091.029   1771.000     3.2282   3.256453     3.2277   3.256333      98.64     0.0185     2.3626     2.0911  35.041920  3.2246642   48.84762  -45.74206    34.9137    34.9128     3.0932     3.0985    27.8077    27.8070    6.32867    6.31411         18 0.0000e+00
      50203   2091.764   1772.000     3.2224   3.255976     3.2215   3.255820      98.63     0.0200     2.3626     2.0911  35.041115  3.2246642   48.84762  -45.74206    34.9137    34.9128     3.0873     3.0865    27.8082    27.8076    6.33658    6.31765         18 0.0000e+00
      50221   2092.499   1773.000     3.2172   3.255543     3.2164   3.255402      98.63     0.0169     2.3628     2.0911  35.042690  3.2246642   48.84762  -45.74206    34.9136    34.9127     3.0821     3.0813    27.8086    27.8080    6.33413    6.31076         18 0.0000e+00
      50241   2093.351   1774.000     3.2120   3.255128     3.2114   3.255016      98.63     0.0153     2.3622     2.0903  35.042221  3.2246642   48.84762  -45.74204    34.9136    34.9129     3.0770     3.0764    27.8091    27.8086    6.33656    6.30773         23 0.0000e+00
      50285   2095.158   1775.000     3.2095   3.254938     3.2091   3.254845      84.65     0.0140     2.3622     2.0895  35.047539  3.2179458   48.84762  -45.74204    34.9135    34.9128     3.0743     3.0740    27.8093    27.8087    6.33661    6.30802         69 0.0000e+00
      50339   2097.434   1776.000     3.2086   3.254909     3.2081   3.254807      99.87     0.0150     2.3617     2.0884  35.044544  3.2146859   48.84762  -45.74204    34.9136    34.9130     3.0734     3.0728    27.8095    27.8090    6.33248    6.30756         26 0.0000e+00
      50358   2098.203   1777.000     3.2083   3.254936     3.2077   3.254832      98.63     0.0126     2.3613     2.0882  35.046013  3.2148962   48.84762  -45.74204    34.9137    34.9131     3.0730     3.0724    27.8096    27.8091    6.33539    6.30427         18 0.0000e+00
      50374   2098.871   1778.000     3.2084   3.254980     3.2078   3.254874      98.63     0.0117     2.3614     2.0880  35.044212  3.2148962   48.84762  -45.74204    34.9137    34.9131     3.0730     3.0724    27.8095    27.8091    6.34148    6.30746         15 0.0000e+00
      50389   2099.484   1779.000     3.2084   3.255021     3.2078   3.254923      98.63     0.0128     2.3614     2.0877  35.044483  3.2148962   48.84762  -45.74204    34.9137    34.9132     3.0730     3.0723    27.8095    27.8092    6.34355    6.31106         14 0.0000e+00
      50403   2100.082   1780.000     3.2085   3.255078     3.2079   3.254972      86.36     0.0128     2.3618     2.0879  35.053951  3.2148962   48.84762  -45.74204    34.9138    34.9132     3.0729     3.0723    27.8096    27.8092    6.34155    6.31437         15 0.0000e+00
      50418   2100.699   1781.000     3.2086   3.255125     3.2079   3.255025      40.52     0.0115     2.3616     2.0877  35.042427  3.2084827   48.84762  -45.74204    34.9137    34.9133     3.0729     3.0723    27.8096    27.8092    6.33926    6.31264         15 0.0000e+00
      50434   2101.382   1782.000     3.2080   3.255111     3.2076   3.255025      97.60     0.0124     2.3614     2.0878  35.040333  3.2051940   48.84762  -45.74204    34.9138    34.9131     3.0722     3.0718    27.8096    27.8092    6.33898    6.31753         18 0.0000e+00
      50455   2102.230   1783.000     3.2065   3.255014     3.2060   3.254924      98.64     0.0127     2.3611     2.0880  35.050774  3.2035754   48.84762  -45.74204    34.9137    34.9131     3.0706     3.0702    27.8098    27.8093    6.33786    6.31910         24 0.0000e+00
      50484   2103.458   1784.000     3.2057   3.254994     3.2052   3.254887      98.63     0.0161     2.3609     2.0882  35.049801  3.1963501   48.84762  -45.74204    34.9138    34.9131     3.0698     3.0693    27.8099    27.8094    6.34269    6.32614         34 0.0000e+00
      50517   2104.827   1785.000     3.2052   3.254988     3.2045   3.254880      98.64     0.0157     2.3608     2.0887  35.062870  3.1981049   48.84763  -45.74204    34.9138    34.9132     3.0692     3.0686    27.8100    27.8095    6.33885    6.32748         29 0.0000e+00
      50543   2105.909   1786.000     3.2043   3.254960     3.2036   3.254839      98.63     0.0147     2.3604     2.0890  35.056087  3.1990352   48.84764  -45.74204    34.9139    34.9132     3.0683     3.0676    27.8101    27.8096    6.34059    6.32686         24 0.0000e+00
      50567   2106.899   1787.000     3.2023   3.254823     3.2011   3.254665      54.01     0.0161     2.3606     2.0890  35.051266  3.2018819   48.84764  -45.74204    34.9139    34.9133     3.0661     3.0650    27.8104    27.8099    6.34729    6.32179         24 0.0000e+00
      50590   2107.864   1788.000     3.1986   3.254542     3.1983   3.254449      98.13     0.0196     2.3602     2.0886  35.047977  3.2034118   48.84764  -45.74203    34.9140    34.9132     3.0624     3.0710    27.8108    27.8102    6.33526    6.31680         23 0.0000e+00
      50614   2108.856   1789.000     3.1955   3.254316     3.1947   3.254187      98.63     0.0156     2.3598     2.0881  35.043312  3.1970444   48.84764  -45.74202    34.9141    34.9134     3.0593     3.0587    27.8111    27.8106    6.34494    6.31733         25 0.0000e+00
      50646   2110.194   1790.000     3.1956   3.254353     3.1949   3.254246      98.63     0.0141     2.3597     2.0877  35.043156  3.1954241   48.84764  -45.74202    34.9140    34.9134     3.0593     3.0610    27.8110    27.8106    6.33806    6.31898         41 0.0000e+00
      50684   2111.795   1791.000     3.1957   3.254413     3.1949   3.254296      98.63     0.0094     2.3590     2.0874  35.054138  3.1953602   48.84764  -45.74202    34.9140    34.9135     3.0594     3.0583    27.8110    27.8107    6.34194    6.31999         28 0.0000e+00
      50705   2112.655   1792.000     3.1957   3.254457     3.1950   3.254353      68.39     0.0138     2.3586     2.0871  35.050030  3.1953602   48.84764  -45.74202    34.9141    34.9136     3.0592     3.0585    27.8111    27.8108    6.34104    6.32235         18 0.0000e+00
      50721   2113.326   1793.000     3.1957   3.254501     3.1951   3.254404      62.60     0.0136     2.3592     2.0873  35.051994  3.1953602   48.84764  -45.74202    34.9141    34.9136     3.0591     3.0586    27.8112    27.8108    6.34746    6.32187         15 0.0000e+00
      50736   2113.939   1794.000     3.1959   3.254568     3.1953   3.254463      98.75     0.0158     2.3586     2.0870  35.050755  3.1953602   48.84764  -45.74202    34.9142    34.9136     3.0593     3.0587    27.8112    27.8108    6.33666    6.31859         14 0.0000e+00
      50750   2114.550   1795.000     3.1961   3.254626     3.1954   3.254513      98.63     0.0171     2.3582     2.0868  35.054008  3.1953602   48.84764  -45.74202    34.9142    34.9136     3.0594     3.0587    27.8112    27.8108    6.33987    6.32058         15 0.0000e+00
      50766   2115.198   1796.000     3.1962   3.254673     3.1955   3.254561      98.63     0.0171     2.3587     2.0868  35.050686  3.1942286   48.84764  -45.74202    34.9142    34.9136     3.0593     3.0587    27.8112    27.8108    6.34718    6.32290         17 0.0000e+00
      50784   2115.939   1797.000     3.1962   3.254706     3.1955   3.254597      98.63     0.0167     2.3583     2.0867  35.058594  3.1948302   48.84764  -45.74202    34.9141    34.9136     3.0592     3.0585    27.8111    27.8108    6.34119    6.32532         19 0.0000e+00
      50806   2116.856   1798.000     3.1962   3.254749     3.1955   3.254645      98.63     0.0172     2.3577     2.0867  35.052155  3.1876948   48.84764  -45.74202    34.9141    34.9136     3.0592     3.0585    27.8111    27.8108    6.33867    6.32558         25 0.0000e+00
      50832   2117.945   1799.000     3.1961   3.254786     3.1956   3.254696      98.63     0.0156     2.3577     2.0865  35.049290  3.1855788   48.84765  -45.74202    34.9141    34.9136     3.0590     3.0625    27.8112    27.8108    6.33718    6.31885         26 0.0000e+00
      50857   2118.987   1800.000     3.1960   3.254820     3.1955   3.254726      58.38     0.0130     2.3569     2.0859  35.042686  3.1855922   48.84766  -45.74202    34.9141    34.9135     3.0588     3.0583    27.8112    27.8108    6.33979    6.31575         24 0.0000e+00
      50884   2120.142   1801.000     3.1959   3.254841     3.1955   3.254754      92.23     0.0154     2.3568     2.0854  35.045387  3.1858444   48.84766  -45.74202    34.9140    34.9134     3.0587     3.0609    27.8111    27.8107    6.34228    6.31881         36 0.0000e+00
      50951   2122.932   1802.000     3.1963   3.254913     3.1955   3.254797      99.61     0.0164     2.3563     2.0850  35.056061  3.1944382   48.84766  -45.74200    34.9140    34.9134     3.0589     3.0574    27.8111    27.8107    6.34187    6.31935         59 0.0000e+00
      50979   2124.080   1803.000     3.1962   3.254957     3.1955   3.254852      98.63     0.0155     2.3562     2.0846  35.064003  3.1953881   48.84766  -45.74200    34.9142    34.9136     3.0587     3.0580    27.8113    27.8109    6.34456    6.31775         18 0.0000e+00
      50996   2124.772   1804.000     3.1960   3.254989     3.1956   3.254897      96.17     0.0182     2.3566     2.0845  35.069607  3.1953602   48.84766  -45.74200    34.9142    34.9136     3.0585     3.0580    27.8113    27.8109    6.33806    6.31988         16 0.0000e+00
      51011   2125.398   1805.000     3.1962   3.255044     3.1957   3.254946      31.04     0.0165     2.3554     2.0845  35.079044  3.1953602   48.84766  -45.74200    34.9142    34.9136     3.0586     3.0580    27.8113    27.8108    6.33697    6.32017         14 0.0000e+00
      51025   2126.005   1806.000     3.1955   3.255024     3.1943   3.254865      90.54     0.0154     2.3562     2.0842  35.072468  3.1953602   48.84766  -45.74200    34.9142    34.9136     3.0578     3.0566    27.8114    27.8110    6.34409    6.32108         15 0.0000e+00
      51040   2126.619   1807.000     3.1939   3.254918     3.1930   3.254795      98.56     0.0140     2.3553     2.0843  35.058006  3.1901965   48.84766  -45.74200    34.9142    34.9137     3.0561     3.0552    27.8115    27.8112    6.33679    6.32347         15 0.0000e+00
