data/CTD/2014/CNV/d017a025.cnv
* Sea-Bird SBE 9 Data File:
* FileName = C:\CTD_ACQUISITION\2014017HUD\ctddata\017A025.hdr
* Software Version Seasave V 7.22.2
* Temperature SN = 5081
* Conductivity SN = 3561
* Number of Bytes Per Scan = 37
* Number of Voltage Words = 4
* Number of Scans Averaged by the Deck Unit = 1
* NMEA Latitude = 48 58.39 N
* NMEA Longitude = 045 52.48 W
* NMEA UTC (Time) = Jul 06 2014 19:01:08
* NMEA baud rate = 9600
** Ship: Hudson 8
** Cruise: HUD2014017
** Chief_Scientist: Blair Greenan
** Organization: BIO
** Area_of_Operation: Sackville Spur
** Station: 025
** Sounding:  2478
** Event_Comments: SS-29 403142
# nquan = 25
# nvalues = 2572                        
# units = specified
# name 0 = scan: Scan Count
# name 1 = timeS: Time, Elapsed [seconds]
# name 2 = prDM: Pressure, Digiquartz [db]
# name 3 = t068C: Temperature [ITS-68, deg C]
# name 4 = c0S/m: Conductivity [S/m]
# name 5 = t168C: Temperature, 2 [ITS-68, deg C]
# name 6 = c1S/m: Conductivity, 2 [S/m]
# name 7 = altM: Altimeter [m]
# name 8 = flC: Fluorescence, Chelsea Aqua 3 Chl Con [ug/l]
# name 9 = sbeox0V: Oxygen raw, SBE 43 [V]
# name 10 = sbeox1V: Oxygen raw, SBE 43, 2 [V]
# name 11 = upoly0: Upoly 0, Optode 4330F - O2 D-Phase
# name 12 = upoly1: Upoly 1, Optode 4330F - O2 Temp
# name 13 = latitude: Latitude [deg]
# name 14 = longitude: Longitude [deg]
# name 15 = sal00: Salinity, Practical [PSU]
# name 16 = sal11: Salinity, Practical, 2 [PSU]
# name 17 = potemp068C: Potential Temperature [ITS-68, deg C]
# name 18 = potemp168C: Potential Temperature, 2 [ITS-68, deg C]
# name 19 = sigma-é00: Density [sigma-theta, Kg/m^3]
# name 20 = sigma-é11: Density, 2 [sigma-theta, Kg/m^3]
# name 21 = sbeox0ML/L: Oxygen, SBE 43 [ml/l], WS = 2
# name 22 = sbeox1ML/L: Oxygen, SBE 43, 2 [ml/l], WS = 2
# name 23 = nbin: number of scans per bin
# name 24 = flag: flag
# span 0 =       8342,      74996       
# span 1 =    347.526,   3124.794       
# span 2 =      1.000,   2572.000       
# span 3 =     2.4709,     8.2954       
# span 4 =   3.090193,   3.520637       
# span 5 =     2.4701,     8.2951       
# span 6 =   3.090033,   3.520341       
# span 7 =       1.54,     101.68       
# span 8 =     0.0064,     0.5105       
# span 9 =     2.1839,     3.6234       
# span 10 =     1.9336,     3.1390      
# span 11 =  30.056112,  35.568081      
# span 12 =  2.4617813,  8.3358212      
# span 13 =   48.97428,   48.97790      
# span 14 =  -45.87384,  -45.87120      
# span 15 =    33.6291,    34.9170      
# span 16 =    33.6258,    34.9158      
# span 17 =     2.2756,     8.2936      
# span 18 =     2.2748,     8.2933      
# span 19 =    26.1539,    27.8732      
# span 20 =    26.1514,    27.8729      
# span 21 =    6.25321,    7.92405      
# span 22 =    6.22870,    7.78629      
# span 23 =         14,         95      
# span 24 = 0.0000e+00, 0.0000e+00      
# interval = decibars: 1                
# start_time = Jul 06 2014 19:01:08 [NMEA time, header]
# bad_flag = -9.990e-29
*END*
[from data line 522]
      23102    962.535    523.000     3.5802   3.227566     3.5801   3.227411      87.82     0.0190     2.8376     2.5049  33.542309  2.8680673   48.97466  -45.87150    34.8328    34.8311     3.5440     3.5438    27.6997    27.6983    6.69941    6.71526         21 0.0000e+00
      23123    963.423    524.000     3.5803   3.227621     3.5802   3.227477      98.72     0.0224     2.8373     2.5045  33.539486  2.8144655   48.97466  -45.87150    34.8327    34.8312     3.5440     3.5439    27.6996    27.6984    6.70072    6.71491         21 0.0000e+00
      23143    964.235    525.000     3.5805   3.227676     3.5803   3.227525      98.63     0.0211     2.8372     2.5041  33.535175  2.8624794   48.97466  -45.87150    34.8327    34.8311     3.5441     3.5439    27.6996    27.6984    6.69663    6.71758         18 0.0000e+00
      23160    964.976    526.000     3.5808   3.227750     3.5805   3.227593      98.63     0.0176     2.8366     2.5040  33.539867  2.8373652   48.97466  -45.87150    34.8328    34.8312     3.5443     3.5440    27.6996    27.6984    6.69640    6.72008         17 0.0000e+00
      23177    965.682    527.000     3.5814   3.227858     3.5811   3.227712      98.63     0.0200     2.8360     2.5040  33.538876  2.8227091   48.97466  -45.87149    34.8329    34.8314     3.5448     3.5446    27.6997    27.6985    6.69558    6.71829         17 0.0000e+00
      23195    966.403    528.000     3.5822   3.227989     3.5819   3.227829      98.63     0.0202     2.8355     2.5035  33.544209  2.8652589   48.97466  -45.87148    34.8330    34.8315     3.5456     3.5453    27.6997    27.6985    6.69348    6.71100         18 0.0000e+00
      23215    967.238    529.000     3.5827   3.228082     3.5824   3.227919      98.63     0.0196     2.8350     2.5026  33.535717  2.8176291   48.97466  -45.87148    34.8331    34.8315     3.5460     3.5457    27.6997    27.6985    6.69493    6.70658         23 0.0000e+00
      23246    968.534    530.000     3.5850   3.228355     3.5846   3.228195      98.63     0.0212     2.8341     2.5014  33.538181  2.8440926   48.97466  -45.87147    34.8334    34.8319     3.5482     3.5478    27.6997    27.6986    6.69024    6.70373         41 0.0000e+00
      23289    970.318    531.000     3.5873   3.228639     3.5864   3.228428      74.85     0.0138     2.8335     2.5000  33.538090  2.8489428   48.97466  -45.87146    34.8338    34.8322     3.5504     3.5496    27.6999    27.6986    6.69904    6.70973         40 0.0000e+00
      23322    971.699    532.000     3.5880   3.228770     3.5877   3.228613      99.16     0.0156     2.8336     2.5009  33.537636  2.8343420   48.97466  -45.87146    34.8341    34.8325     3.5511     3.5507    27.7000    27.6988    6.69973    6.72009         27 0.0000e+00
      23345    972.651    533.000     3.5885   3.228875     3.5882   3.228721      98.63     0.0163     2.8337     2.5011  33.536995  2.8658409   48.97466  -45.87146    34.8342    34.8327     3.5515     3.5512    27.7001    27.6989    6.69628    6.71810         20 0.0000e+00
      23363    973.414    534.000     3.5885   3.228925     3.5882   3.228763      98.63     0.0179     2.8329     2.5012  33.538887  2.8185866   48.97466  -45.87146    34.8343    34.8328     3.5515     3.5511    27.7001    27.6990    6.69456    6.71197         17 0.0000e+00
      23379    974.081    535.000     3.5890   3.229029     3.5888   3.228882      98.63     0.0172     2.8336     2.5005  33.536030  2.8637261   48.97466  -45.87146    34.8345    34.8330     3.5519     3.5516    27.7003    27.6991    6.69497    6.70207         15 0.0000e+00
      23394    974.709    536.000     3.5866   3.228840     3.5869   3.228725      98.63     0.0212     2.8321     2.4996  33.536999  2.8691170   48.97466  -45.87146    34.8343    34.8325     3.5494     3.5497    27.7003    27.6989    6.69328    6.69703         15 0.0000e+00
      23409    975.336    537.000     3.5837   3.228590     3.5837   3.228457      98.63     0.0187     2.8330     2.4986  33.535034  2.8181179   48.97466  -45.87146    34.8339    34.8322     3.5464     3.5464    27.7003    27.6990    6.70219    6.69912         15 0.0000e+00
      23425    976.012    538.000     3.5840   3.228681     3.5838   3.228540      98.63     0.0191     2.8323     2.4983  33.534401  2.8525164   48.97466  -45.87144    34.8340    34.8326     3.5467     3.5464    27.7004    27.6993    6.69501    6.70298         18 0.0000e+00
      23445    976.833    539.000     3.5861   3.228937     3.5855   3.228748      98.63     0.0184     2.8319     2.4976  33.537350  2.8457839   48.97466  -45.87144    34.8344    34.8328     3.5486     3.5494    27.7005    27.6993    6.69564    6.69761         23 0.0000e+00
      23477    978.161    540.000     3.5876   3.229136     3.5872   3.228969      61.18     0.0170     2.8315     2.4957  33.539078  2.8793671   48.97466  -45.87144    34.8346    34.8331     3.5501     3.5497    27.7005    27.6993    6.69630    6.68643         42 0.0000e+00
      23521    980.005    541.000     3.5913   3.229559     3.5898   3.229298      97.14     0.0142     2.8308     2.4935  33.536148  2.9006183   48.97466  -45.87144    34.8353    34.8337     3.5536     3.5522    27.7007    27.6996    6.69219    6.68896         40 0.0000e+00
      23554    981.391    542.000     3.5928   3.229776     3.5925   3.229615      90.84     0.0156     2.8301     2.4931  33.537209  2.8427474   48.97466  -45.87142    34.8357    34.8341     3.5551     3.5548    27.7009    27.6997    6.68964    6.70061         29 0.0000e+00
      23581    982.513    543.000     3.5932   3.229870     3.5928   3.229698      98.87     0.0168     2.8294     2.4942  33.540386  2.8713951   48.97466  -45.87142    34.8359    34.8342     3.5554     3.5550    27.7010    27.6997    6.69455    6.71042         24 0.0000e+00
      23602    983.389    544.000     3.5927   3.229886     3.5924   3.229724      98.63     0.0177     2.8296     2.4948  33.538040  2.8234582   48.97466  -45.87142    34.8360    34.8344     3.5549     3.5546    27.7012    27.6999    6.69349    6.70884         19 0.0000e+00
      23619    984.076    545.000     3.5924   3.229897     3.5921   3.229744      98.63     0.0170     2.8290     2.4949  33.534107  2.8622158   48.97466  -45.87142    34.8359    34.8344     3.5545     3.5542    27.7012    27.7000    6.69155    6.70678         15 0.0000e+00
      23634    984.693    546.000     3.5927   3.229961     3.5924   3.229816      98.63     0.0169     2.8294     2.4952  33.535332  2.8667712   48.97466  -45.87142    34.8359    34.8345     3.5547     3.5544    27.7011    27.7000    6.69357    6.70649         14 0.0000e+00
      23648    985.307    547.000     3.5927   3.230023     3.5924   3.229864      98.63     0.0196     2.8282     2.4951  33.536621  2.8239188   48.97466  -45.87142    34.8360    34.8344     3.5547     3.5544    27.7012    27.7000    6.69112    6.70152         16 0.0000e+00
      23665    986.003    548.000     3.5926   3.230052     3.5923   3.229896      98.63     0.0217     2.8287     2.4945  33.535244  2.8532338   48.97466  -45.87142    34.8360    34.8344     3.5545     3.5542    27.7012    27.7000    6.69322    6.69891         18 0.0000e+00
      23689    987.010    549.000     3.5923   3.230055     3.5919   3.229891      98.63     0.0191     2.8283     2.4943  33.536125  2.8430672   48.97466  -45.87142    34.8359    34.8343     3.5540     3.5547    27.7011    27.6999    6.70057    6.70815         32 0.0000e+00
      23724    988.442    550.000     3.5923   3.230099     3.5919   3.229943      67.50     0.0175     2.8287     2.4949  33.537373  2.8600233   48.97466  -45.87142    34.8359    34.8343     3.5540     3.5536    27.7012    27.6999    6.69511    6.70938         33 0.0000e+00
      23752    989.619    551.000     3.5921   3.230141     3.5919   3.229981      98.51     0.0208     2.8279     2.4946  33.545746  2.8344576   48.97466  -45.87141    34.8360    34.8343     3.5537     3.5535    27.7013    27.7000    6.69453    6.70817         25 0.0000e+00
      23775    990.599    552.000     3.5917   3.230149     3.5914   3.229992      98.63     0.0202     2.8276     2.4947  33.545788  2.8657603   48.97466  -45.87140    34.8360    34.8344     3.5533     3.5530    27.7013    27.7001    6.69213    6.70960         22 0.0000e+00
      23798    991.555    553.000     3.5917   3.230191     3.5914   3.230042      98.63     0.0227     2.8273     2.4945  33.537914  2.8297527   48.97466  -45.87140    34.8360    34.8345     3.5532     3.5529    27.7013    27.7001    6.70017    6.70652         24 0.0000e+00
      23823    992.583    554.000     3.5917   3.230248     3.5915   3.230096      98.63     0.0217     2.8276     2.4941  33.536999  2.8663447   48.97466  -45.87140    34.8361    34.8345     3.5531     3.5529    27.7014    27.7002    6.69582    6.70930         25 0.0000e+00
      23847    993.580    555.000     3.5918   3.230304     3.5915   3.230149      98.63     0.0205     2.8266     2.4945  33.545948  2.8243072   48.97466  -45.87140    34.8362    34.8346     3.5531     3.5528    27.7015    27.7003    6.68991    6.71557         22 0.0000e+00
      23868    994.443    556.000     3.5918   3.230355     3.5915   3.230204      71.45     0.0194     2.8262     2.4946  33.545788  2.8782306   48.97464  -45.87140    34.8362    34.8347     3.5531     3.5528    27.7015    27.7003    6.68513    6.71127         20 0.0000e+00
      23886    995.216    557.000     3.5920   3.230424     3.5917   3.230269      70.21     0.0154     2.8253     2.4943  33.550587  2.8298926   48.97464  -45.87140    34.8363    34.8348     3.5532     3.5529    27.7016    27.7004    6.68060    6.70797         18 0.0000e+00
      23905    995.993    558.000     3.5917   3.230451     3.5914   3.230291      98.36     0.0158     2.8242     2.4938  33.546597  2.8547757   48.97464  -45.87140    34.8364    34.8348     3.5528     3.5525    27.7017    27.7004    6.68827    6.70398         19 0.0000e+00
      23927    996.896    559.000     3.5928   3.230614     3.5924   3.230454      98.63     0.0160     2.8239     2.4932  33.549240  2.8477871   48.97464  -45.87139    34.8367    34.8352     3.5538     3.5534    27.7018    27.7006    6.68730    6.70353         25 0.0000e+00
      23956    998.133    560.000     3.5953   3.230914     3.5948   3.230742      98.63     0.0156     2.8236     2.4926  33.546288  2.8560410   48.97464  -45.87138    34.8371    34.8356     3.5562     3.5557    27.7019    27.7007    6.69410    6.70329         35 0.0000e+00
      23992    999.634    561.000     3.5974   3.231185     3.5967   3.231004      98.63     0.0181     2.8237     2.4920  33.545284  2.8353608   48.97464  -45.87138    34.8376    34.8361     3.5582     3.5576    27.7021    27.7010    6.69232    6.70235         32 0.0000e+00
      24018   1000.692    562.000     3.5979   3.231303     3.5976   3.231148      69.61     0.0188     2.8238     2.4914  33.543659  2.8624258   48.97464  -45.87138    34.8379    34.8363     3.5587     3.5584    27.7023    27.7011    6.69729    6.70480         21 0.0000e+00
      24036   1001.473    563.000     3.5979   3.231356     3.5977   3.231202      74.91     0.0170     2.8240     2.4916  33.550621  2.8287580   48.97464  -45.87138    34.8379    34.8364     3.5587     3.5584    27.7023    27.7011    6.69305    6.71032         18 0.0000e+00
      24054   1002.204    564.000     3.5978   3.231385     3.5976   3.231234      98.51     0.0174     2.8234     2.4917  33.546673  2.8773522   48.97464  -45.87138    34.8379    34.8363     3.5585     3.5582    27.7023    27.7011    6.69330    6.71280         17 0.0000e+00
      24073   1002.994    565.000     3.5978   3.231427     3.5974   3.231257      98.63     0.0196     2.8234     2.4921  33.547871  2.8499646   48.97464  -45.87138    34.8379    34.8363     3.5584     3.5579    27.7023    27.7011    6.69637    6.71822         21 0.0000e+00
      24097   1003.990    566.000     3.5976   3.231462     3.5973   3.231315      98.63     0.0192     2.8236     2.4929  33.544197  2.8548746   48.97464  -45.87138    34.8380    34.8365     3.5581     3.5578    27.7024    27.7013    6.70181    6.72176         27 0.0000e+00
      24125   1005.151    567.000     3.5973   3.231498     3.5971   3.231344      98.63     0.0199     2.8240     2.4930  33.542919  2.8389297   48.97464  -45.87138    34.8382    34.8366     3.5577     3.5575    27.7026    27.7014    6.69280    6.70955         26 0.0000e+00
      24147   1006.086    568.000     3.5970   3.231519     3.5967   3.231354      98.63     0.0174     2.8230     2.4921  33.545105  2.8613300   48.97464  -45.87138    34.8382    34.8366     3.5573     3.5570    27.7027    27.7014    6.69687    6.70742         20 0.0000e+00
      24165   1006.854    569.000     3.5950   3.231381     3.5948   3.231219      70.68     0.0210     2.8234     2.4920  33.549042  3.0856366   48.97464  -45.87138    34.8382    34.8365     3.5553     3.5551    27.7028    27.7015    6.70197    6.70673         18 0.0000e+00
      24183   1007.586    570.000     3.5908   3.231013     3.5902   3.230789      67.57     0.0219     2.8232     2.4910  33.562550  2.8378427   48.97464  -45.87138    34.8377    34.8359     3.5510     3.5505    27.7029    27.7015    6.70103    6.70675         18 0.0000e+00
      24202   1008.389    571.000     3.5856   3.230555     3.5853   3.230393      97.58     0.0178     2.8233     2.4912  33.559849  2.8779197   48.97464  -45.87138    34.8372    34.8357     3.5458     3.5454    27.7031    27.7018    6.70194    6.71807         21 0.0000e+00
      24234   1009.726    572.000     3.5851   3.230545     3.5849   3.230396      98.63     0.0145     2.8230     2.4915  33.563847  2.8525624   48.97464  -45.87136    34.8371    34.8355     3.5452     3.5450    27.7030    27.7018    6.70035    6.71861         47 0.0000e+00
      24277   1011.511    573.000     3.5861   3.230700     3.5854   3.230503      98.63     0.0158     2.8227     2.4911  33.550560  2.8287618   48.97464  -45.87136    34.8373    34.8357     3.5462     3.5455    27.7031    27.7019    6.70498    6.71077         30 0.0000e+00
      24302   1012.523    574.000     3.5863   3.230768     3.5858   3.230600      98.63     0.0163     2.8227     2.4907  33.545670  2.8682544   48.97464  -45.87136    34.8375    34.8360     3.5462     3.5457    27.7032    27.7020    6.70270    6.71748         21 0.0000e+00
      24320   1013.298    575.000     3.5863   3.230814     3.5860   3.230655      47.82     0.0191     2.8229     2.4910  33.551872  2.8261330   48.97464  -45.87136    34.8375    34.8359     3.5462     3.5459    27.7032    27.7020    6.70661    6.72432         17 0.0000e+00
      24337   1013.993    576.000     3.5861   3.230829     3.5856   3.230669      84.65     0.0192     2.8229     2.4915  33.551823  2.8554728   48.97464  -45.87136    34.8374    34.8359     3.5459     3.5455    27.7031    27.7020    6.70358    6.72863         17 0.0000e+00
      24354   1014.698    577.000     3.5863   3.230898     3.5858   3.230734      98.44     0.0181     2.8224     2.4919  33.550121  2.8631442   48.97464  -45.87136    34.8374    34.8360     3.5460     3.5455    27.7032    27.7021    6.70126    6.72881         17 0.0000e+00
      24373   1015.514    578.000     3.5845   3.230770     3.5841   3.230617      98.63     0.0176     2.8223     2.4922  33.552429  2.8240452   48.97464  -45.87136    34.8373    34.8358     3.5442     3.5438    27.7032    27.7021    6.70091    6.72905         22 0.0000e+00
      24398   1016.547    579.000     3.5821   3.230571     3.5815   3.230396      98.63     0.0141     2.8215     2.4925  33.547432  2.8609593   48.97464  -45.87136    34.8369    34.8354     3.5417     3.5411    27.7032    27.7021    6.69951    6.72999         28 0.0000e+00
