data/CTD/2014/CNV/d017a025.cnv
* Sea-Bird SBE 9 Data File:
* FileName = C:\CTD_ACQUISITION\2014017HUD\ctddata\017A025.hdr
* Software Version Seasave V 7.22.2
* Temperature SN = 5081
* Conductivity SN = 3561
* Number of Bytes Per Scan = 37
* Number of Voltage Words = 4
* Number of Scans Averaged by the Deck Unit = 1
* NMEA Latitude = 48 58.39 N
* NMEA Longitude = 045 52.48 W
* NMEA UTC (Time) = Jul 06 2014 19:01:08
* NMEA baud rate = 9600
** Ship: Hudson 8
** Cruise: HUD2014017
** Chief_Scientist: Blair Greenan
** Organization: BIO
** Area_of_Operation: Sackville Spur
** Station: 025
** Sounding:  2478
** Event_Comments: SS-29 403142
# nquan = 25
# nvalues = 2572                        
# units = specified
# name 0 = scan: Scan Count
# name 1 = timeS: Time, Elapsed [seconds]
# name 2 = prDM: Pressure, Digiquartz [db]
# name 3 = t068C: Temperature [ITS-68, deg C]
# name 4 = c0S/m: Conductivity [S/m]
# name 5 = t168C: Temperature, 2 [ITS-68, deg C]
# name 6 = c1S/m: Conductivity, 2 [S/m]
# name 7 = altM: Altimeter [m]
# name 8 = flC: Fluorescence, Chelsea Aqua 3 Chl Con [ug/l]
# name 9 = sbeox0V: Oxygen raw, SBE 43 [V]
# name 10 = sbeox1V: Oxygen raw, SBE 43, 2 [V]
# name 11 = upoly0: Upoly 0, Optode 4330F - O2 D-Phase
# name 12 = upoly1: Upoly 1, Optode 4330F - O2 Temp
# name 13 = latitude: Latitude [deg]
# name 14 = longitude: Longitude [deg]
# name 15 = sal00: Salinity, Practical [PSU]
# name 16 = sal11: Salinity, Practical, 2 [PSU]
# name 17 = potemp068C: Potential Temperature [ITS-68, deg C]
# name 18 = potemp168C: Potential Temperature, 2 [ITS-68, deg C]
# name 19 = sigma-é00: Density [sigma-theta, Kg/m^3]
# name 20 = sigma-é11: Density, 2 [sigma-theta, Kg/m^3]
# name 21 = sbeox0ML/L: Oxygen, SBE 43 [ml/l], WS = 2
# name 22 = sbeox1ML/L: Oxygen, SBE 43, 2 [ml/l], WS = 2
# name 23 = nbin: number of scans per bin
# name 24 = flag: flag
# span 0 =       8342,      74996       
# span 1 =    347.526,   3124.794       
# span 2 =      1.000,   2572.000       
# span 3 =     2.4709,     8.2954       
# span 4 =   3.090193,   3.520637       
# span 5 =     2.4701,     8.2951       
# span 6 =   3.090033,   3.520341       
# span 7 =       1.54,     101.68       
# span 8 =     0.0064,     0.5105       
# span 9 =     2.1839,     3.6234       
# span 10 =     1.9336,     3.1390      
# span 11 =  30.056112,  35.568081      
# span 12 =  2.4617813,  8.3358212      
# span 13 =   48.97428,   48.97790      
# span 14 =  -45.87384,  -45.87120      
# span 15 =    33.6291,    34.9170      
# span 16 =    33.6258,    34.9158      
# span 17 =     2.2756,     8.2936      
# span 18 =     2.2748,     8.2933      
# span 19 =    26.1539,    27.8732      
# span 20 =    26.1514,    27.8729      
# span 21 =    6.25321,    7.92405      
# span 22 =    6.22870,    7.78629      
# span 23 =         14,         95      
# span 24 = 0.0000e+00, 0.0000e+00      
# interval = decibars: 1                
# start_time = Jul 06 2014 19:01:08 [NMEA time, header]
# bad_flag = -9.990e-29
*END*
[from data line 2493]
      71358   2973.204   2494.000     2.5608   3.225867     2.5603   3.225773      98.63     0.0146     2.2010     1.9491  35.509151  2.5604396   48.97788  -45.87384    34.9079    34.9073     2.3696     2.3692    27.8675    27.8671    6.47116    6.42593         15 0.0000e+00
      71373   2973.845   2495.000     2.5585   3.225702     2.5578   3.225580      98.63     0.0153     2.2014     1.9482  35.509159  2.5610414   48.97788  -45.87384    34.9078    34.9072     2.3673     2.3759    27.8677    27.8673    6.47083    6.42956         16 0.0000e+00
      71389   2974.501   2496.000     2.5574   3.225635     2.5565   3.225511      98.64     0.0152     2.2011     1.9487  35.509159  2.5610502   48.97788  -45.87384    34.9078    34.9072     2.3660     2.3654    27.8678    27.8674    6.46633    6.44468         16 0.0000e+00
      71407   2975.231   2497.000     2.5572   3.225656     2.5564   3.225539      61.16     0.0200     2.2009     1.9489  35.509159  2.5539446   48.97790  -45.87384    34.9077    34.9072     2.3658     2.3650    27.8677    27.8673    6.47215    6.44284         19 0.0000e+00
      71429   2976.164   2498.000     2.5567   3.225641     2.5559   3.225522      69.55     0.0211     2.2007     1.9490  35.509159  2.5508130   48.97790  -45.87384    34.9076    34.9071     2.3652     2.3644    27.8677    27.8673    6.46822    6.43389         27 0.0000e+00
      71463   2977.603   2499.000     2.5552   3.225540     2.5549   3.225454      98.37     0.0223     2.2007     1.9481  35.509159  2.5506716   48.97788  -45.87384    34.9075    34.9069     2.3636     2.3633    27.8677    27.8672    6.48239    6.41987         40 0.0000e+00
      71499   2979.093   2500.000     2.5445   3.224613     2.5456   3.224640      82.69     0.0192     2.2012     1.9473  35.509159  2.5506716   48.97789  -45.87383    34.9072    34.9064     2.3530     2.3541    27.8684    27.8677    6.47472    6.42931         30 0.0000e+00
      71527   2980.268   2501.000     2.5411   3.224340     2.5404   3.224223      98.37     0.0169     2.2001     1.9471  35.508663  2.5506716   48.97790  -45.87383    34.9071    34.9064     2.3496     2.3586    27.8686    27.8681    6.46720    6.42691         29 0.0000e+00
      71560   2981.606   2502.000     2.5398   3.224254     2.5391   3.224148      98.63     0.0197     2.2000     1.9468  35.509563  2.5424151   48.97790  -45.87384    34.9070    34.9065     2.3482     2.3477    27.8686    27.8683    6.48006    6.43692         35 0.0000e+00
      71592   2982.960   2503.000     2.5401   3.224331     2.5395   3.224232      98.64     0.0201     2.2006     1.9470  35.511280  2.5408797   48.97790  -45.87384    34.9071    34.9065     2.3485     2.3479    27.8687    27.8683    6.48585    6.44013         28 0.0000e+00
      71616   2983.954   2504.000     2.5401   3.224374     2.5392   3.224249      98.63     0.0190     2.2003     1.9472  35.512848  2.5409036   48.97790  -45.87384    34.9071    34.9066     2.3484     2.3475    27.8687    27.8684    6.47521    6.43684         20 0.0000e+00
      71635   2984.748   2505.000     2.5392   3.224334     2.5382   3.224193      94.43     0.0161     2.2000     1.9470  35.513241  2.5409036   48.97790  -45.87384    34.9072    34.9065     2.3474     2.3464    27.8688    27.8684    6.47736    6.42876         18 0.0000e+00
      71652   2985.475   2506.000     2.5380   3.224284     2.5373   3.224164      79.73     0.0144     2.1999     1.9466  35.509945  2.5391397   48.97790  -45.87384    34.9073    34.9066     2.3462     2.3454    27.8690    27.8686    6.47681    6.43802         17 0.0000e+00
      71670   2986.198   2507.000     2.5380   3.224304     2.5373   3.224210      69.71     0.0148     2.1996     1.9470  35.510799  2.5392771   48.97790  -45.87382    34.9072    34.9067     2.3460     2.3453    27.8689    27.8686    6.46965    6.44749         18 0.0000e+00
      71688   2986.977   2508.000     2.5373   3.224276     2.5364   3.224157      82.69     0.0107     2.1995     1.9470  35.509163  2.5394378   48.97790  -45.87382    34.9071    34.9066     2.3452     2.3443    27.8690    27.8686    6.47314    6.43763         20 0.0000e+00
      71711   2987.925   2509.000     2.5361   3.224208     2.5351   3.224074      98.09     0.0104     2.1989     1.9469  35.509159  2.5342135   48.97790  -45.87382    34.9071    34.9065     2.3439     2.3430    27.8691    27.8686    6.47763    6.44354         27 0.0000e+00
      71750   2989.522   2510.000     2.5351   3.224148     2.5339   3.223990      98.63     0.0131     2.1985     1.9469  35.509159  2.5353851   48.97790  -45.87382    34.9069    34.9063     2.3429     2.3417    27.8690    27.8686    6.47374    6.44270         52 0.0000e+00
      71795   2991.416   2511.000     2.5353   3.224203     2.5347   3.224110      98.63     0.0109     2.1980     1.9469  35.525002  2.5352211   48.97790  -45.87382    34.9069    34.9064     2.3430     2.3424    27.8690    27.8687    6.46712    6.43825         31 0.0000e+00
      71819   2992.396   2512.000     2.5297   3.223742     2.5296   3.223656      98.63     0.0124     2.1975     1.9461  35.532604  2.5350428   48.97790  -45.87382    34.9068    34.9059     2.3374     2.3372    27.8694    27.8687    6.48361    6.42190         20 0.0000e+00
      71837   2993.157   2513.000     2.5252   3.223381     2.5234   3.223171      98.63     0.0134     2.1983     1.9457  35.527325  2.5385604   48.97790  -45.87382    34.9068    34.9061     2.3329     2.3311    27.8697    27.8693    6.48423    6.42605         17 0.0000e+00
      71853   2993.847   2514.000     2.5189   3.222864     2.5172   3.222624      58.94     0.0145     2.1975     1.9452  35.526566  2.5360477   48.97790  -45.87382    34.9067    34.9056     2.3266     2.3249    27.8702    27.8695    6.46844    6.43214         16 0.0000e+00
      71870   2994.525   2515.000     2.5153   3.222576     2.5145   3.222439      43.06     0.0142     2.1970     1.9449  35.533970  2.5340569   48.97790  -45.87382    34.9066    34.9058     2.3230     2.3222    27.8704    27.8699    6.47728    6.43506         17 0.0000e+00
      71888   2995.273   2516.000     2.5140   3.222478     2.5132   3.222368      97.26     0.0146     2.1972     1.9449  35.524818  2.5256903   48.97790  -45.87382    34.9064    34.9059     2.3215     2.3208    27.8704    27.8700    6.48308    6.44590         19 0.0000e+00
      71911   2996.252   2517.000     2.5130   3.222425     2.5125   3.222331      98.63     0.0176     2.1968     1.9449  35.525784  2.5215292   48.97790  -45.87380    34.9063    34.9057     2.3205     2.3200    27.8704    27.8700    6.47736    6.43709         29 0.0000e+00
      71945   2997.679   2518.000     2.5063   3.221864     2.5055   3.221711      70.95     0.0154     2.1969     1.9443  35.540443  2.5127468   48.97790  -45.87380    34.9060    34.9052     2.3140     2.3131    27.8707    27.8701    6.48950    6.44012         36 0.0000e+00
      71977   2998.982   2519.000     2.4969   3.221038     2.4968   3.220954      78.68     0.0226     2.1968     1.9446  35.543957  2.5115745   48.97790  -45.87380    34.9058    34.9048     2.3045     2.3044    27.8713    27.8705    6.48061    6.45149         27 0.0000e+00
      72002   3000.031   2520.000     2.4851   3.220011     2.4847   3.219918      53.87     0.0218     2.1965     1.9444  35.545479  2.5115995   48.97790  -45.87380    34.9054    34.9047     2.2928     2.2925    27.8720    27.8715    6.48962    6.44432         25 0.0000e+00
      72029   3001.146   2521.000     2.4817   3.219731     2.4809   3.219615      60.89     0.0158     2.1963     1.9441  35.540073  2.5059762   48.97790  -45.87380    34.9051    34.9046     2.2894     2.2887    27.8721    27.8717    6.48498    6.44423         29 0.0000e+00
      72058   3002.372   2522.000     2.4809   3.219689     2.4798   3.219558      68.10     0.0146     2.1961     1.9440  35.537907  2.5017719   48.97790  -45.87380    34.9050    34.9046     2.2885     2.2874    27.8721    27.8718    6.48418    6.44385         28 0.0000e+00
      72084   3003.456   2523.000     2.4811   3.219762     2.4801   3.219629      99.79     0.0146     2.1957     1.9436  35.545086  2.4850950   48.97790  -45.87380    34.9052    34.9047     2.2887     2.3007    27.8722    27.8719    6.49370    6.44708         23 0.0000e+00
      72105   3004.340   2524.000     2.4802   3.219728     2.4789   3.219561      58.28     0.0151     2.1963     1.9436  35.547550  2.4827390   48.97790  -45.87380    34.9053    34.9047     2.2877     2.2863    27.8723    27.8720    6.48772    6.44262         21 0.0000e+00
      72125   3005.158   2525.000     2.4790   3.219661     2.4784   3.219559      54.88     0.0184     2.1950     1.9431  35.546185  2.4823003   48.97790  -45.87380    34.9052    34.9047     2.2864     2.2858    27.8724    27.8720    6.47392    6.44355         19 0.0000e+00
      72146   3006.023   2526.000     2.4795   3.219736     2.4791   3.219660      53.95     0.0222     2.1952     1.9432  35.547352  2.4822955   48.97790  -45.87380    34.9052    34.9047     2.2868     2.2864    27.8724    27.8720    6.48841    6.44861         23 0.0000e+00
      72172   3007.137   2527.000     2.4797   3.219791     2.4780   3.219607      52.72     0.0198     2.1946     1.9429  35.546295  2.4814198   48.97790  -45.87378    34.9052    34.9047     2.2869     2.2853    27.8723    27.8721    6.48131    6.44475         32 0.0000e+00
      72211   3008.760   2528.000     2.4811   3.219951     2.4792   3.219749      51.38     0.0158     2.1944     1.9427  35.545956  2.4810951   48.97790  -45.87378    34.9052    34.9047     2.2881     2.2863    27.8722    27.8720    6.48742    6.44819         41 0.0000e+00
      72245   3010.157   2529.000     2.4817   3.220058     2.4801   3.219872      50.39     0.0146     2.1942     1.9425  35.547726  2.4823227   48.97790  -45.87378    34.9054    34.9048     2.2886     2.2871    27.8723    27.8720    6.48109    6.44328         27 0.0000e+00
      72270   3011.194   2530.000     2.4807   3.220013     2.4797   3.219886      49.80     0.0159     2.1938     1.9423  35.542706  2.4822955   48.97790  -45.87378    34.9054    34.9049     2.2876     2.2866    27.8724    27.8722    6.48309    6.43880         24 0.0000e+00
      72294   3012.195   2531.000     2.4803   3.220014     2.4799   3.219947      49.09     0.0200     2.1936     1.9416  35.540829  2.4822955   48.97790  -45.87376    34.9053    34.9049     2.2871     2.2867    27.8724    27.8721    6.48723    6.43806         25 0.0000e+00
      72320   3013.276   2532.000     2.4798   3.220007     2.4791   3.219915      47.83     0.0165     2.1933     1.9415  35.537960  2.4765925   48.97790  -45.87376    34.9053    34.9050     2.2866     2.2858    27.8724    27.8722    6.47655    6.44577         27 0.0000e+00
      72348   3014.458   2533.000     2.4816   3.220204     2.4810   3.220118      46.71     0.0162     2.1931     1.9414  35.538967  2.4732025   48.97790  -45.87376    34.9054    34.9050     2.2881     2.2875    27.8724    27.8721    6.49275    6.44734         29 0.0000e+00
      72375   3015.595   2534.000     2.4816   3.220237     2.4804   3.220109      45.60     0.0146     2.1928     1.9415  35.545563  2.4729152   48.97790  -45.87376    34.9053    34.9050     2.2881     2.2869    27.8723    27.8721    6.48357    6.45136         25 0.0000e+00
      72400   3016.617   2535.000     2.4811   3.220228     2.4795   3.220058      44.59     0.0161     2.1930     1.9415  35.546410  2.4725225   48.97790  -45.87376    34.9053    34.9048     2.2874     2.2860    27.8724    27.8721    6.49066    6.44427         24 0.0000e+00
      72424   3017.625   2536.000     2.4805   3.220220     2.4797   3.220116      43.27     0.0170     2.1928     1.9411  35.553108  2.4733088   48.97790  -45.87375    34.9053    34.9049     2.2868     2.2860    27.8724    27.8722    6.48508    6.44125         25 0.0000e+00
      72453   3018.840   2537.000     2.4797   3.220182     2.4784   3.220025      42.53     0.0109     2.1922     1.9407  35.553112  2.4730806   48.97790  -45.87374    34.9052    34.9047     2.2860     2.2846    27.8724    27.8721    6.48627    6.44152         36 0.0000e+00
      72505   3021.015   2538.000     2.4793   3.220185     2.4791   3.220136      41.27     0.0160     2.1924     1.9405  35.553112  2.4728370   48.97790  -45.87374    34.9052    34.9049     2.2854     2.2902    27.8725    27.8722    6.48686    6.44746         61 0.0000e+00
      72548   3022.786   2539.000     2.4812   3.220388     2.4794   3.220191      40.52     0.0170     2.1921     1.9405  35.553112  2.4754725   48.97790  -45.87374    34.9052    34.9047     2.2872     2.2854    27.8723    27.8721    6.49341    6.44725         27 0.0000e+00
      72572   3023.791   2540.000     2.4793   3.220270     2.4762   3.219955      39.73     0.0263     2.1918     1.9402  35.553112  2.4822929   48.97790  -45.87374    34.9053    34.9048     2.2852     2.2822    27.8726    27.8724    6.47400    6.44351         23 0.0000e+00
      72596   3024.784   2541.000     2.4780   3.220192     2.4767   3.220032      38.85     0.0224     2.1912     1.9402  35.549278  2.4797385   48.97790  -45.87373    34.9052    34.9048     2.2839     2.2826    27.8726    27.8723    6.47333    6.44808         26 0.0000e+00
      72633   3026.338   2542.000     2.4746   3.219913     2.4741   3.219831      37.65     0.0209     2.1910     1.9400  35.547543  2.4734449   48.97790  -45.87372    34.9051    34.9046     2.2804     2.2799    27.8728    27.8724    6.48888    6.44578         58 0.0000e+00
      72707   3029.428   2543.000     2.4735   3.219836     2.4731   3.219777      36.30     0.0155     2.1902     1.9394  35.554192  2.4725275   48.97790  -45.87372    34.9048    34.9045     2.2793     2.2789    27.8727    27.8725    6.48166    6.44495         58 0.0000e+00
      72743   3030.926   2544.000     2.4725   3.219798     2.4715   3.219674      35.74     0.0188     2.1906     1.9391  35.553112  2.4744904   48.97790  -45.87372    34.9049    34.9045     2.2782     2.2772    27.8728    27.8726    6.49375    6.44331         35 0.0000e+00
      72779   3032.428   2545.000     2.4724   3.219827     2.4715   3.219717      34.75     0.0192     2.1900     1.9386  35.552006  2.4784603   48.97790  -45.87372    34.9049    34.9045     2.2780     2.2771    27.8729    27.8726    6.48426    6.43899         39 0.0000e+00
      72857   3035.681   2546.000     2.4726   3.219877     2.4718   3.219779      33.51     0.0200     2.1900     1.9382  35.549988  2.4721608   48.97790  -45.87371    34.9049    34.9045     2.2781     2.2773    27.8728    27.8726    6.48710    6.44294         71 0.0000e+00
      72942   3039.202   2547.000     2.4719   3.219863     2.4709   3.219740      32.86     0.0216     2.1899     1.9378  35.553238  2.4725387   48.97790  -45.87370    34.9050    34.9045     2.2773     2.2764    27.8730    27.8727    6.49318    6.44763         32 0.0000e+00
      72968   3040.275   2548.000     2.4716   3.219882     2.4708   3.219768      32.08     0.0187     2.1897     1.9380  35.553112  2.4725275   48.97790  -45.87370    34.9051    34.9045     2.2769     2.2762    27.8731    27.8726    6.48202    6.45095         25 0.0000e+00
      72992   3041.282   2549.000     2.4714   3.219904     2.4708   3.219815      31.19     0.0190     2.1897     1.9381  35.553112  2.4671087   48.97790  -45.87368    34.9051    34.9046     2.2766     2.2761    27.8731    27.8728    6.49037    6.45098         25 0.0000e+00
      73020   3042.457   2550.000     2.4709   3.219898     2.4701   3.219784      30.01     0.0190     2.1891     1.9383  35.553112  2.4646125   48.97790  -45.87368    34.9050    34.9045     2.2761     2.2753    27.8731    27.8728    6.48955    6.45079         35 0.0000e+00
