data/CTD/2014/CNV/d017a039.cnv
* Sea-Bird SBE 9 Data File:
* FileName = C:\CTD_ACQUISITION\2014017HUD\ctddata\017A039.hdr
* Software Version Seasave V 7.22.2
* Temperature SN = 5081
* Conductivity SN = 3561
* Number of Bytes Per Scan = 37
* Number of Voltage Words = 4
* Number of Scans Averaged by the Deck Unit = 1
* NMEA Latitude = 48 13.75 N
* NMEA Longitude = 046 27.83 W
* NMEA UTC (Time) = Jul 10 2014 01:54:16
* NMEA baud rate = 9600
** Ship: Hudson
** Cruise: HUD2014017
** Chief_Scientist: Blair Greenan
** Organization: BIO
** Area_of_Operation: Sackville Spur
** Station: 039
** Sounding:  938
** Event_Comments: SS_13, 403226
# nquan = 25
# nvalues = 961                         
# units = specified
# name 0 = scan: Scan Count
# name 1 = timeS: Time, Elapsed [seconds]
# name 2 = prDM: Pressure, Digiquartz [db]
# name 3 = t068C: Temperature [ITS-68, deg C]
# name 4 = c0S/m: Conductivity [S/m]
# name 5 = t168C: Temperature, 2 [ITS-68, deg C]
# name 6 = c1S/m: Conductivity, 2 [S/m]
# name 7 = altM: Altimeter [m]
# name 8 = flC: Fluorescence, Chelsea Aqua 3 Chl Con [ug/l]
# name 9 = sbeox0V: Oxygen raw, SBE 43 [V]
# name 10 = sbeox1V: Oxygen raw, SBE 43, 2 [V]
# name 11 = upoly0: Upoly 0, Optode 4330F - O2 D-Phase
# name 12 = upoly1: Upoly 1, Optode 4330F - O2 Temp
# name 13 = latitude: Latitude [deg]
# name 14 = longitude: Longitude [deg]
# name 15 = sal00: Salinity, Practical [PSU]
# name 16 = sal11: Salinity, Practical, 2 [PSU]
# name 17 = potemp068C: Potential Temperature [ITS-68, deg C]
# name 18 = potemp168C: Potential Temperature, 2 [ITS-68, deg C]
# name 19 = sigma-é00: Density [sigma-theta, Kg/m^3]
# name 20 = sigma-é11: Density, 2 [sigma-theta, Kg/m^3]
# name 21 = sbeox0ML/L: Oxygen, SBE 43 [ml/l], WS = 2
# name 22 = sbeox1ML/L: Oxygen, SBE 43, 2 [ml/l], WS = 2
# name 23 = nbin: number of scans per bin
# name 24 = flag: flag
# span 0 =       5571,      33331       
# span 1 =    232.064,   1388.758       
# span 2 =      1.000,    961.000       
# span 3 =    -1.2182,     7.8813       
# span 4 =   2.670041,   3.398320       
# span 5 =    -1.2183,     7.8813       
# span 6 =   2.669632,   3.398384       
# span 7 =       1.39,     102.38       
# span 8 =     0.0075,     0.0885       
# span 9 =     2.6101,     3.5433       
# span 10 =     2.3047,     3.0144      
# span 11 =  30.448456,  34.477798      
# span 12 = -1.0726120,  7.9133444      
# span 13 =   48.22800,   48.22936      
# span 14 =  -46.46338,  -46.46208      
# span 15 =    32.7240,    34.8940      
# span 16 =    32.7090,    34.8934      
# span 17 =    -1.2192,     7.8807      
# span 18 =    -1.2193,     7.8805      
# span 19 =    25.5044,    27.7379      
# span 20 =    25.5041,    27.7374      
# span 21 =    6.37079,    8.84383      
# span 22 =    6.21738,    8.69057      
# span 23 =         11,        109      
# span 24 = 0.0000e+00, 0.0000e+00      
# interval = decibars: 1                
# start_time = Jul 10 2014 01:54:16 [NMEA time, header]
# bad_flag = -9.990e-29
*END*
[from data line 116]
      10997    458.158    117.000     1.1564   2.931445     1.1542   2.931298      98.88     0.0241     2.8944     2.5577  34.263195  1.0622976   48.22882  -46.46322    34.0017    34.0020     1.1510     1.1490    27.2328    27.2332    6.99191    7.02450         25 0.0000e+00
      11022    459.197    118.000     1.1624   2.932097     1.1647   2.932375      84.26     0.0214     2.8935     2.5565  34.259148  1.0722514   48.22882  -46.46322    34.0028    34.0038     1.1571     1.1594    27.2333    27.2340    6.99037    7.03418         28 0.0000e+00
      11095    462.238    119.000     1.1588   2.931789     1.1605   2.931996      98.67     0.0202     2.8935     2.5561  34.257294  1.0964985   48.22881  -46.46320    34.0021    34.0031     1.1535     1.1554    27.2330    27.2337    6.98775    7.04531         40 0.0000e+00
      11150    464.533    120.000     1.1623   2.932208     1.1602   2.932092      98.63     0.0166     2.8924     2.5561  34.262863  1.1048820   48.22880  -46.46318    34.0033    34.0039     1.1568     1.1548    27.2337    27.2344    6.99279    7.04054         18 0.0000e+00
      11169    465.340    121.000     1.1617   2.932287     1.1626   2.932374      78.94     0.0162     2.8934     2.5559  34.263702  1.1050061   48.22880  -46.46318    34.0042    34.0044     1.1562     1.1572    27.2346    27.2346    7.00423    7.03836         21 0.0000e+00
      11221    467.505    122.000     1.1620   2.932364     1.1599   2.932185      82.08     0.0191     2.8947     2.5565  34.263737  1.1180636   48.22879  -46.46317    34.0043    34.0043     1.1565     1.1544    27.2346    27.2347    7.00844    7.04880         41 0.0000e+00
      11301    470.851    123.000     1.1606   2.932529     1.1599   2.932429      65.04     0.0206     2.8966     2.5591  34.263737  1.1244974   48.22878  -46.46312    34.0074    34.0069     1.1550     1.1543    27.2372    27.2368    7.00640    7.06306         27 0.0000e+00
      11333    472.175    124.000     1.1924   2.936247     1.1882   2.935948      87.01     0.0213     2.8966     2.5596  34.265377  1.1251979   48.22878  -46.46310    34.0197    34.0205     1.1868     1.1826    27.2450    27.2458    7.00102    7.05236         41 0.0000e+00
      11401    475.008    125.000     1.2178   2.939095     1.2230   2.939734      89.87     0.0230     2.8965     2.5587  34.264164  1.1474844   48.22876  -46.46308    34.0279    34.0304     1.2122     1.2174    27.2498    27.2515    6.98846    7.03361         71 0.0000e+00
      11443    476.755    126.000     1.2788   2.945500     1.2781   2.945537      99.03     0.0171     2.8961     2.5581  34.263710  1.1629335   48.22876  -46.46308    34.0429    34.0441     1.2730     1.2723    27.2578    27.2588    6.98012    7.03627         27 0.0000e+00
      11467    477.757    127.000     1.2911   2.947011     1.2878   2.946755      77.60     0.0170     2.8963     2.5587  34.262623  1.1654514   48.22876  -46.46307    34.0478    34.0485     1.2856     1.2820    27.2609    27.2617    6.98337    7.03081         26 0.0000e+00
      11499    479.096    128.000     1.3148   2.949392     1.3129   2.949294      97.88     0.0198     2.8971     2.5589  34.247452  1.2117088   48.22875  -46.46306    34.0523    34.0530     1.3089     1.3070    27.2628    27.2636    6.98210    7.02629         40 0.0000e+00
      11538    480.705    129.000     1.3253   2.950510     1.3250   2.950518      62.49     0.0186     2.8977     2.5594  34.237274  1.2444595   48.22874  -46.46304    34.0545    34.0549     1.3194     1.3191    27.2639    27.2643    6.98805    7.03934         32 0.0000e+00
      11563    481.742    130.000     1.3336   2.951406     1.3321   2.951335      86.19     0.0169     2.8995     2.5617  34.234455  1.2514639   48.22874  -46.46304    34.0564    34.0570     1.3276     1.3261    27.2649    27.2655    7.00206    7.06615         21 0.0000e+00
      11584    482.606    131.000     1.3414   2.952238     1.3412   2.952309      98.39     0.0158     2.9005     2.5641  34.220093  1.2692784   48.22873  -46.46303    34.0579    34.0590     1.3353     1.3351    27.2656    27.2665    6.99729    7.05516         21 0.0000e+00
      11606    483.529    132.000     1.3574   2.953953     1.3568   2.953980      73.91     0.0152     2.9014     2.5639  34.219780  1.2710427   48.22872  -46.46302    34.0618    34.0628     1.3512     1.3506    27.2676    27.2684    6.98500    7.03042         23 0.0000e+00
      11633    484.651    133.000     1.3799   2.956482     1.3787   2.956463      98.79     0.0205     2.9012     2.5632  34.219780  1.2851319   48.22872  -46.46301    34.0690    34.0701     1.3737     1.3725    27.2718    27.2727    6.97876    7.02441         30 0.0000e+00
      11662    485.885    134.000     1.4063   2.959875     1.4055   2.959915      92.88     0.0232     2.9005     2.5626  34.218708  1.2936032   48.22872  -46.46300    34.0826    34.0843     1.4000     1.3992    27.2809    27.2823    6.96836    7.01497         28 0.0000e+00
      11686    486.862    135.000     1.4398   2.963834     1.4389   2.963918      77.03     0.0215     2.9006     2.5619  34.212406  1.3102571   48.22872  -46.46300    34.0963    34.0983     1.4334     1.4325    27.2896    27.2912    6.96194    7.01188         20 0.0000e+00
      11705    487.660    136.000     1.4613   2.966288     1.4611   2.966466      98.47     0.0200     2.8997     2.5621  34.212070  1.3111541   48.22871  -46.46299    34.1036    34.1061     1.4548     1.4546    27.2939    27.2959    6.95876    7.02552         19 0.0000e+00
      11724    488.461    137.000     1.5315   2.973950     1.5292   2.974122      66.99     0.0213     2.9002     2.5638  34.203850  1.3421491   48.22870  -46.46298    34.1241    34.1288     1.5249     1.5226    27.3054    27.3093    6.95643    7.01918         20 0.0000e+00
      11751    489.570    138.000     1.5782   2.979109     1.5773   2.979152      60.53     0.0215     2.9014     2.5643  34.195133  1.3607244   48.22870  -46.46298    34.1382    34.1398     1.5715     1.5705    27.3134    27.3147    6.95591    6.99782         36 0.0000e+00
      11792    491.303    139.000     1.5976   2.981241     1.5964   2.981200      97.97     0.0221     2.9020     2.5645  34.154106  1.4322586   48.22870  -46.46296    34.1439    34.1447     1.5908     1.5896    27.3165    27.3173    6.93750    6.99516         38 0.0000e+00
      11820    492.470    140.000     1.6073   2.982430     1.6068   2.982447      66.44     0.0145     2.9018     2.5646  34.145138  1.4706388   48.22869  -46.46296    34.1475    34.1483     1.6005     1.6000    27.3187    27.3194    6.93871    6.98955         23 0.0000e+00
      11841    493.328    141.000     1.6136   2.983127     1.6132   2.983127      98.48     0.0176     2.9012     2.5643  34.145744  1.4863768   48.22868  -46.46294    34.1489    34.1494     1.6067     1.6063    27.3194    27.3198    6.92874    6.98939         19 0.0000e+00
      11861    494.182    142.000     1.6227   2.984115     1.6214   2.984137      98.65     0.0198     2.9004     2.5644  34.144527  1.5022771   48.22868  -46.46294    34.1510    34.1525     1.6157     1.6149    27.3204    27.3217    6.92299    6.98646         22 0.0000e+00
      11885    495.161    143.000     1.6688   2.989105     1.6666   2.989119      82.03     0.0223     2.8992     2.5637  34.145916  1.5244316   48.22868  -46.46294    34.1636    34.1662     1.6617     1.6595    27.3271    27.3294    6.91094    6.97228         26 0.0000e+00
      11913    496.322    144.000     1.7196   2.994800     1.7189   2.994903      92.42     0.0197     2.8981     2.5633  34.134007  1.5357032   48.22868  -46.46292    34.1798    34.1819     1.7124     1.7117    27.3364    27.3381    6.89716    6.96060         29 0.0000e+00
      11941    497.513    145.000     1.7510   2.998329     1.7493   2.998275      98.61     0.0171     2.8969     2.5626  34.128242  1.5452017   48.22868  -46.46291    34.1898    34.1909     1.7437     1.7420    27.3421    27.3431    6.89634    6.95707         28 0.0000e+00
      11968    498.645    146.000     1.7731   3.000804     1.7744   3.001045      74.35     0.0159     2.8966     2.5629  34.116665  1.6027397   48.22868  -46.46289    34.1965    34.1981     1.7657     1.7670    27.3458    27.3470    6.89608    6.96001         26 0.0000e+00
      11994    499.727    147.000     1.7838   3.002000     1.7837   3.002051      62.23     0.0150     2.8968     2.5633  34.115440  1.6135166   48.22867  -46.46288    34.1993    34.2001     1.7764     1.7763    27.3473    27.3479    6.89669    6.96362         25 0.0000e+00
      12019    500.729    148.000     1.7919   3.002960     1.7912   3.002950      99.44     0.0149     2.8966     2.5640  34.100994  1.6615034   48.22866  -46.46287    34.2022    34.2027     1.7844     1.7837    27.3490    27.3495    6.90016    6.95365         23 0.0000e+00
      12041    501.660    149.000     1.7992   3.003858     1.7987   3.003887      68.94     0.0187     2.8979     2.5627  34.101234  1.6622534   48.22866  -46.46287    34.2050    34.2059     1.7916     1.7911    27.3507    27.3514    6.91480    6.94301         22 0.0000e+00
      12063    502.571    150.000     1.8076   3.005016     1.8068   3.004967      98.25     0.0172     2.8990     2.5626  34.091862  1.6915390   48.22866  -46.46288    34.2099    34.2101     1.8000     1.7992    27.3540    27.3542    6.92328    6.95418         23 0.0000e+00
      12087    503.573    151.000     1.7943   3.003975     1.7931   3.003861      98.64     0.0186     2.9019     2.5635  34.089668  1.6973025   48.22865  -46.46287    34.2106    34.2105     1.7867     1.7854    27.3555    27.3556    6.94161    6.97080         26 0.0000e+00
      12116    504.802    152.000     1.7879   3.003480     1.7868   3.003391      78.34     0.0158     2.9046     2.5647  34.087929  1.7180783   48.22864  -46.46285    34.2107    34.2108     1.7802     1.7791    27.3561    27.3563    6.94270    6.97396         32 0.0000e+00
      12146    506.055    153.000     1.7792   3.002719     1.7797   3.002763      98.86     0.0145     2.9063     2.5657  34.087914  1.7204134   48.22864  -46.46282    34.2099    34.2100     1.7715     1.7720    27.3562    27.3562    6.93879    6.97968         27 0.0000e+00
      12170    507.058    154.000     1.7674   3.001669     1.7686   3.001754      64.85     0.0165     2.9071     2.5667  34.087914  1.7203907   48.22864  -46.46282    34.2089    34.2087     1.7597     1.7608    27.3563    27.3560    6.94277    6.98401         22 0.0000e+00
      12191    507.925    155.000     1.7550   3.000600     1.7556   3.000630      53.65     0.0161     2.9071     2.5668  34.087914  1.7203907   48.22863  -46.46282    34.2083    34.2081     1.7472     1.7478    27.3567    27.3565    6.94005    6.97739         20 0.0000e+00
      12212    508.811    156.000     1.7664   3.002026     1.7658   3.002077      97.51     0.0187     2.9075     2.5663  34.087914  1.7203907   48.22862  -46.46282    34.2134    34.2147     1.7585     1.7579    27.3599    27.3610    6.93098    6.97278         23 0.0000e+00
      12240    509.941    157.000     1.7908   3.004817     1.7902   3.004842      86.66     0.0223     2.9059     2.5661  34.083485  1.7177345   48.22862  -46.46282    34.2216    34.2225     1.7828     1.7822    27.3647    27.3655    6.92187    6.97331         32 0.0000e+00
      12275    511.411    158.000     1.8095   3.006993     1.8088   3.007031      90.55     0.0219     2.9060     2.5664  34.072395  1.7103329   48.22862  -46.46281    34.2282    34.2293     1.8014     1.8008    27.3686    27.3695    6.92806    6.97816         34 0.0000e+00
      12303    512.602    159.000     1.8292   3.009223     1.8288   3.009255      98.78     0.0209     2.9065     2.5679  34.060772  1.7348193   48.22862  -46.46280    34.2344    34.2352     1.8211     1.8206    27.3721    27.3727    6.93104    6.98374         25 0.0000e+00
      12327    513.602    160.000     1.8414   3.010623     1.8405   3.010588      70.00     0.0203     2.9065     2.5682  34.058613  1.7386955   48.22861  -46.46280    34.2381    34.2386     1.8332     1.8323    27.3741    27.3746    6.92210    6.96228         24 0.0000e+00
      12351    514.596    161.000     1.8424   3.010879     1.8425   3.010906      98.42     0.0192     2.9061     2.5666  34.046494  1.7641481   48.22860  -46.46279    34.2396    34.2399     1.8342     1.8343    27.3753    27.3755    6.90783    6.94681         24 0.0000e+00
      12376    515.634    162.000     1.8414   3.010960     1.8412   3.010969      98.65     0.0166     2.9038     2.5648  34.043427  1.7699180   48.22860  -46.46278    34.2412    34.2415     1.8331     1.8329    27.3766    27.3769    6.88757    6.94463         26 0.0000e+00
      12401    516.664    163.000     1.8591   3.013018     1.8582   3.013041      68.27     0.0238     2.9013     2.5636  34.031250  1.7865982   48.22860  -46.46277    34.2482    34.2494     1.8507     1.8498    27.3809    27.3819    6.88442    6.94097         23 0.0000e+00
      12423    517.570    164.000     1.8796   3.015372     1.8783   3.015378      98.91     0.0218     2.8995     2.5625  34.030025  1.7887853   48.22860  -46.46276    34.2542    34.2557     1.8711     1.8698    27.3841    27.3854    6.87647    6.93419         20 0.0000e+00
      12443    518.418    165.000     1.9108   3.018799     1.9086   3.018780      52.97     0.0213     2.8978     2.5617  34.029305  1.7952869   48.22858  -46.46276    34.2628    34.2650     1.9023     1.9001    27.3887    27.3906    6.86865    6.92890         21 0.0000e+00
      12465    519.340    166.000     1.9790   3.026218     1.9777   3.026372      71.65     0.0189     2.8968     2.5609  34.029305  1.7984844   48.22858  -46.46276    34.2816    34.2848     1.9703     1.9690    27.3984    27.4011    6.86381    6.91101         24 0.0000e+00
      12494    520.561    167.000     2.0136   3.030030     2.0132   3.030092      96.17     0.0186     2.8960     2.5596  34.016968  1.8264955   48.22858  -46.46274    34.2913    34.2925     2.0048     2.0044    27.4035    27.4045    6.85683    6.90198         35 0.0000e+00
      12529    522.010    168.000     2.0379   3.032742     2.0378   3.032821      86.11     0.0222     2.8948     2.5588  34.009178  1.8612159   48.22858  -46.46273    34.2985    34.2995     2.0290     2.0289    27.4074    27.4082    6.84219    6.89623         31 0.0000e+00
      12555    523.101    169.000     2.0468   3.033782     2.0440   3.033552      83.52     0.0175     2.8934     2.5572  34.010204  1.9239569   48.22857  -46.46272    34.3013    34.3014     2.0378     2.0350    27.4089    27.4093    6.84179    6.88303         23 0.0000e+00
      12577    524.008    170.000     2.0608   3.035390     2.0593   3.035298      98.78     0.0165     2.8924     2.5563  34.008358  1.9307047   48.22856  -46.46272    34.3057    34.3061     2.0517     2.0503    27.4113    27.4118    6.83952    6.88484         21 0.0000e+00
      12599    524.918    171.000     2.0651   3.035904     2.0640   3.035838      92.08     0.0202     2.8923     2.5559  34.005093  1.9658992   48.22856  -46.46271    34.3069    34.3073     2.0560     2.0553    27.4120    27.4124    6.84360    6.89084         23 0.0000e+00
      12623    525.927    172.000     2.0776   3.037279     2.0756   3.037144      22.55     0.0256     2.8917     2.5561  34.010094  1.9709255   48.22856  -46.46270    34.3099    34.3104     2.0684     2.0664    27.4135    27.4140    6.83581    6.89378         26 0.0000e+00
      12649    527.008    173.000     2.0855   3.038149     2.0854   3.038181      95.27     0.0211     2.8911     2.5561  34.008190  1.9913212   48.22856  -46.46268    34.3117    34.3122     2.0763     2.0762    27.4143    27.4147    6.83818    6.88579         25 0.0000e+00
