data/CTD/2014/CNV/d017a014.cnv
* Sea-Bird SBE 9 Data File:
* FileName = C:\CTD_ACQUISITION\2014017HUD\ctddata\017A014.hdr
* Software Version Seasave V 7.22.2
* Temperature SN = 5081
* Conductivity SN = 3561
* Number of Bytes Per Scan = 37
* Number of Voltage Words = 4
* Number of Scans Averaged by the Deck Unit = 1
* NMEA Latitude = 52 56.40 N
* NMEA Longitude = 051 13.45 W
* NMEA UTC (Time) = Jul 04 2014 02:09:23
* NMEA baud rate = 9600
** Ship: Hudson
** Cruise: HUD2014017
** Chief_Scientist: Blair Greenan
** Organization: BIO
** Area_of_Operation: Sackville Spur
** Station: 014
** Sounding:  2230
** Event_Comments: K8, 403048
# nquan = 25
# nvalues = 2426                        
# units = specified
# name 0 = scan: Scan Count
# name 1 = timeS: Time, Elapsed [seconds]
# name 2 = prDM: Pressure, Digiquartz [db]
# name 3 = t068C: Temperature [ITS-68, deg C]
# name 4 = c0S/m: Conductivity [S/m]
# name 5 = t168C: Temperature, 2 [ITS-68, deg C]
# name 6 = c1S/m: Conductivity, 2 [S/m]
# name 7 = altM: Altimeter [m]
# name 8 = flC: Fluorescence, Chelsea Aqua 3 Chl Con [ug/l]
# name 9 = sbeox0V: Oxygen raw, SBE 43 [V]
# name 10 = sbeox1V: Oxygen raw, SBE 43, 2 [V]
# name 11 = upoly0: Upoly 0, Optode 4330F - O2 D-Phase
# name 12 = upoly1: Upoly 1, Optode 4330F - O2 Temp
# name 13 = latitude: Latitude [deg]
# name 14 = longitude: Longitude [deg]
# name 15 = sal00: Salinity, Practical [PSU]
# name 16 = sal11: Salinity, Practical, 2 [PSU]
# name 17 = potemp068C: Potential Temperature [ITS-68, deg C]
# name 18 = potemp168C: Potential Temperature, 2 [ITS-68, deg C]
# name 19 = sigma-é00: Density [sigma-theta, Kg/m^3]
# name 20 = sigma-é11: Density, 2 [sigma-theta, Kg/m^3]
# name 21 = sbeox0ML/L: Oxygen, SBE 43 [ml/l], WS = 2
# name 22 = sbeox1ML/L: Oxygen, SBE 43, 2 [ml/l], WS = 2
# name 23 = nbin: number of scans per bin
# name 24 = flag: flag
# span 0 =       5721,      67702       
# span 1 =    238.333,   2820.884       
# span 2 =      2.000,   2427.000       
# span 3 =     2.8602,     7.2559       
# span 4 =   3.191204,   3.426384       
# span 5 =     2.8590,     7.2330       
# span 6 =   3.191052,   3.426686       
# span 7 =       3.01,     117.15       
# span 8 =     0.0038,     0.2728       
# span 9 =     2.2154,     3.4772       
# span 10 =     1.9608,     3.0437      
# span 11 =  30.233047,  35.394714      
# span 12 =  2.7457743,  7.2443724      
# span 13 =   52.93918,   52.94004      
# span 14 =  -51.22315,  -51.21188      
# span 15 =    33.6191,    34.9159      
# span 16 =    33.6245,    34.9145      
# span 17 =     2.6700,     7.2557      
# span 18 =     2.6689,     7.2329      
# span 19 =    26.2961,    27.8446      
# span 20 =    26.3035,    27.8444      
# span 21 =    6.28963,    7.49874      
# span 22 =    6.27308,    7.51202      
# span 23 =         11,        107      
# span 24 = 0.0000e+00, 0.0000e+00      
# interval = decibars: 1                
# start_time = Jul 04 2014 02:09:23 [NMEA time, header]
# bad_flag = -9.990e-29
*END*
[from data line 1334]
      40077   1669.848   1336.000     3.5098   3.263526     3.5089   3.263331      78.25     0.0178     2.4752     2.1893  34.746357  3.5063231   52.93954  -51.21550    34.9155    34.9142     3.4095     3.4129    27.7789    27.7779    6.29949    6.28012         18 0.0000e+00
      40096   1670.641   1337.000     3.5089   3.263483     3.5088   3.263356      86.42     0.0154     2.4752     2.1887  34.743176  3.5056331   52.93954  -51.21550    34.9155    34.9141     3.4084     3.4085    27.7790    27.7778    6.30408    6.28011         21 0.0000e+00
      40120   1671.617   1338.000     3.5097   3.263594     3.5098   3.263480      98.28     0.0169     2.4752     2.1879  34.746582  3.5002120   52.93954  -51.21550    34.9155    34.9141     3.4092     3.4093    27.7789    27.7777    6.30291    6.27901         26 0.0000e+00
      40147   1672.764   1339.000     3.5081   3.263492     3.5077   3.263342      80.96     0.0186     2.4752     2.1874  34.747250  3.4981794   52.93954  -51.21550    34.9155    34.9141     3.4075     3.4071    27.7790    27.7779    6.30465    6.28327         28 0.0000e+00
      40176   1673.940   1340.000     3.5085   3.263566     3.5093   3.263525      74.73     0.0174     2.4752     2.1874  34.747253  3.4992170   52.93953  -51.21549    34.9155    34.9141     3.4078     3.4086    27.7790    27.7778    6.30292    6.29020         28 0.0000e+00
      40205   1675.177   1341.000     3.5074   3.263510     3.5072   3.263363      92.07     0.0155     2.4752     2.1875  34.747253  3.4990852   52.93952  -51.21548    34.9154    34.9139     3.4067     3.4064    27.7790    27.7779    6.30774    6.28801         32 0.0000e+00
      40237   1676.499   1342.000     3.5057   3.263398     3.5054   3.263253      76.47     0.0122     2.4752     2.1873  34.747253  3.5019619   52.93952  -51.21548    34.9154    34.9140     3.4049     3.4046    27.7792    27.7781    6.30419    6.29015         29 0.0000e+00
      40262   1677.540   1343.000     3.5058   3.263456     3.5052   3.263292      99.46     0.0106     2.4750     2.1874  34.747253  3.4999588   52.93952  -51.21548    34.9154    34.9141     3.4049     3.4043    27.7792    27.7783    6.30504    6.28423         21 0.0000e+00
      40281   1678.317   1344.000     3.5057   3.263488     3.5051   3.263329      98.64     0.0135     2.4751     2.1867  34.747253  3.4981577   52.93952  -51.21548    34.9154    34.9142     3.4047     3.4041    27.7792    27.7783    6.30536    6.28515         18 0.0000e+00
      40297   1679.016   1345.000     3.5054   3.263504     3.5048   3.263345      66.63     0.0170     2.4747     2.1869  34.747253  3.4981685   52.93952  -51.21548    34.9155    34.9142     3.4043     3.4037    27.7793    27.7783    6.30152    6.29359         16 0.0000e+00
      40314   1679.726   1346.000     3.5056   3.263566     3.5051   3.263412      90.71     0.0179     2.4743     2.1870  34.735096  3.4981685   52.93952  -51.21548    34.9155    34.9142     3.4044     3.4039    27.7793    27.7783    6.30796    6.29281         18 0.0000e+00
      40335   1680.575   1347.000     3.5055   3.263600     3.5051   3.263445      98.38     0.0187     2.4746     2.1868  34.734451  3.4981685   52.93952  -51.21548    34.9154    34.9141     3.4043     3.4038    27.7793    27.7782    6.30882    6.28704         24 0.0000e+00
      40373   1682.167   1348.000     3.5058   3.263653     3.5053   3.263498      71.69     0.0170     2.4742     2.1864  34.745579  3.4981685   52.93952  -51.21548    34.9153    34.9140     3.4044     3.4040    27.7792    27.7782    6.30413    6.28822         53 0.0000e+00
      40415   1683.930   1349.000     3.5059   3.263709     3.5053   3.263547      99.54     0.0142     2.4734     2.1859  34.747299  3.4981685   52.93952  -51.21548    34.9154    34.9140     3.4044     3.4039    27.7792    27.7782    6.30209    6.28867         27 0.0000e+00
      40438   1684.888   1350.000     3.5060   3.263763     3.5054   3.263603      75.01     0.0178     2.4735     2.1862  34.747253  3.4981685   52.93952  -51.21547    34.9154    34.9141     3.4044     3.4039    27.7793    27.7783    6.30398    6.29231         21 0.0000e+00
      40458   1685.696   1351.000     3.5061   3.263824     3.5055   3.263657      88.24     0.0174     2.4731     2.1857  34.747253  3.4981685   52.93952  -51.21546    34.9155    34.9142     3.4045     3.4039    27.7794    27.7783    6.30237    6.28631         18 0.0000e+00
      40475   1686.426   1352.000     3.5061   3.263867     3.5056   3.263708      98.77     0.0140     2.4728     2.1857  34.747253  3.4981685   52.93952  -51.21546    34.9156    34.9142     3.4044     3.4039    27.7794    27.7783    6.30069    6.29007         17 0.0000e+00
      40492   1687.123   1353.000     3.5060   3.263905     3.5054   3.263744      98.64     0.0167     2.4724     2.1857  34.749832  3.4981685   52.93952  -51.21546    34.9155    34.9143     3.4043     3.4037    27.7794    27.7784    6.30146    6.29544         17 0.0000e+00
      40509   1687.835   1354.000     3.5059   3.263943     3.5053   3.263772      76.44     0.0182     2.4723     2.1860  34.752869  3.4981685   52.93951  -51.21546    34.9156    34.9143     3.4041     3.4034    27.7794    27.7784    6.29962    6.29279         18 0.0000e+00
      40529   1688.673   1355.000     3.5060   3.263986     3.5053   3.263806      85.99     0.0183     2.4717     2.1854  34.751766  3.4981685   52.93950  -51.21546    34.9155    34.9141     3.4041     3.4034    27.7794    27.7783    6.30517    6.28545         23 0.0000e+00
      40580   1690.794   1356.000     3.5056   3.263985     3.5052   3.263826      90.19     0.0146     2.4720     2.1848  34.759251  3.4981685   52.93950  -51.21546    34.9154    34.9140     3.4036     3.4032    27.7793    27.7782    6.30777    6.28880         59 0.0000e+00
      40625   1692.654   1357.000     3.5057   3.264035     3.5051   3.263875      73.83     0.0137     2.4715     2.1846  34.759602  3.4981685   52.93950  -51.21544    34.9155    34.9142     3.4035     3.4030    27.7794    27.7784    6.29910    6.28625         19 0.0000e+00
      40641   1693.320   1358.000     3.5056   3.264071     3.5049   3.263910      76.57     0.0153     2.4711     2.1841  34.758987  3.5019996   52.93950  -51.21544    34.9155    34.9143     3.4034     3.4027    27.7794    27.7785    6.29979    6.28450         15 0.0000e+00
      40655   1693.917   1359.000     3.5055   3.264118     3.5048   3.263937      69.51     0.0131     2.4705     2.1841  34.758526  3.5079401   52.93950  -51.21544    34.9156    34.9143     3.4032     3.4025    27.7795    27.7785    6.30256    6.28501         13 0.0000e+00
      40669   1694.480   1360.000     3.5054   3.264153     3.5047   3.263980      74.65     0.0130     2.4713     2.1838  34.761909  3.5079365   52.93950  -51.21544    34.9157    34.9143     3.4030     3.4024    27.7796    27.7786    6.30875    6.27973         14 0.0000e+00
      40682   1695.048   1361.000     3.5056   3.264211     3.5050   3.264049      98.05     0.0148     2.4708     2.1830  34.759865  3.5079365   52.93950  -51.21544    34.9156    34.9143     3.4032     3.4026    27.7795    27.7786    6.29972    6.27628         14 0.0000e+00
      40697   1695.685   1362.000     3.5055   3.264241     3.5050   3.264078      98.64     0.0137     2.4702     2.1827  34.760998  3.4990778   52.93949  -51.21544    34.9155    34.9142     3.4030     3.4025    27.7795    27.7785    6.30299    6.27707         17 0.0000e+00
      40732   1697.129   1363.000     3.5052   3.264245     3.5048   3.264088      88.15     0.0134     2.4697     2.1818  34.760403  3.4982419   52.93948  -51.21544    34.9154    34.9140     3.4026     3.4022    27.7795    27.7783    6.30061    6.27906         55 0.0000e+00
      40784   1699.289   1364.000     3.5049   3.264268     3.5041   3.264071      99.44     0.0178     2.4691     2.1809  34.763371  3.4981685   52.93948  -51.21542    34.9155    34.9140     3.4022     3.4014    27.7795    27.7784    6.29542    6.27835         23 0.0000e+00
      40802   1700.052   1365.000     3.5036   3.264196     3.5031   3.264043      60.34     0.0219     2.4678     2.1809  34.758770  3.4981685   52.93948  -51.21542    34.9155    34.9143     3.4009     3.4003    27.7797    27.7787    6.29077    6.28664         19 0.0000e+00
      40822   1700.856   1366.000     3.5039   3.264266     3.5038   3.264140      29.82     0.0172     2.4677     2.1809  34.758240  3.4981685   52.93948  -51.21543    34.9156    34.9142     3.4010     3.4009    27.7798    27.7786    6.30321    6.28647         20 0.0000e+00
      40844   1701.803   1367.000     3.5032   3.264239     3.5023   3.264040      97.92     0.0150     2.4679     2.1812  34.760197  3.4981685   52.93948  -51.21543    34.9155    34.9141     3.4003     3.3994    27.7797    27.7787    6.30049    6.29333         26 0.0000e+00
      40874   1703.028   1368.000     3.5010   3.264080     3.5006   3.263922      73.55     0.0119     2.4673     2.1817  34.759151  3.4981685   52.93948  -51.21542    34.9155    34.9140     3.3979     3.3976    27.7800    27.7788    6.30143    6.29360         32 0.0000e+00
      40902   1704.199   1369.000     3.4984   3.263906     3.4972   3.263679      93.28     0.0120     2.4675     2.1816  34.761982  3.4981685   52.93948  -51.21542    34.9156    34.9141     3.3954     3.3979    27.7803    27.7792    6.30129    6.28744         23 0.0000e+00
      40923   1705.085   1370.000     3.4985   3.263948     3.4980   3.263794      98.78     0.0155     2.4667     2.1813  34.762657  3.4981685   52.93948  -51.21542    34.9155    34.9142     3.3953     3.3947    27.7802    27.7793    6.30258    6.28674         20 0.0000e+00
      40942   1705.881   1371.000     3.4977   3.263921     3.4973   3.263770      72.22     0.0131     2.4675     2.1809  34.760345  3.4971325   52.93947  -51.21542    34.9156    34.9141     3.3944     3.3941    27.7804    27.7792    6.30996    6.28278         19 0.0000e+00
      40962   1706.715   1372.000     3.4977   3.263964     3.4970   3.263786      86.44     0.0105     2.4670     2.1805  34.757294  3.4981515   52.93946  -51.21541    34.9156    34.9142     3.3944     3.3936    27.7804    27.7793    6.30180    6.27853         22 0.0000e+00
      40986   1707.719   1373.000     3.4967   3.263914     3.4959   3.263722      98.27     0.0155     2.4667     2.1796  34.763866  3.4904552   52.93946  -51.21540    34.9155    34.9140     3.3933     3.3926    27.7804    27.7793    6.30114    6.28036         27 0.0000e+00
      41014   1708.877   1374.000     3.4961   3.263905     3.4957   3.263756      72.68     0.0144     2.4663     2.1796  34.766251  3.4883971   52.93946  -51.21540    34.9155    34.9142     3.3926     3.3922    27.7805    27.7795    6.30163    6.28837         27 0.0000e+00
      41039   1709.924   1375.000     3.4960   3.263938     3.4958   3.263807      95.59     0.0148     2.4659     2.1793  34.758667  3.4884005   52.93946  -51.21539    34.9155    34.9141     3.3925     3.3923    27.7805    27.7794    6.30025    6.28192         23 0.0000e+00
      41061   1710.842   1376.000     3.4958   3.263960     3.4953   3.263806      94.40     0.0159     2.4659     2.1789  34.757263  3.4884005   52.93946  -51.21538    34.9155    34.9142     3.3921     3.3917    27.7806    27.7795    6.30240    6.27911         22 0.0000e+00
      41084   1711.786   1377.000     3.4960   3.264026     3.4954   3.263856      49.10     0.0164     2.4651     2.1783  34.759995  3.4884005   52.93946  -51.21538    34.9156    34.9142     3.3923     3.3916    27.7806    27.7795    6.29430    6.27941         24 0.0000e+00
      41114   1713.022   1378.000     3.4962   3.264075     3.4959   3.263928      90.30     0.0157     2.4645     2.1780  34.763325  3.4884005   52.93946  -51.21538    34.9155    34.9140     3.3924     3.3921    27.7805    27.7794    6.29384    6.28254         37 0.0000e+00
      41155   1714.758   1379.000     3.4961   3.264107     3.4951   3.263898      78.13     0.0176     2.4634     2.1775  34.773735  3.4884005   52.93944  -51.21539    34.9154    34.9140     3.3922     3.3912    27.7804    27.7794    6.30070    6.28240         39 0.0000e+00
      41184   1715.954   1380.000     3.4962   3.264169     3.4956   3.264002      97.89     0.0199     2.4638     2.1775  34.768036  3.4884005   52.93944  -51.21539    34.9156    34.9142     3.3922     3.3916    27.7806    27.7795    6.30548    6.28946         21 0.0000e+00
      41203   1716.735   1381.000     3.4957   3.264177     3.4955   3.264043      98.68     0.0187     2.4638     2.1778  34.764366  3.4884005   52.93944  -51.21538    34.9157    34.9143     3.3917     3.3969    27.7807    27.7796    6.29558    6.28470         17 0.0000e+00
      41218   1717.384   1382.000     3.4955   3.264207     3.4949   3.264029      98.63     0.0221     2.4628     2.1774  34.770775  3.4884005   52.93944  -51.21538    34.9157    34.9142     3.3914     3.3907    27.7808    27.7796    6.29067    6.28427         15 0.0000e+00
      41232   1717.973   1383.000     3.4924   3.263970     3.4922   3.263813      61.33     0.0234     2.4633     2.1776  34.768211  3.4884005   52.93944  -51.21538    34.9157    34.9141     3.3882     3.3880    27.7811    27.7798    6.30127    6.28841         14 0.0000e+00
      41246   1718.547   1384.000     3.4882   3.263638     3.4874   3.263427      78.11     0.0225     2.4627     2.1774  34.766148  3.4884005   52.93944  -51.21538    34.9157    34.9140     3.3839     3.3832    27.7815    27.7802    6.30191    6.29134         14 0.0000e+00
      41261   1719.170   1385.000     3.4866   3.263532     3.4862   3.263367      28.81     0.0207     2.4628     2.1774  34.769142  3.4884005   52.93944  -51.21538    34.9156    34.9141     3.3823     3.3818    27.7816    27.7804    6.30163    6.29495         16 0.0000e+00
      41288   1720.299   1386.000     3.4871   3.263605     3.4853   3.263336      81.05     0.0188     2.4623     2.1778  34.784634  3.4875679   52.93944  -51.21538    34.9155    34.9141     3.3827     3.3810    27.7815    27.7805    6.30157    6.29342         32 0.0000e+00
      41368   1723.626   1387.000     3.4859   3.263556     3.4877   3.263563      94.26     0.0170     2.4611     2.1774  34.776363  3.4846821   52.93944  -51.21534    34.9157    34.9139     3.3814     3.3832    27.7817    27.7801    6.29758    6.28537         16 0.0000e+00
      41381   1724.151   1388.000     3.4832   3.263365     3.4834   3.263247      46.09     0.0146     2.4626     2.1767  34.767937  3.4876111   52.93944  -51.21536    34.9157    34.9142     3.3787     3.3788    27.7820    27.7808    6.30799    6.28386         12 0.0000e+00
      41393   1724.668   1389.000     3.4824   3.263336     3.4823   3.263210      88.40     0.0137     2.4618     2.1769  34.772060  3.4868960   52.93944  -51.21536    34.9157    34.9144     3.3778     3.3777    27.7821    27.7810    6.30241    6.28685         13 0.0000e+00
      41405   1725.168   1390.000     3.4837   3.263487     3.4829   3.263313      98.25     0.0149     2.4615     2.1763  34.769337  3.4852092   52.93944  -51.21536    34.9157    34.9144     3.3790     3.3782    27.7820    27.7810    6.30590    6.28525         12 0.0000e+00
      41418   1725.688   1391.000     3.4828   3.263458     3.4824   3.263296      98.63     0.0189     2.4618     2.1766  34.780598  3.4810553   52.93944  -51.21536    34.9157    34.9142     3.3781     3.3836    27.7820    27.7809    6.30880    6.28811         13 0.0000e+00
      41432   1726.304   1392.000     3.4800   3.263240     3.4794   3.263065      98.63     0.0188     2.4619     2.1761  34.775951  3.4820235   52.93944  -51.21536    34.9157    34.9142     3.3751     3.3749    27.7823    27.7812    6.30231    6.28969         17 0.0000e+00
