data/CTD/2014/CNV/d017a059.cnv
* Sea-Bird SBE 9 Data File:
* FileName = C:\CTD_ACQUISITION\2014017HUD\ctddata\017A059.hdr
* Software Version Seasave V 7.22.2
* Temperature SN = 5081
* Conductivity SN = 3561
* Number of Bytes Per Scan = 37
* Number of Voltage Words = 4
* Number of Scans Averaged by the Deck Unit = 1
* NMEA Latitude = 43 27.28 N
* NMEA Longitude = 059 59.20 W
* NMEA UTC (Time) = Jul 13 2014 21:54:45
* NMEA baud rate = 9600
** Ship: Hudson
** Cruise: HUD2014017
** Chief_Scientist: Blair Greenan
** Organization: BIO
** Area_of_Operation: Sackville Spur
** Station: 059
** Sounding:  1260
** Event_Comments: LC3, 0
** Microcat calibration cast.
# nquan = 25
# nvalues = 253                         
# units = specified
# name 0 = scan: Scan Count
# name 1 = timeS: Time, Elapsed [seconds]
# name 2 = prDM: Pressure, Digiquartz [db]
# name 3 = t068C: Temperature [ITS-68, deg C]
# name 4 = c0S/m: Conductivity [S/m]
# name 5 = t168C: Temperature, 2 [ITS-68, deg C]
# name 6 = c1S/m: Conductivity, 2 [S/m]
# name 7 = altM: Altimeter [m]
# name 8 = flC: Fluorescence, Chelsea Aqua 3 Chl Con [ug/l]
# name 9 = sbeox0V: Oxygen raw, SBE 43 [V]
# name 10 = sbeox1V: Oxygen raw, SBE 43, 2 [V]
# name 11 = upoly0: Upoly 0, Optode 4330F - O2 D-Phase
# name 12 = upoly1: Upoly 1, Optode 4330F - O2 Temp
# name 13 = latitude: Latitude [deg]
# name 14 = longitude: Longitude [deg]
# name 15 = sal00: Salinity, Practical [PSU]
# name 16 = sal11: Salinity, Practical, 2 [PSU]
# name 17 = potemp068C: Potential Temperature [ITS-68, deg C]
# name 18 = potemp168C: Potential Temperature, 2 [ITS-68, deg C]
# name 19 = sigma-é00: Density [sigma-theta, Kg/m^3]
# name 20 = sigma-é11: Density, 2 [sigma-theta, Kg/m^3]
# name 21 = sbeox0ML/L: Oxygen, SBE 43 [ml/l], WS = 2
# name 22 = sbeox1ML/L: Oxygen, SBE 43, 2 [ml/l], WS = 2
# name 23 = nbin: number of scans per bin
# name 24 = flag: flag
# span 0 =       9195,      17179       
# span 1 =    383.069,    715.758       
# span 2 =      1.000,    253.000       
# span 3 =     3.7274,    16.0199       
# span 4 =   3.029516,   4.017557       
# span 5 =     3.7236,    16.0138       
# span 6 =   3.028044,   4.017413       
# span 7 =      35.84,     100.21       
# span 8 =     0.0085,     0.3433       
# span 9 =     1.9259,     3.5271       
# span 10 =     1.6665,     3.0330      
# span 11 =  28.329720,  39.502422      
# span 12 =  4.3968725,  15.999953      
# span 13 =   43.45538,   43.45596      
# span 14 =  -59.98837,  -59.98776      
# span 15 =    31.5899,    35.3602      
# span 16 =    31.5803,    35.3587      
# span 17 =     3.7242,    16.0195      
# span 18 =     3.7206,    16.0133      
# span 19 =    23.1227,    27.1280      
# span 20 =    23.1167,    27.1269      
# span 21 =    3.35883,    7.40619      
# span 22 =    3.16231,    7.22105      
# span 23 =          5,        137      
# span 24 = 0.0000e+00, 0.0000e+00      
# interval = decibars: 1                
# start_time = Jul 13 2014 21:54:45 [NMEA time, header]
# bad_flag = -9.990e-29
*END*
       9195    383.069      1.000    15.9165   3.998792    15.9355   3.999913      98.63     0.0947     3.4904     3.0330  28.335634  15.834132   43.45538  -59.98776    31.6005    31.5953    15.9164    15.9353    23.1539    23.1456    6.28112    6.10525          5 0.0000e+00
       9221    384.148      2.000    16.0061   4.006040    15.9776   4.004226      98.63     0.0954     3.4913     3.0294  28.335398  15.836490   43.45542  -59.98776    31.5925    31.5993    16.0058    15.9773    23.1278    23.1394    6.27651    6.07260         23 0.0000e+00
       9244    385.137      3.000    16.0199   4.007025    16.0138   4.005377      86.81     0.0940     3.4888     3.0267  28.329720  15.881364   43.45542  -59.98776    31.5899    31.5803    16.0195    16.0133    23.1227    23.1167    6.26175    6.06724         26 0.0000e+00
       9270    386.216      4.000    15.7217   3.983698    15.7212   3.982674      98.71     0.0940     3.4852     3.0251  28.332621  15.894249   43.45542  -59.98776    31.6218    31.6132    15.7211    15.7206    23.2134    23.2068    6.30326    6.09908         25 0.0000e+00
       9295    387.238      5.000    15.6614   3.978621    15.6364   3.976766      98.63     0.0936     3.4892     3.0226  28.358662  15.999953   43.45542  -59.98776    31.6248    31.6284    15.6607    15.6356    23.2289    23.2372    6.33860    6.10535         25 0.0000e+00
       9319    388.232      6.000    15.6718   3.979672    15.6606   3.977560      84.91     0.0968     3.4944     3.0238  28.367735  15.979527   43.45542  -59.98776    31.6254    31.6189    15.6709    15.6597    23.2272    23.2246    6.34895    6.11735         23 0.0000e+00
       9343    389.233      7.000    15.5410   3.969555    15.4148   3.958794      98.69     0.0984     3.4990     3.0237  28.436769  15.785177   43.45542  -59.98776    31.6402    31.6459    15.5400    15.4138    23.2672    23.2991    6.36230    6.11965         24 0.0000e+00
       9366    390.206      8.000    15.3350   3.954992    15.3372   3.954618      98.63     0.0977     3.4980     3.0208  28.441778  15.782510   43.45542  -59.98776    31.6759    31.6708    15.3338    15.3360    23.3396    23.3352    6.35747    6.13166         23 0.0000e+00
       9388    391.110      9.000    15.2012   3.946415    15.2052   3.945466      83.08     0.1025     3.4923     3.0175  28.465336  15.726319   43.45542  -59.98776    31.7069    31.6952    15.1999    15.2039    23.3924    23.3825    6.34049    6.12896         21 0.0000e+00
       9409    391.980     10.000    14.9020   3.921158    14.9074   3.919871      98.64     0.1093     3.4835     3.0109  28.466667  15.727229   43.45542  -59.98776    31.7223    31.7063    14.9005    14.9059    23.4683    23.4548    6.34666    6.14678         20 0.0000e+00
       9429    392.846     11.000    14.6959   3.902930    14.6973   3.902071      98.63     0.1107     3.4752     3.0076  28.493315  15.528605   43.45542  -59.98776    31.7250    31.7161    14.6943    14.6957    23.5141    23.5070    6.38908    6.19613         21 0.0000e+00
       9451    393.750     12.000    14.6050   3.895384    14.6047   3.895042      88.15     0.1011     3.4794     3.0118  28.499760  15.458482   43.45542  -59.98777    31.7305    31.7276    14.6033    14.6030    23.5375    23.5354    6.45627    6.24401         23 0.0000e+00
       9475    394.751     13.000    14.5814   3.893736    14.5811   3.893454      94.60     0.0938     3.4897     3.0181  28.578869  15.354841   43.45542  -59.98778    31.7344    31.7321    14.5795    14.5793    23.5455    23.5438    6.49292    6.26071         26 0.0000e+00
       9502    395.869     14.000    14.5579   3.892033    14.5579   3.891727      98.61     0.0945     3.4997     3.0244  28.622498  15.288842   43.45542  -59.98778    31.7378    31.7350    14.5559    14.5559    23.5530    23.5510    6.49496    6.28147         27 0.0000e+00
       9528    396.978     15.000    14.4728   3.885025    14.4727   3.884269      84.17     0.0927     3.5000     3.0289  28.640013  14.965195   43.45542  -59.98778    31.7433    31.7365    14.4707    14.4706    23.5751    23.5699    6.46085    6.27709         25 0.0000e+00
       9553    397.999     16.000    14.2812   3.868812    14.2825   3.868028      98.96     0.0911     3.4918     3.0261  28.646027  14.897289   43.45542  -59.98778    31.7522    31.7439    14.2790    14.2802    23.6218    23.6152    6.45803    6.28291         24 0.0000e+00
       9575    398.900     17.000    13.9799   3.844541    13.9809   3.843182      98.63     0.0944     3.4876     3.0226  28.687363  14.821884   43.45543  -59.98778    31.7773    31.7641    13.9776    13.9785    23.7031    23.6927    6.47678    6.28085         20 0.0000e+00
       9595    399.731     18.000    13.7880   3.830392    13.7903   3.830073      88.20     0.0982     3.4769     3.0103  28.695995  14.806061   43.45544  -59.98778    31.8053    31.8004    13.7855    13.7878    23.7638    23.7596    6.46202    6.26527         20 0.0000e+00
       9616    400.624     19.000    13.7479   3.827873    13.7488   3.827590      92.02     0.1028     3.4710     3.0046  28.763887  14.630713   43.45544  -59.98778    31.8148    31.8114    13.7453    13.7462    23.7793    23.7765    6.51017    6.29864         24 0.0000e+00
       9644    401.794     20.000    13.7223   3.826656    13.7214   3.826362      98.31     0.1028     3.4767     3.0027  28.823944  14.466200   43.45544  -59.98778    31.8244    31.8224    13.7196    13.7187    23.7919    23.7906    6.52281    6.27414         34 0.0000e+00
       9686    403.537     21.000    13.5870   3.817930    13.5812   3.816772      89.80     0.1030     3.4663     2.9839  28.827179  14.144554   43.45544  -59.98779    31.8557    31.8497    13.5841    13.5783    23.8432    23.8398    6.51459    6.25778         44 0.0000e+00
       9722    405.025     22.000    13.2478   3.792771    13.2426   3.791692      98.89     0.1008     3.4836     2.9895  28.839184  14.112281   43.45544  -59.98779    31.9041    31.8984    13.2449    13.2396    23.9482    23.9448    6.71420    6.38708         28 0.0000e+00
       9746    406.021     23.000    12.9069   3.765668    12.8836   3.761274      80.99     0.1064     3.5096     3.0012  28.842493  14.106223   43.45544  -59.98778    31.9357    31.9137    12.9038    12.8806    24.0391    24.0266    6.81535    6.48330         22 0.0000e+00
       9766    406.892     24.000    12.3466   3.722235    12.3364   3.720365      98.63     0.1136     3.5271     3.0139  28.906652  13.875339   43.45544  -59.98779    31.9980    31.9889    12.3435    12.3333    24.1948    24.1897    6.86923    6.53987         20 0.0000e+00
       9787    407.769     25.000    12.1985   3.711410    12.2103   3.711215      98.63     0.1270     3.5240     3.0012  28.920492  13.824266   43.45544  -59.98780    32.0204    32.0085    12.1954    12.2071    24.2400    24.2286    6.66056    6.33542         23 0.0000e+00
       9815    408.903     26.000    11.6506   3.672999    11.6974   3.674527      87.68     0.1412     3.4718     2.9564  29.061728  13.318082   43.45544  -59.98780    32.1204    32.0947    11.6474    11.6942    24.4182    24.3898    6.62907    6.31049         34 0.0000e+00
       9864    410.972     27.000    10.4227   3.570445    10.4671   3.573080      94.91     0.1647     3.4689     2.9177  29.227558  12.791513   43.45544  -59.98780    32.1821    32.1692    10.4196    10.4640    24.6824    24.6647    6.95231    6.44277         59 0.0000e+00
       9908    412.791     28.000     9.9480   3.533354     9.9262   3.530420      92.27     0.1785     3.4537     2.8885  29.429617  12.178366   43.45546  -59.98780    32.2298    32.2195     9.9449     9.9231    24.7990    24.7946    6.82685    6.42897         28 0.0000e+00
       9930    413.724     29.000     9.8201   3.525008     9.8191   3.523888      98.60     0.2045     3.4295     2.8753  29.515959  11.900338   43.45546  -59.98780    32.2589    32.2488     9.8170     9.8161    24.8427    24.8351    6.78329    6.44573         20 0.0000e+00
       9950    414.527     30.000     8.9766   3.453020     9.0082   3.443717      94.54     0.2197     3.4118     2.8692  29.505819  11.621960   43.45546  -59.98780    32.2781    32.1527     8.9735     9.0051    24.9898    24.8870    6.87242    6.57984         18 0.0000e+00
       9967    415.268     31.000     7.2585   3.305999     7.2998   3.301553      80.84     0.2254     3.3962     2.8649  29.487764  11.134083   43.45546  -59.98780    32.3017    32.2152     7.2557     7.2970    25.2585    25.1849    7.08677    6.82627         19 0.0000e+00
       9989    416.168     32.000     6.5829   3.250648     6.5937   3.247608      97.83     0.2485     3.3764     2.8549  29.563374  10.996620   43.45546  -59.98780    32.3319    32.2882     6.5802     6.5909    25.3722    25.3364    7.15492    6.90095         25 0.0000e+00
      10020    417.450     33.000     5.9966   3.205499     5.9978   3.203748      90.87     0.2918     3.3541     2.8472  30.205524  9.7860994   43.45546  -59.98782    32.3876    32.3669     5.9939     5.9951    25.4897    25.4732    7.22743    7.01681         35 0.0000e+00
      10054    418.879     34.000     5.7310   3.184669     5.7292   3.182833      93.65     0.3384     3.3320     2.8398  30.367100  8.5891314   43.45546  -59.98782    32.4078    32.3889     5.7284     5.7265    25.5375    25.5228    7.20675    7.02722         31 0.0000e+00
      10080    419.968     35.000     5.4128   3.158508     5.4145   3.157012      98.68     0.3433     3.3130     2.8329  30.438295  8.0249920   43.45546  -59.98782    32.4180    32.3994     5.4101     5.4118    25.5827    25.5678    7.20560    7.06797         23 0.0000e+00
      10101    420.831     36.000     5.3384   3.152528     5.3389   3.151738      82.36     0.3055     3.2987     2.8283  30.609518  7.6090755   43.45546  -59.98782    32.4215    32.4120     5.3357     5.3362    25.5940    25.5864    7.17669    7.06006         19 0.0000e+00
      10120    421.615     37.000     5.3049   3.149941     5.3067   3.148958      91.52     0.2581     3.2836     2.8219  30.658737  7.4753895   43.45546  -59.98782    32.4239    32.4110     5.3022     5.3039    25.5997    25.5893    7.14268    7.04657         19 0.0000e+00
      10139    422.410     38.000     5.1478   3.136736     5.1532   3.135407      98.57     0.2262     3.2709     2.8180  30.699104  7.3039870   43.45546  -59.98782    32.4250    32.4046     5.1450     5.1504    25.6183    25.6015    7.19688    7.09873         19 0.0000e+00
      10160    423.295     39.000     4.9778   3.124302     4.9807   3.123354      97.84     0.2014     3.2667     2.8182  30.816339  6.7461843   43.45548  -59.98782    32.4473    32.4336     4.9750     4.9779    25.6547    25.6435    7.33553    7.19038         24 0.0000e+00
      10186    424.393     40.000     4.9004   3.120160     4.9007   3.119500      83.91     0.1843     3.2769     2.8253  30.874874  6.5804539   43.45548  -59.98782    32.4747    32.4667     4.8975     4.8978    25.6849    25.6786    7.40619    7.22105         29 0.0000e+00
      10219    425.736     41.000     4.8937   3.121304     4.8931   3.121178      98.95     0.1670     3.2768     2.8239  30.998873  6.2459073   43.45548  -59.98783    32.4941    32.4887     4.8905     4.8902    25.7011    25.6968    7.31572    7.14738         33 0.0000e+00
      10249    427.012     42.000     4.8799   3.124040     4.8799   3.123730      81.52     0.1573     3.2669     2.8135  31.129456  6.0605841   43.45548  -59.98784    32.5383    32.5349     4.8769     4.8769    25.7376    25.7349    7.21633    7.05918         28 0.0000e+00
      10274    428.037     43.000     4.6980   3.109326     4.7007   3.107234      98.89     0.1487     3.2520     2.8024  31.157988  6.0175972   43.45548  -59.98784    32.5461    32.5192     4.6949     4.6977    25.7633    25.7416    7.20000    7.07744         22 0.0000e+00
      10295    428.926     44.000     4.3547   3.078795     4.3566   3.076826      98.63     0.1449     3.2403     2.7960  31.244265  5.9115744   43.45548  -59.98784    32.5284    32.5034     4.3517     4.3537    25.7852    25.7651    7.24611    7.13790         21 0.0000e+00
      10316    429.791     45.000     4.1123   3.057924     4.1137   3.057031      82.74     0.1422     3.2306     2.7899  31.260065  5.8913398   43.45548  -59.98784    32.5229    32.5110     4.1094     4.1108    25.8053    25.7957    7.26304    7.17336         21 0.0000e+00
      10337    430.671     46.000     4.1930   3.067301     4.1875   3.067109      91.90     0.1312     3.2194     2.7853  31.394783  5.6463242   43.45548  -59.98784    32.5526    32.5558     4.1899     4.1844    25.8208    25.8240    7.20732    7.14135         22 0.0000e+00
      10360    431.645     47.000     4.0905   3.059835     4.0945   3.058370      98.49     0.1360     3.2060     2.7778  31.493494  5.4544582   43.45548  -59.98784    32.5659    32.5447     4.0875     4.0914    25.8416    25.8243    7.18476    7.13316         25 0.0000e+00
      10388    432.789     48.000     3.9258   3.046350     3.9260   3.045665      82.67     0.1162     3.1920     2.7722  31.522745  5.1912565   43.45548  -59.98784    32.5701    32.5618     3.9227     3.9229    25.8612    25.8546    7.20280    7.16867         30 0.0000e+00
      10419    434.087     49.000     3.7278   3.029516     3.7236   3.028044      98.38     0.1056     3.1771     2.7647  31.558140  5.0157175   43.45548  -59.98784    32.5662    32.5541     3.7260     3.7206    25.8770    25.8679    7.18136    7.15861         32 0.0000e+00
      10450    435.376     50.000     3.7274   3.030879     3.7266   3.030573      93.31     0.1051     3.1600     2.7549  31.700773  4.7775655   43.45548  -59.98784    32.5836    32.5807     3.7242     3.7234    25.8910    25.8888    7.13064    7.11638         29 0.0000e+00
      10477    436.487     51.000     3.7693   3.036214     3.7684   3.036016      84.08     0.1131     3.1459     2.7453  31.754337  4.6843386   43.45548  -59.98784    32.6046    32.6031     3.7660     3.7652    25.9037    25.9026    7.09675    7.07187         24 0.0000e+00
      10500    437.453     52.000     3.8251   3.042978     3.8255   3.043089      98.86     0.1137     3.1347     2.7370  31.847599  4.5113616   43.45550  -59.98786    32.6267    32.6294     3.8218     3.8222    25.9160    25.9181    7.05407    7.04017         22 0.0000e+00
      10522    438.377     53.000     3.8894   3.049863     3.8888   3.049667      96.20     0.1074     3.1235     2.7299  31.868494  4.4889340   43.45550  -59.98786    32.6454    32.6436     3.8860     3.8854    25.9247    25.9233    7.02607    7.01822         23 0.0000e+00
      10544    439.311     54.000     3.9772   3.059051     3.9755   3.059341      77.89     0.0952     3.1146     2.7240  31.933268  4.4067626   43.45550  -59.98786    32.6658    32.6724     3.9737     3.9720    25.9323    25.9377    6.98697    6.97337         22 0.0000e+00
      10568    440.297     55.000     4.0646   3.068384     4.0631   3.068284      98.75     0.0900     3.1027     2.7145  31.945862  4.4050212   43.45550  -59.98786    32.6883    32.6886     4.0610     4.0595    25.9416    25.9420    6.90999    6.89784         25 0.0000e+00
      10593    441.348     56.000     4.0932   3.071748     4.0922   3.071542      95.09     0.0845     3.0868     2.7023  31.995205  4.3968725   43.45550  -59.98786    32.6991    32.6977     4.0893     4.0886    25.9474    25.9463    6.86898    6.86151         26 0.0000e+00
      10619    442.421     57.000     4.1127   3.074349     4.1121   3.074280      82.23     0.0891     3.0758     2.6939  32.021584  4.4157000   43.45550  -59.98786    32.7096    32.7093     4.1089     4.1084    25.9537    25.9536    6.87311    6.86816         26 0.0000e+00
