data/CTD/2014/CNV/d017a060.cnv
* Sea-Bird SBE 9 Data File:
* FileName = C:\CTD_ACQUISITION\2014017HUD\ctddata\017A060.hdr
* Software Version Seasave V 7.23.1
* Temperature SN = 5081
* Conductivity SN = 3561
* Number of Bytes Per Scan = 37
* Number of Voltage Words = 4
* Number of Scans Averaged by the Deck Unit = 1
* NMEA Latitude = 43 28.22 N
* NMEA Longitude = 059 59.72 W
* NMEA UTC (Time) = Jul 13 2014 23:31:59
* NMEA baud rate = 9600
** Ship: Hudson
** Cruise: HUD2014017
** Chief_Scientist: Blair Greenan
** Organization: BIO
** Area_of_Operation: Sackville Spur
** Station: 060
** Sounding:  998
** Event_Comments: LC3 0
** Test of Windows 7
# nquan = 25
# nvalues = 252                         
# units = specified
# name 0 = scan: Scan Count
# name 1 = timeS: Time, Elapsed [seconds]
# name 2 = prDM: Pressure, Digiquartz [db]
# name 3 = t068C: Temperature [ITS-68, deg C]
# name 4 = c0S/m: Conductivity [S/m]
# name 5 = t168C: Temperature, 2 [ITS-68, deg C]
# name 6 = c1S/m: Conductivity, 2 [S/m]
# name 7 = altM: Altimeter [m]
# name 8 = flC: Fluorescence, Chelsea Aqua 3 Chl Con [ug/l]
# name 9 = sbeox0V: Oxygen raw, SBE 43 [V]
# name 10 = sbeox1V: Oxygen raw, SBE 43, 2 [V]
# name 11 = upoly0: Upoly 0, Optode 4330F - O2 D-Phase
# name 12 = upoly1: Upoly 1, Optode 4330F - O2 Temp
# name 13 = latitude: Latitude [deg]
# name 14 = longitude: Longitude [deg]
# name 15 = sal00: Salinity, Practical [PSU]
# name 16 = sal11: Salinity, Practical, 2 [PSU]
# name 17 = potemp068C: Potential Temperature [ITS-68, deg C]
# name 18 = potemp168C: Potential Temperature, 2 [ITS-68, deg C]
# name 19 = sigma-é00: Density [sigma-theta, Kg/m^3]
# name 20 = sigma-é11: Density, 2 [sigma-theta, Kg/m^3]
# name 21 = sbeox0ML/L: Oxygen, SBE 43 [ml/l], WS = 2
# name 22 = sbeox1ML/L: Oxygen, SBE 43, 2 [ml/l], WS = 2
# name 23 = nbin: number of scans per bin
# name 24 = flag: flag
# span 0 =      15342,      22858       
# span 1 =    639.213,    952.383       
# span 2 =      2.000,    253.000       
# span 3 =     3.7392,    16.1579       
# span 4 =   3.033566,   4.017626       
# span 5 =     3.7369,    16.1680       
# span 6 =   3.033010,   4.018028       
# span 7 =      16.07,     100.54       
# span 8 =     0.0123,     0.2997       
# span 9 =     1.9128,     3.5462       
# span 10 =     1.6580,     3.0539      
# span 11 =  28.400032,  39.811699      
# span 12 =  4.2493348,  15.853229      
# span 13 =   43.47282,   43.47385      
# span 14 =  -59.99706,  -59.99652      
# span 15 =    31.5732,    35.3321      
# span 16 =    31.5688,    35.3303      
# span 17 =     3.7354,    16.1574      
# span 18 =     3.7331,    16.1675      
# span 19 =    23.0791,    27.1995      
# span 20 =    23.0735,    27.1979      
# span 21 =    3.35554,    7.38676      
# span 22 =    3.17042,    7.26852      
# span 23 =         14,        179      
# span 24 = 0.0000e+00, 0.0000e+00      
# interval = decibars: 1                
# start_time = Jul 13 2014 23:31:59 [NMEA time, header]
# bad_flag = -9.990e-29
*END*
[from data line 116]
      18101    754.167    118.000     7.9976   3.543441     7.9961   3.543489      98.63     0.0351     2.7742     2.4398  33.262794  7.5683656   43.47324  -59.99684    34.1129    34.1149     7.9859     7.9844    26.5795    26.5813    5.57647    5.52132         35 0.0000e+00
      18132    755.477    119.000     8.0594   3.550962     8.0577   3.551046      98.63     0.0343     2.7718     2.4383  33.276825  7.6243186   43.47324  -59.99684    34.1327    34.1353     8.0475     8.0458    26.5859    26.5882    5.57166    5.52286         27 0.0000e+00
      18156    756.469    120.000     8.1031   3.556265     8.1003   3.556245      98.63     0.0355     2.7722     2.4389  33.309616  7.7189732   43.47324  -59.99684    34.1464    34.1489     8.0911     8.0883    26.5901    26.5925    5.59053    5.53942         21 0.0000e+00
      18176    757.296    121.000     8.1440   3.561157     8.1434   3.561348      98.63     0.0368     2.7756     2.4426  33.303616  7.7179489   43.47324  -59.99684    34.1583    34.1610     8.1318     8.1312    26.5934    26.5956    5.60562    5.55073         19 0.0000e+00
      18195    758.084    122.000     8.1650   3.563621     8.1646   3.563705      98.63     0.0345     2.7786     2.4444  33.328358  7.7977471   43.47326  -59.99684    34.1636    34.1650     8.1527     8.1523    26.5945    26.5956    5.60015    5.53894         19 0.0000e+00
      18216    758.959    123.000     8.1750   3.564824     8.1738   3.564728      98.63     0.0307     2.7798     2.4454  33.332626  7.8343272   43.47326  -59.99684    34.1663    34.1665     8.1626     8.1614    26.5950    26.5954    5.60701    5.56161         24 0.0000e+00
      18243    760.098    124.000     8.1894   3.566561     8.1884   3.566517      98.63     0.0331     2.7873     2.4540  33.352470  7.9151587   43.47326  -59.99684    34.1703    34.1708     8.1768     8.1759    26.5961    26.5966    5.65835    5.59921         31 0.0000e+00
      18276    761.472    125.000     8.1982   3.567665     8.1989   3.567773      98.63     0.0326     2.7943     2.4571  33.369949  7.9671097   43.47326  -59.99686    34.1730    34.1735     8.1856     8.1862    26.5969    26.5972    5.61393    5.54663         32 0.0000e+00
      18303    762.580    126.000     8.2357   3.572446     8.2334   3.572459      98.63     0.0301     2.7893     2.4515  33.390263  7.9918499   43.47327  -59.99686    34.1870    34.1894     8.2229     8.2206    26.6023    26.6045    5.56020    5.50069         22 0.0000e+00
      18323    763.424    127.000     8.3324   3.584111     8.3242   3.584114      98.63     0.0290     2.7839     2.4468  33.390793  7.9914532   43.47328  -59.99686    34.2165    34.2245     8.3194     8.3113    26.6108    26.6183    5.53172    5.48008         19 0.0000e+00
      18342    764.190    128.000     8.4903   3.602516     8.4790   3.602255      98.63     0.0304     2.7794     2.4437  33.391129  8.0295391   43.47328  -59.99686    34.2578    34.2660     8.4771     8.4658    26.6191    26.6273    5.50893    5.45485         18 0.0000e+00
      18361    764.996    129.000     8.5957   3.614600     8.5972   3.615297      98.63     0.0267     2.7756     2.4401  33.391590  8.0328350   43.47328  -59.99686    34.2828    34.2887     8.5823     8.5837    26.6225    26.6269    5.48201    5.42651         21 0.0000e+00
      18385    765.995    130.000     8.7655   3.635055     8.7601   3.636088      98.63     0.0282     2.7685     2.4346  33.357769  8.1597691   43.47328  -59.99686    34.3330    34.3491     8.7518     8.7464    26.6353    26.6487    5.42548    5.37153         28 0.0000e+00
      18417    767.335    131.000     9.2744   3.696413     9.2792   3.698181      98.63     0.0258     2.7545     2.4215  33.325043  8.2728338   43.47328  -59.99688    34.4820    34.4958     9.2600     9.2648    26.6709    26.6809    5.30239    5.23900         34 0.0000e+00
      18448    768.621    132.000     9.4571   3.718583     9.4661   3.720124      98.63     0.0214     2.7367     2.4066  33.214233  8.4961739   43.47329  -59.99688    34.5353    34.5426     9.4424     9.4514    26.6829    26.6871    5.23450    5.18528         27 0.0000e+00
      18470    769.559    133.000     9.6085   3.737374     9.6091   3.738535      98.63     0.0203     2.7255     2.3980  33.212471  8.5173702   43.47330  -59.99688    34.5830    34.5944     9.5936     9.5942    26.6951    26.7039    5.20108    5.14422         20 0.0000e+00
      18489    770.334    134.000     9.7278   3.752039     9.7265   3.752585      98.63     0.0227     2.7167     2.3902  33.156193  8.9535074   43.47330  -59.99688    34.6188    34.6257     9.7127     9.7114    26.7033    26.7088    5.17971    5.11571         17 0.0000e+00
      18507    771.080    135.000     9.9129   3.775635     9.9049   3.776472      98.63     0.0247     2.7106     2.3848  33.158657  8.9497623   43.47330  -59.99688    34.6825    34.6988     9.8975     9.8894    26.7218    26.7359    5.16582    5.09726         19 0.0000e+00
      18527    771.910    136.000    10.1268   3.802088    10.1226   3.803096      98.63     0.0259     2.7074     2.3819  33.143368  9.1249266   43.47330  -59.99688    34.7469    34.7612    10.1110    10.1068    26.7357    26.7476    5.17492    5.09698         22 0.0000e+00
      18554    773.037    137.000    10.3889   3.834801    10.3869   3.835499      98.63     0.0283     2.7118     2.3842  33.127308  9.2946558   43.47330  -59.99688    34.8275    34.8366    10.3727    10.3707    26.7532    26.7606    5.16251    5.07529         33 0.0000e+00
      18591    774.579    138.000    10.5529   3.855969    10.5546   3.856540      98.63     0.0244     2.7099     2.3812  33.024113  9.6824961   43.47332  -59.99689    34.8842    34.8884    10.5364    10.5380    26.7688    26.7717    5.11311    5.02620         36 0.0000e+00
      18620    775.794    139.000    10.7004   3.874372    10.6978   3.874596      98.63     0.0199     2.7057     2.3769  33.046337  9.8018799   43.47332  -59.99690    34.9282    34.9329    10.6836    10.6810    26.7769    26.7811    5.08545    4.99420         23 0.0000e+00
      18640    776.606    140.000    10.7162   3.877090    10.7146   3.876938      98.63     0.0215     2.7042     2.3743  33.100822  9.9893141   43.47332  -59.99690    34.9399    34.9400    10.6993    10.6976    26.7833    26.7837    5.08631    4.99128         17 0.0000e+00
      18656    777.275    141.000    10.7699   3.884562    10.7645   3.884519      98.63     0.0234     2.7021     2.3726  33.098900  9.9841270   43.47332  -59.99690    34.9632    34.9679    10.7528    10.7474    26.7919    26.7966    5.07407    4.98739         16 0.0000e+00
      18671    777.918    142.000    10.8911   3.899969    10.8818   3.900653      98.63     0.0224     2.7010     2.3721  33.111141  10.121209   43.47334  -59.99690    35.0015    35.0173    10.8738    10.8644    26.8000    26.8140    5.06222    4.97699         15 0.0000e+00
      18688    778.609    143.000    11.0837   3.923680    11.0585   3.922410      98.63     0.0255     2.7000     2.3718  33.128323  10.268950   43.47334  -59.99690    35.0543    35.0657    11.0660    11.0408    26.8063    26.8198    5.04307    4.94950         18 0.0000e+00
      18710    779.526    144.000    11.4692   3.971290    11.4650   3.972718      98.63     0.0253     2.6992     2.3693  33.120659  10.318072   43.47334  -59.99690    35.1595    35.1776    11.4510    11.4468    26.8173    26.8321    5.00132    4.89302         28 0.0000e+00
      18745    781.017    145.000    11.6128   3.988740    11.6328   3.991502      98.63     0.0227     2.6986     2.3663  33.087982  10.549287   43.47334  -59.99690    35.1950    35.2033    11.5943    11.6142    26.8181    26.8208    4.98937    4.87104         41 0.0000e+00
      18779    782.411    146.000    11.6797   3.997095    11.6728   3.996289      98.63     0.0242     2.6980     2.3626  33.047764  10.980122   43.47334  -59.99692    35.2133    35.2145    11.6610    11.6541    26.8199    26.8221    4.96912    4.84172         25 0.0000e+00
      18800    783.285    147.000    11.6770   3.996702    11.6768   3.996287      98.63     0.0220     2.6945     2.3574  33.047600  11.001600   43.47336  -59.99692    35.2116    35.2111    11.6581    11.6580    26.8191    26.8187    4.93959    4.81572         18 0.0000e+00
      18817    784.000    148.000    11.6278   3.990554    11.6308   3.990845      98.63     0.0196     2.6888     2.3524  33.045033  11.095352   43.47336  -59.99692    35.1994    35.1973    11.6088    11.6119    26.8188    26.8166    4.92090    4.80668         17 0.0000e+00
      18834    784.689    149.000    11.6125   3.988938    11.6119   3.988851      98.63     0.0191     2.6828     2.3476  33.037491  11.154613   43.47336  -59.99692    35.1956    35.1952    11.5934    11.5929    26.8187    26.8186    4.90535    4.78911         17 0.0000e+00
      18851    785.430    150.000    11.6260   3.990542    11.6224   3.990210      98.63     0.0181     2.6761     2.3405  33.034615  11.156288   43.47336  -59.99692    35.1980    35.1981    11.6068    11.6033    26.8182    26.8189    4.87964    4.75591         19 0.0000e+00
      18873    786.331    151.000    11.6215   3.989969    11.6231   3.990234      98.63     0.0199     2.6648     2.3298  33.093056  11.318402   43.47336  -59.99692    35.1962    35.1973    11.6022    11.6038    26.8176    26.8182    4.84011    4.71591         24 0.0000e+00
      18900    787.465    152.000    11.6510   3.993577    11.6568   3.994339      98.63     0.0158     2.6492     2.3148  33.097885  11.336500   43.47336  -59.99692    35.2034    35.2053    11.6315    11.6373    26.8176    26.8181    4.80809    4.67718         30 0.0000e+00
      18929    788.687    153.000    11.6250   3.991174    11.6245   3.990945      98.63     0.0163     2.6367     2.3003  33.085396  11.381708   43.47336  -59.99692    35.2039    35.2021    11.6054    11.6049    26.8230    26.8217    4.78890    4.63363         27 0.0000e+00
      18955    789.758    154.000    11.5698   3.985346    11.5720   3.985415      98.63     0.0181     2.6226     2.2841  33.097385  11.389733   43.47337  -59.99692    35.1984    35.1967    11.5502    11.5527    26.8291    26.8273    4.74071    4.59022         24 0.0000e+00
      18978    790.698    155.000    11.5398   3.981883    11.5401   3.981677      98.63     0.0180     2.6069     2.2712  33.127888  11.409595   43.47338  -59.99692    35.1923    35.1900    11.5201    11.5204    26.8299    26.8281    4.70296    4.58031         22 0.0000e+00
      18999    791.570    156.000    11.4663   3.973415    11.4655   3.972595      98.63     0.0194     2.5943     2.2634  33.136341  11.407308   43.47338  -59.99692    35.1781    35.1707    11.4465    11.4457    26.8326    26.8270    4.69312    4.57825         20 0.0000e+00
      19018    792.392    157.000    11.3322   3.958074    11.3342   3.957421      98.63     0.0180     2.5835     2.2551  33.216454  11.391288   43.47338  -59.99692    35.1533    35.1449    11.3125    11.3145    26.8382    26.8313    4.68360    4.55288         20 0.0000e+00
      19038    793.192    158.000    11.2044   3.943292    11.2130   3.943231      98.63     0.0170     2.5718     2.2433  33.213486  11.391738   43.47340  -59.99692    35.1279    35.1190    11.1847    11.1933    26.8419    26.8335    4.66222    4.53379         19 0.0000e+00
      19057    793.999    159.000    11.1198   3.933861    11.1210   3.933761      98.63     0.0172     2.5597     2.2348  33.287327  11.350176   43.47340  -59.99692    35.1142    35.1120    11.1001    11.1013    26.8468    26.8449    4.65505    4.53692         19 0.0000e+00
      19078    794.871    160.000    11.1972   3.943711    11.1896   3.943235      98.63     0.0190     2.5505     2.2269  33.334080  11.326273   43.47340  -59.99693    35.1380    35.1405    11.1772    11.1696    26.8512    26.8545    4.65197    4.52255         23 0.0000e+00
      19103    795.913    161.000    11.2902   3.955338    11.2864   3.955018      98.63     0.0201     2.5442     2.2213  33.378349  11.235853   43.47340  -59.99694    35.1644    35.1649    11.2700    11.2662    26.8546    26.8557    4.64797    4.51513         28 0.0000e+00
      19133    797.162    162.000    11.3156   3.958716    11.3149   3.958526      98.63     0.0230     2.5383     2.2164  33.421314  11.145346   43.47340  -59.99694    35.1733    35.1715    11.2952    11.2948    26.8569    26.8556    4.64131    4.50403         30 0.0000e+00
      19161    798.351    163.000    11.2810   3.955052    11.2802   3.954739      98.63     0.0223     2.5355     2.2121  33.523689  11.216358   43.47340  -59.99694    35.1694    35.1677    11.2606    11.2601    26.8603    26.8592    4.65407    4.50747         26 0.0000e+00
      19185    799.315    164.000    11.2146   3.947527    11.2214   3.947472      98.63     0.0235     2.5346     2.2120  33.535671  11.224913   43.47340  -59.99694    35.1576    35.1505    11.1941    11.2009    26.8633    26.8566    4.65658    4.52635         21 0.0000e+00
      19204    800.136    165.000    11.0160   3.925499    11.0196   3.924842      98.63     0.0216     2.5329     2.2115  33.652996  11.247068   43.47342  -59.99694    35.1272    35.1172    10.9956    10.9992    26.8759    26.8675    4.66320    4.53456         19 0.0000e+00
      19223    800.913    166.000    10.9354   3.916732    10.9367   3.916470      98.63     0.0222     2.5296     2.2091  33.682133  11.253933   43.47342  -59.99694    35.1163    35.1124    10.9150    10.9163    26.8820    26.8787    4.66211    4.53244         19 0.0000e+00
      19242    801.706    167.000    10.9154   3.914491    10.9153   3.914205      98.63     0.0206     2.5274     2.2070  33.733768  11.223742   43.47342  -59.99694    35.1125    35.1097    10.8949    10.8948    26.8827    26.8806    4.66397    4.53490         19 0.0000e+00
      19263    802.575    168.000    10.8990   3.912660    10.8989   3.912380      98.63     0.0248     2.5249     2.2059  33.890186  11.118237   43.47342  -59.99694    35.1095    35.1067    10.8784    10.8783    26.8833    26.8812    4.66039    4.53322         23 0.0000e+00
      19287    803.580    169.000    10.8723   3.909678    10.8730   3.909484      98.63     0.0261     2.5223     2.2029  33.913246  11.091549   43.47342  -59.99694    35.1046    35.1020    10.8517    10.8524    26.8844    26.8822    4.65824    4.52198         26 0.0000e+00
      19314    804.721    170.000    10.8538   3.907687    10.8537   3.907495      98.63     0.0238     2.5190     2.1997  33.997303  10.990609   43.47343  -59.99694    35.1020    35.1002    10.8330    10.8329    26.8857    26.8843    4.65209    4.51869         28 0.0000e+00
      19341    805.843    171.000    10.8581   3.908384    10.8578   3.908204      98.63     0.0243     2.5158     2.1966  34.042595  10.970131   43.47344  -59.99695    35.1044    35.1028    10.8372    10.8372    26.8868    26.8856    4.64180    4.51181         25 0.0000e+00
      19365    806.837    172.000    10.8464   3.907305    10.8480   3.907181      98.63     0.0216     2.5122     2.1944  34.102123  10.941298   43.47344  -59.99696    35.1043    35.1016    10.8254    10.8270    26.8888    26.8864    4.63200    4.49730         23 0.0000e+00
      19387    807.738    173.000    10.8166   3.904281    10.8165   3.904062      98.63     0.0206     2.5084     2.1892  34.129414  10.938637   43.47344  -59.99696    35.1021    35.1000    10.7955    10.7954    26.8925    26.8909    4.62338    4.48657         21 0.0000e+00
      19408    808.613    174.000    10.8179   3.904523    10.8182   3.904408      98.63     0.0200     2.5041     2.1871  34.185535  10.931257   43.47344  -59.99696    35.1028    35.1014    10.7967    10.7970    26.8928    26.8917    4.60647    4.48156         21 0.0000e+00
