data/CTD/2014/CNV/d017a045.cnv
* Sea-Bird SBE 9 Data File:
* FileName = C:\CTD_ACQUISITION\2014017HUD\ctddata\017A045.hdr
* Software Version Seasave V 7.22.2
* Temperature SN = 5081
* Conductivity SN = 3561
* Number of Bytes Per Scan = 37
* Number of Voltage Words = 4
* Number of Scans Averaged by the Deck Unit = 1
* NMEA Latitude = 47 58.49 N
* NMEA Longitude = 046 09.17 W
* NMEA UTC (Time) = Jul 10 2014 21:15:35
* NMEA baud rate = 9600
** Ship: Hudson
** Cruise: HUD2014017
** Chief_Scientist: Blair Greenan
** Organization: BIO
** Area_of_Operation: Sackville Spur
** Station: 045
** Sounding:  1057
** Event_Comments: SS_17, 403259
# nquan = 25
# nvalues = 1080                        
# units = specified
# name 0 = scan: Scan Count
# name 1 = timeS: Time, Elapsed [seconds]
# name 2 = prDM: Pressure, Digiquartz [db]
# name 3 = t068C: Temperature [ITS-68, deg C]
# name 4 = c0S/m: Conductivity [S/m]
# name 5 = t168C: Temperature, 2 [ITS-68, deg C]
# name 6 = c1S/m: Conductivity, 2 [S/m]
# name 7 = altM: Altimeter [m]
# name 8 = flC: Fluorescence, Chelsea Aqua 3 Chl Con [ug/l]
# name 9 = sbeox0V: Oxygen raw, SBE 43 [V]
# name 10 = sbeox1V: Oxygen raw, SBE 43, 2 [V]
# name 11 = upoly0: Upoly 0, Optode 4330F - O2 D-Phase
# name 12 = upoly1: Upoly 1, Optode 4330F - O2 Temp
# name 13 = latitude: Latitude [deg]
# name 14 = longitude: Longitude [deg]
# name 15 = sal00: Salinity, Practical [PSU]
# name 16 = sal11: Salinity, Practical, 2 [PSU]
# name 17 = potemp068C: Potential Temperature [ITS-68, deg C]
# name 18 = potemp168C: Potential Temperature, 2 [ITS-68, deg C]
# name 19 = sigma-é00: Density [sigma-theta, Kg/m^3]
# name 20 = sigma-é11: Density, 2 [sigma-theta, Kg/m^3]
# name 21 = sbeox0ML/L: Oxygen, SBE 43 [ml/l], WS = 2
# name 22 = sbeox1ML/L: Oxygen, SBE 43, 2 [ml/l], WS = 2
# name 23 = nbin: number of scans per bin
# name 24 = flag: flag
# span 0 =       5838,      36200       
# span 1 =    243.202,   1508.307       
# span 2 =      2.000,   1081.000       
# span 3 =     2.7291,     8.1726       
# span 4 =   3.095656,   3.525581       
# span 5 =     2.7274,     8.1722       
# span 6 =   3.093728,   3.525371       
# span 7 =       1.85,     102.25       
# span 8 =     0.0076,     0.3735       
# span 9 =     2.5205,     3.5660       
# span 10 =     2.2250,     3.1252      
# span 11 =  29.884775,  34.792065      
# span 12 =  2.7046292,  8.2224941      
# span 13 =   47.97522,   47.97604      
# span 14 =  -46.15422,  -46.15216      
# span 15 =    33.1695,    34.9145      
# span 16 =    33.1683,    34.9144      
# span 17 =     2.7221,     8.1721      
# span 18 =     2.7204,     8.1718      
# span 19 =    25.8115,    27.7703      
# span 20 =    25.8105,    27.7701      
# span 21 =    6.20357,    7.67228      
# span 22 =    6.18426,    7.69839      
# span 23 =         13,        124      
# span 24 = 0.0000e+00, 0.0000e+00      
# interval = decibars: 1                
# start_time = Jul 10 2014 21:15:35 [NMEA time, header]
# bad_flag = -9.990e-29
*END*
[from data line 696]
      26163   1090.103    698.000     3.9175   3.269692     3.9174   3.269610      53.28     0.0121     2.7347     2.4105  33.888565  3.9181929   47.97564  -46.15402    34.8841    34.8833     3.8663     3.8662    27.7080    27.7074    6.51429    6.49611         34 0.0000e+00
      26193   1091.338    699.000     3.9086   3.268795     3.9085   3.268682     100.32     0.0128     2.7366     2.4118  33.886845  3.9177873   47.97564  -46.15402    34.8824    34.8811     3.8573     3.8573    27.7076    27.7066    6.51540    6.51289         25 0.0000e+00
      26216   1092.271    700.000     3.8981   3.267754     3.8974   3.267642      80.62     0.0143     2.7372     2.4135  33.886780  3.9181929   47.97564  -46.15402    34.8809    34.8801     3.8466     3.8462    27.7075    27.7069    6.52318    6.52263         22 0.0000e+00
      26237   1093.150    701.000     3.8871   3.266697     3.8872   3.266626      29.20     0.0152     2.7382     2.4149  33.880802  3.9168231   47.97564  -46.15404    34.8792    34.8783     3.8358     3.8359    27.7072    27.7065    6.52137    6.52513         21 0.0000e+00
      26258   1094.058    702.000     3.8759   3.265642     3.8760   3.265573      98.24     0.0161     2.7386     2.4155  33.868202  3.9142113   47.97564  -46.15404    34.8781    34.8771     3.8246     3.8247    27.7075    27.7067    6.52393    6.51785         22 0.0000e+00
      26280   1094.962    703.000     3.8719   3.265299     3.8723   3.265273      98.63     0.0157     2.7390     2.4154  33.868134  3.9098010   47.97564  -46.15404    34.8777    34.8770     3.8205     3.8209    27.7076    27.7070    6.52136    6.51404         21 0.0000e+00
      26301   1095.833    704.000     3.8688   3.265035     3.8684   3.264912      98.64     0.0132     2.7389     2.4153  33.868134  3.8912258   47.97564  -46.15404    34.8774    34.8763     3.8173     3.8170    27.7077    27.7069    6.52331    6.51710         21 0.0000e+00
      26323   1096.730    705.000     3.8665   3.264848     3.8655   3.264682      98.64     0.0145     2.7391     2.4152  33.868755  3.8906012   47.97564  -46.15404    34.8770    34.8761     3.8150     3.8141    27.7076    27.7070    6.52145    6.51421         23 0.0000e+00
      26347   1097.751    706.000     3.8644   3.264706     3.8646   3.264671      49.20     0.0172     2.7387     2.4149  33.873669  3.8800843   47.97564  -46.15404    34.8771    34.8764     3.8128     3.8131    27.7079    27.7073    6.52161    6.52181         26 0.0000e+00
      26376   1098.948    707.000     3.8658   3.264891     3.8654   3.264784      78.82     0.0149     2.7384     2.4155  33.873009  3.8781288   47.97564  -46.15404    34.8772    34.8764     3.8142     3.8138    27.7079    27.7072    6.51992    6.52388         30 0.0000e+00
      26405   1100.151    708.000     3.8660   3.264953     3.8654   3.264818      99.06     0.0131     2.7382     2.4158  33.868027  3.8769238   47.97565  -46.15404    34.8772    34.8763     3.8143     3.8137    27.7078    27.7072    6.52724    6.52692         27 0.0000e+00
      26429   1101.171    709.000     3.8658   3.264977     3.8650   3.264840      25.78     0.0155     2.7386     2.4159  33.866768  3.8764448   47.97566  -46.15404    34.8772    34.8764     3.8140     3.8132    27.7079    27.7073    6.52531    6.52431         22 0.0000e+00
      26450   1102.041    710.000     3.8656   3.265023     3.8656   3.264956     100.22     0.0190     2.7383     2.4160  33.861423  3.8771832   47.97566  -46.15406    34.8774    34.8766     3.8138     3.8137    27.7081    27.7075    6.51957    6.53157         20 0.0000e+00
      26469   1102.839    711.000     3.8664   3.265147     3.8661   3.265054      37.87     0.0178     2.7379     2.4166  33.862743  3.8770638   47.97566  -46.15406    34.8775    34.8767     3.8145     3.8142    27.7081    27.7075    6.51840    6.53310         19 0.0000e+00
      26488   1103.610    712.000     3.8639   3.264910     3.8633   3.264778      75.40     0.0150     2.7371     2.4167  33.865005  3.8710127   47.97566  -46.15406    34.8769    34.8759     3.8119     3.8113    27.7078    27.7071    6.51805    6.52773         19 0.0000e+00
      26508   1104.441    713.000     3.8618   3.264763     3.8614   3.264662      87.43     0.0151     2.7370     2.4163  33.866020  3.8693841   47.97566  -46.15406    34.8769    34.8760     3.8097     3.8093    27.7080    27.7074    6.51695    6.52781         21 0.0000e+00
      26532   1105.467    714.000     3.8628   3.264930     3.8629   3.264881      60.74     0.0149     2.7361     2.4162  33.861706  3.8696792   47.97566  -46.15406    34.8772    34.8765     3.8107     3.8108    27.7082    27.7077    6.51348    6.52743         29 0.0000e+00
      26564   1106.788    715.000     3.8648   3.265168     3.8651   3.265134      77.15     0.0133     2.7351     2.4161  33.863243  3.8693538   47.97566  -46.15406    34.8774    34.8767     3.8125     3.8128    27.7082    27.7076    6.51669    6.53236         33 0.0000e+00
      26594   1108.051    716.000     3.8663   3.265367     3.8662   3.265291      98.79     0.0150     2.7350     2.4164  33.861610  3.8689883   47.97566  -46.15406    34.8777    34.8769     3.8139     3.8138    27.7082    27.7077    6.52128    6.52994         27 0.0000e+00
      26619   1109.073    717.000     3.8660   3.265373     3.8657   3.265279      98.63     0.0167     2.7350     2.4158  33.858109  3.8693566   47.97566  -46.15406    34.8776    34.8768     3.8135     3.8132    27.7082    27.7076    6.52722    6.52221         22 0.0000e+00
      26640   1109.954    718.000     3.8646   3.265285     3.8642   3.265181      98.63     0.0164     2.7356     2.4151  33.838455  3.8693528   47.97566  -46.15406    34.8775    34.8766     3.8121     3.8117    27.7083    27.7077    6.52590    6.51823         20 0.0000e+00
      26660   1110.797    719.000     3.8622   3.265091     3.8618   3.264967      42.57     0.0147     2.7354     2.4143  33.838829  3.8693528   47.97566  -46.15406    34.8771    34.8761     3.8097     3.8092    27.7082    27.7075    6.52122    6.51966         21 0.0000e+00
      26681   1111.680    720.000     3.8592   3.264839     3.8588   3.264747      78.33     0.0148     2.7350     2.4139  33.836189  3.8693528   47.97566  -46.15406    34.8768    34.8761     3.8066     3.8062    27.7083    27.7078    6.52190    6.52354         22 0.0000e+00
      26705   1112.672    721.000     3.8576   3.264718     3.8573   3.264607      98.33     0.0165     2.7344     2.4135  33.837124  3.8693528   47.97566  -46.15406    34.8766    34.8756     3.8049     3.8046    27.7083    27.7076    6.52077    6.52268         26 0.0000e+00
      26732   1113.791    722.000     3.8554   3.264615     3.8549   3.264501      44.59     0.0116     2.7348     2.4131  33.838829  3.8632057   47.97566  -46.15407    34.8771    34.8763     3.8026     3.8021    27.7090    27.7084    6.52973    6.52107         27 0.0000e+00
      26759   1114.933    723.000     3.8598   3.265118     3.8591   3.264993      76.38     0.0139     2.7345     2.4123  33.837177  3.8632026   47.97566  -46.15408    34.8780    34.8772     3.8069     3.8062    27.7092    27.7087    6.52612    6.51972         27 0.0000e+00
      26784   1115.943    724.000     3.8624   3.265427     3.8622   3.265339      27.42     0.0167     2.7347     2.4123  33.831470  3.8626900   47.97566  -46.15408    34.8783    34.8775     3.8094     3.8092    27.7092    27.7086    6.53138    6.53291         22 0.0000e+00
      26805   1116.839    725.000     3.8624   3.265480     3.8621   3.265367      84.76     0.0151     2.7350     2.4131  33.830448  3.8619056   47.97566  -46.15408    34.8785    34.8774     3.8093     3.8091    27.7094    27.7085    6.52613    6.53676         21 0.0000e+00
      26827   1117.730    726.000     3.8618   3.265455     3.8617   3.265383      85.80     0.0135     2.7342     2.4136  33.832169  3.8626933   47.97567  -46.15408    34.8782    34.8774     3.8087     3.8086    27.7092    27.7086    6.51966    6.53704         22 0.0000e+00
      26850   1118.699    727.000     3.8596   3.265292     3.8594   3.265194      51.19     0.0160     2.7339     2.4137  33.831219  3.8627105   47.97568  -46.15408    34.8781    34.8771     3.8065     3.8063    27.7093    27.7086    6.52562    6.52861         25 0.0000e+00
      26874   1119.722    728.000     3.8599   3.265370     3.8594   3.265261      79.59     0.0216     2.7338     2.4129  33.831501  3.8628399   47.97568  -46.15408    34.8782    34.8774     3.8066     3.8062    27.7095    27.7088    6.52212    6.51570         24 0.0000e+00
      26899   1120.753    729.000     3.8598   3.265402     3.8595   3.265307      46.78     0.0184     2.7326     2.4110  33.833561  3.8615351   47.97568  -46.15408    34.8781    34.8773     3.8065     3.8062    27.7094    27.7088    6.51228    6.50130         25 0.0000e+00
      26925   1121.838    730.000     3.8619   3.265694     3.8616   3.265603      85.46     0.0182     2.7315     2.4091  33.830677  3.8628466   47.97568  -46.15408    34.8789    34.8782     3.8085     3.8081    27.7098    27.7092    6.50673    6.50654         27 0.0000e+00
      26953   1122.993    731.000     3.8657   3.266139     3.8655   3.266046      87.87     0.0144     2.7292     2.4086  33.833630  3.8606055   47.97568  -46.15408    34.8796    34.8787     3.8122     3.8120    27.7099    27.7093    6.49593    6.51681         28 0.0000e+00
      26980   1124.112    732.000     3.8667   3.266278     3.8662   3.266169      25.85     0.0183     2.7275     2.4087  33.838966  3.8631656   47.97568  -46.15408    34.8797    34.8789     3.8131     3.8126    27.7100    27.7094    6.49657    6.51515         25 0.0000e+00
      27003   1125.079    733.000     3.8676   3.266434     3.8669   3.266292      99.83     0.0158     2.7267     2.4080  33.836796  3.8640406   47.97570  -46.15408    34.8800    34.8791     3.8139     3.8133    27.7101    27.7094    6.51123    6.50827         22 0.0000e+00
      27024   1125.975    734.000     3.8707   3.266795     3.8703   3.266712      98.63     0.0178     2.7271     2.4075  33.830864  3.8675618   47.97570  -46.15409    34.8805    34.8800     3.8169     3.8165    27.7102    27.7099    6.51122    6.51406         22 0.0000e+00
      27046   1126.887    735.000     3.8722   3.266995     3.8721   3.266922      98.63     0.0195     2.7264     2.4077  33.832157  3.8671372   47.97571  -46.15409    34.8808    34.8800     3.8183     3.8183    27.7103    27.7097    6.50555    6.51985         22 0.0000e+00
      27069   1127.831    736.000     3.8725   3.267057     3.8722   3.266963      98.64     0.0155     2.7264     2.4079  33.838810  3.8642642   47.97572  -46.15408    34.8807    34.8799     3.8185     3.8182    27.7102    27.7096    6.50864    6.52111         23 0.0000e+00
      27092   1128.806    737.000     3.8721   3.267059     3.8718   3.266974      40.14     0.0205     2.7261     2.4081  33.838829  3.8681045   47.97572  -46.15408    34.8806    34.8799     3.8180     3.8178    27.7102    27.7096    6.51122    6.52005         24 0.0000e+00
      27117   1129.832    738.000     3.8720   3.267101     3.8718   3.267018      70.34     0.0212     2.7261     2.4079  33.836491  3.8693507   47.97572  -46.15408    34.8807    34.8799     3.8179     3.8177    27.7103    27.7097    6.51272    6.51522         25 0.0000e+00
      27144   1130.938    739.000     3.8720   3.267142     3.8717   3.267050      98.65     0.0182     2.7261     2.4075  33.838306  3.8693528   47.97572  -46.15409    34.8807    34.8799     3.8178     3.8175    27.7102    27.7096    6.51335    6.51824         28 0.0000e+00
      27170   1132.056    740.000     3.8714   3.267133     3.8711   3.267035      33.61     0.0165     2.7260     2.4075  33.838825  3.8693528   47.97570  -46.15410    34.8807    34.8798     3.8171     3.8168    27.7103    27.7097    6.51243    6.51950         26 0.0000e+00
      27196   1133.108    741.000     3.8711   3.267154     3.8708   3.267060      98.88     0.0157     2.7260     2.4073  33.842506  3.8693528   47.97572  -46.15410    34.8808    34.8799     3.8167     3.8164    27.7104    27.7098    6.50805    6.51588         24 0.0000e+00
      27220   1134.108    742.000     3.8712   3.267220     3.8709   3.267124      22.50     0.0133     2.7247     2.4067  33.843307  3.8693528   47.97572  -46.15410    34.8809    34.8801     3.8168     3.8165    27.7105    27.7099    6.50830    6.51145         23 0.0000e+00
      27241   1135.004    743.000     3.8713   3.267273     3.8710   3.267176      98.95     0.0158     2.7252     2.4061  33.846516  3.8693528   47.97572  -46.15410    34.8809    34.8801     3.8168     3.8165    27.7106    27.7099    6.51346    6.51302         21 0.0000e+00
      27260   1135.812    744.000     3.8711   3.267297     3.8710   3.267226      68.49     0.0165     2.7250     2.4058  33.838837  3.8693528   47.97572  -46.15410    34.8809    34.8802     3.8165     3.8164    27.7105    27.7100    6.51020    6.51276         18 0.0000e+00
      27280   1136.608    745.000     3.8701   3.267249     3.8701   3.267174      59.20     0.0193     2.7245     2.4055  33.838829  3.8693528   47.97572  -46.15410    34.8808    34.8800     3.8155     3.8154    27.7106    27.7099    6.51296    6.51437         21 0.0000e+00
      27307   1137.731    746.000     3.8695   3.267219     3.8692   3.267132      75.32     0.0157     2.7249     2.4051  33.842152  3.8693528   47.97573  -46.15410    34.8806    34.8798     3.8147     3.8145    27.7105    27.7099    6.52246    6.51421         39 0.0000e+00
      27359   1139.903    747.000     3.8664   3.266944     3.8659   3.266851     102.25     0.0181     2.7262     2.4057  33.855755  3.8693528   47.97574  -46.15410    34.8801    34.8794     3.8116     3.8135    27.7104    27.7099    6.52436    6.53677         44 0.0000e+00
      27384   1140.943    748.000     3.8619   3.266572     3.8613   3.266450      98.48     0.0205     2.7261     2.4077  33.862305  3.8693528   47.97574  -46.15410    34.8799    34.8791     3.8071     3.8064    27.7107    27.7102    6.52275    6.54626         20 0.0000e+00
      27402   1141.719    749.000     3.8581   3.266204     3.8581   3.266122      98.64     0.0132     2.7262     2.4083  33.858601  3.8693528   47.97574  -46.15410    34.8791    34.8781     3.8032     3.8032    27.7105    27.7097    6.52635    6.53681         17 0.0000e+00
      27419   1142.405    750.000     3.8522   3.265691     3.8519   3.265592      98.64     0.0122     2.7263     2.4082  33.861763  3.8693528   47.97574  -46.15410    34.8787    34.8778     3.7972     3.7970    27.7108    27.7101    6.52781    6.52968         16 0.0000e+00
      27434   1143.056    751.000     3.8508   3.265612     3.8506   3.265522      98.63     0.0139     2.7262     2.4078  33.861725  3.8687487   47.97574  -46.15410    34.8787    34.8778     3.7958     3.7956    27.7109    27.7102    6.52717    6.51950         16 0.0000e+00
      27450   1143.721    752.000     3.8496   3.265535     3.8494   3.265435      98.63     0.0168     2.7262     2.4066  33.861725  3.8615024   47.97574  -46.15411    34.8785    34.8776     3.7945     3.7943    27.7109    27.7102    6.52785    6.50997         16 0.0000e+00
      27469   1144.489    753.000     3.8473   3.265339     3.8471   3.265258      98.64     0.0169     2.7262     2.4051  33.859791  3.8614450   47.97574  -46.15412    34.8781    34.8774     3.7922     3.7920    27.7108    27.7103    6.52807    6.51402         21 0.0000e+00
      27497   1145.650    754.000     3.8465   3.265301     3.8463   3.265220      98.64     0.0172     2.7260     2.4048  33.857784  3.8518977   47.97574  -46.15412    34.8780    34.8773     3.7913     3.7911    27.7108    27.7103    6.52873    6.52749         39 0.0000e+00
