data/CTD/2014/CNV/d017a029.cnv
* Sea-Bird SBE 9 Data File:
* FileName = C:\CTD_ACQUISITION\2014017HUD\ctddata\017A029.hdr
* Software Version Seasave V 7.22.2
* Temperature SN = 5081
* Conductivity SN = 3561
* Number of Bytes Per Scan = 37
* Number of Voltage Words = 4
* Number of Scans Averaged by the Deck Unit = 1
* NMEA Latitude = 48 48.41 N
* NMEA Longitude = 045 41.69 W
* NMEA UTC (Time) = Jul 07 2014 04:13:45
* NMEA baud rate = 9600
** Ship: Hudson
** Cruise: HUD2014017
** Chief_Scientist: Blair Greenan
** Organization: BIO
** Area_of_Operation: Sackville Spur
** Station: 029
** Sounding:  1758
** Event_Comments: SS_025, 403166
# nquan = 25
# nvalues = 1819                        
# units = specified
# name 0 = scan: Scan Count
# name 1 = timeS: Time, Elapsed [seconds]
# name 2 = prDM: Pressure, Digiquartz [db]
# name 3 = t068C: Temperature [ITS-68, deg C]
# name 4 = c0S/m: Conductivity [S/m]
# name 5 = t168C: Temperature, 2 [ITS-68, deg C]
# name 6 = c1S/m: Conductivity, 2 [S/m]
# name 7 = altM: Altimeter [m]
# name 8 = flC: Fluorescence, Chelsea Aqua 3 Chl Con [ug/l]
# name 9 = sbeox0V: Oxygen raw, SBE 43 [V]
# name 10 = sbeox1V: Oxygen raw, SBE 43, 2 [V]
# name 11 = upoly0: Upoly 0, Optode 4330F - O2 D-Phase
# name 12 = upoly1: Upoly 1, Optode 4330F - O2 Temp
# name 13 = latitude: Latitude [deg]
# name 14 = longitude: Longitude [deg]
# name 15 = sal00: Salinity, Practical [PSU]
# name 16 = sal11: Salinity, Practical, 2 [PSU]
# name 17 = potemp068C: Potential Temperature [ITS-68, deg C]
# name 18 = potemp168C: Potential Temperature, 2 [ITS-68, deg C]
# name 19 = sigma-é00: Density [sigma-theta, Kg/m^3]
# name 20 = sigma-é11: Density, 2 [sigma-theta, Kg/m^3]
# name 21 = sbeox0ML/L: Oxygen, SBE 43 [ml/l], WS = 2
# name 22 = sbeox1ML/L: Oxygen, SBE 43, 2 [ml/l], WS = 2
# name 23 = nbin: number of scans per bin
# name 24 = flag: flag
# span 0 =       5687,      52511       
# span 1 =    236.931,   2187.909       
# span 2 =      1.000,   1819.000       
# span 3 =     2.8016,     8.7629       
# span 4 =   3.103160,   3.582251       
# span 5 =     2.8009,     8.7618       
# span 6 =   3.102940,   3.582204       
# span 7 =       1.29,     102.41       
# span 8 =     0.0034,     0.2782       
# span 9 =     2.3484,     3.6086       
# span 10 =     2.0786,     3.1414      
# span 11 =  30.135391,  35.141972      
# span 12 =  2.9211826,  8.8102322      
# span 13 =   48.80744,   48.81148      
# span 14 =  -45.69448,  -45.69356      
# span 15 =    33.8049,    34.9163      
# span 16 =    33.8041,    34.9156      
# span 17 =     2.7980,     8.7612      
# span 18 =     2.7973,     8.7602      
# span 19 =    26.2233,    27.8210      
# span 20 =    26.2226,    27.8207      
# span 21 =    6.26489,    7.97927      
# span 22 =    6.24680,    7.99071      
# span 23 =          3,         92      
# span 24 = 0.0000e+00, 0.0000e+00      
# interval = decibars: 1                
# start_time = Jul 07 2014 04:13:45 [NMEA time, header]
# bad_flag = -9.990e-29
*END*
[from data line 58]
       8548    356.129     59.000     2.8089   3.106564     2.8088   3.106434      86.08     0.0253     3.0726     2.7098  32.674141  3.0539114   48.80774  -45.69414    34.4444    34.4428     2.8054     2.8054    27.4591    27.4579    7.10365    7.14412         30 0.0000e+00
       8604    358.451     60.000     2.8072   3.106502     2.8069   3.106395      98.98     0.0307     3.0724     2.7107  32.726646  2.9764197   48.80776  -45.69416    34.4448    34.4438     2.8037     2.8034    27.4596    27.4589    7.11342    7.16211         76 0.0000e+00
       8664    360.948     61.000     2.8016   3.106147     2.8009   3.106047      96.77     0.0336     3.0748     2.7141  32.751648  2.9999552   48.80776  -45.69415    34.4460    34.4454     2.7980     2.7973    27.4611    27.4607    7.12183    7.18074         49 0.0000e+00
       8716    363.143     62.000     2.8318   3.109418     2.8303   3.109282      91.85     0.0322     3.0750     2.7141  32.814644  2.9566684   48.80776  -45.69414    34.4531    34.4530     2.8282     2.8267    27.4641    27.4641    7.11013    7.14650         49 0.0000e+00
       8756    364.806     63.000     2.8687   3.113265     2.8644   3.112982      98.63     0.0310     3.0737     2.7119  32.836700  2.9265876   48.80776  -45.69413    34.4601    34.4613     2.8650     2.8607    27.4664    27.4677    7.09134    7.13656         36 0.0000e+00
       8795    366.420     64.000     2.9562   3.122230     2.9541   3.122276      98.65     0.0293     3.0718     2.7100  32.860722  2.9258168   48.80776  -45.69412    34.4755    34.4784     2.9524     2.9502    27.4708    27.4733    7.06693    7.10863         42 0.0000e+00
       8838    368.217     65.000     3.0139   3.128399     3.0135   3.128427      88.38     0.0301     3.0694     2.7067  32.860626  2.9548938   48.80778  -45.69412    34.4886    34.4893     3.0099     3.0096    27.4760    27.4766    7.04234    7.07989         42 0.0000e+00
       8878    369.892     66.000     3.0326   3.130667     3.0320   3.130624      98.50     0.0290     3.0642     2.7033  32.861774  2.9941835   48.80778  -45.69412    34.4956    34.4957     3.0286     3.0280    27.4799    27.4800    7.01532    7.06266         41 0.0000e+00
       8931    372.094     67.000     3.0313   3.130963     3.0307   3.130871      98.65     0.0307     3.0565     2.6956  32.876961  3.0365529   48.80778  -45.69412    34.5003    34.4997     3.0272     3.0266    27.4837    27.4833    6.98937    7.02704         68 0.0000e+00
       8995    374.761     68.000     3.0065   3.129139     3.0061   3.128964      87.97     0.0340     3.0473     2.6882  32.892223  3.0579722   48.80779  -45.69412    34.5038    34.5022     3.0024     3.0020    27.4888    27.4876    6.97431    7.02531         48 0.0000e+00
       9033    376.350     69.000     2.9879   3.127728     2.9874   3.127639      98.87     0.0291     3.0424     2.6846  32.915848  3.0510144   48.80780  -45.69412    34.5059    34.5054     2.9838     2.9834    27.4922    27.4918    6.96505    7.00473         34 0.0000e+00
       9080    378.278     70.000     2.9751   3.126710     2.9770   3.126794      95.32     0.0257     3.0363     2.6770  32.937572  3.0245857   48.80780  -45.69411    34.5067    34.5057     2.9709     2.9728    27.4940    27.4930    6.94798    6.97551         65 0.0000e+00
       9173    382.165     71.000     2.9654   3.125924     2.9766   3.126728      92.58     0.0228     3.0211     2.6644  32.980278  3.0007312   48.80782  -45.69412    34.5069    34.5048     2.9611     2.9723    27.4951    27.4923    6.91365    6.96873         39 0.0000e+00
       9191    382.897     72.000     2.9552   3.125278     2.9554   3.125149      98.85     0.0221     3.0206     2.6644  32.981182  3.0089667   48.80782  -45.69411    34.5094    34.5076     2.9509     2.9510    27.4980    27.4966    6.92797    6.96697         20 0.0000e+00
       9209    383.670     73.000     2.9402   3.124248     2.9409   3.124148      98.65     0.0220     3.0190     2.6636  32.983624  3.0071902   48.80782  -45.69410    34.5123    34.5104     2.9358     2.9365    27.5017    27.5001    6.92316    6.96428         19 0.0000e+00
       9229    384.481     74.000     2.9268   3.123272     2.9271   3.123168      98.65     0.0248     3.0172     2.6615  33.027061  3.0001650   48.80782  -45.69410    34.5142    34.5126     2.9224     2.9226    27.5044    27.5031    6.91926    6.94851         21 0.0000e+00
       9279    386.589     75.000     2.9253   3.123149     2.9250   3.123049      98.65     0.0249     3.0079     2.6522  33.048752  2.9838881   48.80782  -45.69410    34.5138    34.5129     2.9208     2.9205    27.5042    27.5035    6.87248    6.90148         45 0.0000e+00
       9375    390.583     76.000     2.9076   3.121733     2.9099   3.121660      98.65     0.0275     2.9837     2.6318  33.121643  2.9780488   48.80784  -45.69410    34.5149    34.5115     2.9030     2.9053    27.5067    27.5038    6.79973    6.84362         29 0.0000e+00
       9408    391.960     77.000     2.8726   3.118956     2.8726   3.118861      97.22     0.0260     2.9773     2.6276  33.136341  2.9689538   48.80784  -45.69410    34.5178    34.5167     2.8680     2.8680    27.5122    27.5113    6.80072    6.85321         43 0.0000e+00
       9456    393.975     78.000     2.8791   3.120171     2.8783   3.120073      84.14     0.0238     2.9704     2.6231  33.178024  2.9422178   48.80785  -45.69410    34.5252    34.5249     2.8744     2.8736    27.5175    27.5174    6.80142    6.84277         42 0.0000e+00
       9487    395.270     79.000     2.8966   3.122143     2.8948   3.122043      98.83     0.0262     2.9680     2.6199  33.209255  2.9211826   48.80786  -45.69410    34.5300    34.5307     2.8919     2.8901    27.5198    27.5205    6.80656    6.83711         27 0.0000e+00
       9525    396.823     80.000     2.9006   3.122826     2.9001   3.122713      98.57     0.0253     2.9681     2.6197  33.240349  2.9221435   48.80786  -45.69410    34.5335    34.5327     2.8958     2.8953    27.5222    27.5216    6.81556    6.84910         51 0.0000e+00
       9635    401.403     81.000     2.8962   3.122585     2.8974   3.122504      83.97     0.0235     2.9685     2.6190  33.334309  2.9361136   48.80788  -45.69409    34.5348    34.5325     2.8913     2.8925    27.5236    27.5217    6.81714    6.85577         35 0.0000e+00
       9654    402.198     82.000     2.9063   3.124409     2.9051   3.124501      97.87     0.0224     2.9678     2.6197  33.345638  2.9420023   48.80788  -45.69410    34.5457    34.5481     2.9014     2.9002    27.5314    27.5335    6.81354    6.85314         23 0.0000e+00
       9677    403.187     83.000     2.9448   3.128578     2.9422   3.128379      98.63     0.0228     2.9685     2.6194  33.355099  2.9463601   48.80788  -45.69410    34.5546    34.5551     2.9398     2.9372    27.5351    27.5358    6.81842    6.84362         27 0.0000e+00
       9724    405.137     84.000     2.9616   3.130462     2.9603   3.130341      91.08     0.0204     2.9701     2.6211  33.377666  2.9343758   48.80788  -45.69408    34.5592    34.5591     2.9565     2.9553    27.5373    27.5373    6.81691    6.85545         78 0.0000e+00
       9799    408.266     85.000     2.9706   3.131588     2.9706   3.131586      99.53     0.0187     2.9680     2.6226  33.386051  2.9658654   48.80788  -45.69408    34.5627    34.5628     2.9655     2.9654    27.5392    27.5393    6.78541    6.84933         47 0.0000e+00
       9833    409.664     86.000     2.9760   3.132256     2.9755   3.132190      98.65     0.0208     2.9657     2.6215  33.400345  2.9717097   48.80790  -45.69408    34.5646    34.5645     2.9708     2.9703    27.5402    27.5402    6.79180    6.82949         32 0.0000e+00
       9863    410.931     87.000     3.0160   3.136463     3.0102   3.136082      98.65     0.0177     2.9649     2.6189  33.426590  2.9707150   48.80790  -45.69408    34.5725    34.5740     3.0107     3.0049    27.5429    27.5446    6.77945    6.81628         31 0.0000e+00
       9908    412.809     88.000     3.0660   3.141706     3.0640   3.141555      80.69     0.0157     2.9618     2.6159  33.428200  2.9848521   48.80790  -45.69408    34.5823    34.5825     3.0606     3.0587    27.5461    27.5465    6.76014    6.80026         72 0.0000e+00
       9993    416.338     89.000     3.0963   3.144811     3.1005   3.145281      97.83     0.0228     2.9604     2.6154  33.436550  3.0463212   48.80792  -45.69408    34.5870    34.5883     3.0908     3.0950    27.5471    27.5477    6.77696    6.81957         59 0.0000e+00
      10025    417.668     90.000     3.1048   3.145773     3.1021   3.145482      98.70     0.0206     2.9615     2.6169  33.443321  3.0539310   48.80792  -45.69408    34.5891    34.5885     3.0992     3.0965    27.5480    27.5477    6.77218    6.81776         28 0.0000e+00
      10054    418.855     91.000     3.0865   3.144129     3.0905   3.144088      98.65     0.0184     2.9629     2.6178  33.443687  3.0597696   48.80792  -45.69408    34.5882    34.5845     3.0809     3.0852    27.5489    27.5458    6.78837    6.82221         31 0.0000e+00
      10104    420.944     92.000     3.0409   3.139820     3.0417   3.139694      98.65     0.0216     2.9643     2.6173  33.465889  3.0665064   48.80793  -45.69408    34.5837    34.5816     3.0354     3.0361    27.5496    27.5479    6.79284    6.82021         82 0.0000e+00
      10177    424.020     93.000     3.0272   3.138533     3.0257   3.138350      73.53     0.0217     2.9649     2.6152  33.472908  3.0471268   48.80794  -45.69408    34.5823    34.5817     3.0216     3.0201    27.5498    27.5494    6.79781    6.82449         39 0.0000e+00
      10204    425.141     94.000     3.0309   3.138924     3.0308   3.138910      98.31     0.0202     2.9652     2.6155  33.473022  3.0488446   48.80794  -45.69408    34.5827    34.5825     3.0252     3.0251    27.5497    27.5496    6.79293    6.81831         29 0.0000e+00
      10260    427.467     95.000     3.0428   3.140155     3.0425   3.140160      98.65     0.0173     2.9642     2.6149  33.497387  3.0399587   48.80794  -45.69408    34.5843    34.5847     3.0370     3.0367    27.5499    27.5503    6.78880    6.82601         79 0.0000e+00
      10321    429.980     96.000     3.0694   3.143014     3.0668   3.142761      98.65     0.0172     2.9650     2.6180  33.494625  3.0477393   48.80795  -45.69408    34.5901    34.5909     3.0635     3.0609    27.5521    27.5530    6.81379    6.85736         27 0.0000e+00
      10343    430.912     97.000     3.0955   3.145669     3.0941   3.145714      98.65     0.0199     2.9689     2.6228  33.489117  3.0581315   48.80796  -45.69408    34.5939    34.5956     3.0895     3.0882    27.5527    27.5542    6.84635    6.87779         23 0.0000e+00
      10373    432.176     98.000     3.1072   3.146903     3.1047   3.146661      66.37     0.0206     2.9712     2.6219  33.478653  3.0583663   48.80796  -45.69408    34.5958    34.5955     3.1012     3.0987    27.5532    27.5531    6.77319    6.79035         44 0.0000e+00
      10445    435.163     99.000     3.1506   3.151282     3.1583   3.152286      99.71     0.0193     2.9496     2.6031  33.478848  3.0834358   48.80797  -45.69408    34.6021    34.6060     3.1444     3.1521    27.5541    27.5566    6.69387    6.75261         74 0.0000e+00
      10490    437.038    100.000     3.3160   3.167572     3.3123   3.168322      85.78     0.0198     2.9538     2.6093  33.489101  3.0977573   48.80798  -45.69408    34.6217    34.6325     3.3096     3.3059    27.5541    27.5631    6.68330    6.70797         36 0.0000e+00
      10555    439.735    101.000     3.5112   3.187594     3.4845   3.184901      77.06     0.0194     2.9105     2.5713  33.434467  3.2119961   48.80799  -45.69409    34.6551    34.6528     3.5046     3.4779    27.5619    27.5627    6.39848    6.45520         74 0.0000e+00
      10621    442.515    102.000     3.8042   3.217146     3.7111   3.210370      98.91     0.0208     2.8698     2.5403  33.458046  3.3423724   48.80800  -45.69410    34.6970    34.7147     3.7973     3.7043    27.5659    27.5893    6.36163    6.40807         28 0.0000e+00
      10645    443.514    103.000     4.0385   3.241422     4.0368   3.241730      98.19     0.0208     2.8677     2.5382  33.451199  3.3507586   48.80800  -45.69410    34.7376    34.7431     4.0314     4.0296    27.5743    27.5788    6.34222    6.37441         24 0.0000e+00
      10671    444.600    104.000     4.2269   3.260890     4.2197   3.261069      98.57     0.0178     2.8668     2.5357  33.328873  3.4664927   48.80801  -45.69408    34.7685    34.7782     4.2195     4.2123    27.5789    27.5874    6.31626    6.32694         29 0.0000e+00
      10705    446.002    105.000     4.1590   3.254643     4.1643   3.254758      98.06     0.0177     2.8642     2.5313  33.342072  3.6640587   48.80802  -45.69408    34.7658    34.7615     4.1516     4.1569    27.5840    27.5801    6.30181    6.32835         39 0.0000e+00
      10766    448.521    106.000     4.1042   3.249126     4.1105   3.249689      87.96     0.0190     2.8640     2.5311  33.446709  3.8625331   48.80802  -45.69408    34.7578    34.7578     4.0968     4.1031    27.5835    27.5828    6.35435    6.37166         82 0.0000e+00
      10860    452.439    107.000     4.0956   3.248126     4.1001   3.248533      99.60     0.0217     2.8757     2.5382  33.591236  3.8824131   48.80804  -45.69410    34.7546    34.7546     4.0881     4.0926    27.5818    27.5814    6.39571    6.41101         37 0.0000e+00
      10882    453.367    108.000     4.0443   3.243271     4.0488   3.243360      98.64     0.0200     2.8771     2.5398  33.589676  3.8791428   48.80804  -45.69410    34.7507    34.7470     4.0368     4.0413    27.5841    27.5807    6.40346    6.41519         25 0.0000e+00
      10909    454.494    109.000     4.0197   3.240814     4.0208   3.240861      96.30     0.0147     2.8785     2.5412  33.642834  3.9496233   48.80804  -45.69410    34.7471    34.7464     4.0121     4.0133    27.5838    27.5832    6.40615    6.42157         32 0.0000e+00
      10972    457.119    110.000     4.0158   3.240387     4.0168   3.240473      77.74     0.0183     2.8788     2.5405  33.680286  3.9362135   48.80805  -45.69410    34.7456    34.7455     4.0081     4.0092    27.5831    27.5829    6.39304    6.40678         85 0.0000e+00
      11031    459.581    111.000     4.0182   3.240725     4.0235   3.241140      89.93     0.0183     2.8775     2.5398  33.707638  3.9196846   48.80806  -45.69410    34.7465    34.7463     4.0105     4.0158    27.5835    27.5828    6.39247    6.40717         36 0.0000e+00
      11064    460.973    112.000     4.0466   3.243736     4.0415   3.243266      96.36     0.0179     2.8774     2.5380  33.706959  3.9278164   48.80806  -45.69410    34.7516    34.7515     4.0388     4.0337    27.5847    27.5851    6.38949    6.38563         35 0.0000e+00
      11108    462.795    113.000     4.0588   3.245067     4.0586   3.245011      96.68     0.0160     2.8784     2.5385  33.712906  3.9461308   48.80807  -45.69410    34.7541    34.7536     4.0509     4.0507    27.5854    27.5850    6.40250    6.41311         56 0.0000e+00
      11164    465.109    114.000     4.0561   3.244903     4.0564   3.244886      98.81     0.0131     2.8820     2.5414  33.738197  3.9898794   48.80808  -45.69410    34.7544    34.7539     4.0481     4.0484    27.5859    27.5854    6.41388    6.41554         42 0.0000e+00
      11196    466.443    115.000     4.0552   3.244894     4.0556   3.244864      94.83     0.0146     2.8820     2.5405  33.736263  3.9953024   48.80808  -45.69412    34.7547    34.7539     4.0472     4.0476    27.5862    27.5855    6.39850    6.40014         31 0.0000e+00
