data/CTD/2014/CNV/d017a059.cnv
* Sea-Bird SBE 9 Data File:
* FileName = C:\CTD_ACQUISITION\2014017HUD\ctddata\017A059.hdr
* Software Version Seasave V 7.22.2
* Temperature SN = 5081
* Conductivity SN = 3561
* Number of Bytes Per Scan = 37
* Number of Voltage Words = 4
* Number of Scans Averaged by the Deck Unit = 1
* NMEA Latitude = 43 27.28 N
* NMEA Longitude = 059 59.20 W
* NMEA UTC (Time) = Jul 13 2014 21:54:45
* NMEA baud rate = 9600
** Ship: Hudson
** Cruise: HUD2014017
** Chief_Scientist: Blair Greenan
** Organization: BIO
** Area_of_Operation: Sackville Spur
** Station: 059
** Sounding:  1260
** Event_Comments: LC3, 0
** Microcat calibration cast.
# nquan = 25
# nvalues = 253                         
# units = specified
# name 0 = scan: Scan Count
# name 1 = timeS: Time, Elapsed [seconds]
# name 2 = prDM: Pressure, Digiquartz [db]
# name 3 = t068C: Temperature [ITS-68, deg C]
# name 4 = c0S/m: Conductivity [S/m]
# name 5 = t168C: Temperature, 2 [ITS-68, deg C]
# name 6 = c1S/m: Conductivity, 2 [S/m]
# name 7 = altM: Altimeter [m]
# name 8 = flC: Fluorescence, Chelsea Aqua 3 Chl Con [ug/l]
# name 9 = sbeox0V: Oxygen raw, SBE 43 [V]
# name 10 = sbeox1V: Oxygen raw, SBE 43, 2 [V]
# name 11 = upoly0: Upoly 0, Optode 4330F - O2 D-Phase
# name 12 = upoly1: Upoly 1, Optode 4330F - O2 Temp
# name 13 = latitude: Latitude [deg]
# name 14 = longitude: Longitude [deg]
# name 15 = sal00: Salinity, Practical [PSU]
# name 16 = sal11: Salinity, Practical, 2 [PSU]
# name 17 = potemp068C: Potential Temperature [ITS-68, deg C]
# name 18 = potemp168C: Potential Temperature, 2 [ITS-68, deg C]
# name 19 = sigma-é00: Density [sigma-theta, Kg/m^3]
# name 20 = sigma-é11: Density, 2 [sigma-theta, Kg/m^3]
# name 21 = sbeox0ML/L: Oxygen, SBE 43 [ml/l], WS = 2
# name 22 = sbeox1ML/L: Oxygen, SBE 43, 2 [ml/l], WS = 2
# name 23 = nbin: number of scans per bin
# name 24 = flag: flag
# span 0 =       9195,      17179       
# span 1 =    383.069,    715.758       
# span 2 =      1.000,    253.000       
# span 3 =     3.7274,    16.0199       
# span 4 =   3.029516,   4.017557       
# span 5 =     3.7236,    16.0138       
# span 6 =   3.028044,   4.017413       
# span 7 =      35.84,     100.21       
# span 8 =     0.0085,     0.3433       
# span 9 =     1.9259,     3.5271       
# span 10 =     1.6665,     3.0330      
# span 11 =  28.329720,  39.502422      
# span 12 =  4.3968725,  15.999953      
# span 13 =   43.45538,   43.45596      
# span 14 =  -59.98837,  -59.98776      
# span 15 =    31.5899,    35.3602      
# span 16 =    31.5803,    35.3587      
# span 17 =     3.7242,    16.0195      
# span 18 =     3.7206,    16.0133      
# span 19 =    23.1227,    27.1280      
# span 20 =    23.1167,    27.1269      
# span 21 =    3.35883,    7.40619      
# span 22 =    3.16231,    7.22105      
# span 23 =          5,        137      
# span 24 = 0.0000e+00, 0.0000e+00      
# interval = decibars: 1                
# start_time = Jul 13 2014 21:54:45 [NMEA time, header]
# bad_flag = -9.990e-29
*END*
[from data line 174]
      13359    556.593    175.000    11.4187   3.974153    11.4191   3.973867      76.12     0.0195     2.5013     2.1834  33.986889  11.429792   43.45576  -59.98810    35.2223    35.2190    11.3965    11.3969    26.8763    26.8737    4.54675    4.41412         25 0.0000e+00
      13383    557.583    176.000    11.4249   3.975337    11.4274   3.975801      99.10     0.0159     2.4966     2.1803  34.031567  11.429792   43.45576  -59.98810    35.2276    35.2298    11.4026    11.4051    26.8793    26.8806    4.54026    4.40924         22 0.0000e+00
      13404    558.468    177.000    11.4829   3.982629    11.4835   3.982911      89.76     0.0150     2.4934     2.1782  34.052563  11.423211   43.45576  -59.98810    35.2440    35.2462    11.4604    11.4610    26.8813    26.8829    4.53312    4.40565         21 0.0000e+00
      13424    559.297    178.000    11.5039   3.985221    11.5005   3.984469      58.55     0.0177     2.4911     2.1775  34.101685  11.410485   43.45576  -59.98812    35.2492    35.2450    11.4813    11.4778    26.8814    26.8789    4.52544    4.39191         20 0.0000e+00
      13444    560.129    179.000    11.4497   3.979064    11.4374   3.977088      97.79     0.0190     2.4880     2.1726  34.102566  11.410256   43.45576  -59.98812    35.2395    35.2316    11.4270    11.4148    26.8840    26.8802    4.50380    4.35779         20 0.0000e+00
      13465    561.013    180.000    11.4063   3.974114    11.4049   3.973511      98.63     0.0167     2.4791     2.1639  34.142143  11.464352   43.45576  -59.98812    35.2314    35.2268    11.3835    11.3821    26.8858    26.8825    4.47631    4.33322         22 0.0000e+00
      13489    562.006    181.000    11.3081   3.962780    11.3105   3.962302      60.32     0.0197     2.4724     2.1557  34.143684  11.468806   43.45578  -59.98812    35.2123    35.2052    11.2853    11.2878    26.8891    26.8832    4.47176    4.30343         26 0.0000e+00
      13516    563.115    182.000    11.2626   3.957602    11.2626   3.957447      98.33     0.0173     2.4565     2.1361  34.246021  11.446987   43.45578  -59.98812    35.2039    35.2023    11.2397    11.2398    26.8910    26.8898    4.35646    4.20061         27 0.0000e+00
      13543    564.255    183.000    11.2650   3.957999    11.2628   3.957493      98.16     0.0207     2.4236     2.1100  34.266430  11.430170   43.45578  -59.98812    35.2050    35.2022    11.2421    11.2398    26.8915    26.8896    4.24872    4.13312         26 0.0000e+00
      13567    565.269    184.000    11.2410   3.955354    11.2392   3.954872      53.89     0.0216     2.3976     2.0911  34.338310  11.340241   43.45578  -59.98812    35.2012    35.1982    11.2180    11.2161    26.8929    26.8909    4.22683    4.10797         23 0.0000e+00
      13588    566.139    185.000    11.2292   3.955047    11.2234   3.953861      98.30     0.0191     2.3807     2.0774  34.336998  11.341881   43.45578  -59.98814    35.2090    35.2028    11.2061    11.2002    26.9012    26.8974    4.21912    4.09098         20 0.0000e+00
      13607    566.933    186.000    11.1743   3.949353    11.1736   3.949027      98.63     0.0147     2.3688     2.0674  34.391216  11.315445   43.45578  -59.98814    35.2043    35.2018    11.1511    11.1504    26.9076    26.9058    4.21458    4.08669         18 0.0000e+00
      13626    567.720    187.000    11.1883   3.951765    11.2101   3.954673      70.45     0.0163     2.3586     2.0598  34.395557  11.312607   43.45578  -59.98814    35.2146    35.2226    11.1649    11.1867    26.9131    26.9153    4.21285    4.08249         20 0.0000e+00
      13648    568.607    188.000    11.5238   3.995282    11.5068   3.995183      78.24     0.0183     2.3516     2.0531  34.454876  11.288868   43.45579  -59.98814    35.3130    35.3325    11.5124    11.4828    26.9252    26.9459    4.17073    4.01552         23 0.0000e+00
      13676    569.776    189.000    11.7157   4.017238    11.7117   4.016907      98.36     0.0156     2.3360     2.0349  34.512062  11.264066   43.45580  -59.98814    35.3581    35.3587    11.6915    11.6874    26.9267    26.9279    4.08619    3.92039         33 0.0000e+00
      13709    571.160    190.000    11.7165   4.017557    11.7170   4.017413      62.23     0.0170     2.3144     2.0135  34.503143  11.429757   43.45580  -59.98814    35.3602    35.3583    11.6920    11.6925    26.9282    26.9267    4.04665    3.88766         30 0.0000e+00
      13734    572.215    191.000    11.6735   4.012693    11.6738   4.012258     100.21     0.0216     2.3017     2.0024  34.503761  11.443715   43.45580  -59.98814    35.3528    35.3483    11.6489    11.6492    26.9306    26.9271    4.03634    3.87850         21 0.0000e+00
      13752    572.978    192.000    11.6138   4.005768    11.6159   4.005435      98.63     0.0189     2.2930     1.9957  34.703857  11.634415   43.45580  -59.98816    35.3410    35.3358    11.5892    11.5913    26.9327    26.9282    4.02460    3.86641         17 0.0000e+00
      13768    573.634    193.000    11.5335   3.996420    11.5356   3.995462      80.93     0.0183     2.2869     1.9887  34.704346  11.634992   43.45580  -59.98816    35.3249    35.3135    11.5089    11.5110    26.9352    26.9259    4.01218    3.85445         15 0.0000e+00
      13784    574.271    194.000    11.4370   3.985702    11.4409   3.985240      48.71     0.0183     2.2777     1.9828  34.704212  11.634921   43.45580  -59.98816    35.3106    35.3024    11.4124    11.4162    26.9421    26.9350    3.99945    3.85691         16 0.0000e+00
      13800    574.969    195.000    11.4096   3.984065    11.4095   3.983817      97.90     0.0190     2.2705     1.9779  34.904671  11.625829   43.45580  -59.98816    35.3201    35.3178    11.3849    11.3848    26.9546    26.9528    4.01354    3.86587         18 0.0000e+00
      13823    575.906    196.000    11.3816   3.981097    11.3831   3.980899      98.63     0.0202     2.2687     1.9759  34.909916  11.625171   43.45581  -59.98816    35.3170    35.3136    11.3568    11.3583    26.9574    26.9545    4.05452    3.89194         28 0.0000e+00
      13858    577.378    197.000    11.3542   3.978003    11.3558   3.977931      71.35     0.0192     2.2764     1.9820  35.107311  11.486583   43.45582  -59.98816    35.3121    35.3099    11.3294    11.3309    26.9587    26.9567    4.13208    3.95308         40 0.0000e+00
      13892    578.787    198.000    11.3257   3.974803    11.3270   3.974695      99.77     0.0198     2.2940     1.9931  35.246117  11.448438   43.45582  -59.98816    35.3072    35.3048    11.3007    11.3021    26.9601    26.9581    4.18532    3.98503         26 0.0000e+00
      13914    579.707    199.000    11.3015   3.971897    11.3062   3.971814      71.54     0.0206     2.3033     1.9982  35.321754  11.429383   43.45582  -59.98816    35.3011    35.2977    11.2764    11.2812    26.9599    26.9564    4.19081    3.98614         20 0.0000e+00
      13932    580.469    200.000    11.1809   3.957621    11.1864   3.956583      65.92     0.0208     2.3084     2.0009  35.387657  11.421640   43.45582  -59.98816    35.2741    35.2585    11.1559    11.1614    26.9610    26.9479    4.19247    3.98871         17 0.0000e+00
      13950    581.191    201.000    10.9930   3.935712    11.0031   3.935223      98.79     0.0187     2.3105     2.0004  35.555573  11.399293   43.45582  -59.98818    35.2352    35.2206    10.9681    10.9782    26.9650    26.9518    4.18558    3.98828         18 0.0000e+00
      13968    581.948    202.000    10.8152   3.915222    10.8168   3.913931      98.63     0.0179     2.3080     1.9987  35.555416  11.398952   43.45582  -59.98818    35.2001    35.1856    10.7905    10.7921    26.9698    26.9582    4.17136    3.99629         19 0.0000e+00
      13988    582.797    203.000    10.6521   3.895976    10.6575   3.895031      62.80     0.0206     2.3035     1.9970  35.727718  11.303263   43.45582  -59.98818    35.1630    35.1482    10.6275    10.6329    26.9699    26.9575    4.16958    4.00251         22 0.0000e+00
      14012    583.788    204.000    10.4524   3.873181    10.4639   3.873554      86.68     0.0209     2.2980     1.9931  35.801899  11.263117   43.45583  -59.98818    35.1248    35.1174    10.4280    10.4395    26.9755    26.9678    4.16892    4.00039         25 0.0000e+00
      14038    584.881    205.000    10.3775   3.864573    10.3726   3.863486      98.69     0.0187     2.2902     1.9870  35.930943  11.009528   43.45584  -59.98818    35.1094    35.1031    10.3531    10.3482    26.9767    26.9726    4.14075    3.97299         27 0.0000e+00
      14064    585.940    206.000    10.2956   3.855264    10.3035   3.855449      53.52     0.0212     2.2782     1.9769  35.978119  10.911889   43.45584  -59.98818    35.0935    35.0877    10.2712    10.2791    26.9786    26.9727    4.09748    3.93762         24 0.0000e+00
      14087    586.916    207.000    10.2679   3.853090    10.2700   3.853399      97.21     0.0233     2.2658     1.9678  36.027027  10.714369   43.45584  -59.98818    35.0978    35.0988    10.2434    10.2456    26.9867    26.9872    4.07271    3.92577         23 0.0000e+00
      14109    587.837    208.000    10.3009   3.857422    10.3002   3.857143      98.64     0.0199     2.2546     1.9604  36.036671  10.665814   43.45584  -59.98818    35.1094    35.1072    10.2762    10.2756    26.9901    26.9885    4.04101    3.88654         21 0.0000e+00
      14130    588.729    209.000    10.3048   3.858115    10.3048   3.857989      68.53     0.0195     2.2421     1.9483  36.063766  10.583659   43.45584  -59.98819    35.1122    35.1109    10.2801    10.2800    26.9916    26.9906    3.99390    3.83635         21 0.0000e+00
      14151    589.586    210.000    10.3406   3.862868    10.3402   3.862897      74.48     0.0173     2.2284     1.9371  36.081345  10.530955   43.45584  -59.98820    35.1254    35.1261    10.3157    10.3152    26.9957    26.9964    3.94865    3.80003         21 0.0000e+00
      14171    590.415    211.000    10.3790   3.867963    10.3789   3.868114      98.59     0.0168     2.2128     1.9248  36.092133  10.525491   43.45584  -59.98820    35.1395    35.1412    10.3539    10.3538    27.0000    27.0013    3.90389    3.76027         19 0.0000e+00
      14191    591.266    212.000    10.4228   3.873809    10.4230   3.873865      98.63     0.0189     2.1982     1.9130  36.127686  10.509462   43.45584  -59.98820    35.1561    35.1564    10.3975    10.3977    27.0053    27.0055    3.87347    3.72821         22 0.0000e+00
      14214    592.206    213.000    10.4635   3.878998    10.4611   3.878733      52.40     0.0187     2.1827     1.8994  36.132366  10.511942   43.45586  -59.98820    35.1688    35.1685    10.4380    10.4356    27.0081    27.0083    3.82151    3.66576         24 0.0000e+00
      14240    593.290    214.000    10.4886   3.882253    10.4878   3.882248      98.56     0.0196     2.1586     1.8774  36.173859  10.531104   43.45586  -59.98820    35.1770    35.1778    10.4630    10.4621    27.0101    27.0109    3.72108    3.57448         27 0.0000e+00
      14267    594.431    215.000    10.6105   3.898030    10.6115   3.898373      85.32     0.0160     2.1265     1.8509  36.198662  10.548360   43.45586  -59.98820    35.2184    35.2209    10.5845    10.5855    27.0209    27.0226    3.61688    3.48386         27 0.0000e+00
      14293    595.503    216.000    10.6493   3.902954    10.6510   3.903149      66.73     0.0181     2.0957     1.8270  36.255375  10.583187   43.45586  -59.98820    35.2301    35.2323    10.6232    10.6252    27.0231    27.0249    3.56037    3.43863         25 0.0000e+00
      14316    596.464    217.000    10.7489   3.915361    10.7444   3.914822      98.84     0.0184     2.0741     1.8099  36.293633  10.610851   43.45586  -59.98822    35.2586    35.2575    10.7224    10.7179    27.0276    27.0275    3.54604    3.41077         21 0.0000e+00
      14336    597.308    218.000    10.7901   3.920429    10.7838   3.919982      98.63     0.0156     2.0602     1.7983  36.379162  10.669029   43.45586  -59.98822    35.2694    35.2709    10.7634    10.7572    27.0287    27.0310    3.54248    3.38687         19 0.0000e+00
      14355    598.065    219.000    10.8822   3.932116    10.8848   3.933417      35.84     0.0184     2.0516     1.7876  36.380962  10.667888   43.45586  -59.98822    35.2975    35.3081    10.8553    10.8578    27.0340    27.0418    3.52334    3.36031         18 0.0000e+00
      14372    598.786    220.000    10.9853   3.945007    10.9839   3.945104      96.04     0.0180     2.0417     1.7799  36.470375  10.740338   43.45587  -59.98822    35.3270    35.3292    10.9580    10.9567    27.0384    27.0404    3.50442    3.35056         17 0.0000e+00
      14390    599.553    221.000    11.0141   3.949064    11.0135   3.948997      98.61     0.0186     2.0357     1.7739  36.502190  10.765757   43.45588  -59.98822    35.3394    35.3392    10.9867    10.9861    27.0429    27.0428    3.50735    3.34797         20 0.0000e+00
      14413    600.509    222.000    10.9856   3.947243    10.9867   3.947049      78.06     0.0157     2.0289     1.7683  36.567303  10.834486   43.45588  -59.98822    35.3481    35.3451    10.9581    10.9592    27.0549    27.0523    3.50039    3.34318         27 0.0000e+00
      14445    601.830    223.000    10.9743   3.946287    10.9742   3.946117      80.95     0.0160     2.0214     1.7617  36.653130  10.933486   43.45588  -59.98822    35.3490    35.3474    10.9467    10.9466    27.0576    27.0564    3.49711    3.33029         34 0.0000e+00
      14475    603.086    224.000    10.9695   3.945813    10.9694   3.945594      99.27     0.0163     2.0171     1.7554  36.901623  10.972496   43.45588  -59.98822    35.3485    35.3463    10.9417    10.9417    27.0582    27.0564    3.49417    3.31775         25 0.0000e+00
      14496    603.961    225.000    10.9389   3.942735    10.9395   3.942455      45.43     0.0159     2.0139     1.7526  36.915813  10.974818   43.45588  -59.98824    35.3466    35.3432    10.9111    10.9117    27.0622    27.0594    3.49371    3.32222         19 0.0000e+00
      14514    604.694    226.000    10.9180   3.940520    10.9172   3.940043      87.11     0.0138     2.0128     1.7507  37.125401  10.976410   43.45588  -59.98824    35.3441    35.3401    10.8901    10.8893    27.0641    27.0611    3.49884    3.32382         17 0.0000e+00
      14531    605.416    227.000    10.8880   3.937279    10.8882   3.936974      98.32     0.0150     2.0116     1.7497  37.253067  10.975079   43.45588  -59.98824    35.3401    35.3369    10.8600    10.8602    27.0664    27.0638    3.49960    3.32458         18 0.0000e+00
      14550    606.227    228.000    10.8782   3.936311    10.8787   3.936159      98.63     0.0170     2.0100     1.7480  37.275238  10.973530   43.45588  -59.98824    35.3394    35.3373    10.8501    10.8507    27.0676    27.0659    3.49657    3.32171         21 0.0000e+00
      14574    607.227    229.000    10.8756   3.936111    10.8769   3.936031      52.48     0.0212     2.0082     1.7465  37.513020  10.942228   43.45590  -59.98824    35.3394    35.3373    10.8474    10.8487    27.0681    27.0663    3.48873    3.31668         26 0.0000e+00
      14601    608.352    230.000    10.8715   3.935698    10.8721   3.935547      99.40     0.0227     2.0046     1.7434  37.564526  10.935127   43.45590  -59.98824    35.3387    35.3366    10.8432    10.8438    27.0684    27.0666    3.47097    3.29873         27 0.0000e+00
      14627    609.397    231.000    10.8673   3.935287    10.8674   3.935078      89.06     0.0213     2.0008     1.7384  37.707134  10.912059   43.45590  -59.98824    35.3382    35.3362    10.8389    10.8399    27.0687    27.0672    3.46947    3.27564         24 0.0000e+00
