data/CTD/2014/CNV/d017a018.cnv
* Sea-Bird SBE 9 Data File:
* FileName = C:\CTD_ACQUISITION\2014017HUD\ctddata\017A018.hdr
* Software Version Seasave V 7.22.2
* Temperature SN = 5081
* Conductivity SN = 3561
* Number of Bytes Per Scan = 37
* Number of Voltage Words = 4
* Number of Scans Averaged by the Deck Unit = 1
* NMEA Latitude = 52 56.12 N
* NMEA Longitude = 051 12.28 W
* NMEA UTC (Time) = Jul 04 2014 19:19:31
* NMEA baud rate = 9600
** Ship: Hudson
** Cruise: HUD2014017
** Chief_Scientist: Blair Greenan
** Organization: BIO
** Area_of_Operation: Sackville Spur
** Station: 018
** Sounding:  2361
** Event_Comments: K8 403079
# nquan = 25
# nvalues = 251                         
# units = specified
# name 0 = scan: Scan Count
# name 1 = timeS: Time, Elapsed [seconds]
# name 2 = prDM: Pressure, Digiquartz [db]
# name 3 = t068C: Temperature [ITS-68, deg C]
# name 4 = c0S/m: Conductivity [S/m]
# name 5 = t168C: Temperature, 2 [ITS-68, deg C]
# name 6 = c1S/m: Conductivity, 2 [S/m]
# name 7 = altM: Altimeter [m]
# name 8 = flC: Fluorescence, Chelsea Aqua 3 Chl Con [ug/l]
# name 9 = sbeox0V: Oxygen raw, SBE 43 [V]
# name 10 = sbeox1V: Oxygen raw, SBE 43, 2 [V]
# name 11 = upoly0: Upoly 0, Optode 4330F - O2 D-Phase
# name 12 = upoly1: Upoly 1, Optode 4330F - O2 Temp
# name 13 = latitude: Latitude [deg]
# name 14 = longitude: Longitude [deg]
# name 15 = sal00: Salinity, Practical [PSU]
# name 16 = sal11: Salinity, Practical, 2 [PSU]
# name 17 = potemp068C: Potential Temperature [ITS-68, deg C]
# name 18 = potemp168C: Potential Temperature, 2 [ITS-68, deg C]
# name 19 = sigma-é00: Density [sigma-theta, Kg/m^3]
# name 20 = sigma-é11: Density, 2 [sigma-theta, Kg/m^3]
# name 21 = sbeox0ML/L: Oxygen, SBE 43 [ml/l], WS = 2
# name 22 = sbeox1ML/L: Oxygen, SBE 43, 2 [ml/l], WS = 2
# name 23 = nbin: number of scans per bin
# name 24 = flag: flag
# span 0 =       8621,      16073       
# span 1 =    359.149,    669.654       
# span 2 =      2.000,    252.000       
# span 3 =     3.4525,     8.1381       
# span 4 =   3.193412,   3.559716       
# span 5 =     3.4523,     8.1376       
# span 6 =   3.193438,   3.559733       
# span 7 =      -0.59,     100.90       
# span 8 =     0.0099,     0.3272       
# span 9 =     2.9654,     3.4852       
# span 10 =     2.6162,     3.0493      
# span 11 =  29.999857,  33.174763      
# span 12 =  3.4533780,  8.1475925      
# span 13 =   52.93488,   52.93538      
# span 14 =  -51.20264,  -51.20240      
# span 15 =    34.1914,    34.8326      
# span 16 =    34.1846,    34.8330      
# span 17 =     3.4408,     8.1377      
# span 18 =     3.4405,     8.1372      
# span 19 =    26.6288,    27.7053      
# span 20 =    26.6295,    27.7056      
# span 21 =    6.83136,    7.47551      
# span 22 =    6.85347,    7.49100      
# span 23 =         11,         87      
# span 24 = 0.0000e+00, 0.0000e+00      
# interval = decibars: 1                
# start_time = Jul 04 2014 19:19:31 [NMEA time, header]
# bad_flag = -9.990e-29
*END*
       8621    359.149      2.000     8.0807   3.554187     8.0867   3.554835      -0.59     0.2026     3.4708     3.0459  30.017206  8.0936422   52.93488  -51.20262    34.2025    34.2036     8.0805     8.0865    26.6358    26.6357    7.18074    7.15753         37 0.0000e+00
       8697    362.326      3.000     8.1178   3.557726     8.1231   3.558310      66.80     0.1716     3.4683     3.0448  30.004219  8.1170416   52.93489  -51.20262    34.2037    34.2047     8.1175     8.1228    26.6312    26.6312    7.16041    7.15127         72 0.0000e+00
       8751    364.588      4.000     8.1381   3.559716     8.1376   3.559733      98.42     0.1619     3.4642     3.0448  30.014578  8.1184263   52.93490  -51.20262    34.2046    34.2053     8.1377     8.1372    26.6289    26.6295    7.15783    7.14687         38 0.0000e+00
       8794    366.386      5.000     8.1364   3.559555     8.1344   3.559431      98.65     0.1658     3.4655     3.0445  30.014652  8.1190643   52.93490  -51.20262    34.2041    34.2047     8.1359     8.1339    26.6288    26.6295    7.17646    7.15249         47 0.0000e+00
       8842    368.355      6.000     8.1067   3.556774     8.1162   3.557607      98.66     0.1767     3.4701     3.0471  30.004889  8.1427221   52.93490  -51.20262    34.2029    34.2025     8.1061     8.1156    26.6322    26.6305    7.18752    7.16139         46 0.0000e+00
       8881    370.005      7.000     8.0369   3.550034     8.0380   3.550089      98.65     0.1902     3.4685     3.0450  29.999857  8.1475925   52.93490  -51.20262    34.1985    34.1980     8.0362     8.0373    26.6392    26.6387    7.18023    7.16307         33 0.0000e+00
       8910    371.213      8.000     7.9913   3.545565     7.9950   3.545907      98.65     0.2116     3.4672     3.0450  30.013247  8.1307249   52.93490  -51.20262    34.1947    34.1947     7.9905     7.9942    26.6431    26.6425    7.19161    7.17709         29 0.0000e+00
       8975    373.937      9.000     7.9650   3.543244     7.9624   3.543008      98.65     0.2512     3.4689     3.0448  30.038702  8.0722561   52.93490  -51.20261    34.1950    34.1950     7.9642     7.9615    26.6472    26.6476    7.20815    7.17743         71 0.0000e+00
       9032    376.300     10.000     7.9195   3.539670     7.9188   3.539625      98.66     0.2519     3.4689     3.0408  30.044090  8.0395842   52.93490  -51.20260    34.2007    34.2009     7.9186     7.9178    26.6584    26.6587    7.20466    7.16199         27 0.0000e+00
       9056    377.289     11.000     7.9060   3.538743     7.9053   3.538709      98.66     0.2716     3.4673     3.0397  30.051718  8.0211897   52.93490  -51.20260    34.2035    34.2038     7.9049     7.9042    26.6626    26.6630    7.18841    7.15834         24 0.0000e+00
       9096    378.947     12.000     7.8999   3.538491     7.9007   3.538707      85.50     0.2895     3.4567     3.0284  30.057554  7.9931397   52.93492  -51.20260    34.2063    34.2078     7.8987     7.8996    26.6657    26.6668    7.15506    7.11622         65 0.0000e+00
       9186    382.728     13.000     7.8985   3.538174     7.8960   3.537988     100.90     0.2949     3.4717     3.0379  30.058609  7.9696088   52.93492  -51.20260    34.2037    34.2043     7.8972     7.8947    26.6639    26.6647    7.31235    7.24551         41 0.0000e+00
       9210    383.697     14.000     7.8393   3.532560     7.8433   3.532860      98.66     0.2994     3.4818     3.0457  30.058609  7.9559431   52.93492  -51.20260    34.2009    34.2003     7.8379     7.8419    26.6705    26.6693    7.30068    7.24465         25 0.0000e+00
       9234    384.716     15.000     7.7364   3.522356     7.7318   3.521306      98.66     0.2987     3.4852     3.0490  30.058609  7.9535437   52.93492  -51.20260    34.1914    34.1846     7.7350     7.7304    26.6780    26.6733    7.29789    7.25182         26 0.0000e+00
       9268    386.121     16.000     7.3217   3.485726     7.3203   3.485070      98.49     0.3000     3.4836     3.0493  30.091690  7.9254923   52.93492  -51.20260    34.2022    34.1963     7.3202     7.3188    26.7458    26.7413    7.33807    7.31265         45 0.0000e+00
       9331    388.759     17.000     7.1962   3.475962     7.1959   3.475922      90.51     0.3093     3.4744     3.0429  30.178455  7.7151318   52.93493  -51.20260    34.2190    34.2192     7.1947     7.1944    26.7768    26.7770    7.31348    7.28785         68 0.0000e+00
       9381    390.819     18.000     7.2050   3.478081     7.2051   3.478212      98.89     0.3217     3.4634     3.0342  30.178398  7.4994316   52.93494  -51.20260    34.2334    34.2347     7.2033     7.2035    26.7869    26.7879    7.28924    7.25797         37 0.0000e+00
       9412    392.134     19.000     7.1735   3.477082     7.1750   3.477096      98.65     0.3272     3.4595     3.0287  30.191570  7.4382877   52.93494  -51.20260    34.2532    34.2519     7.1717     7.1732    26.8069    26.8057    7.29401    7.25145         29 0.0000e+00
       9442    393.391     20.000     7.1663   3.478334     7.1651   3.478240      98.65     0.3268     3.4528     3.0227  30.182226  7.3970356   52.93494  -51.20260    34.2735    34.2736     7.1645     7.1632    26.8239    26.8242    7.25179    7.23318         33 0.0000e+00
       9480    394.973     21.000     7.1247   3.475036     7.1239   3.474924      89.36     0.3255     3.4429     3.0189  30.178272  7.3577228   52.93494  -51.20260    34.2783    34.2779     7.1228     7.1219    26.8335    26.8333    7.24266    7.24275         44 0.0000e+00
       9523    396.754     22.000     7.0626   3.469774     7.0558   3.469002      96.28     0.3236     3.4315     3.0108  30.186722  7.3336077   52.93494  -51.20260    34.2818    34.2801     7.0606     7.0538    26.8449    26.8445    7.21919    7.20261         35 0.0000e+00
       9551    397.925     23.000     7.0122   3.466157     7.0126   3.466350      98.63     0.3108     3.4258     3.0033  30.232857  7.2982750   52.93494  -51.20260    34.2918    34.2936     7.0101     7.0105    26.8597    26.8611    7.22527    7.18876         26 0.0000e+00
       9579    399.099     24.000     7.0293   3.468999     7.0295   3.468998      98.65     0.2926     3.4188     2.9962  30.238146  7.2646432   52.93496  -51.20260    34.3055    34.3055     7.0271     7.0274    26.8682    26.8682    7.20469    7.17962         33 0.0000e+00
       9633    401.319     25.000     6.9780   3.465206     6.9863   3.465752      98.46     0.2714     3.4145     2.9913  30.256601  7.1955957   52.93496  -51.20260    34.3145    34.3122     6.9757     6.9840    26.8823    26.8794    7.23144    7.19502         71 0.0000e+00
       9687    403.580     26.000     6.7977   3.451101     6.7934   3.450560      58.98     0.2690     3.4102     2.9854  30.298582  7.1714001   52.93496  -51.20261    34.3386    34.3369     6.7954     6.7911    26.9260    26.9252    7.24529    7.21338         32 0.0000e+00
       9716    404.775     27.000     6.6964   3.443557     6.6933   3.443149      98.17     0.2450     3.4090     2.9856  30.319683  7.1482525   52.93498  -51.20262    34.3562    34.3538     6.6940     6.6909    26.9535    26.9520    7.27137    7.24462         31 0.0000e+00
       9754    406.370     28.000     6.5453   3.431697     6.5438   3.431494      98.65     0.1950     3.4105     2.9882  30.378170  6.9835658   52.93497  -51.20261    34.3759    34.3747     6.5428     6.5414    26.9892    26.9884    7.31545    7.29546         51 0.0000e+00
       9807    408.587     29.000     6.4794   3.426275     6.4790   3.426086      98.65     0.1534     3.4134     2.9910  30.447275  6.8457751   52.93498  -51.20262    34.3807    34.3796     6.4775     6.4765    27.0017    27.0010    7.30763    7.28592         40 0.0000e+00
       9833    409.684     30.000     6.3695   3.417339     6.3698   3.417222      39.10     0.1571     3.4058     2.9853  30.453682  6.8404608   52.93498  -51.20262    34.3919    34.3904     6.3669     6.3672    27.0251    27.0238    7.23254    7.23733         21 0.0000e+00
       9854    410.540     31.000     6.3465   3.415621     6.3464   3.415599      97.28     0.1437     3.3939     2.9771  30.454195  6.8388753   52.93498  -51.20261    34.3955    34.3953     6.3438     6.3437    27.0309    27.0308    7.22123    7.23124         22 0.0000e+00
       9898    412.372     32.000     6.3441   3.415601     6.3306   3.414268      98.66     0.1313     3.3946     2.9761  30.528122  6.6767097   52.93498  -51.20260    34.3970    34.3975     6.3415     6.3279    27.0324    27.0348    7.31596    7.27707         42 0.0000e+00
       9985    416.019     33.000     6.2875   3.411147     6.2646   3.408955      98.65     0.1373     3.4205     2.9894  30.561741  6.5834126   52.93500  -51.20262    34.4040    34.4026     6.2847     6.2618    27.0453    27.0472    7.39986    7.34098         23 0.0000e+00
      10005    416.841     34.000     5.9892   3.387429     5.9898   3.386497      98.65     0.1358     3.4166     2.9866  30.558285  6.5848594   52.93500  -51.20262    34.4395    34.4284     5.9863     5.9869    27.1116    27.1027    7.38051    7.33570         20 0.0000e+00
      10028    417.777     35.000     5.7912   3.371710     5.7919   3.371517      98.65     0.1303     3.4110     2.9796  30.598618  6.4708934   52.93500  -51.20262    34.4629    34.4600     5.7883     5.7891    27.1550    27.1526    7.36803    7.32879         26 0.0000e+00
      10065    419.350     36.000     5.5879   3.354104     5.5860   3.353784      98.59     0.1337     3.3970     2.9675  30.672041  6.2982912   52.93500  -51.20263    34.4701    34.4685     5.5850     5.5830    27.1857    27.1847    7.38522    7.33591         55 0.0000e+00
      10138    422.366     37.000     5.5043   3.346778     5.4928   3.346029      98.65     0.1299     3.3853     2.9549  30.717382  6.0135427   52.93500  -51.20262    34.4718    34.4750     5.5013     5.4899    27.1973    27.2012    7.40495    7.36988         80 0.0000e+00
      10194    424.724     38.000     5.1907   3.320179     5.1258   3.313937      98.61     0.1294     3.3777     2.9539  30.783569  5.9979281   52.93500  -51.20262    34.4888    34.4839     5.1878     5.1228    27.2481    27.2519    7.41093    7.41049         31 0.0000e+00
      10219    425.759     39.000     4.8523   3.290432     4.8535   3.290090      98.63     0.1267     3.3717     2.9514  30.820194  5.7709970   52.93500  -51.20262    34.4944    34.4892     4.8493     4.8505    27.2918    27.2876    7.46690    7.48335         23 0.0000e+00
      10245    426.815     40.000     4.7757   3.283433     4.7721   3.282856      95.40     0.1152     3.3668     2.9511  30.842163  5.7081079   52.93500  -51.20262    34.4920    34.4891     4.7727     4.7691    27.2986    27.2966    7.47551    7.49100         30 0.0000e+00
      10312    429.609     41.000     4.7674   3.282656     4.7698   3.282869      98.77     0.0997     3.3573     2.9429  30.999788  5.2191257   52.93501  -51.20262    34.4911    34.4910     4.7644     4.7668    27.2987    27.2984    7.46115    7.46588         87 0.0000e+00
      10371    432.089     42.000     4.7034   3.277205     4.7022   3.277044      98.54     0.1086     3.3490     2.9407  31.040791  5.1578569   52.93502  -51.20262    34.4936    34.4929     4.7002     4.6991    27.3080    27.3076    7.45147    7.47337         30 0.0000e+00
      10398    433.218     43.000     4.6795   3.275128     4.6796   3.275057      98.65     0.1040     3.3450     2.9370  31.040293  5.1170468   52.93504  -51.20262    34.4937    34.4927     4.6763     4.6765    27.3107    27.3099    7.44537    7.46666         26 0.0000e+00
      10426    434.373     44.000     4.6306   3.270843     4.6298   3.270655      98.65     0.0927     3.3411     2.9360  31.040293  5.0621610   52.93504  -51.20263    34.4939    34.4926     4.6274     4.6266    27.3164    27.3154    7.44406    7.47168         30 0.0000e+00
      10462    435.889     45.000     4.5684   3.265616     4.5703   3.265730      98.65     0.0870     3.3355     2.9317  31.087297  4.9757457   52.93504  -51.20264    34.4972    34.4965     4.5651     4.5670    27.3258    27.3250    7.44119    7.46751         47 0.0000e+00
      10527    438.595     46.000     4.5360   3.262996     4.5469   3.263940      98.56     0.0782     3.3246     2.9212  31.123314  4.8966923   52.93505  -51.20263    34.4997    34.4995     4.5326     4.5435    27.3314    27.3300    7.40827    7.42567         67 0.0000e+00
      10573    440.521     47.000     4.4969   3.259885     4.4999   3.260097      98.65     0.0805     3.3155     2.9136  31.152624  4.8852262   52.93506  -51.20262    34.5036    34.5029     4.4935     4.4965    27.3388    27.3379    7.39102    7.40787         36 0.0000e+00
      10615    442.232     48.000     4.4397   3.255053     4.4471   3.255637      98.65     0.0744     3.3062     2.9035  31.171726  4.7755938   52.93506  -51.20262    34.5060    34.5051     4.4363     4.4437    27.3469    27.3454    7.37839    7.38113         48 0.0000e+00
      10661    444.185     49.000     4.3798   3.250066     4.3888   3.250719      98.26     0.0704     3.2986     2.8961  31.202372  4.7020140   52.93506  -51.20263    34.5096    34.5078     4.3763     4.3853    27.3563    27.3539    7.38475    7.39734         40 0.0000e+00
      10696    445.608     50.000     4.2735   3.241117     4.2750   3.241196      98.65     0.0720     3.2942     2.8927  31.234053  4.6524987   52.93506  -51.20264    34.5149    34.5142     4.2699     4.2715    27.3720    27.3713    7.39487    7.42410         32 0.0000e+00
      10729    447.010     51.000     4.2365   3.238133     4.2402   3.238386      98.65     0.0679     3.2907     2.8924  31.278046  4.6015358   52.93506  -51.20264    34.5179    34.5171     4.2329     4.2366    27.3783    27.3773    7.40059    7.42869         36 0.0000e+00
      10769    448.651     52.000     4.1437   3.230200     4.1522   3.230816      98.65     0.0637     3.2861     2.8887  31.351723  4.5168829   52.93507  -51.20263    34.5211    34.5194     4.1400     4.1486    27.3907    27.3884    7.39892    7.43079         43 0.0000e+00
      10823    450.937     53.000     4.1153   3.227843     4.1161   3.227929      98.43     0.0639     3.2808     2.8864  31.404610  4.4291568   52.93508  -51.20262    34.5222    34.5224     4.1117     4.1124    27.3945    27.3946    7.39823    7.43183         71 0.0000e+00
      10883    453.430     54.000     4.1140   3.228808     4.1130   3.228696      98.67     0.0607     3.2753     2.8827  31.461502  4.3578897   52.93508  -51.20262    34.5348    34.5345     4.1102     4.1092    27.4047    27.4045    7.39286    7.43422         36 0.0000e+00
      10912    454.617     55.000     4.0990   3.227592     4.0991   3.227617      98.65     0.0584     3.2746     2.8829  31.465275  4.3577080   52.93508  -51.20262    34.5355    34.5357     4.0952     4.0953    27.4068    27.4070    7.39566    7.43828         28 0.0000e+00
      10942    455.881     56.000     4.0980   3.227739     4.0977   3.227731      98.65     0.0599     3.2725     2.8818  31.531580  4.2961259   52.93508  -51.20262    34.5378    34.5380     4.0941     4.0938    27.4088    27.4090    7.38463    7.42105         35 0.0000e+00
      10989    457.829     57.000     4.0996   3.228089     4.0994   3.228168      83.14     0.0571     3.2678     2.8781  31.557850  4.2604814   52.93508  -51.20262    34.5397    34.5407     4.0957     4.0955    27.4101    27.4110    7.36560    7.40942         55 0.0000e+00
      11035    459.755     58.000     4.1095   3.229212     4.1079   3.229148      99.19     0.0523     3.2628     2.8738  31.567293  4.2499199   52.93509  -51.20262    34.5421    34.5430     4.1055     4.1039    27.4110    27.4119    7.35254    7.38954         36 0.0000e+00
