data/CTD/2014/CNV/d017a045.cnv
* Sea-Bird SBE 9 Data File:
* FileName = C:\CTD_ACQUISITION\2014017HUD\ctddata\017A045.hdr
* Software Version Seasave V 7.22.2
* Temperature SN = 5081
* Conductivity SN = 3561
* Number of Bytes Per Scan = 37
* Number of Voltage Words = 4
* Number of Scans Averaged by the Deck Unit = 1
* NMEA Latitude = 47 58.49 N
* NMEA Longitude = 046 09.17 W
* NMEA UTC (Time) = Jul 10 2014 21:15:35
* NMEA baud rate = 9600
** Ship: Hudson
** Cruise: HUD2014017
** Chief_Scientist: Blair Greenan
** Organization: BIO
** Area_of_Operation: Sackville Spur
** Station: 045
** Sounding:  1057
** Event_Comments: SS_17, 403259
# nquan = 25
# nvalues = 1080                        
# units = specified
# name 0 = scan: Scan Count
# name 1 = timeS: Time, Elapsed [seconds]
# name 2 = prDM: Pressure, Digiquartz [db]
# name 3 = t068C: Temperature [ITS-68, deg C]
# name 4 = c0S/m: Conductivity [S/m]
# name 5 = t168C: Temperature, 2 [ITS-68, deg C]
# name 6 = c1S/m: Conductivity, 2 [S/m]
# name 7 = altM: Altimeter [m]
# name 8 = flC: Fluorescence, Chelsea Aqua 3 Chl Con [ug/l]
# name 9 = sbeox0V: Oxygen raw, SBE 43 [V]
# name 10 = sbeox1V: Oxygen raw, SBE 43, 2 [V]
# name 11 = upoly0: Upoly 0, Optode 4330F - O2 D-Phase
# name 12 = upoly1: Upoly 1, Optode 4330F - O2 Temp
# name 13 = latitude: Latitude [deg]
# name 14 = longitude: Longitude [deg]
# name 15 = sal00: Salinity, Practical [PSU]
# name 16 = sal11: Salinity, Practical, 2 [PSU]
# name 17 = potemp068C: Potential Temperature [ITS-68, deg C]
# name 18 = potemp168C: Potential Temperature, 2 [ITS-68, deg C]
# name 19 = sigma-é00: Density [sigma-theta, Kg/m^3]
# name 20 = sigma-é11: Density, 2 [sigma-theta, Kg/m^3]
# name 21 = sbeox0ML/L: Oxygen, SBE 43 [ml/l], WS = 2
# name 22 = sbeox1ML/L: Oxygen, SBE 43, 2 [ml/l], WS = 2
# name 23 = nbin: number of scans per bin
# name 24 = flag: flag
# span 0 =       5838,      36200       
# span 1 =    243.202,   1508.307       
# span 2 =      2.000,   1081.000       
# span 3 =     2.7291,     8.1726       
# span 4 =   3.095656,   3.525581       
# span 5 =     2.7274,     8.1722       
# span 6 =   3.093728,   3.525371       
# span 7 =       1.85,     102.25       
# span 8 =     0.0076,     0.3735       
# span 9 =     2.5205,     3.5660       
# span 10 =     2.2250,     3.1252      
# span 11 =  29.884775,  34.792065      
# span 12 =  2.7046292,  8.2224941      
# span 13 =   47.97522,   47.97604      
# span 14 =  -46.15422,  -46.15216      
# span 15 =    33.1695,    34.9145      
# span 16 =    33.1683,    34.9144      
# span 17 =     2.7221,     8.1721      
# span 18 =     2.7204,     8.1718      
# span 19 =    25.8115,    27.7703      
# span 20 =    25.8105,    27.7701      
# span 21 =    6.20357,    7.67228      
# span 22 =    6.18426,    7.69839      
# span 23 =         13,        124      
# span 24 = 0.0000e+00, 0.0000e+00      
# interval = decibars: 1                
# start_time = Jul 10 2014 21:15:35 [NMEA time, header]
# bad_flag = -9.990e-29
*END*
[from data line 638]
      24768   1031.977    640.000     3.9261   3.267706     3.9259   3.267612      96.95     0.0170     2.7474     2.4269  33.804638  3.9260015   47.97546  -46.15396    34.8818    34.8810     3.8794     3.8806    27.7048    27.7042    6.47273    6.48752         25 0.0000e+00
      24798   1033.205    641.000     3.9261   3.267744     3.9258   3.267657      90.29     0.0161     2.7465     2.4260  33.803089  3.9242730   47.97546  -46.15396    34.8818    34.8811     3.8793     3.8790    27.7048    27.7043    6.47686    6.48115         32 0.0000e+00
      24827   1034.435    642.000     3.9261   3.267786     3.9258   3.267699      60.81     0.0151     2.7459     2.4250  33.809620  3.9221406   47.97546  -46.15396    34.8817    34.8810     3.8792     3.8789    27.7048    27.7042    6.48149    6.48350         27 0.0000e+00
      24853   1035.517    643.000     3.9261   3.267832     3.9258   3.267745      99.20     0.0185     2.7468     2.4249  33.811905  3.9252725   47.97548  -46.15396    34.8818    34.8811     3.8791     3.8788    27.7049    27.7043    6.48093    6.48957         25 0.0000e+00
      24878   1036.538    644.000     3.9260   3.267881     3.9258   3.267797      74.47     0.0179     2.7455     2.4251  33.811348  3.9275930   47.97548  -46.15396    34.8819    34.8811     3.8790     3.8788    27.7049    27.7043    6.47671    6.49181         24 0.0000e+00
      24900   1037.453    645.000     3.9260   3.267924     3.9258   3.267841      62.70     0.0204     2.7460     2.4253  33.825142  3.9274712   47.97548  -46.15396    34.8819    34.8812     3.8789     3.8786    27.7050    27.7044    6.48512    6.49492         20 0.0000e+00
      24919   1038.234    646.000     3.9257   3.267951     3.9254   3.267860      47.78     0.0186     2.7458     2.4256  33.831547  3.9279642   47.97548  -46.15398    34.8820    34.8812     3.8785     3.8782    27.7051    27.7045    6.47957    6.49897         18 0.0000e+00
      24936   1038.945    647.000     3.9251   3.267943     3.9250   3.267861      96.82     0.0152     2.7454     2.4259  33.830235  3.9279609   47.97548  -46.15398    34.8821    34.8812     3.8778     3.8777    27.7052    27.7045    6.48015    6.50071         17 0.0000e+00
      24953   1039.667    648.000     3.9247   3.267952     3.9244   3.267867      63.34     0.0140     2.7456     2.4262  33.825134  3.9279609   47.97548  -46.15398    34.8821    34.8813     3.8773     3.8771    27.7053    27.7047    6.48636    6.49751         18 0.0000e+00
      24975   1040.571    649.000     3.9248   3.268014     3.9246   3.267933      74.01     0.0141     2.7457     2.4259  33.827293  3.9272788   47.97548  -46.15398    34.8821    34.8814     3.8774     3.8772    27.7053    27.7047    6.48533    6.49181         27 0.0000e+00
      25016   1042.286    650.000     3.9253   3.268093     3.9249   3.267999      80.39     0.0134     2.7452     2.4248  33.829163  3.9206493   47.97548  -46.15398    34.8820    34.8813     3.8778     3.8774    27.7051    27.7046    6.48066    6.48895         48 0.0000e+00
      25051   1043.766    651.000     3.9254   3.268153     3.9252   3.268083      82.55     0.0150     2.7446     2.4247  33.830986  3.9273572   47.97549  -46.15398    34.8821    34.8815     3.8778     3.8777    27.7052    27.7047    6.48270    6.49474         26 0.0000e+00
      25074   1044.711    652.000     3.9258   3.268239     3.9254   3.268157      98.67     0.0172     2.7446     2.4245  33.831856  3.9279625   47.97550  -46.15397    34.8822    34.8816     3.8781     3.8778    27.7053    27.7048    6.48169    6.49457         21 0.0000e+00
      25094   1045.528    653.000     3.9256   3.268278     3.9254   3.268200      68.88     0.0163     2.7444     2.4248  33.831886  3.9279609   47.97550  -46.15396    34.8824    34.8817     3.8778     3.8776    27.7054    27.7049    6.48885    6.49886         19 0.0000e+00
      25112   1046.303    654.000     3.9245   3.268209     3.9243   3.268132      38.71     0.0165     2.7450     2.4247  33.829094  3.9279609   47.97550  -46.15398    34.8822    34.8814     3.8766     3.8765    27.7054    27.7048    6.49077    6.49947         18 0.0000e+00
      25131   1047.090    655.000     3.9221   3.268026     3.9218   3.267941      99.17     0.0151     2.7449     2.4249  33.834248  3.9279609   47.97552  -46.15398    34.8821    34.8813     3.8742     3.8740    27.7056    27.7050    6.48746    6.49686         19 0.0000e+00
      25151   1047.931    656.000     3.9200   3.267888     3.9197   3.267794      98.64     0.0133     2.7447     2.4244  33.838795  3.9279609   47.97552  -46.15398    34.8821    34.8813     3.8721     3.8718    27.7058    27.7052    6.48794    6.49039         22 0.0000e+00
      25174   1048.884    657.000     3.9197   3.267906     3.9194   3.267807      45.05     0.0128     2.7446     2.4236  33.838829  3.9267552   47.97552  -46.15398    34.8821    34.8813     3.8717     3.8714    27.7059    27.7052    6.48939    6.48610         24 0.0000e+00
      25201   1049.995    658.000     3.9196   3.267944     3.9193   3.267851      97.17     0.0130     2.7446     2.4227  33.837822  3.9195735   47.97552  -46.15398    34.8821    34.8813     3.8715     3.8712    27.7059    27.7053    6.49027    6.48983         29 0.0000e+00
      25231   1051.230    659.000     3.9196   3.267987     3.9194   3.267901      89.30     0.0169     2.7444     2.4221  33.844208  3.9188435   47.97552  -46.15398    34.8821    34.8813     3.8715     3.8712    27.7058    27.7053    6.48869    6.48210         30 0.0000e+00
      25261   1052.514    660.000     3.9196   3.268027     3.9193   3.267935      62.21     0.0183     2.7442     2.4206  33.856754  3.9181745   47.97552  -46.15398    34.8821    34.8813     3.8713     3.8710    27.7059    27.7053    6.49050    6.48331         30 0.0000e+00
      25288   1053.605    661.000     3.9196   3.268083     3.9193   3.267995      99.33     0.0204     2.7441     2.4209  33.834587  3.9181929   47.97553  -46.15398    34.8822    34.8815     3.8713     3.8710    27.7060    27.7054    6.49419    6.49500         23 0.0000e+00
      25308   1054.451    662.000     3.9193   3.268112     3.9190   3.268024      87.30     0.0201     2.7445     2.4209  33.832272  3.9181929   47.97554  -46.15398    34.8824    34.8816     3.8709     3.8706    27.7062    27.7055    6.48934    6.48582         18 0.0000e+00
      25326   1055.198    663.000     3.9189   3.268116     3.9185   3.268027      33.31     0.0165     2.7437     2.4202  33.837269  3.9192934   47.97554  -46.15398    34.8823    34.8816     3.8704     3.8700    27.7061    27.7056    6.48446    6.48117         18 0.0000e+00
      25344   1055.946    664.000     3.9184   3.268120     3.9181   3.268035      97.58     0.0165     2.7431     2.4196  33.838802  3.9197278   47.97554  -46.15398    34.8823    34.8816     3.8699     3.8696    27.7062    27.7057    6.48995    6.48501         19 0.0000e+00
      25364   1056.783    665.000     3.9181   3.268146     3.9178   3.268056      55.50     0.0197     2.7433     2.4196  33.838829  3.9199610   47.97554  -46.15398    34.8825    34.8817     3.8695     3.8692    27.7064    27.7058    6.48521    6.48915         22 0.0000e+00
      25390   1057.859    666.000     3.9176   3.268145     3.9174   3.268060      52.85     0.0217     2.7424     2.4195  33.838829  3.9182532   47.97555  -46.15398    34.8824    34.8817     3.8689     3.8699    27.7064    27.7058    6.48874    6.49139         30 0.0000e+00
      25424   1059.310    667.000     3.9174   3.268168     3.9171   3.268083      98.58     0.0184     2.7425     2.4198  33.838829  3.9181929   47.97556  -46.15398    34.8824    34.8817     3.8686     3.8683    27.7064    27.7059    6.49050    6.49488         38 0.0000e+00
      25459   1060.735    668.000     3.9174   3.268214     3.9170   3.268128      57.86     0.0168     2.7416     2.4198  33.838829  3.9181929   47.97556  -46.15398    34.8824    34.8818     3.8685     3.8682    27.7064    27.7059    6.48569    6.49068         28 0.0000e+00
      25482   1061.702    669.000     3.9172   3.268252     3.9169   3.268160      84.72     0.0190     2.7414     2.4196  33.856663  3.9181929   47.97556  -46.15398    34.8826    34.8818     3.8682     3.8740    27.7066    27.7060    6.48681    6.49058         20 0.0000e+00
      25500   1062.468    670.000     3.9173   3.268312     3.9170   3.268213      98.81     0.0222     2.7410     2.4193  33.857807  3.9181929   47.97556  -46.15398    34.8827    34.8818     3.8682     3.8679    27.7067    27.7060    6.48185    6.48986         17 0.0000e+00
      25517   1063.155    671.000     3.9173   3.268364     3.9172   3.268298      98.64     0.0215     2.7401     2.4189  33.850639  3.9188116   47.97556  -46.15400    34.8828    34.8821     3.8682     3.8681    27.7067    27.7062    6.48105    6.49102         16 0.0000e+00
      25533   1063.828    672.000     3.9180   3.268500     3.9177   3.268412      43.28     0.0204     2.7400     2.4190  33.838924  3.9181979   47.97557  -46.15399    34.8831    34.8823     3.8688     3.8686    27.7069    27.7063    6.48735    6.49378         17 0.0000e+00
      25551   1064.583    673.000     3.9186   3.268605     3.9183   3.268515       7.38     0.0185     2.7401     2.4189  33.838829  3.9181929   47.97558  -46.15399    34.8831    34.8824     3.8694     3.8691    27.7069    27.7064    6.48618    6.49120         20 0.0000e+00
      25581   1065.832    674.000     3.9191   3.268683     3.9187   3.268598      82.15     0.0160     2.7390     2.4181  33.839123  3.9181929   47.97558  -46.15400    34.8831    34.8824     3.8697     3.8694    27.7068    27.7063    6.47915    6.48342         45 0.0000e+00
      25625   1067.655    675.000     3.9192   3.268747     3.9189   3.268656      52.10     0.0175     2.7376     2.4168  33.838806  3.9181929   47.97558  -46.15400    34.8831    34.8824     3.8698     3.8695    27.7069    27.7063    6.47781    6.48265         31 0.0000e+00
      25648   1068.620    676.000     3.9192   3.268794     3.9189   3.268702      98.42     0.0233     2.7370     2.4160  33.838829  3.9181929   47.97558  -46.15400    34.8832    34.8824     3.8697     3.8694    27.7070    27.7064    6.47421    6.47470         21 0.0000e+00
      25668   1069.442    677.000     3.9191   3.268830     3.9188   3.268743      83.31     0.0228     2.7362     2.4152  33.852444  3.9237394   47.97558  -46.15400    34.8832    34.8825     3.8695     3.8692    27.7070    27.7064    6.47993    6.47488         19 0.0000e+00
      25687   1070.229    678.000     3.9186   3.268831     3.9184   3.268742      35.78     0.0204     2.7367     2.4145  33.859993  3.9241621   47.97558  -46.15400    34.8832    34.8824     3.8690     3.8687    27.7070    27.7064    6.48728    6.47666         18 0.0000e+00
      25706   1071.038    679.000     3.9193   3.268957     3.9188   3.268843      98.35     0.0146     2.7364     2.4142  33.861153  3.9219239   47.97558  -46.15400    34.8835    34.8826     3.8695     3.8709    27.7072    27.7065    6.48652    6.48462         21 0.0000e+00
      25727   1071.920    680.000     3.9193   3.268998     3.9191   3.268911      36.67     0.0092     2.7369     2.4148  33.855591  3.9182656   47.97558  -46.15400    34.8834    34.8826     3.8695     3.8693    27.7071    27.7065    6.48608    6.49325         22 0.0000e+00
      25751   1072.926    681.000     3.9195   3.269052     3.9193   3.268975      94.96     0.0130     2.7362     2.4151  33.858799  3.9181929   47.97558  -46.15400    34.8834    34.8826     3.8696     3.8694    27.7071    27.7065    6.47600    6.48524         27 0.0000e+00
      25784   1074.295    682.000     3.9190   3.269042     3.9192   3.268996      68.88     0.0183     2.7352     2.4139  33.860218  3.9181929   47.97560  -46.15400    34.8832    34.8824     3.8690     3.8693    27.7070    27.7064    6.47910    6.47350         37 0.0000e+00
      25816   1075.636    683.000     3.9153   3.268707     3.9151   3.268615      69.65     0.0170     2.7347     2.4127  33.856865  3.9181929   47.97560  -46.15400    34.8827    34.8818     3.8652     3.8651    27.7070    27.7063    6.47852    6.47680         25 0.0000e+00
      25838   1076.524    684.000     3.9128   3.268547     3.9128   3.268477      98.73     0.0148     2.7343     2.4127  33.855675  3.9181929   47.97560  -46.15400    34.8829    34.8822     3.8627     3.8648    27.7074    27.7068    6.47888    6.48703         20 0.0000e+00
      25856   1077.311    685.000     3.9180   3.269211     3.9181   3.269145      98.64     0.0155     2.7339     2.4130  33.856735  3.9181929   47.97560  -46.15400    34.8843    34.8838     3.8681     3.8679    27.7080    27.7076    6.47902    6.48864         18 0.0000e+00
      25875   1078.094    686.000     3.9189   3.269291     3.9192   3.269264      98.64     0.0157     2.7334     2.4133  33.864380  3.9181929   47.97560  -46.15400    34.8842    34.8835     3.8686     3.8689    27.7078    27.7073    6.47103    6.48036         19 0.0000e+00
      25895   1078.921    687.000     3.9168   3.269145     3.9172   3.269120      98.63     0.0157     2.7325     2.4122  33.859039  3.9181929   47.97560  -46.15400    34.8841    34.8835     3.8665     3.8668    27.7080    27.7074    6.47223    6.46572         21 0.0000e+00
      25917   1079.818    688.000     3.9176   3.269263     3.9175   3.269192      45.41     0.0154     2.7322     2.4107  33.862827  3.9181929   47.97560  -46.15401    34.8842    34.8834     3.8672     3.8671    27.7080    27.7074    6.47746    6.46922         22 0.0000e+00
      25940   1080.785    689.000     3.9188   3.269441     3.9179   3.269291      86.05     0.0162     2.7320     2.4106  33.863441  3.9181929   47.97560  -46.15402    34.8844    34.8837     3.8683     3.8674    27.7081    27.7076    6.47732    6.47845         25 0.0000e+00
      25967   1081.904    690.000     3.9196   3.269554     3.9197   3.269496      98.28     0.0148     2.7318     2.4106  33.859936  3.9181929   47.97561  -46.15402    34.8844    34.8838     3.8690     3.8691    27.7080    27.7074    6.48185    6.48055         30 0.0000e+00
      26001   1083.315    691.000     3.9176   3.269397     3.9179   3.269373      43.35     0.0166     2.7323     2.4106  33.858910  3.9181929   47.97562  -46.15402    34.8842    34.8836     3.8669     3.8672    27.7080    27.7075    6.48689    6.48107         35 0.0000e+00
      26031   1084.593    692.000     3.9232   3.270013     3.9224   3.269877      69.83     0.0149     2.7325     2.4104  33.862411  3.9181929   47.97562  -46.15402    34.8850    34.8842     3.8725     3.8717    27.7081    27.7075    6.48067    6.47734         25 0.0000e+00
      26053   1085.480    693.000     3.9193   3.269624     3.9184   3.269477      59.01     0.0137     2.7319     2.4101  33.865902  3.9181929   47.97562  -46.15402    34.8840    34.8832     3.8685     3.8676    27.7077    27.7072    6.47850    6.47479         19 0.0000e+00
      26070   1086.210    694.000     3.9168   3.269469     3.9158   3.269313      75.26     0.0141     2.7318     2.4095  33.868137  3.9181929   47.97562  -46.15402    34.8843    34.8835     3.8659     3.8649    27.7082    27.7077    6.48133    6.46757         17 0.0000e+00
      26087   1086.919    695.000     3.9164   3.269447     3.9160   3.269354      96.31     0.0152     2.7316     2.4085  33.868134  3.9181929   47.97562  -46.15402    34.8840    34.8833     3.8654     3.8650    27.7080    27.7075    6.48285    6.46835         17 0.0000e+00
      26106   1087.695    696.000     3.9164   3.269505     3.9162   3.269421      55.20     0.0133     2.7314     2.4085  33.867447  3.9181929   47.97562  -46.15402    34.8842    34.8834     3.8653     3.8651    27.7081    27.7075    6.49013    6.48376         21 0.0000e+00
