data/CTD/2014/CNV/d017a052.cnv
* Sea-Bird SBE 9 Data File:
* FileName = C:\CTD_ACQUISITION\2014017HUD\ctddata\017A052.hdr
* Software Version Seasave V 7.22.2
* Temperature SN = 5081
* Conductivity SN = 3561
* Number of Bytes Per Scan = 37
* Number of Voltage Words = 4
* Number of Scans Averaged by the Deck Unit = 1
* NMEA Latitude = 43 42.60 N
* NMEA Longitude = 059 07.70 W
* NMEA UTC (Time) = Jul 13 2014 07:26:46
* NMEA baud rate = 9600
** Ship: Hudson
** Cruise: HUD2014017
** Chief_Scientist: Blair Greenan
** Organization: BIO
** Area_of_Operation: Sackville Spur
** Station: 052
** Sounding:  245
** Event_Comments: LC1, 0
** Microcat calibration. No bottles.
# nquan = 25
# nvalues = 223                         
# units = specified
# name 0 = scan: Scan Count
# name 1 = timeS: Time, Elapsed [seconds]
# name 2 = prDM: Pressure, Digiquartz [db]
# name 3 = t068C: Temperature [ITS-68, deg C]
# name 4 = c0S/m: Conductivity [S/m]
# name 5 = t168C: Temperature, 2 [ITS-68, deg C]
# name 6 = c1S/m: Conductivity, 2 [S/m]
# name 7 = altM: Altimeter [m]
# name 8 = flC: Fluorescence, Chelsea Aqua 3 Chl Con [ug/l]
# name 9 = sbeox0V: Oxygen raw, SBE 43 [V]
# name 10 = sbeox1V: Oxygen raw, SBE 43, 2 [V]
# name 11 = upoly0: Upoly 0, Optode 4330F - O2 D-Phase
# name 12 = upoly1: Upoly 1, Optode 4330F - O2 Temp
# name 13 = latitude: Latitude [deg]
# name 14 = longitude: Longitude [deg]
# name 15 = sal00: Salinity, Practical [PSU]
# name 16 = sal11: Salinity, Practical, 2 [PSU]
# name 17 = potemp068C: Potential Temperature [ITS-68, deg C]
# name 18 = potemp168C: Potential Temperature, 2 [ITS-68, deg C]
# name 19 = sigma-é00: Density [sigma-theta, Kg/m^3]
# name 20 = sigma-é11: Density, 2 [sigma-theta, Kg/m^3]
# name 21 = sbeox0ML/L: Oxygen, SBE 43 [ml/l], WS = 2
# name 22 = sbeox1ML/L: Oxygen, SBE 43, 2 [ml/l], WS = 2
# name 23 = nbin: number of scans per bin
# name 24 = flag: flag
# span 0 =      13931,      19790       
# span 1 =    580.422,    824.529       
# span 2 =     10.000,    232.000       
# span 3 =     3.6401,    12.7208       
# span 4 =   3.055254,   4.111689       
# span 5 =     3.6598,    12.7260       
# span 6 =   3.056967,   4.109985       
# span 7 =       6.65,     100.44       
# span 8 =     0.0105,     0.1663       
# span 9 =     2.2350,     3.5416       
# span 10 =     1.9481,     3.0558      
# span 11 =  29.200193,  37.381992      
# span 12 =  4.0723057,  12.723706      
# span 13 =   43.70925,   43.70965      
# span 14 =  -59.12972,  -59.12906      
# span 15 =    31.8709,    35.4396      
# span 16 =    31.7746,    35.4342      
# span 17 =     3.6364,    12.7194      
# span 18 =     3.6560,    12.7246      
# span 19 =    24.0355,    27.1367      
# span 20 =    23.9628,    27.1300      
# span 21 =    4.17747,    7.33621      
# span 22 =    3.96376,    7.17674      
# span 23 =         14,         65      
# span 24 = 0.0000e+00, 0.0000e+00      
# interval = decibars: 1                
# start_time = Jul 13 2014 07:26:46 [NMEA time, header]
# bad_flag = -9.990e-29
*END*
      13931    580.422     10.000    12.6922   3.743333    12.6963   3.743458      83.91     0.0969     3.4730     3.0352  29.211552  12.691906   43.70964  -59.12906    31.9108    31.9096    12.6911    12.6951    24.0611    24.0597    6.68173    6.58520         33 0.0000e+00
      14124    588.458     11.000    12.7208   3.743150    12.7260   3.741599      89.39     0.0931     3.4844     3.0502  29.200193  12.723706   43.70965  -59.12907    31.8847    31.8659    12.7194    12.7246    24.0355    24.0200    6.66517    6.55819         48 0.0000e+00
      14305    595.991     12.000    12.6994   3.742200    12.7020   3.736137      84.03     0.0947     3.4750     3.0364  29.200300  12.722913   43.70963  -59.12910    31.8933    31.8337    12.6979    12.7004    24.0463    23.9996    6.61728    6.49405         48 0.0000e+00
      14380    599.106     13.000    12.6626   3.736696    12.6562   3.725832      82.93     0.1003     3.4641     3.0284  29.252693  12.641408   43.70962  -59.12910    31.8709    31.7746    12.6620    12.6545    24.0358    23.9628    6.63869    6.53612         65 0.0000e+00
      14424    600.943     14.000    12.6098   3.734797    12.6012   3.729966      91.25     0.1069     3.4901     3.0547  29.290716  12.530134   43.70962  -59.12910    31.8982    31.8594    12.6079    12.5994    24.0673    24.0389    6.78523    6.66740         30 0.0000e+00
      14449    601.991     15.000    12.5696   3.732399    12.5659   3.724614      66.91     0.1078     3.5067     3.0558  29.300713  12.446363   43.70962  -59.12912    31.9087    31.8380    12.5680    12.5640    24.0831    24.0291    6.79173    6.55861         25 0.0000e+00
      14472    602.955     16.000    12.5491   3.730806    12.5390   3.727848      98.52     0.1081     3.5148     3.0471  29.332191  12.364048   43.70962  -59.12912    31.9108    31.8912    12.5470    12.5369    24.0887    24.0754    6.77857    6.56623         21 0.0000e+00
      14495    603.903     17.000    12.4602   3.723158    12.4698   3.723193      98.62     0.1130     3.5167     3.0496  29.370422  12.205059   43.70962  -59.12912    31.9129    31.9051    12.4580    12.4676    24.1072    24.0994    6.77495    6.60762         27 0.0000e+00
      14534    605.529     18.000    12.1065   3.689935    12.1362   3.688577      94.75     0.1142     3.5168     3.0510  29.400787  12.047749   43.70962  -59.12912    31.8946    31.8538    12.1054    12.1340    24.1592    24.1215    6.81632    6.64612         46 0.0000e+00
      14570    607.058     19.000    11.9307   3.679734    11.9146   3.672787      64.90     0.1170     3.5123     3.0424  29.392483  11.970163   43.70962  -59.12912    31.9473    31.8941    11.9283    11.9123    24.2329    24.1947    6.77197    6.61588         27 0.0000e+00
      14593    608.016     20.000    11.8124   3.679067    11.7878   3.681941      99.15     0.1148     3.4992     3.0386  29.372431  11.948502   43.70962  -59.12912    32.0421    32.0907    11.8099    11.7853    24.3283    24.3704    6.77719    6.66745         21 0.0000e+00
      14614    608.891     21.000    11.7419   3.685199    11.7461   3.685930      96.68     0.1204     3.4994     3.0426  29.383883  11.936471   43.70962  -59.12913    32.1620    32.1655    11.7393    11.7435    24.4343    24.4362    6.84259    6.67310         22 0.0000e+00
      14637    609.848     22.000    11.7208   3.685676    11.7318   3.686548      58.81     0.1252     3.5074     3.0356  29.403404  11.899697   43.70961  -59.12914    32.1848    32.1834    11.7177    11.7292    24.4559    24.4527    6.90022    6.59763         25 0.0000e+00
      14665    611.014     23.000    11.7100   3.685758    11.7171   3.687685      98.36     0.1426     3.5217     3.0196  29.503172  11.645925   43.70960  -59.12914    32.1945    32.2068    11.7068    11.7143    24.4655    24.4737    6.94319    6.56585         30 0.0000e+00
      14696    612.304     24.000    11.6547   3.688220    11.6359   3.688724      66.68     0.1492     3.5357     3.0196  29.634632  11.305744   43.70960  -59.12914    32.2661    32.2871    11.6514    11.6329    24.5312    24.5508    6.95093    6.67930         32 0.0000e+00
      14728    613.634     25.000    11.2444   3.657897    11.1239   3.643008      97.23     0.1447     3.5388     3.0331  29.646536  10.897042   43.70960  -59.12914    32.3268    32.2861    11.2414    11.1209    24.6520    24.6418    6.97208    6.74425         31 0.0000e+00
      14758    614.866     26.000    10.7164   3.608642    10.6667   3.601344      94.45     0.1485     3.5365     3.0346  29.658991  10.803931   43.70960  -59.12914    32.3043    32.2756    10.7134    10.6637    24.7274    24.7136    7.02202    6.82625         27 0.0000e+00
      14783    615.904     27.000    10.5216   3.589043    10.4861   3.585871      54.92     0.1475     3.5306     3.0388  29.691275  10.664060   43.70960  -59.12915    32.2807    32.2805    10.5185    10.4830    24.7425    24.7484    7.05212    6.84109         23 0.0000e+00
      14803    616.767     28.000    10.3889   3.577194    10.3856   3.578765      98.46     0.1486     3.5322     3.0321  29.701057  10.643077   43.70960  -59.12916    32.2793    32.2980    10.3857    10.3825    24.7640    24.7791    7.10057    6.79610         20 0.0000e+00
      14824    617.609     29.000    10.2750   3.572230    10.3071   3.573733      98.62     0.1493     3.5342     3.0236  29.724642  10.392746   43.70960  -59.12916    32.3303    32.3168    10.2717    10.3038    24.8230    24.8071    7.11159    6.80605         21 0.0000e+00
      14846    618.542     30.000    10.2313   3.583535    10.2644   3.575036      53.45     0.1556     3.5323     3.0213  29.724075  10.387871   43.70960  -59.12916    32.4827    32.3676    10.2279    10.2610    24.9492    24.8539    7.06681    6.83391         24 0.0000e+00
      14874    619.722     31.000    10.0739   3.581497    10.1506   3.582434      98.43     0.1622     3.5207     3.0189  29.811743  9.8933907   43.70960  -59.12916    32.6024    32.5436    10.0712    10.1471    25.0688    25.0102    7.04733    6.84145         32 0.0000e+00
      14907    621.069     32.000     9.8067   3.563884     9.7784   3.558489      80.51     0.1663     3.5174     3.0184  29.905144  9.7168026   43.70958  -59.12916    32.6654    32.6359     9.8031     9.7749    25.1623    25.1439    7.15044    6.91297         30 0.0000e+00
      14933    622.165     33.000     9.4759   3.539437     9.4306   3.534588      72.42     0.1626     3.5253     3.0244  30.012794  9.5178671   43.70958  -59.12916    32.7158    32.7073     9.4723     9.4270    25.2554    25.2561    7.24194    7.00867         23 0.0000e+00
      14954    623.048     34.000     9.3038   3.527095     9.2832   3.526164      98.80     0.1649     3.5315     3.0312  30.044201  9.2126074   43.70958  -59.12916    32.7457    32.7550     9.3002     9.2796    25.3063    25.3168    7.27672    7.05586         21 0.0000e+00
      14974    623.890     35.000     9.1944   3.519404     9.2105   3.521840      98.47     0.1659     3.5366     3.0368  30.080334  8.7953329   43.70958  -59.12917    32.7662    32.7765     9.1907     9.2068    25.3397    25.3452    7.30322    7.08919         20 0.0000e+00
      14996    624.812     36.000     9.0490   3.508235     9.1362   3.516066      51.60     0.1611     3.5416     3.0438  30.079365  8.7273283   43.70958  -59.12917    32.7836    32.7846     9.0452     9.1324    25.3762    25.3633    7.31651    7.13375         24 0.0000e+00
      15023    625.936     37.000     8.5550   3.464976     8.7585   3.480441      98.56     0.1628     3.5404     3.0490  30.065462  8.4703779   43.70958  -59.12916    32.7881    32.7615     8.5512     8.7547    25.4554    25.4036    7.33621    7.17674         30 0.0000e+00
      15053    627.156     38.000     8.1182   3.426494     8.1454   3.427322      74.30     0.1559     3.5273     3.0394  30.084415  8.3891392   43.70958  -59.12918    32.7881    32.7716     8.1145     8.1416    25.5206    25.5037    7.30801    7.14023         28 0.0000e+00
      15079    628.239     39.000     7.9820   3.415139     7.9789   3.413697      78.96     0.1420     3.5069     3.0219  30.102722  8.3188896   43.70958  -59.12918    32.7944    32.7819     7.9782     7.9751    25.5454    25.5360    7.23692    7.06492         24 0.0000e+00
      15102    629.226     40.000     7.9105   3.408443     7.9085   3.406808      98.56     0.1292     3.4839     2.9996  30.159166  8.1827555   43.70956  -59.12918    32.7896    32.7748     7.9066     7.9047    25.5520    25.5407    7.13683    6.95837         24 0.0000e+00
      15126    630.195     41.000     7.8491   3.402992     7.8582   3.402131      72.35     0.1208     3.4499     2.9675  30.190685  8.1000242   43.70956  -59.12918    32.7885    32.7708     7.8451     7.8542    25.5600    25.5447    7.00725    6.77927         23 0.0000e+00
      15149    631.176     42.000     7.7876   3.397654     7.8093   3.399836      75.72     0.1076     3.4135     2.9217  30.335897  7.8406544   43.70956  -59.12918    32.7896    32.7916     7.7826     7.8053    25.5698    25.5681    6.94022    6.60673         24 0.0000e+00
      15173    632.184     43.000     7.6523   3.387748     7.6872   3.390590      98.53     0.0980     3.3816     2.8767  30.433107  7.6502552   43.70956  -59.12920    32.8093    32.8070     7.6482     7.6831    25.6043    25.5975    6.92255    6.55221         24 0.0000e+00
      15198    633.199     44.000     7.4460   3.370773     7.4645   3.371902      72.52     0.0879     3.3537     2.8403  30.810129  6.9744434   43.70956  -59.12920    32.8208    32.8154     7.4419     7.4604    25.6422    25.6355    6.88609    6.50840         24 0.0000e+00
      15222    634.195     45.000     7.1358   3.343905     7.1210   3.342627      75.51     0.0743     3.3235     2.8059  31.065918  6.4935360   43.70956  -59.12920    32.8231    32.8233     7.1318     7.1169    25.6866    25.6888    6.85206    6.48105         24 0.0000e+00
      15245    635.155     46.000     6.6618   3.303955     6.6771   3.307472      98.35     0.0641     3.2959     2.7786  31.271061  5.6988182   43.70956  -59.12920    32.8376    32.8617     6.6579     6.6731    25.7609    25.7780    6.85809    6.53478         23 0.0000e+00
      15268    636.117     47.000     5.9891   3.246392     6.1495   3.263359      77.77     0.0550     3.2688     2.7603  31.422565  5.0649199   43.70956  -59.12920    32.8458    32.8804     5.9853     6.1456    25.8522    25.8599    6.90743    6.67035         23 0.0000e+00
      15292    637.138     48.000     5.0026   3.160702     5.2264   3.180431      71.59     0.0587     3.2427     2.7518  31.528677  4.8357711   43.70956  -59.12922    32.8366    32.8425     4.9991     5.2228    25.9601    25.9395    7.02740    6.87996         26 0.0000e+00
      15320    638.274     49.000     4.2541   3.096372     4.3121   3.098945      98.20     0.0656     3.2189     2.7463  31.619410  4.6439991   43.70956  -59.12922    32.8314    32.8036     4.2508     4.3088    26.0359    26.0078    7.12681    7.00125         29 0.0000e+00
      15348    639.444     50.000     3.8933   3.068085     3.9011   3.068109      54.63     0.0684     3.1977     2.7372  31.780043  4.5548534   43.70956  -59.12922    32.8588    32.8513     3.8901     3.8978    26.0940    26.0873    7.15820    6.99385         26 0.0000e+00
      15372    640.439     51.000     3.8059   3.062634     3.8208   3.064797      96.48     0.0587     3.1828     2.7253  31.819866  4.5345011   43.70956  -59.12922    32.8816    32.8913     3.8026     3.8178    26.1206    26.1268    7.15425    6.95711         21 0.0000e+00
      15391    641.264     52.000     3.7733   3.061118     3.7994   3.065833      98.68     0.0570     3.1710     2.7160  31.954866  4.4891043   43.70954  -59.12922    32.8959    32.9214     3.7700     3.7961    26.1351    26.1530    7.14110    6.96171         19 0.0000e+00
      15411    642.063     53.000     3.7597   3.060840     3.7924   3.065399      84.79     0.0523     3.1618     2.7108  32.013226  4.4749599   43.70954  -59.12922    32.9058    32.9271     3.7563     3.7893    26.1444    26.1582    7.12894    7.00581         20 0.0000e+00
      15433    643.006     54.000     3.7588   3.061615     3.7879   3.064263      62.87     0.0460     3.1510     2.7114  32.077862  4.3803062   43.70954  -59.12922    32.9154    32.9175     3.7554     3.7844    26.1521    26.1510    7.11986    7.05620         26 0.0000e+00
      15463    644.262     55.000     3.7431   3.061126     3.7705   3.062382      98.97     0.0427     3.1404     2.7142  32.170738  4.2487235   43.70954  -59.12923    32.9249    32.9122     3.7396     3.7670    26.1612    26.1484    7.11788    7.05090         33 0.0000e+00
      15493    645.480     56.000     3.7042   3.058931     3.7142   3.059162      51.70     0.0392     3.1323     2.7101  32.287998  4.1748323   43.70954  -59.12924    32.9375    32.9301     3.7006     3.7107    26.1749    26.1681    7.10348    6.96307         24 0.0000e+00
      15513    646.346     57.000     3.6692   3.056877     3.6849   3.058408      91.67     0.0368     3.1248     2.7000  32.310753  4.1621876   43.70954  -59.12924    32.9478    32.9503     3.6656     3.6813    26.1865    26.1870    7.06820    6.89823         19 0.0000e+00
      15531    647.099     58.000     3.6489   3.055662     3.6746   3.059077      98.58     0.0398     3.1171     2.6903  32.374855  4.1607752   43.70954  -59.12924    32.9534    32.9681     3.6453     3.6710    26.1929    26.2021    7.05249    6.89200         18 0.0000e+00
      15550    647.895     59.000     3.6401   3.055254     3.6668   3.058466      96.00     0.0454     3.1102     2.6845  32.424580  4.1605387   43.70954  -59.12924    32.9569    32.9682     3.6364     3.6631    26.1965    26.2029    7.04599    6.94625         21 0.0000e+00
      15576    648.947     60.000     3.6448   3.056125     3.6598   3.056967      60.23     0.0473     3.1022     2.6865  32.458080  4.1285639   43.70954  -59.12924    32.9619    32.9569     3.6412     3.6560    26.2000    26.1946    7.04744    7.02458         30 0.0000e+00
      15608    650.302     61.000     3.6700   3.060264     3.6912   3.062724     100.24     0.0456     3.0969     2.6950  32.522648  4.0723057   43.70954  -59.12924    32.9853    32.9925     3.6662     3.6875    26.2163    26.2200    7.07946    7.07470         31 0.0000e+00
      15635    651.396     62.000     3.7091   3.067119     3.7338   3.069262      56.90     0.0439     3.0988     2.7018  32.615551  4.0975251   43.70954  -59.12924    33.0269    33.0276     3.7052     3.7300    26.2457    26.2439    7.09841    7.04036         22 0.0000e+00
      15654    652.207     63.000     3.7220   3.069567     3.7408   3.071259      78.46     0.0410     3.0991     2.7002  32.637970  4.1039553   43.70954  -59.12926    33.0425    33.0435     3.7180     3.7368    26.2568    26.2559    7.07253    6.95812         18 0.0000e+00
      15672    652.942     64.000     3.7306   3.070965     3.7448   3.071799      98.75     0.0384     3.0971     2.6940  32.649651  4.1076074   43.70954  -59.12926    33.0498    33.0454     3.7266     3.7407    26.2619    26.2570    7.03168    6.90532         18 0.0000e+00
      15690    653.701     65.000     3.7418   3.072318     3.7510   3.073209      98.62     0.0380     3.0922     2.6871  32.683296  4.1190934   43.70954  -59.12926    33.0538    33.0553     3.7379     3.7469    26.2640    26.2643    6.99919    6.89548         19 0.0000e+00
      15712    654.636     66.000     3.7616   3.074687     3.7595   3.073971      53.13     0.0362     3.0861     2.6828  32.672466  4.1406932   43.70954  -59.12926    33.0617    33.0554     3.7573     3.7552    26.2684    26.2635    6.97731    6.93851         27 0.0000e+00
