data/CTD/2014/CNV/d017a044.cnv
* Sea-Bird SBE 9 Data File:
* FileName = C:\CTD_ACQUISITION\2014017HUD\ctddata\017A044.hdr
* Software Version Seasave V 7.22.2
* Temperature SN = 5081
* Conductivity SN = 3561
* Number of Bytes Per Scan = 37
* Number of Voltage Words = 4
* Number of Scans Averaged by the Deck Unit = 1
* NMEA Latitude = 48 02.26 N
* NMEA Longitude = 046 14.07 W
* NMEA UTC (Time) = Jul 10 2014 19:45:27
* NMEA baud rate = 9600
** Ship: Hudson
** Cruise: HUD2014017
** Chief_Scientist: Blair Greenan
** Organization: BIO
** Area_of_Operation: Sackville Spur
** Station: 044
** Sounding:  1144
** Event_Comments: SS-16 403256
# nquan = 25
# nvalues = 1168                        
# units = specified
# name 0 = scan: Scan Count
# name 1 = timeS: Time, Elapsed [seconds]
# name 2 = prDM: Pressure, Digiquartz [db]
# name 3 = t068C: Temperature [ITS-68, deg C]
# name 4 = c0S/m: Conductivity [S/m]
# name 5 = t168C: Temperature, 2 [ITS-68, deg C]
# name 6 = c1S/m: Conductivity, 2 [S/m]
# name 7 = altM: Altimeter [m]
# name 8 = flC: Fluorescence, Chelsea Aqua 3 Chl Con [ug/l]
# name 9 = sbeox0V: Oxygen raw, SBE 43 [V]
# name 10 = sbeox1V: Oxygen raw, SBE 43, 2 [V]
# name 11 = upoly0: Upoly 0, Optode 4330F - O2 D-Phase
# name 12 = upoly1: Upoly 1, Optode 4330F - O2 Temp
# name 13 = latitude: Latitude [deg]
# name 14 = longitude: Longitude [deg]
# name 15 = sal00: Salinity, Practical [PSU]
# name 16 = sal11: Salinity, Practical, 2 [PSU]
# name 17 = potemp068C: Potential Temperature [ITS-68, deg C]
# name 18 = potemp168C: Potential Temperature, 2 [ITS-68, deg C]
# name 19 = sigma-é00: Density [sigma-theta, Kg/m^3]
# name 20 = sigma-é11: Density, 2 [sigma-theta, Kg/m^3]
# name 21 = sbeox0ML/L: Oxygen, SBE 43 [ml/l], WS = 2
# name 22 = sbeox1ML/L: Oxygen, SBE 43, 2 [ml/l], WS = 2
# name 23 = nbin: number of scans per bin
# name 24 = flag: flag
# span 0 =       6687,      38940       
# span 1 =    278.568,   1622.466       
# span 2 =      2.000,   1169.000       
# span 3 =     1.5662,     8.4348       
# span 4 =   2.972287,   3.487176       
# span 5 =     1.5678,     8.4355       
# span 6 =   2.971987,   3.486960       
# span 7 =       5.65,     100.15       
# span 8 =     0.0090,     0.3551       
# span 9 =     2.5296,     3.5871       
# span 10 =     2.2313,     3.1321      
# span 11 =  29.919912,  34.575539      
# span 12 =  2.0081868,  8.4781055      
# span 13 =   48.03780,   48.03955      
# span 14 =  -46.23336,  -46.23252      
# span 15 =    33.0372,    34.9080      
# span 16 =    33.0349,    34.9074      
# span 17 =     1.5632,     8.4346      
# span 18 =     1.5648,     8.4353      
# span 19 =    25.6691,    27.7521      
# span 20 =    25.6671,    27.7518      
# span 21 =    6.29955,    7.93735      
# span 22 =    6.26638,    7.84434      
# span 23 =         13,         88      
# span 24 = 0.0000e+00, 0.0000e+00      
# interval = decibars: 1                
# start_time = Jul 10 2014 19:45:27 [NMEA time, header]
# bad_flag = -9.990e-29
*END*
[from data line 522]
      20648    860.272    524.000     3.6020   3.229165     3.6008   3.228965      98.79     0.0146     2.8368     2.4980  33.566143  3.6446886   48.03828  -46.23300    34.8282    34.8270     3.5656     3.5644    27.6939    27.6931    6.70550    6.70091         18 0.0000e+00
      20667    861.092    525.000     3.6030   3.229305     3.6026   3.229182      98.63     0.0127     2.8370     2.4988  33.578896  3.6175680   48.03828  -46.23300    34.8282    34.8272     3.5665     3.5661    27.6938    27.6930    6.70210    6.71231         22 0.0000e+00
      20692    862.138    526.000     3.6045   3.229502     3.6036   3.229322      45.80     0.0140     2.8373     2.4997  33.580116  3.6147759   48.03828  -46.23300    34.8285    34.8273     3.5680     3.5670    27.6939    27.6930    6.70258    6.70333         29 0.0000e+00
      20724    863.439    527.000     3.6037   3.229471     3.6033   3.229342      93.12     0.0136     2.8371     2.5001  33.574169  3.6056032   48.03828  -46.23300    34.8284    34.8273     3.5671     3.5667    27.6939    27.6930    6.70419    6.71659         32 0.0000e+00
      20755    864.756    528.000     3.6050   3.229645     3.6044   3.229512      51.04     0.0146     2.8380     2.5014  33.567131  3.6056166   48.03828  -46.23301    34.8286    34.8277     3.5683     3.5677    27.6939    27.6933    6.71404    6.72146         30 0.0000e+00
      20782    865.855    529.000     3.6056   3.229773     3.6055   3.229674      99.57     0.0157     2.8386     2.5028  33.560303  3.6056166   48.03829  -46.23302    34.8290    34.8278     3.5688     3.5687    27.6942    27.6933    6.71663    6.73203         23 0.0000e+00
      20803    866.744    530.000     3.6037   3.229638     3.6038   3.229549      84.55     0.0149     2.8397     2.5044  33.560440  3.6061130   48.03830  -46.23302    34.8288    34.8277     3.5669     3.5669    27.6942    27.6933    6.72481    6.73993         20 0.0000e+00
      20822    867.530    531.000     3.6027   3.229583     3.6029   3.229484      24.74     0.0128     2.8403     2.5055  33.560440  3.6072571   48.03830  -46.23302    34.8287    34.8274     3.5657     3.5659    27.6943    27.6932    6.72353    6.73788         18 0.0000e+00
      20840    868.282    532.000     3.5996   3.229319     3.6003   3.229275      99.72     0.0124     2.8412     2.5058  33.560440  3.6072445   48.03830  -46.23302    34.8284    34.8270     3.5626     3.5633    27.6943    27.6932    6.72906    6.73226         18 0.0000e+00
      20859    869.069    533.000     3.5909   3.228494     3.5933   3.228560      98.64     0.0129     2.8418     2.5058  33.560440  3.6056023   48.03830  -46.23302    34.8272    34.8254     3.5539     3.5562    27.6942    27.6926    6.73389    6.73762         20 0.0000e+00
      20880    869.975    534.000     3.5796   3.227403     3.5813   3.227418      98.63     0.0160     2.8426     2.5069  33.560440  3.6056166   48.03828  -46.23302    34.8256    34.8240     3.5425     3.5442    27.6941    27.6926    6.74253    6.75140         24 0.0000e+00
      20908    871.136    535.000     3.5681   3.226311     3.5700   3.226373      98.64     0.0192     2.8441     2.5081  33.548183  3.5974464   48.03828  -46.23302    34.8242    34.8230     3.5311     3.5329    27.6941    27.6930    6.75044    6.75415         32 0.0000e+00
      20940    872.439    536.000     3.5640   3.225944     3.5631   3.225701      41.82     0.0174     2.8461     2.5088  33.547806  3.5930789   48.03828  -46.23302    34.8236    34.8217     3.5269     3.5282    27.6941    27.6926    6.76112    6.75827         29 0.0000e+00
      20965    873.503    537.000     3.5586   3.225451     3.5560   3.225081      98.79     0.0163     2.8480     2.5097  33.556641  3.5835061   48.03828  -46.23302    34.8229    34.8213     3.5214     3.5188    27.6941    27.6930    6.76790    6.75895         23 0.0000e+00
      20987    874.412    538.000     3.5491   3.224540     3.5515   3.224577      98.63     0.0144     2.8490     2.5098  33.553478  3.5828283   48.03830  -46.23302    34.8216    34.8200     3.5119     3.5142    27.6940    27.6925    6.76440    6.76048         21 0.0000e+00
      21007    875.264    539.000     3.5383   3.223534     3.5384   3.223373      24.20     0.0157     2.8492     2.5102  33.531319  3.5763659   48.03830  -46.23302    34.8205    34.8185     3.5011     3.5011    27.6941    27.6925    6.76682    6.76567         20 0.0000e+00
      21029    876.181    540.000     3.5353   3.223259     3.5341   3.223022      74.14     0.0147     2.8502     2.5105  33.531742  3.5763125   48.03830  -46.23302    34.8199    34.8184     3.4980     3.4968    27.6939    27.6928    6.76548    6.77241         24 0.0000e+00
      21058    877.363    541.000     3.5292   3.222672     3.5296   3.222590      49.14     0.0165     2.8498     2.5115  33.545643  3.5572729   48.03830  -46.23302    34.8188    34.8174     3.4919     3.4923    27.6937    27.6925    6.76642    6.77861         33 0.0000e+00
      21088    878.631    542.000     3.5221   3.222020     3.5215   3.221854      99.73     0.0144     2.8506     2.5121  33.538876  3.5533147   48.03830  -46.23302    34.8180    34.8167     3.4847     3.4841    27.6938    27.6928    6.77168    6.77636         26 0.0000e+00
      21112    879.635    543.000     3.5280   3.222681     3.5260   3.222447      90.25     0.0145     2.8502     2.5124  33.531059  3.5495205   48.03830  -46.23303    34.8192    34.8184     3.4905     3.4885    27.6941    27.6937    6.76442    6.77928         23 0.0000e+00
      21134    880.532    544.000     3.5297   3.222908     3.5294   3.222789      29.52     0.0148     2.8501     2.5127  33.525612  3.5470350   48.03830  -46.23304    34.8195    34.8184     3.4922     3.4919    27.6942    27.6934    6.76701    6.77819         21 0.0000e+00
      21154    881.377    545.000     3.5293   3.222909     3.5289   3.222779      98.79     0.0180     2.8503     2.5128  33.514915  3.5372171   48.03830  -46.23304    34.8195    34.8183     3.4916     3.4913    27.6942    27.6933    6.76926    6.77056         19 0.0000e+00
      21173    882.183    546.000     3.5285   3.222881     3.5287   3.222803      32.18     0.0167     2.8501     2.5118  33.515018  3.5372405   48.03830  -46.23304    34.8194    34.8183     3.4908     3.4910    27.6942    27.6933    6.77081    6.76158         20 0.0000e+00
      21194    883.049    547.000     3.5284   3.222914     3.5291   3.222916      82.41     0.0150     2.8503     2.5112  33.516426  3.5372405   48.03830  -46.23304    34.8194    34.8187     3.4906     3.4913    27.6942    27.6936    6.77643    6.77908         23 0.0000e+00
      21224    884.302    548.000     3.5284   3.222947     3.5298   3.223016      88.41     0.0152     2.8505     2.5118  33.512230  3.5365314   48.03830  -46.23304    34.8193    34.8186     3.4905     3.4920    27.6942    27.6935    6.76462    6.76971         39 0.0000e+00
      21262    885.873    549.000     3.5294   3.223101     3.5278   3.222860      54.29     0.0157     2.8475     2.5092  33.501400  3.5348966   48.03830  -46.23304    34.8195    34.8183     3.4915     3.4899    27.6943    27.6935    6.72291    6.74388         30 0.0000e+00
      21286    886.867    550.000     3.5306   3.223278     3.5296   3.223112      99.15     0.0143     2.8431     2.5071  33.489227  3.5362794   48.03830  -46.23304    34.8198    34.8189     3.4926     3.4915    27.6944    27.6938    6.71107    6.73512         20 0.0000e+00
      21305    887.663    551.000     3.5320   3.223468     3.5316   3.223356      98.64     0.0146     2.8408     2.5051  33.486423  3.5372357   48.03830  -46.23304    34.8201    34.8192     3.4939     3.4935    27.6945    27.6938    6.70761    6.72174         19 0.0000e+00
      21324    888.440    552.000     3.5336   3.223663     3.5328   3.223504      98.63     0.0187     2.8377     2.5025  33.485653  3.5367384   48.03830  -46.23304    34.8202    34.8191     3.4954     3.4946    27.6944    27.6937    6.70584    6.71980         19 0.0000e+00
      21344    889.301    553.000     3.5400   3.224364     3.5430   3.224766      98.63     0.0153     2.8360     2.5011  33.485188  3.5359192   48.03830  -46.23304    34.8212    34.8228     3.5017     3.5047    27.6946    27.6956    6.70933    6.72532         22 0.0000e+00
      21369    890.314    554.000     3.5997   3.230521     3.5994   3.230670      33.14     0.0142     2.8341     2.4996  33.482101  3.5346086   48.03830  -46.23304    34.8309    34.8329     3.5610     3.5608    27.6965    27.6981    6.69625    6.70614         26 0.0000e+00
      21395    891.401    555.000     3.6113   3.231779     3.6099   3.231562      99.01     0.0169     2.8319     2.4977  33.471348  3.5281925   48.03830  -46.23304    34.8331    34.8319     3.5725     3.5712    27.6971    27.6963    6.68975    6.70656         26 0.0000e+00
      21422    892.531    556.000     3.6117   3.231863     3.6116   3.231782      91.50     0.0167     2.8307     2.4967  33.472538  3.5457633   48.03830  -46.23304    34.8331    34.8323     3.5729     3.5727    27.6971    27.6964    6.69897    6.70495         28 0.0000e+00
      21449    893.665    557.000     3.6088   3.231617     3.6109   3.231729      39.55     0.0111     2.8296     2.4956  33.470234  3.5768297   48.03830  -46.23304    34.8327    34.8319     3.5700     3.5720    27.6970    27.6962    6.69330    6.70475         26 0.0000e+00
      21474    894.708    558.000     3.6095   3.231718     3.6076   3.231463      84.40     0.0119     2.8287     2.4950  33.472569  3.5854394   48.03830  -46.23305    34.8326    34.8316     3.5706     3.5687    27.6969    27.6963    6.69453    6.70961         24 0.0000e+00
      21496    895.629    559.000     3.6121   3.231954     3.6119   3.231960      38.87     0.0127     2.8278     2.4947  33.472527  3.5958910   48.03830  -46.23306    34.8326    34.8324     3.5730     3.5729    27.6966    27.6965    6.69432    6.71173         21 0.0000e+00
      21516    896.453    560.000     3.6134   3.232213     3.6130   3.232083      98.23     0.0161     2.8276     2.4949  33.475590  3.5958486   48.03830  -46.23306    34.8334    34.8323     3.5743     3.5739    27.6971    27.6963    6.70169    6.71691         19 0.0000e+00
      21535    897.266    561.000     3.6133   3.232243     3.6124   3.232056      98.63     0.0162     2.8279     2.4953  33.486382  3.5958486   48.03830  -46.23306    34.8333    34.8319     3.5741     3.5733    27.6971    27.6961    6.70513    6.71803         20 0.0000e+00
      21557    898.156    562.000     3.6111   3.232056     3.6111   3.231986      98.63     0.0158     2.8277     2.4950  33.487171  3.5958486   48.03830  -46.23306    34.8328    34.8320     3.5718     3.5718    27.6970    27.6963    6.70717    6.71458         23 0.0000e+00
      21581    899.186    563.000     3.6175   3.232751     3.6154   3.232492      98.63     0.0187     2.8283     2.4952  33.486614  3.5958486   48.03830  -46.23306    34.8338    34.8329     3.5781     3.5761    27.6971    27.6966    6.71105    6.71779         26 0.0000e+00
      21608    900.294    564.000     3.6126   3.232306     3.6123   3.232156      98.64     0.0169     2.8289     2.4950  33.489357  3.5958486   48.03830  -46.23306    34.8331    34.8316     3.5732     3.5729    27.6971    27.6959    6.70620    6.71419         27 0.0000e+00
      21636    901.465    565.000     3.6048   3.231574     3.6046   3.231438      98.63     0.0178     2.8278     2.4944  33.501678  3.5964918   48.03830  -46.23306    34.8321    34.8308     3.5654     3.5651    27.6970    27.6960    6.69940    6.70973         30 0.0000e+00
      21670    902.857    566.000     3.6034   3.231465     3.6032   3.231364      97.11     0.0178     2.8265     2.4935  33.501831  3.5964050   48.03832  -46.23306    34.8318    34.8308     3.5639     3.5637    27.6969    27.6961    6.69259    6.70840         35 0.0000e+00
      21699    904.102    567.000     3.6036   3.231519     3.6030   3.231389      68.21     0.0219     2.8251     2.4924  33.501831  3.5958304   48.03832  -46.23306    34.8318    34.8308     3.5640     3.5634    27.6969    27.6962    6.69264    6.69836         24 0.0000e+00
      21721    905.001    568.000     3.6058   3.231814     3.6054   3.231718      99.35     0.0220     2.8249     2.4910  33.514587  3.5958486   48.03832  -46.23306    34.8324    34.8316     3.5661     3.5658    27.6972    27.6966    6.69435    6.69626         20 0.0000e+00
      21740    905.778    569.000     3.6164   3.232962     3.6153   3.232873      98.63     0.0243     2.8239     2.4905  33.515682  3.5958486   48.03832  -46.23306    34.8343    34.8346     3.5766     3.5755    27.6977    27.6980    6.68784    6.70028         18 0.0000e+00
      21758    906.539    570.000     3.6233   3.233710     3.6226   3.233604      98.63     0.0179     2.8234     2.4903  33.511101  3.5958486   48.03832  -46.23306    34.8354    34.8349     3.5834     3.5862    27.6978    27.6975    6.68718    6.69813         19 0.0000e+00
      21777    907.338    571.000     3.6258   3.233999     3.6254   3.233901      98.63     0.0180     2.8226     2.4895  33.502018  3.5958486   48.03832  -46.23306    34.8358    34.8349     3.5858     3.5855    27.6979    27.6973    6.68332    6.69468         20 0.0000e+00
      21798    908.199    572.000     3.6260   3.234075     3.6258   3.233975      98.63     0.0195     2.8219     2.4891  33.501831  3.5958486   48.03832  -46.23306    34.8358    34.8349     3.5859     3.5857    27.6979    27.6972    6.68627    6.69339         21 0.0000e+00
      21822    909.227    573.000     3.6255   3.234074     3.6255   3.233991      94.21     0.0173     2.8208     2.4884  33.502819  3.6050673   48.03832  -46.23308    34.8358    34.8348     3.5854     3.5854    27.6979    27.6972    6.67773    6.69167         29 0.0000e+00
      21856    910.640    574.000     3.6261   3.234161     3.6272   3.234202      75.11     0.0161     2.8198     2.4866  33.509426  3.6101565   48.03832  -46.23308    34.8357    34.8350     3.5858     3.5880    27.6978    27.6972    6.68072    6.68326         37 0.0000e+00
      21889    912.020    575.000     3.6261   3.234211     3.6262   3.234127      64.46     0.0159     2.8187     2.4862  33.517101  3.6154628   48.03832  -46.23308    34.8357    34.8346     3.5858     3.5859    27.6978    27.6970    6.68285    6.69302         29 0.0000e+00
      21916    913.126    576.000     3.6264   3.234284     3.6259   3.234163      99.29     0.0154     2.8189     2.4859  33.516472  3.6153846   48.03832  -46.23308    34.8358    34.8349     3.5860     3.5855    27.6979    27.6972    6.68913    6.69164         24 0.0000e+00
      21936    913.978    577.000     3.6277   3.234470     3.6272   3.234344      98.63     0.0199     2.8189     2.4857  33.516483  3.6153846   48.03832  -46.23308    34.8361    34.8351     3.5872     3.5867    27.6980    27.6973    6.68644    6.69317         18 0.0000e+00
      21954    914.693    578.000     3.6288   3.234631     3.6285   3.234519      98.35     0.0212     2.8185     2.4858  33.526630  3.6153846   48.03832  -46.23308    34.8362    34.8353     3.5883     3.5880    27.6980    27.6973    6.68602    6.69326         16 0.0000e+00
      21970    915.362    579.000     3.6293   3.234723     3.6289   3.234609      98.64     0.0190     2.8184     2.4853  33.531193  3.6153846   48.03832  -46.23308    34.8363    34.8354     3.5887     3.5883    27.6981    27.6974    6.68462    6.69017         16 0.0000e+00
      21987    916.083    580.000     3.6293   3.234774     3.6290   3.234663      98.63     0.0205     2.8183     2.4853  33.531136  3.6153846   48.03832  -46.23308    34.8364    34.8354     3.5886     3.5883    27.6981    27.6974    6.68210    6.69152         19 0.0000e+00
