data/CTD/2014/CNV/d017a026.cnv
* Sea-Bird SBE 9 Data File:
* FileName = C:\CTD_ACQUISITION\2014017HUD\ctddata\017A026.hdr
* Software Version Seasave V 7.22.2
* Temperature SN = 5081
* Conductivity SN = 3561
* Number of Bytes Per Scan = 37
* Number of Voltage Words = 4
* Number of Scans Averaged by the Deck Unit = 1
* NMEA Latitude = 48 56.21 N
* NMEA Longitude = 045 49.60 W
* NMEA UTC (Time) = Jul 06 2014 21:24:33
* NMEA baud rate = 9600
** Ship: Hudson
** Cruise: HUD2014017
** Chief_Scientist: Blair Greenan
** Organization: BIO
** Area_of_Operation: Sackville Spur
** Station: 026
** Sounding:  2396
** Event_Comments: SS_28, 403145
# nquan = 25
# nvalues = 2501                        
# units = specified
# name 0 = scan: Scan Count
# name 1 = timeS: Time, Elapsed [seconds]
# name 2 = prDM: Pressure, Digiquartz [db]
# name 3 = t068C: Temperature [ITS-68, deg C]
# name 4 = c0S/m: Conductivity [S/m]
# name 5 = t168C: Temperature, 2 [ITS-68, deg C]
# name 6 = c1S/m: Conductivity, 2 [S/m]
# name 7 = altM: Altimeter [m]
# name 8 = flC: Fluorescence, Chelsea Aqua 3 Chl Con [ug/l]
# name 9 = sbeox0V: Oxygen raw, SBE 43 [V]
# name 10 = sbeox1V: Oxygen raw, SBE 43, 2 [V]
# name 11 = upoly0: Upoly 0, Optode 4330F - O2 D-Phase
# name 12 = upoly1: Upoly 1, Optode 4330F - O2 Temp
# name 13 = latitude: Latitude [deg]
# name 14 = longitude: Longitude [deg]
# name 15 = sal00: Salinity, Practical [PSU]
# name 16 = sal11: Salinity, Practical, 2 [PSU]
# name 17 = potemp068C: Potential Temperature [ITS-68, deg C]
# name 18 = potemp168C: Potential Temperature, 2 [ITS-68, deg C]
# name 19 = sigma-é00: Density [sigma-theta, Kg/m^3]
# name 20 = sigma-é11: Density, 2 [sigma-theta, Kg/m^3]
# name 21 = sbeox0ML/L: Oxygen, SBE 43 [ml/l], WS = 2
# name 22 = sbeox1ML/L: Oxygen, SBE 43, 2 [ml/l], WS = 2
# name 23 = nbin: number of scans per bin
# name 24 = flag: flag
# span 0 =       5678,      69850       
# span 1 =    236.547,   2910.356       
# span 2 =      3.000,   2503.000       
# span 3 =     2.1989,     8.2790       
# span 4 =   2.996202,   3.517992       
# span 5 =     2.2618,     8.2791       
# span 6 =   3.001672,   3.517971       
# span 7 =       4.44,     103.29       
# span 8 =     0.0056,     0.7622       
# span 9 =     2.1947,     3.7506       
# span 10 =     1.9438,     3.2735      
# span 11 =  29.870644,  35.553699      
# span 12 =  2.4993088,  8.3237886      
# span 13 =   48.93734,   48.93898      
# span 14 =  -45.82558,  -45.81397      
# span 15 =    33.6202,    34.9195      
# span 16 =    33.6189,    34.9187      
# span 17 =     2.1973,     8.2786      
# span 18 =     2.2602,     8.2787      
# span 19 =    26.1496,    27.8662      
# span 20 =    26.1486,    27.8660      
# span 21 =    6.23463,    9.34337      
# span 22 =    6.21845,    9.41297      
# span 23 =         11,        101      
# span 24 = 0.0000e+00, 0.0000e+00      
# interval = decibars: 1                
# start_time = Jul 06 2014 21:24:33 [NMEA time, header]
# bad_flag = -9.990e-29
*END*
[from data line 1334]
      40758   1698.189   1337.000     3.7361   3.283682     3.7355   3.283563      98.63     0.0141     2.4757     2.1919  34.690277  3.7331350   48.93848  -45.81862    34.9151    34.9143     3.6333     3.6328    27.7564    27.7558    6.25901    6.25896         18 0.0000e+00
      40776   1698.961   1338.000     3.7363   3.283749     3.7356   3.283616      98.63     0.0145     2.4755     2.1915  34.690186  3.7325990   48.93848  -45.81862    34.9152    34.9143     3.6334     3.6328    27.7564    27.7558    6.26614    6.25084         19 0.0000e+00
      40795   1699.760   1339.000     3.7350   3.283659     3.7343   3.283515      98.63     0.0144     2.4755     2.1906  34.690834  3.7326007   48.93848  -45.81862    34.9151    34.9140     3.6320     3.6314    27.7565    27.7557    6.26862    6.24873         20 0.0000e+00
      40816   1700.624   1340.000     3.7337   3.283580     3.7331   3.283453      98.63     0.0116     2.4756     2.1901  34.693245  3.7326007   48.93848  -45.81861    34.9150    34.9140     3.6307     3.6302    27.7565    27.7558    6.27063    6.25357         22 0.0000e+00
      40839   1701.602   1341.000     3.7332   3.283573     3.7325   3.283445      98.63     0.0134     2.4758     2.1900  34.692188  3.7326007   48.93848  -45.81860    34.9149    34.9141     3.6301     3.6294    27.7566    27.7560    6.27080    6.26003         25 0.0000e+00
      40867   1702.743   1342.000     3.7326   3.283561     3.7320   3.283437      98.63     0.0139     2.4756     2.1902  34.698708  3.7326007   48.93848  -45.81860    34.9149    34.9140     3.6294     3.6289    27.7566    27.7560    6.26494    6.26875         29 0.0000e+00
      40896   1703.948   1343.000     3.7326   3.283606     3.7319   3.283484      67.67     0.0143     2.4749     2.1908  34.700077  3.7326007   48.93849  -45.81860    34.9150    34.9142     3.6293     3.6286    27.7567    27.7562    6.26754    6.26187         27 0.0000e+00
      40920   1704.947   1344.000     3.7327   3.283663     3.7321   3.283540      95.23     0.0136     2.4753     2.1902  34.706013  3.7326007   48.93850  -45.81860    34.9150    34.9142     3.6294     3.6288    27.7567    27.7561    6.26875    6.25784         22 0.0000e+00
      40940   1705.790   1345.000     3.7326   3.283700     3.7318   3.283551      98.63     0.0147     2.4745     2.1900  34.701763  3.7315743   48.93850  -45.81860    34.9150    34.9141     3.6292     3.6284    27.7567    27.7561    6.26078    6.25921         19 0.0000e+00
      40961   1706.660   1346.000     3.7316   3.283644     3.7308   3.283509      98.63     0.0169     2.4744     2.1898  34.697598  3.7325923   48.93850  -45.81860    34.9149    34.9141     3.6281     3.6274    27.7567    27.7562    6.26276    6.26033         23 0.0000e+00
      40988   1707.776   1347.000     3.7309   3.283626     3.7302   3.283500      98.63     0.0174     2.4738     2.1894  34.701328  3.7295039   48.93850  -45.81860    34.9150    34.9142     3.6273     3.6267    27.7569    27.7563    6.26585    6.25676         33 0.0000e+00
      41024   1709.275   1348.000     3.7306   3.283650     3.7301   3.283529      98.63     0.0213     2.4732     2.1890  34.712223  3.7240705   48.93850  -45.81860    34.9150    34.9141     3.6270     3.6265    27.7569    27.7563    6.26333    6.25811         33 0.0000e+00
      41050   1710.378   1349.000     3.7298   3.283609     3.7296   3.283527      98.63     0.0189     2.4734     2.1886  34.703690  3.7251918   48.93850  -45.81860    34.9150    34.9141     3.6260     3.6259    27.7570    27.7564    6.26794    6.25411         21 0.0000e+00
      41069   1711.164   1350.000     3.7284   3.283523     3.7281   3.283423      98.63     0.0152     2.4726     2.1881  34.706608  3.7277725   48.93850  -45.81860    34.9149    34.9140     3.6246     3.6243    27.7571    27.7564    6.26464    6.24960         18 0.0000e+00
      41086   1711.868   1351.000     3.7277   3.283508     3.7272   3.283386      17.86     0.0154     2.4729     2.1875  34.705036  3.7262933   48.93850  -45.81860    34.9149    34.9140     3.6238     3.6233    27.7572    27.7565    6.26436    6.25180         17 0.0000e+00
      41103   1712.563   1352.000     3.7269   3.283480     3.7264   3.283350      81.86     0.0139     2.4724     2.1873  34.712555  3.7240481   48.93850  -45.81860    34.9149    34.9140     3.6230     3.6224    27.7573    27.7566    6.25812    6.25550         17 0.0000e+00
      41120   1713.300   1353.000     3.7261   3.283455     3.7253   3.283317      98.38     0.0186     2.4719     2.1870  34.714661  3.7233856   48.93852  -45.81860    34.9150    34.9142     3.6220     3.6213    27.7574    27.7568    6.26472    6.25694         18 0.0000e+00
      41141   1714.150   1354.000     3.7257   3.283458     3.7249   3.283327      98.63     0.0184     2.4715     2.1869  34.711639  3.7232597   48.93852  -45.81860    34.9150    34.9142     3.6215     3.6208    27.7575    27.7569    6.25988    6.25735         23 0.0000e+00
      41166   1715.199   1355.000     3.7242   3.283385     3.7236   3.283259      86.98     0.0167     2.4710     2.1869  34.713589  3.7228365   48.93852  -45.81860    34.9151    34.9143     3.6200     3.6194    27.7577    27.7571    6.26591    6.25835         27 0.0000e+00
      41194   1716.357   1356.000     3.7237   3.283390     3.7232   3.283273      98.88     0.0111     2.4712     2.1863  34.710285  3.7228327   48.93852  -45.81860    34.9153    34.9144     3.6194     3.6190    27.7579    27.7572    6.26292    6.24917         27 0.0000e+00
      41218   1717.355   1357.000     3.7230   3.283368     3.7225   3.283252      98.63     0.0193     2.4698     2.1854  34.716621  3.7223883   48.93852  -45.81860    34.9153    34.9144     3.6186     3.6181    27.7580    27.7574    6.25785    6.24724         22 0.0000e+00
      41239   1718.259   1358.000     3.7228   3.283393     3.7222   3.283264      98.63     0.0184     2.4702     2.1851  34.712669  3.7223887   48.93852  -45.81858    34.9152    34.9144     3.6184     3.6177    27.7580    27.7574    6.26327    6.25417         22 0.0000e+00
      41265   1719.343   1359.000     3.7234   3.283504     3.7228   3.283379      98.63     0.0178     2.4695     2.1849  34.714207  3.7225208   48.93852  -45.81858    34.9154    34.9146     3.6189     3.6183    27.7581    27.7575    6.25969    6.24913         32 0.0000e+00
      41306   1721.056   1360.000     3.7237   3.283580     3.7233   3.283472      98.63     0.0176     2.4687     2.1835  34.715977  3.7168450   48.93854  -45.81859    34.9155    34.9147     3.6191     3.6187    27.7581    27.7575    6.25674    6.24467         42 0.0000e+00
      41337   1722.322   1361.000     3.7231   3.283608     3.7224   3.283474      81.20     0.0116     2.4674     2.1834  34.730480  3.7216644   48.93854  -45.81860    34.9160    34.9151     3.6184     3.6177    27.7586    27.7580    6.24906    6.25439         22 0.0000e+00
      41355   1723.093   1362.000     3.7221   3.283580     3.7214   3.283454      64.44     0.0155     2.4674     2.1834  34.731762  3.7222672   48.93854  -45.81860    34.9163    34.9154     3.6173     3.6166    27.7589    27.7583    6.25394    6.24573         17 0.0000e+00
      41371   1723.751   1363.000     3.7219   3.283610     3.7213   3.283486      98.71     0.0187     2.4665     2.1826  34.731625  3.7228339   48.93854  -45.81860    34.9163    34.9154     3.6170     3.6165    27.7590    27.7583    6.25705    6.23683         15 0.0000e+00
      41386   1724.363   1364.000     3.7217   3.283642     3.7212   3.283526      98.63     0.0180     2.4670     2.1822  34.730492  3.7228327   48.93854  -45.81860    34.9164    34.9155     3.6167     3.6163    27.7591    27.7584    6.25965    6.23696         14 0.0000e+00
      41400   1724.967   1365.000     3.7209   3.283607     3.7205   3.283497      98.63     0.0164     2.4665     2.1814  34.728668  3.7215116   48.93854  -45.81860    34.9163    34.9155     3.6159     3.6154    27.7591    27.7584    6.25927    6.23583         15 0.0000e+00
      41416   1725.615   1366.000     3.7202   3.283587     3.7198   3.283491      98.63     0.0135     2.4665     2.1809  34.728298  3.7216811   48.93854  -45.81860    34.9163    34.9156     3.6151     3.6147    27.7591    27.7586    6.25734    6.24198         17 0.0000e+00
      41436   1726.457   1367.000     3.7198   3.283585     3.7192   3.283472      98.63     0.0135     2.4661     2.1808  34.732296  3.7136757   48.93854  -45.81860    34.9162    34.9155     3.6146     3.6140    27.7591    27.7586    6.25568    6.24361         26 0.0000e+00
      41492   1728.779   1368.000     3.7198   3.283617     3.7192   3.283500      98.63     0.0157     2.4653     2.1807  34.732956  3.7130647   48.93854  -45.81860    34.9161    34.9153     3.6145     3.6140    27.7591    27.7585    6.25862    6.25141         51 0.0000e+00
      41519   1729.910   1369.000     3.7188   3.283597     3.7183   3.283479      92.05     0.0126     2.4650     2.1807  34.732597  3.7168975   48.93854  -45.81860    34.9164    34.9155     3.6134     3.6129    27.7594    27.7588    6.25942    6.24407         18 0.0000e+00
      41535   1730.574   1370.000     3.7183   3.283601     3.7178   3.283486       4.44     0.0138     2.4653     2.1802  34.732601  3.7227480   48.93855  -45.81860    34.9165    34.9156     3.6129     3.6124    27.7595    27.7589    6.25620    6.24379         15 0.0000e+00
      41550   1731.192   1371.000     3.7180   3.283617     3.7176   3.283513      88.80     0.0160     2.4643     2.1802  34.732601  3.7221982   48.93856  -45.81860    34.9165    34.9157     3.6125     3.6121    27.7595    27.7589    6.25722    6.24594         15 0.0000e+00
      41565   1731.835   1372.000     3.7177   3.283628     3.7172   3.283513      98.41     0.0193     2.4651     2.1800  34.732601  3.7180722   48.93856  -45.81859    34.9164    34.9156     3.6121     3.6116    27.7596    27.7590    6.25980    6.24570         16 0.0000e+00
      41584   1732.627   1373.000     3.7166   3.283572     3.7160   3.283443      98.63     0.0190     2.4641     2.1797  34.732601  3.7133050   48.93856  -45.81859    34.9165    34.9156     3.6109     3.6103    27.7597    27.7591    6.25332    6.24460         23 0.0000e+00
      41622   1734.225   1374.000     3.7145   3.283426     3.7142   3.283319      92.22     0.0149     2.4634     2.1791  34.741825  3.7125375   48.93856  -45.81860    34.9164    34.9155     3.6087     3.6099    27.7599    27.7592    6.25494    6.24611         54 0.0000e+00
      41664   1735.960   1375.000     3.7134   3.283386     3.7129   3.283271      98.89     0.0154     2.4628     2.1790  34.747456  3.7122400   48.93856  -45.81860    34.9166    34.9158     3.6075     3.6070    27.7602    27.7595    6.25028    6.24464         24 0.0000e+00
      41683   1736.751   1376.000     3.7132   3.283414     3.7126   3.283292      98.63     0.0161     2.4623     2.1786  34.747253  3.7130659   48.93856  -45.81860    34.9167    34.9158     3.6073     3.6067    27.7602    27.7596    6.25461    6.24179         17 0.0000e+00
      41699   1737.425   1377.000     3.7129   3.283422     3.7123   3.283300      98.63     0.0163     2.4621     2.1782  34.747253  3.7130647   48.93856  -45.81860    34.9166    34.9158     3.6069     3.6063    27.7602    27.7596    6.25572    6.24533         16 0.0000e+00
      41715   1738.077   1378.000     3.7113   3.283325     3.7106   3.283190      98.63     0.0156     2.4620     2.1784  34.747253  3.7098408   48.93856  -45.81860    34.9166    34.9158     3.6052     3.6045    27.7604    27.7598    6.25343    6.24886         15 0.0000e+00
      41731   1738.764   1379.000     3.7094   3.283211     3.7089   3.283083      98.63     0.0154     2.4616     2.1781  34.747253  3.7081974   48.93857  -45.81860    34.9168    34.9158     3.6033     3.6028    27.7607    27.7599    6.24923    6.24826         18 0.0000e+00
      41751   1739.586   1380.000     3.7060   3.282935     3.7053   3.282786      98.63     0.0137     2.4606     2.1781  34.747906  3.7094839   48.93858  -45.81860    34.9166    34.9156     3.5998     3.5991    27.7609    27.7602    6.24399    6.25149         22 0.0000e+00
      41778   1740.702   1381.000     3.7033   3.282730     3.7026   3.282596      84.95     0.0150     2.4600     2.1781  34.751488  3.7033317   48.93858  -45.81860    34.9165    34.9156     3.5971     3.5964    27.7611    27.7605    6.25031    6.25024         31 0.0000e+00
      41808   1741.967   1382.000     3.7021   3.282660     3.7012   3.282499      76.78     0.0116     2.4593     2.1779  34.749905  3.7036734   48.93858  -45.81861    34.9165    34.9155     3.5957     3.5949    27.7612    27.7605    6.24966    6.25128         27 0.0000e+00
      41832   1742.941   1383.000     3.6995   3.282464     3.6990   3.282347      98.72     0.0131     2.4591     2.1777  34.747242  3.7032952   48.93858  -45.81862    34.9163    34.9155     3.5932     3.5926    27.7614    27.7608    6.25240    6.24552         22 0.0000e+00
      41853   1743.834   1384.000     3.6978   3.282347     3.6975   3.282250      98.63     0.0144     2.4590     2.1770  34.749859  3.6998210   48.93858  -45.81862    34.9164    34.9155     3.5913     3.5910    27.7616    27.7609    6.25234    6.23566         22 0.0000e+00
      41879   1744.927   1385.000     3.6970   3.282324     3.6964   3.282196      98.63     0.0133     2.4584     2.1757  34.753490  3.6941085   48.93858  -45.81862    34.9164    34.9154     3.5905     3.5899    27.7617    27.7610    6.25348    6.23444         32 0.0000e+00
      41916   1746.473   1386.000     3.6964   3.282313     3.6959   3.282195      98.63     0.0147     2.4586     2.1750  34.749882  3.6935167   48.93859  -45.81862    34.9164    34.9155     3.5898     3.5893    27.7617    27.7611    6.26223    6.24666         37 0.0000e+00
      41946   1747.712   1387.000     3.6956   3.282288     3.6951   3.282170      52.83     0.0167     2.4585     2.1752  34.755733  3.6935287   48.93858  -45.81862    34.9165    34.9156     3.5889     3.5884    27.7619    27.7613    6.25826    6.25129         23 0.0000e+00
      41965   1748.519   1388.000     3.6953   3.282315     3.6947   3.282181      98.52     0.0163     2.4589     2.1755  34.757832  3.6935287   48.93858  -45.81862    34.9165    34.9156     3.5885     3.5879    27.7620    27.7613    6.25860    6.25263         18 0.0000e+00
      41982   1749.203   1389.000     3.6948   3.282314     3.6943   3.282183      98.63     0.0166     2.4586     2.1755  34.763817  3.6935287   48.93860  -45.81862    34.9165    34.9156     3.5880     3.5874    27.7620    27.7613    6.25538    6.25147         15 0.0000e+00
      41997   1749.834   1390.000     3.6930   3.282188     3.6928   3.282086      98.63     0.0173     2.4584     2.1755  34.761902  3.6935287   48.93860  -45.81862    34.9165    34.9155     3.5861     3.5859    27.7622    27.7614    6.26033    6.25104         15 0.0000e+00
      42012   1750.456   1391.000     3.6905   3.281993     3.6902   3.281888      98.63     0.0196     2.4585     2.1755  34.756062  3.6935287   48.93860  -45.81862    34.9163    34.9154     3.5835     3.5832    27.7623    27.7616    6.26031    6.24918         15 0.0000e+00
      42028   1751.108   1392.000     3.6893   3.281916     3.6883   3.281760      98.63     0.0192     2.4579     2.1752  34.761017  3.6935287   48.93860  -45.81862    34.9163    34.9154     3.5822     3.5813    27.7624    27.7618    6.25691    6.24742         16 0.0000e+00
      42046   1751.870   1393.000     3.6880   3.281838     3.6876   3.281732      98.63     0.0160     2.4581     2.1750  34.760513  3.6893718   48.93860  -45.81862    34.9162    34.9153     3.5808     3.5805    27.7625    27.7618    6.26027    6.25413         21 0.0000e+00
