data/CTD/2014/CNV/d017a012.cnv
* Sea-Bird SBE 9 Data File:
* FileName = C:\CTD_ACQUISITION\2014017HUD\ctddata\017A012.hdr
* Software Version Seasave V 7.22.2
* Temperature SN = 5081
* Conductivity SN = 3561
* Number of Bytes Per Scan = 37
* Number of Voltage Words = 4
* Number of Scans Averaged by the Deck Unit = 1
* NMEA Latitude = 52 48.96 N
* NMEA Longitude = 051 41.79 W
* NMEA UTC (Time) = Jul 03 2014 21:58:08
* NMEA baud rate = 9600
** Ship: Hudson
** Cruise: HUD2014017
** Chief_Scientist: Blair Greenan
** Organization: BIO
** Area_of_Operation: Sackville Spur
** Station: 012
** Sounding:  783
** Event_Comments: C3, 403023
# nquan = 25
# nvalues = 816                         
# units = specified
# name 0 = scan: Scan Count
# name 1 = timeS: Time, Elapsed [seconds]
# name 2 = prDM: Pressure, Digiquartz [db]
# name 3 = t068C: Temperature [ITS-68, deg C]
# name 4 = c0S/m: Conductivity [S/m]
# name 5 = t168C: Temperature, 2 [ITS-68, deg C]
# name 6 = c1S/m: Conductivity, 2 [S/m]
# name 7 = altM: Altimeter [m]
# name 8 = flC: Fluorescence, Chelsea Aqua 3 Chl Con [ug/l]
# name 9 = sbeox0V: Oxygen raw, SBE 43 [V]
# name 10 = sbeox1V: Oxygen raw, SBE 43, 2 [V]
# name 11 = upoly0: Upoly 0, Optode 4330F - O2 D-Phase
# name 12 = upoly1: Upoly 1, Optode 4330F - O2 Temp
# name 13 = latitude: Latitude [deg]
# name 14 = longitude: Longitude [deg]
# name 15 = sal00: Salinity, Practical [PSU]
# name 16 = sal11: Salinity, Practical, 2 [PSU]
# name 17 = potemp068C: Potential Temperature [ITS-68, deg C]
# name 18 = potemp168C: Potential Temperature, 2 [ITS-68, deg C]
# name 19 = sigma-é00: Density [sigma-theta, Kg/m^3]
# name 20 = sigma-é11: Density, 2 [sigma-theta, Kg/m^3]
# name 21 = sbeox0ML/L: Oxygen, SBE 43 [ml/l], WS = 2
# name 22 = sbeox1ML/L: Oxygen, SBE 43, 2 [ml/l], WS = 2
# name 23 = nbin: number of scans per bin
# name 24 = flag: flag
# span 0 =       4481,      27354       
# span 1 =    186.659,   1139.704       
# span 2 =      1.000,    816.000       
# span 3 =    -0.3674,     3.8993       
# span 4 =   2.775866,   3.244045       
# span 5 =    -0.3679,     3.8994       
# span 6 =   2.775655,   3.243897       
# span 7 =       1.32,     101.01       
# span 8 =     0.0033,     0.9583       
# span 9 =     2.7542,     3.6277       
# span 10 =     2.4354,     3.1939      
# span 11 =  30.397314,  33.619282      
# span 12 = -0.1068407,  3.8769493      
# span 13 =   52.81520,   52.81626      
# span 14 =  -51.69532,  -51.69183      
# span 15 =    31.9080,    34.8510      
# span 16 =    31.9062,    34.8494      
# span 17 =    -0.3685,     3.8867      
# span 18 =    -0.3690,     3.8868      
# span 19 =    25.3975,    27.7142      
# span 20 =    25.3969,    27.7130      
# span 21 =    6.67434,    9.32374      
# span 22 =    6.70264,    9.42830      
# span 23 =         11,         86      
# span 24 = 0.0000e+00, 0.0000e+00      
# interval = decibars: 1                
# start_time = Jul 03 2014 21:58:08 [NMEA time, header]
# bad_flag = -9.990e-29
*END*
[from data line 696]
      23896    995.635    697.000     3.6314   3.241132     3.6314   3.240985      98.96     0.0153     2.7966     2.4734  33.487263  3.6349621   52.81524  -51.69248    34.8483    34.8465     3.5819     3.5819    27.7083    27.7068    6.72183    6.74787         21 0.0000e+00
      23915    996.399    698.000     3.6307   3.241131     3.6308   3.240998      91.43     0.0177     2.7969     2.4727  33.487179  3.6336944   52.81524  -51.69248    34.8485    34.8468     3.5811     3.5812    27.7086    27.7072    6.71962    6.74191         16 0.0000e+00
      23930    997.053    699.000     3.6303   3.241152     3.6302   3.241004      86.93     0.0190     2.7955     2.4718  33.487179  3.6329541   52.81524  -51.69246    34.8486    34.8470     3.5806     3.5805    27.7087    27.7074    6.71014    6.74047         15 0.0000e+00
      23945    997.662    700.000     3.6297   3.241154     3.6297   3.241013      98.56     0.0177     2.7953     2.4713  33.487179  3.6290870   52.81524  -51.69246    34.8488    34.8471     3.5799     3.5799    27.7089    27.7075    6.71886    6.74513         15 0.0000e+00
      23960    998.296    701.000     3.6296   3.241186     3.6296   3.241048      93.20     0.0185     2.7949     2.4711  33.487179  3.6300111   52.81524  -51.69246    34.8487    34.8471     3.5798     3.5797    27.7088    27.7076    6.72200    6.75032         16 0.0000e+00
      23978    999.041    702.000     3.6295   3.241210     3.6294   3.241073      33.99     0.0174     2.7946     2.4713  33.486465  3.6305110   52.81524  -51.69246    34.8487    34.8470     3.5796     3.5795    27.7088    27.7075    6.71762    6.75522         20 0.0000e+00
      24005   1000.167    703.000     3.6294   3.241242     3.6293   3.241097      86.24     0.0189     2.7940     2.4713  33.485985  3.6298056   52.81524  -51.69244    34.8486    34.8469     3.5794     3.5793    27.7088    27.7074    6.72591    6.74857         36 0.0000e+00
      24045   1001.814    704.000     3.6293   3.241281     3.6294   3.241141      56.07     0.0225     2.7940     2.4692  33.500847  3.6282601   52.81524  -51.69244    34.8486    34.8469     3.5792     3.5793    27.7088    27.7074    6.71592    6.73143         37 0.0000e+00
      24075   1003.071    705.000     3.6290   3.241309     3.6290   3.241163      89.33     0.0191     2.7929     2.4681  33.495274  3.6286769   52.81524  -51.69244    34.8487    34.8470     3.5789     3.5789    27.7089    27.7076    6.72330    6.74326         25 0.0000e+00
      24097   1003.990    706.000     3.6289   3.241346     3.6289   3.241199      97.22     0.0212     2.7931     2.4684  33.488571  3.6300516   52.81524  -51.69244    34.8487    34.8470     3.5787     3.5787    27.7089    27.7076    6.72070    6.74891         20 0.0000e+00
      24115   1004.768    707.000     3.6289   3.241399     3.6289   3.241252      35.57     0.0202     2.7926     2.4684  33.486370  3.6289546   52.81524  -51.69243    34.8489    34.8471     3.5786     3.5786    27.7091    27.7077    6.71957    6.75282         18 0.0000e+00
      24133   1005.513    708.000     3.6285   3.241402     3.6286   3.241271      38.71     0.0198     2.7925     2.4689  33.475899  3.6321712   52.81524  -51.69242    34.8488    34.8471     3.5781     3.5782    27.7091    27.7077    6.71735    6.75738         18 0.0000e+00
      24152   1006.298    709.000     3.6282   3.241413     3.6282   3.241278      97.51     0.0175     2.7915     2.4693  33.476181  3.6305566   52.81526  -51.69242    34.8488    34.8471     3.5777     3.5777    27.7091    27.7078    6.71446    6.75538         20 0.0000e+00
      24173   1007.171    710.000     3.6276   3.241408     3.6276   3.241261      94.14     0.0146     2.7914     2.4692  33.492855  3.6283033   52.81524  -51.69242    34.8488    34.8470     3.5771     3.5771    27.7091    27.7077    6.71711    6.75152         22 0.0000e+00
      24197   1008.146    711.000     3.6268   3.241379     3.6268   3.241238      31.09     0.0163     2.7904     2.4689  33.504524  3.6271300   52.81524  -51.69241    34.8488    34.8470     3.5762     3.5763    27.7092    27.7078    6.71871    6.75004         25 0.0000e+00
      24224   1009.299    712.000     3.6264   3.241385     3.6264   3.241241      96.69     0.0169     2.7907     2.4688  33.499165  3.6264336   52.81524  -51.69240    34.8487    34.8470     3.5757     3.5757    27.7092    27.7079    6.72204    6.75688         31 0.0000e+00
      24259   1010.745    713.000     3.6265   3.241435     3.6264   3.241288      57.69     0.0151     2.7903     2.4691  33.500187  3.6239729   52.81524  -51.69240    34.8487    34.8470     3.5757     3.5757    27.7092    27.7079    6.71681    6.75527         35 0.0000e+00
      24288   1011.948    714.000     3.6266   3.241490     3.6265   3.241349      54.34     0.0179     2.7892     2.4691  33.510368  3.6243100   52.81524  -51.69240    34.8488    34.8472     3.5757     3.5756    27.7093    27.7080    6.71505    6.75280         23 0.0000e+00
      24307   1012.769    715.000     3.6266   3.241547     3.6265   3.241397      47.57     0.0196     2.7891     2.4683  33.505909  3.6267753   52.81525  -51.69239    34.8489    34.8472     3.5757     3.5756    27.7094    27.7081    6.69831    6.74166         18 0.0000e+00
      24324   1013.467    716.000     3.6266   3.241590     3.6266   3.241452      86.32     0.0208     2.7866     2.4675  33.509102  3.6281815   52.81526  -51.69238    34.8489    34.8473     3.5756     3.5756    27.7093    27.7081    6.69910    6.73514         16 0.0000e+00
      24341   1014.186    717.000     3.6261   3.241584     3.6259   3.241418      16.55     0.0177     2.7869     2.4662  33.507286  3.6277378   52.81526  -51.69238    34.8488    34.8470     3.5751     3.5749    27.7093    27.7080    6.71152    6.73598         19 0.0000e+00
      24367   1015.235    718.000     3.6247   3.241494     3.6244   3.241319      83.56     0.0155     2.7862     2.4660  33.507652  3.6228292   52.81526  -51.69238    34.8487    34.8469     3.5736     3.5733    27.7094    27.7080    6.71051    6.75128         35 0.0000e+00
      24407   1016.924    719.000     3.6234   3.241418     3.6237   3.241290      49.91     0.0178     2.7855     2.4666  33.510742  3.6171846   52.81526  -51.69237    34.8486    34.8468     3.5722     3.5725    27.7095    27.7080    6.71437    6.75577         34 0.0000e+00
      24430   1017.891    720.000     3.6234   3.241454     3.6233   3.241304      79.99     0.0201     2.7863     2.4664  33.512661  3.6163943   52.81526  -51.69236    34.8486    34.8469     3.5721     3.5720    27.7095    27.7082    6.72603    6.74363         19 0.0000e+00
      24448   1018.630    721.000     3.6233   3.241497     3.6233   3.241359      98.76     0.0170     2.7861     2.4656  33.506966  3.6211622   52.81526  -51.69236    34.8486    34.8470     3.5720     3.5720    27.7095    27.7082    6.71402    6.73882         17 0.0000e+00
      24465   1019.348    722.000     3.6234   3.241542     3.6233   3.241405      89.92     0.0133     2.7858     2.4648  33.516403  3.6192000   52.81526  -51.69236    34.8486    34.8470     3.5720     3.5719    27.7095    27.7082    6.70918    6.74118         18 0.0000e+00
      24488   1020.293    723.000     3.6229   3.241538     3.6228   3.241385      46.04     0.0144     2.7851     2.4646  33.516483  3.6185877   52.81526  -51.69236    34.8485    34.8468     3.5714     3.5713    27.7095    27.7081    6.71343    6.74815         31 0.0000e+00
      24540   1022.464    724.000     3.6214   3.241436     3.6216   3.241309      89.71     0.0169     2.7850     2.4650  33.515461  3.6151824   52.81526  -51.69234    34.8483    34.8466     3.5699     3.5700    27.7095    27.7081    6.71860    6.75652         52 0.0000e+00
      24569   1023.668    725.000     3.6210   3.241449     3.6211   3.241307      48.27     0.0152     2.7850     2.4649  33.510769  3.6206343   52.81526  -51.69234    34.8484    34.8466     3.5694     3.5694    27.7096    27.7082    6.71843    6.74631         21 0.0000e+00
      24587   1024.413    726.000     3.6211   3.241496     3.6210   3.241357      98.43     0.0191     2.7848     2.4645  33.506161  3.6188390   52.81526  -51.69234    34.8484    34.8468     3.5693     3.5693    27.7096    27.7083    6.71649    6.74069         17 0.0000e+00
      24603   1025.090    727.000     3.6212   3.241558     3.6211   3.241420      97.85     0.0175     2.7845     2.4636  33.509995  3.6166508   52.81526  -51.69232    34.8485    34.8469     3.5694     3.5693    27.7097    27.7084    6.71844    6.73299         16 0.0000e+00
      24620   1025.802    728.000     3.6212   3.241607     3.6211   3.241466      49.92     0.0186     2.7847     2.4624  33.508369  3.6207516   52.81526  -51.69232    34.8485    34.8469     3.5693     3.5693    27.7097    27.7084    6.72058    6.73604         18 0.0000e+00
      24645   1026.834    729.000     3.6210   3.241621     3.6210   3.241484      67.24     0.0197     2.7846     2.4625  33.511227  3.6157930   52.81526  -51.69232    34.8484    34.8468     3.5690     3.5690    27.7096    27.7083    6.71856    6.75356         35 0.0000e+00
      24687   1028.584    730.000     3.6207   3.241637     3.6208   3.241515      72.34     0.0168     2.7842     2.4630  33.510204  3.6153846   52.81526  -51.69232    34.8484    34.8468     3.5686     3.5688    27.7097    27.7084    6.72033    6.74103         38 0.0000e+00
      24713   1029.685    731.000     3.6207   3.241688     3.6205   3.241541      52.69     0.0136     2.7839     2.4615  33.514450  3.6153846   52.81526  -51.69232    34.8485    34.8469     3.5686     3.5684    27.7097    27.7085    6.71751    6.73246         21 0.0000e+00
      24732   1030.449    732.000     3.6207   3.241741     3.6206   3.241591      86.78     0.0125     2.7836     2.4607  33.513905  3.6153846   52.81526  -51.69232    34.8485    34.8468     3.5685     3.5685    27.7098    27.7084    6.71817    6.73811         17 0.0000e+00
      24748   1031.128    733.000     3.6206   3.241768     3.6204   3.241610      17.19     0.0149     2.7839     2.4606  33.516415  3.6153846   52.81526  -51.69230    34.8484    34.8468     3.5684     3.5682    27.7097    27.7084    6.72424    6.74552         16 0.0000e+00
      24765   1031.849    734.000     3.6204   3.241805     3.6206   3.241668      40.84     0.0141     2.7838     2.4608  33.516483  3.6153846   52.81527  -51.69230    34.8485    34.8468     3.5681     3.5682    27.7098    27.7084    6.72056    6.74831         19 0.0000e+00
      24805   1033.501    735.000     3.6204   3.241827     3.6205   3.241691      71.27     0.0158     2.7824     2.4609  33.525650  3.6153846   52.81528  -51.69229    34.8483    34.8466     3.5680     3.5681    27.7097    27.7083    6.71293    6.74882         46 0.0000e+00
      24856   1035.606    736.000     3.6204   3.241880     3.6204   3.241735      99.51     0.0153     2.7816     2.4609  33.516171  3.6153846   52.81528  -51.69228    34.8484    34.8467     3.5679     3.5679    27.7098    27.7084    6.71750    6.74675         19 0.0000e+00
      24872   1036.274    737.000     3.6205   3.241940     3.6205   3.241796      98.63     0.0127     2.7813     2.4607  33.517403  3.6153846   52.81528  -51.69228    34.8485    34.8468     3.5680     3.5679    27.7098    27.7085    6.71506    6.74023         16 0.0000e+00
      24886   1036.884    738.000     3.6210   3.242035     3.6208   3.241888      98.63     0.0113     2.7809     2.4598  33.519581  3.6153846   52.81528  -51.69228    34.8486    34.8470     3.5683     3.5682    27.7099    27.7086    6.71807    6.73772         14 0.0000e+00
      24901   1037.489    739.000     3.6215   3.242126     3.6214   3.241977      84.22     0.0137     2.7815     2.4597  33.524216  3.6153846   52.81528  -51.69228    34.8486    34.8469     3.5688     3.5687    27.7098    27.7085    6.71618    6.73888         15 0.0000e+00
      24917   1038.185    740.000     3.6221   3.242226     3.6220   3.242082      85.04     0.0132     2.7807     2.4590  33.521961  3.6153846   52.81528  -51.69226    34.8486    34.8470     3.5693     3.5693    27.7098    27.7085    6.71729    6.73755         19 0.0000e+00
      24948   1039.440    741.000     3.6223   3.242286     3.6222   3.242137      95.44     0.0135     2.7805     2.4588  33.522911  3.6153846   52.81528  -51.69226    34.8486    34.8469     3.5695     3.5694    27.7097    27.7084    6.71648    6.74374         47 0.0000e+00
      24996   1041.461    742.000     3.6224   3.242332     3.6224   3.242198      86.18     0.0214     2.7801     2.4582  33.535370  3.6153846   52.81528  -51.69224    34.8486    34.8469     3.5694     3.5695    27.7097    27.7084    6.71641    6.74081         36 0.0000e+00
      25023   1042.597    743.000     3.6225   3.242396     3.6224   3.242245      98.95     0.0144     2.7796     2.4582  33.537945  3.6153846   52.81530  -51.69224    34.8487    34.8469     3.5694     3.5694    27.7098    27.7084    6.71037    6.74853         24 0.0000e+00
      25045   1043.517    744.000     3.6224   3.242434     3.6224   3.242294      82.53     0.0105     2.7787     2.4586  33.535988  3.6163313   52.81530  -51.69224    34.8487    34.8470     3.5693     3.5693    27.7098    27.7085    6.70951    6.75017         21 0.0000e+00
      25066   1044.368    745.000     3.6221   3.242455     3.6221   3.242309      89.37     0.0112     2.7787     2.4586  33.540867  3.6167765   52.81530  -51.69224    34.8487    34.8470     3.5690     3.5689    27.7099    27.7085    6.71826    6.74934         21 0.0000e+00
      25087   1045.233    746.000     3.6219   3.242473     3.6219   3.242329      98.46     0.0139     2.7787     2.4587  33.536114  3.6154110   52.81530  -51.69224    34.8487    34.8469     3.5686     3.5686    27.7099    27.7085    6.71793    6.74964         21 0.0000e+00
      25109   1046.165    747.000     3.6213   3.242456     3.6213   3.242314      92.00     0.0181     2.7786     2.4585  33.531780  3.6153846   52.81530  -51.69222    34.8486    34.8469     3.5679     3.5680    27.7099    27.7085    6.72701    6.73910         23 0.0000e+00
      25135   1047.236    748.000     3.6201   3.242380     3.6202   3.242257      81.64     0.0189     2.7793     2.4568  33.534634  3.6153846   52.81530  -51.69222    34.8484    34.8468     3.5667     3.5669    27.7098    27.7086    6.72127    6.72869         29 0.0000e+00
      25166   1048.549    749.000     3.6203   3.242439     3.6204   3.242312      67.71     0.0174     2.7788     2.4560  33.539703  3.6153846   52.81530  -51.69221    34.8484    34.8467     3.5668     3.5670    27.7098    27.7085    6.71736    6.73970         34 0.0000e+00
      25199   1049.917    750.000     3.6209   3.242543     3.6208   3.242381      28.86     0.0163     2.7782     2.4552  33.541916  3.6153846   52.81530  -51.69220    34.8485    34.8467     3.5673     3.5672    27.7098    27.7084    6.71558    6.73049         30 0.0000e+00
      25225   1051.008    751.000     3.6207   3.242576     3.6208   3.242433      99.11     0.0153     2.7776     2.4543  33.539398  3.6153846   52.81530  -51.69220    34.8485    34.8468     3.5671     3.5671    27.7099    27.7085    6.71295    6.73640         23 0.0000e+00
      25246   1051.895    752.000     3.6169   3.242240     3.6173   3.242114      98.63     0.0195     2.7773     2.4548  33.536266  3.6153846   52.81531  -51.69219    34.8480    34.8462     3.5632     3.5636    27.7099    27.7084    6.71594    6.74731         20 0.0000e+00
      25266   1052.724    753.000     3.6148   3.242070     3.6149   3.241938      73.33     0.0198     2.7767     2.4549  33.537720  3.6153846   52.81532  -51.69218    34.8477    34.8461     3.5611     3.5611    27.7099    27.7086    6.71513    6.73949         20 0.0000e+00
