data/CTD/2014/CNV/d017a037.cnv
* Sea-Bird SBE 9 Data File:
* FileName = C:\CTD_ACQUISITION\2014017HUD\ctddata\017A037.hdr
* Software Version Seasave V 7.22.2
* Temperature SN = 5081
* Conductivity SN = 3561
* Number of Bytes Per Scan = 37
* Number of Voltage Words = 4
* Number of Scans Averaged by the Deck Unit = 1
* NMEA Latitude = 48 23.51 N
* NMEA Longitude = 046 37.86 W
* NMEA UTC (Time) = Jul 09 2014 22:08:37
* NMEA baud rate = 9600
** Ship: Hudson
** Cruise: HUD2014017
** Chief_Scientist: Blair Greenan
** Organization: BIO
** Area_of_Operation: Sackville Spur
** Station: 037
** Sounding:  1815
** Event_Comments: SS_09, 403209
# nquan = 25
# nvalues = 1850                        
# units = specified
# name 0 = scan: Scan Count
# name 1 = timeS: Time, Elapsed [seconds]
# name 2 = prDM: Pressure, Digiquartz [db]
# name 3 = t068C: Temperature [ITS-68, deg C]
# name 4 = c0S/m: Conductivity [S/m]
# name 5 = t168C: Temperature, 2 [ITS-68, deg C]
# name 6 = c1S/m: Conductivity, 2 [S/m]
# name 7 = altM: Altimeter [m]
# name 8 = flC: Fluorescence, Chelsea Aqua 3 Chl Con [ug/l]
# name 9 = sbeox0V: Oxygen raw, SBE 43 [V]
# name 10 = sbeox1V: Oxygen raw, SBE 43, 2 [V]
# name 11 = upoly0: Upoly 0, Optode 4330F - O2 D-Phase
# name 12 = upoly1: Upoly 1, Optode 4330F - O2 Temp
# name 13 = latitude: Latitude [deg]
# name 14 = longitude: Longitude [deg]
# name 15 = sal00: Salinity, Practical [PSU]
# name 16 = sal11: Salinity, Practical, 2 [PSU]
# name 17 = potemp068C: Potential Temperature [ITS-68, deg C]
# name 18 = potemp168C: Potential Temperature, 2 [ITS-68, deg C]
# name 19 = sigma-é00: Density [sigma-theta, Kg/m^3]
# name 20 = sigma-é11: Density, 2 [sigma-theta, Kg/m^3]
# name 21 = sbeox0ML/L: Oxygen, SBE 43 [ml/l], WS = 2
# name 22 = sbeox1ML/L: Oxygen, SBE 43, 2 [ml/l], WS = 2
# name 23 = nbin: number of scans per bin
# name 24 = flag: flag
# span 0 =       6101,      58553       
# span 1 =    254.164,   2439.668       
# span 2 =      2.000,   1851.000       
# span 3 =    -1.2472,     7.8351       
# span 4 =   2.674266,   3.403371       
# span 5 =    -1.2480,     7.8337       
# span 6 =   2.674173,   3.403212       
# span 7 =       1.45,     107.05       
# span 8 =     0.0083,     2.9084       
# span 9 =     2.3359,     3.6497       
# span 10 =     2.0656,     3.2200      
# span 11 =  30.160158,  35.161747      
# span 12 = -1.0145725,  7.4672565      
# span 13 =   48.39210,   48.39326      
# span 14 =  -46.62950,  -46.62111      
# span 15 =    32.8219,    34.9165      
# span 16 =    32.8207,    34.9161      
# span 17 =    -1.2479,     7.8348      
# span 18 =    -1.2487,     7.8334      
# span 19 =    25.5888,    27.8097      
# span 20 =    25.5878,    27.8097      
# span 21 =    6.25734,    9.66937      
# span 22 =    6.24307,    9.83027      
# span 23 =         12,        115      
# span 24 = 0.0000e+00, 0.0000e+00      
# interval = decibars: 1                
# start_time = Jul 09 2014 22:08:37 [NMEA time, header]
# bad_flag = -9.990e-29
*END*
[from data line 290]
      19174    798.894    292.000     3.5799   3.210707     3.5796   3.210655      88.09     0.0176     2.8813     2.5458  33.577126  3.5663176   48.39276  -46.62554    34.7554    34.7550     3.5602     3.5600    27.6364    27.6361    6.62902    6.65493         35 0.0000e+00
      19208    800.302    293.000     3.5816   3.210956     3.5816   3.210937      98.87     0.0207     2.8814     2.5450  33.582535  3.5665507   48.39278  -46.62554    34.7560    34.7558     3.5618     3.5618    27.6367    27.6365    6.63156    6.65722         32 0.0000e+00
      19239    801.581    294.000     3.5887   3.211812     3.5895   3.211877      66.65     0.0168     2.8813     2.5452  33.575977  3.5665445   48.39278  -46.62554    34.7582    34.7581     3.5688     3.5697    27.6378    27.6376    6.63412    6.65752         30 0.0000e+00
      19270    802.865    295.000     3.5901   3.212008     3.5894   3.211884      72.09     0.0173     2.8820     2.5448  33.575531  3.5678873   48.39279  -46.62554    34.7585    34.7577     3.5702     3.5695    27.6379    27.6374    6.63612    6.65422         35 0.0000e+00
      19348    806.141    296.000     3.5904   3.212091     3.5898   3.212012      76.77     0.0180     2.8816     2.5443  33.584843  3.5765741   48.39281  -46.62554    34.7586    34.7583     3.5704     3.5698    27.6380    27.6377    6.63081    6.65942         52 0.0000e+00
      19386    807.709    297.000     3.5993   3.213140     3.5994   3.213141      99.02     0.0150     2.8814     2.5450  33.590549  3.5817523   48.39282  -46.62553    34.7612    34.7610     3.5792     3.5803    27.6391    27.6389    6.62972    6.65469         20 0.0000e+00
      19404    808.465    298.000     3.6010   3.213378     3.6011   3.213351      82.25     0.0140     2.8812     2.5444  33.595356  3.5817382   48.39282  -46.62552    34.7617    34.7612     3.5808     3.5810    27.6394    27.6390    6.63285    6.64470         18 0.0000e+00
      19425    809.338    299.000     3.6021   3.213538     3.6017   3.213455      93.98     0.0159     2.8815     2.5430  33.580063  3.5836957   48.39284  -46.62552    34.7619    34.7613     3.5818     3.5815    27.6395    27.6390    6.63458    6.64044         26 0.0000e+00
      19510    812.890    300.000     3.6002   3.213360     3.6004   3.213341      99.17     0.0178     2.8809     2.5417  33.581142  3.5931294   48.39286  -46.62552    34.7612    34.7608     3.5799     3.5801    27.6391    27.6388    6.63035    6.64915         43 0.0000e+00
      19555    814.731    301.000     3.6044   3.213879     3.6035   3.213752      29.78     0.0151     2.8805     2.5416  33.584251  3.5958517   48.39286  -46.62552    34.7625    34.7618     3.5840     3.5832    27.6397    27.6393    6.62813    6.64914         24 0.0000e+00
      19577    815.677    302.000     3.6073   3.214243     3.6060   3.214076      97.86     0.0149     2.8798     2.5415  33.575195  3.5958486   48.39287  -46.62552    34.7631    34.7626     3.5869     3.5855    27.6399    27.6396    6.62531    6.65029         22 0.0000e+00
      19603    816.762    303.000     3.6095   3.214530     3.6090   3.214442      95.88     0.0144     2.8799     2.5416  33.575092  3.5958486   48.39288  -46.62552    34.7637    34.7632     3.5890     3.5885    27.6402    27.6398    6.63176    6.65026         33 0.0000e+00
      19658    819.030    304.000     3.6073   3.214324     3.6042   3.213951      93.51     0.0149     2.8797     2.5409  33.583214  3.5957022   48.39288  -46.62550    34.7630    34.7618     3.5867     3.5837    27.6399    27.6392    6.63039    6.64501         69 0.0000e+00
      19714    821.369    305.000     3.6106   3.214736     3.6094   3.214569      86.32     0.0139     2.8798     2.5400  33.582283  3.5962367   48.39291  -46.62550    34.7639    34.7632     3.5900     3.5887    27.6402    27.6398    6.63413    6.64090         49 0.0000e+00
      19766    823.533    306.000     3.6145   3.215222     3.6139   3.215117      80.49     0.0161     2.8793     2.5391  33.575665  3.6008832   48.39292  -46.62550    34.7650    34.7645     3.5938     3.5932    27.6408    27.6404    6.62730    6.64380         47 0.0000e+00
      19801    824.980    307.000     3.6134   3.215153     3.6132   3.215082      96.26     0.0169     2.8790     2.5392  33.580856  3.6026659   48.39293  -46.62550    34.7649    34.7642     3.5926     3.5924    27.6407    27.6402    6.62491    6.64524         26 0.0000e+00
      19825    825.993    308.000     3.6148   3.215337     3.6137   3.215181      83.15     0.0176     2.8788     2.5392  33.591431  3.6055968   48.39294  -46.62550    34.7651    34.7643     3.5939     3.5928    27.6408    27.6403    6.63180    6.64720         25 0.0000e+00
      19871    827.908    309.000     3.6180   3.215738     3.6166   3.215545      86.12     0.0167     2.8784     2.5393  33.582756  3.6054962   48.39294  -46.62550    34.7659    34.7651     3.5970     3.5957    27.6411    27.6406    6.62884    6.64541         70 0.0000e+00
      19952    831.276    310.000     3.6187   3.215872     3.6183   3.215793      84.96     0.0225     2.8786     2.5385  33.583122  3.6104143   48.39296  -46.62550    34.7662    34.7657     3.5977     3.5978    27.6413    27.6410    6.63353    6.64590         37 0.0000e+00
      19980    832.444    311.000     3.6197   3.216016     3.6195   3.215972      98.91     0.0250     2.8783     2.5379  33.594311  3.6154923   48.39298  -46.62550    34.7663    34.7660     3.5986     3.5984    27.6413    27.6411    6.62309    6.63595         27 0.0000e+00
      20006    833.560    312.000     3.6200   3.216102     3.6198   3.216032      98.63     0.0235     2.8773     2.5378  33.574085  3.6153846   48.39299  -46.62549    34.7665    34.7659     3.5988     3.5986    27.6414    27.6410    6.62460    6.64674         28 0.0000e+00
      20038    834.879    313.000     3.6218   3.216338     3.6215   3.216275      92.29     0.0185     2.8767     2.5379  33.571213  3.6153846   48.39300  -46.62549    34.7669    34.7664     3.6006     3.6003    27.6415    27.6412    6.62315    6.64010         37 0.0000e+00
      20101    837.492    314.000     3.6223   3.216423     3.6222   3.216380      74.77     0.0157     2.8757     2.5366  33.585659  3.6154966   48.39301  -46.62548    34.7668    34.7664     3.6010     3.6009    27.6414    27.6411    6.62295    6.63711         87 0.0000e+00
      20167    840.240    315.000     3.6226   3.216509     3.6225   3.216471      99.69     0.0157     2.8751     2.5364  33.574627  3.6159027   48.39302  -46.62548    34.7670    34.7666     3.6012     3.6011    27.6415    27.6413    6.62413    6.64130         39 0.0000e+00
      20198    841.559    316.000     3.6270   3.217052     3.6266   3.216988      80.45     0.0136     2.8749     2.5360  33.588905  3.6167424   48.39304  -46.62548    34.7683    34.7679     3.6055     3.6052    27.6422    27.6419    6.62543    6.64067         29 0.0000e+00
      20226    842.721    317.000     3.6310   3.217544     3.6305   3.217467      98.52     0.0147     2.8745     2.5362  33.589218  3.6153941   48.39305  -46.62548    34.7694    34.7690     3.6094     3.6089    27.6427    27.6424    6.61672    6.64298         28 0.0000e+00
      20271    844.601    318.000     3.6331   3.217812     3.6328   3.217752      78.47     0.0155     2.8748     2.5371  33.579750  3.6200428   48.39306  -46.62548    34.7699    34.7694     3.6114     3.6112    27.6428    27.6425    6.62580    6.64661         76 0.0000e+00
      20354    848.028    319.000     3.6335   3.217897     3.6336   3.217875      95.10     0.0188     2.8738     2.5362  33.595051  3.6293914   48.39309  -46.62548    34.7699    34.7695     3.6118     3.6119    27.6428    27.6425    6.62024    6.63030         46 0.0000e+00
      20381    849.176    320.000     3.6352   3.218153     3.6350   3.218086      87.47     0.0205     2.8743     2.5352  33.589725  3.6324127   48.39308  -46.62548    34.7705    34.7700     3.6135     3.6132    27.6432    27.6428    6.62523    6.63495         27 0.0000e+00
      20410    850.391    321.000     3.6372   3.218409     3.6363   3.218281      59.61     0.0179     2.8739     2.5347  33.587135  3.6325493   48.39309  -46.62548    34.7710    34.7704     3.6153     3.6150    27.6433    27.6430    6.62320    6.63365         33 0.0000e+00
      20452    852.145    322.000     3.6380   3.218540     3.6382   3.218528      98.62     0.0148     2.8740     2.5343  33.595016  3.6290612   48.39310  -46.62548    34.7711    34.7708     3.6161     3.6163    27.6434    27.6431    6.62664    6.63535         50 0.0000e+00
      20497    854.011    323.000     3.6385   3.218642     3.6384   3.218590      88.38     0.0204     2.8741     2.5343  33.584671  3.6305175   48.39311  -46.62548    34.7713    34.7708     3.6165     3.6164    27.6434    27.6431    6.62465    6.63838         40 0.0000e+00
      20559    856.595    324.000     3.6385   3.218664     3.6383   3.218618      91.10     0.0200     2.8731     2.5333  33.594051  3.6345584   48.39312  -46.62547    34.7711    34.7707     3.6164     3.6163    27.6433    27.6430    6.61962    6.63312         73 0.0000e+00
      20614    858.887    325.000     3.6387   3.218757     3.6387   3.218721      73.73     0.0188     2.8716     2.5339  33.597176  3.6349339   48.39313  -46.62546    34.7714    34.7710     3.6166     3.6166    27.6435    27.6432    6.61551    6.64682         24 0.0000e+00
      20635    859.742    326.000     3.6399   3.218940     3.6402   3.218931      98.44     0.0162     2.8714     2.5343  33.597416  3.6349206   48.39314  -46.62546    34.7717    34.7713     3.6177     3.6180    27.6437    27.6434    6.62173    6.64076         21 0.0000e+00
      20658    860.702    327.000     3.6425   3.219280     3.6425   3.219252      83.79     0.0169     2.8716     2.5339  33.594654  3.6349206   48.39314  -46.62546    34.7725    34.7721     3.6203     3.6209    27.6440    27.6437    6.62092    6.63569         28 0.0000e+00
      20735    863.909    328.000     3.6431   3.219368     3.6423   3.219236      92.49     0.0165     2.8716     2.5329  33.590900  3.6358416   48.39316  -46.62546    34.7724    34.7716     3.6207     3.6199    27.6440    27.6434    6.62419    6.63564         84 0.0000e+00
      20787    866.066    329.000     3.6445   3.219583     3.6445   3.219563      92.91     0.0160     2.8715     2.5328  33.598419  3.6444373   48.39316  -46.62546    34.7729    34.7727     3.6221     3.6221    27.6442    27.6440    6.62083    6.63199         24 0.0000e+00
      20807    866.913    330.000     3.6482   3.220050     3.6476   3.219954      59.91     0.0180     2.8717     2.5319  33.595924  3.6431510   48.39316  -46.62546    34.7741    34.7735     3.6257     3.6251    27.6448    27.6444    6.62717    6.62733         19 0.0000e+00
      20827    867.770    331.000     3.6498   3.220277     3.6492   3.220169      69.66     0.0184     2.8718     2.5315  33.597355  3.6413364   48.39317  -46.62546    34.7745    34.7739     3.6272     3.6266    27.6450    27.6445    6.62193    6.63036         23 0.0000e+00
      20898    870.729    332.000     3.6485   3.220159     3.6481   3.220075      54.85     0.0172     2.8707     2.5329  33.594009  3.6422532   48.39319  -46.62546    34.7739    34.7734     3.6259     3.6255    27.6446    27.6442    6.61930    6.64436         39 0.0000e+00
      20967    873.593    333.000     3.6520   3.220599     3.6514   3.220524      98.48     0.0199     2.8703     2.5352  33.596329  3.6446795   48.39320  -46.62546    34.7750    34.7747     3.6292     3.6287    27.6452    27.6450    6.62267    6.65485         20 0.0000e+00
      20986    874.386    334.000     3.6553   3.221017     3.6551   3.220959      94.95     0.0180     2.8706     2.5356  33.597866  3.6446886   48.39320  -46.62546    34.7760    34.7754     3.6324     3.6323    27.6456    27.6452    6.62200    6.64957         18 0.0000e+00
      21006    875.218    335.000     3.6570   3.221252     3.6569   3.221207      36.84     0.0164     2.8701     2.5354  33.597080  3.6446886   48.39320  -46.62546    34.7764    34.7760     3.6341     3.6340    27.6458    27.6455    6.61788    6.64395         22 0.0000e+00
      21054    877.221    336.000     3.6595   3.221569     3.6591   3.221481      89.76     0.0185     2.8695     2.5342  33.596409  3.6471524   48.39320  -46.62544    34.7769    34.7764     3.6366     3.6361    27.6460    27.6456    6.61754    6.63721         53 0.0000e+00
      21130    880.390    337.000     3.6611   3.221786     3.6604   3.221708      98.89     0.0171     2.8675     2.5327  33.591824  3.6547463   48.39322  -46.62544    34.7774    34.7771     3.6380     3.6374    27.6462    27.6460    6.59690    6.63239         26 0.0000e+00
      21150    881.204    338.000     3.6653   3.222317     3.6649   3.222239      86.27     0.0176     2.8652     2.5319  33.595898  3.6544566   48.39322  -46.62544    34.7787    34.7782     3.6422     3.6417    27.6468    27.6465    6.60496    6.62559         19 0.0000e+00
      21169    881.981    339.000     3.6658   3.222430     3.6656   3.222376      74.42     0.0148     2.8664     2.5308  33.597073  3.6544566   48.39322  -46.62544    34.7789    34.7785     3.6426     3.6435    27.6470    27.6467    6.61050    6.62266         18 0.0000e+00
      21188    882.779    340.000     3.6671   3.222622     3.6669   3.222559      98.88     0.0145     2.8649     2.5300  33.597069  3.6544566   48.39322  -46.62544    34.7793    34.7788     3.6439     3.6436    27.6471    27.6467    6.59474    6.62520         20 0.0000e+00
      21212    883.799    341.000     3.6709   3.223092     3.6697   3.222962      77.44     0.0153     2.8640     2.5296  33.597755  3.6544566   48.39323  -46.62543    34.7804    34.7798     3.6475     3.6464    27.6476    27.6473    6.60432    6.62783         31 0.0000e+00
      21242    885.054    342.000     3.6805   3.224232     3.6804   3.224193      99.25     0.0162     2.8638     2.5290  33.596470  3.6544566   48.39324  -46.62542    34.7832    34.7829     3.6571     3.6569    27.6489    27.6487    6.60546    6.61877         26 0.0000e+00
      21265    885.993    343.000     3.6818   3.224430     3.6817   3.224378      97.46     0.0124     2.8638     2.5279  33.596336  3.6549520   48.39324  -46.62542    34.7837    34.7832     3.6583     3.6581    27.6492    27.6488    6.60829    6.61478         20 0.0000e+00
      21284    886.803    344.000     3.6834   3.224645     3.6834   3.224630      63.02     0.0121     2.8636     2.5272  33.593563  3.6549711   48.39324  -46.62542    34.7841    34.7839     3.6598     3.6598    27.6494    27.6492    6.59526    6.62244         19 0.0000e+00
      21304    887.615    345.000     3.6846   3.224829     3.6846   3.224783      98.22     0.0156     2.8625     2.5275  33.599442  3.6641154   48.39324  -46.62542    34.7845    34.7840     3.6609     3.6628    27.6495    27.6492    6.59396    6.63169         21 0.0000e+00
      21326    888.543    346.000     3.6846   3.224880     3.6846   3.224826      98.63     0.0181     2.8619     2.5282  33.597122  3.6642246   48.39324  -46.62542    34.7845    34.7838     3.6609     3.6609    27.6495    27.6490    6.60102    6.63491         24 0.0000e+00
      21353    889.681    347.000     3.6858   3.225044     3.6853   3.224945      98.64     0.0225     2.8618     2.5285  33.596302  3.6730926   48.39324  -46.62542    34.7847    34.7840     3.6620     3.6614    27.6496    27.6491    6.60403    6.62893         29 0.0000e+00
      21381    890.818    348.000     3.6876   3.225291     3.6874   3.225235      98.63     0.0200     2.8618     2.5279  33.599186  3.6732166   48.39324  -46.62542    34.7852    34.7847     3.6637     3.6635    27.6498    27.6494    6.60489    6.62070         25 0.0000e+00
