data/CTD/2014/CNV/d017a021.cnv
* Sea-Bird SBE 9 Data File:
* FileName = C:\CTD_ACQUISITION\2014017HUD\ctddata\017A021.hdr
* Software Version Seasave V 7.22.2
* Temperature SN = 5081
* Conductivity SN = 3561
* Number of Bytes Per Scan = 37
* Number of Voltage Words = 4
* Number of Scans Averaged by the Deck Unit = 1
* NMEA Latitude = 53 13.81 N
* NMEA Longitude = 050 28.39 W
* NMEA UTC (Time) = Jul 05 2014 02:20:47
* NMEA baud rate = 9600
** Ship: Hudson
** Cruise: HUD2014017
** Chief_Scientist: Blair Greenan
** Organization: BIO
** Area_of_Operation: Sackville Spur
** Station: 021
** Sounding:  3191
** Event_Comments: DSOW2, 403108
# nquan = 25
# nvalues = 3334                        
# units = specified
# name 0 = scan: Scan Count
# name 1 = timeS: Time, Elapsed [seconds]
# name 2 = prDM: Pressure, Digiquartz [db]
# name 3 = t068C: Temperature [ITS-68, deg C]
# name 4 = c0S/m: Conductivity [S/m]
# name 5 = t168C: Temperature, 2 [ITS-68, deg C]
# name 6 = c1S/m: Conductivity, 2 [S/m]
# name 7 = altM: Altimeter [m]
# name 8 = flC: Fluorescence, Chelsea Aqua 3 Chl Con [ug/l]
# name 9 = sbeox0V: Oxygen raw, SBE 43 [V]
# name 10 = sbeox1V: Oxygen raw, SBE 43, 2 [V]
# name 11 = upoly0: Upoly 0, Optode 4330F - O2 D-Phase
# name 12 = upoly1: Upoly 1, Optode 4330F - O2 Temp
# name 13 = latitude: Latitude [deg]
# name 14 = longitude: Longitude [deg]
# name 15 = sal00: Salinity, Practical [PSU]
# name 16 = sal11: Salinity, Practical, 2 [PSU]
# name 17 = potemp068C: Potential Temperature [ITS-68, deg C]
# name 18 = potemp168C: Potential Temperature, 2 [ITS-68, deg C]
# name 19 = sigma-é00: Density [sigma-theta, Kg/m^3]
# name 20 = sigma-é11: Density, 2 [sigma-theta, Kg/m^3]
# name 21 = sbeox0ML/L: Oxygen, SBE 43 [ml/l], WS = 2
# name 22 = sbeox1ML/L: Oxygen, SBE 43, 2 [ml/l], WS = 2
# name 23 = nbin: number of scans per bin
# name 24 = flag: flag
# span 0 =       5149,      87304       
# span 1 =    214.497,   3637.614       
# span 2 =      1.000,   3334.000       
# span 3 =     1.7911,     9.1923       
# span 4 =   3.182966,   3.687033       
# span 5 =     1.7900,     9.1921       
# span 6 =   3.182881,   3.686871       
# span 7 =       2.74,     107.33       
# span 8 =     0.0056,     0.5448       
# span 9 =     2.0665,     3.4908       
# span 10 =     1.8311,     3.0481      
# span 11 =  29.882446,  35.743607      
# span 12 =  1.7784365,  9.2221785      
# span 13 =   53.23092,   53.23268      
# span 14 =  -50.47242,  -50.46872      
# span 15 =    34.5044,    34.9164      
# span 16 =    34.5026,    34.9159      
# span 17 =     1.5453,     9.1915      
# span 18 =     1.5440,     9.1912      
# span 19 =    26.7009,    27.9215      
# span 20 =    26.6986,    27.9219      
# span 21 =    6.24061,    7.24045      
# span 22 =    6.21505,    7.25243      
# span 23 =         11,         90      
# span 24 = 0.0000e+00, 0.0000e+00      
# interval = decibars: 1                
# start_time = Jul 05 2014 02:20:47 [NMEA time, header]
# bad_flag = -9.990e-29
*END*
[from data line 2957]
      77547   3231.076   2958.000     2.2191   3.212798     2.2178   3.212697      69.02     0.0124     2.1250     1.8809  35.644241  2.2319858   53.23194  -50.47018    34.8982    34.8984     1.9896     1.9884    27.8910    27.8913    6.62806    6.57546         27 0.0000e+00
      77573   3232.150   2959.000     2.2192   3.212842     2.2180   3.212748      98.83     0.0114     2.1246     1.8811  35.652046  2.2274959   53.23194  -50.47018    34.8982    34.8984     1.9896     1.9884    27.8910    27.8913    6.63558    6.57536         24 0.0000e+00
      77595   3233.088   2960.000     2.2191   3.212875     2.2182   3.212808      98.64     0.0063     2.1250     1.8808  35.634663  2.2222548   53.23194  -50.47017    34.8983    34.8984     1.9894     1.9885    27.8911    27.8913    6.63750    6.57184         21 0.0000e+00
      77616   3233.942   2961.000     2.2182   3.212847     2.2177   3.212801      71.10     0.0123     2.1252     1.8807  35.627804  2.2195227   53.23194  -50.47016    34.8985    34.8984     1.9884     1.9879    27.8913    27.8913    6.63152    6.57665         20 0.0000e+00
      77636   3234.780   2962.000     2.2176   3.212826     2.2166   3.212751      85.43     0.0116     2.1246     1.8806  35.629318  2.2195361   53.23194  -50.47016    34.8984    34.8985     1.9877     1.9868    27.8913    27.8915    6.63047    6.57931         20 0.0000e+00
      77657   3235.648   2963.000     2.2175   3.212854     2.2164   3.212768      87.49     0.0142     2.1251     1.8809  35.629704  2.2194471   53.23194  -50.47016    34.8984    34.8985     1.9875     1.9864    27.8914    27.8915    6.63523    6.58489         22 0.0000e+00
      77678   3236.557   2964.000     2.2174   3.212889     2.2163   3.212808      72.47     0.0152     2.1244     1.8808  35.630363  2.2181237   53.23194  -50.47016    34.8985    34.8986     1.9873     1.9863    27.8914    27.8916    6.63437    6.57941         22 0.0000e+00
      77700   3237.472   2965.000     2.2172   3.212915     2.2163   3.212844      98.43     0.0197     2.1251     1.8806  35.626404  2.2110658   53.23194  -50.47016    34.8985    34.8986     1.9871     1.9862    27.8914    27.8916    6.63501    6.57159         22 0.0000e+00
      77722   3238.356   2966.000     2.2157   3.212821     2.2146   3.212722      98.63     0.0193     2.1243     1.8804  35.627739  2.2115700   53.23194  -50.47016    34.8985    34.8984     1.9855     1.9844    27.8916    27.8916    6.62638    6.57806         21 0.0000e+00
      77743   3239.239   2967.000     2.2127   3.212584     2.2115   3.212477      59.33     0.0141     2.1241     1.8803  35.626392  2.2092855   53.23194  -50.47014    34.8984    34.8983     1.9824     1.9891    27.8917    27.8918    6.63313    6.58270         21 0.0000e+00
      77767   3240.264   2968.000     2.2094   3.212314     2.2098   3.212363      97.60     0.0121     2.1242     1.8804  35.626373  2.2091315   53.23195  -50.47014    34.8982    34.8983     1.9791     1.9797    27.8918    27.8919    6.63776    6.58401         29 0.0000e+00
      77805   3241.839   2969.000     2.2074   3.212167     2.2063   3.212068      98.64     0.0128     2.1241     1.8803  35.626373  2.2087946   53.23196  -50.47014    34.8980    34.8980     1.9770     1.9760    27.8919    27.8920    6.63926    6.58311         46 0.0000e+00
      77843   3243.406   2970.000     2.2064   3.212104     2.2056   3.212055      98.64     0.0185     2.1240     1.8800  35.626373  2.2087913   53.23196  -50.47014    34.8979    34.8982     1.9760     1.9752    27.8919    27.8921    6.63144    6.56941         25 0.0000e+00
      77863   3244.257   2971.000     2.2035   3.211892     2.2042   3.211961      53.15     0.0193     2.1237     1.8794  35.626373  2.2087913   53.23196  -50.47014    34.8978    34.8980     1.9732     1.9838    27.8920    27.8921    6.62756    6.57776         19 0.0000e+00
      77880   3244.972   2972.000     2.2016   3.211747     2.2006   3.211670      98.34     0.0172     2.1229     1.8797  35.626373  2.2087913   53.23196  -50.47014    34.8978    34.8978     1.9710     1.9702    27.8922    27.8923    6.63563    6.58367         16 0.0000e+00
      77897   3245.652   2973.000     2.2014   3.211767     2.2003   3.211683      98.64     0.0107     2.1237     1.8794  35.626373  2.2087913   53.23196  -50.47014    34.8977    34.8979     1.9708     1.9697    27.8921    27.8923    6.63964    6.57701         16 0.0000e+00
      77914   3246.360   2974.000     2.2023   3.211884     2.2014   3.211823      98.63     0.0068     2.1229     1.8792  35.626373  2.2087913   53.23196  -50.47014    34.8977    34.8980     1.9716     1.9707    27.8921    27.8924    6.62835    6.57444         18 0.0000e+00
      77934   3247.213   2975.000     2.2020   3.211891     2.2013   3.211853      55.06     0.0109     2.1229     1.8788  35.626373  2.2012019   53.23196  -50.47012    34.8977    34.8979     1.9712     1.9705    27.8921    27.8923    6.64341    6.57765         24 0.0000e+00
      77961   3248.350   2976.000     2.2021   3.211944     2.2011   3.211849      90.99     0.0117     2.1230     1.8790  35.626373  2.1990683   53.23196  -50.47012    34.8977    34.8977     1.9712     1.9702    27.8921    27.8922    6.62760    6.58842         31 0.0000e+00
      77992   3249.607   2977.000     2.2016   3.211930     2.2002   3.211819      71.44     0.0107     2.1219     1.8787  35.626373  2.1982858   53.23196  -50.47011    34.8977    34.8978     1.9706     1.9693    27.8922    27.8923    6.62657    6.57563         27 0.0000e+00
      78015   3250.590   2978.000     2.2009   3.211898     2.1999   3.211825      98.83     0.0134     2.1214     1.8783  35.626373  2.1985600   53.23196  -50.47010    34.8976    34.8978     1.9698     1.9688    27.8921    27.8924    6.62760    6.57253         21 0.0000e+00
      78035   3251.418   2979.000     2.1992   3.211779     2.1990   3.211778      98.64     0.0174     2.1214     1.8780  35.626373  2.1990240   53.23196  -50.47010    34.8975    34.8976     1.9680     1.9679    27.8922    27.8923    6.61788    6.56994         19 0.0000e+00
      78054   3252.212   2980.000     2.1972   3.211630     2.1961   3.211545      51.61     0.0154     2.1204     1.8774  35.626373  2.1990232   53.23196  -50.47010    34.8974    34.8975     1.9660     1.9649    27.8923    27.8924    6.62036    6.56446         19 0.0000e+00
      78074   3253.061   2981.000     2.1962   3.211583     2.1955   3.211517      98.62     0.0167     2.1204     1.8770  35.626373  2.1941464   53.23196  -50.47010    34.8973    34.8974     1.9650     1.9642    27.8923    27.8924    6.63639    6.57666         22 0.0000e+00
      78101   3254.177   2982.000     2.1951   3.211513     2.1942   3.211443      73.47     0.0161     2.1205     1.8773  35.626373  2.1916695   53.23196  -50.47010    34.8973    34.8973     1.9637     1.9629    27.8923    27.8925    6.64848    6.59245         34 0.0000e+00
      78140   3255.790   2983.000     2.1877   3.210872     2.1893   3.211008     100.08     0.0182     2.1214     1.8779  35.626373  2.1891289   53.23196  -50.47010    34.8969    34.8969     1.9564     1.9628    27.8927    27.8925    6.66481    6.60264         37 0.0000e+00
      78168   3256.967   2984.000     2.1756   3.209844     2.1736   3.209625      67.77     0.0169     2.1224     1.8785  35.626373  2.1892552   53.23196  -50.47009    34.8968    34.8962     1.9445     1.9506    27.8935    27.8932    6.65956    6.61064         22 0.0000e+00
      78187   3257.768   2985.000     2.1613   3.208607     2.1612   3.208566      84.96     0.0172     2.1218     1.8789  35.626373  2.1892552   53.23196  -50.47008    34.8966    34.8962     1.9303     1.9303    27.8944    27.8941    6.65800    6.61114         18 0.0000e+00
      78205   3258.484   2986.000     2.1424   3.206970     2.1425   3.206903      98.72     0.0159     2.1232     1.8792  35.626373  2.1892552   53.23196  -50.47008    34.8963    34.8954     1.9118     1.9119    27.8957    27.8949    6.67255    6.61148         16 0.0000e+00
      78221   3259.178   2987.000     2.1347   3.206330     2.1349   3.206341      98.64     0.0153     2.1225     1.8791  35.626373  2.1734896   53.23196  -50.47008    34.8962    34.8962     1.9042     1.9044    27.8962    27.8962    6.67335    6.61593         17 0.0000e+00
      78239   3259.898   2988.000     2.1362   3.206489     2.1355   3.206436      70.71     0.0095     2.1231     1.8795  35.626373  2.1697085   53.23196  -50.47008    34.8962    34.8963     1.9055     1.9048    27.8961    27.8962    6.67663    6.61823         18 0.0000e+00
      78258   3260.721   2989.000     2.1356   3.206462     2.1351   3.206425      79.49     0.0094     2.1232     1.8794  35.628349  2.1626875   53.23196  -50.47008    34.8961    34.8961     1.9048     1.9043    27.8960    27.8961    6.66943    6.61749         22 0.0000e+00
      78283   3261.749   2990.000     2.1355   3.206491     2.1345   3.206420      97.86     0.0188     2.1234     1.8797  35.636150  2.1429310   53.23197  -50.47008    34.8961    34.8963     1.9046     1.9036    27.8960    27.8963    6.67136    6.61774         29 0.0000e+00
      78320   3263.271   2991.000     2.1366   3.206626     2.1360   3.206582      78.00     0.0184     2.1233     1.8800  35.629242  2.1413250   53.23198  -50.47008    34.8961    34.8961     1.9056     1.9051    27.8960    27.8960    6.67080    6.62240         44 0.0000e+00
      78359   3264.906   2992.000     2.1370   3.206711     2.1357   3.206608      99.65     0.0140     2.1236     1.8800  35.626247  2.1407256   53.23198  -50.47007    34.8962    34.8963     1.9059     1.9046    27.8961    27.8963    6.67490    6.61716         29 0.0000e+00
      78382   3265.855   2993.000     2.1375   3.206799     2.1364   3.206724      72.90     0.0171     2.1235     1.8803  35.626373  2.1428585   53.23198  -50.47006    34.8963    34.8965     1.9063     1.9052    27.8961    27.8964    6.65974    6.61855         20 0.0000e+00
      78400   3266.612   2994.000     2.1377   3.206866     2.1367   3.206789      73.26     0.0173     2.1232     1.8800  35.626373  2.1415858   53.23198  -50.47006    34.8964    34.8966     1.9064     1.9054    27.8962    27.8964    6.65833    6.61139         17 0.0000e+00
      78416   3267.300   2995.000     2.1382   3.206953     2.1368   3.206838      98.15     0.0164     2.1230     1.8798  35.626373  2.1404369   53.23198  -50.47006    34.8964    34.8966     1.9068     1.9054    27.8962    27.8964    6.65532    6.61234         16 0.0000e+00
      78432   3267.971   2996.000     2.1403   3.207173     2.1389   3.207077      98.64     0.0178     2.1223     1.8798  35.626373  2.1410186   53.23198  -50.47006    34.8964    34.8968     1.9088     1.9074    27.8960    27.8964    6.67166    6.60991         16 0.0000e+00
      78450   3268.699   2997.000     2.1413   3.207284     2.1398   3.207188      83.80     0.0177     2.1230     1.8793  35.626373  2.1399150   53.23198  -50.47005    34.8963    34.8967     1.9096     1.9082    27.8959    27.8963    6.67929    6.60056         19 0.0000e+00
      78471   3269.604   2998.000     2.1399   3.207213     2.1387   3.207114      61.71     0.0171     2.1222     1.8787  35.626373  2.1327724   53.23198  -50.47004    34.8965    34.8965     1.9081     1.9070    27.8961    27.8962    6.64400    6.59278         25 0.0000e+00
      78501   3270.851   2999.000     2.1378   3.207061     2.1379   3.207088      70.98     0.0170     2.1214     1.8778  35.619926  2.1309392   53.23198  -50.47004    34.8964    34.8967     1.9060     1.9061    27.8962    27.8964    6.65012    6.59349         34 0.0000e+00
      78532   3272.128   3000.000     2.1391   3.207220     2.1386   3.207198      98.56     0.0149     2.1210     1.8771  35.611420  2.1314468   53.23198  -50.47004    34.8965    34.8967     1.9072     1.9137    27.8962    27.8964    6.66097    6.59710         25 0.0000e+00
      78554   3273.051   3001.000     2.1396   3.207297     2.1386   3.207225      98.64     0.0132     2.1203     1.8766  35.618767  2.1353362   53.23198  -50.47004    34.8965    34.8966     1.9075     1.9065    27.8962    27.8963    6.65435    6.60469         21 0.0000e+00
      78574   3273.865   3002.000     2.1384   3.207231     2.1375   3.207164      71.03     0.0141     2.1205     1.8767  35.620949  2.1388290   53.23198  -50.47004    34.8965    34.8966     1.9063     1.9054    27.8963    27.8964    6.66935    6.60753         19 0.0000e+00
      78594   3274.715   3003.000     2.1361   3.207069     2.1349   3.206977      78.20     0.0126     2.1204     1.8766  35.617115  2.1360230   53.23198  -50.47004    34.8965    34.8967     1.9039     1.9104    27.8964    27.8967    6.67168    6.60798         22 0.0000e+00
      78620   3275.796   3004.000     2.1247   3.206090     2.1291   3.206401      97.95     0.0132     2.1208     1.8765  35.611900  2.1308270   53.23198  -50.47003    34.8962    34.8953     1.8927     1.8973    27.8971    27.8961    6.67432    6.60899         31 0.0000e+00
      78654   3277.221   3005.000     2.0731   3.201534     2.0695   3.201158      98.64     0.0192     2.1202     1.8763  35.611721  2.1306472   53.23198  -50.47002    34.8953    34.8946     1.8421     1.8386    27.9003    27.9000    6.67026    6.61749         34 0.0000e+00
      78682   3278.385   3006.000     2.0750   3.201702     2.0729   3.201545      98.64     0.0193     2.1201     1.8760  35.611721  2.1306472   53.23198  -50.47002    34.8949    34.8952     1.8438     1.8419    27.8999    27.9003    6.67774    6.61974         23 0.0000e+00
      78703   3279.266   3007.000     2.0650   3.200855     2.0653   3.200843      48.94     0.0170     2.1199     1.8760  35.624832  2.1049120   53.23198  -50.47002    34.8948    34.8943     1.8340     1.8343    27.9005    27.9002    6.67620    6.62283         20 0.0000e+00
      78723   3280.072   3008.000     2.0583   3.200302     2.0578   3.200239      97.97     0.0182     2.1199     1.8760  35.626350  2.1013925   53.23198  -50.47002    34.8947    34.8945     1.8274     1.8268    27.9010    27.9009    6.67721    6.62963         19 0.0000e+00
      78742   3280.871   3009.000     2.0588   3.200380     2.0572   3.200244      98.64     0.0168     2.1195     1.8761  35.626373  2.0926468   53.23199  -50.47002    34.8947    34.8947     1.8278     1.8351    27.9009    27.9011    6.67989    6.62906         19 0.0000e+00
      78761   3281.684   3010.000     2.0574   3.200287     2.0569   3.200247      83.63     0.0142     2.1194     1.8759  35.626373  2.0813723   53.23200  -50.47002    34.8946    34.8946     1.8263     1.8258    27.9010    27.9011    6.67671    6.62172         20 0.0000e+00
      78781   3282.493   3011.000     2.0564   3.200232     2.0555   3.200176      61.52     0.0157     2.1192     1.8758  35.626373  2.0818028   53.23200  -50.47002    34.8946    34.8948     1.8251     1.8243    27.9011    27.9013    6.67715    6.62741         19 0.0000e+00
      78800   3283.292   3012.000     2.0566   3.200305     2.0555   3.200220      98.63     0.0171     2.1192     1.8758  35.626373  2.0638175   53.23200  -50.47002    34.8947    34.8949     1.8253     1.8242    27.9012    27.9014    6.67815    6.63108         19 0.0000e+00
      78820   3284.125   3013.000     2.0559   3.200274     2.0547   3.200185      51.60     0.0184     2.1185     1.8758  35.626373  2.0627363   53.23200  -50.47000    34.8947    34.8948     1.8245     1.8234    27.9012    27.9014    6.68026    6.62524         21 0.0000e+00
      78844   3285.109   3014.000     2.0561   3.200336     2.0547   3.200219      96.73     0.0174     2.1189     1.8753  35.626373  2.0604992   53.23200  -50.47000    34.8948    34.8949     1.8246     1.8232    27.9013    27.9015    6.68984    6.61992         27 0.0000e+00
