data/CTD/2014/CNV/d017a058.cnv
* Sea-Bird SBE 9 Data File:
* FileName = C:\CTD_ACQUISITION\2014017HUD\ctddata\017A058.hdr
* Software Version Seasave V 7.22.2
* Temperature SN = 5081
* Conductivity SN = 3561
* Number of Bytes Per Scan = 37
* Number of Voltage Words = 4
* Number of Scans Averaged by the Deck Unit = 1
* NMEA Latitude = 43 26.99 N
* NMEA Longitude = 059 56.99 W
* NMEA UTC (Time) = Jul 13 2014 18:09:25
* NMEA baud rate = 9600
** Ship: Hudson
** Cruise: HUD2014017
** Chief_Scientist: Blair Greenan
** Organization: BIO
** Area_of_Operation: Sackville Spur
** Station: 058
** Sounding:  1450
** Event_Comments: LC3, 403281
# nquan = 25
# nvalues = 1570                        
# units = specified
# name 0 = scan: Scan Count
# name 1 = timeS: Time, Elapsed [seconds]
# name 2 = prDM: Pressure, Digiquartz [db]
# name 3 = t068C: Temperature [ITS-68, deg C]
# name 4 = c0S/m: Conductivity [S/m]
# name 5 = t168C: Temperature, 2 [ITS-68, deg C]
# name 6 = c1S/m: Conductivity, 2 [S/m]
# name 7 = altM: Altimeter [m]
# name 8 = flC: Fluorescence, Chelsea Aqua 3 Chl Con [ug/l]
# name 9 = sbeox0V: Oxygen raw, SBE 43 [V]
# name 10 = sbeox1V: Oxygen raw, SBE 43, 2 [V]
# name 11 = upoly0: Upoly 0, Optode 4330F - O2 D-Phase
# name 12 = upoly1: Upoly 1, Optode 4330F - O2 Temp
# name 13 = latitude: Latitude [deg]
# name 14 = longitude: Longitude [deg]
# name 15 = sal00: Salinity, Practical [PSU]
# name 16 = sal11: Salinity, Practical, 2 [PSU]
# name 17 = potemp068C: Potential Temperature [ITS-68, deg C]
# name 18 = potemp168C: Potential Temperature, 2 [ITS-68, deg C]
# name 19 = sigma-é00: Density [sigma-theta, Kg/m^3]
# name 20 = sigma-é11: Density, 2 [sigma-theta, Kg/m^3]
# name 21 = sbeox0ML/L: Oxygen, SBE 43 [ml/l], WS = 2
# name 22 = sbeox1ML/L: Oxygen, SBE 43, 2 [ml/l], WS = 2
# name 23 = nbin: number of scans per bin
# name 24 = flag: flag
# span 0 =      10231,      53049       
# span 1 =    426.259,   2210.350       
# span 2 =      2.000,   1571.000       
# span 3 =     3.7608,    15.5515       
# span 4 =   3.035942,   4.055144       
# span 5 =     3.7608,    15.5743       
# span 6 =   3.035439,   4.054870       
# span 7 =       3.92,     102.46       
# span 8 =     0.0087,     0.3097       
# span 9 =     1.9163,     3.5531       
# span 10 =     1.6580,     3.0443      
# span 11 =  28.417952,  39.844261      
# span 12 =  3.9064379,  15.717914      
# span 13 =   43.44999,   43.45066      
# span 14 =  -59.95222,  -59.94971      
# span 15 =    31.5943,    35.4001      
# span 16 =    31.6047,    35.3970      
# span 17 =     3.7581,    15.5564      
# span 18 =     3.7582,    15.5738      
# span 19 =    23.2282,    27.7661      
# span 20 =    23.2325,    27.7660      
# span 21 =    3.36240,    7.49220      
# span 22 =    3.17413,    7.22745      
# span 23 =         13,         90      
# span 24 = 0.0000e+00, 0.0000e+00      
# interval = decibars: 1                
# start_time = Jul 13 2014 18:09:25 [NMEA time, header]
# bad_flag = -9.990e-29
*END*
[from data line 986]
      37251   1552.072    988.000     4.4067   3.332041     4.4063   3.331903      79.48     0.0203     2.5027     2.1985  34.893772  4.4160647   43.45064  -59.95142    34.9532    34.9520     4.3282     4.3278    27.7141    27.7132    5.95875    5.89661         33 0.0000e+00
      37283   1553.419    989.000     4.4058   3.331997     4.4055   3.331872      86.66     0.0187     2.5025     2.1983  34.893772  4.4157038   43.45064  -59.95142    34.9532    34.9520     4.3272     4.3269    27.7141    27.7133    5.96411    5.89978         30 0.0000e+00
      37310   1554.543    990.000     4.4057   3.332038     4.4054   3.331911      96.03     0.0194     2.5020     2.1981  34.893772  4.4126401   43.45064  -59.95142    34.9532    34.9520     4.3271     4.3268    27.7142    27.7133    5.96150    5.89779         24 0.0000e+00
      37333   1555.502    991.000     4.4057   3.332079     4.4054   3.331953      81.36     0.0158     2.5021     2.1983  34.893772  4.4096293   43.45064  -59.95142    34.9532    34.9521     4.3270     4.3266    27.7141    27.7133    5.96627    5.89473         22 0.0000e+00
      37354   1556.377    992.000     4.4055   3.332111     4.4052   3.331982      98.68     0.0165     2.5019     2.1971  34.893772  4.4098496   43.45064  -59.95142    34.9532    34.9521     4.3267     4.3264    27.7143    27.7134    5.96962    5.88734         21 0.0000e+00
      37374   1557.213    993.000     4.4054   3.332141     4.4050   3.332016      98.14     0.0174     2.5027     2.1968  34.893772  4.4070916   43.45064  -59.95142    34.9533    34.9521     4.3264     4.3261    27.7143    27.7134    5.97041    5.89872         19 0.0000e+00
      37394   1558.042    994.000     4.4051   3.332158     4.4048   3.332032      98.47     0.0165     2.5020     2.1973  34.893772  4.4079895   43.45064  -59.95142    34.9532    34.9521     4.3261     4.3258    27.7143    27.7134    5.96822    5.91120         21 0.0000e+00
      37416   1558.949    995.000     4.4051   3.332208     4.4050   3.332104      82.66     0.0160     2.5027     2.1984  34.893772  4.4062448   43.45064  -59.95143    34.9533    34.9522     4.3260     4.3259    27.7144    27.7135    5.97784    5.91041         24 0.0000e+00
      37447   1560.258    996.000     4.4057   3.332318     4.4054   3.332190      96.56     0.0135     2.5035     2.1981  34.893772  4.4056396   43.45064  -59.95144    34.9535    34.9523     4.3265     4.3262    27.7144    27.7136    5.97858    5.90057         40 0.0000e+00
      37485   1561.849    997.000     4.4057   3.332370     4.4054   3.332242      87.14     0.0137     2.5036     2.1978  34.893772  4.4059405   43.45064  -59.95144    34.9535    34.9524     4.3265     4.3262    27.7145    27.7136    5.96890    5.90570         29 0.0000e+00
      37507   1562.763    998.000     4.4052   3.332363     4.4049   3.332246      90.71     0.0165     2.5029     2.1980  34.893772  4.4066019   43.45064  -59.95144    34.9535    34.9524     4.3259     4.3256    27.7146    27.7137    5.97204    5.90488         19 0.0000e+00
      37525   1563.516    999.000     4.4023   3.332136     4.4032   3.332108      98.15     0.0145     2.5029     2.1977  34.892963  4.4076724   43.45064  -59.95144    34.9534    34.9521     4.3228     4.3238    27.7148    27.7136    5.97223    5.89681         18 0.0000e+00
      37544   1564.283   1000.000     4.3993   3.331901     4.3996   3.331821      73.98     0.0158     2.5030     2.1969  34.893761  4.4076223   43.45064  -59.95144    34.9533    34.9520     4.3199     4.3201    27.7150    27.7140    5.97663    5.89361         19 0.0000e+00
      37566   1565.229   1001.000     4.3990   3.331914     4.3980   3.331737      98.09     0.0159     2.5030     2.1965  34.893242  4.4073238   43.45064  -59.95144    34.9533    34.9522     4.3194     4.3185    27.7151    27.7143    5.97214    5.90260         27 0.0000e+00
      37599   1566.571   1002.000     4.3990   3.331958     4.3984   3.331805      90.92     0.0165     2.5021     2.1968  34.893784  4.4062915   43.45064  -59.95144    34.9532    34.9521     4.3194     4.3188    27.7150    27.7142    5.97141    5.90679         35 0.0000e+00
      37629   1567.826   1003.000     4.3977   3.331878     4.3977   3.331777      90.13     0.0148     2.5021     2.1968  34.893772  4.4065962   43.45064  -59.95144    34.9532    34.9521     4.3180     4.3180    27.7152    27.7143    5.97777    5.90411         26 0.0000e+00
      37653   1568.821   1004.000     4.3941   3.331592     4.3935   3.331431      98.53     0.0161     2.5023     2.1964  34.893772  4.4065933   43.45064  -59.95144    34.9531    34.9519     4.3144     4.3162    27.7155    27.7146    5.97459    5.89896         23 0.0000e+00
      37677   1569.825   1005.000     4.3923   3.331463     4.3926   3.331387      98.12     0.0149     2.5017     2.1957  34.893772  4.4073682   43.45064  -59.95144    34.9530    34.9518     4.3125     4.3128    27.7156    27.7146    5.97410    5.89560         25 0.0000e+00
      37703   1570.902   1006.000     4.3906   3.331344     4.3905   3.331237      98.64     0.0153     2.5016     2.1951  34.893772  4.4065890   43.45064  -59.95144    34.9529    34.9517     4.3106     4.3106    27.7157    27.7148    5.97416    5.89947         26 0.0000e+00
      37728   1571.965   1007.000     4.3907   3.331398     4.3901   3.331243      81.04     0.0114     2.5011     2.1948  34.893772  4.3979425   43.45064  -59.95144    34.9529    34.9518     4.3107     4.3100    27.7157    27.7149    5.97519    5.89989         25 0.0000e+00
      37752   1572.951   1008.000     4.3892   3.331300     4.3891   3.331184      95.80     0.0134     2.5012     2.1948  34.893772  4.3968091   43.45064  -59.95144    34.9528    34.9516     4.3091     4.3090    27.7158    27.7149    5.97588    5.90516         22 0.0000e+00
      37774   1573.860   1009.000     4.3873   3.331161     4.3871   3.331054      98.65     0.0130     2.5006     2.1946  34.893772  4.3968253   43.45064  -59.95144    34.9527    34.9517     4.3071     4.3069    27.7160    27.7151    5.97217    5.90369         22 0.0000e+00
      37795   1574.730   1010.000     4.3869   3.331174     4.3860   3.330966      89.62     0.0130     2.5003     2.1947  34.893772  4.3968253   43.45064  -59.95145    34.9527    34.9513     4.3067     4.3057    27.7160    27.7150    5.97363    5.90537         20 0.0000e+00
      37816   1575.618   1011.000     4.3828   3.330825     4.3830   3.330717      84.09     0.0157     2.5003     2.1947  34.893772  4.3968253   43.45064  -59.95146    34.9525    34.9512     4.3025     4.3027    27.7163    27.7152    5.97805    5.90837         23 0.0000e+00
      37841   1576.646   1012.000     4.3802   3.330618     4.3801   3.330513      98.06     0.0128     2.5000     2.1945  34.893772  4.3968253   43.45064  -59.95146    34.9523    34.9512     4.2998     4.3017    27.7164    27.7155    5.97880    5.90640         28 0.0000e+00
      37876   1578.129   1013.000     4.3799   3.330638     4.3794   3.330490      72.31     0.0146     2.5000     2.1947  34.892776  4.3888535   43.45064  -59.95146    34.9523    34.9512     4.2995     4.2990    27.7165    27.7156    5.97802    5.91156         43 0.0000e+00
      37916   1579.790   1014.000     4.3796   3.330645     4.3791   3.330520     100.06     0.0171     2.4992     2.1947  34.886860  4.3866420   43.45064  -59.95146    34.9523    34.9513     4.2990     4.2986    27.7165    27.7158    5.97570    5.90799         31 0.0000e+00
      37941   1580.822   1015.000     4.3799   3.330733     4.3796   3.330613      86.03     0.0178     2.4995     2.1946  34.879612  4.3870664   43.45064  -59.95146    34.9524    34.9514     4.2993     4.2990    27.7166    27.7158    5.97830    5.90719         21 0.0000e+00
      37959   1581.596   1016.000     4.3805   3.330834     4.3798   3.330684      82.02     0.0210     2.4993     2.1943  34.880859  4.3864737   43.45064  -59.95146    34.9525    34.9514     4.2997     4.2991    27.7166    27.7158    5.97513    5.90607         17 0.0000e+00
      37976   1582.273   1017.000     4.3799   3.330819     4.3797   3.330714      98.68     0.0201     2.4985     2.1940  34.880951  4.3870592   43.45064  -59.95146    34.9525    34.9515     4.2990     4.2989    27.7167    27.7159    5.97139    5.90652         16 0.0000e+00
      37992   1582.942   1018.000     4.3795   3.330833     4.3792   3.330713      98.63     0.0194     2.4985     2.1940  34.880005  4.3864961   43.45064  -59.95146    34.9525    34.9514     4.2986     4.2983    27.7167    27.7159    5.97847    5.90648         17 0.0000e+00
      38010   1583.714   1019.000     4.3792   3.330839     4.3789   3.330715      88.31     0.0197     2.4984     2.1935  34.889145  4.3870311   43.45064  -59.95146    34.9524    34.9513     4.2982     4.2979    27.7167    27.7159    5.98121    5.90565         21 0.0000e+00
      38058   1585.698   1020.000     4.3792   3.330869     4.3787   3.330736      81.06     0.0166     2.4985     2.1940  34.889423  4.3842382   43.45064  -59.95146    34.9522    34.9512     4.2982     4.2976    27.7165    27.7158    5.98072    5.91654         54 0.0000e+00
      38102   1587.523   1021.000     4.3789   3.330904     4.3786   3.330771      75.39     0.0205     2.4981     2.1944  34.881950  4.3844919   43.45064  -59.95146    34.9525    34.9512     4.2977     4.2975    27.7168    27.7158    5.97915    5.90730         19 0.0000e+00
      38118   1588.198   1022.000     4.3773   3.330807     4.3766   3.330635      95.78     0.0183     2.4979     2.1936  34.880936  4.3870926   43.45064  -59.95146    34.9525    34.9512     4.2960     4.2954    27.7170    27.7161    5.97619    5.89629         16 0.0000e+00
      38132   1588.807   1023.000     4.3761   3.330736     4.3760   3.330620      96.17     0.0220     2.4974     2.1930  34.883286  4.3856750   43.45065  -59.95146    34.9524    34.9512     4.2948     4.2947    27.7171    27.7161    5.97799    5.89430         14 0.0000e+00
      38146   1589.387   1024.000     4.3753   3.330706     4.3752   3.330590      98.60     0.0217     2.4978     2.1919  34.884338  4.3870368   43.45066  -59.95146    34.9524    34.9512     4.2940     4.2938    27.7171    27.7162    5.97870    5.89589         14 0.0000e+00
      38161   1589.983   1025.000     4.3754   3.330762     4.3754   3.330677      76.20     0.0199     2.4969     2.1918  34.893501  4.3851595   43.45065  -59.95146    34.9524    34.9514     4.2940     4.2940    27.7172    27.7164    5.97546    5.90476         15 0.0000e+00
      38177   1590.663   1026.000     4.3755   3.330797     4.3756   3.330718      85.69     0.0198     2.4967     2.1915  34.893772  4.3854175   43.45064  -59.95147    34.9523    34.9513     4.2939     4.2940    27.7171    27.7162    5.98087    5.90699         18 0.0000e+00
      38221   1592.496   1027.000     4.3750   3.330782     4.3752   3.330723      88.56     0.0183     2.4969     2.1921  34.891560  4.3794446   43.45064  -59.95148    34.9521    34.9512     4.2934     4.2946    27.7170    27.7162    5.97993    5.91737         57 0.0000e+00
      38273   1594.651   1028.000     4.3747   3.330807     4.3741   3.330655      99.07     0.0151     2.4961     2.1933  34.886223  4.3772054   43.45064  -59.95148    34.9522    34.9511     4.2930     4.2923    27.7171    27.7163    5.98353    5.92174         22 0.0000e+00
      38290   1595.385   1029.000     4.3741   3.330806     4.3736   3.330661      98.63     0.0133     2.4968     2.1935  34.884266  4.3796158   43.45064  -59.95148    34.9523    34.9512     4.2923     4.2918    27.7172    27.7164    5.98231    5.91578         17 0.0000e+00
      38307   1596.066   1030.000     4.3741   3.330850     4.3735   3.330703      66.47     0.0124     2.4960     2.1930  34.880932  4.3870974   43.45066  -59.95148    34.9523    34.9513     4.2922     4.2916    27.7173    27.7165    5.97760    5.90601         16 0.0000e+00
      38322   1596.724   1031.000     4.3744   3.330920     4.3739   3.330780      86.93     0.0143     2.4963     2.1923  34.883678  4.3858457   43.45066  -59.95148    34.9524    34.9513     4.2924     4.2919    27.7173    27.7165    5.97767    5.90052         16 0.0000e+00
      38339   1597.426   1032.000     4.3741   3.330939     4.3741   3.330844      98.45     0.0142     2.4954     2.1914  34.889606  4.3816967   43.45066  -59.95148    34.9523    34.9513     4.2921     4.2920    27.7173    27.7165    5.97078    5.90340         18 0.0000e+00
      38361   1598.337   1033.000     4.3735   3.330911     4.3733   3.330809      96.83     0.0158     2.4947     2.1911  34.893524  4.3775539   43.45066  -59.95148    34.9522    34.9511     4.2913     4.2912    27.7173    27.7164    5.97372    5.90787         28 0.0000e+00
      38404   1600.138   1034.000     4.3742   3.331018     4.3739   3.330897      87.58     0.0163     2.4946     2.1903  34.890533  4.3767004   43.45064  -59.95148    34.9522    34.9511     4.2920     4.2917    27.7172    27.7163    5.98274    5.90605         52 0.0000e+00
      38442   1601.696   1035.000     4.3738   3.331033     4.3735   3.330913      88.44     0.0145     2.4945     2.1897  34.890846  4.3772998   43.45064  -59.95148    34.9523    34.9512     4.2915     4.2912    27.7173    27.7165    5.97560    5.90244         25 0.0000e+00
      38463   1602.585   1036.000     4.3736   3.331063     4.3731   3.330921      79.44     0.0133     2.4942     2.1891  34.893776  4.3772893   43.45065  -59.95148    34.9523    34.9512     4.2912     4.2907    27.7174    27.7165    5.97840    5.90388         19 0.0000e+00
      38481   1603.347   1037.000     4.3728   3.331028     4.3725   3.330890      94.05     0.0149     2.4935     2.1892  34.890263  4.3778744   43.45066  -59.95148    34.9523    34.9510     4.2903     4.2900    27.7175    27.7165    5.97722    5.90840         17 0.0000e+00
      38499   1604.069   1038.000     4.3719   3.330989     4.3714   3.330841      12.98     0.0161     2.4938     2.1890  34.882305  4.3772840   43.45066  -59.95148    34.9523    34.9511     4.2893     4.2888    27.7175    27.7166    5.97861    5.91090         18 0.0000e+00
      38517   1604.823   1039.000     4.3707   3.330918     4.3702   3.330771      82.08     0.0161     2.4933     2.1894  34.881447  4.3772893   43.45066  -59.95149    34.9522    34.9510     4.2880     4.2875    27.7176    27.7167    5.98115    5.91507         19 0.0000e+00
      38538   1605.728   1040.000     4.3679   3.330706     4.3671   3.330520      85.34     0.0183     2.4937     2.1894  34.888897  4.3750014   43.45066  -59.95150    34.9521    34.9508     4.2852     4.2843    27.7179    27.7169    5.98768    5.91344         25 0.0000e+00
      38572   1607.129   1041.000     4.3584   3.329871     4.3586   3.329762      89.00     0.0192     2.4941     2.1893  34.893646  4.3716984   43.45065  -59.95150    34.9518    34.9503     4.2757     4.2772    27.7187    27.7174    5.98933    5.91378         43 0.0000e+00
      38611   1608.762   1042.000     4.3530   3.329414     4.3525   3.329285      81.58     0.0197     2.4938     2.1891  34.893772  4.3656135   43.45066  -59.95150    34.9517    34.9507     4.2702     4.2697    27.7191    27.7184    5.98814    5.91314         30 0.0000e+00
      38636   1609.782   1043.000     4.3499   3.329188     4.3490   3.328972      98.81     0.0174     2.4941     2.1888  34.893101  4.3666410   43.45066  -59.95150    34.9517    34.9502     4.2671     4.2662    27.7195    27.7184    5.98845    5.91437         22 0.0000e+00
      38656   1610.615   1044.000     4.3442   3.328717     4.3440   3.328579      93.34     0.0164     2.4937     2.1887  34.891476  4.3649702   43.45066  -59.95150    34.9517    34.9503     4.2614     4.2612    27.7201    27.7190    5.98660    5.91934         19 0.0000e+00
