data/CTD/2014/CNV/d017a038.cnv
* Sea-Bird SBE 9 Data File:
* FileName = C:\CTD_ACQUISITION\2014017HUD\ctddata\017A038.hdr
* Software Version Seasave V 7.22.2
* Temperature SN = 5081
* Conductivity SN = 3561
* Number of Bytes Per Scan = 37
* Number of Voltage Words = 4
* Number of Scans Averaged by the Deck Unit = 1
* NMEA Latitude = 48 18.52 N
* NMEA Longitude = 046 32.68 W
* NMEA UTC (Time) = Jul 10 2014 00:23:02
* NMEA baud rate = 9600
** Ship: Hudson
** Cruise: HUD2014017
** Chief_Scientist: Blair Greenan
** Organization: BIO
** Area_of_Operation: Sackville Spur
** Station: 038
** Sounding:  1034
** Event_Comments: SS_11, 403223
# nquan = 25
# nvalues = 1050                        
# units = specified
# name 0 = scan: Scan Count
# name 1 = timeS: Time, Elapsed [seconds]
# name 2 = prDM: Pressure, Digiquartz [db]
# name 3 = t068C: Temperature [ITS-68, deg C]
# name 4 = c0S/m: Conductivity [S/m]
# name 5 = t168C: Temperature, 2 [ITS-68, deg C]
# name 6 = c1S/m: Conductivity, 2 [S/m]
# name 7 = altM: Altimeter [m]
# name 8 = flC: Fluorescence, Chelsea Aqua 3 Chl Con [ug/l]
# name 9 = sbeox0V: Oxygen raw, SBE 43 [V]
# name 10 = sbeox1V: Oxygen raw, SBE 43, 2 [V]
# name 11 = upoly0: Upoly 0, Optode 4330F - O2 D-Phase
# name 12 = upoly1: Upoly 1, Optode 4330F - O2 Temp
# name 13 = latitude: Latitude [deg]
# name 14 = longitude: Longitude [deg]
# name 15 = sal00: Salinity, Practical [PSU]
# name 16 = sal11: Salinity, Practical, 2 [PSU]
# name 17 = potemp068C: Potential Temperature [ITS-68, deg C]
# name 18 = potemp168C: Potential Temperature, 2 [ITS-68, deg C]
# name 19 = sigma-é00: Density [sigma-theta, Kg/m^3]
# name 20 = sigma-é11: Density, 2 [sigma-theta, Kg/m^3]
# name 21 = sbeox0ML/L: Oxygen, SBE 43 [ml/l], WS = 2
# name 22 = sbeox1ML/L: Oxygen, SBE 43, 2 [ml/l], WS = 2
# name 23 = nbin: number of scans per bin
# name 24 = flag: flag
# span 0 =       6500,      35622       
# span 1 =    270.781,   1484.216       
# span 2 =      1.000,   1050.000       
# span 3 =    -1.2425,     7.7889       
# span 4 =   2.664490,   3.392440       
# span 5 =    -1.2391,     7.7890       
# span 6 =   2.664633,   3.392404       
# span 7 =       3.60,     126.19       
# span 8 =     0.0087,     0.0893       
# span 9 =     2.5882,     3.5765       
# span 10 =     2.2849,     3.0623      
# span 11 =  30.424816,  34.455383      
# span 12 = -0.9912657,  7.8273149      
# span 13 =   48.30790,   48.30950      
# span 14 =  -46.54275,  -46.53866      
# span 15 =    32.7494,    34.8942      
# span 16 =    32.7269,    34.8937      
# span 17 =    -1.2433,     7.7886      
# span 18 =    -1.2398,     7.7888      
# span 19 =    25.5377,    27.7396      
# span 20 =    25.5372,    27.7393      
# span 21 =    6.37372,    8.82626      
# span 22 =    6.36624,    8.72119      
# span 23 =         13,         88      
# span 24 = 0.0000e+00, 0.0000e+00      
# interval = decibars: 1                
# start_time = Jul 10 2014 00:23:02 [NMEA time, header]
# bad_flag = -9.990e-29
*END*
[from data line 174]
      13286    553.535    175.000     2.0603   3.036633     2.0601   3.036623      95.83     0.0183     2.9028     2.5654  33.984108  1.9942536   48.30900  -46.54100    34.3189    34.3190     2.0510     2.0508    27.4220    27.4221    6.87547    6.93064         29 0.0000e+00
      13311    554.578    176.000     2.0611   3.036809     2.0606   3.036765      90.55     0.0194     2.9028     2.5655  33.982494  2.0025630   48.30900  -46.54100    34.3196    34.3197     2.0517     2.0512    27.4225    27.4226    6.87849    6.92706         21 0.0000e+00
      13329    555.339    177.000     2.0616   3.036897     2.0611   3.036859      98.71     0.0193     2.9023     2.5651  33.983631  2.0071468   48.30900  -46.54100    34.3197    34.3198     2.0521     2.0516    27.4226    27.4227    6.88506    6.92701         17 0.0000e+00
      13346    556.023    178.000     2.0627   3.037097     2.0624   3.037091      98.65     0.0162     2.9033     2.5653  33.985352  2.0091627   48.30900  -46.54100    34.3204    34.3207     2.0532     2.0529    27.4230    27.4233    6.88507    6.93443         16 0.0000e+00
      13363    556.755    179.000     2.0655   3.037481     2.0652   3.037485      92.90     0.0169     2.9027     2.5656  33.970997  2.0128646   48.30900  -46.54099    34.3216    34.3220     2.0559     2.0557    27.4238    27.4241    6.88421    6.93939         20 0.0000e+00
      13387    557.741    180.000     2.0689   3.037889     2.0684   3.037853      69.44     0.0188     2.9034     2.5666  33.970695  2.0134070   48.30900  -46.54098    34.3225    34.3226     2.0593     2.0587    27.4242    27.4244    6.89955    6.95051         29 0.0000e+00
      13420    559.128    181.000     2.0715   3.038213     2.0709   3.038173      79.53     0.0192     2.9056     2.5690  33.972073  2.0235348   48.30900  -46.54098    34.3232    34.3233     2.0618     2.0612    27.4246    27.4248    6.90361    6.96253         33 0.0000e+00
      13446    560.227    182.000     2.0768   3.038888     2.0765   3.038867      86.08     0.0190     2.9061     2.5702  33.971382  2.0255640   48.30900  -46.54098    34.3253    34.3254     2.0670     2.0667    27.4259    27.4260    6.90268    6.95517         21 0.0000e+00
      13464    560.972    183.000     2.0801   3.039324     2.0798   3.039329      95.84     0.0203     2.9070     2.5706  33.970703  2.0328970   48.30900  -46.54098    34.3266    34.3270     2.0703     2.0700    27.4266    27.4270    6.89862    6.95158         16 0.0000e+00
      13480    561.642    184.000     2.0870   3.040157     2.0852   3.040030      92.97     0.0180     2.9066     2.5705  33.970695  2.0329671   48.30901  -46.54097    34.3290    34.3293     2.0771     2.0760    27.4280    27.4284    6.89043    6.94502         16 0.0000e+00
      13499    562.400    185.000     2.0992   3.041584     2.0970   3.041409      98.52     0.0216     2.9064     2.5701  33.963871  2.0411561   48.30902  -46.54096    34.3330    34.3332     2.0893     2.0871    27.4303    27.4306    6.88407    6.93929         21 0.0000e+00
      13528    563.618    186.000     2.1306   3.045073     2.1313   3.045328      91.53     0.0227     2.9046     2.5693  33.956596  2.0442107   48.30901  -46.54096    34.3422    34.3445     2.1205     2.1212    27.4351    27.4370    6.86639    6.92632         38 0.0000e+00
      13562    565.031    187.000     2.1870   3.051338     2.1903   3.051881      99.05     0.0175     2.9030     2.5680  33.956020  2.0562556   48.30902  -46.54096    34.3587    34.3619     2.1768     2.1801    27.4438    27.4461    6.85872    6.91786         25 0.0000e+00
      13581    565.832    188.000     2.2270   3.055805     2.2257   3.055902      90.93     0.0192     2.9025     2.5682  33.956043  2.0559502   48.30902  -46.54095    34.3706    34.3732     2.2167     2.2154    27.4502    27.4523    6.85649    6.91403         17 0.0000e+00
      13596    566.476    189.000     2.2575   3.059234     2.2572   3.059447      87.52     0.0199     2.9029     2.5679  33.936249  2.0844662   48.30902  -46.54094    34.3799    34.3828     2.2470     2.2467    27.4551    27.4575    6.85125    6.90484         14 0.0000e+00
      13612    567.110    190.000     2.2941   3.063284     2.2927   3.063411      98.75     0.0203     2.9025     2.5677  33.924801  2.1015027   48.30902  -46.54094    34.3901    34.3932     2.2835     2.2821    27.4603    27.4629    6.84011    6.89746         16 0.0000e+00
      13630    567.867    191.000     2.3282   3.067146     2.3269   3.067169      98.64     0.0187     2.9019     2.5676  33.926029  2.1013432   48.30902  -46.54094    34.4007    34.4025     2.3176     2.3162    27.4660    27.4675    6.83272    6.88874         22 0.0000e+00
      13662    569.190    192.000     2.3479   3.069349     2.3469   3.069302      82.69     0.0159     2.9011     2.5663  33.890648  2.1738603   48.30902  -46.54094    34.4062    34.4068     2.3372     2.3361    27.4688    27.4693    6.82850    6.87741         44 0.0000e+00
      13703    570.923    193.000     2.3657   3.071338     2.3644   3.071335      99.86     0.0177     2.9005     2.5653  33.883945  2.2392433   48.30902  -46.54093    34.4117    34.4122     2.3548     2.3540    27.4717    27.4722    6.83091    6.87574         30 0.0000e+00
      13725    571.836    194.000     2.3742   3.072386     2.3748   3.072541      90.65     0.0197     2.9009     2.5649  33.884415  2.2481596   48.30902  -46.54092    34.4144    34.4158     2.3633     2.3646    27.4731    27.4742    6.83484    6.87815         18 0.0000e+00
      13741    572.502    195.000     2.4000   3.075272     2.4013   3.075649      87.46     0.0199     2.9011     2.5651  33.883759  2.2641973   48.30902  -46.54092    34.4219    34.4251     2.3890     2.3903    27.4770    27.4795    6.83873    6.87949         15 0.0000e+00
      13756    573.118    196.000     2.4217   3.077656     2.4213   3.077689      98.52     0.0193     2.9025     2.5655  33.882793  2.2699406   48.30902  -46.54092    34.4274    34.4283     2.4106     2.4102    27.4796    27.4804    6.84974    6.87750         15 0.0000e+00
      13772    573.790    197.000     2.4263   3.078204     2.4257   3.078183      98.64     0.0175     2.9038     2.5656  33.882782  2.2674861   48.30902  -46.54092    34.4287    34.4290     2.4151     2.4146    27.4803    27.4806    6.86147    6.88667         18 0.0000e+00
      13795    574.738    198.000     2.4331   3.078971     2.4325   3.078953      90.25     0.0190     2.9064     2.5675  33.870579  2.3092957   48.30902  -46.54091    34.4303    34.4306     2.4219     2.4213    27.4810    27.4813    6.85654    6.89341         30 0.0000e+00
      13832    576.301    199.000     2.4472   3.080507     2.4443   3.080243      76.40     0.0179     2.9069     2.5687  33.867615  2.3364689   48.30904  -46.54090    34.4335    34.4337     2.4359     2.4333    27.4824    27.4828    6.83136    6.88853         37 0.0000e+00
      13861    577.483    200.000     2.4621   3.082161     2.4614   3.082139      65.42     0.0187     2.9065     2.5695  33.868149  2.3611264   48.30904  -46.54090    34.4374    34.4378     2.4507     2.4500    27.4843    27.4846    6.83152    6.88824         22 0.0000e+00
      13880    578.274    201.000     2.4730   3.083398     2.4719   3.083390      80.52     0.0184     2.9059     2.5701  33.863228  2.3591053   48.30904  -46.54090    34.4404    34.4415     2.4615     2.4604    27.4857    27.4867    6.82633    6.88647         18 0.0000e+00
      13897    578.999    202.000     2.4960   3.085940     2.4945   3.085990      98.63     0.0164     2.9060     2.5702  33.853497  2.3650713   48.30904  -46.54088    34.4465    34.4487     2.4844     2.4829    27.4887    27.4906    6.82635    6.87973         17 0.0000e+00
      13915    579.739    203.000     2.5409   3.090941     2.5378   3.090931      92.08     0.0153     2.9060     2.5702  33.853481  2.3650794   48.30904  -46.54088    34.4593    34.4626     2.5292     2.5261    27.4951    27.4980    6.81564    6.86874         19 0.0000e+00
      13934    580.549    204.000     2.6071   3.098255     2.6032   3.098226      93.86     0.0202     2.9052     2.5700  33.853481  2.3905377   48.30904  -46.54088    34.4778    34.4816     2.5952     2.5913    27.5042    27.5076    6.80382    6.85437         20 0.0000e+00
      13957    581.484    205.000     2.6741   3.105639     2.6726   3.105707      86.83     0.0227     2.9055     2.5699  33.853481  2.4039218   48.30904  -46.54088    34.4961    34.4985     2.6620     2.6605    27.5131    27.5151    6.79037    6.84159         25 0.0000e+00
      13984    582.639    206.000     2.6881   3.107232     2.6876   3.107244      98.36     0.0228     2.9045     2.5695  33.823486  2.4629109   48.30904  -46.54088    34.5001    34.5007     2.6759     2.6755    27.5150    27.5156    6.78474    6.83650         31 0.0000e+00
      14017    583.983    207.000     2.6958   3.108120     2.6958   3.108169      86.51     0.0227     2.9043     2.5692  33.807529  2.4987974   48.30904  -46.54088    34.5021    34.5027     2.6836     2.6836    27.5160    27.5165    6.78614    6.84045         30 0.0000e+00
      14041    584.983    208.000     2.7120   3.109941     2.7119   3.110037      98.74     0.0178     2.9040     2.5695  33.794819  2.5606937   48.30906  -46.54088    34.5065    34.5079     2.6997     2.6995    27.5181    27.5192    6.78306    6.83717         20 0.0000e+00
      14059    585.735    209.000     2.7203   3.110888     2.7197   3.110855      98.65     0.0154     2.9039     2.5692  33.794872  2.5604396   48.30906  -46.54087    34.5087    34.5090     2.7079     2.7073    27.5191    27.5194    6.78167    6.83102         16 0.0000e+00
      14075    586.417    210.000     2.7209   3.110997     2.7209   3.111022      98.65     0.0165     2.9037     2.5689  33.789700  2.5776827   48.30906  -46.54086    34.5088    34.5091     2.7085     2.7084    27.5191    27.5194    6.78839    6.82815         17 0.0000e+00
      14093    587.170    211.000     2.7233   3.111279     2.7229   3.111252      74.77     0.0185     2.9042     2.5683  33.785450  2.5951879   48.30906  -46.54086    34.5092    34.5093     2.7108     2.7103    27.5193    27.5194    6.78742    6.82336         20 0.0000e+00
      14119    588.232    212.000     2.7226   3.111218     2.7227   3.111242      78.37     0.0204     2.9039     2.5670  33.785419  2.6087344   48.30906  -46.54086    34.5086    34.5088     2.7100     2.7101    27.5188    27.5190    6.78782    6.81562         31 0.0000e+00
      14150    589.546    213.000     2.7220   3.111162     2.7217   3.111146      95.10     0.0168     2.9046     2.5656  33.780552  2.6396821   48.30906  -46.54086    34.5080    34.5081     2.7093     2.7090    27.5185    27.5186    6.78750    6.82016         29 0.0000e+00
      14176    590.608    214.000     2.7219   3.111189     2.7216   3.111169      88.14     0.0182     2.9036     2.5650  33.782055  2.6385837   48.30906  -46.54084    34.5079    34.5080     2.7092     2.7089    27.5184    27.5185    6.78378    6.82217         24 0.0000e+00
      14199    591.572    215.000     2.7211   3.111126     2.7212   3.111166      98.52     0.0181     2.9035     2.5650  33.780243  2.6385837   48.30907  -46.54084    34.5074    34.5077     2.7083     2.7085    27.5181    27.5183    6.78627    6.82867         23 0.0000e+00
      14221    592.513    216.000     2.7215   3.111217     2.7219   3.111279      96.54     0.0188     2.9033     2.5651  33.780220  2.6443090   48.30908  -46.54084    34.5075    34.5079     2.7087     2.7091    27.5181    27.5183    6.78634    6.81947         22 0.0000e+00
      14243    593.401    217.000     2.7237   3.111493     2.7235   3.111496      81.80     0.0190     2.9031     2.5639  33.780220  2.6483746   48.30908  -46.54084    34.5080    34.5082     2.7108     2.7106    27.5183    27.5185    6.78884    6.81308         20 0.0000e+00
      14263    594.242    218.000     2.7230   3.111453     2.7235   3.111508      98.90     0.0179     2.9035     2.5634  33.780964  2.6513269   48.30908  -46.54084    34.5078    34.5079     2.7100     2.7105    27.5182    27.5182    6.79472    6.81986         20 0.0000e+00
      14284    595.119    219.000     2.7217   3.111351     2.7217   3.111352      62.72     0.0219     2.9033     2.5632  33.780857  2.6597629   48.30908  -46.54084    34.5073    34.5073     2.7087     2.7087    27.5179    27.5179    6.78797    6.82525         23 0.0000e+00
      14309    596.164    220.000     2.7218   3.111394     2.7216   3.111376      62.16     0.0250     2.9031     2.5633  33.779724  2.6639555   48.30908  -46.54082    34.5072    34.5071     2.7087     2.7086    27.5179    27.5178    6.78782    6.82132         28 0.0000e+00
      14337    597.334    221.000     2.7232   3.111594     2.7223   3.111513      98.68     0.0167     2.9025     2.5627  33.776962  2.6711507   48.30908  -46.54082    34.5075    34.5075     2.7101     2.7092    27.5180    27.5180    6.78906    6.82247         27 0.0000e+00
      14361    598.344    222.000     2.7276   3.112111     2.7262   3.111976      91.07     0.0164     2.9026     2.5626  33.779549  2.6716139   48.30908  -46.54082    34.5086    34.5085     2.7144     2.7130    27.5185    27.5185    6.78901    6.82281         21 0.0000e+00
      14381    599.185    223.000     2.7291   3.112314     2.7280   3.112202      76.21     0.0180     2.9022     2.5627  33.774376  2.6752014   48.30910  -46.54082    34.5090    34.5088     2.7158     2.7147    27.5187    27.5186    6.78496    6.82378         20 0.0000e+00
      14401    599.990    224.000     2.7308   3.112559     2.7286   3.112386      98.44     0.0172     2.9020     2.5626  33.777863  2.6766100   48.30910  -46.54082    34.5096    34.5098     2.7174     2.7153    27.5190    27.5193    6.79051    6.82889         19 0.0000e+00
      14422    600.860    225.000     2.7473   3.114425     2.7460   3.114330      98.65     0.0209     2.9021     2.5631  33.775799  2.6859841   48.30910  -46.54081    34.5142    34.5145     2.7339     2.7325    27.5212    27.5216    6.79275    6.82891         23 0.0000e+00
      14447    601.928    226.000     2.7505   3.114806     2.7501   3.114769      84.30     0.0147     2.9027     2.5634  33.772400  2.6874127   48.30910  -46.54080    34.5149    34.5149     2.7370     2.7366    27.5215    27.5215    6.78876    6.82877         28 0.0000e+00
      14475    603.102    227.000     2.7504   3.114843     2.7500   3.114805      98.52     0.0151     2.9022     2.5640  33.750568  2.6988204   48.30912  -46.54080    34.5149    34.5148     2.7368     2.7364    27.5215    27.5215    6.79352    6.83343         27 0.0000e+00
      14500    604.112    228.000     2.7517   3.115038     2.7514   3.115009      98.65     0.0188     2.9027     2.5642  33.752930  2.7003117   48.30912  -46.54080    34.5154    34.5153     2.7380     2.7384    27.5218    27.5218    6.79094    6.83372         22 0.0000e+00
      14520    604.947    229.000     2.7548   3.115427     2.7540   3.115347      82.81     0.0231     2.9025     2.5648  33.763878  2.7078865   48.30912  -46.54080    34.5162    34.5162     2.7411     2.7410    27.5222    27.5223    6.78960    6.83853         19 0.0000e+00
      14538    605.723    230.000     2.7618   3.116240     2.7592   3.115978      89.42     0.0243     2.9026     2.5651  33.764748  2.7118137   48.30912  -46.54079    34.5181    34.5177     2.7480     2.7455    27.5231    27.5230    6.79585    6.83403         18 0.0000e+00
      14558    606.550    231.000     2.7641   3.116534     2.7632   3.116475      63.16     0.0214     2.9029     2.5651  33.764244  2.7144668   48.30912  -46.54078    34.5187    34.5189     2.7502     2.7494    27.5234    27.5236    6.79335    6.83166         22 0.0000e+00
