data/CTD/2014/CNV/d017a040.cnv
* Sea-Bird SBE 9 Data File:
* FileName = C:\CTD_ACQUISITION\2014017HUD\ctddata\017A040.hdr
* Software Version Seasave V 7.22.2
* Temperature SN = 5081
* Conductivity SN = 3561
* Number of Bytes Per Scan = 37
* Number of Voltage Words = 4
* Number of Scans Averaged by the Deck Unit = 1
* NMEA Latitude = 48 09.86 N
* NMEA Longitude = 046 24.35 W
* NMEA UTC (Time) = Jul 10 2014 03:17:53
* NMEA baud rate = 9600
** Ship: Hudson
** Cruise: HUD2014017
** Chief_Scientist: Blair Greenan
** Organization: BIO
** Area_of_Operation: Sackville Spur
** Station: 040
** Sounding:  1106
** Event_Comments: SS_14, 403229
# nquan = 25
# nvalues = 1132                        
# units = specified
# name 0 = scan: Scan Count
# name 1 = timeS: Time, Elapsed [seconds]
# name 2 = prDM: Pressure, Digiquartz [db]
# name 3 = t068C: Temperature [ITS-68, deg C]
# name 4 = c0S/m: Conductivity [S/m]
# name 5 = t168C: Temperature, 2 [ITS-68, deg C]
# name 6 = c1S/m: Conductivity, 2 [S/m]
# name 7 = altM: Altimeter [m]
# name 8 = flC: Fluorescence, Chelsea Aqua 3 Chl Con [ug/l]
# name 9 = sbeox0V: Oxygen raw, SBE 43 [V]
# name 10 = sbeox1V: Oxygen raw, SBE 43, 2 [V]
# name 11 = upoly0: Upoly 0, Optode 4330F - O2 D-Phase
# name 12 = upoly1: Upoly 1, Optode 4330F - O2 Temp
# name 13 = latitude: Latitude [deg]
# name 14 = longitude: Longitude [deg]
# name 15 = sal00: Salinity, Practical [PSU]
# name 16 = sal11: Salinity, Practical, 2 [PSU]
# name 17 = potemp068C: Potential Temperature [ITS-68, deg C]
# name 18 = potemp168C: Potential Temperature, 2 [ITS-68, deg C]
# name 19 = sigma-é00: Density [sigma-theta, Kg/m^3]
# name 20 = sigma-é11: Density, 2 [sigma-theta, Kg/m^3]
# name 21 = sbeox0ML/L: Oxygen, SBE 43 [ml/l], WS = 2
# name 22 = sbeox1ML/L: Oxygen, SBE 43, 2 [ml/l], WS = 2
# name 23 = nbin: number of scans per bin
# name 24 = flag: flag
# span 0 =       2725,      32949       
# span 1 =    113.485,   1372.822       
# span 2 =      1.000,   1132.000       
# span 3 =    -1.1448,     7.5250       
# span 4 =   2.676037,   3.367137       
# span 5 =    -1.1451,     7.5243       
# span 6 =   2.675912,   3.367012       
# span 7 =      -6.36,     102.13       
# span 8 =     0.0096,     0.0937       
# span 9 =     2.5320,     3.4752       
# span 10 =     2.2386,     2.9848      
# span 11 =  30.453793,  34.606640      
# span 12 = -1.0173261,  7.5649972      
# span 13 =   48.16310,   48.16426      
# span 14 =  -46.40578,  -46.40522      
# span 15 =    32.7272,    34.9077      
# span 16 =    32.7264,    34.9073      
# span 17 =    -1.1460,     7.5249      
# span 18 =    -1.1462,     7.5242      
# span 19 =    25.5571,    27.7552      
# span 20 =    25.5566,    27.7549      
# span 21 =    6.27527,    8.63276      
# span 22 =    6.27055,    8.62786      
# span 23 =         12,         82      
# span 24 = 0.0000e+00, 0.0000e+00      
# interval = decibars: 1                
# start_time = Jul 10 2014 03:17:53 [NMEA time, header]
# bad_flag = -9.990e-29
*END*
[from data line 290]
      12923    538.423    291.000     3.4123   3.192180     3.4121   3.192140      98.63     0.0212     2.9149     2.5749  33.430138  3.3781154   48.16344  -46.40558    34.7118    34.7114     3.3931     3.3929    27.6180    27.6177    6.74400    6.78367         22 0.0000e+00
      12949    539.502    292.000     3.4146   3.192487     3.4146   3.192468      98.63     0.0226     2.9137     2.5743  33.431351  3.3787303   48.16344  -46.40558    34.7125    34.7122     3.3953     3.3953    27.6183    27.6181    6.74188    6.77350         31 0.0000e+00
      12983    540.902    293.000     3.4206   3.193202     3.4203   3.193151      98.64     0.0225     2.9117     2.5724  33.443462  3.3906627   48.16344  -46.40558    34.7141    34.7138     3.4013     3.4010    27.6190    27.6189    6.73103    6.77304         33 0.0000e+00
      13012    542.109    294.000     3.4387   3.195269     3.4378   3.195276      98.63     0.0157     2.9105     2.5721  33.443222  3.3931210   48.16344  -46.40558    34.7191    34.7202     3.4193     3.4183    27.6213    27.6223    6.73170    6.77263         25 0.0000e+00
      13033    542.995    295.000     3.4683   3.198585     3.4673   3.198581      98.63     0.0137     2.9099     2.5716  33.443222  3.3927784   48.16344  -46.40558    34.7270    34.7280     3.4487     3.4477    27.6247    27.6256    6.72419    6.76522         19 0.0000e+00
      13050    543.724    296.000     3.4803   3.199959     3.4796   3.199919      76.92     0.0169     2.9087     2.5714  33.443222  3.3943715   48.16344  -46.40558    34.7302    34.7304     3.4606     3.4599    27.6261    27.6264    6.72472    6.76747         16 0.0000e+00
      13066    544.383    297.000     3.4896   3.201070     3.4889   3.201087      28.08     0.0197     2.9096     2.5718  33.429386  3.4104419   48.16344  -46.40558    34.7324    34.7333     3.4698     3.4691    27.6270    27.6277    6.72843    6.77190         15 0.0000e+00
      13082    545.030    298.000     3.5079   3.203161     3.5071   3.203160      99.72     0.0240     2.9084     2.5718  33.428555  3.4102564   48.16344  -46.40558    34.7381    34.7390     3.4880     3.4872    27.6298    27.6305    6.72039    6.76973         16 0.0000e+00
      13099    545.738    299.000     3.5178   3.204313     3.5171   3.204285      98.64     0.0235     2.9087     2.5723  33.428570  3.4148088   48.16344  -46.40558    34.7409    34.7413     3.4978     3.4971    27.6310    27.6314    6.72063    6.76299         19 0.0000e+00
      13121    546.646    300.000     3.5282   3.205496     3.5275   3.205432      96.89     0.0206     2.9079     2.5713  33.429108  3.4478178   48.16344  -46.40558    34.7435    34.7435     3.5081     3.5074    27.6321    27.6322    6.71953    6.75244         26 0.0000e+00
      13156    548.120    301.000     3.5349   3.206247     3.5346   3.206219      96.93     0.0207     2.9081     2.5707  33.428917  3.4653206   48.16344  -46.40558    34.7451    34.7449     3.5147     3.5144    27.6327    27.6325    6.71990    6.75464         42 0.0000e+00
      13192    549.618    302.000     3.5385   3.206717     3.5384   3.206682      98.73     0.0186     2.9074     2.5698  33.429123  3.4801137   48.16344  -46.40558    34.7461    34.7458     3.5182     3.5181    27.6332    27.6329    6.71354    6.74931         27 0.0000e+00
      13214    550.537    303.000     3.5427   3.207233     3.5425   3.207237      98.64     0.0182     2.9065     2.5693  33.431538  3.4885490   48.16344  -46.40558    34.7473    34.7476     3.5223     3.5222    27.6337    27.6339    6.71052    6.74739         20 0.0000e+00
      13231    551.269    304.000     3.5486   3.207936     3.5483   3.207903      98.64     0.0149     2.9063     2.5687  33.434059  3.4884005   48.16344  -46.40560    34.7489    34.7488     3.5282     3.5279    27.6344    27.6343    6.71222    6.74388         16 0.0000e+00
      13248    551.947    305.000     3.5533   3.208508     3.5527   3.208458      98.64     0.0165     2.9062     2.5681  33.427567  3.4914944   48.16344  -46.40560    34.7502    34.7503     3.5328     3.5322    27.6350    27.6351    6.70915    6.74027         16 0.0000e+00
      13264    552.645    306.000     3.5625   3.209601     3.5618   3.209530      98.64     0.0183     2.9054     2.5674  33.428570  3.4981573   48.16344  -46.40560    34.7530    34.7529     3.5419     3.5412    27.6363    27.6363    6.70683    6.73358         18 0.0000e+00
      13285    553.480    307.000     3.5660   3.210046     3.5657   3.210006      98.64     0.0184     2.9047     2.5663  33.428570  3.4981685   48.16344  -46.40560    34.7541    34.7539     3.5453     3.5450    27.6368    27.6367    6.70465    6.73084         23 0.0000e+00
      13314    554.716    308.000     3.5688   3.210426     3.5686   3.210389      79.52     0.0137     2.9043     2.5653  33.428570  3.5163963   48.16344  -46.40560    34.7551    34.7549     3.5480     3.5478    27.6374    27.6372    6.70547    6.73812         37 0.0000e+00
      13351    556.250    309.000     3.5714   3.210777     3.5712   3.210737      99.49     0.0109     2.9032     2.5656  33.431911  3.5241072   48.16344  -46.40560    34.7561    34.7557     3.5505     3.5504    27.6379    27.6376    6.70140    6.74382         32 0.0000e+00
      13377    557.316    310.000     3.5759   3.211351     3.5756   3.211323      98.64     0.0158     2.9029     2.5657  33.432064  3.5275526   48.16344  -46.40560    34.7576    34.7576     3.5550     3.5547    27.6386    27.6387    6.70405    6.74265         21 0.0000e+00
      13394    558.062    311.000     3.5847   3.212386     3.5842   3.212381      98.64     0.0171     2.9021     2.5656  33.437725  3.5329649   48.16344  -46.40560    34.7601    34.7606     3.5637     3.5632    27.6398    27.6402    6.70149    6.74347         16 0.0000e+00
      13410    558.691    312.000     3.5924   3.213302     3.5919   3.213277      98.64     0.0143     2.9025     2.5659  33.442200  3.5372629   48.16344  -46.40560    34.7623    34.7625     3.5713     3.5708    27.6408    27.6410    6.70369    6.74630         14 0.0000e+00
      13424    559.288    313.000     3.5970   3.213875     3.5967   3.213839      98.63     0.0174     2.9021     2.5663  33.440304  3.5372405   48.16344  -46.40560    34.7637    34.7637     3.5758     3.5755    27.6415    27.6415    6.70310    6.74210         15 0.0000e+00
      13439    559.920    314.000     3.5999   3.214241     3.5995   3.214188      98.64     0.0171     2.9024     2.5659  33.436016  3.5408046   48.16344  -46.40560    34.7646    34.7643     3.5786     3.5782    27.6419    27.6417    6.69895    6.73018         16 0.0000e+00
      13458    560.715    315.000     3.6023   3.214549     3.6021   3.214508      98.63     0.0190     2.9012     2.5645  33.428890  3.5528347   48.16344  -46.40560    34.7651    34.7649     3.5810     3.5807    27.6421    27.6419    6.68376    6.71369         23 0.0000e+00
      13492    562.139    316.000     3.6043   3.214797     3.6043   3.214776      70.27     0.0167     2.8976     2.5601  33.436882  3.5599787   48.16344  -46.40560    34.7655    34.7652     3.5828     3.5829    27.6422    27.6420    6.66229    6.68930         47 0.0000e+00
      13537    563.985    317.000     3.6126   3.215775     3.6116   3.215676      99.66     0.0165     2.8922     2.5551  33.437458  3.5672698   48.16344  -46.40560    34.7678    34.7676     3.5911     3.5901    27.6432    27.6432    6.65516    6.68822         33 0.0000e+00
      13561    564.990    318.000     3.6303   3.217832     3.6297   3.217828      98.66     0.0157     2.8909     2.5534  33.427517  3.5670650   48.16344  -46.40560    34.7730    34.7736     3.6087     3.6081    27.6457    27.6462    6.65750    6.68665         19 0.0000e+00
      13578    565.699    319.000     3.6380   3.218766     3.6377   3.218759      91.94     0.0156     2.8900     2.5534  33.428581  3.5665364   48.16344  -46.40560    34.7755    34.7757     3.6162     3.6160    27.6469    27.6471    6.65843    6.69094         16 0.0000e+00
      13592    566.308    320.000     3.6448   3.219632     3.6446   3.219619      95.50     0.0171     2.8898     2.5527  33.428570  3.5762439   48.16344  -46.40560    34.7780    34.7782     3.6230     3.6228    27.6482    27.6483    6.65929    6.68651         14 0.0000e+00
      13607    566.897    321.000     3.6492   3.220171     3.6490   3.220144      98.64     0.0183     2.8893     2.5525  33.428570  3.5763125   48.16344  -46.40560    34.7793    34.7792     3.6273     3.6271    27.6488    27.6488    6.66050    6.68491         14 0.0000e+00
      13622    567.535    322.000     3.6538   3.220739     3.6535   3.220702      98.64     0.0194     2.8889     2.5517  33.428570  3.5763125   48.16344  -46.40560    34.7807    34.7805     3.6318     3.6315    27.6494    27.6493    6.65637    6.68154         17 0.0000e+00
      13646    568.555    323.000     3.6582   3.221257     3.6578   3.221209      98.64     0.0188     2.8880     2.5510  33.428570  3.5999632   48.16344  -46.40560    34.7817    34.7815     3.6361     3.6358    27.6498    27.6497    6.64786    6.67928         38 0.0000e+00
      13697    570.648    324.000     3.6616   3.221672     3.6609   3.221581      98.64     0.0171     2.8832     2.5477  33.440445  3.6229208   48.16344  -46.40560    34.7825    34.7821     3.6394     3.6388    27.6501    27.6499    6.62074    6.65389         43 0.0000e+00
      13721    571.684    325.000     3.6664   3.222271     3.6663   3.222247      98.64     0.0208     2.8813     2.5453  33.444061  3.6273026   48.16344  -46.40560    34.7839    34.7838     3.6442     3.6451    27.6508    27.6507    6.62275    6.64646         19 0.0000e+00
      13738    572.370    326.000     3.6674   3.222435     3.6672   3.222392      98.63     0.0233     2.8795     2.5435  33.455830  3.6264608   48.16344  -46.40560    34.7844    34.7840     3.6451     3.6449    27.6510    27.6508    6.61838    6.64358         15 0.0000e+00
      13753    572.983    327.000     3.6677   3.222526     3.6675   3.222486      98.64     0.0220     2.8789     2.5428  33.455780  3.6286557   48.16344  -46.40560    34.7846    34.7843     3.6454     3.6451    27.6512    27.6510    6.62658    6.64388         14 0.0000e+00
      13768    573.611    328.000     3.6711   3.222974     3.6704   3.222853      54.40     0.0205     2.8782     2.5414  33.457897  3.6251118   48.16344  -46.40560    34.7857    34.7853     3.6487     3.6492    27.6518    27.6515    6.62225    6.64177         16 0.0000e+00
      13785    574.349    329.000     3.6761   3.223583     3.6753   3.223481      94.66     0.0171     2.8768     2.5404  33.470978  3.6338880   48.16344  -46.40560    34.7872    34.7869     3.6536     3.6528    27.6525    27.6523    6.61746    6.65280         20 0.0000e+00
      13809    575.344    330.000     3.6838   3.224504     3.6838   3.224504      98.60     0.0166     2.8760     2.5412  33.472511  3.4232328   48.16342  -46.40560    34.7895    34.7895     3.6612     3.6611    27.6535    27.6536    6.62468    6.66412         28 0.0000e+00
      13839    576.587    331.000     3.6890   3.225137     3.6888   3.225115      98.64     0.0155     2.8759     2.5416  33.472527  2.9566064   48.16342  -46.40560    34.7910    34.7908     3.6663     3.6668    27.6542    27.6541    6.62734    6.65999         31 0.0000e+00
      13867    577.752    332.000     3.6926   3.225587     3.6921   3.225513      98.64     0.0167     2.8760     2.5414  33.473148  2.9381583   48.16342  -46.40560    34.7920    34.7917     3.6698     3.6693    27.6546    27.6544    6.63675    6.65531         24 0.0000e+00
      13889    578.687    333.000     3.6982   3.226235     3.6974   3.226156      98.63     0.0132     2.8766     2.5410  33.476791  2.9210231   48.16342  -46.40560    34.7932    34.7932     3.6754     3.6745    27.6551    27.6551    6.63253    6.64599         21 0.0000e+00
      13909    579.505    334.000     3.7008   3.226556     3.6999   3.226458      98.64     0.0149     2.8764     2.5397  33.477932  3.1267443   48.16342  -46.40560    34.7938    34.7935     3.6778     3.6770    27.6553    27.6552    6.63068    6.64795         19 0.0000e+00
      13929    580.320    335.000     3.7072   3.227275     3.7067   3.227221      98.64     0.0180     2.8765     2.5401  33.497337  2.9250283   48.16342  -46.40560    34.7951    34.7949     3.6841     3.6836    27.6556    27.6556    6.63296    6.66229         21 0.0000e+00
      13952    581.273    336.000     3.7083   3.227439     3.7087   3.227468      40.49     0.0192     2.8766     2.5414  33.501751  2.9678500   48.16342  -46.40560    34.7952    34.7952     3.6852     3.6856    27.6557    27.6556    6.62901    6.67329         25 0.0000e+00
      13978    582.386    337.000     3.7156   3.228249     3.7156   3.228216      98.93     0.0210     2.8762     2.5426  33.501831  2.9301450   48.16342  -46.40560    34.7966    34.7965     3.6924     3.6923    27.6561    27.6559    6.63407    6.67088         27 0.0000e+00
      14002    583.378    338.000     3.7170   3.228432     3.7167   3.228372      98.63     0.0182     2.8773     2.5429  33.501831  2.9838576   48.16342  -46.40560    34.7968    34.7965     3.6937     3.6934    27.6561    27.6558    6.64372    6.66632         21 0.0000e+00
      14022    584.204    339.000     3.7190   3.228698     3.7184   3.228612      91.68     0.0183     2.8778     2.5432  33.503365  3.0244603   48.16342  -46.40560    34.7973    34.7970     3.6957     3.6962    27.6563    27.6561    6.64040    6.66876         19 0.0000e+00
      14041    585.008    340.000     3.7202   3.228866     3.7200   3.228822      95.41     0.0180     2.8781     2.5434  33.510506  3.1090183   48.16342  -46.40560    34.7975    34.7972     3.6968     3.6966    27.6563    27.6561    6.64205    6.67180         20 0.0000e+00
      14065    585.983    341.000     3.7214   3.229043     3.7214   3.229024      98.51     0.0225     2.8782     2.5438  33.506191  2.9736164   48.16342  -46.40560    34.7979    34.7976     3.6979     3.6979    27.6565    27.6563    6.64652    6.67042         28 0.0000e+00
      14098    587.393    342.000     3.7248   3.229496     3.7245   3.229435      98.63     0.0224     2.8799     2.5444  33.506737  3.2637517   48.16342  -46.40560    34.7991    34.7987     3.7012     3.7009    27.6571    27.6569    6.65103    6.67891         36 0.0000e+00
      14129    588.661    343.000     3.7270   3.229815     3.7261   3.229685      98.63     0.0197     2.8804     2.5449  33.516922  3.1867034   48.16342  -46.40560    34.8001    34.7994     3.7033     3.7025    27.6577    27.6573    6.64788    6.67084         24 0.0000e+00
      14148    589.472    344.000     3.7268   3.229851     3.7266   3.229789      98.64     0.0169     2.8803     2.5448  33.516483  3.0506842   48.16342  -46.40560    34.8001    34.7996     3.7031     3.7029    27.6577    27.6574    6.64984    6.67326         17 0.0000e+00
      14164    590.137    345.000     3.7278   3.230010     3.7275   3.229942      98.63     0.0162     2.8810     2.5446  33.516483  2.9487298   48.16342  -46.40560    34.8004    34.7999     3.7040     3.7037    27.6579    27.6575    6.65071    6.67605         15 0.0000e+00
      14179    590.758    346.000     3.7275   3.230037     3.7277   3.230006      98.64     0.0122     2.8811     2.5451  33.516483  2.9683280   48.16342  -46.40560    34.8005    34.8000     3.7036     3.7038    27.6580    27.6576    6.64891    6.67830         15 0.0000e+00
      14195    591.416    347.000     3.7264   3.230019     3.7263   3.229966      98.64     0.0134     2.8808     2.5448  33.516483  3.0297792   48.16342  -46.40560    34.8010    34.8005     3.7024     3.7023    27.6585    27.6581    6.65560    6.67413         17 0.0000e+00
