data/CTD/2014/CNV/d017a048.cnv
* Sea-Bird SBE 9 Data File:
* FileName = C:\CTD_ACQUISITION\2014017HUD\ctddata\017A048.hdr
* Software Version Seasave V 7.22.2
* Temperature SN = 5081
* Conductivity SN = 3561
* Number of Bytes Per Scan = 37
* Number of Voltage Words = 4
* Number of Scans Averaged by the Deck Unit = 1
* NMEA Latitude = 47 04.69 N
* NMEA Longitude = 047 16.88 W
* NMEA UTC (Time) = Jul 11 2014 07:27:43
* NMEA baud rate = 9600
** Ship: Hudson
** Cruise: HUD2014017
** Chief_Scientist: Blair Greenan
** Organization: BIO
** Area_of_Operation: Sackville Spur
** Station: 048
** Sounding:  405
** Event_Comments: CTD_1842, 403278
** CTD cast ~1 Nm south of Mooring_1842
# nquan = 25
# nvalues = 414                         
# units = specified
# name 0 = scan: Scan Count
# name 1 = timeS: Time, Elapsed [seconds]
# name 2 = prDM: Pressure, Digiquartz [db]
# name 3 = t068C: Temperature [ITS-68, deg C]
# name 4 = c0S/m: Conductivity [S/m]
# name 5 = t168C: Temperature, 2 [ITS-68, deg C]
# name 6 = c1S/m: Conductivity, 2 [S/m]
# name 7 = altM: Altimeter [m]
# name 8 = flC: Fluorescence, Chelsea Aqua 3 Chl Con [ug/l]
# name 9 = sbeox0V: Oxygen raw, SBE 43 [V]
# name 10 = sbeox1V: Oxygen raw, SBE 43, 2 [V]
# name 11 = upoly0: Upoly 0, Optode 4330F - O2 D-Phase
# name 12 = upoly1: Upoly 1, Optode 4330F - O2 Temp
# name 13 = latitude: Latitude [deg]
# name 14 = longitude: Longitude [deg]
# name 15 = sal00: Salinity, Practical [PSU]
# name 16 = sal11: Salinity, Practical, 2 [PSU]
# name 17 = potemp068C: Potential Temperature [ITS-68, deg C]
# name 18 = potemp168C: Potential Temperature, 2 [ITS-68, deg C]
# name 19 = sigma-é00: Density [sigma-theta, Kg/m^3]
# name 20 = sigma-é11: Density, 2 [sigma-theta, Kg/m^3]
# name 21 = sbeox0ML/L: Oxygen, SBE 43 [ml/l], WS = 2
# name 22 = sbeox1ML/L: Oxygen, SBE 43, 2 [ml/l], WS = 2
# name 23 = nbin: number of scans per bin
# name 24 = flag: flag
# span 0 =       6522,      19933       
# span 1 =    271.721,    830.521       
# span 2 =      3.000,    416.000       
# span 3 =    -1.6667,     8.1503       
# span 4 =   2.626132,   3.421479       
# span 5 =    -1.6676,     8.1502       
# span 6 =   2.626038,   3.421423       
# span 7 =       4.57,      99.94       
# span 8 =     0.0125,     0.3165       
# span 9 =     2.7818,     3.4932       
# span 10 =     2.4551,     2.9661      
# span 11 =  30.433157,  34.613266      
# span 12 = -1.5950257,  8.1970682      
# span 13 =   47.07772,   47.07834      
# span 14 =  -47.28131,  -47.28052      
# span 15 =    32.7186,    34.6417      
# span 16 =    32.7092,    34.6421      
# span 17 =    -1.6676,     8.1497      
# span 18 =    -1.6685,     8.1497      
# span 19 =    25.4618,    27.5804      
# span 20 =    25.4614,    27.5806      
# span 21 =    6.53320,    8.51430      
# span 22 =    6.55356,    8.41489      
# span 23 =         15,        103      
# span 24 = 0.0000e+00, 0.0000e+00      
# interval = decibars: 1                
# start_time = Jul 11 2014 07:27:43 [NMEA time, header]
# bad_flag = -9.990e-29
*END*
[from data line 174]
      13053    543.845    177.000     0.6566   2.882285     0.6557   2.882320      97.97     0.0172     2.8687     2.5387  34.428097  0.4798900   47.07799  -47.28052    33.8778    33.8793     0.6494     0.6485    27.1647    27.1660    7.07563    7.14320         23 0.0000e+00
      13075    544.752    178.000     0.6633   2.883149     0.6627   2.883214      97.96     0.0150     2.8677     2.5384  34.451740  0.5051000   47.07800  -47.28052    33.8812    33.8827     0.6560     0.6554    27.1670    27.1682    7.05113    7.12724         22 0.0000e+00
      13097    545.682    179.000     0.6857   2.885709     0.6844   2.885773      98.28     0.0187     2.8654     2.5364  34.454155  0.5090591   47.07800  -47.28052    33.8894    33.8915     0.6783     0.6771    27.1723    27.1741    7.02030    7.08755         23 0.0000e+00
      13121    546.673    180.000     0.7025   2.887646     0.7010   2.887621      98.63     0.0215     2.8613     2.5317  34.454212  0.5540594   47.07800  -47.28052    33.8952    33.8968     0.6953     0.6935    27.1760    27.1773    6.99494    7.05204         24 0.0000e+00
      13146    547.714    181.000     0.7500   2.892577     0.7471   2.892568      98.64     0.0227     2.8567     2.5272  34.454212  0.5678368   47.07800  -47.28052    33.9068    33.9099     0.7425     0.7395    27.1825    27.1851    6.96565    7.03701         25 0.0000e+00
      13170    548.718    182.000     0.7901   2.896740     0.7883   2.896751      98.63     0.0240     2.8521     2.5236  34.464500  0.5994830   47.07800  -47.28052    33.9163    33.9198     0.7825     0.7812    27.1877    27.1906    6.95751    7.02222         23 0.0000e+00
      13193    549.662    183.000     0.8369   2.901619     0.8352   2.901646      97.28     0.0203     2.8496     2.5205  34.468266  0.6069734   47.07800  -47.28052    33.9278    33.9299     0.8291     0.8274    27.1940    27.1958    6.95272    7.00865         22 0.0000e+00
      13215    550.593    184.000     0.8694   2.905080     0.8675   2.905146      74.46     0.0200     2.8465     2.5182  34.447620  0.6527709   47.07800  -47.28052    33.9363    33.9392     0.8616     0.8597    27.1989    27.2013    6.93296    7.00282         23 0.0000e+00
      13238    551.532    185.000     0.9119   2.909569     0.9108   2.909739      96.91     0.0220     2.8438     2.5162  34.437748  0.6749870   47.07800  -47.28052    33.9473    33.9506     0.9039     0.9028    27.2051    27.2078    6.92137    6.99509         23 0.0000e+00
      13261    552.488    186.000     0.9259   2.911026     0.9249   2.911011      98.07     0.0240     2.8416     2.5149  34.437649  0.7196660   47.07800  -47.28052    33.9502    33.9511     0.9178     0.9168    27.2065    27.2073    6.93315    6.99425         23 0.0000e+00
      13284    553.451    187.000     0.9327   2.911799     0.9316   2.911814      95.02     0.0249     2.8412     2.5141  34.435120  0.7530870   47.07800  -47.28052    33.9521    33.9536     0.9246     0.9234    27.2077    27.2089    6.93537    7.00830         23 0.0000e+00
      13307    554.427    188.000     0.9512   2.913803     0.9497   2.913814      98.33     0.0206     2.8402     2.5153  34.429852  0.7839465   47.07800  -47.28052    33.9573    33.9590     0.9430     0.9415    27.2106    27.2121    6.95256    7.02970         24 0.0000e+00
      13332    555.438    189.000     0.9705   2.915881     0.9692   2.915918      94.84     0.0218     2.8432     2.5176  34.425007  0.8114144   47.07800  -47.28052    33.9624    33.9642     0.9622     0.9610    27.2135    27.2151    6.98650    7.04821         25 0.0000e+00
      13358    556.526    190.000     0.9954   2.918594     0.9940   2.918612      85.18     0.0220     2.8475     2.5214  34.434002  0.8351483   47.07800  -47.28052    33.9696    33.9713     0.9870     0.9856    27.2177    27.2192    7.00678    7.06483         27 0.0000e+00
      13385    557.660    191.000     1.0106   2.920279     1.0097   2.920293      77.22     0.0235     2.8528     2.5250  34.439060  0.8512403   47.07800  -47.28052    33.9741    33.9752     1.0022     1.0013    27.2204    27.2214    7.02600    7.06505         26 0.0000e+00
      13410    558.699    192.000     1.0295   2.922476     1.0277   2.922494      96.62     0.0253     2.8573     2.5276  34.439579  0.8817043   47.07800  -47.28052    33.9811    33.9833     1.0210     1.0192    27.2248    27.2267    7.02603    7.06792         23 0.0000e+00
      13432    559.612    193.000     1.0685   2.927257     1.0662   2.927301      98.66     0.0212     2.8608     2.5298  34.439560  0.8901830   47.07800  -47.28052    33.9995    34.0025     1.0598     1.0576    27.2371    27.2396    7.02916    7.07342         22 0.0000e+00
      13452    560.475    194.000     1.0878   2.929751     1.0873   2.929783      98.64     0.0228     2.8645     2.5329  34.456326  0.9119802   47.07800  -47.28052    34.0099    34.0108     1.0791     1.0786    27.2441    27.2449    7.03526    7.09336         20 0.0000e+00
      13473    561.349    195.000     1.0911   2.930189     1.0907   2.930243      98.63     0.0211     2.8674     2.5366  34.468796  0.9286481   47.07800  -47.28052    34.0116    34.0124     1.0823     1.0820    27.2454    27.2460    7.04574    7.10381         22 0.0000e+00
      13496    562.301    196.000     1.0920   2.930368     1.0918   2.930423      98.63     0.0222     2.8719     2.5401  34.472485  0.9516925   47.07800  -47.28052    34.0121    34.0129     1.0832     1.0830    27.2457    27.2464    7.07557    7.13179         24 0.0000e+00
      13522    563.391    197.000     1.0938   2.930619     1.0932   2.930613      79.81     0.0240     2.8777     2.5461  34.477737  0.9876444   47.07800  -47.28052    34.0127    34.0133     1.0849     1.0843    27.2461    27.2466    7.08614    7.15213         28 0.0000e+00
      13550    564.538    198.000     1.0958   2.930884     1.0954   2.930912      63.28     0.0212     2.8833     2.5514  34.453751  0.9996894   47.07802  -47.28052    34.0134    34.0141     1.0869     1.0865    27.2465    27.2471    7.10872    7.17164         27 0.0000e+00
      13575    565.603    199.000     1.1002   2.931427     1.0994   2.931420      97.58     0.0163     2.8881     2.5566  34.439293  1.0074689   47.07802  -47.28052    34.0149    34.0157     1.0913     1.0905    27.2474    27.2481    7.11033    7.18571         23 0.0000e+00
      13598    566.536    200.000     1.1239   2.934187     1.1212   2.934202      93.88     0.0139     2.8923     2.5606  34.430088  1.0131896   47.07802  -47.28052    34.0240    34.0271     1.1148     1.1121    27.2531    27.2558    7.12085    7.18643         22 0.0000e+00
      13619    567.404    201.000     1.1841   2.940873     1.1832   2.941101      98.68     0.0138     2.8956     2.5637  34.424858  1.0171317   47.07802  -47.28052    34.0434    34.0473     1.1749     1.1740    27.2648    27.2680    7.09916    7.17490         20 0.0000e+00
      13639    568.262    202.000     1.2058   2.943208     1.2057   2.943343      98.63     0.0135     2.8973     2.5656  34.412178  1.0255797   47.07802  -47.28052    34.0491    34.0509     1.1965     1.1964    27.2679    27.2694    7.09233    7.17124         21 0.0000e+00
      13661    569.156    203.000     1.2310   2.946006     1.2297   2.946074      81.97     0.0161     2.8993     2.5685  34.387623  1.0457258   47.07802  -47.28052    34.0569    34.0592     1.2216     1.2203    27.2725    27.2744    7.10425    7.18262         23 0.0000e+00
      13684    570.125    204.000     1.2522   2.948300     1.2513   2.948338      72.84     0.0200     2.9024     2.5713  34.377506  1.0631129   47.07802  -47.28052    34.0625    34.0640     1.2427     1.2418    27.2756    27.2768    7.10997    7.18320         24 0.0000e+00
      13709    571.180    205.000     1.2803   2.951239     1.2779   2.951222      54.20     0.0210     2.9051     2.5736  34.354073  1.1229789   47.07802  -47.28052    34.0689    34.0713     1.2707     1.2683    27.2788    27.2809    7.10298    7.17963         26 0.0000e+00
      13736    572.298    206.000     1.3401   2.957299     1.3371   2.957327      90.80     0.0190     2.9073     2.5758  34.336353  1.1391028   47.07802  -47.28052    34.0806    34.0841     1.3303     1.3274    27.2841    27.2872    7.09002    7.16681         27 0.0000e+00
      13763    573.405    207.000     1.3916   2.962500     1.3891   2.962474      98.28     0.0199     2.9081     2.5768  34.306873  1.1638287   47.07802  -47.28052    34.0903    34.0927     1.3817     1.3792    27.2883    27.2905    7.07749    7.15144         26 0.0000e+00
      13787    574.414    208.000     1.4211   2.965505     1.4189   2.965578      91.72     0.0176     2.9095     2.5771  34.269550  1.1970929   47.07802  -47.28052    34.0959    34.0992     1.4111     1.4089    27.2908    27.2936    7.06672    7.13461         23 0.0000e+00
      13809    575.330    209.000     1.4788   2.971280     1.4759   2.971361      98.61     0.0158     2.9092     2.5767  34.234562  1.2295460   47.07802  -47.28052    34.1061    34.1102     1.4687     1.4658    27.2949    27.2985    7.05547    7.13295         21 0.0000e+00
      13830    576.205    210.000     1.5412   2.977537     1.5359   2.977421      72.02     0.0167     2.9095     2.5782  34.226089  0.8421206   47.07802  -47.28052    34.1172    34.1214     1.5309     1.5256    27.2994    27.3032    7.06271    7.14788         21 0.0000e+00
      13852    577.122    211.000     1.6026   2.983646     1.6000   2.983727      34.43     0.0205     2.9129     2.5810  34.205200  0.5822603   47.07802  -47.28052    34.1274    34.1312     1.5921     1.5896    27.3032    27.3064    7.08700    7.15578         23 0.0000e+00
      13877    578.170    212.000     1.6444   2.987892     1.6424   2.987966      98.90     0.0226     2.9166     2.5843  34.183350  0.6210790   47.07802  -47.28052    34.1352    34.1383     1.6338     1.6319    27.3065    27.3090    7.06648    7.13276         27 0.0000e+00
      13904    579.302    213.000     1.7127   2.994736     1.7104   2.994827      98.64     0.0212     2.9163     2.5828  34.131386  0.7027406   47.07802  -47.28052    34.1472    34.1507     1.7019     1.6996    27.3110    27.3141    6.99717    7.07157         27 0.0000e+00
      13929    580.329    214.000     1.7660   3.000097     1.7626   3.000063      90.36     0.0237     2.9120     2.5801  34.113461  0.7252415   47.07802  -47.28054    34.1564    34.1597     1.7551     1.7517    27.3145    27.3174    6.95485    7.04136         23 0.0000e+00
      13951    581.239    215.000     1.7867   3.002166     1.7865   3.002311      97.91     0.0197     2.9076     2.5762  34.088230  0.7824096   47.07802  -47.28054    34.1596    34.1616     1.7757     1.7755    27.3155    27.3171    6.93886    7.01649         21 0.0000e+00
      13971    582.091    216.000     1.8087   3.004451     1.8094   3.004799      75.75     0.0204     2.9044     2.5733  34.084305  0.8081689   47.07802  -47.28054    34.1640    34.1676     1.7976     1.7983    27.3174    27.3203    6.93524    7.00699         20 0.0000e+00
      13991    582.934    217.000     1.8874   3.012490     1.8809   3.012404      91.05     0.0218     2.9012     2.5700  34.058708  0.8659562   47.07802  -47.28054    34.1794    34.1854     1.8761     1.8696    27.3238    27.3291    6.91491    6.98076         20 0.0000e+00
      14013    583.828    218.000     2.0218   3.026342     2.0127   3.026338      96.38     0.0190     2.8985     2.5670  34.058609  0.9064316   47.07802  -47.28054    34.2074    34.2172     2.0102     2.0011    27.3359    27.3444    6.88229    6.95274         23 0.0000e+00
      14038    584.862    219.000     2.1370   3.038158     2.1334   3.038167      98.61     0.0204     2.8953     2.5647  34.018421  0.9367585   47.07802  -47.28054    34.2311    34.2343     2.1251     2.1215    27.3458    27.3487    6.85811    6.92667         27 0.0000e+00
      14067    586.066    220.000     2.1388   3.038961     2.1393   3.038986      91.91     0.0247     2.8924     2.5612  33.992332  1.0150312   47.07802  -47.28054    34.2378    34.2376     2.1269     2.1273    27.3510    27.3509    6.85790    6.90963         31 0.0000e+00
      14097    587.326    221.000     2.1297   3.038181     2.1302   3.038317      90.59     0.0244     2.8903     2.5579  33.926037  1.1609681   47.07802  -47.28054    34.2373    34.2385     2.1177     2.1182    27.3514    27.3523    6.86024    6.90662         28 0.0000e+00
      14123    588.433    222.000     2.1081   3.036297     2.1108   3.036475      81.60     0.0197     2.8887     2.5556  33.934319  1.1822854   47.07802  -47.28054    34.2365    34.2359     2.0962     2.0988    27.3524    27.3517    6.86528    6.91953         24 0.0000e+00
      14146    589.359    223.000     2.1044   3.035951     2.0991   3.035496      88.32     0.0211     2.8879     2.5551  33.941593  1.2458084   47.07802  -47.28054    34.2360    34.2356     2.0924     2.0871    27.3523    27.3525    6.86973    6.92812         21 0.0000e+00
      14165    590.185    224.000     2.0990   3.035496     2.0965   3.035295      98.61     0.0205     2.8878     2.5550  33.941391  1.2378674   47.07802  -47.28054    34.2353    34.2354     2.0869     2.0844    27.3522    27.3525    6.87541    6.92160         20 0.0000e+00
      14184    590.976    225.000     2.0777   3.033581     2.0765   3.033409      98.63     0.0193     2.8874     2.5534  33.941391  1.2201328   47.07802  -47.28054    34.2336    34.2328     2.0657     2.0644    27.3526    27.3520    6.87177    6.91692         18 0.0000e+00
      14204    591.789    226.000     2.0578   3.031922     2.0577   3.031874      92.62     0.0213     2.8863     2.5528  33.941391  1.2736471   47.07802  -47.28054    34.2339    34.2334     2.0457     2.0456    27.3543    27.3539    6.87768    6.92297         21 0.0000e+00
      14226    592.698    227.000     2.0392   3.030435     2.0402   3.030495      93.96     0.0231     2.8861     2.5513  33.961540  1.2266006   47.07802  -47.28054    34.2348    34.2345     2.0270     2.0280    27.3565    27.3562    6.87480    6.92059         23 0.0000e+00
      14252    593.784    228.000     2.0348   3.030150     2.0340   3.030101      98.60     0.0218     2.8844     2.5503  33.967621  1.2780764   47.07802  -47.28054    34.2353    34.2356     2.0227     2.0218    27.3573    27.3576    6.87450    6.92607         29 0.0000e+00
      14281    595.009    229.000     2.0395   3.030868     2.0379   3.030772      78.81     0.0198     2.8838     2.5496  33.970718  1.2336711   47.07802  -47.28054    34.2387    34.2393     2.0273     2.0256    27.3596    27.3602    6.87256    6.92410         29 0.0000e+00
      14309    596.179    230.000     2.0535   3.032424     2.0522   3.032411      62.70     0.0197     2.8828     2.5487  33.974533  1.2476915   47.07802  -47.28054    34.2425    34.2437     2.0412     2.0399    27.3616    27.3626    6.87172    6.91175         27 0.0000e+00
      14334    597.219    231.000     2.0738   3.034541     2.0739   3.034662      98.99     0.0172     2.8823     2.5473  33.985455  1.2339820   47.07802  -47.28054    34.2465    34.2479     2.0614     2.0615    27.3632    27.3643    6.86218    6.90293         23 0.0000e+00
      14356    598.136    232.000     2.0860   3.035844     2.0860   3.035958      86.11     0.0189     2.8807     2.5459  33.985348  1.2498518   47.07802  -47.28054    34.2492    34.2504     2.0734     2.0735    27.3644    27.3654    6.83676    6.89193         21 0.0000e+00
      14376    598.973    233.000     2.0892   3.036269     2.0887   3.036233      95.07     0.0214     2.8782     2.5440  33.985348  1.2369651   47.07802  -47.28054    34.2503    34.2505     2.0767     2.0761    27.3651    27.3652    6.82746    6.88274         20 0.0000e+00
