data/CTD/2014/CNV/d017a039.cnv
* Sea-Bird SBE 9 Data File:
* FileName = C:\CTD_ACQUISITION\2014017HUD\ctddata\017A039.hdr
* Software Version Seasave V 7.22.2
* Temperature SN = 5081
* Conductivity SN = 3561
* Number of Bytes Per Scan = 37
* Number of Voltage Words = 4
* Number of Scans Averaged by the Deck Unit = 1
* NMEA Latitude = 48 13.75 N
* NMEA Longitude = 046 27.83 W
* NMEA UTC (Time) = Jul 10 2014 01:54:16
* NMEA baud rate = 9600
** Ship: Hudson
** Cruise: HUD2014017
** Chief_Scientist: Blair Greenan
** Organization: BIO
** Area_of_Operation: Sackville Spur
** Station: 039
** Sounding:  938
** Event_Comments: SS_13, 403226
# nquan = 25
# nvalues = 961                         
# units = specified
# name 0 = scan: Scan Count
# name 1 = timeS: Time, Elapsed [seconds]
# name 2 = prDM: Pressure, Digiquartz [db]
# name 3 = t068C: Temperature [ITS-68, deg C]
# name 4 = c0S/m: Conductivity [S/m]
# name 5 = t168C: Temperature, 2 [ITS-68, deg C]
# name 6 = c1S/m: Conductivity, 2 [S/m]
# name 7 = altM: Altimeter [m]
# name 8 = flC: Fluorescence, Chelsea Aqua 3 Chl Con [ug/l]
# name 9 = sbeox0V: Oxygen raw, SBE 43 [V]
# name 10 = sbeox1V: Oxygen raw, SBE 43, 2 [V]
# name 11 = upoly0: Upoly 0, Optode 4330F - O2 D-Phase
# name 12 = upoly1: Upoly 1, Optode 4330F - O2 Temp
# name 13 = latitude: Latitude [deg]
# name 14 = longitude: Longitude [deg]
# name 15 = sal00: Salinity, Practical [PSU]
# name 16 = sal11: Salinity, Practical, 2 [PSU]
# name 17 = potemp068C: Potential Temperature [ITS-68, deg C]
# name 18 = potemp168C: Potential Temperature, 2 [ITS-68, deg C]
# name 19 = sigma-é00: Density [sigma-theta, Kg/m^3]
# name 20 = sigma-é11: Density, 2 [sigma-theta, Kg/m^3]
# name 21 = sbeox0ML/L: Oxygen, SBE 43 [ml/l], WS = 2
# name 22 = sbeox1ML/L: Oxygen, SBE 43, 2 [ml/l], WS = 2
# name 23 = nbin: number of scans per bin
# name 24 = flag: flag
# span 0 =       5571,      33331       
# span 1 =    232.064,   1388.758       
# span 2 =      1.000,    961.000       
# span 3 =    -1.2182,     7.8813       
# span 4 =   2.670041,   3.398320       
# span 5 =    -1.2183,     7.8813       
# span 6 =   2.669632,   3.398384       
# span 7 =       1.39,     102.38       
# span 8 =     0.0075,     0.0885       
# span 9 =     2.6101,     3.5433       
# span 10 =     2.3047,     3.0144      
# span 11 =  30.448456,  34.477798      
# span 12 = -1.0726120,  7.9133444      
# span 13 =   48.22800,   48.22936      
# span 14 =  -46.46338,  -46.46208      
# span 15 =    32.7240,    34.8940      
# span 16 =    32.7090,    34.8934      
# span 17 =    -1.2192,     7.8807      
# span 18 =    -1.2193,     7.8805      
# span 19 =    25.5044,    27.7379      
# span 20 =    25.5041,    27.7374      
# span 21 =    6.37079,    8.84383      
# span 22 =    6.21738,    8.69057      
# span 23 =         11,        109      
# span 24 = 0.0000e+00, 0.0000e+00      
# interval = decibars: 1                
# start_time = Jul 10 2014 01:54:16 [NMEA time, header]
# bad_flag = -9.990e-29
*END*
[from data line 464]
      19495    812.265    465.000     3.7707   3.241837     3.7705   3.241779      97.74     0.0109     2.8425     2.5104  33.516483  3.7521367   48.22842  -46.46246    34.8317    34.8312     3.7380     3.7377    27.6794    27.6790    6.62279    6.64318         27 0.0000e+00
      19542    814.193    466.000     3.7719   3.242033     3.7718   3.241980      98.64     0.0156     2.8400     2.5075  33.516483  3.7562499   48.22842  -46.46247    34.8322    34.8316     3.7391     3.7390    27.6797    27.6792    6.61428    6.62759         53 0.0000e+00
      19576    815.628    467.000     3.7733   3.242241     3.7730   3.242185      98.64     0.0168     2.8381     2.5053  33.516483  3.7621603   48.22842  -46.46249    34.8327    34.8323     3.7404     3.7401    27.6799    27.6797    6.60445    6.62323         22 0.0000e+00
      19594    816.358    468.000     3.7789   3.242899     3.7783   3.242853      98.64     0.0152     2.8365     2.5042  33.516483  3.7619047   48.22842  -46.46250    34.8340    34.8341     3.7460     3.7454    27.6804    27.6805    6.60185    6.61621         15 0.0000e+00
      19608    816.960    469.000     3.7876   3.243869     3.7877   3.243895      98.64     0.0136     2.8356     2.5030  33.516483  3.7619047   48.22842  -46.46250    34.8359    34.8361     3.7545     3.7546    27.6810    27.6812    6.60220    6.61156         14 0.0000e+00
      19622    817.547    470.000     3.7938   3.244577     3.7929   3.244478      98.64     0.0170     2.8352     2.5023  33.516483  3.7619047   48.22842  -46.46250    34.8371    34.8369     3.7607     3.7597    27.6814    27.6813    6.60619    6.61336         15 0.0000e+00
      19639    818.238    471.000     3.8038   3.245681     3.8010   3.245360      98.60     0.0172     2.8350     2.5015  33.518581  3.7656367   48.22840  -46.46250    34.8391    34.8383     3.7705     3.7677    27.6820    27.6816    6.60452    6.61120         20 0.0000e+00
      19671    819.597    472.000     3.8092   3.246292     3.8083   3.246172      77.01     0.0170     2.8335     2.5006  33.525162  3.7735126   48.22840  -46.46250    34.8402    34.8397     3.7758     3.7749    27.6823    27.6820    6.59747    6.61713         46 0.0000e+00
      19710    821.209    473.000     3.8098   3.246405     3.8096   3.246346      99.58     0.0202     2.8320     2.5003  33.531376  3.7864571   48.22840  -46.46250    34.8403    34.8399     3.7763     3.7761    27.6824    27.6820    6.59785    6.62431         26 0.0000e+00
      19732    822.118    474.000     3.8099   3.246464     3.8095   3.246383      98.64     0.0160     2.8315     2.5009  33.535595  3.7863300   48.22840  -46.46250    34.8404    34.8398     3.7764     3.7760    27.6824    27.6820    6.59911    6.62484         20 0.0000e+00
      19751    822.932    475.000     3.8099   3.246507     3.8096   3.246438      98.64     0.0180     2.8314     2.5006  33.544991  3.7911747   48.22839  -46.46250    34.8404    34.8399     3.7763     3.7760    27.6824    27.6820    6.59821    6.62680         20 0.0000e+00
      19774    823.885    476.000     3.8098   3.246533     3.8095   3.246462      98.64     0.0191     2.8308     2.5014  33.544189  3.7922587   48.22838  -46.46250    34.8403    34.8397     3.7761     3.7758    27.6823    27.6819    6.60288    6.62297         27 0.0000e+00
      19804    825.142    477.000     3.8094   3.246523     3.8092   3.246470      64.38     0.0224     2.8305     2.4993  33.540295  3.7982311   48.22838  -46.46250    34.8401    34.8396     3.7756     3.7754    27.6822    27.6819    6.60353    6.60071         30 0.0000e+00
      19831    826.245    478.000     3.8094   3.246576     3.8092   3.246512      99.75     0.0217     2.8310     2.4976  33.542675  3.7997582   48.22838  -46.46252    34.8401    34.8396     3.7756     3.7753    27.6823    27.6819    6.60693    6.61057         23 0.0000e+00
      19852    827.131    479.000     3.8092   3.246602     3.8093   3.246572      98.64     0.0195     2.8308     2.4980  33.545109  3.8009853   48.22838  -46.46252    34.8401    34.8397     3.7753     3.7754    27.6823    27.6819    6.60550    6.61794         21 0.0000e+00
      19874    828.039    480.000     3.8098   3.246692     3.8096   3.246639      98.64     0.0150     2.8309     2.4976  33.548325  3.8009768   48.22838  -46.46252    34.8400    34.8396     3.7758     3.7756    27.6822    27.6818    6.60704    6.61060         23 0.0000e+00
      19898    829.055    481.000     3.8099   3.246758     3.8098   3.246696      98.64     0.0136     2.8302     2.4968  33.560604  3.8009768   48.22838  -46.46252    34.8401    34.8396     3.7759     3.7757    27.6822    27.6818    6.60254    6.61196         25 0.0000e+00
      19922    830.048    482.000     3.8106   3.246866     3.8099   3.246762      98.64     0.0161     2.8303     2.4968  33.556335  3.8009768   48.22836  -46.46252    34.8402    34.8397     3.7765     3.7758    27.6822    27.6819    6.59917    6.61578         22 0.0000e+00
      19943    830.929    483.000     3.8107   3.246915     3.8107   3.246879      77.46     0.0181     2.8289     2.4966  33.545639  3.8009768   48.22836  -46.46252    34.8401    34.8397     3.7765     3.7765    27.6822    27.6819    6.59451    6.60560         21 0.0000e+00
      19965    831.846    484.000     3.8113   3.247021     3.8110   3.246953      68.24     0.0218     2.8286     2.4951  33.546997  3.8009768   48.22836  -46.46252    34.8402    34.8397     3.7770     3.7767    27.6822    27.6818    6.59618    6.59774         24 0.0000e+00
      19993    832.986    485.000     3.8121   3.247152     3.8118   3.247079      98.28     0.0163     2.8271     2.4938  33.556076  3.8009768   48.22836  -46.46253    34.8404    34.8398     3.7778     3.7774    27.6823    27.6819    6.58921    6.59785         31 0.0000e+00
      20022    834.220    486.000     3.8199   3.248036     3.8178   3.247808      98.64     0.0180     2.8265     2.4927  33.557194  3.8009768   48.22836  -46.46254    34.8421    34.8417     3.7854     3.7833    27.6829    27.6827    6.59347    6.59728         27 0.0000e+00
      20047    835.257    487.000     3.8221   3.248336     3.8219   3.248268      98.64     0.0194     2.8256     2.4925  33.564312  3.8009768   48.22836  -46.46254    34.8428    34.8422     3.7876     3.7873    27.6832    27.6827    6.59153    6.60599         23 0.0000e+00
      20069    836.184    488.000     3.8219   3.248369     3.8217   3.248309      98.64     0.0170     2.8258     2.4928  33.563107  3.8049581   48.22834  -46.46254    34.8428    34.8424     3.7873     3.7871    27.6832    27.6829    6.59614    6.60881         22 0.0000e+00
      20090    837.058    489.000     3.8215   3.248386     3.8212   3.248328      82.76     0.0188     2.8254     2.4929  33.560455  3.8107154   48.22834  -46.46254    34.8430    34.8426     3.7868     3.7865    27.6834    27.6831    6.58942    6.60674         20 0.0000e+00
      20111    837.915    490.000     3.8210   3.248388     3.8207   3.248328      56.91     0.0146     2.8246     2.4927  33.562531  3.8107448   48.22834  -46.46255    34.8430    34.8426     3.7862     3.7860    27.6835    27.6832    6.59433    6.60718         21 0.0000e+00
      20133    838.849    491.000     3.8204   3.248382     3.8202   3.248311      97.50     0.0142     2.8248     2.4929  33.574753  3.8107448   48.22834  -46.46256    34.8430    34.8424     3.7856     3.7853    27.6836    27.6831    6.59857    6.61028         25 0.0000e+00
      20165    840.153    492.000     3.8205   3.248431     3.8201   3.248358      98.64     0.0129     2.8247     2.4925  33.579597  3.8107448   48.22832  -46.46256    34.8429    34.8425     3.7856     3.7852    27.6835    27.6832    6.59464    6.60374         38 0.0000e+00
      20201    841.675    493.000     3.8206   3.248483     3.8203   3.248421      98.64     0.0177     2.8236     2.4921  33.585632  3.8107448   48.22832  -46.46256    34.8430    34.8425     3.7856     3.7854    27.6835    27.6832    6.58873    6.60739         30 0.0000e+00
      20225    842.678    494.000     3.8197   3.248471     3.8196   3.248406      98.64     0.0168     2.8236     2.4917  33.589790  3.8126245   48.22832  -46.46256    34.8432    34.8426     3.7847     3.7845    27.6838    27.6833    6.59691    6.60375         21 0.0000e+00
      20244    843.460    495.000     3.8191   3.248457     3.8188   3.248391      66.77     0.0146     2.8232     2.4918  33.589745  3.8136199   48.22832  -46.46256    34.8432    34.8427     3.7840     3.7837    27.6839    27.6835    6.59623    6.59874         17 0.0000e+00
      20262    844.193    496.000     3.8182   3.248425     3.8179   3.248359      62.69     0.0129     2.8234     2.4901  33.589745  3.8118176   48.22832  -46.46256    34.8432    34.8428     3.7830     3.7827    27.6840    27.6837    6.59365    6.59186         18 0.0000e+00
      20281    844.990    497.000     3.8183   3.248506     3.8179   3.248435      98.20     0.0129     2.8229     2.4899  33.589745  3.8116770   48.22832  -46.46256    34.8435    34.8431     3.7830     3.7826    27.6842    27.6839    6.59448    6.59178         21 0.0000e+00
      20307    846.078    498.000     3.8183   3.248567     3.8179   3.248484      98.64     0.0148     2.8225     2.4882  33.589745  3.8110676   48.22831  -46.46257    34.8438    34.8432     3.7829     3.7825    27.6844    27.6840    6.59360    6.59049         33 0.0000e+00
      20343    847.564    499.000     3.8179   3.248586     3.8180   3.248541      98.63     0.0122     2.8223     2.4881  33.589745  3.8107309   48.22830  -46.46258    34.8438    34.8433     3.7825     3.7825    27.6845    27.6841    6.59713    6.60442         33 0.0000e+00
      20370    848.711    500.000     3.8180   3.248631     3.8177   3.248559      98.64     0.0153     2.8222     2.4886  33.589745  3.8107448   48.22830  -46.46258    34.8438    34.8432     3.7825     3.7822    27.6845    27.6841    6.59788    6.61130         24 0.0000e+00
      20391    849.569    501.000     3.8179   3.248676     3.8178   3.248611      72.13     0.0146     2.8219     2.4894  33.589745  3.8117561   48.22830  -46.46258    34.8438    34.8432     3.7823     3.7822    27.6846    27.6841    6.59026    6.61059         19 0.0000e+00
      20409    850.332    502.000     3.8118   3.248208     3.8125   3.248174      58.04     0.0145     2.8211     2.4892  33.589745  3.8118284   48.22830  -46.46258    34.8442    34.8431     3.7762     3.7769    27.6854    27.6845    6.59350    6.59955         18 0.0000e+00
      20427    851.103    503.000     3.8058   3.247735     3.8058   3.247671      97.46     0.0170     2.8213     2.4883  33.589745  3.8112752   48.22828  -46.46260    34.8445    34.8437     3.7701     3.7701    27.6863    27.6857    6.59876    6.60103         19 0.0000e+00
      20449    852.014    504.000     3.8055   3.247754     3.8053   3.247683      98.64     0.0175     2.8205     2.4885  33.589745  3.8107603   48.22828  -46.46259    34.8445    34.8438     3.7697     3.7695    27.6863    27.6858    6.58830    6.61006         25 0.0000e+00
      20483    853.415    505.000     3.8058   3.247841     3.8056   3.247774      98.56     0.0180     2.8195     2.4888  33.590431  3.8105161   48.22828  -46.46258    34.8446    34.8441     3.7700     3.7704    27.6864    27.6860    6.59028    6.61069         42 0.0000e+00
      20521    855.015    506.000     3.8061   3.247938     3.8058   3.247867      98.64     0.0185     2.8184     2.4881  33.605122  3.8004811   48.22828  -46.46259    34.8450    34.8444     3.7702     3.7699    27.6867    27.6863    6.58670    6.60362         30 0.0000e+00
      20545    855.993    507.000     3.8063   3.248013     3.8059   3.247934      98.63     0.0140     2.8177     2.4881  33.606625  3.8024616   48.22826  -46.46260    34.8451    34.8446     3.7703     3.7699    27.6868    27.6864    6.58571    6.60947         20 0.0000e+00
      20563    856.736    508.000     3.8072   3.248190     3.8067   3.248106      98.64     0.0133     2.8173     2.4880  33.615471  3.8102088   48.22826  -46.46260    34.8457    34.8452     3.7711     3.7707    27.6872    27.6868    6.59059    6.60695         16 0.0000e+00
      20579    857.408    509.000     3.8100   3.248593     3.8096   3.248535      98.64     0.0139     2.8170     2.4878  33.618183  3.8095124   48.22826  -46.46260    34.8470    34.8468     3.7738     3.7734    27.6879    27.6878    6.59287    6.60482         16 0.0000e+00
      20596    858.122    510.000     3.8111   3.248798     3.8108   3.248735      98.64     0.0154     2.8172     2.4874  33.612133  3.8056209   48.22826  -46.46260    34.8478    34.8473     3.7748     3.7746    27.6885    27.6881    6.59416    6.60438         19 0.0000e+00
      20624    859.275    511.000     3.8112   3.248852     3.8109   3.248783      98.57     0.0147     2.8173     2.4874  33.603420  3.8014834   48.22824  -46.46262    34.8478    34.8472     3.7749     3.7746    27.6885    27.6880    6.59234    6.60998         43 0.0000e+00
      20672    861.298    512.000     3.8112   3.248911     3.8110   3.248838      98.65     0.0174     2.8166     2.4868  33.604633  3.8095737   48.22823  -46.46262    34.8479    34.8473     3.7748     3.7746    27.6885    27.6881    6.59115    6.59815         38 0.0000e+00
      20697    862.326    513.000     3.8111   3.248956     3.8109   3.248888      98.64     0.0148     2.8158     2.4857  33.610325  3.8092864   48.22822  -46.46262    34.8480    34.8474     3.7746     3.7744    27.6887    27.6882    6.58517    6.60249         20 0.0000e+00
      20715    863.083    514.000     3.8083   3.248721     3.8087   3.248707      98.64     0.0131     2.8160     2.4861  33.609570  3.8107445   48.22822  -46.46264    34.8478    34.8471     3.7717     3.7740    27.6888    27.6882    6.58643    6.60869         17 0.0000e+00
      20731    863.757    515.000     3.8052   3.248494     3.8054   3.248451      98.64     0.0142     2.8150     2.4860  33.610783  3.8107448   48.22822  -46.46264    34.8478    34.8470     3.7686     3.7689    27.6891    27.6884    6.58677    6.60439         16 0.0000e+00
      20748    864.443    516.000     3.8040   3.248426     3.8039   3.248355      98.63     0.0158     2.8152     2.4852  33.617184  3.8107448   48.22822  -46.46264    34.8477    34.8470     3.7674     3.7672    27.6891    27.6886    6.58947    6.60288         17 0.0000e+00
      20766    865.222    517.000     3.8042   3.248482     3.8037   3.248396      98.38     0.0167     2.8144     2.4854  33.619034  3.8107448   48.22822  -46.46264    34.8476    34.8471     3.7674     3.7670    27.6891    27.6887    6.58763    6.60715         20 0.0000e+00
      20790    866.199    518.000     3.8045   3.248569     3.8033   3.248397      98.57     0.0208     2.8142     2.4847  33.619049  3.8060863   48.22820  -46.46264    34.8477    34.8470     3.7677     3.7665    27.6891    27.6886    6.58776    6.59289         27 0.0000e+00
      20824    867.609    519.000     3.8044   3.248605     3.8042   3.248536      98.64     0.0165     2.8134     2.4830  33.619049  3.8011777   48.22820  -46.46264    34.8477    34.8472     3.7676     3.7673    27.6892    27.6887    6.58720    6.59634         43 0.0000e+00
      20865    869.344    520.000     3.8052   3.248733     3.8051   3.248680      98.64     0.0120     2.8130     2.4828  33.619049  3.8009768   48.22820  -46.46264    34.8480    34.8474     3.7682     3.7681    27.6893    27.6888    6.58998    6.60476         33 0.0000e+00
      20891    870.431    521.000     3.8059   3.248882     3.8060   3.248852      98.64     0.0116     2.8126     2.4828  33.619736  3.8032656   48.22820  -46.46264    34.8484    34.8480     3.7689     3.7689    27.6896    27.6892    6.58309    6.60172         22 0.0000e+00
