data/CTD/2014/CNV/d017a041.cnv
* Sea-Bird SBE 9 Data File:
* FileName = C:\CTD_ACQUISITION\2014017HUD\ctddata\017A041.hdr
* Software Version Seasave V 7.22.2
* Temperature SN = 5081
* Conductivity SN = 3561
* Number of Bytes Per Scan = 37
* Number of Voltage Words = 4
* Number of Scans Averaged by the Deck Unit = 1
* NMEA Latitude = 48 06.07 N
* NMEA Longitude = 046 18.86 W
* NMEA UTC (Time) = Jul 10 2014 04:42:48
* NMEA baud rate = 9600
** Ship: Hudson
** Cruise: HUD2014017
** Chief_Scientist: Blair Greenan
** Organization: BIO
** Area_of_Operation: Sackville Spur
** Station: 041
** Sounding:  1143
** Event_Comments: SS_15, 403232
# nquan = 25
# nvalues = 1168                        
# units = specified
# name 0 = scan: Scan Count
# name 1 = timeS: Time, Elapsed [seconds]
# name 2 = prDM: Pressure, Digiquartz [db]
# name 3 = t068C: Temperature [ITS-68, deg C]
# name 4 = c0S/m: Conductivity [S/m]
# name 5 = t168C: Temperature, 2 [ITS-68, deg C]
# name 6 = c1S/m: Conductivity, 2 [S/m]
# name 7 = altM: Altimeter [m]
# name 8 = flC: Fluorescence, Chelsea Aqua 3 Chl Con [ug/l]
# name 9 = sbeox0V: Oxygen raw, SBE 43 [V]
# name 10 = sbeox1V: Oxygen raw, SBE 43, 2 [V]
# name 11 = upoly0: Upoly 0, Optode 4330F - O2 D-Phase
# name 12 = upoly1: Upoly 1, Optode 4330F - O2 Temp
# name 13 = latitude: Latitude [deg]
# name 14 = longitude: Longitude [deg]
# name 15 = sal00: Salinity, Practical [PSU]
# name 16 = sal11: Salinity, Practical, 2 [PSU]
# name 17 = potemp068C: Potential Temperature [ITS-68, deg C]
# name 18 = potemp168C: Potential Temperature, 2 [ITS-68, deg C]
# name 19 = sigma-é00: Density [sigma-theta, Kg/m^3]
# name 20 = sigma-é11: Density, 2 [sigma-theta, Kg/m^3]
# name 21 = sbeox0ML/L: Oxygen, SBE 43 [ml/l], WS = 2
# name 22 = sbeox1ML/L: Oxygen, SBE 43, 2 [ml/l], WS = 2
# name 23 = nbin: number of scans per bin
# name 24 = flag: flag
# span 0 =       8033,      40904       
# span 1 =    334.664,   1704.279       
# span 2 =      1.000,   1168.000       
# span 3 =    -0.8515,     7.2655       
# span 4 =   2.713012,   3.402648       
# span 5 =    -0.8517,     7.2339       
# span 6 =   2.712585,   3.397982       
# span 7 =       1.69,     103.40       
# span 8 =     0.0086,     0.7138       
# span 9 =     2.5175,     3.5842       
# span 10 =     2.2262,     3.1374      
# span 11 =  30.224890,  34.647961      
# span 12 =  0.1443253,  6.8985548      
# span 13 =   48.09924,   48.10058      
# span 14 =  -46.31402,  -46.31334      
# span 15 =    32.7941,    34.9095      
# span 16 =    32.7939,    34.9091      
# span 17 =    -0.8524,     7.2629      
# span 18 =    -0.8526,     7.2314      
# span 19 =    25.7138,    27.7537      
# span 20 =    25.7136,    27.7535      
# span 21 =    6.26072,    8.54944      
# span 22 =    6.24746,    8.61072      
# span 23 =          3,         95      
# span 24 = 0.0000e+00, 0.0000e+00      
# interval = decibars: 1                
# start_time = Jul 10 2014 04:42:48 [NMEA time, header]
# bad_flag = -9.990e-29
*END*
[from data line 348]
      20054    835.560    349.000     3.6215   3.221217     3.6213   3.221158      83.28     0.0180     2.8787     2.5421  33.484509  3.6056144   48.10002  -46.31382    34.8062    34.8057     3.5977     3.5975    27.6732    27.6728    6.65152    6.67437         22 0.0000e+00
      20075    836.427    350.000     3.6216   3.221266     3.6213   3.221213      98.45     0.0156     2.8782     2.5401  33.487148  3.6056166   48.10002  -46.31382    34.8061    34.8058     3.5977     3.5975    27.6731    27.6729    6.65483    6.66298         20 0.0000e+00
      20095    837.233    351.000     3.6235   3.221515     3.6233   3.221487      98.64     0.0144     2.8776     2.5392  33.487934  3.6056166   48.10002  -46.31382    34.8066    34.8064     3.5995     3.5994    27.6733    27.6732    6.65884    6.67098         19 0.0000e+00
      20114    838.024    352.000     3.6379   3.223088     3.6405   3.223418      98.64     0.0154     2.8777     2.5390  33.501518  3.6056166   48.10002  -46.31382    34.8096    34.8108     3.6138     3.6164    27.6743    27.6749    6.66438    6.67666         19 0.0000e+00
      20134    838.888    353.000     3.6632   3.225784     3.6664   3.226071      98.64     0.0154     2.8784     2.5391  33.501831  3.6056166   48.10002  -46.31382    34.8138    34.8143     3.6394     3.6422    27.6751    27.6752    6.67216    6.69100         23 0.0000e+00
      20163    840.084    354.000     3.6513   3.224679     3.6515   3.224637      64.69     0.0139     2.8796     2.5421  33.487534  3.6125720   48.10002  -46.31382    34.8132    34.8126     3.6271     3.6272    27.6758    27.6753    6.66641    6.70110         36 0.0000e+00
      20201    841.649    355.000     3.6457   3.224168     3.6456   3.224128     100.82     0.0187     2.8784     2.5418  33.493034  3.6246021   48.10002  -46.31382    34.8126    34.8122     3.6213     3.6212    27.6759    27.6756    6.64459    6.66746         32 0.0000e+00
      20226    842.710    356.000     3.6434   3.223990     3.6435   3.223957      51.45     0.0175     2.8760     2.5394  33.501469  3.6353548   48.10002  -46.31382    34.8123    34.8119     3.6190     3.6191    27.6759    27.6755    6.63079    6.66710         21 0.0000e+00
      20245    843.498    357.000     3.6444   3.224162     3.6441   3.224105      79.97     0.0175     2.8737     2.5390  33.500179  3.6349206   48.10002  -46.31382    34.8127    34.8124     3.6200     3.6196    27.6761    27.6759    6.62373    6.67639         18 0.0000e+00
      20263    844.245    358.000     3.6428   3.224071     3.6431   3.224044      93.14     0.0170     2.8718     2.5388  33.501820  3.6349206   48.10002  -46.31382    34.8128    34.8123     3.6183     3.6185    27.6764    27.6759    6.62149    6.66595         19 0.0000e+00
      20282    845.055    359.000     3.6470   3.224663     3.6483   3.224710      38.82     0.0112     2.8700     2.5369  33.501831  3.6334684   48.10002  -46.31382    34.8149    34.8141     3.6224     3.6237    27.6776    27.6769    6.62180    6.65500         20 0.0000e+00
      20304    845.975    360.000     3.7165   3.231864     3.7190   3.232036      98.35     0.0132     2.8686     2.5359  33.512772  3.6276212   48.10002  -46.31380    34.8246    34.8259     3.6935     3.6941    27.6782    27.6792    6.61104    6.65177         24 0.0000e+00
      20330    847.026    361.000     3.7255   3.232666     3.7340   3.233560      97.45     0.0180     2.8672     2.5353  33.514824  3.6255457   48.10002  -46.31380    34.8260    34.8276     3.7005     3.7090    27.6786    27.6791    6.61483    6.64539         27 0.0000e+00
      20361    848.315    362.000     3.7509   3.235317     3.7533   3.235592      60.65     0.0206     2.8664     2.5338  33.490578  3.6542253   48.10002  -46.31380    34.8301    34.8308     3.7258     3.7282    27.6794    27.6796    6.61169    6.63566         34 0.0000e+00
      20392    849.615    363.000     3.7592   3.236237     3.7595   3.236250      99.59     0.0173     2.8660     2.5322  33.489319  3.6778295   48.10002  -46.31380    34.8319    34.8315     3.7340     3.7343    27.6799    27.6796    6.60438    6.62780         27 0.0000e+00
      20414    850.549    364.000     3.7584   3.236226     3.7583   3.236185      98.64     0.0147     2.8644     2.5312  33.487164  3.7035017   48.10002  -46.31380    34.8319    34.8316     3.7332     3.7330    27.6800    27.6798    6.60233    6.63162         19 0.0000e+00
      20432    851.279    365.000     3.7576   3.236192     3.7576   3.236162      98.64     0.0157     2.8642     2.5309  33.487179  3.7032967   48.10002  -46.31380    34.8318    34.8315     3.7323     3.7323    27.6800    27.6798    6.60969    6.63676         16 0.0000e+00
      20448    851.964    366.000     3.7570   3.236187     3.7569   3.236140      98.64     0.0186     2.8643     2.5309  33.501949  3.7229884   48.10000  -46.31380    34.8319    34.8314     3.7316     3.7315    27.6802    27.6798    6.61046    6.64210         17 0.0000e+00
      20466    852.715    367.000     3.7577   3.236362     3.7574   3.236302      46.52     0.0222     2.8639     2.5312  33.501831  3.7228327   48.10000  -46.31380    34.8327    34.8323     3.7322     3.7319    27.6807    27.6805    6.60744    6.64254         20 0.0000e+00
      20491    853.735    368.000     3.7591   3.236582     3.7590   3.236531      87.73     0.0215     2.8633     2.5309  33.501831  3.7288043   48.10000  -46.31380    34.8333    34.8328     3.7335     3.7334    27.6811    27.6807    6.60527    6.63393         30 0.0000e+00
      20524    855.117    369.000     3.7591   3.236623     3.7596   3.236638      85.89     0.0150     2.8621     2.5293  33.504005  3.7323444   48.10000  -46.31380    34.8332    34.8328     3.7335     3.7340    27.6810    27.6807    6.59787    6.62581         34 0.0000e+00
      20555    856.399    370.000     3.7601   3.236768     3.7596   3.236677      46.94     0.0165     2.8608     2.5286  33.514599  3.7326109   48.10000  -46.31380    34.8333    34.8328     3.7344     3.7338    27.6810    27.6807    6.60530    6.63328         26 0.0000e+00
      20577    857.320    371.000     3.7608   3.236887     3.7605   3.236819      89.74     0.0182     2.8616     2.5285  33.514961  3.7326007   48.10000  -46.31380    34.8335    34.8330     3.7350     3.7347    27.6811    27.6808    6.62022    6.63687         19 0.0000e+00
      20595    858.073    372.000     3.7609   3.236939     3.7609   3.236904      32.72     0.0155     2.8624     2.5288  33.516506  3.7326007   48.10000  -46.31380    34.8335    34.8331     3.7350     3.7350    27.6811    27.6808    6.61964    6.63650         18 0.0000e+00
      20613    858.836    373.000     3.7609   3.236987     3.7609   3.236945      97.18     0.0158     2.8625     2.5283  33.516483  3.7326007   48.10000  -46.31380    34.8335    34.8330     3.7350     3.7349    27.6811    27.6808    6.61265    6.62983         20 0.0000e+00
      20635    859.770    374.000     3.7549   3.236423     3.7579   3.236642      98.64     0.0182     2.8622     2.5278  33.526215  3.7390885   48.10000  -46.31380    34.8326    34.8322     3.7289     3.7336    27.6810    27.6804    6.61236    6.63158         25 0.0000e+00
      20663    860.925    375.000     3.7454   3.235525     3.7472   3.235637      48.14     0.0205     2.8621     2.5275  33.531258  3.7424502   48.10000  -46.31379    34.8315    34.8309     3.7193     3.7211    27.6811    27.6804    6.61475    6.64633         28 0.0000e+00
      20689    862.007    376.000     3.7313   3.234152     3.7312   3.233951      98.93     0.0184     2.8620     2.5289  33.532314  3.7423687   48.10000  -46.31378    34.8296    34.8278     3.7052     3.7051    27.6810    27.6796    6.62613    6.65215         25 0.0000e+00
      20713    863.009    377.000     3.7196   3.233061     3.7187   3.232912      98.63     0.0212     2.8626     2.5288  33.532959  3.7423687   48.10000  -46.31378    34.8284    34.8275     3.6935     3.6926    27.6812    27.6806    6.62564    6.65057         24 0.0000e+00
      20738    864.057    378.000     3.7292   3.234042     3.7282   3.233905      45.44     0.0206     2.8627     2.5292  33.545155  3.7334037   48.10000  -46.31378    34.8292    34.8288     3.7032     3.7020    27.6809    27.6807    6.62365    6.65309         26 0.0000e+00
      20763    865.095    379.000     3.7307   3.234215     3.7281   3.233819      94.37     0.0181     2.8624     2.5293  33.545795  3.7325923   48.10000  -46.31378    34.8293    34.8273     3.7045     3.7018    27.6808    27.6795    6.62562    6.64940         23 0.0000e+00
      20785    865.994    380.000     3.7056   3.231754     3.7039   3.231455      73.10     0.0156     2.8628     2.5290  33.545788  3.7231712   48.10000  -46.31378    34.8260    34.8243     3.6794     3.6776    27.6808    27.6796    6.63174    6.64882         20 0.0000e+00
      20804    866.810    381.000     3.7021   3.231452     3.7026   3.231429      35.26     0.0151     2.8629     2.5283  33.545788  3.7228343   48.10000  -46.31378    34.8256    34.8249     3.6758     3.6762    27.6808    27.6802    6.63353    6.64759         20 0.0000e+00
      20826    867.696    382.000     3.6999   3.231261     3.7002   3.231214      90.94     0.0168     2.8631     2.5277  33.555199  3.7169504   48.09999  -46.31378    34.8251    34.8243     3.6735     3.6738    27.6806    27.6800    6.63399    6.64742         24 0.0000e+00
      20855    868.927    383.000     3.6984   3.231146     3.6975   3.231004      95.26     0.0184     2.8628     2.5281  33.560398  3.7128124   48.09998  -46.31378    34.8249    34.8241     3.6719     3.6710    27.6806    27.6801    6.63708    6.66805         34 0.0000e+00
      20888    870.277    384.000     3.6968   3.231047     3.6965   3.230961      47.94     0.0149     2.8645     2.5301  33.560440  3.7024016   48.09998  -46.31378    34.8248    34.8241     3.6703     3.6699    27.6807    27.6802    6.65476    6.68027         27 0.0000e+00
      20910    871.209    385.000     3.6964   3.231067     3.6961   3.230999      99.68     0.0139     2.8652     2.5311  33.560440  3.7018075   48.09998  -46.31378    34.8249    34.8244     3.6698     3.6695    27.6809    27.6805    6.64944    6.66250         20 0.0000e+00
      20928    871.973    386.000     3.6995   3.231440     3.7006   3.231539      98.64     0.0121     2.8656     2.5296  33.568516  3.7011316   48.09998  -46.31378    34.8255    34.8256     3.6728     3.6739    27.6810    27.6810    6.63120    6.63663         18 0.0000e+00
      20947    872.736    387.000     3.7030   3.231830     3.7023   3.231720      40.54     0.0125     2.8634     2.5273  33.565887  3.6987143   48.09998  -46.31378    34.8260    34.8254     3.6762     3.6755    27.6811    27.6807    6.60313    6.62313         19 0.0000e+00
      20968    873.623    388.000     3.7015   3.231724     3.7016   3.231699      15.47     0.0174     2.8599     2.5248  33.564148  3.6956439   48.09998  -46.31378    34.8258    34.8254     3.6746     3.6747    27.6811    27.6807    6.58221    6.61991         24 0.0000e+00
      20994    874.712    389.000     3.7009   3.231721     3.7003   3.231627      86.53     0.0207     2.8545     2.5221  33.560497  3.6935606   48.09998  -46.31378    34.8258    34.8253     3.6740     3.6734    27.6812    27.6808    6.56596    6.61675         28 0.0000e+00
      21023    875.897    390.000     3.7284   3.234585     3.7333   3.235191      98.84     0.0200     2.8497     2.5195  33.560440  3.6938972   48.09998  -46.31378    34.8302    34.8324     3.7014     3.7071    27.6819    27.6831    6.55863    6.60319         27 0.0000e+00
      21048    876.938    391.000     3.7721   3.239130     3.7759   3.239775      34.36     0.0165     2.8462     2.5171  33.560440  3.6939547   48.09998  -46.31378    34.8375    34.8412     3.7448     3.7485    27.6834    27.6859    6.55091    6.58869         23 0.0000e+00
      21068    877.776    392.000     3.8521   3.247377     3.8509   3.247643      79.18     0.0193     2.8442     2.5152  33.553066  3.7006266   48.09998  -46.31377    34.8502    34.8534     3.8245     3.8233    27.6853    27.6880    6.53489    6.56139         18 0.0000e+00
      21086    878.561    393.000     3.8854   3.250828     3.8866   3.251059      78.33     0.0200     2.8419     2.5126  33.547993  3.7032926   48.09998  -46.31376    34.8555    34.8569     3.8576     3.8588    27.6861    27.6871    6.52990    6.55549         20 0.0000e+00
      21108    879.471    394.000     3.8934   3.251729     3.8933   3.251699      63.49     0.0196     2.8408     2.5118  33.536205  3.7328210   48.09998  -46.31376    34.8571    34.8569     3.8655     3.8654    27.6866    27.6864    6.53768    6.56927         25 0.0000e+00
      21142    880.880    395.000     3.8952   3.251950     3.8943   3.251840      84.81     0.0200     2.8410     2.5115  33.520000  3.7863944   48.09998  -46.31376    34.8573    34.8570     3.8672     3.8663    27.6866    27.6864    6.55687    6.57405         41 0.0000e+00
      21177    882.320    396.000     3.8972   3.252185     3.8962   3.252061      86.35     0.0141     2.8422     2.5114  33.563164  3.8519323   48.09998  -46.31376    34.8575    34.8570     3.8691     3.8682    27.6865    27.6862    6.55781    6.57739         24 0.0000e+00
      21196    883.107    397.000     3.8969   3.252207     3.8980   3.252280      27.84     0.0166     2.8430     2.5118  33.560440  3.8463304   48.09998  -46.31376    34.8575    34.8574     3.8688     3.8699    27.6865    27.6864    6.55533    6.57941         17 0.0000e+00
      21211    883.743    398.000     3.8927   3.251811     3.8920   3.251595      97.91     0.0164     2.8420     2.5117  33.560440  3.8510692   48.09998  -46.31376    34.8567    34.8549     3.8645     3.8638    27.6864    27.6850    6.55054    6.57698         15 0.0000e+00
      21226    884.372    399.000     3.8713   3.249732     3.8719   3.249679      98.63     0.0188     2.8422     2.5117  33.560440  3.8516290   48.09998  -46.31376    34.8542    34.8529     3.8431     3.8437    27.6866    27.6855    6.55326    6.57656         16 0.0000e+00
      21245    885.181    400.000     3.8618   3.248802     3.8609   3.248638      84.36     0.0181     2.8415     2.5108  33.562595  3.8535559   48.09996  -46.31376    34.8527    34.8516     3.8335     3.8327    27.6863    27.6856    6.55274    6.57634         25 0.0000e+00
      21287    886.897    401.000     3.8569   3.248317     3.8572   3.248306      75.04     0.0158     2.8400     2.5100  33.577770  3.8585296   48.09996  -46.31376    34.8515    34.8511     3.8286     3.8289    27.6859    27.6855    6.54979    6.57910         48 0.0000e+00
      21319    888.258    402.000     3.8588   3.248562     3.8586   3.248500      93.36     0.0191     2.8401     2.5102  33.590919  3.8408678   48.09996  -46.31376    34.8519    34.8513     3.8305     3.8302    27.6860    27.6856    6.55922    6.58796         21 0.0000e+00
      21337    888.987    403.000     3.8628   3.248999     3.8599   3.248705      12.19     0.0212     2.8394     2.5103  33.589737  3.8406513   48.09996  -46.31376    34.8522    34.8519     3.8344     3.8315    27.6859    27.6859    6.55787    6.58287         16 0.0000e+00
      21352    889.610    404.000     3.8712   3.249918     3.8682   3.249636      98.87     0.0181     2.8403     2.5102  33.589745  3.8414512   48.09996  -46.31376    34.8538    34.8536     3.8426     3.8397    27.6863    27.6864    6.55820    6.57099         14 0.0000e+00
      21367    890.229    405.000     3.8706   3.249921     3.8741   3.250257      98.63     0.0192     2.8395     2.5090  33.589745  3.8400488   48.09996  -46.31376    34.8539    34.8543     3.8420     3.8454    27.6865    27.6864    6.54841    6.55835         16 0.0000e+00
