data/CTD/2014/CNV/d017a031.cnv
* Sea-Bird SBE 9 Data File:
* FileName = C:\CTD_ACQUISITION\2014017HUD\ctddata\017A031.hdr
* Software Version Seasave V 7.22.2
* Temperature SN = 5081
* Conductivity SN = 3561
* Number of Bytes Per Scan = 37
* Number of Voltage Words = 4
* Number of Scans Averaged by the Deck Unit = 1
* NMEA Latitude = 48 42.12 N
* NMEA Longitude = 045 35.33 W
* NMEA UTC (Time) = Jul 07 2014 07:43:15
* NMEA baud rate = 9600
** Ship: Hudson
** Cruise: HUD2014017
** Chief_Scientist: Blair Greenan
** Organization: BIO
** Area_of_Operation: Sackville Spur
** Station: 031
** Sounding:  1094
** Event_Comments: SS_23, 403182
# nquan = 25
# nvalues = 1117                        
# units = specified
# name 0 = scan: Scan Count
# name 1 = timeS: Time, Elapsed [seconds]
# name 2 = prDM: Pressure, Digiquartz [db]
# name 3 = t068C: Temperature [ITS-68, deg C]
# name 4 = c0S/m: Conductivity [S/m]
# name 5 = t168C: Temperature, 2 [ITS-68, deg C]
# name 6 = c1S/m: Conductivity, 2 [S/m]
# name 7 = altM: Altimeter [m]
# name 8 = flC: Fluorescence, Chelsea Aqua 3 Chl Con [ug/l]
# name 9 = sbeox0V: Oxygen raw, SBE 43 [V]
# name 10 = sbeox1V: Oxygen raw, SBE 43, 2 [V]
# name 11 = upoly0: Upoly 0, Optode 4330F - O2 D-Phase
# name 12 = upoly1: Upoly 1, Optode 4330F - O2 Temp
# name 13 = latitude: Latitude [deg]
# name 14 = longitude: Longitude [deg]
# name 15 = sal00: Salinity, Practical [PSU]
# name 16 = sal11: Salinity, Practical, 2 [PSU]
# name 17 = potemp068C: Potential Temperature [ITS-68, deg C]
# name 18 = potemp168C: Potential Temperature, 2 [ITS-68, deg C]
# name 19 = sigma-é00: Density [sigma-theta, Kg/m^3]
# name 20 = sigma-é11: Density, 2 [sigma-theta, Kg/m^3]
# name 21 = sbeox0ML/L: Oxygen, SBE 43 [ml/l], WS = 2
# name 22 = sbeox1ML/L: Oxygen, SBE 43, 2 [ml/l], WS = 2
# name 23 = nbin: number of scans per bin
# name 24 = flag: flag
# span 0 =       3995,      34816       
# span 1 =    166.421,   1450.618       
# span 2 =      2.000,   1118.000       
# span 3 =    -0.2630,     8.3991       
# span 4 =   2.779106,   3.549120       
# span 5 =    -0.2631,     8.4121       
# span 6 =   2.778956,   3.551260       
# span 7 =       1.41,     108.51       
# span 8 =     0.0019,     1.7303       
# span 9 =     2.5391,     3.5837       
# span 10 =     2.2450,     3.0690      
# span 11 =  29.897392,  34.566441      
# span 12 =  0.3208145,  8.9536934      
# span 13 =   48.70224,   48.70342      
# span 14 =  -45.58901,  -45.58768      
# span 15 =    33.4367,    34.9095      
# span 16 =    33.4299,    34.9089      
# span 17 =    -0.2639,     8.3981      
# span 18 =    -0.2639,     8.4112      
# span 19 =    26.3000,    27.7558      
# span 20 =    26.2990,    27.7553      
# span 21 =    6.29304,    8.55008      
# span 22 =    6.28712,    8.47222      
# span 23 =         12,         86      
# span 24 = 0.0000e+00, 0.0000e+00      
# interval = decibars: 1                
# start_time = Jul 07 2014 07:43:15 [NMEA time, header]
# bad_flag = -9.990e-29
*END*
[from data line 406]
      16223    675.933    408.000     3.6777   3.231682     3.6779   3.231676      85.70     0.0204     2.8659     2.5322  33.501831  3.5101399   48.70275  -45.58834    34.8399    34.8395     3.6494     3.6497    27.6948    27.6945    6.66616    6.69323         15 0.0000e+00
      16237    676.504    409.000     3.6791   3.231880     3.6788   3.231812      98.74     0.0204     2.8671     2.5323  33.502964  3.5555494   48.70276  -45.58834    34.8401    34.8396     3.6508     3.6505    27.6949    27.6945    6.66092    6.69120         13 0.0000e+00
      16250    677.036    410.000     3.6791   3.231931     3.6786   3.231833      98.65     0.0172     2.8652     2.5318  33.502956  3.6341467   48.70274  -45.58836    34.8402    34.8396     3.6507     3.6503    27.6950    27.6945    6.66213    6.68985         13 0.0000e+00
      16263    677.583    411.000     3.6783   3.231883     3.6783   3.231842      98.65     0.0156     2.8652     2.5318  33.501873  3.6725323   48.70274  -45.58836    34.8400    34.8395     3.6498     3.6498    27.6949    27.6945    6.67143    6.68824         14 0.0000e+00
      16279    678.248    412.000     3.6740   3.231493     3.6740   3.231426      98.65     0.0144     2.8665     2.5310  33.501831  3.6725488   48.70276  -45.58836    34.8394    34.8386     3.6455     3.6455    27.6948    27.6942    6.67850    6.68798         19 0.0000e+00
      16332    680.475    413.000     3.6746   3.231593     3.6752   3.231624      70.32     0.0185     2.8666     2.5309  33.501831  3.6657984   48.70275  -45.58836    34.8394    34.8391     3.6460     3.6466    27.6948    27.6945    6.67532    6.69726         69 0.0000e+00
      16383    682.599    414.000     3.6714   3.231329     3.6725   3.231359      41.70     0.0156     2.8667     2.5314  33.501831  3.6665804   48.70274  -45.58836    34.8391    34.8382     3.6428     3.6439    27.6949    27.6941    6.67887    6.69743         21 0.0000e+00
      16399    683.252    415.000     3.6649   3.230732     3.6646   3.230625       4.40     0.0143     2.8670     2.5311  33.501831  3.6766286   48.70274  -45.58836    34.8384    34.8374     3.6362     3.6376    27.6950    27.6942    6.67730    6.69649         15 0.0000e+00
      16413    683.815    416.000     3.6626   3.230562     3.6624   3.230489       4.49     0.0127     2.8666     2.5308  33.501831  3.6805193   48.70274  -45.58836    34.8382    34.8375     3.6339     3.6336    27.6951    27.6946    6.67388    6.69752         12 0.0000e+00
      16425    684.320    417.000     3.6619   3.230543     3.6615   3.230448      83.93     0.0129     2.8671     2.5310  33.501831  3.6788518   48.70274  -45.58836    34.8382    34.8374     3.6331     3.6327    27.6951    27.6946    6.67998    6.69506         12 0.0000e+00
      16437    684.815    418.000     3.6608   3.230471     3.6597   3.230300      98.72     0.0150     2.8661     2.5306  33.501831  3.6747856   48.70275  -45.58836    34.8380    34.8371     3.6319     3.6329    27.6951    27.6945    6.68307    6.69233         12 0.0000e+00
      16449    685.347    419.000     3.6578   3.230214     3.6566   3.230015      98.65     0.0136     2.8671     2.5300  33.501831  3.6643629   48.70276  -45.58836    34.8375    34.8364     3.6289     3.6277    27.6950    27.6943    6.68710    6.69179         14 0.0000e+00
      16475    686.398    420.000     3.6542   3.229887     3.6540   3.229803      68.24     0.0148     2.8671     2.5299  33.504471  3.6617594   48.70276  -45.58836    34.8370    34.8361     3.6252     3.6259    27.6949    27.6943    6.68511    6.70231         45 0.0000e+00
      16542    689.226    421.000     3.6551   3.230004     3.6582   3.230256     108.51     0.0155     2.8664     2.5310  33.507412  3.6526878   48.70276  -45.58836    34.8369    34.8365     3.6260     3.6288    27.6948    27.6942    6.67832    6.71113         46 0.0000e+00
      16562    690.035    422.000     3.6520   3.229776     3.6527   3.229786      98.65     0.0184     2.8653     2.5313  33.501778  3.6544566   48.70276  -45.58838    34.8369    34.8362     3.6229     3.6236    27.6951    27.6945    6.68229    6.71142         18 0.0000e+00
      16577    690.681    423.000     3.6512   3.229754     3.6509   3.229684      98.65     0.0200     2.8667     2.5312  33.502869  3.6551480   48.70277  -45.58836    34.8370    34.8364     3.6219     3.6217    27.6953    27.6948    6.68957    6.71016         14 0.0000e+00
      16591    691.245    424.000     3.6511   3.229790     3.6509   3.229716      81.05     0.0221     2.8657     2.5315  33.501839  3.6641467   48.70278  -45.58834    34.8370    34.8363     3.6218     3.6216    27.6953    27.6948    6.68301    6.70987         13 0.0000e+00
      16604    691.793    425.000     3.6499   3.229722     3.6496   3.229623       2.34     0.0217     2.8652     2.5313  33.501831  3.6634707   48.70278  -45.58834    34.8368    34.8360     3.6205     3.6202    27.6953    27.6947    6.68288    6.70298         13 0.0000e+00
      16619    692.415    426.000     3.6481   3.229584     3.6478   3.229480      67.03     0.0189     2.8659     2.5304  33.501831  3.6641984   48.70278  -45.58834    34.8366    34.8357     3.6187     3.6200    27.6953    27.6946    6.68764    6.69371         18 0.0000e+00
      16652    693.787    427.000     3.6442   3.229238     3.6439   3.229156      69.79     0.0161     2.8652     2.5286  33.501831  3.6508303   48.70278  -45.58834    34.8361    34.8354     3.6147     3.6151    27.6953    27.6947    6.68365    6.69677         55 0.0000e+00
      16702    695.894    428.000     3.6436   3.229233     3.6433   3.229152      97.51     0.0185     2.8642     2.5286  33.501831  3.6496141   48.70278  -45.58834    34.8361    34.8354     3.6140     3.6137    27.6954    27.6948    6.67808    6.71496         30 0.0000e+00
      16723    696.747    429.000     3.6435   3.229280     3.6432   3.229191       8.69     0.0207     2.8638     2.5290  33.502659  3.6517823   48.70278  -45.58834    34.8362    34.8355     3.6139     3.6135    27.6955    27.6950    6.68253    6.70382         18 0.0000e+00
      16738    697.395    430.000     3.6451   3.229498     3.6446   3.229417      90.90     0.0199     2.8633     2.5283  33.501831  3.6544514   48.70278  -45.58834    34.8365    34.8361     3.6154     3.6168    27.6956    27.6953    6.68624    6.69472         14 0.0000e+00
      16752    697.975    431.000     3.6471   3.229735     3.6472   3.229722      98.60     0.0226     2.8637     2.5273  33.501831  3.6544566   48.70278  -45.58834    34.8368    34.8365     3.6173     3.6174    27.6956    27.6954    6.68688    6.69337         14 0.0000e+00
      16767    698.564    432.000     3.6485   3.229923     3.6490   3.229955      71.88     0.0228     2.8637     2.5272  33.501831  3.6544566   48.70278  -45.58834    34.8371    34.8368     3.6186     3.6192    27.6957    27.6954    6.68308    6.69787         15 0.0000e+00
      16783    699.261    433.000     3.6560   3.230729     3.6557   3.230677      64.00     0.0165     2.8632     2.5268  33.501831  3.6485524   48.70278  -45.58834    34.8381    34.8378     3.6260     3.6257    27.6958    27.6956    6.67557    6.69771         19 0.0000e+00
      16814    700.527    434.000     3.6592   3.231097     3.6595   3.231085      73.38     0.0121     2.8621     2.5263  33.496502  3.6480343   48.70278  -45.58834    34.8386    34.8381     3.6291     3.6294    27.6958    27.6954    6.67758    6.69620         44 0.0000e+00
      16857    702.333    435.000     3.6598   3.231207     3.6601   3.231191      99.89     0.0133     2.8618     2.5256  33.486725  3.6474524   48.70278  -45.58834    34.8387    34.8382     3.6297     3.6300    27.6959    27.6954    6.67897    6.70156         35 0.0000e+00
      16884    703.460    436.000     3.6632   3.231648     3.6633   3.231636      98.65     0.0150     2.8614     2.5264  33.487179  3.6545899   48.70278  -45.58834    34.8395    34.8396     3.6330     3.6331    27.6962    27.6962    6.67732    6.70532         22 0.0000e+00
      16904    704.276    437.000     3.6740   3.232775     3.6735   3.232705      93.23     0.0145     2.8606     2.5261  33.487179  3.6544566   48.70278  -45.58834    34.8413    34.8410     3.6437     3.6432    27.6965    27.6963    6.67194    6.70163         18 0.0000e+00
      16922    705.030    438.000     3.6769   3.233112     3.6765   3.233040      78.33     0.0124     2.8606     2.5266  33.496239  3.6544566   48.70278  -45.58834    34.8417    34.8412     3.6465     3.6461    27.6966    27.6963    6.67255    6.70693         18 0.0000e+00
      16940    705.804    439.000     3.6774   3.233227     3.6771   3.233150      98.42     0.0144     2.8599     2.5267  33.501045  3.6544566   48.70278  -45.58834    34.8420    34.8414     3.6469     3.6466    27.6968    27.6963    6.67396    6.70606         20 0.0000e+00
      16961    706.668    440.000     3.6756   3.233147     3.6751   3.233045      98.65     0.0168     2.8601     2.5269  33.501816  3.6566269   48.70278  -45.58835    34.8424    34.8417     3.6450     3.6445    27.6973    27.6968    6.67684    6.70294         22 0.0000e+00
      16985    707.660    441.000     3.6745   3.233091     3.6735   3.232937      98.65     0.0176     2.8596     2.5265  33.501831  3.6641726   48.70278  -45.58836    34.8424    34.8416     3.6439     3.6429    27.6974    27.6968    6.67678    6.70097         25 0.0000e+00
      17010    708.689    442.000     3.6747   3.233146     3.6741   3.233049      98.65     0.0195     2.8596     2.5260  33.498775  3.6642246   48.70278  -45.58836    34.8423    34.8418     3.6440     3.6434    27.6973    27.6970    6.67974    6.69383         24 0.0000e+00
      17035    709.747    443.000     3.6740   3.233116     3.6742   3.233085      98.65     0.0201     2.8597     2.5247  33.487431  3.6642246   48.70278  -45.58836    34.8422    34.8416     3.6432     3.6434    27.6973    27.6968    6.67765    6.68992         28 0.0000e+00
      17066    711.025    444.000     3.6702   3.232796     3.6698   3.232695      83.35     0.0216     2.8591     2.5241  33.495907  3.6642246   48.70278  -45.58835    34.8418    34.8410     3.6394     3.6390    27.6974    27.6968    6.67663    6.69821         32 0.0000e+00
      17094    712.209    445.000     3.6685   3.232681     3.6681   3.232603      98.93     0.0230     2.8586     2.5237  33.501942  3.6642246   48.70278  -45.58834    34.8417    34.8412     3.6376     3.6373    27.6975    27.6971    6.67750    6.69562         24 0.0000e+00
      17116    713.128    446.000     3.6726   3.233165     3.6722   3.233098      98.65     0.0194     2.8583     2.5235  33.494133  3.6642246   48.70280  -45.58834    34.8426    34.8422     3.6416     3.6412    27.6978    27.6975    6.67420    6.69324         21 0.0000e+00
      17136    713.964    447.000     3.6749   3.233447     3.6746   3.233365      98.65     0.0182     2.8582     2.5227  33.488743  3.6642246   48.70280  -45.58834    34.8430    34.8423     3.6438     3.6436    27.6979    27.6974    6.67665    6.68899         20 0.0000e+00
      17157    714.839    448.000     3.6742   3.233443     3.6741   3.233382      98.65     0.0166     2.8577     2.5221  33.495060  3.6642246   48.70280  -45.58834    34.8431    34.8425     3.6431     3.6430    27.6981    27.6975    6.66666    6.68693         22 0.0000e+00
      17181    715.821    449.000     3.6728   3.233352     3.6730   3.233309      98.64     0.0162     2.8561     2.5215  33.501747  3.6642246   48.70279  -45.58835    34.8430    34.8423     3.6416     3.6418    27.6981    27.6975    6.67089    6.69339         25 0.0000e+00
      17207    716.908    450.000     3.6721   3.233316     3.6718   3.233241      83.31     0.0147     2.8561     2.5216  33.501831  3.6642246   48.70278  -45.58836    34.8428    34.8422     3.6408     3.6406    27.6980    27.6976    6.67132    6.70062         27 0.0000e+00
      17233    717.996    451.000     3.6721   3.233364     3.6718   3.233284      90.34     0.0168     2.8558     2.5222  33.501831  3.6642246   48.70278  -45.58836    34.8428    34.8422     3.6408     3.6404    27.6981    27.6976    6.67846    6.70552         24 0.0000e+00
      17256    718.948    452.000     3.6721   3.233404     3.6717   3.233328      98.75     0.0198     2.8560     2.5227  33.501831  3.6642246   48.70278  -45.58836    34.8428    34.8422     3.6407     3.6403    27.6981    27.6976    6.67987    6.70226         22 0.0000e+00
      17276    719.805    453.000     3.6721   3.233449     3.6718   3.233376      98.65     0.0176     2.8561     2.5223  33.499653  3.6642246   48.70278  -45.58836    34.8428    34.8423     3.6406     3.6403    27.6981    27.6977    6.68429    6.70195         20 0.0000e+00
      17297    720.646    454.000     3.6719   3.233485     3.6715   3.233399      98.65     0.0158     2.8567     2.5227  33.499634  3.6642246   48.70278  -45.58835    34.8429    34.8423     3.6403     3.6400    27.6981    27.6977    6.68656    6.70261         20 0.0000e+00
      17317    721.515    455.000     3.6710   3.233443     3.6707   3.233366      98.65     0.0134     2.8570     2.5221  33.492558  3.6642246   48.70278  -45.58834    34.8428    34.8422     3.6394     3.6391    27.6982    27.6977    6.68357    6.69758         22 0.0000e+00
      17339    722.409    456.000     3.6702   3.233403     3.6700   3.233339      98.66     0.0130     2.8566     2.5218  33.490685  3.6642246   48.70278  -45.58834    34.8426    34.8421     3.6385     3.6383    27.6981    27.6977    6.68071    6.70052         21 0.0000e+00
      17360    723.296    457.000     3.6690   3.233351     3.6690   3.233284      74.76     0.0146     2.8564     2.5217  33.501190  3.6642246   48.70278  -45.58834    34.8427    34.8420     3.6373     3.6372    27.6983    27.6977    6.68481    6.69917         21 0.0000e+00
      17382    724.214    458.000     3.6673   3.233234     3.6672   3.233168      86.17     0.0122     2.8568     2.5208  33.501820  3.6642246   48.70280  -45.58834    34.8426    34.8420     3.6355     3.6353    27.6984    27.6979    6.68483    6.68842         24 0.0000e+00
      17411    725.401    459.000     3.6667   3.233224     3.6665   3.233155      68.81     0.0190     2.8553     2.5199  33.501831  3.6642246   48.70279  -45.58834    34.8426    34.8420     3.6348     3.6346    27.6985    27.6980    6.67177    6.69891         35 0.0000e+00
      17449    727.013    460.000     3.6661   3.233212     3.6657   3.233124     100.21     0.0191     2.8552     2.5208  33.501831  3.6642246   48.70281  -45.58832    34.8426    34.8420     3.6341     3.6337    27.6985    27.6981    6.68565    6.71409         36 0.0000e+00
      17479    728.230    461.000     3.6655   3.233212     3.6651   3.233115      98.65     0.0119     2.8547     2.5217  33.501831  3.6642246   48.70280  -45.58834    34.8427    34.8420     3.6334     3.6330    27.6987    27.6982    6.68231    6.71043         24 0.0000e+00
      17499    729.085    462.000     3.6651   3.233220     3.6649   3.233145      91.62     0.0176     2.8546     2.5217  33.501831  3.6642246   48.70280  -45.58834    34.8426    34.8420     3.6330     3.6328    27.6987    27.6982    6.68083    6.70653         19 0.0000e+00
      17517    729.829    463.000     3.6648   3.233237     3.6642   3.233127      66.90     0.0244     2.8545     2.5214  33.501831  3.6642246   48.70280  -45.58834    34.8426    34.8420     3.6326     3.6320    27.6987    27.6983    6.68050    6.70275         17 0.0000e+00
      17534    730.558    464.000     3.6636   3.233173     3.6631   3.233081      91.94     0.0229     2.8542     2.5209  33.501831  3.6642246   48.70280  -45.58834    34.8427    34.8421     3.6313     3.6308    27.6989    27.6984    6.67961    6.70006         18 0.0000e+00
