data/CTD/2014/CNV/d017a002.cnv
* Sea-Bird SBE 9 Data File:
* FileName = C:\CTD_ACQUISITION\2014017HUD\ctddata\017A002.hdr
* Software Version Seasave V 7.22.2
* Temperature SN = 5081
* Conductivity SN = 3561
* Number of Bytes Per Scan = 37
* Number of Voltage Words = 4
* Number of Scans Averaged by the Deck Unit = 1
* NMEA Latitude = 52 39.92 N
* NMEA Longitude = 052 06.18 W
* NMEA UTC (Time) = Jul 03 2014 10:10:16
* NMEA baud rate = 9600
** Ship: Hudson
** Cruise: HUD2014017
** Chief_Scientist: Blair Greenan
** Organization: BIO
** Area_of_Operation: Sackville Spur
** Station: 002
** Sounding:  298
** Event_Comments: C1 403001
# nquan = 25
# nvalues = 295                         
# units = specified
# name 0 = scan: Scan Count
# name 1 = timeS: Time, Elapsed [seconds]
# name 2 = prDM: Pressure, Digiquartz [db]
# name 3 = t068C: Temperature [ITS-68, deg C]
# name 4 = c0S/m: Conductivity [S/m]
# name 5 = t168C: Temperature, 2 [ITS-68, deg C]
# name 6 = c1S/m: Conductivity, 2 [S/m]
# name 7 = altM: Altimeter [m]
# name 8 = flC: Fluorescence, Chelsea Aqua 3 Chl Con [ug/l]
# name 9 = sbeox0V: Oxygen raw, SBE 43 [V]
# name 10 = sbeox1V: Oxygen raw, SBE 43, 2 [V]
# name 11 = upoly0: Upoly 0, Optode 4330F - O2 D-Phase
# name 12 = upoly1: Upoly 1, Optode 4330F - O2 Temp
# name 13 = latitude: Latitude [deg]
# name 14 = longitude: Longitude [deg]
# name 15 = sal00: Salinity, Practical [PSU]
# name 16 = sal11: Salinity, Practical, 2 [PSU]
# name 17 = potemp068C: Potential Temperature [ITS-68, deg C]
# name 18 = potemp168C: Potential Temperature, 2 [ITS-68, deg C]
# name 19 = sigma-é00: Density [sigma-theta, Kg/m^3]
# name 20 = sigma-é11: Density, 2 [sigma-theta, Kg/m^3]
# name 21 = sbeox0ML/L: Oxygen, SBE 43 [ml/l], WS = 2
# name 22 = sbeox1ML/L: Oxygen, SBE 43, 2 [ml/l], WS = 2
# name 23 = nbin: number of scans per bin
# name 24 = flag: flag
# span 0 =       9069,      23217       
# span 1 =    377.839,    967.347       
# span 2 =      1.000,    295.000       
# span 3 =    -1.4569,     5.4393       
# span 4 =   2.639696,   3.134374       
# span 5 =    -1.4570,     5.4413       
# span 6 =   2.639337,   3.134150       
# span 7 =       1.59,     103.25       
# span 8 =     0.0154,     0.4380       
# span 9 =     2.8932,     3.7654       
# span 10 =     2.5526,     3.2570      
# span 11 =  23.838688,  30.914728      
# span 12 = -0.4329100,  5.9145842      
# span 13 =   52.66500,   52.66550      
# span 14 =  -52.10162,  -52.10056      
# span 15 =    31.9044,    34.5919      
# span 16 =    31.9006,    34.5893      
# span 17 =    -1.4576,     5.4388      
# span 18 =    -1.4578,     5.4409      
# span 19 =    25.1742,    27.5731      
# span 20 =    25.1713,    27.5710      
# span 21 =    6.79737,    9.95377      
# span 22 =    6.82294,   10.01900      
# span 23 =         16,         92      
# span 24 = 0.0000e+00, 0.0000e+00      
# interval = decibars: 1                
# start_time = Jul 03 2014 10:10:16 [NMEA time, header]
# bad_flag = -9.990e-29
*END*
[from data line 174]
      16956    706.446    175.000     1.1985   2.951951     1.2063   2.953009      98.83     0.0256     2.9446     2.6054  30.902124  0.1943599   52.66524  -52.10092    34.1845    34.1895     1.1904     1.1983    27.3771    27.3806    7.16754    7.23277         26 0.0000e+00
      16977    707.328    176.000     1.2811   2.960543     1.2805   2.960411      98.63     0.0230     2.9444     2.6046  30.908390  0.2155281   52.66524  -52.10092    34.2035    34.2025     1.2729     1.2723    27.3868    27.3860    7.15915    7.22091         21 0.0000e+00
      17000    708.294    177.000     1.2915   2.961736     1.2908   2.961548      98.63     0.0218     2.9445     2.6044  30.908424  0.2194258   52.66524  -52.10092    34.2069    34.2053     1.2832     1.2825    27.3888    27.3876    7.15618    7.22354         26 0.0000e+00
      17043    710.070    178.000     1.3011   2.962793     1.3009   2.962630      77.27     0.0225     2.9438     2.6033  30.903662  0.2435475   52.66522  -52.10091    34.2093    34.2075     1.2928     1.2926    27.3901    27.3886    7.15450    7.21524         67 0.0000e+00
      17108    712.801    179.000     1.3068   2.963453     1.3066   2.963295      82.97     0.0234     2.9446     2.6039  30.895777  0.2826277   52.66521  -52.10090    34.2109    34.2091     1.2984     1.2982    27.3910    27.3895    7.15813    7.22357         49 0.0000e+00
      17156    714.812    180.000     1.3362   2.966606     1.3357   2.966433      90.24     0.0195     2.9440     2.6023  30.895041  0.3106742   52.66520  -52.10090    34.2185    34.2168     1.3277     1.3272    27.3950    27.3937    7.14380    7.19951         62 0.0000e+00
      17219    717.409    181.000     1.3588   2.968956     1.3603   2.969019      78.56     0.0213     2.9417     2.5998  30.893654  0.3495388   52.66520  -52.10090    34.2232    34.2223     1.3502     1.3517    27.3973    27.3965    7.13192    7.19237         44 0.0000e+00
      17248    718.632    182.000     1.4115   2.974577     1.4110   2.974446      67.29     0.0219     2.9422     2.6001  30.893772  0.3658533   52.66520  -52.10089    34.2367    34.2356     1.4028     1.4023    27.4044    27.4036    7.13686    7.19542         25 0.0000e+00
      17272    719.635    183.000     1.4303   2.976676     1.4297   2.976514      98.30     0.0201     2.9424     2.6010  30.894979  0.3819992   52.66519  -52.10088    34.2423    34.2409     1.4215     1.4209    27.4076    27.4065    7.13677    7.19747         24 0.0000e+00
      17316    721.443    184.000     1.4399   2.977723     1.4361   2.977202      73.93     0.0214     2.9437     2.6012  30.891623  0.4032411   52.66518  -52.10088    34.2446    34.2421     1.4311     1.4272    27.4088    27.4071    7.14044    7.18749         44 0.0000e+00
      17396    724.811    185.000     1.4379   2.977575     1.4372   2.977501      81.52     0.0196     2.9441     2.6024  30.870543  0.4582390   52.66518  -52.10088    34.2443    34.2441     1.4290     1.4283    27.4087    27.4086    7.15879    7.21372         20 0.0000e+00
      17414    725.523    186.000     1.4720   2.981219     1.4716   2.981107      98.67     0.0177     2.9467     2.6043  30.864456  0.4701134   52.66518  -52.10088    34.2529    34.2519     1.4630     1.4626    27.4132    27.4124    7.16657    7.21021         18 0.0000e+00
      17434    726.384    187.000     1.4883   2.983002     1.4882   2.982875      98.63     0.0161     2.9483     2.6045  30.868467  0.4750826   52.66516  -52.10088    34.2571    34.2557     1.4792     1.4791    27.4154    27.4143    7.14965    7.19270         27 0.0000e+00
      17519    729.907    188.000     1.4702   2.981145     1.4806   2.982200      79.31     0.0217     2.9453     2.6033  30.870518  0.5244699   52.66516  -52.10086    34.2527    34.2548     1.4611     1.4715    27.4132    27.4141    7.12327    7.18859         33 0.0000e+00
      17558    731.533    189.000     1.5275   2.987091     1.5262   2.987117      98.88     0.0232     2.9445     2.6026  30.864382  0.5487134   52.66516  -52.10086    34.2652    34.2670     1.5182     1.5169    27.4191    27.4206    7.12034    7.17577         19 0.0000e+00
      17578    732.392    190.000     1.5784   2.992499     1.5776   2.992373      78.50     0.0237     2.9443     2.6023  30.860716  0.5535914   52.66516  -52.10086    34.2778    34.2770     1.5690     1.5682    27.4255    27.4250    7.11244    7.15799         26 0.0000e+00
      17646    735.210    191.000     1.5834   2.993152     1.5700   2.991563      89.75     0.0261     2.9444     2.5999  30.852041  0.5889220   52.66514  -52.10086    34.2800    34.2744     1.5740     1.5606    27.4269    27.4234    7.10543    7.15415         60 0.0000e+00
      17698    737.358    192.000     1.6025   2.995186     1.5975   2.994595      98.74     0.0292     2.9436     2.6007  30.845190  0.6363327   52.66514  -52.10086    34.2844    34.2824     1.5930     1.5879    27.4291    27.4279    7.10780    7.17576         29 0.0000e+00
      17727    738.577    193.000     1.6264   2.997781     1.6260   2.997626      98.63     0.0274     2.9445     2.6022  30.854652  0.6448008   52.66514  -52.10085    34.2906    34.2891     1.6168     1.6164    27.4324    27.4312    7.11508    7.17189         32 0.0000e+00
      17764    740.111    194.000     1.6481   3.000084     1.6479   2.999922      82.71     0.0249     2.9465     2.6037  30.855911  0.6620911   52.66513  -52.10084    34.2955    34.2937     1.6384     1.6382    27.4347    27.4333    7.11779    7.16307         43 0.0000e+00
      17813    742.168    195.000     1.6567   3.000983     1.6562   3.000784      61.75     0.0275     2.9471     2.6027  30.835367  0.6928247   52.66512  -52.10084    34.2971    34.2951     1.6469     1.6464    27.4353    27.4338    7.09957    7.15004         54 0.0000e+00
      17868    744.438    196.000     1.6840   3.003879     1.6831   3.003671      87.68     0.0260     2.9448     2.6013  30.835165  0.7250515   52.66512  -52.10084    34.3034    34.3017     1.6741     1.6732    27.4384    27.4371    7.08420    7.13376         50 0.0000e+00
      17908    746.110    197.000     1.7078   3.006430     1.7068   3.006208      98.82     0.0223     2.9445     2.5996  30.835165  0.7426966   52.66512  -52.10084    34.3091    34.3075     1.6979     1.6968    27.4412    27.4400    7.08733    7.13222         33 0.0000e+00
      17938    747.373    198.000     1.7556   3.011461     1.7542   3.011194      78.69     0.0332     2.9435     2.5993  30.835165  0.7627672   52.66512  -52.10084    34.3201    34.3189     1.7455     1.7441    27.4465    27.4456    7.06856    7.12078         30 0.0000e+00
      17976    748.945    199.000     1.7773   3.013782     1.7768   3.013599      97.22     0.0247     2.9416     2.5980  30.816372  0.7800128   52.66511  -52.10084    34.3252    34.3234     1.7671     1.7666    27.4489    27.4476    7.04887    7.10294         50 0.0000e+00
      18037    751.511    200.000     1.7925   3.015378     1.7925   3.015217      82.04     0.0220     2.9376     2.5934  30.816931  0.3893581   52.66510  -52.10084    34.3282    34.3263     1.7822     1.7822    27.4502    27.4487    7.04171    7.07742         59 0.0000e+00
      18081    753.354    201.000     1.8145   3.017697     1.8140   3.017502      89.57     0.0251     2.9359     2.5915  30.807791  0.2051260   52.66510  -52.10084    34.3329    34.3310     1.8042     1.8036    27.4523    27.4509    7.03877    7.08849         38 0.0000e+00
      18120    754.940    202.000     1.8256   3.018937     1.8255   3.018764      86.71     0.0223     2.9345     2.5916  30.806244  0.8002224   52.66510  -52.10084    34.3359    34.3339     1.8152     1.8151    27.4539    27.4523    7.02706    7.08706         38 0.0000e+00
      18158    756.554    203.000     1.8296   3.019400     1.8297   3.019239      93.90     0.0175     2.9329     2.5913  30.805862  0.7873607   52.66508  -52.10082    34.3368    34.3347     1.8191     1.8192    27.4543    27.4526    7.03301    7.08545         40 0.0000e+00
      18208    758.612    204.000     1.8362   3.020118     1.8362   3.019949      98.47     0.0210     2.9326     2.5903  30.805861  0.3432046   52.66508  -52.10082    34.3381    34.3360     1.8257     1.8256    27.4548    27.4532    7.03138    7.07540         59 0.0000e+00
      18260    760.796    205.000     1.8503   3.021680     1.8501   3.021496      81.85     0.0259     2.9319     2.5894  30.797668  0.2292799   52.66508  -52.10082    34.3420    34.3398     1.8396     1.8394    27.4569    27.4552    7.03014    7.07785         41 0.0000e+00
      18294    762.207    206.000     1.8575   3.022522     1.8575   3.022357      98.84     0.0235     2.9323     2.5894  30.791121  0.2290818   52.66508  -52.10082    34.3441    34.3420     1.8468     1.8468    27.4580    27.4564    7.03619    7.07645         30 0.0000e+00
      18326    763.562    207.000     1.8701   3.023875     1.8699   3.023694      83.79     0.0228     2.9325     2.5888  30.791208  0.2368154   52.66507  -52.10082    34.3469    34.3448     1.8593     1.8591    27.4593    27.4577    7.03412    7.06572         42 0.0000e+00
      18404    766.801    208.000     1.8744   3.024404     1.8720   3.023963      75.61     0.0242     2.9333     2.5860  30.784893  0.2699768   52.66505  -52.10082    34.3481    34.3453     1.8636     1.8612    27.4599    27.4579    7.03390    7.05813         65 0.0000e+00
      18433    768.015    209.000     1.8864   3.025828     1.8869   3.025716      98.56     0.0232     2.9334     2.5865  30.776588  0.3149582   52.66506  -52.10082    34.3526    34.3506     1.8754     1.8760    27.4627    27.4610    7.03835    7.07223         22 0.0000e+00
      18456    768.939    210.000     1.8945   3.026753     1.8944   3.026596      89.61     0.0251     2.9339     2.5874  30.766029  0.2826580   52.66506  -52.10082    34.3548    34.3529     1.8835     1.8834    27.4638    27.4623    7.04275    7.08247         24 0.0000e+00
      18491    770.401    211.000     1.9024   3.027634     1.9024   3.027452      87.34     0.0263     2.9355     2.5891  30.763077  0.3231722   52.66506  -52.10082    34.3567    34.3545     1.8914     1.8913    27.4647    27.4629    7.04475    7.08186         54 0.0000e+00
      18591    774.598    212.000     1.8956   3.026963     1.8954   3.026760      71.68     0.0261     2.9340     2.5898  30.757105  0.3782281   52.66506  -52.10080    34.3551    34.3528     1.8845     1.8843    27.4640    27.4621    7.01686    7.06865         64 0.0000e+00
      18622    775.874    213.000     1.9231   3.029895     1.9223   3.029671      71.17     0.0287     2.9317     2.5891  30.745760  0.4154937   52.66506  -52.10080    34.3615    34.3596     1.9119     1.9111    27.4670    27.4656    7.01160    7.06960         26 0.0000e+00
      18646    776.876    214.000     1.9359   3.031297     1.9356   3.031128      94.65     0.0220     2.9312     2.5891  30.746668  0.3797934   52.66506  -52.10080    34.3647    34.3628     1.9246     1.9244    27.4686    27.4671    7.01594    7.06594         25 0.0000e+00
      18676    778.110    215.000     1.9491   3.032734     1.9490   3.032558      79.64     0.0233     2.9307     2.5886  30.747227  0.4204259   52.66504  -52.10080    34.3678    34.3657     1.9377     1.9376    27.4700    27.4684    7.00937    7.05990         37 0.0000e+00
      18738    780.715    216.000     1.9564   3.033529     1.9562   3.033328      74.44     0.0263     2.9299     2.5881  30.739571  0.4519092   52.66504  -52.10080    34.3693    34.3670     1.9449     1.9448    27.4707    27.4689    7.01220    7.05672         90 0.0000e+00
      18810    783.705    217.000     1.9655   3.034488     1.9653   3.034311      73.89     0.0235     2.9290     2.5866  30.717939  0.4889086   52.66504  -52.10080    34.3709    34.3688     1.9540     1.9538    27.4713    27.4696    7.00780    7.05229         39 0.0000e+00
      18837    784.825    218.000     1.9741   3.035434     1.9741   3.035276      98.47     0.0251     2.9295     2.5864  30.729023  0.4767894   52.66504  -52.10080    34.3729    34.3708     1.9625     1.9631    27.4722    27.4705    7.01579    7.05291         25 0.0000e+00
      18864    785.944    219.000     1.9828   3.036406     1.9831   3.036264      85.88     0.0238     2.9297     2.5867  30.732494  0.5189050   52.66504  -52.10080    34.3750    34.3730     1.9711     1.9714    27.4733    27.4716    7.01309    7.06108         30 0.0000e+00
      18912    787.974    220.000     1.9912   3.037323     1.9911   3.037141      85.88     0.0252     2.9304     2.5869  30.715139  0.5236243   52.66504  -52.10080    34.3768    34.3746     1.9795     1.9794    27.4740    27.4723    7.01587    7.05138         69 0.0000e+00
      18972    790.460    221.000     2.0141   3.039778     2.0139   3.039629      69.50     0.0237     2.9311     2.5863  30.709148  0.5621174   52.66503  -52.10079    34.3825    34.3805     2.0020     2.0021    27.4768    27.4752    7.01280    7.04837         44 0.0000e+00
      19013    792.148    222.000     2.0300   3.041543     2.0298   3.041349      78.68     0.0252     2.9316     2.5868  30.715393  0.5804915   52.66502  -52.10078    34.3865    34.3843     2.0181     2.0183    27.4787    27.4770    7.01021    7.04780         40 0.0000e+00
      19053    793.852    223.000     2.0330   3.041901     2.0330   3.041715      98.20     0.0264     2.9313     2.5867  30.703600  0.5914582   52.66502  -52.10078    34.3872    34.3848     2.0210     2.0210    27.4791    27.4772    7.00806    7.04718         44 0.0000e+00
      19102    795.880    224.000     2.0354   3.042189     2.0358   3.042044      75.76     0.0240     2.9323     2.5878  30.701515  0.6155537   52.66502  -52.10078    34.3876    34.3853     2.0234     2.0238    27.4792    27.4774    7.02371    7.06723         50 0.0000e+00
      19151    797.902    225.000     2.0398   3.042708     2.0397   3.042498      66.32     0.0253     2.9352     2.5918  30.691870  0.6344879   52.66502  -52.10078    34.3887    34.3863     2.0277     2.0276    27.4798    27.4778    7.03959    7.08788         53 0.0000e+00
      19211    800.403    226.000     2.0436   3.043128     2.0438   3.042977      98.92     0.0268     2.9387     2.5955  30.698374  0.6574563   52.66502  -52.10078    34.3893    34.3872     2.0314     2.0316    27.4800    27.4783    7.04223    7.09131         54 0.0000e+00
      19250    802.059    227.000     2.0705   3.045994     2.0696   3.045766      62.04     0.0218     2.9398     2.5976  30.689455  0.6933210   52.66502  -52.10078    34.3954    34.3936     2.0583     2.0573    27.4827    27.4813    7.03605    7.09440         33 0.0000e+00
      19283    803.431    228.000     2.0923   3.048355     2.0917   3.048162      69.98     0.0235     2.9409     2.5993  30.688662  0.6938945   52.66502  -52.10078    34.4008    34.3990     2.0799     2.0794    27.4853    27.4839    7.03813    7.09295         35 0.0000e+00
      19324    805.123    229.000     2.1189   3.051211     2.1183   3.050999      72.78     0.0213     2.9424     2.5998  30.678316  0.7052585   52.66502  -52.10078    34.4070    34.4050     2.1065     2.1059    27.4882    27.4866    7.03450    7.07875         47 0.0000e+00
      19382    807.558    230.000     2.1414   3.053607     2.1412   3.053401      79.28     0.0206     2.9428     2.5999  30.676607  0.7263811   52.66502  -52.10078    34.4120    34.4098     2.1289     2.1286    27.4904    27.4886    7.02929    7.07769         67 0.0000e+00
      19434    809.714    231.000     2.1666   3.056292     2.1664   3.056123      85.67     0.0204     2.9432     2.6000  30.673853  0.7583364   52.66502  -52.10078    34.4177    34.4159     2.1539     2.1537    27.4930    27.4915    7.02510    7.06576         32 0.0000e+00
