data/CTD/2014/CNV/d017a030.cnv
* Sea-Bird SBE 9 Data File:
* FileName = C:\CTD_ACQUISITION\2014017HUD\ctddata\017A030.hdr
* Software Version Seasave V 7.22.2
* Temperature SN = 5081
* Conductivity SN = 3561
* Number of Bytes Per Scan = 37
* Number of Voltage Words = 4
* Number of Scans Averaged by the Deck Unit = 1
* NMEA Latitude = 48 45.33 N
* NMEA Longitude = 045 38.35 W
* NMEA UTC (Time) = Jul 07 2014 06:14:51
* NMEA baud rate = 9600
** Ship: Hudson
** Cruise: HUD2014017
** Chief_Scientist: Blair Greenan
** Organization: BIO
** Area_of_Operation: Sackville Spur
** Station: 030
** Sounding:  1323
** Event_Comments: SS_24, 403179
# nquan = 25
# nvalues = 1363                        
# units = specified
# name 0 = scan: Scan Count
# name 1 = timeS: Time, Elapsed [seconds]
# name 2 = prDM: Pressure, Digiquartz [db]
# name 3 = t068C: Temperature [ITS-68, deg C]
# name 4 = c0S/m: Conductivity [S/m]
# name 5 = t168C: Temperature, 2 [ITS-68, deg C]
# name 6 = c1S/m: Conductivity, 2 [S/m]
# name 7 = altM: Altimeter [m]
# name 8 = flC: Fluorescence, Chelsea Aqua 3 Chl Con [ug/l]
# name 9 = sbeox0V: Oxygen raw, SBE 43 [V]
# name 10 = sbeox1V: Oxygen raw, SBE 43, 2 [V]
# name 11 = upoly0: Upoly 0, Optode 4330F - O2 D-Phase
# name 12 = upoly1: Upoly 1, Optode 4330F - O2 Temp
# name 13 = latitude: Latitude [deg]
# name 14 = longitude: Longitude [deg]
# name 15 = sal00: Salinity, Practical [PSU]
# name 16 = sal11: Salinity, Practical, 2 [PSU]
# name 17 = potemp068C: Potential Temperature [ITS-68, deg C]
# name 18 = potemp168C: Potential Temperature, 2 [ITS-68, deg C]
# name 19 = sigma-é00: Density [sigma-theta, Kg/m^3]
# name 20 = sigma-é11: Density, 2 [sigma-theta, Kg/m^3]
# name 21 = sbeox0ML/L: Oxygen, SBE 43 [ml/l], WS = 2
# name 22 = sbeox1ML/L: Oxygen, SBE 43, 2 [ml/l], WS = 2
# name 23 = nbin: number of scans per bin
# name 24 = flag: flag
# span 0 =       5110,      41068       
# span 1 =    212.870,   1711.113       
# span 2 =      2.000,   1364.000       
# span 3 =     1.8588,     8.7101       
# span 4 =   3.006964,   3.583927       
# span 5 =     1.8576,     8.7084       
# span 6 =   3.006751,   3.584708       
# span 7 =       2.40,     110.17       
# span 8 =     0.0070,     0.3314       
# span 9 =     2.4643,     3.5103       
# span 10 =     2.1792,     3.0053      
# span 11 =  30.190283,  34.792236      
# span 12 =  2.0329525,  8.7533579      
# span 13 =   48.75605,   48.75832      
# span 14 =  -45.63902,  -45.63728      
# span 15 =    33.7656,    34.9159      
# span 16 =    33.7645,    34.9154      
# span 17 =     1.8560,     8.7079      
# span 18 =     1.8548,     8.7063      
# span 19 =    26.2016,    27.7721      
# span 20 =    26.2008,    27.7716      
# span 21 =    6.26176,    7.85728      
# span 22 =    6.25071,    7.82558      
# span 23 =         10,        107      
# span 24 = 0.0000e+00, 0.0000e+00      
# interval = decibars: 1                
# start_time = Jul 07 2014 06:14:51 [NMEA time, header]
# bad_flag = -9.990e-29
*END*
[from data line 580]
      21845    910.152    582.000     3.7186   3.244675     3.7183   3.244594      93.47     0.0146     2.8008     2.4747  33.580383  3.7113006   48.75762  -45.63792    34.8587    34.8581     3.6773     3.6770    27.7070    27.7065    6.61876    6.63172         26 0.0000e+00
      21919    913.232    583.000     3.7182   3.244685     3.7185   3.244649      93.71     0.0204     2.7995     2.4723  33.605103  3.7115412   48.75762  -45.63792    34.8587    34.8579     3.6769     3.6780    27.7070    27.7064    6.61562    6.63924         49 0.0000e+00
      21941    914.156    584.000     3.7178   3.244704     3.7173   3.244613      98.74     0.0210     2.7991     2.4732  33.606243  3.7125111   48.75762  -45.63790    34.8588    34.8582     3.6764     3.6759    27.7072    27.7067    6.61371    6.64409         17 0.0000e+00
      21956    914.793    585.000     3.7161   3.244610     3.7158   3.244510      98.64     0.0204     2.7987     2.4733  33.619492  3.7130845   48.75762  -45.63790    34.8589    34.8581     3.6747     3.6743    27.7074    27.7068    6.61316    6.63905         14 0.0000e+00
      21969    915.352    586.000     3.7117   3.244230     3.7117   3.244154      98.64     0.0183     2.7984     2.4728  33.619049  3.7130647   48.75762  -45.63790    34.8585    34.8576     3.6702     3.6702    27.7076    27.7069    6.61026    6.63500         13 0.0000e+00
      21982    915.875    587.000     3.7100   3.244109     3.7081   3.243849      98.64     0.0169     2.7972     2.4729  33.619049  3.7130647   48.75762  -45.63790    34.8584    34.8573     3.6684     3.6665    27.7077    27.7070    6.61081    6.63176         13 0.0000e+00
      21995    916.396    588.000     3.7078   3.243915     3.7073   3.243813      98.63     0.0149     2.7971     2.4719  33.619049  3.7130647   48.75762  -45.63790    34.8579    34.8572     3.6661     3.6656    27.7075    27.7070    6.61682    6.62703         13 0.0000e+00
      22008    916.972    589.000     3.7057   3.243747     3.7053   3.243643      71.03     0.0165     2.7977     2.4710  33.619049  3.7130647   48.75762  -45.63788    34.8576    34.8568     3.6640     3.6636    27.7074    27.7068    6.62201    6.62832         15 0.0000e+00
      22045    918.514    590.000     3.7048   3.243677     3.7053   3.243695      93.17     0.0177     2.7965     2.4702  33.619049  3.7116022   48.75762  -45.63788    34.8572    34.8568     3.6630     3.6635    27.7073    27.7069    6.61508    6.63114         37 0.0000e+00
      22103    920.909    591.000     3.7045   3.243725     3.7062   3.243805      98.73     0.0179     2.7954     2.4690  33.620552  3.7070971   48.75762  -45.63788    34.8575    34.8567     3.6626     3.6644    27.7075    27.7067    6.60940    6.63289         20 0.0000e+00
      22119    921.591    592.000     3.7034   3.243645     3.7030   3.243562      98.64     0.0203     2.7948     2.4689  33.620022  3.7085197   48.75762  -45.63788    34.8572    34.8567     3.6615     3.6610    27.7074    27.7070    6.61241    6.63124         15 0.0000e+00
      22134    922.212    593.000     3.7030   3.243654     3.7029   3.243582      98.64     0.0186     2.7949     2.4686  33.621990  3.7071970   48.75762  -45.63788    34.8572    34.8565     3.6610     3.6609    27.7075    27.7069    6.61551    6.62676         15 0.0000e+00
      22149    922.816    594.000     3.6998   3.243376     3.7000   3.243333      98.64     0.0178     2.7942     2.4680  33.623878  3.7065706   48.75762  -45.63787    34.8568    34.8560     3.6578     3.6579    27.7074    27.7068    6.61601    6.62630         15 0.0000e+00
      22165    923.494    595.000     3.7004   3.243495     3.7000   3.243418      98.64     0.0175     2.7944     2.4677  33.623932  3.7086396   48.75762  -45.63786    34.8570    34.8566     3.6582     3.6578    27.7076    27.7073    6.61953    6.62822         18 0.0000e+00
      22187    924.406    596.000     3.7044   3.243947     3.7036   3.243836      69.03     0.0139     2.7942     2.4670  33.628468  3.7020338   48.75762  -45.63786    34.8577    34.8572     3.6621     3.6614    27.7077    27.7074    6.61191    6.62344         26 0.0000e+00
      22216    925.614    597.000     3.7057   3.244146     3.7052   3.244052      80.38     0.0160     2.7932     2.4662  33.633316  3.6940010   48.75762  -45.63786    34.8582    34.8575     3.6633     3.6629    27.7080    27.7075    6.61056    6.62579         29 0.0000e+00
      22241    926.647    598.000     3.7054   3.244170     3.7050   3.244089      98.65     0.0137     2.7928     2.4661  33.646362  3.6975272   48.75762  -45.63786    34.8582    34.8576     3.6630     3.6626    27.7081    27.7076    6.61334    6.63276         22 0.0000e+00
      22261    927.517    599.000     3.7053   3.244207     3.7048   3.244120      96.39     0.0159     2.7926     2.4664  33.648342  3.6964638   48.75762  -45.63786    34.8582    34.8576     3.6628     3.6624    27.7081    27.7077    6.60926    6.63716         20 0.0000e+00
      22281    928.328    600.000     3.7045   3.244180     3.7042   3.244092      95.87     0.0187     2.7920     2.4666  33.645287  3.7042718   48.75762  -45.63784    34.8582    34.8575     3.6619     3.6616    27.7082    27.7077    6.61010    6.63491         19 0.0000e+00
      22301    929.150    601.000     3.7044   3.244205     3.7037   3.244105      98.65     0.0187     2.7914     2.4665  33.641006  3.7032917   48.75764  -45.63784    34.8581    34.8576     3.6617     3.6611    27.7081    27.7078    6.60498    6.63125         20 0.0000e+00
      22322    930.038    602.000     3.7051   3.244326     3.7046   3.244231      98.64     0.0167     2.7906     2.4661  33.643246  3.7024508   48.75764  -45.63784    34.8582    34.8577     3.6624     3.6619    27.7082    27.7077    6.60749    6.63074         23 0.0000e+00
      22349    931.159    603.000     3.7051   3.244373     3.7047   3.244284      98.64     0.0155     2.7900     2.4657  33.648560  3.6961722   48.75764  -45.63784    34.8583    34.8576     3.6623     3.6620    27.7082    27.7077    6.60573    6.62933         33 0.0000e+00
      22395    933.063    604.000     3.7046   3.244364     3.7041   3.244266      98.64     0.0172     2.7890     2.4649  33.649509  3.6999083   48.75764  -45.63782    34.8582    34.8575     3.6617     3.6612    27.7082    27.7077    6.60259    6.62309         52 0.0000e+00
      22433    934.673    605.000     3.7034   3.244303     3.7029   3.244215      98.64     0.0156     2.7870     2.4626  33.648888  3.7073636   48.75764  -45.63782    34.8582    34.8576     3.6604     3.6600    27.7083    27.7079    6.59681    6.60387         26 0.0000e+00
      22454    935.555    606.000     3.7026   3.244283     3.7022   3.244192      68.40     0.0153     2.7869     2.4616  33.651470  3.7089777   48.75764  -45.63782    34.8583    34.8576     3.6596     3.6592    27.7085    27.7080    6.60354    6.61847         19 0.0000e+00
      22471    936.259    607.000     3.7021   3.244284     3.7017   3.244197      89.73     0.0158     2.7866     2.4616  33.654243  3.7085009   48.75764  -45.63782    34.8583    34.8576     3.6590     3.6587    27.7085    27.7080    6.60235    6.62335         15 0.0000e+00
      22486    936.878    608.000     3.7016   3.244279     3.7013   3.244197      98.67     0.0171     2.7865     2.4615  33.663036  3.7052372   48.75764  -45.63782    34.8583    34.8576     3.6584     3.6582    27.7086    27.7080    6.60450    6.62452         15 0.0000e+00
      22500    937.459    609.000     3.7009   3.244253     3.7006   3.244165      98.63     0.0192     2.7860     2.4616  33.663002  3.7078078   48.75764  -45.63782    34.8582    34.8574     3.6576     3.6573    27.7086    27.7080    6.60815    6.62629         13 0.0000e+00
      22514    938.039    610.000     3.7000   3.244222     3.6997   3.244139      98.64     0.0160     2.7865     2.4616  33.663002  3.7059109   48.75764  -45.63780    34.8581    34.8575     3.6567     3.6564    27.7086    27.7082    6.60509    6.62692         15 0.0000e+00
      22529    938.666    611.000     3.7000   3.244269     3.6996   3.244190      98.64     0.0157     2.7858     2.4616  33.663002  3.6939340   48.75764  -45.63780    34.8583    34.8577     3.6566     3.6562    27.7087    27.7084    6.60374    6.62207         16 0.0000e+00
      22547    939.434    612.000     3.7006   3.244380     3.7002   3.244298      98.64     0.0190     2.7858     2.4609  33.666382  3.6935287   48.75764  -45.63780    34.8584    34.8578     3.6571     3.6568    27.7088    27.7084    6.60873    6.61535         21 0.0000e+00
      22575    940.587    613.000     3.6981   3.244179     3.6977   3.244087      98.64     0.0191     2.7853     2.4599  33.663902  3.6935287   48.75764  -45.63780    34.8581    34.8574     3.6546     3.6542    27.7088    27.7083    6.60352    6.61493         34 0.0000e+00
      22610    942.030    614.000     3.6950   3.243908     3.6947   3.243829      98.64     0.0200     2.7852     2.4593  33.663425  3.6935287   48.75764  -45.63780    34.8577    34.8570     3.6514     3.6512    27.7088    27.7083    6.60983    6.62412         35 0.0000e+00
      22647    943.595    615.000     3.6937   3.243819     3.6933   3.243735      61.79     0.0190     2.7847     2.4597  33.663757  3.6935287   48.75766  -45.63780    34.8575    34.8568     3.6500     3.6497    27.7088    27.7083    6.60965    6.62948         39 0.0000e+00
      22681    944.985    616.000     3.6928   3.243781     3.6927   3.243711      99.34     0.0168     2.7851     2.4603  33.679581  3.6935287   48.75766  -45.63780    34.8574    34.8567     3.6491     3.6490    27.7088    27.7083    6.61356    6.63822         27 0.0000e+00
      22705    945.980    617.000     3.6904   3.243591     3.6900   3.243489      97.21     0.0140     2.7850     2.4613  33.678333  3.6935287   48.75766  -45.63780    34.8572    34.8564     3.6466     3.6462    27.7089    27.7083    6.61230    6.63924         21 0.0000e+00
      22725    946.816    618.000     3.6887   3.243484     3.6884   3.243390      93.28     0.0143     2.7849     2.4612  33.674461  3.6935287   48.75766  -45.63779    34.8571    34.8563     3.6449     3.6446    27.7090    27.7084    6.61029    6.63464         19 0.0000e+00
      22743    947.578    619.000     3.6883   3.243493     3.6880   3.243402      98.74     0.0161     2.7845     2.4614  33.677715  3.6935287   48.75766  -45.63778    34.8571    34.8564     3.6444     3.6441    27.7091    27.7085    6.61209    6.63445         18 0.0000e+00
      22760    948.305    620.000     3.6882   3.243528     3.6878   3.243446      98.64     0.0151     2.7847     2.4610  33.678532  3.6888473   48.75766  -45.63778    34.8571    34.8566     3.6442     3.6439    27.7091    27.7087    6.61400    6.63231         17 0.0000e+00
      22778    949.023    621.000     3.6885   3.243601     3.6881   3.243521      98.64     0.0136     2.7844     2.4610  33.680103  3.6837432   48.75766  -45.63778    34.8572    34.8566     3.6444     3.6441    27.7091    27.7087    6.60989    6.63603         18 0.0000e+00
      22796    949.782    622.000     3.6890   3.243701     3.6887   3.243632      98.64     0.0111     2.7840     2.4609  33.682251  3.6837606   48.75766  -45.63778    34.8573    34.8568     3.6449     3.6446    27.7092    27.7088    6.60769    6.63686         19 0.0000e+00
      22818    950.711    623.000     3.6898   3.243850     3.6896   3.243771      98.64     0.0135     2.7832     2.4608  33.679924  3.6837606   48.75766  -45.63778    34.8577    34.8570     3.6456     3.6454    27.7094    27.7089    6.60734    6.63158         27 0.0000e+00
      22854    952.193    624.000     3.6900   3.243904     3.6897   3.243819      98.64     0.0184     2.7833     2.4598  33.680527  3.6837606   48.75766  -45.63778    34.8577    34.8570     3.6457     3.6454    27.7094    27.7089    6.61282    6.62607         41 0.0000e+00
      22887    953.572    625.000     3.6885   3.243805     3.6885   3.243752      97.89     0.0155     2.7824     2.4588  33.681980  3.6837606   48.75766  -45.63778    34.8576    34.8569     3.6441     3.6441    27.7094    27.7089    6.60675    6.62346         24 0.0000e+00
      22907    954.418    626.000     3.6876   3.243764     3.6873   3.243689      60.20     0.0159     2.7826     2.4581  33.672241  3.6837606   48.75766  -45.63778    34.8575    34.8568     3.6431     3.6429    27.7095    27.7090    6.61254    6.62543         19 0.0000e+00
      22925    955.159    627.000     3.6874   3.243790     3.6870   3.243709      98.27     0.0178     2.7818     2.4580  33.663090  3.6837606   48.75768  -45.63778    34.8574    34.8569     3.6429     3.6425    27.7095    27.7091    6.60816    6.62899         17 0.0000e+00
      22943    955.917    628.000     3.6873   3.243836     3.6869   3.243739      98.64     0.0185     2.7818     2.4577  33.663002  3.6837606   48.75768  -45.63777    34.8575    34.8568     3.6428     3.6423    27.7095    27.7090    6.61241    6.62777         19 0.0000e+00
      22964    956.780    629.000     3.6871   3.243862     3.6867   3.243764      98.64     0.0190     2.7817     2.4574  33.690022  3.6837606   48.75768  -45.63776    34.8576    34.8568     3.6424     3.6421    27.7096    27.7090    6.61138    6.62706         23 0.0000e+00
      22987    957.749    630.000     3.6872   3.243911     3.6868   3.243826      98.63     0.0156     2.7817     2.4573  33.692303  3.6837606   48.75768  -45.63776    34.8575    34.8569     3.6425     3.6421    27.7095    27.7091    6.61154    6.63018         23 0.0000e+00
      23012    958.773    631.000     3.6874   3.243971     3.6870   3.243877      98.64     0.0154     2.7808     2.4567  33.683273  3.6837606   48.75768  -45.63776    34.8575    34.8568     3.6426     3.6422    27.7096    27.7091    6.60405    6.61808         26 0.0000e+00
      23042    960.021    632.000     3.6878   3.244060     3.6876   3.243986      98.64     0.0163     2.7798     2.4556  33.686504  3.6837606   48.75768  -45.63776    34.8576    34.8570     3.6429     3.6427    27.7096    27.7091    6.60277    6.62451         36 0.0000e+00
      23078    961.533    633.000     3.6881   3.244139     3.6876   3.244054      98.61     0.0158     2.7793     2.4558  33.690620  3.6837606   48.75768  -45.63776    34.8577    34.8572     3.6431     3.6427    27.7097    27.7093    6.60783    6.62991         32 0.0000e+00
      23103    962.571    634.000     3.6877   3.244152     3.6872   3.244045      98.62     0.0077     2.7787     2.4557  33.692356  3.6837606   48.75768  -45.63776    34.8578    34.8570     3.6426     3.6421    27.7098    27.7092    6.60320    6.62790         19 0.0000e+00
      23120    963.292    635.000     3.6877   3.244201     3.6872   3.244090      98.48     0.0124     2.7780     2.4556  33.692307  3.6837606   48.75768  -45.63776    34.8578    34.8570     3.6426     3.6421    27.7098    27.7092    6.60342    6.63045         16 0.0000e+00
      23135    963.915    636.000     3.6872   3.244191     3.6868   3.244086      98.51     0.0137     2.7783     2.4558  33.692307  3.6837606   48.75768  -45.63776    34.8577    34.8569     3.6420     3.6416    27.7098    27.7092    6.60798    6.63354         15 0.0000e+00
      23150    964.526    637.000     3.6862   3.244133     3.6857   3.244030      98.55     0.0151     2.7781     2.4558  33.692307  3.6837606   48.75768  -45.63776    34.8576    34.8568     3.6409     3.6404    27.7098    27.7092    6.61010    6.63499         15 0.0000e+00
      23166    965.202    638.000     3.6855   3.244108     3.6852   3.244026      98.63     0.0156     2.7779     2.4560  33.692307  3.6837606   48.75768  -45.63776    34.8574    34.8568     3.6402     3.6398    27.7097    27.7093    6.61050    6.63372         18 0.0000e+00
