data/CTD/2014/CNV/d017a025.cnv
* Sea-Bird SBE 9 Data File:
* FileName = C:\CTD_ACQUISITION\2014017HUD\ctddata\017A025.hdr
* Software Version Seasave V 7.22.2
* Temperature SN = 5081
* Conductivity SN = 3561
* Number of Bytes Per Scan = 37
* Number of Voltage Words = 4
* Number of Scans Averaged by the Deck Unit = 1
* NMEA Latitude = 48 58.39 N
* NMEA Longitude = 045 52.48 W
* NMEA UTC (Time) = Jul 06 2014 19:01:08
* NMEA baud rate = 9600
** Ship: Hudson 8
** Cruise: HUD2014017
** Chief_Scientist: Blair Greenan
** Organization: BIO
** Area_of_Operation: Sackville Spur
** Station: 025
** Sounding:  2478
** Event_Comments: SS-29 403142
# nquan = 25
# nvalues = 2572                        
# units = specified
# name 0 = scan: Scan Count
# name 1 = timeS: Time, Elapsed [seconds]
# name 2 = prDM: Pressure, Digiquartz [db]
# name 3 = t068C: Temperature [ITS-68, deg C]
# name 4 = c0S/m: Conductivity [S/m]
# name 5 = t168C: Temperature, 2 [ITS-68, deg C]
# name 6 = c1S/m: Conductivity, 2 [S/m]
# name 7 = altM: Altimeter [m]
# name 8 = flC: Fluorescence, Chelsea Aqua 3 Chl Con [ug/l]
# name 9 = sbeox0V: Oxygen raw, SBE 43 [V]
# name 10 = sbeox1V: Oxygen raw, SBE 43, 2 [V]
# name 11 = upoly0: Upoly 0, Optode 4330F - O2 D-Phase
# name 12 = upoly1: Upoly 1, Optode 4330F - O2 Temp
# name 13 = latitude: Latitude [deg]
# name 14 = longitude: Longitude [deg]
# name 15 = sal00: Salinity, Practical [PSU]
# name 16 = sal11: Salinity, Practical, 2 [PSU]
# name 17 = potemp068C: Potential Temperature [ITS-68, deg C]
# name 18 = potemp168C: Potential Temperature, 2 [ITS-68, deg C]
# name 19 = sigma-é00: Density [sigma-theta, Kg/m^3]
# name 20 = sigma-é11: Density, 2 [sigma-theta, Kg/m^3]
# name 21 = sbeox0ML/L: Oxygen, SBE 43 [ml/l], WS = 2
# name 22 = sbeox1ML/L: Oxygen, SBE 43, 2 [ml/l], WS = 2
# name 23 = nbin: number of scans per bin
# name 24 = flag: flag
# span 0 =       8342,      74996       
# span 1 =    347.526,   3124.794       
# span 2 =      1.000,   2572.000       
# span 3 =     2.4709,     8.2954       
# span 4 =   3.090193,   3.520637       
# span 5 =     2.4701,     8.2951       
# span 6 =   3.090033,   3.520341       
# span 7 =       1.54,     101.68       
# span 8 =     0.0064,     0.5105       
# span 9 =     2.1839,     3.6234       
# span 10 =     1.9336,     3.1390      
# span 11 =  30.056112,  35.568081      
# span 12 =  2.4617813,  8.3358212      
# span 13 =   48.97428,   48.97790      
# span 14 =  -45.87384,  -45.87120      
# span 15 =    33.6291,    34.9170      
# span 16 =    33.6258,    34.9158      
# span 17 =     2.2756,     8.2936      
# span 18 =     2.2748,     8.2933      
# span 19 =    26.1539,    27.8732      
# span 20 =    26.1514,    27.8729      
# span 21 =    6.25321,    7.92405      
# span 22 =    6.22870,    7.78629      
# span 23 =         14,         95      
# span 24 = 0.0000e+00, 0.0000e+00      
# interval = decibars: 1                
# start_time = Jul 06 2014 19:01:08 [NMEA time, header]
# bad_flag = -9.990e-29
*END*
[from data line 1160]
      38305   1596.012   1161.000     3.6729   3.267896     3.6724   3.267754      81.65     0.0223     2.5927     2.2932  34.145733  3.6717794   48.97510  -45.87164    34.8833    34.8821     3.5858     3.5853    27.7358    27.7349    6.50473    6.50305         17 0.0000e+00
      38322   1596.714   1162.000     3.6722   3.267876     3.6716   3.267720      92.95     0.0207     2.5938     2.2930  34.141315  3.6688006   48.97510  -45.87164    34.8833    34.8821     3.5850     3.5845    27.7359    27.7349    6.50682    6.49974         17 0.0000e+00
      38340   1597.446   1163.000     3.6717   3.267860     3.6712   3.267725      98.54     0.0174     2.5930     2.2926  34.137333  3.6643000   48.97510  -45.87164    34.8832    34.8820     3.5844     3.5840    27.7358    27.7350    6.49520    6.49460         19 0.0000e+00
      38361   1598.350   1164.000     3.6715   3.267878     3.6710   3.267738      98.63     0.0154     2.5928     2.2919  34.137489  3.6642246   48.97510  -45.87164    34.8831    34.8819     3.5842     3.5837    27.7358    27.7349    6.50053    6.49832         26 0.0000e+00
      38397   1599.844   1165.000     3.6712   3.267889     3.6707   3.267748      98.63     0.0167     2.5922     2.2918  34.138004  3.6642246   48.97510  -45.87164    34.8829    34.8818     3.5838     3.5866    27.7357    27.7349    6.49719    6.50403         43 0.0000e+00
      38432   1601.276   1166.000     3.6718   3.268005     3.6711   3.267854      98.63     0.0217     2.5917     2.2918  34.140495  3.6642246   48.97510  -45.87166    34.8833    34.8821     3.5843     3.5835    27.7359    27.7351    6.50227    6.50294         24 0.0000e+00
      38452   1602.142   1167.000     3.6728   3.268162     3.6723   3.268021      84.47     0.0207     2.5921     2.2917  34.141918  3.6642246   48.97510  -45.87166    34.8835    34.8824     3.5852     3.5847    27.7360    27.7352    6.49855    6.50305         19 0.0000e+00
      38470   1602.890   1168.000     3.6725   3.268183     3.6720   3.268037      91.95     0.0168     2.5913     2.2916  34.139214  3.6642246   48.97510  -45.87166    34.8836    34.8823     3.5848     3.5844    27.7361    27.7352    6.49365    6.50483         18 0.0000e+00
      38488   1603.624   1169.000     3.6710   3.268073     3.6707   3.267947      98.44     0.0132     2.5909     2.2916  34.136822  3.6642246   48.97510  -45.87166    34.8833    34.8821     3.5833     3.5830    27.7360    27.7351    6.49263    6.50577         18 0.0000e+00
      38507   1604.407   1170.000     3.6698   3.267986     3.6693   3.267847      98.63     0.0157     2.5903     2.2915  34.138020  3.6642246   48.97510  -45.87166    34.8831    34.8820     3.5820     3.5815    27.7360    27.7352    6.49679    6.50390         19 0.0000e+00
      38528   1605.308   1171.000     3.6697   3.268025     3.6692   3.267884      98.63     0.0161     2.5905     2.2912  34.150723  3.6642246   48.97512  -45.87166    34.8832    34.8820     3.5818     3.5813    27.7361    27.7352    6.49928    6.50163         24 0.0000e+00
      38554   1606.379   1172.000     3.6709   3.268208     3.6704   3.268068      98.63     0.0188     2.5899     2.2907  34.157402  3.6642246   48.97512  -45.87168    34.8835    34.8824     3.5830     3.5824    27.7362    27.7354    6.49136    6.49608         28 0.0000e+00
      38582   1607.551   1173.000     3.6731   3.268486     3.6722   3.268316      98.63     0.0167     2.5887     2.2898  34.150768  3.6642246   48.97512  -45.87168    34.8840    34.8829     3.5850     3.5841    27.7364    27.7357    6.48868    6.49356         28 0.0000e+00
      38609   1608.673   1174.000     3.6753   3.268779     3.6747   3.268632      81.59     0.0166     2.5881     2.2892  34.150032  3.6642246   48.97512  -45.87168    34.8847    34.8835     3.5871     3.5865    27.7367    27.7359    6.48951    6.49500         25 0.0000e+00
      38634   1609.698   1175.000     3.6761   3.268910     3.6755   3.268775      98.81     0.0167     2.5873     2.2888  34.146481  3.6642246   48.97512  -45.87168    34.8849    34.8839     3.5878     3.5872    27.7368    27.7361    6.48271    6.49741         24 0.0000e+00
      38658   1610.705   1176.000     3.6768   3.269039     3.6763   3.268892      98.63     0.0159     2.5869     2.2890  34.149437  3.6642246   48.97512  -45.87168    34.8851    34.8840     3.5884     3.5879    27.7370    27.7361    6.48695    6.50261         25 0.0000e+00
      38682   1611.707   1177.000     3.6768   3.269090     3.6763   3.268946      98.63     0.0171     2.5859     2.2888  34.149704  3.6642246   48.97512  -45.87169    34.8852    34.8841     3.5884     3.5879    27.7370    27.7362    6.48728    6.49778         23 0.0000e+00
      38704   1612.637   1178.000     3.6770   3.269152     3.6764   3.269011      98.63     0.0180     2.5864     2.2885  34.150719  3.6642246   48.97512  -45.87170    34.8853    34.8842     3.5885     3.5879    27.7371    27.7363    6.49116    6.49628         21 0.0000e+00
      38724   1613.454   1179.000     3.6774   3.269249     3.6769   3.269110      98.63     0.0190     2.5853     2.2880  34.161121  3.6642246   48.97512  -45.87170    34.8855    34.8844     3.5888     3.5920    27.7372    27.7364    6.48552    6.48301         19 0.0000e+00
      38742   1614.201   1180.000     3.6776   3.269309     3.6770   3.269166      95.81     0.0188     2.5857     2.2866  34.161171  3.6642246   48.97512  -45.87170    34.8855    34.8844     3.5889     3.5884    27.7372    27.7364    6.49268    6.47473         17 0.0000e+00
      38759   1614.932   1181.000     3.6774   3.269340     3.6769   3.269198      78.43     0.0173     2.5853     2.2858  34.158745  3.6642246   48.97512  -45.87170    34.8855    34.8844     3.5886     3.5881    27.7373    27.7364    6.49687    6.48359         18 0.0000e+00
      38778   1615.729   1182.000     3.6762   3.269255     3.6757   3.269114      98.09     0.0226     2.5857     2.2856  34.152954  3.6642246   48.97513  -45.87170    34.8853    34.8841     3.5873     3.5868    27.7373    27.7363    6.49763    6.49599         21 0.0000e+00
      38804   1616.780   1183.000     3.6745   3.269138     3.6742   3.269006      98.63     0.0185     2.5857     2.2861  34.153568  3.6642246   48.97514  -45.87170    34.8852    34.8840     3.5856     3.5852    27.7373    27.7364    6.49740    6.50004         31 0.0000e+00
      38839   1618.249   1184.000     3.6730   3.269017     3.6729   3.268918      98.63     0.0109     2.5860     2.2858  34.161396  3.6642246   48.97514  -45.87172    34.8849    34.8838     3.5840     3.5839    27.7372    27.7364    6.50418    6.49258         35 0.0000e+00
      38868   1619.438   1185.000     3.6714   3.268908     3.6708   3.268758      98.63     0.0096     2.5864     2.2856  34.161171  3.6642246   48.97514  -45.87172    34.8848    34.8836     3.5823     3.5817    27.7373    27.7364    6.50564    6.50052         23 0.0000e+00
      38890   1620.377   1186.000     3.6686   3.268683     3.6692   3.268629      93.69     0.0134     2.5868     2.2861  34.161171  3.6642246   48.97514  -45.87172    34.8845    34.8833     3.5795     3.5800    27.7374    27.7363    6.51001    6.50941         23 0.0000e+00
      38913   1621.351   1187.000     3.6660   3.268458     3.6661   3.268350      86.19     0.0117     2.5874     2.2866  34.161171  3.6642246   48.97514  -45.87172    34.8841    34.8827     3.5768     3.5769    27.7373    27.7362    6.51554    6.51671         25 0.0000e+00
      38942   1622.553   1188.000     3.6623   3.268118     3.6619   3.267971      98.53     0.0108     2.5876     2.2879  34.162079  3.6639218   48.97514  -45.87173    34.8835    34.8822     3.5730     3.5726    27.7372    27.7362    6.50984    6.51975         32 0.0000e+00
      38972   1623.802   1189.000     3.6605   3.267977     3.6601   3.267839      98.63     0.0142     2.5879     2.2883  34.161148  3.6642325   48.97515  -45.87174    34.8832    34.8820     3.5712     3.5708    27.7371    27.7363    6.51516    6.51871         26 0.0000e+00
      38994   1624.728   1190.000     3.6581   3.267791     3.6577   3.267629      98.63     0.0152     2.5880     2.2885  34.161957  3.6642246   48.97516  -45.87174    34.8830    34.8815     3.5687     3.5683    27.7373    27.7361    6.51973    6.51383         19 0.0000e+00
      39013   1625.483   1191.000     3.6570   3.267712     3.6562   3.267541      98.63     0.0154     2.5883     2.2885  34.161167  3.6544039   48.97516  -45.87174    34.8828    34.8815     3.5675     3.5668    27.7372    27.7363    6.51605    6.51186         18 0.0000e+00
      39030   1626.200   1192.000     3.6554   3.267592     3.6550   3.267450      98.63     0.0119     2.5883     2.2882  34.161171  3.6544566   48.97516  -45.87176    34.8825    34.8812     3.5658     3.5655    27.7371    27.7361    6.51568    6.51432         17 0.0000e+00
      39048   1626.964   1193.000     3.6539   3.267488     3.6532   3.267316      81.10     0.0139     2.5885     2.2882  34.161171  3.6544566   48.97516  -45.87176    34.8823    34.8810     3.5643     3.5636    27.7371    27.7362    6.52141    6.52175         20 0.0000e+00
      39070   1627.857   1194.000     3.6519   3.267327     3.6515   3.267185      94.46     0.0123     2.5886     2.2886  34.161171  3.6544566   48.97516  -45.87176    34.8820    34.8808     3.5622     3.5618    27.7371    27.7362    6.52067    6.52272         23 0.0000e+00
      39095   1628.937   1195.000     3.6510   3.267282     3.6505   3.267139      98.63     0.0105     2.5881     2.2884  34.165352  3.6513197   48.97516  -45.87176    34.8819    34.8807     3.5613     3.5608    27.7371    27.7362    6.51060    6.51399         28 0.0000e+00
      39122   1630.051   1196.000     3.6527   3.267512     3.6521   3.267366      98.63     0.0195     2.5878     2.2877  34.175320  3.6450276   48.97516  -45.87176    34.8823    34.8813     3.5629     3.5622    27.7373    27.7365    6.50456    6.49985         25 0.0000e+00
      39147   1631.079   1197.000     3.6543   3.267721     3.6538   3.267582      98.63     0.0194     2.5860     2.2856  34.167770  3.6446824   48.97516  -45.87176    34.8826    34.8816     3.5644     3.5639    27.7374    27.7366    6.49426    6.48367         24 0.0000e+00
      39171   1632.091   1198.000     3.6549   3.267824     3.6544   3.267688      98.63     0.0126     2.5849     2.2840  34.161121  3.6446886   48.97516  -45.87176    34.8828    34.8817     3.5648     3.5644    27.7375    27.7366    6.49804    6.48694         25 0.0000e+00
      39196   1633.126   1199.000     3.6560   3.267996     3.6555   3.267848      81.29     0.0132     2.5841     2.2829  34.161171  3.6450796   48.97516  -45.87178    34.8831    34.8819     3.5659     3.5654    27.7376    27.7367    6.49658    6.49384         25 0.0000e+00
      39221   1634.165   1200.000     3.6630   3.268760     3.6622   3.268604      96.20     0.0113     2.5836     2.2829  34.161171  3.6462498   48.97518  -45.87178    34.8842    34.8833     3.5728     3.5719    27.7378    27.7372    6.50659    6.50540         25 0.0000e+00
      39246   1635.192   1201.000     3.6657   3.269081     3.6647   3.268887      98.64     0.0145     2.5835     2.2831  34.161171  3.6499946   48.97518  -45.87178    34.8848    34.8835     3.5753     3.5743    27.7380    27.7371    6.50749    6.50473         24 0.0000e+00
      39269   1636.187   1202.000     3.6678   3.269351     3.6681   3.269296      98.63     0.0157     2.5837     2.2831  34.159870  3.6523819   48.97518  -45.87178    34.8852    34.8842     3.5773     3.5777    27.7381    27.7373    6.50684    6.50306         23 0.0000e+00
      39292   1637.107   1203.000     3.6678   3.269390     3.6676   3.269275      98.63     0.0154     2.5835     2.2833  34.161205  3.6530797   48.97518  -45.87178    34.8852    34.8840     3.5772     3.5771    27.7381    27.7372    6.50415    6.50830         21 0.0000e+00
      39312   1637.959   1204.000     3.6666   3.269317     3.6663   3.269176      98.63     0.0139     2.5833     2.2833  34.161171  3.6544578   48.97518  -45.87180    34.8850    34.8837     3.5760     3.5757    27.7381    27.7371    6.50227    6.51114         21 0.0000e+00
      39332   1638.806   1205.000     3.6623   3.268910     3.6631   3.268862      98.63     0.0161     2.5824     2.2839  34.163349  3.6544566   48.97518  -45.87180    34.8843    34.8829     3.5716     3.5724    27.7380    27.7368    6.50344    6.51638         20 0.0000e+00
      39354   1639.692   1206.000     3.6577   3.268485     3.6567   3.268272      75.78     0.0149     2.5829     2.2841  34.167183  3.6557946   48.97518  -45.87180    34.8835    34.8821     3.5670     3.5660    27.7378    27.7368    6.50954    6.51607         22 0.0000e+00
      39376   1640.643   1207.000     3.6569   3.268442     3.6565   3.268309      98.56     0.0151     2.5825     2.2842  34.169102  3.6552722   48.97518  -45.87180    34.8834    34.8822     3.5661     3.5657    27.7378    27.7369    6.51532    6.51528         24 0.0000e+00
      39401   1641.654   1208.000     3.6558   3.268370     3.6553   3.268232      98.63     0.0156     2.5830     2.2843  34.178055  3.6544666   48.97518  -45.87180    34.8833    34.8821     3.5649     3.5645    27.7378    27.7369    6.50980    6.51280         25 0.0000e+00
      39426   1642.715   1209.000     3.6549   3.268335     3.6544   3.268185      98.63     0.0165     2.5825     2.2838  34.175297  3.6544566   48.97518  -45.87180    34.8833    34.8820     3.5639     3.5634    27.7380    27.7370    6.50587    6.50904         26 0.0000e+00
      39452   1643.806   1210.000     3.6545   3.268347     3.6540   3.268201      98.63     0.0196     2.5818     2.2835  34.161259  3.6544566   48.97518  -45.87181    34.8833    34.8821     3.5635     3.5630    27.7380    27.7371    6.50473    6.50840         26 0.0000e+00
      39478   1644.895   1211.000     3.6547   3.268416     3.6543   3.268270      98.63     0.0204     2.5818     2.2831  34.165676  3.6540813   48.97518  -45.87182    34.8834    34.8821     3.5636     3.5632    27.7381    27.7371    6.50729    6.50853         26 0.0000e+00
      39506   1646.023   1212.000     3.6549   3.268478     3.6544   3.268334      80.67     0.0176     2.5805     2.2826  34.178463  3.6537583   48.97520  -45.87182    34.8835    34.8822     3.5637     3.5632    27.7381    27.7372    6.49992    6.50676         28 0.0000e+00
      39532   1647.131   1213.000     3.6551   3.268552     3.6547   3.268407      98.72     0.0172     2.5806     2.2821  34.168739  3.6536748   48.97520  -45.87182    34.8836    34.8823     3.5638     3.5634    27.7382    27.7372    6.50669    6.50454         25 0.0000e+00
      39556   1648.129   1214.000     3.6550   3.268594     3.6545   3.268442      98.63     0.0158     2.5801     2.2816  34.161777  3.6544600   48.97520  -45.87182    34.8837    34.8824     3.5637     3.5631    27.7383    27.7373    6.50046    6.50040         23 0.0000e+00
      39579   1649.078   1215.000     3.6561   3.268743     3.6555   3.268589      98.63     0.0194     2.5794     2.2809  34.166878  3.6523447   48.97520  -45.87184    34.8838    34.8826     3.5646     3.5641    27.7383    27.7374    6.50793    6.50105         23 0.0000e+00
      39602   1650.045   1216.000     3.6568   3.268866     3.6565   3.268737      98.63     0.0194     2.5801     2.2805  34.167545  3.6531858   48.97520  -45.87184    34.8840    34.8828     3.5652     3.5650    27.7384    27.7374    6.50590    6.50080         23 0.0000e+00
      39625   1651.012   1217.000     3.6571   3.268931     3.6568   3.268807      98.63     0.0185     2.5789     2.2799  34.167542  3.6527524   48.97520  -45.87184    34.8839    34.8828     3.5655     3.5651    27.7383    27.7375    6.49600    6.49388         23 0.0000e+00
