data/CTD/2014/CNV/d017a047.cnv
* Sea-Bird SBE 9 Data File:
* FileName = C:\CTD_ACQUISITION\2014017HUD\ctddata\017A047.hdr
* Software Version Seasave V 7.22.2
* Temperature SN = 5081
* Conductivity SN = 3561
* Number of Bytes Per Scan = 37
* Number of Voltage Words = 4
* Number of Scans Averaged by the Deck Unit = 1
* NMEA Latitude = 47 48.52 N
* NMEA Longitude = 045 57.88 W
* NMEA UTC (Time) = Jul 11 2014 00:32:51
* NMEA baud rate = 9600
** Ship: Hudson
** Cruise: HUD2014017
** Chief_Scientist: Blair Greenan
** Organization: BIO
** Area_of_Operation: Sackville Spur
** Station: 047
** Sounding:  716
** Event_Comments: SS_18.5, 403274
# nquan = 25
# nvalues = 731                         
# units = specified
# name 0 = scan: Scan Count
# name 1 = timeS: Time, Elapsed [seconds]
# name 2 = prDM: Pressure, Digiquartz [db]
# name 3 = t068C: Temperature [ITS-68, deg C]
# name 4 = c0S/m: Conductivity [S/m]
# name 5 = t168C: Temperature, 2 [ITS-68, deg C]
# name 6 = c1S/m: Conductivity, 2 [S/m]
# name 7 = altM: Altimeter [m]
# name 8 = flC: Fluorescence, Chelsea Aqua 3 Chl Con [ug/l]
# name 9 = sbeox0V: Oxygen raw, SBE 43 [V]
# name 10 = sbeox1V: Oxygen raw, SBE 43, 2 [V]
# name 11 = upoly0: Upoly 0, Optode 4330F - O2 D-Phase
# name 12 = upoly1: Upoly 1, Optode 4330F - O2 Temp
# name 13 = latitude: Latitude [deg]
# name 14 = longitude: Longitude [deg]
# name 15 = sal00: Salinity, Practical [PSU]
# name 16 = sal11: Salinity, Practical, 2 [PSU]
# name 17 = potemp068C: Potential Temperature [ITS-68, deg C]
# name 18 = potemp168C: Potential Temperature, 2 [ITS-68, deg C]
# name 19 = sigma-é00: Density [sigma-theta, Kg/m^3]
# name 20 = sigma-é11: Density, 2 [sigma-theta, Kg/m^3]
# name 21 = sbeox0ML/L: Oxygen, SBE 43 [ml/l], WS = 2
# name 22 = sbeox1ML/L: Oxygen, SBE 43, 2 [ml/l], WS = 2
# name 23 = nbin: number of scans per bin
# name 24 = flag: flag
# span 0 =       5508,      27152       
# span 1 =    229.448,   1131.310       
# span 2 =      2.000,    732.000       
# span 3 =     2.9027,     8.6815       
# span 4 =   3.102631,   3.520594       
# span 5 =     2.9020,     8.6621       
# span 6 =   3.101458,   3.517922       
# span 7 =     -10.70,     100.83       
# span 8 =     0.0099,     1.1424       
# span 9 =     2.6837,     3.6962       
# span 10 =     2.3667,     3.2265      
# span 11 =  29.912287,  34.175907      
# span 12 =  2.7942107,  8.7429085      
# span 13 =   47.80917,   47.81228      
# span 14 =  -45.96590,  -45.96480      
# span 15 =    33.1053,    34.8921      
# span 16 =    33.1044,    34.8911      
# span 17 =     2.8970,     8.6793      
# span 18 =     2.8963,     8.6600      
# span 19 =    25.6878,    27.7036      
# span 20 =    25.6869,    27.7029      
# span 21 =    6.26558,    8.27430      
# span 22 =    6.24627,    8.27846      
# span 23 =          6,        100      
# span 24 = 0.0000e+00, 0.0000e+00      
# interval = decibars: 1                
# start_time = Jul 11 2014 00:32:51 [NMEA time, header]
# bad_flag = -9.990e-29
*END*
[from data line 116]
      11128    463.640    118.000     3.3109   3.157063     3.3047   3.156457      98.83     0.0186     2.8820     2.5422  33.647835  3.1019082   47.81016  -45.96504    34.4905    34.4897     3.3034     3.2972    27.4501    27.4501    6.36592    6.41924         41 0.0000e+00
      11169    465.328    119.000     3.4580   3.171902     3.4537   3.171860      94.72     0.0208     2.8555     2.5235  33.631084  3.1625929   47.81016  -45.96504    34.5126    34.5169     3.4504     3.4460    27.4536    27.4575    6.33989    6.40768         39 0.0000e+00
      11204    466.779    120.000     3.5519   3.181354     3.5476   3.181234      98.67     0.0226     2.8476     2.5190  33.648441  3.2418785   47.81016  -45.96504    34.5262    34.5293     3.5440     3.5398    27.4554    27.4582    6.37363    6.40398         32 0.0000e+00
      11237    468.161    121.000     3.6815   3.194554     3.6763   3.194209      98.64     0.0220     2.8413     2.5101  33.625591  3.3386495   47.81017  -45.96506    34.5467    34.5480     3.6735     3.6685    27.4589    27.4604    6.30863    6.32303         36 0.0000e+00
      11282    470.058    122.000     3.6818   3.195045     3.6829   3.194978      98.64     0.0226     2.8372     2.5044  33.640270  3.4453871   47.81018  -45.96506    34.5518    34.5497     3.6736     3.6751    27.4629    27.4611    6.37040    6.36214         59 0.0000e+00
      11346    472.689    123.000     3.6182   3.189080     3.6172   3.188936      82.95     0.0189     2.8433     2.5043  33.765499  3.5623283   47.81018  -45.96506    34.5470    34.5465     3.6102     3.6090    27.4654    27.4651    6.40099    6.39379         53 0.0000e+00
      11383    474.253    124.000     3.5817   3.185504     3.5965   3.186161      99.02     0.0182     2.8443     2.5058  33.825951  3.5368028   47.81018  -45.96506    34.5423    34.5318     3.5735     3.5888    27.4653    27.4552    6.39595    6.39508         29 0.0000e+00
      11408    475.293    125.000     3.3260   3.161022     3.3319   3.161081      98.65     0.0210     2.8439     2.5044  33.837376  3.5392401   47.81020  -45.96506    34.5184    34.5127     3.3180     3.3240    27.4710    27.4659    6.42634    6.42337         24 0.0000e+00
      11435    476.431    126.000     3.3811   3.166870     3.3802   3.166873      98.64     0.0196     2.8423     2.5035  33.879425  3.5464339   47.81020  -45.96506    34.5300    34.5314     3.3731     3.3721    27.4750    27.4762    6.41760    6.42673         34 0.0000e+00
      11505    479.321    127.000     3.4105   3.169826     3.4054   3.169192      80.73     0.0153     2.8451     2.5060  33.956806  3.3730059   47.81020  -45.96506    34.5336    34.5315     3.4024     3.3972    27.4751    27.4738    6.44879    6.44156         83 0.0000e+00
      11553    481.322    128.000     3.4011   3.169191     3.4015   3.169052      90.57     0.0161     2.8474     2.5064  33.985004  3.3942971   47.81020  -45.96506    34.5356    34.5334     3.3929     3.3933    27.4775    27.4758    6.41798    6.40903         30 0.0000e+00
      11583    482.569    129.000     3.3514   3.164652     3.3516   3.164560      97.49     0.0217     2.8423     2.5023  34.003147  3.4062569   47.81022  -45.96506    34.5331    34.5318     3.3432     3.3433    27.4803    27.4792    6.39544    6.39865         32 0.0000e+00
      11621    484.185    130.000     3.3589   3.165644     3.3572   3.165502      94.52     0.0211     2.8385     2.4990  34.030865  3.3933012   47.81022  -45.96506    34.5365    34.5364     3.3506     3.3491    27.4824    27.4824    6.40807    6.41296         45 0.0000e+00
      11665    485.998    131.000     3.4158   3.171497     3.4119   3.171275      98.69     0.0209     2.8376     2.5002  34.035576  3.3692222   47.81022  -45.96506    34.5473    34.5476     3.4063     3.4035    27.4856    27.4861    6.40584    6.41959         40 0.0000e+00
      11705    487.660    132.000     3.4677   3.176881     3.4670   3.176784      98.64     0.0264     2.8354     2.4983  34.047600  3.3723016   47.81022  -45.96506    34.5553    34.5548     3.4591     3.4585    27.4869    27.4865    6.37382    6.37171         42 0.0000e+00
      11747    489.436    133.000     3.4453   3.174864     3.4479   3.175060      98.64     0.0204     2.8323     2.4951  34.057903  3.4048755   47.81024  -45.96506    34.5542    34.5538     3.4367     3.4393    27.4882    27.4876    6.40606    6.40464         42 0.0000e+00
      11793    491.354    134.000     3.4476   3.175138     3.4480   3.175127      82.36     0.0221     2.8429     2.5033  34.065136  3.4389894   47.81024  -45.96506    34.5546    34.5540     3.4389     3.4393    27.4882    27.4877    6.49740    6.47888         51 0.0000e+00
      11843    493.412    135.000     3.4279   3.173218     3.4292   3.173181      99.12     0.0180     2.8599     2.5156  34.082405  3.4361389   47.81024  -45.96506    34.5518    34.5500     3.4191     3.4205    27.4879    27.4863    6.55125    6.52117         44 0.0000e+00
      11883    495.093    136.000     3.2746   3.158416     3.2725   3.157867      98.64     0.0171     2.8716     2.5245  34.094063  3.4358995   47.81025  -45.96506    34.5355    34.5308     3.2660     3.2641    27.4896    27.4860    6.59252    6.56902         40 0.0000e+00
      11924    496.796    137.000     3.1641   3.147741     3.1724   3.148365      98.64     0.0159     2.8793     2.5310  34.117573  3.4329219   47.81026  -45.96506    34.5234    34.5221     3.1556     3.1639    27.4903    27.4885    6.61162    6.59964         40 0.0000e+00
      11961    498.328    138.000     3.1148   3.143033     3.1185   3.143222      75.66     0.0193     2.8841     2.5355  34.117634  3.3057587   47.81026  -45.96506    34.5183    34.5167     3.1063     3.1100    27.4909    27.4892    6.61990    6.61117         35 0.0000e+00
      11998    499.863    139.000     3.1024   3.141877     3.1022   3.141764      80.54     0.0236     2.8858     2.5373  34.117924  3.2570822   47.81026  -45.96506    34.5170    34.5158     3.0938     3.0936    27.4910    27.4900    6.60916    6.60663         41 0.0000e+00
      12048    501.964    140.000     3.0923   3.141015     3.0919   3.140905      93.98     0.0244     2.8857     2.5381  34.098652  3.2084181   47.81027  -45.96507    34.5167    34.5158     3.0837     3.0833    27.4916    27.4909    6.59512    6.59261         57 0.0000e+00
      12101    504.152    141.000     3.1104   3.143018     3.1113   3.143081      98.74     0.0211     2.8793     2.5330  34.064560  3.1798744   47.81028  -45.96508    34.5212    34.5210     3.1017     3.1025    27.4935    27.4934    6.54467    6.55859         46 0.0000e+00
      12140    505.778    142.000     3.1222   3.144355     3.1218   3.144246      98.64     0.0167     2.8731     2.5303  34.039974  3.1763456   47.81028  -45.96508    34.5242    34.5233     3.1134     3.1130    27.4949    27.4942    6.53602    6.55891         33 0.0000e+00
      12171    507.101    143.000     3.1322   3.145472     3.1321   3.145528      98.64     0.0160     2.8695     2.5281  34.025135  3.1758344   47.81028  -45.96508    34.5267    34.5275     3.1233     3.1232    27.4959    27.4966    6.53378    6.55062         33 0.0000e+00
      12217    509.020    144.000     3.1781   3.150359     3.1780   3.150369      86.54     0.0171     2.8673     2.5277  34.000660  3.1771500   47.81029  -45.96508    34.5364    34.5366     3.1691     3.1690    27.4994    27.4996    6.53634    6.55345         67 0.0000e+00
      12282    511.705    145.000     3.1925   3.151932     3.1907   3.151713      99.83     0.0193     2.8668     2.5262  33.977512  3.1927695   47.81030  -45.96508    34.5397    34.5388     3.1834     3.1817    27.5007    27.5002    6.54348    6.54232         43 0.0000e+00
      12312    512.966    146.000     3.2029   3.153089     3.2013   3.152936      98.64     0.0163     2.8670     2.5257  33.985382  3.2059300   47.81030  -45.96508    34.5420    34.5418     3.1937     3.1922    27.5016    27.5016    6.53704    6.54232         27 0.0000e+00
      12340    514.109    147.000     3.2171   3.154605     3.2169   3.154588      98.64     0.0171     2.8664     2.5250  33.975407  3.2051504   47.81030  -45.96508    34.5447    34.5446     3.2078     3.2077    27.5024    27.5024    6.53113    6.54030         30 0.0000e+00
      12383    515.911    148.000     3.2280   3.155822     3.2273   3.155723      98.62     0.0166     2.8696     2.5281  33.973251  3.2115636   47.81032  -45.96508    34.5472    34.5468     3.2187     3.2179    27.5034    27.5032    6.58202    6.58121         60 0.0000e+00
      12441    518.328    149.000     3.2386   3.157088     3.2387   3.157073      60.82     0.0159     2.8800     2.5367  33.970905  3.2301679   47.81032  -45.96508    34.5507    34.5505     3.2292     3.2292    27.5052    27.5050    6.60778    6.61227         45 0.0000e+00
      12480    519.944    150.000     3.2061   3.154183     3.2039   3.153753      93.86     0.0138     2.8844     2.5400  33.970699  3.2331481   47.81032  -45.96508    34.5497    34.5467     3.1966     3.1945    27.5074    27.5053    6.60800    6.60656         39 0.0000e+00
      12521    521.663    151.000     3.1381   3.147834     3.1373   3.147650      96.11     0.0169     2.8849     2.5408  33.970695  3.2344291   47.81032  -45.96508    34.5447    34.5432     3.1286     3.1279    27.5098    27.5087    6.60335    6.61382         43 0.0000e+00
      12566    523.562    152.000     3.1432   3.148446     3.1447   3.148679      98.67     0.0184     2.8839     2.5404  33.972588  3.2100580   47.81034  -45.96508    34.5469    34.5473     3.1330     3.1352    27.5112    27.5113    6.59121    6.60242         47 0.0000e+00
      12609    525.324    153.000     3.1727   3.151561     3.1725   3.151542      98.64     0.0185     2.8818     2.5388  33.969452  3.1816320   47.81034  -45.96508    34.5518    34.5518     3.1631     3.1630    27.5123    27.5123    6.58375    6.59430         37 0.0000e+00
      12644    526.807    154.000     3.1713   3.151592     3.1718   3.151517      98.64     0.0207     2.8806     2.5377  33.943932  3.1761184   47.81034  -45.96508    34.5532    34.5517     3.1616     3.1621    27.5135    27.5123    6.58005    6.58553         36 0.0000e+00
      12685    528.489    155.000     3.1674   3.151546     3.1671   3.151495      79.27     0.0194     2.8796     2.5358  33.927559  3.1851020   47.81034  -45.96508    34.5562    34.5559     3.1577     3.1574    27.5163    27.5161    6.57913    6.58079         47 0.0000e+00
      12738    530.701    156.000     3.1779   3.152722     3.1777   3.152666      98.57     0.0182     2.8754     2.5318  33.921360  3.1854208   47.81036  -45.96509    34.5587    34.5582     3.1682     3.1680    27.5173    27.5169    6.54777    6.55708         57 0.0000e+00
      12788    532.799    157.000     3.1896   3.153995     3.1891   3.153953      98.64     0.0215     2.8691     2.5284  33.911667  3.1855998   47.81036  -45.96510    34.5611    34.5611     3.1797     3.1792    27.5182    27.5182    6.52925    6.55241         39 0.0000e+00
      12820    534.114    158.000     3.2016   3.155281     3.2016   3.155261      98.64     0.0199     2.8668     2.5265  33.912086  3.1942811   47.81036  -45.96510    34.5634    34.5631     3.1917     3.1917    27.5188    27.5186    6.53949    6.54517         29 0.0000e+00
      12849    535.344    159.000     3.2179   3.156969     3.2164   3.156851      88.98     0.0170     2.8663     2.5254  33.912086  3.1947205   47.81036  -45.96510    34.5658    34.5660     3.2079     3.2064    27.5193    27.5196    6.53255    6.54561         31 0.0000e+00
      12902    537.561    160.000     3.2304   3.158293     3.2300   3.158215      80.72     0.0172     2.8621     2.5227  33.912086  3.2056620   47.81037  -45.96510    34.5680    34.5675     3.2203     3.2199    27.5198    27.5195    6.51448    6.52587         88 0.0000e+00
      12978    540.718    161.000     3.2385   3.159207     3.2393   3.159282     100.40     0.0199     2.8565     2.5161  33.912086  3.2262628   47.81038  -45.96510    34.5699    34.5699     3.2284     3.2291    27.5206    27.5205    6.50458    6.49981         38 0.0000e+00
      13004    541.794    162.000     3.2480   3.160297     3.2473   3.160192      98.64     0.0229     2.8562     2.5153  33.922066  3.2246642   47.81038  -45.96510    34.5725    34.5719     3.2377     3.2370    27.5218    27.5214    6.51603    6.51827         25 0.0000e+00
      13029    542.819    163.000     3.2558   3.161175     3.2531   3.160889      98.64     0.0229     2.8565     2.5163  33.926582  3.2246642   47.81038  -45.96510    34.5741    34.5736     3.2455     3.2428    27.5224    27.5221    6.51202    6.51984         26 0.0000e+00
      13063    544.235    164.000     3.2790   3.163567     3.2767   3.163343      98.64     0.0204     2.8523     2.5124  33.938175  3.2328758   47.81039  -45.96510    34.5779    34.5776     3.2686     3.2663    27.5231    27.5231    6.44727    6.45935         46 0.0000e+00
      13120    546.619    165.000     3.2860   3.164331     3.2851   3.164202      79.34     0.0204     2.8366     2.4998  33.928154  3.2532620   47.81040  -45.96510    34.5791    34.5784     3.2755     3.2746    27.5234    27.5230    6.39186    6.40559         56 0.0000e+00
      13163    548.419    166.000     3.3213   3.168087     3.3179   3.167824      98.85     0.0212     2.8266     2.4919  33.941540  3.2638757   47.81040  -45.96510    34.5863    34.5879     3.3107     3.3076    27.5259    27.5275    6.37144    6.39404         36 0.0000e+00
      13199    549.922    167.000     3.4138   3.177716     3.4105   3.177533      98.64     0.0222     2.8210     2.4870  33.941391  3.2705839   47.81040  -45.96512    34.6035    34.6047     3.4029     3.4000    27.5307    27.5319    6.36420    6.36772         39 0.0000e+00
      13252    552.117    168.000     3.4352   3.179954     3.4367   3.180104      98.64     0.0218     2.8150     2.4808  33.951725  3.3209634   47.81041  -45.96512    34.6072    34.6073     3.4243     3.4259    27.5316    27.5316    6.34210    6.34699         65 0.0000e+00
      13305    554.348    169.000     3.4469   3.181210     3.4464   3.181141      98.64     0.0223     2.8082     2.4756  33.983997  3.3726616   47.81042  -45.96512    34.6093    34.6089     3.4359     3.4354    27.5321    27.5319    6.32882    6.33575         37 0.0000e+00
      13337    555.669    170.000     3.4548   3.182079     3.4530   3.181883      98.64     0.0188     2.8057     2.4730  34.007740  3.3831143   47.81042  -45.96512    34.6107    34.6107     3.4438     3.4423    27.5325    27.5327    6.32517    6.33548         30 0.0000e+00
      13367    556.917    171.000     3.4681   3.183448     3.4680   3.183439      98.64     0.0175     2.8039     2.4726  34.024582  3.3907223   47.81042  -45.96512    34.6126    34.6126     3.4569     3.4568    27.5328    27.5328    6.33258    6.34139         31 0.0000e+00
      13400    558.281    172.000     3.4791   3.184640     3.4788   3.184595      98.64     0.0205     2.8035     2.4720  34.043549  3.4113557   47.81042  -45.96512    34.6149    34.6145     3.4679     3.4676    27.5335    27.5332    6.33918    6.34426         31 0.0000e+00
      13430    559.535    173.000     3.4791   3.184669     3.4789   3.184614      98.64     0.0207     2.8049     2.4739  34.051529  3.4195452   47.81044  -45.96512    34.6145    34.6140     3.4678     3.4676    27.5332    27.5328    6.36265    6.37345         34 0.0000e+00
      13464    560.959    174.000     3.4776   3.184574     3.4774   3.184480      98.64     0.0216     2.8104     2.4786  34.060390  3.4241712   47.81044  -45.96512    34.6144    34.6135     3.4662     3.4664    27.5333    27.5326    6.42572    6.41660         33 0.0000e+00
