data/CTD/2014/CNV/d017a027.cnv
* Sea-Bird SBE 9 Data File:
* FileName = C:\CTD_ACQUISITION\2014017HUD\ctddata\017A027.hdr
* Software Version Seasave V 7.22.2
* Temperature SN = 5081
* Conductivity SN = 3561
* Number of Bytes Per Scan = 37
* Number of Voltage Words = 4
* Number of Scans Averaged by the Deck Unit = 1
* NMEA Latitude = 48 53.74 N
* NMEA Longitude = 045 47.37 W
* NMEA UTC (Time) = Jul 07 2014 00:10:49
* NMEA baud rate = 9600
** Ship: Hudson
** Cruise: HUD2014017
** Chief_Scientist: Blair Greenan
** Organization: BIO
** Area_of_Operation: Sackville Spur
** Station: 027
** Sounding:  2297
** Event_Comments: SS_27, 403160
# nquan = 25
# nvalues = 2373                        
# units = specified
# name 0 = scan: Scan Count
# name 1 = timeS: Time, Elapsed [seconds]
# name 2 = prDM: Pressure, Digiquartz [db]
# name 3 = t068C: Temperature [ITS-68, deg C]
# name 4 = c0S/m: Conductivity [S/m]
# name 5 = t168C: Temperature, 2 [ITS-68, deg C]
# name 6 = c1S/m: Conductivity, 2 [S/m]
# name 7 = altM: Altimeter [m]
# name 8 = flC: Fluorescence, Chelsea Aqua 3 Chl Con [ug/l]
# name 9 = sbeox0V: Oxygen raw, SBE 43 [V]
# name 10 = sbeox1V: Oxygen raw, SBE 43, 2 [V]
# name 11 = upoly0: Upoly 0, Optode 4330F - O2 D-Phase
# name 12 = upoly1: Upoly 1, Optode 4330F - O2 Temp
# name 13 = latitude: Latitude [deg]
# name 14 = longitude: Longitude [deg]
# name 15 = sal00: Salinity, Practical [PSU]
# name 16 = sal11: Salinity, Practical, 2 [PSU]
# name 17 = potemp068C: Potential Temperature [ITS-68, deg C]
# name 18 = potemp168C: Potential Temperature, 2 [ITS-68, deg C]
# name 19 = sigma-é00: Density [sigma-theta, Kg/m^3]
# name 20 = sigma-é11: Density, 2 [sigma-theta, Kg/m^3]
# name 21 = sbeox0ML/L: Oxygen, SBE 43 [ml/l], WS = 2
# name 22 = sbeox1ML/L: Oxygen, SBE 43, 2 [ml/l], WS = 2
# name 23 = nbin: number of scans per bin
# name 24 = flag: flag
# span 0 =       6681,      66535       
# span 1 =    278.322,   2772.249       
# span 2 =      2.000,   2374.000       
# span 3 =     1.9204,     8.6630       
# span 4 =   3.009586,   3.553238       
# span 5 =     1.9190,     8.6621       
# span 6 =   3.009126,   3.553135       
# span 7 =      -6.02,     103.30       
# span 8 =     0.0045,     0.3895       
# span 9 =     2.2217,     3.5487       
# span 10 =     1.9670,     3.0460      
# span 11 =  30.123817,  35.462120      
# span 12 =  2.3612521,  8.7157011      
# span 13 =   48.89676,   48.89865      
# span 14 =  -45.78951,  -45.78137      
# span 15 =    33.6284,    34.9165      
# span 16 =    33.6276,    34.9157      
# span 17 =     1.9184,     8.6626      
# span 18 =     1.9170,     8.6617      
# span 19 =    26.0971,    27.8540      
# span 20 =    26.0966,    27.8537      
# span 21 =    6.25863,    7.86497      
# span 22 =    6.24406,    7.76331      
# span 23 =         12,         92      
# span 24 = 0.0000e+00, 0.0000e+00      
# interval = decibars: 1                
# start_time = Jul 07 2014 00:10:49 [NMEA time, header]
# bad_flag = -9.990e-29
*END*
[from data line 2203]
      60727   2530.265   2205.000     2.9071   3.245428     2.9079   3.245435      88.42     0.0156     2.2649     2.0055  35.318680  2.9120879   48.89834  -45.78240    34.9125    34.9118     2.7371     2.7379    27.8393    27.8386    6.39216    6.37286         16 0.0000e+00
      60743   2530.907   2206.000     2.9028   3.245084     2.9031   3.245047      58.54     0.0152     2.2639     2.0053  35.318680  2.9050293   48.89834  -45.78240    34.9125    34.9116     2.7328     2.7331    27.8396    27.8389    6.38712    6.36937         15 0.0000e+00
      60758   2531.562   2207.000     2.8995   3.244822     2.8988   3.244704      98.68     0.0150     2.2639     2.0049  35.318680  2.9023209   48.89834  -45.78240    34.9123    34.9116     2.7295     2.7288    27.8398    27.8393    6.39318    6.36085         16 0.0000e+00
      60776   2532.312   2208.000     2.8944   3.244407     2.8907   3.244008      98.63     0.0167     2.2635     2.0041  35.319359  2.9023199   48.89836  -45.78240    34.9123    34.9114     2.7243     2.7266    27.8402    27.8399    6.39685    6.35565         21 0.0000e+00
      60828   2534.438   2209.000     2.8876   3.243850     2.8936   3.244310      88.21     0.0167     2.2625     2.0026  35.330784  2.8919551   48.89836  -45.78240    34.9123    34.9115     2.7175     2.7231    27.8409    27.8397    6.39492    6.35913         32 0.0000e+00
      60901   2537.512   2210.000     2.8894   3.244063     2.8914   3.244118      98.67     0.0144     2.2621     2.0014  35.322029  2.8925519   48.89836  -45.78240    34.9125    34.9110     2.7192     2.7212    27.8408    27.8395    6.39922    6.36805         13 0.0000e+00
      60914   2538.032   2211.000     2.8820   3.243456     2.8816   3.243335      98.63     0.0136     2.2614     2.0012  35.322350  2.8925519   48.89836  -45.78242    34.9125    34.9115     2.7119     2.7115    27.8415    27.8408    6.40192    6.36747         12 0.0000e+00
      60926   2538.531   2212.000     2.8815   3.243444     2.8809   3.243348      66.98     0.0130     2.2618     2.0015  35.321098  2.8925519   48.89836  -45.78242    34.9124    34.9120     2.7113     2.7107    27.8415    27.8412    6.41328    6.36905         12 0.0000e+00
      60938   2539.031   2213.000     2.8790   3.243252     2.8792   3.243195      62.64     0.0158     2.2619     2.0010  35.333572  2.8925519   48.89836  -45.78242    34.9124    34.9114     2.7087     2.7090    27.8417    27.8409    6.41874    6.36780         12 0.0000e+00
      60950   2539.545   2214.000     2.8726   3.242733     2.8720   3.242593      98.87     0.0199     2.2626     2.0012  35.333332  2.8925519   48.89836  -45.78242    34.9124    34.9113     2.7024     2.7018    27.8423    27.8415    6.40913    6.37716         13 0.0000e+00
      60963   2540.081   2215.000     2.8692   3.242473     2.8686   3.242348      98.63     0.0213     2.2618     2.0016  35.333332  2.8925519   48.89836  -45.78240    34.9124    34.9116     2.6990     2.6983    27.8426    27.8420    6.39066    6.38136         13 0.0000e+00
      60977   2540.649   2216.000     2.8680   3.242399     2.8673   3.242286      98.63     0.0233     2.2612     2.0016  35.333332  2.8862391   48.89836  -45.78240    34.9123    34.9117     2.6977     2.6969    27.8426    27.8422    6.39234    6.37608         14 0.0000e+00
      60991   2541.262   2217.000     2.8676   3.242406     2.8669   3.242291      98.27     0.0232     2.2613     2.0013  35.333332  2.8732059   48.89836  -45.78240    34.9123    34.9117     2.6972     2.6965    27.8427    27.8422    6.40861    6.37578         16 0.0000e+00
      61008   2541.942   2218.000     2.8673   3.242410     2.8666   3.242299      98.54     0.0184     2.2613     2.0016  35.333332  2.8730159   48.89836  -45.78240    34.9122    34.9116     2.6968     2.6961    27.8426    27.8422    6.41003    6.37403         17 0.0000e+00
      61027   2542.739   2219.000     2.8669   3.242416     2.8664   3.242319      98.63     0.0157     2.2611     2.0010  35.333332  2.8675113   48.89836  -45.78240    34.9122    34.9117     2.6963     2.6958    27.8427    27.8423    6.40306    6.36865         21 0.0000e+00
      61064   2544.303   2220.000     2.8669   3.242443     2.8665   3.242361      77.53     0.0164     2.2603     2.0007  35.333332  2.8639739   48.89836  -45.78240    34.9121    34.9116     2.6962     2.6958    27.8426    27.8422    6.40232    6.37165         53 0.0000e+00
      61150   2547.860   2221.000     2.8675   3.242550     2.8699   3.242714      89.53     0.0174     2.2597     1.9996  35.333332  2.8663771   48.89836  -45.78240    34.9123    34.9117     2.6967     2.6991    27.8427    27.8420    6.40616    6.36197         28 0.0000e+00
      61163   2548.421   2222.000     2.8678   3.242613     2.8670   3.242502      75.61     0.0155     2.2594     1.9992  35.333332  2.8661213   48.89836  -45.78240    34.9123    34.9118     2.6969     2.6961    27.8427    27.8423    6.39794    6.36754         17 0.0000e+00
      61179   2549.086   2223.000     2.8676   3.242639     2.8666   3.242517      68.44     0.0139     2.2590     1.9994  35.333332  2.8730412   48.89836  -45.78240    34.9123    34.9119     2.6966     2.6957    27.8427    27.8424    6.39850    6.36786         15 0.0000e+00
      61194   2549.694   2224.000     2.8671   3.242643     2.8664   3.242542      98.97     0.0167     2.2586     1.9988  35.333332  2.8730159   48.89836  -45.78240    34.9124    34.9119     2.6960     2.6954    27.8428    27.8425    6.40651    6.36589         14 0.0000e+00
      61208   2550.285   2225.000     2.8665   3.242631     2.8659   3.242517      98.63     0.0161     2.2600     1.9990  35.333332  2.8730159   48.89836  -45.78240    34.9125    34.9118     2.6953     2.6947    27.8430    27.8424    6.40572    6.36852         14 0.0000e+00
      61222   2550.875   2226.000     2.8653   3.242567     2.8646   3.242461      98.63     0.0135     2.2583     1.9986  35.351902  2.8665001   48.89836  -45.78240    34.9125    34.9119     2.6940     2.6934    27.8431    27.8426    6.39670    6.36826         15 0.0000e+00
      61236   2551.478   2227.000     2.8651   3.242586     2.8644   3.242489      70.44     0.0134     2.2587     1.9986  35.356350  2.8632536   48.89836  -45.78240    34.9125    34.9120     2.6937     2.6931    27.8431    27.8428    6.40559    6.37027         14 0.0000e+00
      61252   2552.109   2228.000     2.8649   3.242611     2.8643   3.242513      69.96     0.0134     2.2582     1.9985  35.361767  2.8632479   48.89834  -45.78240    34.9124    34.9119     2.6935     2.6929    27.8431    27.8427    6.39779    6.37248         16 0.0000e+00
      61268   2552.778   2229.000     2.8650   3.242657     2.8643   3.242554      98.06     0.0138     2.2579     1.9985  35.345726  2.8581800   48.89835  -45.78240    34.9125    34.9119     2.6934     2.6928    27.8431    27.8427    6.39872    6.37255         17 0.0000e+00
      61285   2553.505   2230.000     2.8650   3.242692     2.8643   3.242587      98.63     0.0210     2.2578     1.9984  35.333599  2.8535814   48.89836  -45.78240    34.9124    34.9119     2.6933     2.6927    27.8431    27.8427    6.40683    6.37438         18 0.0000e+00
      61305   2554.339   2231.000     2.8647   3.242713     2.8640   3.242600      78.34     0.0253     2.2578     1.9984  35.333332  2.8534799   48.89836  -45.78240    34.9124    34.9118     2.6930     2.6923    27.8431    27.8427    6.41006    6.37611         22 0.0000e+00
      61346   2556.053   2232.000     2.8647   3.242733     2.8640   3.242625      71.99     0.0195     2.2571     1.9981  35.338409  2.8534799   48.89836  -45.78240    34.9123    34.9117     2.6929     2.6922    27.8430    27.8426    6.39859    6.36980         63 0.0000e+00
      61413   2558.844   2233.000     2.8644   3.242759     2.8640   3.242677      95.73     0.0133     2.2562     1.9972  35.337761  2.8579023   48.89836  -45.78240    34.9124    34.9118     2.6925     2.6922    27.8431    27.8427    6.40459    6.37033         29 0.0000e+00
      61432   2559.622   2234.000     2.8638   3.242754     2.8631   3.242640      98.40     0.0204     2.2564     1.9971  35.334080  2.8633506   48.89836  -45.78240    34.9124    34.9119     2.6919     2.6911    27.8432    27.8428    6.39894    6.37049         18 0.0000e+00
      61449   2560.348   2235.000     2.8639   3.242805     2.8633   3.242703      98.17     0.0197     2.2557     1.9971  35.333317  2.8632479   48.89836  -45.78240    34.9125    34.9120     2.6918     2.6912    27.8433    27.8429    6.40099    6.37342         17 0.0000e+00
      61465   2561.016   2236.000     2.8641   3.242867     2.8635   3.242767      98.63     0.0184     2.2561     1.9971  35.341515  2.8626416   48.89836  -45.78240    34.9125    34.9120     2.6920     2.6913    27.8433    27.8429    6.40259    6.37283         16 0.0000e+00
      61481   2561.647   2237.000     2.8642   3.242907     2.8634   3.242792      53.18     0.0136     2.2555     1.9971  35.340656  2.8632491   48.89835  -45.78240    34.9125    34.9120     2.6919     2.6911    27.8433    27.8429    6.39366    6.37068         14 0.0000e+00
      61495   2562.254   2238.000     2.8643   3.242951     2.8634   3.242838      81.47     0.0123     2.2550     1.9966  35.343117  2.8625927   48.89834  -45.78240    34.9124    34.9120     2.6919     2.7083    27.8432    27.8430    6.39843    6.37187         15 0.0000e+00
      61510   2562.861   2239.000     2.8647   3.243024     2.8639   3.242919      98.24     0.0142     2.2554     1.9970  35.343102  2.8562305   48.89834  -45.78240    34.9124    34.9120     2.6922     2.6918    27.8432    27.8429    6.40814    6.37720         15 0.0000e+00
      61525   2563.489   2240.000     2.8646   3.243058     2.8639   3.242954      98.63     0.0168     2.2551     1.9970  35.345982  2.8535242   48.89834  -45.78240    34.9125    34.9120     2.6920     2.6913    27.8433    27.8429    6.39850    6.37033         15 0.0000e+00
      61542   2564.201   2241.000     2.8644   3.243083     2.8637   3.242974      88.50     0.0145     2.2549     1.9964  35.346439  2.8534799   48.89834  -45.78240    34.9125    34.9119     2.6917     2.6910    27.8433    27.8429    6.40904    6.37129         19 0.0000e+00
      61566   2565.192   2242.000     2.8645   3.243122     2.8637   3.243014      77.26     0.0126     2.2551     1.9965  35.347023  2.8534799   48.89834  -45.78239    34.9124    34.9119     2.6918     2.6910    27.8432    27.8429    6.40054    6.37594         32 0.0000e+00
      61611   2567.101   2243.000     2.8646   3.243171     2.8640   3.243075      78.68     0.0117     2.2540     1.9962  35.342361  2.8534799   48.89835  -45.78238    34.9123    34.9118     2.6918     2.6912    27.8432    27.8428    6.40158    6.37375         46 0.0000e+00
      61640   2568.311   2244.000     2.8646   3.243222     2.8639   3.243120      99.23     0.0091     2.2542     1.9960  35.335316  2.8534799   48.89836  -45.78238    34.9124    34.9120     2.6917     2.6910    27.8433    27.8429    6.39543    6.37393         20 0.0000e+00
      61659   2569.079   2245.000     2.8641   3.243215     2.8633   3.243101      98.63     0.0133     2.2534     1.9961  35.361549  2.8590221   48.89836  -45.78238    34.9125    34.9119     2.6911     2.6904    27.8433    27.8429    6.39514    6.37239         18 0.0000e+00
      61677   2569.820   2246.000     2.8637   3.243214     2.8630   3.243109      50.62     0.0147     2.2533     1.9957  35.361851  2.8596358   48.89836  -45.78238    34.9124    34.9119     2.6906     2.6899    27.8433    27.8430    6.39963    6.36800         19 0.0000e+00
      61697   2570.657   2247.000     2.8633   3.243219     2.8625   3.243103      96.98     0.0173     2.2530     1.9954  35.352329  2.8575523   48.89836  -45.78238    34.9124    34.9119     2.6901     2.6893    27.8434    27.8430    6.40374    6.36630         22 0.0000e+00
      61725   2571.835   2248.000     2.8630   3.243219     2.8621   3.243110      91.79     0.0154     2.2530     1.9947  35.348186  2.8536823   48.89836  -45.78238    34.9123    34.9119     2.6897     2.6889    27.8433    27.8430    6.39939    6.36269         36 0.0000e+00
      61762   2573.357   2249.000     2.8619   3.243175     2.8609   3.243044      66.85     0.0134     2.2525     1.9941  35.344025  2.8534799   48.89836  -45.78238    34.9124    34.9119     2.6886     2.6876    27.8435    27.8431    6.40160    6.36879         31 0.0000e+00
      61785   2574.341   2250.000     2.8602   3.243062     2.8594   3.242953      76.79     0.0149     2.2520     1.9939  35.344906  2.8534799   48.89836  -45.78236    34.9124    34.9119     2.6868     2.6860    27.8436    27.8433    6.40323    6.37246         19 0.0000e+00
      61803   2575.075   2251.000     2.8569   3.242810     2.8560   3.242685      99.01     0.0173     2.2524     1.9940  35.362942  2.8534799   48.89836  -45.78236    34.9124    34.9118     2.6834     2.6826    27.8439    27.8436    6.40662    6.37945         16 0.0000e+00
      61819   2575.741   2252.000     2.8554   3.242709     2.8548   3.242623      44.73     0.0145     2.2520     1.9942  35.362637  2.8534799   48.89836  -45.78236    34.9123    34.9119     2.6819     2.6813    27.8440    27.8437    6.40556    6.37415         16 0.0000e+00
      61835   2576.410   2253.000     2.8541   3.242639     2.8532   3.242522      92.10     0.0145     2.2523     1.9939  35.360928  2.8534799   48.89836  -45.78236    34.9124    34.9119     2.6805     2.6796    27.8442    27.8439    6.40919    6.36834         17 0.0000e+00
      61852   2577.138   2254.000     2.8536   3.242625     2.8527   3.242514      98.57     0.0148     2.2523     1.9936  35.361008  2.8486509   48.89836  -45.78236    34.9123    34.9119     2.6799     2.6790    27.8442    27.8440    6.39600    6.37131         18 0.0000e+00
      61874   2578.025   2255.000     2.8533   3.242638     2.8525   3.242533      92.88     0.0186     2.2512     1.9933  35.360306  2.8484039   48.89836  -45.78236    34.9123    34.9119     2.6795     2.6787    27.8442    27.8439    6.40045    6.36936         25 0.0000e+00
      61908   2579.444   2256.000     2.8531   3.242653     2.8524   3.242551      80.37     0.0156     2.2515     1.9930  35.361279  2.8457754   48.89836  -45.78236    34.9122    34.9117     2.6792     2.6786    27.8442    27.8438    6.40805    6.37148         44 0.0000e+00
      61948   2581.135   2257.000     2.8524   3.242639     2.8515   3.242517      82.72     0.0171     2.2509     1.9928  35.362717  2.8452621   48.89836  -45.78234    34.9123    34.9117     2.6784     2.6776    27.8443    27.8439    6.39169    6.37503         31 0.0000e+00
      61973   2582.174   2258.000     2.8522   3.242665     2.8515   3.242553      58.45     0.0173     2.2501     1.9928  35.361271  2.8450377   48.89836  -45.78234    34.9123    34.9117     2.6782     2.6775    27.8444    27.8439    6.39763    6.37496         22 0.0000e+00
      61994   2583.049   2259.000     2.8514   3.242640     2.8506   3.242518      98.95     0.0193     2.2500     1.9926  35.373901  2.8465142   48.89836  -45.78234    34.9123    34.9118     2.6773     2.6765    27.8444    27.8441    6.41063    6.36933         21 0.0000e+00
      62016   2583.940   2260.000     2.8505   3.242599     2.8498   3.242489      98.63     0.0197     2.2503     1.9922  35.376629  2.8463755   48.89836  -45.78234    34.9123    34.9118     2.6764     2.6756    27.8445    27.8441    6.39681    6.36149         22 0.0000e+00
      62040   2584.943   2261.000     2.8490   3.242496     2.8480   3.242361      60.42     0.0174     2.2494     1.9914  35.365963  2.8440759   48.89836  -45.78234    34.9122    34.9117     2.6747     2.6738    27.8446    27.8442    6.40045    6.36439         26 0.0000e+00
