data/CTD/2014/CNV/d017a045.cnv
* Sea-Bird SBE 9 Data File:
* FileName = C:\CTD_ACQUISITION\2014017HUD\ctddata\017A045.hdr
* Software Version Seasave V 7.22.2
* Temperature SN = 5081
* Conductivity SN = 3561
* Number of Bytes Per Scan = 37
* Number of Voltage Words = 4
* Number of Scans Averaged by the Deck Unit = 1
* NMEA Latitude = 47 58.49 N
* NMEA Longitude = 046 09.17 W
* NMEA UTC (Time) = Jul 10 2014 21:15:35
* NMEA baud rate = 9600
** Ship: Hudson
** Cruise: HUD2014017
** Chief_Scientist: Blair Greenan
** Organization: BIO
** Area_of_Operation: Sackville Spur
** Station: 045
** Sounding:  1057
** Event_Comments: SS_17, 403259
# nquan = 25
# nvalues = 1080                        
# units = specified
# name 0 = scan: Scan Count
# name 1 = timeS: Time, Elapsed [seconds]
# name 2 = prDM: Pressure, Digiquartz [db]
# name 3 = t068C: Temperature [ITS-68, deg C]
# name 4 = c0S/m: Conductivity [S/m]
# name 5 = t168C: Temperature, 2 [ITS-68, deg C]
# name 6 = c1S/m: Conductivity, 2 [S/m]
# name 7 = altM: Altimeter [m]
# name 8 = flC: Fluorescence, Chelsea Aqua 3 Chl Con [ug/l]
# name 9 = sbeox0V: Oxygen raw, SBE 43 [V]
# name 10 = sbeox1V: Oxygen raw, SBE 43, 2 [V]
# name 11 = upoly0: Upoly 0, Optode 4330F - O2 D-Phase
# name 12 = upoly1: Upoly 1, Optode 4330F - O2 Temp
# name 13 = latitude: Latitude [deg]
# name 14 = longitude: Longitude [deg]
# name 15 = sal00: Salinity, Practical [PSU]
# name 16 = sal11: Salinity, Practical, 2 [PSU]
# name 17 = potemp068C: Potential Temperature [ITS-68, deg C]
# name 18 = potemp168C: Potential Temperature, 2 [ITS-68, deg C]
# name 19 = sigma-é00: Density [sigma-theta, Kg/m^3]
# name 20 = sigma-é11: Density, 2 [sigma-theta, Kg/m^3]
# name 21 = sbeox0ML/L: Oxygen, SBE 43 [ml/l], WS = 2
# name 22 = sbeox1ML/L: Oxygen, SBE 43, 2 [ml/l], WS = 2
# name 23 = nbin: number of scans per bin
# name 24 = flag: flag
# span 0 =       5838,      36200       
# span 1 =    243.202,   1508.307       
# span 2 =      2.000,   1081.000       
# span 3 =     2.7291,     8.1726       
# span 4 =   3.095656,   3.525581       
# span 5 =     2.7274,     8.1722       
# span 6 =   3.093728,   3.525371       
# span 7 =       1.85,     102.25       
# span 8 =     0.0076,     0.3735       
# span 9 =     2.5205,     3.5660       
# span 10 =     2.2250,     3.1252      
# span 11 =  29.884775,  34.792065      
# span 12 =  2.7046292,  8.2224941      
# span 13 =   47.97522,   47.97604      
# span 14 =  -46.15422,  -46.15216      
# span 15 =    33.1695,    34.9145      
# span 16 =    33.1683,    34.9144      
# span 17 =     2.7221,     8.1721      
# span 18 =     2.7204,     8.1718      
# span 19 =    25.8115,    27.7703      
# span 20 =    25.8105,    27.7701      
# span 21 =    6.20357,    7.67228      
# span 22 =    6.18426,    7.69839      
# span 23 =         13,        124      
# span 24 = 0.0000e+00, 0.0000e+00      
# interval = decibars: 1                
# start_time = Jul 10 2014 21:15:35 [NMEA time, header]
# bad_flag = -9.990e-29
*END*
[from data line 580]
      23408    975.290    582.000     3.9120   3.263218     3.9118   3.263128      98.46     0.0130     2.7777     2.4502  33.750916  3.9169488   47.97532  -46.15390    34.8740    34.8732     3.8699     3.8696    27.6996    27.6990    6.52778    6.53382         24 0.0000e+00
      23430    976.219    583.000     3.9046   3.262515     3.9045   3.262362      98.64     0.0161     2.7778     2.4505  33.750916  3.9167194   47.97530  -46.15392    34.8728    34.8717     3.8627     3.8623    27.6993    27.6985    6.52928    6.53474         20 0.0000e+00
      23449    976.986    584.000     3.8946   3.261565     3.8939   3.261415      44.61     0.0176     2.7781     2.4512  33.750916  3.9176576   47.97530  -46.15392    34.8719    34.8708     3.8523     3.8517    27.6997    27.6989    6.52591    6.54052         18 0.0000e+00
      23465    977.671    585.000     3.8884   3.260986     3.8874   3.260805      93.38     0.0186     2.7774     2.4514  33.750916  3.9086382   47.97530  -46.15392    34.8709    34.8699     3.8462     3.8451    27.6996    27.6989    6.52743    6.54107         16 0.0000e+00
      23481    978.341    586.000     3.8835   3.260576     3.8833   3.260486      98.55     0.0187     2.7776     2.4517  33.750916  3.9084249   47.97530  -46.15392    34.8707    34.8700     3.8412     3.8409    27.6999    27.6994    6.53235    6.54104         16 0.0000e+00
      23500    979.106    587.000     3.8818   3.260429     3.8815   3.260337      98.64     0.0183     2.7777     2.4515  33.757038  3.9052505   47.97528  -46.15392    34.8703    34.8695     3.8394     3.8391    27.6998    27.6992    6.53376    6.53687         21 0.0000e+00
      23542    980.885    588.000     3.8809   3.260392     3.8803   3.260275      80.91     0.0203     2.7782     2.4515  33.761875  3.8921287   47.97532  -46.15391    34.8703    34.8695     3.8384     3.8379    27.6999    27.6993    6.54267    6.54497         65 0.0000e+00
      23590    982.885    589.000     3.8795   3.260317     3.8794   3.260250      41.92     0.0157     2.7801     2.4530  33.751530  3.8869750   47.97532  -46.15392    34.8703    34.8696     3.8370     3.8369    27.7001    27.6995    6.54858    6.55736         24 0.0000e+00
      23608    983.615    590.000     3.8774   3.260164     3.8775   3.260103      86.86     0.0151     2.7799     2.4534  33.750900  3.8895295   47.97533  -46.15392    34.8702    34.8695     3.8348     3.8348    27.7002    27.6996    6.54256    6.55227         16 0.0000e+00
      23622    984.224    591.000     3.8760   3.260071     3.8759   3.260010      98.54     0.0153     2.7800     2.4535  33.750916  3.8895857   47.97534  -46.15392    34.8701    34.8695     3.8333     3.8332    27.7003    27.6997    6.54368    6.54936         14 0.0000e+00
      23636    984.774    592.000     3.8738   3.259906     3.8737   3.259822      98.64     0.0179     2.7797     2.4532  33.750916  3.8903658   47.97534  -46.15392    34.8699    34.8690     3.8311     3.8310    27.7003    27.6996    6.54129    6.55103         13 0.0000e+00
      23649    985.322    593.000     3.8722   3.259797     3.8720   3.259717      98.63     0.0201     2.7797     2.4531  33.750916  3.8852446   47.97534  -46.15392    34.8699    34.8691     3.8294     3.8292    27.7005    27.6999    6.54353    6.55128         13 0.0000e+00
      23663    985.929    594.000     3.8701   3.259628     3.8700   3.259554      45.19     0.0186     2.7793     2.4533  33.750916  3.8834188   47.97534  -46.15392    34.8695    34.8688     3.8273     3.8271    27.7004    27.6998    6.54300    6.54995         16 0.0000e+00
      23687    986.897    595.000     3.8691   3.259575     3.8687   3.259490      87.48     0.0152     2.7791     2.4526  33.750916  3.8798513   47.97534  -46.15392    34.8694    34.8688     3.8261     3.8258    27.7005    27.7000    6.54020    6.54624         36 0.0000e+00
      23744    989.298    596.000     3.8695   3.259664     3.8685   3.259511      71.18     0.0154     2.7775     2.4518  33.748878  3.8754375   47.97534  -46.15392    34.8695    34.8687     3.8265     3.8255    27.7005    27.7000    6.53557    6.55210         53 0.0000e+00
      23772    990.464    597.000     3.8680   3.259579     3.8677   3.259480      44.12     0.0162     2.7772     2.4520  33.747559  3.8787191   47.97534  -46.15393    34.8696    34.8688     3.8249     3.8278    27.7007    27.7001    6.54456    6.54995         22 0.0000e+00
      23791    991.257    598.000     3.8679   3.259627     3.8677   3.259541      99.13     0.0138     2.7773     2.4518  33.748337  3.8791249   47.97532  -46.15400    34.8697    34.8689     3.8248     3.8245    27.7008    27.7002    6.54206    6.54799         17 0.0000e+00
      23808    991.940    599.000     3.8685   3.259735     3.8687   3.259697      43.04     0.0179     2.7770     2.4516  33.750927  3.8791208   47.97535  -46.15395    34.8699    34.8692     3.8252     3.8254    27.7009    27.7003    6.54166    6.54108         16 0.0000e+00
      23823    992.600    600.000     3.8695   3.259884     3.8694   3.259819      85.41     0.0197     2.7772     2.4503  33.750916  3.8791208   47.97536  -46.15394    34.8700    34.8693     3.8262     3.8261    27.7009    27.7004    6.54389    6.53216         16 0.0000e+00
      23840    993.304    601.000     3.8702   3.260003     3.8702   3.259948      93.21     0.0209     2.7770     2.4494  33.747696  3.8742933   47.97536  -46.15394    34.8702    34.8695     3.8268     3.8268    27.7010    27.7004    6.53991    6.53838         18 0.0000e+00
      23860    994.121    602.000     3.8705   3.260071     3.8705   3.259997      98.49     0.0188     2.7762     2.4495  33.748234  3.8694961   47.97535  -46.15394    34.8701    34.8693     3.8270     3.8270    27.7009    27.7003    6.53633    6.55028         22 0.0000e+00
      23887    995.266    603.000     3.8691   3.259967     3.8689   3.259881      67.40     0.0170     2.7762     2.4497  33.749153  3.8693528   47.97535  -46.15394    34.8699    34.8691     3.8255     3.8263    27.7008    27.7003    6.54474    6.54907         34 0.0000e+00
      23923    996.741    604.000     3.8689   3.259992     3.8686   3.259902      99.40     0.0216     2.7755     2.4490  33.750046  3.8693528   47.97535  -46.15394    34.8699    34.8691     3.8252     3.8249    27.7009    27.7003    6.53557    6.53897         33 0.0000e+00
      23951    997.914    605.000     3.8692   3.260077     3.8693   3.260020      52.03     0.0193     2.7748     2.4483  33.737907  3.8693528   47.97536  -46.15394    34.8700    34.8693     3.8255     3.8255    27.7009    27.7004    6.54002    6.54444         24 0.0000e+00
      23973    998.840    606.000     3.8713   3.260358     3.8711   3.260238      98.12     0.0160     2.7748     2.4482  33.737656  3.8693528   47.97536  -46.15394    34.8705    34.8694     3.8275     3.8273    27.7012    27.7003    6.54128    6.54657         21 0.0000e+00
      23993    999.683    607.000     3.8731   3.260584     3.8730   3.260478      98.63     0.0159     2.7747     2.4484  33.750851  3.8693528   47.97536  -46.15394    34.8708    34.8697     3.8293     3.8291    27.7012    27.7004    6.53430    6.54691         20 0.0000e+00
      24014   1000.538    608.000     3.8722   3.260525     3.8715   3.260382      77.90     0.0170     2.7733     2.4481  33.750916  3.8693528   47.97536  -46.15394    34.8705    34.8696     3.8283     3.8275    27.7011    27.7004    6.53125    6.54247         21 0.0000e+00
      24036   1001.466    609.000     3.8727   3.260609     3.8726   3.260543      68.39     0.0179     2.7734     2.4474  33.746418  3.8714950   47.97538  -46.15394    34.8705    34.8698     3.8287     3.8285    27.7010    27.7005    6.53552    6.53800         23 0.0000e+00
      24060   1002.441    610.000     3.8737   3.260749     3.8734   3.260659      98.75     0.0157     2.7724     2.4470  33.741741  3.8705704   47.97538  -46.15394    34.8706    34.8698     3.8295     3.8293    27.7011    27.7004    6.52573    6.54102         24 0.0000e+00
      24083   1003.422    611.000     3.8754   3.261002     3.8751   3.260920      85.31     0.0140     2.7710     2.4464  33.740715  3.8706272   47.97538  -46.15394    34.8712    34.8706     3.8312     3.8309    27.7014    27.7009    6.52022    6.53132         23 0.0000e+00
      24108   1004.440    612.000     3.8805   3.261612     3.8812   3.261627      66.31     0.0133     2.7699     2.4449  33.743031  3.8693497   47.97538  -46.15394    34.8725    34.8720     3.8362     3.8369    27.7019    27.7014    6.51724    6.52496         26 0.0000e+00
      24136   1005.607    613.000     3.8846   3.262058     3.8843   3.261967      98.71     0.0145     2.7681     2.4437  33.739185  3.8739221   47.97538  -46.15395    34.8730    34.8722     3.8402     3.8399    27.7018    27.7012    6.51163    6.51754         30 0.0000e+00
      24164   1006.782    614.000     3.8859   3.262240     3.8857   3.262159      60.29     0.0165     2.7666     2.4416  33.740398  3.8764539   47.97538  -46.15396    34.8732    34.8725     3.8414     3.8412    27.7019    27.7013    6.50927    6.51022         25 0.0000e+00
      24186   1007.720    615.000     3.8884   3.262569     3.8880   3.262487      88.29     0.0178     2.7654     2.4405  33.751041  3.8791530   47.97538  -46.15397    34.8740    34.8734     3.8438     3.8434    27.7023    27.7019    6.51037    6.51375         21 0.0000e+00
      24205   1008.512    616.000     3.8970   3.263550     3.8968   3.263488      50.83     0.0189     2.7652     2.4397  33.750916  3.8791208   47.97538  -46.15398    34.8760    34.8754     3.8523     3.8521    27.7030    27.7026    6.51134    6.51465         18 0.0000e+00
      24223   1009.254    617.000     3.8997   3.263814     3.8998   3.263770      61.83     0.0184     2.7641     2.4396  33.743752  3.8812435   47.97538  -46.15398    34.8757    34.8751     3.8549     3.8550    27.7025    27.7020    6.50585    6.52090         18 0.0000e+00
      24242   1010.035    618.000     3.8995   3.263878     3.9000   3.263886      40.79     0.0198     2.7638     2.4396  33.738636  3.8815536   47.97540  -46.15398    34.8762    34.8757     3.8546     3.8551    27.7029    27.7025    6.50580    6.52095         20 0.0000e+00
      24265   1011.010    619.000     3.9046   3.264445     3.9046   3.264386      94.76     0.0183     2.7627     2.4393  33.741337  3.8851991   47.97538  -46.15396    34.8770    34.8763     3.8596     3.8596    27.7030    27.7025    6.50267    6.51530         28 0.0000e+00
      24301   1012.493    620.000     3.9062   3.264636     3.9058   3.264553      66.80     0.0198     2.7614     2.4382  33.751007  3.8889227   47.97540  -46.15396    34.8770    34.8764     3.8611     3.8608    27.7029    27.7025    6.50065    6.50992         40 0.0000e+00
      24336   1013.939    621.000     3.9068   3.264752     3.9065   3.264665      93.89     0.0153     2.7602     2.4374  33.750916  3.8991039   47.97541  -46.15396    34.8772    34.8765     3.8617     3.8614    27.7030    27.7024    6.49125    6.50950         27 0.0000e+00
      24358   1014.863    622.000     3.9080   3.264931     3.9078   3.264870      98.69     0.0170     2.7587     2.4365  33.750916  3.8986568   47.97542  -46.15396    34.8776    34.8770     3.8628     3.8626    27.7032    27.7028    6.49034    6.49857         20 0.0000e+00
      24376   1015.635    623.000     3.9091   3.265094     3.9086   3.265000      69.46     0.0150     2.7578     2.4355  33.763756  3.8997271   47.97542  -46.15396    34.8778    34.8772     3.8638     3.8633    27.7032    27.7028    6.49047    6.49917         18 0.0000e+00
      24394   1016.364    624.000     3.9108   3.265348     3.9107   3.265301      59.80     0.0140     2.7571     2.4349  33.762997  3.8998051   47.97542  -46.15396    34.8785    34.8780     3.8654     3.8653    27.7036    27.7033    6.49015    6.50374         17 0.0000e+00
      24412   1017.116    625.000     3.9158   3.265916     3.9158   3.265854      98.15     0.0153     2.7566     2.4348  33.763252  3.9007020   47.97542  -46.15396    34.8793    34.8788     3.8703     3.8703    27.7038    27.7034    6.49217    6.50428         19 0.0000e+00
      24432   1017.977    626.000     3.9186   3.266242     3.9184   3.266159      98.63     0.0158     2.7562     2.4342  33.769852  3.9040887   47.97542  -46.15396    34.8798    34.8790     3.8730     3.8728    27.7039    27.7033    6.48828    6.49874         23 0.0000e+00
      24458   1019.047    627.000     3.9198   3.266383     3.9196   3.266319      47.39     0.0193     2.7549     2.4336  33.769135  3.9069815   47.97542  -46.15396    34.8796    34.8791     3.8741     3.8740    27.7036    27.7032    6.48397    6.50088         29 0.0000e+00
      24490   1020.385    628.000     3.9205   3.266510     3.9204   3.266443      85.89     0.0197     2.7541     2.4332  33.771374  3.9083929   47.97543  -46.15396    34.8799    34.8792     3.8748     3.8747    27.7038    27.7032    6.48528    6.50029         35 0.0000e+00
      24525   1021.827    629.000     3.9209   3.266606     3.9205   3.266496      58.48     0.0158     2.7529     2.4322  33.786266  3.9142430   47.97544  -46.15396    34.8801    34.8792     3.8751     3.8747    27.7039    27.7032    6.47967    6.49464         31 0.0000e+00
      24551   1022.905    630.000     3.9227   3.266876     3.9237   3.266911      99.79     0.0135     2.7519     2.4316  33.787231  3.9154377   47.97544  -46.15396    34.8806    34.8802     3.8768     3.8778    27.7041    27.7037    6.47289    6.49453         21 0.0000e+00
      24570   1023.709    631.000     3.9281   3.267455     3.9281   3.267385      98.63     0.0135     2.7503     2.4312  33.789227  3.9182670   47.97544  -46.15396    34.8815    34.8807     3.8820     3.8821    27.7043    27.7036    6.47049    6.48784         18 0.0000e+00
      24587   1024.411    632.000     3.9285   3.267525     3.9282   3.267442      92.61     0.0159     2.7501     2.4301  33.790554  3.9181929   47.97544  -46.15396    34.8814    34.8807     3.8824     3.8821    27.7042    27.7037    6.47934    6.48170         17 0.0000e+00
      24603   1025.103    633.000     3.9282   3.267543     3.9279   3.267448      33.94     0.0174     2.7497     2.4293  33.788895  3.9181929   47.97544  -46.15396    34.8814    34.8806     3.8820     3.8817    27.7042    27.7036    6.48365    6.48369         17 0.0000e+00
      24622   1025.888    634.000     3.9279   3.267570     3.9276   3.267479      96.37     0.0166     2.7503     2.4288  33.789948  3.9181929   47.97544  -46.15396    34.8815    34.8807     3.8816     3.8814    27.7043    27.7037    6.48779    6.48392         21 0.0000e+00
      24651   1027.083    635.000     3.9280   3.267619     3.9277   3.267532      53.94     0.0196     2.7498     2.4276  33.790962  3.9181929   47.97544  -46.15396    34.8814    34.8807     3.8817     3.8814    27.7043    27.7037    6.48308    6.48043         38 0.0000e+00
      24688   1028.619    636.000     3.9276   3.267618     3.9273   3.267535      70.64     0.0184     2.7503     2.4264  33.794552  3.9181929   47.97545  -46.15396    34.8814    34.8807     3.8812     3.8809    27.7043    27.7038    6.48778    6.48235         29 0.0000e+00
      24711   1029.589    637.000     3.9271   3.267646     3.9269   3.267553      99.39     0.0138     2.7494     2.4264  33.799397  3.9232044   47.97546  -46.15396    34.8817    34.8808     3.8806     3.8804    27.7046    27.7039    6.47215    6.49114         20 0.0000e+00
      24729   1030.347    638.000     3.9268   3.267658     3.9265   3.267570      84.02     0.0162     2.7481     2.4267  33.798946  3.9273801   47.97546  -46.15396    34.8817    34.8809     3.8802     3.8800    27.7046    27.7040    6.46588    6.49466         18 0.0000e+00
