data/CTD/2014/CNV/d017a058.cnv
* Sea-Bird SBE 9 Data File:
* FileName = C:\CTD_ACQUISITION\2014017HUD\ctddata\017A058.hdr
* Software Version Seasave V 7.22.2
* Temperature SN = 5081
* Conductivity SN = 3561
* Number of Bytes Per Scan = 37
* Number of Voltage Words = 4
* Number of Scans Averaged by the Deck Unit = 1
* NMEA Latitude = 43 26.99 N
* NMEA Longitude = 059 56.99 W
* NMEA UTC (Time) = Jul 13 2014 18:09:25
* NMEA baud rate = 9600
** Ship: Hudson
** Cruise: HUD2014017
** Chief_Scientist: Blair Greenan
** Organization: BIO
** Area_of_Operation: Sackville Spur
** Station: 058
** Sounding:  1450
** Event_Comments: LC3, 403281
# nquan = 25
# nvalues = 1570                        
# units = specified
# name 0 = scan: Scan Count
# name 1 = timeS: Time, Elapsed [seconds]
# name 2 = prDM: Pressure, Digiquartz [db]
# name 3 = t068C: Temperature [ITS-68, deg C]
# name 4 = c0S/m: Conductivity [S/m]
# name 5 = t168C: Temperature, 2 [ITS-68, deg C]
# name 6 = c1S/m: Conductivity, 2 [S/m]
# name 7 = altM: Altimeter [m]
# name 8 = flC: Fluorescence, Chelsea Aqua 3 Chl Con [ug/l]
# name 9 = sbeox0V: Oxygen raw, SBE 43 [V]
# name 10 = sbeox1V: Oxygen raw, SBE 43, 2 [V]
# name 11 = upoly0: Upoly 0, Optode 4330F - O2 D-Phase
# name 12 = upoly1: Upoly 1, Optode 4330F - O2 Temp
# name 13 = latitude: Latitude [deg]
# name 14 = longitude: Longitude [deg]
# name 15 = sal00: Salinity, Practical [PSU]
# name 16 = sal11: Salinity, Practical, 2 [PSU]
# name 17 = potemp068C: Potential Temperature [ITS-68, deg C]
# name 18 = potemp168C: Potential Temperature, 2 [ITS-68, deg C]
# name 19 = sigma-é00: Density [sigma-theta, Kg/m^3]
# name 20 = sigma-é11: Density, 2 [sigma-theta, Kg/m^3]
# name 21 = sbeox0ML/L: Oxygen, SBE 43 [ml/l], WS = 2
# name 22 = sbeox1ML/L: Oxygen, SBE 43, 2 [ml/l], WS = 2
# name 23 = nbin: number of scans per bin
# name 24 = flag: flag
# span 0 =      10231,      53049       
# span 1 =    426.259,   2210.350       
# span 2 =      2.000,   1571.000       
# span 3 =     3.7608,    15.5515       
# span 4 =   3.035942,   4.055144       
# span 5 =     3.7608,    15.5743       
# span 6 =   3.035439,   4.054870       
# span 7 =       3.92,     102.46       
# span 8 =     0.0087,     0.3097       
# span 9 =     1.9163,     3.5531       
# span 10 =     1.6580,     3.0443      
# span 11 =  28.417952,  39.844261      
# span 12 =  3.9064379,  15.717914      
# span 13 =   43.44999,   43.45066      
# span 14 =  -59.95222,  -59.94971      
# span 15 =    31.5943,    35.4001      
# span 16 =    31.6047,    35.3970      
# span 17 =     3.7581,    15.5564      
# span 18 =     3.7582,    15.5738      
# span 19 =    23.2282,    27.7661      
# span 20 =    23.2325,    27.7660      
# span 21 =    3.36240,    7.49220      
# span 22 =    3.17413,    7.22745      
# span 23 =         13,         90      
# span 24 = 0.0000e+00, 0.0000e+00      
# interval = decibars: 1                
# start_time = Jul 13 2014 18:09:25 [NMEA time, header]
# bad_flag = -9.990e-29
*END*
[from data line 638]
      28578   1190.705    640.000     4.7611   3.349395     4.7610   3.349238      53.84     0.0162     2.5365     2.2174  35.142902  4.7875638   43.45056  -59.95088    34.9609    34.9591     4.7101     4.7101    27.6778    27.6764    5.75232    5.66559         31 0.0000e+00
      28609   1191.980    641.000     4.7588   3.349232     4.7587   3.349068      99.41     0.0195     2.5377     2.2198  35.142857  4.7875457   43.45056  -59.95088    34.9609    34.9591     4.7078     4.7076    27.6780    27.6766    5.75948    5.67727         29 0.0000e+00
      28635   1193.083    642.000     4.7561   3.349032     4.7563   3.348902      40.71     0.0202     2.5383     2.2215  35.142857  4.7875457   43.45056  -59.95088    34.9608    34.9591     4.7050     4.7052    27.6783    27.6769    5.75858    5.67634         24 0.0000e+00
      28657   1194.016    643.000     4.7543   3.348918     4.7545   3.348783      86.34     0.0189     2.5383     2.2220  35.129375  4.7870727   43.45056  -59.95088    34.9609    34.9591     4.7031     4.7033    27.6786    27.6771    5.76101    5.66939         21 0.0000e+00
      28677   1194.844    644.000     4.7491   3.348480     4.7496   3.348328      65.70     0.0141     2.5394     2.2220  35.128189  4.7875514   43.45056  -59.95088    34.9608    34.9585     4.6978     4.6984    27.6791    27.6772    5.77022    5.66870         19 0.0000e+00
      28697   1195.666    645.000     4.7417   3.347850     4.7421   3.347702      49.51     0.0122     2.5402     2.2220  35.119839  4.7810383   43.45056  -59.95088    34.9607    34.9586     4.6904     4.6908    27.6799    27.6781    5.76978    5.67082         21 0.0000e+00
      28720   1196.634    646.000     4.7398   3.347722     4.7396   3.347552      97.03     0.0145     2.5403     2.2222  35.113758  4.7778840   43.45056  -59.95088    34.9606    34.9589     4.6885     4.6883    27.6800    27.6786    5.76737    5.67765         27 0.0000e+00
      28754   1198.046    647.000     4.7397   3.347752     4.7396   3.347600      54.10     0.0175     2.5410     2.2231  35.101379  4.7694016   43.45056  -59.95088    34.9607    34.9590     4.6882     4.6882    27.6801    27.6787    5.77643    5.68218         38 0.0000e+00
      28786   1199.387    648.000     4.7380   3.347643     4.7385   3.347553     100.44     0.0153     2.5420     2.2238  35.098789  4.7655058   43.45056  -59.95088    34.9606    34.9590     4.6864     4.6870    27.6803    27.6789    5.77758    5.68969         25 0.0000e+00
      28807   1200.265    649.000     4.7353   3.347464     4.7360   3.347353      98.63     0.0160     2.5427     2.2250  35.098900  4.7602105   43.45056  -59.95088    34.9608    34.9589     4.6837     4.6844    27.6807    27.6791    5.77978    5.69892         19 0.0000e+00
      28826   1201.029    650.000     4.7346   3.347441     4.7345   3.347281      42.06     0.0179     2.5426     2.2259  35.098900  4.7626076   43.45056  -59.95088    34.9608    34.9590     4.6829     4.6829    27.6808    27.6794    5.77973    5.69459         18 0.0000e+00
      28845   1201.824    651.000     4.7334   3.347367     4.7332   3.347193      64.94     0.0193     2.5434     2.2260  35.087860  4.7582903   43.45056  -59.95089    34.9607    34.9589     4.6817     4.6814    27.6808    27.6794    5.78662    5.69207         21 0.0000e+00
      28870   1202.855    652.000     4.7256   3.346695     4.7257   3.346502      77.92     0.0207     2.5439     2.2260  35.084381  4.7582417   43.45056  -59.95090    34.9605    34.9582     4.6738     4.6739    27.6816    27.6797    5.78352    5.69417         30 0.0000e+00
      28903   1204.267    653.000     4.7179   3.346017     4.7172   3.345795      46.16     0.0161     2.5438     2.2268  35.078220  4.7486582   43.45056  -59.95090    34.9602    34.9584     4.6661     4.6654    27.6822    27.6808    5.78363    5.69916         33 0.0000e+00
      28931   1205.411    654.000     4.7153   3.345834     4.7155   3.345702      99.27     0.0193     2.5440     2.2267  35.075665  4.7468181   43.45056  -59.95090    34.9603    34.9586     4.6634     4.6635    27.6826    27.6812    5.78160    5.69393         24 0.0000e+00
      28953   1206.328    655.000     4.7154   3.345889     4.7154   3.345746      98.63     0.0188     2.5435     2.2262  35.075180  4.7410631   43.45056  -59.95090    34.9603    34.9587     4.6634     4.6634    27.6826    27.6813    5.77998    5.68836         21 0.0000e+00
      28974   1207.221    656.000     4.7161   3.345992     4.7165   3.345911      98.02     0.0159     2.5432     2.2254  35.074924  4.7409267   43.45056  -59.95090    34.9603    34.9589     4.6640     4.6644    27.6825    27.6814    5.77994    5.68658         22 0.0000e+00
      28998   1208.190    657.000     4.7166   3.346081     4.7172   3.345988      31.67     0.0170     2.5431     2.2253  35.076019  4.7387481   43.45056  -59.95090    34.9603    34.9586     4.6644     4.6650    27.6825    27.6811    5.79018    5.69622         25 0.0000e+00
      29024   1209.271    658.000     4.7167   3.346139     4.7171   3.346029      97.44     0.0207     2.5434     2.2255  35.064396  4.7387056   43.45056  -59.95092    34.9603    34.9587     4.6645     4.6648    27.6825    27.6811    5.78756    5.69784         27 0.0000e+00
      29051   1210.427    659.000     4.7155   3.346077     4.7151   3.345896      97.25     0.0185     2.5440     2.2260  35.043907  4.7357845   43.45056  -59.95092    34.9603    34.9586     4.6632     4.6628    27.6826    27.6813    5.78555    5.70223         27 0.0000e+00
      29078   1211.527    660.000     4.7150   3.346085     4.7151   3.345948      34.73     0.0126     2.5431     2.2260  35.042603  4.7371764   43.45056  -59.95092    34.9604    34.9587     4.6626     4.6627    27.6828    27.6814    5.78922    5.69578         25 0.0000e+00
      29101   1212.492    661.000     4.7148   3.346107     4.7143   3.345906      99.43     0.0122     2.5441     2.2255  35.040264  4.7373767   43.45056  -59.95092    34.9604    34.9586     4.6623     4.6618    27.6828    27.6814    5.79346    5.69578         22 0.0000e+00
      29122   1213.365    662.000     4.7132   3.346011     4.7136   3.345904      98.63     0.0147     2.5435     2.2256  35.040295  4.7336321   43.45056  -59.95092    34.9604    34.9588     4.6607     4.6610    27.6830    27.6817    5.78772    5.70112         21 0.0000e+00
      29144   1214.287    663.000     4.7126   3.345985     4.7128   3.345861      29.34     0.0156     2.5437     2.2258  35.039700  4.7290621   43.45056  -59.95092    34.9603    34.9586     4.6599     4.6602    27.6830    27.6816    5.79341    5.70283         24 0.0000e+00
      29171   1215.421    664.000     4.7109   3.345874     4.7108   3.345730      70.34     0.0167     2.5441     2.2261  35.037880  4.7292585   43.45056  -59.95092    34.9602    34.9587     4.6582     4.6581    27.6831    27.6819    5.79133    5.70585         30 0.0000e+00
      29202   1216.710    665.000     4.7103   3.345858     4.7102   3.345714      45.25     0.0161     2.5438     2.2263  35.038288  4.7289262   43.45056  -59.95093    34.9602    34.9586     4.6574     4.6574    27.6832    27.6819    5.79472    5.70622         29 0.0000e+00
      29226   1217.720    666.000     4.7088   3.345774     4.7088   3.345636      99.23     0.0150     2.5435     2.2264  35.029026  4.7289376   43.45056  -59.95094    34.9602    34.9586     4.6560     4.6559    27.6833    27.6821    5.78983    5.70688         21 0.0000e+00
      29245   1218.514    667.000     4.7076   3.345718     4.7076   3.345566      98.63     0.0149     2.5435     2.2267  35.025669  4.7289376   43.45056  -59.95094    34.9603    34.9586     4.6547     4.6546    27.6836    27.6822    5.79273    5.70175         18 0.0000e+00
      29263   1219.255    668.000     4.7068   3.345682     4.7067   3.345519      92.37     0.0132     2.5436     2.2257  35.025642  4.7284064   43.45056  -59.95094    34.9602    34.9585     4.6538     4.6536    27.6836    27.6823    5.79464    5.69569         18 0.0000e+00
      29283   1220.102    669.000     4.7055   3.345603     4.7053   3.345442      95.36     0.0151     2.5437     2.2252  35.025642  4.7269773   43.45056  -59.95094    34.9602    34.9585     4.6524     4.6522    27.6837    27.6824    5.79684    5.70703         24 0.0000e+00
      29320   1221.631    670.000     4.7049   3.345570     4.7044   3.345400      98.60     0.0149     2.5434     2.2262  35.025642  4.7246857   43.45056  -59.95094    34.9600    34.9584     4.6516     4.6512    27.6836    27.6825    5.79794    5.71255         48 0.0000e+00
      29359   1223.234    671.000     4.7041   3.345565     4.7042   3.345434      98.63     0.0166     2.5439     2.2263  35.023808  4.7238221   43.45056  -59.95094    34.9602    34.9586     4.6508     4.6509    27.6839    27.6826    5.80016    5.71062         25 0.0000e+00
      29379   1224.081    672.000     4.7031   3.345510     4.7035   3.345416      98.63     0.0173     2.5436     2.2265  35.010731  4.7235041   43.45058  -59.95094    34.9601    34.9585     4.6497     4.6502    27.6840    27.6827    5.79521    5.70955         18 0.0000e+00
      29396   1224.806    673.000     4.7022   3.345480     4.7025   3.345356      98.63     0.0138     2.5433     2.2263  35.010990  4.7249422   43.45058  -59.95094    34.9602    34.9584     4.6488     4.6491    27.6841    27.6826    5.80314    5.71002         17 0.0000e+00
      29413   1225.519    674.000     4.7007   3.345391     4.7014   3.345302      98.63     0.0165     2.5442     2.2261  35.006931  4.7229733   43.45058  -59.95094    34.9602    34.9584     4.6471     4.6479    27.6844    27.6828    5.80097    5.71368         18 0.0000e+00
      29433   1226.325    675.000     4.7002   3.345374     4.7000   3.345195      98.63     0.0145     2.5432     2.2265  35.001205  4.7214441   43.45058  -59.95094    34.9600    34.9581     4.6466     4.6464    27.6843    27.6828    5.79928    5.71563         22 0.0000e+00
      29460   1227.439    676.000     4.6977   3.345182     4.6973   3.345006      98.63     0.0138     2.5440     2.2265  35.001209  4.7178879   43.45056  -59.95096    34.9599    34.9582     4.6440     4.6437    27.6845    27.6832    5.80641    5.71748         33 0.0000e+00
      29496   1228.957    677.000     4.6967   3.345140     4.6964   3.344970      98.63     0.0171     2.5436     2.2269  35.002228  4.7103152   43.45056  -59.95096    34.9599    34.9583     4.6430     4.6427    27.6845    27.6833    5.80150    5.71878         35 0.0000e+00
      29526   1230.202    678.000     4.6939   3.344920     4.6939   3.344780      98.63     0.0146     2.5439     2.2270  35.002800  4.7093701   43.45056  -59.95096    34.9598    34.9582     4.6401     4.6400    27.6848    27.6835    5.80850    5.71936         25 0.0000e+00
      29549   1231.148    679.000     4.6939   3.344972     4.6929   3.344749      98.63     0.0166     2.5438     2.2270  35.004757  4.7103539   43.45058  -59.95096    34.9599    34.9584     4.6399     4.6409    27.6849    27.6838    5.80688    5.71912         21 0.0000e+00
      29569   1231.986    680.000     4.6944   3.345073     4.6944   3.344922      98.63     0.0162     2.5441     2.2269  35.011040  4.7113628   43.45058  -59.95096    34.9600    34.9583     4.6405     4.6425    27.6849    27.6836    5.80768    5.71925         20 0.0000e+00
      29589   1232.836    681.000     4.6908   3.344779     4.6913   3.344669      98.63     0.0136     2.5436     2.2269  35.009590  4.7093945   43.45058  -59.95096    34.9598    34.9580     4.6367     4.6372    27.6852    27.6837    5.80411    5.71954         21 0.0000e+00
      29612   1233.782    682.000     4.6908   3.344818     4.6906   3.344667      98.63     0.0125     2.5435     2.2267  35.004009  4.7094016   43.45058  -59.95096    34.9598    34.9583     4.6366     4.6364    27.6852    27.6840    5.80335    5.71851         25 0.0000e+00
      29638   1234.879    683.000     4.6914   3.344926     4.6910   3.344759      43.08     0.0134     2.5430     2.2263  34.998516  4.7094016   43.45057  -59.95096    34.9599    34.9583     4.6371     4.6368    27.6852    27.6840    5.80526    5.71961         28 0.0000e+00
      29667   1236.102    684.000     4.6923   3.345051     4.6916   3.344861      82.88     0.0142     2.5428     2.2266  34.988091  4.7018719   43.45056  -59.95098    34.9599    34.9584     4.6380     4.6373    27.6851    27.6840    5.80453    5.72356         29 0.0000e+00
      29694   1237.228    685.000     4.6927   3.345134     4.6927   3.344995      98.91     0.0153     2.5425     2.2266  34.992302  4.7015800   43.45058  -59.95098    34.9599    34.9584     4.6383     4.6382    27.6851    27.6839    5.80249    5.72428         25 0.0000e+00
      29717   1238.158    686.000     4.6926   3.345173     4.6926   3.345035      98.63     0.0149     2.5419     2.2266  34.994907  4.7060385   43.45058  -59.95098    34.9600    34.9584     4.6381     4.6381    27.6852    27.6839    5.80309    5.72116         20 0.0000e+00
      29737   1238.984    687.000     4.6925   3.345206     4.6923   3.345057      98.63     0.0132     2.5421     2.2264  34.994873  4.7069650   43.45058  -59.95098    34.9600    34.9584     4.6379     4.6378    27.6852    27.6840    5.80757    5.72371         20 0.0000e+00
      29757   1239.818    688.000     4.6923   3.345227     4.6920   3.345066      58.11     0.0121     2.5418     2.2266  34.979874  4.7043343   43.45058  -59.95098    34.9599    34.9584     4.6376     4.6373    27.6852    27.6840    5.80171    5.72579         21 0.0000e+00
      29780   1240.797    689.000     4.6921   3.345256     4.6915   3.345057      97.12     0.0170     2.5413     2.2264  34.979519  4.7050319   43.45057  -59.95098    34.9599    34.9583     4.6374     4.6367    27.6852    27.6840    5.80842    5.71768         27 0.0000e+00
      29815   1242.231    690.000     4.6899   3.345090     4.6893   3.344895      98.63     0.0116     2.5424     2.2256  34.994350  4.6999407   43.45057  -59.95098    34.9597    34.9581     4.6351     4.6345    27.6853    27.6841    5.81875    5.72711         41 0.0000e+00
      29851   1243.743    691.000     4.6822   3.344433     4.6820   3.344254      98.63     0.0152     2.5431     2.2266  34.995865  4.6996245   43.45058  -59.95098    34.9597    34.9578     4.6274     4.6272    27.6862    27.6847    5.81868    5.73272         28 0.0000e+00
      29874   1244.694    692.000     4.6788   3.344157     4.6786   3.343997      98.63     0.0203     2.5431     2.2268  34.995560  4.6996336   43.45058  -59.95098    34.9597    34.9579     4.6238     4.6236    27.6866    27.6852    5.81750    5.73109         19 0.0000e+00
      29891   1245.429    693.000     4.6748   3.343826     4.6746   3.343637      98.63     0.0138     2.5439     2.2265  34.994598  4.6996336   43.45058  -59.95098    34.9594    34.9574     4.6198     4.6196    27.6868    27.6852    5.81593    5.73133         17 0.0000e+00
      29907   1246.101    694.000     4.6700   3.343450     4.6701   3.343300      98.63     0.0132     2.5425     2.2268  34.993595  4.6990261   43.45058  -59.95098    34.9595    34.9577     4.6149     4.6175    27.6874    27.6859    5.81642    5.73347         16 0.0000e+00
      29924   1246.797    695.000     4.6696   3.343450     4.6693   3.343290      98.63     0.0131     2.5432     2.2266  34.995480  4.6996198   43.45058  -59.95099    34.9594    34.9579     4.6145     4.6142    27.6874    27.6862    5.82042    5.73029         18 0.0000e+00
      29945   1247.675    696.000     4.6701   3.343535     4.6697   3.343367      98.63     0.0150     2.5430     2.2263  34.993107  4.6925602   43.45058  -59.95100    34.9594    34.9578     4.6149     4.6145    27.6873    27.6861    5.81739    5.73326         26 0.0000e+00
