data/CTD/2014/CNV/d017a019.cnv
* Sea-Bird SBE 9 Data File:
* FileName = C:\CTD_ACQUISITION\2014017HUD\ctddata\017A019.hdr
* Software Version Seasave V 7.22.2
* Temperature SN = 5081
* Conductivity SN = 3561
* Number of Bytes Per Scan = 37
* Number of Voltage Words = 4
* Number of Scans Averaged by the Deck Unit = 1
* NMEA Latitude = 53 09.00 N
* NMEA Longitude = 050 44.34 W
* NMEA UTC (Time) = Jul 04 2014 21:31:06
* NMEA baud rate = 9600
** Ship: Hudson
** Cruise: HUD2014017
** Chief_Scientist: Blair Greenan
** Organization: BIO
** Area_of_Operation: Sackville Spur
** Station: 019
** Sounding:  2518
** Event_Comments: K9, 403089
# nquan = 25
# nvalues = 3073                        
# units = specified
# name 0 = scan: Scan Count
# name 1 = timeS: Time, Elapsed [seconds]
# name 2 = prDM: Pressure, Digiquartz [db]
# name 3 = t068C: Temperature [ITS-68, deg C]
# name 4 = c0S/m: Conductivity [S/m]
# name 5 = t168C: Temperature, 2 [ITS-68, deg C]
# name 6 = c1S/m: Conductivity, 2 [S/m]
# name 7 = altM: Altimeter [m]
# name 8 = flC: Fluorescence, Chelsea Aqua 3 Chl Con [ug/l]
# name 9 = sbeox0V: Oxygen raw, SBE 43 [V]
# name 10 = sbeox1V: Oxygen raw, SBE 43, 2 [V]
# name 11 = upoly0: Upoly 0, Optode 4330F - O2 D-Phase
# name 12 = upoly1: Upoly 1, Optode 4330F - O2 Temp
# name 13 = latitude: Latitude [deg]
# name 14 = longitude: Longitude [deg]
# name 15 = sal00: Salinity, Practical [PSU]
# name 16 = sal11: Salinity, Practical, 2 [PSU]
# name 17 = potemp068C: Potential Temperature [ITS-68, deg C]
# name 18 = potemp168C: Potential Temperature, 2 [ITS-68, deg C]
# name 19 = sigma-é00: Density [sigma-theta, Kg/m^3]
# name 20 = sigma-é11: Density, 2 [sigma-theta, Kg/m^3]
# name 21 = sbeox0ML/L: Oxygen, SBE 43 [ml/l], WS = 2
# name 22 = sbeox1ML/L: Oxygen, SBE 43, 2 [ml/l], WS = 2
# name 23 = nbin: number of scans per bin
# name 24 = flag: flag
# span 0 =       4773,      80405       
# span 1 =    198.825,   3350.183       
# span 2 =      1.000,   3073.000       
# span 3 =     1.8685,     8.8706       
# span 4 =   3.184416,   3.651466       
# span 5 =     1.8676,     8.8695       
# span 6 =   3.184345,   3.651386       
# span 7 =       0.51,     107.72       
# span 8 =     0.0041,     0.2655       
# span 9 =     2.1184,     3.4370       
# span 10 =     1.8766,     3.0100      
# span 11 =  29.995941,  35.587673      
# span 12 =  1.8560565,  8.8777218      
# span 13 =   53.15040,   53.15234      
# span 14 =  -50.73865,  -50.73314      
# span 15 =    34.4614,    34.9149      
# span 16 =    34.4613,    34.9144      
# span 17 =     1.6392,     8.8699      
# span 18 =     1.6382,     8.8690      
# span 19 =    26.7174,    27.9149      
# span 20 =    26.7175,    27.9153      
# span 21 =    6.23740,    7.29173      
# span 22 =    6.20871,    7.28733      
# span 23 =          9,         89      
# span 24 = 0.0000e+00, 0.0000e+00      
# interval = decibars: 1                
# start_time = Jul 04 2014 21:31:06 [NMEA time, header]
# bad_flag = -9.990e-29
*END*
[from data line 2609]
      68354   2848.021   2610.000     2.5925   3.233234     2.5920   3.233156      98.63     0.0140     2.1775     1.9260  35.566147  2.5897436   53.15224  -50.73386    34.9089    34.9085     2.3896     2.3890    27.8667    27.8664    6.47097    6.41547         26 0.0000e+00
      68393   2849.649   2611.000     2.5908   3.233106     2.5902   3.233018      66.54     0.0146     2.1777     1.9262  35.556099  2.5880392   53.15224  -50.73385    34.9087    34.9083     2.3878     2.3872    27.8666    27.8664    6.47985    6.42800         51 0.0000e+00
      68431   2851.256   2612.000     2.5908   3.233153     2.5901   3.233067      99.65     0.0170     2.1781     1.9265  35.553020  2.5797246   53.15226  -50.73384    34.9089    34.9085     2.3877     2.3871    27.8668    27.8665    6.47724    6.42444         23 0.0000e+00
      68449   2852.015   2613.000     2.5897   3.233097     2.5889   3.232998      77.64     0.0156     2.1777     1.9262  35.553112  2.5799756   53.15224  -50.73384    34.9088    34.9085     2.3865     2.3857    27.8668    27.8666    6.47083    6.41757         16 0.0000e+00
      68465   2852.651   2614.000     2.5885   3.233033     2.5878   3.232947      97.21     0.0118     2.1779     1.9260  35.566822  2.5806787   53.15224  -50.73384    34.9088    34.9085     2.3853     2.3846    27.8670    27.8668    6.47472    6.41907         14 0.0000e+00
      68479   2853.258   2615.000     2.5866   3.232900     2.5865   3.232862      98.65     0.0149     2.1775     1.9261  35.567780  2.5799661   53.15224  -50.73384    34.9088    34.9084     2.3833     2.3832    27.8671    27.8668    6.47195    6.42218         15 0.0000e+00
      68495   2853.912   2616.000     2.5812   3.232431     2.5831   3.232562      98.64     0.0161     2.1774     1.9258  35.567764  2.5816882   53.15224  -50.73384    34.9085    34.9080     2.3779     2.3798    27.8673    27.8667    6.47534    6.42325         17 0.0000e+00
      68517   2854.846   2617.000     2.5804   3.232387     2.5794   3.232274      98.63     0.0184     2.1774     1.9258  35.567764  2.5789261   53.15224  -50.73384    34.9083    34.9080     2.3770     2.3760    27.8672    27.8671    6.48532    6.42972         31 0.0000e+00
      68565   2856.842   2618.000     2.5832   3.232691     2.5827   3.232602      98.63     0.0179     2.1776     1.9259  35.567024  2.5725737   53.15226  -50.73383    34.9085    34.9080     2.3797     2.3792    27.8672    27.8668    6.47850    6.43205         47 0.0000e+00
      68590   2857.878   2619.000     2.5847   3.232875     2.5837   3.232774      88.93     0.0180     2.1766     1.9260  35.567764  2.5701997   53.15226  -50.73382    34.9087    34.9085     2.3810     2.3801    27.8672    27.8671    6.46786    6.43113         17 0.0000e+00
      68605   2858.517   2620.000     2.5846   3.232904     2.5845   3.232863      82.69     0.0147     2.1772     1.9261  35.567764  2.5729799   53.15226  -50.73382    34.9086    34.9082     2.3809     2.3808    27.8672    27.8669    6.47856    6.43056         14 0.0000e+00
      68619   2859.100   2621.000     2.5825   3.232754     2.5822   3.232683      98.53     0.0138     2.1769     1.9261  35.565685  2.5723052   53.15224  -50.73382    34.9087    34.9081     2.3786     2.3783    27.8674    27.8670    6.47389    6.42987         14 0.0000e+00
      68634   2859.696   2622.000     2.5811   3.232666     2.5808   3.232595      98.63     0.0149     2.1765     1.9259  35.567722  2.5715265   53.15225  -50.73382    34.9086    34.9081     2.3772     2.3769    27.8674    27.8671    6.47590    6.42931         15 0.0000e+00
      68650   2860.375   2623.000     2.5817   3.232751     2.5809   3.232654      98.64     0.0167     2.1764     1.9258  35.567764  2.5702469   53.15226  -50.73382    34.9085    34.9082     2.3777     2.3769    27.8674    27.8672    6.47745    6.42441         18 0.0000e+00
      68682   2861.723   2624.000     2.5827   3.232874     2.5814   3.232724      98.63     0.0173     2.1758     1.9253  35.566891  2.5702076   53.15226  -50.73382    34.9085    34.9080     2.3786     2.3773    27.8673    27.8670    6.47779    6.42555         57 0.0000e+00
      68738   2864.059   2625.000     2.5810   3.232769     2.5810   3.232731      98.63     0.0145     2.1759     1.9248  35.563965  2.5702076   53.15226  -50.73381    34.9085    34.9081     2.3769     2.3768    27.8674    27.8671    6.47372    6.42849         30 0.0000e+00
      68755   2864.757   2626.000     2.5768   3.232424     2.5763   3.232318      98.63     0.0156     2.1757     1.9246  35.553898  2.5736802   53.15226  -50.73380    34.9083    34.9076     2.3726     2.3721    27.8676    27.8671    6.47907    6.42913         17 0.0000e+00
      68771   2865.404   2627.000     2.5741   3.232208     2.5727   3.232010      98.63     0.0132     2.1749     1.9247  35.553101  2.5744033   53.15226  -50.73380    34.9082    34.9075     2.3698     2.3793    27.8678    27.8673    6.48473    6.43903         14 0.0000e+00
      68785   2866.003   2628.000     2.5719   3.232058     2.5713   3.231975      36.98     0.0126     2.1763     1.9251  35.554092  2.5754218   53.15226  -50.73380    34.9082    34.9078     2.3676     2.3670    27.8680    27.8677    6.50025    6.44039         15 0.0000e+00
      68800   2866.611   2629.000     2.5722   3.232120     2.5712   3.231991      88.87     0.0129     2.1758     1.9250  35.564594  2.5709603   53.15226  -50.73380    34.9081    34.9077     2.3678     2.3668    27.8679    27.8676    6.48547    6.43258         15 0.0000e+00
      68816   2867.272   2630.000     2.5706   3.232004     2.5692   3.231830      98.39     0.0107     2.1755     1.9248  35.567680  2.5702262   53.15226  -50.73380    34.9081    34.9074     2.3661     2.3648    27.8680    27.8675    6.48731    6.43538         17 0.0000e+00
      68835   2868.091   2631.000     2.5665   3.231669     2.5654   3.231533      98.63     0.0127     2.1759     1.9249  35.566544  2.5685792   53.15226  -50.73380    34.9078    34.9074     2.3621     2.3672    27.8681    27.8679    6.49222    6.43804         23 0.0000e+00
      68868   2869.466   2632.000     2.5631   3.231387     2.5624   3.231285      98.64     0.0171     2.1762     1.9249  35.567387  2.5608735   53.15226  -50.73380    34.9076    34.9071     2.3586     2.3583    27.8683    27.8679    6.49715    6.44251         45 0.0000e+00
      68908   2871.130   2633.000     2.5532   3.230530     2.5529   3.230450      98.64     0.0171     2.1766     1.9251  35.556290  2.5592902   53.15226  -50.73378    34.9073    34.9067     2.3488     2.3485    27.8688    27.8683    6.50400    6.45152         27 0.0000e+00
      68929   2872.007   2634.000     2.5492   3.230208     2.5486   3.230123      59.05     0.0162     2.1762     1.9255  35.554638  2.5594118   53.15226  -50.73378    34.9072    34.9069     2.3448     2.3442    27.8691    27.8689    6.48509    6.45202         19 0.0000e+00
      68946   2872.729   2635.000     2.5485   3.230180     2.5479   3.230097      79.12     0.0174     2.1762     1.9254  35.565014  2.5604391   53.15226  -50.73378    34.9072    34.9068     2.3440     2.3434    27.8691    27.8689    6.50159    6.44761         16 0.0000e+00
      68963   2873.425   2636.000     2.5483   3.230211     2.5476   3.230112      98.87     0.0184     2.1764     1.9256  35.565182  2.5604396   53.15226  -50.73378    34.9072    34.9068     2.3437     2.3430    27.8692    27.8689    6.50574    6.45178         17 0.0000e+00
      68981   2874.163   2637.000     2.5479   3.230206     2.5473   3.230118      98.63     0.0154     2.1766     1.9256  35.565449  2.5568576   53.15226  -50.73378    34.9072    34.9067     2.3432     2.3426    27.8692    27.8689    6.50266    6.45492         19 0.0000e+00
      69001   2874.998   2638.000     2.5468   3.230142     2.5463   3.230063      98.63     0.0108     2.1764     1.9258  35.567757  2.5409431   53.15226  -50.73378    34.9072    34.9067     2.3420     2.3415    27.8693    27.8690    6.49804    6.45952         21 0.0000e+00
      69024   2875.957   2639.000     2.5452   3.230036     2.5446   3.229944      98.63     0.0148     2.1760     1.9260  35.567181  2.5409036   53.15226  -50.73378    34.9071    34.9066     2.3404     2.3398    27.8693    27.8690    6.48887    6.45393         25 0.0000e+00
      69049   2877.011   2640.000     2.5437   3.229946     2.5430   3.229842      98.63     0.0181     2.1763     1.9259  35.567760  2.5409036   53.15226  -50.73378    34.9071    34.9067     2.3388     2.3381    27.8695    27.8692    6.50830    6.45123         26 0.0000e+00
      69075   2878.082   2641.000     2.5419   3.229816     2.5412   3.229708      67.33     0.0150     2.1759     1.9255  35.564453  2.5397997   53.15226  -50.73378    34.9070    34.9065     2.3369     2.3362    27.8696    27.8692    6.49766    6.44819         26 0.0000e+00
      69102   2879.193   2642.000     2.5404   3.229717     2.5397   3.229614      89.47     0.0146     2.1761     1.9254  35.553265  2.5355351   53.15226  -50.73378    34.9069    34.9065     2.3354     2.3346    27.8696    27.8694    6.49678    6.45273         27 0.0000e+00
      69129   2880.347   2643.000     2.5395   3.229683     2.5387   3.229567      98.74     0.0157     2.1751     1.9251  35.552563  2.5343785   53.15226  -50.73378    34.9070    34.9065     2.3344     2.3336    27.8698    27.8695    6.49609    6.44714         27 0.0000e+00
      69153   2881.332   2644.000     2.5388   3.229658     2.5382   3.229565      98.63     0.0198     2.1748     1.9249  35.553123  2.5330634   53.15226  -50.73378    34.9070    34.9065     2.3336     2.3330    27.8698    27.8695    6.49882    6.45225         20 0.0000e+00
      69172   2882.116   2645.000     2.5382   3.229642     2.5377   3.229567      98.64     0.0199     2.1753     1.9248  35.553112  2.5327587   53.15226  -50.73378    34.9070    34.9066     2.3329     2.3324    27.8699    27.8697    6.50861    6.45579         18 0.0000e+00
      69189   2882.826   2646.000     2.5378   3.229646     2.5370   3.229537      98.64     0.0212     2.1754     1.9249  35.553112  2.5311530   53.15226  -50.73378    34.9069    34.9065     2.3325     2.3316    27.8699    27.8696    6.49960    6.45287         17 0.0000e+00
      69206   2883.562   2647.000     2.5373   3.229641     2.5367   3.229543      98.64     0.0212     2.1747     1.9247  35.553112  2.5316350   53.15226  -50.73378    34.9070    34.9065     2.3319     2.3312    27.8700    27.8696    6.49758    6.44750         19 0.0000e+00
      69229   2884.503   2648.000     2.5363   3.229593     2.5356   3.229476      62.24     0.0189     2.1744     1.9243  35.553112  2.5305111   53.15226  -50.73378    34.9069    34.9064     2.3308     2.3300    27.8700    27.8697    6.50231    6.45090         28 0.0000e+00
      69270   2886.222   2649.000     2.5325   3.229277     2.5317   3.229154     101.04     0.0171     2.1748     1.9241  35.550133  2.5300753   53.15226  -50.73376    34.9068    34.9062     2.3269     2.3261    27.8703    27.8698    6.50563    6.45779         47 0.0000e+00
      69302   2887.555   2650.000     2.5280   3.228910     2.5273   3.228822      98.63     0.0173     2.1740     1.9244  35.549427  2.5296600   53.15226  -50.73376    34.9067    34.9063     2.3224     2.3217    27.8705    27.8703    6.49743    6.46321         20 0.0000e+00
      69320   2888.286   2651.000     2.5264   3.228803     2.5260   3.228732      98.63     0.0143     2.1744     1.9242  35.549450  2.5292969   53.15226  -50.73378    34.9066    34.9061     2.3208     2.3204    27.8706    27.8703    6.50986    6.46262         16 0.0000e+00
      69335   2888.931   2652.000     2.5257   3.228781     2.5251   3.228694      98.63     0.0169     2.1744     1.9245  35.550198  2.5305109   53.15226  -50.73376    34.9066    34.9062     2.3200     2.3194    27.8707    27.8704    6.50740    6.45992         15 0.0000e+00
      69351   2889.576   2653.000     2.5259   3.228840     2.5252   3.228754      98.63     0.0149     2.1739     1.9243  35.552238  2.5311494   53.15226  -50.73376    34.9067    34.9064     2.3200     2.3194    27.8707    27.8705    6.51642    6.45178         16 0.0000e+00
      69368   2890.278   2654.000     2.5257   3.228861     2.5246   3.228729      87.07     0.0103     2.1748     1.9239  35.552299  2.5283930   53.15226  -50.73376    34.9066    34.9062     2.3198     2.3187    27.8707    27.8704    6.51497    6.45840         18 0.0000e+00
      69388   2891.104   2655.000     2.5252   3.228847     2.5241   3.228705      58.90     0.0100     2.1742     1.9240  35.553112  2.5209219   53.15226  -50.73376    34.9065    34.9060     2.3192     2.3249    27.8707    27.8704    6.50612    6.45955         22 0.0000e+00
      69412   2892.127   2656.000     2.5233   3.228713     2.5219   3.228550      97.94     0.0150     2.1743     1.9239  35.552082  2.5193033   53.15226  -50.73376    34.9064    34.9060     2.3173     2.3160    27.8708    27.8705    6.50721    6.46279         28 0.0000e+00
      69442   2893.376   2657.000     2.5220   3.228636     2.5215   3.228559      98.63     0.0137     2.1739     1.9237  35.553131  2.5154371   53.15226  -50.73376    34.9064    34.9061     2.3159     2.3154    27.8709    27.8707    6.51137    6.46009         30 0.0000e+00
      69469   2894.520   2658.000     2.5218   3.228655     2.5212   3.228561      98.63     0.0168     2.1738     1.9237  35.553112  2.5131214   53.15226  -50.73376    34.9064    34.9060     2.3156     2.3149    27.8709    27.8706    6.51533    6.46718         25 0.0000e+00
      69491   2895.425   2659.000     2.5215   3.228670     2.5210   3.228586      98.64     0.0179     2.1739     1.9237  35.553112  2.5121043   53.15226  -50.73376    34.9065    34.9060     2.3152     2.3146    27.8710    27.8707    6.51082    6.46167         19 0.0000e+00
      69510   2896.211   2660.000     2.5217   3.228735     2.5211   3.228647      98.64     0.0148     2.1739     1.9235  35.553112  2.5126293   53.15226  -50.73376    34.9065    34.9062     2.3153     2.3147    27.8710    27.8708    6.51227    6.46340         19 0.0000e+00
      69528   2896.973   2661.000     2.5219   3.228783     2.5213   3.228706      40.24     0.0144     2.1738     1.9236  35.553112  2.5116079   53.15226  -50.73376    34.9064    34.9062     2.3154     2.3147    27.8709    27.8708    6.51328    6.46553         18 0.0000e+00
      69548   2897.776   2662.000     2.5211   3.228747     2.5208   3.228690      93.68     0.0154     2.1736     1.9235  35.553112  2.5115995   53.15226  -50.73376    34.9064    34.9061     2.3145     2.3142    27.8710    27.8708    6.50941    6.46551         21 0.0000e+00
      69570   2898.702   2663.000     2.5199   3.228683     2.5195   3.228613      98.52     0.0153     2.1734     1.9234  35.543037  2.5115995   53.15227  -50.73376    34.9064    34.9060     2.3133     2.3129    27.8711    27.8708    6.51564    6.46405         24 0.0000e+00
      69598   2899.888   2664.000     2.5184   3.228581     2.5179   3.228490      98.63     0.0199     2.1733     1.9234  35.545311  2.5115995   53.15228  -50.73376    34.9064    34.9058     2.3117     2.3111    27.8712    27.8708    6.51303    6.46973         32 0.0000e+00
      69630   2901.210   2665.000     2.5172   3.228515     2.5165   3.228412      98.63     0.0230     2.1735     1.9232  35.553249  2.5115995   53.15228  -50.73376    34.9063    34.9059     2.3104     2.3097    27.8713    27.8710    6.51152    6.46478         30 0.0000e+00
      69656   2902.289   2666.000     2.5157   3.228413     2.5148   3.228301      98.63     0.0214     2.1721     1.9231  35.548027  2.5115995   53.15226  -50.73376    34.9062    34.9059     2.3088     2.3079    27.8713    27.8711    6.50210    6.46443         23 0.0000e+00
