data/CTD/2014/CNV/d017a030.cnv
* Sea-Bird SBE 9 Data File:
* FileName = C:\CTD_ACQUISITION\2014017HUD\ctddata\017A030.hdr
* Software Version Seasave V 7.22.2
* Temperature SN = 5081
* Conductivity SN = 3561
* Number of Bytes Per Scan = 37
* Number of Voltage Words = 4
* Number of Scans Averaged by the Deck Unit = 1
* NMEA Latitude = 48 45.33 N
* NMEA Longitude = 045 38.35 W
* NMEA UTC (Time) = Jul 07 2014 06:14:51
* NMEA baud rate = 9600
** Ship: Hudson
** Cruise: HUD2014017
** Chief_Scientist: Blair Greenan
** Organization: BIO
** Area_of_Operation: Sackville Spur
** Station: 030
** Sounding:  1323
** Event_Comments: SS_24, 403179
# nquan = 25
# nvalues = 1363                        
# units = specified
# name 0 = scan: Scan Count
# name 1 = timeS: Time, Elapsed [seconds]
# name 2 = prDM: Pressure, Digiquartz [db]
# name 3 = t068C: Temperature [ITS-68, deg C]
# name 4 = c0S/m: Conductivity [S/m]
# name 5 = t168C: Temperature, 2 [ITS-68, deg C]
# name 6 = c1S/m: Conductivity, 2 [S/m]
# name 7 = altM: Altimeter [m]
# name 8 = flC: Fluorescence, Chelsea Aqua 3 Chl Con [ug/l]
# name 9 = sbeox0V: Oxygen raw, SBE 43 [V]
# name 10 = sbeox1V: Oxygen raw, SBE 43, 2 [V]
# name 11 = upoly0: Upoly 0, Optode 4330F - O2 D-Phase
# name 12 = upoly1: Upoly 1, Optode 4330F - O2 Temp
# name 13 = latitude: Latitude [deg]
# name 14 = longitude: Longitude [deg]
# name 15 = sal00: Salinity, Practical [PSU]
# name 16 = sal11: Salinity, Practical, 2 [PSU]
# name 17 = potemp068C: Potential Temperature [ITS-68, deg C]
# name 18 = potemp168C: Potential Temperature, 2 [ITS-68, deg C]
# name 19 = sigma-é00: Density [sigma-theta, Kg/m^3]
# name 20 = sigma-é11: Density, 2 [sigma-theta, Kg/m^3]
# name 21 = sbeox0ML/L: Oxygen, SBE 43 [ml/l], WS = 2
# name 22 = sbeox1ML/L: Oxygen, SBE 43, 2 [ml/l], WS = 2
# name 23 = nbin: number of scans per bin
# name 24 = flag: flag
# span 0 =       5110,      41068       
# span 1 =    212.870,   1711.113       
# span 2 =      2.000,   1364.000       
# span 3 =     1.8588,     8.7101       
# span 4 =   3.006964,   3.583927       
# span 5 =     1.8576,     8.7084       
# span 6 =   3.006751,   3.584708       
# span 7 =       2.40,     110.17       
# span 8 =     0.0070,     0.3314       
# span 9 =     2.4643,     3.5103       
# span 10 =     2.1792,     3.0053      
# span 11 =  30.190283,  34.792236      
# span 12 =  2.0329525,  8.7533579      
# span 13 =   48.75605,   48.75832      
# span 14 =  -45.63902,  -45.63728      
# span 15 =    33.7656,    34.9159      
# span 16 =    33.7645,    34.9154      
# span 17 =     1.8560,     8.7079      
# span 18 =     1.8548,     8.7063      
# span 19 =    26.2016,    27.7721      
# span 20 =    26.2008,    27.7716      
# span 21 =    6.26176,    7.85728      
# span 22 =    6.25071,    7.82558      
# span 23 =         10,        107      
# span 24 = 0.0000e+00, 0.0000e+00      
# interval = decibars: 1                
# start_time = Jul 07 2014 06:14:51 [NMEA time, header]
# bad_flag = -9.990e-29
*END*
[from data line 348]
      16433    684.647    350.000     3.7376   3.233752     3.7378   3.233702      98.67     0.0200     2.8827     2.5424  33.472527  3.7326002   48.75727  -45.63836    34.8320    34.8313     3.7134     3.7136    27.6821    27.6815    6.65006    6.65740         28 0.0000e+00
      16460    685.805    351.000     3.7367   3.233712     3.7367   3.233660      62.95     0.0157     2.8819     2.5420  33.472527  3.7326007   48.75728  -45.63836    34.8320    34.8314     3.7124     3.7124    27.6822    27.6817    6.64799    6.66899         27 0.0000e+00
      16486    686.859    352.000     3.7364   3.233751     3.7362   3.233666      76.23     0.0146     2.8816     2.5417  33.487251  3.7326007   48.75728  -45.63835    34.8322    34.8315     3.7120     3.7118    27.6824    27.6818    6.65004    6.66864         24 0.0000e+00
      16508    687.787    353.000     3.7363   3.233784     3.7361   3.233703      98.52     0.0141     2.8813     2.5422  33.487179  3.7326007   48.75729  -45.63833    34.8322    34.8315     3.7119     3.7116    27.6824    27.6819    6.65058    6.66644         21 0.0000e+00
      16528    688.628    354.000     3.7359   3.233790     3.7359   3.233735      84.86     0.0139     2.8811     2.5414  33.474022  3.7326007   48.75730  -45.63832    34.8322    34.8315     3.7114     3.7114    27.6824    27.6820    6.65519    6.66865         19 0.0000e+00
      16547    689.421    355.000     3.7350   3.233750     3.7349   3.233680      32.85     0.0139     2.8813     2.5422  33.472519  3.7326007   48.75730  -45.63832    34.8321    34.8314     3.7104     3.7103    27.6825    27.6819    6.65553    6.66895         19 0.0000e+00
      16566    690.215    356.000     3.7331   3.233619     3.7331   3.233546      97.52     0.0148     2.8813     2.5409  33.472527  3.7326007   48.75730  -45.63832    34.8320    34.8312     3.7085     3.7084    27.6826    27.6820    6.65767    6.65777         20 0.0000e+00
      16587    691.071    357.000     3.7268   3.233058     3.7273   3.233021      98.64     0.0177     2.8815     2.5404  33.472527  3.7326007   48.75730  -45.63832    34.8315    34.8305     3.7021     3.7026    27.6828    27.6820    6.66093    6.66289         21 0.0000e+00
      16610    692.058    358.000     3.7186   3.232329     3.7188   3.232262      41.40     0.0195     2.8815     2.5407  33.472527  3.7326007   48.75730  -45.63832    34.8309    34.8299     3.6939     3.6950    27.6832    27.6824    6.66114    6.68205         26 0.0000e+00
      16636    693.143    359.000     3.7173   3.232241     3.7175   3.232193      81.50     0.0224     2.8815     2.5414  33.472527  3.7326007   48.75730  -45.63832    34.8307    34.8300     3.6925     3.6927    27.6832    27.6826    6.65778    6.68013         26 0.0000e+00
      16661    694.156    360.000     3.7144   3.232011     3.7141   3.231908      29.93     0.0187     2.8806     2.5417  33.476563  3.7294614   48.75730  -45.63832    34.8305    34.8297     3.6896     3.6892    27.6833    27.6827    6.65507    6.67724         22 0.0000e+00
      16681    695.020    361.000     3.7128   3.231906     3.7124   3.231804      94.92     0.0171     2.8805     2.5418  33.487427  3.7226782   48.75730  -45.63832    34.8305    34.8297     3.6878     3.6875    27.6835    27.6829    6.66115    6.68648         19 0.0000e+00
      16700    695.798    362.000     3.7114   3.231824     3.7117   3.231773      90.86     0.0167     2.8804     2.5423  33.487179  3.7223144   48.75730  -45.63832    34.8304    34.8295     3.6864     3.6867    27.6836    27.6828    6.65932    6.68301         19 0.0000e+00
      16719    696.602    363.000     3.7103   3.231757     3.7099   3.231661      81.85     0.0162     2.8799     2.5421  33.485146  3.7146790   48.75730  -45.63832    34.8302    34.8296     3.6853     3.6848    27.6835    27.6830    6.65768    6.68205         21 0.0000e+00
      16749    697.841    364.000     3.7090   3.231671     3.7092   3.231626      73.40     0.0123     2.8795     2.5418  33.485786  3.7130344   48.75730  -45.63831    34.8301    34.8293     3.6839     3.6840    27.6835    27.6830    6.66103    6.68196         45 0.0000e+00
      16804    700.139    365.000     3.7067   3.231516     3.7059   3.231369      61.89     0.0175     2.8801     2.5417  33.487377  3.7128420   48.75730  -45.63830    34.8301    34.8292     3.6815     3.6807    27.6838    27.6832    6.66860    6.67355         44 0.0000e+00
      16829    701.186    366.000     3.7033   3.231335     3.7031   3.231259      99.74     0.0195     2.8798     2.5391  33.487179  3.7130716   48.75732  -45.63830    34.8309    34.8302     3.6781     3.6779    27.6848    27.6843    6.66013    6.65882         18 0.0000e+00
      16846    701.860    367.000     3.7066   3.231740     3.7061   3.231659      98.64     0.0182     2.8792     2.5391  33.487179  3.7130647   48.75732  -45.63830    34.8319    34.8314     3.6812     3.6808    27.6853    27.6849    6.66183    6.67657         15 0.0000e+00
      16860    702.439    368.000     3.7072   3.231853     3.7071   3.231762      98.64     0.0165     2.8797     2.5391  33.487179  3.7130647   48.75732  -45.63830    34.8320    34.8310     3.6818     3.6817    27.6853    27.6845    6.66295    6.67773         14 0.0000e+00
      16873    702.985    369.000     3.6990   3.231100     3.6991   3.231002      37.51     0.0151     2.8787     2.5391  33.487179  3.7123337   48.75732  -45.63830    34.8312    34.8299     3.6735     3.6736    27.6855    27.6844    6.66109    6.68012         13 0.0000e+00
      16886    703.542    370.000     3.6942   3.230703     3.6942   3.230621      44.56     0.0159     2.8792     2.5391  33.487179  3.7110195   48.75732  -45.63830    34.8310    34.8301     3.6687     3.6686    27.6858    27.6851    6.66312    6.68372         14 0.0000e+00
      16902    704.189    371.000     3.6947   3.230824     3.6944   3.230740      97.05     0.0156     2.8781     2.5393  33.490524  3.7090995   48.75732  -45.63830    34.8314    34.8307     3.6691     3.6688    27.6861    27.6856    6.66006    6.68539         17 0.0000e+00
      16925    705.163    372.000     3.6996   3.231376     3.6995   3.231329      98.64     0.0125     2.8780     2.5392  33.490124  3.7034380   48.75732  -45.63828    34.8323    34.8318     3.6739     3.6738    27.6863    27.6859    6.66125    6.68095         30 0.0000e+00
      16956    706.444    373.000     3.7055   3.232038     3.7053   3.231982      42.83     0.0172     2.8769     2.5389  33.496410  3.6977878   48.75732  -45.63828    34.8333    34.8329     3.6797     3.6795    27.6866    27.6862    6.65914    6.67714         29 0.0000e+00
      16982    707.551    374.000     3.7120   3.232755     3.7117   3.232688      99.09     0.0150     2.8768     2.5382  33.499512  3.6934924   48.75732  -45.63829    34.8345    34.8341     3.6861     3.6858    27.6868    27.6865    6.65852    6.67257         25 0.0000e+00
      17007    708.598    375.000     3.7120   3.232817     3.7114   3.232713      77.42     0.0171     2.8763     2.5376  33.487247  3.7006264   48.75731  -45.63831    34.8347    34.8340     3.6860     3.6855    27.6870    27.6865    6.66044    6.67443         26 0.0000e+00
      17033    709.682    376.000     3.7128   3.232950     3.7121   3.232840      58.64     0.0170     2.8766     2.5380  33.485497  3.7032835   48.75731  -45.63829    34.8349    34.8342     3.6868     3.6861    27.6871    27.6866    6.66698    6.68890         26 0.0000e+00
      17058    710.699    377.000     3.7137   3.233097     3.7134   3.233015      51.65     0.0178     2.8765     2.5387  33.486523  3.7037456   48.75730  -45.63830    34.8351    34.8344     3.6876     3.6873    27.6872    27.6867    6.66373    6.68640         22 0.0000e+00
      17079    711.598    378.000     3.7124   3.233030     3.7123   3.232944      47.60     0.0168     2.8765     2.5387  33.487190  3.7042351   48.75731  -45.63829    34.8352    34.8343     3.6862     3.6861    27.6874    27.6867    6.65935    6.68383         21 0.0000e+00
      17100    712.473    379.000     3.7103   3.232887     3.7101   3.232810      98.30     0.0166     2.8757     2.5387  33.485855  3.7046261   48.75732  -45.63825    34.8351    34.8345     3.6841     3.6838    27.6876    27.6871    6.65611    6.68120         22 0.0000e+00
      17124    713.446    380.000     3.7100   3.232919     3.7098   3.232840      91.25     0.0204     2.8749     2.5382  33.486004  3.7036996   48.75734  -45.63820    34.8353    34.8346     3.6837     3.6835    27.6877    27.6872    6.65817    6.68345         25 0.0000e+00
      17152    714.616    381.000     3.7118   3.233152     3.7113   3.233067      52.71     0.0155     2.8750     2.5385  33.480602  3.7042379   48.75733  -45.63824    34.8356    34.8351     3.6854     3.6850    27.6878    27.6875    6.66188    6.68711         31 0.0000e+00
      17182    715.858    382.000     3.7151   3.233541     3.7146   3.233450      99.58     0.0141     2.8743     2.5381  33.474579  3.7032773   48.75732  -45.63829    34.8363    34.8356     3.6886     3.6882    27.6880    27.6876    6.65625    6.68057         27 0.0000e+00
      17205    716.820    383.000     3.7141   3.233508     3.7140   3.233450      59.84     0.0144     2.8736     2.5378  33.472507  3.7032967   48.75733  -45.63829    34.8364    34.8357     3.6875     3.6875    27.6882    27.6877    6.65401    6.68828         20 0.0000e+00
      17222    717.548    384.000     3.7155   3.233739     3.7150   3.233669      39.00     0.0100     2.8734     2.5385  33.472527  3.7032967   48.75734  -45.63828    34.8371    34.8368     3.6889     3.6884    27.6886    27.6885    6.65606    6.69023         15 0.0000e+00
      17237    718.162    385.000     3.7175   3.234032     3.7173   3.233953     100.18     0.0087     2.8725     2.5383  33.472527  3.7040124   48.75734  -45.63828    34.8379    34.8372     3.6908     3.6906    27.6891    27.6886    6.65229    6.67898         14 0.0000e+00
      17251    718.730    386.000     3.7168   3.234014     3.7163   3.233913      98.64     0.0088     2.8728     2.5374  33.475674  3.7074907   48.75734  -45.63828    34.8380    34.8372     3.6900     3.6896    27.6892    27.6887    6.65687    6.67327         14 0.0000e+00
      17265    719.323    387.000     3.7169   3.234070     3.7166   3.233985      98.63     0.0094     2.8721     2.5367  33.475460  3.7084894   48.75734  -45.63828    34.8379    34.8373     3.6901     3.6898    27.6892    27.6887    6.65931    6.67393         15 0.0000e+00
      17283    720.084    388.000     3.7163   3.234040     3.7162   3.233973      32.36     0.0102     2.8723     2.5363  33.478718  3.7071915   48.75734  -45.63828    34.8377    34.8370     3.6894     3.6893    27.6891    27.6885    6.65722    6.67978         23 0.0000e+00
      17325    721.840    389.000     3.7133   3.233794     3.7132   3.233710      99.05     0.0113     2.8719     2.5361  33.483437  3.7067714   48.75734  -45.63828    34.8374    34.8365     3.6864     3.6862    27.6891    27.6884    6.66224    6.68435         56 0.0000e+00
      17365    723.492    390.000     3.7107   3.233593     3.7104   3.233519       6.80     0.0150     2.8719     2.5360  33.472038  3.7115750   48.75734  -45.63828    34.8373    34.8366     3.6836     3.6834    27.6893    27.6888    6.65386    6.68468         23 0.0000e+00
      17384    724.285    391.000     3.7100   3.233575     3.7098   3.233499     100.22     0.0110     2.8709     2.5359  33.478317  3.7114379   48.75734  -45.63828    34.8372    34.8366     3.6829     3.6827    27.6893    27.6888    6.65407    6.68438         18 0.0000e+00
      17400    724.974    392.000     3.7060   3.233251     3.7056   3.233138      39.06     0.0118     2.8707     2.5358  33.487110  3.7130523   48.75734  -45.63828    34.8370    34.8362     3.6789     3.6784    27.6896    27.6889    6.65857    6.67648         16 0.0000e+00
      17417    725.662    393.000     3.7034   3.233037     3.7032   3.232959      56.83     0.0155     2.8704     2.5345  33.487179  3.7130647   48.75734  -45.63828    34.8367    34.8361     3.6762     3.6760    27.6896    27.6891    6.65664    6.66886         17 0.0000e+00
      17437    726.483    394.000     3.7033   3.233068     3.7030   3.232998      79.75     0.0162     2.8697     2.5337  33.497162  3.7068248   48.75734  -45.63828    34.8367    34.8362     3.6760     3.6757    27.6897    27.6892    6.65431    6.67028         23 0.0000e+00
      17464    727.629    395.000     3.7038   3.233171     3.7035   3.233091      70.50     0.0134     2.8691     2.5321  33.501850  3.7032835   48.75734  -45.63828    34.8368    34.8362     3.6765     3.6761    27.6897    27.6893    6.65288    6.67018         31 0.0000e+00
      17493    728.847    396.000     3.7046   3.233300     3.7041   3.233209      68.59     0.0151     2.8679     2.5320  33.490852  3.6992714   48.75735  -45.63828    34.8371    34.8364     3.6771     3.6767    27.6898    27.6893    6.65152    6.67769         27 0.0000e+00
      17518    729.878    397.000     3.7031   3.233218     3.7035   3.233186      52.18     0.0143     2.8679     2.5318  33.492916  3.7003264   48.75736  -45.63828    34.8371    34.8363     3.6756     3.6759    27.6900    27.6893    6.65773    6.67832         23 0.0000e+00
      17540    730.803    398.000     3.6990   3.232846     3.6993   3.232797      70.15     0.0181     2.8677     2.5318  33.501080  3.7032664   48.75736  -45.63827    34.8365    34.8356     3.6714     3.6717    27.6899    27.6892    6.66188    6.67857         22 0.0000e+00
      17562    731.726    399.000     3.6937   3.232360     3.6938   3.232308      97.92     0.0165     2.8678     2.5314  33.500572  3.7032967   48.75736  -45.63826    34.8358    34.8351     3.6661     3.6661    27.6899    27.6893    6.66142    6.68063         23 0.0000e+00
      17586    732.725    400.000     3.6870   3.231751     3.6869   3.231639      50.47     0.0170     2.8676     2.5317  33.493225  3.7021537   48.75736  -45.63826    34.8350    34.8339     3.6593     3.6592    27.6900    27.6891    6.66134    6.68712         25 0.0000e+00
      17612    733.774    401.000     3.6769   3.230794     3.6768   3.230699      64.44     0.0165     2.8675     2.5318  33.492672  3.7012589   48.75736  -45.63826    34.8338    34.8328     3.6492     3.6491    27.6900    27.6892    6.66227    6.68697         24 0.0000e+00
      17635    734.732    402.000     3.6711   3.230282     3.6709   3.230173      98.75     0.0149     2.8666     2.5315  33.501194  3.6926110   48.75736  -45.63826    34.8333    34.8323     3.6434     3.6431    27.6902    27.6894    6.66203    6.68656         22 0.0000e+00
      17655    735.599    403.000     3.6655   3.229807     3.6655   3.229731      98.63     0.0108     2.8670     2.5316  33.501827  3.6920669   48.75736  -45.63826    34.8331    34.8322     3.6376     3.6389    27.6906    27.6899    6.66439    6.69071         20 0.0000e+00
      17676    736.475    404.000     3.6624   3.229562     3.6621   3.229477      98.64     0.0073     2.8659     2.5314  33.501831  3.6807041   48.75736  -45.63828    34.8330    34.8322     3.6345     3.6342    27.6908    27.6903    6.66049    6.68891         22 0.0000e+00
      17700    737.475    405.000     3.6634   3.229716     3.6629   3.229633      98.64     0.0116     2.8660     2.5312  33.501831  3.6740234   48.75736  -45.63828    34.8331    34.8326     3.6355     3.6349    27.6908    27.6904    6.66749    6.69060         26 0.0000e+00
      17726    738.560    406.000     3.6650   3.229933     3.6650   3.229880      84.88     0.0142     2.8658     2.5313  33.501831  3.6672461   48.75736  -45.63828    34.8335    34.8329     3.6370     3.6369    27.6910    27.6905    6.66803    6.69217         26 0.0000e+00
