data/CTD/2014/CNV/d017a011.cnv
* Sea-Bird SBE 9 Data File:
* FileName = C:\CTD_ACQUISITION\2014017HUD\ctddata\017A011.hdr
* Software Version Seasave V 7.22.2
* Temperature SN = 5081
* Conductivity SN = 3561
* Number of Bytes Per Scan = 37
* Number of Voltage Words = 4
* Number of Scans Averaged by the Deck Unit = 1
* NMEA Latitude = 52 45.35 N
* NMEA Longitude = 051 52.12 W
* NMEA UTC (Time) = Jul 03 2014 20:37:39
* NMEA baud rate = 9600
** Ship: Hudson
** Cruise: HUD2014017
** Chief_Scientist: Blair Greenan
** Organization: BIO
** Area_of_Operation: Sackville Spur
** Station: 011
** Sounding:  343
** Event_Comments: C2 403022
# nquan = 25
# nvalues = 334                         
# units = specified
# name 0 = scan: Scan Count
# name 1 = timeS: Time, Elapsed [seconds]
# name 2 = prDM: Pressure, Digiquartz [db]
# name 3 = t068C: Temperature [ITS-68, deg C]
# name 4 = c0S/m: Conductivity [S/m]
# name 5 = t168C: Temperature, 2 [ITS-68, deg C]
# name 6 = c1S/m: Conductivity, 2 [S/m]
# name 7 = altM: Altimeter [m]
# name 8 = flC: Fluorescence, Chelsea Aqua 3 Chl Con [ug/l]
# name 9 = sbeox0V: Oxygen raw, SBE 43 [V]
# name 10 = sbeox1V: Oxygen raw, SBE 43, 2 [V]
# name 11 = upoly0: Upoly 0, Optode 4330F - O2 D-Phase
# name 12 = upoly1: Upoly 1, Optode 4330F - O2 Temp
# name 13 = latitude: Latitude [deg]
# name 14 = longitude: Longitude [deg]
# name 15 = sal00: Salinity, Practical [PSU]
# name 16 = sal11: Salinity, Practical, 2 [PSU]
# name 17 = potemp068C: Potential Temperature [ITS-68, deg C]
# name 18 = potemp168C: Potential Temperature, 2 [ITS-68, deg C]
# name 19 = sigma-é00: Density [sigma-theta, Kg/m^3]
# name 20 = sigma-é11: Density, 2 [sigma-theta, Kg/m^3]
# name 21 = sbeox0ML/L: Oxygen, SBE 43 [ml/l], WS = 2
# name 22 = sbeox1ML/L: Oxygen, SBE 43, 2 [ml/l], WS = 2
# name 23 = nbin: number of scans per bin
# name 24 = flag: flag
# span 0 =       8548,      20967       
# span 1 =    356.110,    873.584       
# span 2 =      1.000,    334.000       
# span 3 =    -1.3380,     3.9674       
# span 4 =   2.660756,   3.241502       
# span 5 =    -1.3390,     3.9873       
# span 6 =   2.660561,   3.241389       
# span 7 =       4.69,     103.84       
# span 8 =     0.0132,     0.4885       
# span 9 =     2.9007,     3.7259       
# span 10 =     2.5562,     3.2817      
# span 11 =  26.158224,  30.995218      
# span 12 = -0.5021511,  3.7035558      
# span 13 =   52.75446,   52.75520      
# span 14 =  -51.86718,  -51.86423      
# span 15 =    31.4248,    34.7744      
# span 16 =    31.4204,    34.7735      
# span 17 =    -1.3387,     3.9673      
# span 18 =    -1.3397,     3.9871      
# span 19 =    24.9477,    27.6612      
# span 20 =    24.9418,    27.6604      
# span 21 =    6.67178,    9.93708      
# span 22 =    6.68992,   10.11229      
# span 23 =         10,        104      
# span 24 = 0.0000e+00, 0.0000e+00      
# interval = decibars: 1                
# start_time = Jul 03 2014 20:37:39 [NMEA time, header]
# bad_flag = -9.990e-29
*END*
[from data line 58]
      11386    474.383     59.000    -0.9263   2.718677    -0.9272   2.718828      98.08     0.0427     2.9882     2.6454  29.061108  0.9735229   52.75506  -51.86646    33.5238    33.5268    -0.9278    -0.9287    26.9543    26.9568    7.68568    7.77951         19 0.0000e+00
      11403    475.091     60.000    -0.8896   2.722789    -0.8910   2.722920      98.64     0.0424     2.9887     2.6455  29.077093  0.9576659   52.75506  -51.86646    33.5381    33.5415    -0.8911    -0.8925    26.9646    26.9674    7.69286    7.77996         15 0.0000e+00
      11418    475.690     61.000    -0.8588   2.726495    -0.8607   2.726592      98.63     0.0456     2.9895     2.6455  29.076923  0.9570879   52.75506  -51.86646    33.5535    33.5570    -0.8604    -0.8623    26.9759    26.9788    7.69429    7.77836         14 0.0000e+00
      11431    476.245     62.000    -0.8309   2.729833    -0.8326   2.729863      91.62     0.0528     2.9908     2.6460  29.110432  0.9234761   52.75506  -51.86646    33.5671    33.5694    -0.8325    -0.8343    26.9858    26.9878    7.68654    7.77578         13 0.0000e+00
      11446    476.861     63.000    -0.8231   2.731001    -0.8234   2.731001      82.88     0.0483     2.9904     2.6464  29.134188  0.8975471   52.75506  -51.86646    33.5736    33.5744    -0.8248    -0.8251    26.9908    26.9915    7.67531    7.77108         18 0.0000e+00
      11481    478.328     64.000    -0.8247   2.730895    -0.8267   2.730659      91.14     0.0428     2.9891     2.6444  29.155466  0.8733610   52.75506  -51.86646    33.5733    33.5725    -0.8264    -0.8283    26.9907    26.9901    7.64973    7.73798         51 0.0000e+00
      11550    481.199     65.000    -0.8219   2.731273    -0.8318   2.730330      98.65     0.0454     2.9806     2.6375  29.230509  0.7712987   52.75506  -51.86642    33.5747    33.5729    -0.8236    -0.8335    26.9917    26.9906    7.59164    7.71243         24 0.0000e+00
      11562    481.709     66.000    -0.7889   2.735452    -0.7906   2.735557      71.24     0.0437     2.9784     2.6374  29.223478  0.7826618   52.75506  -51.86642    33.5939    33.5972    -0.7907    -0.7924    27.0060    27.0087    7.61292    7.72979         14 0.0000e+00
      11574    482.221     67.000    -0.7641   2.738532    -0.7670   2.738619      97.03     0.0434     2.9795     2.6378  29.247503  0.7602053   52.75506  -51.86642    33.6073    33.6117    -0.7659    -0.7688    27.0159    27.0195    7.63943    7.74624         12 0.0000e+00
      11585    482.683     68.000    -0.7205   2.743736    -0.7236   2.744127      98.62     0.0402     2.9796     2.6389  29.262848  0.7379568   52.75506  -51.86642    33.6300    33.6372    -0.7237    -0.7255    27.0326    27.0385    7.64160    7.75181         10 0.0000e+00
      11596    483.126     69.000    -0.7029   2.746424    -0.7027   2.746603      98.63     0.0462     2.9812     2.6403  29.267412  0.7347010   52.75506  -51.86642    33.6445    33.6467    -0.7048    -0.7046    27.0436    27.0454    7.64488    7.75598         11 0.0000e+00
      11607    483.593     70.000    -0.7040   2.746620    -0.7036   2.746688      98.63     0.0473     2.9820     2.6418  29.266207  0.7362278   52.75505  -51.86642    33.6478    33.6483    -0.7059    -0.7056    27.0463    27.0467    7.64336    7.75206         12 0.0000e+00
      11620    484.138     71.000    -0.7078   2.746461    -0.7070   2.746527      98.63     0.0406     2.9828     2.6423  29.290516  0.7339458   52.75504  -51.86642    33.6493    33.6493    -0.7098    -0.7090    27.0477    27.0476    7.63219    7.73935         15 0.0000e+00
      11668    486.144     72.000    -0.7124   2.746371    -0.7175   2.745773      98.66     0.0371     2.9796     2.6393  29.351582  0.6897472   52.75505  -51.86641    33.6526    33.6502    -0.7144    -0.7195    27.0505    27.0488    7.60784    7.70535         29 0.0000e+00
      11734    488.865     73.000    -0.7021   2.747638    -0.7130   2.746354      98.63     0.0412     2.9741     2.6338  29.415972  0.5786695   52.75505  -51.86638    33.6576    33.6524    -0.7042    -0.7150    27.0542    27.0504    7.59535    7.69654         12 0.0000e+00
      11742    489.216     74.000    -0.6700   2.751523    -0.6765   2.751263      98.64     0.0401     2.9747     2.6339  29.409876  0.5828417   52.75506  -51.86638    33.6736    33.6773    -0.6720    -0.6786    27.0658    27.0691    7.59910    7.69113         11 0.0000e+00
      11752    489.632     75.000    -0.6230   2.756699    -0.6276   2.756766      98.63     0.0448     2.9754     2.6341  29.409536  0.5833780   52.75506  -51.86638    33.6905    33.6965    -0.6252    -0.6297    27.0775    27.0826    7.59942    7.68539         10 0.0000e+00
      11762    490.043     76.000    -0.5964   2.759800    -0.5983   2.759881      98.63     0.0442     2.9754     2.6339  29.415115  0.5889857   52.75506  -51.86638    33.7019    33.7051    -0.5986    -0.6005    27.0857    27.0884    7.59461    7.68734         10 0.0000e+00
      11773    490.491     77.000    -0.5718   2.762546    -0.5738   2.762640      98.64     0.0398     2.9761     2.6349  29.441326  0.5812598   52.75506  -51.86638    33.7109    33.7144    -0.5740    -0.5761    27.0920    27.0949    7.59029    7.69157         11 0.0000e+00
      11787    491.078     78.000    -0.5454   2.765425    -0.5471   2.765504      98.63     0.0387     2.9766     2.6358  29.440830  0.5797651   52.75506  -51.86638    33.7197    33.7226    -0.5477    -0.5494    27.0979    27.1004    7.58201    7.68816         18 0.0000e+00
      11837    493.186     79.000    -0.5362   2.766402    -0.5407   2.766155      70.60     0.0338     2.9762     2.6354  29.489906  0.5365084   52.75505  -51.86637    33.7219    33.7241    -0.5385    -0.5429    27.0993    27.1013    7.57168    7.67148         37 0.0000e+00
      11893    495.513     80.000    -0.5318   2.766912    -0.5247   2.768173      92.91     0.0381     2.9751     2.6346  29.546614  0.4790227   52.75506  -51.86634    33.7233    33.7323    -0.5341    -0.5270    27.1003    27.1072    7.55959    7.67011         16 0.0000e+00
      11906    496.062     81.000    -0.4859   2.772179    -0.4865   2.772502      98.63     0.0397     2.9742     2.6349  29.554327  0.4725334   52.75506  -51.86634    33.7423    33.7473    -0.4883    -0.4889    27.1137    27.1177    7.54667    7.65108         12 0.0000e+00
      11919    496.572     82.000    -0.4597   2.775253    -0.4613   2.775308      98.64     0.0428     2.9745     2.6339  29.587902  0.4426887   52.75506  -51.86634    33.7537    33.7563    -0.4622    -0.4638    27.1218    27.1239    7.54765    7.63843         12 0.0000e+00
      11931    497.098     83.000    -0.4317   2.778579    -0.4341   2.778640      98.63     0.0362     2.9743     2.6340  29.585575  0.4463292   52.75506  -51.86632    33.7667    33.7701    -0.4343    -0.4366    27.1310    27.1339    7.53719    7.63309         14 0.0000e+00
      11946    497.693     84.000    -0.4023   2.781997    -0.4040   2.782034      98.64     0.0319     2.9739     2.6338  29.587734  0.4428258   52.75506  -51.86633    33.7790    33.7815    -0.4048    -0.4066    27.1397    27.1418    7.52455    7.63119         15 0.0000e+00
      11965    498.481     85.000    -0.3777   2.784775    -0.3792   2.784803      79.50     0.0293     2.9735     2.6338  29.611471  0.4466336   52.75506  -51.86634    33.7883    33.7903    -0.3803    -0.3818    27.1461    27.1478    7.52213    7.63310         23 0.0000e+00
      11989    499.517     86.000    -0.3475   2.788099    -0.3485   2.788123      97.81     0.0316     2.9728     2.6348  29.617336  0.4482891   52.75506  -51.86634    33.7986    33.8000    -0.3502    -0.3512    27.1531    27.1543    7.52777    7.63232         26 0.0000e+00
      12015    500.563     87.000    -0.3364   2.789347    -0.3369   2.789380      75.55     0.0311     2.9740     2.6348  29.661207  0.4134849   52.75506  -51.86632    33.8023    33.8032    -0.3391    -0.3396    27.1556    27.1564    7.53808    7.61756         24 0.0000e+00
      12039    501.597     88.000    -0.3067   2.792573    -0.3085   2.792614      63.04     0.0245     2.9753     2.6339  29.672466  0.4073044   52.75506  -51.86632    33.8118    33.8143    -0.3095    -0.3113    27.1619    27.1640    7.53152    7.60748         27 0.0000e+00
      12071    502.915     89.000    -0.2702   2.796547    -0.2709   2.796590      90.21     0.0257     2.9755     2.6340  29.719242  0.3717582   52.75506  -51.86631    33.8237    33.8250    -0.2731    -0.2737    27.1698    27.1709    7.50657    7.60508         37 0.0000e+00
      12107    504.408     90.000    -0.2441   2.799354    -0.2449   2.799387      91.32     0.0573     2.9744     2.6337  29.745085  0.3529798   52.75506  -51.86630    33.8315    33.8328    -0.2470    -0.2478    27.1749    27.1760    7.49567    7.59732         29 0.0000e+00
      12129    505.354     91.000    -0.2272   2.801146    -0.2290   2.801130      98.78     0.0387     2.9735     2.6336  29.759716  0.3439303   52.75506  -51.86630    33.8360    33.8378    -0.2302    -0.2320    27.1778    27.1793    7.49361    7.59318         19 0.0000e+00
      12145    506.021     92.000    -0.1965   2.804292    -0.1982   2.804370      98.63     0.0331     2.9733     2.6335  29.765566  0.3444967   52.75506  -51.86628    33.8432    33.8461    -0.1996    -0.2012    27.1822    27.1846    7.48982    7.58698         14 0.0000e+00
      12159    506.588     93.000    -0.1743   2.806672    -0.1756   2.806756      69.05     0.0333     2.9739     2.6333  29.795099  0.3430905   52.75505  -51.86628    33.8497    33.8522    -0.1774    -0.1787    27.1863    27.1884    7.49354    7.58547         13 0.0000e+00
      12172    507.125     94.000    -0.1497   2.809284    -0.1511   2.809358      36.84     0.0322     2.9731     2.6337  29.794872  0.3431014   52.75504  -51.86628    33.8564    33.8590    -0.1528    -0.1542    27.1906    27.1927    7.49202    7.58318         13 0.0000e+00
      12186    507.695     95.000    -0.1332   2.811060    -0.1343   2.811072      75.26     0.0321     2.9742     2.6337  29.797737  0.3431014   52.75504  -51.86628    33.8611    33.8625    -0.1364    -0.1375    27.1936    27.1948    7.49113    7.57796         15 0.0000e+00
      12204    508.441     96.000    -0.1174   2.812668    -0.1183   2.812680      96.96     0.0353     2.9744     2.6337  29.835173  0.3431014   52.75504  -51.86628    33.8644    33.8655    -0.1206    -0.1215    27.1954    27.1964    7.49541    7.58642         23 0.0000e+00
      12251    510.424     97.000    -0.1053   2.813829    -0.1065   2.813755      94.05     0.0345     2.9786     2.6376  29.862806  0.3255958   52.75504  -51.86627    33.8657    33.8662    -0.1085    -0.1098    27.1959    27.1963    7.52128    7.61382         66 0.0000e+00
      12295    512.269     98.000    -0.0903   2.815317    -0.0907   2.815331      78.60     0.0274     2.9822     2.6414  29.890484  0.2915400   52.75504  -51.86626    33.8683    33.8689    -0.0936    -0.0940    27.1973    27.1978    7.50560    7.61405         20 0.0000e+00
      12310    512.878     99.000    -0.0869   2.816182    -0.0873   2.816204      99.27     0.0300     2.9816     2.6413  29.906382  0.2769729   52.75505  -51.86625    33.8754    33.8761    -0.0903    -0.0907    27.2029    27.2035    7.48781    7.59796         14 0.0000e+00
      12323    513.418    100.000    -0.0736   2.818021    -0.0753   2.818042      78.20     0.0338     2.9809     2.6412  29.904196  0.2754721   52.75506  -51.86624    33.8845    33.8866    -0.0770    -0.0787    27.2095    27.2113    7.48535    7.58903         13 0.0000e+00
      12335    513.934    101.000    -0.0424   2.821294    -0.0446   2.821321      76.57     0.0347     2.9800     2.6408  29.904758  0.2779662   52.75504  -51.86624    33.8926    33.8955    -0.0458    -0.0481    27.2145    27.2170    7.47942    7.58061         12 0.0000e+00
      12348    514.469    102.000    -0.0250   2.823082    -0.0257   2.823157      98.21     0.0331     2.9808     2.6406  29.932482  0.2795783   52.75504  -51.86624    33.8965    33.8982    -0.0285    -0.0292    27.2168    27.2182    7.47882    7.57428         14 0.0000e+00
      12364    515.121    103.000     0.0014   2.825733    -0.0006   2.825788      91.69     0.0293     2.9801     2.6402  29.931675  0.2816999   52.75504  -51.86624    33.9016    33.9046    -0.0021    -0.0041    27.2196    27.2221    7.46321    7.56795         18 0.0000e+00
      12390    516.228    104.000     0.0729   2.832704     0.0718   2.832879      87.81     0.0266     2.9785     2.6397  29.951330  0.2786065   52.75504  -51.86624    33.9141    33.9176     0.0692     0.0681    27.2260    27.2289    7.44751    7.55338         37 0.0000e+00
      12438    518.212    105.000     0.1793   2.843385     0.1763   2.843292      74.84     0.0242     2.9775     2.6384  29.988543  0.2716083   52.75504  -51.86623    33.9367    33.9387     0.1754     0.1725    27.2388    27.2405    7.42411    7.51342         50 0.0000e+00
      12474    519.707    106.000     0.2198   2.847739     0.2197   2.847806      99.55     0.0290     2.9766     2.6365  30.009420  0.2646782   52.75504  -51.86621    33.9486    33.9496     0.2159     0.2158    27.2462    27.2470    7.42692    7.51511         24 0.0000e+00
      12493    520.483    107.000     0.2267   2.848488     0.2264   2.848527      98.64     0.0272     2.9779     2.6375  30.031233  0.2563734   52.75504  -51.86620    33.9503    33.9512     0.2227     0.2224    27.2472    27.2479    7.44497    7.52812         16 0.0000e+00
      12507    521.084    108.000     0.2360   2.849462     0.2362   2.849621      98.51     0.0293     2.9795     2.6380  30.033817  0.2551869   52.75504  -51.86620    33.9522    33.9540     0.2320     0.2322    27.2482    27.2497    7.43877    7.52511         13 0.0000e+00
      12520    521.621    109.000     0.2468   2.850592     0.2469   2.850671      63.45     0.0368     2.9788     2.6380  30.031574  0.1170852   52.75504  -51.86620    33.9545    33.9554     0.2428     0.2429    27.2495    27.2502    7.42366    7.51945         13 0.0000e+00
      12533    522.169    110.000     0.2514   2.851108     0.2515   2.851195      90.55     0.0377     2.9788     2.6381  30.049618 -0.0462520   52.75504  -51.86620    33.9556    33.9566     0.2474     0.2475    27.2501    27.2509    7.42127    7.51406         14 0.0000e+00
      12549    522.815    111.000     0.2678   2.852768     0.2667   2.852818      98.21     0.0324     2.9788     2.6378  30.071896 -0.4082890   52.75504  -51.86620    33.9587    33.9605     0.2637     0.2626    27.2518    27.2533    7.42015    7.50630         18 0.0000e+00
      12575    523.922    112.000     0.2957   2.855534     0.2948   2.855556      89.05     0.0289     2.9786     2.6375  30.083490  0.1533786   52.75504  -51.86620    33.9636    33.9649     0.2915     0.2906    27.2542    27.2553    7.41069    7.50296         38 0.0000e+00
      12620    525.788    113.000     0.3218   2.858186     0.3210   2.858226      56.48     0.0239     2.9779     2.6372  30.108973  0.2704673   52.75504  -51.86618    33.9690    33.9704     0.3176     0.3168    27.2571    27.2583    7.40677    7.49968         38 0.0000e+00
      12645    526.838    114.000     0.4177   2.867990     0.4140   2.868199      99.45     0.0224     2.9777     2.6375  30.135403  0.2550033   52.75505  -51.86617    33.9911    33.9979     0.4133     0.4096    27.2696    27.2753    7.39257    7.48657         20 0.0000e+00
      12662    527.556    115.000     0.4571   2.872091     0.4566   2.872180      68.82     0.0262     2.9783     2.6382  30.132803 -0.1548964   52.75505  -51.86616    34.0007    34.0024     0.4526     0.4521    27.2751    27.2765    7.39373    7.48148         16 0.0000e+00
