data/CTD/2014/CNV/d017a035.cnv
* Sea-Bird SBE 9 Data File:
* FileName = C:\CTD_ACQUISITION\2014017HUD\ctddata\017A035.hdr
* Software Version Seasave V 7.22.2
* Temperature SN = 5081
* Conductivity SN = 3561
* Number of Bytes Per Scan = 37
* Number of Voltage Words = 4
* Number of Scans Averaged by the Deck Unit = 1
* NMEA Latitude = 48 29.67 N
* NMEA Longitude = 046 43.65 W
* NMEA UTC (Time) = Jul 09 2014 18:03:36
* NMEA baud rate = 9600
** Ship: Hudson
** Cruise: HUD2014017
** Chief_Scientist: Blair Greenan
** Organization: BIO
** Area_of_Operation: Sackville Spur
** Station: 035
** Sounding:
** Event_Comments: SS-07 403203
# nquan = 25
# nvalues = 2346                        
# units = specified
# name 0 = scan: Scan Count
# name 1 = timeS: Time, Elapsed [seconds]
# name 2 = prDM: Pressure, Digiquartz [db]
# name 3 = t068C: Temperature [ITS-68, deg C]
# name 4 = c0S/m: Conductivity [S/m]
# name 5 = t168C: Temperature, 2 [ITS-68, deg C]
# name 6 = c1S/m: Conductivity, 2 [S/m]
# name 7 = altM: Altimeter [m]
# name 8 = flC: Fluorescence, Chelsea Aqua 3 Chl Con [ug/l]
# name 9 = sbeox0V: Oxygen raw, SBE 43 [V]
# name 10 = sbeox1V: Oxygen raw, SBE 43, 2 [V]
# name 11 = upoly0: Upoly 0, Optode 4330F - O2 D-Phase
# name 12 = upoly1: Upoly 1, Optode 4330F - O2 Temp
# name 13 = latitude: Latitude [deg]
# name 14 = longitude: Longitude [deg]
# name 15 = sal00: Salinity, Practical [PSU]
# name 16 = sal11: Salinity, Practical, 2 [PSU]
# name 17 = potemp068C: Potential Temperature [ITS-68, deg C]
# name 18 = potemp168C: Potential Temperature, 2 [ITS-68, deg C]
# name 19 = sigma-é00: Density [sigma-theta, Kg/m^3]
# name 20 = sigma-é11: Density, 2 [sigma-theta, Kg/m^3]
# name 21 = sbeox0ML/L: Oxygen, SBE 43 [ml/l], WS = 2
# name 22 = sbeox1ML/L: Oxygen, SBE 43, 2 [ml/l], WS = 2
# name 23 = nbin: number of scans per bin
# name 24 = flag: flag
# span 0 =       2683,      61309       
# span 1 =    111.757,   2554.501       
# span 2 =      2.000,   2347.000       
# span 3 =     2.5862,     8.6783       
# span 4 =   3.073810,   3.543084       
# span 5 =     2.5849,     8.6775       
# span 6 =   3.074776,   3.542861       
# span 7 =       0.45,     108.66       
# span 8 =     0.0067,     0.5586       
# span 9 =     2.2226,     3.6533       
# span 10 =     1.9658,     3.1887      
# span 11 =  30.159554,  35.510742      
# span 12 =  2.7224085,  8.7199526      
# span 13 =   48.49498,   48.49786      
# span 14 =  -46.72746,  -46.71976      
# span 15 =    33.4754,    34.9162      
# span 16 =    33.4735,    34.9158      
# span 17 =     2.5827,     8.6781      
# span 18 =     2.5814,     8.6772      
# span 19 =    25.9749,    27.8510      
# span 20 =    25.9738,    27.8510      
# span 21 =    6.26573,    8.41220      
# span 22 =    6.24599,    8.41933      
# span 23 =         12,         87      
# span 24 = 0.0000e+00, 0.0000e+00      
# interval = decibars: 1                
# start_time = Jul 09 2014 18:03:36 [NMEA time, header]
# bad_flag = -9.990e-29
*END*
[from data line 1566]
      41807   1741.937   1568.000     3.4647   3.269230     3.4640   3.269123      98.63     0.0128     2.4124     2.1342  34.922855  3.4600670   48.49696  -46.72161    34.9155    34.9151     3.3448     3.3440    27.7852    27.7848    6.28636    6.27496         39 0.0000e+00
      41842   1743.392   1569.000     3.4648   3.269280     3.4641   3.269171      98.63     0.0091     2.4117     2.1340  34.917450  3.4607918   48.49696  -46.72160    34.9155    34.9151     3.3448     3.3440    27.7852    27.7848    6.29279    6.27383         29 0.0000e+00
      41868   1744.458   1570.000     3.4642   3.269272     3.4633   3.269148      98.63     0.0096     2.4121     2.1335  34.919254  3.4603705   48.49696  -46.72160    34.9156    34.9151     3.3441     3.3431    27.7853    27.7850    6.29765    6.26062         23 0.0000e+00
      41891   1745.405   1571.000     3.4627   3.269177     3.4620   3.269082      98.64     0.0122     2.4120     2.1323  34.922443  3.4667060   48.49696  -46.72158    34.9156    34.9152     3.3425     3.3417    27.7854    27.7852    6.29559    6.25922         22 0.0000e+00
      41911   1746.248   1572.000     3.4611   3.269081     3.4606   3.268998      98.63     0.0133     2.4121     2.1316  34.923077  3.4683461   48.49696  -46.72158    34.9156    34.9152     3.3408     3.3403    27.7856    27.7853    6.29786    6.26289         19 0.0000e+00
      41929   1746.982   1573.000     3.4592   3.268951     3.4587   3.268873      98.64     0.0141     2.4120     2.1314  34.923077  3.4633527   48.49696  -46.72158    34.9156    34.9152     3.3389     3.3384    27.7858    27.7855    6.29023    6.26719         16 0.0000e+00
      41945   1747.646   1574.000     3.4584   3.268919     3.4576   3.268818      98.63     0.0157     2.4111     2.1313  34.923077  3.4590962   48.49695  -46.72157    34.9156    34.9153     3.3379     3.3371    27.7859    27.7857    6.29348    6.26488         16 0.0000e+00
      41960   1748.297   1575.000     3.4575   3.268879     3.4568   3.268791      98.63     0.0166     2.4118     2.1306  34.923077  3.4590964   48.49694  -46.72156    34.9156    34.9152     3.3370     3.3363    27.7859    27.7857    6.29805    6.26160         16 0.0000e+00
      41977   1749.016   1576.000     3.4566   3.268840     3.4558   3.268732      98.63     0.0156     2.4112     2.1304  34.923077  3.4590964   48.49694  -46.72156    34.9156    34.9151     3.3360     3.3352    27.7860    27.7858    6.29253    6.26462         19 0.0000e+00
      42020   1750.790   1577.000     3.4558   3.268809     3.4556   3.268747      98.63     0.0155     2.4106     2.1296  34.923077  3.4551551   48.49694  -46.72155    34.9155    34.9150     3.3351     3.3349    27.7861    27.7857    6.29484    6.26116         39 0.0000e+00
      42078   1753.196   1578.000     3.4535   3.268652     3.4541   3.268640      98.63     0.0173     2.4100     2.1290  34.923077  3.4550738   48.49694  -46.72154    34.9156    34.9148     3.3328     3.3333    27.7863    27.7857    6.29474    6.26793         17 0.0000e+00
      42092   1753.803   1579.000     3.4505   3.268427     3.4498   3.268327      98.63     0.0167     2.4099     2.1290  34.923077  3.4591639   48.49694  -46.72154    34.9156    34.9152     3.3297     3.3290    27.7867    27.7864    6.29719    6.26741         15 0.0000e+00
      42107   1754.408   1580.000     3.4481   3.268254     3.4474   3.268154      98.63     0.0183     2.4100     2.1288  34.923077  3.4590964   48.49694  -46.72154    34.9156    34.9152     3.3273     3.3266    27.7869    27.7866    6.29267    6.27076         14 0.0000e+00
      42121   1754.996   1581.000     3.4475   3.268242     3.4468   3.268140      98.63     0.0176     2.4096     2.1290  34.924046  3.4558640   48.49694  -46.72152    34.9156    34.9152     3.3265     3.3258    27.7870    27.7867    6.28686    6.27442         15 0.0000e+00
      42135   1755.589   1582.000     3.4472   3.268263     3.4465   3.268157      98.63     0.0173     2.4086     2.1290  34.926163  3.4494946   48.49694  -46.72152    34.9156    34.9151     3.3262     3.3255    27.7870    27.7867    6.29142    6.27256         14 0.0000e+00
      42150   1756.212   1583.000     3.4470   3.268268     3.4460   3.268150      98.63     0.0171     2.4092     2.1290  34.928505  3.4493284   48.49694  -46.72152    34.9155    34.9151     3.3259     3.3249    27.7869    27.7867    6.29602    6.27132         16 0.0000e+00
      42168   1756.945   1584.000     3.4465   3.268260     3.4455   3.268148      98.63     0.0153     2.4087     2.1289  34.926823  3.4460638   48.49694  -46.72152    34.9154    34.9151     3.3253     3.3243    27.7870    27.7868    6.28971    6.27140         20 0.0000e+00
      42208   1758.609   1585.000     3.4456   3.268224     3.4451   3.268137      98.63     0.0157     2.4083     2.1283  34.927708  3.4401729   48.49694  -46.72151    34.9154    34.9149     3.3243     3.3239    27.7870    27.7866    6.29485    6.26927         65 0.0000e+00
      42261   1760.827   1586.000     3.4460   3.268318     3.4453   3.268215      98.63     0.0138     2.4083     2.1284  34.922676  3.4404819   48.49694  -46.72150    34.9156    34.9151     3.3247     3.3240    27.7871    27.7868    6.29375    6.28151         23 0.0000e+00
      42277   1761.512   1587.000     3.4462   3.268370     3.4455   3.268280      98.63     0.0148     2.4066     2.1287  34.931824  3.4494598   48.49694  -46.72150    34.9155    34.9152     3.3247     3.3240    27.7871    27.7869    6.28276    6.27570         17 0.0000e+00
      42293   1762.155   1588.000     3.4454   3.268338     3.4446   3.268243      98.63     0.0129     2.4070     2.1284  34.934746  3.4493284   48.49694  -46.72150    34.9155    34.9152     3.3239     3.3231    27.7872    27.7870    6.29377    6.27088         15 0.0000e+00
      42307   1762.760   1589.000     3.4443   3.268288     3.4436   3.268186      98.63     0.0112     2.4071     2.1282  34.930481  3.4493284   48.49693  -46.72149    34.9156    34.9151     3.3227     3.3220    27.7873    27.7870    6.29076    6.26960         14 0.0000e+00
      42322   1763.360   1590.000     3.4427   3.268185     3.4421   3.268092      98.64     0.0142     2.4064     2.1280  34.923260  3.4417078   48.49692  -46.72148    34.9155    34.9151     3.3211     3.3204    27.7874    27.7871    6.29522    6.27228         15 0.0000e+00
      42337   1764.012   1591.000     3.4411   3.268081     3.4404   3.267979      98.63     0.0138     2.4070     2.1280  34.923901  3.4401972   48.49692  -46.72148    34.9155    34.9151     3.3194     3.3186    27.7876    27.7873    6.30121    6.27675         17 0.0000e+00
      42359   1764.923   1592.000     3.4395   3.267966     3.4387   3.267866      98.50     0.0152     2.4064     2.1279  34.926239  3.4402039   48.49692  -46.72148    34.9154    34.9150     3.3177     3.3169    27.7876    27.7874    6.29266    6.27716         30 0.0000e+00
      42405   1766.828   1593.000     3.4378   3.267854     3.4372   3.267763      98.66     0.0198     2.4065     2.1276  34.930687  3.4386673   48.49692  -46.72148    34.9153    34.9149     3.3159     3.3153    27.7878    27.7875    6.30125    6.27063         44 0.0000e+00
      42431   1767.912   1594.000     3.4379   3.267904     3.4370   3.267805      98.63     0.0219     2.4057     2.1269  34.934856  3.4390743   48.49692  -46.72147    34.9154    34.9151     3.3159     3.3151    27.7878    27.7876    6.28937    6.26524         20 0.0000e+00
      42450   1768.708   1595.000     3.4378   3.267947     3.4370   3.267851      98.63     0.0202     2.4056     2.1264  34.941586  3.4390464   48.49692  -46.72146    34.9154    34.9151     3.3158     3.3150    27.7878    27.7877    6.29463    6.26494         19 0.0000e+00
      42470   1769.552   1596.000     3.4374   3.267955     3.4368   3.267861      98.63     0.0196     2.4053     2.1259  34.932518  3.4391155   48.49692  -46.72146    34.9154    34.9150     3.3153     3.3147    27.7879    27.7876    6.29087    6.27173         22 0.0000e+00
      42494   1770.559   1597.000     3.4363   3.267890     3.4355   3.267786      98.55     0.0192     2.4049     2.1260  34.936588  3.4395590   48.49692  -46.72146    34.9154    34.9149     3.3141     3.3133    27.7880    27.7877    6.29544    6.27411         26 0.0000e+00
      42519   1771.599   1598.000     3.4347   3.267793     3.4342   3.267710      98.52     0.0174     2.4046     2.1260  34.930866  3.4294348   48.49692  -46.72146    34.9154    34.9150     3.3125     3.3119    27.7881    27.7879    6.29315    6.27426         22 0.0000e+00
      42539   1772.418   1599.000     3.4331   3.267690     3.4319   3.267557      98.64     0.0181     2.4044     2.1257  34.929550  3.4297924   48.49692  -46.72146    34.9154    34.9150     3.3107     3.3096    27.7883    27.7881    6.29315    6.27115         18 0.0000e+00
      42556   1773.109   1600.000     3.4326   3.267690     3.4319   3.267596      98.63     0.0165     2.4042     2.1255  34.935944  3.4297924   48.49692  -46.72144    34.9154    34.9150     3.3102     3.3095    27.7884    27.7881    6.29316    6.27378         16 0.0000e+00
      42572   1773.791   1601.000     3.4324   3.267713     3.4318   3.267621      98.63     0.0187     2.4040     2.1255  34.936867  3.4297924   48.49692  -46.72144    34.9154    34.9149     3.3099     3.3093    27.7884    27.7881    6.29441    6.27356         17 0.0000e+00
      42591   1774.582   1602.000     3.4305   3.267581     3.4304   3.267527      98.63     0.0194     2.4036     2.1253  34.942886  3.4297924   48.49692  -46.72144    34.9153    34.9148     3.3079     3.3078    27.7886    27.7882    6.29649    6.27040         22 0.0000e+00
      42633   1776.346   1603.000     3.4298   3.267550     3.4293   3.267469      98.50     0.0176     2.4035     2.1246  34.961407  3.4255974   48.49692  -46.72144    34.9153    34.9148     3.3071     3.3097    27.7886    27.7882    6.29967    6.27134         61 0.0000e+00
      42675   1778.099   1604.000     3.4290   3.267536     3.4286   3.267454      98.62     0.0155     2.4033     2.1243  34.952084  3.4241633   48.49692  -46.72144    34.9154    34.9149     3.3063     3.3057    27.7887    27.7884    6.29250    6.27472         21 0.0000e+00
      42692   1778.801   1605.000     3.4283   3.267507     3.4283   3.267484      98.63     0.0143     2.4029     2.1243  34.950577  3.4255002   48.49692  -46.72143    34.9153    34.9150     3.3054     3.3055    27.7888    27.7885    6.29318    6.27553         16 0.0000e+00
      42708   1779.455   1606.000     3.4284   3.267559     3.4280   3.267500      98.63     0.0138     2.4027     2.1242  34.952370  3.4297683   48.49692  -46.72142    34.9154    34.9150     3.3055     3.3051    27.7888    27.7886    6.29262    6.27611         15 0.0000e+00
      42723   1780.103   1607.000     3.4288   3.267635     3.4278   3.267529      98.63     0.0139     2.4024     2.1242  34.945072  3.4297924   48.49692  -46.72142    34.9153    34.9151     3.3058     3.3048    27.7888    27.7887    6.29517    6.27790         16 0.0000e+00
      42740   1780.807   1608.000     3.4282   3.267626     3.4275   3.267539      98.64     0.0129     2.4022     2.1242  34.946671  3.4287159   48.49692  -46.72142    34.9153    34.9150     3.3051     3.3045    27.7888    27.7886    6.29596    6.27859         18 0.0000e+00
      42763   1781.745   1609.000     3.4270   3.267554     3.4265   3.267476      98.63     0.0130     2.4021     2.1241  34.966053  3.4204428   48.49692  -46.72141    34.9153    34.9149     3.3038     3.3033    27.7889    27.7887    6.29800    6.27699         29 0.0000e+00
      42797   1783.150   1610.000     3.4258   3.267491     3.4250   3.267385      98.50     0.0126     2.4018     2.1242  34.962833  3.4200244   48.49690  -46.72140    34.9153    34.9149     3.3026     3.3018    27.7890    27.7888    6.29889    6.28276         33 0.0000e+00
      42822   1784.205   1611.000     3.4255   3.267519     3.4249   3.267416      98.61     0.0183     2.4021     2.1243  34.958164  3.4200244   48.49690  -46.72140    34.9154    34.9149     3.3022     3.3015    27.7892    27.7888    6.29649    6.28049         20 0.0000e+00
      42840   1784.969   1612.000     3.4254   3.267550     3.4247   3.267438      98.63     0.0142     2.4012     2.1240  34.962784  3.4200244   48.49690  -46.72140    34.9154    34.9149     3.3020     3.3013    27.7892    27.7888    6.29063    6.27549         17 0.0000e+00
      42858   1785.702   1613.000     3.4250   3.267551     3.4242   3.267450      98.63     0.0149     2.4010     2.1236  34.966999  3.4200244   48.49690  -46.72140    34.9153    34.9150     3.3016     3.3008    27.7892    27.7890    6.29287    6.27166         19 0.0000e+00
      42879   1786.588   1614.000     3.4252   3.267605     3.4245   3.267506      98.63     0.0139     2.4004     2.1233  34.966473  3.4200244   48.49690  -46.72140    34.9153    34.9149     3.3016     3.3009    27.7891    27.7889    6.29256    6.27714         25 0.0000e+00
      42918   1788.227   1615.000     3.4230   3.267437     3.4225   3.267356      98.63     0.0141     2.4002     2.1229  34.953232  3.4200244   48.49690  -46.72140    34.9152    34.9148     3.2993     3.3027    27.7893    27.7890    6.29591    6.27560         50 0.0000e+00
      42956   1789.785   1616.000     3.4198   3.267204     3.4187   3.267073      98.63     0.0149     2.3996     2.1224  34.967712  3.4200244   48.49690  -46.72140    34.9153    34.9148     3.2961     3.2949    27.7896    27.7894    6.29835    6.27070         23 0.0000e+00
      42975   1790.572   1617.000     3.4184   3.267111     3.4175   3.266996      98.63     0.0141     2.4000     2.1221  34.967033  3.4200244   48.49690  -46.72140    34.9152    34.9148     3.2946     3.2938    27.7897    27.7895    6.30309    6.27382         17 0.0000e+00
      42991   1791.238   1618.000     3.4164   3.266989     3.4155   3.266868      64.03     0.0145     2.3997     2.1219  34.967033  3.4200244   48.49690  -46.72138    34.9153    34.9149     3.2926     3.2917    27.7900    27.7897    6.29875    6.27417         16 0.0000e+00
      43006   1791.857   1619.000     3.4159   3.266986     3.4150   3.266869      93.85     0.0113     2.3999     2.1216  34.967033  3.4200244   48.49690  -46.72138    34.9153    34.9149     3.2920     3.2911    27.7900    27.7898    6.29861    6.27460         14 0.0000e+00
      43020   1792.474   1620.000     3.4148   3.266929     3.4141   3.266818      98.60     0.0135     2.3993     2.1214  34.967033  3.4200244   48.49690  -46.72138    34.9153    34.9148     3.2909     3.2901    27.7901    27.7898    6.29645    6.27468         16 0.0000e+00
      43036   1793.142   1621.000     3.4137   3.266858     3.4131   3.266771      98.63     0.0156     2.3991     2.1212  34.967033  3.4139283   48.49690  -46.72138    34.9152    34.9147     3.2896     3.2891    27.7902    27.7899    6.30377    6.27380         17 0.0000e+00
      43057   1794.001   1622.000     3.4126   3.266794     3.4120   3.266705      98.63     0.0134     2.3995     2.1209  34.966507  3.4104917   48.49690  -46.72138    34.9151    34.9146     3.2885     3.2879    27.7902    27.7899    6.30500    6.27845         26 0.0000e+00
      43103   1795.930   1623.000     3.4093   3.266539     3.4085   3.266436      98.32     0.0189     2.3986     2.1214  34.978737  3.4102564   48.49690  -46.72138    34.9151    34.9146     3.2851     3.2844    27.7905    27.7902    6.29701    6.28878         57 0.0000e+00
      43140   1797.465   1624.000     3.4088   3.266549     3.4081   3.266460      98.64     0.0221     2.3988     2.1218  34.968208  3.4102564   48.49690  -46.72138    34.9151    34.9148     3.2846     3.2839    27.7906    27.7904    6.30823    6.28746         22 0.0000e+00
