data/CTD/2014/CNV/d017a037.cnv
* Sea-Bird SBE 9 Data File:
* FileName = C:\CTD_ACQUISITION\2014017HUD\ctddata\017A037.hdr
* Software Version Seasave V 7.22.2
* Temperature SN = 5081
* Conductivity SN = 3561
* Number of Bytes Per Scan = 37
* Number of Voltage Words = 4
* Number of Scans Averaged by the Deck Unit = 1
* NMEA Latitude = 48 23.51 N
* NMEA Longitude = 046 37.86 W
* NMEA UTC (Time) = Jul 09 2014 22:08:37
* NMEA baud rate = 9600
** Ship: Hudson
** Cruise: HUD2014017
** Chief_Scientist: Blair Greenan
** Organization: BIO
** Area_of_Operation: Sackville Spur
** Station: 037
** Sounding:  1815
** Event_Comments: SS_09, 403209
# nquan = 25
# nvalues = 1850                        
# units = specified
# name 0 = scan: Scan Count
# name 1 = timeS: Time, Elapsed [seconds]
# name 2 = prDM: Pressure, Digiquartz [db]
# name 3 = t068C: Temperature [ITS-68, deg C]
# name 4 = c0S/m: Conductivity [S/m]
# name 5 = t168C: Temperature, 2 [ITS-68, deg C]
# name 6 = c1S/m: Conductivity, 2 [S/m]
# name 7 = altM: Altimeter [m]
# name 8 = flC: Fluorescence, Chelsea Aqua 3 Chl Con [ug/l]
# name 9 = sbeox0V: Oxygen raw, SBE 43 [V]
# name 10 = sbeox1V: Oxygen raw, SBE 43, 2 [V]
# name 11 = upoly0: Upoly 0, Optode 4330F - O2 D-Phase
# name 12 = upoly1: Upoly 1, Optode 4330F - O2 Temp
# name 13 = latitude: Latitude [deg]
# name 14 = longitude: Longitude [deg]
# name 15 = sal00: Salinity, Practical [PSU]
# name 16 = sal11: Salinity, Practical, 2 [PSU]
# name 17 = potemp068C: Potential Temperature [ITS-68, deg C]
# name 18 = potemp168C: Potential Temperature, 2 [ITS-68, deg C]
# name 19 = sigma-é00: Density [sigma-theta, Kg/m^3]
# name 20 = sigma-é11: Density, 2 [sigma-theta, Kg/m^3]
# name 21 = sbeox0ML/L: Oxygen, SBE 43 [ml/l], WS = 2
# name 22 = sbeox1ML/L: Oxygen, SBE 43, 2 [ml/l], WS = 2
# name 23 = nbin: number of scans per bin
# name 24 = flag: flag
# span 0 =       6101,      58553       
# span 1 =    254.164,   2439.668       
# span 2 =      2.000,   1851.000       
# span 3 =    -1.2472,     7.8351       
# span 4 =   2.674266,   3.403371       
# span 5 =    -1.2480,     7.8337       
# span 6 =   2.674173,   3.403212       
# span 7 =       1.45,     107.05       
# span 8 =     0.0083,     2.9084       
# span 9 =     2.3359,     3.6497       
# span 10 =     2.0656,     3.2200      
# span 11 =  30.160158,  35.161747      
# span 12 = -1.0145725,  7.4672565      
# span 13 =   48.39210,   48.39326      
# span 14 =  -46.62950,  -46.62111      
# span 15 =    32.8219,    34.9165      
# span 16 =    32.8207,    34.9161      
# span 17 =    -1.2479,     7.8348      
# span 18 =    -1.2487,     7.8334      
# span 19 =    25.5888,    27.8097      
# span 20 =    25.5878,    27.8097      
# span 21 =    6.25734,    9.66937      
# span 22 =    6.24307,    9.83027      
# span 23 =         12,        115      
# span 24 = 0.0000e+00, 0.0000e+00      
# interval = decibars: 1                
# start_time = Jul 09 2014 22:08:37 [NMEA time, header]
# bad_flag = -9.990e-29
*END*
[from data line 1276]
      43186   1799.371   1278.000     3.6995   3.277474     3.6988   3.277381      96.75     0.0135     2.5018     2.2117  34.617138  3.7015302   48.39286  -46.62226    34.9098    34.9094     3.6022     3.6015    27.7553    27.7550    6.30329    6.29658         17 0.0000e+00
      43203   1800.069   1279.000     3.6995   3.277527     3.6988   3.277431      98.60     0.0129     2.5013     2.2119  34.615417  3.7032614   48.39286  -46.62226    34.9099    34.9095     3.6022     3.6015    27.7553    27.7551    6.29758    6.29866         17 0.0000e+00
      43220   1800.803   1280.000     3.6995   3.277563     3.6989   3.277477      98.63     0.0133     2.5007     2.2120  34.615383  3.7027607   48.39286  -46.62226    34.9098    34.9095     3.6021     3.6014    27.7553    27.7551    6.29938    6.29882         18 0.0000e+00
      43240   1801.608   1281.000     3.6995   3.277605     3.6987   3.277512      98.63     0.0140     2.5005     2.2119  34.615383  3.6934884   48.39286  -46.62226    34.9099    34.9095     3.6019     3.6012    27.7553    27.7551    6.29932    6.29813         20 0.0000e+00
      43261   1802.480   1282.000     3.6995   3.277650     3.6988   3.277557      98.63     0.0156     2.5004     2.2119  34.615383  3.6935287   48.39286  -46.62226    34.9098    34.9095     3.6019     3.6011    27.7553    27.7551    6.29931    6.29810         22 0.0000e+00
      43282   1803.387   1283.000     3.6995   3.277693     3.6988   3.277602      98.63     0.0171     2.4994     2.2117  34.617363  3.6935287   48.39286  -46.62226    34.9099    34.9095     3.6018     3.6011    27.7553    27.7551    6.29756    6.29453         22 0.0000e+00
      43305   1804.353   1284.000     3.6995   3.277741     3.6988   3.277650      98.63     0.0152     2.4997     2.2112  34.617825  3.6935287   48.39286  -46.62224    34.9099    34.9095     3.6017     3.6010    27.7554    27.7552    6.30706    6.28651         24 0.0000e+00
      43332   1805.460   1285.000     3.6996   3.277787     3.6989   3.277694      98.63     0.0125     2.4994     2.2099  34.626514  3.6935287   48.39286  -46.62224    34.9099    34.9095     3.6017     3.6010    27.7554    27.7551    6.29913    6.27999         29 0.0000e+00
      43364   1806.776   1286.000     3.6999   3.277858     3.6992   3.277761      64.21     0.0135     2.4990     2.2090  34.629616  3.6935287   48.39286  -46.62224    34.9099    34.9095     3.6019     3.6013    27.7553    27.7551    6.30474    6.28399         34 0.0000e+00
      43396   1808.104   1287.000     3.7001   3.277913     3.6994   3.277823      26.93     0.0150     2.4988     2.2087  34.630043  3.6935287   48.39286  -46.62224    34.9099    34.9095     3.6020     3.6013    27.7553    27.7551    6.29921    6.29673         29 0.0000e+00
      43421   1809.151   1288.000     3.7001   3.277968     3.6994   3.277872      99.10     0.0154     2.4986     2.2093  34.629368  3.6935287   48.39286  -46.62224    34.9099    34.9095     3.6020     3.6047    27.7554    27.7552    6.30198    6.30089         22 0.0000e+00
      43440   1809.972   1289.000     3.7003   3.278021     3.6996   3.277932      98.63     0.0197     2.4983     2.2096  34.627609  3.6935287   48.39286  -46.62224    34.9099    34.9096     3.6020     3.6014    27.7554    27.7552    6.30200    6.29710         18 0.0000e+00
      43457   1810.686   1290.000     3.7005   3.278075     3.6997   3.277986      92.88     0.0182     2.4980     2.2094  34.626373  3.6935287   48.39286  -46.62224    34.9099    34.9096     3.6021     3.6014    27.7553    27.7552    6.30593    6.29313         16 0.0000e+00
      43474   1811.370   1291.000     3.7005   3.278120     3.6998   3.278030      83.30     0.0146     2.4985     2.2092  34.631721  3.6935287   48.39286  -46.62224    34.9099    34.9095     3.6021     3.6014    27.7553    27.7551    6.30977    6.28997         17 0.0000e+00
      43491   1812.102   1292.000     3.7004   3.278159     3.6998   3.278070      98.17     0.0165     2.4984     2.2088  34.630089  3.6935287   48.39286  -46.62224    34.9100    34.9095     3.6019     3.6013    27.7554    27.7551    6.30408    6.29102         19 0.0000e+00
      43515   1813.077   1293.000     3.7003   3.278191     3.6998   3.278105      98.64     0.0173     2.4980     2.2085  34.631401  3.6935287   48.39286  -46.62224    34.9099    34.9094     3.6017     3.6012    27.7554    27.7551    6.30146    6.29031         30 0.0000e+00
      43557   1814.846   1294.000     3.7005   3.278242     3.7000   3.278172      98.63     0.0207     2.4975     2.2080  34.631355  3.6935287   48.39286  -46.62223    34.9098    34.9095     3.6018     3.6014    27.7553    27.7551    6.30385    6.28700         44 0.0000e+00
      43587   1816.090   1295.000     3.7007   3.278311     3.7004   3.278256      98.63     0.0195     2.4974     2.2068  34.629990  3.6935287   48.39286  -46.62222    34.9099    34.9096     3.6019     3.6016    27.7554    27.7552    6.30794    6.27654         21 0.0000e+00
      43606   1816.866   1296.000     3.7014   3.278415     3.7006   3.278317      98.63     0.0186     2.4974     2.2061  34.630035  3.6935287   48.39286  -46.62222    34.9099    34.9096     3.6025     3.6017    27.7553    27.7551    6.30242    6.27839         18 0.0000e+00
      43622   1817.560   1297.000     3.7013   3.278441     3.7006   3.278355      98.63     0.0154     2.4972     2.2057  34.631859  3.6941369   48.39286  -46.62222    34.9098    34.9095     3.6023     3.6017    27.7553    27.7551    6.30021    6.27963         16 0.0000e+00
      43638   1818.229   1298.000     3.7015   3.278510     3.7007   3.278409      98.64     0.0132     2.4962     2.2053  34.630035  3.6935294   48.39286  -46.62222    34.9099    34.9095     3.6025     3.6017    27.7553    27.7551    6.29659    6.27938         16 0.0000e+00
      43655   1818.916   1299.000     3.7015   3.278551     3.7007   3.278452      98.63     0.0135     2.4967     2.2049  34.631756  3.6941023   48.39286  -46.62222    34.9099    34.9095     3.6024     3.6016    27.7553    27.7551    6.29499    6.27867         17 0.0000e+00
      43674   1819.695   1300.000     3.7012   3.278567     3.7006   3.278481      98.63     0.0107     2.4950     2.2046  34.632122  3.6935384   48.39286  -46.62222    34.9100    34.9095     3.6020     3.6014    27.7554    27.7551    6.30044    6.28324         21 0.0000e+00
      43703   1820.913   1301.000     3.7008   3.278573     3.7000   3.278454      98.63     0.0132     2.4955     2.2041  34.631161  3.6935287   48.39286  -46.62222    34.9099    34.9094     3.6015     3.6007    27.7554    27.7551    6.30102    6.27851         43 0.0000e+00
      43752   1822.952   1302.000     3.6991   3.278464     3.6980   3.278337      98.63     0.0170     2.4942     2.2035  34.630772  3.6935287   48.39286  -46.62220    34.9099    34.9096     3.5997     3.5986    27.7556    27.7554    6.29572    6.28939         38 0.0000e+00
      43777   1824.003   1303.000     3.6969   3.278349     3.6964   3.278271      98.63     0.0162     2.4943     2.2042  34.631454  3.6935287   48.39285  -46.62220    34.9103    34.9100     3.5975     3.5969    27.7561    27.7559    6.30120    6.29039         21 0.0000e+00
      43796   1824.784   1304.000     3.6971   3.278402     3.6965   3.278315      98.63     0.0172     2.4936     2.2039  34.630840  3.6935287   48.39284  -46.62220    34.9103    34.9099     3.5976     3.5970    27.7561    27.7558    6.29514    6.28130         18 0.0000e+00
      43813   1825.494   1305.000     3.6947   3.278241     3.6947   3.278194      98.63     0.0160     2.4935     2.2034  34.635170  3.6935287   48.39284  -46.62220    34.9104    34.9099     3.5951     3.5995    27.7564    27.7560    6.30108    6.28419         17 0.0000e+00
      43829   1826.183   1306.000     3.6897   3.277883     3.6896   3.277811      68.10     0.0092     2.4936     2.2036  34.632797  3.6935287   48.39284  -46.62218    34.9109    34.9102     3.5901     3.5900    27.7573    27.7568    6.29774    6.29040         16 0.0000e+00
      43846   1826.892   1307.000     3.6890   3.277866     3.6887   3.277809      33.71     0.0083     2.4926     2.2036  34.632481  3.6924489   48.39284  -46.62218    34.9109    34.9106     3.5894     3.5891    27.7574    27.7572    6.29748    6.28748         18 0.0000e+00
      43865   1827.675   1308.000     3.6905   3.278022     3.6896   3.277910      97.64     0.0112     2.4929     2.2031  34.632236  3.6843739   48.39284  -46.62218    34.9107    34.9103     3.5907     3.5898    27.7572    27.7569    6.30578    6.28160         20 0.0000e+00
      43888   1828.643   1309.000     3.6910   3.278099     3.6903   3.278013      98.63     0.0142     2.4927     2.2025  34.631149  3.6837726   48.39284  -46.62218    34.9106    34.9103     3.5911     3.5904    27.7570    27.7569    6.30300    6.28058         27 0.0000e+00
      43920   1829.968   1310.000     3.6934   3.278347     3.6929   3.278272      98.63     0.0146     2.4924     2.2021  34.634884  3.6837606   48.39283  -46.62218    34.9105    34.9101     3.5934     3.5950    27.7567    27.7564    6.29754    6.28096         36 0.0000e+00
      43953   1831.329   1311.000     3.6954   3.278558     3.6947   3.278459      98.63     0.0118     2.4916     2.2014  34.634361  3.6871083   48.39284  -46.62218    34.9104    34.9100     3.5954     3.5945    27.7564    27.7562    6.29215    6.27937         27 0.0000e+00
      43977   1832.338   1312.000     3.6955   3.278611     3.6941   3.278463      70.58     0.0115     2.4907     2.2011  34.631290  3.6850443   48.39284  -46.62218    34.9104    34.9102     3.5953     3.5939    27.7564    27.7564    6.29262    6.28261         22 0.0000e+00
      43998   1833.192   1313.000     3.6949   3.278613     3.6934   3.278444      45.57     0.0102     2.4905     2.2012  34.636654  3.6906257   48.39282  -46.62216    34.9106    34.9102     3.5947     3.5932    27.7566    27.7565    6.29571    6.28615         20 0.0000e+00
      44017   1833.994   1314.000     3.6935   3.278537     3.6928   3.278433      98.26     0.0119     2.4901     2.2011  34.634678  3.6935079   48.39282  -46.62216    34.9106    34.9102     3.5932     3.5924    27.7568    27.7566    6.29642    6.28847         19 0.0000e+00
      44036   1834.800   1315.000     3.6924   3.278490     3.6916   3.278370      98.63     0.0154     2.4899     2.2014  34.638763  3.6935287   48.39282  -46.62216    34.9108    34.9102     3.5920     3.5912    27.7571    27.7567    6.29366    6.28627         20 0.0000e+00
      44057   1835.685   1316.000     3.6897   3.278298     3.6884   3.278153      84.66     0.0164     2.4892     2.2010  34.636467  3.6906316   48.39282  -46.62216    34.9109    34.9105     3.5892     3.5879    27.7574    27.7572    6.29400    6.28689         23 0.0000e+00
      44084   1836.787   1317.000     3.6891   3.278290     3.6884   3.278193      97.64     0.0154     2.4890     2.2011  34.644146  3.6898270   48.39282  -46.62216    34.9109    34.9105     3.5885     3.5879    27.7575    27.7572    6.29318    6.28653         29 0.0000e+00
      44112   1837.956   1318.000     3.6888   3.278318     3.6882   3.278221      98.66     0.0176     2.4885     2.2005  34.674423  3.6835496   48.39282  -46.62215    34.9110    34.9105     3.5882     3.5875    27.7577    27.7573    6.29545    6.27825         25 0.0000e+00
      44134   1838.877   1319.000     3.6888   3.278359     3.6883   3.278272      98.63     0.0179     2.4882     2.1998  34.668755  3.6837606   48.39282  -46.62214    34.9110    34.9105     3.5881     3.5876    27.7576    27.7573    6.29254    6.27658         20 0.0000e+00
      44154   1839.709   1320.000     3.6877   3.278310     3.6867   3.278183      98.63     0.0147     2.4877     2.1993  34.641171  3.6837606   48.39282  -46.62214    34.9111    34.9107     3.5869     3.5859    27.7578    27.7576    6.29167    6.27582         21 0.0000e+00
      44179   1840.752   1321.000     3.6877   3.278342     3.6864   3.278204      98.63     0.0139     2.4870     2.1987  34.646225  3.6837606   48.39282  -46.62214    34.9110    34.9107     3.5868     3.5856    27.7577    27.7576    6.28918    6.28110         32 0.0000e+00
      44219   1842.431   1322.000     3.6841   3.278096     3.6845   3.278087      98.63     0.0163     2.4869     2.1989  34.676582  3.6837606   48.39281  -46.62214    34.9114    34.9108     3.5832     3.5836    27.7584    27.7580    6.29588    6.28705         39 0.0000e+00
      44246   1843.548   1323.000     3.6835   3.278091     3.6839   3.278086      53.84     0.0143     2.4860     2.1986  34.669498  3.6837606   48.39280  -46.62212    34.9115    34.9110     3.5824     3.5829    27.7586    27.7581    6.28035    6.27913         20 0.0000e+00
      44263   1844.256   1324.000     3.6843   3.278210     3.6839   3.278134      88.87     0.0136     2.4852     2.1981  34.671074  3.6837606   48.39280  -46.62212    34.9115    34.9110     3.5832     3.5828    27.7585    27.7582    6.28602    6.27967         15 0.0000e+00
      44278   1844.884   1325.000     3.6838   3.278202     3.6823   3.278045      98.78     0.0119     2.4849     2.1982  34.673046  3.6837606   48.39280  -46.62212    34.9115    34.9111     3.5826     3.5812    27.7586    27.7584    6.28603    6.28064         15 0.0000e+00
      44293   1845.499   1326.000     3.6841   3.278281     3.6819   3.278059      98.63     0.0109     2.4844     2.1978  34.673992  3.6837606   48.39280  -46.62212    34.9115    34.9112     3.5829     3.5807    27.7585    27.7586    6.28323    6.27583         15 0.0000e+00
      44309   1846.168   1327.000     3.6834   3.278257     3.6803   3.277945      98.63     0.0121     2.4840     2.1973  34.673992  3.6837606   48.39280  -46.62210    34.9115    34.9111     3.5820     3.5789    27.7586    27.7586    6.28205    6.27305         18 0.0000e+00
      44332   1847.127   1328.000     3.6798   3.277986     3.6789   3.277873      98.63     0.0124     2.4835     2.1965  34.673992  3.6801825   48.39280  -46.62210    34.9116    34.9112     3.5784     3.5775    27.7591    27.7589    6.28716    6.27394         32 0.0000e+00
      44384   1849.273   1329.000     3.6792   3.277989     3.6786   3.277891      85.27     0.0119     2.4825     2.1951  34.674366  3.6729307   48.39279  -46.62210    34.9117    34.9112     3.5778     3.5771    27.7592    27.7589    6.28465    6.26591         48 0.0000e+00
      44409   1850.335   1330.000     3.6788   3.278005     3.6784   3.277925      70.57     0.0144     2.4824     2.1942  34.674778  3.6739864   48.39278  -46.62208    34.9119    34.9114     3.5772     3.5768    27.7594    27.7591    6.28706    6.26656         19 0.0000e+00
      44426   1851.041   1331.000     3.6755   3.277774     3.6748   3.277669      99.40     0.0147     2.4819     2.1937  34.673969  3.6771297   48.39278  -46.62208    34.9121    34.9114     3.5739     3.5789    27.7599    27.7595    6.28224    6.27053         16 0.0000e+00
      44442   1851.693   1332.000     3.6728   3.277594     3.6721   3.277488      98.63     0.0125     2.4813     2.1938  34.673992  3.6838205   48.39278  -46.62208    34.9123    34.9118     3.5711     3.5704    27.7604    27.7600    6.28346    6.27485         16 0.0000e+00
      44457   1852.344   1333.000     3.6729   3.277642     3.6723   3.277557      98.63     0.0113     2.4813     2.1935  34.673992  3.6837606   48.39278  -46.62208    34.9122    34.9119     3.5712     3.5706    27.7603    27.7601    6.28429    6.27000         16 0.0000e+00
      44474   1853.047   1334.000     3.6730   3.277682     3.6723   3.277592      98.63     0.0100     2.4806     2.1930  34.679565  3.6763299   48.39278  -46.62206    34.9121    34.9118     3.5712     3.5705    27.7602    27.7600    6.28600    6.26570         18 0.0000e+00
