data/CTD/2014/CNV/d017a044.cnv
* Sea-Bird SBE 9 Data File:
* FileName = C:\CTD_ACQUISITION\2014017HUD\ctddata\017A044.hdr
* Software Version Seasave V 7.22.2
* Temperature SN = 5081
* Conductivity SN = 3561
* Number of Bytes Per Scan = 37
* Number of Voltage Words = 4
* Number of Scans Averaged by the Deck Unit = 1
* NMEA Latitude = 48 02.26 N
* NMEA Longitude = 046 14.07 W
* NMEA UTC (Time) = Jul 10 2014 19:45:27
* NMEA baud rate = 9600
** Ship: Hudson
** Cruise: HUD2014017
** Chief_Scientist: Blair Greenan
** Organization: BIO
** Area_of_Operation: Sackville Spur
** Station: 044
** Sounding:  1144
** Event_Comments: SS-16 403256
# nquan = 25
# nvalues = 1168                        
# units = specified
# name 0 = scan: Scan Count
# name 1 = timeS: Time, Elapsed [seconds]
# name 2 = prDM: Pressure, Digiquartz [db]
# name 3 = t068C: Temperature [ITS-68, deg C]
# name 4 = c0S/m: Conductivity [S/m]
# name 5 = t168C: Temperature, 2 [ITS-68, deg C]
# name 6 = c1S/m: Conductivity, 2 [S/m]
# name 7 = altM: Altimeter [m]
# name 8 = flC: Fluorescence, Chelsea Aqua 3 Chl Con [ug/l]
# name 9 = sbeox0V: Oxygen raw, SBE 43 [V]
# name 10 = sbeox1V: Oxygen raw, SBE 43, 2 [V]
# name 11 = upoly0: Upoly 0, Optode 4330F - O2 D-Phase
# name 12 = upoly1: Upoly 1, Optode 4330F - O2 Temp
# name 13 = latitude: Latitude [deg]
# name 14 = longitude: Longitude [deg]
# name 15 = sal00: Salinity, Practical [PSU]
# name 16 = sal11: Salinity, Practical, 2 [PSU]
# name 17 = potemp068C: Potential Temperature [ITS-68, deg C]
# name 18 = potemp168C: Potential Temperature, 2 [ITS-68, deg C]
# name 19 = sigma-é00: Density [sigma-theta, Kg/m^3]
# name 20 = sigma-é11: Density, 2 [sigma-theta, Kg/m^3]
# name 21 = sbeox0ML/L: Oxygen, SBE 43 [ml/l], WS = 2
# name 22 = sbeox1ML/L: Oxygen, SBE 43, 2 [ml/l], WS = 2
# name 23 = nbin: number of scans per bin
# name 24 = flag: flag
# span 0 =       6687,      38940       
# span 1 =    278.568,   1622.466       
# span 2 =      2.000,   1169.000       
# span 3 =     1.5662,     8.4348       
# span 4 =   2.972287,   3.487176       
# span 5 =     1.5678,     8.4355       
# span 6 =   2.971987,   3.486960       
# span 7 =       5.65,     100.15       
# span 8 =     0.0090,     0.3551       
# span 9 =     2.5296,     3.5871       
# span 10 =     2.2313,     3.1321      
# span 11 =  29.919912,  34.575539      
# span 12 =  2.0081868,  8.4781055      
# span 13 =   48.03780,   48.03955      
# span 14 =  -46.23336,  -46.23252      
# span 15 =    33.0372,    34.9080      
# span 16 =    33.0349,    34.9074      
# span 17 =     1.5632,     8.4346      
# span 18 =     1.5648,     8.4353      
# span 19 =    25.6691,    27.7521      
# span 20 =    25.6671,    27.7518      
# span 21 =    6.29955,    7.93735      
# span 22 =    6.26638,    7.84434      
# span 23 =         13,         88      
# span 24 = 0.0000e+00, 0.0000e+00      
# interval = decibars: 1                
# start_time = Jul 10 2014 19:45:27 [NMEA time, header]
# bad_flag = -9.990e-29
*END*
[from data line 928]
      30674   1278.032    930.000     3.7295   3.262877     3.7291   3.262757      96.04     0.0150     2.6595     2.3482  34.033360  3.7326007   48.03900  -46.23312    34.8819    34.8809     3.6610     3.6606    27.7272    27.7264    6.49136    6.48970         22 0.0000e+00
      30694   1278.876    931.000     3.7294   3.262911     3.7290   3.262813      98.63     0.0134     2.6596     2.3477  34.033161  3.7326007   48.03900  -46.23312    34.8819    34.8811     3.6608     3.6604    27.7272    27.7266    6.49451    6.49375         19 0.0000e+00
      30712   1279.646    932.000     3.7291   3.262935     3.7288   3.262825      96.81     0.0147     2.6586     2.3476  34.033375  3.7326007   48.03900  -46.23312    34.8819    34.8810     3.6605     3.6601    27.7272    27.7265    6.48701    6.49635         18 0.0000e+00
      30731   1280.427    933.000     3.7290   3.262966     3.7286   3.262855      71.14     0.0138     2.6580     2.3475  34.035141  3.7326007   48.03900  -46.23312    34.8819    34.8811     3.6603     3.6598    27.7272    27.7266    6.49099    6.49339         20 0.0000e+00
      30753   1281.348    934.000     3.7291   3.263019     3.7287   3.262903      97.23     0.0150     2.6574     2.3469  34.033882  3.7322438   48.03900  -46.23312    34.8819    34.8810     3.6603     3.6599    27.7272    27.7265    6.48868    6.48726         26 0.0000e+00
      30788   1282.773    935.000     3.7299   3.263128     3.7293   3.263011      84.36     0.0138     2.6566     2.3457  34.035358  3.7302449   48.03901  -46.23312    34.8819    34.8812     3.6609     3.6603    27.7272    27.7266    6.49030    6.48845         41 0.0000e+00
      30823   1284.259    936.000     3.7311   3.263309     3.7305   3.263198      99.15     0.0164     2.6558     2.3459  34.036957  3.7296882   48.03902  -46.23312    34.8823    34.8815     3.6621     3.6615    27.7273    27.7268    6.49100    6.49898         27 0.0000e+00
      30846   1285.205    937.000     3.7320   3.263464     3.7315   3.263347      68.98     0.0147     2.6557     2.3458  34.035133  3.7326531   48.03902  -46.23312    34.8826    34.8818     3.6629     3.6624    27.7275    27.7269    6.49189    6.48838         20 0.0000e+00
      30865   1285.995    938.000     3.7351   3.263824     3.7342   3.263693      97.76     0.0125     2.6556     2.3452  34.036659  3.7326007   48.03902  -46.23312    34.8831    34.8825     3.6658     3.6650    27.7276    27.7272    6.49635    6.48151         18 0.0000e+00
      30883   1286.741    939.000     3.7363   3.263995     3.7357   3.263874      98.66     0.0107     2.6560     2.3443  34.037457  3.7326007   48.03902  -46.23312    34.8834    34.8825     3.6670     3.6664    27.7277    27.7271    6.49101    6.47982         18 0.0000e+00
      30902   1287.540    940.000     3.7358   3.263986     3.7354   3.263862      98.63     0.0127     2.6549     2.3439  34.034893  3.7326007   48.03902  -46.23312    34.8833    34.8822     3.6664     3.6660    27.7277    27.7268    6.48313    6.48536         21 0.0000e+00
      30928   1288.613    941.000     3.7321   3.263652     3.7317   3.263529      98.63     0.0158     2.6541     2.3435  34.037182  3.7326007   48.03902  -46.23311    34.8827    34.8816     3.6627     3.6622    27.7276    27.7268    6.48263    6.48154         33 0.0000e+00
      30965   1290.185    942.000     3.7309   3.263563     3.7303   3.263456      80.22     0.0114     2.6527     2.3419  34.037022  3.7326007   48.03902  -46.23310    34.8824    34.8817     3.6614     3.6608    27.7275    27.7270    6.47737    6.47258         36 0.0000e+00
      30993   1291.344    943.000     3.7323   3.263766     3.7316   3.263632      98.78     0.0139     2.6516     2.3407  34.044014  3.7326007   48.03902  -46.23310    34.8828    34.8819     3.6627     3.6620    27.7277    27.7270    6.47476    6.46983         23 0.0000e+00
      31014   1292.208    944.000     3.7393   3.264562     3.7381   3.264402      98.63     0.0150     2.6504     2.3401  34.043186  3.7326007   48.03902  -46.23310    34.8843    34.8842     3.6696     3.6683    27.7282    27.7282    6.46628    6.47419         19 0.0000e+00
      31033   1293.019    945.000     3.7446   3.265175     3.7438   3.265047      76.33     0.0177     2.6499     2.3399  34.043957  3.7326007   48.03902  -46.23310    34.8855    34.8848     3.6747     3.6740    27.7286    27.7281    6.47737    6.47182         20 0.0000e+00
      31054   1293.873    946.000     3.7450   3.265267     3.7447   3.265156      89.46     0.0170     2.6495     2.3392  34.043957  3.7326007   48.03902  -46.23310    34.8856    34.8846     3.6751     3.6748    27.7287    27.7279    6.47858    6.46840         21 0.0000e+00
      31077   1294.850    947.000     3.7455   3.265368     3.7452   3.265265      82.86     0.0162     2.6494     2.3387  34.049568  3.7329748   48.03902  -46.23310    34.8858    34.8849     3.6755     3.6751    27.7288    27.7281    6.47256    6.46899         26 0.0000e+00
      31105   1295.984    948.000     3.7441   3.265272     3.7436   3.265141      90.39     0.0185     2.6485     2.3381  34.055492  3.7349308   48.03902  -46.23310    34.8856    34.8846     3.6740     3.6735    27.7288    27.7280    6.47612    6.47145         29 0.0000e+00
      31133   1297.187    949.000     3.7435   3.265255     3.7430   3.265145      98.63     0.0149     2.6479     2.3380  34.047623  3.7416687   48.03902  -46.23310    34.8856    34.8848     3.6733     3.6728    27.7288    27.7283    6.46703    6.47096         28 0.0000e+00
      31159   1298.271    950.000     3.7435   3.265308     3.7431   3.265205      71.20     0.0153     2.6468     2.3374  34.048840  3.7423687   48.03902  -46.23310    34.8856    34.8849     3.6733     3.6728    27.7289    27.7283    6.46117    6.46912         24 0.0000e+00
      31182   1299.207    951.000     3.7443   3.265439     3.7437   3.265320      98.60     0.0142     2.6453     2.3371  34.066254  3.7423687   48.03904  -46.23310    34.8858    34.8850     3.6740     3.6734    27.7289    27.7284    6.46129    6.47142         21 0.0000e+00
      31203   1300.099    952.000     3.7453   3.265590     3.7448   3.265480      98.64     0.0144     2.6452     2.3370  34.067924  3.7419274   48.03904  -46.23310    34.8861    34.8853     3.6748     3.6744    27.7291    27.7285    6.46533    6.46769         22 0.0000e+00
      31226   1301.060    953.000     3.7449   3.265614     3.7445   3.265499      98.63     0.0143     2.6444     2.3360  34.061123  3.7423580   48.03904  -46.23310    34.8863    34.8853     3.6744     3.6740    27.7293    27.7286    6.46491    6.44832         25 0.0000e+00
      31254   1302.200    954.000     3.7457   3.265753     3.7452   3.265635      98.63     0.0138     2.6438     2.3334  34.061230  3.7420161   48.03904  -46.23310    34.8865    34.8856     3.6751     3.6747    27.7294    27.7287    6.46213    6.44116         28 0.0000e+00
      31280   1303.311    955.000     3.7470   3.265954     3.7466   3.265849      71.06     0.0174     2.6430     2.3323  34.073471  3.7423747   48.03904  -46.23310    34.8870    34.8862     3.6764     3.6759    27.7297    27.7291    6.46632    6.45441         25 0.0000e+00
      31303   1304.254    956.000     3.7473   3.266027     3.7469   3.265918      98.17     0.0169     2.6432     2.3322  34.073261  3.7423687   48.03904  -46.23310    34.8871    34.8862     3.6765     3.6761    27.7297    27.7291    6.46361    6.45889         22 0.0000e+00
      31327   1305.233    957.000     3.7476   3.266099     3.7472   3.265995      98.63     0.0192     2.6423     2.3321  34.073261  3.7423687   48.03904  -46.23310    34.8871    34.8863     3.6767     3.6763    27.7297    27.7291    6.46196    6.45205         25 0.0000e+00
      31354   1306.395    958.000     3.7480   3.266183     3.7475   3.266073      67.06     0.0184     2.6417     2.3310  34.076347  3.7423687   48.03904  -46.23310    34.8872    34.8863     3.6770     3.6766    27.7297    27.7291    6.45645    6.44743         29 0.0000e+00
      31381   1307.479    959.000     3.7482   3.266255     3.7478   3.266150      99.23     0.0177     2.6404     2.3301  34.087486  3.7423687   48.03904  -46.23310    34.8872    34.8865     3.6772     3.6768    27.7298    27.7292    6.44854    6.44741         23 0.0000e+00
      31402   1308.377    960.000     3.7490   3.266392     3.7485   3.266279      65.37     0.0180     2.6398     2.3299  34.090012  3.7423687   48.03904  -46.23310    34.8876    34.8867     3.6779     3.6774    27.7300    27.7293    6.45640    6.44849         21 0.0000e+00
      31423   1309.239    961.000     3.7499   3.266548     3.7494   3.266435      98.21     0.0169     2.6393     2.3294  34.092075  3.7442060   48.03904  -46.23310    34.8879    34.8871     3.6787     3.6782    27.7301    27.7295    6.44933    6.44383         21 0.0000e+00
      31444   1310.141    962.000     3.7526   3.266898     3.7518   3.266762      98.64     0.0159     2.6383     2.3286  34.090588  3.7445865   48.03904  -46.23310    34.8887    34.8880     3.6813     3.6805    27.7305    27.7300    6.45223    6.44225         22 0.0000e+00
      31468   1311.132    963.000     3.7543   3.267143     3.7538   3.267011      71.64     0.0108     2.6379     2.3280  34.091286  3.7457340   48.03904  -46.23310    34.8893    34.8883     3.6829     3.6824    27.7308    27.7301    6.44533    6.44219         26 0.0000e+00
      31496   1312.295    964.000     3.7545   3.267187     3.7540   3.267072      98.31     0.0115     2.6366     2.3275  34.091331  3.7475502   48.03904  -46.23310    34.8892    34.8883     3.6830     3.6825    27.7307    27.7301    6.44583    6.44769         30 0.0000e+00
      31526   1313.561    965.000     3.7549   3.267290     3.7545   3.267201      73.53     0.0187     2.6354     2.3276  34.092991  3.7522092   48.03905  -46.23310    34.8894    34.8888     3.6833     3.6830    27.7309    27.7304    6.44376    6.44876         29 0.0000e+00
      31553   1314.674    966.000     3.7554   3.267398     3.7549   3.267283      98.79     0.0169     2.6352     2.3274  34.097317  3.7521367   48.03906  -46.23310    34.8896    34.8888     3.6838     3.6833    27.7310    27.7304    6.44897    6.44749         25 0.0000e+00
      31576   1315.632    967.000     3.7557   3.267469     3.7552   3.267367      94.29     0.0196     2.6347     2.3271  34.101898  3.7521367   48.03906  -46.23310    34.8897    34.8889     3.6840     3.6835    27.7310    27.7305    6.44477    6.43925         21 0.0000e+00
      31596   1316.471    968.000     3.7557   3.267533     3.7554   3.267425      64.63     0.0195     2.6343     2.3262  34.104141  3.7521367   48.03906  -46.23310    34.8899    34.8890     3.6839     3.6836    27.7312    27.7305    6.44337    6.43300         19 0.0000e+00
      31615   1317.257    969.000     3.7558   3.267583     3.7554   3.267472      98.95     0.0141     2.6336     2.3253  34.111115  3.7521367   48.03906  -46.23310    34.8899    34.8889     3.6839     3.6836    27.7312    27.7305    6.44362    6.42948         19 0.0000e+00
      31635   1318.096    970.000     3.7559   3.267636     3.7555   3.267526      98.63     0.0125     2.6334     2.3243  34.109901  3.7521367   48.03906  -46.23310    34.8899    34.8890     3.6839     3.6836    27.7312    27.7305    6.44183    6.42986         22 0.0000e+00
      31662   1319.214    971.000     3.7564   3.267720     3.7559   3.267610      98.63     0.0125     2.6322     2.3237  34.103333  3.7521367   48.03906  -46.23310    34.8899    34.8891     3.6843     3.6838    27.7311    27.7305    6.43523    6.43300         34 0.0000e+00
      31701   1320.823    972.000     3.7580   3.267958     3.7575   3.267852      81.24     0.0095     2.6308     2.3228  34.113346  3.7521367   48.03906  -46.23310    34.8904    34.8898     3.6859     3.6853    27.7314    27.7309    6.43157    6.43173         37 0.0000e+00
      31729   1322.018    973.000     3.7582   3.268060     3.7577   3.267948      92.94     0.0109     2.6294     2.3222  34.121159  3.7521367   48.03906  -46.23310    34.8909    34.8901     3.6860     3.6855    27.7318    27.7312    6.43449    6.42892         23 0.0000e+00
      31750   1322.866    974.000     3.7583   3.268129     3.7578   3.268021      98.71     0.0126     2.6296     2.3217  34.128712  3.7548866   48.03906  -46.23310    34.8912    34.8904     3.6859     3.6854    27.7320    27.7315    6.43951    6.42680         18 0.0000e+00
      31767   1323.604    975.000     3.7583   3.268198     3.7579   3.268089      98.15     0.0153     2.6292     2.3210  34.130238  3.7537649   48.03906  -46.23310    34.8914    34.8906     3.6859     3.6855    27.7322    27.7316    6.43754    6.42224         18 0.0000e+00
      31786   1324.364    976.000     3.7583   3.268240     3.7579   3.268133      59.67     0.0175     2.6291     2.3204  34.131844  3.7546933   48.03906  -46.23310    34.8914    34.8906     3.6858     3.6854    27.7322    27.7316    6.43869    6.42475         19 0.0000e+00
      31810   1325.391    977.000     3.7584   3.268293     3.7580   3.268183      96.19     0.0177     2.6285     2.3203  34.130619  3.7522962   48.03906  -46.23310    34.8914    34.8906     3.6859     3.6854    27.7322    27.7316    6.43113    6.43268         33 0.0000e+00
      31848   1326.961    978.000     3.7587   3.268360     3.7581   3.268255      77.10     0.0182     2.6273     2.3202  34.131969  3.7524462   48.03907  -46.23310    34.8914    34.8908     3.6860     3.6855    27.7322    27.7317    6.43196    6.42791         34 0.0000e+00
      31874   1328.039    979.000     3.7585   3.268430     3.7581   3.268322      83.29     0.0153     2.6267     2.3192  34.131866  3.7521322   48.03908  -46.23310    34.8919    34.8911     3.6858     3.6853    27.7326    27.7320    6.42661    6.41968         22 0.0000e+00
      31895   1328.907    980.000     3.7582   3.268470     3.7578   3.268364      82.87     0.0124     2.6258     2.3188  34.136322  3.7585697   48.03908  -46.23310    34.8922    34.8914     3.6854     3.6849    27.7329    27.7323    6.42539    6.42290         20 0.0000e+00
      31915   1329.745    981.000     3.7580   3.268514     3.7576   3.268408      86.81     0.0097     2.6259     2.3182  34.138828  3.7609608   48.03908  -46.23310    34.8924    34.8916     3.6851     3.6847    27.7331    27.7325    6.43191    6.42283         21 0.0000e+00
      31936   1330.631    982.000     3.7580   3.268570     3.7576   3.268456      74.49     0.0153     2.6246     2.3179  34.144428  3.7570853   48.03908  -46.23310    34.8926    34.8917     3.6850     3.6846    27.7332    27.7325    6.41996    6.42525         22 0.0000e+00
      31959   1331.599    983.000     3.7581   3.268609     3.7576   3.268502      92.26     0.0170     2.6243     2.3177  34.147724  3.7545910   48.03908  -46.23310    34.8924    34.8916     3.6850     3.6846    27.7331    27.7325    6.43009    6.41865         24 0.0000e+00
      31985   1332.658    984.000     3.7581   3.268659     3.7577   3.268553      74.90     0.0127     2.6239     2.3162  34.149757  3.7539508   48.03908  -46.23310    34.8925    34.8917     3.6850     3.6845    27.7332    27.7326    6.42668    6.40907         27 0.0000e+00
      32014   1333.875    985.000     3.7579   3.268679     3.7574   3.268568      75.71     0.0136     2.6228     2.3155  34.150063  3.7521970   48.03908  -46.23310    34.8924    34.8916     3.6847     3.6842    27.7331    27.7325    6.41974    6.41665         33 0.0000e+00
      32051   1335.396    986.000     3.7578   3.268710     3.7572   3.268596      97.97     0.0144     2.6221     2.3148  34.161072  3.7540910   48.03908  -46.23310    34.8925    34.8917     3.6844     3.6839    27.7332    27.7326    6.42401    6.41337         36 0.0000e+00
