data/CTD/2014/CNV/d017a026.cnv
* Sea-Bird SBE 9 Data File:
* FileName = C:\CTD_ACQUISITION\2014017HUD\ctddata\017A026.hdr
* Software Version Seasave V 7.22.2
* Temperature SN = 5081
* Conductivity SN = 3561
* Number of Bytes Per Scan = 37
* Number of Voltage Words = 4
* Number of Scans Averaged by the Deck Unit = 1
* NMEA Latitude = 48 56.21 N
* NMEA Longitude = 045 49.60 W
* NMEA UTC (Time) = Jul 06 2014 21:24:33
* NMEA baud rate = 9600
** Ship: Hudson
** Cruise: HUD2014017
** Chief_Scientist: Blair Greenan
** Organization: BIO
** Area_of_Operation: Sackville Spur
** Station: 026
** Sounding:  2396
** Event_Comments: SS_28, 403145
# nquan = 25
# nvalues = 2501                        
# units = specified
# name 0 = scan: Scan Count
# name 1 = timeS: Time, Elapsed [seconds]
# name 2 = prDM: Pressure, Digiquartz [db]
# name 3 = t068C: Temperature [ITS-68, deg C]
# name 4 = c0S/m: Conductivity [S/m]
# name 5 = t168C: Temperature, 2 [ITS-68, deg C]
# name 6 = c1S/m: Conductivity, 2 [S/m]
# name 7 = altM: Altimeter [m]
# name 8 = flC: Fluorescence, Chelsea Aqua 3 Chl Con [ug/l]
# name 9 = sbeox0V: Oxygen raw, SBE 43 [V]
# name 10 = sbeox1V: Oxygen raw, SBE 43, 2 [V]
# name 11 = upoly0: Upoly 0, Optode 4330F - O2 D-Phase
# name 12 = upoly1: Upoly 1, Optode 4330F - O2 Temp
# name 13 = latitude: Latitude [deg]
# name 14 = longitude: Longitude [deg]
# name 15 = sal00: Salinity, Practical [PSU]
# name 16 = sal11: Salinity, Practical, 2 [PSU]
# name 17 = potemp068C: Potential Temperature [ITS-68, deg C]
# name 18 = potemp168C: Potential Temperature, 2 [ITS-68, deg C]
# name 19 = sigma-é00: Density [sigma-theta, Kg/m^3]
# name 20 = sigma-é11: Density, 2 [sigma-theta, Kg/m^3]
# name 21 = sbeox0ML/L: Oxygen, SBE 43 [ml/l], WS = 2
# name 22 = sbeox1ML/L: Oxygen, SBE 43, 2 [ml/l], WS = 2
# name 23 = nbin: number of scans per bin
# name 24 = flag: flag
# span 0 =       5678,      69850       
# span 1 =    236.547,   2910.356       
# span 2 =      3.000,   2503.000       
# span 3 =     2.1989,     8.2790       
# span 4 =   2.996202,   3.517992       
# span 5 =     2.2618,     8.2791       
# span 6 =   3.001672,   3.517971       
# span 7 =       4.44,     103.29       
# span 8 =     0.0056,     0.7622       
# span 9 =     2.1947,     3.7506       
# span 10 =     1.9438,     3.2735      
# span 11 =  29.870644,  35.553699      
# span 12 =  2.4993088,  8.3237886      
# span 13 =   48.93734,   48.93898      
# span 14 =  -45.82558,  -45.81397      
# span 15 =    33.6202,    34.9195      
# span 16 =    33.6189,    34.9187      
# span 17 =     2.1973,     8.2786      
# span 18 =     2.2602,     8.2787      
# span 19 =    26.1496,    27.8662      
# span 20 =    26.1486,    27.8660      
# span 21 =    6.23463,    9.34337      
# span 22 =    6.21845,    9.41297      
# span 23 =         11,        101      
# span 24 = 0.0000e+00, 0.0000e+00      
# interval = decibars: 1                
# start_time = Jul 06 2014 21:24:33 [NMEA time, header]
# bad_flag = -9.990e-29
*END*
[from data line 1856]
      53451   2227.073   1859.000     3.2410   3.261140     3.2403   3.261016      98.63     0.0132     2.3423     2.0740  35.098900  3.2376769   48.93890  -45.81678    34.9133    34.9125     3.0978     3.0972    27.8069    27.8063    6.33322    6.31295         30 0.0000e+00
      53484   2228.475   1860.000     3.2405   3.261129     3.2398   3.260998      60.80     0.0179     2.3421     2.0740  35.087772  3.2352157   48.93890  -45.81678    34.9132    34.9124     3.0973     3.0966    27.8069    27.8063    6.33127    6.31692         33 0.0000e+00
      53512   2229.640   1861.000     3.2396   3.261089     3.2390   3.260979     100.39     0.0161     2.3421     2.0739  35.085388  3.2366157   48.93890  -45.81676    34.9132    34.9125     3.0962     3.0957    27.8070    27.8065    6.33237    6.31867         23 0.0000e+00
      53533   2230.487   1862.000     3.2391   3.261093     3.2384   3.260975      98.64     0.0174     2.3412     2.0739  35.085800  3.2370174   48.93890  -45.81676    34.9132    34.9126     3.0957     3.0950    27.8070    27.8066    6.32935    6.31979         19 0.0000e+00
      53551   2231.243   1863.000     3.2387   3.261098     3.2381   3.260981      98.63     0.0195     2.3417     2.0739  35.085049  3.2365959   48.93890  -45.81676    34.9132    34.9125     3.0953     3.0946    27.8071    27.8066    6.33327    6.31901         18 0.0000e+00
      53569   2232.006   1864.000     3.2388   3.261145     3.2381   3.261021      98.63     0.0187     2.3408     2.0738  35.094349  3.2364876   48.93890  -45.81674    34.9132    34.9125     3.0952     3.0945    27.8071    27.8066    6.33112    6.30908         19 0.0000e+00
      53590   2232.872   1865.000     3.2389   3.261190     3.2383   3.261076      98.63     0.0225     2.3415     2.0729  35.098881  3.2361324   48.93889  -45.81674    34.9132    34.9125     3.0952     3.0946    27.8071    27.8065    6.33839    6.30268         23 0.0000e+00
      53616   2233.946   1866.000     3.2385   3.261196     3.2379   3.261086      62.00     0.0166     2.3410     2.0722  35.098900  3.2334535   48.93888  -45.81674    34.9132    34.9125     3.0948     3.0942    27.8071    27.8066    6.33532    6.30451         29 0.0000e+00
      53645   2235.148   1867.000     3.2382   3.261216     3.2377   3.261109      92.91     0.0168     2.3409     2.0716  35.098900  3.2319870   48.93888  -45.81674    34.9132    34.9125     3.0944     3.0939    27.8071    27.8066    6.33003    6.30720         28 0.0000e+00
      53672   2236.294   1868.000     3.2381   3.261239     3.2374   3.261119      87.44     0.0167     2.3405     2.0711  35.098900  3.2337117   48.93888  -45.81674    34.9132    34.9125     3.0942     3.0935    27.8071    27.8066    6.33434    6.30697         27 0.0000e+00
      53700   2237.474   1869.000     3.2374   3.261220     3.2367   3.261104      93.51     0.0108     2.3402     2.0709  35.098900  3.2347829   48.93888  -45.81672    34.9132    34.9125     3.0934     3.0927    27.8072    27.8067    6.32591    6.31284         29 0.0000e+00
      53729   2238.667   1870.000     3.2365   3.261183     3.2359   3.261064      98.72     0.0100     2.3397     2.0710  35.098900  3.2344263   48.93888  -45.81672    34.9132    34.9125     3.0924     3.0918    27.8073    27.8068    6.34115    6.31723         28 0.0000e+00
      53754   2239.702   1871.000     3.2347   3.261066     3.2344   3.260976      98.63     0.0154     2.3398     2.0711  35.098900  3.2352765   48.93888  -45.81672    34.9132    34.9125     3.0906     3.0903    27.8075    27.8069    6.33302    6.31854         23 0.0000e+00
      53776   2240.615   1872.000     3.2335   3.261005     3.2330   3.260892      98.63     0.0149     2.3399     2.0712  35.098900  3.2339818   48.93887  -45.81672    34.9133    34.9125     3.0893     3.0888    27.8077    27.8071    6.33770    6.31561         21 0.0000e+00
      53797   2241.517   1873.000     3.2325   3.260947     3.2317   3.260823      98.63     0.0153     2.3394     2.0709  35.098900  3.2370820   48.93886  -45.81672    34.9132    34.9125     3.0882     3.0874    27.8077    27.8072    6.32649    6.31202         22 0.0000e+00
      53821   2242.499   1874.000     3.2318   3.260929     3.2313   3.260821      98.63     0.0233     2.3391     2.0706  35.097729  3.2246790   48.93886  -45.81670    34.9132    34.9125     3.0874     3.0869    27.8078    27.8073    6.33808    6.31155         25 0.0000e+00
      53848   2243.634   1875.000     3.2309   3.260880     3.2301   3.260749      98.63     0.0226     2.3390     2.0703  35.098907  3.2246642   48.93886  -45.81670    34.9131    34.9124     3.0864     3.0856    27.8078    27.8073    6.33651    6.31241         29 0.0000e+00
      53877   2244.827   1876.000     3.2303   3.260874     3.2297   3.260759      98.63     0.0210     2.3387     2.0701  35.098900  3.2246642   48.93886  -45.81669    34.9132    34.9124     3.0857     3.0852    27.8080    27.8074    6.33570    6.31485         27 0.0000e+00
      53901   2245.839   1877.000     3.2298   3.260868     3.2291   3.260744      98.63     0.0187     2.3389     2.0700  35.098900  3.2246642   48.93886  -45.81668    34.9132    34.9124     3.0851     3.0845    27.8080    27.8074    6.33654    6.31212         22 0.0000e+00
      53922   2246.694   1878.000     3.2285   3.260801     3.2279   3.260684      98.63     0.0190     2.3383     2.0696  35.098900  3.2246642   48.93886  -45.81668    34.9132    34.9125     3.0838     3.0832    27.8082    27.8076    6.33789    6.31969         20 0.0000e+00
      53941   2247.499   1879.000     3.2286   3.260852     3.2280   3.260734      98.63     0.0194     2.3387     2.0701  35.098900  3.2246642   48.93886  -45.81668    34.9132    34.9125     3.0839     3.0832    27.8081    27.8076    6.33671    6.32232         19 0.0000e+00
      53961   2248.347   1880.000     3.2289   3.260909     3.2282   3.260795      98.63     0.0149     2.3380     2.0698  35.098900  3.2246642   48.93886  -45.81668    34.9132    34.9125     3.0840     3.0833    27.8081    27.8076    6.33489    6.30999         22 0.0000e+00
      53988   2249.456   1881.000     3.2290   3.260955     3.2283   3.260835      98.63     0.0150     2.3380     2.0692  35.099308  3.2246642   48.93884  -45.81667    34.9131    34.9124     3.0840     3.0833    27.8081    27.8076    6.33478    6.31381         34 0.0000e+00
      54030   2251.188   1882.000     3.2286   3.260955     3.2280   3.260846      82.31     0.0150     2.3375     2.0691  35.098869  3.2233934   48.93884  -45.81666    34.9131    34.9124     3.0835     3.0830    27.8081    27.8075    6.33708    6.31512         41 0.0000e+00
      54060   2252.453   1883.000     3.2283   3.260990     3.2278   3.260883      99.04     0.0150     2.3370     2.0688  35.098900  3.2246964   48.93884  -45.81666    34.9133    34.9125     3.0832     3.0827    27.8082    27.8077    6.33720    6.31481         23 0.0000e+00
      54081   2253.325   1884.000     3.2283   3.261040     3.2278   3.260921      98.64     0.0174     2.3374     2.0685  35.098900  3.2246642   48.93884  -45.81664    34.9134    34.9125     3.0831     3.0881    27.8083    27.8077    6.34234    6.31102         20 0.0000e+00
      54100   2254.120   1885.000     3.2275   3.260996     3.2268   3.260877      98.63     0.0189     2.3371     2.0683  35.098900  3.2246642   48.93882  -45.81664    34.9133    34.9125     3.0821     3.0816    27.8083    27.8078    6.33972    6.31206         19 0.0000e+00
      54119   2254.907   1886.000     3.2272   3.261008     3.2266   3.260895      98.63     0.0194     2.3371     2.0681  35.098900  3.2246642   48.93882  -45.81664    34.9132    34.9125     3.0818     3.0812    27.8083    27.8078    6.33563    6.30972         19 0.0000e+00
      54139   2255.741   1887.000     3.2269   3.261017     3.2261   3.260891      98.19     0.0181     2.3368     2.0676  35.099590  3.2246642   48.93882  -45.81664    34.9132    34.9125     3.0814     3.0806    27.8083    27.8079    6.33756    6.31332         21 0.0000e+00
      54162   2256.688   1888.000     3.2264   3.261017     3.2257   3.260892      98.58     0.0148     2.3367     2.0677  35.107521  3.2200744   48.93882  -45.81664    34.9132    34.9125     3.0808     3.0801    27.8084    27.8079    6.33821    6.31877         25 0.0000e+00
      54190   2257.864   1889.000     3.2260   3.261019     3.2253   3.260897      98.63     0.0169     2.3363     2.0675  35.104034  3.2177052   48.93882  -45.81663    34.9132    34.9124     3.0803     3.0797    27.8085    27.8079    6.33521    6.31397         32 0.0000e+00
      54225   2259.325   1890.000     3.2258   3.261037     3.2252   3.260926      98.63     0.0174     2.3358     2.0672  35.100494  3.2154026   48.93880  -45.81662    34.9131    34.9124     3.0800     3.0794    27.8084    27.8079    6.33440    6.31193         35 0.0000e+00
      54254   2260.551   1891.000     3.2255   3.261055     3.2248   3.260937      98.63     0.0139     2.3353     2.0667  35.098858  3.2211363   48.93882  -45.81660    34.9132    34.9124     3.0796     3.0790    27.8085    27.8080    6.33890    6.31084         24 0.0000e+00
      54276   2261.468   1892.000     3.2250   3.261055     3.2243   3.260938      98.59     0.0114     2.3354     2.0664  35.098900  3.2181244   48.93880  -45.81660    34.9133    34.9125     3.0790     3.0784    27.8086    27.8081    6.32777    6.30508         21 0.0000e+00
      54296   2262.303   1893.000     3.2241   3.261024     3.2235   3.260894      97.97     0.0114     2.3342     2.0659  35.101074  3.2192798   48.93880  -45.81660    34.9133    34.9124     3.0781     3.0775    27.8087    27.8081    6.32527    6.31159         20 0.0000e+00
      54317   2263.178   1894.000     3.2233   3.260991     3.2227   3.260877      98.63     0.0126     2.3341     2.0658  35.105511  3.2210920   48.93880  -45.81660    34.9132    34.9125     3.0772     3.0767    27.8088    27.8082    6.33928    6.30922         22 0.0000e+00
      54342   2264.228   1895.000     3.2232   3.261009     3.2226   3.260896      98.63     0.0120     2.3343     2.0655  35.107944  3.2170048   48.93880  -45.81660    34.9131    34.9124     3.0770     3.0765    27.8087    27.8081    6.33920    6.31143         29 0.0000e+00
      54374   2265.528   1896.000     3.2224   3.260980     3.2218   3.260868      98.63     0.0137     2.3337     2.0650  35.110218  3.2148168   48.93880  -45.81658    34.9131    34.9124     3.0761     3.0755    27.8088    27.8083    6.33109    6.30642         30 0.0000e+00
      54399   2266.593   1897.000     3.2212   3.260921     3.2207   3.260817      98.63     0.0155     2.3335     2.0649  35.100643  3.2148962   48.93878  -45.81658    34.9132    34.9125     3.0749     3.0744    27.8089    27.8084    6.33805    6.31332         22 0.0000e+00
      54419   2267.425   1898.000     3.2195   3.260816     3.2189   3.260703      98.63     0.0178     2.3336     2.0646  35.101215  3.2148962   48.93878  -45.81658    34.9132    34.9125     3.0731     3.0726    27.8091    27.8086    6.33963    6.30921         19 0.0000e+00
      54439   2268.238   1899.000     3.2186   3.260773     3.2180   3.260664      98.63     0.0156     2.3334     2.0644  35.107185  3.2148962   48.93878  -45.81656    34.9132    34.9126     3.0721     3.0715    27.8093    27.8088    6.34215    6.31243         21 0.0000e+00
      54463   2269.248   1900.000     3.2187   3.260807     3.2180   3.260705      88.64     0.0139     2.3331     2.0644  35.112255  3.2148962   48.93878  -45.81656    34.9130    34.9125     3.0721     3.0715    27.8091    27.8087    6.33183    6.31429         30 0.0000e+00
      54507   2271.083   1901.000     3.2187   3.260851     3.2183   3.260758      92.41     0.0136     2.3326     2.0641  35.110558  3.2142079   48.93878  -45.81656    34.9131    34.9124     3.0720     3.0717    27.8091    27.8086    6.33662    6.31217         47 0.0000e+00
      54539   2272.404   1902.000     3.2179   3.260825     3.2174   3.260731      98.86     0.0122     2.3325     2.0638  35.110893  3.2149177   48.93876  -45.81654    34.9132    34.9125     3.0711     3.0707    27.8093    27.8088    6.33753    6.31596         22 0.0000e+00
      54558   2273.190   1903.000     3.2169   3.260788     3.2162   3.260666      98.63     0.0143     2.3320     2.0644  35.111111  3.2148962   48.93876  -45.81654    34.9132    34.9125     3.0701     3.0694    27.8094    27.8089    6.33784    6.32593         18 0.0000e+00
      54575   2273.926   1904.000     3.2163   3.260772     3.2156   3.260652      98.63     0.0164     2.3320     2.0645  35.117523  3.2148962   48.93876  -45.81654    34.9132    34.9125     3.0694     3.0687    27.8094    27.8090    6.34199    6.31399         18 0.0000e+00
      54594   2274.692   1905.000     3.2156   3.260754     3.2150   3.260639      98.63     0.0170     2.3324     2.0638  35.123447  3.2148962   48.93875  -45.81653    34.9132    34.9125     3.0687     3.0680    27.8095    27.8090    6.33871    6.30616         19 0.0000e+00
      54615   2275.584   1906.000     3.2148   3.260720     3.2141   3.260599      98.64     0.0124     2.3315     2.0634  35.123924  3.2137020   48.93874  -45.81652    34.9132    34.9125     3.0677     3.0671    27.8096    27.8091    6.33729    6.31339         24 0.0000e+00
      54641   2276.671   1907.000     3.2147   3.260746     3.2140   3.260627      98.63     0.0110     2.3319     2.0634  35.128220  3.2050962   48.93874  -45.81651    34.9132    34.9125     3.0675     3.0668    27.8096    27.8091    6.34142    6.31796         27 0.0000e+00
      54667   2277.766   1908.000     3.2138   3.260712     3.2131   3.260586      44.81     0.0148     2.3314     2.0634  35.118687  3.2051282   48.93874  -45.81650    34.9133    34.9125     3.0665     3.0659    27.8098    27.8092    6.33863    6.31733         25 0.0000e+00
      54691   2278.763   1909.000     3.2112   3.260517     3.2106   3.260411      98.20     0.0156     2.3313     2.0633  35.099060  3.2051282   48.93874  -45.81650    34.9131    34.9125     3.0639     3.0634    27.8099    27.8095    6.34014    6.31794         24 0.0000e+00
      54718   2279.860   1910.000     3.2102   3.260459     3.2095   3.260345      98.31     0.0129     2.3311     2.0631  35.105522  3.2051282   48.93874  -45.81650    34.9131    34.9124     3.0628     3.0622    27.8100    27.8095    6.33824    6.31423         30 0.0000e+00
      54751   2281.262   1911.000     3.2089   3.260391     3.2081   3.260254      96.04     0.0138     2.3308     2.0627  35.112419  3.2051282   48.93874  -45.81648    34.9131    34.9123     3.0615     3.0607    27.8101    27.8096    6.34345    6.32003         34 0.0000e+00
      54780   2282.472   1912.000     3.2062   3.260197     3.2055   3.260070      98.66     0.0185     2.3306     2.0629  35.108234  3.2051282   48.93872  -45.81648    34.9131    34.9124     3.0587     3.0580    27.8104    27.8099    6.34131    6.32202         25 0.0000e+00
      54803   2283.408   1913.000     3.2055   3.260177     3.2047   3.260046      98.63     0.0210     2.3306     2.0629  35.110737  3.2051282   48.93872  -45.81648    34.9132    34.9124     3.0579     3.0572    27.8106    27.8100    6.34903    6.32321         21 0.0000e+00
      54823   2284.251   1914.000     3.2050   3.260168     3.2044   3.260055      98.63     0.0170     2.3309     2.0628  35.124363  3.2051282   48.93872  -45.81646    34.9132    34.9125     3.0573     3.0567    27.8106    27.8101    6.34383    6.31944         19 0.0000e+00
      54843   2285.075   1915.000     3.2046   3.260173     3.2038   3.260057      98.63     0.0120     2.3302     2.0627  35.128265  3.2051282   48.93871  -45.81646    34.9132    34.9125     3.0568     3.0561    27.8106    27.8102    6.34097    6.31616         20 0.0000e+00
