data/CTD/2014/CNV/d017a034.cnv
* Sea-Bird SBE 9 Data File:
* FileName = C:\CTD_ACQUISITION\2014017HUD\ctddata\017A034.hdr
* Software Version Seasave V 7.22.2
* Temperature SN = 5081
* Conductivity SN = 3561
* Number of Bytes Per Scan = 37
* Number of Voltage Words = 4
* Number of Scans Averaged by the Deck Unit = 1
* NMEA Latitude = 48 20.63 N
* NMEA Longitude = 046 35.08 W
* NMEA UTC (Time) = Jul 09 2014 15:35:27
* NMEA baud rate = 9600
** Ship: Hudson
** Cruise: HUD2014017
** Chief_Scientist: Blair Greenan
** Organization: BIO
** Area_of_Operation: Sackville Spur
** Station: 034
** Sounding:  1364
** Event_Comments: SS-10 403200
# nquan = 25
# nvalues = 1417                        
# units = specified
# name 0 = scan: Scan Count
# name 1 = timeS: Time, Elapsed [seconds]
# name 2 = prDM: Pressure, Digiquartz [db]
# name 3 = t068C: Temperature [ITS-68, deg C]
# name 4 = c0S/m: Conductivity [S/m]
# name 5 = t168C: Temperature, 2 [ITS-68, deg C]
# name 6 = c1S/m: Conductivity, 2 [S/m]
# name 7 = altM: Altimeter [m]
# name 8 = flC: Fluorescence, Chelsea Aqua 3 Chl Con [ug/l]
# name 9 = sbeox0V: Oxygen raw, SBE 43 [V]
# name 10 = sbeox1V: Oxygen raw, SBE 43, 2 [V]
# name 11 = upoly0: Upoly 0, Optode 4330F - O2 D-Phase
# name 12 = upoly1: Upoly 1, Optode 4330F - O2 Temp
# name 13 = latitude: Latitude [deg]
# name 14 = longitude: Longitude [deg]
# name 15 = sal00: Salinity, Practical [PSU]
# name 16 = sal11: Salinity, Practical, 2 [PSU]
# name 17 = potemp068C: Potential Temperature [ITS-68, deg C]
# name 18 = potemp168C: Potential Temperature, 2 [ITS-68, deg C]
# name 19 = sigma-é00: Density [sigma-theta, Kg/m^3]
# name 20 = sigma-é11: Density, 2 [sigma-theta, Kg/m^3]
# name 21 = sbeox0ML/L: Oxygen, SBE 43 [ml/l], WS = 2
# name 22 = sbeox1ML/L: Oxygen, SBE 43, 2 [ml/l], WS = 2
# name 23 = nbin: number of scans per bin
# name 24 = flag: flag
# span 0 =       9171,      47671       
# span 1 =    382.084,   1986.236       
# span 2 =      5.000,   1421.000       
# span 3 =    -1.2918,     7.4336       
# span 4 =   2.662575,   3.364040       
# span 5 =    -1.2929,     7.4265       
# span 6 =   2.662184,   3.363182       
# span 7 =       1.29,     102.48       
# span 8 =     0.0078,     0.0938       
# span 9 =     2.4491,     3.6381       
# span 10 =     2.1618,     3.1547      
# span 11 =  30.336931,  34.818199      
# span 12 = -1.1829515,  7.5546045      
# span 13 =   48.34424,   48.34848      
# span 14 =  -46.58350,  -46.58194      
# span 15 =    32.7781,    34.9112      
# span 16 =    32.7707,    34.9109      
# span 17 =    -1.2929,     7.4331      
# span 18 =    -1.2940,     7.4260      
# span 19 =    25.6100,    27.7651      
# span 20 =    25.6089,    27.7648      
# span 21 =    6.25697,    9.04464      
# span 22 =    6.22810,    9.07201      
# span 23 =         12,        102      
# span 24 = 0.0000e+00, 0.0000e+00      
# interval = decibars: 1                
# start_time = Jul 09 2014 15:35:27 [NMEA time, header]
# bad_flag = -9.990e-29
*END*
[from data line 1392]
      45531   1897.080   1397.000     3.6212   3.275636     3.6205   3.275539      69.35     0.0202     2.4541     2.1677  34.807537  3.6207330   48.34831  -46.58196    34.9111    34.9107     3.5144     3.5138    27.7650    27.7648    6.25966    6.24306         51 0.0000e+00
      45588   1899.448   1398.000     3.6215   3.275704     3.6209   3.275618      38.32     0.0211     2.4536     2.1681  34.808968  3.6156547   48.34832  -46.58196    34.9111    34.9107     3.5147     3.5141    27.7650    27.7648    6.26444    6.24634         49 0.0000e+00
      45627   1901.069   1399.000     3.6216   3.275759     3.6209   3.275656      26.13     0.0179     2.4535     2.1676  34.806221  3.6248186   48.34832  -46.58196    34.9111    34.9107     3.5147     3.5140    27.7650    27.7647    6.26407    6.23095         34 0.0000e+00
      45658   1902.364   1400.000     3.6220   3.275835     3.6213   3.275747      25.62     0.0169     2.4538     2.1669  34.808319  3.6248288   48.34832  -46.58196    34.9112    34.9108     3.5150     3.5143    27.7650    27.7648    6.26816    6.23584         30 0.0000e+00
      45696   1903.969   1401.000     3.6228   3.275935     3.6222   3.275849      24.62     0.0210     2.4536     2.1669  34.807697  3.6216888   48.34832  -46.58196    34.9110    34.9106     3.5157     3.5151    27.7648    27.7645    6.26715    6.23942         59 0.0000e+00
      45779   1907.417   1402.000     3.6230   3.275989     3.6224   3.275907      46.39     0.0138     2.4540     2.1661  34.807716  3.6238229   48.34834  -46.58196    34.9110    34.9106     3.5158     3.5152    27.7648    27.7645    6.27272    6.23551         48 0.0000e+00
      45800   1908.310   1403.000     3.6232   3.276055     3.6226   3.275971      22.94     0.0185     2.4538     2.1662  34.807083  3.6251500   48.34834  -46.58196    34.9111    34.9107     3.5159     3.5153    27.7648    27.7646    6.25766    6.24217         24 0.0000e+00
      45824   1909.302   1404.000     3.6231   3.276097     3.6224   3.275998      22.02     0.0216     2.4531     2.1665  34.810707  3.6251526   48.34834  -46.58196    34.9111    34.9107     3.5157     3.5151    27.7649    27.7646    6.26179    6.24540         24 0.0000e+00
      45851   1910.404   1405.000     3.6232   3.276141     3.6225   3.276045      21.22     0.0171     2.4527     2.1667  34.811222  3.6235728   48.34834  -46.58196    34.9110    34.9106     3.5157     3.5150    27.7648    27.7646    6.25850    6.24342         30 0.0000e+00
      45899   1912.424   1406.000     3.6233   3.276183     3.6226   3.276092      19.75     0.0179     2.4523     2.1664  34.810059  3.6196067   48.34834  -46.58196    34.9109    34.9106     3.5157     3.5151    27.7647    27.7645    6.26688    6.24106         71 0.0000e+00
      45963   1915.074   1407.000     3.6233   3.276232     3.6227   3.276147      18.63     0.0163     2.4526     2.1662  34.812981  3.6238327   48.34835  -46.58196    34.9110    34.9106     3.5157     3.5151    27.7648    27.7646    6.26939    6.24084         46 0.0000e+00
      45999   1916.592   1408.000     3.6235   3.276294     3.6229   3.276205      17.90     0.0195     2.4521     2.1658  34.813980  3.6252007   48.34836  -46.58196    34.9111    34.9106     3.5157     3.5151    27.7649    27.7646    6.26351    6.23939         29 0.0000e+00
      46025   1917.647   1409.000     3.6236   3.276346     3.6230   3.276255      17.16     0.0186     2.4523     2.1658  34.808910  3.6251526   48.34836  -46.58196    34.9111    34.9107     3.5158     3.5151    27.7648    27.7646    6.26759    6.23740         24 0.0000e+00
      46048   1918.643   1410.000     3.6241   3.276431     3.6234   3.276335      16.18     0.0210     2.4520     2.1652  34.817383  3.6243894   48.34836  -46.58196    34.9110    34.9106     3.5162     3.5155    27.7648    27.7645    6.26508    6.23615         25 0.0000e+00
      46103   1920.926   1411.000     3.6243   3.276483     3.6236   3.276391      14.84     0.0164     2.4519     2.1648  34.814022  3.6245692   48.34836  -46.58196    34.9109    34.9106     3.5163     3.5156    27.7647    27.7645    6.26621    6.23918         50 0.0000e+00
      46164   1923.440   1412.000     3.6244   3.276541     3.6237   3.276453      14.12     0.0193     2.4512     2.1642  34.812496  3.6251631   48.34836  -46.58196    34.9110    34.9107     3.5163     3.5156    27.7648    27.7646    6.26451    6.23429         22 0.0000e+00
      46183   1924.250   1413.000     3.6245   3.276600     3.6239   3.276511      13.37     0.0198     2.4515     2.1639  34.812031  3.6251526   48.34836  -46.58196    34.9111    34.9108     3.5163     3.5157    27.7648    27.7646    6.27109    6.23487         19 0.0000e+00
      46202   1925.049   1414.000     3.6249   3.276672     3.6244   3.276591      12.47     0.0137     2.4513     2.1637  34.816048  3.6251526   48.34836  -46.58196    34.9110    34.9106     3.5166     3.5161    27.7648    27.7645    6.26289    6.23306         20 0.0000e+00
      46239   1926.572   1415.000     3.6254   3.276745     3.6247   3.276656      11.23     0.0142     2.4510     2.1632  34.813210  3.6242182   48.34836  -46.58196    34.9109    34.9106     3.5171     3.5164    27.7646    27.7644    6.26965    6.23258         39 0.0000e+00
      46316   1929.774   1416.000     3.6255   3.276796     3.6247   3.276707      10.21     0.0194     2.4499     2.1634  34.814545  3.6251674   48.34838  -46.58196    34.9109    34.9106     3.5170     3.5163    27.7646    27.7645    6.26171    6.24367         22 0.0000e+00
      46339   1930.750   1417.000     3.6257   3.276855     3.6251   3.276769       9.38     0.0162     2.4503     2.1635  34.813969  3.6251526   48.34838  -46.58196    34.9109    34.9105     3.5172     3.5193    27.7646    27.7644    6.27092    6.24311         29 0.0000e+00
      46424   1934.287   1418.000     3.6259   3.276913     3.6253   3.276823       8.07     0.0198     2.4500     2.1632  34.818199  3.6253171   48.34839  -46.58196    34.9108    34.9105     3.5173     3.5165    27.7645    27.7643    6.26858    6.23749         63 0.0000e+00
      46508   1937.780   1419.000     3.6259   3.276951     3.6253   3.276872       7.11     0.0198     2.4501     2.1625  34.815239  3.6273520   48.34840  -46.58196    34.9108    34.9105     3.5172     3.5166    27.7645    27.7643    6.26994    6.23898         82 0.0000e+00
      46577   1940.673   1420.000     3.6252   3.276931     3.6244   3.276824       6.23     0.0205     2.4500     2.1627  34.812695  3.6274583   48.34840  -46.58196    34.9109    34.9104     3.5163     3.5156    27.7647    27.7644    6.27052    6.23971         55 0.0000e+00
      47671   1986.236   1421.000     3.6248   3.276930     3.6243   3.276863       5.93     0.0165     2.4491     2.1618  34.810776  3.6285071   48.34848  -46.58194    34.9108    34.9105     3.5159     3.5154    27.7646    27.7644    6.26706    6.24088         75 0.0000e+00
