data/CTD/2014/CNV/d017a022.cnv
* Sea-Bird SBE 9 Data File:
* FileName = C:\CTD_ACQUISITION\2014017HUD\ctddata\017A022.hdr
* Software Version Seasave V 7.22.2
* Temperature SN = 5081
* Conductivity SN = 3561
* Number of Bytes Per Scan = 37
* Number of Voltage Words = 4
* Number of Scans Averaged by the Deck Unit = 1
* NMEA Latitude = 53 23.40 N
* NMEA Longitude = 050 07.48 W
* NMEA UTC (Time) = Jul 05 2014 05:54:43
* NMEA baud rate = 9600
** Ship: Hudson
** Cruise: HUD2014017
** Chief_Scientist: Blair Greenan
** Organization: BIO
** Area_of_Operation: Sackville Spur
** Station: 022
** Sounding:  3370
** Event_Comments: K10, 403125
# nquan = 25
# nvalues = 3512                        
# units = specified
# name 0 = scan: Scan Count
# name 1 = timeS: Time, Elapsed [seconds]
# name 2 = prDM: Pressure, Digiquartz [db]
# name 3 = t068C: Temperature [ITS-68, deg C]
# name 4 = c0S/m: Conductivity [S/m]
# name 5 = t168C: Temperature, 2 [ITS-68, deg C]
# name 6 = c1S/m: Conductivity, 2 [S/m]
# name 7 = altM: Altimeter [m]
# name 8 = flC: Fluorescence, Chelsea Aqua 3 Chl Con [ug/l]
# name 9 = sbeox0V: Oxygen raw, SBE 43 [V]
# name 10 = sbeox1V: Oxygen raw, SBE 43, 2 [V]
# name 11 = upoly0: Upoly 0, Optode 4330F - O2 D-Phase
# name 12 = upoly1: Upoly 1, Optode 4330F - O2 Temp
# name 13 = latitude: Latitude [deg]
# name 14 = longitude: Longitude [deg]
# name 15 = sal00: Salinity, Practical [PSU]
# name 16 = sal11: Salinity, Practical, 2 [PSU]
# name 17 = potemp068C: Potential Temperature [ITS-68, deg C]
# name 18 = potemp168C: Potential Temperature, 2 [ITS-68, deg C]
# name 19 = sigma-é00: Density [sigma-theta, Kg/m^3]
# name 20 = sigma-é11: Density, 2 [sigma-theta, Kg/m^3]
# name 21 = sbeox0ML/L: Oxygen, SBE 43 [ml/l], WS = 2
# name 22 = sbeox1ML/L: Oxygen, SBE 43, 2 [ml/l], WS = 2
# name 23 = nbin: number of scans per bin
# name 24 = flag: flag
# span 0 =       6445,      92703       
# span 1 =    268.519,   3862.591       
# span 2 =      1.000,   3512.000       
# span 3 =     1.7876,     8.8253       
# span 4 =   3.194642,   3.659822       
# span 5 =     1.7861,     8.8460       
# span 6 =   3.194560,   3.661248       
# span 7 =       3.78,     105.23       
# span 8 =     0.0047,     0.5459       
# span 9 =     2.0333,     3.4642       
# span 10 =     1.8008,     3.0433      
# span 11 =  29.882652,  35.892273      
# span 12 =  1.7738252,  8.7837877      
# span 13 =   53.39028,   53.39150      
# span 14 =  -50.12415,  -50.12206      
# span 15 =    34.5959,    34.9184      
# span 16 =    34.5909,    34.9183      
# span 17 =     1.5119,     8.8251      
# span 18 =     1.5109,     8.8457      
# span 19 =    26.8300,    27.9237      
# span 20 =    26.8227,    27.9242      
# span 21 =    6.22973,    7.08881      
# span 22 =    6.20522,    7.05401      
# span 23 =         11,         89      
# span 24 = 0.0000e+00, 0.0000e+00      
# interval = decibars: 1                
# start_time = Jul 05 2014 05:54:43 [NMEA time, header]
# bad_flag = -9.990e-29
*END*
[from data line 58]
       9335    388.927     59.000     4.4210   3.272798     4.4206   3.272637      93.15     0.0257     3.0584     2.6953  32.534508  4.5713873   53.39042  -50.12398    34.7282    34.7269     4.4168     4.4164    27.5256    27.5246    6.74422    6.77474         32 0.0000e+00
       9395    391.413     60.000     4.4199   3.272880     4.4199   3.272753      80.78     0.0205     3.0568     2.6929  32.572273  4.5452042   53.39042  -50.12396    34.7301    34.7286     4.4155     4.4155    27.5273    27.5261    6.76190    6.77381         89 0.0000e+00
       9468    394.451     61.000     4.3988   3.271156     4.3991   3.271044      41.99     0.0240     3.0564     2.6925  32.615643  4.5507908   53.39044  -50.12396    34.7315    34.7299     4.3944     4.3947    27.5307    27.5293    6.76660    6.78176         31 0.0000e+00
       9491    395.431     62.000     4.3872   3.270156     4.3870   3.270007      51.43     0.0206     3.0565     2.6919  32.613342  4.5630374   53.39044  -50.12396    34.7314    34.7299     4.3828     4.3825    27.5318    27.5307    6.77009    6.77786         25 0.0000e+00
       9517    396.508     63.000     4.3754   3.269130     4.3752   3.268981      65.99     0.0216     3.0566     2.6917  32.645470  4.5217075   53.39044  -50.12396    34.7312    34.7296     4.3709     4.3707    27.5330    27.5318    6.77695    6.78843         29 0.0000e+00
       9565    398.518     64.000     4.3689   3.268521     4.3682   3.268395      74.75     0.0187     3.0578     2.6933  32.671783  4.4835052   53.39044  -50.12396    34.7304    34.7296     4.3643     4.3636    27.5331    27.5325    6.78646    6.80038         73 0.0000e+00
       9632    401.286     65.000     4.3606   3.267848     4.3633   3.268027      73.80     0.0191     3.0602     2.6941  32.704967  4.4540062   53.39044  -50.12396    34.7305    34.7299     4.3560     4.3586    27.5341    27.5333    6.79281    6.79171         46 0.0000e+00
       9669    402.834     66.000     4.3504   3.266954     4.3503   3.266822      82.32     0.0220     3.0610     2.6939  32.736599  4.4545956   53.39044  -50.12396    34.7303    34.7289     4.3457     4.3455    27.5350    27.5339    6.80352    6.80950         35 0.0000e+00
       9708    404.474     67.000     4.3430   3.266307     4.3429   3.266194      63.26     0.0207     3.0629     2.6963  32.731781  4.4355941   53.39044  -50.12396    34.7298    34.7287     4.3382     4.3383    27.5355    27.5346    6.80992    6.82427         46 0.0000e+00
       9757    406.515     68.000     4.3403   3.266093     4.3401   3.265983      99.70     0.0151     3.0643     2.6992  32.736637  4.4128218   53.39044  -50.12396    34.7297    34.7286     4.3354     4.3352    27.5356    27.5348    6.80731    6.82932         47 0.0000e+00
       9796    408.126     69.000     4.3189   3.264160     4.3189   3.264017      98.65     0.0143     3.0650     2.7004  32.739925  4.4065905   53.39044  -50.12396    34.7289    34.7272     4.3140     4.3140    27.5373    27.5360    6.81614    6.83273         33 0.0000e+00
       9835    409.767     70.000     4.3007   3.262487     4.3004   3.262350      98.65     0.0162     3.0655     2.6997  32.746006  4.3993325   53.39044  -50.12395    34.7278    34.7266     4.2958     4.2954    27.5384    27.5375    6.81845    6.82369         53 0.0000e+00
       9901    412.482     71.000     4.2995   3.262425     4.2936   3.261768      98.65     0.0197     3.0661     2.6991  32.747635  4.3684134   53.39044  -50.12394    34.7278    34.7263     4.2945     4.2885    27.5385    27.5380    6.82385    6.83301         56 0.0000e+00
       9937    414.003     72.000     4.2780   3.260580     4.2778   3.260463      98.65     0.0184     3.0661     2.6982  32.739914  4.3577299   53.39045  -50.12394    34.7281    34.7270     4.2729     4.2727    27.5411    27.5403    6.81189    6.81998         31 0.0000e+00
       9975    415.590     73.000     4.2731   3.260175     4.2729   3.260074      98.65     0.0171     3.0634     2.6959  32.738628  4.3496346   53.39046  -50.12394    34.7281    34.7270     4.2679     4.2677    27.5416    27.5408    6.80279    6.80905         52 0.0000e+00
      10037    418.164     74.000     4.2707   3.260008     4.2704   3.259911      98.65     0.0181     3.0589     2.6922  32.737885  4.3257051   53.39046  -50.12394    34.7281    34.7273     4.2654     4.2651    27.5419    27.5413    6.79558    6.81321         52 0.0000e+00
      10073    419.657     75.000     4.2768   3.260786     4.2766   3.260711      98.65     0.0188     3.0579     2.6923  32.739471  4.3260932   53.39046  -50.12394    34.7302    34.7295     4.2715     4.2713    27.5430    27.5424    6.80423    6.81681         33 0.0000e+00
      10119    421.567     76.000     4.2745   3.260661     4.2741   3.260542      98.65     0.0197     3.0586     2.6936  32.738605  4.3191218   53.39046  -50.12394    34.7306    34.7297     4.2691     4.2687    27.5435    27.5428    6.81411    6.83078         64 0.0000e+00
      10176    423.947     77.000     4.2614   3.259494     4.2611   3.259381      98.65     0.0223     3.0610     2.6955  32.740013  4.3178616   53.39046  -50.12394    34.7302    34.7291     4.2559     4.2557    27.5446    27.5438    6.82550    6.83090         38 0.0000e+00
      10205    425.162     78.000     4.2570   3.259126     4.2567   3.259009      98.65     0.0203     3.0608     2.6954  32.740440  4.3186669   53.39046  -50.12394    34.7299    34.7288     4.2515     4.2512    27.5448    27.5440    6.81401    6.83661         28 0.0000e+00
      10245    426.853     79.000     4.2512   3.258597     4.2505   3.258453      98.65     0.0200     3.0603     2.6961  32.752331  4.3034258   53.39046  -50.12394    34.7292    34.7282     4.2456     4.2449    27.5449    27.5442    6.81866    6.83720         64 0.0000e+00
      10321    430.012     80.000     4.2507   3.258589     4.2515   3.258569      89.26     0.0213     3.0608     2.6951  32.762653  4.2875719   53.39046  -50.12393    34.7291    34.7281     4.2450     4.2458    27.5449    27.5440    6.82193    6.82214         57 0.0000e+00
      10357    431.510     81.000     4.2456   3.258154     4.2453   3.258057      98.60     0.0158     3.0591     2.6922  32.754189  4.2890916   53.39048  -50.12394    34.7288    34.7280     4.2399     4.2396    27.5452    27.5446    6.80085    6.81395         34 0.0000e+00
      10393    432.993     82.000     4.2447   3.258133     4.2450   3.258080      98.65     0.0148     3.0562     2.6906  32.752747  4.2799139   53.39047  -50.12394    34.7290    34.7281     4.2389     4.2392    27.5455    27.5447    6.79021    6.80923         39 0.0000e+00
      10437    434.846     83.000     4.2409   3.257891     4.2405   3.257786      96.50     0.0145     3.0512     2.6874  32.764599  4.2796092   53.39047  -50.12392    34.7296    34.7288     4.2350     4.2346    27.5464    27.5457    6.77785    6.79842         48 0.0000e+00
      10484    436.806     84.000     4.2459   3.258670     4.2455   3.258578      90.41     0.0182     3.0473     2.6839  32.768936  4.2739234   53.39048  -50.12392    34.7330    34.7324     4.2399     4.2395    27.5485    27.5481    6.77662    6.78926         45 0.0000e+00
      10528    438.606     85.000     4.2486   3.259116     4.2483   3.259031      98.47     0.0170     3.0460     2.6823  32.762703  4.2729707   53.39048  -50.12392    34.7349    34.7341     4.2425     4.2423    27.5498    27.5492    6.78122    6.79043         44 0.0000e+00
      10576    440.627     86.000     4.2477   3.259167     4.2473   3.259059      98.65     0.0155     3.0445     2.6811  32.766018  4.2730327   53.39048  -50.12392    34.7359    34.7350     4.2416     4.2412    27.5507    27.5500    6.77867    6.79229         49 0.0000e+00
      10619    442.405     87.000     4.2440   3.258864     4.2442   3.258814      86.53     0.0134     3.0440     2.6806  32.778934  4.2724085   53.39048  -50.12392    34.7357    34.7348     4.2378     4.2383    27.5509    27.5502    6.78275    6.79270         38 0.0000e+00
      10664    444.287     88.000     4.2434   3.258846     4.2433   3.258767      97.65     0.0155     3.0436     2.6794  32.791836  4.2728443   53.39048  -50.12391    34.7355    34.7347     4.2372     4.2371    27.5508    27.5502    6.77849    6.78874         61 0.0000e+00
      10731    447.073     89.000     4.2402   3.258584     4.2403   3.258509      98.65     0.0209     3.0417     2.6781  32.799202  4.2705474   53.39048  -50.12390    34.7353    34.7344     4.2338     4.2341    27.5511    27.5503    6.77723    6.77802         51 0.0000e+00
      10764    448.472     90.000     4.2342   3.258094     4.2340   3.258005      83.88     0.0199     3.0419     2.6758  32.806904  4.2723365   53.39048  -50.12390    34.7353    34.7345     4.2278     4.2276    27.5517    27.5511    6.78146    6.78099         31 0.0000e+00
      10799    449.929     91.000     4.2316   3.257974     4.2320   3.257926      98.35     0.0202     3.0405     2.6764  32.806068  4.2681732   53.39048  -50.12390    34.7360    34.7351     4.2252     4.2255    27.5525    27.5518    6.77245    6.78985         39 0.0000e+00
      10840    451.608     92.000     4.2260   3.257612     4.2265   3.257566      98.65     0.0206     3.0397     2.6764  32.802998  4.2586784   53.39048  -50.12390    34.7372    34.7361     4.2195     4.2200    27.5541    27.5532    6.77471    6.79466         39 0.0000e+00
      10888    453.610     93.000     4.2229   3.257391     4.2230   3.257325      91.77     0.0197     3.0395     2.6776  32.825386  4.2516022   53.39048  -50.12390    34.7372    34.7364     4.2163     4.2164    27.5544    27.5538    6.78277    6.79776         68 0.0000e+00
      10958    456.523     94.000     4.2141   3.256648     4.2149   3.256644      99.49     0.0198     3.0407     2.6777  32.827862  4.2502408   53.39048  -50.12390    34.7372    34.7363     4.2075     4.2083    27.5554    27.5546    6.78673    6.79899         49 0.0000e+00
      10992    457.972     95.000     4.2037   3.255775     4.2038   3.255702      98.64     0.0160     3.0399     2.6780  32.833656  4.2491117   53.39048  -50.12390    34.7373    34.7364     4.1970     4.1971    27.5566    27.5559    6.77869    6.80488         33 0.0000e+00
      11027    459.422     96.000     4.1986   3.255364     4.1986   3.255293      98.64     0.0132     3.0385     2.6787  32.842274  4.2492990   53.39048  -50.12389    34.7374    34.7365     4.1918     4.1919    27.5572    27.5564    6.77792    6.80707         39 0.0000e+00
      11074    461.369     97.000     4.1932   3.254948     4.1938   3.254923      89.76     0.0138     3.0378     2.6785  32.849182  4.2336864   53.39048  -50.12388    34.7376    34.7367     4.1863     4.1869    27.5579    27.5571    6.78218    6.80558         58 0.0000e+00
      11135    463.919     98.000     4.1826   3.254082     4.1835   3.254092      99.35     0.0144     3.0365     2.6768  32.847828  4.2281489   53.39048  -50.12388    34.7380    34.7372     4.1757     4.1766    27.5594    27.5586    6.77616    6.79192         51 0.0000e+00
      11173    465.504     99.000     4.1788   3.253800     4.1798   3.253830      98.64     0.0132     3.0356     2.6750  32.848450  4.2286348   53.39048  -50.12388    34.7382    34.7374     4.1718     4.1728    27.5599    27.5592    6.78435    6.79179         32 0.0000e+00
      11206    466.860    100.000     4.1756   3.253578     4.1756   3.253504      84.83     0.0169     3.0361     2.6741  32.856422  4.2185102   53.39046  -50.12388    34.7383    34.7375     4.1686     4.1685    27.5604    27.5597    6.79039    6.79962         37 0.0000e+00
      11259    469.102    101.000     4.1731   3.253404     4.1732   3.253342      98.63     0.0173     3.0369     2.6748  32.851547  4.2050686   53.39046  -50.12388    34.7384    34.7376     4.1660     4.1661    27.5607    27.5601    6.78763    6.80163         68 0.0000e+00
      11315    471.420    102.000     4.1725   3.253397     4.1722   3.253325      98.62     0.0156     3.0357     2.6744  32.857361  4.2070498   53.39046  -50.12388    34.7385    34.7378     4.1653     4.1650    27.5608    27.5604    6.78203    6.79874         39 0.0000e+00
      11350    472.868    103.000     4.1704   3.253272     4.1694   3.253115      98.64     0.0138     3.0352     2.6726  32.857143  4.2014909   53.39046  -50.12388    34.7386    34.7378     4.1632     4.1622    27.5611    27.5606    6.78526    6.78525         35 0.0000e+00
      11390    474.545    104.000     4.1698   3.253250     4.1689   3.253116      98.64     0.0186     3.0347     2.6718  32.867413  4.2007046   53.39046  -50.12386    34.7385    34.7378     4.1625     4.1616    27.5611    27.5607    6.77817    6.79567         49 0.0000e+00
      11454    477.224    105.000     4.1675   3.253087     4.1675   3.253028      98.65     0.0141     3.0325     2.6722  32.857273  4.1980762   53.39046  -50.12386    34.7384    34.7377     4.1601     4.1601    27.5614    27.5608    6.77968    6.80014         67 0.0000e+00
      11500    479.113    106.000     4.1657   3.252987     4.1661   3.252956      76.78     0.0118     3.0326     2.6722  32.857121  4.2015448   53.39046  -50.12386    34.7386    34.7378     4.1582     4.1586    27.5617    27.5611    6.78189    6.80193         30 0.0000e+00
      11526    480.220    107.000     4.1633   3.252820     4.1634   3.252759      95.11     0.0090     3.0325     2.6725  32.864017  4.1993499   53.39046  -50.12386    34.7386    34.7378     4.1557     4.1559    27.5620    27.5613    6.78695    6.80063         27 0.0000e+00
      11575    482.258    108.000     4.1632   3.252846     4.1628   3.252744      98.31     0.0133     3.0316     2.6713  32.864521  4.1913300   53.39045  -50.12384    34.7384    34.7377     4.1556     4.1551    27.5619    27.5613    6.77665    6.79372         81 0.0000e+00
      11645    485.157    109.000     4.1626   3.252839     4.1609   3.252623      98.65     0.0215     3.0304     2.6696  32.864048  4.1981292   53.39044  -50.12384    34.7384    34.7378     4.1549     4.1532    27.5619    27.5616    6.78854    6.79202         38 0.0000e+00
      11673    486.344    110.000     4.1585   3.252523     4.1584   3.252450      90.54     0.0202     3.0314     2.6698  32.869648  4.1957808   53.39044  -50.12384    34.7385    34.7377     4.1508     4.1507    27.5624    27.5618    6.78774    6.79839         29 0.0000e+00
      11713    487.983    111.000     4.1591   3.252617     4.1582   3.252460      79.19     0.0186     3.0319     2.6700  32.871609  4.1901698   53.39044  -50.12384    34.7385    34.7376     4.1513     4.1503    27.5623    27.5618    6.78734    6.79676         56 0.0000e+00
      11771    490.418    112.000     4.1524   3.252035     4.1513   3.251867      97.19     0.0215     3.0302     2.6680  32.871796  4.1859035   53.39044  -50.12384    34.7382    34.7373     4.1445     4.1434    27.5628    27.5622    6.76969    6.78604         43 0.0000e+00
      11802    491.725    113.000     4.1503   3.251886     4.1505   3.251848      98.59     0.0161     3.0276     2.6676  32.874123  4.1860290   53.39044  -50.12384    34.7380    34.7373     4.1423     4.1426    27.5629    27.5623    6.76105    6.79028         31 0.0000e+00
      11866    494.360    114.000     4.1475   3.251723     4.1482   3.251698      98.64     0.0135     3.0270     2.6676  32.879116  4.1784911   53.39043  -50.12383    34.7385    34.7375     4.1395     4.1402    27.5636    27.5627    6.78070    6.79750         68 0.0000e+00
      11930    497.046    115.000     4.1378   3.251050     4.1367   3.250860      98.64     0.0101     3.0277     2.6686  32.871487  4.1820741   53.39042  -50.12382    34.7400    34.7394     4.1297     4.1289    27.5659    27.5655    6.78312    6.80309         24 0.0000e+00
