data/CTD/2014/CNV/d017a013.cnv
* Sea-Bird SBE 9 Data File:
* FileName = C:\CTD_ACQUISITION\2014017HUD\ctddata\017A013.hdr
* Software Version Seasave V 7.22.2
* Temperature SN = 5081
* Conductivity SN = 3561
* Number of Bytes Per Scan = 37
* Number of Voltage Words = 4
* Number of Scans Averaged by the Deck Unit = 1
* NMEA Latitude = 52 49.18 N
* NMEA Longitude = 051 25.44 W
* NMEA UTC (Time) = Jul 03 2014 23:45:42
* NMEA baud rate = 9600
** Ship: Hudson
** Cruise: HUD2014017
** Chief_Scientist: Blair Greenan
** Organization: BIO
** Area_of_Operation: Sackville Spur
** Station: 013
** Sounding:  1581
** Event_Comments: K7, 403035
# nquan = 25
# nvalues = 1642                        
# units = specified
# name 0 = scan: Scan Count
# name 1 = timeS: Time, Elapsed [seconds]
# name 2 = prDM: Pressure, Digiquartz [db]
# name 3 = t068C: Temperature [ITS-68, deg C]
# name 4 = c0S/m: Conductivity [S/m]
# name 5 = t168C: Temperature, 2 [ITS-68, deg C]
# name 6 = c1S/m: Conductivity, 2 [S/m]
# name 7 = altM: Altimeter [m]
# name 8 = flC: Fluorescence, Chelsea Aqua 3 Chl Con [ug/l]
# name 9 = sbeox0V: Oxygen raw, SBE 43 [V]
# name 10 = sbeox1V: Oxygen raw, SBE 43, 2 [V]
# name 11 = upoly0: Upoly 0, Optode 4330F - O2 D-Phase
# name 12 = upoly1: Upoly 1, Optode 4330F - O2 Temp
# name 13 = latitude: Latitude [deg]
# name 14 = longitude: Longitude [deg]
# name 15 = sal00: Salinity, Practical [PSU]
# name 16 = sal11: Salinity, Practical, 2 [PSU]
# name 17 = potemp068C: Potential Temperature [ITS-68, deg C]
# name 18 = potemp168C: Potential Temperature, 2 [ITS-68, deg C]
# name 19 = sigma-é00: Density [sigma-theta, Kg/m^3]
# name 20 = sigma-é11: Density, 2 [sigma-theta, Kg/m^3]
# name 21 = sbeox0ML/L: Oxygen, SBE 43 [ml/l], WS = 2
# name 22 = sbeox1ML/L: Oxygen, SBE 43, 2 [ml/l], WS = 2
# name 23 = nbin: number of scans per bin
# name 24 = flag: flag
# span 0 =       5830,      47424       
# span 1 =    242.861,   1975.976       
# span 2 =      2.000,   1643.000       
# span 3 =     3.3394,     5.9286       
# span 4 =   3.072360,   3.365187       
# span 5 =     3.3384,     5.9288       
# span 6 =   3.072705,   3.365617       
# span 7 =       3.10,     107.62       
# span 8 =     0.0058,     0.3494       
# span 9 =     2.3959,     3.6592       
# span 10 =     2.1184,     3.2074      
# span 11 =  29.985849,  34.940079      
# span 12 =  2.7412505,  5.7642817      
# span 13 =   52.81761,   52.81958      
# span 14 =  -51.42244,  -51.41138      
# span 15 =    32.6500,    34.9151      
# span 16 =    32.6482,    34.9140      
# span 17 =     3.2146,     5.9266      
# span 18 =     3.2140,     5.9268      
# span 19 =    25.8066,    27.7964      
# span 20 =    25.8053,    27.7958      
# span 21 =    6.29377,    8.59479      
# span 22 =    6.27233,    8.59085      
# span 23 =         11,         85      
# span 24 = 0.0000e+00, 0.0000e+00      
# interval = decibars: 1                
# start_time = Jul 03 2014 23:45:42 [NMEA time, header]
# bad_flag = -9.990e-29
*END*
[from data line 1566]
      44145   1839.346   1568.000     3.4005   3.263381     3.3997   3.263232      98.63     0.0128     2.4171     2.1373  34.881989  3.3990104   52.81786  -51.41152    34.9138    34.9129     3.2813     3.2805    27.7899    27.7893    6.31955    6.30722         20 0.0000e+00
      44167   1840.264   1569.000     3.4012   3.263477     3.4003   3.263323      98.63     0.0103     2.4166     2.1378  34.879745  3.3992655   52.81786  -51.41152    34.9138    34.9129     3.2818     3.2810    27.7899    27.7892    6.31674    6.31275         24 0.0000e+00
      44192   1841.311   1570.000     3.4003   3.263436     3.4002   3.263353      29.71     0.0107     2.4165     2.1381  34.882908  3.3912222   52.81784  -51.41152    34.9137    34.9129     3.2809     3.2808    27.7899    27.7892    6.32113    6.30814         24 0.0000e+00
      44214   1842.203   1571.000     3.4008   3.263526     3.3997   3.263354      96.49     0.0113     2.4170     2.1381  34.882038  3.3907063   52.81786  -51.41152    34.9138    34.9129     3.2813     3.2802    27.7899    27.7893    6.32538    6.30775         20 0.0000e+00
      44232   1842.951   1572.000     3.4013   3.263614     3.4004   3.263454      98.61     0.0111     2.4169     2.1382  34.883415  3.3907204   52.81786  -51.41152    34.9138    34.9129     3.2817     3.2808    27.7899    27.7892    6.32028    6.30423         17 0.0000e+00
      44249   1843.668   1573.000     3.4009   3.263623     3.4002   3.263483      98.64     0.0139     2.4163     2.1377  34.882404  3.3907204   52.81786  -51.41152    34.9139    34.9129     3.2812     3.2805    27.7899    27.7893    6.31830    6.30005         18 0.0000e+00
      44269   1844.499   1574.000     3.4008   3.263644     3.3998   3.263488      84.26     0.0158     2.4165     2.1375  34.879280  3.3907204   52.81786  -51.41152    34.9137    34.9129     3.2810     3.2801    27.7899    27.7893    6.32148    6.30255         23 0.0000e+00
      44329   1847.014   1575.000     3.4011   3.263714     3.4004   3.263576     101.09     0.0156     2.4158     2.1367  34.872677  3.3907204   52.81786  -51.41151    34.9137    34.9128     3.2813     3.2806    27.7898    27.7892    6.31600    6.30206         37 0.0000e+00
      44367   1848.584   1576.000     3.4011   3.263761     3.4001   3.263597      98.64     0.0140     2.4154     2.1363  34.885536  3.3907204   52.81786  -51.41150    34.9138    34.9129     3.2811     3.2802    27.7899    27.7892    6.32046    6.30253         14 0.0000e+00
      44381   1849.164   1577.000     3.4009   3.263791     3.3999   3.263626      98.64     0.0123     2.4155     2.1361  34.882160  3.4007950   52.81786  -51.41150    34.9139    34.9129     3.2809     3.2799    27.7900    27.7893    6.32174    6.30459         14 0.0000e+00
      44395   1849.736   1578.000     3.4010   3.263843     3.3998   3.263665      98.63     0.0123     2.4153     2.1363  34.880142  3.4004884   52.81786  -51.41150    34.9139    34.9130     3.2809     3.2797    27.7900    27.7894    6.31892    6.30720         14 0.0000e+00
      44409   1850.314   1579.000     3.4012   3.263897     3.4002   3.263744      98.64     0.0126     2.4153     2.1362  34.881218  3.4004884   52.81786  -51.41150    34.9138    34.9131     3.2810     3.2800    27.7899    27.7894    6.31735    6.30686         14 0.0000e+00
      44423   1850.933   1580.000     3.4008   3.263906     3.3999   3.263747      98.64     0.0154     2.4147     2.1363  34.887318  3.3950329   52.81786  -51.41150    34.9138    34.9129     3.2806     3.2796    27.7900    27.7893    6.31631    6.30771         16 0.0000e+00
      44441   1851.681   1581.000     3.4004   3.263901     3.3993   3.263736      62.05     0.0195     2.4146     2.1362  34.881432  3.3908720   52.81786  -51.41149    34.9138    34.9129     3.2800     3.2790    27.7900    27.7894    6.32014    6.30871         21 0.0000e+00
      44469   1852.844   1582.000     3.4008   3.263972     3.4000   3.263824      65.80     0.0183     2.4144     2.1362  34.882435  3.3907204   52.81786  -51.41148    34.9136    34.9128     3.2804     3.2796    27.7898    27.7892    6.31977    6.30189         35 0.0000e+00
      44502   1854.223   1583.000     3.4004   3.263975     3.3987   3.263752      66.31     0.0163     2.4142     2.1352  34.882660  3.3907204   52.81786  -51.41148    34.9136    34.9127     3.2799     3.2782    27.7899    27.7893    6.31786    6.29881         29 0.0000e+00
      44530   1855.370   1584.000     3.3995   3.263927     3.3984   3.263760      78.10     0.0142     2.4136     2.1351  34.888412  3.3907204   52.81786  -51.41148    34.9135    34.9127     3.2789     3.2778    27.7899    27.7894    6.31636    6.30549         28 0.0000e+00
      44560   1856.614   1585.000     3.3995   3.263963     3.3983   3.263783      73.98     0.0155     2.4129     2.1351  34.887634  3.3907204   52.81786  -51.41146    34.9135    34.9126     3.2788     3.2776    27.7899    27.7893    6.31591    6.30874         31 0.0000e+00
      44591   1857.909   1586.000     3.4001   3.264063     3.3991   3.263912      76.20     0.0158     2.4129     2.1349  34.890221  3.3907204   52.81786  -51.41146    34.9135    34.9127     3.2793     3.2784    27.7899    27.7893    6.32021    6.29931         28 0.0000e+00
      44614   1858.889   1587.000     3.4003   3.264136     3.3993   3.263970      99.42     0.0121     2.4125     2.1344  34.884800  3.3907204   52.81787  -51.41146    34.9136    34.9128     3.2794     3.2784    27.7899    27.7893    6.31407    6.29166         20 0.0000e+00
      44632   1859.628   1588.000     3.3999   3.264151     3.3991   3.263990      59.99     0.0125     2.4122     2.1335  34.886494  3.3907204   52.81787  -51.41146    34.9137    34.9128     3.2790     3.2781    27.7901    27.7894    6.31092    6.28839         16 0.0000e+00
      44648   1860.276   1589.000     3.3991   3.264132     3.3982   3.263967      31.92     0.0134     2.4116     2.1330  34.887367  3.3907204   52.81786  -51.41146    34.9139    34.9129     3.2781     3.2772    27.7903    27.7896    6.31159    6.29230         16 0.0000e+00
      44663   1860.913   1590.000     3.3991   3.264173     3.3986   3.264033      98.26     0.0133     2.4113     2.1328  34.887909  3.3907204   52.81786  -51.41146    34.9139    34.9128     3.2780     3.2896    27.7903    27.7895    6.30726    6.29634         15 0.0000e+00
      44680   1861.629   1591.000     3.3978   3.264093     3.3968   3.263929      98.64     0.0123     2.4106     2.1324  34.882900  3.3907204   52.81786  -51.41146    34.9138    34.9129     3.2766     3.2759    27.7904    27.7897    6.31007    6.29668         20 0.0000e+00
      44725   1863.514   1592.000     3.3977   3.264109     3.3969   3.263969      52.79     0.0114     2.4106     2.1322  34.888504  3.3907204   52.81786  -51.41145    34.9137    34.9128     3.2764     3.2757    27.7902    27.7896    6.32076    6.29756         40 0.0000e+00
      44767   1865.268   1593.000     3.3983   3.264221     3.3974   3.264068      51.53     0.0109     2.4100     2.1321  34.893890  3.3907204   52.81788  -51.41144    34.9138    34.9129     3.2769     3.2760    27.7903    27.7897    6.31411    6.29897         14 0.0000e+00
      44780   1865.805   1594.000     3.3977   3.264195     3.3969   3.264061      51.39     0.0140     2.4100     2.1321  34.893772  3.3907204   52.81787  -51.41144    34.9137    34.9129     3.2762     3.2755    27.7903    27.7897    6.31528    6.29781         13 0.0000e+00
      44793   1866.346   1595.000     3.3969   3.264172     3.3966   3.264084      51.19     0.0162     2.4097     2.1318  34.893772  3.3907204   52.81786  -51.41144    34.9138    34.9130     3.2753     3.2751    27.7904    27.7898    6.31544    6.29489         13 0.0000e+00
      44807   1866.899   1596.000     3.3966   3.264192     3.3959   3.264056      50.87     0.0209     2.4101     2.1315  34.893772  3.3907204   52.81786  -51.41144    34.9139    34.9129     3.2749     3.2743    27.7905    27.7898    6.31702    6.29557         14 0.0000e+00
      44822   1867.521   1597.000     3.3958   3.264158     3.3948   3.263992      49.31     0.0217     2.4097     2.1313  34.893772  3.3907204   52.81786  -51.41144    34.9138    34.9129     3.2740     3.2731    27.7906    27.7899    6.31203    6.29391         17 0.0000e+00
      44855   1868.901   1598.000     3.3929   3.263921     3.3913   3.263709      47.22     0.0217     2.4087     2.1307  34.890373  3.3907204   52.81786  -51.41144    34.9136    34.9127     3.2710     3.2696    27.7907    27.7901    6.31398    6.29488         29 0.0000e+00
      44923   1871.762   1599.000     3.3926   3.263962     3.3934   3.263932      45.76     0.0114     2.4079     2.1309  34.885113  3.3885024   52.81788  -51.41142    34.9138    34.9127     3.2708     3.2715    27.7909    27.7899    6.30706    6.30302         14 0.0000e+00
      44933   1872.178   1600.000     3.3907   3.263829     3.3901   3.263705      45.41     0.0151     2.4080     2.1308  34.885891  3.3892291   52.81788  -51.41142    34.9138    34.9129     3.2688     3.2682    27.7910    27.7904    6.32298    6.29939         13 0.0000e+00
      44946   1872.693   1601.000     3.3913   3.263930     3.3907   3.263815      44.70     0.0154     2.4086     2.1306  34.888920  3.3907359   52.81787  -51.41142    34.9138    34.9131     3.2693     3.2687    27.7911    27.7906    6.32115    6.29553         12 0.0000e+00
      44958   1873.216   1602.000     3.3922   3.264052     3.3910   3.263863      43.77     0.0159     2.4084     2.1301  34.891560  3.3907204   52.81786  -51.41142    34.9139    34.9129     3.2701     3.2689    27.7910    27.7903    6.31235    6.29424         13 0.0000e+00
      44972   1873.773   1603.000     3.3905   3.263945     3.3895   3.263767      42.69     0.0121     2.4071     2.1301  34.893780  3.3907204   52.81786  -51.41142    34.9138    34.9128     3.2684     3.2673    27.7911    27.7904    6.30708    6.29277         14 0.0000e+00
      44988   1874.444   1604.000     3.3876   3.263713     3.3868   3.263518      41.46     0.0119     2.4075     2.1294  34.893017  3.3907204   52.81786  -51.41142    34.9137    34.9123     3.2654     3.2645    27.7913    27.7903    6.31712    6.29395         19 0.0000e+00
      45039   1876.567   1605.000     3.3800   3.263083     3.3815   3.263112      39.37     0.0137     2.4067     2.1288  34.893841  3.3794620   52.81786  -51.41141    34.9137    34.9123     3.2578     3.2622    27.7921    27.7908    6.31573    6.29960         34 0.0000e+00
      45080   1878.288   1606.000     3.3789   3.263026     3.3775   3.262804      38.71     0.0165     2.4062     2.1285  34.892849  3.3791096   52.81786  -51.41140    34.9138    34.9125     3.2566     3.2552    27.7922    27.7914    6.32059    6.30190         16 0.0000e+00
      45094   1878.885   1607.000     3.3761   3.262824     3.3761   3.262752      38.23     0.0170     2.4064     2.1284  34.893757  3.3809216   52.81786  -51.41140    34.9138    34.9129     3.2538     3.2538    27.7925    27.7918    6.32428    6.30380         14 0.0000e+00
      45109   1879.488   1608.000     3.3780   3.263021     3.3762   3.262793      37.44     0.0179     2.4062     2.1284  34.893772  3.3815906   52.81786  -51.41140    34.9136    34.9128     3.2556     3.2538    27.7922    27.7917    6.32234    6.30476         15 0.0000e+00
      45124   1880.114   1609.000     3.3777   3.263041     3.3764   3.262856      36.72     0.0169     2.4065     2.1287  34.893772  3.3828821   52.81786  -51.41140    34.9137    34.9128     3.2552     3.2539    27.7923    27.7917    6.32268    6.30904         15 0.0000e+00
      45140   1880.801   1610.000     3.3753   3.262877     3.3746   3.262735      35.54     0.0160     2.4063     2.1288  34.893772  3.3719203   52.81786  -51.41140    34.9137    34.9128     3.2527     3.2520    27.7926    27.7919    6.31888    6.30698         18 0.0000e+00
      45160   1881.641   1611.000     3.3738   3.262791     3.3734   3.262652      34.28     0.0156     2.4061     2.1285  34.893772  3.3654327   52.81786  -51.41140    34.9137    34.9127     3.2511     3.2507    27.7927    27.7919    6.32036    6.30349         23 0.0000e+00
      45187   1882.767   1612.000     3.3721   3.262662     3.3718   3.262563      32.96     0.0161     2.4054     2.1282  34.900101  3.3646741   52.81786  -51.41140    34.9137    34.9127     3.2493     3.2491    27.7928    27.7921    6.32008    6.29829         30 0.0000e+00
      45217   1884.016   1613.000     3.3698   3.262491     3.3692   3.262355      31.85     0.0183     2.4057     2.1275  34.909046  3.3651273   52.81786  -51.41140    34.9135    34.9125     3.2470     3.2464    27.7929    27.7922    6.31879    6.29896         29 0.0000e+00
      45247   1885.251   1614.000     3.3713   3.262655     3.3683   3.262330      31.00     0.0133     2.4048     2.1269  34.911263  3.3610983   52.81786  -51.41140    34.9134    34.9127     3.2484     3.2455    27.7927    27.7924    6.32002    6.29870         31 0.0000e+00
      45279   1886.603   1615.000     3.3737   3.262909     3.3715   3.262660      29.90     0.0087     2.4046     2.1265  34.910698  3.3645725   52.81786  -51.41138    34.9134    34.9128     3.2507     3.2485    27.7925    27.7922    6.31741    6.29280         32 0.0000e+00
      45307   1887.735   1616.000     3.3708   3.262716     3.3692   3.262466      29.05     0.0149     2.4042     2.1255  34.912933  3.3600409   52.81786  -51.41139    34.9136    34.9124     3.2478     3.2461    27.7929    27.7921    6.31349    6.28647         23 0.0000e+00
      45327   1888.571   1617.000     3.3638   3.262144     3.3639   3.262049      28.26     0.0152     2.4037     2.1248  34.913311  3.3592372   52.81786  -51.41140    34.9137    34.9126     3.2407     3.2408    27.7937    27.7928    6.31646    6.29145         18 0.0000e+00
      45344   1889.271   1618.000     3.3616   3.261982     3.3606   3.261820      27.45     0.0128     2.4034     2.1248  34.914833  3.3595848   52.81786  -51.41140    34.9137    34.9128     3.2384     3.2375    27.7939    27.7932    6.32245    6.29371         16 0.0000e+00
      45359   1889.921   1619.000     3.3622   3.262080     3.3613   3.261931      26.57     0.0128     2.4036     2.1244  34.913296  3.3614299   52.81786  -51.41140    34.9137    34.9129     3.2390     3.2380    27.7939    27.7933    6.32157    6.28936         15 0.0000e+00
      45375   1890.583   1620.000     3.3632   3.262212     3.3624   3.262066      25.72     0.0133     2.4032     2.1239  34.919624  3.3585451   52.81786  -51.41140    34.9138    34.9128     3.2398     3.2391    27.7938    27.7931    6.32103    6.28755         17 0.0000e+00
      45394   1891.358   1621.000     3.3599   3.261956     3.3600   3.261856      24.70     0.0143     2.4033     2.1234  34.917835  3.3519671   52.81786  -51.41140    34.9136    34.9126     3.2365     3.2447    27.7940    27.7932    6.32300    6.29031         22 0.0000e+00
      45431   1892.936   1622.000     3.3586   3.261860     3.3574   3.261681      23.05     0.0155     2.4028     2.1228  34.917652  3.3516483   52.81785  -51.41138    34.9134    34.9125     3.2351     3.2342    27.7940    27.7934    6.32337    6.29089         54 0.0000e+00
      45472   1894.619   1623.000     3.3552   3.261611     3.3541   3.261424      22.07     0.0143     2.4027     2.1224  34.914303  3.3516483   52.81784  -51.41138    34.9135    34.9124     3.2317     3.2306    27.7944    27.7936    6.31169    6.30143         22 0.0000e+00
      45490   1895.373   1624.000     3.3499   3.261189     3.3494   3.261067      21.45     0.0126     2.4014     2.1228  34.910156  3.3516483   52.81784  -51.41138    34.9137    34.9127     3.2263     3.2259    27.7950    27.7943    6.31291    6.30142         17 0.0000e+00
