data/CTD/2014/CNV/d017a045.cnv
* Sea-Bird SBE 9 Data File:
* FileName = C:\CTD_ACQUISITION\2014017HUD\ctddata\017A045.hdr
* Software Version Seasave V 7.22.2
* Temperature SN = 5081
* Conductivity SN = 3561
* Number of Bytes Per Scan = 37
* Number of Voltage Words = 4
* Number of Scans Averaged by the Deck Unit = 1
* NMEA Latitude = 47 58.49 N
* NMEA Longitude = 046 09.17 W
* NMEA UTC (Time) = Jul 10 2014 21:15:35
* NMEA baud rate = 9600
** Ship: Hudson
** Cruise: HUD2014017
** Chief_Scientist: Blair Greenan
** Organization: BIO
** Area_of_Operation: Sackville Spur
** Station: 045
** Sounding:  1057
** Event_Comments: SS_17, 403259
# nquan = 25
# nvalues = 1080                        
# units = specified
# name 0 = scan: Scan Count
# name 1 = timeS: Time, Elapsed [seconds]
# name 2 = prDM: Pressure, Digiquartz [db]
# name 3 = t068C: Temperature [ITS-68, deg C]
# name 4 = c0S/m: Conductivity [S/m]
# name 5 = t168C: Temperature, 2 [ITS-68, deg C]
# name 6 = c1S/m: Conductivity, 2 [S/m]
# name 7 = altM: Altimeter [m]
# name 8 = flC: Fluorescence, Chelsea Aqua 3 Chl Con [ug/l]
# name 9 = sbeox0V: Oxygen raw, SBE 43 [V]
# name 10 = sbeox1V: Oxygen raw, SBE 43, 2 [V]
# name 11 = upoly0: Upoly 0, Optode 4330F - O2 D-Phase
# name 12 = upoly1: Upoly 1, Optode 4330F - O2 Temp
# name 13 = latitude: Latitude [deg]
# name 14 = longitude: Longitude [deg]
# name 15 = sal00: Salinity, Practical [PSU]
# name 16 = sal11: Salinity, Practical, 2 [PSU]
# name 17 = potemp068C: Potential Temperature [ITS-68, deg C]
# name 18 = potemp168C: Potential Temperature, 2 [ITS-68, deg C]
# name 19 = sigma-é00: Density [sigma-theta, Kg/m^3]
# name 20 = sigma-é11: Density, 2 [sigma-theta, Kg/m^3]
# name 21 = sbeox0ML/L: Oxygen, SBE 43 [ml/l], WS = 2
# name 22 = sbeox1ML/L: Oxygen, SBE 43, 2 [ml/l], WS = 2
# name 23 = nbin: number of scans per bin
# name 24 = flag: flag
# span 0 =       5838,      36200       
# span 1 =    243.202,   1508.307       
# span 2 =      2.000,   1081.000       
# span 3 =     2.7291,     8.1726       
# span 4 =   3.095656,   3.525581       
# span 5 =     2.7274,     8.1722       
# span 6 =   3.093728,   3.525371       
# span 7 =       1.85,     102.25       
# span 8 =     0.0076,     0.3735       
# span 9 =     2.5205,     3.5660       
# span 10 =     2.2250,     3.1252      
# span 11 =  29.884775,  34.792065      
# span 12 =  2.7046292,  8.2224941      
# span 13 =   47.97522,   47.97604      
# span 14 =  -46.15422,  -46.15216      
# span 15 =    33.1695,    34.9145      
# span 16 =    33.1683,    34.9144      
# span 17 =     2.7221,     8.1721      
# span 18 =     2.7204,     8.1718      
# span 19 =    25.8115,    27.7703      
# span 20 =    25.8105,    27.7701      
# span 21 =    6.20357,    7.67228      
# span 22 =    6.18426,    7.69839      
# span 23 =         13,        124      
# span 24 = 0.0000e+00, 0.0000e+00      
# interval = decibars: 1                
# start_time = Jul 10 2014 21:15:35 [NMEA time, header]
# bad_flag = -9.990e-29
*END*
[from data line 754]
      27567   1148.593    756.000     3.8465   3.265396     3.8461   3.265304      98.64     0.0179     2.7252     2.4057  33.858795  3.8484712   47.97574  -46.15412    34.8781    34.8774     3.7911     3.7907    27.7110    27.7104    6.53088    6.52745         22 0.0000e+00
      27587   1149.401    757.000     3.8464   3.265438     3.8462   3.265355      98.64     0.0179     2.7257     2.4054  33.858364  3.8498247   47.97574  -46.15412    34.8781    34.8774     3.7910     3.7907    27.7110    27.7105    6.53198    6.52754         18 0.0000e+00
      27604   1150.133    758.000     3.8459   3.265430     3.8455   3.265319      98.63     0.0135     2.7252     2.4052  33.859528  3.8480740   47.97574  -46.15412    34.8781    34.8772     3.7903     3.7900    27.7110    27.7103    6.52430    6.53014         17 0.0000e+00
      27622   1150.879    759.000     3.8460   3.265490     3.8456   3.265384      98.63     0.0145     2.7249     2.4050  33.862751  3.8482754   47.97574  -46.15412    34.8782    34.8774     3.7904     3.7899    27.7111    27.7105    6.52955    6.53245         19 0.0000e+00
      27644   1151.771    760.000     3.8461   3.265536     3.8459   3.265458      98.63     0.0202     2.7249     2.4052  33.862858  3.8471086   47.97574  -46.15412    34.8781    34.8774     3.7904     3.7902    27.7110    27.7104    6.52872    6.53652         25 0.0000e+00
      27674   1153.044    761.000     3.8465   3.265611     3.8461   3.265508      98.41     0.0157     2.7242     2.4053  33.862270  3.8489833   47.97574  -46.15412    34.8781    34.8773     3.7907     3.7903    27.7110    27.7104    6.52659    6.53945         35 0.0000e+00
      27706   1154.379    762.000     3.8464   3.265646     3.8460   3.265543      73.26     0.0129     2.7239     2.4060  33.862160  3.8475988   47.97576  -46.15412    34.8781    34.8773     3.7905     3.7901    27.7110    27.7104    6.52849    6.53924         27 0.0000e+00
      27730   1155.364    763.000     3.8463   3.265686     3.8460   3.265590      92.86     0.0151     2.7234     2.4056  33.848690  3.8498375   47.97576  -46.15412    34.8781    34.8773     3.7904     3.7900    27.7110    27.7104    6.52828    6.53287         22 0.0000e+00
      27751   1156.259    764.000     3.8458   3.265678     3.8455   3.265582      98.69     0.0130     2.7239     2.4053  33.838730  3.8498168   47.97576  -46.15412    34.8780    34.8772     3.7898     3.7894    27.7110    27.7104    6.52882    6.53607         21 0.0000e+00
      27773   1157.173    765.000     3.8450   3.265654     3.8447   3.265556      98.63     0.0139     2.7229     2.4054  33.838829  3.8485343   47.97576  -46.15412    34.8781    34.8772     3.7889     3.7886    27.7111    27.7105    6.51502    6.53810         23 0.0000e+00
      27797   1158.152    766.000     3.8450   3.265698     3.8447   3.265605      98.63     0.0160     2.7214     2.4050  33.841900  3.8494155   47.97576  -46.15412    34.8780    34.8772     3.7889     3.7886    27.7111    27.7105    6.51616    6.52975         24 0.0000e+00
      27822   1159.194    767.000     3.8454   3.265793     3.8452   3.265697      98.63     0.0167     2.7211     2.4037  33.840511  3.8464181   47.97576  -46.15412    34.8782    34.8774     3.7892     3.7889    27.7112    27.7106    6.51945    6.51688         26 0.0000e+00
      27846   1160.191    768.000     3.8471   3.266029     3.8469   3.265939      98.63     0.0164     2.7199     2.4021  33.834816  3.8449280   47.97576  -46.15412    34.8787    34.8779     3.7908     3.7905    27.7114    27.7108    6.50975    6.51063         22 0.0000e+00
      27868   1161.116    769.000     3.8515   3.266543     3.8510   3.266436      98.63     0.0177     2.7188     2.4008  33.836857  3.8458323   47.97576  -46.15412    34.8797    34.8789     3.7950     3.7945    27.7118    27.7113    6.51044    6.51309         22 0.0000e+00
      27891   1162.067    770.000     3.8569   3.267133     3.8564   3.267050      98.63     0.0181     2.7184     2.4002  33.838837  3.8473818   47.97576  -46.15412    34.8805    34.8800     3.8003     3.7998    27.7119    27.7115    6.50985    6.51868         24 0.0000e+00
      27915   1163.077    771.000     3.8599   3.267499     3.8599   3.267458      98.63     0.0199     2.7172     2.4000  33.836498  3.8474720   47.97576  -46.15412    34.8811    34.8804     3.8032     3.8033    27.7120    27.7116    6.50670    6.52061         25 0.0000e+00
      27940   1164.105    772.000     3.8624   3.267793     3.8621   3.267711      98.63     0.0171     2.7165     2.3998  33.835163  3.8498199   47.97576  -46.15412    34.8813    34.8807     3.8057     3.8054    27.7120    27.7115    6.50446    6.51791         24 0.0000e+00
      27964   1165.132    773.000     3.8629   3.267880     3.8627   3.267811      98.24     0.0175     2.7157     2.3989  33.837086  3.8498168   47.97576  -46.15412    34.8813    34.8807     3.8061     3.8059    27.7120    27.7115    6.50702    6.50053         25 0.0000e+00
      27989   1166.167    774.000     3.8632   3.267965     3.8632   3.267896      98.63     0.0145     2.7153     2.3971  33.838829  3.8584116   47.97576  -46.15412    34.8815    34.8807     3.8063     3.8062    27.7121    27.7115    6.50442    6.50307         25 0.0000e+00
      28013   1167.184    775.000     3.8635   3.268038     3.8632   3.267945      98.63     0.0190     2.7143     2.3969  33.838829  3.8595808   47.97578  -46.15412    34.8815    34.8808     3.8065     3.8062    27.7121    27.7115    6.50080    6.51649         24 0.0000e+00
      28038   1168.220    776.000     3.8644   3.268184     3.8642   3.268104      98.63     0.0228     2.7137     2.3970  33.838829  3.8599572   47.97578  -46.15412    34.8818    34.8810     3.8074     3.8072    27.7122    27.7116    6.50539    6.51244         26 0.0000e+00
      28064   1169.308    777.000     3.8654   3.268320     3.8651   3.268233      98.63     0.0180     2.7135     2.3965  33.851322  3.8599758   47.97578  -46.15412    34.8819    34.8812     3.8082     3.8079    27.7122    27.7117    6.50552    6.51034         25 0.0000e+00
      28088   1170.302    778.000     3.8662   3.268478     3.8650   3.268281      98.63     0.0138     2.7130     2.3963  33.863869  3.8595722   47.97578  -46.15412    34.8823    34.8813     3.8090     3.8077    27.7125    27.7118    6.50673    6.51348         22 0.0000e+00
      28109   1171.149    779.000     3.8684   3.268729     3.8656   3.268388      98.25     0.0112     2.7130     2.3962  33.855648  3.8600750   47.97576  -46.15412    34.8824    34.8814     3.8111     3.8129    27.7123    27.7118    6.50308    6.51388         20 0.0000e+00
      28128   1171.938    780.000     3.8678   3.268712     3.8674   3.268634      98.29     0.0170     2.7124     2.3962  33.858799  3.8600984   47.97578  -46.15412    34.8824    34.8819     3.8103     3.8101    27.7124    27.7120    6.50187    6.51564         19 0.0000e+00
      28148   1172.773    781.000     3.8661   3.268593     3.8662   3.268527      98.63     0.0194     2.7121     2.3961  33.861107  3.8600512   47.97578  -46.15412    34.8822    34.8814     3.8087     3.8087    27.7124    27.7117    6.49482    6.51532         21 0.0000e+00
      28173   1173.828    782.000     3.8639   3.268431     3.8638   3.268339      98.64     0.0136     2.7106     2.3959  33.859863  3.8618193   47.97578  -46.15412    34.8821    34.8812     3.8064     3.8062    27.7126    27.7119    6.50301    6.51371         30 0.0000e+00
      28204   1175.141    783.000     3.8638   3.268461     3.8635   3.268368      98.64     0.0109     2.7108     2.3956  33.862972  3.8611517   47.97578  -46.15412    34.8821    34.8814     3.8062     3.8058    27.7126    27.7120    6.50696    6.51464         31 0.0000e+00
      28233   1176.345    784.000     3.8641   3.268544     3.8637   3.268448      98.63     0.0133     2.7109     2.3953  33.864895  3.8606656   47.97578  -46.15412    34.8822    34.8815     3.8064     3.8060    27.7127    27.7121    6.49895    6.51225         27 0.0000e+00
      28257   1177.346    785.000     3.8642   3.268599     3.8639   3.268509      98.63     0.0123     2.7095     2.3949  33.863228  3.8605132   47.97578  -46.15412    34.8823    34.8816     3.8064     3.8061    27.7127    27.7122    6.50094    6.50754         21 0.0000e+00
      28277   1178.172    786.000     3.8646   3.268691     3.8643   3.268600      98.64     0.0132     2.7102     2.3941  33.863506  3.8606136   47.97578  -46.15412    34.8824    34.8817     3.8067     3.8064    27.7128    27.7122    6.50745    6.50607         19 0.0000e+00
      28295   1178.910    787.000     3.8651   3.268796     3.8645   3.268671      81.23     0.0142     2.7097     2.3937  33.861256  3.8595934   47.97578  -46.15412    34.8826    34.8817     3.8071     3.8066    27.7129    27.7123    6.49352    6.50223         17 0.0000e+00
      28312   1179.637    788.000     3.8649   3.268830     3.8644   3.268715      77.30     0.0151     2.7082     2.3927  33.868053  3.8611939   47.97578  -46.15412    34.8827    34.8819     3.8069     3.8064    27.7130    27.7124    6.48710    6.49392         18 0.0000e+00
      28332   1180.475    789.000     3.8647   3.268846     3.8644   3.268762      98.01     0.0158     2.7076     2.3916  33.868134  3.8604569   47.97578  -46.15412    34.8826    34.8819     3.8065     3.8063    27.7130    27.7124    6.49664    6.49618         23 0.0000e+00
      28370   1182.030    790.000     3.8647   3.268893     3.8646   3.268825      98.63     0.0168     2.7072     2.3907  33.886826  3.8597918   47.97578  -46.15410    34.8826    34.8819     3.8065     3.8064    27.7129    27.7124    6.49881    6.49985         53 0.0000e+00
      28413   1183.821    791.000     3.8666   3.269169     3.8660   3.269068      98.63     0.0168     2.7068     2.3903  33.868439  3.8625946   47.97579  -46.15412    34.8834    34.8828     3.8083     3.8077    27.7134    27.7130    6.50043    6.50493         27 0.0000e+00
      28434   1184.713    792.000     3.8687   3.269445     3.8684   3.269369      98.63     0.0157     2.7068     2.3902  33.868130  3.8600876   47.97580  -46.15412    34.8839    34.8833     3.8103     3.8125    27.7136    27.7131    6.50209    6.50195         19 0.0000e+00
      28452   1185.472    793.000     3.8691   3.269541     3.8689   3.269462      98.64     0.0153     2.7068     2.3900  33.868134  3.8648388   47.97580  -46.15412    34.8841    34.8833     3.8107     3.8104    27.7137    27.7131    6.49576    6.50281         17 0.0000e+00
      28469   1186.179    794.000     3.8696   3.269640     3.8693   3.269543      98.63     0.0138     2.7058     2.3900  33.868134  3.8670943   47.97580  -46.15410    34.8843    34.8834     3.8110     3.8107    27.7138    27.7131    6.48946    6.50101         17 0.0000e+00
      28487   1186.917    795.000     3.8697   3.269697     3.8692   3.269582      34.13     0.0141     2.7057     2.3893  33.869675  3.8672962   47.97580  -46.15410    34.8843    34.8835     3.8111     3.8105    27.7138    27.7132    6.49425    6.49899         19 0.0000e+00
      28508   1187.806    796.000     3.8682   3.269599     3.8683   3.269537      86.04     0.0147     2.7051     2.3891  33.887501  3.8651226   47.97580  -46.15410    34.8842    34.8834     3.8095     3.8096    27.7139    27.7132    6.49428    6.49921         25 0.0000e+00
      28536   1188.972    797.000     3.8686   3.269680     3.8682   3.269582      98.56     0.0153     2.7048     2.3886  33.888153  3.8647962   47.97580  -46.15410    34.8842    34.8835     3.8098     3.8094    27.7139    27.7134    6.49957    6.49783         30 0.0000e+00
      28564   1190.134    798.000     3.8693   3.269797     3.8690   3.269695      90.71     0.0141     2.7048     2.3882  33.885693  3.8674195   47.97580  -46.15410    34.8843    34.8835     3.8105     3.8101    27.7139    27.7133    6.50390    6.50259         25 0.0000e+00
      28588   1191.105    799.000     3.8691   3.269828     3.8687   3.269717      98.64     0.0143     2.7053     2.3883  33.890110  3.8657999   47.97580  -46.15410    34.8844    34.8835     3.8102     3.8097    27.7140    27.7133    6.50119    6.50683         22 0.0000e+00
      28609   1191.990    800.000     3.8676   3.269708     3.8667   3.269552      98.63     0.0158     2.7046     2.3886  33.889763  3.8679338   47.97580  -46.15410    34.8841    34.8832     3.8086     3.8100    27.7139    27.7133    6.49985    6.50783         21 0.0000e+00
      28629   1192.852    801.000     3.8652   3.269531     3.8648   3.269430      98.64     0.0149     2.7049     2.3887  33.892300  3.8674006   47.97580  -46.15410    34.8840    34.8832     3.8061     3.8057    27.7141    27.7135    6.50483    6.51290         20 0.0000e+00
      28651   1193.746    802.000     3.8639   3.269449     3.8634   3.269332      98.63     0.0131     2.7046     2.3892  33.891068  3.8680758   47.97580  -46.15410    34.8838    34.8830     3.8048     3.8043    27.7141    27.7135    6.49952    6.51111         23 0.0000e+00
      28674   1194.713    803.000     3.8576   3.268824     3.8572   3.268725      98.63     0.0122     2.7040     2.3886  33.890724  3.8681309   47.97580  -46.15410    34.8828    34.8818     3.7984     3.7980    27.7139    27.7132    6.49831    6.50210         24 0.0000e+00
      28700   1195.781    804.000     3.8547   3.268632     3.8541   3.268515      98.63     0.0125     2.7037     2.3879  33.897366  3.8611042   47.97581  -46.15410    34.8828    34.8820     3.7955     3.7949    27.7142    27.7137    6.49630    6.50109         27 0.0000e+00
      28728   1196.974    805.000     3.8546   3.268669     3.8542   3.268564      97.51     0.0153     2.7025     2.3869  33.899864  3.8595917   47.97582  -46.15410    34.8829    34.8820     3.7953     3.7949    27.7143    27.7137    6.49499    6.49831         30 0.0000e+00
      28757   1198.172    806.000     3.8546   3.268722     3.8542   3.268610      68.23     0.0180     2.7021     2.3865  33.905598  3.8599482   47.97582  -46.15410    34.8830    34.8821     3.7952     3.7947    27.7144    27.7138    6.49983    6.50655         27 0.0000e+00
      28784   1199.285    807.000     3.8559   3.268930     3.8555   3.268842      98.46     0.0180     2.7018     2.3864  33.901798  3.8595870   47.97582  -46.15410    34.8836    34.8829     3.7964     3.7960    27.7148    27.7142    6.49385    6.50038         27 0.0000e+00
      28810   1200.373    808.000     3.8570   3.269085     3.8568   3.269013      98.63     0.0186     2.7009     2.3856  33.896858  3.8591950   47.97582  -46.15410    34.8837    34.8830     3.7974     3.7973    27.7148    27.7142    6.49201    6.49644         25 0.0000e+00
      28833   1201.339    809.000     3.8562   3.269057     3.8558   3.268959      98.63     0.0178     2.7004     2.3850  33.897438  3.8591192   47.97582  -46.15410    34.8837    34.8829     3.7965     3.7962    27.7149    27.7143    6.49169    6.49596         21 0.0000e+00
      28853   1202.186    810.000     3.8550   3.268978     3.8547   3.268889      98.64     0.0174     2.6996     2.3846  33.897434  3.8590965   47.97582  -46.15410    34.8835    34.8828     3.7952     3.7949    27.7148    27.7143    6.48734    6.49781         20 0.0000e+00
      28873   1202.999    811.000     3.8533   3.268855     3.8530   3.268757      98.63     0.0168     2.6988     2.3843  33.900288  3.8581452   47.97582  -46.15410    34.8833    34.8825     3.7935     3.7932    27.7149    27.7142    6.48502    6.49868         20 0.0000e+00
      28894   1203.875    812.000     3.8533   3.268942     3.8530   3.268862      98.63     0.0159     2.6982     2.3838  33.917660  3.8573828   47.97582  -46.15410    34.8838    34.8832     3.7935     3.7931    27.7152    27.7148    6.48632    6.49201         22 0.0000e+00
