data/CTD/2014/CNV/d017a022.cnv
* Sea-Bird SBE 9 Data File:
* FileName = C:\CTD_ACQUISITION\2014017HUD\ctddata\017A022.hdr
* Software Version Seasave V 7.22.2
* Temperature SN = 5081
* Conductivity SN = 3561
* Number of Bytes Per Scan = 37
* Number of Voltage Words = 4
* Number of Scans Averaged by the Deck Unit = 1
* NMEA Latitude = 53 23.40 N
* NMEA Longitude = 050 07.48 W
* NMEA UTC (Time) = Jul 05 2014 05:54:43
* NMEA baud rate = 9600
** Ship: Hudson
** Cruise: HUD2014017
** Chief_Scientist: Blair Greenan
** Organization: BIO
** Area_of_Operation: Sackville Spur
** Station: 022
** Sounding:  3370
** Event_Comments: K10, 403125
# nquan = 25
# nvalues = 3512                        
# units = specified
# name 0 = scan: Scan Count
# name 1 = timeS: Time, Elapsed [seconds]
# name 2 = prDM: Pressure, Digiquartz [db]
# name 3 = t068C: Temperature [ITS-68, deg C]
# name 4 = c0S/m: Conductivity [S/m]
# name 5 = t168C: Temperature, 2 [ITS-68, deg C]
# name 6 = c1S/m: Conductivity, 2 [S/m]
# name 7 = altM: Altimeter [m]
# name 8 = flC: Fluorescence, Chelsea Aqua 3 Chl Con [ug/l]
# name 9 = sbeox0V: Oxygen raw, SBE 43 [V]
# name 10 = sbeox1V: Oxygen raw, SBE 43, 2 [V]
# name 11 = upoly0: Upoly 0, Optode 4330F - O2 D-Phase
# name 12 = upoly1: Upoly 1, Optode 4330F - O2 Temp
# name 13 = latitude: Latitude [deg]
# name 14 = longitude: Longitude [deg]
# name 15 = sal00: Salinity, Practical [PSU]
# name 16 = sal11: Salinity, Practical, 2 [PSU]
# name 17 = potemp068C: Potential Temperature [ITS-68, deg C]
# name 18 = potemp168C: Potential Temperature, 2 [ITS-68, deg C]
# name 19 = sigma-é00: Density [sigma-theta, Kg/m^3]
# name 20 = sigma-é11: Density, 2 [sigma-theta, Kg/m^3]
# name 21 = sbeox0ML/L: Oxygen, SBE 43 [ml/l], WS = 2
# name 22 = sbeox1ML/L: Oxygen, SBE 43, 2 [ml/l], WS = 2
# name 23 = nbin: number of scans per bin
# name 24 = flag: flag
# span 0 =       6445,      92703       
# span 1 =    268.519,   3862.591       
# span 2 =      1.000,   3512.000       
# span 3 =     1.7876,     8.8253       
# span 4 =   3.194642,   3.659822       
# span 5 =     1.7861,     8.8460       
# span 6 =   3.194560,   3.661248       
# span 7 =       3.78,     105.23       
# span 8 =     0.0047,     0.5459       
# span 9 =     2.0333,     3.4642       
# span 10 =     1.8008,     3.0433      
# span 11 =  29.882652,  35.892273      
# span 12 =  1.7738252,  8.7837877      
# span 13 =   53.39028,   53.39150      
# span 14 =  -50.12415,  -50.12206      
# span 15 =    34.5959,    34.9184      
# span 16 =    34.5909,    34.9183      
# span 17 =     1.5119,     8.8251      
# span 18 =     1.5109,     8.8457      
# span 19 =    26.8300,    27.9237      
# span 20 =    26.8227,    27.9242      
# span 21 =    6.22973,    7.08881      
# span 22 =    6.20522,    7.05401      
# span 23 =         11,         89      
# span 24 = 0.0000e+00, 0.0000e+00      
# interval = decibars: 1                
# start_time = Jul 05 2014 05:54:43 [NMEA time, header]
# bad_flag = -9.990e-29
*END*
[from data line 3479]
      90220   3759.143   3480.000     1.8095   3.195799     1.8084   3.195732      98.64     0.0221     2.0415     1.8083  35.743633  1.7985023   53.39116  -50.12218    34.8932    34.8936     1.5364     1.5354    27.9219    27.9223    6.80771    6.73970         27 0.0000e+00
      90244   3760.132   3481.000     1.8073   3.195635     1.8062   3.195574      76.92     0.0217     2.0408     1.8083  35.743591  1.7985348   53.39116  -50.12216    34.8931    34.8936     1.5342     1.5331    27.9220    27.9225    6.79931    6.74654         21 0.0000e+00
      90265   3761.014   3482.000     1.8056   3.195525     1.8046   3.195459      94.59     0.0224     2.0405     1.8081  35.743591  1.7985348   53.39116  -50.12216    34.8932    34.8935     1.5324     1.5314    27.9221    27.9225    6.81351    6.74161         21 0.0000e+00
      90287   3761.920   3483.000     1.8039   3.195409     1.8028   3.195345      98.65     0.0217     2.0409     1.8080  35.743591  1.7959774   53.39116  -50.12216    34.8931    34.8935     1.5307     1.5296    27.9222    27.9226    6.80349    6.74314         23 0.0000e+00
      90311   3762.931   3484.000     1.8027   3.195340     1.8016   3.195277      98.64     0.0220     2.0402     1.8076  35.743591  1.7888124   53.39116  -50.12216    34.8931    34.8935     1.5294     1.5283    27.9223    27.9227    6.80875    6.73707         26 0.0000e+00
      90340   3764.134   3485.000     1.8023   3.195334     1.8012   3.195274      98.63     0.0224     2.0402     1.8074  35.743591  1.7887667   53.39116  -50.12216    34.8930    34.8935     1.5289     1.5278    27.9223    27.9227    6.80553    6.74158         32 0.0000e+00
      90374   3765.523   3486.000     1.8012   3.195282     1.8002   3.195220      76.87     0.0231     2.0395     1.8071  35.743591  1.7887667   53.39116  -50.12216    34.8931    34.8935     1.5278     1.5324    27.9224    27.9228    6.80396    6.74594         34 0.0000e+00
      90405   3766.813   3487.000     1.8004   3.195248     1.7993   3.195186      84.31     0.0227     2.0396     1.8073  35.745163  1.7887667   53.39116  -50.12216    34.8932    34.8935     1.5268     1.5328    27.9226    27.9229    6.79852    6.75340         28 0.0000e+00
      90431   3767.910   3488.000     1.7995   3.195204     1.7984   3.195146      98.56     0.0223     2.0395     1.8072  35.744183  1.7887667   53.39116  -50.12216    34.8931    34.8936     1.5258     1.5326    27.9226    27.9231    6.82904    6.74531         25 0.0000e+00
      90456   3768.967   3489.000     1.7987   3.195173     1.7976   3.195113      98.64     0.0208     2.0389     1.8071  35.743599  1.7887667   53.39116  -50.12216    34.8931    34.8936     1.5249     1.5240    27.9227    27.9231    6.78768    6.74818         26 0.0000e+00
      90483   3770.087   3490.000     1.7984   3.195180     1.7973   3.195123      91.89     0.0204     2.0389     1.8070  35.746681  1.7887667   53.39116  -50.12216    34.8931    34.8936     1.5246     1.5235    27.9227    27.9232    6.81470    6.74214         28 0.0000e+00
      90513   3771.331   3491.000     1.7982   3.195193     1.7970   3.195135      67.05     0.0213     2.0389     1.8064  35.750839  1.7887667   53.39116  -50.12214    34.8931    34.8936     1.5242     1.5231    27.9227    27.9232    6.80890    6.73679         32 0.0000e+00
      90550   3772.863   3492.000     1.7978   3.195199     1.7967   3.195141      52.42     0.0221     2.0382     1.8061  35.751598  1.7871737   53.39116  -50.12214    34.8931    34.8935     1.5238     1.5227    27.9227    27.9231    6.80223    6.74592         42 0.0000e+00
      90589   3774.501   3493.000     1.7968   3.195152     1.7954   3.195066      47.59     0.0202     2.0380     1.8061  35.750889  1.7878803   53.39116  -50.12214    34.8931    34.8936     1.5227     1.5213    27.9228    27.9233    6.80460    6.75137         32 0.0000e+00
      90615   3775.574   3494.000     1.7952   3.195051     1.7941   3.195002      45.94     0.0219     2.0375     1.8061  35.756302  1.7887934   53.39116  -50.12214    34.8932    34.8937     1.5210     1.5200    27.9230    27.9235    6.79721    6.75498         21 0.0000e+00
      90635   3776.399   3495.000     1.7946   3.195036     1.7933   3.194969      22.18     0.0194     2.0374     1.8062  35.745743  1.7887667   53.39116  -50.12214    34.8932    34.8937     1.5203     1.5191    27.9231    27.9236    6.80486    6.74646         20 0.0000e+00
      90653   3777.187   3496.000     1.7941   3.195034     1.7928   3.194954      21.71     0.0179     2.0371     1.8059  35.746651  1.7887667   53.39116  -50.12214    34.8932    34.8936     1.5198     1.5185    27.9231    27.9235    6.80768    6.74310         19 0.0000e+00
      90675   3778.075   3497.000     1.7933   3.194998     1.7918   3.194906      20.56     0.0214     2.0372     1.8058  35.746643  1.7840401   53.39116  -50.12214    34.8932    34.8937     1.5189     1.5174    27.9232    27.9236    6.80942    6.74718         24 0.0000e+00
      90734   3780.531   3498.000     1.7934   3.195027     1.7926   3.194993      18.96     0.0188     2.0365     1.8051  35.750298  1.7815436   53.39117  -50.12213    34.8930    34.8935     1.5189     1.5181    27.9230    27.9235    6.80639    6.74208         64 0.0000e+00
      90805   3783.506   3499.000     1.7918   3.194931     1.7909   3.194880      18.02     0.0184     2.0362     1.8047  35.777382  1.7883604   53.39118  -50.12212    34.8931    34.8935     1.5172     1.5163    27.9232    27.9236    6.79434    6.74786         27 0.0000e+00
      90827   3784.410   3500.000     1.7898   3.194793     1.7882   3.194694      17.55     0.0210     2.0355     1.8047  35.751106  1.7883108   53.39118  -50.12212    34.8932    34.8936     1.5151     1.5136    27.9234    27.9239    6.82167    6.75265         21 0.0000e+00
      90846   3785.226   3501.000     1.7876   3.194647     1.7861   3.194560      16.81     0.0255     2.0364     1.8048  35.745777  1.7887764   53.39118  -50.12212    34.8932    34.8938     1.5129     1.5114    27.9236    27.9242    6.80862    6.75125         19 0.0000e+00
      90865   3786.007   3502.000     1.7878   3.194708     1.7866   3.194636      15.78     0.0239     2.0356     1.8047  35.749016  1.7856548   53.39116  -50.12212    34.8933    34.8938     1.5130     1.5118    27.9237    27.9241    6.80332    6.73970         19 0.0000e+00
      90886   3786.880   3503.000     1.7884   3.194789     1.7874   3.194741      14.61     0.0211     2.0357     1.8042  35.753281  1.7791193   53.39116  -50.12212    34.8932    34.8938     1.5135     1.5125    27.9236    27.9241    6.81362    6.73551         24 0.0000e+00
      90929   3788.669   3504.000     1.7882   3.194797     1.7868   3.194712      13.20     0.0195     2.0354     1.8037  35.771225  1.7738252   53.39117  -50.12212    34.8931    34.8935     1.5132     1.5118    27.9235    27.9240    6.80793    6.74048         72 0.0000e+00
      90989   3791.186   3505.000     1.7879   3.194812     1.7866   3.194732      12.13     0.0209     2.0350     1.8031  35.753498  1.7793323   53.39118  -50.12212    34.8932    34.8936     1.5127     1.5115    27.9236    27.9241    6.80055    6.73685         32 0.0000e+00
      91014   3792.220   3506.000     1.7876   3.194830     1.7865   3.194769      11.43     0.0202     2.0348     1.8028  35.773968  1.7789987   53.39118  -50.12212    34.8932    34.8937     1.5124     1.5113    27.9237    27.9242    6.79873    6.73178         24 0.0000e+00
      91040   3793.310   3507.000     1.7877   3.194871     1.7866   3.194817      10.51     0.0154     2.0344     1.8025  35.787262  1.7789987   53.39118  -50.12212    34.8932    34.8937     1.5123     1.5113    27.9237    27.9242    6.80671    6.74254         29 0.0000e+00
      91076   3794.789   3508.000     1.7880   3.194927     1.7868   3.194869       9.47     0.0143     2.0341     1.8025  35.758125  1.7785580   53.39118  -50.12211    34.8932    34.8937     1.5125     1.5114    27.9236    27.9241    6.80630    6.74638         43 0.0000e+00
      91123   3796.736   3509.000     1.7883   3.194998     1.7872   3.194934       8.30     0.0140     2.0343     1.8025  35.782616  1.7777400   53.39118  -50.12210    34.8932    34.8936     1.5128     1.5117    27.9236    27.9241    6.81017    6.74496         47 0.0000e+00
      91197   3799.814   3510.000     1.7885   3.195046     1.7874   3.194978       7.25     0.0183     2.0337     1.8025  35.769272  1.7788162   53.39118  -50.12210    34.8932    34.8935     1.5128     1.5118    27.9236    27.9240    6.80827    6.74665         68 0.0000e+00
      91581   3815.850   3511.000     1.7882   3.195041     1.7871   3.194991       6.31     0.0197     2.0335     1.8022  35.779713  1.7843083   53.39117  -50.12209    34.8931    34.8935     1.5124     1.5114    27.9235    27.9240    6.80873    6.74553         63 0.0000e+00
      92703   3862.591   3512.000     1.7878   3.195026     1.7867   3.194978       5.20     0.0199     2.0333     1.8008  35.746094  1.7884486   53.39115  -50.12206    34.8928    34.8934     1.5119     1.5109    27.9234    27.9239    6.82452    6.73111         32 0.0000e+00
