data/CTD/2014/CNV/d017a011.cnv
* Sea-Bird SBE 9 Data File:
* FileName = C:\CTD_ACQUISITION\2014017HUD\ctddata\017A011.hdr
* Software Version Seasave V 7.22.2
* Temperature SN = 5081
* Conductivity SN = 3561
* Number of Bytes Per Scan = 37
* Number of Voltage Words = 4
* Number of Scans Averaged by the Deck Unit = 1
* NMEA Latitude = 52 45.35 N
* NMEA Longitude = 051 52.12 W
* NMEA UTC (Time) = Jul 03 2014 20:37:39
* NMEA baud rate = 9600
** Ship: Hudson
** Cruise: HUD2014017
** Chief_Scientist: Blair Greenan
** Organization: BIO
** Area_of_Operation: Sackville Spur
** Station: 011
** Sounding:  343
** Event_Comments: C2 403022
# nquan = 25
# nvalues = 334                         
# units = specified
# name 0 = scan: Scan Count
# name 1 = timeS: Time, Elapsed [seconds]
# name 2 = prDM: Pressure, Digiquartz [db]
# name 3 = t068C: Temperature [ITS-68, deg C]
# name 4 = c0S/m: Conductivity [S/m]
# name 5 = t168C: Temperature, 2 [ITS-68, deg C]
# name 6 = c1S/m: Conductivity, 2 [S/m]
# name 7 = altM: Altimeter [m]
# name 8 = flC: Fluorescence, Chelsea Aqua 3 Chl Con [ug/l]
# name 9 = sbeox0V: Oxygen raw, SBE 43 [V]
# name 10 = sbeox1V: Oxygen raw, SBE 43, 2 [V]
# name 11 = upoly0: Upoly 0, Optode 4330F - O2 D-Phase
# name 12 = upoly1: Upoly 1, Optode 4330F - O2 Temp
# name 13 = latitude: Latitude [deg]
# name 14 = longitude: Longitude [deg]
# name 15 = sal00: Salinity, Practical [PSU]
# name 16 = sal11: Salinity, Practical, 2 [PSU]
# name 17 = potemp068C: Potential Temperature [ITS-68, deg C]
# name 18 = potemp168C: Potential Temperature, 2 [ITS-68, deg C]
# name 19 = sigma-é00: Density [sigma-theta, Kg/m^3]
# name 20 = sigma-é11: Density, 2 [sigma-theta, Kg/m^3]
# name 21 = sbeox0ML/L: Oxygen, SBE 43 [ml/l], WS = 2
# name 22 = sbeox1ML/L: Oxygen, SBE 43, 2 [ml/l], WS = 2
# name 23 = nbin: number of scans per bin
# name 24 = flag: flag
# span 0 =       8548,      20967       
# span 1 =    356.110,    873.584       
# span 2 =      1.000,    334.000       
# span 3 =    -1.3380,     3.9674       
# span 4 =   2.660756,   3.241502       
# span 5 =    -1.3390,     3.9873       
# span 6 =   2.660561,   3.241389       
# span 7 =       4.69,     103.84       
# span 8 =     0.0132,     0.4885       
# span 9 =     2.9007,     3.7259       
# span 10 =     2.5562,     3.2817      
# span 11 =  26.158224,  30.995218      
# span 12 = -0.5021511,  3.7035558      
# span 13 =   52.75446,   52.75520      
# span 14 =  -51.86718,  -51.86423      
# span 15 =    31.4248,    34.7744      
# span 16 =    31.4204,    34.7735      
# span 17 =    -1.3387,     3.9673      
# span 18 =    -1.3397,     3.9871      
# span 19 =    24.9477,    27.6612      
# span 20 =    24.9418,    27.6604      
# span 21 =    6.67178,    9.93708      
# span 22 =    6.68992,   10.11229      
# span 23 =         10,        104      
# span 24 = 0.0000e+00, 0.0000e+00      
# interval = decibars: 1                
# start_time = Jul 03 2014 20:37:39 [NMEA time, header]
# bad_flag = -9.990e-29
*END*
[from data line 116]
      12697    529.007    117.000     0.5021   2.877002     0.5007   2.877079      98.16     0.0297     2.9793     2.6391  30.160910  0.0309723   52.75504  -51.86616    34.0140    34.0166     0.4975     0.4961    27.2833    27.2854    7.39444    7.48942         22 0.0000e+00
      12724    530.130    118.000     0.5545   2.882663     0.5540   2.882753      85.86     0.0274     2.9821     2.6416  30.173819  0.1911445   52.75504  -51.86616    34.0295    34.0313     0.5498     0.5493    27.2927    27.2942    7.39053    7.48012         32 0.0000e+00
      12755    531.425    119.000     0.5685   2.884251     0.5681   2.884287      92.18     0.0340     2.9823     2.6415  30.189795 -0.4647071   52.75504  -51.86614    34.0343    34.0352     0.5638     0.5634    27.2957    27.2965    7.36841    7.45823         28 0.0000e+00
      12779    532.402    120.000     0.5834   2.885808     0.5833   2.885857      98.68     0.0336     2.9817     2.6415  30.208908 -0.5021511   52.75504  -51.86614    34.0375    34.0383     0.5786     0.5785    27.2975    27.2981    7.36649    7.46545         20 0.0000e+00
      12797    533.184    121.000     0.6006   2.887818     0.5994   2.887956      88.29     0.0287     2.9824     2.6420  30.213249 -0.4558909   52.75504  -51.86614    34.0442    34.0473     0.5958     0.5945    27.3018    27.3044    7.37423    7.46690         18 0.0000e+00
      12817    534.002    122.000     0.6646   2.894419     0.6636   2.894631      79.59     0.0271     2.9829     2.6425  30.213123 -0.4656322   52.75504  -51.86614    34.0591    34.0629     0.6596     0.6586    27.3100    27.3132    7.36525    7.45162         22 0.0000e+00
      12844    535.120    123.000     0.7057   2.898667     0.7134   2.899765      83.87     0.0312     2.9839     2.6432  30.221209 -0.4584883   52.75504  -51.86612    34.0684    34.0742     0.7007     0.7083    27.3150    27.3193    7.35949    7.45991         33 0.0000e+00
      12879    536.587    124.000     0.8342   2.911917     0.8490   2.913608      94.37     0.0274     2.9849     2.6466  30.243229 -0.4658663   52.75504  -51.86611    34.0979    34.1039     0.8290     0.8438    27.3310    27.3348    7.33871    7.45065         32 0.0000e+00
      12905    537.677    125.000     0.8453   2.913158     0.8577   2.914488      98.77     0.0280     2.9862     2.6482  30.249277 -0.4257075   52.75504  -51.86610    34.1016    34.1051     0.8400     0.8524    27.3332    27.3353    7.33626    7.43677         22 0.0000e+00
      12925    538.491    126.000     0.8569   2.914397     0.8554   2.914316      71.84     0.0298     2.9871     2.6484  30.277145 -0.4682114   52.75504  -51.86610    34.1043    34.1049     0.8515     0.8501    27.3347    27.3352    7.33423    7.42979         18 0.0000e+00
      12943    539.237    127.000     0.8906   2.917956     0.8800   2.917299      90.19     0.0554     2.9865     2.6486  30.278406 -0.4270627   52.75504  -51.86610    34.1127    34.1147     0.8852     0.8750    27.3393    27.3416    7.32900    7.42360         18 0.0000e+00
      12962    540.031    128.000     0.9259   2.921657     0.9257   2.921883      98.52     0.0449     2.9878     2.6488  30.285965 -0.4404955   52.75504  -51.86609    34.1211    34.1243     0.9204     0.9201    27.3438    27.3464    7.33841    7.42378         21 0.0000e+00
      12984    540.948    129.000     0.9638   2.925616     0.9625   2.925650      95.56     0.0341     2.9898     2.6498  30.302406 -0.4350074   52.75504  -51.86608    34.1300    34.1319     0.9582     0.9569    27.3486    27.3502    7.33958    7.41721         23 0.0000e+00
      13009    541.994    130.000     1.0226   2.931676     1.0208   2.931901      77.22     0.0279     2.9911     2.6496  30.316296 -0.4232123   52.75504  -51.86608    34.1431    34.1479     1.0168     1.0151    27.3553    27.3593    7.31070    7.38557         27 0.0000e+00
      13036    543.135    131.000     1.1117   2.940872     1.1123   2.941149      73.25     0.0301     2.9901     2.6479  30.335545 -0.4103643   52.75504  -51.86608    34.1630    34.1660     1.1059     1.1064    27.3655    27.3679    7.26249    7.34826         27 0.0000e+00
      13063    544.238    132.000     1.1435   2.944205     1.1428   2.944253      82.98     0.0262     2.9870     2.6450  30.337009 -0.4218994   52.75504  -51.86606    34.1705    34.1718     1.1376     1.1369    27.3694    27.3705    7.23777    7.32347         26 0.0000e+00
      13087    545.261    133.000     1.1674   2.946671     1.1654   2.946559      88.35     0.0272     2.9839     2.6428  30.337601 -0.3865785   52.75504  -51.86606    34.1754    34.1761     1.1613     1.1594    27.3718    27.3725    7.22349    7.32167         24 0.0000e+00
      13111    546.264    134.000     1.1843   2.948428     1.1828   2.948443      98.57     0.0489     2.9813     2.6408  30.350346 -0.4012065   52.75504  -51.86606    34.1788    34.1807     1.1782     1.1767    27.3733    27.3750    7.21768    7.30660         24 0.0000e+00
      13136    547.273    135.000     1.2667   2.957060     1.2652   2.957347      81.25     0.0338     2.9785     2.6388  30.362663 -0.3690802   52.75504  -51.86604    34.1985    34.2039     1.2605     1.2590    27.3836    27.3880    7.19996    7.29001         24 0.0000e+00
      13160    548.310    136.000     1.3144   2.962221     1.3144   2.962320      88.75     0.0264     2.9770     2.6372  30.363979 -0.3858820   52.75504  -51.86604    34.2118    34.2131     1.3081     1.3081    27.3911    27.3921    7.19410    7.27197         25 0.0000e+00
      13185    549.328    137.000     1.3320   2.964149     1.3319   2.964277      98.78     0.0259     2.9760     2.6347  30.366337 -0.3478316   52.75504  -51.86604    34.2166    34.2184     1.3256     1.3254    27.3937    27.3951    7.19070    7.25892         24 0.0000e+00
      13208    550.302    138.000     1.3552   2.966611     1.3553   2.966695      58.98     0.0327     2.9748     2.6338  30.383041 -0.3667606   52.75504  -51.86602    34.2221    34.2231     1.3487     1.3488    27.3965    27.3973    7.18765    7.27241         23 0.0000e+00
      13230    551.196    139.000     1.3667   2.967870     1.3667   2.967947      74.58     0.0373     2.9745     2.6338  30.395720 -0.3281046   52.75504  -51.86602    34.2250    34.2260     1.3602     1.3601    27.3980    27.3988    7.19413    7.27506         20 0.0000e+00
      13249    552.000    140.000     1.3792   2.969232     1.3792   2.969325      98.65     0.0827     2.9746     2.6340  30.395605 -0.3350077   52.75504  -51.86602    34.2282    34.2293     1.3726     1.3726    27.3997    27.4006    7.19645    7.26813         19 0.0000e+00
      13267    552.760    141.000     1.3915   2.970578     1.3918   2.970675      98.63     0.0601     2.9750     2.6332  30.395605 -0.3400441   52.75504  -51.86602    34.2312    34.2323     1.3849     1.3851    27.4013    27.4021    7.18345    7.25370         18 0.0000e+00
      13287    553.570    142.000     1.4037   2.971888     1.4039   2.971984      68.39     0.0398     2.9732     2.6321  30.395605 -0.2950583   52.75504  -51.86601    34.2341    34.2351     1.3969     1.3971    27.4028    27.4036    7.15583    7.24261         22 0.0000e+00
      13324    555.140    143.000     1.4208   2.973721     1.4186   2.973530      92.27     0.0295     2.9673     2.6280  30.395824 -0.2935638   52.75504  -51.86600    34.2382    34.2381     1.4140     1.4118    27.4048    27.4050    7.11702    7.21373         60 0.0000e+00
      13376    557.312    144.000     1.4659   2.978425     1.4645   2.978517      77.08     0.0256     2.9586     2.6229  30.397558 -0.2567427   52.75504  -51.86597    34.2483    34.2510     1.4590     1.4576    27.4097    27.4120    7.10429    7.20561         25 0.0000e+00
      13391    557.936    145.000     1.5073   2.982711     1.5071   2.982884      99.09     0.0255     2.9576     2.6223  30.398563 -0.2532237   52.75504  -51.86598    34.2569    34.2594     1.5003     1.5001    27.4138    27.4158    7.10982    7.19677         15 0.0000e+00
      13404    558.475    146.000     1.5500   2.987119     1.5490   2.987417      98.63     0.0283     2.9576     2.6218  30.424694 -0.2689008   52.75504  -51.86598    34.2658    34.2707     1.5429     1.5419    27.4178    27.4218    7.11252    7.19074         12 0.0000e+00
      13416    558.963    147.000     1.5829   2.990568     1.5826   2.990736      98.64     0.0282     2.9578     2.6214  30.424908 -0.2454250   52.75504  -51.86598    34.2731    34.2756     1.5757     1.5753    27.4213    27.4234    7.10799    7.18577         11 0.0000e+00
      13428    559.465    148.000     1.5945   2.991867     1.5939   2.991905      67.49     0.0363     2.9576     2.6215  30.424908 -0.2140206   52.75504  -51.86598    34.2764    34.2775     1.5872     1.5866    27.4231    27.4241    7.10915    7.18613         13 0.0000e+00
      13445    560.160    149.000     1.6237   2.995061     1.6232   2.995257      83.92     0.0336     2.9581     2.6210  30.433249 -0.2348702   52.75504  -51.86596    34.2844    34.2875     1.6164     1.6158    27.4274    27.4299    7.09879    7.16822         24 0.0000e+00
      13498    562.395    150.000     1.6517   2.998232     1.6610   2.999168      84.05     0.0288     2.9544     2.6162  30.441986 -0.1865290   52.75504  -51.86595    34.2936    34.2957     1.6441     1.6535    27.4328    27.4338    7.06154    7.13623         64 0.0000e+00
      13535    563.917    151.000     1.7041   3.003858     1.7030   3.003849      98.98     0.0273     2.9512     2.6139  30.437159 -0.1615247   52.75504  -51.86594    34.3071    34.3081     1.6965     1.6954    27.4397    27.4406    7.05008    7.13126         19 0.0000e+00
      13551    564.591    152.000     1.7263   3.006332     1.7275   3.006681      58.46     0.0266     2.9508     2.6132  30.454397 -0.1760542   52.75504  -51.86594    34.3135    34.3167     1.7187     1.7198    27.4432    27.4456    7.05570    7.12441         15 0.0000e+00
      13566    565.219    153.000     1.7906   3.013070     1.7910   3.013567      89.47     0.0259     2.9506     2.6125  30.454212 -0.1265193   52.75504  -51.86592    34.3280    34.3339     1.7828     1.7832    27.4500    27.4547    7.04004    7.11035         16 0.0000e+00
      13583    565.935    154.000     1.8454   3.018874     1.8458   3.019186      98.12     0.0225     2.9496     2.6118  30.452145 -0.1354140   52.75504  -51.86592    34.3410    34.3445     1.8375     1.8379    27.4562    27.4590    7.02980    7.09912         20 0.0000e+00
      13612    567.137    155.000     1.9328   3.028233     1.9335   3.028558      81.24     0.0234     2.9503     2.6116  30.445663 -0.1121187   52.75504  -51.86592    34.3632    34.3665     1.9247     1.9254    27.4674    27.4700    7.03804    7.09577         37 0.0000e+00
      13648    568.618    156.000     1.9760   3.032947     1.9766   3.033062      96.13     0.0226     2.9531     2.6130  30.453098 -0.1119781   52.75504  -51.86590    34.3748    34.3757     1.9678     1.9684    27.4733    27.4740    7.03201    7.09898         29 0.0000e+00
      13670    569.557    157.000     2.0020   3.035781     2.0025   3.035964      98.69     0.0240     2.9533     2.6141  30.456585 -0.0580984   52.75504  -51.86590    34.3816    34.3833     1.9937     1.9942    27.4767    27.4781    7.02224    7.09961         19 0.0000e+00
      13688    570.302    158.000     2.0384   3.039685     2.0393   3.039950      79.06     0.0375     2.9540     2.6150  30.455053 -0.0888391   52.75504  -51.86590    34.3905    34.3928     2.0300     2.0309    27.4810    27.4828    7.00648    7.09046         17 0.0000e+00
      13705    571.016    159.000     2.0624   3.042282     2.0634   3.042439      74.68     0.0412     2.9523     2.6153  30.456644 -0.0527253   52.75504  -51.86588    34.3964    34.3973     2.0539     2.0549    27.4838    27.4845    6.99535    7.07922         18 0.0000e+00
      13725    571.849    160.000     2.0726   3.043424     2.0749   3.043704      97.89     0.0326     2.9525     2.6151  30.458609 -0.0440659   52.75504  -51.86588    34.3990    34.4000     2.0641     2.0664    27.4851    27.4858    7.00359    7.07122         23 0.0000e+00
      13755    573.071    161.000     2.1085   3.047228     2.1121   3.047827      83.82     0.0261     2.9524     2.6144  30.481600 -0.0227240   52.75504  -51.86586    34.4071    34.4107     2.0999     2.1034    27.4888    27.4914    6.99941    7.06494         35 0.0000e+00
      13788    574.447    162.000     2.2152   3.058604     2.2175   3.059043      81.71     0.0229     2.9533     2.6145  30.479231 -0.0185134   52.75504  -51.86586    34.4330    34.4360     2.2063     2.2086    27.5009    27.5031    6.98824    7.05190         28 0.0000e+00
      13812    575.450    163.000     2.2431   3.061633     2.2412   3.061506      69.85     0.0240     2.9538     2.6153  30.476154  0.0360334   52.75504  -51.86584    34.4399    34.4404     2.2341     2.2323    27.5042    27.5047    6.98924    7.05115         22 0.0000e+00
      13833    576.316    164.000     2.2652   3.063994     2.2644   3.063948      91.23     0.0216     2.9556     2.6156  30.480606  0.0099000   52.75504  -51.86584    34.4448    34.4451     2.2562     2.2554    27.5063    27.5067    6.98518    7.03635         20 0.0000e+00
      13854    577.196    165.000     2.2705   3.064602     2.2707   3.064613      98.71     0.0182     2.9552     2.6146  30.483545  0.0531422   52.75504  -51.86584    34.4461    34.4460     2.2614     2.2616    27.5069    27.5069    6.97354    7.02750         22 0.0000e+00
      13878    578.188    166.000     2.2748   3.065080     2.2752   3.065094      83.15     0.0184     2.9547     2.6139  30.482389  0.0523150   52.75504  -51.86583    34.4468    34.4468     2.2657     2.2660    27.5071    27.5071    6.97087    7.02916         26 0.0000e+00
      13905    579.353    167.000     2.2817   3.065809     2.2819   3.065831      86.57     0.0215     2.9546     2.6134  30.479940  0.0918049   52.75504  -51.86582    34.4479    34.4479     2.2724     2.2727    27.5075    27.5075    6.96520    7.02892         29 0.0000e+00
      13933    580.481    168.000     2.2965   3.067355     2.2973   3.067482      98.87     0.0217     2.9530     2.6131  30.483587  0.0739527   52.75504  -51.86582    34.4506    34.4513     2.2872     2.2880    27.5084    27.5089    6.96097    7.02788         25 0.0000e+00
      13954    581.373    169.000     2.3180   3.069695     2.3175   3.069677      49.09     0.0208     2.9530     2.6129  30.483517  0.1383476   52.75504  -51.86582    34.4558    34.4561     2.3086     2.3081    27.5108    27.5111    6.96749    7.01859         19 0.0000e+00
      13972    582.107    170.000     2.3417   3.072354     2.3405   3.072351      66.08     0.0223     2.9530     2.6122  30.474327  0.1208177   52.75504  -51.86580    34.4626    34.4639     2.3322     2.3310    27.5143    27.5155    6.96671    7.00295         16 0.0000e+00
      13988    582.803    171.000     2.3636   3.074694     2.3634   3.074744      99.19     0.0232     2.9540     2.6107  30.456499  0.1271613   52.75504  -51.86579    34.4675    34.4683     2.3540     2.3538    27.5164    27.5171    6.96052    6.99115         17 0.0000e+00
      14007    583.592    172.000     2.3708   3.075480     2.3710   3.075511      98.63     0.0212     2.9537     2.6096  30.459820  0.1677113   52.75504  -51.86578    34.4692    34.4691     2.3611     2.3613    27.5172    27.5171    6.96097    6.99793         23 0.0000e+00
      14046    585.197    173.000     2.3716   3.075599     2.3717   3.075589      84.70     0.0221     2.9543     2.6099  30.471212  0.1866958   52.75504  -51.86578    34.4689    34.4687     2.3619     2.3620    27.5169    27.5167    6.96504    7.01502         56 0.0000e+00
