data/CTD/2014/CNV/d017a002.cnv
* Sea-Bird SBE 9 Data File:
* FileName = C:\CTD_ACQUISITION\2014017HUD\ctddata\017A002.hdr
* Software Version Seasave V 7.22.2
* Temperature SN = 5081
* Conductivity SN = 3561
* Number of Bytes Per Scan = 37
* Number of Voltage Words = 4
* Number of Scans Averaged by the Deck Unit = 1
* NMEA Latitude = 52 39.92 N
* NMEA Longitude = 052 06.18 W
* NMEA UTC (Time) = Jul 03 2014 10:10:16
* NMEA baud rate = 9600
** Ship: Hudson
** Cruise: HUD2014017
** Chief_Scientist: Blair Greenan
** Organization: BIO
** Area_of_Operation: Sackville Spur
** Station: 002
** Sounding:  298
** Event_Comments: C1 403001
# nquan = 25
# nvalues = 295                         
# units = specified
# name 0 = scan: Scan Count
# name 1 = timeS: Time, Elapsed [seconds]
# name 2 = prDM: Pressure, Digiquartz [db]
# name 3 = t068C: Temperature [ITS-68, deg C]
# name 4 = c0S/m: Conductivity [S/m]
# name 5 = t168C: Temperature, 2 [ITS-68, deg C]
# name 6 = c1S/m: Conductivity, 2 [S/m]
# name 7 = altM: Altimeter [m]
# name 8 = flC: Fluorescence, Chelsea Aqua 3 Chl Con [ug/l]
# name 9 = sbeox0V: Oxygen raw, SBE 43 [V]
# name 10 = sbeox1V: Oxygen raw, SBE 43, 2 [V]
# name 11 = upoly0: Upoly 0, Optode 4330F - O2 D-Phase
# name 12 = upoly1: Upoly 1, Optode 4330F - O2 Temp
# name 13 = latitude: Latitude [deg]
# name 14 = longitude: Longitude [deg]
# name 15 = sal00: Salinity, Practical [PSU]
# name 16 = sal11: Salinity, Practical, 2 [PSU]
# name 17 = potemp068C: Potential Temperature [ITS-68, deg C]
# name 18 = potemp168C: Potential Temperature, 2 [ITS-68, deg C]
# name 19 = sigma-é00: Density [sigma-theta, Kg/m^3]
# name 20 = sigma-é11: Density, 2 [sigma-theta, Kg/m^3]
# name 21 = sbeox0ML/L: Oxygen, SBE 43 [ml/l], WS = 2
# name 22 = sbeox1ML/L: Oxygen, SBE 43, 2 [ml/l], WS = 2
# name 23 = nbin: number of scans per bin
# name 24 = flag: flag
# span 0 =       9069,      23217       
# span 1 =    377.839,    967.347       
# span 2 =      1.000,    295.000       
# span 3 =    -1.4569,     5.4393       
# span 4 =   2.639696,   3.134374       
# span 5 =    -1.4570,     5.4413       
# span 6 =   2.639337,   3.134150       
# span 7 =       1.59,     103.25       
# span 8 =     0.0154,     0.4380       
# span 9 =     2.8932,     3.7654       
# span 10 =     2.5526,     3.2570      
# span 11 =  23.838688,  30.914728      
# span 12 = -0.4329100,  5.9145842      
# span 13 =   52.66500,   52.66550      
# span 14 =  -52.10162,  -52.10056      
# span 15 =    31.9044,    34.5919      
# span 16 =    31.9006,    34.5893      
# span 17 =    -1.4576,     5.4388      
# span 18 =    -1.4578,     5.4409      
# span 19 =    25.1742,    27.5731      
# span 20 =    25.1713,    27.5710      
# span 21 =    6.79737,    9.95377      
# span 22 =    6.82294,   10.01900      
# span 23 =         16,         92      
# span 24 = 0.0000e+00, 0.0000e+00      
# interval = decibars: 1                
# start_time = Jul 03 2014 10:10:16 [NMEA time, header]
# bad_flag = -9.990e-29
*END*
       9069    377.839      1.000     5.4090   3.112042     5.4098   3.111806       1.84     0.0464     3.4682     3.0539  27.908539  5.9145842   52.66534  -52.10162    31.9109    31.9074     5.4089     5.4097    25.1816    25.1788    7.75732    7.79030         18 0.0000e+00
       9092    378.806      2.000     5.4208   3.112953     5.4126   3.112017       1.59     0.0470     3.4684     3.0539  28.843243  5.8984985   52.66534  -52.10161    31.9094    31.9067     5.4207     5.4124    25.1792    25.1779    7.74833    7.78752         18 0.0000e+00
       9110    379.550      3.000     5.4192   3.112880     5.4122   3.112048       1.60     0.0508     3.4674     3.0535  29.151058  5.8916392   52.66534  -52.10160    31.9096    31.9069     5.4190     5.4120    25.1795    25.1781    7.74326    7.78499         19 0.0000e+00
       9165    381.843      4.000     5.4162   3.112693     5.4151   3.112293       3.26     0.0541     3.4651     3.0507  28.511332  5.8712115   52.66533  -52.10159    31.9099    31.9064     5.4159     5.4148    25.1801    25.1774    7.74008    7.77154         77 0.0000e+00
       9238    384.872      5.000     5.4385   3.114335     5.4375   3.113990       4.32     0.0504     3.4637     3.0476  27.466187  5.8410673   52.66532  -52.10158    31.9069    31.9039     5.4381     5.4371    25.1751    25.1729    7.74205    7.76478         34 0.0000e+00
       9265    385.981      6.000     5.4393   3.114399     5.4413   3.114293       3.49     0.0515     3.4643     3.0466  27.285246  5.8424907   52.66532  -52.10158    31.9063    31.9032     5.4388     5.4409    25.1747    25.1719    7.73729    7.75468         25 0.0000e+00
       9289    386.993      7.000     5.4370   3.114203     5.4388   3.114053       9.12     0.0519     3.4628     3.0444  26.708231  5.8424907   52.66532  -52.10157    31.9058    31.9023     5.4365     5.4383    25.1744    25.1715    7.73569    7.74411         24 0.0000e+00
       9313    388.013      8.000     5.4349   3.114024     5.4340   3.113601      43.68     0.0552     3.4630     3.0430  26.589579  5.8424907   52.66532  -52.10156    31.9052    31.9013     5.4343     5.4334    25.1743    25.1713    7.74084    7.75777         27 0.0000e+00
       9371    390.398      9.000     5.4323   3.113802     5.4323   3.113484      93.34     0.0656     3.4626     3.0438  25.123476  5.8160796   52.66531  -52.10154    31.9048    31.9011     5.4316     5.4316    25.1742    25.1713    7.73253    7.75773         65 0.0000e+00
       9425    392.672     10.000     5.4283   3.113507     5.4253   3.112892      98.87     0.0683     3.4563     3.0388  24.634254  5.8064299   52.66530  -52.10153    31.9047    31.9006     5.4276     5.4245    25.1746    25.1717    7.61401    7.62999         23 0.0000e+00
       9445    393.501     11.000     5.4200   3.112832     5.4205   3.112537      98.63     0.0696     3.4362     3.0164  24.513741  5.8034158   52.66530  -52.10152    31.9045    31.9007     5.4192     5.4196    25.1754    25.1723    7.29649    7.28699         21 0.0000e+00
       9472    394.644     12.000     5.4101   3.112037     5.4111   3.111785      87.10     0.0706     3.3738     2.9536  24.337374  5.8034186   52.66530  -52.10152    31.9044    31.9006     5.4092     5.4102    25.1765    25.1733    7.27476    7.18822         39 0.0000e+00
       9534    397.207     13.000     5.3814   3.109970     5.3828   3.109632      88.83     0.0777     3.4560     2.9763  23.967516  5.7967706   52.66530  -52.10151    31.9077    31.9031     5.3804     5.3819    25.1824    25.1786    8.39505    7.96393         69 0.0000e+00
       9582    399.206     14.000     5.1723   3.094611     5.1831   3.094711      98.72     0.0725     3.6151     3.0868  23.838688  5.7851348   52.66530  -52.10150    31.9319    31.9190     5.1713     5.1820    25.2248    25.2134    8.76390    8.41503         36 0.0000e+00
       9617    400.670     15.000     3.1907   2.954484     3.2640   2.954601      98.63     0.0718     3.6919     3.1501  23.883091  5.7833619   52.66530  -52.10149    32.2226    32.1507     3.1899     3.2632    25.6455    25.5817    9.20292    8.91881         36 0.0000e+00
       9653    402.177     16.000     0.9061   2.794370     0.9309   2.793362      98.63     0.0681     3.7285     3.1872  23.972130  5.7792974   52.66529  -52.10148    32.5680    32.5291     0.9054     0.9302    26.0945    26.0617    9.67151    9.51479         36 0.0000e+00
       9693    403.827     17.000     0.0069   2.732432     0.0141   2.731522      98.63     0.0432     3.7531     3.2211  24.129662  5.7735944   52.66528  -52.10148    32.7139    32.6943     0.0064     0.0135    26.2602    26.2440    9.95377    9.87109         47 0.0000e+00
       9759    406.583     18.000    -0.2436   2.716255    -0.2084   2.717605      98.63     0.0283     3.7654     3.2497  24.302391  5.7606177   52.66528  -52.10146    32.7682    32.7483    -0.2441    -0.2089    26.3158    26.2981    9.78496    9.78431         68 0.0000e+00
       9801    408.339     19.000    -0.5851   2.692869    -0.5871   2.691413      98.63     0.0264     3.7416     3.2434  24.383007  5.7484760   52.66528  -52.10144    32.8244    32.8070    -0.5856    -0.5876    26.3752    26.3612    9.79422    9.89234         29 0.0000e+00
       9832    409.625     20.000    -0.7568   2.681005    -0.7553   2.680402      98.63     0.0302     3.7357     3.2500  24.457506  5.7263489   52.66528  -52.10144    32.8509    32.8411    -0.7573    -0.7558    26.4031    26.3952    9.91220   10.01900         36 0.0000e+00
       9879    411.593     21.000    -0.7345   2.684159    -0.7346   2.683618      98.63     0.0275     3.7322     3.2570  24.595980  5.6731448   52.66528  -52.10143    32.8686    32.8614    -0.7351    -0.7352    26.4167    26.4109    9.90084    9.97715         52 0.0000e+00
       9920    413.309     22.000    -0.8590   2.675426    -0.8611   2.674653      98.61     0.0248     3.7241     3.2509  24.692299  5.5838399   52.66526  -52.10142    32.8889    32.8777    -0.8624    -0.8617    26.4377    26.4286    9.78906    9.81755         34 0.0000e+00
       9974    415.545     23.000    -1.0199   2.663753    -1.0025   2.664467      98.61     0.0300     3.6559     3.1808  24.795181  5.4713268   52.66526  -52.10141    32.9032    32.8924    -1.0206    -1.0031    26.4546    26.4453    9.18311    9.22646         81 0.0000e+00
      10041    418.316     24.000    -1.1282   2.656420    -1.1292   2.655789      98.63     0.0257     3.5174     3.0797  24.919802  5.3149743   52.66526  -52.10140    32.9207    32.9133    -1.1281    -1.1297    26.4724    26.4664    8.92491    9.28813         32 0.0000e+00
      10062    419.188     25.000    -1.1424   2.656129    -1.1420   2.655649      98.63     0.0320     3.5046     3.0828  25.005476  5.1919789   52.66526  -52.10140    32.9324    32.9254    -1.1430    -1.1425    26.4823    26.4766    9.12999    9.36191         21 0.0000e+00
      10083    420.088     26.000    -1.2498   2.648335    -1.2470   2.647872      98.63     0.0397     3.4928     3.0718  25.003662  5.1957984   52.66526  -52.10138    32.9435    32.9341    -1.2503    -1.2476    26.4945    26.4869    9.05472    9.06794         25 0.0000e+00
      10151    422.933     27.000    -1.2800   2.646684    -1.2709   2.646983      96.51     0.0992     3.3563     2.9432  25.226547  4.8950653   52.66526  -52.10137    32.9535    32.9432    -1.2805    -1.2714    26.5036    26.4948    8.25189    8.33928         41 0.0000e+00
      10221    425.823     28.000    -1.3437   2.643015    -1.3442   2.642206      98.65     0.1491     3.1945     2.8219  25.342781  4.7124629   52.66526  -52.10135    32.9729    32.9597    -1.3443    -1.3447    26.5212    26.5105    7.94022    8.23837         19 0.0000e+00
      10239    426.593     29.000    -1.3898   2.640413    -1.3888   2.639985      98.27     0.3610     3.1729     2.8093  25.380388  4.6555557   52.66526  -52.10134    32.9876    32.9805    -1.3904    -1.3894    26.5344    26.5287    8.02283    8.25331         20 0.0000e+00
      10267    427.737     30.000    -1.4145   2.639696    -1.4140   2.639337      98.59     0.3842     3.1486     2.7871  25.433727  4.5729532   52.66526  -52.10134    33.0044    32.9989    -1.4151    -1.4146    26.5488    26.5443    7.98996    8.12623         42 0.0000e+00
      10385    432.663     31.000    -1.3605   2.643563    -1.3393   2.643957      98.42     0.4380     3.0509     2.7005  25.682390  4.1557631   52.66524  -52.10132    32.9971    32.9792    -1.3611    -1.3399    26.5413    26.5262    7.81696    7.96638         20 0.0000e+00
      10397    433.162     32.000    -1.4172   2.641140    -1.4156   2.640820      98.47     0.4223     3.0479     2.6987  25.767693  4.0622129   52.66524  -52.10132    33.0260    33.0199    -1.4178    -1.4163    26.5663    26.5613    7.86725    7.98566         16 0.0000e+00
      10414    433.879     33.000    -1.4329   2.640596    -1.4326   2.640265      98.63     0.3472     3.0432     2.6932  25.765568  4.0647130   52.66524  -52.10132    33.0354    33.0304    -1.4336    -1.4333    26.5744    26.5704    7.88992    7.96235         20 0.0000e+00
      10461    435.825     34.000    -1.4186   2.641712    -1.4253   2.640998      98.52     0.2260     3.0286     2.6748  25.879715  3.8914778   52.66524  -52.10130    33.0337    33.0318    -1.4188    -1.4260    26.5726    26.5713    7.83064    7.88501         41 0.0000e+00
      10551    439.565     35.000    -1.4075   2.642936    -1.4228   2.641760      98.45     0.2545     2.9957     2.6430  26.071913  3.5761185   52.66524  -52.10128    33.0381    33.0389    -1.4082    -1.4235    26.5759    26.5770    7.72056    7.81709         30 0.0000e+00
      10582    440.862     36.000    -1.4473   2.641585    -1.4473   2.641230      98.63     0.2119     2.9875     2.6370  26.138727  3.5007296   52.66524  -52.10128    33.0626    33.0581    -1.4476    -1.4480    26.5969    26.5933    7.73399    7.82054         34 0.0000e+00
      10619    442.396     37.000    -1.4569   2.641339    -1.4570   2.641068      98.63     0.1332     2.9806     2.6307  26.206688  3.4084332   52.66524  -52.10128    33.0696    33.0661    -1.4576    -1.4578    26.6029    26.6000    7.73355    7.80656         38 0.0000e+00
      10658    444.028     38.000    -1.4546   2.641882    -1.4549   2.641613      98.51     0.0870     2.9750     2.6247  26.282049  3.2782054   52.66524  -52.10127    33.0740    33.0706    -1.4554    -1.4557    26.6064    26.6036    7.72772    7.79440         45 0.0000e+00
      10736    447.285     39.000    -1.4506   2.642409    -1.4517   2.642104      98.50     0.0671     2.9651     2.6161  26.426661  3.0309913   52.66524  -52.10125    33.0761    33.0732    -1.4513    -1.4525    26.6080    26.6057    7.70304    7.77779         83 0.0000e+00
      10779    449.089     40.000    -1.4511   2.642801    -1.4512   2.642568      98.63     0.0934     2.9607     2.6125  26.527201  2.8904912   52.66524  -52.10124    33.0815    33.0784    -1.4519    -1.4520    26.6124    26.6099    7.69688    7.76687         26 0.0000e+00
      10804    450.119     41.000    -1.4509   2.643392    -1.4510   2.643183      98.63     0.0717     2.9585     2.6102  26.537321  2.8735030   52.66524  -52.10124    33.0888    33.0861    -1.4517    -1.4518    26.6183    26.6161    7.69642    7.76532         26 0.0000e+00
      10849    452.014     42.000    -1.4473   2.644644    -1.4476   2.644434      98.44     0.0653     2.9562     2.6085  26.659000  2.7570667   52.66522  -52.10124    33.1015    33.0989    -1.4481    -1.4484    26.6285    26.6264    7.70062    7.76690         79 0.0000e+00
      10925    455.151     43.000    -1.4429   2.645419    -1.4432   2.645367      98.66     0.0632     2.9541     2.6059  26.798109  2.5694072   52.66522  -52.10123    33.1066    33.1062    -1.4437    -1.4440    26.6325    26.6322    7.70007    7.76059         41 0.0000e+00
      10953    456.339     44.000    -1.4396   2.646270    -1.4399   2.646065      98.63     0.0643     2.9539     2.6049  26.844393  2.5136840   52.66523  -52.10122    33.1141    33.1115    -1.4405    -1.4408    26.6385    26.6364    7.70331    7.76293         33 0.0000e+00
      10996    458.126     45.000    -1.4364   2.646885    -1.4367   2.646670      88.20     0.0628     2.9537     2.6051  26.928493  2.4193580   52.66522  -52.10122    33.1183    33.1157    -1.4373    -1.4376    26.6419    26.6397    7.70916    7.76766         55 0.0000e+00
      11049    460.353     46.000    -1.4324   2.647630    -1.4326   2.647438      96.45     0.0672     2.9532     2.6045  27.014963  2.3167362   52.66522  -52.10120    33.1235    33.1212    -1.4333    -1.4336    26.6460    26.6441    7.69288    7.76332         43 0.0000e+00
      11084    461.788     47.000    -1.4300   2.648338    -1.4302   2.648143      98.63     0.0720     2.9525     2.6043  27.069452  2.2471020   52.66522  -52.10120    33.1300    33.1275    -1.4309    -1.4312    26.6511    26.6492    7.69222    7.75994         31 0.0000e+00
      11123    463.419     48.000    -1.4255   2.649403    -1.4259   2.649191      98.63     0.0711     2.9508     2.6035  27.132254  2.1755233   52.66522  -52.10120    33.1390    33.1366    -1.4265    -1.4269    26.6584    26.6564    7.68325    7.75152         55 0.0000e+00
      11191    466.265     49.000    -1.4182   2.650847    -1.4184   2.650638      74.63     0.0701     2.9480     2.6008  27.260912  2.0261333   52.66522  -52.10118    33.1500    33.1475    -1.4192    -1.4194    26.6670    26.6650    7.67495    7.74056         59 0.0000e+00
      11229    467.839     50.000    -1.4161   2.652164    -1.4163   2.651976      94.12     0.0545     2.9476     2.6004  27.304211  1.9671893   52.66522  -52.10118    33.1654    33.1628    -1.4172    -1.4173    26.6795    26.6774    7.68010    7.74134         31 0.0000e+00
      11260    469.138     51.000    -1.4162   2.652601    -1.4164   2.652418      97.33     0.1300     2.9466     2.5994  27.366156  1.9000624   52.66522  -52.10118    33.1709    33.1685    -1.4173    -1.4174    26.6839    26.6821    7.67189    7.73521         33 0.0000e+00
      11298    470.721     52.000    -1.4151   2.652869    -1.4154   2.652659      96.72     0.0968     2.9457     2.5985  27.424084  1.8476458   52.66522  -52.10117    33.1727    33.1701    -1.4162    -1.4164    26.6854    26.6833    7.67509    7.73735         42 0.0000e+00
      11343    472.586     53.000    -1.4134   2.653208    -1.4137   2.652994      98.53     0.0660     2.9451     2.5984  27.491140  1.7693602   52.66522  -52.10116    33.1748    33.1722    -1.4145    -1.4148    26.6871    26.6850    7.67391    7.74339         52 0.0000e+00
      11409    475.327     54.000    -1.4118   2.653523    -1.4119   2.653361      98.63     0.0331     2.9438     2.5983  27.580658  1.6578008   52.66522  -52.10116    33.1768    33.1747    -1.4130    -1.4130    26.6887    26.6869    7.66922    7.74394         60 0.0000e+00
      11445    476.844     55.000    -1.4104   2.653889    -1.4107   2.653707      98.63     0.0404     2.9435     2.5984  27.635391  1.5920430   52.66522  -52.10116    33.1796    33.1774    -1.4115    -1.4118    26.6909    26.6891    7.67042    7.73932         26 0.0000e+00
      11472    477.938     56.000    -1.4076   2.654518    -1.4080   2.654345      75.66     0.0392     2.9430     2.5978  27.654926  1.5651306   52.66522  -52.10115    33.1846    33.1826    -1.4088    -1.4092    26.6949    26.6933    7.66164    7.73128         30 0.0000e+00
      11540    480.784     57.000    -1.3994   2.655826    -1.4000   2.655607     100.75     0.0452     2.9406     2.5955  27.775736  1.4540713   52.66523  -52.10114    33.1928    33.1905    -1.4006    -1.4012    26.7013    26.6994    7.65487    7.72349         61 0.0000e+00
