data/CTD/2014/CNV/d017a044.cnv
* Sea-Bird SBE 9 Data File:
* FileName = C:\CTD_ACQUISITION\2014017HUD\ctddata\017A044.hdr
* Software Version Seasave V 7.22.2
* Temperature SN = 5081
* Conductivity SN = 3561
* Number of Bytes Per Scan = 37
* Number of Voltage Words = 4
* Number of Scans Averaged by the Deck Unit = 1
* NMEA Latitude = 48 02.26 N
* NMEA Longitude = 046 14.07 W
* NMEA UTC (Time) = Jul 10 2014 19:45:27
* NMEA baud rate = 9600
** Ship: Hudson
** Cruise: HUD2014017
** Chief_Scientist: Blair Greenan
** Organization: BIO
** Area_of_Operation: Sackville Spur
** Station: 044
** Sounding:  1144
** Event_Comments: SS-16 403256
# nquan = 25
# nvalues = 1168                        
# units = specified
# name 0 = scan: Scan Count
# name 1 = timeS: Time, Elapsed [seconds]
# name 2 = prDM: Pressure, Digiquartz [db]
# name 3 = t068C: Temperature [ITS-68, deg C]
# name 4 = c0S/m: Conductivity [S/m]
# name 5 = t168C: Temperature, 2 [ITS-68, deg C]
# name 6 = c1S/m: Conductivity, 2 [S/m]
# name 7 = altM: Altimeter [m]
# name 8 = flC: Fluorescence, Chelsea Aqua 3 Chl Con [ug/l]
# name 9 = sbeox0V: Oxygen raw, SBE 43 [V]
# name 10 = sbeox1V: Oxygen raw, SBE 43, 2 [V]
# name 11 = upoly0: Upoly 0, Optode 4330F - O2 D-Phase
# name 12 = upoly1: Upoly 1, Optode 4330F - O2 Temp
# name 13 = latitude: Latitude [deg]
# name 14 = longitude: Longitude [deg]
# name 15 = sal00: Salinity, Practical [PSU]
# name 16 = sal11: Salinity, Practical, 2 [PSU]
# name 17 = potemp068C: Potential Temperature [ITS-68, deg C]
# name 18 = potemp168C: Potential Temperature, 2 [ITS-68, deg C]
# name 19 = sigma-é00: Density [sigma-theta, Kg/m^3]
# name 20 = sigma-é11: Density, 2 [sigma-theta, Kg/m^3]
# name 21 = sbeox0ML/L: Oxygen, SBE 43 [ml/l], WS = 2
# name 22 = sbeox1ML/L: Oxygen, SBE 43, 2 [ml/l], WS = 2
# name 23 = nbin: number of scans per bin
# name 24 = flag: flag
# span 0 =       6687,      38940       
# span 1 =    278.568,   1622.466       
# span 2 =      2.000,   1169.000       
# span 3 =     1.5662,     8.4348       
# span 4 =   2.972287,   3.487176       
# span 5 =     1.5678,     8.4355       
# span 6 =   2.971987,   3.486960       
# span 7 =       5.65,     100.15       
# span 8 =     0.0090,     0.3551       
# span 9 =     2.5296,     3.5871       
# span 10 =     2.2313,     3.1321      
# span 11 =  29.919912,  34.575539      
# span 12 =  2.0081868,  8.4781055      
# span 13 =   48.03780,   48.03955      
# span 14 =  -46.23336,  -46.23252      
# span 15 =    33.0372,    34.9080      
# span 16 =    33.0349,    34.9074      
# span 17 =     1.5632,     8.4346      
# span 18 =     1.5648,     8.4353      
# span 19 =    25.6691,    27.7521      
# span 20 =    25.6671,    27.7518      
# span 21 =    6.29955,    7.93735      
# span 22 =    6.26638,    7.84434      
# span 23 =         13,         88      
# span 24 = 0.0000e+00, 0.0000e+00      
# interval = decibars: 1                
# start_time = Jul 10 2014 19:45:27 [NMEA time, header]
# bad_flag = -9.990e-29
*END*
[from data line 406]
      17853    743.819    408.000     3.7102   3.233529     3.7101   3.233413      83.09     0.0182     2.8647     2.5242  33.501831  3.7129555   48.03823  -46.23288    34.8273    34.8261     3.6819     3.6818    27.6816    27.6806    6.65742    6.66385         19 0.0000e+00
      17877    744.818    409.000     3.7098   3.233526     3.7095   3.233397      75.07     0.0176     2.8648     2.5239  33.501831  3.7071090   48.03824  -46.23288    34.8272    34.8259     3.6814     3.6812    27.6815    27.6805    6.65622    6.66209         31 0.0000e+00
      17918    746.550    410.000     3.7090   3.233489     3.7088   3.233373     100.03     0.0145     2.8641     2.5240  33.501831  3.7030952   48.03824  -46.23288    34.8271    34.8259     3.6805     3.6809    27.6815    27.6806    6.65775    6.66353         45 0.0000e+00
      17953    747.998    411.000     3.7076   3.233445     3.7075   3.233351      98.63     0.0100     2.8644     2.5237  33.501831  3.7032967   48.03824  -46.23289    34.8275    34.8265     3.6790     3.6789    27.6820    27.6812    6.66411    6.66308         26 0.0000e+00
      17974    748.861    412.000     3.7077   3.233507     3.7077   3.233413      81.42     0.0123     2.8641     2.5239  33.510853  3.7065766   48.03824  -46.23290    34.8276    34.8265     3.6791     3.6791    27.6821    27.6812    6.66380    6.66570         18 0.0000e+00
      17990    749.553    413.000     3.7074   3.233546     3.7073   3.233434      51.55     0.0170     2.8649     2.5237  33.510986  3.7093642   48.03824  -46.23290    34.8278    34.8266     3.6787     3.6786    27.6823    27.6813    6.66874    6.66533         16 0.0000e+00
      18006    750.190    414.000     3.7063   3.233494     3.7062   3.233365      97.30     0.0167     2.8649     2.5238  33.510632  3.7104304   48.03824  -46.23290    34.8279    34.8264     3.6775     3.6775    27.6825    27.6812    6.67235    6.66911         15 0.0000e+00
      18021    750.840    415.000     3.7032   3.233238     3.7039   3.233188      98.63     0.0155     2.8655     2.5238  33.514561  3.7034583   48.03824  -46.23290    34.8275    34.8262     3.6744     3.6751    27.6825    27.6814    6.67750    6.66996         16 0.0000e+00
      18040    751.615    416.000     3.6981   3.232785     3.6988   3.232706      93.78     0.0128     2.8660     2.5239  33.515133  3.7032967   48.03824  -46.23289    34.8270    34.8253     3.6693     3.6700    27.6826    27.6811    6.67590    6.67078         22 0.0000e+00
      18071    752.900    417.000     3.6925   3.232286     3.6925   3.232157      75.82     0.0154     2.8662     2.5237  33.516083  3.7023859   48.03824  -46.23289    34.8263    34.8250     3.6636     3.6641    27.6826    27.6816    6.67202    6.66712         41 0.0000e+00
      18111    754.592    418.000     3.6885   3.231931     3.6891   3.231879      66.24     0.0148     2.8652     2.5228  33.516499  3.6988347   48.03826  -46.23290    34.8260    34.8247     3.6595     3.6601    27.6828    27.6817    6.66277    6.66483         34 0.0000e+00
      18139    755.750    419.000     3.6867   3.231850     3.6863   3.231729      99.20     0.0132     2.8640     2.5222  33.516483  3.6934323   48.03826  -46.23290    34.8263    34.8253     3.6577     3.6573    27.6832    27.6824    6.66392    6.66631         24 0.0000e+00
      18160    756.636    420.000     3.6888   3.232120     3.6882   3.231984      96.30     0.0141     2.8638     2.5221  33.514309  3.6935287   48.03826  -46.23290    34.8268    34.8258     3.6597     3.6591    27.6834    27.6826    6.66470    6.67119         20 0.0000e+00
      18180    757.475    421.000     3.6903   3.232319     3.6901   3.232202      46.20     0.0137     2.8631     2.5223  33.512100  3.6935287   48.03826  -46.23290    34.8270    34.8259     3.6611     3.6609    27.6834    27.6826    6.66236    6.67453         20 0.0000e+00
      18202    758.355    422.000     3.6960   3.232959     3.6960   3.232913      98.65     0.0144     2.8626     2.5224  33.510490  3.6930845   48.03826  -46.23290    34.8281    34.8276     3.6667     3.6667    27.6837    27.6833    6.66214    6.66760         22 0.0000e+00
      18225    759.334    423.000     3.7024   3.233668     3.7018   3.233520      98.64     0.0170     2.8623     2.5218  33.511795  3.6849291   48.03826  -46.23290    34.8292    34.8281     3.6730     3.6724    27.6840    27.6832    6.66008    6.66154         25 0.0000e+00
      18250    760.378    424.000     3.7046   3.233932     3.7040   3.233790      98.64     0.0179     2.8615     2.5209  33.510033  3.6876750   48.03826  -46.23290    34.8295    34.8285     3.6751     3.6745    27.6840    27.6832    6.66274    6.65556         25 0.0000e+00
      18276    761.438    425.000     3.7057   3.234104     3.7054   3.233988      98.64     0.0195     2.8618     2.5199  33.501827  3.6935325   48.03826  -46.23290    34.8298    34.8288     3.6762     3.6759    27.6841    27.6833    6.66714    6.65740         26 0.0000e+00
      18301    762.496    426.000     3.7061   3.234190     3.7059   3.234070      53.89     0.0146     2.8619     2.5199  33.504749  3.6966422   48.03826  -46.23290    34.8299    34.8287     3.6765     3.6763    27.6842    27.6832    6.66358    6.67208         25 0.0000e+00
      18326    763.557    427.000     3.7056   3.234189     3.7053   3.234057      98.40     0.0183     2.8613     2.5209  33.511936  3.7032609   48.03826  -46.23290    34.8299    34.8287     3.6759     3.6756    27.6843    27.6833    6.66069    6.67472         26 0.0000e+00
      18352    764.616    428.000     3.7014   3.233838     3.7012   3.233692      91.12     0.0162     2.8606     2.5212  33.513538  3.7029090   48.03826  -46.23290    34.8297    34.8282     3.6716     3.6715    27.6845    27.6833    6.66443    6.67623         25 0.0000e+00
      18376    765.635    429.000     3.6953   3.233313     3.6951   3.233184      45.96     0.0136     2.8610     2.5216  33.515850  3.7032926   48.03827  -46.23290    34.8294    34.8281     3.6655     3.6652    27.6848    27.6838    6.67594    6.67464         24 0.0000e+00
      18400    766.642    430.000     3.6911   3.232950     3.6912   3.232822      90.52     0.0119     2.8616     2.5212  33.512833  3.7000518   48.03828  -46.23290    34.8289    34.8273     3.6613     3.6613    27.6849    27.6836    6.67602    6.66746         24 0.0000e+00
      18426    767.706    431.000     3.6857   3.232454     3.6859   3.232361      61.44     0.0149     2.8618     2.5203  33.514256  3.6968532   48.03828  -46.23290    34.8283    34.8269     3.6558     3.6560    27.6849    27.6838    6.67850    6.66644         26 0.0000e+00
      18451    768.741    432.000     3.6819   3.232125     3.6813   3.231929      99.06     0.0157     2.8623     2.5195  33.515274  3.6959598   48.03828  -46.23290    34.8278    34.8261     3.6519     3.6513    27.6849    27.6836    6.68344    6.66941         24 0.0000e+00
      18473    769.652    433.000     3.6752   3.231525     3.6752   3.231404      92.96     0.0177     2.8626     2.5197  33.516464  3.6935658   48.03828  -46.23290    34.8272    34.8257     3.6452     3.6452    27.6851    27.6840    6.68873    6.67529         21 0.0000e+00
      18494    770.534    434.000     3.6746   3.231504     3.6743   3.231362      32.98     0.0167     2.8634     2.5194  33.516483  3.6903028   48.03828  -46.23290    34.8270    34.8257     3.6445     3.6442    27.6851    27.6840    6.68481    6.67437         21 0.0000e+00
      18516    771.474    435.000     3.6634   3.230466     3.6627   3.230222      98.35     0.0170     2.8631     2.5196  33.516483  3.6838000   48.03828  -46.23290    34.8257    34.8231     3.6336     3.6326    27.6851    27.6831    6.68716    6.68031         24 0.0000e+00
      18542    772.522    436.000     3.6537   3.229532     3.6534   3.229391      98.63     0.0199     2.8637     2.5197  33.517048  3.6803746   48.03828  -46.23290    34.8246    34.8232     3.6235     3.6233    27.6853    27.6842    6.69278    6.69341         26 0.0000e+00
      18568    773.614    437.000     3.6530   3.229486     3.6525   3.229344      90.99     0.0200     2.8634     2.5216  33.516479  3.6739323   48.03828  -46.23290    34.8243    34.8232     3.6227     3.6222    27.6851    27.6842    6.68809    6.70276         26 0.0000e+00
      18593    774.686    438.000     3.6518   3.229431     3.6514   3.229287      61.02     0.0173     2.8634     2.5222  33.517048  3.6691153   48.03828  -46.23290    34.8243    34.8231     3.6215     3.6211    27.6852    27.6843    6.69148    6.69622         26 0.0000e+00
      18618    775.721    439.000     3.6507   3.229366     3.6506   3.229257      98.34     0.0175     2.8633     2.5224  33.516487  3.6642625   48.03828  -46.23290    34.8242    34.8230     3.6203     3.6202    27.6853    27.6843    6.69645    6.69797         24 0.0000e+00
      18642    776.714    440.000     3.6487   3.229227     3.6485   3.229095      38.45     0.0184     2.8638     2.5225  33.513920  3.6633708   48.03828  -46.23290    34.8242    34.8228     3.6183     3.6180    27.6854    27.6844    6.69399    6.69452         23 0.0000e+00
      18665    777.671    441.000     3.6471   3.229110     3.6470   3.229006      57.19     0.0163     2.8637     2.5224  33.512657  3.6629488   48.03828  -46.23290    34.8239    34.8228     3.6166     3.6165    27.6854    27.6845    6.69599    6.69840         23 0.0000e+00
      18688    778.628    442.000     3.6470   3.229148     3.6471   3.229059      98.77     0.0183     2.8634     2.5224  33.513939  3.6574116   48.03828  -46.23290    34.8240    34.8228     3.6164     3.6177    27.6855    27.6845    6.69299    6.69974         23 0.0000e+00
      18712    779.634    443.000     3.6468   3.229177     3.6466   3.229064      90.49     0.0208     2.8635     2.5232  33.516506  3.6544304   48.03828  -46.23290    34.8239    34.8228     3.6162     3.6170    27.6854    27.6846    6.69313    6.70966         25 0.0000e+00
      18738    780.718    444.000     3.6470   3.229237     3.6468   3.229124      61.33     0.0188     2.8629     2.5238  33.508820  3.6544566   48.03829  -46.23290    34.8239    34.8228     3.6163     3.6161    27.6854    27.6846    6.69324    6.71035         27 0.0000e+00
      18763    781.763    445.000     3.6466   3.229259     3.6462   3.229113      99.10     0.0185     2.8626     2.5240  33.503033  3.6544566   48.03830  -46.23291    34.8240    34.8228     3.6159     3.6154    27.6856    27.6846    6.69395    6.70258         23 0.0000e+00
      18785    782.678    446.000     3.6459   3.229234     3.6456   3.229111      92.42     0.0157     2.8624     2.5237  33.503933  3.6539855   48.03830  -46.23292    34.8240    34.8229     3.6150     3.6147    27.6856    27.6847    6.69482    6.69862         21 0.0000e+00
      18806    783.539    447.000     3.6454   3.229250     3.6453   3.229132      47.01     0.0146     2.8625     2.5226  33.502533  3.6544552   48.03830  -46.23292    34.8242    34.8228     3.6145     3.6144    27.6858    27.6848    6.69806    6.69983         21 0.0000e+00
      18828    784.444    448.000     3.6448   3.229254     3.6445   3.229125      97.81     0.0161     2.8624     2.5232  33.502468  3.6523671   48.03830  -46.23292    34.8244    34.8231     3.6138     3.6135    27.6861    27.6850    6.70163    6.71040         23 0.0000e+00
      18854    785.522    449.000     3.6444   3.229267     3.6442   3.229147      98.46     0.0189     2.8629     2.5231  33.513145  3.6465383   48.03830  -46.23292    34.8244    34.8231     3.6133     3.6132    27.6861    27.6851    6.70010    6.70172         30 0.0000e+00
      18890    787.033    450.000     3.6437   3.229235     3.6434   3.229112      98.60     0.0144     2.8625     2.5226  33.507389  3.6446266   48.03830  -46.23292    34.8242    34.8231     3.6125     3.6122    27.6861    27.6852    6.70229    6.70587         38 0.0000e+00
      18921    788.325    451.000     3.6337   3.228344     3.6344   3.228261      44.79     0.0127     2.8632     2.5226  33.503498  3.6446886   48.03830  -46.23292    34.8237    34.8219     3.6025     3.6032    27.6866    27.6851    6.70980    6.70804         24 0.0000e+00
      18941    789.181    452.000     3.6295   3.227978     3.6296   3.227889      99.64     0.0142     2.8634     2.5224  33.500233  3.6446886   48.03830  -46.23292    34.8233    34.8220     3.5982     3.5984    27.6867    27.6857    6.70627    6.70484         19 0.0000e+00
      18959    789.913    453.000     3.6289   3.227979     3.6289   3.227857      98.64     0.0106     2.8629     2.5219  33.500107  3.6446886   48.03830  -46.23292    34.8234    34.8219     3.5975     3.5976    27.6869    27.6857    6.70055    6.70339         17 0.0000e+00
      18976    790.636    454.000     3.6273   3.227866     3.6266   3.227691      98.30     0.0097     2.8626     2.5217  33.501808  3.6409428   48.03830  -46.23292    34.8232    34.8218     3.5959     3.5952    27.6869    27.6859    6.70287    6.70191         18 0.0000e+00
      18995    791.416    455.000     3.6268   3.227856     3.6271   3.227789      38.09     0.0122     2.8621     2.5208  33.501831  3.6350846   48.03830  -46.23292    34.8231    34.8219     3.5953     3.5957    27.6868    27.6859    6.70336    6.69203         20 0.0000e+00
      19017    792.348    456.000     3.6237   3.227592     3.6239   3.227491      96.36     0.0132     2.8621     2.5196  33.501831  3.6334028   48.03830  -46.23292    34.8227    34.8212     3.5921     3.5924    27.6868    27.6857    6.70498    6.69688         25 0.0000e+00
      19046    793.546    457.000     3.6232   3.227589     3.6232   3.227492      61.63     0.0097     2.8613     2.5193  33.500542  3.6262670   48.03830  -46.23292    34.8226    34.8215     3.5916     3.5916    27.6868    27.6859    6.70096    6.70301         33 0.0000e+00
      19081    794.994    458.000     3.6237   3.227686     3.6231   3.227538      99.05     0.0157     2.8607     2.5188  33.500973  3.6251428   48.03830  -46.23292    34.8226    34.8215     3.5921     3.5914    27.6868    27.6860    6.70028    6.70248         34 0.0000e+00
      19110    796.210    459.000     3.6217   3.227546     3.6207   3.227350      47.71     0.0211     2.8600     2.5193  33.501846  3.6255672   48.03830  -46.23292    34.8226    34.8213     3.5900     3.5890    27.6870    27.6861    6.70289    6.70949         24 0.0000e+00
      19131    797.092    460.000     3.6181   3.227268     3.6179   3.227124      95.24     0.0228     2.8598     2.5189  33.495602  3.6251485   48.03830  -46.23292    34.8225    34.8211     3.5864     3.5861    27.6873    27.6862    6.70813    6.70925         19 0.0000e+00
      19149    797.852    461.000     3.6168   3.227192     3.6167   3.227082      98.63     0.0221     2.8602     2.5196  33.494507  3.6256940   48.03830  -46.23292    34.8225    34.8213     3.5850     3.5848    27.6874    27.6865    6.71113    6.71363         18 0.0000e+00
      19167    798.598    462.000     3.6132   3.226900     3.6132   3.226747      98.64     0.0178     2.8601     2.5194  33.496925  3.6246188   48.03830  -46.23292    34.8223    34.8205     3.5813     3.5812    27.6876    27.6862    6.71254    6.71253         18 0.0000e+00
      19187    799.401    463.000     3.6057   3.226208     3.6057   3.226068      33.94     0.0160     2.8607     2.5198  33.501736  3.6237738   48.03830  -46.23292    34.8215    34.8198     3.5737     3.5750    27.6877    27.6864    6.71365    6.71681         21 0.0000e+00
      19209    800.349    464.000     3.6009   3.225770     3.6013   3.225697      75.75     0.0178     2.8602     2.5197  33.501831  3.6220732   48.03830  -46.23292    34.8208    34.8195     3.5689     3.5693    27.6877    27.6866    6.70896    6.71658         25 0.0000e+00
