data/CTD/2014/CNV/d017a059.cnv
* Sea-Bird SBE 9 Data File:
* FileName = C:\CTD_ACQUISITION\2014017HUD\ctddata\017A059.hdr
* Software Version Seasave V 7.22.2
* Temperature SN = 5081
* Conductivity SN = 3561
* Number of Bytes Per Scan = 37
* Number of Voltage Words = 4
* Number of Scans Averaged by the Deck Unit = 1
* NMEA Latitude = 43 27.28 N
* NMEA Longitude = 059 59.20 W
* NMEA UTC (Time) = Jul 13 2014 21:54:45
* NMEA baud rate = 9600
** Ship: Hudson
** Cruise: HUD2014017
** Chief_Scientist: Blair Greenan
** Organization: BIO
** Area_of_Operation: Sackville Spur
** Station: 059
** Sounding:  1260
** Event_Comments: LC3, 0
** Microcat calibration cast.
# nquan = 25
# nvalues = 253                         
# units = specified
# name 0 = scan: Scan Count
# name 1 = timeS: Time, Elapsed [seconds]
# name 2 = prDM: Pressure, Digiquartz [db]
# name 3 = t068C: Temperature [ITS-68, deg C]
# name 4 = c0S/m: Conductivity [S/m]
# name 5 = t168C: Temperature, 2 [ITS-68, deg C]
# name 6 = c1S/m: Conductivity, 2 [S/m]
# name 7 = altM: Altimeter [m]
# name 8 = flC: Fluorescence, Chelsea Aqua 3 Chl Con [ug/l]
# name 9 = sbeox0V: Oxygen raw, SBE 43 [V]
# name 10 = sbeox1V: Oxygen raw, SBE 43, 2 [V]
# name 11 = upoly0: Upoly 0, Optode 4330F - O2 D-Phase
# name 12 = upoly1: Upoly 1, Optode 4330F - O2 Temp
# name 13 = latitude: Latitude [deg]
# name 14 = longitude: Longitude [deg]
# name 15 = sal00: Salinity, Practical [PSU]
# name 16 = sal11: Salinity, Practical, 2 [PSU]
# name 17 = potemp068C: Potential Temperature [ITS-68, deg C]
# name 18 = potemp168C: Potential Temperature, 2 [ITS-68, deg C]
# name 19 = sigma-é00: Density [sigma-theta, Kg/m^3]
# name 20 = sigma-é11: Density, 2 [sigma-theta, Kg/m^3]
# name 21 = sbeox0ML/L: Oxygen, SBE 43 [ml/l], WS = 2
# name 22 = sbeox1ML/L: Oxygen, SBE 43, 2 [ml/l], WS = 2
# name 23 = nbin: number of scans per bin
# name 24 = flag: flag
# span 0 =       9195,      17179       
# span 1 =    383.069,    715.758       
# span 2 =      1.000,    253.000       
# span 3 =     3.7274,    16.0199       
# span 4 =   3.029516,   4.017557       
# span 5 =     3.7236,    16.0138       
# span 6 =   3.028044,   4.017413       
# span 7 =      35.84,     100.21       
# span 8 =     0.0085,     0.3433       
# span 9 =     1.9259,     3.5271       
# span 10 =     1.6665,     3.0330      
# span 11 =  28.329720,  39.502422      
# span 12 =  4.3968725,  15.999953      
# span 13 =   43.45538,   43.45596      
# span 14 =  -59.98837,  -59.98776      
# span 15 =    31.5899,    35.3602      
# span 16 =    31.5803,    35.3587      
# span 17 =     3.7242,    16.0195      
# span 18 =     3.7206,    16.0133      
# span 19 =    23.1227,    27.1280      
# span 20 =    23.1167,    27.1269      
# span 21 =    3.35883,    7.40619      
# span 22 =    3.16231,    7.22105      
# span 23 =          5,        137      
# span 24 = 0.0000e+00, 0.0000e+00      
# interval = decibars: 1                
# start_time = Jul 13 2014 21:54:45 [NMEA time, header]
# bad_flag = -9.990e-29
*END*
[from data line 232]
      14671    611.266    233.000    10.8655   3.935167    10.8653   3.934948      98.40     0.0141     1.9942     1.7302  37.882072  10.912087   43.45590  -59.98824    35.3379    35.3359    10.8368    10.8366    27.0689    27.0674    3.44661    3.26733         22 0.0000e+00
      14694    612.203    234.000    10.8636   3.935003    10.8632   3.934741      98.63     0.0182     1.9901     1.7273  37.894180  10.909977   43.45590  -59.98824    35.3376    35.3354    10.8348    10.8344    27.0690    27.0673    3.43384    3.25757         23 0.0000e+00
      14716    613.137    235.000    10.8483   3.933403    10.8489   3.933177      43.28     0.0208     1.9849     1.7235  38.029346  10.902392   43.45590  -59.98826    35.3359    35.3330    10.8194    10.8201    27.0705    27.0681    3.42159    3.24792         22 0.0000e+00
      14738    614.042    236.000    10.8258   3.931069    10.8266   3.930820      98.67     0.0180     1.9808     1.7201  38.030701  10.902320   43.45590  -59.98826    35.3337    35.3304    10.7968    10.7976    27.0728    27.0701    3.42351    3.24103         21 0.0000e+00
      14759    614.937    237.000    10.7801   3.926183    10.7803   3.925709      98.63     0.0221     1.9777     1.7170  38.145081  10.900102   43.45590  -59.98826    35.3283    35.3233    10.7510    10.7513    27.0768    27.0728    3.41874    3.23949         22 0.0000e+00
      14782    615.869    238.000    10.7232   3.920173    10.7243   3.919852      53.26     0.0208     1.9741     1.7144  38.167408  10.899774   43.45590  -59.98826    35.3223    35.3180    10.6941    10.6953    27.0823    27.0788    3.41791    3.23872         23 0.0000e+00
      14806    616.889    239.000    10.6607   3.913486    10.6626   3.913191      90.93     0.0198     1.9714     1.7110  38.254684  10.872826   43.45590  -59.98826    35.3149    35.3101    10.6316    10.6335    27.0877    27.0836    3.41953    3.23376         26 0.0000e+00
      14832    617.966    240.000    10.6157   3.908882    10.6167   3.908720      98.69     0.0178     1.9681     1.7081  38.285049  10.862786   43.45590  -59.98826    35.3115    35.3089    10.5866    10.5876    27.0931    27.0909    3.41163    3.23325         25 0.0000e+00
      14857    618.987    241.000    10.5925   3.906399    10.5951   3.906319      44.53     0.0133     1.9640     1.7059  38.409912  10.783753   43.45590  -59.98826    35.3084    35.3050    10.5633    10.5659    27.0948    27.0918    3.40491    3.23294         23 0.0000e+00
      14878    619.870    242.000    10.5691   3.903949    10.5699   3.903744      97.16     0.0128     1.9617     1.7044  38.431934  10.771176   43.45590  -59.98826    35.3058    35.3030    10.5399    10.5407    27.0970    27.0946    3.40709    3.22565         20 0.0000e+00
      14897    620.655    243.000    10.5570   3.902674    10.5577   3.902477      98.66     0.0115     1.9597     1.7014  38.494816  10.738605   43.45591  -59.98826    35.3042    35.3015    10.5276    10.5284    27.0979    27.0957    3.39744    3.20836         18 0.0000e+00
      14915    621.405    244.000    10.5499   3.901962    10.5499   3.901722      97.45     0.0149     1.9566     1.6976  38.549324  10.706557   43.45592  -59.98826    35.3034    35.3010    10.5204    10.5205    27.0986    27.0966    3.38311    3.19670         18 0.0000e+00
      14934    622.204    245.000    10.5460   3.901601    10.5463   3.901413      39.51     0.0175     1.9525     1.6941  38.553955  10.706035   43.45592  -59.98826    35.3031    35.3009    10.5164    10.5167    27.0991    27.0972    3.37111    3.18852         21 0.0000e+00
      14959    623.254    246.000    10.5422   3.901257    10.5415   3.900961      96.53     0.0202     1.9468     1.6895  38.641037  10.657070   43.45592  -59.98826    35.3029    35.3005    10.5125    10.5118    27.0995    27.0979    3.35883    3.18115         31 0.0000e+00
      14992    624.617    247.000    10.5235   3.899349    10.5245   3.899175      68.38     0.0201     1.9418     1.6848  38.685715  10.647513   43.45592  -59.98828    35.3012    35.2985    10.4937    10.4947    27.1016    27.0993    3.36981    3.17674         33 0.0000e+00
      15022    625.883    248.000    10.5041   3.897395    10.5059   3.897352      88.46     0.0165     1.9406     1.6826  38.724174  10.636337   43.45592  -59.98828    35.2998    35.2976    10.4742    10.4761    27.1039    27.1019    3.37891    3.18568         27 0.0000e+00
      15046    626.885    249.000    10.4653   3.893238    10.4689   3.892866      98.52     0.0085     1.9411     1.6819  38.818817  10.623186   43.45592  -59.98828    35.2948    35.2885    10.4354    10.4396    27.1068    27.1015    3.38301    3.18416         22 0.0000e+00
      15067    627.762    250.000    10.3480   3.881087    10.3592   3.881637      59.80     0.0128     1.9402     1.6806  38.839367  10.619086   43.45592  -59.98828    35.2849    35.2803    10.3181    10.3300    27.1198    27.1143    3.38524    3.19367         20 0.0000e+00
      15088    628.639    251.000    10.3191   3.878105    10.3223   3.878084      75.21     0.0167     1.9393     1.6808  38.907227  10.597901   43.45592  -59.98828    35.2822    35.2789    10.2892    10.2925    27.1227    27.1195    3.38255    3.20051         22 0.0000e+00
      15361    640.016    252.000    10.2996   3.876196    10.3028   3.876275      92.45     0.0180     1.9342     1.6777  39.141483  10.498849   43.45592  -59.98829    35.2813    35.2790    10.2696    10.2728    27.1254    27.1231    3.37484    3.19246         86 0.0000e+00
      17179    715.758    253.000    10.2803   3.874297    10.2774   3.873814      86.44     0.0117     1.9259     1.6665  39.502422  10.335941   43.45596  -59.98837    35.2803    35.2782    10.2502    10.2473    27.1280    27.1269    3.36170    3.16231        137 0.0000e+00
