data/CTD/2014/CNV/d017a013.cnv
* Sea-Bird SBE 9 Data File:
* FileName = C:\CTD_ACQUISITION\2014017HUD\ctddata\017A013.hdr
* Software Version Seasave V 7.22.2
* Temperature SN = 5081
* Conductivity SN = 3561
* Number of Bytes Per Scan = 37
* Number of Voltage Words = 4
* Number of Scans Averaged by the Deck Unit = 1
* NMEA Latitude = 52 49.18 N
* NMEA Longitude = 051 25.44 W
* NMEA UTC (Time) = Jul 03 2014 23:45:42
* NMEA baud rate = 9600
** Ship: Hudson
** Cruise: HUD2014017
** Chief_Scientist: Blair Greenan
** Organization: BIO
** Area_of_Operation: Sackville Spur
** Station: 013
** Sounding:  1581
** Event_Comments: K7, 403035
# nquan = 25
# nvalues = 1642                        
# units = specified
# name 0 = scan: Scan Count
# name 1 = timeS: Time, Elapsed [seconds]
# name 2 = prDM: Pressure, Digiquartz [db]
# name 3 = t068C: Temperature [ITS-68, deg C]
# name 4 = c0S/m: Conductivity [S/m]
# name 5 = t168C: Temperature, 2 [ITS-68, deg C]
# name 6 = c1S/m: Conductivity, 2 [S/m]
# name 7 = altM: Altimeter [m]
# name 8 = flC: Fluorescence, Chelsea Aqua 3 Chl Con [ug/l]
# name 9 = sbeox0V: Oxygen raw, SBE 43 [V]
# name 10 = sbeox1V: Oxygen raw, SBE 43, 2 [V]
# name 11 = upoly0: Upoly 0, Optode 4330F - O2 D-Phase
# name 12 = upoly1: Upoly 1, Optode 4330F - O2 Temp
# name 13 = latitude: Latitude [deg]
# name 14 = longitude: Longitude [deg]
# name 15 = sal00: Salinity, Practical [PSU]
# name 16 = sal11: Salinity, Practical, 2 [PSU]
# name 17 = potemp068C: Potential Temperature [ITS-68, deg C]
# name 18 = potemp168C: Potential Temperature, 2 [ITS-68, deg C]
# name 19 = sigma-é00: Density [sigma-theta, Kg/m^3]
# name 20 = sigma-é11: Density, 2 [sigma-theta, Kg/m^3]
# name 21 = sbeox0ML/L: Oxygen, SBE 43 [ml/l], WS = 2
# name 22 = sbeox1ML/L: Oxygen, SBE 43, 2 [ml/l], WS = 2
# name 23 = nbin: number of scans per bin
# name 24 = flag: flag
# span 0 =       5830,      47424       
# span 1 =    242.861,   1975.976       
# span 2 =      2.000,   1643.000       
# span 3 =     3.3394,     5.9286       
# span 4 =   3.072360,   3.365187       
# span 5 =     3.3384,     5.9288       
# span 6 =   3.072705,   3.365617       
# span 7 =       3.10,     107.62       
# span 8 =     0.0058,     0.3494       
# span 9 =     2.3959,     3.6592       
# span 10 =     2.1184,     3.2074      
# span 11 =  29.985849,  34.940079      
# span 12 =  2.7412505,  5.7642817      
# span 13 =   52.81761,   52.81958      
# span 14 =  -51.42244,  -51.41138      
# span 15 =    32.6500,    34.9151      
# span 16 =    32.6482,    34.9140      
# span 17 =     3.2146,     5.9266      
# span 18 =     3.2140,     5.9268      
# span 19 =    25.8066,    27.7964      
# span 20 =    25.8053,    27.7958      
# span 21 =    6.29377,    8.59479      
# span 22 =    6.27233,    8.59085      
# span 23 =         11,         85      
# span 24 = 0.0000e+00, 0.0000e+00      
# interval = decibars: 1                
# start_time = Jul 03 2014 23:45:42 [NMEA time, header]
# bad_flag = -9.990e-29
*END*
[from data line 1102]
      33103   1379.264   1104.000     3.5350   3.252282     3.5346   3.252120      81.86     0.0163     2.6305     2.3270  33.974892  3.5274725   52.81832  -51.41420    34.8725    34.8710     3.4539     3.4535    27.7402    27.7391    6.59398    6.59713         14 0.0000e+00
      33121   1380.010   1105.000     3.5352   3.252325     3.5347   3.252170      97.14     0.0178     2.6304     2.3269  33.975338  3.5274725   52.81832  -51.41420    34.8723    34.8710     3.4539     3.4535    27.7401    27.7390    6.59361    6.60513         25 0.0000e+00
      33178   1382.380   1106.000     3.5354   3.252394     3.5350   3.252237      98.62     0.0159     2.6301     2.3274  33.977196  3.5251951   52.81834  -51.41418    34.8724    34.8709     3.4541     3.4538    27.7401    27.7389    6.59296    6.60361         43 0.0000e+00
      33200   1383.280   1107.000     3.5353   3.252436     3.5350   3.252288      98.64     0.0176     2.6300     2.3266  33.985409  3.5274854   52.81834  -51.41418    34.8725    34.8711     3.4540     3.4536    27.7402    27.7391    6.59606    6.59426         16 0.0000e+00
      33215   1383.924   1108.000     3.5356   3.252506     3.5351   3.252358      78.82     0.0181     2.6304     2.3257  33.985348  3.5274725   52.81834  -51.41417    34.8725    34.8712     3.4541     3.4537    27.7402    27.7392    6.59554    6.59135         15 0.0000e+00
      33230   1384.554   1109.000     3.5356   3.252552     3.5351   3.252401      85.19     0.0144     2.6297     2.3252  33.985348  3.5274725   52.81834  -51.41416    34.8725    34.8712     3.4540     3.4536    27.7402    27.7392    6.59306    6.59283         16 0.0000e+00
      33247   1385.264   1110.000     3.5357   3.252589     3.5352   3.252435      98.14     0.0138     2.6300     2.3248  33.977180  3.5274725   52.81834  -51.41416    34.8724    34.8711     3.4540     3.4535    27.7401    27.7391    6.59514    6.59447         19 0.0000e+00
      33274   1386.361   1111.000     3.5358   3.252650     3.5354   3.252493      94.97     0.0152     2.6296     2.3242  33.980156  3.5269418   52.81834  -51.41416    34.8724    34.8710     3.4541     3.4537    27.7401    27.7391    6.59445    6.59260         35 0.0000e+00
      33307   1387.770   1112.000     3.5360   3.252708     3.5356   3.252554      88.58     0.0141     2.6295     2.3233  33.985504  3.5267704   52.81835  -51.41416    34.8725    34.8711     3.4542     3.4538    27.7402    27.7391    6.59409    6.59305         28 0.0000e+00
      33330   1388.714   1113.000     3.5361   3.252776     3.5357   3.252627      91.68     0.0158     2.6291     2.3230  33.991123  3.5269811   52.81836  -51.41416    34.8726    34.8713     3.4542     3.4538    27.7403    27.7392    6.59209    6.59265         20 0.0000e+00
      33350   1389.552   1114.000     3.5364   3.252851     3.5360   3.252705      90.11     0.0189     2.6288     2.3225  33.996986  3.5274544   52.81836  -51.41415    34.8727    34.8714     3.4545     3.4541    27.7403    27.7393    6.58687    6.59684         21 0.0000e+00
      33377   1390.649   1115.000     3.5368   3.252926     3.5363   3.252771      84.21     0.0139     2.6279     2.3228  33.994995  3.5274725   52.81836  -51.41414    34.8727    34.8713     3.4547     3.4543    27.7403    27.7393    6.58241    6.59639         34 0.0000e+00
      33414   1392.227   1116.000     3.5369   3.252975     3.5365   3.252830      88.76     0.0161     2.6262     2.3217  33.984505  3.5274725   52.81836  -51.41414    34.8726    34.8713     3.4548     3.4544    27.7402    27.7392    6.57990    6.58220         32 0.0000e+00
      33437   1393.149   1117.000     3.5368   3.253039     3.5365   3.252900      98.87     0.0197     2.6259     2.3207  34.002106  3.5274725   52.81836  -51.41412    34.8730    34.8716     3.4546     3.4543    27.7405    27.7394    6.57602    6.58039         17 0.0000e+00
      33452   1393.794   1118.000     3.5373   3.253145     3.5374   3.253073      90.38     0.0178     2.6243     2.3202  34.003914  3.5274725   52.81836  -51.41412    34.8732    34.8722     3.4550     3.4551    27.7406    27.7399    6.56794    6.57828         15 0.0000e+00
      33466   1394.373   1119.000     3.5388   3.253371     3.5385   3.253239      82.30     0.0169     2.6245     2.3196  34.003384  3.5274725   52.81836  -51.41412    34.8738    34.8725     3.4564     3.4561    27.7410    27.7400    6.56907    6.57635         13 0.0000e+00
      33480   1394.961   1120.000     3.5392   3.253458     3.5385   3.253278      98.72     0.0169     2.6231     2.3190  34.005875  3.5274725   52.81837  -51.41412    34.8739    34.8725     3.4567     3.4560    27.7411    27.7400    6.57054    6.57938         15 0.0000e+00
      33497   1395.652   1121.000     3.5394   3.253529     3.5390   3.253374      98.64     0.0170     2.6228     2.3185  34.006916  3.5274725   52.81838  -51.41412    34.8740    34.8726     3.4568     3.4564    27.7411    27.7400    6.56985    6.58027         19 0.0000e+00
      33528   1396.938   1122.000     3.5399   3.253603     3.5395   3.253457      82.69     0.0197     2.6216     2.3178  34.007568  3.5274725   52.81838  -51.41412    34.8739    34.8726     3.4572     3.4568    27.7410    27.7400    6.56970    6.57664         48 0.0000e+00
      33573   1398.831   1123.000     3.5416   3.253875     3.5411   3.253723     100.43     0.0216     2.6203     2.3161  34.007572  3.5278440   52.81838  -51.41410    34.8748    34.8735     3.4588     3.4584    27.7416    27.7405    6.57299    6.56940         29 0.0000e+00
      33594   1399.696   1124.000     3.5434   3.254144     3.5431   3.254019      98.64     0.0175     2.6198     2.3158  34.005848  3.5274696   52.81838  -51.41410    34.8756    34.8744     3.4605     3.4603    27.7420    27.7411    6.55567    6.57745         20 0.0000e+00
      33612   1400.470   1125.000     3.5445   3.254313     3.5441   3.254174      98.64     0.0130     2.6185     2.3156  34.005699  3.5274725   52.81838  -51.41410    34.8760    34.8747     3.4615     3.4612    27.7422    27.7412    6.54878    6.57798         18 0.0000e+00
      33631   1401.263   1126.000     3.5440   3.254299     3.5436   3.254136      98.63     0.0141     2.6172     2.3156  34.013115  3.5279560   52.81840  -51.41410    34.8758    34.8743     3.4610     3.4605    27.7421    27.7410    6.55342    6.57376         20 0.0000e+00
      33653   1402.185   1127.000     3.5435   3.254265     3.5427   3.254074      76.56     0.0141     2.6163     2.3147  34.007339  3.5303159   52.81840  -51.41408    34.8754    34.8740     3.4604     3.4596    27.7419    27.7408    6.55272    6.56651         24 0.0000e+00
      33677   1403.169   1128.000     3.5440   3.254365     3.5433   3.254218      82.99     0.0152     2.6145     2.3138  34.018238  3.5328603   52.81840  -51.41408    34.8756    34.8744     3.4608     3.4602    27.7420    27.7411    6.54974    6.56464         22 0.0000e+00
      33698   1404.025   1129.000     3.5466   3.254745     3.5455   3.254510      99.11     0.0167     2.6149     2.3133  34.022495  3.5352550   52.81840  -51.41408    34.8768    34.8752     3.4633     3.4622    27.7427    27.7415    6.55535    6.55830         19 0.0000e+00
      33716   1404.781   1130.000     3.5466   3.254775     3.5459   3.254586      89.47     0.0172     2.6139     2.3119  34.028576  3.5361683   52.81840  -51.41408    34.8767    34.8751     3.4632     3.4625    27.7426    27.7415    6.53641    6.54944         18 0.0000e+00
      33735   1405.567   1131.000     3.5479   3.254980     3.5472   3.254817      88.50     0.0158     2.6120     2.3109  34.034756  3.5353959   52.81840  -51.41408    34.8772    34.8759     3.4644     3.4638    27.7430    27.7419    6.54071    6.55070         21 0.0000e+00
      33762   1406.720   1132.000     3.5494   3.255188     3.5492   3.255056      88.78     0.0169     2.6115     2.3094  34.035278  3.5361612   52.81841  -51.41407    34.8776    34.8762     3.4659     3.4656    27.7431    27.7420    6.55240    6.54449         39 0.0000e+00
      33807   1408.577   1133.000     3.5498   3.255261     3.5494   3.255115      85.88     0.0145     2.6113     2.3079  34.037418  3.5373421   52.81842  -51.41406    34.8775    34.8762     3.4662     3.4657    27.7430    27.7420    6.55227    6.55631         37 0.0000e+00
      33832   1409.640   1134.000     3.5503   3.255380     3.5497   3.255191      88.99     0.0165     2.6109     2.3080  34.039631  3.5372405   52.81842  -51.41406    34.8779    34.8763     3.4666     3.4659    27.7433    27.7421    6.55306    6.56710         20 0.0000e+00
      33851   1410.403   1135.000     3.5504   3.255435     3.5499   3.255261      80.60     0.0149     2.6108     2.3090  34.036076  3.5372405   52.81842  -51.41406    34.8779    34.8764     3.4666     3.4661    27.7433    27.7422    6.55576    6.57183         17 0.0000e+00
      33867   1411.078   1136.000     3.5503   3.255475     3.5500   3.255327      99.04     0.0165     2.6110     2.3089  34.055374  3.5372405   52.81844  -51.41404    34.8780    34.8766     3.4664     3.4661    27.7433    27.7423    6.55714    6.56823         16 0.0000e+00
      33883   1411.746   1137.000     3.5507   3.255549     3.5502   3.255391      98.64     0.0139     2.6107     2.3094  34.056873  3.5372405   52.81844  -51.41404    34.8780    34.8766     3.4667     3.4662    27.7433    27.7423    6.55477    6.55998         17 0.0000e+00
      33901   1412.480   1138.000     3.5510   3.255620     3.5506   3.255472      97.89     0.0136     2.6107     2.3083  34.059311  3.5382409   52.81844  -51.41404    34.8780    34.8767     3.4669     3.4665    27.7433    27.7423    6.55282    6.54535         19 0.0000e+00
      33921   1413.344   1139.000     3.5511   3.255675     3.5505   3.255499      82.23     0.0137     2.6100     2.3074  34.061710  3.5372770   52.81842  -51.41404    34.8780    34.8765     3.4670     3.4664    27.7433    27.7422    6.55042    6.55381         23 0.0000e+00
      33949   1414.480   1140.000     3.5516   3.255760     3.5510   3.255591      97.74     0.0197     2.6098     2.3071  34.064243  3.5383618   52.81842  -51.41402    34.8780    34.8766     3.4674     3.4668    27.7433    27.7422    6.54975    6.55127         33 0.0000e+00
      33993   1416.344   1141.000     3.5525   3.255887     3.5519   3.255726      61.36     0.0164     2.6074     2.3055  34.063656  3.5394888   52.81844  -51.41402    34.8780    34.8767     3.4682     3.4676    27.7432    27.7422    6.52912    6.54547         49 0.0000e+00
      34028   1417.785   1142.000     3.5526   3.255971     3.5521   3.255792     100.48     0.0094     2.6053     2.3048  34.067154  3.5469182   52.81844  -51.41401    34.8784    34.8769     3.4682     3.4676    27.7435    27.7424    6.52668    6.54115         21 0.0000e+00
      34045   1418.490   1143.000     3.5521   3.255968     3.5521   3.255848      98.63     0.0114     2.6047     2.3038  34.065922  3.5432999   52.81844  -51.41400    34.8784    34.8770     3.4676     3.4676    27.7435    27.7425    6.53497    6.53067         16 0.0000e+00
      34059   1419.068   1144.000     3.5522   3.256025     3.5518   3.255877      74.29     0.0101     2.6045     2.3027  34.062092  3.5491123   52.81844  -51.41400    34.8785    34.8771     3.4676     3.4673    27.7436    27.7426    6.53737    6.52620         13 0.0000e+00
      34071   1419.600   1145.000     3.5544   3.256317     3.5535   3.256142      84.59     0.0118     2.6041     2.3022  34.065907  3.5462167   52.81844  -51.41400    34.8792    34.8780     3.4697     3.4688    27.7440    27.7431    6.53377    6.52294         12 0.0000e+00
      34085   1420.147   1146.000     3.5618   3.257164     3.5605   3.256949      95.06     0.0116     2.6040     2.3010  34.066982  3.5470097   52.81844  -51.41400    34.8809    34.8797     3.4769     3.4757    27.7446    27.7438    6.52942    6.51769         14 0.0000e+00
      34101   1420.817   1147.000     3.5644   3.257472     3.5629   3.257222      98.45     0.0104     2.6030     2.3002  34.078491  3.5446935   52.81844  -51.41400    34.8813    34.8798     3.4794     3.4780    27.7447    27.7437    6.52452    6.52287         20 0.0000e+00
      34155   1423.065   1148.000     3.5625   3.257300     3.5634   3.257309      95.53     0.0130     2.5998     2.2985  34.084675  3.5457418   52.81845  -51.41399    34.8807    34.8799     3.4775     3.4784    27.7444    27.7437    6.51402    6.52602         36 0.0000e+00
      34198   1424.871   1149.000     3.5664   3.257802     3.5660   3.257698      83.77     0.0138     2.5974     2.2971  34.082745  3.5533128   52.81846  -51.41398    34.8820    34.8810     3.4813     3.4851    27.7451    27.7444    6.50545    6.52125         17 0.0000e+00
      34214   1425.523   1150.000     3.5707   3.258332     3.5710   3.258274      84.57     0.0120     2.5968     2.2969  34.096329  3.5567877   52.81846  -51.41398    34.8833    34.8823     3.4855     3.4857    27.7457    27.7449    6.49595    6.52166         14 0.0000e+00
      34227   1426.097   1151.000     3.5742   3.258765     3.5740   3.258637      98.97     0.0076     2.5952     2.2967  34.092331  3.5567765   52.81846  -51.41396    34.8842    34.8829     3.4889     3.4886    27.7461    27.7451    6.49261    6.51859         13 0.0000e+00
      34240   1426.643   1152.000     3.5749   3.258879     3.5745   3.258723      98.63     0.0086     2.5944     2.2963  34.095226  3.5567765   52.81847  -51.41396    34.8844    34.8830     3.4894     3.4890    27.7462    27.7451    6.48515    6.51291         14 0.0000e+00
      34254   1427.211   1153.000     3.5752   3.258962     3.5748   3.258819      77.69     0.0112     2.5922     2.2955  34.096252  3.5567765   52.81848  -51.41396    34.8845    34.8832     3.4897     3.4893    27.7462    27.7453    6.48823    6.50872         14 0.0000e+00
      34270   1427.875   1154.000     3.5756   3.259036     3.5752   3.258888      61.47     0.0140     2.5926     2.2949  34.096062  3.5567765   52.81848  -51.41396    34.8844    34.8831     3.4900     3.4896    27.7462    27.7452    6.50514    6.50812         18 0.0000e+00
      34308   1429.472   1155.000     3.5759   3.259079     3.5753   3.258923      90.15     0.0126     2.5919     2.2940  34.113701  3.5581021   52.81848  -51.41394    34.8842    34.8829     3.4902     3.4896    27.7460    27.7450    6.50524    6.51462         54 0.0000e+00
      34361   1431.650   1156.000     3.5755   3.259104     3.5749   3.258929      83.77     0.0123     2.5916     2.2931  34.125397  3.5670133   52.81849  -51.41394    34.8843    34.8829     3.4897     3.4891    27.7461    27.7451    6.50927    6.50408         23 0.0000e+00
      34378   1432.395   1157.000     3.5757   3.259168     3.5753   3.259021      98.98     0.0154     2.5914     2.2922  34.124977  3.5665445   52.81850  -51.41392    34.8844    34.8831     3.4899     3.4894    27.7461    27.7452    6.50660    6.50299         17 0.0000e+00
      34395   1433.076   1158.000     3.5765   3.259289     3.5760   3.259129      98.63     0.0167     2.5912     2.2916  34.121735  3.5665445   52.81850  -51.41392    34.8845    34.8831     3.4905     3.4900    27.7462    27.7451    6.50623    6.50789         16 0.0000e+00
      34410   1433.723   1159.000     3.5768   3.259366     3.5762   3.259197      89.62     0.0179     2.5910     2.2917  34.121796  3.5665445   52.81849  -51.41392    34.8846    34.8832     3.4907     3.4901    27.7462    27.7452    6.50921    6.51133         16 0.0000e+00
      34427   1434.404   1160.000     3.5766   3.259385     3.5761   3.259224      78.92     0.0177     2.5913     2.2913  34.123222  3.5665445   52.81848  -51.41392    34.8845    34.8831     3.4905     3.4900    27.7462    27.7451    6.51196    6.50494         17 0.0000e+00
