data/CTD/2014/CNV/d017a025.cnv
* Sea-Bird SBE 9 Data File:
* FileName = C:\CTD_ACQUISITION\2014017HUD\ctddata\017A025.hdr
* Software Version Seasave V 7.22.2
* Temperature SN = 5081
* Conductivity SN = 3561
* Number of Bytes Per Scan = 37
* Number of Voltage Words = 4
* Number of Scans Averaged by the Deck Unit = 1
* NMEA Latitude = 48 58.39 N
* NMEA Longitude = 045 52.48 W
* NMEA UTC (Time) = Jul 06 2014 19:01:08
* NMEA baud rate = 9600
** Ship: Hudson 8
** Cruise: HUD2014017
** Chief_Scientist: Blair Greenan
** Organization: BIO
** Area_of_Operation: Sackville Spur
** Station: 025
** Sounding:  2478
** Event_Comments: SS-29 403142
# nquan = 25
# nvalues = 2572                        
# units = specified
# name 0 = scan: Scan Count
# name 1 = timeS: Time, Elapsed [seconds]
# name 2 = prDM: Pressure, Digiquartz [db]
# name 3 = t068C: Temperature [ITS-68, deg C]
# name 4 = c0S/m: Conductivity [S/m]
# name 5 = t168C: Temperature, 2 [ITS-68, deg C]
# name 6 = c1S/m: Conductivity, 2 [S/m]
# name 7 = altM: Altimeter [m]
# name 8 = flC: Fluorescence, Chelsea Aqua 3 Chl Con [ug/l]
# name 9 = sbeox0V: Oxygen raw, SBE 43 [V]
# name 10 = sbeox1V: Oxygen raw, SBE 43, 2 [V]
# name 11 = upoly0: Upoly 0, Optode 4330F - O2 D-Phase
# name 12 = upoly1: Upoly 1, Optode 4330F - O2 Temp
# name 13 = latitude: Latitude [deg]
# name 14 = longitude: Longitude [deg]
# name 15 = sal00: Salinity, Practical [PSU]
# name 16 = sal11: Salinity, Practical, 2 [PSU]
# name 17 = potemp068C: Potential Temperature [ITS-68, deg C]
# name 18 = potemp168C: Potential Temperature, 2 [ITS-68, deg C]
# name 19 = sigma-é00: Density [sigma-theta, Kg/m^3]
# name 20 = sigma-é11: Density, 2 [sigma-theta, Kg/m^3]
# name 21 = sbeox0ML/L: Oxygen, SBE 43 [ml/l], WS = 2
# name 22 = sbeox1ML/L: Oxygen, SBE 43, 2 [ml/l], WS = 2
# name 23 = nbin: number of scans per bin
# name 24 = flag: flag
# span 0 =       8342,      74996       
# span 1 =    347.526,   3124.794       
# span 2 =      1.000,   2572.000       
# span 3 =     2.4709,     8.2954       
# span 4 =   3.090193,   3.520637       
# span 5 =     2.4701,     8.2951       
# span 6 =   3.090033,   3.520341       
# span 7 =       1.54,     101.68       
# span 8 =     0.0064,     0.5105       
# span 9 =     2.1839,     3.6234       
# span 10 =     1.9336,     3.1390      
# span 11 =  30.056112,  35.568081      
# span 12 =  2.4617813,  8.3358212      
# span 13 =   48.97428,   48.97790      
# span 14 =  -45.87384,  -45.87120      
# span 15 =    33.6291,    34.9170      
# span 16 =    33.6258,    34.9158      
# span 17 =     2.2756,     8.2936      
# span 18 =     2.2748,     8.2933      
# span 19 =    26.1539,    27.8732      
# span 20 =    26.1514,    27.8729      
# span 21 =    6.25321,    7.92405      
# span 22 =    6.22870,    7.78629      
# span 23 =         14,         95      
# span 24 = 0.0000e+00, 0.0000e+00      
# interval = decibars: 1                
# start_time = Jul 06 2014 19:01:08 [NMEA time, header]
# bad_flag = -9.990e-29
*END*
[from data line 638]
      25804   1075.115    639.000     3.6023   3.235645     3.6021   3.235504      98.50     0.0140     2.7995     2.4731  33.604374  3.6194403   48.97466  -45.87134    34.8443    34.8428     3.5573     3.5571    27.7075    27.7064    6.68884    6.71229         17 0.0000e+00
      25821   1075.848    640.000     3.6020   3.235666     3.6016   3.235504      98.63     0.0145     2.7993     2.4730  33.601170  3.6154201   48.97466  -45.87134    34.8443    34.8428     3.5569     3.5566    27.7076    27.7064    6.69132    6.70406         18 0.0000e+00
      25840   1076.621    641.000     3.6025   3.235762     3.6022   3.235610      98.63     0.0172     2.7996     2.4723  33.601311  3.6153846   48.97466  -45.87134    34.8444    34.8429     3.5574     3.5570    27.7076    27.7065    6.68972    6.69683         19 0.0000e+00
      25859   1077.425    642.000     3.6042   3.235985     3.6038   3.235828      98.63     0.0185     2.7989     2.4714  33.613720  3.6038482   48.97466  -45.87134    34.8447    34.8433     3.5590     3.5586    27.7077    27.7066    6.68622    6.69981         20 0.0000e+00
      25880   1078.282    643.000     3.6058   3.236191     3.6053   3.236032      98.21     0.0150     2.7988     2.4714  33.613083  3.6042633   48.97466  -45.87134    34.8450    34.8435     3.5605     3.5600    27.7078    27.7067    6.68904    6.70097         22 0.0000e+00
      25908   1079.457    644.000     3.6057   3.236232     3.6053   3.236069      98.58     0.0103     2.7985     2.4706  33.605480  3.6003263   48.97466  -45.87134    34.8450    34.8435     3.5603     3.5599    27.7078    27.7066    6.68656    6.70022         38 0.0000e+00
      25958   1081.548    645.000     3.6058   3.236276     3.6054   3.236124      98.63     0.0123     2.7977     2.4697  33.601902  3.6042044   48.97466  -45.87134    34.8449    34.8435     3.5603     3.5600    27.7077    27.7066    6.68467    6.69523         47 0.0000e+00
      25989   1082.828    646.000     3.6055   3.236303     3.6051   3.236153      98.63     0.0183     2.7971     2.4690  33.598942  3.6056914   48.97466  -45.87134    34.8451    34.8437     3.5599     3.5595    27.7079    27.7068    6.68862    6.69855         22 0.0000e+00
      26008   1083.606    647.000     3.6054   3.236341     3.6050   3.236194      98.63     0.0182     2.7972     2.4689  33.596573  3.6056166   48.97466  -45.87134    34.8451    34.8437     3.5598     3.5594    27.7079    27.7068    6.68506    6.70141         17 0.0000e+00
      26024   1084.289    648.000     3.6053   3.236380     3.6050   3.236237      98.33     0.0193     2.7968     2.4690  33.584866  3.6056166   48.97466  -45.87134    34.8451    34.8437     3.5596     3.5594    27.7079    27.7068    6.67885    6.70260         16 0.0000e+00
      26040   1084.964    649.000     3.6059   3.236477     3.6056   3.236346      98.07     0.0186     2.7961     2.4689  33.600216  3.6056166   48.97466  -45.87134    34.8451    34.8439     3.5601     3.5598    27.7079    27.7070    6.66829    6.70224         17 0.0000e+00
      26058   1085.707    650.000     3.6078   3.236733     3.6076   3.236613      98.63     0.0174     2.7941     2.4689  33.599770  3.6051033   48.97466  -45.87134    34.8457    34.8444     3.5619     3.5617    27.7082    27.7072    6.66643    6.69626         19 0.0000e+00
      26079   1086.566    651.000     3.6094   3.236967     3.6092   3.236837      98.63     0.0171     2.7939     2.4679  33.597729  3.6056185   48.97466  -45.87134    34.8461    34.8448     3.5635     3.5633    27.7084    27.7074    6.67507    6.68921         22 0.0000e+00
      26102   1087.537    652.000     3.6120   3.237270     3.6114   3.237104      98.63     0.0153     2.7930     2.4669  33.598923  3.5981684   48.97466  -45.87134    34.8466    34.8451     3.5659     3.5654    27.7085    27.7074    6.66711    6.68284         24 0.0000e+00
      26126   1088.525    653.000     3.6147   3.237602     3.6144   3.237480      98.63     0.0146     2.7919     2.4655  33.596451  3.5966554   48.97466  -45.87134    34.8470    34.8460     3.5686     3.5701    27.7086    27.7078    6.66468    6.67863         24 0.0000e+00
      26150   1089.554    654.000     3.6225   3.238449     3.6213   3.238233      98.63     0.0119     2.7903     2.4645  33.586445  3.6047988   48.97466  -45.87134    34.8484    34.8471     3.5762     3.5751    27.7089    27.7080    6.65897    6.67943         26 0.0000e+00
      26180   1090.805    655.000     3.6261   3.238884     3.6246   3.238606      98.63     0.0155     2.7894     2.4634  33.586727  3.6056120   48.97467  -45.87134    34.8492    34.8475     3.5798     3.5783    27.7092    27.7080    6.66348    6.67274         34 0.0000e+00
      26213   1092.168    656.000     3.6275   3.239080     3.6275   3.238972      78.22     0.0186     2.7890     2.4623  33.587311  3.6066101   48.97468  -45.87134    34.8495    34.8482     3.5811     3.5811    27.7093    27.7083    6.66525    6.68338         30 0.0000e+00
      26240   1093.281    657.000     3.6324   3.239623     3.6323   3.239519      97.30     0.0180     2.7879     2.4626  33.589153  3.6125920   48.97466  -45.87134    34.8502    34.8491     3.5859     3.5858    27.7094    27.7085    6.66190    6.68337         24 0.0000e+00
      26261   1094.180    658.000     3.6351   3.239937     3.6347   3.239777      98.65     0.0155     2.7885     2.4627  33.588188  3.6154263   48.97466  -45.87134    34.8506    34.8492     3.5885     3.5881    27.7095    27.7084    6.66863    6.68607         19 0.0000e+00
      26280   1094.960    659.000     3.6347   3.239945     3.6346   3.239819      98.63     0.0164     2.7879     2.4628  33.587276  3.6153846   48.97467  -45.87134    34.8507    34.8493     3.5880     3.5879    27.7096    27.7084    6.66273    6.68493         18 0.0000e+00
      26298   1095.689    660.000     3.6363   3.240146     3.6362   3.240034      98.63     0.0171     2.7877     2.4626  33.597908  3.6159284   48.97468  -45.87134    34.8508    34.8496     3.5895     3.5895    27.7095    27.7085    6.66432    6.67927         18 0.0000e+00
      26315   1096.411    661.000     3.6374   3.240319     3.6371   3.240169      98.63     0.0118     2.7876     2.4620  33.599216  3.6153886   48.97468  -45.87134    34.8511    34.8497     3.5906     3.5903    27.7097    27.7085    6.66414    6.67764         17 0.0000e+00
      26333   1097.183    662.000     3.6357   3.240191     3.6357   3.240069      97.94     0.0093     2.7873     2.4618  33.599270  3.6212125   48.97468  -45.87136    34.8509    34.8494     3.5888     3.5888    27.7097    27.7085    6.66591    6.68344         20 0.0000e+00
      26356   1098.119    663.000     3.6348   3.240152     3.6342   3.239977      98.61     0.0116     2.7872     2.4619  33.590008  3.6250446   48.97468  -45.87136    34.8509    34.8494     3.5878     3.5872    27.7098    27.7087    6.67167    6.68265         26 0.0000e+00
      26383   1099.245    664.000     3.6337   3.240094     3.6330   3.239901      98.63     0.0116     2.7876     2.4611  33.598892  3.6251526   48.97468  -45.87136    34.8508    34.8492     3.5867     3.5860    27.7098    27.7086    6.66743    6.67960         26 0.0000e+00
      26406   1100.212    665.000     3.6318   3.239945     3.6312   3.239767      98.63     0.0131     2.7867     2.4611  33.597416  3.6251526   48.97468  -45.87136    34.8506    34.8491     3.5846     3.5841    27.7098    27.7087    6.66297    6.67969         21 0.0000e+00
      26426   1101.052    666.000     3.6299   3.239822     3.6294   3.239651      98.63     0.0152     2.7864     2.4602  33.599972  3.6251526   48.97468  -45.87136    34.8506    34.8490     3.5827     3.5823    27.7100    27.7088    6.67078    6.67150         20 0.0000e+00
      26449   1102.003    667.000     3.6297   3.239840     3.6293   3.239687      98.63     0.0202     2.7863     2.4595  33.599010  3.6251526   48.97468  -45.87136    34.8505    34.8491     3.5824     3.5820    27.7100    27.7089    6.66871    6.67584         27 0.0000e+00
      26491   1103.750    668.000     3.6294   3.239860     3.6290   3.239699      93.65     0.0224     2.7858     2.4593  33.611050  3.6234527   48.97468  -45.87136    34.8505    34.8490     3.5821     3.5817    27.7100    27.7088    6.66789    6.68182         53 0.0000e+00
      26531   1105.411    669.000     3.6291   3.239887     3.6286   3.239716      82.14     0.0206     2.7860     2.4589  33.605320  3.6248226   48.97468  -45.87136    34.8506    34.8491     3.5817     3.5812    27.7101    27.7090    6.66447    6.67457         25 0.0000e+00
      26551   1106.262    670.000     3.6292   3.239941     3.6289   3.239790      99.22     0.0200     2.7849     2.4581  33.592533  3.6251671   48.97468  -45.87136    34.8506    34.8492     3.5817     3.5814    27.7101    27.7090    6.66208    6.67136         18 0.0000e+00
      26568   1106.953    671.000     3.6293   3.239995     3.6290   3.239846      98.63     0.0196     2.7847     2.4577  33.605587  3.6251526   48.97468  -45.87136    34.8507    34.8492     3.5817     3.5814    27.7102    27.7091    6.66748    6.67551         16 0.0000e+00
      26583   1107.589    672.000     3.6291   3.240016     3.6288   3.239872      98.63     0.0129     2.7846     2.4578  33.619171  3.6251526   48.97468  -45.87136    34.8506    34.8492     3.5815     3.5811    27.7101    27.7091    6.66728    6.67904         15 0.0000e+00
      26598   1108.225    673.000     3.6293   3.240078     3.6289   3.239925      98.63     0.0128     2.7842     2.4576  33.619961  3.6251526   48.97468  -45.87136    34.8506    34.8492     3.5816     3.5812    27.7101    27.7091    6.66752    6.68119         16 0.0000e+00
      26615   1108.902    674.000     3.6295   3.240136     3.6291   3.239989      98.63     0.0161     2.7845     2.4579  33.619068  3.6245899   48.97468  -45.87136    34.8505    34.8492     3.5817     3.5813    27.7101    27.7091    6.67084    6.68423         17 0.0000e+00
      26633   1109.678    675.000     3.6292   3.240151     3.6287   3.239997      98.63     0.0164     2.7843     2.4578  33.619049  3.6208038   48.97468  -45.87136    34.8505    34.8492     3.5813     3.5809    27.7101    27.7091    6.66945    6.68020         20 0.0000e+00
      26656   1110.611    676.000     3.6291   3.240192     3.6289   3.240069      98.63     0.0179     2.7839     2.4573  33.619049  3.6220083   48.97468  -45.87136    34.8506    34.8493     3.5812     3.5810    27.7102    27.7091    6.66487    6.67758         25 0.0000e+00
      26683   1111.736    677.000     3.6303   3.240366     3.6303   3.240244      95.30     0.0196     2.7831     2.4569  33.619549  3.6157978   48.97468  -45.87136    34.8508    34.8494     3.5823     3.5823    27.7102    27.7091    6.66248    6.67873         29 0.0000e+00
      26716   1113.119    678.000     3.6299   3.240368     3.6296   3.240224      63.36     0.0154     2.7818     2.4570  33.624966  3.6195917   48.97468  -45.87136    34.8507    34.8494     3.5818     3.5815    27.7102    27.7092    6.65816    6.68459         37 0.0000e+00
      26752   1114.645    679.000     3.6327   3.240726     3.6320   3.240546      99.62     0.0129     2.7816     2.4571  33.628628  3.6247165   48.97468  -45.87136    34.8516    34.8502     3.5845     3.5863    27.7106    27.7096    6.66785    6.68100         34 0.0000e+00
      26781   1115.840    680.000     3.6338   3.240887     3.6334   3.240738      94.31     0.0148     2.7814     2.4566  33.618999  3.6251557   48.97468  -45.87136    34.8518    34.8504     3.5855     3.5852    27.7107    27.7096    6.66270    6.67465         25 0.0000e+00
      26804   1116.781    681.000     3.6339   3.240946     3.6335   3.240791      98.63     0.0112     2.7811     2.4556  33.619049  3.6251526   48.97468  -45.87136    34.8518    34.8504     3.5856     3.5851    27.7107    27.7097    6.66688    6.67213         20 0.0000e+00
      26822   1117.562    682.000     3.6339   3.241009     3.6335   3.240852      98.57     0.0120     2.7811     2.4556  33.619049  3.6251526   48.97468  -45.87136    34.8520    34.8506     3.5855     3.5851    27.7109    27.7098    6.66637    6.67656         17 0.0000e+00
      26839   1118.250    683.000     3.6339   3.241056     3.6336   3.240914      98.48     0.0127     2.7811     2.4551  33.619049  3.6251526   48.97468  -45.87136    34.8521    34.8507     3.5855     3.5851    27.7109    27.7099    6.66430    6.67220         16 0.0000e+00
      26855   1118.909    684.000     3.6340   3.241106     3.6337   3.240963      98.49     0.0144     2.7806     2.4546  33.619049  3.6251526   48.97468  -45.87138    34.8521    34.8507     3.5854     3.5852    27.7109    27.7098    6.65850    6.67382         16 0.0000e+00
      26871   1119.599    685.000     3.6341   3.241156     3.6338   3.241016      98.51     0.0171     2.7799     2.4546  33.621471  3.6251526   48.97468  -45.87138    34.8520    34.8506     3.5855     3.5852    27.7109    27.7098    6.65989    6.67967         18 0.0000e+00
      26891   1120.401    686.000     3.6340   3.241187     3.6337   3.241040      98.47     0.0167     2.7798     2.4546  33.621151  3.6251526   48.97468  -45.87138    34.8520    34.8505     3.5853     3.5850    27.7109    27.7097    6.66836    6.68331         21 0.0000e+00
      26916   1121.442    687.000     3.6330   3.241139     3.6329   3.241000      98.39     0.0144     2.7801     2.4548  33.623058  3.6251526   48.97470  -45.87138    34.8519    34.8504     3.5842     3.5841    27.7109    27.7097    6.67260    6.68344         29 0.0000e+00
      26944   1122.635    688.000     3.6324   3.241126     3.6321   3.240968      98.35     0.0131     2.7802     2.4548  33.623940  3.6251526   48.97470  -45.87138    34.8519    34.8504     3.5836     3.5832    27.7110    27.7098    6.67000    6.68038         27 0.0000e+00
      26970   1123.709    689.000     3.6324   3.241171     3.6320   3.241011      98.32     0.0128     2.7801     2.4544  33.623737  3.6251526   48.97470  -45.87138    34.8519    34.8504     3.5835     3.5831    27.7110    27.7098    6.66699    6.67700         25 0.0000e+00
      26998   1124.884    690.000     3.6320   3.241183     3.6317   3.241032      98.56     0.0153     2.7792     2.4535  33.621334  3.6251526   48.97470  -45.87138    34.8519    34.8505     3.5830     3.5827    27.7111    27.7100    6.66129    6.67106         33 0.0000e+00
      27036   1126.453    691.000     3.6318   3.241203     3.6314   3.241052      98.21     0.0183     2.7786     2.4526  33.618610  3.6251526   48.97470  -45.87138    34.8519    34.8505     3.5827     3.5823    27.7111    27.7100    6.66741    6.67741         39 0.0000e+00
      27068   1127.805    692.000     3.6315   3.241229     3.6312   3.241078      98.52     0.0186     2.7787     2.4527  33.619675  3.6251526   48.97470  -45.87138    34.8520    34.8505     3.5823     3.5820    27.7112    27.7101    6.66694    6.67665         25 0.0000e+00
      27089   1128.686    693.000     3.6315   3.241272     3.6311   3.241131      98.41     0.0159     2.7778     2.4523  33.619022  3.6251526   48.97470  -45.87138    34.8520    34.8507     3.5822     3.5819    27.7112    27.7102    6.66412    6.67547         18 0.0000e+00
      27106   1129.360    694.000     3.6316   3.241331     3.6312   3.241187      74.26     0.0155     2.7781     2.4522  33.621819  3.6251526   48.97470  -45.87138    34.8521    34.8508     3.5822     3.5819    27.7113    27.7103    6.66636    6.67693         16 0.0000e+00
      27120   1129.964    695.000     3.6318   3.241408     3.6315   3.241261      72.00     0.0142     2.7775     2.4520  33.620136  3.6251526   48.97470  -45.87138    34.8522    34.8508     3.5824     3.5821    27.7113    27.7102    6.66329    6.67426         14 0.0000e+00
