data/CTD/2014/CNV/d017a031.cnv
* Sea-Bird SBE 9 Data File:
* FileName = C:\CTD_ACQUISITION\2014017HUD\ctddata\017A031.hdr
* Software Version Seasave V 7.22.2
* Temperature SN = 5081
* Conductivity SN = 3561
* Number of Bytes Per Scan = 37
* Number of Voltage Words = 4
* Number of Scans Averaged by the Deck Unit = 1
* NMEA Latitude = 48 42.12 N
* NMEA Longitude = 045 35.33 W
* NMEA UTC (Time) = Jul 07 2014 07:43:15
* NMEA baud rate = 9600
** Ship: Hudson
** Cruise: HUD2014017
** Chief_Scientist: Blair Greenan
** Organization: BIO
** Area_of_Operation: Sackville Spur
** Station: 031
** Sounding:  1094
** Event_Comments: SS_23, 403182
# nquan = 25
# nvalues = 1117                        
# units = specified
# name 0 = scan: Scan Count
# name 1 = timeS: Time, Elapsed [seconds]
# name 2 = prDM: Pressure, Digiquartz [db]
# name 3 = t068C: Temperature [ITS-68, deg C]
# name 4 = c0S/m: Conductivity [S/m]
# name 5 = t168C: Temperature, 2 [ITS-68, deg C]
# name 6 = c1S/m: Conductivity, 2 [S/m]
# name 7 = altM: Altimeter [m]
# name 8 = flC: Fluorescence, Chelsea Aqua 3 Chl Con [ug/l]
# name 9 = sbeox0V: Oxygen raw, SBE 43 [V]
# name 10 = sbeox1V: Oxygen raw, SBE 43, 2 [V]
# name 11 = upoly0: Upoly 0, Optode 4330F - O2 D-Phase
# name 12 = upoly1: Upoly 1, Optode 4330F - O2 Temp
# name 13 = latitude: Latitude [deg]
# name 14 = longitude: Longitude [deg]
# name 15 = sal00: Salinity, Practical [PSU]
# name 16 = sal11: Salinity, Practical, 2 [PSU]
# name 17 = potemp068C: Potential Temperature [ITS-68, deg C]
# name 18 = potemp168C: Potential Temperature, 2 [ITS-68, deg C]
# name 19 = sigma-é00: Density [sigma-theta, Kg/m^3]
# name 20 = sigma-é11: Density, 2 [sigma-theta, Kg/m^3]
# name 21 = sbeox0ML/L: Oxygen, SBE 43 [ml/l], WS = 2
# name 22 = sbeox1ML/L: Oxygen, SBE 43, 2 [ml/l], WS = 2
# name 23 = nbin: number of scans per bin
# name 24 = flag: flag
# span 0 =       3995,      34816       
# span 1 =    166.421,   1450.618       
# span 2 =      2.000,   1118.000       
# span 3 =    -0.2630,     8.3991       
# span 4 =   2.779106,   3.549120       
# span 5 =    -0.2631,     8.4121       
# span 6 =   2.778956,   3.551260       
# span 7 =       1.41,     108.51       
# span 8 =     0.0019,     1.7303       
# span 9 =     2.5391,     3.5837       
# span 10 =     2.2450,     3.0690      
# span 11 =  29.897392,  34.566441      
# span 12 =  0.3208145,  8.9536934      
# span 13 =   48.70224,   48.70342      
# span 14 =  -45.58901,  -45.58768      
# span 15 =    33.4367,    34.9095      
# span 16 =    33.4299,    34.9089      
# span 17 =    -0.2639,     8.3981      
# span 18 =    -0.2639,     8.4112      
# span 19 =    26.3000,    27.7558      
# span 20 =    26.2990,    27.7553      
# span 21 =    6.29304,    8.55008      
# span 22 =    6.28712,    8.47222      
# span 23 =         12,         86      
# span 24 = 0.0000e+00, 0.0000e+00      
# interval = decibars: 1                
# start_time = Jul 07 2014 07:43:15 [NMEA time, header]
# bad_flag = -9.990e-29
*END*
[from data line 870]
      27179   1132.416    872.000     3.7497   3.262710     3.7492   3.262613      72.83     0.0290     2.6654     2.3564  34.043957  3.7511864   48.70332  -45.58790    34.8885    34.8879     3.6856     3.6852    27.7299    27.7295    6.45903    6.46727         20 0.0000e+00
      27201   1133.349    873.000     3.7499   3.262766     3.7495   3.262687      89.67     0.0275     2.6660     2.3557  34.043957  3.7494495   48.70332  -45.58790    34.8884    34.8879     3.6858     3.6854    27.7298    27.7295    6.46731    6.46217         25 0.0000e+00
      27229   1134.503    874.000     3.7500   3.262831     3.7496   3.262747      71.27     0.0222     2.6651     2.3548  34.043957  3.7500575   48.70332  -45.58790    34.8886    34.8880     3.6858     3.6854    27.7300    27.7295    6.45715    6.46701         28 0.0000e+00
      27253   1135.486    875.000     3.7502   3.262921     3.7497   3.262809      98.79     0.0201     2.6644     2.3548  34.043957  3.7511673   48.70332  -45.58790    34.8889    34.8881     3.6860     3.6855    27.7302    27.7296    6.45871    6.47350         20 0.0000e+00
      27271   1136.241    876.000     3.7511   3.263064     3.7504   3.262951      98.65     0.0182     2.6641     2.3549  34.043957  3.7504215   48.70332  -45.58790    34.8892    34.8885     3.6867     3.6860    27.7303    27.7299    6.46103    6.47073         17 0.0000e+00
      27287   1136.937    877.000     3.7521   3.263231     3.7517   3.263136      98.64     0.0154     2.6641     2.3548  34.045628  3.7509699   48.70332  -45.58790    34.8896    34.8889     3.6876     3.6872    27.7306    27.7301    6.46004    6.46448         17 0.0000e+00
      27307   1137.732    878.000     3.7526   3.263322     3.7522   3.263240      65.69     0.0159     2.6632     2.3540  34.049114  3.7512362   48.70332  -45.58790    34.8896    34.8890     3.6880     3.6877    27.7306    27.7301    6.45679    6.46347         22 0.0000e+00
      27352   1139.614    879.000     3.7530   3.263401     3.7526   3.263316     100.72     0.0172     2.6623     2.3528  34.057175  3.7518539   48.70332  -45.58790    34.8895    34.8890     3.6884     3.6880    27.7305    27.7301    6.45379    6.45673         61 0.0000e+00
      27391   1141.243    880.000     3.7531   3.263476     3.7527   3.263390      98.65     0.0154     2.6612     2.3514  34.059429  3.7521472   48.70332  -45.58790    34.8898    34.8892     3.6885     3.6881    27.7307    27.7302    6.45289    6.45424         20 0.0000e+00
      27409   1141.985    881.000     3.7536   3.263578     3.7532   3.263495      98.64     0.0150     2.6610     2.3510  34.063931  3.7521367   48.70332  -45.58790    34.8900    34.8895     3.6889     3.6884    27.7308    27.7304    6.44496    6.44825         17 0.0000e+00
      27425   1142.660    882.000     3.7540   3.263671     3.7537   3.263600      53.73     0.0143     2.6598     2.3497  34.058506  3.7521367   48.70332  -45.58790    34.8901    34.8897     3.6892     3.6888    27.7309    27.7305    6.44028    6.44088         16 0.0000e+00
      27441   1143.321    883.000     3.7545   3.263778     3.7540   3.263687      94.32     0.0131     2.6589     2.3491  34.058609  3.7521367   48.70332  -45.58790    34.8904    34.8899     3.6896     3.6891    27.7310    27.7307    6.43757    6.44269         16 0.0000e+00
      27458   1144.033    884.000     3.7545   3.263844     3.7541   3.263751      98.59     0.0142     2.6577     2.3483  34.059372  3.7521367   48.70332  -45.58790    34.8906    34.8899     3.6895     3.6891    27.7312    27.7307    6.43597    6.44357         19 0.0000e+00
      27478   1144.892    885.000     3.7543   3.263875     3.7539   3.263784      97.77     0.0169     2.6571     2.3476  34.058632  3.7521367   48.70331  -45.58790    34.8907    34.8901     3.6892     3.6888    27.7313    27.7308    6.44023    6.44769         23 0.0000e+00
      27505   1146.006    886.000     3.7534   3.263858     3.7531   3.263762      72.87     0.0163     2.6562     2.3475  34.061501  3.7521367   48.70330  -45.58790    34.8909    34.8902     3.6883     3.6879    27.7316    27.7310    6.43998    6.45243         30 0.0000e+00
      27535   1147.253    887.000     3.7527   3.263856     3.7524   3.263772      78.80     0.0185     2.6555     2.3471  34.070755  3.7521367   48.70330  -45.58790    34.8912    34.8905     3.6874     3.6871    27.7319    27.7314    6.44133    6.45150         29 0.0000e+00
      27562   1148.383    888.000     3.7519   3.263840     3.7514   3.263742      89.51     0.0213     2.6546     2.3472  34.073280  3.7521367   48.70330  -45.58790    34.8913    34.8907     3.6866     3.6861    27.7321    27.7316    6.43794    6.45495         25 0.0000e+00
      27584   1149.309    889.000     3.7511   3.263820     3.7506   3.263727      98.61     0.0199     2.6542     2.3469  34.073261  3.7521367   48.70330  -45.58790    34.8914    34.8908     3.6857     3.6852    27.7322    27.7318    6.43478    6.45174         20 0.0000e+00
      27604   1150.122    890.000     3.7503   3.263804     3.7497   3.263704      89.59     0.0152     2.6529     2.3468  34.073261  3.7521367   48.70330  -45.58790    34.8915    34.8910     3.6848     3.6843    27.7324    27.7320    6.43880    6.44842         19 0.0000e+00
      27623   1150.917    891.000     3.7499   3.263813     3.7494   3.263718      67.21     0.0160     2.6534     2.3459  34.073975  3.7521367   48.70330  -45.58790    34.8915    34.8909     3.6844     3.6839    27.7324    27.7320    6.44453    6.44038         20 0.0000e+00
      27645   1151.831    892.000     3.7493   3.263813     3.7490   3.263718      97.13     0.0174     2.6528     2.3452  34.073853  3.7521367   48.70330  -45.58790    34.8916    34.8908     3.6837     3.6834    27.7326    27.7320    6.43923    6.44235         25 0.0000e+00
      27676   1153.139    893.000     3.7481   3.263738     3.7479   3.263660      81.01     0.0172     2.6523     2.3442  34.083385  3.7513270   48.70330  -45.58790    34.8916    34.8908     3.6824     3.6837    27.7327    27.7321    6.43769    6.44168         36 0.0000e+00
      27708   1154.468    894.000     3.7472   3.263709     3.7468   3.263620      66.68     0.0155     2.6524     2.3437  34.088703  3.7509501   48.70330  -45.58790    34.8916    34.8910     3.6815     3.6832    27.7328    27.7323    6.45308    6.44982         25 0.0000e+00
      27729   1155.316    895.000     3.7467   3.263704     3.7462   3.263607      98.77     0.0142     2.6523     2.3441  34.087910  3.7521417   48.70330  -45.58790    34.8916    34.8910     3.6808     3.6803    27.7329    27.7324    6.44279    6.45131         18 0.0000e+00
      27745   1156.020    896.000     3.7465   3.263741     3.7461   3.263634      98.63     0.0157     2.6522     2.3438  34.092487  3.7521367   48.70330  -45.58790    34.8917    34.8909     3.6806     3.6801    27.7330    27.7324    6.43577    6.44767         16 0.0000e+00
      27761   1156.686    897.000     3.7459   3.263726     3.7453   3.263619      48.50     0.0149     2.6513     2.3436  34.088837  3.7521367   48.70330  -45.58790    34.8917    34.8910     3.6799     3.6793    27.7330    27.7325    6.42721    6.44458         16 0.0000e+00
      27779   1157.405    898.000     3.7445   3.263630     3.7442   3.263540      96.08     0.0148     2.6499     2.3431  34.102341  3.7496080   48.70330  -45.58790    34.8914    34.8908     3.6785     3.6781    27.7330    27.7325    6.42877    6.43910         19 0.0000e+00
      27802   1158.364    899.000     3.7411   3.263339     3.7414   3.263312      98.55     0.0143     2.6498     2.3420  34.102566  3.7504056   48.70328  -45.58790    34.8911    34.8904     3.6750     3.6753    27.7330    27.7325    6.44372    6.43087         29 0.0000e+00
      27840   1159.940    900.000     3.7390   3.263181     3.7386   3.263080      76.13     0.0160     2.6502     2.3400  34.102177  3.7418880   48.70328  -45.58790    34.8909    34.8902     3.6728     3.6724    27.7331    27.7326    6.44642    6.43412         40 0.0000e+00
      27872   1161.272    901.000     3.7380   3.263125     3.7369   3.262964      96.46     0.0140     2.6504     2.3401  34.102577  3.7423687   48.70328  -45.58792    34.8908    34.8901     3.6717     3.6706    27.7332    27.7327    6.44777    6.44775         26 0.0000e+00
      27895   1162.270    902.000     3.7370   3.263078     3.7364   3.262972      24.97     0.0191     2.6504     2.3403  34.102566  3.7423687   48.70328  -45.58792    34.8908    34.8901     3.6707     3.6701    27.7333    27.7328    6.44692    6.44801         24 0.0000e+00
      27919   1163.232    903.000     3.7356   3.262991     3.7349   3.262846      82.57     0.0171     2.6496     2.3405  34.102566  3.7423687   48.70328  -45.58792    34.8907    34.8898     3.6692     3.6685    27.7333    27.7327    6.43772    6.44716         22 0.0000e+00
      27941   1164.148    904.000     3.7320   3.262671     3.7318   3.262584      99.05     0.0163     2.6492     2.3405  34.102566  3.7423687   48.70328  -45.58792    34.8902    34.8894     3.6655     3.6653    27.7333    27.7327    6.43844    6.44792         21 0.0000e+00
      27961   1164.979    905.000     3.7310   3.262618     3.7305   3.262519      90.27     0.0152     2.6487     2.3405  34.110474  3.7376239   48.70328  -45.58792    34.8901    34.8895     3.6645     3.6640    27.7333    27.7329    6.43902    6.44304         19 0.0000e+00
      27979   1165.743    906.000     3.7303   3.262609     3.7299   3.262517      48.77     0.0155     2.6481     2.3396  34.117348  3.7341640   48.70328  -45.58792    34.8902    34.8896     3.6637     3.6633    27.7335    27.7330    6.44162    6.44290         18 0.0000e+00
      27997   1166.500    907.000     3.7306   3.262687     3.7302   3.262594      98.76     0.0173     2.6479     2.3398  34.117218  3.7331154   48.70328  -45.58792    34.8903    34.8897     3.6639     3.6635    27.7335    27.7331    6.44070    6.44531         19 0.0000e+00
      28018   1167.372    908.000     3.7334   3.263023     3.7333   3.262990      98.64     0.0151     2.6475     2.3393  34.118404  3.7326143   48.70328  -45.58792    34.8908    34.8906     3.6666     3.6665    27.7337    27.7335    6.44002    6.44115         24 0.0000e+00
      28049   1168.687    909.000     3.7373   3.263463     3.7366   3.263352      77.19     0.0166     2.6473     2.3389  34.117256  3.7326007   48.70328  -45.58792    34.8915    34.8909     3.6704     3.6697    27.7338    27.7334    6.44188    6.44598         40 0.0000e+00
      28086   1170.209    910.000     3.7344   3.263231     3.7333   3.263047      99.29     0.0161     2.6471     2.3394  34.119297  3.7315607   48.70328  -45.58792    34.8912    34.8903     3.6674     3.6663    27.7339    27.7333    6.44661    6.45456         29 0.0000e+00
      28110   1171.229    911.000     3.7297   3.262813     3.7284   3.262620      81.26     0.0142     2.6471     2.3397  34.119312  3.7345178   48.70328  -45.58792    34.8907    34.8898     3.6627     3.6614    27.7340    27.7334    6.44756    6.45340         21 0.0000e+00
      28130   1172.045    912.000     3.7282   3.262706     3.7277   3.262599      70.18     0.0166     2.6475     2.3397  34.119534  3.7367225   48.70328  -45.58792    34.8905    34.8898     3.6611     3.6606    27.7340    27.7335    6.44781    6.45560         19 0.0000e+00
      28148   1172.786    913.000     3.7278   3.262722     3.7272   3.262601      58.04     0.0170     2.6471     2.3399  34.121513  3.7360528   48.70328  -45.58792    34.8906    34.8899     3.6606     3.6600    27.7341    27.7336    6.44779    6.45638         17 0.0000e+00
      28165   1173.515    914.000     3.7247   3.262486     3.7247   3.262405      91.15     0.0168     2.6470     2.3399  34.119675  3.7326264   48.70328  -45.58792    34.8905    34.8896     3.6574     3.6575    27.7343    27.7337    6.44948    6.45129         18 0.0000e+00
      28184   1174.298    915.000     3.7191   3.261966     3.7168   3.261649      75.18     0.0183     2.6469     2.3395  34.122295  3.7326007   48.70328  -45.58792    34.8899    34.8888     3.6518     3.6523    27.7344    27.7338    6.45573    6.45182         20 0.0000e+00
      28206   1175.223    916.000     3.7151   3.261660     3.7138   3.261386      81.05     0.0152     2.6473     2.3393  34.129883  3.7250149   48.70326  -45.58792    34.8893    34.8880     3.6484     3.6466    27.7343    27.7335    6.45156    6.45601         25 0.0000e+00
      28236   1176.464    917.000     3.7067   3.260814     3.7056   3.260650      98.42     0.0119     2.6472     2.3393  34.134399  3.7225735   48.70326  -45.58792    34.8883    34.8874     3.6393     3.6399    27.7344    27.7338    6.45951    6.46011         34 0.0000e+00
      28269   1177.837    918.000     3.7062   3.260804     3.7062   3.260744      63.99     0.0166     2.6476     2.3395  34.149887  3.7210138   48.70326  -45.58792    34.8881    34.8876     3.6388     3.6428    27.7343    27.7339    6.45930    6.46405         28 0.0000e+00
      28292   1178.812    919.000     3.7071   3.260946     3.7065   3.260829      99.30     0.0139     2.6473     2.3396  34.141483  3.7176480   48.70326  -45.58792    34.8883    34.8875     3.6396     3.6390    27.7344    27.7338    6.45698    6.46291         21 0.0000e+00
      28312   1179.619    920.000     3.7041   3.260701     3.7040   3.260604      98.64     0.0157     2.6474     2.3397  34.131935  3.7130969   48.70326  -45.58792    34.8881    34.8871     3.6366     3.6421    27.7345    27.7338    6.45174    6.46900         19 0.0000e+00
      28331   1180.434    921.000     3.7026   3.260594     3.7017   3.260451      42.02     0.0165     2.6468     2.3402  34.131187  3.7130647   48.70326  -45.58792    34.8879    34.8871     3.6350     3.6343    27.7345    27.7340    6.45050    6.47081         21 0.0000e+00
      28355   1181.397    922.000     3.7014   3.260517     3.7010   3.260422      84.00     0.0138     2.6462     2.3400  34.131851  3.7080894   48.70326  -45.58792    34.8878    34.8871     3.6337     3.6333    27.7345    27.7340    6.45025    6.46111         25 0.0000e+00
      28381   1182.512    923.000     3.7034   3.260782     3.7018   3.260570      98.80     0.0143     2.6452     2.3390  34.132416  3.7087317   48.70326  -45.58792    34.8882    34.8874     3.6356     3.6340    27.7347    27.7342    6.44909    6.45071         27 0.0000e+00
      28407   1183.567    924.000     3.7041   3.260896     3.7031   3.260751      59.22     0.0167     2.6446     2.3380  34.131863  3.7089958   48.70326  -45.58792    34.8883    34.8876     3.6363     3.6353    27.7347    27.7343    6.44387    6.45662         24 0.0000e+00
      28431   1184.580    925.000     3.7074   3.261300     3.7059   3.261114      98.32     0.0141     2.6437     2.3381  34.131866  3.7091570   48.70326  -45.58792    34.8891    34.8885     3.6395     3.6379    27.7350    27.7347    6.44115    6.45766         25 0.0000e+00
      28456   1185.622    926.000     3.7078   3.261389     3.7073   3.261296      98.64     0.0114     2.6429     2.3372  34.131866  3.7060421   48.70326  -45.58792    34.8893    34.8887     3.6397     3.6393    27.7352    27.7347    6.44474    6.44978         25 0.0000e+00
      28480   1186.630    927.000     3.7079   3.261455     3.7074   3.261367      56.56     0.0113     2.6429     2.3367  34.131866  3.7079782   48.70326  -45.58792    34.8894    34.8889     3.6397     3.6393    27.7353    27.7349    6.45648    6.44913         23 0.0000e+00
      28502   1187.550    928.000     3.7079   3.261489     3.7077   3.261421      99.14     0.0143     2.6436     2.3358  34.133274  3.7098243   48.70326  -45.58792    34.8893    34.8887     3.6397     3.6394    27.7352    27.7348    6.45006    6.44589         21 0.0000e+00
