data/CTD/2014/CNV/d017a030.cnv
* Sea-Bird SBE 9 Data File:
* FileName = C:\CTD_ACQUISITION\2014017HUD\ctddata\017A030.hdr
* Software Version Seasave V 7.22.2
* Temperature SN = 5081
* Conductivity SN = 3561
* Number of Bytes Per Scan = 37
* Number of Voltage Words = 4
* Number of Scans Averaged by the Deck Unit = 1
* NMEA Latitude = 48 45.33 N
* NMEA Longitude = 045 38.35 W
* NMEA UTC (Time) = Jul 07 2014 06:14:51
* NMEA baud rate = 9600
** Ship: Hudson
** Cruise: HUD2014017
** Chief_Scientist: Blair Greenan
** Organization: BIO
** Area_of_Operation: Sackville Spur
** Station: 030
** Sounding:  1323
** Event_Comments: SS_24, 403179
# nquan = 25
# nvalues = 1363                        
# units = specified
# name 0 = scan: Scan Count
# name 1 = timeS: Time, Elapsed [seconds]
# name 2 = prDM: Pressure, Digiquartz [db]
# name 3 = t068C: Temperature [ITS-68, deg C]
# name 4 = c0S/m: Conductivity [S/m]
# name 5 = t168C: Temperature, 2 [ITS-68, deg C]
# name 6 = c1S/m: Conductivity, 2 [S/m]
# name 7 = altM: Altimeter [m]
# name 8 = flC: Fluorescence, Chelsea Aqua 3 Chl Con [ug/l]
# name 9 = sbeox0V: Oxygen raw, SBE 43 [V]
# name 10 = sbeox1V: Oxygen raw, SBE 43, 2 [V]
# name 11 = upoly0: Upoly 0, Optode 4330F - O2 D-Phase
# name 12 = upoly1: Upoly 1, Optode 4330F - O2 Temp
# name 13 = latitude: Latitude [deg]
# name 14 = longitude: Longitude [deg]
# name 15 = sal00: Salinity, Practical [PSU]
# name 16 = sal11: Salinity, Practical, 2 [PSU]
# name 17 = potemp068C: Potential Temperature [ITS-68, deg C]
# name 18 = potemp168C: Potential Temperature, 2 [ITS-68, deg C]
# name 19 = sigma-é00: Density [sigma-theta, Kg/m^3]
# name 20 = sigma-é11: Density, 2 [sigma-theta, Kg/m^3]
# name 21 = sbeox0ML/L: Oxygen, SBE 43 [ml/l], WS = 2
# name 22 = sbeox1ML/L: Oxygen, SBE 43, 2 [ml/l], WS = 2
# name 23 = nbin: number of scans per bin
# name 24 = flag: flag
# span 0 =       5110,      41068       
# span 1 =    212.870,   1711.113       
# span 2 =      2.000,   1364.000       
# span 3 =     1.8588,     8.7101       
# span 4 =   3.006964,   3.583927       
# span 5 =     1.8576,     8.7084       
# span 6 =   3.006751,   3.584708       
# span 7 =       2.40,     110.17       
# span 8 =     0.0070,     0.3314       
# span 9 =     2.4643,     3.5103       
# span 10 =     2.1792,     3.0053      
# span 11 =  30.190283,  34.792236      
# span 12 =  2.0329525,  8.7533579      
# span 13 =   48.75605,   48.75832      
# span 14 =  -45.63902,  -45.63728      
# span 15 =    33.7656,    34.9159      
# span 16 =    33.7645,    34.9154      
# span 17 =     1.8560,     8.7079      
# span 18 =     1.8548,     8.7063      
# span 19 =    26.2016,    27.7721      
# span 20 =    26.2008,    27.7716      
# span 21 =    6.26176,    7.85728      
# span 22 =    6.25071,    7.82558      
# span 23 =         10,        107      
# span 24 = 0.0000e+00, 0.0000e+00      
# interval = decibars: 1                
# start_time = Jul 07 2014 06:14:51 [NMEA time, header]
# bad_flag = -9.990e-29
*END*
[from data line 58]
       7985    332.666     60.000     1.9676   3.018554     1.9668   3.018522      97.56     0.0302     2.9907     2.6407  33.408401  2.0329525   48.75642  -45.63886    34.2584    34.2587     1.9645     1.9637    27.3803    27.3806    7.04578    7.10724         88 0.0000e+00
       8052    335.445     61.000     2.0784   3.029819     2.0774   3.030175      95.90     0.0303     2.9913     2.6440  33.444965  2.0914025   48.75642  -45.63886    34.2789    34.2837     2.0752     2.0743    27.3881    27.3920    7.06560    7.12559         40 0.0000e+00
       8084    336.798     62.000     2.2197   3.043906     2.2183   3.044048      98.63     0.0301     2.9983     2.6513  33.443676  2.0997074   48.75642  -45.63886    34.3018    34.3050     2.2163     2.2149    27.3951    27.3978    7.06771    7.12896         32 0.0000e+00
       8124    338.444     63.000     2.2914   3.051024     2.2865   3.050690      98.65     0.0240     3.0029     2.6544  33.437737  2.1444845   48.75644  -45.63886    34.3125    34.3136     2.2880     2.2831    27.3978    27.3991    7.03132    7.08270         52 0.0000e+00
       8178    340.701     64.000     2.4018   3.061777     2.3868   3.060509      95.65     0.0259     2.9999     2.6530  33.440071  2.2331777   48.75644  -45.63886    34.3264    34.3269     2.3983     2.3833    27.3999    27.4015    6.96194    7.04553         44 0.0000e+00
       8213    342.148     65.000     2.5491   3.076381     2.5307   3.075339      98.62     0.0204     2.9982     2.6527  33.447132  2.2716081   48.75644  -45.63886    34.3481    34.3565     2.5455     2.5270    27.4047    27.4130    6.97074    7.03477         33 0.0000e+00
       8256    343.944     66.000     2.8660   3.108162     2.8500   3.107148      94.40     0.0249     3.0020     2.6562  33.423531  2.3502584   48.75644  -45.63886    34.3986    34.4035     2.8621     2.8461    27.4174    27.4227    6.91131    6.97014         61 0.0000e+00
       8332    347.134     67.000     3.1391   3.136298     3.1313   3.135777      96.95     0.0255     2.9863     2.6416  33.358826  2.5966430   48.75646  -45.63886    34.4499    34.4518     3.1350     3.1272    27.4336    27.4359    6.72963    6.79250         71 0.0000e+00
       8381    349.168     68.000     3.3691   3.159866     3.3577   3.159602      97.36     0.0267     2.9722     2.6294  33.302818  2.7728019   48.75646  -45.63886    34.4900    34.4989     3.3648     3.3534    27.4438    27.4521    6.69524    6.75776         35 0.0000e+00
       8409    350.340     69.000     3.6190   3.185442     3.6192   3.186605      92.29     0.0288     2.9691     2.6280  33.280754  2.8425488   48.75646  -45.63886    34.5321    34.5458     3.6144     3.6147    27.4531    27.4640    6.66689    6.72444         25 0.0000e+00
       8434    351.370     70.000     3.7616   3.200126     3.7614   3.200299      98.49     0.0295     2.9682     2.6265  33.263336  2.9198830   48.75646  -45.63885    34.5564    34.5587     3.7569     3.7568    27.4583    27.4601    6.64866    6.69304         26 0.0000e+00
       8484    353.478     71.000     3.7548   3.199487     3.7523   3.199301      95.78     0.0254     2.9669     2.6247  33.208382  3.2179558   48.75646  -45.63884    34.5555    34.5559     3.7500     3.7476    27.4583    27.4588    6.64647    6.69070         53 0.0000e+00
       8567    356.901     72.000     3.7544   3.199339     3.7592   3.199941      98.74     0.0265     2.9646     2.6217  33.253021  3.3787973   48.75647  -45.63884    34.5536    34.5551     3.7496     3.7546    27.4567    27.4574    6.64630    6.67635         28 0.0000e+00
       8592    357.966     73.000     3.7888   3.202817     3.7904   3.203149      92.39     0.0252     2.9639     2.6197  33.254677  3.3843780   48.75648  -45.63884    34.5582    34.5605     3.7839     3.7855    27.4569    27.4586    6.63516    6.66781         29 0.0000e+00
       8636    359.772     74.000     3.8261   3.206565     3.8394   3.208033      96.75     0.0254     2.9635     2.6183  33.251392  3.4690957   48.75648  -45.63884    34.5630    34.5664     3.8211     3.8344    27.4570    27.4584    6.63303    6.66451         63 0.0000e+00
       8699    362.426     75.000     3.8639   3.210364     3.8760   3.211683      96.62     0.0285     2.9611     2.6147  33.273785  3.5546157   48.75648  -45.63884    34.5678    34.5708     3.8588     3.8709    27.4570    27.4581    6.59552    6.61950         50 0.0000e+00
       8739    364.087     76.000     3.8901   3.213000     3.8895   3.213015      58.01     0.0236     2.9549     2.6093  33.287689  3.5714767   48.75650  -45.63884    34.5710    34.5718     3.8849     3.8843    27.4569    27.4576    6.58593    6.61836         38 0.0000e+00
       8779    365.754     77.000     3.9080   3.214844     3.9058   3.214660      85.00     0.0283     2.9565     2.6089  33.296722  3.6231263   48.75650  -45.63884    34.5735    34.5737     3.9027     3.9006    27.4571    27.4574    6.62373    6.63211         41 0.0000e+00
       8818    367.388     78.000     3.9158   3.215723     3.9144   3.215581      92.45     0.0288     2.9596     2.6109  33.296703  3.6842282   48.75650  -45.63884    34.5752    34.5750     3.9105     3.9091    27.4576    27.4575    6.63610    6.65208         37 0.0000e+00
       8854    368.883     79.000     3.8530   3.209677     3.8436   3.208356      82.62     0.0250     2.9644     2.6138  33.298935  3.7234459   48.75650  -45.63882    34.5690    34.5630     3.8476     3.8383    27.4590    27.4553    6.67260    6.67886         38 0.0000e+00
       8917    371.510     80.000     3.6489   3.190125     3.6485   3.189787      89.61     0.0236     2.9744     2.6209  33.337360  3.7227092   48.75650  -45.63882    34.5506    34.5472     3.6436     3.6433    27.4649    27.4623    6.73163    6.74246         85 0.0000e+00
       8983    374.267     81.000     3.5331   3.179120     3.5309   3.178787      97.24     0.0207     2.9832     2.6297  33.384640  3.6273103   48.75652  -45.63882    34.5407    34.5387     3.5278     3.5256    27.4685    27.4671    6.79083    6.80351         44 0.0000e+00
       9025    376.012     82.000     3.5016   3.176459     3.5018   3.176400      90.08     0.0236     2.9894     2.6331  33.396049  3.5767260   48.75652  -45.63882    34.5414    34.5407     3.4963     3.4965    27.4721    27.4715    6.78357    6.79306         46 0.0000e+00
       9072    377.972     83.000     3.4887   3.175534     3.4888   3.175430      86.81     0.0200     2.9892     2.6351  33.409561  3.5305712   48.75652  -45.63882    34.5436    34.5423     3.4834     3.4834    27.4752    27.4741    6.76490    6.80438         42 0.0000e+00
       9107    379.412     84.000     3.4463   3.171776     3.4457   3.171605      53.07     0.0188     2.9874     2.6344  33.391258  3.5173411   48.75652  -45.63882    34.5429    34.5414     3.4409     3.4405    27.4788    27.4776    6.75415    6.78178         29 0.0000e+00
       9135    380.602     85.000     3.4932   3.177041     3.4936   3.177208      92.08     0.0251     2.9857     2.6328  33.408291  3.5103357   48.75654  -45.63882    34.5559    34.5589     3.4877     3.4881    27.4845    27.4869    6.76429    6.78495         32 0.0000e+00
       9206    383.557     86.000     3.5354   3.181542     3.5298   3.181009      92.23     0.0252     2.9929     2.6381  33.379894  3.5160658   48.75654  -45.63881    34.5647    34.5640     3.5298     3.5242    27.4874    27.4874    6.79377    6.80575         59 0.0000e+00
       9258    385.718     87.000     3.4727   3.176188     3.4720   3.175717      98.73     0.0207     2.9953     2.6387  33.355637  3.5375204   48.75654  -45.63881    34.5664    34.5614     3.4670     3.4664    27.4949    27.4910    6.79164    6.80327         22 0.0000e+00
       9280    386.612     88.000     3.4267   3.172145     3.4282   3.172057      94.51     0.0170     2.9964     2.6387  33.355335  3.5372405   48.75654  -45.63880    34.5659    34.5634     3.4211     3.4225    27.4990    27.4968    6.81966    6.82603         24 0.0000e+00
       9339    389.074     89.000     3.3967   3.169434     3.4011   3.169570      94.45     0.0205     2.9999     2.6416  33.355312  3.4998803   48.75655  -45.63880    34.5644    34.5620     3.3913     3.3954    27.5007    27.4983    6.83366    6.84881         44 0.0000e+00
       9402    391.698     90.000     3.3639   3.166489     3.3664   3.166457      94.42     0.0201     3.0022     2.6456  33.355312  3.4487283   48.75656  -45.63880    34.5634    34.5605     3.3582     3.3606    27.5031    27.5005    6.84208    6.87343         21 0.0000e+00
       9422    392.552     91.000     3.3423   3.164400     3.3454   3.164554      88.87     0.0155     3.0035     2.6473  33.332924  3.4624968   48.75656  -45.63880    34.5607    34.5592     3.3365     3.3397    27.5030    27.5015    6.86912    6.90315         22 0.0000e+00
       9472    394.631     92.000     3.3447   3.164593     3.3474   3.164882      93.58     0.0196     3.0044     2.6493  33.332561  3.4389355   48.75657  -45.63880    34.5599    34.5602     3.3389     3.3416    27.5021    27.5021    6.84706    6.87616         56 0.0000e+00
       9569    398.651     93.000     3.3607   3.166343     3.3585   3.166159      98.86     0.0219     2.9871     2.6354  33.319302  3.4033368   48.75658  -45.63880    34.5635    34.5636     3.3547     3.3526    27.5035    27.5037    6.73341    6.77834         36 0.0000e+00
       9596    399.790     94.000     3.4801   3.178705     3.4819   3.179717      90.15     0.0208     2.9804     2.6307  33.309742  3.4098871   48.75658  -45.63880    34.5849    34.5952     3.4741     3.4758    27.5090    27.5170    6.71071    6.75304         27 0.0000e+00
       9622    400.890     95.000     3.6097   3.192084     3.6129   3.192589      94.69     0.0226     2.9761     2.6272  33.297012  3.3911762   48.75658  -45.63880    34.6076    34.6100     3.6034     3.6069    27.5143    27.5159    6.68673    6.72633         27 0.0000e+00
       9651    402.102     96.000     3.5970   3.191002     3.6089   3.192442      82.87     0.0232     2.9726     2.6245  33.277229  3.4315193   48.75658  -45.63880    34.6075    34.6121     3.5907     3.6026    27.5155    27.5180    6.69952    6.73201         31 0.0000e+00
       9688    403.619     97.000     3.6613   3.197893     3.6628   3.198048      86.86     0.0200     2.9712     2.6227  33.239281  3.5210328   48.75658  -45.63880    34.6214    34.6217     3.6549     3.6566    27.5203    27.5203    6.69310    6.72010         43 0.0000e+00
       9753    406.333     98.000     3.6686   3.198781     3.6680   3.198709      94.40     0.0257     2.9683     2.6189  33.250706  3.5888214   48.75660  -45.63880    34.6236    34.6235     3.6622     3.6615    27.5213    27.5212    6.68177    6.70218         91 0.0000e+00
       9845    410.186     99.000     3.6866   3.200772     3.6865   3.200729      72.85     0.0224     2.9652     2.6151  33.271275  3.6184003   48.75661  -45.63878    34.6279    34.6275     3.6801     3.6799    27.5229    27.5226    6.70749    6.73265         73 0.0000e+00
       9892    412.138    100.000     3.6794   3.200245     3.6813   3.200344      87.01     0.0230     2.9803     2.6287  33.280632  3.6281862   48.75662  -45.63878    34.6287    34.6279     3.6728     3.6746    27.5243    27.5234    6.82474    6.83073         31 0.0000e+00
       9918    413.215    101.000     3.6542   3.197879     3.6592   3.198228      94.43     0.0258     2.9897     2.6362  33.297096  3.6350930   48.75662  -45.63878    34.6265    34.6254     3.6475     3.6525    27.5250    27.5237    6.81490    6.81923         24 0.0000e+00
       9941    414.160    102.000     3.6355   3.196120     3.6397   3.196381      98.13     0.0269     2.9929     2.6374  33.298054  3.6376245   48.75662  -45.63878    34.6247    34.6234     3.6288     3.6330    27.5255    27.5240    6.76481    6.77108         22 0.0000e+00
       9963    415.083    103.000     3.5799   3.190822     3.5821   3.190551      81.87     0.0219     2.9895     2.6331  33.310711  3.6446848   48.75662  -45.63878    34.6197    34.6141     3.5731     3.5753    27.5270    27.5223    6.71940    6.72180         23 0.0000e+00
       9992    416.281    104.000     3.4534   3.178890     3.4561   3.178774      96.67     0.0220     2.9823     2.6262  33.315910  3.6302872   48.75662  -45.63878    34.6101    34.6058     3.4467     3.4494    27.5317    27.5281    6.73983    6.76091         42 0.0000e+00
      10134    422.204    105.000     3.4725   3.180811     3.4781   3.180821      96.15     0.0178     2.9998     2.6419  33.297470  3.5485690   48.75664  -45.63878    34.6124    34.6065     3.4657     3.4713    27.5317    27.5264    6.83982    6.86162         33 0.0000e+00
      10164    423.473    106.000     3.3798   3.172085     3.3812   3.172124      95.38     0.0212     3.0019     2.6444  33.299759  3.5865033   48.75664  -45.63878    34.6054    34.6038     3.3730     3.3744    27.5351    27.5337    6.86102    6.87898         29 0.0000e+00
      10191    424.595    107.000     3.3775   3.172313     3.3775   3.172236      85.52     0.0190     3.0039     2.6462  33.339298  3.5134635   48.75664  -45.63878    34.6100    34.6091     3.3706     3.3709    27.5390    27.5383    6.86137    6.87623         25 0.0000e+00
      10215    425.569    108.000     3.3736   3.172348     3.3734   3.172239      98.47     0.0191     3.0042     2.6463  33.355083  3.4879205   48.75664  -45.63878    34.6140    34.6129     3.3667     3.3665    27.5426    27.5417    6.85676    6.87652         23 0.0000e+00
      10241    426.658    109.000     3.3697   3.172161     3.3695   3.172081      89.18     0.0219     3.0052     2.6474  33.332981  3.4488423   48.75664  -45.63878    34.6154    34.6146     3.3627     3.3627    27.5441    27.5435    6.86650    6.88442         32 0.0000e+00
      10332    430.475    110.000     3.3775   3.172953     3.3788   3.172953      95.53     0.0216     3.0080     2.6500  33.309849  3.4319086   48.75665  -45.63877    34.6161    34.6147     3.3705     3.3717    27.5439    27.5427    6.81493    6.83657         69 0.0000e+00
      10396    433.106    111.000     3.3909   3.174621     3.3968   3.175312      85.10     0.0181     2.9862     2.6328  33.285545  3.4396527   48.75666  -45.63876    34.6214    34.6236     3.3838     3.3898    27.5468    27.5480    6.62566    6.69763         34 0.0000e+00
      10428    434.451    112.000     3.4382   3.179487     3.4394   3.179593      98.38     0.0213     2.9633     2.6162  33.274525  3.4282982   48.75666  -45.63876    34.6291    34.6292     3.4310     3.4324    27.5484    27.5484    6.59305    6.64729         34 0.0000e+00
      10466    436.024    113.000     3.5504   3.190944     3.5382   3.190212      87.45     0.0238     2.9432     2.5973  33.261112  3.4297733   48.75666  -45.63876    34.6470    34.6512     3.5430     3.5308    27.5516    27.5562    6.50907    6.54522         41 0.0000e+00
      10508    437.776    114.000     3.8493   3.221607     3.8290   3.219712      98.54     0.0229     2.9117     2.5721  33.234253  3.4662533   48.75666  -45.63877    34.6962    34.6979     3.8415     3.8213    27.5610    27.5643    6.34591    6.41553         43 0.0000e+00
      10555    439.738    115.000     3.9347   3.230446     3.9402   3.231219      76.89     0.0210     2.8839     2.5517  33.193600  3.5830357   48.75668  -45.63876    34.7105    34.7140     3.9268     3.9323    27.5636    27.5658    6.32607    6.38802         53 0.0000e+00
      10609    441.996    116.000     4.1141   3.249051     4.1006   3.248089      89.49     0.0131     2.8659     2.5364  33.184727  3.7692876   48.75668  -45.63876    34.7411    34.7439     4.1059     4.0925    27.5692    27.5728    6.29849    6.33623         54 0.0000e+00
