data/CTD/2014/CNV/d017a020.cnv
* Sea-Bird SBE 9 Data File:
* FileName = C:\CTD_ACQUISITION\2014017HUD\017A020.hdr
* Software Version Seasave V 7.23.1
* Temperature SN = 5081
* Conductivity SN = 3561
* Number of Bytes Per Scan = 37
* Number of Voltage Words = 4
* Number of Scans Averaged by the Deck Unit = 1
* NMEA Latitude = 53 08.99 N
* NMEA Longitude = 050 44.43 W
* NMEA UTC (Time) = Jul 05 2014 00:39:02
* NMEA baud rate = 9600
** Ship: Hudson
** Cruise: HUD2014017
** Chief_Scientist: Blair Greenan
** Organization: BIO
** Area_of_Operation: Sackville Spur
** Station: 020
** Sounding:  3070
** Event_Comments: K9, 403105
** Windows 7 Test
# nquan = 25
# nvalues = 502                         
# units = specified
# name 0 = scan: Scan Count
# name 1 = timeS: Time, Elapsed [seconds]
# name 2 = prDM: Pressure, Digiquartz [db]
# name 3 = t068C: Temperature [ITS-68, deg C]
# name 4 = c0S/m: Conductivity [S/m]
# name 5 = t168C: Temperature, 2 [ITS-68, deg C]
# name 6 = c1S/m: Conductivity, 2 [S/m]
# name 7 = altM: Altimeter [m]
# name 8 = flC: Fluorescence, Chelsea Aqua 3 Chl Con [ug/l]
# name 9 = sbeox0V: Oxygen raw, SBE 43 [V]
# name 10 = sbeox1V: Oxygen raw, SBE 43, 2 [V]
# name 11 = upoly0: Upoly 0, Optode 4330F - O2 D-Phase
# name 12 = upoly1: Upoly 1, Optode 4330F - O2 Temp
# name 13 = latitude: Latitude [deg]
# name 14 = longitude: Longitude [deg]
# name 15 = sal00: Salinity, Practical [PSU]
# name 16 = sal11: Salinity, Practical, 2 [PSU]
# name 17 = potemp068C: Potential Temperature [ITS-68, deg C]
# name 18 = potemp168C: Potential Temperature, 2 [ITS-68, deg C]
# name 19 = sigma-é00: Density [sigma-theta, Kg/m^3]
# name 20 = sigma-é11: Density, 2 [sigma-theta, Kg/m^3]
# name 21 = sbeox0ML/L: Oxygen, SBE 43 [ml/l], WS = 2
# name 22 = sbeox1ML/L: Oxygen, SBE 43, 2 [ml/l], WS = 2
# name 23 = nbin: number of scans per bin
# name 24 = flag: flag
# span 0 =       8298,      24224       
# span 1 =    345.699,   1009.294       
# span 2 =      2.000,    503.000       
# span 3 =     3.4052,     8.8861       
# span 4 =   3.186001,   3.654094       
# span 5 =     3.4049,     8.8897       
# span 6 =   3.185920,   3.654160       
# span 7 =      32.98,     103.20       
# span 8 =     0.0082,     0.2601       
# span 9 =     2.8266,     3.4312       
# span 10 =     2.4969,     3.0104      
# span 11 =  30.033924,  33.574715      
# span 12 =  2.7212594,  8.8954353      
# span 13 =   53.15044,   53.15078      
# span 14 =  -50.73893,  -50.73539      
# span 15 =    34.4761,    34.8635      
# span 16 =    34.4728,    34.8628      
# span 17 =     3.3978,     8.8858      
# span 18 =     3.3975,     8.8894      
# span 19 =    26.7265,    27.7157      
# span 20 =    26.7241,    27.7153      
# span 21 =    6.61907,    7.28777      
# span 22 =    6.65482,    7.28225      
# span 23 =         11,         97      
# span 24 = 0.0000e+00, 0.0000e+00      
# interval = decibars: 1                
# start_time = Jul 05 2014 00:39:02 [NMEA time, header]
# bad_flag = -9.990e-29
*END*
[from data line 116]
      14169    590.350    118.000     3.4424   3.191652     3.4421   3.191567      99.19     0.0181     3.0404     2.6822  32.940117  3.4590964   53.15072  -50.73760    34.7682    34.7675     3.4347     3.4345    27.6589    27.6584    6.94607    6.97575         28 0.0000e+00
      14193    591.351    119.000     3.4433   3.191786     3.4424   3.191639      98.63     0.0202     3.0411     2.6824  32.945145  3.4590964   53.15072  -50.73760    34.7683    34.7675     3.4355     3.4347    27.6590    27.6584    6.94826    6.98010         21 0.0000e+00
      14213    592.165    120.000     3.4292   3.190445     3.4292   3.190353      98.64     0.0208     3.0415     2.6827  32.959671  3.4544809   53.15072  -50.73758    34.7667    34.7656     3.4214     3.4214    27.6590    27.6582    6.94886    6.98392         19 0.0000e+00
      14232    592.969    121.000     3.4236   3.189962     3.4239   3.189932      98.64     0.0183     3.0409     2.6828  32.972988  3.4492610   53.15072  -50.73758    34.7662    34.7655     3.4158     3.4161    27.6592    27.6586    6.94394    6.98404         19 0.0000e+00
      14251    593.769    122.000     3.4126   3.189056     3.4129   3.188985      98.64     0.0192     3.0409     2.6827  32.973625  3.4493284   53.15072  -50.73757    34.7665    34.7654     3.4047     3.4050    27.6605    27.6596    6.95295    6.98347         20 0.0000e+00
      14272    594.645    123.000     3.4073   3.188663     3.4071   3.188584      94.94     0.0179     3.0413     2.6824  32.969364  3.4397924   53.15072  -50.73756    34.7669    34.7662     3.3994     3.3992    27.6614    27.6608    6.95535    6.98354         23 0.0000e+00
      14296    595.644    124.000     3.4072   3.188684     3.4069   3.188597      79.47     0.0135     3.0410     2.6820  32.970234  3.4391785   53.15072  -50.73756    34.7667    34.7660     3.3992     3.3992    27.6612    27.6607    6.95550    6.97582         25 0.0000e+00
      14325    596.843    125.000     3.4072   3.188741     3.4074   3.188710      98.46     0.0154     3.0412     2.6801  32.974319  3.4201975   53.15072  -50.73756    34.7668    34.7663     3.3991     3.3993    27.6613    27.6609    6.95232    6.96912         32 0.0000e+00
      14357    598.148    126.000     3.4074   3.188826     3.4074   3.188770      98.64     0.0174     3.0402     2.6785  32.974358  3.4182189   53.15072  -50.73756    34.7671    34.7664     3.3993     3.3993    27.6615    27.6610    6.94376    6.96398         28 0.0000e+00
      14380    599.146    127.000     3.4068   3.188841     3.4069   3.188797      98.64     0.0186     3.0391     2.6778  32.974358  3.4170449   53.15072  -50.73756    34.7674    34.7668     3.3986     3.3987    27.6618    27.6613    6.94006    6.97684         20 0.0000e+00
      14398    599.892    128.000     3.4061   3.188874     3.4057   3.188843      98.64     0.0197     3.0383     2.6781  32.972595  3.4183280   53.15072  -50.73755    34.7681    34.7680     3.3978     3.3975    27.6624    27.6624    6.94091    6.97910         17 0.0000e+00
      14414    600.548    129.000     3.4070   3.189126     3.4076   3.189230      98.64     0.0215     3.0377     2.6778  32.959576  3.4174106   53.15072  -50.73754    34.7696    34.7701     3.3986     3.3993    27.6635    27.6639    6.94083    6.97629         15 0.0000e+00
      14430    601.194    130.000     3.4114   3.189813     3.4120   3.189871      84.22     0.0206     3.0374     2.6780  32.959705  3.4188170   53.15072  -50.73754    34.7726    34.7727     3.4029     3.4035    27.6655    27.6655    6.93343    6.97457         16 0.0000e+00
      14447    601.920    131.000     3.4153   3.190368     3.4154   3.190371      82.81     0.0207     3.0354     2.6775  32.963284  3.4157031   53.15072  -50.73754    34.7746    34.7745     3.4068     3.4069    27.6667    27.6666    6.92719    6.97142         20 0.0000e+00
      14477    603.186    132.000     3.4167   3.190591     3.4172   3.190616      97.40     0.0157     3.0346     2.6769  32.973202  3.4106750   53.15072  -50.73754    34.7751    34.7750     3.4082     3.4086    27.6670    27.6669    6.93541    6.97073         45 0.0000e+00
      14522    605.028    133.000     3.4184   3.190881     3.4181   3.190794      98.64     0.0176     3.0334     2.6758  32.974392  3.4193015   53.15072  -50.73751    34.7763    34.7756     3.4098     3.4094    27.6678    27.6673    6.93190    6.96560         30 0.0000e+00
      14542    605.866    134.000     3.4187   3.190989     3.4185   3.190926      98.63     0.0204     3.0331     2.6755  32.974358  3.4177036   53.15072  -50.73752    34.7767    34.7762     3.4101     3.4098    27.6681    27.6677    6.93526    6.97148         17 0.0000e+00
      14557    606.494    135.000     3.4203   3.191258     3.4204   3.191247      98.64     0.0177     3.0330     2.6756  32.974358  3.4200780   53.15072  -50.73752    34.7777    34.7775     3.4116     3.4116    27.6688    27.6686    6.93560    6.97175         14 0.0000e+00
      14571    607.093    136.000     3.4209   3.191405     3.4206   3.191340      98.64     0.0189     3.0323     2.6753  32.974358  3.4206862   53.15072  -50.73750    34.7783    34.7778     3.4121     3.4118    27.6692    27.6688    6.92748    6.96852         15 0.0000e+00
      14588    607.784    137.000     3.4210   3.191481     3.4208   3.191397      98.64     0.0188     3.0313     2.6750  32.974358  3.4200501   53.15072  -50.73750    34.7785    34.7778     3.4121     3.4119    27.6694    27.6688    6.92039    6.96774         20 0.0000e+00
      14620    609.110    138.000     3.4215   3.191564     3.4213   3.191496      73.08     0.0200     3.0292     2.6741  32.976460  3.4200244   53.15072  -50.73750    34.7785    34.7779     3.4125     3.4124    27.6693    27.6688    6.91619    6.96221         46 0.0000e+00
      14659    610.763    139.000     3.4219   3.191694     3.4220   3.191665     100.81     0.0241     3.0272     2.6726  32.974178  3.4200244   53.15072  -50.73750    34.7790    34.7786     3.4129     3.4129    27.6697    27.6694    6.91764    6.95865         24 0.0000e+00
      14677    611.509    140.000     3.4214   3.191757     3.4211   3.191675      98.63     0.0251     3.0263     2.6722  32.974358  3.4200244   53.15072  -50.73750    34.7798    34.7792     3.4123     3.4120    27.6704    27.6699    6.91404    6.95044         17 0.0000e+00
      14693    612.162    141.000     3.4257   3.192362     3.4243   3.192213      98.56     0.0241     3.0255     2.6703  32.978241  3.4213185   53.15072  -50.73748    34.7820    34.7816     3.4165     3.4152    27.6717    27.6715    6.91596    6.94008         15 0.0000e+00
      14710    612.874    142.000     3.4337   3.193343     3.4327   3.193222      98.60     0.0219     3.0255     2.6695  32.984371  3.4251578   53.15072  -50.73748    34.7847    34.7844     3.4244     3.4234    27.6731    27.6729    6.91230    6.93930         19 0.0000e+00
      14734    613.890    143.000     3.4372   3.193771     3.4367   3.193682      98.63     0.0213     3.0240     2.6677  32.980602  3.4235330   53.15072  -50.73748    34.7856    34.7851     3.4279     3.4273    27.6734    27.6731    6.90894    6.93647         31 0.0000e+00
      14765    615.176    144.000     3.4409   3.194239     3.4409   3.194191      98.64     0.0148     3.0230     2.6665  32.977573  3.4198151   53.15072  -50.73748    34.7867    34.7861     3.4315     3.4315    27.6740    27.6736    6.90970    6.95164         26 0.0000e+00
      14786    616.029    145.000     3.4387   3.194096     3.4392   3.194086      98.64     0.0173     3.0225     2.6676  32.984924  3.4229906   53.15072  -50.73746    34.7867    34.7861     3.4293     3.4298    27.6742    27.6737    6.91201    6.95656         17 0.0000e+00
      14801    616.675    146.000     3.4384   3.194133     3.4382   3.194071      98.64     0.0153     3.0226     2.6674  32.996983  3.4298830   53.15072  -50.73746    34.7870    34.7864     3.4289     3.4287    27.6745    27.6741    6.90859    6.94822         15 0.0000e+00
      14816    617.298    147.000     3.4414   3.194491     3.4410   3.194437      98.64     0.0157     3.0213     2.6671  32.999031  3.4297924   53.15072  -50.73746    34.7875    34.7872     3.4318     3.4314    27.6746    27.6744    6.90191    6.94015         16 0.0000e+00
      14834    618.053    148.000     3.4440   3.194805     3.4435   3.194728      98.42     0.0150     3.0209     2.6657  32.994644  3.4297924   53.15072  -50.73746    34.7879    34.7876     3.4344     3.4339    27.6747    27.6744    6.89759    6.93407         22 0.0000e+00
      14870    619.523    149.000     3.4451   3.194944     3.4444   3.194841      98.50     0.0163     3.0182     2.6648  32.992123  3.4315741   53.15072  -50.73745    34.7880    34.7874     3.4353     3.4347    27.6746    27.6743    6.89230    6.94329         48 0.0000e+00
      14911    621.246    150.000     3.4463   3.195138     3.4461   3.195088      98.64     0.0220     3.0164     2.6645  33.004234  3.4395976   53.15072  -50.73744    34.7884    34.7881     3.4366     3.4366    27.6748    27.6746    6.89503    6.93887         29 0.0000e+00
      14933    622.177    151.000     3.4549   3.196104     3.4539   3.196008      98.64     0.0206     3.0160     2.6639  33.003662  3.4395640   53.15072  -50.73744    34.7903    34.7902     3.4451     3.4441    27.6755    27.6755    6.89535    6.93179         19 0.0000e+00
      14951    622.935    152.000     3.4602   3.196733     3.4602   3.196701      98.63     0.0217     3.0154     2.6626  33.003662  3.4401009   53.15072  -50.73744    34.7917    34.7914     3.4503     3.4502    27.6761    27.6759    6.89403    6.92520         18 0.0000e+00
      14969    623.651    153.000     3.4608   3.196879     3.4607   3.196826      98.63     0.0191     3.0152     2.6619  33.003662  3.4406967   53.15072  -50.73743    34.7923    34.7918     3.4508     3.4507    27.6766    27.6762    6.89507    6.92905         17 0.0000e+00
      14987    624.401    154.000     3.4590   3.196804     3.4590   3.196753      98.18     0.0203     3.0150     2.6615  33.010452  3.4471314   53.15072  -50.73742    34.7928    34.7921     3.4489     3.4489    27.6771    27.6766    6.89292    6.93241         19 0.0000e+00
      15008    625.275    155.000     3.4527   3.196259     3.4502   3.195934      98.29     0.0166     3.0143     2.6613  33.011917  3.4492903   53.15072  -50.73742    34.7924    34.7911     3.4426     3.4401    27.6774    27.6766    6.89475    6.93559         23 0.0000e+00
      15033    626.348    156.000     3.4485   3.195889     3.4473   3.195739      98.63     0.0181     3.0142     2.6609  33.007351  3.4493284   53.15072  -50.73742    34.7919    34.7913     3.4383     3.4371    27.6775    27.6771    6.90069    6.93591         28 0.0000e+00
      15063    627.564    157.000     3.4567   3.196712     3.4547   3.196492      98.63     0.0171     3.0138     2.6610  33.003593  3.4493284   53.15072  -50.73742    34.7924    34.7920     3.4464     3.4444    27.6771    27.6769    6.89451    6.93417         29 0.0000e+00
      15090    628.689    158.000     3.4589   3.196977     3.4594   3.196996      98.64     0.0161     3.0134     2.6601  33.018894  3.4493284   53.15072  -50.73741    34.7927    34.7925     3.4486     3.4490    27.6771    27.6769    6.89608    6.92816         24 0.0000e+00
      15110    629.551    159.000     3.4519   3.196359     3.4542   3.196443      98.64     0.0173     3.0132     2.6594  33.018314  3.4493284   53.15072  -50.73740    34.7922    34.7908     3.4415     3.4438    27.6774    27.6761    6.89611    6.92544         18 0.0000e+00
      15127    630.254    160.000     3.4504   3.196268     3.4446   3.195720      98.64     0.0144     3.0130     2.6586  33.027843  3.4493284   53.15072  -50.73740    34.7921    34.7917     3.4400     3.4342    27.6775    27.6777    6.89336    6.93090         17 0.0000e+00
      15143    630.921    161.000     3.4456   3.195853     3.4446   3.195675      98.63     0.0140     3.0119     2.6591  33.032841  3.4493284   53.15072  -50.73738    34.7917    34.7906     3.4351     3.4341    27.6776    27.6769    6.89384    6.93347         16 0.0000e+00
      15161    631.665    162.000     3.4381   3.195184     3.4379   3.195107      98.63     0.0134     3.0122     2.6581  33.032967  3.4493284   53.15072  -50.73738    34.7911    34.7904     3.4275     3.4274    27.6779    27.6773    6.90285    6.93242         20 0.0000e+00
      15189    632.832    163.000     3.4400   3.195385     3.4397   3.195303      82.09     0.0155     3.0123     2.6580  33.046707  3.4381337   53.15072  -50.73738    34.7910    34.7903     3.4294     3.4290    27.6776    27.6771    6.90278    6.93451         37 0.0000e+00
      15227    634.430    164.000     3.4364   3.195093     3.4370   3.195086      99.52     0.0164     3.0116     2.6579  33.058060  3.4375410   53.15072  -50.73738    34.7908    34.7901     3.4257     3.4263    27.6778    27.6772    6.90213    6.94179         34 0.0000e+00
      15255    635.602    165.000     3.4321   3.194767     3.4326   3.194751      98.64     0.0173     3.0118     2.6583  33.062428  3.4396269   53.15072  -50.73736    34.7909    34.7902     3.4214     3.4218    27.6783    27.6777    6.90368    6.94130         24 0.0000e+00
      15277    636.487    166.000     3.4303   3.194668     3.4307   3.194650      98.64     0.0202     3.0118     2.6580  33.062271  3.4395604   53.15072  -50.73736    34.7910    34.7904     3.4195     3.4204    27.6786    27.6781    6.90279    6.93802         20 0.0000e+00
      15295    637.237    167.000     3.4284   3.194546     3.4293   3.194567      98.63     0.0197     3.0111     2.6578  33.062271  3.4395604   53.15072  -50.73736    34.7911    34.7904     3.4175     3.4184    27.6789    27.6782    6.89630    6.93320         17 0.0000e+00
      15311    637.920    168.000     3.4256   3.194367     3.4260   3.194336      98.64     0.0196     3.0103     2.6568  33.062271  3.4389064   53.15072  -50.73736    34.7913    34.7906     3.4147     3.4150    27.6793    27.6787    6.89641    6.92586         15 0.0000e+00
      15327    638.576    169.000     3.4252   3.194394     3.4245   3.194274      98.64     0.0190     3.0101     2.6559  33.062271  3.4296038   53.15072  -50.73736    34.7915    34.7909     3.4142     3.4135    27.6795    27.6791    6.90009    6.92516         16 0.0000e+00
      15343    639.258    170.000     3.4251   3.194419     3.4243   3.194298      98.64     0.0152     3.0096     2.6553  33.061470  3.4303255   53.15072  -50.73736    34.7915    34.7908     3.4140     3.4132    27.6795    27.6791    6.90045    6.92381         18 0.0000e+00
      15363    640.095    171.000     3.4254   3.194492     3.4249   3.194386      50.95     0.0162     3.0093     2.6539  33.062225  3.4256074   53.15072  -50.73734    34.7914    34.7908     3.4143     3.4141    27.6794    27.6790    6.90249    6.92416         24 0.0000e+00
      15403    641.768    172.000     3.4254   3.194509     3.4252   3.194441      95.88     0.0184     3.0093     2.6544  33.062271  3.4218502   53.15072  -50.73734    34.7911    34.7905     3.4142     3.4140    27.6792    27.6787    6.90765    6.94107         55 0.0000e+00
      15447    643.588    173.000     3.4264   3.194647     3.4266   3.194614      94.69     0.0191     3.0096     2.6543  33.062271  3.4243095   53.15072  -50.73732    34.7911    34.7905     3.4151     3.4153    27.6791    27.6786    6.90391    6.92596         26 0.0000e+00
      15466    644.359    174.000     3.4253   3.194605     3.4248   3.194514      98.66     0.0227     3.0093     2.6535  33.062271  3.4285953   53.15072  -50.73732    34.7913    34.7907     3.4139     3.4134    27.6794    27.6789    6.89963    6.93509         16 0.0000e+00
