data/CTD/2014/CNV/d017a015.cnv
* Sea-Bird SBE 9 Data File:
* FileName = C:\CTD_ACQUISITION\2014017HUD\ctddata\017A015.hdr
* Software Version Seasave V 7.22.2
* Temperature SN = 5081
* Conductivity SN = 3561
* Number of Bytes Per Scan = 37
* Number of Voltage Words = 4
* Number of Scans Averaged by the Deck Unit = 1
* NMEA Latitude = 53 01.21 N
* NMEA Longitude = 051 02.46 W
* NMEA UTC (Time) = Jul 04 2014 04:48:08
* NMEA baud rate = 9600
** Ship: Hudson
** Cruise: HUD2014017
** Chief_Scientist: Blair Greenan
** Organization: BIO
** Area_of_Operation: Sackville Spur
** Station: 015
** Sounding:  2750
** Event_Comments: DSOW1, 403063
# nquan = 25
# nvalues = 2643                        
# units = specified
# name 0 = scan: Scan Count
# name 1 = timeS: Time, Elapsed [seconds]
# name 2 = prDM: Pressure, Digiquartz [db]
# name 3 = t068C: Temperature [ITS-68, deg C]
# name 4 = c0S/m: Conductivity [S/m]
# name 5 = t168C: Temperature, 2 [ITS-68, deg C]
# name 6 = c1S/m: Conductivity, 2 [S/m]
# name 7 = altM: Altimeter [m]
# name 8 = flC: Fluorescence, Chelsea Aqua 3 Chl Con [ug/l]
# name 9 = sbeox0V: Oxygen raw, SBE 43 [V]
# name 10 = sbeox1V: Oxygen raw, SBE 43, 2 [V]
# name 11 = upoly0: Upoly 0, Optode 4330F - O2 D-Phase
# name 12 = upoly1: Upoly 1, Optode 4330F - O2 Temp
# name 13 = latitude: Latitude [deg]
# name 14 = longitude: Longitude [deg]
# name 15 = sal00: Salinity, Practical [PSU]
# name 16 = sal11: Salinity, Practical, 2 [PSU]
# name 17 = potemp068C: Potential Temperature [ITS-68, deg C]
# name 18 = potemp168C: Potential Temperature, 2 [ITS-68, deg C]
# name 19 = sigma-é00: Density [sigma-theta, Kg/m^3]
# name 20 = sigma-é11: Density, 2 [sigma-theta, Kg/m^3]
# name 21 = sbeox0ML/L: Oxygen, SBE 43 [ml/l], WS = 2
# name 22 = sbeox1ML/L: Oxygen, SBE 43, 2 [ml/l], WS = 2
# name 23 = nbin: number of scans per bin
# name 24 = flag: flag
# span 0 =       5648,      73805       
# span 1 =    235.275,   3075.179       
# span 2 =      1.000,   2643.000       
# span 3 =     2.4602,     8.2322       
# span 4 =   3.187551,   3.574952       
# span 5 =     2.4596,     8.2319       
# span 6 =   3.187428,   3.574805       
# span 7 =       3.66,     108.19       
# span 8 =     0.0068,     0.4252       
# span 9 =     2.1744,     3.4413       
# span 10 =     1.9246,     3.0168      
# span 11 =  30.132141,  35.550064      
# span 12 =  2.4495606,  8.2729435      
# span 13 =   53.02060,   53.02220      
# span 14 =  -51.04146,  -51.03832      
# span 15 =    34.2743,    34.9172      
# span 16 =    34.2727,    34.9160      
# span 17 =     2.2639,     8.2316      
# span 18 =     2.2633,     8.2312      
# span 19 =    26.6694,    27.8741      
# span 20 =    26.6683,    27.8737      
# span 21 =    6.28123,    7.30496      
# span 22 =    6.26697,    7.28440      
# span 23 =          1,         94      
# span 24 = 0.0000e+00, 0.0000e+00      
# interval = decibars: 1                
# start_time = Jul 04 2014 04:48:08 [NMEA time, header]
# bad_flag = -9.990e-29
*END*
[from data line 754]
      26794   1116.395    755.000     3.4754   3.229971     3.4749   3.229813      29.51     0.0179     2.7813     2.4592  33.554882  3.4721026   53.02158  -51.04094    34.8502    34.8488     3.4223     3.4218    27.7255    27.7245    6.75953    6.77943         21 0.0000e+00
      26815   1117.235    756.000     3.4755   3.230026     3.4757   3.229944      93.83     0.0164     2.7813     2.4588  33.550152  3.4757259   53.02158  -51.04094    34.8502    34.8490     3.4224     3.4226    27.7255    27.7245    6.76114    6.78212         20 0.0000e+00
      26834   1118.039    757.000     3.4745   3.229971     3.4747   3.229863      98.61     0.0137     2.7813     2.4587  33.552719  3.4745240   53.02158  -51.04094    34.8501    34.8485     3.4212     3.4238    27.7255    27.7243    6.75630    6.77954         19 0.0000e+00
      26855   1118.926    758.000     3.4730   3.229869     3.4728   3.229728      96.31     0.0162     2.7803     2.4578  33.556126  3.4725521   53.02158  -51.04094    34.8499    34.8484     3.4197     3.4196    27.7255    27.7244    6.75185    6.77634         24 0.0000e+00
      26884   1120.107    759.000     3.4729   3.229891     3.4725   3.229731      95.00     0.0132     2.7801     2.4575  33.554878  3.4723189   53.02158  -51.04094    34.8498    34.8483     3.4195     3.4191    27.7255    27.7243    6.75503    6.78241         34 0.0000e+00
      26919   1121.594    760.000     3.4722   3.229869     3.4720   3.229734      98.83     0.0119     2.7794     2.4569  33.551575  3.4741466   53.02158  -51.04092    34.8498    34.8484     3.4187     3.4185    27.7255    27.7244    6.75579    6.77458         32 0.0000e+00
      26944   1122.635    761.000     3.4723   3.229943     3.4722   3.229817      98.63     0.0126     2.7790     2.4562  33.550892  3.4742420   53.02158  -51.04092    34.8499    34.8485     3.4188     3.4187    27.7257    27.7245    6.75419    6.77836         20 0.0000e+00
      26961   1123.354    762.000     3.4723   3.229988     3.4723   3.229872      98.64     0.0106     2.7784     2.4563  33.554943  3.4719176   53.02158  -51.04092    34.8500    34.8486     3.4187     3.4187    27.7257    27.7246    6.75714    6.78542         16 0.0000e+00
      26976   1123.977    763.000     3.4721   3.230011     3.4721   3.229905      98.63     0.0146     2.7791     2.4563  33.551033  3.4751339   53.02158  -51.04092    34.8500    34.8487     3.4184     3.4216    27.7257    27.7247    6.76126    6.78705         14 0.0000e+00
      26991   1124.591    764.000     3.4720   3.230052     3.4718   3.229923      98.63     0.0163     2.7786     2.4566  33.545002  3.4731798   53.02158  -51.04092    34.8501    34.8487     3.4182     3.4181    27.7258    27.7247    6.75912    6.78723         16 0.0000e+00
      27009   1125.324    765.000     3.4717   3.230063     3.4715   3.229932      98.64     0.0157     2.7788     2.4564  33.542469  3.4743593   53.02158  -51.04092    34.8500    34.8486     3.4178     3.4177    27.7258    27.7247    6.76139    6.78298         21 0.0000e+00
      27051   1127.071    766.000     3.4720   3.230119     3.4719   3.230002      82.97     0.0146     2.7783     2.4561  33.549965  3.4729130   53.02158  -51.04092    34.8498    34.8484     3.4181     3.4180    27.7256    27.7245    6.75773    6.78576         57 0.0000e+00
      27088   1128.614    767.000     3.4720   3.230173     3.4718   3.230050      98.92     0.0088     2.7776     2.4561  33.552788  3.4729774   53.02158  -51.04092    34.8499    34.8486     3.4180     3.4178    27.7257    27.7247    6.75926    6.78359         19 0.0000e+00
      27106   1129.380    768.000     3.4719   3.230219     3.4716   3.230082      98.63     0.0094     2.7781     2.4557  33.555054  3.4724603   53.02158  -51.04092    34.8500    34.8487     3.4178     3.4175    27.7258    27.7248    6.75893    6.77968         19 0.0000e+00
      27125   1130.158    769.000     3.4721   3.230288     3.4718   3.230153      98.64     0.0116     2.7771     2.4553  33.554279  3.4719546   53.02158  -51.04092    34.8502    34.8489     3.4179     3.4176    27.7259    27.7249    6.75733    6.78411         19 0.0000e+00
      27147   1131.073    770.000     3.4721   3.230323     3.4718   3.230190      98.64     0.0183     2.7777     2.4555  33.552608  3.4729624   53.02158  -51.04092    34.8500    34.8487     3.4178     3.4193    27.7258    27.7248    6.76192    6.78523         26 0.0000e+00
      27178   1132.357    771.000     3.4724   3.230400     3.4721   3.230250      98.64     0.0151     2.7768     2.4549  33.554085  3.4721937   53.02160  -51.04092    34.8501    34.8486     3.4181     3.4177    27.7258    27.7247    6.75443    6.77964         32 0.0000e+00
      27204   1133.440    772.000     3.4724   3.230451     3.4724   3.230335      98.63     0.0138     2.7763     2.4541  33.553078  3.4712689   53.02160  -51.04092    34.8502    34.8488     3.4180     3.4180    27.7259    27.7248    6.75127    6.77443         20 0.0000e+00
      27221   1134.165    773.000     3.4729   3.230543     3.4727   3.230427      98.63     0.0140     2.7758     2.4537  33.551235  3.4725583   53.02160  -51.04092    34.8502    34.8490     3.4184     3.4183    27.7259    27.7250    6.74996    6.77542         16 0.0000e+00
      27236   1134.795    774.000     3.4733   3.230635     3.4732   3.230523      45.49     0.0155     2.7749     2.4532  33.549686  3.4747367   53.02160  -51.04092    34.8504    34.8491     3.4188     3.4187    27.7260    27.7250    6.74890    6.77295         15 0.0000e+00
      27251   1135.423    775.000     3.4736   3.230707     3.4735   3.230592      49.04     0.0141     2.7748     2.4527  33.552143  3.4731734   53.02160  -51.04092    34.8504    34.8491     3.4190     3.4189    27.7260    27.7250    6.75477    6.77585         16 0.0000e+00
      27269   1136.176    776.000     3.4746   3.230854     3.4741   3.230710      96.54     0.0121     2.7746     2.4527  33.551403  3.4730544   53.02160  -51.04092    34.8506    34.8493     3.4199     3.4195    27.7260    27.7251    6.75243    6.78805         21 0.0000e+00
      27314   1138.058    777.000     3.4752   3.230945     3.4750   3.230817      94.15     0.0169     2.7739     2.4537  33.562080  3.4705954   53.02160  -51.04091    34.8505    34.8491     3.4204     3.4203    27.7259    27.7249    6.75452    6.78929         62 0.0000e+00
      27354   1139.715    778.000     3.4751   3.230992     3.4751   3.230879      98.70     0.0179     2.7736     2.4537  33.553661  3.4728930   53.02160  -51.04090    34.8506    34.8493     3.4203     3.4203    27.7260    27.7250    6.75426    6.78778         22 0.0000e+00
      27374   1140.529    779.000     3.4752   3.231043     3.4751   3.230932      98.64     0.0173     2.7731     2.4537  33.555573  3.4737566   53.02160  -51.04090    34.8506    34.8494     3.4203     3.4202    27.7261    27.7251    6.75625    6.78354         18 0.0000e+00
      27392   1141.274    780.000     3.4753   3.231097     3.4751   3.230976      98.64     0.0128     2.7736     2.4531  33.551472  3.4775612   53.02160  -51.04090    34.8506    34.8493     3.4203     3.4202    27.7261    27.7250    6.74884    6.78380         18 0.0000e+00
      27409   1142.009    781.000     3.4753   3.231152     3.4752   3.231032      98.64     0.0150     2.7722     2.4532  33.553890  3.4759455   53.02160  -51.04090    34.8508    34.8494     3.4202     3.4202    27.7262    27.7251    6.75079    6.79099         18 0.0000e+00
      27429   1142.840    782.000     3.4753   3.231198     3.4752   3.231072      98.64     0.0145     2.7726     2.4535  33.564915  3.4711661   53.02160  -51.04090    34.8507    34.8493     3.4202     3.4201    27.7262    27.7250    6.75113    6.78896         22 0.0000e+00
      27454   1143.872    783.000     3.4755   3.231253     3.4754   3.231136      98.64     0.0113     2.7714     2.4528  33.566093  3.4715018   53.02160  -51.04090    34.8507    34.8494     3.4203     3.4202    27.7261    27.7251    6.74876    6.77896         26 0.0000e+00
      27478   1144.884    784.000     3.4757   3.231313     3.4754   3.231182      98.63     0.0131     2.7711     2.4519  33.556839  3.4724443   53.02160  -51.04090    34.8507    34.8494     3.4204     3.4201    27.7261    27.7251    6.74842    6.77333         22 0.0000e+00
      27498   1145.713    785.000     3.4758   3.231380     3.4757   3.231251      63.57     0.0184     2.7706     2.4510  33.555031  3.4719465   53.02160  -51.04090    34.8508    34.8494     3.4205     3.4203    27.7262    27.7251    6.74869    6.76943         19 0.0000e+00
      27518   1146.537    786.000     3.4757   3.231403     3.4758   3.231310      88.44     0.0193     2.7700     2.4500  33.555553  3.4735069   53.02160  -51.04090    34.8507    34.8494     3.4202     3.4204    27.7261    27.7251    6.74499    6.77163         21 0.0000e+00
      27545   1147.665    787.000     3.4758   3.231457     3.4756   3.231323      98.09     0.0165     2.7695     2.4495  33.560558  3.4719398   53.02160  -51.04090    34.8507    34.8493     3.4203     3.4201    27.7261    27.7250    6.74165    6.77516         36 0.0000e+00
      27582   1149.212    788.000     3.4756   3.231477     3.4755   3.231339      98.63     0.0145     2.7684     2.4491  33.550369  3.4726956   53.02162  -51.04090    34.8506    34.8491     3.4200     3.4199    27.7261    27.7249    6.74663    6.77899         31 0.0000e+00
      27607   1150.237    789.000     3.4752   3.231469     3.4749   3.231342      98.64     0.0161     2.7675     2.4490  33.559971  3.4701974   53.02162  -51.04090    34.8505    34.8492     3.4195     3.4192    27.7260    27.7250    6.74945    6.77889         21 0.0000e+00
      27626   1151.039    790.000     3.4749   3.231496     3.4749   3.231392      98.64     0.0164     2.7682     2.4488  33.566589  3.4745076   53.02162  -51.04090    34.8505    34.8493     3.4192     3.4192    27.7261    27.7251    6.74860    6.77393         19 0.0000e+00
      27644   1151.809    791.000     3.4753   3.231584     3.4752   3.231450      98.64     0.0167     2.7677     2.4480  33.568104  3.4720275   53.02162  -51.04090    34.8507    34.8492     3.4195     3.4193    27.7262    27.7250    6.74634    6.77213         19 0.0000e+00
      27667   1152.751    792.000     3.4752   3.231605     3.4751   3.231478      94.83     0.0143     2.7673     2.4480  33.565830  3.4726546   53.02162  -51.04090    34.8505    34.8491     3.4193     3.4192    27.7261    27.7250    6.75228    6.78344         28 0.0000e+00
      27705   1154.349    793.000     3.4751   3.231637     3.4749   3.231504      57.72     0.0125     2.7672     2.4488  33.568737  3.4714530   53.02162  -51.04090    34.8504    34.8491     3.4192     3.4189    27.7260    27.7249    6.74420    6.78305         40 0.0000e+00
      27733   1155.518    794.000     3.4748   3.231644     3.4745   3.231521      99.81     0.0121     2.7669     2.4481  33.563969  3.4718025   53.02162  -51.04090    34.8504    34.8492     3.4187     3.4185    27.7260    27.7251    6.75762    6.77105         20 0.0000e+00
      27750   1156.207    795.000     3.4748   3.231700     3.4746   3.231573      96.59     0.0133     2.7675     2.4473  33.567272  3.4721198   53.02162  -51.04088    34.8505    34.8492     3.4186     3.4184    27.7261    27.7251    6.74718    6.77194         15 0.0000e+00
      27764   1156.808    796.000     3.4753   3.231802     3.4752   3.231692      81.75     0.0138     2.7661     2.4472  33.566723  3.4723511   53.02162  -51.04088    34.8507    34.8495     3.4191     3.4190    27.7262    27.7253    6.73740    6.77396         14 0.0000e+00
      27778   1157.385    797.000     3.4755   3.231869     3.4753   3.231737      98.39     0.0146     2.7660     2.4468  33.563637  3.4709833   53.02162  -51.04088    34.8507    34.8493     3.4192     3.4190    27.7263    27.7252    6.74718    6.77216         14 0.0000e+00
      27794   1158.021    798.000     3.4754   3.231894     3.4753   3.231771      98.64     0.0183     2.7660     2.4463  33.563046  3.4733806   53.02162  -51.04090    34.8506    34.8493     3.4190     3.4189    27.7262    27.7251    6.75137    6.77195         17 0.0000e+00
      27833   1159.671    799.000     3.4747   3.231853     3.4749   3.231758      98.64     0.0165     2.7658     2.4462  33.568775  3.4722617   53.02162  -51.04088    34.8503    34.8490     3.4183     3.4195    27.7260    27.7249    6.75175    6.78121         44 0.0000e+00
      27882   1161.706    800.000     3.4762   3.232066     3.4759   3.231930      98.64     0.0155     2.7656     2.4467  33.568493  3.4703121   53.02162  -51.04088    34.8508    34.8495     3.4196     3.4217    27.7263    27.7252    6.74659    6.78566         20 0.0000e+00
      27900   1162.447    801.000     3.4768   3.232177     3.4766   3.232059      98.64     0.0165     2.7651     2.4467  33.567757  3.4719369   53.02162  -51.04088    34.8509    34.8497     3.4202     3.4200    27.7263    27.7254    6.74554    6.77958         16 0.0000e+00
      27916   1163.118    802.000     3.4769   3.232236     3.4768   3.232123      98.63     0.0171     2.7649     2.4464  33.569637  3.4762814   53.02162  -51.04088    34.8510    34.8497     3.4203     3.4201    27.7263    27.7254    6.74461    6.77734         16 0.0000e+00
      27931   1163.769    803.000     3.4772   3.232311     3.4770   3.232186      98.64     0.0170     2.7640     2.4462  33.567772  3.4761906   53.02162  -51.04088    34.8510    34.8498     3.4205     3.4202    27.7264    27.7254    6.74233    6.77362         16 0.0000e+00
      27948   1164.453    804.000     3.4776   3.232391     3.4775   3.232278      50.03     0.0153     2.7641     2.4454  33.570759  3.4740541   53.02162  -51.04088    34.8511    34.8498     3.4207     3.4206    27.7264    27.7254    6.74390    6.77247         17 0.0000e+00
      27967   1165.258    805.000     3.4781   3.232501     3.4783   3.232414      94.24     0.0115     2.7633     2.4451  33.567162  3.4728796   53.02162  -51.04088    34.8513    34.8501     3.4212     3.4214    27.7265    27.7255    6.75026    6.77280         22 0.0000e+00
      28002   1166.706    806.000     3.4786   3.232593     3.4785   3.232458      98.25     0.0139     2.7637     2.4445  33.566860  3.4719865   53.02162  -51.04088    34.8513    34.8499     3.4216     3.4215    27.7265    27.7254    6.74973    6.77773         55 0.0000e+00
      28053   1168.839    807.000     3.4789   3.232659     3.4787   3.232525      98.64     0.0152     2.7632     2.4448  33.572201  3.4735906   53.02164  -51.04088    34.8514    34.8499     3.4218     3.4216    27.7265    27.7254    6.74792    6.78217         30 0.0000e+00
      28072   1169.632    808.000     3.4773   3.232562     3.4763   3.232341      98.64     0.0159     2.7626     2.4444  33.575191  3.4737580   53.02164  -51.04088    34.8513    34.8498     3.4202     3.4191    27.7266    27.7255    6.74746    6.77398         16 0.0000e+00
      28087   1170.253    809.000     3.4759   3.232471     3.4760   3.232370      98.63     0.0180     2.7632     2.4441  33.574005  3.4730246   53.02164  -51.04088    34.8512    34.8499     3.4187     3.4188    27.7267    27.7256    6.75290    6.77620         14 0.0000e+00
      28100   1170.812    810.000     3.4754   3.232471     3.4754   3.232353      98.63     0.0185     2.7621     2.4438  33.567768  3.4751430   53.02164  -51.04088    34.8512    34.8498     3.4181     3.4182    27.7267    27.7256    6.74620    6.77833         14 0.0000e+00
      28114   1171.369    811.000     3.4751   3.232478     3.4751   3.232358      98.63     0.0172     2.7628     2.4440  33.568325  3.4756217   53.02164  -51.04088    34.8511    34.8497     3.4177     3.4177    27.7267    27.7256    6.75044    6.78143         13 0.0000e+00
