data/CTD/2014/CNV/d017a026.cnv
* Sea-Bird SBE 9 Data File:
* FileName = C:\CTD_ACQUISITION\2014017HUD\ctddata\017A026.hdr
* Software Version Seasave V 7.22.2
* Temperature SN = 5081
* Conductivity SN = 3561
* Number of Bytes Per Scan = 37
* Number of Voltage Words = 4
* Number of Scans Averaged by the Deck Unit = 1
* NMEA Latitude = 48 56.21 N
* NMEA Longitude = 045 49.60 W
* NMEA UTC (Time) = Jul 06 2014 21:24:33
* NMEA baud rate = 9600
** Ship: Hudson
** Cruise: HUD2014017
** Chief_Scientist: Blair Greenan
** Organization: BIO
** Area_of_Operation: Sackville Spur
** Station: 026
** Sounding:  2396
** Event_Comments: SS_28, 403145
# nquan = 25
# nvalues = 2501                        
# units = specified
# name 0 = scan: Scan Count
# name 1 = timeS: Time, Elapsed [seconds]
# name 2 = prDM: Pressure, Digiquartz [db]
# name 3 = t068C: Temperature [ITS-68, deg C]
# name 4 = c0S/m: Conductivity [S/m]
# name 5 = t168C: Temperature, 2 [ITS-68, deg C]
# name 6 = c1S/m: Conductivity, 2 [S/m]
# name 7 = altM: Altimeter [m]
# name 8 = flC: Fluorescence, Chelsea Aqua 3 Chl Con [ug/l]
# name 9 = sbeox0V: Oxygen raw, SBE 43 [V]
# name 10 = sbeox1V: Oxygen raw, SBE 43, 2 [V]
# name 11 = upoly0: Upoly 0, Optode 4330F - O2 D-Phase
# name 12 = upoly1: Upoly 1, Optode 4330F - O2 Temp
# name 13 = latitude: Latitude [deg]
# name 14 = longitude: Longitude [deg]
# name 15 = sal00: Salinity, Practical [PSU]
# name 16 = sal11: Salinity, Practical, 2 [PSU]
# name 17 = potemp068C: Potential Temperature [ITS-68, deg C]
# name 18 = potemp168C: Potential Temperature, 2 [ITS-68, deg C]
# name 19 = sigma-é00: Density [sigma-theta, Kg/m^3]
# name 20 = sigma-é11: Density, 2 [sigma-theta, Kg/m^3]
# name 21 = sbeox0ML/L: Oxygen, SBE 43 [ml/l], WS = 2
# name 22 = sbeox1ML/L: Oxygen, SBE 43, 2 [ml/l], WS = 2
# name 23 = nbin: number of scans per bin
# name 24 = flag: flag
# span 0 =       5678,      69850       
# span 1 =    236.547,   2910.356       
# span 2 =      3.000,   2503.000       
# span 3 =     2.1989,     8.2790       
# span 4 =   2.996202,   3.517992       
# span 5 =     2.2618,     8.2791       
# span 6 =   3.001672,   3.517971       
# span 7 =       4.44,     103.29       
# span 8 =     0.0056,     0.7622       
# span 9 =     2.1947,     3.7506       
# span 10 =     1.9438,     3.2735      
# span 11 =  29.870644,  35.553699      
# span 12 =  2.4993088,  8.3237886      
# span 13 =   48.93734,   48.93898      
# span 14 =  -45.82558,  -45.81397      
# span 15 =    33.6202,    34.9195      
# span 16 =    33.6189,    34.9187      
# span 17 =     2.1973,     8.2786      
# span 18 =     2.2602,     8.2787      
# span 19 =    26.1496,    27.8662      
# span 20 =    26.1486,    27.8660      
# span 21 =    6.23463,    9.34337      
# span 22 =    6.21845,    9.41297      
# span 23 =         11,        101      
# span 24 = 0.0000e+00, 0.0000e+00      
# interval = decibars: 1                
# start_time = Jul 06 2014 21:24:33 [NMEA time, header]
# bad_flag = -9.990e-29
*END*
[from data line 2319]
      64571   2690.427   2322.000     2.7145   3.232872     2.7136   3.232742      86.84     0.0162     2.2338     1.9772  35.450512  2.7168465   48.93844  -45.81452    34.9102    34.9097     2.5369     2.5359    27.8550    27.8547    6.42665    6.38812         18 0.0000e+00
      64589   2691.161   2323.000     2.7140   3.232868     2.7135   3.232771      51.48     0.0181     2.2334     1.9775  35.450550  2.7167277   48.93844  -45.81452    34.9102    34.9096     2.5363     2.5358    27.8551    27.8547    6.41642    6.39187         17 0.0000e+00
      64607   2691.904   2324.000     2.7136   3.232864     2.7129   3.232770      99.18     0.0175     2.2333     1.9775  35.450550  2.7128844   48.93844  -45.81452    34.9102    34.9097     2.5357     2.5351    27.8551    27.8548    6.40583    6.38889         18 0.0000e+00
      64625   2692.674   2325.000     2.7144   3.232974     2.7135   3.232873      98.64     0.0203     2.2325     1.9773  35.450550  2.7069020   48.93844  -45.81452    34.9101    34.9098     2.5365     2.5356    27.8550    27.8549    6.40220    6.38716         19 0.0000e+00
      64645   2693.511   2326.000     2.7150   3.233064     2.7141   3.232957      77.49     0.0181     2.2318     1.9773  35.450550  2.7069597   48.93844  -45.81452    34.9101    34.9098     2.5369     2.5361    27.8550    27.8548    6.41936    6.38372         22 0.0000e+00
      64669   2694.489   2327.000     2.7144   3.233053     2.7139   3.232960      55.65     0.0172     2.2323     1.9767  35.456005  2.7069597   48.93844  -45.81452    34.9101    34.9096     2.5363     2.5357    27.8550    27.8547    6.42090    6.37896         26 0.0000e+00
      64704   2695.949   2328.000     2.7100   3.232689     2.7098   3.232624      86.70     0.0160     2.2322     1.9761  35.453548  2.7069597   48.93844  -45.81452    34.9100    34.9094     2.5318     2.5317    27.8553    27.8549    6.42137    6.38267         46 0.0000e+00
      64751   2697.898   2329.000     2.7038   3.232184     2.7061   3.232332      83.72     0.0190     2.2313     1.9760  35.450378  2.7069597   48.93844  -45.81452    34.9100    34.9093     2.5257     2.5315    27.8558    27.8551    6.41507    6.38919         39 0.0000e+00
      64780   2699.109   2330.000     2.6906   3.231040     2.6898   3.230884      98.24     0.0175     2.2317     1.9761  35.450550  2.7069597   48.93844  -45.81452    34.9098    34.9087     2.5125     2.5118    27.8568    27.8560    6.42345    6.39318         23 0.0000e+00
      64801   2699.982   2331.000     2.6772   3.229877     2.6783   3.229906      98.65     0.0186     2.2308     1.9758  35.450550  2.7069597   48.93844  -45.81452    34.9095    34.9086     2.4993     2.5004    27.8578    27.8570    6.41797    6.38822         19 0.0000e+00
      64818   2700.713   2332.000     2.6728   3.229516     2.6722   3.229406      62.41     0.0180     2.2313     1.9755  35.451416  2.7069597   48.93844  -45.81452    34.9094    34.9087     2.4949     2.4943    27.8580    27.8575    6.42732    6.39239         17 0.0000e+00
      64834   2701.383   2333.000     2.6712   3.229414     2.6697   3.229232      68.58     0.0148     2.2308     1.9756  35.451527  2.7069597   48.93844  -45.81452    34.9093    34.9087     2.4933     2.4918    27.8581    27.8578    6.42225    6.39690         15 0.0000e+00
      64850   2702.029   2334.000     2.6691   3.229270     2.6687   3.229176      99.02     0.0140     2.2305     1.9755  35.454247  2.6896453   48.93844  -45.81450    34.9094    34.9087     2.4911     2.4907    27.8583    27.8578    6.42900    6.40097         16 0.0000e+00
      64865   2702.680   2335.000     2.6686   3.229270     2.6679   3.229143      98.63     0.0141     2.2309     1.9759  35.460548  2.6777976   48.93844  -45.81450    34.9093    34.9087     2.4905     2.4980    27.8583    27.8579    6.43142    6.40216         16 0.0000e+00
      64882   2703.367   2336.000     2.6682   3.229254     2.6672   3.229122      93.24     0.0161     2.2305     1.9755  35.460888  2.6776557   48.93844  -45.81450    34.9092    34.9087     2.4900     2.4891    27.8583    27.8580    6.43018    6.39407         17 0.0000e+00
      64900   2704.140   2337.000     2.6635   3.228879     2.6633   3.228787      49.78     0.0166     2.2309     1.9754  35.460808  2.6703887   48.93844  -45.81450    34.9092    34.9083     2.4853     2.4851    27.8587    27.8580    6.42660    6.39629         20 0.0000e+00
      64923   2705.090   2338.000     2.6555   3.228196     2.6552   3.228116      97.90     0.0143     2.2299     1.9753  35.466248  2.6679239   48.93844  -45.81450    34.9090    34.9083     2.4773     2.4771    27.8592    27.8587    6.42587    6.40416         26 0.0000e+00
      64951   2706.241   2339.000     2.6534   3.228063     2.6530   3.227968      90.33     0.0166     2.2304     1.9753  35.475239  2.6625993   48.93844  -45.81450    34.9091    34.9085     2.4752     2.4748    27.8595    27.8590    6.43851    6.40388         28 0.0000e+00
      64978   2707.363   2340.000     2.6536   3.228112     2.6526   3.227982      65.39     0.0177     2.2303     1.9753  35.479889  2.6595995   48.93846  -45.81450    34.9090    34.9085     2.4753     2.4743    27.8594    27.8591    6.43224    6.40356         26 0.0000e+00
      65003   2708.403   2341.000     2.6528   3.228084     2.6520   3.227972      98.21     0.0163     2.2296     1.9753  35.458450  2.6546681   48.93846  -45.81450    34.9090    34.9085     2.4744     2.4737    27.8595    27.8592    6.42775    6.40326         25 0.0000e+00
      65030   2709.538   2342.000     2.6525   3.228095     2.6517   3.227980      71.47     0.0261     2.2299     1.9750  35.458839  2.6539021   48.93846  -45.81450    34.9090    34.9085     2.4740     2.4733    27.8595    27.8592    6.43600    6.40301         30 0.0000e+00
      65062   2710.864   2343.000     2.6514   3.228042     2.6495   3.227829      90.29     0.0227     2.2295     1.9749  35.462948  2.6483996   48.93846  -45.81450    34.9091    34.9085     2.4729     2.4710    27.8597    27.8594    6.43176    6.40054         33 0.0000e+00
      65092   2712.138   2344.000     2.6477   3.227759     2.6476   3.227689      97.48     0.0188     2.2292     1.9744  35.462482  2.6483517   48.93846  -45.81450    34.9091    34.9084     2.4691     2.4690    27.8600    27.8595    6.43254    6.39717         27 0.0000e+00
      65117   2713.151   2345.000     2.6440   3.227465     2.6433   3.227342      45.83     0.0171     2.2292     1.9741  35.462410  2.6483517   48.93846  -45.81450    34.9091    34.9084     2.4653     2.4647    27.8603    27.8598    6.43175    6.40324         21 0.0000e+00
      65136   2713.957   2346.000     2.6426   3.227382     2.6420   3.227279      99.88     0.0187     2.2288     1.9741  35.461933  2.6483517   48.93846  -45.81450    34.9090    34.9085     2.4640     2.4633    27.8604    27.8600    6.43556    6.40145         18 0.0000e+00
      65153   2714.655   2347.000     2.6427   3.227429     2.6420   3.227332      33.35     0.0181     2.2289     1.9739  35.459679  2.6483517   48.93846  -45.81450    34.9090    34.9086     2.4640     2.4633    27.8604    27.8601    6.43489    6.40103         16 0.0000e+00
      65168   2715.311   2348.000     2.6431   3.227504     2.6424   3.227401      76.76     0.0179     2.2286     1.9736  35.463360  2.6483517   48.93846  -45.81450    34.9091    34.9085     2.4642     2.4636    27.8604    27.8600    6.43636    6.40489         16 0.0000e+00
      65184   2715.965   2349.000     2.6403   3.227288     2.6395   3.227139      33.70     0.0192     2.2290     1.9738  35.471439  2.6429737   48.93846  -45.81450    34.9089    34.9081     2.4614     2.4605    27.8605    27.8599    6.44445    6.40926         16 0.0000e+00
      65201   2716.652   2350.000     2.6275   3.226191     2.6272   3.226073      92.97     0.0187     2.2287     1.9737  35.477989  2.6386764   48.93846  -45.81450    34.9089    34.9077     2.4487     2.4484    27.8616    27.8607    6.43791    6.41411         17 0.0000e+00
      65220   2717.442   2351.000     2.6198   3.225543     2.6193   3.225430      94.60     0.0169     2.2284     1.9739  35.479816  2.6385837   48.93846  -45.81450    34.9088    34.9079     2.4410     2.4406    27.8621    27.8615    6.44359    6.41391         21 0.0000e+00
      65242   2718.363   2352.000     2.6174   3.225362     2.6168   3.225253      82.59     0.0171     2.2287     1.9737  35.478596  2.6297829   48.93846  -45.81450    34.9087    34.9080     2.4386     2.4380    27.8623    27.8618    6.43848    6.40772         23 0.0000e+00
      65266   2719.364   2353.000     2.6173   3.225384     2.6164   3.225262      65.60     0.0159     2.2276     1.9732  35.479259  2.6288247   48.93846  -45.81450    34.9086    34.9080     2.4384     2.4375    27.8622    27.8619    6.42853    6.40021         25 0.0000e+00
      65291   2720.423   2354.000     2.6161   3.225328     2.6156   3.225216      98.19     0.0151     2.2276     1.9727  35.460941  2.6199195   48.93847  -45.81450    34.9086    34.9079     2.4372     2.4366    27.8624    27.8618    6.44766    6.40582         26 0.0000e+00
      65326   2721.856   2355.000     2.6155   3.225298     2.6147   3.225179      75.75     0.0148     2.2275     1.9723  35.469555  2.6158016   48.93848  -45.81450    34.9084    34.9079     2.4365     2.4357    27.8623    27.8619    6.43927    6.40467         47 0.0000e+00
      65374   2723.879   2356.000     2.6149   3.225295     2.6142   3.225180     101.35     0.0171     2.2266     1.9717  35.479118  2.6137125   48.93848  -45.81450    34.9086    34.9080     2.4358     2.4350    27.8625    27.8620    6.42797    6.40259         36 0.0000e+00
      65398   2724.886   2357.000     2.6138   3.225242     2.6131   3.225134      46.41     0.0154     2.2261     1.9713  35.475384  2.6181860   48.93848  -45.81450    34.9087    34.9081     2.4346     2.4339    27.8626    27.8623    6.44065    6.40395         20 0.0000e+00
      65416   2725.611   2358.000     2.6123   3.225155     2.6112   3.224996      44.07     0.0144     2.2259     1.9712  35.479893  2.6190562   48.93848  -45.81451    34.9087    34.9080     2.4331     2.4319    27.8628    27.8623    6.44383    6.40495         16 0.0000e+00
      65431   2726.260   2359.000     2.6098   3.224962     2.6089   3.224837      97.56     0.0134     2.2262     1.9710  35.477871  2.6111124   48.93848  -45.81452    34.9086    34.9080     2.4305     2.4296    27.8629    27.8625    6.44327    6.40265         15 0.0000e+00
      65447   2726.896   2360.000     2.6088   3.224914     2.6082   3.224814      98.64     0.0132     2.2260     1.9707  35.479855  2.6117220   48.93848  -45.81451    34.9086    34.9080     2.4294     2.4288    27.8630    27.8626    6.43415    6.40568         16 0.0000e+00
      65463   2727.563   2361.000     2.6085   3.224930     2.6078   3.224817      74.22     0.0182     2.2255     1.9708  35.474358  2.6117215   48.93848  -45.81450    34.9086    34.9080     2.4290     2.4283    27.8630    27.8627    6.43966    6.41163         16 0.0000e+00
      65479   2728.271   2362.000     2.6079   3.224908     2.6071   3.224800      54.86     0.0193     2.2257     1.9707  35.474972  2.6022282   48.93848  -45.81450    34.9085    34.9080     2.4283     2.4276    27.8631    27.8627    6.44817    6.40961         18 0.0000e+00
      65498   2729.030   2363.000     2.6069   3.224858     2.6063   3.224764      97.95     0.0185     2.2256     1.9708  35.479778  2.6010723   48.93848  -45.81450    34.9085    34.9080     2.4272     2.4267    27.8631    27.8628    6.44638    6.40970         19 0.0000e+00
      65517   2729.851   2364.000     2.6067   3.224879     2.6063   3.224798      98.63     0.0217     2.2255     1.9706  35.479855  2.6000037   48.93848  -45.81450    34.9085    34.9079     2.4269     2.4266    27.8632    27.8627    6.43703    6.41132         20 0.0000e+00
      65539   2730.761   2365.000     2.6065   3.224901     2.6058   3.224798      55.88     0.0184     2.2250     1.9705  35.478645  2.5995166   48.93848  -45.81450    34.9085    34.9080     2.4267     2.4259    27.8632    27.8629    6.44105    6.41279         24 0.0000e+00
      65567   2731.898   2366.000     2.6062   3.224913     2.6057   3.224821      92.51     0.0186     2.2251     1.9705  35.486008  2.5995116   48.93848  -45.81450    34.9085    34.9079     2.4263     2.4258    27.8632    27.8628    6.44545    6.41318         32 0.0000e+00
      65604   2733.476   2367.000     2.6064   3.224968     2.6059   3.224885      36.90     0.0164     2.2247     1.9702  35.489460  2.5995116   48.93848  -45.81450    34.9085    34.9080     2.4263     2.4259    27.8632    27.8629    6.43390    6.40885         40 0.0000e+00
      65638   2734.876   2368.000     2.6068   3.225052     2.6061   3.224945      94.49     0.0140     2.2238     1.9700  35.475086  2.5995116   48.93848  -45.81450    34.9086    34.9080     2.4267     2.4260    27.8633    27.8628    6.43930    6.40716         27 0.0000e+00
      65663   2735.901   2369.000     2.6067   3.225087     2.6060   3.224979      94.03     0.0156     2.2239     1.9695  35.479965  2.5995116   48.93848  -45.81451    34.9086    34.9081     2.4265     2.4258    27.8633    27.8629    6.44822    6.40043         23 0.0000e+00
      65684   2736.795   2370.000     2.6060   3.225063     2.6053   3.224963      44.20     0.0148     2.2238     1.9689  35.479103  2.5995116   48.93848  -45.81451    34.9086    34.9081     2.4257     2.4251    27.8633    27.8630    6.44266    6.40280         20 0.0000e+00
      65703   2737.590   2371.000     2.6040   3.224923     2.6036   3.224844      82.85     0.0135     2.2240     1.9690  35.480637  2.5995116   48.93848  -45.81450    34.9086    34.9080     2.4236     2.4233    27.8635    27.8631    6.43670    6.41457         19 0.0000e+00
      65721   2738.323   2372.000     2.6022   3.224802     2.6016   3.224709      98.40     0.0118     2.2230     1.9690  35.494308  2.5995116   48.93848  -45.81450    34.9086    34.9081     2.4217     2.4212    27.8637    27.8633    6.43754    6.41357         17 0.0000e+00
      65737   2739.010   2373.000     2.6018   3.224806     2.6011   3.224704      98.63     0.0199     2.2233     1.9690  35.494507  2.5995116   48.93848  -45.81450    34.9085    34.9081     2.4213     2.4206    27.8637    27.8633    6.44474    6.41209         16 0.0000e+00
      65753   2739.669   2374.000     2.6016   3.224825     2.6010   3.224728      98.64     0.0220     2.2231     1.9688  35.493618  2.5983245   48.93848  -45.81450    34.9085    34.9080     2.4211     2.4204    27.8636    27.8633    6.44092    6.40826         16 0.0000e+00
      65770   2740.355   2375.000     2.6018   3.224884     2.6011   3.224778      98.63     0.0203     2.2230     1.9686  35.494480  2.5933404   48.93848  -45.81450    34.9085    34.9080     2.4211     2.4204    27.8637    27.8633    6.43831    6.40103         17 0.0000e+00
      65787   2741.102   2376.000     2.6015   3.224889     2.6007   3.224778      98.64     0.0182     2.2224     1.9680  35.494507  2.5933375   48.93848  -45.81450    34.9085    34.9080     2.4207     2.4199    27.8637    27.8633    6.43889    6.40379         19 0.0000e+00
      65809   2741.983   2377.000     2.6015   3.224925     2.6007   3.224824      46.67     0.0186     2.2224     1.9680  35.494507  2.5910647   48.93850  -45.81450    34.9085    34.9080     2.4206     2.4199    27.8637    27.8633    6.44538    6.41276         24 0.0000e+00
      65842   2743.366   2378.000     2.6016   3.224972     2.6009   3.224871      88.11     0.0175     2.2222     1.9676  35.494507  2.5898545   48.93850  -45.81450    34.9083    34.9079     2.4207     2.4200    27.8636    27.8633    6.44110    6.40578         47 0.0000e+00
