data/CTD/2014/CNV/d017a037.cnv
* Sea-Bird SBE 9 Data File:
* FileName = C:\CTD_ACQUISITION\2014017HUD\ctddata\017A037.hdr
* Software Version Seasave V 7.22.2
* Temperature SN = 5081
* Conductivity SN = 3561
* Number of Bytes Per Scan = 37
* Number of Voltage Words = 4
* Number of Scans Averaged by the Deck Unit = 1
* NMEA Latitude = 48 23.51 N
* NMEA Longitude = 046 37.86 W
* NMEA UTC (Time) = Jul 09 2014 22:08:37
* NMEA baud rate = 9600
** Ship: Hudson
** Cruise: HUD2014017
** Chief_Scientist: Blair Greenan
** Organization: BIO
** Area_of_Operation: Sackville Spur
** Station: 037
** Sounding:  1815
** Event_Comments: SS_09, 403209
# nquan = 25
# nvalues = 1850                        
# units = specified
# name 0 = scan: Scan Count
# name 1 = timeS: Time, Elapsed [seconds]
# name 2 = prDM: Pressure, Digiquartz [db]
# name 3 = t068C: Temperature [ITS-68, deg C]
# name 4 = c0S/m: Conductivity [S/m]
# name 5 = t168C: Temperature, 2 [ITS-68, deg C]
# name 6 = c1S/m: Conductivity, 2 [S/m]
# name 7 = altM: Altimeter [m]
# name 8 = flC: Fluorescence, Chelsea Aqua 3 Chl Con [ug/l]
# name 9 = sbeox0V: Oxygen raw, SBE 43 [V]
# name 10 = sbeox1V: Oxygen raw, SBE 43, 2 [V]
# name 11 = upoly0: Upoly 0, Optode 4330F - O2 D-Phase
# name 12 = upoly1: Upoly 1, Optode 4330F - O2 Temp
# name 13 = latitude: Latitude [deg]
# name 14 = longitude: Longitude [deg]
# name 15 = sal00: Salinity, Practical [PSU]
# name 16 = sal11: Salinity, Practical, 2 [PSU]
# name 17 = potemp068C: Potential Temperature [ITS-68, deg C]
# name 18 = potemp168C: Potential Temperature, 2 [ITS-68, deg C]
# name 19 = sigma-é00: Density [sigma-theta, Kg/m^3]
# name 20 = sigma-é11: Density, 2 [sigma-theta, Kg/m^3]
# name 21 = sbeox0ML/L: Oxygen, SBE 43 [ml/l], WS = 2
# name 22 = sbeox1ML/L: Oxygen, SBE 43, 2 [ml/l], WS = 2
# name 23 = nbin: number of scans per bin
# name 24 = flag: flag
# span 0 =       6101,      58553       
# span 1 =    254.164,   2439.668       
# span 2 =      2.000,   1851.000       
# span 3 =    -1.2472,     7.8351       
# span 4 =   2.674266,   3.403371       
# span 5 =    -1.2480,     7.8337       
# span 6 =   2.674173,   3.403212       
# span 7 =       1.45,     107.05       
# span 8 =     0.0083,     2.9084       
# span 9 =     2.3359,     3.6497       
# span 10 =     2.0656,     3.2200      
# span 11 =  30.160158,  35.161747      
# span 12 = -1.0145725,  7.4672565      
# span 13 =   48.39210,   48.39326      
# span 14 =  -46.62950,  -46.62111      
# span 15 =    32.8219,    34.9165      
# span 16 =    32.8207,    34.9161      
# span 17 =    -1.2479,     7.8348      
# span 18 =    -1.2487,     7.8334      
# span 19 =    25.5888,    27.8097      
# span 20 =    25.5878,    27.8097      
# span 21 =    6.25734,    9.66937      
# span 22 =    6.24307,    9.83027      
# span 23 =         12,        115      
# span 24 = 0.0000e+00, 0.0000e+00      
# interval = decibars: 1                
# start_time = Jul 09 2014 22:08:37 [NMEA time, header]
# bad_flag = -9.990e-29
*END*
[from data line 116]
      11721    488.339    118.000     1.6871   2.991247     1.6855   2.991180      75.75     0.0155     2.8951     2.5636  34.131393  1.5644377   48.39258  -46.62752    34.1851    34.1860     1.6813     1.6796    27.3430    27.3438    6.86990    6.93151         30 0.0000e+00
      11763    490.102    119.000     1.7206   2.995185     1.7210   2.995314      95.24     0.0180     2.8903     2.5593  34.123020  1.5875037   48.39258  -46.62750    34.1979    34.1992     1.7147     1.7150    27.3508    27.3518    6.83349    6.90477         71 0.0000e+00
      11840    493.274    120.000     1.7445   2.997930     1.7393   2.997424      98.64     0.0141     2.8816     2.5536  34.133350  1.6269236   48.39259  -46.62748    34.2061    34.2059     1.7385     1.7333    27.3556    27.3558    6.81712    6.89508         44 0.0000e+00
      11866    494.393    121.000     1.8079   3.005133     1.8074   3.005149      98.64     0.0163     2.8806     2.5530  34.131866  1.6227102   48.39260  -46.62748    34.2276    34.2284     1.8018     1.8013    27.3680    27.3687    6.80502    6.87556         26 0.0000e+00
      11896    495.637    122.000     1.8143   3.005886     1.8141   3.005914      98.64     0.0134     2.8795     2.5504  34.122482  1.6706793   48.39262  -46.62746    34.2297    34.2301     1.8081     1.8080    27.3693    27.3696    6.81262    6.86463         36 0.0000e+00
      11947    497.748    123.000     1.8200   3.006525     1.8195   3.006515      98.64     0.0188     2.8787     2.5484  34.128387  1.7120306   48.39262  -46.62745    34.2309    34.2313     1.8138     1.8132    27.3698    27.3702    6.80722    6.86771         61 0.0000e+00
      12001    500.011    124.000     1.8272   3.007352     1.8267   3.007335      79.48     0.0149     2.8769     2.5471  34.170895  1.7295848   48.39264  -46.62744    34.2329    34.2333     1.8209     1.8204    27.3709    27.3712    6.79968    6.86022         53 0.0000e+00
      12064    502.630    125.000     1.8379   3.008579     1.8371   3.008554     100.06     0.0208     2.8743     2.5444  34.177628  1.7535069   48.39265  -46.62742    34.2362    34.2367     1.8315     1.8308    27.3727    27.3732    6.78404    6.84255         61 0.0000e+00
      12106    504.385    126.000     1.8501   3.009961     1.8493   3.009914      98.64     0.0186     2.8717     2.5411  34.184235  1.7595835   48.39266  -46.62740    34.2398    34.2400     1.8436     1.8429    27.3747    27.3749    6.78063    6.83994         30 0.0000e+00
      12132    505.476    127.000     1.8520   3.010222     1.8518   3.010219      91.01     0.0170     2.8713     2.5418  34.197159  1.7696133   48.39266  -46.62740    34.2405    34.2406     1.8455     1.8453    27.3751    27.3752    6.79253    6.86175         24 0.0000e+00
      12159    506.564    128.000     1.8629   3.011447     1.8621   3.011415      69.58     0.0151     2.8717     2.5422  34.195423  1.7726996   48.39267  -46.62739    34.2435    34.2440     1.8563     1.8555    27.3767    27.3771    6.78850    6.83469         30 0.0000e+00
      12231    509.598    129.000     1.8730   3.012579     1.8700   3.012391      99.65     0.0175     2.8701     2.5386  34.212227  1.7984778   48.39269  -46.62737    34.2462    34.2465     1.8664     1.8636    27.3781    27.3785    6.77947    6.82502         48 0.0000e+00
      12304    512.608    130.000     1.8856   3.013990     1.8865   3.014174      48.10     0.0185     2.8683     2.5376  34.219963  1.8085490   48.39270  -46.62735    34.2497    34.2510     1.8790     1.8798    27.3799    27.3809    6.78141    6.82918         21 0.0000e+00
      12322    513.393    131.000     1.8953   3.015083     1.8957   3.015134      97.28     0.0178     2.8685     2.5376  34.221138  1.8155416   48.39272  -46.62734    34.2523    34.2525     1.8886     1.8890    27.3813    27.3814    6.78709    6.83371         21 0.0000e+00
      12348    514.458    132.000     1.9007   3.015674     1.9001   3.015636      98.64     0.0179     2.8700     2.5381  34.220692  1.8196876   48.39272  -46.62734    34.2534    34.2536     1.8939     1.8933    27.3818    27.3819    6.78767    6.83321         34 0.0000e+00
      12417    517.318    133.000     1.9007   3.015728     1.9011   3.015809      87.61     0.0195     2.8672     2.5368  34.227299  1.8497576   48.39273  -46.62733    34.2535    34.2541     1.8938     1.8943    27.3818    27.3822    6.75268    6.81571         84 0.0000e+00
      12475    519.743    134.000     1.9526   3.021341     1.9534   3.021604      92.01     0.0152     2.8627     2.5333  34.234596  1.8555492   48.39274  -46.62731    34.2672    34.2696     1.9456     1.9464    27.3888    27.3907    6.73476    6.79052         44 0.0000e+00
      12515    521.421    135.000     2.0388   3.030832     2.0388   3.030982      98.83     0.0139     2.8605     2.5314  34.234432  1.8734672   48.39276  -46.62730    34.2923    34.2942     2.0317     2.0316    27.4022    27.4038    6.71545    6.77604         37 0.0000e+00
      12551    522.914    136.000     2.0711   3.034536     2.0703   3.034529      98.64     0.0133     2.8592     2.5313  34.229294  1.9035496   48.39276  -46.62729    34.3031    34.3039     2.0639     2.0631    27.4084    27.4090    6.71846    6.77675         37 0.0000e+00
      12588    524.444    137.000     2.0926   3.037025     2.0922   3.037025      66.88     0.0166     2.8600     2.5313  34.220146  1.9528750   48.39277  -46.62728    34.3104    34.3109     2.0853     2.0849    27.4125    27.4129    6.73299    6.77418         36 0.0000e+00
      12632    526.276    138.000     2.0971   3.037565     2.0963   3.037529      94.68     0.0158     2.8625     2.5321  34.232044  2.0002434   48.39278  -46.62727    34.3117    34.3121     2.0898     2.0892    27.4132    27.4135    6.74023    6.78315         65 0.0000e+00
      12721    529.995    139.000     2.1019   3.038193     2.1003   3.038116      98.63     0.0183     2.8658     2.5339  34.232449  2.0272727   48.39280  -46.62725    34.3138    34.3147     2.0945     2.0928    27.4145    27.4153    6.73991    6.78985         60 0.0000e+00
      12745    531.004    140.000     2.1512   3.043707     2.1493   3.043710      47.42     0.0191     2.8664     2.5357  34.234436  2.0266056   48.39280  -46.62724    34.3289    34.3306     2.1436     2.1418    27.4227    27.4241    6.73327    6.79109         23 0.0000e+00
      12768    531.940    141.000     2.1800   3.046952     2.1794   3.046996      97.67     0.0205     2.8661     2.5362  34.234432  2.0328438   48.39281  -46.62724    34.3376    34.3389     2.1724     2.1718    27.4273    27.4284    6.72643    6.78080         23 0.0000e+00
      12796    533.117    142.000     2.1968   3.048838     2.1975   3.048938      98.64     0.0203     2.8675     2.5369  34.227360  2.0619371   48.39282  -46.62724    34.3425    34.3432     2.1891     2.1898    27.4299    27.4304    6.73400    6.78490         39 0.0000e+00
      12891    537.102    143.000     2.1926   3.048417     2.1935   3.048563      77.17     0.0192     2.8687     2.5372  34.217884  2.1262362   48.39284  -46.62720    34.3411    34.3419     2.1849     2.1858    27.4291    27.4297    6.73066    6.76613         68 0.0000e+00
      12928    538.631    144.000     2.2110   3.050373     2.2131   3.050666      99.01     0.0169     2.8691     2.5356  34.219231  2.1210177   48.39284  -46.62720    34.3455    34.3465     2.2028     2.2053    27.4312    27.4318    6.72899    6.76919         27 0.0000e+00
      12954    539.705    145.000     2.2213   3.051543     2.2204   3.051507      98.64     0.0168     2.8688     2.5355  34.205166  2.1400001   48.39285  -46.62720    34.3480    34.3486     2.2134     2.2125    27.4324    27.4329    6.72237    6.76346         27 0.0000e+00
      12987    541.096    146.000     2.2275   3.052268     2.2311   3.052772      98.64     0.0190     2.8683     2.5348  34.205128  2.1497679   48.39286  -46.62719    34.3498    34.3522     2.2195     2.2231    27.4333    27.4349    6.71951    6.76248         44 0.0000e+00
      13048    543.612    147.000     2.2369   3.053412     2.2428   3.054124      80.62     0.0202     2.8676     2.5354  34.194195  2.1666512   48.39288  -46.62718    34.3533    34.3557     2.2289     2.2348    27.4353    27.4368    6.72088    6.76963         69 0.0000e+00
      13100    545.791    148.000     2.2642   3.056517     2.2631   3.056415      99.13     0.0144     2.8666     2.5351  34.180737  2.1795843   48.39288  -46.62716    34.3620    34.3619     2.2560     2.2549    27.4401    27.4401    6.70427    6.75235         36 0.0000e+00
      13133    547.182    149.000     2.2648   3.056645     2.2647   3.056645      98.64     0.0130     2.8663     2.5341  34.185638  2.1956477   48.39289  -46.62716    34.3623    34.3625     2.2567     2.2565    27.4402    27.4404    6.71520    6.76092         33 0.0000e+00
      13168    548.624    150.000     2.2759   3.057956     2.2746   3.057810      90.89     0.0214     2.8662     2.5352  34.189262  2.2103651   48.39290  -46.62715    34.3661    34.3662     2.2677     2.2663    27.4424    27.4426    6.71506    6.76785         38 0.0000e+00
      13218    550.697    151.000     2.2876   3.059314     2.2867   3.059216      85.22     0.0189     2.8675     2.5360  34.180946  2.2216527   48.39291  -46.62714    34.3698    34.3696     2.2793     2.2784    27.4444    27.4443    6.71953    6.76373         65 0.0000e+00
      13283    553.405    152.000     2.2896   3.059577     2.2868   3.059305      99.88     0.0165     2.8679     2.5358  34.168362  2.2344272   48.39292  -46.62712    34.3703    34.3700     2.2812     2.2784    27.4446    27.4446    6.71284    6.75869         50 0.0000e+00
      13318    554.855    153.000     2.3078   3.061682     2.3071   3.061625      98.64     0.0176     2.8670     2.5357  34.164646  2.2402050   48.39292  -46.62712    34.3763    34.3764     2.2994     2.2986    27.4479    27.4481    6.70782    6.75845         29 0.0000e+00
      13345    556.015    154.000     2.3433   3.065741     2.3441   3.065998      98.64     0.0167     2.8672     2.5357  34.175575  2.2476904   48.39294  -46.62712    34.3879    34.3901     2.3347     2.3355    27.4543    27.4560    6.71203    6.75404         29 0.0000e+00
      13380    557.472    155.000     2.3783   3.069750     2.3794   3.069946      98.64     0.0222     2.8683     2.5363  34.165493  2.2610130   48.39294  -46.62711    34.3993    34.4006     2.3696     2.3707    27.4606    27.4615    6.71007    6.75514         44 0.0000e+00
      13441    559.993    156.000     2.3979   3.072112     2.3978   3.072060      98.58     0.0201     2.8697     2.5378  34.145203  2.3022373   48.39294  -46.62710    34.4069    34.4063     2.3891     2.3891    27.4650    27.4646    6.70829    6.75349         71 0.0000e+00
      13496    562.312    157.000     2.4227   3.074819     2.4231   3.074924      98.64     0.0201     2.8703     2.5383  34.136208  2.3271325   48.39296  -46.62708    34.4131    34.4140     2.4139     2.4143    27.4679    27.4685    6.70594    6.74786         37 0.0000e+00
      13527    563.572    158.000     2.4423   3.077049     2.4396   3.076826      98.64     0.0193     2.8714     2.5386  34.132313  2.3426592   48.39296  -46.62708    34.4191    34.4192     2.4333     2.4307    27.4711    27.4714    6.71184    6.74829         27 0.0000e+00
      13553    564.681    159.000     2.4563   3.078654     2.4562   3.078670      98.56     0.0186     2.8725     2.5387  34.130310  2.3483021   48.39296  -46.62707    34.4233    34.4236     2.4473     2.4471    27.4733    27.4735    6.71133    6.74476         28 0.0000e+00
      13596    566.468    160.000     2.4550   3.078551     2.4555   3.078604      98.62     0.0188     2.8740     2.5396  34.118649  2.3777001   48.39297  -46.62706    34.4228    34.4230     2.4460     2.4464    27.4730    27.4731    6.71926    6.75303         68 0.0000e+00
      13669    569.516    161.000     2.4647   3.079659     2.4642   3.079660      98.64     0.0219     2.8767     2.5399  34.115944  2.3969500   48.39298  -46.62704    34.4255    34.4261     2.4556     2.4551    27.4743    27.4748    6.71708    6.74088         52 0.0000e+00
      13702    570.889    162.000     2.5002   3.083660     2.5006   3.083791      98.50     0.0213     2.8761     2.5397  34.111622  2.4008307   48.39298  -46.62704    34.4362    34.4374     2.4910     2.4913    27.4799    27.4808    6.70755    6.75175         29 0.0000e+00
      13730    572.033    163.000     2.5186   3.085779     2.5186   3.085825      98.62     0.0220     2.8764     2.5410  34.102634  2.4131036   48.39298  -46.62703    34.4420    34.4426     2.5093     2.5093    27.4830    27.4834    6.71057    6.75298         27 0.0000e+00
      13759    573.242    164.000     2.5371   3.087934     2.5375   3.087991      98.64     0.0227     2.8773     2.5426  34.094036  2.4323702   48.39300  -46.62702    34.4476    34.4485     2.5277     2.5280    27.4858    27.4866    6.71327    6.75610         33 0.0000e+00
      13820    575.779    165.000     2.5508   3.089476     2.5502   3.089427      98.58     0.0185     2.8789     2.5432  34.081432  2.4642737   48.39300  -46.62702    34.4519    34.4519     2.5413     2.5410    27.4881    27.4882    6.71012    6.74377         89 0.0000e+00
      13883    578.429    166.000     2.5755   3.092242     2.5751   3.092268      98.62     0.0215     2.8785     2.5433  34.059219  2.4829595   48.39300  -46.62700    34.4589    34.4597     2.5659     2.5655    27.4916    27.4923    6.71160    6.75663         31 0.0000e+00
      13909    579.510    167.000     2.5874   3.093637     2.5857   3.093467      98.64     0.0259     2.8804     2.5457  34.058598  2.4921463   48.39300  -46.62700    34.4627    34.4623     2.5778     2.5769    27.4937    27.4935    6.72497    6.77327         25 0.0000e+00
      13934    580.539    168.000     2.5956   3.094612     2.5956   3.094657      98.64     0.0251     2.8821     2.5483  34.058609  2.4935327   48.39300  -46.62699    34.4654    34.4659     2.5858     2.5859    27.4951    27.4955    6.73319    6.78467         26 0.0000e+00
      13980    582.471    169.000     2.6065   3.095900     2.6085   3.096071      98.50     0.0154     2.8860     2.5523  34.034283  2.5314445   48.39301  -46.62698    34.4689    34.4689     2.5967     2.5987    27.4970    27.4968    6.74003    6.78642         78 0.0000e+00
      14050    585.355    170.000     2.6363   3.099242     2.6489   3.100862      98.65     0.0157     2.8905     2.5557  34.025768  2.5519841   48.39302  -46.62696    34.4775    34.4839     2.6264     2.6390    27.5013    27.5053    6.74034    6.77526         33 0.0000e+00
      14074    586.368    171.000     2.7023   3.106714     2.7011   3.106748      98.64     0.0190     2.8915     2.5558  34.025349  2.5506716   48.39302  -46.62696    34.4979    34.4997     2.6923     2.6910    27.5119    27.5134    6.72952    6.76554         26 0.0000e+00
      14104    587.623    172.000     2.7463   3.111721     2.7439   3.111557      98.64     0.0191     2.8923     2.5570  34.004902  2.5817306   48.39302  -46.62695    34.5116    34.5121     2.7361     2.7337    27.5189    27.5196    6.72246    6.76896         38 0.0000e+00
      14156    589.793    173.000     2.7933   3.117107     2.7956   3.117388      98.36     0.0155     2.8937     2.5568  33.977856  2.6390703   48.39304  -46.62694    34.5267    34.5277     2.7829     2.7852    27.5269    27.5275    6.71213    6.74048         61 0.0000e+00
      14205    591.845    174.000     2.8186   3.119983     2.8191   3.120085      98.65     0.0175     2.8933     2.5569  33.970085  2.6846631   48.39304  -46.62693    34.5342    34.5349     2.8082     2.8087    27.5306    27.5311    6.70258    6.75414         37 0.0000e+00
