data/CTD/2014/CNV/d017a047.cnv
* Sea-Bird SBE 9 Data File:
* FileName = C:\CTD_ACQUISITION\2014017HUD\ctddata\017A047.hdr
* Software Version Seasave V 7.22.2
* Temperature SN = 5081
* Conductivity SN = 3561
* Number of Bytes Per Scan = 37
* Number of Voltage Words = 4
* Number of Scans Averaged by the Deck Unit = 1
* NMEA Latitude = 47 48.52 N
* NMEA Longitude = 045 57.88 W
* NMEA UTC (Time) = Jul 11 2014 00:32:51
* NMEA baud rate = 9600
** Ship: Hudson
** Cruise: HUD2014017
** Chief_Scientist: Blair Greenan
** Organization: BIO
** Area_of_Operation: Sackville Spur
** Station: 047
** Sounding:  716
** Event_Comments: SS_18.5, 403274
# nquan = 25
# nvalues = 731                         
# units = specified
# name 0 = scan: Scan Count
# name 1 = timeS: Time, Elapsed [seconds]
# name 2 = prDM: Pressure, Digiquartz [db]
# name 3 = t068C: Temperature [ITS-68, deg C]
# name 4 = c0S/m: Conductivity [S/m]
# name 5 = t168C: Temperature, 2 [ITS-68, deg C]
# name 6 = c1S/m: Conductivity, 2 [S/m]
# name 7 = altM: Altimeter [m]
# name 8 = flC: Fluorescence, Chelsea Aqua 3 Chl Con [ug/l]
# name 9 = sbeox0V: Oxygen raw, SBE 43 [V]
# name 10 = sbeox1V: Oxygen raw, SBE 43, 2 [V]
# name 11 = upoly0: Upoly 0, Optode 4330F - O2 D-Phase
# name 12 = upoly1: Upoly 1, Optode 4330F - O2 Temp
# name 13 = latitude: Latitude [deg]
# name 14 = longitude: Longitude [deg]
# name 15 = sal00: Salinity, Practical [PSU]
# name 16 = sal11: Salinity, Practical, 2 [PSU]
# name 17 = potemp068C: Potential Temperature [ITS-68, deg C]
# name 18 = potemp168C: Potential Temperature, 2 [ITS-68, deg C]
# name 19 = sigma-é00: Density [sigma-theta, Kg/m^3]
# name 20 = sigma-é11: Density, 2 [sigma-theta, Kg/m^3]
# name 21 = sbeox0ML/L: Oxygen, SBE 43 [ml/l], WS = 2
# name 22 = sbeox1ML/L: Oxygen, SBE 43, 2 [ml/l], WS = 2
# name 23 = nbin: number of scans per bin
# name 24 = flag: flag
# span 0 =       5508,      27152       
# span 1 =    229.448,   1131.310       
# span 2 =      2.000,    732.000       
# span 3 =     2.9027,     8.6815       
# span 4 =   3.102631,   3.520594       
# span 5 =     2.9020,     8.6621       
# span 6 =   3.101458,   3.517922       
# span 7 =     -10.70,     100.83       
# span 8 =     0.0099,     1.1424       
# span 9 =     2.6837,     3.6962       
# span 10 =     2.3667,     3.2265      
# span 11 =  29.912287,  34.175907      
# span 12 =  2.7942107,  8.7429085      
# span 13 =   47.80917,   47.81228      
# span 14 =  -45.96590,  -45.96480      
# span 15 =    33.1053,    34.8921      
# span 16 =    33.1044,    34.8911      
# span 17 =     2.8970,     8.6793      
# span 18 =     2.8963,     8.6600      
# span 19 =    25.6878,    27.7036      
# span 20 =    25.6869,    27.7029      
# span 21 =    6.26558,    8.27430      
# span 22 =    6.24627,    8.27846      
# span 23 =          6,        100      
# span 24 = 0.0000e+00, 0.0000e+00      
# interval = decibars: 1                
# start_time = Jul 11 2014 00:32:51 [NMEA time, header]
# bad_flag = -9.990e-29
*END*
[from data line 638]
      24236   1009.789    640.000     4.0102   3.275366     4.0099   3.275271      61.20     0.0127     2.7156     2.3934  34.030220  4.0061049   47.81178  -45.96582    34.8836    34.8827     3.9631     3.9628    27.6975    27.6969    6.37780    6.36701         32 0.0000e+00
      24265   1010.982    641.000     4.0108   3.275476     4.0105   3.275388      98.73     0.0177     2.7161     2.3935  34.029865  4.0061049   47.81178  -45.96582    34.8837    34.8830     3.9636     3.9633    27.6976    27.6971    6.38008    6.36604         26 0.0000e+00
      24289   1011.981    642.000     4.0110   3.275556     4.0108   3.275460      98.32     0.0171     2.7158     2.3939  34.032639  4.0132203   47.81179  -45.96582    34.8839    34.8830     3.9637     3.9635    27.6978    27.6970    6.37801    6.37520         22 0.0000e+00
      24310   1012.857    643.000     4.0113   3.275629     4.0110   3.275535      98.64     0.0127     2.7158     2.3944  34.033703  4.0139213   47.81180  -45.96582    34.8840    34.8831     3.9639     3.9636    27.6978    27.6972    6.37848    6.37450         20 0.0000e+00
      24330   1013.699    644.000     4.0113   3.275681     4.0110   3.275569      85.71     0.0137     2.7157     2.3948  34.036255  4.0103312   47.81180  -45.96582    34.8840    34.8830     3.9639     3.9653    27.6978    27.6971    6.38216    6.37773         21 0.0000e+00
      24351   1014.591    645.000     4.0110   3.275700     4.0109   3.275618      48.36     0.0165     2.7160     2.3950  34.035969  4.0127277   47.81180  -45.96582    34.8840    34.8832     3.9635     3.9634    27.6979    27.6972    6.38335    6.36980         22 0.0000e+00
      24374   1015.558    646.000     4.0119   3.275841     4.0118   3.275752      98.41     0.0167     2.7159     2.3943  34.035412  4.0170751   47.81180  -45.96582    34.8842    34.8833     3.9643     3.9641    27.6979    27.6973    6.38301    6.36375         24 0.0000e+00
      24402   1016.697    647.000     4.0124   3.275929     4.0120   3.275824      75.20     0.0165     2.7163     2.3933  34.037041  4.0167971   47.81180  -45.96582    34.8843    34.8834     3.9647     3.9643    27.6980    27.6973    6.38718    6.35614         32 0.0000e+00
      24438   1018.201    648.000     4.0128   3.275995     4.0121   3.275875      81.04     0.0163     2.7164     2.3921  34.032383  4.0197840   47.81180  -45.96582    34.8841    34.8834     3.9650     3.9644    27.6978    27.6973    6.38602    6.36938         36 0.0000e+00
      24468   1019.460    649.000     4.0129   3.276094     4.0127   3.275993      40.71     0.0183     2.7166     2.3934  34.034649  4.0201879   47.81182  -45.96582    34.8846    34.8837     3.9650     3.9648    27.6982    27.6975    6.38926    6.38400         25 0.0000e+00
      24490   1020.358    650.000     4.0170   3.276599     4.0155   3.276390      98.89     0.0183     2.7165     2.3944  34.035168  4.0212502   47.81182  -45.96580    34.8857    34.8849     3.9690     3.9675    27.6986    27.6981    6.38870    6.38474         20 0.0000e+00
      24509   1021.158    651.000     4.0198   3.276942     4.0196   3.276846      98.64     0.0193     2.7171     2.3949  34.036232  4.0179644   47.81182  -45.96580    34.8863    34.8854     3.9718     3.9715    27.6988    27.6981    6.39409    6.38244         19 0.0000e+00
      24528   1021.951    652.000     4.0208   3.277086     4.0206   3.276995      62.14     0.0156     2.7174     2.3952  34.033951  4.0209866   47.81182  -45.96580    34.8864    34.8856     3.9727     3.9725    27.6988    27.6982    6.39136    6.38579         19 0.0000e+00
      24549   1022.834    653.000     4.0215   3.277191     4.0211   3.277086      68.12     0.0132     2.7172     2.3958  34.035378  4.0207624   47.81182  -45.96580    34.8865    34.8856     3.9732     3.9728    27.6988    27.6982    6.39127    6.38864         24 0.0000e+00
      24575   1023.908    654.000     4.0216   3.277246     4.0214   3.277161      98.38     0.0166     2.7174     2.3966  34.025051  4.0209365   47.81182  -45.96580    34.8864    34.8856     3.9733     3.9731    27.6988    27.6981    6.39007    6.39220         27 0.0000e+00
      24602   1025.055    655.000     4.0216   3.277288     4.0211   3.277180      53.27     0.0197     2.7169     2.3971  34.027161  4.0176435   47.81184  -45.96580    34.8865    34.8856     3.9732     3.9728    27.6988    27.6982    6.38900    6.38716         27 0.0000e+00
      24628   1026.138    656.000     4.0230   3.277485     4.0220   3.277327      68.59     0.0215     2.7169     2.3967  34.021458  4.0196157   47.81184  -45.96580    34.8868    34.8859     3.9745     3.9736    27.6989    27.6983    6.39440    6.38335         26 0.0000e+00
      24655   1027.232    657.000     4.0238   3.277615     4.0242   3.277601      98.14     0.0138     2.7175     2.3967  34.020634  4.0209160   47.81184  -45.96580    34.8869    34.8863     3.9752     3.9756    27.6990    27.6984    6.39567    6.38210         27 0.0000e+00
      24682   1028.378    658.000     4.0248   3.277781     4.0243   3.277672      44.62     0.0119     2.7173     2.3958  34.021164  4.0213008   47.81184  -45.96580    34.8873    34.8865     3.9762     3.9757    27.6991    27.6985    6.39472    6.37966         27 0.0000e+00
      24707   1029.437    659.000     4.0268   3.278069     4.0266   3.277989      99.66     0.0119     2.7175     2.3957  34.012581  4.0248585   47.81184  -45.96578    34.8881    34.8874     3.9781     3.9778    27.6996    27.6990    6.39764    6.38527         23 0.0000e+00
      24729   1030.315    660.000     4.0276   3.278210     4.0273   3.278104      98.63     0.0152     2.7176     2.3958  34.008045  4.0251536   47.81184  -45.96578    34.8884    34.8875     3.9788     3.9785    27.6997    27.6990    6.39560    6.38696         20 0.0000e+00
      24748   1031.114    661.000     4.0258   3.278097     4.0255   3.277985      43.62     0.0169     2.7173     2.3959  34.014561  4.0230989   47.81186  -45.96578    34.8884    34.8873     3.9769     3.9767    27.6999    27.6991    6.39445    6.38762         19 0.0000e+00
      24768   1031.940    662.000     4.0238   3.277961     4.0233   3.277823      78.38     0.0185     2.7173     2.3958  34.015335  4.0255833   47.81186  -45.96578    34.8884    34.8873     3.9748     3.9743    27.7002    27.6994    6.39543    6.38736         21 0.0000e+00
      24793   1033.012    663.000     4.0228   3.277910     4.0225   3.277797      78.38     0.0164     2.7165     2.3955  34.014278  4.0256410   47.81186  -45.96578    34.8883    34.8873     3.9738     3.9735    27.7002    27.6994    6.38799    6.37916         33 0.0000e+00
      24834   1034.711    664.000     4.0227   3.277929     4.0223   3.277825      50.28     0.0145     2.7164     2.3938  34.008640  4.0256410   47.81186  -45.96578    34.8881    34.8873     3.9736     3.9732    27.7001    27.6995    6.39644    6.37594         41 0.0000e+00
      24866   1036.036    665.000     4.0218   3.277899     4.0217   3.277813      99.85     0.0177     2.7157     2.3935  34.007584  4.0256410   47.81186  -45.96578    34.8882    34.8873     3.9727     3.9725    27.7002    27.6996    6.39182    6.38170         25 0.0000e+00
      24888   1036.966    666.000     4.0214   3.277905     4.0211   3.277807      58.90     0.0172     2.7155     2.3933  34.005566  4.0256410   47.81187  -45.96578    34.8882    34.8873     3.9721     3.9719    27.7003    27.6996    6.38991    6.38162         21 0.0000e+00
      24908   1037.786    667.000     4.0211   3.277927     4.0209   3.277831      62.92     0.0169     2.7150     2.3934  34.016117  4.0251307   47.81188  -45.96578    34.8883    34.8873     3.9717     3.9715    27.7004    27.6997    6.39499    6.37933         19 0.0000e+00
      24928   1038.611    668.000     4.0209   3.277950     4.0207   3.277850      98.04     0.0185     2.7152     2.3926  34.017422  4.0256324   47.81188  -45.96578    34.8882    34.8873     3.9715     3.9712    27.7004    27.6996    6.39463    6.37606         21 0.0000e+00
      24950   1039.530    669.000     4.0204   3.277949     4.0201   3.277835      93.90     0.0178     2.7145     2.3924  34.013569  4.0236759   47.81188  -45.96577    34.8882    34.8871     3.9709     3.9706    27.7004    27.6996    6.39112    6.37885         24 0.0000e+00
      24976   1040.628    670.000     4.0195   3.277906     4.0191   3.277792      52.20     0.0186     2.7145     2.3921  34.006325  4.0236197   47.81188  -45.96576    34.8881    34.8871     3.9699     3.9696    27.7004    27.6997    6.39370    6.38270         29 0.0000e+00
      25007   1041.927    671.000     4.0191   3.277903     4.0186   3.277777      98.23     0.0176     2.7139     2.3921  34.010494  4.0225973   47.81188  -45.96576    34.8880    34.8871     3.9694     3.9689    27.7004    27.6997    6.39066    6.38407         32 0.0000e+00
      25038   1043.195    672.000     4.0180   3.277841     4.0176   3.277720      41.35     0.0159     2.7130     2.3923  34.016411  4.0212698   47.81188  -45.96576    34.8878    34.8869     3.9683     3.9711    27.7004    27.6997    6.38805    6.38607         27 0.0000e+00
      25062   1044.218    673.000     4.0158   3.277665     4.0155   3.277556      80.02     0.0159     2.7126     2.3921  34.001137  4.0222521   47.81188  -45.96576    34.8877    34.8866     3.9659     3.9657    27.7005    27.6997    6.39242    6.37782         23 0.0000e+00
      25084   1045.116    674.000     4.0146   3.277603     4.0147   3.277532      87.29     0.0123     2.7127     2.3911  34.000702  4.0210018   47.81190  -45.96576    34.8876    34.8867     3.9647     3.9649    27.7006    27.6998    6.39651    6.36770         21 0.0000e+00
      25106   1046.042    675.000     4.0141   3.277589     4.0139   3.277488      49.78     0.0136     2.7122     2.3898  34.000614  4.0203643   47.81190  -45.96576    34.8874    34.8865     3.9642     3.9639    27.7005    27.6998    6.38791    6.37491         24 0.0000e+00
      25132   1047.119    676.000     4.0133   3.277553     4.0128   3.277432      85.46     0.0179     2.7121     2.3902  34.002567  4.0207467   47.81190  -45.96576    34.8874    34.8865     3.9633     3.9628    27.7006    27.6999    6.39374    6.38475         28 0.0000e+00
      25161   1048.315    677.000     4.0116   3.277431     4.0113   3.277334      98.66     0.0149     2.7111     2.3901  34.008385  4.0225048   47.81190  -45.96574    34.8872    34.8863     3.9615     3.9613    27.7006    27.6999    6.38219    6.38076         28 0.0000e+00
      25187   1049.416    678.000     4.0109   3.277410     4.0106   3.277307      36.70     0.0181     2.7105     2.3899  34.012306  4.0201726   47.81190  -45.96574    34.8872    34.8863     3.9607     3.9605    27.7007    27.7000    6.37786    6.38374         25 0.0000e+00
      25213   1050.479    679.000     4.0105   3.277426     4.0103   3.277327      98.64     0.0203     2.7076     2.3901  34.016342  4.0188785   47.81192  -45.96574    34.8872    34.8863     3.9603     3.9601    27.7007    27.7000    6.36768    6.38844         26 0.0000e+00
      25240   1051.606    680.000     4.0102   3.277430     4.0100   3.277347      84.32     0.0182     2.7071     2.3903  34.007835  4.0200610   47.81192  -45.96574    34.8871    34.8864     3.9599     3.9597    27.7007    27.7001    6.37981    6.38364         28 0.0000e+00
      25268   1052.791    681.000     4.0101   3.277480     4.0098   3.277389      56.65     0.0215     2.7067     2.3897  34.012638  4.0182848   47.81192  -45.96574    34.8872    34.8865     3.9597     3.9594    27.7008    27.7003    6.38294    6.37517         28 0.0000e+00
      25293   1053.839    682.000     4.0103   3.277558     4.0100   3.277462      98.86     0.0176     2.7066     2.3884  34.016586  4.0184216   47.81192  -45.96574    34.8875    34.8866     3.9598     3.9596    27.7010    27.7003    6.38438    6.37158         23 0.0000e+00
      25315   1054.747    683.000     4.0105   3.277627     4.0102   3.277529      79.48     0.0172     2.7064     2.3880  34.019527  4.0181994   47.81193  -45.96573    34.8875    34.8867     3.9599     3.9596    27.7010    27.7004    6.38510    6.37746         21 0.0000e+00
      25336   1055.618    684.000     4.0108   3.277715     4.0105   3.277617      43.11     0.0188     2.7064     2.3879  34.018845  4.0191212   47.81194  -45.96572    34.8877    34.8869     3.9602     3.9599    27.7012    27.7006    6.38586    6.38037         21 0.0000e+00
      25358   1056.547    685.000     4.0109   3.277780     4.0106   3.277678      97.71     0.0206     2.7064     2.3876  34.021927  4.0183282   47.81194  -45.96572    34.8879    34.8870     3.9602     3.9599    27.7013    27.7006    6.38760    6.37477         24 0.0000e+00
      25389   1057.814    686.000     4.0112   3.277846     4.0108   3.277742      62.42     0.0197     2.7064     2.3866  34.014992  4.0176578   47.81194  -45.96572    34.8878    34.8870     3.9604     3.9600    27.7012    27.7006    6.38793    6.37004         39 0.0000e+00
      25428   1059.442    687.000     4.0112   3.277902     4.0108   3.277805      76.74     0.0190     2.7062     2.3856  34.014652  4.0176501   47.81194  -45.96572    34.8880    34.8872     3.9603     3.9600    27.7013    27.7008    6.38437    6.36823         33 0.0000e+00
      25456   1060.610    688.000     4.0107   3.277917     4.0104   3.277815      89.98     0.0182     2.7058     2.3849  34.019447  4.0178304   47.81195  -45.96572    34.8881    34.8872     3.9598     3.9595    27.7015    27.7009    6.38768    6.37163         25 0.0000e+00
      25478   1061.553    689.000     4.0095   3.277861     4.0092   3.277747      32.23     0.0153     2.7060     2.3848  34.018127  4.0186739   47.81196  -45.96572    34.8882    34.8872     3.9585     3.9582    27.7017    27.7009    6.38379    6.37569         21 0.0000e+00
      25498   1062.368    690.000     4.0086   3.277823     4.0079   3.277676      98.11     0.0193     2.7049     2.3849  34.024624  4.0184450   47.81196  -45.96572    34.8882    34.8872     3.9575     3.9568    27.7018    27.7011    6.38058    6.38078         19 0.0000e+00
      25516   1063.137    691.000     4.0082   3.277834     4.0080   3.277725      57.65     0.0187     2.7051     2.3854  34.022816  4.0175118   47.81196  -45.96570    34.8882    34.8872     3.9571     3.9568    27.7019    27.7011    6.38718    6.37776         18 0.0000e+00
      25535   1063.930    692.000     4.0074   3.277809     4.0074   3.277711      45.07     0.0154     2.7045     2.3847  34.021988  4.0139556   47.81196  -45.96570    34.8882    34.8871     3.9562     3.9562    27.7020    27.7011    6.38231    6.36691         20 0.0000e+00
      25559   1064.900    693.000     4.0065   3.277759     4.0061   3.277641      12.69     0.0156     2.7041     2.3838  34.021473  4.0151281   47.81196  -45.96570    34.8881    34.8872     3.9552     3.9547    27.7020    27.7013    6.38054    6.37103         28 0.0000e+00
      25597   1066.480    694.000     4.0060   3.277742     4.0056   3.277638      91.19     0.0165     2.7031     2.3840  34.025021  4.0087943   47.81196  -45.96570    34.8880    34.8871     3.9546     3.9542    27.7019    27.7013    6.38108    6.37474         43 0.0000e+00
      25630   1067.864    695.000     4.0045   3.277687     4.0042   3.277575      59.29     0.0144     2.7028     2.3828  34.031036  4.0110021   47.81197  -45.96570    34.8883    34.8873     3.9531     3.9528    27.7023    27.7016    6.38348    6.36497         26 0.0000e+00
      25654   1068.866    696.000     4.0046   3.277749     4.0043   3.277647      59.78     0.0167     2.7026     2.3824  34.036900  4.0099363   47.81198  -45.96570    34.8884    34.8876     3.9531     3.9527    27.7025    27.7018    6.38564    6.36656         23 0.0000e+00
