data/CTD/2014/CNV/d017a020.cnv
* Sea-Bird SBE 9 Data File:
* FileName = C:\CTD_ACQUISITION\2014017HUD\017A020.hdr
* Software Version Seasave V 7.23.1
* Temperature SN = 5081
* Conductivity SN = 3561
* Number of Bytes Per Scan = 37
* Number of Voltage Words = 4
* Number of Scans Averaged by the Deck Unit = 1
* NMEA Latitude = 53 08.99 N
* NMEA Longitude = 050 44.43 W
* NMEA UTC (Time) = Jul 05 2014 00:39:02
* NMEA baud rate = 9600
** Ship: Hudson
** Cruise: HUD2014017
** Chief_Scientist: Blair Greenan
** Organization: BIO
** Area_of_Operation: Sackville Spur
** Station: 020
** Sounding:  3070
** Event_Comments: K9, 403105
** Windows 7 Test
# nquan = 25
# nvalues = 502                         
# units = specified
# name 0 = scan: Scan Count
# name 1 = timeS: Time, Elapsed [seconds]
# name 2 = prDM: Pressure, Digiquartz [db]
# name 3 = t068C: Temperature [ITS-68, deg C]
# name 4 = c0S/m: Conductivity [S/m]
# name 5 = t168C: Temperature, 2 [ITS-68, deg C]
# name 6 = c1S/m: Conductivity, 2 [S/m]
# name 7 = altM: Altimeter [m]
# name 8 = flC: Fluorescence, Chelsea Aqua 3 Chl Con [ug/l]
# name 9 = sbeox0V: Oxygen raw, SBE 43 [V]
# name 10 = sbeox1V: Oxygen raw, SBE 43, 2 [V]
# name 11 = upoly0: Upoly 0, Optode 4330F - O2 D-Phase
# name 12 = upoly1: Upoly 1, Optode 4330F - O2 Temp
# name 13 = latitude: Latitude [deg]
# name 14 = longitude: Longitude [deg]
# name 15 = sal00: Salinity, Practical [PSU]
# name 16 = sal11: Salinity, Practical, 2 [PSU]
# name 17 = potemp068C: Potential Temperature [ITS-68, deg C]
# name 18 = potemp168C: Potential Temperature, 2 [ITS-68, deg C]
# name 19 = sigma-é00: Density [sigma-theta, Kg/m^3]
# name 20 = sigma-é11: Density, 2 [sigma-theta, Kg/m^3]
# name 21 = sbeox0ML/L: Oxygen, SBE 43 [ml/l], WS = 2
# name 22 = sbeox1ML/L: Oxygen, SBE 43, 2 [ml/l], WS = 2
# name 23 = nbin: number of scans per bin
# name 24 = flag: flag
# span 0 =       8298,      24224       
# span 1 =    345.699,   1009.294       
# span 2 =      2.000,    503.000       
# span 3 =     3.4052,     8.8861       
# span 4 =   3.186001,   3.654094       
# span 5 =     3.4049,     8.8897       
# span 6 =   3.185920,   3.654160       
# span 7 =      32.98,     103.20       
# span 8 =     0.0082,     0.2601       
# span 9 =     2.8266,     3.4312       
# span 10 =     2.4969,     3.0104      
# span 11 =  30.033924,  33.574715      
# span 12 =  2.7212594,  8.8954353      
# span 13 =   53.15044,   53.15078      
# span 14 =  -50.73893,  -50.73539      
# span 15 =    34.4761,    34.8635      
# span 16 =    34.4728,    34.8628      
# span 17 =     3.3978,     8.8858      
# span 18 =     3.3975,     8.8894      
# span 19 =    26.7265,    27.7157      
# span 20 =    26.7241,    27.7153      
# span 21 =    6.61907,    7.28777      
# span 22 =    6.65482,    7.28225      
# span 23 =         11,         97      
# span 24 = 0.0000e+00, 0.0000e+00      
# interval = decibars: 1                
# start_time = Jul 05 2014 00:39:02 [NMEA time, header]
# bad_flag = -9.990e-29
*END*
[from data line 290]
      18177    757.323    292.000     3.5036   3.209674     3.5034   3.209613      98.63     0.0181     2.9364     2.5928  33.282051  2.7943070   53.15074  -50.73668    34.8244    34.8239     3.4841     3.4838    27.6989    27.6986    6.78422    6.81156         23 0.0000e+00
      18196    758.112    293.000     3.5060   3.210009     3.5058   3.209948      98.64     0.0216     2.9352     2.5916  33.276505  2.7659147   53.15074  -50.73668    34.8253    34.8248     3.4864     3.4862    27.6994    27.6990    6.78216    6.80534         16 0.0000e+00
      18212    758.775    294.000     3.5066   3.210129     3.5062   3.210038      98.64     0.0188     2.9352     2.5906  33.267334  2.7557278   53.15074  -50.73667    34.8256    34.8249     3.4869     3.4865    27.6995    27.6991    6.78116    6.80748         16 0.0000e+00
      18228    759.443    295.000     3.5069   3.210220     3.5063   3.210109      98.64     0.0124     2.9339     2.5900  33.267399  2.8074803   53.15074  -50.73666    34.8258    34.8251     3.4872     3.4866    27.6997    27.6992    6.77621    6.81212         17 0.0000e+00
      18248    760.285    296.000     3.5078   3.210371     3.5080   3.210333      98.63     0.0143     2.9332     2.5896  33.276814  2.7716267   53.15074  -50.73666    34.8260    34.8254     3.4881     3.4882    27.6998    27.6993    6.78641    6.80845         25 0.0000e+00
      18282    761.717    297.000     3.5090   3.210517     3.5091   3.210471      84.25     0.0176     2.9337     2.5883  33.282307  3.4302063   53.15074  -50.73665    34.8260    34.8254     3.4892     3.4892    27.6997    27.6992    6.79409    6.81009         38 0.0000e+00
      18312    762.951    298.000     3.5109   3.210771     3.5122   3.210861      99.24     0.0174     2.9339     2.5882  33.282051  3.5027032   53.15074  -50.73664    34.8265    34.8263     3.4910     3.4922    27.6999    27.6996    6.79826    6.81109         22 0.0000e+00
      18331    763.738    299.000     3.5138   3.211116     3.5139   3.211089      98.64     0.0191     2.9347     2.5877  33.282051  3.4981685   53.15074  -50.73664    34.8270    34.8265     3.4937     3.4939    27.7001    27.6996    6.80227    6.81078         18 0.0000e+00
      18347    764.424    300.000     3.5114   3.210921     3.5089   3.210584      98.63     0.0178     2.9353     2.5878  33.282051  3.5059481   53.15074  -50.73664    34.8267    34.8253     3.4913     3.4888    27.7000    27.6991    6.79665    6.81905         16 0.0000e+00
      18365    765.147    301.000     3.4983   3.209686     3.4970   3.209466      98.63     0.0143     2.9347     2.5882  33.282051  3.5073860   53.15074  -50.73664    34.8253    34.8240     3.4782     3.4769    27.7002    27.6993    6.79485    6.82798         19 0.0000e+00
      18390    766.195    302.000     3.4924   3.209135     3.4915   3.208980      98.64     0.0152     2.9342     2.5889  33.289700  3.5071270   53.15072  -50.73663    34.8244    34.8236     3.4722     3.4718    27.7001    27.6995    6.79352    6.82666         35 0.0000e+00
      18430    767.865    303.000     3.4921   3.209142     3.4924   3.209136      82.97     0.0189     2.9329     2.5884  33.297199  2.9262290   53.15072  -50.73662    34.8243    34.8239     3.4719     3.4721    27.7000    27.6996    6.79050    6.81527         35 0.0000e+00
      18455    768.936    304.000     3.4961   3.209602     3.4960   3.209555      99.14     0.0186     2.9325     2.5876  33.296703  2.8014088   53.15072  -50.73661    34.8250    34.8245     3.4758     3.4757    27.7002    27.6998    6.78959    6.81691         20 0.0000e+00
      18473    769.666    305.000     3.4963   3.209691     3.4962   3.209622      98.63     0.0155     2.9322     2.5875  33.296703  2.9757180   53.15073  -50.73660    34.8253    34.8246     3.4759     3.4758    27.7005    27.6999    6.78487    6.81624         16 0.0000e+00
      18489    770.314    306.000     3.4956   3.209664     3.4956   3.209618      98.63     0.0167     2.9309     2.5871  33.295784  3.0000529   53.15074  -50.73660    34.8253    34.8247     3.4751     3.4751    27.7005    27.7000    6.78458    6.81018         16 0.0000e+00
      18504    770.973    307.000     3.4996   3.210144     3.4988   3.210050      98.64     0.0168     2.9310     2.5861  33.296696  3.4209535   53.15072  -50.73660    34.8262    34.8259     3.4790     3.4782    27.7008    27.7007    6.78569    6.80690         16 0.0000e+00
      18522    771.710    308.000     3.5030   3.210535     3.5027   3.210458      98.63     0.0162     2.9301     2.5857  33.295990  3.4667919   53.15072  -50.73659    34.8267    34.8261     3.4823     3.4820    27.7009    27.7005    6.78313    6.81297         20 0.0000e+00
      18545    772.678    309.000     3.5039   3.210660     3.5038   3.210615      98.63     0.0166     2.9293     2.5855  33.289318  3.4846089   53.15072  -50.73658    34.8267    34.8263     3.4832     3.4831    27.7008    27.7005    6.78063    6.81242         27 0.0000e+00
      18577    773.981    310.000     3.5074   3.211058     3.5075   3.211033      83.15     0.0129     2.9282     2.5849  33.292831  3.4918592   53.15072  -50.73658    34.8272    34.8268     3.4866     3.4867    27.7009    27.7005    6.77391    6.81071         34 0.0000e+00
      18610    775.383    311.000     3.5106   3.211442     3.5098   3.211318      98.96     0.0181     2.9264     2.5843  33.296783  3.4982996   53.15072  -50.73658    34.8278    34.8272     3.4898     3.4889    27.7010    27.7006    6.77553    6.80932         32 0.0000e+00
      18637    776.504    312.000     3.5111   3.211545     3.5110   3.211491      98.63     0.0184     2.9258     2.5838  33.296703  3.4981685   53.15072  -50.73656    34.8280    34.8274     3.4902     3.4901    27.7012    27.7007    6.77525    6.80570         22 0.0000e+00
      18657    777.339    313.000     3.5116   3.211656     3.5113   3.211578      98.64     0.0155     2.9253     2.5831  33.295929  3.4971335   53.15072  -50.73656    34.8282    34.8277     3.4906     3.4903    27.7013    27.7009    6.77675    6.80313         19 0.0000e+00
      18675    778.077    314.000     3.5122   3.211766     3.5120   3.211700      98.64     0.0150     2.9251     2.5828  33.296696  2.9473333   53.15072  -50.73656    34.8284    34.8278     3.4911     3.4909    27.7014    27.7010    6.77938    6.80799         17 0.0000e+00
      18693    778.846    315.000     3.5136   3.211960     3.5135   3.211901      98.63     0.0123     2.9251     2.5827  33.296703  2.7704132   53.15072  -50.73655    34.8286    34.8281     3.4925     3.4924    27.7015    27.7010    6.78201    6.80926         20 0.0000e+00
      18715    779.748    316.000     3.5157   3.212212     3.5155   3.212152      76.45     0.0117     2.9252     2.5825  33.296703  2.7938263   53.15072  -50.73654    34.8290    34.8284     3.4944     3.4943    27.7015    27.7011    6.78317    6.80751         24 0.0000e+00
      18740    780.781    317.000     3.5143   3.212141     3.5140   3.212037      98.86     0.0136     2.9251     2.5820  33.296703  2.7710404   53.15072  -50.73654    34.8290    34.8281     3.4931     3.4927    27.7017    27.7010    6.78301    6.80565         24 0.0000e+00
      18763    781.747    318.000     3.5115   3.211904     3.5107   3.211772      98.64     0.0109     2.9251     2.5817  33.296703  2.8124866   53.15072  -50.73653    34.8287    34.8279     3.4901     3.4893    27.7017    27.7012    6.78068    6.80896         22 0.0000e+00
      18785    782.665    319.000     3.5103   3.211831     3.5102   3.211774      98.64     0.0183     2.9246     2.5816  33.297340  2.7842946   53.15072  -50.73652    34.8285    34.8279     3.4889     3.4888    27.7017    27.7012    6.78270    6.80967         23 0.0000e+00
      18811    783.764    320.000     3.5102   3.211875     3.5105   3.211864      98.63     0.0179     2.9246     2.5817  33.301559  2.8070955   53.15072  -50.73652    34.8285    34.8281     3.4888     3.4890    27.7017    27.7014    6.78124    6.81629         30 0.0000e+00
      18841    785.017    321.000     3.5137   3.212299     3.5126   3.212143      98.64     0.0114     2.9241     2.5819  33.312408  2.7802148   53.15072  -50.73652    34.8293    34.8287     3.4922     3.4910    27.7020    27.7017    6.78141    6.81414         27 0.0000e+00
      18864    785.964    322.000     3.5129   3.212265     3.5132   3.212240      98.63     0.0137     2.9237     2.5819  33.313599  2.7781801   53.15072  -50.73650    34.8293    34.8287     3.4913     3.4915    27.7021    27.7016    6.77521    6.81560         20 0.0000e+00
      18882    786.721    323.000     3.5129   3.212316     3.5129   3.212262      98.63     0.0115     2.9226     2.5822  33.311321  2.7536829   53.15072  -50.73650    34.8293    34.8287     3.4912     3.4912    27.7021    27.7017    6.77699    6.81812         17 0.0000e+00
      18900    787.443    324.000     3.5132   3.212389     3.5129   3.212312      41.23     0.0136     2.9232     2.5821  33.312176  2.8093722   53.15072  -50.73650    34.8294    34.8288     3.4914     3.4911    27.7022    27.7017    6.78940    6.81045         18 0.0000e+00
      18919    788.240    325.000     3.5127   3.212381     3.5126   3.212315      87.46     0.0140     2.9236     2.5811  33.311367  2.7596636   53.15072  -50.73650    34.8293    34.8286     3.4908     3.4908    27.7021    27.7016    6.78458    6.79501         21 0.0000e+00
      18943    789.268    326.000     3.5128   3.212429     3.5128   3.212370      98.40     0.0120     2.9222     2.5792  33.312344  2.7937300   53.15072  -50.73648    34.8291    34.8285     3.4909     3.4909    27.7020    27.7015    6.77137    6.79901         29 0.0000e+00
      18975    790.594    327.000     3.5135   3.212535     3.5132   3.212460      98.63     0.0127     2.9210     2.5790  33.311798  2.7607708   53.15072  -50.73648    34.8292    34.8286     3.4915     3.4912    27.7020    27.7015    6.76912    6.80797         32 0.0000e+00
      19002    791.727    328.000     3.5135   3.212590     3.5134   3.212529      98.63     0.0166     2.9196     2.5781  33.314095  2.7969432   53.15072  -50.73648    34.8293    34.8286     3.4914     3.4914    27.7021    27.7016    6.77245    6.79277         22 0.0000e+00
      19022    792.542    329.000     3.5139   3.212698     3.5142   3.212704      98.64     0.0188     2.9198     2.5771  33.314625  2.7492301   53.15072  -50.73648    34.8296    34.8294     3.4918     3.4921    27.7023    27.7021    6.77735    6.79968         18 0.0000e+00
      19038    793.215    330.000     3.5196   3.213374     3.5189   3.213283      98.63     0.0194     2.9195     2.5772  33.313297  2.8038740   53.15072  -50.73646    34.8312    34.8307     3.4974     3.4967    27.7030    27.7027    6.77647    6.81095         15 0.0000e+00
      19054    793.857    331.000     3.5235   3.213830     3.5232   3.213778      98.63     0.0213     2.9195     2.5778  33.315025  2.7942257   53.15072  -50.73646    34.8319    34.8316     3.5012     3.5009    27.7032    27.7030    6.78322    6.82147         16 0.0000e+00
      19071    794.574    332.000     3.5256   3.214107     3.5254   3.214049      98.63     0.0200     2.9200     2.5790  33.317131  2.7488797   53.15072  -50.73646    34.8324    34.8319     3.5033     3.5031    27.7034    27.7030    6.78729    6.82906         20 0.0000e+00
      19105    795.994    333.000     3.5209   3.213680     3.5205   3.213598      98.64     0.0161     2.9211     2.5808  33.320923  2.7823071   53.15072  -50.73646    34.8318    34.8311     3.4984     3.4988    27.7034    27.7029    6.79402    6.82775         52 0.0000e+00
      19150    797.870    334.000     3.5174   3.213395     3.5174   3.213329      90.14     0.0153     2.9229     2.5815  33.326355  2.8010173   53.15072  -50.73644    34.8315    34.8308     3.4950     3.4948    27.7035    27.7029    6.79381    6.82601         27 0.0000e+00
      19170    798.698    335.000     3.5093   3.212663     3.5099   3.212587      76.02     0.0123     2.9221     2.5818  33.326008  2.7673900   53.15072  -50.73644    34.8308    34.8295     3.4868     3.4874    27.7038    27.7026    6.78653    6.83025         18 0.0000e+00
      19186    799.377    336.000     3.4950   3.211300     3.4953   3.211243      98.71     0.0121     2.9222     2.5821  33.326008  2.8106444   53.15072  -50.73644    34.8292    34.8282     3.4724     3.4727    27.7039    27.7031    6.79937    6.83413         15 0.0000e+00
      19202    800.036    337.000     3.4956   3.211390     3.4957   3.211362      98.63     0.0116     2.9228     2.5821  33.326862  2.7750497   53.15072  -50.73642    34.8291    34.8287     3.4729     3.4730    27.7038    27.7034    6.80200    6.83814         17 0.0000e+00
      19219    800.768    338.000     3.4973   3.211601     3.4971   3.211537      98.64     0.0103     2.9227     2.5829  33.328274  2.7708392   53.15072  -50.73642    34.8293    34.8287     3.4745     3.4744    27.7038    27.7033    6.79808    6.84218         19 0.0000e+00
      19241    801.682    339.000     3.4979   3.211714     3.4978   3.211636      98.63     0.0133     2.9226     2.5832  33.330059  2.7930310   53.15071  -50.73642    34.8294    34.8286     3.4752     3.4750    27.7038    27.7032    6.79860    6.83657         25 0.0000e+00
      19269    802.818    340.000     3.4983   3.211779     3.4981   3.211708      98.56     0.0148     2.9228     2.5826  33.325985  2.7538488   53.15070  -50.73642    34.8293    34.8287     3.4754     3.4752    27.7037    27.7032    6.79680    6.82936         28 0.0000e+00
      19295    803.924    341.000     3.4972   3.211730     3.4971   3.211659      98.64     0.0154     2.9216     2.5820  33.326008  2.7717106   53.15070  -50.73641    34.8293    34.8285     3.4743     3.4742    27.7037    27.7032    6.79192    6.82947         24 0.0000e+00
      19317    804.835    342.000     3.4971   3.211774     3.4973   3.211734      98.63     0.0159     2.9218     2.5816  33.326008  2.7519269   53.15071  -50.73640    34.8294    34.8287     3.4741     3.4743    27.7038    27.7033    6.79258    6.83393         20 0.0000e+00
      19335    805.587    343.000     3.4966   3.211781     3.4966   3.211731      98.64     0.0158     2.9208     2.5820  33.325142  2.7933245   53.15072  -50.73640    34.8295    34.8288     3.4735     3.4736    27.7040    27.7035    6.79697    6.84084         17 0.0000e+00
      19352    806.294    344.000     3.4978   3.211980     3.4978   3.211946      98.64     0.0158     2.9217     2.5821  33.315628  2.7395074   53.15072  -50.73640    34.8300    34.8296     3.4747     3.4747    27.7043    27.7040    6.80754    6.83821         17 0.0000e+00
      19371    807.088    345.000     3.4982   3.212073     3.4988   3.212091      98.64     0.0167     2.9218     2.5820  33.309483  2.7711480   53.15072  -50.73639    34.8302    34.8297     3.4750     3.4756    27.7044    27.7040    6.80373    6.83589         22 0.0000e+00
      19401    808.326    346.000     3.5000   3.212287     3.5002   3.212256      98.52     0.0186     2.9220     2.5819  33.312634  2.7594330   53.15070  -50.73638    34.8303    34.8298     3.4767     3.4769    27.7043    27.7039    6.80404    6.83946         40 0.0000e+00
      19440    809.964    347.000     3.4903   3.211369     3.4915   3.211426      98.46     0.0205     2.9222     2.5820  33.315598  2.7684333   53.15070  -50.73638    34.8291    34.8285     3.4669     3.4682    27.7043    27.7037    6.80644    6.84074         32 0.0000e+00
      19465    810.989    348.000     3.4844   3.210845     3.4842   3.210773      98.64     0.0212     2.9218     2.5818  33.317234  2.7611098   53.15070  -50.73638    34.8285    34.8279     3.4610     3.4620    27.7045    27.7039    6.79762    6.83586         20 0.0000e+00
