data/CTD/2014/CNV/d017a033.cnv
* Sea-Bird SBE 9 Data File:
* FileName = C:\CTD_ACQUISITION\2014017HUD\ctddata\017A033.hdr
* Software Version Seasave V 7.22.2
* Temperature SN = 5081
* Conductivity SN = 3561
* Number of Bytes Per Scan = 37
* Number of Voltage Words = 4
* Number of Scans Averaged by the Deck Unit = 1
* NMEA Latitude = 48 32.64 N
* NMEA Longitude = 046 46.27 W
* NMEA UTC (Time) = Jul 09 2014 10:04:54
* NMEA baud rate = 9600
** Ship: Hudson
** Cruise: HUD2014017
** Chief_Scientist: Blair Greenan
** Organization: BIO
** Area_of_Operation: Sackville Spur
** Station: 033
** Sounding:  2397
** Event_Comments: SS-06 403185
# nquan = 25
# nvalues = 2470                        
# units = specified
# name 0 = scan: Scan Count
# name 1 = timeS: Time, Elapsed [seconds]
# name 2 = prDM: Pressure, Digiquartz [db]
# name 3 = t068C: Temperature [ITS-68, deg C]
# name 4 = c0S/m: Conductivity [S/m]
# name 5 = t168C: Temperature, 2 [ITS-68, deg C]
# name 6 = c1S/m: Conductivity, 2 [S/m]
# name 7 = altM: Altimeter [m]
# name 8 = flC: Fluorescence, Chelsea Aqua 3 Chl Con [ug/l]
# name 9 = sbeox0V: Oxygen raw, SBE 43 [V]
# name 10 = sbeox1V: Oxygen raw, SBE 43, 2 [V]
# name 11 = upoly0: Upoly 0, Optode 4330F - O2 D-Phase
# name 12 = upoly1: Upoly 1, Optode 4330F - O2 Temp
# name 13 = latitude: Latitude [deg]
# name 14 = longitude: Longitude [deg]
# name 15 = sal00: Salinity, Practical [PSU]
# name 16 = sal11: Salinity, Practical, 2 [PSU]
# name 17 = potemp068C: Potential Temperature [ITS-68, deg C]
# name 18 = potemp168C: Potential Temperature, 2 [ITS-68, deg C]
# name 19 = sigma-é00: Density [sigma-theta, Kg/m^3]
# name 20 = sigma-é11: Density, 2 [sigma-theta, Kg/m^3]
# name 21 = sbeox0ML/L: Oxygen, SBE 43 [ml/l], WS = 2
# name 22 = sbeox1ML/L: Oxygen, SBE 43, 2 [ml/l], WS = 2
# name 23 = nbin: number of scans per bin
# name 24 = flag: flag
# span 0 =       9539,      71429       
# span 1 =    397.427,   2976.181       
# span 2 =      1.000,   2470.000       
# span 3 =     2.3753,     9.0739       
# span 4 =   3.142430,   3.609346       
# span 5 =     2.3739,     9.0741       
# span 6 =   3.142458,   3.609260       
# span 7 =       2.56,     105.67       
# span 8 =     0.0053,     0.3894       
# span 9 =     2.2040,     3.5143       
# span 10 =     1.9504,     3.0611      
# span 11 =  30.187246,  35.566757      
# span 12 =  2.3735769,  9.1236839      
# span 13 =   48.54284,   48.54440      
# span 14 =  -46.76892,  -46.75873      
# span 15 =    33.8068,    34.9163      
# span 16 =    33.8058,    34.9160      
# span 17 =     2.1900,     9.0728      
# span 18 =     2.1884,     9.0729      
# span 19 =    26.1726,    27.8785      
# span 20 =    26.1718,    27.8789      
# span 21 =    6.27503,    7.58314      
# span 22 =    6.25548,    7.58990      
# span 23 =          7,        102      
# span 24 = 0.0000e+00, 0.0000e+00      
# interval = decibars: 1                
# start_time = Jul 09 2014 10:04:54 [NMEA time, header]
# bad_flag = -9.990e-29
*END*
[from data line 2261]
      63890   2662.046   2262.000     2.7985   3.238129     2.7976   3.238064      88.43     0.0174     2.2480     1.9896  35.404331  2.7948718   48.54344  -46.76058    34.9129    34.9130     2.6250     2.6241    27.8495    27.8497    6.40483    6.38011         19 0.0000e+00
      63909   2662.818   2263.000     2.7985   3.238181     2.7977   3.238104      39.79     0.0163     2.2470     1.9901  35.406609  2.7948718   48.54345  -46.76058    34.9130    34.9130     2.6249     2.6241    27.8496    27.8496    6.40105    6.37676         18 0.0000e+00
      63927   2663.576   2264.000     2.7982   3.238201     2.7975   3.238128      80.45     0.0157     2.2473     1.9893  35.395821  2.7943194   48.54346  -46.76058    34.9131    34.9129     2.6245     2.6239    27.8497    27.8496    6.40392    6.36899         18 0.0000e+00
      63945   2664.322   2265.000     2.7973   3.238159     2.7966   3.238077      98.88     0.0147     2.2467     1.9895  35.391888  2.7910304   48.54346  -46.76058    34.9130    34.9128     2.6236     2.6228    27.8497    27.8497    6.40032    6.37847         18 0.0000e+00
      63963   2665.079   2266.000     2.7963   3.238092     2.7954   3.238027      76.87     0.0143     2.2464     1.9894  35.391941  2.7902493   48.54346  -46.76058    34.9129    34.9130     2.6224     2.6216    27.8497    27.8499    6.40073    6.37378         19 0.0000e+00
      63983   2665.900   2267.000     2.7958   3.238090     2.7949   3.238001      93.14     0.0121     2.2466     1.9892  35.396042  2.7852089   48.54346  -46.76058    34.9129    34.9128     2.6218     2.6210    27.8498    27.8498    6.41245    6.37193         21 0.0000e+00
      64017   2667.352   2268.000     2.7931   3.237879     2.7922   3.237793      82.13     0.0125     2.2462     1.9886  35.400108  2.7851038   48.54346  -46.76057    34.9127    34.9126     2.6192     2.6183    27.8498    27.8499    6.40338    6.36862         62 0.0000e+00
      64081   2670.006   2269.000     2.7942   3.238012     2.7932   3.237923      84.37     0.0128     2.2454     1.9875  35.414162  2.7897091   48.54346  -46.76056    34.9127    34.9127     2.6201     2.6294    27.8498    27.8499    6.40905    6.36978         31 0.0000e+00
      64095   2670.603   2270.000     2.7908   3.237775     2.7900   3.237697      98.93     0.0157     2.2449     1.9875  35.419674  2.7938182   48.54346  -46.76056    34.9129    34.9129     2.6167     2.6157    27.8503    27.8503    6.39870    6.37104         17 0.0000e+00
      64110   2671.225   2271.000     2.7891   3.237659     2.7883   3.237571      65.40     0.0178     2.2453     1.9874  35.419155  2.7920911   48.54346  -46.76056    34.9129    34.9127     2.6150     2.6141    27.8504    27.8503    6.40602    6.37023         14 0.0000e+00
      64124   2671.797   2272.000     2.7870   3.237517     2.7863   3.237432      91.62     0.0193     2.2444     1.9872  35.421265  2.7903478   48.54346  -46.76055    34.9129    34.9126     2.6128     2.6121    27.8506    27.8504    6.41202    6.36726         13 0.0000e+00
      64138   2672.367   2273.000     2.7847   3.237355     2.7840   3.237268      98.43     0.0184     2.2458     1.9870  35.421246  2.7906930   48.54346  -46.76054    34.9129    34.9127     2.6104     2.6097    27.8508    27.8507    6.41096    6.36677         14 0.0000e+00
      64152   2672.967   2274.000     2.7818   3.237118     2.7807   3.237009      98.64     0.0164     2.2445     1.9865  35.421246  2.7936115   48.54348  -46.76054    34.9128    34.9126     2.6074     2.6152    27.8510    27.8509    6.40608    6.36794         15 0.0000e+00
      64169   2673.674   2275.000     2.7793   3.236947     2.7786   3.236867      92.81     0.0171     2.2452     1.9866  35.421246  2.7814209   48.54348  -46.76054    34.9128    34.9127     2.6049     2.6043    27.8512    27.8511    6.41216    6.37380         20 0.0000e+00
      64196   2674.799   2276.000     2.7789   3.236935     2.7781   3.236857      87.88     0.0179     2.2447     1.9865  35.417850  2.7779360   48.54348  -46.76054    34.9126    34.9125     2.6044     2.6037    27.8511    27.8511    6.40968    6.37556         39 0.0000e+00
      64241   2676.662   2277.000     2.7788   3.236960     2.7781   3.236895      93.84     0.0132     2.2441     1.9862  35.404205  2.7750378   48.54348  -46.76052    34.9126    34.9126     2.6042     2.6035    27.8511    27.8511    6.40299    6.37314         35 0.0000e+00
      64263   2677.601   2278.000     2.7786   3.236997     2.7776   3.236902      78.51     0.0136     2.2436     1.9860  35.405823  2.7753358   48.54348  -46.76052    34.9128    34.9126     2.6039     2.6030    27.8512    27.8512    6.40392    6.37603         19 0.0000e+00
      64281   2678.343   2279.000     2.7777   3.236960     2.7767   3.236861      98.38     0.0170     2.2436     1.9862  35.404858  2.7753358   48.54348  -46.76052    34.9128    34.9127     2.6030     2.6019    27.8513    27.8514    6.40571    6.37541         17 0.0000e+00
      64299   2679.065   2280.000     2.7766   3.236902     2.7758   3.236830      75.25     0.0146     2.2433     1.9858  35.404148  2.7753358   48.54348  -46.76052    34.9128    34.9128     2.6018     2.6010    27.8515    27.8515    6.41177    6.36937         18 0.0000e+00
      64318   2679.855   2281.000     2.7766   3.236945     2.7757   3.236860      61.04     0.0134     2.2434     1.9855  35.420536  2.7753358   48.54348  -46.76052    34.9128    34.9127     2.6017     2.6008    27.8515    27.8515    6.40659    6.37384         20 0.0000e+00
      64339   2680.765   2282.000     2.7763   3.236957     2.7754   3.236871      85.54     0.0107     2.2429     1.9855  35.421242  2.7753358   48.54348  -46.76051    34.9128    34.9127     2.6013     2.6004    27.8515    27.8515    6.40853    6.37415         24 0.0000e+00
      64364   2681.782   2283.000     2.7761   3.236976     2.7754   3.236907      98.51     0.0073     2.2430     1.9850  35.413700  2.7706919   48.54349  -46.76050    34.9127    34.9127     2.6011     2.6055    27.8515    27.8515    6.42263    6.36940         25 0.0000e+00
      64388   2682.773   2284.000     2.7732   3.236757     2.7734   3.236770      87.71     0.0122     2.2436     1.9849  35.415257  2.7704513   48.54350  -46.76050    34.9127    34.9128     2.5981     2.5982    27.8517    27.8518    6.41055    6.37636         22 0.0000e+00
      64409   2683.661   2285.000     2.7721   3.236698     2.7715   3.236637      81.88     0.0152     2.2424     1.9847  35.418434  2.7688336   48.54350  -46.76050    34.9127    34.9126     2.5969     2.5963    27.8518    27.8518    6.40472    6.37730         21 0.0000e+00
      64429   2684.508   2286.000     2.7712   3.236654     2.7706   3.236587      98.38     0.0154     2.2431     1.9848  35.421204  2.7709084   48.54350  -46.76050    34.9127    34.9125     2.5959     2.5953    27.8519    27.8518    6.41357    6.38279         20 0.0000e+00
      64451   2685.408   2287.000     2.7684   3.236438     2.7673   3.236334      98.63     0.0133     2.2423     1.9849  35.426296  2.7677209   48.54350  -46.76050    34.9126    34.9125     2.5931     2.5920    27.8521    27.8521    6.41705    6.38366         23 0.0000e+00
      64477   2686.510   2288.000     2.7656   3.236231     2.7647   3.236136      76.51     0.0133     2.2426     1.9847  35.430969  2.7668779   48.54350  -46.76050    34.9126    34.9124     2.5902     2.5893    27.8523    27.8522    6.41086    6.37444         30 0.0000e+00
      64508   2687.800   2289.000     2.7625   3.235999     2.7618   3.235917      54.52     0.0129     2.2420     1.9843  35.422516  2.7675366   48.54350  -46.76050    34.9126    34.9124     2.5871     2.5864    27.8526    27.8525    6.41887    6.37615         30 0.0000e+00
      64535   2688.901   2290.000     2.7601   3.235820     2.7592   3.235735      81.85     0.0092     2.2424     1.9840  35.416943  2.7676032   48.54351  -46.76049    34.9125    34.9124     2.5847     2.5838    27.8527    27.8527    6.41183    6.37796         24 0.0000e+00
      64557   2689.825   2291.000     2.7583   3.235693     2.7574   3.235609      87.65     0.0078     2.2413     1.9840  35.423977  2.7577450   48.54352  -46.76048    34.9125    34.9124     2.5827     2.5819    27.8529    27.8529    6.40531    6.37992         21 0.0000e+00
      64578   2690.703   2292.000     2.7576   3.235672     2.7567   3.235604      90.57     0.0114     2.2413     1.9837  35.425423  2.7576604   48.54352  -46.76048    34.9125    34.9126     2.5820     2.5811    27.8529    27.8531    6.41948    6.37721         21 0.0000e+00
      64599   2691.588   2293.000     2.7573   3.235691     2.7564   3.235609      96.23     0.0098     2.2415     1.9836  35.431747  2.7557888   48.54352  -46.76048    34.9125    34.9125     2.5816     2.5807    27.8530    27.8531    6.40717    6.38388         21 0.0000e+00
      64620   2692.466   2294.000     2.7573   3.235729     2.7564   3.235656      71.01     0.0160     2.2403     1.9836  35.435932  2.7557998   48.54352  -46.76048    34.9125    34.9126     2.5815     2.5806    27.8530    27.8532    6.40527    6.37995         21 0.0000e+00
      64640   2693.313   2295.000     2.7569   3.235740     2.7561   3.235672      98.63     0.0158     2.2405     1.9834  35.435898  2.7543347   48.54352  -46.76048    34.9126    34.9126     2.5810     2.5802    27.8531    27.8532    6.41563    6.38455         20 0.0000e+00
      64660   2694.145   2296.000     2.7566   3.235756     2.7559   3.235684      98.63     0.0139     2.2399     1.9835  35.433704  2.7499464   48.54352  -46.76048    34.9126    34.9125     2.5807     2.5799    27.8531    27.8532    6.40645    6.38469         20 0.0000e+00
      64681   2694.998   2297.000     2.7534   3.235506     2.7525   3.235390      76.73     0.0126     2.2398     1.9835  35.435894  2.7492890   48.54352  -46.76046    34.9125    34.9121     2.5774     2.5765    27.8534    27.8531    6.40704    6.38122         21 0.0000e+00
      64703   2695.924   2298.000     2.7509   3.235320     2.7499   3.235229      91.04     0.0147     2.2393     1.9830  35.435295  2.7460792   48.54352  -46.76046    34.9124    34.9124     2.5749     2.5739    27.8535    27.8536    6.41013    6.37368         24 0.0000e+00
      64728   2696.965   2299.000     2.7469   3.235005     2.7462   3.234931      98.53     0.0151     2.2390     1.9821  35.435890  2.7460318   48.54352  -46.76046    34.9124    34.9124     2.5708     2.5753    27.8539    27.8539    6.41494    6.36323         26 0.0000e+00
      64754   2698.038   2300.000     2.7465   3.235007     2.7456   3.234929      68.29     0.0155     2.2388     1.9814  35.433563  2.7460318   48.54352  -46.76046    34.9124    34.9124     2.5703     2.5695    27.8539    27.8540    6.40881    6.36853         25 0.0000e+00
      64778   2699.044   2301.000     2.7467   3.235059     2.7458   3.234982      95.57     0.0145     2.2385     1.9807  35.432709  2.7460318   48.54354  -46.76046    34.9124    34.9124     2.5704     2.5696    27.8539    27.8539    6.41976    6.36423         23 0.0000e+00
      64802   2700.057   2302.000     2.7452   3.234956     2.7443   3.234866      98.68     0.0189     2.2389     1.9803  35.450821  2.7408757   48.54354  -46.76046    34.9123    34.9121     2.5688     2.5680    27.8539    27.8538    6.41531    6.37264         25 0.0000e+00
      64828   2701.112   2303.000     2.7398   3.234520     2.7387   3.234420      72.99     0.0131     2.2381     1.9799  35.448280  2.7403924   48.54354  -46.76046    34.9123    34.9122     2.5634     2.5624    27.8544    27.8544    6.41584    6.37681         26 0.0000e+00
      64851   2702.101   2304.000     2.7376   3.234352     2.7365   3.234244      98.60     0.0116     2.2385     1.9801  35.435932  2.7376039   48.54354  -46.76044    34.9121    34.9120     2.5612     2.5601    27.8545    27.8544    6.41677    6.37901         22 0.0000e+00
      64872   2702.949   2305.000     2.7318   3.233864     2.7310   3.233777      98.63     0.0152     2.2379     1.9798  35.435898  2.7373457   48.54354  -46.76044    34.9119    34.9117     2.5554     2.5547    27.8548    27.8547    6.41933    6.37790         18 0.0000e+00
      64890   2703.698   2306.000     2.7303   3.233778     2.7294   3.233697      93.00     0.0181     2.2383     1.9799  35.439201  2.7362480   48.54354  -46.76044    34.9119    34.9120     2.5539     2.5529    27.8550    27.8551    6.42630    6.38585         18 0.0000e+00
      64907   2704.427   2307.000     2.7300   3.233787     2.7290   3.233699      67.19     0.0186     2.2378     1.9800  35.446373  2.7346592   48.54354  -46.76044    34.9120    34.9119     2.5534     2.5525    27.8550    27.8550    6.41219    6.38924         18 0.0000e+00
      64927   2705.233   2308.000     2.7297   3.233795     2.7289   3.233721      97.89     0.0193     2.2374     1.9803  35.447048  2.7339530   48.54354  -46.76044    34.9119    34.9118     2.5530     2.5523    27.8550    27.8550    6.42050    6.38357         21 0.0000e+00
      64956   2706.479   2309.000     2.7286   3.233726     2.7278   3.233655      54.90     0.0179     2.2377     1.9797  35.450226  2.7271836   48.54356  -46.76044    34.9117    34.9117     2.5519     2.5511    27.8550    27.8550    6.42199    6.38032         44 0.0000e+00
      65006   2708.521   2310.000     2.7269   3.233622     2.7264   3.233575      98.62     0.0113     2.2374     1.9795  35.447403  2.7261958   48.54356  -46.76044    34.9118    34.9118     2.5502     2.5496    27.8551    27.8552    6.41977    6.38093         37 0.0000e+00
      65028   2709.462   2311.000     2.7262   3.233600     2.7253   3.233526      90.85     0.0121     2.2369     1.9793  35.448238  2.7264967   48.54356  -46.76044    34.9118    34.9119     2.5494     2.5485    27.8552    27.8554    6.41803    6.38124         19 0.0000e+00
      65045   2710.172   2312.000     2.7257   3.233593     2.7248   3.233512      62.44     0.0140     2.2372     1.9791  35.450500  2.7264957   48.54356  -46.76044    34.9117    34.9118     2.5488     2.5479    27.8552    27.8554    6.42434    6.38309         16 0.0000e+00
      65061   2710.822   2313.000     2.7252   3.233581     2.7243   3.233512      90.96     0.0134     2.2370     1.9794  35.450550  2.7264957   48.54356  -46.76044    34.9117    34.9118     2.5481     2.5473    27.8553    27.8554    6.42057    6.38713         15 0.0000e+00
      65077   2711.488   2314.000     2.7252   3.233629     2.7243   3.233544      98.51     0.0109     2.2365     1.9791  35.442932  2.7219806   48.54356  -46.76044    34.9118    34.9118     2.5481     2.5472    27.8553    27.8554    6.43001    6.38763         17 0.0000e+00
      65095   2712.260   2315.000     2.7245   3.233599     2.7237   3.233522      98.63     0.0128     2.2372     1.9793  35.435993  2.7167993   48.54356  -46.76042    34.9117    34.9117     2.5473     2.5465    27.8553    27.8554    6.42879    6.39246         20 0.0000e+00
      65119   2713.234   2316.000     2.7227   3.233471     2.7215   3.233363      72.86     0.0129     2.2370     1.9794  35.438034  2.7167277   48.54356  -46.76042    34.9116    34.9115     2.5455     2.5443    27.8554    27.8555    6.42604    6.39170         27 0.0000e+00
      65147   2714.407   2317.000     2.7200   3.233256     2.7190   3.233166      98.89     0.0115     2.2370     1.9794  35.442219  2.7167277   48.54358  -46.76042    34.9115    34.9114     2.5426     2.5417    27.8556    27.8556    6.43144    6.39194         28 0.0000e+00
      65172   2715.474   2318.000     2.7174   3.233076     2.7166   3.233002      97.85     0.0157     2.2366     1.9795  35.447472  2.7167277   48.54358  -46.76042    34.9115    34.9115     2.5401     2.5392    27.8558    27.8559    6.42409    6.39409         24 0.0000e+00
