data/CTD/2014/CNV/d017a031.cnv
* Sea-Bird SBE 9 Data File:
* FileName = C:\CTD_ACQUISITION\2014017HUD\ctddata\017A031.hdr
* Software Version Seasave V 7.22.2
* Temperature SN = 5081
* Conductivity SN = 3561
* Number of Bytes Per Scan = 37
* Number of Voltage Words = 4
* Number of Scans Averaged by the Deck Unit = 1
* NMEA Latitude = 48 42.12 N
* NMEA Longitude = 045 35.33 W
* NMEA UTC (Time) = Jul 07 2014 07:43:15
* NMEA baud rate = 9600
** Ship: Hudson
** Cruise: HUD2014017
** Chief_Scientist: Blair Greenan
** Organization: BIO
** Area_of_Operation: Sackville Spur
** Station: 031
** Sounding:  1094
** Event_Comments: SS_23, 403182
# nquan = 25
# nvalues = 1117                        
# units = specified
# name 0 = scan: Scan Count
# name 1 = timeS: Time, Elapsed [seconds]
# name 2 = prDM: Pressure, Digiquartz [db]
# name 3 = t068C: Temperature [ITS-68, deg C]
# name 4 = c0S/m: Conductivity [S/m]
# name 5 = t168C: Temperature, 2 [ITS-68, deg C]
# name 6 = c1S/m: Conductivity, 2 [S/m]
# name 7 = altM: Altimeter [m]
# name 8 = flC: Fluorescence, Chelsea Aqua 3 Chl Con [ug/l]
# name 9 = sbeox0V: Oxygen raw, SBE 43 [V]
# name 10 = sbeox1V: Oxygen raw, SBE 43, 2 [V]
# name 11 = upoly0: Upoly 0, Optode 4330F - O2 D-Phase
# name 12 = upoly1: Upoly 1, Optode 4330F - O2 Temp
# name 13 = latitude: Latitude [deg]
# name 14 = longitude: Longitude [deg]
# name 15 = sal00: Salinity, Practical [PSU]
# name 16 = sal11: Salinity, Practical, 2 [PSU]
# name 17 = potemp068C: Potential Temperature [ITS-68, deg C]
# name 18 = potemp168C: Potential Temperature, 2 [ITS-68, deg C]
# name 19 = sigma-é00: Density [sigma-theta, Kg/m^3]
# name 20 = sigma-é11: Density, 2 [sigma-theta, Kg/m^3]
# name 21 = sbeox0ML/L: Oxygen, SBE 43 [ml/l], WS = 2
# name 22 = sbeox1ML/L: Oxygen, SBE 43, 2 [ml/l], WS = 2
# name 23 = nbin: number of scans per bin
# name 24 = flag: flag
# span 0 =       3995,      34816       
# span 1 =    166.421,   1450.618       
# span 2 =      2.000,   1118.000       
# span 3 =    -0.2630,     8.3991       
# span 4 =   2.779106,   3.549120       
# span 5 =    -0.2631,     8.4121       
# span 6 =   2.778956,   3.551260       
# span 7 =       1.41,     108.51       
# span 8 =     0.0019,     1.7303       
# span 9 =     2.5391,     3.5837       
# span 10 =     2.2450,     3.0690      
# span 11 =  29.897392,  34.566441      
# span 12 =  0.3208145,  8.9536934      
# span 13 =   48.70224,   48.70342      
# span 14 =  -45.58901,  -45.58768      
# span 15 =    33.4367,    34.9095      
# span 16 =    33.4299,    34.9089      
# span 17 =    -0.2639,     8.3981      
# span 18 =    -0.2639,     8.4112      
# span 19 =    26.3000,    27.7558      
# span 20 =    26.2990,    27.7553      
# span 21 =    6.29304,    8.55008      
# span 22 =    6.28712,    8.47222      
# span 23 =         12,         86      
# span 24 = 0.0000e+00, 0.0000e+00      
# interval = decibars: 1                
# start_time = Jul 07 2014 07:43:15 [NMEA time, header]
# bad_flag = -9.990e-29
*END*
[from data line 812]
      25810   1075.368    814.000     3.7293   3.257549     3.7292   3.257521      50.62     0.0156     2.7012     2.3876  33.883846  3.7228327   48.70338  -45.58786    34.8789    34.8786     3.6700     3.6700    27.7238    27.7236    6.51286    6.52520         22 0.0000e+00
      25840   1076.634    815.000     3.7342   3.258102     3.7337   3.258012      95.14     0.0201     2.7004     2.3865  33.893192  3.7215374   48.70338  -45.58786    34.8797    34.8792     3.6748     3.6743    27.7240    27.7236    6.51383    6.52200         42 0.0000e+00
      25882   1078.363    816.000     3.7385   3.258610     3.7377   3.258492      98.64     0.0189     2.6983     2.3843  33.908867  3.7181966   48.70338  -45.58786    34.8806    34.8801     3.6791     3.6783    27.7243    27.7239    6.51053    6.51663         31 0.0000e+00
      25904   1079.283    817.000     3.7417   3.258991     3.7412   3.258891      86.39     0.0244     2.6982     2.3837  33.887432  3.7239816   48.70338  -45.58786    34.8812    34.8807     3.6822     3.6816    27.7245    27.7241    6.50982    6.51058         18 0.0000e+00
      25921   1080.011    818.000     3.7457   3.259452     3.7452   3.259363      79.53     0.0227     2.6974     2.3826  33.890583  3.7245660   48.70338  -45.58786    34.8820    34.8816     3.6860     3.6855    27.7247    27.7244    6.50822    6.50652         17 0.0000e+00
      25939   1080.738    819.000     3.7471   3.259644     3.7468   3.259570      97.73     0.0175     2.6971     2.3819  33.890495  3.7269084   48.70338  -45.58786    34.8822    34.8817     3.6874     3.6871    27.7248    27.7243    6.50429    6.51375         19 0.0000e+00
      25963   1081.755    820.000     3.7490   3.259891     3.7488   3.259831      65.21     0.0185     2.6955     2.3818  33.896931  3.7321911   48.70338  -45.58786    34.8826    34.8821     3.6892     3.6890    27.7249    27.7245    6.49560    6.52034         33 0.0000e+00
      26002   1083.356    821.000     3.7492   3.259961     3.7487   3.259864      82.17     0.0204     2.6941     2.3818  33.897434  3.7326007   48.70338  -45.58786    34.8828    34.8822     3.6893     3.6904    27.7250    27.7245    6.50770    6.51989         33 0.0000e+00
      26025   1084.318    822.000     3.7498   3.260076     3.7495   3.259997      86.38     0.0195     2.6940     2.3816  33.897434  3.7343009   48.70338  -45.58786    34.8830    34.8824     3.6898     3.6894    27.7251    27.7247    6.50420    6.51952         18 0.0000e+00
      26041   1084.990    823.000     3.7494   3.260081     3.7488   3.259977      77.61     0.0155     2.6940     2.3815  33.908592  3.7393947   48.70338  -45.58786    34.8829    34.8823     3.6893     3.6887    27.7251    27.7247    6.50412    6.52145         16 0.0000e+00
      26056   1085.606    824.000     3.7495   3.260145     3.7488   3.260020      98.71     0.0140     2.6931     2.3818  33.913151  3.7423790   48.70338  -45.58786    34.8831    34.8823     3.6893     3.6887    27.7252    27.7247    6.50600    6.52162         14 0.0000e+00
      26071   1086.234    825.000     3.7494   3.260185     3.7483   3.260014      98.64     0.0168     2.6939     2.3812  33.914848  3.7423687   48.70338  -45.58786    34.8831    34.8823     3.6892     3.6880    27.7253    27.7247    6.51133    6.51480         16 0.0000e+00
      26088   1086.974    826.000     3.7496   3.260241     3.7490   3.260134      91.34     0.0130     2.6931     2.3808  33.917576  3.7423687   48.70338  -45.58786    34.8831    34.8825     3.6892     3.6887    27.7253    27.7248    6.50397    6.51291         21 0.0000e+00
      26116   1088.119    827.000     3.7492   3.260249     3.7489   3.260161      72.29     0.0094     2.6928     2.3800  33.919693  3.7423687   48.70338  -45.58786    34.8831    34.8824     3.6888     3.6885    27.7253    27.7248    6.50204    6.51466         36 0.0000e+00
      26153   1089.655    828.000     3.7477   3.260140     3.7472   3.260048      80.91     0.0084     2.6913     2.3796  33.922245  3.7423687   48.70338  -45.58786    34.8829    34.8823     3.6872     3.6867    27.7253    27.7248    6.49471    6.51388         32 0.0000e+00
      26181   1090.830    829.000     3.7493   3.260377     3.7491   3.260313      99.23     0.0115     2.6903     2.3787  33.924469  3.7423687   48.70338  -45.58786    34.8835    34.8829     3.6887     3.6885    27.7256    27.7252    6.49601    6.50539         25 0.0000e+00
      26204   1091.791    830.000     3.7529   3.260820     3.7523   3.260722      98.64     0.0131     2.6898     2.3776  33.926788  3.7423687   48.70338  -45.58786    34.8844    34.8839     3.6922     3.6916    27.7260    27.7256    6.49734    6.50046         22 0.0000e+00
      26225   1092.662    831.000     3.7541   3.260988     3.7538   3.260916      70.59     0.0131     2.6893     2.3770  33.929516  3.7423687   48.70338  -45.58786    34.8846    34.8840     3.6934     3.6931    27.7260    27.7256    6.49080    6.50765         21 0.0000e+00
      26247   1093.597    832.000     3.7550   3.261119     3.7546   3.261036      58.94     0.0105     2.6882     2.3769  33.941048  3.7423687   48.70338  -45.58786    34.8847    34.8842     3.6941     3.6937    27.7260    27.7256    6.48828    6.51197         25 0.0000e+00
      26276   1094.806    833.000     3.7552   3.261187     3.7548   3.261108      94.27     0.0057     2.6878     2.3770  33.941391  3.7452393   48.70337  -45.58786    34.8848    34.8842     3.6942     3.6939    27.7261    27.7257    6.49925    6.51249         31 0.0000e+00
      26303   1095.927    834.000     3.7550   3.261218     3.7547   3.261140      98.77     0.0019     2.6875     2.3766  33.940022  3.7505054   48.70336  -45.58786    34.8848    34.8843     3.6940     3.6937    27.7262    27.7257    6.48872    6.50633         22 0.0000e+00
      26321   1096.682    835.000     3.7550   3.261271     3.7547   3.261198      98.64     0.0091     2.6868     2.3761  33.940472  3.7515175   48.70336  -45.58786    34.8850    34.8844     3.6939     3.6936    27.7263    27.7259    6.49109    6.50104         16 0.0000e+00
      26336   1097.309    836.000     3.7554   3.261371     3.7551   3.261285      84.01     0.0086     2.6866     2.3754  33.943466  3.7521334   48.70336  -45.58786    34.8852    34.8845     3.6943     3.6939    27.7264    27.7259    6.48969    6.50202         14 0.0000e+00
      26351   1097.905    837.000     3.7549   3.261363     3.7546   3.261285      72.03     0.0104     2.6857     2.3752  33.943348  3.7521367   48.70336  -45.58786    34.8851    34.8845     3.6937     3.6933    27.7264    27.7260    6.48430    6.50379         15 0.0000e+00
      26366   1098.545    838.000     3.7543   3.261361     3.7539   3.261276      97.91     0.0123     2.6852     2.3750  33.946793  3.7521367   48.70336  -45.58786    34.8852    34.8846     3.6930     3.6956    27.7265    27.7261    6.49244    6.50348         16 0.0000e+00
      26388   1099.450    839.000     3.7542   3.261399     3.7539   3.261310      77.89     0.0143     2.6853     2.3742  33.968029  3.7518351   48.70336  -45.58786    34.8852    34.8845     3.6928     3.6927    27.7266    27.7261    6.49146    6.49862         30 0.0000e+00
      26439   1101.603    840.000     3.7543   3.261448     3.7538   3.261351      79.27     0.0183     2.6841     2.3722  33.968727  3.7517841   48.70336  -45.58787    34.8852    34.8845     3.6928     3.6924    27.7265    27.7261    6.48755    6.49111         56 0.0000e+00
      26473   1103.002    841.000     3.7539   3.261476     3.7535   3.261387      76.25     0.0193     2.6834     2.3709  33.967625  3.7529666   48.70336  -45.58788    34.8854    34.8847     3.6924     3.6920    27.7268    27.7263    6.48965    6.49052         24 0.0000e+00
      26494   1103.892    842.000     3.7532   3.261453     3.7527   3.261363      98.54     0.0176     2.6831     2.3705  33.970684  3.7550581   48.70336  -45.58788    34.8854    34.8848     3.6915     3.6911    27.7269    27.7264    6.48681    6.48896         20 0.0000e+00
      26514   1104.695    843.000     3.7532   3.261525     3.7529   3.261442      98.64     0.0156     2.6829     2.3697  33.970695  3.7521105   48.70336  -45.58788    34.8857    34.8851     3.6915     3.6911    27.7271    27.7266    6.48762    6.48848         18 0.0000e+00
      26532   1105.469    844.000     3.7538   3.261641     3.7534   3.261553      74.09     0.0114     2.6823     2.3696  33.970695  3.7521367   48.70336  -45.58788    34.8860    34.8854     3.6920     3.6916    27.7273    27.7268    6.48353    6.49467         19 0.0000e+00
      26552   1106.292    845.000     3.7539   3.261699     3.7535   3.261612      38.07     0.0128     2.6817     2.3694  33.970695  3.7521367   48.70336  -45.58788    34.8860    34.8854     3.6920     3.6917    27.7273    27.7268    6.48257    6.48684         21 0.0000e+00
      26574   1107.215    846.000     3.7543   3.261781     3.7538   3.261686      97.81     0.0153     2.6808     2.3680  33.981522  3.7521367   48.70336  -45.58788    34.8861    34.8854     3.6923     3.6919    27.7273    27.7268    6.48049    6.47686         24 0.0000e+00
      26598   1108.216    847.000     3.7547   3.261864     3.7544   3.261786      98.64     0.0164     2.6807     2.3671  33.985298  3.7521367   48.70336  -45.58788    34.8861    34.8855     3.6926     3.6923    27.7273    27.7269    6.48363    6.48603         24 0.0000e+00
      26621   1109.171    848.000     3.7550   3.261946     3.7547   3.261869      98.64     0.0169     2.6797     2.3670  33.985348  3.7521367   48.70336  -45.58788    34.8863    34.8856     3.6928     3.6926    27.7274    27.7269    6.47622    6.48757         22 0.0000e+00
      26643   1110.066    849.000     3.7553   3.262023     3.7549   3.261939      92.16     0.0193     2.6791     2.3668  33.985348  3.7521367   48.70336  -45.58788    34.8863    34.8857     3.6930     3.6927    27.7275    27.7270    6.48236    6.48917         21 0.0000e+00
      26664   1110.969    850.000     3.7554   3.262089     3.7550   3.261998      75.23     0.0197     2.6791     2.3665  33.991932  3.7521367   48.70336  -45.58788    34.8865    34.8858     3.6931     3.6927    27.7275    27.7271    6.47986    6.48426         22 0.0000e+00
      26688   1111.951    851.000     3.7553   3.262123     3.7549   3.262038      75.26     0.0199     2.6775     2.3660  33.990631  3.7521367   48.70336  -45.58788    34.8865    34.8858     3.6929     3.6926    27.7276    27.7271    6.46978    6.48758         25 0.0000e+00
      26712   1112.954    852.000     3.7540   3.262064     3.7536   3.261962      69.24     0.0179     2.6770     2.3660  33.992981  3.7521367   48.70335  -45.58788    34.8866    34.8858     3.6916     3.6911    27.7278    27.7273    6.47248    6.48687         23 0.0000e+00
      26734   1113.874    853.000     3.7530   3.262044     3.7525   3.261957      59.52     0.0167     2.6761     2.3653  33.995113  3.7521367   48.70334  -45.58788    34.8870    34.8864     3.6904     3.6900    27.7282    27.7278    6.47288    6.47969         21 0.0000e+00
      26755   1114.750    854.000     3.7520   3.262022     3.7516   3.261935      98.75     0.0199     2.6755     2.3648  33.994419  3.7521367   48.70334  -45.58788    34.8872    34.8866     3.6894     3.6890    27.7285    27.7280    6.47129    6.48350         21 0.0000e+00
      26777   1115.650    855.000     3.7519   3.262069     3.7516   3.261981      67.62     0.0203     2.6748     2.3643  34.000027  3.7521367   48.70334  -45.58788    34.8873    34.8866     3.6893     3.6890    27.7286    27.7281    6.47036    6.48209         22 0.0000e+00
      26800   1116.640    856.000     3.7522   3.262144     3.7519   3.262053      98.53     0.0150     2.6736     2.3641  34.000000  3.7521367   48.70334  -45.58788    34.8873    34.8866     3.6895     3.6891    27.7286    27.7281    6.46176    6.48488         26 0.0000e+00
      26829   1117.846    857.000     3.7525   3.262212     3.7521   3.262125      86.04     0.0118     2.6731     2.3635  34.000828  3.7521367   48.70334  -45.58788    34.8874    34.8867     3.6897     3.6893    27.7286    27.7281    6.47269    6.47699         34 0.0000e+00
      26867   1119.399    858.000     3.7528   3.262291     3.7523   3.262204      76.88     0.0154     2.6725     2.3622  34.013531  3.7521367   48.70334  -45.58788    34.8875    34.8870     3.6899     3.6894    27.7287    27.7283    6.46756    6.47310         35 0.0000e+00
      26895   1120.567    859.000     3.7525   3.262331     3.7521   3.262248      69.67     0.0158     2.6717     2.3611  34.016792  3.7521367   48.70334  -45.58788    34.8877    34.8871     3.6895     3.6891    27.7289    27.7285    6.45869    6.46823         22 0.0000e+00
      26913   1121.330    860.000     3.7515   3.262291     3.7512   3.262208      95.11     0.0162     2.6701     2.3606  34.018353  3.7521367   48.70334  -45.58788    34.8878    34.8872     3.6884     3.6881    27.7291    27.7286    6.45998    6.46837         16 0.0000e+00
      26928   1121.979    861.000     3.7511   3.262302     3.7507   3.262229      98.64     0.0118     2.6707     2.3599  34.015568  3.7521367   48.70334  -45.58788    34.8879    34.8874     3.6879     3.6876    27.7292    27.7288    6.47355    6.47246         16 0.0000e+00
      26944   1122.608    862.000     3.7510   3.262334     3.7506   3.262254      98.64     0.0119     2.6705     2.3600  34.017529  3.7521367   48.70334  -45.58788    34.8878    34.8872     3.6877     3.6874    27.7292    27.7287    6.47154    6.47885         15 0.0000e+00
      26960   1123.276    863.000     3.7504   3.262325     3.7499   3.262234      82.34     0.0120     2.6702     2.3599  34.029034  3.7521367   48.70334  -45.58788    34.8878    34.8872     3.6871     3.6866    27.7292    27.7288    6.46779    6.48052         17 0.0000e+00
      26979   1124.096    864.000     3.7494   3.262277     3.7491   3.262194      76.14     0.0166     2.6699     2.3601  34.029305  3.7521367   48.70334  -45.58788    34.8878    34.8871     3.6860     3.6857    27.7293    27.7288    6.46822    6.48155         23 0.0000e+00
      27009   1125.346    865.000     3.7486   3.262244     3.7482   3.262159      67.88     0.0220     2.6695     2.3600  34.030922  3.7494411   48.70334  -45.58788    34.8878    34.8871     3.6851     3.6848    27.7294    27.7289    6.46427    6.47939         36 0.0000e+00
      27042   1126.719    866.000     3.7486   3.262297     3.7481   3.262210      73.07     0.0161     2.6682     2.3594  34.031410  3.7504148   48.70334  -45.58788    34.8878    34.8873     3.6851     3.6846    27.7295    27.7291    6.45823    6.47502         28 0.0000e+00
      27068   1127.795    867.000     3.7487   3.262360     3.7484   3.262287      98.25     0.0135     2.6675     2.3590  34.031002  3.7506301   48.70333  -45.58788    34.8879    34.8874     3.6851     3.6848    27.7295    27.7291    6.46539    6.47354         26 0.0000e+00
      27095   1128.913    868.000     3.7489   3.262432     3.7486   3.262345      94.68     0.0159     2.6673     2.3584  34.035259  3.7510500   48.70332  -45.58789    34.8881    34.8874     3.6852     3.6849    27.7296    27.7291    6.46115    6.46925         27 0.0000e+00
      27121   1130.013    869.000     3.7491   3.262509     3.7487   3.262414      71.98     0.0170     2.6668     2.3577  34.039192  3.7513313   48.70332  -45.58790    34.8883    34.8876     3.6853     3.6849    27.7298    27.7293    6.46736    6.47393         24 0.0000e+00
      27142   1130.889    870.000     3.7492   3.262576     3.7489   3.262492      99.05     0.0170     2.6667     2.3575  34.043251  3.7521496   48.70332  -45.58790    34.8884    34.8878     3.6854     3.6850    27.7299    27.7294    6.46669    6.47009         19 0.0000e+00
