data/CTD/2014/CNV/d017a040.cnv
* Sea-Bird SBE 9 Data File:
* FileName = C:\CTD_ACQUISITION\2014017HUD\ctddata\017A040.hdr
* Software Version Seasave V 7.22.2
* Temperature SN = 5081
* Conductivity SN = 3561
* Number of Bytes Per Scan = 37
* Number of Voltage Words = 4
* Number of Scans Averaged by the Deck Unit = 1
* NMEA Latitude = 48 09.86 N
* NMEA Longitude = 046 24.35 W
* NMEA UTC (Time) = Jul 10 2014 03:17:53
* NMEA baud rate = 9600
** Ship: Hudson
** Cruise: HUD2014017
** Chief_Scientist: Blair Greenan
** Organization: BIO
** Area_of_Operation: Sackville Spur
** Station: 040
** Sounding:  1106
** Event_Comments: SS_14, 403229
# nquan = 25
# nvalues = 1132                        
# units = specified
# name 0 = scan: Scan Count
# name 1 = timeS: Time, Elapsed [seconds]
# name 2 = prDM: Pressure, Digiquartz [db]
# name 3 = t068C: Temperature [ITS-68, deg C]
# name 4 = c0S/m: Conductivity [S/m]
# name 5 = t168C: Temperature, 2 [ITS-68, deg C]
# name 6 = c1S/m: Conductivity, 2 [S/m]
# name 7 = altM: Altimeter [m]
# name 8 = flC: Fluorescence, Chelsea Aqua 3 Chl Con [ug/l]
# name 9 = sbeox0V: Oxygen raw, SBE 43 [V]
# name 10 = sbeox1V: Oxygen raw, SBE 43, 2 [V]
# name 11 = upoly0: Upoly 0, Optode 4330F - O2 D-Phase
# name 12 = upoly1: Upoly 1, Optode 4330F - O2 Temp
# name 13 = latitude: Latitude [deg]
# name 14 = longitude: Longitude [deg]
# name 15 = sal00: Salinity, Practical [PSU]
# name 16 = sal11: Salinity, Practical, 2 [PSU]
# name 17 = potemp068C: Potential Temperature [ITS-68, deg C]
# name 18 = potemp168C: Potential Temperature, 2 [ITS-68, deg C]
# name 19 = sigma-é00: Density [sigma-theta, Kg/m^3]
# name 20 = sigma-é11: Density, 2 [sigma-theta, Kg/m^3]
# name 21 = sbeox0ML/L: Oxygen, SBE 43 [ml/l], WS = 2
# name 22 = sbeox1ML/L: Oxygen, SBE 43, 2 [ml/l], WS = 2
# name 23 = nbin: number of scans per bin
# name 24 = flag: flag
# span 0 =       2725,      32949       
# span 1 =    113.485,   1372.822       
# span 2 =      1.000,   1132.000       
# span 3 =    -1.1448,     7.5250       
# span 4 =   2.676037,   3.367137       
# span 5 =    -1.1451,     7.5243       
# span 6 =   2.675912,   3.367012       
# span 7 =      -6.36,     102.13       
# span 8 =     0.0096,     0.0937       
# span 9 =     2.5320,     3.4752       
# span 10 =     2.2386,     2.9848      
# span 11 =  30.453793,  34.606640      
# span 12 = -1.0173261,  7.5649972      
# span 13 =   48.16310,   48.16426      
# span 14 =  -46.40578,  -46.40522      
# span 15 =    32.7272,    34.9077      
# span 16 =    32.7264,    34.9073      
# span 17 =    -1.1460,     7.5249      
# span 18 =    -1.1462,     7.5242      
# span 19 =    25.5571,    27.7552      
# span 20 =    25.5566,    27.7549      
# span 21 =    6.27527,    8.63276      
# span 22 =    6.27055,    8.62786      
# span 23 =         12,         82      
# span 24 = 0.0000e+00, 0.0000e+00      
# interval = decibars: 1                
# start_time = Jul 10 2014 03:17:53 [NMEA time, header]
# bad_flag = -9.990e-29
*END*
[from data line 986]
      28939   1205.752    987.000     3.7434   3.267588     3.7432   3.267516      51.55     0.0205     2.6108     2.3066  34.252071  3.7423410   48.16322  -46.40534    34.8938    34.8932     3.6701     3.6719    27.7357    27.7353    6.39948    6.39595         30 0.0000e+00
      28964   1206.803    988.000     3.7422   3.267533     3.7419   3.267446      98.96     0.0178     2.6104     2.3070  34.265980  3.7423687   48.16322  -46.40534    34.8939    34.8932     3.6689     3.6685    27.7359    27.7354    6.39293    6.39638         21 0.0000e+00
      28984   1207.611    989.000     3.7416   3.267511     3.7413   3.267437      98.63     0.0165     2.6105     2.3066  34.264542  3.7423687   48.16322  -46.40534    34.8938    34.8932     3.6681     3.6679    27.7359    27.7354    6.40428    6.39404         18 0.0000e+00
      29002   1208.385    990.000     3.7389   3.267296     3.7387   3.267227      97.63     0.0151     2.6107     2.3065  34.267361  3.7423687   48.16322  -46.40534    34.8937    34.8928     3.6653     3.6653    27.7361    27.7354    6.39867    6.40297         20 0.0000e+00
      29025   1209.314    991.000     3.7365   3.267112     3.7361   3.267033      93.92     0.0172     2.6106     2.3073  34.266590  3.7423687   48.16322  -46.40534    34.8935    34.8929     3.6629     3.6626    27.7362    27.7357    6.40346    6.41059         26 0.0000e+00
      29057   1210.646    992.000     3.7357   3.267087     3.7354   3.267006      98.80     0.0214     2.6104     2.3079  34.272549  3.7346485   48.16322  -46.40534    34.8935    34.8928     3.6621     3.6617    27.7362    27.7358    6.40176    6.41053         34 0.0000e+00
      29083   1211.760    993.000     3.7354   3.267112     3.7350   3.267032      98.63     0.0177     2.6108     2.3083  34.269291  3.7325811   48.16322  -46.40534    34.8936    34.8930     3.6617     3.6613    27.7364    27.7359    6.39982    6.40404         21 0.0000e+00
      29102   1212.533    994.000     3.7353   3.267153     3.7350   3.267075      98.64     0.0148     2.6100     2.3077  34.265503  3.7326007   48.16322  -46.40534    34.8936    34.8930     3.6615     3.6612    27.7364    27.7360    6.39733    6.39174         17 0.0000e+00
      29119   1213.249    995.000     3.7350   3.267168     3.7346   3.267077      98.63     0.0159     2.6101     2.3066  34.263741  3.7326007   48.16322  -46.40534    34.8937    34.8930     3.6611     3.6607    27.7365    27.7360    6.40372    6.39081         17 0.0000e+00
      29138   1214.033    996.000     3.7349   3.267203     3.7345   3.267116      98.63     0.0179     2.6098     2.3062  34.260979  3.7326007   48.16322  -46.40534    34.8936    34.8930     3.6610     3.6606    27.7365    27.7360    6.40209    6.39113         21 0.0000e+00
      29164   1215.107    997.000     3.7348   3.267230     3.7343   3.267141      98.63     0.0166     2.6097     2.3052  34.259663  3.7326007   48.16322  -46.40534    34.8936    34.8930     3.6607     3.6603    27.7365    27.7360    6.40023    6.38807         32 0.0000e+00
      29197   1216.517    998.000     3.7341   3.267232     3.7338   3.267146      75.42     0.0150     2.6088     2.3038  34.265896  3.7326007   48.16322  -46.40534    34.8938    34.8931     3.6600     3.6597    27.7367    27.7362    6.39156    6.38292         31 0.0000e+00
      29224   1217.629    999.000     3.7341   3.267300     3.7337   3.267215      97.47     0.0142     2.6077     2.3029  34.265568  3.7326007   48.16322  -46.40534    34.8941    34.8935     3.6599     3.6595    27.7370    27.7365    6.38310    6.38638         24 0.0000e+00
      29247   1218.565   1000.000     3.7342   3.267367     3.7339   3.267285      98.64     0.0158     2.6064     2.3028  34.267738  3.7326007   48.16322  -46.40534    34.8942    34.8936     3.6599     3.6597    27.7371    27.7366    6.37960    6.39143         22 0.0000e+00
      29268   1219.477   1001.000     3.7344   3.267441     3.7341   3.267360      98.64     0.0193     2.6052     2.3026  34.266403  3.7326007   48.16322  -46.40534    34.8944    34.8938     3.6600     3.6597    27.7372    27.7368    6.38089    6.39008         22 0.0000e+00
      29289   1220.339   1002.000     3.7346   3.267516     3.7342   3.267429      98.63     0.0193     2.6045     2.3022  34.265270  3.7326007   48.16322  -46.40534    34.8946    34.8940     3.6601     3.6598    27.7373    27.7369    6.38108    6.38933         19 0.0000e+00
      29308   1221.131   1003.000     3.7352   3.267633     3.7348   3.267556      98.63     0.0205     2.6039     2.3021  34.261395  3.7326007   48.16322  -46.40532    34.8948    34.8943     3.6607     3.6603    27.7375    27.7371    6.38390    6.38830         19 0.0000e+00
      29326   1221.884   1004.000     3.7370   3.267886     3.7365   3.267807      98.63     0.0197     2.6035     2.3017  34.266907  3.7326007   48.16322  -46.40532    34.8954    34.8950     3.6624     3.6619    27.7378    27.7375    6.38503    6.38488         18 0.0000e+00
      29345   1222.673   1005.000     3.7378   3.268023     3.7374   3.267942      98.63     0.0195     2.6030     2.3011  34.278183  3.7326007   48.16322  -46.40532    34.8957    34.8951     3.6631     3.6627    27.7379    27.7375    6.37704    6.38343         20 0.0000e+00
      29369   1223.659   1006.000     3.7382   3.268115     3.7379   3.268041      95.78     0.0200     2.6016     2.3005  34.279915  3.7326007   48.16323  -46.40532    34.8958    34.8952     3.6634     3.6631    27.7380    27.7376    6.37237    6.37831         28 0.0000e+00
      29401   1225.009   1007.000     3.7385   3.268188     3.7381   3.268106      55.39     0.0178     2.6007     2.2990  34.286179  3.7326007   48.16324  -46.40532    34.8959    34.8953     3.6636     3.6633    27.7380    27.7376    6.37626    6.36952         33 0.0000e+00
      29429   1226.185   1008.000     3.7386   3.268250     3.7382   3.268163      99.27     0.0165     2.6001     2.2979  34.279465  3.7326007   48.16324  -46.40532    34.8960    34.8954     3.6637     3.6633    27.7381    27.7376    6.37899    6.37521         25 0.0000e+00
      29453   1227.161   1009.000     3.7388   3.268326     3.7384   3.268255      94.55     0.0155     2.5996     2.2976  34.274593  3.7326007   48.16324  -46.40532    34.8962    34.8957     3.6637     3.6634    27.7383    27.7379    6.37919    6.37641         23 0.0000e+00
      29476   1228.129   1010.000     3.7388   3.268446     3.7385   3.268361      94.81     0.0155     2.5994     2.2972  34.278404  3.7326007   48.16322  -46.40532    34.8971    34.8964     3.6637     3.6633    27.7389    27.7385    6.37295    6.37319         23 0.0000e+00
      29498   1229.032   1011.000     3.7388   3.268499     3.7385   3.268420      98.68     0.0208     2.5983     2.2965  34.282101  3.7326007   48.16322  -46.40532    34.8972    34.8966     3.6636     3.6632    27.7390    27.7386    6.37338    6.37073         20 0.0000e+00
      29516   1229.805   1012.000     3.7389   3.268548     3.7386   3.268482      98.63     0.0181     2.5985     2.2962  34.283585  3.7326007   48.16323  -46.40532    34.8971    34.8967     3.6636     3.6633    27.7390    27.7387    6.37895    6.37270         17 0.0000e+00
      29533   1230.489   1013.000     3.7390   3.268605     3.7387   3.268534      98.64     0.0170     2.5979     2.2957  34.295967  3.7326007   48.16324  -46.40532    34.8972    34.8967     3.6636     3.6633    27.7391    27.7387    6.37436    6.37420         16 0.0000e+00
      29548   1231.131   1014.000     3.7391   3.268653     3.7387   3.268579      98.63     0.0168     2.5977     2.2958  34.294987  3.7326007   48.16324  -46.40532    34.8972    34.8967     3.6636     3.6632    27.7391    27.7387    6.37569    6.38165         15 0.0000e+00
      29564   1231.774   1015.000     3.7390   3.268700     3.7387   3.268628      98.63     0.0181     2.5973     2.2960  34.296715  3.7326007   48.16324  -46.40532    34.8973    34.8968     3.6635     3.6707    27.7391    27.7388    6.37523    6.37919         16 0.0000e+00
      29581   1232.490   1016.000     3.7389   3.268735     3.7386   3.268659      98.63     0.0192     2.5972     2.2955  34.305267  3.7326007   48.16324  -46.40532    34.8973    34.8968     3.6633     3.6630    27.7392    27.7388    6.38062    6.37058         19 0.0000e+00
      29615   1233.918   1017.000     3.7390   3.268775     3.7385   3.268691      91.77     0.0186     2.5966     2.2948  34.306713  3.7326007   48.16324  -46.40532    34.8972    34.8967     3.6633     3.6637    27.7391    27.7387    6.37369    6.37421         58 0.0000e+00
      29672   1236.287   1018.000     3.7388   3.268805     3.7383   3.268715      86.72     0.0184     2.5953     2.2950  34.305340  3.7346454   48.16324  -46.40532    34.8973    34.8967     3.6630     3.6624    27.7392    27.7388    6.37225    6.38385         27 0.0000e+00
      29689   1236.992   1019.000     3.7378   3.268794     3.7375   3.268707      99.06     0.0199     2.5950     2.2951  34.305092  3.7343214   48.16324  -46.40532    34.8976    34.8970     3.6620     3.6616    27.7396    27.7391    6.36901    6.37773         17 0.0000e+00
      29704   1237.638   1020.000     3.7378   3.268829     3.7375   3.268747      98.63     0.0188     2.5947     2.2945  34.307743  3.7345586   48.16324  -46.40532    34.8975    34.8970     3.6619     3.6615    27.7395    27.7391    6.36728    6.37235         15 0.0000e+00
      29718   1238.226   1021.000     3.7379   3.268883     3.7375   3.268802      98.63     0.0158     2.5937     2.2945  34.307693  3.7333055   48.16324  -46.40532    34.8976    34.8970     3.6619     3.6615    27.7395    27.7392    6.36967    6.36916         14 0.0000e+00
      29732   1238.805   1022.000     3.7378   3.268916     3.7374   3.268830      98.63     0.0145     2.5942     2.2935  34.307693  3.7346764   48.16324  -46.40532    34.8976    34.8970     3.6617     3.6613    27.7396    27.7391    6.37772    6.36621         14 0.0000e+00
      29747   1239.423   1023.000     3.7368   3.268877     3.7364   3.268785      98.63     0.0160     2.5939     2.2933  34.307693  3.7350347   48.16324  -46.40532    34.8976    34.8970     3.6607     3.6602    27.7397    27.7393    6.37859    6.37112         16 0.0000e+00
      29766   1240.192   1024.000     3.7353   3.268754     3.7347   3.268645      98.63     0.0167     2.5943     2.2929  34.318481  3.7335618   48.16324  -46.40532    34.8973    34.8966     3.6591     3.6585    27.7396    27.7391    6.38042    6.37043         22 0.0000e+00
      29807   1241.936   1025.000     3.7337   3.268636     3.7324   3.268468      89.69     0.0168     2.5930     2.2917  34.324867  3.7325680   48.16324  -46.40532    34.8971    34.8964     3.6573     3.6561    27.7396    27.7392    6.36487    6.36638         57 0.0000e+00
      29845   1243.514   1026.000     3.7320   3.268538     3.7315   3.268435      49.81     0.0142     2.5918     2.2911  34.323734  3.7326007   48.16324  -46.40532    34.8972    34.8965     3.6556     3.6551    27.7398    27.7394    6.37361    6.37376         21 0.0000e+00
      29864   1244.275   1027.000     3.7318   3.268558     3.7315   3.268495      98.89     0.0150     2.5928     2.2912  34.310371  3.7332144   48.16324  -46.40532    34.8972    34.8967     3.6553     3.6550    27.7399    27.7395    6.36956    6.37489         16 0.0000e+00
      29879   1244.932   1028.000     3.7322   3.268631     3.7319   3.268570      98.63     0.0150     2.5906     2.2911  34.307629  3.7325859   48.16324  -46.40532    34.8971    34.8967     3.6556     3.6553    27.7398    27.7395    6.36068    6.37619         15 0.0000e+00
      29894   1245.558   1029.000     3.7323   3.268688     3.7320   3.268623      98.63     0.0202     2.5909     2.2914  34.307693  3.7326007   48.16324  -46.40532    34.8971    34.8966     3.6557     3.6554    27.7398    27.7394    6.37067    6.37455         15 0.0000e+00
      29910   1246.195   1030.000     3.7323   3.268732     3.7319   3.268651      84.39     0.0188     2.5909     2.2910  34.321587  3.7326007   48.16324  -46.40532    34.8971    34.8966     3.6556     3.6552    27.7398    27.7394    6.36862    6.36695         16 0.0000e+00
      29926   1246.889   1031.000     3.7328   3.268822     3.7323   3.268729      97.99     0.0193     2.5904     2.2902  34.325565  3.7326007   48.16324  -46.40532    34.8972    34.8966     3.6560     3.6555    27.7398    27.7394    6.36927    6.36811         18 0.0000e+00
      29946   1247.727   1032.000     3.7327   3.268849     3.7326   3.268796      98.62     0.0217     2.5901     2.2902  34.328632  3.7305338   48.16324  -46.40531    34.8971    34.8966     3.6558     3.6557    27.7398    27.7394    6.37267    6.37278         23 0.0000e+00
      29973   1248.836   1033.000     3.7317   3.268786     3.7313   3.268703      98.63     0.0199     2.5902     2.2901  34.336861  3.7229607   48.16324  -46.40530    34.8969    34.8963     3.6547     3.6543    27.7397    27.7393    6.37678    6.37343         30 0.0000e+00
      30007   1250.261   1034.000     3.7308   3.268745     3.7305   3.268679      98.63     0.0154     2.5904     2.2898  34.336998  3.7279372   48.16324  -46.40530    34.8968    34.8963     3.6537     3.6535    27.7398    27.7394    6.37457    6.37247         38 0.0000e+00
      30042   1251.721   1035.000     3.7298   3.268707     3.7297   3.268646      98.63     0.0130     2.5899     2.2894  34.336998  3.7310309   48.16324  -46.40530    34.8969    34.8963     3.6527     3.6525    27.7399    27.7395    6.37477    6.37479         29 0.0000e+00
      30066   1252.714   1036.000     3.7293   3.268710     3.7289   3.268629      98.63     0.0096     2.5896     2.2895  34.336998  3.7326438   48.16324  -46.40530    34.8969    34.8964     3.6521     3.6517    27.7400    27.7396    6.37233    6.37885         20 0.0000e+00
      30084   1253.447   1037.000     3.7293   3.268754     3.7289   3.268677      91.22     0.0149     2.5895     2.2897  34.336998  3.7326007   48.16324  -46.40530    34.8969    34.8964     3.6521     3.6517    27.7400    27.7397    6.37050    6.37778         16 0.0000e+00
      30099   1254.095   1038.000     3.7293   3.268797     3.7289   3.268712      48.81     0.0153     2.5891     2.2895  34.336998  3.7326007   48.16324  -46.40530    34.8970    34.8964     3.6519     3.6515    27.7401    27.7396    6.37458    6.37683         15 0.0000e+00
      30115   1254.730   1039.000     3.7293   3.268841     3.7289   3.268756      98.88     0.0159     2.5895     2.2897  34.336998  3.7326007   48.16324  -46.40530    34.8970    34.8964     3.6519     3.6514    27.7401    27.7397    6.37535    6.37368         16 0.0000e+00
      30131   1255.433   1040.000     3.7291   3.268867     3.7287   3.268793      98.64     0.0189     2.5887     2.2889  34.336998  3.7316086   48.16324  -46.40530    34.8970    34.8965     3.6516     3.6512    27.7401    27.7398    6.37048    6.36570         19 0.0000e+00
      30161   1256.650   1041.000     3.7291   3.268899     3.7287   3.268816      98.63     0.0199     2.5884     2.2880  34.348465  3.7248056   48.16324  -46.40530    34.8968    34.8963     3.6515     3.6511    27.7400    27.7396    6.37209    6.36372         48 0.0000e+00
      30213   1258.816   1042.000     3.7290   3.268932     3.7286   3.268854      98.63     0.0137     2.5876     2.2859  34.336365  3.7227006   48.16324  -46.40530    34.8968    34.8963     3.6513     3.6509    27.7400    27.7396    6.36888    6.35865         33 0.0000e+00
      30232   1259.626   1043.000     3.7288   3.268967     3.7284   3.268889      98.63     0.0151     2.5869     2.2858  34.336140  3.7228327   48.16325  -46.40530    34.8970    34.8965     3.6510     3.6506    27.7401    27.7398    6.36117    6.36472         18 0.0000e+00
