data/CTD/2014/CNV/d017a035.cnv
* Sea-Bird SBE 9 Data File:
* FileName = C:\CTD_ACQUISITION\2014017HUD\ctddata\017A035.hdr
* Software Version Seasave V 7.22.2
* Temperature SN = 5081
* Conductivity SN = 3561
* Number of Bytes Per Scan = 37
* Number of Voltage Words = 4
* Number of Scans Averaged by the Deck Unit = 1
* NMEA Latitude = 48 29.67 N
* NMEA Longitude = 046 43.65 W
* NMEA UTC (Time) = Jul 09 2014 18:03:36
* NMEA baud rate = 9600
** Ship: Hudson
** Cruise: HUD2014017
** Chief_Scientist: Blair Greenan
** Organization: BIO
** Area_of_Operation: Sackville Spur
** Station: 035
** Sounding:
** Event_Comments: SS-07 403203
# nquan = 25
# nvalues = 2346                        
# units = specified
# name 0 = scan: Scan Count
# name 1 = timeS: Time, Elapsed [seconds]
# name 2 = prDM: Pressure, Digiquartz [db]
# name 3 = t068C: Temperature [ITS-68, deg C]
# name 4 = c0S/m: Conductivity [S/m]
# name 5 = t168C: Temperature, 2 [ITS-68, deg C]
# name 6 = c1S/m: Conductivity, 2 [S/m]
# name 7 = altM: Altimeter [m]
# name 8 = flC: Fluorescence, Chelsea Aqua 3 Chl Con [ug/l]
# name 9 = sbeox0V: Oxygen raw, SBE 43 [V]
# name 10 = sbeox1V: Oxygen raw, SBE 43, 2 [V]
# name 11 = upoly0: Upoly 0, Optode 4330F - O2 D-Phase
# name 12 = upoly1: Upoly 1, Optode 4330F - O2 Temp
# name 13 = latitude: Latitude [deg]
# name 14 = longitude: Longitude [deg]
# name 15 = sal00: Salinity, Practical [PSU]
# name 16 = sal11: Salinity, Practical, 2 [PSU]
# name 17 = potemp068C: Potential Temperature [ITS-68, deg C]
# name 18 = potemp168C: Potential Temperature, 2 [ITS-68, deg C]
# name 19 = sigma-é00: Density [sigma-theta, Kg/m^3]
# name 20 = sigma-é11: Density, 2 [sigma-theta, Kg/m^3]
# name 21 = sbeox0ML/L: Oxygen, SBE 43 [ml/l], WS = 2
# name 22 = sbeox1ML/L: Oxygen, SBE 43, 2 [ml/l], WS = 2
# name 23 = nbin: number of scans per bin
# name 24 = flag: flag
# span 0 =       2683,      61309       
# span 1 =    111.757,   2554.501       
# span 2 =      2.000,   2347.000       
# span 3 =     2.5862,     8.6783       
# span 4 =   3.073810,   3.543084       
# span 5 =     2.5849,     8.6775       
# span 6 =   3.074776,   3.542861       
# span 7 =       0.45,     108.66       
# span 8 =     0.0067,     0.5586       
# span 9 =     2.2226,     3.6533       
# span 10 =     1.9658,     3.1887      
# span 11 =  30.159554,  35.510742      
# span 12 =  2.7224085,  8.7199526      
# span 13 =   48.49498,   48.49786      
# span 14 =  -46.72746,  -46.71976      
# span 15 =    33.4754,    34.9162      
# span 16 =    33.4735,    34.9158      
# span 17 =     2.5827,     8.6781      
# span 18 =     2.5814,     8.6772      
# span 19 =    25.9749,    27.8510      
# span 20 =    25.9738,    27.8510      
# span 21 =    6.26573,    8.41220      
# span 22 =    6.24599,    8.41933      
# span 23 =         12,         87      
# span 24 = 0.0000e+00, 0.0000e+00      
# interval = decibars: 1                
# start_time = Jul 09 2014 18:03:36 [NMEA time, header]
# bad_flag = -9.990e-29
*END*
[from data line 2145]
      55549   2314.491   2147.000     2.9630   3.248078     2.9622   3.247984      72.10     0.0107     2.2783     2.0148  35.291328  2.9515526   48.49762  -46.72018    34.9127    34.9125     2.7975     2.7967    27.8340    27.8339    6.39088    6.35667         26 0.0000e+00
      55584   2315.966   2148.000     2.9619   3.248011     2.9609   3.247908      75.58     0.0116     2.2778     2.0147  35.286758  2.9511633   48.49762  -46.72018    34.9126    34.9124     2.7964     2.7954    27.8340    27.8339    6.38775    6.35636         44 0.0000e+00
      55621   2317.519   2149.000     2.9606   3.247943     2.9590   3.247781      99.35     0.0157     2.2773     2.0145  35.278820  2.9511600   48.49762  -46.72018    34.9127    34.9124     2.7950     2.7934    27.8342    27.8341    6.38896    6.35172         26 0.0000e+00
      55641   2318.330   2150.000     2.9594   3.247877     2.9576   3.247699      86.85     0.0145     2.2772     2.0138  35.275570  2.9511600   48.49762  -46.72018    34.9127    34.9124     2.7937     2.7920    27.8344    27.8342    6.40406    6.34533         16 0.0000e+00
      55656   2318.977   2151.000     2.9567   3.247680     2.9559   3.247588      98.99     0.0149     2.2775     2.0136  35.280731  2.9511600   48.49763  -46.72018    34.9127    34.9125     2.7910     2.7901    27.8346    27.8345    6.39817    6.34954         15 0.0000e+00
      55671   2319.595   2152.000     2.9567   3.247723     2.9559   3.247644      98.63     0.0142     2.2772     2.0134  35.290531  2.9511600   48.49764  -46.72018    34.9127    34.9126     2.7909     2.7901    27.8346    27.8346    6.38608    6.35346         15 0.0000e+00
      55687   2320.266   2153.000     2.9566   3.247752     2.9559   3.247671      98.63     0.0141     2.2769     2.0132  35.302311  2.9511600   48.49764  -46.72018    34.9127    34.9124     2.7907     2.7900    27.8346    27.8345    6.38814    6.35634         18 0.0000e+00
      55711   2321.238   2154.000     2.9564   3.247764     2.9557   3.247686      98.63     0.0152     2.2770     2.0132  35.289330  2.9457693   48.49764  -46.72018    34.9126    34.9123     2.7904     2.7897    27.8346    27.8344    6.39546    6.35785         33 0.0000e+00
      55762   2323.356   2155.000     2.9555   3.247728     2.9546   3.247627      98.63     0.0204     2.2761     2.0128  35.277176  2.9435964   48.49764  -46.72018    34.9126    34.9123     2.7895     2.7918    27.8346    27.8345    6.38977    6.35189         47 0.0000e+00
      55785   2324.330   2156.000     2.9529   3.247538     2.9520   3.247448      98.64     0.0187     2.2754     2.0127  35.278175  2.9459832   48.49764  -46.72018    34.9127    34.9125     2.7867     2.7859    27.8349    27.8349    6.39611    6.35904         17 0.0000e+00
      55801   2324.991   2157.000     2.9526   3.247540     2.9517   3.247473      98.64     0.0157     2.2767     2.0127  35.284412  2.9485214   48.49764  -46.72018    34.9125    34.9126     2.7863     2.7855    27.8349    27.8350    6.40217    6.35869         15 0.0000e+00
      55817   2325.647   2158.000     2.9519   3.247525     2.9512   3.247452      98.63     0.0159     2.2760     2.0126  35.296722  2.9511645   48.49764  -46.72018    34.9126    34.9124     2.7856     2.7849    27.8350    27.8349    6.38005    6.35846         16 0.0000e+00
      55835   2326.417   2159.000     2.9516   3.247538     2.9508   3.247452      98.64     0.0146     2.2750     2.0125  35.295406  2.9511600   48.49764  -46.72018    34.9125    34.9124     2.7852     2.7844    27.8350    27.8349    6.38664    6.35627         22 0.0000e+00
      55865   2327.655   2160.000     2.9518   3.247599     2.9512   3.247523      98.64     0.0140     2.2752     2.0119  35.280754  2.9428773   48.49764  -46.72018    34.9126    34.9124     2.7853     2.7847    27.8350    27.8349    6.39602    6.34784         40 0.0000e+00
      55902   2329.193   2161.000     2.9521   3.247659     2.9511   3.247566      98.64     0.0121     2.2749     2.0111  35.277321  2.9413443   48.49764  -46.72018    34.9126    34.9125     2.7855     2.7845    27.8350    27.8350    6.39898    6.35306         27 0.0000e+00
      55922   2330.057   2162.000     2.9516   3.247661     2.9507   3.247572      98.64     0.0119     2.2748     2.0112  35.278790  2.9413919   48.49764  -46.72018    34.9126    34.9125     2.7849     2.7840    27.8351    27.8351    6.38435    6.35491         18 0.0000e+00
      55940   2330.795   2163.000     2.9520   3.247740     2.9512   3.247660      98.63     0.0149     2.2743     2.0109  35.282501  2.9413919   48.49764  -46.72018    34.9127    34.9126     2.7852     2.7844    27.8351    27.8351    6.38078    6.34959         17 0.0000e+00
      55959   2331.576   2164.000     2.9524   3.247813     2.9512   3.247693      98.64     0.0162     2.2737     2.0106  35.290001  2.9413919   48.49765  -46.72018    34.9126    34.9125     2.7855     2.7843    27.8350    27.8350    6.38775    6.35453         21 0.0000e+00
      55983   2332.568   2165.000     2.9516   3.247773     2.9507   3.247678      98.63     0.0108     2.2734     2.0108  35.285362  2.9413919   48.49766  -46.72018    34.9125    34.9124     2.7846     2.7837    27.8350    27.8350    6.38756    6.36102         28 0.0000e+00
      56015   2333.909   2166.000     2.9507   3.247741     2.9504   3.247691      46.86     0.0092     2.2725     2.0106  35.290859  2.9413919   48.49766  -46.72018    34.9126    34.9123     2.7837     2.7834    27.8352    27.8350    6.38631    6.35368         33 0.0000e+00
      56043   2335.078   2167.000     2.9513   3.247838     2.9505   3.247753     100.21     0.0124     2.2729     2.0105  35.286053  2.9413919   48.49766  -46.72018    34.9126    34.9125     2.7842     2.7834    27.8352    27.8351    6.39474    6.35694         23 0.0000e+00
      56064   2335.969   2168.000     2.9516   3.247885     2.9506   3.247804      98.63     0.0140     2.2728     2.0103  35.283768  2.9413919   48.49766  -46.72018    34.9125    34.9125     2.7843     2.7834    27.8350    27.8351    6.39716    6.36117         21 0.0000e+00
      56085   2336.833   2169.000     2.9515   3.247928     2.9502   3.247798      84.36     0.0177     2.2726     2.0107  35.289242  2.9413919   48.49766  -46.72018    34.9126    34.9124     2.7841     2.7829    27.8351    27.8351    6.39328    6.36610         22 0.0000e+00
      56109   2337.830   2170.000     2.9483   3.247689     2.9448   3.247345      98.28     0.0141     2.2724     2.0106  35.287727  2.9413919   48.49766  -46.72018    34.9126    34.9122     2.7809     2.7775    27.8354    27.8354    6.38861    6.36064         26 0.0000e+00
      56139   2339.075   2171.000     2.9432   3.247266     2.9416   3.247109      98.63     0.0158     2.2721     2.0105  35.303741  2.9413919   48.49766  -46.72018    34.9125    34.9123     2.7758     2.7743    27.8358    27.8357    6.39684    6.36061         32 0.0000e+00
      56168   2340.275   2172.000     2.9416   3.247170     2.9414   3.247126      98.63     0.0145     2.2717     2.0101  35.310020  2.9413919   48.49766  -46.72018    34.9126    34.9123     2.7741     2.7739    27.8360    27.8358    6.38904    6.35977         25 0.0000e+00
      56189   2341.162   2173.000     2.9405   3.247111     2.9396   3.247032      98.63     0.0124     2.2715     2.0101  35.299458  2.9403694   48.49768  -46.72018    34.9125    34.9125     2.7730     2.7721    27.8361    27.8361    6.39853    6.36241         19 0.0000e+00
      56207   2341.905   2174.000     2.9407   3.247173     2.9398   3.247082      98.63     0.0144     2.2720     2.0101  35.298866  2.9379814   48.49768  -46.72018    34.9126    34.9124     2.7731     2.7722    27.8361    27.8361    6.39603    6.35771         17 0.0000e+00
      56224   2342.618   2175.000     2.9408   3.247217     2.9399   3.247133      98.64     0.0134     2.2711     2.0095  35.297150  2.9379444   48.49768  -46.72018    34.9125    34.9124     2.7731     2.7722    27.8361    27.8361    6.38632    6.35142         17 0.0000e+00
      56243   2343.414   2176.000     2.9407   3.247251     2.9399   3.247159      98.64     0.0132     2.2710     2.0092  35.297363  2.9326665   48.49768  -46.72018    34.9125    34.9123     2.7729     2.7721    27.8361    27.8360    6.39137    6.35098         22 0.0000e+00
      56283   2345.081   2177.000     2.9410   3.247307     2.9399   3.247205      84.55     0.0176     2.2705     2.0082  35.309536  2.9317069   48.49768  -46.72018    34.9124    34.9123     2.7731     2.7721    27.8360    27.8360    6.39084    6.35076         65 0.0000e+00
      56334   2347.198   2178.000     2.9408   3.247343     2.9399   3.247256      99.61     0.0171     2.2700     2.0077  35.318497  2.9343312   48.49768  -46.72018    34.9126    34.9125     2.7728     2.7719    27.8362    27.8361    6.39745    6.35857         23 0.0000e+00
      56351   2347.927   2179.000     2.9403   3.247345     2.9395   3.247253      98.63     0.0189     2.2702     2.0078  35.311703  2.9350832   48.49770  -46.72018    34.9126    34.9125     2.7723     2.7714    27.8362    27.8362    6.39223    6.35999         17 0.0000e+00
      56367   2348.591   2180.000     2.9397   3.247331     2.9388   3.247237      98.63     0.0173     2.2698     2.0077  35.312832  2.9335613   48.49770  -46.72018    34.9126    34.9125     2.7716     2.7706    27.8363    27.8363    6.39074    6.35742         15 0.0000e+00
      56383   2349.248   2181.000     2.9396   3.247360     2.9386   3.247262      98.63     0.0164     2.2698     2.0076  35.316940  2.9322033   48.49770  -46.72020    34.9126    34.9125     2.7714     2.7704    27.8363    27.8363    6.39400    6.35505         17 0.0000e+00
      56400   2349.962   2182.000     2.9397   3.247418     2.9387   3.247312      98.63     0.0172     2.2694     2.0074  35.318638  2.9316378   48.49770  -46.72018    34.9127    34.9126     2.7714     2.7704    27.8364    27.8363    6.39467    6.35689         18 0.0000e+00
      56423   2350.917   2183.000     2.9391   3.247395     2.9383   3.247300      98.63     0.0182     2.2693     2.0072  35.318680  2.9316239   48.49770  -46.72018    34.9126    34.9124     2.7707     2.7698    27.8363    27.8362    6.38599    6.35072         29 0.0000e+00
      56460   2352.469   2184.000     2.9395   3.247460     2.9386   3.247375      98.63     0.0213     2.2685     2.0064  35.316753  2.9308538   48.49770  -46.72018    34.9126    34.9125     2.7709     2.7701    27.8363    27.8363    6.39624    6.35287         40 0.0000e+00
      56490   2353.723   2185.000     2.9391   3.247478     2.9385   3.247399      98.63     0.0186     2.2687     2.0063  35.305729  2.9311879   48.49770  -46.72019    34.9126    34.9124     2.7705     2.7698    27.8364    27.8363    6.38851    6.36036         22 0.0000e+00
      56510   2354.560   2186.000     2.9384   3.247450     2.9373   3.247343      98.63     0.0158     2.2680     2.0066  35.312653  2.9311082   48.49770  -46.72020    34.9126    34.9124     2.7697     2.7687    27.8364    27.8364    6.38977    6.35887         19 0.0000e+00
      56530   2355.358   2187.000     2.9384   3.247490     2.9373   3.247386      98.63     0.0130     2.2682     2.0063  35.315765  2.9316263   48.49770  -46.72020    34.9126    34.9125     2.7696     2.7686    27.8364    27.8364    6.40051    6.35737         20 0.0000e+00
      56550   2356.221   2188.000     2.9381   3.247501     2.9372   3.247408      98.63     0.0121     2.2682     2.0063  35.318653  2.9316239   48.49772  -46.72020    34.9126    34.9124     2.7692     2.7683    27.8365    27.8364    6.39066    6.36017         22 0.0000e+00
      56575   2357.266   2189.000     2.9378   3.247507     2.9369   3.247416      98.64     0.0106     2.2676     2.0061  35.318680  2.9283373   48.49772  -46.72020    34.9125    34.9124     2.7688     2.7679    27.8365    27.8364    6.38878    6.35601         29 0.0000e+00
      56609   2358.674   2190.000     2.9374   3.247515     2.9366   3.247427      98.63     0.0131     2.2671     2.0056  35.318680  2.9287913   48.49772  -46.72020    34.9125    34.9124     2.7684     2.7675    27.8365    27.8364    6.39007    6.35432         38 0.0000e+00
      56644   2360.111   2191.000     2.9371   3.247520     2.9363   3.247449      98.64     0.0118     2.2666     2.0056  35.318680  2.9302793   48.49772  -46.72020    34.9125    34.9124     2.7679     2.7672    27.8365    27.8365    6.39017    6.36099         28 0.0000e+00
      56667   2361.099   2192.000     2.9364   3.247507     2.9357   3.247429      98.64     0.0123     2.2667     2.0054  35.318680  2.9307008   48.49774  -46.72020    34.9126    34.9124     2.7671     2.7665    27.8367    27.8365    6.39986    6.35784         21 0.0000e+00
      56686   2361.884   2193.000     2.9360   3.247527     2.9351   3.247424      98.63     0.0180     2.2669     2.0054  35.318680  2.9304721   48.49774  -46.72020    34.9127    34.9124     2.7667     2.7658    27.8368    27.8366    6.39458    6.35188         17 0.0000e+00
      56703   2362.591   2194.000     2.9353   3.247494     2.9345   3.247413      98.64     0.0182     2.2663     2.0047  35.318680  2.9310555   48.49774  -46.72020    34.9127    34.9125     2.7659     2.7651    27.8368    27.8367    6.39305    6.34693         17 0.0000e+00
      56720   2363.291   2195.000     2.9338   3.247406     2.9329   3.247308      98.63     0.0182     2.2666     2.0044  35.330742  2.9247317   48.49774  -46.72020    34.9127    34.9124     2.7643     2.7635    27.8370    27.8369    6.40572    6.35136         17 0.0000e+00
      56738   2364.057   2196.000     2.9311   3.247202     2.9305   3.247128      98.64     0.0200     2.2670     2.0043  35.333313  2.9243011   48.49774  -46.72020    34.9126    34.9123     2.7616     2.7610    27.8371    27.8370    6.40440    6.35488         20 0.0000e+00
      56763   2365.096   2197.000     2.9291   3.247054     2.9281   3.246954      98.63     0.0170     2.2666     2.0040  35.327511  2.9231200   48.49774  -46.72020    34.9125    34.9123     2.7595     2.7585    27.8372    27.8372    6.39294    6.35368         33 0.0000e+00
      56808   2366.965   2198.000     2.9276   3.246956     2.9267   3.246869      98.64     0.0101     2.2661     2.0032  35.326618  2.9217126   48.49774  -46.72020    34.9124    34.9123     2.7579     2.7570    27.8373    27.8374    6.39857    6.35154         44 0.0000e+00
      56836   2368.127   2199.000     2.9273   3.246975     2.9265   3.246904      98.63     0.0149     2.2658     2.0031  35.333447  2.9218559   48.49774  -46.72020    34.9125    34.9125     2.7575     2.7568    27.8374    27.8375    6.39988    6.35253         20 0.0000e+00
      56854   2368.866   2200.000     2.9269   3.246989     2.9262   3.246906      98.64     0.0090     2.2661     2.0027  35.330776  2.9218559   48.49774  -46.72020    34.9126    34.9124     2.7571     2.7564    27.8375    27.8374    6.39440    6.34862         17 0.0000e+00
      56870   2369.555   2201.000     2.9270   3.247029     2.9261   3.246952      98.63     0.0086     2.2654     2.0024  35.325153  2.9218559   48.49774  -46.72020    34.9125    34.9126     2.7570     2.7562    27.8375    27.8376    6.38734    6.35554         16 0.0000e+00
      56887   2370.267   2202.000     2.9271   3.247085     2.9262   3.247000      98.63     0.0132     2.2651     2.0027  35.322762  2.9218559   48.49774  -46.72020    34.9126    34.9125     2.7571     2.7562    27.8375    27.8375    6.38984    6.36484         18 0.0000e+00
      56908   2371.109   2203.000     2.9270   3.247111     2.9261   3.247025      98.63     0.0148     2.2644     2.0028  35.329384  2.9189377   48.49776  -46.72020    34.9125    34.9125     2.7569     2.7560    27.8375    27.8376    6.39104    6.36426         23 0.0000e+00
