data/CTD/2014/CNV/d017a014.cnv
* Sea-Bird SBE 9 Data File:
* FileName = C:\CTD_ACQUISITION\2014017HUD\ctddata\017A014.hdr
* Software Version Seasave V 7.22.2
* Temperature SN = 5081
* Conductivity SN = 3561
* Number of Bytes Per Scan = 37
* Number of Voltage Words = 4
* Number of Scans Averaged by the Deck Unit = 1
* NMEA Latitude = 52 56.40 N
* NMEA Longitude = 051 13.45 W
* NMEA UTC (Time) = Jul 04 2014 02:09:23
* NMEA baud rate = 9600
** Ship: Hudson
** Cruise: HUD2014017
** Chief_Scientist: Blair Greenan
** Organization: BIO
** Area_of_Operation: Sackville Spur
** Station: 014
** Sounding:  2230
** Event_Comments: K8, 403048
# nquan = 25
# nvalues = 2426                        
# units = specified
# name 0 = scan: Scan Count
# name 1 = timeS: Time, Elapsed [seconds]
# name 2 = prDM: Pressure, Digiquartz [db]
# name 3 = t068C: Temperature [ITS-68, deg C]
# name 4 = c0S/m: Conductivity [S/m]
# name 5 = t168C: Temperature, 2 [ITS-68, deg C]
# name 6 = c1S/m: Conductivity, 2 [S/m]
# name 7 = altM: Altimeter [m]
# name 8 = flC: Fluorescence, Chelsea Aqua 3 Chl Con [ug/l]
# name 9 = sbeox0V: Oxygen raw, SBE 43 [V]
# name 10 = sbeox1V: Oxygen raw, SBE 43, 2 [V]
# name 11 = upoly0: Upoly 0, Optode 4330F - O2 D-Phase
# name 12 = upoly1: Upoly 1, Optode 4330F - O2 Temp
# name 13 = latitude: Latitude [deg]
# name 14 = longitude: Longitude [deg]
# name 15 = sal00: Salinity, Practical [PSU]
# name 16 = sal11: Salinity, Practical, 2 [PSU]
# name 17 = potemp068C: Potential Temperature [ITS-68, deg C]
# name 18 = potemp168C: Potential Temperature, 2 [ITS-68, deg C]
# name 19 = sigma-é00: Density [sigma-theta, Kg/m^3]
# name 20 = sigma-é11: Density, 2 [sigma-theta, Kg/m^3]
# name 21 = sbeox0ML/L: Oxygen, SBE 43 [ml/l], WS = 2
# name 22 = sbeox1ML/L: Oxygen, SBE 43, 2 [ml/l], WS = 2
# name 23 = nbin: number of scans per bin
# name 24 = flag: flag
# span 0 =       5721,      67702       
# span 1 =    238.333,   2820.884       
# span 2 =      2.000,   2427.000       
# span 3 =     2.8602,     7.2559       
# span 4 =   3.191204,   3.426384       
# span 5 =     2.8590,     7.2330       
# span 6 =   3.191052,   3.426686       
# span 7 =       3.01,     117.15       
# span 8 =     0.0038,     0.2728       
# span 9 =     2.2154,     3.4772       
# span 10 =     1.9608,     3.0437      
# span 11 =  30.233047,  35.394714      
# span 12 =  2.7457743,  7.2443724      
# span 13 =   52.93918,   52.94004      
# span 14 =  -51.22315,  -51.21188      
# span 15 =    33.6191,    34.9159      
# span 16 =    33.6245,    34.9145      
# span 17 =     2.6700,     7.2557      
# span 18 =     2.6689,     7.2329      
# span 19 =    26.2961,    27.8446      
# span 20 =    26.3035,    27.8444      
# span 21 =    6.28963,    7.49874      
# span 22 =    6.27308,    7.51202      
# span 23 =         11,        107      
# span 24 = 0.0000e+00, 0.0000e+00      
# interval = decibars: 1                
# start_time = Jul 04 2014 02:09:23 [NMEA time, header]
# bad_flag = -9.990e-29
*END*
[from data line 754]
      25901   1079.146    756.000     3.5659   3.239702     3.5658   3.239541      98.64     0.0162     2.7458     2.4268  33.723240  3.5584033   52.93958  -51.21864    34.8699    34.8680     3.5122     3.5120    27.7324    27.7309    6.63605    6.64254         18 0.0000e+00
      25924   1080.114    757.000     3.5662   3.239765     3.5661   3.239607      65.88     0.0178     2.7452     2.4253  33.732365  3.5568914   52.93958  -51.21864    34.8698    34.8679     3.5124     3.5123    27.7323    27.7308    6.63337    6.63577         32 0.0000e+00
      25972   1082.108    758.000     3.5663   3.239812     3.5662   3.239648      82.98     0.0159     2.7446     2.4233  33.740620  3.5567765   52.93958  -51.21862    34.8696    34.8678     3.5125     3.5123    27.7321    27.7307    6.63413    6.63732         48 0.0000e+00
      26002   1083.383    759.000     3.5665   3.239885     3.5663   3.239722      98.99     0.0174     2.7443     2.4228  33.740555  3.5576065   52.93958  -51.21860    34.8698    34.8681     3.5126     3.5123    27.7323    27.7309    6.63189    6.64526         24 0.0000e+00
      26023   1084.261    760.000     3.5662   3.239913     3.5661   3.239755      98.63     0.0203     2.7440     2.4229  33.739933  3.5592003   52.93958  -51.21860    34.8699    34.8682     3.5122     3.5120    27.7324    27.7310    6.63241    6.64374         20 0.0000e+00
      26043   1085.082    761.000     3.5661   3.239943     3.5659   3.239784      58.31     0.0213     2.7435     2.4224  33.737076  3.5601687   52.93958  -51.21860    34.8699    34.8681     3.5120     3.5118    27.7324    27.7310    6.63566    6.64202         20 0.0000e+00
      26064   1085.975    762.000     3.5661   3.239998     3.5660   3.239836      94.93     0.0193     2.7438     2.4225  33.740002  3.5568712   52.93958  -51.21860    34.8700    34.8682     3.5119     3.5118    27.7325    27.7311    6.63626    6.64578         23 0.0000e+00
      26090   1087.023    763.000     3.5663   3.240061     3.5662   3.239908      64.68     0.0162     2.7435     2.4221  33.739079  3.5567765   52.93958  -51.21860    34.8700    34.8683     3.5120     3.5119    27.7325    27.7312    6.63328    6.63957         26 0.0000e+00
      26114   1088.061    764.000     3.5664   3.240114     3.5663   3.239958      98.74     0.0154     2.7428     2.4215  33.745300  3.5567765   52.93958  -51.21858    34.8700    34.8683     3.5121     3.5119    27.7325    27.7311    6.63377    6.64190         23 0.0000e+00
      26137   1089.008    765.000     3.5664   3.240164     3.5663   3.239996      98.63     0.0136     2.7430     2.4217  33.744816  3.5567765   52.93958  -51.21858    34.8700    34.8682     3.5120     3.5119    27.7325    27.7311    6.63587    6.65302         24 0.0000e+00
      26164   1090.115    766.000     3.5664   3.240196     3.5663   3.240046      70.61     0.0098     2.7424     2.4225  33.741615  3.5567765   52.93958  -51.21856    34.8699    34.8683     3.5119     3.5118    27.7325    27.7312    6.63122    6.64922         31 0.0000e+00
      26198   1091.523    767.000     3.5665   3.240252     3.5665   3.240095     100.11     0.0097     2.7414     2.4210  33.739975  3.5567765   52.93958  -51.21856    34.8699    34.8681     3.5120     3.5119    27.7324    27.7310    6.62781    6.63312         31 0.0000e+00
      26223   1092.568    768.000     3.5661   3.240268     3.5659   3.240096      98.64     0.0153     2.7414     2.4205  33.741890  3.5567765   52.93958  -51.21856    34.8701    34.8682     3.5114     3.5113    27.7326    27.7311    6.63198    6.64360         21 0.0000e+00
      26241   1093.337    769.000     3.5654   3.240258     3.5653   3.240087      98.63     0.0163     2.7405     2.4206  33.742298  3.5567765   52.93958  -51.21854    34.8702    34.8682     3.5107     3.5106    27.7328    27.7312    6.62870    6.65072         17 0.0000e+00
      26258   1094.054    770.000     3.5650   3.240259     3.5650   3.240105      98.64     0.0173     2.7407     2.4211  33.748402  3.5567765   52.93958  -51.21854    34.8701    34.8683     3.5102     3.5102    27.7327    27.7313    6.63467    6.65477         18 0.0000e+00
      26277   1094.846    771.000     3.5638   3.240195     3.5637   3.240025      72.09     0.0176     2.7402     2.4213  33.746792  3.5567765   52.93958  -51.21854    34.8701    34.8681     3.5089     3.5089    27.7329    27.7313    6.63099    6.65213         21 0.0000e+00
      26311   1096.243    772.000     3.5618   3.240060     3.5616   3.239882      90.31     0.0158     2.7397     2.4215  33.743450  3.5567765   52.93958  -51.21852    34.8700    34.8681     3.5069     3.5067    27.7330    27.7315    6.62991    6.65538         48 0.0000e+00
      26350   1097.895    773.000     3.5615   3.240083     3.5615   3.239926      72.16     0.0111     2.7391     2.4219  33.751225  3.5567765   52.93957  -51.21851    34.8701    34.8682     3.5065     3.5065    27.7331    27.7316    6.63004    6.65686         25 0.0000e+00
      26371   1098.743    774.000     3.5615   3.240130     3.5615   3.239972      82.12     0.0097     2.7387     2.4217  33.750916  3.5567765   52.93956  -51.21850    34.8701    34.8683     3.5065     3.5064    27.7332    27.7317    6.62529    6.65181         18 0.0000e+00
      26388   1099.473    775.000     3.5615   3.240173     3.5614   3.240017      98.98     0.0085     2.7382     2.4216  33.755314  3.5567765   52.93956  -51.21850    34.8702    34.8684     3.5063     3.5063    27.7332    27.7318    6.62551    6.64906         17 0.0000e+00
      26406   1100.208    776.000     3.5614   3.240208     3.5614   3.240053      48.46     0.0110     2.7376     2.4210  33.757084  3.5567765   52.93956  -51.21850    34.8701    34.8683     3.5062     3.5061    27.7332    27.7318    6.63138    6.64571         19 0.0000e+00
      26434   1101.367    777.000     3.5615   3.240254     3.5614   3.240095      91.45     0.0128     2.7378     2.4204  33.755077  3.5558677   52.93956  -51.21849    34.8701    34.8682     3.5062     3.5061    27.7331    27.7317    6.63269    6.64666         46 0.0000e+00
      26491   1103.737    778.000     3.5618   3.240308     3.5616   3.240153      68.26     0.0137     2.7377     2.4192  33.750042  3.5560958   52.93956  -51.21847    34.8699    34.8682     3.5064     3.5062    27.7330    27.7317    6.63661    6.64390         39 0.0000e+00
      26510   1104.560    779.000     3.5617   3.240362     3.5616   3.240203      99.01     0.0104     2.7378     2.4189  33.750916  3.5567880   52.93956  -51.21846    34.8701    34.8683     3.5063     3.5061    27.7331    27.7317    6.63139    6.64494         19 0.0000e+00
      26527   1105.264    780.000     3.5616   3.240408     3.5616   3.240247      98.64     0.0126     2.7373     2.4186  33.755451  3.5567765   52.93956  -51.21846    34.8702    34.8683     3.5061     3.5060    27.7332    27.7318    6.62700    6.64321         16 0.0000e+00
      26542   1105.886    781.000     3.5615   3.240445     3.5614   3.240283      98.64     0.0145     2.7370     2.4183  33.769531  3.5567765   52.93956  -51.21846    34.8702    34.8685     3.5059     3.5057    27.7333    27.7319    6.62658    6.64259         14 0.0000e+00
      26557   1106.485    782.000     3.5615   3.240504     3.5614   3.240349      98.63     0.0186     2.7364     2.4179  33.769753  3.5567765   52.93956  -51.21846    34.8704    34.8687     3.5058     3.5057    27.7334    27.7321    6.62171    6.64534         14 0.0000e+00
      26572   1107.108    783.000     3.5614   3.240542     3.5614   3.240378      98.64     0.0154     2.7360     2.4179  33.768307  3.5567765   52.93956  -51.21846    34.8705    34.8685     3.5057     3.5056    27.7335    27.7320    6.62671    6.64962         16 0.0000e+00
      26590   1107.881    784.000     3.5615   3.240579     3.5614   3.240420      68.29     0.0181     2.7355     2.4180  33.768734  3.5551524   52.93956  -51.21845    34.8703    34.8685     3.5056     3.5056    27.7334    27.7319    6.62535    6.64999         23 0.0000e+00
      26650   1110.393    785.000     3.5616   3.240637     3.5617   3.240484      74.59     0.0165     2.7340     2.4163  33.768333  3.5535817   52.93956  -51.21843    34.8704    34.8684     3.5057     3.5058    27.7334    27.7319    6.62640    6.63514         63 0.0000e+00
      26697   1112.345    786.000     3.5617   3.240696     3.5615   3.240530      99.36     0.0142     2.7338     2.4147  33.760483  3.5568573   52.93956  -51.21842    34.8705    34.8686     3.5056     3.5055    27.7335    27.7321    6.62743    6.63128         21 0.0000e+00
      26715   1113.064    787.000     3.5615   3.240729     3.5614   3.240572      51.98     0.0171     2.7335     2.4141  33.762825  3.5567765   52.93956  -51.21840    34.8706    34.8688     3.5054     3.5053    27.7336    27.7322    6.62461    6.63108         16 0.0000e+00
      26729   1113.674    788.000     3.5616   3.240791     3.5615   3.240630      78.83     0.0151     2.7333     2.4136  33.767879  3.5575368   52.93956  -51.21840    34.8707    34.8688     3.5054     3.5053    27.7337    27.7322    6.62531    6.63563         13 0.0000e+00
      26742   1114.224    789.000     3.5617   3.240849     3.5616   3.240689      99.21     0.0155     2.7332     2.4138  33.767822  3.5567548   52.93956  -51.21840    34.8707    34.8689     3.5054     3.5053    27.7337    27.7323    6.62017    6.64131         13 0.0000e+00
      26755   1114.757    790.000     3.5615   3.240880     3.5614   3.240714      98.63     0.0151     2.7321     2.4139  33.768963  3.5567765   52.93956  -51.21840    34.8708    34.8689     3.5052     3.5051    27.7338    27.7323    6.62011    6.64008         13 0.0000e+00
      26769   1115.313    791.000     3.5609   3.240876     3.5607   3.240694      98.63     0.0159     2.7319     2.4137  33.767658  3.5567765   52.93956  -51.21840    34.8708    34.8688     3.5045     3.5044    27.7339    27.7323    6.62272    6.63344         14 0.0000e+00
      26785   1116.021    792.000     3.5606   3.240876     3.5605   3.240714      58.32     0.0168     2.7321     2.4129  33.777004  3.5538423   52.93956  -51.21838    34.8706    34.8688     3.5041     3.5040    27.7338    27.7324    6.62191    6.62715         22 0.0000e+00
      26859   1119.080    793.000     3.5609   3.240946     3.5610   3.240799     102.45     0.0137     2.7286     2.4113  33.771332  3.5565393   52.93954  -51.21836    34.8706    34.8687     3.5043     3.5045    27.7337    27.7322    6.60961    6.63577         31 0.0000e+00
      26899   1120.748    794.000     3.5609   3.241001     3.5607   3.240839      85.16     0.0114     2.7288     2.4114  33.770420  3.5567887   52.93954  -51.21834    34.8707    34.8690     3.5043     3.5041    27.7338    27.7325    6.61827    6.63873         15 0.0000e+00
      26913   1121.326    795.000     3.5613   3.241085     3.5612   3.240935      37.40     0.0136     2.7273     2.4114  33.771877  3.5567765   52.93954  -51.21834    34.8708    34.8691     3.5046     3.5045    27.7338    27.7325    6.60771    6.63575         14 0.0000e+00
      26926   1121.881    796.000     3.5612   3.241122     3.5612   3.240967      99.38     0.0157     2.7276     2.4113  33.781445  3.5567765   52.93954  -51.21834    34.8708    34.8689     3.5045     3.5045    27.7339    27.7324    6.61301    6.63609         13 0.0000e+00
      26939   1122.431    797.000     3.5617   3.241234     3.5613   3.241047      98.64     0.0168     2.7267     2.4111  33.781269  3.5567765   52.93954  -51.21834    34.8709    34.8694     3.5049     3.5078    27.7339    27.7328    6.60792    6.63676         14 0.0000e+00
      26953   1123.013    798.000     3.5662   3.241754     3.5657   3.241581      98.63     0.0164     2.7265     2.4111  33.775074  3.5567765   52.93954  -51.21834    34.8722    34.8705     3.5092     3.5088    27.7346    27.7332    6.61511    6.63581         14 0.0000e+00
      26970   1123.714    799.000     3.5672   3.241915     3.5670   3.241741      98.64     0.0157     2.7265     2.4111  33.780106  3.5534327   52.93954  -51.21833    34.8724    34.8705     3.5101     3.5099    27.7346    27.7331    6.61569    6.63122         20 0.0000e+00
      27013   1125.491    800.000     3.5677   3.241992     3.5673   3.241802      86.90     0.0125     2.7261     2.4098  33.785408  3.5549033   52.93954  -51.21831    34.8723    34.8703     3.5105     3.5102    27.7344    27.7329    6.61473    6.62931         78 0.0000e+00
      27079   1128.253    801.000     3.5678   3.242056     3.5674   3.241864     100.04     0.0158     2.7250     2.4090  33.786064  3.5569446   52.93954  -51.21828    34.8723    34.8704     3.5106     3.5102    27.7345    27.7330    6.60991    6.63120         30 0.0000e+00
      27097   1129.021    802.000     3.5683   3.242151     3.5680   3.241982      55.03     0.0172     2.7250     2.4091  33.788017  3.5567765   52.93954  -51.21828    34.8725    34.8707     3.5110     3.5107    27.7346    27.7332    6.61565    6.63502         17 0.0000e+00
      27113   1129.670    803.000     3.5684   3.242209     3.5684   3.242062      75.56     0.0187     2.7252     2.4091  33.779198  3.5659409   52.93954  -51.21828    34.8725    34.8707     3.5110     3.5110    27.7346    27.7332    6.61276    6.63203         15 0.0000e+00
      27127   1130.251    804.000     3.5685   3.242266     3.5683   3.242106      98.66     0.0200     2.7241     2.4089  33.779091  3.5665452   52.93954  -51.21828    34.8726    34.8708     3.5110     3.5109    27.7347    27.7333    6.60905    6.63209         13 0.0000e+00
      27141   1130.819    805.000     3.5682   3.242291     3.5680   3.242121      74.14     0.0177     2.7245     2.4088  33.781292  3.5665445   52.93954  -51.21828    34.8727    34.8708     3.5107     3.5105    27.7348    27.7333    6.61219    6.63249         14 0.0000e+00
      27156   1131.443    806.000     3.5683   3.242349     3.5681   3.242177      55.37     0.0150     2.7242     2.4086  33.788658  3.5609353   52.93954  -51.21828    34.8726    34.8708     3.5108     3.5105    27.7347    27.7333    6.61433    6.63269         17 0.0000e+00
      27183   1132.577    807.000     3.5693   3.242474     3.5686   3.242252      91.03     0.0164     2.7235     2.4081  33.794582  3.5574753   52.93954  -51.21827    34.8726    34.8707     3.5116     3.5109    27.7346    27.7332    6.60988    6.62665         48 0.0000e+00
      27242   1135.040    808.000     3.5698   3.242570     3.5699   3.242415      67.66     0.0178     2.7220     2.4063  33.798431  3.5578818   52.93954  -51.21824    34.8727    34.8708     3.5120     3.5121    27.7346    27.7331    6.60032    6.62272         42 0.0000e+00
      27267   1136.063    809.000     3.5706   3.242704     3.5699   3.242489      99.06     0.0182     2.7213     2.4062  33.801296  3.5662556   52.93954  -51.21822    34.8730    34.8711     3.5127     3.5121    27.7348    27.7333    6.60778    6.62701         23 0.0000e+00
      27288   1136.962    810.000     3.5713   3.242825     3.5711   3.242660      98.63     0.0184     2.7210     2.4060  33.797707  3.5665565   52.93954  -51.21822    34.8731    34.8714     3.5133     3.5131    27.7349    27.7335    6.60479    6.62595         20 0.0000e+00
      27308   1137.771    811.000     3.5725   3.243017     3.5723   3.242856      98.64     0.0170     2.7205     2.4056  33.799541  3.5649624   52.93953  -51.21822    34.8736    34.8719     3.5144     3.5143    27.7352    27.7338    6.60246    6.62065         19 0.0000e+00
      27326   1138.546    812.000     3.5728   3.243099     3.5727   3.242938      94.61     0.0168     2.7200     2.4051  33.800274  3.5660365   52.93952  -51.21822    34.8738    34.8720     3.5147     3.5146    27.7352    27.7338    6.60414    6.61594         19 0.0000e+00
