data/CTD/2014/CNV/d017a054.cnv
* Sea-Bird SBE 9 Data File:
* FileName = C:\CTD_ACQUISITION\2014017HUD\ctddata\017A054.hdr
* Software Version Seasave V 7.22.2
* Temperature SN = 5081
* Conductivity SN = 3561
* Number of Bytes Per Scan = 37
* Number of Voltage Words = 4
* Number of Scans Averaged by the Deck Unit = 1
* NMEA Latitude = 43 42.54 N
* NMEA Longitude = 059 07.81 W
* NMEA UTC (Time) = Jul 13 2014 09:50:24
* NMEA baud rate = 9600
** Ship: Hudson
** Cruise: HUD2014017
** Chief_Scientist: Blair Greenan
** Organization: BIO
** Area_of_Operation: Sackville Spur
** Station: 054
** Sounding:  245
** Event_Comments: LC1
# nquan = 25
# nvalues = 244                         
# units = specified
# name 0 = scan: Scan Count
# name 1 = timeS: Time, Elapsed [seconds]
# name 2 = prDM: Pressure, Digiquartz [db]
# name 3 = t068C: Temperature [ITS-68, deg C]
# name 4 = c0S/m: Conductivity [S/m]
# name 5 = t168C: Temperature, 2 [ITS-68, deg C]
# name 6 = c1S/m: Conductivity, 2 [S/m]
# name 7 = altM: Altimeter [m]
# name 8 = flC: Fluorescence, Chelsea Aqua 3 Chl Con [ug/l]
# name 9 = sbeox0V: Oxygen raw, SBE 43 [V]
# name 10 = sbeox1V: Oxygen raw, SBE 43, 2 [V]
# name 11 = upoly0: Upoly 0, Optode 4330F - O2 D-Phase
# name 12 = upoly1: Upoly 1, Optode 4330F - O2 Temp
# name 13 = latitude: Latitude [deg]
# name 14 = longitude: Longitude [deg]
# name 15 = sal00: Salinity, Practical [PSU]
# name 16 = sal11: Salinity, Practical, 2 [PSU]
# name 17 = potemp068C: Potential Temperature [ITS-68, deg C]
# name 18 = potemp168C: Potential Temperature, 2 [ITS-68, deg C]
# name 19 = sigma-é00: Density [sigma-theta, Kg/m^3]
# name 20 = sigma-é11: Density, 2 [sigma-theta, Kg/m^3]
# name 21 = sbeox0ML/L: Oxygen, SBE 43 [ml/l], WS = 2
# name 22 = sbeox1ML/L: Oxygen, SBE 43, 2 [ml/l], WS = 2
# name 23 = nbin: number of scans per bin
# name 24 = flag: flag
# span 0 =       4305,      13772       
# span 1 =    179.320,    573.804       
# span 2 =      2.000,    245.000       
# span 3 =     3.7037,    13.7409       
# span 4 =   3.066336,   4.110015       
# span 5 =     3.7069,    13.7938       
# span 6 =   3.066145,   4.109848       
# span 7 =       5.42,     103.23       
# span 8 =     0.0115,     0.1769       
# span 9 =     2.0652,     3.5097       
# span 10 =     1.7935,     3.0586      
# span 11 =  29.038187,  38.497574      
# span 12 =  3.9348471,  13.589380      
# span 13 =   43.70865,   43.70900      
# span 14 =  -59.13128,  -59.13071      
# span 15 =    31.8816,    35.4341      
# span 16 =    31.8920,    35.4311      
# span 17 =     3.6999,    13.7402      
# span 18 =     3.7032,    13.7931      
# span 19 =    23.8429,    27.2531      
# span 20 =    23.8337,    27.2510      
# span 21 =    3.79663,    7.43132      
# span 22 =    3.62389,    7.36036      
# span 23 =         19,        177      
# span 24 = 0.0000e+00, 0.0000e+00      
# interval = decibars: 1                
# start_time = Jul 13 2014 09:50:24 [NMEA time, header]
# bad_flag = -9.990e-29
*END*
[from data line 116]
       9490    395.367    118.000    11.8098   4.000111    11.8088   4.000160      98.32     0.0199     2.8023     2.4428  32.314823  11.546475   43.70878  -59.13112    35.1322    35.1336    11.7946    11.7936    26.7315    26.7328    5.19291    5.02841         25 0.0000e+00
       9515    396.396    119.000    11.8460   4.005530    11.8451   4.005520      93.51     0.0222     2.7998     2.4351  32.318462  11.557730   43.70878  -59.13112    35.1507    35.1514    11.8306    11.8297    26.7391    26.7398    5.14470    4.97841         25 0.0000e+00
       9544    397.613    120.000    11.8605   4.007733    11.8600   4.007594      71.18     0.0224     2.7871     2.4246  32.335197  11.612900   43.70878  -59.13112    35.1581    35.1572    11.8449    11.8445    26.7421    26.7415    5.09069    4.95063         35 0.0000e+00
       9585    399.330    121.000    11.8886   4.011423    11.8855   4.011142      86.27     0.0196     2.7695     2.4132  32.382542  11.678402   43.70878  -59.13112    35.1672    35.1674    11.8729    11.8698    26.7439    26.7446    5.05936    4.93002         43 0.0000e+00
       9620    400.776    122.000    12.0344   4.030715    12.0253   4.031732      75.52     0.0176     2.7591     2.4048  32.407124  11.698339   43.70878  -59.13112    35.2177    35.2333    12.0185    12.0096    26.7552    26.7685    5.03565    4.89759         26 0.0000e+00
       9643    401.766    123.000    12.3073   4.067613    12.3012   4.068480      98.99     0.0189     2.7531     2.4005  32.424229  11.702953   43.70878  -59.13112    35.3190    35.3332    12.2909    12.2848    26.7813    26.7935    4.99395    4.85674         23 0.0000e+00
       9668    402.780    124.000    12.4009   4.080612    12.3987   4.080628      68.19     0.0194     2.7468     2.3959  32.374718  11.777712   43.70878  -59.13112    35.3564    35.3585    12.3843    12.3822    26.7920    26.7942    4.97438    4.83976         27 0.0000e+00
       9697    404.015    125.000    12.4341   4.085447    12.4337   4.085495      88.47     0.0169     2.7434     2.3919  32.336269  11.849464   43.70878  -59.13112    35.3714    35.3722    12.4174    12.4170    26.7973    26.7980    4.98540    4.83003         32 0.0000e+00
       9727    405.264    126.000    12.4748   4.091287    12.4726   4.091221      98.92     0.0156     2.7420     2.3890  32.371220  12.150440   43.70878  -59.13112    35.3891    35.3905    12.4579    12.4558    26.8030    26.8045    4.97756    4.81977         26 0.0000e+00
       9751    406.256    127.000    12.5310   4.098687    12.5265   4.098586      44.24     0.0209     2.7405     2.3854  32.377819  12.166121   43.70878  -59.13112    35.4072    35.4105    12.5139    12.5094    26.8061    26.8095    4.96134    4.80127         22 0.0000e+00
       9773    407.173    128.000    12.5739   4.104074    12.5710   4.103707      97.81     0.0194     2.7371     2.3825  32.389915  12.242181   43.70878  -59.13112    35.4184    35.4176    12.5566    12.5537    26.8064    26.8063    4.94355    4.78999         24 0.0000e+00
       9801    408.341    129.000    12.5842   4.105377    12.5828   4.105139      86.72     0.0214     2.7320     2.3786  32.402756  12.280418   43.70878  -59.13112    35.4209    35.4199    12.5668    12.5654    26.8062    26.8057    4.92604    4.77989         34 0.0000e+00
       9840    409.946    130.000    12.5952   4.106778    12.5959   4.106730      78.52     0.0189     2.7239     2.3732  32.455120  12.390568   43.70878  -59.13114    35.4235    35.4226    12.5777    12.5784    26.8061    26.8053    4.91448    4.76083         38 0.0000e+00
       9870    411.225    131.000    12.6083   4.108449    12.6071   4.108248      98.88     0.0165     2.7191     2.3677  32.493679  12.412374   43.70878  -59.13114    35.4269    35.4261    12.5906    12.5895    26.8062    26.8058    4.89933    4.75050         25 0.0000e+00
       9892    412.124    132.000    12.6205   4.110015    12.6199   4.109848      38.48     0.0184     2.7156     2.3655  32.493923  12.414818   43.70878  -59.13114    35.4301    35.4291    12.6026    12.6020    26.8063    26.8056    4.89285    4.74524         19 0.0000e+00
       9911    412.934    133.000    12.6135   4.109417    12.6148   4.109300      95.96     0.0199     2.7120     2.3627  32.514938  12.444575   43.70878  -59.13114    35.4305    35.4281    12.5956    12.5969    26.8080    26.8059    4.88682    4.73903         20 0.0000e+00
       9933    413.826    134.000    12.6048   4.108645    12.6051   4.108479      98.61     0.0187     2.7086     2.3605  32.521366  12.458296   43.70877  -59.13114    35.4308    35.4289    12.5867    12.5870    26.8100    26.8085    4.88085    4.73828         23 0.0000e+00
       9960    414.944    135.000    12.5969   4.107762    12.5970   4.107485      60.14     0.0150     2.7048     2.3573  32.559361  12.506179   43.70876  -59.13114    35.4293    35.4265    12.5786    12.5788    26.8105    26.8082    4.87904    4.72629         31 0.0000e+00
       9993    416.349    136.000    12.5773   4.105564    12.5743   4.104956      99.16     0.0159     2.6999     2.3523  32.594643  12.534170   43.70876  -59.13114    35.4261    35.4231    12.5590    12.5559    26.8118    26.8101    4.86048    4.70901         35 0.0000e+00
      10025    417.660    137.000    12.5435   4.101706    12.5464   4.101593      76.41     0.0189     2.6921     2.3431  32.654705  12.535428   43.70876  -59.13114    35.4202    35.4164    12.5251    12.5280    26.8140    26.8104    4.83263    4.66449         27 0.0000e+00
      10049    418.664    138.000    12.5298   4.100287    12.5299   4.100156      69.65     0.0196     2.6829     2.3329  32.666912  12.527217   43.70876  -59.13114    35.4190    35.4176    12.5113    12.5120    26.8158    26.8146    4.79478    4.63268         22 0.0000e+00
      10069    419.509    139.000    12.5343   4.100955    12.5348   4.100791      70.93     0.0188     2.6720     2.3234  32.685383  12.513894   43.70876  -59.13114    35.4208    35.4188    12.5156    12.5161    26.8162    26.8146    4.75780    4.60452         19 0.0000e+00
      10089    420.326    140.000    12.5341   4.101181    12.5341   4.101001      54.64     0.0157     2.6606     2.3141  32.686195  12.514964   43.70876  -59.13114    35.4228    35.4210    12.5153    12.5153    26.8179    26.8165    4.73158    4.57647         21 0.0000e+00
      10111    421.245    141.000    12.5395   4.102086    12.5392   4.101851      47.51     0.0165     2.6483     2.3022  32.751469  12.514463   43.70876  -59.13114    35.4260    35.4239    12.5205    12.5203    26.8194    26.8178    4.70670    4.54737         24 0.0000e+00
      10141    422.514    142.000    12.5445   4.103053    12.5443   4.102846      97.50     0.0169     2.6319     2.2895  32.771980  12.521280   43.70876  -59.13114    35.4301    35.4285    12.5254    12.5254    26.8216    26.8203    4.67853    4.53071         37 0.0000e+00
      10177    423.994    143.000    12.5294   4.102000    12.5294   4.101674      57.34     0.0165     2.6173     2.2783  32.803555  12.535177   43.70876  -59.13114    35.4338    35.4302    12.5101    12.5101    26.8275    26.8247    4.66447    4.51971         31 0.0000e+00
      10205    425.148    144.000    12.5062   4.099809    12.5064   4.099514      99.55     0.0174     2.6077     2.2730  32.846268  12.535545   43.70876  -59.13114    35.4341    35.4311    12.4868    12.4876    26.8323    26.8299    4.65764    4.51659         25 0.0000e+00
      10227    426.099    145.000    12.4799   4.096675    12.4840   4.096311      98.63     0.0202     2.6032     2.2684  32.855095  12.533588   43.70876  -59.13114    35.4282    35.4207    12.4604    12.4645    26.8329    26.8263    4.65460    4.50133         22 0.0000e+00
      10249    427.003    146.000    12.3671   4.083738    12.3700   4.083035      48.40     0.0221     2.5974     2.2628  32.909351  12.526611   43.70876  -59.13114    35.4089    35.3993    12.3476    12.3506    26.8400    26.8320    4.64701    4.48882         22 0.0000e+00
      10271    427.930    147.000    12.2834   4.074107    12.2861   4.073512      65.85     0.0204     2.5907     2.2548  32.920990  12.523832   43.70876  -59.13114    35.3940    35.3857    12.2639    12.2666    26.8448    26.8378    4.63324    4.46711         22 0.0000e+00
      10295    428.918    148.000    12.2214   4.067038    12.2234   4.066734      73.99     0.0214     2.5818     2.2452  33.021404  12.486240   43.70876  -59.13114    35.3835    35.3787    12.2019    12.2039    26.8487    26.8445    4.61072    4.44402         25 0.0000e+00
      10321    430.019    149.000    12.2100   4.065849    12.2092   4.065454      53.10     0.0210     2.5705     2.2335  33.071102  12.465229   43.70876  -59.13116    35.3823    35.3792    12.1903    12.1895    26.8500    26.8477    4.57854    4.40724         28 0.0000e+00
      10349    431.159    150.000    12.2065   4.065644    12.2062   4.065276      99.26     0.0165     2.5567     2.2199  33.174442  12.356537   43.70876  -59.13116    35.3832    35.3799    12.1867    12.1864    26.8514    26.8489    4.54005    4.37130         26 0.0000e+00
      10374    432.218    151.000    12.1841   4.063147    12.1864   4.062955      98.63     0.0166     2.5425     2.2074  33.191372  12.338038   43.70876  -59.13116    35.3796    35.3756    12.1642    12.1664    26.8530    26.8494    4.50519    4.33599         25 0.0000e+00
      10398    433.216    152.000    12.1288   4.056769    12.1357   4.056706      45.75     0.0151     2.5288     2.1940  33.278465  12.302865   43.70876  -59.13116    35.3695    35.3623    12.1088    12.1157    26.8558    26.8489    4.47683    4.29784         24 0.0000e+00
      10423    434.256    153.000    12.0170   4.043952    12.0213   4.043431      97.88     0.0160     2.5129     2.1781  33.287018  12.299191   43.70876  -59.13116    35.3498    35.3406    11.9970    12.0013    26.8621    26.8541    4.43226    4.25374         26 0.0000e+00
      10450    435.391    154.000    11.9620   4.037739    11.9654   4.037647      66.74     0.0139     2.4907     2.1578  33.399803  12.261986   43.70874  -59.13116    35.3408    35.3367    11.9419    11.9453    26.8656    26.8618    4.38953    4.20486         28 0.0000e+00
      10478    436.561    155.000    11.8793   4.028131    11.8859   4.027806      60.67     0.0171     2.4738     2.1397  33.439507  12.221057   43.70874  -59.13116    35.3247    35.3153    11.8592    11.8658    26.8689    26.8603    4.38454    4.18076         28 0.0000e+00
      10505    437.673    156.000    11.7342   4.011593    11.7380   4.010900      97.46     0.0185     2.4613     2.1256  33.516895  12.137331   43.70874  -59.13116    35.2997    35.2893    11.7141    11.7179    26.8770    26.8682    4.38209    4.17738         25 0.0000e+00
      10529    438.687    157.000    11.6115   3.997475    11.6156   3.996821      26.92     0.0203     2.4506     2.1164  33.591866  12.096170   43.70874  -59.13116    35.2770    35.2667    11.5915    11.5955    26.8824    26.8737    4.37832    4.17602         23 0.0000e+00
      10552    439.620    158.000    11.5701   3.993382    11.5704   3.992957      65.37     0.0196     2.4437     2.1079  33.694038  12.034364   43.70874  -59.13116    35.2756    35.2711    11.5500    11.5502    26.8892    26.8856    4.37768    4.16146         22 0.0000e+00
      10574    440.545    159.000    11.4455   3.978971    11.4520   3.977856      98.75     0.0191     2.4371     2.1018  33.741535  11.981708   43.70874  -59.13116    35.2515    35.2342    11.4254    11.4319    26.8936    26.8790    4.37584    4.17698         23 0.0000e+00
      10599    441.583    160.000    11.1231   3.942090    11.1336   3.940318      92.52     0.0211     2.4310     2.0987  33.859509  11.833232   43.70874  -59.13116    35.1924    35.1647    11.1032    11.1137    26.9070    26.8835    4.40246    4.21322         28 0.0000e+00
      10630    442.870    161.000    10.7572   3.900594    10.7626   3.899342      55.29     0.0196     2.4244     2.0954  34.015381  11.723549   43.70874  -59.13116    35.1274    35.1096    10.7376    10.7431    26.9226    26.9077    4.41993    4.24458         33 0.0000e+00
      10662    444.191    162.000    10.4553   3.866974    10.4662   3.866698      80.71     0.0177     2.4180     2.0933  34.128922  11.637582   43.70874  -59.13116    35.0783    35.0649    10.4359    10.4469    26.9379    26.9255    4.44047    4.26745         28 0.0000e+00
      10686    445.199    163.000    10.3020   3.849913    10.3089   3.849173      88.05     0.0165     2.4131     2.0904  34.368183  11.260916   43.70874  -59.13116    35.0526    35.0384    10.2827    10.2896    26.9446    26.9324    4.44335    4.27214         21 0.0000e+00
      10706    446.023    164.000    10.1778   3.836303    10.1806   3.835515      87.37     0.0140     2.4102     2.0881  34.366314  11.253921   43.70874  -59.13116    35.0336    35.0229    10.1586    10.1614    26.9514    26.9425    4.45609    4.28646         20 0.0000e+00
      10725    446.828    165.000    10.1392   3.832175    10.1394   3.831657      88.16     0.0152     2.4075     2.0877  34.538643  11.015192   43.70874  -59.13116    35.0285    35.0229    10.1199    10.1201    26.9540    26.9497    4.45179    4.29581         20 0.0000e+00
      10747    447.756    166.000    10.1338   3.831697    10.1337   3.831305      39.95     0.0161     2.4040     2.0865  34.651043  10.849899   43.70874  -59.13116    35.0283    35.0244    10.1144    10.1143    26.9549    26.9519    4.44431    4.28138         25 0.0000e+00
      10777    449.011    167.000    10.1334   3.831841    10.1338   3.831527      87.13     0.0148     2.3983     2.0804  34.772324  10.628426   43.70874  -59.13116    35.0297    35.0261    10.1138    10.1143    26.9561    26.9531    4.40499    4.22656         35 0.0000e+00
      10812    450.448    168.000    10.1323   3.831928    10.1322   3.831563      85.31     0.0189     2.3775     2.0598  34.849606  10.514507   43.70874  -59.13118    35.0312    35.0276    10.1127    10.1125    26.9574    26.9546    4.26049    4.10160         31 0.0000e+00
      10839    451.599    169.000    10.1264   3.831433    10.1269   3.831118      60.04     0.0172     2.3456     2.0360  34.915783  10.501625   43.70874  -59.13118    35.0314    35.0274    10.1067    10.1072    26.9586    26.9554    4.16247    4.03806         25 0.0000e+00
      10862    452.547    170.000    10.1107   3.829842    10.1109   3.829496      93.49     0.0196     2.3214     2.0188  34.946980  10.494815   43.70874  -59.13118    35.0299    35.0261    10.0909    10.0911    26.9601    26.9572    4.13630    4.01170         21 0.0000e+00
      10884    453.444    171.000    10.1026   3.829147    10.1036   3.828883      79.26     0.0192     2.3044     2.0057  35.034222  10.472377   43.70874  -59.13118    35.0302    35.0265    10.0827    10.0837    26.9618    26.9587    4.12820    3.99693         22 0.0000e+00
      10906    454.374    172.000    10.0991   3.829127    10.0992   3.828850      78.88     0.0175     2.2903     1.9949  35.043465  10.464470   43.70874  -59.13118    35.0329    35.0300    10.0790    10.0791    26.9646    26.9622    4.12921    3.98979         23 0.0000e+00
      10929    455.345    173.000    10.1009   3.832275    10.0994   3.831992      92.38     0.0174     2.2808     1.9871  35.148537  10.383379   43.70874  -59.13118    35.0629    35.0613    10.0807    10.0792    26.9876    26.9867    4.12479    3.98060         24 0.0000e+00
      10953    456.340    174.000    10.1319   3.839394    10.1310   3.839218      97.76     0.0178     2.2724     1.9790  35.160404  9.8008461   43.70874  -59.13118    35.1053    35.1044    10.1112    10.1110    27.0155    27.0150    4.11260    3.95480         24 0.0000e+00
