data/CTD/2014/CNV/d017a022.cnv
* Sea-Bird SBE 9 Data File:
* FileName = C:\CTD_ACQUISITION\2014017HUD\ctddata\017A022.hdr
* Software Version Seasave V 7.22.2
* Temperature SN = 5081
* Conductivity SN = 3561
* Number of Bytes Per Scan = 37
* Number of Voltage Words = 4
* Number of Scans Averaged by the Deck Unit = 1
* NMEA Latitude = 53 23.40 N
* NMEA Longitude = 050 07.48 W
* NMEA UTC (Time) = Jul 05 2014 05:54:43
* NMEA baud rate = 9600
** Ship: Hudson
** Cruise: HUD2014017
** Chief_Scientist: Blair Greenan
** Organization: BIO
** Area_of_Operation: Sackville Spur
** Station: 022
** Sounding:  3370
** Event_Comments: K10, 403125
# nquan = 25
# nvalues = 3512                        
# units = specified
# name 0 = scan: Scan Count
# name 1 = timeS: Time, Elapsed [seconds]
# name 2 = prDM: Pressure, Digiquartz [db]
# name 3 = t068C: Temperature [ITS-68, deg C]
# name 4 = c0S/m: Conductivity [S/m]
# name 5 = t168C: Temperature, 2 [ITS-68, deg C]
# name 6 = c1S/m: Conductivity, 2 [S/m]
# name 7 = altM: Altimeter [m]
# name 8 = flC: Fluorescence, Chelsea Aqua 3 Chl Con [ug/l]
# name 9 = sbeox0V: Oxygen raw, SBE 43 [V]
# name 10 = sbeox1V: Oxygen raw, SBE 43, 2 [V]
# name 11 = upoly0: Upoly 0, Optode 4330F - O2 D-Phase
# name 12 = upoly1: Upoly 1, Optode 4330F - O2 Temp
# name 13 = latitude: Latitude [deg]
# name 14 = longitude: Longitude [deg]
# name 15 = sal00: Salinity, Practical [PSU]
# name 16 = sal11: Salinity, Practical, 2 [PSU]
# name 17 = potemp068C: Potential Temperature [ITS-68, deg C]
# name 18 = potemp168C: Potential Temperature, 2 [ITS-68, deg C]
# name 19 = sigma-é00: Density [sigma-theta, Kg/m^3]
# name 20 = sigma-é11: Density, 2 [sigma-theta, Kg/m^3]
# name 21 = sbeox0ML/L: Oxygen, SBE 43 [ml/l], WS = 2
# name 22 = sbeox1ML/L: Oxygen, SBE 43, 2 [ml/l], WS = 2
# name 23 = nbin: number of scans per bin
# name 24 = flag: flag
# span 0 =       6445,      92703       
# span 1 =    268.519,   3862.591       
# span 2 =      1.000,   3512.000       
# span 3 =     1.7876,     8.8253       
# span 4 =   3.194642,   3.659822       
# span 5 =     1.7861,     8.8460       
# span 6 =   3.194560,   3.661248       
# span 7 =       3.78,     105.23       
# span 8 =     0.0047,     0.5459       
# span 9 =     2.0333,     3.4642       
# span 10 =     1.8008,     3.0433      
# span 11 =  29.882652,  35.892273      
# span 12 =  1.7738252,  8.7837877      
# span 13 =   53.39028,   53.39150      
# span 14 =  -50.12415,  -50.12206      
# span 15 =    34.5959,    34.9184      
# span 16 =    34.5909,    34.9183      
# span 17 =     1.5119,     8.8251      
# span 18 =     1.5109,     8.8457      
# span 19 =    26.8300,    27.9237      
# span 20 =    26.8227,    27.9242      
# span 21 =    6.22973,    7.08881      
# span 22 =    6.20522,    7.05401      
# span 23 =         11,         89      
# span 24 = 0.0000e+00, 0.0000e+00      
# interval = decibars: 1                
# start_time = Jul 05 2014 05:54:43 [NMEA time, header]
# bad_flag = -9.990e-29
*END*
[from data line 580]
      22593    941.328    581.000     3.7701   3.249085     3.7698   3.248965      17.20     0.0147     2.7861     2.4627  33.686340  3.8009768   53.39104  -50.12372    34.8571    34.8560     3.7287     3.7285    27.7005    27.6997    6.57783    6.60027         20 0.0000e+00
      22636    943.112    582.000     3.7659   3.248698     3.7652   3.248567      79.70     0.0154     2.7880     2.4636  33.701153  3.7862434   53.39106  -50.12372    34.8564    34.8555     3.7244     3.7238    27.7004    27.6998    6.59125    6.60370         68 0.0000e+00
      22689    945.337    583.000     3.7639   3.248542     3.7622   3.248282      54.81     0.0172     2.7906     2.4648  33.691036  3.7706304   53.39106  -50.12372    34.8562    34.8549     3.7223     3.7207    27.7004    27.6996    6.59536    6.60687         28 0.0000e+00
      22709    946.183    584.000     3.7541   3.247628     3.7556   3.247658     100.25     0.0158     2.7907     2.4647  33.691483  3.7761815   53.39108  -50.12372    34.8551    34.8540     3.7125     3.7180    27.7006    27.6996    6.58730    6.60337         18 0.0000e+00
      22726    946.868    585.000     3.7508   3.247347     3.7505   3.247249      98.63     0.0163     2.7902     2.4645  33.692322  3.7815475   53.39108  -50.12372    34.8548    34.8539     3.7091     3.7087    27.7007    27.7000    6.59222    6.60544         16 0.0000e+00
      22740    947.476    586.000     3.7471   3.247021     3.7474   3.246972      72.52     0.0184     2.7910     2.4646  33.692307  3.7821352   53.39108  -50.12372    34.8543    34.8533     3.7054     3.7057    27.7007    27.6999    6.59655    6.60444         14 0.0000e+00
      22755    948.070    587.000     3.7445   3.246818     3.7445   3.246747      34.97     0.0166     2.7901     2.4643  33.696548  3.7750685   53.39108  -50.12372    34.8540    34.8532     3.7027     3.7027    27.7008    27.7001    6.59202    6.59919         14 0.0000e+00
      22770    948.705    588.000     3.7442   3.246830     3.7438   3.246746      98.41     0.0151     2.7901     2.4636  33.706047  3.7619724   53.39108  -50.12372    34.8540    34.8534     3.7023     3.7020    27.7008    27.7003    6.59206    6.59557         17 0.0000e+00
      22789    949.500    589.000     3.7433   3.246786     3.7432   3.246721      98.64     0.0140     2.7906     2.4627  33.706310  3.7619047   53.39108  -50.12372    34.8539    34.8533     3.7014     3.7013    27.7008    27.7003    6.59403    6.59100         23 0.0000e+00
      22823    950.919    590.000     3.7435   3.246859     3.7433   3.246789      68.40     0.0142     2.7898     2.4613  33.713341  3.7519357   53.39109  -50.12372    34.8540    34.8533     3.7016     3.7014    27.7008    27.7003    6.59420    6.59547         46 0.0000e+00
      22867    952.734    591.000     3.7445   3.247022     3.7443   3.246953      79.02     0.0108     2.7900     2.4614  33.693905  3.7521703   53.39110  -50.12372    34.8544    34.8537     3.7024     3.7023    27.7010    27.7005    6.59439    6.60536         34 0.0000e+00
      22892    953.781    592.000     3.7449   3.247113     3.7445   3.247029      41.98     0.0127     2.7899     2.4616  33.692234  3.7521367   53.39111  -50.12372    34.8545    34.8540     3.7027     3.7023    27.7011    27.7007    6.59319    6.60357         19 0.0000e+00
      22909    954.487    593.000     3.7437   3.247056     3.7435   3.246976      85.39     0.0146     2.7893     2.4614  33.683975  3.7521367   53.39112  -50.12372    34.8545    34.8538     3.7015     3.7013    27.7012    27.7007    6.59225    6.60235         16 0.0000e+00
      22923    955.088    594.000     3.7420   3.246938     3.7417   3.246848      98.74     0.0140     2.7895     2.4614  33.686691  3.7521367   53.39112  -50.12372    34.8544    34.8537     3.6998     3.6995    27.7013    27.7008    6.59420    6.60523         13 0.0000e+00
      22937    955.655    595.000     3.7405   3.246832     3.7406   3.246784      98.63     0.0146     2.7889     2.4614  33.683891  3.7521367   53.39112  -50.12372    34.8543    34.8536     3.6981     3.6982    27.7014    27.7008    6.59989    6.60637         14 0.0000e+00
      22951    956.263    596.000     3.7389   3.246720     3.7390   3.246662      94.43     0.0146     2.7898     2.4614  33.684063  3.7473123   53.39112  -50.12372    34.8541    34.8532     3.6965     3.6966    27.7014    27.7007    6.60605    6.60709         16 0.0000e+00
      22980    957.448    597.000     3.7379   3.246652     3.7374   3.246540      74.92     0.0171     2.7894     2.4612  33.686752  3.7437632   53.39112  -50.12372    34.8538    34.8530     3.6954     3.6949    27.7013    27.7007    6.59572    6.60401         44 0.0000e+00
      23059    960.769    598.000     3.7380   3.246705     3.7386   3.246710      48.88     0.0128     2.7857     2.4592  33.675694  3.7392120   53.39112  -50.12372    34.8538    34.8532     3.6954     3.6961    27.7013    27.7007    6.56180    6.60597         35 0.0000e+00
      23073    961.348    599.000     3.7331   3.246300     3.7334   3.246235      99.27     0.0119     2.7844     2.4600  33.673286  3.7424035   53.39114  -50.12372    34.8535    34.8525     3.6905     3.6908    27.7016    27.7007    6.57927    6.61146         17 0.0000e+00
      23088    961.969    600.000     3.7322   3.246254     3.7318   3.246186      98.64     0.0091     2.7840     2.4605  33.676582  3.7438982   53.39114  -50.12372    34.8535    34.8531     3.6895     3.6891    27.7017    27.7014    6.58822    6.61336         13 0.0000e+00
      23101    962.497    601.000     3.7442   3.247560     3.7432   3.247504      72.00     0.0081     2.7843     2.4606  33.681480  3.7515783   53.39114  -50.12372    34.8558    34.8562     3.7014     3.7004    27.7023    27.7027    6.58757    6.61076         12 0.0000e+00
      23113    962.983    602.000     3.7526   3.248462     3.7520   3.248390      20.41     0.0091     2.7842     2.4607  33.683777  3.7513227   53.39116  -50.12372    34.8571    34.8569     3.7096     3.7091    27.7025    27.7024    6.58624    6.60669         12 0.0000e+00
      23124    963.458    603.000     3.7528   3.248536     3.7527   3.248478      91.97     0.0093     2.7840     2.4607  33.686977  3.7521365   53.39116  -50.12372    34.8572    34.8567     3.7098     3.7097    27.7025    27.7021    6.58536    6.60600         11 0.0000e+00
      23136    963.960    604.000     3.7524   3.248548     3.7522   3.248489      98.65     0.0114     2.7840     2.4604  33.685539  3.7498758   53.39116  -50.12372    34.8573    34.8568     3.7093     3.7091    27.7027    27.7023    6.58660    6.59993         13 0.0000e+00
      23152    964.616    605.000     3.7553   3.248894     3.7548   3.248811      98.63     0.0133     2.7839     2.4598  33.684696  3.7338374   53.39116  -50.12372    34.8578    34.8573     3.7122     3.7116    27.7028    27.7025    6.58729    6.59536         21 0.0000e+00
      23230    967.882    606.000     3.7540   3.248772     3.7536   3.248700      87.23     0.0153     2.7818     2.4560  33.684326  3.7486773   53.39117  -50.12374    34.8574    34.8568     3.7108     3.7103    27.7026    27.7022    6.57716    6.58770         24 0.0000e+00
      23258    969.047    607.000     3.7564   3.249109     3.7561   3.249033      22.63     0.0182     2.7812     2.4553  33.686508  3.7523079   53.39118  -50.12374    34.8581    34.8575     3.7131     3.7128    27.7029    27.7025    6.57432    6.59272         15 0.0000e+00
      23272    969.617    608.000     3.7569   3.249207     3.7566   3.249129     100.46     0.0149     2.7807     2.4555  33.682812  3.7521367   53.39118  -50.12374    34.8583    34.8577     3.7135     3.7132    27.7030    27.7026    6.57872    6.59610         14 0.0000e+00
      23285    970.174    609.000     3.7574   3.249312     3.7570   3.249230      94.29     0.0109     2.7808     2.4555  33.687866  3.7521367   53.39118  -50.12374    34.8585    34.8579     3.7139     3.7135    27.7031    27.7027    6.58266    6.59889         13 0.0000e+00
      23299    970.752    610.000     3.7575   3.249364     3.7572   3.249285      41.69     0.0129     2.7808     2.4559  33.687420  3.7521367   53.39118  -50.12374    34.8584    34.8578     3.7139     3.7136    27.7031    27.7027    6.58542    6.60151         15 0.0000e+00
      23316    971.444    611.000     3.7576   3.249415     3.7572   3.249333      67.91     0.0125     2.7807     2.4560  33.682384  3.7521367   53.39118  -50.12374    34.8584    34.8578     3.7139     3.7136    27.7031    27.7026    6.58520    6.60006         19 0.0000e+00
      23341    972.489    612.000     3.7576   3.249467     3.7572   3.249373      73.53     0.0111     2.7810     2.4559  33.682678  3.7521367   53.39118  -50.12374    34.8585    34.8578     3.7139     3.7135    27.7032    27.7026    6.58246    6.59431         32 0.0000e+00
      23373    973.814    613.000     3.7575   3.249506     3.7573   3.249420      99.08     0.0109     2.7802     2.4550  33.682709  3.7521367   53.39118  -50.12374    34.8585    34.8577     3.7138     3.7135    27.7032    27.7026    6.57707    6.59016         29 0.0000e+00
      23399    974.903    614.000     3.7576   3.249561     3.7573   3.249474      41.14     0.0107     2.7793     2.4547  33.683151  3.7521367   53.39119  -50.12374    34.8585    34.8578     3.7137     3.7135    27.7032    27.7027    6.57781    6.59350         24 0.0000e+00
      23422    975.880    615.000     3.7579   3.249642     3.7576   3.249562      98.97     0.0139     2.7792     2.4545  33.687874  3.7521367   53.39120  -50.12374    34.8587    34.8580     3.7139     3.7137    27.7033    27.7028    6.58026    6.59351         23 0.0000e+00
      23446    976.862    616.000     3.7584   3.249762     3.7582   3.249698      98.64     0.0109     2.7788     2.4542  33.688034  3.7521367   53.39120  -50.12374    34.8590    34.8585     3.7144     3.7142    27.7035    27.7031    6.57290    6.59183         24 0.0000e+00
      23470    977.885    617.000     3.7621   3.250221     3.7620   3.250156      29.72     0.0075     2.7777     2.4538  33.687023  3.7521367   53.39120  -50.12374    34.8601    34.8594     3.7180     3.7179    27.7040    27.7035    6.56798    6.59518         25 0.0000e+00
      23495    978.937    618.000     3.7620   3.250270     3.7618   3.250194      57.09     0.0145     2.7770     2.4541  33.684418  3.7521367   53.39120  -50.12374    34.8602    34.8595     3.7178     3.7176    27.7041    27.7036    6.57555    6.59649         26 0.0000e+00
      23522    980.035    619.000     3.7620   3.250322     3.7617   3.250245      95.51     0.0177     2.7767     2.4535  33.686863  3.7560904   53.39122  -50.12374    34.8603    34.8597     3.7177     3.7175    27.7042    27.7037    6.57401    6.58240         27 0.0000e+00
      23549    981.156    620.000     3.7621   3.250371     3.7617   3.250293      41.47     0.0171     2.7765     2.4517  33.691788  3.7611990   53.39122  -50.12374    34.8603    34.8597     3.7177     3.7174    27.7042    27.7038    6.58021    6.57784         26 0.0000e+00
      23573    982.168    621.000     3.7621   3.250425     3.7618   3.250342      95.02     0.0160     2.7769     2.4513  33.692307  3.7614803   53.39122  -50.12374    34.8604    34.8597     3.7176     3.7174    27.7043    27.7038    6.57956    6.58692         23 0.0000e+00
      23595    983.081    622.000     3.7622   3.250508     3.7619   3.250420      98.63     0.0176     2.7762     2.4512  33.692307  3.7619035   53.39122  -50.12374    34.8607    34.8600     3.7177     3.7174    27.7045    27.7040    6.57542    6.59086         21 0.0000e+00
      23616    983.951    623.000     3.7622   3.250552     3.7618   3.250463      26.88     0.0136     2.7764     2.4513  33.692307  3.7619047   53.39122  -50.12374    34.8608    34.8600     3.7176     3.7173    27.7046    27.7041    6.57968    6.58941         20 0.0000e+00
      23636    984.786    624.000     3.7623   3.250618     3.7620   3.250529     100.06     0.0125     2.7757     2.4509  33.692307  3.7619047   53.39123  -50.12374    34.8608    34.8602     3.7177     3.7173    27.7047    27.7041    6.57436    6.58699         20 0.0000e+00
      23655    985.594    625.000     3.7629   3.250730     3.7627   3.250659      98.63     0.0124     2.7755     2.4509  33.692307  3.7619047   53.39124  -50.12374    34.8610    34.8604     3.7182     3.7180    27.7048    27.7043    6.56992    6.59203         19 0.0000e+00
      23674    986.395    626.000     3.7635   3.250835     3.7633   3.250763      73.54     0.0143     2.7747     2.4508  33.692307  3.7619047   53.39124  -50.12374    34.8612    34.8605     3.7187     3.7185    27.7048    27.7043    6.56336    6.58991         20 0.0000e+00
      23695    987.240    627.000     3.7653   3.251070     3.7649   3.250971      54.89     0.0194     2.7735     2.4505  33.692307  3.7619047   53.39124  -50.12376    34.8615    34.8608     3.7204     3.7200    27.7049    27.7044    6.57208    6.58161         21 0.0000e+00
      23719    988.261    628.000     3.7675   3.251347     3.7672   3.251263      97.33     0.0200     2.7738     2.4497  33.695248  3.7619047   53.39124  -50.12376    34.8619    34.8613     3.7225     3.7222    27.7050    27.7045    6.57691    6.58755         29 0.0000e+00
      23752    989.638    629.000     3.7690   3.251557     3.7686   3.251460      34.81     0.0202     2.7738     2.4499  33.698196  3.7619047   53.39124  -50.12376    34.8623    34.8616     3.7239     3.7235    27.7052    27.7047    6.58158    6.59390         35 0.0000e+00
      23784    990.955    630.000     3.7675   3.251461     3.7668   3.251338     101.65     0.0209     2.7744     2.4503  33.693214  3.7619047   53.39124  -50.12376    34.8622    34.8615     3.7224     3.7216    27.7053    27.7048    6.58623    6.59433         26 0.0000e+00
      23806    991.885    631.000     3.7644   3.251206     3.7636   3.251036      98.63     0.0194     2.7755     2.4502  33.698322  3.7619047   53.39124  -50.12376    34.8619    34.8608     3.7193     3.7184    27.7053    27.7045    6.59061    6.59058         20 0.0000e+00
      23825    992.646    632.000     3.7591   3.250706     3.7587   3.250579      46.63     0.0148     2.7751     2.4498  33.714294  3.7619047   53.39125  -50.12376    34.8610    34.8600     3.7139     3.7134    27.7052    27.7044    6.58692    6.59193         18 0.0000e+00
      23842    993.364    633.000     3.7545   3.250288     3.7539   3.250140      67.90     0.0170     2.7752     2.4497  33.714710  3.7619047   53.39126  -50.12376    34.8604    34.8594     3.7092     3.7086    27.7052    27.7044    6.58737    6.59507         17 0.0000e+00
      23860    994.118    634.000     3.7513   3.249994     3.7510   3.249910      98.36     0.0164     2.7755     2.4498  33.713142  3.7619047   53.39126  -50.12376    34.8598    34.8591     3.7060     3.7057    27.7050    27.7045    6.59023    6.59879         19 0.0000e+00
      23882    995.022    635.000     3.7497   3.249879     3.7493   3.249784      98.00     0.0176     2.7757     2.4501  33.713398  3.7619047   53.39126  -50.12376    34.8596    34.8589     3.7043     3.7039    27.7050    27.7045    6.59441    6.60609         25 0.0000e+00
      23911    996.265    636.000     3.7483   3.249780     3.7483   3.249716      40.92     0.0203     2.7756     2.4506  33.713623  3.7562103   53.39126  -50.12376    34.8594    34.8587     3.7028     3.7028    27.7050    27.7044    6.59197    6.60772         33 0.0000e+00
      23942    997.534    637.000     3.7478   3.249770     3.7474   3.249680      53.53     0.0171     2.7756     2.4514  33.715694  3.7520254   53.39126  -50.12376    34.8593    34.8586     3.7022     3.7019    27.7050    27.7045    6.59236    6.61264         27 0.0000e+00
