data/CTD/2014/CNV/d017a039.cnv
* Sea-Bird SBE 9 Data File:
* FileName = C:\CTD_ACQUISITION\2014017HUD\ctddata\017A039.hdr
* Software Version Seasave V 7.22.2
* Temperature SN = 5081
* Conductivity SN = 3561
* Number of Bytes Per Scan = 37
* Number of Voltage Words = 4
* Number of Scans Averaged by the Deck Unit = 1
* NMEA Latitude = 48 13.75 N
* NMEA Longitude = 046 27.83 W
* NMEA UTC (Time) = Jul 10 2014 01:54:16
* NMEA baud rate = 9600
** Ship: Hudson
** Cruise: HUD2014017
** Chief_Scientist: Blair Greenan
** Organization: BIO
** Area_of_Operation: Sackville Spur
** Station: 039
** Sounding:  938
** Event_Comments: SS_13, 403226
# nquan = 25
# nvalues = 961                         
# units = specified
# name 0 = scan: Scan Count
# name 1 = timeS: Time, Elapsed [seconds]
# name 2 = prDM: Pressure, Digiquartz [db]
# name 3 = t068C: Temperature [ITS-68, deg C]
# name 4 = c0S/m: Conductivity [S/m]
# name 5 = t168C: Temperature, 2 [ITS-68, deg C]
# name 6 = c1S/m: Conductivity, 2 [S/m]
# name 7 = altM: Altimeter [m]
# name 8 = flC: Fluorescence, Chelsea Aqua 3 Chl Con [ug/l]
# name 9 = sbeox0V: Oxygen raw, SBE 43 [V]
# name 10 = sbeox1V: Oxygen raw, SBE 43, 2 [V]
# name 11 = upoly0: Upoly 0, Optode 4330F - O2 D-Phase
# name 12 = upoly1: Upoly 1, Optode 4330F - O2 Temp
# name 13 = latitude: Latitude [deg]
# name 14 = longitude: Longitude [deg]
# name 15 = sal00: Salinity, Practical [PSU]
# name 16 = sal11: Salinity, Practical, 2 [PSU]
# name 17 = potemp068C: Potential Temperature [ITS-68, deg C]
# name 18 = potemp168C: Potential Temperature, 2 [ITS-68, deg C]
# name 19 = sigma-é00: Density [sigma-theta, Kg/m^3]
# name 20 = sigma-é11: Density, 2 [sigma-theta, Kg/m^3]
# name 21 = sbeox0ML/L: Oxygen, SBE 43 [ml/l], WS = 2
# name 22 = sbeox1ML/L: Oxygen, SBE 43, 2 [ml/l], WS = 2
# name 23 = nbin: number of scans per bin
# name 24 = flag: flag
# span 0 =       5571,      33331       
# span 1 =    232.064,   1388.758       
# span 2 =      1.000,    961.000       
# span 3 =    -1.2182,     7.8813       
# span 4 =   2.670041,   3.398320       
# span 5 =    -1.2183,     7.8813       
# span 6 =   2.669632,   3.398384       
# span 7 =       1.39,     102.38       
# span 8 =     0.0075,     0.0885       
# span 9 =     2.6101,     3.5433       
# span 10 =     2.3047,     3.0144      
# span 11 =  30.448456,  34.477798      
# span 12 = -1.0726120,  7.9133444      
# span 13 =   48.22800,   48.22936      
# span 14 =  -46.46338,  -46.46208      
# span 15 =    32.7240,    34.8940      
# span 16 =    32.7090,    34.8934      
# span 17 =    -1.2192,     7.8807      
# span 18 =    -1.2193,     7.8805      
# span 19 =    25.5044,    27.7379      
# span 20 =    25.5041,    27.7374      
# span 21 =    6.37079,    8.84383      
# span 22 =    6.21738,    8.69057      
# span 23 =         11,        109      
# span 24 = 0.0000e+00, 0.0000e+00      
# interval = decibars: 1                
# start_time = Jul 10 2014 01:54:16 [NMEA time, header]
# bad_flag = -9.990e-29
*END*
[from data line 290]
      15464    644.310    291.000     3.5173   3.201594     3.5168   3.201519      93.88     0.0149     2.9046     2.5629  33.501831  3.4732449   48.22834  -46.46210    34.7131    34.7128     3.4979     3.4973    27.6088    27.6086    6.70191    6.72416         20 0.0000e+00
      15486    645.188    292.000     3.5196   3.201956     3.5189   3.201888      87.46     0.0183     2.9040     2.5623  33.501831  3.4781919   48.22834  -46.46210    34.7145    34.7144     3.5001     3.4994    27.6097    27.6097    6.70769    6.72059         22 0.0000e+00
      15508    646.142    293.000     3.5242   3.202514     3.5238   3.202471      67.73     0.0176     2.9051     2.5622  33.501831  3.4778199   48.22834  -46.46210    34.7157    34.7156     3.5046     3.5042    27.6103    27.6102    6.72369    6.73541         24 0.0000e+00
      15533    647.157    294.000     3.5304   3.203214     3.5309   3.203284      76.51     0.0163     2.9060     2.5635  33.501831  3.4786420   48.22834  -46.46210    34.7169    34.7173     3.5108     3.5113    27.6106    27.6108    6.72452    6.75031         24 0.0000e+00
      15555    648.076    295.000     3.5363   3.203911     3.5362   3.203896      98.96     0.0209     2.9075     2.5656  33.501831  3.4816051   48.22834  -46.46208    34.7185    34.7184     3.5166     3.5165    27.6113    27.6112    6.73197    6.75594         20 0.0000e+00
      15574    648.885    296.000     3.5360   3.203949     3.5351   3.203846      96.69     0.0206     2.9091     2.5666  33.501831  3.4890094   48.22834  -46.46209    34.7188    34.7185     3.5161     3.5153    27.6116    27.6114    6.73569    6.75667         19 0.0000e+00
      15593    649.678    297.000     3.5251   3.202972     3.5254   3.202937      39.04     0.0220     2.9095     2.5676  33.501106  3.4888892   48.22834  -46.46210    34.7185    34.7174     3.5049     3.5055    27.6124    27.6115    6.73445    6.75488         20 0.0000e+00
      15614    650.559    298.000     3.5048   3.201004     3.5072   3.201264      96.99     0.0252     2.9105     2.5675  33.490036  3.4962626   48.22834  -46.46210    34.7165    34.7152     3.4849     3.4888    27.6128    27.6115    6.74560    6.75170         23 0.0000e+00
      15639    651.563    299.000     3.4909   3.199829     3.4909   3.199804      98.64     0.0220     2.9118     2.5674  33.487179  3.4981689   48.22834  -46.46210    34.7157    34.7154     3.4710     3.4710    27.6135    27.6133    6.75150    6.75650         24 0.0000e+00
      15661    652.519    300.000     3.4889   3.199860     3.4888   3.199813      40.03     0.0168     2.9127     2.5679  33.498562  3.4938991   48.22834  -46.46210    34.7176    34.7172     3.4689     3.4688    27.6153    27.6149    6.74817    6.76680         21 0.0000e+00
      15681    653.320    301.000     3.4956   3.200725     3.4955   3.200748      51.33     0.0160     2.9127     2.5684  33.501862  3.4905407   48.22834  -46.46210    34.7203    34.7207     3.4755     3.4755    27.6168    27.6171    6.74298    6.77266         18 0.0000e+00
      15700    654.104    302.000     3.5046   3.201767     3.5042   3.201736      98.67     0.0177     2.9130     2.5697  33.496700  3.4859567   48.22834  -46.46210    34.7228    34.7228     3.4844     3.4841    27.6179    27.6179    6.74505    6.77540         20 0.0000e+00
      15724    655.141    303.000     3.5140   3.202803     3.5139   3.202804      65.96     0.0200     2.9131     2.5704  33.485397  3.4769015   48.22834  -46.46208    34.7246    34.7248     3.4937     3.4936    27.6184    27.6186    6.74546    6.76879         32 0.0000e+00
      15759    656.581    304.000     3.5220   3.203724     3.5218   3.203701      94.75     0.0239     2.9132     2.5709  33.476276  3.4834499   48.22836  -46.46208    34.7266    34.7266     3.5017     3.5014    27.6192    27.6192    6.73892    6.77624         31 0.0000e+00
      15784    657.618    305.000     3.5299   3.204635     3.5297   3.204629      98.94     0.0242     2.9128     2.5726  33.472305  3.4861112   48.22836  -46.46208    34.7286    34.7288     3.5095     3.5093    27.6201    27.6202    6.74410    6.78172         20 0.0000e+00
      15801    658.331    306.000     3.5337   3.205114     3.5334   3.205083      52.36     0.0183     2.9137     2.5729  33.471588  3.4940896   48.22836  -46.46208    34.7298    34.7297     3.5132     3.5129    27.6206    27.6206    6.74227    6.77686         16 0.0000e+00
      15815    658.932    307.000     3.5407   3.205939     3.5400   3.205956      58.75     0.0181     2.9127     2.5731  33.466293  3.4981301   48.22836  -46.46210    34.7317    34.7323     3.5200     3.5208    27.6215    27.6220    6.73750    6.77433         14 0.0000e+00
      15829    659.498    308.000     3.5483   3.206838     3.5480   3.206814      98.49     0.0192     2.9134     2.5730  33.470257  3.4981685   48.22836  -46.46210    34.7339    34.7339     3.5276     3.5273    27.6225    27.6226    6.74170    6.76970         13 0.0000e+00
      15843    660.081    309.000     3.5513   3.207240     3.5512   3.207222      98.65     0.0173     2.9135     2.5731  33.461807  3.5001159   48.22836  -46.46210    34.7349    34.7349     3.5305     3.5304    27.6230    27.6230    6.74490    6.76854         15 0.0000e+00
      15860    660.771    310.000     3.5600   3.208252     3.5599   3.208300      33.27     0.0126     2.9136     2.5728  33.443760  3.5077093   48.22836  -46.46210    34.7373    34.7380     3.5391     3.5391    27.6241    27.6246    6.73985    6.76503         19 0.0000e+00
      15897    662.341    311.000     3.5703   3.209405     3.5692   3.209320      70.20     0.0156     2.9128     2.5713  33.435436  3.5181844   48.22835  -46.46210    34.7397    34.7398     3.5493     3.5482    27.6249    27.6252    6.73350    6.75493         65 0.0000e+00
      15954    664.722    312.000     3.5707   3.209524     3.5725   3.209710      44.15     0.0210     2.9115     2.5701  33.432968  3.5362504   48.22834  -46.46211    34.7401    34.7404     3.5497     3.5515    27.6252    27.6253    6.73044    6.75852         29 0.0000e+00
      15972    665.450    313.000     3.5842   3.211030     3.5830   3.210961      99.34     0.0139     2.9117     2.5699  33.436863  3.5372775   48.22836  -46.46212    34.7432    34.7437     3.5631     3.5618    27.6264    27.6269    6.73121    6.76124         16 0.0000e+00
      15986    666.053    314.000     3.5905   3.211781     3.5899   3.211709      98.64     0.0121     2.9111     2.5705  33.435303  3.5372405   48.22836  -46.46212    34.7450    34.7448     3.5693     3.5687    27.6272    27.6271    6.72330    6.76147         13 0.0000e+00
      15999    666.583    315.000     3.5918   3.211990     3.5915   3.211931      98.65     0.0103     2.9105     2.5703  33.428295  3.5431683   48.22836  -46.46212    34.7456    34.7452     3.5705     3.5702    27.6275    27.6273    6.72449    6.75705         12 0.0000e+00
      16011    667.082    316.000     3.5938   3.212354     3.5937   3.212345      88.70     0.0119     2.9108     2.5701  33.428570  3.5437839   48.22836  -46.46212    34.7473    34.7473     3.5724     3.5723    27.6287    27.6288    6.72718    6.75670         12 0.0000e+00
      16023    667.595    317.000     3.5968   3.212844     3.5966   3.212823      18.74     0.0128     2.9101     2.5700  33.428570  3.5463140   48.22836  -46.46212    34.7494    34.7493     3.5754     3.5752    27.6301    27.6301    6.73388    6.75671         13 0.0000e+00
      16038    668.209    318.000     3.5987   3.213166     3.5985   3.213123      86.13     0.0155     2.9108     2.5698  33.421474  3.5506635   48.22836  -46.46212    34.7508    34.7504     3.5771     3.5770    27.6310    27.6308    6.73526    6.75739         18 0.0000e+00
      16069    669.493    319.000     3.5995   3.213322     3.5993   3.213272      83.80     0.0183     2.9104     2.5698  33.414608  3.5605476   48.22836  -46.46210    34.7512    34.7509     3.5779     3.5777    27.6313    27.6311    6.73011    6.75443         49 0.0000e+00
      16119    671.598    320.000     3.6002   3.213443     3.5997   3.213370      49.72     0.0174     2.9098     2.5675  33.413044  3.5714095   48.22836  -46.46212    34.7513    34.7510     3.5785     3.5780    27.6314    27.6312    6.72891    6.73841         37 0.0000e+00
      16144    672.630    321.000     3.6011   3.213630     3.6009   3.213594      99.75     0.0146     2.9095     2.5665  33.413933  3.5759394   48.22838  -46.46212    34.7521    34.7519     3.5794     3.5792    27.6319    27.6317    6.73206    6.74553         20 0.0000e+00
      16162    673.369    322.000     3.6024   3.213844     3.6021   3.213781      98.64     0.0179     2.9101     2.5664  33.413918  3.5763223   48.22838  -46.46212    34.7528    34.7523     3.5805     3.5803    27.6323    27.6320    6.73335    6.75058         16 0.0000e+00
      16177    674.020    323.000     3.6024   3.213899     3.6022   3.213848      98.65     0.0190     2.9098     2.5662  33.412086  3.5744822   48.22838  -46.46212    34.7528    34.7524     3.5806     3.5804    27.6323    27.6320    6.72741    6.74781         16 0.0000e+00
      16193    674.665    324.000     3.6024   3.213948     3.6022   3.213885      98.64     0.0193     2.9087     2.5662  33.399303  3.5763078   48.22838  -46.46212    34.7529    34.7523     3.5804     3.5803    27.6324    27.6320    6.72627    6.74518         15 0.0000e+00
      16209    675.348    325.000     3.6023   3.214006     3.6020   3.213924      47.98     0.0192     2.9090     2.5657  33.399269  3.5763125   48.22838  -46.46212    34.7532    34.7525     3.5802     3.5810    27.6327    27.6322    6.72966    6.74587         18 0.0000e+00
      16228    676.117    326.000     3.6019   3.214040     3.6018   3.213972      75.91     0.0190     2.9085     2.5654  33.399269  3.5763125   48.22838  -46.46212    34.7534    34.7528     3.5798     3.5816    27.6329    27.6324    6.72583    6.74636         20 0.0000e+00
      16252    677.107    327.000     3.6007   3.213967     3.6003   3.213894      91.76     0.0173     2.9077     2.5649  33.402599  3.5769470   48.22838  -46.46212    34.7533    34.7529     3.5786     3.5783    27.6329    27.6326    6.71567    6.73925         29 0.0000e+00
      16287    678.604    328.000     3.5974   3.213765     3.5972   3.213713      40.59     0.0202     2.9051     2.5626  33.401150  3.5792041   48.22838  -46.46212    34.7539    34.7535     3.5752     3.5749    27.6337    27.6334    6.71274    6.73137         38 0.0000e+00
      16319    679.899    329.000     3.5979   3.213972     3.5976   3.213926      91.75     0.0153     2.9032     2.5620  33.399834  3.5795834   48.22838  -46.46213    34.7553    34.7551     3.5756     3.5753    27.6348    27.6347    6.70378    6.73685         24 0.0000e+00
      16338    680.715    330.000     3.6055   3.214888     3.6050   3.214874      29.22     0.0184     2.9021     2.5612  33.399265  3.5820785   48.22838  -46.46214    34.7577    34.7580     3.5831     3.5826    27.6359    27.6363    6.70343    6.73389         17 0.0000e+00
      16354    681.388    331.000     3.6124   3.215711     3.6120   3.215674      97.98     0.0144     2.9014     2.5610  33.399269  3.5812058   48.22838  -46.46214    34.7597    34.7596     3.5899     3.5895    27.6369    27.6368    6.70385    6.73247         16 0.0000e+00
      16370    682.054    332.000     3.6167   3.216245     3.6165   3.216239      98.64     0.0155     2.9006     2.5605  33.399269  3.5805933   48.22838  -46.46214    34.7609    34.7608     3.5942     3.5952    27.6374    27.6374    6.70440    6.72524         16 0.0000e+00
      16389    682.830    333.000     3.6212   3.216779     3.6210   3.216747      96.55     0.0168     2.9001     2.5594  33.399269  3.5842052   48.22838  -46.46213    34.7620    34.7619     3.5985     3.5983    27.6379    27.6378    6.70035    6.71576         21 0.0000e+00
      16414    683.863    334.000     3.6281   3.217628     3.6279   3.217604      24.07     0.0174     2.8990     2.5580  33.399269  3.5873923   48.22838  -46.46213    34.7642    34.7642     3.6054     3.6052    27.6390    27.6390    6.70130    6.72284         29 0.0000e+00
      16441    685.015    335.000     3.6322   3.218185     3.6320   3.218135      94.46     0.0203     2.8984     2.5583  33.399269  3.5959616   48.22838  -46.46214    34.7660    34.7657     3.6094     3.6091    27.6400    27.6398    6.70241    6.72992         25 0.0000e+00
      16465    685.992    336.000     3.6344   3.218507     3.6341   3.218454      98.71     0.0169     2.8982     2.5580  33.399269  3.5976481   48.22838  -46.46214    34.7670    34.7667     3.6115     3.6112    27.6405    27.6403    6.70303    6.71946         22 0.0000e+00
      16485    686.853    337.000     3.6367   3.218848     3.6365   3.218805      98.64     0.0130     2.8977     2.5567  33.399269  3.6056082   48.22838  -46.46214    34.7682    34.7678     3.6137     3.6136    27.6413    27.6410    6.69796    6.71130         20 0.0000e+00
      16506    687.718    338.000     3.6385   3.219112     3.6385   3.219092      98.64     0.0137     2.8969     2.5560  33.399269  3.6056166   48.22838  -46.46214    34.7688    34.7685     3.6155     3.6155    27.6416    27.6414    6.69587    6.71456         22 0.0000e+00
      16530    688.718    339.000     3.6400   3.219322     3.6399   3.219281      45.03     0.0171     2.8966     2.5553  33.413189  3.6145284   48.22838  -46.46214    34.7692    34.7689     3.6168     3.6167    27.6418    27.6415    6.69883    6.71463         26 0.0000e+00
      16559    689.911    340.000     3.6414   3.219543     3.6414   3.219498      72.45     0.0185     2.8956     2.5548  33.413925  3.6153946   48.22838  -46.46215    34.7698    34.7693     3.6182     3.6182    27.6421    27.6417    6.68917    6.72196         30 0.0000e+00
      16587    691.072    341.000     3.6414   3.219596     3.6413   3.219549      56.59     0.0164     2.8943     2.5555  33.413918  3.6153846   48.22838  -46.46214    34.7699    34.7694     3.6181     3.6180    27.6422    27.6419    6.68538    6.72792         25 0.0000e+00
      16608    691.973    342.000     3.6417   3.219675     3.6415   3.219627      35.52     0.0163     2.8929     2.5557  33.413918  3.6164293   48.22839  -46.46214    34.7700    34.7696     3.6184     3.6182    27.6422    27.6420    6.68110    6.72372         19 0.0000e+00
      16626    692.702    343.000     3.6423   3.219800     3.6420   3.219733      98.13     0.0160     2.8918     2.5555  33.413918  3.6250827   48.22840  -46.46215    34.7703    34.7698     3.6189     3.6186    27.6425    27.6421    6.67975    6.71192         17 0.0000e+00
      16642    693.374    344.000     3.6428   3.219911     3.6426   3.219851      39.69     0.0177     2.8911     2.5539  33.415867  3.6245027   48.22840  -46.46216    34.7706    34.7701     3.6193     3.6191    27.6426    27.6423    6.68145    6.70331         15 0.0000e+00
      16658    694.058    345.000     3.6434   3.220032     3.6432   3.219978      68.12     0.0190     2.8908     2.5533  33.415546  3.6251481   48.22840  -46.46216    34.7709    34.7705     3.6198     3.6196    27.6428    27.6425    6.68397    6.70225         18 0.0000e+00
      16678    694.888    346.000     3.6439   3.220150     3.6437   3.220101      97.63     0.0174     2.8901     2.5518  33.418900  3.6251526   48.22840  -46.46216    34.7712    34.7708     3.6203     3.6201    27.6430    27.6427    6.68621    6.69800         23 0.0000e+00
      16709    696.170    347.000     3.6446   3.220253     3.6444   3.220208      61.21     0.0195     2.8900     2.5506  33.423111  3.6251526   48.22840  -46.46216    34.7712    34.7708     3.6208     3.6207    27.6430    27.6426    6.68853    6.70666         38 0.0000e+00
