data/CTD/2014/CNV/d017a041.cnv
* Sea-Bird SBE 9 Data File:
* FileName = C:\CTD_ACQUISITION\2014017HUD\ctddata\017A041.hdr
* Software Version Seasave V 7.22.2
* Temperature SN = 5081
* Conductivity SN = 3561
* Number of Bytes Per Scan = 37
* Number of Voltage Words = 4
* Number of Scans Averaged by the Deck Unit = 1
* NMEA Latitude = 48 06.07 N
* NMEA Longitude = 046 18.86 W
* NMEA UTC (Time) = Jul 10 2014 04:42:48
* NMEA baud rate = 9600
** Ship: Hudson
** Cruise: HUD2014017
** Chief_Scientist: Blair Greenan
** Organization: BIO
** Area_of_Operation: Sackville Spur
** Station: 041
** Sounding:  1143
** Event_Comments: SS_15, 403232
# nquan = 25
# nvalues = 1168                        
# units = specified
# name 0 = scan: Scan Count
# name 1 = timeS: Time, Elapsed [seconds]
# name 2 = prDM: Pressure, Digiquartz [db]
# name 3 = t068C: Temperature [ITS-68, deg C]
# name 4 = c0S/m: Conductivity [S/m]
# name 5 = t168C: Temperature, 2 [ITS-68, deg C]
# name 6 = c1S/m: Conductivity, 2 [S/m]
# name 7 = altM: Altimeter [m]
# name 8 = flC: Fluorescence, Chelsea Aqua 3 Chl Con [ug/l]
# name 9 = sbeox0V: Oxygen raw, SBE 43 [V]
# name 10 = sbeox1V: Oxygen raw, SBE 43, 2 [V]
# name 11 = upoly0: Upoly 0, Optode 4330F - O2 D-Phase
# name 12 = upoly1: Upoly 1, Optode 4330F - O2 Temp
# name 13 = latitude: Latitude [deg]
# name 14 = longitude: Longitude [deg]
# name 15 = sal00: Salinity, Practical [PSU]
# name 16 = sal11: Salinity, Practical, 2 [PSU]
# name 17 = potemp068C: Potential Temperature [ITS-68, deg C]
# name 18 = potemp168C: Potential Temperature, 2 [ITS-68, deg C]
# name 19 = sigma-é00: Density [sigma-theta, Kg/m^3]
# name 20 = sigma-é11: Density, 2 [sigma-theta, Kg/m^3]
# name 21 = sbeox0ML/L: Oxygen, SBE 43 [ml/l], WS = 2
# name 22 = sbeox1ML/L: Oxygen, SBE 43, 2 [ml/l], WS = 2
# name 23 = nbin: number of scans per bin
# name 24 = flag: flag
# span 0 =       8033,      40904       
# span 1 =    334.664,   1704.279       
# span 2 =      1.000,   1168.000       
# span 3 =    -0.8515,     7.2655       
# span 4 =   2.713012,   3.402648       
# span 5 =    -0.8517,     7.2339       
# span 6 =   2.712585,   3.397982       
# span 7 =       1.69,     103.40       
# span 8 =     0.0086,     0.7138       
# span 9 =     2.5175,     3.5842       
# span 10 =     2.2262,     3.1374      
# span 11 =  30.224890,  34.647961      
# span 12 =  0.1443253,  6.8985548      
# span 13 =   48.09924,   48.10058      
# span 14 =  -46.31402,  -46.31334      
# span 15 =    32.7941,    34.9095      
# span 16 =    32.7939,    34.9091      
# span 17 =    -0.8524,     7.2629      
# span 18 =    -0.8526,     7.2314      
# span 19 =    25.7138,    27.7537      
# span 20 =    25.7136,    27.7535      
# span 21 =    6.26072,    8.54944      
# span 22 =    6.24746,    8.61072      
# span 23 =          3,         95      
# span 24 = 0.0000e+00, 0.0000e+00      
# interval = decibars: 1                
# start_time = Jul 10 2014 04:42:48 [NMEA time, header]
# bad_flag = -9.990e-29
*END*
[from data line 116]
      13613    567.176    117.000     2.1724   3.046402     2.1714   3.046451      72.09     0.0230     2.9261     2.5862  33.915905  2.0415184   48.10031  -46.31402    34.3535    34.3546     2.1656     2.1652    27.4406    27.4416    6.87400    6.92482         48 0.0000e+00
      13688    570.304    118.000     2.1905   3.048483     2.2044   3.050193     103.40     0.0291     2.9254     2.5868  33.893047  2.0997388   48.10030  -46.31402    34.3582    34.3644     2.1843     2.1983    27.4429    27.4467    6.86386    6.92571         64 0.0000e+00
      13720    571.626    119.000     2.2550   3.055692     2.2538   3.055750      95.77     0.0263     2.9251     2.5873  33.890358  2.1168501   48.10030  -46.31402    34.3780    34.3800     2.2485     2.2473    27.4535    27.4552    6.85403    6.91244         29 0.0000e+00
      13759    573.266    120.000     2.2858   3.058943     2.2856   3.058966      94.48     0.0256     2.9239     2.5865  33.878242  2.1447647   48.10030  -46.31402    34.3846    34.3852     2.2793     2.2790    27.4563    27.4568    6.83910    6.89577         59 0.0000e+00
      13817    575.683    121.000     2.3063   3.061070     2.3058   3.061062      98.93     0.0275     2.9239     2.5856  33.872505  2.1953495   48.10030  -46.31401    34.3884    34.3889     2.2996     2.2991    27.4576    27.4580    6.85816    6.89976         41 0.0000e+00
      13854    577.200    122.000     2.3264   3.063213     2.3256   3.063194      80.04     0.0251     2.9255     2.5868  33.870960  2.2124491   48.10030  -46.31401    34.3927    34.3934     2.3197     2.3189    27.4594    27.4600    6.85109    6.90949         43 0.0000e+00
      13907    579.410    123.000     2.3515   3.065956     2.3503   3.065864      94.44     0.0256     2.9287     2.5903  33.852177  2.2386806   48.10028  -46.31402    34.3992    34.3994     2.3447     2.3436    27.4626    27.4628    6.88132    6.92212         50 0.0000e+00
      13941    580.853    124.000     2.3695   3.067815     2.3732   3.068328      98.75     0.0247     2.9323     2.5916  33.853477  2.2549584   48.10028  -46.31402    34.4023    34.4047     2.3626     2.3663    27.4635    27.4651    6.87261    6.91818         27 0.0000e+00
      13969    581.995    125.000     2.4161   3.072680     2.4162   3.072870      98.50     0.0281     2.9339     2.5931  33.859844  2.2726679   48.10028  -46.31402    34.4118    34.4141     2.4091     2.4092    27.4673    27.4691    6.86685    6.90895         31 0.0000e+00
      14019    584.081    126.000     2.4573   3.077234     2.4586   3.077451      94.54     0.0301     2.9336     2.5914  33.846973  2.3047950   48.10028  -46.31402    34.4232    34.4245     2.4502     2.4515    27.4730    27.4738    6.83624    6.87858         69 0.0000e+00
      14085    586.814    127.000     2.6123   3.092876     2.6136   3.093075      93.36     0.0248     2.9296     2.5893  33.844166  2.3561785   48.10028  -46.31402    34.4485    34.4501     2.6055     2.6062    27.4799    27.4811    6.79042    6.84314         57 0.0000e+00
      14129    588.678    128.000     2.5382   3.086262     2.5374   3.086021      88.95     0.0219     2.9274     2.5877  33.788460  2.4161892   48.10028  -46.31401    34.4466    34.4444     2.5309     2.5301    27.4848    27.4831    6.80880    6.85299         33 0.0000e+00
      14159    589.898    129.000     2.5226   3.084978     2.5216   3.084902      98.70     0.0194     2.9272     2.5863  33.792259  2.4586627   48.10028  -46.31400    34.4469    34.4471     2.5153     2.5143    27.4864    27.4866    6.81504    6.85136         28 0.0000e+00
      14190    591.208    130.000     2.5267   3.085608     2.5262   3.085577      92.63     0.0207     2.9271     2.5853  33.794716  2.4669816   48.10028  -46.31400    34.4498    34.4499     2.5193     2.5188    27.4883    27.4885    6.81768    6.85293         39 0.0000e+00
      14263    594.252    131.000     2.5458   3.087823     2.5436   3.087545      98.41     0.0196     2.9271     2.5859  33.794498  2.4512668   48.10027  -46.31401    34.4560    34.4549     2.5383     2.5361    27.4917    27.4910    6.81482    6.86487         88 0.0000e+00
      14318    596.548    132.000     2.5721   3.090619     2.5710   3.090535      89.10     0.0193     2.9267     2.5882  33.794880  2.4529915   48.10026  -46.31401    34.4617    34.4618     2.5645     2.5634    27.4940    27.4941    6.80909    6.87300         35 0.0000e+00
      14350    597.859    133.000     2.5791   3.091432     2.5786   3.091421      98.60     0.0180     2.9271     2.5894  33.790752  2.4739277   48.10026  -46.31402    34.4635    34.4639     2.5715     2.5713    27.4948    27.4952    6.81020    6.86806         29 0.0000e+00
      14378    599.046    134.000     2.5952   3.093199     2.5944   3.093188      97.27     0.0220     2.9265     2.5890  33.790482  2.4837852   48.10026  -46.31402    34.4675    34.4682     2.5874     2.5867    27.4967    27.4973    6.80219    6.85148         30 0.0000e+00
      14421    600.833    135.000     2.6264   3.096565     2.6258   3.096554      89.34     0.0207     2.9254     2.5856  33.786343  2.5168791   48.10026  -46.31401    34.4748    34.4754     2.6186     2.6180    27.4998    27.5003    6.78379    6.81454         65 0.0000e+00
      14490    603.719    136.000     2.6491   3.099033     2.6489   3.099041      97.98     0.0262     2.9198     2.5781  33.772091  2.5464125   48.10026  -46.31402    34.4803    34.4806     2.6412     2.6410    27.5022    27.5025    6.76053    6.80663         56 0.0000e+00
      14535    605.595    137.000     2.6533   3.099711     2.6533   3.099673      90.65     0.0251     2.9180     2.5786  33.759689  2.5642276   48.10026  -46.31401    34.4835    34.4831     2.6454     2.6453    27.5044    27.5041    6.76800    6.80924         38 0.0000e+00
      14567    606.932    138.000     2.6401   3.098657     2.6399   3.098636      98.62     0.0248     2.9170     2.5757  33.751434  2.5776451   48.10026  -46.31400    34.4842    34.4841     2.6321     2.6322    27.5062    27.5061    6.76083    6.78033         30 0.0000e+00
      14599    608.261    139.000     2.6583   3.100705     2.6567   3.100614      72.90     0.0204     2.9146     2.5726  33.764088  2.5921278   48.10026  -46.31401    34.4893    34.4898     2.6502     2.6486    27.5086    27.5092    6.74150    6.77994         37 0.0000e+00
      14651    610.428    140.000     2.6966   3.104803     2.6934   3.104522      92.65     0.0224     2.9105     2.5703  33.774456  2.5979884   48.10025  -46.31401    34.4979    34.4979     2.6884     2.6852    27.5122    27.5125    6.73132    6.77351         63 0.0000e+00
      14704    612.614    141.000     2.7148   3.106984     2.7150   3.107008      98.85     0.0268     2.9080     2.5689  33.773037  2.6228764   48.10024  -46.31400    34.5046    34.5047     2.7066     2.7067    27.5159    27.5161    6.72888    6.77168         39 0.0000e+00
      14740    614.125    142.000     2.7147   3.107063     2.7145   3.107049      88.36     0.0235     2.9072     2.5690  33.773277  2.6353273   48.10024  -46.31400    34.5052    34.5052     2.7063     2.7062    27.5164    27.5165    6.73421    6.78152         38 0.0000e+00
      14787    616.099    143.000     2.7246   3.108186     2.7239   3.108132      70.21     0.0374     2.9078     2.5701  33.772545  2.6536839   48.10024  -46.31401    34.5077    34.5079     2.7162     2.7156    27.5176    27.5178    6.74818    6.78734         59 0.0000e+00
      14842    618.370    144.000     2.7548   3.111526     2.7541   3.111519     100.48     0.0243     2.9124     2.5733  33.794441  2.6714225   48.10024  -46.31400    34.5157    34.5164     2.7463     2.7456    27.5214    27.5220    6.77017    6.81024         40 0.0000e+00
      14874    619.726    145.000     2.7648   3.112631     2.7641   3.112585      82.22     0.0208     2.9152     2.5766  33.789387  2.6752024   48.10024  -46.31400    34.5181    34.5182     2.7562     2.7555    27.5224    27.5225    6.77293    6.81960         32 0.0000e+00
      14914    621.391    146.000     2.7742   3.113657     2.7736   3.113601      97.81     0.0210     2.9188     2.5804  33.789246  2.6916203   48.10024  -46.31400    34.5199    34.5199     2.7656     2.7649    27.5230    27.5231    6.78328    6.82868         52 0.0000e+00
      14970    623.723    147.000     2.7947   3.115846     2.7939   3.115778      89.86     0.0223     2.9235     2.5843  33.791824  2.7158346   48.10024  -46.31400    34.5242    34.5245     2.7860     2.7853    27.5246    27.5250    6.78897    6.82847         51 0.0000e+00
      15014    625.537    148.000     2.8079   3.117284     2.8074   3.117263      87.64     0.0209     2.9259     2.5860  33.785664  2.7258589   48.10024  -46.31400    34.5272    34.5273     2.7991     2.7986    27.5259    27.5260    6.78323    6.82875         40 0.0000e+00
      15055    627.256    149.000     2.8364   3.120420     2.8344   3.120300      82.38     0.0219     2.9266     2.5877  33.786015  2.7422268   48.10024  -46.31400    34.5344    34.5351     2.8275     2.8255    27.5291    27.5298    6.77651    6.83062         43 0.0000e+00
      15094    628.884    150.000     2.8708   3.124253     2.8706   3.124312      85.47     0.0238     2.9269     2.5881  33.783184  2.7560503   48.10024  -46.31400    34.5437    34.5446     2.8619     2.8619    27.5334    27.5341    6.77378    6.81218         34 0.0000e+00
      15130    630.371    151.000     2.8831   3.125605     2.8828   3.125597      97.76     0.0253     2.9286     2.5880  33.753380  2.7862592   48.10022  -46.31400    34.5466    34.5468     2.8740     2.8737    27.5346    27.5349    6.78171    6.81214         44 0.0000e+00
      15214    633.872    152.000     2.8834   3.125656     2.8834   3.125736      85.65     0.0217     2.9292     2.5877  33.741444  2.8244896   48.10022  -46.31400    34.5464    34.5474     2.8742     2.8742    27.5344    27.5352    6.77243    6.82114         59 0.0000e+00
      15244    635.123    153.000     2.8995   3.127482     2.8990   3.127479      43.22     0.0207     2.9296     2.5894  33.737537  2.8255916   48.10022  -46.31400    34.5510    34.5513     2.8902     2.8898    27.5367    27.5370    6.78043    6.82270         22 0.0000e+00
      15264    635.968    154.000     2.9035   3.127977     2.9030   3.127933      97.94     0.0224     2.9307     2.5895  33.722538  2.8294964   48.10022  -46.31400    34.5521    34.5521     2.8942     2.8937    27.5372    27.5372    6.77738    6.82106         20 0.0000e+00
      15291    637.084    155.000     2.9215   3.130011     2.9208   3.129974      91.46     0.0245     2.9298     2.5899  33.719658  2.8341761   48.10022  -46.31400    34.5570    34.5573     2.9122     2.9114    27.5395    27.5398    6.76771    6.81717         39 0.0000e+00
      15382    640.863    156.000     2.9239   3.130315     2.9238   3.130309      89.62     0.0217     2.9296     2.5892  33.705715  2.8730350   48.10022  -46.31400    34.5576    34.5577     2.9145     2.9144    27.5398    27.5399    6.76724    6.80881         64 0.0000e+00
      15427    642.740    157.000     2.9464   3.132812     2.9459   3.132783      98.77     0.0201     2.9286     2.5885  33.706955  2.8694501   48.10022  -46.31400    34.5636    34.5637     2.9368     2.9364    27.5425    27.5427    6.76136    6.80938         41 0.0000e+00
      15464    644.274    158.000     2.9560   3.133916     2.9570   3.134050      82.42     0.0239     2.9291     2.5895  33.691402  2.8828628   48.10022  -46.31400    34.5661    34.5667     2.9464     2.9474    27.5437    27.5441    6.77713    6.81984         32 0.0000e+00
      15494    645.533    159.000     2.9868   3.137144     2.9849   3.137085      73.47     0.0220     2.9310     2.5910  33.688080  2.8946729   48.10020  -46.31400    34.5720    34.5730     2.9770     2.9754    27.5456    27.5465    6.79165    6.82911         31 0.0000e+00
      15532    647.135    160.000     3.0143   3.140036     3.0133   3.139976      87.53     0.0201     2.9343     2.5920  33.675316  2.9128840   48.10020  -46.31400    34.5772    34.5775     3.0045     3.0035    27.5472    27.5476    6.77514    6.80123         53 0.0000e+00
      15603    650.078    161.000     3.0280   3.141460     3.0274   3.141426      89.71     0.0226     2.9299     2.5888  33.669868  2.9464643   48.10020  -46.31400    34.5794    34.5796     3.0181     3.0175    27.5477    27.5479    6.73123    6.79310         58 0.0000e+00
      15631    651.251    162.000     3.0754   3.146408     3.0717   3.146361      98.88     0.0233     2.9281     2.5892  33.677841  2.9514270   48.10020  -46.31400    34.5882    34.5916     3.0654     3.0617    27.5504    27.5535    6.73366    6.79006         19 0.0000e+00
      15647    651.905    163.000     3.1011   3.149056     3.1004   3.149095      98.64     0.0247     2.9282     2.5893  33.663239  2.9607716   48.10020  -46.31400    34.5924    34.5936     3.0910     3.0903    27.5514    27.5524    6.73794    6.78791         15 0.0000e+00
      15662    652.527    164.000     3.1167   3.150725     3.1158   3.150764      85.14     0.0226     2.9276     2.5895  33.663002  2.9609280   48.10020  -46.31400    34.5955    34.5969     3.1065     3.1056    27.5524    27.5536    6.73772    6.78504         15 0.0000e+00
      15680    653.295    165.000     3.1373   3.153002     3.1367   3.153021      30.87     0.0310     2.9281     2.5893  33.653305  2.9734547   48.10020  -46.31400    34.6005    34.6014     3.1270     3.1264    27.5545    27.5553    6.73447    6.77123         23 0.0000e+00
      15721    654.983    166.000     3.1457   3.153958     3.1462   3.154017      85.23     0.0276     2.9275     2.5870  33.620602  3.0367088   48.10020  -46.31400    34.6026    34.6028     3.1353     3.1358    27.5554    27.5556    6.72703    6.75769         60 0.0000e+00
      15769    656.999    167.000     3.1591   3.155473     3.1582   3.155478      92.35     0.0197     2.9260     2.5845  33.619049  3.0703354   48.10020  -46.31399    34.6062    34.6068     3.1486     3.1481    27.5570    27.5576    6.72578    6.75812         27 0.0000e+00
      15789    657.837    168.000     3.1719   3.156898     3.1720   3.156976      98.82     0.0190     2.9267     2.5846  33.619049  3.0661488   48.10020  -46.31398    34.6092    34.6101     3.1614     3.1614    27.5582    27.5589    6.72660    6.76103         18 0.0000e+00
      15805    658.514    169.000     3.1813   3.157949     3.1807   3.157914      86.40     0.0171     2.9261     2.5846  33.619049  3.0677555   48.10020  -46.31398    34.6114    34.6119     3.1707     3.1707    27.5591    27.5596    6.72240    6.76169         15 0.0000e+00
      15820    659.142    170.000     3.2026   3.160249     3.2004   3.160165      73.01     0.0160     2.9266     2.5849  33.618046  3.0670562   48.10020  -46.31398    34.6159    34.6173     3.1919     3.1897    27.5607    27.5620    6.72729    6.76247         15 0.0000e+00
      15836    659.784    171.000     3.2147   3.161567     3.2139   3.161520      98.36     0.0147     2.9266     2.5852  33.602844  3.0950673   48.10020  -46.31398    34.6184    34.6187     3.2039     3.2031    27.5616    27.5619    6.72911    6.76611         17 0.0000e+00
      15853    660.514    172.000     3.2206   3.162228     3.2199   3.162216      98.64     0.0186     2.9274     2.5860  33.601360  3.1065140   48.10020  -46.31398    34.6197    34.6202     3.2097     3.2091    27.5620    27.5625    6.73707    6.77266         19 0.0000e+00
      15875    661.434    173.000     3.2390   3.164243     3.2381   3.164238      85.78     0.0234     2.9287     2.5872  33.596325  3.1226554   48.10020  -46.31398    34.6238    34.6247     3.2280     3.2271    27.5636    27.5644    6.73674    6.76878         25 0.0000e+00
