data/CTD/2014/CNV/d017a036.cnv
* Sea-Bird SBE 9 Data File:
* FileName = C:\CTD_ACQUISITION\2014017HUD\ctddata\017A036.hdr
* Software Version Seasave V 7.22.2
* Temperature SN = 5081
* Conductivity SN = 3561
* Number of Bytes Per Scan = 37
* Number of Voltage Words = 4
* Number of Scans Averaged by the Deck Unit = 1
* NMEA Latitude = 48 26.48 N
* NMEA Longitude = 046 40.75 W
* NMEA UTC (Time) = Jul 09 2014 20:04:18
* NMEA baud rate = 9600
** Ship: Hudson
** Cruise: HUD2014017
** Chief_Scientist: Blair Greenan
** Organization: BIO
** Area_of_Operation: Sackville Spur
** Station: 036
** Sounding:  2091
** Event_Comments: SS-08 403206
# nquan = 25
# nvalues = 2163                        
# units = specified
# name 0 = scan: Scan Count
# name 1 = timeS: Time, Elapsed [seconds]
# name 2 = prDM: Pressure, Digiquartz [db]
# name 3 = t068C: Temperature [ITS-68, deg C]
# name 4 = c0S/m: Conductivity [S/m]
# name 5 = t168C: Temperature, 2 [ITS-68, deg C]
# name 6 = c1S/m: Conductivity, 2 [S/m]
# name 7 = altM: Altimeter [m]
# name 8 = flC: Fluorescence, Chelsea Aqua 3 Chl Con [ug/l]
# name 9 = sbeox0V: Oxygen raw, SBE 43 [V]
# name 10 = sbeox1V: Oxygen raw, SBE 43, 2 [V]
# name 11 = upoly0: Upoly 0, Optode 4330F - O2 D-Phase
# name 12 = upoly1: Upoly 1, Optode 4330F - O2 Temp
# name 13 = latitude: Latitude [deg]
# name 14 = longitude: Longitude [deg]
# name 15 = sal00: Salinity, Practical [PSU]
# name 16 = sal11: Salinity, Practical, 2 [PSU]
# name 17 = potemp068C: Potential Temperature [ITS-68, deg C]
# name 18 = potemp168C: Potential Temperature, 2 [ITS-68, deg C]
# name 19 = sigma-é00: Density [sigma-theta, Kg/m^3]
# name 20 = sigma-é11: Density, 2 [sigma-theta, Kg/m^3]
# name 21 = sbeox0ML/L: Oxygen, SBE 43 [ml/l], WS = 2
# name 22 = sbeox1ML/L: Oxygen, SBE 43, 2 [ml/l], WS = 2
# name 23 = nbin: number of scans per bin
# name 24 = flag: flag
# span 0 =       7298,      64963       
# span 1 =    304.027,   2706.735       
# span 2 =      3.000,   2165.000       
# span 3 =    -0.4496,     7.6873       
# span 4 =   2.768753,   3.405133       
# span 5 =    -0.4493,     7.6869       
# span 6 =   2.768632,   3.405035       
# span 7 =       3.27,     103.23       
# span 8 =     0.0060,     0.7691       
# span 9 =     2.2668,     3.7682       
# span 10 =     2.0059,     3.2708      
# span 11 =  30.390791,  35.347382      
# span 12 = -0.1084633,  7.7276998      
# span 13 =   48.44250,   48.44504      
# span 14 =  -46.67831,  -46.66668      
# span 15 =    32.9800,    34.9157      
# span 16 =    32.9791,    34.9154      
# span 17 =    -0.4511,     7.6869      
# span 18 =    -0.4508,     7.6867      
# span 19 =    25.7330,    27.8352      
# span 20 =    25.7323,    27.8351      
# span 21 =    6.26302,    9.68395      
# span 22 =    6.24080,    9.72301      
# span 23 =         13,         96      
# span 24 = 0.0000e+00, 0.0000e+00      
# interval = decibars: 1                
# start_time = Jul 09 2014 20:04:18 [NMEA time, header]
# bad_flag = -9.990e-29
*END*
       7298    304.027      3.000     7.6871   3.404943     7.6869   3.404839      99.94     0.0889     3.4086     2.9950  30.391285  7.7247214   48.44250  -46.67831    32.9800    32.9791     7.6869     7.6867    25.7330    25.7323    7.14939    7.13656         54 0.0000e+00
       7517    313.179      4.000     7.6873   3.405003     7.6867   3.404872      71.25     0.0869     3.4067     2.9933  30.390791  7.7269793   48.44255  -46.67826    32.9800    32.9792     7.6869     7.6863    25.7330    25.7324    7.14797    7.14112         40 0.0000e+00
       7567    315.237      5.000     7.6846   3.404820     7.6851   3.404768      98.23     0.0888     3.4070     2.9948  30.392323  7.7276998   48.44256  -46.67826    32.9801    32.9792     7.6841     7.6846    25.7335    25.7326    7.15149    7.14418         27 0.0000e+00
       7599    316.585      6.000     7.6840   3.404814     7.6845   3.404779      98.65     0.0851     3.4066     2.9941  30.395611  7.7190523   48.44258  -46.67826    32.9802    32.9793     7.6834     7.6839    25.7336    25.7329    7.14677    7.13688         35 0.0000e+00
       7638    318.202      7.000     7.6829   3.404756     7.6833   3.404721      98.65     0.0874     3.4060     2.9948  30.395605  7.7179809   48.44258  -46.67825    32.9801    32.9794     7.6822     7.6827    25.7337    25.7331    7.15033    7.14750         45 0.0000e+00
       7683    320.101      8.000     7.6827   3.404781     7.6827   3.404716      73.76     0.0887     3.4059     2.9955  30.395948  7.7179489   48.44260  -46.67826    32.9801    32.9794     7.6819     7.6819    25.7338    25.7332    7.14997    7.14570         43 0.0000e+00
       7726    321.886      9.000     7.6817   3.404742     7.6814   3.404657      60.18     0.0866     3.4061     2.9954  30.401775  7.7179489   48.44262  -46.67826    32.9802    32.9795     7.6808     7.6806    25.7340    25.7335    7.15739    7.14685         43 0.0000e+00
       7767    323.576     10.000     7.6811   3.404727     7.6811   3.404658      62.32     0.0785     3.4069     2.9953  30.407200  7.7176795   48.44263  -46.67825    32.9801    32.9794     7.6802     7.6801    25.7340    25.7335    7.15390    7.14619         37 0.0000e+00
       7804    325.124     11.000     7.6820   3.404841     7.6823   3.404815      87.11     0.0815     3.4054     2.9952  30.396046  7.7174916   48.44264  -46.67824    32.9800    32.9794     7.6810     7.6813    25.7338    25.7333    7.14429    7.14888         42 0.0000e+00
       7859    327.430     12.000     7.6802   3.404732     7.6808   3.404734      99.35     0.0887     3.4035     2.9955  30.400633  7.7148037   48.44266  -46.67823    32.9801    32.9796     7.6790     7.6796    25.7342    25.7337    7.15069    7.14941         59 0.0000e+00
       7901    329.161     13.000     7.6820   3.404937     7.6816   3.404852      98.65     0.0921     3.4047     2.9949  30.395456  7.7130046   48.44266  -46.67822    32.9801    32.9795     7.6807     7.6804    25.7340    25.7335    7.15206    7.14016         28 0.0000e+00
       7929    330.314     14.000     7.6829   3.405064     7.6831   3.405022      86.60     0.0861     3.4041     2.9922  30.397821  7.7151327   48.44267  -46.67822    32.9801    32.9795     7.6816     7.6818    25.7338    25.7333    7.15362    7.12520         32 0.0000e+00
       7984    332.620     15.000     7.6831   3.405133     7.6827   3.405035      97.32     0.0825     3.4055     2.9907  30.392290  7.7165442   48.44269  -46.67821    32.9802    32.9796     7.6817     7.6813    25.7339    25.7335    7.16040    7.13862         76 0.0000e+00
       8041    335.013     16.000     7.6758   3.404528     7.6764   3.404530      98.70     0.0934     3.4038     2.9906  30.408316  7.7179947   48.44270  -46.67820    32.9802    32.9794     7.6743     7.6749    25.7349    25.7342    7.10775    7.11282         36 0.0000e+00
       8076    336.464     17.000     7.6489   3.402358     7.6487   3.402261      98.65     0.0885     3.3866     2.9754  30.397352  7.7179489   48.44272  -46.67819    32.9819    32.9810     7.6473     7.6471    25.7401    25.7394    7.06633    7.04414         39 0.0000e+00
       8119    338.263     18.000     7.6347   3.401182     7.6362   3.401205      70.89     0.0882     3.4026     2.9843  30.404741  7.7057276   48.44272  -46.67818    32.9822    32.9811     7.6330     7.6345    25.7423    25.7412    7.33092    7.24785         44 0.0000e+00
       8161    339.985     19.000     7.6079   3.398982     7.6020   3.398381      98.74     0.0875     3.4455     3.0113  30.402925  7.6890740   48.44274  -46.67818    32.9832    32.9825     7.6062     7.6002    25.7469    25.7472    7.39369    7.28089         40 0.0000e+00
       8200    341.623     20.000     7.4717   3.387670     7.5093   3.390188      98.23     0.0815     3.4639     3.0216  30.400867  7.6736350   48.44274  -46.67816    32.9879    32.9829     7.4698     7.5074    25.7697    25.7607    7.41799    7.31313         39 0.0000e+00
       8239    343.246     21.000     6.7777   3.329378     6.8223   3.331314      98.65     0.0784     3.4740     3.0201  30.420937  7.6545081   48.44276  -46.67816    33.0181    33.0050     6.7759     6.8205    25.8876    25.8724    7.49844    7.34938         40 0.0000e+00
       8288    345.291     22.000     6.4802   3.304111     6.5109   3.306598      98.62     0.0903     3.5034     3.0380  30.535830  7.4476953   48.44277  -46.67815    33.0261    33.0235     6.4783     6.5090    25.9329    25.9270    7.83676    7.66217         58 0.0000e+00
       8341    347.495     23.000     6.0512   3.267910     6.0791   3.269855      98.10     0.0997     3.5750     3.0841  30.562841  6.9829755   48.44277  -46.67812    33.0448    33.0334     6.0432     6.0772    26.0026    25.9893    8.04869    7.81067         41 0.0000e+00
       8373    348.832     24.000     5.7004   3.240350     5.6950   3.239042      98.65     0.1049     3.5837     3.0850  30.498215  6.8779931   48.44278  -46.67811    33.0711    33.0617     5.6985     5.6931    26.0654    26.0586    7.96864    7.78974         29 0.0000e+00
       8404    350.109     25.000     4.8263   3.168149     4.7395   3.160211      98.65     0.1121     3.5951     3.0939  30.565857  6.6223664   48.44278  -46.67810    33.1165    33.0927     4.8168     4.7377    26.2015    26.1899    8.35409    8.13223         35 0.0000e+00
       8453    352.157     26.000     4.0005   3.097526     3.9229   3.090997      98.66     0.1418     3.6481     3.1342  30.729586  6.0505581   48.44280  -46.67808    33.1119    33.1122     3.9984     3.9213    26.2842    26.2920    8.65708    8.45074         65 0.0000e+00
       8518    354.868     27.000     2.9165   3.009384     2.8630   3.001876      98.34     0.1550     3.6810     3.1604  30.696119  5.2926798   48.44282  -46.67808    33.1492    33.1317     2.9250     2.8615    26.4128    26.4045    8.94167    8.74332         55 0.0000e+00
       8560    356.614     28.000     1.7691   2.917693     1.7642   2.916332      98.66     0.1560     3.7113     3.1886  30.756195  4.7795205   48.44283  -46.67806    33.2217    33.2094     1.7676     1.7629    26.5643    26.5548    9.38368    9.25868         33 0.0000e+00
       8589    357.839     29.000     1.5548   2.901739     1.5550   2.900992      98.65     0.1937     3.7361     3.2200  30.795422  4.2038226   48.44284  -46.67806    33.2460    33.2363     1.5535     1.5537    26.5988    26.5910    9.51695    9.47327         28 0.0000e+00
       8619    359.064     30.000     1.2341   2.877957     1.2381   2.876398      98.66     0.2534     3.7574     3.2498  30.848097  3.2746000   48.44284  -46.67804    33.2864    33.2623     1.2328     1.2368    26.6523    26.6327    9.60140    9.60502         32 0.0000e+00
       8661    360.853     31.000     0.2471   2.800215     0.2369   2.798114      87.96     0.2745     3.7682     3.2708  30.752003  2.7750869   48.44285  -46.67804    33.3382    33.3219     0.2461     0.2358    26.7517    26.7390    9.68395    9.72301         56 0.0000e+00
       8719    363.246     32.000    -0.0208   2.780814    -0.0183   2.781045      97.81     0.3598     3.7275     3.2464  30.826391  1.9498650   48.44286  -46.67802    33.3741    33.3745    -0.0218    -0.0194    26.7947    26.7949    9.35412    9.44203         51 0.0000e+00
       8762    365.038     33.000     0.3120   2.813804     0.3157   2.814461      98.65     0.5264     3.6750     3.2053  30.849760  1.5037707   48.44288  -46.67802    33.4452    33.4498     0.3108     0.3145    26.8352    26.8387    9.04065    9.12012         39 0.0000e+00
       8800    366.617     34.000     0.4997   2.833927     0.5073   2.834904      98.65     0.6995     3.6187     3.1583  30.581911  1.1302565   48.44289  -46.67800    33.5036    33.5081     0.4984     0.5060    26.8720    26.8752    8.71414    8.80478         36 0.0000e+00
       8835    368.067     35.000     0.4556   2.835259     0.4474   2.833930      98.65     0.7691     3.5541     3.1006  30.464787  1.1574758   48.44290  -46.67800    33.5684    33.5600     0.4543     0.4461    26.9266    26.9203    8.45178    8.44524         35 0.0000e+00
       8873    369.687     36.000     0.2035   2.815358     0.1929   2.813974      66.98     0.5049     3.4623     3.0132  30.417311  1.2124289   48.44290  -46.67798    33.5822    33.5756     0.2022     0.1917    26.9514    26.9466    8.03233    8.09067         47 0.0000e+00
       8941    372.496     37.000     0.0631   2.803813     0.0403   2.801784      97.60     0.4581     3.2807     2.8715  30.506554  1.0522766   48.44292  -46.67797    33.5833    33.5809     0.0619     0.0391    26.9595    26.9587    7.60414    7.82046         67 0.0000e+00
       8981    374.154     38.000    -0.1646   2.786051    -0.1707   2.784911      98.78     0.5773     3.2046     2.8196  30.675684  0.8287977   48.44292  -46.67796    33.5978    33.5895    -0.1658    -0.1720    26.9823    26.9759    7.67189    7.86028         26 0.0000e+00
       9005    375.168     39.000    -0.2378   2.779844    -0.2375   2.779474      98.66     0.5877     3.1718     2.7951  30.762520  0.7555336   48.44294  -46.67794    33.5953    33.5901    -0.2390    -0.2387    26.9837    26.9795    7.68342    7.83934         26 0.0000e+00
       9040    376.626     40.000    -0.2614   2.777955    -0.2614   2.777697      98.65     0.5837     3.1382     2.7684  31.122679  0.5385766   48.44294  -46.67794    33.5956    33.5922    -0.2627    -0.2627    26.9851    26.9823    7.69784    7.82584         53 0.0000e+00
       9118    379.887     41.000    -0.2504   2.779040    -0.2647   2.777805      80.55     0.4574     3.0849     2.7254  31.803511  0.3303059   48.44296  -46.67793    33.5973    33.5968    -0.2517    -0.2659    26.9859    26.9861    7.66368    7.77076         68 0.0000e+00
       9155    381.432     42.000    -0.2991   2.776403    -0.3017   2.775730      98.79     0.5553     3.0719     2.7134  31.910706  0.3727210   48.44296  -46.67792    33.6153    33.6092    -0.3004    -0.3030    27.0027    26.9978    7.66009    7.75502         29 0.0000e+00
       9181    382.511     43.000    -0.3290   2.774690    -0.3297   2.774753      98.65     0.5554     3.0618     2.7039  32.195969  0.1968130   48.44298  -46.67790    33.6250    33.6265    -0.3304    -0.3310    27.0119    27.0131    7.61035    7.68436         25 0.0000e+00
       9207    383.576     44.000    -0.2665   2.780725    -0.2667   2.780656      98.65     0.6044     3.0478     2.6900  32.251205  0.1793009   48.44298  -46.67790    33.6358    33.6351    -0.2679    -0.2681    27.0178    27.0172    7.53490    7.60280         28 0.0000e+00
       9249    385.323     45.000    -0.2337   2.784379    -0.2318   2.784426      87.94     0.5618     3.0312     2.6728  32.567871  0.0922620   48.44298  -46.67788    33.6476    33.6462    -0.2351    -0.2332    27.0258    27.0245    7.54015    7.60073         62 0.0000e+00
       9318    388.228     46.000    -0.1671   2.791013    -0.1732   2.790319      94.18     0.5407     3.0136     2.6591  32.834675  0.0953467   48.44300  -46.67788    33.6617    33.6592    -0.1686    -0.1747    27.0341    27.0323    7.51706    7.61277         56 0.0000e+00
       9355    389.735     47.000    -0.3415   2.777203    -0.3412   2.776595      98.71     0.5244     3.0097     2.6581  32.926613  0.0945274   48.44300  -46.67786    33.6699    33.6614    -0.3429    -0.3426    27.0487    27.0418    7.57659    7.66639         29 0.0000e+00
       9382    390.871     48.000    -0.4496   2.768753    -0.4493   2.768632      98.64     0.5383     3.0078     2.6571  33.032635  0.0794114   48.44300  -46.67785    33.6761    33.6742    -0.4511    -0.4508    27.0586    27.0570    7.60792    7.69527         27 0.0000e+00
       9413    392.152     49.000    -0.3402   2.779676    -0.3419   2.779871      78.94     0.4220     3.0102     2.6600  33.203312 -0.0144693   48.44302  -46.67784    33.7002    33.7048    -0.3417    -0.3434    27.0732    27.0769    7.64890    7.73446         37 0.0000e+00
       9468    394.477     50.000    -0.1561   2.797407    -0.1572   2.797497      94.44     0.1955     3.0157     2.6672  33.377567 -0.1084633   48.44302  -46.67783    33.7325    33.7346    -0.1577    -0.1588    27.0907    27.0924    7.58565    7.68211         72 0.0000e+00
       9527    396.936     51.000    -0.0191   2.810419    -0.0204   2.810339      98.51     0.1943     3.0156     2.6679  33.492188 -0.0143224   48.44304  -46.67782    33.7528    33.7532    -0.0208    -0.0221    27.1005    27.1008    7.54376    7.63328         40 0.0000e+00
       9561    398.323     52.000     0.0598   2.817898     0.0547   2.817883      98.38     0.1782     3.0158     2.6679  33.543442  0.0330282   48.44304  -46.67782    33.7641    33.7695     0.0580     0.0529    27.1056    27.1102    7.53532    7.61884         32 0.0000e+00
       9594    399.689     53.000     0.2810   2.838616     0.2789   2.838690      98.17     0.1465     3.0165     2.6684  33.570232  0.0648648   48.44304  -46.67781    33.7928    33.7961     0.2791     0.2770    27.1172    27.1199    7.49662    7.58269         36 0.0000e+00
       9635    401.411     54.000     0.2922   2.839936     0.2910   2.839803      98.13     0.1072     3.0192     2.6712  33.592609  0.1293130   48.44306  -46.67780    33.7972    33.7969     0.2903     0.2890    27.1201    27.1199    7.50700    7.59019         45 0.0000e+00
       9685    403.504     55.000     0.2840   2.839656     0.2853   2.839780      98.13     0.1304     3.0215     2.6714  33.622505  0.2694492   48.44306  -46.67778    33.8020    33.8022     0.2820     0.2833    27.1244    27.1245    7.50508    7.57581         58 0.0000e+00
       9741    405.828     56.000     0.3242   2.844028     0.3233   2.844015      98.34     0.0961     3.0217     2.6712  33.675945  0.2895095   48.44306  -46.67778    33.8146    33.8153     0.3221     0.3213    27.1324    27.1330    7.49220    7.57541         42 0.0000e+00
       9771    407.071     57.000     0.3651   2.848030     0.3609   2.847779      97.76     0.0880     3.0218     2.6701  33.692738  0.2812237   48.44308  -46.67778    33.8216    33.8228     0.3629     0.3588    27.1358    27.1370    7.45917    7.51689         25 0.0000e+00
       9795    408.093     58.000     0.4060   2.852191     0.4040   2.852108      98.00     0.0843     3.0177     2.6657  33.701256  0.3008935   48.44308  -46.67776    33.8303    33.8315     0.4038     0.4019    27.1406    27.1416    7.41198    7.47653         27 0.0000e+00
       9847    410.262     59.000     0.4215   2.853801     0.4185   2.853501      92.36     0.1130     3.0102     2.6578  33.707958  0.3458477   48.44308  -46.67775    33.8339    33.8333     0.4193     0.4163    27.1426    27.1422    7.40098    7.46858         75 0.0000e+00
