data/CTD/2014/CNV/d017a028.cnv
* Sea-Bird SBE 9 Data File:
* FileName = C:\CTD_ACQUISITION\2014017HUD\ctddata\017A028.hdr
* Software Version Seasave V 7.22.2
* Temperature SN = 5081
* Conductivity SN = 3561
* Number of Bytes Per Scan = 37
* Number of Voltage Words = 4
* Number of Scans Averaged by the Deck Unit = 1
* NMEA Latitude = 48 50.76 N
* NMEA Longitude = 045 44.71 W
* NMEA UTC (Time) = Jul 07 2014 02:20:34
* NMEA baud rate = 9600
** Ship: Hudson
** Cruise: HUD2014017
** Chief_Scientist: Blair Greenan
** Organization: BIO
** Area_of_Operation: Sackville Spur
** Station: 028
** Sounding:  2020
** Event_Comments: SS_26, 403163
# nquan = 25
# nvalues = 2078                        
# units = specified
# name 0 = scan: Scan Count
# name 1 = timeS: Time, Elapsed [seconds]
# name 2 = prDM: Pressure, Digiquartz [db]
# name 3 = t068C: Temperature [ITS-68, deg C]
# name 4 = c0S/m: Conductivity [S/m]
# name 5 = t168C: Temperature, 2 [ITS-68, deg C]
# name 6 = c1S/m: Conductivity, 2 [S/m]
# name 7 = altM: Altimeter [m]
# name 8 = flC: Fluorescence, Chelsea Aqua 3 Chl Con [ug/l]
# name 9 = sbeox0V: Oxygen raw, SBE 43 [V]
# name 10 = sbeox1V: Oxygen raw, SBE 43, 2 [V]
# name 11 = upoly0: Upoly 0, Optode 4330F - O2 D-Phase
# name 12 = upoly1: Upoly 1, Optode 4330F - O2 Temp
# name 13 = latitude: Latitude [deg]
# name 14 = longitude: Longitude [deg]
# name 15 = sal00: Salinity, Practical [PSU]
# name 16 = sal11: Salinity, Practical, 2 [PSU]
# name 17 = potemp068C: Potential Temperature [ITS-68, deg C]
# name 18 = potemp168C: Potential Temperature, 2 [ITS-68, deg C]
# name 19 = sigma-é00: Density [sigma-theta, Kg/m^3]
# name 20 = sigma-é11: Density, 2 [sigma-theta, Kg/m^3]
# name 21 = sbeox0ML/L: Oxygen, SBE 43 [ml/l], WS = 2
# name 22 = sbeox1ML/L: Oxygen, SBE 43, 2 [ml/l], WS = 2
# name 23 = nbin: number of scans per bin
# name 24 = flag: flag
# span 0 =       6592,      58990       
# span 1 =    274.645,   2457.875       
# span 2 =     11.000,   2088.000       
# span 3 =     2.7195,     8.5341       
# span 4 =   3.103398,   3.559521       
# span 5 =     2.7191,     8.5419       
# span 6 =   3.103266,   3.560004       
# span 7 =       4.81,     105.57       
# span 8 =     0.0076,     0.3482       
# span 9 =     2.2862,     3.5502       
# span 10 =     2.0234,     3.0761      
# span 11 =  30.070221,  35.278572      
# span 12 =  2.8401649,  8.5248871      
# span 13 =   48.84606,   48.84819      
# span 14 =  -45.74492,  -45.74166      
# span 15 =    33.8158,    34.9162      
# span 16 =    33.8138,    34.9156      
# span 17 =     2.7153,     8.5333      
# span 18 =     2.7149,     8.5408      
# span 19 =    26.2639,    27.8382      
# span 20 =    26.2611,    27.8378      
# span 21 =    6.26793,    7.72402      
# span 22 =    6.24976,    7.75053      
# span 23 =         12,         90      
# span 24 = 0.0000e+00, 0.0000e+00      
# interval = decibars: 1                
# start_time = Jul 07 2014 02:20:34 [NMEA time, header]
# bad_flag = -9.990e-29
*END*
[from data line 638]
      24103   1004.233    649.000     3.7077   3.246694     3.7077   3.246615      97.93     0.0128     2.7776     2.4540  33.680725  3.6935287   48.84664  -45.74382    34.8589    34.8580     3.6614     3.6614    27.7088    27.7081    6.61357    6.63060         19 0.0000e+00
      24124   1005.114    650.000     3.6955   3.245513     3.6958   3.245437      79.54     0.0114     2.7771     2.4535  33.684830  3.6998105   48.84664  -45.74382    34.8572    34.8560     3.6492     3.6495    27.7086    27.7077    6.61329    6.62524         24 0.0000e+00
      24150   1006.216    651.000     3.6932   3.245319     3.6936   3.245302      96.31     0.0153     2.7768     2.4525  33.683067  3.6978550   48.84664  -45.74384    34.8568    34.8562     3.6469     3.6472    27.7086    27.7081    6.61585    6.62373         27 0.0000e+00
      24176   1007.271    652.000     3.6935   3.245384     3.6930   3.245279      98.69     0.0118     2.7769     2.4521  33.684044  3.6943059   48.84664  -45.74384    34.8568    34.8561     3.6470     3.6466    27.7086    27.7080    6.62069    6.63587         23 0.0000e+00
      24196   1008.118    653.000     3.6923   3.245315     3.6920   3.245219      79.64     0.0120     2.7768     2.4530  33.685822  3.6935148   48.84664  -45.74384    34.8567    34.8558     3.6458     3.6477    27.7086    27.7079    6.62320    6.64208         18 0.0000e+00
      24214   1008.864    654.000     3.6913   3.245250     3.6910   3.245171      87.14     0.0139     2.7773     2.4529  33.681671  3.6935287   48.84664  -45.74384    34.8565    34.8559     3.6447     3.6444    27.7086    27.7081    6.62071    6.63918         18 0.0000e+00
      24231   1009.601    655.000     3.6915   3.245321     3.6911   3.245230      98.59     0.0128     2.7769     2.4532  33.684967  3.6935287   48.84664  -45.74384    34.8565    34.8559     3.6449     3.6445    27.7086    27.7081    6.61748    6.64018         18 0.0000e+00
      24250   1010.389    656.000     3.6914   3.245358     3.6910   3.245265      98.52     0.0134     2.7766     2.4532  33.684982  3.6911085   48.84664  -45.74384    34.8566    34.8559     3.6446     3.6442    27.7086    27.7081    6.62759    6.63981         20 0.0000e+00
      24272   1011.297    657.000     3.6906   3.245336     3.6902   3.245240      98.08     0.0142     2.7770     2.4532  33.684982  3.6838825   48.84664  -45.74384    34.8567    34.8559     3.6438     3.6434    27.7088    27.7082    6.62401    6.64273         24 0.0000e+00
      24297   1012.330    658.000     3.6885   3.245183     3.6881   3.245080      98.63     0.0196     2.7772     2.4535  33.686440  3.6837606   48.84664  -45.74384    34.8565    34.8557     3.6416     3.6412    27.7089    27.7083    6.62525    6.64583         25 0.0000e+00
      24321   1013.353    659.000     3.6862   3.245014     3.6861   3.244934      75.13     0.0212     2.7767     2.4536  33.688030  3.6837606   48.84664  -45.74384    34.8564    34.8556     3.6393     3.6392    27.7090    27.7084    6.61728    6.64087         24 0.0000e+00
      24345   1014.334    660.000     3.6854   3.244974     3.6851   3.244883      98.18     0.0193     2.7762     2.4532  33.689827  3.6837606   48.84664  -45.74384    34.8563    34.8555     3.6384     3.6381    27.7090    27.7084    6.62295    6.63645         24 0.0000e+00
      24373   1015.517    661.000     3.6852   3.245000     3.6848   3.244903      93.84     0.0174     2.7758     2.4519  33.692215  3.6837606   48.84664  -45.74384    34.8563    34.8555     3.6381     3.6378    27.7090    27.7084    6.62095    6.62566         34 0.0000e+00
      24408   1016.973    662.000     3.6850   3.245025     3.6844   3.244905      85.73     0.0137     2.7754     2.4501  33.686203  3.6837606   48.84665  -45.74384    34.8563    34.8554     3.6378     3.6373    27.7091    27.7084    6.62211    6.62468         32 0.0000e+00
      24437   1018.154    663.000     3.6847   3.245045     3.6843   3.244946      91.78     0.0160     2.7750     2.4495  33.686447  3.6837606   48.84666  -45.74384    34.8563    34.8555     3.6374     3.6371    27.7091    27.7085    6.61840    6.63248         25 0.0000e+00
      24460   1019.134    664.000     3.6844   3.245069     3.6841   3.244965      56.06     0.0190     2.7743     2.4496  33.684937  3.6837606   48.84666  -45.74384    34.8563    34.8555     3.6371     3.6368    27.7092    27.7085    6.61815    6.63420         22 0.0000e+00
      24481   1019.986    665.000     3.6838   3.245054     3.6836   3.244970      91.07     0.0218     2.7742     2.4494  33.686970  3.6837606   48.84668  -45.74387    34.8563    34.8555     3.6364     3.6362    27.7092    27.7086    6.62585    6.63391         19 0.0000e+00
      24498   1020.715    666.000     3.6836   3.245080     3.6832   3.244995      98.71     0.0153     2.7744     2.4494  33.689747  3.6837606   48.84668  -45.74388    34.8563    34.8557     3.6361     3.6358    27.7092    27.7088    6.62350    6.63510         17 0.0000e+00
      24514   1021.368    667.000     3.6834   3.245108     3.6831   3.245021      98.63     0.0147     2.7738     2.4493  33.689381  3.6837606   48.84668  -45.74388    34.8563    34.8556     3.6359     3.6356    27.7093    27.7087    6.61677    6.63190         15 0.0000e+00
      24529   1021.985    668.000     3.6831   3.245121     3.6829   3.245038      85.93     0.0158     2.7738     2.4488  33.690220  3.6837606   48.84668  -45.74388    34.8563    34.8555     3.6355     3.6353    27.7093    27.7087    6.62307    6.63405         14 0.0000e+00
      24543   1022.601    669.000     3.6828   3.245133     3.6824   3.245042      72.28     0.0187     2.7739     2.4490  33.685917  3.6807230   48.84668  -45.74388    34.8562    34.8555     3.6351     3.6347    27.7093    27.7088    6.62375    6.64261         16 0.0000e+00
      24559   1023.258    670.000     3.6828   3.245171     3.6823   3.245073      98.13     0.0202     2.7732     2.4494  33.681404  3.6777134   48.84666  -45.74386    34.8562    34.8555     3.6350     3.6346    27.7093    27.7087    6.62411    6.64380         16 0.0000e+00
      24578   1024.041    671.000     3.6827   3.245207     3.6822   3.245101      98.63     0.0205     2.7734     2.4495  33.684235  3.6779795   48.84666  -45.74386    34.8561    34.8554     3.6348     3.6344    27.7092    27.7087    6.62592    6.63898         22 0.0000e+00
      24605   1025.167    672.000     3.6821   3.245192     3.6818   3.245100      80.80     0.0184     2.7728     2.4489  33.709991  3.6741374   48.84666  -45.74386    34.8560    34.8553     3.6342     3.6339    27.7092    27.7087    6.62084    6.63562         33 0.0000e+00
      24639   1026.575    673.000     3.6818   3.245199     3.6813   3.245101      56.34     0.0154     2.7720     2.4486  33.697220  3.6739926   48.84666  -45.74386    34.8560    34.8553     3.6338     3.6334    27.7092    27.7087    6.61812    6.64094         32 0.0000e+00
      24671   1027.933    674.000     3.6816   3.245222     3.6811   3.245121      82.65     0.0179     2.7717     2.4488  33.689316  3.6742790   48.84667  -45.74386    34.8559    34.8552     3.6335     3.6331    27.7092    27.7087    6.62227    6.64321         34 0.0000e+00
      24706   1029.377    675.000     3.6814   3.245255     3.6810   3.245156      93.13     0.0194     2.7716     2.4492  33.691917  3.6809959   48.84668  -45.74386    34.8560    34.8552     3.6333     3.6329    27.7093    27.7087    6.62618    6.64460         34 0.0000e+00
      24736   1030.612    676.000     3.6822   3.245378     3.6820   3.245316      97.82     0.0221     2.7713     2.4490  33.692318  3.6814287   48.84668  -45.74387    34.8561    34.8555     3.6340     3.6338    27.7093    27.7089    6.62065    6.64190         25 0.0000e+00
      24758   1031.526    677.000     3.6843   3.245642     3.6839   3.245546      65.62     0.0171     2.7705     2.4486  33.692307  3.6811836   48.84668  -45.74388    34.8565    34.8558     3.6360     3.6356    27.7094    27.7089    6.61531    6.63669         19 0.0000e+00
      24775   1032.255    678.000     3.6854   3.245814     3.6847   3.245697      98.83     0.0166     2.7705     2.4484  33.691441  3.6831987   48.84668  -45.74388    34.8568    34.8561     3.6370     3.6364    27.7096    27.7091    6.62046    6.63618         17 0.0000e+00
      24791   1032.901    679.000     3.6864   3.245966     3.6861   3.245889      98.63     0.0159     2.7703     2.4478  33.684662  3.6786630   48.84669  -45.74390    34.8570    34.8565     3.6380     3.6376    27.7096    27.7092    6.61685    6.63819         15 0.0000e+00
      24806   1033.521    680.000     3.6872   3.246095     3.6869   3.246014      98.64     0.0165     2.7694     2.4478  33.683548  3.6810720   48.84670  -45.74390    34.8572    34.8566     3.6386     3.6383    27.7097    27.7092    6.60989    6.64074         15 0.0000e+00
      24821   1034.169    681.000     3.6880   3.246224     3.6876   3.246127      72.16     0.0155     2.7686     2.4478  33.685829  3.6819069   48.84670  -45.74390    34.8574    34.8567     3.6393     3.6389    27.7098    27.7093    6.60048    6.63926         16 0.0000e+00
      24839   1034.936    682.000     3.6892   3.246400     3.6889   3.246319      88.19     0.0166     2.7672     2.4474  33.687378  3.6764798   48.84670  -45.74390    34.8576    34.8570     3.6404     3.6402    27.7098    27.7094    6.59194    6.63652         21 0.0000e+00
      24868   1036.145    683.000     3.6925   3.246793     3.6933   3.246821      98.45     0.0189     2.7654     2.4467  33.685997  3.6776638   48.84668  -45.74387    34.8583    34.8578     3.6437     3.6445    27.7101    27.7096    6.60405    6.63043         37 0.0000e+00
      24902   1037.545    684.000     3.6967   3.247288     3.6960   3.247183      70.23     0.0179     2.7651     2.4452  33.683544  3.6824703   48.84668  -45.74386    34.8593    34.8587     3.6477     3.6471    27.7104    27.7100    6.61233    6.62466         27 0.0000e+00
      24924   1038.470    685.000     3.6984   3.247521     3.6984   3.247480      98.98     0.0199     2.7651     2.4448  33.684608  3.6822171   48.84668  -45.74386    34.8597    34.8592     3.6494     3.6494    27.7106    27.7102    6.60904    6.63121         19 0.0000e+00
      24943   1039.245    686.000     3.6993   3.247669     3.6993   3.247625      98.63     0.0176     2.7648     2.4447  33.684158  3.6837914   48.84670  -45.74386    34.8600    34.8594     3.6502     3.6502    27.7108    27.7103    6.61048    6.63204         18 0.0000e+00
      24961   1040.003    687.000     3.7006   3.247856     3.7002   3.247763      81.55     0.0154     2.7649     2.4445  33.683048  3.6837606   48.84668  -45.74386    34.8603    34.8596     3.6514     3.6511    27.7109    27.7103    6.61244    6.63120         19 0.0000e+00
      24981   1040.824    688.000     3.7006   3.247896     3.7003   3.247801      82.21     0.0131     2.7647     2.4442  33.695652  3.6883600   48.84668  -45.74386    34.8603    34.8595     3.6513     3.6510    27.7109    27.7103    6.61199    6.62897         21 0.0000e+00
      25006   1041.864    689.000     3.7006   3.247940     3.7002   3.247842      98.46     0.0132     2.7647     2.4441  33.701839  3.6914740   48.84668  -45.74386    34.8602    34.8595     3.6513     3.6509    27.7109    27.7103    6.61070    6.63468         29 0.0000e+00
      25038   1043.225    690.000     3.7000   3.247911     3.6995   3.247797      72.71     0.0172     2.7643     2.4441  33.693035  3.6929889   48.84668  -45.74386    34.8600    34.8591     3.6506     3.6502    27.7107    27.7101    6.61149    6.63906         35 0.0000e+00
      25069   1044.492    691.000     3.6999   3.247942     3.6995   3.247848      99.10     0.0149     2.7637     2.4445  33.692284  3.6935439   48.84668  -45.74386    34.8600    34.8593     3.6504     3.6500    27.7107    27.7102    6.60508    6.63272         25 0.0000e+00
      25090   1045.373    692.000     3.6996   3.247949     3.6996   3.247902      60.20     0.0151     2.7630     2.4435  33.692307  3.6935287   48.84668  -45.74386    34.8598    34.8593     3.6500     3.6500    27.7107    27.7102    6.61121    6.62700         18 0.0000e+00
      25107   1046.081    693.000     3.6999   3.248039     3.6995   3.247952      98.96     0.0155     2.7635     2.4433  33.692307  3.6935287   48.84668  -45.74386    34.8600    34.8594     3.6503     3.6499    27.7108    27.7103    6.61170    6.62530         16 0.0000e+00
      25123   1046.738    694.000     3.7006   3.248150     3.7001   3.248045      98.64     0.0160     2.7631     2.4426  33.692307  3.6935287   48.84668  -45.74386    34.8601    34.8594     3.6509     3.6504    27.7108    27.7103    6.60790    6.62002         16 0.0000e+00
      25139   1047.432    695.000     3.7010   3.248241     3.7005   3.248134      98.64     0.0152     2.7627     2.4418  33.692307  3.6935287   48.84668  -45.74386    34.8602    34.8595     3.6512     3.6507    27.7108    27.7103    6.61403    6.61354         18 0.0000e+00
      25163   1048.429    696.000     3.7016   3.248354     3.7012   3.248246      79.78     0.0156     2.7631     2.4402  33.697433  3.6935287   48.84668  -45.74386    34.8605    34.8596     3.6517     3.6513    27.7110    27.7104    6.61646    6.61611         34 0.0000e+00
      25209   1050.319    697.000     3.7019   3.248446     3.7017   3.248380     101.73     0.0160     2.7628     2.4398  33.704208  3.6935287   48.84668  -45.74386    34.8608    34.8601     3.6519     3.6529    27.7112    27.7107    6.60908    6.63247         41 0.0000e+00
      25234   1051.372    698.000     3.7000   3.248349     3.6995   3.248251      26.01     0.0212     2.7618     2.4408  33.692154  3.6935287   48.84668  -45.74386    34.8610    34.8604     3.6500     3.6495    27.7116    27.7111    6.60549    6.64110         20 0.0000e+00
      25251   1052.076    699.000     3.6992   3.248334     3.6988   3.248220      98.09     0.0202     2.7617     2.4411  33.692307  3.6935287   48.84670  -45.74386    34.8611    34.8603     3.6492     3.6487    27.7118    27.7111    6.61162    6.63953         15 0.0000e+00
      25265   1052.673    700.000     3.6959   3.248075     3.6955   3.247946      98.63     0.0207     2.7617     2.4413  33.708267  3.6935287   48.84669  -45.74386    34.8611    34.8599     3.6457     3.6454    27.7121    27.7112    6.61544    6.64221         13 0.0000e+00
      25278   1053.225    701.000     3.6939   3.247916     3.6935   3.247820      98.63     0.0184     2.7619     2.4421  33.716213  3.6950765   48.84668  -45.74386    34.8608    34.8600     3.6437     3.6433    27.7120    27.7115    6.61398    6.64291         13 0.0000e+00
      25291   1053.766    702.000     3.6931   3.247884     3.6928   3.247797      98.63     0.0179     2.7612     2.4418  33.711338  3.6950314   48.84668  -45.74386    34.8607    34.8600     3.6428     3.6425    27.7121    27.7115    6.60987    6.63573         13 0.0000e+00
      25305   1054.342    703.000     3.6928   3.247898     3.6923   3.247787      56.48     0.0189     2.7610     2.4414  33.711849  3.6948280   48.84668  -45.74386    34.8606    34.8599     3.6425     3.6419    27.7120    27.7115    6.61027    6.63429         15 0.0000e+00
      25324   1055.126    704.000     3.6928   3.247931     3.6924   3.247824      92.07     0.0186     2.7605     2.4414  33.709400  3.6918786   48.84669  -45.74386    34.8606    34.8597     3.6423     3.6419    27.7120    27.7114    6.61289    6.64087         26 0.0000e+00
      25386   1057.721    705.000     3.6932   3.248001     3.6930   3.247918      83.54     0.0174     2.7609     2.4407  33.713139  3.6844189   48.84668  -45.74386    34.8604    34.8597     3.6427     3.6425    27.7118    27.7113    6.62056    6.62996         56 0.0000e+00
