data/CTD/2014/CNV/d017a054.cnv
* Sea-Bird SBE 9 Data File:
* FileName = C:\CTD_ACQUISITION\2014017HUD\ctddata\017A054.hdr
* Software Version Seasave V 7.22.2
* Temperature SN = 5081
* Conductivity SN = 3561
* Number of Bytes Per Scan = 37
* Number of Voltage Words = 4
* Number of Scans Averaged by the Deck Unit = 1
* NMEA Latitude = 43 42.54 N
* NMEA Longitude = 059 07.81 W
* NMEA UTC (Time) = Jul 13 2014 09:50:24
* NMEA baud rate = 9600
** Ship: Hudson
** Cruise: HUD2014017
** Chief_Scientist: Blair Greenan
** Organization: BIO
** Area_of_Operation: Sackville Spur
** Station: 054
** Sounding:  245
** Event_Comments: LC1
# nquan = 25
# nvalues = 244                         
# units = specified
# name 0 = scan: Scan Count
# name 1 = timeS: Time, Elapsed [seconds]
# name 2 = prDM: Pressure, Digiquartz [db]
# name 3 = t068C: Temperature [ITS-68, deg C]
# name 4 = c0S/m: Conductivity [S/m]
# name 5 = t168C: Temperature, 2 [ITS-68, deg C]
# name 6 = c1S/m: Conductivity, 2 [S/m]
# name 7 = altM: Altimeter [m]
# name 8 = flC: Fluorescence, Chelsea Aqua 3 Chl Con [ug/l]
# name 9 = sbeox0V: Oxygen raw, SBE 43 [V]
# name 10 = sbeox1V: Oxygen raw, SBE 43, 2 [V]
# name 11 = upoly0: Upoly 0, Optode 4330F - O2 D-Phase
# name 12 = upoly1: Upoly 1, Optode 4330F - O2 Temp
# name 13 = latitude: Latitude [deg]
# name 14 = longitude: Longitude [deg]
# name 15 = sal00: Salinity, Practical [PSU]
# name 16 = sal11: Salinity, Practical, 2 [PSU]
# name 17 = potemp068C: Potential Temperature [ITS-68, deg C]
# name 18 = potemp168C: Potential Temperature, 2 [ITS-68, deg C]
# name 19 = sigma-é00: Density [sigma-theta, Kg/m^3]
# name 20 = sigma-é11: Density, 2 [sigma-theta, Kg/m^3]
# name 21 = sbeox0ML/L: Oxygen, SBE 43 [ml/l], WS = 2
# name 22 = sbeox1ML/L: Oxygen, SBE 43, 2 [ml/l], WS = 2
# name 23 = nbin: number of scans per bin
# name 24 = flag: flag
# span 0 =       4305,      13772       
# span 1 =    179.320,    573.804       
# span 2 =      2.000,    245.000       
# span 3 =     3.7037,    13.7409       
# span 4 =   3.066336,   4.110015       
# span 5 =     3.7069,    13.7938       
# span 6 =   3.066145,   4.109848       
# span 7 =       5.42,     103.23       
# span 8 =     0.0115,     0.1769       
# span 9 =     2.0652,     3.5097       
# span 10 =     1.7935,     3.0586      
# span 11 =  29.038187,  38.497574      
# span 12 =  3.9348471,  13.589380      
# span 13 =   43.70865,   43.70900      
# span 14 =  -59.13128,  -59.13071      
# span 15 =    31.8816,    35.4341      
# span 16 =    31.8920,    35.4311      
# span 17 =     3.6999,    13.7402      
# span 18 =     3.7032,    13.7931      
# span 19 =    23.8429,    27.2531      
# span 20 =    23.8337,    27.2510      
# span 21 =    3.79663,    7.43132      
# span 22 =    3.62389,    7.36036      
# span 23 =         19,        177      
# span 24 = 0.0000e+00, 0.0000e+00      
# interval = decibars: 1                
# start_time = Jul 13 2014 09:50:24 [NMEA time, header]
# bad_flag = -9.990e-29
*END*
[from data line 58]
       7314    304.692     60.000     3.7278   3.070499     3.7176   3.070155      97.70     0.0436     3.0231     2.6574  32.744308  4.0389214   43.70890  -59.13100    33.0492    33.0554     3.7239     3.7138    26.2616    26.2675    6.86192    6.86953         29 0.0000e+00
       7366    306.865     61.000     3.9454   3.093437     3.9429   3.093444      88.43     0.0444     3.0202     2.6558  32.790508  3.9348471   43.70890  -59.13100    33.1013    33.1038     3.9409     3.9389    26.2818    26.2841    6.81003    6.81856         73 0.0000e+00
       7421    309.176     62.000     4.0947   3.109033     4.0882   3.108985      75.87     0.0426     3.0184     2.6559  32.795673  3.9989266   43.70890  -59.13100    33.1337    33.1397     4.0906     4.0841    26.2927    26.2981    6.79599    6.80240         34 0.0000e+00
       7451    310.434     63.000     4.2250   3.122611     4.2219   3.122752      98.58     0.0436     3.0190     2.6565  32.801449  4.0499330   43.70888  -59.13100    33.1617    33.1664     4.2207     4.2177    26.3017    26.3057    6.76615    6.77161         30 0.0000e+00
       7486    311.873     64.000     4.3425   3.134962     4.3402   3.135217      81.03     0.0458     3.0168     2.6552  32.798660  4.0996861   43.70888  -59.13100    33.1876    33.1930     4.3381     4.3357    26.3101    26.3146    6.72577    6.73440         42 0.0000e+00
       7532    313.796     65.000     4.4707   3.148406     4.4687   3.148626      99.10     0.0451     3.0117     2.6511  32.801540  4.2217774   43.70888  -59.13101    33.2141    33.2210     4.4661     4.4642    26.3178    26.3235    6.67993    6.68484         45 0.0000e+00
       7571    315.435     66.000     4.6297   3.165096     4.6258   3.165417      77.72     0.0443     3.0070     2.6467  32.812634  4.3118348   43.70888  -59.13102    33.2497    33.2573     4.6250     4.6211    26.3290    26.3355    6.65680    6.66184         37 0.0000e+00
       7611    317.099     67.000     4.7992   3.182948     4.7965   3.183137      92.79     0.0426     3.0067     2.6461  32.802814  4.3986082   43.70888  -59.13102    33.2863    33.2912     4.7943     4.7917    26.3397    26.3439    6.63621    6.62647         44 0.0000e+00
       7657    318.990     68.000     4.9071   3.194969     4.9053   3.195080      85.88     0.0419     3.0042     2.6427  32.790134  4.5325971   43.70888  -59.13102    33.3167    33.3199     4.9021     4.9003    26.3519    26.3546    6.58881    6.58609         44 0.0000e+00
       7700    320.777     69.000     4.9650   3.201831     4.9633   3.201819      78.74     0.0456     2.9983     2.6388  32.784512  4.6511874   43.70888  -59.13102    33.3375    33.3391     4.9599     4.9581    26.3619    26.3634    6.57405    6.57856         41 0.0000e+00
       7738    322.376     70.000     5.0641   3.212431     5.0513   3.211798      98.70     0.0394     2.9982     2.6402  32.783882  4.7268906   43.70888  -59.13102    33.3599    33.3655     5.0588     5.0460    26.3686    26.3744    6.57371    6.57772         37 0.0000e+00
       7775    323.920     71.000     5.1990   3.226925     5.1951   3.226949      78.08     0.0375     2.9961     2.6365  32.783516  4.7858157   43.70887  -59.13102    33.3911    33.3953     5.1936     5.1897    26.3779    26.3817    6.51330    6.49621         39 0.0000e+00
       7819    325.750     72.000     5.2730   3.234853     5.2714   3.234787      98.64     0.0353     2.9862     2.6286  32.754570  4.8952284   43.70886  -59.13103    33.4075    33.4083     5.2675     5.2659    26.3824    26.3832    6.46047    6.47099         47 0.0000e+00
       7861    327.502     73.000     5.3218   3.240303     5.3172   3.240201      68.74     0.0424     2.9788     2.6238  32.768188  5.0085621   43.70886  -59.13104    33.4207    33.4243     5.3162     5.3115    26.3872    26.3905    6.45824    6.45777         36 0.0000e+00
       7894    328.876     74.000     5.4777   3.258160     5.4670   3.257968      98.66     0.0388     2.9765     2.6200  32.769230  5.0510049   43.70886  -59.13104    33.4684    33.4769     5.4719     5.4612    26.4067    26.4147    6.43308    6.40426         31 0.0000e+00
       7926    330.223     75.000     5.5991   3.271856     5.5958   3.271718      73.86     0.0398     2.9735     2.6143  32.764511  5.0970316   43.70886  -59.13104    33.5028    33.5045     5.5931     5.5899    26.4194    26.4212    6.40307    6.37710         34 0.0000e+00
       7968    331.957     76.000     5.6217   3.274366     5.6280   3.275178      92.00     0.0368     2.9707     2.6124  32.733742  5.2358537   43.70886  -59.13104    33.5082    33.5112     5.6157     5.6220    26.4210    26.4226    6.39911    6.38435         52 0.0000e+00
       8020    334.142     77.000     5.6638   3.278934     5.6601   3.278730      62.19     0.0345     2.9688     2.6109  32.774628  5.3797812   43.70886  -59.13104    33.5177    33.5187     5.6576     5.6540    26.4235    26.4247    6.41083    6.38508         44 0.0000e+00
       8056    335.616     78.000     5.7137   3.284566     5.7103   3.284444      82.21     0.0373     2.9726     2.6132  32.796883  5.4025455   43.70885  -59.13104    33.5314    33.5333     5.7074     5.7041    26.4283    26.4302    6.41631    6.38900         32 0.0000e+00
       8087    336.937     79.000     5.7296   3.286401     5.7322   3.286757      88.40     0.0376     2.9762     2.6166  32.788456  5.4455113   43.70885  -59.13105    33.5358    33.5372     5.7232     5.7258    26.4299    26.4307    6.46675    6.43735         34 0.0000e+00
       8132    338.796     80.000     5.7662   3.290580     5.7643   3.290484      82.34     0.0360     2.9842     2.6209  32.792526  5.5160933   43.70884  -59.13106    33.5462    33.5470     5.7597     5.7578    26.4337    26.4345    6.39766    6.36873         54 0.0000e+00
       8181    340.843     81.000     5.8545   3.300281     5.8524   3.300682      99.42     0.0311     2.9650     2.6084  32.809059  5.5725436   43.70884  -59.13106    33.5675    33.5741     5.8478     5.8458    26.4397    26.4452    6.26923    6.28692         39 0.0000e+00
       8214    342.224     82.000     5.9947   3.315706     5.9894   3.315619      67.23     0.0316     2.9533     2.5998  32.812283  5.5877671   43.70884  -59.13106    33.6016    33.6066     5.9879     5.9828    26.4493    26.4540    6.25802    6.24848         31 0.0000e+00
       8245    343.498     83.000     6.2056   3.339154     6.1811   3.339316      95.88     0.0359     2.9463     2.5947  32.802368  5.6605082   43.70884  -59.13106    33.6547    33.6807     6.1985     6.1741    26.4646    26.4883    6.22250    6.22232         32 0.0000e+00
       8279    344.928     84.000     6.6969   3.393564     6.6907   3.393892      75.50     0.0382     2.9414     2.5920  32.783035  5.7659593   43.70884  -59.13106    33.7739    33.7837     6.6895     6.6832    26.4949    26.5035    6.15141    6.14143         38 0.0000e+00
       8330    347.027     85.000     6.8048   3.405565     6.8017   3.405519      87.57     0.0368     2.9381     2.5874  32.701622  6.0843930   43.70884  -59.13106    33.7996    33.8023     6.7972     6.7941    26.5009    26.5034    6.13545    6.10763         62 0.0000e+00
       8384    349.307     86.000     6.8806   3.413870     6.8812   3.414236      83.50     0.0331     2.9395     2.5891  32.655613  6.3646131   43.70882  -59.13106    33.8161    33.8195     6.8728     6.8734    26.5036    26.5063    6.19524    6.17193         39 0.0000e+00
       8414    350.531     87.000     6.9664   3.423312     6.9576   3.422847      98.91     0.0287     2.9516     2.5982  32.665661  6.4072795   43.70882  -59.13106    33.8349    33.8385     6.9585     6.9497    26.5069    26.5109    6.23472    6.20968         25 0.0000e+00
       8438    351.553     88.000     7.0537   3.432875     7.0485   3.433051      84.40     0.0324     2.9657     2.6141  32.683517  6.4849229   43.70882  -59.13106    33.8535    33.8605     7.0457     7.0405    26.5096    26.5158    6.30234    6.27060         27 0.0000e+00
       8491    353.732     89.000     7.1877   3.447621     7.1855   3.447577      80.24     0.0311     2.9592     2.5958  32.646912  6.6689849   43.70882  -59.13107    33.8827    33.8851     7.1795     7.1772    26.5141    26.5163    6.04924    5.97066         79 0.0000e+00
       8550    356.206     90.000     7.6272   3.497074     7.5960   3.496759      98.68     0.0370     2.9185     2.5648  32.651245  6.8064327   43.70882  -59.13108    33.9890    34.0161     7.6186     7.5874    26.5357    26.5614    5.92349    6.01122         27 0.0000e+00
       8571    357.070     91.000     7.9240   3.530937     7.9074   3.531184      98.64     0.0393     2.9165     2.5746  32.680073  6.7771211   43.70882  -59.13108    34.0636    34.0823     7.9150     7.8985    26.5512    26.5684    5.91449    5.93860         20 0.0000e+00
       8592    357.942     92.000     8.4827   3.596014     8.4293   3.597221      63.69     0.0337     2.9151     2.5735  32.685047  6.7734942   43.70882  -59.13108    34.2122    34.2768     8.4732     8.4199    26.5833    26.6422    5.84443    5.81648         23 0.0000e+00
       8640    359.979     93.000     9.3489   3.696109     9.0477   3.663047      85.38     0.0306     2.9077     2.5607  32.412914  7.5749440   43.70882  -59.13108    34.4237    34.3690     9.3386     9.0377    26.6119    26.6172    5.69086    5.62685         67 0.0000e+00
       8715    363.080     94.000     9.6306   3.728885     9.4427   3.712758      99.45     0.0283     2.8912     2.5401  32.270763  8.3944321   43.70882  -59.13108    34.4923    34.5219     9.6201     9.4323    26.6198    26.6735    5.65352    5.61804         31 0.0000e+00
       8737    364.008     95.000     9.8059   3.749270     9.8087   3.750878      59.47     0.0305     2.8987     2.5524  32.313927  8.3631697   43.70882  -59.13108    34.5333    34.5468     9.7951     9.7980    26.6226    26.6326    5.68812    5.62122         22 0.0000e+00
       8759    364.936     96.000     9.9719   3.768760     9.9632   3.769399      91.96     0.0298     2.9057     2.5530  32.216450  8.4531422   43.70882  -59.13108    34.5735    34.5883     9.9609     9.9522    26.6259    26.6390    5.65824    5.54860         25 0.0000e+00
       8815    367.268     97.000    10.1543   3.790002    10.0728   3.782763      95.60     0.0264     2.8887     2.5307  32.162666  8.8842678   43.70882  -59.13109    34.6153    34.6193    10.1431    10.0616    26.6274    26.6444    5.51743    5.41544         60 0.0000e+00
       8885    370.155     98.000    10.3816   3.817444    10.3432   3.817107      60.17     0.0254     2.8590     2.5024  32.167583  9.3509197   43.70882  -59.13110    34.6763    34.7095    10.3700    10.3316    26.6357    26.6682    5.43858    5.34355         27 0.0000e+00
       8907    371.081     99.000    10.7244   3.859278    10.7416   3.862985      98.59     0.0290     2.8549     2.5007  32.240177  9.2902575   43.70882  -59.13110    34.7715    34.7930    10.7125    10.7299    26.6497    26.6635    5.40198    5.31610         21 0.0000e+00
       8929    372.021    100.000    10.9727   3.890132    10.9776   3.892299      98.63     0.0316     2.8521     2.4985  32.248604  9.2810345   43.70881  -59.13110    34.8442    34.8613    10.9605    10.9653    26.6618    26.6742    5.37087    5.26644         25 0.0000e+00
       8963    373.408    101.000    11.1193   3.908208    11.1185   3.909230      78.05     0.0274     2.8485     2.4925  32.099056  9.8506498   43.70881  -59.13110    34.8851    34.8939    11.1068    11.1062    26.6671    26.6738    5.34980    5.23640         46 0.0000e+00
       9028    376.146    102.000    11.2204   3.920789    11.2224   3.921144      76.79     0.0272     2.8404     2.4872  32.062759  10.465319   43.70880  -59.13110    34.9139    34.9159    11.2077    11.2097    26.6711    26.6724    5.32156    5.22142         62 0.0000e+00
       9064    377.615    103.000    11.2446   3.923907    11.2447   3.924220      99.28     0.0256     2.8387     2.4851  32.158955  10.407252   43.70880  -59.13110    34.9215    34.9245    11.2317    11.2319    26.6727    26.6749    5.32545    5.20896         24 0.0000e+00
       9085    378.520    104.000    11.2871   3.929494    11.2859   3.929694      90.18     0.0257     2.8384     2.4825  32.151852  10.458708   43.70880  -59.13110    34.9363    34.9394    11.2741    11.2729    26.6764    26.6790    5.32260    5.20037         22 0.0000e+00
       9108    379.444    105.000    11.3066   3.932026    11.3055   3.932059      61.51     0.0255     2.8387     2.4823  32.128735  10.635746   43.70880  -59.13110    34.9425    34.9439    11.2935    11.2923    26.6776    26.6789    5.32822    5.19927         23 0.0000e+00
       9133    380.513    106.000    11.3316   3.935284    11.3272   3.934930      81.93     0.0277     2.8389     2.4785  32.119900  10.711275   43.70880  -59.13110    34.9506    34.9513    11.3184    11.3139    26.6793    26.6807    5.30519    5.16781         28 0.0000e+00
       9167    381.907    107.000    11.3652   3.939612    11.3732   3.940861      65.89     0.0229     2.8316     2.4719  32.102936  10.893930   43.70880  -59.13110    34.9613    34.9661    11.3518    11.3598    26.6815    26.6837    5.27200    5.14973         40 0.0000e+00
       9208    383.640    108.000    11.3940   3.943316    11.3941   3.943422      99.77     0.0228     2.8235     2.4663  32.199154  10.962587   43.70880  -59.13110    34.9702    34.9711    11.3804    11.3806    26.6831    26.6838    5.26075    5.13838         39 0.0000e+00
       9241    385.017    109.000    11.4214   3.947058    11.4228   3.947334      59.22     0.0260     2.8203     2.4607  32.228489  10.994981   43.70880  -59.13110    34.9809    34.9823    11.4076    11.4091    26.6864    26.6872    5.25477    5.11233         28 0.0000e+00
       9266    386.035    110.000    11.4857   3.956036    11.4824   3.956722      99.10     0.0230     2.8172     2.4569  32.240604  11.009988   43.70880  -59.13110    35.0083    35.0182    11.4718    11.4685    26.6958    26.7041    5.24160    5.10735         22 0.0000e+00
       9288    386.942    111.000    11.6169   3.973629    11.6138   3.973673      98.63     0.0264     2.8152     2.4558  32.225700  11.089206   43.70880  -59.13110    35.0573    35.0607    11.6028    11.5996    26.7095    26.7127    5.22430    5.09950         22 0.0000e+00
       9311    387.898    112.000    11.6332   3.975733    11.6320   3.975650      62.53     0.0233     2.8134     2.4558  32.218456  11.125505   43.70879  -59.13110    35.0622    35.0625    11.6189    11.6177    26.7102    26.7107    5.22531    5.09860         25 0.0000e+00
       9339    389.072    113.000    11.6846   3.982459    11.6800   3.982238      92.49     0.0242     2.8122     2.4544  32.205486  11.262691   43.70878  -59.13110    35.0793    35.0814    11.6702    11.6656    26.7139    26.7164    5.21147    5.07865         32 0.0000e+00
       9375    390.592    114.000    11.7283   3.988125    11.7284   3.988132      77.36     0.0239     2.8069     2.4487  32.222046  11.349977   43.70878  -59.13111    35.0933    35.0932    11.7137    11.7138    26.7166    26.7165    5.18322    5.04561         38 0.0000e+00
       9410    392.023    115.000    11.7414   3.989990    11.7410   3.989928      88.96     0.0193     2.8005     2.4424  32.256954  11.410913   43.70878  -59.13112    35.0988    35.0985    11.7266    11.7263    26.7184    26.7183    5.17229    5.03544         31 0.0000e+00
       9438    393.201    116.000    11.7561   3.992265    11.7558   3.992214      98.57     0.0176     2.7976     2.4392  32.282829  11.461659   43.70878  -59.13112    35.1068    35.1066    11.7412    11.7409    26.7219    26.7218    5.17848    5.03946         27 0.0000e+00
