data/CTD/2014/CNV/d017a040.cnv
* Sea-Bird SBE 9 Data File:
* FileName = C:\CTD_ACQUISITION\2014017HUD\ctddata\017A040.hdr
* Software Version Seasave V 7.22.2
* Temperature SN = 5081
* Conductivity SN = 3561
* Number of Bytes Per Scan = 37
* Number of Voltage Words = 4
* Number of Scans Averaged by the Deck Unit = 1
* NMEA Latitude = 48 09.86 N
* NMEA Longitude = 046 24.35 W
* NMEA UTC (Time) = Jul 10 2014 03:17:53
* NMEA baud rate = 9600
** Ship: Hudson
** Cruise: HUD2014017
** Chief_Scientist: Blair Greenan
** Organization: BIO
** Area_of_Operation: Sackville Spur
** Station: 040
** Sounding:  1106
** Event_Comments: SS_14, 403229
# nquan = 25
# nvalues = 1132                        
# units = specified
# name 0 = scan: Scan Count
# name 1 = timeS: Time, Elapsed [seconds]
# name 2 = prDM: Pressure, Digiquartz [db]
# name 3 = t068C: Temperature [ITS-68, deg C]
# name 4 = c0S/m: Conductivity [S/m]
# name 5 = t168C: Temperature, 2 [ITS-68, deg C]
# name 6 = c1S/m: Conductivity, 2 [S/m]
# name 7 = altM: Altimeter [m]
# name 8 = flC: Fluorescence, Chelsea Aqua 3 Chl Con [ug/l]
# name 9 = sbeox0V: Oxygen raw, SBE 43 [V]
# name 10 = sbeox1V: Oxygen raw, SBE 43, 2 [V]
# name 11 = upoly0: Upoly 0, Optode 4330F - O2 D-Phase
# name 12 = upoly1: Upoly 1, Optode 4330F - O2 Temp
# name 13 = latitude: Latitude [deg]
# name 14 = longitude: Longitude [deg]
# name 15 = sal00: Salinity, Practical [PSU]
# name 16 = sal11: Salinity, Practical, 2 [PSU]
# name 17 = potemp068C: Potential Temperature [ITS-68, deg C]
# name 18 = potemp168C: Potential Temperature, 2 [ITS-68, deg C]
# name 19 = sigma-é00: Density [sigma-theta, Kg/m^3]
# name 20 = sigma-é11: Density, 2 [sigma-theta, Kg/m^3]
# name 21 = sbeox0ML/L: Oxygen, SBE 43 [ml/l], WS = 2
# name 22 = sbeox1ML/L: Oxygen, SBE 43, 2 [ml/l], WS = 2
# name 23 = nbin: number of scans per bin
# name 24 = flag: flag
# span 0 =       2725,      32949       
# span 1 =    113.485,   1372.822       
# span 2 =      1.000,   1132.000       
# span 3 =    -1.1448,     7.5250       
# span 4 =   2.676037,   3.367137       
# span 5 =    -1.1451,     7.5243       
# span 6 =   2.675912,   3.367012       
# span 7 =      -6.36,     102.13       
# span 8 =     0.0096,     0.0937       
# span 9 =     2.5320,     3.4752       
# span 10 =     2.2386,     2.9848      
# span 11 =  30.453793,  34.606640      
# span 12 = -1.0173261,  7.5649972      
# span 13 =   48.16310,   48.16426      
# span 14 =  -46.40578,  -46.40522      
# span 15 =    32.7272,    34.9077      
# span 16 =    32.7264,    34.9073      
# span 17 =    -1.1460,     7.5249      
# span 18 =    -1.1462,     7.5242      
# span 19 =    25.5571,    27.7552      
# span 20 =    25.5566,    27.7549      
# span 21 =    6.27527,    8.63276      
# span 22 =    6.27055,    8.62786      
# span 23 =         12,         82      
# span 24 = 0.0000e+00, 0.0000e+00      
# interval = decibars: 1                
# start_time = Jul 10 2014 03:17:53 [NMEA time, header]
# bad_flag = -9.990e-29
*END*
[from data line 522]
      18236    759.777    523.000     3.8342   3.252473     3.8340   3.252384      94.96     0.0139     2.8000     2.4729  33.717480  3.8395624   48.16336  -46.40555    34.8601    34.8592     3.7969     3.7967    27.6960    27.6954    6.56209    6.57690         43 0.0000e+00
      18271    761.262    524.000     3.8287   3.251967     3.8279   3.251833      98.77     0.0151     2.8011     2.4738  33.714447  3.8396904   48.16336  -46.40556    34.8594    34.8586     3.7913     3.7905    27.6960    27.6955    6.56675    6.58075         27 0.0000e+00
      18293    762.165    525.000     3.8245   3.251603     3.8252   3.251621      93.89     0.0149     2.8028     2.4747  33.718521  3.8395350   48.16336  -46.40556    34.8589    34.8584     3.7871     3.7878    27.6961    27.6956    6.57594    6.58829         19 0.0000e+00
      18310    762.888    526.000     3.8178   3.250991     3.8175   3.250855      90.57     0.0167     2.8031     2.4757  33.721577  3.8400431   48.16336  -46.40556    34.8583    34.8569     3.7803     3.7800    27.6963    27.6952    6.57083    6.58865         16 0.0000e+00
      18327    763.565    527.000     3.8090   3.250157     3.8084   3.250002      98.66     0.0181     2.8033     2.4757  33.721611  3.8394363   48.16336  -46.40556    34.8571    34.8559     3.7715     3.7709    27.6962    27.6953    6.56993    6.58163         16 0.0000e+00
      18344    764.291    528.000     3.8034   3.249639     3.8028   3.249518      91.87     0.0171     2.8034     2.4753  33.722382  3.8318322   48.16336  -46.40556    34.8564    34.8556     3.7658     3.7652    27.6962    27.6957    6.57340    6.57791         19 0.0000e+00
      18366    765.188    529.000     3.8016   3.249497     3.8015   3.249440      96.80     0.0183     2.8034     2.4747  33.722202  3.8303154   48.16336  -46.40556    34.8561    34.8555     3.7640     3.7639    27.6962    27.6957    6.56446    6.57314         25 0.0000e+00
      18393    766.352    530.000     3.8006   3.249448     3.8005   3.249383      98.67     0.0222     2.8017     2.4734  33.721088  3.8155522   48.16336  -46.40556    34.8560    34.8553     3.7629     3.7628    27.6962    27.6957    6.54778    6.56869         29 0.0000e+00
      18421    767.494    531.000     3.7994   3.249374     3.7993   3.249309      91.55     0.0240     2.7996     2.4719  33.720474  3.8106799   48.16336  -46.40554    34.8559    34.8552     3.7616     3.7615    27.6962    27.6957    6.54479    6.55731         26 0.0000e+00
      18444    768.476    532.000     3.7981   3.249307     3.7987   3.249343      98.62     0.0226     2.7983     2.4704  33.711643  3.8107448   48.16336  -46.40554    34.8560    34.8558     3.7602     3.7608    27.6964    27.6962    6.55348    6.56156         22 0.0000e+00
      18466    769.364    533.000     3.8140   3.251002     3.8144   3.251085      98.63     0.0183     2.7981     2.4700  33.713219  3.8107448   48.16336  -46.40554    34.8587    34.8593     3.7760     3.7764    27.6970    27.6975    6.55336    6.56828         21 0.0000e+00
      18487    770.252    534.000     3.8249   3.252218     3.8249   3.252206      69.26     0.0164     2.7977     2.4703  33.709045  3.8068326   48.16336  -46.40556    34.8611    34.8609     3.7868     3.7868    27.6978    27.6977    6.54292    6.57245         22 0.0000e+00
      18511    771.253    535.000     3.8326   3.253078     3.8316   3.252942      92.95     0.0183     2.7961     2.4705  33.709763  3.8044009   48.16336  -46.40556    34.8626    34.8621     3.7944     3.7934    27.6982    27.6979    6.53722    6.56519         26 0.0000e+00
      18538    772.367    536.000     3.8328   3.253169     3.8323   3.253065      98.70     0.0198     2.7947     2.4695  33.708065  3.8172817   48.16336  -46.40554    34.8629    34.8622     3.7945     3.7940    27.6985    27.6980    6.53571    6.55439         26 0.0000e+00
      18562    773.358    537.000     3.8317   3.253112     3.8312   3.253013      89.92     0.0154     2.7943     2.4687  33.706932  3.8201203   48.16336  -46.40554    34.8629    34.8623     3.7934     3.7928    27.6986    27.6982    6.54564    6.56038         21 0.0000e+00
      18581    774.185    538.000     3.8317   3.253171     3.8322   3.253185      97.54     0.0149     2.7940     2.4686  33.707748  3.8263028   48.16336  -46.40554    34.8631    34.8627     3.7933     3.7938    27.6987    27.6984    6.54613    6.56336         19 0.0000e+00
      18600    774.940    539.000     3.8324   3.253295     3.8322   3.253239      98.64     0.0161     2.7942     2.4685  33.710224  3.8302960   48.16336  -46.40554    34.8633    34.8628     3.7939     3.7937    27.6989    27.6985    6.54727    6.56092         18 0.0000e+00
      18619    775.734    540.000     3.8367   3.253813     3.8361   3.253724      98.63     0.0152     2.7939     2.4680  33.707706  3.8302808   48.16336  -46.40555    34.8644    34.8639     3.7981     3.7991    27.6993    27.6990    6.54529    6.55724         21 0.0000e+00
      18643    776.769    541.000     3.8402   3.254219     3.8398   3.254133      92.19     0.0175     2.7937     2.4677  33.707890  3.8302808   48.16336  -46.40555    34.8650    34.8643     3.8014     3.8021    27.6994    27.6989    6.54234    6.56137         31 0.0000e+00
      18679    778.237    542.000     3.8353   3.253776     3.8342   3.253591      51.53     0.0192     2.7929     2.4673  33.707371  3.8302808   48.16336  -46.40554    34.8643    34.8633     3.7965     3.7954    27.6994    27.6987    6.54351    6.55810         34 0.0000e+00
      18706    779.371    543.000     3.8281   3.253097     3.8282   3.253036      90.49     0.0219     2.7925     2.4664  33.709827  3.8302808   48.16336  -46.40556    34.8634    34.8626     3.7893     3.7894    27.6994    27.6987    6.54570    6.55158         21 0.0000e+00
      18724    780.141    544.000     3.8265   3.252980     3.8262   3.252893      97.24     0.0188     2.7929     2.4658  33.708660  3.8320401   48.16336  -46.40556    34.8632    34.8625     3.7876     3.7873    27.6994    27.6989    6.54372    6.55122         17 0.0000e+00
      18740    780.801    545.000     3.8252   3.252893     3.8241   3.252720      96.87     0.0157     2.7920     2.4650  33.710896  3.8335583   48.16336  -46.40555    34.8630    34.8621     3.7863     3.7852    27.6994    27.6988    6.54170    6.55912         15 0.0000e+00
      18756    781.460    546.000     3.8220   3.252607     3.8217   3.252531      83.62     0.0146     2.7916     2.4656  33.712997  3.8337288   48.16336  -46.40554    34.8624    34.8618     3.7830     3.7827    27.6993    27.6988    6.54737    6.56963         17 0.0000e+00
      18775    782.247    547.000     3.8192   3.252375     3.8194   3.252325      97.68     0.0150     2.7915     2.4659  33.715542  3.8303814   48.16338  -46.40554    34.8621    34.8613     3.7802     3.7803    27.6993    27.6986    6.55098    6.57168         22 0.0000e+00
      18806    783.531    548.000     3.8155   3.252042     3.8169   3.252140      87.83     0.0157     2.7932     2.4671  33.718941  3.8276887   48.16338  -46.40556    34.8616    34.8612     3.7763     3.7778    27.6993    27.6988    6.57805    6.58416         38 0.0000e+00
      18839    784.912    549.000     3.8174   3.252280     3.8174   3.252237      52.44     0.0190     2.7959     2.4686  33.721729  3.8202026   48.16338  -46.40556    34.8618    34.8613     3.7782     3.7782    27.6993    27.6989    6.58873    6.58881         26 0.0000e+00
      18861    785.816    550.000     3.8158   3.252162     3.8153   3.252034      98.79     0.0205     2.7983     2.4695  33.721611  3.8205128   48.16338  -46.40556    34.8616    34.8606     3.7765     3.7760    27.6992    27.6986    6.58808    6.59205         20 0.0000e+00
      18879    786.597    551.000     3.8006   3.250654     3.8030   3.250723      98.63     0.0193     2.7985     2.4702  33.721611  3.8205128   48.16338  -46.40556    34.8593    34.8575     3.7613     3.7637    27.6990    27.6973    6.58558    6.58679         18 0.0000e+00
      18898    787.392    552.000     3.7735   3.247998     3.7741   3.247885      86.89     0.0191     2.7995     2.4695  33.720882  3.8205128   48.16338  -46.40556    34.8559    34.8538     3.7342     3.7349    27.6990    27.6973    6.59876    6.58473         20 0.0000e+00
      18921    788.338    553.000     3.7576   3.246427     3.7560   3.246154      97.92     0.0178     2.8004     2.4695  33.721600  3.8153419   48.16338  -46.40554    34.8535    34.8519     3.7183     3.7168    27.6988    27.6976    6.59632    6.60124         26 0.0000e+00
      18949    789.487    554.000     3.7452   3.245231     3.7453   3.245183      98.64     0.0175     2.8005     2.4711  33.721611  3.8131721   48.16338  -46.40556    34.8519    34.8511     3.7060     3.7061    27.6987    27.6981    6.59587    6.61959         28 0.0000e+00
      18974    790.548    555.000     3.7466   3.245409     3.7462   3.245326      87.27     0.0154     2.8006     2.4719  33.721611  3.7859576   48.16338  -46.40556    34.8520    34.8514     3.7072     3.7069    27.6987    27.6982    6.59778    6.61025         23 0.0000e+00
      18995    791.418    556.000     3.7447   3.245267     3.7449   3.245221      98.65     0.0141     2.8011     2.4722  33.721611  3.7860677   48.16338  -46.40556    34.8518    34.8510     3.7052     3.7055    27.6987    27.6981    6.59762    6.60709         19 0.0000e+00
      19014    792.223    557.000     3.7403   3.244870     3.7414   3.244921      98.63     0.0176     2.8005     2.4717  33.721611  3.7688723   48.16338  -46.40556    34.8512    34.8506     3.7008     3.7020    27.6987    27.6981    6.58660    6.60745         20 0.0000e+00
      19035    793.081    558.000     3.7354   3.244426     3.7406   3.244895      92.23     0.0169     2.7994     2.4721  33.721611  3.7620876   48.16338  -46.40556    34.8505    34.8506     3.6959     3.7011    27.6986    27.6982    6.59428    6.61340         22 0.0000e+00
      19059    794.080    559.000     3.7328   3.244218     3.7306   3.243923      90.80     0.0144     2.7997     2.4720  33.717762  3.7589719   48.16338  -46.40554    34.8503    34.8491     3.6932     3.6911    27.6987    27.6980    6.59546    6.61437         26 0.0000e+00
      19086    795.212    560.000     3.7284   3.243815     3.7279   3.243714      89.63     0.0129     2.7992     2.4723  33.711823  3.7550175   48.16338  -46.40554    34.8497    34.8490     3.6887     3.6883    27.6987    27.6982    6.60302    6.61502         27 0.0000e+00
      19113    796.337    561.000     3.7279   3.243825     3.7269   3.243676      97.48     0.0169     2.8005     2.4720  33.717793  3.7528410   48.16336  -46.40554    34.8498    34.8491     3.6882     3.6871    27.6988    27.6984    6.61351    6.61803         26 0.0000e+00
      19137    797.323    562.000     3.7280   3.243901     3.7277   3.243825      98.65     0.0210     2.8010     2.4727  33.717613  3.7521284   48.16336  -46.40554    34.8500    34.8495     3.6882     3.6879    27.6990    27.6986    6.60845    6.62907         22 0.0000e+00
      19157    798.163    563.000     3.7260   3.243745     3.7261   3.243697      90.46     0.0172     2.8010     2.4736  33.716221  3.7454851   48.16338  -46.40554    34.8497    34.8491     3.6862     3.6863    27.6990    27.6984    6.61181    6.63036         19 0.0000e+00
      19175    798.935    564.000     3.7236   3.243553     3.7237   3.243527      91.28     0.0124     2.8014     2.4738  33.712666  3.7423778   48.16338  -46.40554    34.8495    34.8491     3.6836     3.6838    27.6991    27.6987    6.61446    6.62915         18 0.0000e+00
      19195    799.744    565.000     3.7228   3.243518     3.7242   3.243610      98.58     0.0155     2.8013     2.4741  33.716003  3.7409832   48.16338  -46.40554    34.8494    34.8490     3.6828     3.6842    27.6990    27.6986    6.60515    6.62848         21 0.0000e+00
      19219    800.748    566.000     3.7076   3.242028     3.7078   3.241960      90.22     0.0180     2.8009     2.4741  33.704086  3.7327840   48.16338  -46.40555    34.8472    34.8459     3.6676     3.6678    27.6989    27.6978    6.61267    6.62763         28 0.0000e+00
      19248    801.946    567.000     3.6992   3.241258     3.6992   3.241177      73.49     0.0207     2.8014     2.4733  33.711494  3.7292604   48.16338  -46.40556    34.8464    34.8455     3.6592     3.6617    27.6990    27.6984    6.61883    6.62106         27 0.0000e+00
      19272    802.955    568.000     3.6969   3.241055     3.6979   3.241111      99.05     0.0203     2.8011     2.4726  33.712303  3.7227228   48.16338  -46.40556    34.8459    34.8456     3.6568     3.6577    27.6989    27.6985    6.61560    6.62411         22 0.0000e+00
      19292    803.782    569.000     3.6984   3.241268     3.6980   3.241182      98.64     0.0200     2.8012     2.4724  33.712357  3.7213087   48.16338  -46.40555    34.8464    34.8458     3.6582     3.6578    27.6992    27.6987    6.61361    6.62775         19 0.0000e+00
      19310    804.562    570.000     3.7009   3.241571     3.7005   3.241495      82.81     0.0185     2.8008     2.4724  33.714607  3.7132916   48.16338  -46.40554    34.8468    34.8463     3.6606     3.6603    27.6992    27.6988    6.61331    6.62818         19 0.0000e+00
      19331    805.402    571.000     3.7019   3.241709     3.7007   3.241538      98.36     0.0172     2.8004     2.4722  33.711891  3.7130647   48.16338  -46.40554    34.8468    34.8461     3.6616     3.6604    27.6991    27.6987    6.61285    6.62428         21 0.0000e+00
      19355    806.437    572.000     3.6967   3.241268     3.6966   3.241213      98.63     0.0170     2.7999     2.4716  33.693882  3.7085311   48.16336  -46.40554    34.8467    34.8460     3.6561     3.6562    27.6996    27.6990    6.61029    6.62368         28 0.0000e+00
      19383    807.597    573.000     3.6990   3.241591     3.6987   3.241524      85.96     0.0178     2.7998     2.4711  33.691097  3.7073958   48.16336  -46.40554    34.8475    34.8470     3.6585     3.6609    27.7000    27.6996    6.61418    6.62503         26 0.0000e+00
      19407    808.603    574.000     3.7012   3.241865     3.7010   3.241803      98.87     0.0157     2.7990     2.4711  33.687782  3.7088449   48.16336  -46.40554    34.8479    34.8474     3.6606     3.6604    27.7001    27.6997    6.61181    6.63087         23 0.0000e+00
      19430    809.533    575.000     3.7029   3.242103     3.7026   3.242037      84.74     0.0182     2.7991     2.4714  33.687214  3.7067125   48.16336  -46.40554    34.8484    34.8479     3.6622     3.6620    27.7003    27.7000    6.61296    6.63170         23 0.0000e+00
      19454    810.555    576.000     3.7037   3.242238     3.7032   3.242137      98.25     0.0204     2.7984     2.4715  33.686359  3.7062047   48.16336  -46.40554    34.8486    34.8480     3.6630     3.6624    27.7004    27.7000    6.60409    6.63636         27 0.0000e+00
      19483    811.751    577.000     3.7051   3.242445     3.7045   3.242326      96.93     0.0179     2.7969     2.4722  33.687088  3.7064412   48.16336  -46.40555    34.8490    34.8483     3.6643     3.6636    27.7006    27.7001    6.60055    6.63590         28 0.0000e+00
      19507    812.750    578.000     3.7048   3.242455     3.7045   3.242382      83.86     0.0171     2.7964     2.4719  33.686432  3.7077181   48.16336  -46.40556    34.8490    34.8484     3.6639     3.6636    27.7006    27.7002    6.60199    6.62800         20 0.0000e+00
      19524    813.458    579.000     3.7050   3.242525     3.7046   3.242447      98.64     0.0146     2.7956     2.4715  33.686447  3.7059014   48.16336  -46.40556    34.8491    34.8485     3.6640     3.6636    27.7007    27.7003    6.60182    6.62796         15 0.0000e+00
