data/CTD/2014/CNV/d017a038.cnv
* Sea-Bird SBE 9 Data File:
* FileName = C:\CTD_ACQUISITION\2014017HUD\ctddata\017A038.hdr
* Software Version Seasave V 7.22.2
* Temperature SN = 5081
* Conductivity SN = 3561
* Number of Bytes Per Scan = 37
* Number of Voltage Words = 4
* Number of Scans Averaged by the Deck Unit = 1
* NMEA Latitude = 48 18.52 N
* NMEA Longitude = 046 32.68 W
* NMEA UTC (Time) = Jul 10 2014 00:23:02
* NMEA baud rate = 9600
** Ship: Hudson
** Cruise: HUD2014017
** Chief_Scientist: Blair Greenan
** Organization: BIO
** Area_of_Operation: Sackville Spur
** Station: 038
** Sounding:  1034
** Event_Comments: SS_11, 403223
# nquan = 25
# nvalues = 1050                        
# units = specified
# name 0 = scan: Scan Count
# name 1 = timeS: Time, Elapsed [seconds]
# name 2 = prDM: Pressure, Digiquartz [db]
# name 3 = t068C: Temperature [ITS-68, deg C]
# name 4 = c0S/m: Conductivity [S/m]
# name 5 = t168C: Temperature, 2 [ITS-68, deg C]
# name 6 = c1S/m: Conductivity, 2 [S/m]
# name 7 = altM: Altimeter [m]
# name 8 = flC: Fluorescence, Chelsea Aqua 3 Chl Con [ug/l]
# name 9 = sbeox0V: Oxygen raw, SBE 43 [V]
# name 10 = sbeox1V: Oxygen raw, SBE 43, 2 [V]
# name 11 = upoly0: Upoly 0, Optode 4330F - O2 D-Phase
# name 12 = upoly1: Upoly 1, Optode 4330F - O2 Temp
# name 13 = latitude: Latitude [deg]
# name 14 = longitude: Longitude [deg]
# name 15 = sal00: Salinity, Practical [PSU]
# name 16 = sal11: Salinity, Practical, 2 [PSU]
# name 17 = potemp068C: Potential Temperature [ITS-68, deg C]
# name 18 = potemp168C: Potential Temperature, 2 [ITS-68, deg C]
# name 19 = sigma-é00: Density [sigma-theta, Kg/m^3]
# name 20 = sigma-é11: Density, 2 [sigma-theta, Kg/m^3]
# name 21 = sbeox0ML/L: Oxygen, SBE 43 [ml/l], WS = 2
# name 22 = sbeox1ML/L: Oxygen, SBE 43, 2 [ml/l], WS = 2
# name 23 = nbin: number of scans per bin
# name 24 = flag: flag
# span 0 =       6500,      35622       
# span 1 =    270.781,   1484.216       
# span 2 =      1.000,   1050.000       
# span 3 =    -1.2425,     7.7889       
# span 4 =   2.664490,   3.392440       
# span 5 =    -1.2391,     7.7890       
# span 6 =   2.664633,   3.392404       
# span 7 =       3.60,     126.19       
# span 8 =     0.0087,     0.0893       
# span 9 =     2.5882,     3.5765       
# span 10 =     2.2849,     3.0623      
# span 11 =  30.424816,  34.455383      
# span 12 = -0.9912657,  7.8273149      
# span 13 =   48.30790,   48.30950      
# span 14 =  -46.54275,  -46.53866      
# span 15 =    32.7494,    34.8942      
# span 16 =    32.7269,    34.8937      
# span 17 =    -1.2433,     7.7886      
# span 18 =    -1.2398,     7.7888      
# span 19 =    25.5377,    27.7396      
# span 20 =    25.5372,    27.7393      
# span 21 =    6.37372,    8.82626      
# span 22 =    6.36624,    8.72119      
# span 23 =         13,         88      
# span 24 = 0.0000e+00, 0.0000e+00      
# interval = decibars: 1                
# start_time = Jul 10 2014 00:23:02 [NMEA time, header]
# bad_flag = -9.990e-29
*END*
[from data line 464]
      20026    834.386    465.000     3.8659   3.252049     3.8657   3.251984      95.91     0.0150     2.8256     2.4945  33.570744  3.8595848   48.30918  -46.53962    34.8523    34.8516     3.8328     3.8326    27.6861    27.6856    6.56474    6.58471         28 0.0000e+00
      20060    835.809    466.000     3.8655   3.252113     3.8651   3.252030      98.64     0.0175     2.8247     2.4944  33.576748  3.8595848   48.30917  -46.53961    34.8529    34.8523     3.8323     3.8320    27.6866    27.6862    6.56140    6.58252         37 0.0000e+00
      20093    837.171    467.000     3.8648   3.252140     3.8648   3.252077      98.64     0.0162     2.8243     2.4942  33.590759  3.8595848   48.30916  -46.53960    34.8534    34.8527     3.8316     3.8316    27.6871    27.6865    6.56763    6.57998         27 0.0000e+00
      20117    838.148    468.000     3.8637   3.252095     3.8636   3.252048      38.33     0.0144     2.8240     2.4934  33.595085  3.8595848   48.30916  -46.53958    34.8535    34.8531     3.8304     3.8303    27.6873    27.6870    6.56069    6.57821         22 0.0000e+00
      20138    839.021    469.000     3.8648   3.252275     3.8646   3.252218      72.47     0.0142     2.8233     2.4933  33.597073  3.8605618   48.30916  -46.53956    34.8540    34.8535     3.8314     3.8312    27.6876    27.6873    6.56568    6.58374         20 0.0000e+00
      20159    839.907    470.000     3.8669   3.252545     3.8664   3.252459      98.98     0.0115     2.8236     2.4933  33.597069  3.8604717   48.30915  -46.53956    34.8544    34.8539     3.8334     3.8330    27.6877    27.6874    6.56938    6.58113         22 0.0000e+00
      20182    840.869    471.000     3.8670   3.252607     3.8675   3.252628      58.91     0.0133     2.8237     2.4930  33.591541  3.8595908   48.30914  -46.53956    34.8545    34.8542     3.8334     3.8340    27.6878    27.6875    6.56785    6.58194         25 0.0000e+00
      20208    841.951    472.000     3.8677   3.252721     3.8678   3.252686      84.83     0.0185     2.8233     2.4931  33.592339  3.8606048   48.30914  -46.53955    34.8546    34.8541     3.8341     3.8342    27.6878    27.6874    6.56586    6.59018         28 0.0000e+00
      20239    843.229    473.000     3.8672   3.252725     3.8668   3.252646      95.10     0.0184     2.8232     2.4940  33.604198  3.8596020   48.30912  -46.53952    34.8546    34.8541     3.8335     3.8331    27.6879    27.6875    6.56959    6.58963         33 0.0000e+00
      20272    844.628    474.000     3.8672   3.252807     3.8670   3.252734      56.43     0.0221     2.8229     2.4932  33.595119  3.8608871   48.30912  -46.53951    34.8550    34.8544     3.8335     3.8332    27.6882    27.6878    6.56509    6.57971         31 0.0000e+00
      20299    845.739    475.000     3.8667   3.252831     3.8665   3.252755      99.74     0.0208     2.8228     2.4926  33.590244  3.8604231   48.30911  -46.53950    34.8553    34.8546     3.8329     3.8339    27.6885    27.6880    6.57318    6.58305         23 0.0000e+00
      20319    846.572    476.000     3.8662   3.252830     3.8659   3.252756      25.43     0.0177     2.8234     2.4926  33.602089  3.8617706   48.30910  -46.53950    34.8554    34.8548     3.8322     3.8319    27.6886    27.6882    6.57296    6.59012         18 0.0000e+00
      20336    847.303    477.000     3.8653   3.252812     3.8653   3.252754      23.04     0.0130     2.8225     2.4931  33.607933  3.8653848   48.30910  -46.53948    34.8555    34.8549     3.8314     3.8313    27.6888    27.6883    6.57535    6.59340         17 0.0000e+00
      20354    848.061    478.000     3.8649   3.252842     3.8648   3.252772      98.65     0.0114     2.8238     2.4931  33.609524  3.8634949   48.30910  -46.53948    34.8558    34.8551     3.8309     3.8308    27.6891    27.6885    6.58425    6.58900         20 0.0000e+00
      20380    849.127    479.000     3.8637   3.252833     3.8634   3.252748      93.04     0.0128     2.8241     2.4928  33.618374  3.8606396   48.30910  -46.53946    34.8564    34.8557     3.8296     3.8293    27.6898    27.6892    6.57821    6.58896         35 0.0000e+00
      20424    850.962    480.000     3.8619   3.252751     3.8619   3.252707      66.68     0.0170     2.8241     2.4927  33.627506  3.8602540   48.30908  -46.53945    34.8568    34.8563     3.8277     3.8277    27.6902    27.6898    6.58065    6.59161         43 0.0000e+00
      20455    852.259    481.000     3.8593   3.252551     3.8604   3.252600      99.29     0.0172     2.8241     2.4929  33.627613  3.8608174   48.30908  -46.53942    34.8567    34.8561     3.8250     3.8261    27.6904    27.6899    6.57491    6.59219         24 0.0000e+00
      20477    853.169    482.000     3.8524   3.251934     3.8533   3.251936      31.03     0.0160     2.8236     2.4926  33.619030  3.8633120   48.30908  -46.53942    34.8561    34.8552     3.8181     3.8190    27.6906    27.6899    6.57784    6.59197         21 0.0000e+00
      20499    854.070    483.000     3.8498   3.251715     3.8498   3.251650      97.46     0.0172     2.8234     2.4924  33.619049  3.8613136   48.30906  -46.53940    34.8557    34.8550     3.8155     3.8154    27.6906    27.6901    6.57554    6.59491         23 0.0000e+00
      20525    855.186    484.000     3.8475   3.251532     3.8471   3.251438      98.64     0.0168     2.8226     2.4926  33.619049  3.8605449   48.30906  -46.53940    34.8555    34.8548     3.8131     3.8127    27.6907    27.6902    6.57103    6.59491         31 0.0000e+00
      20556    856.452    485.000     3.8470   3.251529     3.8467   3.251446      44.01     0.0175     2.8212     2.4916  33.619049  3.8547180   48.30906  -46.53938    34.8554    34.8548     3.8125     3.8122    27.6907    27.6902    6.56895    6.58607         27 0.0000e+00
      20579    857.427    486.000     3.8465   3.251536     3.8464   3.251473      62.94     0.0184     2.8210     2.4913  33.619049  3.8497622   48.30904  -46.53938    34.8555    34.8549     3.8120     3.8118    27.6908    27.6903    6.57396    6.59099         21 0.0000e+00
      20598    858.212    487.000     3.8451   3.251465     3.8451   3.251400      98.01     0.0210     2.8207     2.4910  33.619049  3.8498168   48.30904  -46.53938    34.8556    34.8548     3.8105     3.8105    27.6910    27.6904    6.57367    6.58697         18 0.0000e+00
      20616    858.967    488.000     3.8428   3.251319     3.8429   3.251272      45.73     0.0181     2.8202     2.4901  33.619049  3.8498168   48.30904  -46.53936    34.8558    34.8551     3.8081     3.8082    27.6914    27.6909    6.57345    6.58713         18 0.0000e+00
      20640    859.938    489.000     3.8423   3.251332     3.8422   3.251279      80.61     0.0163     2.8201     2.4903  33.619049  3.8495357   48.30904  -46.53935    34.8559    34.8554     3.8075     3.8074    27.6916    27.6912    6.57604    6.59694         32 0.0000e+00
      20691    862.070    490.000     3.8422   3.251386     3.8420   3.251320      69.87     0.0128     2.8197     2.4908  33.615326  3.8488264   48.30902  -46.53933    34.8561    34.8557     3.8074     3.8071    27.6918    27.6914    6.57612    6.59743         54 0.0000e+00
      20723    863.429    491.000     3.8415   3.251410     3.8413   3.251347      99.19     0.0181     2.8193     2.4907  33.604160  3.8498354   48.30902  -46.53932    34.8567    34.8561     3.8065     3.8064    27.6923    27.6919    6.57252    6.59716         22 0.0000e+00
      20743    864.246    492.000     3.8410   3.251420     3.8409   3.251364      98.64     0.0175     2.8186     2.4907  33.608547  3.8498168   48.30900  -46.53930    34.8568    34.8563     3.8060     3.8058    27.6925    27.6921    6.57127    6.59911         18 0.0000e+00
      20760    864.973    493.000     3.8406   3.251437     3.8405   3.251381      44.36     0.0191     2.8184     2.4908  33.618965  3.8498168   48.30900  -46.53930    34.8569    34.8563     3.8055     3.8054    27.6926    27.6921    6.57521    6.59792         18 0.0000e+00
      20778    865.715    494.000     3.8399   3.251412     3.8401   3.251375      70.99     0.0168     2.8185     2.4905  33.619049  3.8498168   48.30900  -46.53929    34.8568    34.8562     3.8047     3.8049    27.6926    27.6921    6.57767    6.59444         18 0.0000e+00
      20799    866.564    495.000     3.8396   3.251419     3.8396   3.251370      98.01     0.0143     2.8184     2.4898  33.619671  3.8431785   48.30900  -46.53928    34.8567    34.8561     3.8044     3.8043    27.6925    27.6921    6.57637    6.58327         23 0.0000e+00
      20826    867.727    496.000     3.8393   3.251432     3.8392   3.251378      62.44     0.0130     2.8176     2.4881  33.619083  3.8402085   48.30900  -46.53928    34.8566    34.8560     3.8040     3.8039    27.6925    27.6921    6.57226    6.58120         35 0.0000e+00
      20870    869.547    497.000     3.8388   3.251414     3.8387   3.251366      96.46     0.0177     2.8173     2.4864  33.619049  3.8400488   48.30898  -46.53926    34.8564    34.8559     3.8035     3.8033    27.6924    27.6920    6.57532    6.58066         47 0.0000e+00
      20908    871.143    498.000     3.8391   3.251479     3.8386   3.251409      38.34     0.0131     2.8163     2.4853  33.619049  3.8400488   48.30898  -46.53924    34.8564    34.8560     3.8036     3.8043    27.6924    27.6921    6.57118    6.57521         28 0.0000e+00
      20931    872.065    499.000     3.8377   3.251425     3.8375   3.251359      83.40     0.0141     2.8168     2.4843  33.619839  3.8400488   48.30896  -46.53922    34.8566    34.8560     3.8022     3.8020    27.6927    27.6923    6.57999    6.58099         19 0.0000e+00
      20948    872.783    500.000     3.8380   3.251499     3.8377   3.251431      68.36     0.0123     2.8166     2.4845  33.633923  3.8400488   48.30896  -46.53922    34.8567    34.8562     3.8024     3.8021    27.6927    27.6924    6.57369    6.59286         16 0.0000e+00
      20964    873.443    501.000     3.8382   3.251554     3.8380   3.251492      34.16     0.0110     2.8160     2.4852  33.633701  3.8400488   48.30896  -46.53922    34.8565    34.8560     3.8026     3.8023    27.6926    27.6922    6.57080    6.59716         16 0.0000e+00
      20981    874.151    502.000     3.8383   3.251610     3.8381   3.251542      90.87     0.0110     2.8157     2.4857  33.633701  3.8400488   48.30896  -46.53922    34.8567    34.8560     3.8025     3.8024    27.6927    27.6922    6.57333    6.59649         19 0.0000e+00
      21007    875.267    503.000     3.8387   3.251675     3.8385   3.251608      78.29     0.0145     2.8152     2.4857  33.633701  3.8400488   48.30896  -46.53920    34.8564    34.8559     3.8029     3.8026    27.6925    27.6921    6.57086    6.58902         41 0.0000e+00
      21058    877.373    504.000     3.8390   3.251731     3.8387   3.251674      83.15     0.0147     2.8136     2.4852  33.623047  3.8400488   48.30894  -46.53918    34.8562    34.8558     3.8031     3.8028    27.6923    27.6920    6.56270    6.59063         42 0.0000e+00
      21086    878.526    505.000     3.8388   3.251771     3.8385   3.251699      89.17     0.0176     2.8123     2.4852  33.628689  3.8400488   48.30892  -46.53918    34.8564    34.8558     3.8028     3.8025    27.6925    27.6920    6.56372    6.59370         23 0.0000e+00
      21106    879.369    506.000     3.8376   3.251731     3.8373   3.251653      24.53     0.0152     2.8125     2.4854  33.632961  3.8400488   48.30892  -46.53916    34.8567    34.8561     3.8015     3.8012    27.6928    27.6924    6.56628    6.59261         18 0.0000e+00
      21124    880.110    507.000     3.8371   3.251733     3.8371   3.251682      99.22     0.0144     2.8115     2.4852  33.632889  3.8400488   48.30892  -46.53916    34.8567    34.8561     3.8010     3.8010    27.6929    27.6924    6.56810    6.59418         18 0.0000e+00
      21141    880.853    508.000     3.8356   3.251666     3.8362   3.251643      98.63     0.0152     2.8118     2.4854  33.633701  3.8400488   48.30892  -46.53915    34.8569    34.8561     3.7994     3.8000    27.6932    27.6925    6.57591    6.59775         18 0.0000e+00
      21161    881.667    509.000     3.8330   3.251493     3.8330   3.251438      75.15     0.0146     2.8120     2.4855  33.633701  3.8400488   48.30892  -46.53914    34.8572    34.8564     3.7967     3.7968    27.6937    27.6931    6.57209    6.59522         21 0.0000e+00
      21187    882.743    510.000     3.8322   3.251473     3.8322   3.251408      68.07     0.0146     2.8118     2.4850  33.644627  3.8395092   48.30892  -46.53913    34.8572    34.8565     3.7959     3.7958    27.6938    27.6932    6.57407    6.59194         34 0.0000e+00
      21242    885.043    511.000     3.8323   3.251517     3.8321   3.251452      73.31     0.0178     2.8114     2.4842  33.645432  3.8340094   48.30890  -46.53911    34.8571    34.8566     3.7959     3.7957    27.6937    27.6933    6.57208    6.58786         60 0.0000e+00
      21277    886.500    512.000     3.8320   3.251549     3.8319   3.251494      99.61     0.0198     2.8114     2.4831  33.646938  3.8356898   48.30890  -46.53910    34.8572    34.8567     3.7956     3.7954    27.6938    27.6934    6.57269    6.58629         20 0.0000e+00
      21294    887.213    513.000     3.8312   3.251537     3.8310   3.251471      98.64     0.0215     2.8111     2.4826  33.647453  3.8402002   48.30888  -46.53908    34.8575    34.8568     3.7946     3.7964    27.6941    27.6937    6.57227    6.58346         16 0.0000e+00
      21309    887.837    514.000     3.8306   3.251529     3.8303   3.251463      58.90     0.0226     2.8114     2.4823  33.648354  3.8400488   48.30888  -46.53908    34.8575    34.8569     3.7939     3.7937    27.6942    27.6938    6.57382    6.57846         15 0.0000e+00
      21324    888.450    515.000     3.8300   3.251525     3.8298   3.251467      33.51     0.0218     2.8107     2.4812  33.648350  3.8368375   48.30888  -46.53908    34.8575    34.8570     3.7933     3.7932    27.6943    27.6939    6.57303    6.57717         15 0.0000e+00
      21341    889.170    516.000     3.8293   3.251513     3.8292   3.251456      95.30     0.0223     2.8106     2.4809  33.648350  3.8323777   48.30888  -46.53906    34.8576    34.8570     3.7925     3.7924    27.6944    27.6940    6.57134    6.58240         21 0.0000e+00
      21377    890.684    517.000     3.8275   3.251386     3.8276   3.251338      62.96     0.0161     2.8098     2.4805  33.648350  3.8310664   48.30888  -46.53906    34.8574    34.8567     3.7907     3.7908    27.6945    27.6940    6.57057    6.58775         53 0.0000e+00
      21421    892.495    518.000     3.8241   3.251120     3.8235   3.251029      91.45     0.0131     2.8090     2.4808  33.648350  3.8302460   48.30886  -46.53905    34.8573    34.8569     3.7873     3.7867    27.6948    27.6945    6.57107    6.58837         27 0.0000e+00
      21443    893.426    519.000     3.8233   3.251108     3.8231   3.251045      28.45     0.0122     2.8085     2.4801  33.648350  3.8302808   48.30886  -46.53904    34.8576    34.8570     3.7863     3.7861    27.6951    27.6947    6.57266    6.58520         20 0.0000e+00
      21462    894.207    520.000     3.8232   3.251161     3.8230   3.251085      98.52     0.0120     2.8090     2.4801  33.648350  3.8302808   48.30886  -46.53904    34.8577    34.8570     3.7862     3.7860    27.6952    27.6947    6.57641    6.58960         19 0.0000e+00
      21481    895.008    521.000     3.8214   3.251032     3.8210   3.250945      98.63     0.0144     2.8087     2.4801  33.642586  3.8302808   48.30885  -46.53902    34.8577    34.8570     3.7842     3.7855    27.6954    27.6949    6.57413    6.59225         20 0.0000e+00
