data/CTD/2014/CNV/d017a055.cnv
* Sea-Bird SBE 9 Data File:
* FileName = C:\CTD_ACQUISITION\2014017HUD\ctddata\017A055.hdr
* Software Version Seasave V 7.22.2
* Temperature SN = 5081
* Conductivity SN = 3561
* Number of Bytes Per Scan = 37
* Number of Voltage Words = 4
* Number of Scans Averaged by the Deck Unit = 1
* NMEA Latitude = 43 29.83 N
* NMEA Longitude = 059 16.64 W
* NMEA UTC (Time) = Jul 13 2014 12:05:02
* NMEA baud rate = 9600
** Ship: Hudson
** Cruise: HUD2014017
** Chief_Scientist: Blair Greenan
** Organization: BIO
** Area_of_Operation: Sackville Spur
** Station: 055
** Sounding:  1445
** Event_Comments: LC2 , 0
# nquan = 25
# nvalues = 1676                        
# units = specified
# name 0 = scan: Scan Count
# name 1 = timeS: Time, Elapsed [seconds]
# name 2 = prDM: Pressure, Digiquartz [db]
# name 3 = t068C: Temperature [ITS-68, deg C]
# name 4 = c0S/m: Conductivity [S/m]
# name 5 = t168C: Temperature, 2 [ITS-68, deg C]
# name 6 = c1S/m: Conductivity, 2 [S/m]
# name 7 = altM: Altimeter [m]
# name 8 = flC: Fluorescence, Chelsea Aqua 3 Chl Con [ug/l]
# name 9 = sbeox0V: Oxygen raw, SBE 43 [V]
# name 10 = sbeox1V: Oxygen raw, SBE 43, 2 [V]
# name 11 = upoly0: Upoly 0, Optode 4330F - O2 D-Phase
# name 12 = upoly1: Upoly 1, Optode 4330F - O2 Temp
# name 13 = latitude: Latitude [deg]
# name 14 = longitude: Longitude [deg]
# name 15 = sal00: Salinity, Practical [PSU]
# name 16 = sal11: Salinity, Practical, 2 [PSU]
# name 17 = potemp068C: Potential Temperature [ITS-68, deg C]
# name 18 = potemp168C: Potential Temperature, 2 [ITS-68, deg C]
# name 19 = sigma-é00: Density [sigma-theta, Kg/m^3]
# name 20 = sigma-é11: Density, 2 [sigma-theta, Kg/m^3]
# name 21 = sbeox0ML/L: Oxygen, SBE 43 [ml/l], WS = 2
# name 22 = sbeox1ML/L: Oxygen, SBE 43, 2 [ml/l], WS = 2
# name 23 = nbin: number of scans per bin
# name 24 = flag: flag
# span 0 =       6573,      50884       
# span 1 =    273.847,   2120.122       
# span 2 =      1.000,   1676.000       
# span 3 =     3.7426,    15.9644       
# span 4 =   3.300683,   4.069516       
# span 5 =     3.7419,    15.9489       
# span 6 =   3.300617,   4.068300       
# span 7 =       8.74,     105.38       
# span 8 =     0.0068,     2.0138       
# span 9 =     2.0876,     3.5072       
# span 10 =     1.8124,     3.0062      
# span 11 =  28.734137,  38.484352      
# span 12 =  3.7558074,  15.935349      
# span 13 =   43.49656,   43.49756      
# span 14 =  -59.28356,  -59.27807      
# span 15 =    32.1829,    35.2045      
# span 16 =    32.1810,    35.2041      
# span 17 =     3.6095,    15.9637      
# span 18 =     3.6088,    15.9483      
# span 19 =    23.5918,    27.7808      
# span 20 =    23.5943,    27.7808      
# span 21 =    3.78058,    7.34830      
# span 22 =    3.65529,    7.25324      
# span 23 =          8,        109      
# span 24 = 0.0000e+00, 0.0000e+00      
# interval = decibars: 1                
# start_time = Jul 13 2014 12:05:02 [NMEA time, header]
# bad_flag = -9.990e-29
*END*
[from data line 174]
      13936    580.634    175.000     9.4889   3.769122     9.4929   3.769085      71.54     0.0193     2.2530     1.9554  36.410706  9.6515951   43.49756  -59.27952    35.0077    35.0034     9.4692     9.4732    27.0479    27.0438    4.15594    3.98210         26 0.0000e+00
      13959    581.584    176.000     9.4521   3.765514     9.4548   3.765437      87.32     0.0200     2.2499     1.9528  36.469952  9.6268787   43.49756  -59.27952    35.0057    35.0023     9.4324     9.4351    27.0524    27.0493    4.15057    3.98063         21 0.0000e+00
      13978    582.395    177.000     9.4419   3.764519     9.4418   3.764176      98.61     0.0188     2.2478     1.9505  36.476181  9.6216316   43.49756  -59.27952    35.0048    35.0015     9.4222     9.4220    27.0534    27.0508    4.14835    3.97735         18 0.0000e+00
      13997    583.171    178.000     9.4099   3.761374     9.4125   3.761133      75.65     0.0230     2.2451     1.9489  36.511105  9.6020260   43.49756  -59.27952    35.0031    34.9980     9.3900     9.3926    27.0574    27.0530    4.14517    3.98351         19 0.0000e+00
      14017    584.007    179.000     9.3869   3.759139     9.3885   3.758937      52.72     0.0224     2.2434     1.9482  36.563232  9.5721493   43.49756  -59.27954    35.0019    34.9982     9.3669     9.3685    27.0603    27.0571    4.14698    3.98578         22 0.0000e+00
      14041    585.005    180.000     9.3696   3.757459     9.3707   3.757236      97.90     0.0172     2.2410     1.9468  36.579636  9.0563993   43.49756  -59.27954    35.0009    34.9975     9.3495     9.3506    27.0624    27.0595    4.13811    3.98176         26 0.0000e+00
      14069    586.160    181.000     9.3429   3.754823     9.3449   3.754641      94.09     0.0161     2.2364     1.9451  36.621666  8.8916264   43.49756  -59.27954    34.9991    34.9953     9.3228     9.3248    27.0654    27.0620    4.12780    3.97607         28 0.0000e+00
      14094    587.203    182.000     9.2928   3.749830     9.2969   3.749606      60.01     0.0179     2.2335     1.9421  36.649105  9.0635891   43.49756  -59.27954    34.9958    34.9894     9.2726     9.2768    27.0710    27.0653    4.11936    3.96008         22 0.0000e+00
      14115    588.067    183.000     9.2548   3.746181     9.2554   3.745911      98.80     0.0145     2.2283     1.9381  36.681473  8.9334736   43.49756  -59.27956    34.9945    34.9911     9.2346     9.2352    27.0762    27.0735    4.10051    3.94497         20 0.0000e+00
      14134    588.876    184.000     9.2486   3.745636     9.2485   3.745402      98.63     0.0178     2.2238     1.9336  36.682865  8.8195009   43.49756  -59.27956    34.9945    34.9921     9.2283     9.2282    27.0772    27.0754    4.08763    3.92836         19 0.0000e+00
      14154    589.713    185.000     9.2434   3.745189     9.2439   3.744981      63.83     0.0203     2.2178     1.9285  36.761974  8.7081118   43.49756  -59.27956    34.9944    34.9918     9.2230     9.2235    27.0780    27.0759    4.07886    3.91053         21 0.0000e+00
      14176    590.631    186.000     9.2421   3.745257     9.2414   3.744980      64.54     0.0186     2.2142     1.9223  36.761299  8.7622709   43.49756  -59.27956    34.9959    34.9938     9.2216     9.2208    27.0794    27.0779    4.08321    3.89959         24 0.0000e+00
      14201    591.657    187.000     9.2608   3.747677     9.2581   3.747483      72.30     0.0192     2.2100     1.9178  36.796429  8.8594589   43.49756  -59.27956    35.0024    35.0024     9.2401     9.2379    27.0814    27.0818    4.05955    3.89261         25 0.0000e+00
      14226    592.704    188.000     9.2880   3.751398     9.2864   3.751148      64.38     0.0215     2.2022     1.9130  36.798527  8.9577255   43.49756  -59.27957    35.0140    35.0130     9.2672     9.2655    27.0861    27.0856    4.02773    3.88576         25 0.0000e+00
      14249    593.674    189.000     9.3024   3.753511     9.3018   3.753426      92.14     0.0213     2.1965     1.9110  36.849785  8.7118607   43.49756  -59.27958    35.0214    35.0211     9.2814     9.2808    27.0896    27.0895    4.04368    3.88643         22 0.0000e+00
      14271    594.563    190.000     9.3078   3.754437     9.3088   3.754334      98.46     0.0184     2.1962     1.9087  36.854946  8.7040291   43.49756  -59.27958    35.0252    35.0232     9.2867     9.2877    27.0917    27.0900    4.06085    3.88079         20 0.0000e+00
      14291    595.421    191.000     9.2991   3.753771     9.2998   3.753578      83.46     0.0166     2.1962     1.9073  36.885921  8.6034956   43.49756  -59.27958    35.0264    35.0237     9.2780     9.2786    27.0940    27.0919    4.06411    3.88892         21 0.0000e+00
      14312    596.309    192.000     9.2865   3.752609     9.2874   3.752297      67.55     0.0150     2.1968     1.9079  36.902359  8.6603107   43.49756  -59.27958    35.0258    35.0224     9.2653     9.2665    27.0957    27.0929    4.07941    3.90274         22 0.0000e+00
      14335    597.267    193.000     9.2819   3.752540     9.2807   3.752370      98.51     0.0160     2.1995     1.9091  36.936985  8.6447487   43.49756  -59.27958    35.0295    35.0289     9.2605     9.2594    27.0993    27.0991    4.09149    3.90657         24 0.0000e+00
      14361    598.324    194.000     9.2764   3.752330     9.2814   3.752124      86.15     0.0155     2.2022     1.9099  36.966221  8.6603556   43.49756  -59.27960    35.0323    35.0251     9.2549     9.2600    27.1024    27.0960    4.09024    3.90764         26 0.0000e+00
      14386    599.382    195.000     9.1637   3.740127     9.1658   3.739850      69.28     0.0178     2.2026     1.9102  36.999649  8.6129446   43.49756  -59.27960    35.0151    35.0102     9.1423     9.1443    27.1074    27.1032    4.09129    3.91550         24 0.0000e+00
      14408    600.300    196.000     9.1547   3.739050     9.1549   3.738835      98.89     0.0201     2.2024     1.9102  37.017792  8.6954908   43.49756  -59.27960    35.0122    35.0098     9.1332     9.1334    27.1066    27.1047    4.09328    3.91744         21 0.0000e+00
      14428    601.122    197.000     9.0807   3.730723     9.0860   3.730590      98.63     0.0218     2.2023     1.9104  37.055176  8.7208624   43.49756  -59.27960    35.0001    34.9908     9.0564     9.0644    27.1095    27.1009    4.10205    3.92528         19 0.0000e+00
      14447    601.932    198.000     9.0363   3.726346     9.0388   3.726280      47.53     0.0221     2.2028     1.9104  37.119682  8.6692390   43.49756  -59.27960    34.9948    34.9912     9.0147     9.0177    27.1121    27.1088    4.10858    3.93022         20 0.0000e+00
      14469    602.841    199.000     9.0081   3.723452     9.0142   3.723709      97.96     0.0199     2.2028     1.9106  37.125683  8.6715117   43.49756  -59.27960    34.9917    34.9884     8.9865     8.9925    27.1142    27.1107    4.10295    3.92880         24 0.0000e+00
      14495    603.900    200.000     9.0009   3.722844     9.0011   3.722647      98.63     0.0179     2.2006     1.9084  37.175430  8.4668770   43.49756  -59.27961    34.9919    34.9896     8.9792     8.9794    27.1155    27.1137    4.07872    3.90160         27 0.0000e+00
      14522    605.024    201.000     9.0008   3.722897     9.0007   3.722685      58.49     0.0181     2.1945     1.9031  37.186279  8.4527702   43.49756  -59.27962    34.9921    34.9900     8.9789     8.9793    27.1158    27.1141    4.05424    3.89132         26 0.0000e+00
      14546    606.055    202.000     8.9987   3.722741     8.9990   3.722569      99.15     0.0206     2.1896     1.9012  37.209084  8.3984575   43.49756  -59.27962    34.9920    34.9900     8.9768     8.9770    27.1160    27.1144    4.05198    3.89569         23 0.0000e+00
      14569    607.009    203.000     8.9989   3.722843     8.9985   3.722602      98.63     0.0203     2.1864     1.8990  37.215858  8.4154444   43.49756  -59.27962    34.9925    34.9903     8.9768     8.9765    27.1164    27.1147    4.04942    3.88099         23 0.0000e+00
      14592    607.961    204.000     9.0023   3.723343     9.0017   3.723141      52.69     0.0190     2.1829     1.8955  37.238155  8.3718634   43.49756  -59.27963    34.9939    34.9923     8.9801     8.9795    27.1170    27.1158    4.03559    3.86761         23 0.0000e+00
      14616    608.941    205.000     9.0112   3.724545     9.0102   3.724370      96.87     0.0169     2.1788     1.8915  37.241772  8.3822107   43.49756  -59.27964    34.9972    34.9964     8.9889     8.9879    27.1182    27.1177    4.02972    3.85029         24 0.0000e+00
      14639    609.921    206.000     9.0196   3.726041     9.0196   3.725768      38.88     0.0187     2.1762     1.8872  37.261761  8.3493176   43.49756  -59.27964    35.0042    35.0013     8.9972     8.9972    27.1223    27.1200    4.02879    3.84437         23 0.0000e+00
      14662    610.871    207.000     8.9724   3.721138     8.9760   3.720831      51.35     0.0208     2.1734     1.8847  37.258686  8.3796072   43.49755  -59.27964    34.9987    34.9920     8.9500     8.9535    27.1256    27.1198    4.02851    3.85470         22 0.0000e+00
      14683    611.765    208.000     8.9086   3.714487     8.9104   3.714205      98.39     0.0185     2.1720     1.8838  37.282440  8.3377733   43.49754  -59.27964    34.9913    34.9866     8.8861     8.8879    27.1300    27.1260    4.04199    3.86442         21 0.0000e+00
      14704    612.624    209.000     8.9214   3.716355     8.9176   3.715935      92.99     0.0166     2.1718     1.8830  37.280659  8.3946791   43.49754  -59.27965    34.9979    34.9972     8.8988     8.8950    27.1331    27.1332    4.03995    3.85829         21 0.0000e+00
      14726    613.536    210.000     8.9175   3.716101     8.9174   3.715829      71.99     0.0201     2.1702     1.8813  37.333961  8.2957182   43.49754  -59.27966    34.9985    34.9958     8.8948     8.8946    27.1342    27.1322    4.02321    3.84313         23 0.0000e+00
      14751    614.598    211.000     8.9047   3.714802     8.9063   3.714626      81.08     0.0205     2.1653     1.8770  37.347347  8.3415565   43.49754  -59.27966    34.9971    34.9936     8.8819     8.8835    27.1352    27.1322    3.99319    3.82226         27 0.0000e+00
      14777    615.687    212.000     8.8697   3.711247     8.8712   3.711030      98.96     0.0165     2.1582     1.8719  37.376968  8.2499733   43.49754  -59.27966    34.9937    34.9899     8.8468     8.8484    27.1381    27.1349    3.96660    3.79666         25 0.0000e+00
      14800    616.606    213.000     8.8069   3.705095     8.8122   3.704953      68.12     0.0131     2.1501     1.8640  37.378025  8.3085318   43.49754  -59.27967    34.9904    34.9837     8.7840     8.7893    27.1455    27.1394    3.91965    3.74753         20 0.0000e+00
      14819    617.405    214.000     8.7727   3.701789     8.7739   3.701494      73.14     0.0193     2.1377     1.8537  37.423309  8.2244892   43.49754  -59.27968    34.9888    34.9845     8.7498     8.7510    27.1497    27.1462    3.85721    3.69880         19 0.0000e+00
      14838    618.193    215.000     8.7548   3.700310     8.7553   3.700084      98.12     0.0198     2.1229     1.8415  37.442841  8.2575836   43.49754  -59.27968    34.9904    34.9876     8.7318     8.7323    27.1538    27.1515    3.80396    3.65724         19 0.0000e+00
      14859    619.083    216.000     8.7609   3.701597     8.7560   3.701048      98.63     0.0197     2.1042     1.8285  37.463497  8.2234583   43.49754  -59.27968    34.9969    34.9960     8.7384     8.7333    27.1578    27.1579    3.78058    3.65529         24 0.0000e+00
      14886    620.207    217.000     8.8240   3.708913     8.8203   3.708628      43.82     0.0209     2.0927     1.8221  37.501087  8.1753893   43.49754  -59.27968    35.0118    35.0124     8.8007     8.7970    27.1596    27.1607    3.83084    3.68159         30 0.0000e+00
      14916    621.478    218.000     8.8913   3.716872     8.8861   3.716712      97.51     0.0213     2.0914     1.8194  37.525620  8.1198215   43.49754  -59.27968    35.0286    35.0321     8.8678     8.8625    27.1621    27.1657    3.86965    3.68838         28 0.0000e+00
      14941    622.500    219.000     9.0113   3.731122     9.0026   3.730573      76.05     0.0182     2.0953     1.8203  37.535339  8.1659384   43.49754  -59.27970    35.0594    35.0623     8.9875     8.9787    27.1671    27.1707    3.89452    3.70370         22 0.0000e+00
      14960    623.300    220.000     9.0509   3.736542     9.0481   3.736175      63.83     0.0186     2.1004     1.8233  37.560059  8.1405191   43.49754  -59.27970    35.0767    35.0756     9.0268     9.0241    27.1743    27.1739    3.92431    3.71872         18 0.0000e+00
      14978    624.044    221.000     9.0412   3.735977     9.0437   3.735975      97.78     0.0161     2.1079     1.8266  37.580296  8.1756191   43.49754  -59.27970    35.0799    35.0774     9.0171     9.0195    27.1783    27.1760    3.95181    3.73936         18 0.0000e+00
      14997    624.835    222.000     9.0031   3.731858     9.0101   3.731572      98.63     0.0116     2.1154     1.8316  37.580948  8.2056150   43.49754  -59.27970    35.0738    35.0639     8.9789     8.9859    27.1797    27.1709    3.97162    3.75855         20 0.0000e+00
      15020    625.801    223.000     8.7750   3.706865     8.7824   3.706476      55.59     0.0138     2.1239     1.8363  37.705479  8.2965698   43.49753  -59.27970    35.0313    35.0305     8.7511     8.7590    27.1828    27.1819    3.99421    3.78115         26 0.0000e+00
      15050    627.024    224.000     8.7186   3.700541     8.7249   3.700608      98.76     0.0149     2.1272     1.8387  37.783146  8.2967005   43.49752  -59.27971    35.0243    35.0189     8.6947     8.7009    27.1862    27.1810    3.96168    3.76772         32 0.0000e+00
      15079    628.233    225.000     8.5262   3.679750     8.5341   3.679381      38.57     0.0148     2.1241     1.8368  37.944645  8.2555323   43.49752  -59.27972    34.9944    34.9827     8.5025     8.5104    27.1929    27.1825    3.93602    3.75472         25 0.0000e+00
      15101    629.148    226.000     8.4201   3.668585     8.4293   3.668384      49.27     0.0204     2.1181     1.8331  37.983265  8.1944561   43.49752  -59.27972    34.9806    34.9713     8.3965     8.4057    27.1985    27.1898    3.92766    3.75489         20 0.0000e+00
      15119    629.917    227.000     8.3366   3.659875     8.3378   3.659289      98.66     0.0229     2.1144     1.8310  38.053482  8.0798664   43.49752  -59.27972    34.9704    34.9602     8.3130     8.3157    27.2034    27.1947    3.94001    3.76373         17 0.0000e+00
      15137    630.665    228.000     8.2613   3.652193     8.2605   3.651801      98.63     0.0217     2.1123     1.8295  38.053211  8.1358147   43.49752  -59.27972    34.9628    34.9594     8.2377     8.2370    27.2090    27.2064    3.95086    3.77475         19 0.0000e+00
      15157    631.494    229.000     8.2895   3.655720     8.2876   3.655540      65.56     0.0193     2.1106     1.8290  38.101032  7.8888111   43.49752  -59.27972    34.9720    34.9719     8.2658     8.2639    27.2118    27.2120    3.94846    3.77442         22 0.0000e+00
      15181    632.508    230.000     8.3228   3.659723     8.3176   3.659099      76.62     0.0193     2.1090     1.8280  38.116737  7.8748045   43.49752  -59.27974    34.9810    34.9795     8.2989     8.2937    27.2139    27.2135    3.95215    3.76979         27 0.0000e+00
      15209    633.671    231.000     8.3470   3.662702     8.3491   3.662963      98.71     0.0201     2.1087     1.8271  38.092167  7.7079673   43.49752  -59.27974    34.9883    34.9889     8.3229     8.3251    27.2159    27.2160    3.94667    3.76320         27 0.0000e+00
