data/CTD/2014/CNV/d017a002.cnv
* Sea-Bird SBE 9 Data File:
* FileName = C:\CTD_ACQUISITION\2014017HUD\ctddata\017A002.hdr
* Software Version Seasave V 7.22.2
* Temperature SN = 5081
* Conductivity SN = 3561
* Number of Bytes Per Scan = 37
* Number of Voltage Words = 4
* Number of Scans Averaged by the Deck Unit = 1
* NMEA Latitude = 52 39.92 N
* NMEA Longitude = 052 06.18 W
* NMEA UTC (Time) = Jul 03 2014 10:10:16
* NMEA baud rate = 9600
** Ship: Hudson
** Cruise: HUD2014017
** Chief_Scientist: Blair Greenan
** Organization: BIO
** Area_of_Operation: Sackville Spur
** Station: 002
** Sounding:  298
** Event_Comments: C1 403001
# nquan = 25
# nvalues = 295                         
# units = specified
# name 0 = scan: Scan Count
# name 1 = timeS: Time, Elapsed [seconds]
# name 2 = prDM: Pressure, Digiquartz [db]
# name 3 = t068C: Temperature [ITS-68, deg C]
# name 4 = c0S/m: Conductivity [S/m]
# name 5 = t168C: Temperature, 2 [ITS-68, deg C]
# name 6 = c1S/m: Conductivity, 2 [S/m]
# name 7 = altM: Altimeter [m]
# name 8 = flC: Fluorescence, Chelsea Aqua 3 Chl Con [ug/l]
# name 9 = sbeox0V: Oxygen raw, SBE 43 [V]
# name 10 = sbeox1V: Oxygen raw, SBE 43, 2 [V]
# name 11 = upoly0: Upoly 0, Optode 4330F - O2 D-Phase
# name 12 = upoly1: Upoly 1, Optode 4330F - O2 Temp
# name 13 = latitude: Latitude [deg]
# name 14 = longitude: Longitude [deg]
# name 15 = sal00: Salinity, Practical [PSU]
# name 16 = sal11: Salinity, Practical, 2 [PSU]
# name 17 = potemp068C: Potential Temperature [ITS-68, deg C]
# name 18 = potemp168C: Potential Temperature, 2 [ITS-68, deg C]
# name 19 = sigma-é00: Density [sigma-theta, Kg/m^3]
# name 20 = sigma-é11: Density, 2 [sigma-theta, Kg/m^3]
# name 21 = sbeox0ML/L: Oxygen, SBE 43 [ml/l], WS = 2
# name 22 = sbeox1ML/L: Oxygen, SBE 43, 2 [ml/l], WS = 2
# name 23 = nbin: number of scans per bin
# name 24 = flag: flag
# span 0 =       9069,      23217       
# span 1 =    377.839,    967.347       
# span 2 =      1.000,    295.000       
# span 3 =    -1.4569,     5.4393       
# span 4 =   2.639696,   3.134374       
# span 5 =    -1.4570,     5.4413       
# span 6 =   2.639337,   3.134150       
# span 7 =       1.59,     103.25       
# span 8 =     0.0154,     0.4380       
# span 9 =     2.8932,     3.7654       
# span 10 =     2.5526,     3.2570      
# span 11 =  23.838688,  30.914728      
# span 12 = -0.4329100,  5.9145842      
# span 13 =   52.66500,   52.66550      
# span 14 =  -52.10162,  -52.10056      
# span 15 =    31.9044,    34.5919      
# span 16 =    31.9006,    34.5893      
# span 17 =    -1.4576,     5.4388      
# span 18 =    -1.4578,     5.4409      
# span 19 =    25.1742,    27.5731      
# span 20 =    25.1713,    27.5710      
# span 21 =    6.79737,    9.95377      
# span 22 =    6.82294,   10.01900      
# span 23 =         16,         92      
# span 24 = 0.0000e+00, 0.0000e+00      
# interval = decibars: 1                
# start_time = Jul 03 2014 10:10:16 [NMEA time, header]
# bad_flag = -9.990e-29
*END*
[from data line 116]
      14246    593.529    117.000    -0.7674   2.741652    -0.7684   2.741539      98.36     0.0268     2.9491     2.6091  30.219524 -0.3991838   52.66548  -52.10096    33.6226    33.6222    -0.7706    -0.7717    27.0284    27.0282    7.59297    7.67338         35 0.0000e+00
      14283    595.083    118.000    -0.6936   2.749108    -0.6943   2.749027      98.40     0.0291     2.9497     2.6093  30.230621 -0.4014355   52.66548  -52.10096    33.6405    33.6402    -0.6969    -0.6976    27.0400    27.0398    7.57344    7.65270         40 0.0000e+00
      14325    596.833    119.000    -0.6670   2.751926    -0.6671   2.751819      98.14     0.0250     2.9502     2.6093  30.245567 -0.4055153   52.66548  -52.10096    33.6483    33.6470    -0.6704    -0.6705    27.0453    27.0442    7.56504    7.64909         47 0.0000e+00
      14385    599.341    120.000    -0.6525   2.753644    -0.6525   2.753510      88.44     0.0301     2.9506     2.6091  30.273466 -0.4163981   52.66548  -52.10096    33.6547    33.6530    -0.6560    -0.6560    27.0499    27.0484    7.56259    7.64120         64 0.0000e+00
      14433    601.333    121.000    -0.6456   2.754743    -0.6458   2.754609      98.50     0.0337     2.9501     2.6087  30.307003 -0.4188923   52.66549  -52.10096    33.6612    33.6596    -0.6491    -0.6493    27.0548    27.0535    7.55706    7.63821         34 0.0000e+00
      14464    602.612    122.000    -0.6430   2.755390    -0.6431   2.755253      98.07     0.0279     2.9501     2.6088  30.314087 -0.4204408   52.66550  -52.10096    33.6665    33.6647    -0.6465    -0.6466    27.0590    27.0576    7.56153    7.64820         30 0.0000e+00
      14496    603.958    123.000    -0.6375   2.756318    -0.6376   2.756186      98.16     0.0307     2.9503     2.6092  30.324402 -0.4234625   52.66550  -52.10096    33.6722    33.6705    -0.6411    -0.6412    27.0634    27.0621    7.56620    7.64395         37 0.0000e+00
      14549    606.151    124.000    -0.6251   2.757972    -0.6256   2.757802      97.57     0.0273     2.9515     2.6094  30.367323 -0.4282630   52.66550  -52.10096    33.6801    33.6784    -0.6287    -0.6292    27.0693    27.0679    7.57270    7.64332         73 0.0000e+00
      14619    609.080    125.000    -0.6021   2.760454    -0.6024   2.760319      96.82     0.0223     2.9533     2.6096  30.381676 -0.4290088   52.66550  -52.10096    33.6873    33.6858    -0.6058    -0.6060    27.0742    27.0729    7.55591    7.63336         49 0.0000e+00
      14653    610.496    126.000    -0.5781   2.763157    -0.5773   2.763137      98.45     0.0238     2.9518     2.6090  30.387165 -0.4292515   52.66550  -52.10096    33.6964    33.6958    -0.5819    -0.5811    27.0805    27.0800    7.54888    7.63362         29 0.0000e+00
      14679    611.591    127.000    -0.5617   2.765196    -0.5620   2.765074      94.65     0.0307     2.9525     2.6103  30.402151 -0.4297469   52.66550  -52.10096    33.7049    33.7035    -0.5655    -0.5657    27.0867    27.0856    7.56918    7.65261         25 0.0000e+00
      14706    612.714    128.000    -0.5403   2.767640    -0.5408   2.767528      98.51     0.0385     2.9541     2.6114  30.415964 -0.4292181   52.66550  -52.10096    33.7133    33.7123    -0.5441    -0.5446    27.0927    27.0919    7.56466    7.63838         31 0.0000e+00
      14777    615.661    129.000    -0.5331   2.768373    -0.5355   2.768034      97.22     0.0376     2.9550     2.6112  30.455635 -0.4305260   52.66550  -52.10096    33.7142    33.7126    -0.5370    -0.5393    27.0931    27.0919    7.55350    7.62728         62 0.0000e+00
      14838    618.226    130.000    -0.4868   2.773052    -0.4925   2.772598      98.68     0.0323     2.9537     2.6105  30.484674 -0.4329100   52.66550  -52.10096    33.7253    33.7254    -0.4907    -0.4964    27.1000    27.1004    7.54690    7.64070         23 0.0000e+00
      14857    619.005    131.000    -0.4596   2.776351    -0.4597   2.776215      97.39     0.0278     2.9544     2.6123  30.496696 -0.4326836   52.66550  -52.10098    33.7386    33.7370    -0.4636    -0.4638    27.1096    27.1083    7.54589    7.64112         19 0.0000e+00
      14877    619.822    132.000    -0.4411   2.778830    -0.4419   2.778744      94.05     0.0270     2.9549     2.6135  30.498110 -0.4304360   52.66550  -52.10098    33.7507    33.7504    -0.4452    -0.4459    27.1187    27.1184    7.54506    7.62727         22 0.0000e+00
      14931    622.102    133.000    -0.4194   2.781204    -0.4262   2.780296      96.90     0.0292     2.9560     2.6139  30.523094 -0.4286366   52.66549  -52.10097    33.7577    33.7531    -0.4235    -0.4303    27.1233    27.1199    7.54442    7.62417         47 0.0000e+00
      15007    625.248    134.000    -0.3827   2.785036    -0.3854   2.784658      96.35     0.0292     2.9590     2.6166  30.556002 -0.4285714   52.66548  -52.10098    33.7677    33.7656    -0.3869    -0.3896    27.1298    27.1282    7.55634    7.63037         30 0.0000e+00
      15038    626.547    135.000    -0.3445   2.789153    -0.3455   2.788970      98.06     0.0280     2.9592     2.6167  30.569609 -0.4257106   52.66548  -52.10098    33.7799    33.7788    -0.3488    -0.3498    27.1379    27.1370    7.51465    7.60368         36 0.0000e+00
      15083    628.433    136.000    -0.3044   2.793281    -0.3061   2.793073      95.67     0.0294     2.9571     2.6157  30.592220 -0.4204115   52.66548  -52.10098    33.7897    33.7887    -0.3088    -0.3104    27.1440    27.1433    7.51594    7.59950         48 0.0000e+00
      15121    630.005    137.000    -0.2543   2.798633    -0.2554   2.798539      96.02     0.0323     2.9592     2.6169  30.601011 -0.4187497   52.66548  -52.10098    33.8048    33.8048    -0.2587    -0.2599    27.1539    27.1539    7.53183    7.59623         29 0.0000e+00
      15150    631.216    138.000    -0.1865   2.805724    -0.1879   2.805631      76.54     0.0329     2.9608     2.6178  30.600733 -0.4177951   52.66548  -52.10098    33.8233    33.8237    -0.1910    -0.1925    27.1657    27.1661    7.50855    7.58088         36 0.0000e+00
      15243    635.063    139.000    -0.1481   2.809846    -0.1660   2.808127     103.25     0.0306     2.9572     2.6146  30.648785 -0.4090049   52.66548  -52.10098    33.8351    33.8321    -0.1528    -0.1707    27.1733    27.1717    7.47717    7.54737         35 0.0000e+00
      15272    636.299    140.000    -0.1053   2.814453    -0.1065   2.814345      91.80     0.0336     2.9573     2.6149  30.658400 -0.4079679   52.66548  -52.10098    33.8482    33.8481    -0.1101    -0.1113    27.1819    27.1818    7.47756    7.56762         18 0.0000e+00
      15291    637.082    141.000    -0.0760   2.817809    -0.0766   2.817734      95.37     0.0359     2.9573     2.6163  30.657181 -0.3995110   52.66546  -52.10098    33.8596    33.8593    -0.0808    -0.0814    27.1897    27.1894    7.48264    7.56390         20 0.0000e+00
      15334    638.865    142.000    -0.0522   2.820355    -0.0621   2.819271      82.08     0.0310     2.9591     2.6168  30.666517 -0.3944087   52.66546  -52.10098    33.8665    33.8630    -0.0571    -0.0670    27.1940    27.1917    7.47782    7.54674         42 0.0000e+00
      15420    642.461    143.000    -0.0465   2.821030    -0.0800   2.817576      83.65     0.0265     2.9591     2.6168  30.692455 -0.3789321   52.66546  -52.10100    33.8684    33.8598    -0.0514    -0.0849    27.1953    27.1900    7.46107    7.54447         23 0.0000e+00
      15440    643.294    144.000    -0.0150   2.824401    -0.0185   2.824063      97.65     0.0235     2.9589     2.6168  30.703064 -0.3766777   52.66546  -52.10098    33.8776    33.8770    -0.0200    -0.0235    27.2011    27.2009    7.45377    7.53858         22 0.0000e+00
      15466    644.377    145.000     0.0536   2.831424     0.0518   2.831252      98.58     0.0232     2.9582     2.6169  30.708248 -0.3734602   52.66546  -52.10098    33.8933    33.8937     0.0484     0.0467    27.2103    27.2107    7.43200    7.52276         33 0.0000e+00
      15519    646.581    146.000     0.0989   2.836116     0.0988   2.835997      95.28     0.0278     2.9576     2.6168  30.724585 -0.3595062   52.66544  -52.10098    33.9053    33.9037     0.0936     0.0936    27.2177    27.2164    7.43417    7.51224         67 0.0000e+00
      15581    649.159    147.000     0.1214   2.838398     0.1216   2.838389      80.59     0.0307     2.9598     2.6169  30.733152 -0.3437775   52.66544  -52.10098    33.9103    33.9096     0.1157     0.1162    27.2206    27.2200    7.44498    7.51045         58 0.0000e+00
      15642    651.688    148.000     0.1407   2.840451     0.1405   2.840325      94.67     0.0331     2.9601     2.6172  30.755669 -0.3306309   52.66544  -52.10098    33.9151    33.9135     0.1352     0.1351    27.2234    27.2222    7.42160    7.50508         67 0.0000e+00
      15699    654.086    149.000     0.1685   2.843348     0.1687   2.843336      93.72     0.0273     2.9565     2.6168  30.748701 -0.3199486   52.66543  -52.10098    33.9218    33.9215     0.1631     0.1632    27.2274    27.2271    7.40107    7.49914         38 0.0000e+00
      15727    655.247    150.000     0.2176   2.848436     0.2175   2.848396      95.77     0.0295     2.9575     2.6169  30.788692 -0.3013256   52.66542  -52.10098    33.9340    33.9336     0.2120     0.2119    27.2346    27.2343    7.41639    7.49026         24 0.0000e+00
      15751    656.268    151.000     0.2536   2.852235     0.2535   2.852185      98.57     0.0286     2.9579     2.6174  30.789019 -0.3001720   52.66542  -52.10098    33.9435    33.9431     0.2480     0.2478    27.2404    27.2400    7.41143    7.50908         27 0.0000e+00
      15816    658.968    152.000     0.2771   2.854809     0.2848   2.855397      75.80     0.0264     2.9592     2.6189  30.795725 -0.2832911   52.66542  -52.10098    33.9509    33.9502     0.2714     0.2792    27.2450    27.2440    7.39855    7.48343         77 0.0000e+00
      15891    662.087    153.000     0.3219   2.859349     0.3239   2.859559      99.51     0.0268     2.9560     2.6165  30.805803 -0.2614889   52.66540  -52.10098    33.9627    33.9610     0.3161     0.3181    27.2521    27.2506    7.36262    7.46092         36 0.0000e+00
      15921    663.324    154.000     0.3740   2.864938     0.3739   2.864949      88.48     0.0274     2.9558     2.6162  30.805864 -0.2480902   52.66540  -52.10098    33.9755    33.9758     0.3681     0.3680    27.2595    27.2598    7.37885    7.45649         28 0.0000e+00
      15949    664.520    155.000     0.4381   2.871698     0.4379   2.871673      98.32     0.0214     2.9570     2.6169  30.817469 -0.2415238   52.66540  -52.10096    33.9926    33.9927     0.4321     0.4318    27.2697    27.2698    7.38225    7.44532         31 0.0000e+00
      16012    667.112    156.000     0.4544   2.873480     0.4533   2.873280      90.55     0.0224     2.9588     2.6169  30.838556 -0.2196109   52.66538  -52.10097    33.9977    33.9961     0.4481     0.4472    27.2730    27.2717    7.36589    7.43564         71 0.0000e+00
      16088    670.307    157.000     0.4835   2.876594     0.4921   2.877474      99.10     0.0314     2.9571     2.6149  30.851418 -0.1931330   52.66538  -52.10098    34.0055    34.0076     0.4773     0.4858    27.2775    27.2787    7.34166    7.40475         30 0.0000e+00
      16113    671.330    158.000     0.5496   2.883540     0.5492   2.883547      87.19     0.0266     2.9564     2.6138  30.863886 -0.1844028   52.66537  -52.10096    34.0228    34.0233     0.5432     0.5428    27.2877    27.2881    7.31856    7.39596         27 0.0000e+00
      16146    672.728    159.000     0.6010   2.888970     0.6009   2.888881      97.86     0.0292     2.9543     2.6124  30.880138 -0.1732756   52.66536  -52.10096    34.0364    34.0353     0.5945     0.5945    27.2956    27.2947    7.30967    7.38853         44 0.0000e+00
      16206    675.207    160.000     0.6347   2.892520     0.6341   2.892383      86.89     0.0600     2.9541     2.6129  30.871635 -0.1506397   52.66536  -52.10096    34.0448    34.0434     0.6282     0.6277    27.3004    27.2993    7.31457    7.38243         76 0.0000e+00
      16283    678.433    161.000     0.6508   2.894532     0.6509   2.894385      93.72     0.0253     2.9539     2.6109  30.880911 -0.1170534   52.66534  -52.10096    34.0527    34.0507     0.6442     0.6443    27.3058    27.3042    7.30175    7.37550         61 0.0000e+00
      16325    680.163    162.000     0.6692   2.896710     0.6699   2.896738      89.97     0.0285     2.9527     2.6116  30.879564 -0.1042438   52.66534  -52.10096    34.0609    34.0606     0.6625     0.6632    27.3113    27.3110    7.30079    7.37934         32 0.0000e+00
      16354    681.379    163.000     0.7023   2.900363     0.7024   2.900309      95.52     0.0228     2.9525     2.6120  30.891788 -0.0866372   52.66534  -52.10096    34.0707    34.0698     0.6955     0.6956    27.3172    27.3165    7.28875    7.37373         29 0.0000e+00
      16392    682.938    164.000     0.7436   2.904613     0.7429   2.904499      65.84     0.0248     2.9522     2.6120  30.893080 -0.0744758   52.66532  -52.10095    34.0798    34.0791     0.7367     0.7360    27.3220    27.3215    7.28669    7.35912         55 0.0000e+00
      16457    685.675    165.000     0.7929   2.909605     0.7937   2.909598      93.60     0.0858     2.9532     2.6109  30.893822 -0.0488144   52.66532  -52.10096    34.0897    34.0887     0.7859     0.7868    27.3270    27.3261    7.28669    7.34613         57 0.0000e+00
      16505    687.679    166.000     0.8346   2.913886     0.8347   2.913793      70.47     0.0982     2.9532     2.6110  30.895006 -0.0196652   52.66531  -52.10095    34.0987    34.0974     0.8275     0.8276    27.3317    27.3306    7.26736    7.34018         56 0.0000e+00
      16563    690.065    167.000     0.8954   2.920226     0.8947   2.920118     101.41     0.0299     2.9524     2.6110  30.907051  0.0042166   52.66530  -52.10094    34.1133    34.1127     0.8882     0.8875    27.3396    27.3391    7.25882    7.32941         43 0.0000e+00
      16594    691.358    168.000     0.9339   2.924315     0.9335   2.924267      84.63     0.0253     2.9534     2.6117  30.914728  0.0208088   52.66530  -52.10094    34.1232    34.1230     0.9266     0.9262    27.3452    27.3450    7.26746    7.32570         28 0.0000e+00
      16624    692.622    169.000     0.9705   2.928151     0.9703   2.928062      97.77     0.0238     2.9547     2.6118  30.911421  0.0303965   52.66529  -52.10094    34.1320    34.1311     0.9631     0.9629    27.3498    27.3491    7.25233    7.31521         37 0.0000e+00
      16694    695.523    170.000     0.9984   2.931123     0.9937   2.930519      93.41     0.0266     2.9531     2.6102  30.898775  0.0640612   52.66528  -52.10094    34.1390    34.1365     0.9910     0.9862    27.3537    27.3520    7.22420    7.28677         85 0.0000e+00
      16749    697.825    171.000     1.0645   2.937972     1.0637   2.938249      84.13     0.0274     2.9485     2.6052  30.908133  0.0894989   52.66527  -52.10094    34.1542    34.1546     1.0568     1.0566    27.3616    27.3618    7.18716    7.24762         37 0.0000e+00
      16785    699.337    172.000     1.1015   2.941822     1.1016   2.941706      87.01     0.0236     2.9477     2.6050  30.907604  0.1084359   52.66526  -52.10094    34.1626    34.1611     1.0937     1.0938    27.3660    27.3647    7.22138    7.28752         36 0.0000e+00
      16818    700.692    173.000     1.1170   2.943478     1.1169   2.943369      96.81     0.0267     2.9515     2.6085  30.908415  0.1208105   52.66526  -52.10093    34.1663    34.1649     1.1091     1.1091    27.3679    27.3668    7.23734    7.29369         31 0.0000e+00
