data/CTD/2014/CNV/d017a018.cnv
* Sea-Bird SBE 9 Data File:
* FileName = C:\CTD_ACQUISITION\2014017HUD\ctddata\017A018.hdr
* Software Version Seasave V 7.22.2
* Temperature SN = 5081
* Conductivity SN = 3561
* Number of Bytes Per Scan = 37
* Number of Voltage Words = 4
* Number of Scans Averaged by the Deck Unit = 1
* NMEA Latitude = 52 56.12 N
* NMEA Longitude = 051 12.28 W
* NMEA UTC (Time) = Jul 04 2014 19:19:31
* NMEA baud rate = 9600
** Ship: Hudson
** Cruise: HUD2014017
** Chief_Scientist: Blair Greenan
** Organization: BIO
** Area_of_Operation: Sackville Spur
** Station: 018
** Sounding:  2361
** Event_Comments: K8 403079
# nquan = 25
# nvalues = 251                         
# units = specified
# name 0 = scan: Scan Count
# name 1 = timeS: Time, Elapsed [seconds]
# name 2 = prDM: Pressure, Digiquartz [db]
# name 3 = t068C: Temperature [ITS-68, deg C]
# name 4 = c0S/m: Conductivity [S/m]
# name 5 = t168C: Temperature, 2 [ITS-68, deg C]
# name 6 = c1S/m: Conductivity, 2 [S/m]
# name 7 = altM: Altimeter [m]
# name 8 = flC: Fluorescence, Chelsea Aqua 3 Chl Con [ug/l]
# name 9 = sbeox0V: Oxygen raw, SBE 43 [V]
# name 10 = sbeox1V: Oxygen raw, SBE 43, 2 [V]
# name 11 = upoly0: Upoly 0, Optode 4330F - O2 D-Phase
# name 12 = upoly1: Upoly 1, Optode 4330F - O2 Temp
# name 13 = latitude: Latitude [deg]
# name 14 = longitude: Longitude [deg]
# name 15 = sal00: Salinity, Practical [PSU]
# name 16 = sal11: Salinity, Practical, 2 [PSU]
# name 17 = potemp068C: Potential Temperature [ITS-68, deg C]
# name 18 = potemp168C: Potential Temperature, 2 [ITS-68, deg C]
# name 19 = sigma-é00: Density [sigma-theta, Kg/m^3]
# name 20 = sigma-é11: Density, 2 [sigma-theta, Kg/m^3]
# name 21 = sbeox0ML/L: Oxygen, SBE 43 [ml/l], WS = 2
# name 22 = sbeox1ML/L: Oxygen, SBE 43, 2 [ml/l], WS = 2
# name 23 = nbin: number of scans per bin
# name 24 = flag: flag
# span 0 =       8621,      16073       
# span 1 =    359.149,    669.654       
# span 2 =      2.000,    252.000       
# span 3 =     3.4525,     8.1381       
# span 4 =   3.193412,   3.559716       
# span 5 =     3.4523,     8.1376       
# span 6 =   3.193438,   3.559733       
# span 7 =      -0.59,     100.90       
# span 8 =     0.0099,     0.3272       
# span 9 =     2.9654,     3.4852       
# span 10 =     2.6162,     3.0493      
# span 11 =  29.999857,  33.174763      
# span 12 =  3.4533780,  8.1475925      
# span 13 =   52.93488,   52.93538      
# span 14 =  -51.20264,  -51.20240      
# span 15 =    34.1914,    34.8326      
# span 16 =    34.1846,    34.8330      
# span 17 =     3.4408,     8.1377      
# span 18 =     3.4405,     8.1372      
# span 19 =    26.6288,    27.7053      
# span 20 =    26.6295,    27.7056      
# span 21 =    6.83136,    7.47551      
# span 22 =    6.85347,    7.49100      
# span 23 =         11,         87      
# span 24 = 0.0000e+00, 0.0000e+00      
# interval = decibars: 1                
# start_time = Jul 04 2014 19:19:31 [NMEA time, header]
# bad_flag = -9.990e-29
*END*
[from data line 174]
      14249    593.664    176.000     3.4561   3.197349     3.4563   3.197397      82.22     0.0161     3.0191     2.6582  32.944920  3.4676850   52.93530  -51.20245    34.7903    34.7906     3.4445     3.4447    27.6756    27.6758    6.91361    6.92331         19 0.0000e+00
      14264    594.295    177.000     3.4538   3.197295     3.4538   3.197330      33.33     0.0138     3.0172     2.6570  32.945053  3.4681962   52.93530  -51.20246    34.7916    34.7920     3.4422     3.4422    27.6768    27.6772    6.90699    6.93395         14 0.0000e+00
      14277    594.828    178.000     3.4525   3.197415     3.4524   3.197450      85.73     0.0122     3.0160     2.6571  32.945053  3.4688849   52.93530  -51.20246    34.7938    34.7944     3.4409     3.4407    27.6788    27.6792    6.91214    6.93767         12 0.0000e+00
      14289    595.329    179.000     3.4525   3.197546     3.4523   3.197580      98.01     0.0147     3.0159     2.6567  32.960186  3.4638209   52.93530  -51.20246    34.7949    34.7955     3.4408     3.4405    27.6796    27.6801    6.91440    6.93182         12 0.0000e+00
      14301    595.847    180.000     3.4541   3.197809     3.4537   3.197856      98.63     0.0146     3.0161     2.6556  32.974155  3.4591637   52.93530  -51.20246    34.7959    34.7968     3.4423     3.4419    27.6803    27.6810    6.91243    6.92190         14 0.0000e+00
      14318    596.530    181.000     3.4569   3.198263     3.4566   3.198292      90.05     0.0202     3.0140     2.6543  32.974358  3.4590964   52.93530  -51.20246    34.7977    34.7984     3.4451     3.4447    27.6814    27.6820    6.90799    6.91644         21 0.0000e+00
      14377    599.011    182.000     3.4580   3.198449     3.4568   3.198279      92.62     0.0203     3.0117     2.6497  32.974358  3.4533780   52.93530  -51.20246    34.7982    34.7974     3.4461     3.4449    27.6817    27.6812    6.90665    6.91327         50 0.0000e+00
      14412    600.467    183.000     3.4589   3.198656     3.4585   3.198706      25.98     0.0218     3.0098     2.6488  32.974358  3.4592962   52.93530  -51.20246    34.7992    34.8002     3.4469     3.4465    27.6824    27.6833    6.90003    6.92777         16 0.0000e+00
      14425    601.006    184.000     3.4604   3.198963     3.4600   3.198981      99.43     0.0194     3.0093     2.6496  32.974358  3.4590964   52.93530  -51.20246    34.8007    34.8013     3.4484     3.4480    27.6835    27.6841    6.90342    6.93616         13 0.0000e+00
      14437    601.516    185.000     3.4623   3.199269     3.4618   3.199287      98.64     0.0178     3.0096     2.6503  32.994938  3.4639385   52.93530  -51.20246    34.8019    34.8026     3.4501     3.4496    27.6843    27.6849    6.90248    6.93273         12 0.0000e+00
      14449    602.009    186.000     3.4659   3.199817     3.4653   3.199858      98.64     0.0146     3.0089     2.6504  32.999878  3.4655688   52.93532  -51.20246    34.8041    34.8052     3.4537     3.4531    27.6857    27.6867    6.89907    6.92684         12 0.0000e+00
      14462    602.530    187.000     3.4703   3.200475     3.4698   3.200497      98.65     0.0148     3.0079     2.6498  33.001377  3.4673226   52.93532  -51.20246    34.8068    34.8075     3.4580     3.4576    27.6874    27.6880    6.89520    6.91982         13 0.0000e+00
      14479    603.267    188.000     3.4711   3.200638     3.4709   3.200662      98.53     0.0179     3.0074     2.6497  33.002937  3.4630129   52.93532  -51.20246    34.8073    34.8078     3.4588     3.4586    27.6877    27.6881    6.89659    6.91910         25 0.0000e+00
      14557    606.500    189.000     3.4700   3.200493     3.4686   3.200365      98.67     0.0190     3.0052     2.6470  33.005135  3.4651368   52.93531  -51.20247    34.8062    34.8061     3.4575     3.4561    27.6870    27.6870    6.89434    6.91114         38 0.0000e+00
      14589    607.845    190.000     3.4711   3.200727     3.4708   3.200757      98.65     0.0210     3.0039     2.6464  33.009552  3.4688911   52.93532  -51.20248    34.8073    34.8079     3.4586     3.4583    27.6877    27.6883    6.88973    6.90478         15 0.0000e+00
      14603    608.414    191.000     3.4713   3.200814     3.4710   3.200833      91.86     0.0207     3.0041     2.6453  33.012665  3.4688644   52.93532  -51.20248    34.8076    34.8081     3.4587     3.4584    27.6880    27.6885    6.88986    6.89768         13 0.0000e+00
      14615    608.921    192.000     3.4715   3.200897     3.4712   3.200914      82.34     0.0203     3.0032     2.6442  33.011646  3.4688644   52.93532  -51.20248    34.8077    34.8083     3.4589     3.4585    27.6881    27.6886    6.88618    6.89542         11 0.0000e+00
      14627    609.405    193.000     3.4723   3.201038     3.4719   3.201063      99.05     0.0190     3.0024     2.6437  33.019684  3.4688644   52.93532  -51.20248    34.8081    34.8088     3.4596     3.4592    27.6883    27.6889    6.88401    6.89755         12 0.0000e+00
      14639    609.898    194.000     3.4729   3.201160     3.4726   3.201175      98.65     0.0178     3.0021     2.6432  33.023216  3.4688644   52.93532  -51.20248    34.8084    34.8089     3.4601     3.4598    27.6885    27.6889    6.88709    6.89697         12 0.0000e+00
      14652    610.455    195.000     3.4734   3.201255     3.4731   3.201275      98.65     0.0174     3.0017     2.6424  33.028049  3.4688644   52.93532  -51.20248    34.8085    34.8090     3.4605     3.4602    27.6885    27.6890    6.88633    6.89713         15 0.0000e+00
      14670    611.219    196.000     3.4740   3.201378     3.4738   3.201405      71.28     0.0214     3.0007     2.6419  33.027878  3.4672332   52.93532  -51.20248    34.8087    34.8093     3.4611     3.4609    27.6886    27.6891    6.88120    6.90586         23 0.0000e+00
      14703    612.598    197.000     3.4748   3.201529     3.4746   3.201544      94.03     0.0218     2.9989     2.6418  33.032795  3.4666622   52.93532  -51.20248    34.8091    34.8095     3.4619     3.4616    27.6889    27.6892    6.87938    6.90199         44 0.0000e+00
      14744    614.296    198.000     3.4767   3.201878     3.4764   3.201906      92.98     0.0202     2.9973     2.6405  33.032967  3.4689896   52.93532  -51.20248    34.8107    34.8114     3.4637     3.4634    27.6900    27.6905    6.87743    6.89585         31 0.0000e+00
      14767    615.270    199.000     3.4788   3.202242     3.4785   3.202267      92.90     0.0181     2.9969     2.6398  33.035896  3.4688644   52.93532  -51.20250    34.8123    34.8130     3.4657     3.4654    27.6911    27.6916    6.87851    6.88792         20 0.0000e+00
      14786    616.038    200.000     3.4799   3.202465     3.4795   3.202486      98.62     0.0203     2.9961     2.6382  33.040703  3.4688644   52.93532  -51.20250    34.8133    34.8140     3.4667     3.4663    27.6917    27.6923    6.87429    6.87873         17 0.0000e+00
      14804    616.810    201.000     3.4807   3.202614     3.4802   3.202625      98.64     0.0187     2.9953     2.6369  33.041756  3.4688644   52.93532  -51.20249    34.8137    34.8144     3.4674     3.4669    27.6920    27.6926    6.87660    6.88333         20 0.0000e+00
      14830    617.888    202.000     3.4818   3.202821     3.4814   3.202811      86.75     0.0186     2.9948     2.6370  33.059830  3.4688644   52.93532  -51.20248    34.8144    34.8148     3.4685     3.4680    27.6925    27.6928    6.87442    6.89901         35 0.0000e+00
      14874    619.699    203.000     3.4826   3.202956     3.4824   3.202976      71.63     0.0175     2.9942     2.6380  33.062359  3.4693511   52.93532  -51.20249    34.8147    34.8151     3.4692     3.4690    27.6926    27.6930    6.87970    6.90114         43 0.0000e+00
      14905    620.999    204.000     3.4825   3.203011     3.4823   3.203025      85.30     0.0175     2.9936     2.6378  33.062271  3.4711649   52.93532  -51.20250    34.8148    34.8153     3.4691     3.4688    27.6928    27.6931    6.87448    6.89297         22 0.0000e+00
      14923    621.749    205.000     3.4827   3.203088     3.4825   3.203112      98.47     0.0174     2.9933     2.6372  33.073532  3.4788194   52.93532  -51.20250    34.8151    34.8156     3.4692     3.4697    27.6929    27.6934    6.87090    6.89277         16 0.0000e+00
      14938    622.388    206.000     3.4831   3.203186     3.4829   3.203222      98.29     0.0129     2.9923     2.6368  33.072014  3.4779685   52.93532  -51.20250    34.8153    34.8159     3.4695     3.4693    27.6930    27.6936    6.86786    6.89818         15 0.0000e+00
      14953    623.010    207.000     3.4834   3.203266     3.4831   3.203286      98.65     0.0117     2.9921     2.6374  33.072041  3.4786434   52.93532  -51.20250    34.8153    34.8159     3.4698     3.4695    27.6931    27.6935    6.86916    6.90083         15 0.0000e+00
      14969    623.683    208.000     3.4836   3.203333     3.4833   3.203349      82.22     0.0165     2.9916     2.6370  33.077698  3.4786325   52.93532  -51.20250    34.8154    34.8159     3.4698     3.4696    27.6931    27.6936    6.86794    6.89963         18 0.0000e+00
      14990    624.526    209.000     3.4837   3.203392     3.4835   3.203414      97.40     0.0158     2.9904     2.6372  33.069431  3.4765472   52.93532  -51.20250    34.8155    34.8159     3.4699     3.4697    27.6932    27.6936    6.86871    6.90385         23 0.0000e+00
      15016    625.616    210.000     3.4839   3.203467     3.4837   3.203487      98.66     0.0111     2.9900     2.6369  33.084423  3.4730110   52.93533  -51.20251    34.8156    34.8161     3.4700     3.4698    27.6933    27.6937    6.86987    6.88688         28 0.0000e+00
      15043    626.741    211.000     3.4841   3.203561     3.4838   3.203567      85.00     0.0143     2.9897     2.6350  33.082741  3.4703505   52.93534  -51.20252    34.8159    34.8164     3.4702     3.4698    27.6935    27.6939    6.87408    6.88759         25 0.0000e+00
      15066    627.698    212.000     3.4844   3.203655     3.4841   3.203671      98.55     0.0191     2.9895     2.6346  33.084938  3.4787211   52.93534  -51.20252    34.8163    34.8168     3.4704     3.4701    27.6938    27.6942    6.87652    6.88941         22 0.0000e+00
      15087    628.600    213.000     3.4845   3.203718     3.4842   3.203740      84.08     0.0201     2.9897     2.6343  33.086243  3.4786325   52.93534  -51.20252    34.8164    34.8169     3.4704     3.4701    27.6938    27.6943    6.87151    6.89347         22 0.0000e+00
      15112    629.610    214.000     3.4846   3.203784     3.4843   3.203792      97.55     0.0167     2.9888     2.6341  33.090427  3.4782760   52.93534  -51.20252    34.8165    34.8169     3.4704     3.4701    27.6939    27.6943    6.87187    6.89728         27 0.0000e+00
      15141    630.838    215.000     3.4848   3.203860     3.4845   3.203872      98.52     0.0145     2.9888     2.6345  33.091579  3.4783175   52.93534  -51.20252    34.8166    34.8171     3.4706     3.4703    27.6940    27.6944    6.87599    6.89687         31 0.0000e+00
      15171    632.070    216.000     3.4849   3.203925     3.4846   3.203939      85.55     0.0147     2.9888     2.6340  33.091576  3.4786398   52.93534  -51.20252    34.8168    34.8172     3.4706     3.4704    27.6942    27.6945    6.87539    6.89242         27 0.0000e+00
      15194    633.061    217.000     3.4850   3.203988     3.4847   3.204004      98.63     0.0154     2.9886     2.6334  33.091576  3.4786325   52.93534  -51.20252    34.8168    34.8173     3.4707     3.4704    27.6942    27.6946    6.86990    6.88828         22 0.0000e+00
      15215    633.916    218.000     3.4850   3.204021     3.4847   3.204031      98.46     0.0136     2.9878     2.6329  33.091576  3.4786325   52.93534  -51.20252    34.8167    34.8172     3.4706     3.4703    27.6941    27.6945    6.87542    6.89082         19 0.0000e+00
      15235    634.729    219.000     3.4853   3.204117     3.4849   3.204126      98.30     0.0121     2.9881     2.6327  33.091576  3.4786325   52.93534  -51.20252    34.8170    34.8175     3.4708     3.4704    27.6943    27.6947    6.87519    6.89481         20 0.0000e+00
      15255    635.566    220.000     3.4853   3.204175     3.4850   3.204172      98.64     0.0133     2.9875     2.6327  33.111404  3.4786325   52.93534  -51.20252    34.8171    34.8175     3.4708     3.4704    27.6944    27.6947    6.86914    6.89807         21 0.0000e+00
      15277    636.519    221.000     3.4855   3.204248     3.4852   3.204263      85.33     0.0134     2.9866     2.6330  33.115517  3.4786325   52.93534  -51.20252    34.8173    34.8177     3.4709     3.4706    27.6945    27.6949    6.86588    6.89830         25 0.0000e+00
      15304    637.607    222.000     3.4857   3.204332     3.4854   3.204330      97.63     0.0138     2.9861     2.6327  33.096039  3.4786325   52.93534  -51.20253    34.8175    34.8178     3.4710     3.4707    27.6947    27.6949    6.86756    6.88992         26 0.0000e+00
      15329    638.654    223.000     3.4858   3.204381     3.4855   3.204398      98.66     0.0168     2.9846     2.6311  33.092770  3.4786325   52.93534  -51.20254    34.8174    34.8179     3.4710     3.4708    27.6946    27.6951    6.86029    6.87858         24 0.0000e+00
      15351    639.584    224.000     3.4860   3.204462     3.4857   3.204463      83.12     0.0197     2.9845     2.6302  33.109028  3.4786325   52.93534  -51.20254    34.8177    34.8180     3.4711     3.4715    27.6948    27.6951    6.87156    6.88392         21 0.0000e+00
      15373    640.491    225.000     3.4863   3.204573     3.4860   3.204589      96.19     0.0204     2.9844     2.6298  33.111931  3.4786325   52.93534  -51.20254    34.8181    34.8186     3.4714     3.4711    27.6952    27.6956    6.87012    6.88773         23 0.0000e+00
      15396    641.463    226.000     3.4867   3.204738     3.4864   3.204726      93.25     0.0164     2.9837     2.6293  33.115929  3.4786325   52.93534  -51.20254    34.8191    34.8193     3.4717     3.4715    27.6959    27.6961    6.85780    6.88325         24 0.0000e+00
      15420    642.479    227.000     3.4872   3.204869     3.4868   3.204862      64.21     0.0172     2.9819     2.6285  33.119049  3.4786325   52.93534  -51.20254    34.8197    34.8199     3.4721     3.4718    27.6963    27.6966    6.85285    6.87735         24 0.0000e+00
      15442    643.386    228.000     3.4876   3.204996     3.4873   3.205013      94.76     0.0195     2.9809     2.6275  33.108410  3.4786325   52.93536  -51.20254    34.8202    34.8207     3.4725     3.4722    27.6967    27.6971    6.85075    6.87276         19 0.0000e+00
      15461    644.159    229.000     3.4879   3.205096     3.4876   3.205113      98.72     0.0190     2.9797     2.6264  33.104534  3.4786325   52.93536  -51.20254    34.8205    34.8211     3.4727     3.4724    27.6969    27.6974    6.84700    6.87396         18 0.0000e+00
      15479    644.897    230.000     3.4882   3.205198     3.4879   3.205211      98.65     0.0172     2.9789     2.6260  33.106232  3.4786325   52.93536  -51.20254    34.8209    34.8213     3.4730     3.4727    27.6972    27.6976    6.85136    6.87201         18 0.0000e+00
      15499    645.752    231.000     3.4888   3.205338     3.4885   3.205353      82.29     0.0159     2.9782     2.6249  33.120560  3.4786325   52.93536  -51.20254    34.8214    34.8219     3.4734     3.4732    27.6976    27.6980    6.85635    6.86828         24 0.0000e+00
      15532    647.123    232.000     3.4913   3.205864     3.4910   3.205868      98.12     0.0205     2.9777     2.6235  33.120880  3.4786325   52.93536  -51.20254    34.8245    34.8249     3.4759     3.4756    27.6998    27.7001    6.85423    6.86707         43 0.0000e+00
