data/CTD/2014/CNV/d017a028.cnv
* Sea-Bird SBE 9 Data File:
* FileName = C:\CTD_ACQUISITION\2014017HUD\ctddata\017A028.hdr
* Software Version Seasave V 7.22.2
* Temperature SN = 5081
* Conductivity SN = 3561
* Number of Bytes Per Scan = 37
* Number of Voltage Words = 4
* Number of Scans Averaged by the Deck Unit = 1
* NMEA Latitude = 48 50.76 N
* NMEA Longitude = 045 44.71 W
* NMEA UTC (Time) = Jul 07 2014 02:20:34
* NMEA baud rate = 9600
** Ship: Hudson
** Cruise: HUD2014017
** Chief_Scientist: Blair Greenan
** Organization: BIO
** Area_of_Operation: Sackville Spur
** Station: 028
** Sounding:  2020
** Event_Comments: SS_26, 403163
# nquan = 25
# nvalues = 2078                        
# units = specified
# name 0 = scan: Scan Count
# name 1 = timeS: Time, Elapsed [seconds]
# name 2 = prDM: Pressure, Digiquartz [db]
# name 3 = t068C: Temperature [ITS-68, deg C]
# name 4 = c0S/m: Conductivity [S/m]
# name 5 = t168C: Temperature, 2 [ITS-68, deg C]
# name 6 = c1S/m: Conductivity, 2 [S/m]
# name 7 = altM: Altimeter [m]
# name 8 = flC: Fluorescence, Chelsea Aqua 3 Chl Con [ug/l]
# name 9 = sbeox0V: Oxygen raw, SBE 43 [V]
# name 10 = sbeox1V: Oxygen raw, SBE 43, 2 [V]
# name 11 = upoly0: Upoly 0, Optode 4330F - O2 D-Phase
# name 12 = upoly1: Upoly 1, Optode 4330F - O2 Temp
# name 13 = latitude: Latitude [deg]
# name 14 = longitude: Longitude [deg]
# name 15 = sal00: Salinity, Practical [PSU]
# name 16 = sal11: Salinity, Practical, 2 [PSU]
# name 17 = potemp068C: Potential Temperature [ITS-68, deg C]
# name 18 = potemp168C: Potential Temperature, 2 [ITS-68, deg C]
# name 19 = sigma-é00: Density [sigma-theta, Kg/m^3]
# name 20 = sigma-é11: Density, 2 [sigma-theta, Kg/m^3]
# name 21 = sbeox0ML/L: Oxygen, SBE 43 [ml/l], WS = 2
# name 22 = sbeox1ML/L: Oxygen, SBE 43, 2 [ml/l], WS = 2
# name 23 = nbin: number of scans per bin
# name 24 = flag: flag
# span 0 =       6592,      58990       
# span 1 =    274.645,   2457.875       
# span 2 =     11.000,   2088.000       
# span 3 =     2.7195,     8.5341       
# span 4 =   3.103398,   3.559521       
# span 5 =     2.7191,     8.5419       
# span 6 =   3.103266,   3.560004       
# span 7 =       4.81,     105.57       
# span 8 =     0.0076,     0.3482       
# span 9 =     2.2862,     3.5502       
# span 10 =     2.0234,     3.0761      
# span 11 =  30.070221,  35.278572      
# span 12 =  2.8401649,  8.5248871      
# span 13 =   48.84606,   48.84819      
# span 14 =  -45.74492,  -45.74166      
# span 15 =    33.8158,    34.9162      
# span 16 =    33.8138,    34.9156      
# span 17 =     2.7153,     8.5333      
# span 18 =     2.7149,     8.5408      
# span 19 =    26.2639,    27.8382      
# span 20 =    26.2611,    27.8378      
# span 21 =    6.26793,    7.72402      
# span 22 =    6.24976,    7.75053      
# span 23 =         12,         90      
# span 24 = 0.0000e+00, 0.0000e+00      
# interval = decibars: 1                
# start_time = Jul 07 2014 02:20:34 [NMEA time, header]
# bad_flag = -9.990e-29
*END*
[from data line 174]
      13580    565.805    185.000     3.4541   3.191362     3.4539   3.191297      99.10     0.0216     2.9646     2.6166  33.326008  3.4200244   48.84630  -45.74421    34.7153    34.7147     3.4420     3.4418    27.6160    27.6156    6.79050    6.82603         15 0.0000e+00
      13594    566.392    186.000     3.4536   3.191413     3.4534   3.191355      19.28     0.0192     2.9645     2.6167  33.326008  3.4214118   48.84630  -45.74420    34.7158    34.7153     3.4415     3.4413    27.6165    27.6161    6.79400    6.82354         14 0.0000e+00
      13609    566.985    187.000     3.4548   3.191675     3.4546   3.191612      77.97     0.0204     2.9648     2.6164  33.326008  3.4295838   48.84630  -45.74420    34.7171    34.7166     3.4426     3.4424    27.6175    27.6171    6.79450    6.82539         15 0.0000e+00
      13625    567.683    188.000     3.4580   3.192100     3.4578   3.192041      97.44     0.0209     2.9647     2.6168  33.326008  3.4297924   48.84630  -45.74420    34.7183    34.7178     3.4457     3.4455    27.6181    27.6177    6.79292    6.82682         20 0.0000e+00
      13663    569.258    189.000     3.4622   3.192618     3.4617   3.192522      75.64     0.0191     2.9646     2.6156  33.319355  3.4297924   48.84630  -45.74420    34.7196    34.7190     3.4498     3.4493    27.6187    27.6183    6.79475    6.81270         58 0.0000e+00
      13712    571.286    190.000     3.4729   3.193907     3.4725   3.193854     100.26     0.0176     2.9650     2.6140  33.301697  3.4405653   48.84630  -45.74418    34.7232    34.7229     3.4604     3.4600    27.6205    27.6204    6.80062    6.80954         29 0.0000e+00
      13735    572.229    191.000     3.4816   3.195001     3.4814   3.194942      38.91     0.0201     2.9656     2.6137  33.303699  3.4424009   48.84630  -45.74418    34.7264    34.7260     3.4691     3.4688    27.6223    27.6220    6.79794    6.81229         21 0.0000e+00
      13755    573.090    192.000     3.4842   3.195429     3.4842   3.195372      78.52     0.0213     2.9656     2.6136  33.317043  3.4536049   48.84630  -45.74418    34.7283    34.7276     3.4716     3.4716    27.6235    27.6230    6.79755    6.81091         21 0.0000e+00
      13775    573.918    193.000     3.4811   3.195214     3.4810   3.195141      98.67     0.0189     2.9661     2.6134  33.317524  3.4539561   48.84630  -45.74418    34.7285    34.7277     3.4684     3.4683    27.6240    27.6234    6.80125    6.81140         19 0.0000e+00
      13793    574.669    194.000     3.4829   3.195555     3.4825   3.195481      98.64     0.0177     2.9661     2.6132  33.313931  3.4573834   48.84629  -45.74418    34.7301    34.7296     3.4702     3.4697    27.6251    27.6248    6.79451    6.81387         17 0.0000e+00
      13809    575.327    195.000     3.4859   3.195967     3.4854   3.195872      27.26     0.0161     2.9651     2.6131  33.312366  3.4591343   48.84628  -45.74418    34.7314    34.7307     3.4730     3.4726    27.6258    27.6253    6.79271    6.81540         14 0.0000e+00
      13823    575.913    196.000     3.4861   3.196043     3.4857   3.195959      66.36     0.0148     2.9655     2.6136  33.313480  3.4590964   48.84628  -45.74418    34.7315    34.7309     3.4732     3.4728    27.6259    27.6255    6.79633    6.81729         14 0.0000e+00
      13837    576.498    197.000     3.4859   3.196068     3.4857   3.195992      98.54     0.0183     2.9654     2.6132  33.310387  3.4597456   48.84628  -45.74418    34.7314    34.7307     3.4730     3.4728    27.6258    27.6253    6.79046    6.81871         15 0.0000e+00
      13853    577.168    198.000     3.4859   3.196115     3.4857   3.196045      98.64     0.0200     2.9640     2.6137  33.298679  3.4622774   48.84628  -45.74418    34.7314    34.7308     3.4729     3.4727    27.6259    27.6254    6.78290    6.82264         18 0.0000e+00
      13881    578.346    199.000     3.4897   3.196572     3.4884   3.196375      66.46     0.0164     2.9632     2.6132  33.296822  3.4634304   48.84628  -45.74416    34.7323    34.7313     3.4766     3.4753    27.6262    27.6256    6.78089    6.80487         42 0.0000e+00
      13924    580.106    200.000     3.4965   3.197389     3.4967   3.197391     101.51     0.0126     2.9596     2.6100  33.296703  3.4693060   48.84628  -45.74416    34.7344    34.7341     3.4833     3.4836    27.6272    27.6270    6.75559    6.78564         32 0.0000e+00
      13946    581.054    201.000     3.5009   3.197965     3.5007   3.197901      63.92     0.0142     2.9572     2.6083  33.296703  3.4688644   48.84628  -45.74416    34.7361    34.7355     3.4876     3.4874    27.6282    27.6278    6.75483    6.77963         19 0.0000e+00
      13963    581.764    202.000     3.5045   3.198458     3.5041   3.198398      47.56     0.0158     2.9556     2.6067  33.296703  3.4694691   48.84628  -45.74416    34.7376    34.7373     3.4912     3.4908    27.6290    27.6288    6.75359    6.77720         16 0.0000e+00
      13979    582.434    203.000     3.5123   3.199432     3.5119   3.199386      98.37     0.0186     2.9546     2.6058  33.296703  3.4731188   48.84628  -45.74416    34.7405    34.7403     3.4989     3.4985    27.6306    27.6305    6.75518    6.77529         16 0.0000e+00
      13997    583.174    204.000     3.5200   3.200378     3.5196   3.200327      50.49     0.0165     2.9539     2.6045  33.296703  3.4842947   48.84628  -45.74416    34.7431    34.7429     3.5065     3.5061    27.6319    27.6317    6.75088    6.77095         20 0.0000e+00
      14023    584.261    205.000     3.5280   3.201297     3.5278   3.201249      43.39     0.0147     2.9509     2.6027  33.296703  3.4858003   48.84628  -45.74416    34.7451    34.7447     3.5144     3.5142    27.6327    27.6324    6.72771    6.76003         35 0.0000e+00
      14063    585.934    206.000     3.5378   3.202436     3.5376   3.202379      71.23     0.0153     2.9461     2.5986  33.296703  3.4934011   48.84628  -45.74414    34.7477    34.7473     3.5242     3.5239    27.6338    27.6335    6.71566    6.73411         38 0.0000e+00
      14092    587.135    207.000     3.5412   3.202874     3.5409   3.202806      80.81     0.0173     2.9427     2.5948  33.296703  3.5073922   48.84628  -45.74414    34.7489    34.7483     3.5274     3.5272    27.6344    27.6340    6.69933    6.72688         22 0.0000e+00
      14112    587.955    208.000     3.5416   3.202973     3.5415   3.202906      99.01     0.0163     2.9395     2.5929  33.296703  3.5074010   48.84628  -45.74414    34.7491    34.7484     3.5277     3.5276    27.6346    27.6341    6.69219    6.72811         18 0.0000e+00
      14128    588.643    209.000     3.5417   3.203048     3.5415   3.202978      98.64     0.0153     2.9374     2.5917  33.296703  3.5134027   48.84628  -45.74414    34.7493    34.7487     3.5278     3.5276    27.6348    27.6343    6.69375    6.72441         16 0.0000e+00
      14144    589.280    210.000     3.5455   3.203567     3.5448   3.203478      32.08     0.0165     2.9357     2.5903  33.296703  3.5176263   48.84628  -45.74414    34.7509    34.7506     3.5316     3.5309    27.6357    27.6355    6.69648    6.72100         15 0.0000e+00
      14159    589.898    211.000     3.5478   3.203908     3.5476   3.203832      64.92     0.0161     2.9347     2.5893  33.296703  3.5177045   48.84628  -45.74414    34.7520    34.7514     3.5338     3.5336    27.6363    27.6358    6.69573    6.72144         15 0.0000e+00
      14174    590.535    212.000     3.5537   3.204667     3.5530   3.204634      98.31     0.0194     2.9337     2.5883  33.297668  3.5189939   48.84628  -45.74414    34.7543    34.7547     3.5396     3.5389    27.6375    27.6379    6.69326    6.71513         15 0.0000e+00
      14191    591.231    213.000     3.5718   3.206681     3.5710   3.206623      41.68     0.0166     2.9325     2.5867  33.300781  3.5242298   48.84628  -45.74414    34.7587    34.7588     3.5576     3.5568    27.6393    27.6395    6.69203    6.70696         18 0.0000e+00
      14210    592.032    214.000     3.5904   3.208680     3.5892   3.208586      74.76     0.0153     2.9315     2.5856  33.297440  3.5205381   48.84628  -45.74414    34.7623    34.7625     3.5761     3.5749    27.6403    27.6406    6.69557    6.71057         21 0.0000e+00
      14233    592.996    215.000     3.5967   3.209391     3.5966   3.209336      98.03     0.0164     2.9315     2.5851  33.311546  3.5349796   48.84628  -45.74414    34.7636    34.7631     3.5823     3.5822    27.6407    27.6403    6.69893    6.71449         26 0.0000e+00
      14263    594.238    216.000     3.5990   3.209667     3.6000   3.209735      54.84     0.0146     2.9314     2.5846  33.315987  3.5433443   48.84628  -45.74414    34.7639    34.7636     3.5845     3.5856    27.6408    27.6404    6.70274    6.71274         34 0.0000e+00
      14298    595.708    217.000     3.6005   3.209855     3.6007   3.209839      66.84     0.0217     2.9313     2.5834  33.326588  3.5601702   48.84628  -45.74414    34.7641    34.7636     3.5859     3.5862    27.6408    27.6404    6.68444    6.69497         34 0.0000e+00
      14329    597.019    218.000     3.5989   3.209825     3.5991   3.209786      99.62     0.0199     2.9276     2.5801  33.338402  3.5692649   48.84628  -45.74413    34.7648    34.7642     3.5843     3.5845    27.6415    27.6410    6.65981    6.67994         28 0.0000e+00
      14355    598.071    219.000     3.6006   3.210060     3.6002   3.209985      98.64     0.0150     2.9248     2.5778  33.340076  3.5708408   48.84628  -45.74412    34.7653    34.7648     3.5859     3.5856    27.6418    27.6413    6.65698    6.67322         23 0.0000e+00
      14376    598.956    220.000     3.6019   3.210271     3.6015   3.210187      72.81     0.0154     2.9215     2.5757  33.354877  3.5759270   48.84628  -45.74412    34.7659    34.7653     3.5872     3.5868    27.6421    27.6417    6.64654    6.67215         20 0.0000e+00
      14395    599.770    221.000     3.6117   3.211394     3.6105   3.211285      42.87     0.0182     2.9200     2.5746  33.355331  3.5763245   48.84628  -45.74413    34.7686    34.7683     3.5969     3.5957    27.6433    27.6432    6.64903    6.66917         19 0.0000e+00
      14414    600.536    222.000     3.6335   3.213742     3.6304   3.213519      99.69     0.0179     2.9184     2.5731  33.361118  3.5763125   48.84628  -45.74414    34.7727    34.7734     3.6186     3.6154    27.6444    27.6453    6.64541    6.66497         18 0.0000e+00
      14431    601.266    223.000     3.6647   3.216991     3.6655   3.217321      93.99     0.0178     2.9170     2.5724  33.370159  3.5763125   48.84628  -45.74414    34.7779    34.7810     3.6497     3.6520    27.6454    27.6478    6.63989    6.66376         17 0.0000e+00
      14448    601.977    224.000     3.6981   3.220474     3.6977   3.220441      24.47     0.0185     2.9163     2.5723  33.369965  3.5763125   48.84628  -45.74414    34.7835    34.7835     3.6829     3.6825    27.6465    27.6466    6.63658    6.65623         17 0.0000e+00
      14465    602.683    225.000     3.6986   3.220614     3.6985   3.220563      31.38     0.0160     2.9159     2.5712  33.362907  3.5968933   48.84628  -45.74414    34.7841    34.7836     3.6834     3.6832    27.6470    27.6466    6.63554    6.65033         17 0.0000e+00
      14483    603.410    226.000     3.6967   3.220519     3.6968   3.220469      98.04     0.0153     2.9144     2.5704  33.363789  3.6116536   48.84628  -45.74414    34.7844    34.7838     3.6814     3.6814    27.6474    27.6469    6.63785    6.65340         19 0.0000e+00
      14502    604.218    227.000     3.6954   3.220435     3.6954   3.220384      41.82     0.0176     2.9147     2.5700  33.365032  3.6152458   48.84628  -45.74414    34.7843    34.7837     3.6800     3.6800    27.6474    27.6470    6.65053    6.65463         21 0.0000e+00
      14528    605.281    228.000     3.6948   3.220426     3.6949   3.220369      85.54     0.0176     2.9151     2.5696  33.383671  3.6525681   48.84628  -45.74414    34.7842    34.7835     3.6794     3.6794    27.6475    27.6469    6.65016    6.65409         31 0.0000e+00
      14563    606.768    229.000     3.6925   3.220269     3.6918   3.220139      76.31     0.0153     2.9156     2.5678  33.393398  3.6600323   48.84628  -45.74413    34.7843    34.7835     3.6770     3.6763    27.6478    27.6472    6.65656    6.64622         36 0.0000e+00
      14596    608.115    230.000     3.6856   3.219674     3.6843   3.219476      39.11     0.0164     2.9159     2.5673  33.400448  3.6639817   48.84628  -45.74412    34.7839    34.7831     3.6700     3.6693    27.6482    27.6477    6.64955    6.65183         29 0.0000e+00
      14622    609.213    231.000     3.6815   3.219333     3.6824   3.219345      98.87     0.0198     2.9151     2.5662  33.413975  3.6642261   48.84628  -45.74412    34.7837    34.7829     3.6659     3.6668    27.6484    27.6477    6.64226    6.64175         25 0.0000e+00
      14645    610.183    232.000     3.6781   3.219075     3.6788   3.219051      98.64     0.0163     2.9134     2.5652  33.414581  3.6642246   48.84628  -45.74412    34.7837    34.7827     3.6624     3.6631    27.6488    27.6479    6.63080    6.64819         22 0.0000e+00
      14666    611.055    233.000     3.6793   3.219278     3.6792   3.219203      98.64     0.0176     2.9119     2.5651  33.428448  3.6618037   48.84628  -45.74414    34.7842    34.7835     3.6636     3.6641    27.6491    27.6485    6.63119    6.65516         20 0.0000e+00
      14685    611.835    234.000     3.6791   3.219328     3.6793   3.219276      89.83     0.0173     2.9109     2.5654  33.428570  3.6630785   48.84628  -45.74414    34.7845    34.7838     3.6633     3.6634    27.6494    27.6487    6.62836    6.65917         17 0.0000e+00
      14702    612.543    235.000     3.6793   3.219460     3.6800   3.219524      12.28     0.0164     2.9096     2.5657  33.434612  3.6584721   48.84628  -45.74414    34.7854    34.7853     3.6634     3.6649    27.6500    27.6499    6.62358    6.65574         17 0.0000e+00
      14718    613.200    236.000     3.6893   3.220553     3.6899   3.220650      97.76     0.0177     2.9082     2.5653  33.439255  3.6545067   48.84628  -45.74414    34.7873    34.7878     3.6732     3.6739    27.6506    27.6509    6.62256    6.65067         15 0.0000e+00
      14733    613.826    237.000     3.7091   3.222706     3.7092   3.222743      77.81     0.0145     2.9079     2.5652  33.441246  3.6544566   48.84628  -45.74414    34.7914    34.7918     3.6930     3.6931    27.6518    27.6521    6.62296    6.64777         15 0.0000e+00
      14748    614.462    238.000     3.7136   3.223251     3.7136   3.223188      48.83     0.0141     2.9068     2.5649  33.442280  3.6580236   48.84628  -45.74414    34.7927    34.7918     3.6974     3.6974    27.6524    27.6517    6.62248    6.65024         16 0.0000e+00
      14766    615.191    239.000     3.7146   3.223463     3.7146   3.223419      41.34     0.0152     2.9066     2.5652  33.443199  3.6640782   48.84628  -45.74414    34.7937    34.7932     3.6982     3.6990    27.6531    27.6527    6.63046    6.65669         19 0.0000e+00
      14791    616.243    240.000     3.7235   3.224496     3.7238   3.224475      67.54     0.0179     2.9070     2.5656  33.442799  3.6712918   48.84628  -45.74414    34.7959    34.7954     3.7072     3.7074    27.6540    27.6536    6.63420    6.65399         33 0.0000e+00
      14828    617.785    241.000     3.7264   3.224864     3.7264   3.224802      56.73     0.0199     2.9076     2.5656  33.442471  3.6891925   48.84630  -45.74414    34.7967    34.7960     3.7100     3.7099    27.6543    27.6538    6.64017    6.65431         39 0.0000e+00
