data/CTD/2014/CNV/d017a019.cnv
* Sea-Bird SBE 9 Data File:
* FileName = C:\CTD_ACQUISITION\2014017HUD\ctddata\017A019.hdr
* Software Version Seasave V 7.22.2
* Temperature SN = 5081
* Conductivity SN = 3561
* Number of Bytes Per Scan = 37
* Number of Voltage Words = 4
* Number of Scans Averaged by the Deck Unit = 1
* NMEA Latitude = 53 09.00 N
* NMEA Longitude = 050 44.34 W
* NMEA UTC (Time) = Jul 04 2014 21:31:06
* NMEA baud rate = 9600
** Ship: Hudson
** Cruise: HUD2014017
** Chief_Scientist: Blair Greenan
** Organization: BIO
** Area_of_Operation: Sackville Spur
** Station: 019
** Sounding:  2518
** Event_Comments: K9, 403089
# nquan = 25
# nvalues = 3073                        
# units = specified
# name 0 = scan: Scan Count
# name 1 = timeS: Time, Elapsed [seconds]
# name 2 = prDM: Pressure, Digiquartz [db]
# name 3 = t068C: Temperature [ITS-68, deg C]
# name 4 = c0S/m: Conductivity [S/m]
# name 5 = t168C: Temperature, 2 [ITS-68, deg C]
# name 6 = c1S/m: Conductivity, 2 [S/m]
# name 7 = altM: Altimeter [m]
# name 8 = flC: Fluorescence, Chelsea Aqua 3 Chl Con [ug/l]
# name 9 = sbeox0V: Oxygen raw, SBE 43 [V]
# name 10 = sbeox1V: Oxygen raw, SBE 43, 2 [V]
# name 11 = upoly0: Upoly 0, Optode 4330F - O2 D-Phase
# name 12 = upoly1: Upoly 1, Optode 4330F - O2 Temp
# name 13 = latitude: Latitude [deg]
# name 14 = longitude: Longitude [deg]
# name 15 = sal00: Salinity, Practical [PSU]
# name 16 = sal11: Salinity, Practical, 2 [PSU]
# name 17 = potemp068C: Potential Temperature [ITS-68, deg C]
# name 18 = potemp168C: Potential Temperature, 2 [ITS-68, deg C]
# name 19 = sigma-é00: Density [sigma-theta, Kg/m^3]
# name 20 = sigma-é11: Density, 2 [sigma-theta, Kg/m^3]
# name 21 = sbeox0ML/L: Oxygen, SBE 43 [ml/l], WS = 2
# name 22 = sbeox1ML/L: Oxygen, SBE 43, 2 [ml/l], WS = 2
# name 23 = nbin: number of scans per bin
# name 24 = flag: flag
# span 0 =       4773,      80405       
# span 1 =    198.825,   3350.183       
# span 2 =      1.000,   3073.000       
# span 3 =     1.8685,     8.8706       
# span 4 =   3.184416,   3.651466       
# span 5 =     1.8676,     8.8695       
# span 6 =   3.184345,   3.651386       
# span 7 =       0.51,     107.72       
# span 8 =     0.0041,     0.2655       
# span 9 =     2.1184,     3.4370       
# span 10 =     1.8766,     3.0100      
# span 11 =  29.995941,  35.587673      
# span 12 =  1.8560565,  8.8777218      
# span 13 =   53.15040,   53.15234      
# span 14 =  -50.73865,  -50.73314      
# span 15 =    34.4614,    34.9149      
# span 16 =    34.4613,    34.9144      
# span 17 =     1.6392,     8.8699      
# span 18 =     1.6382,     8.8690      
# span 19 =    26.7174,    27.9149      
# span 20 =    26.7175,    27.9153      
# span 21 =    6.23740,    7.29173      
# span 22 =    6.20871,    7.28733      
# span 23 =          9,         89      
# span 24 = 0.0000e+00, 0.0000e+00      
# interval = decibars: 1                
# start_time = Jul 04 2014 21:31:06 [NMEA time, header]
# bad_flag = -9.990e-29
*END*
[from data line 812]
      26098   1087.373    813.000     3.5397   3.238961     3.5402   3.238931      98.63     0.0141     2.7408     2.4216  33.684364  3.5283508   53.15148  -50.73706    34.8589    34.8581     3.4818     3.4822    27.7266    27.7259    6.66416    6.68202         22 0.0000e+00
      26115   1088.101    814.000     3.5400   3.239028     3.5391   3.238888      84.27     0.0148     2.7400     2.4207  33.687412  3.5269344   53.15148  -50.73704    34.8589    34.8581     3.4820     3.4811    27.7266    27.7261    6.66001    6.67641         18 0.0000e+00
      26133   1088.845    815.000     3.5384   3.238909     3.5389   3.238921      95.91     0.0117     2.7388     2.4200  33.681000  3.5339038   53.15148  -50.73704    34.8587    34.8583     3.4803     3.4808    27.7266    27.7263    6.65478    6.67581         17 0.0000e+00
      26150   1089.561    816.000     3.5401   3.239128     3.5415   3.239236      95.33     0.0169     2.7376     2.4192  33.683346  3.5356083   53.15148  -50.73704    34.8590    34.8588     3.4819     3.4833    27.7267    27.7264    6.65646    6.67408         18 0.0000e+00
      26168   1090.290    817.000     3.5491   3.240088     3.5481   3.239989      88.05     0.0165     2.7372     2.4185  33.687302  3.5250828   53.15148  -50.73704    34.8604    34.8600     3.4907     3.4926    27.7269    27.7267    6.65635    6.67327         18 0.0000e+00
      26187   1091.092    818.000     3.5525   3.240476     3.5519   3.240393      98.47     0.0123     2.7359     2.4178  33.683575  3.5255075   53.15148  -50.73704    34.8609    34.8605     3.4940     3.4935    27.7270    27.7267    6.64754    6.66893         20 0.0000e+00
      26209   1092.001    819.000     3.5532   3.240604     3.5533   3.240585      98.63     0.0141     2.7344     2.4167  33.684025  3.5219474   53.15148  -50.73704    34.8611    34.8607     3.4947     3.4948    27.7271    27.7268    6.64415    6.66156         23 0.0000e+00
      26232   1092.941    820.000     3.5544   3.240770     3.5546   3.240757      86.92     0.0130     2.7336     2.4153  33.682980  3.5332863   53.15148  -50.73704    34.8613    34.8609     3.4958     3.4960    27.7271    27.7268    6.65416    6.65932         22 0.0000e+00
      26255   1093.933    821.000     3.5590   3.241281     3.5584   3.241204      98.07     0.0195     2.7334     2.4147  33.683609  3.5318487   53.15148  -50.73704    34.8619    34.8617     3.5003     3.4997    27.7272    27.7271    6.65811    6.66996         27 0.0000e+00
      26288   1095.287    822.000     3.5632   3.241751     3.5630   3.241694      87.54     0.0192     2.7333     2.4152  33.691391  3.5363834   53.15148  -50.73704    34.8627    34.8622     3.5043     3.5042    27.7274    27.7270    6.66158    6.68229         38 0.0000e+00
      26321   1096.665    823.000     3.5625   3.241740     3.5623   3.241670      82.77     0.0131     2.7339     2.4162  33.692341  3.5440936   53.15148  -50.73703    34.8628    34.8620     3.5036     3.5035    27.7276    27.7270    6.66817    6.68130         24 0.0000e+00
      26341   1097.501    824.000     3.5574   3.241283     3.5571   3.241199      99.03     0.0145     2.7339     2.4161  33.692307  3.5470905   53.15148  -50.73702    34.8622    34.8614     3.4985     3.4982    27.7276    27.7270    6.66652    6.68024         18 0.0000e+00
      26357   1098.171    825.000     3.5561   3.241201     3.5553   3.241055      98.64     0.0157     2.7340     2.4161  33.693291  3.5476635   53.15148  -50.73702    34.8620    34.8611     3.4971     3.4964    27.7276    27.7269    6.67170    6.68561         15 0.0000e+00
      26372   1098.796    826.000     3.5529   3.240924     3.5525   3.240833      89.01     0.0160     2.7349     2.4165  33.714935  3.5489719   53.15148  -50.73702    34.8616    34.8609     3.4938     3.4935    27.7276    27.7271    6.67579    6.69383         15 0.0000e+00
      26388   1099.464    827.000     3.5476   3.240427     3.5480   3.240385      90.68     0.0139     2.7348     2.4172  33.714294  3.5470524   53.15148  -50.73702    34.8607    34.8598     3.4885     3.4889    27.7274    27.7267    6.67298    6.69457         18 0.0000e+00
      26422   1100.861    828.000     3.5454   3.240236     3.5456   3.240195      94.20     0.0126     2.7355     2.4177  33.714066  3.5467145   53.15148  -50.73702    34.8603    34.8596     3.4863     3.4864    27.7273    27.7267    6.68042    6.70007         58 0.0000e+00
      26471   1102.917    829.000     3.5445   3.240203     3.5436   3.240057      95.86     0.0170     2.7361     2.4195  33.716293  3.5382001   53.15148  -50.73701    34.8603    34.8595     3.4853     3.4844    27.7274    27.7268    6.67385    6.70388         24 0.0000e+00
      26488   1103.606    830.000     3.5414   3.239918     3.5413   3.239866      39.33     0.0157     2.7362     2.4194  33.718868  3.5354021   53.15148  -50.73700    34.8597    34.8591     3.4821     3.4821    27.7273    27.7268    6.67207    6.69511         16 0.0000e+00
      26503   1104.237    831.000     3.5396   3.239790     3.5391   3.239691      55.89     0.0131     2.7352     2.4188  33.718468  3.5287902   53.15148  -50.73700    34.8596    34.8589     3.4802     3.4797    27.7273    27.7268    6.67155    6.69205         14 0.0000e+00
      26517   1104.824    832.000     3.5386   3.239738     3.5387   3.239705      88.30     0.0114     2.7352     2.4186  33.717403  3.5395465   53.15148  -50.73700    34.8594    34.8589     3.4792     3.4793    27.7273    27.7269    6.67732    6.69718         14 0.0000e+00
      26531   1105.415    833.000     3.5384   3.239756     3.5378   3.239653      88.42     0.0134     2.7353     2.4186  33.715755  3.5417931   53.15148  -50.73700    34.8594    34.8588     3.4789     3.4783    27.7273    27.7269    6.67963    6.70110         15 0.0000e+00
      26549   1106.154    834.000     3.5358   3.239541     3.5358   3.239484      96.48     0.0165     2.7353     2.4188  33.714684  3.5359735   53.15148  -50.73700    34.8591    34.8584     3.4762     3.4762    27.7273    27.7267    6.68788    6.70622         23 0.0000e+00
      26608   1108.613    835.000     3.5357   3.239579     3.5365   3.239592      92.40     0.0130     2.7367     2.4194  33.713470  3.5208650   53.15148  -50.73699    34.8591    34.8583     3.4761     3.4769    27.7273    27.7267    6.69404    6.71157         35 0.0000e+00
      26632   1109.613    836.000     3.5360   3.239659     3.5356   3.239588      63.82     0.0122     2.7374     2.4201  33.713795  3.5209811   53.15148  -50.73698    34.8592    34.8587     3.4763     3.4759    27.7274    27.7271    6.69135    6.71012         15 0.0000e+00
      26646   1110.203    837.000     3.5350   3.239601     3.5354   3.239585      18.01     0.0138     2.7370     2.4200  33.715954  3.5192242   53.15148  -50.73698    34.8590    34.8584     3.4753     3.4756    27.7274    27.7268    6.67460    6.70031         13 0.0000e+00
      26659   1110.751    838.000     3.5294   3.239084     3.5296   3.239030      99.01     0.0143     2.7359     2.4193  33.715977  3.5282419   53.15148  -50.73698    34.8583    34.8574     3.4696     3.4698    27.7273    27.7266    6.67004    6.68803         13 0.0000e+00
      26672   1111.303    839.000     3.5252   3.238711     3.5235   3.238484      98.64     0.0130     2.7352     2.4183  33.712257  3.5350261   53.15148  -50.73698    34.8578    34.8569     3.4653     3.4636    27.7274    27.7268    6.66405    6.67931         14 0.0000e+00
      26687   1111.933    840.000     3.5293   3.239164     3.5281   3.239028      98.63     0.0129     2.7337     2.4166  33.713787  3.5305340   53.15148  -50.73698    34.8583    34.8580     3.4693     3.4681    27.7274    27.7272    6.66190    6.67398         17 0.0000e+00
      26730   1113.688    841.000     3.5316   3.239436     3.5313   3.239366      92.49     0.0144     2.7323     2.4149  33.717171  3.5176916   53.15149  -50.73698    34.8586    34.8581     3.4716     3.4712    27.7274    27.7270    6.66492    6.68530         39 0.0000e+00
      26774   1115.526    842.000     3.5460   3.240978     3.5434   3.240762      98.01     0.0168     2.7303     2.4142  33.716091  3.5151935   53.15150  -50.73698    34.8613    34.8613     3.4857     3.4831    27.7281    27.7284    6.66898    6.68557         16 0.0000e+00
      26788   1116.128    843.000     3.5572   3.242177     3.5563   3.242056      74.80     0.0128     2.7316     2.4140  33.710953  3.5141757   53.15150  -50.73698    34.8631    34.8627     3.4968     3.4959    27.7285    27.7282    6.67011    6.68313         14 0.0000e+00
      26802   1116.694    844.000     3.5581   3.242323     3.5579   3.242293      97.98     0.0115     2.7302     2.4136  33.713261  3.5205617   53.15150  -50.73697    34.8634    34.8632     3.4976     3.4974    27.7287    27.7285    6.66269    6.68552         14 0.0000e+00
      26815   1117.244    845.000     3.5571   3.242252     3.5586   3.242380      98.62     0.0093     2.7300     2.4136  33.713718  3.5169885   53.15150  -50.73696    34.8631    34.8630     3.4965     3.4980    27.7285    27.7283    6.67343    6.68807         13 0.0000e+00
      26829   1117.822    846.000     3.5433   3.240899     3.5514   3.241665      98.63     0.0123     2.7311     2.4137  33.713795  3.5196056   53.15150  -50.73696    34.8610    34.8616     3.4828     3.4908    27.7282    27.7279    6.68233    6.69179         15 0.0000e+00
      26846   1118.561    847.000     3.5450   3.241116     3.5426   3.240788      91.62     0.0147     2.7308     2.4135  33.712196  3.5291808   53.15150  -50.73697    34.8613    34.8599     3.4844     3.4820    27.7283    27.7274    6.67625    6.69260         23 0.0000e+00
      26906   1121.056    848.000     3.5400   3.240642     3.5399   3.240535      82.86     0.0191     2.7311     2.4150  33.720188  3.5277233   53.15150  -50.73697    34.8604    34.8594     3.4794     3.4792    27.7281    27.7273    6.68390    6.71230         35 0.0000e+00
      26936   1122.283    849.000     3.5341   3.240081     3.5339   3.240000      98.55     0.0187     2.7316     2.4161  33.718170  3.5337620   53.15150  -50.73696    34.8595    34.8587     3.4734     3.4732    27.7279    27.7273    6.67906    6.71061         17 0.0000e+00
      26952   1122.944    850.000     3.5338   3.240105     3.5329   3.239968      98.63     0.0218     2.7310     2.4161  33.717419  3.5351603   53.15150  -50.73696    34.8596    34.8589     3.4730     3.4721    27.7280    27.7276    6.67392    6.70627         14 0.0000e+00
      26966   1123.540    851.000     3.5314   3.239930     3.5313   3.239854      97.65     0.0220     2.7311     2.4161  33.718506  3.5308254   53.15150  -50.73696    34.8595    34.8587     3.4706     3.4705    27.7282    27.7276    6.67822    6.70485         14 0.0000e+00
      26980   1124.125    852.000     3.5284   3.239671     3.5282   3.239599      74.54     0.0236     2.7303     2.4158  33.715748  3.5294249   53.15150  -50.73696    34.8591    34.8584     3.4675     3.4673    27.7282    27.7277    6.67743    6.69949         15 0.0000e+00
      26995   1124.770    853.000     3.5278   3.239664     3.5275   3.239582      97.84     0.0207     2.7304     2.4151  33.721424  3.5197492   53.15150  -50.73696    34.8591    34.8585     3.4668     3.4665    27.7282    27.7278    6.67902    6.69460         17 0.0000e+00
      27018   1125.694    854.000     3.5288   3.239808     3.5284   3.239718      98.63     0.0160     2.7301     2.4141  33.721611  3.5166395   53.15150  -50.73696    34.8593    34.8586     3.4677     3.4673    27.7283    27.7278    6.68361    6.69112         30 0.0000e+00
      27056   1127.296    855.000     3.5297   3.239931     3.5292   3.239838      73.47     0.0110     2.7295     2.4128  33.721214  3.5106096   53.15150  -50.73696    34.8593    34.8586     3.4685     3.4681    27.7282    27.7278    6.66797    6.69266         39 0.0000e+00
      27088   1128.624    856.000     3.5296   3.239972     3.5292   3.239891      98.97     0.0139     2.7273     2.4122  33.720554  3.5124936   53.15150  -50.73696    34.8593    34.8587     3.4684     3.4680    27.7283    27.7278    6.66597    6.69367         28 0.0000e+00
      27113   1129.658    857.000     3.5299   3.240055     3.5294   3.239970      90.19     0.0134     2.7273     2.4117  33.721645  3.5145125   53.15150  -50.73696    34.8595    34.8589     3.4686     3.4681    27.7284    27.7280    6.67024    6.68953         21 0.0000e+00
      27132   1130.450    858.000     3.5306   3.240172     3.5302   3.240094      85.19     0.0129     2.7264     2.4112  33.718914  3.5160456   53.15150  -50.73696    34.8596    34.8591     3.4692     3.4688    27.7284    27.7281    6.66910    6.68613         17 0.0000e+00
      27148   1131.108    859.000     3.5308   3.240242     3.5302   3.240151      98.71     0.0120     2.7265     2.4103  33.711494  3.5140307   53.15150  -50.73694    34.8597    34.8593     3.4693     3.4687    27.7285    27.7282    6.66978    6.68182         16 0.0000e+00
      27162   1131.728    860.000     3.5350   3.240744     3.5346   3.240684      98.63     0.0140     2.7260     2.4100  33.713234  3.5149117   53.15150  -50.73694    34.8607    34.8604     3.4734     3.4730    27.7289    27.7287    6.66402    6.67818         14 0.0000e+00
      27178   1132.374    861.000     3.5382   3.241115     3.5377   3.241031      98.63     0.0155     2.7250     2.4088  33.720737  3.5102425   53.15150  -50.73694    34.8612    34.8607     3.4766     3.4760    27.7290    27.7287    6.66970    6.67264         17 0.0000e+00
      27198   1133.200    862.000     3.5392   3.241245     3.5389   3.241176      83.27     0.0125     2.7254     2.4079  33.721008  3.5110147   53.15150  -50.73696    34.8612    34.8607     3.4774     3.4771    27.7289    27.7285    6.66971    6.67693         25 0.0000e+00
      27243   1135.071    863.000     3.5410   3.241476     3.5407   3.241402      64.17     0.0158     2.7240     2.4074  33.715843  3.5146322   53.15150  -50.73696    34.8615    34.8609     3.4791     3.4789    27.7290    27.7285    6.66210    6.68740         55 0.0000e+00
      27278   1136.552    864.000     3.5412   3.241555     3.5410   3.241490      88.25     0.0124     2.7230     2.4077  33.713566  3.5195811   53.15150  -50.73696    34.8617    34.8612     3.4793     3.4790    27.7291    27.7287    6.65804    6.68841         22 0.0000e+00
      27297   1137.313    865.000     3.5415   3.241627     3.5415   3.241597      97.34     0.0162     2.7224     2.4076  33.715202  3.5287042   53.15150  -50.73694    34.8618    34.8614     3.4795     3.4795    27.7292    27.7288    6.65872    6.68704         16 0.0000e+00
      27312   1137.956    866.000     3.5421   3.241734     3.5418   3.241676      80.50     0.0181     2.7217     2.4076  33.716721  3.5248795   53.15150  -50.73694    34.8619    34.8615     3.4800     3.4797    27.7292    27.7289    6.66538    6.68556         15 0.0000e+00
      27327   1138.565    867.000     3.5432   3.241898     3.5431   3.241866      93.51     0.0181     2.7222     2.4072  33.720520  3.5191760   53.15150  -50.73694    34.8621    34.8618     3.4811     3.4810    27.7292    27.7291    6.66748    6.68327         15 0.0000e+00
      27342   1139.223    868.000     3.5448   3.242104     3.5445   3.242034      78.27     0.0166     2.7218     2.4071  33.724052  3.5254762   53.15150  -50.73694    34.8623    34.8619     3.4826     3.4822    27.7293    27.7290    6.66159    6.68125         17 0.0000e+00
      27367   1140.252    869.000     3.5448   3.242142     3.5445   3.242067      96.00     0.0135     2.7212     2.4065  33.731716  3.5211861   53.15150  -50.73695    34.8623    34.8617     3.4824     3.4834    27.7293    27.7288    6.66229    6.68195         38 0.0000e+00
