data/CTD/2014/CNV/d017a048.cnv
* Sea-Bird SBE 9 Data File:
* FileName = C:\CTD_ACQUISITION\2014017HUD\ctddata\017A048.hdr
* Software Version Seasave V 7.22.2
* Temperature SN = 5081
* Conductivity SN = 3561
* Number of Bytes Per Scan = 37
* Number of Voltage Words = 4
* Number of Scans Averaged by the Deck Unit = 1
* NMEA Latitude = 47 04.69 N
* NMEA Longitude = 047 16.88 W
* NMEA UTC (Time) = Jul 11 2014 07:27:43
* NMEA baud rate = 9600
** Ship: Hudson
** Cruise: HUD2014017
** Chief_Scientist: Blair Greenan
** Organization: BIO
** Area_of_Operation: Sackville Spur
** Station: 048
** Sounding:  405
** Event_Comments: CTD_1842, 403278
** CTD cast ~1 Nm south of Mooring_1842
# nquan = 25
# nvalues = 414                         
# units = specified
# name 0 = scan: Scan Count
# name 1 = timeS: Time, Elapsed [seconds]
# name 2 = prDM: Pressure, Digiquartz [db]
# name 3 = t068C: Temperature [ITS-68, deg C]
# name 4 = c0S/m: Conductivity [S/m]
# name 5 = t168C: Temperature, 2 [ITS-68, deg C]
# name 6 = c1S/m: Conductivity, 2 [S/m]
# name 7 = altM: Altimeter [m]
# name 8 = flC: Fluorescence, Chelsea Aqua 3 Chl Con [ug/l]
# name 9 = sbeox0V: Oxygen raw, SBE 43 [V]
# name 10 = sbeox1V: Oxygen raw, SBE 43, 2 [V]
# name 11 = upoly0: Upoly 0, Optode 4330F - O2 D-Phase
# name 12 = upoly1: Upoly 1, Optode 4330F - O2 Temp
# name 13 = latitude: Latitude [deg]
# name 14 = longitude: Longitude [deg]
# name 15 = sal00: Salinity, Practical [PSU]
# name 16 = sal11: Salinity, Practical, 2 [PSU]
# name 17 = potemp068C: Potential Temperature [ITS-68, deg C]
# name 18 = potemp168C: Potential Temperature, 2 [ITS-68, deg C]
# name 19 = sigma-é00: Density [sigma-theta, Kg/m^3]
# name 20 = sigma-é11: Density, 2 [sigma-theta, Kg/m^3]
# name 21 = sbeox0ML/L: Oxygen, SBE 43 [ml/l], WS = 2
# name 22 = sbeox1ML/L: Oxygen, SBE 43, 2 [ml/l], WS = 2
# name 23 = nbin: number of scans per bin
# name 24 = flag: flag
# span 0 =       6522,      19933       
# span 1 =    271.721,    830.521       
# span 2 =      3.000,    416.000       
# span 3 =    -1.6667,     8.1503       
# span 4 =   2.626132,   3.421479       
# span 5 =    -1.6676,     8.1502       
# span 6 =   2.626038,   3.421423       
# span 7 =       4.57,      99.94       
# span 8 =     0.0125,     0.3165       
# span 9 =     2.7818,     3.4932       
# span 10 =     2.4551,     2.9661      
# span 11 =  30.433157,  34.613266      
# span 12 = -1.5950257,  8.1970682      
# span 13 =   47.07772,   47.07834      
# span 14 =  -47.28131,  -47.28052      
# span 15 =    32.7186,    34.6417      
# span 16 =    32.7092,    34.6421      
# span 17 =    -1.6676,     8.1497      
# span 18 =    -1.6685,     8.1497      
# span 19 =    25.4618,    27.5804      
# span 20 =    25.4614,    27.5806      
# span 21 =    6.53320,    8.51430      
# span 22 =    6.55356,    8.41489      
# span 23 =         15,        103      
# span 24 = 0.0000e+00, 0.0000e+00      
# interval = decibars: 1                
# start_time = Jul 11 2014 07:27:43 [NMEA time, header]
# bad_flag = -9.990e-29
*END*
[from data line 232]
      14418    600.705    235.000     2.0932   3.036991     2.0922   3.036972      93.19     0.0166     2.8729     2.5386  33.996143  1.2571464   47.07802  -47.28055    34.2539    34.2548     2.0805     2.0795    27.3676    27.3684    6.81264    6.85294         23 0.0000e+00
      14443    601.757    236.000     2.1008   3.037794     2.1024   3.038080      93.48     0.0211     2.8700     2.5366  33.996746  1.3130320   47.07802  -47.28056    34.2552    34.2566     2.0880     2.0907    27.3681    27.3691    6.80610    6.85642         27 0.0000e+00
      14470    602.867    237.000     2.1114   3.039353     2.1141   3.039774      98.70     0.0222     2.8675     2.5342  34.000038  1.2815862   47.07802  -47.28056    34.2627    34.2650     2.0986     2.1012    27.3732    27.3749    6.80303    6.84509         26 0.0000e+00
      14495    603.905    238.000     2.1159   3.040103     2.1157   3.040023      89.22     0.0226     2.8650     2.5319  34.000000  1.3243437   47.07802  -47.28056    34.2666    34.2659     2.1030     2.1028    27.3760    27.3754    6.80204    6.84060         24 0.0000e+00
      14519    604.927    239.000     2.1010   3.039382     2.1037   3.039521      96.58     0.0234     2.8639     2.5303  33.985790  1.3032819   47.07802  -47.28056    34.2729    34.2719     2.0881     2.0908    27.3822    27.3812    6.80451    6.84364         25 0.0000e+00
      14545    605.997    240.000     2.0993   3.039313     2.0992   3.039320      85.49     0.0237     2.8624     2.5287  33.990223  1.3371879   47.07802  -47.28056    34.2735    34.2737     2.0863     2.0873    27.3829    27.3830    6.79982    6.84253         27 0.0000e+00
      14571    607.088    241.000     2.0998   3.039388     2.0993   3.039366      71.88     0.0196     2.8604     2.5274  34.014763  1.3288503   47.07802  -47.28056    34.2734    34.2737     2.0867     2.0862    27.3827    27.3830    6.79512    6.83793         25 0.0000e+00
      14595    608.092    242.000     2.0983   3.039304     2.0986   3.039316      98.89     0.0196     2.8589     2.5263  34.017223  1.3438114   47.07802  -47.28056    34.2733    34.2733     2.0852     2.0855    27.3828    27.3828    6.78785    6.84106         23 0.0000e+00
      14616    608.964    243.000     2.0959   3.039153     2.0958   3.039150      98.63     0.0192     2.8572     2.5256  34.029388  1.3078331   47.07802  -47.28056    34.2736    34.2736     2.0827     2.0827    27.3832    27.3832    6.78626    6.83182         19 0.0000e+00
      14635    609.751    244.000     2.0909   3.038802     2.0893   3.038676      92.23     0.0202     2.8558     2.5241  34.030075  1.3631264   47.07802  -47.28056    34.2740    34.2740     2.0777     2.0761    27.3839    27.3841    6.78719    6.82262         19 0.0000e+00
      14653    610.513    245.000     2.0909   3.038848     2.0917   3.038929      88.82     0.0192     2.8552     2.5223  34.048641  1.3058710   47.07802  -47.28056    34.2740    34.2741     2.0776     2.0784    27.3839    27.3840    6.79127    6.81994         18 0.0000e+00
      14673    611.336    246.000     2.0827   3.038275     2.0862   3.038531      98.42     0.0189     2.8542     2.5213  34.058392  1.3386805   47.07802  -47.28056    34.2751    34.2746     2.0694     2.0729    27.3855    27.3848    6.78583    6.83084         22 0.0000e+00
      14699    612.422    247.000     2.0811   3.038505     2.0811   3.038516      94.90     0.0203     2.8526     2.5210  34.066433  1.3188640   47.07802  -47.28056    34.2791    34.2793     2.0678     2.0677    27.3888    27.3890    6.78641    6.83878         32 0.0000e+00
      14736    613.939    248.000     2.0819   3.038728     2.0817   3.038720      54.16     0.0227     2.8511     2.5211  34.074165  1.3475522   47.07802  -47.28056    34.2805    34.2806     2.0685     2.0683    27.3898    27.3899    6.78591    6.83851         37 0.0000e+00
      14768    615.292    249.000     2.0836   3.039085     2.0833   3.039101      97.51     0.0196     2.8504     2.5204  34.075474  1.3309898   47.07802  -47.28056    34.2826    34.2831     2.0701     2.0698    27.3914    27.3919    6.78563    6.83360         27 0.0000e+00
      14790    616.227    250.000     2.0874   3.039730     2.0871   3.039742      81.45     0.0196     2.8497     2.5199  34.078724  1.3343524   47.07802  -47.28058    34.2859    34.2864     2.0739     2.0735    27.3938    27.3942    6.78466    6.83174         19 0.0000e+00
      14808    616.966    251.000     2.0952   3.040684     2.0951   3.040749      94.56     0.0159     2.8491     2.5198  34.088005  1.3035172   47.07802  -47.28058    34.2889    34.2898     2.0816     2.0815    27.3956    27.3962    6.79473    6.83783         17 0.0000e+00
      14824    617.628    252.000     2.1039   3.041673     2.1025   3.041611      89.40     0.0197     2.8507     2.5201  34.087914  1.3625005   47.07802  -47.28057    34.2913    34.2920     2.0902     2.0888    27.3968    27.3975    6.79503    6.84015         15 0.0000e+00
      14840    618.290    253.000     2.1208   3.043533     2.1201   3.043620      98.61     0.0186     2.8498     2.5200  34.093071  1.3274642   47.07802  -47.28056    34.2957    34.2975     2.1070     2.1063    27.3990    27.4005    6.77761    6.83359         17 0.0000e+00
      14858    619.038    254.000     2.1358   3.045188     2.1345   3.045138      83.61     0.0183     2.8487     2.5200  34.101555  1.3234507   47.07802  -47.28056    34.2996    34.3004     2.1219     2.1206    27.4009    27.4017    6.77369    6.81925         20 0.0000e+00
      14882    620.050    255.000     2.1587   3.047682     2.1580   3.047796      97.44     0.0205     2.8481     2.5184  34.105476  1.3503214   47.07802  -47.28056    34.3055    34.3076     2.1447     2.1440    27.4038    27.4055    6.76176    6.80624         29 0.0000e+00
      14917    621.505    256.000     2.2071   3.052774     2.2051   3.052706      93.10     0.0236     2.8452     2.5161  34.117043  1.3824214   47.07802  -47.28058    34.3161    34.3174     2.1930     2.1910    27.4084    27.4096    6.73621    6.78541         38 0.0000e+00
      14950    622.870    257.000     2.2378   3.056080     2.2355   3.055990      93.64     0.0245     2.8429     2.5140  34.103851  1.3862232   47.07802  -47.28058    34.3236    34.3250     2.2235     2.2212    27.4120    27.4133    6.73366    6.77616         27 0.0000e+00
      14973    623.829    258.000     2.2713   3.059948     2.2693   3.059940      98.72     0.0188     2.8417     2.5124  34.102539  1.4399439   47.07802  -47.28058    34.3350    34.3371     2.2569     2.2549    27.4184    27.4202    6.72857    6.76527         20 0.0000e+00
      14992    624.624    259.000     2.2849   3.061864     2.2844   3.061869      87.58     0.0167     2.8408     2.5117  34.104107  1.4171032   47.07802  -47.28058    34.3436    34.3442     2.2704     2.2699    27.4241    27.4247    6.72456    6.76184         19 0.0000e+00
      15010    625.372    260.000     2.2824   3.062030     2.2824   3.062039      62.21     0.0125     2.8406     2.5104  34.105148  1.4708101   47.07802  -47.28058    34.3478    34.3479     2.2679     2.2679    27.4277    27.4278    6.72346    6.75635         17 0.0000e+00
      15028    626.134    261.000     2.2805   3.061986     2.2805   3.061994      99.07     0.0149     2.8394     2.5095  34.104877  1.4752115   47.07802  -47.28058    34.3487    34.3489     2.2659     2.2659    27.4286    27.4287    6.72859    6.76056         19 0.0000e+00
      15048    626.950    262.000     2.2792   3.061960     2.2791   3.061961      98.63     0.0221     2.8397     2.5090  34.102589  1.4904588   47.07800  -47.28058    34.3492    34.3494     2.2646     2.2644    27.4291    27.4293    6.72849    6.75524         21 0.0000e+00
      15071    627.897    263.000     2.2788   3.061997     2.2787   3.061990      86.26     0.0253     2.8384     2.5072  34.103138  1.5292852   47.07800  -47.28058    34.3496    34.3496     2.2641     2.2640    27.4295    27.4294    6.72646    6.75216         25 0.0000e+00
      15098    629.021    264.000     2.2787   3.062054     2.2785   3.062051      96.92     0.0233     2.8390     2.5068  34.116177  1.5047864   47.07800  -47.28058    34.3499    34.3500     2.2639     2.2638    27.4297    27.4298    6.74216    6.76915         28 0.0000e+00
      15126    630.212    265.000     2.2789   3.062167     2.2787   3.062160      98.64     0.0199     2.8398     2.5078  34.117729  1.5227352   47.07800  -47.28058    34.3504    34.3506     2.2641     2.2639    27.4302    27.4303    6.75062    6.78206         29 0.0000e+00
      15153    631.345    266.000     2.2796   3.062320     2.2793   3.062299      84.34     0.0183     2.8416     2.5090  34.117783  1.5585537   47.07800  -47.28058    34.3511    34.3511     2.2647     2.2644    27.4306    27.4307    6.75519    6.78573         26 0.0000e+00
      15178    632.372    267.000     2.2805   3.062470     2.2800   3.062440      74.30     0.0182     2.8415     2.5102  34.124207  1.5272366   47.07800  -47.28058    34.3515    34.3516     2.2655     2.2650    27.4309    27.4310    6.75045    6.79439         23 0.0000e+00
      15200    633.290    268.000     2.2813   3.062626     2.2809   3.062606      49.55     0.0167     2.8427     2.5112  34.131855  1.5194619   47.07800  -47.28058    34.3519    34.3521     2.2663     2.2659    27.4311    27.4313    6.75417    6.78952         21 0.0000e+00
      15221    634.151    269.000     2.2847   3.063094     2.2843   3.063084      79.64     0.0144     2.8425     2.5113  34.135292  1.5217321   47.07800  -47.28058    34.3535    34.3538     2.2696     2.2692    27.4322    27.4324    6.75327    6.77799         21 0.0000e+00
      15242    635.025    270.000     2.2963   3.064497     2.2950   3.064467      98.33     0.0154     2.8433     2.5102  34.145618  1.5071757   47.07800  -47.28058    34.3579    34.3589     2.2811     2.2798    27.4347    27.4357    6.74582    6.76227         21 0.0000e+00
      15264    635.946    271.000     2.3179   3.066941     2.3167   3.066941      86.85     0.0181     2.8420     2.5091  34.146511  1.5415643   47.07800  -47.28058    34.3644    34.3657     2.3026     2.3014    27.4382    27.4393    6.72854    6.77124         23 0.0000e+00
      15287    636.912    272.000     2.3383   3.069187     2.3374   3.069186      84.86     0.0165     2.8417     2.5101  34.151588  1.5077949   47.07800  -47.28058    34.3697    34.3707     2.3230     2.3220    27.4407    27.4416    6.74894    6.78903         23 0.0000e+00
      15311    637.918    273.000     2.3500   3.070509     2.3495   3.070518      95.46     0.0198     2.8436     2.5120  34.150620  1.5465671   47.07799  -47.28058    34.3730    34.3736     2.3345     2.3341    27.4424    27.4429    6.77065    6.80206         25 0.0000e+00
      15335    638.909    274.000     2.3530   3.071013     2.3530   3.071020      98.61     0.0169     2.8463     2.5144  34.139599  1.5374200   47.07798  -47.28058    34.3754    34.3755     2.3375     2.3375    27.4441    27.4442    6.77440    6.80862         23 0.0000e+00
      15357    639.849    275.000     2.3506   3.071088     2.3506   3.071086      86.32     0.0203     2.8481     2.5158  34.138531  1.5776268   47.07798  -47.28058    34.3784    34.3783     2.3350     2.3350    27.4467    27.4466    6.77606    6.80278         22 0.0000e+00
      15379    640.769    276.000     2.3745   3.073864     2.3716   3.073877      92.45     0.0223     2.8497     2.5163  34.132545  1.5539396   47.07798  -47.28058    34.3864    34.3898     2.3588     2.3559    27.4512    27.4541    6.77270    6.79239         22 0.0000e+00
      15403    641.749    277.000     2.4263   3.079313     2.4250   3.079239      98.63     0.0236     2.8503     2.5166  34.131866  1.6093550   47.07798  -47.28058    34.3976    34.3981     2.4105     2.4092    27.4558    27.4563    6.75851    6.78162         25 0.0000e+00
      15430    642.856    278.000     2.4271   3.079922     2.4269   3.079931      85.68     0.0245     2.8507     2.5158  34.123486  1.5766155   47.07798  -47.28058    34.4037    34.4040     2.4112     2.4110    27.4606    27.4609    6.73676    6.74982         28 0.0000e+00
      15456    643.946    279.000     2.4273   3.080212     2.4273   3.080243      61.43     0.0230     2.8474     2.5117  34.121475  1.6247264   47.07798  -47.28058    34.4066    34.4070     2.4113     2.4113    27.4629    27.4632    6.68604    6.71532         24 0.0000e+00
      15478    644.878    280.000     2.4258   3.080484     2.4255   3.080476      98.77     0.0218     2.8416     2.5075  34.117203  1.6297073   47.07798  -47.28058    34.4110    34.4111     2.4098     2.4095    27.4665    27.4667    6.65904    6.70366         21 0.0000e+00
      15498    645.715    281.000     2.4242   3.080411     2.4243   3.080424      90.89     0.0204     2.8370     2.5045  34.116440  1.6921035   47.07798  -47.28058    34.4113    34.4112     2.4080     2.4082    27.4669    27.4669    6.66271    6.70263         19 0.0000e+00
      15518    646.542    282.000     2.4231   3.080369     2.4233   3.080391      85.10     0.0196     2.8339     2.5018  34.107441  1.6366112   47.07798  -47.28058    34.4114    34.4114     2.4069     2.4071    27.4671    27.4671    6.66304    6.70494         21 0.0000e+00
      15539    647.427    283.000     2.4246   3.080635     2.4240   3.080625      98.47     0.0193     2.8303     2.5002  34.102627  1.6719989   47.07796  -47.28058    34.4124    34.4130     2.4084     2.4078    27.4678    27.4683    6.66687    6.71169         22 0.0000e+00
      15563    648.396    284.000     2.4396   3.082762     2.4395   3.082955      97.36     0.0208     2.8292     2.4988  34.102566  1.6463135   47.07796  -47.28058    34.4220    34.4245     2.4233     2.4232    27.4742    27.4762    6.67796    6.70323         25 0.0000e+00
      15588    649.466    285.000     2.4654   3.085893     2.4653   3.085976      83.09     0.0203     2.8276     2.4972  34.102566  1.6775413   47.07796  -47.28058    34.4324    34.4336     2.4489     2.4488    27.4804    27.4814    6.66836    6.69807         26 0.0000e+00
      15615    650.577    286.000     2.4864   3.088161     2.4846   3.088061      98.85     0.0150     2.8264     2.4961  34.083714  1.6413782   47.07796  -47.28058    34.4373    34.4380     2.4698     2.4680    27.4825    27.4833    6.66448    6.69999         26 0.0000e+00
      15639    651.601    287.000     2.4905   3.088632     2.4903   3.088618      25.33     0.0151     2.8254     2.4962  34.073727  1.6971055   47.07796  -47.28058    34.4381    34.4382     2.4739     2.4737    27.4829    27.4830    6.67536    6.72122         23 0.0000e+00
      15661    652.511    288.000     2.4938   3.089038     2.4913   3.088777      83.70     0.0170     2.8269     2.4987  34.091618  1.6717196   47.07796  -47.28058    34.4391    34.4386     2.4771     2.4755    27.4833    27.4832    6.70691    6.75484         21 0.0000e+00
      15682    653.393    289.000     2.4982   3.089543     2.4952   3.089251      98.59     0.0209     2.8301     2.5020  34.102535  1.7131720   47.07796  -47.28058    34.4400    34.4396     2.4814     2.4784    27.4837    27.4837    6.72642    6.75618         22 0.0000e+00
      15704    654.306    290.000     2.5033   3.090147     2.5020   3.090104      87.65     0.0192     2.8329     2.5036  34.102566  1.7062308   47.07796  -47.28058    34.4414    34.4423     2.4864     2.4852    27.4844    27.4852    6.72784    6.74003         22 0.0000e+00
      15728    655.282    291.000     2.5249   3.092506     2.5246   3.092588      76.69     0.0186     2.8351     2.5034  34.102566  1.7246665   47.07794  -47.28058    34.4468    34.4481     2.5079     2.5076    27.4869    27.4880    6.70311    6.71280         24 0.0000e+00
