data/CTD/2014/CNV/d017a012.cnv
* Sea-Bird SBE 9 Data File:
* FileName = C:\CTD_ACQUISITION\2014017HUD\ctddata\017A012.hdr
* Software Version Seasave V 7.22.2
* Temperature SN = 5081
* Conductivity SN = 3561
* Number of Bytes Per Scan = 37
* Number of Voltage Words = 4
* Number of Scans Averaged by the Deck Unit = 1
* NMEA Latitude = 52 48.96 N
* NMEA Longitude = 051 41.79 W
* NMEA UTC (Time) = Jul 03 2014 21:58:08
* NMEA baud rate = 9600
** Ship: Hudson
** Cruise: HUD2014017
** Chief_Scientist: Blair Greenan
** Organization: BIO
** Area_of_Operation: Sackville Spur
** Station: 012
** Sounding:  783
** Event_Comments: C3, 403023
# nquan = 25
# nvalues = 816                         
# units = specified
# name 0 = scan: Scan Count
# name 1 = timeS: Time, Elapsed [seconds]
# name 2 = prDM: Pressure, Digiquartz [db]
# name 3 = t068C: Temperature [ITS-68, deg C]
# name 4 = c0S/m: Conductivity [S/m]
# name 5 = t168C: Temperature, 2 [ITS-68, deg C]
# name 6 = c1S/m: Conductivity, 2 [S/m]
# name 7 = altM: Altimeter [m]
# name 8 = flC: Fluorescence, Chelsea Aqua 3 Chl Con [ug/l]
# name 9 = sbeox0V: Oxygen raw, SBE 43 [V]
# name 10 = sbeox1V: Oxygen raw, SBE 43, 2 [V]
# name 11 = upoly0: Upoly 0, Optode 4330F - O2 D-Phase
# name 12 = upoly1: Upoly 1, Optode 4330F - O2 Temp
# name 13 = latitude: Latitude [deg]
# name 14 = longitude: Longitude [deg]
# name 15 = sal00: Salinity, Practical [PSU]
# name 16 = sal11: Salinity, Practical, 2 [PSU]
# name 17 = potemp068C: Potential Temperature [ITS-68, deg C]
# name 18 = potemp168C: Potential Temperature, 2 [ITS-68, deg C]
# name 19 = sigma-é00: Density [sigma-theta, Kg/m^3]
# name 20 = sigma-é11: Density, 2 [sigma-theta, Kg/m^3]
# name 21 = sbeox0ML/L: Oxygen, SBE 43 [ml/l], WS = 2
# name 22 = sbeox1ML/L: Oxygen, SBE 43, 2 [ml/l], WS = 2
# name 23 = nbin: number of scans per bin
# name 24 = flag: flag
# span 0 =       4481,      27354       
# span 1 =    186.659,   1139.704       
# span 2 =      1.000,    816.000       
# span 3 =    -0.3674,     3.8993       
# span 4 =   2.775866,   3.244045       
# span 5 =    -0.3679,     3.8994       
# span 6 =   2.775655,   3.243897       
# span 7 =       1.32,     101.01       
# span 8 =     0.0033,     0.9583       
# span 9 =     2.7542,     3.6277       
# span 10 =     2.4354,     3.1939      
# span 11 =  30.397314,  33.619282      
# span 12 = -0.1068407,  3.8769493      
# span 13 =   52.81520,   52.81626      
# span 14 =  -51.69532,  -51.69183      
# span 15 =    31.9080,    34.8510      
# span 16 =    31.9062,    34.8494      
# span 17 =    -0.3685,     3.8867      
# span 18 =    -0.3690,     3.8868      
# span 19 =    25.3975,    27.7142      
# span 20 =    25.3969,    27.7130      
# span 21 =    6.67434,    9.32374      
# span 22 =    6.70264,    9.42830      
# span 23 =         11,         86      
# span 24 = 0.0000e+00, 0.0000e+00      
# interval = decibars: 1                
# start_time = Jul 03 2014 21:58:08 [NMEA time, header]
# bad_flag = -9.990e-29
*END*
[from data line 406]
      17100    712.445    407.000     3.6261   3.225583     3.6261   3.225446      98.63     0.0133     2.8954     2.5576  33.355316  2.9048004   52.81618  -51.69306    34.8224    34.8207     3.5981     3.5981    27.6860    27.6847    6.75490    6.78271         18 0.0000e+00
      17116    713.109    408.000     3.6258   3.225622     3.6259   3.225494      98.63     0.0148     2.8945     2.5576  33.353203  2.8587267   52.81618  -51.69306    34.8226    34.8210     3.5977     3.5978    27.6862    27.6849    6.75578    6.79362         14 0.0000e+00
      17130    713.704    409.000     3.6257   3.225665     3.6257   3.225528      98.63     0.0147     2.8950     2.5581  33.355297  2.8645103   52.81618  -51.69306    34.8227    34.8210     3.5975     3.5976    27.6863    27.6850    6.75723    6.79625         15 0.0000e+00
      17144    714.302    410.000     3.6256   3.225716     3.6257   3.225580      98.63     0.0144     2.8940     2.5581  33.355312  2.9078274   52.81618  -51.69306    34.8228    34.8211     3.5974     3.5975    27.6865    27.6851    6.74991    6.79488         14 0.0000e+00
      17160    714.952    411.000     3.6258   3.225789     3.6259   3.225659      85.38     0.0179     2.8939     2.5583  33.354458  2.8744788   52.81618  -51.69306    34.8230    34.8213     3.5975     3.5976    27.6866    27.6852    6.75648    6.79660         17 0.0000e+00
      17180    715.793    412.000     3.6259   3.225855     3.6260   3.225725      87.30     0.0183     2.8940     2.5584  33.354156  2.8749321   52.81618  -51.69306    34.8231    34.8214     3.5976     3.5977    27.6866    27.6853    6.76547    6.79536         25 0.0000e+00
      17214    717.193    413.000     3.6262   3.225913     3.6262   3.225777      98.68     0.0157     2.8949     2.5582  33.346123  2.8712916   52.81616  -51.69306    34.8230    34.8213     3.5978     3.5984    27.6865    27.6852    6.76536    6.79495         40 0.0000e+00
      17248    718.640    414.000     3.6265   3.226005     3.6265   3.225861      93.60     0.0124     2.8953     2.5581  33.339874  2.8952951   52.81616  -51.69306    34.8232    34.8215     3.5980     3.5980    27.6867    27.6853    6.77232    6.79487         27 0.0000e+00
      17271    719.576    415.000     3.6272   3.226146     3.6274   3.226036      78.55     0.0140     2.8955     2.5580  33.332500  2.8549051   52.81616  -51.69306    34.8236    34.8221     3.5987     3.5988    27.6869    27.6857    6.76956    6.79888         20 0.0000e+00
      17289    720.318    416.000     3.6278   3.226270     3.6279   3.226149      98.78     0.0141     2.8959     2.5582  33.333340  2.9069910   52.81616  -51.69306    34.8239    34.8224     3.5992     3.5992    27.6871    27.6859    6.77705    6.80309         16 0.0000e+00
      17305    720.987    417.000     3.6285   3.226390     3.6285   3.226258      98.63     0.0149     2.8968     2.5587  33.334259  2.8689327   52.81616  -51.69306    34.8241    34.8225     3.5997     3.5998    27.6872    27.6859    6.77311    6.80315         16 0.0000e+00
      17320    721.638    418.000     3.6294   3.226547     3.6292   3.226390      97.14     0.0141     2.8961     2.5586  33.340588  2.8554740   52.81615  -51.69306    34.8244    34.8228     3.6007     3.6004    27.6874    27.6861    6.76797    6.79942         16 0.0000e+00
      17337    722.335    419.000     3.6305   3.226698     3.6305   3.226559      72.14     0.0141     2.8961     2.5584  33.340660  2.9084761   52.81614  -51.69306    34.8246    34.8229     3.6016     3.6016    27.6874    27.6861    6.77184    6.79903         18 0.0000e+00
      17357    723.156    420.000     3.6311   3.226809     3.6306   3.226608      96.33     0.0126     2.8961     2.5582  33.332970  2.8620162   52.81614  -51.69306    34.8247    34.8228     3.6022     3.6017    27.6874    27.6860    6.76625    6.79818         22 0.0000e+00
      17384    724.278    421.000     3.6311   3.226838     3.6316   3.226755      98.59     0.0150     2.8955     2.5579  33.326210  2.8921552   52.81614  -51.69306    34.8246    34.8230     3.6021     3.6033    27.6874    27.6861    6.76770    6.79733         32 0.0000e+00
      17417    725.676    422.000     3.6322   3.227000     3.6319   3.226830      90.13     0.0145     2.8949     2.5572  33.314831  2.8734717   52.81613  -51.69306    34.8247    34.8230     3.6032     3.6029    27.6874    27.6860    6.76707    6.79309         33 0.0000e+00
      17448    726.962    423.000     3.6339   3.227225     3.6336   3.227057      88.50     0.0134     2.8948     2.5570  33.318222  2.8822496   52.81612  -51.69306    34.8251    34.8234     3.6047     3.6044    27.6875    27.6862    6.77004    6.80294         28 0.0000e+00
      17474    728.042    424.000     3.6346   3.227345     3.6346   3.227211      98.83     0.0197     2.8948     2.5575  33.326164  2.8906839   52.81612  -51.69306    34.8252    34.8236     3.6054     3.6054    27.6876    27.6863    6.77222    6.80607         24 0.0000e+00
      17495    728.930    425.000     3.6349   3.227431     3.6348   3.227291      84.88     0.0171     2.8949     2.5579  33.322094  2.8852751   52.81612  -51.69306    34.8255    34.8238     3.6055     3.6055    27.6877    27.6864    6.77051    6.80682         19 0.0000e+00
      17514    729.695    426.000     3.6351   3.227504     3.6353   3.227387      80.86     0.0124     2.8949     2.5578  33.311249  2.8690600   52.81611  -51.69307    34.8255    34.8239     3.6057     3.6059    27.6878    27.6865    6.77505    6.80338         18 0.0000e+00
      17530    730.394    427.000     3.6352   3.227570     3.6353   3.227430      98.58     0.0121     2.8949     2.5578  33.311356  2.9125705   52.81610  -51.69308    34.8257    34.8239     3.6058     3.6058    27.6879    27.6865    6.77347    6.80030         16 0.0000e+00
      17547    731.081    428.000     3.6353   3.227617     3.6354   3.227480      98.63     0.0124     2.8946     2.5574  33.311356  2.8697011   52.81610  -51.69308    34.8256    34.8239     3.6058     3.6058    27.6878    27.6865    6.76718    6.79910         17 0.0000e+00
      17565    731.838    429.000     3.6362   3.227758     3.6367   3.227680      98.63     0.0125     2.8939     2.5569  33.311356  2.8815513   52.81610  -51.69308    34.8258    34.8244     3.6066     3.6071    27.6879    27.6867    6.76914    6.79885         20 0.0000e+00
      17590    732.855    430.000     3.6383   3.228023     3.6385   3.227898      85.34     0.0163     2.8942     2.5565  33.310909  2.8845072   52.81609  -51.69308    34.8262    34.8245     3.6086     3.6088    27.6880    27.6867    6.77256    6.79911         31 0.0000e+00
      17628    734.471    431.000     3.6399   3.228215     3.6399   3.228085      56.30     0.0130     2.8933     2.5563  33.311386  2.8965387   52.81608  -51.69308    34.8263    34.8247     3.6101     3.6102    27.6880    27.6866    6.76614    6.80317         39 0.0000e+00
      17658    735.705    432.000     3.6404   3.228325     3.6404   3.228190      86.11     0.0130     2.8928     2.5563  33.311356  2.8747368   52.81608  -51.69308    34.8265    34.8248     3.6105     3.6106    27.6881    27.6867    6.76756    6.80265         22 0.0000e+00
      17676    736.465    433.000     3.6405   3.228395     3.6405   3.228262      98.75     0.0112     2.8929     2.5563  33.311356  2.9176197   52.81608  -51.69308    34.8267    34.8251     3.6106     3.6106    27.6882    27.6870    6.76850    6.79999         17 0.0000e+00
      17691    737.103    434.000     3.6405   3.228468     3.6406   3.228330      98.63     0.0155     2.8921     2.5557  33.311356  2.8758717   52.81606  -51.69308    34.8270    34.8253     3.6105     3.6106    27.6885    27.6871    6.76143    6.79587         14 0.0000e+00
      17707    737.730    435.000     3.6409   3.228563     3.6411   3.228430      92.89     0.0136     2.8916     2.5553  33.311356  2.8779027   52.81606  -51.69308    34.8272    34.8254     3.6109     3.6110    27.6885    27.6872    6.76070    6.79428         16 0.0000e+00
      17724    738.441    436.000     3.6420   3.228712     3.6421   3.228579      71.27     0.0146     2.8910     2.5547  33.311356  2.9208133   52.81606  -51.69308    34.8273    34.8256     3.6118     3.6119    27.6886    27.6872    6.76501    6.79792         19 0.0000e+00
      17749    739.493    437.000     3.6427   3.228838     3.6427   3.228694      79.75     0.0179     2.8910     2.5547  33.311356  2.8811500   52.81605  -51.69308    34.8275    34.8258     3.6125     3.6125    27.6887    27.6873    6.76780    6.79713         33 0.0000e+00
      17783    740.911    438.000     3.6437   3.229017     3.6437   3.228883      86.42     0.0187     2.8901     2.5537  33.306015  2.8932405   52.81604  -51.69308    34.8281    34.8264     3.6134     3.6135    27.6890    27.6877    6.75697    6.78862         31 0.0000e+00
      17809    741.999    439.000     3.6440   3.229107     3.6441   3.228969      81.27     0.0162     2.8886     2.5524  33.296535  2.8970656   52.81604  -51.69310    34.8282    34.8265     3.6137     3.6137    27.6891    27.6878    6.75379    6.78044         22 0.0000e+00
      17829    742.832    440.000     3.6487   3.229661     3.6488   3.229547      84.97     0.0170     2.8882     2.5513  33.297474  2.8976917   52.81603  -51.69310    34.8293    34.8279     3.6183     3.6183    27.6895    27.6884    6.76342    6.78588         19 0.0000e+00
      17847    743.595    441.000     3.6500   3.229843     3.6502   3.229711      96.81     0.0187     2.8883     2.5513  33.304756  2.8749156   52.81602  -51.69310    34.8296    34.8278     3.6195     3.6197    27.6896    27.6882    6.76402    6.79171         18 0.0000e+00
      17866    744.372    442.000     3.6481   3.229717     3.6481   3.229583      74.27     0.0232     2.8882     2.5512  33.303650  2.9282956   52.81602  -51.69310    34.8296    34.8279     3.6175     3.6175    27.6898    27.6885    6.76230    6.79235         19 0.0000e+00
      17887    745.238    443.000     3.6483   3.229790     3.6483   3.229650      98.29     0.0221     2.8878     2.5510  33.298058  2.8788147   52.81600  -51.69310    34.8297    34.8280     3.6176     3.6177    27.6899    27.6885    6.76011    6.79328         23 0.0000e+00
      17911    746.231    444.000     3.6483   3.229839     3.6483   3.229694      98.63     0.0195     2.8871     2.5508  33.296726  2.9167933   52.81600  -51.69310    34.8298    34.8280     3.6176     3.6176    27.6900    27.6886    6.75576    6.78721         25 0.0000e+00
      17938    747.373    445.000     3.6482   3.229873     3.6482   3.229731      81.20     0.0160     2.8865     2.5499  33.307297  2.8814878   52.81600  -51.69310    34.8298    34.8280     3.6174     3.6174    27.6900    27.6886    6.76106    6.78282         29 0.0000e+00
      17967    748.579    446.000     3.6482   3.229914     3.6482   3.229782      92.92     0.0169     2.8863     2.5491  33.311413  2.9188917   52.81599  -51.69310    34.8297    34.8281     3.6173     3.6173    27.6900    27.6886    6.75852    6.78743         28 0.0000e+00
      17992    749.619    447.000     3.6488   3.230046     3.6489   3.229917      82.96     0.0124     2.8854     2.5489  33.311356  2.8849750   52.81598  -51.69310    34.8300    34.8284     3.6179     3.6180    27.6902    27.6889    6.75519    6.78961         22 0.0000e+00
      18013    750.481    448.000     3.6492   3.230138     3.6493   3.229997      98.67     0.0140     2.8850     2.5490  33.311356  2.9248772   52.81598  -51.69310    34.8302    34.8285     3.6182     3.6182    27.6902    27.6889    6.75669    6.78958         20 0.0000e+00
      18032    751.281    449.000     3.6496   3.230225     3.6498   3.230105      98.63     0.0150     2.8848     2.5488  33.312119  2.8757064   52.81596  -51.69312    34.8303    34.8287     3.6185     3.6187    27.6903    27.6890    6.75402    6.78845         19 0.0000e+00
      18052    752.122    450.000     3.6501   3.230321     3.6503   3.230201      74.45     0.0164     2.8837     2.5485  33.312748  2.9165797   52.81596  -51.69312    34.8304    34.8287     3.6189     3.6191    27.6904    27.6890    6.74674    6.78828         21 0.0000e+00
      18075    753.063    451.000     3.6503   3.230391     3.6502   3.230241      98.02     0.0142     2.8826     2.5484  33.311356  2.8937540   52.81596  -51.69312    34.8305    34.8288     3.6191     3.6190    27.6904    27.6890    6.74530    6.79110         24 0.0000e+00
      18099    754.093    452.000     3.6501   3.230431     3.6500   3.230285      98.64     0.0154     2.8820     2.5481  33.311356  2.9106796   52.81594  -51.69312    34.8307    34.8290     3.6187     3.6186    27.6906    27.6893    6.74954    6.78176         25 0.0000e+00
      18124    755.127    453.000     3.6517   3.230656     3.6506   3.230419      98.63     0.0232     2.8809     2.5466  33.313850  2.8892434   52.81594  -51.69312    34.8311    34.8294     3.6203     3.6192    27.6907    27.6895    6.74357    6.77521         24 0.0000e+00
      18147    756.090    454.000     3.6523   3.230764     3.6517   3.230577      98.63     0.0234     2.8801     2.5460  33.319038  2.9131052   52.81593  -51.69312    34.8312    34.8296     3.6208     3.6203    27.6908    27.6895    6.75165    6.77751         23 0.0000e+00
      18170    757.036    455.000     3.6529   3.230887     3.6529   3.230738      77.34     0.0171     2.8809     2.5452  33.313934  2.8981602   52.81592  -51.69312    34.8315    34.8298     3.6214     3.6213    27.6909    27.6896    6.75332    6.77745         23 0.0000e+00
      18194    758.043    456.000     3.6534   3.230966     3.6535   3.230844      96.60     0.0164     2.8795     2.5447  33.311352  2.9124961   52.81592  -51.69312    34.8314    34.8299     3.6218     3.6218    27.6908    27.6896    6.74526    6.77696         25 0.0000e+00
      18219    759.073    457.000     3.6536   3.231061     3.6536   3.230912      98.65     0.0160     2.8793     2.5442  33.313820  2.8939991   52.81590  -51.69312    34.8318    34.8300     3.6219     3.6219    27.6911    27.6897    6.74825    6.77989         24 0.0000e+00
      18241    760.012    458.000     3.6538   3.231152     3.6539   3.231018      77.86     0.0147     2.8790     2.5441  33.319805  2.9137297   52.81590  -51.69312    34.8321    34.8304     3.6220     3.6221    27.6914    27.6900    6.74500    6.77941         21 0.0000e+00
      18262    760.890    459.000     3.6553   3.231383     3.6552   3.231236      92.88     0.0132     2.8780     2.5436  33.321335  2.9063632   52.81590  -51.69312    34.8327    34.8311     3.6235     3.6234    27.6917    27.6904    6.74946    6.77949         22 0.0000e+00
      18285    761.829    460.000     3.6564   3.231565     3.6565   3.231429      83.72     0.0097     2.8788     2.5438  33.325886  2.9004452   52.81589  -51.69312    34.8332    34.8314     3.6245     3.6246    27.6920    27.6906    6.75061    6.78468         24 0.0000e+00
      18311    762.926    461.000     3.6564   3.231621     3.6564   3.231480      91.34     0.0115     2.8776     2.5436  33.321079  2.9048929   52.81588  -51.69312    34.8334    34.8316     3.6244     3.6244    27.6921    27.6908    6.74264    6.77176         27 0.0000e+00
      18337    763.989    462.000     3.6566   3.231683     3.6568   3.231557      98.85     0.0144     2.8773     2.5420  33.311069  2.9088027   52.81586  -51.69312    34.8333    34.8316     3.6245     3.6247    27.6921    27.6907    6.75032    6.76864         23 0.0000e+00
      18357    764.837    463.000     3.6564   3.231713     3.6567   3.231590      84.88     0.0175     2.8771     2.5414  33.315228  2.9110684   52.81586  -51.69312    34.8334    34.8316     3.6243     3.6245    27.6921    27.6908    6.75076    6.77029         19 0.0000e+00
