data/CTD/2014/CNV/d017a021.cnv
* Sea-Bird SBE 9 Data File:
* FileName = C:\CTD_ACQUISITION\2014017HUD\ctddata\017A021.hdr
* Software Version Seasave V 7.22.2
* Temperature SN = 5081
* Conductivity SN = 3561
* Number of Bytes Per Scan = 37
* Number of Voltage Words = 4
* Number of Scans Averaged by the Deck Unit = 1
* NMEA Latitude = 53 13.81 N
* NMEA Longitude = 050 28.39 W
* NMEA UTC (Time) = Jul 05 2014 02:20:47
* NMEA baud rate = 9600
** Ship: Hudson
** Cruise: HUD2014017
** Chief_Scientist: Blair Greenan
** Organization: BIO
** Area_of_Operation: Sackville Spur
** Station: 021
** Sounding:  3191
** Event_Comments: DSOW2, 403108
# nquan = 25
# nvalues = 3334                        
# units = specified
# name 0 = scan: Scan Count
# name 1 = timeS: Time, Elapsed [seconds]
# name 2 = prDM: Pressure, Digiquartz [db]
# name 3 = t068C: Temperature [ITS-68, deg C]
# name 4 = c0S/m: Conductivity [S/m]
# name 5 = t168C: Temperature, 2 [ITS-68, deg C]
# name 6 = c1S/m: Conductivity, 2 [S/m]
# name 7 = altM: Altimeter [m]
# name 8 = flC: Fluorescence, Chelsea Aqua 3 Chl Con [ug/l]
# name 9 = sbeox0V: Oxygen raw, SBE 43 [V]
# name 10 = sbeox1V: Oxygen raw, SBE 43, 2 [V]
# name 11 = upoly0: Upoly 0, Optode 4330F - O2 D-Phase
# name 12 = upoly1: Upoly 1, Optode 4330F - O2 Temp
# name 13 = latitude: Latitude [deg]
# name 14 = longitude: Longitude [deg]
# name 15 = sal00: Salinity, Practical [PSU]
# name 16 = sal11: Salinity, Practical, 2 [PSU]
# name 17 = potemp068C: Potential Temperature [ITS-68, deg C]
# name 18 = potemp168C: Potential Temperature, 2 [ITS-68, deg C]
# name 19 = sigma-é00: Density [sigma-theta, Kg/m^3]
# name 20 = sigma-é11: Density, 2 [sigma-theta, Kg/m^3]
# name 21 = sbeox0ML/L: Oxygen, SBE 43 [ml/l], WS = 2
# name 22 = sbeox1ML/L: Oxygen, SBE 43, 2 [ml/l], WS = 2
# name 23 = nbin: number of scans per bin
# name 24 = flag: flag
# span 0 =       5149,      87304       
# span 1 =    214.497,   3637.614       
# span 2 =      1.000,   3334.000       
# span 3 =     1.7911,     9.1923       
# span 4 =   3.182966,   3.687033       
# span 5 =     1.7900,     9.1921       
# span 6 =   3.182881,   3.686871       
# span 7 =       2.74,     107.33       
# span 8 =     0.0056,     0.5448       
# span 9 =     2.0665,     3.4908       
# span 10 =     1.8311,     3.0481      
# span 11 =  29.882446,  35.743607      
# span 12 =  1.7784365,  9.2221785      
# span 13 =   53.23092,   53.23268      
# span 14 =  -50.47242,  -50.46872      
# span 15 =    34.5044,    34.9164      
# span 16 =    34.5026,    34.9159      
# span 17 =     1.5453,     9.1915      
# span 18 =     1.5440,     9.1912      
# span 19 =    26.7009,    27.9215      
# span 20 =    26.6986,    27.9219      
# span 21 =    6.24061,    7.24045      
# span 22 =    6.21505,    7.25243      
# span 23 =         11,         90      
# span 24 = 0.0000e+00, 0.0000e+00      
# interval = decibars: 1                
# start_time = Jul 05 2014 02:20:47 [NMEA time, header]
# bad_flag = -9.990e-29
*END*
[from data line 1392]
      40884   1703.470   1393.000     3.6898   3.281397     3.6895   3.281301      98.37     0.0111     2.4728     2.1852  34.630035  3.6928923   53.23238  -50.46930    34.9090    34.9082     3.5826     3.5823    27.7566    27.7560    6.30481    6.28775         13 0.0000e+00
      40897   1704.018   1394.000     3.6875   3.281225     3.6871   3.281102      98.47     0.0158     2.4728     2.1851  34.630035  3.6928306   53.23238  -50.46930    34.9089    34.9080     3.5803     3.5914    27.7567    27.7561    6.30642    6.28558         14 0.0000e+00
      40912   1704.610   1395.000     3.6858   3.281103     3.6854   3.281006      98.46     0.0181     2.4722     2.1847  34.630035  3.6903365   53.23238  -50.46930    34.9088    34.9081     3.5785     3.5784    27.7568    27.7563    6.30473    6.28479         15 0.0000e+00
      40931   1705.416   1396.000     3.6854   3.281118     3.6849   3.281016      98.41     0.0177     2.4721     2.1843  34.630035  3.6843894   53.23238  -50.46930    34.9089    34.9081     3.5780     3.5776    27.7569    27.7564    6.30384    6.28957         27 0.0000e+00
      41000   1708.304   1397.000     3.6860   3.281213     3.6860   3.281146      98.20     0.0159     2.4711     2.1840  34.635300  3.6780598   53.23238  -50.46928    34.9089    34.9081     3.5785     3.5785    27.7569    27.7562    6.30860    6.28337         27 0.0000e+00
      41016   1708.959   1398.000     3.6856   3.281245     3.6852   3.281156      98.42     0.0146     2.4707     2.1833  34.640617  3.6810060   53.23238  -50.46928    34.9091    34.9085     3.5781     3.5777    27.7571    27.7567    6.30430    6.28217         14 0.0000e+00
      41030   1709.528   1399.000     3.6858   3.281331     3.6854   3.281239      98.18     0.0152     2.4710     2.1830  34.641560  3.6837964   53.23238  -50.46928    34.9094    34.9087     3.5782     3.5895    27.7573    27.7568    6.30635    6.28338         14 0.0000e+00
      41043   1710.097   1400.000     3.6856   3.281359     3.6850   3.281249      98.63     0.0122     2.4705     2.1829  34.641548  3.6837606   53.23238  -50.46928    34.9095    34.9088     3.5779     3.5775    27.7575    27.7569    6.30988    6.28703         14 0.0000e+00
      41058   1710.703   1401.000     3.6852   3.281358     3.6847   3.281259      98.63     0.0110     2.4709     2.1829  34.644657  3.6837606   53.23238  -50.46928    34.9094    34.9088     3.5774     3.5769    27.7575    27.7570    6.31267    6.28700         15 0.0000e+00
      41075   1711.402   1402.000     3.6852   3.281399     3.6848   3.281317      70.14     0.0123     2.4707     2.1826  34.655258  3.6817472   53.23238  -50.46928    34.9094    34.9089     3.5773     3.5769    27.7574    27.7570    6.30301    6.28424         19 0.0000e+00
      41097   1712.329   1403.000     3.6854   3.281458     3.6851   3.281369      67.38     0.0165     2.4701     2.1823  34.657089  3.6833181   53.23238  -50.46928    34.9094    34.9087     3.5774     3.5771    27.7574    27.7569    6.30518    6.29139         27 0.0000e+00
      41128   1713.644   1404.000     3.6858   3.281538     3.6853   3.281432      98.52     0.0164     2.4696     2.1826  34.659370  3.6738532   53.23237  -50.46928    34.9094    34.9087     3.5778     3.5773    27.7574    27.7569    6.30598    6.29228         33 0.0000e+00
      41158   1714.864   1405.000     3.6857   3.281567     3.6851   3.281456      93.82     0.0145     2.4691     2.1827  34.659340  3.6781583   53.23236  -50.46928    34.9094    34.9087     3.5775     3.5770    27.7574    27.7569    6.30388    6.29448         26 0.0000e+00
      41182   1715.883   1406.000     3.6856   3.281598     3.6851   3.281493      96.74     0.0127     2.4689     2.1826  34.658054  3.6838038   53.23236  -50.46927    34.9093    34.9086     3.5774     3.5769    27.7573    27.7568    6.30217    6.28774         23 0.0000e+00
      41205   1716.833   1407.000     3.6857   3.281643     3.6853   3.281547      98.05     0.0098     2.4683     2.1819  34.658005  3.6837606   53.23236  -50.46926    34.9093    34.9086     3.5774     3.5769    27.7573    27.7568    6.30493    6.28153         22 0.0000e+00
      41227   1717.750   1408.000     3.6853   3.281665     3.6849   3.281567      97.98     0.0086     2.4683     2.1814  34.656155  3.6837606   53.23236  -50.46927    34.9095    34.9087     3.5769     3.5801    27.7575    27.7569    6.30201    6.28436         23 0.0000e+00
      41250   1718.695   1409.000     3.6850   3.281680     3.6845   3.281574      97.95     0.0104     2.4677     2.1812  34.663063  3.6829231   53.23236  -50.46928    34.9095    34.9088     3.5765     3.5761    27.7576    27.7570    6.30388    6.29021         23 0.0000e+00
      41274   1719.724   1410.000     3.6850   3.281720     3.6845   3.281613      98.12     0.0129     2.4674     2.1814  34.673374  3.6826351   53.23236  -50.46928    34.9095    34.9087     3.5764     3.5759    27.7576    27.7570    6.30041    6.29231         26 0.0000e+00
      41300   1720.776   1411.000     3.6851   3.281775     3.6847   3.281683      94.84     0.0165     2.4669     2.1813  34.673996  3.6821303   53.23236  -50.46927    34.9094    34.9088     3.5765     3.5761    27.7575    27.7571    6.30708    6.29057         24 0.0000e+00
      41321   1721.687   1412.000     3.6853   3.281836     3.6848   3.281739      94.95     0.0200     2.4667     2.1808  34.673992  3.6813190   53.23236  -50.46926    34.9095    34.9089     3.5765     3.5761    27.7576    27.7571    6.29758    6.28314         20 0.0000e+00
      41340   1722.473   1413.000     3.6853   3.281891     3.6850   3.281792      98.60     0.0173     2.4661     2.1806  34.673992  3.6799734   53.23236  -50.46926    34.9097    34.9089     3.5764     3.5761    27.7577    27.7571    6.30605    6.28421         18 0.0000e+00
      41358   1723.212   1414.000     3.6853   3.281941     3.6849   3.281836      98.63     0.0165     2.4667     2.1800  34.673992  3.6815524   53.23236  -50.46926    34.9097    34.9090     3.5764     3.5759    27.7578    27.7572    6.30278    6.28182         18 0.0000e+00
      41377   1724.003   1415.000     3.6854   3.281986     3.6851   3.281904      49.84     0.0148     2.4657     2.1797  34.673992  3.6803696   53.23236  -50.46926    34.9097    34.9090     3.5764     3.5761    27.7578    27.7572    6.29342    6.28026         20 0.0000e+00
      41402   1725.029   1416.000     3.6846   3.281947     3.6843   3.281855      83.62     0.0142     2.4647     2.1790  34.674938  3.6773491   53.23236  -50.46926    34.9096    34.9088     3.5755     3.5752    27.7577    27.7572    6.29406    6.27836         30 0.0000e+00
      41435   1726.407   1417.000     3.6854   3.282079     3.6847   3.281966      99.44     0.0164     2.4643     2.1782  34.674435  3.6744704   53.23236  -50.46926    34.9098    34.9092     3.5762     3.5783    27.7579    27.7574    6.29430    6.28123         31 0.0000e+00
      41460   1727.453   1418.000     3.6857   3.282177     3.6853   3.282081      90.52     0.0159     2.4632     2.1781  34.676140  3.6807010   53.23236  -50.46926    34.9101    34.9094     3.5764     3.5759    27.7581    27.7576    6.29122    6.27978         21 0.0000e+00
      41478   1728.229   1419.000     3.6852   3.282197     3.6846   3.282079      98.63     0.0181     2.4631     2.1774  34.676434  3.6810472   53.23234  -50.46926    34.9104    34.9097     3.5758     3.5752    27.7584    27.7579    6.29286    6.26971         18 0.0000e+00
      41496   1728.977   1420.000     3.6836   3.282098     3.6831   3.281999      98.63     0.0160     2.4622     2.1767  34.683743  3.6815886   53.23234  -50.46926    34.9105    34.9098     3.5741     3.5736    27.7586    27.7581    6.29132    6.27031         18 0.0000e+00
      41517   1729.853   1421.000     3.6826   3.282065     3.6821   3.281962      96.16     0.0162     2.4621     2.1760  34.688522  3.6833258   53.23234  -50.46926    34.9106    34.9099     3.5731     3.5726    27.7588    27.7583    6.29554    6.27330         25 0.0000e+00
      41550   1731.228   1422.000     3.6822   3.282080     3.6818   3.281969      97.51     0.0138     2.4611     2.1757  34.678734  3.6771588   53.23234  -50.46926    34.9107    34.9098     3.5726     3.5722    27.7589    27.7582    6.28711    6.27552         39 0.0000e+00
      41583   1732.563   1423.000     3.6821   3.282111     3.6818   3.282018      98.67     0.0117     2.4608     2.1749  34.674465  3.6743081   53.23234  -50.46925    34.9106    34.9099     3.5725     3.5721    27.7589    27.7583    6.29087    6.27307         24 0.0000e+00
      41602   1733.386   1424.000     3.6818   3.282126     3.6813   3.282028      90.54     0.0152     2.4596     2.1750  34.686878  3.6804368   53.23234  -50.46924    34.9107    34.9100     3.5720     3.5716    27.7590    27.7585    6.27996    6.27398         18 0.0000e+00
      41619   1734.094   1425.000     3.6797   3.282011     3.6795   3.281933      97.56     0.0167     2.4593     2.1743  34.685013  3.6819084   53.23234  -50.46924    34.9110    34.9103     3.5699     3.5697    27.7594    27.7589    6.28478    6.26449         16 0.0000e+00
      41636   1734.778   1426.000     3.6786   3.281967     3.6782   3.281871      97.36     0.0140     2.4587     2.1735  34.684349  3.6786535   53.23234  -50.46924    34.9112    34.9104     3.5687     3.5683    27.7597    27.7591    6.28537    6.26682         17 0.0000e+00
      41653   1735.501   1427.000     3.6780   3.281967     3.6775   3.281875      93.03     0.0140     2.4583     2.1735  34.688530  3.6741149   53.23234  -50.46924    34.9113    34.9107     3.5680     3.5676    27.7599    27.7594    6.29208    6.27146         18 0.0000e+00
      41674   1736.355   1428.000     3.6780   3.282017     3.6775   3.281914      98.50     0.0132     2.4582     2.1730  34.688644  3.6739926   53.23234  -50.46924    34.9114    34.9107     3.5679     3.5674    27.7599    27.7595    6.28753    6.26881         23 0.0000e+00
      41701   1737.512   1429.000     3.6780   3.282058     3.6775   3.281955      97.39     0.0127     2.4575     2.1727  34.688644  3.6725504   53.23234  -50.46924    34.9114    34.9107     3.5678     3.5673    27.7600    27.7595    6.28047    6.27417         33 0.0000e+00
      41734   1738.859   1430.000     3.6778   3.282091     3.6773   3.281982      95.40     0.0115     2.4566     2.1724  34.688644  3.6726480   53.23234  -50.46924    34.9115    34.9108     3.5676     3.5670    27.7601    27.7595    6.28565    6.26751         29 0.0000e+00
      41759   1739.914   1431.000     3.6773   3.282096     3.6768   3.281989      98.62     0.0115     2.4563     2.1716  34.688644  3.6739893   53.23234  -50.46924    34.9115    34.9109     3.5670     3.5664    27.7601    27.7597    6.28595    6.25961         23 0.0000e+00
      41781   1740.814   1432.000     3.6766   3.282086     3.6761   3.281974      84.19     0.0120     2.4560     2.1707  34.690845  3.6739926   53.23234  -50.46924    34.9117    34.9109     3.5662     3.5657    27.7604    27.7598    6.28060    6.25922         20 0.0000e+00
      41802   1741.690   1433.000     3.6757   3.282050     3.6752   3.281943      76.01     0.0127     2.4552     2.1702  34.697323  3.6739926   53.23234  -50.46924    34.9118    34.9110     3.5652     3.5647    27.7605    27.7600    6.28609    6.26485         22 0.0000e+00
      41823   1742.591   1434.000     3.6751   3.282043     3.6746   3.281940      98.30     0.0126     2.4554     2.1702  34.701241  3.6735551   53.23233  -50.46924    34.9118    34.9111     3.5646     3.5640    27.7606    27.7601    6.28203    6.27421         22 0.0000e+00
      41846   1743.530   1435.000     3.6741   3.281999     3.6738   3.281911      98.63     0.0094     2.4544     2.1703  34.717735  3.6651828   53.23232  -50.46924    34.9118    34.9111     3.5634     3.5632    27.7608    27.7602    6.27940    6.26876         23 0.0000e+00
      41869   1744.500   1436.000     3.6727   3.281940     3.6721   3.281832      91.88     0.0100     2.4540     2.1700  34.717949  3.6659238   53.23232  -50.46924    34.9121    34.9115     3.5619     3.5613    27.7611    27.7607    6.28332    6.26610         23 0.0000e+00
      41892   1745.475   1437.000     3.6724   3.281965     3.6720   3.281864      98.75     0.0119     2.4539     2.1693  34.710171  3.6641953   53.23232  -50.46924    34.9122    34.9115     3.5616     3.5612    27.7612    27.7607    6.28420    6.26270         23 0.0000e+00
      41914   1746.377   1438.000     3.6723   3.281988     3.6718   3.281895      98.63     0.0104     2.4533     2.1691  34.707474  3.6642246   53.23232  -50.46924    34.9121    34.9115     3.5614     3.5609    27.7612    27.7608    6.27746    6.26315         21 0.0000e+00
      41933   1747.181   1439.000     3.6722   3.282029     3.6718   3.281944      90.81     0.0106     2.4530     2.1686  34.715446  3.6642246   53.23232  -50.46924    34.9122    34.9116     3.5612     3.5608    27.7613    27.7608    6.27827    6.26292         18 0.0000e+00
      41952   1747.941   1440.000     3.6715   3.282011     3.6711   3.281921      97.34     0.0126     2.4523     2.1682  34.717960  3.6642246   53.23232  -50.46924    34.9122    34.9116     3.5605     3.5600    27.7613    27.7609    6.27842    6.26492         18 0.0000e+00
      41972   1748.771   1441.000     3.6698   3.281910     3.6693   3.281805      51.72     0.0119     2.4521     2.1682  34.717949  3.6642246   53.23232  -50.46924    34.9123    34.9116     3.5587     3.5619    27.7616    27.7610    6.27974    6.26808         23 0.0000e+00
      42007   1750.241   1442.000     3.6683   3.281817     3.6678   3.281706      85.30     0.0116     2.4514     2.1679  34.721085  3.6642246   53.23232  -50.46924    34.9124    34.9116     3.5570     3.5568    27.7618    27.7612    6.28096    6.26309         52 0.0000e+00
      42050   1752.044   1443.000     3.6681   3.281860     3.6676   3.281753      91.09     0.0103     2.4507     2.1665  34.733360  3.6642246   53.23232  -50.46922    34.9126    34.9118     3.5568     3.5563    27.7620    27.7614    6.27966    6.25325         24 0.0000e+00
      42068   1752.786   1444.000     3.6681   3.281901     3.6675   3.281798      94.58     0.0107     2.4507     2.1661  34.732601  3.6642246   53.23232  -50.46923    34.9125    34.9119     3.5567     3.5561    27.7619    27.7616    6.28915    6.25936         16 0.0000e+00
      42084   1753.442   1445.000     3.6680   3.281939     3.6674   3.281835      98.66     0.0113     2.4513     2.1660  34.732601  3.6642246   53.23232  -50.46924    34.9126    34.9120     3.5566     3.5560    27.7620    27.7616    6.28642    6.26582         16 0.0000e+00
      42099   1754.086   1446.000     3.6675   3.281941     3.6669   3.281828      98.63     0.0096     2.4508     2.1660  34.732601  3.6642246   53.23232  -50.46924    34.9126    34.9119     3.5560     3.5554    27.7621    27.7616    6.28414    6.26857         16 0.0000e+00
      42116   1754.793   1447.000     3.6671   3.281946     3.6666   3.281846      69.52     0.0126     2.4509     2.1663  34.732601  3.6642246   53.23231  -50.46924    34.9126    34.9120     3.5555     3.5550    27.7622    27.7617    6.28951    6.27423         18 0.0000e+00
      42137   1755.683   1448.000     3.6670   3.281974     3.6665   3.281870      59.28     0.0121     2.4509     2.1668  34.732601  3.6642246   53.23230  -50.46924    34.9126    34.9118     3.5553     3.5548    27.7621    27.7616    6.28757    6.27448         25 0.0000e+00
      42164   1756.791   1449.000     3.6669   3.282004     3.6663   3.281889      99.37     0.0156     2.4507     2.1665  34.737766  3.6642246   53.23230  -50.46924    34.9125    34.9118     3.5551     3.5545    27.7621    27.7616    6.28257    6.26371         26 0.0000e+00
