data/CTD/2014/CNV/d017a020.cnv
* Sea-Bird SBE 9 Data File:
* FileName = C:\CTD_ACQUISITION\2014017HUD\017A020.hdr
* Software Version Seasave V 7.23.1
* Temperature SN = 5081
* Conductivity SN = 3561
* Number of Bytes Per Scan = 37
* Number of Voltage Words = 4
* Number of Scans Averaged by the Deck Unit = 1
* NMEA Latitude = 53 08.99 N
* NMEA Longitude = 050 44.43 W
* NMEA UTC (Time) = Jul 05 2014 00:39:02
* NMEA baud rate = 9600
** Ship: Hudson
** Cruise: HUD2014017
** Chief_Scientist: Blair Greenan
** Organization: BIO
** Area_of_Operation: Sackville Spur
** Station: 020
** Sounding:  3070
** Event_Comments: K9, 403105
** Windows 7 Test
# nquan = 25
# nvalues = 502                         
# units = specified
# name 0 = scan: Scan Count
# name 1 = timeS: Time, Elapsed [seconds]
# name 2 = prDM: Pressure, Digiquartz [db]
# name 3 = t068C: Temperature [ITS-68, deg C]
# name 4 = c0S/m: Conductivity [S/m]
# name 5 = t168C: Temperature, 2 [ITS-68, deg C]
# name 6 = c1S/m: Conductivity, 2 [S/m]
# name 7 = altM: Altimeter [m]
# name 8 = flC: Fluorescence, Chelsea Aqua 3 Chl Con [ug/l]
# name 9 = sbeox0V: Oxygen raw, SBE 43 [V]
# name 10 = sbeox1V: Oxygen raw, SBE 43, 2 [V]
# name 11 = upoly0: Upoly 0, Optode 4330F - O2 D-Phase
# name 12 = upoly1: Upoly 1, Optode 4330F - O2 Temp
# name 13 = latitude: Latitude [deg]
# name 14 = longitude: Longitude [deg]
# name 15 = sal00: Salinity, Practical [PSU]
# name 16 = sal11: Salinity, Practical, 2 [PSU]
# name 17 = potemp068C: Potential Temperature [ITS-68, deg C]
# name 18 = potemp168C: Potential Temperature, 2 [ITS-68, deg C]
# name 19 = sigma-é00: Density [sigma-theta, Kg/m^3]
# name 20 = sigma-é11: Density, 2 [sigma-theta, Kg/m^3]
# name 21 = sbeox0ML/L: Oxygen, SBE 43 [ml/l], WS = 2
# name 22 = sbeox1ML/L: Oxygen, SBE 43, 2 [ml/l], WS = 2
# name 23 = nbin: number of scans per bin
# name 24 = flag: flag
# span 0 =       8298,      24224       
# span 1 =    345.699,   1009.294       
# span 2 =      2.000,    503.000       
# span 3 =     3.4052,     8.8861       
# span 4 =   3.186001,   3.654094       
# span 5 =     3.4049,     8.8897       
# span 6 =   3.185920,   3.654160       
# span 7 =      32.98,     103.20       
# span 8 =     0.0082,     0.2601       
# span 9 =     2.8266,     3.4312       
# span 10 =     2.4969,     3.0104      
# span 11 =  30.033924,  33.574715      
# span 12 =  2.7212594,  8.8954353      
# span 13 =   53.15044,   53.15078      
# span 14 =  -50.73893,  -50.73539      
# span 15 =    34.4761,    34.8635      
# span 16 =    34.4728,    34.8628      
# span 17 =     3.3978,     8.8858      
# span 18 =     3.3975,     8.8894      
# span 19 =    26.7265,    27.7157      
# span 20 =    26.7241,    27.7153      
# span 21 =    6.61907,    7.28777      
# span 22 =    6.65482,    7.28225      
# span 23 =         11,         97      
# span 24 = 0.0000e+00, 0.0000e+00      
# interval = decibars: 1                
# start_time = Jul 05 2014 00:39:02 [NMEA time, header]
# bad_flag = -9.990e-29
*END*
[from data line 58]
      11589    482.821     60.000     4.0118   3.232500     4.0116   3.232403      98.64     0.0825     3.1708     2.7957  32.109024  4.1325483   53.15076  -50.73815    34.6833    34.6823     4.0076     4.0074    27.5335    27.5328    7.12368    7.15946         35 0.0000e+00
      11646    485.195     61.000     4.0065   3.232088     4.0051   3.231891      88.34     0.0842     3.1667     2.7934  32.124466  4.1004624   53.15076  -50.73814    34.6834    34.6825     4.0023     4.0009    27.5342    27.5336    7.12000    7.17066         74 0.0000e+00
      11698    487.380     62.000     3.9799   3.229801     3.9760   3.229253      99.15     0.0792     3.1636     2.7916  32.138866  4.0929179   53.15076  -50.73812    34.6838    34.6814     3.9756     3.9717    27.5373    27.5358    7.11371    7.15193         28 0.0000e+00
      11722    488.381     63.000     3.8983   3.222788     3.9009   3.222671      98.64     0.0771     3.1619     2.7894  32.159817  4.0834169   53.15076  -50.73812    34.6862    34.6829     3.8940     3.8966    27.5476    27.5448    7.12698    7.16290         25 0.0000e+00
      11763    490.064     64.000     3.8857   3.221867     3.8866   3.221823      98.64     0.0695     3.1593     2.7853  32.186356  4.0462341   53.15076  -50.73810    34.6880    34.6867     3.8814     3.8823    27.5503    27.5493    7.12269    7.15414         58 0.0000e+00
      11853    493.832     65.000     3.8789   3.221479     3.8810   3.221447      57.90     0.0700     3.1527     2.7778  32.231071  3.9732847   53.15076  -50.73808    34.6900    34.6875     3.8745     3.8766    27.5527    27.5504    7.11298    7.13218         40 0.0000e+00
      11883    495.078     66.000     3.8199   3.216867     3.8193   3.216705      97.23     0.0675     3.1519     2.7754  32.237495  3.9930172   53.15076  -50.73808    34.6971    34.6958     3.8155     3.8149    27.5643    27.5633    7.12698    7.14873         37 0.0000e+00
      11936    497.281     67.000     3.7896   3.214350     3.7899   3.214266      95.04     0.0505     3.1506     2.7748  32.255596  3.9292581   53.15076  -50.73808    34.6987    34.6973     3.7851     3.7854    27.5687    27.5676    7.12137    7.15779         58 0.0000e+00
      11974    498.865     68.000     3.7591   3.211837     3.7584   3.211625      98.66     0.0460     3.1474     2.7740  32.273994  3.8984435   53.15076  -50.73806    34.7004    34.6987     3.7546     3.7538    27.5732    27.5718    7.11689    7.16199         26 0.0000e+00
      12001    500.020     69.000     3.7467   3.210869     3.7463   3.210749      98.64     0.0479     3.1462     2.7728  32.293766  3.8860588   53.15076  -50.73805    34.7015    34.7005     3.7421     3.7417    27.5753    27.5745    7.12082    7.15686         34 0.0000e+00
      12083    503.434     70.000     3.7530   3.211492     3.7534   3.211428      77.75     0.0427     3.1429     2.7715  32.336308  3.8414793   53.15077  -50.73803    34.7017    34.7005     3.7483     3.7489    27.5748    27.5738    7.10559    7.14671         47 0.0000e+00
      12120    504.942     71.000     3.7418   3.210634     3.7414   3.210519      98.84     0.0420     3.1394     2.7687  32.344509  3.8498244   53.15078  -50.73802    34.7028    34.7018     3.7371     3.7367    27.5768    27.5761    7.08373    7.13430         21 0.0000e+00
      12146    506.036     72.000     3.7398   3.210528     3.7397   3.210448      98.64     0.0464     3.1351     2.7665  32.351097  3.8328307   53.15078  -50.73801    34.7031    34.7022     3.7350     3.7349    27.5772    27.5766    7.07454    7.12790         40 0.0000e+00
      12242    510.054     73.000     3.7350   3.210309     3.7361   3.210225      98.64     0.0439     3.1272     2.7587  32.370071  3.8060055   53.15076  -50.73800    34.7050    34.7029     3.7301     3.7312    27.5793    27.5775    7.06224    7.10472         31 0.0000e+00
      12265    510.997     74.000     3.6745   3.205621     3.6743   3.205392      84.87     0.0400     3.1251     2.7568  32.387897  3.8202589   53.15078  -50.73798    34.7127    34.7101     3.6695     3.6694    27.5915    27.5895    7.07538    7.11372         24 0.0000e+00
      12295    512.263     75.000     3.6169   3.200915     3.6165   3.200749      71.19     0.0384     3.1225     2.7545  32.404999  3.7925396   53.15078  -50.73798    34.7171    34.7153     3.6119     3.6116    27.6007    27.5993    7.07972    7.11489         41 0.0000e+00
      12364    515.116     76.000     3.6055   3.199956     3.6027   3.199615      98.86     0.0359     3.1179     2.7489  32.442772  3.7150104   53.15078  -50.73796    34.7171    34.7159     3.6005     3.5978    27.6019    27.6012    7.07058    7.11218         75 0.0000e+00
      12416    517.312     77.000     3.5513   3.195657     3.5490   3.195340      98.49     0.0365     3.1151     2.7473  32.465012  3.6960394   53.15077  -50.73796    34.7226    34.7214     3.5463     3.5439    27.6117    27.6109    7.08032    7.12104         52 0.0000e+00
      12476    519.776     78.000     3.5369   3.194534     3.5366   3.194437      98.64     0.0312     3.1128     2.7469  32.496853  3.6360111   53.15078  -50.73794    34.7240    34.7231     3.5318     3.5315    27.6142    27.6135    7.07613    7.12556         50 0.0000e+00
      12510    521.213     79.000     3.5288   3.193976     3.5276   3.193793      98.64     0.0276     3.1112     2.7448  32.505672  3.6149740   53.15078  -50.73794    34.7253    34.7245     3.5237     3.5224    27.6161    27.6155    7.07442    7.10503         28 0.0000e+00
      12542    522.549     80.000     3.5249   3.193722     3.5245   3.193622      80.31     0.0280     3.1082     2.7411  32.526512  3.6095288   53.15078  -50.73792    34.7259    34.7252     3.5197     3.5192    27.6169    27.6164    7.05040    7.08861         43 0.0000e+00
      12619    525.766     81.000     3.5261   3.193901     3.5272   3.193919     103.20     0.0268     3.0970     2.7316  32.554295  3.5855908   53.15077  -50.73792    34.7262    34.7253     3.5209     3.5220    27.6170    27.6162    7.00803    7.05525         78 0.0000e+00
      12660    527.444     82.000     3.5073   3.192492     3.5079   3.192443      98.64     0.0285     3.0900     2.7260  32.564007  3.5882971   53.15076  -50.73790    34.7288    34.7275     3.5019     3.5026    27.6210    27.6199    6.99858    7.03550         31 0.0000e+00
      12698    529.036     83.000     3.4662   3.189437     3.4662   3.189314      89.01     0.0268     3.0853     2.7209  32.579716  3.5774598   53.15076  -50.73790    34.7351    34.7337     3.4608     3.4608    27.6300    27.6289    7.00290    7.03615         50 0.0000e+00
      12755    531.431     84.000     3.4395   3.187479     3.4391   3.187382      77.61     0.0212     3.0793     2.7157  32.602108  3.5492008   53.15076  -50.73788    34.7398    34.7390     3.4340     3.4337    27.6363    27.6358    6.99460    7.03978         54 0.0000e+00
      12802    533.394     85.000     3.4347   3.187200     3.4344   3.187120      92.07     0.0235     3.0752     2.7139  32.624836  3.5263379   53.15076  -50.73788    34.7410    34.7402     3.4292     3.4289    27.6378    27.6372    6.99173    7.04476         44 0.0000e+00
      12843    535.089     86.000     3.4265   3.186697     3.4264   3.186608      98.50     0.0233     3.0727     2.7126  32.651455  3.5043526   53.15076  -50.73786    34.7431    34.7421     3.4210     3.4209    27.6403    27.6395    6.99087    7.03840         41 0.0000e+00
      12893    537.163     87.000     3.4233   3.186567     3.4232   3.186491      98.64     0.0292     3.0709     2.7104  32.682713  3.4909170   53.15076  -50.73786    34.7444    34.7436     3.4177     3.4176    27.6416    27.6410    6.99632    7.03247         58 0.0000e+00
      12949    539.493     88.000     3.4234   3.186668     3.4231   3.186583      98.64     0.0245     3.0702     2.7098  32.722416  3.4783313   53.15076  -50.73786    34.7449    34.7443     3.4178     3.4174    27.6420    27.6415    6.99716    7.04296         50 0.0000e+00
      12992    541.311     89.000     3.4232   3.186725     3.4233   3.186667      72.29     0.0207     3.0697     2.7094  32.729904  3.4783597   53.15076  -50.73784    34.7453    34.7445     3.4175     3.4175    27.6424    27.6417    6.99689    7.03823         37 0.0000e+00
      13027    542.753     90.000     3.4234   3.186810     3.4235   3.186748      97.04     0.0179     3.0690     2.7090  32.733788  3.4703765   53.15076  -50.73783    34.7455    34.7448     3.4176     3.4176    27.6425    27.6419    6.99200    7.03624         40 0.0000e+00
      13107    546.083     91.000     3.4245   3.186944     3.4254   3.186966      98.64     0.0178     3.0678     2.7068  32.773182  3.4633970   53.15076  -50.73782    34.7455    34.7447     3.4186     3.4196    27.6424    27.6417    6.99305    7.03033         77 0.0000e+00
      13149    547.851     92.000     3.4234   3.186935     3.4232   3.186857      98.64     0.0178     3.0672     2.7067  32.799080  3.4689410   53.15076  -50.73780    34.7460    34.7452     3.4175     3.4173    27.6429    27.6423    6.98932    7.03473         24 0.0000e+00
      13173    548.848     93.000     3.4223   3.186918     3.4222   3.186845      39.09     0.0201     3.0665     2.7066  32.798534  3.4688644   53.15076  -50.73780    34.7463    34.7457     3.4164     3.4162    27.6433    27.6428    6.99054    7.03485         27 0.0000e+00
      13236    551.477     94.000     3.4225   3.187001     3.4228   3.186977      95.62     0.0206     3.0655     2.7052  32.816299  3.4580324   53.15076  -50.73779    34.7466    34.7460     3.4165     3.4168    27.6435    27.6429    6.98714    7.02684         69 0.0000e+00
      13297    553.991     95.000     3.4220   3.187059     3.4219   3.186990      98.76     0.0215     3.0635     2.7044  32.828190  3.4618962   53.15076  -50.73778    34.7473    34.7465     3.4159     3.4158    27.6441    27.6435    6.97769    7.02879         29 0.0000e+00
      13325    555.183     96.000     3.4214   3.187090     3.4212   3.187021      98.64     0.0190     3.0623     2.7034  32.827442  3.4685092   53.15076  -50.73776    34.7477    34.7471     3.4152     3.4150    27.6445    27.6440    6.97804    7.01711         35 0.0000e+00
      13398    558.218     97.000     3.4212   3.187131     3.4213   3.187080      88.86     0.0187     3.0593     2.6994  32.841240  3.4488685   53.15076  -50.73776    34.7479    34.7472     3.4150     3.4150    27.6447    27.6441    6.96847    7.00287         97 0.0000e+00
      13457    560.677     98.000     3.4093   3.186262     3.4075   3.186045      95.27     0.0177     3.0576     2.6963  32.842010  3.4522910   53.15075  -50.73774    34.7497    34.7489     3.4029     3.4012    27.6473    27.6468    6.97358    7.00157         27 0.0000e+00
      13479    561.589     99.000     3.4052   3.186001     3.4049   3.185920      98.58     0.0192     3.0573     2.6959  32.841827  3.4524333   53.15075  -50.73774    34.7503    34.7497     3.3989     3.3985    27.6481    27.6477    6.97146    7.00939         22 0.0000e+00
      13518    563.227    100.000     3.4054   3.186103     3.4056   3.186086      98.64     0.0212     3.0564     2.6956  32.859497  3.4318740   53.15076  -50.73773    34.7507    34.7504     3.3990     3.3991    27.6485    27.6482    6.97114    7.00711         48 0.0000e+00
      13599    566.593    101.000     3.4063   3.186251     3.4070   3.186243      98.64     0.0208     3.0540     2.6945  32.880676  3.4353411   53.15074  -50.73772    34.7510    34.7502     3.3998     3.4005    27.6486    27.6479    6.96436    7.00927         24 0.0000e+00
      13616    567.308    102.000     3.4060   3.186320     3.4059   3.186261      32.98     0.0224     3.0540     2.6949  32.878017  3.4394319   53.15074  -50.73770    34.7517    34.7511     3.3994     3.3993    27.6492    27.6487    6.96720    7.01237         19 0.0000e+00
      13657    569.017    103.000     3.4070   3.186458     3.4067   3.186374      86.32     0.0201     3.0527     2.6941  32.884953  3.4330335   53.15074  -50.73770    34.7517    34.7510     3.4003     3.4000    27.6491    27.6486    6.96658    7.00245         36 0.0000e+00
      13760    573.307    104.000     3.4110   3.187011     3.4102   3.186910      98.77     0.0204     3.0489     2.6895  32.886463  3.4297516   53.15074  -50.73768    34.7535    34.7531     3.4043     3.4035    27.6502    27.6500    6.95744    6.99599         19 0.0000e+00
      13778    574.024    105.000     3.4269   3.188960     3.4260   3.188901      98.64     0.0228     3.0486     2.6900  32.891724  3.4267774   53.15074  -50.73768    34.7594    34.7597     3.4202     3.4195    27.6533    27.6537    6.95029    6.99411         19 0.0000e+00
      13801    574.983    106.000     3.4354   3.189996     3.4346   3.189891      98.64     0.0234     3.0480     2.6898  32.900558  3.4204152   53.15074  -50.73768    34.7624    34.7619     3.4285     3.4278    27.6549    27.6546    6.94934    6.98893         29 0.0000e+00
      13869    577.847    107.000     3.4355   3.190019     3.4345   3.189861      93.17     0.0178     3.0468     2.6885  32.905830  3.4339383   53.15074  -50.73766    34.7620    34.7611     3.4285     3.4276    27.6546    27.6540    6.94507    6.98070         90 0.0000e+00
      13937    580.686    108.000     3.4421   3.190841     3.4407   3.190684      99.06     0.0162     3.0460     2.6869  32.913494  3.4485123   53.15074  -50.73764    34.7643    34.7638     3.4351     3.4337    27.6558    27.6555    6.94355    6.98089         26 0.0000e+00
      13954    581.375    109.000     3.4485   3.191591     3.4481   3.191530      98.63     0.0185     3.0446     2.6866  32.915688  3.4492855   53.15074  -50.73764    34.7659    34.7656     3.4414     3.4410    27.6565    27.6563    6.93215    6.97382         18 0.0000e+00
      13976    582.282    110.000     3.4517   3.191988     3.4518   3.191959      91.26     0.0180     3.0440     2.6858  32.915752  3.4493284   53.15074  -50.73764    34.7667    34.7662     3.4446     3.4447    27.6568    27.6564    6.92616    6.96656         27 0.0000e+00
      14015    583.929    111.000     3.4530   3.192171     3.4526   3.192089      91.67     0.0147     3.0413     2.6840  32.921055  3.4493284   53.15074  -50.73763    34.7670    34.7664     3.4458     3.4457    27.6569    27.6564    6.92453    6.96141         48 0.0000e+00
      14050    585.390    112.000     3.4552   3.192478     3.4555   3.192470      98.91     0.0148     3.0403     2.6825  32.930779  3.4493284   53.15074  -50.73762    34.7677    34.7673     3.4480     3.4483    27.6573    27.6569    6.93030    6.96231         21 0.0000e+00
      14067    586.096    113.000     3.4601   3.193051     3.4585   3.192868      98.63     0.0184     3.0402     2.6821  32.936367  3.4506538   53.15074  -50.73762    34.7689    34.7684     3.4527     3.4512    27.6577    27.6575    6.93385    6.96209         15 0.0000e+00
      14082    586.714    114.000     3.4669   3.193829     3.4667   3.193798      98.63     0.0205     3.0406     2.6817  32.945133  3.4558871   53.15074  -50.73761    34.7705    34.7703     3.4595     3.4593    27.6584    27.6582    6.93752    6.96631         15 0.0000e+00
      14097    587.345    115.000     3.4679   3.194009     3.4679   3.193965      98.64     0.0212     3.0407     2.6822  32.945053  3.4542363   53.15074  -50.73760    34.7710    34.7705     3.4605     3.4604    27.6586    27.6582    6.93225    6.97252         16 0.0000e+00
      14115    588.097    116.000     3.4631   3.193595     3.4666   3.193879      98.64     0.0198     3.0402     2.6826  32.939251  3.4551799   53.15072  -50.73760    34.7706    34.7703     3.4556     3.4590    27.6588    27.6582    6.93224    6.97121         20 0.0000e+00
