data/CTD/2014/CNV/d017a013.cnv
* Sea-Bird SBE 9 Data File:
* FileName = C:\CTD_ACQUISITION\2014017HUD\ctddata\017A013.hdr
* Software Version Seasave V 7.22.2
* Temperature SN = 5081
* Conductivity SN = 3561
* Number of Bytes Per Scan = 37
* Number of Voltage Words = 4
* Number of Scans Averaged by the Deck Unit = 1
* NMEA Latitude = 52 49.18 N
* NMEA Longitude = 051 25.44 W
* NMEA UTC (Time) = Jul 03 2014 23:45:42
* NMEA baud rate = 9600
** Ship: Hudson
** Cruise: HUD2014017
** Chief_Scientist: Blair Greenan
** Organization: BIO
** Area_of_Operation: Sackville Spur
** Station: 013
** Sounding:  1581
** Event_Comments: K7, 403035
# nquan = 25
# nvalues = 1642                        
# units = specified
# name 0 = scan: Scan Count
# name 1 = timeS: Time, Elapsed [seconds]
# name 2 = prDM: Pressure, Digiquartz [db]
# name 3 = t068C: Temperature [ITS-68, deg C]
# name 4 = c0S/m: Conductivity [S/m]
# name 5 = t168C: Temperature, 2 [ITS-68, deg C]
# name 6 = c1S/m: Conductivity, 2 [S/m]
# name 7 = altM: Altimeter [m]
# name 8 = flC: Fluorescence, Chelsea Aqua 3 Chl Con [ug/l]
# name 9 = sbeox0V: Oxygen raw, SBE 43 [V]
# name 10 = sbeox1V: Oxygen raw, SBE 43, 2 [V]
# name 11 = upoly0: Upoly 0, Optode 4330F - O2 D-Phase
# name 12 = upoly1: Upoly 1, Optode 4330F - O2 Temp
# name 13 = latitude: Latitude [deg]
# name 14 = longitude: Longitude [deg]
# name 15 = sal00: Salinity, Practical [PSU]
# name 16 = sal11: Salinity, Practical, 2 [PSU]
# name 17 = potemp068C: Potential Temperature [ITS-68, deg C]
# name 18 = potemp168C: Potential Temperature, 2 [ITS-68, deg C]
# name 19 = sigma-é00: Density [sigma-theta, Kg/m^3]
# name 20 = sigma-é11: Density, 2 [sigma-theta, Kg/m^3]
# name 21 = sbeox0ML/L: Oxygen, SBE 43 [ml/l], WS = 2
# name 22 = sbeox1ML/L: Oxygen, SBE 43, 2 [ml/l], WS = 2
# name 23 = nbin: number of scans per bin
# name 24 = flag: flag
# span 0 =       5830,      47424       
# span 1 =    242.861,   1975.976       
# span 2 =      2.000,   1643.000       
# span 3 =     3.3394,     5.9286       
# span 4 =   3.072360,   3.365187       
# span 5 =     3.3384,     5.9288       
# span 6 =   3.072705,   3.365617       
# span 7 =       3.10,     107.62       
# span 8 =     0.0058,     0.3494       
# span 9 =     2.3959,     3.6592       
# span 10 =     2.1184,     3.2074      
# span 11 =  29.985849,  34.940079      
# span 12 =  2.7412505,  5.7642817      
# span 13 =   52.81761,   52.81958      
# span 14 =  -51.42244,  -51.41138      
# span 15 =    32.6500,    34.9151      
# span 16 =    32.6482,    34.9140      
# span 17 =     3.2146,     5.9266      
# span 18 =     3.2140,     5.9268      
# span 19 =    25.8066,    27.7964      
# span 20 =    25.8053,    27.7958      
# span 21 =    6.29377,    8.59479      
# span 22 =    6.27233,    8.59085      
# span 23 =         11,         85      
# span 24 = 0.0000e+00, 0.0000e+00      
# interval = decibars: 1                
# start_time = Jul 03 2014 23:45:42 [NMEA time, header]
# bad_flag = -9.990e-29
*END*
[from data line 348]
      15504    645.945    350.000     3.5159   3.214410     3.5164   3.214312      99.93     0.0176     2.9191     2.5802  33.241749  2.7884967   52.81918  -51.41958    34.8367    34.8350     3.4923     3.4928    27.7079    27.7065    6.78384    6.83127         21 0.0000e+00
      15519    646.576    351.000     3.5158   3.214452     3.5159   3.214323      98.64     0.0173     2.9179     2.5795  33.242294  2.7950146   52.81918  -51.41958    34.8368    34.8350     3.4921     3.4922    27.7080    27.7066    6.77962    6.82873         14 0.0000e+00
      15531    647.101    352.000     3.5179   3.214747     3.5179   3.214604      98.64     0.0185     2.9184     2.5798  33.238121  2.7528062   52.81918  -51.41958    34.8375    34.8357     3.4942     3.4942    27.7083    27.7069    6.78123    6.83112         12 0.0000e+00
      15543    647.577    353.000     3.5185   3.214859     3.5186   3.214709      98.64     0.0177     2.9163     2.5797  33.238094  2.7636359   52.81918  -51.41958    34.8376    34.8357     3.4947     3.4948    27.7084    27.7069    6.77815    6.83263         11 0.0000e+00
      15554    648.040    354.000     3.5189   3.214934     3.5188   3.214784      98.56     0.0156     2.9167     2.5795  33.239422  2.8080690   52.81918  -51.41958    34.8376    34.8359     3.4950     3.4949    27.7084    27.7070    6.78496    6.83081         11 0.0000e+00
      15566    648.546    355.000     3.5196   3.215065     3.5197   3.214928      98.59     0.0130     2.9166     2.5795  33.238083  2.7970383   52.81918  -51.41958    34.8378    34.8361     3.4957     3.4958    27.7085    27.7071    6.79096    6.83086         13 0.0000e+00
      15583    649.230    356.000     3.5201   3.215155     3.5201   3.215004      98.55     0.0132     2.9166     2.5791  33.248775  2.7539477   52.81918  -51.41956    34.8379    34.8361     3.4960     3.4961    27.7085    27.7070    6.79053    6.82555         22 0.0000e+00
      15645    651.822    357.000     3.5203   3.215212     3.5203   3.215025      98.48     0.0134     2.9158     2.5756  33.266987  2.7877152   52.81918  -51.41954    34.8378    34.8356     3.4962     3.4961    27.7084    27.7066    6.78861    6.81262         78 0.0000e+00
      15688    653.606    358.000     3.5202   3.215261     3.5203   3.215106      98.45     0.0175     2.9154     2.5753  33.267521  2.7714880   52.81918  -51.41952    34.8379    34.8360     3.4960     3.4961    27.7085    27.7070    6.79052    6.82499         20 0.0000e+00
      15704    654.283    359.000     3.5203   3.215306     3.5202   3.215157      98.64     0.0147     2.9158     2.5754  33.267399  2.8138585   52.81918  -51.41952    34.8379    34.8361     3.4960     3.4960    27.7085    27.7071    6.78956    6.82227         16 0.0000e+00
      15718    654.886    360.000     3.5206   3.215397     3.5205   3.215242      98.46     0.0145     2.9153     2.5751  33.267399  2.7654874   52.81918  -51.41952    34.8381    34.8363     3.4962     3.4962    27.7086    27.7072    6.78478    6.82204         13 0.0000e+00
      15732    655.440    361.000     3.5211   3.215510     3.5211   3.215362      63.31     0.0123     2.9152     2.5752  33.267399  2.7569191   52.81918  -51.41952    34.8384    34.8366     3.4967     3.4967    27.7088    27.7074    6.78795    6.82220         13 0.0000e+00
      15745    655.980    362.000     3.5212   3.215576     3.5212   3.215428      40.20     0.0128     2.9147     2.5750  33.268448  2.8130500   52.81918  -51.41952    34.8385    34.8367     3.4967     3.4967    27.7089    27.7075    6.79050    6.81766         14 0.0000e+00
      15758    656.545    363.000     3.5210   3.215605     3.5210   3.215462      96.96     0.0132     2.9142     2.5744  33.267429  2.7967575   52.81918  -51.41952    34.8385    34.8368     3.4964     3.4965    27.7090    27.7075    6.79079    6.81032         14 0.0000e+00
      15774    657.210    364.000     3.5212   3.215660     3.5212   3.215512      98.17     0.0176     2.9150     2.5733  33.272141  2.7490771   52.81918  -51.41952    34.8384    34.8366     3.4966     3.4966    27.7088    27.7074    6.78885    6.80549         18 0.0000e+00
      15813    658.833    365.000     3.5214   3.215710     3.5214   3.215558      98.03     0.0175     2.9137     2.5716  33.271877  2.7837362   52.81918  -51.41951    34.8383    34.8364     3.4967     3.4967    27.7088    27.7073    6.78738    6.80937         66 0.0000e+00
      15865    661.013    366.000     3.5209   3.215732     3.5211   3.215588      98.15     0.0137     2.9128     2.5717  33.272320  2.7708163   52.81918  -51.41948    34.8386    34.8366     3.4961     3.4963    27.7090    27.7074    6.78692    6.82800         24 0.0000e+00
      15882    661.704    367.000     3.5198   3.215694     3.5200   3.215550      98.30     0.0128     2.9127     2.5719  33.276642  2.7853632   52.81918  -51.41948    34.8387    34.8368     3.4950     3.4951    27.7092    27.7077    6.78993    6.82005         16 0.0000e+00
      15896    662.294    368.000     3.5191   3.215684     3.5193   3.215546      97.77     0.0155     2.9129     2.5719  33.280941  2.8122592   52.81918  -51.41948    34.8387    34.8369     3.4943     3.4944    27.7093    27.7079    6.78668    6.81917         13 0.0000e+00
      15909    662.822    369.000     3.5187   3.215694     3.5190   3.215571      98.43     0.0157     2.9121     2.5718  33.274612  2.7697005   52.81918  -51.41948    34.8388    34.8370     3.4937     3.4941    27.7095    27.7079    6.77761    6.81928         12 0.0000e+00
      15921    663.339    370.000     3.5185   3.215720     3.5185   3.215555      97.79     0.0148     2.9116     2.5716  33.275295  2.7556329   52.81918  -51.41948    34.8388    34.8368     3.4934     3.4935    27.7095    27.7079    6.77734    6.81666         13 0.0000e+00
      15935    663.897    371.000     3.5175   3.215661     3.5176   3.215520      98.23     0.0158     2.9102     2.5715  33.275772  2.8054018   52.81918  -51.41948    34.8386    34.8368     3.4924     3.4925    27.7094    27.7079    6.78466    6.81470         14 0.0000e+00
      15952    664.626    372.000     3.5159   3.215387     3.5160   3.215414      97.97     0.0140     2.9107     2.5707  33.285336  2.7841718   52.81918  -51.41948    34.8365    34.8367     3.4907     3.4909    27.7079    27.7080    6.78498    6.81408         23 0.0000e+00
      16002    666.702    373.000     3.5152   3.215561     3.5155   3.215399      97.97     0.0159     2.9102     2.5709  33.307262  2.7719903   52.81917  -51.41946    34.8388    34.8365     3.4899     3.4906    27.7098    27.7080    6.79009    6.82893         66 0.0000e+00
      16043    668.427    374.000     3.5150   3.215582     3.5149   3.215426      98.66     0.0119     2.9099     2.5719  33.296360  2.7980525   52.81916  -51.41944    34.8387    34.8369     3.4897     3.4896    27.7098    27.7083    6.78570    6.82339         22 0.0000e+00
      16061    669.146    375.000     3.5151   3.215663     3.5150   3.215499      98.65     0.0122     2.9101     2.5714  33.296703  2.7539902   52.81916  -51.41944    34.8390    34.8371     3.4897     3.4897    27.7100    27.7085    6.78303    6.81892         15 0.0000e+00
      16075    669.736    376.000     3.5158   3.215796     3.5157   3.215639      97.91     0.0144     2.9089     2.5708  33.296703  2.7875710   52.81916  -51.41944    34.8393    34.8376     3.4904     3.4902    27.7102    27.7088    6.78097    6.81819         14 0.0000e+00
      16087    670.270    377.000     3.5163   3.215901     3.5161   3.215730      93.23     0.0202     2.9084     2.5708  33.299141  2.8127267   52.81916  -51.41944    34.8395    34.8377     3.4908     3.4906    27.7103    27.7089    6.78100    6.82026         12 0.0000e+00
      16100    670.794    378.000     3.5163   3.215945     3.5161   3.215775      98.43     0.0166     2.9087     2.5702  33.296692  2.7721169   52.81916  -51.41944    34.8395    34.8377     3.4907     3.4905    27.7103    27.7088    6.78347    6.82175         13 0.0000e+00
      16114    671.362    379.000     3.5164   3.216002     3.5162   3.215832      98.64     0.0130     2.9077     2.5705  33.296703  2.7491593   52.81916  -51.41944    34.8396    34.8377     3.4907     3.4905    27.7103    27.7089    6.77945    6.82531         15 0.0000e+00
      16132    672.111    380.000     3.5165   3.216083     3.5165   3.215922      98.64     0.0158     2.9075     2.5703  33.296703  2.7979329   52.81916  -51.41944    34.8398    34.8379     3.4908     3.4908    27.7105    27.7090    6.78264    6.82868         23 0.0000e+00
      16177    674.004    381.000     3.5165   3.216125     3.5166   3.215971      74.84     0.0171     2.9071     2.5708  33.296703  2.7678092   52.81916  -51.41941    34.8398    34.8379     3.4907     3.4912    27.7105    27.7090    6.78746    6.83011         61 0.0000e+00
      16219    675.762    382.000     3.5158   3.216117     3.5156   3.215943      97.38     0.0174     2.9065     2.5709  33.296703  2.7767186   52.81916  -51.41940    34.8399    34.8381     3.4900     3.4897    27.7107    27.7092    6.78001    6.83067         25 0.0000e+00
      16240    676.614    383.000     3.5151   3.216103     3.5151   3.215943      95.77     0.0175     2.9061     2.5707  33.296703  2.7835529   52.81916  -51.41940    34.8400    34.8381     3.4892     3.4891    27.7108    27.7093    6.78785    6.82962         18 0.0000e+00
      16257    677.324    384.000     3.5146   3.216105     3.5145   3.215946      98.29     0.0151     2.9061     2.5707  33.296703  2.7522693   52.81916  -51.41940    34.8400    34.8381     3.4886     3.4885    27.7109    27.7094    6.78954    6.83128         16 0.0000e+00
      16273    677.980    385.000     3.5144   3.216138     3.5143   3.215974      98.56     0.0146     2.9065     2.5707  33.296703  2.8040619   52.81916  -51.41940    34.8401    34.8382     3.4883     3.4882    27.7110    27.7095    6.78952    6.82771         16 0.0000e+00
      16288    678.643    386.000     3.5141   3.216169     3.5141   3.216007      98.23     0.0163     2.9061     2.5702  33.296703  2.7790942   52.81916  -51.41939    34.8402    34.8382     3.4880     3.4880    27.7111    27.7095    6.78597    6.81982         16 0.0000e+00
      16306    679.364    387.000     3.5141   3.216238     3.5141   3.216080      93.35     0.0172     2.9059     2.5691  33.302776  2.7495739   52.81916  -51.41938    34.8405    34.8386     3.4879     3.4879    27.7113    27.7098    6.78409    6.81363         19 0.0000e+00
      16326    680.226    388.000     3.5150   3.216402     3.5150   3.216249      98.49     0.0158     2.9050     2.5680  33.301830  2.7932158   52.81914  -51.41938    34.8409    34.8391     3.4888     3.4887    27.7116    27.7102    6.77881    6.80899         23 0.0000e+00
      16356    681.464    389.000     3.5156   3.216500     3.5156   3.216350      96.81     0.0194     2.9040     2.5660  33.299141  2.7680838   52.81914  -51.41936    34.8410    34.8392     3.4892     3.4892    27.7116    27.7102    6.77698    6.80918         38 0.0000e+00
      16395    683.100    390.000     3.5161   3.216626     3.5161   3.216475      96.96     0.0143     2.9028     2.5654  33.304443  2.7608349   52.81914  -51.41935    34.8414    34.8395     3.4897     3.4897    27.7119    27.7104    6.78223    6.81857         32 0.0000e+00
      16419    684.081    391.000     3.5155   3.216640     3.5159   3.216513      92.67     0.0136     2.9027     2.5654  33.306030  2.8019803   52.81914  -51.41934    34.8417    34.8397     3.4890     3.4894    27.7122    27.7106    6.78564    6.81769         19 0.0000e+00
      16435    684.746    392.000     3.5151   3.216666     3.5153   3.216528      97.11     0.0160     2.9031     2.5651  33.300770  2.7675912   52.81914  -51.41934    34.8419    34.8400     3.4885     3.4887    27.7124    27.7109    6.78857    6.81155         14 0.0000e+00
      16449    685.326    393.000     3.5153   3.216727     3.5153   3.216565      98.68     0.0185     2.9027     2.5645  33.296608  2.7412505   52.81914  -51.41934    34.8419    34.8399     3.4887     3.4886    27.7124    27.7108    6.78292    6.80864         14 0.0000e+00
      16463    685.917    394.000     3.5153   3.216763     3.5153   3.216609      98.64     0.0216     2.9029     2.5639  33.298656  2.7909746   52.81914  -51.41934    34.8418    34.8399     3.4885     3.4886    27.7123    27.7108    6.78304    6.80883         15 0.0000e+00
      16481    686.669    395.000     3.5153   3.216800     3.5154   3.216652      96.34     0.0186     2.9025     2.5634  33.303459  2.7700560   52.81914  -51.41934    34.8417    34.8398     3.4885     3.4886    27.7122    27.7107    6.78288    6.81200         23 0.0000e+00
      16521    688.319    396.000     3.5155   3.216856     3.5155   3.216706      97.10     0.0127     2.9014     2.5634  33.316196  2.7710183   52.81913  -51.41932    34.8416    34.8398     3.4886     3.4886    27.7122    27.7107    6.78150    6.82016         51 0.0000e+00
      16558    689.894    397.000     3.5155   3.216911     3.5155   3.216761      94.80     0.0121     2.9013     2.5638  33.314983  2.7798479   52.81912  -51.41931    34.8417    34.8399     3.4885     3.4885    27.7123    27.7108    6.78310    6.82010         24 0.0000e+00
      16578    690.709    398.000     3.5155   3.216965     3.5155   3.216808      95.51     0.0116     2.9008     2.5636  33.311268  2.7780163   52.81912  -51.41930    34.8418    34.8399     3.4885     3.4885    27.7123    27.7108    6.78073    6.81748         18 0.0000e+00
      16595    691.437    399.000     3.5155   3.217011     3.5155   3.216856      60.82     0.0144     2.9006     2.5635  33.299961  2.7633991   52.81912  -51.41930    34.8418    34.8399     3.4884     3.4885    27.7124    27.7108    6.77682    6.82129         18 0.0000e+00
      16614    692.203    400.000     3.5148   3.217006     3.5151   3.216872      98.48     0.0139     2.8995     2.5636  33.307446  2.8099568   52.81912  -51.41930    34.8420    34.8401     3.4877     3.4892    27.7126    27.7110    6.77479    6.81980         19 0.0000e+00
      16635    693.083    401.000     3.5145   3.217036     3.5145   3.216874      91.86     0.0131     2.8992     2.5631  33.309444  2.7536731   52.81912  -51.41930    34.8421    34.8402     3.4873     3.4872    27.7127    27.7112    6.77745    6.81192         23 0.0000e+00
      16656    693.978    402.000     3.5136   3.217026     3.5135   3.216865      98.61     0.0122     2.8984     2.5621  33.316479  2.7914155   52.81912  -51.41930    34.8424    34.8405     3.4863     3.4863    27.7131    27.7115    6.77168    6.80739         20 0.0000e+00
      16676    694.772    403.000     3.5131   3.217033     3.5132   3.216891      98.64     0.0158     2.8978     2.5613  33.312160  2.7682412   52.81912  -51.41929    34.8425    34.8406     3.4857     3.4859    27.7132    27.7116    6.77742    6.80547         18 0.0000e+00
      16693    695.491    404.000     3.5132   3.217108     3.5135   3.216981      98.64     0.0150     2.8979     2.5606  33.318172  2.7599311   52.81911  -51.41928    34.8427    34.8409     3.4858     3.4860    27.7133    27.7119    6.77742    6.80602         17 0.0000e+00
      16712    696.276    405.000     3.5137   3.217203     3.5138   3.217063      91.40     0.0154     2.8969     2.5600  33.318027  2.7915800   52.81910  -51.41928    34.8428    34.8410     3.4862     3.4863    27.7133    27.7119    6.77778    6.81132         22 0.0000e+00
      16749    697.831    406.000     3.5140   3.217308     3.5143   3.217170      95.15     0.0150     2.8966     2.5603  33.317284  2.7724538   52.81910  -51.41926    34.8431    34.8412     3.4865     3.4868    27.7136    27.7120    6.77564    6.82117         52 0.0000e+00
