data/CTD/2014/CNV/d017a046.cnv
* Sea-Bird SBE 9 Data File:
* FileName = C:\CTD_ACQUISITION\2014017HUD\ctddata\017A046.hdr
* Software Version Seasave V 7.22.2
* Temperature SN = 5081
* Conductivity SN = 3561
* Number of Bytes Per Scan = 37
* Number of Voltage Words = 4
* Number of Scans Averaged by the Deck Unit = 1
* NMEA Latitude = 47 54.02 N
* NMEA Longitude = 046 03.59 W
* NMEA UTC (Time) = Jul 10 2014 22:46:18
* NMEA baud rate = 9600
** Ship: Hudson
** Cruise: HUD2014017
** Chief_Scientist: Blair Greenan
** Organization: BIO
** Area_of_Operation: Sackville Spur
** Station: 046
** Sounding:  892
** Event_Comments: SS_18,403262
# nquan = 25
# nvalues = 908                         
# units = specified
# name 0 = scan: Scan Count
# name 1 = timeS: Time, Elapsed [seconds]
# name 2 = prDM: Pressure, Digiquartz [db]
# name 3 = t068C: Temperature [ITS-68, deg C]
# name 4 = c0S/m: Conductivity [S/m]
# name 5 = t168C: Temperature, 2 [ITS-68, deg C]
# name 6 = c1S/m: Conductivity, 2 [S/m]
# name 7 = altM: Altimeter [m]
# name 8 = flC: Fluorescence, Chelsea Aqua 3 Chl Con [ug/l]
# name 9 = sbeox0V: Oxygen raw, SBE 43 [V]
# name 10 = sbeox1V: Oxygen raw, SBE 43, 2 [V]
# name 11 = upoly0: Upoly 0, Optode 4330F - O2 D-Phase
# name 12 = upoly1: Upoly 1, Optode 4330F - O2 Temp
# name 13 = latitude: Latitude [deg]
# name 14 = longitude: Longitude [deg]
# name 15 = sal00: Salinity, Practical [PSU]
# name 16 = sal11: Salinity, Practical, 2 [PSU]
# name 17 = potemp068C: Potential Temperature [ITS-68, deg C]
# name 18 = potemp168C: Potential Temperature, 2 [ITS-68, deg C]
# name 19 = sigma-é00: Density [sigma-theta, Kg/m^3]
# name 20 = sigma-é11: Density, 2 [sigma-theta, Kg/m^3]
# name 21 = sbeox0ML/L: Oxygen, SBE 43 [ml/l], WS = 2
# name 22 = sbeox1ML/L: Oxygen, SBE 43, 2 [ml/l], WS = 2
# name 23 = nbin: number of scans per bin
# name 24 = flag: flag
# span 0 =       5771,      31284       
# span 1 =    240.399,   1303.462       
# span 2 =      2.000,    909.000       
# span 3 =     0.8116,     8.1432       
# span 4 =   2.892732,   3.539333       
# span 5 =     0.8114,     8.1475       
# span 6 =   2.892165,   3.539095       
# span 7 =       2.85,     101.13       
# span 8 =     0.0080,     0.4116       
# span 9 =     2.5757,     3.6527       
# span 10 =     2.2745,     3.1785      
# span 11 =  30.001347,  34.622543      
# span 12 =  1.3314099,  8.1830835      
# span 13 =   47.90098,   47.90292      
# span 14 =  -46.06181,  -46.06016      
# span 15 =    33.1083,    34.9087      
# span 16 =    33.1069,    34.9078      
# span 17 =     0.8094,     8.1426      
# span 18 =     0.8092,     8.1469      
# span 19 =    25.8025,    27.7512      
# span 20 =    25.8010,    27.7505      
# span 21 =    6.22076,    8.37410      
# span 22 =    6.21418,    8.30116      
# span 23 =         13,         98      
# span 24 = 0.0000e+00, 0.0000e+00      
# interval = decibars: 1                
# start_time = Jul 10 2014 22:46:18 [NMEA time, header]
# bad_flag = -9.990e-29
*END*
[from data line 406]
      18693    778.825    408.000     3.7730   3.240028     3.7732   3.239984      45.29     0.0147     2.8543     2.5205  33.548038  3.7814479   47.90200  -46.06089    34.8381    34.8374     3.7445     3.7447    27.6838    27.6832    6.61736    6.62606         20 0.0000e+00
      18712    779.643    409.000     3.7743   3.240201     3.7745   3.240155      98.47     0.0192     2.8539     2.5197  33.552364  3.7775474   47.90200  -46.06090    34.8383    34.8375     3.7457     3.7459    27.6838    27.6832    6.61532    6.62841         20 0.0000e+00
      18734    780.536    410.000     3.7745   3.240261     3.7740   3.240137      98.64     0.0193     2.8537     2.5191  33.560390  3.7717085   47.90200  -46.06090    34.8383    34.8374     3.7458     3.7453    27.6838    27.6832    6.61166    6.62666         23 0.0000e+00
      18759    781.602    411.000     3.7742   3.240282     3.7740   3.240195      39.57     0.0182     2.8531     2.5179  33.556263  3.7716727   47.90201  -46.06090    34.8382    34.8374     3.7455     3.7453    27.6838    27.6832    6.61490    6.61789         28 0.0000e+00
      18786    782.700    412.000     3.7741   3.240310     3.7737   3.240215      98.27     0.0154     2.8530     2.5168  33.545868  3.7716727   47.90202  -46.06090    34.8382    34.8374     3.7452     3.7449    27.6839    27.6833    6.61727    6.62532         25 0.0000e+00
      18810    783.688    413.000     3.7745   3.240403     3.7741   3.240289      98.63     0.0137     2.8531     2.5167  33.551117  3.7716727   47.90202  -46.06090    34.8383    34.8374     3.7456     3.7452    27.6839    27.6832    6.61900    6.62874         22 0.0000e+00
      18832    784.616    414.000     3.7715   3.240169     3.7716   3.240112      52.17     0.0126     2.8527     2.5166  33.560558  3.7716727   47.90202  -46.06091    34.8382    34.8374     3.7425     3.7426    27.6841    27.6835    6.61422    6.63089         22 0.0000e+00
      18854    785.559    415.000     3.7779   3.240897     3.7766   3.240735      95.73     0.0154     2.8524     2.5166  33.560440  3.7716727   47.90202  -46.06092    34.8396    34.8392     3.7488     3.7496    27.6846    27.6844    6.60710    6.63069         24 0.0000e+00
      18878    786.534    416.000     3.7777   3.240928     3.7785   3.240925      98.61     0.0170     2.8510     2.5166  33.560440  3.7716727   47.90202  -46.06092    34.8396    34.8387     3.7486     3.7494    27.6846    27.6838    6.60878    6.63433         23 0.0000e+00
      18901    787.497    417.000     3.7750   3.240723     3.7753   3.240670      60.12     0.0240     2.8510     2.5170  33.560440  3.7716727   47.90204  -46.06092    34.8395    34.8386     3.7458     3.7472    27.6848    27.6840    6.61610    6.63739         23 0.0000e+00
      18924    788.476    418.000     3.7754   3.240816     3.7749   3.240706      77.07     0.0259     2.8510     2.5171  33.560440  3.7716727   47.90204  -46.06092    34.8396    34.8388     3.7461     3.7456    27.6849    27.6843    6.62159    6.63490         24 0.0000e+00
      18949    789.507    419.000     3.7798   3.241347     3.7795   3.241277      60.07     0.0235     2.8515     2.5169  33.561031  3.7716727   47.90204  -46.06092    34.8408    34.8403     3.7504     3.7501    27.6854    27.6850    6.61851    6.63273         25 0.0000e+00
      18974    790.550    420.000     3.7859   3.242046     3.7857   3.241965      82.62     0.0175     2.8516     2.5167  33.563564  3.7716727   47.90204  -46.06092    34.8421    34.8413     3.7564     3.7584    27.6858    27.6852    6.62052    6.63374         24 0.0000e+00
      18997    791.479    421.000     3.7877   3.242270     3.7876   3.242196      88.73     0.0111     2.8515     2.5169  33.566792  3.7716727   47.90204  -46.06094    34.8423    34.8415     3.7582     3.7580    27.6858    27.6852    6.61277    6.63571         21 0.0000e+00
      19017    792.316    422.000     3.7845   3.241982     3.7859   3.242049      73.47     0.0147     2.8506     2.5168  33.560413  3.7790298   47.90204  -46.06094    34.8418    34.8411     3.7548     3.7563    27.6857    27.6850    6.60334    6.63165         20 0.0000e+00
      19037    793.176    423.000     3.7777   3.241366     3.7780   3.241281      71.05     0.0169     2.8493     2.5161  33.560440  3.7800939   47.90204  -46.06094    34.8411    34.8398     3.7480     3.7483    27.6859    27.6848    6.60140    6.62458         22 0.0000e+00
      19061    794.180    424.000     3.7768   3.241353     3.7762   3.241240      77.24     0.0178     2.8478     2.5150  33.560440  3.7814043   47.90206  -46.06094    34.8414    34.8407     3.7470     3.7464    27.6862    27.6857    6.59845    6.62273         27 0.0000e+00
      19091    795.417    425.000     3.7801   3.241735     3.7800   3.241670      81.06     0.0133     2.8469     2.5141  33.562805  3.7798650   47.90206  -46.06094    34.8419    34.8412     3.7503     3.7502    27.6862    27.6857    6.60852    6.62417         31 0.0000e+00
      19120    796.616    426.000     3.7904   3.242882     3.7904   3.242892      91.67     0.0153     2.8466     2.5131  33.573029  3.7714427   47.90206  -46.06095    34.8440    34.8441     3.7605     3.7605    27.6869    27.6870    6.60359    6.61337         25 0.0000e+00
      19141    797.519    427.000     3.8024   3.244158     3.8022   3.244073      43.87     0.0154     2.8462     2.5121  33.572781  3.7727220   47.90206  -46.06096    34.8460    34.8452     3.7723     3.7721    27.6873    27.6867    6.59977    6.61533         19 0.0000e+00
      19159    798.262    428.000     3.8026   3.244233     3.8023   3.244147      78.74     0.0168     2.8455     2.5121  33.575127  3.7809918   47.90206  -46.06096    34.8461    34.8454     3.7725     3.7722    27.6874    27.6868    6.60348    6.62072         17 0.0000e+00
      19176    798.967    429.000     3.8034   3.244365     3.8032   3.244286      98.89     0.0179     2.8460     2.5118  33.575092  3.7808661   47.90206  -46.06096    34.8463    34.8456     3.7732     3.7730    27.6874    27.6869    6.60493    6.62061         17 0.0000e+00
      19194    799.727    430.000     3.8038   3.244461     3.8036   3.244368      98.64     0.0182     2.8454     2.5119  33.571442  3.7848477   47.90207  -46.06096    34.8465    34.8456     3.7735     3.7733    27.6876    27.6869    6.59846    6.60776         20 0.0000e+00
      19218    800.699    431.000     3.8038   3.244503     3.8035   3.244403      98.64     0.0166     2.8443     2.5091  33.565338  3.7910185   47.90208  -46.06096    34.8464    34.8455     3.7735     3.7732    27.6875    27.6868    6.59644    6.59059         28 0.0000e+00
      19249    802.015    432.000     3.8036   3.244514     3.8035   3.244448      83.41     0.0174     2.8439     2.5075  33.566895  3.7943544   47.90208  -46.06096    34.8463    34.8455     3.7732     3.7731    27.6874    27.6868    6.60258    6.60488         34 0.0000e+00
      19281    803.318    433.000     3.8027   3.244471     3.8029   3.244422      59.76     0.0157     2.8438     2.5074  33.570396  3.7971511   47.90208  -46.06098    34.8462    34.8454     3.7722     3.7733    27.6874    27.6868    6.60401    6.61194         28 0.0000e+00
      19306    804.363    434.000     3.8008   3.244320     3.8007   3.244251      98.96     0.0203     2.8439     2.5076  33.567745  3.8010094   47.90208  -46.06098    34.8460    34.8451     3.7701     3.7701    27.6875    27.6868    6.60202    6.61480         22 0.0000e+00
      19327    805.242    435.000     3.8004   3.244357     3.8001   3.244261      79.07     0.0192     2.8430     2.5078  33.567024  3.8004808   47.90208  -46.06098    34.8462    34.8454     3.7698     3.7695    27.6877    27.6871    6.59663    6.61493         20 0.0000e+00
      19346    806.052    436.000     3.7995   3.244319     3.7994   3.244224      57.37     0.0175     2.8427     2.5075  33.573635  3.7999415   47.90210  -46.06098    34.8462    34.8452     3.7688     3.7687    27.6878    27.6870    6.60059    6.61125         19 0.0000e+00
      19366    806.872    437.000     3.7989   3.244297     3.7988   3.244220      98.51     0.0189     2.8423     2.5072  33.575089  3.7986550   47.90210  -46.06098    34.8460    34.8452     3.7681     3.7680    27.6877    27.6871    6.59670    6.60815         21 0.0000e+00
      19387    807.769    438.000     3.7988   3.244338     3.7987   3.244265      48.89     0.0161     2.8417     2.5068  33.571362  3.7980196   47.90210  -46.06098    34.8461    34.8453     3.7679     3.7679    27.6878    27.6872    6.60077    6.61301         23 0.0000e+00
      19412    808.807    439.000     3.7990   3.244433     3.7980   3.244267      95.37     0.0128     2.8415     2.5068  33.561062  3.7968507   47.90210  -46.06099    34.8464    34.8455     3.7681     3.7671    27.6881    27.6874    6.60383    6.61437         26 0.0000e+00
      19439    809.899    440.000     3.8006   3.244646     3.7989   3.244408      79.10     0.0130     2.8416     2.5068  33.577209  3.7974744   47.90210  -46.06100    34.8467    34.8458     3.7697     3.7679    27.6881    27.6875    6.60720    6.61444         25 0.0000e+00
      19462    810.876    441.000     3.7942   3.244055     3.7949   3.244009      27.82     0.0152     2.8419     2.5068  33.590031  3.7974241   47.90210  -46.06100    34.8460    34.8447     3.7631     3.7639    27.6882    27.6871    6.60534    6.61084         22 0.0000e+00
      19483    811.761    442.000     3.7851   3.243197     3.7859   3.243174      33.44     0.0109     2.8413     2.5055  33.589745  3.7981956   47.90210  -46.06100    34.8448    34.8438     3.7541     3.7548    27.6882    27.6873    6.60771    6.60355         21 0.0000e+00
      19505    812.648    443.000     3.7795   3.242690     3.7792   3.242567      98.87     0.0125     2.8417     2.5050  33.589745  3.7992029   47.90211  -46.06101    34.8442    34.8431     3.7484     3.7481    27.6883    27.6874    6.60877    6.61280         22 0.0000e+00
      19529    813.671    444.000     3.7747   3.242256     3.7742   3.242139      56.51     0.0160     2.8411     2.5055  33.589745  3.7968280   47.90212  -46.06102    34.8437    34.8427     3.7435     3.7431    27.6884    27.6877    6.60809    6.63062         28 0.0000e+00
      19559    814.912    445.000     3.7742   3.242255     3.7740   3.242166      99.20     0.0136     2.8406     2.5068  33.589745  3.7898147   47.90212  -46.06102    34.8437    34.8428     3.7429     3.7427    27.6884    27.6878    6.60565    6.63035         30 0.0000e+00
      19585    816.013    446.000     3.7740   3.242295     3.7737   3.242204      93.95     0.0118     2.8401     2.5070  33.589745  3.7839220   47.90212  -46.06102    34.8438    34.8430     3.7427     3.7424    27.6885    27.6879    6.60379    6.62791         23 0.0000e+00
      19606    816.886    447.000     3.7753   3.242503     3.7747   3.242395      25.02     0.0131     2.8393     2.5072  33.589745  3.7814093   47.90212  -46.06102    34.8444    34.8437     3.7438     3.7433    27.6889    27.6884    6.60769    6.62743         19 0.0000e+00
      19625    817.670    448.000     3.7784   3.242889     3.7781   3.242807      25.82     0.0147     2.8398     2.5071  33.589745  3.7814407   47.90212  -46.06102    34.8451    34.8444     3.7469     3.7466    27.6892    27.6887    6.61331    6.62538         19 0.0000e+00
      19644    818.453    449.000     3.7805   3.243161     3.7802   3.243075      93.56     0.0162     2.8398     2.5068  33.589745  3.7804191   47.90212  -46.06102    34.8456    34.8449     3.7489     3.7486    27.6894    27.6888    6.61303    6.62338         19 0.0000e+00
      19664    819.289    450.000     3.7817   3.243335     3.7814   3.243245      98.62     0.0143     2.8400     2.5066  33.589745  3.7805102   47.90212  -46.06102    34.8459    34.8451     3.7500     3.7498    27.6895    27.6888    6.60650    6.62197         21 0.0000e+00
      19687    820.244    451.000     3.7834   3.243564     3.7829   3.243464      98.60     0.0146     2.8391     2.5058  33.593239  3.7814348   47.90214  -46.06104    34.8463    34.8456     3.7516     3.7511    27.6896    27.6891    6.60494    6.61549         25 0.0000e+00
      19714    821.364    452.000     3.7878   3.244076     3.7875   3.244009      98.64     0.0140     2.8387     2.5051  33.594994  3.7814407   47.90214  -46.06104    34.8472    34.8466     3.7559     3.7557    27.6899    27.6895    6.60160    6.61863         28 0.0000e+00
      19741    822.520    453.000     3.7904   3.244411     3.7902   3.244332      55.45     0.0141     2.8380     2.5052  33.589653  3.7814407   47.90214  -46.06104    34.8479    34.8471     3.7584     3.7583    27.6902    27.6896    6.60915    6.62504         27 0.0000e+00
      19767    823.588    454.000     3.7913   3.244558     3.7909   3.244459      95.15     0.0183     2.8384     2.5050  33.589745  3.7826178   47.90214  -46.06104    34.8481    34.8474     3.7593     3.7589    27.6903    27.6898    6.61144    6.61852         25 0.0000e+00
      19790    824.552    455.000     3.7976   3.245275     3.7966   3.245148      98.68     0.0133     2.8386     2.5049  33.589745  3.7884803   47.90214  -46.06104    34.8495    34.8490     3.7655     3.7645    27.6907    27.6905    6.60901    6.62215         21 0.0000e+00
      19811    825.435    456.000     3.8072   3.246330     3.8064   3.246212      60.50     0.0117     2.8386     2.5047  33.589745  3.7874687   47.90214  -46.06106    34.8512    34.8507     3.7750     3.7742    27.6912    27.6908    6.60872    6.61828         21 0.0000e+00
      19832    826.295    457.000     3.8076   3.246418     3.8076   3.246336      76.54     0.0132     2.8382     2.5045  33.589745  3.7912242   47.90214  -46.06106    34.8513    34.8504     3.7754     3.7754    27.6912    27.6904    6.60144    6.61278         21 0.0000e+00
      19854    827.198    458.000     3.8055   3.246255     3.8059   3.246207      98.39     0.0153     2.8375     2.5033  33.589745  3.7912087   47.90214  -46.06106    34.8511    34.8501     3.7732     3.7735    27.6912    27.6905    6.59549    6.60517         23 0.0000e+00
      19878    828.192    459.000     3.8031   3.246070     3.8034   3.246023      57.52     0.0185     2.8361     2.5026  33.589745  3.7992780   47.90216  -46.06106    34.8509    34.8500     3.7707     3.7710    27.6914    27.6906    6.59291    6.61124         25 0.0000e+00
      19904    829.274    460.000     3.7996   3.245761     3.7995   3.245671      71.91     0.0137     2.8354     2.5020  33.589745  3.8009815   47.90216  -46.06106    34.8505    34.8495     3.7671     3.7670    27.6914    27.6906    6.60071    6.61080         26 0.0000e+00
      19929    830.335    461.000     3.8009   3.245963     3.8001   3.245812      98.68     0.0129     2.8348     2.5015  33.589745  3.8009768   47.90216  -46.06106    34.8509    34.8499     3.7684     3.7676    27.6916    27.6909    6.59955    6.60934         25 0.0000e+00
      19953    831.331    462.000     3.8096   3.246940     3.8084   3.246743      67.21     0.0217     2.8350     2.5012  33.589745  3.8009768   47.90216  -46.06108    34.8525    34.8521     3.7772     3.7757    27.6920    27.6918    6.60031    6.61193         23 0.0000e+00
      19976    832.292    463.000     3.8196   3.247970     3.8184   3.247803      74.63     0.0198     2.8344     2.5010  33.589745  3.8009768   47.90216  -46.06108    34.8539    34.8532     3.7868     3.7856    27.6921    27.6917    6.59578    6.61532         23 0.0000e+00
      20000    833.286    464.000     3.8145   3.247490     3.8151   3.247468      98.51     0.0194     2.8342     2.5017  33.589745  3.8009768   47.90216  -46.06108    34.8531    34.8522     3.7817     3.7834    27.6920    27.6912    6.60073    6.62318         25 0.0000e+00
