data/CTD/2014/CNV/d017a012.cnv
* Sea-Bird SBE 9 Data File:
* FileName = C:\CTD_ACQUISITION\2014017HUD\ctddata\017A012.hdr
* Software Version Seasave V 7.22.2
* Temperature SN = 5081
* Conductivity SN = 3561
* Number of Bytes Per Scan = 37
* Number of Voltage Words = 4
* Number of Scans Averaged by the Deck Unit = 1
* NMEA Latitude = 52 48.96 N
* NMEA Longitude = 051 41.79 W
* NMEA UTC (Time) = Jul 03 2014 21:58:08
* NMEA baud rate = 9600
** Ship: Hudson
** Cruise: HUD2014017
** Chief_Scientist: Blair Greenan
** Organization: BIO
** Area_of_Operation: Sackville Spur
** Station: 012
** Sounding:  783
** Event_Comments: C3, 403023
# nquan = 25
# nvalues = 816                         
# units = specified
# name 0 = scan: Scan Count
# name 1 = timeS: Time, Elapsed [seconds]
# name 2 = prDM: Pressure, Digiquartz [db]
# name 3 = t068C: Temperature [ITS-68, deg C]
# name 4 = c0S/m: Conductivity [S/m]
# name 5 = t168C: Temperature, 2 [ITS-68, deg C]
# name 6 = c1S/m: Conductivity, 2 [S/m]
# name 7 = altM: Altimeter [m]
# name 8 = flC: Fluorescence, Chelsea Aqua 3 Chl Con [ug/l]
# name 9 = sbeox0V: Oxygen raw, SBE 43 [V]
# name 10 = sbeox1V: Oxygen raw, SBE 43, 2 [V]
# name 11 = upoly0: Upoly 0, Optode 4330F - O2 D-Phase
# name 12 = upoly1: Upoly 1, Optode 4330F - O2 Temp
# name 13 = latitude: Latitude [deg]
# name 14 = longitude: Longitude [deg]
# name 15 = sal00: Salinity, Practical [PSU]
# name 16 = sal11: Salinity, Practical, 2 [PSU]
# name 17 = potemp068C: Potential Temperature [ITS-68, deg C]
# name 18 = potemp168C: Potential Temperature, 2 [ITS-68, deg C]
# name 19 = sigma-é00: Density [sigma-theta, Kg/m^3]
# name 20 = sigma-é11: Density, 2 [sigma-theta, Kg/m^3]
# name 21 = sbeox0ML/L: Oxygen, SBE 43 [ml/l], WS = 2
# name 22 = sbeox1ML/L: Oxygen, SBE 43, 2 [ml/l], WS = 2
# name 23 = nbin: number of scans per bin
# name 24 = flag: flag
# span 0 =       4481,      27354       
# span 1 =    186.659,   1139.704       
# span 2 =      1.000,    816.000       
# span 3 =    -0.3674,     3.8993       
# span 4 =   2.775866,   3.244045       
# span 5 =    -0.3679,     3.8994       
# span 6 =   2.775655,   3.243897       
# span 7 =       1.32,     101.01       
# span 8 =     0.0033,     0.9583       
# span 9 =     2.7542,     3.6277       
# span 10 =     2.4354,     3.1939      
# span 11 =  30.397314,  33.619282      
# span 12 = -0.1068407,  3.8769493      
# span 13 =   52.81520,   52.81626      
# span 14 =  -51.69532,  -51.69183      
# span 15 =    31.9080,    34.8510      
# span 16 =    31.9062,    34.8494      
# span 17 =    -0.3685,     3.8867      
# span 18 =    -0.3690,     3.8868      
# span 19 =    25.3975,    27.7142      
# span 20 =    25.3969,    27.7130      
# span 21 =    6.67434,    9.32374      
# span 22 =    6.70264,    9.42830      
# span 23 =         11,         86      
# span 24 = 0.0000e+00, 0.0000e+00      
# interval = decibars: 1                
# start_time = Jul 03 2014 21:58:08 [NMEA time, header]
# bad_flag = -9.990e-29
*END*
[from data line 464]
      18396    766.459    465.000     3.6568   3.231838     3.6567   3.231684      98.25     0.0136     2.8764     2.5411  33.326008  2.9250019   52.81586  -51.69312    34.8334    34.8317     3.6245     3.6244    27.6921    27.6908    6.74362    6.77560         22 0.0000e+00
      18424    767.604    466.000     3.6575   3.231951     3.6574   3.231801      98.63     0.0124     2.8757     2.5406  33.331238  2.8983862   52.81584  -51.69312    34.8335    34.8317     3.6251     3.6251    27.6922    27.6908    6.74409    6.77514         33 0.0000e+00
      18458    769.046    467.000     3.6582   3.232074     3.6580   3.231908      98.63     0.0142     2.8757     2.5397  33.328583  2.9024670   52.81584  -51.69312    34.8336    34.8319     3.6257     3.6255    27.6922    27.6908    6.74867    6.76605         33 0.0000e+00
      18487    770.255    468.000     3.6591   3.232222     3.6592   3.232082      68.93     0.0149     2.8749     2.5393  33.325905  2.9307170   52.81582  -51.69312    34.8339    34.8322     3.6266     3.6266    27.6924    27.6910    6.73699    6.77441         25 0.0000e+00
      18509    771.164    469.000     3.6588   3.232245     3.6589   3.232114      61.28     0.0159     2.8736     2.5393  33.334225  2.8943064   52.81582  -51.69312    34.8340    34.8323     3.6262     3.6263    27.6925    27.6911    6.73475    6.77569         20 0.0000e+00
      18527    771.935    470.000     3.6588   3.232306     3.6589   3.232168      97.40     0.0167     2.8729     2.5393  33.339012  2.9158099   52.81582  -51.69312    34.8341    34.8324     3.6262     3.6262    27.6926    27.6912    6.74552    6.77655         18 0.0000e+00
      18545    772.666    471.000     3.6589   3.232370     3.6590   3.232238      98.63     0.0158     2.8739     2.5393  33.338074  2.9287374   52.81581  -51.69312    34.8343    34.8326     3.6261     3.6262    27.6927    27.6914    6.75229    6.77574         17 0.0000e+00
      18563    773.422    472.000     3.6588   3.232409     3.6588   3.232277      98.63     0.0193     2.8737     2.5391  33.326698  2.8824482   52.81580  -51.69312    34.8343    34.8327     3.6260     3.6260    27.6927    27.6915    6.74680    6.77336         19 0.0000e+00
      18584    774.276    473.000     3.6587   3.232441     3.6587   3.232306      98.63     0.0187     2.8731     2.5389  33.326023  2.9307470   52.81580  -51.69312    34.8343    34.8326     3.6258     3.6258    27.6927    27.6914    6.74381    6.77901         23 0.0000e+00
      18610    775.359    474.000     3.6587   3.232484     3.6587   3.232344      96.04     0.0152     2.8734     2.5392  33.338287  2.8932071   52.81578  -51.69310    34.8343    34.8326     3.6257     3.6257    27.6928    27.6914    6.75006    6.78098         30 0.0000e+00
      18644    776.793    475.000     3.6581   3.232493     3.6582   3.232353      57.99     0.0135     2.8729     2.5393  33.343170  2.9159894   52.81578  -51.69310    34.8345    34.8327     3.6251     3.6251    27.6929    27.6916    6.74538    6.78021         36 0.0000e+00
      18675    778.087    476.000     3.6574   3.232505     3.6576   3.232368      58.69     0.0169     2.8724     2.5390  33.344822  2.9257214   52.81577  -51.69310    34.8348    34.8330     3.6243     3.6245    27.6933    27.6919    6.74297    6.77936         25 0.0000e+00
      18697    778.998    477.000     3.6574   3.232547     3.6576   3.232408      77.16     0.0196     2.8717     2.5390  33.348797  2.9068418   52.81576  -51.69310    34.8347    34.8330     3.6243     3.6244    27.6933    27.6918    6.74492    6.78213         20 0.0000e+00
      18716    779.783    478.000     3.6572   3.232572     3.6573   3.232441      85.61     0.0173     2.8720     2.5389  33.353714  2.9054246   52.81576  -51.69310    34.8348    34.8331     3.6239     3.6240    27.6933    27.6920    6.75263    6.78423         19 0.0000e+00
      18735    780.574    479.000     3.6570   3.232610     3.6571   3.232473      78.42     0.0129     2.8723     2.5393  33.355293  2.9333482   52.81575  -51.69310    34.8349    34.8331     3.6237     3.6238    27.6934    27.6920    6.74596    6.78312         19 0.0000e+00
      18756    781.470    480.000     3.6569   3.232642     3.6569   3.232498      95.19     0.0132     2.8710     2.5386  33.355312  2.8905444   52.81574  -51.69310    34.8349    34.8331     3.6235     3.6236    27.6934    27.6920    6.73510    6.77589         24 0.0000e+00
      18781    782.504    481.000     3.6567   3.232662     3.6566   3.232522      93.78     0.0172     2.8700     2.5379  33.355312  2.9302149   52.81573  -51.69310    34.8348    34.8332     3.6232     3.6232    27.6934    27.6921    6.73766    6.77158         26 0.0000e+00
      18807    783.576    482.000     3.6566   3.232711     3.6568   3.232579      78.11     0.0172     2.8691     2.5370  33.355312  2.8939984   52.81572  -51.69310    34.8349    34.8332     3.6231     3.6232    27.6935    27.6921    6.73893    6.77462         25 0.0000e+00
      18832    784.618    483.000     3.6553   3.232631     3.6557   3.232505      98.50     0.0159     2.8691     2.5368  33.355312  2.9236140   52.81572  -51.69310    34.8348    34.8329     3.6217     3.6221    27.6936    27.6920    6.74590    6.77543         25 0.0000e+00
      18859    785.763    484.000     3.6536   3.232510     3.6538   3.232375      83.31     0.0129     2.8689     2.5360  33.355312  2.9056954   52.81571  -51.69309    34.8347    34.8328     3.6199     3.6201    27.6936    27.6922    6.74459    6.77102         30 0.0000e+00
      18891    787.084    485.000     3.6537   3.232559     3.6537   3.232417      92.76     0.0124     2.8685     2.5348  33.355312  2.9044905   52.81570  -51.69310    34.8346    34.8329     3.6199     3.6200    27.6936    27.6922    6.74202    6.76272         31 0.0000e+00
      18917    788.158    486.000     3.6533   3.232586     3.6533   3.232441      98.70     0.0136     2.8683     2.5338  33.355312  2.9274335   52.81570  -51.69310    34.8348    34.8331     3.6195     3.6195    27.6938    27.6924    6.74469    6.76229         22 0.0000e+00
      18936    788.957    487.000     3.6530   3.232610     3.6530   3.232463      74.25     0.0169     2.8681     2.5329  33.351868  2.9034967   52.81569  -51.69310    34.8349    34.8331     3.6191     3.6208    27.6939    27.6925    6.74030    6.75845         17 0.0000e+00
      18953    789.668    488.000     3.6527   3.232647     3.6527   3.232507      81.10     0.0155     2.8672     2.5321  33.342361  2.8931029   52.81568  -51.69309    34.8351    34.8334     3.6187     3.6188    27.6941    27.6927    6.73819    6.75805         17 0.0000e+00
      18971    790.421    489.000     3.6526   3.232697     3.6527   3.232554      98.25     0.0146     2.8670     2.5314  33.343563  2.9331744   52.81568  -51.69308    34.8353    34.8334     3.6186     3.6187    27.6943    27.6928    6.73785    6.75788         20 0.0000e+00
      18996    791.462    490.000     3.6526   3.232745     3.6526   3.232605      90.84     0.0135     2.8664     2.5308  33.354244  2.8971117   52.81567  -51.69308    34.8354    34.8336     3.6184     3.6185    27.6943    27.6929    6.73758    6.76151         32 0.0000e+00
      19033    793.003    491.000     3.6526   3.232802     3.6527   3.232664      86.97     0.0144     2.8656     2.5308  33.355335  2.9060624   52.81566  -51.69308    34.8355    34.8337     3.6184     3.6185    27.6945    27.6930    6.73993    6.77345         36 0.0000e+00
      19062    794.199    492.000     3.6526   3.232854     3.6525   3.232715      98.93     0.0148     2.8648     2.5316  33.355312  2.9240270   52.81564  -51.69308    34.8356    34.8339     3.6183     3.6183    27.6945    27.6932    6.73660    6.77557         23 0.0000e+00
      19083    795.070    493.000     3.6524   3.232902     3.6524   3.232759      69.58     0.0158     2.8650     2.5317  33.356789  2.8952401   52.81564  -51.69308    34.8358    34.8341     3.6181     3.6181    27.6947    27.6933    6.74469    6.77202         20 0.0000e+00
      19102    795.868    494.000     3.6522   3.232937     3.6523   3.232799      81.24     0.0186     2.8649     2.5316  33.356091  2.9078696   52.81564  -51.69307    34.8359    34.8342     3.6178     3.6179    27.6948    27.6934    6.74052    6.77229         19 0.0000e+00
      19122    796.721    495.000     3.6523   3.232995     3.6523   3.232861      86.27     0.0182     2.8647     2.5315  33.358616  2.9204013   52.81563  -51.69306    34.8359    34.8343     3.6178     3.6178    27.6949    27.6936    6.74282    6.77162         22 0.0000e+00
      19146    797.702    496.000     3.6523   3.233054     3.6524   3.232921      81.60     0.0168     2.8643     2.5314  33.369892  2.9001093   52.81562  -51.69306    34.8361    34.8344     3.6178     3.6190    27.6950    27.6937    6.74181    6.76497         25 0.0000e+00
      19173    798.833    497.000     3.6522   3.233107     3.6522   3.232965      98.63     0.0165     2.8643     2.5294  33.368450  2.9087164   52.81562  -51.69306    34.8363    34.8346     3.6176     3.6176    27.6952    27.6938    6.74176    6.75349         29 0.0000e+00
      19201    800.000    498.000     3.6518   3.233123     3.6518   3.232980      73.79     0.0176     2.8637     2.5291  33.361958  2.9125316   52.81561  -51.69306    34.8364    34.8347     3.6171     3.6171    27.6953    27.6939    6.73823    6.77128         26 0.0000e+00
      19226    801.024    499.000     3.6509   3.233099     3.6509   3.232958      95.86     0.0171     2.8629     2.5296  33.366238  2.8994741   52.81560  -51.69306    34.8366    34.8348     3.6161     3.6162    27.6955    27.6941    6.73971    6.77524         23 0.0000e+00
      19247    801.924    500.000     3.6507   3.233129     3.6507   3.232993      98.66     0.0125     2.8634     2.5299  33.369995  2.9098423   52.81560  -51.69306    34.8366    34.8349     3.6159     3.6159    27.6956    27.6942    6.74817    6.77609         21 0.0000e+00
      19268    802.792    501.000     3.6506   3.233175     3.6506   3.233034      64.42     0.0119     2.8634     2.5302  33.369965  2.9153457   52.81559  -51.69305    34.8367    34.8350     3.6157     3.6157    27.6957    27.6943    6.74198    6.78033         21 0.0000e+00
      19290    803.705    502.000     3.6501   3.233173     3.6501   3.233035      66.37     0.0134     2.8626     2.5308  33.369965  2.8972893   52.81558  -51.69304    34.8367    34.8350     3.6151     3.6151    27.6957    27.6944    6.73524    6.78156         23 0.0000e+00
      19316    804.801    503.000     3.6494   3.233165     3.6495   3.233024      97.70     0.0129     2.8616     2.5308  33.369965  2.9082921   52.81558  -51.69304    34.8368    34.8351     3.6143     3.6144    27.6959    27.6945    6.73504    6.77741         31 0.0000e+00
      19350    806.198    504.000     3.6493   3.233210     3.6495   3.233065      76.91     0.0162     2.8611     2.5302  33.369965  2.9164593   52.81556  -51.69304    34.8369    34.8350     3.6142     3.6143    27.6960    27.6945    6.74368    6.77131         34 0.0000e+00
      19380    807.461    505.000     3.6493   3.233256     3.6495   3.233123      99.05     0.0150     2.8612     2.5298  33.369965  2.8836715   52.81556  -51.69304    34.8369    34.8352     3.6141     3.6143    27.6960    27.6946    6.73547    6.77443         26 0.0000e+00
      19403    808.397    506.000     3.6490   3.233280     3.6490   3.233135      98.63     0.0134     2.8605     2.5295  33.369965  2.9306843   52.81556  -51.69304    34.8370    34.8353     3.6137     3.6137    27.6961    27.6947    6.73797    6.77741         20 0.0000e+00
      19422    809.188    507.000     3.6483   3.233267     3.6484   3.233126      59.11     0.0138     2.8599     2.5298  33.369965  2.8838589   52.81554  -51.69304    34.8370    34.8352     3.6130     3.6131    27.6962    27.6948    6.73635    6.78153         18 0.0000e+00
      19440    809.976    508.000     3.6478   3.233265     3.6478   3.233119      96.81     0.0136     2.8596     2.5299  33.369965  2.9076042   52.81554  -51.69304    34.8371    34.8353     3.6123     3.6124    27.6963    27.6948    6.74100    6.77943         20 0.0000e+00
      19463    810.920    509.000     3.6460   3.233168     3.6461   3.233020      98.60     0.0183     2.8599     2.5298  33.369965  2.9005735   52.81554  -51.69303    34.8373    34.8353     3.6105     3.6106    27.6967    27.6951    6.74408    6.77998         26 0.0000e+00
      19492    812.139    510.000     3.6457   3.233180     3.6458   3.233037      73.93     0.0161     2.8596     2.5296  33.369965  2.9112711   52.81553  -51.69302    34.8372    34.8354     3.6101     3.6102    27.6966    27.6952    6.74524    6.77965         31 0.0000e+00
      19520    813.310    511.000     3.6457   3.233226     3.6458   3.233085      93.93     0.0171     2.8603     2.5294  33.369965  2.8779769   52.81552  -51.69302    34.8372    34.8354     3.6101     3.6101    27.6966    27.6952    6.75068    6.78063         25 0.0000e+00
      19545    814.320    512.000     3.6456   3.233264     3.6458   3.233134      65.62     0.0167     2.8599     2.5295  33.369965  2.9258492   52.81552  -51.69302    34.8372    34.8355     3.6099     3.6101    27.6967    27.6953    6.73770    6.78176         24 0.0000e+00
      19568    815.295    513.000     3.6457   3.233320     3.6458   3.233178      65.22     0.0157     2.8592     2.5291  33.370605  2.8753855   52.81550  -51.69302    34.8373    34.8354     3.6099     3.6100    27.6967    27.6952    6.73944    6.77573         23 0.0000e+00
      19591    816.240    514.000     3.6449   3.233303     3.6453   3.233187      99.03     0.0140     2.8589     2.5286  33.369957  2.9210598   52.81550  -51.69302    34.8374    34.8356     3.6090     3.6094    27.6969    27.6954    6.74258    6.77857         22 0.0000e+00
      19612    817.134    515.000     3.6447   3.233337     3.6448   3.233191      98.63     0.0175     2.8584     2.5285  33.371376  2.8852201   52.81550  -51.69300    34.8374    34.8356     3.6088     3.6089    27.6970    27.6954    6.73648    6.77982         21 0.0000e+00
      19633    818.018    516.000     3.6449   3.233396     3.6450   3.233257      69.40     0.0186     2.8578     2.5280  33.371296  2.9084616   52.81550  -51.69300    34.8374    34.8357     3.6089     3.6090    27.6969    27.6955    6.74194    6.77156         22 0.0000e+00
      19660    819.118    517.000     3.6453   3.233471     3.6453   3.233323      93.46     0.0188     2.8579     2.5270  33.376400  2.8892608   52.81548  -51.69300    34.8374    34.8355     3.6092     3.6093    27.6968    27.6954    6.74769    6.76707         33 0.0000e+00
      19698    820.722    518.000     3.6452   3.233508     3.6454   3.233376      81.03     0.0158     2.8578     2.5252  33.377899  2.9067323   52.81548  -51.69300    34.8373    34.8356     3.6091     3.6093    27.6968    27.6954    6.74304    6.76914         39 0.0000e+00
      19730    822.038    519.000     3.6451   3.233541     3.6452   3.233400      32.81     0.0149     2.8577     2.5259  33.369736  2.9094472   52.81546  -51.69300    34.8373    34.8356     3.6089     3.6090    27.6969    27.6954    6.74969    6.78438         25 0.0000e+00
      19751    822.916    520.000     3.6445   3.233539     3.6446   3.233398     100.05     0.0137     2.8585     2.5262  33.374958  2.8971736   52.81546  -51.69299    34.8374    34.8356     3.6082     3.6083    27.6970    27.6956    6.75343    6.77796         18 0.0000e+00
      19768    823.619    521.000     3.6443   3.233561     3.6443   3.233424      97.73     0.0134     2.8584     2.5259  33.386696  2.8749919   52.81546  -51.69298    34.8374    34.8357     3.6079     3.6080    27.6970    27.6956    6.74828    6.77275         16 0.0000e+00
