data/CTD/2014/CNV/d017a015.cnv
* Sea-Bird SBE 9 Data File:
* FileName = C:\CTD_ACQUISITION\2014017HUD\ctddata\017A015.hdr
* Software Version Seasave V 7.22.2
* Temperature SN = 5081
* Conductivity SN = 3561
* Number of Bytes Per Scan = 37
* Number of Voltage Words = 4
* Number of Scans Averaged by the Deck Unit = 1
* NMEA Latitude = 53 01.21 N
* NMEA Longitude = 051 02.46 W
* NMEA UTC (Time) = Jul 04 2014 04:48:08
* NMEA baud rate = 9600
** Ship: Hudson
** Cruise: HUD2014017
** Chief_Scientist: Blair Greenan
** Organization: BIO
** Area_of_Operation: Sackville Spur
** Station: 015
** Sounding:  2750
** Event_Comments: DSOW1, 403063
# nquan = 25
# nvalues = 2643                        
# units = specified
# name 0 = scan: Scan Count
# name 1 = timeS: Time, Elapsed [seconds]
# name 2 = prDM: Pressure, Digiquartz [db]
# name 3 = t068C: Temperature [ITS-68, deg C]
# name 4 = c0S/m: Conductivity [S/m]
# name 5 = t168C: Temperature, 2 [ITS-68, deg C]
# name 6 = c1S/m: Conductivity, 2 [S/m]
# name 7 = altM: Altimeter [m]
# name 8 = flC: Fluorescence, Chelsea Aqua 3 Chl Con [ug/l]
# name 9 = sbeox0V: Oxygen raw, SBE 43 [V]
# name 10 = sbeox1V: Oxygen raw, SBE 43, 2 [V]
# name 11 = upoly0: Upoly 0, Optode 4330F - O2 D-Phase
# name 12 = upoly1: Upoly 1, Optode 4330F - O2 Temp
# name 13 = latitude: Latitude [deg]
# name 14 = longitude: Longitude [deg]
# name 15 = sal00: Salinity, Practical [PSU]
# name 16 = sal11: Salinity, Practical, 2 [PSU]
# name 17 = potemp068C: Potential Temperature [ITS-68, deg C]
# name 18 = potemp168C: Potential Temperature, 2 [ITS-68, deg C]
# name 19 = sigma-é00: Density [sigma-theta, Kg/m^3]
# name 20 = sigma-é11: Density, 2 [sigma-theta, Kg/m^3]
# name 21 = sbeox0ML/L: Oxygen, SBE 43 [ml/l], WS = 2
# name 22 = sbeox1ML/L: Oxygen, SBE 43, 2 [ml/l], WS = 2
# name 23 = nbin: number of scans per bin
# name 24 = flag: flag
# span 0 =       5648,      73805       
# span 1 =    235.275,   3075.179       
# span 2 =      1.000,   2643.000       
# span 3 =     2.4602,     8.2322       
# span 4 =   3.187551,   3.574952       
# span 5 =     2.4596,     8.2319       
# span 6 =   3.187428,   3.574805       
# span 7 =       3.66,     108.19       
# span 8 =     0.0068,     0.4252       
# span 9 =     2.1744,     3.4413       
# span 10 =     1.9246,     3.0168      
# span 11 =  30.132141,  35.550064      
# span 12 =  2.4495606,  8.2729435      
# span 13 =   53.02060,   53.02220      
# span 14 =  -51.04146,  -51.03832      
# span 15 =    34.2743,    34.9172      
# span 16 =    34.2727,    34.9160      
# span 17 =     2.2639,     8.2316      
# span 18 =     2.2633,     8.2312      
# span 19 =    26.6694,    27.8741      
# span 20 =    26.6683,    27.8737      
# span 21 =    6.28123,    7.30496      
# span 22 =    6.26697,    7.28440      
# span 23 =          1,         94      
# span 24 = 0.0000e+00, 0.0000e+00      
# interval = decibars: 1                
# start_time = Jul 04 2014 04:48:08 [NMEA time, header]
# bad_flag = -9.990e-29
*END*
[from data line 2551]
      69408   2891.946   2552.000     2.4611   3.219120     2.4606   3.219019      98.64     0.0178     2.1959     1.9443  35.494507  2.4529915   53.02108  -51.03872    34.9051    34.9044     2.2663     2.2657    27.8740    27.8735    6.52814    6.47486         16 0.0000e+00
      69424   2892.614   2553.000     2.4610   3.219148     2.4604   3.219027      51.32     0.0177     2.1963     1.9440  35.500443  2.4529915   53.02108  -51.03872    34.9051    34.9043     2.2661     2.2654    27.8740    27.8734    6.51820    6.47256         17 0.0000e+00
      69443   2893.397   2554.000     2.4610   3.219182     2.4603   3.219073      69.05     0.0175     2.1955     1.9439  35.503670  2.4529915   53.02108  -51.03872    34.9050    34.9044     2.2660     2.2653    27.8739    27.8735    6.50585    6.47554         22 0.0000e+00
      69483   2895.082   2555.000     2.4612   3.219221     2.4606   3.219116      65.40     0.0153     2.1952     1.9436  35.497166  2.4523461   53.02109  -51.03871    34.9049    34.9042     2.2660     2.2655    27.8738    27.8733    6.51898    6.47577         59 0.0000e+00
      69527   2896.900   2556.000     2.4612   3.219283     2.4605   3.219164     100.87     0.0085     2.1955     1.9431  35.494347  2.4530346   53.02110  -51.03870    34.9051    34.9044     2.2660     2.2653    27.8740    27.8735    6.50837    6.47354         21 0.0000e+00
      69544   2897.614   2557.000     2.4613   3.219334     2.4606   3.219209      98.63     0.0098     2.1944     1.9432  35.494507  2.4529915   53.02110  -51.03870    34.9051    34.9044     2.2660     2.2652    27.8740    27.8735    6.49860    6.48520         18 0.0000e+00
      69560   2898.306   2558.000     2.4614   3.219374     2.4607   3.219263      86.29     0.0135     2.1943     1.9435  35.494507  2.4529915   53.02110  -51.03870    34.9051    34.9045     2.2660     2.2653    27.8740    27.8735    6.51472    6.48107         16 0.0000e+00
      69577   2899.016   2559.000     2.4614   3.219410     2.4606   3.219281      35.64     0.0186     2.1941     1.9431  35.494507  2.4529915   53.02110  -51.03870    34.9050    34.9044     2.2659     2.2651    27.8739    27.8735    6.52110    6.47023         18 0.0000e+00
      69597   2899.817   2560.000     2.4613   3.219433     2.4606   3.219322      97.38     0.0168     2.1941     1.9427  35.494507  2.4529915   53.02110  -51.03870    34.9049    34.9044     2.2657     2.2650    27.8739    27.8735    6.51669    6.47263         21 0.0000e+00
      69618   2900.725   2561.000     2.4614   3.219486     2.4607   3.219367      98.63     0.0149     2.1939     1.9426  35.499809  2.4516664   53.02110  -51.03870    34.9050    34.9043     2.2657     2.2650    27.8740    27.8735    6.51187    6.47951         22 0.0000e+00
      69642   2901.719   2562.000     2.4614   3.219517     2.4606   3.219408      41.20     0.0172     2.1939     1.9425  35.500698  2.4503744   53.02110  -51.03870    34.9049    34.9044     2.2656     2.2648    27.8739    27.8736    6.51595    6.47705         26 0.0000e+00
      69671   2902.922   2563.000     2.4615   3.219561     2.4607   3.219439      95.08     0.0181     2.1939     1.9423  35.498425  2.4520445   53.02110  -51.03870    34.9049    34.9043     2.2656     2.2648    27.8739    27.8734    6.52691    6.47586         35 0.0000e+00
      69720   2904.949   2564.000     2.4614   3.219590     2.4608   3.219477      68.58     0.0170     2.1933     1.9420  35.494450  2.4524307   53.02110  -51.03868    34.9049    34.9041     2.2654     2.2648    27.8739    27.8733    6.50928    6.47840         50 0.0000e+00
      69751   2906.266   2565.000     2.4613   3.219630     2.4606   3.219520      98.93     0.0167     2.1928     1.9419  35.494503  2.4529977   53.02110  -51.03870    34.9050    34.9044     2.2652     2.2645    27.8740    27.8736    6.50693    6.47769         21 0.0000e+00
      69770   2907.028   2566.000     2.4613   3.219670     2.4606   3.219566      98.64     0.0163     2.1929     1.9420  35.494507  2.4536076   53.02110  -51.03870    34.9050    34.9045     2.2651     2.2644    27.8740    27.8736    6.51667    6.47732         16 0.0000e+00
      69786   2907.698   2567.000     2.4614   3.219719     2.4608   3.219619      39.13     0.0139     2.1926     1.9414  35.494507  2.4529812   53.02110  -51.03870    34.9050    34.9045     2.2651     2.2645    27.8740    27.8736    6.51539    6.47636         16 0.0000e+00
      69801   2908.351   2568.000     2.4615   3.219762     2.4607   3.219652      70.84     0.0210     2.1926     1.9417  35.497238  2.4529915   53.02110  -51.03870    34.9049    34.9044     2.2651     2.2644    27.8740    27.8736    6.51577    6.48002         16 0.0000e+00
      69818   2909.048   2569.000     2.4616   3.219814     2.4607   3.219685      97.38     0.0198     2.1923     1.9414  35.508118  2.4529915   53.02111  -51.03870    34.9050    34.9044     2.2652     2.2643    27.8740    27.8736    6.51927    6.47842         18 0.0000e+00
      69839   2909.907   2570.000     2.4620   3.219875     2.4611   3.219749      84.10     0.0181     2.1924     1.9413  35.507954  2.4529915   53.02112  -51.03869    34.9049    34.9044     2.2654     2.2645    27.8739    27.8735    6.51784    6.47369         24 0.0000e+00
      69874   2911.392   2571.000     2.4623   3.219944     2.4616   3.219826      68.50     0.0171     2.1918     1.9405  35.509106  2.4495606   53.02112  -51.03868    34.9049    34.9042     2.2656     2.2649    27.8739    27.8734    6.51192    6.46920         49 0.0000e+00
      69919   2913.257   2572.000     2.4624   3.219992     2.4616   3.219868      50.77     0.0139     2.1917     1.9402  35.509159  2.4529350   53.02112  -51.03868    34.9049    34.9043     2.2656     2.2648    27.8739    27.8734    6.52319    6.47746         31 0.0000e+00
      69943   2914.244   2573.000     2.4625   3.220043     2.4617   3.219918      44.42     0.0152     2.1916     1.9401  35.506458  2.4529958   53.02112  -51.03868    34.9050    34.9043     2.2656     2.2648    27.8740    27.8735    6.51633    6.47864         22 0.0000e+00
      69963   2915.068   2574.000     2.4624   3.220076     2.4617   3.219963      92.14     0.0151     2.1911     1.9401  35.494717  2.4529915   53.02112  -51.03868    34.9050    34.9043     2.2655     2.2648    27.8739    27.8735    6.51643    6.47932         19 0.0000e+00
      69982   2915.869   2575.000     2.4624   3.220120     2.4617   3.220012      98.59     0.0150     2.1918     1.9400  35.495274  2.4529915   53.02112  -51.03868    34.9051    34.9045     2.2653     2.2647    27.8740    27.8736    6.52427    6.48148         19 0.0000e+00
      70002   2916.707   2576.000     2.4627   3.220178     2.4619   3.220056      41.10     0.0159     2.1912     1.9401  35.494507  2.4529915   53.02112  -51.03868    34.9050    34.9044     2.2655     2.2647    27.8740    27.8735    6.52370    6.48249         21 0.0000e+00
      70024   2917.628   2577.000     2.4627   3.220208     2.4619   3.220092      89.04     0.0182     2.1915     1.9401  35.494507  2.4529915   53.02112  -51.03868    34.9049    34.9044     2.2654     2.2646    27.8739    27.8735    6.51584    6.48045         24 0.0000e+00
      70050   2918.689   2578.000     2.4627   3.220251     2.4619   3.220127      73.92     0.0213     2.1908     1.9400  35.494507  2.4529915   53.02112  -51.03868    34.9050    34.9043     2.2653     2.2645    27.8740    27.8735    6.51361    6.48088         28 0.0000e+00
      70086   2920.212   2579.000     2.4629   3.220306     2.4622   3.220192      32.44     0.0196     2.1907     1.9398  35.494507  2.4527943   53.02112  -51.03867    34.9049    34.9042     2.2655     2.2648    27.8739    27.8734    6.51935    6.48242         47 0.0000e+00
      70130   2922.036   2580.000     2.4630   3.220353     2.4624   3.220239      67.28     0.0150     2.1903     1.9402  35.494507  2.4530096   53.02113  -51.03866    34.9049    34.9042     2.2655     2.2648    27.8739    27.8734    6.51736    6.48883         30 0.0000e+00
      70152   2922.950   2581.000     2.4631   3.220413     2.4624   3.220297      63.93     0.0135     2.1905     1.9401  35.509644  2.4529915   53.02114  -51.03866    34.9051    34.9044     2.2654     2.2647    27.8741    27.8736    6.51739    6.48740         19 0.0000e+00
      70169   2923.648   2582.000     2.4633   3.220466     2.4625   3.220346      30.72     0.0135     2.1895     1.9402  35.508240  2.4529915   53.02114  -51.03866    34.9050    34.9044     2.2655     2.2647    27.8740    27.8736    6.50932    6.48842         16 0.0000e+00
      70184   2924.280   2583.000     2.4632   3.220495     2.4625   3.220382      44.16     0.0146     2.1901     1.9402  35.507225  2.4529915   53.02114  -51.03866    34.9050    34.9044     2.2654     2.2646    27.8740    27.8736    6.51453    6.48688         15 0.0000e+00
      70199   2924.905   2584.000     2.4634   3.220553     2.4627   3.220447      60.75     0.0134     2.1892     1.9401  35.508163  2.4529915   53.02114  -51.03866    34.9050    34.9045     2.2654     2.2647    27.8740    27.8736    6.51380    6.47961         15 0.0000e+00
      70215   2925.590   2585.000     2.4636   3.220611     2.4629   3.220488      60.62     0.0111     2.1894     1.9398  35.507545  2.4529915   53.02114  -51.03866    34.9051    34.9043     2.2655     2.2648    27.8740    27.8735    6.51918    6.46932         18 0.0000e+00
      70250   2927.036   2586.000     2.4636   3.220643     2.4629   3.220519      59.33     0.0118     2.1894     1.9388  35.509441  2.4529915   53.02114  -51.03866    34.9049    34.9042     2.2655     2.2648    27.8739    27.8734    6.52180    6.46945         37 0.0000e+00
      70329   2930.327   2587.000     2.4638   3.220699     2.4632   3.220595      57.53     0.0112     2.1887     1.9379  35.509144  2.4529915   53.02114  -51.03866    34.9050    34.9044     2.2655     2.2650    27.8739    27.8735    6.51776    6.48345         19 0.0000e+00
      70343   2930.906   2588.000     2.4636   3.220726     2.4628   3.220611      57.22     0.0106     2.1891     1.9380  35.509159  2.4529915   53.02116  -51.03866    34.9050    34.9045     2.2653     2.2645    27.8740    27.8736    6.52186    6.48549         15 0.0000e+00
      70357   2931.501   2589.000     2.4636   3.220767     2.4629   3.220661      56.58     0.0122     2.1884     1.9379  35.509159  2.4529915   53.02116  -51.03866    34.9050    34.9045     2.2652     2.2645    27.8740    27.8737    6.51370    6.48560         13 0.0000e+00
      70371   2932.068   2590.000     2.4637   3.220813     2.4630   3.220703      55.73     0.0157     2.1884     1.9382  35.509159  2.4529915   53.02116  -51.03866    34.9050    34.9045     2.2652     2.2644    27.8740    27.8737    6.52555    6.48378         14 0.0000e+00
      70384   2932.642   2591.000     2.4636   3.220844     2.4629   3.220735      54.85     0.0180     2.1890     1.9379  35.506042  2.4529915   53.02116  -51.03866    34.9050    34.9045     2.2650     2.2643    27.8740    27.8737    6.52130    6.48194         14 0.0000e+00
      70399   2933.242   2592.000     2.4638   3.220892     2.4630   3.220782      53.78     0.0161     2.1883     1.9379  35.498508  2.4529915   53.02116  -51.03866    34.9049    34.9045     2.2651     2.2643    27.8739    27.8737    6.51691    6.48218         15 0.0000e+00
      70415   2933.932   2593.000     2.4641   3.220950     2.4635   3.220859      52.80     0.0162     2.1884     1.9378  35.499107  2.4529915   53.02116  -51.03866    34.9049    34.9045     2.2653     2.2646    27.8739    27.8736    6.51970    6.47993         19 0.0000e+00
      70447   2935.262   2594.000     2.4645   3.221019     2.4638   3.220910      51.30     0.0187     2.1882     1.9373  35.506317  2.4525633   53.02116  -51.03865    34.9049    34.9043     2.2655     2.2649    27.8739    27.8734    6.52421    6.47353         40 0.0000e+00
      70524   2938.472   2595.000     2.4645   3.221071     2.4639   3.220961      49.73     0.0208     2.1875     1.9364  35.507992  2.4530342   53.02116  -51.03866    34.9050    34.9043     2.2655     2.2649    27.8739    27.8734    6.51664    6.47177         24 0.0000e+00
      70538   2939.062   2596.000     2.4646   3.221115     2.4639   3.221010      49.45     0.0193     2.1871     1.9361  35.509159  2.4529915   53.02116  -51.03866    34.9049    34.9045     2.2655     2.2648    27.8739    27.8736    6.51322    6.47263         16 0.0000e+00
      70554   2939.711   2597.000     2.4647   3.221167     2.4640   3.221054      48.75     0.0178     2.1869     1.9359  35.509159  2.4529915   53.02117  -51.03866    34.9050    34.9044     2.2655     2.2648    27.8740    27.8736    6.51531    6.47788         15 0.0000e+00
      70569   2940.338   2598.000     2.4648   3.221213     2.4641   3.221104      47.81     0.0143     2.1871     1.9360  35.509159  2.4529915   53.02118  -51.03866    34.9050    34.9044     2.2655     2.2648    27.8740    27.8736    6.52897    6.47738         15 0.0000e+00
      70585   2940.996   2599.000     2.4649   3.221260     2.4641   3.221145      46.95     0.0101     2.1873     1.9358  35.509159  2.4529915   53.02118  -51.03866    34.9050    34.9044     2.2654     2.2647    27.8740    27.8736    6.52338    6.47023         17 0.0000e+00
      70604   2941.789   2600.000     2.4650   3.221302     2.4642   3.221185      45.85     0.0075     2.1867     1.9354  35.509159  2.4529915   53.02118  -51.03866    34.9050    34.9044     2.2654     2.2719    27.8739    27.8735    6.51756    6.47403         22 0.0000e+00
      70644   2943.476   2601.000     2.4652   3.221353     2.4644   3.221230      44.09     0.0163     2.1867     1.9351  35.508942  2.4527001   53.02118  -51.03864    34.9049    34.9042     2.2656     2.2653    27.8739    27.8734    6.52231    6.47366         63 0.0000e+00
      70692   2945.467   2602.000     2.4651   3.221400     2.4644   3.221286      43.16     0.0190     2.1863     1.9347  35.509171  2.4530075   53.02118  -51.03864    34.9051    34.9044     2.2654     2.2647    27.8740    27.8736    6.51725    6.47567         23 0.0000e+00
      70710   2946.200   2603.000     2.4650   3.221432     2.4644   3.221317      42.57     0.0139     2.1862     1.9346  35.509159  2.4529915   53.02118  -51.03864    34.9051    34.9044     2.2652     2.2646    27.8741    27.8736    6.51688    6.47436         16 0.0000e+00
      70725   2946.852   2604.000     2.4652   3.221487     2.4645   3.221374      41.94     0.0117     2.1857     1.9344  35.509159  2.4548168   53.02118  -51.03864    34.9050    34.9045     2.2653     2.2646    27.8740    27.8736    6.51650    6.47346         16 0.0000e+00
      70741   2947.502   2605.000     2.4652   3.221521     2.4644   3.221402      41.06     0.0132     2.1856     1.9343  35.509159  2.4583852   53.02118  -51.03864    34.9051    34.9044     2.2652     2.2644    27.8740    27.8736    6.51872    6.47723         16 0.0000e+00
      70759   2948.233   2606.000     2.4651   3.221549     2.4644   3.221437      40.04     0.0116     2.1855     1.9342  35.509159  2.4561307   53.02120  -51.03864    34.9050    34.9044     2.2650     2.2644    27.8740    27.8735    6.51296    6.47786         19 0.0000e+00
      70783   2949.236   2607.000     2.4653   3.221600     2.4647   3.221496      38.87     0.0142     2.1851     1.9342  35.509605  2.4531550   53.02120  -51.03864    34.9049    34.9043     2.2651     2.2645    27.8739    27.8735    6.52159    6.47784         31 0.0000e+00
      70825   2950.986   2608.000     2.4654   3.221640     2.4646   3.221522      37.42     0.0154     2.1849     1.9341  35.509464  2.4529915   53.02120  -51.03864    34.9049    34.9042     2.2651     2.2644    27.8739    27.8734    6.51709    6.47900         47 0.0000e+00
