data/CTD/2014/CNV/d017a027.cnv
* Sea-Bird SBE 9 Data File:
* FileName = C:\CTD_ACQUISITION\2014017HUD\ctddata\017A027.hdr
* Software Version Seasave V 7.22.2
* Temperature SN = 5081
* Conductivity SN = 3561
* Number of Bytes Per Scan = 37
* Number of Voltage Words = 4
* Number of Scans Averaged by the Deck Unit = 1
* NMEA Latitude = 48 53.74 N
* NMEA Longitude = 045 47.37 W
* NMEA UTC (Time) = Jul 07 2014 00:10:49
* NMEA baud rate = 9600
** Ship: Hudson
** Cruise: HUD2014017
** Chief_Scientist: Blair Greenan
** Organization: BIO
** Area_of_Operation: Sackville Spur
** Station: 027
** Sounding:  2297
** Event_Comments: SS_27, 403160
# nquan = 25
# nvalues = 2373                        
# units = specified
# name 0 = scan: Scan Count
# name 1 = timeS: Time, Elapsed [seconds]
# name 2 = prDM: Pressure, Digiquartz [db]
# name 3 = t068C: Temperature [ITS-68, deg C]
# name 4 = c0S/m: Conductivity [S/m]
# name 5 = t168C: Temperature, 2 [ITS-68, deg C]
# name 6 = c1S/m: Conductivity, 2 [S/m]
# name 7 = altM: Altimeter [m]
# name 8 = flC: Fluorescence, Chelsea Aqua 3 Chl Con [ug/l]
# name 9 = sbeox0V: Oxygen raw, SBE 43 [V]
# name 10 = sbeox1V: Oxygen raw, SBE 43, 2 [V]
# name 11 = upoly0: Upoly 0, Optode 4330F - O2 D-Phase
# name 12 = upoly1: Upoly 1, Optode 4330F - O2 Temp
# name 13 = latitude: Latitude [deg]
# name 14 = longitude: Longitude [deg]
# name 15 = sal00: Salinity, Practical [PSU]
# name 16 = sal11: Salinity, Practical, 2 [PSU]
# name 17 = potemp068C: Potential Temperature [ITS-68, deg C]
# name 18 = potemp168C: Potential Temperature, 2 [ITS-68, deg C]
# name 19 = sigma-é00: Density [sigma-theta, Kg/m^3]
# name 20 = sigma-é11: Density, 2 [sigma-theta, Kg/m^3]
# name 21 = sbeox0ML/L: Oxygen, SBE 43 [ml/l], WS = 2
# name 22 = sbeox1ML/L: Oxygen, SBE 43, 2 [ml/l], WS = 2
# name 23 = nbin: number of scans per bin
# name 24 = flag: flag
# span 0 =       6681,      66535       
# span 1 =    278.322,   2772.249       
# span 2 =      2.000,   2374.000       
# span 3 =     1.9204,     8.6630       
# span 4 =   3.009586,   3.553238       
# span 5 =     1.9190,     8.6621       
# span 6 =   3.009126,   3.553135       
# span 7 =      -6.02,     103.30       
# span 8 =     0.0045,     0.3895       
# span 9 =     2.2217,     3.5487       
# span 10 =     1.9670,     3.0460      
# span 11 =  30.123817,  35.462120      
# span 12 =  2.3612521,  8.7157011      
# span 13 =   48.89676,   48.89865      
# span 14 =  -45.78951,  -45.78137      
# span 15 =    33.6284,    34.9165      
# span 16 =    33.6276,    34.9157      
# span 17 =     1.9184,     8.6626      
# span 18 =     1.9170,     8.6617      
# span 19 =    26.0971,    27.8540      
# span 20 =    26.0966,    27.8537      
# span 21 =    6.25863,    7.86497      
# span 22 =    6.24406,    7.76331      
# span 23 =         12,         92      
# span 24 = 0.0000e+00, 0.0000e+00      
# interval = decibars: 1                
# start_time = Jul 07 2014 00:10:49 [NMEA time, header]
# bad_flag = -9.990e-29
*END*
[from data line 812]
      28257   1177.336    814.000     3.7798   3.262369     3.7789   3.262226      88.34     0.0146     2.6978     2.3845  33.953743  3.7814407   48.89744  -45.78666    34.8826    34.8819     3.7202     3.7193    27.7218    27.7213    6.50542    6.51814         25 0.0000e+00
      28284   1178.445    815.000     3.7811   3.262558     3.7807   3.262446      85.59     0.0175     2.6969     2.3842  33.947628  3.7814407   48.89744  -45.78666    34.8829    34.8821     3.7215     3.7210    27.7219    27.7212    6.49646    6.51699         28 0.0000e+00
      28312   1179.607    816.000     3.7803   3.262515     3.7802   3.262439      98.90     0.0163     2.6959     2.3841  33.936829  3.7814407   48.89744  -45.78665    34.8827    34.8820     3.7206     3.7204    27.7218    27.7212    6.50004    6.51441         27 0.0000e+00
      28336   1180.607    817.000     3.7819   3.262729     3.7817   3.262659      77.84     0.0173     2.6959     2.3833  33.941494  3.7814407   48.89744  -45.78664    34.8831    34.8825     3.7221     3.7218    27.7219    27.7215    6.49886    6.50249         21 0.0000e+00
      28356   1181.444    818.000     3.7835   3.262934     3.7830   3.262815      88.23     0.0151     2.6953     2.3821  33.937702  3.7814407   48.89744  -45.78664    34.8833    34.8825     3.7236     3.7231    27.7220    27.7213    6.49330    6.49630         20 0.0000e+00
      28374   1182.216    819.000     3.7840   3.263034     3.7825   3.262828      98.45     0.0127     2.6944     2.3810  33.935726  3.7814407   48.89744  -45.78662    34.8835    34.8826     3.7240     3.7225    27.7220    27.7215    6.48874    6.49765         18 0.0000e+00
      28393   1183.007    820.000     3.7845   3.263137     3.7837   3.262987      98.63     0.0131     2.6936     2.3805  33.939850  3.7814407   48.89746  -45.78662    34.8836    34.8827     3.7244     3.7284    27.7221    27.7215    6.49126    6.50169         20 0.0000e+00
      28416   1183.966    821.000     3.7851   3.263239     3.7847   3.263141      75.49     0.0134     2.6929     2.3799  33.939243  3.7814407   48.89746  -45.78662    34.8837    34.8830     3.7249     3.7247    27.7221    27.7216    6.48521    6.49862         27 0.0000e+00
      28447   1185.265    822.000     3.7866   3.263474     3.7861   3.263356      87.94     0.0121     2.6911     2.3785  33.938271  3.7814407   48.89746  -45.78660    34.8844    34.8835     3.7263     3.7258    27.7225    27.7219    6.47990    6.48712         33 0.0000e+00
      28476   1186.455    823.000     3.7864   3.263517     3.7860   3.263416      86.12     0.0101     2.6896     2.3770  33.935860  3.7818539   48.89746  -45.78659    34.8846    34.8838     3.7260     3.7256    27.7227    27.7222    6.48203    6.48936         24 0.0000e+00
      28500   1187.443    824.000     3.7871   3.263642     3.7867   3.263541      98.70     0.0147     2.6893     2.3764  33.938965  3.7867582   48.89746  -45.78658    34.8848    34.8841     3.7267     3.7263    27.7228    27.7223    6.48082    6.49178         24 0.0000e+00
      28526   1188.552    825.000     3.7898   3.263991     3.7893   3.263880      78.31     0.0132     2.6885     2.3759  33.937981  3.7866511   48.89746  -45.78657    34.8856    34.8848     3.7293     3.7288    27.7232    27.7226    6.47936    6.49182         30 0.0000e+00
      28558   1189.860    826.000     3.7908   3.264158     3.7901   3.264019      97.37     0.0124     2.6874     2.3757  33.935188  3.7868004   48.89746  -45.78656    34.8860    34.8850     3.7302     3.7295    27.7234    27.7227    6.48156    6.49627         31 0.0000e+00
      28584   1190.966    827.000     3.7928   3.264408     3.7923   3.264301      98.57     0.0159     2.6875     2.3755  33.940151  3.7903845   48.89746  -45.78656    34.8863    34.8856     3.7321     3.7316    27.7235    27.7229    6.48503    6.48673         23 0.0000e+00
      28605   1191.820    828.000     3.7931   3.264487     3.7930   3.264404      98.45     0.0155     2.6872     2.3744  33.937298  3.7912161   48.89746  -45.78655    34.8864    34.8855     3.7323     3.7323    27.7235    27.7228    6.48297    6.48332         18 0.0000e+00
      28623   1192.570    829.000     3.7934   3.264561     3.7932   3.264473      98.63     0.0136     2.6868     2.3743  33.938965  3.7912087   48.89746  -45.78654    34.8864    34.8856     3.7326     3.7323    27.7235    27.7229    6.48381    6.48414         18 0.0000e+00
      28641   1193.328    830.000     3.7930   3.264550     3.7937   3.264593      90.58     0.0138     2.6868     2.3732  33.945210  3.7912087   48.89746  -45.78654    34.8862    34.8860     3.7321     3.7328    27.7234    27.7231    6.48214    6.47748         19 0.0000e+00
      28663   1194.234    831.000     3.7933   3.264624     3.7935   3.264600      77.58     0.0134     2.6862     2.3724  33.943188  3.7912087   48.89746  -45.78652    34.8863    34.8858     3.7323     3.7325    27.7234    27.7230    6.48060    6.48003         25 0.0000e+00
      28692   1195.463    832.000     3.7933   3.264679     3.7932   3.264604      98.71     0.0126     2.6858     2.3719  33.951633  3.7912087   48.89746  -45.78651    34.8864    34.8856     3.7322     3.7321    27.7235    27.7229    6.48329    6.48347         33 0.0000e+00
      28722   1196.691    833.000     3.7938   3.264779     3.7939   3.264735      72.42     0.0115     2.6856     2.3714  33.952545  3.7912087   48.89748  -45.78650    34.8865    34.8859     3.7326     3.7395    27.7236    27.7231    6.47916    6.48133         25 0.0000e+00
      28744   1197.612    834.000     3.7951   3.264964     3.7946   3.264848      96.04     0.0126     2.6847     2.3709  33.944992  3.7912087   48.89748  -45.78649    34.8868    34.8860     3.7338     3.7332    27.7237    27.7231    6.47552    6.48257         20 0.0000e+00
      28762   1198.365    835.000     3.7952   3.265018     3.7945   3.264892      98.60     0.0121     2.6843     2.3710  33.949944  3.7912087   48.89748  -45.78648    34.8868    34.8861     3.7339     3.7331    27.7237    27.7232    6.48300    6.48838         17 0.0000e+00
      28778   1199.049    836.000     3.7952   3.265074     3.7947   3.264959      69.53     0.0136     2.6848     2.3711  33.954128  3.7912087   48.89748  -45.78648    34.8870    34.8862     3.7338     3.7333    27.7238    27.7232    6.48374    6.48805         16 0.0000e+00
      28795   1199.755    837.000     3.7949   3.265095     3.7945   3.264994      52.23     0.0141     2.6840     2.3710  33.951229  3.7912087   48.89748  -45.78647    34.8870    34.8863     3.7334     3.7330    27.7239    27.7233    6.48332    6.48200         18 0.0000e+00
      28820   1200.786    838.000     3.7949   3.265127     3.7944   3.265024      90.74     0.0157     2.6841     2.3700  33.961449  3.7912087   48.89748  -45.78646    34.8870    34.8862     3.7333     3.7328    27.7239    27.7233    6.47798    6.47888         37 0.0000e+00
      28881   1203.315    839.000     3.7951   3.265186     3.7947   3.265074      83.79     0.0151     2.6822     2.3700  33.972477  3.7912087   48.89748  -45.78643    34.8869    34.8860     3.7334     3.7330    27.7238    27.7232    6.47675    6.48879         57 0.0000e+00
      28911   1204.583    840.000     3.7946   3.265201     3.7942   3.265094      98.95     0.0171     2.6828     2.3697  33.971348  3.7942560   48.89748  -45.78642    34.8870    34.8862     3.7329     3.7325    27.7240    27.7233    6.48744    6.48424         23 0.0000e+00
      28931   1205.414    841.000     3.7947   3.265248     3.7942   3.265138      86.66     0.0132     2.6824     2.3696  33.970680  3.8011222   48.89748  -45.78642    34.8870    34.8862     3.7329     3.7324    27.7240    27.7234    6.47903    6.48028         18 0.0000e+00
      28948   1206.113    842.000     3.7948   3.265294     3.7945   3.265204      65.74     0.0122     2.6822     2.3689  33.970695  3.8009768   48.89748  -45.78642    34.8870    34.8862     3.7329     3.7326    27.7239    27.7234    6.48228    6.47725         16 0.0000e+00
      28964   1206.777    843.000     3.7951   3.265376     3.7947   3.265271      49.15     0.0149     2.6824     2.3685  33.979012  3.7966640   48.89748  -45.78641    34.8871    34.8862     3.7331     3.7327    27.7240    27.7234    6.48662    6.48289         16 0.0000e+00
      28980   1207.477    844.000     3.7951   3.265423     3.7947   3.265322      59.50     0.0161     2.6825     2.3687  33.985329  3.7923079   48.89748  -45.78640    34.8871    34.8863     3.7330     3.7326    27.7240    27.7234    6.48377    6.49119         18 0.0000e+00
      29000   1208.300    845.000     3.7950   3.265461     3.7946   3.265348      88.45     0.0190     2.6820     2.3692  33.985348  3.7916625   48.89748  -45.78640    34.8871    34.8863     3.7329     3.7324    27.7240    27.7234    6.47899    6.49503         22 0.0000e+00
      29026   1209.356    846.000     3.7951   3.265511     3.7948   3.265414      78.34     0.0217     2.6813     2.3695  33.985348  3.7912080   48.89748  -45.78638    34.8871    34.8863     3.7329     3.7326    27.7240    27.7234    6.47344    6.48935         28 0.0000e+00
      29052   1210.470    847.000     3.7953   3.265573     3.7947   3.265447      92.05     0.0179     2.6803     2.3690  33.982830  3.7912087   48.89748  -45.78638    34.8871    34.8863     3.7330     3.7324    27.7240    27.7234    6.47584    6.48612         24 0.0000e+00
      29074   1211.380    848.000     3.7955   3.265636     3.7948   3.265503      85.97     0.0147     2.6804     2.3688  33.976944  3.7912087   48.89748  -45.78636    34.8872    34.8863     3.7331     3.7324    27.7241    27.7235    6.47914    6.48732         21 0.0000e+00
      29094   1212.204    849.000     3.7959   3.265724     3.7955   3.265615      72.81     0.0136     2.6797     2.3687  33.973030  3.7912087   48.89750  -45.78634    34.8873    34.8864     3.7334     3.7330    27.7241    27.7235    6.47553    6.48455         19 0.0000e+00
      29115   1213.100    850.000     3.7962   3.265789     3.7956   3.265672      97.93     0.0133     2.6793     2.3678  33.989002  3.7912087   48.89750  -45.78632    34.8872    34.8865     3.7336     3.7330    27.7240    27.7235    6.47544    6.47788         25 0.0000e+00
      29161   1214.980    851.000     3.7960   3.265812     3.7956   3.265707      85.94     0.0147     2.6787     2.3667  33.988396  3.7912087   48.89750  -45.78632    34.8871    34.8864     3.7334     3.7329    27.7240    27.7234    6.47487    6.47789         62 0.0000e+00
      29204   1216.785    852.000     3.7963   3.265916     3.7960   3.265818      99.17     0.0151     2.6779     2.3657  33.985214  3.7956388   48.89750  -45.78630    34.8875    34.8867     3.7336     3.7333    27.7243    27.7237    6.47567    6.47193         23 0.0000e+00
      29223   1217.593    853.000     3.7967   3.265992     3.7961   3.265871      72.95     0.0136     2.6779     2.3647  33.985348  3.8010380   48.89750  -45.78630    34.8876    34.8867     3.7339     3.7333    27.7243    27.7237    6.47174    6.46737         19 0.0000e+00
      29240   1218.311    854.000     3.7974   3.266112     3.7969   3.266007      78.64     0.0116     2.6767     2.3641  33.985348  3.8009768   48.89750  -45.78628    34.8876    34.8869     3.7345     3.7340    27.7243    27.7238    6.47515    6.46986         16 0.0000e+00
      29257   1219.000    855.000     3.7974   3.266154     3.7970   3.266043      98.63     0.0162     2.6775     2.3638  33.993969  3.7998273   48.89750  -45.78628    34.8876    34.8868     3.7344     3.7340    27.7243    27.7237    6.48199    6.47536         17 0.0000e+00
      29275   1219.754    856.000     3.7967   3.266130     3.7961   3.266012      98.63     0.0197     2.6772     2.3638  33.991268  3.7985628   48.89750  -45.78627    34.8876    34.8868     3.7337     3.7331    27.7243    27.7238    6.47279    6.47900         20 0.0000e+00
      29298   1220.722    857.000     3.7965   3.266157     3.7959   3.266036      71.66     0.0197     2.6767     2.3638  33.993599  3.7948854   48.89750  -45.78626    34.8876    34.8868     3.7334     3.7328    27.7244    27.7238    6.47554    6.47979         28 0.0000e+00
      29330   1222.030    858.000     3.7970   3.266244     3.7968   3.266170      99.34     0.0140     2.6760     2.3637  33.992889  3.7911246   48.89750  -45.78625    34.8876    34.8869     3.7338     3.7336    27.7243    27.7238    6.46863    6.47515         31 0.0000e+00
      29356   1223.145    859.000     3.7979   3.266384     3.7978   3.266317      98.62     0.0164     2.6754     2.3627  33.994736  3.7916689   48.89750  -45.78624    34.8878    34.8872     3.7346     3.7345    27.7244    27.7239    6.47123    6.46662         22 0.0000e+00
      29376   1223.976    860.000     3.7978   3.266417     3.7969   3.266265      47.63     0.0193     2.6751     2.3623  33.995388  3.7922494   48.89750  -45.78622    34.8878    34.8869     3.7344     3.7363    27.7244    27.7238    6.46294    6.47134         19 0.0000e+00
      29394   1224.726    861.000     3.7966   3.266354     3.7962   3.266248      92.20     0.0160     2.6736     2.3619  33.995117  3.7917533   48.89750  -45.78622    34.8878    34.8869     3.7332     3.7328    27.7245    27.7239    6.45626    6.47079         18 0.0000e+00
      29413   1225.485    862.000     3.7959   3.266328     3.7955   3.266218      78.56     0.0152     2.6728     2.3615  33.995369  3.7937410   48.89750  -45.78622    34.8877    34.8868     3.7324     3.7320    27.7245    27.7239    6.46151    6.47216         19 0.0000e+00
      29435   1226.400    863.000     3.7964   3.266439     3.7961   3.266346      82.03     0.0149     2.6721     2.3613  33.994946  3.7934754   48.89750  -45.78622    34.8880    34.8872     3.7328     3.7324    27.7247    27.7242    6.46318    6.46928         26 0.0000e+00
      29473   1228.008    864.000     3.7986   3.266738     3.7985   3.266656      87.51     0.0169     2.6711     2.3596  34.000324  3.7911978   48.89750  -45.78620    34.8886    34.8879     3.7349     3.7348    27.7250    27.7244    6.45490    6.45522         49 0.0000e+00
      29515   1229.737    865.000     3.7997   3.266912     3.7993   3.266813      89.71     0.0170     2.6692     2.3575  33.993092  3.7921937   48.89750  -45.78618    34.8890    34.8883     3.7359     3.7355    27.7253    27.7247    6.45258    6.44850         31 0.0000e+00
      29541   1230.845    866.000     3.8004   3.267038     3.7998   3.266914      98.89     0.0187     2.6683     2.3565  34.002701  3.7974606   48.89750  -45.78617    34.8892    34.8885     3.7366     3.7359    27.7254    27.7248    6.45460    6.45753         24 0.0000e+00
      29563   1231.760    867.000     3.8009   3.267146     3.8005   3.267042      30.64     0.0197     2.6677     2.3565  34.005615  3.8010147   48.89750  -45.78616    34.8895    34.8887     3.7370     3.7365    27.7255    27.7250    6.44966    6.46005         21 0.0000e+00
      29583   1232.574    868.000     3.8013   3.267235     3.8007   3.267112      91.14     0.0202     2.6673     2.3561  34.000061  3.8009768   48.89750  -45.78616    34.8897    34.8888     3.7372     3.7367    27.7256    27.7250    6.45019    6.45368         19 0.0000e+00
      29601   1233.335    869.000     3.8021   3.267374     3.8017   3.267262      98.46     0.0150     2.6664     2.3557  34.002380  3.8009768   48.89750  -45.78616    34.8899    34.8890     3.7380     3.7376    27.7257    27.7251    6.44659    6.45592         18 0.0000e+00
      29619   1234.083    870.000     3.8023   3.267431     3.8018   3.267328      98.63     0.0121     2.6657     2.3556  33.995327  3.8009768   48.89750  -45.78614    34.8899    34.8891     3.7380     3.7376    27.7257    27.7252    6.44819    6.46518         18 0.0000e+00
