data/CTD/2014/CNV/d017a022.cnv
* Sea-Bird SBE 9 Data File:
* FileName = C:\CTD_ACQUISITION\2014017HUD\ctddata\017A022.hdr
* Software Version Seasave V 7.22.2
* Temperature SN = 5081
* Conductivity SN = 3561
* Number of Bytes Per Scan = 37
* Number of Voltage Words = 4
* Number of Scans Averaged by the Deck Unit = 1
* NMEA Latitude = 53 23.40 N
* NMEA Longitude = 050 07.48 W
* NMEA UTC (Time) = Jul 05 2014 05:54:43
* NMEA baud rate = 9600
** Ship: Hudson
** Cruise: HUD2014017
** Chief_Scientist: Blair Greenan
** Organization: BIO
** Area_of_Operation: Sackville Spur
** Station: 022
** Sounding:  3370
** Event_Comments: K10, 403125
# nquan = 25
# nvalues = 3512                        
# units = specified
# name 0 = scan: Scan Count
# name 1 = timeS: Time, Elapsed [seconds]
# name 2 = prDM: Pressure, Digiquartz [db]
# name 3 = t068C: Temperature [ITS-68, deg C]
# name 4 = c0S/m: Conductivity [S/m]
# name 5 = t168C: Temperature, 2 [ITS-68, deg C]
# name 6 = c1S/m: Conductivity, 2 [S/m]
# name 7 = altM: Altimeter [m]
# name 8 = flC: Fluorescence, Chelsea Aqua 3 Chl Con [ug/l]
# name 9 = sbeox0V: Oxygen raw, SBE 43 [V]
# name 10 = sbeox1V: Oxygen raw, SBE 43, 2 [V]
# name 11 = upoly0: Upoly 0, Optode 4330F - O2 D-Phase
# name 12 = upoly1: Upoly 1, Optode 4330F - O2 Temp
# name 13 = latitude: Latitude [deg]
# name 14 = longitude: Longitude [deg]
# name 15 = sal00: Salinity, Practical [PSU]
# name 16 = sal11: Salinity, Practical, 2 [PSU]
# name 17 = potemp068C: Potential Temperature [ITS-68, deg C]
# name 18 = potemp168C: Potential Temperature, 2 [ITS-68, deg C]
# name 19 = sigma-é00: Density [sigma-theta, Kg/m^3]
# name 20 = sigma-é11: Density, 2 [sigma-theta, Kg/m^3]
# name 21 = sbeox0ML/L: Oxygen, SBE 43 [ml/l], WS = 2
# name 22 = sbeox1ML/L: Oxygen, SBE 43, 2 [ml/l], WS = 2
# name 23 = nbin: number of scans per bin
# name 24 = flag: flag
# span 0 =       6445,      92703       
# span 1 =    268.519,   3862.591       
# span 2 =      1.000,   3512.000       
# span 3 =     1.7876,     8.8253       
# span 4 =   3.194642,   3.659822       
# span 5 =     1.7861,     8.8460       
# span 6 =   3.194560,   3.661248       
# span 7 =       3.78,     105.23       
# span 8 =     0.0047,     0.5459       
# span 9 =     2.0333,     3.4642       
# span 10 =     1.8008,     3.0433      
# span 11 =  29.882652,  35.892273      
# span 12 =  1.7738252,  8.7837877      
# span 13 =   53.39028,   53.39150      
# span 14 =  -50.12415,  -50.12206      
# span 15 =    34.5959,    34.9184      
# span 16 =    34.5909,    34.9183      
# span 17 =     1.5119,     8.8251      
# span 18 =     1.5109,     8.8457      
# span 19 =    26.8300,    27.9237      
# span 20 =    26.8227,    27.9242      
# span 21 =    6.22973,    7.08881      
# span 22 =    6.20522,    7.05401      
# span 23 =         11,         89      
# span 24 = 0.0000e+00, 0.0000e+00      
# interval = decibars: 1                
# start_time = Jul 05 2014 05:54:43 [NMEA time, header]
# bad_flag = -9.990e-29
*END*
[from data line 116]
      11972    498.808    117.000     4.1269   3.250223     4.1261   3.250092      94.75     0.0146     3.0284     2.6686  32.885918  4.1729169   53.39042  -50.12382    34.7409    34.7402     4.1186     4.1181    27.5678    27.5672    6.79279    6.80368         26 0.0000e+00
      12036    501.452    118.000     4.1262   3.250200     4.1260   3.250128      98.80     0.0179     3.0282     2.6669  32.887314  4.1623330   53.39042  -50.12381    34.7409    34.7402     4.1179     4.1177    27.5678    27.5673    6.78777    6.79826         54 0.0000e+00
      12089    503.671    119.000     4.1241   3.250091     4.1239   3.250001      98.65     0.0136     3.0276     2.6671  32.886417  4.1599569   53.39042  -50.12380    34.7413    34.7404     4.1157     4.1155    27.5683    27.5677    6.78843    6.81272         21 0.0000e+00
      12106    504.359    120.000     4.1204   3.249819     4.1199   3.249712      98.65     0.0106     3.0281     2.6679  32.886448  4.1581082   53.39042  -50.12380    34.7414    34.7406     4.1119     4.1115    27.5688    27.5682    6.78523    6.81310         16 0.0000e+00
      12122    505.027    121.000     4.1163   3.249546     4.1152   3.249387      98.64     0.0108     3.0269     2.6681  32.886448  4.1587362   53.39042  -50.12380    34.7419    34.7413     4.1078     4.1066    27.5697    27.5693    6.77701    6.80781         16 0.0000e+00
      12138    505.693    122.000     4.1161   3.249587     4.1157   3.249500      25.77     0.0098     3.0260     2.6678  32.886448  4.1578178   53.39041  -50.12380    34.7421    34.7415     4.1075     4.1071    27.5698    27.5694    6.77825    6.79577         17 0.0000e+00
      12156    506.458    123.000     4.1161   3.249618     4.1157   3.249539      85.68     0.0085     3.0253     2.6660  32.886448  4.1423187   53.39040  -50.12380    34.7420    34.7413     4.1074     4.1071    27.5698    27.5693    6.77478    6.78176         20 0.0000e+00
      12180    507.467    124.000     4.1168   3.249731     4.1164   3.249642      98.28     0.0108     3.0237     2.6640  32.886448  4.1376095   53.39040  -50.12380    34.7420    34.7413     4.1081     4.1077    27.5697    27.5692    6.76811    6.78798         29 0.0000e+00
      12215    508.915    125.000     4.1170   3.249813     4.1169   3.249730      93.74     0.0115     3.0225     2.6640  32.886448  4.1275878   53.39040  -50.12380    34.7421    34.7413     4.1082     4.1081    27.5698    27.5692    6.78215    6.80706         39 0.0000e+00
      12251    510.414    126.000     4.1170   3.249884     4.1169   3.249804      98.78     0.0119     3.0238     2.6658  32.895668  4.1316190   53.39040  -50.12380    34.7425    34.7417     4.1081     4.1080    27.5701    27.5695    6.79736    6.81516         31 0.0000e+00
      12276    511.466    127.000     4.1141   3.249697     4.1141   3.249624      98.64     0.0150     3.0247     2.6662  32.900436  4.1331000   53.39040  -50.12380    34.7428    34.7419     4.1052     4.1052    27.5707    27.5700    6.80590    6.81043         21 0.0000e+00
      12295    512.259    128.000     4.1083   3.249258     4.1081   3.249146      98.65     0.0171     3.0268     2.6663  32.896751  4.1330891   53.39040  -50.12380    34.7432    34.7421     4.0993     4.0991    27.5716    27.5708    6.81537    6.81315         17 0.0000e+00
      12311    512.931    129.000     4.1027   3.248820     4.1024   3.248731      98.64     0.0202     3.0281     2.6666  32.898338  4.1330891   53.39040  -50.12380    34.7434    34.7426     4.0937     4.0934    27.5723    27.5717    6.81011    6.81530         16 0.0000e+00
      12327    513.575    130.000     4.0946   3.248136     4.0949   3.248037      98.64     0.0244     3.0277     2.6666  32.893353  4.1330891   53.39040  -50.12379    34.7433    34.7418     4.0855     4.0858    27.5731    27.5719    6.81014    6.81159         15 0.0000e+00
      12344    514.287    131.000     4.0756   3.246441     4.0766   3.246409      98.64     0.0201     3.0289     2.6658  32.909485  4.1259351   53.39040  -50.12378    34.7427    34.7413     4.0664     4.0675    27.5747    27.5734    6.82414    6.81499         19 0.0000e+00
      12370    515.367    132.000     4.0651   3.245515     4.0652   3.245423      98.64     0.0177     3.0299     2.6667  32.915371  4.1229711   53.39040  -50.12378    34.7423    34.7412     4.0559     4.0559    27.5754    27.5746    6.81881    6.83303         36 0.0000e+00
      12411    517.076    133.000     4.0587   3.244966     4.0582   3.244845      73.48     0.0158     3.0298     2.6684  32.915752  4.0913715   53.39040  -50.12378    34.7420    34.7411     4.0494     4.0489    27.5759    27.5752    6.81861    6.83638         36 0.0000e+00
      12435    518.069    134.000     4.0548   3.244675     4.0547   3.244564      99.21     0.0191     3.0298     2.6682  32.915752  4.0940170   53.39040  -50.12378    34.7420    34.7410     4.0454     4.0453    27.5763    27.5755    6.81762    6.83068         17 0.0000e+00
      12449    518.672    135.000     4.0506   3.244320     4.0500   3.244169      98.65     0.0217     3.0301     2.6685  32.915752  4.0940170   53.39040  -50.12378    34.7419    34.7407     4.0411     4.0405    27.5767    27.5758    6.81389    6.83580         13 0.0000e+00
      12462    519.196    136.000     4.0478   3.244122     4.0473   3.244004      98.64     0.0225     3.0283     2.6686  32.915752  4.0940170   53.39040  -50.12378    34.7420    34.7411     4.0383     4.0378    27.5770    27.5764    6.80919    6.83468         12 0.0000e+00
      12474    519.710    137.000     4.0485   3.244326     4.0480   3.244219      98.65     0.0182     3.0287     2.6682  32.915752  4.0940170   53.39040  -50.12378    34.7430    34.7423     4.0390     4.0384    27.5778    27.5773    6.81852    6.83386         13 0.0000e+00
      12488    520.307    138.000     4.0456   3.244134     4.0453   3.244040      98.64     0.0185     3.0290     2.6682  32.916580  4.0835547   53.39040  -50.12378    34.7433    34.7425     4.0360     4.0357    27.5784    27.5777    6.82690    6.83555         17 0.0000e+00
      12528    521.944    139.000     4.0439   3.244038     4.0449   3.244055      98.64     0.0172     3.0298     2.6680  32.916050  4.0701523   53.39040  -50.12377    34.7435    34.7425     4.0342     4.0352    27.5787    27.5778    6.83103    6.83912         66 0.0000e+00
      12583    524.249    140.000     4.0407   3.243849     4.0418   3.243825      47.02     0.0217     3.0313     2.6693  32.915737  4.0672998   53.39040  -50.12376    34.7440    34.7426     4.0310     4.0321    27.5794    27.5782    6.84362    6.85582         22 0.0000e+00
      12599    524.927    141.000     4.0325   3.243129     4.0317   3.242941      72.89     0.0181     3.0326     2.6701  32.915752  4.0757327   53.39040  -50.12376    34.7436    34.7422     4.0227     4.0219    27.5800    27.5789    6.84360    6.85328         17 0.0000e+00
      12614    525.557    142.000     4.0183   3.241883     4.0182   3.241757      98.42     0.0154     3.0323     2.6701  32.915752  4.0758743   53.39040  -50.12376    34.7434    34.7420     4.0084     4.0083    27.5813    27.5802    6.83662    6.85421         14 0.0000e+00
      12629    526.161    143.000     4.0092   3.241156     4.0094   3.241064      98.65     0.0128     3.0320     2.6703  32.915752  4.0744944   53.39040  -50.12376    34.7438    34.7425     3.9993     3.9994    27.5825    27.5815    6.83107    6.85402         15 0.0000e+00
      12644    526.799    144.000     4.0005   3.240478     4.0004   3.240389      98.60     0.0114     3.0312     2.6700  32.913960  4.0673108   53.39039  -50.12376    34.7444    34.7435     3.9904     3.9904    27.5840    27.5832    6.82758    6.84898         16 0.0000e+00
      12662    527.533    145.000     3.9970   3.240234     3.9968   3.240142      87.15     0.0147     3.0300     2.6691  32.914207  4.0667739   53.39038  -50.12376    34.7446    34.7438     3.9870     3.9867    27.5845    27.5839    6.83323    6.83909         19 0.0000e+00
      12684    528.443    146.000     3.9951   3.240105     3.9950   3.240025      98.45     0.0163     3.0300     2.6675  32.915726  4.0355468   53.39038  -50.12376    34.7446    34.7438     3.9850     3.9848    27.5847    27.5841    6.84056    6.84367         25 0.0000e+00
      12711    529.574    147.000     3.9933   3.239999     3.9932   3.239917      98.64     0.0217     3.0306     2.6678  32.915752  4.0252514   53.39038  -50.12376    34.7447    34.7439     3.9831     3.9829    27.5850    27.5843    6.85178    6.85717         30 0.0000e+00
      12743    530.917    148.000     3.9920   3.239934     3.9918   3.239852      98.64     0.0178     3.0317     2.6681  32.906910  4.0157232   53.39038  -50.12376    34.7448    34.7440     3.9817     3.9815    27.5852    27.5845    6.85641    6.85888         32 0.0000e+00
      12772    532.111    149.000     3.9879   3.239637     3.9878   3.239554      98.64     0.0171     3.0324     2.6691  32.911026  4.0158730   53.39038  -50.12376    34.7451    34.7442     3.9775     3.9774    27.5858    27.5852    6.85388    6.87430         24 0.0000e+00
      12792    532.949    150.000     3.9826   3.239228     3.9826   3.239151      98.64     0.0185     3.0328     2.6702  32.914993  4.0158730   53.39040  -50.12376    34.7452    34.7443     3.9722     3.9722    27.5865    27.5858    6.85841    6.87303         18 0.0000e+00
      12808    533.605    151.000     3.9769   3.238760     3.9768   3.238659      98.64     0.0186     3.0328     2.6705  32.915752  4.0158730   53.39040  -50.12376    34.7452    34.7441     3.9664     3.9663    27.5871    27.5863    6.85710    6.87069         14 0.0000e+00
      12822    534.202    152.000     3.9670   3.237916     3.9669   3.237801      98.64     0.0172     3.0331     2.6706  32.906086  4.0100732   53.39040  -50.12376    34.7451    34.7438     3.9564     3.9564    27.5881    27.5871    6.85981    6.87081         15 0.0000e+00
      12837    534.822    153.000     3.9595   3.237269     3.9593   3.237158      78.20     0.0147     3.0330     2.6703  32.901192  4.0061769   53.39039  -50.12375    34.7448    34.7437     3.9489     3.9487    27.5886    27.5877    6.86136    6.87064         15 0.0000e+00
      12855    535.590    154.000     3.9522   3.236628     3.9522   3.236556      74.49     0.0131     3.0328     2.6701  32.899273  4.0061049   53.39038  -50.12374    34.7445    34.7435     3.9416     3.9416    27.5891    27.5883    6.86463    6.87262         23 0.0000e+00
      12893    537.160    155.000     3.9445   3.235981     3.9445   3.235908      97.30     0.0146     3.0332     2.6701  32.913078  3.9861352   53.39038  -50.12374    34.7443    34.7434     3.9338     3.9338    27.5897    27.5891    6.86688    6.87785         55 0.0000e+00
      12940    539.124    156.000     3.9415   3.235785     3.9415   3.235708      98.64     0.0170     3.0331     2.6708  32.900192  3.9700871   53.39038  -50.12374    34.7446    34.7437     3.9307     3.9307    27.5903    27.5896    6.86379    6.88706         29 0.0000e+00
      12960    539.961    157.000     3.9362   3.235348     3.9364   3.235269      98.64     0.0162     3.0322     2.6711  32.901100  3.9710550   53.39038  -50.12374    34.7445    34.7434     3.9253     3.9255    27.5908    27.5899    6.86334    6.88463         17 0.0000e+00
      12975    540.600    158.000     3.9247   3.234367     3.9250   3.234284      98.64     0.0154     3.0324     2.6714  32.901100  3.9767661   53.39038  -50.12374    34.7444    34.7431     3.9138     3.9141    27.5919    27.5908    6.87518    6.88394         14 0.0000e+00
      12989    541.185    159.000     3.9208   3.234058     3.9208   3.233993      98.65     0.0157     3.0333     2.6706  32.901100  3.9768009   53.39040  -50.12374    34.7444    34.7436     3.9098     3.9098    27.5923    27.5917    6.87426    6.88979         14 0.0000e+00
      13004    541.796    160.000     3.9194   3.233980     3.9193   3.233907      98.64     0.0147     3.0324     2.6714  32.901100  3.9768009   53.39040  -50.12374    34.7444    34.7436     3.9083     3.9083    27.5925    27.5918    6.87128    6.90193         16 0.0000e+00
      13022    542.545    161.000     3.9171   3.233806     3.9170   3.233723      62.27     0.0147     3.0325     2.6725  32.915016  3.9507375   53.39040  -50.12374    34.7442    34.7433     3.9060     3.9059    27.5925    27.5919    6.87961    6.90079         21 0.0000e+00
      13051    543.731    162.000     3.9130   3.233480     3.9127   3.233383      76.53     0.0164     3.0332     2.6721  32.911991  3.9458346   53.39038  -50.12374    34.7441    34.7433     3.9018     3.9016    27.5929    27.5923    6.87893    6.89201         37 0.0000e+00
      13089    545.353    163.000     3.8944   3.231868     3.8937   3.231749      96.90     0.0170     3.0332     2.6714  32.900509  3.9372902   53.39038  -50.12374    34.7441    34.7426     3.8831     3.8824    27.5949    27.5937    6.88260    6.89206         34 0.0000e+00
      13114    546.387    164.000     3.8872   3.231268     3.8871   3.231180      89.76     0.0125     3.0334     2.6710  32.889404  3.9377289   53.39038  -50.12374    34.7441    34.7431     3.8759     3.8758    27.5956    27.5948    6.88570    6.90764         19 0.0000e+00
      13131    547.063    165.000     3.8840   3.231028     3.8843   3.230979      98.66     0.0137     3.0333     2.6723  32.886444  3.9377289   53.39038  -50.12372    34.7441    34.7430     3.8726     3.8730    27.5959    27.5950    6.88733    6.91594         14 0.0000e+00
      13144    547.638    166.000     3.8822   3.230897     3.8822   3.230841      98.63     0.0124     3.0332     2.6728  32.886448  3.9377289   53.39038  -50.12372    34.7439    34.7432     3.8708     3.8708    27.5959    27.5954    6.88645    6.90818         14 0.0000e+00
      13158    548.208    167.000     3.8827   3.230995     3.8824   3.230909      98.65     0.0106     3.0332     2.6723  32.895523  3.9256265   53.39038  -50.12372    34.7439    34.7433     3.8712     3.8709    27.5959    27.5954    6.88358    6.90428         14 0.0000e+00
      13173    548.847    168.000     3.8821   3.230990     3.8818   3.230902      98.64     0.0089     3.0327     2.6724  32.900871  3.9173965   53.39038  -50.12372    34.7439    34.7432     3.8706     3.8703    27.5960    27.5954    6.87854    6.89676         17 0.0000e+00
      13194    549.708    169.000     3.8789   3.230774     3.8789   3.230696      98.64     0.0136     3.0316     2.6704  32.899426  3.9166498   53.39038  -50.12372    34.7442    34.7434     3.8673     3.8672    27.5966    27.5959    6.86735    6.87686         25 0.0000e+00
      13228    551.122    170.000     3.8759   3.230555     3.8757   3.230465      98.65     0.0154     3.0277     2.6670  32.886665  3.8989599   53.39038  -50.12372    34.7443    34.7434     3.8642     3.8640    27.5969    27.5962    6.84505    6.87248         42 0.0000e+00
      13267    552.759    171.000     3.8754   3.230604     3.8752   3.230517      98.64     0.0167     3.0217     2.6634  32.885990  3.8986568   53.39038  -50.12372    34.7448    34.7440     3.8637     3.8635    27.5974    27.5967    6.82451    6.85019         33 0.0000e+00
      13294    553.887    172.000     3.8772   3.230864     3.8770   3.230810      57.83     0.0179     3.0176     2.6589  32.886452  3.8986568   53.39039  -50.12372    34.7455    34.7448     3.8654     3.8656    27.5978    27.5972    6.81548    6.83519         23 0.0000e+00
      13316    554.794    173.000     3.8804   3.231244     3.8803   3.231189      98.74     0.0153     3.0146     2.6565  32.886448  3.8986568   53.39040  -50.12372    34.7461    34.7456     3.8684     3.8684    27.5980    27.5975    6.80593    6.83310         21 0.0000e+00
