data/CTD/2014/CNV/d017a034.cnv
* Sea-Bird SBE 9 Data File:
* FileName = C:\CTD_ACQUISITION\2014017HUD\ctddata\017A034.hdr
* Software Version Seasave V 7.22.2
* Temperature SN = 5081
* Conductivity SN = 3561
* Number of Bytes Per Scan = 37
* Number of Voltage Words = 4
* Number of Scans Averaged by the Deck Unit = 1
* NMEA Latitude = 48 20.63 N
* NMEA Longitude = 046 35.08 W
* NMEA UTC (Time) = Jul 09 2014 15:35:27
* NMEA baud rate = 9600
** Ship: Hudson
** Cruise: HUD2014017
** Chief_Scientist: Blair Greenan
** Organization: BIO
** Area_of_Operation: Sackville Spur
** Station: 034
** Sounding:  1364
** Event_Comments: SS-10 403200
# nquan = 25
# nvalues = 1417                        
# units = specified
# name 0 = scan: Scan Count
# name 1 = timeS: Time, Elapsed [seconds]
# name 2 = prDM: Pressure, Digiquartz [db]
# name 3 = t068C: Temperature [ITS-68, deg C]
# name 4 = c0S/m: Conductivity [S/m]
# name 5 = t168C: Temperature, 2 [ITS-68, deg C]
# name 6 = c1S/m: Conductivity, 2 [S/m]
# name 7 = altM: Altimeter [m]
# name 8 = flC: Fluorescence, Chelsea Aqua 3 Chl Con [ug/l]
# name 9 = sbeox0V: Oxygen raw, SBE 43 [V]
# name 10 = sbeox1V: Oxygen raw, SBE 43, 2 [V]
# name 11 = upoly0: Upoly 0, Optode 4330F - O2 D-Phase
# name 12 = upoly1: Upoly 1, Optode 4330F - O2 Temp
# name 13 = latitude: Latitude [deg]
# name 14 = longitude: Longitude [deg]
# name 15 = sal00: Salinity, Practical [PSU]
# name 16 = sal11: Salinity, Practical, 2 [PSU]
# name 17 = potemp068C: Potential Temperature [ITS-68, deg C]
# name 18 = potemp168C: Potential Temperature, 2 [ITS-68, deg C]
# name 19 = sigma-é00: Density [sigma-theta, Kg/m^3]
# name 20 = sigma-é11: Density, 2 [sigma-theta, Kg/m^3]
# name 21 = sbeox0ML/L: Oxygen, SBE 43 [ml/l], WS = 2
# name 22 = sbeox1ML/L: Oxygen, SBE 43, 2 [ml/l], WS = 2
# name 23 = nbin: number of scans per bin
# name 24 = flag: flag
# span 0 =       9171,      47671       
# span 1 =    382.084,   1986.236       
# span 2 =      5.000,   1421.000       
# span 3 =    -1.2918,     7.4336       
# span 4 =   2.662575,   3.364040       
# span 5 =    -1.2929,     7.4265       
# span 6 =   2.662184,   3.363182       
# span 7 =       1.29,     102.48       
# span 8 =     0.0078,     0.0938       
# span 9 =     2.4491,     3.6381       
# span 10 =     2.1618,     3.1547      
# span 11 =  30.336931,  34.818199      
# span 12 = -1.1829515,  7.5546045      
# span 13 =   48.34424,   48.34848      
# span 14 =  -46.58350,  -46.58194      
# span 15 =    32.7781,    34.9112      
# span 16 =    32.7707,    34.9109      
# span 17 =    -1.2929,     7.4331      
# span 18 =    -1.2940,     7.4260      
# span 19 =    25.6100,    27.7651      
# span 20 =    25.6089,    27.7648      
# span 21 =    6.25697,    9.04464      
# span 22 =    6.22810,    9.07201      
# span 23 =         12,        102      
# span 24 = 0.0000e+00, 0.0000e+00      
# interval = decibars: 1                
# start_time = Jul 09 2014 15:35:27 [NMEA time, header]
# bad_flag = -9.990e-29
*END*
[from data line 638]
      26621   1109.150    643.000     3.7402   3.249119     3.7401   3.249057      98.64     0.0175     2.7809     2.4532  33.663025  3.7325761   48.34696  -46.58280    34.8565    34.8557     3.6942     3.6963    27.7036    27.7030    6.61323    6.61130         18 0.0000e+00
      26639   1109.920    644.000     3.7382   3.248990     3.7381   3.248934      21.22     0.0163     2.7809     2.4530  33.663002  3.7326007   48.34696  -46.58280    34.8565    34.8560     3.6922     3.6920    27.7037    27.7034    6.60985    6.61774         20 0.0000e+00
      26662   1110.872    645.000     3.7411   3.249324     3.7409   3.249270      59.58     0.0169     2.7799     2.4527  33.663521  3.7326007   48.34696  -46.58280    34.8568    34.8565     3.6950     3.6947    27.7038    27.7035    6.60184    6.60670         27 0.0000e+00
      26692   1112.119    646.000     3.7431   3.249568     3.7428   3.249498      94.27     0.0190     2.7784     2.4505  33.667152  3.7326007   48.34698  -46.58280    34.8572    34.8566     3.6968     3.6966    27.7038    27.7034    6.60102    6.59520         29 0.0000e+00
      26716   1113.133    647.000     3.7434   3.249663     3.7431   3.249584      98.68     0.0185     2.7783     2.4496  33.674927  3.7326007   48.34698  -46.58280    34.8574    34.8568     3.6971     3.6968    27.7040    27.7035    6.61141    6.60422         21 0.0000e+00
      26736   1113.952    648.000     3.7440   3.249762     3.7435   3.249668      98.63     0.0197     2.7784     2.4495  33.681461  3.7326007   48.34698  -46.58280    34.8575    34.8569     3.6976     3.6971    27.7040    27.7036    6.61761    6.61035         19 0.0000e+00
      26757   1114.843    649.000     3.7445   3.249859     3.7445   3.249816      34.95     0.0195     2.7791     2.4497  33.663658  3.7405155   48.34698  -46.58280    34.8576    34.8571     3.6980     3.6980    27.7040    27.7036    6.61367    6.61449         25 0.0000e+00
      26800   1116.611    650.000     3.7454   3.249985     3.7452   3.249923      80.57     0.0160     2.7784     2.4500  33.663273  3.7409780   48.34698  -46.58278    34.8576    34.8571     3.6988     3.6986    27.7040    27.7036    6.60791    6.61210         56 0.0000e+00
      26838   1118.203    651.000     3.7435   3.249859     3.7434   3.249808      17.72     0.0136     2.7770     2.4495  33.667038  3.7402790   48.34698  -46.58280    34.8576    34.8571     3.6968     3.6990    27.7042    27.7038    6.60507    6.61148         19 0.0000e+00
      26853   1118.831    652.000     3.7387   3.249438     3.7392   3.249429     100.76     0.0147     2.7779     2.4495  33.683327  3.7431417   48.34698  -46.58280    34.8571    34.8565     3.6920     3.6925    27.7043    27.7037    6.61049    6.61344         14 0.0000e+00
      26866   1119.389    653.000     3.7384   3.249459     3.7382   3.249414      97.61     0.0152     2.7768     2.4495  33.685608  3.7423515   48.34698  -46.58280    34.8572    34.8568     3.6916     3.6915    27.7044    27.7041    6.60816    6.61226         13 0.0000e+00
      26879   1119.899    654.000     3.7383   3.249501     3.7388   3.249527       3.82     0.0166     2.7771     2.4491  33.681290  3.7423687   48.34698  -46.58280    34.8572    34.8570     3.6915     3.6920    27.7044    27.7042    6.60751    6.60876         12 0.0000e+00
      26891   1120.401    655.000     3.7379   3.249508     3.7385   3.249524      54.94     0.0161     2.7769     2.4490  33.686256  3.7382524   48.34698  -46.58280    34.8572    34.8568     3.6910     3.6916    27.7044    27.7041    6.61158    6.60877         12 0.0000e+00
      26904   1120.950    656.000     3.7381   3.249578     3.7384   3.249548      97.98     0.0155     2.7763     2.4485  33.682594  3.7346098   48.34700  -46.58280    34.8573    34.8567     3.6912     3.6914    27.7045    27.7040    6.61039    6.60971         15 0.0000e+00
      26946   1122.727    657.000     3.7387   3.249674     3.7384   3.249597      98.63     0.0132     2.7758     2.4482  33.683090  3.7336695   48.34700  -46.58280    34.8573    34.8566     3.6917     3.6914    27.7044    27.7040    6.61122    6.61363         27 0.0000e+00
      27010   1125.375    658.000     3.7390   3.249771     3.7386   3.249686      98.63     0.0134     2.7752     2.4479  33.685547  3.7325661   48.34700  -46.58280    34.8576    34.8571     3.6919     3.6914    27.7047    27.7043    6.60733    6.61712         15 0.0000e+00
      27022   1125.891    659.000     3.7408   3.249998     3.7404   3.249929      98.64     0.0129     2.7744     2.4479  33.685547  3.7326007   48.34700  -46.58280    34.8580    34.8575     3.6935     3.6932    27.7048    27.7044    6.59896    6.61721         13 0.0000e+00
      27035   1126.421    660.000     3.7424   3.250204     3.7419   3.250140      98.63     0.0121     2.7740     2.4483  33.685543  3.7348714   48.34700  -46.58280    34.8581    34.8578     3.6951     3.6946    27.7048    27.7046    6.60604    6.61587         13 0.0000e+00
      27047   1126.935    661.000     3.7430   3.250324     3.7426   3.250263      98.64     0.0138     2.7745     2.4479  33.687412  3.7374728   48.34702  -46.58280    34.8583    34.8580     3.6956     3.6953    27.7049    27.7047    6.60847    6.61080         12 0.0000e+00
      27060   1127.463    662.000     3.7443   3.250502     3.7437   3.250416      84.15     0.0162     2.7735     2.4477  33.684391  3.7363482   48.34702  -46.58280    34.8586    34.8582     3.6968     3.6963    27.7050    27.7047    6.60581    6.60854         13 0.0000e+00
      27074   1128.057    663.000     3.7450   3.250627     3.7445   3.250548       4.55     0.0156     2.7737     2.4472  33.689514  3.7392900   48.34702  -46.58278    34.8588    34.8584     3.6974     3.6970    27.7051    27.7048    6.60541    6.61318         16 0.0000e+00
      27113   1129.647    664.000     3.7463   3.250795     3.7453   3.250649      59.65     0.0146     2.7727     2.4476  33.687695  3.7339611   48.34702  -46.58278    34.8589    34.8582     3.6986     3.6984    27.7051    27.7045    6.60030    6.61749         51 0.0000e+00
      27171   1132.093    665.000     3.7457   3.250786     3.7446   3.250627      75.67     0.0132     2.7705     2.4476  33.685555  3.7359002   48.34702  -46.58281    34.8589    34.8581     3.6980     3.6968    27.7051    27.7046    6.59061    6.61595         29 0.0000e+00
      27190   1132.878    666.000     3.7455   3.250812     3.7451   3.250732      26.13     0.0162     2.7699     2.4477  33.709984  3.7464275   48.34703  -46.58280    34.8588    34.8583     3.6978     3.6996    27.7051    27.7047    6.59197    6.61714         18 0.0000e+00
      27206   1133.559    667.000     3.7466   3.250975     3.7448   3.250756      77.43     0.0188     2.7689     2.4473  33.711903  3.7476130   48.34704  -46.58280    34.8591    34.8585     3.6988     3.6969    27.7052    27.7048    6.59190    6.61237         15 0.0000e+00
      27221   1134.173    668.000     3.7458   3.250935     3.7452   3.250836      98.85     0.0199     2.7691     2.4470  33.710857  3.7462635   48.34704  -46.58280    34.8590    34.8585     3.6978     3.6972    27.7052    27.7048    6.59231    6.60954         15 0.0000e+00
      27235   1134.769    669.000     3.7464   3.251053     3.7458   3.250954      98.63     0.0182     2.7683     2.4463  33.688187  3.7423799   48.34704  -46.58280    34.8593    34.8587     3.6983     3.6978    27.7054    27.7049    6.59168    6.60462         14 0.0000e+00
      27251   1135.406    670.000     3.7480   3.251265     3.7475   3.251180      98.63     0.0180     2.7681     2.4456  33.688000  3.7423687   48.34704  -46.58280    34.8595    34.8591     3.6999     3.6994    27.7054    27.7051    6.59005    6.60215         17 0.0000e+00
      27273   1136.318    671.000     3.7513   3.251653     3.7507   3.251564      98.63     0.0192     2.7672     2.4449  33.689266  3.7414694   48.34704  -46.58278    34.8601    34.8597     3.7031     3.7025    27.7056    27.7052    6.59175    6.60623         30 0.0000e+00
      27311   1137.927    672.000     3.7543   3.252011     3.7539   3.251940      98.64     0.0160     2.7665     2.4446  33.690460  3.7396691   48.34704  -46.58279    34.8607    34.8603     3.7060     3.7056    27.7057    27.7054    6.58940    6.61256         38 0.0000e+00
      27339   1139.094    673.000     3.7561   3.252251     3.7558   3.252187      98.63     0.0174     2.7665     2.4445  33.684612  3.7423904   48.34704  -46.58280    34.8611    34.8607     3.7077     3.7074    27.7059    27.7056    6.59300    6.59849         23 0.0000e+00
      27361   1140.004    674.000     3.7562   3.252311     3.7559   3.252249      98.64     0.0147     2.7652     2.4426  33.686031  3.7428355   48.34704  -46.58280    34.8612    34.8608     3.7077     3.7074    27.7060    27.7057    6.58028    6.59056         21 0.0000e+00
      27382   1140.877    675.000     3.7566   3.252404     3.7562   3.252336      98.63     0.0111     2.7649     2.4423  33.692177  3.7519429   48.34705  -46.58280    34.8614    34.8610     3.7080     3.7095    27.7060    27.7058    6.58980    6.60473         22 0.0000e+00
      27410   1142.055    676.000     3.7587   3.252665     3.7583   3.252597      98.63     0.0157     2.7647     2.4424  33.692307  3.7521367   48.34706  -46.58280    34.8617    34.8613     3.7100     3.7098    27.7061    27.7058    6.59178    6.60988         38 0.0000e+00
      27453   1143.827    677.000     3.7631   3.253167     3.7627   3.253109      98.63     0.0219     2.7644     2.4426  33.692307  3.7521367   48.34706  -46.58280    34.8625    34.8622     3.7143     3.7140    27.7063    27.7061    6.58554    6.60190         34 0.0000e+00
      27475   1144.742    678.000     3.7652   3.253456     3.7650   3.253413      98.64     0.0182     2.7638     2.4418  33.699421  3.7521367   48.34706  -46.58280    34.8632    34.8629     3.7163     3.7162    27.7067    27.7064    6.58406    6.59541         17 0.0000e+00
      27490   1145.375    679.000     3.7666   3.253663     3.7662   3.253601      98.64     0.0141     2.7635     2.4412  33.703968  3.7521367   48.34706  -46.58280    34.8636    34.8633     3.7177     3.7173    27.7068    27.7066    6.58945    6.59497         14 0.0000e+00
      27503   1145.931    680.000     3.7681   3.253868     3.7675   3.253792      98.63     0.0116     2.7635     2.4410  33.701260  3.7521367   48.34708  -46.58280    34.8639    34.8637     3.7191     3.7185    27.7070    27.7068    6.58805    6.59575         13 0.0000e+00
      27516   1146.461    681.000     3.7710   3.254229     3.7705   3.254169      98.63     0.0136     2.7637     2.4404  33.713779  3.7574220   48.34708  -46.58280    34.8646    34.8644     3.7220     3.7214    27.7072    27.7071    6.59001    6.59161         13 0.0000e+00
      27530   1147.023    682.000     3.7729   3.254477     3.7725   3.254407      98.63     0.0134     2.7629     2.4398  33.713795  3.7605007   48.34708  -46.58280    34.8650    34.8646     3.7237     3.7233    27.7074    27.7071    6.58766    6.59270         15 0.0000e+00
      27562   1148.373    683.000     3.7733   3.254550     3.7730   3.254481      98.63     0.0173     2.7632     2.4393  33.711720  3.7601159   48.34708  -46.58280    34.8650    34.8644     3.7240     3.7238    27.7073    27.7069    6.59100    6.59433         32 0.0000e+00
      27621   1150.825    684.000     3.7736   3.254632     3.7732   3.254561      98.63     0.0185     2.7624     2.4387  33.712383  3.7688711   48.34709  -46.58280    34.8651    34.8647     3.7243     3.7238    27.7074    27.7071    6.58929    6.59484         19 0.0000e+00
      27637   1151.500    685.000     3.7742   3.254738     3.7738   3.254669      98.63     0.0180     2.7623     2.4383  33.712132  3.7676513   48.34710  -46.58280    34.8652    34.8648     3.7248     3.7244    27.7074    27.7071    6.59099    6.59052         17 0.0000e+00
      27654   1152.190    686.000     3.7742   3.254786     3.7738   3.254693      98.64     0.0169     2.7626     2.4377  33.714294  3.7692370   48.34710  -46.58280    34.8652    34.8646     3.7247     3.7243    27.7074    27.7070    6.58865    6.59010         16 0.0000e+00
      27671   1152.919    687.000     3.7742   3.254831     3.7738   3.254751      98.64     0.0157     2.7620     2.4375  33.715446  3.7701337   48.34710  -46.58280    34.8652    34.8647     3.7247     3.7243    27.7074    27.7070    6.58312    6.59245         19 0.0000e+00
      27693   1153.821    688.000     3.7745   3.254908     3.7741   3.254833      98.63     0.0172     2.7616     2.4370  33.715412  3.7698061   48.34710  -46.58280    34.8654    34.8648     3.7248     3.7245    27.7075    27.7072    6.58798    6.58857         26 0.0000e+00
      27722   1155.046    689.000     3.7764   3.255165     3.7760   3.255092      98.63     0.0165     2.7608     2.4364  33.715759  3.7697175   48.34710  -46.58280    34.8658    34.8653     3.7267     3.7263    27.7077    27.7074    6.58077    6.59101         30 0.0000e+00
      27748   1156.127    690.000     3.7769   3.255260     3.7765   3.255195      98.63     0.0193     2.7602     2.4362  33.712212  3.7699006   48.34710  -46.58280    34.8660    34.8656     3.7270     3.7267    27.7078    27.7075    6.57734    6.59298         22 0.0000e+00
      27768   1156.975    691.000     3.7768   3.255296     3.7764   3.255223      98.63     0.0196     2.7590     2.4361  33.711361  3.7716637   48.34711  -46.58280    34.8659    34.8655     3.7269     3.7265    27.7078    27.7074    6.57606    6.59130         20 0.0000e+00
      27789   1157.814    692.000     3.7771   3.255364     3.7767   3.255292      98.63     0.0145     2.7588     2.4357  33.712513  3.7716727   48.34712  -46.58280    34.8659    34.8655     3.7271     3.7267    27.7078    27.7074    6.58077    6.59108         21 0.0000e+00
      27812   1158.786    693.000     3.7774   3.255451     3.7770   3.255374      84.55     0.0116     2.7583     2.4357  33.713688  3.7716727   48.34712  -46.58281    34.8661    34.8656     3.7274     3.7270    27.7078    27.7075    6.57696    6.59412         26 0.0000e+00
      27841   1160.007    694.000     3.7785   3.255615     3.7780   3.255526      92.01     0.0118     2.7572     2.4352  33.715477  3.7716727   48.34712  -46.58282    34.8664    34.8658     3.7283     3.7279    27.7080    27.7076    6.57554    6.58929         31 0.0000e+00
      27873   1161.316    695.000     3.7788   3.255689     3.7785   3.255620      98.76     0.0163     2.7563     2.4350  33.718838  3.7716727   48.34712  -46.58282    34.8664    34.8659     3.7286     3.7282    27.7080    27.7076    6.57412    6.59429         31 0.0000e+00
      27903   1162.563    696.000     3.7808   3.255959     3.7799   3.255850      98.64     0.0185     2.7559     2.4351  33.721710  3.7716727   48.34714  -46.58282    34.8670    34.8666     3.7304     3.7296    27.7083    27.7080    6.57594    6.59400         28 0.0000e+00
      27927   1163.596    697.000     3.7864   3.256639     3.7860   3.256566      98.63     0.0202     2.7556     2.4350  33.721611  3.7716727   48.34714  -46.58282    34.8686    34.8681     3.7360     3.7356    27.7089    27.7086    6.57114    6.59312         22 0.0000e+00
      27947   1164.408    698.000     3.7865   3.256690     3.7861   3.256622      98.64     0.0178     2.7547     2.4348  33.721611  3.7722235   48.34714  -46.58282    34.8685    34.8681     3.7360     3.7356    27.7089    27.7086    6.57120    6.58612         18 0.0000e+00
      27964   1165.110    699.000     3.7864   3.256725     3.7863   3.256687      98.64     0.0163     2.7548     2.4339  33.721611  3.7759750   48.34714  -46.58282    34.8685    34.8682     3.7358     3.7357    27.7090    27.7087    6.57585    6.58124         16 0.0000e+00
