data/CTD/2014/CNV/d017a029.cnv
* Sea-Bird SBE 9 Data File:
* FileName = C:\CTD_ACQUISITION\2014017HUD\ctddata\017A029.hdr
* Software Version Seasave V 7.22.2
* Temperature SN = 5081
* Conductivity SN = 3561
* Number of Bytes Per Scan = 37
* Number of Voltage Words = 4
* Number of Scans Averaged by the Deck Unit = 1
* NMEA Latitude = 48 48.41 N
* NMEA Longitude = 045 41.69 W
* NMEA UTC (Time) = Jul 07 2014 04:13:45
* NMEA baud rate = 9600
** Ship: Hudson
** Cruise: HUD2014017
** Chief_Scientist: Blair Greenan
** Organization: BIO
** Area_of_Operation: Sackville Spur
** Station: 029
** Sounding:  1758
** Event_Comments: SS_025, 403166
# nquan = 25
# nvalues = 1819                        
# units = specified
# name 0 = scan: Scan Count
# name 1 = timeS: Time, Elapsed [seconds]
# name 2 = prDM: Pressure, Digiquartz [db]
# name 3 = t068C: Temperature [ITS-68, deg C]
# name 4 = c0S/m: Conductivity [S/m]
# name 5 = t168C: Temperature, 2 [ITS-68, deg C]
# name 6 = c1S/m: Conductivity, 2 [S/m]
# name 7 = altM: Altimeter [m]
# name 8 = flC: Fluorescence, Chelsea Aqua 3 Chl Con [ug/l]
# name 9 = sbeox0V: Oxygen raw, SBE 43 [V]
# name 10 = sbeox1V: Oxygen raw, SBE 43, 2 [V]
# name 11 = upoly0: Upoly 0, Optode 4330F - O2 D-Phase
# name 12 = upoly1: Upoly 1, Optode 4330F - O2 Temp
# name 13 = latitude: Latitude [deg]
# name 14 = longitude: Longitude [deg]
# name 15 = sal00: Salinity, Practical [PSU]
# name 16 = sal11: Salinity, Practical, 2 [PSU]
# name 17 = potemp068C: Potential Temperature [ITS-68, deg C]
# name 18 = potemp168C: Potential Temperature, 2 [ITS-68, deg C]
# name 19 = sigma-é00: Density [sigma-theta, Kg/m^3]
# name 20 = sigma-é11: Density, 2 [sigma-theta, Kg/m^3]
# name 21 = sbeox0ML/L: Oxygen, SBE 43 [ml/l], WS = 2
# name 22 = sbeox1ML/L: Oxygen, SBE 43, 2 [ml/l], WS = 2
# name 23 = nbin: number of scans per bin
# name 24 = flag: flag
# span 0 =       5687,      52511       
# span 1 =    236.931,   2187.909       
# span 2 =      1.000,   1819.000       
# span 3 =     2.8016,     8.7629       
# span 4 =   3.103160,   3.582251       
# span 5 =     2.8009,     8.7618       
# span 6 =   3.102940,   3.582204       
# span 7 =       1.29,     102.41       
# span 8 =     0.0034,     0.2782       
# span 9 =     2.3484,     3.6086       
# span 10 =     2.0786,     3.1414      
# span 11 =  30.135391,  35.141972      
# span 12 =  2.9211826,  8.8102322      
# span 13 =   48.80744,   48.81148      
# span 14 =  -45.69448,  -45.69356      
# span 15 =    33.8049,    34.9163      
# span 16 =    33.8041,    34.9156      
# span 17 =     2.7980,     8.7612      
# span 18 =     2.7973,     8.7602      
# span 19 =    26.2233,    27.8210      
# span 20 =    26.2226,    27.8207      
# span 21 =    6.26489,    7.97927      
# span 22 =    6.24680,    7.99071      
# span 23 =          3,         92      
# span 24 = 0.0000e+00, 0.0000e+00      
# interval = decibars: 1                
# start_time = Jul 07 2014 04:13:45 [NMEA time, header]
# bad_flag = -9.990e-29
*END*
[from data line 522]
      21016    875.642    523.000     3.6727   3.236923     3.6724   3.236832      98.64     0.0169     2.8302     2.5011  33.516483  3.6642246   48.80900  -45.69380    34.8462    34.8455     3.6361     3.6358    27.7012    27.7007    6.65513    6.68555         28 0.0000e+00
      21042    876.728    524.000     3.6734   3.237043     3.6730   3.236960      98.63     0.0156     2.8290     2.5012  33.516483  3.6642246   48.80900  -45.69380    34.8464    34.8458     3.6367     3.6363    27.7013    27.7009    6.64994    6.69217         24 0.0000e+00
      21066    877.694    525.000     3.6769   3.237470     3.6765   3.237397      98.64     0.0148     2.8282     2.5010  33.519836  3.6642246   48.80900  -45.69380    34.8472    34.8468     3.6401     3.6397    27.7016    27.7013    6.65198    6.69031         22 0.0000e+00
      21087    878.582    526.000     3.6790   3.237735     3.6786   3.237651      98.64     0.0181     2.8275     2.5009  33.530426  3.6642246   48.80900  -45.69380    34.8476    34.8471     3.6421     3.6417    27.7017    27.7013    6.65549    6.68763         21 0.0000e+00
      21108    879.444    527.000     3.6801   3.237912     3.6798   3.237830      98.64     0.0198     2.8276     2.5003  33.530437  3.6642246   48.80900  -45.69381    34.8481    34.8475     3.6432     3.6428    27.7020    27.7015    6.65699    6.67518         21 0.0000e+00
      21129    880.345    528.000     3.6799   3.237954     3.6796   3.237861      98.64     0.0168     2.8264     2.4985  33.531128  3.6673017   48.80902  -45.69382    34.8483    34.8475     3.6428     3.6425    27.7022    27.7016    6.64717    6.66874         22 0.0000e+00
      21153    881.331    529.000     3.6800   3.238017     3.6796   3.237919      98.64     0.0122     2.8261     2.4979  33.531136  3.6685200   48.80902  -45.69382    34.8483    34.8476     3.6429     3.6425    27.7022    27.7017    6.65207    6.68029         25 0.0000e+00
      21178    882.359    530.000     3.6808   3.238142     3.6803   3.238040      98.64     0.0159     2.8252     2.4977  33.542797  3.6723847   48.80902  -45.69384    34.8485    34.8478     3.6436     3.6431    27.7023    27.7018    6.64552    6.68257         24 0.0000e+00
      21201    883.341    531.000     3.6813   3.238244     3.6809   3.238150      98.64     0.0159     2.8243     2.4975  33.545170  3.6740050   48.80902  -45.69384    34.8486    34.8479     3.6440     3.6437    27.7023    27.7018    6.64442    6.67761         23 0.0000e+00
      21223    884.251    532.000     3.6822   3.238385     3.6817   3.238285      98.63     0.0169     2.8235     2.4966  33.533215  3.6739926   48.80902  -45.69384    34.8488    34.8482     3.6449     3.6444    27.7024    27.7019    6.64724    6.66957         21 0.0000e+00
      21244    885.119    533.000     3.6832   3.238540     3.6827   3.238441      98.64     0.0191     2.8233     2.4957  33.531151  3.6739926   48.80902  -45.69384    34.8491    34.8484     3.6458     3.6453    27.7025    27.7021    6.64961    6.66923         21 0.0000e+00
      21266    886.023    534.000     3.6840   3.238672     3.6834   3.238572      39.69     0.0170     2.8233     2.4949  33.539246  3.6739926   48.80902  -45.69384    34.8493    34.8487     3.6464     3.6459    27.7027    27.7022    6.65139    6.66845         23 0.0000e+00
      21292    887.117    535.000     3.6843   3.238756     3.6840   3.238665      91.06     0.0131     2.8228     2.4941  33.544193  3.6739926   48.80902  -45.69384    34.8495    34.8487     3.6467     3.6464    27.7027    27.7022    6.65293    6.66345         30 0.0000e+00
      21324    888.456    536.000     3.6843   3.238810     3.6841   3.238727      98.73     0.0150     2.8228     2.4926  33.533165  3.6739926   48.80902  -45.69384    34.8495    34.8488     3.6467     3.6464    27.7028    27.7022    6.64705    6.66294         31 0.0000e+00
      21350    889.548    537.000     3.6842   3.238849     3.6839   3.238761      98.32     0.0169     2.8219     2.4921  33.533806  3.6739926   48.80902  -45.69384    34.8495    34.8489     3.6465     3.6462    27.7028    27.7023    6.64806    6.66792         22 0.0000e+00
      21370    890.357    538.000     3.6843   3.238899     3.6839   3.238808      79.91     0.0180     2.8219     2.4920  33.545822  3.6739926   48.80902  -45.69384    34.8496    34.8489     3.6465     3.6461    27.7028    27.7023    6.64970    6.67065         18 0.0000e+00
      21388    891.110    539.000     3.6840   3.238911     3.6837   3.238818      83.69     0.0185     2.8216     2.4920  33.545788  3.6739926   48.80904  -45.69384    34.8495    34.8487     3.6461     3.6474    27.7028    27.7022    6.64543    6.67027         19 0.0000e+00
      21411    892.085    540.000     3.6838   3.238920     3.6832   3.238805      97.20     0.0153     2.8210     2.4919  33.548271  3.6739926   48.80904  -45.69384    34.8493    34.8485     3.6458     3.6454    27.7027    27.7021    6.64929    6.67283         32 0.0000e+00
      21463    894.235    541.000     3.6832   3.238904     3.6827   3.238780      98.64     0.0192     2.8203     2.4919  33.552662  3.6739926   48.80904  -45.69384    34.8492    34.8482     3.6451     3.6455    27.7027    27.7019    6.64707    6.67188         48 0.0000e+00
      21488    895.304    542.000     3.6827   3.238899     3.6819   3.238756      98.51     0.0135     2.8201     2.4916  33.555164  3.6739926   48.80904  -45.69384    34.8492    34.8483     3.6446     3.6438    27.7027    27.7021    6.64814    6.67254         19 0.0000e+00
      21505    895.979    543.000     3.6813   3.238821     3.6811   3.238745      98.60     0.0107     2.8198     2.4918  33.558590  3.6793568   48.80904  -45.69384    34.8491    34.8485     3.6431     3.6429    27.7028    27.7023    6.64982    6.67388         15 0.0000e+00
      21518    896.559    544.000     3.6810   3.238841     3.6807   3.238764      80.77     0.0130     2.8198     2.4915  33.560497  3.6831224   48.80904  -45.69384    34.8491    34.8485     3.6428     3.6425    27.7029    27.7024    6.64694    6.67541         13 0.0000e+00
      21531    897.091    545.000     3.6802   3.238806     3.6799   3.238724      58.49     0.0143     2.8198     2.4916  33.560440  3.6837721   48.80904  -45.69384    34.8491    34.8484     3.6419     3.6416    27.7029    27.7024    6.64494    6.68026         13 0.0000e+00
      21544    897.613    546.000     3.6799   3.238822     3.6796   3.238742      92.50     0.0156     2.8183     2.4919  33.560440  3.6837606   48.80904  -45.69384    34.8490    34.8484     3.6415     3.6412    27.7029    27.7025    6.64473    6.68063         13 0.0000e+00
      21557    898.176    547.000     3.6797   3.238844     3.6793   3.238757      98.53     0.0163     2.8190     2.4919  33.561466  3.6748755   48.80906  -45.69384    34.8490    34.8483     3.6413     3.6409    27.7029    27.7024    6.65342    6.67309         14 0.0000e+00
      21576    898.975    548.000     3.6798   3.238893     3.6794   3.238799      98.63     0.0166     2.8184     2.4910  33.560520  3.6740472   48.80906  -45.69384    34.8490    34.8483     3.6412     3.6409    27.7029    27.7024    6.64391    6.66937         27 0.0000e+00
      21622    900.872    549.000     3.6799   3.238945     3.6796   3.238854      98.44     0.0158     2.8175     2.4905  33.574272  3.6736002   48.80906  -45.69384    34.8489    34.8482     3.6413     3.6410    27.7028    27.7023    6.64695    6.67462         54 0.0000e+00
      21664    902.607    550.000     3.6798   3.238983     3.6796   3.238905      98.64     0.0184     2.8167     2.4894  33.575539  3.6739972   48.80906  -45.69384    34.8489    34.8483     3.6411     3.6409    27.7029    27.7024    6.64288    6.65671         35 0.0000e+00
      21694    903.884    551.000     3.6796   3.239019     3.6793   3.238924      98.64     0.0179     2.8159     2.4874  33.582005  3.6739926   48.80906  -45.69384    34.8490    34.8483     3.6409     3.6405    27.7030    27.7024    6.63940    6.65528         26 0.0000e+00
      21718    904.872    552.000     3.6793   3.239020     3.6787   3.238912      98.63     0.0178     2.8152     2.4866  33.589886  3.6739926   48.80906  -45.69384    34.8489    34.8482     3.6404     3.6399    27.7029    27.7024    6.64291    6.65226         22 0.0000e+00
      21738    905.692    553.000     3.6787   3.239018     3.6784   3.238937      98.64     0.0178     2.8149     2.4852  33.587292  3.6739926   48.80907  -45.69384    34.8489    34.8483     3.6398     3.6395    27.7030    27.7025    6.63815    6.64058         18 0.0000e+00
      21755    906.435    554.000     3.6789   3.239076     3.6785   3.238998      98.64     0.0193     2.8143     2.4837  33.575142  3.6739926   48.80908  -45.69384    34.8489    34.8483     3.6399     3.6396    27.7030    27.7026    6.63956    6.64373         18 0.0000e+00
      21774    907.203    555.000     3.6806   3.239308     3.6799   3.239188      98.42     0.0187     2.8141     2.4833  33.575092  3.6739926   48.80908  -45.69386    34.8493    34.8487     3.6415     3.6408    27.7031    27.7027    6.64094    6.65206         19 0.0000e+00
      21795    908.063    556.000     3.6836   3.239660     3.6828   3.239557      98.19     0.0185     2.8138     2.4832  33.584427  3.6735482   48.80908  -45.69386    34.8498    34.8494     3.6444     3.6437    27.7033    27.7030    6.64101    6.65792         22 0.0000e+00
      21818    909.026    557.000     3.6861   3.239965     3.6856   3.239887      98.64     0.0183     2.8128     2.4835  33.589771  3.6739950   48.80908  -45.69386    34.8503    34.8498     3.6468     3.6464    27.7034    27.7031    6.63310    6.66351         24 0.0000e+00
      21841    910.007    558.000     3.6877   3.240186     3.6874   3.240112      98.64     0.0171     2.8127     2.4840  33.586536  3.6739926   48.80908  -45.69386    34.8507    34.8501     3.6484     3.6481    27.7035    27.7031    6.63747    6.66845         23 0.0000e+00
      21863    910.936    559.000     3.6886   3.240321     3.6882   3.240237      98.64     0.0143     2.8113     2.4846  33.584824  3.6739926   48.80908  -45.69386    34.8508    34.8502     3.6492     3.6504    27.7036    27.7031    6.63231    6.66455         21 0.0000e+00
      21884    911.773    560.000     3.6897   3.240488     3.6892   3.240395      98.64     0.0129     2.8119     2.4841  33.587502  3.6739926   48.80908  -45.69386    34.8511    34.8505     3.6502     3.6497    27.7037    27.7033    6.63685    6.65770         19 0.0000e+00
      21902    912.546    561.000     3.6912   3.240699     3.6906   3.240608      98.64     0.0130     2.8107     2.4841  33.589760  3.6745098   48.80908  -45.69386    34.8515    34.8511     3.6516     3.6510    27.7038    27.7036    6.62920    6.65568         19 0.0000e+00
      21921    913.347    562.000     3.6952   3.241175     3.6946   3.241083      98.64     0.0153     2.8101     2.4833  33.589745  3.6740098   48.80910  -45.69386    34.8524    34.8519     3.6556     3.6550    27.7042    27.7038    6.63003    6.65461         21 0.0000e+00
      21950    914.554    563.000     3.6960   3.241314     3.6956   3.241209      90.08     0.0170     2.8095     2.4832  33.589745  3.6800165   48.80910  -45.69386    34.8526    34.8519     3.6563     3.6558    27.7043    27.7038    6.63132    6.66093         43 0.0000e+00
      22003    916.770    564.000     3.6950   3.241250     3.6948   3.241174      94.13     0.0203     2.8086     2.4832  33.589745  3.6839445   48.80908  -45.69384    34.8524    34.8517     3.6552     3.6550    27.7042    27.7037    6.63300    6.65614         43 0.0000e+00
      22030    917.886    565.000     3.6950   3.241325     3.6943   3.241206      98.84     0.0135     2.8088     2.4822  33.589745  3.6861863   48.80908  -45.69385    34.8528    34.8521     3.6551     3.6545    27.7046    27.7040    6.63529    6.64903         21 0.0000e+00
      22048    918.628    566.000     3.6921   3.241093     3.6921   3.241011      98.64     0.0154     2.8080     2.4816  33.589745  3.6912525   48.80909  -45.69386    34.8526    34.8515     3.6522     3.6522    27.7047    27.7038    6.63254    6.65272         17 0.0000e+00
      22064    919.278    567.000     3.6896   3.240892     3.6896   3.240818      98.64     0.0183     2.8088     2.4814  33.589745  3.6909301   48.80910  -45.69386    34.8523    34.8515     3.6496     3.6496    27.7047    27.7040    6.63486    6.65755         15 0.0000e+00
      22079    919.911    568.000     3.6893   3.240895     3.6889   3.240805      98.64     0.0183     2.8075     2.4813  33.589745  3.6876972   48.80910  -45.69384    34.8522    34.8515     3.6492     3.6488    27.7046    27.7041    6.63223    6.66150         15 0.0000e+00
      22095    920.594    569.000     3.6891   3.240932     3.6887   3.240825      98.64     0.0161     2.8079     2.4817  33.589745  3.6838191   48.80910  -45.69384    34.8522    34.8514     3.6490     3.6485    27.7047    27.7041    6.63489    6.65934         18 0.0000e+00
      22115    921.401    570.000     3.6877   3.240844     3.6875   3.240747      98.63     0.0157     2.8073     2.4809  33.589745  3.6837606   48.80910  -45.69384    34.8520    34.8512     3.6475     3.6473    27.7047    27.7040    6.63300    6.65345         21 0.0000e+00
      22138    922.383    571.000     3.6868   3.240781     3.6863   3.240684      97.65     0.0166     2.8070     2.4807  33.601982  3.6837606   48.80910  -45.69384    34.8519    34.8512     3.6465     3.6460    27.7047    27.7042    6.62899    6.66099         26 0.0000e+00
      22166    923.546    572.000     3.6865   3.240802     3.6862   3.240717      54.93     0.0182     2.8060     2.4809  33.604366  3.6831186   48.80910  -45.69384    34.8519    34.8512     3.6461     3.6459    27.7047    27.7042    6.63103    6.66327         30 0.0000e+00
      22196    924.796    573.000     3.6863   3.240819     3.6858   3.240722      98.78     0.0159     2.8057     2.4806  33.604397  3.6830869   48.80910  -45.69384    34.8518    34.8511     3.6458     3.6466    27.7047    27.7042    6.63472    6.65331         29 0.0000e+00
      22225    926.012    574.000     3.6861   3.240860     3.6858   3.240771      94.61     0.0175     2.8054     2.4791  33.604397  3.6810455   48.80910  -45.69384    34.8519    34.8512     3.6456     3.6453    27.7048    27.7043    6.62967    6.64470         29 0.0000e+00
      22252    927.140    575.000     3.6862   3.240918     3.6858   3.240832      98.46     0.0204     2.8049     2.4781  33.604397  3.6806293   48.80912  -45.69384    34.8520    34.8513     3.6456     3.6453    27.7048    27.7044    6.63139    6.64726         25 0.0000e+00
      22275    928.097    576.000     3.6864   3.240988     3.6860   3.240911      98.64     0.0247     2.8041     2.4775  33.606380  3.6771278   48.80912  -45.69384    34.8521    34.8516     3.6457     3.6453    27.7049    27.7045    6.62712    6.65003         22 0.0000e+00
      22297    928.989    577.000     3.6877   3.241200     3.6874   3.241118      98.64     0.0205     2.8040     2.4774  33.606487  3.6790848   48.80912  -45.69384    34.8526    34.8521     3.6470     3.6466    27.7052    27.7048    6.62964    6.64939         21 0.0000e+00
      22319    929.931    578.000     3.6883   3.241299     3.6880   3.241217      98.64     0.0200     2.8033     2.4765  33.606232  3.6776652   48.80912  -45.69384    34.8527    34.8521     3.6475     3.6471    27.7052    27.7048    6.63079    6.64487         24 0.0000e+00
      22345    930.989    579.000     3.6891   3.241437     3.6888   3.241350      98.64     0.0210     2.8036     2.4765  33.609501  3.6785090   48.80912  -45.69384    34.8529    34.8523     3.6482     3.6479    27.7053    27.7049    6.63602    6.65826         26 0.0000e+00
