data/CTD/2014/CNV/d017a038.cnv
* Sea-Bird SBE 9 Data File:
* FileName = C:\CTD_ACQUISITION\2014017HUD\ctddata\017A038.hdr
* Software Version Seasave V 7.22.2
* Temperature SN = 5081
* Conductivity SN = 3561
* Number of Bytes Per Scan = 37
* Number of Voltage Words = 4
* Number of Scans Averaged by the Deck Unit = 1
* NMEA Latitude = 48 18.52 N
* NMEA Longitude = 046 32.68 W
* NMEA UTC (Time) = Jul 10 2014 00:23:02
* NMEA baud rate = 9600
** Ship: Hudson
** Cruise: HUD2014017
** Chief_Scientist: Blair Greenan
** Organization: BIO
** Area_of_Operation: Sackville Spur
** Station: 038
** Sounding:  1034
** Event_Comments: SS_11, 403223
# nquan = 25
# nvalues = 1050                        
# units = specified
# name 0 = scan: Scan Count
# name 1 = timeS: Time, Elapsed [seconds]
# name 2 = prDM: Pressure, Digiquartz [db]
# name 3 = t068C: Temperature [ITS-68, deg C]
# name 4 = c0S/m: Conductivity [S/m]
# name 5 = t168C: Temperature, 2 [ITS-68, deg C]
# name 6 = c1S/m: Conductivity, 2 [S/m]
# name 7 = altM: Altimeter [m]
# name 8 = flC: Fluorescence, Chelsea Aqua 3 Chl Con [ug/l]
# name 9 = sbeox0V: Oxygen raw, SBE 43 [V]
# name 10 = sbeox1V: Oxygen raw, SBE 43, 2 [V]
# name 11 = upoly0: Upoly 0, Optode 4330F - O2 D-Phase
# name 12 = upoly1: Upoly 1, Optode 4330F - O2 Temp
# name 13 = latitude: Latitude [deg]
# name 14 = longitude: Longitude [deg]
# name 15 = sal00: Salinity, Practical [PSU]
# name 16 = sal11: Salinity, Practical, 2 [PSU]
# name 17 = potemp068C: Potential Temperature [ITS-68, deg C]
# name 18 = potemp168C: Potential Temperature, 2 [ITS-68, deg C]
# name 19 = sigma-é00: Density [sigma-theta, Kg/m^3]
# name 20 = sigma-é11: Density, 2 [sigma-theta, Kg/m^3]
# name 21 = sbeox0ML/L: Oxygen, SBE 43 [ml/l], WS = 2
# name 22 = sbeox1ML/L: Oxygen, SBE 43, 2 [ml/l], WS = 2
# name 23 = nbin: number of scans per bin
# name 24 = flag: flag
# span 0 =       6500,      35622       
# span 1 =    270.781,   1484.216       
# span 2 =      1.000,   1050.000       
# span 3 =    -1.2425,     7.7889       
# span 4 =   2.664490,   3.392440       
# span 5 =    -1.2391,     7.7890       
# span 6 =   2.664633,   3.392404       
# span 7 =       3.60,     126.19       
# span 8 =     0.0087,     0.0893       
# span 9 =     2.5882,     3.5765       
# span 10 =     2.2849,     3.0623      
# span 11 =  30.424816,  34.455383      
# span 12 = -0.9912657,  7.8273149      
# span 13 =   48.30790,   48.30950      
# span 14 =  -46.54275,  -46.53866      
# span 15 =    32.7494,    34.8942      
# span 16 =    32.7269,    34.8937      
# span 17 =    -1.2433,     7.7886      
# span 18 =    -1.2398,     7.7888      
# span 19 =    25.5377,    27.7396      
# span 20 =    25.5372,    27.7393      
# span 21 =    6.37372,    8.82626      
# span 22 =    6.36624,    8.72119      
# span 23 =         13,         88      
# span 24 = 0.0000e+00, 0.0000e+00      
# interval = decibars: 1                
# start_time = Jul 10 2014 00:23:02 [NMEA time, header]
# bad_flag = -9.990e-29
*END*
[from data line 928]
      30913   1288.014    929.000     3.7071   3.261784     3.7067   3.261699      98.48     0.0222     2.6254     2.3182  34.257729  3.7041779   48.30838  -46.53888    34.8931    34.8925     3.6388     3.6384    27.7383    27.7379    6.39894    6.39493         22 0.0000e+00
      30938   1289.053    930.000     3.7073   3.261834     3.7068   3.261757      81.18     0.0173     2.6253     2.3183  34.267311  3.7033045   48.30838  -46.53888    34.8931    34.8926     3.6389     3.6384    27.7383    27.7379    6.39706    6.39357         28 0.0000e+00
      30967   1290.258    931.000     3.7073   3.261883     3.7069   3.261806      99.07     0.0179     2.6250     2.3178  34.258820  3.7032967   48.30838  -46.53888    34.8931    34.8926     3.6388     3.6385    27.7383    27.7379    6.39188    6.38818         28 0.0000e+00
      30991   1291.255    932.000     3.7073   3.261930     3.7069   3.261852      98.63     0.0200     2.6239     2.3176  34.249733  3.7028291   48.30838  -46.53890    34.8931    34.8927     3.6388     3.6383    27.7383    27.7380    6.39316    6.39329         21 0.0000e+00
      31010   1292.047    933.000     3.7072   3.261977     3.7068   3.261895      73.08     0.0181     2.6241     2.3173  34.249897  3.7032878   48.30838  -46.53890    34.8932    34.8927     3.6386     3.6382    27.7384    27.7380    6.39974    6.39360         18 0.0000e+00
      31028   1292.801    934.000     3.7071   3.262004     3.7065   3.261920      96.28     0.0150     2.6238     2.3174  34.249897  3.7032967   48.30838  -46.53890    34.8932    34.8928     3.6384     3.6378    27.7384    27.7382    6.39614    6.39167         18 0.0000e+00
      31049   1293.663    935.000     3.7068   3.262034     3.7064   3.261949      97.44     0.0137     2.6238     2.3167  34.250889  3.7032967   48.30838  -46.53890    34.8933    34.8928     3.6380     3.6376    27.7386    27.7381    6.39849    6.38417         24 0.0000e+00
      31086   1295.195    936.000     3.7069   3.262078     3.7066   3.262002      61.54     0.0180     2.6238     2.3162  34.256439  3.7022738   48.30838  -46.53890    34.8932    34.8926     3.6381     3.6377    27.7385    27.7380    6.40216    6.39169         48 0.0000e+00
      31123   1296.755    937.000     3.7071   3.262145     3.7067   3.262059      99.78     0.0153     2.6238     2.3158  34.265171  3.7033281   48.30838  -46.53890    34.8933    34.8927     3.6382     3.6378    27.7385    27.7381    6.40045    6.38463         25 0.0000e+00
      31144   1297.618    938.000     3.7072   3.262197     3.7068   3.262116      90.05     0.0178     2.6237     2.3152  34.259155  3.7032967   48.30838  -46.53890    34.8933    34.8928     3.6382     3.6377    27.7385    27.7382    6.39529    6.39050         19 0.0000e+00
      31162   1298.365    939.000     3.7072   3.262244     3.7068   3.262166      76.57     0.0191     2.6229     2.3155  34.265373  3.7032967   48.30838  -46.53890    34.8934    34.8929     3.6381     3.6377    27.7386    27.7382    6.39043    6.39982         17 0.0000e+00
      31179   1299.063    940.000     3.7072   3.262283     3.7068   3.262211      98.64     0.0165     2.6223     2.3161  34.267399  3.7032967   48.30838  -46.53890    34.8933    34.8929     3.6380     3.6376    27.7386    27.7382    6.39653    6.40300         16 0.0000e+00
      31196   1299.777    941.000     3.7072   3.262330     3.7068   3.262255      98.63     0.0171     2.6225     2.3162  34.268631  3.7032967   48.30838  -46.53890    34.8933    34.8929     3.6379     3.6375    27.7386    27.7382    6.40318    6.40179         18 0.0000e+00
      31216   1300.606    942.000     3.7073   3.262378     3.7069   3.262302      89.23     0.0197     2.6224     2.3165  34.264465  3.7028813   48.30838  -46.53890    34.8933    34.8928     3.6379     3.6376    27.7385    27.7382    6.39343    6.39952         23 0.0000e+00
      31245   1301.847    943.000     3.7074   3.262423     3.7071   3.262356      90.43     0.0209     2.6218     2.3164  34.261993  3.7030368   48.30837  -46.53890    34.8932    34.8927     3.6380     3.6377    27.7384    27.7381    6.39991    6.40025         39 0.0000e+00
      31287   1303.580    944.000     3.7075   3.262484     3.7071   3.262397      89.35     0.0192     2.6214     2.3166  34.270355  3.7018688   48.30836  -46.53890    34.8933    34.8927     3.6380     3.6376    27.7385    27.7381    6.39428    6.40161         36 0.0000e+00
      31315   1304.766    945.000     3.7077   3.262542     3.7073   3.262465      80.49     0.0134     2.6211     2.3163  34.272354  3.7037549   48.30836  -46.53890    34.8933    34.8928     3.6381     3.6377    27.7385    27.7381    6.39735    6.39727         24 0.0000e+00
      31336   1305.638    946.000     3.7078   3.262596     3.7074   3.262514      73.24     0.0161     2.6205     2.3162  34.269871  3.7032907   48.30836  -46.53890    34.8933    34.8927     3.6381     3.6377    27.7385    27.7381    6.38790    6.40069         19 0.0000e+00
      31355   1306.399    947.000     3.7079   3.262650     3.7074   3.262567      98.74     0.0142     2.6199     2.3161  34.269432  3.7032967   48.30836  -46.53890    34.8933    34.8928     3.6381     3.6377    27.7386    27.7382    6.39105    6.39666         18 0.0000e+00
      31372   1307.142    948.000     3.7079   3.262692     3.7075   3.262618      67.56     0.0143     2.6197     2.3156  34.271053  3.7032967   48.30836  -46.53890    34.8933    34.8929     3.6381     3.6376    27.7385    27.7382    6.39209    6.39164         18 0.0000e+00
      31392   1307.969    949.000     3.7080   3.262742     3.7076   3.262669      98.35     0.0140     2.6189     2.3151  34.269089  3.7032967   48.30836  -46.53890    34.8933    34.8928     3.6380     3.6377    27.7385    27.7382    6.39378    6.39495         22 0.0000e+00
      31420   1309.105    950.000     3.7080   3.262788     3.7076   3.262705      98.64     0.0128     2.6193     2.3150  34.272991  3.7032967   48.30836  -46.53890    34.8933    34.8927     3.6380     3.6376    27.7385    27.7381    6.39948    6.40038         33 0.0000e+00
      31451   1310.438    951.000     3.7080   3.262831     3.7074   3.262738      77.53     0.0163     2.6189     2.3148  34.272617  3.7032967   48.30836  -46.53890    34.8933    34.8928     3.6379     3.6373    27.7386    27.7382    6.39502    6.39636         28 0.0000e+00
      31475   1311.413    952.000     3.7078   3.262873     3.7074   3.262791      98.57     0.0175     2.6189     2.3145  34.268635  3.7032967   48.30836  -46.53890    34.8935    34.8929     3.6377     3.6373    27.7387    27.7383    6.39738    6.40080         21 0.0000e+00
      31495   1312.267    953.000     3.7079   3.262919     3.7075   3.262841      98.63     0.0138     2.6184     2.3149  34.269299  3.7032967   48.30834  -46.53890    34.8934    34.8929     3.6376     3.6372    27.7387    27.7383    6.39230    6.40579         21 0.0000e+00
      31519   1313.232    954.000     3.7080   3.262968     3.7076   3.262891      47.23     0.0173     2.6182     2.3147  34.273159  3.7032967   48.30834  -46.53890    34.8934    34.8928     3.6377     3.6373    27.7386    27.7382    6.40009    6.39583         26 0.0000e+00
      31551   1314.603    955.000     3.7081   3.263016     3.7078   3.262944      99.43     0.0185     2.6184     2.3141  34.272034  3.7032967   48.30834  -46.53890    34.8933    34.8928     3.6377     3.6374    27.7385    27.7382    6.39541    6.39876         37 0.0000e+00
      31583   1315.912    956.000     3.7082   3.263076     3.7077   3.262987      77.65     0.0208     2.6173     2.3141  34.270733  3.7028947   48.30834  -46.53890    34.8934    34.8928     3.6377     3.6373    27.7387    27.7382    6.39036    6.40086         25 0.0000e+00
      31605   1316.834    957.000     3.7083   3.263123     3.7078   3.263036      94.63     0.0214     2.6167     2.3138  34.269318  3.7032971   48.30834  -46.53890    34.8934    34.8929     3.6377     3.6372    27.7386    27.7383    6.38351    6.39463         21 0.0000e+00
      31625   1317.647    958.000     3.7084   3.263186     3.7080   3.263099      98.64     0.0180     2.6161     2.3132  34.271881  3.7032967   48.30834  -46.53890    34.8935    34.8929     3.6377     3.6373    27.7387    27.7383    6.38147    6.38882         18 0.0000e+00
      31643   1318.419    959.000     3.7085   3.263230     3.7081   3.263155      98.64     0.0178     2.6146     2.3123  34.274540  3.7032967   48.30834  -46.53890    34.8934    34.8929     3.6378     3.6374    27.7386    27.7383    6.38210    6.37923         19 0.0000e+00
      31662   1319.212    960.000     3.7086   3.263280     3.7082   3.263200      68.99     0.0173     2.6146     2.3110  34.278305  3.7032967   48.30834  -46.53890    34.8934    34.8928     3.6378     3.6374    27.7386    27.7382    6.38796    6.37788         20 0.0000e+00
      31685   1320.152    961.000     3.7086   3.263331     3.7083   3.263252      97.52     0.0149     2.6141     2.3103  34.272419  3.7032967   48.30834  -46.53890    34.8934    34.8929     3.6377     3.6374    27.7387    27.7382    6.38869    6.39043         26 0.0000e+00
      31717   1321.502    962.000     3.7087   3.263372     3.7083   3.263296      88.16     0.0193     2.6145     2.3107  34.268970  3.7035730   48.30834  -46.53890    34.8933    34.8928     3.6377     3.6374    27.7386    27.7382    6.39767    6.39936         36 0.0000e+00
      31747   1322.761    963.000     3.7088   3.263426     3.7084   3.263344      88.37     0.0196     2.6144     2.3112  34.269863  3.7037072   48.30833  -46.53890    34.8934    34.8928     3.6377     3.6373    27.7386    27.7382    6.39387    6.39719         24 0.0000e+00
      31770   1323.704    964.000     3.7087   3.263469     3.7084   3.263398      67.29     0.0161     2.6144     2.3107  34.270405  3.7032897   48.30832  -46.53890    34.8935    34.8929     3.6375     3.6373    27.7387    27.7383    6.38464    6.39232         22 0.0000e+00
      31792   1324.645    965.000     3.7088   3.263513     3.7085   3.263435      77.44     0.0138     2.6133     2.3106  34.270187  3.7032967   48.30832  -46.53890    34.8934    34.8928     3.6375     3.6372    27.7386    27.7382    6.38947    6.39490         25 0.0000e+00
      31820   1325.777    966.000     3.7088   3.263566     3.7084   3.263482      88.44     0.0125     2.6132     2.3107  34.269806  3.7032967   48.30832  -46.53890    34.8934    34.8928     3.6375     3.6371    27.7387    27.7383    6.38902    6.39902         29 0.0000e+00
      31849   1327.015    967.000     3.7087   3.263591     3.7083   3.263524      98.94     0.0121     2.6123     2.3104  34.278111  3.7032967   48.30832  -46.53889    34.8934    34.8930     3.6373     3.6369    27.7387    27.7384    6.38255    6.39653         28 0.0000e+00
      31876   1328.112    968.000     3.7085   3.263636     3.7082   3.263557      73.84     0.0134     2.6123     2.3105  34.278393  3.7032967   48.30832  -46.53888    34.8935    34.8930     3.6371     3.6367    27.7388    27.7384    6.39545    6.40000         26 0.0000e+00
      31901   1329.171    969.000     3.7085   3.263678     3.7081   3.263603      98.73     0.0200     2.6121     2.3105  34.278389  3.7032967   48.30830  -46.53888    34.8936    34.8931     3.6369     3.6366    27.7389    27.7385    6.39055    6.39602         25 0.0000e+00
      31925   1330.172    970.000     3.7085   3.263725     3.7081   3.263651      98.63     0.0151     2.6124     2.3100  34.275188  3.7032967   48.30830  -46.53888    34.8936    34.8931     3.6369     3.6365    27.7389    27.7385    6.39294    6.39372         23 0.0000e+00
      31947   1331.099    971.000     3.7086   3.263779     3.7083   3.263706      55.33     0.0112     2.6115     2.3097  34.270424  3.7032967   48.30830  -46.53888    34.8936    34.8931     3.6369     3.6366    27.7389    27.7385    6.38193    6.39652         22 0.0000e+00
      31970   1332.054    972.000     3.7087   3.263818     3.7084   3.263755      49.89     0.0094     2.6110     2.3096  34.272873  3.7032967   48.30830  -46.53888    34.8935    34.8930     3.6369     3.6366    27.7388    27.7384    6.38398    6.39287         24 0.0000e+00
      31998   1333.201    973.000     3.7089   3.263878     3.7085   3.263796      97.70     0.0117     2.6101     2.3090  34.283985  3.7032967   48.30830  -46.53888    34.8935    34.8930     3.6370     3.6366    27.7388    27.7384    6.38518    6.39559         31 0.0000e+00
      32028   1334.464    974.000     3.7090   3.263938     3.7086   3.263859      66.83     0.0133     2.6099     2.3089  34.279335  3.7032967   48.30830  -46.53888    34.8935    34.8931     3.6371     3.6366    27.7388    27.7385    6.38765    6.39586         28 0.0000e+00
      32055   1335.567    975.000     3.7091   3.263985     3.7087   3.263909      97.52     0.0170     2.6098     2.3084  34.277817  3.7032967   48.30829  -46.53888    34.8935    34.8931     3.6371     3.6366    27.7388    27.7385    6.39064    6.38882         26 0.0000e+00
      32079   1336.601    976.000     3.7090   3.264021     3.7087   3.263959      86.17     0.0213     2.6097     2.3076  34.278378  3.7032967   48.30828  -46.53888    34.8935    34.8931     3.6369     3.6366    27.7388    27.7385    6.38967    6.38503         25 0.0000e+00
      32106   1337.711    977.000     3.7087   3.264050     3.7084   3.263981      85.91     0.0169     2.6095     2.3068  34.278904  3.7032967   48.30828  -46.53888    34.8936    34.8932     3.6365     3.6362    27.7389    27.7386    6.39048    6.38862         28 0.0000e+00
      32137   1338.989    978.000     3.7088   3.264105     3.7084   3.264020      98.74     0.0193     2.6091     2.3067  34.288540  3.7032967   48.30828  -46.53887    34.8937    34.8931     3.6365     3.6361    27.7390    27.7386    6.38268    6.39309         32 0.0000e+00
      32166   1340.212    979.000     3.7093   3.264180     3.7088   3.264091      71.72     0.0260     2.6083     2.3067  34.291409  3.7032967   48.30828  -46.53886    34.8936    34.8931     3.6369     3.6386    27.7389    27.7385    6.38480    6.39366         26 0.0000e+00
      32190   1341.214    980.000     3.7081   3.264144     3.7076   3.264059      98.76     0.0219     2.6083     2.3064  34.297531  3.7032967   48.30828  -46.53886    34.8939    34.8934     3.6357     3.6352    27.7392    27.7389    6.38987    6.38824         23 0.0000e+00
      32212   1342.146    981.000     3.7076   3.264147     3.7070   3.264066      73.70     0.0207     2.6080     2.3058  34.299992  3.7032967   48.30827  -46.53886    34.8940    34.8936     3.6350     3.6345    27.7393    27.7391    6.39119    6.38345         23 0.0000e+00
      32237   1343.159    982.000     3.7075   3.264188     3.7071   3.264105      62.15     0.0211     2.6084     2.3050  34.299812  3.7032967   48.30826  -46.53886    34.8940    34.8935     3.6349     3.6345    27.7394    27.7390    6.38751    6.37922         26 0.0000e+00
      32267   1344.416    983.000     3.7078   3.264250     3.7074   3.264169      98.01     0.0193     2.6074     2.3036  34.299088  3.7032967   48.30826  -46.53886    34.8940    34.8934     3.6351     3.6347    27.7394    27.7389    6.38799    6.37160         34 0.0000e+00
      32300   1345.804    984.000     3.7080   3.264313     3.7076   3.264230      77.59     0.0170     2.6075     2.3023  34.297279  3.7032967   48.30826  -46.53886    34.8940    34.8934     3.6352     3.6348    27.7394    27.7389    6.38439    6.37789         31 0.0000e+00
      32330   1347.023    985.000     3.7080   3.264352     3.7076   3.264277      96.69     0.0158     2.6062     2.3025  34.277477  3.7032967   48.30826  -46.53886    34.8939    34.8934     3.6351     3.6347    27.7393    27.7390    6.38502    6.39446         27 0.0000e+00
