data/CTD/2014/CNV/d017a035.cnv
* Sea-Bird SBE 9 Data File:
* FileName = C:\CTD_ACQUISITION\2014017HUD\ctddata\017A035.hdr
* Software Version Seasave V 7.22.2
* Temperature SN = 5081
* Conductivity SN = 3561
* Number of Bytes Per Scan = 37
* Number of Voltage Words = 4
* Number of Scans Averaged by the Deck Unit = 1
* NMEA Latitude = 48 29.67 N
* NMEA Longitude = 046 43.65 W
* NMEA UTC (Time) = Jul 09 2014 18:03:36
* NMEA baud rate = 9600
** Ship: Hudson
** Cruise: HUD2014017
** Chief_Scientist: Blair Greenan
** Organization: BIO
** Area_of_Operation: Sackville Spur
** Station: 035
** Sounding:
** Event_Comments: SS-07 403203
# nquan = 25
# nvalues = 2346                        
# units = specified
# name 0 = scan: Scan Count
# name 1 = timeS: Time, Elapsed [seconds]
# name 2 = prDM: Pressure, Digiquartz [db]
# name 3 = t068C: Temperature [ITS-68, deg C]
# name 4 = c0S/m: Conductivity [S/m]
# name 5 = t168C: Temperature, 2 [ITS-68, deg C]
# name 6 = c1S/m: Conductivity, 2 [S/m]
# name 7 = altM: Altimeter [m]
# name 8 = flC: Fluorescence, Chelsea Aqua 3 Chl Con [ug/l]
# name 9 = sbeox0V: Oxygen raw, SBE 43 [V]
# name 10 = sbeox1V: Oxygen raw, SBE 43, 2 [V]
# name 11 = upoly0: Upoly 0, Optode 4330F - O2 D-Phase
# name 12 = upoly1: Upoly 1, Optode 4330F - O2 Temp
# name 13 = latitude: Latitude [deg]
# name 14 = longitude: Longitude [deg]
# name 15 = sal00: Salinity, Practical [PSU]
# name 16 = sal11: Salinity, Practical, 2 [PSU]
# name 17 = potemp068C: Potential Temperature [ITS-68, deg C]
# name 18 = potemp168C: Potential Temperature, 2 [ITS-68, deg C]
# name 19 = sigma-é00: Density [sigma-theta, Kg/m^3]
# name 20 = sigma-é11: Density, 2 [sigma-theta, Kg/m^3]
# name 21 = sbeox0ML/L: Oxygen, SBE 43 [ml/l], WS = 2
# name 22 = sbeox1ML/L: Oxygen, SBE 43, 2 [ml/l], WS = 2
# name 23 = nbin: number of scans per bin
# name 24 = flag: flag
# span 0 =       2683,      61309       
# span 1 =    111.757,   2554.501       
# span 2 =      2.000,   2347.000       
# span 3 =     2.5862,     8.6783       
# span 4 =   3.073810,   3.543084       
# span 5 =     2.5849,     8.6775       
# span 6 =   3.074776,   3.542861       
# span 7 =       0.45,     108.66       
# span 8 =     0.0067,     0.5586       
# span 9 =     2.2226,     3.6533       
# span 10 =     1.9658,     3.1887      
# span 11 =  30.159554,  35.510742      
# span 12 =  2.7224085,  8.7199526      
# span 13 =   48.49498,   48.49786      
# span 14 =  -46.72746,  -46.71976      
# span 15 =    33.4754,    34.9162      
# span 16 =    33.4735,    34.9158      
# span 17 =     2.5827,     8.6781      
# span 18 =     2.5814,     8.6772      
# span 19 =    25.9749,    27.8510      
# span 20 =    25.9738,    27.8510      
# span 21 =    6.26573,    8.41220      
# span 22 =    6.24599,    8.41933      
# span 23 =         12,         87      
# span 24 = 0.0000e+00, 0.0000e+00      
# interval = decibars: 1                
# start_time = Jul 09 2014 18:03:36 [NMEA time, header]
# bad_flag = -9.990e-29
*END*
[from data line 406]
      15049    626.990    408.000     3.6233   3.226280     3.6232   3.226212      98.64     0.0133     2.8620     2.5268  33.541172  3.3942411   48.49622  -46.72528    34.8331    34.8324     3.5952     3.5951    27.6949    27.6943    6.66437    6.68602         26 0.0000e+00
      15076    628.111    409.000     3.6252   3.226529     3.6250   3.226440      98.63     0.0143     2.8619     2.5268  33.535812  3.6167524   48.49622  -46.72528    34.8336    34.8327     3.5970     3.5969    27.6951    27.6943    6.66619    6.68455         28 0.0000e+00
      15103    629.238    410.000     3.6252   3.226602     3.6249   3.226477      98.46     0.0180     2.8623     2.5259  33.535076  3.6168990   48.49622  -46.72528    34.8339    34.8328     3.5970     3.5967    27.6953    27.6944    6.66762    6.67611         26 0.0000e+00
      15129    630.336    411.000     3.6289   3.227026     3.6283   3.226917      88.73     0.0169     2.8614     2.5254  33.541416  3.6161194   48.49622  -46.72528    34.8345    34.8338     3.6006     3.6001    27.6954    27.6949    6.65858    6.67467         26 0.0000e+00
      15154    631.374    412.000     3.6340   3.227558     3.6334   3.227461      98.82     0.0202     2.8607     2.5238  33.547119  3.6161997   48.49622  -46.72528    34.8350    34.8343     3.6056     3.6061    27.6954    27.6948    6.65766    6.65941         24 0.0000e+00
      15176    632.291    413.000     3.6285   3.227078     3.6279   3.226949      98.64     0.0163     2.8609     2.5223  33.550667  3.6200328   48.49622  -46.72526    34.8344    34.8336     3.6001     3.5995    27.6954    27.6948    6.66502    6.66402         21 0.0000e+00
      15196    633.108    414.000     3.6298   3.227274     3.6295   3.227184      81.50     0.0107     2.8603     2.5220  33.541672  3.6262686   48.49622  -46.72526    34.8348    34.8341     3.6013     3.6010    27.6956    27.6951    6.65651    6.67204         18 0.0000e+00
      15213    633.853    415.000     3.6363   3.227982     3.6354   3.227854      96.31     0.0096     2.8597     2.5219  33.533512  3.6316109   48.49622  -46.72526    34.8359    34.8355     3.6077     3.6083    27.6958    27.6956    6.65600    6.67438         17 0.0000e+00
      15231    634.564    416.000     3.6420   3.228622     3.6418   3.228543      94.38     0.0122     2.8592     2.5219  33.539284  3.6289473   48.49622  -46.72526    34.8370    34.8362     3.6133     3.6131    27.6961    27.6955    6.66384    6.67959         18 0.0000e+00
      15249    635.318    417.000     3.6388   3.228348     3.6397   3.228357      88.37     0.0105     2.8600     2.5227  33.536587  3.6297629   48.49622  -46.72526    34.8366    34.8357     3.6100     3.6110    27.6961    27.6953    6.66985    6.68435         19 0.0000e+00
      15271    636.247    418.000     3.6366   3.228175     3.6386   3.228289      98.15     0.0139     2.8597     2.5229  33.538113  3.6284726   48.49622  -46.72526    34.8363    34.8355     3.6077     3.6098    27.6962    27.6953    6.66422    6.68045         27 0.0000e+00
      15307    637.755    419.000     3.6287   3.227427     3.6288   3.227333      91.74     0.0194     2.8597     2.5229  33.545567  3.6293552   48.49622  -46.72526    34.8352    34.8340     3.5999     3.5999    27.6960    27.6951    6.66583    6.68535         42 0.0000e+00
      15341    639.181    420.000     3.6262   3.227251     3.6264   3.227162      99.01     0.0192     2.8589     2.5233  33.546452  3.6081612   48.49622  -46.72526    34.8352    34.8340     3.5973     3.5974    27.6963    27.6953    6.66470    6.68800         24 0.0000e+00
      15361    640.000    421.000     3.6253   3.227198     3.6252   3.227098      83.15     0.0208     2.8594     2.5236  33.542439  3.3720508   48.49622  -46.72526    34.8350    34.8339     3.5963     3.5962    27.6962    27.6954    6.66873    6.69192         18 0.0000e+00
      15377    640.676    422.000     3.6262   3.227339     3.6262   3.227278      97.80     0.0217     2.8587     2.5240  33.550777  3.3704400   48.49622  -46.72526    34.8352    34.8345     3.5971     3.5971    27.6963    27.6957    6.66618    6.69249         15 0.0000e+00
      15392    641.302    423.000     3.6305   3.227825     3.6307   3.227804      98.65     0.0197     2.8593     2.5240  33.545708  3.6333971   48.49622  -46.72526    34.8359    34.8355     3.6014     3.6015    27.6964    27.6961    6.67015    6.69039         15 0.0000e+00
      15408    641.949    424.000     3.6339   3.228214     3.6334   3.228099      98.64     0.0176     2.8587     2.5241  33.542389  3.6297395   48.49622  -46.72524    34.8364    34.8355     3.6046     3.6042    27.6966    27.6959    6.66314    6.68206         17 0.0000e+00
      15426    642.696    425.000     3.6351   3.228388     3.6348   3.228291      89.76     0.0186     2.8584     2.5230  33.543537  3.6295567   48.49622  -46.72524    34.8367    34.8358     3.6058     3.6055    27.6967    27.6960    6.66301    6.66822         20 0.0000e+00
      15450    643.699    426.000     3.6334   3.228269     3.6337   3.228210      94.30     0.0187     2.8578     2.5213  33.552830  3.6239309   48.49622  -46.72524    34.8365    34.8355     3.6041     3.6043    27.6966    27.6959    6.66188    6.67045         28 0.0000e+00
      15480    644.953    427.000     3.6337   3.228337     3.6332   3.228215      98.76     0.0161     2.8575     2.5206  33.553375  3.6258900   48.49622  -46.72524    34.8364    34.8355     3.6043     3.6038    27.6966    27.6959    6.66617    6.67661         29 0.0000e+00
      15506    646.057    428.000     3.6336   3.228383     3.6335   3.228285      98.63     0.0150     2.8571     2.5203  33.555191  3.6294990   48.49622  -46.72524    34.8366    34.8356     3.6041     3.6039    27.6967    27.6959    6.66060    6.68011         25 0.0000e+00
      15531    647.089    429.000     3.6341   3.228480     3.6339   3.228387      98.63     0.0125     2.8564     2.5205  33.556477  3.6300280   48.49622  -46.72524    34.8367    34.8358     3.6045     3.6043    27.6968    27.6961    6.66312    6.68307         26 0.0000e+00
      15558    648.226    430.000     3.6341   3.228534     3.6341   3.228447      86.61     0.0135     2.8564     2.5203  33.553337  3.6313231   48.49622  -46.72524    34.8368    34.8357     3.6045     3.6044    27.6968    27.6960    6.66364    6.67835         27 0.0000e+00
      15583    649.245    431.000     3.6315   3.228336     3.6316   3.228262      99.06     0.0130     2.8555     2.5200  33.548405  3.6283033   48.49622  -46.72524    34.8367    34.8357     3.6017     3.6018    27.6970    27.6963    6.65744    6.68249         21 0.0000e+00
      15601    649.997    432.000     3.6308   3.228331     3.6306   3.228228      98.63     0.0129     2.8548     2.5202  33.541504  3.6297443   48.49622  -46.72524    34.8368    34.8358     3.6010     3.6008    27.6972    27.6964    6.65835    6.67989         17 0.0000e+00
      15617    650.655    433.000     3.6323   3.228527     3.6318   3.228420      91.14     0.0161     2.8549     2.5195  33.545712  3.6290717   48.49622  -46.72523    34.8370    34.8362     3.6024     3.6020    27.6973    27.6967    6.65294    6.67021         15 0.0000e+00
      15632    651.304    434.000     3.6344   3.228784     3.6333   3.228597      85.21     0.0155     2.8536     2.5188  33.545788  3.6312292   48.49622  -46.72522    34.8373    34.8363     3.6045     3.6033    27.6973    27.6966    6.64758    6.66016         16 0.0000e+00
      15651    652.072    435.000     3.6347   3.228856     3.6343   3.228739      98.09     0.0140     2.8527     2.5168  33.550262  3.6305118   48.49622  -46.72522    34.8373    34.8363     3.6046     3.6043    27.6973    27.6965    6.65454    6.65306         22 0.0000e+00
      15683    653.418    436.000     3.6395   3.229378     3.6396   3.229319      91.30     0.0131     2.8527     2.5158  33.546635  3.6315408   48.49622  -46.72522    34.8379    34.8371     3.6094     3.6095    27.6973    27.6966    6.66161    6.67150         44 0.0000e+00
      15725    655.154    437.000     3.6470   3.230206     3.6472   3.230144      99.08     0.0172     2.8528     2.5169  33.549141  3.6212296   48.49622  -46.72522    34.8392    34.8385     3.6169     3.6169    27.6975    27.6970    6.66677    6.68163         32 0.0000e+00
      15750    656.196    438.000     3.6471   3.230270     3.6467   3.230139      80.38     0.0200     2.8538     2.5171  33.555603  3.6339924   48.49622  -46.72522    34.8394    34.8383     3.6168     3.6164    27.6977    27.6968    6.66978    6.67478         20 0.0000e+00
      15767    656.915    439.000     3.6435   3.229957     3.6430   3.229823      99.09     0.0179     2.8536     2.5170  33.553055  3.6330795   48.49622  -46.72522    34.8390    34.8379     3.6131     3.6126    27.6978    27.6970    6.66714    6.67867         16 0.0000e+00
      15782    657.529    440.000     3.6363   3.229297     3.6367   3.229209      98.64     0.0173     2.8545     2.5172  33.555237  3.4361782   48.49622  -46.72522    34.8382    34.8367     3.6059     3.6063    27.6979    27.6966    6.66953    6.68075         14 0.0000e+00
      15796    658.109    441.000     3.6303   3.228762     3.6289   3.228491      98.63     0.0137     2.8537     2.5172  33.553097  3.3221605   48.49622  -46.72522    34.8376    34.8359     3.5999     3.5984    27.6980    27.6968    6.66620    6.68013         14 0.0000e+00
      15810    658.691    442.000     3.6243   3.228198     3.6217   3.227845      98.63     0.0135     2.8537     2.5170  33.556274  3.6017780   48.49622  -46.72521    34.8368    34.8353     3.5937     3.5912    27.6980    27.6970    6.67111    6.67952         14 0.0000e+00
      15825    659.332    443.000     3.6202   3.227848     3.6192   3.227663      98.64     0.0156     2.8537     2.5167  33.553551  3.5391145   48.49622  -46.72520    34.8364    34.8353     3.5897     3.5886    27.6980    27.6972    6.66862    6.68068         17 0.0000e+00
      15845    660.171    444.000     3.6195   3.227828     3.6191   3.227699      98.63     0.0155     2.8534     2.5166  33.552853  3.5896828   48.49622  -46.72520    34.8363    34.8352     3.5889     3.5885    27.6980    27.6972    6.67114    6.68434         25 0.0000e+00
      15884    661.796    445.000     3.6202   3.227927     3.6200   3.227835      91.18     0.0157     2.8531     2.5167  33.562649  3.2528028   48.49622  -46.72520    34.8363    34.8353     3.5895     3.5893    27.6980    27.6972    6.67368    6.68354         50 0.0000e+00
      15925    663.495    446.000     3.6200   3.227968     3.6200   3.227890      94.13     0.0141     2.8533     2.5158  33.561981  3.4727848   48.49620  -46.72520    34.8364    34.8355     3.5892     3.5892    27.6981    27.6973    6.67500    6.67143         28 0.0000e+00
      15946    664.387    447.000     3.6196   3.227982     3.6194   3.227893      79.16     0.0171     2.8534     2.5142  33.558861  3.5881104   48.49620  -46.72520    34.8365    34.8356     3.5888     3.5886    27.6982    27.6975    6.67208    6.65512         19 0.0000e+00
      15963    665.085    448.000     3.6188   3.227957     3.6187   3.227871      98.67     0.0187     2.8525     2.5126  33.559464  3.4346867   48.49620  -46.72520    34.8365    34.8356     3.5879     3.5878    27.6983    27.6975    6.67265    6.65962         15 0.0000e+00
      15979    665.732    449.000     3.6188   3.228019     3.6190   3.227965      87.10     0.0172     2.8531     2.5123  33.558605  3.1943529   48.49620  -46.72520    34.8367    34.8358     3.5878     3.5880    27.6985    27.6977    6.67610    6.67779         16 0.0000e+00
      15995    666.423    450.000     3.6198   3.228170     3.6197   3.228081      87.45     0.0181     2.8527     2.5130  33.559605  3.3712120   48.49620  -46.72520    34.8369    34.8359     3.5887     3.5886    27.6985    27.6978    6.66794    6.69432         18 0.0000e+00
      16016    667.271    451.000     3.6203   3.228264     3.6205   3.228195      98.36     0.0184     2.8519     2.5145  33.562286  3.5167227   48.49620  -46.72518    34.8369    34.8360     3.5892     3.5893    27.6985    27.6977    6.66829    6.69450         23 0.0000e+00
      16039    668.243    452.000     3.6190   3.228177     3.6186   3.228053      98.64     0.0189     2.8514     2.5149  33.561089  3.4618266   48.49620  -46.72518    34.8368    34.8357     3.5878     3.5874    27.6985    27.6977    6.66497    6.68750         22 0.0000e+00
      16060    669.117    453.000     3.6187   3.228189     3.6185   3.228079      78.54     0.0146     2.8506     2.5149  33.561916  3.6127398   48.49620  -46.72518    34.8367    34.8356     3.5874     3.5900    27.6985    27.6977    6.67133    6.68375         20 0.0000e+00
      16080    669.953    454.000     3.6186   3.228226     3.6186   3.228147      98.52     0.0135     2.8508     2.5145  33.565998  3.6153553   48.49620  -46.72518    34.8367    34.8358     3.5872     3.5872    27.6985    27.6978    6.67196    6.68660         21 0.0000e+00
      16107    671.063    455.000     3.6183   3.228230     3.6185   3.228165      87.72     0.0133     2.8503     2.5150  33.563511  3.6145921   48.49620  -46.72518    34.8366    34.8356     3.5868     3.5871    27.6985    27.6976    6.67367    6.69573         35 0.0000e+00
      16146    672.695    456.000     3.6138   3.227840     3.6138   3.227746      99.52     0.0117     2.8507     2.5161  33.563820  3.6136458   48.49620  -46.72518    34.8361    34.8350     3.5823     3.5823    27.6985    27.6977    6.68131    6.70026         35 0.0000e+00
      16171    673.750    457.000     3.6110   3.227619     3.6117   3.227592      85.82     0.0168     2.8508     2.5166  33.553669  3.6149175   48.49619  -46.72518    34.8360    34.8349     3.5794     3.5802    27.6987    27.6977    6.68576    6.70310         20 0.0000e+00
      16188    674.462    458.000     3.6086   3.227429     3.6094   3.227433      87.80     0.0159     2.8521     2.5171  33.555565  3.6153870   48.49618  -46.72518    34.8357    34.8349     3.5770     3.5778    27.6987    27.6980    6.69035    6.69861         15 0.0000e+00
      16203    675.078    459.000     3.6080   3.227407     3.6088   3.227408      98.54     0.0150     2.8520     2.5164  33.558460  3.6115112   48.49618  -46.72518    34.8355    34.8346     3.5763     3.5789    27.6987    27.6979    6.68101    6.69193         15 0.0000e+00
      16218    675.689    460.000     3.6042   3.227073     3.6032   3.226847      98.63     0.0146     2.8514     2.5160  33.560379  3.6057982   48.49618  -46.72517    34.8350    34.8334     3.5725     3.5715    27.6987    27.6975    6.68032    6.69332         15 0.0000e+00
      16234    676.395    461.000     3.5993   3.226635     3.5987   3.226484      98.63     0.0159     2.8512     2.5159  33.567169  3.6056166   48.49618  -46.72516    34.8345    34.8333     3.5675     3.5669    27.6987    27.6978    6.67994    6.69220         19 0.0000e+00
      16259    677.416    462.000     3.5950   3.226255     3.5956   3.226217      98.63     0.0143     2.8508     2.5146  33.562023  3.6049793   48.49618  -46.72516    34.8339    34.8329     3.5632     3.5637    27.6987    27.6978    6.67827    6.68852         30 0.0000e+00
      16289    678.687    463.000     3.5940   3.226211     3.5941   3.226126      86.85     0.0178     2.8496     2.5142  33.565262  3.6031129   48.49618  -46.72516    34.8340    34.8328     3.5621     3.5622    27.6988    27.6979    6.67542    6.69615         28 0.0000e+00
      16314    679.727    464.000     3.5951   3.226375     3.5954   3.226320      93.80     0.0178     2.8491     2.5139  33.564896  3.5957210   48.49618  -46.72516    34.8342    34.8333     3.5631     3.5646    27.6989    27.6982    6.68227    6.69297         23 0.0000e+00
