data/CTD/2014/CNV/d017a039.cnv
* Sea-Bird SBE 9 Data File:
* FileName = C:\CTD_ACQUISITION\2014017HUD\ctddata\017A039.hdr
* Software Version Seasave V 7.22.2
* Temperature SN = 5081
* Conductivity SN = 3561
* Number of Bytes Per Scan = 37
* Number of Voltage Words = 4
* Number of Scans Averaged by the Deck Unit = 1
* NMEA Latitude = 48 13.75 N
* NMEA Longitude = 046 27.83 W
* NMEA UTC (Time) = Jul 10 2014 01:54:16
* NMEA baud rate = 9600
** Ship: Hudson
** Cruise: HUD2014017
** Chief_Scientist: Blair Greenan
** Organization: BIO
** Area_of_Operation: Sackville Spur
** Station: 039
** Sounding:  938
** Event_Comments: SS_13, 403226
# nquan = 25
# nvalues = 961                         
# units = specified
# name 0 = scan: Scan Count
# name 1 = timeS: Time, Elapsed [seconds]
# name 2 = prDM: Pressure, Digiquartz [db]
# name 3 = t068C: Temperature [ITS-68, deg C]
# name 4 = c0S/m: Conductivity [S/m]
# name 5 = t168C: Temperature, 2 [ITS-68, deg C]
# name 6 = c1S/m: Conductivity, 2 [S/m]
# name 7 = altM: Altimeter [m]
# name 8 = flC: Fluorescence, Chelsea Aqua 3 Chl Con [ug/l]
# name 9 = sbeox0V: Oxygen raw, SBE 43 [V]
# name 10 = sbeox1V: Oxygen raw, SBE 43, 2 [V]
# name 11 = upoly0: Upoly 0, Optode 4330F - O2 D-Phase
# name 12 = upoly1: Upoly 1, Optode 4330F - O2 Temp
# name 13 = latitude: Latitude [deg]
# name 14 = longitude: Longitude [deg]
# name 15 = sal00: Salinity, Practical [PSU]
# name 16 = sal11: Salinity, Practical, 2 [PSU]
# name 17 = potemp068C: Potential Temperature [ITS-68, deg C]
# name 18 = potemp168C: Potential Temperature, 2 [ITS-68, deg C]
# name 19 = sigma-é00: Density [sigma-theta, Kg/m^3]
# name 20 = sigma-é11: Density, 2 [sigma-theta, Kg/m^3]
# name 21 = sbeox0ML/L: Oxygen, SBE 43 [ml/l], WS = 2
# name 22 = sbeox1ML/L: Oxygen, SBE 43, 2 [ml/l], WS = 2
# name 23 = nbin: number of scans per bin
# name 24 = flag: flag
# span 0 =       5571,      33331       
# span 1 =    232.064,   1388.758       
# span 2 =      1.000,    961.000       
# span 3 =    -1.2182,     7.8813       
# span 4 =   2.670041,   3.398320       
# span 5 =    -1.2183,     7.8813       
# span 6 =   2.669632,   3.398384       
# span 7 =       1.39,     102.38       
# span 8 =     0.0075,     0.0885       
# span 9 =     2.6101,     3.5433       
# span 10 =     2.3047,     3.0144      
# span 11 =  30.448456,  34.477798      
# span 12 = -1.0726120,  7.9133444      
# span 13 =   48.22800,   48.22936      
# span 14 =  -46.46338,  -46.46208      
# span 15 =    32.7240,    34.8940      
# span 16 =    32.7090,    34.8934      
# span 17 =    -1.2192,     7.8807      
# span 18 =    -1.2193,     7.8805      
# span 19 =    25.5044,    27.7379      
# span 20 =    25.5041,    27.7374      
# span 21 =    6.37079,    8.84383      
# span 22 =    6.21738,    8.69057      
# span 23 =         11,        109      
# span 24 = 0.0000e+00, 0.0000e+00      
# interval = decibars: 1                
# start_time = Jul 10 2014 01:54:16 [NMEA time, header]
# bad_flag = -9.990e-29
*END*
[from data line 870]
      29324   1221.795    871.000     3.7452   3.261729     3.7449   3.261646      97.01     0.0158     2.6648     2.3540  34.076935  3.7521367   48.22844  -46.46324    34.8821    34.8814     3.6814     3.6810    27.7252    27.7247    6.46090    6.46670         20 0.0000e+00
      29349   1222.842    872.000     3.7452   3.261764     3.7449   3.261689      73.93     0.0166     2.6648     2.3542  34.093464  3.7498155   48.22844  -46.46324    34.8820    34.8814     3.6813     3.6810    27.7251    27.7247    6.46520    6.47086         32 0.0000e+00
      29384   1224.291    873.000     3.7448   3.261764     3.7445   3.261679     100.26     0.0219     2.6651     2.3547  34.083996  3.7489412   48.22844  -46.46324    34.8820    34.8813     3.6807     3.6857    27.7252    27.7247    6.46568    6.47515         31 0.0000e+00
      29409   1225.332    874.000     3.7441   3.261757     3.7439   3.261680      64.74     0.0229     2.6643     2.3549  34.072845  3.7464654   48.22844  -46.46324    34.8820    34.8814     3.6800     3.6796    27.7253    27.7248    6.46827    6.47125         21 0.0000e+00
      29428   1226.134    875.000     3.7438   3.261783     3.7435   3.261691      89.00     0.0202     2.6655     2.3545  34.073261  3.7490780   48.22844  -46.46322    34.8821    34.8814     3.6796     3.6793    27.7254    27.7249    6.47956    6.46885         19 0.0000e+00
      29446   1226.888    876.000     3.7425   3.261701     3.7420   3.261588      98.54     0.0198     2.6656     2.3545  34.073261  3.7515686   48.22844  -46.46322    34.8820    34.8812     3.6782     3.6778    27.7255    27.7249    6.47623    6.47634         18 0.0000e+00
      29466   1227.703    877.000     3.7397   3.261482     3.7394   3.261382      98.58     0.0188     2.6662     2.3550  34.073261  3.7512593   48.22844  -46.46322    34.8819    34.8810     3.6754     3.6751    27.7257    27.7250    6.47764    6.48085         22 0.0000e+00
      29494   1228.866    878.000     3.7348   3.261067     3.7346   3.260981      67.92     0.0164     2.6655     2.3549  34.091637  3.7431519   48.22844  -46.46322    34.8816    34.8808     3.6704     3.6702    27.7260    27.7253    6.46745    6.47448         36 0.0000e+00
      29531   1230.426    879.000     3.7326   3.260921     3.7324   3.260839      86.76     0.0133     2.6650     2.3544  34.079971  3.7407517   48.22844  -46.46321    34.8817    34.8810     3.6682     3.6679    27.7262    27.7257    6.46811    6.47066         32 0.0000e+00
      29557   1231.495    880.000     3.7316   3.260889     3.7313   3.260810      59.63     0.0144     2.6643     2.3536  34.073296  3.7394023   48.22842  -46.46320    34.8819    34.8813     3.6671     3.6667    27.7265    27.7261    6.46040    6.46138         23 0.0000e+00
      29579   1232.404    881.000     3.7313   3.260918     3.7310   3.260831      98.15     0.0141     2.6626     2.3525  34.091839  3.7368228   48.22842  -46.46320    34.8820    34.8813     3.6667     3.6688    27.7266    27.7261    6.44953    6.45566         21 0.0000e+00
      29602   1233.357    882.000     3.7310   3.260932     3.7307   3.260855      98.63     0.0200     2.6621     2.3512  34.094891  3.7353635   48.22842  -46.46320    34.8820    34.8814     3.6663     3.6660    27.7267    27.7263    6.45748    6.45319         25 0.0000e+00
      29631   1234.571    883.000     3.7308   3.261009     3.7306   3.260940      71.32     0.0170     2.6604     2.3499  34.079632  3.7338004   48.22842  -46.46320    34.8825    34.8820     3.6661     3.6658    27.7271    27.7267    6.44543    6.45191         33 0.0000e+00
      29663   1235.901    884.000     3.7316   3.261199     3.7313   3.261119      99.65     0.0152     2.6587     2.3486  34.072491  3.7325571   48.22842  -46.46320    34.8835    34.8828     3.6668     3.6665    27.7278    27.7273    6.44633    6.45066         28 0.0000e+00
      29687   1236.924    885.000     3.7313   3.261262     3.7310   3.261185      81.27     0.0157     2.6578     2.3480  34.067120  3.7326007   48.22842  -46.46319    34.8840    34.8834     3.6664     3.6661    27.7283    27.7278    6.44677    6.45286         22 0.0000e+00
      29708   1237.787    886.000     3.7311   3.261304     3.7308   3.261227      46.57     0.0154     2.6571     2.3476  34.068150  3.7326007   48.22842  -46.46318    34.8842    34.8836     3.6661     3.6658    27.7285    27.7280    6.44527    6.44859         20 0.0000e+00
      29728   1238.608    887.000     3.7311   3.261355     3.7308   3.261278      98.90     0.0183     2.6563     2.3467  34.072552  3.7326007   48.22842  -46.46318    34.8843    34.8837     3.6660     3.6657    27.7286    27.7281    6.44665    6.44621         20 0.0000e+00
      29749   1239.519    888.000     3.7310   3.261416     3.7307   3.261332      98.64     0.0174     2.6558     2.3461  34.073242  3.7326007   48.22842  -46.46318    34.8846    34.8839     3.6659     3.6656    27.7288    27.7283    6.44104    6.44284         25 0.0000e+00
      29779   1240.758    889.000     3.7311   3.261461     3.7308   3.261375      72.65     0.0195     2.6545     2.3448  34.089153  3.7326007   48.22842  -46.46318    34.8845    34.8838     3.6659     3.6656    27.7287    27.7282    6.43846    6.43767         35 0.0000e+00
      29816   1242.297    890.000     3.7318   3.261607     3.7313   3.261508      99.50     0.0213     2.6523     2.3428  34.095207  3.7326007   48.22842  -46.46317    34.8850    34.8843     3.6665     3.6660    27.7291    27.7286    6.42439    6.42996         35 0.0000e+00
      29846   1243.532    891.000     3.7318   3.261693     3.7315   3.261604      59.81     0.0187     2.6507     2.3418  34.094345  3.7326007   48.22842  -46.46316    34.8855    34.8848     3.6664     3.6682    27.7295    27.7290    6.42226    6.42967         25 0.0000e+00
      29867   1244.435    892.000     3.7313   3.261745     3.7309   3.261663      99.41     0.0209     2.6489     2.3404  34.097225  3.7326007   48.22842  -46.46316    34.8862    34.8856     3.6658     3.6654    27.7301    27.7296    6.42596    6.41406         19 0.0000e+00
      29885   1245.185    893.000     3.7311   3.261799     3.7308   3.261713      98.64     0.0219     2.6494     2.3389  34.094753  3.7326007   48.22840  -46.46316    34.8865    34.8858     3.6655     3.6652    27.7304    27.7298    6.43729    6.41541         17 0.0000e+00
      29902   1245.888    894.000     3.7309   3.261837     3.7305   3.261756      96.28     0.0204     2.6487     2.3382  34.094810  3.7326007   48.22840  -46.46316    34.8866    34.8861     3.6653     3.6649    27.7305    27.7301    6.42903    6.42072         17 0.0000e+00
      29920   1246.633    895.000     3.7308   3.261895     3.7305   3.261809      53.40     0.0168     2.6482     2.3376  34.094513  3.7326007   48.22840  -46.46316    34.8869    34.8863     3.6651     3.6647    27.7307    27.7302    6.43362    6.42001         20 0.0000e+00
      29943   1247.572    896.000     3.7309   3.261961     3.7304   3.261865      89.30     0.0164     2.6484     2.3370  34.098022  3.7322586   48.22840  -46.46315    34.8871    34.8864     3.6651     3.6646    27.7309    27.7304    6.43690    6.42779         27 0.0000e+00
      29984   1249.307    897.000     3.7310   3.262003     3.7305   3.261913      71.24     0.0193     2.6476     2.3371  34.103287  3.7299716   48.22840  -46.46314    34.8870    34.8864     3.6651     3.6646    27.7308    27.7304    6.43100    6.43002         55 0.0000e+00
      30028   1251.107    898.000     3.7306   3.262038     3.7301   3.261950      99.69     0.0407     2.6470     2.3368  34.105915  3.7327025   48.22840  -46.46314    34.8873    34.8867     3.6647     3.6642    27.7310    27.7307    6.43066    6.42920         27 0.0000e+00
      30050   1252.026    899.000     3.7295   3.262036     3.7291   3.261946      81.30     0.0301     2.6462     2.3368  34.109913  3.7326007   48.22840  -46.46314    34.8879    34.8872     3.6634     3.6631    27.7317    27.7312    6.42579    6.42908         20 0.0000e+00
      30070   1252.860    900.000     3.7293   3.262071     3.7291   3.261999      66.63     0.0219     2.6459     2.3365  34.126850  3.7326007   48.22840  -46.46313    34.8880    34.8874     3.6632     3.6630    27.7318    27.7313    6.42696    6.43078         20 0.0000e+00
      30090   1253.726    901.000     3.7294   3.262117     3.7291   3.262035      98.51     0.0209     2.6455     2.3367  34.125214  3.7326007   48.22840  -46.46312    34.8879    34.8873     3.6632     3.6629    27.7317    27.7312    6.42777    6.43583         22 0.0000e+00
      30113   1254.665    902.000     3.7295   3.262175     3.7291   3.262089      98.63     0.0205     2.6447     2.3367  34.130581  3.7287869   48.22840  -46.46312    34.8880    34.8874     3.6632     3.6629    27.7318    27.7313    6.42735    6.43050         23 0.0000e+00
      30136   1255.610    903.000     3.7296   3.262229     3.7292   3.262147      32.96     0.0187     2.6449     2.3361  34.131874  3.7241375   48.22840  -46.46312    34.8881    34.8875     3.6632     3.6628    27.7318    27.7314    6.43372    6.42300         22 0.0000e+00
      30157   1256.495    904.000     3.7294   3.262265     3.7291   3.262183      57.88     0.0231     2.6446     2.3356  34.131866  3.7274666   48.22840  -46.46312    34.8881    34.8875     3.6630     3.6627    27.7319    27.7314    6.42535    6.42463         21 0.0000e+00
      30179   1257.416    905.000     3.7295   3.262315     3.7292   3.262232      97.72     0.0207     2.6441     2.3350  34.131866  3.7265179   48.22840  -46.46312    34.8881    34.8874     3.6630     3.6627    27.7318    27.7314    6.43401    6.42140         24 0.0000e+00
      30210   1258.697    906.000     3.7297   3.262363     3.7294   3.262283      69.75     0.0194     2.6438     2.3338  34.131866  3.7268262   48.22840  -46.46312    34.8880    34.8873     3.6631     3.6628    27.7318    27.7313    6.42247    6.41395         39 0.0000e+00
      30250   1260.387    907.000     3.7298   3.262403     3.7295   3.262325     100.51     0.0155     2.6427     2.3323  34.140755  3.7285113   48.22840  -46.46312    34.8878    34.8872     3.6631     3.6628    27.7316    27.7312    6.42464    6.41419         35 0.0000e+00
      30278   1261.560    908.000     3.7298   3.262460     3.7295   3.262370      54.81     0.0164     2.6416     2.3316  34.146717  3.7327332   48.22839  -46.46312    34.8880    34.8872     3.6630     3.6627    27.7318    27.7312    6.41466    6.41197         24 0.0000e+00
      30300   1262.449    909.000     3.7296   3.262520     3.7293   3.262430      99.16     0.0179     2.6409     2.3310  34.153191  3.7326007   48.22838  -46.46310    34.8884    34.8877     3.6627     3.6624    27.7322    27.7316    6.41766    6.41392         20 0.0000e+00
      30319   1263.246    910.000     3.7294   3.262560     3.7290   3.262475      98.63     0.0182     2.6401     2.3308  34.150387  3.7326007   48.22838  -46.46310    34.8886    34.8880     3.6624     3.6621    27.7323    27.7319    6.41538    6.41668         19 0.0000e+00
      30338   1264.055    911.000     3.7294   3.262604     3.7290   3.262525      77.59     0.0188     2.6397     2.3306  34.152363  3.7326007   48.22838  -46.46309    34.8886    34.8880     3.6624     3.6620    27.7323    27.7319    6.40983    6.41607         20 0.0000e+00
      30361   1264.999    912.000     3.7296   3.262653     3.7292   3.262575      75.33     0.0173     2.6383     2.3304  34.152710  3.7303984   48.22838  -46.46308    34.8885    34.8879     3.6625     3.6621    27.7322    27.7318    6.40896    6.41347         26 0.0000e+00
      30391   1266.268    913.000     3.7295   3.262697     3.7290   3.262620      81.83     0.0158     2.6371     2.3292  34.152386  3.7259860   48.22838  -46.46308    34.8886    34.8881     3.6623     3.6619    27.7323    27.7320    6.40454    6.40483         35 0.0000e+00
      30427   1267.764    914.000     3.7290   3.262742     3.7286   3.262665      58.60     0.0181     2.6354     2.3282  34.153671  3.7233281   48.22838  -46.46308    34.8891    34.8886     3.6618     3.6614    27.7328    27.7324    6.40091    6.40538         33 0.0000e+00
      30456   1268.960    915.000     3.7280   3.262756     3.7277   3.262670      98.67     0.0179     2.6344     2.3270  34.162266  3.7311614   48.22838  -46.46308    34.8898    34.8891     3.6607     3.6604    27.7334    27.7329    6.40729    6.39889         27 0.0000e+00
      30483   1270.065    916.000     3.7268   3.262750     3.7265   3.262665      73.42     0.0145     2.6342     2.3262  34.161724  3.7311535   48.22836  -46.46308    34.8905    34.8898     3.6594     3.6591    27.7341    27.7336    6.40175    6.39739         27 0.0000e+00
      30510   1271.206    917.000     3.7267   3.262788     3.7264   3.262709      85.10     0.0141     2.6328     2.3253  34.161171  3.7297091   48.22836  -46.46306    34.8906    34.8899     3.6592     3.6589    27.7342    27.7337    6.40946    6.40033         27 0.0000e+00
      30535   1272.259    918.000     3.7265   3.262830     3.7262   3.262745      98.75     0.0158     2.6333     2.3250  34.170807  3.7253439   48.22836  -46.46306    34.8907    34.8900     3.6589     3.6587    27.7344    27.7338    6.39707    6.40161         23 0.0000e+00
      30556   1273.110    919.000     3.7264   3.262879     3.7261   3.262787      74.05     0.0185     2.6314     2.3246  34.185688  3.7228160   48.22836  -46.46306    34.8909    34.8901     3.6588     3.6585    27.7345    27.7339    6.39524    6.39546         18 0.0000e+00
      30573   1273.843    920.000     3.7262   3.262911     3.7259   3.262829      61.42     0.0199     2.6317     2.3238  34.183552  3.7228327   48.22836  -46.46306    34.8910    34.8903     3.6584     3.6582    27.7346    27.7341    6.39715    6.39539         17 0.0000e+00
      30591   1274.588    921.000     3.7260   3.262938     3.7257   3.262859      23.69     0.0187     2.6303     2.3236  34.183159  3.7228327   48.22836  -46.46305    34.8910    34.8904     3.6582     3.6579    27.7347    27.7342    6.40185    6.40128         20 0.0000e+00
      30629   1276.182    922.000     3.7262   3.262981     3.7259   3.262906      92.14     0.0185     2.6303     2.3233  34.188614  3.7239122   48.22836  -46.46304    34.8908    34.8902     3.6583     3.6580    27.7345    27.7341    6.40331    6.40373         35 0.0000e+00
      30697   1279.016    923.000     3.7263   3.263048     3.7260   3.262975      87.70     0.0171     2.6292     2.3223  34.214279  3.7292640   48.22834  -46.46304    34.8910    34.8904     3.6583     3.6580    27.7346    27.7342    6.40194    6.40071         17 0.0000e+00
      30712   1279.613    924.000     3.7261   3.263085     3.7257   3.263001      33.19     0.0145     2.6290     2.3224  34.210312  3.7284040   48.22834  -46.46304    34.8911    34.8904     3.6580     3.6577    27.7348    27.7343    6.40047    6.39976         14 0.0000e+00
      30726   1280.209    925.000     3.7259   3.263115     3.7255   3.263035      98.41     0.0160     2.6289     2.3221  34.207077  3.7254329   48.22834  -46.46302    34.8912    34.8906     3.6577     3.6574    27.7348    27.7344    6.39892    6.39294         15 0.0000e+00
      30741   1280.833    926.000     3.7257   3.263152     3.7253   3.263063      82.75     0.0162     2.6287     2.3215  34.191910  3.7270510   48.22834  -46.46302    34.8912    34.8906     3.6575     3.6572    27.7349    27.7344    6.39601    6.38905         16 0.0000e+00
      30762   1281.717    927.000     3.7250   3.263145     3.7245   3.263051      63.48     0.0156     2.6278     2.3206  34.195168  3.7277832   48.22834  -46.46302    34.8914    34.8908     3.6567     3.6563    27.7351    27.7347    6.39451    6.38557         31 0.0000e+00
