data/CTD/2014/CNV/d017a060.cnv
* Sea-Bird SBE 9 Data File:
* FileName = C:\CTD_ACQUISITION\2014017HUD\ctddata\017A060.hdr
* Software Version Seasave V 7.23.1
* Temperature SN = 5081
* Conductivity SN = 3561
* Number of Bytes Per Scan = 37
* Number of Voltage Words = 4
* Number of Scans Averaged by the Deck Unit = 1
* NMEA Latitude = 43 28.22 N
* NMEA Longitude = 059 59.72 W
* NMEA UTC (Time) = Jul 13 2014 23:31:59
* NMEA baud rate = 9600
** Ship: Hudson
** Cruise: HUD2014017
** Chief_Scientist: Blair Greenan
** Organization: BIO
** Area_of_Operation: Sackville Spur
** Station: 060
** Sounding:  998
** Event_Comments: LC3 0
** Test of Windows 7
# nquan = 25
# nvalues = 252                         
# units = specified
# name 0 = scan: Scan Count
# name 1 = timeS: Time, Elapsed [seconds]
# name 2 = prDM: Pressure, Digiquartz [db]
# name 3 = t068C: Temperature [ITS-68, deg C]
# name 4 = c0S/m: Conductivity [S/m]
# name 5 = t168C: Temperature, 2 [ITS-68, deg C]
# name 6 = c1S/m: Conductivity, 2 [S/m]
# name 7 = altM: Altimeter [m]
# name 8 = flC: Fluorescence, Chelsea Aqua 3 Chl Con [ug/l]
# name 9 = sbeox0V: Oxygen raw, SBE 43 [V]
# name 10 = sbeox1V: Oxygen raw, SBE 43, 2 [V]
# name 11 = upoly0: Upoly 0, Optode 4330F - O2 D-Phase
# name 12 = upoly1: Upoly 1, Optode 4330F - O2 Temp
# name 13 = latitude: Latitude [deg]
# name 14 = longitude: Longitude [deg]
# name 15 = sal00: Salinity, Practical [PSU]
# name 16 = sal11: Salinity, Practical, 2 [PSU]
# name 17 = potemp068C: Potential Temperature [ITS-68, deg C]
# name 18 = potemp168C: Potential Temperature, 2 [ITS-68, deg C]
# name 19 = sigma-é00: Density [sigma-theta, Kg/m^3]
# name 20 = sigma-é11: Density, 2 [sigma-theta, Kg/m^3]
# name 21 = sbeox0ML/L: Oxygen, SBE 43 [ml/l], WS = 2
# name 22 = sbeox1ML/L: Oxygen, SBE 43, 2 [ml/l], WS = 2
# name 23 = nbin: number of scans per bin
# name 24 = flag: flag
# span 0 =      15342,      22858       
# span 1 =    639.213,    952.383       
# span 2 =      2.000,    253.000       
# span 3 =     3.7392,    16.1579       
# span 4 =   3.033566,   4.017626       
# span 5 =     3.7369,    16.1680       
# span 6 =   3.033010,   4.018028       
# span 7 =      16.07,     100.54       
# span 8 =     0.0123,     0.2997       
# span 9 =     1.9128,     3.5462       
# span 10 =     1.6580,     3.0539      
# span 11 =  28.400032,  39.811699      
# span 12 =  4.2493348,  15.853229      
# span 13 =   43.47282,   43.47385      
# span 14 =  -59.99706,  -59.99652      
# span 15 =    31.5732,    35.3321      
# span 16 =    31.5688,    35.3303      
# span 17 =     3.7354,    16.1574      
# span 18 =     3.7331,    16.1675      
# span 19 =    23.0791,    27.1995      
# span 20 =    23.0735,    27.1979      
# span 21 =    3.35554,    7.38676      
# span 22 =    3.17042,    7.26852      
# span 23 =         14,        179      
# span 24 = 0.0000e+00, 0.0000e+00      
# interval = decibars: 1                
# start_time = Jul 13 2014 23:31:59 [NMEA time, header]
# bad_flag = -9.990e-29
*END*
[from data line 58]
      16751    697.925     60.000     3.7392   3.033566     3.7369   3.033010      98.63     0.0979     3.1311     2.7428  31.692497  4.5754781   43.47302  -59.99666    32.5985    32.5941     3.7354     3.7331    25.9018    25.8986    7.07374    7.09860         23 0.0000e+00
      16774    698.864     61.000     3.8338   3.043351     3.8204   3.042609      98.63     0.0962     3.1205     2.7361  31.752186  4.4577956   43.47302  -59.99666    32.6196    32.6241     3.8299     3.8165    25.9095    25.9145    7.02480    7.04307         22 0.0000e+00
      16796    699.808     62.000     3.9412   3.055521     3.9363   3.055107      98.63     0.1010     3.1099     2.7278  31.793999  4.3823595   43.47303  -59.99667    32.6559    32.6559     3.9372     3.9323    25.9280    25.9285    6.98737    6.99483         23 0.0000e+00
      16819    700.748     63.000     3.9994   3.062155     3.9931   3.061723      98.63     0.0985     3.1000     2.7202  31.866373  4.2493348   43.47304  -59.99668    32.6757    32.6769     3.9953     3.9890    25.9381    25.9396    6.94997    6.95128         23 0.0000e+00
      16841    701.680     64.000     4.0767   3.070449     4.0725   3.070105      98.63     0.0878     3.0894     2.7104  31.882658  4.2604280   43.47304  -59.99668    32.6959    32.6961     4.0725     4.0682    25.9465    25.9471    6.87233    6.87716         22 0.0000e+00
      16865    702.684     65.000     4.0498   3.068782     4.0513   3.068445      98.63     0.0849     3.0719     2.6966  31.927719  4.2922778   43.47304  -59.99668    32.7026    32.6971     4.0455     4.0470    25.9545    25.9500    6.79880    6.82756         26 0.0000e+00
      16890    703.692     66.000     4.0474   3.069078     4.0465   3.068930      98.63     0.0796     3.0541     2.6840  31.952770  4.3090653   43.47304  -59.99668    32.7079    32.7071     4.0431     4.0422    25.9590    25.9584    6.77022    6.81129         23 0.0000e+00
      16912    704.620     67.000     4.1087   3.075633     4.1013   3.075330      98.63     0.0771     3.0413     2.6753  32.016041  4.3574834   43.47304  -59.99668    32.7235    32.7273     4.1043     4.0969    25.9652    25.9690    6.77319    6.80922         21 0.0000e+00
      16932    705.449     68.000     4.1021   3.076829     4.1080   3.076564      98.63     0.0845     3.0350     2.6709  32.012001  4.3577533   43.47305  -59.99668    32.7437    32.7347     4.0976     4.1035    25.9820    25.9742    6.78330    6.80416         19 0.0000e+00
      16951    706.240     69.000     4.1005   3.079117     4.0976   3.079052      98.63     0.1090     3.0281     2.6651  32.094154  4.3166533   43.47306  -59.99668    32.7717    32.7738     4.0959     4.0931    26.0044    26.0063    6.73554    6.76224         19 0.0000e+00
      16971    707.088     70.000     4.1885   3.088527     4.1756   3.087894      98.63     0.0878     3.0170     2.6564  32.103081  4.3160191   43.47306  -59.99670    32.7940    32.7994     4.1838     4.1709    26.0133    26.0188    6.67852    6.70495         22 0.0000e+00
      16995    708.085     71.000     4.3079   3.101737     4.3048   3.101442      98.63     0.0713     3.0050     2.6465  32.181065  4.3013115   43.47306  -59.99670    32.8293    32.8290     4.3031     4.3000    26.0292    26.0293    6.63156    6.66208         26 0.0000e+00
      17022    709.203     72.000     4.3073   3.102395     4.3063   3.102233      98.63     0.0658     2.9935     2.6372  32.216301  4.2911191   43.47306  -59.99670    32.8372    32.8362     4.3024     4.3014    26.0355    26.0349    6.63194    6.64932         26 0.0000e+00
      17046    710.223     73.000     4.3203   3.104233     4.3184   3.103997      98.63     0.0693     2.9861     2.6303  32.278973  4.3914638   43.47306  -59.99670    32.8456    32.8444     4.3154     4.3134    26.0408    26.0401    6.62460    6.63377         23 0.0000e+00
      17068    711.128     74.000     4.3713   3.109870     4.3656   3.109787      98.63     0.0676     2.9803     2.6244  32.293442  4.4164519   43.47308  -59.99670    32.8598    32.8645     4.3662     4.3605    26.0469    26.0512    6.60456    6.60729         21 0.0000e+00
      17089    711.985     75.000     4.5162   3.125994     4.5081   3.126055      98.63     0.0669     2.9749     2.6189  32.371235  4.4271812   43.47308  -59.99670    32.9033    32.9120     4.5109     4.5029    26.0663    26.0740    6.57185    6.56872         20 0.0000e+00
      17110    712.857     76.000     4.5925   3.134376     4.5893   3.134170      98.63     0.0611     2.9698     2.6141  32.425083  4.4359255   43.47308  -59.99671    32.9243    32.9252     4.5871     4.5839    26.0749    26.0760    6.53522    6.54122         22 0.0000e+00
      17132    713.787     77.000     4.6130   3.136699     4.6119   3.136626      98.63     0.0589     2.9625     2.6081  32.446774  4.4709668   43.47308  -59.99672    32.9304    32.9308     4.6076     4.6064    26.0776    26.0780    6.51512    6.51681         23 0.0000e+00
      17155    714.742     78.000     4.6294   3.138628     4.6283   3.138492      98.63     0.0555     2.9574     2.6026  32.481647  4.5330896   43.47308  -59.99672    32.9360    32.9356     4.6239     4.6227    26.0803    26.0801    6.51909    6.50606         23 0.0000e+00
      17177    715.671     79.000     4.6454   3.140685     4.6431   3.140521      98.63     0.0580     2.9537     2.5982  32.509644  4.5575552   43.47308  -59.99672    32.9435    32.9440     4.6398     4.6374    26.0846    26.0851    6.51501    6.51264         22 0.0000e+00
      17199    716.601     80.000     4.6952   3.147039     4.6882   3.146483      98.63     0.0551     2.9509     2.5974  32.598408  4.6309862   43.47309  -59.99672    32.9672    32.9678     4.6895     4.6824    26.0980    26.0992    6.51776    6.52625         22 0.0000e+00
      17223    717.577     81.000     4.7105   3.149295     4.7094   3.149120      98.63     0.0557     2.9505     2.5973  32.611496  4.6370826   43.47310  -59.99672    32.9777    32.9768     4.7047     4.7035    26.1047    26.1041    6.52363    6.50963         25 0.0000e+00
      17249    718.657     82.000     4.6856   3.147911     4.6867   3.147737      98.63     0.0589     2.9489     2.5934  32.665661  4.6700459   43.47310  -59.99673    32.9859    32.9831     4.6797     4.6808    26.1139    26.1115    6.50102    6.48087         27 0.0000e+00
      17275    719.746     83.000     4.6470   3.146241     4.6485   3.146136      98.63     0.0512     2.9440     2.5896  32.703259  4.6856251   43.47310  -59.99674    33.0044    33.0017     4.6411     4.6426    26.1327    26.1304    6.47164    6.47498         24 0.0000e+00
      17298    720.718     84.000     4.6919   3.153588     4.6849   3.153332      98.63     0.0523     2.9372     2.5843  32.781639  4.7202373   43.47310  -59.99674    33.0444    33.0485     4.6859     4.6789    26.1596    26.1636    6.41001    6.41938         22 0.0000e+00
      17319    721.585     85.000     4.7568   3.161142     4.7536   3.161115      98.63     0.0489     2.9266     2.5769  32.789486  4.7154403   43.47311  -59.99674    33.0668    33.0698     4.7507     4.7474    26.1704    26.1731    6.34317    6.36960         21 0.0000e+00
      17339    722.429     86.000     4.8295   3.169009     4.8242   3.169076      98.63     0.0473     2.9161     2.5689  32.871021  4.6804304   43.47312  -59.99674    33.0850    33.0911     4.8232     4.8179    26.1769    26.1823    6.32586    6.34662         20 0.0000e+00
      17360    723.307     87.000     4.9312   3.180930     4.9253   3.180803      98.63     0.0436     2.9094     2.5642  32.871796  4.6800976   43.47312  -59.99674    33.1210    33.1253     4.9247     4.9189    26.1942    26.1983    6.33001    6.34923         22 0.0000e+00
      17383    724.253     88.000     4.9909   3.189452     4.9861   3.189341      98.63     0.0448     2.9059     2.5629  32.917805  4.7499614   43.47312  -59.99674    33.1592    33.1628     4.9844     4.9795    26.2179    26.2212    6.37163    6.38715         23 0.0000e+00
      17407    725.231     89.000     5.1188   3.203764     5.1114   3.203937      98.63     0.0507     2.9103     2.5676  32.926796  4.7610531   43.47312  -59.99674    33.1961    33.2054     5.1121     5.1047    26.2328    26.2409    6.38178    6.38227         23 0.0000e+00
      17429    726.169     90.000     5.3193   3.225919     5.3037   3.225768      98.63     0.0498     2.9102     2.5668  32.947643  4.8705812   43.47312  -59.99676    33.2501    33.2639     5.3124     5.2968    26.2525    26.2653    6.29189    6.30438         23 0.0000e+00
      17451    727.082     91.000     5.5092   3.246169     5.5008   3.246053      98.63     0.0457     2.9044     2.5638  32.950317  4.9039598   43.47312  -59.99676    33.2923    33.2992     5.5020     5.4936    26.2638    26.2702    6.22194    6.24927         22 0.0000e+00
      17474    728.049     92.000     5.5268   3.248083     5.5379   3.249390      98.63     0.0427     2.8989     2.5597  32.952953  5.0391822   43.47314  -59.99676    33.2959    33.2998     5.5196     5.5306    26.2646    26.2663    6.20943    6.22224         24 0.0000e+00
      17500    729.145     93.000     5.5621   3.251916     5.5642   3.252444      98.63     0.0447     2.8912     2.5518  32.953949  5.1195722   43.47314  -59.99676    33.3040    33.3079     5.5548     5.5569    26.2668    26.2696    6.15868    6.15394         28 0.0000e+00
      17528    730.305     94.000     5.7119   3.268284     5.7025   3.268208      98.63     0.0466     2.8778     2.5376  32.999313  5.3155155   43.47314  -59.99676    33.3409    33.3492     5.7043     5.6950    26.2780    26.2858    6.06884    6.06393         27 0.0000e+00
      17553    731.326     95.000     6.0372   3.305060     5.9967   3.303648      98.63     0.0450     2.8641     2.5257  33.009121  5.3546124   43.47314  -59.99676    33.4333    33.4573     6.0293     5.9889    26.3111    26.3352    5.98896    5.99393         22 0.0000e+00
      17573    732.179     96.000     6.3095   3.335631     6.2979   3.335486      98.63     0.0466     2.8551     2.5180  33.038795  5.4740739   43.47316  -59.99676    33.5067    33.5165     6.3013     6.2897    26.3348    26.3440    5.94993    5.94686         19 0.0000e+00
      17592    732.964     97.000     6.3549   3.340768     6.3529   3.340921      98.63     0.0467     2.8482     2.5123  33.045361  5.5008278   43.47316  -59.99676    33.5204    33.5224     6.3466     6.3445    26.3399    26.3417    5.93892    5.93574         19 0.0000e+00
      17611    733.740     98.000     6.3757   3.343529     6.3732   3.343592      98.63     0.0451     2.8428     2.5079  33.036163  5.6194301   43.47316  -59.99677    33.5285    33.5317     6.3673     6.3648    26.3436    26.3464    5.94514    5.94064         19 0.0000e+00
      17632    734.623     99.000     6.4217   3.350120     6.4206   3.350111      98.63     0.0402     2.8404     2.5057  33.009239  5.9225984   43.47316  -59.99678    33.5560    33.5570     6.4132     6.4121    26.3594    26.3603    5.95508    5.93318         24 0.0000e+00
      17659    735.745    100.000     6.4357   3.354483     6.4336   3.354417      98.63     0.0386     2.8376     2.5015  33.022861  6.0121479   43.47316  -59.99678    33.5903    33.5916     6.4271     6.4250    26.3846    26.3860    5.93879    5.92173         30 0.0000e+00
      17690    737.023    101.000     6.4555   3.357131     6.4550   3.357093      98.63     0.0369     2.8348     2.5001  33.048073  6.1573367   43.47316  -59.99678    33.5998    33.5999     6.4468     6.4462    26.3895    26.3897    5.95299    5.94309         29 0.0000e+00
      17714    738.062    102.000     6.4415   3.356066     6.4412   3.356002      98.63     0.0390     2.8362     2.5018  33.063599  6.1874681   43.47318  -59.99678    33.6012    33.6008     6.4327     6.4324    26.3925    26.3922    5.96907    5.95827         22 0.0000e+00
      17735    738.905    103.000     6.4635   3.359034     6.4606   3.359013      98.63     0.0386     2.8366     2.5030  33.069138  6.2047024   43.47318  -59.99679    33.6121    33.6147     6.4545     6.4517    26.3982    26.4007    5.95651    5.95027         19 0.0000e+00
      17754    739.688    104.000     6.4999   3.363337     6.4988   3.363495      98.63     0.0392     2.8360     2.5026  33.094044  6.2158580   43.47318  -59.99680    33.6234    33.6263     6.4909     6.4897    26.4025    26.4049    5.93567    5.91762         18 0.0000e+00
      17773    740.519    105.000     6.5770   3.372235     6.5728   3.372603      98.63     0.0362     2.8329     2.4982  33.193909  6.2624087   43.47318  -59.99680    33.6457    33.6540     6.5678     6.5636    26.4100    26.4171    5.88529    5.85938         22 0.0000e+00
      17797    741.495    106.000     6.7151   3.387969     6.7024   3.387347      98.63     0.0334     2.8249     2.4903  33.196472  6.2702909   43.47318  -59.99680    33.6835    33.6891     6.7057     6.6930    26.4215    26.4277    5.83262    5.81313         25 0.0000e+00
      17822    742.558    107.000     6.8083   3.398370     6.7988   3.397923      98.63     0.0384     2.8179     2.4837  33.215530  6.3615975   43.47320  -59.99680    33.7061    33.7105     6.7987     6.7893    26.4270    26.4317    5.81602    5.79127         25 0.0000e+00
      17846    743.555    108.000     6.9487   3.414359     6.9390   3.414896      98.63     0.0373     2.8124     2.4782  33.217094  6.3778405   43.47320  -59.99680    33.7437    33.7591     6.9389     6.9292    26.4377    26.4511    5.78595    5.76016         23 0.0000e+00
      17869    744.491    109.000     7.1874   3.442182     7.1757   3.442379      98.63     0.0404     2.8069     2.4738  33.223377  6.5344505   43.47320  -59.99680    33.8139    33.8276     7.1773     7.1656    26.4602    26.4726    5.73607    5.71273         23 0.0000e+00
      17892    745.476    110.000     7.3593   3.463088     7.3663   3.465335      98.63     0.0388     2.8016     2.4688  33.221153  6.5581470   43.47320  -59.99682    33.8730    33.8906     7.3489     7.3559    26.4828    26.4957    5.71069    5.66988         25 0.0000e+00
      17920    746.634    111.000     7.5203   3.483471     7.5230   3.484457      98.63     0.0360     2.7965     2.4628  33.189102  6.7875857   43.47320  -59.99682    33.9363    33.9443     7.5097     7.5124    26.5098    26.5158    5.67106    5.63474         30 0.0000e+00
      17951    747.902    112.000     7.5743   3.490698     7.5715   3.490592      98.63     0.0328     2.7905     2.4577  33.174126  6.9386420   43.47321  -59.99682    33.9612    33.9629     7.5636     7.5607    26.5218    26.5235    5.65380    5.62060         29 0.0000e+00
      17976    748.962    113.000     7.6621   3.501760     7.6580   3.502060      98.63     0.0328     2.7865     2.4544  33.162888  7.1073952   43.47322  -59.99682    33.9946    34.0018     7.6511     7.6470    26.5354    26.5417    5.63603    5.60147         23 0.0000e+00
      17999    749.903    114.000     7.7402   3.511371     7.7436   3.512170      98.63     0.0317     2.7825     2.4514  33.199089  7.1866684   43.47322  -59.99682    34.0215    34.0268     7.7291     7.7325    26.5453    26.5490    5.62291    5.58071         22 0.0000e+00
      18021    750.821    115.000     7.8125   3.520319     7.8088   3.520431      98.63     0.0310     2.7808     2.4486  33.233768  7.2721148   43.47322  -59.99682    34.0467    34.0515     7.8013     7.7976    26.5546    26.5590    5.61722    5.56657         22 0.0000e+00
      18043    751.767    116.000     7.8768   3.528319     7.8743   3.528522      98.63     0.0322     2.7789     2.4463  33.235691  7.3437266   43.47322  -59.99683    34.0695    34.0742     7.8654     7.8628    26.5631    26.5672    5.60230    5.55319         25 0.0000e+00
