data/CTD/2014/CNV/d017a012.cnv
* Sea-Bird SBE 9 Data File:
* FileName = C:\CTD_ACQUISITION\2014017HUD\ctddata\017A012.hdr
* Software Version Seasave V 7.22.2
* Temperature SN = 5081
* Conductivity SN = 3561
* Number of Bytes Per Scan = 37
* Number of Voltage Words = 4
* Number of Scans Averaged by the Deck Unit = 1
* NMEA Latitude = 52 48.96 N
* NMEA Longitude = 051 41.79 W
* NMEA UTC (Time) = Jul 03 2014 21:58:08
* NMEA baud rate = 9600
** Ship: Hudson
** Cruise: HUD2014017
** Chief_Scientist: Blair Greenan
** Organization: BIO
** Area_of_Operation: Sackville Spur
** Station: 012
** Sounding:  783
** Event_Comments: C3, 403023
# nquan = 25
# nvalues = 816                         
# units = specified
# name 0 = scan: Scan Count
# name 1 = timeS: Time, Elapsed [seconds]
# name 2 = prDM: Pressure, Digiquartz [db]
# name 3 = t068C: Temperature [ITS-68, deg C]
# name 4 = c0S/m: Conductivity [S/m]
# name 5 = t168C: Temperature, 2 [ITS-68, deg C]
# name 6 = c1S/m: Conductivity, 2 [S/m]
# name 7 = altM: Altimeter [m]
# name 8 = flC: Fluorescence, Chelsea Aqua 3 Chl Con [ug/l]
# name 9 = sbeox0V: Oxygen raw, SBE 43 [V]
# name 10 = sbeox1V: Oxygen raw, SBE 43, 2 [V]
# name 11 = upoly0: Upoly 0, Optode 4330F - O2 D-Phase
# name 12 = upoly1: Upoly 1, Optode 4330F - O2 Temp
# name 13 = latitude: Latitude [deg]
# name 14 = longitude: Longitude [deg]
# name 15 = sal00: Salinity, Practical [PSU]
# name 16 = sal11: Salinity, Practical, 2 [PSU]
# name 17 = potemp068C: Potential Temperature [ITS-68, deg C]
# name 18 = potemp168C: Potential Temperature, 2 [ITS-68, deg C]
# name 19 = sigma-é00: Density [sigma-theta, Kg/m^3]
# name 20 = sigma-é11: Density, 2 [sigma-theta, Kg/m^3]
# name 21 = sbeox0ML/L: Oxygen, SBE 43 [ml/l], WS = 2
# name 22 = sbeox1ML/L: Oxygen, SBE 43, 2 [ml/l], WS = 2
# name 23 = nbin: number of scans per bin
# name 24 = flag: flag
# span 0 =       4481,      27354       
# span 1 =    186.659,   1139.704       
# span 2 =      1.000,    816.000       
# span 3 =    -0.3674,     3.8993       
# span 4 =   2.775866,   3.244045       
# span 5 =    -0.3679,     3.8994       
# span 6 =   2.775655,   3.243897       
# span 7 =       1.32,     101.01       
# span 8 =     0.0033,     0.9583       
# span 9 =     2.7542,     3.6277       
# span 10 =     2.4354,     3.1939      
# span 11 =  30.397314,  33.619282      
# span 12 = -0.1068407,  3.8769493      
# span 13 =   52.81520,   52.81626      
# span 14 =  -51.69532,  -51.69183      
# span 15 =    31.9080,    34.8510      
# span 16 =    31.9062,    34.8494      
# span 17 =    -0.3685,     3.8867      
# span 18 =    -0.3690,     3.8868      
# span 19 =    25.3975,    27.7142      
# span 20 =    25.3969,    27.7130      
# span 21 =    6.67434,    9.32374      
# span 22 =    6.70264,    9.42830      
# span 23 =         11,         86      
# span 24 = 0.0000e+00, 0.0000e+00      
# interval = decibars: 1                
# start_time = Jul 03 2014 21:58:08 [NMEA time, header]
# bad_flag = -9.990e-29
*END*
[from data line 58]
       7882    328.382     59.000     0.9340   2.912081     0.9333   2.912272      35.07     0.0321     3.0803     2.7288  33.502518  0.5798201   52.81584  -51.69474    34.0292    34.0325     0.9315     0.9308    27.2692    27.2719    7.58528    7.68735         34 0.0000e+00
       7935    330.576     60.000     1.0259   2.920971     1.0245   2.920920      94.43     0.0320     3.0830     2.7317  33.466290  0.7125822   52.81584  -51.69474    34.0425    34.0435     1.0235     1.0219    27.2740    27.2749    7.50326    7.61507         70 0.0000e+00
       7990    332.891     61.000     1.1592   2.934110     1.1499   2.933691      63.16     0.0370     3.0773     2.7294  33.445992  0.8026299   52.81584  -51.69473    34.0652    34.0701     1.1565     1.1472    27.2835    27.2880    7.42521    7.54971         33 0.0000e+00
       8016    333.938     62.000     1.2945   2.947873     1.2932   2.948153      75.96     0.0359     3.0735     2.7260  33.443150  0.8122333   52.81584  -51.69472    34.0933    34.0983     1.2917     1.2904    27.2969    27.3010    7.39323    7.47977         23 0.0000e+00
       8040    334.938     63.000     1.3019   2.949730     1.3045   2.949701      55.36     0.0373     3.0692     2.7190  33.397484  0.8718888   52.81584  -51.69472    34.1084    34.1052     1.2990     1.3016    27.3086    27.3058    7.32651    7.40626         27 0.0000e+00
       8104    337.610     64.000     1.2376   2.943985     1.2324   2.943387      51.31     0.0375     3.0399     2.6911  33.319141  1.0347852   52.81584  -51.69471    34.1044    34.1021     1.2347     1.2295    27.3098    27.3083    7.22202    7.32032         57 0.0000e+00
       8159    339.921     65.000     1.1474   2.936459     1.1545   2.936791      99.13     0.0396     3.0182     2.6729  33.302597  1.0367376   52.81584  -51.69470    34.1059    34.1024     1.1445     1.1516    27.3170    27.3138    7.21865    7.32548         24 0.0000e+00
       8182    340.892     66.000     1.1613   2.939275     1.1603   2.939144      54.58     0.0341     3.0116     2.6683  33.307674  1.0459555   52.81584  -51.69470    34.1263    34.1257     1.1584     1.1573    27.3325    27.3321    7.21470    7.32585         24 0.0000e+00
       8210    342.021     67.000     1.0989   2.934167     1.1114   2.934920      78.10     0.0299     3.0066     2.6651  33.325359  1.0655205   52.81584  -51.69469    34.1285    34.1261     1.0959     1.1085    27.3384    27.3356    7.23357    7.34056         32 0.0000e+00
       8265    344.334     68.000     1.0524   2.929997     1.0499   2.929688      71.52     0.0319     3.0014     2.6608  33.369373  1.0434697   52.81584  -51.69467    34.1252    34.1240     1.0494     1.0470    27.3388    27.3380    7.25460    7.35398         85 0.0000e+00
       8338    347.395     69.000     1.0301   2.928273     1.0337   2.928537      50.16     0.0328     2.9965     2.6557  33.426857  1.0107542   52.81584  -51.69466    34.1268    34.1262     1.0271     1.0307    27.3416    27.3409    7.24007    7.32656         45 0.0000e+00
       8370    348.721     70.000     1.0568   2.931445     1.0567   2.931456      70.47     0.0262     2.9951     2.6532  33.436184  1.0152720   52.81584  -51.69466    34.1378    34.1381     1.0537     1.0536    27.3487    27.3489    7.25460    7.33667         26 0.0000e+00
       8394    349.719     71.000     1.0722   2.933047     1.0719   2.933006      56.81     0.0271     2.9949     2.6529  33.473385  1.0057892   52.81584  -51.69465    34.1409    34.1407     1.0691     1.0688    27.3502    27.3500    7.25060    7.32841         24 0.0000e+00
       8421    350.853     72.000     1.1270   2.938705     1.1216   2.938400      93.84     0.0284     2.9948     2.6516  33.485039  1.0104200   52.81584  -51.69464    34.1530    34.1550     1.1238     1.1184    27.3562    27.3582    7.24350    7.32296         34 0.0000e+00
       8490    353.715     73.000     1.2169   2.948102     1.2319   2.949652      66.91     0.0247     2.9939     2.6526  33.506062  1.0537596   52.81584  -51.69462    34.1742    34.1780     1.2139     1.2286    27.3672    27.3693    7.21420    7.30941         86 0.0000e+00
       8545    355.985     74.000     1.2941   2.956328     1.2930   2.956363      68.46     0.0309     2.9933     2.6511  33.542194  1.1060661   52.81584  -51.69462    34.1948    34.1959     1.2907     1.2897    27.3786    27.3795    7.20643    7.28080         34 0.0000e+00
       8575    357.252     75.000     1.3403   2.961936     1.3396   2.961963      92.24     0.0280     2.9938     2.6515  33.535133  1.1316451   52.81584  -51.69460    34.2153    34.2164     1.3368     1.3361    27.3919    27.3928    7.20459    7.28799         30 0.0000e+00
       8614    358.869     76.000     1.3906   2.967553     1.3901   2.967523      71.93     0.0271     2.9948     2.6520  33.537624  1.1816769   52.81584  -51.69460    34.2314    34.2316     1.3871     1.3866    27.4013    27.4015    7.18950    7.26747         56 0.0000e+00
       8685    361.817     77.000     1.4087   2.969518     1.4087   2.969459      65.14     0.0217     2.9934     2.6499  33.552143  1.2760069   52.81584  -51.69458    34.2361    34.2354     1.4051     1.4051    27.4038    27.4033    7.17323    7.25705         56 0.0000e+00
       8716    363.136     78.000     1.4268   2.971546     1.4262   2.971510      98.77     0.0224     2.9925     2.6504  33.558865  1.2794869   52.81584  -51.69458    34.2417    34.2419     1.4231     1.4225    27.4070    27.4072    7.16721    7.25726         27 0.0000e+00
       8743    364.233     79.000     1.4693   2.975949     1.4688   2.975952      92.47     0.0269     2.9916     2.6496  33.560890  1.2784214   52.81584  -51.69456    34.2507    34.2513     1.4656     1.4650    27.4112    27.4118    7.15209    7.23347         28 0.0000e+00
       8796    366.455     80.000     1.4987   2.979053     1.5005   2.979212      69.05     0.0281     2.9888     2.6463  33.569702  1.3402725   52.81584  -51.69456    34.2578    34.2576     1.4948     1.4967    27.4148    27.4146    7.14300    7.21809         80 0.0000e+00
       8856    368.966     81.000     1.5374   2.983312     1.5372   2.983319      62.62     0.0241     2.9881     2.6450  33.590149  1.3792571   52.81584  -51.69455    34.2688    34.2691     1.5335     1.5333    27.4209    27.4212    7.14321    7.22633         35 0.0000e+00
       8889    370.321     82.000     1.5510   2.984878     1.5512   2.984826      45.55     0.0253     2.9877     2.6459  33.589745  1.3785104   52.81584  -51.69453    34.2733    34.2725     1.5470     1.5472    27.4235    27.4229    7.13699    7.21663         34 0.0000e+00
       8925    371.828     83.000     1.5540   2.985237     1.5539   2.985153      95.41     0.0278     2.9877     2.6444  33.589745  1.4257556   52.81585  -51.69452    34.2740    34.2731     1.5499     1.5499    27.4239    27.4232    7.14310    7.21126         38 0.0000e+00
       8976    373.966     84.000     1.5636   2.986299     1.5618   2.986052      72.95     0.0240     2.9884     2.6449  33.595982  1.4522579   52.81585  -51.69452    34.2764    34.2753     1.5596     1.5577    27.4251    27.4243    7.13819    7.21402         69 0.0000e+00
       9041    376.668     85.000     1.6078   2.991045     1.6071   2.990932      41.03     0.0226     2.9852     2.6432  33.607014  1.4701071   52.81584  -51.69451    34.2878    34.2872     1.6037     1.6029    27.4311    27.4307    7.10983    7.19678         44 0.0000e+00
       9072    377.943     86.000     1.6143   2.991755     1.6140   2.991714      99.47     0.0262     2.9852     2.6436  33.619282  1.4785355   52.81584  -51.69450    34.2891    34.2890     1.6101     1.6098    27.4317    27.4316    7.12200    7.20805         27 0.0000e+00
       9098    379.038     87.000     1.6639   2.997018     1.6629   2.997054      34.61     0.0254     2.9852     2.6444  33.619049  1.4967192   52.81586  -51.69448    34.3012    34.3027     1.6596     1.6586    27.4377    27.4390    7.11596    7.20283         28 0.0000e+00
       9146    381.034     88.000     1.7100   3.002001     1.7057   3.001547      82.81     0.0235     2.9847     2.6435  33.604599  1.5398819   52.81586  -51.69448    34.3134    34.3124     1.7057     1.7013    27.4441    27.4436    7.09668    7.17278         82 0.0000e+00
       9224    384.291     89.000     1.7378   3.004885     1.7401   3.005134      60.25     0.0208     2.9804     2.6391  33.602749  1.6095967   52.81584  -51.69446    34.3196    34.3209     1.7334     1.7357    27.4470    27.4479    7.06725    7.15159         43 0.0000e+00
       9250    385.390     90.000     1.7777   3.009164     1.7772   3.009173      88.98     0.0234     2.9790     2.6386  33.615669  1.5944955   52.81585  -51.69446    34.3290    34.3297     1.7732     1.7727    27.4516    27.4521    7.06649    7.14356         25 0.0000e+00
       9276    386.473     91.000     1.8072   3.012293     1.8070   3.012272      41.15     0.0314     2.9786     2.6374  33.618473  1.5944209   52.81586  -51.69444    34.3358    34.3358     1.8026     1.8024    27.4548    27.4547    7.06819    7.13718         29 0.0000e+00
       9321    388.319     92.000     1.8265   3.014376     1.8264   3.014331      85.80     0.0307     2.9796     2.6372  33.593079  1.6677920   52.81586  -51.69444    34.3405    34.3400     1.8218     1.8218    27.4571    27.4567    7.07286    7.13634         69 0.0000e+00
       9397    391.521     93.000     1.8411   3.015957     1.8412   3.015910      58.05     0.0227     2.9776     2.6341  33.607635  1.7148830   52.81584  -51.69442    34.3437    34.3433     1.8366     1.8364    27.4585    27.4582    7.03939    7.11081         58 0.0000e+00
       9434    393.032     94.000     1.8730   3.019306     1.8730   3.019292      98.88     0.0206     2.9751     2.6325  33.612251  1.7194655   52.81586  -51.69442    34.3514    34.3507     1.8682     1.8682    27.4622    27.4617    7.03942    7.10694         30 0.0000e+00
       9463    394.265     95.000     1.9225   3.024606     1.9225   3.024811      86.39     0.0238     2.9750     2.6320  33.603947  1.7301096   52.81586  -51.69440    34.3632    34.3658     1.9176     1.9176    27.4679    27.4700    7.03518    7.10709         30 0.0000e+00
       9498    395.698     96.000     1.9869   3.031466     1.9867   3.031451      77.02     0.0252     2.9738     2.6323  33.599209  1.7717682   52.81586  -51.69439    34.3788    34.3788     1.9819     1.9817    27.4754    27.4754    7.01876    7.09482         41 0.0000e+00
       9552    397.971     97.000     2.0302   3.036070     2.0289   3.035937      90.26     0.0215     2.9751     2.6329  33.591526  1.8391402   52.81586  -51.69438    34.3889    34.3886     2.0251     2.0238    27.4801    27.4800    7.02751    7.09063         74 0.0000e+00
       9636    401.451     98.000     2.0555   3.038774     2.0556   3.038709      89.03     0.0233     2.9752     2.6331  33.597042  1.9043989   52.81586  -51.69437    34.3948    34.3938     2.0503     2.0504    27.4828    27.4821    7.00415    7.07674         60 0.0000e+00
       9666    402.696     99.000     2.0628   3.039588     2.0628   3.039585      98.91     0.0230     2.9742     2.6321  33.603958  1.8349904   52.81586  -51.69436    34.3965    34.3964     2.0575     2.0576    27.4837    27.4836    7.01259    7.08067         22 0.0000e+00
       9685    403.514    100.000     2.0872   3.042180     2.0870   3.042197      83.05     0.0227     2.9749     2.6326  33.594997  1.8433726   52.81586  -51.69436    34.4019    34.4023     2.0819     2.0817    27.4861    27.4864    7.02843    7.08809         19 0.0000e+00
       9705    404.335    101.000     2.1206   3.045763     2.1201   3.045763      85.38     0.0227     2.9766     2.6338  33.597424  1.8827841   52.81586  -51.69434    34.4099    34.4104     2.1152     2.1148    27.4898    27.4902    7.02350    7.08695         21 0.0000e+00
       9749    406.179    102.000     2.1330   3.047138     2.1298   3.046751      93.36     0.0255     2.9778     2.6356  33.593582  1.6750296   52.81586  -51.69433    34.4130    34.4117     2.1276     2.1244    27.4913    27.4905    7.02206    7.09222         44 0.0000e+00
       9851    410.433    103.000     2.1460   3.048443     2.1391   3.048018      81.49     0.0229     2.9800     2.6380  33.603569  1.2969707   52.81586  -51.69432    34.4147    34.4169     2.1405     2.1336    27.4916    27.4939    7.03573    7.09243         23 0.0000e+00
       9869    411.180    104.000     2.1748   3.051564     2.1742   3.051469      92.68     0.0253     2.9812     2.6387  33.594475  1.2691892   52.81586  -51.69430    34.4219    34.4214     2.1692     2.1686    27.4951    27.4947    7.01830    7.08806         22 0.0000e+00
       9895    412.271    105.000     2.1902   3.053262     2.1905   3.053287      89.09     0.0264     2.9816     2.6389  33.590076  1.2887745   52.81586  -51.69430    34.4258    34.4258     2.1846     2.1848    27.4969    27.4970    7.02110    7.08316         34 0.0000e+00
       9957    414.817    106.000     2.2207   3.056554     2.2227   3.056754      82.50     0.0243     2.9822     2.6394  33.578938  1.9187384   52.81586  -51.69428    34.4332    34.4337     2.2150     2.2170    27.5004    27.5007    7.00653    7.07665         75 0.0000e+00
      10012    417.105    107.000     2.2722   3.062073     2.2718   3.062047      88.57     0.0259     2.9817     2.6387  33.582882  2.1074772   52.81586  -51.69427    34.4457    34.4458     2.2663     2.2660    27.5062    27.5063    6.99761    7.06446         45 0.0000e+00
      10054    418.868    108.000     2.2991   3.065003     2.2993   3.064961      97.88     0.0213     2.9812     2.6390  33.565235  1.5252305   52.81586  -51.69425    34.4525    34.4518     2.2932     2.2933    27.5094    27.5089    6.98897    7.06591         37 0.0000e+00
      10087    420.256    109.000     2.3050   3.065675     2.3052   3.065613      87.88     0.0204     2.9815     2.6401  33.543812  2.0551646   52.81586  -51.69424    34.4539    34.4529     2.2990     2.2992    27.5101    27.5093    7.00601    7.08119         31 0.0000e+00
      10122    421.694    110.000     2.3110   3.066332     2.3111   3.066270      63.01     0.0206     2.9840     2.6425  33.552689  2.1951084   52.81586  -51.69423    34.4550    34.4541     2.3049     2.3051    27.5105    27.5097    7.01829    7.08101         43 0.0000e+00
      10197    424.827    111.000     2.3189   3.067211     2.3183   3.067061      95.10     0.0289     2.9858     2.6408  33.548214  2.2328479   52.81586  -51.69422    34.4568    34.4556     2.3128     2.3122    27.5113    27.5104    6.98963    7.04778         64 0.0000e+00
      10228    426.111    112.000     2.3340   3.068856     2.3334   3.068779      94.01     0.0226     2.9830     2.6387  33.553741  2.1384501   52.81586  -51.69420    34.4604    34.4601     2.3278     2.3272    27.5129    27.5127    6.97451    7.04423         24 0.0000e+00
      10250    427.031    113.000     2.3722   3.072998     2.3706   3.073007      79.33     0.0203     2.9811     2.6378  33.541050  1.6782866   52.81586  -51.69420    34.4699    34.4718     2.3659     2.3643    27.5174    27.5190    6.97504    7.04330         21 0.0000e+00
      10273    428.001    114.000     2.4407   3.080326     2.4401   3.080434      98.24     0.0250     2.9823     2.6389  33.531338  1.5221930   52.81586  -51.69420    34.4862    34.4883     2.4343     2.4336    27.5247    27.5264    6.99434    7.06231         26 0.0000e+00
      10305    429.347    115.000     2.5081   3.087605     2.5084   3.087656      85.24     0.0250     2.9848     2.6422  33.511635  1.5398692   52.81586  -51.69418    34.5030    34.5033     2.5016     2.5018    27.5324    27.5326    6.97394    7.04334         39 0.0000e+00
