data/CTD/2014/CNV/d017a028.cnv
* Sea-Bird SBE 9 Data File:
* FileName = C:\CTD_ACQUISITION\2014017HUD\ctddata\017A028.hdr
* Software Version Seasave V 7.22.2
* Temperature SN = 5081
* Conductivity SN = 3561
* Number of Bytes Per Scan = 37
* Number of Voltage Words = 4
* Number of Scans Averaged by the Deck Unit = 1
* NMEA Latitude = 48 50.76 N
* NMEA Longitude = 045 44.71 W
* NMEA UTC (Time) = Jul 07 2014 02:20:34
* NMEA baud rate = 9600
** Ship: Hudson
** Cruise: HUD2014017
** Chief_Scientist: Blair Greenan
** Organization: BIO
** Area_of_Operation: Sackville Spur
** Station: 028
** Sounding:  2020
** Event_Comments: SS_26, 403163
# nquan = 25
# nvalues = 2078                        
# units = specified
# name 0 = scan: Scan Count
# name 1 = timeS: Time, Elapsed [seconds]
# name 2 = prDM: Pressure, Digiquartz [db]
# name 3 = t068C: Temperature [ITS-68, deg C]
# name 4 = c0S/m: Conductivity [S/m]
# name 5 = t168C: Temperature, 2 [ITS-68, deg C]
# name 6 = c1S/m: Conductivity, 2 [S/m]
# name 7 = altM: Altimeter [m]
# name 8 = flC: Fluorescence, Chelsea Aqua 3 Chl Con [ug/l]
# name 9 = sbeox0V: Oxygen raw, SBE 43 [V]
# name 10 = sbeox1V: Oxygen raw, SBE 43, 2 [V]
# name 11 = upoly0: Upoly 0, Optode 4330F - O2 D-Phase
# name 12 = upoly1: Upoly 1, Optode 4330F - O2 Temp
# name 13 = latitude: Latitude [deg]
# name 14 = longitude: Longitude [deg]
# name 15 = sal00: Salinity, Practical [PSU]
# name 16 = sal11: Salinity, Practical, 2 [PSU]
# name 17 = potemp068C: Potential Temperature [ITS-68, deg C]
# name 18 = potemp168C: Potential Temperature, 2 [ITS-68, deg C]
# name 19 = sigma-é00: Density [sigma-theta, Kg/m^3]
# name 20 = sigma-é11: Density, 2 [sigma-theta, Kg/m^3]
# name 21 = sbeox0ML/L: Oxygen, SBE 43 [ml/l], WS = 2
# name 22 = sbeox1ML/L: Oxygen, SBE 43, 2 [ml/l], WS = 2
# name 23 = nbin: number of scans per bin
# name 24 = flag: flag
# span 0 =       6592,      58990       
# span 1 =    274.645,   2457.875       
# span 2 =     11.000,   2088.000       
# span 3 =     2.7195,     8.5341       
# span 4 =   3.103398,   3.559521       
# span 5 =     2.7191,     8.5419       
# span 6 =   3.103266,   3.560004       
# span 7 =       4.81,     105.57       
# span 8 =     0.0076,     0.3482       
# span 9 =     2.2862,     3.5502       
# span 10 =     2.0234,     3.0761      
# span 11 =  30.070221,  35.278572      
# span 12 =  2.8401649,  8.5248871      
# span 13 =   48.84606,   48.84819      
# span 14 =  -45.74492,  -45.74166      
# span 15 =    33.8158,    34.9162      
# span 16 =    33.8138,    34.9156      
# span 17 =     2.7153,     8.5333      
# span 18 =     2.7149,     8.5408      
# span 19 =    26.2639,    27.8382      
# span 20 =    26.2611,    27.8378      
# span 21 =    6.26793,    7.72402      
# span 22 =    6.24976,    7.75053      
# span 23 =         12,         90      
# span 24 = 0.0000e+00, 0.0000e+00      
# interval = decibars: 1                
# start_time = Jul 07 2014 02:20:34 [NMEA time, header]
# bad_flag = -9.990e-29
*END*
[from data line 1392]
      41528   1730.308   1403.000     3.5966   3.274078     3.5960   3.273977      98.61     0.0133     2.4571     2.1731  34.770809  3.5958486   48.84704  -45.74214    34.9157    34.9151     3.4895     3.4889    27.7711    27.7708    6.27266    6.26102         18 0.0000e+00
      41547   1731.068   1404.000     3.5956   3.274031     3.5950   3.273919      70.50     0.0131     2.4563     2.1725  34.791355  3.5958486   48.84704  -45.74214    34.9157    34.9149     3.4885     3.4879    27.7712    27.7707    6.27509    6.26475         18 0.0000e+00
      41566   1731.855   1405.000     3.5933   3.273875     3.5927   3.273752      84.05     0.0103     2.4565     2.1727  34.791210  3.5958486   48.84704  -45.74214    34.9157    34.9149     3.4861     3.4856    27.7715    27.7709    6.28850    6.27158         20 0.0000e+00
      41587   1732.757   1406.000     3.5895   3.273581     3.5889   3.273460      98.42     0.0120     2.4570     2.1728  34.790009  3.5914381   48.84704  -45.74214    34.9158    34.9150     3.4823     3.4817    27.7719    27.7714    6.28703    6.27575         24 0.0000e+00
      41616   1733.939   1407.000     3.5876   3.273454     3.5871   3.273339      76.37     0.0133     2.4564     2.1730  34.789837  3.5879087   48.84704  -45.74214    34.9157    34.9149     3.4803     3.4798    27.7721    27.7715    6.28043    6.27741         32 0.0000e+00
      41645   1735.174   1408.000     3.5866   3.273417     3.5860   3.273307      95.60     0.0122     2.4560     2.1731  34.760139  3.5860047   48.84704  -45.74214    34.9159    34.9152     3.4793     3.4787    27.7723    27.7718    6.28281    6.27479         25 0.0000e+00
      41666   1736.060   1409.000     3.5860   3.273408     3.5854   3.273290      98.71     0.0124     2.4560     2.1728  34.759556  3.5860806   48.84706  -45.74214    34.9159    34.9151     3.4786     3.4780    27.7724    27.7718    6.28424    6.27290         19 0.0000e+00
      41684   1736.793   1410.000     3.5855   3.273402     3.5850   3.273290      89.25     0.0192     2.4557     2.1729  34.787819  3.5860806   48.84706  -45.74214    34.9159    34.9151     3.4780     3.4775    27.7724    27.7719    6.28361    6.27103         17 0.0000e+00
      41701   1737.500   1411.000     3.5845   3.273354     3.5839   3.273242      52.13     0.0206     2.4556     2.1722  34.791210  3.5860806   48.84706  -45.74214    34.9158    34.9151     3.4769     3.4811    27.7725    27.7720    6.28656    6.26699         17 0.0000e+00
      41720   1738.277   1412.000     3.5840   3.273352     3.5834   3.273235      80.32     0.0182     2.4557     2.1720  34.791210  3.5847108   48.84706  -45.74214    34.9159    34.9151     3.4763     3.4796    27.7726    27.7720    6.28863    6.27023         21 0.0000e+00
      41756   1739.803   1413.000     3.5835   3.273340     3.5829   3.273228      84.54     0.0151     2.4550     2.1714  34.789936  3.5772772   48.84706  -45.74215    34.9158    34.9150     3.4757     3.4756    27.7726    27.7720    6.27843    6.26625         61 0.0000e+00
      41809   1741.981   1414.000     3.5828   3.273331     3.5822   3.273221      99.90     0.0101     2.4537     2.1698  34.791344  3.5763125   48.84706  -45.74216    34.9159    34.9152     3.4749     3.4744    27.7727    27.7723    6.27843    6.25813         26 0.0000e+00
      41826   1742.713   1415.000     3.5816   3.273272     3.5811   3.273169      95.32     0.0139     2.4532     2.1696  34.791210  3.5832410   48.84706  -45.74216    34.9159    34.9153     3.4737     3.4732    27.7729    27.7724    6.28714    6.26494         17 0.0000e+00
      41842   1743.370   1416.000     3.5809   3.273256     3.5804   3.273143      47.04     0.0169     2.4541     2.1695  34.791210  3.5860610   48.84706  -45.74216    34.9160    34.9152     3.4729     3.4724    27.7730    27.7724    6.28640    6.26393         15 0.0000e+00
      41857   1743.985   1417.000     3.5798   3.273198     3.5792   3.273074      96.95     0.0167     2.4534     2.1692  34.791210  3.5860806   48.84708  -45.74216    34.9160    34.9152     3.4717     3.4711    27.7731    27.7725    6.27823    6.26173         15 0.0000e+00
      41872   1744.614   1418.000     3.5782   3.273092     3.5776   3.272978      98.63     0.0166     2.4532     2.1686  34.791210  3.5809641   48.84708  -45.74216    34.9159    34.9152     3.4700     3.4695    27.7733    27.7727    6.28203    6.26150         15 0.0000e+00
      41889   1745.318   1419.000     3.5766   3.272996     3.5761   3.272883      66.67     0.0143     2.4531     2.1686  34.791965  3.5764136   48.84708  -45.74216    34.9160    34.9152     3.4684     3.4679    27.7735    27.7729    6.28252    6.26491         19 0.0000e+00
      41911   1746.247   1420.000     3.5754   3.272933     3.5749   3.272825      48.75     0.0112     2.4527     2.1683  34.795383  3.5756228   48.84708  -45.74216    34.9160    34.9152     3.4672     3.4667    27.7735    27.7730    6.28141    6.26609         27 0.0000e+00
      41946   1747.704   1421.000     3.5755   3.272977     3.5749   3.272867      99.22     0.0114     2.4521     2.1679  34.805984  3.5718729   48.84708  -45.74216    34.9159    34.9152     3.4671     3.4666    27.7735    27.7730    6.27942    6.26424         40 0.0000e+00
      41981   1749.161   1422.000     3.5751   3.272992     3.5745   3.272878      67.62     0.0146     2.4518     2.1674  34.794468  3.5733151   48.84708  -45.74216    34.9160    34.9153     3.4667     3.4661    27.7736    27.7731    6.28499    6.26291         29 0.0000e+00
      42007   1750.259   1423.000     3.5750   3.273028     3.5745   3.272917      99.00     0.0140     2.4515     2.1673  34.792953  3.5743678   48.84710  -45.74216    34.9161    34.9153     3.4664     3.4660    27.7737    27.7731    6.28122    6.26711         25 0.0000e+00
      42031   1751.255   1424.000     3.5751   3.273072     3.5746   3.272969      98.63     0.0160     2.4514     2.1672  34.791840  3.5758958   48.84710  -45.74216    34.9160    34.9153     3.4665     3.4659    27.7736    27.7731    6.28237    6.26534         23 0.0000e+00
      42053   1752.179   1425.000     3.5752   3.273130     3.5746   3.273026      61.43     0.0131     2.4510     2.1669  34.791203  3.5763185   48.84710  -45.74216    34.9160    34.9154     3.4665     3.4659    27.7737    27.7732    6.27916    6.26063         21 0.0000e+00
      42073   1752.994   1426.000     3.5753   3.273175     3.5746   3.273071      93.18     0.0120     2.4506     2.1663  34.794525  3.5696838   48.84710  -45.74216    34.9160    34.9155     3.4665     3.4658    27.7737    27.7733    6.27828    6.25673         18 0.0000e+00
      42090   1753.706   1427.000     3.5750   3.273194     3.5744   3.273088      98.79     0.0127     2.4503     2.1658  34.793007  3.5683393   48.84710  -45.74216    34.9160    34.9154     3.4661     3.4656    27.7737    27.7732    6.28415    6.25901         16 0.0000e+00
      42106   1754.369   1428.000     3.5743   3.273175     3.5737   3.273067      98.62     0.0158     2.4507     2.1656  34.798656  3.5677521   48.84710  -45.74216    34.9161    34.9154     3.4653     3.4648    27.7738    27.7733    6.28810    6.25992         16 0.0000e+00
      42122   1755.036   1429.000     3.5729   3.273087     3.5723   3.272982      97.81     0.0193     2.4505     2.1655  34.808361  3.5665550   48.84710  -45.74216    34.9160    34.9154     3.4638     3.4632    27.7739    27.7735    6.28114    6.25818         17 0.0000e+00
      42140   1755.783   1430.000     3.5721   3.273060     3.5715   3.272952      98.60     0.0179     2.4498     2.1648  34.808075  3.5665445   48.84710  -45.74216    34.9160    34.9154     3.4630     3.4624    27.7740    27.7736    6.27807    6.26108         20 0.0000e+00
      42164   1756.786   1431.000     3.5716   3.273056     3.5710   3.272947      80.06     0.0178     2.4497     2.1649  34.811264  3.5665445   48.84710  -45.74216    34.9160    34.9154     3.4624     3.4645    27.7741    27.7736    6.28461    6.26433         29 0.0000e+00
      42199   1758.247   1432.000     3.5707   3.273011     3.5702   3.272910      89.89     0.0169     2.4492     2.1648  34.806114  3.5665445   48.84710  -45.74216    34.9160    34.9152     3.4614     3.4609    27.7741    27.7735    6.28186    6.26676         37 0.0000e+00
      42230   1759.553   1433.000     3.5683   3.272846     3.5680   3.272766      94.22     0.0157     2.4489     2.1646  34.791077  3.5665445   48.84712  -45.74216    34.9160    34.9153     3.4590     3.4587    27.7744    27.7739    6.27640    6.26220         27 0.0000e+00
      42257   1760.671   1434.000     3.5679   3.272850     3.5676   3.272772      70.45     0.0190     2.4480     2.1640  34.801006  3.5665445   48.84712  -45.74216    34.9159    34.9154     3.4585     3.4582    27.7744    27.7740    6.28072    6.25790         28 0.0000e+00
      42289   1761.986   1435.000     3.5677   3.272879     3.5675   3.272801      72.12     0.0215     2.4481     2.1636  34.808300  3.5665445   48.84712  -45.74216    34.9160    34.9153     3.4582     3.4580    27.7744    27.7739    6.28278    6.26029         35 0.0000e+00
      42321   1763.342   1436.000     3.5682   3.272963     3.5676   3.272860     100.23     0.0174     2.4477     2.1631  34.810482  3.5665445   48.84712  -45.74216    34.9160    34.9154     3.4586     3.4580    27.7744    27.7740    6.27441    6.26131         26 0.0000e+00
      42342   1764.228   1437.000     3.5677   3.272976     3.5672   3.272868      98.63     0.0106     2.4465     2.1632  34.809063  3.5665445   48.84712  -45.74216    34.9162    34.9154     3.4580     3.4576    27.7746    27.7740    6.26793    6.26560         18 0.0000e+00
      42359   1764.902   1438.000     3.5664   3.272898     3.5666   3.272853      82.00     0.0079     2.4464     2.1631  34.805737  3.5665445   48.84712  -45.74216    34.9162    34.9154     3.4566     3.4568    27.7747    27.7741    6.27804    6.26558         15 0.0000e+00
      42373   1765.501   1439.000     3.5664   3.272938     3.5658   3.272828      47.88     0.0115     2.4459     2.1631  34.806946  3.5665445   48.84712  -45.74216    34.9161    34.9154     3.4565     3.4560    27.7747    27.7742    6.28255    6.26251         14 0.0000e+00
      42387   1766.076   1440.000     3.5656   3.272917     3.5650   3.272804      99.88     0.0129     2.4461     2.1629  34.805840  3.5665445   48.84712  -45.74216    34.9161    34.9155     3.4557     3.4551    27.7748    27.7743    6.28177    6.26190         14 0.0000e+00
      42401   1766.659   1441.000     3.5645   3.272848     3.5641   3.272743      98.64     0.0139     2.4465     2.1628  34.807793  3.5620425   48.84712  -45.74216    34.9160    34.9152     3.4545     3.4541    27.7749    27.7743    6.27223    6.26024         15 0.0000e+00
      42416   1767.306   1442.000     3.5586   3.272367     3.5584   3.272267      98.64     0.0146     2.4450     2.1624  34.809250  3.5569925   48.84712  -45.74216    34.9161    34.9151     3.4486     3.4484    27.7755    27.7747    6.27181    6.26022         17 0.0000e+00
      42439   1768.241   1443.000     3.5574   3.272292     3.5569   3.272184      63.67     0.0195     2.4449     2.1619  34.809910  3.5575907   48.84714  -45.74216    34.9159    34.9152     3.4473     3.4468    27.7755    27.7750    6.27761    6.25919         32 0.0000e+00
      42503   1770.901   1444.000     3.5583   3.272400     3.5582   3.272320      88.03     0.0173     2.4445     2.1608  34.811653  3.5564940   48.84714  -45.74215    34.9158    34.9150     3.4481     3.4480    27.7753    27.7746    6.27897    6.26102         57 0.0000e+00
      42529   1771.979   1445.000     3.5578   3.272421     3.5579   3.272362      86.74     0.0177     2.4435     2.1608  34.807228  3.5567765   48.84714  -45.74216    34.9160    34.9153     3.4476     3.4476    27.7755    27.7750    6.27243    6.25735         20 0.0000e+00
      42547   1772.746   1446.000     3.5570   3.272396     3.5565   3.272292      98.89     0.0162     2.4435     2.1602  34.813316  3.5573308   48.84714  -45.74216    34.9161    34.9154     3.4466     3.4462    27.7757    27.7752    6.28195    6.25480         18 0.0000e+00
      42564   1773.452   1447.000     3.5564   3.272390     3.5559   3.272280      97.79     0.0157     2.4436     2.1600  34.809341  3.5567811   48.84714  -45.74216    34.9162    34.9154     3.4460     3.4454    27.7758    27.7753    6.27967    6.25997         17 0.0000e+00
      42580   1774.142   1448.000     3.5564   3.272428     3.5557   3.272312      98.50     0.0148     2.4435     2.1599  34.809525  3.5573833   48.84714  -45.74216    34.9162    34.9155     3.4459     3.4452    27.7758    27.7753    6.27913    6.26134         16 0.0000e+00
      42598   1774.874   1449.000     3.5566   3.272472     3.5559   3.272370      79.18     0.0139     2.4430     2.1598  34.814339  3.5516424   48.84714  -45.74216    34.9160    34.9154     3.4460     3.4453    27.7757    27.7753    6.28159    6.26388         19 0.0000e+00
      42619   1775.751   1450.000     3.5564   3.272504     3.5559   3.272399      73.62     0.0143     2.4433     2.1599  34.814407  3.5510910   48.84714  -45.74216    34.9160    34.9153     3.4457     3.4452    27.7757    27.7752    6.28117    6.26651         24 0.0000e+00
      42650   1777.024   1451.000     3.5560   3.272519     3.5554   3.272399      98.69     0.0160     2.4425     2.1599  34.818081  3.5475433   48.84714  -45.74216    34.9161    34.9153     3.4453     3.4447    27.7758    27.7752    6.27890    6.26658         36 0.0000e+00
      42681   1778.333   1452.000     3.5558   3.272542     3.5552   3.272433      55.43     0.0152     2.4430     2.1600  34.821918  3.5478361   48.84714  -45.74214    34.9162    34.9154     3.4449     3.4444    27.7759    27.7754    6.28011    6.26751         24 0.0000e+00
      42700   1779.135   1453.000     3.5559   3.272591     3.5554   3.272504      99.22     0.0154     2.4421     2.1601  34.810913  3.5504861   48.84714  -45.74214    34.9161    34.9156     3.4449     3.4445    27.7759    27.7755    6.27570    6.26817         17 0.0000e+00
      42716   1779.793   1454.000     3.5560   3.272649     3.5554   3.272529      98.63     0.0152     2.4417     2.1598  34.810745  3.5509164   48.84715  -45.74214    34.9162    34.9154     3.4449     3.4443    27.7759    27.7754    6.27438    6.26640         15 0.0000e+00
      42731   1780.422   1455.000     3.5548   3.272583     3.5545   3.272492      98.63     0.0151     2.4416     2.1599  34.813705  3.5509157   48.84716  -45.74214    34.9162    34.9154     3.4437     3.4434    27.7760    27.7754    6.27240    6.26890         15 0.0000e+00
      42748   1781.106   1456.000     3.5536   3.272509     3.5533   3.272422      60.53     0.0148     2.4412     2.1598  34.823799  3.5469964   48.84716  -45.74214    34.9161    34.9154     3.4424     3.4421    27.7761    27.7755    6.27169    6.26652         18 0.0000e+00
      42773   1782.158   1457.000     3.5535   3.272538     3.5529   3.272418      87.20     0.0150     2.4408     2.1594  34.823212  3.5472307   48.84716  -45.74214    34.9160    34.9153     3.4423     3.4416    27.7760    27.7755    6.28267    6.26482         39 0.0000e+00
      42829   1784.494   1458.000     3.5533   3.272557     3.5524   3.272418      73.28     0.0143     2.4406     2.1589  34.817497  3.5469475   48.84716  -45.74214    34.9160    34.9153     3.4420     3.4410    27.7760    27.7756    6.27792    6.26661         46 0.0000e+00
      42852   1785.441   1459.000     3.5513   3.272437     3.5509   3.272328      98.69     0.0131     2.4406     2.1589  34.816113  3.5470085   48.84716  -45.74214    34.9161    34.9153     3.4399     3.4395    27.7764    27.7758    6.28549    6.27090         20 0.0000e+00
