data/CTD/2014/CNV/d017a046.cnv
* Sea-Bird SBE 9 Data File:
* FileName = C:\CTD_ACQUISITION\2014017HUD\ctddata\017A046.hdr
* Software Version Seasave V 7.22.2
* Temperature SN = 5081
* Conductivity SN = 3561
* Number of Bytes Per Scan = 37
* Number of Voltage Words = 4
* Number of Scans Averaged by the Deck Unit = 1
* NMEA Latitude = 47 54.02 N
* NMEA Longitude = 046 03.59 W
* NMEA UTC (Time) = Jul 10 2014 22:46:18
* NMEA baud rate = 9600
** Ship: Hudson
** Cruise: HUD2014017
** Chief_Scientist: Blair Greenan
** Organization: BIO
** Area_of_Operation: Sackville Spur
** Station: 046
** Sounding:  892
** Event_Comments: SS_18,403262
# nquan = 25
# nvalues = 908                         
# units = specified
# name 0 = scan: Scan Count
# name 1 = timeS: Time, Elapsed [seconds]
# name 2 = prDM: Pressure, Digiquartz [db]
# name 3 = t068C: Temperature [ITS-68, deg C]
# name 4 = c0S/m: Conductivity [S/m]
# name 5 = t168C: Temperature, 2 [ITS-68, deg C]
# name 6 = c1S/m: Conductivity, 2 [S/m]
# name 7 = altM: Altimeter [m]
# name 8 = flC: Fluorescence, Chelsea Aqua 3 Chl Con [ug/l]
# name 9 = sbeox0V: Oxygen raw, SBE 43 [V]
# name 10 = sbeox1V: Oxygen raw, SBE 43, 2 [V]
# name 11 = upoly0: Upoly 0, Optode 4330F - O2 D-Phase
# name 12 = upoly1: Upoly 1, Optode 4330F - O2 Temp
# name 13 = latitude: Latitude [deg]
# name 14 = longitude: Longitude [deg]
# name 15 = sal00: Salinity, Practical [PSU]
# name 16 = sal11: Salinity, Practical, 2 [PSU]
# name 17 = potemp068C: Potential Temperature [ITS-68, deg C]
# name 18 = potemp168C: Potential Temperature, 2 [ITS-68, deg C]
# name 19 = sigma-é00: Density [sigma-theta, Kg/m^3]
# name 20 = sigma-é11: Density, 2 [sigma-theta, Kg/m^3]
# name 21 = sbeox0ML/L: Oxygen, SBE 43 [ml/l], WS = 2
# name 22 = sbeox1ML/L: Oxygen, SBE 43, 2 [ml/l], WS = 2
# name 23 = nbin: number of scans per bin
# name 24 = flag: flag
# span 0 =       5771,      31284       
# span 1 =    240.399,   1303.462       
# span 2 =      2.000,    909.000       
# span 3 =     0.8116,     8.1432       
# span 4 =   2.892732,   3.539333       
# span 5 =     0.8114,     8.1475       
# span 6 =   2.892165,   3.539095       
# span 7 =       2.85,     101.13       
# span 8 =     0.0080,     0.4116       
# span 9 =     2.5757,     3.6527       
# span 10 =     2.2745,     3.1785      
# span 11 =  30.001347,  34.622543      
# span 12 =  1.3314099,  8.1830835      
# span 13 =   47.90098,   47.90292      
# span 14 =  -46.06181,  -46.06016      
# span 15 =    33.1083,    34.9087      
# span 16 =    33.1069,    34.9078      
# span 17 =     0.8094,     8.1426      
# span 18 =     0.8092,     8.1469      
# span 19 =    25.8025,    27.7512      
# span 20 =    25.8010,    27.7505      
# span 21 =    6.22076,    8.37410      
# span 22 =    6.21418,    8.30116      
# span 23 =         13,         98      
# span 24 = 0.0000e+00, 0.0000e+00      
# interval = decibars: 1                
# start_time = Jul 10 2014 22:46:18 [NMEA time, header]
# bad_flag = -9.990e-29
*END*
[from data line 464]
      20047    835.243    466.000     3.8139   3.247568     3.8132   3.247436      64.13     0.0186     2.8339     2.5022  33.575100  3.8107510   47.90218  -46.06110    34.8535    34.8528     3.7810     3.7802    27.6924    27.6919    6.60028    6.61393         22 0.0000e+00
      20067    836.104    467.000     3.8136   3.247582     3.8132   3.247473      42.07     0.0174     2.8332     2.5012  33.587540  3.8107448   47.90218  -46.06110    34.8535    34.8526     3.7806     3.7802    27.6924    27.6918    6.58887    6.60398         20 0.0000e+00
      20086    836.883    468.000     3.8136   3.247634     3.8126   3.247442      97.68     0.0139     2.8321     2.5001  33.589706  3.8107448   47.90218  -46.06110    34.8536    34.8524     3.7805     3.7795    27.6925    27.6917    6.58954    6.60067         18 0.0000e+00
      20105    837.653    469.000     3.8160   3.247924     3.8158   3.247832      36.56     0.0129     2.8316     2.4992  33.589745  3.8107448   47.90218  -46.06110    34.8538    34.8533     3.7829     3.7826    27.6924    27.6920    6.59215    6.59699         19 0.0000e+00
      20125    838.503    470.000     3.8158   3.247942     3.8153   3.247826      92.69     0.0128     2.8313     2.4981  33.589745  3.8107448   47.90218  -46.06110    34.8539    34.8530     3.7825     3.7821    27.6925    27.6919    6.59255    6.59712         22 0.0000e+00
      20150    839.548    471.000     3.8156   3.247975     3.8154   3.247899      98.46     0.0149     2.8302     2.4971  33.589745  3.8107448   47.90218  -46.06110    34.8540    34.8533     3.7822     3.7820    27.6926    27.6921    6.58623    6.59599         28 0.0000e+00
      20180    840.808    472.000     3.8190   3.248381     3.8187   3.248307      57.67     0.0157     2.8295     2.4964  33.589745  3.8107448   47.90218  -46.06111    34.8546    34.8541     3.7856     3.7853    27.6928    27.6924    6.58585    6.60662         32 0.0000e+00
      20211    842.076    473.000     3.8201   3.248538     3.8197   3.248450      99.09     0.0120     2.8281     2.4968  33.589745  3.8107448   47.90218  -46.06112    34.8548    34.8542     3.7866     3.7862    27.6929    27.6924    6.58623    6.60475         28 0.0000e+00
      20236    843.129    474.000     3.8209   3.248686     3.8205   3.248591      85.54     0.0126     2.8285     2.4964  33.589745  3.8107448   47.90219  -46.06112    34.8551    34.8545     3.7874     3.7869    27.6930    27.6926    6.58722    6.60162         22 0.0000e+00
      20257    843.986    475.000     3.8241   3.249078     3.8236   3.248980      45.95     0.0157     2.8268     2.4962  33.589745  3.8132057   47.90220  -46.06112    34.8559    34.8553     3.7904     3.7899    27.6933    27.6929    6.57681    6.60019         20 0.0000e+00
      20275    844.768    476.000     3.8252   3.249230     3.8248   3.249136      98.06     0.0147     2.8268     2.4957  33.589745  3.8134570   47.90220  -46.06113    34.8560    34.8553     3.7914     3.7910    27.6933    27.6928    6.58575    6.59872         18 0.0000e+00
      20295    845.579    477.000     3.8250   3.249275     3.8247   3.249177      43.71     0.0166     2.8262     2.4953  33.589745  3.8163128   47.90220  -46.06114    34.8562    34.8553     3.7912     3.7909    27.6935    27.6928    6.58124    6.59625         21 0.0000e+00
      20317    846.509    478.000     3.8257   3.249393     3.8255   3.249307      90.28     0.0168     2.8256     2.4943  33.589745  3.8196568   47.90220  -46.06114    34.8564    34.8556     3.7918     3.7916    27.6935    27.6930    6.57884    6.58900         24 0.0000e+00
      20343    847.590    479.000     3.8279   3.249660     3.8276   3.249577      98.84     0.0123     2.8248     2.4934  33.592636  3.8205340   47.90220  -46.06114    34.8567    34.8560     3.7939     3.7936    27.6936    27.6931    6.57794    6.59032         26 0.0000e+00
      20368    848.618    480.000     3.8299   3.249930     3.8294   3.249816      42.89     0.0117     2.8240     2.4926  33.602081  3.8205128   47.90220  -46.06114    34.8572    34.8564     3.7959     3.7953    27.6938    27.6932    6.57247    6.58392         24 0.0000e+00
      20390    849.560    481.000     3.8323   3.250210     3.8320   3.250126      97.11     0.0109     2.8226     2.4911  33.597744  3.8205128   47.90220  -46.06114    34.8575    34.8568     3.7981     3.7978    27.6938    27.6933    6.56559    6.57899         22 0.0000e+00
      20414    850.524    482.000     3.8338   3.250419     3.8336   3.250339      98.64     0.0105     2.8216     2.4904  33.589718  3.8213294   47.90221  -46.06114    34.8578    34.8571     3.7996     3.7993    27.6939    27.6934    6.56605    6.58713         24 0.0000e+00
      20437    851.517    483.000     3.8354   3.250623     3.8351   3.250538      98.04     0.0141     2.8205     2.4904  33.595219  3.8241644   47.90222  -46.06114    34.8581    34.8574     3.8011     3.8007    27.6940    27.6935    6.56449    6.58737         24 0.0000e+00
      20460    852.459    484.000     3.8361   3.250748     3.8356   3.250642      98.64     0.0174     2.8197     2.4899  33.611382  3.8302832   47.90222  -46.06116    34.8583    34.8575     3.8017     3.8012    27.6941    27.6935    6.56847    6.58382         21 0.0000e+00
      20481    853.351    485.000     3.8377   3.250962     3.8372   3.250861      63.52     0.0172     2.8196     2.4896  33.611057  3.8298383   47.90222  -46.06116    34.8586    34.8579     3.8032     3.8027    27.6942    27.6937    6.57287    6.58734         22 0.0000e+00
      20503    854.271    486.000     3.8388   3.251130     3.8386   3.251050      72.44     0.0160     2.8192     2.4893  33.618870  3.8302708   47.90222  -46.06116    34.8589    34.8582     3.8042     3.8040    27.6943    27.6937    6.57619    6.58645         23 0.0000e+00
      20528    855.283    487.000     3.8397   3.251278     3.8395   3.251207      98.42     0.0161     2.8204     2.4894  33.619049  3.8302808   47.90222  -46.06116    34.8592    34.8585     3.8050     3.8049    27.6944    27.6939    6.58386    6.59024         25 0.0000e+00
      20554    856.363    488.000     3.8383   3.251188     3.8379   3.251074      61.99     0.0166     2.8201     2.4888  33.611092  3.8302808   47.90222  -46.06116    34.8591    34.8581     3.8036     3.8032    27.6945    27.6938    6.57971    6.58003         26 0.0000e+00
      20579    857.424    489.000     3.8355   3.250968     3.8354   3.250894      80.42     0.0164     2.8206     2.4881  33.612022  3.8306742   47.90222  -46.06116    34.8588    34.8581     3.8008     3.8006    27.6946    27.6940    6.58567    6.58313         25 0.0000e+00
      20602    858.386    490.000     3.8321   3.250681     3.8320   3.250582      60.95     0.0109     2.8212     2.4879  33.619129  3.8359215   47.90222  -46.06116    34.8585    34.8575     3.7973     3.7971    27.6947    27.6939    6.58939    6.59177         21 0.0000e+00
      20623    859.234    491.000     3.8283   3.250340     3.8285   3.250271      68.27     0.0080     2.8216     2.4884  33.619049  3.8341794   47.90222  -46.06116    34.8580    34.8570     3.7934     3.7936    27.6947    27.6939    6.59033    6.60506         20 0.0000e+00
      20641    860.017    492.000     3.8193   3.249505     3.8196   3.249393      98.49     0.0090     2.8214     2.4898  33.623909  3.8302991   47.90222  -46.06118    34.8571    34.8557     3.7843     3.7846    27.6949    27.6937    6.59477    6.60875         18 0.0000e+00
      20661    860.829    493.000     3.8162   3.249253     3.8158   3.249139      98.63     0.0143     2.8224     2.4898  33.623932  3.8302808   47.90222  -46.06118    34.8568    34.8558     3.7812     3.7808    27.6950    27.6943    6.59442    6.60327         21 0.0000e+00
      20684    861.800    494.000     3.8162   3.249295     3.8158   3.249180      45.12     0.0212     2.8219     2.4900  33.633579  3.8258276   47.90222  -46.06118    34.8568    34.8559     3.7811     3.7807    27.6950    27.6943    6.58971    6.60417         26 0.0000e+00
      20712    862.965    495.000     3.8126   3.248982     3.8126   3.248905      99.96     0.0206     2.8221     2.4902  33.636917  3.8203838   47.90222  -46.06118    34.8563    34.8554     3.7775     3.7785    27.6950    27.6942    6.59513    6.60690         28 0.0000e+00
      20738    864.037    496.000     3.8105   3.248837     3.8102   3.248741      89.46     0.0171     2.8215     2.4904  33.634895  3.8200998   47.90222  -46.06118    34.8563    34.8555     3.7753     3.7750    27.6952    27.6946    6.58400    6.60522         24 0.0000e+00
      20759    864.936    497.000     3.8110   3.248930     3.8108   3.248860      29.42     0.0177     2.8209     2.4899  33.633705  3.8205121   47.90223  -46.06119    34.8564    34.8557     3.7757     3.7756    27.6952    27.6947    6.58470    6.60059         20 0.0000e+00
      20779    865.760    498.000     3.8120   3.249084     3.8119   3.249008      79.10     0.0156     2.8202     2.4898  33.633701  3.8171372   47.90224  -46.06120    34.8566    34.8558     3.7767     3.7766    27.6953    27.6946    6.58336    6.59953         20 0.0000e+00
      20801    866.648    499.000     3.8123   3.249160     3.8119   3.249045      98.24     0.0140     2.8195     2.4889  33.633080  3.8112938   47.90224  -46.06120    34.8566    34.8557     3.7769     3.7765    27.6953    27.6946    6.58437    6.59310         23 0.0000e+00
      20828    867.782    500.000     3.8126   3.249224     3.8121   3.249118      52.72     0.0173     2.8193     2.4882  33.630882  3.8110607   47.90224  -46.06120    34.8565    34.8558     3.7771     3.7766    27.6952    27.6947    6.59216    6.59992         31 0.0000e+00
      20859    869.097    501.000     3.8140   3.249424     3.8136   3.249322      99.88     0.0186     2.8202     2.4883  33.626255  3.8107364   47.90224  -46.06120    34.8569    34.8562     3.7784     3.7780    27.6953    27.6948    6.59929    6.60248         30 0.0000e+00
      20886    870.229    502.000     3.8147   3.249544     3.8143   3.249440      72.33     0.0186     2.8201     2.4881  33.633236  3.8171091   47.90224  -46.06120    34.8571    34.8563     3.7790     3.7787    27.6955    27.6948    6.59741    6.60113         25 0.0000e+00
      20909    871.177    503.000     3.8137   3.249501     3.8134   3.249409      60.29     0.0196     2.8205     2.4879  33.633709  3.8163190   47.90224  -46.06122    34.8571    34.8563     3.7780     3.7777    27.6956    27.6949    6.60065    6.60351         21 0.0000e+00
      20929    872.015    504.000     3.8101   3.249179     3.8097   3.249049      99.30     0.0178     2.8211     2.4881  33.633701  3.8184934   47.90226  -46.06122    34.8566    34.8554     3.7743     3.7739    27.6955    27.6946    6.59750    6.61109         19 0.0000e+00
      20948    872.785    505.000     3.8040   3.248621     3.8037   3.248470      61.86     0.0157     2.8203     2.4888  33.633701  3.8199987   47.90226  -46.06122    34.8558    34.8543     3.7682     3.7679    27.6955    27.6944    6.59000    6.61640         18 0.0000e+00
      20965    873.515    506.000     3.7924   3.247522     3.7923   3.247380      15.38     0.0142     2.8198     2.4889  33.633701  3.8187644   47.90226  -46.06122    34.8545    34.8529     3.7566     3.7565    27.6956    27.6944    6.59011    6.61444         17 0.0000e+00
      20983    874.237    507.000     3.7884   3.247177     3.7883   3.247082      69.40     0.0125     2.8190     2.4889  33.633701  3.8106554   47.90226  -46.06122    34.8541    34.8531     3.7525     3.7524    27.6958    27.6950    6.59382    6.61140         18 0.0000e+00
      21001    875.005    508.000     3.7890   3.247277     3.7880   3.247094      98.03     0.0111     2.8190     2.4884  33.633701  3.8107448   47.90226  -46.06122    34.8542    34.8530     3.7530     3.7520    27.6958    27.6950    6.60145    6.60829         20 0.0000e+00
      21024    875.969    509.000     3.7890   3.247304     3.7882   3.247168      81.18     0.0135     2.8189     2.4881  33.642632  3.8044600   47.90226  -46.06122    34.8540    34.8532     3.7529     3.7521    27.6956    27.6951    6.60220    6.60969         28 0.0000e+00
      21062    877.540    510.000     3.7886   3.247293     3.7881   3.247189      74.13     0.0187     2.8198     2.4876  33.643360  3.7982395   47.90226  -46.06123    34.8537    34.8531     3.7524     3.7519    27.6955    27.6950    6.61533    6.61056         44 0.0000e+00
      21098    879.048    511.000     3.7870   3.247171     3.7875   3.247171      87.32     0.0200     2.8215     2.4873  33.635628  3.7913516   47.90226  -46.06124    34.8535    34.8529     3.7508     3.7513    27.6954    27.6949    6.62303    6.61625         27 0.0000e+00
      21121    880.013    512.000     3.7756   3.246076     3.7817   3.246577      38.48     0.0186     2.8224     2.4881  33.633625  3.7952380   47.90226  -46.06124    34.8520    34.8514     3.7393     3.7455    27.6954    27.6943    6.62292    6.63030         20 0.0000e+00
      21140    880.783    513.000     3.7700   3.245578     3.7684   3.245295      99.54     0.0162     2.8228     2.4890  33.633701  3.7999651   47.90226  -46.06124    34.8514    34.8497     3.7337     3.7321    27.6955    27.6943    6.62244    6.63325         18 0.0000e+00
      21157    881.489    514.000     3.7577   3.244378     3.7579   3.244275      98.64     0.0148     2.8231     2.4893  33.633701  3.7954230   47.90226  -46.06124    34.8497    34.8482     3.7214     3.7216    27.6954    27.6942    6.62340    6.63190         16 0.0000e+00
      21173    882.173    515.000     3.7429   3.242941     3.7446   3.242889      84.93     0.0144     2.8228     2.4893  33.633701  3.7911708   47.90228  -46.06124    34.8477    34.8453     3.7066     3.7083    27.6953    27.6932    6.62451    6.63318         17 0.0000e+00
      21190    882.880    516.000     3.7261   3.241306     3.7248   3.241001      29.36     0.0130     2.8226     2.4895  33.633701  3.7912087   47.90228  -46.06125    34.8456    34.8433     3.6897     3.6885    27.6953    27.6936    6.62624    6.64108         18 0.0000e+00
      21209    883.667    517.000     3.7172   3.240495     3.7169   3.240340      72.83     0.0153     2.8226     2.4900  33.638691  3.7826505   47.90228  -46.06126    34.8448    34.8433     3.6808     3.6805    27.6956    27.6944    6.63146    6.64508         20 0.0000e+00
      21232    884.628    518.000     3.7132   3.240112     3.7121   3.239916      88.76     0.0157     2.8227     2.4902  33.648167  3.7622955   47.90228  -46.06126    34.8439    34.8428     3.6767     3.6757    27.6953    27.6945    6.63427    6.64163         26 0.0000e+00
      21262    885.884    519.000     3.7090   3.239742     3.7076   3.239529      52.49     0.0129     2.8231     2.4897  33.643433  3.7466993   47.90228  -46.06126    34.8435    34.8424     3.6725     3.6711    27.6954    27.6947    6.64199    6.64010         33 0.0000e+00
      21294    887.218    520.000     3.7029   3.239162     3.7020   3.238992      99.69     0.0133     2.8233     2.4896  33.637474  3.7322748   47.90228  -46.06126    34.8425    34.8414     3.6663     3.6654    27.6952    27.6944    6.63570    6.64614         30 0.0000e+00
      21322    888.368    521.000     3.6926   3.238195     3.6941   3.238268      58.40     0.0120     2.8229     2.4900  33.636505  3.7314606   47.90228  -46.06128    34.8413    34.8406     3.6561     3.6575    27.6953    27.6946    6.63984    6.65504         26 0.0000e+00
      21347    889.421    522.000     3.6839   3.237355     3.6836   3.237218      78.98     0.0135     2.8232     2.4909  33.637806  3.7298598   47.90228  -46.06128    34.8401    34.8387     3.6473     3.6470    27.6952    27.6942    6.64007    6.66439         25 0.0000e+00
