data/CTD/2014/CNV/d017a058.cnv
* Sea-Bird SBE 9 Data File:
* FileName = C:\CTD_ACQUISITION\2014017HUD\ctddata\017A058.hdr
* Software Version Seasave V 7.22.2
* Temperature SN = 5081
* Conductivity SN = 3561
* Number of Bytes Per Scan = 37
* Number of Voltage Words = 4
* Number of Scans Averaged by the Deck Unit = 1
* NMEA Latitude = 43 26.99 N
* NMEA Longitude = 059 56.99 W
* NMEA UTC (Time) = Jul 13 2014 18:09:25
* NMEA baud rate = 9600
** Ship: Hudson
** Cruise: HUD2014017
** Chief_Scientist: Blair Greenan
** Organization: BIO
** Area_of_Operation: Sackville Spur
** Station: 058
** Sounding:  1450
** Event_Comments: LC3, 403281
# nquan = 25
# nvalues = 1570                        
# units = specified
# name 0 = scan: Scan Count
# name 1 = timeS: Time, Elapsed [seconds]
# name 2 = prDM: Pressure, Digiquartz [db]
# name 3 = t068C: Temperature [ITS-68, deg C]
# name 4 = c0S/m: Conductivity [S/m]
# name 5 = t168C: Temperature, 2 [ITS-68, deg C]
# name 6 = c1S/m: Conductivity, 2 [S/m]
# name 7 = altM: Altimeter [m]
# name 8 = flC: Fluorescence, Chelsea Aqua 3 Chl Con [ug/l]
# name 9 = sbeox0V: Oxygen raw, SBE 43 [V]
# name 10 = sbeox1V: Oxygen raw, SBE 43, 2 [V]
# name 11 = upoly0: Upoly 0, Optode 4330F - O2 D-Phase
# name 12 = upoly1: Upoly 1, Optode 4330F - O2 Temp
# name 13 = latitude: Latitude [deg]
# name 14 = longitude: Longitude [deg]
# name 15 = sal00: Salinity, Practical [PSU]
# name 16 = sal11: Salinity, Practical, 2 [PSU]
# name 17 = potemp068C: Potential Temperature [ITS-68, deg C]
# name 18 = potemp168C: Potential Temperature, 2 [ITS-68, deg C]
# name 19 = sigma-é00: Density [sigma-theta, Kg/m^3]
# name 20 = sigma-é11: Density, 2 [sigma-theta, Kg/m^3]
# name 21 = sbeox0ML/L: Oxygen, SBE 43 [ml/l], WS = 2
# name 22 = sbeox1ML/L: Oxygen, SBE 43, 2 [ml/l], WS = 2
# name 23 = nbin: number of scans per bin
# name 24 = flag: flag
# span 0 =      10231,      53049       
# span 1 =    426.259,   2210.350       
# span 2 =      2.000,   1571.000       
# span 3 =     3.7608,    15.5515       
# span 4 =   3.035942,   4.055144       
# span 5 =     3.7608,    15.5743       
# span 6 =   3.035439,   4.054870       
# span 7 =       3.92,     102.46       
# span 8 =     0.0087,     0.3097       
# span 9 =     1.9163,     3.5531       
# span 10 =     1.6580,     3.0443      
# span 11 =  28.417952,  39.844261      
# span 12 =  3.9064379,  15.717914      
# span 13 =   43.44999,   43.45066      
# span 14 =  -59.95222,  -59.94971      
# span 15 =    31.5943,    35.4001      
# span 16 =    31.6047,    35.3970      
# span 17 =     3.7581,    15.5564      
# span 18 =     3.7582,    15.5738      
# span 19 =    23.2282,    27.7661      
# span 20 =    23.2325,    27.7660      
# span 21 =    3.36240,    7.49220      
# span 22 =    3.17413,    7.22745      
# span 23 =         13,         90      
# span 24 = 0.0000e+00, 0.0000e+00      
# interval = decibars: 1                
# start_time = Jul 13 2014 18:09:25 [NMEA time, header]
# bad_flag = -9.990e-29
*END*
[from data line 754]
      31453   1310.490    756.000     4.6069   3.340324     4.6066   3.340177      98.63     0.0163     2.5360     2.2225  34.947685  4.6116333   43.45058  -59.95110    34.9576    34.9562     4.5470     4.5467    27.6934    27.6924    5.85282    5.77484         38 0.0000e+00
      31484   1311.790    757.000     4.6070   3.340372     4.6064   3.340206      98.63     0.0158     2.5358     2.2221  34.948910  4.6121240   43.45058  -59.95110    34.9576    34.9562     4.5470     4.5464    27.6935    27.6925    5.85489    5.76987         25 0.0000e+00
      31507   1312.732    758.000     4.6049   3.340229     4.6049   3.340100      98.63     0.0171     2.5354     2.2220  34.946747  4.6121883   43.45058  -59.95110    34.9575    34.9560     4.5448     4.5448    27.6937    27.6925    5.85181    5.77598         21 0.0000e+00
      31527   1313.580    759.000     4.6040   3.340191     4.6038   3.340040      98.63     0.0160     2.5356     2.2222  34.951000  4.6127090   43.45058  -59.95110    34.9575    34.9560     4.5438     4.5436    27.6938    27.6926    5.85672    5.77713         20 0.0000e+00
      31547   1314.431    760.000     4.6020   3.340047     4.6021   3.339914      98.63     0.0165     2.5356     2.2220  34.952404  4.6117053   43.45058  -59.95110    34.9575    34.9558     4.5417     4.5440    27.6940    27.6926    5.85834    5.77622         21 0.0000e+00
      31569   1315.334    761.000     4.5988   3.339795     4.5986   3.339632      98.63     0.0194     2.5355     2.2221  34.948555  4.6117215   43.45058  -59.95110    34.9574    34.9557     4.5384     4.5383    27.6943    27.6930    5.86005    5.77899         23 0.0000e+00
      31593   1316.339    762.000     4.5978   3.339739     4.5975   3.339586      98.63     0.0166     2.5361     2.2221  34.937893  4.6117215   43.45058  -59.95110    34.9572    34.9558     4.5374     4.5371    27.6942    27.6931    5.86614    5.77693         26 0.0000e+00
      31623   1317.575    763.000     4.5962   3.339630     4.5963   3.339504      98.63     0.0117     2.5364     2.2215  34.945229  4.6070170   43.45058  -59.95112    34.9571    34.9556     4.5358     4.5358    27.6944    27.6932    5.86615    5.77677         33 0.0000e+00
      31656   1318.962    764.000     4.5944   3.339500     4.5943   3.339358      98.63     0.0178     2.5367     2.2217  34.952133  4.6017818   43.45058  -59.95112    34.9570    34.9555     4.5339     4.5367    27.6945    27.6933    5.86523    5.78364         31 0.0000e+00
      31682   1320.043    765.000     4.5922   3.339346     4.5921   3.339203      98.63     0.0199     2.5365     2.2221  34.937439  4.6019535   43.45058  -59.95112    34.9570    34.9555     4.5316     4.5314    27.6947    27.6935    5.86244    5.78456         22 0.0000e+00
      31703   1320.910    766.000     4.5898   3.339170     4.5896   3.339008      98.63     0.0211     2.5365     2.2220  34.937729  4.6019535   43.45058  -59.95112    34.9570    34.9552     4.5291     4.5290    27.6950    27.6936    5.86709    5.78545         20 0.0000e+00
      31722   1321.716    767.000     4.5883   3.339067     4.5882   3.338928      98.63     0.0216     2.5366     2.2223  34.948547  4.6019535   43.45058  -59.95112    34.9568    34.9554     4.5276     4.5274    27.6950    27.6939    5.86510    5.78980         20 0.0000e+00
      31743   1322.568    768.000     4.5876   3.339043     4.5875   3.338914      98.63     0.0177     2.5360     2.2226  34.951630  4.6019535   43.45058  -59.95112    34.9567    34.9554     4.5268     4.5267    27.6950    27.6940    5.86921    5.78808         21 0.0000e+00
      31767   1323.570    769.000     4.5878   3.339102     4.5876   3.338950      98.63     0.0164     2.5369     2.2223  34.944340  4.5987401   43.45058  -59.95112    34.9568    34.9552     4.5268     4.5266    27.6951    27.6939    5.87474    5.78342         27 0.0000e+00
      31796   1324.804    770.000     4.5849   3.338875     4.5854   3.338782      98.63     0.0168     2.5372     2.2216  34.937660  4.5953012   43.45058  -59.95112    34.9567    34.9551     4.5239     4.5244    27.6953    27.6940    5.87411    5.77830         31 0.0000e+00
      31826   1326.035    771.000     4.5814   3.338601     4.5817   3.338485      98.63     0.0177     2.5372     2.2211  34.936142  4.5925016   43.45058  -59.95112    34.9566    34.9550     4.5204     4.5206    27.6956    27.6943    5.87297    5.78447         28 0.0000e+00
      31852   1327.127    772.000     4.5814   3.338639     4.5810   3.338490      98.63     0.0149     2.5370     2.2210  34.936558  4.5921845   43.45058  -59.95112    34.9565    34.9552     4.5203     4.5199    27.6956    27.6946    5.87660    5.78672         25 0.0000e+00
      31877   1328.172    773.000     4.5814   3.338685     4.5812   3.338537      98.63     0.0131     2.5375     2.2213  34.938324  4.5921855   43.45058  -59.95112    34.9566    34.9551     4.5201     4.5199    27.6957    27.6945    5.87048    5.78833         25 0.0000e+00
      31901   1329.172    774.000     4.5800   3.338602     4.5797   3.338444      98.63     0.0113     2.5366     2.2211  34.937084  4.5921855   43.45058  -59.95112    34.9566    34.9550     4.5187     4.5184    27.6958    27.6946    5.86619    5.78780         23 0.0000e+00
      31924   1330.108    775.000     4.5776   3.338414     4.5777   3.338285      98.63     0.0118     2.5358     2.2213  34.928371  4.5921855   43.45058  -59.95114    34.9564    34.9548     4.5162     4.5163    27.6960    27.6947    5.86860    5.79081         22 0.0000e+00
      31946   1331.023    776.000     4.5749   3.338222     4.5747   3.338073      98.63     0.0147     2.5361     2.2212  34.927738  4.5921855   43.45058  -59.95114    34.9564    34.9549     4.5135     4.5133    27.6963    27.6951    5.87393    5.78791         22 0.0000e+00
      31969   1332.014    777.000     4.5746   3.338222     4.5742   3.338070      98.63     0.0181     2.5354     2.2210  34.937099  4.5836058   43.45058  -59.95114    34.9563    34.9549     4.5130     4.5127    27.6962    27.6951    5.87025    5.79184         26 0.0000e+00
      31997   1333.183    778.000     4.5740   3.338215     4.5737   3.338063      98.63     0.0212     2.5352     2.2211  34.937241  4.5833950   43.45058  -59.95114    34.9563    34.9549     4.5124     4.5121    27.6963    27.6952    5.86783    5.79581         30 0.0000e+00
      32027   1334.425    779.000     4.5738   3.338243     4.5736   3.338097      98.63     0.0200     2.5343     2.2219  34.936134  4.5823941   43.45058  -59.95114    34.9563    34.9548     4.5121     4.5119    27.6964    27.6952    5.87026    5.80030         28 0.0000e+00
      32053   1335.486    780.000     4.5739   3.338296     4.5737   3.338157      98.63     0.0190     2.5346     2.2220  34.934052  4.5824175   43.45058  -59.95114    34.9563    34.9549     4.5121     4.5119    27.6963    27.6952    5.86958    5.79170         24 0.0000e+00
      32075   1336.404    781.000     4.5740   3.338362     4.5738   3.338216      98.63     0.0176     2.5337     2.2212  34.936302  4.5824175   43.45058  -59.95114    34.9564    34.9550     4.5122     4.5120    27.6964    27.6953    5.87021    5.78830         21 0.0000e+00
      32096   1337.277    782.000     4.5740   3.338401     4.5738   3.338251      98.63     0.0159     2.5340     2.2208  34.935646  4.5824175   43.45058  -59.95114    34.9564    34.9549     4.5121     4.5118    27.6964    27.6952    5.86921    5.79141         21 0.0000e+00
      32117   1338.171    783.000     4.5742   3.338458     4.5743   3.338349      98.63     0.0160     2.5332     2.2209  34.931805  4.5824175   43.45058  -59.95114    34.9564    34.9550     4.5121     4.5122    27.6964    27.6953    5.86308    5.79799         22 0.0000e+00
      32140   1339.143    784.000     4.5745   3.338528     4.5745   3.338403      98.63     0.0168     2.5325     2.2212  34.929577  4.5824175   43.45058  -59.95114    34.9564    34.9549     4.5124     4.5124    27.6963    27.6952    5.86617    5.79938         25 0.0000e+00
      32168   1340.290    785.000     4.5738   3.338511     4.5732   3.338326      98.63     0.0166     2.5322     2.2212  34.934238  4.5824175   43.45058  -59.95114    34.9563    34.9548     4.5116     4.5110    27.6964    27.6953    5.86834    5.79664         31 0.0000e+00
      32203   1341.741    786.000     4.5730   3.338476     4.5728   3.338343      96.52     0.0163     2.5323     2.2213  34.927086  4.5824175   43.45057  -59.95114    34.9563    34.9549     4.5107     4.5105    27.6965    27.6954    5.87144    5.79826         36 0.0000e+00
      32235   1343.075    787.000     4.5730   3.338520     4.5728   3.338388      98.72     0.0214     2.5318     2.2208  34.922905  4.5824175   43.45058  -59.95114    34.9563    34.9550     4.5106     4.5104    27.6965    27.6955    5.86644    5.79563         26 0.0000e+00
      32257   1343.991    788.000     4.5722   3.338493     4.5721   3.338372      98.63     0.0160     2.5318     2.2210  34.933456  4.5824175   43.45058  -59.95114    34.9564    34.9550     4.5097     4.5097    27.6966    27.6956    5.87051    5.79952         20 0.0000e+00
      32275   1344.743    789.000     4.5722   3.338541     4.5719   3.338392      98.63     0.0163     2.5313     2.2207  34.932564  4.5824175   43.45058  -59.95114    34.9564    34.9549     4.5096     4.5094    27.6967    27.6955    5.87071    5.79824         17 0.0000e+00
      32293   1345.495    790.000     4.5719   3.338560     4.5716   3.338406      98.63     0.0154     2.5315     2.2209  34.936928  4.5824175   43.45058  -59.95115    34.9564    34.9549     4.5093     4.5090    27.6967    27.6955    5.87005    5.79821         19 0.0000e+00
      32315   1346.403    791.000     4.5716   3.338571     4.5712   3.338416      98.63     0.0152     2.5312     2.2202  34.937702  4.5820556   43.45058  -59.95116    34.9563    34.9549     4.5089     4.5085    27.6967    27.6956    5.86848    5.78965         26 0.0000e+00
      32350   1347.887    792.000     4.5715   3.338594     4.5713   3.338464      98.63     0.0175     2.5309     2.2189  34.929516  4.5759997   43.45058  -59.95116    34.9562    34.9549     4.5087     4.5096    27.6966    27.6956    5.87502    5.78816         42 0.0000e+00
      32384   1349.289    793.000     4.5705   3.338559     4.5702   3.338410      85.40     0.0192     2.5310     2.2185  34.923496  4.5757651   43.45058  -59.95116    34.9564    34.9549     4.5076     4.5073    27.6969    27.6957    5.87442    5.79483         25 0.0000e+00
      32405   1350.176    794.000     4.5697   3.338520     4.5695   3.338377      79.69     0.0159     2.5314     2.2188  34.923069  4.5814476   43.45058  -59.95116    34.9562    34.9547     4.5068     4.5066    27.6968    27.6957    5.88152    5.80433         19 0.0000e+00
      32424   1350.941    795.000     4.5694   3.338539     4.5690   3.338383      98.71     0.0157     2.5318     2.2193  34.923893  4.5824218   43.45058  -59.95116    34.9562    34.9548     4.5064     4.5060    27.6969    27.6958    5.87901    5.81075         18 0.0000e+00
      32442   1351.700    796.000     4.5682   3.338470     4.5677   3.338302      98.63     0.0167     2.5316     2.2203  34.933762  4.5793676   43.45058  -59.95116    34.9562    34.9547     4.5051     4.5046    27.6970    27.6959    5.87971    5.81498         19 0.0000e+00
      32462   1352.559    797.000     4.5654   3.338263     4.5663   3.338235      98.63     0.0166     2.5319     2.2208  34.938240  4.5740767   43.45058  -59.95116    34.9562    34.9549     4.5022     4.5031    27.6974    27.6962    5.88257    5.81044         23 0.0000e+00
      32491   1353.734    798.000     4.5648   3.338248     4.5650   3.338150      98.63     0.0182     2.5323     2.2210  34.937748  4.5735240   43.45058  -59.95116    34.9562    34.9548     4.5015     4.5017    27.6974    27.6963    5.88843    5.81398         34 0.0000e+00
      32526   1355.189    799.000     4.5632   3.338147     4.5627   3.337977      98.63     0.0169     2.5332     2.2220  34.937729  4.5726357   43.45058  -59.95116    34.9561    34.9546     4.4999     4.4994    27.6975    27.6964    5.89099    5.81833         33 0.0000e+00
      32555   1356.397    800.000     4.5623   3.338116     4.5620   3.337969      98.63     0.0176     2.5332     2.2223  34.937729  4.5726495   43.45058  -59.95116    34.9562    34.9548     4.4989     4.4986    27.6977    27.6966    5.88559    5.81710         26 0.0000e+00
      32579   1357.400    801.000     4.5617   3.338115     4.5616   3.337977      42.51     0.0171     2.5333     2.2225  34.936390  4.5726495   43.45058  -59.95116    34.9563    34.9548     4.4982     4.4981    27.6978    27.6967    5.88876    5.81582         22 0.0000e+00
      32600   1358.304    802.000     4.5608   3.338071     4.5606   3.337925      93.43     0.0172     2.5333     2.2224  34.930672  4.5726495   43.45058  -59.95116    34.9562    34.9548     4.4972     4.4970    27.6979    27.6968    5.88844    5.81684         21 0.0000e+00
      32621   1359.154    803.000     4.5599   3.338037     4.5595   3.337884      98.69     0.0194     2.5330     2.2225  34.928921  4.5726495   43.45058  -59.95116    34.9563    34.9549     4.4962     4.4958    27.6981    27.6970    5.88908    5.81831         20 0.0000e+00
      32641   1360.013    804.000     4.5593   3.338027     4.5588   3.337868      97.35     0.0182     2.5333     2.2224  34.923130  4.5700102   43.45058  -59.95118    34.9563    34.9549     4.4955     4.4951    27.6981    27.6971    5.89543    5.81906         22 0.0000e+00
      32665   1361.016    805.000     4.5588   3.338034     4.5585   3.337885      96.04     0.0139     2.5340     2.2226  34.923077  4.5691972   43.45058  -59.95118    34.9564    34.9550     4.4950     4.4962    27.6983    27.6972    5.89735    5.82158         28 0.0000e+00
      32702   1362.535    806.000     4.5586   3.338049     4.5583   3.337908      98.70     0.0127     2.5342     2.2228  34.923077  4.5666327   43.45058  -59.95118    34.9563    34.9549     4.4947     4.4943    27.6982    27.6972    5.90022    5.82444         41 0.0000e+00
      32735   1363.931    807.000     4.5581   3.338080     4.5579   3.337937      98.63     0.0136     2.5347     2.2236  34.923077  4.5680122   43.45058  -59.95118    34.9566    34.9551     4.4942     4.4939    27.6985    27.6974    5.89506    5.83031         25 0.0000e+00
      32757   1364.829    808.000     4.5576   3.338084     4.5575   3.337946      98.63     0.0139     2.5347     2.2235  34.923077  4.5677619   43.45058  -59.95118    34.9566    34.9552     4.4936     4.4934    27.6987    27.6975    5.90130    5.81958         20 0.0000e+00
      32775   1365.582    809.000     4.5573   3.338095     4.5572   3.337957      98.63     0.0161     2.5349     2.2231  34.915333  4.5663314   43.45058  -59.95118    34.9566    34.9551     4.4932     4.4930    27.6987    27.6975    5.89714    5.81470         17 0.0000e+00
      32792   1366.288    810.000     4.5566   3.338073     4.5567   3.337961      98.63     0.0149     2.5344     2.2223  34.909321  4.5663290   43.45058  -59.95118    34.9565    34.9551     4.4924     4.4925    27.6987    27.6976    5.89301    5.81922         17 0.0000e+00
      32809   1367.013    811.000     4.5558   3.338045     4.5556   3.337900      98.63     0.0169     2.5344     2.2224  34.908432  4.5650654   43.45058  -59.95118    34.9566    34.9551     4.4915     4.4913    27.6988    27.6977    5.89726    5.82398         18 0.0000e+00
      32831   1367.897    812.000     4.5543   3.337942     4.5543   3.337820      81.33     0.0173     2.5340     2.2223  34.920277  4.5662093   43.45058  -59.95118    34.9564    34.9550     4.4899     4.4899    27.6989    27.6978    5.89818    5.82350         26 0.0000e+00
