data/CTD/2014/CNV/d017a027.cnv
* Sea-Bird SBE 9 Data File:
* FileName = C:\CTD_ACQUISITION\2014017HUD\ctddata\017A027.hdr
* Software Version Seasave V 7.22.2
* Temperature SN = 5081
* Conductivity SN = 3561
* Number of Bytes Per Scan = 37
* Number of Voltage Words = 4
* Number of Scans Averaged by the Deck Unit = 1
* NMEA Latitude = 48 53.74 N
* NMEA Longitude = 045 47.37 W
* NMEA UTC (Time) = Jul 07 2014 00:10:49
* NMEA baud rate = 9600
** Ship: Hudson
** Cruise: HUD2014017
** Chief_Scientist: Blair Greenan
** Organization: BIO
** Area_of_Operation: Sackville Spur
** Station: 027
** Sounding:  2297
** Event_Comments: SS_27, 403160
# nquan = 25
# nvalues = 2373                        
# units = specified
# name 0 = scan: Scan Count
# name 1 = timeS: Time, Elapsed [seconds]
# name 2 = prDM: Pressure, Digiquartz [db]
# name 3 = t068C: Temperature [ITS-68, deg C]
# name 4 = c0S/m: Conductivity [S/m]
# name 5 = t168C: Temperature, 2 [ITS-68, deg C]
# name 6 = c1S/m: Conductivity, 2 [S/m]
# name 7 = altM: Altimeter [m]
# name 8 = flC: Fluorescence, Chelsea Aqua 3 Chl Con [ug/l]
# name 9 = sbeox0V: Oxygen raw, SBE 43 [V]
# name 10 = sbeox1V: Oxygen raw, SBE 43, 2 [V]
# name 11 = upoly0: Upoly 0, Optode 4330F - O2 D-Phase
# name 12 = upoly1: Upoly 1, Optode 4330F - O2 Temp
# name 13 = latitude: Latitude [deg]
# name 14 = longitude: Longitude [deg]
# name 15 = sal00: Salinity, Practical [PSU]
# name 16 = sal11: Salinity, Practical, 2 [PSU]
# name 17 = potemp068C: Potential Temperature [ITS-68, deg C]
# name 18 = potemp168C: Potential Temperature, 2 [ITS-68, deg C]
# name 19 = sigma-é00: Density [sigma-theta, Kg/m^3]
# name 20 = sigma-é11: Density, 2 [sigma-theta, Kg/m^3]
# name 21 = sbeox0ML/L: Oxygen, SBE 43 [ml/l], WS = 2
# name 22 = sbeox1ML/L: Oxygen, SBE 43, 2 [ml/l], WS = 2
# name 23 = nbin: number of scans per bin
# name 24 = flag: flag
# span 0 =       6681,      66535       
# span 1 =    278.322,   2772.249       
# span 2 =      2.000,   2374.000       
# span 3 =     1.9204,     8.6630       
# span 4 =   3.009586,   3.553238       
# span 5 =     1.9190,     8.6621       
# span 6 =   3.009126,   3.553135       
# span 7 =      -6.02,     103.30       
# span 8 =     0.0045,     0.3895       
# span 9 =     2.2217,     3.5487       
# span 10 =     1.9670,     3.0460      
# span 11 =  30.123817,  35.462120      
# span 12 =  2.3612521,  8.7157011      
# span 13 =   48.89676,   48.89865      
# span 14 =  -45.78951,  -45.78137      
# span 15 =    33.6284,    34.9165      
# span 16 =    33.6276,    34.9157      
# span 17 =     1.9184,     8.6626      
# span 18 =     1.9170,     8.6617      
# span 19 =    26.0971,    27.8540      
# span 20 =    26.0966,    27.8537      
# span 21 =    6.25863,    7.86497      
# span 22 =    6.24406,    7.76331      
# span 23 =         12,         92      
# span 24 = 0.0000e+00, 0.0000e+00      
# interval = decibars: 1                
# start_time = Jul 07 2014 00:10:49 [NMEA time, header]
# bad_flag = -9.990e-29
*END*
[from data line 754]
      26867   1119.430    756.000     3.8183   3.263498     3.8183   3.263445      97.97     0.0170     2.7119     2.3960  33.907715  3.8205128   48.89740  -45.78696    34.8855    34.8848     3.7630     3.7631    27.7197    27.7191    6.49165    6.50077         28 0.0000e+00
      26939   1122.436    757.000     3.8183   3.263575     3.8181   3.263476      97.82     0.0153     2.7105     2.3951  33.915386  3.8205128   48.89740  -45.78694    34.8858    34.8849     3.7630     3.7628    27.7199    27.7192    6.48668    6.49646         15 0.0000e+00
      26950   1122.895    758.000     3.8182   3.263622     3.8178   3.263498      70.38     0.0149     2.7108     2.3947  33.915482  3.8205128   48.89740  -45.78694    34.8859    34.8850     3.7629     3.7624    27.7200    27.7193    6.49667    6.49666         13 0.0000e+00
      26963   1123.417    759.000     3.8180   3.263647     3.8183   3.263619      95.37     0.0163     2.7112     2.3944  33.913219  3.8205128   48.89740  -45.78694    34.8859    34.8853     3.7626     3.7628    27.7201    27.7195    6.49023    6.49822         12 0.0000e+00
      26975   1123.909    760.000     3.8189   3.263776     3.8187   3.263693      98.75     0.0153     2.7110     2.3947  33.912052  3.8205128   48.89740  -45.78694    34.8860    34.8853     3.7634     3.7631    27.7200    27.7195    6.48551    6.50309         12 0.0000e+00
      26987   1124.414    761.000     3.8187   3.263796     3.8183   3.263688      98.63     0.0122     2.7094     2.3945  33.912086  3.8205128   48.89740  -45.78694    34.8859    34.8851     3.7631     3.7627    27.7200    27.7194    6.48165    6.50131         13 0.0000e+00
      27000   1124.957    762.000     3.8185   3.263826     3.8180   3.263703      98.63     0.0113     2.7098     2.3948  33.916111  3.8205128   48.89740  -45.78694    34.8860    34.8851     3.7628     3.7623    27.7201    27.7194    6.49184    6.49814         14 0.0000e+00
      27018   1125.697    763.000     3.8165   3.263664     3.8162   3.263550      76.65     0.0146     2.7098     2.3938  33.916351  3.8205128   48.89740  -45.78694    34.8857    34.8846     3.7607     3.7622    27.7200    27.7193    6.49282    6.49246         24 0.0000e+00
      27073   1128.016    764.000     3.8165   3.263689     3.8163   3.263604      86.93     0.0182     2.7077     2.3927  33.925602  3.8116369   48.89740  -45.78693    34.8854    34.8846     3.7607     3.7600    27.7198    27.7192    6.47373    6.49698         47 0.0000e+00
      27099   1129.087    765.000     3.8158   3.263698     3.8157   3.263588      98.67     0.0168     2.7067     2.3927  33.912834  3.8200140   48.89740  -45.78692    34.8857    34.8846     3.7599     3.7597    27.7202    27.7193    6.47998    6.49686         19 0.0000e+00
      27117   1129.848    766.000     3.8156   3.263708     3.8152   3.263609      98.63     0.0144     2.7062     2.3922  33.912071  3.8205230   48.89740  -45.78692    34.8856    34.8848     3.7595     3.7592    27.7201    27.7196    6.48559    6.49307         17 0.0000e+00
      27134   1130.557    767.000     3.8171   3.263913     3.8165   3.263788      85.04     0.0120     2.7065     2.3919  33.912895  3.8205128   48.89740  -45.78692    34.8860    34.8851     3.7610     3.7604    27.7203    27.7196    6.48804    6.49159         18 0.0000e+00
      27153   1131.339    768.000     3.8185   3.264107     3.8179   3.263985      82.39     0.0124     2.7064     2.3913  33.913456  3.8205128   48.89740  -45.78692    34.8862    34.8854     3.7623     3.7617    27.7203    27.7198    6.48321    6.48875         21 0.0000e+00
      27183   1132.595    769.000     3.8203   3.264338     3.8194   3.264172      87.58     0.0128     2.7056     2.3906  33.913765  3.8171878   48.89740  -45.78691    34.8865    34.8855     3.7640     3.7631    27.7204    27.7197    6.48330    6.48888         43 0.0000e+00
      27228   1134.444    770.000     3.8199   3.264347     3.8197   3.264256      88.85     0.0119     2.7056     2.3899  33.915546  3.8145006   48.89740  -45.78690    34.8865    34.8857     3.7636     3.7633    27.7204    27.7198    6.49048    6.48869         35 0.0000e+00
      27254   1135.538    771.000     3.8193   3.264325     3.8189   3.264221      93.35     0.0152     2.7058     2.3891  33.914742  3.8205957   48.89740  -45.78690    34.8863    34.8856     3.7629     3.7625    27.7204    27.7198    6.48929    6.48123         22 0.0000e+00
      27273   1136.327    772.000     3.8205   3.264492     3.8202   3.264419      98.73     0.0162     2.7058     2.3884  33.913902  3.8205128   48.89740  -45.78690    34.8866    34.8860     3.7640     3.7637    27.7204    27.7200    6.48585    6.48417         16 0.0000e+00
      27289   1136.981    773.000     3.8218   3.264681     3.8215   3.264594      83.51     0.0125     2.7052     2.3882  33.923145  3.8205128   48.89740  -45.78688    34.8869    34.8862     3.7652     3.7649    27.7206    27.7201    6.48332    6.48551         15 0.0000e+00
      27303   1137.579    774.000     3.8220   3.264749     3.8219   3.264677      66.93     0.0145     2.7051     2.3881  33.922832  3.8205128   48.89740  -45.78688    34.8870    34.8863     3.7653     3.7652    27.7207    27.7201    6.48442    6.48566         15 0.0000e+00
      27317   1138.179    775.000     3.8227   3.264869     3.8224   3.264772      80.52     0.0160     2.7050     2.3878  33.922558  3.8205128   48.89740  -45.78688    34.8871    34.8863     3.7660     3.7656    27.7207    27.7201    6.48421    6.48341         14 0.0000e+00
      27333   1138.837    776.000     3.8223   3.264860     3.8221   3.264776      98.18     0.0182     2.7044     2.3874  33.921078  3.8205128   48.89740  -45.78688    34.8869    34.8862     3.7655     3.7653    27.7206    27.7200    6.48099    6.48365         18 0.0000e+00
      27356   1139.793    777.000     3.8231   3.264979     3.8227   3.264881      98.63     0.0179     2.7040     2.3870  33.921635  3.8205128   48.89740  -45.78688    34.8870    34.8863     3.7662     3.7671    27.7206    27.7200    6.47934    6.48125         32 0.0000e+00
      27403   1141.770    778.000     3.8238   3.265102     3.8231   3.264961      98.63     0.0150     2.7025     2.3853  33.927021  3.8205128   48.89742  -45.78686    34.8872    34.8862     3.7668     3.7660    27.7207    27.7199    6.48244    6.47611         48 0.0000e+00
      27436   1143.109    779.000     3.8232   3.265096     3.8229   3.265005      66.54     0.0162     2.7023     2.3851  33.926746  3.8205128   48.89742  -45.78686    34.8873    34.8865     3.7661     3.7658    27.7208    27.7202    6.47651    6.48533         24 0.0000e+00
      27457   1144.003    780.000     3.8238   3.265214     3.8234   3.265100      73.34     0.0172     2.7018     2.3851  33.926739  3.8205128   48.89742  -45.78686    34.8875    34.8866     3.7666     3.7686    27.7209    27.7202    6.48374    6.48618         20 0.0000e+00
      27476   1144.783    781.000     3.8262   3.265513     3.8254   3.265373      59.72     0.0128     2.7018     2.3854  33.926739  3.8205128   48.89742  -45.78685    34.8879    34.8872     3.7690     3.7681    27.7210    27.7205    6.48090    6.49001         18 0.0000e+00
      27494   1145.562    782.000     3.8259   3.265518     3.8252   3.265390      74.71     0.0155     2.7016     2.3856  33.926739  3.8205128   48.89742  -45.78684    34.8879    34.8871     3.7685     3.7679    27.7210    27.7204    6.48244    6.48398         20 0.0000e+00
      27515   1146.427    783.000     3.8259   3.265563     3.8253   3.265463      98.35     0.0150     2.7015     2.3847  33.926739  3.8205128   48.89742  -45.78684    34.8879    34.8872     3.7685     3.7720    27.7210    27.7206    6.48034    6.47594         22 0.0000e+00
      27539   1147.399    784.000     3.8261   3.265641     3.8255   3.265527      98.63     0.0189     2.7004     2.3843  33.928577  3.8205128   48.89742  -45.78684    34.8880    34.8874     3.7686     3.7699    27.7211    27.7207    6.47229    6.48077         24 0.0000e+00
      27563   1148.404    785.000     3.8256   3.265676     3.8237   3.265369      88.21     0.0183     2.7001     2.3841  33.927338  3.8205128   48.89742  -45.78683    34.8884    34.8869     3.7681     3.7683    27.7215    27.7205    6.48338    6.48487         24 0.0000e+00
      27586   1149.354    786.000     3.8202   3.265158     3.8194   3.265012      86.57     0.0197     2.7001     2.3841  33.926739  3.8205128   48.89742  -45.78682    34.8875    34.8866     3.7626     3.7618    27.7213    27.7207    6.47738    6.48883         22 0.0000e+00
      27606   1150.211    787.000     3.8204   3.265202     3.8203   3.265145      98.67     0.0185     2.6993     2.3845  33.926739  3.8205128   48.89742  -45.78682    34.8873    34.8867     3.7627     3.7626    27.7212    27.7207    6.47504    6.49349         19 0.0000e+00
      27626   1151.034    788.000     3.8217   3.265370     3.8209   3.265251      55.99     0.0167     2.6987     2.3846  33.949821  3.8205128   48.89742  -45.78680    34.8875    34.8868     3.7639     3.7632    27.7212    27.7207    6.47630    6.49502         20 0.0000e+00
      27647   1151.919    789.000     3.8208   3.265328     3.8204   3.265240      65.10     0.0146     2.6983     2.3850  33.952866  3.8205128   48.89742  -45.78680    34.8874    34.8867     3.7629     3.7626    27.7212    27.7207    6.47851    6.48883         23 0.0000e+00
      27672   1152.972    790.000     3.8190   3.265196     3.8185   3.265075      98.40     0.0138     2.6985     2.3842  33.954983  3.8205128   48.89742  -45.78680    34.8871    34.8862     3.7611     3.7622    27.7212    27.7205    6.49061    6.48539         28 0.0000e+00
      27700   1154.125    791.000     3.8192   3.265259     3.8186   3.265134      78.92     0.0167     2.6996     2.3840  33.954414  3.8205128   48.89740  -45.78682    34.8871    34.8863     3.7612     3.7623    27.7212    27.7206    6.49679    6.48815         27 0.0000e+00
      27727   1155.256    792.000     3.8164   3.265021     3.8174   3.265047      98.74     0.0144     2.6999     2.3837  33.940773  3.8205128   48.89740  -45.78682    34.8867    34.8861     3.7584     3.7593    27.7211    27.7205    6.49229    6.49426         27 0.0000e+00
      27754   1156.358    793.000     3.8100   3.264432     3.8097   3.264314      87.79     0.0154     2.6998     2.3842  33.939777  3.8205128   48.89740  -45.78682    34.8860    34.8850     3.7519     3.7516    27.7212    27.7205    6.48686    6.49656         27 0.0000e+00
      27781   1157.503    794.000     3.8089   3.264370     3.8084   3.264251      49.03     0.0174     2.6994     2.3842  33.941940  3.8205128   48.89742  -45.78682    34.8859    34.8850     3.7508     3.7503    27.7213    27.7206    6.48508    6.49443         27 0.0000e+00
      27807   1158.601    795.000     3.8075   3.264267     3.8076   3.264216      99.43     0.0138     2.6982     2.3837  33.938404  3.8173363   48.89742  -45.78680    34.8857    34.8849     3.7492     3.7494    27.7213    27.7206    6.48058    6.48739         25 0.0000e+00
      27830   1159.523    796.000     3.8067   3.264234     3.8063   3.264129      98.63     0.0117     2.6983     2.3831  33.939930  3.8107305   48.89742  -45.78680    34.8856    34.8848     3.7484     3.7480    27.7213    27.7206    6.48811    6.49013         20 0.0000e+00
      27850   1160.363    797.000     3.8060   3.264209     3.8057   3.264107      98.63     0.0137     2.6976     2.3830  33.939186  3.8107448   48.89742  -45.78678    34.8855    34.8847     3.7476     3.7473    27.7213    27.7206    6.48387    6.49154         20 0.0000e+00
      27871   1161.247    798.000     3.8105   3.264705     3.8098   3.264595      93.17     0.0126     2.6973     2.3827  33.941383  3.8107448   48.89742  -45.78678    34.8863    34.8856     3.7519     3.7513    27.7215    27.7209    6.48957    6.48988         23 0.0000e+00
      27894   1162.227    799.000     3.8127   3.264993     3.8118   3.264834      73.54     0.0136     2.6983     2.3823  33.940781  3.8107448   48.89742  -45.78678    34.8867    34.8857     3.7541     3.7532    27.7216    27.7209    6.49486    6.49038         24 0.0000e+00
      27919   1163.234    800.000     3.8106   3.264818     3.8109   3.264784      93.39     0.0164     2.6975     2.3823  33.952435  3.8107448   48.89742  -45.78678    34.8864    34.8856     3.7519     3.7523    27.7215    27.7209    6.49291    6.49946         24 0.0000e+00
      27942   1164.207    801.000     3.8110   3.264912     3.8108   3.264815      79.41     0.0176     2.6986     2.3831  33.952858  3.8107448   48.89742  -45.78676    34.8865    34.8856     3.7523     3.7520    27.7216    27.7209    6.49683    6.50803         23 0.0000e+00
      27968   1165.272    802.000     3.8033   3.264177     3.8050   3.264254      88.87     0.0145     2.6981     2.3840  33.940601  3.8107448   48.89742  -45.78676    34.8854    34.8845     3.7446     3.7463    27.7215    27.7206    6.49950    6.51477         29 0.0000e+00
      28001   1166.681    803.000     3.7992   3.263798     3.7992   3.263723      90.53     0.0105     2.6987     2.3853  33.941402  3.8107448   48.89742  -45.78675    34.8848    34.8839     3.7404     3.7404    27.7214    27.7207    6.50011    6.52074         37 0.0000e+00
      28034   1168.054    804.000     3.7957   3.263480     3.7961   3.263485      80.91     0.0133     2.6992     2.3866  33.940201  3.8107448   48.89743  -45.78674    34.8842    34.8837     3.7368     3.7391    27.7213    27.7209    6.50642    6.52244         26 0.0000e+00
      28055   1168.937    805.000     3.7917   3.263113     3.7904   3.262843      66.16     0.0134     2.6991     2.3867  33.954815  3.8107448   48.89744  -45.78674    34.8835    34.8817     3.7328     3.7314    27.7211    27.7199    6.50896    6.51804         19 0.0000e+00
      28072   1169.638    806.000     3.7837   3.262356     3.7824   3.262148      98.40     0.0142     2.6999     2.3867  33.950588  3.8107448   48.89744  -45.78673    34.8825    34.8814     3.7247     3.7234    27.7212    27.7205    6.51493    6.52139         16 0.0000e+00
      28088   1170.281    807.000     3.7839   3.262418     3.7829   3.262255      98.63     0.0173     2.7001     2.3870  33.948265  3.8107448   48.89744  -45.78672    34.8825    34.8817     3.7248     3.7238    27.7212    27.7206    6.50573    6.52141         15 0.0000e+00
      28104   1170.939    808.000     3.7825   3.262332     3.7827   3.262263      98.63     0.0183     2.6997     2.3867  33.954979  3.8007030   48.89744  -45.78672    34.8824    34.8814     3.7234     3.7236    27.7212    27.7204    6.50797    6.51850         17 0.0000e+00
      28123   1171.740    809.000     3.7758   3.261722     3.7760   3.261657      74.01     0.0176     2.7000     2.3865  33.952404  3.7973542   48.89744  -45.78671    34.8817    34.8808     3.7167     3.7168    27.7214    27.7206    6.51536    6.51745         23 0.0000e+00
      28158   1173.203    810.000     3.7744   3.261635     3.7744   3.261554      98.98     0.0139     2.6998     2.3856  33.950699  3.7855268   48.89744  -45.78670    34.8817    34.8807     3.7152     3.7152    27.7215    27.7207    6.51047    6.51613         44 0.0000e+00
      28192   1174.627    811.000     3.7744   3.261675     3.7740   3.261566      77.88     0.0141     2.6996     2.3855  33.946205  3.7817864   48.89744  -45.78668    34.8817    34.8808     3.7150     3.7147    27.7215    27.7209    6.50550    6.51974         24 0.0000e+00
      28213   1175.514    812.000     3.7754   3.261829     3.7750   3.261723      74.42     0.0176     2.6988     2.3852  33.938522  3.7814438   48.89744  -45.78668    34.8819    34.8811     3.7160     3.7156    27.7216    27.7210    6.49600    6.51388         20 0.0000e+00
