data/CTD/2014/CNV/d017a018.cnv
* Sea-Bird SBE 9 Data File:
* FileName = C:\CTD_ACQUISITION\2014017HUD\ctddata\017A018.hdr
* Software Version Seasave V 7.22.2
* Temperature SN = 5081
* Conductivity SN = 3561
* Number of Bytes Per Scan = 37
* Number of Voltage Words = 4
* Number of Scans Averaged by the Deck Unit = 1
* NMEA Latitude = 52 56.12 N
* NMEA Longitude = 051 12.28 W
* NMEA UTC (Time) = Jul 04 2014 19:19:31
* NMEA baud rate = 9600
** Ship: Hudson
** Cruise: HUD2014017
** Chief_Scientist: Blair Greenan
** Organization: BIO
** Area_of_Operation: Sackville Spur
** Station: 018
** Sounding:  2361
** Event_Comments: K8 403079
# nquan = 25
# nvalues = 251                         
# units = specified
# name 0 = scan: Scan Count
# name 1 = timeS: Time, Elapsed [seconds]
# name 2 = prDM: Pressure, Digiquartz [db]
# name 3 = t068C: Temperature [ITS-68, deg C]
# name 4 = c0S/m: Conductivity [S/m]
# name 5 = t168C: Temperature, 2 [ITS-68, deg C]
# name 6 = c1S/m: Conductivity, 2 [S/m]
# name 7 = altM: Altimeter [m]
# name 8 = flC: Fluorescence, Chelsea Aqua 3 Chl Con [ug/l]
# name 9 = sbeox0V: Oxygen raw, SBE 43 [V]
# name 10 = sbeox1V: Oxygen raw, SBE 43, 2 [V]
# name 11 = upoly0: Upoly 0, Optode 4330F - O2 D-Phase
# name 12 = upoly1: Upoly 1, Optode 4330F - O2 Temp
# name 13 = latitude: Latitude [deg]
# name 14 = longitude: Longitude [deg]
# name 15 = sal00: Salinity, Practical [PSU]
# name 16 = sal11: Salinity, Practical, 2 [PSU]
# name 17 = potemp068C: Potential Temperature [ITS-68, deg C]
# name 18 = potemp168C: Potential Temperature, 2 [ITS-68, deg C]
# name 19 = sigma-é00: Density [sigma-theta, Kg/m^3]
# name 20 = sigma-é11: Density, 2 [sigma-theta, Kg/m^3]
# name 21 = sbeox0ML/L: Oxygen, SBE 43 [ml/l], WS = 2
# name 22 = sbeox1ML/L: Oxygen, SBE 43, 2 [ml/l], WS = 2
# name 23 = nbin: number of scans per bin
# name 24 = flag: flag
# span 0 =       8621,      16073       
# span 1 =    359.149,    669.654       
# span 2 =      2.000,    252.000       
# span 3 =     3.4525,     8.1381       
# span 4 =   3.193412,   3.559716       
# span 5 =     3.4523,     8.1376       
# span 6 =   3.193438,   3.559733       
# span 7 =      -0.59,     100.90       
# span 8 =     0.0099,     0.3272       
# span 9 =     2.9654,     3.4852       
# span 10 =     2.6162,     3.0493      
# span 11 =  29.999857,  33.174763      
# span 12 =  3.4533780,  8.1475925      
# span 13 =   52.93488,   52.93538      
# span 14 =  -51.20264,  -51.20240      
# span 15 =    34.1914,    34.8326      
# span 16 =    34.1846,    34.8330      
# span 17 =     3.4408,     8.1377      
# span 18 =     3.4405,     8.1372      
# span 19 =    26.6288,    27.7053      
# span 20 =    26.6295,    27.7056      
# span 21 =    6.83136,    7.47551      
# span 22 =    6.85347,    7.49100      
# span 23 =         11,         87      
# span 24 = 0.0000e+00, 0.0000e+00      
# interval = decibars: 1                
# start_time = Jul 04 2014 19:19:31 [NMEA time, header]
# bad_flag = -9.990e-29
*END*
[from data line 58]
      11123    463.416     60.000     4.1396   3.234395     4.1392   3.234456      98.65     0.0562     3.2539     2.8655  31.611872  4.2406087   52.93510  -51.20262    34.5708    34.5718     4.1354     4.1351    27.4307    27.4316    7.33248    7.36124         75 0.0000e+00
      11184    465.977     61.000     4.1214   3.233144     4.1206   3.233206      54.53     0.0606     3.2509     2.8614  31.640226  4.2394242   52.93510  -51.20262    34.5745    34.5761     4.1172     4.1164    27.4356    27.4369    7.33209    7.35196         37 0.0000e+00
      11213    467.162     62.000     4.0996   3.231501     4.0993   3.231478      98.51     0.0624     3.2495     2.8585  31.652374  4.2322416   52.93510  -51.20262    34.5775    34.5776     4.0953     4.0950    27.4402    27.4403    7.33227    7.35678         27 0.0000e+00
      11242    468.358     63.000     4.0843   3.230216     4.0842   3.230240      91.72     0.0593     3.2477     2.8579  31.669334  4.2213473   52.93510  -51.20262    34.5778    34.5782     4.0799     4.0798    27.4421    27.4424    7.33039    7.35736         32 0.0000e+00
      11284    470.105     64.000     4.0711   3.229145     4.0711   3.229192      98.48     0.0550     3.2450     2.8542  31.695366  4.1863208   52.93510  -51.20262    34.5786    34.5790     4.0666     4.0667    27.4441    27.4444    7.31979    7.33943         52 0.0000e+00
      11332    472.113     65.000     4.0588   3.228212     4.0585   3.228215      98.65     0.0560     3.2393     2.8494  31.713669  4.1632218   52.93510  -51.20262    34.5799    34.5804     4.0543     4.0541    27.4464    27.4469    7.28730    7.32524         42 0.0000e+00
      11377    473.983     66.000     4.0441   3.227278     4.0439   3.227300      98.65     0.0569     3.2305     2.8437  31.726320  4.1549182   52.93512  -51.20262    34.5837    34.5843     4.0396     4.0393    27.4510    27.4515    7.26976    7.30343         53 0.0000e+00
      11430    476.190     67.000     4.0294   3.226882     4.0295   3.226941      76.89     0.0609     3.2235     2.8372  31.752012  4.1250095   52.93512  -51.20261    34.5940    34.5946     4.0248     4.0248    27.4607    27.4612    7.26292    7.29185         43 0.0000e+00
      11467    477.736     68.000     4.0048   3.226260     4.0045   3.226297      98.47     0.0583     3.2183     2.8321  31.767601  4.1118317   52.93512  -51.20260    34.6121    34.6128     4.0001     3.9998    27.4777    27.4783    7.24821    7.27552         37 0.0000e+00
      11508    479.441     69.000     3.9928   3.225670     3.9925   3.225692      98.65     0.0573     3.2121     2.8286  31.799582  4.0944543   52.93512  -51.20260    34.6171    34.6177     3.9881     3.9878    27.4829    27.4834    7.23874    7.28534         43 0.0000e+00
      11544    480.975     70.000     3.9742   3.224782     3.9739   3.224803      98.65     0.0594     3.2082     2.8259  31.826300  4.0803189   52.93512  -51.20260    34.6258    34.6263     3.9694     3.9691    27.4917    27.4922    7.24069    7.27338         30 0.0000e+00
      11573    482.180     71.000     3.9790   3.226147     3.9787   3.226287      98.65     0.0579     3.2049     2.8233  31.845694  4.0666108   52.93512  -51.20260    34.6365    34.6383     3.9740     3.9739    27.4998    27.5013    7.21890    7.25987         31 0.0000e+00
      11628    484.476     72.000     3.9840   3.227304     3.9844   3.227394      79.38     0.0575     3.1966     2.8157  31.881842  4.0481143   52.93512  -51.20258    34.6443    34.6449     3.9790     3.9795    27.5055    27.5059    7.19938    7.23204         81 0.0000e+00
      11690    487.042     73.000     3.9826   3.227398     3.9822   3.227515      91.49     0.0567     3.1888     2.8085  31.912910  4.0495691   52.93513  -51.20258    34.6463    34.6481     3.9776     3.9772    27.5072    27.5087    7.18215    7.21122         34 0.0000e+00
      11719    488.239     74.000     3.9546   3.226003     3.9533   3.225906      98.59     0.0501     3.1860     2.8051  31.933882  4.0622492   52.93514  -51.20258    34.6589    34.6590     3.9495     3.9482    27.5201    27.5204    7.19101    7.21975         29 0.0000e+00
      11757    489.821     75.000     3.9143   3.222980     3.9130   3.222955      98.65     0.0491     3.1832     2.8040  31.955353  4.0376840   52.93514  -51.20258    34.6649    34.6660     3.9092     3.9079    27.5291    27.5301    7.18966    7.22762         55 0.0000e+00
      11816    492.311     76.000     3.8924   3.221540     3.8909   3.221515      98.65     0.0543     3.1792     2.7999  32.009563  3.9849763   52.93514  -51.20258    34.6704    34.6718     3.8873     3.8857    27.5357    27.5370    7.19401    7.21961         44 0.0000e+00
      11845    493.513     77.000     3.8881   3.221338     3.8877   3.221371      98.65     0.0530     3.1782     2.7994  32.029964  3.9864209   52.93514  -51.20256    34.6720    34.6729     3.8829     3.8825    27.5375    27.5382    7.18561    7.21066         23 0.0000e+00
      11871    494.570     78.000     3.8874   3.221339     3.8870   3.221374      72.18     0.0487     3.1757     2.7954  32.042618  3.9865689   52.93514  -51.20256    34.6723    34.6731     3.8821     3.8817    27.5378    27.5384    7.17143    7.18901         32 0.0000e+00
      11911    496.230     79.000     3.8869   3.221361     3.8866   3.221405      99.39     0.0476     3.1714     2.7909  32.080692  3.9456716   52.93514  -51.20256    34.6726    34.6734     3.8815     3.8812    27.5380    27.5387    7.15782    7.17802         43 0.0000e+00
      11944    497.622     80.000     3.8866   3.221408     3.8864   3.221457      98.66     0.0482     3.1665     2.7861  32.104111  3.9454956   52.93515  -51.20255    34.6728    34.6737     3.8812     3.8809    27.5383    27.5390    7.13857    7.16298         25 0.0000e+00
      11965    498.509     81.000     3.8821   3.221387     3.8816   3.221434      98.65     0.0504     3.1641     2.7843  32.109810  3.9440966   52.93516  -51.20254    34.6768    34.6778     3.8766     3.8761    27.5419    27.5428    7.13764    7.16535         20 0.0000e+00
      11985    499.343     82.000     3.8757   3.221244     3.8755   3.221284      98.65     0.0522     3.1607     2.7817  32.109890  3.9406517   52.93516  -51.20254    34.6814    34.6821     3.8701     3.8699    27.5462    27.5468    7.12992    7.15597         21 0.0000e+00
      12010    500.383     83.000     3.8692   3.220967     3.8684   3.220969      98.65     0.0502     3.1578     2.7795  32.109890  3.9379234   52.93516  -51.20254    34.6844    34.6852     3.8636     3.8628    27.5493    27.5501    7.12226    7.15077         31 0.0000e+00
      12056    502.289     84.000     3.8423   3.219193     3.8405   3.219126      66.98     0.0523     3.1518     2.7750  32.152248  3.9190285   52.93516  -51.20254    34.6912    34.6923     3.8366     3.8349    27.5575    27.5585    7.11542    7.15145         54 0.0000e+00
      12094    503.865     85.000     3.8345   3.218679     3.8344   3.218724      99.25     0.0541     3.1468     2.7716  32.167549  3.9082034   52.93516  -51.20253    34.6928    34.6935     3.8288     3.8286    27.5596    27.5601    7.10564    7.13687         23 0.0000e+00
      12114    504.716     86.000     3.8308   3.218462     3.8311   3.218541      98.65     0.0531     3.1446     2.7706  32.166859  3.9084249   52.93516  -51.20252    34.6936    34.6941     3.8250     3.8253    27.5606    27.5610    7.10759    7.14922         18 0.0000e+00
      12131    505.419     87.000     3.8282   3.218324     3.8276   3.218332      89.30     0.0501     3.1435     2.7699  32.192196  3.8914006   52.93516  -51.20252    34.6942    34.6949     3.8223     3.8218    27.5613    27.5619    7.10613    7.14074         16 0.0000e+00
      12146    506.062     88.000     3.8226   3.217950     3.8220   3.217932      86.22     0.0476     3.1422     2.7685  32.202030  3.8867810   52.93516  -51.20252    34.6951    34.6955     3.8166     3.8161    27.5626    27.5630    7.10097    7.12841         15 0.0000e+00
      12162    506.693     89.000     3.7979   3.216175     3.7989   3.216192      98.75     0.0499     3.1400     2.7661  32.202389  3.8852110   52.93517  -51.20252    34.6996    34.6987     3.7919     3.7929    27.5687    27.5679    7.09588    7.12892         16 0.0000e+00
      12178    507.375     90.000     3.7765   3.214680     3.7760   3.214635      98.65     0.0481     3.1381     2.7652  32.219357  3.8733702   52.93518  -51.20252    34.7039    34.7039     3.7705     3.7700    27.5743    27.5743    7.09270    7.13042         17 0.0000e+00
      12199    508.233     91.000     3.7668   3.214037     3.7665   3.214055      98.65     0.0481     3.1353     2.7622  32.226238  3.8644898   52.93518  -51.20250    34.7060    34.7065     3.7607     3.7604    27.5770    27.5774    7.08825    7.11112         26 0.0000e+00
      12238    509.883     92.000     3.7643   3.213908     3.7641   3.213942      98.65     0.0483     3.1298     2.7557  32.260426  3.8329754   52.93518  -51.20250    34.7064    34.7072     3.7582     3.7579    27.5776    27.5782    7.07056    7.09290         55 0.0000e+00
      12284    511.809     93.000     3.7599   3.213655     3.7594   3.213676      98.65     0.0451     3.1226     2.7495  32.311459  3.8171265   52.93518  -51.20249    34.7077    34.7084     3.7536     3.7532    27.5790    27.5797    7.05311    7.07852         28 0.0000e+00
      12305    512.657     94.000     3.7521   3.213193     3.7516   3.213192      98.65     0.0461     3.1198     2.7462  32.312626  3.8166983   52.93518  -51.20248    34.7099    34.7104     3.7458     3.7453    27.5816    27.5820    7.05284    7.07116         18 0.0000e+00
      12321    513.347     95.000     3.7409   3.212511     3.7400   3.212499      55.62     0.0442     3.1179     2.7444  32.329487  3.8120165   52.93518  -51.20248    34.7131    34.7138     3.7345     3.7337    27.5853    27.5860    7.05123    7.07318         16 0.0000e+00
      12337    514.001     96.000     3.7241   3.211314     3.7205   3.211169      80.37     0.0442     3.1159     2.7429  32.342110  3.8066351   52.93518  -51.20248    34.7164    34.7182     3.7177     3.7141    27.5896    27.5914    7.05520    7.07150         16 0.0000e+00
      12354    514.729     97.000     3.7081   3.210377     3.7080   3.210436      98.14     0.0441     3.1145     2.7408  32.337532  3.8056290   52.93518  -51.20248    34.7213    34.7221     3.7016     3.7015    27.5952    27.5958    7.05786    7.06932         19 0.0000e+00
      12378    515.727     98.000     3.6972   3.209676     3.6969   3.209646      98.65     0.0423     3.1123     2.7385  32.368343  3.7849627   52.93518  -51.20247    34.7240    34.7239     3.6906     3.6903    27.5984    27.5984    7.05510    7.07612         30 0.0000e+00
      12413    517.186     99.000     3.6529   3.206691     3.6564   3.206839      98.65     0.0398     3.1095     2.7369  32.389656  3.7688010   52.93518  -51.20246    34.7334    34.7329     3.6463     3.6498    27.6103    27.6096    7.05563    7.08498         36 0.0000e+00
      12444    518.446    100.000     3.6427   3.205926     3.6426   3.205965      98.65     0.0410     3.1075     2.7358  32.415253  3.7497373   52.93518  -51.20246    34.7359    34.7365     3.6361     3.6360    27.6134    27.6138    7.05884    7.08703         25 0.0000e+00
      12465    519.313    101.000     3.6371   3.205582     3.6367   3.205595      98.65     0.0394     3.1060     2.7352  32.424107  3.7282348   52.93518  -51.20246    34.7373    34.7379     3.6304     3.6300    27.6150    27.6155    7.05305    7.08087         18 0.0000e+00
      12482    520.039    102.000     3.6339   3.205416     3.6334   3.205438      98.65     0.0391     3.1044     2.7336  32.430489  3.7062500   52.93520  -51.20246    34.7381    34.7389     3.6271     3.6267    27.6160    27.6167    7.05331    7.06589         17 0.0000e+00
      12499    520.754    103.000     3.6355   3.205585     3.6351   3.205629      75.37     0.0380     3.1041     2.7316  32.430607  3.7049530   52.93520  -51.20245    34.7379    34.7387     3.6287     3.6286    27.6157    27.6163    7.05580    7.06182         18 0.0000e+00
      12520    521.612    104.000     3.6297   3.205226     3.6308   3.205296      48.65     0.0347     3.1027     2.7303  32.469147  3.6884913   52.93520  -51.20244    34.7392    34.7393     3.6228     3.6244    27.6173    27.6173    7.05425    7.07430         24 0.0000e+00
      12554    523.054    105.000     3.6278   3.205128     3.6275   3.205160      98.35     0.0315     3.1016     2.7295  32.487080  3.6791503   52.93520  -51.20244    34.7395    34.7403     3.6209     3.6205    27.6177    27.6184    7.05746    7.07541         44 0.0000e+00
      12592    524.609    106.000     3.6262   3.205087     3.6265   3.205155      84.34     0.0343     3.1004     2.7285  32.506596  3.6689048   52.93520  -51.20244    34.7401    34.7407     3.6192     3.6195    27.6184    27.6188    7.05228    7.07475         26 0.0000e+00
      12612    525.443    107.000     3.6248   3.205038     3.6248   3.205103      99.04     0.0331     3.0997     2.7283  32.505493  3.6723497   52.93520  -51.20244    34.7406    34.7413     3.6177     3.6178    27.6189    27.6194    7.05125    7.07509         17 0.0000e+00
      12628    526.121    108.000     3.6227   3.204948     3.6231   3.205020      98.65     0.0279     3.0987     2.7278  32.505493  3.6740346   52.93520  -51.20244    34.7412    34.7415     3.6155     3.6160    27.6196    27.6198    7.04675    7.07282         16 0.0000e+00
      12644    526.805    109.000     3.6200   3.204808     3.6201   3.204865      98.65     0.0303     3.0976     2.7272  32.505493  3.6734562   52.93520  -51.20244    34.7418    34.7424     3.6127     3.6129    27.6204    27.6208    7.04329    7.07047         18 0.0000e+00
      12666    527.700    110.000     3.6183   3.204744     3.6182   3.204789      98.65     0.0288     3.0967     2.7264  32.541466  3.6520383   52.93520  -51.20244    34.7423    34.7429     3.6110     3.6112    27.6209    27.6214    7.04481    7.06930         27 0.0000e+00
      12708    529.468    111.000     3.6172   3.204714     3.6166   3.204740      96.25     0.0337     3.0941     2.7241  32.555866  3.6386673   52.93520  -51.20244    34.7425    34.7434     3.6099     3.6093    27.6212    27.6220    7.03624    7.05326         51 0.0000e+00
      12743    530.927    112.000     3.6152   3.204639     3.6150   3.204675      84.99     0.0351     3.0919     2.7217  32.565132  3.6381369   52.93520  -51.20244    34.7432    34.7438     3.6078     3.6076    27.6220    27.6225    7.03194    7.06051         21 0.0000e+00
      12760    531.644    113.000     3.6141   3.204624     3.6140   3.204665      98.63     0.0325     3.0913     2.7217  32.575069  3.6471119   52.93520  -51.20243    34.7437    34.7442     3.6066     3.6065    27.6224    27.6229    7.03272    7.06488         16 0.0000e+00
      12775    532.259    114.000     3.6140   3.204657     3.6139   3.204708      98.65     0.0333     3.0901     2.7217  32.573551  3.6461039   52.93520  -51.20242    34.7436    34.7443     3.6065     3.6063    27.6224    27.6230    7.02912    7.05935         14 0.0000e+00
      12790    532.868    115.000     3.6102   3.204457     3.6098   3.204470      98.65     0.0313     3.0891     2.7207  32.571934  3.6505005   52.93520  -51.20242    34.7447    34.7453     3.6026     3.6021    27.6237    27.6242    7.02656    7.05531         15 0.0000e+00
      12806    533.552    116.000     3.6061   3.204221     3.6067   3.204302      98.65     0.0309     3.0883     2.7203  32.573040  3.6330140   52.93520  -51.20242    34.7458    34.7461     3.5984     3.5990    27.6249    27.6251    7.02084    7.04854         18 0.0000e+00
