data/CTD/2014/CNV/d017a047.cnv
* Sea-Bird SBE 9 Data File:
* FileName = C:\CTD_ACQUISITION\2014017HUD\ctddata\017A047.hdr
* Software Version Seasave V 7.22.2
* Temperature SN = 5081
* Conductivity SN = 3561
* Number of Bytes Per Scan = 37
* Number of Voltage Words = 4
* Number of Scans Averaged by the Deck Unit = 1
* NMEA Latitude = 47 48.52 N
* NMEA Longitude = 045 57.88 W
* NMEA UTC (Time) = Jul 11 2014 00:32:51
* NMEA baud rate = 9600
** Ship: Hudson
** Cruise: HUD2014017
** Chief_Scientist: Blair Greenan
** Organization: BIO
** Area_of_Operation: Sackville Spur
** Station: 047
** Sounding:  716
** Event_Comments: SS_18.5, 403274
# nquan = 25
# nvalues = 731                         
# units = specified
# name 0 = scan: Scan Count
# name 1 = timeS: Time, Elapsed [seconds]
# name 2 = prDM: Pressure, Digiquartz [db]
# name 3 = t068C: Temperature [ITS-68, deg C]
# name 4 = c0S/m: Conductivity [S/m]
# name 5 = t168C: Temperature, 2 [ITS-68, deg C]
# name 6 = c1S/m: Conductivity, 2 [S/m]
# name 7 = altM: Altimeter [m]
# name 8 = flC: Fluorescence, Chelsea Aqua 3 Chl Con [ug/l]
# name 9 = sbeox0V: Oxygen raw, SBE 43 [V]
# name 10 = sbeox1V: Oxygen raw, SBE 43, 2 [V]
# name 11 = upoly0: Upoly 0, Optode 4330F - O2 D-Phase
# name 12 = upoly1: Upoly 1, Optode 4330F - O2 Temp
# name 13 = latitude: Latitude [deg]
# name 14 = longitude: Longitude [deg]
# name 15 = sal00: Salinity, Practical [PSU]
# name 16 = sal11: Salinity, Practical, 2 [PSU]
# name 17 = potemp068C: Potential Temperature [ITS-68, deg C]
# name 18 = potemp168C: Potential Temperature, 2 [ITS-68, deg C]
# name 19 = sigma-é00: Density [sigma-theta, Kg/m^3]
# name 20 = sigma-é11: Density, 2 [sigma-theta, Kg/m^3]
# name 21 = sbeox0ML/L: Oxygen, SBE 43 [ml/l], WS = 2
# name 22 = sbeox1ML/L: Oxygen, SBE 43, 2 [ml/l], WS = 2
# name 23 = nbin: number of scans per bin
# name 24 = flag: flag
# span 0 =       5508,      27152       
# span 1 =    229.448,   1131.310       
# span 2 =      2.000,    732.000       
# span 3 =     2.9027,     8.6815       
# span 4 =   3.102631,   3.520594       
# span 5 =     2.9020,     8.6621       
# span 6 =   3.101458,   3.517922       
# span 7 =     -10.70,     100.83       
# span 8 =     0.0099,     1.1424       
# span 9 =     2.6837,     3.6962       
# span 10 =     2.3667,     3.2265      
# span 11 =  29.912287,  34.175907      
# span 12 =  2.7942107,  8.7429085      
# span 13 =   47.80917,   47.81228      
# span 14 =  -45.96590,  -45.96480      
# span 15 =    33.1053,    34.8921      
# span 16 =    33.1044,    34.8911      
# span 17 =     2.8970,     8.6793      
# span 18 =     2.8963,     8.6600      
# span 19 =    25.6878,    27.7036      
# span 20 =    25.6869,    27.7029      
# span 21 =    6.26558,    8.27430      
# span 22 =    6.24627,    8.27846      
# span 23 =          6,        100      
# span 24 = 0.0000e+00, 0.0000e+00      
# interval = decibars: 1                
# start_time = Jul 11 2014 00:32:51 [NMEA time, header]
# bad_flag = -9.990e-29
*END*
[from data line 174]
      13518    563.195    176.000     3.4590   3.183007     3.4595   3.182938      98.64     0.0200     2.8321     2.4952  34.088654  3.4356394   47.81044  -45.96512    34.6142    34.6128     3.4475     3.4480    27.5349    27.5338    6.52783    6.51155         20 0.0000e+00
      13536    563.954    177.000     3.4434   3.181768     3.4437   3.181633      98.64     0.0214     2.8399     2.5015  34.117043  3.4395363   47.81044  -45.96512    34.6154    34.6134     3.4319     3.4321    27.5374    27.5358    6.55755    6.54262         17 0.0000e+00
      13552    564.621    178.000     3.4205   3.179644     3.4214   3.179276      98.64     0.0209     2.8472     2.5082  34.117218  3.4395604   47.81044  -45.96513    34.6136    34.6102     3.4090     3.4099    27.5382    27.5353    6.58399    6.57204         15 0.0000e+00
      13567    565.270    179.000     3.3748   3.175387     3.3746   3.175049      98.64     0.0203     2.8546     2.5141  34.118134  3.4395604   47.81044  -45.96514    34.6103    34.6066     3.3633     3.3630    27.5400    27.5370    6.60968    6.58191         16 0.0000e+00
      13584    565.969    180.000     3.3448   3.172597     3.3458   3.172423      98.64     0.0215     2.8619     2.5182  34.146114  3.4299319   47.81044  -45.96514    34.6081    34.6049     3.3332     3.3342    27.5411    27.5384    6.60482    6.56634         18 0.0000e+00
      13606    566.892    181.000     3.2816   3.166543     3.2858   3.166495      98.64     0.0241     2.8651     2.5195  34.146519  3.4297924   47.81044  -45.96513    34.6018    34.5967     3.2700     3.2742    27.5421    27.5376    6.57381    6.53959         28 0.0000e+00
      13641    568.317    182.000     3.2204   3.160684     3.2236   3.160839      98.64     0.0207     2.8663     2.5190  34.160446  3.3766692   47.81046  -45.96514    34.5956    34.5941     3.2088     3.2120    27.5429    27.5414    6.57593    6.56983         38 0.0000e+00
      13674    569.729    183.000     3.1933   3.158098     3.1953   3.158052      98.64     0.0215     2.8711     2.5252  34.170895  3.3286216   47.81046  -45.96514    34.5926    34.5899     3.1818     3.1838    27.5431    27.5407    6.64836    6.64676         28 0.0000e+00
      13700    570.788    184.000     3.1789   3.156904     3.1771   3.156852      98.64     0.0193     2.8792     2.5334  34.175907  3.2961664   47.81046  -45.96514    34.5935    34.5937     3.1668     3.1665    27.5452    27.5455    6.70225    6.68912         24 0.0000e+00
      13721    571.679    185.000     3.2496   3.164200     3.2435   3.164030      98.64     0.0180     2.8883     2.5404  34.157681  3.2737243   47.81046  -45.96514    34.6054    34.6097     3.2378     3.2318    27.5480    27.5520    6.71970    6.69952         20 0.0000e+00
      13740    572.463    186.000     3.2798   3.167317     3.2800   3.167301      98.64     0.0184     2.8952     2.5467  34.146458  3.2590613   47.81046  -45.96514    34.6103    34.6099     3.2680     3.2681    27.5490    27.5488    6.72198    6.70664         17 0.0000e+00
      13757    573.174    187.000     3.2654   3.165940     3.2672   3.165851      98.64     0.0208     2.9006     2.5508  34.148258  3.2597198   47.81048  -45.96514    34.6085    34.6054     3.2535     3.2553    27.5490    27.5464    6.73451    6.71401         17 0.0000e+00
      13773    573.846    188.000     3.2204   3.161597     3.2234   3.161420      98.64     0.0235     2.9061     2.5551  34.094048  3.2630858   47.81048  -45.96514    34.6034    34.5980     3.2085     3.2115    27.5492    27.5446    6.74740    6.74000         16 0.0000e+00
      13790    574.525    189.000     3.1370   3.153658     3.1411   3.153596      98.64     0.0224     2.9094     2.5595  34.088043  3.2637219   47.81048  -45.96514    34.5956    34.5905     3.1252     3.1292    27.5507    27.5463    6.77135    6.76909         17 0.0000e+00
      13808    575.286    190.000     3.1107   3.151196     3.1117   3.151053      98.64     0.0204     2.9152     2.5637  34.090034  3.2632649   47.81048  -45.96514    34.5932    34.5904     3.0989     3.0999    27.5513    27.5490    6.79441    6.78325         20 0.0000e+00
      13833    576.315    191.000     3.0814   3.148427     3.0831   3.148423      98.64     0.0197     2.9213     2.5701  34.101860  3.2580609   47.81048  -45.96514    34.5904    34.5885     3.0695     3.0712    27.5518    27.5501    6.81327    6.81441         31 0.0000e+00
      13869    577.839    192.000     3.0735   3.147797     3.0735   3.147724      98.64     0.0180     2.9264     2.5732  34.064087  3.1923838   47.81048  -45.96514    34.5906    34.5898     3.0616     3.0619    27.5527    27.5520    6.73695    6.72037         38 0.0000e+00
      13902    579.219    193.000     3.0673   3.147358     3.0678   3.147283      98.64     0.0165     2.9154     2.5628  34.036385  3.1533377   47.81048  -45.96514    34.5913    34.5899     3.0553     3.0557    27.5538    27.5527    6.61487    6.63125         27 0.0000e+00
      13925    580.176    194.000     3.0731   3.148086     3.0709   3.147888      98.64     0.0114     2.9038     2.5532  33.992046  3.1331720   47.81048  -45.96514    34.5935    34.5934     3.0610     3.0588    27.5550    27.5552    6.57100    6.59259         20 0.0000e+00
      13944    580.959    195.000     3.0949   3.150324     3.0947   3.150367      98.64     0.0159     2.8928     2.5455  33.994328  3.1368322   47.81048  -45.96516    34.5961    34.5980     3.0833     3.0825    27.5551    27.5566    6.52226    6.56898         18 0.0000e+00
      13961    581.672    196.000     3.1215   3.153038     3.1208   3.153222      98.64     0.0154     2.8832     2.5390  33.961823  3.1222739   47.81049  -45.96516    34.6008    34.6023     3.1092     3.1100    27.5564    27.5576    6.50128    6.55953         17 0.0000e+00
      13979    582.407    197.000     3.1391   3.154901     3.1397   3.155024      98.64     0.0152     2.8739     2.5340  33.940907  3.1172850   47.81050  -45.96516    34.6040    34.6049     3.1268     3.1273    27.5573    27.5580    6.50157    6.55815         19 0.0000e+00
      13999    583.254    198.000     3.2887   3.170294     3.2921   3.171105      98.64     0.0156     2.8669     2.5292  33.930279  3.1185217   47.81050  -45.96516    34.6302    34.6452     3.2760     3.2794    27.5641    27.5758    6.49197    6.53657         22 0.0000e+00
      14024    584.286    199.000     3.3858   3.180048     3.3874   3.180283      98.64     0.0114     2.8615     2.5265  33.883022  3.1222620   47.81050  -45.96516    34.6439    34.6448     3.3729     3.3749    27.5658    27.5664    6.50332    6.55136         27 0.0000e+00
      14052    585.459    200.000     3.4209   3.183747     3.4211   3.184206      98.64     0.0135     2.8606     2.5282  33.852390  3.1811085   47.81050  -45.96516    34.6506    34.6552     3.4079     3.4085    27.5677    27.5714    6.53959    6.58518         28 0.0000e+00
      14078    586.562    201.000     3.4995   3.191634     3.4969   3.191561      98.64     0.0156     2.8643     2.5321  33.806339  3.2784088   47.81050  -45.96516    34.6613    34.6632     3.4863     3.4837    27.5687    27.5705    6.56980    6.59800         25 0.0000e+00
      14101    587.513    202.000     3.5154   3.193251     3.5176   3.193494      98.64     0.0148     2.8689     2.5361  33.800358  3.3102515   47.81050  -45.96516    34.6633    34.6639     3.5020     3.5043    27.5688    27.5690    6.58351    6.60872         21 0.0000e+00
      14122    588.369    203.000     3.5257   3.194372     3.5292   3.194838      89.74     0.0146     2.8731     2.5396  33.787327  3.3632824   47.81050  -45.96516    34.6652    34.6671     3.5123     3.5158    27.5693    27.5704    6.59221    6.61040         20 0.0000e+00
      14141    589.160    204.000     3.5592   3.197799     3.5562   3.197648      77.39     0.0162     2.8765     2.5413  33.791752  3.3624442   47.81050  -45.96516    34.6703    34.6716     3.5457     3.5427    27.5700    27.5713    6.58398    6.59996         19 0.0000e+00
      14159    589.926    205.000     3.6040   3.202426     3.5982   3.202111      98.31     0.0162     2.8783     2.5430  33.794827  3.4341233   47.81050  -45.96516    34.6777    34.6800     3.5903     3.5845    27.5715    27.5739    6.57055    6.59571         18 0.0000e+00
      14179    590.740    206.000     3.6607   3.208248     3.6585   3.208369      98.64     0.0176     2.8800     2.5444  33.794872  3.4390485   47.81050  -45.96517    34.6866    34.6904     3.6469     3.6447    27.5730    27.5762    6.56143    6.58618         21 0.0000e+00
      14202    591.728    207.000     3.7127   3.213617     3.7107   3.213602      98.64     0.0175     2.8818     2.5453  33.787975  3.2192080   47.81050  -45.96518    34.6951    34.6970     3.6987     3.6967    27.5745    27.5763    6.55057    6.56695         27 0.0000e+00
      14233    593.014    208.000     3.7452   3.217058     3.7438   3.217058      98.42     0.0172     2.8818     2.5441  33.785522  2.7942107   47.81051  -45.96517    34.7012    34.7025     3.7311     3.7297    27.5762    27.5773    6.53271    6.53600         33 0.0000e+00
      14263    594.235    209.000     3.7660   3.219380     3.7656   3.219325      98.56     0.0153     2.8817     2.5413  33.765728  2.8582768   47.81052  -45.96518    34.7063    34.7061     3.7518     3.7514    27.5781    27.5780    6.52151    6.51609         25 0.0000e+00
      14285    595.162    210.000     3.7692   3.219829     3.7683   3.219732      98.64     0.0163     2.8796     2.5384  33.767048  2.8936541   47.81052  -45.96518    34.7078    34.7076     3.7549     3.7540    27.5790    27.5789    6.50723    6.50271         20 0.0000e+00
      14304    595.963    211.000     3.7785   3.220903     3.7779   3.220908      98.64     0.0149     2.8786     2.5360  33.757027  2.8904810   47.81052  -45.96518    34.7102    34.7109     3.7641     3.7635    27.5800    27.5806    6.50780    6.49904         19 0.0000e+00
      14323    596.757    212.000     3.7907   3.222217     3.7901   3.222160      98.64     0.0162     2.8776     2.5343  33.758221  3.1204567   47.81052  -45.96518    34.7124    34.7123     3.7762     3.7757    27.5805    27.5805    6.50491    6.50203         20 0.0000e+00
      14344    597.620    213.000     3.8006   3.223332     3.7999   3.223301      98.64     0.0191     2.8761     2.5332  33.744663  3.2165771   47.81052  -45.96518    34.7147    34.7151     3.7860     3.7853    27.5813    27.5817    6.48391    6.49074         22 0.0000e+00
      14367    598.583    214.000     3.8058   3.223912     3.8036   3.223606      98.64     0.0229     2.8720     2.5297  33.735634  2.9785519   47.81052  -45.96518    34.7155    34.7142     3.7912     3.7890    27.5814    27.5806    6.45953    6.45624         23 0.0000e+00
      14391    599.570    215.000     3.7833   3.221714     3.7855   3.221794      98.36     0.0217     2.8681     2.5249  33.722122  2.9739196   47.81052  -45.96518    34.7130    34.7115     3.7686     3.7708    27.5817    27.5804    6.45313    6.44736         24 0.0000e+00
      14414    600.522    216.000     3.7750   3.221074     3.7747   3.220986      98.64     0.0203     2.8635     2.5210  33.706940  3.0133741   47.81054  -45.96520    34.7133    34.7125     3.7602     3.7599    27.5828    27.5823    6.44102    6.43757         22 0.0000e+00
      14437    601.484    217.000     3.7670   3.220300     3.7673   3.220216      98.64     0.0150     2.8595     2.5168  33.713097  2.9982905   47.81054  -45.96520    34.7120    34.7106     3.7522     3.7525    27.5826    27.5815    6.44506    6.43744         24 0.0000e+00
      14461    602.494    218.000     3.7573   3.219387     3.7576   3.219323      98.64     0.0132     2.8576     2.5150  33.722145  3.2462757   47.81054  -45.96520    34.7108    34.7097     3.7424     3.7428    27.5827    27.5817    6.45591    6.45272         25 0.0000e+00
      14485    603.504    219.000     3.7487   3.218580     3.7470   3.218301      98.64     0.0110     2.8561     2.5138  33.719051  3.1729846   47.81054  -45.96520    34.7097    34.7082     3.7338     3.7321    27.5826    27.5816    6.46829    6.45852         23 0.0000e+00
      14508    604.441    220.000     3.7262   3.216331     3.7241   3.215853      98.64     0.0124     2.8561     2.5135  33.711594  2.9989355   47.81054  -45.96520    34.7062    34.7027     3.7112     3.7092    27.5822    27.5795    6.47442    6.46290         22 0.0000e+00
      14528    605.311    221.000     3.6607   3.209924     3.6621   3.209651      98.50     0.0129     2.8560     2.5125  33.715740  3.0004864   47.81054  -45.96520    34.6986    34.6937     3.6458     3.6473    27.5826    27.5786    6.47755    6.46432         20 0.0000e+00
      14550    606.194    222.000     3.6034   3.204410     3.6053   3.204354      98.05     0.0151     2.8541     2.5109  33.719643  2.9713678   47.81054  -45.96520    34.6928    34.6903     3.5885     3.5911    27.5837    27.5816    6.47087    6.45899         22 0.0000e+00
      14572    607.123    223.000     3.6025   3.204468     3.6016   3.204391      98.64     0.0138     2.8517     2.5081  33.720337  3.0084274   47.81054  -45.96520    34.6939    34.6940     3.5876     3.5866    27.5847    27.5849    6.46416    6.45155         23 0.0000e+00
      14594    608.048    224.000     3.6216   3.206524     3.6209   3.206455      98.64     0.0123     2.8495     2.5065  33.765869  2.8969285   47.81054  -45.96520    34.6977    34.6977     3.6066     3.6059    27.5859    27.5859    6.46017    6.45927         21 0.0000e+00
      14616    608.957    225.000     3.6169   3.206133     3.6168   3.206021      98.64     0.0171     2.8487     2.5064  33.765568  2.9489763   47.81054  -45.96520    34.6975    34.6963     3.6018     3.6017    27.5862    27.5852    6.48796    6.48303         23 0.0000e+00
      14639    609.899    226.000     3.6109   3.205703     3.6105   3.205630      98.64     0.0181     2.8510     2.5089  33.781208  2.8656292   47.81055  -45.96520    34.6981    34.6977     3.5958     3.5954    27.5873    27.5869    6.52505    6.51777         23 0.0000e+00
      14662    610.877    227.000     3.6208   3.206950     3.6204   3.206883      98.64     0.0178     2.8556     2.5131  33.780857  2.9181499   47.81056  -45.96521    34.7021    34.7017     3.6056     3.6051    27.5894    27.5892    6.54780    6.53333         23 0.0000e+00
      14686    611.886    228.000     3.6155   3.206593     3.6158   3.206536      98.10     0.0224     2.8600     2.5166  33.792068  2.8586688   47.81056  -45.96522    34.7029    34.7018     3.6002     3.6005    27.5906    27.5897    6.54839    6.53959         25 0.0000e+00
      14712    612.966    229.000     3.5809   3.203283     3.5790   3.202824      98.61     0.0224     2.8632     2.5198  33.794891  2.9113677   47.81056  -45.96522    34.6994    34.6959     3.5656     3.5637    27.5912    27.5886    6.55327    6.55049         27 0.0000e+00
      14739    614.097    230.000     3.5462   3.199981     3.5394   3.199121      98.64     0.0204     2.8649     2.5223  33.809147  2.8762293   47.81056  -45.96522    34.6962    34.6926     3.5309     3.5241    27.5921    27.5899    6.55671    6.55935         27 0.0000e+00
      14763    615.100    231.000     3.5129   3.196777     3.5123   3.196562      98.64     0.0201     2.8665     2.5239  33.809521  2.9114983   47.81056  -45.96522    34.6925    34.6906     3.4976     3.4970    27.5925    27.5910    6.55925    6.56026         22 0.0000e+00
      14784    615.948    232.000     3.4986   3.195485     3.5004   3.195566      98.64     0.0167     2.8667     2.5241  33.852165  2.8288348   47.81056  -45.96522    34.6917    34.6907     3.4832     3.4851    27.5932    27.5922    6.54880    6.55191         19 0.0000e+00
