data/CTD/2014/CNV/d017a033.cnv
* Sea-Bird SBE 9 Data File:
* FileName = C:\CTD_ACQUISITION\2014017HUD\ctddata\017A033.hdr
* Software Version Seasave V 7.22.2
* Temperature SN = 5081
* Conductivity SN = 3561
* Number of Bytes Per Scan = 37
* Number of Voltage Words = 4
* Number of Scans Averaged by the Deck Unit = 1
* NMEA Latitude = 48 32.64 N
* NMEA Longitude = 046 46.27 W
* NMEA UTC (Time) = Jul 09 2014 10:04:54
* NMEA baud rate = 9600
** Ship: Hudson
** Cruise: HUD2014017
** Chief_Scientist: Blair Greenan
** Organization: BIO
** Area_of_Operation: Sackville Spur
** Station: 033
** Sounding:  2397
** Event_Comments: SS-06 403185
# nquan = 25
# nvalues = 2470                        
# units = specified
# name 0 = scan: Scan Count
# name 1 = timeS: Time, Elapsed [seconds]
# name 2 = prDM: Pressure, Digiquartz [db]
# name 3 = t068C: Temperature [ITS-68, deg C]
# name 4 = c0S/m: Conductivity [S/m]
# name 5 = t168C: Temperature, 2 [ITS-68, deg C]
# name 6 = c1S/m: Conductivity, 2 [S/m]
# name 7 = altM: Altimeter [m]
# name 8 = flC: Fluorescence, Chelsea Aqua 3 Chl Con [ug/l]
# name 9 = sbeox0V: Oxygen raw, SBE 43 [V]
# name 10 = sbeox1V: Oxygen raw, SBE 43, 2 [V]
# name 11 = upoly0: Upoly 0, Optode 4330F - O2 D-Phase
# name 12 = upoly1: Upoly 1, Optode 4330F - O2 Temp
# name 13 = latitude: Latitude [deg]
# name 14 = longitude: Longitude [deg]
# name 15 = sal00: Salinity, Practical [PSU]
# name 16 = sal11: Salinity, Practical, 2 [PSU]
# name 17 = potemp068C: Potential Temperature [ITS-68, deg C]
# name 18 = potemp168C: Potential Temperature, 2 [ITS-68, deg C]
# name 19 = sigma-é00: Density [sigma-theta, Kg/m^3]
# name 20 = sigma-é11: Density, 2 [sigma-theta, Kg/m^3]
# name 21 = sbeox0ML/L: Oxygen, SBE 43 [ml/l], WS = 2
# name 22 = sbeox1ML/L: Oxygen, SBE 43, 2 [ml/l], WS = 2
# name 23 = nbin: number of scans per bin
# name 24 = flag: flag
# span 0 =       9539,      71429       
# span 1 =    397.427,   2976.181       
# span 2 =      1.000,   2470.000       
# span 3 =     2.3753,     9.0739       
# span 4 =   3.142430,   3.609346       
# span 5 =     2.3739,     9.0741       
# span 6 =   3.142458,   3.609260       
# span 7 =       2.56,     105.67       
# span 8 =     0.0053,     0.3894       
# span 9 =     2.2040,     3.5143       
# span 10 =     1.9504,     3.0611      
# span 11 =  30.187246,  35.566757      
# span 12 =  2.3735769,  9.1236839      
# span 13 =   48.54284,   48.54440      
# span 14 =  -46.76892,  -46.75873      
# span 15 =    33.8068,    34.9163      
# span 16 =    33.8058,    34.9160      
# span 17 =     2.1900,     9.0728      
# span 18 =     2.1884,     9.0729      
# span 19 =    26.1726,    27.8785      
# span 20 =    26.1718,    27.8789      
# span 21 =    6.27503,    7.58314      
# span 22 =    6.25548,    7.58990      
# span 23 =          7,        102      
# span 24 = 0.0000e+00, 0.0000e+00      
# interval = decibars: 1                
# start_time = Jul 09 2014 10:04:54 [NMEA time, header]
# bad_flag = -9.990e-29
*END*
[from data line 638]
      26130   1088.690    639.000     3.6595   3.242065     3.6592   3.242015      98.63     0.0156     2.7814     2.4566  33.692307  3.6544566   48.54420  -46.76678    34.8602    34.8599     3.6142     3.6139    27.7145    27.7143    6.62287    6.63579         12 0.0000e+00
      26143   1089.259    640.000     3.6597   3.242139     3.6594   3.242087      71.06     0.0173     2.7822     2.4562  33.690510  3.6544566   48.54420  -46.76678    34.8603    34.8600     3.6144     3.6141    27.7146    27.7144    6.62836    6.63634         16 0.0000e+00
      26165   1090.177    641.000     3.6608   3.242285     3.6607   3.242259      87.23     0.0158     2.7815     2.4560  33.682640  3.6539311   48.54420  -46.76678    34.8603    34.8601     3.6154     3.6153    27.7145    27.7144    6.62385    6.63787         33 0.0000e+00
      26211   1092.092    642.000     3.6615   3.242392     3.6615   3.242372      99.50     0.0185     2.7809     2.4555  33.687035  3.6533508   48.54420  -46.76676    34.8604    34.8601     3.6160     3.6160    27.7145    27.7143    6.62377    6.63763         46 0.0000e+00
      26245   1093.505    643.000     3.6625   3.242543     3.6621   3.242497      98.63     0.0216     2.7800     2.4550  33.687855  3.6541116   48.54420  -46.76676    34.8606    34.8604     3.6168     3.6165    27.7146    27.7145    6.61951    6.63326         26 0.0000e+00
      26266   1094.367    644.000     3.6630   3.242665     3.6630   3.242636      98.63     0.0191     2.7802     2.4545  33.692371  3.6544619   48.54420  -46.76674    34.8609    34.8606     3.6173     3.6173    27.7148    27.7146    6.62769    6.63152         18 0.0000e+00
      26282   1095.032    645.000     3.6635   3.242760     3.6633   3.242720      98.63     0.0202     2.7800     2.4541  33.692307  3.6544566   48.54420  -46.76674    34.8610    34.8608     3.6178     3.6175    27.7148    27.7147    6.62748    6.63228         15 0.0000e+00
      26296   1095.627    646.000     3.6636   3.242815     3.6633   3.242763      98.63     0.0195     2.7795     2.4540  33.688248  3.6551330   48.54420  -46.76674    34.8611    34.8608     3.6178     3.6175    27.7149    27.7147    6.62607    6.63327         14 0.0000e+00
      26310   1096.218    647.000     3.6634   3.242845     3.6630   3.242777      98.63     0.0123     2.7805     2.4537  33.687092  3.6544695   48.54420  -46.76672    34.8611    34.8607     3.6175     3.6171    27.7149    27.7147    6.62666    6.63095         14 0.0000e+00
      26326   1096.862    648.000     3.6630   3.242850     3.6628   3.242806      66.61     0.0124     2.7793     2.4531  33.688824  3.6544566   48.54420  -46.76672    34.8611    34.8607     3.6170     3.6168    27.7150    27.7147    6.61672    6.62928         17 0.0000e+00
      26345   1097.661    649.000     3.6628   3.242882     3.6626   3.242824      57.27     0.0121     2.7788     2.4526  33.689617  3.6544566   48.54420  -46.76672    34.8611    34.8607     3.6168     3.6165    27.7150    27.7147    6.62289    6.62837         22 0.0000e+00
      26377   1099.000    650.000     3.6631   3.242940     3.6628   3.242888      96.73     0.0150     2.7786     2.4520  33.689960  3.6544566   48.54420  -46.76672    34.8610    34.8606     3.6169     3.6167    27.7149    27.7146    6.62225    6.62989         44 0.0000e+00
      26419   1100.748    651.000     3.6628   3.242960     3.6625   3.242903      92.76     0.0173     2.7774     2.4515  33.693356  3.6544566   48.54420  -46.76670    34.8610    34.8607     3.6166     3.6162    27.7150    27.7147    6.61869    6.63627         33 0.0000e+00
      26445   1101.837    652.000     3.6620   3.242941     3.6617   3.242886      98.75     0.0151     2.7772     2.4520  33.692287  3.6544566   48.54420  -46.76669    34.8611    34.8607     3.6157     3.6154    27.7151    27.7148    6.61751    6.64327         22 0.0000e+00
      26465   1102.648    653.000     3.6617   3.242966     3.6614   3.242908      98.63     0.0144     2.7762     2.4526  33.692307  3.6544566   48.54420  -46.76668    34.8612    34.8608     3.6153     3.6151    27.7152    27.7149    6.61301    6.64723         18 0.0000e+00
      26481   1103.346    654.000     3.6618   3.243018     3.6616   3.242972      98.63     0.0144     2.7755     2.4529  33.690498  3.6544566   48.54420  -46.76668    34.8612    34.8609     3.6153     3.6151    27.7152    27.7150    6.62007    6.64784         16 0.0000e+00
      26497   1103.999    655.000     3.6617   3.243059     3.6615   3.243018      98.63     0.0140     2.7762     2.4533  33.683525  3.6544566   48.54420  -46.76668    34.8612    34.8609     3.6152     3.6150    27.7152    27.7150    6.62348    6.64718         15 0.0000e+00
      26513   1104.655    656.000     3.6614   3.243069     3.6611   3.243013      98.63     0.0136     2.7755     2.4532  33.687786  3.6544566   48.54420  -46.76668    34.8612    34.8608     3.6148     3.6145    27.7153    27.7150    6.62384    6.64715         16 0.0000e+00
      26530   1105.369    657.000     3.6605   3.243035     3.6602   3.242975      98.63     0.0147     2.7760     2.4536  33.689972  3.6544566   48.54420  -46.76668    34.8612    34.8608     3.6138     3.6135    27.7154    27.7151    6.62520    6.64911         19 0.0000e+00
      26553   1106.326    658.000     3.6594   3.242992     3.6592   3.242936      98.63     0.0140     2.7754     2.4535  33.696243  3.6544566   48.54420  -46.76668    34.8613    34.8609     3.6127     3.6124    27.7156    27.7153    6.62039    6.64613         30 0.0000e+00
      26593   1107.987    659.000     3.6590   3.242995     3.6588   3.242950      77.57     0.0124     2.7745     2.4528  33.696850  3.6544566   48.54420  -46.76666    34.8612    34.8609     3.6122     3.6120    27.7156    27.7153    6.61899    6.63541         42 0.0000e+00
      26623   1109.245    660.000     3.6589   3.243049     3.6587   3.242997      98.88     0.0098     2.7744     2.4510  33.693600  3.6544566   48.54420  -46.76664    34.8614    34.8610     3.6120     3.6119    27.7157    27.7154    6.61977    6.62074         22 0.0000e+00
      26643   1110.069    661.000     3.6589   3.243096     3.6587   3.243048      98.64     0.0118     2.7735     2.4496  33.693115  3.6544566   48.54420  -46.76664    34.8615    34.8611     3.6119     3.6117    27.7158    27.7155    6.62146    6.62755         18 0.0000e+00
      26660   1110.791    662.000     3.6590   3.243147     3.6588   3.243101      98.63     0.0098     2.7742     2.4497  33.696613  3.6544566   48.54420  -46.76664    34.8615    34.8611     3.6119     3.6118    27.7158    27.7155    6.62453    6.63535         17 0.0000e+00
      26678   1111.527    663.000     3.6590   3.243196     3.6588   3.243148      98.63     0.0093     2.7735     2.4494  33.706005  3.6544566   48.54420  -46.76664    34.8615    34.8611     3.6119     3.6117    27.7158    27.7155    6.61546    6.63237         19 0.0000e+00
      26699   1112.397    664.000     3.6591   3.243249     3.6589   3.243199      98.63     0.0122     2.7728     2.4489  33.713173  3.6544566   48.54420  -46.76662    34.8615    34.8612     3.6119     3.6117    27.7158    27.7156    6.61724    6.63513         23 0.0000e+00
      26724   1113.477    665.000     3.6592   3.243307     3.6591   3.243260      98.63     0.0125     2.7727     2.4488  33.712921  3.6544566   48.54420  -46.76662    34.8615    34.8611     3.6120     3.6118    27.7158    27.7155    6.62072    6.63236         27 0.0000e+00
      26748   1114.472    666.000     3.6593   3.243355     3.6591   3.243302      98.63     0.0129     2.7721     2.4484  33.710415  3.6544566   48.54420  -46.76662    34.8615    34.8611     3.6120     3.6118    27.7158    27.7155    6.62018    6.63450         21 0.0000e+00
      26767   1115.233    667.000     3.6592   3.243400     3.6590   3.243346      97.26     0.0140     2.7722     2.4482  33.714306  3.6544566   48.54420  -46.76660    34.8616    34.8611     3.6118     3.6116    27.7159    27.7156    6.62265    6.63149         16 0.0000e+00
      26782   1115.888    668.000     3.6591   3.243437     3.6589   3.243376       7.34     0.0130     2.7721     2.4478  33.712791  3.6544566   48.54420  -46.76660    34.8617    34.8612     3.6116     3.6114    27.7160    27.7156    6.62609    6.62310         15 0.0000e+00
      26798   1116.521    669.000     3.6584   3.243418     3.6582   3.243364      86.28     0.0109     2.7723     2.4468  33.711536  3.6544566   48.54420  -46.76660    34.8617    34.8612     3.6108     3.6106    27.7161    27.7157    6.62151    6.61968         16 0.0000e+00
      26814   1117.223    670.000     3.6581   3.243433     3.6578   3.243379      98.18     0.0129     2.7718     2.4461  33.713814  3.6544566   48.54420  -46.76660    34.8616    34.8613     3.6105     3.6102    27.7160    27.7158    6.61860    6.62844         19 0.0000e+00
      26846   1118.550    671.000     3.6582   3.243475     3.6580   3.243425      93.96     0.0174     2.7712     2.4459  33.715309  3.6544566   48.54420  -46.76658    34.8615    34.8611     3.6105     3.6102    27.7159    27.7157    6.62089    6.62974         50 0.0000e+00
      26891   1120.406    672.000     3.6580   3.243510     3.6577   3.243454      99.00     0.0183     2.7706     2.4457  33.709843  3.6540692   48.54420  -46.76656    34.8616    34.8612     3.6102     3.6099    27.7161    27.7158    6.61849    6.63484         27 0.0000e+00
      26911   1121.259    673.000     3.6574   3.243508     3.6571   3.243461      98.63     0.0188     2.7701     2.4458  33.715488  3.6539412   48.54418  -46.76656    34.8617    34.8614     3.6095     3.6114    27.7162    27.7160    6.61417    6.63353         19 0.0000e+00
      26928   1121.963    674.000     3.6573   3.243551     3.6570   3.243494      98.63     0.0161     2.7692     2.4457  33.712803  3.6544600   48.54418  -46.76656    34.8618    34.8614     3.6093     3.6091    27.7163    27.7160    6.61992    6.63467         15 0.0000e+00
      26943   1122.582    675.000     3.6571   3.243589     3.6569   3.243533      98.63     0.0146     2.7697     2.4457  33.712818  3.6544566   48.54418  -46.76656    34.8619    34.8615     3.6091     3.6089    27.7164    27.7161    6.62573    6.63562         15 0.0000e+00
      26957   1123.169    676.000     3.6569   3.243615     3.6566   3.243559      98.63     0.0122     2.7702     2.4457  33.709167  3.6544566   48.54418  -46.76654    34.8619    34.8615     3.6088     3.6085    27.7165    27.7162    6.62217    6.63369         14 0.0000e+00
      26971   1123.770    677.000     3.6568   3.243651     3.6565   3.243591      98.63     0.0133     2.7690     2.4455  33.719269  3.6544566   48.54418  -46.76654    34.8619    34.8615     3.6087     3.6083    27.7164    27.7162    6.61399    6.62712         15 0.0000e+00
      26989   1124.490    678.000     3.6567   3.243680     3.6563   3.243611      98.63     0.0135     2.7688     2.4445  33.721531  3.6535208   48.54418  -46.76654    34.8618    34.8615     3.6085     3.6080    27.7164    27.7162    6.62021    6.61969         20 0.0000e+00
      27026   1126.029    679.000     3.6567   3.243708     3.6562   3.243646      83.15     0.0136     2.7685     2.4427  33.716568  3.6473579   48.54418  -46.76652    34.8616    34.8614     3.6084     3.6079    27.7163    27.7161    6.61988    6.61964         54 0.0000e+00
      27069   1127.832    680.000     3.6564   3.243735     3.6562   3.243686      99.44     0.0123     2.7674     2.4423  33.714466  3.6529102   48.54418  -46.76651    34.8618    34.8614     3.6080     3.6078    27.7164    27.7161    6.61528    6.63223         27 0.0000e+00
      27091   1128.747    681.000     3.6561   3.243756     3.6559   3.243710      98.63     0.0136     2.7666     2.4425  33.716282  3.6545303   48.54418  -46.76650    34.8618    34.8615     3.6076     3.6074    27.7165    27.7163    6.61115    6.63584         19 0.0000e+00
      27108   1129.463    682.000     3.6559   3.243804     3.6557   3.243748      98.63     0.0159     2.7667     2.4431  33.712322  3.6544566   48.54418  -46.76650    34.8620    34.8616     3.6074     3.6072    27.7167    27.7163    6.61005    6.63833         16 0.0000e+00
      27123   1130.082    683.000     3.6560   3.243855     3.6558   3.243797      98.63     0.0128     2.7655     2.4431  33.710869  3.6544566   48.54418  -46.76648    34.8621    34.8616     3.6073     3.6071    27.7167    27.7164    6.60884    6.63720         15 0.0000e+00
      27137   1130.680    684.000     3.6558   3.243888     3.6556   3.243828      98.63     0.0129     2.7655     2.4434  33.712173  3.6544566   48.54418  -46.76648    34.8622    34.8616     3.6071     3.6069    27.7168    27.7164    6.61284    6.63727         14 0.0000e+00
      27152   1131.302    685.000     3.6555   3.243902     3.6553   3.243854      98.63     0.0113     2.7649     2.4434  33.716949  3.6538565   48.54418  -46.76648    34.8621    34.8617     3.6067     3.6065    27.7168    27.7165    6.61260    6.63222         16 0.0000e+00
      27169   1132.012    686.000     3.6550   3.243905     3.6548   3.243845      98.63     0.0142     2.7647     2.4427  33.716988  3.6485155   48.54418  -46.76646    34.8621    34.8616     3.6062     3.6060    27.7168    27.7165    6.61589    6.62612         19 0.0000e+00
      27194   1133.029    687.000     3.6550   3.243935     3.6547   3.243876      98.63     0.0160     2.7644     2.4419  33.720390  3.6487842   48.54418  -46.76646    34.8620    34.8615     3.6061     3.6058    27.7168    27.7164    6.61617    6.62397         33 0.0000e+00
      27247   1135.266    688.000     3.6551   3.243978     3.6548   3.243925      65.68     0.0183     2.7643     2.4408  33.716454  3.6468403   48.54418  -46.76645    34.8618    34.8615     3.6061     3.6058    27.7166    27.7164    6.61989    6.62951         57 0.0000e+00
      27283   1136.737    689.000     3.6549   3.244032     3.6547   3.243975      99.85     0.0142     2.7644     2.4411  33.713840  3.6534405   48.54418  -46.76643    34.8622    34.8617     3.6058     3.6056    27.7169    27.7166    6.62017    6.63397         23 0.0000e+00
      27301   1137.505    690.000     3.6549   3.244080     3.6547   3.244020      83.60     0.0131     2.7638     2.4409  33.713852  3.6544640   48.54418  -46.76642    34.8622    34.8617     3.6057     3.6055    27.7170    27.7166    6.61683    6.62768         17 0.0000e+00
      27316   1138.141    691.000     3.6547   3.244112     3.6545   3.244067      97.67     0.0163     2.7639     2.4405  33.713242  3.6544566   48.54418  -46.76642    34.8622    34.8620     3.6055     3.6053    27.7170    27.7168    6.61858    6.62670         14 0.0000e+00
      27330   1138.715    692.000     3.6548   3.244176     3.6546   3.244118      98.64     0.0140     2.7641     2.4404  33.713726  3.6544566   48.54418  -46.76641    34.8624    34.8619     3.6055     3.6053    27.7171    27.7168    6.61567    6.62784         13 0.0000e+00
      27343   1139.264    693.000     3.6547   3.244201     3.6544   3.244151      98.63     0.0146     2.7627     2.4401  33.716034  3.6544566   48.54418  -46.76640    34.8623    34.8620     3.6053     3.6050    27.7171    27.7169    6.60895    6.62869         13 0.0000e+00
      27357   1139.825    694.000     3.6546   3.244243     3.6544   3.244194      98.63     0.0173     2.7632     2.4401  33.726013  3.6451871   48.54418  -46.76640    34.8623    34.8620     3.6052     3.6049    27.7171    27.7169    6.61499    6.63140         14 0.0000e+00
      27372   1140.464    695.000     3.6546   3.244281     3.6543   3.244225      98.63     0.0157     2.7623     2.4399  33.725685  3.6447051   48.54418  -46.76640    34.8623    34.8619     3.6050     3.6048    27.7171    27.7168    6.61961    6.63243         18 0.0000e+00
