data/CTD/2014/CNV/d017a046.cnv
* Sea-Bird SBE 9 Data File:
* FileName = C:\CTD_ACQUISITION\2014017HUD\ctddata\017A046.hdr
* Software Version Seasave V 7.22.2
* Temperature SN = 5081
* Conductivity SN = 3561
* Number of Bytes Per Scan = 37
* Number of Voltage Words = 4
* Number of Scans Averaged by the Deck Unit = 1
* NMEA Latitude = 47 54.02 N
* NMEA Longitude = 046 03.59 W
* NMEA UTC (Time) = Jul 10 2014 22:46:18
* NMEA baud rate = 9600
** Ship: Hudson
** Cruise: HUD2014017
** Chief_Scientist: Blair Greenan
** Organization: BIO
** Area_of_Operation: Sackville Spur
** Station: 046
** Sounding:  892
** Event_Comments: SS_18,403262
# nquan = 25
# nvalues = 908                         
# units = specified
# name 0 = scan: Scan Count
# name 1 = timeS: Time, Elapsed [seconds]
# name 2 = prDM: Pressure, Digiquartz [db]
# name 3 = t068C: Temperature [ITS-68, deg C]
# name 4 = c0S/m: Conductivity [S/m]
# name 5 = t168C: Temperature, 2 [ITS-68, deg C]
# name 6 = c1S/m: Conductivity, 2 [S/m]
# name 7 = altM: Altimeter [m]
# name 8 = flC: Fluorescence, Chelsea Aqua 3 Chl Con [ug/l]
# name 9 = sbeox0V: Oxygen raw, SBE 43 [V]
# name 10 = sbeox1V: Oxygen raw, SBE 43, 2 [V]
# name 11 = upoly0: Upoly 0, Optode 4330F - O2 D-Phase
# name 12 = upoly1: Upoly 1, Optode 4330F - O2 Temp
# name 13 = latitude: Latitude [deg]
# name 14 = longitude: Longitude [deg]
# name 15 = sal00: Salinity, Practical [PSU]
# name 16 = sal11: Salinity, Practical, 2 [PSU]
# name 17 = potemp068C: Potential Temperature [ITS-68, deg C]
# name 18 = potemp168C: Potential Temperature, 2 [ITS-68, deg C]
# name 19 = sigma-é00: Density [sigma-theta, Kg/m^3]
# name 20 = sigma-é11: Density, 2 [sigma-theta, Kg/m^3]
# name 21 = sbeox0ML/L: Oxygen, SBE 43 [ml/l], WS = 2
# name 22 = sbeox1ML/L: Oxygen, SBE 43, 2 [ml/l], WS = 2
# name 23 = nbin: number of scans per bin
# name 24 = flag: flag
# span 0 =       5771,      31284       
# span 1 =    240.399,   1303.462       
# span 2 =      2.000,    909.000       
# span 3 =     0.8116,     8.1432       
# span 4 =   2.892732,   3.539333       
# span 5 =     0.8114,     8.1475       
# span 6 =   2.892165,   3.539095       
# span 7 =       2.85,     101.13       
# span 8 =     0.0080,     0.4116       
# span 9 =     2.5757,     3.6527       
# span 10 =     2.2745,     3.1785      
# span 11 =  30.001347,  34.622543      
# span 12 =  1.3314099,  8.1830835      
# span 13 =   47.90098,   47.90292      
# span 14 =  -46.06181,  -46.06016      
# span 15 =    33.1083,    34.9087      
# span 16 =    33.1069,    34.9078      
# span 17 =     0.8094,     8.1426      
# span 18 =     0.8092,     8.1469      
# span 19 =    25.8025,    27.7512      
# span 20 =    25.8010,    27.7505      
# span 21 =    6.22076,    8.37410      
# span 22 =    6.21418,    8.30116      
# span 23 =         13,         98      
# span 24 = 0.0000e+00, 0.0000e+00      
# interval = decibars: 1                
# start_time = Jul 10 2014 22:46:18 [NMEA time, header]
# bad_flag = -9.990e-29
*END*
       5771    240.399      2.000     8.1301   3.460181     8.1429   3.461233       2.85     0.1185     3.4168     3.0003  30.248802  8.1483450   47.90098  -46.06021    33.1519    33.1511     8.1299     8.1427    25.8038    25.8013    7.09095    7.08967         25 0.0000e+00
       6104    254.303      3.000     8.1373   3.460877     8.1291   3.460120       2.98     0.1236     3.4153     3.0013  30.249565  8.1784000   47.90104  -46.06023    33.1520    33.1516     8.1371     8.1288    25.8028    25.8037    7.08739    7.06639         78 0.0000e+00
       6321    263.339      4.000     8.1349   3.460903     8.1310   3.460422       3.69     0.1140     3.4156     2.9997  30.248804  8.1811991   47.90108  -46.06024    33.1541    33.1527     8.1345     8.1307    25.8048    25.8043    7.09228    7.06903         59 0.0000e+00
       6357    264.821      5.000     8.1395   3.461276     8.1414   3.461358      31.23     0.1156     3.4162     2.9977  30.249081  8.1809511   47.90108  -46.06024    33.1532    33.1521     8.1391     8.1409    25.8035    25.8023    7.09613    7.05062         40 0.0000e+00
       6401    266.648      6.000     8.1432   3.461581     8.1475   3.461875      78.00     0.1240     3.4169     2.9961  30.244301  8.1825676   47.90109  -46.06024    33.1526    33.1516     8.1426     8.1469    25.8025    25.8010    7.09066    7.05858         46 0.0000e+00
       6442    268.381      7.000     8.1330   3.460762     8.1354   3.460846      34.83     0.1249     3.4138     2.9968  30.249159  8.1821947   47.90110  -46.06024    33.1528    33.1517     8.1323     8.1347    25.8042    25.8029    7.07950    7.06801         36 0.0000e+00
       6477    269.850      8.000     8.1423   3.461634     8.1415   3.461400      33.82     0.1304     3.4134     2.9990  30.249458  8.1826859   47.90110  -46.06024    33.1530    33.1513     8.1415     8.1407    25.8030    25.8017    7.08991    7.08231         38 0.0000e+00
       6525    271.834      9.000     8.1305   3.460392     8.1248   3.459652      76.68     0.1246     3.4155     3.0003  30.256279  8.1830835   47.90111  -46.06024    33.1505    33.1486     8.1296     8.1239    25.8027    25.8021    7.10531    7.07549         55 0.0000e+00
       6574    273.879     10.000     8.0894   3.456141     8.0641   3.453764      86.22     0.1257     3.4154     2.9984  30.263609  8.1700268   47.90112  -46.06024    33.1447    33.1422     8.0873     8.0632    25.8045    25.8060    7.08514    7.05720         40 0.0000e+00
       6612    275.440     11.000     8.0447   3.451840     8.0446   3.451746      92.66     0.1295     3.4105     2.9944  30.270422  8.1484852   47.90112  -46.06024    33.1397    33.1390     8.0436     8.0435    25.8069    25.8064    7.08789    7.06941         39 0.0000e+00
       6653    277.181     12.000     8.0628   3.453737     8.0523   3.452657      75.15     0.1207     3.4109     2.9948  30.290766  8.1212521   47.90112  -46.06024    33.1422    33.1407     8.0617     8.0512    25.8063    25.8066    7.11063    7.08129         45 0.0000e+00
       6699    279.103     13.000     8.0614   3.453650     8.0658   3.454014      99.73     0.1256     3.4152     2.9957  30.280367  8.1030130   47.90114  -46.06024    33.1422    33.1419     8.0601     8.0646    25.8065    25.8056    7.12548    7.07682         42 0.0000e+00
       6736    280.646     14.000     7.9826   3.445405     7.9785   3.444706      98.65     0.1251     3.4177     2.9957  30.263741  8.1051416   47.90114  -46.06022    33.1291    33.1250     7.9813     7.9772    25.8077    25.8051    7.13022    7.08993         36 0.0000e+00
       6774    282.192     15.000     7.8553   3.432604     7.8640   3.433237      71.37     0.1244     3.4101     2.9892  30.284748  8.0986681   47.90114  -46.06022    33.1118    33.1103     7.8538     7.8626    25.8126    25.8101    7.06435    7.03407         41 0.0000e+00
       6823    284.254     16.000     7.8136   3.428634     7.8134   3.428488      95.75     0.1204     3.3915     2.9695  30.322672  8.0232029   47.90115  -46.06022    33.1083    33.1069     7.8121     7.8118    25.8158    25.8148    7.08821    7.01776         57 0.0000e+00
       6876    286.459     17.000     7.8099   3.428500     7.8090   3.428351      98.80     0.1225     3.4148     2.9778  30.335178  7.9400182   47.90116  -46.06022    33.1098    33.1088     7.8083     7.8074    25.8176    25.8170    7.36182    7.20744         41 0.0000e+00
       6910    287.861     18.000     7.7862   3.426724     7.7889   3.426590      98.65     0.1281     3.4786     3.0253  30.331028  7.9192963   47.90116  -46.06022    33.1128    33.1088     7.7845     7.7872    25.8234    25.8198    7.75306    7.58690         32 0.0000e+00
       6943    289.253     19.000     7.3841   3.394845     7.3944   3.393941      98.65     0.1296     3.5797     3.1143  30.334908  7.9060278   47.90116  -46.06022    33.1520    33.1323     7.3823     7.3926    25.9108    25.8939    8.14405    7.99290         37 0.0000e+00
       6991    291.268     20.000     6.3724   3.316957     6.3836   3.315955      98.65     0.1484     3.6527     3.1785  30.431473  7.7868934   47.90117  -46.06022    33.2743    33.2499     6.3707     6.3820    26.1419    26.1209    8.01113    7.96409         59 0.0000e+00
       7048    293.610     21.000     5.3604   3.245618     5.3721   3.245925      98.65     0.1523     3.5916     3.1411  30.619560  7.3137860   47.90118  -46.06022    33.4694    33.4669     5.3588     5.3705    26.4211    26.4184    7.63379    7.74421         46 0.0000e+00
       7084    295.136     22.000     5.9164   3.321431     5.9276   3.326829      98.65     0.1532     3.5225     3.0942  30.720108  6.9244556   47.90118  -46.06022    33.7733    33.8228     5.9146     5.9258    26.5937    26.6313    7.40108    7.50506         32 0.0000e+00
       7116    296.445     23.000     7.0486   3.450097     6.9964   3.447430      98.65     0.1769     3.4807     3.0631  30.612047  6.2315125   47.90118  -46.06022    34.0785    34.0983     7.0465     6.9943    26.6862    26.7089    7.22445    7.27762         34 0.0000e+00
       7159    298.249     24.000     7.6101   3.514309     7.6206   3.516979      98.65     0.2357     3.4554     3.0435  30.310423  6.5086989   47.90118  -46.06022    34.2238    34.2423     7.6078     7.6183    26.7217    26.7347    7.17457    7.20112         55 0.0000e+00
       7213    300.495     25.000     7.8233   3.539333     7.8226   3.539095      82.17     0.2860     3.4392     3.0308  30.038099  7.2676859   47.90119  -46.06022    34.2842    34.2823     7.8209     7.8202    26.7384    26.7370    7.10961    7.13091         46 0.0000e+00
       7256    302.273     26.000     7.6121   3.518245     7.6171   3.517896      91.15     0.2981     3.4260     3.0189  30.001347  7.5913463   47.90120  -46.06020    34.2639    34.2552     7.6096     7.6146    26.7532    26.7456    7.12063    7.13527         42 0.0000e+00
       7297    303.992     27.000     7.5492   3.512136     7.5495   3.512069      98.62     0.3064     3.4153     3.0081  30.016722  7.6547451   47.90120  -46.06020    34.2593    34.2583     7.5467     7.5470    26.7586    26.7578    7.11200    7.11495         41 0.0000e+00
       7335    305.599     28.000     7.5798   3.516339     7.5741   3.515544      98.65     0.3099     3.4055     2.9968  30.038853  7.6203456   47.90120  -46.06020    34.2742    34.2722     7.5771     7.5715    26.7660    26.7653    7.05231    7.04582         34 0.0000e+00
       7368    306.949     29.000     7.5503   3.513895     7.5408   3.512673      73.69     0.3112     3.3779     2.9663  30.058781  7.5568485   47.90120  -46.06020    34.2763    34.2724     7.5476     7.5380    26.7718    26.7702    6.79792    6.77164         32 0.0000e+00
       7405    308.489     30.000     7.4940   3.508362     7.4946   3.508074      90.90     0.2823     3.3437     2.9290  30.071075  7.5610619   47.90120  -46.06020    34.2714    34.2677     7.4912     7.4917    26.7761    26.7731    7.09864    6.95426         46 0.0000e+00
       7467    311.096     31.000     7.2985   3.488573     7.3076   3.488754      98.92     0.2462     3.4556     2.9822  30.114292  7.5315051   47.90121  -46.06020    34.2489    34.2418     7.2956     7.3047    26.7861    26.7792    7.60014    7.31891         71 0.0000e+00
       7519    313.259     32.000     6.6186   3.418102     6.6585   3.417248      70.19     0.2375     3.5164     3.0281  30.165545  7.4906898   47.90122  -46.06020    34.1485    34.0990     6.6157     6.6557    26.7996    26.7552    7.69490    7.52088         33 0.0000e+00
       7547    314.427     33.000     4.6161   3.219027     4.6999   3.217662      89.61     0.2336     3.5288     3.0424  30.279882  7.3758402   47.90122  -46.06020    33.9080    33.8202     4.6137     4.6975    26.8516    26.7725    8.12668    8.01946         27 0.0000e+00
       7576    315.611     34.000     4.1906   3.178957     4.1982   3.178760      98.39     0.2335     3.5560     3.0767  30.519997  7.0459585   47.90122  -46.06020    33.8757    33.8659     4.1883     4.1959    26.8724    26.8638    8.37410    8.30116         32 0.0000e+00
       7628    317.793     35.000     3.8149   3.143054     3.8188   3.142136      98.65     0.2493     3.5454     3.0819  30.884659  5.8480420   47.90122  -46.06018    33.8374    33.8250     3.8126     3.8165    26.8800    26.8700    8.00215    8.04992         77 0.0000e+00
       7691    320.416     36.000     3.3697   3.101644     3.3895   3.102191      98.65     0.2535     3.4645     3.0355  30.833021  5.1006823   47.90122  -46.06018    33.8038    33.7895     3.3674     3.3873    26.8966    26.8833    7.61355    7.70855         36 0.0000e+00
       7718    321.529     37.000     3.4145   3.109456     3.3771   3.109390      98.65     0.2387     3.3824     2.9626  30.867098  5.0200629   47.90123  -46.06018    33.8544    33.8771     3.4121     3.3750    26.9326    26.9532    7.14020    7.20623         25 0.0000e+00
       7745    322.657     38.000     4.2601   3.195905     4.2549   3.198637      98.30     0.2594     3.3272     2.9066  30.977089  4.6483784   47.90124  -46.06018    34.0002    34.0343     4.2536     4.2523    26.9641    26.9913    7.28542    7.17338         31 0.0000e+00
       7799    324.931     39.000     4.5294   3.223010     4.5317   3.223171      55.03     0.2642     3.3331     2.8968  30.703051  4.5464001   47.90124  -46.06018    34.0418    34.0412     4.5265     4.5289    26.9685    26.9677    7.53488    7.44116         77 0.0000e+00
       7860    327.445     40.000     3.9190   3.165013     4.0136   3.167662     100.73     0.2507     3.3242     2.8997  30.639605  4.9911289   47.90124  -46.06018    33.9719    33.9051     3.9163     4.0109    26.9737    26.9112    7.44284    7.48805         37 0.0000e+00
       7891    328.740     41.000     1.9725   2.983333     1.9804   2.981539      98.32     0.2397     3.3028     2.8906  30.702885  5.0582509   47.90124  -46.06018    33.8216    33.7909     1.9705     1.9783    27.0296    27.0043    7.76268    7.84039         31 0.0000e+00
       7926    330.222     42.000     2.0296   2.989825     2.0049   2.988675      98.63     0.3417     3.2754     2.8717  31.246773  4.3527713   47.90124  -46.06018    33.8411    33.8533     2.0275     2.0027    27.0406    27.0524    7.63170    7.70406         42 0.0000e+00
       7975    332.268     43.000     2.8677   3.070971     2.8595   3.070671      98.65     0.4116     3.2354     2.8384  31.476412  3.3376918   47.90126  -46.06018    33.9546    33.9596     2.8652     2.8570    27.0628    27.0674    7.35758    7.35989         51 0.0000e+00
       8017    334.001     44.000     2.9487   3.079553     2.9468   3.079278      98.64     0.3201     3.2002     2.7983  31.382763  3.2281654   47.90126  -46.06018    33.9732    33.9719     2.9461     2.9442    27.0703    27.0694    7.20965    7.15030         33 0.0000e+00
       8049    335.338     45.000     3.0233   3.087695     3.0234   3.087440      98.22     0.2567     3.1707     2.7659  31.333515  3.3976426   47.90126  -46.06018    33.9931    33.9899     3.0206     3.0207    27.0795    27.0770    7.16981    7.07785         34 0.0000e+00
       8097    337.330     46.000     2.6788   3.057503     2.6859   3.057107      98.62     0.2184     3.1399     2.7310  31.432692  3.4905612   47.90126  -46.06018    33.9875    33.9751     2.6761     2.6833    27.1052    27.0946    7.17974    7.10875         66 0.0000e+00
       8157    339.848     47.000     2.0478   2.999265     2.0413   2.997023      98.65     0.1833     3.1060     2.7057  31.578625  3.4175563   47.90126  -46.06018    33.9375    33.9165     2.0454     2.0389    27.1169    27.1006    7.21085    7.21397         43 0.0000e+00
       8190    341.214     48.000     1.3583   2.936209     1.3741   2.935327      98.65     0.1980     3.0870     2.6949  31.670689  3.3304372   47.90126  -46.06018    33.8830    33.8547     1.3561     1.3719    27.1235    27.0996    7.31534    7.33911         29 0.0000e+00
       8219    342.419     49.000     1.1516   2.918724     1.1460   2.917241      87.10     0.2022     3.0744     2.6878  31.992188  2.8693502   47.90126  -46.06018    33.8832    33.8702     1.1494     1.1439    27.1376    27.1276    7.33365    7.33910         31 0.0000e+00
       8263    344.259     50.000     0.9931   2.905352     0.9899   2.904738      93.00     0.1795     3.0529     2.6703  32.189194  2.3595791   47.90126  -46.06016    33.8832    33.8799     0.9909     0.9878    27.1479    27.1455    7.29201    7.29928         63 0.0000e+00
       8328    346.944     51.000     0.9927   2.906159     0.9899   2.905266      99.02     0.1309     3.0190     2.6455  32.395142  1.8379894   47.90127  -46.06016    33.8934    33.8849     0.9905     0.9877    27.1562    27.1495    7.17854    7.22721         50 0.0000e+00
       8366    348.522     52.000     0.8834   2.897225     0.8842   2.897256      98.65     0.1381     3.0001     2.6351  32.523170  1.9222097   47.90128  -46.06018    33.8969    33.8968     0.8812     0.8822    27.1659    27.1658    7.18038    7.24358         32 0.0000e+00
       8395    349.767     53.000     0.8195   2.892732     0.8191   2.892165      98.65     0.1090     2.9895     2.6289  32.600529  1.8010067   47.90128  -46.06018    33.9098    33.9002     0.8156     0.8169    27.1804    27.1726    7.20111    7.27189         29 0.0000e+00
       8425    351.013     54.000     0.8116   2.893668     0.8114   2.893659      57.09     0.0927     2.9832     2.6276  32.696457  1.6457672   47.90128  -46.06018    33.9281    33.9282     0.8094     0.8092    27.1955    27.1956    7.22884    7.29083         33 0.0000e+00
       8471    352.923     55.000     0.8604   2.898988     0.8603   2.898937      93.74     0.0693     2.9792     2.6244  32.861507  1.4470090   47.90128  -46.06018    33.9429    33.9424     0.8582     0.8580    27.2044    27.2040    7.21438    7.25905         65 0.0000e+00
       8548    356.137     56.000     0.9026   2.903771     0.9030   2.903786      98.91     0.0539     2.9680     2.6171  32.992622  1.4345245   47.90130  -46.06018    33.9581    33.9578     0.9002     0.9007    27.2140    27.2137    7.15129    7.21812         62 0.0000e+00
       8583    357.603     57.000     0.9753   2.911834     0.9747   2.912035      98.65     0.0485     2.9621     2.6140  33.057125  1.4609114   47.90130  -46.06016    33.9820    33.9853     0.9729     0.9723    27.2286    27.2313    7.13402    7.20159         27 0.0000e+00
       8608    358.629     58.000     1.0522   2.920296     1.0511   2.920305      98.65     0.0429     2.9594     2.6121  33.191921  1.4198762   47.90130  -46.06016    34.0064    34.0077     1.0497     1.0486    27.2432    27.2444    7.11898    7.17344         24 0.0000e+00
