data/CTD/2014/CNV/d017a021.cnv
* Sea-Bird SBE 9 Data File:
* FileName = C:\CTD_ACQUISITION\2014017HUD\ctddata\017A021.hdr
* Software Version Seasave V 7.22.2
* Temperature SN = 5081
* Conductivity SN = 3561
* Number of Bytes Per Scan = 37
* Number of Voltage Words = 4
* Number of Scans Averaged by the Deck Unit = 1
* NMEA Latitude = 53 13.81 N
* NMEA Longitude = 050 28.39 W
* NMEA UTC (Time) = Jul 05 2014 02:20:47
* NMEA baud rate = 9600
** Ship: Hudson
** Cruise: HUD2014017
** Chief_Scientist: Blair Greenan
** Organization: BIO
** Area_of_Operation: Sackville Spur
** Station: 021
** Sounding:  3191
** Event_Comments: DSOW2, 403108
# nquan = 25
# nvalues = 3334                        
# units = specified
# name 0 = scan: Scan Count
# name 1 = timeS: Time, Elapsed [seconds]
# name 2 = prDM: Pressure, Digiquartz [db]
# name 3 = t068C: Temperature [ITS-68, deg C]
# name 4 = c0S/m: Conductivity [S/m]
# name 5 = t168C: Temperature, 2 [ITS-68, deg C]
# name 6 = c1S/m: Conductivity, 2 [S/m]
# name 7 = altM: Altimeter [m]
# name 8 = flC: Fluorescence, Chelsea Aqua 3 Chl Con [ug/l]
# name 9 = sbeox0V: Oxygen raw, SBE 43 [V]
# name 10 = sbeox1V: Oxygen raw, SBE 43, 2 [V]
# name 11 = upoly0: Upoly 0, Optode 4330F - O2 D-Phase
# name 12 = upoly1: Upoly 1, Optode 4330F - O2 Temp
# name 13 = latitude: Latitude [deg]
# name 14 = longitude: Longitude [deg]
# name 15 = sal00: Salinity, Practical [PSU]
# name 16 = sal11: Salinity, Practical, 2 [PSU]
# name 17 = potemp068C: Potential Temperature [ITS-68, deg C]
# name 18 = potemp168C: Potential Temperature, 2 [ITS-68, deg C]
# name 19 = sigma-é00: Density [sigma-theta, Kg/m^3]
# name 20 = sigma-é11: Density, 2 [sigma-theta, Kg/m^3]
# name 21 = sbeox0ML/L: Oxygen, SBE 43 [ml/l], WS = 2
# name 22 = sbeox1ML/L: Oxygen, SBE 43, 2 [ml/l], WS = 2
# name 23 = nbin: number of scans per bin
# name 24 = flag: flag
# span 0 =       5149,      87304       
# span 1 =    214.497,   3637.614       
# span 2 =      1.000,   3334.000       
# span 3 =     1.7911,     9.1923       
# span 4 =   3.182966,   3.687033       
# span 5 =     1.7900,     9.1921       
# span 6 =   3.182881,   3.686871       
# span 7 =       2.74,     107.33       
# span 8 =     0.0056,     0.5448       
# span 9 =     2.0665,     3.4908       
# span 10 =     1.8311,     3.0481      
# span 11 =  29.882446,  35.743607      
# span 12 =  1.7784365,  9.2221785      
# span 13 =   53.23092,   53.23268      
# span 14 =  -50.47242,  -50.46872      
# span 15 =    34.5044,    34.9164      
# span 16 =    34.5026,    34.9159      
# span 17 =     1.5453,     9.1915      
# span 18 =     1.5440,     9.1912      
# span 19 =    26.7009,    27.9215      
# span 20 =    26.6986,    27.9219      
# span 21 =    6.24061,    7.24045      
# span 22 =    6.21505,    7.25243      
# span 23 =         11,         90      
# span 24 = 0.0000e+00, 0.0000e+00      
# interval = decibars: 1                
# start_time = Jul 05 2014 02:20:47 [NMEA time, header]
# bad_flag = -9.990e-29
*END*
[from data line 116]
      10928    455.295    117.000     3.9216   3.231884     3.9201   3.231658      49.23     0.0154     3.0202     2.6619  32.989079  3.9689803   53.23180  -50.47184    34.7405    34.7394     3.9136     3.9123    27.5888    27.5881    6.80257    6.81997         29 0.0000e+00
      11004    458.458    118.000     3.9243   3.232167     3.9178   3.231532     107.33     0.0179     3.0186     2.6597  32.989780  3.9604487   53.23180  -50.47184    34.7404    34.7392     3.9162     3.9097    27.5885    27.5882    6.79146    6.80666         40 0.0000e+00
      11052    460.449    119.000     3.9106   3.230997     3.9101   3.230855      86.48     0.0207     3.0169     2.6570  32.989006  3.9572434   53.23182  -50.47184    34.7404    34.7393     3.9024     3.9020    27.5899    27.5890    6.78481    6.79755         18 0.0000e+00
      11070    461.207    120.000     3.9064   3.230773     3.9061   3.230678      98.33     0.0186     3.0155     2.6565  32.989010  3.9525194   53.23182  -50.47182    34.7418    34.7409     3.8981     3.8979    27.5914    27.5907    6.78186    6.79940         20 0.0000e+00
      11103    462.583    121.000     3.9126   3.231635     3.9118   3.231483      96.83     0.0174     3.0143     2.6549  32.988789  3.9436295   53.23182  -50.47182    34.7449    34.7439     3.9043     3.9036    27.5933    27.5926    6.78070    6.79388         55 0.0000e+00
      11169    465.348    122.000     3.9152   3.231967     3.9127   3.231619      86.49     0.0164     3.0115     2.6526  32.980762  3.9339917   53.23182  -50.47182    34.7455    34.7440     3.9068     3.9043    27.5935    27.5925    6.77540    6.79401         37 0.0000e+00
      11190    466.190    123.000     3.9201   3.232681     3.9201   3.232621      58.88     0.0168     3.0111     2.6528  32.975758  3.9440298   53.23182  -50.47182    34.7482    34.7476     3.9117     3.9116    27.5952    27.5947    6.77347    6.80058         18 0.0000e+00
      11205    466.853    124.000     3.9201   3.232745     3.9201   3.232684      93.04     0.0161     3.0102     2.6531  32.981342  3.9435866   53.23182  -50.47182    34.7485    34.7477     3.9116     3.9116    27.5954    27.5948    6.77714    6.80020         15 0.0000e+00
      11220    467.448    125.000     3.9197   3.232769     3.9197   3.232700      98.75     0.0190     3.0107     2.6530  32.985954  3.9404640   53.23182  -50.47182    34.7487    34.7479     3.9111     3.9111    27.5956    27.5950    6.78023    6.79364         14 0.0000e+00
      11233    468.017    126.000     3.9195   3.232809     3.9194   3.232743      94.23     0.0183     3.0100     2.6523  32.987949  3.9398272   53.23184  -50.47182    34.7488    34.7481     3.9108     3.9118    27.5957    27.5952    6.77376    6.78898         14 0.0000e+00
      11248    468.609    127.000     3.9195   3.232875     3.9194   3.232803      86.66     0.0185     3.0095     2.6516  32.987080  3.9422207   53.23184  -50.47182    34.7490    34.7483     3.9108     3.9107    27.5959    27.5953    6.77262    6.78921         15 0.0000e+00
      11265    469.318    128.000     3.9194   3.232902     3.9192   3.232828      98.02     0.0183     3.0089     2.6514  33.000050  3.9286761   53.23184  -50.47180    34.7489    34.7482     3.9106     3.9104    27.5958    27.5953    6.77611    6.79346         20 0.0000e+00
      11295    470.580    129.000     3.9193   3.232929     3.9191   3.232854      94.77     0.0198     3.0087     2.6510  33.005569  3.9279609   53.23184  -50.47180    34.7489    34.7481     3.9104     3.9102    27.5958    27.5953    6.77889    6.79514         44 0.0000e+00
      11340    472.453    130.000     3.9193   3.232984     3.9192   3.232909      59.04     0.0155     3.0082     2.6505  33.014179  3.9279609   53.23184  -50.47180    34.7489    34.7482     3.9104     3.9102    27.5958    27.5953    6.77731    6.79430         33 0.0000e+00
      11363    473.416    131.000     3.9189   3.232993     3.9190   3.232934     100.00     0.0193     3.0075     2.6506  33.003296  3.9295611   53.23184  -50.47180    34.7489    34.7481     3.9099     3.9100    27.5959    27.5952    6.77019    6.79211         19 0.0000e+00
      11380    474.115    132.000     3.9161   3.232832     3.9170   3.232808      98.63     0.0179     3.0068     2.6496  33.003662  3.9304156   53.23184  -50.47180    34.7493    34.7482     3.9071     3.9079    27.5965    27.5956    6.77154    6.78097         16 0.0000e+00
      11396    474.781    133.000     3.9129   3.232615     3.9132   3.232566      98.63     0.0161     3.0067     2.6483  33.004509  3.9291310   53.23184  -50.47179    34.7497    34.7488     3.9037     3.9040    27.5972    27.5964    6.77236    6.77840         17 0.0000e+00
      11415    475.586    134.000     3.9126   3.232639     3.9126   3.232563      98.63     0.0134     3.0055     2.6474  33.005524  3.9280150   53.23185  -50.47178    34.7497    34.7488     3.9034     3.9034    27.5972    27.5965    6.76891    6.78239         23 0.0000e+00
      11452    477.142    135.000     3.9132   3.232704     3.9130   3.232626      83.75     0.0166     3.0041     2.6465  33.016640  3.9223175   53.23186  -50.47178    34.7493    34.7487     3.9039     3.9037    27.5969    27.5963    6.75971    6.78298         49 0.0000e+00
      11489    478.687    136.000     3.9137   3.232808     3.9136   3.232732      65.89     0.0174     3.0001     2.6452  33.025688  3.9193459   53.23186  -50.47178    34.7495    34.7487     3.9043     3.9042    27.5969    27.5963    6.74125    6.77124         23 0.0000e+00
      11508    479.457    137.000     3.9149   3.232954     3.9148   3.232884      81.44     0.0138     2.9992     2.6435  33.025650  3.9281662   53.23186  -50.47178    34.7495    34.7487     3.9055     3.9054    27.5968    27.5962    6.75236    6.76927         16 0.0000e+00
      11523    480.103    138.000     3.9125   3.232819     3.9124   3.232732      92.70     0.0174     2.9984     2.6433  33.020107  3.9279609   53.23186  -50.47178    34.7499    34.7489     3.9030     3.9029    27.5974    27.5966    6.75628    6.78078         15 0.0000e+00
      11539    480.740    139.000     3.9053   3.232293     3.9052   3.232183      98.74     0.0186     2.9985     2.6436  33.025730  3.9267197   53.23186  -50.47178    34.7507    34.7494     3.8957     3.8957    27.5988    27.5978    6.77108    6.78804         16 0.0000e+00
      11557    481.479    140.000     3.8969   3.231633     3.8968   3.231539      85.14     0.0201     2.9995     2.6438  33.018509  3.9184220   53.23186  -50.47178    34.7511    34.7501     3.8873     3.8872    27.6000    27.5992    6.79062    6.79085         21 0.0000e+00
      11580    482.479    141.000     3.8921   3.231242     3.8919   3.231151      98.34     0.0187     3.0019     2.6442  33.019909  3.9174848   53.23186  -50.47176    34.7511    34.7502     3.8824     3.8822    27.6005    27.5998    6.79656    6.79666         27 0.0000e+00
      11609    483.654    142.000     3.8825   3.230424     3.8821   3.230292      91.84     0.0206     3.0039     2.6449  33.033306  3.9081891   53.23187  -50.47176    34.7509    34.7498     3.8728     3.8724    27.6013    27.6004    6.79723    6.80073         27 0.0000e+00
      11633    484.672    143.000     3.8652   3.228861     3.8648   3.228680      53.90     0.0224     3.0046     2.6451  33.036171  3.9084249   53.23188  -50.47176    34.7501    34.7483     3.8554     3.8551    27.6025    27.6011    6.79458    6.80154         23 0.0000e+00
      11656    485.607    144.000     3.8312   3.225752     3.8310   3.225573      98.77     0.0214     3.0049     2.6454  33.047653  3.9057524   53.23188  -50.47176    34.7486    34.7467     3.8214     3.8212    27.6047    27.6032    6.80635    6.81868         22 0.0000e+00
      11679    486.577    145.000     3.8172   3.224550     3.8175   3.224463      86.36     0.0172     3.0056     2.6466  33.049950  3.9014189   53.23188  -50.47176    34.7485    34.7472     3.8074     3.8076    27.6061    27.6050    6.81098    6.82494         25 0.0000e+00
      11704    487.617    146.000     3.8049   3.223542     3.8053   3.223490      98.54     0.0147     3.0061     2.6476  33.062183  3.8792830   53.23188  -50.47176    34.7491    34.7480     3.7949     3.7954    27.6078    27.6069    6.81069    6.83372         25 0.0000e+00
      11730    488.699    147.000     3.8030   3.223455     3.8029   3.223366      97.17     0.0163     3.0064     2.6490  33.062271  3.8703895   53.23188  -50.47175    34.7495    34.7485     3.7930     3.7929    27.6083    27.6076    6.82387    6.84152         26 0.0000e+00
      11755    489.737    148.000     3.8010   3.223353     3.8009   3.223262      87.36     0.0163     3.0085     2.6502  33.063431  3.8462040   53.23188  -50.47174    34.7499    34.7489     3.7909     3.7908    27.6089    27.6081    6.83411    6.84434         25 0.0000e+00
      11780    490.794    149.000     3.7816   3.221685     3.7801   3.221442      51.89     0.0156     3.0104     2.6516  33.062290  3.8408880   53.23188  -50.47174    34.7501    34.7484     3.7714     3.7703    27.6110    27.6098    6.84789    6.85869         26 0.0000e+00
      11806    491.894    150.000     3.7615   3.219858     3.7619   3.219770      98.57     0.0152     3.0127     2.6535  33.062836  3.8302953   53.23189  -50.47173    34.7490    34.7475     3.7514     3.7517    27.6122    27.6110    6.85179    6.86549         26 0.0000e+00
      11831    492.909    151.000     3.7436   3.218213     3.7442   3.218135      98.63     0.0165     3.0130     2.6544  33.062263  3.8217347   53.23190  -50.47172    34.7478    34.7462     3.7334     3.7340    27.6130    27.6117    6.84346    6.86770         22 0.0000e+00
      11852    493.774    152.000     3.7181   3.215970     3.7188   3.215865      97.76     0.0228     3.0134     2.6549  33.063007  3.8107088   53.23190  -50.47172    34.7475    34.7456     3.7079     3.7085    27.6154    27.6138    6.85028    6.87603         20 0.0000e+00
      11870    494.537    153.000     3.7055   3.214901     3.7057   3.214795      79.86     0.0235     3.0131     2.6558  33.063133  3.8107448   53.23190  -50.47172    34.7476    34.7461     3.6952     3.6954    27.6167    27.6155    6.84779    6.88297         17 0.0000e+00
      11887    495.253    154.000     3.6960   3.214117     3.6961   3.214001      98.73     0.0272     3.0127     2.6565  33.071789  3.7870831   53.23190  -50.47172    34.7478    34.7463     3.6856     3.6858    27.6179    27.6166    6.85092    6.88638         17 0.0000e+00
      11905    495.985    155.000     3.6925   3.213874     3.6926   3.213797      98.63     0.0276     3.0128     2.6569  33.069263  3.7860901   53.23190  -50.47172    34.7481    34.7471     3.6821     3.6821    27.6184    27.6176    6.86272    6.89149         19 0.0000e+00
      11926    496.860    156.000     3.6920   3.213882     3.6919   3.213808      39.73     0.0239     3.0140     2.6580  33.066067  3.7675600   53.23190  -50.47172    34.7481    34.7472     3.6815     3.6814    27.6185    27.6178    6.86995    6.89365         24 0.0000e+00
      11955    498.094    157.000     3.6925   3.213984     3.6924   3.213913      91.88     0.0185     3.0151     2.6585  33.062302  3.7417171   53.23190  -50.47172    34.7483    34.7475     3.6819     3.6819    27.6186    27.6180    6.87156    6.89130         34 0.0000e+00
      11989    499.493    158.000     3.6909   3.213893     3.6909   3.213820      94.84     0.0171     3.0163     2.6589  33.062271  3.7249360   53.23190  -50.47170    34.7484    34.7475     3.6803     3.6802    27.6188    27.6181    6.87001    6.89412         31 0.0000e+00
      12017    500.660    159.000     3.6810   3.213054     3.6822   3.213036      84.96     0.0163     3.0161     2.6593  33.059574  3.7228463   53.23192  -50.47170    34.7482    34.7468     3.6704     3.6715    27.6197    27.6185    6.87152    6.89000         27 0.0000e+00
      12043    501.761    160.000     3.6622   3.211477     3.6626   3.211414      98.51     0.0178     3.0162     2.6582  33.052193  3.7232051   53.23192  -50.47169    34.7489    34.7477     3.6514     3.6519    27.6221    27.6212    6.87287    6.88697         26 0.0000e+00
      12068    502.786    161.000     3.6586   3.211246     3.6587   3.211177      96.59     0.0170     3.0163     2.6574  33.056339  3.7183194   53.23192  -50.47168    34.7494    34.7485     3.6478     3.6479    27.6229    27.6222    6.86636    6.88449         22 0.0000e+00
      12089    503.672    162.000     3.6585   3.211286     3.6584   3.211203      81.88     0.0222     3.0142     2.6564  33.062450  3.7093830   53.23192  -50.47168    34.7494    34.7485     3.6476     3.6476    27.6230    27.6222    6.84799    6.87985         20 0.0000e+00
      12108    504.451    163.000     3.6565   3.211195     3.6565   3.211103      98.91     0.0184     3.0129     2.6554  33.062271  3.7092595   53.23192  -50.47168    34.7499    34.7488     3.6456     3.6456    27.6235    27.6226    6.85330    6.87631         18 0.0000e+00
      12126    505.190    164.000     3.6543   3.211059     3.6544   3.210983      98.63     0.0153     3.0119     2.6543  33.045937  3.6945662   53.23192  -50.47168    34.7500    34.7491     3.6434     3.6434    27.6239    27.6231    6.84803    6.87406         18 0.0000e+00
      12144    505.940    165.000     3.6538   3.211078     3.6537   3.210996      93.22     0.0185     3.0098     2.6535  33.041092  3.6886277   53.23192  -50.47168    34.7503    34.7494     3.6428     3.6427    27.6241    27.6234    6.84229    6.86711         18 0.0000e+00
      12163    506.767    166.000     3.6514   3.211022     3.6514   3.210934      85.74     0.0168     3.0087     2.6514  33.041622  3.6873195   53.23192  -50.47167    34.7516    34.7506     3.6403     3.6402    27.6254    27.6246    6.84488    6.85831         22 0.0000e+00
      12187    507.737    167.000     3.6519   3.211310     3.6516   3.211220      69.46     0.0201     3.0069     2.6495  33.033077  3.6780219   53.23192  -50.47166    34.7540    34.7532     3.6407     3.6405    27.6273    27.6267    6.83824    6.85921         25 0.0000e+00
      12214    508.877    168.000     3.6549   3.211715     3.6546   3.211631      91.66     0.0189     3.0051     2.6482  33.032967  3.6766853   53.23192  -50.47166    34.7551    34.7545     3.6436     3.6433    27.6279    27.6274    6.83478    6.86186         29 0.0000e+00
      12245    510.150    169.000     3.6572   3.212026     3.6567   3.211910      92.72     0.0158     3.0037     2.6475  33.032967  3.6739831   53.23192  -50.47166    34.7558    34.7550     3.6459     3.6454    27.6282    27.6276    6.85138    6.87019         32 0.0000e+00
      12276    511.438    170.000     3.6565   3.212010     3.6565   3.211946      98.83     0.0162     3.0052     2.6482  33.027557  3.6739926   53.23192  -50.47166    34.7559    34.7550     3.6451     3.6452    27.6283    27.6277    6.87105    6.88275         28 0.0000e+00
      12301    512.483    171.000     3.6486   3.211357     3.6514   3.211518      80.65     0.0140     3.0074     2.6496  33.028526  3.6739926   53.23192  -50.47164    34.7559    34.7548     3.6372     3.6399    27.6291    27.6280    6.87331    6.89083         23 0.0000e+00
      12321    513.332    172.000     3.6428   3.210838     3.6408   3.210508      98.60     0.0165     3.0077     2.6502  33.032959  3.6739926   53.23192  -50.47164    34.7553    34.7535     3.6312     3.6293    27.6293    27.6280    6.86811    6.88570         19 0.0000e+00
      12340    514.118    173.000     3.6228   3.208927     3.6213   3.208478      98.63     0.0177     3.0078     2.6501  33.032967  3.6739926   53.23194  -50.47164    34.7531    34.7503     3.6113     3.6108    27.6295    27.6275    6.87434    6.88489         19 0.0000e+00
