data/CTD/2014/CNV/d017a052.cnv
* Sea-Bird SBE 9 Data File:
* FileName = C:\CTD_ACQUISITION\2014017HUD\ctddata\017A052.hdr
* Software Version Seasave V 7.22.2
* Temperature SN = 5081
* Conductivity SN = 3561
* Number of Bytes Per Scan = 37
* Number of Voltage Words = 4
* Number of Scans Averaged by the Deck Unit = 1
* NMEA Latitude = 43 42.60 N
* NMEA Longitude = 059 07.70 W
* NMEA UTC (Time) = Jul 13 2014 07:26:46
* NMEA baud rate = 9600
** Ship: Hudson
** Cruise: HUD2014017
** Chief_Scientist: Blair Greenan
** Organization: BIO
** Area_of_Operation: Sackville Spur
** Station: 052
** Sounding:  245
** Event_Comments: LC1, 0
** Microcat calibration. No bottles.
# nquan = 25
# nvalues = 223                         
# units = specified
# name 0 = scan: Scan Count
# name 1 = timeS: Time, Elapsed [seconds]
# name 2 = prDM: Pressure, Digiquartz [db]
# name 3 = t068C: Temperature [ITS-68, deg C]
# name 4 = c0S/m: Conductivity [S/m]
# name 5 = t168C: Temperature, 2 [ITS-68, deg C]
# name 6 = c1S/m: Conductivity, 2 [S/m]
# name 7 = altM: Altimeter [m]
# name 8 = flC: Fluorescence, Chelsea Aqua 3 Chl Con [ug/l]
# name 9 = sbeox0V: Oxygen raw, SBE 43 [V]
# name 10 = sbeox1V: Oxygen raw, SBE 43, 2 [V]
# name 11 = upoly0: Upoly 0, Optode 4330F - O2 D-Phase
# name 12 = upoly1: Upoly 1, Optode 4330F - O2 Temp
# name 13 = latitude: Latitude [deg]
# name 14 = longitude: Longitude [deg]
# name 15 = sal00: Salinity, Practical [PSU]
# name 16 = sal11: Salinity, Practical, 2 [PSU]
# name 17 = potemp068C: Potential Temperature [ITS-68, deg C]
# name 18 = potemp168C: Potential Temperature, 2 [ITS-68, deg C]
# name 19 = sigma-é00: Density [sigma-theta, Kg/m^3]
# name 20 = sigma-é11: Density, 2 [sigma-theta, Kg/m^3]
# name 21 = sbeox0ML/L: Oxygen, SBE 43 [ml/l], WS = 2
# name 22 = sbeox1ML/L: Oxygen, SBE 43, 2 [ml/l], WS = 2
# name 23 = nbin: number of scans per bin
# name 24 = flag: flag
# span 0 =      13931,      19790       
# span 1 =    580.422,    824.529       
# span 2 =     10.000,    232.000       
# span 3 =     3.6401,    12.7208       
# span 4 =   3.055254,   4.111689       
# span 5 =     3.6598,    12.7260       
# span 6 =   3.056967,   4.109985       
# span 7 =       6.65,     100.44       
# span 8 =     0.0105,     0.1663       
# span 9 =     2.2350,     3.5416       
# span 10 =     1.9481,     3.0558      
# span 11 =  29.200193,  37.381992      
# span 12 =  4.0723057,  12.723706      
# span 13 =   43.70925,   43.70965      
# span 14 =  -59.12972,  -59.12906      
# span 15 =    31.8709,    35.4396      
# span 16 =    31.7746,    35.4342      
# span 17 =     3.6364,    12.7194      
# span 18 =     3.6560,    12.7246      
# span 19 =    24.0355,    27.1367      
# span 20 =    23.9628,    27.1300      
# span 21 =    4.17747,    7.33621      
# span 22 =    3.96376,    7.17674      
# span 23 =         14,         65      
# span 24 = 0.0000e+00, 0.0000e+00      
# interval = decibars: 1                
# start_time = Jul 13 2014 07:26:46 [NMEA time, header]
# bad_flag = -9.990e-29
*END*
[from data line 174]
      18558    773.205    184.000    10.8078   3.907882    10.6459   3.886369      67.30     0.0211     2.4945     2.1752  34.782215  10.746824   43.70934  -59.12958    35.1417    35.0808    10.7854    10.6237    26.9252    26.9066    4.61020    4.52205         21 0.0000e+00
      18575    773.932    185.000    10.6838   3.896729    10.5869   3.882853      66.76     0.0202     2.4914     2.1766  34.834797  10.755740   43.70934  -59.12958    35.1482    35.1016    10.6614    10.5646    26.9524    26.9333    4.59133    4.46033         16 0.0000e+00
      18590    774.559    186.000    10.6416   3.892820    10.5703   3.881291      66.35     0.0182     2.4863     2.1686  34.835163  10.755799   43.70934  -59.12958    35.1490    35.1013    10.6191    10.5480    26.9606    26.9360    4.56956    4.38474         14 0.0000e+00
      18605    775.174    187.000    10.6175   3.890104    10.5585   3.879960      65.18     0.0199     2.4808     2.1568  34.926605  10.697827   43.70934  -59.12958    35.1444    35.0988    10.5949    10.5360    26.9613    26.9362    4.55407    4.34675         16 0.0000e+00
      18622    775.895    188.000    10.5946   3.886310    10.5459   3.878402      64.05     0.0195     2.4740     2.1459  34.973156  10.662134   43.70934  -59.12959    35.1277    35.0948    10.5719    10.5233    26.9524    26.9353    4.56226    4.35974         20 0.0000e+00
      18654    777.213    189.000    10.5441   3.878752    10.5259   3.875178      62.43     0.0210     2.4714     2.1405  35.066643  10.559341   43.70934  -59.12960    35.0996    35.0810    10.5214    10.5032    26.9394    26.9281    4.58648    4.39339         47 0.0000e+00
      18702    779.225    190.000    10.4907   3.872831    10.4514   3.865163      61.06     0.0201     2.4656     2.1336  35.185341  10.454799   43.70932  -59.12960    35.0906    35.0522    10.4680    10.4293    26.9418    26.9190    4.55056    4.33932         34 0.0000e+00
      18724    780.130    191.000    10.4327   3.867311    10.3452   3.856374      60.42     0.0178     2.4573     2.1158  35.217117  10.443267   43.70932  -59.12960    35.0903    35.0638    10.4099    10.3225    26.9518    26.9464    4.50605    4.21217         18 0.0000e+00
      18740    780.771    192.000    10.3852   3.863600    10.3277   3.855212      59.58     0.0185     2.4483     2.0989  35.217167  10.444619   43.70932  -59.12960    35.0980    35.0684    10.3624    10.3049    26.9661    26.9531    4.46224    4.16781         14 0.0000e+00
      18753    781.346    193.000    10.3614   3.861596    10.3179   3.854300      58.78     0.0170     2.4384     2.0860  35.380222  10.365497   43.70932  -59.12960    35.1001    35.0681    10.3385    10.2951    26.9720    26.9546    4.42454    4.15247         14 0.0000e+00
      18768    781.948    194.000    10.3455   3.859682    10.3091   3.853358      57.82     0.0194     2.4264     2.0743  35.391785  10.355462   43.70932  -59.12960    35.0956    35.0666    10.3225    10.2861    26.9713    26.9550    4.39748    4.14736         15 0.0000e+00
      18789    782.817    195.000    10.3217   3.855843    10.2982   3.851852      56.65     0.0204     2.4109     2.0634  35.483601  10.253368   43.70932  -59.12961    35.0792    35.0613    10.2986    10.2751    26.9626    26.9528    4.37735    4.17934         30 0.0000e+00
      18841    784.983    196.000    10.2540   3.848783    10.2134   3.842690      54.83     0.0155     2.3833     2.0586  35.761536  9.6900740   43.70932  -59.12962    35.0724    35.0496    10.2309    10.1904    26.9691    26.9583    4.35908    4.22941         57 0.0000e+00
      18873    786.348    197.000    10.1551   3.841269    10.0708   3.831691      54.15     0.0181     2.3689     2.0597  35.815872  10.074924   43.70932  -59.12962    35.0910    35.0757    10.1320    10.0483    27.0008    27.0034    4.33254    4.20677         20 0.0000e+00
      18890    787.028    198.000    10.1044   3.837632    10.0477   3.831016      53.47     0.0189     2.3624     2.0532  35.864742  9.6187115   43.70932  -59.12962    35.1026    35.0900    10.0813    10.0247    27.0186    27.0185    4.32821    4.14897         15 0.0000e+00
      18904    787.630    199.000    10.0789   3.836040    10.0406   3.830550      52.74     0.0183     2.3571     2.0446  35.930248  9.5625877   43.70932  -59.12962    35.1106    35.0917    10.0557    10.0174    27.0293    27.0211    4.31801    4.10634         14 0.0000e+00
      18919    788.236    200.000    10.0647   3.834805    10.0361   3.830150      51.81     0.0199     2.3511     2.0347  35.931156  9.6365166   43.70932  -59.12962    35.1114    35.0915    10.0413    10.0129    27.0323    27.0216    4.30632    4.08289         15 0.0000e+00
      18936    788.967    201.000    10.0516   3.832959    10.0322   3.829662      50.71     0.0199     2.3445     2.0251  36.022018  9.5437651   43.70932  -59.12962    35.1047    35.0898    10.0282    10.0088    27.0294    27.0211    4.29465    4.09647         21 0.0000e+00
      18966    790.199    202.000    10.0313   3.830132    10.0264   3.828786      49.27     0.0179     2.3344     2.0200  36.162197  9.3986511   43.70932  -59.12963    35.0951    35.0860    10.0078    10.0029    27.0253    27.0191    4.28637    4.10901         40 0.0000e+00
      19007    791.909    203.000    10.0125   3.828583     9.9874   3.824048      48.01     0.0224     2.3244     2.0090  36.341057  9.2275429   43.70931  -59.12964    35.0970    35.0757     9.9889     9.9641    27.0301    27.0179    4.27590    4.07480         34 0.0000e+00
      19033    792.984    204.000     9.9810   3.826363     9.8839   3.814942      47.26     0.0222     2.3191     2.0048  36.365295  9.8865032   43.70930  -59.12964    35.1044    35.0817     9.9573     9.8604    27.0413    27.0401    4.27142    4.10265         21 0.0000e+00
      19052    793.792    205.000     9.9240   3.821012     9.8453   3.811930      46.44     0.0189     2.3154     2.0065  36.419926  9.7203083   43.70930  -59.12964    35.1045    35.0878     9.9002     9.8217    27.0511    27.0514    4.26742    4.12522         19 0.0000e+00
      19071    794.580    206.000     9.8719   3.815721     9.8268   3.810071      45.54     0.0168     2.3121     2.0070  36.425270  9.4190254   43.70930  -59.12964    35.1005    35.0863     9.8481     9.8032    27.0568    27.0533    4.26723    4.10649         19 0.0000e+00
      19092    795.452    207.000     9.8313   3.811405     9.8088   3.808223      44.53     0.0148     2.3080     2.0019  36.554295  9.1822233   43.70930  -59.12964    35.0951    35.0843     9.8075     9.7851    27.0595    27.0549    4.24886    4.06357         23 0.0000e+00
      19116    796.475    208.000     9.7951   3.807525     9.7875   3.805813      43.41     0.0154     2.2998     1.9912  36.568562  9.1865091   43.70930  -59.12964    35.0900    35.0799     9.7713     9.7636    27.0617    27.0550    4.21879    3.99931         26 0.0000e+00
      19143    797.575    209.000     9.7683   3.804716     9.7639   3.803445      42.35     0.0164     2.2908     1.9749  36.681526  9.5423851   43.70930  -59.12966    35.0868    35.0780     9.7443     9.7400    27.0637    27.0575    4.20366    3.96376         26 0.0000e+00
      19168    798.629    210.000     9.7411   3.802105     9.7271   3.800015      41.37     0.0167     2.2831     1.9649  36.696613  9.6892405   43.70930  -59.12966    35.0859    35.0781     9.7171     9.7031    27.0676    27.0639    4.20169    3.97792         25 0.0000e+00
      19194    799.696    211.000     9.6896   3.797071     9.6739   3.794547      40.40     0.0151     2.2782     1.9633  36.787151  9.4221840   43.70930  -59.12966    35.0838    35.0731     9.6656     9.6499    27.0747    27.0689    4.21380    4.05393         27 0.0000e+00
      19222    800.884    212.000     9.6266   3.790784     9.5962   3.786155      39.38     0.0151     2.2766     1.9739  36.809063  8.9416513   43.70930  -59.12966    35.0800    35.0619     9.6025     9.5722    27.0822    27.0731    4.23007    4.10763         30 0.0000e+00
      19251    802.083    213.000     9.5541   3.783578     9.5170   3.778558      38.32     0.0211     2.2759     1.9798  36.864292  9.0792961   43.70930  -59.12966    35.0759    35.0602     9.5300     9.4930    27.0911    27.0850    4.23548    4.09642         26 0.0000e+00
      19275    803.072    214.000     9.5123   3.779361     9.4912   3.776460      37.42     0.0219     2.2742     1.9796  36.897221  8.9265871   43.70930  -59.12966    35.0726    35.0632     9.4882     9.4671    27.0955    27.0917    4.23028    4.06593         21 0.0000e+00
      19294    803.882    215.000     9.4904   3.777285     9.4792   3.775380      36.57     0.0220     2.2727     1.9755  36.933025  9.2879267   43.70930  -59.12966    35.0721    35.0632     9.4662     9.4551    27.0988    27.0937    4.23263    4.03683         19 0.0000e+00
      19313    804.647    216.000     9.4758   3.775789     9.4719   3.774665      35.66     0.0215     2.2725     1.9703  36.928772  9.5536098   43.70929  -59.12966    35.0703    35.0626     9.4515     9.4476    27.0998    27.0944    4.23583    4.02205         18 0.0000e+00
      19332    805.476    217.000     9.4637   3.774411     9.4639   3.773876      34.63     0.0184     2.2712     1.9658  36.992065  9.5189638   43.70928  -59.12967    35.0674    35.0617     9.4393     9.4395    27.0996    27.0951    4.23217    4.02688         22 0.0000e+00
      19358    806.527    218.000     9.4489   3.772830     9.4499   3.772105      33.46     0.0149     2.2697     1.9639  36.995033  9.4216776   43.70928  -59.12968    35.0650    35.0566     9.4245     9.4254    27.1002    27.0934    4.22673    4.04305         29 0.0000e+00
      19390    807.857    219.000     9.4315   3.771045     9.4290   3.769757      32.29     0.0146     2.2665     1.9629  37.041790  8.9935141   43.70928  -59.12968    35.0631    35.0522     9.4069     9.4044    27.1016    27.0935    4.21685    4.04698         33 0.0000e+00
      19419    809.102    220.000     9.4179   3.769669     9.4078   3.767742      31.40     0.0185     2.2636     1.9629  37.065899  8.7745876   43.70928  -59.12968    35.0617    35.0516     9.3933     9.3832    27.1027    27.0965    4.21642    4.05657         27 0.0000e+00
      19443    810.103    221.000     9.4063   3.768556     9.3925   3.766518      30.48     0.0150     2.2623     1.9646  37.093536  9.1471558   43.70928  -59.12968    35.0611    35.0533     9.3815     9.3678    27.1042    27.1004    4.21800    4.07191         22 0.0000e+00
      19466    811.026    222.000     9.3927   3.767284     9.3831   3.765701      29.54     0.0158     2.2607     1.9667  37.113663  9.4538965   43.70928  -59.12968    35.0606    35.0537     9.3679     9.3583    27.1061    27.1022    4.21293    4.07796         22 0.0000e+00
      19488    811.976    223.000     9.3786   3.765879     9.3763   3.765042      28.57     0.0180     2.2593     1.9678  37.138504  9.4282408   43.70928  -59.12968    35.0594    35.0530     9.3537     9.3514    27.1074    27.1028    4.21081    4.07355         24 0.0000e+00
      19513    813.011    224.000     9.3698   3.765007     9.3701   3.764413      27.52     0.0187     2.2566     1.9671  37.146725  9.4072628   43.70928  -59.12968    35.0585    35.0520     9.3448     9.3451    27.1082    27.1031    4.20338    4.05900         26 0.0000e+00
      19539    814.099    225.000     9.3624   3.764338     9.3607   3.763496      26.47     0.0177     2.2552     1.9648  37.161388  9.3752699   43.70928  -59.12970    35.0584    35.0513     9.3373     9.3356    27.1093    27.1041    4.21092    4.05079         26 0.0000e+00
      19566    815.212    226.000     9.3495   3.763170     9.3388   3.761312      25.46     0.0145     2.2542     1.9624  37.186077  9.1843472   43.70928  -59.12970    35.0584    35.0495     9.3243     9.3136    27.1115    27.1063    4.20387    4.04154         27 0.0000e+00
      19596    816.479    227.000     9.3257   3.760821     9.3160   3.759012      24.37     0.0181     2.2510     1.9591  37.206764  8.8063669   43.70928  -59.12970    35.0568    35.0476     9.3004     9.2907    27.1142    27.1085    4.18968    4.03882         35 0.0000e+00
      19630    817.871    228.000     9.3087   3.759113     9.3015   3.757623      23.33     0.0192     2.2460     1.9570  37.253315  8.9545326   43.70928  -59.12970    35.0553    35.0468     9.2833     9.2762    27.1158    27.1103    4.17747    4.03967         30 0.0000e+00
      19659    819.067    229.000     9.2991   3.758219     9.2787   3.755314      22.40     0.0196     2.2430     1.9550  37.268505  8.6244097   43.70928  -59.12970    35.0549    35.0447     9.2737     9.2532    27.1170    27.1124    4.17980    4.03172         28 0.0000e+00
      19686    820.201    230.000     9.2794   3.756455     9.2387   3.751565      21.44     0.0121     2.2405     1.9525  37.292450  8.6239738   43.70928  -59.12970    35.0554    35.0444     9.2539     9.2132    27.1207    27.1187    4.17784    4.02624         28 0.0000e+00
      19721    821.668    231.000     9.2327   3.752074     9.2018   3.748133      20.30     0.0154     2.2383     1.9504  37.319344  8.6196718   43.70928  -59.12972    35.0551    35.0443     9.2071     9.1763    27.1281    27.1247    4.18066    4.03112         46 0.0000e+00
      19790    824.529    232.000     9.1675   3.745739     9.1653   3.744663      18.82     0.0172     2.2350     1.9481  37.381992  8.6595507   43.70925  -59.12972    35.0525    35.0435     9.1420     9.1398    27.1367    27.1300    4.18763    4.04241         34 0.0000e+00
