data/CTD/2014/CNV/d017a033.cnv
* Sea-Bird SBE 9 Data File:
* FileName = C:\CTD_ACQUISITION\2014017HUD\ctddata\017A033.hdr
* Software Version Seasave V 7.22.2
* Temperature SN = 5081
* Conductivity SN = 3561
* Number of Bytes Per Scan = 37
* Number of Voltage Words = 4
* Number of Scans Averaged by the Deck Unit = 1
* NMEA Latitude = 48 32.64 N
* NMEA Longitude = 046 46.27 W
* NMEA UTC (Time) = Jul 09 2014 10:04:54
* NMEA baud rate = 9600
** Ship: Hudson
** Cruise: HUD2014017
** Chief_Scientist: Blair Greenan
** Organization: BIO
** Area_of_Operation: Sackville Spur
** Station: 033
** Sounding:  2397
** Event_Comments: SS-06 403185
# nquan = 25
# nvalues = 2470                        
# units = specified
# name 0 = scan: Scan Count
# name 1 = timeS: Time, Elapsed [seconds]
# name 2 = prDM: Pressure, Digiquartz [db]
# name 3 = t068C: Temperature [ITS-68, deg C]
# name 4 = c0S/m: Conductivity [S/m]
# name 5 = t168C: Temperature, 2 [ITS-68, deg C]
# name 6 = c1S/m: Conductivity, 2 [S/m]
# name 7 = altM: Altimeter [m]
# name 8 = flC: Fluorescence, Chelsea Aqua 3 Chl Con [ug/l]
# name 9 = sbeox0V: Oxygen raw, SBE 43 [V]
# name 10 = sbeox1V: Oxygen raw, SBE 43, 2 [V]
# name 11 = upoly0: Upoly 0, Optode 4330F - O2 D-Phase
# name 12 = upoly1: Upoly 1, Optode 4330F - O2 Temp
# name 13 = latitude: Latitude [deg]
# name 14 = longitude: Longitude [deg]
# name 15 = sal00: Salinity, Practical [PSU]
# name 16 = sal11: Salinity, Practical, 2 [PSU]
# name 17 = potemp068C: Potential Temperature [ITS-68, deg C]
# name 18 = potemp168C: Potential Temperature, 2 [ITS-68, deg C]
# name 19 = sigma-é00: Density [sigma-theta, Kg/m^3]
# name 20 = sigma-é11: Density, 2 [sigma-theta, Kg/m^3]
# name 21 = sbeox0ML/L: Oxygen, SBE 43 [ml/l], WS = 2
# name 22 = sbeox1ML/L: Oxygen, SBE 43, 2 [ml/l], WS = 2
# name 23 = nbin: number of scans per bin
# name 24 = flag: flag
# span 0 =       9539,      71429       
# span 1 =    397.427,   2976.181       
# span 2 =      1.000,   2470.000       
# span 3 =     2.3753,     9.0739       
# span 4 =   3.142430,   3.609346       
# span 5 =     2.3739,     9.0741       
# span 6 =   3.142458,   3.609260       
# span 7 =       2.56,     105.67       
# span 8 =     0.0053,     0.3894       
# span 9 =     2.2040,     3.5143       
# span 10 =     1.9504,     3.0611      
# span 11 =  30.187246,  35.566757      
# span 12 =  2.3735769,  9.1236839      
# span 13 =   48.54284,   48.54440      
# span 14 =  -46.76892,  -46.75873      
# span 15 =    33.8068,    34.9163      
# span 16 =    33.8058,    34.9160      
# span 17 =     2.1900,     9.0728      
# span 18 =     2.1884,     9.0729      
# span 19 =    26.1726,    27.8785      
# span 20 =    26.1718,    27.8789      
# span 21 =    6.27503,    7.58314      
# span 22 =    6.25548,    7.58990      
# span 23 =          7,        102      
# span 24 = 0.0000e+00, 0.0000e+00      
# interval = decibars: 1                
# start_time = Jul 09 2014 10:04:54 [NMEA time, header]
# bad_flag = -9.990e-29
*END*
[from data line 116]
      14300    595.808    117.000     3.1712   3.158683     3.1712   3.158750      98.63     0.0156     3.0395     2.6790  33.062305  3.1166317   48.54422  -46.76777    34.6599    34.6605     3.1639     3.1642    27.5985    27.5990    6.99093    7.02383         18 0.0000e+00
      14320    596.619    118.000     3.1745   3.159118     3.1747   3.159164      98.63     0.0176     3.0393     2.6793  33.062271  3.1167288   48.54422  -46.76776    34.6611    34.6615     3.1671     3.1674    27.5992    27.5994    6.98708    7.02316         20 0.0000e+00
      14341    597.503    119.000     3.1804   3.160009     3.1803   3.160047      94.88     0.0204     3.0389     2.6794  33.054489  3.1315765   48.54422  -46.76776    34.6649    34.6656     3.1729     3.1729    27.6016    27.6022    6.98339    7.02549         24 0.0000e+00
      14368    598.607    120.000     3.1834   3.160583     3.1834   3.160594      98.50     0.0203     3.0381     2.6795  33.047852  3.1460161   48.54422  -46.76776    34.6683    34.6685     3.1759     3.1758    27.6040    27.6042    6.97829    7.01172         30 0.0000e+00
      14399    599.937    121.000     3.1826   3.160579     3.1825   3.160573      53.98     0.0227     3.0362     2.6771  33.050365  3.1617708   48.54422  -46.76776    34.6685    34.6686     3.1751     3.1749    27.6043    27.6044    6.96678    6.99956         32 0.0000e+00
      14431    601.266    122.000     3.1765   3.160078     3.1761   3.160033      98.28     0.0169     3.0343     2.6754  33.057632  3.1661077   48.54422  -46.76776    34.6683    34.6683     3.1689     3.1685    27.6047    27.6047    6.97043    7.00376         31 0.0000e+00
      14457    602.338    123.000     3.1731   3.159911     3.1735   3.159987      97.07     0.0188     3.0334     2.6750  33.062294  3.1660562   48.54422  -46.76776    34.6695    34.6700     3.1654     3.1658    27.6060    27.6063    6.97337    7.01261         21 0.0000e+00
      14478    603.209    124.000     3.1795   3.160637     3.1784   3.160558      91.99     0.0214     3.0331     2.6751  33.062271  3.1660562   48.54422  -46.76774    34.6709    34.6711     3.1717     3.1706    27.6065    27.6068    6.97218    7.01019         21 0.0000e+00
      14499    604.071    125.000     3.1866   3.161476     3.1856   3.161415      97.61     0.0223     3.0320     2.6747  33.062271  3.1660562   48.54422  -46.76774    34.6730    34.6732     3.1787     3.1778    27.6075    27.6078    6.96566    7.00019         21 0.0000e+00
      14521    605.012    126.000     3.1837   3.161473     3.1836   3.161459      98.62     0.0218     3.0318     2.6732  33.062271  3.1660562   48.54422  -46.76774    34.6754    34.6754     3.1758     3.1757    27.6097    27.6097    6.96600    6.99351         24 0.0000e+00
      14545    606.006    127.000     3.1803   3.161445     3.1802   3.161446      95.81     0.0204     3.0302     2.6723  33.069962  3.1660562   48.54422  -46.76774    34.6782    34.6783     3.1723     3.1723    27.6123    27.6124    6.96203    7.00158         23 0.0000e+00
      14567    606.917    128.000     3.1807   3.161655     3.1807   3.161671      95.85     0.0212     3.0297     2.6722  33.068550  3.1660562   48.54422  -46.76774    34.6798    34.6800     3.1726     3.1727    27.6135    27.6137    6.96515    7.00115         21 0.0000e+00
      14587    607.746    129.000     3.1799   3.161704     3.1800   3.161753      98.62     0.0191     3.0293     2.6715  33.063072  3.1691248   48.54422  -46.76774    34.6807    34.6811     3.1718     3.1719    27.6143    27.6147    6.96436    6.99494         19 0.0000e+00
      14606    608.538    130.000     3.1946   3.163310     3.1948   3.163441      98.63     0.0198     3.0284     2.6708  33.061508  3.1701643   48.54422  -46.76774    34.6838    34.6852     3.1865     3.1866    27.6154    27.6165    6.95737    6.99075         19 0.0000e+00
      14626    609.380    131.000     3.2039   3.164319     3.2037   3.164317      92.67     0.0213     3.0276     2.6700  33.066830  3.1691833   48.54422  -46.76774    34.6856    34.6858     3.1957     3.1954    27.6160    27.6162    6.95938    6.98009         22 0.0000e+00
      14650    610.387    132.000     3.2041   3.164472     3.2037   3.164468      71.74     0.0188     3.0276     2.6678  33.076630  3.1668501   48.54424  -46.76774    34.6867    34.6870     3.1958     3.1954    27.6168    27.6171    6.95955    6.97232         27 0.0000e+00
      14683    611.738    133.000     3.2120   3.165462     3.2119   3.165481      96.62     0.0171     3.0257     2.6661  33.076103  3.1797078   48.54424  -46.76774    34.6897    34.6900     3.2036     3.2036    27.6185    27.6187    6.94432    6.97574         36 0.0000e+00
      14715    613.074    134.000     3.2143   3.165802     3.2138   3.165775      95.99     0.0211     3.0242     2.6656  33.074612  3.1862271   48.54424  -46.76774    34.6908    34.6910     3.2058     3.2054    27.6192    27.6193    6.95054    6.97916         26 0.0000e+00
      14735    613.929    135.000     3.2163   3.166096     3.2159   3.166073      98.67     0.0189     3.0237     2.6651  33.076954  3.1954861   48.54424  -46.76772    34.6917    34.6918     3.2078     3.2074    27.6197    27.6198    6.94271    6.97655         17 0.0000e+00
      14751    614.577    136.000     3.2152   3.166148     3.2151   3.166125      98.63     0.0156     3.0231     2.6648  33.076923  3.1953602   48.54424  -46.76772    34.6929    34.6927     3.2066     3.2065    27.6208    27.6206    6.93463    6.97595         14 0.0000e+00
      14765    615.160    137.000     3.2119   3.165890     3.2119   3.165865      93.48     0.0152     3.0212     2.6644  33.076923  3.1953602   48.54424  -46.76772    34.6928    34.6927     3.2032     3.2033    27.6210    27.6209    6.93766    6.97453         14 0.0000e+00
      14780    615.780    138.000     3.2067   3.165492     3.2062   3.165427      93.69     0.0165     3.0214     2.6639  33.090473  3.2032645   48.54424  -46.76772    34.6930    34.6927     3.1980     3.1975    27.6216    27.6215    6.94253    6.97584         17 0.0000e+00
      14799    616.582    139.000     3.2026   3.165192     3.2021   3.165141      98.38     0.0168     3.0202     2.6634  33.091530  3.2042334   48.54424  -46.76772    34.6931    34.6930     3.1939     3.1934    27.6221    27.6221    6.94076    6.97276         23 0.0000e+00
      14829    617.831    140.000     3.1995   3.164928     3.1979   3.164787      68.98     0.0136     3.0196     2.6623  33.091576  3.1981909   48.54424  -46.76772    34.6928    34.6926     3.1907     3.1894    27.6222    27.6222    6.95313    6.97778         36 0.0000e+00
      14863    619.234    141.000     3.1880   3.163909     3.1865   3.163720      87.32     0.0164     3.0210     2.6627  33.095367  3.1959872   48.54424  -46.76770    34.6921    34.6915     3.1791     3.1776    27.6227    27.6223    6.96637    6.98890         28 0.0000e+00
      14886    620.229    142.000     3.1785   3.163043     3.1783   3.163019      98.87     0.0138     3.0212     2.6631  33.106445  3.1953464   48.54422  -46.76770    34.6913    34.6911     3.1695     3.1694    27.6230    27.6229    6.96073    6.99026         21 0.0000e+00
      14906    621.040    143.000     3.1705   3.162335     3.1700   3.162210      94.41     0.0143     3.0210     2.6629  33.106228  3.1953602   48.54424  -46.76770    34.6906    34.6897     3.1616     3.1610    27.6232    27.6225    6.95455    6.98627         19 0.0000e+00
      14924    621.800    144.000     3.1529   3.160703     3.1529   3.160622      93.32     0.0143     3.0200     2.6623  33.118237  3.1868212   48.54424  -46.76770    34.6891    34.6882     3.1439     3.1438    27.6236    27.6229    6.95324    6.98623         18 0.0000e+00
      14943    622.568    145.000     3.1358   3.159109     3.1370   3.159112      98.52     0.0147     3.0194     2.6620  33.120831  3.1851106   48.54424  -46.76770    34.6875    34.6864     3.1268     3.1279    27.6240    27.6229    6.95288    6.98701         19 0.0000e+00
      14961    623.346    146.000     3.1196   3.157614     3.1197   3.157552      98.63     0.0136     3.0181     2.6610  33.124908  3.1791410   48.54424  -46.76770    34.6862    34.6854     3.1105     3.1111    27.6245    27.6238    6.94612    6.98430         18 0.0000e+00
      14980    624.117    147.000     3.1145   3.157256     3.1141   3.157230      92.90     0.0151     3.0161     2.6599  33.134659  3.1661932   48.54424  -46.76770    34.6868    34.6868     3.1053     3.1050    27.6254    27.6255    6.94157    6.97926         19 0.0000e+00
      15000    624.942    148.000     3.1263   3.158579     3.1258   3.158627      94.96     0.0179     3.0146     2.6586  33.134148  3.1660562   48.54424  -46.76770    34.6897    34.6908     3.1170     3.1165    27.6266    27.6275    6.94110    6.97829         21 0.0000e+00
      15026    626.033    149.000     3.1404   3.160108     3.1403   3.160133      98.53     0.0168     3.0131     2.6578  33.135494  3.1330891   48.54424  -46.76770    34.6926    34.6930     3.1310     3.1309    27.6276    27.6280    6.94255    6.97862         32 0.0000e+00
      15059    627.425    150.000     3.1500   3.161210     3.1496   3.161208      90.17     0.0113     3.0133     2.6575  33.129646  3.1323471   48.54424  -46.76770    34.6951    34.6955     3.1406     3.1402    27.6287    27.6291    6.95581    6.98390         31 0.0000e+00
      15085    628.514    151.000     3.1569   3.162100     3.1568   3.162115      98.93     0.0170     3.0128     2.6575  33.120602  3.1368897   48.54422  -46.76770    34.6980    34.6983     3.1474     3.1473    27.6304    27.6306    6.94589    6.97566         22 0.0000e+00
      15105    629.317    152.000     3.1556   3.162215     3.1560   3.162211      88.82     0.0139     3.0132     2.6565  33.123337  3.1389341   48.54424  -46.76770    34.7001    34.6997     3.1461     3.1464    27.6322    27.6319    6.94726    6.96650         18 0.0000e+00
      15122    630.051    153.000     3.1394   3.160843     3.1396   3.160785      96.93     0.0147     3.0122     2.6555  33.134537  3.1463997   48.54424  -46.76770    34.7004    34.6995     3.1298     3.1300    27.6339    27.6332    6.94372    6.96725         18 0.0000e+00
      15141    630.818    154.000     3.1265   3.159675     3.1297   3.159935      98.60     0.0170     3.0118     2.6543  33.135517  3.1359382   48.54424  -46.76770    34.6994    34.6988     3.1169     3.1205    27.6344    27.6336    6.94806    6.96943         19 0.0000e+00
      15161    631.656    155.000     3.1189   3.159001     3.1191   3.158953      98.63     0.0145     3.0110     2.6538  33.145168  3.1046133   48.54424  -46.76770    34.6988    34.6981     3.1093     3.1108    27.6346    27.6341    6.95526    6.97433         21 0.0000e+00
      15182    632.526    156.000     3.1130   3.158502     3.1132   3.158479      88.60     0.0128     3.0118     2.6533  33.147358  3.1457698   48.54424  -46.76770    34.6985    34.6981     3.1033     3.1034    27.6349    27.6346    6.96237    6.97920         21 0.0000e+00
      15204    633.443    157.000     3.1129   3.158588     3.1129   3.158612      98.45     0.0098     3.0115     2.6532  33.149509  3.1381726   48.54422  -46.76770    34.6992    34.6994     3.1031     3.1031    27.6355    27.6357    6.95015    6.98285         23 0.0000e+00
      15231    634.579    158.000     3.1178   3.159294     3.1176   3.159269      92.41     0.0140     3.0103     2.6533  33.150169  3.1272280   48.54422  -46.76768    34.7019    34.7018     3.1080     3.1077    27.6372    27.6372    6.95142    6.98089         32 0.0000e+00
      15264    635.947    159.000     3.1124   3.158904     3.1121   3.158869      78.18     0.0153     3.0102     2.6529  33.162754  3.1189275   48.54422  -46.76768    34.7024    34.7023     3.1025     3.1022    27.6381    27.6380    6.95132    6.98290         31 0.0000e+00
      15292    637.124    160.000     3.1107   3.158832     3.1104   3.158794      98.97     0.0173     3.0088     2.6528  33.164875  3.1171849   48.54422  -46.76768    34.7028    34.7027     3.1007     3.1004    27.6386    27.6385    6.94194    6.98109         26 0.0000e+00
      15314    638.057    161.000     3.1122   3.159107     3.1116   3.159046      92.90     0.0184     3.0075     2.6526  33.164837  3.1172161   48.54422  -46.76768    34.7040    34.7039     3.1021     3.1015    27.6395    27.6394    6.93596    6.98371         19 0.0000e+00
      15333    638.814    162.000     3.1136   3.159307     3.1135   3.159299      91.01     0.0150     3.0064     2.6529  33.164837  3.1172161   48.54422  -46.76768    34.7043    34.7044     3.1035     3.1034    27.6396    27.6396    6.93612    6.98305         17 0.0000e+00
      15348    639.454    163.000     3.1170   3.159729     3.1166   3.159724      98.59     0.0144     3.0057     2.6523  33.171631  3.1172161   48.54422  -46.76768    34.7052    34.7056     3.1068     3.1064    27.6400    27.6403    6.93691    6.97035         15 0.0000e+00
      15362    640.041    164.000     3.1223   3.160354     3.1223   3.160390      98.63     0.0150     3.0055     2.6513  33.179470  3.1164663   48.54422  -46.76768    34.7066    34.7071     3.1120     3.1120    27.6406    27.6410    6.93920    6.96378         13 0.0000e+00
      15376    640.621    165.000     3.1275   3.160961     3.1272   3.160979      98.63     0.0157     3.0047     2.6503  33.179485  3.1172116   48.54422  -46.76768    34.7080    34.7084     3.1171     3.1169    27.6412    27.6415    6.93510    6.96873         15 0.0000e+00
      15391    641.253    166.000     3.1345   3.161759     3.1344   3.161798      87.80     0.0178     3.0040     2.6504  33.179485  3.1172161   48.54422  -46.76768    34.7095    34.7101     3.1241     3.1240    27.6418    27.6423    6.92842    6.96929         16 0.0000e+00
      15411    642.092    167.000     3.1463   3.163064     3.1459   3.163090      95.48     0.0195     3.0030     2.6491  33.179485  3.1165111   48.54422  -46.76768    34.7122    34.7129     3.1358     3.1354    27.6428    27.6434    6.92806    6.95662         26 0.0000e+00
      15456    643.946    168.000     3.1575   3.164275     3.1618   3.164726      67.75     0.0164     3.0009     2.6470  33.159546  3.1232870   48.54422  -46.76768    34.7143    34.7152     3.1470     3.1512    27.6435    27.6437    6.91821    6.95180         59 0.0000e+00
      15499    645.742    169.000     3.1699   3.165634     3.1691   3.165597      98.36     0.0156     2.9986     2.6451  33.169258  3.1422160   48.54422  -46.76768    34.7170    34.7174     3.1592     3.1585    27.6445    27.6448    6.91167    6.94267         23 0.0000e+00
      15516    646.441    170.000     3.1721   3.165938     3.1713   3.165880      82.98     0.0148     2.9982     2.6439  33.179825  3.1513944   48.54422  -46.76768    34.7178    34.7179     3.1614     3.1606    27.6449    27.6450    6.91513    6.94145         15 0.0000e+00
      15529    647.008    171.000     3.1767   3.166572     3.1764   3.166613      97.47     0.0155     2.9980     2.6439  33.179485  3.1495042   48.54422  -46.76768    34.7199    34.7208     3.1659     3.1656    27.6462    27.6469    6.91127    6.94887         13 0.0000e+00
      15542    647.528    172.000     3.1836   3.167378     3.1833   3.167395      98.65     0.0145     2.9966     2.6438  33.172066  3.1539021   48.54422  -46.76768    34.7218    34.7223     3.1727     3.1724    27.6470    27.6475    6.90951    6.94809         12 0.0000e+00
      15554    648.053    173.000     3.1848   3.167555     3.1846   3.167550      98.63     0.0141     2.9970     2.6437  33.165989  3.1562464   48.54422  -46.76768    34.7221    34.7223     3.1738     3.1736    27.6472    27.6473    6.91433    6.94890         14 0.0000e+00
