data/CTD/2014/CNV/d017a055.cnv
* Sea-Bird SBE 9 Data File:
* FileName = C:\CTD_ACQUISITION\2014017HUD\ctddata\017A055.hdr
* Software Version Seasave V 7.22.2
* Temperature SN = 5081
* Conductivity SN = 3561
* Number of Bytes Per Scan = 37
* Number of Voltage Words = 4
* Number of Scans Averaged by the Deck Unit = 1
* NMEA Latitude = 43 29.83 N
* NMEA Longitude = 059 16.64 W
* NMEA UTC (Time) = Jul 13 2014 12:05:02
* NMEA baud rate = 9600
** Ship: Hudson
** Cruise: HUD2014017
** Chief_Scientist: Blair Greenan
** Organization: BIO
** Area_of_Operation: Sackville Spur
** Station: 055
** Sounding:  1445
** Event_Comments: LC2 , 0
# nquan = 25
# nvalues = 1676                        
# units = specified
# name 0 = scan: Scan Count
# name 1 = timeS: Time, Elapsed [seconds]
# name 2 = prDM: Pressure, Digiquartz [db]
# name 3 = t068C: Temperature [ITS-68, deg C]
# name 4 = c0S/m: Conductivity [S/m]
# name 5 = t168C: Temperature, 2 [ITS-68, deg C]
# name 6 = c1S/m: Conductivity, 2 [S/m]
# name 7 = altM: Altimeter [m]
# name 8 = flC: Fluorescence, Chelsea Aqua 3 Chl Con [ug/l]
# name 9 = sbeox0V: Oxygen raw, SBE 43 [V]
# name 10 = sbeox1V: Oxygen raw, SBE 43, 2 [V]
# name 11 = upoly0: Upoly 0, Optode 4330F - O2 D-Phase
# name 12 = upoly1: Upoly 1, Optode 4330F - O2 Temp
# name 13 = latitude: Latitude [deg]
# name 14 = longitude: Longitude [deg]
# name 15 = sal00: Salinity, Practical [PSU]
# name 16 = sal11: Salinity, Practical, 2 [PSU]
# name 17 = potemp068C: Potential Temperature [ITS-68, deg C]
# name 18 = potemp168C: Potential Temperature, 2 [ITS-68, deg C]
# name 19 = sigma-é00: Density [sigma-theta, Kg/m^3]
# name 20 = sigma-é11: Density, 2 [sigma-theta, Kg/m^3]
# name 21 = sbeox0ML/L: Oxygen, SBE 43 [ml/l], WS = 2
# name 22 = sbeox1ML/L: Oxygen, SBE 43, 2 [ml/l], WS = 2
# name 23 = nbin: number of scans per bin
# name 24 = flag: flag
# span 0 =       6573,      50884       
# span 1 =    273.847,   2120.122       
# span 2 =      1.000,   1676.000       
# span 3 =     3.7426,    15.9644       
# span 4 =   3.300683,   4.069516       
# span 5 =     3.7419,    15.9489       
# span 6 =   3.300617,   4.068300       
# span 7 =       8.74,     105.38       
# span 8 =     0.0068,     2.0138       
# span 9 =     2.0876,     3.5072       
# span 10 =     1.8124,     3.0062      
# span 11 =  28.734137,  38.484352      
# span 12 =  3.7558074,  15.935349      
# span 13 =   43.49656,   43.49756      
# span 14 =  -59.28356,  -59.27807      
# span 15 =    32.1829,    35.2045      
# span 16 =    32.1810,    35.2041      
# span 17 =     3.6095,    15.9637      
# span 18 =     3.6088,    15.9483      
# span 19 =    23.5918,    27.7808      
# span 20 =    23.5943,    27.7808      
# span 21 =    3.78058,    7.34830      
# span 22 =    3.65529,    7.25324      
# span 23 =          8,        109      
# span 24 = 0.0000e+00, 0.0000e+00      
# interval = decibars: 1                
# start_time = Jul 13 2014 12:05:02 [NMEA time, header]
# bad_flag = -9.990e-29
*END*
[from data line 1566]
      46690   1945.384   1567.000     3.8925   3.309873     3.8920   3.309816      72.62     0.0148     2.3680     2.0845  35.186813  3.8898594   43.49676  -59.28316    34.9459    34.9458     3.7675     3.7669    27.7673    27.7673    6.07427    6.00536         30 0.0000e+00
      46722   1946.699   1568.000     3.8914   3.309812     3.8906   3.309732      60.84     0.0161     2.3672     2.0840  35.186813  3.8888955   43.49676  -59.28316    34.9458    34.9457     3.7663     3.7655    27.7674    27.7674    6.07015    6.00889         33 0.0000e+00
      46754   1948.042   1569.000     3.8923   3.309938     3.8914   3.309864      99.23     0.0123     2.3671     2.0835  35.186813  3.8912044   43.49676  -59.28316    34.9459    34.9459     3.7671     3.7725    27.7673    27.7675    6.07132    6.00468         30 0.0000e+00
      46781   1949.164   1570.000     3.8941   3.310143     3.8934   3.310081      85.90     0.0112     2.3666     2.0839  35.187397  3.8920124   43.49676  -59.28316    34.9459    34.9460     3.7688     3.7681    27.7672    27.7673    6.06806    6.01443         25 0.0000e+00
      46805   1950.179   1571.000     3.8944   3.310195     3.8932   3.310092      59.51     0.0125     2.3660     2.0838  35.186817  3.8909323   43.49676  -59.28318    34.9458    34.9458     3.7689     3.7678    27.7671    27.7672    6.06737    6.01034         24 0.0000e+00
      46829   1951.171   1572.000     3.8945   3.310268     3.8935   3.310179      97.97     0.0107     2.3659     2.0835  35.186813  3.8905237   43.49676  -59.28318    34.9459    34.9460     3.7690     3.7680    27.7672    27.7673    6.07341    6.00699         24 0.0000e+00
      46854   1952.199   1573.000     3.8949   3.310339     3.8942   3.310270      82.84     0.0131     2.3660     2.0833  35.186813  3.8920016   43.49676  -59.28318    34.9460    34.9459     3.7693     3.7686    27.7672    27.7672    6.06751    6.00463         25 0.0000e+00
      46881   1953.338   1574.000     3.8951   3.310400     3.8944   3.310336      52.64     0.0152     2.3650     2.0826  35.193073  3.8921430   43.49678  -59.28318    34.9459    34.9459     3.7694     3.7687    27.7671    27.7672    6.07022    6.00109         30 0.0000e+00
      46912   1954.645   1575.000     3.8952   3.310449     3.8946   3.310391      98.59     0.0140     2.3654     2.0821  35.195053  3.8925514   43.49678  -59.28318    34.9459    34.9459     3.7694     3.7716    27.7672    27.7672    6.07537    5.99984         32 0.0000e+00
      46944   1955.954   1576.000     3.8959   3.310555     3.8950   3.310475      52.86     0.0162     2.3651     2.0814  35.186569  3.8960631   43.49678  -59.28318    34.9460    34.9459     3.7700     3.7690    27.7671    27.7672    6.06902    5.99771         29 0.0000e+00
      46970   1957.041   1577.000     3.8962   3.310620     3.8953   3.310551      99.46     0.0163     2.3650     2.0809  35.190544  3.8978777   43.49678  -59.28318    34.9459    34.9460     3.7702     3.7694    27.7671    27.7672    6.07530    6.00237         24 0.0000e+00
      46992   1957.967   1578.000     3.8963   3.310672     3.8955   3.310605      98.24     0.0125     2.3649     2.0809  35.202976  3.8981950   43.49678  -59.28320    34.9460    34.9460     3.7702     3.7694    27.7671    27.7672    6.07624    6.00278         21 0.0000e+00
      47014   1958.865   1579.000     3.8961   3.310705     3.8951   3.310601      98.62     0.0115     2.3651     2.0806  35.201481  3.8969722   43.49678  -59.28320    34.9460    34.9459     3.7700     3.7728    27.7671    27.7672    6.06974    6.00363         23 0.0000e+00
      47039   1959.910   1580.000     3.8960   3.310730     3.8952   3.310653      55.57     0.0118     2.3645     2.0807  35.187469  3.8950415   43.49678  -59.28320    34.9459    34.9459     3.7698     3.7691    27.7671    27.7672    6.07222    6.00482         29 0.0000e+00
      47075   1961.423   1581.000     3.8969   3.310848     3.8960   3.310772      99.47     0.0093     2.3641     2.0802  35.192410  3.8937509   43.49678  -59.28320    34.9459    34.9459     3.7706     3.7697    27.7670    27.7671    6.07159    5.99993         40 0.0000e+00
      47108   1962.787   1582.000     3.8966   3.310863     3.8963   3.310833      44.22     0.0096     2.3641     2.0798  35.194492  3.8947763   43.49678  -59.28320    34.9459    34.9458     3.7701     3.7699    27.7671    27.7670    6.07027    6.00214         25 0.0000e+00
      47130   1963.724   1583.000     3.8973   3.310972     3.8965   3.310905      99.53     0.0095     2.3634     2.0799  35.196617  3.8958843   43.49678  -59.28320    34.9460    34.9460     3.7707     3.7743    27.7670    27.7671    6.06870    6.00251         21 0.0000e+00
      47151   1964.601   1584.000     3.8973   3.311014     3.8966   3.310955      51.10     0.0152     2.3633     2.0794  35.200123  3.8955500   43.49678  -59.28321    34.9460    34.9460     3.7707     3.7700    27.7671    27.7671    6.07571    6.00073         22 0.0000e+00
      47175   1965.584   1585.000     3.8970   3.311025     3.8967   3.310994      86.50     0.0163     2.3637     2.0795  35.189434  3.8961012   43.49678  -59.28322    34.9459    34.9458     3.7703     3.7700    27.7671    27.7670    6.07703    6.00429         27 0.0000e+00
      47208   1966.954   1586.000     3.8964   3.311009     3.8962   3.310989      87.31     0.0124     2.3632     2.0795  35.191952  3.8952279   43.49678  -59.28322    34.9458    34.9459     3.7696     3.7718    27.7671    27.7671    6.06847    6.00841         37 0.0000e+00
      47242   1968.375   1587.000     3.8909   3.310552     3.8947   3.310883      64.61     0.0105     2.3626     2.0797  35.206280  3.8951657   43.49678  -59.28322    34.9457    34.9457     3.7640     3.7677    27.7676    27.7672    6.06780    6.01070         28 0.0000e+00
      47266   1969.394   1588.000     3.8900   3.310515     3.8902   3.310485      99.21     0.0149     2.3618     2.0797  35.207226  3.8952608   43.49678  -59.28322    34.9458    34.9455     3.7631     3.7633    27.7677    27.7674    6.06383    6.01009         23 0.0000e+00
      47288   1970.295   1589.000     3.8875   3.310329     3.8861   3.310214      97.94     0.0141     2.3615     2.0796  35.204945  3.8949344   43.49680  -59.28322    34.9458    34.9459     3.7605     3.7591    27.7679    27.7682    6.07098    6.01023         21 0.0000e+00
      47311   1971.255   1590.000     3.8866   3.310284     3.8857   3.310190      98.53     0.0109     2.3613     2.0797  35.205959  3.8908346   43.49680  -59.28322    34.9457    34.9456     3.7595     3.7586    27.7680    27.7680    6.07602    6.01102         26 0.0000e+00
      47341   1972.518   1591.000     3.8848   3.310162     3.8837   3.310067      61.96     0.0109     2.3616     2.0796  35.206730  3.8889539   43.49680  -59.28322    34.9457    34.9457     3.7577     3.7566    27.7681    27.7683    6.07355    6.00665         36 0.0000e+00
      47379   1974.079   1592.000     3.8829   3.310031     3.8823   3.309977     100.20     0.0143     2.3612     2.0783  35.207081  3.8888888   43.49680  -59.28322    34.9456    34.9456     3.7557     3.7551    27.7683    27.7684    6.07418    5.99902         34 0.0000e+00
      47408   1975.293   1593.000     3.8804   3.309844     3.8808   3.309884      75.45     0.0176     2.3612     2.0782  35.207100  3.8888888   43.49680  -59.28324    34.9456    34.9457     3.7531     3.7535    27.7686    27.7686    6.07227    6.00905         26 0.0000e+00
      47431   1976.258   1594.000     3.8785   3.309721     3.8789   3.309751      63.02     0.0149     2.3607     2.0781  35.207455  3.8888888   43.49680  -59.28324    34.9457    34.9455     3.7511     3.7516    27.7688    27.7687    6.07005    6.00659         22 0.0000e+00
      47453   1977.156   1595.000     3.8776   3.309684     3.8769   3.309625      98.20     0.0128     2.3602     2.0779  35.206364  3.8861315   43.49680  -59.28324    34.9457    34.9456     3.7502     3.7495    27.7689    27.7690    6.06970    6.00707         21 0.0000e+00
      47475   1978.076   1596.000     3.8766   3.309629     3.8761   3.309576      70.51     0.0133     2.3599     2.0776  35.208458  3.8787539   43.49680  -59.28324    34.9456    34.9455     3.7491     3.7486    27.7690    27.7689    6.07436    6.00676         23 0.0000e+00
      47501   1979.168   1597.000     3.8759   3.309603     3.8752   3.309536      55.97     0.0129     2.3599     2.0775  35.209267  3.8771946   43.49680  -59.28324    34.9455    34.9454     3.7483     3.7477    27.7690    27.7690    6.07286    6.01180         30 0.0000e+00
      47536   1980.618   1598.000     3.8761   3.309654     3.8751   3.309567      99.06     0.0101     2.3597     2.0775  35.209564  3.8755054   43.49680  -59.28324    34.9455    34.9454     3.7484     3.7475    27.7689    27.7690    6.07687    6.01044         38 0.0000e+00
      47570   1982.056   1599.000     3.8755   3.309644     3.8748   3.309582      50.60     0.0111     2.3596     2.0776  35.211277  3.8762071   43.49680  -59.28324    34.9455    34.9454     3.7477     3.7471    27.7690    27.7690    6.07201    6.01482         30 0.0000e+00
      47597   1983.185   1600.000     3.8743   3.309586     3.8735   3.309516      99.39     0.0125     2.3589     2.0776  35.210239  3.8751979   43.49680  -59.28326    34.9455    34.9455     3.7465     3.7457    27.7692    27.7692    6.07401    6.01342         25 0.0000e+00
      47621   1984.174   1601.000     3.8744   3.309632     3.8735   3.309558      86.53     0.0109     2.3588     2.0774  35.209103  3.8752992   43.49680  -59.28326    34.9456    34.9456     3.7464     3.7456    27.7692    27.7693    6.07105    6.00165         23 0.0000e+00
      47644   1985.132   1602.000     3.8739   3.309638     3.8732   3.309566      51.50     0.0106     2.3584     2.0765  35.210602  3.8754556   43.49680  -59.28326    34.9456    34.9455     3.7459     3.7451    27.7693    27.7693    6.07288    6.00435         24 0.0000e+00
      47669   1986.183   1603.000     3.8747   3.309755     3.8739   3.309669      48.27     0.0157     2.3587     2.0765  35.207508  3.8744421   43.49681  -59.28326    34.9456    34.9455     3.7466     3.7458    27.7693    27.7692    6.07528    6.01111         27 0.0000e+00
      47700   1987.468   1604.000     3.8746   3.309769     3.8739   3.309698      57.69     0.0121     2.3580     2.0763  35.213047  3.8768277   43.49682  -59.28326    34.9455    34.9454     3.7464     3.7457    27.7691    27.7691    6.07383    6.01042         35 0.0000e+00
      47736   1988.976   1605.000     3.8727   3.309648     3.8713   3.309515      96.24     0.0087     2.3578     2.0763  35.215305  3.8757582   43.49682  -59.28326    34.9455    34.9454     3.7445     3.7430    27.7693    27.7695    6.07106    6.01337         35 0.0000e+00
      47768   1990.272   1606.000     3.8731   3.309724     3.8721   3.309638      75.34     0.0087     2.3573     2.0764  35.216133  3.8747630   43.49682  -59.28326    34.9455    34.9456     3.7447     3.7437    27.7693    27.7695    6.07156    6.01596         27 0.0000e+00
      47794   1991.356   1607.000     3.8738   3.309831     3.8729   3.309745      66.81     0.0146     2.3567     2.0765  35.216118  3.8764944   43.49682  -59.28328    34.9456    34.9455     3.7453     3.7444    27.7693    27.7694    6.06250    6.01463         26 0.0000e+00
      47819   1992.423   1608.000     3.8731   3.309809     3.8722   3.309724      98.21     0.0151     2.3560     2.0763  35.216118  3.8746374   43.49682  -59.28328    34.9455    34.9454     3.7445     3.7437    27.7694    27.7694    6.07072    6.01176         26 0.0000e+00
      47847   1993.574   1609.000     3.8721   3.309764     3.8707   3.309628      51.03     0.0150     2.3563     2.0758  35.210102  3.8744068   43.49682  -59.28328    34.9455    34.9455     3.7435     3.7420    27.7695    27.7696    6.07529    6.00511         29 0.0000e+00
      47877   1994.853   1610.000     3.8708   3.309693     3.8699   3.309604      96.44     0.0221     2.3558     2.0753  35.211079  3.8730171   43.49682  -59.28328    34.9455    34.9455     3.7421     3.7412    27.7696    27.7696    6.06706    6.01055         32 0.0000e+00
      47908   1996.112   1611.000     3.8685   3.309516     3.8686   3.309494      85.22     0.0164     2.3554     2.0753  35.209305  3.8756483   43.49682  -59.28328    34.9455    34.9451     3.7397     3.7398    27.7698    27.7695    6.07365    6.01357         28 0.0000e+00
      47936   1997.296   1612.000     3.8676   3.309473     3.8668   3.309424      60.60     0.0183     2.3554     2.0751  35.214622  3.8733859   43.49682  -59.28328    34.9454    34.9456     3.7387     3.7380    27.7699    27.7701    6.07319    6.01466         29 0.0000e+00
      47966   1998.535   1613.000     3.8697   3.309712     3.8695   3.309685      98.43     0.0144     2.3551     2.0753  35.214230  3.8715684   43.49682  -59.28329    34.9455    34.9454     3.7407     3.7405    27.7697    27.7697    6.07326    6.01616         31 0.0000e+00
      47998   1999.863   1614.000     3.8679   3.309589     3.8677   3.309560      53.97     0.0113     2.3552     2.0753  35.211700  3.8723059   43.49682  -59.28330    34.9454    34.9454     3.7389     3.7386    27.7699    27.7699    6.07422    6.01529         33 0.0000e+00
      48030   2001.214   1615.000     3.8689   3.309713     3.8682   3.309658      98.81     0.0111     2.3547     2.0749  35.213764  3.8699737   43.49684  -59.28330    34.9454    34.9455     3.7397     3.7390    27.7698    27.7699    6.07121    6.01185         31 0.0000e+00
      48060   2002.455   1616.000     3.8687   3.309743     3.8682   3.309691      59.60     0.0137     2.3545     2.0748  35.216152  3.8696976   43.49684  -59.28330    34.9455    34.9454     3.7394     3.7390    27.7699    27.7698    6.07272    6.01851         28 0.0000e+00
      48087   2003.573   1617.000     3.8687   3.309782     3.8682   3.309742      82.75     0.0128     2.3544     2.0751  35.216118  3.8693559   43.49684  -59.28330    34.9454    34.9455     3.7394     3.7389    27.7698    27.7699    6.07715    6.02039         27 0.0000e+00
      48115   2004.754   1618.000     3.8672   3.309685     3.8675   3.309701      40.38     0.0121     2.3544     2.0751  35.216118  3.8696582   43.49684  -59.28330    34.9454    34.9452     3.7378     3.7381    27.7700    27.7698    6.07632    6.01815         31 0.0000e+00
      48148   2006.140   1619.000     3.8661   3.309621     3.8652   3.309543      98.36     0.0126     2.3547     2.0749  35.216118  3.8693542   43.49684  -59.28330    34.9453    34.9453     3.7366     3.7358    27.7700    27.7701    6.08104    6.01552         34 0.0000e+00
      48180   2007.452   1620.000     3.8614   3.309249     3.8614   3.309213      58.09     0.0146     2.3542     2.0745  35.219639  3.8693528   43.49684  -59.28330    34.9454    34.9451     3.7319     3.7318    27.7705    27.7703    6.07293    6.01322         29 0.0000e+00
      48208   2008.624   1621.000     3.8573   3.308914     3.8569   3.308882      85.85     0.0132     2.3542     2.0735  35.216698  3.8693528   43.49684  -59.28332    34.9453    34.9453     3.7277     3.7274    27.7709    27.7709    6.08143    6.00053         28 0.0000e+00
      48237   2009.844   1622.000     3.8567   3.308897     3.8555   3.308786      97.19     0.0106     2.3544     2.0726  35.235943  3.8693528   43.49684  -59.28332    34.9452    34.9452     3.7271     3.7259    27.7709    27.7710    6.08210    6.00900         31 0.0000e+00
      48271   2011.243   1623.000     3.8582   3.309063     3.8580   3.309067      55.96     0.0140     2.3541     2.0723  35.226635  3.8626893   43.49684  -59.28332    34.9452    34.9453     3.7284     3.7283    27.7707    27.7709    6.07577    6.00429         35 0.0000e+00
