data/CTD/2014/CNV/d017a040.cnv
* Sea-Bird SBE 9 Data File:
* FileName = C:\CTD_ACQUISITION\2014017HUD\ctddata\017A040.hdr
* Software Version Seasave V 7.22.2
* Temperature SN = 5081
* Conductivity SN = 3561
* Number of Bytes Per Scan = 37
* Number of Voltage Words = 4
* Number of Scans Averaged by the Deck Unit = 1
* NMEA Latitude = 48 09.86 N
* NMEA Longitude = 046 24.35 W
* NMEA UTC (Time) = Jul 10 2014 03:17:53
* NMEA baud rate = 9600
** Ship: Hudson
** Cruise: HUD2014017
** Chief_Scientist: Blair Greenan
** Organization: BIO
** Area_of_Operation: Sackville Spur
** Station: 040
** Sounding:  1106
** Event_Comments: SS_14, 403229
# nquan = 25
# nvalues = 1132                        
# units = specified
# name 0 = scan: Scan Count
# name 1 = timeS: Time, Elapsed [seconds]
# name 2 = prDM: Pressure, Digiquartz [db]
# name 3 = t068C: Temperature [ITS-68, deg C]
# name 4 = c0S/m: Conductivity [S/m]
# name 5 = t168C: Temperature, 2 [ITS-68, deg C]
# name 6 = c1S/m: Conductivity, 2 [S/m]
# name 7 = altM: Altimeter [m]
# name 8 = flC: Fluorescence, Chelsea Aqua 3 Chl Con [ug/l]
# name 9 = sbeox0V: Oxygen raw, SBE 43 [V]
# name 10 = sbeox1V: Oxygen raw, SBE 43, 2 [V]
# name 11 = upoly0: Upoly 0, Optode 4330F - O2 D-Phase
# name 12 = upoly1: Upoly 1, Optode 4330F - O2 Temp
# name 13 = latitude: Latitude [deg]
# name 14 = longitude: Longitude [deg]
# name 15 = sal00: Salinity, Practical [PSU]
# name 16 = sal11: Salinity, Practical, 2 [PSU]
# name 17 = potemp068C: Potential Temperature [ITS-68, deg C]
# name 18 = potemp168C: Potential Temperature, 2 [ITS-68, deg C]
# name 19 = sigma-é00: Density [sigma-theta, Kg/m^3]
# name 20 = sigma-é11: Density, 2 [sigma-theta, Kg/m^3]
# name 21 = sbeox0ML/L: Oxygen, SBE 43 [ml/l], WS = 2
# name 22 = sbeox1ML/L: Oxygen, SBE 43, 2 [ml/l], WS = 2
# name 23 = nbin: number of scans per bin
# name 24 = flag: flag
# span 0 =       2725,      32949       
# span 1 =    113.485,   1372.822       
# span 2 =      1.000,   1132.000       
# span 3 =    -1.1448,     7.5250       
# span 4 =   2.676037,   3.367137       
# span 5 =    -1.1451,     7.5243       
# span 6 =   2.675912,   3.367012       
# span 7 =      -6.36,     102.13       
# span 8 =     0.0096,     0.0937       
# span 9 =     2.5320,     3.4752       
# span 10 =     2.2386,     2.9848      
# span 11 =  30.453793,  34.606640      
# span 12 = -1.0173261,  7.5649972      
# span 13 =   48.16310,   48.16426      
# span 14 =  -46.40578,  -46.40522      
# span 15 =    32.7272,    34.9077      
# span 16 =    32.7264,    34.9073      
# span 17 =    -1.1460,     7.5249      
# span 18 =    -1.1462,     7.5242      
# span 19 =    25.5571,    27.7552      
# span 20 =    25.5566,    27.7549      
# span 21 =    6.27527,    8.63276      
# span 22 =    6.27055,    8.62786      
# span 23 =         12,         82      
# span 24 = 0.0000e+00, 0.0000e+00      
# interval = decibars: 1                
# start_time = Jul 10 2014 03:17:53 [NMEA time, header]
# bad_flag = -9.990e-29
*END*
[from data line 116]
       9022    375.873    117.000     1.0687   2.921859     1.0681   2.921826      93.89     0.0268     2.9101     2.5721  34.226139  0.9609738   48.16356  -46.40560    33.9740    33.9743     1.0636     1.0633    27.2164    27.2166    7.07183    7.13776         47 0.0000e+00
       9064    377.616    118.000     1.0771   2.922934     1.0765   2.923005      58.90     0.0197     2.9114     2.5747  34.221939  0.9798255   48.16356  -46.40560    33.9781    33.9797     1.0719     1.0713    27.2191    27.2204    7.05774    7.12982         32 0.0000e+00
       9090    378.722    119.000     1.1154   2.927085     1.1143   2.927166      99.10     0.0210     2.9108     2.5748  34.234581  0.9878919   48.16356  -46.40560    33.9891    33.9913     1.1101     1.1090    27.2255    27.2273    7.04521    7.11646         23 0.0000e+00
       9112    379.640    120.000     1.1565   2.931653     1.1547   2.931754      98.64     0.0236     2.9103     2.5748  34.233109  0.9886726   48.16356  -46.40560    34.0023    34.0056     1.1511     1.1493    27.2334    27.2361    7.03293    7.10436         22 0.0000e+00
       9136    380.606    121.000     1.1968   2.936114     1.1959   2.936177      46.52     0.0257     2.9096     2.5747  34.219749  1.0110426   48.16356  -46.40560    34.0150    34.0168     1.1913     1.1905    27.2408    27.2423    7.03160    7.10159         24 0.0000e+00
       9158    381.559    122.000     1.2369   2.940903     1.2347   2.940984      98.46     0.0257     2.9101     2.5750  34.219780  1.0117632   48.16356  -46.40560    34.0321    34.0355     1.2313     1.2291    27.2519    27.2548    7.03007    7.09582         22 0.0000e+00
       9181    382.490    123.000     1.2858   2.946553     1.2843   2.946687      85.23     0.0237     2.9103     2.5755  34.190800  1.0818533   48.16356  -46.40560    34.0504    34.0538     1.2802     1.2786    27.2633    27.2661    7.02177    7.08820         22 0.0000e+00
       9202    383.368    124.000     1.3215   2.950439     1.3207   2.950491      33.28     0.0246     2.9109     2.5756  34.190479  1.0835905   48.16356  -46.40560    34.0607    34.0622     1.3157     1.3150    27.2691    27.2704    7.02306    7.07717         21 0.0000e+00
       9223    384.244    125.000     1.3269   2.951078     1.3267   2.951107      85.55     0.0216     2.9117     2.5756  34.154449  1.1344129   48.16356  -46.40560    34.0623    34.0629     1.3211     1.3209    27.2701    27.2706    7.02568    7.08829         21 0.0000e+00
       9246    385.192    126.000     1.3272   2.951149     1.3272   2.951196      98.70     0.0176     2.9130     2.5774  34.142803  1.1539366   48.16356  -46.40560    34.0623    34.0629     1.3214     1.3214    27.2701    27.2705    7.04065    7.10837         24 0.0000e+00
       9270    386.213    127.000     1.3287   2.951345     1.3289   2.951440      64.40     0.0180     2.9151     2.5794  34.147125  1.1985989   48.16356  -46.40560    34.0626    34.0636     1.3229     1.3230    27.2702    27.2710    7.03304    7.10444         25 0.0000e+00
       9295    387.241    128.000     1.3485   2.953475     1.3478   2.953566      61.26     0.0198     2.9142     2.5798  34.156399  1.2225099   48.16356  -46.40560    34.0677    34.0696     1.3425     1.3419    27.2729    27.2745    7.00929    7.09450         24 0.0000e+00
       9318    388.200    129.000     1.3751   2.956320     1.3744   2.956394      99.97     0.0182     2.9140     2.5803  34.140388  1.2323390   48.16356  -46.40560    34.0745    34.0762     1.3690     1.3684    27.2766    27.2779    7.00743    7.09164         21 0.0000e+00
       9337    388.988    130.000     1.4033   2.959329     1.4015   2.959399      89.01     0.0173     2.9128     2.5806  34.140820  1.2385764   48.16356  -46.40560    34.0816    34.0844     1.3971     1.3954    27.2803    27.2826    6.99480    7.08495         18 0.0000e+00
       9353    389.655    131.000     1.4340   2.962738     1.4327   2.962826      25.60     0.0185     2.9126     2.5807  34.141621  1.2404226   48.16356  -46.40560    34.0910    34.0935     1.4278     1.4265    27.2857    27.2878    6.99797    7.07966         15 0.0000e+00
       9368    390.272    132.000     1.4559   2.965263     1.4547   2.965351      78.05     0.0183     2.9129     2.5811  34.133942  1.2753310   48.16356  -46.40560    34.0987    34.1011     1.4497     1.4484    27.2903    27.2924    7.00075    7.07496         14 0.0000e+00
       9383    390.902    133.000     1.4870   2.968774     1.4849   2.968900      12.74     0.0182     2.9129     2.5807  34.131847  1.2808856   48.16356  -46.40560    34.1090    34.1129     1.4806     1.4785    27.2964    27.2997    6.99704    7.06282         16 0.0000e+00
       9401    391.660    134.000     1.5771   2.978784     1.5743   2.979062      95.79     0.0219     2.9134     2.5802  34.129940  1.2885449   48.16356  -46.40560    34.1376    34.1442     1.5705     1.5677    27.3129    27.3184    6.97282    7.02679         22 0.0000e+00
       9428    392.807    135.000     1.6326   2.984874     1.6318   2.984951      62.81     0.0229     2.9117     2.5768  34.117947  1.3549371   48.16356  -46.40560    34.1539    34.1558     1.6260     1.6251    27.3220    27.3236    6.93369    6.98946         35 0.0000e+00
       9467    394.404    136.000     1.6549   2.987464     1.6536   2.987443      92.65     0.0181     2.9074     2.5742  34.095173  1.4378817   48.16356  -46.40560    34.1618    34.1631     1.6482     1.6469    27.3268    27.3278    6.92514    7.01242         33 0.0000e+00
       9492    395.445    137.000     1.6714   2.989412     1.6708   2.989454      44.74     0.0203     2.9071     2.5749  34.087692  1.4672803   48.16356  -46.40560    34.1681    34.1692     1.6646     1.6641    27.3305    27.3315    6.93701    7.01543         21 0.0000e+00
       9510    396.210    138.000     1.6789   2.990300     1.6778   2.990280      86.77     0.0211     2.9068     2.5750  34.073227  1.4923390   48.16356  -46.40560    34.1706    34.1715     1.6720     1.6709    27.3320    27.3328    6.93469    7.01242         17 0.0000e+00
       9526    396.893    139.000     1.6953   2.992321     1.6940   2.992364      98.59     0.0200     2.9067     2.5751  34.069611  1.4999731   48.16356  -46.40560    34.1777    34.1797     1.6884     1.6871    27.3365    27.3382    6.93493    7.01092         16 0.0000e+00
       9543    397.573    140.000     1.7198   2.995353     1.7181   2.995411      98.64     0.0223     2.9065     2.5754  34.071507  1.5003182   48.16356  -46.40560    34.1889    34.1915     1.7128     1.7111    27.3437    27.3459    6.93110    7.00278         17 0.0000e+00
       9560    398.298    141.000     1.7521   2.999138     1.7509   2.999212      54.75     0.0260     2.9069     2.5750  34.058865  1.5527415   48.16356  -46.40560    34.2010    34.2033     1.7450     1.7438    27.3510    27.3529    6.92127    6.99018         18 0.0000e+00
       9580    399.123    142.000     1.7639   3.000488     1.7638   3.000540      73.85     0.0253     2.9062     2.5745  34.055824  1.5640776   48.16356  -46.40560    34.2047    34.2055     1.7568     1.7566    27.3531    27.3537    6.91869    6.98118         21 0.0000e+00
       9604    400.106    143.000     1.7704   3.001228     1.7695   3.001235      98.69     0.0215     2.9061     2.5731  34.049011  1.6017590   48.16356  -46.40560    34.2064    34.2075     1.7632     1.7623    27.3540    27.3549    6.92128    6.97681         26 0.0000e+00
       9632    401.281    144.000     1.7977   3.004472     1.7953   3.004375      58.05     0.0214     2.9059     2.5726  34.044086  1.6313868   48.16356  -46.40560    34.2172    34.2185     1.7904     1.7880    27.3606    27.3618    6.91166    6.97833         32 0.0000e+00
       9663    402.591    145.000     1.8211   3.007305     1.8204   3.007298      99.41     0.0223     2.9050     2.5722  34.058403  1.6606631   48.16356  -46.40560    34.2269    34.2276     1.8137     1.8130    27.3666    27.3672    6.89995    6.96381         28 0.0000e+00
       9688    403.615    146.000     1.8269   3.008010     1.8265   3.008046      98.64     0.0225     2.9040     2.5703  34.058613  1.6622484   48.16356  -46.40560    34.2289    34.2298     1.8195     1.8191    27.3678    27.3685    6.89188    6.95211         22 0.0000e+00
       9708    404.457    147.000     1.8357   3.009043     1.8354   3.009075      38.83     0.0234     2.9026     2.5698  34.043987  1.6910275   48.16356  -46.40560    34.2318    34.2326     1.8282     1.8279    27.3694    27.3701    6.89104    6.96115         19 0.0000e+00
       9727    405.233    148.000     1.8419   3.009800     1.8406   3.009747      86.39     0.0224     2.9025     2.5694  34.043957  1.6910866   48.16356  -46.40560    34.2341    34.2348     1.8343     1.8331    27.3708    27.3714    6.89672    6.95439         19 0.0000e+00
       9746    406.048    149.000     1.8561   3.011464     1.8547   3.011418      98.45     0.0169     2.9021     2.5682  34.036037  1.7112433   48.16356  -46.40560    34.2390    34.2399     1.8485     1.8471    27.3737    27.3745    6.88921    6.93885         20 0.0000e+00
       9769    406.980    150.000     1.8640   3.012364     1.8635   3.012387      80.85     0.0207     2.9010     2.5664  34.029297  1.7301770   48.16356  -46.40560    34.2412    34.2420     1.8563     1.8558    27.3749    27.3755    6.87226    6.92601         24 0.0000e+00
       9793    407.999    151.000     1.8800   3.014112     1.8795   3.014148      59.18     0.0250     2.8986     2.5641  34.028683  1.7484128   48.16356  -46.40560    34.2453    34.2467     1.8722     1.8717    27.3770    27.3781    6.86317    6.92085         24 0.0000e+00
       9816    408.943    152.000     1.8904   3.015242     1.8891   3.015167      61.90     0.0259     2.8968     2.5627  34.029308  1.7693502   48.16356  -46.40560    34.2477    34.2482     1.8825     1.8812    27.3781    27.3785    6.85665    6.92596         22 0.0000e+00
       9837    409.813    153.000     1.8959   3.015868     1.8951   3.015869      56.55     0.0240     2.8955     2.5626  34.028572  1.7746087   48.16356  -46.40560    34.2491    34.2499     1.8879     1.8872    27.3787    27.3795    6.86095    6.93716         20 0.0000e+00
       9857    410.686    154.000     1.9124   3.017688     1.9112   3.017690      36.10     0.0194     2.8947     2.5633  34.027973  1.7887368   48.16356  -46.40560    34.2535    34.2547     1.9044     1.9033    27.3810    27.3821    6.86548    6.94462         22 0.0000e+00
       9880    411.605    155.000     1.9449   3.021116     1.9447   3.021351      98.67     0.0223     2.8948     2.5640  34.028641  1.7905442   48.16356  -46.40560    34.2607    34.2639     1.9368     1.9366    27.3843    27.3869    6.86476    6.94147         22 0.0000e+00
       9902    412.553    156.000     1.9837   3.025103     1.9853   3.025419      83.79     0.0225     2.8949     2.5647  34.029312  1.8183912   48.16356  -46.40560    34.2681    34.2704     1.9756     1.9771    27.3872    27.3889    6.86778    6.93067         23 0.0000e+00
       9925    413.501    157.000     2.0035   3.027391     2.0033   3.027460      38.38     0.0222     2.8962     2.5649  34.029305  1.8180708   48.16356  -46.40560    34.2753    34.2763     1.9949     1.9954    27.3914    27.3923    6.86803    6.92525         23 0.0000e+00
       9949    414.482    158.000     2.0245   3.030336     2.0234   3.030399      98.57     0.0214     2.8965     2.5649  34.001743  1.8674774   48.16356  -46.40560    34.2885    34.2905     2.0161     2.0150    27.4004    27.4021    6.85729    6.91715         24 0.0000e+00
       9973    415.511    159.000     2.0629   3.034900     2.0613   3.034919      98.64     0.0240     2.8967     2.5646  33.999981  1.8716462   48.16356  -46.40560    34.3035    34.3054     2.0545     2.0529    27.4094    27.4111    6.85756    6.91309         25 0.0000e+00
       9997    416.500    160.000     2.0862   3.037623     2.0856   3.037657      98.64     0.0230     2.8979     2.5649  34.014648  1.9233760   48.16356  -46.40560    34.3118    34.3129     2.0776     2.0770    27.4142    27.4151    6.86327    6.91180         23 0.0000e+00
      10018    417.395    161.000     2.0946   3.038631     2.0941   3.038649      98.64     0.0233     2.8986     2.5653  34.014652  1.9255162   48.16356  -46.40560    34.3147    34.3155     2.0860     2.0855    27.4159    27.4166    6.85387    6.90951         20 0.0000e+00
      10038    418.205    162.000     2.1058   3.039995     2.1051   3.040032      62.48     0.0216     2.8986     2.5648  34.003899  1.9644353   48.16356  -46.40560    34.3191    34.3204     2.0971     2.0964    27.4185    27.4196    6.83532    6.89368         19 0.0000e+00
      10056    418.972    163.000     2.1170   3.041331     2.1164   3.041355      58.50     0.0203     2.8968     2.5637  34.000034  1.9828769   48.16356  -46.40560    34.3231    34.3241     2.1082     2.1076    27.4209    27.4217    6.82064    6.87620         18 0.0000e+00
      10075    419.764    164.000     2.1298   3.042802     2.1289   3.042845      98.27     0.0219     2.8956     2.5616  34.000000  1.9875047   48.16356  -46.40560    34.3271    34.3286     2.1209     2.1201    27.4230    27.4243    6.81740    6.86687         20 0.0000e+00
      10098    420.689    165.000     2.1455   3.044534     2.1451   3.044571      98.64     0.0226     2.8937     2.5603  33.997704  2.0190349   48.16356  -46.40560    34.3311    34.3321     2.1366     2.1362    27.4250    27.4258    6.81764    6.87524         25 0.0000e+00
      10125    421.842    166.000     2.1622   3.046336     2.1609   3.046339      35.11     0.0213     2.8939     2.5598  33.999508  2.0296795   48.16356  -46.40560    34.3351    34.3365     2.1532     2.1519    27.4268    27.4281    6.82481    6.87957         29 0.0000e+00
      10153    423.001    167.000     2.2204   3.052585     2.2182   3.052672      78.98     0.0235     2.8929     2.5597  34.000011  2.0529380   48.16356  -46.40560    34.3495    34.3530     2.2113     2.2091    27.4337    27.4366    6.80885    6.86605         26 0.0000e+00
      10178    424.029    168.000     2.2782   3.059095     2.2768   3.059146      60.90     0.0236     2.8926     2.5593  33.985241  2.0660329   48.16356  -46.40560    34.3676    34.3698     2.2689     2.2675    27.4435    27.4454    6.79349    6.84661         24 0.0000e+00
      10201    425.004    169.000     2.2942   3.061054     2.2935   3.061066      82.54     0.0214     2.8913     2.5580  33.970638  2.0814435   48.16356  -46.40560    34.3741    34.3750     2.2849     2.2842    27.4474    27.4482    6.78702    6.84066         23 0.0000e+00
      10223    425.916    170.000     2.3035   3.062281     2.3031   3.062310      93.44     0.0177     2.8907     2.5577  33.962456  2.1087861   48.16355  -46.40560    34.3788    34.3796     2.2941     2.2937    27.4504    27.4510    6.79133    6.84421         20 0.0000e+00
      10242    426.702    171.000     2.3078   3.062886     2.3071   3.062878      22.89     0.0159     2.8909     2.5573  33.944321  2.1708324   48.16354  -46.40560    34.3811    34.3818     2.2983     2.2976    27.4519    27.4525    6.79605    6.84322         18 0.0000e+00
      10259    427.425    172.000     2.3214   3.064582     2.3203   3.064612      97.48     0.0162     2.8906     2.5572  33.945446  2.1691856   48.16354  -46.40560    34.3869    34.3885     2.3119     2.3107    27.4554    27.4568    6.79048    6.83452         18 0.0000e+00
      10278    428.209    173.000     2.3423   3.066994     2.3418   3.067047      59.90     0.0190     2.8908     2.5560  33.952202  2.2020652   48.16354  -46.40558    34.3937    34.3950     2.3327     2.3321    27.4592    27.4602    6.79024    6.82494         20 0.0000e+00
