data/CTD/2014/CNV/d017a014.cnv
* Sea-Bird SBE 9 Data File:
* FileName = C:\CTD_ACQUISITION\2014017HUD\ctddata\017A014.hdr
* Software Version Seasave V 7.22.2
* Temperature SN = 5081
* Conductivity SN = 3561
* Number of Bytes Per Scan = 37
* Number of Voltage Words = 4
* Number of Scans Averaged by the Deck Unit = 1
* NMEA Latitude = 52 56.40 N
* NMEA Longitude = 051 13.45 W
* NMEA UTC (Time) = Jul 04 2014 02:09:23
* NMEA baud rate = 9600
** Ship: Hudson
** Cruise: HUD2014017
** Chief_Scientist: Blair Greenan
** Organization: BIO
** Area_of_Operation: Sackville Spur
** Station: 014
** Sounding:  2230
** Event_Comments: K8, 403048
# nquan = 25
# nvalues = 2426                        
# units = specified
# name 0 = scan: Scan Count
# name 1 = timeS: Time, Elapsed [seconds]
# name 2 = prDM: Pressure, Digiquartz [db]
# name 3 = t068C: Temperature [ITS-68, deg C]
# name 4 = c0S/m: Conductivity [S/m]
# name 5 = t168C: Temperature, 2 [ITS-68, deg C]
# name 6 = c1S/m: Conductivity, 2 [S/m]
# name 7 = altM: Altimeter [m]
# name 8 = flC: Fluorescence, Chelsea Aqua 3 Chl Con [ug/l]
# name 9 = sbeox0V: Oxygen raw, SBE 43 [V]
# name 10 = sbeox1V: Oxygen raw, SBE 43, 2 [V]
# name 11 = upoly0: Upoly 0, Optode 4330F - O2 D-Phase
# name 12 = upoly1: Upoly 1, Optode 4330F - O2 Temp
# name 13 = latitude: Latitude [deg]
# name 14 = longitude: Longitude [deg]
# name 15 = sal00: Salinity, Practical [PSU]
# name 16 = sal11: Salinity, Practical, 2 [PSU]
# name 17 = potemp068C: Potential Temperature [ITS-68, deg C]
# name 18 = potemp168C: Potential Temperature, 2 [ITS-68, deg C]
# name 19 = sigma-é00: Density [sigma-theta, Kg/m^3]
# name 20 = sigma-é11: Density, 2 [sigma-theta, Kg/m^3]
# name 21 = sbeox0ML/L: Oxygen, SBE 43 [ml/l], WS = 2
# name 22 = sbeox1ML/L: Oxygen, SBE 43, 2 [ml/l], WS = 2
# name 23 = nbin: number of scans per bin
# name 24 = flag: flag
# span 0 =       5721,      67702       
# span 1 =    238.333,   2820.884       
# span 2 =      2.000,   2427.000       
# span 3 =     2.8602,     7.2559       
# span 4 =   3.191204,   3.426384       
# span 5 =     2.8590,     7.2330       
# span 6 =   3.191052,   3.426686       
# span 7 =       3.01,     117.15       
# span 8 =     0.0038,     0.2728       
# span 9 =     2.2154,     3.4772       
# span 10 =     1.9608,     3.0437      
# span 11 =  30.233047,  35.394714      
# span 12 =  2.7457743,  7.2443724      
# span 13 =   52.93918,   52.94004      
# span 14 =  -51.22315,  -51.21188      
# span 15 =    33.6191,    34.9159      
# span 16 =    33.6245,    34.9145      
# span 17 =     2.6700,     7.2557      
# span 18 =     2.6689,     7.2329      
# span 19 =    26.2961,    27.8446      
# span 20 =    26.3035,    27.8444      
# span 21 =    6.28963,    7.49874      
# span 22 =    6.27308,    7.51202      
# span 23 =         11,        107      
# span 24 = 0.0000e+00, 0.0000e+00      
# interval = decibars: 1                
# start_time = Jul 04 2014 02:09:23 [NMEA time, header]
# bad_flag = -9.990e-29
*END*
[from data line 2145]
      59217   2467.325   2147.000     2.9172   3.243992     2.9179   3.244001      52.91     0.0203     2.2802     2.0172  35.228062  2.9110458   52.93920  -51.21206    34.9122    34.9116     2.7525     2.7531    27.8376    27.8371    6.40396    6.37890         27 0.0000e+00
      59239   2468.249   2148.000     2.9146   3.243803     2.9146   3.243744      99.55     0.0205     2.2797     2.0172  35.222519  2.9121103   52.93920  -51.21206    34.9122    34.9115     2.7498     2.7498    27.8379    27.8374    6.40237    6.37890         18 0.0000e+00
      59256   2468.944   2149.000     2.9132   3.243723     2.9127   3.243647      98.63     0.0211     2.2796     2.0174  35.223450  2.9114721   52.93920  -51.21206    34.9123    34.9119     2.7484     2.7479    27.8381    27.8378    6.41382    6.37771         16 0.0000e+00
      59271   2469.570   2150.000     2.9101   3.243494     2.9107   3.243481      84.10     0.0198     2.2799     2.0171  35.238270  2.9114375   52.93920  -51.21206    34.9123    34.9115     2.7452     2.7458    27.8384    27.8377    6.41894    6.37591         15 0.0000e+00
      59286   2470.206   2151.000     2.9081   3.243350     2.9071   3.243207      38.35     0.0211     2.2800     2.0170  35.238995  2.9114759   52.93920  -51.21208    34.9123    34.9116     2.7431     2.7421    27.8385    27.8381    6.41016    6.37038         16 0.0000e+00
      59304   2470.958   2152.000     2.9068   3.243266     2.9054   3.243094      95.30     0.0192     2.2794     2.0163  35.237816  2.9107356   52.93920  -51.21208    34.9121    34.9116     2.7418     2.7404    27.8385    27.8382    6.40254    6.36601         21 0.0000e+00
      59341   2472.508   2153.000     2.9053   3.243151     2.9046   3.243053      52.58     0.0150     2.2788     2.0157  35.259270  2.9027174   52.93920  -51.21208    34.9119    34.9115     2.7402     2.7395    27.8385    27.8382    6.40433    6.37345         55 0.0000e+00
      59382   2474.207   2154.000     2.9055   3.243224     2.9038   3.243032     100.53     0.0142     2.2778     2.0158  35.260063  2.9007974   52.93920  -51.21208    34.9121    34.9116     2.7403     2.7386    27.8386    27.8384    6.40165    6.38271         20 0.0000e+00
      59398   2474.872   2155.000     2.9055   3.243269     2.9045   3.243139      98.63     0.0153     2.2776     2.0157  35.260075  2.9016650   52.93920  -51.21208    34.9121    34.9117     2.7402     2.7392    27.8387    27.8384    6.41479    6.37386         15 0.0000e+00
      59413   2475.481   2156.000     2.9047   3.243239     2.9038   3.243123      77.68     0.0148     2.2785     2.0152  35.259026  2.9023218   52.93920  -51.21208    34.9122    34.9117     2.7393     2.7384    27.8388    27.8385    6.41190    6.37235         14 0.0000e+00
      59427   2476.065   2157.000     2.9043   3.243254     2.9030   3.243105      24.96     0.0160     2.2777     2.0155  35.260078  2.9023199   52.93920  -51.21210    34.9122    34.9118     2.7389     2.7376    27.8389    27.8387    6.39599    6.37370         14 0.0000e+00
      59441   2476.651   2158.000     2.9042   3.243280     2.9032   3.243145      85.01     0.0192     2.2774     2.0150  35.255848  2.9023199   52.93920  -51.21210    34.9122    34.9117     2.7387     2.7376    27.8389    27.8386    6.41035    6.37401         14 0.0000e+00
      59456   2477.291   2159.000     2.9022   3.243147     2.9020   3.243072      98.61     0.0179     2.2775     2.0150  35.260067  2.8988774   52.93920  -51.21210    34.9123    34.9115     2.7366     2.7364    27.8391    27.8386    6.41236    6.37665         17 0.0000e+00
      59477   2478.173   2160.000     2.9002   3.242990     2.8991   3.242851      98.64     0.0169     2.2769     2.0148  35.261467  2.8930590   52.93920  -51.21210    34.9120    34.9115     2.7345     2.7335    27.8391    27.8388    6.40302    6.37548         29 0.0000e+00
      59528   2480.304   2161.000     2.9006   3.243058     2.8998   3.242949      89.38     0.0152     2.2764     2.0140  35.272118  2.8923159   52.93920  -51.21210    34.9119    34.9115     2.7348     2.7341    27.8390    27.8387    6.40922    6.37334         51 0.0000e+00
      59553   2481.350   2162.000     2.9003   3.243087     2.8992   3.242957      39.09     0.0193     2.2754     2.0140  35.266933  2.8966243   52.93920  -51.21212    34.9121    34.9117     2.7344     2.7334    27.8392    27.8389    6.40022    6.38399         17 0.0000e+00
      59568   2481.976   2163.000     2.9003   3.243126     2.8991   3.242991      77.87     0.0205     2.2763     2.0144  35.260113  2.9022884   52.93920  -51.21212    34.9121    34.9117     2.7343     2.7332    27.8392    27.8390    6.41300    6.38169         14 0.0000e+00
      59583   2482.572   2164.000     2.9006   3.243187     2.8998   3.243098      98.95     0.0173     2.2755     2.0142  35.260075  2.9016113   52.93920  -51.21212    34.9121    34.9119     2.7345     2.7337    27.8391    27.8390    6.40149    6.37390         14 0.0000e+00
      59597   2483.159   2165.000     2.9008   3.243253     2.9001   3.243173      98.63     0.0168     2.2758     2.0138  35.260075  2.8997383   52.93920  -51.21212    34.9122    34.9119     2.7346     2.7340    27.8392    27.8390    6.40720    6.37255         15 0.0000e+00
      59612   2483.782   2166.000     2.9005   3.243268     2.8995   3.243147      58.32     0.0155     2.2753     2.0136  35.260075  2.8920150   52.93920  -51.21213    34.9122    34.9117     2.7342     2.7333    27.8393    27.8390    6.40415    6.37450         15 0.0000e+00
      59630   2484.539   2167.000     2.9005   3.243298     2.8993   3.243165      68.27     0.0139     2.2750     2.0134  35.260075  2.8925321   52.93921  -51.21214    34.9121    34.9117     2.7341     2.7330    27.8392    27.8390    6.41224    6.37143         22 0.0000e+00
      59662   2485.873   2168.000     2.9007   3.243352     2.8995   3.243213      69.44     0.0146     2.2753     2.0129  35.260075  2.8855679   52.93922  -51.21214    34.9120    34.9116     2.7343     2.7332    27.8391    27.8389    6.41392    6.37538         44 0.0000e+00
      59699   2487.434   2169.000     2.9005   3.243384     2.8993   3.243233      94.01     0.0139     2.2751     2.0127  35.260075  2.8871610   52.93922  -51.21214    34.9121    34.9116     2.7340     2.7328    27.8392    27.8389    6.40706    6.37404         23 0.0000e+00
      59718   2488.194   2170.000     2.8999   3.243377     2.8988   3.243239      77.43     0.0121     2.2747     2.0125  35.260075  2.8927326   52.93922  -51.21214    34.9122    34.9117     2.7333     2.7323    27.8393    27.8390    6.41013    6.37033         17 0.0000e+00
      59734   2488.862   2171.000     2.9001   3.243437     2.8989   3.243289      49.74     0.0127     2.2749     2.0120  35.260075  2.8925519   52.93922  -51.21215    34.9122    34.9118     2.7334     2.7322    27.8394    27.8391    6.41355    6.37275         16 0.0000e+00
      59749   2489.501   2172.000     2.9002   3.243487     2.8990   3.243337      64.07     0.0130     2.2749     2.0122  35.266922  2.8918996   52.93922  -51.21216    34.9122    34.9118     2.7334     2.7322    27.8394    27.8391    6.40567    6.37585         15 0.0000e+00
      59765   2490.147   2173.000     2.9002   3.243520     2.8991   3.243394      98.70     0.0141     2.2740     2.0117  35.270153  2.8907180   52.93922  -51.21216    34.9122    34.9118     2.7333     2.7322    27.8394    27.8392    6.39996    6.37799         16 0.0000e+00
      59782   2490.859   2174.000     2.9003   3.243569     2.8992   3.243433      98.63     0.0200     2.2739     2.0120  35.269348  2.8925118   52.93922  -51.21216    34.9121    34.9117     2.7334     2.7322    27.8393    27.8391    6.40788    6.38842         19 0.0000e+00
      59804   2491.772   2175.000     2.9002   3.243598     2.8991   3.243458      98.63     0.0227     2.2739     2.0123  35.265324  2.8839204   52.93922  -51.21216    34.9121    34.9116     2.7332     2.7321    27.8393    27.8390    6.41687    6.38561         26 0.0000e+00
      59835   2493.077   2176.000     2.9001   3.243620     2.8993   3.243505      98.08     0.0221     2.2736     2.0124  35.265247  2.8827751   52.93922  -51.21216    34.9120    34.9115     2.7329     2.7321    27.8393    27.8389    6.40382    6.37766         34 0.0000e+00
      59865   2494.327   2177.000     2.8999   3.243643     2.8988   3.243514      41.97     0.0183     2.2729     2.0118  35.266861  2.8827839   52.93922  -51.21216    34.9120    34.9116     2.7327     2.7316    27.8393    27.8391    6.40812    6.37869         24 0.0000e+00
      59886   2495.202   2178.000     2.9006   3.243755     2.8993   3.243609      99.51     0.0172     2.2729     2.0116  35.265923  2.8852656   52.93922  -51.21218    34.9122    34.9118     2.7333     2.7320    27.8393    27.8392    6.41394    6.37563         20 0.0000e+00
      59904   2495.974   2179.000     2.9006   3.243800     2.8994   3.243665      98.64     0.0182     2.2730     2.0114  35.262543  2.8919613   52.93922  -51.21218    34.9122    34.9118     2.7332     2.7320    27.8394    27.8392    6.40808    6.37712         18 0.0000e+00
      59922   2496.717   2180.000     2.9005   3.243825     2.8993   3.243691      63.69     0.0185     2.2727     2.0112  35.264118  2.8914757   52.93922  -51.21218    34.9122    34.9118     2.7329     2.7318    27.8394    27.8392    6.40476    6.37905         18 0.0000e+00
      59940   2497.471   2181.000     2.9006   3.243870     2.8995   3.243740      39.49     0.0170     2.2718     2.0112  35.270588  2.8860986   52.93922  -51.21218    34.9121    34.9117     2.7330     2.7319    27.8393    27.8391    6.40268    6.37610         18 0.0000e+00
      59959   2498.261   2182.000     2.9008   3.243934     2.8996   3.243797      97.93     0.0159     2.2720     2.0106  35.274677  2.8842702   52.93922  -51.21220    34.9122    34.9118     2.7331     2.7319    27.8394    27.8391    6.40449    6.37014         20 0.0000e+00
      59979   2499.093   2183.000     2.9007   3.243965     2.8996   3.243826      32.40     0.0166     2.2715     2.0103  35.274727  2.8828042   52.93922  -51.21220    34.9122    34.9117     2.7329     2.7318    27.8394    27.8391    6.40558    6.37756         20 0.0000e+00
      60000   2499.971   2184.000     2.9003   3.243966     2.8992   3.243827      83.57     0.0117     2.2712     2.0104  35.274727  2.8827839   52.93922  -51.21220    34.9122    34.9117     2.7324     2.7313    27.8394    27.8391    6.41046    6.38164         22 0.0000e+00
      60023   2500.924   2185.000     2.9001   3.243980     2.8993   3.243886      90.85     0.0107     2.2711     2.0103  35.274727  2.8831849   52.93922  -51.21220    34.9121    34.9117     2.7321     2.7314    27.8394    27.8392    6.40612    6.37825         24 0.0000e+00
      60048   2501.977   2186.000     2.9005   3.244061     2.8995   3.243945      46.54     0.0100     2.2709     2.0100  35.275288  2.8835347   52.93922  -51.21221    34.9121    34.9117     2.7324     2.7315    27.8394    27.8392    6.40600    6.37807         26 0.0000e+00
      60074   2503.027   2187.000     2.9008   3.244126     2.8998   3.244004      99.08     0.0132     2.2703     2.0098  35.274723  2.8831887   52.93922  -51.21222    34.9121    34.9117     2.7327     2.7317    27.8393    27.8391    6.39908    6.37452         24 0.0000e+00
      60096   2503.944   2188.000     2.9006   3.244147     2.8997   3.244034      41.47     0.0155     2.2697     2.0094  35.273991  2.8837647   52.93924  -51.21222    34.9121    34.9117     2.7323     2.7314    27.8394    27.8391    6.40858    6.37471         20 0.0000e+00
      60115   2504.743   2189.000     2.9004   3.244171     2.8989   3.244002      86.77     0.0157     2.2699     2.0093  35.272255  2.8833189   52.93924  -51.21222    34.9122    34.9117     2.7320     2.7306    27.8395    27.8392    6.40714    6.37285         18 0.0000e+00
      60133   2505.486   2190.000     2.9003   3.244207     2.8994   3.244097      98.75     0.0144     2.2693     2.0088  35.274750  2.8844218   52.93924  -51.21222    34.9121    34.9118     2.7319     2.7310    27.8394    27.8393    6.39922    6.36751         18 0.0000e+00
      60151   2506.246   2191.000     2.9000   3.244217     2.8990   3.244089      80.53     0.0159     2.2693     2.0083  35.274727  2.8853493   52.93924  -51.21224    34.9121    34.9117     2.7315     2.7305    27.8395    27.8392    6.40235    6.37062         19 0.0000e+00
      60172   2507.145   2192.000     2.8970   3.243990     2.8962   3.243865      40.67     0.0163     2.2688     2.0082  35.274727  2.8843708   52.93924  -51.21224    34.9121    34.9114     2.7284     2.7277    27.8397    27.8393    6.40254    6.37663         25 0.0000e+00
      60204   2508.476   2193.000     2.8948   3.243820     2.8934   3.243658      98.47     0.0179     2.2681     2.0079  35.274727  2.8830445   52.93924  -51.21224    34.9119    34.9115     2.7262     2.7248    27.8398    27.8395    6.40626    6.37562         38 0.0000e+00
      60237   2509.837   2194.000     2.8943   3.243817     2.8932   3.243677      98.63     0.0178     2.2680     2.0078  35.274727  2.8827705   52.93924  -51.21225    34.9119    34.9114     2.7256     2.7245    27.8398    27.8395    6.40500    6.37699         24 0.0000e+00
      60257   2510.654   2195.000     2.8942   3.243854     2.8931   3.243713      98.63     0.0185     2.2682     2.0075  35.274727  2.8827839   52.93924  -51.21226    34.9120    34.9115     2.7254     2.7243    27.8399    27.8396    6.41229    6.37384         17 0.0000e+00
      60272   2511.310   2196.000     2.8944   3.243920     2.8931   3.243772      98.63     0.0208     2.2681     2.0074  35.274727  2.8827839   52.93924  -51.21226    34.9121    34.9117     2.7255     2.7242    27.8400    27.8398    6.40273    6.37246         15 0.0000e+00
      60287   2511.910   2197.000     2.8956   3.244064     2.8940   3.243897      37.63     0.0192     2.2674     2.0070  35.275799  2.8827839   52.93924  -51.21226    34.9121    34.9118     2.7266     2.7250    27.8399    27.8397    6.39999    6.36842         14 0.0000e+00
      60301   2512.492   2198.000     2.8953   3.244087     2.8941   3.243944      43.49     0.0202     2.2671     2.0067  35.275772  2.8827839   52.93924  -51.21226    34.9122    34.9118     2.7262     2.7250    27.8400    27.8397    6.41114    6.36894         14 0.0000e+00
      60315   2513.092   2199.000     2.8951   3.244104     2.8944   3.244016      81.25     0.0203     2.2677     2.0065  35.275703  2.8827839   52.93924  -51.21226    34.9122    34.9119     2.7259     2.7252    27.8400    27.8398    6.41159    6.37458         15 0.0000e+00
      60332   2513.780   2200.000     2.8950   3.244131     2.8948   3.244090      98.33     0.0206     2.2672     2.0065  35.275501  2.8827839   52.93924  -51.21227    34.9121    34.9118     2.7257     2.7255    27.8399    27.8397    6.41302    6.37715         19 0.0000e+00
      60357   2514.828   2201.000     2.8977   3.244400     2.8972   3.244327      64.75     0.0178     2.2674     2.0062  35.275166  2.8827839   52.93924  -51.21228    34.9120    34.9117     2.7283     2.7278    27.8396    27.8394    6.40862    6.37519         37 0.0000e+00
      60412   2517.138   2202.000     2.8986   3.244518     2.8977   3.244396     107.42     0.0184     2.2668     2.0060  35.275764  2.8827839   52.93924  -51.21229    34.9120    34.9115     2.7291     2.7281    27.8396    27.8393    6.40950    6.37750         48 0.0000e+00
      60436   2518.108   2203.000     2.8976   3.244480     2.8963   3.244327      98.63     0.0218     2.2667     2.0060  35.274723  2.8827839   52.93924  -51.21230    34.9121    34.9117     2.7280     2.7267    27.8398    27.8395    6.40904    6.37926         18 0.0000e+00
