data/CTD/2014/CNV/d017a030.cnv
* Sea-Bird SBE 9 Data File:
* FileName = C:\CTD_ACQUISITION\2014017HUD\ctddata\017A030.hdr
* Software Version Seasave V 7.22.2
* Temperature SN = 5081
* Conductivity SN = 3561
* Number of Bytes Per Scan = 37
* Number of Voltage Words = 4
* Number of Scans Averaged by the Deck Unit = 1
* NMEA Latitude = 48 45.33 N
* NMEA Longitude = 045 38.35 W
* NMEA UTC (Time) = Jul 07 2014 06:14:51
* NMEA baud rate = 9600
** Ship: Hudson
** Cruise: HUD2014017
** Chief_Scientist: Blair Greenan
** Organization: BIO
** Area_of_Operation: Sackville Spur
** Station: 030
** Sounding:  1323
** Event_Comments: SS_24, 403179
# nquan = 25
# nvalues = 1363                        
# units = specified
# name 0 = scan: Scan Count
# name 1 = timeS: Time, Elapsed [seconds]
# name 2 = prDM: Pressure, Digiquartz [db]
# name 3 = t068C: Temperature [ITS-68, deg C]
# name 4 = c0S/m: Conductivity [S/m]
# name 5 = t168C: Temperature, 2 [ITS-68, deg C]
# name 6 = c1S/m: Conductivity, 2 [S/m]
# name 7 = altM: Altimeter [m]
# name 8 = flC: Fluorescence, Chelsea Aqua 3 Chl Con [ug/l]
# name 9 = sbeox0V: Oxygen raw, SBE 43 [V]
# name 10 = sbeox1V: Oxygen raw, SBE 43, 2 [V]
# name 11 = upoly0: Upoly 0, Optode 4330F - O2 D-Phase
# name 12 = upoly1: Upoly 1, Optode 4330F - O2 Temp
# name 13 = latitude: Latitude [deg]
# name 14 = longitude: Longitude [deg]
# name 15 = sal00: Salinity, Practical [PSU]
# name 16 = sal11: Salinity, Practical, 2 [PSU]
# name 17 = potemp068C: Potential Temperature [ITS-68, deg C]
# name 18 = potemp168C: Potential Temperature, 2 [ITS-68, deg C]
# name 19 = sigma-é00: Density [sigma-theta, Kg/m^3]
# name 20 = sigma-é11: Density, 2 [sigma-theta, Kg/m^3]
# name 21 = sbeox0ML/L: Oxygen, SBE 43 [ml/l], WS = 2
# name 22 = sbeox1ML/L: Oxygen, SBE 43, 2 [ml/l], WS = 2
# name 23 = nbin: number of scans per bin
# name 24 = flag: flag
# span 0 =       5110,      41068       
# span 1 =    212.870,   1711.113       
# span 2 =      2.000,   1364.000       
# span 3 =     1.8588,     8.7101       
# span 4 =   3.006964,   3.583927       
# span 5 =     1.8576,     8.7084       
# span 6 =   3.006751,   3.584708       
# span 7 =       2.40,     110.17       
# span 8 =     0.0070,     0.3314       
# span 9 =     2.4643,     3.5103       
# span 10 =     2.1792,     3.0053      
# span 11 =  30.190283,  34.792236      
# span 12 =  2.0329525,  8.7533579      
# span 13 =   48.75605,   48.75832      
# span 14 =  -45.63902,  -45.63728      
# span 15 =    33.7656,    34.9159      
# span 16 =    33.7645,    34.9154      
# span 17 =     1.8560,     8.7079      
# span 18 =     1.8548,     8.7063      
# span 19 =    26.2016,    27.7721      
# span 20 =    26.2008,    27.7716      
# span 21 =    6.26176,    7.85728      
# span 22 =    6.25071,    7.82558      
# span 23 =         10,        107      
# span 24 = 0.0000e+00, 0.0000e+00      
# interval = decibars: 1                
# start_time = Jul 07 2014 06:14:51 [NMEA time, header]
# bad_flag = -9.990e-29
*END*
[from data line 522]
      20510    854.544    524.000     3.6818   3.238018     3.6814   3.237932      98.64     0.0185     2.8311     2.5029  33.530510  3.6739926   48.75758  -45.63820    34.8491    34.8485     3.6451     3.6447    27.7026    27.7022    6.66638    6.69540         24 0.0000e+00
      20532    855.455    525.000     3.6820   3.238086     3.6817   3.238003      98.64     0.0169     2.8316     2.5026  33.531147  3.6739926   48.75758  -45.63820    34.8492    34.8485     3.6452     3.6465    27.7026    27.7022    6.66794    6.69313         20 0.0000e+00
      20551    856.233    526.000     3.6823   3.238175     3.6820   3.238078      81.69     0.0136     2.8312     2.5025  33.531136  3.6739926   48.75758  -45.63820    34.8494    34.8486     3.6454     3.6451    27.7028    27.7022    6.66585    6.69262         18 0.0000e+00
      20568    856.949    527.000     3.6825   3.238240     3.6822   3.238158      64.18     0.0119     2.8309     2.5023  33.531136  3.6739926   48.75758  -45.63818    34.8494    34.8488     3.6455     3.6452    27.7028    27.7023    6.66438    6.69183         17 0.0000e+00
      20585    857.683    528.000     3.6827   3.238295     3.6824   3.238224      98.43     0.0111     2.8304     2.5017  33.531136  3.6739926   48.75758  -45.63818    34.8493    34.8488     3.6457     3.6454    27.7027    27.7023    6.66279    6.69000         18 0.0000e+00
      20607    858.601    529.000     3.6828   3.238350     3.6826   3.238272      98.64     0.0152     2.8301     2.5013  33.531136  3.6739926   48.75758  -45.63818    34.8493    34.8487     3.6457     3.6454    27.7027    27.7023    6.66169    6.68987         28 0.0000e+00
      20656    860.623    530.000     3.6832   3.238417     3.6829   3.238326      98.64     0.0157     2.8284     2.4998  33.531136  3.6739926   48.75758  -45.63816    34.8493    34.8485     3.6460     3.6469    27.7027    27.7021    6.65845    6.67559         56 0.0000e+00
      20689    862.019    531.000     3.6832   3.238474     3.6829   3.238392      98.64     0.0159     2.8282     2.4980  33.531136  3.6744933   48.75758  -45.63816    34.8494    34.8487     3.6459     3.6456    27.7028    27.7022    6.66839    6.67981         20 0.0000e+00
      20707    862.736    532.000     3.6834   3.238540     3.6830   3.238460      98.64     0.0140     2.8286     2.4977  33.531136  3.6838467   48.75758  -45.63815    34.8495    34.8488     3.6460     3.6457    27.7028    27.7023    6.66877    6.68345         16 0.0000e+00
      20722    863.374    533.000     3.6835   3.238605     3.6832   3.238519      98.63     0.0127     2.8285     2.4977  33.531136  3.6837606   48.75758  -45.63814    34.8496    34.8489     3.6461     3.6457    27.7029    27.7024    6.66423    6.68724         15 0.0000e+00
      20737    864.005    534.000     3.6836   3.238670     3.6833   3.238590      67.60     0.0148     2.8281     2.4979  33.531136  3.6837606   48.75758  -45.63814    34.8497    34.8490     3.6461     3.6458    27.7030    27.7024    6.66293    6.68805         16 0.0000e+00
      20755    864.737    535.000     3.6840   3.238744     3.6837   3.238660      44.29     0.0157     2.8281     2.4978  33.531136  3.6749051   48.75758  -45.63814    34.8497    34.8490     3.6464     3.6461    27.7029    27.7024    6.66212    6.68768         20 0.0000e+00
      20780    865.811    536.000     3.6842   3.238805     3.6839   3.238724      97.48     0.0162     2.8268     2.4979  33.531597  3.6740029   48.75758  -45.63814    34.8496    34.8489     3.6465     3.6473    27.7029    27.7024    6.66058    6.69106         31 0.0000e+00
      20809    867.011    537.000     3.6845   3.238889     3.6842   3.238810      93.04     0.0185     2.8270     2.4980  33.535866  3.6739926   48.75758  -45.63814    34.8497    34.8491     3.6468     3.6465    27.7029    27.7025    6.66569    6.69342         25 0.0000e+00
      20832    867.963    538.000     3.6850   3.238996     3.6847   3.238916      91.25     0.0172     2.8269     2.4984  33.536022  3.6739926   48.75758  -45.63814    34.8500    34.8493     3.6472     3.6469    27.7031    27.7026    6.66248    6.69998         21 0.0000e+00
      20852    868.799    539.000     3.6854   3.239083     3.6850   3.238995      98.71     0.0174     2.8261     2.4990  33.538872  3.6781437   48.75758  -45.63813    34.8500    34.8494     3.6475     3.6471    27.7031    27.7026    6.65311    6.69468         19 0.0000e+00
      20871    869.594    540.000     3.6856   3.239140     3.6852   3.239060      98.64     0.0172     2.8251     2.4985  33.538849  3.6801884   48.75758  -45.63812    34.8500    34.8494     3.6476     3.6473    27.7031    27.7026    6.65213    6.69052         19 0.0000e+00
      20891    870.432    541.000     3.6858   3.239216     3.6855   3.239134      98.64     0.0203     2.8246     2.4984  33.537804  3.6757977   48.75760  -45.63812    34.8501    34.8494     3.6478     3.6475    27.7032    27.7026    6.65768    6.69140         22 0.0000e+00
      20918    871.537    542.000     3.6863   3.239311     3.6860   3.239221      98.64     0.0163     2.8244     2.4979  33.538223  3.6752002   48.75760  -45.63811    34.8502    34.8495     3.6482     3.6479    27.7032    27.7027    6.65977    6.68580         33 0.0000e+00
      20959    873.242    543.000     3.6867   3.239382     3.6864   3.239290      98.64     0.0127     2.8237     2.4956  33.544945  3.6752975   48.75760  -45.63810    34.8501    34.8494     3.6485     3.6482    27.7031    27.7025    6.65935    6.67049         45 0.0000e+00
      20996    874.808    544.000     3.6871   3.239474     3.6868   3.239393      81.48     0.0192     2.8234     2.4939  33.551895  3.6830988   48.75760  -45.63810    34.8503    34.8496     3.6488     3.6485    27.7032    27.7027    6.65861    6.67592         28 0.0000e+00
      21019    875.766    545.000     3.6875   3.239567     3.6871   3.239482      76.40     0.0207     2.8231     2.4935  33.554203  3.6837776   48.75760  -45.63809    34.8504    34.8498     3.6491     3.6488    27.7033    27.7028    6.65983    6.68228         21 0.0000e+00
      21038    876.532    546.000     3.6882   3.239695     3.6878   3.239605      98.38     0.0219     2.8231     2.4939  33.536514  3.6837606   48.75760  -45.63808    34.8507    34.8500     3.6498     3.6494    27.7034    27.7029    6.66031    6.68272         17 0.0000e+00
      21054    877.212    547.000     3.6888   3.239812     3.6885   3.239733      98.64     0.0209     2.8228     2.4936  33.531105  3.6837606   48.75760  -45.63808    34.8509    34.8502     3.6503     3.6500    27.7035    27.7030    6.65815    6.68198         15 0.0000e+00
      21069    877.850    548.000     3.6899   3.239992     3.6895   3.239903      98.64     0.0180     2.8225     2.4936  33.531136  3.6837606   48.75760  -45.63808    34.8513    34.8506     3.6513     3.6510    27.7037    27.7032    6.65545    6.68472         15 0.0000e+00
      21085    878.479    549.000     3.6908   3.240130     3.6904   3.240042      98.64     0.0189     2.8220     2.4937  33.542126  3.6837606   48.75760  -45.63808    34.8515    34.8509     3.6521     3.6517    27.7038    27.7034    6.65428    6.68251         16 0.0000e+00
      21100    879.133    550.000     3.6908   3.240171     3.6905   3.240098      98.64     0.0169     2.8217     2.4933  33.545715  3.6837606   48.75760  -45.63808    34.8514    34.8509     3.6521     3.6518    27.7038    27.7034    6.65313    6.67698         16 0.0000e+00
      21118    879.857    551.000     3.6908   3.240219     3.6905   3.240134      98.64     0.0151     2.8210     2.4928  33.546539  3.6837606   48.75760  -45.63807    34.8515    34.8508     3.6520     3.6517    27.7038    27.7033    6.64972    6.67172         19 0.0000e+00
      21138    880.719    552.000     3.6907   3.240246     3.6904   3.240157      98.63     0.0152     2.8202     2.4916  33.546429  3.6837606   48.75760  -45.63806    34.8514    34.8507     3.6518     3.6542    27.7038    27.7032    6.65295    6.66967         23 0.0000e+00
      21167    881.901    553.000     3.6912   3.240336     3.6907   3.240232      98.64     0.0150     2.8198     2.4910  33.546616  3.6837606   48.75760  -45.63806    34.8514    34.8507     3.6522     3.6528    27.7037    27.7032    6.65266    6.67442         35 0.0000e+00
      21209    883.669    554.000     3.6920   3.240467     3.6916   3.240381      64.49     0.0133     2.8187     2.4901  33.549725  3.6837606   48.75760  -45.63804    34.8516    34.8509     3.6529     3.6526    27.7038    27.7033    6.64671    6.66825         48 0.0000e+00
      21253    885.507    555.000     3.6931   3.240638     3.6927   3.240562      96.22     0.0160     2.8168     2.4881  33.560673  3.6837606   48.75760  -45.63804    34.8519    34.8514     3.6540     3.6536    27.7040    27.7036    6.63752    6.65895         34 0.0000e+00
      21278    886.559    556.000     3.6946   3.240861     3.6940   3.240767      89.59     0.0179     2.8154     2.4874  33.560448  3.6851768   48.75760  -45.63804    34.8524    34.8519     3.6554     3.6548    27.7042    27.7039    6.64220    6.66325         21 0.0000e+00
      21297    887.323    557.000     3.6965   3.241125     3.6960   3.241030      98.53     0.0200     2.8156     2.4871  33.560440  3.6894524   48.75760  -45.63804    34.8531    34.8525     3.6572     3.6567    27.7046    27.7041    6.64544    6.66092         17 0.0000e+00
      21313    887.994    558.000     3.6980   3.241342     3.6974   3.241239      98.64     0.0205     2.8153     2.4864  33.560440  3.6902657   48.75760  -45.63802    34.8535    34.8530     3.6586     3.6580    27.7048    27.7044    6.63757    6.65785         15 0.0000e+00
      21328    888.635    559.000     3.6997   3.241581     3.6993   3.241503      98.64     0.0198     2.8142     2.4860  33.560440  3.6838658   48.75760  -45.63802    34.8541    34.8535     3.6602     3.6599    27.7051    27.7046    6.63062    6.65617         16 0.0000e+00
      21344    889.307    560.000     3.7021   3.241893     3.7017   3.241800      98.64     0.0172     2.8130     2.4853  33.560440  3.6837606   48.75760  -45.63802    34.8546    34.8540     3.6626     3.6622    27.7052    27.7048    6.63388    6.65056         17 0.0000e+00
      21363    890.092    561.000     3.7036   3.242084     3.7031   3.242002      98.64     0.0177     2.8135     2.4842  33.560440  3.6850975   48.75760  -45.63802    34.8549    34.8544     3.6639     3.6635    27.7053    27.7050    6.64162    6.64923         21 0.0000e+00
      21387    891.095    562.000     3.7041   3.242191     3.7038   3.242117      98.64     0.0187     2.8125     2.4835  33.560440  3.6887157   48.75760  -45.63800    34.8550    34.8545     3.6644     3.6641    27.7054    27.7050    6.63871    6.65039         27 0.0000e+00
      21415    892.264    563.000     3.7054   3.242374     3.7050   3.242292      81.48     0.0173     2.8124     2.4829  33.564602  3.6924601   48.75760  -45.63800    34.8553    34.8547     3.6657     3.6652    27.7055    27.7051    6.64259    6.65932         28 0.0000e+00
      21442    893.385    564.000     3.7062   3.242507     3.7057   3.242417      98.79     0.0199     2.8125     2.4835  33.568680  3.6935380   48.75760  -45.63800    34.8555    34.8549     3.6664     3.6659    27.7056    27.7052    6.64030    6.66404         25 0.0000e+00
      21466    894.380    565.000     3.7069   3.242634     3.7071   3.242599      98.64     0.0137     2.8116     2.4836  33.573204  3.6935287   48.75760  -45.63800    34.8557    34.8552     3.6670     3.6671    27.7057    27.7052    6.63439    6.66249         23 0.0000e+00
      21487    895.268    566.000     3.7080   3.242793     3.7077   3.242703      98.63     0.0149     2.8110     2.4835  33.575085  3.6935287   48.75760  -45.63800    34.8559    34.8552     3.6680     3.6677    27.7058    27.7052    6.63401    6.65873         20 0.0000e+00
      21508    896.109    567.000     3.7085   3.242896     3.7081   3.242798      98.63     0.0151     2.8105     2.4832  33.575092  3.6945114   48.75760  -45.63798    34.8561    34.8554     3.6684     3.6680    27.7058    27.7053    6.63862    6.65387         20 0.0000e+00
      21529    897.010    568.000     3.7087   3.242956     3.7084   3.242874      98.64     0.0149     2.8106     2.4823  33.575092  3.6951489   48.75760  -45.63798    34.8561    34.8554     3.6686     3.6683    27.7058    27.7053    6.63734    6.64650         24 0.0000e+00
      21556    898.139    569.000     3.7087   3.242989     3.7084   3.242905      85.11     0.0149     2.8095     2.4811  33.575092  3.6981792   48.75760  -45.63798    34.8559    34.8553     3.6685     3.6681    27.7057    27.7052    6.62893    6.65113         31 0.0000e+00
      21589    899.515    570.000     3.7088   3.243038     3.7084   3.242950      97.96     0.0184     2.8086     2.4812  33.575092  3.7034335   48.75760  -45.63796    34.8559    34.8553     3.6685     3.6681    27.7057    27.7052    6.62641    6.65680         32 0.0000e+00
      21617    900.683    571.000     3.7094   3.243153     3.7093   3.243101      98.67     0.0166     2.8068     2.4806  33.579502  3.7053962   48.75760  -45.63796    34.8561    34.8556     3.6690     3.6689    27.7058    27.7054    6.61488    6.64735         24 0.0000e+00
      21638    901.543    572.000     3.7116   3.243439     3.7110   3.243336      98.64     0.0171     2.8053     2.4799  33.580494  3.7079279   48.75760  -45.63796    34.8567    34.8561     3.6711     3.6705    27.7060    27.7056    6.61946    6.64007         19 0.0000e+00
      21655    902.264    573.000     3.7141   3.243742     3.7130   3.243601      98.64     0.0161     2.8053     2.4787  33.577862  3.7069681   48.75760  -45.63796    34.8571    34.8565     3.6735     3.6725    27.7062    27.7058    6.62584    6.63388         16 0.0000e+00
      21672    902.944    574.000     3.7152   3.243916     3.7146   3.243812      98.64     0.0150     2.8052     2.4777  33.576836  3.7067487   48.75760  -45.63796    34.8575    34.8568     3.6746     3.6740    27.7063    27.7059    6.62337    6.63672         17 0.0000e+00
      21690    903.693    575.000     3.7162   3.244060     3.7157   3.243966      98.64     0.0172     2.8044     2.4774  33.575172  3.7081125   48.75760  -45.63795    34.8575    34.8570     3.6755     3.6750    27.7063    27.7059    6.62429    6.64214         20 0.0000e+00
      21721    904.984    576.000     3.7171   3.244187     3.7164   3.244071      88.23     0.0179     2.8041     2.4769  33.597115  3.7062700   48.75761  -45.63794    34.8576    34.8569     3.6763     3.6763    27.7063    27.7058    6.62315    6.64555         45 0.0000e+00
      21760    906.608    577.000     3.7198   3.244530     3.7193   3.244434      99.15     0.0150     2.8029     2.4773  33.583813  3.7088876   48.75762  -45.63794    34.8583    34.8576     3.6789     3.6784    27.7065    27.7061    6.61683    6.64872         25 0.0000e+00
      21780    907.443    578.000     3.7186   3.244481     3.7183   3.244402      98.64     0.0138     2.8022     2.4769  33.580139  3.7066836   48.75762  -45.63794    34.8585    34.8578     3.6776     3.6774    27.7068    27.7063    6.61529    6.64090         17 0.0000e+00
      21795    908.098    579.000     3.7176   3.244449     3.7173   3.244366      98.64     0.0168     2.8020     2.4766  33.578972  3.7065487   48.75760  -45.63792    34.8586    34.8579     3.6766     3.6763    27.7070    27.7065    6.61869    6.63719         15 0.0000e+00
      21810    908.699    580.000     3.7185   3.244585     3.7179   3.244481      98.63     0.0170     2.8019     2.4758  33.575020  3.7131851   48.75761  -45.63792    34.8588    34.8581     3.6774     3.6768    27.7071    27.7066    6.61861    6.63512         14 0.0000e+00
