data/CTD/2014/CNV/d017a060.cnv
* Sea-Bird SBE 9 Data File:
* FileName = C:\CTD_ACQUISITION\2014017HUD\ctddata\017A060.hdr
* Software Version Seasave V 7.23.1
* Temperature SN = 5081
* Conductivity SN = 3561
* Number of Bytes Per Scan = 37
* Number of Voltage Words = 4
* Number of Scans Averaged by the Deck Unit = 1
* NMEA Latitude = 43 28.22 N
* NMEA Longitude = 059 59.72 W
* NMEA UTC (Time) = Jul 13 2014 23:31:59
* NMEA baud rate = 9600
** Ship: Hudson
** Cruise: HUD2014017
** Chief_Scientist: Blair Greenan
** Organization: BIO
** Area_of_Operation: Sackville Spur
** Station: 060
** Sounding:  998
** Event_Comments: LC3 0
** Test of Windows 7
# nquan = 25
# nvalues = 252                         
# units = specified
# name 0 = scan: Scan Count
# name 1 = timeS: Time, Elapsed [seconds]
# name 2 = prDM: Pressure, Digiquartz [db]
# name 3 = t068C: Temperature [ITS-68, deg C]
# name 4 = c0S/m: Conductivity [S/m]
# name 5 = t168C: Temperature, 2 [ITS-68, deg C]
# name 6 = c1S/m: Conductivity, 2 [S/m]
# name 7 = altM: Altimeter [m]
# name 8 = flC: Fluorescence, Chelsea Aqua 3 Chl Con [ug/l]
# name 9 = sbeox0V: Oxygen raw, SBE 43 [V]
# name 10 = sbeox1V: Oxygen raw, SBE 43, 2 [V]
# name 11 = upoly0: Upoly 0, Optode 4330F - O2 D-Phase
# name 12 = upoly1: Upoly 1, Optode 4330F - O2 Temp
# name 13 = latitude: Latitude [deg]
# name 14 = longitude: Longitude [deg]
# name 15 = sal00: Salinity, Practical [PSU]
# name 16 = sal11: Salinity, Practical, 2 [PSU]
# name 17 = potemp068C: Potential Temperature [ITS-68, deg C]
# name 18 = potemp168C: Potential Temperature, 2 [ITS-68, deg C]
# name 19 = sigma-é00: Density [sigma-theta, Kg/m^3]
# name 20 = sigma-é11: Density, 2 [sigma-theta, Kg/m^3]
# name 21 = sbeox0ML/L: Oxygen, SBE 43 [ml/l], WS = 2
# name 22 = sbeox1ML/L: Oxygen, SBE 43, 2 [ml/l], WS = 2
# name 23 = nbin: number of scans per bin
# name 24 = flag: flag
# span 0 =      15342,      22858       
# span 1 =    639.213,    952.383       
# span 2 =      2.000,    253.000       
# span 3 =     3.7392,    16.1579       
# span 4 =   3.033566,   4.017626       
# span 5 =     3.7369,    16.1680       
# span 6 =   3.033010,   4.018028       
# span 7 =      16.07,     100.54       
# span 8 =     0.0123,     0.2997       
# span 9 =     1.9128,     3.5462       
# span 10 =     1.6580,     3.0539      
# span 11 =  28.400032,  39.811699      
# span 12 =  4.2493348,  15.853229      
# span 13 =   43.47282,   43.47385      
# span 14 =  -59.99706,  -59.99652      
# span 15 =    31.5732,    35.3321      
# span 16 =    31.5688,    35.3303      
# span 17 =     3.7354,    16.1574      
# span 18 =     3.7331,    16.1675      
# span 19 =    23.0791,    27.1995      
# span 20 =    23.0735,    27.1979      
# span 21 =    3.35554,    7.38676      
# span 22 =    3.17042,    7.26852      
# span 23 =         14,        179      
# span 24 = 0.0000e+00, 0.0000e+00      
# interval = decibars: 1                
# start_time = Jul 13 2014 23:31:59 [NMEA time, header]
# bad_flag = -9.990e-29
*END*
[from data line 232]
      20786    866.060    234.000    10.2291   3.867806    10.2295   3.867607      98.64     0.0175     1.9313     1.6764  38.928726  10.416522   43.47366  -59.99702    35.2726    35.2703    10.2014    10.2018    27.1305    27.1287    3.35554    3.17145         21 0.0000e+00
      20807    866.923    235.000    10.2185   3.866727    10.2165   3.866247      98.63     0.0229     1.9292     1.6746  38.989140  10.384360   43.47366  -59.99702    35.2715    35.2686    10.1907    10.1887    27.1316    27.1296    3.35662    3.17205         21 0.0000e+00
      20827    867.769    236.000    10.2053   3.865392    10.2036   3.864960      94.70     0.0239     1.9281     1.6730  39.019707  10.372921   43.47366  -59.99703    35.2703    35.2675    10.1774    10.1758    27.1329    27.1310    3.35973    3.17042         20 0.0000e+00
      20849    868.647    237.000    10.1836   3.863116    10.1828   3.862632      98.63     0.0223     1.9273     1.6718  39.084316  10.347736   43.47366  -59.99704    35.2677    35.2636    10.1556    10.1548    27.1347    27.1316    3.36246    3.17266         22 0.0000e+00
      20873    869.666    238.000    10.1119   3.855609    10.1155   3.855562      98.63     0.0244     1.9264     1.6709  39.107826  10.339096   43.47366  -59.99704    35.2605    35.2565    10.0839    10.0875    27.1414    27.1377    3.36218    3.17970         28 0.0000e+00
      20902    870.871    239.000    10.0691   3.851176    10.0689   3.850890      95.58     0.0233     1.9245     1.6705  39.163898  10.316312   43.47366  -59.99704    35.2564    35.2537    10.0411    10.0409    27.1456    27.1435    3.36126    3.18135         29 0.0000e+00
      20929    871.989    240.000    10.0448   3.848646    10.0445   3.848303      98.66     0.0217     1.9232     1.6691  39.230141  10.272707   43.47367  -59.99704    35.2537    35.2505    10.0167    10.0164    27.1477    27.1453    3.36437    3.17799         24 0.0000e+00
      20950    872.888    241.000     9.9903   3.842876     9.9908   3.842470      98.63     0.0165     1.9235     1.6690  39.283066  10.240325   43.47368  -59.99704    35.2473    35.2427     9.9622     9.9626    27.1521    27.1484    3.37626    3.19128         20 0.0000e+00
      20970    873.690    242.000     9.9428   3.837830     9.9433   3.837442      93.55     0.0208     1.9232     1.6695  39.305824  10.223068   43.47368  -59.99704    35.2415    35.2370     9.9147     9.9152    27.1556    27.1521    3.37649    3.20065         19 0.0000e+00
      20989    874.502    243.000     9.9056   3.833905     9.9057   3.833586      98.51     0.0248     1.9238     1.6706  39.375618  10.190042   43.47368  -59.99704    35.2371    35.2337     9.8774     9.8776    27.1586    27.1559    3.38608    3.20676         20 0.0000e+00
      21011    875.419    244.000     9.8920   3.832513     9.8917   3.832230      98.63     0.0257     1.9240     1.6713  39.378487  10.186863   43.47368  -59.99704    35.2356    35.2330     9.8637     9.8634    27.1598    27.1578    3.38088    3.20743         24 0.0000e+00
      21036    876.461    245.000     9.8533   3.828438     9.8532   3.827870      94.33     0.0225     1.9229     1.6716  39.436066  10.071704   43.47368  -59.99704    35.2311    35.2254     9.8250     9.8249    27.1628    27.1584    3.38122    3.20490         25 0.0000e+00
      21061    877.483    246.000     9.7583   3.818535     9.7581   3.818132      98.67     0.0225     1.9227     1.6704  39.437855  10.071168   43.47370  -59.99704    35.2216    35.2176     9.7300     9.7299    27.1715    27.1684    3.38516    3.20332         23 0.0000e+00
      21086    878.527    247.000     9.7080   3.813298     9.7079   3.812925      98.63     0.0216     1.9219     1.6696  39.495033  10.027499   43.47370  -59.99704    35.2164    35.2126     9.6797     9.6796    27.1759    27.1730    3.38929    3.21076         33 0.0000e+00
      21123    880.073    248.000     9.6732   3.809716     9.6721   3.809367      96.19     0.0217     1.9204     1.6686  39.533535  9.9525070   43.47370  -59.99704    35.2131    35.2105     9.6448     9.6438    27.1792    27.1774    3.38754    3.20933         44 0.0000e+00
      21184    882.642    249.000     9.6732   3.809799     9.6679   3.809071      96.80     0.0163     1.9206     1.6690  39.592701  9.8541975   43.47371  -59.99704    35.2134    35.2111     9.6448     9.6395    27.1795    27.1785    3.39646    3.21827         70 0.0000e+00
      21237    884.850    250.000     9.6333   3.805745     9.6330   3.805482      97.00     0.0170     1.9197     1.6681  39.633232  9.8278933   43.47372  -59.99704    35.2102    35.2078     9.6048     9.6045    27.1837    27.1819    3.38541    3.20886         38 0.0000e+00
      21292    887.126    251.000     9.5684   3.798981     9.5655   3.798461      97.38     0.0180     1.9178     1.6670  39.656517  9.7887125   43.47372  -59.99704    35.2034    35.2009     9.5399     9.5370    27.1892    27.1878    3.39288    3.21765         65 0.0000e+00
      21907    912.731    252.000     9.5023   3.792355     9.4979   3.791723      95.72     0.0176     1.9149     1.6620  39.779945  9.5997849   43.47379  -59.99704    35.1992    35.1970     9.4738     9.4695    27.1969    27.1959    3.39230    3.20832        169 0.0000e+00
      22858    952.383    253.000     9.4749   3.789541     9.4761   3.789483      95.36     0.0215     1.9128     1.6580  39.811699  9.5371094   43.47385  -59.99706    35.1966    35.1948     9.4462     9.4476    27.1995    27.1979    3.38926    3.20077        179 0.0000e+00
