data/CTD/2014/CNV/d017a014.cnv
* Sea-Bird SBE 9 Data File:
* FileName = C:\CTD_ACQUISITION\2014017HUD\ctddata\017A014.hdr
* Software Version Seasave V 7.22.2
* Temperature SN = 5081
* Conductivity SN = 3561
* Number of Bytes Per Scan = 37
* Number of Voltage Words = 4
* Number of Scans Averaged by the Deck Unit = 1
* NMEA Latitude = 52 56.40 N
* NMEA Longitude = 051 13.45 W
* NMEA UTC (Time) = Jul 04 2014 02:09:23
* NMEA baud rate = 9600
** Ship: Hudson
** Cruise: HUD2014017
** Chief_Scientist: Blair Greenan
** Organization: BIO
** Area_of_Operation: Sackville Spur
** Station: 014
** Sounding:  2230
** Event_Comments: K8, 403048
# nquan = 25
# nvalues = 2426                        
# units = specified
# name 0 = scan: Scan Count
# name 1 = timeS: Time, Elapsed [seconds]
# name 2 = prDM: Pressure, Digiquartz [db]
# name 3 = t068C: Temperature [ITS-68, deg C]
# name 4 = c0S/m: Conductivity [S/m]
# name 5 = t168C: Temperature, 2 [ITS-68, deg C]
# name 6 = c1S/m: Conductivity, 2 [S/m]
# name 7 = altM: Altimeter [m]
# name 8 = flC: Fluorescence, Chelsea Aqua 3 Chl Con [ug/l]
# name 9 = sbeox0V: Oxygen raw, SBE 43 [V]
# name 10 = sbeox1V: Oxygen raw, SBE 43, 2 [V]
# name 11 = upoly0: Upoly 0, Optode 4330F - O2 D-Phase
# name 12 = upoly1: Upoly 1, Optode 4330F - O2 Temp
# name 13 = latitude: Latitude [deg]
# name 14 = longitude: Longitude [deg]
# name 15 = sal00: Salinity, Practical [PSU]
# name 16 = sal11: Salinity, Practical, 2 [PSU]
# name 17 = potemp068C: Potential Temperature [ITS-68, deg C]
# name 18 = potemp168C: Potential Temperature, 2 [ITS-68, deg C]
# name 19 = sigma-é00: Density [sigma-theta, Kg/m^3]
# name 20 = sigma-é11: Density, 2 [sigma-theta, Kg/m^3]
# name 21 = sbeox0ML/L: Oxygen, SBE 43 [ml/l], WS = 2
# name 22 = sbeox1ML/L: Oxygen, SBE 43, 2 [ml/l], WS = 2
# name 23 = nbin: number of scans per bin
# name 24 = flag: flag
# span 0 =       5721,      67702       
# span 1 =    238.333,   2820.884       
# span 2 =      2.000,   2427.000       
# span 3 =     2.8602,     7.2559       
# span 4 =   3.191204,   3.426384       
# span 5 =     2.8590,     7.2330       
# span 6 =   3.191052,   3.426686       
# span 7 =       3.01,     117.15       
# span 8 =     0.0038,     0.2728       
# span 9 =     2.2154,     3.4772       
# span 10 =     1.9608,     3.0437      
# span 11 =  30.233047,  35.394714      
# span 12 =  2.7457743,  7.2443724      
# span 13 =   52.93918,   52.94004      
# span 14 =  -51.22315,  -51.21188      
# span 15 =    33.6191,    34.9159      
# span 16 =    33.6245,    34.9145      
# span 17 =     2.6700,     7.2557      
# span 18 =     2.6689,     7.2329      
# span 19 =    26.2961,    27.8446      
# span 20 =    26.3035,    27.8444      
# span 21 =    6.28963,    7.49874      
# span 22 =    6.27308,    7.51202      
# span 23 =         11,        107      
# span 24 = 0.0000e+00, 0.0000e+00      
# interval = decibars: 1                
# start_time = Jul 04 2014 02:09:23 [NMEA time, header]
# bad_flag = -9.990e-29
*END*
[from data line 1972]
      55285   2303.515   1974.000     3.0312   3.247173     3.0291   3.246941      86.03     0.0134     2.3203     2.0516  35.142857  3.0293040   52.93936  -51.21216    34.9129    34.9121     2.8806     2.8786    27.8267    27.8262    6.37953    6.35130         16 0.0000e+00
      55301   2304.165   1975.000     3.0272   3.246853     3.0280   3.246891      98.59     0.0101     2.3196     2.0515  35.142857  3.0293040   52.93936  -51.21216    34.9127    34.9123     2.8766     2.8774    27.8268    27.8264    6.38461    6.35654         15 0.0000e+00
      55318   2304.857   1976.000     3.0253   3.246743     3.0248   3.246631      98.63     0.0136     2.3201     2.0515  35.142857  3.0293040   52.93936  -51.21216    34.9129    34.9121     2.8746     2.8741    27.8272    27.8266    6.38684    6.35575         18 0.0000e+00
      55339   2305.729   1977.000     3.0236   3.246630     3.0226   3.246482      81.60     0.0157     2.3194     2.0512  35.152004  3.0214121   52.93936  -51.21215    34.9128    34.9121     2.8729     2.8719    27.8273    27.8268    6.38963    6.35439         26 0.0000e+00
      55383   2307.574   1978.000     3.0235   3.246641     3.0224   3.246496      71.25     0.0178     2.3195     2.0505  35.155319  3.0194905   52.93935  -51.21214    34.9126    34.9120     2.8727     2.8716    27.8271    27.8267    6.38709    6.35279         58 0.0000e+00
      55423   2309.268   1979.000     3.0232   3.246676     3.0221   3.246522      68.93     0.0149     2.3191     2.0504  35.153431  3.0190706   52.93934  -51.21214    34.9128    34.9121     2.8723     2.8712    27.8273    27.8269    6.38547    6.35566         22 0.0000e+00
      55442   2310.023   1980.000     3.0208   3.246509     3.0202   3.246383      88.86     0.0133     2.3184     2.0501  35.142826  3.0222588   52.93934  -51.21214    34.9129    34.9121     2.8699     2.8692    27.8276    27.8270    6.38340    6.35521         18 0.0000e+00
      55458   2310.708   1981.000     3.0205   3.246516     3.0194   3.246370      98.62     0.0164     2.3183     2.0501  35.142857  3.0201898   52.93934  -51.21214    34.9128    34.9122     2.8694     2.8684    27.8276    27.8272    6.39132    6.35953         15 0.0000e+00
      55474   2311.370   1982.000     3.0206   3.246567     3.0195   3.246425      98.64     0.0189     2.3187     2.0501  35.147545  3.0195203   52.93934  -51.21214    34.9129    34.9123     2.8694     2.8684    27.8276    27.8273    6.39398    6.36307         16 0.0000e+00
      55490   2312.051   1983.000     3.0205   3.246603     3.0193   3.246445      66.34     0.0195     2.3186     2.0504  35.155025  3.0195360   52.93934  -51.21214    34.9129    34.9123     2.8692     2.8681    27.8277    27.8273    6.38821    6.36213         17 0.0000e+00
      55508   2312.799   1984.000     3.0203   3.246619     3.0191   3.246462      96.62     0.0184     2.3180     2.0502  35.156025  3.0195360   52.93934  -51.21213    34.9128    34.9122     2.8690     2.8678    27.8276    27.8272    6.38777    6.35924         20 0.0000e+00
      55530   2313.726   1985.000     3.0200   3.246631     3.0191   3.246496      98.56     0.0161     2.3182     2.0501  35.156902  3.0116615   52.93934  -51.21212    34.9128    34.9121     2.8686     2.8677    27.8276    27.8272    6.39130    6.36321         26 0.0000e+00
      55567   2315.260   1986.000     3.0197   3.246633     3.0187   3.246489      86.50     0.0195     2.3177     2.0499  35.153225  3.0097992   52.93933  -51.21212    34.9126    34.9120     2.8682     2.8672    27.8276    27.8271    6.38674    6.35740         47 0.0000e+00
      55607   2316.911   1987.000     3.0197   3.246681     3.0187   3.246540      86.14     0.0226     2.3170     2.0494  35.150887  3.0097680   52.93932  -51.21210    34.9128    34.9122     2.8681     2.8671    27.8277    27.8273    6.38918    6.35592         27 0.0000e+00
      55630   2317.854   1988.000     3.0188   3.246647     3.0178   3.246495      50.80     0.0190     2.3173     2.0491  35.155510  3.0107179   52.93932  -51.21210    34.9128    34.9121     2.8671     2.8661    27.8278    27.8273    6.38756    6.35939         21 0.0000e+00
      55649   2318.673   1989.000     3.0185   3.246656     3.0175   3.246516      91.22     0.0190     2.3167     2.0493  35.155193  3.0113151   52.93932  -51.21210    34.9128    34.9121     2.8667     2.8658    27.8278    27.8273    6.38637    6.36444         19 0.0000e+00
      55669   2319.494   1990.000     3.0180   3.246660     3.0169   3.246505      98.58     0.0186     2.3169     2.0492  35.154720  3.0097790   52.93932  -51.21210    34.9129    34.9121     2.8661     2.8651    27.8279    27.8274    6.39127    6.36903         21 0.0000e+00
      55690   2320.380   1991.000     3.0179   3.246692     3.0168   3.246545      95.73     0.0194     2.3161     2.0497  35.157459  3.0097680   52.93932  -51.21210    34.9128    34.9122     2.8660     2.8649    27.8279    27.8275    6.38590    6.36919         22 0.0000e+00
      55712   2321.282   1992.000     3.0179   3.246728     3.0168   3.246579      73.12     0.0159     2.3168     2.0497  35.157509  3.0097680   52.93932  -51.21210    34.9128    34.9122     2.8659     2.8648    27.8279    27.8275    6.39190    6.36561         21 0.0000e+00
      55732   2322.129   1993.000     3.0177   3.246755     3.0167   3.246611      98.77     0.0138     2.3157     2.0494  35.155960  3.0097680   52.93932  -51.21210    34.9129    34.9122     2.8656     2.8646    27.8280    27.8276    6.37967    6.36106         19 0.0000e+00
      55751   2322.914   1994.000     3.0176   3.246794     3.0166   3.246640      98.63     0.0169     2.3157     2.0493  35.156734  3.0097680   52.93931  -51.21209    34.9129    34.9122     2.8654     2.8644    27.8280    27.8275    6.39022    6.35877         19 0.0000e+00
      55770   2323.724   1995.000     3.0180   3.246861     3.0162   3.246649      80.87     0.0150     2.3154     2.0488  35.157486  3.0097680   52.93930  -51.21208    34.9128    34.9122     2.8657     2.8640    27.8279    27.8276    6.38888    6.35258         21 0.0000e+00
      55798   2324.895   1996.000     3.0180   3.246892     3.0166   3.246722      57.00     0.0125     2.3152     2.0479  35.158421  3.0097680   52.93930  -51.21208    34.9127    34.9122     2.8656     2.8643    27.8278    27.8275    6.39034    6.35032         42 0.0000e+00
      55865   2327.652   1997.000     3.0172   3.246856     3.0160   3.246695      96.59     0.0170     2.3150     2.0473  35.159843  3.0097680   52.93930  -51.21208    34.9127    34.9120     2.8647     2.8635    27.8279    27.8275    6.38572    6.36940         51 0.0000e+00
      55883   2328.414   1998.000     3.0147   3.246700     3.0135   3.246535      80.12     0.0160     2.3141     2.0476  35.160267  3.0097680   52.93930  -51.21208    34.9129    34.9122     2.8622     2.8610    27.8284    27.8279    6.37594    6.36229         16 0.0000e+00
      55898   2329.023   1999.000     3.0150   3.246763     3.0137   3.246589      98.74     0.0140     2.3142     2.0476  35.159599  3.0097680   52.93930  -51.21208    34.9129    34.9122     2.8624     2.8611    27.8283    27.8278    6.38228    6.35773         14 0.0000e+00
      55911   2329.577   2000.000     3.0141   3.246717     3.0132   3.246581      93.37     0.0140     2.3135     2.0472  35.157532  3.0097680   52.93930  -51.21208    34.9129    34.9122     2.8614     2.8605    27.8284    27.8279    6.38888    6.35674         13 0.0000e+00
      55924   2330.123   2001.000     3.0140   3.246750     3.0130   3.246614      57.74     0.0171     2.3136     2.0470  35.156387  3.0097680   52.93930  -51.21208    34.9129    34.9123     2.8612     2.8602    27.8284    27.8280    6.39249    6.36041         13 0.0000e+00
      55938   2330.709   2002.000     3.0140   3.246787     3.0129   3.246642      96.22     0.0182     2.3137     2.0471  35.156532  3.0097680   52.93930  -51.21207    34.9129    34.9123     2.8611     2.8600    27.8284    27.8280    6.39181    6.36407         15 0.0000e+00
      55956   2331.452   2003.000     3.0124   3.246683     3.0114   3.246539      98.55     0.0188     2.3133     2.0469  35.156834  3.0041988   52.93930  -51.21206    34.9127    34.9121     2.8595     2.8585    27.8284    27.8280    6.38614    6.36441         22 0.0000e+00
      56003   2333.435   2004.000     3.0124   3.246706     3.0112   3.246552      94.74     0.0108     2.3131     2.0469  35.158108  2.9997804   52.93928  -51.21205    34.9125    34.9120     2.8593     2.8582    27.8283    27.8280    6.39207    6.36602         55 0.0000e+00
      56044   2335.116   2005.000     3.0116   3.246684     3.0107   3.246561      98.70     0.0077     2.3129     2.0468  35.158283  3.0010476   52.93928  -51.21204    34.9127    34.9121     2.8584     2.8641    27.8285    27.8281    6.38531    6.36285         19 0.0000e+00
      56060   2335.801   2006.000     3.0115   3.246714     3.0105   3.246590      63.59     0.0096     2.3125     2.0466  35.157520  3.0096347   52.93928  -51.21204    34.9127    34.9123     2.8582     2.8574    27.8285    27.8283    6.38429    6.35622         16 0.0000e+00
      56076   2336.443   2007.000     3.0113   3.246748     3.0101   3.246595      70.31     0.0127     2.3125     2.0462  35.157509  3.0097680   52.93928  -51.21204    34.9128    34.9122     2.8580     2.8644    27.8286    27.8282    6.38534    6.35428         15 0.0000e+00
      56091   2337.091   2008.000     3.0102   3.246688     3.0091   3.246548      98.06     0.0156     2.3117     2.0457  35.158405  3.0091698   52.93928  -51.21204    34.9128    34.9122     2.8568     2.8559    27.8287    27.8283    6.38828    6.36102         16 0.0000e+00
      56108   2337.798   2009.000     3.0094   3.246659     3.0084   3.246523      98.63     0.0150     2.3122     2.0458  35.159122  3.0001922   52.93928  -51.21204    34.9128    34.9122     2.8559     2.8549    27.8288    27.8284    6.39571    6.36919         18 0.0000e+00
      56128   2338.643   2010.000     3.0101   3.246753     3.0085   3.246572      82.73     0.0126     2.3117     2.0460  35.159412  3.0000000   52.93928  -51.21204    34.9127    34.9122     2.8565     2.8550    27.8287    27.8284    6.38763    6.36620         23 0.0000e+00
      56158   2339.877   2011.000     3.0104   3.246815     3.0089   3.246636      90.36     0.0172     2.3118     2.0454  35.160172  3.0000000   52.93928  -51.21203    34.9127    34.9120     2.8567     2.8553    27.8286    27.8283    6.39369    6.35629         38 0.0000e+00
      56198   2341.523   2012.000     3.0113   3.246936     3.0102   3.246789      87.19     0.0184     2.3112     2.0447  35.158264  3.0000000   52.93927  -51.21202    34.9126    34.9121     2.8575     2.8564    27.8285    27.8282    6.38351    6.35433         34 0.0000e+00
      56224   2342.626   2013.000     3.0102   3.246891     3.0097   3.246792      84.74     0.0140     2.3112     2.0440  35.158173  3.0000000   52.93926  -51.21202    34.9128    34.9122     2.8563     2.8558    27.8288    27.8283    6.39380    6.35798         22 0.0000e+00
      56243   2343.431   2014.000     3.0097   3.246893     3.0089   3.246764      96.77     0.0146     2.3108     2.0440  35.161552  3.0000000   52.93926  -51.21202    34.9128    34.9122     2.8558     2.8550    27.8288    27.8284    6.38021    6.35878         18 0.0000e+00
      56261   2344.162   2015.000     3.0088   3.246848     3.0080   3.246707      60.04     0.0161     2.3102     2.0437  35.160961  3.0000000   52.93926  -51.21202    34.9128    34.9120     2.8548     2.8540    27.8289    27.8283    6.38680    6.35869         17 0.0000e+00
      56279   2344.921   2016.000     3.0057   3.246615     3.0052   3.246515      97.90     0.0145     2.3104     2.0438  35.158298  3.0000000   52.93926  -51.21202    34.9128    34.9121     2.8517     2.8512    27.8292    27.8287    6.39168    6.36990         20 0.0000e+00
      56301   2345.835   2017.000     3.0041   3.246503     3.0027   3.246326      98.64     0.0139     2.3099     2.0441  35.159786  3.0000000   52.93926  -51.21201    34.9127    34.9120     2.8500     2.8486    27.8292    27.8288    6.39110    6.36815         25 0.0000e+00
      56329   2347.016   2018.000     3.0032   3.246465     3.0021   3.246316      73.92     0.0153     2.3099     2.0439  35.159527  2.9996583   52.93926  -51.21200    34.9127    34.9121     2.8490     2.8479    27.8293    27.8289    6.39240    6.36197         29 0.0000e+00
      56355   2348.096   2019.000     3.0033   3.246518     3.0021   3.246357      99.39     0.0146     2.3098     2.0435  35.162254  3.0000105   52.93926  -51.21200    34.9127    34.9121     2.8490     2.8478    27.8294    27.8290    6.39583    6.36031         22 0.0000e+00
      56375   2348.922   2020.000     3.0015   3.246401     3.0006   3.246263      98.63     0.0121     2.3099     2.0434  35.159809  2.9989653   52.93926  -51.21200    34.9127    34.9121     2.8472     2.8462    27.8295    27.8291    6.38733    6.36364         19 0.0000e+00
      56395   2349.738   2021.000     3.0012   3.246415     3.0002   3.246272      98.63     0.0139     2.3091     2.0432  35.161667  2.9990683   52.93926  -51.21199    34.9127    34.9121     2.8468     2.8457    27.8296    27.8292    6.38917    6.36089         21 0.0000e+00
      56427   2351.064   2022.000     3.0016   3.246473     3.0004   3.246323      88.12     0.0129     2.3092     2.0428  35.161243  2.9950037   52.93925  -51.21198    34.9126    34.9120     2.8470     2.8459    27.8294    27.8291    6.39272    6.36086         52 0.0000e+00
      56478   2353.194   2023.000     2.9999   3.246366     2.9990   3.246234      96.65     0.0135     2.3090     2.0423  35.160568  2.9904020   52.93926  -51.21198    34.9126    34.9120     2.8453     2.8444    27.8296    27.8292    6.39553    6.36040         28 0.0000e+00
      56494   2353.874   2024.000     2.9995   3.246384     2.9983   3.246227      98.70     0.0149     2.3089     2.0422  35.163052  2.9964509   52.93926  -51.21198    34.9127    34.9121     2.8448     2.8437    27.8298    27.8294    6.39818    6.36154         16 0.0000e+00
      56508   2354.467   2025.000     2.9996   3.246431     2.9983   3.246281      98.63     0.0180     2.3091     2.0421  35.162003  2.9939570   52.93926  -51.21198    34.9128    34.9122     2.8448     2.8436    27.8298    27.8295    6.39780    6.35798         13 0.0000e+00
      56521   2355.019   2026.000     2.9996   3.246482     2.9985   3.246332      56.21     0.0201     2.3086     2.0415  35.161697  2.9992845   52.93924  -51.21198    34.9129    34.9122     2.8447     2.8436    27.8299    27.8295    6.39551    6.35423         14 0.0000e+00
      56535   2355.574   2027.000     2.9997   3.246537     2.9986   3.246386      87.19     0.0228     2.3090     2.0416  35.166451  2.9911134   52.93924  -51.21198    34.9129    34.9122     2.8448     2.8437    27.8299    27.8295    6.39968    6.35548         13 0.0000e+00
      56549   2356.180   2028.000     2.9998   3.246573     2.9986   3.246423      98.49     0.0228     2.3088     2.0410  35.163048  2.9902415   52.93924  -51.21198    34.9127    34.9123     2.8448     2.8435    27.8297    27.8295    6.39501    6.35347         16 0.0000e+00
      56568   2356.972   2029.000     2.9999   3.246616     2.9987   3.246462      69.27     0.0188     2.3083     2.0407  35.160702  2.9902320   52.93924  -51.21196    34.9126    34.9121     2.8448     2.8436    27.8297    27.8294    6.37525    6.35293         24 0.0000e+00
