data/CTD/2014/CNV/d017a015.cnv
* Sea-Bird SBE 9 Data File:
* FileName = C:\CTD_ACQUISITION\2014017HUD\ctddata\017A015.hdr
* Software Version Seasave V 7.22.2
* Temperature SN = 5081
* Conductivity SN = 3561
* Number of Bytes Per Scan = 37
* Number of Voltage Words = 4
* Number of Scans Averaged by the Deck Unit = 1
* NMEA Latitude = 53 01.21 N
* NMEA Longitude = 051 02.46 W
* NMEA UTC (Time) = Jul 04 2014 04:48:08
* NMEA baud rate = 9600
** Ship: Hudson
** Cruise: HUD2014017
** Chief_Scientist: Blair Greenan
** Organization: BIO
** Area_of_Operation: Sackville Spur
** Station: 015
** Sounding:  2750
** Event_Comments: DSOW1, 403063
# nquan = 25
# nvalues = 2643                        
# units = specified
# name 0 = scan: Scan Count
# name 1 = timeS: Time, Elapsed [seconds]
# name 2 = prDM: Pressure, Digiquartz [db]
# name 3 = t068C: Temperature [ITS-68, deg C]
# name 4 = c0S/m: Conductivity [S/m]
# name 5 = t168C: Temperature, 2 [ITS-68, deg C]
# name 6 = c1S/m: Conductivity, 2 [S/m]
# name 7 = altM: Altimeter [m]
# name 8 = flC: Fluorescence, Chelsea Aqua 3 Chl Con [ug/l]
# name 9 = sbeox0V: Oxygen raw, SBE 43 [V]
# name 10 = sbeox1V: Oxygen raw, SBE 43, 2 [V]
# name 11 = upoly0: Upoly 0, Optode 4330F - O2 D-Phase
# name 12 = upoly1: Upoly 1, Optode 4330F - O2 Temp
# name 13 = latitude: Latitude [deg]
# name 14 = longitude: Longitude [deg]
# name 15 = sal00: Salinity, Practical [PSU]
# name 16 = sal11: Salinity, Practical, 2 [PSU]
# name 17 = potemp068C: Potential Temperature [ITS-68, deg C]
# name 18 = potemp168C: Potential Temperature, 2 [ITS-68, deg C]
# name 19 = sigma-é00: Density [sigma-theta, Kg/m^3]
# name 20 = sigma-é11: Density, 2 [sigma-theta, Kg/m^3]
# name 21 = sbeox0ML/L: Oxygen, SBE 43 [ml/l], WS = 2
# name 22 = sbeox1ML/L: Oxygen, SBE 43, 2 [ml/l], WS = 2
# name 23 = nbin: number of scans per bin
# name 24 = flag: flag
# span 0 =       5648,      73805       
# span 1 =    235.275,   3075.179       
# span 2 =      1.000,   2643.000       
# span 3 =     2.4602,     8.2322       
# span 4 =   3.187551,   3.574952       
# span 5 =     2.4596,     8.2319       
# span 6 =   3.187428,   3.574805       
# span 7 =       3.66,     108.19       
# span 8 =     0.0068,     0.4252       
# span 9 =     2.1744,     3.4413       
# span 10 =     1.9246,     3.0168      
# span 11 =  30.132141,  35.550064      
# span 12 =  2.4495606,  8.2729435      
# span 13 =   53.02060,   53.02220      
# span 14 =  -51.04146,  -51.03832      
# span 15 =    34.2743,    34.9172      
# span 16 =    34.2727,    34.9160      
# span 17 =     2.2639,     8.2316      
# span 18 =     2.2633,     8.2312      
# span 19 =    26.6694,    27.8741      
# span 20 =    26.6683,    27.8737      
# span 21 =    6.28123,    7.30496      
# span 22 =    6.26697,    7.28440      
# span 23 =          1,         94      
# span 24 = 0.0000e+00, 0.0000e+00      
# interval = decibars: 1                
# start_time = Jul 04 2014 04:48:08 [NMEA time, header]
# bad_flag = -9.990e-29
*END*
[from data line 1044]
      33748   1406.127   1045.000     3.4673   3.242142     3.4672   3.242024      99.19     0.0150     2.6888     2.3795  33.720520  3.4594874   53.02194  -51.04116    34.8536    34.8522     3.3915     3.3915    27.7312    27.7301    6.73352    6.76197         26 0.0000e+00
      33770   1407.050   1046.000     3.4662   3.242075     3.4661   3.241952      98.64     0.0134     2.6880     2.3795  33.713879  3.4689472   53.02194  -51.04116    34.8534    34.8521     3.3904     3.3902    27.7312    27.7301    6.73135    6.75525         21 0.0000e+00
      33790   1407.873   1047.000     3.4653   3.242021     3.4649   3.241880      69.46     0.0157     2.6881     2.3789  33.717743  3.4688644   53.02194  -51.04116    34.8532    34.8519     3.3894     3.3890    27.7311    27.7301    6.73654    6.74815         19 0.0000e+00
      33808   1408.641   1048.000     3.4642   3.241959     3.4640   3.241836      95.73     0.0180     2.6882     2.3782  33.715923  3.4629312   53.02194  -51.04116    34.8531    34.8519     3.3882     3.3880    27.7312    27.7302    6.72853    6.74733         18 0.0000e+00
      33827   1409.413   1049.000     3.4639   3.241974     3.4637   3.241849      98.62     0.0137     2.6870     2.3777  33.716213  3.4596260   53.02194  -51.04116    34.8531    34.8518     3.3879     3.3876    27.7312    27.7302    6.72612    6.75064         19 0.0000e+00
      33847   1410.243   1050.000     3.4635   3.241976     3.4633   3.241845      92.23     0.0156     2.6873     2.3776  33.716724  3.4614067   53.02194  -51.04118    34.8530    34.8517     3.3874     3.3872    27.7311    27.7301    6.73078    6.75497         21 0.0000e+00
      33870   1411.191   1051.000     3.4632   3.241993     3.4630   3.241869      49.32     0.0131     2.6865     2.3774  33.715767  3.4591379   53.02194  -51.04118    34.8530    34.8517     3.3870     3.3868    27.7312    27.7302    6.72564    6.75548         25 0.0000e+00
      33898   1412.395   1052.000     3.4633   3.242037     3.4630   3.241905      98.62     0.0129     2.6854     2.3774  33.715202  3.4590964   53.02194  -51.04118    34.8530    34.8516     3.3870     3.3868    27.7312    27.7301    6.72358    6.75845         32 0.0000e+00
      33930   1413.718   1053.000     3.4633   3.242082     3.4631   3.241960      77.66     0.0146     2.6853     2.3772  33.713764  3.4590964   53.02196  -51.04118    34.8529    34.8517     3.3870     3.3868    27.7311    27.7301    6.73519    6.75692         30 0.0000e+00
      33956   1414.810   1054.000     3.4634   3.242135     3.4631   3.242002      98.03     0.0119     2.6853     2.3773  33.720985  3.4590964   53.02196  -51.04118    34.8530    34.8516     3.3869     3.3867    27.7312    27.7301    6.73229    6.76502         24 0.0000e+00
      33980   1415.788   1055.000     3.4634   3.242191     3.4632   3.242058      98.63     0.0135     2.6856     2.3778  33.721607  3.4590964   53.02196  -51.04118    34.8531    34.8517     3.3869     3.3867    27.7313    27.7302    6.73729    6.76936         23 0.0000e+00
      34003   1416.756   1056.000     3.4635   3.242238     3.4633   3.242109      74.59     0.0156     2.6854     2.3780  33.719807  3.4590964   53.02196  -51.04118    34.8530    34.8517     3.3869     3.3867    27.7312    27.7302    6.73475    6.76165         24 0.0000e+00
      34028   1417.795   1057.000     3.4636   3.242283     3.4634   3.242162      96.18     0.0174     2.6850     2.3777  33.719917  3.4590964   53.02196  -51.04118    34.8530    34.8518     3.3869     3.3867    27.7312    27.7302    6.72710    6.76201         26 0.0000e+00
      34056   1418.938   1058.000     3.4636   3.242325     3.4634   3.242198      98.63     0.0123     2.6845     2.3774  33.718472  3.4590964   53.02196  -51.04118    34.8530    34.8517     3.3868     3.3866    27.7312    27.7302    6.73560    6.75822         28 0.0000e+00
      34081   1420.006   1059.000     3.4637   3.242379     3.4635   3.242261      70.16     0.0123     2.6850     2.3770  33.719707  3.4590964   53.02196  -51.04118    34.8530    34.8518     3.3868     3.3867    27.7312    27.7302    6.73326    6.76088         23 0.0000e+00
      34103   1420.901   1060.000     3.4639   3.242449     3.4637   3.242319      98.79     0.0155     2.6842     2.3770  33.721622  3.4590964   53.02197  -51.04118    34.8531    34.8518     3.3870     3.3867    27.7313    27.7302    6.72760    6.76129         20 0.0000e+00
      34122   1421.712   1061.000     3.4643   3.242538     3.4646   3.242462      59.63     0.0183     2.6840     2.3767  33.721611  3.4590964   53.02198  -51.04118    34.8531    34.8520     3.3873     3.3876    27.7312    27.7304    6.73602    6.76511         19 0.0000e+00
      34142   1422.546   1062.000     3.4675   3.242887     3.4674   3.242777      82.70     0.0185     2.6841     2.3771  33.729324  3.4590964   53.02198  -51.04118    34.8535    34.8523     3.3904     3.3903    27.7313    27.7303    6.73473    6.76895         21 0.0000e+00
      34165   1423.487   1063.000     3.4689   3.243082     3.4682   3.242894      84.00     0.0142     2.6837     2.3772  33.736938  3.4590964   53.02198  -51.04118    34.8538    34.8523     3.3917     3.3910    27.7314    27.7303    6.72798    6.76676         24 0.0000e+00
      34189   1424.488   1064.000     3.4681   3.243041     3.4672   3.242836      99.08     0.0145     2.6835     2.3771  33.728367  3.4590964   53.02198  -51.04118    34.8537    34.8522     3.3908     3.3899    27.7313    27.7302    6.73507    6.76149         23 0.0000e+00
      34211   1425.399   1065.000     3.4672   3.242999     3.4668   3.242848      91.51     0.0123     2.6831     2.3764  33.721428  3.4590964   53.02198  -51.04118    34.8536    34.8522     3.3899     3.3895    27.7314    27.7303    6.72663    6.75577         21 0.0000e+00
      34231   1426.260   1066.000     3.4681   3.243125     3.4675   3.242961      74.81     0.0130     2.6825     2.3760  33.721611  3.4590964   53.02198  -51.04118    34.8536    34.8523     3.3907     3.3901    27.7313    27.7303    6.73011    6.75952         22 0.0000e+00
      34256   1427.306   1067.000     3.4679   3.243136     3.4669   3.242921      96.71     0.0154     2.6823     2.3756  33.719925  3.4590964   53.02198  -51.04119    34.8535    34.8520     3.3904     3.3894    27.7312    27.7301    6.73152    6.75859         32 0.0000e+00
      34314   1429.722   1068.000     3.4660   3.242967     3.4661   3.242894      53.39     0.0174     2.6820     2.3749  33.714104  3.4590964   53.02198  -51.04120    34.8530    34.8519     3.3884     3.3886    27.7310    27.7302    6.73569    6.75784         59 0.0000e+00
      34344   1430.973   1069.000     3.4693   3.243373     3.4702   3.243342      99.42     0.0134     2.6820     2.3740  33.721748  3.4680750   53.02198  -51.04120    34.8538    34.8525     3.3916     3.3925    27.7313    27.7302    6.72992    6.75499         20 0.0000e+00
      34362   1431.711   1070.000     3.4663   3.243114     3.4666   3.243017      74.10     0.0108     2.6817     2.3740  33.721611  3.4682913   53.02198  -51.04120    34.8534    34.8519     3.3885     3.3888    27.7313    27.7302    6.72942    6.75613         17 0.0000e+00
      34378   1432.363   1071.000     3.4660   3.243132     3.4660   3.243028      69.61     0.0096     2.6810     2.3735  33.721611  3.4669354   53.02198  -51.04120    34.8534    34.8521     3.3882     3.3882    27.7314    27.7303    6.73001    6.75532         15 0.0000e+00
      34392   1432.960   1072.000     3.4660   3.243172     3.4662   3.243086      89.93     0.0116     2.6812     2.3734  33.721611  3.4643488   53.02200  -51.04120    34.8533    34.8521     3.3881     3.3882    27.7313    27.7304    6.73431    6.75816         13 0.0000e+00
      34406   1433.535   1073.000     3.4665   3.243259     3.4670   3.243222      98.85     0.0185     2.6814     2.3734  33.721611  3.4646862   53.02200  -51.04120    34.8534    34.8523     3.3885     3.3890    27.7313    27.7304    6.72824    6.75895         14 0.0000e+00
      34420   1434.142   1074.000     3.4671   3.243365     3.4673   3.243275      98.64     0.0178     2.6801     2.3731  33.721611  3.4651985   53.02198  -51.04122    34.8534    34.8522     3.3891     3.3892    27.7313    27.7304    6.72391    6.75914         16 0.0000e+00
      34439   1434.922   1075.000     3.4682   3.243512     3.4678   3.243365      71.10     0.0157     2.6800     2.3732  33.740940  3.4595160   53.02198  -51.04122    34.8535    34.8522     3.3900     3.3921    27.7313    27.7303    6.73006    6.76294         24 0.0000e+00
      34491   1437.085   1076.000     3.4695   3.243676     3.4684   3.243448      99.47     0.0144     2.6791     2.3729  33.725597  3.4590964   53.02199  -51.04122    34.8536    34.8521     3.3912     3.3896    27.7313    27.7301    6.72597    6.75640         55 0.0000e+00
      34520   1438.272   1077.000     3.4694   3.243727     3.4693   3.243614      70.41     0.0113     2.6785     2.3723  33.719761  3.4596794   53.02200  -51.04122    34.8538    34.8526     3.3910     3.3909    27.7315    27.7305    6.71832    6.75888         17 0.0000e+00
      34536   1438.979   1078.000     3.4700   3.243829     3.4697   3.243695      98.63     0.0108     2.6774     2.3723  33.719982  3.4688628   53.02201  -51.04122    34.8539    34.8526     3.3915     3.3913    27.7315    27.7304    6.72413    6.75980         18 0.0000e+00
      34554   1439.725   1079.000     3.4699   3.243871     3.4697   3.243740      92.17     0.0141     2.6783     2.3722  33.718575  3.4688644   53.02201  -51.04122    34.8540    34.8526     3.3914     3.3912    27.7315    27.7305    6.74207    6.75514         19 0.0000e+00
      34576   1440.646   1080.000     3.4699   3.243912     3.4697   3.243778      49.96     0.0165     2.6782     2.3714  33.731045  3.4634557   53.02200  -51.04122    34.8540    34.8525     3.3913     3.3911    27.7315    27.7304    6.72831    6.75154         27 0.0000e+00
      34617   1442.333   1081.000     3.4701   3.243958     3.4699   3.243833      99.92     0.0156     2.6772     2.3704  33.740112  3.4588819   53.02200  -51.04122    34.8538    34.8525     3.3914     3.3912    27.7314    27.7304    6.72520    6.74671         47 0.0000e+00
      34651   1443.744   1082.000     3.4701   3.244015     3.4699   3.243884      73.37     0.0142     2.6769     2.3693  33.743744  3.4590964   53.02200  -51.04122    34.8540    34.8526     3.3913     3.3911    27.7316    27.7305    6.73002    6.74725         22 0.0000e+00
      34669   1444.517   1083.000     3.4701   3.244068     3.4699   3.243944      86.60     0.0147     2.6769     2.3693  33.735229  3.4632030   53.02200  -51.04122    34.8541    34.8528     3.3913     3.3910    27.7316    27.7306    6.73192    6.75240         17 0.0000e+00
      34685   1445.181   1084.000     3.4703   3.244136     3.4700   3.244014      98.90     0.0145     2.6771     2.3689  33.729294  3.4689894   53.02200  -51.04122    34.8541    34.8530     3.3914     3.3911    27.7316    27.7308    6.73385    6.75053         15 0.0000e+00
      34701   1445.819   1085.000     3.4705   3.244195     3.4702   3.244084      98.63     0.0181     2.6769     2.3688  33.728931  3.4688644   53.02200  -51.04123    34.8541    34.8531     3.3915     3.3912    27.7316    27.7309    6.72463    6.75124         16 0.0000e+00
      34717   1446.500   1086.000     3.4705   3.244242     3.4703   3.244122      84.67     0.0193     2.6759     2.3686  33.731308  3.4641254   53.02200  -51.04124    34.8542    34.8530     3.3914     3.3912    27.7317    27.7308    6.72264    6.75229         18 0.0000e+00
      34738   1447.384   1087.000     3.4706   3.244288     3.4704   3.244161      65.44     0.0187     2.6761     2.3686  33.732262  3.4593830   53.02200  -51.04124    34.8541    34.8528     3.3914     3.3935    27.7317    27.7307    6.73188    6.75310         26 0.0000e+00
      34771   1448.759   1088.000     3.4706   3.244328     3.4702   3.244190      63.67     0.0168     2.6757     2.3681  33.740101  3.4590964   53.02200  -51.04124    34.8541    34.8528     3.3913     3.3909    27.7316    27.7307    6.72611    6.75257         36 0.0000e+00
      34802   1450.039   1089.000     3.4705   3.244363     3.4702   3.244232      70.16     0.0159     2.6747     2.3682  33.743851  3.4598184   53.02200  -51.04124    34.8541    34.8529     3.3912     3.3909    27.7316    27.7307    6.72178    6.75298         27 0.0000e+00
      34829   1451.160   1090.000     3.4706   3.244417     3.4703   3.244284      87.04     0.0182     2.6749     2.3675  33.742065  3.4645610   53.02200  -51.04124    34.8541    34.8528     3.3912     3.3931    27.7317    27.7307    6.73511    6.74642         28 0.0000e+00
      34858   1452.371   1091.000     3.4710   3.244498     3.4707   3.244373      86.07     0.0166     2.6748     2.3670  33.738800  3.4634795   53.02200  -51.04126    34.8541    34.8530     3.3915     3.3912    27.7317    27.7308    6.72966    6.74691         29 0.0000e+00
      34885   1453.488   1092.000     3.4714   3.244586     3.4711   3.244460      81.30     0.0154     2.6743     2.3664  33.739319  3.4643943   53.02202  -51.04126    34.8543    34.8531     3.3918     3.3915    27.7317    27.7308    6.72368    6.74824         24 0.0000e+00
      34907   1454.420   1093.000     3.4717   3.244670     3.4714   3.244542      98.69     0.0181     2.6740     2.3663  33.746758  3.4670134   53.02202  -51.04126    34.8544    34.8532     3.3921     3.3918    27.7318    27.7309    6.72610    6.75006         21 0.0000e+00
      34927   1455.266   1094.000     3.4721   3.244750     3.4718   3.244626      97.48     0.0159     2.6736     2.3662  33.750164  3.4644825   53.02202  -51.04126    34.8544    34.8533     3.3924     3.3921    27.7318    27.7309    6.72656    6.75108         20 0.0000e+00
      34948   1456.113   1095.000     3.4721   3.244787     3.4718   3.244666      62.54     0.0137     2.6735     2.3660  33.750904  3.4646752   53.02202  -51.04126    34.8544    34.8532     3.3922     3.3920    27.7318    27.7309    6.72959    6.75358         21 0.0000e+00
      34969   1457.006   1096.000     3.4721   3.244838     3.4718   3.244705      98.03     0.0129     2.6730     2.3660  33.743053  3.4622447   53.02202  -51.04126    34.8545    34.8532     3.3922     3.3919    27.7318    27.7308    6.72339    6.74998         22 0.0000e+00
      34992   1457.961   1097.000     3.4722   3.244884     3.4719   3.244758      98.64     0.0151     2.6726     2.3657  33.743912  3.4620688   53.02202  -51.04126    34.8544    34.8532     3.3922     3.3919    27.7318    27.7309    6.71573    6.74730         23 0.0000e+00
      35015   1458.935   1098.000     3.4721   3.244921     3.4719   3.244794      59.20     0.0163     2.6714     2.3652  33.744808  3.4635699   53.02202  -51.04127    34.8544    34.8532     3.3921     3.3918    27.7318    27.7308    6.72810    6.74931         24 0.0000e+00
      35039   1459.907   1099.000     3.4719   3.244944     3.4717   3.244821      98.28     0.0174     2.6720     2.3652  33.743916  3.4620848   53.02202  -51.04128    34.8544    34.8531     3.3918     3.3916    27.7318    27.7309    6.73751    6.75071         23 0.0000e+00
      35063   1460.920   1100.000     3.4719   3.244982     3.4716   3.244854      98.64     0.0123     2.6723     2.3648  33.744148  3.4646873   53.02202  -51.04128    34.8544    34.8531     3.3917     3.3914    27.7318    27.7308    6.72248    6.74375         26 0.0000e+00
      35090   1462.053   1101.000     3.4727   3.245108     3.4724   3.244986      69.76     0.0137     2.6709     2.3638  33.744114  3.4664080   53.02202  -51.04128    34.8545    34.8533     3.3923     3.3921    27.7319    27.7310    6.72039    6.73963         28 0.0000e+00
