data/CTD/2014/CNV/d017a019.cnv
* Sea-Bird SBE 9 Data File:
* FileName = C:\CTD_ACQUISITION\2014017HUD\ctddata\017A019.hdr
* Software Version Seasave V 7.22.2
* Temperature SN = 5081
* Conductivity SN = 3561
* Number of Bytes Per Scan = 37
* Number of Voltage Words = 4
* Number of Scans Averaged by the Deck Unit = 1
* NMEA Latitude = 53 09.00 N
* NMEA Longitude = 050 44.34 W
* NMEA UTC (Time) = Jul 04 2014 21:31:06
* NMEA baud rate = 9600
** Ship: Hudson
** Cruise: HUD2014017
** Chief_Scientist: Blair Greenan
** Organization: BIO
** Area_of_Operation: Sackville Spur
** Station: 019
** Sounding:  2518
** Event_Comments: K9, 403089
# nquan = 25
# nvalues = 3073                        
# units = specified
# name 0 = scan: Scan Count
# name 1 = timeS: Time, Elapsed [seconds]
# name 2 = prDM: Pressure, Digiquartz [db]
# name 3 = t068C: Temperature [ITS-68, deg C]
# name 4 = c0S/m: Conductivity [S/m]
# name 5 = t168C: Temperature, 2 [ITS-68, deg C]
# name 6 = c1S/m: Conductivity, 2 [S/m]
# name 7 = altM: Altimeter [m]
# name 8 = flC: Fluorescence, Chelsea Aqua 3 Chl Con [ug/l]
# name 9 = sbeox0V: Oxygen raw, SBE 43 [V]
# name 10 = sbeox1V: Oxygen raw, SBE 43, 2 [V]
# name 11 = upoly0: Upoly 0, Optode 4330F - O2 D-Phase
# name 12 = upoly1: Upoly 1, Optode 4330F - O2 Temp
# name 13 = latitude: Latitude [deg]
# name 14 = longitude: Longitude [deg]
# name 15 = sal00: Salinity, Practical [PSU]
# name 16 = sal11: Salinity, Practical, 2 [PSU]
# name 17 = potemp068C: Potential Temperature [ITS-68, deg C]
# name 18 = potemp168C: Potential Temperature, 2 [ITS-68, deg C]
# name 19 = sigma-é00: Density [sigma-theta, Kg/m^3]
# name 20 = sigma-é11: Density, 2 [sigma-theta, Kg/m^3]
# name 21 = sbeox0ML/L: Oxygen, SBE 43 [ml/l], WS = 2
# name 22 = sbeox1ML/L: Oxygen, SBE 43, 2 [ml/l], WS = 2
# name 23 = nbin: number of scans per bin
# name 24 = flag: flag
# span 0 =       4773,      80405       
# span 1 =    198.825,   3350.183       
# span 2 =      1.000,   3073.000       
# span 3 =     1.8685,     8.8706       
# span 4 =   3.184416,   3.651466       
# span 5 =     1.8676,     8.8695       
# span 6 =   3.184345,   3.651386       
# span 7 =       0.51,     107.72       
# span 8 =     0.0041,     0.2655       
# span 9 =     2.1184,     3.4370       
# span 10 =     1.8766,     3.0100      
# span 11 =  29.995941,  35.587673      
# span 12 =  1.8560565,  8.8777218      
# span 13 =   53.15040,   53.15234      
# span 14 =  -50.73865,  -50.73314      
# span 15 =    34.4614,    34.9149      
# span 16 =    34.4613,    34.9144      
# span 17 =     1.6392,     8.8699      
# span 18 =     1.6382,     8.8690      
# span 19 =    26.7174,    27.9149      
# span 20 =    26.7175,    27.9153      
# span 21 =    6.23740,    7.29173      
# span 22 =    6.20871,    7.28733      
# span 23 =          9,         89      
# span 24 = 0.0000e+00, 0.0000e+00      
# interval = decibars: 1                
# start_time = Jul 04 2014 21:31:06 [NMEA time, header]
# bad_flag = -9.990e-29
*END*
[from data line 58]
       7287    303.598     59.000     3.9957   3.231274     4.0036   3.231938      94.79     0.0866     3.1727     2.7890  31.890661  4.2925897   53.15066  -50.73858    34.6863    34.6856     3.9916     3.9996    27.5376    27.5362    7.12628    7.14844         85 0.0000e+00
       7348    306.120     60.000     3.9709   3.229348     3.9771   3.229671      98.86     0.0913     3.1677     2.7856  31.956305  4.2301855   53.15066  -50.73858    34.6890    34.6863     3.9668     3.9730    27.5423    27.5396    7.10896    7.12315         30 0.0000e+00
       7371    307.084     61.000     3.9249   3.225516     3.9217   3.225067      98.63     0.0880     3.1635     2.7809  31.978046  4.2503219   53.15066  -50.73856    34.6916    34.6897     3.9208     3.9175    27.5491    27.5480    7.10686    7.11736         23 0.0000e+00
       7398    308.201     62.000     3.9063   3.224020     3.9059   3.223761      98.64     0.0770     3.1603     2.7786  32.009651  4.2056975   53.15068  -50.73857    34.6923    34.6904     3.9021     3.9018    27.5516    27.5502    7.11270    7.12652         34 0.0000e+00
       7461    310.843     63.000     3.8945   3.222945     3.8941   3.222894      85.57     0.0726     3.1542     2.7741  32.068928  4.0896230   53.15067  -50.73856    34.6921    34.6919     3.8903     3.8898    27.5527    27.5526    7.10330    7.12444         83 0.0000e+00
       7518    313.212     64.000     3.8052   3.215616     3.8097   3.215708      99.08     0.0792     3.1511     2.7718  32.096291  4.0939622   53.15068  -50.73856    34.6988    34.6951     3.8009     3.8054    27.5672    27.5638    7.12093    7.13697         33 0.0000e+00
       7546    314.358     65.000     3.7664   3.212368     3.7659   3.212224      98.64     0.0696     3.1498     2.7707  32.132561  4.0578265   53.15068  -50.73856    34.7007    34.6994     3.7620     3.7616    27.5726    27.5717    7.11661    7.14134         26 0.0000e+00
       7573    315.496     66.000     3.7605   3.211913     3.7611   3.211860      97.08     0.0556     3.1475     2.7691  32.181217  4.0080810   53.15069  -50.73855    34.7010    34.6996     3.7561     3.7567    27.5735    27.5723    7.11212    7.13231         31 0.0000e+00
       7642    318.368     67.000     3.7621   3.212132     3.7627   3.212099      83.28     0.0500     3.1439     2.7652  32.228893  3.9146168   53.15069  -50.73855    34.7013    34.7006     3.7576     3.7583    27.5736    27.5730    7.11499    7.12988         76 0.0000e+00
       7700    320.771     68.000     3.7507   3.211264     3.7495   3.211064      99.12     0.0494     3.1430     2.7649  32.264412  3.9239523   53.15070  -50.73854    34.7025    34.7013     3.7461     3.7450    27.5757    27.5749    7.11559    7.13118         26 0.0000e+00
       7722    321.711     69.000     3.7354   3.209984     3.7350   3.209839      98.64     0.0501     3.1413     2.7632  32.271080  3.9305251   53.15070  -50.73853    34.7029    34.7016     3.7308     3.7304    27.5776    27.5766    7.10311    7.11590         23 0.0000e+00
       7747    322.753     70.000     3.7165   3.208439     3.7169   3.208369      59.85     0.0494     3.1396     2.7604  32.293465  3.8793473   53.15070  -50.73852    34.7040    34.7027     3.7118     3.7123    27.5803    27.5792    7.09849    7.10808         29 0.0000e+00
       7801    324.979     71.000     3.6969   3.206874     3.7017   3.207215      94.20     0.0421     3.1349     2.7569  32.319477  3.8404548   53.15070  -50.73853    34.7054    34.7045     3.6922     3.6970    27.5834    27.5822    7.09517    7.11478         89 0.0000e+00
       7876    328.107     72.000     3.6961   3.206913     3.6904   3.206228      98.03     0.0390     3.1294     2.7526  32.340603  3.8090115   53.15071  -50.73852    34.7062    34.7041     3.6914     3.6856    27.5842    27.5830    7.07109    7.08160         35 0.0000e+00
       7899    329.080     73.000     3.6523   3.203490     3.6513   3.203285      52.29     0.0422     3.1259     2.7500  32.368855  3.8010058   53.15072  -50.73852    34.7113    34.7099     3.6475     3.6465    27.5926    27.5916    7.06860    7.09623         25 0.0000e+00
       7931    330.406     74.000     3.6191   3.200861     3.6177   3.200651      93.71     0.0375     3.1227     2.7474  32.382244  3.7766745   53.15072  -50.73851    34.7146    34.7136     3.6142     3.6128    27.5985    27.5978    7.07520    7.09575         46 0.0000e+00
       8010    333.695     75.000     3.6043   3.199750     3.6132   3.200423      98.64     0.0337     3.1178     2.7437  32.418404  3.7179503   53.15072  -50.73851    34.7164    34.7143     3.5994     3.6085    27.6015    27.5989    7.07348    7.10175         68 0.0000e+00
       8037    334.813     76.000     3.5288   3.193908     3.5277   3.193695      59.38     0.0356     3.1155     2.7433  32.417667  3.7307320   53.15073  -50.73850    34.7262    34.7248     3.5238     3.5227    27.6167    27.6157    7.07116    7.09925         21 0.0000e+00
       8056    335.631     77.000     3.5201   3.193228     3.5199   3.193113      79.09     0.0341     3.1137     2.7410  32.418304  3.7325690   53.15073  -50.73849    34.7267    34.7256     3.5151     3.5149    27.6180    27.6171    7.07322    7.09382         20 0.0000e+00
       8085    336.820     78.000     3.5157   3.192909     3.5150   3.192780      96.06     0.0306     3.1117     2.7387  32.461487  3.6659355   53.15072  -50.73848    34.7270    34.7262     3.5107     3.5099    27.6187    27.6181    7.07175    7.08579         42 0.0000e+00
       8195    341.403     79.000     3.5304   3.194178     3.5292   3.193990      98.64     0.0228     3.1043     2.7312  32.517193  3.6229341   53.15072  -50.73848    34.7260    34.7249     3.5253     3.5242    27.6165    27.6157    7.05331    7.06975         28 0.0000e+00
       8212    342.112     80.000     3.4977   3.191663     3.4975   3.191570      98.64     0.0253     3.1037     2.7307  32.517982  3.6236756   53.15074  -50.73848    34.7302    34.7293     3.4925     3.4923    27.6230    27.6223    7.05723    7.08080         20 0.0000e+00
       8233    342.983     81.000     3.4912   3.191191     3.4910   3.191108      98.64     0.0238     3.1023     2.7303  32.538219  3.6059654   53.15074  -50.73848    34.7309    34.7301     3.4860     3.4858    27.6242    27.6235    7.06188    7.08045         23 0.0000e+00
       8265    344.352     82.000     3.4792   3.190322     3.4790   3.190238      98.53     0.0240     3.1016     2.7289  32.550632  3.5817726   53.15074  -50.73848    34.7327    34.7318     3.4739     3.4737    27.6268    27.6261    7.06201    7.07786         51 0.0000e+00
       8347    347.754     83.000     3.4790   3.190356     3.4780   3.190244      89.33     0.0193     3.0965     2.7249  32.588631  3.5458972   53.15076  -50.73847    34.7328    34.7325     3.4736     3.4726    27.6269    27.6268    7.03429    7.05885         76 0.0000e+00
       8388    349.456     84.000     3.4691   3.189678     3.4687   3.189581      98.77     0.0207     3.0924     2.7219  32.575329  3.5668051   53.15076  -50.73846    34.7346    34.7339     3.4637     3.4632    27.6293    27.6288    7.03457    7.05495         31 0.0000e+00
       8418    350.713     85.000     3.4639   3.189338     3.4636   3.189260      98.64     0.0240     3.0910     2.7206  32.609024  3.5460372   53.15076  -50.73846    34.7355    34.7349     3.4584     3.4581    27.6306    27.6301    7.03160    7.05464         32 0.0000e+00
       8467    352.746     86.000     3.4508   3.188399     3.4503   3.188312      81.05     0.0256     3.0881     2.7189  32.629078  3.5257916   53.15076  -50.73846    34.7377    34.7371     3.4452     3.4447    27.6336    27.6332    7.02979    7.06078         69 0.0000e+00
       8521    355.003     87.000     3.4440   3.187980     3.4437   3.187907      99.40     0.0208     3.0857     2.7182  32.650967  3.5174041   53.15076  -50.73845    34.7392    34.7387     3.4384     3.4381    27.6355    27.6351    7.03034    7.05218         31 0.0000e+00
       8547    356.094     88.000     3.4426   3.187921     3.4425   3.187869      98.61     0.0243     3.0853     2.7169  32.655666  3.5138285   53.15076  -50.73844    34.7396    34.7391     3.4369     3.4368    27.6359    27.6355    7.03028    7.05514         27 0.0000e+00
       8592    357.965     89.000     3.4413   3.187887     3.4412   3.187832      98.62     0.0255     3.0839     2.7168  32.677517  3.4954131   53.15076  -50.73844    34.7399    34.7394     3.4356     3.4355    27.6363    27.6359    7.03019    7.06190         67 0.0000e+00
       8646    360.216     90.000     3.4398   3.187853     3.4394   3.187790      98.64     0.0253     3.0831     2.7168  32.689186  3.4897950   53.15076  -50.73844    34.7406    34.7403     3.4340     3.4336    27.6370    27.6368    7.03266    7.05786         30 0.0000e+00
       8672    361.311     91.000     3.4395   3.187886     3.4391   3.187828      98.64     0.0249     3.0826     2.7158  32.709854  3.4978845   53.15078  -50.73842    34.7408    34.7405     3.4336     3.4332    27.6372    27.6370    7.02541    7.05256         30 0.0000e+00
       8744    364.289     92.000     3.4412   3.188071     3.4417   3.188069      98.51     0.0252     3.0803     2.7130  32.712467  3.4813619   53.15078  -50.73843    34.7407    34.7401     3.4352     3.4359    27.6369    27.6364    7.01657    7.04439         52 0.0000e+00
       8797    366.487     93.000     3.4385   3.187934     3.4387   3.187904      98.64     0.0239     3.0779     2.7110  32.726315  3.4820082   53.15078  -50.73842    34.7413    34.7408     3.4325     3.4327    27.6377    27.6373    7.00708    7.04340         23 0.0000e+00
       8817    367.352     94.000     3.4370   3.187883     3.4369   3.187838      98.63     0.0207     3.0763     2.7107  32.739594  3.4865911   53.15078  -50.73842    34.7417    34.7413     3.4310     3.4309    27.6382    27.6378    7.00959    7.03961         23 0.0000e+00
       8849    368.684     95.000     3.4370   3.187924     3.4369   3.187876      98.64     0.0222     3.0758     2.7095  32.739925  3.4710965   53.15078  -50.73841    34.7417    34.7412     3.4309     3.4307    27.6382    27.6378    7.01282    7.04003         48 0.0000e+00
       8918    371.526     96.000     3.4372   3.187986     3.4370   3.187940      83.28     0.0186     3.0742     2.7094  32.749153  3.4632671   53.15078  -50.73840    34.7417    34.7413     3.4310     3.4308    27.6382    27.6379    7.01437    7.04059         59 0.0000e+00
       8949    372.845     97.000     3.4367   3.188006     3.4365   3.187954      98.75     0.0152     3.0748     2.7079  32.766521  3.4764128   53.15079  -50.73840    34.7419    34.7414     3.4304     3.4303    27.6384    27.6380    7.01634    7.03168         24 0.0000e+00
       8972    373.782     98.000     3.4359   3.187994     3.4358   3.187944      98.48     0.0155     3.0742     2.7069  32.767937  3.4786084   53.15080  -50.73840    34.7421    34.7415     3.4295     3.4295    27.6386    27.6382    7.00852    7.02824         23 0.0000e+00
       9013    375.490     99.000     3.4355   3.188011     3.4352   3.187955      98.44     0.0176     3.0724     2.7052  32.772697  3.4643288   53.15080  -50.73840    34.7421    34.7417     3.4291     3.4288    27.6387    27.6384    7.00286    7.02487         40 0.0000e+00
       9107    379.416    100.000     3.4354   3.188065     3.4352   3.188012      98.26     0.0200     3.0686     2.7023  32.793991  3.4689484   53.15080  -50.73838    34.7424    34.7419     3.4289     3.4287    27.6389    27.6386    6.99308    7.02297         18 0.0000e+00
       9123    380.085    101.000     3.4316   3.187834     3.4315   3.187772      98.14     0.0221     3.0682     2.7023  32.794445  3.4683356   53.15080  -50.73838    34.7430    34.7424     3.4251     3.4250    27.6398    27.6393    6.99795    7.02705         18 0.0000e+00
       9145    381.012    102.000     3.4286   3.187648     3.4287   3.187602      98.28     0.0203     3.0676     2.7022  32.798161  3.4599435   53.15080  -50.73838    34.7435    34.7429     3.4220     3.4221    27.6404    27.6400    6.99624    7.02605         30 0.0000e+00
       9227    384.410    103.000     3.4296   3.187770     3.4297   3.187720      66.71     0.0232     3.0651     2.6996  32.809071  3.4522800   53.15082  -50.73838    34.7433    34.7426     3.4230     3.4231    27.6402    27.6397    6.98314    7.00725         56 0.0000e+00
       9266    386.026    104.000     3.4187   3.186914     3.4183   3.186833      97.98     0.0227     3.0612     2.6977  32.806576  3.4590535   53.15082  -50.73837    34.7442    34.7434     3.4119     3.4116    27.6420    27.6414    6.97033    7.01174         31 0.0000e+00
       9302    387.562    105.000     3.4170   3.186849     3.4170   3.186821      93.64     0.0240     3.0598     2.6973  32.836899  3.4590964   53.15082  -50.73836    34.7446    34.7443     3.4102     3.4102    27.6425    27.6422    6.98405    7.01608         42 0.0000e+00
       9339    389.073    106.000     3.4181   3.187038     3.4181   3.187027      98.07     0.0216     3.0594     2.6967  32.841045  3.4400103   53.15082  -50.73836    34.7452    34.7450     3.4112     3.4112    27.6428    27.6428    6.98017    7.00642         31 0.0000e+00
       9393    391.328    107.000     3.4200   3.187449     3.4197   3.187423      97.54     0.0215     3.0575     2.6943  32.847733  3.4383955   53.15082  -50.73836    34.7475    34.7475     3.4131     3.4128    27.6446    27.6446    6.97564    6.99695         49 0.0000e+00
       9466    394.392    108.000     3.4203   3.187671     3.4200   3.187678      98.70     0.0164     3.0551     2.6936  32.853798  3.4406610   53.15084  -50.73836    34.7493    34.7497     3.4133     3.4130    27.6460    27.6463    6.97448    7.00238         20 0.0000e+00
       9481    394.992    109.000     3.4255   3.188633     3.4252   3.188609      89.09     0.0162     3.0552     2.6928  32.857208  3.4426489   53.15084  -50.73836    34.7549    34.7548     3.4184     3.4182    27.6499    27.6499    6.97516    6.99081         16 0.0000e+00
       9497    395.653    110.000     3.4172   3.188325     3.4175   3.188240      56.92     0.0191     3.0549     2.6918  32.857143  3.4413099   53.15084  -50.73836    34.7595    34.7581     3.4101     3.4104    27.6544    27.6532    6.97284    6.99227         17 0.0000e+00
       9525    396.819    111.000     3.4114   3.187919     3.4110   3.187837      92.49     0.0171     3.0543     2.6910  32.857914  3.4369071   53.15084  -50.73836    34.7602    34.7597     3.4043     3.4038    27.6555    27.6551    6.97168    6.99664         34 0.0000e+00
       9640    401.612    112.000     3.4196   3.188452     3.4185   3.188351      97.40     0.0165     3.0530     2.6896  32.871002  3.4395657   53.15084  -50.73836    34.7573    34.7572     3.4124     3.4113    27.6524    27.6524    6.97416    6.99502         18 0.0000e+00
       9658    402.355    113.000     3.4095   3.187735     3.4103   3.187723      93.69     0.0155     3.0530     2.6894  32.877506  3.4379296   53.15084  -50.73836    34.7592    34.7581     3.4019     3.4034    27.6550    27.6540    6.97645    6.99957         18 0.0000e+00
       9679    403.232    114.000     3.4057   3.187413     3.4057   3.187388      39.61     0.0172     3.0529     2.6892  32.886070  3.4322948   53.15084  -50.73836    34.7586    34.7582     3.3983     3.3983    27.6548    27.6545    6.97696    6.99638         26 0.0000e+00
       9728    405.278    115.000     3.4067   3.187549     3.4066   3.187519      88.59     0.0191     3.0521     2.6886  32.895603  3.4200122   53.15085  -50.73835    34.7586    34.7583     3.3992     3.3991    27.6547    27.6545    6.97372    6.99618         80 0.0000e+00
