data/CTD/2014/CNV/d017a054.cnv
* Sea-Bird SBE 9 Data File:
* FileName = C:\CTD_ACQUISITION\2014017HUD\ctddata\017A054.hdr
* Software Version Seasave V 7.22.2
* Temperature SN = 5081
* Conductivity SN = 3561
* Number of Bytes Per Scan = 37
* Number of Voltage Words = 4
* Number of Scans Averaged by the Deck Unit = 1
* NMEA Latitude = 43 42.54 N
* NMEA Longitude = 059 07.81 W
* NMEA UTC (Time) = Jul 13 2014 09:50:24
* NMEA baud rate = 9600
** Ship: Hudson
** Cruise: HUD2014017
** Chief_Scientist: Blair Greenan
** Organization: BIO
** Area_of_Operation: Sackville Spur
** Station: 054
** Sounding:  245
** Event_Comments: LC1
# nquan = 25
# nvalues = 244                         
# units = specified
# name 0 = scan: Scan Count
# name 1 = timeS: Time, Elapsed [seconds]
# name 2 = prDM: Pressure, Digiquartz [db]
# name 3 = t068C: Temperature [ITS-68, deg C]
# name 4 = c0S/m: Conductivity [S/m]
# name 5 = t168C: Temperature, 2 [ITS-68, deg C]
# name 6 = c1S/m: Conductivity, 2 [S/m]
# name 7 = altM: Altimeter [m]
# name 8 = flC: Fluorescence, Chelsea Aqua 3 Chl Con [ug/l]
# name 9 = sbeox0V: Oxygen raw, SBE 43 [V]
# name 10 = sbeox1V: Oxygen raw, SBE 43, 2 [V]
# name 11 = upoly0: Upoly 0, Optode 4330F - O2 D-Phase
# name 12 = upoly1: Upoly 1, Optode 4330F - O2 Temp
# name 13 = latitude: Latitude [deg]
# name 14 = longitude: Longitude [deg]
# name 15 = sal00: Salinity, Practical [PSU]
# name 16 = sal11: Salinity, Practical, 2 [PSU]
# name 17 = potemp068C: Potential Temperature [ITS-68, deg C]
# name 18 = potemp168C: Potential Temperature, 2 [ITS-68, deg C]
# name 19 = sigma-é00: Density [sigma-theta, Kg/m^3]
# name 20 = sigma-é11: Density, 2 [sigma-theta, Kg/m^3]
# name 21 = sbeox0ML/L: Oxygen, SBE 43 [ml/l], WS = 2
# name 22 = sbeox1ML/L: Oxygen, SBE 43, 2 [ml/l], WS = 2
# name 23 = nbin: number of scans per bin
# name 24 = flag: flag
# span 0 =       4305,      13772       
# span 1 =    179.320,    573.804       
# span 2 =      2.000,    245.000       
# span 3 =     3.7037,    13.7409       
# span 4 =   3.066336,   4.110015       
# span 5 =     3.7069,    13.7938       
# span 6 =   3.066145,   4.109848       
# span 7 =       5.42,     103.23       
# span 8 =     0.0115,     0.1769       
# span 9 =     2.0652,     3.5097       
# span 10 =     1.7935,     3.0586      
# span 11 =  29.038187,  38.497574      
# span 12 =  3.9348471,  13.589380      
# span 13 =   43.70865,   43.70900      
# span 14 =  -59.13128,  -59.13071      
# span 15 =    31.8816,    35.4341      
# span 16 =    31.8920,    35.4311      
# span 17 =     3.6999,    13.7402      
# span 18 =     3.7032,    13.7931      
# span 19 =    23.8429,    27.2531      
# span 20 =    23.8337,    27.2510      
# span 21 =    3.79663,    7.43132      
# span 22 =    3.62389,    7.36036      
# span 23 =         19,        177      
# span 24 = 0.0000e+00, 0.0000e+00      
# interval = decibars: 1                
# start_time = Jul 13 2014 09:50:24 [NMEA time, header]
# bad_flag = -9.990e-29
*END*
[from data line 232]
      12866    536.054    234.000     8.5050   3.682932     8.5042   3.682612      16.68     0.0177     2.0777     1.8035  38.465511  8.6349030   43.70868  -59.13124    35.0449    35.0423     8.4803     8.4798    27.2360    27.2341    3.86733    3.69475         56 0.0000e+00
      12907    537.730    235.000     8.4949   3.681931     8.4955   3.681736      15.90     0.0173     2.0780     1.8040  38.470650  8.6272793   43.70868  -59.13124    35.0438    35.0411     8.4702     8.4708    27.2366    27.2345    3.86820    3.69222         29 0.0000e+00
      12932    538.778    236.000     8.4795   3.680359     8.4818   3.680243      15.14     0.0130     2.0784     1.8044  38.480526  8.6157274   43.70868  -59.13124    35.0420    35.0384     8.4546     8.4570    27.2377    27.2345    3.86934    3.69820         24 0.0000e+00
      12957    539.852    237.000     8.4529   3.677666     8.4528   3.677357      14.18     0.0156     2.0785     1.8050  38.487411  8.6053762   43.70868  -59.13125    35.0392    35.0360     8.4281     8.4279    27.2396    27.2372    3.87486    3.70173         29 0.0000e+00
      13000    541.618    238.000     8.4474   3.677141     8.4468   3.676873      12.89     0.0158     2.0789     1.8062  38.494881  8.5726147   43.70868  -59.13126    35.0387    35.0364     8.4224     8.4218    27.2401    27.2384    3.87677    3.71337         57 0.0000e+00
      13052    543.805    239.000     8.4440   3.676846     8.4445   3.676697      11.81     0.0157     2.0816     1.8092  38.497574  8.5207720   43.70868  -59.13126    35.0384    35.0363     8.4190     8.4194    27.2404    27.2387    3.89735    3.71533         40 0.0000e+00
      13083    545.092    240.000     8.4410   3.676589     8.4419   3.676426      11.05     0.0186     2.0841     1.8081  38.493259  8.1038752   43.70868  -59.13126    35.0382    35.0356     8.4158     8.4167    27.2407    27.2386    3.89685    3.70239         27 0.0000e+00
      13109    546.163    241.000     8.4268   3.675158     8.4266   3.674879      10.19     0.0162     2.0843     1.8076  38.491142  8.3543577   43.70868  -59.13126    35.0367    35.0339     8.4015     8.4013    27.2418    27.2396    3.88841    3.71305         25 0.0000e+00
      13139    547.400    242.000     8.4033   3.672771     8.4045   3.672511       9.17     0.0160     2.0840     1.8087  38.497471  8.4341364   43.70866  -59.13126    35.0341    35.0302     8.3780     8.3792    27.2434    27.2401    3.89256    3.72226         37 0.0000e+00
      13219    550.763    243.000     8.3707   3.669456     8.3893   3.671033       7.68     0.0183     2.0858     1.8109  38.496696  7.9110942   43.70866  -59.13126    35.0308    35.0291     8.3453     8.3639    27.2458    27.2416    3.90674    3.72863         79 0.0000e+00
      13319    554.907    244.000     8.3237   3.664650     8.3258   3.664581       6.62     0.0197     2.0901     1.8127  38.477375  7.8701634   43.70866  -59.13126    35.0259    35.0238     8.2983     8.3006    27.2492    27.2473    3.92179    3.73994         90 0.0000e+00
      13772    573.804    245.000     8.2763   3.659871     8.2783   3.659850       5.42     0.0166     2.0899     1.8130  38.436840  8.1154566   43.70865  -59.13128    35.0216    35.0194     8.2509     8.2530    27.2531    27.2510    3.91782    3.73980        177 0.0000e+00
