data/CTD/2014/CNV/d017a054.cnv
* Sea-Bird SBE 9 Data File:
* FileName = C:\CTD_ACQUISITION\2014017HUD\ctddata\017A054.hdr
* Software Version Seasave V 7.22.2
* Temperature SN = 5081
* Conductivity SN = 3561
* Number of Bytes Per Scan = 37
* Number of Voltage Words = 4
* Number of Scans Averaged by the Deck Unit = 1
* NMEA Latitude = 43 42.54 N
* NMEA Longitude = 059 07.81 W
* NMEA UTC (Time) = Jul 13 2014 09:50:24
* NMEA baud rate = 9600
** Ship: Hudson
** Cruise: HUD2014017
** Chief_Scientist: Blair Greenan
** Organization: BIO
** Area_of_Operation: Sackville Spur
** Station: 054
** Sounding:  245
** Event_Comments: LC1
# nquan = 25
# nvalues = 244                         
# units = specified
# name 0 = scan: Scan Count
# name 1 = timeS: Time, Elapsed [seconds]
# name 2 = prDM: Pressure, Digiquartz [db]
# name 3 = t068C: Temperature [ITS-68, deg C]
# name 4 = c0S/m: Conductivity [S/m]
# name 5 = t168C: Temperature, 2 [ITS-68, deg C]
# name 6 = c1S/m: Conductivity, 2 [S/m]
# name 7 = altM: Altimeter [m]
# name 8 = flC: Fluorescence, Chelsea Aqua 3 Chl Con [ug/l]
# name 9 = sbeox0V: Oxygen raw, SBE 43 [V]
# name 10 = sbeox1V: Oxygen raw, SBE 43, 2 [V]
# name 11 = upoly0: Upoly 0, Optode 4330F - O2 D-Phase
# name 12 = upoly1: Upoly 1, Optode 4330F - O2 Temp
# name 13 = latitude: Latitude [deg]
# name 14 = longitude: Longitude [deg]
# name 15 = sal00: Salinity, Practical [PSU]
# name 16 = sal11: Salinity, Practical, 2 [PSU]
# name 17 = potemp068C: Potential Temperature [ITS-68, deg C]
# name 18 = potemp168C: Potential Temperature, 2 [ITS-68, deg C]
# name 19 = sigma-é00: Density [sigma-theta, Kg/m^3]
# name 20 = sigma-é11: Density, 2 [sigma-theta, Kg/m^3]
# name 21 = sbeox0ML/L: Oxygen, SBE 43 [ml/l], WS = 2
# name 22 = sbeox1ML/L: Oxygen, SBE 43, 2 [ml/l], WS = 2
# name 23 = nbin: number of scans per bin
# name 24 = flag: flag
# span 0 =       4305,      13772       
# span 1 =    179.320,    573.804       
# span 2 =      2.000,    245.000       
# span 3 =     3.7037,    13.7409       
# span 4 =   3.066336,   4.110015       
# span 5 =     3.7069,    13.7938       
# span 6 =   3.066145,   4.109848       
# span 7 =       5.42,     103.23       
# span 8 =     0.0115,     0.1769       
# span 9 =     2.0652,     3.5097       
# span 10 =     1.7935,     3.0586      
# span 11 =  29.038187,  38.497574      
# span 12 =  3.9348471,  13.589380      
# span 13 =   43.70865,   43.70900      
# span 14 =  -59.13128,  -59.13071      
# span 15 =    31.8816,    35.4341      
# span 16 =    31.8920,    35.4311      
# span 17 =     3.6999,    13.7402      
# span 18 =     3.7032,    13.7931      
# span 19 =    23.8429,    27.2531      
# span 20 =    23.8337,    27.2510      
# span 21 =    3.79663,    7.43132      
# span 22 =    3.62389,    7.36036      
# span 23 =         19,        177      
# span 24 = 0.0000e+00, 0.0000e+00      
# interval = decibars: 1                
# start_time = Jul 13 2014 09:50:24 [NMEA time, header]
# bad_flag = -9.990e-29
*END*
       4305    179.320      2.000    13.1956   3.787135    13.2814   3.794472     103.23     0.1397     3.4036     2.9899  29.117512  13.132100   43.70900  -59.13071    31.9031    31.8998    13.1953    13.2811    23.9574    23.9379    6.45931    6.37709         35 0.0000e+00
       4471    186.240      3.000    13.6257   3.823437    13.5923   3.823884      88.78     0.1066     3.4240     2.9948  29.125418  13.095815   43.70900  -59.13074    31.8816    31.9136    13.6252    13.5919    23.8551    23.8865    6.41661    6.27608         50 0.0000e+00
       4554    189.719      4.000    13.6479   3.826317    13.6287   3.825468      93.71     0.0984     3.4018     2.9727  29.135246  13.100439   43.70900  -59.13076    31.8894    31.8975    13.6474    13.6281    23.8566    23.8668    6.31316    6.18379         31 0.0000e+00
       4599    191.585      5.000    13.7409   3.835415    13.7938   3.840161      93.40     0.0976     3.4020     2.9701  29.072657  13.294257   43.70900  -59.13076    31.8959    31.8973    13.7402    13.7931    23.8429    23.8337    6.35979    6.20962         59 0.0000e+00
       4659    194.101      6.000    13.7119   3.833818    13.7043   3.832891      95.70     0.0938     3.4172     2.9775  29.038187  13.589380   43.70900  -59.13076    31.9048    31.9015    13.7111    13.7035    23.8557    23.8547    6.42322    6.27144         54 0.0000e+00
       4719    196.595      7.000    13.1691   3.786754    13.3387   3.799294      95.99     0.0886     3.4355     2.9933  29.062778  13.564346   43.70898  -59.13077    31.9196    31.8947    13.1681    13.3377    23.9752    23.9221    6.50007    6.34195         65 0.0000e+00
       4770    198.714      8.000    12.8608   3.758885    12.8662   3.757094      89.81     0.0969     3.4230     2.9779  29.108425  13.340735   43.70898  -59.13078    31.9165    31.8950    12.8597    12.8652    24.0330    24.0153    6.44060    6.32993         37 0.0000e+00
       4806    200.212      9.000    12.6224   3.736055    12.6295   3.735711      94.29     0.1007     3.4230     2.9852  29.207504  13.182826   43.70898  -59.13078    31.9013    31.8920    12.6213    12.6284    24.0671    24.0586    6.58172    6.44364         42 0.0000e+00
       4883    203.404     10.000    12.5363   3.728526    12.5251   3.726509      91.97     0.1031     3.4620     3.0031  29.265997  12.863797   43.70898  -59.13078    31.9024    31.8926    12.5350    12.5238    24.0844    24.0789    6.65948    6.45642         84 0.0000e+00
       4929    205.347     11.000    11.7960   3.671548    11.7937   3.668306      98.61     0.1042     3.4523     2.9923  29.235413  12.864295   43.70898  -59.13078    31.9870    31.9552    11.7947    11.7923    24.2882    24.2640    6.66594    6.52287         32 0.0000e+00
       4968    206.969     12.000    11.6208   3.656239    11.6224   3.655047      81.53     0.1150     3.4560     3.0019  29.341482  12.584170   43.70898  -59.13079    31.9889    31.9757    11.6193    11.6209    24.3217    24.3112    6.78512    6.63238         53 0.0000e+00
       5041    210.021     13.000    11.4667   3.643844    11.4797   3.643147      94.88     0.1321     3.4904     3.0291  29.384687  12.111788   43.70898  -59.13080    32.0008    31.9853    11.4651    11.4781    24.3587    24.3449    6.87896    6.72102         73 0.0000e+00
       5092    212.133     14.000    10.7812   3.589186    10.7879   3.587160      97.08     0.1338     3.4947     3.0351  29.368849  12.063461   43.70898  -59.13080    32.0738    32.0415    10.7627    10.7863    24.5393    24.5118    6.92729    6.80225         41 0.0000e+00
       5136    213.969     15.000    10.5644   3.573876    10.5625   3.572587      92.95     0.1395     3.4887     3.0351  29.547340  11.803446   43.70898  -59.13080    32.0975    32.0859    10.5616    10.5608    24.5925    24.5837    6.94417    6.82958         54 0.0000e+00
       5207    216.937     16.000    10.5500   3.573774    10.5504   3.573284      92.78     0.1409     3.4898     3.0387  29.507849  11.194997   43.70898  -59.13083    32.1078    32.1026    10.5482    10.5485    24.6028    24.5987    6.98071    6.86438         68 0.0000e+00
       5253    218.826     17.000    10.4843   3.572136    10.4926   3.571729      87.54     0.1413     3.4990     3.0501  29.474636  11.188455   43.70898  -59.13082    32.1489    32.1376    10.4824    10.4906    24.6460    24.6357    7.04840    6.94339         37 0.0000e+00
       5305    220.987     18.000    10.2583   3.557035    10.2597   3.556064      92.58     0.1413     3.5097     3.0582  29.502720  11.066160   43.70898  -59.13082    32.1970    32.1860    10.2563    10.2577    24.7216    24.7128    7.04913    6.94282         74 0.0000e+00
       5375    223.919     19.000    10.0043   3.537443    10.0029   3.536366      98.95     0.1430     3.5073     3.0586  29.501068  10.891622   43.70898  -59.13083    32.2242    32.2152    10.0029    10.0008    24.7851    24.7784    7.08337    6.97912         52 0.0000e+00
       5420    225.794     20.000    10.0984   3.560593    10.0920   3.560470      89.61     0.1352     3.4952     3.0436  29.530867  10.744925   43.70898  -59.13084    32.3720    32.3786    10.0986    10.0898    24.8844    24.8910    6.94222    6.83552         47 0.0000e+00
       5483    228.409     21.000    10.0523   3.571254    10.0541   3.570704      92.85     0.1390     3.4759     3.0259  29.520514  10.546208   43.70898  -59.13084    32.5232    32.5178    10.0500    10.0518    25.0105    25.0064    6.98510    6.84794         77 0.0000e+00
       5545    231.004     22.000    10.0831   3.583478    10.0839   3.583102      87.87     0.1467     3.4662     3.0053  29.486372  10.544971   43.70898  -59.13084    32.6188    32.6141    10.0806    10.0815    25.0800    25.0762    6.91058    6.75190         43 0.0000e+00
       5586    232.716     23.000     9.5334   3.540158     9.5520   3.538918      98.20     0.1468     3.4693     3.0021  29.487192  10.481833   43.70898  -59.13086    32.6749    32.6453     9.5309     9.5495    25.2136    25.1875    7.08399    6.89008         47 0.0000e+00
       5648    235.298     24.000     8.9206   3.493285     8.9312   3.492702      92.08     0.1479     3.4833     3.0049  29.615162  10.224718   43.70897  -59.13086    32.7537    32.7361     8.9162     8.9287    25.3728    25.3570    7.19220    7.00683         72 0.0000e+00
       5713    237.992     25.000     7.9180   3.407783     7.9234   3.405859      89.68     0.1622     3.4875     3.0176  29.696875  9.8000660   43.70896  -59.13086    32.7824    32.7581     7.9157     7.9210    25.5451    25.5252    7.32860    7.22277         54 0.0000e+00
       5759    239.922     26.000     7.6554   3.383940     7.6540   3.382559      86.62     0.1769     3.4754     3.0133  29.932304  9.2780609   43.70896  -59.13086    32.7744    32.7598     7.6529     7.6516    25.5763    25.5650    7.23846    7.12045         41 0.0000e+00
       5799    241.569     27.000     7.5276   3.372760     7.5267   3.371838      98.25     0.1703     3.4365     2.9751  30.004599  8.6730108   43.70896  -59.13088    32.7731    32.7640     7.5251     7.5242    25.5932    25.5861    7.14661    6.99094         43 0.0000e+00
       5858    244.047     28.000     7.4892   3.369689     7.4932   3.369517      91.43     0.1623     3.4226     2.9469  30.000069  8.3800335   43.70896  -59.13088    32.7757    32.7701     7.4866     7.4907    25.6006    25.5956    7.23872    7.02538         71 0.0000e+00
       5912    246.271     29.000     7.2770   3.351276     7.2881   3.349991      84.28     0.1554     3.4140     2.9421  30.011192  8.2867432   43.70896  -59.13088    32.7767    32.7522     7.2744     7.2855    25.6306    25.6098    7.22828    7.09198         36 0.0000e+00
       5945    247.684     30.000     6.2796   3.262136     6.3074   3.259967      98.20     0.1548     3.4070     2.9418  30.071367  8.1977978   43.70896  -59.13088    32.7488    32.6980     6.2771     6.3049    25.7390    25.6954    7.38190    7.26677         36 0.0000e+00
       5998    249.875     31.000     5.7034   3.212535     5.7005   3.211183      91.53     0.1413     3.3935     2.9406  30.329378  7.6801791   43.70896  -59.13090    32.7503    32.7379     5.7010     5.6981    25.8114    25.8019    7.43132    7.36036         71 0.0000e+00
       6060    252.467     32.000     5.5216   3.197281     5.5216   3.196684      86.24     0.1412     3.3718     2.9302  30.485453  6.9627447   43.70896  -59.13090    32.7542    32.7461     5.5191     5.5192    25.8361    25.8296    7.37386    7.30418         44 0.0000e+00
       6098    254.033     33.000     5.5028   3.196513     5.5041   3.196002      98.42     0.1282     3.3510     2.9130  30.545214  6.8952956   43.70896  -59.13090    32.7633    32.7565     5.5003     5.5016    25.8454    25.8399    7.29284    7.21352         38 0.0000e+00
       6143    255.902     34.000     5.4929   3.196935     5.4952   3.196628      89.21     0.1206     3.3219     2.8849  30.622774  6.4680872   43.70896  -59.13091    32.7773    32.7710     5.4903     5.4926    25.8577    25.8524    7.22217    7.12454         55 0.0000e+00
       6201    258.353     35.000     5.3872   3.189410     5.3822   3.188325      88.48     0.1218     3.2934     2.8572  30.671152  6.3106823   43.70896  -59.13092    32.7944    32.7863     5.3846     5.3795    25.8835    25.8777    7.20727    7.10435         55 0.0000e+00
       6251    260.400     36.000     5.0480   3.161418     5.0519   3.160474      90.64     0.1143     3.2747     2.8425  30.736050  6.2252641   43.70896  -59.13092    32.8066    32.7919     5.0453     5.0493    25.9316    25.9195    7.21871    7.13530         44 0.0000e+00
       6291    262.083     37.000     4.6639   3.128831     4.6693   3.127801      93.09     0.1128     3.2589     2.8301  30.849804  6.0819478   43.70896  -59.13092    32.8090    32.7917     4.6613     4.6666    25.9754    25.9612    7.24419    7.16586         39 0.0000e+00
       6333    263.850     38.000     4.4639   3.112384     4.4648   3.111894      87.00     0.1042     3.2418     2.8174  31.020111  5.7632155   43.70896  -59.13092    32.8156    32.8090     4.4612     4.4622    26.0019    25.9965    7.22287    7.15931         49 0.0000e+00
       6394    266.375     39.000     4.3530   3.103524     4.3690   3.104245      89.29     0.0899     3.2128     2.7960  31.208908  5.3152609   43.70896  -59.13093    32.8219    32.8144     4.3503     4.3663    26.0184    26.0108    7.15731    7.10573         63 0.0000e+00
       6442    268.377     40.000     4.2346   3.094301     4.2268   3.093159      98.99     0.0903     3.1909     2.7796  31.262793  5.2091274   43.70896  -59.13094    32.8313    32.8258     4.2319     4.2241    26.0381    26.0344    7.12765    7.08042         36 0.0000e+00
       6475    269.766     41.000     4.1646   3.089351     4.1689   3.089186      81.79     0.0865     3.1755     2.7682  31.375242  5.1212993   43.70896  -59.13094    32.8426    32.8364     4.1618     4.1661    26.0541    26.0487    7.09689    7.05816         35 0.0000e+00
       6520    271.621     42.000     4.0706   3.083329     4.0679   3.082740      97.35     0.0808     3.1571     2.7560  31.495531  4.8972383   43.70896  -59.13094    32.8653    32.8611     4.0678     4.0652    26.0816    26.0785    7.08403    7.06177         57 0.0000e+00
       6576    273.967     43.000     4.0307   3.083109     4.0280   3.082778      84.66     0.0723     3.1411     2.7466  31.604160  4.7397547   43.70896  -59.13094    32.9021    32.9009     4.0279     4.0252    26.1149    26.1142    7.07693    7.04877         45 0.0000e+00
       6614    275.554     44.000     4.0974   3.090976     4.0973   3.091004      86.27     0.0648     3.1294     2.7353  31.699114  4.6743102   43.70895  -59.13094    32.9275    32.9279     4.0945     4.0944    26.1284    26.1287    6.99427    6.96565         38 0.0000e+00
       6665    277.682     45.000     4.1123   3.093136     4.1112   3.092827      91.99     0.0583     3.1106     2.7227  31.796270  4.5877924   43.70894  -59.13095    32.9375    32.9349     4.1093     4.1082    26.1348    26.1329    6.96724    6.96003         67 0.0000e+00
       6723    280.079     46.000     4.1587   3.098970     4.1572   3.098995      88.74     0.0617     3.0977     2.7150  31.880375  4.5718489   43.70894  -59.13096    32.9591    32.9609     4.1556     4.1541    26.1473    26.1489    6.95094    6.93043         38 0.0000e+00
       6751    281.262     47.000     4.1662   3.100833     4.1648   3.100055      98.72     0.0606     3.0932     2.7098  31.948193  4.5683131   43.70894  -59.13096    32.9729    32.9652     4.1631     4.1616    26.1576    26.1516    6.94217    6.90573         25 0.0000e+00
       6778    282.390     48.000     4.0734   3.092671     4.0695   3.091802      79.06     0.0548     3.0894     2.7048  31.974157  4.5464029   43.70894  -59.13096    32.9695    32.9632     4.0702     4.0663    26.1642    26.1596    6.94380    6.89872         32 0.0000e+00
       6844    285.114     49.000     4.0039   3.086946     4.0324   3.088972      92.27     0.0570     3.0728     2.6883  32.098095  4.4148951   43.70894  -59.13097    32.9713    32.9666     4.0007     4.0292    26.1726    26.1660    6.88846    6.86076         84 0.0000e+00
       6901    287.479     50.000     3.9654   3.084245     3.9665   3.083879      94.62     0.0640     3.0579     2.6785  32.155991  4.4464860   43.70894  -59.13096    32.9776    32.9722     3.9621     3.9632    26.1814    26.1770    6.87270    6.86020         28 0.0000e+00
       6925    288.517     51.000     3.9496   3.084453     3.9492   3.084495      77.12     0.0613     3.0546     2.6757  32.191471  4.4134698   43.70894  -59.13097    32.9954    32.9964     3.9463     3.9458    26.1972    26.1980    6.87629    6.84696         26 0.0000e+00
       6956    289.783     52.000     3.9425   3.085188     3.9436   3.085024      97.17     0.0545     3.0494     2.6702  32.279331  4.3316398   43.70893  -59.13098    33.0107    33.0064     3.9392     3.9404    26.2100    26.2064    6.86332    6.82634         39 0.0000e+00
       7020    292.477     53.000     3.9081   3.082754     3.9082   3.082577      87.44     0.0508     3.0418     2.6630  32.373379  4.2122140   43.70892  -59.13098    33.0162    33.0140     3.9046     3.9047    26.2178    26.2161    6.86557    6.83622         80 0.0000e+00
       7079    294.901     54.000     3.8977   3.081921     3.8988   3.081779      84.41     0.0552     3.0374     2.6608  32.431721  4.2315130   43.70892  -59.13098    33.0163    33.0132     3.8942     3.8953    26.2189    26.2163    6.85919    6.83415         38 0.0000e+00
       7111    296.234     55.000     3.8357   3.076477     3.8377   3.076287      98.63     0.0521     3.0345     2.6578  32.469505  4.2340364   43.70892  -59.13098    33.0138    33.0095     3.8321     3.8341    26.2230    26.2194    6.84343    6.82303         30 0.0000e+00
       7139    297.423     56.000     3.8194   3.075021     3.8199   3.074830      73.56     0.0474     3.0290     2.6546  32.563473  4.1439595   43.70892  -59.13098    33.0125    33.0097     3.8158     3.8163    26.2235    26.2212    6.84556    6.83213         28 0.0000e+00
       7182    299.216     57.000     3.8209   3.075331     3.8197   3.075085      86.52     0.0471     3.0295     2.6566  32.609634  4.0788841   43.70891  -59.13098    33.0141    33.0124     3.8172     3.8160    26.2247    26.2234    6.86590    6.85295         69 0.0000e+00
       7268    302.778     58.000     3.8129   3.075079     3.8140   3.074536      91.63     0.0513     3.0236     2.6559  32.683609  4.0311112   43.70890  -59.13098    33.0187    33.0110     3.8091     3.8103    26.2291    26.2229    6.84372    6.85218         42 0.0000e+00
