data/CTD/2014/CNV/d017a048.cnv
* Sea-Bird SBE 9 Data File:
* FileName = C:\CTD_ACQUISITION\2014017HUD\ctddata\017A048.hdr
* Software Version Seasave V 7.22.2
* Temperature SN = 5081
* Conductivity SN = 3561
* Number of Bytes Per Scan = 37
* Number of Voltage Words = 4
* Number of Scans Averaged by the Deck Unit = 1
* NMEA Latitude = 47 04.69 N
* NMEA Longitude = 047 16.88 W
* NMEA UTC (Time) = Jul 11 2014 07:27:43
* NMEA baud rate = 9600
** Ship: Hudson
** Cruise: HUD2014017
** Chief_Scientist: Blair Greenan
** Organization: BIO
** Area_of_Operation: Sackville Spur
** Station: 048
** Sounding:  405
** Event_Comments: CTD_1842, 403278
** CTD cast ~1 Nm south of Mooring_1842
# nquan = 25
# nvalues = 414                         
# units = specified
# name 0 = scan: Scan Count
# name 1 = timeS: Time, Elapsed [seconds]
# name 2 = prDM: Pressure, Digiquartz [db]
# name 3 = t068C: Temperature [ITS-68, deg C]
# name 4 = c0S/m: Conductivity [S/m]
# name 5 = t168C: Temperature, 2 [ITS-68, deg C]
# name 6 = c1S/m: Conductivity, 2 [S/m]
# name 7 = altM: Altimeter [m]
# name 8 = flC: Fluorescence, Chelsea Aqua 3 Chl Con [ug/l]
# name 9 = sbeox0V: Oxygen raw, SBE 43 [V]
# name 10 = sbeox1V: Oxygen raw, SBE 43, 2 [V]
# name 11 = upoly0: Upoly 0, Optode 4330F - O2 D-Phase
# name 12 = upoly1: Upoly 1, Optode 4330F - O2 Temp
# name 13 = latitude: Latitude [deg]
# name 14 = longitude: Longitude [deg]
# name 15 = sal00: Salinity, Practical [PSU]
# name 16 = sal11: Salinity, Practical, 2 [PSU]
# name 17 = potemp068C: Potential Temperature [ITS-68, deg C]
# name 18 = potemp168C: Potential Temperature, 2 [ITS-68, deg C]
# name 19 = sigma-é00: Density [sigma-theta, Kg/m^3]
# name 20 = sigma-é11: Density, 2 [sigma-theta, Kg/m^3]
# name 21 = sbeox0ML/L: Oxygen, SBE 43 [ml/l], WS = 2
# name 22 = sbeox1ML/L: Oxygen, SBE 43, 2 [ml/l], WS = 2
# name 23 = nbin: number of scans per bin
# name 24 = flag: flag
# span 0 =       6522,      19933       
# span 1 =    271.721,    830.521       
# span 2 =      3.000,    416.000       
# span 3 =    -1.6667,     8.1503       
# span 4 =   2.626132,   3.421479       
# span 5 =    -1.6676,     8.1502       
# span 6 =   2.626038,   3.421423       
# span 7 =       4.57,      99.94       
# span 8 =     0.0125,     0.3165       
# span 9 =     2.7818,     3.4932       
# span 10 =     2.4551,     2.9661      
# span 11 =  30.433157,  34.613266      
# span 12 = -1.5950257,  8.1970682      
# span 13 =   47.07772,   47.07834      
# span 14 =  -47.28131,  -47.28052      
# span 15 =    32.7186,    34.6417      
# span 16 =    32.7092,    34.6421      
# span 17 =    -1.6676,     8.1497      
# span 18 =    -1.6685,     8.1497      
# span 19 =    25.4618,    27.5804      
# span 20 =    25.4614,    27.5806      
# span 21 =    6.53320,    8.51430      
# span 22 =    6.55356,    8.41489      
# span 23 =         15,        103      
# span 24 = 0.0000e+00, 0.0000e+00      
# interval = decibars: 1                
# start_time = Jul 11 2014 07:27:43 [NMEA time, header]
# bad_flag = -9.990e-29
*END*
[from data line 290]
      15775    657.236    293.000     2.5435   3.094606     2.5430   3.094604      98.64     0.0202     2.8305     2.4975  34.117287  1.7551795   47.07794  -47.28058    34.4515    34.4523     2.5264     2.5268    27.4891    27.4898    6.63771    6.65463         22 0.0000e+00
      15796    658.139    294.000     2.5651   3.096806     2.5621   3.096557      77.15     0.0198     2.8262     2.4932  34.119202  1.7647206   47.07794  -47.28058    34.4549    34.4551     2.5478     2.5448    27.4900    27.4904    6.61486    6.64372         22 0.0000e+00
      15818    659.053    295.000     2.5970   3.100250     2.5909   3.099893      98.49     0.0185     2.8224     2.4906  34.127785  1.7634722   47.07794  -47.28058    34.4625    34.4646     2.5796     2.5736    27.4933    27.4955    6.60405    6.63887         22 0.0000e+00
      15843    660.090    296.000     2.6085   3.101618     2.6080   3.101581      98.64     0.0203     2.8178     2.4877  34.124073  1.7873853   47.07794  -47.28058    34.4665    34.4665     2.5910     2.5905    27.4955    27.4956    6.59268    6.63032         28 0.0000e+00
      15873    661.316    297.000     2.6013   3.101100     2.6015   3.101121      82.40     0.0229     2.8140     2.4847  34.116707  1.7995479   47.07794  -47.28058    34.4672    34.4672     2.5838     2.5846    27.4967    27.4967    6.59910    6.62919         30 0.0000e+00
      15901    662.489    298.000     2.5952   3.100598     2.5961   3.100677      61.29     0.0223     2.8108     2.4823  34.106998  1.7944956   47.07794  -47.28058    34.4671    34.4671     2.5776     2.5785    27.4972    27.4971    6.59135    6.62353         25 0.0000e+00
      15923    663.435    299.000     2.5929   3.100386     2.5929   3.100403      99.35     0.0206     2.8085     2.4803  34.101765  1.8412910   47.07794  -47.28058    34.4669    34.4668     2.5752     2.5753    27.4972    27.4971    6.59045    6.61732         21 0.0000e+00
      15943    664.234    300.000     2.5888   3.100089     2.5887   3.100068      70.77     0.0237     2.8070     2.4786  34.105026  1.8250307   47.07794  -47.28058    34.4666    34.4664     2.5711     2.5710    27.4973    27.4972    6.59348    6.61757         18 0.0000e+00
      15961    664.983    301.000     2.5881   3.100081     2.5877   3.100040      98.87     0.0243     2.8060     2.4776  34.117283  1.8016680   47.07792  -47.28058    34.4666    34.4666     2.5704     2.5700    27.4974    27.4974    6.59364    6.62253         18 0.0000e+00
      15979    665.762    302.000     2.5885   3.100163     2.5882   3.100140      98.64     0.0218     2.8045     2.4770  34.117218  1.8628036   47.07792  -47.28058    34.4667    34.4667     2.5707     2.5704    27.4974    27.4975    6.59354    6.62533         20 0.0000e+00
      16001    666.673    303.000     2.5935   3.100743     2.5931   3.100734      88.88     0.0214     2.8038     2.4762  34.128632  1.8119762   47.07792  -47.28058    34.4679    34.4682     2.5756     2.5752    27.4980    27.4983    6.59276    6.61770         24 0.0000e+00
      16028    667.812    304.000     2.5954   3.100959     2.5958   3.101034      89.62     0.0240     2.8022     2.4747  34.132351  1.8590535   47.07792  -47.28058    34.4679    34.4684     2.5775     2.5779    27.4979    27.4982    6.58481    6.61251         30 0.0000e+00
      16058    669.040    305.000     2.5979   3.101274     2.5980   3.101281      98.78     0.0213     2.7998     2.4729  34.150463  1.8294711   47.07792  -47.28058    34.4686    34.4686     2.5799     2.5800    27.4982    27.4982    6.57259    6.59728         28 0.0000e+00
      16083    670.098    306.000     2.5976   3.101308     2.5980   3.101336      25.58     0.0226     2.7985     2.4706  34.154861  1.8519157   47.07792  -47.28058    34.4688    34.4687     2.5795     2.5799    27.4983    27.4983    6.57580    6.59551         23 0.0000e+00
      16106    671.034    307.000     2.5989   3.101473     2.5981   3.101413      99.75     0.0197     2.7965     2.4695  34.176117  1.8212011   47.07792  -47.28058    34.4688    34.4689     2.5808     2.5800    27.4983    27.4984    6.57400    6.59351         22 0.0000e+00
      16127    671.933    308.000     2.6006   3.101675     2.6000   3.101640      98.63     0.0192     2.7963     2.4679  34.175823  1.8556391   47.07791  -47.28058    34.4690    34.4692     2.5824     2.5818    27.4983    27.4985    6.58463    6.59015         22 0.0000e+00
      16152    672.956    309.000     2.6078   3.102457     2.6063   3.102334      79.34     0.0214     2.7964     2.4668  34.175823  1.8268068   47.07790  -47.28058    34.4703    34.4704     2.5895     2.5880    27.4987    27.4989    6.58637    6.58905         27 0.0000e+00
      16180    674.115    310.000     2.6078   3.102520     2.6081   3.102543      98.13     0.0254     2.7963     2.4657  34.182339  1.8572270   47.07790  -47.28058    34.4705    34.4705     2.5895     2.5897    27.4989    27.4989    6.58894    6.59125         29 0.0000e+00
      16211    675.428    311.000     2.6103   3.102808     2.6098   3.102766      93.01     0.0253     2.7966     2.4654  34.198162  1.8699797   47.07790  -47.28058    34.4708    34.4708     2.5919     2.5914    27.4989    27.4990    6.58816    6.60232         33 0.0000e+00
      16242    676.724    312.000     2.6112   3.102953     2.6103   3.102863      86.15     0.0258     2.7960     2.4663  34.203167  1.8474470   47.07790  -47.28060    34.4710    34.4710     2.5928     2.5918    27.4990    27.4991    6.58543    6.60890         29 0.0000e+00
      16268    677.804    313.000     2.6115   3.103043     2.6107   3.102982      98.78     0.0238     2.7961     2.4669  34.205151  1.8920604   47.07790  -47.28060    34.4713    34.4714     2.5929     2.5922    27.4992    27.4994    6.58580    6.60600         23 0.0000e+00
      16291    678.754    314.000     2.6160   3.103562     2.6166   3.103636      85.75     0.0185     2.7956     2.4665  34.230087  1.8424815   47.07789  -47.28060    34.4723    34.4726     2.5974     2.5980    27.4996    27.4998    6.57965    6.59298         23 0.0000e+00
      16313    679.654    315.000     2.6177   3.103785     2.6172   3.103717      86.25     0.0203     2.7951     2.4653  34.234371  1.9019144   47.07788  -47.28060    34.4726    34.4724     2.5991     2.5985    27.4998    27.4996    6.58166    6.58977         21 0.0000e+00
      16335    680.578    316.000     2.6186   3.103914     2.6178   3.103846      71.98     0.0195     2.7946     2.4648  34.243938  1.8518901   47.07788  -47.28060    34.4728    34.4728     2.5998     2.5991    27.4998    27.4999    6.58046    6.58823         23 0.0000e+00
      16362    681.700    317.000     2.6258   3.104713     2.6258   3.104742      72.06     0.0203     2.7941     2.4634  34.248062  1.8941815   47.07788  -47.28060    34.4743    34.4749     2.6069     2.6070    27.5005    27.5009    6.57779    6.58426         32 0.0000e+00
      16399    683.262    318.000     2.6309   3.105346     2.6303   3.105277      87.68     0.0243     2.7927     2.4628  34.261082  1.8825092   47.07787  -47.28060    34.4760    34.4758     2.6120     2.6114    27.5014    27.5012    6.56294    6.58013         40 0.0000e+00
      16434    684.698    319.000     2.6306   3.105380     2.6302   3.105343      84.21     0.0255     2.7901     2.4605  34.252441  1.8665650   47.07786  -47.28060    34.4762    34.4762     2.6116     2.6112    27.5016    27.5016    6.54738    6.56910         29 0.0000e+00
      16459    685.752    320.000     2.6302   3.105405     2.6296   3.105360      98.66     0.0259     2.7873     2.4590  34.249077  1.9196643   47.07786  -47.28060    34.4764    34.4765     2.6112     2.6106    27.5017    27.5019    6.53354    6.55696         23 0.0000e+00
      16481    686.655    321.000     2.6294   3.105413     2.6292   3.105406      83.25     0.0227     2.7847     2.4571  34.260925  1.8619326   47.07786  -47.28060    34.4769    34.4769     2.6103     2.6101    27.5022    27.5022    6.53456    6.55356         20 0.0000e+00
      16501    687.504    322.000     2.6292   3.105459     2.6293   3.105459      65.78     0.0240     2.7830     2.4557  34.263748  1.9173882   47.07786  -47.28060    34.4770    34.4770     2.6101     2.6101    27.5023    27.5023    6.53320    6.55520         21 0.0000e+00
      16522    688.385    323.000     2.6279   3.105408     2.6278   3.105375      98.23     0.0252     2.7818     2.4551  34.269657  1.8877084   47.07786  -47.28060    34.4772    34.4770     2.6087     2.6095    27.5026    27.5024    6.54675    6.56969         22 0.0000e+00
      16546    689.381    324.000     2.6232   3.105033     2.6226   3.104942      76.12     0.0237     2.7823     2.4559  34.277702  1.9057020   47.07786  -47.28060    34.4772    34.4767     2.6039     2.6034    27.5030    27.5026    6.57383    6.59801         26 0.0000e+00
      16575    690.587    325.000     2.6179   3.104579     2.6176   3.104535      98.31     0.0271     2.7855     2.4599  34.287861  1.8807061   47.07786  -47.28060    34.4767    34.4765     2.5986     2.5983    27.5031    27.5029    6.60922    6.63647         32 0.0000e+00
      16610    692.043    326.000     2.6149   3.104396     2.6148   3.104375      81.55     0.0241     2.7920     2.4660  34.293121  1.9047383   47.07785  -47.28060    34.4771    34.4770     2.5955     2.5954    27.5037    27.5035    6.63614    6.65087         36 0.0000e+00
      16642    693.395    327.000     2.6197   3.105049     2.6202   3.105120      61.96     0.0198     2.7972     2.4694  34.293579  1.8999203   47.07784  -47.28060    34.4795    34.4798     2.6002     2.6007    27.5051    27.5054    6.63513    6.64490         28 0.0000e+00
      16667    694.408    328.000     2.6299   3.106176     2.6295   3.106218      99.81     0.0226     2.7994     2.4707  34.301670  1.8787991   47.07786  -47.28060    34.4818    34.4827     2.6104     2.6100    27.5061    27.5069    6.62279    6.63874         21 0.0000e+00
      16686    695.222    329.000     2.6470   3.108035     2.6484   3.108343      98.64     0.0218     2.8001     2.4716  34.314068  1.8886516   47.07786  -47.28060    34.4858    34.4880     2.6273     2.6288    27.5078    27.5095    6.61843    6.64115         19 0.0000e+00
      16704    695.975    330.000     2.7089   3.114444     2.7007   3.113974      98.64     0.0253     2.8007     2.4725  34.315823  1.9010385   47.07786  -47.28060    34.4975    34.5005     2.6890     2.6808    27.5118    27.5150    6.60537    6.62840         18 0.0000e+00
      16723    696.758    331.000     2.7854   3.122512     2.7770   3.122042      84.33     0.0246     2.8010     2.4728  34.322243  1.8679340   47.07786  -47.28060    34.5138    34.5171     2.7652     2.7568    27.5182    27.5215    6.58936    6.60846         20 0.0000e+00
      16747    697.748    332.000     2.7922   3.123452     2.7919   3.123438      87.00     0.0229     2.8013     2.4729  34.322346  1.9181838   47.07785  -47.28060    34.5175    34.5176     2.7720     2.7717    27.5205    27.5206    6.58761    6.60836         29 0.0000e+00
      16789    699.482    333.000     2.7910   3.123427     2.7914   3.123455      67.45     0.0216     2.8023     2.4732  34.273384  1.9794095   47.07784  -47.28060    34.5179    34.5178     2.7707     2.7711    27.5209    27.5208    6.59649    6.61199         51 0.0000e+00
      16830    701.191    334.000     2.7912   3.123464     2.7910   3.123446      99.27     0.0232     2.8027     2.4738  34.248619  2.0158639   47.07784  -47.28060    34.5176    34.5176     2.7708     2.7706    27.5207    27.5207    6.59315    6.61302         29 0.0000e+00
      16854    702.192    335.000     2.7909   3.123481     2.7908   3.123474      69.22     0.0220     2.8027     2.4741  34.253761  2.0308089   47.07784  -47.28060    34.5175    34.5176     2.7705     2.7704    27.5207    27.5207    6.58992    6.61109         22 0.0000e+00
      16874    703.051    336.000     2.7909   3.123514     2.7907   3.123508      98.30     0.0236     2.8022     2.4733  34.259270  2.0097921   47.07786  -47.28060    34.5175    34.5175     2.7704     2.7702    27.5206    27.5207    6.58923    6.60298         20 0.0000e+00
      16894    703.868    337.000     2.7912   3.123604     2.7915   3.123645      98.64     0.0213     2.8021     2.4730  34.262169  2.0454922   47.07786  -47.28060    34.5176    34.5178     2.7707     2.7710    27.5207    27.5208    6.58839    6.60721         19 0.0000e+00
      16914    704.691    338.000     2.7930   3.123836     2.7931   3.123863      87.52     0.0245     2.8017     2.4728  34.250500  2.0049591   47.07786  -47.28060    34.5180    34.5182     2.7724     2.7725    27.5209    27.5210    6.58866    6.60472         20 0.0000e+00
      16934    705.554    339.000     2.7933   3.123917     2.7932   3.123901      42.73     0.0239     2.8015     2.4720  34.249100  2.0630655   47.07785  -47.28060    34.5181    34.5181     2.7726     2.7725    27.5209    27.5209    6.59369    6.60352         22 0.0000e+00
      16958    706.542    340.000     2.7939   3.124012     2.7934   3.123969      84.23     0.0250     2.8021     2.4721  34.240253  2.0229313   47.07784  -47.28060    34.5181    34.5181     2.7731     2.7726    27.5209    27.5209    6.59489    6.60877         26 0.0000e+00
      16989    707.822    341.000     2.7972   3.124424     2.7970   3.124408      87.14     0.0219     2.8014     2.4717  34.234573  2.0549097   47.07784  -47.28060    34.5190    34.5191     2.7764     2.7761    27.5213    27.5214    6.58958    6.60738         36 0.0000e+00
      17026    709.378    342.000     2.7971   3.124448     2.7967   3.124403      76.12     0.0216     2.8013     2.4713  34.234432  2.0519011   47.07784  -47.28060    34.5189    34.5188     2.7762     2.7758    27.5212    27.5212    6.59708    6.60044         36 0.0000e+00
      17057    710.680    343.000     2.8072   3.125612     2.8057   3.125538      81.56     0.0188     2.8019     2.4705  34.223442  2.0151186   47.07784  -47.28060    34.5218    34.5224     2.7862     2.7847    27.5226    27.5233    6.59409    6.60568         26 0.0000e+00
      17081    711.664    344.000     2.8260   3.127691     2.8253   3.127721      80.04     0.0231     2.8016     2.4712  34.219707  2.0735309   47.07784  -47.28060    34.5270    34.5276     2.8049     2.8042    27.5252    27.5257    6.59078    6.61381         22 0.0000e+00
      17101    712.515    345.000     2.8340   3.128620     2.8325   3.128491      91.39     0.0237     2.8016     2.4718  34.219780  2.0201194   47.07784  -47.28060    34.5288    34.5288     2.8128     2.8113    27.5259    27.5260    6.59835    6.61588         20 0.0000e+00
      17122    713.364    346.000     2.8393   3.129250     2.8359   3.128938      82.92     0.0237     2.8029     2.4728  34.219780  2.0585063   47.07784  -47.28060    34.5302    34.5297     2.8180     2.8146    27.5266    27.5265    6.60366    6.62710         21 0.0000e+00
      17144    714.310    347.000     2.8425   3.129630     2.8420   3.129607      94.80     0.0218     2.8035     2.4748  34.213490  2.0503755   47.07784  -47.28060    34.5309    34.5311     2.8211     2.8207    27.5269    27.5270    6.61256    6.64368         25 0.0000e+00
      17171    715.437    348.000     2.8438   3.129813     2.8436   3.129806      82.19     0.0212     2.8058     2.4780  34.205284  2.0851769   47.07784  -47.28060    34.5311    34.5313     2.8224     2.8222    27.5269    27.5271    6.63496    6.66412         29 0.0000e+00
      17202    716.691    349.000     2.8471   3.130213     2.8469   3.130208      65.71     0.0201     2.8102     2.4823  34.206596  2.0700445   47.07784  -47.28060    34.5320    34.5321     2.8257     2.8255    27.5273    27.5274    6.65487    6.67722         30 0.0000e+00
