data/CTD/2014/CNV/d017a034.cnv
* Sea-Bird SBE 9 Data File:
* FileName = C:\CTD_ACQUISITION\2014017HUD\ctddata\017A034.hdr
* Software Version Seasave V 7.22.2
* Temperature SN = 5081
* Conductivity SN = 3561
* Number of Bytes Per Scan = 37
* Number of Voltage Words = 4
* Number of Scans Averaged by the Deck Unit = 1
* NMEA Latitude = 48 20.63 N
* NMEA Longitude = 046 35.08 W
* NMEA UTC (Time) = Jul 09 2014 15:35:27
* NMEA baud rate = 9600
** Ship: Hudson
** Cruise: HUD2014017
** Chief_Scientist: Blair Greenan
** Organization: BIO
** Area_of_Operation: Sackville Spur
** Station: 034
** Sounding:  1364
** Event_Comments: SS-10 403200
# nquan = 25
# nvalues = 1417                        
# units = specified
# name 0 = scan: Scan Count
# name 1 = timeS: Time, Elapsed [seconds]
# name 2 = prDM: Pressure, Digiquartz [db]
# name 3 = t068C: Temperature [ITS-68, deg C]
# name 4 = c0S/m: Conductivity [S/m]
# name 5 = t168C: Temperature, 2 [ITS-68, deg C]
# name 6 = c1S/m: Conductivity, 2 [S/m]
# name 7 = altM: Altimeter [m]
# name 8 = flC: Fluorescence, Chelsea Aqua 3 Chl Con [ug/l]
# name 9 = sbeox0V: Oxygen raw, SBE 43 [V]
# name 10 = sbeox1V: Oxygen raw, SBE 43, 2 [V]
# name 11 = upoly0: Upoly 0, Optode 4330F - O2 D-Phase
# name 12 = upoly1: Upoly 1, Optode 4330F - O2 Temp
# name 13 = latitude: Latitude [deg]
# name 14 = longitude: Longitude [deg]
# name 15 = sal00: Salinity, Practical [PSU]
# name 16 = sal11: Salinity, Practical, 2 [PSU]
# name 17 = potemp068C: Potential Temperature [ITS-68, deg C]
# name 18 = potemp168C: Potential Temperature, 2 [ITS-68, deg C]
# name 19 = sigma-é00: Density [sigma-theta, Kg/m^3]
# name 20 = sigma-é11: Density, 2 [sigma-theta, Kg/m^3]
# name 21 = sbeox0ML/L: Oxygen, SBE 43 [ml/l], WS = 2
# name 22 = sbeox1ML/L: Oxygen, SBE 43, 2 [ml/l], WS = 2
# name 23 = nbin: number of scans per bin
# name 24 = flag: flag
# span 0 =       9171,      47671       
# span 1 =    382.084,   1986.236       
# span 2 =      5.000,   1421.000       
# span 3 =    -1.2918,     7.4336       
# span 4 =   2.662575,   3.364040       
# span 5 =    -1.2929,     7.4265       
# span 6 =   2.662184,   3.363182       
# span 7 =       1.29,     102.48       
# span 8 =     0.0078,     0.0938       
# span 9 =     2.4491,     3.6381       
# span 10 =     2.1618,     3.1547      
# span 11 =  30.336931,  34.818199      
# span 12 = -1.1829515,  7.5546045      
# span 13 =   48.34424,   48.34848      
# span 14 =  -46.58350,  -46.58194      
# span 15 =    32.7781,    34.9112      
# span 16 =    32.7707,    34.9109      
# span 17 =    -1.2929,     7.4331      
# span 18 =    -1.2940,     7.4260      
# span 19 =    25.6100,    27.7651      
# span 20 =    25.6089,    27.7648      
# span 21 =    6.25697,    9.04464      
# span 22 =    6.22810,    9.07201      
# span 23 =         12,        102      
# span 24 = 0.0000e+00, 0.0000e+00      
# interval = decibars: 1                
# start_time = Jul 09 2014 15:35:27 [NMEA time, header]
# bad_flag = -9.990e-29
*END*
[from data line 348]
      19820    825.794    353.000     3.5816   3.214627     3.5810   3.214543      79.33     0.0181     2.8953     2.5580  33.428574  2.8053415   48.34628  -46.58290    34.7675    34.7671     3.5577     3.5571    27.6463    27.6460    6.71120    6.75293         17 0.0000e+00
      19837    826.509    354.000     3.5857   3.215123     3.5853   3.215060      92.01     0.0171     2.8949     2.5578  33.418961  2.7747495   48.34628  -46.58290    34.7686    34.7682     3.5617     3.5613    27.6467    27.6465    6.71304    6.74042         18 0.0000e+00
      19858    827.372    355.000     3.5879   3.215401     3.5878   3.215371      98.47     0.0148     2.8942     2.5560  33.414051  2.8216305   48.34630  -46.58290    34.7691    34.7688     3.5637     3.5636    27.6470    27.6468    6.71448    6.73611         24 0.0000e+00
      19889    828.651    356.000     3.5943   3.216117     3.5942   3.216094      87.51     0.0144     2.8939     2.5559  33.420387  2.8181326   48.34630  -46.58290    34.7703    34.7700     3.5701     3.5700    27.6473    27.6471    6.71506    6.74349         39 0.0000e+00
      19930    830.388    357.000     3.5964   3.216388     3.5960   3.216315      54.96     0.0164     2.8938     2.5553  33.417572  2.8378546   48.34630  -46.58290    34.7707    34.7703     3.5721     3.5717    27.6475    27.6471    6.72069    6.74097         39 0.0000e+00
      19961    831.669    358.000     3.5941   3.216239     3.5946   3.216232      86.15     0.0159     2.8934     2.5546  33.413788  2.8689702   48.34632  -46.58290    34.7708    34.7702     3.5698     3.5703    27.6478    27.6472    6.71728    6.73600         23 0.0000e+00
      19981    832.488    359.000     3.5903   3.215956     3.5913   3.216017      90.23     0.0152     2.8940     2.5541  33.413918  2.8248425   48.34632  -46.58290    34.7710    34.7706     3.5659     3.5669    27.6483    27.6479    6.72255    6.73707         18 0.0000e+00
      19997    833.163    360.000     3.5942   3.216440     3.5937   3.216356      98.47     0.0149     2.8930     2.5536  33.413918  2.8423092   48.34632  -46.58290    34.7720    34.7716     3.5697     3.5692    27.6487    27.6484    6.71900    6.73782         15 0.0000e+00
      20012    833.803    361.000     3.5959   3.216725     3.5956   3.216683      78.07     0.0180     2.8942     2.5536  33.413918  2.8803604   48.34632  -46.58290    34.7732    34.7730     3.5713     3.5710    27.6495    27.6493    6.72302    6.74011         16 0.0000e+00
      20029    834.486    362.000     3.5981   3.217089     3.5981   3.217050      90.53     0.0170     2.8932     2.5535  33.418983  2.8258965   48.34632  -46.58290    34.7746    34.7742     3.5735     3.5734    27.6504    27.6501    6.71821    6.74078         17 0.0000e+00
      20052    835.442    363.000     3.5998   3.217303     3.5997   3.217251      88.17     0.0182     2.8933     2.5531  33.421921  2.8605552   48.34632  -46.58288    34.7748    34.7744     3.5751     3.5749    27.6504    27.6500    6.71913    6.73328         32 0.0000e+00
      20094    837.191    364.000     3.6038   3.217755     3.6030   3.217648      93.60     0.0162     2.8925     2.5511  33.429379  2.8525407   48.34634  -46.58289    34.7755    34.7750     3.5790     3.5782    27.6505    27.6503    6.71310    6.72638         43 0.0000e+00
      20125    838.511    365.000     3.6080   3.218263     3.6098   3.218436      87.33     0.0124     2.8918     2.5504  33.420624  2.8402638   48.34634  -46.58290    34.7765    34.7767     3.5831     3.5849    27.6510    27.6509    6.70929    6.72332         23 0.0000e+00
      20145    839.333    366.000     3.6160   3.219163     3.6163   3.219206      98.90     0.0154     2.8909     2.5492  33.413750  2.8665600   48.34634  -46.58290    34.7783    34.7784     3.5910     3.5914    27.6516    27.6517    6.70466    6.71627         18 0.0000e+00
      20162    840.026    367.000     3.6207   3.219758     3.6205   3.219700      98.64     0.0156     2.8901     2.5487  33.413918  2.8761382   48.34636  -46.58290    34.7798    34.7794     3.5957     3.5954    27.6523    27.6520    6.70176    6.72025         16 0.0000e+00
      20178    840.711    368.000     3.6248   3.220259     3.6241   3.220171      80.78     0.0162     2.8896     2.5484  33.427765  2.8349259   48.34636  -46.58289    34.7809    34.7807     3.5997     3.5989    27.6528    27.6527    6.69852    6.72310         17 0.0000e+00
      20196    841.466    369.000     3.6281   3.220638     3.6287   3.220692      44.64     0.0142     2.8884     2.5482  33.428555  2.8872375   48.34636  -46.58288    34.7815    34.7815     3.6028     3.6034    27.6530    27.6529    6.69836    6.72405         20 0.0000e+00
      20219    842.404    370.000     3.6321   3.221091     3.6330   3.221160      95.61     0.0134     2.8879     2.5481  33.431290  2.8612194   48.34636  -46.58288    34.7821    34.7819     3.6068     3.6077    27.6530    27.6528    6.69553    6.71690         26 0.0000e+00
      20247    843.604    371.000     3.6356   3.221482     3.6354   3.221424      83.60     0.0107     2.8861     2.5464  33.434654  2.8932076   48.34636  -46.58288    34.7825    34.7821     3.6102     3.6100    27.6531    27.6527    6.69086    6.70757         31 0.0000e+00
      20279    844.905    372.000     3.6384   3.221802     3.6380   3.221748      97.53     0.0176     2.8857     2.5459  33.428528  2.8695903   48.34637  -46.58288    34.7828    34.7826     3.6129     3.6125    27.6530    27.6529    6.69883    6.72038         30 0.0000e+00
      20305    846.019    373.000     3.6427   3.222302     3.6422   3.222218      98.66     0.0184     2.8850     2.5462  33.429867  2.8998466   48.34638  -46.58288    34.7837    34.7832     3.6171     3.6166    27.6533    27.6529    6.69289    6.72109         23 0.0000e+00
      20327    846.896    374.000     3.6458   3.222685     3.6439   3.222460      72.56     0.0158     2.8847     2.5463  33.443542  2.8644898   48.34638  -46.58288    34.7845    34.7837     3.6201     3.6183    27.6536    27.6532    6.69474    6.71305         19 0.0000e+00
      20345    847.657    375.000     3.6472   3.222883     3.6461   3.222729      96.90     0.0165     2.8843     2.5453  33.443222  2.9227023   48.34638  -46.58288    34.7847    34.7841     3.6215     3.6204    27.6537    27.6533    6.69784    6.70065         18 0.0000e+00
      20362    848.393    376.000     3.6490   3.223114     3.6476   3.222943      98.63     0.0166     2.8849     2.5439  33.436729  2.8785844   48.34638  -46.58288    34.7851    34.7845     3.6232     3.6218    27.6538    27.6535    6.70103    6.70213         18 0.0000e+00
      20381    849.161    377.000     3.6508   3.223350     3.6513   3.223380      30.65     0.0178     2.8842     2.5437  33.428631  2.8985703   48.34638  -46.58288    34.7854    34.7852     3.6249     3.6255    27.6539    27.6537    6.68969    6.71154         19 0.0000e+00
      20402    850.031    378.000     3.6533   3.223636     3.6530   3.223564      64.18     0.0169     2.8835     2.5437  33.430458  2.9127624   48.34638  -46.58288    34.7857    34.7852     3.6273     3.6270    27.6539    27.6535    6.68728    6.71674         23 0.0000e+00
      20428    851.135    379.000     3.6536   3.223705     3.6538   3.223679      98.32     0.0158     2.8825     2.5442  33.443104  2.8998399   48.34640  -46.58288    34.7856    34.7851     3.6276     3.6277    27.6538    27.6534    6.69482    6.71662         30 0.0000e+00
      20461    852.504    380.000     3.6545   3.223825     3.6540   3.223737      75.61     0.0107     2.8827     2.5437  33.443222  2.9006481   48.34640  -46.58288    34.7856    34.7850     3.6284     3.6279    27.6537    27.6533    6.69418    6.70870         35 0.0000e+00
      20495    853.902    381.000     3.6560   3.224047     3.6554   3.223943      96.84     0.0078     2.8822     2.5426  33.443222  2.9259732   48.34640  -46.58288    34.7861    34.7855     3.6298     3.6292    27.6539    27.6535    6.69334    6.70280         30 0.0000e+00
      20521    854.993    382.000     3.6552   3.224025     3.6549   3.223953      98.71     0.0118     2.8819     2.5418  33.443878  2.8937232   48.34640  -46.58288    34.7862    34.7856     3.6289     3.6287    27.6541    27.6536    6.69382    6.70565         23 0.0000e+00
      20541    855.826    383.000     3.6540   3.223962     3.6539   3.223901      98.64     0.0149     2.8819     2.5417  33.443211  2.9410262   48.34641  -46.58288    34.7861    34.7855     3.6277     3.6276    27.6542    27.6537    6.69073    6.70527         18 0.0000e+00
      20558    856.544    384.000     3.6515   3.223774     3.6514   3.223718      98.64     0.0114     2.8808     2.5409  33.448406  2.8889701   48.34642  -46.58288    34.7860    34.7855     3.6251     3.6250    27.6544    27.6539    6.68378    6.70899         17 0.0000e+00
      20574    857.221    385.000     3.6501   3.223694     3.6498   3.223615      98.64     0.0154     2.8804     2.5414  33.449619  2.9118102   48.34642  -46.58288    34.7860    34.7854     3.6236     3.6234    27.6545    27.6540    6.68751    6.72063         16 0.0000e+00
      20591    857.905    386.000     3.6516   3.223895     3.6510   3.223803      68.56     0.0151     2.8802     2.5421  33.449261  2.9391813   48.34642  -46.58288    34.7862    34.7858     3.6251     3.6244    27.6545    27.6543    6.69247    6.71957         17 0.0000e+00
      20610    858.692    387.000     3.6537   3.224129     3.6528   3.223998      63.04     0.0166     2.8800     2.5419  33.457008  2.8912692   48.34643  -46.58288    34.7863    34.7857     3.6271     3.6262    27.6544    27.6540    6.69754    6.71207         21 0.0000e+00
      20637    859.816    388.000     3.6539   3.224180     3.6537   3.224121      59.98     0.0186     2.8800     2.5407  33.457436  2.9294162   48.34644  -46.58288    34.7862    34.7856     3.6272     3.6271    27.6543    27.6539    6.69237    6.69646         34 0.0000e+00
      20674    861.364    389.000     3.6553   3.224351     3.6549   3.224279     100.10     0.0193     2.8795     2.5393  33.455360  2.9170434   48.34644  -46.58288    34.7861    34.7858     3.6286     3.6281    27.6541    27.6539    6.69616    6.70671         36 0.0000e+00
      20705    862.658    390.000     3.6558   3.224452     3.6559   3.224433      98.63     0.0196     2.8798     2.5396  33.452930  2.8967490   48.34644  -46.58288    34.7863    34.7860     3.6289     3.6291    27.6542    27.6539    6.69512    6.71872         27 0.0000e+00
      20727    863.604    391.000     3.6518   3.224160     3.6521   3.224143      82.88     0.0191     2.8789     2.5405  33.452747  2.9447942   48.34644  -46.58288    34.7866    34.7860     3.6249     3.6252    27.6548    27.6543    6.68906    6.72195         20 0.0000e+00
      20746    864.387    392.000     3.6516   3.224196     3.6522   3.224219      82.71     0.0210     2.8789     2.5410  33.459709  2.9098077   48.34644  -46.58288    34.7866    34.7862     3.6247     3.6253    27.6549    27.6545    6.69714    6.71587         17 0.0000e+00
      20763    865.102    393.000     3.6521   3.224292     3.6529   3.224319      99.05     0.0214     2.8788     2.5405  33.466671  2.9097748   48.34646  -46.58288    34.7867    34.7862     3.6251     3.6259    27.6549    27.6544    6.69973    6.71122         17 0.0000e+00
      20781    865.819    394.000     3.6540   3.224511     3.6538   3.224442      80.57     0.0217     2.8790     2.5402  33.470936  2.9509549   48.34646  -46.58288    34.7868    34.7862     3.6269     3.6267    27.6548    27.6544    6.70033    6.70596         18 0.0000e+00
      20801    866.658    395.000     3.6514   3.224305     3.6512   3.224237      42.35     0.0213     2.8788     2.5392  33.460087  2.8957138   48.34646  -46.58288    34.7866    34.7858     3.6242     3.6241    27.6549    27.6543    6.69462    6.70728         24 0.0000e+00
      20832    867.976    396.000     3.6497   3.224187     3.6493   3.224106      94.47     0.0208     2.8792     2.5390  33.457909  2.9240441   48.34646  -46.58288    34.7864    34.7858     3.6225     3.6221    27.6549    27.6545    6.70393    6.71278         39 0.0000e+00
      20870    869.527    397.000     3.6504   3.224295     3.6500   3.224218      83.94     0.0200     2.8787     2.5387  33.457874  2.9283834   48.34647  -46.58288    34.7864    34.7859     3.6231     3.6227    27.6549    27.6545    6.69540    6.71004         32 0.0000e+00
      20896    870.607    398.000     3.6505   3.224368     3.6507   3.224336      90.91     0.0175     2.8778     2.5384  33.462864  2.8932025   48.34648  -46.58288    34.7866    34.7860     3.6232     3.6233    27.6550    27.6545    6.69331    6.70922         21 0.0000e+00
      20915    871.422    399.000     3.6500   3.224372     3.6502   3.224337      98.69     0.0165     2.8778     2.5376  33.467159  2.9303303   48.34648  -46.58288    34.7866    34.7861     3.6226     3.6227    27.6551    27.6547    6.69741    6.70881         19 0.0000e+00
      20933    872.156    400.000     3.6515   3.224573     3.6506   3.224437      98.64     0.0172     2.8778     2.5379  33.469051  2.9231093   48.34648  -46.58288    34.7870    34.7863     3.6240     3.6230    27.6553    27.6548    6.69854    6.71715         17 0.0000e+00
      20950    872.862    401.000     3.6508   3.224550     3.6505   3.224472      67.97     0.0142     2.8772     2.5382  33.458927  2.8897312   48.34648  -46.58288    34.7869    34.7863     3.6232     3.6229    27.6552    27.6548    6.69384    6.71951         17 0.0000e+00
      20967    873.592    402.000     3.6518   3.224684     3.6511   3.224585      93.22     0.0170     2.8766     2.5383  33.457890  2.9426639   48.34648  -46.58287    34.7869    34.7865     3.6241     3.6234    27.6551    27.6549    6.70057    6.71698         18 0.0000e+00
      20988    874.470    403.000     3.6522   3.224776     3.6520   3.224715      98.47     0.0214     2.8774     2.5381  33.466370  2.9037063   48.34648  -46.58286    34.7871    34.7866     3.6245     3.6242    27.6552    27.6549    6.70168    6.71137         25 0.0000e+00
      21021    875.823    404.000     3.6522   3.224830     3.6521   3.224783      83.19     0.0231     2.8767     2.5379  33.470245  2.9252257   48.34649  -46.58286    34.7871    34.7867     3.6244     3.6242    27.6553    27.6550    6.69511    6.72081         40 0.0000e+00
      21059    877.430    405.000     3.6522   3.224882     3.6522   3.224834      77.99     0.0184     2.8760     2.5385  33.462482  2.9284623   48.34650  -46.58288    34.7872    34.7867     3.6243     3.6243    27.6554    27.6550    6.70394    6.72496         33 0.0000e+00
      21087    878.570    406.000     3.6518   3.224931     3.6518   3.224872      83.77     0.0172     2.8767     2.5391  33.470802  2.8995235   48.34650  -46.58288    34.7877    34.7870     3.6238     3.6238    27.6558    27.6553    6.70351    6.72562         23 0.0000e+00
      21108    879.439    407.000     3.6503   3.224861     3.6505   3.224816      82.89     0.0171     2.8766     2.5391  33.472576  2.9435210   48.34650  -46.58288    34.7880    34.7872     3.6222     3.6224    27.6562    27.6556    6.70535    6.72423         19 0.0000e+00
      21125    880.161    408.000     3.6493   3.224828     3.6491   3.224753      98.96     0.0161     2.8769     2.5391  33.471592  2.9376345   48.34650  -46.58286    34.7880    34.7874     3.6212     3.6210    27.6564    27.6558    6.70684    6.72535         16 0.0000e+00
      21141    880.815    409.000     3.6491   3.224845     3.6488   3.224768      98.64     0.0161     2.8766     2.5391  33.457813  2.9315975   48.34650  -46.58286    34.7879    34.7874     3.6209     3.6206    27.6563    27.6559    6.70669    6.72627         16 0.0000e+00
