data/CTD/2014/CNV/d017a046.cnv
* Sea-Bird SBE 9 Data File:
* FileName = C:\CTD_ACQUISITION\2014017HUD\ctddata\017A046.hdr
* Software Version Seasave V 7.22.2
* Temperature SN = 5081
* Conductivity SN = 3561
* Number of Bytes Per Scan = 37
* Number of Voltage Words = 4
* Number of Scans Averaged by the Deck Unit = 1
* NMEA Latitude = 47 54.02 N
* NMEA Longitude = 046 03.59 W
* NMEA UTC (Time) = Jul 10 2014 22:46:18
* NMEA baud rate = 9600
** Ship: Hudson
** Cruise: HUD2014017
** Chief_Scientist: Blair Greenan
** Organization: BIO
** Area_of_Operation: Sackville Spur
** Station: 046
** Sounding:  892
** Event_Comments: SS_18,403262
# nquan = 25
# nvalues = 908                         
# units = specified
# name 0 = scan: Scan Count
# name 1 = timeS: Time, Elapsed [seconds]
# name 2 = prDM: Pressure, Digiquartz [db]
# name 3 = t068C: Temperature [ITS-68, deg C]
# name 4 = c0S/m: Conductivity [S/m]
# name 5 = t168C: Temperature, 2 [ITS-68, deg C]
# name 6 = c1S/m: Conductivity, 2 [S/m]
# name 7 = altM: Altimeter [m]
# name 8 = flC: Fluorescence, Chelsea Aqua 3 Chl Con [ug/l]
# name 9 = sbeox0V: Oxygen raw, SBE 43 [V]
# name 10 = sbeox1V: Oxygen raw, SBE 43, 2 [V]
# name 11 = upoly0: Upoly 0, Optode 4330F - O2 D-Phase
# name 12 = upoly1: Upoly 1, Optode 4330F - O2 Temp
# name 13 = latitude: Latitude [deg]
# name 14 = longitude: Longitude [deg]
# name 15 = sal00: Salinity, Practical [PSU]
# name 16 = sal11: Salinity, Practical, 2 [PSU]
# name 17 = potemp068C: Potential Temperature [ITS-68, deg C]
# name 18 = potemp168C: Potential Temperature, 2 [ITS-68, deg C]
# name 19 = sigma-é00: Density [sigma-theta, Kg/m^3]
# name 20 = sigma-é11: Density, 2 [sigma-theta, Kg/m^3]
# name 21 = sbeox0ML/L: Oxygen, SBE 43 [ml/l], WS = 2
# name 22 = sbeox1ML/L: Oxygen, SBE 43, 2 [ml/l], WS = 2
# name 23 = nbin: number of scans per bin
# name 24 = flag: flag
# span 0 =       5771,      31284       
# span 1 =    240.399,   1303.462       
# span 2 =      2.000,    909.000       
# span 3 =     0.8116,     8.1432       
# span 4 =   2.892732,   3.539333       
# span 5 =     0.8114,     8.1475       
# span 6 =   2.892165,   3.539095       
# span 7 =       2.85,     101.13       
# span 8 =     0.0080,     0.4116       
# span 9 =     2.5757,     3.6527       
# span 10 =     2.2745,     3.1785      
# span 11 =  30.001347,  34.622543      
# span 12 =  1.3314099,  8.1830835      
# span 13 =   47.90098,   47.90292      
# span 14 =  -46.06181,  -46.06016      
# span 15 =    33.1083,    34.9087      
# span 16 =    33.1069,    34.9078      
# span 17 =     0.8094,     8.1426      
# span 18 =     0.8092,     8.1469      
# span 19 =    25.8025,    27.7512      
# span 20 =    25.8010,    27.7505      
# span 21 =    6.22076,    8.37410      
# span 22 =    6.21418,    8.30116      
# span 23 =         13,         98      
# span 24 = 0.0000e+00, 0.0000e+00      
# interval = decibars: 1                
# start_time = Jul 10 2014 22:46:18 [NMEA time, header]
# bad_flag = -9.990e-29
*END*
[from data line 638]
      23982    999.205    640.000     3.8541   3.260715     3.8538   3.260617      98.63     0.0167     2.7594     2.4355  33.824181  3.8791263   47.90236  -46.06138    34.8751    34.8744     3.8078     3.8074    27.7069    27.7063    6.51951    6.52842         25 0.0000e+00
      24007   1000.269    641.000     3.8579   3.261158     3.8565   3.260965      98.64     0.0181     2.7583     2.4347  33.827553  3.8659902   47.90236  -46.06138    34.8759    34.8750     3.8114     3.8116    27.7071    27.7065    6.51893    6.52914         26 0.0000e+00
      24033   1001.324    642.000     3.8626   3.261685     3.8624   3.261623      72.89     0.0190     2.7578     2.4348  33.829693  3.8656867   47.90236  -46.06138    34.8766    34.8761     3.8161     3.8158    27.7072    27.7069    6.52294    6.53377         24 0.0000e+00
      24056   1002.308    643.000     3.8682   3.262318     3.8680   3.262257      73.28     0.0171     2.7575     2.4347  33.824089  3.8655279   47.90236  -46.06138    34.8777    34.8771     3.8215     3.8214    27.7075    27.7071    6.51816    6.52802         23 0.0000e+00
      24078   1003.208    644.000     3.8730   3.262866     3.8724   3.262771      98.63     0.0149     2.7573     2.4341  33.824177  3.8670268   47.90236  -46.06138    34.8786    34.8780     3.8263     3.8257    27.7077    27.7073    6.52191    6.52200         21 0.0000e+00
      24098   1004.062    645.000     3.8763   3.263251     3.8762   3.263177      98.63     0.0156     2.7569     2.4336  33.815392  3.8678870   47.90234  -46.06136    34.8791    34.8784     3.8295     3.8293    27.7078    27.7072    6.51476    6.52073         20 0.0000e+00
      24118   1004.886    646.000     3.8774   3.263410     3.8773   3.263330      98.53     0.0147     2.7560     2.4329  33.813213  3.8693354   47.90235  -46.06136    34.8793    34.8785     3.8305     3.8303    27.7079    27.7072    6.51467    6.51547         20 0.0000e+00
      24138   1005.728    647.000     3.8783   3.263541     3.8778   3.263425      98.64     0.0133     2.7559     2.4319  33.811726  3.8713038   47.90235  -46.06136    34.8794    34.8786     3.8313     3.8308    27.7079    27.7072    6.50992    6.51897         20 0.0000e+00
      24159   1006.590    648.000     3.8782   3.263582     3.8776   3.263437      98.64     0.0133     2.7545     2.4320  33.808102  3.8782442   47.90234  -46.06136    34.8795    34.8784     3.8311     3.8305    27.7079    27.7071    6.51225    6.52380         21 0.0000e+00
      24181   1007.496    649.000     3.8732   3.263114     3.8734   3.263040      98.63     0.0162     2.7547     2.4317  33.806980  3.8774252   47.90234  -46.06136    34.8787    34.8776     3.8260     3.8263    27.7078    27.7069    6.51768    6.51275         23 0.0000e+00
      24204   1008.473    650.000     3.8700   3.262871     3.8697   3.262759      98.64     0.0158     2.7544     2.4300  33.799805  3.8791094   47.90234  -46.06136    34.8787    34.8776     3.8228     3.8225    27.7082    27.7074    6.50885    6.50724         24 0.0000e+00
      24229   1009.488    651.000     3.8727   3.263206     3.8717   3.263032      98.64     0.0151     2.7522     2.4293  33.800373  3.8787100   47.90234  -46.06136    34.8791    34.8782     3.8255     3.8244    27.7082    27.7076    6.50085    6.51580         24 0.0000e+00
      24252   1010.443    652.000     3.8727   3.263244     3.8721   3.263118      98.58     0.0115     2.7522     2.4291  33.799530  3.8751047   47.90234  -46.06136    34.8792    34.8783     3.8253     3.8248    27.7083    27.7076    6.51908    6.52140         22 0.0000e+00
      24273   1011.329    653.000     3.8754   3.263571     3.8750   3.263451      98.46     0.0093     2.7525     2.4295  33.798367  3.8758614   47.90234  -46.06136    34.8797    34.8787     3.8279     3.8275    27.7084    27.7077    6.51907    6.52760         21 0.0000e+00
      24294   1012.200    654.000     3.8741   3.263481     3.8738   3.263380      98.63     0.0111     2.7525     2.4299  33.808723  3.8703389   47.90234  -46.06136    34.8795    34.8785     3.8265     3.8263    27.7084    27.7077    6.51792    6.52729         21 0.0000e+00
      24316   1013.124    655.000     3.8738   3.263490     3.8737   3.263437      98.63     0.0137     2.7523     2.4299  33.809525  3.8693540   47.90234  -46.06134    34.8794    34.8789     3.8261     3.8260    27.7084    27.7080    6.51516    6.52349         23 0.0000e+00
      24339   1014.099    656.000     3.8786   3.264041     3.8792   3.264038      98.64     0.0167     2.7522     2.4297  33.809525  3.8715107   47.90234  -46.06134    34.8803    34.8796     3.8308     3.8315    27.7086    27.7080    6.51624    6.52276         23 0.0000e+00
      24362   1015.033    657.000     3.8741   3.263633     3.8737   3.263475      98.63     0.0172     2.7515     2.4297  33.809525  3.8747211   47.90234  -46.06134    34.8797    34.8783     3.8263     3.8259    27.7086    27.7075    6.51232    6.52438         22 0.0000e+00
      24383   1015.908    658.000     3.8661   3.262881     3.8657   3.262753      98.63     0.0131     2.7517     2.4294  33.809525  3.8776944   47.90234  -46.06134    34.8787    34.8776     3.8183     3.8179    27.7086    27.7078    6.52702    6.52177         21 0.0000e+00
      24404   1016.791    659.000     3.8635   3.262659     3.8630   3.262534      98.50     0.0130     2.7524     2.4289  33.809525  3.8786542   47.90234  -46.06134    34.8784    34.8773     3.8156     3.8151    27.7086    27.7079    6.52219    6.52054         22 0.0000e+00
      24427   1017.742    660.000     3.8644   3.262803     3.8642   3.262725      98.52     0.0126     2.7517     2.4283  33.809525  3.8744857   47.90234  -46.06134    34.8786    34.8779     3.8164     3.8162    27.7087    27.7082    6.51619    6.51612         23 0.0000e+00
      24450   1018.713    661.000     3.8644   3.262849     3.8639   3.262728      98.64     0.0113     2.7510     2.4275  33.809525  3.8693266   47.90234  -46.06134    34.8786    34.8776     3.8164     3.8159    27.7087    27.7080    6.51686    6.51976         23 0.0000e+00
      24472   1019.632    662.000     3.8635   3.262795     3.8631   3.262671      98.64     0.0106     2.7509     2.4275  33.812336  3.8688841   47.90234  -46.06134    34.8784    34.8773     3.8153     3.8187    27.7087    27.7079    6.51492    6.52703         21 0.0000e+00
      24494   1020.533    663.000     3.8605   3.262539     3.8601   3.262425      98.64     0.0117     2.7498     2.4278  33.817585  3.8693590   47.90234  -46.06134    34.8780    34.8771     3.8123     3.8118    27.7087    27.7080    6.51549    6.53243         22 0.0000e+00
      24516   1021.463    664.000     3.8588   3.262422     3.8591   3.262389      98.64     0.0162     2.7503     2.4284  33.818447  3.8689263   47.90234  -46.06134    34.8778    34.8772     3.8106     3.8108    27.7087    27.7082    6.52875    6.53307         23 0.0000e+00
      24539   1022.404    665.000     3.8599   3.262591     3.8609   3.262631      98.63     0.0141     2.7506     2.4282  33.825573  3.8662202   47.90234  -46.06134    34.8781    34.8775     3.8116     3.8126    27.7089    27.7083    6.52748    6.52256         22 0.0000e+00
      24561   1023.332    666.000     3.8603   3.262680     3.8599   3.262558      98.23     0.0145     2.7509     2.4274  33.824829  3.8657916   47.90234  -46.06134    34.8783    34.8773     3.8119     3.8115    27.7089    27.7082    6.52472    6.51472         22 0.0000e+00
      24583   1024.253    667.000     3.8593   3.262626     3.8591   3.262520      98.64     0.0172     2.7504     2.4262  33.824173  3.8642514   47.90234  -46.06132    34.8781    34.8772     3.8108     3.8106    27.7090    27.7082    6.52682    6.51479         23 0.0000e+00
      24605   1025.171    668.000     3.8562   3.262350     3.8556   3.262207      98.63     0.0187     2.7510     2.4257  33.825485  3.8649013   47.90234  -46.06132    34.8777    34.8766     3.8076     3.8071    27.7089    27.7081    6.52378    6.51884         22 0.0000e+00
      24627   1026.077    669.000     3.8529   3.262076     3.8523   3.261916      98.64     0.0197     2.7498     2.4253  33.815186  3.8651648   47.90234  -46.06132    34.8773    34.8762     3.8043     3.8037    27.7090    27.7081    6.52453    6.52710         21 0.0000e+00
      24648   1026.959    670.000     3.8507   3.261915     3.8504   3.261809      98.63     0.0227     2.7502     2.4259  33.813709  3.8628402   47.90234  -46.06132    34.8772    34.8763     3.8021     3.8055    27.7091    27.7084    6.52418    6.53698         21 0.0000e+00
      24669   1027.826    671.000     3.8522   3.262108     3.8519   3.262022      98.63     0.0160     2.7497     2.4265  33.809563  3.8633020   47.90234  -46.06132    34.8775    34.8768     3.8034     3.8032    27.7092    27.7086    6.52691    6.54252         21 0.0000e+00
      24690   1028.689    672.000     3.8548   3.262429     3.8550   3.262399      98.63     0.0101     2.7496     2.4276  33.809525  3.8625135   47.90234  -46.06132    34.8780    34.8774     3.8059     3.8061    27.7093    27.7089    6.52782    6.54305         20 0.0000e+00
      24711   1029.564    673.000     3.8524   3.262224     3.8534   3.262226      98.03     0.0106     2.7497     2.4276  33.809525  3.8635826   47.90234  -46.06132    34.8776    34.8765     3.8035     3.8045    27.7093    27.7083    6.51798    6.52668         22 0.0000e+00
      24732   1030.467    674.000     3.8510   3.262156     3.8511   3.262109      98.63     0.0130     2.7474     2.4261  33.809525  3.8613899   47.90234  -46.06132    34.8777    34.8770     3.8020     3.8022    27.7095    27.7089    6.48698    6.50934         22 0.0000e+00
      24757   1031.490    675.000     3.8521   3.262298     3.8518   3.262196      98.64     0.0149     2.7439     2.4239  33.812748  3.8603189   47.90234  -46.06132    34.8777    34.8768     3.8030     3.8028    27.7094    27.7087    6.47592    6.49592         27 0.0000e+00
      24786   1032.688    676.000     3.8546   3.262608     3.8547   3.262566      98.63     0.0204     2.7396     2.4206  33.825413  3.8616295   47.90233  -46.06132    34.8783    34.8777     3.8054     3.8055    27.7096    27.7091    6.46238    6.48500         29 0.0000e+00
      24812   1033.785    677.000     3.8600   3.263223     3.8596   3.263149      98.64     0.0160     2.7361     2.4180  33.817566  3.8612731   47.90232  -46.06132    34.8793    34.8788     3.8108     3.8104    27.7098    27.7095    6.45807    6.47641         23 0.0000e+00
      24833   1034.665    678.000     3.8739   3.264733     3.8730   3.264688      98.64     0.0135     2.7335     2.4160  33.806358  3.8595493   47.90233  -46.06132    34.8820    34.8824     3.8245     3.8236    27.7106    27.7110    6.46147    6.47090         20 0.0000e+00
      24852   1035.444    679.000     3.8965   3.267121     3.8943   3.266967      98.22     0.0161     2.7333     2.4144  33.806267  3.8606787   47.90234  -46.06132    34.8858    34.8864     3.8469     3.8447    27.7114    27.7120    6.46118    6.46794         18 0.0000e+00
      24870   1036.208    680.000     3.9085   3.268369     3.9076   3.268250      98.11     0.0170     2.7313     2.4132  33.809521  3.8647232   47.90234  -46.06132    34.8874    34.8869     3.8587     3.8579    27.7114    27.7111    6.44973    6.46755         19 0.0000e+00
      24890   1037.028    681.000     3.9114   3.268726     3.9110   3.268633      98.63     0.0202     2.7299     2.4123  33.809525  3.8624148   47.90234  -46.06132    34.8880    34.8873     3.8616     3.8612    27.7116    27.7111    6.45731    6.46805         21 0.0000e+00
      24912   1037.946    682.000     3.9116   3.268792     3.9113   3.268697      98.64     0.0189     2.7291     2.4116  33.807011  3.8776443   47.90234  -46.06132    34.8881    34.8873     3.8616     3.8648    27.7117    27.7111    6.45259    6.47288         23 0.0000e+00
      24936   1038.956    683.000     3.9128   3.268971     3.9124   3.268865      98.63     0.0165     2.7285     2.4115  33.804256  3.8888676   47.90233  -46.06132    34.8884    34.8876     3.8628     3.8623    27.7118    27.7112    6.47244    6.48546         25 0.0000e+00
      24961   1039.996    684.000     3.9118   3.268897     3.9110   3.268731      98.64     0.0137     2.7301     2.4130  33.818260  3.8951161   47.90232  -46.06131    34.8881    34.8870     3.8617     3.8609    27.7117    27.7108    6.50624    6.50623         25 0.0000e+00
      24985   1041.000    685.000     3.9018   3.267945     3.9026   3.267913      98.63     0.0145     2.7340     2.4148  33.825447  3.8986557   47.90232  -46.06130    34.8869    34.8856     3.8517     3.8525    27.7117    27.7106    6.52460    6.51323         23 0.0000e+00
      25008   1041.968    686.000     3.8959   3.267398     3.8961   3.267336      98.64     0.0172     2.7371     2.4165  33.827381  3.9008019   47.90232  -46.06130    34.8861    34.8852     3.8458     3.8459    27.7117    27.7110    6.53538    6.52500         23 0.0000e+00
      25031   1042.917    687.000     3.8896   3.266783     3.8916   3.266886      93.50     0.0166     2.7400     2.4185  33.833736  3.9020555   47.90233  -46.06130    34.8849    34.8840     3.8394     3.8431    27.7114    27.7105    6.53354    6.53043         23 0.0000e+00
      25053   1043.841    688.000     3.8731   3.265157     3.8767   3.265327      68.64     0.0129     2.7417     2.4197  33.844017  3.8987029   47.90234  -46.06130    34.8826    34.8808     3.8229     3.8265    27.7112    27.7095    6.53761    6.52857         22 0.0000e+00
      25074   1044.723    689.000     3.8455   3.262394     3.8474   3.262356      98.42     0.0121     2.7430     2.4201  33.859234  3.8967171   47.90234  -46.06130    34.8785    34.8760     3.7954     3.7973    27.7108    27.7086    6.53764    6.53071         20 0.0000e+00
      25095   1045.567    690.000     3.8302   3.260902     3.8319   3.260966      98.64     0.0136     2.7440     2.4205  33.862289  3.8932648   47.90234  -46.06130    34.8765    34.8755     3.7801     3.7818    27.7108    27.7098    6.54526    6.53630         20 0.0000e+00
      25115   1046.434    691.000     3.8245   3.260396     3.8244   3.260258      98.63     0.0127     2.7449     2.4210  33.885326  3.8788381   47.90234  -46.06130    34.8759    34.8744     3.7744     3.7742    27.7109    27.7097    6.54208    6.54174         21 0.0000e+00
      25137   1047.315    692.000     3.8223   3.260215     3.8219   3.260081      98.63     0.0188     2.7448     2.4216  33.884781  3.8791208   47.90234  -46.06130    34.8756    34.8745     3.7721     3.7717    27.7109    27.7101    6.53718    6.54137         22 0.0000e+00
      25159   1048.236    693.000     3.8206   3.260093     3.8204   3.259993      98.63     0.0189     2.7451     2.4216  33.869640  3.8477507   47.90232  -46.06130    34.8754    34.8745     3.7703     3.7702    27.7109    27.7102    6.54029    6.53910         23 0.0000e+00
      25182   1049.209    694.000     3.8211   3.260203     3.8204   3.260046      98.64     0.0154     2.7446     2.4217  33.868160  3.8457775   47.90232  -46.06130    34.8758    34.8746     3.7707     3.7700    27.7111    27.7103    6.53008    6.53409         24 0.0000e+00
      25207   1050.257    695.000     3.8220   3.260352     3.8215   3.260224      98.63     0.0153     2.7433     2.4207  33.863682  3.8367846   47.90232  -46.06130    34.8760    34.8750     3.7716     3.7711    27.7112    27.7105    6.50907    6.52334         26 0.0000e+00
      25233   1051.326    696.000     3.8211   3.260309     3.8212   3.260248      38.96     0.0131     2.7408     2.4193  33.862865  3.8373096   47.90232  -46.06130    34.8760    34.8751     3.7705     3.7707    27.7114    27.7106    6.50538    6.52218         25 0.0000e+00
