data/CTD/2014/CNV/d017a029.cnv
* Sea-Bird SBE 9 Data File:
* FileName = C:\CTD_ACQUISITION\2014017HUD\ctddata\017A029.hdr
* Software Version Seasave V 7.22.2
* Temperature SN = 5081
* Conductivity SN = 3561
* Number of Bytes Per Scan = 37
* Number of Voltage Words = 4
* Number of Scans Averaged by the Deck Unit = 1
* NMEA Latitude = 48 48.41 N
* NMEA Longitude = 045 41.69 W
* NMEA UTC (Time) = Jul 07 2014 04:13:45
* NMEA baud rate = 9600
** Ship: Hudson
** Cruise: HUD2014017
** Chief_Scientist: Blair Greenan
** Organization: BIO
** Area_of_Operation: Sackville Spur
** Station: 029
** Sounding:  1758
** Event_Comments: SS_025, 403166
# nquan = 25
# nvalues = 1819                        
# units = specified
# name 0 = scan: Scan Count
# name 1 = timeS: Time, Elapsed [seconds]
# name 2 = prDM: Pressure, Digiquartz [db]
# name 3 = t068C: Temperature [ITS-68, deg C]
# name 4 = c0S/m: Conductivity [S/m]
# name 5 = t168C: Temperature, 2 [ITS-68, deg C]
# name 6 = c1S/m: Conductivity, 2 [S/m]
# name 7 = altM: Altimeter [m]
# name 8 = flC: Fluorescence, Chelsea Aqua 3 Chl Con [ug/l]
# name 9 = sbeox0V: Oxygen raw, SBE 43 [V]
# name 10 = sbeox1V: Oxygen raw, SBE 43, 2 [V]
# name 11 = upoly0: Upoly 0, Optode 4330F - O2 D-Phase
# name 12 = upoly1: Upoly 1, Optode 4330F - O2 Temp
# name 13 = latitude: Latitude [deg]
# name 14 = longitude: Longitude [deg]
# name 15 = sal00: Salinity, Practical [PSU]
# name 16 = sal11: Salinity, Practical, 2 [PSU]
# name 17 = potemp068C: Potential Temperature [ITS-68, deg C]
# name 18 = potemp168C: Potential Temperature, 2 [ITS-68, deg C]
# name 19 = sigma-é00: Density [sigma-theta, Kg/m^3]
# name 20 = sigma-é11: Density, 2 [sigma-theta, Kg/m^3]
# name 21 = sbeox0ML/L: Oxygen, SBE 43 [ml/l], WS = 2
# name 22 = sbeox1ML/L: Oxygen, SBE 43, 2 [ml/l], WS = 2
# name 23 = nbin: number of scans per bin
# name 24 = flag: flag
# span 0 =       5687,      52511       
# span 1 =    236.931,   2187.909       
# span 2 =      1.000,   1819.000       
# span 3 =     2.8016,     8.7629       
# span 4 =   3.103160,   3.582251       
# span 5 =     2.8009,     8.7618       
# span 6 =   3.102940,   3.582204       
# span 7 =       1.29,     102.41       
# span 8 =     0.0034,     0.2782       
# span 9 =     2.3484,     3.6086       
# span 10 =     2.0786,     3.1414      
# span 11 =  30.135391,  35.141972      
# span 12 =  2.9211826,  8.8102322      
# span 13 =   48.80744,   48.81148      
# span 14 =  -45.69448,  -45.69356      
# span 15 =    33.8049,    34.9163      
# span 16 =    33.8041,    34.9156      
# span 17 =     2.7980,     8.7612      
# span 18 =     2.7973,     8.7602      
# span 19 =    26.2233,    27.8210      
# span 20 =    26.2226,    27.8207      
# span 21 =    6.26489,    7.97927      
# span 22 =    6.24680,    7.99071      
# span 23 =          3,         92      
# span 24 = 0.0000e+00, 0.0000e+00      
# interval = decibars: 1                
# start_time = Jul 07 2014 04:13:45 [NMEA time, header]
# bad_flag = -9.990e-29
*END*
[from data line 1218]
      37691   1570.399   1219.000     3.6982   3.274570     3.6978   3.274484      95.81     0.0180     2.5267     2.2354  34.513577  3.6935349   48.81088  -45.69382    34.9064    34.9059     3.6059     3.6055    27.7522    27.7518    6.33146    6.33228         18 0.0000e+00
      37709   1571.171   1220.000     3.6977   3.274576     3.6972   3.274484      66.46     0.0171     2.5257     2.2351  34.514366  3.6935287   48.81088  -45.69382    34.9065    34.9060     3.6054     3.6049    27.7523    27.7519    6.32518    6.32566         19 0.0000e+00
      37729   1572.010   1221.000     3.6975   3.274603     3.6969   3.274504      98.24     0.0191     2.5254     2.2343  34.525997  3.6935287   48.81088  -45.69382    34.9066    34.9060     3.6051     3.6045    27.7524    27.7520    6.32564    6.31991         22 0.0000e+00
      37760   1573.276   1222.000     3.6974   3.274639     3.6969   3.274535      98.64     0.0177     2.5246     2.2333  34.533131  3.6898823   48.81088  -45.69382    34.9065    34.9059     3.6050     3.6058    27.7524    27.7519    6.32596    6.31829         44 0.0000e+00
      37807   1575.239   1223.000     3.6946   3.274467     3.6941   3.274354      98.33     0.0149     2.5236     2.2315  34.532341  3.6921327   48.81088  -45.69382    34.9070    34.9062     3.6021     3.6014    27.7530    27.7524    6.32310    6.30990         35 0.0000e+00
      37831   1576.252   1224.000     3.6938   3.274445     3.6932   3.274331      98.42     0.0184     2.5228     2.2305  34.530094  3.6940129   48.81088  -45.69382    34.9071    34.9063     3.6012     3.6072    27.7532    27.7526    6.32096    6.31264         22 0.0000e+00
      37852   1577.142   1225.000     3.6918   3.274327     3.6912   3.274226      98.64     0.0184     2.5223     2.2301  34.530266  3.6939943   48.81088  -45.69382    34.9073    34.9067     3.5991     3.5984    27.7536    27.7531    6.32120    6.31734         21 0.0000e+00
      37874   1578.029   1226.000     3.6907   3.274298     3.6902   3.274188      98.64     0.0241     2.5217     2.2299  34.532154  3.6912837   48.81090  -45.69382    34.9076    34.9068     3.5980     3.5974    27.7539    27.7534    6.32165    6.31836         22 0.0000e+00
      37895   1578.915   1227.000     3.6890   3.274206     3.6885   3.274101      98.64     0.0233     2.5214     2.2297  34.533749  3.6921320   48.81090  -45.69382    34.9078    34.9070     3.5962     3.5957    27.7543    27.7537    6.32050    6.32137         21 0.0000e+00
      37915   1579.744   1228.000     3.6883   3.274192     3.6878   3.274094      98.64     0.0214     2.5208     2.2297  34.536476  3.6924489   48.81090  -45.69382    34.9079    34.9073     3.5954     3.5948    27.7544    27.7540    6.32569    6.32096         18 0.0000e+00
      37933   1580.479   1229.000     3.6882   3.274236     3.6877   3.274137      98.64     0.0159     2.5209     2.2294  34.542290  3.6829195   48.81090  -45.69382    34.9079    34.9073     3.5952     3.5947    27.7545    27.7540    6.32597    6.31930         17 0.0000e+00
      37949   1581.165   1230.000     3.6879   3.274248     3.6874   3.274143      98.64     0.0189     2.5207     2.2293  34.542126  3.6820405   48.81090  -45.69380    34.9080    34.9072     3.5948     3.5943    27.7545    27.7540    6.32436    6.31541         17 0.0000e+00
      37966   1581.870   1231.000     3.6871   3.274225     3.6866   3.274121      98.64     0.0214     2.5205     2.2287  34.542126  3.6800346   48.81090  -45.69380    34.9080    34.9073     3.5940     3.5935    27.7547    27.7541    6.33415    6.31004         18 0.0000e+00
      37988   1582.805   1232.000     3.6860   3.274176     3.6856   3.274077      85.49     0.0209     2.5204     2.2279  34.542126  3.6751246   48.81090  -45.69380    34.9081    34.9074     3.5928     3.5924    27.7548    27.7543    6.31749    6.31179         30 0.0000e+00
      38049   1585.334   1233.000     3.6862   3.274233     3.6858   3.274146      95.47     0.0156     2.5185     2.2282  34.541386  3.6733303   48.81090  -45.69380    34.9080    34.9074     3.5929     3.5925    27.7547    27.7543    6.31948    6.32970         50 0.0000e+00
      38073   1586.352   1234.000     3.6859   3.274260     3.6854   3.274158      98.71     0.0157     2.5179     2.2284  34.542133  3.6786511   48.81090  -45.69380    34.9082    34.9075     3.5925     3.5920    27.7549    27.7545    6.31302    6.31421         17 0.0000e+00
      38090   1587.030   1235.000     3.6858   3.274311     3.6853   3.274197      98.64     0.0152     2.5175     2.2277  34.542126  3.6850631   48.81090  -45.69380    34.9083    34.9076     3.5924     3.5918    27.7551    27.7545    6.31787    6.31048         16 0.0000e+00
      38105   1587.677   1236.000     3.6853   3.274312     3.6849   3.274214      98.64     0.0134     2.5173     2.2272  34.543930  3.6837792   48.81090  -45.69380    34.9084    34.9077     3.5917     3.5913    27.7552    27.7547    6.32214    6.31515         16 0.0000e+00
      38121   1588.341   1237.000     3.6839   3.274249     3.6835   3.274140      98.64     0.0114     2.5173     2.2271  34.558323  3.6777747   48.81090  -45.69380    34.9086    34.9078     3.5903     3.5898    27.7555    27.7549    6.31469    6.31651         16 0.0000e+00
      38140   1589.135   1238.000     3.6831   3.274214     3.6826   3.274109      98.64     0.0145     2.5162     2.2268  34.558075  3.6769922   48.81092  -45.69380    34.9086    34.9079     3.5894     3.5888    27.7556    27.7551    6.31485    6.31625         23 0.0000e+00
      38178   1590.720   1239.000     3.6824   3.274188     3.6820   3.274100      68.05     0.0184     2.5159     2.2262  34.559921  3.6710639   48.81092  -45.69380    34.9085    34.9078     3.5886     3.5883    27.7555    27.7551    6.31690    6.31767         48 0.0000e+00
      38211   1592.092   1240.000     3.6823   3.274235     3.6817   3.274120      99.82     0.0122     2.5153     2.2262  34.558266  3.6719573   48.81092  -45.69380    34.9087    34.9080     3.5884     3.5878    27.7558    27.7552    6.31549    6.32077         19 0.0000e+00
      38228   1592.795   1241.000     3.6820   3.274259     3.6815   3.274159      98.63     0.0135     2.5150     2.2262  34.559563  3.6791029   48.81092  -45.69380    34.9088    34.9081     3.5880     3.5876    27.7559    27.7553    6.31648    6.31707         16 0.0000e+00
      38243   1593.436   1242.000     3.6814   3.274255     3.6808   3.274146      98.64     0.0126     2.5150     2.2257  34.557701  3.6798828   48.81092  -45.69380    34.9089    34.9081     3.5873     3.5868    27.7560    27.7555    6.31421    6.31171         15 0.0000e+00
      38259   1594.069   1243.000     3.6799   3.274189     3.6795   3.274082      93.49     0.0137     2.5139     2.2253  34.557693  3.6776335   48.81092  -45.69380    34.9091    34.9083     3.5858     3.5854    27.7564    27.7558    6.30959    6.31286         16 0.0000e+00
      38275   1594.759   1244.000     3.6791   3.274170     3.6786   3.274067      96.65     0.0161     2.5139     2.2250  34.559994  3.6687164   48.81092  -45.69379    34.9092    34.9086     3.5849     3.5844    27.7565    27.7560    6.31635    6.31764         18 0.0000e+00
      38310   1596.210   1245.000     3.6787   3.274169     3.6783   3.274076      98.39     0.0173     2.5136     2.2249  34.566723  3.6678119   48.81092  -45.69378    34.9091    34.9085     3.5844     3.5851    27.7565    27.7560    6.31749    6.31793         59 0.0000e+00
      38363   1598.424   1246.000     3.6784   3.274197     3.6775   3.274062      98.64     0.0187     2.5130     2.2239  34.564083  3.6673169   48.81092  -45.69378    34.9093    34.9086     3.5840     3.5831    27.7567    27.7562    6.31663    6.30874         25 0.0000e+00
      38380   1599.120   1247.000     3.6767   3.274104     3.6762   3.274004      98.64     0.0166     2.5128     2.2237  34.565392  3.6693833   48.81092  -45.69378    34.9095    34.9089     3.5822     3.5817    27.7570    27.7566    6.31270    6.31345         17 0.0000e+00
      38396   1599.797   1248.000     3.6760   3.274094     3.6753   3.273995      98.63     0.0140     2.5124     2.2234  34.566555  3.6694345   48.81093  -45.69378    34.9096    34.9091     3.5815     3.5809    27.7572    27.7569    6.31239    6.31490         15 0.0000e+00
      38412   1600.438   1249.000     3.6757   3.274128     3.6752   3.274023      98.63     0.0111     2.5123     2.2232  34.571430  3.6782677   48.81094  -45.69378    34.9098    34.9091     3.5812     3.5806    27.7573    27.7569    6.31398    6.31360         16 0.0000e+00
      38427   1601.083   1250.000     3.6752   3.274133     3.6747   3.274040      98.64     0.0131     2.5118     2.2229  34.571430  3.6764922   48.81094  -45.69378    34.9099    34.9093     3.5806     3.5801    27.7575    27.7571    6.31121    6.31000         16 0.0000e+00
      38444   1601.812   1251.000     3.6750   3.274159     3.6745   3.274058      69.79     0.0150     2.5113     2.2224  34.571430  3.6730683   48.81094  -45.69378    34.9099    34.9093     3.5803     3.5798    27.7575    27.7571    6.30825    6.30861         19 0.0000e+00
      38473   1603.013   1252.000     3.6751   3.274193     3.6745   3.274095      92.83     0.0175     2.5106     2.2219  34.574669  3.6648486   48.81094  -45.69378    34.9097    34.9092     3.5803     3.5797    27.7574    27.7570    6.31232    6.31108         42 0.0000e+00
      38512   1604.637   1253.000     3.6753   3.274257     3.6747   3.274164      98.90     0.0179     2.5100     2.2215  34.586826  3.6642246   48.81094  -45.69378    34.9098    34.9093     3.5804     3.5798    27.7574    27.7571    6.31203    6.31071         27 0.0000e+00
      38533   1605.512   1254.000     3.6754   3.274314     3.6748   3.274210      98.64     0.0177     2.5097     2.2209  34.586082  3.6642246   48.81094  -45.69378    34.9098    34.9092     3.5804     3.5798    27.7575    27.7570    6.31345    6.30712         19 0.0000e+00
      38552   1606.309   1255.000     3.6752   3.274340     3.6746   3.274240      98.63     0.0158     2.5098     2.2207  34.573681  3.6656835   48.81094  -45.69378    34.9099    34.9093     3.5801     3.5795    27.7575    27.7571    6.31648    6.30753         20 0.0000e+00
      38574   1607.197   1256.000     3.6748   3.274356     3.6742   3.274240      98.63     0.0158     2.5097     2.2201  34.573864  3.6658471   48.81094  -45.69378    34.9099    34.9092     3.5796     3.5790    27.7576    27.7571    6.31499    6.30577         24 0.0000e+00
      38601   1608.343   1257.000     3.6747   3.274387     3.6741   3.274279      98.64     0.0128     2.5096     2.2197  34.586445  3.6645632   48.81094  -45.69378    34.9099    34.9092     3.5795     3.5789    27.7576    27.7571    6.31712    6.30736         30 0.0000e+00
      38628   1609.477   1258.000     3.6747   3.274437     3.6741   3.274328      57.14     0.0135     2.5090     2.2193  34.584778  3.6642191   48.81094  -45.69378    34.9100    34.9093     3.5794     3.5788    27.7577    27.7572    6.30821    6.30426         23 0.0000e+00
      38650   1610.390   1259.000     3.6749   3.274492     3.6743   3.274390      75.55     0.0137     2.5085     2.2187  34.589649  3.6642246   48.81096  -45.69378    34.9100    34.9094     3.5794     3.5824    27.7577    27.7572    6.31088    6.30228         21 0.0000e+00
      38671   1611.237   1260.000     3.6750   3.274540     3.6744   3.274439      98.86     0.0146     2.5083     2.2182  34.588268  3.6642246   48.81096  -45.69378    34.9099    34.9093     3.5795     3.5826    27.7576    27.7572    6.31237    6.29912         20 0.0000e+00
      38691   1612.071   1261.000     3.6750   3.274581     3.6745   3.274487      98.63     0.0167     2.5080     2.2176  34.590500  3.6642246   48.81096  -45.69378    34.9099    34.9093     3.5794     3.5788    27.7576    27.7572    6.31379    6.30041         20 0.0000e+00
      38710   1612.888   1262.000     3.6747   3.274611     3.6741   3.274498      88.85     0.0168     2.5080     2.2173  34.591496  3.6642246   48.81096  -45.69378    34.9101    34.9093     3.5790     3.5785    27.7578    27.7573    6.30817    6.29792         19 0.0000e+00
      38729   1613.683   1263.000     3.6728   3.274510     3.6722   3.274395      98.86     0.0190     2.5069     2.2166  34.590691  3.6642246   48.81096  -45.69378    34.9103    34.9096     3.5771     3.5765    27.7582    27.7577    6.30620    6.30199         19 0.0000e+00
      38749   1614.488   1264.000     3.6717   3.274471     3.6712   3.274364      98.63     0.0175     2.5067     2.2167  34.586773  3.6642246   48.81096  -45.69378    34.9106    34.9099     3.5759     3.5754    27.7585    27.7580    6.30710    6.30728         20 0.0000e+00
      38769   1615.351   1265.000     3.6713   3.274464     3.6707   3.274367      98.63     0.0153     2.5064     2.2167  34.585423  3.6642246   48.81096  -45.69378    34.9105    34.9099     3.5754     3.5748    27.7585    27.7581    6.31201    6.30683         22 0.0000e+00
      38792   1616.297   1266.000     3.6711   3.274504     3.6705   3.274399      98.63     0.0149     2.5058     2.2164  34.598900  3.6642246   48.81096  -45.69378    34.9106    34.9100     3.5751     3.5745    27.7586    27.7582    6.30499    6.30267         23 0.0000e+00
      38815   1617.264   1267.000     3.6711   3.274551     3.6706   3.274448      98.63     0.0151     2.5054     2.2160  34.600113  3.6642246   48.81096  -45.69378    34.9106    34.9100     3.5750     3.5745    27.7586    27.7582    6.31090    6.29712         23 0.0000e+00
      38837   1618.172   1268.000     3.6712   3.274601     3.6707   3.274501      98.64     0.0175     2.5050     2.2152  34.601437  3.6642246   48.81098  -45.69378    34.9106    34.9100     3.5751     3.5745    27.7586    27.7582    6.29783    6.29531         21 0.0000e+00
      38858   1619.024   1269.000     3.6713   3.274655     3.6707   3.274548      98.63     0.0182     2.5038     2.2147  34.602936  3.6642246   48.81098  -45.69378    34.9107    34.9100     3.5750     3.5745    27.7587    27.7582    6.29978    6.29719         20 0.0000e+00
      38878   1619.866   1270.000     3.6714   3.274709     3.6709   3.274611      97.94     0.0148     2.5037     2.2144  34.601444  3.6642246   48.81098  -45.69378    34.9107    34.9101     3.5751     3.5746    27.7586    27.7582    6.30555    6.30026         21 0.0000e+00
      38899   1620.740   1271.000     3.6716   3.274764     3.6710   3.274666      54.59     0.0168     2.5031     2.2142  34.600739  3.6642246   48.81098  -45.69378    34.9107    34.9101     3.5751     3.5746    27.7587    27.7582    6.30032    6.30007         21 0.0000e+00
      38921   1621.656   1272.000     3.6714   3.274798     3.6708   3.274693      98.10     0.0200     2.5023     2.2139  34.602619  3.6642246   48.81098  -45.69378    34.9108    34.9102     3.5748     3.5743    27.7588    27.7583    6.30155    6.29321         23 0.0000e+00
      38944   1622.638   1273.000     3.6705   3.274780     3.6700   3.274680      98.64     0.0215     2.5023     2.2130  34.617863  3.6642246   48.81098  -45.69378    34.9110    34.9103     3.5739     3.5734    27.7591    27.7585    6.30344    6.29358         25 0.0000e+00
      38974   1623.872   1274.000     3.6691   3.274701     3.6687   3.274611      98.64     0.0172     2.5013     2.2124  34.609833  3.6642246   48.81098  -45.69378    34.9110    34.9104     3.5724     3.5721    27.7592    27.7587    6.29893    6.29388         35 0.0000e+00
      39011   1625.398   1275.000     3.6679   3.274645     3.6674   3.274540      98.64     0.0149     2.5003     2.2122  34.600677  3.6642246   48.81098  -45.69378    34.9111    34.9104     3.5712     3.5707    27.7594    27.7589    6.29661    6.29982         32 0.0000e+00
