data/CTD/2014/CNV/d017a038.cnv
* Sea-Bird SBE 9 Data File:
* FileName = C:\CTD_ACQUISITION\2014017HUD\ctddata\017A038.hdr
* Software Version Seasave V 7.22.2
* Temperature SN = 5081
* Conductivity SN = 3561
* Number of Bytes Per Scan = 37
* Number of Voltage Words = 4
* Number of Scans Averaged by the Deck Unit = 1
* NMEA Latitude = 48 18.52 N
* NMEA Longitude = 046 32.68 W
* NMEA UTC (Time) = Jul 10 2014 00:23:02
* NMEA baud rate = 9600
** Ship: Hudson
** Cruise: HUD2014017
** Chief_Scientist: Blair Greenan
** Organization: BIO
** Area_of_Operation: Sackville Spur
** Station: 038
** Sounding:  1034
** Event_Comments: SS_11, 403223
# nquan = 25
# nvalues = 1050                        
# units = specified
# name 0 = scan: Scan Count
# name 1 = timeS: Time, Elapsed [seconds]
# name 2 = prDM: Pressure, Digiquartz [db]
# name 3 = t068C: Temperature [ITS-68, deg C]
# name 4 = c0S/m: Conductivity [S/m]
# name 5 = t168C: Temperature, 2 [ITS-68, deg C]
# name 6 = c1S/m: Conductivity, 2 [S/m]
# name 7 = altM: Altimeter [m]
# name 8 = flC: Fluorescence, Chelsea Aqua 3 Chl Con [ug/l]
# name 9 = sbeox0V: Oxygen raw, SBE 43 [V]
# name 10 = sbeox1V: Oxygen raw, SBE 43, 2 [V]
# name 11 = upoly0: Upoly 0, Optode 4330F - O2 D-Phase
# name 12 = upoly1: Upoly 1, Optode 4330F - O2 Temp
# name 13 = latitude: Latitude [deg]
# name 14 = longitude: Longitude [deg]
# name 15 = sal00: Salinity, Practical [PSU]
# name 16 = sal11: Salinity, Practical, 2 [PSU]
# name 17 = potemp068C: Potential Temperature [ITS-68, deg C]
# name 18 = potemp168C: Potential Temperature, 2 [ITS-68, deg C]
# name 19 = sigma-é00: Density [sigma-theta, Kg/m^3]
# name 20 = sigma-é11: Density, 2 [sigma-theta, Kg/m^3]
# name 21 = sbeox0ML/L: Oxygen, SBE 43 [ml/l], WS = 2
# name 22 = sbeox1ML/L: Oxygen, SBE 43, 2 [ml/l], WS = 2
# name 23 = nbin: number of scans per bin
# name 24 = flag: flag
# span 0 =       6500,      35622       
# span 1 =    270.781,   1484.216       
# span 2 =      1.000,   1050.000       
# span 3 =    -1.2425,     7.7889       
# span 4 =   2.664490,   3.392440       
# span 5 =    -1.2391,     7.7890       
# span 6 =   2.664633,   3.392404       
# span 7 =       3.60,     126.19       
# span 8 =     0.0087,     0.0893       
# span 9 =     2.5882,     3.5765       
# span 10 =     2.2849,     3.0623      
# span 11 =  30.424816,  34.455383      
# span 12 = -0.9912657,  7.8273149      
# span 13 =   48.30790,   48.30950      
# span 14 =  -46.54275,  -46.53866      
# span 15 =    32.7494,    34.8942      
# span 16 =    32.7269,    34.8937      
# span 17 =    -1.2433,     7.7886      
# span 18 =    -1.2398,     7.7888      
# span 19 =    25.5377,    27.7396      
# span 20 =    25.5372,    27.7393      
# span 21 =    6.37372,    8.82626      
# span 22 =    6.36624,    8.72119      
# span 23 =         13,         88      
# span 24 = 0.0000e+00, 0.0000e+00      
# interval = decibars: 1                
# start_time = Jul 10 2014 00:23:02 [NMEA time, header]
# bad_flag = -9.990e-29
*END*
[from data line 522]
      21539    897.399    523.000     3.8156   3.250563     3.8155   3.250505     100.49     0.0107     2.8082     2.4795  33.648502  3.8256164   48.30884  -46.53900    34.8571    34.8565     3.7784     3.7782    27.6955    27.6951    6.57265    6.58986         30 0.0000e+00
      21564    898.473    524.000     3.8135   3.250422     3.8136   3.250383      96.34     0.0124     2.8081     2.4792  33.648350  3.8230925   48.30884  -46.53900    34.8570    34.8565     3.7762     3.7763    27.6957    27.6952    6.58159    6.58698         22 0.0000e+00
      21585    899.315    525.000     3.8133   3.250456     3.8134   3.250414      13.39     0.0161     2.8083     2.4786  33.647556  3.8204398   48.30884  -46.53900    34.8572    34.8566     3.7759     3.7760    27.6959    27.6954    6.57991    6.58196         19 0.0000e+00
      21603    900.102    526.000     3.8125   3.250426     3.8129   3.250401      98.49     0.0153     2.8081     2.4780  33.648346  3.8205128   48.30882  -46.53898    34.8571    34.8565     3.7750     3.7754    27.6959    27.6953    6.58012    6.58934         20 0.0000e+00
      21626    901.054    527.000     3.8118   3.250392     3.8120   3.250357      98.64     0.0158     2.8075     2.4783  33.648350  3.8205128   48.30882  -46.53898    34.8569    34.8563     3.7743     3.7745    27.6958    27.6953    6.57191    6.59146         28 0.0000e+00
      21665    902.677    528.000     3.8102   3.250275     3.8101   3.250230      48.86     0.0203     2.8068     2.4782  33.648350  3.8165562   48.30882  -46.53896    34.8567    34.8563     3.7726     3.7725    27.6958    27.6954    6.57679    6.59275         44 0.0000e+00
      21698    904.034    529.000     3.8104   3.250355     3.8102   3.250286      37.32     0.0134     2.8070     2.4780  33.649582  3.8139746   48.30880  -46.53896    34.8570    34.8564     3.7727     3.7725    27.6960    27.6955    6.57839    6.59083         24 0.0000e+00
      21718    904.889    530.000     3.8105   3.250422     3.8102   3.250346      84.84     0.0113     2.8060     2.4779  33.661282  3.8199239   48.30880  -46.53895    34.8571    34.8565     3.7728     3.7725    27.6961    27.6956    6.57730    6.59630         18 0.0000e+00
      21735    905.591    531.000     3.8098   3.250401     3.8092   3.250286      78.74     0.0153     2.8065     2.4784  33.662971  3.8205023   48.30880  -46.53894    34.8571    34.8563     3.7720     3.7714    27.6961    27.6956    6.58830    6.59822         16 0.0000e+00
      21751    906.265    532.000     3.8076   3.250239     3.8074   3.250165      98.46     0.0166     2.8071     2.4781  33.658463  3.8168828   48.30880  -46.53894    34.8569    34.8563     3.7698     3.7695    27.6962    27.6957    6.59094    6.59695         16 0.0000e+00
      21770    907.050    533.000     3.8039   3.249916     3.8050   3.249976      33.01     0.0120     2.8073     2.4783  33.648758  3.8109922   48.30880  -46.53893    34.8565    34.8560     3.7659     3.7671    27.6963    27.6958    6.58992    6.59980         23 0.0000e+00
      21805    908.492    534.000     3.8051   3.250070     3.8056   3.250079      65.85     0.0121     2.8077     2.4784  33.656467  3.8107448   48.30878  -46.53892    34.8565    34.8561     3.7671     3.7676    27.6962    27.6958    6.58960    6.60033         46 0.0000e+00
      21842    910.058    535.000     3.7968   3.249325     3.7977   3.249341      88.30     0.0150     2.8082     2.4785  33.663254  3.8107448   48.30878  -46.53892    34.8559    34.8551     3.7588     3.7597    27.6966    27.6959    6.59365    6.60275         25 0.0000e+00
      21864    910.979    536.000     3.7902   3.248732     3.7898   3.248623      98.02     0.0135     2.8079     2.4785  33.655876  3.8107448   48.30878  -46.53892    34.8553    34.8545     3.7521     3.7517    27.6968    27.6961    6.59552    6.60534         21 0.0000e+00
      21886    911.883    537.000     3.7864   3.248392     3.7849   3.248167      36.36     0.0133     2.8085     2.4786  33.656883  3.8107448   48.30878  -46.53891    34.8548    34.8537     3.7482     3.7468    27.6968    27.6960    6.60083    6.60601         24 0.0000e+00
      21913    913.003    538.000     3.7806   3.247864     3.7805   3.247798      82.06     0.0137     2.8086     2.4784  33.663383  3.8014536   48.30877  -46.53890    34.8542    34.8535     3.7423     3.7434    27.6969    27.6963    6.59842    6.60623         30 0.0000e+00
      21942    914.213    539.000     3.7763   3.247490     3.7759   3.247409      99.27     0.0144     2.8087     2.4784  33.663593  3.7985251   48.30876  -46.53888    34.8538    34.8532     3.7380     3.7376    27.6970    27.6965    6.60412    6.60951         25 0.0000e+00
      21964    915.127    540.000     3.7757   3.247483     3.7751   3.247375      98.64     0.0183     2.8092     2.4784  33.662987  3.7910302   48.30876  -46.53888    34.8538    34.8531     3.7373     3.7368    27.6970    27.6966    6.59684    6.60700         20 0.0000e+00
      21982    915.880    541.000     3.7749   3.247456     3.7745   3.247360      98.63     0.0184     2.8082     2.4779  33.663002  3.7912087   48.30876  -46.53888    34.8538    34.8530     3.7365     3.7361    27.6971    27.6966    6.59511    6.59611         17 0.0000e+00
      21999    916.581    542.000     3.7731   3.247322     3.7728   3.247228      90.07     0.0166     2.8081     2.4767  33.652699  3.7866302   48.30876  -46.53888    34.8536    34.8528     3.7346     3.7343    27.6971    27.6965    6.60056    6.58834         17 0.0000e+00
      22017    917.322    543.000     3.7710   3.247161     3.7709   3.247099      16.69     0.0169     2.8083     2.4756  33.648411  3.7875955   48.30876  -46.53886    34.8533    34.8526     3.7324     3.7324    27.6972    27.6966    6.59725    6.59716         19 0.0000e+00
      22040    918.273    544.000     3.7704   3.247139     3.7711   3.247157      84.56     0.0235     2.8076     2.4759  33.648350  3.7843690   48.30876  -46.53886    34.8531    34.8527     3.7318     3.7324    27.6971    27.6967    6.60204    6.60968         28 0.0000e+00
      22077    919.850    545.000     3.7690   3.247016     3.7716   3.247242      60.31     0.0230     2.8076     2.4766  33.649010  3.7820690   48.30874  -46.53885    34.8527    34.8526     3.7303     3.7329    27.6969    27.6966    6.60087    6.61626         45 0.0000e+00
      22116    921.461    546.000     3.7670   3.246880     3.7675   3.246878     100.21     0.0170     2.8075     2.4775  33.653412  3.7770047   48.30874  -46.53884    34.8526    34.8521     3.7282     3.7298    27.6970    27.6966    6.60783    6.61325         30 0.0000e+00
      22141    922.506    547.000     3.7689   3.247126     3.7678   3.246949      98.64     0.0147     2.8081     2.4769  33.650959  3.7751763   48.30874  -46.53884    34.8530    34.8521     3.7301     3.7289    27.6971    27.6966    6.60685    6.60140         22 0.0000e+00
      22161    923.350    548.000     3.7644   3.246753     3.7619   3.246478      98.64     0.0143     2.8071     2.4758  33.648296  3.7773700   48.30874  -46.53884    34.8528    34.8522     3.7255     3.7230    27.6974    27.6972    6.60153    6.60256         19 0.0000e+00
      22180    924.108    549.000     3.7619   3.246565     3.7616   3.246470      75.72     0.0137     2.8078     2.4756  33.648350  3.7743697   48.30874  -46.53882    34.8527    34.8519     3.7229     3.7226    27.6977    27.6970    6.60615    6.61535         18 0.0000e+00
      22197    924.816    550.000     3.7645   3.246882     3.7649   3.246903      98.82     0.0144     2.8072     2.4763  33.648350  3.7716610   48.30874  -46.53882    34.8532    34.8530     3.7255     3.7259    27.6977    27.6975    6.60886    6.62159         16 0.0000e+00
      22213    925.492    551.000     3.7645   3.246935     3.7643   3.246859      98.63     0.0131     2.8080     2.4767  33.648350  3.7716727   48.30874  -46.53882    34.8532    34.8526     3.7254     3.7252    27.6978    27.6973    6.61289    6.62262         16 0.0000e+00
      22229    926.170    552.000     3.7579   3.246322     3.7572   3.246185      98.64     0.0145     2.8072     2.4771  33.647484  3.7716727   48.30872  -46.53882    34.8527    34.8516     3.7185     3.7180    27.6981    27.6972    6.60809    6.62710         17 0.0000e+00
      22248    926.946    553.000     3.7559   3.246176     3.7565   3.246204      98.64     0.0115     2.8075     2.4776  33.648315  3.7691176   48.30872  -46.53882    34.8523    34.8520     3.7167     3.7173    27.6980    27.6976    6.61271    6.62943         22 0.0000e+00
      22287    928.578    554.000     3.7561   3.246222     3.7560   3.246171      98.64     0.0140     2.8072     2.4782  33.648350  3.7646301   48.30872  -46.53881    34.8522    34.8517     3.7167     3.7166    27.6978    27.6974    6.60963    6.62600         59 0.0000e+00
      22334    930.529    555.000     3.7538   3.246049     3.7531   3.245940      98.64     0.0129     2.8071     2.4781  33.648350  3.7617452   48.30872  -46.53880    34.8520    34.8514     3.7144     3.7137    27.6979    27.6976    6.61358    6.62590         25 0.0000e+00
      22353    931.352    556.000     3.7547   3.246207     3.7545   3.246149      98.63     0.0126     2.8066     2.4779  33.648350  3.7619047   48.30872  -46.53880    34.8523    34.8519     3.7153     3.7150    27.6981    27.6978    6.60705    6.61731         18 0.0000e+00
      22370    932.040    557.000     3.7555   3.246356     3.7552   3.246283      98.64     0.0179     2.8064     2.4772  33.648350  3.7631581   48.30870  -46.53880    34.8528    34.8522     3.7159     3.7156    27.6984    27.6980    6.60747    6.60938         16 0.0000e+00
      22386    932.688    558.000     3.7553   3.246372     3.7559   3.246387      98.64     0.0190     2.8062     2.4760  33.648350  3.7619030   48.30870  -46.53879    34.8527    34.8521     3.7156     3.7163    27.6983    27.6979    6.60221    6.60181         16 0.0000e+00
      22402    933.367    559.000     3.7584   3.246755     3.7567   3.246565      98.64     0.0172     2.8051     2.4748  33.648350  3.7619047   48.30870  -46.53878    34.8534    34.8529     3.7187     3.7171    27.6986    27.6984    6.60012    6.60239         17 0.0000e+00
      22421    934.148    560.000     3.7612   3.247076     3.7609   3.247029      98.64     0.0152     2.8048     2.4742  33.647667  3.7609963   48.30870  -46.53878    34.8537    34.8535     3.7214     3.7211    27.6986    27.6984    6.60213    6.60806         21 0.0000e+00
      22443    935.071    561.000     3.7602   3.247053     3.7597   3.246963      98.64     0.0130     2.8041     2.4739  33.642056  3.7589591   48.30870  -46.53878    34.8539    34.8534     3.7203     3.7199    27.6989    27.6985    6.60200    6.61981         23 0.0000e+00
      22465    935.986    562.000     3.7615   3.247285     3.7616   3.247258      98.64     0.0110     2.8038     2.4746  33.647659  3.7599583   48.30870  -46.53878    34.8548    34.8544     3.7215     3.7216    27.6995    27.6991    6.60225    6.63242         20 0.0000e+00
      22485    936.828    563.000     3.7629   3.247477     3.7622   3.247364      98.63     0.0129     2.8032     2.4759  33.647652  3.7618923   48.30870  -46.53878    34.8551    34.8544     3.7229     3.7222    27.6995    27.6991    6.60347    6.63474         21 0.0000e+00
      22508    937.802    564.000     3.7604   3.247271     3.7604   3.247225      98.64     0.0148     2.8031     2.4764  33.647820  3.7619047   48.30870  -46.53878    34.8547    34.8542     3.7204     3.7203    27.6995    27.6991    6.60866    6.63140         28 0.0000e+00
      22546    939.369    565.000     3.7637   3.247629     3.7634   3.247585      98.64     0.0151     2.8034     2.4762  33.633362  3.7619047   48.30870  -46.53878    34.8550    34.8548     3.7235     3.7232    27.6994    27.6993    6.60497    6.61788         43 0.0000e+00
      22578    940.727    566.000     3.7664   3.247983     3.7657   3.247874      98.64     0.0158     2.8020     2.4745  33.633701  3.7619047   48.30870  -46.53876    34.8558    34.8552     3.7262     3.7255    27.6998    27.6994    6.58676    6.60312         23 0.0000e+00
      22598    941.534    567.000     3.7668   3.248077     3.7660   3.247946      98.64     0.0170     2.8005     2.4733  33.633701  3.7619047   48.30870  -46.53876    34.8559    34.8553     3.7265     3.7256    27.6999    27.6994    6.58267    6.60533         16 0.0000e+00
      22613    942.175    568.000     3.7667   3.248118     3.7654   3.247934      98.64     0.0156     2.7992     2.4728  33.633701  3.7619047   48.30870  -46.53876    34.8560    34.8552     3.7263     3.7250    27.6999    27.6994    6.58453    6.60754         15 0.0000e+00
      22627    942.758    569.000     3.7615   3.247687     3.7608   3.247555      98.64     0.0158     2.7990     2.4724  33.633701  3.7619047   48.30869  -46.53876    34.8559    34.8550     3.7210     3.7204    27.7003    27.6997    6.58558    6.60631         14 0.0000e+00
      22641    943.341    570.000     3.7690   3.248562     3.7688   3.248537      98.64     0.0180     2.7977     2.4714  33.633701  3.7619047   48.30868  -46.53876    34.8572    34.8574     3.7290     3.7307    27.7006    27.7008    6.57816    6.60300         14 0.0000e+00
      22657    944.008    571.000     3.7795   3.249617     3.7792   3.249584      98.64     0.0175     2.7966     2.4712  33.633701  3.7619047   48.30868  -46.53876    34.8587    34.8586     3.7388     3.7385    27.7008    27.7008    6.57426    6.60332         18 0.0000e+00
      22686    945.225    572.000     3.7940   3.251138     3.7944   3.251182      98.64     0.0157     2.7949     2.4705  33.631527  3.7619047   48.30868  -46.53876    34.8609    34.8610     3.7532     3.7535    27.7011    27.7012    6.56873    6.60001         44 0.0000e+00
      22727    946.903    573.000     3.8043   3.252245     3.8034   3.252160      98.64     0.0187     2.7926     2.4687  33.633842  3.7748528   48.30868  -46.53876    34.8627    34.8624     3.7633     3.7625    27.7015    27.7014    6.56248    6.58697         28 0.0000e+00
      22750    947.862    574.000     3.8170   3.253612     3.8151   3.253435      98.64     0.0188     2.7914     2.4683  33.633701  3.7778208   48.30868  -46.53875    34.8649    34.8647     3.7758     3.7740    27.7020    27.7020    6.56859    6.59730         21 0.0000e+00
      22770    948.689    575.000     3.8174   3.253734     3.8174   3.253682      98.64     0.0169     2.7917     2.4685  33.633701  3.7883003   48.30868  -46.53874    34.8653    34.8648     3.7763     3.7762    27.7023    27.7018    6.57581    6.59625         20 0.0000e+00
      22789    949.496    576.000     3.8154   3.253596     3.8152   3.253524      98.64     0.0167     2.7916     2.4679  33.633701  3.7911940   48.30868  -46.53874    34.8653    34.8646     3.7742     3.7740    27.7025    27.7020    6.57773    6.59830         19 0.0000e+00
      22810    950.360    577.000     3.8153   3.253618     3.8140   3.253440      98.64     0.0178     2.7920     2.4686  33.633701  3.7956805   48.30868  -46.53874    34.8652    34.8645     3.7740     3.7726    27.7024    27.7020    6.58944    6.61288         22 0.0000e+00
      22831    951.265    578.000     3.8135   3.253478     3.8120   3.253271      98.64     0.0139     2.7936     2.4697  33.633701  3.8009417   48.30868  -46.53874    34.8649    34.8640     3.7721     3.7706    27.7024    27.7018    6.60820    6.62059         22 0.0000e+00
      22853    952.148    579.000     3.8031   3.252501     3.8045   3.252566      98.63     0.0161     2.7959     2.4706  33.636635  3.8009768   48.30868  -46.53874    34.8637    34.8631     3.7617     3.7630    27.7025    27.7018    6.61567    6.61874         20 0.0000e+00
