data/CTD/2014/CNV/d017a060.cnv
* Sea-Bird SBE 9 Data File:
* FileName = C:\CTD_ACQUISITION\2014017HUD\ctddata\017A060.hdr
* Software Version Seasave V 7.23.1
* Temperature SN = 5081
* Conductivity SN = 3561
* Number of Bytes Per Scan = 37
* Number of Voltage Words = 4
* Number of Scans Averaged by the Deck Unit = 1
* NMEA Latitude = 43 28.22 N
* NMEA Longitude = 059 59.72 W
* NMEA UTC (Time) = Jul 13 2014 23:31:59
* NMEA baud rate = 9600
** Ship: Hudson
** Cruise: HUD2014017
** Chief_Scientist: Blair Greenan
** Organization: BIO
** Area_of_Operation: Sackville Spur
** Station: 060
** Sounding:  998
** Event_Comments: LC3 0
** Test of Windows 7
# nquan = 25
# nvalues = 252                         
# units = specified
# name 0 = scan: Scan Count
# name 1 = timeS: Time, Elapsed [seconds]
# name 2 = prDM: Pressure, Digiquartz [db]
# name 3 = t068C: Temperature [ITS-68, deg C]
# name 4 = c0S/m: Conductivity [S/m]
# name 5 = t168C: Temperature, 2 [ITS-68, deg C]
# name 6 = c1S/m: Conductivity, 2 [S/m]
# name 7 = altM: Altimeter [m]
# name 8 = flC: Fluorescence, Chelsea Aqua 3 Chl Con [ug/l]
# name 9 = sbeox0V: Oxygen raw, SBE 43 [V]
# name 10 = sbeox1V: Oxygen raw, SBE 43, 2 [V]
# name 11 = upoly0: Upoly 0, Optode 4330F - O2 D-Phase
# name 12 = upoly1: Upoly 1, Optode 4330F - O2 Temp
# name 13 = latitude: Latitude [deg]
# name 14 = longitude: Longitude [deg]
# name 15 = sal00: Salinity, Practical [PSU]
# name 16 = sal11: Salinity, Practical, 2 [PSU]
# name 17 = potemp068C: Potential Temperature [ITS-68, deg C]
# name 18 = potemp168C: Potential Temperature, 2 [ITS-68, deg C]
# name 19 = sigma-é00: Density [sigma-theta, Kg/m^3]
# name 20 = sigma-é11: Density, 2 [sigma-theta, Kg/m^3]
# name 21 = sbeox0ML/L: Oxygen, SBE 43 [ml/l], WS = 2
# name 22 = sbeox1ML/L: Oxygen, SBE 43, 2 [ml/l], WS = 2
# name 23 = nbin: number of scans per bin
# name 24 = flag: flag
# span 0 =      15342,      22858       
# span 1 =    639.213,    952.383       
# span 2 =      2.000,    253.000       
# span 3 =     3.7392,    16.1579       
# span 4 =   3.033566,   4.017626       
# span 5 =     3.7369,    16.1680       
# span 6 =   3.033010,   4.018028       
# span 7 =      16.07,     100.54       
# span 8 =     0.0123,     0.2997       
# span 9 =     1.9128,     3.5462       
# span 10 =     1.6580,     3.0539      
# span 11 =  28.400032,  39.811699      
# span 12 =  4.2493348,  15.853229      
# span 13 =   43.47282,   43.47385      
# span 14 =  -59.99706,  -59.99652      
# span 15 =    31.5732,    35.3321      
# span 16 =    31.5688,    35.3303      
# span 17 =     3.7354,    16.1574      
# span 18 =     3.7331,    16.1675      
# span 19 =    23.0791,    27.1995      
# span 20 =    23.0735,    27.1979      
# span 21 =    3.35554,    7.38676      
# span 22 =    3.17042,    7.26852      
# span 23 =         14,        179      
# span 24 = 0.0000e+00, 0.0000e+00      
# interval = decibars: 1                
# start_time = Jul 13 2014 23:31:59 [NMEA time, header]
# bad_flag = -9.990e-29
*END*
      15342    639.213      2.000    15.6510   3.977928    15.4908   3.964252      16.07     0.1003     3.4760     3.0269  28.452021  15.004995   43.47282  -59.99652    31.6281    31.6352    15.6507    15.4905    23.2331    23.2735    6.23284    6.05958         79 0.0000e+00
      15457    643.983      3.000    16.1579   4.017626    16.1680   4.018028     100.54     0.1033     3.4744     3.0060  28.436060  15.583082   43.47284  -59.99654    31.5732    31.5688    16.1574    16.1675    23.0791    23.0735    6.25954    6.01281         21 0.0000e+00
      15474    644.688      4.000    15.9603   4.001891    16.0107   4.003980      98.63     0.1022     3.4779     3.0084  28.470726  15.548812   43.47284  -59.99654    31.5918    31.5700    15.9597    16.0101    23.1375    23.1095    6.27764    6.04645         19 0.0000e+00
      15493    645.505      5.000    15.5384   3.968686    15.4622   3.960455      98.63     0.1020     3.4809     3.0093  28.469637  15.555172   43.47284  -59.99654    31.6353    31.6233    15.5376    15.4614    23.2639    23.2713    6.32684    6.09653         20 0.0000e+00
      15516    646.465      6.000    14.8469   3.913996    14.8246   3.910164      98.63     0.1019     3.4829     3.0111  28.400032  15.853229   43.47284  -59.99654    31.7040    31.6875    14.8460    14.8238    23.4656    23.4577    6.40009    6.19379         26 0.0000e+00
      15544    647.643      7.000    14.4752   3.883916    14.4726   3.883393      98.63     0.0985     3.4825     3.0146  28.474823  15.743146   43.47284  -59.99654    31.7343    31.7317    14.4742    14.4716    23.5675    23.5660    6.43747    6.24214         29 0.0000e+00
      15572    648.778      8.000    14.3919   3.877243    14.3918   3.877052      98.63     0.0955     3.4826     3.0152  28.676796  15.386251   43.47284  -59.99655    31.7413    31.7397    14.3908    14.3907    23.5903    23.5890    6.45091    6.25516         25 0.0000e+00
      15595    649.762      9.000    14.3271   3.871923    14.3261   3.871422      98.63     0.0932     3.4828     3.0163  28.683363  15.188049   43.47285  -59.99656    31.7456    31.7418    14.3259    14.3249    23.6070    23.6043    6.45157    6.25477         23 0.0000e+00
      15617    650.686     10.000    14.1829   3.860237    14.1846   3.859833      98.63     0.0935     3.4801     3.0146  28.704603  14.742118   43.47286  -59.99656    31.7568    31.7517    14.1815    14.1832    23.6455    23.6412    6.46689    6.28095         22 0.0000e+00
      15639    651.592     11.000    14.0865   3.852773    14.0889   3.852596      98.63     0.0973     3.4815     3.0176  28.707863  14.720015   43.47286  -59.99656    31.7674    31.7638    14.0850    14.0873    23.6735    23.6703    6.49076    6.30553         21 0.0000e+00
      15661    652.486     12.000    13.9841   3.845036    13.9899   3.844751      98.63     0.0963     3.4816     3.0179  28.765667  14.531947   43.47286  -59.99656    31.7804    31.7729    13.9824    13.9883    23.7045    23.6976    6.48738    6.29961         22 0.0000e+00
      15682    653.384     13.000    13.8481   3.835310    13.8519   3.835154      98.63     0.0959     3.4768     3.0139  28.770491  14.532479   43.47286  -59.99656    31.8028    31.7982    13.8463    13.8501    23.7496    23.7452    6.46791    6.29102         22 0.0000e+00
      15705    654.333     14.000    13.7512   3.828410    13.7566   3.828279      98.63     0.0958     3.4680     3.0074  28.817003  14.333034   43.47286  -59.99656    31.8190    31.8133    13.7493    13.7546    23.7817    23.7763    6.45656    6.28163         24 0.0000e+00
      15731    655.413     15.000    13.6085   3.818291    13.6142   3.818172      98.63     0.0994     3.4602     3.0014  28.824038  14.292308   43.47286  -59.99656    31.8434    31.8376    13.6064    13.6121    23.8294    23.8237    6.46966    6.30116         28 0.0000e+00
      15759    656.589     16.000    13.4405   3.807168    13.4517   3.806918      98.63     0.1088     3.4556     2.9994  28.848589  14.085611   43.47287  -59.99656    31.8797    31.8680    13.4384    13.4496    23.8909    23.8796    6.49196    6.32871         27 0.0000e+00
      15785    657.656     17.000    13.2162   3.795082    13.2202   3.794765      98.63     0.1134     3.4518     2.9981  28.864012  14.048461   43.47288  -59.99656    31.9543    31.9480    13.2139    13.2179    23.9931    23.9874    6.50106    6.34746         24 0.0000e+00
      15807    658.588     18.000    13.0902   3.787551    13.0971   3.787350      98.63     0.1143     3.4464     2.9949  28.908278  13.910233   43.47288  -59.99656    31.9892    31.9815    13.0878    13.0947    24.0449    24.0376    6.47171    6.31788         21 0.0000e+00
      15828    659.465     19.000    12.9234   3.782406    12.9386   3.782261      98.63     0.1129     3.4309     2.9799  28.908075  13.910867   43.47288  -59.99658    32.0814    32.0672    12.9209    12.9360    24.1488    24.1348    6.36927    6.21270         21 0.0000e+00
      15849    660.341     20.000    12.7874   3.777100    12.7871   3.776625      98.63     0.1131     3.3991     2.9496  28.965771  13.589097   43.47288  -59.99658    32.1463    32.1420    12.7847    12.7845    24.2255    24.2222    6.31215    6.15954         21 0.0000e+00
      15871    661.257     21.000    12.7498   3.773831    12.7484   3.773174      98.63     0.1164     3.3850     2.9400  28.968653  13.578651   43.47288  -59.99658    32.1469    32.1418    12.7471    12.7457    24.2332    24.2296    6.47344    6.28602         23 0.0000e+00
      15895    662.237     22.000    12.7151   3.770588    12.7164   3.770522      98.63     0.1157     3.4174     2.9559  29.029770  13.306020   43.47288  -59.99658    32.1453    32.1436    12.7122    12.7135    24.2387    24.2371    6.73275    6.42747         24 0.0000e+00
      15920    663.290     23.000    12.7111   3.770628    12.7112   3.770410      98.63     0.1182     3.4689     2.9838  29.045967  13.239869   43.47288  -59.99658    32.1487    32.1465    12.7081    12.7082    24.2421    24.2404    6.85548    6.53097         27 0.0000e+00
      15946    664.386     24.000    12.6517   3.766020    12.6546   3.765921      98.63     0.1152     3.5112     3.0129  29.095076  13.101748   43.47290  -59.99658    32.1535    32.1481    12.6485    12.6515    24.2573    24.2525    6.88963    6.59530         26 0.0000e+00
      15971    665.409     25.000    12.5599   3.762547    12.5700   3.762401      98.63     0.1165     3.5357     3.0339  29.095572  13.090220   43.47290  -59.99658    32.2002    32.1902    12.5567    12.5668    24.3110    24.3013    6.88174    6.63167         22 0.0000e+00
      15992    666.308     26.000    12.0138   3.720044    12.0670   3.719394      98.63     0.1208     3.5462     3.0474  29.139820  13.026877   43.47290  -59.99658    32.2617    32.2094    12.0105    12.0637    24.4613    24.4109    6.91965    6.71287         21 0.0000e+00
      16012    667.136     27.000    10.9982   3.623436    11.0267   3.619146      98.63     0.1259     3.5461     3.0539  29.142088  13.022049   43.47290  -59.99658    32.2021    32.1348    10.9950    11.0235    24.5984    24.5409    7.00705    6.82814         20 0.0000e+00
      16032    667.960     28.000    10.3417   3.562348    10.3373   3.559321      98.63     0.1438     3.5386     3.0495  29.313253  12.856339   43.47292  -59.99658    32.1721    32.1457    10.3386    10.3341    24.6883    24.6685    6.96591    6.77434         20 0.0000e+00
      16054    668.857     29.000    10.1556   3.545422    10.1611   3.544945      98.63     0.1764     3.4986     3.0102  29.440636  12.721908   43.47292  -59.99658    32.1665    32.1568    10.1524    10.1579    24.7153    24.7068    6.68206    6.50768         23 0.0000e+00
      16079    669.907     30.000    10.0547   3.537498    10.0611   3.537426      98.63     0.2045     3.4327     2.9538  29.560911  12.022717   43.47292  -59.99658    32.1758    32.1694    10.0513    10.0577    24.7393    24.7332    6.67783    6.42582         27 0.0000e+00
      16105    671.016     31.000    10.0676   3.541377    10.0755   3.542494      98.63     0.2212     3.4192     2.9149  29.677164  11.287141   43.47292  -59.99658    32.2031    32.2074    10.0641    10.0720    24.7585    24.7605    6.83142    6.38222         26 0.0000e+00
      16130    672.032     32.000    10.0955   3.544640    10.0961   3.544769      98.63     0.2238     3.4101     2.8836  29.659359  11.014096   43.47292  -59.99658    32.2108    32.2115    10.0919    10.0926    24.7599    24.7603    6.77774    6.33753         23 0.0000e+00
      16152    672.950     33.000    10.0961   3.545452    10.0984   3.545193      98.63     0.2264     3.3985     2.8647  29.648445  10.844706   43.47292  -59.99658    32.2180    32.2133    10.0925    10.0947    24.7654    24.7614    6.74201    6.35044         21 0.0000e+00
      16173    673.840     34.000     9.9630   3.535174    10.0108   3.537666      98.63     0.2304     3.3864     2.8557  29.620829  10.794339   43.47293  -59.99659    32.2322    32.2148     9.9592    10.0070    24.7985    24.7770    6.72556    6.39711         22 0.0000e+00
      16195    674.755     35.000     9.6241   3.507492     9.5853   3.500755      98.63     0.2324     3.3723     2.8520  29.583727  10.725034   43.47294  -59.99660    32.2534    32.2195     9.6203     9.5815    24.8702    24.8500    6.72979    6.46751         22 0.0000e+00
      16218    675.702     36.000     7.8261   3.355681     7.9405   3.352226      98.63     0.2277     3.3580     2.8512  29.603619  10.668269   43.47294  -59.99660    32.3048    32.1625     7.8227     7.9371    25.1803    25.0522    6.95460    6.75173         23 0.0000e+00
      16240    676.635     37.000     6.2648   3.228247     6.2906   3.225898      98.63     0.2301     3.3427     2.8489  29.668917  10.513370   43.47294  -59.99660    32.3833    32.3328     6.2618     6.2875    25.4529    25.4099    7.14155    6.98691         22 0.0000e+00
      16261    677.516     38.000     5.9608   3.203842     5.9716   3.202577      98.63     0.2619     3.3262     2.8451  29.692194  10.484387   43.47294  -59.99660    32.4009    32.3764     5.9577     5.9685    25.5045    25.4839    7.15643    7.02873         20 0.0000e+00
      16282    678.369     39.000     5.6096   3.174630     5.6275   3.173313      98.63     0.2991     3.3134     2.8429  30.509159  8.7700863   43.47294  -59.99660    32.4088    32.3767     5.6066     5.6245    25.5526    25.5251    7.20524    7.09601         21 0.0000e+00
      16303    679.252     40.000     5.3836   3.156082     5.3872   3.155192      98.63     0.2997     3.3023     2.8406  30.510908  8.7534542   43.47296  -59.99660    32.4162    32.4026     5.3806     5.3841    25.5846    25.5735    7.21573    7.12885         22 0.0000e+00
      16327    680.233     41.000     5.3315   3.152059     5.3332   3.151321      98.63     0.2642     3.2878     2.8386  30.675783  7.4893150   43.47296  -59.99660    32.4203    32.4103     5.3284     5.3301    25.5939    25.5858    7.19351    7.13801         25 0.0000e+00
      16354    681.366     42.000     5.2473   3.145187     5.2494   3.144407      98.63     0.2250     3.2735     2.8354  30.716768  7.1548471   43.47296  -59.99662    32.4231    32.4121     5.2441     5.2463    25.6056    25.5967    7.18875    7.14065         28 0.0000e+00
      16381    682.495     43.000     5.2031   3.142488     5.2061   3.141848      98.63     0.2007     3.2651     2.8352  30.756823  6.5586362   43.47296  -59.99662    32.4346    32.4244     5.1999     5.2029    25.6197    25.6113    7.25479    7.19737         26 0.0000e+00
      16404    683.457     44.000     5.0560   3.130406     5.0632   3.129565      98.63     0.1884     3.2674     2.8397  30.756041  6.5652928   43.47296  -59.99662    32.4387    32.4221     5.0528     5.0600    25.6394    25.6254    7.33802    7.24761         20 0.0000e+00
      16423    684.261     45.000     4.9612   3.123985     4.9637   3.123375      98.63     0.1832     3.2705     2.8422  30.863588  6.3563857   43.47296  -59.99662    32.4568    32.4474     4.9579     4.9604    25.6642    25.6564    7.37471    7.26852         19 0.0000e+00
      16441    685.007     46.000     4.9255   3.122981     4.9255   3.122259      98.63     0.1772     3.2754     2.8448  30.872423  6.3356609   43.47298  -59.99662    32.4757    32.4713     4.9221     4.9222    25.6831    25.6796    7.38676    7.26012         18 0.0000e+00
      16460    685.778     47.000     4.9496   3.128836     4.9489   3.128511      98.63     0.1721     3.2767     2.8431  30.948654  6.2058010   43.47298  -59.99662    32.5228    32.5199     4.9462     4.9455    25.7178    25.7155    7.32884    7.20856         19 0.0000e+00
      16480    686.642     48.000     4.9284   3.129169     4.9305   3.128748      98.63     0.1673     3.2715     2.8387  31.108162  5.9316568   43.47298  -59.99662    32.5469    32.5400     4.9249     4.9271    25.7392    25.7335    7.27436    7.17473         22 0.0000e+00
      16505    687.652     49.000     4.7999   3.118245     4.8107   3.117623      98.63     0.1512     3.2625     2.8307  31.123789  5.8710518   43.47298  -59.99663    32.5463    32.5285     4.7964     4.8072    25.7526    25.7373    7.23620    7.15062         26 0.0000e+00
      16530    688.721     50.000     4.5650   3.097434     4.5735   3.096963      98.63     0.1525     3.2478     2.8201  31.172731  5.6840200   43.47298  -59.99664    32.5353    32.5216     4.5615     4.5700    25.7689    25.7571    7.20663    7.14762         25 0.0000e+00
      16554    689.705     51.000     4.4527   3.087569     4.4565   3.087099      98.63     0.1506     3.2328     2.8094  31.208088  5.6419168   43.47299  -59.99664    32.5306    32.5214     4.4492     4.4530    25.7769    25.7692    7.18251    7.12406         22 0.0000e+00
      16576    690.608     52.000     4.3665   3.080477     4.3716   3.079954      98.63     0.1465     3.2184     2.7981  31.310465  5.5098085   43.47300  -59.99664    32.5323    32.5212     4.3629     4.3680    25.7872    25.7778    7.16463    7.10218         22 0.0000e+00
      16598    691.531     53.000     4.3438   3.081104     4.3436   3.080737      98.63     0.1411     3.2066     2.7879  31.323614  5.4755487   43.47300  -59.99664    32.5615    32.5574     4.3402     4.3400    25.8127    25.8095    7.17031    7.10866         23 0.0000e+00
      16621    692.486     54.000     4.1851   3.068646     4.1970   3.068084      98.63     0.1272     3.1970     2.7827  31.426113  5.1578665   43.47300  -59.99664    32.5721    32.5537     4.1815     4.1934    25.8372    25.8214    7.19339    7.15588         23 0.0000e+00
      16644    693.455     55.000     4.1144   3.064512     4.1128   3.064073      98.63     0.1120     3.1891     2.7781  31.430157  5.1502457   43.47300  -59.99664    32.5932    32.5896     4.1108     4.1091    25.8610    25.8584    7.19057    7.15256         23 0.0000e+00
      16666    694.393     56.000     4.0733   3.061616     4.0760   3.061141      98.63     0.1017     3.1807     2.7733  31.522905  4.9328489   43.47300  -59.99666    32.5994    32.5911     4.0696     4.0723    25.8701    25.8632    7.15839    7.14099         22 0.0000e+00
      16687    695.265     57.000     4.0001   3.055164     4.0042   3.054693      98.63     0.0986     3.1709     2.7680  31.523077  4.9306583   43.47302  -59.99666    32.5956    32.5859     3.9964     4.0005    25.8743    25.8662    7.11575    7.11025         20 0.0000e+00
      16708    696.127     58.000     3.9275   3.048955     3.9297   3.048565      98.63     0.0999     3.1571     2.7587  31.604946  4.7550197   43.47302  -59.99666    32.5940    32.5873     3.9237     3.9259    25.8802    25.8746    7.06420    7.07046         21 0.0000e+00
