data/CTD/2014/CNV/d017a036.cnv
* Sea-Bird SBE 9 Data File:
* FileName = C:\CTD_ACQUISITION\2014017HUD\ctddata\017A036.hdr
* Software Version Seasave V 7.22.2
* Temperature SN = 5081
* Conductivity SN = 3561
* Number of Bytes Per Scan = 37
* Number of Voltage Words = 4
* Number of Scans Averaged by the Deck Unit = 1
* NMEA Latitude = 48 26.48 N
* NMEA Longitude = 046 40.75 W
* NMEA UTC (Time) = Jul 09 2014 20:04:18
* NMEA baud rate = 9600
** Ship: Hudson
** Cruise: HUD2014017
** Chief_Scientist: Blair Greenan
** Organization: BIO
** Area_of_Operation: Sackville Spur
** Station: 036
** Sounding:  2091
** Event_Comments: SS-08 403206
# nquan = 25
# nvalues = 2163                        
# units = specified
# name 0 = scan: Scan Count
# name 1 = timeS: Time, Elapsed [seconds]
# name 2 = prDM: Pressure, Digiquartz [db]
# name 3 = t068C: Temperature [ITS-68, deg C]
# name 4 = c0S/m: Conductivity [S/m]
# name 5 = t168C: Temperature, 2 [ITS-68, deg C]
# name 6 = c1S/m: Conductivity, 2 [S/m]
# name 7 = altM: Altimeter [m]
# name 8 = flC: Fluorescence, Chelsea Aqua 3 Chl Con [ug/l]
# name 9 = sbeox0V: Oxygen raw, SBE 43 [V]
# name 10 = sbeox1V: Oxygen raw, SBE 43, 2 [V]
# name 11 = upoly0: Upoly 0, Optode 4330F - O2 D-Phase
# name 12 = upoly1: Upoly 1, Optode 4330F - O2 Temp
# name 13 = latitude: Latitude [deg]
# name 14 = longitude: Longitude [deg]
# name 15 = sal00: Salinity, Practical [PSU]
# name 16 = sal11: Salinity, Practical, 2 [PSU]
# name 17 = potemp068C: Potential Temperature [ITS-68, deg C]
# name 18 = potemp168C: Potential Temperature, 2 [ITS-68, deg C]
# name 19 = sigma-é00: Density [sigma-theta, Kg/m^3]
# name 20 = sigma-é11: Density, 2 [sigma-theta, Kg/m^3]
# name 21 = sbeox0ML/L: Oxygen, SBE 43 [ml/l], WS = 2
# name 22 = sbeox1ML/L: Oxygen, SBE 43, 2 [ml/l], WS = 2
# name 23 = nbin: number of scans per bin
# name 24 = flag: flag
# span 0 =       7298,      64963       
# span 1 =    304.027,   2706.735       
# span 2 =      3.000,   2165.000       
# span 3 =    -0.4496,     7.6873       
# span 4 =   2.768753,   3.405133       
# span 5 =    -0.4493,     7.6869       
# span 6 =   2.768632,   3.405035       
# span 7 =       3.27,     103.23       
# span 8 =     0.0060,     0.7691       
# span 9 =     2.2668,     3.7682       
# span 10 =     2.0059,     3.2708      
# span 11 =  30.390791,  35.347382      
# span 12 = -0.1084633,  7.7276998      
# span 13 =   48.44250,   48.44504      
# span 14 =  -46.67831,  -46.66668      
# span 15 =    32.9800,    34.9157      
# span 16 =    32.9791,    34.9154      
# span 17 =    -0.4511,     7.6869      
# span 18 =    -0.4508,     7.6867      
# span 19 =    25.7330,    27.8352      
# span 20 =    25.7323,    27.8351      
# span 21 =    6.26302,    9.68395      
# span 22 =    6.24080,    9.72301      
# span 23 =         13,         96      
# span 24 = 0.0000e+00, 0.0000e+00      
# interval = decibars: 1                
# start_time = Jul 09 2014 20:04:18 [NMEA time, header]
# bad_flag = -9.990e-29
*END*
[from data line 116]
      12398    516.542    119.000     2.0724   3.034241     2.0729   3.034297      45.23     0.0254     2.9221     2.5812  33.824177  1.9983191   48.44342  -46.67741    34.3077    34.3079     2.0661     2.0666    27.4119    27.4120    6.87649    6.91227         34 0.0000e+00
      12458    519.023    120.000     2.0817   3.035345     2.0822   3.035391      91.62     0.0280     2.9169     2.5767  33.847935  2.0279801   48.44342  -46.67739    34.3109    34.3110     2.0753     2.0760    27.4137    27.4138    6.83578    6.89091         78 0.0000e+00
      12513    521.336    121.000     2.0953   3.036892     2.0943   3.036813      98.41     0.0418     2.9104     2.5727  33.853661  2.0366788   48.44344  -46.67738    34.3150    34.3151     2.0888     2.0879    27.4159    27.4160    6.83695    6.89860         34 0.0000e+00
      12542    522.534    122.000     2.1200   3.039745     2.1196   3.039785      81.03     0.0428     2.9116     2.5754  33.853481  2.0428030   48.44344  -46.67738    34.3234    34.3243     2.1134     2.1131    27.4207    27.4214    6.88840    6.95267         26 0.0000e+00
      12569    523.673    123.000     2.1538   3.043520     2.1531   3.043533      98.13     0.0297     2.9181     2.5825  33.861275  2.0479321   48.44344  -46.67737    34.3334    34.3343     2.1472     2.1465    27.4259    27.4268    6.92433    6.98946         31 0.0000e+00
      12618    525.724    124.000     2.1762   3.046055     2.1728   3.045737      91.56     0.0270     2.9315     2.5947  33.882515  2.0792258   48.44344  -46.67736    34.3403    34.3400     2.1695     2.1661    27.4297    27.4297    6.96918    7.02510         67 0.0000e+00
      12671    527.930    125.000     2.1930   3.047860     2.1955   3.048280      59.27     0.0325     2.9458     2.6070  33.883228  2.1113486   48.44344  -46.67734    34.3441    34.3466     2.1862     2.1887    27.4314    27.4332    6.98156    7.03022         34 0.0000e+00
      12701    529.162    126.000     2.3468   3.063334     2.3460   3.063864      97.60     0.0299     2.9486     2.6074  33.882782  2.1208420   48.44344  -46.67734    34.3699    34.3774     2.3398     2.3390    27.4395    27.4456    6.91355    6.94072         29 0.0000e+00
      12737    530.658    127.000     2.5337   3.082264     2.5290   3.082102      89.15     0.0265     2.9446     2.5996  33.882507  2.1367993   48.44344  -46.67732    34.4025    34.4056     2.5265     2.5218    27.4499    27.4528    6.81841    6.83112         49 0.0000e+00
      12804    533.470    128.000     2.6230   3.091277     2.6224   3.091318      93.13     0.0289     2.9251     2.5797  33.790474  2.3512495   48.44344  -46.67731    34.4173    34.4183     2.6156     2.6150    27.4541    27.4550    6.70825    6.76142         63 0.0000e+00
      12842    535.042    129.000     2.6054   3.090131     2.6069   3.090010      50.54     0.0284     2.9147     2.5738  33.794872  2.3943889   48.44344  -46.67730    34.4214    34.4183     2.5980     2.5995    27.4589    27.4563    6.71442    6.76645         29 0.0000e+00
      12870    536.215    130.000     2.4712   3.077761     2.4727   3.077465      85.98     0.0282     2.9097     2.5697  33.756626  2.4450336   48.44344  -46.67730    34.4125    34.4073     2.4639     2.4653    27.4632    27.4589    6.74613    6.79256         28 0.0000e+00
      12903    537.588    131.000     2.4241   3.073365     2.4242   3.073331      82.19     0.0248     2.9067     2.5679  33.755444  2.4596224   48.44344  -46.67728    34.4082    34.4077     2.4168     2.4169    27.4638    27.4633    6.75944    6.80703         39 0.0000e+00
      12953    539.658    132.000     2.4233   3.073279     2.4236   3.073274      87.00     0.0201     2.9022     2.5644  33.793922  2.4115903   48.44345  -46.67727    34.4075    34.4072     2.4159     2.4161    27.4632    27.4630    6.74695    6.79431         61 0.0000e+00
      13009    541.986    133.000     2.4235   3.073367     2.4243   3.073444      99.49     0.0237     2.8985     2.5624  33.807899  2.3704982   48.44346  -46.67726    34.4079    34.4078     2.4160     2.4169    27.4635    27.4634    6.76484    6.82585         41 0.0000e+00
      13040    543.293    134.000     2.4422   3.075733     2.4418   3.075838      79.75     0.0213     2.9029     2.5681  33.824188  2.3694558   48.44346  -46.67724    34.4164    34.4181     2.4347     2.4342    27.4688    27.4702    6.83377    6.89494         29 0.0000e+00
      13072    544.622    135.000     2.4856   3.080705     2.4866   3.080832      97.49     0.0222     2.9132     2.5796  33.824177  2.3745186   48.44346  -46.67724    34.4306    34.4310     2.4779     2.4790    27.4765    27.4768    6.88256    6.95166         39 0.0000e+00
      13122    546.695    136.000     2.5040   3.082691     2.5047   3.082775      79.87     0.0168     2.9306     2.5959  33.829334  2.4065516   48.44346  -46.67722    34.4347    34.4351     2.4963     2.4972    27.4783    27.4784    6.91277    6.95926         53 0.0000e+00
      13168    548.639    137.000     2.5596   3.088361     2.5639   3.089017      86.05     0.0225     2.9383     2.5990  33.850109  2.4300992   48.44346  -46.67722    34.4444    34.4488     2.5517     2.5560    27.4813    27.4844    6.85710    6.89367         46 0.0000e+00
      13218    550.700    138.000     2.8388   3.116565     2.8478   3.117754      98.91     0.0290     2.9339     2.5929  33.853531  2.4503253   48.44346  -46.67720    34.4906    34.4973     2.8306     2.8397    27.4938    27.4985    6.74375    6.78133         49 0.0000e+00
      13261    552.481    139.000     2.9091   3.123894     2.9080   3.123724      82.70     0.0260     2.9262     2.5844  33.814976  2.5155988   48.44346  -46.67718    34.5045    34.5039     2.9007     2.8998    27.4986    27.4983    6.70412    6.74141         37 0.0000e+00
      13297    553.985    140.000     2.8337   3.116872     2.8309   3.116379      54.13     0.0263     2.9194     2.5783  33.771545  2.6266534   48.44346  -46.67718    34.4975    34.4943     2.8253     2.8226    27.4997    27.4975    6.70661    6.74336         37 0.0000e+00
      13338    555.712    141.000     2.7485   3.108825     2.7492   3.108763      85.41     0.0266     2.9135     2.5728  33.747013  2.7255228   48.44346  -46.67716    34.4909    34.4894     2.7402     2.7409    27.5021    27.5008    6.71048    6.75263         46 0.0000e+00
      13387    557.738    142.000     2.7179   3.106135     2.7185   3.106126      80.40     0.0249     2.9074     2.5681  33.771370  2.7041271   48.44346  -46.67716    34.4903    34.4896     2.7095     2.7101    27.5043    27.5036    6.70979    6.75097         52 0.0000e+00
      13443    560.097    143.000     2.7171   3.106529     2.7166   3.106441      97.75     0.0204     2.9023     2.5648  33.783401  2.6601338   48.44346  -46.67714    34.4955    34.4949     2.7087     2.7082    27.5085    27.5081    6.70731    6.75696         53 0.0000e+00
      13480    561.612    144.000     2.7180   3.106946     2.7178   3.106923      76.59     0.0228     2.9008     2.5640  33.783920  2.6575570   48.44346  -46.67713    34.4990    34.4989     2.7095     2.7094    27.5112    27.5112    6.71405    6.76063         24 0.0000e+00
      13501    562.508    145.000     2.7195   3.107178     2.7206   3.107267      98.84     0.0208     2.9008     2.5643  33.787228  2.6581233   48.44346  -46.67712    34.4997    34.4996     2.7110     2.7121    27.5116    27.5115    6.72544    6.76531         21 0.0000e+00
      13535    563.916    146.000     2.7197   3.107312     2.7197   3.107274      87.55     0.0211     2.9016     2.5644  33.789593  2.6623900   48.44346  -46.67711    34.5006    34.5001     2.7111     2.7111    27.5123    27.5120    6.72685    6.76446         41 0.0000e+00
      13640    568.304    147.000     2.7215   3.107580     2.7218   3.107678      99.20     0.0199     2.9025     2.5646  33.816513  2.6783085   48.44348  -46.67708    34.5014    34.5022     2.7128     2.7131    27.5129    27.5135    6.72511    6.76638         25 0.0000e+00
      13658    569.058    148.000     2.7546   3.111585     2.7532   3.111643      72.86     0.0228     2.9022     2.5649  33.822765  2.6776557   48.44348  -46.67708    34.5145    34.5166     2.7458     2.7445    27.5204    27.5222    6.72264    6.76681         19 0.0000e+00
      13677    569.853    149.000     2.7821   3.114695     2.7820   3.114733      90.22     0.0199     2.9028     2.5654  33.824173  2.6805804   48.44348  -46.67708    34.5225    34.5231     2.7733     2.7731    27.5244    27.5249    6.72715    6.76397         20 0.0000e+00
      13701    570.839    150.000     2.7899   3.115599     2.7867   3.115260      65.05     0.0182     2.9040     2.5663  33.824177  2.6867428   48.44348  -46.67707    34.5247    34.5239     2.7810     2.7778    27.5254    27.5251    6.73799    6.77502         30 0.0000e+00
      13772    573.806    151.000     2.7873   3.115347     2.7887   3.115437      84.89     0.0184     2.9117     2.5729  33.824177  2.7357304   48.44348  -46.67705    34.5238    34.5234     2.7783     2.7797    27.5250    27.5246    6.77136    6.81025         94 0.0000e+00
      13841    576.674    152.000     2.8075   3.117583     2.8061   3.117560      99.32     0.0230     2.9193     2.5802  33.824177  2.7465649   48.44348  -46.67703    34.5290    34.5302     2.7985     2.7971    27.5273    27.5284    6.78450    6.82031         27 0.0000e+00
      13862    577.549    153.000     2.8509   3.122187     2.8491   3.122236      97.37     0.0215     2.9212     2.5808  33.824177  2.7460318   48.44348  -46.67702    34.5382    34.5407     2.8418     2.8399    27.5308    27.5330    6.78437    6.81024         21 0.0000e+00
      13884    578.464    154.000     2.9127   3.128590     2.9111   3.128595      63.19     0.0185     2.9233     2.5820  33.824177  2.7548397   48.44348  -46.67702    34.5497    34.5515     2.9034     2.9018    27.5345    27.5360    6.77254    6.80581         24 0.0000e+00
      13921    580.015    155.000     2.9458   3.132052     2.9457   3.132061      84.36     0.0161     2.9256     2.5840  33.807564  2.7856743   48.44348  -46.67701    34.5559    34.5563     2.9364     2.9364    27.5365    27.5368    6.77164    6.80371         57 0.0000e+00
      13993    583.003    156.000     2.9763   3.135362     2.9775   3.135535      88.75     0.0190     2.9297     2.5877  33.786224  2.8573892   48.44348  -46.67699    34.5631    34.5639     2.9668     2.9680    27.5394    27.5400    6.77395    6.81414         70 0.0000e+00
      14041    585.021    157.000     2.9949   3.137900     2.9948   3.137895      76.84     0.0176     2.9322     2.5907  33.777721  2.8678160   48.44348  -46.67698    34.5736    34.5736     2.9853     2.9852    27.5461    27.5461    6.77879    6.82455         33 0.0000e+00
      14071    586.234    158.000     3.0002   3.138607     2.9996   3.138571      98.80     0.0199     2.9340     2.5927  33.758698  2.8919399   48.44348  -46.67698    34.5760    34.5762     2.9905     2.9899    27.5476    27.5478    6.79159    6.82768         28 0.0000e+00
      14105    587.682    159.000     3.0156   3.140247     3.0162   3.140315      85.29     0.0229     2.9374     2.5953  33.746510  2.9090979   48.44348  -46.67696    34.5790    34.5792     3.0058     3.0064    27.5485    27.5486    6.80510    6.84079         49 0.0000e+00
      14180    590.809    160.000     3.0320   3.141971     3.0320   3.141976     101.61     0.0170     2.9465     2.6023  33.720150  2.9389548   48.44348  -46.67694    34.5818    34.5819     3.0222     3.0221    27.5493    27.5494    6.83408    6.86369         70 0.0000e+00
      14217    592.314    161.000     3.0547   3.144459     3.0547   3.144484      98.65     0.0171     2.9515     2.6061  33.709133  2.9414725   48.44348  -46.67692    34.5873    34.5876     3.0447     3.0447    27.5516    27.5519    6.84625    6.88070         25 0.0000e+00
      14240    593.280    162.000     3.0695   3.146166     3.0703   3.146339      66.71     0.0158     2.9544     2.6096  33.706985  2.9418118   48.44348  -46.67692    34.5916    34.5929     3.0595     3.0603    27.5537    27.5546    6.84988    6.90093         23 0.0000e+00
      14269    594.511    163.000     3.1054   3.149894     3.1049   3.149926      95.42     0.0167     2.9588     2.6148  33.684036  2.9722068   48.44348  -46.67692    34.5980    34.5989     3.0953     3.0948    27.5555    27.5562    6.86892    6.91063         42 0.0000e+00
      14334    597.219    164.000     3.1401   3.153429     3.1384   3.153231      79.94     0.0241     2.9724     2.6253  33.647141  3.0196857   48.44350  -46.67690    34.6033    34.6028     3.1299     3.1281    27.5565    27.5562    6.90696    6.93537         64 0.0000e+00
      14373    598.834    165.000     3.1645   3.156188     3.1620   3.155995      82.85     0.0249     2.9791     2.6305  33.633224  3.0293067   48.44348  -46.67689    34.6107    34.6105     3.1542     3.1517    27.5601    27.5602    6.90904    6.94509         31 0.0000e+00
      14409    600.339    166.000     3.1823   3.158362     3.1819   3.158314      88.82     0.0213     2.9840     2.6356  33.602875  3.0547631   48.44348  -46.67688    34.6170    34.6168     3.1718     3.1715    27.5635    27.5634    6.91280    6.95444         44 0.0000e+00
      14455    602.254    167.000     3.1946   3.159976     3.1946   3.159969      90.31     0.0193     2.9885     2.6398  33.570850  3.0869336   48.44350  -46.67686    34.6228    34.6228     3.1841     3.1841    27.5670    27.5670    6.91120    6.95289         42 0.0000e+00
      14492    603.795    168.000     3.2032   3.161187     3.2028   3.161114      98.25     0.0215     2.9912     2.6416  33.543095  3.1073740   48.44350  -46.67686    34.6278    34.6273     3.1926     3.1922    27.5701    27.5698    6.92038    6.95361         39 0.0000e+00
      14565    606.836    169.000     3.2074   3.161812     3.2074   3.161784      92.13     0.0199     2.9964     2.6458  33.480362  3.1354954   48.44350  -46.67684    34.6304    34.6301     3.1967     3.1968    27.5718    27.5716    6.93211    6.96610         65 0.0000e+00
      14604    608.471    170.000     3.2089   3.162176     3.2090   3.162162      98.74     0.0242     2.9999     2.6473  33.451939  3.1368389   48.44350  -46.67684    34.6326    34.6323     3.1982     3.1983    27.5734    27.5732    6.93931    6.96841         22 0.0000e+00
      14624    609.272    171.000     3.2109   3.162547     3.2106   3.162487      52.78     0.0246     3.0003     2.6476  33.453983  3.1372542   48.44350  -46.67682    34.6344    34.6339     3.2001     3.1998    27.5747    27.5744    6.93945    6.96869         19 0.0000e+00
      14645    610.176    172.000     3.2137   3.163019     3.2138   3.163001      90.37     0.0268     3.0020     2.6484  33.426826  3.1498916   48.44350  -46.67682    34.6366    34.6363     3.2028     3.2029    27.5762    27.5760    6.94104    6.96954         26 0.0000e+00
      14710    612.862    173.000     3.2181   3.163682     3.2175   3.163572      80.74     0.0245     3.0038     2.6498  33.375843  3.1650205   48.44350  -46.67680    34.6393    34.6386     3.2072     3.2066    27.5780    27.5775    6.94090    6.97503         90 0.0000e+00
      14784    615.971    174.000     3.2249   3.164626     3.2252   3.164671      76.99     0.0201     3.0037     2.6511  33.343681  3.1726003   48.44350  -46.67678    34.6430    34.6433     3.2139     3.2141    27.5802    27.5805    6.93216    6.97335         38 0.0000e+00
      14812    617.117    175.000     3.2324   3.165721     3.2321   3.165649      98.41     0.0228     3.0037     2.6512  33.330723  3.1772292   48.44350  -46.67678    34.6477    34.6472     3.2213     3.2210    27.5834    27.5829    6.93427    6.97954         23 0.0000e+00
