data/CTD/2014/CNV/d017a011.cnv
* Sea-Bird SBE 9 Data File:
* FileName = C:\CTD_ACQUISITION\2014017HUD\ctddata\017A011.hdr
* Software Version Seasave V 7.22.2
* Temperature SN = 5081
* Conductivity SN = 3561
* Number of Bytes Per Scan = 37
* Number of Voltage Words = 4
* Number of Scans Averaged by the Deck Unit = 1
* NMEA Latitude = 52 45.35 N
* NMEA Longitude = 051 52.12 W
* NMEA UTC (Time) = Jul 03 2014 20:37:39
* NMEA baud rate = 9600
** Ship: Hudson
** Cruise: HUD2014017
** Chief_Scientist: Blair Greenan
** Organization: BIO
** Area_of_Operation: Sackville Spur
** Station: 011
** Sounding:  343
** Event_Comments: C2 403022
# nquan = 25
# nvalues = 334                         
# units = specified
# name 0 = scan: Scan Count
# name 1 = timeS: Time, Elapsed [seconds]
# name 2 = prDM: Pressure, Digiquartz [db]
# name 3 = t068C: Temperature [ITS-68, deg C]
# name 4 = c0S/m: Conductivity [S/m]
# name 5 = t168C: Temperature, 2 [ITS-68, deg C]
# name 6 = c1S/m: Conductivity, 2 [S/m]
# name 7 = altM: Altimeter [m]
# name 8 = flC: Fluorescence, Chelsea Aqua 3 Chl Con [ug/l]
# name 9 = sbeox0V: Oxygen raw, SBE 43 [V]
# name 10 = sbeox1V: Oxygen raw, SBE 43, 2 [V]
# name 11 = upoly0: Upoly 0, Optode 4330F - O2 D-Phase
# name 12 = upoly1: Upoly 1, Optode 4330F - O2 Temp
# name 13 = latitude: Latitude [deg]
# name 14 = longitude: Longitude [deg]
# name 15 = sal00: Salinity, Practical [PSU]
# name 16 = sal11: Salinity, Practical, 2 [PSU]
# name 17 = potemp068C: Potential Temperature [ITS-68, deg C]
# name 18 = potemp168C: Potential Temperature, 2 [ITS-68, deg C]
# name 19 = sigma-é00: Density [sigma-theta, Kg/m^3]
# name 20 = sigma-é11: Density, 2 [sigma-theta, Kg/m^3]
# name 21 = sbeox0ML/L: Oxygen, SBE 43 [ml/l], WS = 2
# name 22 = sbeox1ML/L: Oxygen, SBE 43, 2 [ml/l], WS = 2
# name 23 = nbin: number of scans per bin
# name 24 = flag: flag
# span 0 =       8548,      20967       
# span 1 =    356.110,    873.584       
# span 2 =      1.000,    334.000       
# span 3 =    -1.3380,     3.9674       
# span 4 =   2.660756,   3.241502       
# span 5 =    -1.3390,     3.9873       
# span 6 =   2.660561,   3.241389       
# span 7 =       4.69,     103.84       
# span 8 =     0.0132,     0.4885       
# span 9 =     2.9007,     3.7259       
# span 10 =     2.5562,     3.2817      
# span 11 =  26.158224,  30.995218      
# span 12 = -0.5021511,  3.7035558      
# span 13 =   52.75446,   52.75520      
# span 14 =  -51.86718,  -51.86423      
# span 15 =    31.4248,    34.7744      
# span 16 =    31.4204,    34.7735      
# span 17 =    -1.3387,     3.9673      
# span 18 =    -1.3397,     3.9871      
# span 19 =    24.9477,    27.6612      
# span 20 =    24.9418,    27.6604      
# span 21 =    6.67178,    9.93708      
# span 22 =    6.68992,   10.11229      
# span 23 =         10,        104      
# span 24 = 0.0000e+00, 0.0000e+00      
# interval = decibars: 1                
# start_time = Jul 03 2014 20:37:39 [NMEA time, header]
# bad_flag = -9.990e-29
*END*
       8548    356.110      1.000     3.8235   2.939410     3.6733   2.929541      98.63     0.0132     3.5782     3.1629  30.480562  3.3374686   52.75520  -51.86718    31.4308    31.4589     3.8234     3.6732    24.9646    25.0008    8.43528    8.51233         33 0.0000e+00
       8846    368.556      2.000     3.9674   2.950819     3.9873   2.952002      98.64     0.0300     3.5707     3.1551  30.995218  3.3967166   52.75519  -51.86712    31.4265    31.4213     3.9673     3.9871    24.9477    24.9418    8.29618    8.40664         27 0.0000e+00
       9152    381.277      3.000     3.8408   2.940816     3.8437   2.940910      98.64     0.0351     3.5557     3.1439  30.831415  3.4971874   52.75518  -51.86704    31.4298    31.4281     3.8407     3.8435    24.9622    24.9606    8.30457    8.40632         16 0.0000e+00
       9223    384.239      4.000     3.8367   2.940099     3.8474   2.940868      96.05     0.0359     3.5641     3.1465  29.727022  3.5683270   52.75518  -51.86703    31.4248    31.4235     3.8364     3.8472    24.9587    24.9566    8.33305    8.43208         35 0.0000e+00
       9284    386.784      5.000     3.7458   2.933417     3.7564   2.933178      98.00     0.0359     3.5582     3.1418  28.569828  3.6133325   52.75518  -51.86701    31.4328    31.4204     3.7455     3.7561    24.9734    24.9626    8.18873    8.31441         26 0.0000e+00
       9340    389.106      6.000     3.5335   2.916835     3.4895   2.913554      98.01     0.0327     3.5565     3.1326  27.805475  3.6336098   52.75518  -51.86700    31.4427    31.4442     3.5311     3.4892    25.0007    25.0056    8.41272    8.44869         67 0.0000e+00
       9423    392.584      7.000     3.3567   2.905375     3.3265   2.902359      98.52     0.0336     3.6063     3.1581  26.745131  3.6631658   52.75518  -51.86698    31.4749    31.4682     3.3563     3.3261    25.0417    25.0390    8.60220    8.63228         30 0.0000e+00
       9451    393.750      8.000     2.7532   2.862762     2.8129   2.864437      93.12     0.0380     3.6130     3.1671  26.655848  3.6692977   52.75517  -51.86697    31.5507    31.5124     2.7528     2.8124    25.1523    25.1169    8.83147    8.86479         32 0.0000e+00
       9514    396.395      9.000     2.2261   2.827327     2.1757   2.823308      96.43     0.0483     3.6271     3.1737  26.302368  3.6910775   52.75516  -51.86695    31.6380    31.6380     2.2257     2.1752    25.2626    25.2663    8.93093    8.92304         78 0.0000e+00
       9582    399.227     10.000     1.7347   2.802554     1.7560   2.802888      98.68     0.0652     3.6374     3.1752  26.158224  3.7035558   52.75516  -51.86694    31.8224    31.8051     1.7342     1.7555    25.4450    25.4296    9.08979    9.05435         37 0.0000e+00
       9619    400.756     11.000     1.5919   2.796077     1.6119   2.796350      91.68     0.0666     3.6409     3.1732  26.221132  3.7019494   52.75516  -51.86693    31.8852    31.8684     1.5914     1.6114    25.5047    25.4899    9.10393    9.06501         42 0.0000e+00
       9681    403.342     12.000     0.8577   2.759575     0.8848   2.759861      89.28     0.0700     3.6543     3.1833  26.293278  3.6903765   52.75515  -51.86691    32.1743    32.1499     0.8572     0.8844    25.7814    25.7602    9.36447    9.35941         76 0.0000e+00
       9739    405.744     13.000     0.3487   2.733577     0.3909   2.734831      98.09     0.0906     3.6717     3.2036  26.406290  3.6686039   52.75514  -51.86690    32.3687    32.3397     0.3483     0.3905    25.9655    25.9401    9.58150    9.63262         40 0.0000e+00
       9777    407.325     14.000    -0.1518   2.709074    -0.1401   2.708609      96.18     0.1274     3.6902     3.2258  26.497690  3.6463077   52.75514  -51.86690    32.5770    32.5583    -0.1523    -0.1405    26.1572    26.1416    9.77326    9.84797         39 0.0000e+00
       9815    408.901     15.000    -0.3889   2.697033    -0.3867   2.696473      77.83     0.1746     3.6988     3.2385  26.591818  3.6108925   52.75516  -51.86688    32.6706    32.6607    -0.3894    -0.3871    26.2430    26.2350    9.74855    9.84952         35 0.0000e+00
       9845    410.175     16.000    -0.4877   2.693331    -0.4846   2.692997      69.38     0.2600     3.6990     3.2411  26.655046  3.5842526   52.75514  -51.86688    32.7271    32.7192    -0.4882    -0.4850    26.2927    26.2862    9.76730    9.87420         28 0.0000e+00
       9895    412.255     17.000    -0.5762   2.689891    -0.5723   2.689611      97.89     0.2773     3.7047     3.2507  26.763390  3.5249314   52.75514  -51.86686    32.7754    32.7681    -0.5766    -0.5728    26.3353    26.3292    9.80973    9.95056         48 0.0000e+00
       9985    415.997     18.000    -0.6672   2.686131    -0.6504   2.686535      90.66     0.2634     3.7259     3.2817  26.919767  3.4099874   52.75514  -51.86684    32.8238    32.8088    -0.6677    -0.6509    26.3779    26.3651    9.85725   10.07125         21 0.0000e+00
       9999    416.592     19.000    -0.6886   2.685146    -0.6874   2.684924      98.71     0.2698     3.7193     3.2784  26.998106  3.3416765   52.75514  -51.86684    32.8331    32.8289    -0.6891    -0.6879    26.3862    26.3828    9.74522    9.95370         17 0.0000e+00
      10017    417.336     20.000    -0.7051   2.687672    -0.7042   2.687932      98.63     0.3077     3.7094     3.2722  26.997074  3.3418941   52.75514  -51.86684    32.8845    32.8870    -0.7056    -0.7047    26.4284    26.4304    9.69370    9.90256         20 0.0000e+00
      10083    420.066     21.000    -0.7748   2.686700    -0.7707   2.686887      95.12     0.4217     3.6846     3.2504  27.137169  3.1897388   52.75513  -51.86681    32.9468    32.9449    -0.7754    -0.7712    26.4814    26.4797    9.67074    9.84225         57 0.0000e+00
      10171    423.740     22.000    -0.9961   2.674572    -0.9490   2.675602      92.08     0.4496     3.6523     3.2228  27.265448  3.0285609   52.75512  -51.86678    33.0245    32.9868    -0.9966    -0.9495    26.5522    26.5199    9.65269    9.88084         29 0.0000e+00
      10191    424.593     23.000    -1.1463   2.664248    -1.1444   2.663976      98.70     0.4885     3.6494     3.2262  27.347305  2.9466856   52.75512  -51.86678    33.0487    33.0429    -1.1468    -1.1449    26.5767    26.5720    9.85022   10.08016         19 0.0000e+00
      10210    425.355     24.000    -1.1590   2.663614    -1.1593   2.663450      98.63     0.4558     3.6580     3.2351  27.347988  2.9424689   52.75512  -51.86678    33.0535    33.0516    -1.1595    -1.1599    26.5810    26.5795    9.93708   10.11229         18 0.0000e+00
      10236    426.451     25.000    -1.0761   2.670581    -1.0823   2.670555      78.73     0.4668     3.6588     3.2333  27.407047  2.8731282   52.75512  -51.86678    33.0584    33.0616    -1.0767    -1.0829    26.5823    26.5851    9.75111    9.89694         38 0.0000e+00
      10348    431.117     26.000    -1.0633   2.672069    -1.0388   2.675568      99.24     0.4494     3.5726     3.1631  27.616953  2.6125374   52.75512  -51.86674    33.0492    33.0694    -1.0639    -1.0394    26.5745    26.5900    9.43043    9.55368         19 0.0000e+00
      10363    431.746     27.000    -0.7218   2.701990    -0.7131   2.703781      98.64     0.4721     3.5687     3.1532  27.611721  2.6190476   52.75512  -51.86674    33.0914    33.1060    -0.7225    -0.7138    26.5965    26.6080    9.24460    9.27767         17 0.0000e+00
      10382    432.536     28.000    -0.5984   2.714756    -0.5991   2.714960      89.63     0.4688     3.5544     3.1306  27.673586  2.5609870   52.75512  -51.86674    33.1264    33.1310    -0.5982    -0.5999    26.6200    26.6238    9.00439    8.97710         23 0.0000e+00
      10456    435.618     29.000    -0.6589   2.709000    -0.6240   2.712990      97.47     0.4650     3.3936     2.9763  27.786356  2.4033980   52.75512  -51.86672    33.1158    33.1312    -0.6598    -0.6248    26.6139    26.6250    8.11067    8.23784         47 0.0000e+00
      10513    437.980     30.000    -0.6498   2.712341    -0.6507   2.712144      89.51     0.4483     3.2511     2.8590  27.875189  2.2916594   52.75511  -51.86670    33.1501    33.1484    -0.6506    -0.6515    26.6413    26.6399    7.69484    7.90063         31 0.0000e+00
      10547    439.397     31.000    -0.9648   2.687661    -0.9685   2.686769      98.38     0.4685     3.1799     2.8038  27.933561  2.2390714   52.75512  -51.86670    33.1623    33.1543    -0.9655    -0.9692    26.6628    26.6564    7.67104    7.89577         38 0.0000e+00
      10593    441.317     32.000    -1.0801   2.679326    -1.0791   2.678955      67.82     0.3932     3.1104     2.7536  28.014639  2.1412694   52.75510  -51.86668    33.1757    33.1691    -1.0808    -1.0798    26.6775    26.6721    7.69685    7.93831         53 0.0000e+00
      10650    443.694     33.000    -1.2911   2.663490    -1.2912   2.663161      94.09     0.3059     3.0619     2.7228  28.102562  2.0298860   52.75510  -51.86666    33.1925    33.1897    -1.2918    -1.2918    26.6978    26.6956    7.80695    8.01414         58 0.0000e+00
      10696    445.617     34.000    -1.3380   2.660756    -1.3390   2.660561      98.89     0.2088     3.0412     2.7037  28.156557  1.9714074   52.75510  -51.86666    33.2065    33.2048    -1.3387    -1.3397    26.7106    26.7093    7.81026    7.93369         32 0.0000e+00
      10723    446.766     35.000    -1.2846   2.666076    -1.2861   2.666202      88.96     0.2119     3.0301     2.6900  28.227886  1.8989288   52.75510  -51.86666    33.2195    33.2229    -1.2853    -1.2869    26.7195    26.7224    7.75337    7.86808         28 0.0000e+00
      10770    448.700     36.000    -1.2028   2.674022    -1.1892   2.675067      93.19     0.1675     3.0122     2.6734  28.288660  1.8449190   52.75510  -51.86664    33.2368    33.2360    -1.2036    -1.1900    26.7311    26.7300    7.71637    7.86216         77 0.0000e+00
      10833    451.347     37.000    -1.3092   2.666474    -1.3055   2.666610      92.62     0.1774     3.0017     2.6674  28.364704  1.7415870   52.75510  -51.86662    33.2511    33.2488    -1.3100    -1.3063    26.7459    26.7440    7.87451    8.01577         28 0.0000e+00
      10853    452.171     38.000    -1.3167   2.666558    -1.3164   2.666490      92.98     0.1449     3.0082     2.6724  28.396320  1.7182447   52.75508  -51.86662    33.2599    33.2587    -1.3175    -1.3172    26.7533    26.7523    7.89341    8.03517         22 0.0000e+00
      10882    453.356     39.000    -1.2915   2.669275    -1.2928   2.669388      98.01     0.1179     3.0115     2.6756  28.437910  1.6789470   52.75508  -51.86660    33.2698    33.2716    -1.2934    -1.2936    26.7606    26.7621    7.86819    7.98557         41 0.0000e+00
      10945    455.995     40.000    -1.1965   2.678468    -1.2085   2.677411      91.99     0.1301     3.0098     2.6668  28.533754  1.5800372   52.75508  -51.86659    33.2879    33.2892    -1.1971    -1.2094    26.7723    26.7738    7.76112    7.83367         56 0.0000e+00
      10973    457.150     41.000    -1.1152   2.686275    -1.1153   2.686765      86.20     0.1434     3.0048     2.6592  28.559702  1.5278163   52.75508  -51.86658    33.3039    33.3106    -1.1161    -1.1162    26.7826    26.7881    7.70412    7.80131         19 0.0000e+00
      10989    457.829     42.000    -0.9817   2.698951    -0.9879   2.699248      51.18     0.1249     3.0001     2.6563  28.559559  1.5336429   52.75508  -51.86658    33.3277    33.3387    -0.9827    -0.9890    26.7974    26.8066    7.66053    7.76833         16 0.0000e+00
      11005    458.496     43.000    -0.8993   2.707858    -0.9005   2.707988      98.39     0.1238     2.9979     2.6528  28.603518  1.4827783   52.75508  -51.86658    33.3567    33.3598    -0.9004    -0.9016    26.8180    26.8206    7.64016    7.74197         17 0.0000e+00
      11024    459.276     44.000    -1.0041   2.701094    -1.0008   2.701028      98.63     0.1239     2.9939     2.6502  28.607971  1.4763185   52.75508  -51.86656    33.3795    33.3760    -1.0052    -1.0019    26.8402    26.8372    7.65662    7.75978         21 0.0000e+00
      11050    460.368     45.000    -1.0344   2.699515    -1.0343   2.698974      88.71     0.1279     2.9901     2.6457  28.654045  1.4363050   52.75506  -51.86656    33.3921    33.3867    -1.0355    -1.0354    26.8514    26.8471    7.66614    7.75506         32 0.0000e+00
      11082    461.720     46.000    -1.1324   2.692046    -1.1324   2.692013      98.60     0.1084     2.9854     2.6414  28.689322  1.4025490   52.75507  -51.86655    33.3988    33.3983    -1.1335    -1.1335    26.8602    26.8598    7.67777    7.77526         32 0.0000e+00
      11112    462.962     47.000    -1.1331   2.692338    -1.1331   2.692346      95.66     0.0742     2.9825     2.6389  28.740070  1.3196667   52.75508  -51.86654    33.4029    33.4031    -1.1342    -1.1342    26.8636    26.8636    7.68840    7.79777         27 0.0000e+00
      11137    463.992     48.000    -1.1140   2.694768    -1.1145   2.694885      87.60     0.0539     2.9811     2.6392  28.759527  1.3017782   52.75508  -51.86654    33.4142    33.4163    -1.1151    -1.1156    26.8720    26.8738    7.69089    7.81841         23 0.0000e+00
      11159    464.896     49.000    -1.0949   2.697834    -1.0949   2.697875      71.63     0.0522     2.9807     2.6407  28.805868  1.2515171   52.75508  -51.86653    33.4342    33.4347    -1.0961    -1.0961    26.8876    26.8880    7.69852    7.83104         20 0.0000e+00
      11179    465.752     50.000    -1.0988   2.698109    -1.0984   2.698098      46.01     0.0547     2.9811     2.6422  28.806210  1.2515262   52.75508  -51.86652    33.4418    33.4411    -1.1000    -1.0996    26.8939    26.8933    7.71050    7.82737         21 0.0000e+00
      11201    466.650     51.000    -1.1000   2.698660    -1.1001   2.698660      82.90     0.0509     2.9823     2.6429  28.855602  1.2035638   52.75507  -51.86652    33.4499    33.4500    -1.1012    -1.1013    26.9005    26.9006    7.72052    7.82792         23 0.0000e+00
      11226    467.724     52.000    -1.0962   2.699385    -1.0963   2.699408      96.51     0.0523     2.9836     2.6438  28.858255  1.1997471   52.75506  -51.86652    33.4549    33.4553    -1.0974    -1.0975    26.9044    26.9048    7.73253    7.83775         27 0.0000e+00
      11252    468.777     53.000    -1.0857   2.700821    -1.0860   2.700846      79.18     0.0502     2.9856     2.6462  28.918526  1.1343807   52.75506  -51.86651    33.4621    33.4628    -1.0869    -1.0872    26.9100    26.9105    7.74363    7.85257         23 0.0000e+00
      11273    469.656     54.000    -1.0589   2.703912    -1.0602   2.704012      98.84     0.0493     2.9874     2.6473  28.914995  1.1347852   52.75506  -51.86650    33.4738    33.4766    -1.0602    -1.0615    26.9185    26.9208    7.74373    7.84122         20 0.0000e+00
      11293    470.484     55.000    -1.0214   2.708148    -1.0224   2.708261      98.63     0.0446     2.9897     2.6483  28.962942  1.0822049   52.75506  -51.86650    33.4891    33.4917    -1.0228    -1.0237    26.9296    26.9318    7.73062    7.82754         20 0.0000e+00
      11313    471.349     56.000    -0.9954   2.711031    -0.9961   2.711115      98.63     0.0409     2.9900     2.6484  28.972967  1.0739766   52.75506  -51.86648    33.4987    33.5006    -0.9968    -0.9975    26.9365    26.9381    7.71430    7.81009         22 0.0000e+00
      11337    472.353     57.000    -0.9686   2.713892    -0.9693   2.713897      98.63     0.0447     2.9900     2.6478  29.001945  1.0377905   52.75506  -51.86648    33.5072    33.5080    -0.9701    -0.9707    26.9424    26.9431    7.69514    7.79136         26 0.0000e+00
