data/CTD/2014/CNV/d017a002.cnv
* Sea-Bird SBE 9 Data File:
* FileName = C:\CTD_ACQUISITION\2014017HUD\ctddata\017A002.hdr
* Software Version Seasave V 7.22.2
* Temperature SN = 5081
* Conductivity SN = 3561
* Number of Bytes Per Scan = 37
* Number of Voltage Words = 4
* Number of Scans Averaged by the Deck Unit = 1
* NMEA Latitude = 52 39.92 N
* NMEA Longitude = 052 06.18 W
* NMEA UTC (Time) = Jul 03 2014 10:10:16
* NMEA baud rate = 9600
** Ship: Hudson
** Cruise: HUD2014017
** Chief_Scientist: Blair Greenan
** Organization: BIO
** Area_of_Operation: Sackville Spur
** Station: 002
** Sounding:  298
** Event_Comments: C1 403001
# nquan = 25
# nvalues = 295                         
# units = specified
# name 0 = scan: Scan Count
# name 1 = timeS: Time, Elapsed [seconds]
# name 2 = prDM: Pressure, Digiquartz [db]
# name 3 = t068C: Temperature [ITS-68, deg C]
# name 4 = c0S/m: Conductivity [S/m]
# name 5 = t168C: Temperature, 2 [ITS-68, deg C]
# name 6 = c1S/m: Conductivity, 2 [S/m]
# name 7 = altM: Altimeter [m]
# name 8 = flC: Fluorescence, Chelsea Aqua 3 Chl Con [ug/l]
# name 9 = sbeox0V: Oxygen raw, SBE 43 [V]
# name 10 = sbeox1V: Oxygen raw, SBE 43, 2 [V]
# name 11 = upoly0: Upoly 0, Optode 4330F - O2 D-Phase
# name 12 = upoly1: Upoly 1, Optode 4330F - O2 Temp
# name 13 = latitude: Latitude [deg]
# name 14 = longitude: Longitude [deg]
# name 15 = sal00: Salinity, Practical [PSU]
# name 16 = sal11: Salinity, Practical, 2 [PSU]
# name 17 = potemp068C: Potential Temperature [ITS-68, deg C]
# name 18 = potemp168C: Potential Temperature, 2 [ITS-68, deg C]
# name 19 = sigma-é00: Density [sigma-theta, Kg/m^3]
# name 20 = sigma-é11: Density, 2 [sigma-theta, Kg/m^3]
# name 21 = sbeox0ML/L: Oxygen, SBE 43 [ml/l], WS = 2
# name 22 = sbeox1ML/L: Oxygen, SBE 43, 2 [ml/l], WS = 2
# name 23 = nbin: number of scans per bin
# name 24 = flag: flag
# span 0 =       9069,      23217       
# span 1 =    377.839,    967.347       
# span 2 =      1.000,    295.000       
# span 3 =    -1.4569,     5.4393       
# span 4 =   2.639696,   3.134374       
# span 5 =    -1.4570,     5.4413       
# span 6 =   2.639337,   3.134150       
# span 7 =       1.59,     103.25       
# span 8 =     0.0154,     0.4380       
# span 9 =     2.8932,     3.7654       
# span 10 =     2.5526,     3.2570      
# span 11 =  23.838688,  30.914728      
# span 12 = -0.4329100,  5.9145842      
# span 13 =   52.66500,   52.66550      
# span 14 =  -52.10162,  -52.10056      
# span 15 =    31.9044,    34.5919      
# span 16 =    31.9006,    34.5893      
# span 17 =    -1.4576,     5.4388      
# span 18 =    -1.4578,     5.4409      
# span 19 =    25.1742,    27.5731      
# span 20 =    25.1713,    27.5710      
# span 21 =    6.79737,    9.95377      
# span 22 =    6.82294,   10.01900      
# span 23 =         16,         92      
# span 24 = 0.0000e+00, 0.0000e+00      
# interval = decibars: 1                
# start_time = Jul 03 2014 10:10:16 [NMEA time, header]
# bad_flag = -9.990e-29
*END*
[from data line 232]
      19487    811.927    233.000     2.1924   3.059142     2.1929   3.059021      55.92     0.0194     2.9427     2.5998  30.671843  0.7773818   52.66500  -52.10076    34.4242    34.4221     2.1795     2.1801    27.4961    27.4944    7.00984    7.06860         35 0.0000e+00
      19573    815.509    234.000     2.1873   3.058659     2.1879   3.058496      86.64     0.0214     2.9428     2.5991  30.657469  0.7991586   52.66500  -52.10076    34.4230    34.4204     2.1745     2.1751    27.4955    27.4934    7.02351    7.06704         70 0.0000e+00
      19622    817.543    235.000     2.1961   3.059603     2.1972   3.059545      64.48     0.0221     2.9424     2.5998  30.659334  0.8207203   52.66500  -52.10076    34.4248    34.4229     2.1831     2.1843    27.4963    27.4946    7.01916    7.07675         24 0.0000e+00
      19644    818.449    236.000     2.2037   3.060462     2.2034   3.060255      49.37     0.0203     2.9426     2.6003  30.655970  0.8325400   52.66500  -52.10076    34.4267    34.4245     2.1907     2.1904    27.4972    27.4954    7.02286    7.07081         22 0.0000e+00
      19669    819.501    237.000     2.2102   3.061181     2.2101   3.060978      61.76     0.0260     2.9430     2.5993  30.645744  0.8378972   52.66500  -52.10076    34.4280    34.4256     2.1971     2.1970    27.4977    27.4958    7.01826    7.04687         32 0.0000e+00
      19751    822.928    238.000     2.2134   3.061553     2.2107   3.061117      72.24     0.0493     2.9387     2.5948  30.644617  0.8586405   52.66500  -52.10076    34.4287    34.4262     2.2002     2.1975    27.4980    27.4962    6.99750    7.04175         51 0.0000e+00
      19791    824.600    239.000     2.2398   3.064391     2.2394   3.064185      61.37     0.0343     2.9386     2.5949  30.637714  0.8779167   52.66500  -52.10076    34.4349    34.4328     2.2265     2.2261    27.5008    27.4992    7.01384    7.05616         27 0.0000e+00
      19824    825.978    240.000     2.2457   3.065097     2.2459   3.064931      59.95     0.0255     2.9397     2.5968  30.631369  0.8979456   52.66500  -52.10076    34.4367    34.4345     2.2324     2.2325    27.5018    27.5000    7.01315    7.06746         45 0.0000e+00
      19888    828.612    241.000     2.2630   3.066951     2.2638   3.066852      58.48     0.0209     2.9409     2.5974  30.626007  0.9144408   52.66500  -52.10076    34.4406    34.4385     2.2495     2.2503    27.5035    27.5018    7.00882    7.04387         62 0.0000e+00
      19928    830.297    242.000     2.2769   3.068498     2.2771   3.068333      57.82     0.0203     2.9415     2.5974  30.622877  0.9430417   52.66500  -52.10076    34.4442    34.4419     2.2634     2.2636    27.5052    27.5034    7.01029    7.05918         29 0.0000e+00
      19955    831.417    243.000     2.2932   3.070256     2.2924   3.070045      56.96     0.0241     2.9419     2.5982  30.619184  0.9440148   52.66500  -52.10076    34.4479    34.4462     2.2796     2.2787    27.5069    27.5056    7.01015    7.05512         27 0.0000e+00
      19996    833.132    244.000     2.3136   3.072459     2.3115   3.072062      55.61     0.0230     2.9422     2.5986  30.619425  0.9591094   52.66500  -52.10075    34.4526    34.4501     2.2999     2.2980    27.5090    27.5072    7.00386    7.05016         54 0.0000e+00
      20087    836.931    245.000     2.3328   3.074677     2.3240   3.073607      54.34     0.0190     2.9408     2.5976  30.614634  0.9859307   52.66500  -52.10075    34.4583    34.4551     2.3195     2.3102    27.5119    27.5101    6.98775    7.02635         37 0.0000e+00
      20112    837.954    246.000     2.3587   3.077408     2.3597   3.077331      53.67     0.0215     2.9402     2.5957  30.611879  1.0267262   52.66500  -52.10074    34.4642    34.4622     2.3448     2.3457    27.5145    27.5129    6.98524    7.01612         25 0.0000e+00
      20137    839.019    247.000     2.3744   3.079098     2.3747   3.078991      52.71     0.0243     2.9397     2.5947  30.604151  0.9985161   52.66500  -52.10074    34.4676    34.4660     2.3604     2.3606    27.5160    27.5147    6.98133    7.01133         27 0.0000e+00
      20176    840.611    248.000     2.3902   3.080794     2.3905   3.080642      51.53     0.0207     2.9388     2.5935  30.604179  1.0241882   52.66500  -52.10074    34.4711    34.4689     2.3761     2.3763    27.5174    27.5157    6.97446    7.01740         55 0.0000e+00
      20234    843.034    249.000     2.4060   3.082517     2.4060   3.082343      50.26     0.0157     2.9376     2.5949  30.601143  1.0452060   52.66500  -52.10074    34.4749    34.4727     2.3917     2.3917    27.5192    27.5174    6.97373    7.02671         47 0.0000e+00
      20275    844.756    250.000     2.4163   3.083666     2.4165   3.083502      49.29     0.0192     2.9374     2.5944  30.600273  1.0633082   52.66500  -52.10074    34.4774    34.4751     2.4020     2.4022    27.5203    27.5185    6.96836    7.00942         52 0.0000e+00
      20353    847.980    251.000     2.4224   3.084347     2.4230   3.084223      48.02     0.0196     2.9345     2.5912  30.587004  1.0889772   52.66500  -52.10074    34.4787    34.4765     2.4080     2.4086    27.5208    27.5190    6.95359    6.99535         63 0.0000e+00
      20381    849.175    252.000     2.4362   3.085828     2.4356   3.085644      47.45     0.0219     2.9331     2.5902  30.579195  1.0846680   52.66500  -52.10074    34.4816    34.4799     2.4217     2.4212    27.5220    27.5207    6.94849    6.99322         24 0.0000e+00
      20405    850.178    253.000     2.4564   3.088023     2.4564   3.087866      46.57     0.0196     2.9327     2.5900  30.579563  1.1167297   52.66500  -52.10072    34.4863    34.4844     2.4419     2.4418    27.5241    27.5226    6.95022    6.99619         27 0.0000e+00
      20456    852.299    254.000     2.4677   3.089261     2.4652   3.088792      45.12     0.0198     2.9322     2.5902  30.579714  1.1214857   52.66500  -52.10072    34.4889    34.4858     2.4530     2.4505    27.5253    27.5230    6.95293    6.99845         76 0.0000e+00
      20517    854.848    255.000     2.4773   3.090316     2.4772   3.090102      44.16     0.0222     2.9326     2.5907  30.584398  1.1465453   52.66500  -52.10072    34.4910    34.4886     2.4626     2.4624    27.5261    27.5242    6.95591    6.99843         41 0.0000e+00
      20558    856.524    256.000     2.4818   3.090829     2.4817   3.090621      43.23     0.0246     2.9326     2.5912  30.580307  1.1595168   52.66500  -52.10072    34.4918    34.4895     2.4671     2.4670    27.5264    27.5245    6.95204    7.00101         41 0.0000e+00
      20596    858.116    257.000     2.4949   3.092239     2.4950   3.092075      42.25     0.0255     2.9326     2.5905  30.572525  1.1899149   52.66500  -52.10072    34.4948    34.4926     2.4800     2.4801    27.5277    27.5259    6.94819    6.98103         35 0.0000e+00
      20633    859.669    258.000     2.5044   3.093293     2.5046   3.093123      41.24     0.0244     2.9320     2.5882  30.572401  1.1911033   52.66500  -52.10072    34.4969    34.4946     2.4895     2.4897    27.5285    27.5267    6.94449    6.96759         46 0.0000e+00
      20702    862.521    259.000     2.5150   3.094447     2.5151   3.094272      39.90     0.0179     2.9291     2.5838  30.550112  1.2130380   52.66500  -52.10072    34.4993    34.4969     2.4999     2.5001    27.5296    27.5277    6.92073    6.95410         68 0.0000e+00
      20747    864.420    260.000     2.5195   3.095068     2.5194   3.094868      39.14     0.0157     2.9256     2.5814  30.549614  1.2375702   52.66500  -52.10072    34.5014    34.4990     2.5044     2.5043    27.5309    27.5289    6.90957    6.94952         33 0.0000e+00
      20779    865.731    261.000     2.5256   3.095818     2.5255   3.095611      38.26     0.0207     2.9244     2.5806  30.556572  1.2538977   52.66500  -52.10070    34.5036    34.5012     2.5104     2.5103    27.5321    27.5302    6.91967    6.95578         34 0.0000e+00
      20828    867.806    262.000     2.5424   3.097752     2.5425   3.097568      37.08     0.0247     2.9227     2.5804  30.548561  1.2547302   52.66500  -52.10070    34.5088    34.5065     2.5271     2.5272    27.5348    27.5330    6.90699    6.95478         64 0.0000e+00
      20879    869.922    263.000     2.5487   3.098500     2.5486   3.098287      36.08     0.0207     2.9211     2.5805  30.548145  1.2882208   52.66500  -52.10070    34.5107    34.5082     2.5333     2.5332    27.5359    27.5339    6.91030    6.95523         34 0.0000e+00
      20909    871.159    264.000     2.5568   3.099423     2.5566   3.099227      35.27     0.0247     2.9210     2.5805  30.529829  1.2784168   52.66500  -52.10070    34.5128    34.5106     2.5414     2.5412    27.5368    27.5351    6.91135    6.95403         30 0.0000e+00
      20960    873.279    265.000     2.5717   3.101102     2.5718   3.100921      33.29     0.0218     2.9203     2.5792  30.535349  1.3051267   52.66501  -52.10070    34.5169    34.5145     2.5562     2.5563    27.5388    27.5369    6.89988    6.93453         81 0.0000e+00
      21032    876.286    266.000     2.5875   3.102784     2.5867   3.102580      31.96     0.0190     2.9166     2.5743  30.525705  1.3357793   52.66502  -52.10070    34.5207    34.5184     2.5719     2.5710    27.5405    27.5388    6.87244    6.91081         43 0.0000e+00
      21064    877.623    267.000     2.6144   3.105770     2.6128   3.105458      31.38     0.0168     2.9138     2.5723  30.518978  1.3479234   52.66502  -52.10069    34.5273    34.5252     2.5987     2.5971    27.5435    27.5419    6.86520    6.89819         31 0.0000e+00
      21094    878.891    268.000     2.6394   3.108507     2.6385   3.108252      30.45     0.0171     2.9122     2.5703  30.525454  1.3358984   52.66502  -52.10068    34.5335    34.5314     2.6236     2.6226    27.5463    27.5447    6.86250    6.89758         31 0.0000e+00
      21130    880.391    269.000     2.6548   3.110196     2.6545   3.109986      29.59     0.0232     2.9114     2.5701  30.522339  1.3597578   52.66502  -52.10068    34.5372    34.5350     2.6389     2.6385    27.5479    27.5462    6.86461    6.90192         44 0.0000e+00
      21190    882.879    270.000     2.6743   3.112345     2.6742   3.112148      28.47     0.0195     2.9090     2.5686  30.519215  1.3928719   52.66502  -52.10068    34.5421    34.5398     2.6582     2.6581    27.5501    27.5483    6.84672    6.88296         71 0.0000e+00
      21251    885.410    271.000     2.6953   3.114686     2.6948   3.114481      27.61     0.0201     2.9063     2.5657  30.518656  1.4033121   52.66504  -52.10068    34.5477    34.5457     2.6791     2.6786    27.5528    27.5513    6.83765    6.87462         45 0.0000e+00
      21287    886.914    272.000     2.7336   3.118922     2.7340   3.118788      26.85     0.0209     2.9039     2.5648  30.516821  1.4036689   52.66504  -52.10068    34.5580    34.5564     2.7173     2.7177    27.5577    27.5564    6.82163    6.86540         33 0.0000e+00
      21327    888.567    273.000     2.7544   3.121248     2.7544   3.121083      25.90     0.0266     2.9027     2.5644  30.512882  1.4281938   52.66504  -52.10068    34.5636    34.5616     2.7379     2.7380    27.5604    27.5588    6.81990    6.86742         53 0.0000e+00
      21384    890.958    274.000     2.7759   3.123643     2.7757   3.123458      24.86     0.0275     2.9012     2.5640  30.507467  1.4452264   52.66504  -52.10067    34.5694    34.5673     2.7593     2.7591    27.5631    27.5614    6.81837    6.85476         45 0.0000e+00
      21417    892.314    275.000     2.7846   3.124640     2.7844   3.124432      24.08     0.0251     2.9022     2.5631  30.502127  1.4636761   52.66504  -52.10066    34.5717    34.5693     2.7679     2.7678    27.5642    27.5623    6.84185    6.85870         29 0.0000e+00
      21451    893.759    276.000     2.7898   3.125232     2.7895   3.125014      23.00     0.0231     2.9037     2.5633  30.494886  1.4667215   52.66504  -52.10066    34.5728    34.5704     2.7730     2.7728    27.5646    27.5627    6.83147    6.86000         48 0.0000e+00
      21526    896.866    277.000     2.7969   3.126015     2.7971   3.125848      21.67     0.0220     2.9043     2.5638  30.495932  1.4914742   52.66504  -52.10066    34.5744    34.5720     2.7801     2.7803    27.5652    27.5633    6.83431    6.86054         69 0.0000e+00
      21563    898.404    278.000     2.8061   3.127103     2.8062   3.126925      21.07     0.0154     2.9042     2.5634  30.488047  1.5138061   52.66506  -52.10066    34.5770    34.5748     2.7893     2.7893    27.5666    27.5648    6.82269    6.86184         28 0.0000e+00
      21589    899.516    279.000     2.8180   3.128427     2.8178   3.128236      20.13     0.0192     2.9043     2.5637  30.469770  1.5162070   52.66506  -52.10066    34.5800    34.5778     2.8010     2.8008    27.5678    27.5662    6.82255    6.85144         29 0.0000e+00
      21634    901.366    280.000     2.8299   3.129753     2.8304   3.129609      18.89     0.0223     2.9030     2.5624  30.468904  1.5265269   52.66506  -52.10066    34.5829    34.5806     2.8128     2.8134    27.5691    27.5672    6.81741    6.84767         66 0.0000e+00
      21697    903.980    281.000     2.8368   3.130548     2.8371   3.130382      17.84     0.0258     2.9019     2.5615  30.469233  1.5568188   52.66506  -52.10066    34.5847    34.5822     2.8196     2.8200    27.5699    27.5680    6.81018    6.84236         43 0.0000e+00
      21727    905.248    282.000     2.8400   3.130945     2.8401   3.130754      17.07     0.0320     2.9012     2.5609  30.468861  1.5569957   52.66506  -52.10064    34.5855    34.5831     2.8228     2.8229    27.5703    27.5684    6.81052    6.84528         26 0.0000e+00
      21754    906.366    283.000     2.8441   3.131430     2.8441   3.131223      16.13     0.0262     2.9007     2.5609  30.466602  1.5776653   52.66506  -52.10064    34.5865    34.5840     2.8268     2.8268    27.5708    27.5687    6.81261    6.84470         31 0.0000e+00
      21821    909.174    284.000     2.8470   3.131773     2.8459   3.131447      14.71     0.0255     2.9002     2.5592  30.458296  1.6040454   52.66508  -52.10064    34.5870    34.5842     2.8296     2.8286    27.5709    27.5688    6.81116    6.83473         81 0.0000e+00
      21871    911.233    285.000     2.8523   3.132410     2.8518   3.132155      14.03     0.0216     2.8996     2.5586  30.456360  1.6102750   52.66508  -52.10064    34.5885    34.5859     2.8349     2.8344    27.5717    27.5696    6.81007    6.83777         26 0.0000e+00
      21894    912.208    286.000     2.8550   3.132746     2.8549   3.132530      13.20     0.0233     2.8994     2.5584  30.456556  1.6390992   52.66508  -52.10064    34.5892    34.5867     2.8375     2.8374    27.5720    27.5699    6.80355    6.83417         25 0.0000e+00
      21929    913.675    287.000     2.8580   3.133102     2.8581   3.132902      12.02     0.0258     2.8979     2.5581  30.441021  1.6380289   52.66508  -52.10064    34.5898    34.5873     2.8405     2.8412    27.5721    27.5702    6.79737    6.83767         52 0.0000e+00
      21997    916.486    288.000     2.8611   3.133468     2.8611   3.133251      10.77     0.0268     2.8966     2.5572  30.438967  1.6649305   52.66508  -52.10064    34.5904    34.5878     2.8434     2.8434    27.5724    27.5703    6.80470    6.82736         75 0.0000e+00
      22055    918.937    289.000     2.8626   3.133685     2.8631   3.133507       9.88     0.0255     2.8965     2.5554  30.449200  1.6865889   52.66509  -52.10064    34.5909    34.5882     2.8449     2.8453    27.5727    27.5705    6.80439    6.82543         36 0.0000e+00
