data/CTD/2014/CNV/d017a031.cnv
* Sea-Bird SBE 9 Data File:
* FileName = C:\CTD_ACQUISITION\2014017HUD\ctddata\017A031.hdr
* Software Version Seasave V 7.22.2
* Temperature SN = 5081
* Conductivity SN = 3561
* Number of Bytes Per Scan = 37
* Number of Voltage Words = 4
* Number of Scans Averaged by the Deck Unit = 1
* NMEA Latitude = 48 42.12 N
* NMEA Longitude = 045 35.33 W
* NMEA UTC (Time) = Jul 07 2014 07:43:15
* NMEA baud rate = 9600
** Ship: Hudson
** Cruise: HUD2014017
** Chief_Scientist: Blair Greenan
** Organization: BIO
** Area_of_Operation: Sackville Spur
** Station: 031
** Sounding:  1094
** Event_Comments: SS_23, 403182
# nquan = 25
# nvalues = 1117                        
# units = specified
# name 0 = scan: Scan Count
# name 1 = timeS: Time, Elapsed [seconds]
# name 2 = prDM: Pressure, Digiquartz [db]
# name 3 = t068C: Temperature [ITS-68, deg C]
# name 4 = c0S/m: Conductivity [S/m]
# name 5 = t168C: Temperature, 2 [ITS-68, deg C]
# name 6 = c1S/m: Conductivity, 2 [S/m]
# name 7 = altM: Altimeter [m]
# name 8 = flC: Fluorescence, Chelsea Aqua 3 Chl Con [ug/l]
# name 9 = sbeox0V: Oxygen raw, SBE 43 [V]
# name 10 = sbeox1V: Oxygen raw, SBE 43, 2 [V]
# name 11 = upoly0: Upoly 0, Optode 4330F - O2 D-Phase
# name 12 = upoly1: Upoly 1, Optode 4330F - O2 Temp
# name 13 = latitude: Latitude [deg]
# name 14 = longitude: Longitude [deg]
# name 15 = sal00: Salinity, Practical [PSU]
# name 16 = sal11: Salinity, Practical, 2 [PSU]
# name 17 = potemp068C: Potential Temperature [ITS-68, deg C]
# name 18 = potemp168C: Potential Temperature, 2 [ITS-68, deg C]
# name 19 = sigma-é00: Density [sigma-theta, Kg/m^3]
# name 20 = sigma-é11: Density, 2 [sigma-theta, Kg/m^3]
# name 21 = sbeox0ML/L: Oxygen, SBE 43 [ml/l], WS = 2
# name 22 = sbeox1ML/L: Oxygen, SBE 43, 2 [ml/l], WS = 2
# name 23 = nbin: number of scans per bin
# name 24 = flag: flag
# span 0 =       3995,      34816       
# span 1 =    166.421,   1450.618       
# span 2 =      2.000,   1118.000       
# span 3 =    -0.2630,     8.3991       
# span 4 =   2.779106,   3.549120       
# span 5 =    -0.2631,     8.4121       
# span 6 =   2.778956,   3.551260       
# span 7 =       1.41,     108.51       
# span 8 =     0.0019,     1.7303       
# span 9 =     2.5391,     3.5837       
# span 10 =     2.2450,     3.0690      
# span 11 =  29.897392,  34.566441      
# span 12 =  0.3208145,  8.9536934      
# span 13 =   48.70224,   48.70342      
# span 14 =  -45.58901,  -45.58768      
# span 15 =    33.4367,    34.9095      
# span 16 =    33.4299,    34.9089      
# span 17 =    -0.2639,     8.3981      
# span 18 =    -0.2639,     8.4112      
# span 19 =    26.3000,    27.7558      
# span 20 =    26.2990,    27.7553      
# span 21 =    6.29304,    8.55008      
# span 22 =    6.28712,    8.47222      
# span 23 =         12,         86      
# span 24 = 0.0000e+00, 0.0000e+00      
# interval = decibars: 1                
# start_time = Jul 07 2014 07:43:15 [NMEA time, header]
# bad_flag = -9.990e-29
*END*
[from data line 986]
      29924   1246.776    988.000     3.6987   3.264050     3.6982   3.263961      98.64     0.0165     2.6068     2.3042  34.262394  3.6961100   48.70314  -45.58788    34.8987    34.8980     3.6256     3.6252    27.7440    27.7436    6.37601    6.38725         23 0.0000e+00
      29947   1247.767    989.000     3.6988   3.264121     3.6984   3.264021      48.01     0.0170     2.6053     2.3035  34.269817  3.6935375   48.70314  -45.58788    34.8988    34.8981     3.6257     3.6253    27.7441    27.7436    6.36939    6.38400         24 0.0000e+00
      29971   1248.747    990.000     3.6991   3.264202     3.6987   3.264107      99.58     0.0158     2.6039     2.3029  34.275154  3.6935287   48.70313  -45.58788    34.8989    34.8982     3.6260     3.6282    27.7442    27.7437    6.36944    6.37910         22 0.0000e+00
      29991   1249.602    991.000     3.6996   3.264305     3.6992   3.264218      41.02     0.0137     2.6029     2.3017  34.289501  3.6935287   48.70312  -45.58788    34.8991    34.8986     3.6264     3.6258    27.7443    27.7439    6.36685    6.37054         19 0.0000e+00
      30010   1250.391    992.000     3.7001   3.264408     3.6997   3.264318      91.24     0.0172     2.6014     2.3006  34.286827  3.6935287   48.70312  -45.58786    34.8993    34.8987     3.6267     3.6263    27.7445    27.7440    6.35916    6.36664         19 0.0000e+00
      30030   1251.209    993.000     3.7020   3.264674     3.7016   3.264607      98.65     0.0214     2.6002     2.2995  34.291653  3.6935287   48.70312  -45.58786    34.8999    34.8995     3.6286     3.6282    27.7448    27.7445    6.35901    6.36661         21 0.0000e+00
      30054   1252.229    994.000     3.7067   3.265255     3.7063   3.265175      68.77     0.0205     2.5991     2.2987  34.293922  3.6935287   48.70312  -45.58786    34.9013    34.9008     3.6331     3.6327    27.7454    27.7451    6.35797    6.36783         30 0.0000e+00
      30092   1253.776    995.000     3.7087   3.265524     3.7083   3.265432      91.65     0.0188     2.5974     2.2972  34.297546  3.6935287   48.70312  -45.58786    34.9019    34.9012     3.6350     3.6347    27.7457    27.7452    6.35973    6.35734         40 0.0000e+00
      30123   1255.072    996.000     3.7099   3.265695     3.7095   3.265624      98.81     0.0189     2.5962     2.2954  34.296200  3.7013469   48.70312  -45.58786    34.9022    34.9018     3.6361     3.6357    27.7458    27.7455    6.35208    6.34864         23 0.0000e+00
      30143   1255.916    997.000     3.7123   3.266023     3.7118   3.265949      98.63     0.0173     2.5958     2.2941  34.298439  3.7048352   48.70312  -45.58786    34.9031    34.9027     3.6384     3.6379    27.7463    27.7460    6.35155    6.34564         19 0.0000e+00
      30161   1256.655    998.000     3.7133   3.266203     3.7128   3.266111      98.64     0.0168     2.5940     2.2933  34.293129  3.7072790   48.70311  -45.58786    34.9036    34.9030     3.6394     3.6389    27.7466    27.7462    6.34772    6.34495         17 0.0000e+00
      30178   1257.389    999.000     3.7134   3.266269     3.7130   3.266174      58.84     0.0166     2.5945     2.2924  34.306747  3.7060223   48.70310  -45.58786    34.9037    34.9031     3.6394     3.6389    27.7467    27.7462    6.35768    6.34423         18 0.0000e+00
      30198   1258.228   1000.000     3.7137   3.266344     3.7132   3.266245      74.63     0.0139     2.5934     2.2916  34.307053  3.7062628   48.70312  -45.58786    34.9038    34.9031     3.6396     3.6391    27.7468    27.7463    6.34854    6.35008         23 0.0000e+00
      30226   1259.385   1001.000     3.7138   3.266389     3.7133   3.266300      98.00     0.0124     2.5923     2.2915  34.307243  3.7059691   48.70310  -45.58786    34.9038    34.9031     3.6396     3.6391    27.7467    27.7463    6.34428    6.35421         33 0.0000e+00
      30259   1260.733   1002.000     3.7138   3.266446     3.7134   3.266366      38.40     0.0143     2.5913     2.2908  34.313129  3.7064533   48.70310  -45.58786    34.9039    34.9033     3.6395     3.6392    27.7468    27.7464    6.34517    6.34710         28 0.0000e+00
      30282   1261.704   1003.000     3.7140   3.266502     3.7135   3.266415      98.94     0.0136     2.5904     2.2902  34.328465  3.7077134   48.70310  -45.58786    34.9039    34.9033     3.6396     3.6391    27.7468    27.7464    6.35195    6.34288         20 0.0000e+00
      30301   1262.517   1004.000     3.7141   3.266565     3.7137   3.266481      46.84     0.0127     2.5906     2.2895  34.326946  3.7100277   48.70310  -45.58786    34.9039    34.9034     3.6397     3.6393    27.7468    27.7464    6.35301    6.33700         19 0.0000e+00
      30321   1263.331   1005.000     3.7141   3.266615     3.7137   3.266530      83.16     0.0118     2.5903     2.2883  34.336975  3.7088809   48.70310  -45.58784    34.9040    34.9034     3.6396     3.6392    27.7469    27.7465    6.35366    6.33272         21 0.0000e+00
      30345   1264.343   1006.000     3.7142   3.266668     3.7138   3.266576      97.88     0.0113     2.5904     2.2874  34.336998  3.7088342   48.70310  -45.58784    34.9040    34.9034     3.6396     3.6392    27.7469    27.7464    6.35572    6.34021         30 0.0000e+00
      30386   1266.044   1007.000     3.7145   3.266747     3.7141   3.266660      58.38     0.0153     2.5900     2.2873  34.336998  3.7088478   48.70310  -45.58784    34.9042    34.9035     3.6398     3.6394    27.7470    27.7465    6.34749    6.34707         44 0.0000e+00
      30418   1267.363   1008.000     3.7144   3.266788     3.7140   3.266699     100.02     0.0191     2.5885     2.2869  34.350807  3.7095370   48.70308  -45.58784    34.9042    34.9036     3.6397     3.6392    27.7470    27.7466    6.33706    6.33905         22 0.0000e+00
      30436   1268.115   1009.000     3.7146   3.266850     3.7141   3.266756      98.64     0.0157     2.5878     2.2865  34.355377  3.7087815   48.70308  -45.58784    34.9043    34.9037     3.6397     3.6392    27.7471    27.7467    6.33894    6.34216         16 0.0000e+00
      30451   1268.754   1010.000     3.7145   3.266899     3.7141   3.266809      98.40     0.0152     2.5874     2.2867  34.354576  3.7104702   48.70308  -45.58784    34.9044    34.9037     3.6395     3.6392    27.7472    27.7467    6.33985    6.34207         15 0.0000e+00
      30465   1269.350   1011.000     3.7130   3.266825     3.7127   3.266730      98.50     0.0158     2.5868     2.2862  34.359989  3.7081945   48.70308  -45.58784    34.9046    34.9038     3.6380     3.6377    27.7475    27.7470    6.33711    6.33432         14 0.0000e+00
      30480   1269.961   1012.000     3.7113   3.266726     3.7110   3.266637      98.64     0.0165     2.5862     2.2854  34.357498  3.7098155   48.70308  -45.58784    34.9047    34.9041     3.6362     3.6359    27.7478    27.7473    6.34533    6.32898         15 0.0000e+00
      30497   1270.671   1013.000     3.7112   3.266759     3.7107   3.266670      33.89     0.0191     2.5862     2.2846  34.355362  3.7106042   48.70308  -45.58783    34.9047    34.9042     3.6361     3.6356    27.7478    27.7474    6.34355    6.32990         20 0.0000e+00
      30537   1272.320   1014.000     3.7117   3.266842     3.7111   3.266739      78.66     0.0202     2.5849     2.2838  34.363827  3.7077017   48.70308  -45.58782    34.9046    34.9040     3.6365     3.6375    27.7477    27.7473    6.33477    6.33510         67 0.0000e+00
      30591   1274.572   1015.000     3.7117   3.266898     3.7114   3.266819      85.19     0.0161     2.5825     2.2831  34.381626  3.7063451   48.70306  -45.58784    34.9048    34.9042     3.6364     3.6359    27.7478    27.7474    6.32694    6.33100         25 0.0000e+00
      30609   1275.326   1016.000     3.7123   3.267050     3.7118   3.266954      64.56     0.0146     2.5818     2.2825  34.384266  3.7131636   48.70306  -45.58784    34.9055    34.9049     3.6369     3.6364    27.7483    27.7479    6.32779    6.32549         18 0.0000e+00
      30625   1275.983   1017.000     3.7116   3.267037     3.7111   3.266934      49.82     0.0144     2.5817     2.2816  34.391510  3.7130647   48.70306  -45.58782    34.9056    34.9049     3.6361     3.6356    27.7485    27.7480    6.32942    6.32138         15 0.0000e+00
      30639   1276.603   1018.000     3.7115   3.267089     3.7111   3.267010      96.91     0.0148     2.5810     2.2812  34.386982  3.7130647   48.70306  -45.58782    34.9058    34.9052     3.6359     3.6356    27.7487    27.7483    6.32387    6.32104         15 0.0000e+00
      30656   1277.275   1019.000     3.7112   3.267106     3.7109   3.267026      98.64     0.0117     2.5799     2.2803  34.386139  3.7080233   48.70306  -45.58782    34.9057    34.9051     3.6356     3.6352    27.7487    27.7482    6.32457    6.31954         17 0.0000e+00
      30682   1278.369   1020.000     3.7051   3.266599     3.7044   3.266488      70.28     0.0111     2.5793     2.2799  34.389847  3.7065146   48.70306  -45.58782    34.9057    34.9050     3.6294     3.6287    27.7493    27.7488    6.32121    6.32752         42 0.0000e+00
      30731   1280.430   1021.000     3.6995   3.266141     3.6986   3.266004     103.82     0.0140     2.5768     2.2789  34.388630  3.7055690   48.70306  -45.58782    34.9057    34.9050     3.6237     3.6228    27.7498    27.7494    6.31670    6.32384         37 0.0000e+00
      30753   1281.332   1022.000     3.6970   3.265973     3.6966   3.265873      98.02     0.0152     2.5761     2.2788  34.404064  3.7063804   48.70306  -45.58782    34.9058    34.9051     3.6212     3.6208    27.7502    27.7497    6.32058    6.33276         19 0.0000e+00
      30770   1282.059   1023.000     3.6956   3.265890     3.6951   3.265791      98.64     0.0173     2.5763     2.2789  34.405670  3.7063494   48.70306  -45.58782    34.9058    34.9052     3.6197     3.6192    27.7503    27.7499    6.31094    6.33136         16 0.0000e+00
      30787   1282.730   1024.000     3.6951   3.265883     3.6945   3.265797      98.64     0.0189     2.5739     2.2787  34.409344  3.7057376   48.70306  -45.58782    34.9058    34.9053     3.6191     3.6186    27.7504    27.7501    6.30134    6.32410         16 0.0000e+00
      30803   1283.431   1025.000     3.6950   3.265928     3.6945   3.265836      50.95     0.0197     2.5739     2.2779  34.418316  3.7022421   48.70306  -45.58782    34.9058    34.9053     3.6190     3.6185    27.7504    27.7500    6.31975    6.31362         18 0.0000e+00
      30824   1284.295   1026.000     3.6950   3.265968     3.6945   3.265873      76.85     0.0204     2.5734     2.2765  34.416214  3.6972673   48.70306  -45.58782    34.9059    34.9053     3.6188     3.6183    27.7505    27.7500    6.32243    6.30490         25 0.0000e+00
      30858   1285.708   1027.000     3.6949   3.266014     3.6945   3.265919      84.09     0.0168     2.5729     2.2749  34.419746  3.6934698   48.70306  -45.58781    34.9059    34.9053     3.6187     3.6183    27.7505    27.7501    6.31352    6.31268         44 0.0000e+00
      30901   1287.518   1028.000     3.6950   3.266068     3.6945   3.265975      75.79     0.0152     2.5717     2.2741  34.438549  3.6935422   48.70304  -45.58780    34.9060    34.9054     3.6187     3.6183    27.7506    27.7501    6.31757    6.31650         35 0.0000e+00
      30927   1288.596   1029.000     3.6948   3.266106     3.6944   3.266019      37.10     0.0145     2.5721     2.2738  34.441883  3.6935287   48.70304  -45.58782    34.9061    34.9055     3.6184     3.6181    27.7507    27.7502    6.31800    6.31568         20 0.0000e+00
      30945   1289.322   1030.000     3.6947   3.266146     3.6942   3.266061      87.03     0.0184     2.5711     2.2735  34.446949  3.6935287   48.70304  -45.58782    34.9062    34.9057     3.6183     3.6178    27.7508    27.7505    6.31246    6.31612         16 0.0000e+00
      30960   1289.949   1031.000     3.6947   3.266196     3.6942   3.266110      98.86     0.0222     2.5712     2.2736  34.449017  3.6935287   48.70306  -45.58780    34.9062    34.9057     3.6182     3.6177    27.7508    27.7505    6.31879    6.31381         14 0.0000e+00
      30974   1290.551   1032.000     3.6948   3.266243     3.6942   3.266155      98.63     0.0228     2.5710     2.2730  34.449333  3.6935287   48.70306  -45.58780    34.9063    34.9058     3.6181     3.6176    27.7508    27.7505    6.31976    6.30731         15 0.0000e+00
      30990   1291.209   1033.000     3.6947   3.266286     3.6943   3.266197      73.18     0.0223     2.5710     2.2724  34.454067  3.6935287   48.70304  -45.58780    34.9063    34.9057     3.6181     3.6176    27.7509    27.7505    6.32049    6.30463         18 0.0000e+00
      31028   1292.790   1034.000     3.6949   3.266340     3.6945   3.266257      50.67     0.0188     2.5707     2.2714  34.454212  3.6927986   48.70304  -45.58780    34.9062    34.9057     3.6182     3.6178    27.7508    27.7504    6.31852    6.30576         38 0.0000e+00
      31089   1295.327   1035.000     3.6951   3.266405     3.6947   3.266319      43.32     0.0172     2.5698     2.2711  34.461712  3.6935468   48.70304  -45.58780    34.9063    34.9057     3.6182     3.6179    27.7509    27.7504    6.31326    6.31182         20 0.0000e+00
      31105   1296.017   1036.000     3.6949   3.266439     3.6944   3.266350      98.12     0.0185     2.5696     2.2707  34.465183  3.6935287   48.70304  -45.58780    34.9064    34.9058     3.6180     3.6175    27.7509    27.7506    6.31587    6.31109         16 0.0000e+00
      31121   1296.662   1037.000     3.6951   3.266503     3.6946   3.266407      98.64     0.0186     2.5691     2.2707  34.465927  3.6935287   48.70304  -45.58780    34.9064    34.9058     3.6181     3.6176    27.7510    27.7506    6.31786    6.31363         15 0.0000e+00
      31135   1297.270   1038.000     3.6952   3.266548     3.6947   3.266458      70.33     0.0162     2.5694     2.2707  34.471996  3.6935287   48.70304  -45.58780    34.9064    34.9058     3.6181     3.6176    27.7510    27.7506    6.31589    6.31359         14 0.0000e+00
      31150   1297.885   1039.000     3.6952   3.266597     3.6948   3.266507      28.00     0.0196     2.5688     2.2704  34.475765  3.6935287   48.70304  -45.58780    34.9064    34.9058     3.6181     3.6176    27.7509    27.7505    6.31514    6.31215         15 0.0000e+00
      31167   1298.570   1040.000     3.6954   3.266651     3.6948   3.266559      97.36     0.0185     2.5687     2.2703  34.477314  3.6930244   48.70304  -45.58780    34.9064    34.9058     3.6181     3.6176    27.7510    27.7506    6.31905    6.31066         19 0.0000e+00
      31200   1299.963   1041.000     3.6952   3.266684     3.6948   3.266593      90.11     0.0157     2.5686     2.2696  34.487640  3.6888125   48.70304  -45.58779    34.9064    34.9058     3.6179     3.6174    27.7510    27.7506    6.31960    6.30877         52 0.0000e+00
      31256   1302.310   1042.000     3.6953   3.266739     3.6949   3.266655      99.48     0.0181     2.5679     2.2690  34.490349  3.6882849   48.70304  -45.58780    34.9065    34.9059     3.6178     3.6175    27.7511    27.7506    6.31649    6.32169         26 0.0000e+00
      31275   1303.072   1043.000     3.6950   3.266768     3.6945   3.266677      17.86     0.0161     2.5678     2.2700  34.488380  3.6924870   48.70304  -45.58780    34.9067    34.9061     3.6175     3.6170    27.7512    27.7508    6.31735    6.32384         18 0.0000e+00
      31293   1303.817   1044.000     3.6948   3.266805     3.6944   3.266716      23.14     0.0161     2.5678     2.2698  34.490860  3.6935356   48.70304  -45.58779    34.9067    34.9061     3.6172     3.6168    27.7513    27.7509    6.31589    6.31558         18 0.0000e+00
