data/CTD/2014/CNV/d017a011.cnv
* Sea-Bird SBE 9 Data File:
* FileName = C:\CTD_ACQUISITION\2014017HUD\ctddata\017A011.hdr
* Software Version Seasave V 7.22.2
* Temperature SN = 5081
* Conductivity SN = 3561
* Number of Bytes Per Scan = 37
* Number of Voltage Words = 4
* Number of Scans Averaged by the Deck Unit = 1
* NMEA Latitude = 52 45.35 N
* NMEA Longitude = 051 52.12 W
* NMEA UTC (Time) = Jul 03 2014 20:37:39
* NMEA baud rate = 9600
** Ship: Hudson
** Cruise: HUD2014017
** Chief_Scientist: Blair Greenan
** Organization: BIO
** Area_of_Operation: Sackville Spur
** Station: 011
** Sounding:  343
** Event_Comments: C2 403022
# nquan = 25
# nvalues = 334                         
# units = specified
# name 0 = scan: Scan Count
# name 1 = timeS: Time, Elapsed [seconds]
# name 2 = prDM: Pressure, Digiquartz [db]
# name 3 = t068C: Temperature [ITS-68, deg C]
# name 4 = c0S/m: Conductivity [S/m]
# name 5 = t168C: Temperature, 2 [ITS-68, deg C]
# name 6 = c1S/m: Conductivity, 2 [S/m]
# name 7 = altM: Altimeter [m]
# name 8 = flC: Fluorescence, Chelsea Aqua 3 Chl Con [ug/l]
# name 9 = sbeox0V: Oxygen raw, SBE 43 [V]
# name 10 = sbeox1V: Oxygen raw, SBE 43, 2 [V]
# name 11 = upoly0: Upoly 0, Optode 4330F - O2 D-Phase
# name 12 = upoly1: Upoly 1, Optode 4330F - O2 Temp
# name 13 = latitude: Latitude [deg]
# name 14 = longitude: Longitude [deg]
# name 15 = sal00: Salinity, Practical [PSU]
# name 16 = sal11: Salinity, Practical, 2 [PSU]
# name 17 = potemp068C: Potential Temperature [ITS-68, deg C]
# name 18 = potemp168C: Potential Temperature, 2 [ITS-68, deg C]
# name 19 = sigma-é00: Density [sigma-theta, Kg/m^3]
# name 20 = sigma-é11: Density, 2 [sigma-theta, Kg/m^3]
# name 21 = sbeox0ML/L: Oxygen, SBE 43 [ml/l], WS = 2
# name 22 = sbeox1ML/L: Oxygen, SBE 43, 2 [ml/l], WS = 2
# name 23 = nbin: number of scans per bin
# name 24 = flag: flag
# span 0 =       8548,      20967       
# span 1 =    356.110,    873.584       
# span 2 =      1.000,    334.000       
# span 3 =    -1.3380,     3.9674       
# span 4 =   2.660756,   3.241502       
# span 5 =    -1.3390,     3.9873       
# span 6 =   2.660561,   3.241389       
# span 7 =       4.69,     103.84       
# span 8 =     0.0132,     0.4885       
# span 9 =     2.9007,     3.7259       
# span 10 =     2.5562,     3.2817      
# span 11 =  26.158224,  30.995218      
# span 12 = -0.5021511,  3.7035558      
# span 13 =   52.75446,   52.75520      
# span 14 =  -51.86718,  -51.86423      
# span 15 =    31.4248,    34.7744      
# span 16 =    31.4204,    34.7735      
# span 17 =    -1.3387,     3.9673      
# span 18 =    -1.3397,     3.9871      
# span 19 =    24.9477,    27.6612      
# span 20 =    24.9418,    27.6604      
# span 21 =    6.67178,    9.93708      
# span 22 =    6.68992,   10.11229      
# span 23 =         10,        104      
# span 24 = 0.0000e+00, 0.0000e+00      
# interval = decibars: 1                
# start_time = Jul 03 2014 20:37:39 [NMEA time, header]
# bad_flag = -9.990e-29
*END*
[from data line 290]
      16938    705.691    291.000     3.7259   3.223787     3.7262   3.223647      49.25     0.0169     2.9319     2.5842  29.956003  2.4669807   52.75500  -51.86487    34.7572    34.7552     3.7060     3.7063    27.6233    27.6217    6.74995    6.74773         17 0.0000e+00
      16952    706.294    292.000     3.7144   3.222775     3.7157   3.222679      48.79     0.0171     2.9318     2.5829  29.956043  2.4287968   52.75500  -51.86486    34.7568    34.7542     3.6944     3.6957    27.6241    27.6220    6.75023    6.75136         13 0.0000e+00
      16965    706.835    293.000     3.6979   3.221284     3.6992   3.221117      48.51     0.0190     2.9318     2.5828  29.956043  2.4470365   52.75499  -51.86486    34.7559    34.7526     3.6779     3.6792    27.6251    27.6223    6.76722    6.76360         13 0.0000e+00
      16979    707.398    294.000     3.6784   3.219529     3.6796   3.219376      47.79     0.0178     2.9337     2.5840  29.956043  2.4915214   52.75498  -51.86486    34.7551    34.7521     3.6584     3.6595    27.6264    27.6239    6.77190    6.77213         14 0.0000e+00
      16995    708.097    295.000     3.6697   3.218853     3.6699   3.218723      46.36     0.0161     2.9333     2.5833  29.950674  2.4620624   52.75498  -51.86486    34.7557    34.7540     3.6497     3.6498    27.6278    27.6264    6.75561    6.76975         21 0.0000e+00
      17044    710.126    296.000     3.6739   3.219332     3.6764   3.219394      44.04     0.0180     2.9302     2.5829  29.940605  2.4854782   52.75498  -51.86484    34.7565    34.7546     3.6537     3.6562    27.6280    27.6262    6.73625    6.76419         66 0.0000e+00
      17086    711.883    297.000     3.6733   3.219436     3.6747   3.219438      42.94     0.0177     2.9267     2.5818  29.940605  2.5155108   52.75498  -51.86483    34.7579    34.7563     3.6530     3.6545    27.6292    27.6278    6.73939    6.76137         19 0.0000e+00
      17102    712.537    298.000     3.6694   3.219249     3.6695   3.219131      42.47     0.0191     2.9279     2.5818  29.926828  2.4986763   52.75498  -51.86482    34.7592    34.7577     3.6491     3.6492    27.6306    27.6294    6.75310    6.76827         15 0.0000e+00
      17116    713.127    299.000     3.6883   3.221277     3.6827   3.220853      41.90     0.0187     2.9277     2.5821  29.926741  2.5443418   52.75498  -51.86482    34.7629    34.7635     3.6679     3.6623    27.6316    27.6327    6.74738    6.76922         14 0.0000e+00
      17131    713.734    300.000     3.7116   3.223728     3.7107   3.223739      41.09     0.0194     2.9273     2.5822  29.926741  2.5537055   52.75498  -51.86482    34.7668    34.7680     3.6911     3.6901    27.6324    27.6335    6.74256    6.76453         15 0.0000e+00
      17149    714.486    301.000     3.7228   3.224948     3.7221   3.224732      39.80     0.0195     2.9274     2.5823  29.926104  2.5113788   52.75498  -51.86482    34.7690    34.7671     3.7022     3.7015    27.6330    27.6317    6.73724    6.76223         22 0.0000e+00
      17177    715.677    302.000     3.7013   3.222890     3.7043   3.223019      38.23     0.0194     2.9266     2.5822  29.925907  2.5482385   52.75498  -51.86481    34.7667    34.7650     3.6806     3.6837    27.6334    27.6318    6.73456    6.76074         35 0.0000e+00
      17211    717.065    303.000     3.6818   3.220988     3.6825   3.220879      37.09     0.0189     2.9243     2.5804  29.926743  2.5571988   52.75498  -51.86478    34.7641    34.7621     3.6612     3.6618    27.6333    27.6316    6.72020    6.74647         30 0.0000e+00
      17242    718.356    304.000     3.6759   3.220412     3.6787   3.220600      35.99     0.0184     2.9217     2.5786  29.918030  2.5613606   52.75497  -51.86478    34.7630    34.7623     3.6552     3.6579    27.6330    27.6322    6.72688    6.75866         32 0.0000e+00
      17275    719.747    305.000     3.6730   3.220169     3.6771   3.220463      34.85     0.0170     2.9219     2.5798  29.911823  2.5973880   52.75496  -51.86476    34.7626    34.7617     3.6522     3.6563    27.6330    27.6319    6.74056    6.77248         32 0.0000e+00
      17301    720.842    306.000     3.6720   3.220141     3.6705   3.219888      34.05     0.0176     2.9214     2.5793  29.912088  2.5781958   52.75497  -51.86476    34.7627    34.7614     3.6512     3.6496    27.6332    27.6323    6.71756    6.73758         22 0.0000e+00
      17319    721.592    307.000     3.6675   3.219765     3.6694   3.219762      33.50     0.0176     2.9188     2.5758  29.912088  2.6161973   52.75498  -51.86476    34.7625    34.7605     3.6466     3.6484    27.6335    27.6317    6.69133    6.70822         15 0.0000e+00
      17334    722.191    308.000     3.6585   3.218935     3.6603   3.218894      32.62     0.0194     2.9157     2.5733  29.905777  2.5748858   52.75498  -51.86476    34.7616    34.7592     3.6376     3.6393    27.6336    27.6316    6.69681    6.70686         14 0.0000e+00
      17347    722.747    309.000     3.6324   3.216430     3.6452   3.217315      31.87     0.0214     2.9156     2.5709  29.897478  2.5732226   52.75497  -51.86476    34.7582    34.7558     3.6114     3.6242    27.6336    27.6304    6.72668    6.72176         13 0.0000e+00
      17361    723.324    310.000     3.6082   3.214003     3.6180   3.214686      30.90     0.0205     2.9151     2.5704  29.897436  2.6259799   52.75496  -51.86476    34.7550    34.7528     3.5872     3.5969    27.6334    27.6307    6.74760    6.74579         15 0.0000e+00
      17379    724.067    311.000     3.5710   3.210341     3.5768   3.210520      29.73     0.0173     2.9171     2.5707  29.902752  2.5975661   52.75496  -51.86474    34.7501    34.7461     3.5500     3.5558    27.6332    27.6295    6.77712    6.77147         23 0.0000e+00
      17434    726.386    312.000     3.5567   3.208890     3.5736   3.210411      27.48     0.0223     2.9219     2.5741  29.905312  2.6218522   52.75496  -51.86472    34.7474    34.7477     3.5357     3.5526    27.6324    27.6310    6.77150    6.78691         73 0.0000e+00
      17476    728.113    313.000     3.4321   3.196896     3.4471   3.197464      26.75     0.0155     2.9203     2.5748  29.897238  2.6406009   52.75496  -51.86472    34.7355    34.7263     3.4113     3.4263    27.6351    27.6263    6.77584    6.79270         20 0.0000e+00
      17492    728.801    314.000     3.3466   3.188627     3.3533   3.188745      26.38     0.0163     2.9207     2.5734  29.897436  2.6352673   52.75496  -51.86472    34.7265    34.7207     3.3260     3.3327    27.6362    27.6310    6.78932    6.80109         15 0.0000e+00
      17507    729.404    315.000     3.3304   3.187258     3.3295   3.187058      25.69     0.0209     2.9189     2.5730  29.897436  2.6796100   52.75496  -51.86472    34.7268    34.7253     3.3097     3.3089    27.6380    27.6369    6.78030    6.80556         14 0.0000e+00
      17521    729.991    316.000     3.3615   3.190583     3.3576   3.190427      24.82     0.0229     2.9179     2.5724  29.897436  2.6545684   52.75496  -51.86470    34.7331    34.7354     3.3407     3.3368    27.6400    27.6423    6.77391    6.79902         15 0.0000e+00
      17536    730.628    317.000     3.4245   3.197171     3.4229   3.197392      24.06     0.0210     2.9166     2.5714  29.897436  2.6117005   52.75496  -51.86470    34.7447    34.7486     3.4035     3.4019    27.6432    27.6465    6.77060    6.79261         16 0.0000e+00
      17555    731.437    318.000     3.4693   3.201797     3.4665   3.201663      22.55     0.0187     2.9168     2.5721  29.897436  2.6699781   52.75496  -51.86470    34.7521    34.7534     3.4481     3.4453    27.6448    27.6461    6.77466    6.79663         24 0.0000e+00
      17598    733.229    319.000     3.5147   3.206589     3.5129   3.206316      20.70     0.0171     2.9177     2.5726  29.897436  2.6541891   52.75494  -51.86469    34.7607    34.7593     3.4933     3.4915    27.6472    27.6463    6.77124    6.78539         61 0.0000e+00
      17645    735.148    320.000     3.5183   3.207074     3.5195   3.207059      19.16     0.0161     2.9180     2.5727  29.897436  2.6831028   52.75494  -51.86466    34.7623    34.7607     3.4968     3.4980    27.6482    27.6467    6.76860    6.78843         26 0.0000e+00
      17664    735.946    321.000     3.5040   3.205798     3.5059   3.205733      18.76     0.0184     2.9179     2.5733  29.896511  2.6887114   52.75494  -51.86466    34.7616    34.7587     3.4825     3.4844    27.6490    27.6465    6.77554    6.79762         16 0.0000e+00
      17679    736.566    322.000     3.4854   3.204100     3.4867   3.203996      18.34     0.0171     2.9184     2.5737  29.897442  2.6516235   52.75494  -51.86466    34.7604    34.7578     3.4638     3.4652    27.6499    27.6477    6.78935    6.80223         14 0.0000e+00
      17692    737.140    323.000     3.4751   3.203219     3.4759   3.203110      17.55     0.0173     2.9196     2.5738  29.897436  2.6967318   52.75494  -51.86466    34.7602    34.7581     3.4536     3.4543    27.6507    27.6490    6.79730    6.80871         14 0.0000e+00
      17707    737.736    324.000     3.4658   3.202421     3.4682   3.202395      16.70     0.0178     2.9202     2.5748  29.897436  2.7080035   52.75494  -51.86466    34.7601    34.7573     3.4442     3.4491    27.6515    27.6491    6.79690    6.81459         15 0.0000e+00
      17724    738.463    325.000     3.4528   3.201239     3.4544   3.201149      15.02     0.0199     2.9205     2.5751  29.886164  2.6544199   52.75494  -51.86466    34.7591    34.7563     3.4312     3.4329    27.6520    27.6497    6.80083    6.81513         21 0.0000e+00
      17755    739.745    326.000     3.4218   3.198333     3.4227   3.198240      13.36     0.0183     2.9204     2.5750  29.886070  2.6888502   52.75494  -51.86466    34.7567    34.7546     3.4001     3.4010    27.6532    27.6514    6.78185    6.80566         40 0.0000e+00
      17796    741.474    327.000     3.3934   3.195767     3.3942   3.195681      12.13     0.0188     2.9160     2.5727  29.893244  2.6941879   52.75493  -51.86464    34.7555    34.7537     3.3718     3.3725    27.6550    27.6534    6.75967    6.80123         45 0.0000e+00
      17849    743.686    328.000     3.4003   3.196658     3.3994   3.196525      11.17     0.0199     2.9101     2.5701  29.897900  2.7049651   52.75492  -51.86462    34.7584    34.7577     3.3786     3.3777    27.6566    27.6561    6.75536    6.79098         47 0.0000e+00
      17880    744.946    329.000     3.4647   3.203347     3.4628   3.203264      10.53     0.0221     2.9086     2.5683  29.897436  2.6987984   52.75492  -51.86462    34.7696    34.7706     3.4427     3.4409    27.6593    27.6603    6.75816    6.78261         22 0.0000e+00
      17898    745.714    330.000     3.4812   3.205145     3.4809   3.205037       9.83     0.0230     2.9095     2.5687  29.897436  2.7284377   52.75492  -51.86462    34.7732    34.7722     3.4591     3.4588    27.6605    27.6598    6.76179    6.78825         17 0.0000e+00
      17936    747.281    331.000     3.4838   3.205482     3.4837   3.205380       8.85     0.0189     2.9089     2.5685  29.896961  2.6916380   52.75492  -51.86461    34.7739    34.7727     3.4616     3.4616    27.6608    27.6599    6.75201    6.78799         27 0.0000e+00
      18865    786.019    332.000     3.4844   3.205561     3.4844   3.205474       6.67     0.0202     2.9032     2.5606  29.890636  2.7390814   52.75481  -51.86443    34.7737    34.7726     3.4622     3.4622    27.6606    27.6597    6.74335    6.75949        104 0.0000e+00
      19724    821.802    333.000     3.4843   3.205611     3.4844   3.205519       5.71     0.0229     2.9013     2.5601  29.908138  2.7719672   52.75466  -51.86433    34.7738    34.7726     3.4620     3.4626    27.6607    27.6598    6.73921    6.75712         88 0.0000e+00
      20967    873.584    334.000     3.4846   3.205734     3.4846   3.205651       4.69     0.0194     2.9007     2.5562  29.919674  2.8161480   52.75446  -51.86423    34.7744    34.7735     3.4622     3.4619    27.6612    27.6604    6.73818    6.74702         36 0.0000e+00
