data/CTD/2014/CNV/d017a026.cnv
* Sea-Bird SBE 9 Data File:
* FileName = C:\CTD_ACQUISITION\2014017HUD\ctddata\017A026.hdr
* Software Version Seasave V 7.22.2
* Temperature SN = 5081
* Conductivity SN = 3561
* Number of Bytes Per Scan = 37
* Number of Voltage Words = 4
* Number of Scans Averaged by the Deck Unit = 1
* NMEA Latitude = 48 56.21 N
* NMEA Longitude = 045 49.60 W
* NMEA UTC (Time) = Jul 06 2014 21:24:33
* NMEA baud rate = 9600
** Ship: Hudson
** Cruise: HUD2014017
** Chief_Scientist: Blair Greenan
** Organization: BIO
** Area_of_Operation: Sackville Spur
** Station: 026
** Sounding:  2396
** Event_Comments: SS_28, 403145
# nquan = 25
# nvalues = 2501                        
# units = specified
# name 0 = scan: Scan Count
# name 1 = timeS: Time, Elapsed [seconds]
# name 2 = prDM: Pressure, Digiquartz [db]
# name 3 = t068C: Temperature [ITS-68, deg C]
# name 4 = c0S/m: Conductivity [S/m]
# name 5 = t168C: Temperature, 2 [ITS-68, deg C]
# name 6 = c1S/m: Conductivity, 2 [S/m]
# name 7 = altM: Altimeter [m]
# name 8 = flC: Fluorescence, Chelsea Aqua 3 Chl Con [ug/l]
# name 9 = sbeox0V: Oxygen raw, SBE 43 [V]
# name 10 = sbeox1V: Oxygen raw, SBE 43, 2 [V]
# name 11 = upoly0: Upoly 0, Optode 4330F - O2 D-Phase
# name 12 = upoly1: Upoly 1, Optode 4330F - O2 Temp
# name 13 = latitude: Latitude [deg]
# name 14 = longitude: Longitude [deg]
# name 15 = sal00: Salinity, Practical [PSU]
# name 16 = sal11: Salinity, Practical, 2 [PSU]
# name 17 = potemp068C: Potential Temperature [ITS-68, deg C]
# name 18 = potemp168C: Potential Temperature, 2 [ITS-68, deg C]
# name 19 = sigma-é00: Density [sigma-theta, Kg/m^3]
# name 20 = sigma-é11: Density, 2 [sigma-theta, Kg/m^3]
# name 21 = sbeox0ML/L: Oxygen, SBE 43 [ml/l], WS = 2
# name 22 = sbeox1ML/L: Oxygen, SBE 43, 2 [ml/l], WS = 2
# name 23 = nbin: number of scans per bin
# name 24 = flag: flag
# span 0 =       5678,      69850       
# span 1 =    236.547,   2910.356       
# span 2 =      3.000,   2503.000       
# span 3 =     2.1989,     8.2790       
# span 4 =   2.996202,   3.517992       
# span 5 =     2.2618,     8.2791       
# span 6 =   3.001672,   3.517971       
# span 7 =       4.44,     103.29       
# span 8 =     0.0056,     0.7622       
# span 9 =     2.1947,     3.7506       
# span 10 =     1.9438,     3.2735      
# span 11 =  29.870644,  35.553699      
# span 12 =  2.4993088,  8.3237886      
# span 13 =   48.93734,   48.93898      
# span 14 =  -45.82558,  -45.81397      
# span 15 =    33.6202,    34.9195      
# span 16 =    33.6189,    34.9187      
# span 17 =     2.1973,     8.2786      
# span 18 =     2.2602,     8.2787      
# span 19 =    26.1496,    27.8662      
# span 20 =    26.1486,    27.8660      
# span 21 =    6.23463,    9.34337      
# span 22 =    6.21845,    9.41297      
# span 23 =         11,        101      
# span 24 = 0.0000e+00, 0.0000e+00      
# interval = decibars: 1                
# start_time = Jul 06 2014 21:24:33 [NMEA time, header]
# bad_flag = -9.990e-29
*END*
[from data line 1160]
      36444   1518.473   1163.000     3.6114   3.261928     3.6121   3.261875      48.67     0.0121     2.6050     2.3057  34.102467  3.6294620   48.93808  -45.82000    34.8764    34.8751     3.5248     3.5254    27.7363    27.7352    6.56478    6.56790         16 0.0000e+00
      36461   1519.150   1164.000     3.6054   3.261348     3.6049   3.261218      97.40     0.0094     2.6059     2.3060  34.102566  3.6331041   48.93808  -45.81998    34.8753    34.8744     3.5187     3.5182    27.7361    27.7354    6.57097    6.57403         17 0.0000e+00
      36479   1519.915   1165.000     3.6049   3.261328     3.6030   3.261075      98.63     0.0095     2.6064     2.3063  34.102566  3.6258590   48.93808  -45.81998    34.8751    34.8741     3.5181     3.5163    27.7360    27.7353    6.56880    6.57580         20 0.0000e+00
      36521   1521.672   1166.000     3.6047   3.261346     3.6048   3.261295      45.83     0.0097     2.6072     2.3067  34.102566  3.6132872   48.93808  -45.81995    34.8750    34.8743     3.5179     3.5180    27.7359    27.7353    6.56520    6.57358         46 0.0000e+00
      36588   1524.447   1167.000     3.6030   3.261221     3.6047   3.261307      86.69     0.0125     2.6081     2.3068  34.102566  3.6053119   48.93808  -45.81994    34.8749    34.8740     3.5160     3.5178    27.7360    27.7351    6.57259    6.57935         23 0.0000e+00
      36606   1525.197   1168.000     3.5998   3.260942     3.6003   3.260929      98.81     0.0109     2.6089     2.3076  34.101742  3.6056166   48.93808  -45.81994    34.8744    34.8737     3.5128     3.5133    27.7359    27.7353    6.57368    6.58757         18 0.0000e+00
      36624   1525.959   1169.000     3.6014   3.261147     3.5996   3.260909      27.78     0.0119     2.6083     2.3079  34.102589  3.6106391   48.93808  -45.81992    34.8747    34.8737     3.5143     3.5125    27.7360    27.7354    6.56940    6.58491         18 0.0000e+00
      36642   1526.704   1170.000     3.5998   3.261041     3.5996   3.260959      75.49     0.0122     2.6088     2.3081  34.102566  3.6149373   48.93807  -45.81990    34.8746    34.8738     3.5126     3.5125    27.7361    27.7355    6.57082    6.58494         18 0.0000e+00
      36660   1527.448   1171.000     3.5995   3.260988     3.5974   3.260733      98.96     0.0163     2.6084     2.3084  34.102566  3.6148419   48.93806  -45.81988    34.8739    34.8728     3.5122     3.5179    27.7356    27.7349    6.57326    6.58509         18 0.0000e+00
      36678   1528.199   1172.000     3.5955   3.260683     3.5947   3.260524      98.63     0.0147     2.6090     2.3084  34.090164  3.5994086   48.93808  -45.81992    34.8738    34.8728     3.5082     3.5073    27.7359    27.7352    6.57649    6.58458         18 0.0000e+00
      36696   1528.939   1173.000     3.5950   3.260657     3.5944   3.260546      29.10     0.0150     2.6087     2.3083  34.087910  3.5958407   48.93808  -45.81990    34.8736    34.8729     3.5076     3.5071    27.7358    27.7353    6.57803    6.58626         18 0.0000e+00
      36714   1529.691   1174.000     3.5949   3.260703     3.5944   3.260587      74.50     0.0171     2.6093     2.3083  34.087914  3.5958486   48.93808  -45.81990    34.8737    34.8728     3.5075     3.5070    27.7359    27.7353    6.57727    6.58376         19 0.0000e+00
      36735   1530.581   1175.000     3.5948   3.260729     3.5940   3.260581      98.03     0.0183     2.6088     2.3081  34.087318  3.5954523   48.93808  -45.81989    34.8737    34.8728     3.5072     3.5064    27.7359    27.7352    6.57684    6.58427         24 0.0000e+00
      36767   1531.909   1176.000     3.5933   3.260619     3.5927   3.260489      55.28     0.0173     2.6088     2.3081  34.087910  3.5911140   48.93809  -45.81988    34.8734    34.8725     3.5057     3.5051    27.7358    27.7352    6.57489    6.58807         39 0.0000e+00
      36801   1533.338   1177.000     3.5929   3.260631     3.5923   3.260504     101.52     0.0138     2.6086     2.3081  34.087914  3.5865817   48.93806  -45.81982    34.8734    34.8725     3.5053     3.5047    27.7359    27.7353    6.57317    6.58832         25 0.0000e+00
      36821   1534.174   1178.000     3.5931   3.260689     3.5925   3.260570      98.63     0.0133     2.6081     2.3080  34.066936  3.5928082   48.93806  -45.81982    34.8735    34.8726     3.5053     3.5048    27.7359    27.7353    6.57518    6.58780         19 0.0000e+00
      36839   1534.912   1179.000     3.5932   3.260735     3.5926   3.260626      30.40     0.0162     2.6083     2.3080  34.068085  3.5958304   48.93806  -45.81982    34.8734    34.8727     3.5053     3.5048    27.7359    27.7353    6.57805    6.58940         17 0.0000e+00
      36860   1535.799   1180.000     3.5931   3.260776     3.5927   3.260664      75.90     0.0152     2.6081     2.3080  34.065407  3.5918167   48.93807  -45.81981    34.8734    34.8725     3.5052     3.5048    27.7359    27.7352    6.57753    6.59088         29 0.0000e+00
      36933   1538.849   1181.000     3.5933   3.260834     3.5930   3.260738     102.23     0.0183     2.6082     2.3082  34.065456  3.5850506   48.93808  -45.81978    34.8734    34.8726     3.5053     3.5079    27.7359    27.7353    6.57861    6.59068         28 0.0000e+00
      36956   1539.811   1182.000     3.5935   3.260908     3.5929   3.260790      17.58     0.0174     2.6077     2.3080  34.063469  3.5887198   48.93807  -45.81977    34.8736    34.8728     3.5054     3.5048    27.7360    27.7355    6.57540    6.58631         15 0.0000e+00
      36971   1540.422   1183.000     3.5939   3.260992     3.5931   3.260856      38.08     0.0144     2.6081     2.3076  34.047737  3.5959074   48.93806  -45.81976    34.8736    34.8728     3.5057     3.5050    27.7360    27.7355    6.57679    6.58653         15 0.0000e+00
      36985   1541.015   1184.000     3.5944   3.261082     3.5936   3.260940      98.06     0.0110     2.6074     2.3074  34.054359  3.5958486   48.93806  -45.81974    34.8737    34.8729     3.5061     3.5053    27.7360    27.7355    6.56925    6.58973         14 0.0000e+00
      37000   1541.638   1185.000     3.5945   3.261140     3.5941   3.261029      98.63     0.0140     2.6066     2.3077  34.048607  3.5958486   48.93807  -45.81975    34.8737    34.8729     3.5062     3.5057    27.7360    27.7354    6.56686    6.59039         16 0.0000e+00
      37018   1542.372   1186.000     3.5946   3.261181     3.5941   3.261077      94.70     0.0145     2.6063     2.3071  34.054741  3.5863950   48.93808  -45.81976    34.8737    34.8729     3.5061     3.5057    27.7360    27.7355    6.56674    6.58342         20 0.0000e+00
      37042   1543.354   1187.000     3.5950   3.261263     3.5945   3.261151      84.76     0.0171     2.6056     2.3065  34.056953  3.5860806   48.93808  -45.81974    34.8737    34.8729     3.5065     3.5060    27.7360    27.7354    6.57228    6.57924         28 0.0000e+00
      37072   1544.644   1188.000     3.5977   3.261585     3.5976   3.261524      54.57     0.0145     2.6052     2.3053  34.044029  3.5860806   48.93808  -45.81973    34.8742    34.8735     3.5090     3.5090    27.7361    27.7356    6.56566    6.57562         30 0.0000e+00
      37098   1545.723   1189.000     3.6002   3.261894     3.5987   3.261665      99.23     0.0131     2.6042     2.3046  34.043949  3.5860806   48.93809  -45.81972    34.8747    34.8735     3.5114     3.5100    27.7363    27.7355    6.55978    6.56804         23 0.0000e+00
      37122   1546.689   1190.000     3.5995   3.261854     3.5976   3.261603      98.63     0.0157     2.6029     2.3029  34.043957  3.5860806   48.93809  -45.81971    34.8744    34.8734     3.5107     3.5088    27.7361    27.7355    6.54599    6.55813         24 0.0000e+00
      37146   1547.724   1191.000     3.6019   3.262146     3.6005   3.261951      98.63     0.0158     2.6010     2.3016  34.043957  3.5864336   48.93808  -45.81969    34.8748    34.8740     3.5130     3.5116    27.7363    27.7357    6.54170    6.55253         27 0.0000e+00
      37178   1549.023   1192.000     3.6020   3.262206     3.6017   3.262120      98.63     0.0182     2.5990     2.2995  34.044369  3.5866358   48.93808  -45.81968    34.8750    34.8743     3.5130     3.5127    27.7364    27.7359    6.53551    6.54744         35 0.0000e+00
      37214   1550.524   1193.000     3.6084   3.262955     3.6071   3.262805      98.63     0.0156     2.5964     2.2976  34.045994  3.5931482   48.93810  -45.81967    34.8765    34.8759     3.5193     3.5179    27.7370    27.7367    6.53162    6.54663         36 0.0000e+00
      37247   1551.908   1194.000     3.6181   3.264037     3.6173   3.263902      98.63     0.0103     2.5949     2.2965  34.045910  3.5948873   48.93810  -45.81966    34.8787    34.8779     3.5287     3.5280    27.7378    27.7372    6.52409    6.54407         30 0.0000e+00
      37272   1552.970   1195.000     3.6181   3.264102     3.6176   3.263986      98.63     0.0075     2.5926     2.2959  34.043934  3.5958591   48.93810  -45.81966    34.8789    34.8781     3.5287     3.5282    27.7380    27.7373    6.51692    6.54324         21 0.0000e+00
      37291   1553.752   1196.000     3.6197   3.264315     3.6192   3.264207      98.63     0.0103     2.5922     2.2949  34.044823  3.5975771   48.93810  -45.81966    34.8792    34.8786     3.5302     3.5296    27.7381    27.7376    6.52819    6.54264         17 0.0000e+00
      37307   1554.406   1197.000     3.6217   3.264557     3.6211   3.264445      98.63     0.0111     2.5916     2.2950  34.048195  3.6057379   48.93810  -45.81966    34.8796    34.8789     3.5320     3.5314    27.7381    27.7377    6.52744    6.54772         14 0.0000e+00
      37321   1554.997   1198.000     3.6222   3.264661     3.6217   3.264545      90.39     0.0135     2.5913     2.2946  34.049221  3.6056166   48.93812  -45.81964    34.8797    34.8789     3.5325     3.5320    27.7382    27.7376    6.52706    6.54557         14 0.0000e+00
      37335   1555.581   1199.000     3.6226   3.264751     3.6221   3.264638      81.90     0.0137     2.5907     2.2945  34.049816  3.6056166   48.93812  -45.81964    34.8799    34.8790     3.5328     3.5323    27.7383    27.7377    6.52512    6.54413         15 0.0000e+00
      37350   1556.189   1200.000     3.6230   3.264823     3.6222   3.264688      98.11     0.0141     2.5903     2.2941  34.052658  3.6056166   48.93812  -45.81966    34.8798    34.8790     3.5331     3.5323    27.7383    27.7377    6.52610    6.53867         15 0.0000e+00
      37367   1556.898   1201.000     3.6243   3.264996     3.6236   3.264875      98.63     0.0150     2.5901     2.2934  34.052750  3.6056166   48.93812  -45.81963    34.8800    34.8792     3.5343     3.5337    27.7382    27.7377    6.53155    6.53286         20 0.0000e+00
      37419   1559.080   1202.000     3.6249   3.265103     3.6241   3.264950      98.63     0.0154     2.5888     2.2913  34.074520  3.6101391   48.93813  -45.81961    34.8801    34.8791     3.5349     3.5357    27.7383    27.7376    6.52150    6.52943         46 0.0000e+00
      37473   1561.344   1203.000     3.6254   3.265208     3.6247   3.265067      85.53     0.0143     2.5872     2.2894  34.088230  3.6155078   48.93812  -45.81958    34.8803    34.8794     3.5353     3.5345    27.7384    27.7378    6.52150    6.52743         23 0.0000e+00
      37494   1562.228   1204.000     3.6254   3.265240     3.6251   3.265160      89.14     0.0108     2.5868     2.2892  34.098598  3.6153846   48.93814  -45.81958    34.8802    34.8795     3.5351     3.5385    27.7384    27.7378    6.52691    6.53294         21 0.0000e+00
      37516   1563.105   1205.000     3.6258   3.265325     3.6252   3.265196      98.65     0.0087     2.5872     2.2891  34.101906  3.6153846   48.93814  -45.81958    34.8803    34.8794     3.5355     3.5348    27.7384    27.7377    6.52473    6.53491         22 0.0000e+00
      37537   1563.993   1206.000     3.6250   3.265287     3.6243   3.265148      98.63     0.0095     2.5865     2.2891  34.101868  3.6153846   48.93814  -45.81958    34.8802    34.8793     3.5346     3.5339    27.7384    27.7377    6.52543    6.53654         21 0.0000e+00
      37558   1564.886   1207.000     3.6253   3.265364     3.6248   3.265251      98.63     0.0110     2.5869     2.2889  34.102573  3.6153846   48.93814  -45.81957    34.8802    34.8794     3.5348     3.5343    27.7384    27.7378    6.53177    6.53567         21 0.0000e+00
      37579   1565.733   1208.000     3.6248   3.265361     3.6244   3.265243      98.63     0.0161     2.5867     2.2890  34.102566  3.6153846   48.93814  -45.81956    34.8802    34.8793     3.5343     3.5338    27.7384    27.7378    6.52928    6.53438         20 0.0000e+00
      37598   1566.542   1209.000     3.6250   3.265406     3.6244   3.265289      98.63     0.0180     2.5867     2.2884  34.102566  3.6153846   48.93814  -45.81956    34.8801    34.8793     3.5343     3.5338    27.7383    27.7377    6.52664    6.51958         19 0.0000e+00
      37618   1567.377   1210.000     3.6250   3.265458     3.6245   3.265333      88.71     0.0164     2.5862     2.2871  34.102566  3.6153846   48.93814  -45.81954    34.8802    34.8793     3.5342     3.5371    27.7384    27.7378    6.52581    6.52088         21 0.0000e+00
      37640   1568.279   1211.000     3.6246   3.265463     3.6240   3.265333      85.36     0.0122     2.5862     2.2869  34.102566  3.6153846   48.93814  -45.81954    34.8801    34.8792     3.5338     3.5332    27.7384    27.7378    6.52724    6.53336         23 0.0000e+00
      37663   1569.270   1212.000     3.6243   3.265471     3.6238   3.265348      55.68     0.0128     2.5858     2.2871  34.102566  3.6153846   48.93814  -45.81952    34.8800    34.8791     3.5334     3.5329    27.7384    27.7377    6.52433    6.53339         25 0.0000e+00
      37691   1570.398   1213.000     3.6239   3.265471     3.6234   3.265350      97.97     0.0130     2.5856     2.2867  34.102566  3.6153846   48.93816  -45.81950    34.8800    34.8791     3.5329     3.5324    27.7384    27.7377    6.53085    6.52830         29 0.0000e+00
      37734   1572.217   1214.000     3.6241   3.265522     3.6236   3.265404      98.64     0.0161     2.5849     2.2862  34.104015  3.6153846   48.93816  -45.81949    34.8799    34.8790     3.5330     3.5325    27.7383    27.7377    6.52457    6.53166         65 0.0000e+00
      37789   1574.494   1215.000     3.6245   3.265613     3.6239   3.265502      98.63     0.0145     2.5841     2.2862  34.104134  3.6153846   48.93816  -45.81948    34.8800    34.8793     3.5333     3.5328    27.7384    27.7379    6.52335    6.53749         28 0.0000e+00
      37808   1575.282   1216.000     3.6245   3.265668     3.6240   3.265559      61.99     0.0157     2.5841     2.2865  34.105019  3.6153846   48.93816  -45.81948    34.8802    34.8794     3.5332     3.5328    27.7385    27.7379    6.52392    6.53928         18 0.0000e+00
      37824   1575.938   1217.000     3.6246   3.265728     3.6241   3.265619      69.17     0.0148     2.5836     2.2866  34.102562  3.6174800   48.93816  -45.81947    34.8803    34.8795     3.5332     3.5327    27.7386    27.7381    6.52658    6.54166         14 0.0000e+00
      37838   1576.529   1218.000     3.6247   3.265782     3.6241   3.265661      99.03     0.0159     2.5837     2.2869  34.104687  3.6174777   48.93816  -45.81946    34.8803    34.8795     3.5332     3.5327    27.7386    27.7380    6.53352    6.54268         14 0.0000e+00
      37852   1577.107   1219.000     3.6247   3.265832     3.6243   3.265712      98.63     0.0153     2.5841     2.2871  34.102554  3.6160758   48.93816  -45.81946    34.8803    34.8794     3.5332     3.5328    27.7386    27.7380    6.53771    6.53607         14 0.0000e+00
