data/CTD/2014/CNV/d017a035.cnv
* Sea-Bird SBE 9 Data File:
* FileName = C:\CTD_ACQUISITION\2014017HUD\ctddata\017A035.hdr
* Software Version Seasave V 7.22.2
* Temperature SN = 5081
* Conductivity SN = 3561
* Number of Bytes Per Scan = 37
* Number of Voltage Words = 4
* Number of Scans Averaged by the Deck Unit = 1
* NMEA Latitude = 48 29.67 N
* NMEA Longitude = 046 43.65 W
* NMEA UTC (Time) = Jul 09 2014 18:03:36
* NMEA baud rate = 9600
** Ship: Hudson
** Cruise: HUD2014017
** Chief_Scientist: Blair Greenan
** Organization: BIO
** Area_of_Operation: Sackville Spur
** Station: 035
** Sounding:
** Event_Comments: SS-07 403203
# nquan = 25
# nvalues = 2346                        
# units = specified
# name 0 = scan: Scan Count
# name 1 = timeS: Time, Elapsed [seconds]
# name 2 = prDM: Pressure, Digiquartz [db]
# name 3 = t068C: Temperature [ITS-68, deg C]
# name 4 = c0S/m: Conductivity [S/m]
# name 5 = t168C: Temperature, 2 [ITS-68, deg C]
# name 6 = c1S/m: Conductivity, 2 [S/m]
# name 7 = altM: Altimeter [m]
# name 8 = flC: Fluorescence, Chelsea Aqua 3 Chl Con [ug/l]
# name 9 = sbeox0V: Oxygen raw, SBE 43 [V]
# name 10 = sbeox1V: Oxygen raw, SBE 43, 2 [V]
# name 11 = upoly0: Upoly 0, Optode 4330F - O2 D-Phase
# name 12 = upoly1: Upoly 1, Optode 4330F - O2 Temp
# name 13 = latitude: Latitude [deg]
# name 14 = longitude: Longitude [deg]
# name 15 = sal00: Salinity, Practical [PSU]
# name 16 = sal11: Salinity, Practical, 2 [PSU]
# name 17 = potemp068C: Potential Temperature [ITS-68, deg C]
# name 18 = potemp168C: Potential Temperature, 2 [ITS-68, deg C]
# name 19 = sigma-é00: Density [sigma-theta, Kg/m^3]
# name 20 = sigma-é11: Density, 2 [sigma-theta, Kg/m^3]
# name 21 = sbeox0ML/L: Oxygen, SBE 43 [ml/l], WS = 2
# name 22 = sbeox1ML/L: Oxygen, SBE 43, 2 [ml/l], WS = 2
# name 23 = nbin: number of scans per bin
# name 24 = flag: flag
# span 0 =       2683,      61309       
# span 1 =    111.757,   2554.501       
# span 2 =      2.000,   2347.000       
# span 3 =     2.5862,     8.6783       
# span 4 =   3.073810,   3.543084       
# span 5 =     2.5849,     8.6775       
# span 6 =   3.074776,   3.542861       
# span 7 =       0.45,     108.66       
# span 8 =     0.0067,     0.5586       
# span 9 =     2.2226,     3.6533       
# span 10 =     1.9658,     3.1887      
# span 11 =  30.159554,  35.510742      
# span 12 =  2.7224085,  8.7199526      
# span 13 =   48.49498,   48.49786      
# span 14 =  -46.72746,  -46.71976      
# span 15 =    33.4754,    34.9162      
# span 16 =    33.4735,    34.9158      
# span 17 =     2.5827,     8.6781      
# span 18 =     2.5814,     8.6772      
# span 19 =    25.9749,    27.8510      
# span 20 =    25.9738,    27.8510      
# span 21 =    6.26573,    8.41220      
# span 22 =    6.24599,    8.41933      
# span 23 =         12,         87      
# span 24 = 0.0000e+00, 0.0000e+00      
# interval = decibars: 1                
# start_time = Jul 09 2014 18:03:36 [NMEA time, header]
# bad_flag = -9.990e-29
*END*
[from data line 1392]
      37745   1572.679   1394.000     3.5966   3.273717     3.5959   3.273605      79.63     0.0123     2.4593     2.1717  34.805862  3.5991063   48.49694  -46.72214    34.9158    34.9152     3.4904     3.4896    27.7712    27.7707    6.27989    6.26926         21 0.0000e+00
      37764   1573.452   1395.000     3.5950   3.273611     3.5945   3.273517      98.96     0.0142     2.4584     2.1723  34.805862  3.6057303   48.49694  -46.72214    34.9158    34.9152     3.4887     3.4882    27.7713    27.7709    6.26726    6.26950         18 0.0000e+00
      37780   1574.139   1396.000     3.5941   3.273566     3.5936   3.273476      98.63     0.0174     2.4579     2.1726  34.805862  3.6056166   48.49694  -46.72214    34.9157    34.9151     3.4877     3.4872    27.7713    27.7709    6.27412    6.26124         16 0.0000e+00
      37795   1574.763   1397.000     3.5937   3.273571     3.5930   3.273457      98.63     0.0183     2.4582     2.1722  34.805862  3.6056166   48.49694  -46.72214    34.9157    34.9151     3.4872     3.4865    27.7714    27.7710    6.28360    6.26101         14 0.0000e+00
      37810   1575.359   1398.000     3.5930   3.273558     3.5923   3.273447      98.63     0.0163     2.4576     2.1724  34.805862  3.5964723   48.49694  -46.72214    34.9157    34.9152     3.4865     3.4858    27.7715    27.7711    6.28784    6.26731         14 0.0000e+00
      37824   1575.968   1399.000     3.5927   3.273566     3.5921   3.273468      98.63     0.0157     2.4586     2.1724  34.805862  3.5958607   48.49694  -46.72214    34.9157    34.9152     3.4861     3.4854    27.7715    27.7711    6.29209    6.26823         16 0.0000e+00
      37841   1576.686   1400.000     3.5928   3.273603     3.5922   3.273512      54.66     0.0178     2.4584     2.1726  34.806553  3.5953882   48.49694  -46.72214    34.9155    34.9151     3.4861     3.4855    27.7713    27.7711    6.28024    6.26600         20 0.0000e+00
      37893   1578.848   1401.000     3.5929   3.273652     3.5928   3.273590      65.05     0.0161     2.4573     2.1718  34.806561  3.5857439   48.49694  -46.72214    34.9155    34.9149     3.4861     3.4859    27.7714    27.7709    6.26966    6.25808         42 0.0000e+00
      37934   1580.528   1402.000     3.5926   3.273669     3.5921   3.273587      71.21     0.0097     2.4559     2.1714  34.806679  3.5860806   48.49694  -46.72214    34.9155    34.9151     3.4857     3.4852    27.7714    27.7711    6.27160    6.26021         18 0.0000e+00
      37950   1581.214   1403.000     3.5926   3.273709     3.5920   3.273619      98.02     0.0108     2.4561     2.1710  34.805882  3.5932443   48.49696  -46.72214    34.9155    34.9151     3.4856     3.4850    27.7714    27.7711    6.28128    6.26267         16 0.0000e+00
      37966   1581.871   1404.000     3.5927   3.273768     3.5919   3.273661      98.63     0.0140     2.4565     2.1712  34.805862  3.5958352   48.49696  -46.72214    34.9156    34.9152     3.4856     3.4849    27.7715    27.7712    6.27761    6.26314         15 0.0000e+00
      37982   1582.541   1405.000     3.5926   3.273800     3.5920   3.273712      72.66     0.0141     2.4554     2.1711  34.805862  3.5958486   48.49696  -46.72214    34.9155    34.9152     3.4855     3.4848    27.7714    27.7712    6.27234    6.25794         17 0.0000e+00
      37999   1583.269   1406.000     3.5927   3.273847     3.5920   3.273739      33.14     0.0123     2.4556     2.1707  34.805862  3.5888677   48.49696  -46.72214    34.9156    34.9150     3.4854     3.4847    27.7715    27.7711    6.27807    6.26067         19 0.0000e+00
      38022   1584.204   1407.000     3.5930   3.273906     3.5922   3.273803      83.84     0.0125     2.4553     2.1707  34.805862  3.5862048   48.49696  -46.72214    34.9155    34.9150     3.4856     3.4849    27.7714    27.7711    6.28359    6.26663         27 0.0000e+00
      38059   1585.770   1408.000     3.5926   3.273911     3.5923   3.273843      63.70     0.0179     2.4558     2.1713  34.805862  3.5860806   48.49696  -46.72214    34.9154    34.9149     3.4852     3.4849    27.7714    27.7710    6.28528    6.27366         43 0.0000e+00
      38092   1587.137   1409.000     3.5915   3.273860     3.5909   3.273773      99.96     0.0171     2.4552     2.1710  34.805862  3.5860806   48.49696  -46.72214    34.9155    34.9150     3.4840     3.4835    27.7715    27.7712    6.27672    6.25786         23 0.0000e+00
      38112   1587.945   1410.000     3.5922   3.273970     3.5916   3.273887      98.63     0.0140     2.4555     2.1706  34.805862  3.5860806   48.49696  -46.72214    34.9155    34.9152     3.4846     3.4886    27.7715    27.7713    6.28731    6.26274         18 0.0000e+00
      38128   1588.634   1411.000     3.5929   3.274078     3.5922   3.273978      60.41     0.0161     2.4553     2.1705  34.805862  3.5860806   48.49696  -46.72214    34.9156    34.9151     3.4852     3.4846    27.7715    27.7712    6.28709    6.26035         16 0.0000e+00
      38144   1589.289   1412.000     3.5932   3.274146     3.5925   3.274053      41.80     0.0177     2.4555     2.1701  34.805862  3.5860806   48.49696  -46.72214    34.9156    34.9152     3.4854     3.4847    27.7714    27.7712    6.28240    6.25357         15 0.0000e+00
      38160   1589.973   1413.000     3.5933   3.274205     3.5927   3.274118      98.13     0.0158     2.4551     2.1694  34.805862  3.5860806   48.49696  -46.72214    34.9156    34.9152     3.4855     3.4849    27.7715    27.7712    6.27514    6.25650         18 0.0000e+00
      38181   1590.841   1414.000     3.5932   3.274243     3.5927   3.274147      72.38     0.0151     2.4544     2.1691  34.805862  3.5860806   48.49697  -46.72214    34.9157    34.9151     3.4853     3.4848    27.7715    27.7711    6.28200    6.25973         26 0.0000e+00
      38219   1592.430   1415.000     3.5935   3.274296     3.5930   3.274198      53.39     0.0157     2.4544     2.1690  34.805862  3.5860806   48.49698  -46.72214    34.9155    34.9150     3.4855     3.4849    27.7714    27.7710    6.28159    6.26493         44 0.0000e+00
      38251   1593.745   1416.000     3.5931   3.274311     3.5926   3.274225      99.01     0.0164     2.4539     2.1688  34.805862  3.5860806   48.49698  -46.72214    34.9156    34.9151     3.4850     3.4845    27.7715    27.7712    6.27787    6.26111         22 0.0000e+00
      38270   1594.549   1417.000     3.5931   3.274348     3.5921   3.274216      62.37     0.0183     2.4536     2.1684  34.805862  3.5860806   48.49698  -46.72214    34.9156    34.9150     3.4848     3.4839    27.7715    27.7712    6.28205    6.25992         18 0.0000e+00
      38288   1595.293   1418.000     3.5882   3.273947     3.5873   3.273826      45.86     0.0171     2.4537     2.1684  34.805862  3.5860806   48.49698  -46.72214    34.9155    34.9150     3.4799     3.4791    27.7719    27.7716    6.28361    6.26295         18 0.0000e+00
      38306   1596.057   1419.000     3.5853   3.273740     3.5846   3.273635      96.82     0.0206     2.4533     2.1682  34.805862  3.5860806   48.49698  -46.72214    34.9156    34.9151     3.4770     3.4763    27.7723    27.7720    6.28491    6.26383         19 0.0000e+00
      38327   1596.916   1420.000     3.5831   3.273584     3.5824   3.273485      98.63     0.0198     2.4535     2.1681  34.805862  3.5860806   48.49698  -46.72214    34.9156    34.9151     3.4747     3.4741    27.7725    27.7722    6.28622    6.26278         22 0.0000e+00
      38353   1597.986   1421.000     3.5824   3.273559     3.5817   3.273462      47.01     0.0143     2.4529     2.1678  34.805862  3.5847514   48.49698  -46.72214    34.9155    34.9151     3.4739     3.4733    27.7725    27.7722    6.28470    6.26984         29 0.0000e+00
      38385   1599.341   1422.000     3.5806   3.273434     3.5802   3.273361      99.78     0.0118     2.4532     2.1683  34.808064  3.5787702   48.49698  -46.72214    34.9155    34.9150     3.4721     3.4717    27.7727    27.7724    6.28787    6.27282         34 0.0000e+00
      38415   1600.580   1423.000     3.5800   3.273427     3.5804   3.273427      64.76     0.0149     2.4528     2.1683  34.806400  3.5762327   48.49698  -46.72214    34.9155    34.9151     3.4715     3.4718    27.7727    27.7724    6.28523    6.27098         25 0.0000e+00
      38436   1601.469   1424.000     3.5793   3.273412     3.5787   3.273319      61.23     0.0135     2.4523     2.1683  34.808197  3.5763125   48.49698  -46.72214    34.9155    34.9151     3.4707     3.4789    27.7729    27.7726    6.28608    6.27144         19 0.0000e+00
      38455   1602.236   1425.000     3.5787   3.273390     3.5781   3.273299      55.09     0.0174     2.4527     2.1682  34.807484  3.5763125   48.49700  -46.72214    34.9154    34.9150     3.4699     3.4693    27.7729    27.7726    6.29494    6.26753         18 0.0000e+00
      38473   1603.002   1426.000     3.5782   3.273389     3.5776   3.273292      98.51     0.0210     2.4529     2.1678  34.805859  3.5763125   48.49700  -46.72214    34.9154    34.9150     3.4694     3.4688    27.7729    27.7726    6.28622    6.26710         19 0.0000e+00
      38494   1603.881   1427.000     3.5779   3.273398     3.5770   3.273286      35.98     0.0192     2.4520     2.1677  34.807663  3.5763125   48.49700  -46.72214    34.9154    34.9150     3.4689     3.4681    27.7730    27.7727    6.27970    6.26434         24 0.0000e+00
      38520   1604.964   1428.000     3.5773   3.273392     3.5766   3.273294      98.31     0.0155     2.4515     2.1665  34.806400  3.5741313   48.49700  -46.72214    34.9154    34.9150     3.4683     3.4707    27.7730    27.7727    6.28689    6.25562         27 0.0000e+00
      38547   1606.072   1429.000     3.5762   3.273328     3.5754   3.273225      98.65     0.0143     2.4515     2.1659  34.806450  3.5695441   48.49700  -46.72214    34.9154    34.9149     3.4671     3.4663    27.7731    27.7728    6.28356    6.26178         25 0.0000e+00
      38571   1607.099   1430.000     3.5756   3.273316     3.5749   3.273215      39.02     0.0175     2.4509     2.1657  34.808109  3.5717928   48.49700  -46.72214    34.9154    34.9149     3.4664     3.4689    27.7732    27.7729    6.28622    6.26393         26 0.0000e+00
      38599   1608.249   1431.000     3.5753   3.273329     3.5747   3.273238      97.52     0.0166     2.4507     2.1653  34.808300  3.5733531   48.49700  -46.72214    34.9153    34.9149     3.4660     3.4655    27.7732    27.7729    6.28111    6.26140         30 0.0000e+00
      38630   1609.540   1432.000     3.5746   3.273318     3.5740   3.273223      67.05     0.0153     2.4499     2.1647  34.806290  3.5683997   48.49700  -46.72215    34.9155    34.9150     3.4653     3.4646    27.7733    27.7730    6.28374    6.25981         28 0.0000e+00
      38653   1610.496   1433.000     3.5741   3.273328     3.5734   3.273224      62.00     0.0173     2.4496     2.1645  34.807343  3.5665083   48.49700  -46.72216    34.9156    34.9151     3.4647     3.4640    27.7735    27.7732    6.28599    6.26084         20 0.0000e+00
      38670   1611.226   1434.000     3.5735   3.273312     3.5728   3.273215      98.46     0.0189     2.4499     2.1641  34.805870  3.5671523   48.49700  -46.72216    34.9155    34.9151     3.4640     3.4633    27.7735    27.7733    6.28659    6.25803         16 0.0000e+00
      38686   1611.876   1435.000     3.5710   3.273138     3.5702   3.273020      98.63     0.0181     2.4494     2.1638  34.805862  3.5671959   48.49700  -46.72216    34.9156    34.9151     3.4614     3.4607    27.7739    27.7735    6.28218    6.26028         15 0.0000e+00
      38701   1612.515   1436.000     3.5693   3.273041     3.5686   3.272928      74.29     0.0141     2.4494     2.1638  34.805862  3.5665500   48.49700  -46.72216    34.9157    34.9152     3.4597     3.4590    27.7741    27.7737    6.28400    6.26303         16 0.0000e+00
      38718   1613.225   1437.000     3.5681   3.272963     3.5675   3.272866      37.12     0.0126     2.4488     2.1635  34.805862  3.5665445   48.49700  -46.72216    34.9156    34.9150     3.4584     3.4663    27.7741    27.7737    6.28008    6.26376         19 0.0000e+00
      38751   1614.571   1438.000     3.5665   3.272857     3.5658   3.272755      80.60     0.0154     2.4482     2.1635  34.809971  3.5641098   48.49700  -46.72216    34.9156    34.9150     3.4567     3.4573    27.7743    27.7739    6.28327    6.26755         55 0.0000e+00
      38802   1616.714   1439.000     3.5662   3.272876     3.5656   3.272783      61.02     0.0178     2.4480     2.1637  34.809830  3.5583131   48.49700  -46.72216    34.9156    34.9152     3.4564     3.4557    27.7743    27.7740    6.28943    6.27076         29 0.0000e+00
      38822   1617.536   1440.000     3.5652   3.272844     3.5646   3.272744      99.19     0.0224     2.4478     2.1636  34.807453  3.5666680   48.49700  -46.72216    34.9158    34.9152     3.4553     3.4547    27.7746    27.7742    6.27853    6.26735         18 0.0000e+00
      38840   1618.274   1441.000     3.5650   3.272867     3.5643   3.272763      98.63     0.0159     2.4468     2.1635  34.809940  3.5665445   48.49700  -46.72216    34.9158    34.9153     3.4550     3.4543    27.7746    27.7743    6.27934    6.26816         18 0.0000e+00
      38857   1618.983   1442.000     3.5648   3.272896     3.5641   3.272788      11.83     0.0154     2.4472     2.1634  34.805962  3.5659838   48.49702  -46.72216    34.9158    34.9153     3.4547     3.4540    27.7746    27.7743    6.28799    6.26573         17 0.0000e+00
      38874   1619.716   1443.000     3.5646   3.272922     3.5639   3.272818      91.42     0.0178     2.4470     2.1630  34.807461  3.5654685   48.49702  -46.72216    34.9158    34.9154     3.4545     3.4537    27.7747    27.7744    6.28679    6.25859         18 0.0000e+00
      38895   1620.567   1444.000     3.5643   3.272935     3.5637   3.272833      69.76     0.0195     2.4467     2.1624  34.809017  3.5648572   48.49702  -46.72216    34.9158    34.9153     3.4541     3.4534    27.7747    27.7743    6.27939    6.25954         23 0.0000e+00
      38923   1621.736   1445.000     3.5646   3.273005     3.5639   3.272899      41.19     0.0197     2.4461     2.1618  34.809719  3.5570154   48.49702  -46.72216    34.9158    34.9153     3.4543     3.4536    27.7747    27.7744    6.28417    6.25895         34 0.0000e+00
      38957   1623.160   1446.000     3.5646   3.273044     3.5642   3.272970      29.08     0.0221     2.4462     2.1609  34.812824  3.5567765   48.49702  -46.72216    34.9157    34.9153     3.4542     3.4538    27.7747    27.7743    6.28951    6.25881         30 0.0000e+00
      38982   1624.226   1447.000     3.5643   3.273059     3.5634   3.272939      99.73     0.0196     2.4456     2.1610  34.811577  3.5567765   48.49702  -46.72214    34.9158    34.9153     3.4538     3.4529    27.7747    27.7744    6.28392    6.26651         23 0.0000e+00
      39003   1625.076   1448.000     3.5638   3.273070     3.5631   3.272962      89.62     0.0188     2.4459     2.1610  34.814323  3.5567765   48.49702  -46.72214    34.9159    34.9154     3.4532     3.4569    27.7749    27.7746    6.28794    6.26741         19 0.0000e+00
      39021   1625.833   1449.000     3.5639   3.273118     3.5632   3.273017      23.89     0.0175     2.4453     2.1611  34.812756  3.5567765   48.49702  -46.72214    34.9159    34.9154     3.4532     3.4526    27.7749    27.7746    6.27383    6.26576         17 0.0000e+00
      39038   1626.534   1450.000     3.5639   3.273163     3.5631   3.273051      69.61     0.0160     2.4445     2.1607  34.812756  3.5567765   48.49702  -46.72214    34.9160    34.9155     3.4531     3.4523    27.7749    27.7746    6.28471    6.26466         17 0.0000e+00
