data/CTD/2014/CNV/d017a052.cnv
* Sea-Bird SBE 9 Data File:
* FileName = C:\CTD_ACQUISITION\2014017HUD\ctddata\017A052.hdr
* Software Version Seasave V 7.22.2
* Temperature SN = 5081
* Conductivity SN = 3561
* Number of Bytes Per Scan = 37
* Number of Voltage Words = 4
* Number of Scans Averaged by the Deck Unit = 1
* NMEA Latitude = 43 42.60 N
* NMEA Longitude = 059 07.70 W
* NMEA UTC (Time) = Jul 13 2014 07:26:46
* NMEA baud rate = 9600
** Ship: Hudson
** Cruise: HUD2014017
** Chief_Scientist: Blair Greenan
** Organization: BIO
** Area_of_Operation: Sackville Spur
** Station: 052
** Sounding:  245
** Event_Comments: LC1, 0
** Microcat calibration. No bottles.
# nquan = 25
# nvalues = 223                         
# units = specified
# name 0 = scan: Scan Count
# name 1 = timeS: Time, Elapsed [seconds]
# name 2 = prDM: Pressure, Digiquartz [db]
# name 3 = t068C: Temperature [ITS-68, deg C]
# name 4 = c0S/m: Conductivity [S/m]
# name 5 = t168C: Temperature, 2 [ITS-68, deg C]
# name 6 = c1S/m: Conductivity, 2 [S/m]
# name 7 = altM: Altimeter [m]
# name 8 = flC: Fluorescence, Chelsea Aqua 3 Chl Con [ug/l]
# name 9 = sbeox0V: Oxygen raw, SBE 43 [V]
# name 10 = sbeox1V: Oxygen raw, SBE 43, 2 [V]
# name 11 = upoly0: Upoly 0, Optode 4330F - O2 D-Phase
# name 12 = upoly1: Upoly 1, Optode 4330F - O2 Temp
# name 13 = latitude: Latitude [deg]
# name 14 = longitude: Longitude [deg]
# name 15 = sal00: Salinity, Practical [PSU]
# name 16 = sal11: Salinity, Practical, 2 [PSU]
# name 17 = potemp068C: Potential Temperature [ITS-68, deg C]
# name 18 = potemp168C: Potential Temperature, 2 [ITS-68, deg C]
# name 19 = sigma-é00: Density [sigma-theta, Kg/m^3]
# name 20 = sigma-é11: Density, 2 [sigma-theta, Kg/m^3]
# name 21 = sbeox0ML/L: Oxygen, SBE 43 [ml/l], WS = 2
# name 22 = sbeox1ML/L: Oxygen, SBE 43, 2 [ml/l], WS = 2
# name 23 = nbin: number of scans per bin
# name 24 = flag: flag
# span 0 =      13931,      19790       
# span 1 =    580.422,    824.529       
# span 2 =     10.000,    232.000       
# span 3 =     3.6401,    12.7208       
# span 4 =   3.055254,   4.111689       
# span 5 =     3.6598,    12.7260       
# span 6 =   3.056967,   4.109985       
# span 7 =       6.65,     100.44       
# span 8 =     0.0105,     0.1663       
# span 9 =     2.2350,     3.5416       
# span 10 =     1.9481,     3.0558      
# span 11 =  29.200193,  37.381992      
# span 12 =  4.0723057,  12.723706      
# span 13 =   43.70925,   43.70965      
# span 14 =  -59.12972,  -59.12906      
# span 15 =    31.8709,    35.4396      
# span 16 =    31.7746,    35.4342      
# span 17 =     3.6364,    12.7194      
# span 18 =     3.6560,    12.7246      
# span 19 =    24.0355,    27.1367      
# span 20 =    23.9628,    27.1300      
# span 21 =    4.17747,    7.33621      
# span 22 =    3.96376,    7.17674      
# span 23 =         14,         65      
# span 24 = 0.0000e+00, 0.0000e+00      
# interval = decibars: 1                
# start_time = Jul 13 2014 07:26:46 [NMEA time, header]
# bad_flag = -9.990e-29
*END*
[from data line 58]
      15778    657.374     68.000     4.0146   3.102746     4.0828   3.112082      59.23     0.0425     3.0776     2.6948  32.680950  4.4535389   43.70952  -59.12926    33.1373    33.1786     4.0100     4.0782    26.3036    26.3296    6.96797    6.97518         26 0.0000e+00
      15800    658.298     69.000     4.2229   3.125294     4.2924   3.131901      84.02     0.0390     3.0767     2.6960  32.696445  4.5058608   43.70952  -59.12926    33.1922    33.1996     4.2182     4.2877    26.3262    26.3250    6.90944    6.87498         20 0.0000e+00
      15819    659.067     70.000     4.3299   3.136199     4.3524   3.137095      98.71     0.0404     3.0743     2.6908  32.718063  4.5250025   43.70952  -59.12928    33.2117    33.1996     4.3251     4.3475    26.3306    26.3187    6.86713    6.77590         18 0.0000e+00
      15836    659.812     71.000     4.3716   3.139797     4.3722   3.139303      98.63     0.0425     3.0702     2.6813  32.746410  4.5509171   43.70952  -59.12928    33.2114    33.2050     4.3667     4.3673    26.3260    26.3209    6.83638    6.70967         18 0.0000e+00
      15856    660.632     72.000     4.4012   3.143189     4.3878   3.141047      40.58     0.0407     3.0655     2.6709  32.745274  4.5535135   43.70952  -59.12928    33.2207    33.2092     4.3962     4.3828    26.3304    26.3226    6.81161    6.68728         22 0.0000e+00
      15880    661.636     73.000     4.4351   3.146618     4.4149   3.144115      96.89     0.0393     3.0588     2.6627  32.745350  4.6937952   43.70952  -59.12928    33.2262    33.2173     4.4300     4.4098    26.3312    26.3262    6.79377    6.72789         27 0.0000e+00
      15911    662.907     74.000     4.5234   3.156066     4.5332   3.158087      82.61     0.0365     3.0531     2.6642  32.768158  4.7172408   43.70952  -59.12928    33.2472    33.2608     4.5182     4.5279    26.3385    26.3483    6.79590    6.77866         33 0.0000e+00
      15942    664.192     75.000     4.6710   3.173191     4.6932   3.175975      69.53     0.0368     3.0524     2.6691  32.810760  4.7490940   43.70952  -59.12928    33.2977    33.3078     4.6656     4.6877    26.3628    26.3684    6.78862    6.75982         27 0.0000e+00
      15965    665.176     76.000     4.7227   3.179496     4.7354   3.180219      98.88     0.0332     3.0526     2.6690  32.847008  4.7428417   43.70950  -59.12928    33.3184    33.3140     4.7172     4.7299    26.3736    26.3687    6.78168    6.70458         21 0.0000e+00
      15985    665.982     77.000     4.7427   3.181625     4.7473   3.181305      95.09     0.0317     3.0525     2.6656  32.871872  4.7386928   43.70950  -59.12930    33.3226    33.3142     4.7371     4.7418    26.3748    26.3676    6.77029    6.67667         18 0.0000e+00
      16003    666.739     78.000     4.7500   3.182245     4.7517   3.181793      27.56     0.0336     3.0512     2.6625  32.871796  4.7392554   43.70950  -59.12930    33.3220    33.3150     4.7442     4.7460    26.3735    26.3677    6.75662    6.66274         18 0.0000e+00
      16022    667.549     79.000     4.7500   3.182466     4.7538   3.182180      97.55     0.0372     3.0496     2.6586  32.877037  4.7736459   43.70950  -59.12930    33.3237    33.3168     4.7445     4.7480    26.3748    26.3690    6.75325    6.66484         22 0.0000e+00
      16047    668.564     80.000     4.7412   3.181831     4.7495   3.182124      98.62     0.0349     3.0481     2.6575  32.872002  4.7866969   43.70950  -59.12930    33.3249    33.3199     4.7354     4.7437    26.3767    26.3719    6.75488    6.68887         28 0.0000e+00
      16077    669.841     81.000     4.7668   3.184836     4.7719   3.185621      55.18     0.0323     3.0456     2.6566  32.855156  4.9155974   43.70950  -59.12930    33.3336    33.3375     4.7609     4.7660    26.3809    26.3834    6.74287    6.65552         31 0.0000e+00
      16106    671.027     82.000     4.8343   3.192379     4.8656   3.195824      99.61     0.0335     3.0444     2.6504  32.857185  4.9708800   43.70950  -59.12930    33.3526    33.3611     4.8283     4.8596    26.3885    26.3918    6.73661    6.62479         25 0.0000e+00
      16129    671.993     83.000     4.9319   3.202935     4.9617   3.205530      88.05     0.0293     3.0434     2.6505  32.857143  5.0524187   43.70950  -59.12930    33.3763    33.3763     4.9257     4.9556    26.3965    26.3932    6.70857    6.67744         22 0.0000e+00
      16151    672.897     84.000     5.0091   3.210906     5.0143   3.210773      47.52     0.0332     3.0417     2.6576  32.853146  5.0846095   43.70950  -59.12931    33.3903    33.3836     5.0028     5.0080    26.3990    26.3931    6.70357    6.71954         22 0.0000e+00
      16174    673.856     85.000     5.0619   3.216461     5.0512   3.214846      98.70     0.0354     3.0419     2.6644  32.833305  5.1743264   43.70950  -59.12932    33.4008    33.3930     5.0555     5.0448    26.4013    26.3964    6.69322    6.68089         24 0.0000e+00
      16199    674.906     86.000     5.1258   3.223689     5.1095   3.221417      89.61     0.0365     3.0405     2.6617  32.817535  5.2318192   43.70950  -59.12932    33.4195    33.4097     5.1193     5.1030    26.4089    26.4030    6.66073    6.58784         26 0.0000e+00
      16224    675.941     87.000     5.2119   3.233129     5.2097   3.232209      51.19     0.0355     3.0352     2.6533  32.799694  5.3643193   43.70950  -59.12932    33.4412    33.4329     5.2052     5.2030    26.4163    26.4099    6.60015    6.52774         24 0.0000e+00
      16246    676.883     88.000     5.3103   3.243826     5.3016   3.241573      97.99     0.0356     3.0284     2.6467  32.782120  5.4488544   43.70949  -59.12932    33.4648    33.4478     5.3035     5.2948    26.4236    26.4111    6.56091    6.52781         22 0.0000e+00
      16269    677.820     89.000     5.4075   3.254340     5.3788   3.250052      98.23     0.0376     3.0220     2.6466  32.743053  5.6823196   43.70948  -59.12932    33.4873    33.4670     5.4006     5.3719    26.4301    26.4173    6.54558    6.56701         23 0.0000e+00
      16294    678.869     90.000     5.5281   3.267723     5.4819   3.262269      48.06     0.0384     3.0190     2.6522  32.743717  5.7462897   43.70948  -59.12932    33.5190    33.5030     5.5209     5.4748    26.4409    26.4337    6.55198    6.59248         27 0.0000e+00
      16322    680.042     91.000     5.7453   3.292145     5.7444   3.292411      99.56     0.0368     3.0182     2.6572  32.746784  5.8947334   43.70948  -59.12933    33.5791    33.5830     5.7379     5.7370    26.4624    26.4655    6.51449    6.51230         28 0.0000e+00
      16347    681.082     92.000     5.9165   3.311030     5.9456   3.312896      80.01     0.0343     3.0162     2.6521  32.722839  5.9460444   43.70948  -59.12934    33.6216    33.6137     5.9089     5.9380    26.4749    26.4651    6.45875    6.39832         22 0.0000e+00
      16367    681.936     93.000     6.0264   3.322690     6.0208   3.320031      49.01     0.0343     3.0112     2.6420  32.696026  6.0084243   43.70948  -59.12934    33.6431    33.6188     6.0186     6.0131    26.4783    26.4598    6.41567    6.30610         20 0.0000e+00
      16387    682.736     94.000     6.0742   3.327479     6.0550   3.323747      97.76     0.0368     3.0071     2.6292  32.696732  6.0216799   43.70948  -59.12934    33.6489    33.6261     6.0663     6.0471    26.4769    26.4613    6.39787    6.28562         19 0.0000e+00
      16408    683.635     95.000     6.1155   3.331807     6.0800   3.326955      98.62     0.0346     3.0018     2.6248  32.703823  6.2889800   43.70948  -59.12934    33.6560    33.6368     6.1076     6.0720    26.4773    26.4667    6.39860    6.36989         24 0.0000e+00
      16438    684.871     96.000     6.2377   3.345477     6.2016   3.342786      58.47     0.0324     3.0022     2.6358  32.698917  6.3446851   43.70948  -59.12934    33.6873    33.6930     6.2296     6.1934    26.4866    26.4957    6.43432    6.47454         35 0.0000e+00
      16471    686.260     97.000     6.4647   3.370186     6.4774   3.373000     100.19     0.0295     3.0118     2.6538  32.700058  6.4514408   43.70947  -59.12934    33.7377    33.7565     6.4563     6.4689    26.4971    26.5103    6.45589    6.43991         29 0.0000e+00
      16495    687.249     98.000     6.5604   3.380242     6.5751   3.381453      64.97     0.0321     3.0167     2.6531  32.661526  6.5517168   43.70946  -59.12936    33.7543    33.7532     6.5518     6.5665    26.4977    26.4950    6.39717    6.30688         20 0.0000e+00
      16514    688.028     99.000     6.6062   3.385151     6.6127   3.384347      56.11     0.0323     3.0145     2.6426  32.648640  6.6070762   43.70946  -59.12936    33.7630    33.7477     6.5975     6.6040    26.4986    26.4857    6.32791    6.20088         18 0.0000e+00
      16531    688.767    100.000     6.6401   3.388836     6.6327   3.386423      98.40     0.0327     3.0066     2.6284  32.639851  6.6222210   43.70946  -59.12936    33.7698    33.7505     6.6313     6.6239    26.4995    26.4852    6.26383    6.15524         18 0.0000e+00
      16551    689.582    101.000     6.6797   3.393143     6.6540   3.388972      98.63     0.0303     2.9955     2.6179  32.507778  6.9289951   43.70946  -59.12936    33.7780    33.7572     6.6707     6.6450    26.5007    26.4877    6.22308    6.17498         22 0.0000e+00
      16576    690.627    102.000     6.7750   3.404194     6.7120   3.396914      50.92     0.0284     2.9840     2.6144  32.495235  7.0305324   43.70946  -59.12936    33.8055    33.7873     6.7659     6.7029    26.5097    26.5037    6.21137    6.22488         29 0.0000e+00
      16609    691.989    103.000     7.1189   3.444718     7.1610   3.454654      98.99     0.0297     2.9753     2.6176  32.446522  7.6632218   43.70946  -59.12936    33.9115    33.9784     7.1094     7.1514    26.5463    26.5931    6.17121    6.18633         34 0.0000e+00
      16639    693.246    104.000     7.6786   3.509828     7.7724   3.522946      62.51     0.0281     2.9717     2.6163  32.434895  7.8466525   43.70946  -59.12936    34.0697    34.1194     7.6686     7.7623    26.5919    26.6174    6.09480    6.03606         26 0.0000e+00
      16661    694.185    105.000     7.9569   3.540839     8.0196   3.546731      72.33     0.0273     2.9691     2.6059  32.424206  7.9618416   43.70946  -59.12938    34.1310    34.1330     7.9465     8.0091    26.5995    26.5918    6.03382    5.91147         20 0.0000e+00
      16681    694.986    106.000     8.0944   3.555887     8.1019   3.554051      98.17     0.0268     2.9643     2.5941  32.453316  8.0126734   43.70946  -59.12938    34.1575    34.1305     8.0838     8.0913    26.6000    26.5777    5.98962    5.86888         19 0.0000e+00
      16700    695.784    107.000     8.1743   3.564615     8.1415   3.558258      98.63     0.0313     2.9589     2.5867  32.481052  8.0987120   43.70946  -59.12938    34.1724    34.1364     8.1635     8.1308    26.5997    26.5764    5.96966    5.89424         20 0.0000e+00
      16722    696.728    108.000     8.2696   3.575657     8.1981   3.566087      41.34     0.0299     2.9542     2.5884  32.470600  8.1485939   43.70946  -59.12938    34.1967    34.1644     8.2587     8.1872    26.6045    26.5899    5.95944    5.94597         25 0.0000e+00
      16753    697.990    109.000     8.4254   3.593425     8.3745   3.589249      99.13     0.0296     2.9522     2.5966  32.431034  8.4137583   43.70946  -59.12938    34.2335    34.2387     8.4142     8.3633    26.6096    26.6215    5.97454    5.96172         34 0.0000e+00
      16784    699.286    110.000     8.5837   3.611512     8.6190   3.617255      60.69     0.0290     2.9585     2.6020  32.449955  8.5242443   43.70944  -59.12938    34.2708    34.2972     8.5722     8.6075    26.6146    26.6298    5.99794    5.89716         26 0.0000e+00
      16806    700.213    111.000     8.7344   3.629266     8.7687   3.631987      72.04     0.0264     2.9637     2.5963  32.461872  8.5891151   43.70944  -59.12938    34.3114    34.3068     8.7227     8.7570    26.6230    26.6140    5.95892    5.79876         20 0.0000e+00
      16824    700.966    112.000     8.8223   3.638998     8.8238   3.636832      98.90     0.0240     2.9626     2.5857  32.463280  8.6070318   43.70944  -59.12938    34.3281    34.3039     8.8105     8.8119    26.6224    26.6032    5.90274    5.74943         17 0.0000e+00
      16842    701.693    113.000     8.8604   3.642872     8.8451   3.639145      98.63     0.0247     2.9569     2.5790  32.467266  8.6560335   43.70944  -59.12939    34.3315    34.3071     8.8484     8.8331    26.6190    26.6023    5.86286    5.77252         18 0.0000e+00
      16862    702.527    114.000     8.8885   3.646034     8.8628   3.641778      35.90     0.0252     2.9502     2.5790  32.462261  8.6556778   43.70944  -59.12940    34.3370    34.3172     8.8763     8.8507    26.6189    26.6074    5.84782    5.82020         23 0.0000e+00
      16890    703.719    115.000     8.9314   3.650828     8.9080   3.648866      96.25     0.0250     2.9463     2.5865  32.298367  9.1120577   43.70944  -59.12940    34.3452    34.3473     8.9192     8.8958    26.6186    26.6239    5.88517    5.84912         35 0.0000e+00
      16925    705.148    116.000     9.1461   3.676732     9.2161   3.689012      70.27     0.0282     2.9494     2.5851  32.285839  9.3569088   43.70944  -59.12940    34.4079    34.4683     9.1335     9.2034    26.6334    26.6693    5.85896    5.70874         29 0.0000e+00
      16948    706.137    117.000     9.4777   3.716813     9.5672   3.727204      64.07     0.0258     2.9464     2.5677  32.287823  9.5566349   43.70944  -59.12940    34.5040    34.5253     9.4648     9.5541    26.6546    26.6565    5.77394    5.57125         21 0.0000e+00
      16967    706.929    118.000     9.6831   3.741166     9.7143   3.741551      98.25     0.0249     2.9410     2.5545  32.276077  9.6225004   43.70944  -59.12940    34.5574    34.5313     9.6698     9.7010    26.6624    26.6368    5.71828    5.55640         18 0.0000e+00
      16987    707.738    119.000     9.7938   3.753519     9.7767   3.749050      98.63     0.0244     2.9335     2.5516  32.230576  9.7996302   43.70944  -59.12940    34.5775    34.5481     9.7803     9.7632    26.6596    26.6395    5.68467    5.60020         21 0.0000e+00
      17011    708.744    120.000     9.8534   3.759941     9.8242   3.756073      45.66     0.0280     2.9263     2.5559  32.214451  9.8971033   43.70944  -59.12941    34.5858    34.5741     9.8397     9.8105    26.6561    26.6519    5.67703    5.63963         28 0.0000e+00
      17042    710.042    121.000    10.0365   3.783005    10.0553   3.789225      99.56     0.0278     2.9205     2.5621  32.167709  10.275015   43.70944  -59.12942    34.6456    34.6909    10.0225    10.0413    26.6717    26.7038    5.64666    5.60036         32 0.0000e+00
      17070    711.205    122.000    10.4112   3.829498    10.4704   3.838085      64.80     0.0277     2.9127     2.5564  32.133785  10.516156   43.70944  -59.12942    34.7594    34.7897    10.3968    10.4559    26.6959    26.7092    5.55784    5.46480         24 0.0000e+00
      17091    712.096    123.000    10.6045   3.852642    10.6567   3.857134      59.69     0.0312     2.9038     2.5436  32.113453  10.689913   43.70942  -59.12942    34.8081    34.8036    10.5898    10.6419    26.7000    26.6872    5.50426    5.37201         19 0.0000e+00
      17110    712.873    124.000    10.7544   3.870685    10.7539   3.866891      99.60     0.0284     2.8954     2.5298  32.128986  10.722467   43.70942  -59.12942    34.8463    34.8087    10.7394    10.7389    26.7032    26.6739    5.46499    5.30213         18 0.0000e+00
