data/CTD/2014/CNV/d017a018.cnv
* Sea-Bird SBE 9 Data File:
* FileName = C:\CTD_ACQUISITION\2014017HUD\ctddata\017A018.hdr
* Software Version Seasave V 7.22.2
* Temperature SN = 5081
* Conductivity SN = 3561
* Number of Bytes Per Scan = 37
* Number of Voltage Words = 4
* Number of Scans Averaged by the Deck Unit = 1
* NMEA Latitude = 52 56.12 N
* NMEA Longitude = 051 12.28 W
* NMEA UTC (Time) = Jul 04 2014 19:19:31
* NMEA baud rate = 9600
** Ship: Hudson
** Cruise: HUD2014017
** Chief_Scientist: Blair Greenan
** Organization: BIO
** Area_of_Operation: Sackville Spur
** Station: 018
** Sounding:  2361
** Event_Comments: K8 403079
# nquan = 25
# nvalues = 251                         
# units = specified
# name 0 = scan: Scan Count
# name 1 = timeS: Time, Elapsed [seconds]
# name 2 = prDM: Pressure, Digiquartz [db]
# name 3 = t068C: Temperature [ITS-68, deg C]
# name 4 = c0S/m: Conductivity [S/m]
# name 5 = t168C: Temperature, 2 [ITS-68, deg C]
# name 6 = c1S/m: Conductivity, 2 [S/m]
# name 7 = altM: Altimeter [m]
# name 8 = flC: Fluorescence, Chelsea Aqua 3 Chl Con [ug/l]
# name 9 = sbeox0V: Oxygen raw, SBE 43 [V]
# name 10 = sbeox1V: Oxygen raw, SBE 43, 2 [V]
# name 11 = upoly0: Upoly 0, Optode 4330F - O2 D-Phase
# name 12 = upoly1: Upoly 1, Optode 4330F - O2 Temp
# name 13 = latitude: Latitude [deg]
# name 14 = longitude: Longitude [deg]
# name 15 = sal00: Salinity, Practical [PSU]
# name 16 = sal11: Salinity, Practical, 2 [PSU]
# name 17 = potemp068C: Potential Temperature [ITS-68, deg C]
# name 18 = potemp168C: Potential Temperature, 2 [ITS-68, deg C]
# name 19 = sigma-é00: Density [sigma-theta, Kg/m^3]
# name 20 = sigma-é11: Density, 2 [sigma-theta, Kg/m^3]
# name 21 = sbeox0ML/L: Oxygen, SBE 43 [ml/l], WS = 2
# name 22 = sbeox1ML/L: Oxygen, SBE 43, 2 [ml/l], WS = 2
# name 23 = nbin: number of scans per bin
# name 24 = flag: flag
# span 0 =       8621,      16073       
# span 1 =    359.149,    669.654       
# span 2 =      2.000,    252.000       
# span 3 =     3.4525,     8.1381       
# span 4 =   3.193412,   3.559716       
# span 5 =     3.4523,     8.1376       
# span 6 =   3.193438,   3.559733       
# span 7 =      -0.59,     100.90       
# span 8 =     0.0099,     0.3272       
# span 9 =     2.9654,     3.4852       
# span 10 =     2.6162,     3.0493      
# span 11 =  29.999857,  33.174763      
# span 12 =  3.4533780,  8.1475925      
# span 13 =   52.93488,   52.93538      
# span 14 =  -51.20264,  -51.20240      
# span 15 =    34.1914,    34.8326      
# span 16 =    34.1846,    34.8330      
# span 17 =     3.4408,     8.1377      
# span 18 =     3.4405,     8.1372      
# span 19 =    26.6288,    27.7053      
# span 20 =    26.6295,    27.7056      
# span 21 =    6.83136,    7.47551      
# span 22 =    6.85347,    7.49100      
# span 23 =         11,         87      
# span 24 = 0.0000e+00, 0.0000e+00      
# interval = decibars: 1                
# start_time = Jul 04 2014 19:19:31 [NMEA time, header]
# bad_flag = -9.990e-29
*END*
[from data line 232]
      15601    650.009    234.000     3.4926   3.206210     3.4924   3.206228      35.95     0.0134     2.9761     2.6212  33.120880  3.4886093   52.93536  -51.20256    34.8261    34.8266     3.4771     3.4769    27.7010    27.7013    6.84567    6.85579         22 0.0000e+00
      15621    650.836    235.000     3.4933   3.206375     3.4930   3.206382      98.86     0.0150     2.9758     2.6202  33.120880  3.4884005   52.93536  -51.20256    34.8269    34.8273     3.4777     3.4774    27.7015    27.7018    6.85034    6.85472         19 0.0000e+00
      15639    651.595    236.000     3.4936   3.206480     3.4933   3.206480      80.25     0.0146     2.9750     2.6193  33.132950  3.4884005   52.93536  -51.20256    34.8273    34.8276     3.4779     3.4777    27.7018    27.7021    6.84582    6.85954         18 0.0000e+00
      15658    652.357    237.000     3.4940   3.206585     3.4937   3.206588      92.95     0.0151     2.9746     2.6195  33.134720  3.4894042   52.93536  -51.20256    34.8275    34.8279     3.4783     3.4780    27.7020    27.7023    6.84767    6.86936         19 0.0000e+00
      15678    653.188    238.000     3.4943   3.206677     3.4940   3.206699      93.34     0.0156     2.9742     2.6197  33.134834  3.4884255   52.93536  -51.20256    34.8278    34.8283     3.4785     3.4782    27.7022    27.7026    6.84506    6.86623         21 0.0000e+00
      15700    654.129    239.000     3.4949   3.206819     3.4946   3.206830      94.84     0.0173     2.9728     2.6193  33.133617  3.4875476   52.93536  -51.20256    34.8283    34.8288     3.4790     3.4787    27.7025    27.7029    6.83724    6.86365         23 0.0000e+00
      15723    655.088    240.000     3.4955   3.206949     3.4951   3.206961      82.53     0.0184     2.9719     2.6190  33.138317  3.4879673   52.93536  -51.20256    34.8287    34.8292     3.4795     3.4792    27.7028    27.7032    6.84317    6.85970         22 0.0000e+00
      15744    655.971    241.000     3.4964   3.207142     3.4964   3.207182      98.86     0.0162     2.9715     2.6180  33.150349  3.4884067   52.93536  -51.20256    34.8294    34.8300     3.4804     3.4803    27.7033    27.7037    6.84061    6.85419         21 0.0000e+00
      15766    656.856    242.000     3.4970   3.207257     3.4970   3.207307      98.65     0.0138     2.9706     2.6173  33.148937  3.4879844   52.93536  -51.20256    34.8297    34.8303     3.4809     3.4809    27.7034    27.7039    6.83512    6.85347         23 0.0000e+00
      15793    658.007    243.000     3.4975   3.207370     3.4973   3.207386      86.70     0.0179     2.9695     2.6163  33.150105  3.4891579   52.93536  -51.20256    34.8300    34.8304     3.4814     3.4812    27.7036    27.7039    6.83937    6.85425         35 0.0000e+00
      15834    659.709    244.000     3.4988   3.207588     3.4986   3.207608      99.53     0.0156     2.9697     2.6162  33.150185  3.4888923   52.93536  -51.20256    34.8307    34.8311     3.4825     3.4824    27.7041    27.7044    6.84842    6.86594         38 0.0000e+00
      15862    660.859    245.000     3.5003   3.207841     3.5001   3.207880      61.88     0.0113     2.9694     2.6172  33.150185  3.4893951   52.93537  -51.20256    34.8316    34.8322     3.4840     3.4838    27.7046    27.7051    6.83987    6.87707         20 0.0000e+00
      15879    661.584    246.000     3.5016   3.208072     3.5015   3.208093      99.67     0.0130     2.9691     2.6182  33.150185  3.4915113   52.93538  -51.20256    34.8324    34.8328     3.4852     3.4851    27.7052    27.7055    6.84465    6.87587         16 0.0000e+00
      15894    662.210    247.000     3.5021   3.208173     3.5020   3.208210      98.64     0.0161     2.9691     2.6182  33.150185  3.4916570   52.93538  -51.20256    34.8326    34.8330     3.4856     3.4856    27.7053    27.7056    6.84411    6.86954         15 0.0000e+00
      15910    662.867    248.000     3.5019   3.208207     3.5016   3.208195      98.65     0.0143     2.9690     2.6181  33.150185  3.4901428   52.93538  -51.20257    34.8325    34.8327     3.4854     3.4851    27.7053    27.7055    6.83661    6.86800         17 0.0000e+00
      15935    663.925    249.000     3.5015   3.208190     3.5012   3.208175      88.27     0.0152     2.9678     2.6180  33.153748  3.4905434   52.93538  -51.20258    34.8322    34.8324     3.4850     3.4846    27.7051    27.7052    6.83817    6.87047         40 0.0000e+00
      15991    666.234    250.000     3.5015   3.208219     3.5012   3.208217      93.02     0.0144     2.9663     2.6181  33.163906  3.4901643   52.93538  -51.20258    34.8321    34.8324     3.4848     3.4846    27.7050    27.7052    6.83136    6.87233         48 0.0000e+00
      16020    667.477    251.000     3.5016   3.208277     3.5013   3.208280      92.94     0.0099     2.9654     2.6181  33.174763  3.4960639   52.93538  -51.20258    34.8322    34.8325     3.4848     3.4846    27.7050    27.7053    6.83812    6.87254         29 0.0000e+00
      16073    669.654    252.000     3.5024   3.208408     3.5021   3.208402      76.41     0.0135     2.9659     2.6179  33.171371  3.4980083   52.93538  -51.20258    34.8323    34.8326     3.4856     3.4853    27.7050    27.7053    6.84339    6.87205         80 0.0000e+00
