data/CTD/2014/CNV/d017a021.cnv
* Sea-Bird SBE 9 Data File:
* FileName = C:\CTD_ACQUISITION\2014017HUD\ctddata\017A021.hdr
* Software Version Seasave V 7.22.2
* Temperature SN = 5081
* Conductivity SN = 3561
* Number of Bytes Per Scan = 37
* Number of Voltage Words = 4
* Number of Scans Averaged by the Deck Unit = 1
* NMEA Latitude = 53 13.81 N
* NMEA Longitude = 050 28.39 W
* NMEA UTC (Time) = Jul 05 2014 02:20:47
* NMEA baud rate = 9600
** Ship: Hudson
** Cruise: HUD2014017
** Chief_Scientist: Blair Greenan
** Organization: BIO
** Area_of_Operation: Sackville Spur
** Station: 021
** Sounding:  3191
** Event_Comments: DSOW2, 403108
# nquan = 25
# nvalues = 3334                        
# units = specified
# name 0 = scan: Scan Count
# name 1 = timeS: Time, Elapsed [seconds]
# name 2 = prDM: Pressure, Digiquartz [db]
# name 3 = t068C: Temperature [ITS-68, deg C]
# name 4 = c0S/m: Conductivity [S/m]
# name 5 = t168C: Temperature, 2 [ITS-68, deg C]
# name 6 = c1S/m: Conductivity, 2 [S/m]
# name 7 = altM: Altimeter [m]
# name 8 = flC: Fluorescence, Chelsea Aqua 3 Chl Con [ug/l]
# name 9 = sbeox0V: Oxygen raw, SBE 43 [V]
# name 10 = sbeox1V: Oxygen raw, SBE 43, 2 [V]
# name 11 = upoly0: Upoly 0, Optode 4330F - O2 D-Phase
# name 12 = upoly1: Upoly 1, Optode 4330F - O2 Temp
# name 13 = latitude: Latitude [deg]
# name 14 = longitude: Longitude [deg]
# name 15 = sal00: Salinity, Practical [PSU]
# name 16 = sal11: Salinity, Practical, 2 [PSU]
# name 17 = potemp068C: Potential Temperature [ITS-68, deg C]
# name 18 = potemp168C: Potential Temperature, 2 [ITS-68, deg C]
# name 19 = sigma-é00: Density [sigma-theta, Kg/m^3]
# name 20 = sigma-é11: Density, 2 [sigma-theta, Kg/m^3]
# name 21 = sbeox0ML/L: Oxygen, SBE 43 [ml/l], WS = 2
# name 22 = sbeox1ML/L: Oxygen, SBE 43, 2 [ml/l], WS = 2
# name 23 = nbin: number of scans per bin
# name 24 = flag: flag
# span 0 =       5149,      87304       
# span 1 =    214.497,   3637.614       
# span 2 =      1.000,   3334.000       
# span 3 =     1.7911,     9.1923       
# span 4 =   3.182966,   3.687033       
# span 5 =     1.7900,     9.1921       
# span 6 =   3.182881,   3.686871       
# span 7 =       2.74,     107.33       
# span 8 =     0.0056,     0.5448       
# span 9 =     2.0665,     3.4908       
# span 10 =     1.8311,     3.0481      
# span 11 =  29.882446,  35.743607      
# span 12 =  1.7784365,  9.2221785      
# span 13 =   53.23092,   53.23268      
# span 14 =  -50.47242,  -50.46872      
# span 15 =    34.5044,    34.9164      
# span 16 =    34.5026,    34.9159      
# span 17 =     1.5453,     9.1915      
# span 18 =     1.5440,     9.1912      
# span 19 =    26.7009,    27.9215      
# span 20 =    26.6986,    27.9219      
# span 21 =    6.24061,    7.24045      
# span 22 =    6.21505,    7.25243      
# span 23 =         11,         90      
# span 24 = 0.0000e+00, 0.0000e+00      
# interval = decibars: 1                
# start_time = Jul 05 2014 02:20:47 [NMEA time, header]
# bad_flag = -9.990e-29
*END*
[from data line 2725]
      72144   3005.947   2726.000     2.6964   3.247275     2.6955   3.247178      65.46     0.0112     2.1384     1.8920  35.728416  2.6874151   53.23192  -50.47090    34.9142    34.9140     2.4800     2.4791    27.8632    27.8630    6.39247    6.33525         24 0.0000e+00
      72168   3006.977   2727.000     2.6967   3.247343     2.6958   3.247249      98.58     0.0072     2.1372     1.8917  35.728939  2.6892979   53.23192  -50.47089    34.9142    34.9140     2.4802     2.4853    27.8632    27.8631    6.38276    6.33406         26 0.0000e+00
      72196   3008.124   2728.000     2.6967   3.247381     2.6959   3.247289      98.63     0.0101     2.1374     1.8916  35.728939  2.6891081   53.23192  -50.47088    34.9142    34.9140     2.4801     2.4793    27.8632    27.8630    6.39713    6.34371         29 0.0000e+00
      72223   3009.268   2729.000     2.6965   3.247404     2.6958   3.247319      98.63     0.0145     2.1370     1.8917  35.727154  2.6877940   53.23192  -50.47090    34.9142    34.9140     2.4798     2.4791    27.8632    27.8631    6.38284    6.34487         25 0.0000e+00
      72245   3010.186   2730.000     2.6966   3.247451     2.6958   3.247366      98.56     0.0213     2.1365     1.8917  35.725040  2.6889904   53.23192  -50.47090    34.9142    34.9141     2.4798     2.4790    27.8632    27.8631    6.39819    6.33509         19 0.0000e+00
      72264   3010.941   2731.000     2.6968   3.247504     2.6959   3.247418      98.56     0.0224     2.1370     1.8911  35.727322  2.6879611   53.23190  -50.47089    34.9142    34.9141     2.4799     2.4790    27.8632    27.8632    6.39471    6.33105         18 0.0000e+00
      72280   3011.641   2732.000     2.6971   3.247571     2.6963   3.247496      98.59     0.0181     2.1364     1.8910  35.728928  2.6892457   53.23190  -50.47088    34.9142    34.9142     2.4801     2.4889    27.8632    27.8632    6.39312    6.33662         16 0.0000e+00
      72297   3012.347   2733.000     2.6977   3.247662     2.6968   3.247581      98.63     0.0152     2.1368     1.8908  35.728939  2.6885169   53.23190  -50.47088    34.9142    34.9142     2.4806     2.4798    27.8631    27.8632    6.39679    6.34146         18 0.0000e+00
      72316   3013.135   2734.000     2.6978   3.247704     2.6969   3.247614      80.53     0.0150     2.1362     1.8909  35.728939  2.6883600   53.23190  -50.47088    34.9142    34.9141     2.4806     2.4797    27.8631    27.8631    6.39102    6.33831         21 0.0000e+00
      72340   3014.146   2735.000     2.6970   3.247670     2.6966   3.247623      61.52     0.0168     2.1363     1.8904  35.728939  2.6881311   53.23191  -50.47088    34.9142    34.9140     2.4798     2.4793    27.8632    27.8631    6.39582    6.33340         28 0.0000e+00
      72372   3015.466   2736.000     2.6970   3.247711     2.6963   3.247634      99.27     0.0179     2.1357     1.8902  35.728939  2.6870956   53.23192  -50.47088    34.9142    34.9140     2.4796     2.4789    27.8632    27.8631    6.39360    6.33807         32 0.0000e+00
      72400   3016.619   2737.000     2.6975   3.247799     2.6968   3.247724      90.59     0.0149     2.1358     1.8899  35.728939  2.6878400   53.23192  -50.47088    34.9142    34.9141     2.4800     2.4793    27.8632    27.8631    6.39771    6.34152         24 0.0000e+00
      72422   3017.554   2738.000     2.6973   3.247813     2.6964   3.247725      98.22     0.0148     2.1358     1.8902  35.728939  2.6878674   53.23192  -50.47088    34.9142    34.9141     2.4797     2.4788    27.8632    27.8632    6.40095    6.34792         22 0.0000e+00
      72445   3018.519   2739.000     2.6941   3.247558     2.6930   3.247443      98.30     0.0171     2.1359     1.8902  35.728939  2.6878157   53.23192  -50.47088    34.9141    34.9138     2.4764     2.4754    27.8634    27.8632    6.40307    6.34251         25 0.0000e+00
      72473   3019.665   2740.000     2.6925   3.247453     2.6916   3.247345      98.22     0.0176     2.1358     1.8900  35.728939  2.6887698   53.23192  -50.47088    34.9140    34.9137     2.4748     2.4739    27.8634    27.8633    6.39961    6.34276         29 0.0000e+00
      72501   3020.823   2741.000     2.6916   3.247406     2.6908   3.247315      98.20     0.0151     2.1355     1.8898  35.728939  2.6881697   53.23192  -50.47088    34.9139    34.9137     2.4738     2.4730    27.8635    27.8634    6.39085    6.34118         26 0.0000e+00
      72524   3021.794   2742.000     2.6884   3.247153     2.6875   3.247042      98.23     0.0100     2.1349     1.8897  35.728939  2.6892872   53.23191  -50.47088    34.9138    34.9135     2.4706     2.4697    27.8637    27.8635    6.39985    6.34140         21 0.0000e+00
      72545   3022.668   2743.000     2.6865   3.247012     2.6857   3.246929      98.21     0.0117     2.1355     1.8896  35.729637  2.6888185   53.23190  -50.47088    34.9137    34.9135     2.4686     2.4679    27.8637    27.8637    6.40665    6.34646         21 0.0000e+00
      72566   3023.555   2744.000     2.6858   3.246980     2.6848   3.246887      98.17     0.0150     2.1351     1.8896  35.736866  2.6874361   53.23190  -50.47088    34.9136    34.9135     2.4678     2.4669    27.8638    27.8637    6.39390    6.34302         22 0.0000e+00
      72589   3024.509   2745.000     2.6849   3.246939     2.6839   3.246840      98.10     0.0147     2.1346     1.8892  35.736275  2.6850131   53.23190  -50.47088    34.9136    34.9135     2.4668     2.4659    27.8638    27.8638    6.39747    6.34384         24 0.0000e+00
      72613   3025.490   2746.000     2.6834   3.246842     2.6825   3.246749      98.15     0.0102     2.1348     1.8892  35.729649  2.6777337   53.23192  -50.47088    34.9136    34.9134     2.4652     2.4644    27.8640    27.8639    6.40490    6.34346         23 0.0000e+00
      72635   3026.407   2747.000     2.6818   3.246736     2.6805   3.246594      98.63     0.0109     2.1346     1.8890  35.729637  2.6776557   53.23192  -50.47088    34.9135    34.9132     2.4637     2.4623    27.8640    27.8639    6.40532    6.34647         21 0.0000e+00
      72655   3027.268   2748.000     2.6790   3.246519     2.6777   3.246381      97.86     0.0136     2.1346     1.8890  35.729671  2.6776557   53.23192  -50.47086    34.9134    34.9131     2.4608     2.4595    27.8642    27.8641    6.40456    6.34754         20 0.0000e+00
      72676   3028.123   2749.000     2.6759   3.246270     2.6750   3.246177      97.86     0.0144     2.1345     1.8888  35.729637  2.6776557   53.23192  -50.47086    34.9133    34.9131     2.4576     2.4568    27.8643    27.8642    6.40677    6.34707         21 0.0000e+00
      72698   3029.022   2750.000     2.6736   3.246093     2.6725   3.245982      98.64     0.0155     2.1347     1.8889  35.728939  2.6758769   53.23192  -50.47086    34.9131    34.9129     2.4553     2.4542    27.8644    27.8644    6.41229    6.35216         22 0.0000e+00
      72721   3030.009   2751.000     2.6722   3.246003     2.6712   3.245899      92.94     0.0136     2.1349     1.8888  35.730053  2.6746647   53.23190  -50.47086    34.9131    34.9128     2.4538     2.4529    27.8645    27.8644    6.42409    6.35293         26 0.0000e+00
      72748   3031.145   2752.000     2.6698   3.245811     2.6689   3.245710      73.89     0.0172     2.1354     1.8889  35.729454  2.6706581   53.23190  -50.47086    34.9128    34.9125     2.4513     2.4505    27.8645    27.8644    6.41617    6.36398         29 0.0000e+00
      72781   3032.497   2753.000     2.6662   3.245497     2.6653   3.245402      97.93     0.0182     2.1353     1.8896  35.731991  2.6678503   53.23192  -50.47086    34.9124    34.9122     2.4477     2.4515    27.8645    27.8644    6.41854    6.36818         34 0.0000e+00
      72811   3033.764   2754.000     2.6648   3.245404     2.6641   3.245320      96.86     0.0138     2.1355     1.8901  35.743336  2.6678877   53.23192  -50.47086    34.9123    34.9120     2.4463     2.4455    27.8645    27.8644    6.41138    6.36842         26 0.0000e+00
      72834   3034.691   2755.000     2.6639   3.245354     2.6629   3.245249      98.64     0.0070     2.1350     1.8900  35.736977  2.6664171   53.23191  -50.47086    34.9122    34.9120     2.4453     2.4521    27.8645    27.8644    6.41184    6.36497         20 0.0000e+00
      72852   3035.478   2756.000     2.6638   3.245380     2.6627   3.245279      98.64     0.0081     2.1349     1.8902  35.728951  2.6624675   53.23190  -50.47086    34.9122    34.9121     2.4451     2.4440    27.8645    27.8646    6.42732    6.36538         18 0.0000e+00
      72871   3036.255   2757.000     2.6640   3.245434     2.6630   3.245341      94.18     0.0119     2.1356     1.8901  35.728939  2.6634719   53.23190  -50.47086    34.9121    34.9120     2.4452     2.4442    27.8645    27.8645    6.42884    6.36674         20 0.0000e+00
      72893   3037.152   2758.000     2.6636   3.245429     2.6627   3.245340      98.46     0.0126     2.1357     1.8902  35.728939  2.6598914   53.23190  -50.47086    34.9121    34.9119     2.4447     2.4438    27.8645    27.8645    6.42779    6.37146         24 0.0000e+00
      72920   3038.307   2759.000     2.6633   3.245441     2.6625   3.245355      48.08     0.0134     2.1359     1.8905  35.728939  2.6581275   53.23190  -50.47084    34.9121    34.9119     2.4443     2.4435    27.8645    27.8645    6.43089    6.37226         30 0.0000e+00
      72949   3039.512   2760.000     2.6629   3.245450     2.6621   3.245359      96.83     0.0143     2.1362     1.8905  35.725258  2.6581197   53.23190  -50.47084    34.9121    34.9119     2.4438     2.4430    27.8646    27.8645    6.42360    6.36888         25 0.0000e+00
      72971   3040.402   2761.000     2.6617   3.245367     2.6608   3.245268      98.75     0.0147     2.1360     1.8904  35.725868  2.6581197   53.23190  -50.47084    34.9119    34.9117     2.4426     2.4416    27.8645    27.8645    6.41961    6.36720         19 0.0000e+00
      72988   3041.132   2762.000     2.6584   3.245083     2.6573   3.244966      94.56     0.0157     2.1357     1.8902  35.728096  2.6581197   53.23190  -50.47084    34.9116    34.9114     2.4392     2.4381    27.8645    27.8645    6.42546    6.36883         17 0.0000e+00
      73005   3041.816   2763.000     2.6556   3.244862     2.6546   3.244740      84.93     0.0163     2.1360     1.8904  35.728943  2.6581197   53.23190  -50.47084    34.9114    34.9110     2.4364     2.4353    27.8646    27.8645    6.42880    6.37361         16 0.0000e+00
      73022   3042.539   2764.000     2.6558   3.244921     2.6542   3.244759      94.91     0.0147     2.1358     1.8902  35.728939  2.6581197   53.23190  -50.47084    34.9114    34.9112     2.4365     2.4349    27.8647    27.8646    6.42507    6.37378         19 0.0000e+00
      73044   3043.452   2765.000     2.6566   3.245038     2.6558   3.244958      98.45     0.0172     2.1358     1.8904  35.713985  2.6522765   53.23190  -50.47084    34.9116    34.9114     2.4371     2.4363    27.8648    27.8647    6.43679    6.37651         27 0.0000e+00
      73084   3045.112   2766.000     2.6567   3.245083     2.6556   3.244978      96.13     0.0191     2.1362     1.8910  35.708828  2.6501129   53.23190  -50.47083    34.9115    34.9114     2.4371     2.4361    27.8647    27.8647    6.43729    6.39215         49 0.0000e+00
      73121   3046.666   2767.000     2.6561   3.245075     2.6550   3.244961      98.73     0.0154     2.1364     1.8916  35.708153  2.6491256   53.23190  -50.47082    34.9116    34.9114     2.4365     2.4354    27.8648    27.8648    6.43645    6.38584         24 0.0000e+00
      73140   3047.462   2768.000     2.6542   3.244923     2.6536   3.244858      98.64     0.0135     2.1368     1.8919  35.691814  2.6541169   53.23190  -50.47082    34.9113    34.9112     2.4345     2.4339    27.8648    27.8647    6.45532    6.39093         17 0.0000e+00
      73157   3048.179   2769.000     2.6529   3.244833     2.6517   3.244703      91.43     0.0151     2.1375     1.8919  35.693913  2.6559274   53.23190  -50.47082    34.9112    34.9109     2.4331     2.4410    27.8648    27.8646    6.44663    6.38572         18 0.0000e+00
      73176   3048.945   2770.000     2.6530   3.244871     2.6516   3.244737      76.28     0.0159     2.1372     1.8917  35.693081  2.6519492   53.23190  -50.47082    34.9111    34.9109     2.4331     2.4322    27.8647    27.8647    6.45376    6.38897         20 0.0000e+00
      73200   3049.956   2771.000     2.6478   3.244407     2.6468   3.244274      82.92     0.0165     2.1384     1.8922  35.701515  2.6488695   53.23190  -50.47082    34.9105    34.9101     2.4279     2.4318    27.8647    27.8645    6.46349    6.39773         30 0.0000e+00
      73236   3051.476   2772.000     2.6418   3.243871     2.6408   3.243763      95.36     0.0126     2.1387     1.8927  35.702076  2.6466103   53.23190  -50.47082    34.9100    34.9097     2.4219     2.4207    27.8648    27.8646    6.45627    6.40389         36 0.0000e+00
      73264   3052.623   2773.000     2.6392   3.243671     2.6383   3.243571      98.76     0.0145     2.1393     1.8931  35.707485  2.6455221   53.23190  -50.47082    34.9098    34.9096     2.4193     2.4184    27.8649    27.8648    6.46613    6.40898         21 0.0000e+00
      73282   3053.356   2774.000     2.6382   3.243613     2.6372   3.243517      98.64     0.0158     2.1397     1.8936  35.708797  2.6391797   53.23190  -50.47082    34.9098    34.9097     2.4182     2.4173    27.8650    27.8649    6.47156    6.41376         16 0.0000e+00
      73297   3053.994   2775.000     2.6376   3.243603     2.6367   3.243509      92.24     0.0120     2.1403     1.8939  35.710365  2.6385891   53.23190  -50.47080    34.9098    34.9097     2.4175     2.4166    27.8650    27.8650    6.46282    6.41238         15 0.0000e+00
      73312   3054.609   2776.000     2.6368   3.243557     2.6358   3.243464      94.92     0.0125     2.1399     1.8940  35.712284  2.6385837   53.23190  -50.47080    34.9097    34.9096     2.4166     2.4157    27.8650    27.8650    6.45493    6.41125         15 0.0000e+00
      73327   3055.248   2777.000     2.6354   3.243472     2.6344   3.243369      98.50     0.0116     2.1396     1.8942  35.685959  2.6356401   53.23190  -50.47080    34.9096    34.9095     2.4152     2.4142    27.8650    27.8650    6.46343    6.40882         16 0.0000e+00
      73345   3055.988   2778.000     2.6338   3.243350     2.6327   3.243249      98.63     0.0128     2.1403     1.8941  35.684982  2.6361148   53.23190  -50.47080    34.9094    34.9094     2.4135     2.4125    27.8650    27.8651    6.47153    6.40270         20 0.0000e+00
      73372   3057.137   2779.000     2.6316   3.243181     2.6307   3.243089      63.54     0.0142     2.1403     1.8939  35.684982  2.6315889   53.23190  -50.47080    34.9093    34.9091     2.4112     2.4104    27.8651    27.8651    6.46762    6.40401         41 0.0000e+00
      73427   3059.409   2780.000     2.6291   3.242988     2.6283   3.242908     106.71     0.0157     2.1406     1.8939  35.684982  2.6283658   53.23190  -50.47078    34.9091    34.9090     2.4087     2.4080    27.8652    27.8652    6.46778    6.41142         43 0.0000e+00
      73449   3060.354   2781.000     2.6252   3.242677     2.6243   3.242589      84.52     0.0177     2.1408     1.8940  35.684982  2.6288157   53.23190  -50.47078    34.9091    34.9090     2.4048     2.4039    27.8655    27.8655    6.47133    6.41065         19 0.0000e+00
      73466   3061.062   2782.000     2.6224   3.242471     2.6215   3.242360      98.62     0.0140     2.1406     1.8939  35.684982  2.6288157   53.23190  -50.47078    34.9091    34.9088     2.4019     2.4010    27.8658    27.8656    6.47361    6.41175         16 0.0000e+00
