data/CTD/2014/CNV/d017a041.cnv
* Sea-Bird SBE 9 Data File:
* FileName = C:\CTD_ACQUISITION\2014017HUD\ctddata\017A041.hdr
* Software Version Seasave V 7.22.2
* Temperature SN = 5081
* Conductivity SN = 3561
* Number of Bytes Per Scan = 37
* Number of Voltage Words = 4
* Number of Scans Averaged by the Deck Unit = 1
* NMEA Latitude = 48 06.07 N
* NMEA Longitude = 046 18.86 W
* NMEA UTC (Time) = Jul 10 2014 04:42:48
* NMEA baud rate = 9600
** Ship: Hudson
** Cruise: HUD2014017
** Chief_Scientist: Blair Greenan
** Organization: BIO
** Area_of_Operation: Sackville Spur
** Station: 041
** Sounding:  1143
** Event_Comments: SS_15, 403232
# nquan = 25
# nvalues = 1168                        
# units = specified
# name 0 = scan: Scan Count
# name 1 = timeS: Time, Elapsed [seconds]
# name 2 = prDM: Pressure, Digiquartz [db]
# name 3 = t068C: Temperature [ITS-68, deg C]
# name 4 = c0S/m: Conductivity [S/m]
# name 5 = t168C: Temperature, 2 [ITS-68, deg C]
# name 6 = c1S/m: Conductivity, 2 [S/m]
# name 7 = altM: Altimeter [m]
# name 8 = flC: Fluorescence, Chelsea Aqua 3 Chl Con [ug/l]
# name 9 = sbeox0V: Oxygen raw, SBE 43 [V]
# name 10 = sbeox1V: Oxygen raw, SBE 43, 2 [V]
# name 11 = upoly0: Upoly 0, Optode 4330F - O2 D-Phase
# name 12 = upoly1: Upoly 1, Optode 4330F - O2 Temp
# name 13 = latitude: Latitude [deg]
# name 14 = longitude: Longitude [deg]
# name 15 = sal00: Salinity, Practical [PSU]
# name 16 = sal11: Salinity, Practical, 2 [PSU]
# name 17 = potemp068C: Potential Temperature [ITS-68, deg C]
# name 18 = potemp168C: Potential Temperature, 2 [ITS-68, deg C]
# name 19 = sigma-é00: Density [sigma-theta, Kg/m^3]
# name 20 = sigma-é11: Density, 2 [sigma-theta, Kg/m^3]
# name 21 = sbeox0ML/L: Oxygen, SBE 43 [ml/l], WS = 2
# name 22 = sbeox1ML/L: Oxygen, SBE 43, 2 [ml/l], WS = 2
# name 23 = nbin: number of scans per bin
# name 24 = flag: flag
# span 0 =       8033,      40904       
# span 1 =    334.664,   1704.279       
# span 2 =      1.000,   1168.000       
# span 3 =    -0.8515,     7.2655       
# span 4 =   2.713012,   3.402648       
# span 5 =    -0.8517,     7.2339       
# span 6 =   2.712585,   3.397982       
# span 7 =       1.69,     103.40       
# span 8 =     0.0086,     0.7138       
# span 9 =     2.5175,     3.5842       
# span 10 =     2.2262,     3.1374      
# span 11 =  30.224890,  34.647961      
# span 12 =  0.1443253,  6.8985548      
# span 13 =   48.09924,   48.10058      
# span 14 =  -46.31402,  -46.31334      
# span 15 =    32.7941,    34.9095      
# span 16 =    32.7939,    34.9091      
# span 17 =    -0.8524,     7.2629      
# span 18 =    -0.8526,     7.2314      
# span 19 =    25.7138,    27.7537      
# span 20 =    25.7136,    27.7535      
# span 21 =    6.26072,    8.54944      
# span 22 =    6.24746,    8.61072      
# span 23 =          3,         95      
# span 24 = 0.0000e+00, 0.0000e+00      
# interval = decibars: 1                
# start_time = Jul 10 2014 04:42:48 [NMEA time, header]
# bad_flag = -9.990e-29
*END*
[from data line 986]
      35328   1471.957    987.000     3.7206   3.264663     3.7202   3.264596      98.49     0.0165     2.6373     2.3311  34.043957  3.7039466   48.09956  -46.31370    34.8832    34.8828     3.6475     3.6471    27.7295    27.7293    6.47094    6.47365         15 0.0000e+00
      35343   1472.575    988.000     3.7207   3.264729     3.7201   3.264631      59.59     0.0149     2.6361     2.3304  34.043957  3.7033052   48.09956  -46.31370    34.8834    34.8829     3.6475     3.6469    27.7297    27.7293    6.46614    6.47089         15 0.0000e+00
      35358   1473.196    989.000     3.7240   3.265136     3.7231   3.265046      62.10     0.0130     2.6354     2.3297  34.043957  3.7039354   48.09956  -46.31370    34.8842    34.8841     3.6507     3.6498    27.7300    27.7300    6.46841    6.46884         15 0.0000e+00
      35376   1473.943    990.000     3.7243   3.265216     3.7242   3.265149      96.90     0.0151     2.6353     2.3290  34.062984  3.7096705   48.09956  -46.31370    34.8843    34.8837     3.6510     3.6509    27.7300    27.7296    6.46935    6.47338         22 0.0000e+00
      35430   1476.221    991.000     3.7218   3.265003     3.7209   3.264864      98.63     0.0113     2.6337     2.3280  34.071220  3.7115793   48.09956  -46.31372    34.8839    34.8833     3.6484     3.6474    27.7300    27.7296    6.46831    6.47512         41 0.0000e+00
      35467   1477.745    992.000     3.7205   3.264935     3.7195   3.264797      98.63     0.0086     2.6328     2.3275  34.073322  3.7131002   48.09957  -46.31372    34.8840    34.8834     3.6470     3.6495    27.7303    27.7298    6.46766    6.47598         17 0.0000e+00
      35482   1478.377    993.000     3.7210   3.265040     3.7204   3.264948      81.57     0.0104     2.6327     2.3272  34.073261  3.7130647   48.09958  -46.31372    34.8842    34.8837     3.6474     3.6507    27.7303    27.7300    6.46286    6.47195         15 0.0000e+00
      35496   1478.958    994.000     3.7218   3.265176     3.7213   3.265118      31.26     0.0130     2.6316     2.3268  34.073261  3.7130647   48.09958  -46.31372    34.8845    34.8843     3.6481     3.6476    27.7305    27.7304    6.45803    6.46954         13 0.0000e+00
      35510   1479.522    995.000     3.7239   3.265443     3.7234   3.265370      53.85     0.0180     2.6314     2.3266  34.078510  3.7130647   48.09958  -46.31372    34.8849    34.8845     3.6501     3.6496    27.7306    27.7304    6.45749    6.46778         14 0.0000e+00
      35524   1480.116    996.000     3.7234   3.265441     3.7230   3.265354      96.77     0.0182     2.6307     2.3260  34.093552  3.7130647   48.09956  -46.31372    34.8848    34.8843     3.6496     3.6492    27.7306    27.7302    6.46262    6.46446         15 0.0000e+00
      35542   1480.889    997.000     3.7235   3.265496     3.7224   3.265351      98.56     0.0167     2.6307     2.3254  34.091709  3.7130647   48.09956  -46.31372    34.8849    34.8843     3.6495     3.6484    27.7307    27.7303    6.46240    6.46153         24 0.0000e+00
      35601   1483.324    998.000     3.7252   3.265690     3.7247   3.265637      78.36     0.0167     2.6294     2.3238  34.097786  3.7130647   48.09956  -46.31372    34.8849    34.8848     3.6511     3.6507    27.7305    27.7305    6.46112    6.46402         45 0.0000e+00
      35629   1484.499    999.000     3.7285   3.266108     3.7285   3.266083      69.54     0.0203     2.6287     2.3232  34.102718  3.7130647   48.09956  -46.31372    34.8858    34.8856     3.6544     3.6543    27.7309    27.7308    6.45219    6.45077         19 0.0000e+00
      35647   1485.237   1000.000     3.7301   3.266321     3.7296   3.266232      62.76     0.0158     2.6277     2.3219  34.102566  3.7136128   48.09956  -46.31372    34.8862    34.8857     3.6559     3.6554    27.7311    27.7307    6.44516    6.44049         18 0.0000e+00
      35664   1485.962   1001.000     3.7288   3.266248     3.7286   3.266181      98.81     0.0161     2.6266     2.3206  34.099102  3.7211463   48.09956  -46.31372    34.8861    34.8856     3.6545     3.6543    27.7312    27.7308    6.44216    6.44279         17 0.0000e+00
      35682   1486.713   1002.000     3.7291   3.266322     3.7286   3.266245      78.74     0.0178     2.6257     2.3201  34.101810  3.7228432   48.09956  -46.31372    34.8862    34.8859     3.6547     3.6542    27.7312    27.7310    6.44576    6.44384         19 0.0000e+00
      35702   1487.543   1003.000     3.7305   3.266500     3.7299   3.266434      20.63     0.0221     2.6252     2.3188  34.107456  3.7228327   48.09956  -46.31372    34.8863    34.8862     3.6560     3.6555    27.7312    27.7311    6.44117    6.44078         21 0.0000e+00
      35724   1488.461   1004.000     3.7339   3.266884     3.7336   3.266852      79.89     0.0217     2.6233     2.3184  34.121082  3.7228327   48.09956  -46.31372    34.8868    34.8868     3.6593     3.6590    27.7312    27.7312    6.44266    6.45297         23 0.0000e+00
      35748   1489.441   1005.000     3.7436   3.267974     3.7440   3.268015      98.70     0.0200     2.6236     2.3187  34.117203  3.7228327   48.09956  -46.31372    34.8889    34.8891     3.6689     3.6692    27.7319    27.7320    6.44976    6.45636         24 0.0000e+00
      35772   1490.479   1006.000     3.7474   3.268420     3.7472   3.268357      60.82     0.0195     2.6234     2.3188  34.109238  3.7228327   48.09956  -46.31372    34.8897    34.8892     3.6726     3.6723    27.7322    27.7318    6.45151    6.45727         27 0.0000e+00
      35806   1491.890   1007.000     3.7467   3.268392     3.7464   3.268308      90.85     0.0203     2.6230     2.3191  34.119869  3.7293780   48.09956  -46.31372    34.8896    34.8889     3.6718     3.6729    27.7322    27.7316    6.44849    6.45728         41 0.0000e+00
      35843   1493.407   1008.000     3.7430   3.268053     3.7404   3.267735      74.21     0.0129     2.6228     2.3191  34.126202  3.7335227   48.09956  -46.31372    34.8890    34.8879     3.6680     3.6654    27.7321    27.7315    6.45261    6.45821         27 0.0000e+00
      35865   1494.339   1009.000     3.7377   3.267545     3.7371   3.267420      68.84     0.0141     2.6232     2.3193  34.129772  3.7421148   48.09956  -46.31372    34.8881    34.8872     3.6626     3.6621    27.7319    27.7312    6.44921    6.46347         20 0.0000e+00
      35884   1495.120   1010.000     3.7318   3.266976     3.7297   3.266702      99.22     0.0153     2.6221     2.3194  34.126930  3.7390573   48.09956  -46.31372    34.8871    34.8862     3.6567     3.6580    27.7317    27.7312    6.44642    6.46194         18 0.0000e+00
      35902   1495.886   1011.000     3.7292   3.266780     3.7289   3.266723      98.63     0.0149     2.6219     2.3193  34.129593  3.7340696   48.09956  -46.31373    34.8869    34.8865     3.6541     3.6600    27.7318    27.7315    6.45271    6.45701         19 0.0000e+00
      35921   1496.683   1012.000     3.7293   3.266833     3.7290   3.266768      48.26     0.0143     2.6218     2.3187  34.128212  3.7326097   48.09956  -46.31374    34.8870    34.8866     3.6541     3.6538    27.7319    27.7316    6.44642    6.44799         20 0.0000e+00
      35941   1497.517   1013.000     3.7312   3.267075     3.7308   3.267011      77.03     0.0164     2.6210     2.3176  34.139866  3.7291987   48.09956  -46.31374    34.8873    34.8870     3.6559     3.6555    27.7319    27.7318    6.44812    6.44216         20 0.0000e+00
      35963   1498.421   1014.000     3.7331   3.267318     3.7326   3.267238      73.32     0.0175     2.6212     2.3165  34.154865  3.7228050   48.09956  -46.31374    34.8877    34.8872     3.6577     3.6572    27.7321    27.7317    6.44887    6.44521         23 0.0000e+00
      35990   1499.531   1015.000     3.7329   3.267344     3.7328   3.267305      60.31     0.0186     2.6200     2.3160  34.150753  3.7228327   48.09956  -46.31374    34.8877    34.8873     3.6574     3.6592    27.7321    27.7318    6.43607    6.44626         32 0.0000e+00
      36025   1501.013   1016.000     3.7351   3.267617     3.7350   3.267590     100.23     0.0175     2.6179     2.3149  34.153564  3.7228327   48.09956  -46.31374    34.8881    34.8879     3.6595     3.6593    27.7322    27.7321    6.43000    6.43997         34 0.0000e+00
      36052   1502.140   1017.000     3.7411   3.268311     3.7407   3.268234      96.35     0.0177     2.6164     2.3139  34.152485  3.7255793   48.09956  -46.31374    34.8894    34.8889     3.6654     3.6650    27.7327    27.7323    6.41691    6.42976         22 0.0000e+00
      36071   1502.930   1018.000     3.7410   3.268333     3.7405   3.268256      31.35     0.0179     2.6153     2.3127  34.153027  3.7282357   48.09956  -46.31374    34.8894    34.8889     3.6652     3.6648    27.7327    27.7323    6.41827    6.42250         18 0.0000e+00
      36089   1503.656   1019.000     3.7404   3.268326     3.7400   3.268248      97.80     0.0191     2.6140     2.3116  34.155956  3.7308402   48.09956  -46.31374    34.8893    34.8888     3.6645     3.6642    27.7327    27.7323    6.41911    6.42356         17 0.0000e+00
      36108   1504.439   1020.000     3.7426   3.268612     3.7422   3.268552      98.64     0.0188     2.6129     2.3109  34.157642  3.7325583   48.09956  -46.31374    34.8899    34.8897     3.6666     3.6662    27.7330    27.7328    6.41830    6.43390         21 0.0000e+00
      36132   1505.450   1021.000     3.7497   3.269417     3.7493   3.269355      58.76     0.0157     2.6124     2.3109  34.159546  3.7326007   48.09956  -46.31374    34.8914    34.8911     3.6736     3.6732    27.7335    27.7333    6.42056    6.43807         28 0.0000e+00
      36160   1506.645   1022.000     3.7509   3.269610     3.7505   3.269523      85.64     0.0178     2.6116     2.3111  34.161228  3.7326007   48.09956  -46.31374    34.8919    34.8913     3.6747     3.6743    27.7337    27.7333    6.42123    6.44253         26 0.0000e+00
      36182   1507.542   1023.000     3.7504   3.269606     3.7500   3.269533      98.63     0.0165     2.6103     2.3116  34.161171  3.7367136   48.09956  -46.31374    34.8919    34.8914     3.6741     3.6738    27.7338    27.7335    6.41947    6.44386         19 0.0000e+00
      36200   1508.291   1024.000     3.7493   3.269537     3.7492   3.269488      86.51     0.0170     2.6115     2.3113  34.161171  3.7423635   48.09956  -46.31374    34.8917    34.8912     3.6730     3.6729    27.7337    27.7334    6.43154    6.43199         17 0.0000e+00
      36218   1509.054   1025.000     3.7459   3.269227     3.7453   3.269108      44.70     0.0170     2.6103     2.3104  34.161171  3.7423687   48.09956  -46.31374    34.8912    34.8904     3.6695     3.6689    27.7337    27.7331    6.41878    6.42913         20 0.0000e+00
      36242   1510.055   1026.000     3.7429   3.268970     3.7421   3.268853      96.06     0.0193     2.6102     2.3099  34.180714  3.7423687   48.09956  -46.31374    34.8908    34.8902     3.6664     3.6656    27.7337    27.7333    6.42561    6.42767         30 0.0000e+00
      36277   1511.502   1027.000     3.7418   3.268911     3.7414   3.268831      65.34     0.0156     2.6095     2.3081  34.183765  3.7423687   48.09956  -46.31374    34.8907    34.8902     3.6653     3.6649    27.7337    27.7333    6.41765    6.41595         32 0.0000e+00
      36300   1512.479   1028.000     3.7438   3.269156     3.7433   3.269087      81.86     0.0126     2.6085     2.3069  34.180389  3.7413206   48.09956  -46.31374    34.8910    34.8908     3.6671     3.6666    27.7338    27.7336    6.41209    6.41631         19 0.0000e+00
      36317   1513.175   1029.000     3.7451   3.269353     3.7447   3.269289      98.83     0.0148     2.6080     2.3061  34.182686  3.7423806   48.09956  -46.31374    34.8914    34.8911     3.6684     3.6680    27.7340    27.7337    6.41567    6.41455         15 0.0000e+00
      36333   1513.829   1030.000     3.7492   3.269813     3.7489   3.269797      98.64     0.0140     2.6076     2.3056  34.181862  3.7417977   48.09955  -46.31374    34.8921    34.8922     3.6723     3.6720    27.7341    27.7342    6.41582    6.41176         17 0.0000e+00
      36351   1514.581   1031.000     3.7545   3.270411     3.7543   3.270369      53.97     0.0132     2.6071     2.3047  34.182747  3.7410188   48.09954  -46.31374    34.8930    34.8928     3.6775     3.6773    27.7343    27.7342    6.41166    6.41304         21 0.0000e+00
      36389   1516.148   1032.000     3.7580   3.270823     3.7576   3.270753      76.99     0.0200     2.6067     2.3044  34.188694  3.7419808   48.09954  -46.31374    34.8937    34.8933     3.6810     3.6816    27.7345    27.7342    6.42262    6.42364         54 0.0000e+00
      36427   1517.752   1033.000     3.7587   3.270958     3.7583   3.270879      40.10     0.0207     2.6073     2.3051  34.190498  3.7488182   48.09954  -46.31375    34.8941    34.8936     3.6815     3.6811    27.7348    27.7344    6.42742    6.43717         20 0.0000e+00
      36444   1518.454   1034.000     3.7531   3.270444     3.7514   3.270175      86.73     0.0230     2.6073     2.3059  34.190475  3.7521152   48.09954  -46.31376    34.8934    34.8920     3.6759     3.6742    27.7348    27.7339    6.42992    6.43900         15 0.0000e+00
      36458   1519.059   1035.000     3.7457   3.269748     3.7445   3.269551      98.57     0.0193     2.6077     2.3061  34.190475  3.7521367   48.09954  -46.31374    34.8924    34.8914     3.6685     3.6672    27.7348    27.7341    6.43676    6.43736         14 0.0000e+00
      36473   1519.659   1036.000     3.7425   3.269454     3.7417   3.269343      98.63     0.0168     2.6081     2.3063  34.201088  3.7521367   48.09954  -46.31374    34.8919    34.8914     3.6652     3.6644    27.7347    27.7344    6.44411    6.43610         15 0.0000e+00
      36489   1520.336   1037.000     3.7423   3.269481     3.7423   3.269448      78.32     0.0171     2.6090     2.3063  34.207397  3.7521367   48.09954  -46.31374    34.8918    34.8915     3.6650     3.6649    27.7346    27.7344    6.44670    6.43605         18 0.0000e+00
      36516   1521.449   1038.000     3.7366   3.268939     3.7370   3.268908      75.25     0.0152     2.6098     2.3061  34.213989  3.7474673   48.09954  -46.31374    34.8909    34.8901     3.6592     3.6596    27.7345    27.7338    6.44664    6.43174         41 0.0000e+00
      36562   1523.360   1039.000     3.7174   3.267056     3.7154   3.266784      79.10     0.0107     2.6103     2.3051  34.218983  3.7383711   48.09954  -46.31376    34.8883    34.8872     3.6401     3.6381    27.7344    27.7337    6.44405    6.43607         35 0.0000e+00
      36585   1524.327   1040.000     3.7141   3.266759     3.7135   3.266671       9.40     0.0139     2.6101     2.3053  34.219795  3.7339990   48.09954  -46.31376    34.8879    34.8874     3.6367     3.6361    27.7343    27.7340    6.44308    6.43793         20 0.0000e+00
      36604   1525.112   1041.000     3.7132   3.266719     3.7125   3.266598      86.06     0.0144     2.6100     2.3049  34.219780  3.7336822   48.09954  -46.31376    34.8878    34.8871     3.6357     3.6350    27.7344    27.7339    6.43611    6.42845         18 0.0000e+00
      36622   1525.864   1042.000     3.7116   3.266608     3.7110   3.266494      98.80     0.0136     2.6090     2.3041  34.219780  3.7243447   48.09954  -46.31376    34.8876    34.8869     3.6341     3.6335    27.7344    27.7339    6.42616    6.42360         18 0.0000e+00
      36640   1526.645   1043.000     3.7102   3.266520     3.7093   3.266391      47.23     0.0148     2.6079     2.3033  34.219780  3.7228341   48.09954  -46.31376    34.8876    34.8870     3.6326     3.6317    27.7345    27.7342    6.42235    6.42854         20 0.0000e+00
