data/CTD/2014/CNV/d017a041.cnv
* Sea-Bird SBE 9 Data File:
* FileName = C:\CTD_ACQUISITION\2014017HUD\ctddata\017A041.hdr
* Software Version Seasave V 7.22.2
* Temperature SN = 5081
* Conductivity SN = 3561
* Number of Bytes Per Scan = 37
* Number of Voltage Words = 4
* Number of Scans Averaged by the Deck Unit = 1
* NMEA Latitude = 48 06.07 N
* NMEA Longitude = 046 18.86 W
* NMEA UTC (Time) = Jul 10 2014 04:42:48
* NMEA baud rate = 9600
** Ship: Hudson
** Cruise: HUD2014017
** Chief_Scientist: Blair Greenan
** Organization: BIO
** Area_of_Operation: Sackville Spur
** Station: 041
** Sounding:  1143
** Event_Comments: SS_15, 403232
# nquan = 25
# nvalues = 1168                        
# units = specified
# name 0 = scan: Scan Count
# name 1 = timeS: Time, Elapsed [seconds]
# name 2 = prDM: Pressure, Digiquartz [db]
# name 3 = t068C: Temperature [ITS-68, deg C]
# name 4 = c0S/m: Conductivity [S/m]
# name 5 = t168C: Temperature, 2 [ITS-68, deg C]
# name 6 = c1S/m: Conductivity, 2 [S/m]
# name 7 = altM: Altimeter [m]
# name 8 = flC: Fluorescence, Chelsea Aqua 3 Chl Con [ug/l]
# name 9 = sbeox0V: Oxygen raw, SBE 43 [V]
# name 10 = sbeox1V: Oxygen raw, SBE 43, 2 [V]
# name 11 = upoly0: Upoly 0, Optode 4330F - O2 D-Phase
# name 12 = upoly1: Upoly 1, Optode 4330F - O2 Temp
# name 13 = latitude: Latitude [deg]
# name 14 = longitude: Longitude [deg]
# name 15 = sal00: Salinity, Practical [PSU]
# name 16 = sal11: Salinity, Practical, 2 [PSU]
# name 17 = potemp068C: Potential Temperature [ITS-68, deg C]
# name 18 = potemp168C: Potential Temperature, 2 [ITS-68, deg C]
# name 19 = sigma-é00: Density [sigma-theta, Kg/m^3]
# name 20 = sigma-é11: Density, 2 [sigma-theta, Kg/m^3]
# name 21 = sbeox0ML/L: Oxygen, SBE 43 [ml/l], WS = 2
# name 22 = sbeox1ML/L: Oxygen, SBE 43, 2 [ml/l], WS = 2
# name 23 = nbin: number of scans per bin
# name 24 = flag: flag
# span 0 =       8033,      40904       
# span 1 =    334.664,   1704.279       
# span 2 =      1.000,   1168.000       
# span 3 =    -0.8515,     7.2655       
# span 4 =   2.713012,   3.402648       
# span 5 =    -0.8517,     7.2339       
# span 6 =   2.712585,   3.397982       
# span 7 =       1.69,     103.40       
# span 8 =     0.0086,     0.7138       
# span 9 =     2.5175,     3.5842       
# span 10 =     2.2262,     3.1374      
# span 11 =  30.224890,  34.647961      
# span 12 =  0.1443253,  6.8985548      
# span 13 =   48.09924,   48.10058      
# span 14 =  -46.31402,  -46.31334      
# span 15 =    32.7941,    34.9095      
# span 16 =    32.7939,    34.9091      
# span 17 =    -0.8524,     7.2629      
# span 18 =    -0.8526,     7.2314      
# span 19 =    25.7138,    27.7537      
# span 20 =    25.7136,    27.7535      
# span 21 =    6.26072,    8.54944      
# span 22 =    6.24746,    8.61072      
# span 23 =          3,         95      
# span 24 = 0.0000e+00, 0.0000e+00      
# interval = decibars: 1                
# start_time = Jul 10 2014 04:42:48 [NMEA time, header]
# bad_flag = -9.990e-29
*END*
[from data line 174]
      15933    663.816    175.000     3.2460   3.165572     3.2461   3.165558      79.82     0.0262     2.9316     2.5879  33.589745  3.1703274   48.10019  -46.31398    34.6313    34.6310     3.2349     3.2350    27.5690    27.5687    6.74540    6.77845         30 0.0000e+00
      15963    665.100    176.000     3.2452   3.165743     3.2450   3.165718      73.12     0.0239     2.9332     2.5905  33.589745  3.1813211   48.10018  -46.31398    34.6337    34.6337     3.2341     3.2338    27.5709    27.5709    6.75315    6.79513         31 0.0000e+00
      15993    666.319    177.000     3.2531   3.166662     3.2525   3.166621      99.67     0.0206     2.9351     2.5930  33.589745  3.1857693   48.10018  -46.31398    34.6359    34.6360     3.2418     3.2413    27.5720    27.5721    6.75169    6.79791         26 0.0000e+00
      16015    667.249    178.000     3.2568   3.167176     3.2567   3.167162      96.79     0.0154     2.9356     2.5940  33.589745  3.1860907   48.10018  -46.31398    34.6376    34.6376     3.2455     3.2453    27.5729    27.5729    6.75660    6.78444         20 0.0000e+00
      16032    667.967    179.000     3.2674   3.168474     3.2666   3.168492      64.25     0.0138     2.9367     2.5936  33.587040  3.1952150   48.10018  -46.31398    34.6414    34.6425     3.2560     3.2552    27.5750    27.5760    6.75045    6.76858         16 0.0000e+00
      16048    668.610    180.000     3.2798   3.169906     3.2797   3.169904      97.99     0.0157     2.9364     2.5923  33.585865  3.1953602   48.10018  -46.31398    34.6449    34.6451     3.2683     3.2682    27.5767    27.5768    6.73503    6.75677         15 0.0000e+00
      16064    669.289    181.000     3.2776   3.169799     3.2778   3.169821      98.64     0.0137     2.9354     2.5912  33.584896  3.1979797   48.10018  -46.31398    34.6455    34.6455     3.2661     3.2663    27.5773    27.5773    6.72857    6.75356         18 0.0000e+00
      16086    670.192    182.000     3.2771   3.169810     3.2768   3.169772      91.89     0.0122     2.9345     2.5898  33.561958  3.2179224   48.10018  -46.31398    34.6456    34.6454     3.2655     3.2656    27.5774    27.5774    6.72978    6.75321         27 0.0000e+00
      16126    671.868    183.000     3.2830   3.170463     3.2851   3.170689      57.85     0.0177     2.9322     2.5883  33.560440  3.2288580   48.10018  -46.31398    34.6466    34.6471     3.2713     3.2734    27.5777    27.5779    6.72838    6.76915         49 0.0000e+00
      16163    673.423    184.000     3.3002   3.172325     3.3023   3.172598      90.12     0.0190     2.9337     2.5910  33.557888  3.2346933   48.10018  -46.31398    34.6502    34.6513     3.2885     3.2905    27.5789    27.5796    6.75587    6.79159         24 0.0000e+00
      16182    674.208    185.000     3.3141   3.173802     3.3137   3.173826      74.69     0.0193     2.9349     2.5924  33.547359  3.2344322   48.10018  -46.31398    34.6530    34.6534     3.3020     3.3019    27.5799    27.5802    6.75095    6.78735         16 0.0000e+00
      16197    674.851    186.000     3.3202   3.174501     3.3198   3.174491      90.46     0.0237     2.9356     2.5929  33.546741  3.2344322   48.10018  -46.31398    34.6539    34.6544     3.3084     3.3079    27.5800    27.5804    6.75099    6.78592         15 0.0000e+00
      16213    675.491    187.000     3.3210   3.174694     3.3206   3.174644      91.12     0.0235     2.9361     2.5939  33.546650  3.2440736   48.10018  -46.31398    34.6550    34.6549     3.3090     3.3085    27.5808    27.5808    6.75126    6.78524         17 0.0000e+00
      16232    676.306    188.000     3.3249   3.175198     3.3246   3.175175      88.72     0.0219     2.9371     2.5938  33.545837  3.2622414   48.10018  -46.31398    34.6564    34.6564     3.3128     3.3125    27.5816    27.5816    6.75563    6.78364         24 0.0000e+00
      16265    677.657    189.000     3.3168   3.174623     3.3174   3.174618      88.23     0.0242     2.9385     2.5957  33.538074  3.2734919   48.10018  -46.31399    34.6576    34.6569     3.3046     3.3056    27.5833    27.5827    6.76785    6.80771         37 0.0000e+00
      16296    678.953    190.000     3.3161   3.174814     3.3156   3.174860      98.94     0.0243     2.9415     2.5985  33.530933  3.2843595   48.10019  -46.31400    34.6601    34.6612     3.3038     3.3033    27.5854    27.5863    6.77320    6.81077         25 0.0000e+00
      16317    679.843    191.000     3.3339   3.176733     3.3330   3.176649      66.10     0.0235     2.9415     2.5988  33.531136  3.2853422   48.10020  -46.31400    34.6637    34.6637     3.3216     3.3207    27.5866    27.5866    6.75990    6.78965         19 0.0000e+00
      16336    680.634    192.000     3.3369   3.177138     3.3363   3.177073      97.65     0.0232     2.9419     2.5980  33.531136  3.2842886   48.10019  -46.31399    34.6648    34.6647     3.3246     3.3239    27.5871    27.5871    6.75603    6.78183         19 0.0000e+00
      16357    681.484    193.000     3.3454   3.178163     3.3445   3.178120      98.61     0.0181     2.9411     2.5970  33.531136  3.2891259   48.10018  -46.31398    34.6677    34.6681     3.3329     3.3320    27.5886    27.5890    6.74414    6.77730         23 0.0000e+00
      16382    682.553    194.000     3.3486   3.178725     3.3488   3.178711      68.83     0.0169     2.9398     2.5958  33.530098  3.2971573   48.10018  -46.31398    34.6705    34.6701     3.3360     3.3363    27.5905    27.5902    6.74645    6.77331         28 0.0000e+00
      16410    683.714    195.000     3.3514   3.179120     3.3509   3.179095      92.91     0.0213     2.9399     2.5950  33.522507  3.3052490   48.10018  -46.31398    34.6717    34.6719     3.3388     3.3383    27.5913    27.5915    6.75758    6.78962         26 0.0000e+00
      16434    684.720    196.000     3.3667   3.180799     3.3660   3.180771      98.71     0.0234     2.9406     2.5972  33.516411  3.3126619   48.10018  -46.31398    34.6751    34.6755     3.3540     3.3533    27.5925    27.5929    6.77160    6.81641         23 0.0000e+00
      16456    685.645    197.000     3.3760   3.181910     3.3752   3.181839      75.64     0.0204     2.9432     2.5997  33.510494  3.3161242   48.10018  -46.31398    34.6780    34.6780     3.3632     3.3625    27.5940    27.5940    6.78631    6.81938         22 0.0000e+00
      16480    686.608    198.000     3.3809   3.182512     3.3803   3.182453      92.29     0.0186     2.9453     2.6014  33.504250  3.3190994   48.10017  -46.31398    34.6795    34.6794     3.3680     3.3675    27.5947    27.5947    6.77825    6.81332         24 0.0000e+00
      16504    687.616    199.000     3.3800   3.182483     3.3792   3.182371      98.71     0.0166     2.9460     2.6029  33.495010  3.3310254   48.10017  -46.31398    34.6795    34.6791     3.3671     3.3663    27.5948    27.5945    6.78275    6.82682         24 0.0000e+00
      16527    688.577    200.000     3.3748   3.182068     3.3731   3.181899      78.81     0.0184     2.9483     2.6044  33.487057  3.3420508   48.10018  -46.31398    34.6795    34.6793     3.3619     3.3612    27.5952    27.5953    6.81236    6.83011         22 0.0000e+00
      16548    689.450    201.000     3.3764   3.182417     3.3761   3.182349      87.03     0.0173     2.9520     2.6063  33.482342  3.3418803   48.10018  -46.31398    34.6815    34.6810     3.3634     3.3631    27.5967    27.5964    6.84000    6.85530         21 0.0000e+00
      16569    690.346    202.000     3.3545   3.180490     3.3542   3.180357      87.33     0.0177     2.9575     2.6104  33.472839  3.3476350   48.10018  -46.31398    34.6810    34.6798     3.3415     3.3412    27.5984    27.5975    6.87295    6.88996         23 0.0000e+00
      16596    691.462    203.000     3.3506   3.180219     3.3495   3.180084      84.85     0.0226     2.9654     2.6160  33.478298  3.3490248   48.10018  -46.31398    34.6812    34.6810     3.3375     3.3368    27.5990    27.5990    6.89414    6.90010         30 0.0000e+00
      16626    692.709    204.000     3.3460   3.179798     3.3499   3.180093      98.88     0.0253     2.9700     2.6192  33.487331  3.3453050   48.10017  -46.31398    34.6807    34.6801     3.3328     3.3367    27.5990    27.5982    6.85909    6.88111         28 0.0000e+00
      16650    693.697    205.000     3.3116   3.176510     3.3094   3.176054      71.96     0.0208     2.9700     2.6193  33.478302  3.3408611   48.10016  -46.31398    34.6772    34.6740     3.2984     3.2962    27.5995    27.5972    6.83840    6.87733         20 0.0000e+00
      16669    694.486    206.000     3.2853   3.174002     3.2840   3.173758      89.79     0.0192     2.9680     2.6192  33.472473  3.3364143   48.10016  -46.31398    34.6744    34.6728     3.2720     3.2708    27.5998    27.5986    6.82770    6.87418         18 0.0000e+00
      16687    695.236    207.000     3.2732   3.172930     3.2729   3.172846      98.48     0.0190     2.9667     2.6180  33.472527  3.3326967   48.10016  -46.31398    34.6738    34.6731     3.2599     3.2596    27.6005    27.6000    6.83416    6.87016         19 0.0000e+00
      16707    696.090    208.000     3.2705   3.172942     3.2703   3.172918      98.64     0.0158     2.9654     2.6172  33.472527  3.3133683   48.10016  -46.31398    34.6763    34.6762     3.2572     3.2570    27.6027    27.6026    6.83786    6.87316         23 0.0000e+00
      16733    697.171    209.000     3.2875   3.174953     3.2878   3.174998      98.64     0.0181     2.9644     2.6163  33.467892  3.3077693   48.10016  -46.31398    34.6819    34.6833     3.2740     3.2752    27.6056    27.6068    6.82840    6.86207         28 0.0000e+00
      16762    698.355    210.000     3.3319   3.179604     3.3321   3.179670      85.67     0.0219     2.9613     2.6144  33.442680  3.2734797   48.10016  -46.31398    34.6902    34.6907     3.3183     3.3185    27.6080    27.6084    6.80000    6.84414         28 0.0000e+00
      16789    699.516    211.000     3.3530   3.181803     3.3524   3.181803      85.79     0.0183     2.9588     2.6120  33.425072  3.2812078   48.10016  -46.31398    34.6940    34.6943     3.3393     3.3387    27.6090    27.6093    6.79872    6.83581         27 0.0000e+00
      16815    700.602    212.000     3.3543   3.182065     3.3542   3.182034      98.85     0.0171     2.9567     2.6115  33.398830  3.2944341   48.10016  -46.31398    34.6948    34.6946     3.3406     3.3404    27.6095    27.6093    6.80079    6.84819         25 0.0000e+00
      16838    701.529    213.000     3.3559   3.182349     3.3556   3.182333      80.03     0.0193     2.9562     2.6115  33.392616  3.3073213   48.10016  -46.31398    34.6960    34.6961     3.3421     3.3418    27.6103    27.6104    6.80576    6.85579         20 0.0000e+00
      16857    702.350    214.000     3.3703   3.183902     3.3693   3.183903      80.99     0.0173     2.9556     2.6123  33.383198  3.3300447   48.10016  -46.31398    34.6988    34.6999     3.3564     3.3554    27.6112    27.6122    6.80824    6.86038         20 0.0000e+00
      16878    703.225    215.000     3.3959   3.186549     3.3954   3.186543      92.13     0.0135     2.9560     2.6126  33.381481  3.3308191   48.10016  -46.31398    34.7028    34.7034     3.3819     3.3814    27.6119    27.6124    6.80665    6.83979         23 0.0000e+00
      16903    704.269    216.000     3.3889   3.185976     3.3888   3.185898      76.09     0.0139     2.9559     2.6111  33.369987  3.3381085   48.10016  -46.31398    34.7029    34.7021     3.3748     3.3747    27.6127    27.6120    6.81193    6.84070         26 0.0000e+00
      16929    705.341    217.000     3.3763   3.184857     3.3764   3.184818      99.27     0.0185     2.9567     2.6116  33.369965  3.3424025   48.10016  -46.31398    34.7023    34.7017     3.3622     3.3623    27.6134    27.6129    6.81922    6.85253         24 0.0000e+00
      16951    706.259    218.000     3.3770   3.184996     3.3771   3.184983      94.01     0.0197     2.9569     2.6113  33.367851  3.3616045   48.10016  -46.31398    34.7026    34.7025     3.3628     3.3629    27.6136    27.6135    6.80460    6.83395         21 0.0000e+00
      16972    707.138    219.000     3.3766   3.185022     3.3770   3.185021      69.56     0.0156     2.9551     2.6089  33.363346  3.3622966   48.10016  -46.31398    34.7029    34.7025     3.3623     3.3633    27.6139    27.6135    6.79092    6.81528         22 0.0000e+00
      16996    708.133    220.000     3.3752   3.185031     3.3758   3.185028      98.25     0.0112     2.9531     2.6069  33.355419  3.3606865   48.10016  -46.31398    34.7039    34.7033     3.3609     3.3615    27.6149    27.6143    6.78899    6.82845         26 0.0000e+00
      17024    709.271    221.000     3.3992   3.187719     3.3979   3.187650      98.64     0.0160     2.9526     2.6071  33.355312  3.3610678   48.10016  -46.31398    34.7101    34.7108     3.3848     3.3834    27.6175    27.6181    6.80885    6.84361         28 0.0000e+00
      17050    710.364    222.000     3.4010   3.188074     3.3987   3.187828      98.58     0.0196     2.9540     2.6085  33.355312  3.3605983   48.10016  -46.31398    34.7120    34.7115     3.3865     3.3842    27.6188    27.6186    6.82584    6.85229         24 0.0000e+00
      17071    711.235    223.000     3.4170   3.189862     3.4133   3.189775      97.99     0.0179     2.9562     2.6095  33.355312  3.3603292   48.10016  -46.31398    34.7159    34.7174     3.4024     3.4002    27.6204    27.6218    6.83247    6.86076         18 0.0000e+00
      17088    711.970    224.000     3.4334   3.191607     3.4316   3.191452      53.72     0.0187     2.9579     2.6115  33.353561  3.3742728   48.10016  -46.31398    34.7189    34.7190     3.4187     3.4169    27.6212    27.6214    6.83270    6.86653         17 0.0000e+00
      17106    712.705    225.000     3.4448   3.192842     3.4403   3.192434      98.60     0.0198     2.9590     2.6125  33.354538  3.3727324   48.10015  -46.31398    34.7212    34.7211     3.4300     3.4256    27.6219    27.6222    6.83293    6.86323         19 0.0000e+00
      17129    713.667    226.000     3.4093   3.189363     3.4046   3.188730      98.65     0.0190     2.9606     2.6138  33.338757  3.3835068   48.10014  -46.31398    34.7165    34.7139     3.3945     3.3898    27.6216    27.6200    6.83739    6.87043         30 0.0000e+00
      17173    715.501    227.000     3.3649   3.184991     3.3646   3.184905      82.74     0.0205     2.9631     2.6158  33.331757  3.3922524   48.10014  -46.31397    34.7107    34.7099     3.3501     3.3498    27.6213    27.6207    6.85929    6.88753         51 0.0000e+00
      17208    716.958    228.000     3.3611   3.184624     3.3614   3.184587      99.07     0.0185     2.9654     2.6176  33.339466  3.3926008   48.10014  -46.31396    34.7099    34.7090     3.3460     3.3465    27.6211    27.6202    6.86482    6.89482         21 0.0000e+00
      17225    717.648    229.000     3.3506   3.183718     3.3485   3.183486      70.05     0.0164     2.9665     2.6182  33.329121  3.3837187   48.10014  -46.31396    34.7094    34.7088     3.3358     3.3337    27.6216    27.6214    6.86073    6.89388         14 0.0000e+00
      17238    718.216    230.000     3.3605   3.184844     3.3595   3.184862      55.84     0.0145     2.9664     2.6190  33.327106  3.3740585   48.10016  -46.31396    34.7119    34.7132     3.3455     3.3445    27.6227    27.6238    6.85247    6.88905         13 0.0000e+00
      17251    718.769    231.000     3.3706   3.185994     3.3704   3.185972      74.99     0.0123     2.9661     2.6181  33.329140  3.3718915   48.10016  -46.31396    34.7145    34.7143     3.3555     3.3554    27.6238    27.6237    6.85137    6.88180         14 0.0000e+00
