data/CTD/2014/CNV/d017a027.cnv
* Sea-Bird SBE 9 Data File:
* FileName = C:\CTD_ACQUISITION\2014017HUD\ctddata\017A027.hdr
* Software Version Seasave V 7.22.2
* Temperature SN = 5081
* Conductivity SN = 3561
* Number of Bytes Per Scan = 37
* Number of Voltage Words = 4
* Number of Scans Averaged by the Deck Unit = 1
* NMEA Latitude = 48 53.74 N
* NMEA Longitude = 045 47.37 W
* NMEA UTC (Time) = Jul 07 2014 00:10:49
* NMEA baud rate = 9600
** Ship: Hudson
** Cruise: HUD2014017
** Chief_Scientist: Blair Greenan
** Organization: BIO
** Area_of_Operation: Sackville Spur
** Station: 027
** Sounding:  2297
** Event_Comments: SS_27, 403160
# nquan = 25
# nvalues = 2373                        
# units = specified
# name 0 = scan: Scan Count
# name 1 = timeS: Time, Elapsed [seconds]
# name 2 = prDM: Pressure, Digiquartz [db]
# name 3 = t068C: Temperature [ITS-68, deg C]
# name 4 = c0S/m: Conductivity [S/m]
# name 5 = t168C: Temperature, 2 [ITS-68, deg C]
# name 6 = c1S/m: Conductivity, 2 [S/m]
# name 7 = altM: Altimeter [m]
# name 8 = flC: Fluorescence, Chelsea Aqua 3 Chl Con [ug/l]
# name 9 = sbeox0V: Oxygen raw, SBE 43 [V]
# name 10 = sbeox1V: Oxygen raw, SBE 43, 2 [V]
# name 11 = upoly0: Upoly 0, Optode 4330F - O2 D-Phase
# name 12 = upoly1: Upoly 1, Optode 4330F - O2 Temp
# name 13 = latitude: Latitude [deg]
# name 14 = longitude: Longitude [deg]
# name 15 = sal00: Salinity, Practical [PSU]
# name 16 = sal11: Salinity, Practical, 2 [PSU]
# name 17 = potemp068C: Potential Temperature [ITS-68, deg C]
# name 18 = potemp168C: Potential Temperature, 2 [ITS-68, deg C]
# name 19 = sigma-é00: Density [sigma-theta, Kg/m^3]
# name 20 = sigma-é11: Density, 2 [sigma-theta, Kg/m^3]
# name 21 = sbeox0ML/L: Oxygen, SBE 43 [ml/l], WS = 2
# name 22 = sbeox1ML/L: Oxygen, SBE 43, 2 [ml/l], WS = 2
# name 23 = nbin: number of scans per bin
# name 24 = flag: flag
# span 0 =       6681,      66535       
# span 1 =    278.322,   2772.249       
# span 2 =      2.000,   2374.000       
# span 3 =     1.9204,     8.6630       
# span 4 =   3.009586,   3.553238       
# span 5 =     1.9190,     8.6621       
# span 6 =   3.009126,   3.553135       
# span 7 =      -6.02,     103.30       
# span 8 =     0.0045,     0.3895       
# span 9 =     2.2217,     3.5487       
# span 10 =     1.9670,     3.0460      
# span 11 =  30.123817,  35.462120      
# span 12 =  2.3612521,  8.7157011      
# span 13 =   48.89676,   48.89865      
# span 14 =  -45.78951,  -45.78137      
# span 15 =    33.6284,    34.9165      
# span 16 =    33.6276,    34.9157      
# span 17 =     1.9184,     8.6626      
# span 18 =     1.9170,     8.6617      
# span 19 =    26.0971,    27.8540      
# span 20 =    26.0966,    27.8537      
# span 21 =    6.25863,    7.86497      
# span 22 =    6.24406,    7.76331      
# span 23 =         12,         92      
# span 24 = 0.0000e+00, 0.0000e+00      
# interval = decibars: 1                
# start_time = Jul 07 2014 00:10:49 [NMEA time, header]
# bad_flag = -9.990e-29
*END*
[from data line 1856]
      52736   2197.298   1858.000     3.1956   3.257067     3.1949   3.256955      98.63     0.0148     2.3431     2.0734  35.098900  3.1941581   48.89828  -45.78292    34.9132    34.9126     3.0531     3.0525    27.8110    27.8106    6.34048    6.32567         24 0.0000e+00
      52763   2198.435   1859.000     3.1952   3.257077     3.1947   3.256981      85.44     0.0156     2.3425     2.0735  35.098900  3.1944094   48.89828  -45.78290    34.9132    34.9126     3.0527     3.0556    27.8110    27.8106    6.33505    6.31755         31 0.0000e+00
      52798   2199.893   1860.000     3.1950   3.257097     3.1943   3.256988      95.33     0.0159     2.3423     2.0728  35.099300  3.1953721   48.89828  -45.78290    34.9133    34.9126     3.0524     3.0517    27.8111    27.8106    6.34450    6.31170         37 0.0000e+00
      52831   2201.252   1861.000     3.1949   3.257140     3.1943   3.257036      98.69     0.0150     2.3421     2.0721  35.095699  3.1953602   48.89828  -45.78290    34.9133    34.9127     3.0522     3.0517    27.8112    27.8107    6.34041    6.31162         28 0.0000e+00
      52856   2202.296   1862.000     3.1947   3.257159     3.1941   3.257054      98.63     0.0125     2.3419     2.0716  35.093521  3.1953602   48.89828  -45.78292    34.9133    34.9127     3.0519     3.0513    27.8112    27.8108    6.33902    6.31404         22 0.0000e+00
      52877   2203.161   1863.000     3.1946   3.257199     3.1939   3.257093      98.63     0.0177     2.3417     2.0718  35.098991  3.1953602   48.89830  -45.78292    34.9134    34.9128     3.0517     3.0511    27.8113    27.8109    6.34243    6.32021         20 0.0000e+00
      52896   2203.951   1864.000     3.1947   3.257245     3.1940   3.257138      98.63     0.0189     2.3416     2.0717  35.098900  3.1953602   48.89830  -45.78292    34.9134    34.9128     3.0517     3.0511    27.8113    27.8109    6.34716    6.32203         19 0.0000e+00
      52915   2204.729   1865.000     3.1945   3.257275     3.1937   3.257141      82.83     0.0141     2.3420     2.0718  35.098900  3.1933572   48.89830  -45.78292    34.9134    34.9127     3.0515     3.0506    27.8113    27.8108    6.34607    6.32060         19 0.0000e+00
      52934   2205.540   1866.000     3.1933   3.257205     3.1926   3.257093      83.77     0.0121     2.3416     2.0716  35.098900  3.1907387   48.89830  -45.78292    34.9134    34.9128     3.0502     3.0551    27.8114    27.8110    6.34243    6.31840         19 0.0000e+00
      52954   2206.385   1867.000     3.1931   3.257236     3.1923   3.257105      98.81     0.0128     2.3414     2.0716  35.098900  3.1911793   48.89830  -45.78292    34.9135    34.9128     3.0499     3.0490    27.8115    27.8110    6.34304    6.32225         21 0.0000e+00
      52974   2207.219   1868.000     3.1927   3.257238     3.1920   3.257122      98.63     0.0154     2.3414     2.0716  35.098900  3.1856558   48.89830  -45.78292    34.9134    34.9128     3.0494     3.0487    27.8115    27.8111    6.34701    6.32033         20 0.0000e+00
      52994   2208.021   1869.000     3.1923   3.257245     3.1917   3.257138      98.63     0.0151     2.3412     2.0714  35.098900  3.1855922   48.89830  -45.78292    34.9135    34.9128     3.0489     3.0483    27.8116    27.8111    6.34492    6.31903         18 0.0000e+00
      53012   2208.807   1870.000     3.1924   3.257287     3.1916   3.257174      98.63     0.0110     2.3411     2.0711  35.098900  3.1855922   48.89830  -45.78291    34.9134    34.9128     3.0489     3.0482    27.8115    27.8112    6.34450    6.31521         19 0.0000e+00
      53032   2209.642   1871.000     3.1924   3.257333     3.1916   3.257207      98.60     0.0132     2.3411     2.0707  35.098900  3.1855922   48.89830  -45.78290    34.9134    34.9128     3.0488     3.0481    27.8116    27.8111    6.34020    6.31076         22 0.0000e+00
      53057   2210.684   1872.000     3.1921   3.257338     3.1913   3.257218      98.63     0.0155     2.3402     2.0701  35.098900  3.1855922   48.89830  -45.78290    34.9134    34.9128     3.0484     3.0476    27.8116    27.8112    6.34213    6.31472         30 0.0000e+00
      53091   2212.096   1873.000     3.1917   3.257344     3.1912   3.257246      98.63     0.0132     2.3399     2.0696  35.098900  3.1855922   48.89830  -45.78290    34.9133    34.9127     3.0480     3.0474    27.8116    27.8111    6.33746    6.31166         35 0.0000e+00
      53122   2213.368   1874.000     3.1919   3.257398     3.1911   3.257290      98.63     0.0145     2.3391     2.0693  35.098900  3.1855922   48.89830  -45.78290    34.9133    34.9128     3.0480     3.0473    27.8116    27.8112    6.34040    6.31779         25 0.0000e+00
      53145   2214.347   1875.000     3.1918   3.257441     3.1911   3.257324      98.63     0.0166     2.3391     2.0690  35.098900  3.1855922   48.89830  -45.78290    34.9134    34.9128     3.0479     3.0472    27.8117    27.8112    6.34747    6.31545         23 0.0000e+00
      53167   2215.270   1876.000     3.1921   3.257507     3.1913   3.257391      98.59     0.0166     2.3395     2.0691  35.098900  3.1855922   48.89830  -45.78290    34.9134    34.9128     3.0481     3.0473    27.8117    27.8112    6.34770    6.31723         22 0.0000e+00
      53189   2216.169   1877.000     3.1917   3.257519     3.1911   3.257412      98.28     0.0150     2.3391     2.0688  35.100300  3.1855922   48.89830  -45.78292    34.9134    34.9128     3.0477     3.0470    27.8117    27.8113    6.33584    6.31528         21 0.0000e+00
      53209   2217.018   1878.000     3.1918   3.257566     3.1907   3.257418      98.63     0.0150     2.3383     2.0687  35.098904  3.1855922   48.89830  -45.78292    34.9134    34.9129     3.0477     3.0465    27.8117    27.8114    6.34705    6.32059         20 0.0000e+00
      53229   2217.815   1879.000     3.1921   3.257629     3.1913   3.257512      98.63     0.0180     2.3391     2.0689  35.098900  3.1855922   48.89830  -45.78292    34.9134    34.9129     3.0479     3.0470    27.8116    27.8113    6.35322    6.32267         18 0.0000e+00
      53247   2218.567   1880.000     3.1921   3.257671     3.1915   3.257568      98.63     0.0167     2.3389     2.0688  35.098900  3.1855922   48.89830  -45.78292    34.9134    34.9129     3.0477     3.0471    27.8117    27.8113    6.34734    6.32051         18 0.0000e+00
      53264   2219.284   1881.000     3.1914   3.257655     3.1910   3.257577      98.63     0.0159     2.3386     2.0686  35.099751  3.1855922   48.89832  -45.78292    34.9135    34.9130     3.0470     3.0465    27.8118    27.8114    6.34004    6.32335         17 0.0000e+00
      53280   2219.979   1882.000     3.1916   3.257706     3.1908   3.257595      98.63     0.0166     2.3382     2.0690  35.102562  3.1855922   48.89832  -45.78292    34.9134    34.9129     3.0470     3.0463    27.8117    27.8114    6.33402    6.32500         16 0.0000e+00
      53297   2220.668   1883.000     3.1907   3.257661     3.1897   3.257541      98.63     0.0181     2.3377     2.0687  35.098892  3.1850162   48.89832  -45.78291    34.9134    34.9129     3.0460     3.0451    27.8118    27.8115    6.34425    6.32285         17 0.0000e+00
      53314   2221.392   1884.000     3.1904   3.257682     3.1898   3.257584      98.63     0.0162     2.3379     2.0686  35.100521  3.1850493   48.89832  -45.78290    34.9135    34.9129     3.0456     3.0451    27.8119    27.8115    6.35055    6.32473         18 0.0000e+00
      53336   2222.278   1885.000     3.1901   3.257693     3.1894   3.257582      98.14     0.0128     2.3377     2.0687  35.102757  3.1852102   48.89832  -45.78290    34.9134    34.9128     3.0453     3.0446    27.8119    27.8115    6.34356    6.31932         26 0.0000e+00
      53401   2224.984   1886.000     3.1904   3.257757     3.1893   3.257603      98.70     0.0146     2.3368     2.0673  35.103172  3.1834292   48.89832  -45.78291    34.9134    34.9127     3.0455     3.0444    27.8118    27.8114    6.34209    6.31253         45 0.0000e+00
      53442   2226.697   1887.000     3.1887   3.257653     3.1881   3.257542      98.63     0.0093     2.3364     2.0667  35.103210  3.1856215   48.89832  -45.78292    34.9135    34.9127     3.0437     3.0432    27.8121    27.8115    6.34812    6.31762         17 0.0000e+00
      53458   2227.365   1888.000     3.1857   3.257434     3.1850   3.257312      98.63     0.0131     2.3365     2.0667  35.108131  3.1862121   48.89832  -45.78292    34.9135    34.9128     3.0407     3.0400    27.8123    27.8119    6.34625    6.32123         16 0.0000e+00
      53473   2227.985   1889.000     3.1848   3.257392     3.1839   3.257273      98.18     0.0111     2.3364     2.0667  35.111492  3.1855862   48.89832  -45.78292    34.9134    34.9130     3.0397     3.0389    27.8124    27.8121    6.34395    6.32395         14 0.0000e+00
      53487   2228.579   1890.000     3.1844   3.257395     3.1843   3.257345      97.82     0.0119     2.3360     2.0669  35.108231  3.1863096   48.89832  -45.78292    34.9135    34.9129     3.0392     3.0391    27.8125    27.8121    6.34222    6.32452         14 0.0000e+00
      53501   2229.157   1891.000     3.1842   3.257422     3.1835   3.257313      98.65     0.0100     2.3361     2.0667  35.101921  3.1848681   48.89832  -45.78292    34.9135    34.9129     3.0389     3.0383    27.8126    27.8121    6.34781    6.32308         14 0.0000e+00
      53515   2229.732   1892.000     3.1838   3.257421     3.1830   3.257318      98.63     0.0120     2.3361     2.0667  35.102039  3.1848946   48.89832  -45.78292    34.9134    34.9130     3.0384     3.0377    27.8126    27.8122    6.34377    6.32422         14 0.0000e+00
      53529   2230.324   1893.000     3.1834   3.257426     3.1827   3.257319      98.63     0.0155     2.3355     2.0667  35.101833  3.1855810   48.89832  -45.78292    34.9134    34.9129     3.0379     3.0373    27.8126    27.8122    6.34186    6.32610         15 0.0000e+00
      53544   2230.958   1894.000     3.1822   3.257366     3.1814   3.257238      98.63     0.0180     2.3354     2.0667  35.099880  3.1773217   48.89832  -45.78292    34.9134    34.9128     3.0367     3.0359    27.8127    27.8122    6.35027    6.32706         16 0.0000e+00
      53561   2231.687   1895.000     3.1804   3.257236     3.1797   3.257129      98.63     0.0157     2.3355     2.0668  35.102673  3.1758595   48.89832  -45.78292    34.9133    34.9128     3.0348     3.0341    27.8128    27.8124    6.35218    6.32846         19 0.0000e+00
      53585   2232.647   1896.000     3.1797   3.257208     3.1790   3.257098      98.63     0.0165     2.3353     2.0665  35.110596  3.1758242   48.89833  -45.78292    34.9133    34.9126     3.0340     3.0409    27.8128    27.8124    6.34561    6.32330         28 0.0000e+00
      53621   2234.171   1897.000     3.1789   3.257174     3.1782   3.257059      98.63     0.0169     2.3345     2.0665  35.118885  3.1758242   48.89834  -45.78292    34.9132    34.9126     3.0332     3.0327    27.8129    27.8124    6.33966    6.32708         45 0.0000e+00
      53664   2235.947   1898.000     3.1780   3.257138     3.1775   3.257039      79.04     0.0145     2.3341     2.0662  35.111710  3.1758242   48.89834  -45.78292    34.9133    34.9126     3.0322     3.0317    27.8130    27.8125    6.34937    6.32467         36 0.0000e+00
      53695   2237.235   1899.000     3.1764   3.257034     3.1758   3.256933      98.71     0.0148     2.3338     2.0658  35.119339  3.1758242   48.89834  -45.78292    34.9133    34.9127     3.0305     3.0299    27.8131    27.8127    6.34512    6.32042         28 0.0000e+00
      53720   2238.301   1900.000     3.1756   3.257003     3.1749   3.256903      98.63     0.0160     2.3333     2.0651  35.118645  3.1758242   48.89834  -45.78292    34.9132    34.9128     3.0296     3.0290    27.8132    27.8129    6.33969    6.31567         23 0.0000e+00
      53742   2239.215   1901.000     3.1747   3.256982     3.1742   3.256875      98.63     0.0128     2.3329     2.0647  35.124763  3.1758242   48.89834  -45.78292    34.9134    34.9127     3.0287     3.0281    27.8134    27.8129    6.34627    6.31796         21 0.0000e+00
      53761   2240.006   1902.000     3.1726   3.256835     3.1723   3.256742      98.63     0.0136     2.3331     2.0645  35.128231  3.1758242   48.89834  -45.78292    34.9134    34.9127     3.0265     3.0262    27.8136    27.8131    6.34740    6.32154         17 0.0000e+00
      53778   2240.709   1903.000     3.1706   3.256701     3.1700   3.256592      98.63     0.0121     2.3324     2.0643  35.128204  3.1720457   48.89834  -45.78292    34.9134    34.9127     3.0245     3.0239    27.8138    27.8133    6.34596    6.32274         16 0.0000e+00
      53794   2241.356   1904.000     3.1704   3.256713     3.1697   3.256615      98.63     0.0130     2.3330     2.0642  35.126366  3.1660342   48.89834  -45.78292    34.9133    34.9128     3.0241     3.0235    27.8138    27.8135    6.35143    6.32008         16 0.0000e+00
      53809   2241.986   1905.000     3.1703   3.256749     3.1697   3.256648      98.63     0.0154     2.3327     2.0639  35.126255  3.1660562   48.89834  -45.78292    34.9134    34.9128     3.0240     3.0233    27.8138    27.8135    6.35272    6.31467         15 0.0000e+00
      53824   2242.629   1906.000     3.1700   3.256759     3.1693   3.256650      98.63     0.0116     2.3326     2.0633  35.127262  3.1660562   48.89834  -45.78292    34.9133    34.9128     3.0236     3.0228    27.8138    27.8135    6.35081    6.31446         16 0.0000e+00
      53841   2243.333   1907.000     3.1690   3.256713     3.1683   3.256600      80.27     0.0090     2.3324     2.0631  35.121067  3.1660562   48.89834  -45.78292    34.9133    34.9127     3.0225     3.0218    27.8139    27.8135    6.34092    6.31794         18 0.0000e+00
      53862   2244.196   1908.000     3.1683   3.256683     3.1676   3.256584      55.85     0.0117     2.3319     2.0628  35.127926  3.1660562   48.89834  -45.78292    34.9133    34.9128     3.0217     3.0211    27.8139    27.8136    6.35083    6.32223         24 0.0000e+00
      53889   2245.339   1909.000     3.1676   3.256661     3.1669   3.256551      98.04     0.0148     2.3318     2.0630  35.137360  3.1583471   48.89834  -45.78292    34.9133    34.9127     3.0209     3.0238    27.8140    27.8136    6.34453    6.32959         30 0.0000e+00
      53918   2246.550   1910.000     3.1670   3.256650     3.1663   3.256542      96.36     0.0132     2.3316     2.0631  35.136337  3.1621027   48.89834  -45.78292    34.9133    34.9127     3.0202     3.0195    27.8141    27.8137    6.34876    6.32822         27 0.0000e+00
      53944   2247.641   1911.000     3.1649   3.256512     3.1643   3.256403      97.79     0.0124     2.3314     2.0629  35.129452  3.1624300   48.89835  -45.78292    34.9133    34.9126     3.0181     3.0175    27.8143    27.8138    6.35473    6.32376         27 0.0000e+00
      53980   2249.128   1912.000     3.1633   3.256398     3.1625   3.256274      98.58     0.0142     2.3307     2.0624  35.128273  3.1597319   48.89836  -45.78292    34.9132    34.9125     3.0164     3.0157    27.8144    27.8139    6.34446    6.32064         48 0.0000e+00
      54025   2250.981   1913.000     3.1627   3.256390     3.1620   3.256279      98.63     0.0194     2.3305     2.0620  35.124893  3.1592989   48.89835  -45.78292    34.9132    34.9126     3.0158     3.0151    27.8145    27.8141    6.35226    6.32593         29 0.0000e+00
      54044   2251.800   1914.000     3.1624   3.256406     3.1618   3.256315      98.63     0.0154     2.3302     2.0620  35.125622  3.1585805   48.89834  -45.78292    34.9133    34.9128     3.0153     3.0148    27.8146    27.8143    6.33883    6.32738         17 0.0000e+00
