data/CTD/2014/CNV/d017a048.cnv
* Sea-Bird SBE 9 Data File:
* FileName = C:\CTD_ACQUISITION\2014017HUD\ctddata\017A048.hdr
* Software Version Seasave V 7.22.2
* Temperature SN = 5081
* Conductivity SN = 3561
* Number of Bytes Per Scan = 37
* Number of Voltage Words = 4
* Number of Scans Averaged by the Deck Unit = 1
* NMEA Latitude = 47 04.69 N
* NMEA Longitude = 047 16.88 W
* NMEA UTC (Time) = Jul 11 2014 07:27:43
* NMEA baud rate = 9600
** Ship: Hudson
** Cruise: HUD2014017
** Chief_Scientist: Blair Greenan
** Organization: BIO
** Area_of_Operation: Sackville Spur
** Station: 048
** Sounding:  405
** Event_Comments: CTD_1842, 403278
** CTD cast ~1 Nm south of Mooring_1842
# nquan = 25
# nvalues = 414                         
# units = specified
# name 0 = scan: Scan Count
# name 1 = timeS: Time, Elapsed [seconds]
# name 2 = prDM: Pressure, Digiquartz [db]
# name 3 = t068C: Temperature [ITS-68, deg C]
# name 4 = c0S/m: Conductivity [S/m]
# name 5 = t168C: Temperature, 2 [ITS-68, deg C]
# name 6 = c1S/m: Conductivity, 2 [S/m]
# name 7 = altM: Altimeter [m]
# name 8 = flC: Fluorescence, Chelsea Aqua 3 Chl Con [ug/l]
# name 9 = sbeox0V: Oxygen raw, SBE 43 [V]
# name 10 = sbeox1V: Oxygen raw, SBE 43, 2 [V]
# name 11 = upoly0: Upoly 0, Optode 4330F - O2 D-Phase
# name 12 = upoly1: Upoly 1, Optode 4330F - O2 Temp
# name 13 = latitude: Latitude [deg]
# name 14 = longitude: Longitude [deg]
# name 15 = sal00: Salinity, Practical [PSU]
# name 16 = sal11: Salinity, Practical, 2 [PSU]
# name 17 = potemp068C: Potential Temperature [ITS-68, deg C]
# name 18 = potemp168C: Potential Temperature, 2 [ITS-68, deg C]
# name 19 = sigma-é00: Density [sigma-theta, Kg/m^3]
# name 20 = sigma-é11: Density, 2 [sigma-theta, Kg/m^3]
# name 21 = sbeox0ML/L: Oxygen, SBE 43 [ml/l], WS = 2
# name 22 = sbeox1ML/L: Oxygen, SBE 43, 2 [ml/l], WS = 2
# name 23 = nbin: number of scans per bin
# name 24 = flag: flag
# span 0 =       6522,      19933       
# span 1 =    271.721,    830.521       
# span 2 =      3.000,    416.000       
# span 3 =    -1.6667,     8.1503       
# span 4 =   2.626132,   3.421479       
# span 5 =    -1.6676,     8.1502       
# span 6 =   2.626038,   3.421423       
# span 7 =       4.57,      99.94       
# span 8 =     0.0125,     0.3165       
# span 9 =     2.7818,     3.4932       
# span 10 =     2.4551,     2.9661      
# span 11 =  30.433157,  34.613266      
# span 12 = -1.5950257,  8.1970682      
# span 13 =   47.07772,   47.07834      
# span 14 =  -47.28131,  -47.28052      
# span 15 =    32.7186,    34.6417      
# span 16 =    32.7092,    34.6421      
# span 17 =    -1.6676,     8.1497      
# span 18 =    -1.6685,     8.1497      
# span 19 =    25.4618,    27.5804      
# span 20 =    25.4614,    27.5806      
# span 21 =    6.53320,    8.51430      
# span 22 =    6.55356,    8.41489      
# span 23 =         15,        103      
# span 24 = 0.0000e+00, 0.0000e+00      
# interval = decibars: 1                
# start_time = Jul 11 2014 07:27:43 [NMEA time, header]
# bad_flag = -9.990e-29
*END*
[from data line 348]
      17256    718.971    351.000     2.8549   3.131107     2.8539   3.131031      69.17     0.0223     2.8174     2.4883  34.205154  2.0800359   47.07784  -47.28062    34.5335    34.5337     2.8332     2.8322    27.5278    27.5281    6.67334    6.69086         24 0.0000e+00
      17279    719.936    352.000     2.8732   3.133057     2.8727   3.133137      71.59     0.0193     2.8210     2.4910  34.205128  2.1128523   47.07783  -47.28062    34.5372    34.5387     2.8514     2.8509    27.5291    27.5304    6.67643    6.69894         22 0.0000e+00
      17303    720.913    353.000     2.8988   3.135688     2.8982   3.135716      74.57     0.0223     2.8233     2.4935  34.190536  2.0846598   47.07782  -47.28062    34.5413    34.5423     2.8769     2.8763    27.5302    27.5310    6.68074    6.70818         25 0.0000e+00
      17329    721.984    354.000     2.9207   3.137994     2.9229   3.138354      94.17     0.0238     2.8267     2.4975  34.188869  2.1142952   47.07782  -47.28062    34.5454    34.5475     2.8987     2.9033    27.5315    27.5330    6.69417    6.73145         27 0.0000e+00
      17355    723.100    355.000     2.9498   3.140985     2.9501   3.141041      70.22     0.0239     2.8313     2.5023  34.177559  2.1167386   47.07782  -47.28062    34.5503    34.5506     2.9276     2.9279    27.5328    27.5330    6.71216    6.73780         26 0.0000e+00
      17380    724.124    356.000     2.9589   3.141989     2.9575   3.141880      65.52     0.0210     2.8362     2.5060  34.169464  2.1382642   47.07782  -47.28062    34.5522    34.5524     2.9367     2.9352    27.5335    27.5338    6.72551    6.74556         23 0.0000e+00
      17403    725.069    357.000     2.9637   3.142539     2.9633   3.142509      72.63     0.0242     2.8397     2.5088  34.139336  2.1483305   47.07782  -47.28062    34.5533    34.5533     2.9413     2.9410    27.5339    27.5340    6.71582    6.73791         23 0.0000e+00
      17427    726.073    358.000     2.9749   3.143737     2.9717   3.143709      80.14     0.0259     2.8413     2.5095  34.135906  2.1734505   47.07782  -47.28062    34.5554    34.5568     2.9524     2.9493    27.5346    27.5360    6.70265    6.71844         26 0.0000e+00
      17456    727.302    359.000     3.0086   3.147150     3.0081   3.147202      62.56     0.0239     2.8417     2.5088  34.117378  2.1960862   47.07782  -47.28062    34.5603    34.5613     2.9860     2.9862    27.5354    27.5363    6.67989    6.69674         32 0.0000e+00
      17489    728.652    360.000     3.0343   3.149951     3.0340   3.150084      61.58     0.0196     2.8405     2.5074  34.096973  2.2521017   47.07782  -47.28062    34.5664    34.5683     3.0115     3.0113    27.5380    27.5395    6.66137    6.69313         32 0.0000e+00
      17519    729.900    361.000     3.0900   3.155764     3.0905   3.155965      60.57     0.0213     2.8385     2.5067  34.085255  2.5436592   47.07782  -47.28062    34.5770    34.5788     3.0670     3.0675    27.5413    27.5427    6.64636    6.67482         28 0.0000e+00
      17547    731.065    362.000     3.1061   3.157717     3.1058   3.157692      59.80     0.0205     2.8364     2.5047  34.043110  2.7590551   47.07782  -47.28062    34.5829    34.5825     3.0830     3.0827    27.5445    27.5443    6.63922    6.66514         27 0.0000e+00
      17572    732.117    363.000     3.0635   3.153961     3.0639   3.153890      58.78     0.0189     2.8356     2.5043  34.035927  2.9213808   47.07782  -47.28064    34.5823    34.5810     3.0404     3.0409    27.5480    27.5469    6.65635    6.67929         24 0.0000e+00
      17595    733.083    364.000     3.0505   3.152806     3.0505   3.152804      57.96     0.0173     2.8352     2.5034  34.004486  2.6061368   47.07782  -47.28064    34.5816    34.5815     3.0274     3.0275    27.5487    27.5486    6.64938    6.67914         23 0.0000e+00
      17618    734.044    365.000     3.0532   3.153180     3.0543   3.153349      57.28     0.0181     2.8336     2.5029  34.001881  2.7154272   47.07782  -47.28064    34.5827    34.5836     3.0300     3.0311    27.5493    27.5499    6.64666    6.67676         24 0.0000e+00
      17644    735.109    366.000     3.0682   3.154853     3.0678   3.154860      55.97     0.0199     2.8332     2.5020  34.000027  2.5753255   47.07782  -47.28064    34.5864    34.5870     3.0450     3.0445    27.5509    27.5514    6.65175    6.66797         27 0.0000e+00
      17673    736.345    367.000     3.0790   3.156028     3.0795   3.156111      54.91     0.0229     2.8326     2.5008  33.988071  2.6554379   47.07782  -47.28064    34.5886    34.5891     3.0557     3.0562    27.5517    27.5520    6.64519    6.66669         31 0.0000e+00
      17703    737.570    368.000     3.0798   3.156206     3.0805   3.156283      53.02     0.0244     2.8318     2.4992  33.970287  2.7714880   47.07782  -47.28064    34.5894    34.5896     3.0564     3.0571    27.5522    27.5523    6.64936    6.64788         27 0.0000e+00
      17728    738.617    369.000     3.0796   3.156282     3.0805   3.156393      52.06     0.0242     2.8318     2.4974  33.970695  3.0263095   47.07782  -47.28064    34.5900    34.5904     3.0561     3.0570    27.5527    27.5529    6.64286    6.65241         24 0.0000e+00
      17751    739.595    370.000     3.0820   3.156533     3.0786   3.156144      51.20     0.0241     2.8306     2.4967  33.970695  2.9461980   47.07782  -47.28064    34.5900    34.5888     3.0584     3.0551    27.5525    27.5519    6.63613    6.65036         24 0.0000e+00
      17776    740.638    371.000     3.0775   3.156133     3.0682   3.155222      50.27     0.0232     2.8294     2.4952  33.957832  2.8049786   47.07782  -47.28064    34.5893    34.5883     3.0539     3.0446    27.5524    27.5524    6.63015    6.64392         26 0.0000e+00
      17805    741.852    372.000     3.0870   3.157135     3.0809   3.156531      49.26     0.0221     2.8265     2.4936  33.955639  2.8043351   47.07782  -47.28064    34.5908    34.5901     3.0633     3.0572    27.5527    27.5527    6.61163    6.63896         33 0.0000e+00
      17840    743.274    373.000     3.0857   3.157036     3.0750   3.155948      48.34     0.0192     2.8240     2.4917  33.954750  2.8458180   47.07782  -47.28064    34.5905    34.5888     3.0619     3.0520    27.5526    27.5522    6.61676    6.62923         34 0.0000e+00
      17870    744.548    374.000     3.0771   3.156236     3.0781   3.156269      47.53     0.0217     2.8224     2.4895  33.945129  3.0483241   47.07782  -47.28064    34.5894    34.5888     3.0533     3.0542    27.5525    27.5519    6.61720    6.62622         26 0.0000e+00
      17894    745.557    375.000     3.0570   3.154245     3.0591   3.154341      46.77     0.0238     2.8214     2.4882  33.941978  2.9458852   47.07782  -47.28064    34.5861    34.5851     3.0332     3.0352    27.5517    27.5507    6.62048    6.63217         23 0.0000e+00
      17916    746.462    376.000     3.0587   3.154480     3.0582   3.154440      45.67     0.0220     2.8208     2.4877  33.933681  2.9465051   47.07782  -47.28064    34.5866    34.5867     3.0348     3.0343    27.5520    27.5521    6.61878    6.64009         21 0.0000e+00
      17938    747.364    377.000     3.0602   3.154656     3.0607   3.154673      44.58     0.0246     2.8193     2.4877  33.929356  2.9615321   47.07782  -47.28064    34.5866    34.5865     3.0362     3.0389    27.5518    27.5518    6.61239    6.63928         22 0.0000e+00
      17960    748.300    378.000     3.0592   3.154604     3.0601   3.154646      43.50     0.0207     2.8185     2.4872  33.933140  2.9647791   47.07782  -47.28064    34.5865    34.5861     3.0352     3.0360    27.5518    27.5514    6.61505    6.63822         23 0.0000e+00
      17985    749.330    379.000     3.0554   3.154261     3.0571   3.154410      42.54     0.0205     2.8175     2.4871  33.942448  2.8895299   47.07782  -47.28064    34.5859    34.5858     3.0313     3.0330    27.5517    27.5515    6.61565    6.64260         27 0.0000e+00
      18014    750.526    380.000     3.0523   3.153986     3.0525   3.153987      41.36     0.0189     2.8170     2.4869  33.949802  2.9329414   47.07782  -47.28064    34.5853    34.5850     3.0282     3.0284    27.5515    27.5513    6.62257    6.64345         31 0.0000e+00
      18045    751.849    381.000     3.0550   3.154356     3.0541   3.154250      40.27     0.0230     2.8170     2.4873  33.953739  2.9295020   47.07782  -47.28064    34.5863    34.5860     3.0308     3.0299    27.5521    27.5520    6.62388    6.65102         32 0.0000e+00
      18076    753.140    382.000     3.0606   3.155039     3.0607   3.155057      39.25     0.0247     2.8169     2.4876  33.956070  2.9449379   47.07782  -47.28064    34.5881    34.5882     3.0363     3.0364    27.5530    27.5531    6.62551    6.64438         29 0.0000e+00
      18103    754.253    383.000     3.0615   3.155182     3.0614   3.155161      38.32     0.0230     2.8176     2.4873  33.961334  2.9472601   47.07782  -47.28064    34.5884    34.5882     3.0371     3.0370    27.5532    27.5530    6.63277    6.64893         25 0.0000e+00
      18127    755.256    384.000     3.0602   3.155086     3.0618   3.155259      37.47     0.0217     2.8182     2.4879  33.969357  3.0012419   47.07782  -47.28064    34.5880    34.5884     3.0358     3.0374    27.5530    27.5531    6.63882    6.66069         24 0.0000e+00
      18151    756.271    385.000     3.0633   3.155485     3.0624   3.155377      36.45     0.0210     2.8193     2.4893  33.974113  3.0111387   47.07782  -47.28064    34.5891    34.5885     3.0387     3.0379    27.5536    27.5532    6.65494    6.67021         25 0.0000e+00
      18178    757.357    386.000     3.0754   3.156898     3.0734   3.156770      35.40     0.0233     2.8220     2.4912  33.981964  3.0350621   47.07782  -47.28064    34.5927    34.5933     3.0508     3.0488    27.5554    27.5560    6.66424    6.68878         27 0.0000e+00
      18204    758.469    387.000     3.0931   3.158900     3.0919   3.158772      34.36     0.0259     2.8247     2.4948  33.976387  3.0438745   47.07782  -47.28064    34.5975    34.5973     3.0684     3.0671    27.5576    27.5575    6.68167    6.71293         26 0.0000e+00
      18231    759.571    388.000     3.0933   3.158949     3.0930   3.158913      33.32     0.0264     2.8291     2.4996  33.970219  3.0477138   47.07782  -47.28064    34.5975    34.5973     3.0684     3.0681    27.5575    27.5575    6.69638    6.72561         27 0.0000e+00
      18258    760.704    389.000     3.0971   3.159418     3.0972   3.159446      32.30     0.0242     2.8323     2.5021  33.973934  3.0564015   47.07782  -47.28064    34.5985    34.5987     3.0722     3.0723    27.5580    27.5581    6.69161    6.71248         27 0.0000e+00
      18285    761.849    390.000     3.1013   3.159920     3.1005   3.159858      31.38     0.0227     2.8334     2.5033  33.975052  3.0586374   47.07782  -47.28064    34.5996    34.5997     3.0763     3.0755    27.5585    27.5587    6.67745    6.70444         27 0.0000e+00
      18312    762.940    391.000     3.1351   3.163739     3.1362   3.164125      30.41     0.0244     2.8346     2.5035  33.959385  3.0763116   47.07782  -47.28064    34.6085    34.6121     3.1106     3.1120    27.5624    27.5652    6.67679    6.68950         26 0.0000e+00
      18337    764.006    392.000     3.1667   3.167140     3.1656   3.167094      29.39     0.0267     2.8349     2.5028  33.955532  3.0784888   47.07782  -47.28064    34.6162    34.6168     3.1414     3.1403    27.5657    27.5663    6.66328    6.67975         26 0.0000e+00
      18364    765.125    393.000     3.1797   3.168727     3.1784   3.168592      28.30     0.0259     2.8341     2.5022  33.946278  3.0826015   47.07782  -47.28064    34.6210    34.6208     3.1543     3.1530    27.5683    27.5683    6.64902    6.66879         28 0.0000e+00
      18393    766.318    394.000     3.1814   3.168956     3.1816   3.168981      27.26     0.0201     2.8326     2.4994  33.930855  3.0970488   47.07782  -47.28064    34.6215    34.6216     3.1558     3.1561    27.5686    27.5686    6.62839    6.63620         28 0.0000e+00
      18420    767.447    395.000     3.1809   3.168972     3.1806   3.168926      26.37     0.0182     2.8286     2.4957  33.916477  3.1215479   47.07782  -47.28064    34.6216    34.6213     3.1554     3.1551    27.5687    27.5685    6.60942    6.62832         26 0.0000e+00
      18443    768.436    396.000     3.1804   3.168977     3.1796   3.168891      25.45     0.0181     2.8252     2.4931  33.906105  3.1358454   47.07782  -47.28064    34.6218    34.6215     3.1548     3.1550    27.5689    27.5688    6.59928    6.62810         22 0.0000e+00
      18466    769.382    397.000     3.1796   3.168966     3.1796   3.168933      24.44     0.0228     2.8226     2.4911  33.897560  3.1447623   47.07782  -47.28064    34.6218    34.6215     3.1539     3.1539    27.5690    27.5687    6.60173    6.62526         24 0.0000e+00
      18492    770.470    398.000     3.1778   3.168829     3.1782   3.168836      23.33     0.0240     2.8198     2.4888  33.893009  3.1458209   47.07782  -47.28064    34.6216    34.6212     3.1520     3.1524    27.5690    27.5687    6.59620    6.61810         29 0.0000e+00
      18529    772.013    399.000     3.1687   3.168092     3.1693   3.168102      22.11     0.0214     2.8164     2.4866  33.889042  3.1469338   47.07782  -47.28064    34.6218    34.6213     3.1429     3.1435    27.5700    27.5696    6.59671    6.62535         45 0.0000e+00
      18573    773.817    400.000     3.1650   3.167860     3.1651   3.167839      21.06     0.0189     2.8140     2.4854  33.882381  3.1500585   47.07782  -47.28064    34.6225    34.6220     3.1391     3.1392    27.5709    27.5706    6.60102    6.62965         35 0.0000e+00
      18600    774.978    401.000     3.1758   3.169184     3.1749   3.169090      20.25     0.0161     2.8128     2.4848  33.885303  3.1464086   47.07782  -47.28064    34.6262    34.6260     3.1500     3.1500    27.5729    27.5728    6.59653    6.62359         24 0.0000e+00
      18622    775.890    402.000     3.1766   3.169293     3.1765   3.169286      19.40     0.0193     2.8124     2.4843  33.885578  3.1465201   47.07781  -47.28065    34.6263    34.6264     3.1505     3.1504    27.5729    27.5730    6.60443    6.61650         21 0.0000e+00
      18644    776.787    403.000     3.1792   3.169628     3.1789   3.169582      18.43     0.0250     2.8123     2.4828  33.888500  3.1473651   47.07780  -47.28066    34.6271    34.6268     3.1530     3.1528    27.5733    27.5731    6.60102    6.61220         23 0.0000e+00
      18669    777.854    404.000     3.1803   3.169782     3.1823   3.170038      17.33     0.0266     2.8117     2.4821  33.891315  3.1475275   47.07780  -47.28065    34.6272    34.6281     3.1541     3.1561    27.5733    27.5739    6.60305    6.61947         29 0.0000e+00
      18704    779.274    405.000     3.1827   3.170108     3.1914   3.171064      16.15     0.0296     2.8116     2.4823  33.907001  3.1611230   47.07780  -47.28064    34.6280    34.6303     3.1565     3.1651    27.5737    27.5747    6.60243    6.62629         39 0.0000e+00
      18742    780.858    406.000     3.1918   3.171177     3.1892   3.170895      15.12     0.0246     2.8111     2.4821  33.899807  3.1656058   47.07779  -47.28064    34.6307    34.6301     3.1655     3.1628    27.5750    27.5748    6.60134    6.61612         34 0.0000e+00
      18773    782.172    407.000     3.2018   3.172331     3.2018   3.172345      14.16     0.0219     2.8108     2.4812  33.904068  3.1660583   47.07778  -47.28064    34.6336    34.6337     3.1753     3.1753    27.5764    27.5765    6.59785    6.61205         31 0.0000e+00
