data/CTD/2014/CNV/d017a044.cnv
* Sea-Bird SBE 9 Data File:
* FileName = C:\CTD_ACQUISITION\2014017HUD\ctddata\017A044.hdr
* Software Version Seasave V 7.22.2
* Temperature SN = 5081
* Conductivity SN = 3561
* Number of Bytes Per Scan = 37
* Number of Voltage Words = 4
* Number of Scans Averaged by the Deck Unit = 1
* NMEA Latitude = 48 02.26 N
* NMEA Longitude = 046 14.07 W
* NMEA UTC (Time) = Jul 10 2014 19:45:27
* NMEA baud rate = 9600
** Ship: Hudson
** Cruise: HUD2014017
** Chief_Scientist: Blair Greenan
** Organization: BIO
** Area_of_Operation: Sackville Spur
** Station: 044
** Sounding:  1144
** Event_Comments: SS-16 403256
# nquan = 25
# nvalues = 1168                        
# units = specified
# name 0 = scan: Scan Count
# name 1 = timeS: Time, Elapsed [seconds]
# name 2 = prDM: Pressure, Digiquartz [db]
# name 3 = t068C: Temperature [ITS-68, deg C]
# name 4 = c0S/m: Conductivity [S/m]
# name 5 = t168C: Temperature, 2 [ITS-68, deg C]
# name 6 = c1S/m: Conductivity, 2 [S/m]
# name 7 = altM: Altimeter [m]
# name 8 = flC: Fluorescence, Chelsea Aqua 3 Chl Con [ug/l]
# name 9 = sbeox0V: Oxygen raw, SBE 43 [V]
# name 10 = sbeox1V: Oxygen raw, SBE 43, 2 [V]
# name 11 = upoly0: Upoly 0, Optode 4330F - O2 D-Phase
# name 12 = upoly1: Upoly 1, Optode 4330F - O2 Temp
# name 13 = latitude: Latitude [deg]
# name 14 = longitude: Longitude [deg]
# name 15 = sal00: Salinity, Practical [PSU]
# name 16 = sal11: Salinity, Practical, 2 [PSU]
# name 17 = potemp068C: Potential Temperature [ITS-68, deg C]
# name 18 = potemp168C: Potential Temperature, 2 [ITS-68, deg C]
# name 19 = sigma-é00: Density [sigma-theta, Kg/m^3]
# name 20 = sigma-é11: Density, 2 [sigma-theta, Kg/m^3]
# name 21 = sbeox0ML/L: Oxygen, SBE 43 [ml/l], WS = 2
# name 22 = sbeox1ML/L: Oxygen, SBE 43, 2 [ml/l], WS = 2
# name 23 = nbin: number of scans per bin
# name 24 = flag: flag
# span 0 =       6687,      38940       
# span 1 =    278.568,   1622.466       
# span 2 =      2.000,   1169.000       
# span 3 =     1.5662,     8.4348       
# span 4 =   2.972287,   3.487176       
# span 5 =     1.5678,     8.4355       
# span 6 =   2.971987,   3.486960       
# span 7 =       5.65,     100.15       
# span 8 =     0.0090,     0.3551       
# span 9 =     2.5296,     3.5871       
# span 10 =     2.2313,     3.1321      
# span 11 =  29.919912,  34.575539      
# span 12 =  2.0081868,  8.4781055      
# span 13 =   48.03780,   48.03955      
# span 14 =  -46.23336,  -46.23252      
# span 15 =    33.0372,    34.9080      
# span 16 =    33.0349,    34.9074      
# span 17 =     1.5632,     8.4346      
# span 18 =     1.5648,     8.4353      
# span 19 =    25.6691,    27.7521      
# span 20 =    25.6671,    27.7518      
# span 21 =    6.29955,    7.93735      
# span 22 =    6.26638,    7.84434      
# span 23 =         13,         88      
# span 24 = 0.0000e+00, 0.0000e+00      
# interval = decibars: 1                
# start_time = Jul 10 2014 19:45:27 [NMEA time, header]
# bad_flag = -9.990e-29
*END*
[from data line 1102]
      35050   1460.368   1104.000     3.7145   3.271105     3.7139   3.270981      37.29     0.0155     2.5541     2.2584  34.460217  3.7206192   48.03932  -46.23310    34.9063    34.9056     3.6318     3.6311    27.7495    27.7490    6.30900    6.31401         22 0.0000e+00
      35072   1461.302   1105.000     3.7142   3.271113     3.7136   3.270994      97.99     0.0157     2.5534     2.2574  34.471790  3.7163665   48.03932  -46.23310    34.9062    34.9055     3.6314     3.6308    27.7495    27.7490    6.31450    6.30911         24 0.0000e+00
      35124   1463.455   1106.000     3.7143   3.271160     3.7137   3.271049      97.90     0.0179     2.5526     2.2563  34.474483  3.7141964   48.03932  -46.23310    34.9062    34.9055     3.6314     3.6308    27.7495    27.7490    6.32041    6.30828         42 0.0000e+00
      35190   1466.216   1107.000     3.7143   3.271204     3.7138   3.271095      40.12     0.0158     2.5522     2.2544  34.489700  3.7130787   48.03932  -46.23310    34.9063    34.9055     3.6313     3.6308    27.7495    27.7490    6.31650    6.29861         23 0.0000e+00
      35215   1467.244   1108.000     3.7139   3.271220     3.7133   3.271103      96.04     0.0145     2.5520     2.2538  34.472408  3.7182450   48.03932  -46.23310    34.9063    34.9056     3.6309     3.6302    27.7496    27.7491    6.32056    6.30674         27 0.0000e+00
      35263   1469.268   1109.000     3.7139   3.271244     3.7132   3.271140      78.68     0.0155     2.5518     2.2544  34.488953  3.7144475   48.03932  -46.23310    34.9061    34.9056     3.6308     3.6301    27.7494    27.7491    6.32175    6.31558         72 0.0000e+00
      35332   1472.126   1110.000     3.7141   3.271299     3.7134   3.271195      70.34     0.0200     2.5517     2.2551  34.498623  3.7136481   48.03932  -46.23310    34.9060    34.9055     3.6309     3.6302    27.7494    27.7491    6.32473    6.31595         48 0.0000e+00
      35368   1473.613   1111.000     3.7139   3.271340     3.7133   3.271236      83.72     0.0175     2.5521     2.2547  34.498169  3.7161405   48.03932  -46.23312    34.9062    34.9057     3.6306     3.6300    27.7495    27.7492    6.32598    6.30677         29 0.0000e+00
      35394   1474.707   1112.000     3.7139   3.271386     3.7133   3.271280      62.32     0.0170     2.5521     2.2539  34.498169  3.7157023   48.03932  -46.23312    34.9063    34.9057     3.6305     3.6299    27.7496    27.7492    6.32281    6.30167         26 0.0000e+00
      35438   1476.547   1113.000     3.7138   3.271414     3.7131   3.271301      94.46     0.0160     2.5514     2.2529  34.498642  3.7135208   48.03933  -46.23311    34.9062    34.9056     3.6304     3.6297    27.7495    27.7491    6.32036    6.30150         55 0.0000e+00
      35510   1479.528   1114.000     3.7138   3.271458     3.7132   3.271354      98.63     0.0160     2.5500     2.2510  34.499287  3.7145867   48.03934  -46.23312    34.9062    34.9056     3.6302     3.6297    27.7496    27.7491    6.31497    6.29709         27 0.0000e+00
      35531   1480.403   1115.000     3.7128   3.271415     3.7121   3.271300      37.68     0.0142     2.5501     2.2511  34.503212  3.7143412   48.03934  -46.23312    34.9062    34.9056     3.6292     3.6285    27.7497    27.7493    6.32564    6.30327         23 0.0000e+00
      35564   1481.788   1116.000     3.7128   3.271448     3.7121   3.271336      78.89     0.0177     2.5501     2.2509  34.507431  3.7132516   48.03934  -46.23312    34.9061    34.9056     3.6291     3.6284    27.7496    27.7493    6.32012    6.30438         47 0.0000e+00
      35638   1484.866   1117.000     3.7129   3.271508     3.7122   3.271399      76.14     0.0170     2.5495     2.2502  34.504505  3.7118249   48.03934  -46.23312    34.9062    34.9056     3.6291     3.6284    27.7497    27.7493    6.32286    6.30415         35 0.0000e+00
      35663   1485.903   1118.000     3.7128   3.271544     3.7121   3.271431      72.13     0.0184     2.5494     2.2502  34.498337  3.7136712   48.03934  -46.23312    34.9062    34.9056     3.6290     3.6282    27.7497    27.7493    6.32093    6.29991         30 0.0000e+00
      35705   1487.657   1119.000     3.7128   3.271580     3.7120   3.271472      70.44     0.0210     2.5488     2.2499  34.504570  3.7130759   48.03934  -46.23312    34.9061    34.9057     3.6289     3.6280    27.7497    27.7494    6.31592    6.30320         54 0.0000e+00
      35751   1489.580   1120.000     3.7127   3.271625     3.7120   3.271518      99.55     0.0218     2.5481     2.2494  34.512638  3.7130647   48.03936  -46.23312    34.9063    34.9058     3.6287     3.6279    27.7498    27.7495    6.31883    6.28922         34 0.0000e+00
      35783   1490.911   1121.000     3.7127   3.271675     3.7120   3.271569      58.22     0.0226     2.5483     2.2479  34.511997  3.7130647   48.03936  -46.23312    34.9064    34.9059     3.6286     3.6297    27.7499    27.7496    6.32056    6.29129         35 0.0000e+00
      35835   1493.102   1122.000     3.7128   3.271717     3.7120   3.271610      84.09     0.0167     2.5478     2.2482  34.516232  3.7130647   48.03936  -46.23312    34.9063    34.9059     3.6286     3.6277    27.7498    27.7496    6.31931    6.30780         66 0.0000e+00
      35887   1495.249   1123.000     3.7128   3.271777     3.7120   3.271657      84.41     0.0145     2.5478     2.2497  34.517475  3.7130647   48.03936  -46.23314    34.9064    34.9059     3.6285     3.6277    27.7500    27.7496    6.32376    6.30648         35 0.0000e+00
      35918   1496.534   1124.000     3.7127   3.271817     3.7120   3.271709      83.43     0.0147     2.5479     2.2489  34.516605  3.7130647   48.03936  -46.23314    34.9065    34.9060     3.6283     3.6276    27.7500    27.7497    6.31855    6.29588         31 0.0000e+00
      35963   1498.408   1125.000     3.7129   3.271869     3.7121   3.271756      65.51     0.0170     2.5474     2.2481  34.515305  3.7130647   48.03936  -46.23314    34.9065    34.9059     3.6284     3.6277    27.7500    27.7496    6.32044    6.30047         64 0.0000e+00
      36038   1501.523   1126.000     3.7129   3.271924     3.7123   3.271817      77.66     0.0205     2.5467     2.2490  34.512619  3.7130647   48.03938  -46.23314    34.9066    34.9060     3.6284     3.6278    27.7501    27.7496    6.31366    6.30106         35 0.0000e+00
      36061   1502.516   1127.000     3.7129   3.271965     3.7122   3.271856      41.77     0.0145     2.5460     2.2478  34.513428  3.7130647   48.03938  -46.23314    34.9066    34.9060     3.6282     3.6276    27.7501    27.7497    6.31454    6.29095         24 0.0000e+00
      36084   1503.474   1128.000     3.7128   3.271997     3.7122   3.271894      98.34     0.0152     2.5455     2.2471  34.512825  3.7130647   48.03938  -46.23314    34.9066    34.9060     3.6281     3.6275    27.7501    27.7497    6.32057    6.29106         22 0.0000e+00
      36109   1504.492   1129.000     3.7125   3.272020     3.7118   3.271910      85.68     0.0131     2.5462     2.2465  34.516193  3.7130647   48.03938  -46.23314    34.9066    34.9060     3.6277     3.6270    27.7502    27.7498    6.32229    6.29510         29 0.0000e+00
      36186   1507.715   1130.000     3.7126   3.272069     3.7119   3.271962      38.04     0.0165     2.5460     2.2464  34.516705  3.7125309   48.03938  -46.23314    34.9066    34.9061     3.6277     3.6270    27.7501    27.7498    6.32095    6.29982         42 0.0000e+00
      36232   1509.624   1131.000     3.7121   3.272081     3.7114   3.271978      99.11     0.0172     2.5453     2.2459  34.512787  3.7170994   48.03938  -46.23314    34.9068    34.9062     3.6271     3.6265    27.7503    27.7500    6.30715    6.28983         22 0.0000e+00
      36254   1510.531   1132.000     3.7116   3.272089     3.7108   3.271975      93.27     0.0202     2.5442     2.2453  34.515339  3.7152102   48.03938  -46.23314    34.9068    34.9063     3.6266     3.6258    27.7505    27.7501    6.31320    6.29226         23 0.0000e+00
      36286   1511.871   1133.000     3.7117   3.272130     3.7109   3.272015      51.47     0.0192     2.5441     2.2448  34.517365  3.7126772   48.03938  -46.23314    34.9068    34.9062     3.6266     3.6258    27.7504    27.7501    6.31427    6.29161         48 0.0000e+00
      36379   1515.767   1134.000     3.7121   3.272215     3.7114   3.272095      44.85     0.0142     2.5434     2.2444  34.518642  3.7121615   48.03940  -46.23316    34.9068    34.9062     3.6269     3.6262    27.7504    27.7500    6.31546    6.29143         44 0.0000e+00
      36400   1516.607   1135.000     3.7115   3.272214     3.7109   3.272111      46.23     0.0201     2.5427     2.2436  34.519585  3.7141962   48.03940  -46.23316    34.9069    34.9064     3.6262     3.6256    27.7505    27.7502    6.30690    6.29121         26 0.0000e+00
      36426   1517.691   1136.000     3.7109   3.272208     3.7102   3.272093      88.83     0.0198     2.5426     2.2439  34.518612  3.7137768   48.03940  -46.23316    34.9070    34.9064     3.6255     3.6248    27.7507    27.7503    6.31259    6.30345         28 0.0000e+00
      36470   1519.561   1137.000     3.7103   3.272200     3.7096   3.272095      70.17     0.0216     2.5419     2.2447  34.521233  3.7116818   48.03940  -46.23316    34.9070    34.9065     3.6249     3.6242    27.7508    27.7504    6.31078    6.30176         65 0.0000e+00
      36523   1521.766   1138.000     3.7103   3.272248     3.7095   3.272143      47.83     0.0173     2.5412     2.2441  34.526276  3.7131066   48.03940  -46.23316    34.9071    34.9067     3.6247     3.6261    27.7509    27.7506    6.31553    6.29281         33 0.0000e+00
      36555   1523.104   1139.000     3.7105   3.272308     3.7097   3.272200      32.05     0.0149     2.5412     2.2437  34.524273  3.7128012   48.03940  -46.23316    34.9071    34.9066     3.6249     3.6242    27.7508    27.7505    6.31026    6.29100         36 0.0000e+00
      36600   1524.967   1140.000     3.7108   3.272366     3.7099   3.272252      57.75     0.0202     2.5407     2.2424  34.519615  3.7125032   48.03941  -46.23316    34.9070    34.9065     3.6251     3.6243    27.7507    27.7504    6.31120    6.28483         52 0.0000e+00
      36651   1527.073   1141.000     3.7107   3.272403     3.7099   3.272294      44.29     0.0204     2.5405     2.2419  34.521675  3.7123034   48.03942  -46.23316    34.9070    34.9065     3.6249     3.6241    27.7507    27.7505    6.31475    6.29281         51 0.0000e+00
      36703   1529.257   1142.000     3.7099   3.272391     3.7093   3.272294      32.33     0.0173     2.5399     2.2411  34.525436  3.7126586   48.03942  -46.23316    34.9072    34.9066     3.6240     3.6234    27.7510    27.7506    6.30437    6.28405         46 0.0000e+00
      36739   1530.762   1143.000     3.7094   3.272406     3.7087   3.272297      32.20     0.0158     2.5388     2.2409  34.523533  3.7127411   48.03942  -46.23318    34.9073    34.9068     3.6235     3.6228    27.7512    27.7508    6.30091    6.29090         30 0.0000e+00
      36768   1531.964   1144.000     3.7085   3.272377     3.7078   3.272266      31.56     0.0141     2.5383     2.2409  34.525497  3.7124174   48.03942  -46.23318    34.9074    34.9069     3.6225     3.6218    27.7514    27.7510    6.30739    6.29437         30 0.0000e+00
      36804   1533.466   1145.000     3.7088   3.272439     3.7081   3.272329      30.32     0.0189     2.5379     2.2414  34.554382  3.7059760   48.03942  -46.23318    34.9073    34.9068     3.6227     3.6220    27.7512    27.7509    6.30883    6.29812         44 0.0000e+00
      36853   1535.482   1146.000     3.7089   3.272484     3.7082   3.272378      21.87     0.0145     2.5379     2.2409  34.547081  3.7042632   48.03943  -46.23318    34.9072    34.9068     3.6228     3.6220    27.7512    27.7509    6.30800    6.28787         53 0.0000e+00
      36910   1537.874   1147.000     3.7092   3.272551     3.7086   3.272457      28.15     0.0158     2.5376     2.2404  34.532803  3.7120473   48.03944  -46.23318    34.9072    34.9067     3.6230     3.6224    27.7511    27.7508    6.31068    6.29404         52 0.0000e+00
      36951   1539.570   1148.000     3.7094   3.272621     3.7089   3.272531      26.97     0.0178     2.5375     2.2407  34.523979  3.7101707   48.03944  -46.23318    34.9074    34.9068     3.6231     3.6226    27.7512    27.7508    6.30723    6.29402         37 0.0000e+00
      36987   1541.071   1149.000     3.7097   3.272691     3.7089   3.272574      26.00     0.0173     2.5370     2.2402  34.549290  3.7067816   48.03944  -46.23320    34.9073    34.9068     3.6233     3.6225    27.7512    27.7508    6.30706    6.28771         33 0.0000e+00
      37017   1542.322   1150.000     3.7090   3.272672     3.7082   3.272560      25.14     0.0191     2.5370     2.2399  34.556839  3.7046759   48.03944  -46.23320    34.9074    34.9069     3.6224     3.6217    27.7513    27.7510    6.31123    6.28836         28 0.0000e+00
      37048   1543.622   1151.000     3.7088   3.272703     3.7082   3.272605      24.11     0.0170     2.5369     2.2396  34.557793  3.7052078   48.03944  -46.23320    34.9074    34.9069     3.6222     3.6216    27.7514    27.7510    6.31122    6.29287         40 0.0000e+00
      37141   1547.485   1152.000     3.7088   3.272748     3.7084   3.272666      22.60     0.0231     2.5359     2.2389  34.556969  3.7118895   48.03946  -46.23320    34.9075    34.9069     3.6221     3.6218    27.7514    27.7510    6.30079    6.28763         42 0.0000e+00
      37168   1548.611   1153.000     3.7085   3.272777     3.7079   3.272664      22.11     0.0171     2.5353     2.2390  34.558189  3.7126291   48.03946  -46.23320    34.9077    34.9069     3.6217     3.6211    27.7516    27.7511    6.30970    6.29131         21 0.0000e+00
      37189   1549.491   1154.000     3.7073   3.272725     3.7069   3.272635      21.25     0.0153     2.5355     2.2385  34.558052  3.7130604   48.03946  -46.23320    34.9078    34.9071     3.6204     3.6201    27.7519    27.7513    6.30406    6.28648         23 0.0000e+00
      37217   1550.672   1155.000     3.7078   3.272797     3.7072   3.272699      20.29     0.0180     2.5346     2.2381  34.565079  3.7080638   48.03946  -46.23320    34.9076    34.9071     3.6209     3.6203    27.7517    27.7513    6.30299    6.28639         39 0.0000e+00
      37282   1553.395   1156.000     3.7078   3.272837     3.7070   3.272722      18.84     0.0167     2.5345     2.2370  34.571297  3.7026734   48.03946  -46.23322    34.9075    34.9070     3.6208     3.6200    27.7516    27.7513    6.30794    6.28037         70 0.0000e+00
      37328   1555.282   1157.000     3.7074   3.272856     3.7067   3.272747      18.04     0.0170     2.5345     2.2361  34.564072  3.7090235   48.03946  -46.23322    34.9077    34.9072     3.6203     3.6196    27.7518    27.7514    6.30876    6.28062         36 0.0000e+00
      37362   1556.706   1158.000     3.7073   3.272894     3.7067   3.272792      17.20     0.0178     2.5336     2.2358  34.561321  3.7072427   48.03946  -46.23322    34.9077    34.9072     3.6202     3.6195    27.7518    27.7514    6.30130    6.28450         32 0.0000e+00
      37392   1557.956   1159.000     3.7073   3.272936     3.7067   3.272823      16.41     0.0138     2.5339     2.2360  34.558834  3.7032380   48.03946  -46.23322    34.9078    34.9071     3.6200     3.6194    27.7519    27.7514    6.30775    6.29448         28 0.0000e+00
      37421   1559.178   1160.000     3.7064   3.272909     3.7057   3.272795      15.33     0.0174     2.5333     2.2368  34.570259  3.7032967   48.03947  -46.23322    34.9079    34.9073     3.6191     3.6183    27.7520    27.7516    6.30285    6.29450         33 0.0000e+00
