data/CTD/2014/CNV/d017a036.cnv
* Sea-Bird SBE 9 Data File:
* FileName = C:\CTD_ACQUISITION\2014017HUD\ctddata\017A036.hdr
* Software Version Seasave V 7.22.2
* Temperature SN = 5081
* Conductivity SN = 3561
* Number of Bytes Per Scan = 37
* Number of Voltage Words = 4
* Number of Scans Averaged by the Deck Unit = 1
* NMEA Latitude = 48 26.48 N
* NMEA Longitude = 046 40.75 W
* NMEA UTC (Time) = Jul 09 2014 20:04:18
* NMEA baud rate = 9600
** Ship: Hudson
** Cruise: HUD2014017
** Chief_Scientist: Blair Greenan
** Organization: BIO
** Area_of_Operation: Sackville Spur
** Station: 036
** Sounding:  2091
** Event_Comments: SS-08 403206
# nquan = 25
# nvalues = 2163                        
# units = specified
# name 0 = scan: Scan Count
# name 1 = timeS: Time, Elapsed [seconds]
# name 2 = prDM: Pressure, Digiquartz [db]
# name 3 = t068C: Temperature [ITS-68, deg C]
# name 4 = c0S/m: Conductivity [S/m]
# name 5 = t168C: Temperature, 2 [ITS-68, deg C]
# name 6 = c1S/m: Conductivity, 2 [S/m]
# name 7 = altM: Altimeter [m]
# name 8 = flC: Fluorescence, Chelsea Aqua 3 Chl Con [ug/l]
# name 9 = sbeox0V: Oxygen raw, SBE 43 [V]
# name 10 = sbeox1V: Oxygen raw, SBE 43, 2 [V]
# name 11 = upoly0: Upoly 0, Optode 4330F - O2 D-Phase
# name 12 = upoly1: Upoly 1, Optode 4330F - O2 Temp
# name 13 = latitude: Latitude [deg]
# name 14 = longitude: Longitude [deg]
# name 15 = sal00: Salinity, Practical [PSU]
# name 16 = sal11: Salinity, Practical, 2 [PSU]
# name 17 = potemp068C: Potential Temperature [ITS-68, deg C]
# name 18 = potemp168C: Potential Temperature, 2 [ITS-68, deg C]
# name 19 = sigma-é00: Density [sigma-theta, Kg/m^3]
# name 20 = sigma-é11: Density, 2 [sigma-theta, Kg/m^3]
# name 21 = sbeox0ML/L: Oxygen, SBE 43 [ml/l], WS = 2
# name 22 = sbeox1ML/L: Oxygen, SBE 43, 2 [ml/l], WS = 2
# name 23 = nbin: number of scans per bin
# name 24 = flag: flag
# span 0 =       7298,      64963       
# span 1 =    304.027,   2706.735       
# span 2 =      3.000,   2165.000       
# span 3 =    -0.4496,     7.6873       
# span 4 =   2.768753,   3.405133       
# span 5 =    -0.4493,     7.6869       
# span 6 =   2.768632,   3.405035       
# span 7 =       3.27,     103.23       
# span 8 =     0.0060,     0.7691       
# span 9 =     2.2668,     3.7682       
# span 10 =     2.0059,     3.2708      
# span 11 =  30.390791,  35.347382      
# span 12 = -0.1084633,  7.7276998      
# span 13 =   48.44250,   48.44504      
# span 14 =  -46.67831,  -46.66668      
# span 15 =    32.9800,    34.9157      
# span 16 =    32.9791,    34.9154      
# span 17 =    -0.4511,     7.6869      
# span 18 =    -0.4508,     7.6867      
# span 19 =    25.7330,    27.8352      
# span 20 =    25.7323,    27.8351      
# span 21 =    6.26302,    9.68395      
# span 22 =    6.24080,    9.72301      
# span 23 =         13,         96      
# span 24 = 0.0000e+00, 0.0000e+00      
# interval = decibars: 1                
# start_time = Jul 09 2014 20:04:18 [NMEA time, header]
# bad_flag = -9.990e-29
*END*
[from data line 812]
      30083   1253.408    815.000     3.6572   3.249904     3.6568   3.249814      66.39     0.0178     2.7232     2.4085  33.788834  3.6544566   48.44422  -46.67318    34.8637    34.8631     3.5983     3.5979    27.7189    27.7185    6.60338    6.61947         22 0.0000e+00
      30103   1254.234    816.000     3.6568   3.249921     3.6566   3.249839      98.84     0.0180     2.7235     2.4077  33.794090  3.6544566   48.44422  -46.67316    34.8638    34.8631     3.5979     3.5977    27.7191    27.7185    6.60478    6.61668         18 0.0000e+00
      30120   1254.949    817.000     3.6566   3.249941     3.6563   3.249857      98.63     0.0149     2.7224     2.4075  33.792309  3.6544566   48.44422  -46.67316    34.8638    34.8631     3.5976     3.5973    27.7191    27.7186    6.60540    6.61909         17 0.0000e+00
      30137   1255.650    818.000     3.6567   3.249995     3.6564   3.249909      89.99     0.0117     2.7231     2.4070  33.794811  3.6544566   48.44422  -46.67316    34.8638    34.8631     3.5976     3.5973    27.7190    27.7185    6.61139    6.61491         17 0.0000e+00
      30156   1256.462    819.000     3.6570   3.250058     3.6566   3.249972      72.64     0.0121     2.7230     2.4064  33.800953  3.6540511   48.44422  -46.67316    34.8637    34.8631     3.5979     3.5975    27.7189    27.7185    6.60646    6.61380         23 0.0000e+00
      30190   1257.854    820.000     3.6572   3.250107     3.6566   3.249992      97.84     0.0168     2.7226     2.4055  33.797970  3.6494892   48.44422  -46.67315    34.8635    34.8629     3.5980     3.5973    27.7188    27.7184    6.60887    6.61679         44 0.0000e+00
      30226   1259.383    821.000     3.6566   3.250091     3.6558   3.249969      40.79     0.0202     2.7224     2.4053  33.794163  3.6453362   48.44422  -46.67314    34.8635    34.8629     3.5972     3.5965    27.7189    27.7184    6.60798    6.62092         25 0.0000e+00
      30247   1260.255    822.000     3.6558   3.250064     3.6555   3.249988      98.93     0.0186     2.7224     2.4054  33.795650  3.6529536   48.44422  -46.67314    34.8635    34.8629     3.5964     3.5961    27.7189    27.7185    6.61122    6.62259         19 0.0000e+00
      30265   1260.988    823.000     3.6553   3.250072     3.6549   3.249971      98.64     0.0164     2.7223     2.4053  33.787441  3.6544762   48.44422  -46.67312    34.8636    34.8628     3.5959     3.5955    27.7191    27.7185    6.61377    6.62502         16 0.0000e+00
      30281   1261.669    824.000     3.6537   3.249964     3.6535   3.249881      89.45     0.0146     2.7226     2.4056  33.798347  3.6544566   48.44422  -46.67312    34.8635    34.8627     3.5942     3.5940    27.7191    27.7186    6.61084    6.62458         17 0.0000e+00
      30298   1262.372    825.000     3.6534   3.249970     3.6529   3.249879      64.15     0.0145     2.7221     2.4051  33.802860  3.6534061   48.44422  -46.67312    34.8634    34.8628     3.5937     3.5933    27.7191    27.7187    6.60560    6.61627         18 0.0000e+00
      30319   1263.234    826.000     3.6537   3.250041     3.6533   3.249962      97.14     0.0137     2.7218     2.4044  33.803986  3.6540210   48.44422  -46.67312    34.8634    34.8629     3.5940     3.5936    27.7191    27.7187    6.60573    6.61403         24 0.0000e+00
      30349   1264.508    827.000     3.6552   3.250240     3.6549   3.250156      87.81     0.0173     2.7209     2.4038  33.802155  3.6462288   48.44422  -46.67310    34.8636    34.8630     3.5954     3.5951    27.7191    27.7187    6.60291    6.61602         34 0.0000e+00
      30378   1265.715    828.000     3.6556   3.250327     3.6551   3.250226      79.95     0.0165     2.7198     2.4032  33.800949  3.6446497   48.44422  -46.67310    34.8637    34.8631     3.5957     3.5973    27.7192    27.7187    6.59738    6.61342         24 0.0000e+00
      30401   1266.676    829.000     3.6558   3.250391     3.6555   3.250326      98.80     0.0152     2.7195     2.4029  33.803818  3.6481173   48.44422  -46.67310    34.8637    34.8632     3.5959     3.5977    27.7192    27.7188    6.59861    6.61905         23 0.0000e+00
      30425   1267.677    830.000     3.6578   3.250642     3.6575   3.250586      82.80     0.0164     2.7181     2.4028  33.802216  3.6469543   48.44422  -46.67309    34.8642    34.8637     3.5977     3.5975    27.7193    27.7190    6.59120    6.61593         26 0.0000e+00
      30452   1268.812    831.000     3.6591   3.250830     3.6588   3.250749      84.32     0.0165     2.7170     2.4023  33.802723  3.6485250   48.44422  -46.67308    34.8644    34.8638     3.5990     3.5986    27.7194    27.7190    6.59080    6.61060         28 0.0000e+00
      30479   1269.921    832.000     3.6593   3.250909     3.6590   3.250829      63.81     0.0154     2.7164     2.4012  33.802185  3.6516793   48.44422  -46.67307    34.8646    34.8640     3.5991     3.5988    27.7196    27.7191    6.59071    6.60624         24 0.0000e+00
      30500   1270.811    833.000     3.6627   3.251313     3.6625   3.251275      89.09     0.0162     2.7152     2.4009  33.804394  3.6544528   48.44422  -46.67306    34.8653    34.8651     3.6024     3.6022    27.7198    27.7197    6.58954    6.60887         20 0.0000e+00
      30519   1271.595    834.000     3.6662   3.251731     3.6658   3.251666      98.52     0.0155     2.7154     2.4004  33.802223  3.6544566   48.44422  -46.67306    34.8661    34.8657     3.6057     3.6054    27.7201    27.7198    6.59899    6.60457         18 0.0000e+00
      30538   1272.361    835.000     3.6671   3.251884     3.6668   3.251822      98.64     0.0149     2.7150     2.3999  33.801819  3.6544566   48.44422  -46.67306    34.8664    34.8660     3.6066     3.6063    27.7202    27.7199    6.59005    6.59917         19 0.0000e+00
      30558   1273.221    836.000     3.6674   3.251960     3.6671   3.251884      63.41     0.0168     2.7146     2.3986  33.801876  3.6544566   48.44422  -46.67306    34.8665    34.8659     3.6068     3.6107    27.7203    27.7199    6.59231    6.59676         23 0.0000e+00
      30589   1274.498    837.000     3.6677   3.252045     3.6677   3.251981      97.40     0.0182     2.7146     2.3986  33.808540  3.6544566   48.44422  -46.67304    34.8666    34.8660     3.6071     3.6071    27.7204    27.7199    6.59862    6.61602         39 0.0000e+00
      30625   1276.014    838.000     3.6681   3.252121     3.6684   3.252094      68.40     0.0175     2.7144     2.3997  33.805355  3.6586564   48.44422  -46.67303    34.8666    34.8660     3.6074     3.6076    27.7203    27.7199    6.59831    6.62054         29 0.0000e+00
      30649   1277.017    839.000     3.6667   3.252032     3.6663   3.251947      98.79     0.0147     2.7142     2.4002  33.800369  3.6633739   48.44422  -46.67302    34.8666    34.8659     3.6059     3.6055    27.7204    27.7200    6.59735    6.61799         21 0.0000e+00
      30669   1277.828    840.000     3.6633   3.251758     3.6638   3.251724      98.64     0.0168     2.7144     2.3999  33.809692  3.6620307   48.44422  -46.67302    34.8664    34.8654     3.6024     3.6029    27.7206    27.7198    6.60278    6.60622         18 0.0000e+00
      30686   1278.556    841.000     3.6582   3.251306     3.6587   3.251282      97.75     0.0194     2.7144     2.3989  33.820953  3.6601653   48.44422  -46.67302    34.8659    34.8651     3.5973     3.5978    27.7207    27.7201    6.60829    6.60510         17 0.0000e+00
      30703   1279.269    842.000     3.6532   3.250847     3.6542   3.250851      51.49     0.0206     2.7150     2.3986  33.819294  3.6631336   48.44422  -46.67302    34.8651    34.8642     3.5923     3.5932    27.7207    27.7198    6.60802    6.61275         18 0.0000e+00
      30722   1280.041    843.000     3.6494   3.250505     3.6492   3.250426      97.43     0.0176     2.7148     2.3984  33.829742  3.6584942   48.44422  -46.67300    34.8646    34.8638     3.5884     3.5882    27.7206    27.7200    6.60202    6.61549         20 0.0000e+00
      30745   1280.982    844.000     3.6484   3.250445     3.6483   3.250366      98.64     0.0156     2.7142     2.3984  33.823334  3.6546149   48.44422  -46.67300    34.8644    34.8636     3.5874     3.5872    27.7206    27.7200    6.60156    6.61693         26 0.0000e+00
      30777   1282.336    845.000     3.6463   3.250260     3.6458   3.250146      69.64     0.0173     2.7139     2.3985  33.829105  3.6476109   48.44422  -46.67299    34.8639    34.8631     3.5852     3.5846    27.7204    27.7198    6.60352    6.62123         38 0.0000e+00
      30812   1283.786    846.000     3.6460   3.250279     3.6457   3.250200      79.08     0.0168     2.7135     2.3983  33.832142  3.6445723   48.44422  -46.67298    34.8640    34.8633     3.5848     3.5845    27.7205    27.7200    6.60197    6.61674         28 0.0000e+00
      30835   1284.752    847.000     3.6482   3.250564     3.6479   3.250489      82.43     0.0196     2.7126     2.3982  33.833740  3.6446886   48.44422  -46.67297    34.8645    34.8639     3.5869     3.5866    27.7207    27.7203    6.59787    6.61807         20 0.0000e+00
      30854   1285.541    848.000     3.6475   3.250541     3.6477   3.250502      99.05     0.0198     2.7127     2.3980  33.828945  3.6446886   48.44422  -46.67296    34.8644    34.8638     3.5861     3.5863    27.7207    27.7202    6.59909    6.61926         18 0.0000e+00
      30872   1286.283    849.000     3.6466   3.250493     3.6464   3.250420      98.64     0.0214     2.7125     2.3980  33.834023  3.6446886   48.44422  -46.67296    34.8643    34.8636     3.5851     3.5850    27.7207    27.7202    6.59673    6.62122         18 0.0000e+00
      30890   1287.050    850.000     3.6451   3.250408     3.6450   3.250334      59.87     0.0198     2.7113     2.3980  33.829380  3.6446886   48.44422  -46.67296    34.8643    34.8636     3.5836     3.5835    27.7209    27.7203    6.59497    6.62668         20 0.0000e+00
      30911   1287.930    851.000     3.6463   3.250571     3.6460   3.250504      92.79     0.0189     2.7110     2.3984  33.830509  3.6446886   48.44422  -46.67295    34.8645    34.8640     3.5847     3.5844    27.7209    27.7206    6.59135    6.62280         23 0.0000e+00
      30941   1289.157    852.000     3.6480   3.250785     3.6475   3.250684      89.07     0.0191     2.7101     2.3980  33.830723  3.6442037   48.44422  -46.67294    34.8648    34.8641     3.5863     3.5858    27.7210    27.7205    6.59924    6.62335         38 0.0000e+00
      30983   1290.922    853.000     3.6495   3.250992     3.6489   3.250884      65.96     0.0209     2.7086     2.3979  33.830494  3.6444454   48.44422  -46.67293    34.8651    34.8645     3.5877     3.5871    27.7211    27.7206    6.57458    6.61637         37 0.0000e+00
      31010   1292.049    854.000     3.6490   3.251013     3.6487   3.250929      99.88     0.0207     2.7072     2.3968  33.825375  3.6442153   48.44422  -46.67292    34.8654    34.8647     3.5871     3.5868    27.7214    27.7208    6.59666    6.61481         21 0.0000e+00
      31028   1292.797    855.000     3.6476   3.250946     3.6474   3.250863      77.68     0.0151     2.7078     2.3967  33.825901  3.6446919   48.44421  -46.67292    34.8655    34.8648     3.5857     3.5854    27.7216    27.7211    6.60446    6.62089         17 0.0000e+00
      31044   1293.462    856.000     3.6475   3.250982     3.6472   3.250894      60.65     0.0174     2.7082     2.3967  33.827114  3.6446886   48.44420  -46.67292    34.8655    34.8649     3.5855     3.5851    27.7216    27.7212    6.60321    6.62087         15 0.0000e+00
      31059   1294.102    857.000     3.6476   3.251029     3.6472   3.250947      98.48     0.0208     2.7085     2.3967  33.830574  3.6446886   48.44420  -46.67290    34.8655    34.8649     3.5855     3.5851    27.7216    27.7212    6.59834    6.61785         16 0.0000e+00
      31076   1294.775    858.000     3.6476   3.251065     3.6473   3.250986      98.64     0.0218     2.7081     2.3962  33.831902  3.6446886   48.44421  -46.67290    34.8654    34.8648     3.5854     3.5851    27.7216    27.7211    6.59051    6.61191         17 0.0000e+00
      31097   1295.653    859.000     3.6476   3.251108     3.6471   3.251003      80.17     0.0164     2.7073     2.3954  33.832294  3.6443489   48.44422  -46.67290    34.8653    34.8646     3.5854     3.5849    27.7215    27.7210    6.59542    6.61203         27 0.0000e+00
      31140   1297.447    860.000     3.6474   3.251113     3.6471   3.251034      91.52     0.0192     2.7073     2.3941  33.830482  3.6421785   48.44421  -46.67288    34.8651    34.8645     3.5851     3.5848    27.7213    27.7209    6.59897    6.60625         50 0.0000e+00
      31174   1298.895    861.000     3.6473   3.251149     3.6469   3.251069      69.88     0.0192     2.7070     2.3927  33.832405  3.6447182   48.44420  -46.67288    34.8651    34.8646     3.5849     3.5845    27.7214    27.7210    6.59876    6.60535         25 0.0000e+00
      31197   1299.816    862.000     3.6474   3.251216     3.6471   3.251135      86.94     0.0158     2.7072     2.3928  33.834442  3.6446886   48.44420  -46.67287    34.8653    34.8647     3.5849     3.5846    27.7215    27.7211    6.60041    6.61304         20 0.0000e+00
      31215   1300.583    863.000     3.6474   3.251269     3.6470   3.251194      81.47     0.0163     2.7069     2.3925  33.836243  3.6446886   48.44420  -46.67286    34.8654    34.8649     3.5849     3.5845    27.7216    27.7213    6.59732    6.60700         17 0.0000e+00
      31232   1301.274    864.000     3.6477   3.251331     3.6474   3.251257      66.01     0.0155     2.7069     2.3919  33.837002  3.6446886   48.44420  -46.67286    34.8654    34.8648     3.5850     3.5847    27.7216    27.7212    6.59886    6.60616         16 0.0000e+00
      31248   1301.938    865.000     3.6478   3.251389     3.6474   3.251305      64.59     0.0160     2.7064     2.3917  33.837914  3.6440773   48.44420  -46.67284    34.8654    34.8648     3.5850     3.5847    27.7216    27.7211    6.60010    6.61036         16 0.0000e+00
      31264   1302.636    866.000     3.6479   3.251447     3.6476   3.251367      75.37     0.0194     2.7066     2.3917  33.838013  3.6425402   48.44420  -46.67284    34.8655    34.8649     3.5851     3.5847    27.7216    27.7212    6.60329    6.61259         18 0.0000e+00
      31285   1303.494    867.000     3.6483   3.251523     3.6479   3.251444      97.92     0.0199     2.7067     2.3917  33.838211  3.6434381   48.44420  -46.67284    34.8654    34.8649     3.5854     3.5850    27.7216    27.7212    6.59798    6.60893         24 0.0000e+00
      31314   1304.727    868.000     3.6477   3.251504     3.6475   3.251432      74.82     0.0182     2.7058     2.3908  33.831833  3.6416531   48.44420  -46.67284    34.8653    34.8647     3.5847     3.5845    27.7216    27.7211    6.60192    6.60749         35 0.0000e+00
      31351   1306.245    869.000     3.6471   3.251479     3.6472   3.251448      95.03     0.0147     2.7062     2.3908  33.836433  3.6423624   48.44420  -46.67282    34.8652    34.8647     3.5840     3.5841    27.7215    27.7211    6.60464    6.61283         38 0.0000e+00
      31388   1307.808    870.000     3.6470   3.251509     3.6467   3.251442      73.54     0.0131     2.7059     2.3907  33.838921  3.6447794   48.44420  -46.67282    34.8651    34.8646     3.5839     3.5836    27.7215    27.7211    6.59999    6.61337         33 0.0000e+00
      31416   1308.957    871.000     3.6465   3.251526     3.6462   3.251443      29.38     0.0154     2.7055     2.3906  33.838829  3.6446886   48.44420  -46.67281    34.8653    34.8647     3.5833     3.5830    27.7217    27.7212    6.59677    6.61296         23 0.0000e+00
