data/CTD/2014/CNV/d017a055.cnv
* Sea-Bird SBE 9 Data File:
* FileName = C:\CTD_ACQUISITION\2014017HUD\ctddata\017A055.hdr
* Software Version Seasave V 7.22.2
* Temperature SN = 5081
* Conductivity SN = 3561
* Number of Bytes Per Scan = 37
* Number of Voltage Words = 4
* Number of Scans Averaged by the Deck Unit = 1
* NMEA Latitude = 43 29.83 N
* NMEA Longitude = 059 16.64 W
* NMEA UTC (Time) = Jul 13 2014 12:05:02
* NMEA baud rate = 9600
** Ship: Hudson
** Cruise: HUD2014017
** Chief_Scientist: Blair Greenan
** Organization: BIO
** Area_of_Operation: Sackville Spur
** Station: 055
** Sounding:  1445
** Event_Comments: LC2 , 0
# nquan = 25
# nvalues = 1676                        
# units = specified
# name 0 = scan: Scan Count
# name 1 = timeS: Time, Elapsed [seconds]
# name 2 = prDM: Pressure, Digiquartz [db]
# name 3 = t068C: Temperature [ITS-68, deg C]
# name 4 = c0S/m: Conductivity [S/m]
# name 5 = t168C: Temperature, 2 [ITS-68, deg C]
# name 6 = c1S/m: Conductivity, 2 [S/m]
# name 7 = altM: Altimeter [m]
# name 8 = flC: Fluorescence, Chelsea Aqua 3 Chl Con [ug/l]
# name 9 = sbeox0V: Oxygen raw, SBE 43 [V]
# name 10 = sbeox1V: Oxygen raw, SBE 43, 2 [V]
# name 11 = upoly0: Upoly 0, Optode 4330F - O2 D-Phase
# name 12 = upoly1: Upoly 1, Optode 4330F - O2 Temp
# name 13 = latitude: Latitude [deg]
# name 14 = longitude: Longitude [deg]
# name 15 = sal00: Salinity, Practical [PSU]
# name 16 = sal11: Salinity, Practical, 2 [PSU]
# name 17 = potemp068C: Potential Temperature [ITS-68, deg C]
# name 18 = potemp168C: Potential Temperature, 2 [ITS-68, deg C]
# name 19 = sigma-é00: Density [sigma-theta, Kg/m^3]
# name 20 = sigma-é11: Density, 2 [sigma-theta, Kg/m^3]
# name 21 = sbeox0ML/L: Oxygen, SBE 43 [ml/l], WS = 2
# name 22 = sbeox1ML/L: Oxygen, SBE 43, 2 [ml/l], WS = 2
# name 23 = nbin: number of scans per bin
# name 24 = flag: flag
# span 0 =       6573,      50884       
# span 1 =    273.847,   2120.122       
# span 2 =      1.000,   1676.000       
# span 3 =     3.7426,    15.9644       
# span 4 =   3.300683,   4.069516       
# span 5 =     3.7419,    15.9489       
# span 6 =   3.300617,   4.068300       
# span 7 =       8.74,     105.38       
# span 8 =     0.0068,     2.0138       
# span 9 =     2.0876,     3.5072       
# span 10 =     1.8124,     3.0062      
# span 11 =  28.734137,  38.484352      
# span 12 =  3.7558074,  15.935349      
# span 13 =   43.49656,   43.49756      
# span 14 =  -59.28356,  -59.27807      
# span 15 =    32.1829,    35.2045      
# span 16 =    32.1810,    35.2041      
# span 17 =     3.6095,    15.9637      
# span 18 =     3.6088,    15.9483      
# span 19 =    23.5918,    27.7808      
# span 20 =    23.5943,    27.7808      
# span 21 =    3.78058,    7.34830      
# span 22 =    3.65529,    7.25324      
# span 23 =          8,        109      
# span 24 = 0.0000e+00, 0.0000e+00      
# interval = decibars: 1                
# start_time = Jul 13 2014 12:05:02 [NMEA time, header]
# bad_flag = -9.990e-29
*END*
[from data line 1102]
      35406   1475.229   1103.000     4.2413   3.321708     4.2408   3.321624      98.63     0.0150     2.4912     2.1891  34.854698  4.2421660   43.49656  -59.28200    34.9482    34.9476     4.1541     4.1537    27.7288    27.7284    6.04155    5.98021         24 0.0000e+00
      35430   1476.221   1104.000     4.2415   3.321768     4.2411   3.321694      36.09     0.0104     2.4913     2.1891  34.850460  4.2417617   43.49656  -59.28200    34.9481    34.9477     4.1542     4.1539    27.7288    27.7284    6.04206    5.98393         24 0.0000e+00
      35455   1477.246   1105.000     4.2414   3.321802     4.2410   3.321718      98.41     0.0139     2.4905     2.1891  34.850986  4.2417097   43.49656  -59.28200    34.9481    34.9476     4.1541     4.1536    27.7288    27.7284    6.03923    5.98306         25 0.0000e+00
      35480   1478.276   1106.000     4.2413   3.321835     4.2408   3.321749      98.63     0.0163     2.4904     2.1891  34.850422  4.2413497   43.49656  -59.28200    34.9481    34.9476     4.1539     4.1534    27.7288    27.7285    6.04480    5.98241         24 0.0000e+00
      35503   1479.266   1107.000     4.2413   3.321887     4.2408   3.321796      88.28     0.0160     2.4905     2.1891  34.851746  4.2426815   43.49656  -59.28200    34.9482    34.9477     4.1538     4.1533    27.7288    27.7285    6.04420    5.98283         23 0.0000e+00
      35526   1480.215   1108.000     4.2411   3.321905     4.2406   3.321812      98.70     0.0167     2.4900     2.1887  34.850445  4.2413783   43.49656  -59.28202    34.9482    34.9476     4.1535     4.1530    27.7289    27.7285    6.03474    5.97422         23 0.0000e+00
      35549   1481.158   1109.000     4.2394   3.321797     4.2395   3.321742      98.63     0.0152     2.4890     2.1880  34.854240  4.2422285   43.49656  -59.28202    34.9482    34.9474     4.1517     4.1546    27.7291    27.7285    6.04206    5.97501         23 0.0000e+00
      35572   1482.108   1110.000     4.2385   3.321754     4.2381   3.321667      98.63     0.0160     2.4895     2.1874  34.851772  4.2405677   43.49656  -59.28202    34.9481    34.9475     4.1508     4.1504    27.7291    27.7287    6.04945    5.97498         23 0.0000e+00
      35595   1483.069   1111.000     4.2380   3.321743     4.2375   3.321655      98.63     0.0172     2.4895     2.1872  34.854237  4.2409554   43.49656  -59.28202    34.9480    34.9475     4.1502     4.1496    27.7291    27.7288    6.04569    5.97826         23 0.0000e+00
      35618   1484.061   1112.000     4.2371   3.321700     4.2367   3.321621      98.63     0.0163     2.4896     2.1870  34.852871  4.2405381   43.49656  -59.28204    34.9479    34.9474     4.1492     4.1488    27.7291    27.7288    6.04807    5.97567         24 0.0000e+00
      35644   1485.141   1113.000     4.2367   3.321703     4.2362   3.321623      98.63     0.0182     2.4893     2.1864  34.856602  4.2405372   43.49656  -59.28204    34.9479    34.9474     4.1487     4.1483    27.7292    27.7288    6.04510    5.97412         28 0.0000e+00
      35671   1486.257   1114.000     4.2367   3.321746     4.2361   3.321661      92.08     0.0190     2.4890     2.1861  34.855080  4.2405372   43.49656  -59.28204    34.9479    34.9475     4.1486     4.1480    27.7292    27.7289    6.04734    5.97844         25 0.0000e+00
      35696   1487.291   1115.000     4.2369   3.321813     4.2364   3.321727      69.78     0.0195     2.4893     2.1860  34.852825  4.2405372   43.49656  -59.28206    34.9480    34.9475     4.1487     4.1482    27.7292    27.7289    6.04963    5.97736         24 0.0000e+00
      35719   1488.248   1116.000     4.2365   3.321824     4.2360   3.321735      98.56     0.0208     2.4889     2.1858  34.853638  4.2405372   43.49656  -59.28206    34.9480    34.9475     4.1482     4.1478    27.7293    27.7289    6.04786    5.98032         23 0.0000e+00
      35741   1489.172   1117.000     4.2361   3.321827     4.2358   3.321754      98.63     0.0210     2.4890     2.1860  34.857738  4.2405372   43.49656  -59.28206    34.9480    34.9474     4.1477     4.1474    27.7294    27.7289    6.04814    5.98280         22 0.0000e+00
      35763   1490.086   1118.000     4.2345   3.321722     4.2341   3.321635      98.63     0.0191     2.4886     2.1860  34.864334  4.2405372   43.49656  -59.28206    34.9480    34.9473     4.1460     4.1457    27.7295    27.7290    6.04377    5.98574         22 0.0000e+00
      35785   1491.019   1119.000     4.2338   3.321700     4.2333   3.321616      98.63     0.0187     2.4880     2.1862  34.861809  4.2405372   43.49656  -59.28206    34.9479    34.9474     4.1453     4.1448    27.7295    27.7292    6.04298    5.98312         22 0.0000e+00
      35809   1492.010   1120.000     4.2336   3.321716     4.2331   3.321637      98.63     0.0176     2.4878     2.1858  34.854427  4.2405372   43.49656  -59.28207    34.9478    34.9474     4.1450     4.1445    27.7295    27.7292    6.04785    5.97834         25 0.0000e+00
      35834   1493.062   1121.000     4.2326   3.321676     4.2321   3.321584      98.63     0.0154     2.4876     2.1853  34.857140  4.2405372   43.49656  -59.28208    34.9479    34.9473     4.1439     4.1434    27.7297    27.7293    6.05023    5.97813         26 0.0000e+00
      35860   1494.117   1122.000     4.2321   3.321667     4.2318   3.321601      75.71     0.0154     2.4879     2.1852  34.852776  4.2405372   43.49656  -59.28208    34.9478    34.9474     4.1434     4.1430    27.7296    27.7293    6.04881    5.98105         25 0.0000e+00
      35884   1495.128   1123.000     4.2318   3.321680     4.2314   3.321615      52.96     0.0206     2.4873     2.1849  34.853001  4.2405372   43.49656  -59.28208    34.9478    34.9474     4.1430     4.1426    27.7297    27.7294    6.04757    5.98017         23 0.0000e+00
      35908   1496.125   1124.000     4.2316   3.321709     4.2312   3.321632      98.61     0.0185     2.4869     2.1846  34.852161  4.2401466   43.49656  -59.28210    34.9478    34.9473     4.1427     4.1423    27.7297    27.7294    6.04859    5.98078         25 0.0000e+00
      35934   1497.212   1125.000     4.2308   3.321678     4.2304   3.321593      93.48     0.0139     2.4871     2.1846  34.856033  4.2381277   43.49656  -59.28210    34.9477    34.9472     4.1418     4.1414    27.7298    27.7294    6.04715    5.98076         28 0.0000e+00
      35961   1498.341   1126.000     4.2307   3.321712     4.2303   3.321642      93.13     0.0186     2.4868     2.1843  34.859802  4.2346539   43.49656  -59.28210    34.9478    34.9474     4.1416     4.1412    27.7299    27.7295    6.04534    5.98280         25 0.0000e+00
      35984   1499.287   1127.000     4.2306   3.321751     4.2302   3.321676      98.73     0.0181     2.4854     2.1843  34.860821  4.2321920   43.49656  -59.28210    34.9479    34.9474     4.1414     4.1411    27.7299    27.7296    6.03493    5.98390         20 0.0000e+00
      36004   1500.109   1128.000     4.2298   3.321725     4.2294   3.321651      98.63     0.0166     2.4853     2.1842  34.863018  4.2327261   43.49656  -59.28210    34.9479    34.9474     4.1406     4.1402    27.7300    27.7297    6.05065    5.97770         20 0.0000e+00
      36023   1500.936   1129.000     4.2299   3.321771     4.2295   3.321700      98.63     0.0185     2.4854     2.1835  34.864429  4.2362542   43.49656  -59.28211    34.9478    34.9474     4.1406     4.1402    27.7300    27.7296    6.04578    5.97494         21 0.0000e+00
      36048   1501.949   1130.000     4.2300   3.321810     4.2294   3.321719      98.63     0.0161     2.4849     2.1831  34.864468  4.2300787   43.49656  -59.28212    34.9477    34.9472     4.1406     4.1400    27.7298    27.7296    6.04426    5.98363         29 0.0000e+00
      36080   1503.296   1131.000     4.2296   3.321816     4.2288   3.321706      98.63     0.0190     2.4846     2.1837  34.864468  4.2295442   43.49656  -59.28212    34.9477    34.9472     4.1401     4.1393    27.7299    27.7296    6.04798    5.99215         32 0.0000e+00
      36107   1504.423   1132.000     4.2293   3.321836     4.2289   3.321763      98.63     0.0170     2.4847     2.1842  34.863785  4.2280703   43.49656  -59.28214    34.9477    34.9473     4.1397     4.1393    27.7300    27.7297    6.05023    5.98870         22 0.0000e+00
      36127   1505.257   1133.000     4.2292   3.321884     4.2287   3.321798      68.52     0.0154     2.4845     2.1840  34.858253  4.2292361   43.49656  -59.28214    34.9479    34.9474     4.1395     4.1390    27.7301    27.7298    6.04454    5.98336         19 0.0000e+00
      36146   1506.025   1134.000     4.2292   3.321920     4.2286   3.321831      77.72     0.0110     2.4840     2.1837  34.855499  4.2285948   43.49656  -59.28214    34.9478    34.9474     4.1394     4.1388    27.7301    27.7298    6.04743    5.98479         18 0.0000e+00
      36165   1506.825   1135.000     4.2286   3.321908     4.2281   3.321816      98.41     0.0150     2.4841     2.1835  34.854019  4.2293653   43.49656  -59.28214    34.9478    34.9472     4.1387     4.1382    27.7302    27.7298    6.04730    5.98403         21 0.0000e+00
      36189   1507.814   1136.000     4.2281   3.321911     4.2277   3.321828      98.63     0.0186     2.4835     2.1831  34.855007  4.2276978   43.49656  -59.28215    34.9478    34.9472     4.1382     4.1378    27.7302    27.7298    6.04490    5.97590         28 0.0000e+00
      36221   1509.164   1137.000     4.2280   3.321933     4.2275   3.321849      98.63     0.0113     2.4833     2.1816  34.857170  4.2279000   43.49656  -59.28216    34.9477    34.9472     4.1380     4.1375    27.7301    27.7298    6.04991    5.97221         34 0.0000e+00
      36251   1510.407   1138.000     4.2275   3.321929     4.2269   3.321849      98.63     0.0135     2.4833     2.1810  34.864658  4.2284384   43.49656  -59.28216    34.9477    34.9473     4.1374     4.1368    27.7302    27.7300    6.04778    5.98047         25 0.0000e+00
      36273   1511.325   1139.000     4.2272   3.321944     4.2267   3.321867      98.63     0.0150     2.4828     2.1812  34.857788  4.2293153   43.49656  -59.28216    34.9477    34.9473     4.1370     4.1365    27.7302    27.7300    6.04221    5.98028         20 0.0000e+00
      36293   1512.153   1140.000     4.2265   3.321929     4.2260   3.321849      98.63     0.0180     2.4824     2.1807  34.854179  4.2278261   43.49656  -59.28216    34.9477    34.9473     4.1362     4.1357    27.7304    27.7301    6.04661    5.97199         20 0.0000e+00
      36313   1512.981   1141.000     4.2255   3.321882     4.2250   3.321801      98.63     0.0194     2.4823     2.1801  34.854946  4.2273493   43.49656  -59.28216    34.9477    34.9473     4.1351     4.1347    27.7305    27.7302    6.04880    5.97443         20 0.0000e+00
      36334   1513.887   1142.000     4.2246   3.321847     4.2242   3.321768      98.63     0.0211     2.4822     2.1797  34.858330  4.2299304   43.49656  -59.28217    34.9477    34.9472     4.1342     4.1338    27.7306    27.7302    6.04940    5.97622         24 0.0000e+00
      36359   1514.933   1143.000     4.2246   3.321879     4.2241   3.321805      98.63     0.0192     2.4816     2.1795  34.861633  4.2277737   43.49656  -59.28218    34.9476    34.9473     4.1341     4.1361    27.7305    27.7303    6.04201    5.98138         26 0.0000e+00
      36386   1516.051   1144.000     4.2244   3.321910     4.2239   3.321831      98.63     0.0183     2.4813     2.1798  34.864491  4.2275109   43.49656  -59.28218    34.9477    34.9473     4.1338     4.1333    27.7306    27.7303    6.04796    5.98448         27 0.0000e+00
      36411   1517.098   1145.000     4.2240   3.321918     4.2235   3.321826      98.63     0.0156     2.4811     2.1800  34.862041  4.2291312   43.49656  -59.28218    34.9477    34.9472     4.1333     4.1328    27.7307    27.7303    6.04927    5.98725         24 0.0000e+00
      36434   1518.055   1146.000     4.2232   3.321885     4.2227   3.321812      98.63     0.0132     2.4814     2.1801  34.855198  4.2303162   43.49656  -59.28220    34.9477    34.9473     4.1324     4.1349    27.7307    27.7305    6.05456    5.98637         22 0.0000e+00
      36456   1518.967   1147.000     4.2228   3.321892     4.2223   3.321815      98.63     0.0134     2.4813     2.1802  34.855145  4.2285733   43.49656  -59.28220    34.9477    34.9473     4.1319     4.1315    27.7308    27.7305    6.04408    5.98660         22 0.0000e+00
      36478   1519.872   1148.000     4.2227   3.321926     4.2222   3.321849      98.63     0.0169     2.4802     2.1801  34.864433  4.2284436   43.49656  -59.28220    34.9477    34.9473     4.1317     4.1312    27.7308    27.7306    6.04532    5.98219         21 0.0000e+00
      36501   1520.842   1149.000     4.2226   3.321965     4.2221   3.321876      98.63     0.0141     2.4803     2.1796  34.863354  4.2266598   43.49656  -59.28220    34.9477    34.9472     4.1316     4.1311    27.7308    27.7305    6.04728    5.98350         26 0.0000e+00
      36529   1521.984   1150.000     4.2225   3.321993     4.2221   3.321915      98.63     0.0170     2.4799     2.1797  34.858475  4.2234049   43.49656  -59.28221    34.9476    34.9472     4.1314     4.1309    27.7308    27.7305    6.04820    5.98456         29 0.0000e+00
      36558   1523.214   1151.000     4.2219   3.321986     4.2216   3.321919      98.63     0.0178     2.4793     2.1788  34.859253  4.2238016   43.49656  -59.28222    34.9477    34.9472     4.1307     4.1304    27.7309    27.7306    6.04293    5.96754         28 0.0000e+00
      36583   1524.252   1152.000     4.2215   3.321991     4.2210   3.321907      98.63     0.0203     2.4792     2.1775  34.864582  4.2245698   43.49656  -59.28222    34.9477    34.9472     4.1302     4.1297    27.7310    27.7307    6.04256    5.97027         22 0.0000e+00
      36604   1525.119   1153.000     4.2212   3.322005     4.2208   3.321940      98.63     0.0213     2.4781     2.1769  34.862976  4.2259073   43.49656  -59.28222    34.9477    34.9473     4.1298     4.1294    27.7310    27.7308    6.04078    5.97630         20 0.0000e+00
      36623   1525.908   1154.000     4.2206   3.321999     4.2203   3.321935      98.63     0.0176     2.4785     2.1771  34.862926  4.2271566   43.49656  -59.28222    34.9477    34.9473     4.1292     4.1289    27.7311    27.7308    6.04984    5.98431         19 0.0000e+00
      36642   1526.714   1155.000     4.2203   3.322017     4.2198   3.321932      98.63     0.0159     2.4781     2.1774  34.863720  4.2249503   43.49656  -59.28222    34.9478    34.9473     4.1287     4.1283    27.7312    27.7309    6.05027    5.98837         20 0.0000e+00
      36665   1527.662   1156.000     4.2190   3.321936     4.2186   3.321861      98.63     0.0175     2.4780     2.1776  34.864449  4.2218361   43.49656  -59.28223    34.9477    34.9472     4.1274     4.1270    27.7312    27.7309    6.04494    5.98600         26 0.0000e+00
      36697   1529.004   1157.000     4.2187   3.321949     4.2183   3.321879      98.63     0.0167     2.4778     2.1777  34.864468  4.2209992   43.49656  -59.28224    34.9476    34.9473     4.1270     4.1266    27.7313    27.7310    6.04773    5.98240         37 0.0000e+00
      36729   1530.314   1158.000     4.2187   3.321993     4.2182   3.321911      98.63     0.0129     2.4771     2.1768  34.864468  4.2210011   43.49656  -59.28224    34.9477    34.9472     4.1269     4.1264    27.7313    27.7310    6.04118    5.97759         25 0.0000e+00
      36750   1531.223   1159.000     4.2185   3.322026     4.2180   3.321945      98.63     0.0125     2.4769     2.1768  34.867599  4.2210011   43.49656  -59.28224    34.9478    34.9474     4.1266     4.1261    27.7314    27.7311    6.05022    5.98195         19 0.0000e+00
