data/CTD/2014/CNV/d017a052.cnv
* Sea-Bird SBE 9 Data File:
* FileName = C:\CTD_ACQUISITION\2014017HUD\ctddata\017A052.hdr
* Software Version Seasave V 7.22.2
* Temperature SN = 5081
* Conductivity SN = 3561
* Number of Bytes Per Scan = 37
* Number of Voltage Words = 4
* Number of Scans Averaged by the Deck Unit = 1
* NMEA Latitude = 43 42.60 N
* NMEA Longitude = 059 07.70 W
* NMEA UTC (Time) = Jul 13 2014 07:26:46
* NMEA baud rate = 9600
** Ship: Hudson
** Cruise: HUD2014017
** Chief_Scientist: Blair Greenan
** Organization: BIO
** Area_of_Operation: Sackville Spur
** Station: 052
** Sounding:  245
** Event_Comments: LC1, 0
** Microcat calibration. No bottles.
# nquan = 25
# nvalues = 223                         
# units = specified
# name 0 = scan: Scan Count
# name 1 = timeS: Time, Elapsed [seconds]
# name 2 = prDM: Pressure, Digiquartz [db]
# name 3 = t068C: Temperature [ITS-68, deg C]
# name 4 = c0S/m: Conductivity [S/m]
# name 5 = t168C: Temperature, 2 [ITS-68, deg C]
# name 6 = c1S/m: Conductivity, 2 [S/m]
# name 7 = altM: Altimeter [m]
# name 8 = flC: Fluorescence, Chelsea Aqua 3 Chl Con [ug/l]
# name 9 = sbeox0V: Oxygen raw, SBE 43 [V]
# name 10 = sbeox1V: Oxygen raw, SBE 43, 2 [V]
# name 11 = upoly0: Upoly 0, Optode 4330F - O2 D-Phase
# name 12 = upoly1: Upoly 1, Optode 4330F - O2 Temp
# name 13 = latitude: Latitude [deg]
# name 14 = longitude: Longitude [deg]
# name 15 = sal00: Salinity, Practical [PSU]
# name 16 = sal11: Salinity, Practical, 2 [PSU]
# name 17 = potemp068C: Potential Temperature [ITS-68, deg C]
# name 18 = potemp168C: Potential Temperature, 2 [ITS-68, deg C]
# name 19 = sigma-é00: Density [sigma-theta, Kg/m^3]
# name 20 = sigma-é11: Density, 2 [sigma-theta, Kg/m^3]
# name 21 = sbeox0ML/L: Oxygen, SBE 43 [ml/l], WS = 2
# name 22 = sbeox1ML/L: Oxygen, SBE 43, 2 [ml/l], WS = 2
# name 23 = nbin: number of scans per bin
# name 24 = flag: flag
# span 0 =      13931,      19790       
# span 1 =    580.422,    824.529       
# span 2 =     10.000,    232.000       
# span 3 =     3.6401,    12.7208       
# span 4 =   3.055254,   4.111689       
# span 5 =     3.6598,    12.7260       
# span 6 =   3.056967,   4.109985       
# span 7 =       6.65,     100.44       
# span 8 =     0.0105,     0.1663       
# span 9 =     2.2350,     3.5416       
# span 10 =     1.9481,     3.0558      
# span 11 =  29.200193,  37.381992      
# span 12 =  4.0723057,  12.723706      
# span 13 =   43.70925,   43.70965      
# span 14 =  -59.12972,  -59.12906      
# span 15 =    31.8709,    35.4396      
# span 16 =    31.7746,    35.4342      
# span 17 =     3.6364,    12.7194      
# span 18 =     3.6560,    12.7246      
# span 19 =    24.0355,    27.1367      
# span 20 =    23.9628,    27.1300      
# span 21 =    4.17747,    7.33621      
# span 22 =    3.96376,    7.17674      
# span 23 =         14,         65      
# span 24 = 0.0000e+00, 0.0000e+00      
# interval = decibars: 1                
# start_time = Jul 13 2014 07:26:46 [NMEA time, header]
# bad_flag = -9.990e-29
*END*
[from data line 116]
      17149    714.511    126.000    10.9999   3.900826    10.9039   3.886678      34.74     0.0185     2.8797     2.5053  32.167885  10.893094   43.70942  -59.12942    34.9137    34.8635    10.9844    10.8885    26.7116    26.6898    5.42396    5.29683         23 0.0000e+00
      17178    715.703    127.000    11.1653   3.921523    11.0870   3.913542      93.67     0.0202     2.8731     2.5095  32.173962  11.109948   43.70942  -59.12943    34.9623    34.9571    11.1495    11.0714    26.7194    26.7296    5.40789    5.33579         34 0.0000e+00
      17214    717.192    128.000    11.3588   3.945568    11.3591   3.946936      59.40     0.0196     2.8721     2.5142  32.205456  11.181540   43.70942  -59.12944    35.0170    35.0303    11.3427    11.3430    26.7265    26.7368    5.41889    5.30180         33 0.0000e+00
      17240    718.291    129.000    11.4550   3.957583    11.4647   3.959311      76.98     0.0227     2.8734     2.5132  32.227509  11.225919   43.70942  -59.12944    35.0442    35.0521    11.4387    11.4484    26.7299    26.7343    5.38070    5.26079         22 0.0000e+00
      17259    719.076    130.000    11.5037   3.963601    11.5028   3.962225      98.44     0.0240     2.8685     2.5075  32.272392  11.233782   43.70942  -59.12944    35.0572    35.0444    11.4872    11.4864    26.7310    26.7212    5.34186    5.19012         17 0.0000e+00
      17275    719.764    131.000    11.5231   3.965808    11.5137   3.962760      98.63     0.0216     2.8628     2.4952  32.310951  11.239259   43.70942  -59.12944    35.0601    35.0389    11.5065    11.4971    26.7296    26.7149    5.32406    5.12714         16 0.0000e+00
      17292    720.452    132.000    11.5343   3.967216    11.5203   3.963633      34.87     0.0212     2.8578     2.4819  32.313274  11.241879   43.70942  -59.12944    35.0630    35.0409    11.5175    11.5035    26.7298    26.7152    5.32561    5.13243         17 0.0000e+00
      17312    721.297    133.000    11.5429   3.968457    11.5255   3.965151      77.30     0.0217     2.8554     2.4815  32.331810  11.336659   43.70942  -59.12944    35.0666    35.0504    11.5260    11.5086    26.7311    26.7217    5.34805    5.21419         25 0.0000e+00
      17350    722.864    134.000    11.5629   3.970950    11.5461   3.969544      70.09     0.0181     2.8580     2.4944  32.367546  11.405364   43.70941  -59.12946    35.0718    35.0739    11.5458    11.5291    26.7314    26.7361    5.37324    5.26846         51 0.0000e+00
      17391    724.588    135.000    11.5925   3.975224    11.5842   3.974476      94.93     0.0186     2.8695     2.5049  32.404827  11.447933   43.70940  -59.12946    35.0855    35.0860    11.5753    11.5670    26.7365    26.7385    5.42463    5.24282         25 0.0000e+00
      17410    725.385    136.000    11.6026   3.976263    11.5950   3.975028      98.69     0.0184     2.8728     2.4991  32.409904  11.405793   43.70940  -59.12946    35.0857    35.0807    11.5853    11.5777    26.7348    26.7323    5.37605    5.17390         17 0.0000e+00
      17426    726.034    137.000    11.6053   3.976305    11.5996   3.974851      92.72     0.0217     2.8690     2.4905  32.422329  11.400552   43.70940  -59.12946    35.0831    35.0742    11.5879    11.5821    26.7323    26.7265    5.33183    5.13579         15 0.0000e+00
      17441    726.660    138.000    11.6059   3.976149    11.6022   3.975042       6.65     0.0239     2.8623     2.4813  32.423435  11.400489   43.70940  -59.12946    35.0806    35.0732    11.5883    11.5846    26.7303    26.7252    5.30742    5.13458         15 0.0000e+00
      17458    727.359    139.000    11.6065   3.976379    11.6031   3.975266      89.89     0.0207     2.8561     2.4785  32.406422  11.511471   43.70940  -59.12946    35.0818    35.0741    11.5888    11.5854    26.7311    26.7258    5.30292    5.16974         19 0.0000e+00
      17482    728.381    140.000    11.6070   3.976620    11.5990   3.975409      98.26     0.0168     2.8504     2.4814  32.403095  11.537166   43.70940  -59.12946    35.0833    35.0790    11.5891    11.5811    26.7323    26.7304    5.32111    5.21634         32 0.0000e+00
      17519    729.910    141.000    11.6326   3.980790    11.6432   3.984522      49.63     0.0195     2.8499     2.4880  32.387478  11.890720   43.70940  -59.12948    35.0990    35.1263    11.6153    11.6252    26.7395    26.7589    5.32751    5.19964         35 0.0000e+00
      17547    731.089    142.000    11.8164   4.006969    11.8746   4.016577     100.44     0.0183     2.8464     2.4823  32.394897  11.918662   43.70940  -59.12948    35.1826    35.2218    11.7981    11.8562    26.7700    26.7894    5.26555    5.12372         23 0.0000e+00
      17568    731.954    143.000    11.9639   4.025605    11.9892   4.028256      93.92     0.0150     2.8377     2.4746  32.403084  11.977895   43.70940  -59.12948    35.2252    35.2272    11.9453    11.9706    26.7751    26.7718    5.19764    5.07552         20 0.0000e+00
      17588    732.796    144.000    12.0111   4.030977    12.0164   4.030676      24.56     0.0145     2.8252     2.4663  32.404335  11.997848   43.70940  -59.12948    35.2327    35.2247    11.9923    11.9976    26.7719    26.7647    5.16030    5.04685         21 0.0000e+00
      17610    733.706    145.000    12.0086   4.030122    12.0069   4.029470      97.74     0.0142     2.8147     2.4573  32.405476  12.132749   43.70940  -59.12948    35.2262    35.2215    11.9897    11.9879    26.7674    26.7641    5.15311    5.02715         23 0.0000e+00
      17635    734.739    146.000    12.0133   4.030884    12.0241   4.032818      34.59     0.0122     2.8050     2.4487  32.402908  12.169121   43.70940  -59.12948    35.2288    35.2374    11.9943    12.0050    26.7685    26.7732    5.14700    5.00971         26 0.0000e+00
      17660    735.796    147.000    12.1792   4.054565    12.2159   4.059966      98.86     0.0115     2.7983     2.4390  32.402931  12.368304   43.70939  -59.12949    35.3025    35.3204    12.1598    12.1964    26.7939    26.8007    5.12766    4.96467         25 0.0000e+00
      17685    736.817    148.000    12.3228   4.073874    12.3782   4.081916      97.84     0.0143     2.7942     2.4332  32.414585  12.380198   43.70938  -59.12950    35.3542    35.3799    12.3031    12.3584    26.8062    26.8154    5.11449    4.97362         24 0.0000e+00
      17709    737.829    149.000    12.4807   4.095313    12.5150   4.099566      33.16     0.0143     2.7911     2.4354  32.458405  12.425914   43.70938  -59.12950    35.4125    35.4212    12.4607    12.4950    26.8206    26.8206    5.08973    4.98064         25 0.0000e+00
      17734    738.882    150.000    12.5530   4.104218    12.5593   4.104708      97.76     0.0142     2.7875     2.4376  32.473736  12.440961   43.70938  -59.12950    35.4299    35.4287    12.5328    12.5391    26.8200    26.8178    5.07391    4.96375         26 0.0000e+00
      17760    739.949    151.000    12.5775   4.106964    12.5757   4.106482      83.20     0.0183     2.7835     2.4333  32.505203  12.474658   43.70938  -59.12950    35.4329    35.4300    12.5571    12.5553    26.8175    26.8156    5.06223    4.89912         25 0.0000e+00
      17784    740.940    152.000    12.5882   4.108078    12.5854   4.107381      40.00     0.0180     2.7797     2.4183  32.523525  12.487436   43.70938  -59.12950    35.4331    35.4291    12.5677    12.5649    26.8156    26.8130    5.04228    4.83087         22 0.0000e+00
      17805    741.841    153.000    12.5967   4.109019    12.5932   4.107831      99.16     0.0155     2.7729     2.4065  32.562359  12.514283   43.70938  -59.12950    35.4338    35.4256    12.5760    12.5726    26.8144    26.8088    5.02082    4.84437         21 0.0000e+00
      17826    742.706    154.000    12.6060   4.110170    12.5990   4.108352      98.63     0.0129     2.7676     2.4051  32.560616  12.514506   43.70938  -59.12950    35.4357    35.4248    12.5852    12.5782    26.8141    26.8070    5.01728    4.87949         21 0.0000e+00
      17849    743.658    155.000    12.6170   4.111689    12.6077   4.109955      31.62     0.0138     2.7640     2.4070  32.618088  12.523726   43.70938  -59.12950    35.4396    35.4316    12.5960    12.5867    26.8150    26.8106    5.01883    4.89327         25 0.0000e+00
      17876    744.784    156.000    12.6124   4.111214    12.6048   4.109985      99.44     0.0136     2.7608     2.4087  32.632294  12.518160   43.70938  -59.12951    35.4388    35.4342    12.5913    12.5837    26.8153    26.8132    5.01717    4.88272         28 0.0000e+00
      17903    745.916    157.000    12.5981   4.109515    12.5840   4.107391      90.44     0.0164     2.7573     2.4033  32.683136  12.494440   43.70938  -59.12952    35.4355    35.4283    12.5769    12.5628    26.8156    26.8128    4.99346    4.81794         25 0.0000e+00
      17925    746.850    158.000    12.5712   4.106175    12.5498   4.103275      25.87     0.0185     2.7488     2.3886  32.693390  12.494966   43.70938  -59.12952    35.4282    35.4203    12.5499    12.5286    26.8152    26.8133    4.93786    4.74156         21 0.0000e+00
      17946    747.692    159.000    12.5412   4.102667    12.5315   4.101023      98.96     0.0145     2.7346     2.3712  32.740147  12.487634   43.70938  -59.12952    35.4222    35.4154    12.5198    12.5101    26.8165    26.8131    4.88228    4.68763         20 0.0000e+00
      17966    748.555    160.000    12.5273   4.101086    12.5242   4.100158      96.91     0.0105     2.7173     2.3529  32.739925  12.487404   43.70937  -59.12952    35.4195    35.4135    12.5058    12.5027    26.8172    26.8132    4.83668    4.64390         22 0.0000e+00
      17990    749.553    161.000    12.5188   4.100153    12.5165   4.099467      30.94     0.0150     2.6973     2.3343  32.794647  12.512308   43.70936  -59.12952    35.4181    35.4136    12.4971    12.4949    26.8178    26.8148    4.79659    4.63022         26 0.0000e+00
      18019    750.737    162.000    12.5168   4.100219    12.5136   4.099599      64.86     0.0155     2.6752     2.3229  32.826084  12.495372   43.70936  -59.12952    35.4202    35.4172    12.4950    12.4919    26.8199    26.8182    4.76114    4.64185         30 0.0000e+00
      18047    751.932    163.000    12.5153   4.100646    12.5022   4.098825      85.15     0.0147     2.6574     2.3155  32.926811  12.423765   43.70936  -59.12953    35.4253    35.4200    12.4933    12.4803    26.8242    26.8226    4.74289    4.61260         27 0.0000e+00
      18072    752.964    164.000    12.4649   4.095725    12.4357   4.091817      43.11     0.0123     2.6447     2.3034  32.977196  12.374464   43.70936  -59.12954    35.4249    35.4145    12.4428    12.4138    26.8337    26.8314    4.72713    4.56338         23 0.0000e+00
      18094    753.858    165.000    12.4108   4.089889    12.3929   4.087458      98.10     0.0186     2.6345     2.2909  33.064796  12.279254   43.70936  -59.12954    35.4190    35.4123    12.3887    12.3708    26.8398    26.8382    4.70557    4.51448         20 0.0000e+00
      18113    754.675    166.000    12.3777   4.086142    12.3693   4.084925      84.73     0.0218     2.6236     2.2742  33.061470  12.279610   43.70936  -59.12954    35.4135    35.4096    12.3555    12.3471    26.8420    26.8406    4.66512    4.46002         19 0.0000e+00
      18132    755.478    167.000    12.3136   4.078551    12.3326   4.080962      84.57     0.0223     2.6082     2.2587  33.215187  12.205467   43.70936  -59.12954    35.3999    35.4054    12.2914    12.3103    26.8440    26.8446    4.61658    4.43134         20 0.0000e+00
      18153    756.340    168.000    12.2298   4.068872    12.2742   4.074156      84.17     0.0197     2.5912     2.2431  33.220688  12.201530   43.70936  -59.12954    35.3847    35.3941    12.2076    12.2519    26.8485    26.8472    4.61588    4.43575         22 0.0000e+00
      18178    757.387    169.000    12.1701   4.062187    12.2016   4.065013      83.26     0.0179     2.5820     2.2375  33.342770  12.107780   43.70936  -59.12954    35.3757    35.3734    12.1477    12.1792    26.8531    26.8452    4.64365    4.48188         29 0.0000e+00
      18211    758.766    170.000    12.1039   4.054529    12.0926   4.051631      85.04     0.0154     2.5744     2.2375  33.439331  12.026641   43.70936  -59.12955    35.3633    35.3457    12.0815    12.0703    26.8562    26.8447    4.64197    4.51563         35 0.0000e+00
      18241    760.018    171.000    11.9976   4.042239    11.9737   4.038179      90.04     0.0182     2.5678     2.2399  33.590157  11.884478   43.70936  -59.12956    35.3436    35.3266    11.9752    11.9513    26.8614    26.8527    4.62090    4.48558         24 0.0000e+00
      18262    760.890    172.000    11.9317   4.034848    11.9075   4.031730      79.32     0.0180     2.5574     2.2280  33.622765  11.876338   43.70936  -59.12956    35.3333    35.3258    11.9093    11.8851    26.8660    26.8648    4.56308    4.40944         19 0.0000e+00
      18280    761.631    173.000    11.8625   4.027589    11.8507   4.025945      79.16     0.0155     2.5437     2.2154  33.749355  11.829327   43.70936  -59.12956    35.3274    35.3225    11.8401    11.8283    26.8746    26.8731    4.52494    4.37567         17 0.0000e+00
      18298    762.366    174.000    11.8153   4.022794    11.8138   4.021677      78.45     0.0177     2.5307     2.2028  33.748600  11.829259   43.70936  -59.12956    35.3247    35.3152    11.7928    11.7913    26.8815    26.8744    4.53154    4.37311         19 0.0000e+00
      18319    763.236    175.000    11.7635   4.016062    11.7675   4.016100      77.56     0.0191     2.5254     2.1976  33.865868  11.786416   43.70936  -59.12956    35.3074    35.3040    11.7409    11.7449    26.8779    26.8745    4.58310    4.42701         24 0.0000e+00
      18350    764.535    176.000    11.7018   4.008799    11.7067   4.008386      75.67     0.0156     2.5270     2.1987  33.954582  11.741771   43.70934  -59.12957    35.2942    35.2855    11.6792    11.6840    26.8793    26.8717    4.60948    4.44059         38 0.0000e+00
      18385    766.003    177.000    11.6642   4.004869    11.6533   4.002045      74.39     0.0158     2.5262     2.1953  34.111198  11.629858   43.70934  -59.12958    35.2909    35.2754    11.6414    11.6312    26.8839    26.8742    4.60141    4.40601         28 0.0000e+00
      18408    766.939    178.000    11.6150   3.999889    11.5817   3.994826      73.58     0.0136     2.5248     2.1858  34.177483  11.580743   43.70934  -59.12958    35.2882    35.2699    11.5922    11.5590    26.8911    26.8830    4.58110    4.33354         19 0.0000e+00
      18425    767.654    179.000    11.5790   3.996694    11.5489   3.991829      72.91     0.0168     2.5189     2.1719  34.362034  11.428019   43.70934  -59.12958    35.2905    35.2711    11.5561    11.5261    26.8996    26.8901    4.54423    4.28339         16 0.0000e+00
      18440    768.312    180.000    11.5605   3.994712    11.5333   3.990088      72.35     0.0163     2.5112     2.1604  34.359890  11.429792   43.70934  -59.12958    35.2881    35.2684    11.5375    11.5103    26.9012    26.8910    4.51403    4.28078         16 0.0000e+00
      18458    769.032    181.000    11.5432   3.992429    11.5140   3.988010      71.19     0.0156     2.5016     2.1535  34.464397  11.232417   43.70934  -59.12958    35.2817    35.2658    11.5201    11.4910    26.8995    26.8925    4.49687    4.30854         19 0.0000e+00
      18484    770.128    182.000    11.4836   3.984915    11.4295   3.976744      69.64     0.0196     2.4931     2.1532  34.589912  10.970457   43.70934  -59.12958    35.2637    35.2344    11.4604    11.4065    26.8967    26.8839    4.53142    4.36223         37 0.0000e+00
