data/CTD/2014/CNV/u017a042.cnv
* Sea-Bird SBE 9 Data File:
* FileName = C:\CTD_ACQUISITION\2014017HUD\ctddata\017A042.hdr
* Software Version Seasave V 7.22.2
* Temperature SN = 5081
* Conductivity SN = 3561
* Number of Bytes Per Scan = 37
* Number of Voltage Words = 4
* Number of Scans Averaged by the Deck Unit = 1
* NMEA Latitude = 48 16.34 N
* NMEA Longitude = 046 30.28 W
* NMEA UTC (Time) = Jul 10 2014 07:21:15
* NMEA baud rate = 9600
** Ship: Hudson
** Cruise: HUD2014017
** Chief_Scientist: Blair Greenan
** Organization: BIO
** Area_of_Operation: Sackville Spur
** Station: 042
** Sounding:  851
** Event_Comments: SS_12, 403244
# nquan = 25
# nvalues = 864                         
# units = specified
# name 0 = scan: Scan Count
# name 1 = timeS: Time, Elapsed [seconds]
# name 2 = prDM: Pressure, Digiquartz [db]
# name 3 = t068C: Temperature [ITS-68, deg C]
# name 4 = c0S/m: Conductivity [S/m]
# name 5 = t168C: Temperature, 2 [ITS-68, deg C]
# name 6 = c1S/m: Conductivity, 2 [S/m]
# name 7 = altM: Altimeter [m]
# name 8 = flC: Fluorescence, Chelsea Aqua 3 Chl Con [ug/l]
# name 9 = sbeox0V: Oxygen raw, SBE 43 [V]
# name 10 = sbeox1V: Oxygen raw, SBE 43, 2 [V]
# name 11 = upoly0: Upoly 0, Optode 4330F - O2 D-Phase
# name 12 = upoly1: Upoly 1, Optode 4330F - O2 Temp
# name 13 = latitude: Latitude [deg]
# name 14 = longitude: Longitude [deg]
# name 15 = sal00: Salinity, Practical [PSU]
# name 16 = sal11: Salinity, Practical, 2 [PSU]
# name 17 = potemp068C: Potential Temperature [ITS-68, deg C]
# name 18 = potemp168C: Potential Temperature, 2 [ITS-68, deg C]
# name 19 = sigma-é00: Density [sigma-theta, Kg/m^3]
# name 20 = sigma-é11: Density, 2 [sigma-theta, Kg/m^3]
# name 21 = sbeox0ML/L: Oxygen, SBE 43 [ml/l], WS = 2
# name 22 = sbeox1ML/L: Oxygen, SBE 43, 2 [ml/l], WS = 2
# name 23 = nbin: number of scans per bin
# name 24 = flag: flag
# span 0 =      32854,      69449       
# span 1 =   1368.878,   2893.646       
# span 2 =      1.000,    864.000       
# span 3 =    -1.0551,     7.7850       
# span 4 =   2.687903,   3.391199       
# span 5 =    -1.0566,     7.7851       
# span 6 =   2.687899,   3.391188       
# span 7 =      -0.38,     100.81       
# span 8 =     0.0078,     0.0690       
# span 9 =     2.6535,     3.7514       
# span 10 =     2.3417,     3.3359      
# span 11 =  30.345547,  34.600018      
# span 12 = -1.0341773,  7.8059545      
# span 13 =   48.27508,   48.27752      
# span 14 =  -46.50194,  -46.50116      
# span 15 =    32.7090,    34.8890      
# span 16 =    32.7307,    34.8885      
# span 17 =    -1.0563,     7.7849      
# span 18 =    -1.0578,     7.7850      
# span 19 =    25.5061,    27.7332      
# span 20 =    25.5231,    27.7329      
# span 21 =    6.42625,   10.12776      
# span 22 =    6.15569,   10.27952      
# span 23 =         13,         84      
# span 24 = 0.0000e+00, 0.0000e+00      
# interval = decibars: 1                
# start_time = Jul 10 2014 07:21:15 [NMEA time, header]
# bad_flag = -9.990e-29
*END*
[from data line 174]
      38320   1596.607    690.000     3.7793   3.256423     3.7793   3.256378      98.63     0.0192     2.7303     2.4036  33.897434  3.7840195   48.27510  -46.50190    34.8772    34.8766     3.7295     3.7295    27.7165    27.7160    6.50102    6.48313         27 0.0000e+00
      38360   1598.276    689.000     3.7791   3.256350     3.7791   3.256300      98.63     0.0161     2.7304     2.4033  33.888012  3.7817008   48.27510  -46.50190    34.8771    34.8765     3.7293     3.7293    27.7164    27.7159    6.50315    6.47929         44 0.0000e+00
      38391   1599.584    688.000     3.7791   3.256292     3.7789   3.256240      98.63     0.0185     2.7305     2.4041  33.895046  3.7814205   48.27508  -46.50190    34.8769    34.8765     3.7294     3.7292    27.7163    27.7160    6.49360    6.49051         22 0.0000e+00
      38410   1600.372    687.000     3.7795   3.256291     3.7793   3.256238      98.63     0.0189     2.7300     2.4044  33.897491  3.7814407   48.27508  -46.50190    34.8770    34.8766     3.7299     3.7297    27.7163    27.7160    6.50498    6.48513         18 0.0000e+00
      38427   1601.083    686.000     3.7796   3.256251     3.7792   3.256186      98.64     0.0151     2.7312     2.4046  33.896572  3.7814407   48.27508  -46.50190    34.8769    34.8765     3.7301     3.7297    27.7162    27.7159    6.51285    6.48497         17 0.0000e+00
      38445   1601.825    685.000     3.7795   3.256200     3.7795   3.256157      98.64     0.0182     2.7319     2.4049  33.895138  3.7814407   48.27508  -46.50190    34.8770    34.8765     3.7300     3.7300    27.7163    27.7159    6.50275    6.48812         19 0.0000e+00
      38466   1602.705    684.000     3.7796   3.256171     3.7798   3.256143      98.63     0.0190     2.7319     2.4057  33.891079  3.7814407   48.27508  -46.50190    34.8770    34.8765     3.7302     3.7304    27.7163    27.7158    6.50536    6.49180         23 0.0000e+00
      38489   1603.656    683.000     3.7800   3.256147     3.7802   3.256135      98.63     0.0156     2.7327     2.4061  33.895485  3.7823384   48.27508  -46.50190    34.8769    34.8765     3.7307     3.7309    27.7161    27.7158    6.51123    6.48849         22 0.0000e+00
      38511   1604.574    682.000     3.7802   3.256120     3.7805   3.256112      98.63     0.0159     2.7331     2.4063  33.897415  3.7822905   48.27508  -46.50191    34.8769    34.8764     3.7310     3.7313    27.7161    27.7157    6.50501    6.48806         23 0.0000e+00
      38536   1605.638    681.000     3.7801   3.256074     3.7807   3.256085      98.63     0.0117     2.7336     2.4070  33.889454  3.7885854   48.27508  -46.50192    34.8770    34.8764     3.7309     3.7328    27.7161    27.7156    6.50299    6.48945         31 0.0000e+00
      38581   1607.507    680.000     3.7799   3.256022     3.7806   3.256028      98.63     0.0178     2.7336     2.4070  33.889027  3.7914445   48.27508  -46.50192    34.8771    34.8764     3.7308     3.7314    27.7163    27.7156    6.50622    6.48404         47 0.0000e+00
      38612   1608.781    679.000     3.7804   3.256000     3.7808   3.255992      98.63     0.0187     2.7343     2.4070  33.888348  3.7912087   48.27508  -46.50192    34.8768    34.8763     3.7314     3.7318    27.7160    27.7155    6.50628    6.48434         21 0.0000e+00
      38630   1609.559    678.000     3.7813   3.256035     3.7810   3.255973      98.64     0.0180     2.7349     2.4072  33.894993  3.7888591   48.27508  -46.50192    34.8768    34.8764     3.7324     3.7321    27.7159    27.7156    6.50432    6.48599         17 0.0000e+00
      38647   1610.244    677.000     3.7817   3.256026     3.7811   3.255946      98.63     0.0175     2.7343     2.4073  33.895618  3.7887635   48.27508  -46.50192    34.8768    34.8764     3.7328     3.7323    27.7158    27.7156    6.50197    6.48689         16 0.0000e+00
      38663   1610.919    676.000     3.7817   3.255992     3.7812   3.255919      98.63     0.0176     2.7349     2.4077  33.897438  3.7894869   48.27508  -46.50192    34.8769    34.8765     3.7329     3.7348    27.7159    27.7156    6.50397    6.48730         17 0.0000e+00
      38681   1611.646    675.000     3.7817   3.255947     3.7814   3.255879      98.63     0.0191     2.7347     2.4079  33.887688  3.7906609   48.27508  -46.50192    34.8769    34.8764     3.7330     3.7327    27.7159    27.7155    6.50457    6.48600         19 0.0000e+00
      38703   1612.577    674.000     3.7816   3.255901     3.7813   3.255823      92.29     0.0195     2.7354     2.4079  33.887138  3.7908392   48.27508  -46.50192    34.8770    34.8764     3.7330     3.7327    27.7160    27.7155    6.50155    6.47981         27 0.0000e+00
      38740   1614.113    673.000     3.7814   3.255841     3.7810   3.255758      97.79     0.0185     2.7351     2.4071  33.886776  3.7898710   48.27508  -46.50192    34.8770    34.8764     3.7328     3.7325    27.7160    27.7155    6.49917    6.47351         44 0.0000e+00
      38776   1615.638    672.000     3.7813   3.255779     3.7809   3.255698      69.72     0.0186     2.7353     2.4071  33.893326  3.7897575   48.27508  -46.50192    34.8768    34.8763     3.7329     3.7325    27.7159    27.7155    6.50312    6.47999         27 0.0000e+00
      38799   1616.576    671.000     3.7813   3.255735     3.7810   3.255658      61.71     0.0162     2.7356     2.4069  33.897495  3.7897432   48.27508  -46.50192    34.8768    34.8763     3.7329     3.7326    27.7159    27.7155    6.50098    6.47558         20 0.0000e+00
      38817   1617.319    670.000     3.7816   3.255705     3.7809   3.255623      98.94     0.0161     2.7356     2.4070  33.890968  3.7893741   48.27508  -46.50192    34.8768    34.8765     3.7333     3.7326    27.7157    27.7156    6.50506    6.48188         16 0.0000e+00
      38833   1617.985    669.000     3.7817   3.255667     3.7812   3.255594      98.63     0.0184     2.7366     2.4076  33.887333  3.7893772   48.27508  -46.50192    34.8767    34.8764     3.7335     3.7329    27.7157    27.7155    6.50607    6.48487         16 0.0000e+00
      38849   1618.676    668.000     3.7816   3.255631     3.7813   3.255557      94.88     0.0172     2.7362     2.4081  33.883656  3.7911797   48.27508  -46.50192    34.8769    34.8764     3.7334     3.7331    27.7158    27.7155    6.50077    6.48430         18 0.0000e+00
      38870   1619.550    667.000     3.7816   3.255582     3.7812   3.255518      92.22     0.0132     2.7368     2.4086  33.888454  3.7908328   48.27508  -46.50192    34.8769    34.8765     3.7335     3.7331    27.7158    27.7155    6.50005    6.48797         25 0.0000e+00
      38902   1620.883    666.000     3.7814   3.255516     3.7810   3.255447      98.78     0.0144     2.7365     2.4097  33.886810  3.7909400   48.27508  -46.50192    34.8768    34.8763     3.7334     3.7331    27.7158    27.7154    6.50012    6.49159         36 0.0000e+00
      38932   1622.123    665.000     3.7813   3.255460     3.7811   3.255393      98.63     0.0183     2.7371     2.4108  33.896355  3.7912128   48.27508  -46.50192    34.8768    34.8762     3.7334     3.7331    27.7158    27.7153    6.50169    6.49452         24 0.0000e+00
      38953   1623.013    664.000     3.7813   3.255422     3.7810   3.255352      98.63     0.0131     2.7373     2.4115  33.890160  3.7912087   48.27508  -46.50192    34.8768    34.8763     3.7335     3.7332    27.7158    27.7154    6.49897    6.48905         20 0.0000e+00
      38973   1623.819    663.000     3.7815   3.255390     3.7811   3.255323      98.64     0.0145     2.7371     2.4114  33.885941  3.7912087   48.27508  -46.50192    34.8768    34.8764     3.7337     3.7333    27.7157    27.7155    6.50131    6.48383         19 0.0000e+00
      38993   1624.678    662.000     3.7815   3.255333     3.7812   3.255293      98.63     0.0162     2.7378     2.4112  33.883503  3.7907987   48.27508  -46.50192    34.8766    34.8764     3.7338     3.7335    27.7156    27.7155    6.50120    6.48037         23 0.0000e+00
      39022   1625.857    661.000     3.7816   3.255299     3.7813   3.255254      98.63     0.0187     2.7380     2.4109  33.888638  3.7911949   48.27508  -46.50192    34.8767    34.8765     3.7340     3.7336    27.7156    27.7155    6.50306    6.47935         34 0.0000e+00
      39054   1627.193    660.000     3.7815   3.255242     3.7813   3.255201      66.14     0.0181     2.7390     2.4107  33.891911  3.7912087   48.27508  -46.50192    34.8766    34.8763     3.7339     3.7337    27.7156    27.7154    6.50627    6.48298         26 0.0000e+00
      39076   1628.116    659.000     3.7816   3.255201     3.7812   3.255152      99.73     0.0201     2.7391     2.4114  33.888851  3.7912087   48.27508  -46.50192    34.8765    34.8763     3.7341     3.7338    27.7155    27.7153    6.50220    6.49060         19 0.0000e+00
      39093   1628.852    658.000     3.7817   3.255164     3.7812   3.255102      98.64     0.0205     2.7396     2.4119  33.890579  3.7912087   48.27508  -46.50192    34.8765    34.8763     3.7343     3.7338    27.7155    27.7153    6.50067    6.48576         17 0.0000e+00
      39110   1629.543    657.000     3.7819   3.255131     3.7814   3.255073      98.63     0.0151     2.7395     2.4118  33.893131  3.7912087   48.27508  -46.50192    34.8765    34.8763     3.7346     3.7341    27.7154    27.7153    6.50416    6.48235         17 0.0000e+00
      39128   1630.295    656.000     3.7819   3.255086     3.7816   3.255039      98.63     0.0126     2.7398     2.4120  33.894474  3.7912087   48.27508  -46.50192    34.8764    34.8762     3.7346     3.7381    27.7153    27.7152    6.50963    6.48947         20 0.0000e+00
      39153   1631.329    655.000     3.7819   3.255043     3.7816   3.254993      98.63     0.0147     2.7412     2.4130  33.891666  3.7912087   48.27510  -46.50194    34.8764    34.8762     3.7347     3.7347    27.7154    27.7152    6.51346    6.49002         32 0.0000e+00
      39188   1632.780    654.000     3.7816   3.254968     3.7814   3.254935      98.64     0.0156     2.7419     2.4132  33.889786  3.7912087   48.27510  -46.50194    34.8763    34.8762     3.7345     3.7356    27.7153    27.7152    6.50331    6.48289         31 0.0000e+00
      39213   1633.829    653.000     3.7816   3.254924     3.7815   3.254889      98.63     0.0155     2.7419     2.4132  33.885426  3.7902462   48.27510  -46.50194    34.8764    34.8761     3.7346     3.7344    27.7153    27.7151    6.50600    6.48381         21 0.0000e+00
      39232   1634.624    652.000     3.7819   3.254898     3.7815   3.254846      25.29     0.0199     2.7423     2.4133  33.882713  3.7912312   48.27510  -46.50193    34.8763    34.8760     3.7350     3.7346    27.7152    27.7150    6.51175    6.48498         18 0.0000e+00
      39249   1635.329    651.000     3.7823   3.254874     3.7818   3.254817      82.55     0.0200     2.7433     2.4135  33.884495  3.7912087   48.27510  -46.50192    34.8761    34.8759     3.7354     3.7350    27.7150    27.7149    6.51053    6.48951         17 0.0000e+00
      39266   1636.031    650.000     3.7823   3.254835     3.7820   3.254780      98.39     0.0158     2.7430     2.4143  33.883659  3.7912087   48.27509  -46.50194    34.8761    34.8759     3.7355     3.7352    27.7150    27.7148    6.50098    6.48916         17 0.0000e+00
      39286   1636.861    649.000     3.7823   3.254789     3.7822   3.254743      98.63     0.0173     2.7430     2.4142  33.884575  3.7912087   48.27509  -46.50194    34.8761    34.8757     3.7356     3.7355    27.7150    27.7147    6.50317    6.48480         24 0.0000e+00
      39323   1638.402    648.000     3.7822   3.254731     3.7822   3.254696      93.57     0.0187     2.7434     2.4150  33.887192  3.7912087   48.27512  -46.50194    34.8761    34.8756     3.7356     3.7356    27.7150    27.7146    6.50391    6.49325         47 0.0000e+00
      39359   1639.916    647.000     3.7821   3.254675     3.7822   3.254651      98.84     0.0193     2.7433     2.4162  33.891502  3.7912087   48.27512  -46.50194    34.8760    34.8756     3.7356     3.7357    27.7149    27.7146    6.50572    6.49393         24 0.0000e+00
      39379   1640.738    646.000     3.7826   3.254663     3.7826   3.254632      98.63     0.0188     2.7440     2.4166  33.888451  3.7912087   48.27511  -46.50193    34.8759    34.8755     3.7361     3.7361    27.7148    27.7145    6.50623    6.49602         18 0.0000e+00
      39395   1641.434    645.000     3.7838   3.254707     3.7832   3.254650      98.63     0.0183     2.7441     2.4170  33.886456  3.7912087   48.27510  -46.50192    34.8757    34.8757     3.7374     3.7368    27.7145    27.7145    6.50230    6.49863         16 0.0000e+00
      39411   1642.092    644.000     3.7843   3.254717     3.7839   3.254666      98.64     0.0178     2.7441     2.4176  33.890938  3.7912087   48.27512  -46.50192    34.8758    34.8756     3.7380     3.7376    27.7145    27.7144    6.50355    6.49937         16 0.0000e+00
      39428   1642.796    643.000     3.7844   3.254683     3.7840   3.254635      98.63     0.0174     2.7442     2.4183  33.892513  3.7906790   48.27512  -46.50193    34.8759    34.8757     3.7381     3.7378    27.7145    27.7144    6.50623    6.49849         18 0.0000e+00
      39449   1643.656    642.000     3.7842   3.254629     3.7837   3.254546      98.63     0.0154     2.7448     2.4186  33.884315  3.7911890   48.27512  -46.50194    34.8759    34.8755     3.7381     3.7375    27.7146    27.7143    6.50639    6.49622         24 0.0000e+00
      39476   1644.783    641.000     3.7840   3.254569     3.7833   3.254465      91.40     0.0137     2.7456     2.4190  33.884796  3.7912087   48.27512  -46.50194    34.8759    34.8754     3.7380     3.7372    27.7146    27.7143    6.51217    6.49447         29 0.0000e+00
      39505   1646.004    640.000     3.7839   3.254503     3.7830   3.254378      74.63     0.0158     2.7465     2.4191  33.884342  3.7912087   48.27513  -46.50193    34.8758    34.8753     3.7379     3.7370    27.7145    27.7142    6.50761    6.49150         28 0.0000e+00
      39530   1647.031    639.000     3.7834   3.254405     3.7826   3.254285      98.86     0.0158     2.7465     2.4191  33.884113  3.7912087   48.27514  -46.50192    34.8757    34.8751     3.7374     3.7367    27.7145    27.7141    6.50428    6.49199         22 0.0000e+00
      39550   1647.878    638.000     3.7828   3.254292     3.7822   3.254212      98.63     0.0134     2.7464     2.4192  33.883553  3.7912087   48.27514  -46.50193    34.8755    34.8751     3.7369     3.7364    27.7144    27.7141    6.50702    6.49392         19 0.0000e+00
      39570   1648.703    637.000     3.7825   3.254218     3.7820   3.254155      98.63     0.0139     2.7473     2.4196  33.882786  3.7912087   48.27514  -46.50194    34.8754    34.8752     3.7367     3.7363    27.7144    27.7142    6.51065    6.49887         21 0.0000e+00
      39594   1649.708    636.000     3.7823   3.254160     3.7819   3.254103      98.63     0.0138     2.7474     2.4205  33.870995  3.7912087   48.27514  -46.50194    34.8755    34.8752     3.7366     3.7363    27.7144    27.7142    6.50636    6.50452         28 0.0000e+00
      39621   1650.834    635.000     3.7822   3.254104     3.7819   3.254048      98.63     0.0126     2.7475     2.4216  33.868080  3.7912087   48.27514  -46.50193    34.8754    34.8751     3.7366     3.7363    27.7144    27.7141    6.50448    6.50204         24 0.0000e+00
      39642   1651.720    634.000     3.7821   3.254042     3.7817   3.253985      98.63     0.0158     2.7479     2.4217  33.862667  3.7912087   48.27514  -46.50192    34.8753    34.8751     3.7366     3.7362    27.7143    27.7141    6.50948    6.49723         19 0.0000e+00
