data/CTD/2014/CNV/u017a047.cnv
* Sea-Bird SBE 9 Data File:
* FileName = C:\CTD_ACQUISITION\2014017HUD\ctddata\017A047.hdr
* Software Version Seasave V 7.22.2
* Temperature SN = 5081
* Conductivity SN = 3561
* Number of Bytes Per Scan = 37
* Number of Voltage Words = 4
* Number of Scans Averaged by the Deck Unit = 1
* NMEA Latitude = 47 48.52 N
* NMEA Longitude = 045 57.88 W
* NMEA UTC (Time) = Jul 11 2014 00:32:51
* NMEA baud rate = 9600
** Ship: Hudson
** Cruise: HUD2014017
** Chief_Scientist: Blair Greenan
** Organization: BIO
** Area_of_Operation: Sackville Spur
** Station: 047
** Sounding:  716
** Event_Comments: SS_18.5, 403274
# nquan = 25
# nvalues = 731                         
# units = specified
# name 0 = scan: Scan Count
# name 1 = timeS: Time, Elapsed [seconds]
# name 2 = prDM: Pressure, Digiquartz [db]
# name 3 = t068C: Temperature [ITS-68, deg C]
# name 4 = c0S/m: Conductivity [S/m]
# name 5 = t168C: Temperature, 2 [ITS-68, deg C]
# name 6 = c1S/m: Conductivity, 2 [S/m]
# name 7 = altM: Altimeter [m]
# name 8 = flC: Fluorescence, Chelsea Aqua 3 Chl Con [ug/l]
# name 9 = sbeox0V: Oxygen raw, SBE 43 [V]
# name 10 = sbeox1V: Oxygen raw, SBE 43, 2 [V]
# name 11 = upoly0: Upoly 0, Optode 4330F - O2 D-Phase
# name 12 = upoly1: Upoly 1, Optode 4330F - O2 Temp
# name 13 = latitude: Latitude [deg]
# name 14 = longitude: Longitude [deg]
# name 15 = sal00: Salinity, Practical [PSU]
# name 16 = sal11: Salinity, Practical, 2 [PSU]
# name 17 = potemp068C: Potential Temperature [ITS-68, deg C]
# name 18 = potemp168C: Potential Temperature, 2 [ITS-68, deg C]
# name 19 = sigma-é00: Density [sigma-theta, Kg/m^3]
# name 20 = sigma-é11: Density, 2 [sigma-theta, Kg/m^3]
# name 21 = sbeox0ML/L: Oxygen, SBE 43 [ml/l], WS = 2
# name 22 = sbeox1ML/L: Oxygen, SBE 43, 2 [ml/l], WS = 2
# name 23 = nbin: number of scans per bin
# name 24 = flag: flag
# span 0 =      27405,      49300       
# span 1 =   1141.818,   2054.135       
# span 2 =      1.000,    731.000       
# span 3 =     2.8444,     8.6631       
# span 4 =   3.094758,   3.521698       
# span 5 =     2.8473,     8.6661       
# span 6 =   3.091451,   3.518524       
# span 7 =      -5.56,     100.37       
# span 8 =     0.0082,     0.8814       
# span 9 =     2.6837,     3.7087       
# span 10 =     2.3658,     3.2421      
# span 11 =  29.882553,  34.102821      
# span 12 =  2.4452295,  8.6786041      
# span 13 =   47.81233,   47.81553      
# span 14 =  -45.96562,  -45.96514      
# span 15 =    33.1031,    34.8904      
# span 16 =    33.1025,    34.8898      
# span 17 =     2.8388,     8.6629      
# span 18 =     2.8418,     8.6659      
# span 19 =    25.6857,    27.7034      
# span 20 =    25.6845,    27.7028      
# span 21 =    6.25170,    8.69973      
# span 22 =    6.21217,    8.67334      
# span 23 =         14,        113      
# span 24 = 0.0000e+00, 0.0000e+00      
# interval = decibars: 1                
# start_time = Jul 11 2014 00:32:51 [NMEA time, header]
# bad_flag = -9.990e-29
*END*
[from data line 232]
      33584   1399.296    499.000     4.0420   3.271512     4.0417   3.271439      82.02     0.0143     2.7774     2.4438  33.913464  4.0372777   47.81338  -45.96536    34.8785    34.8780     4.0056     4.0053    27.6891    27.6887    6.43632    6.42106         21 0.0000e+00
      33607   1400.269    498.000     4.0448   3.271749     4.0442   3.271635      97.13     0.0164     2.7777     2.4438  33.898323  4.0442939   47.81338  -45.96536    34.8789    34.8781     4.0084     4.0079    27.6891    27.6886    6.43736    6.41000         27 0.0000e+00
      33638   1401.539    497.000     4.0502   3.272209     4.0486   3.272019      89.20     0.0163     2.7788     2.4435  33.897427  4.0451880   47.81338  -45.96536    34.8790    34.8786     4.0141     4.0124    27.6886    27.6884    6.43924    6.40241         32 0.0000e+00
      33666   1402.705    496.000     4.0531   3.272431     4.0516   3.272240      98.95     0.0171     2.7789     2.4430  33.897434  4.0451770   47.81339  -45.96537    34.8792    34.8785     4.0169     4.0154    27.6885    27.6881    6.43269    6.39988         23 0.0000e+00
      33686   1403.546    495.000     4.0554   3.272628     4.0543   3.272469      98.63     0.0161     2.7794     2.4425  33.892403  4.0451770   47.81340  -45.96538    34.8796    34.8789     4.0194     4.0182    27.6885    27.6881    6.43938    6.39118         18 0.0000e+00
      33703   1404.264    494.000     4.0584   3.272878     4.0580   3.272796      80.25     0.0170     2.7800     2.4417  33.883469  4.0451770   47.81340  -45.96538    34.8800    34.8794     4.0224     4.0220    27.6885    27.6881    6.43504    6.39042         17 0.0000e+00
      33720   1404.951    493.000     4.0604   3.273045     4.0604   3.272977      98.32     0.0187     2.7799     2.4416  33.885349  4.0451770   47.81340  -45.96538    34.8803    34.8795     4.0245     4.0245    27.6885    27.6879    6.42777    6.39492         17 0.0000e+00
      33737   1405.668    492.000     4.0607   3.273028     4.0607   3.272975      98.63     0.0193     2.7796     2.4416  33.874146  4.0493994   47.81340  -45.96538    34.8803    34.8797     4.0249     4.0249    27.6885    27.6880    6.43026    6.39627         18 0.0000e+00
      33756   1406.465    491.000     4.0623   3.273135     4.0625   3.273112      98.63     0.0198     2.7800     2.4417  33.868233  4.0505314   47.81340  -45.96538    34.8805    34.8799     4.0265     4.0267    27.6885    27.6880    6.42803    6.39568         20 0.0000e+00
      33780   1407.465    490.000     4.0640   3.273250     4.0650   3.273324      65.62     0.0178     2.7798     2.4419  33.866585  4.0521317   47.81342  -45.96538    34.8806    34.8803     4.0282     4.0293    27.6883    27.6880    6.42974    6.39565         28 0.0000e+00
      33811   1408.752    489.000     4.0694   3.273669     4.0702   3.273740      99.83     0.0177     2.7801     2.4417  33.862804  4.0550447   47.81342  -45.96538    34.8804    34.8803     4.0337     4.0345    27.6876    27.6875    6.42430    6.38985         31 0.0000e+00
      33838   1409.878    488.000     4.0727   3.273940     4.0725   3.273892      90.10     0.0205     2.7800     2.4420  33.857643  4.0611796   47.81342  -45.96538    34.8806    34.8802     4.0371     4.0369    27.6874    27.6871    6.42903    6.39683         24 0.0000e+00
      33859   1410.737    487.000     4.0719   3.273821     4.0723   3.273806      91.81     0.0142     2.7807     2.4425  33.857342  4.0601001   47.81343  -45.96538    34.8806    34.8799     4.0363     4.0368    27.6875    27.6869    6.42955    6.39632         19 0.0000e+00
      33877   1411.503    486.000     4.0723   3.273807     4.0722   3.273735      98.48     0.0128     2.7806     2.4428  33.855160  4.0635476   47.81344  -45.96539    34.8805    34.8797     4.0368     4.0367    27.6874    27.6868    6.42611    6.39593         18 0.0000e+00
      33895   1412.262    485.000     4.0732   3.273853     4.0731   3.273786      98.63     0.0143     2.7807     2.4429  33.857521  4.0646996   47.81344  -45.96540    34.8805    34.8798     4.0379     4.0377    27.6873    27.6868    6.43274    6.39676         18 0.0000e+00
      33914   1413.058    484.000     4.0743   3.273892     4.0742   3.273823      84.98     0.0168     2.7819     2.4435  33.858604  4.0647130   47.81344  -45.96540    34.8804    34.8798     4.0390     4.0388    27.6871    27.6866    6.43318    6.40093         20 0.0000e+00
      33935   1413.917    483.000     4.0743   3.273850     4.0740   3.273741      95.38     0.0181     2.7818     2.4441  33.841248  4.0647130   47.81344  -45.96540    34.8804    34.8795     4.0391     4.0387    27.6871    27.6864    6.43059    6.40275         22 0.0000e+00
      33960   1414.938    482.000     4.0736   3.273705     4.0731   3.273589      39.58     0.0210     2.7829     2.4453  33.838867  4.0650678   47.81344  -45.96540    34.8800    34.8792     4.0384     4.0379    27.6868    27.6862    6.43195    6.40964         27 0.0000e+00
      33988   1416.125    481.000     4.0731   3.273590     4.0728   3.273496      86.96     0.0184     2.7825     2.4464  33.838829  4.0739398   47.81346  -45.96540    34.8797    34.8789     4.0380     4.0377    27.6867    27.6860    6.42427    6.40372         28 0.0000e+00
      34013   1417.152    480.000     4.0733   3.273552     4.0728   3.273446      99.01     0.0189     2.7829     2.4464  33.837399  4.0744996   47.81346  -45.96540    34.8795    34.8788     4.0383     4.0378    27.6865    27.6859    6.42868    6.39423         21 0.0000e+00
      34032   1417.949    479.000     4.0745   3.273605     4.0739   3.273489      82.75     0.0187     2.7829     2.4457  33.838848  4.0744810   47.81346  -45.96540    34.8794    34.8787     4.0396     4.0389    27.6862    27.6858    6.43163    6.38920         18 0.0000e+00
      34048   1418.640    478.000     4.0756   3.273657     4.0752   3.273573      89.00     0.0213     2.7839     2.4455  33.838829  4.0744810   47.81346  -45.96540    34.8794    34.8788     4.0407     4.0403    27.6861    27.6857    6.42958    6.39699         16 0.0000e+00
      34064   1419.303    477.000     4.0765   3.273699     4.0764   3.273633      98.50     0.0180     2.7834     2.4460  33.837925  4.0744810   47.81346  -45.96540    34.8795    34.8788     4.0417     4.0416    27.6861    27.6855    6.42425    6.40116         16 0.0000e+00
      34081   1420.014    476.000     4.0768   3.273693     4.0769   3.273636      98.63     0.0180     2.7838     2.4463  33.833981  4.0744810   47.81348  -45.96542    34.8796    34.8788     4.0421     4.0422    27.6861    27.6855    6.42189    6.39686         18 0.0000e+00
      34103   1420.912    475.000     4.0775   3.273713     4.0773   3.273631      47.11     0.0184     2.7828     2.4464  33.830334  4.0744810   47.81348  -45.96542    34.8797    34.8789     4.0428     4.0427    27.6861    27.6855    6.41835    6.39995         27 0.0000e+00
      34138   1422.382    474.000     4.0794   3.273821     4.0788   3.273732      94.89     0.0141     2.7839     2.4476  33.827045  4.0744810   47.81348  -45.96542    34.8795    34.8790     4.0448     4.0443    27.6857    27.6854    6.43052    6.40058         40 0.0000e+00
      34172   1423.773    473.000     4.0805   3.273889     4.0799   3.273782      92.37     0.0138     2.7842     2.4471  33.827721  4.0744810   47.81350  -45.96542    34.8796    34.8790     4.0460     4.0454    27.6857    27.6853    6.41540    6.38415         25 0.0000e+00
      34192   1424.627    472.000     4.0829   3.274093     4.0825   3.274006      85.99     0.0148     2.7833     2.4462  33.826591  4.0744810   47.81350  -45.96542    34.8801    34.8794     4.0484     4.0481    27.6858    27.6854    6.40716    6.38296         18 0.0000e+00
      34209   1425.323    471.000     4.0861   3.274358     4.0863   3.274327      98.81     0.0182     2.7824     2.4459  33.829716  4.0744810   47.81350  -45.96542    34.8803    34.8797     4.0518     4.0519    27.6856    27.6852    6.40918    6.38323         16 0.0000e+00
      34224   1425.977    470.000     4.0884   3.274544     4.0883   3.274478      98.63     0.0199     2.7825     2.4458  33.826935  4.0744810   47.81350  -45.96542    34.8806    34.8799     4.0541     4.0540    27.6857    27.6851    6.41438    6.38104         16 0.0000e+00
      34240   1426.638    469.000     4.0889   3.274551     4.0892   3.274508      98.18     0.0181     2.7827     2.4453  33.826923  4.0744810   47.81351  -45.96542    34.8807    34.8799     4.0547     4.0550    27.6857    27.6850    6.41253    6.37830         16 0.0000e+00
      34257   1427.326    468.000     4.0897   3.274570     4.0908   3.274642      76.27     0.0186     2.7823     2.4451  33.823353  4.0756183   47.81352  -45.96542    34.8806    34.8803     4.0555     4.0566    27.6855    27.6852    6.40708    6.37842         17 0.0000e+00
      34274   1428.052    467.000     4.0958   3.275118     4.1000   3.275568      98.37     0.0170     2.7820     2.4450  33.815338  4.0841274   47.81352  -45.96542    34.8812    34.8821     4.0617     4.0658    27.6853    27.6856    6.40265    6.37239         18 0.0000e+00
      34294   1428.867    466.000     4.1090   3.276408     4.1133   3.276845      98.63     0.0141     2.7814     2.4440  33.817181  4.0842490   47.81352  -45.96542    34.8829    34.8835     4.0750     4.0792    27.6853    27.6854    6.39983    6.36474         21 0.0000e+00
      34319   1429.901    465.000     4.1173   3.277195     4.1206   3.277497      86.79     0.0139     2.7811     2.4433  33.811203  4.0842490   47.81353  -45.96543    34.8840    34.8841     4.0832     4.0865    27.6853    27.6850    6.39532    6.35964         30 0.0000e+00
      34352   1431.274    464.000     4.1199   3.277321     4.1254   3.277947      94.26     0.0150     2.7804     2.4426  33.810856  4.0869608   47.81354  -45.96544    34.8832    34.8848     4.0860     4.0914    27.6844    27.6851    6.39786    6.36493         33 0.0000e+00
      34380   1432.457    463.000     4.1300   3.278358     4.1307   3.278416      81.42     0.0196     2.7810     2.4429  33.811363  4.0941343   47.81354  -45.96544    34.8854    34.8853     4.0961     4.0968    27.6850    27.6849    6.40139    6.36724         24 0.0000e+00
      34401   1433.314    462.000     4.1359   3.278928     4.1352   3.278840      98.66     0.0132     2.7812     2.4433  33.810337  4.0940170   47.81354  -45.96544    34.8864    34.8861     4.1020     4.1014    27.6852    27.6850    6.40360    6.36469         18 0.0000e+00
      34418   1434.032    461.000     4.1404   3.279334     4.1398   3.279237      98.63     0.0105     2.7822     2.4431  33.810440  4.0940170   47.81356  -45.96544    34.8870    34.8865     4.1066     4.1060    27.6852    27.6849    6.40622    6.36172         16 0.0000e+00
      34434   1434.713    460.000     4.1412   3.279380     4.1409   3.279272      95.08     0.0111     2.7826     2.4434  33.809517  4.0940170   47.81356  -45.96544    34.8872    34.8863     4.1075     4.1072    27.6853    27.6846    6.40278    6.36442         17 0.0000e+00
      34452   1435.450    459.000     4.1378   3.278986     4.1372   3.278816      79.91     0.0119     2.7830     2.4437  33.810287  4.1006227   47.81356  -45.96544    34.8866    34.8853     4.1042     4.1036    27.6852    27.6842    6.40558    6.36822         19 0.0000e+00
      34473   1436.316    458.000     4.1306   3.278179     4.1297   3.277972      98.26     0.0087     2.7836     2.4444  33.810787  4.1133018   47.81356  -45.96544    34.8853    34.8837     4.0971     4.0962    27.6848    27.6837    6.40564    6.37066         23 0.0000e+00
      34496   1437.303    457.000     4.1245   3.277509     4.1226   3.277198      98.63     0.0098     2.7839     2.4447  33.813770  4.1155686   47.81358  -45.96544    34.8843    34.8827     4.0911     4.0891    27.6847    27.6836    6.40338    6.36571         24 0.0000e+00
      34520   1438.299    456.000     4.1212   3.277062     4.1200   3.276881      55.94     0.0150     2.7842     2.4448  33.826183  4.1233811   47.81358  -45.96544    34.8831    34.8822     4.0878     4.0867    27.6841    27.6835    6.39819    6.36864         23 0.0000e+00
      34543   1439.233    455.000     4.1211   3.277005     4.1206   3.276877      98.80     0.0185     2.7835     2.4450  33.826843  4.1233211   47.81358  -45.96544    34.8830    34.8821     4.0879     4.0873    27.6840    27.6833    6.40153    6.36742         22 0.0000e+00
      34564   1440.122    454.000     4.1221   3.277039     4.1218   3.276942      79.34     0.0157     2.7840     2.4453  33.827663  4.1233211   47.81360  -45.96544    34.8830    34.8821     4.0889     4.0886    27.6839    27.6832    6.40257    6.36897         21 0.0000e+00
      34585   1440.981    453.000     4.1223   3.277004     4.1220   3.276919      97.13     0.0164     2.7845     2.4455  33.829308  4.1233211   47.81360  -45.96544    34.8828    34.8821     4.0891     4.0889    27.6837    27.6832    6.40925    6.36659         20 0.0000e+00
      34605   1441.853    452.000     4.1222   3.276944     4.1218   3.276858      98.63     0.0191     2.7855     2.4455  33.828838  4.1228776   47.81360  -45.96544    34.8828    34.8821     4.0891     4.0888    27.6837    27.6832    6.40990    6.36281         22 0.0000e+00
      34627   1442.758    451.000     4.1220   3.276876     4.1218   3.276795      91.28     0.0181     2.7858     2.4453  33.829063  4.1228557   47.81360  -45.96544    34.8826    34.8820     4.0891     4.0888    27.6836    27.6831    6.40090    6.36209         21 0.0000e+00
      34647   1443.601    450.000     4.1227   3.276888     4.1225   3.276816      82.92     0.0211     2.7852     2.4453  33.834309  4.1228061   47.81361  -45.96544    34.8826    34.8820     4.0898     4.0896    27.6835    27.6830    6.39141    6.36168         19 0.0000e+00
      34666   1444.387    449.000     4.1260   3.277141     4.1259   3.277080      39.21     0.0197     2.7849     2.4452  33.831852  4.1233287   47.81362  -45.96544    34.8826    34.8821     4.0932     4.0930    27.6831    27.6827    6.39576    6.36608         19 0.0000e+00
      34685   1445.163    448.000     4.1275   3.277243     4.1273   3.277167      95.01     0.0143     2.7849     2.4462  33.829586  4.1233211   47.81362  -45.96546    34.8828    34.8821     4.0947     4.0946    27.6831    27.6825    6.39547    6.37160         19 0.0000e+00
      34705   1445.991    447.000     4.1277   3.277210     4.1275   3.277130      98.60     0.0142     2.7847     2.4466  33.824924  4.1233211   47.81362  -45.96546    34.8827    34.8820     4.0950     4.0948    27.6830    27.6825    6.39556    6.36472         21 0.0000e+00
      34727   1446.901    446.000     4.1278   3.277163     4.1275   3.277072      98.63     0.0188     2.7852     2.4464  33.826694  4.1233211   47.81362  -45.96546    34.8825    34.8818     4.0952     4.0949    27.6829    27.6823    6.40077    6.35798         23 0.0000e+00
      34750   1447.893    445.000     4.1271   3.277026     4.1267   3.276916      85.72     0.0230     2.7858     2.4460  33.827835  4.1233211   47.81363  -45.96546    34.8822    34.8814     4.0946     4.0942    27.6827    27.6820    6.40395    6.36044         24 0.0000e+00
      34774   1448.892    444.000     4.1262   3.276888     4.1257   3.276770      91.98     0.0218     2.7867     2.4467  33.826057  4.1233211   47.81363  -45.96546    34.8821    34.8813     4.0938     4.0932    27.6827    27.6821    6.40299    6.36671         23 0.0000e+00
      34796   1449.776    443.000     4.1263   3.276841     4.1259   3.276740      98.68     0.0168     2.7867     2.4470  33.830063  4.1247954   47.81363  -45.96546    34.8819    34.8812     4.0940     4.0935    27.6825    27.6820    6.40173    6.36487         20 0.0000e+00
