data/CTD/2014/CNV/u017a027.cnv
* Sea-Bird SBE 9 Data File:
* FileName = C:\CTD_ACQUISITION\2014017HUD\ctddata\017A027.hdr
* Software Version Seasave V 7.22.2
* Temperature SN = 5081
* Conductivity SN = 3561
* Number of Bytes Per Scan = 37
* Number of Voltage Words = 4
* Number of Scans Averaged by the Deck Unit = 1
* NMEA Latitude = 48 53.74 N
* NMEA Longitude = 045 47.37 W
* NMEA UTC (Time) = Jul 07 2014 00:10:49
* NMEA baud rate = 9600
** Ship: Hudson
** Cruise: HUD2014017
** Chief_Scientist: Blair Greenan
** Organization: BIO
** Area_of_Operation: Sackville Spur
** Station: 027
** Sounding:  2297
** Event_Comments: SS_27, 403160
# nquan = 25
# nvalues = 2373                        
# units = specified
# name 0 = scan: Scan Count
# name 1 = timeS: Time, Elapsed [seconds]
# name 2 = prDM: Pressure, Digiquartz [db]
# name 3 = t068C: Temperature [ITS-68, deg C]
# name 4 = c0S/m: Conductivity [S/m]
# name 5 = t168C: Temperature, 2 [ITS-68, deg C]
# name 6 = c1S/m: Conductivity, 2 [S/m]
# name 7 = altM: Altimeter [m]
# name 8 = flC: Fluorescence, Chelsea Aqua 3 Chl Con [ug/l]
# name 9 = sbeox0V: Oxygen raw, SBE 43 [V]
# name 10 = sbeox1V: Oxygen raw, SBE 43, 2 [V]
# name 11 = upoly0: Upoly 0, Optode 4330F - O2 D-Phase
# name 12 = upoly1: Upoly 1, Optode 4330F - O2 Temp
# name 13 = latitude: Latitude [deg]
# name 14 = longitude: Longitude [deg]
# name 15 = sal00: Salinity, Practical [PSU]
# name 16 = sal11: Salinity, Practical, 2 [PSU]
# name 17 = potemp068C: Potential Temperature [ITS-68, deg C]
# name 18 = potemp168C: Potential Temperature, 2 [ITS-68, deg C]
# name 19 = sigma-é00: Density [sigma-theta, Kg/m^3]
# name 20 = sigma-é11: Density, 2 [sigma-theta, Kg/m^3]
# name 21 = sbeox0ML/L: Oxygen, SBE 43 [ml/l], WS = 2
# name 22 = sbeox1ML/L: Oxygen, SBE 43, 2 [ml/l], WS = 2
# name 23 = nbin: number of scans per bin
# name 24 = flag: flag
# span 0 =      66447,     123183       
# span 1 =   2768.594,   5132.590       
# span 2 =      1.000,   2373.000       
# span 3 =     2.0680,     8.5825       
# span 4 =   3.020642,   3.546088       
# span 5 =     2.0597,     8.5763       
# span 6 =   3.019743,   3.545568       
# span 7 =       2.25,     105.59       
# span 8 =     0.0046,     0.3537       
# span 9 =     2.2221,     3.6447       
# span 10 =     1.9672,     3.2128      
# span 11 =  29.825430,  35.466236      
# span 12 =  2.7264957,  8.5946531      
# span 13 =   48.89864,   48.90100      
# span 14 =  -45.78140,  -45.77382      
# span 15 =    33.6318,    34.9163      
# span 16 =    33.6328,    34.9159      
# span 17 =     2.0655,     8.5822      
# span 18 =     2.0572,     8.5761      
# span 19 =    26.1126,    27.8538      
# span 20 =    26.1138,    27.8535      
# span 21 =    6.28431,    8.58295      
# span 22 =    6.18743,    8.61128      
# span 23 =         11,         76      
# span 24 = 0.0000e+00, 0.0000e+00      
# interval = decibars: 1                
# start_time = Jul 07 2014 00:10:49 [NMEA time, header]
# bad_flag = -9.990e-29
*END*
[from data line 1160]
      92870   3869.525   1213.000     3.7668   3.280749     3.7659   3.280601      98.63     0.0131     2.5266     2.2229  34.630035  3.7716727   48.90020  -45.77784    34.9102    34.9094     3.6745     3.6735    27.7483    27.7478    6.33143    6.27816         14 0.0000e+00
      92883   3870.092   1212.000     3.7661   3.280628     3.7645   3.280400      94.56     0.0134     2.5272     2.2228  34.630035  3.7716727   48.90022  -45.77784    34.9100    34.9090     3.6738     3.6722    27.7482    27.7476    6.33402    6.27728         14 0.0000e+00
      92897   3870.684   1211.000     3.7651   3.280478     3.7624   3.280142      46.02     0.0176     2.5274     2.2232  34.624836  3.7716727   48.90022  -45.77784    34.9097    34.9086     3.6730     3.6703    27.7481    27.7475    6.33103    6.28130         14 0.0000e+00
      92913   3871.354   1210.000     3.7635   3.280245     3.7614   3.279988      46.33     0.0162     2.5279     2.2236  34.616203  3.7716727   48.90022  -45.77784    34.9093    34.9084     3.6714     3.6693    27.7479    27.7474    6.33072    6.28078         18 0.0000e+00
      92935   3872.234   1209.000     3.7621   3.280064     3.7608   3.279884      96.59     0.0191     2.5284     2.2241  34.613792  3.7716727   48.90022  -45.77784    34.9090    34.9083     3.6701     3.6688    27.7478    27.7474    6.33752    6.28224         26 0.0000e+00
      92967   3873.568   1208.000     3.7625   3.280071     3.7601   3.279771      98.63     0.0179     2.5300     2.2247  34.592773  3.7716727   48.90022  -45.77784    34.9092    34.9082     3.6706     3.6723    27.7479    27.7473    6.33878    6.28128         35 0.0000e+00
      92997   3874.844   1207.000     3.7626   3.280032     3.7597   3.279674      98.04     0.0156     2.5305     2.2255  34.581291  3.7716727   48.90022  -45.77784    34.9092    34.9080     3.6708     3.6678    27.7479    27.7473    6.33343    6.28887         26 0.0000e+00
      93021   3875.815   1206.000     3.7617   3.279895     3.7587   3.279531      60.35     0.0141     2.5311     2.2261  34.586090  3.7716727   48.90022  -45.77784    34.9090    34.9078     3.6700     3.6670    27.7478    27.7472    6.34313    6.28363         22 0.0000e+00
      93043   3876.759   1205.000     3.7590   3.279553     3.7574   3.279342      89.28     0.0121     2.5320     2.2262  34.600552  3.7716727   48.90022  -45.77784    34.9083    34.9075     3.6674     3.6658    27.7475    27.7471    6.34275    6.28478         24 0.0000e+00
      93070   3877.877   1204.000     3.7578   3.279381     3.7560   3.279153      63.28     0.0132     2.5328     2.2270  34.613052  3.7716727   48.90021  -45.77783    34.9080    34.9072     3.6663     3.6645    27.7474    27.7470    6.34477    6.29246         31 0.0000e+00
      93102   3879.217   1203.000     3.7572   3.279248     3.7553   3.279018      69.77     0.0135     2.5342     2.2283  34.580261  3.7716727   48.90020  -45.77782    34.9076    34.9069     3.6657     3.6639    27.7472    27.7468    6.35809    6.30098         29 0.0000e+00
      93127   3880.251   1202.000     3.7559   3.279077     3.7548   3.278915      80.43     0.0169     2.5355     2.2292  34.581184  3.7716727   48.90022  -45.77782    34.9075    34.9068     3.6645     3.6634    27.7472    27.7467    6.35337    6.29828         21 0.0000e+00
      93145   3881.010   1201.000     3.7543   3.278849     3.7536   3.278753      70.02     0.0173     2.5361     2.2296  34.572178  3.7716727   48.90022  -45.77782    34.9069    34.9065     3.6631     3.6624    27.7469    27.7466    6.35699    6.29972         17 0.0000e+00
      93161   3881.667   1200.000     3.7534   3.278715     3.7526   3.278592      98.63     0.0171     2.5369     2.2304  34.573383  3.7716727   48.90022  -45.77781    34.9069    34.9062     3.6622     3.6615    27.7469    27.7465    6.35750    6.30425         15 0.0000e+00
      93176   3882.290   1199.000     3.7527   3.278604     3.7514   3.278426      98.63     0.0155     2.5373     2.2306  34.573383  3.7716727   48.90022  -45.77780    34.9067    34.9060     3.6617     3.6604    27.7468    27.7464    6.35496    6.30747         15 0.0000e+00
      93191   3882.937   1198.000     3.7523   3.278507     3.7493   3.278157      98.63     0.0132     2.5380     2.2317  34.572346  3.7667954   48.90020  -45.77780    34.9065    34.9055     3.6613     3.6584    27.7467    27.7462    6.35856    6.31051         16 0.0000e+00
      93209   3883.677   1197.000     3.7507   3.278297     3.7477   3.277948      41.51     0.0136     2.5387     2.2322  34.571442  3.7701590   48.90020  -45.77779    34.9063    34.9052     3.6598     3.6569    27.7467    27.7461    6.35984    6.30927         20 0.0000e+00
      93231   3884.591   1196.000     3.7486   3.278041     3.7469   3.277817      97.86     0.0160     2.5390     2.2332  34.573837  3.7656355   48.90020  -45.77778    34.9059    34.9050     3.6579     3.6562    27.7465    27.7460    6.35658    6.30406         24 0.0000e+00
      93256   3885.627   1195.000     3.7482   3.277955     3.7465   3.277730      62.72     0.0141     2.5399     2.2328  34.571426  3.7618976   48.90019  -45.77778    34.9058    34.9049     3.6575     3.6559    27.7466    27.7460    6.35677    6.29570         25 0.0000e+00
      93279   3886.589   1194.000     3.7480   3.277885     3.7468   3.277709      98.87     0.0193     2.5398     2.2330  34.571430  3.7619047   48.90018  -45.77778    34.9057    34.9049     3.6574     3.6562    27.7465    27.7460    6.35367    6.29984         21 0.0000e+00
      93300   3887.453   1193.000     3.7478   3.277822     3.7473   3.277721      98.63     0.0168     2.5404     2.2330  34.571430  3.7619047   48.90018  -45.77778    34.9057    34.9050     3.6573     3.6568    27.7465    27.7460    6.35523    6.29604         20 0.0000e+00
      93320   3888.297   1192.000     3.7481   3.277801     3.7476   3.277713      73.85     0.0176     2.5407     2.2330  34.571430  3.7619047   48.90020  -45.77778    34.9057    34.9051     3.6576     3.6572    27.7464    27.7460    6.35775    6.29946         21 0.0000e+00
      93343   3889.233   1191.000     3.7481   3.277754     3.7477   3.277683      65.72     0.0173     2.5411     2.2336  34.557034  3.7619047   48.90022  -45.77778    34.9056    34.9051     3.6577     3.6574    27.7463    27.7460    6.35886    6.30610         25 0.0000e+00
      93374   3890.530   1190.000     3.7481   3.277722     3.7481   3.277681      77.14     0.0167     2.5420     2.2346  34.556778  3.7619047   48.90020  -45.77775    34.9057    34.9052     3.6579     3.6579    27.7464    27.7460    6.36457    6.31568         38 0.0000e+00
      93410   3892.062   1189.000     3.7484   3.277705     3.7484   3.277666      69.18     0.0181     2.5432     2.2365  34.556778  3.7619047   48.90020  -45.77774    34.9057    34.9052     3.6582     3.6583    27.7464    27.7460    6.36458    6.31982         31 0.0000e+00
      93437   3893.159   1188.000     3.7487   3.277692     3.7485   3.277636      99.51     0.0132     2.5439     2.2372  34.539059  3.7619047   48.90018  -45.77774    34.9057    34.9053     3.6587     3.6584    27.7463    27.7460    6.36428    6.31606         23 0.0000e+00
      93457   3894.003   1187.000     3.7497   3.277731     3.7495   3.277673      97.62     0.0146     2.5443     2.2379  34.534668  3.7619047   48.90018  -45.77774    34.9057    34.9052     3.6597     3.6595    27.7462    27.7458    6.35976    6.31842         18 0.0000e+00
      93474   3894.704   1186.000     3.7511   3.277793     3.7504   3.277664      40.80     0.0146     2.5441     2.2381  34.521687  3.7619047   48.90018  -45.77773    34.9054    34.9047     3.6612     3.6604    27.7459    27.7453    6.36168    6.31799         16 0.0000e+00
      93489   3895.327   1185.000     3.7508   3.277689     3.7500   3.277564      99.25     0.0116     2.5448     2.2387  34.519032  3.7619047   48.90018  -45.77772    34.9050    34.9044     3.6610     3.6601    27.7455    27.7451    6.36567    6.31958         14 0.0000e+00
      93503   3895.916   1184.000     3.7506   3.277615     3.7501   3.277528      98.66     0.0130     2.5451     2.2389  34.518017  3.7619047   48.90018  -45.77772    34.9048    34.9043     3.6608     3.6604    27.7454    27.7450    6.36411    6.32069         14 0.0000e+00
      93517   3896.501   1183.000     3.7506   3.277572     3.7502   3.277482      98.63     0.0147     2.5452     2.2395  34.522594  3.7619047   48.90018  -45.77772    34.9048    34.9042     3.6609     3.6605    27.7454    27.7449    6.36390    6.31831         15 0.0000e+00
      93532   3897.119   1182.000     3.7505   3.277522     3.7497   3.277389      90.14     0.0172     2.5454     2.2394  34.520657  3.7612600   48.90018  -45.77772    34.9048    34.9041     3.6609     3.6601    27.7454    27.7449    6.37097    6.31721         15 0.0000e+00
      93549   3897.842   1181.000     3.7502   3.277452     3.7489   3.277268      58.38     0.0168     2.5466     2.2400  34.527359  3.7614136   48.90019  -45.77772    34.9048    34.9040     3.6607     3.6594    27.7454    27.7449    6.36834    6.32000         20 0.0000e+00
      93580   3899.125   1180.000     3.7499   3.277382     3.7488   3.277219      76.70     0.0164     2.5470     2.2404  34.517689  3.7618482   48.90020  -45.77771    34.9048    34.9041     3.6605     3.6594    27.7455    27.7450    6.36810    6.31657         49 0.0000e+00
      93632   3901.272   1179.000     3.7500   3.277364     3.7491   3.277215     101.20     0.0160     2.5482     2.2412  34.512348  3.7596936   48.90018  -45.77770    34.9050    34.9042     3.6607     3.6598    27.7455    27.7450    6.36960    6.32322         35 0.0000e+00
      93654   3902.208   1178.000     3.7499   3.277304     3.7491   3.277153      79.79     0.0153     2.5484     2.2418  34.512821  3.7584591   48.90018  -45.77768    34.9049    34.9040     3.6607     3.6598    27.7455    27.7449    6.36905    6.32258         20 0.0000e+00
      93672   3902.951   1177.000     3.7495   3.277196     3.7482   3.277024      61.13     0.0167     2.5490     2.2420  34.512821  3.7532666   48.90018  -45.77768    34.9046    34.9038     3.6603     3.6591    27.7453    27.7448    6.36927    6.31904         16 0.0000e+00
      93687   3903.596   1176.000     3.7497   3.277159     3.7499   3.277131      99.38     0.0154     2.5492     2.2421  34.512821  3.7521122   48.90018  -45.77768    34.9044    34.9039     3.6606     3.6608    27.7451    27.7447    6.37065    6.31725         15 0.0000e+00
      93702   3904.205   1175.000     3.7510   3.277224     3.7513   3.277212      81.78     0.0132     2.5498     2.2420  34.512821  3.7521367   48.90020  -45.77768    34.9043    34.9039     3.6620     3.6623    27.7449    27.7445    6.36930    6.31736         15 0.0000e+00
      93717   3904.817   1174.000     3.7518   3.277260     3.7518   3.277226      51.26     0.0127     2.5493     2.2424  34.512821  3.7527711   48.90019  -45.77767    34.9044    34.9040     3.6629     3.6628    27.7449    27.7446    6.36548    6.31771         15 0.0000e+00
      93733   3905.492   1173.000     3.7522   3.277263     3.7521   3.277211      97.59     0.0157     2.5499     2.2424  34.512821  3.7521446   48.90018  -45.77766    34.9046    34.9040     3.6633     3.6633    27.7450    27.7445    6.37020    6.31564         17 0.0000e+00
      93754   3906.354   1172.000     3.7525   3.277239     3.7521   3.277169      98.62     0.0180     2.5502     2.2424  34.512249  3.7540441   48.90018  -45.77764    34.9045    34.9040     3.6637     3.6634    27.7448    27.7445    6.36784    6.31209         25 0.0000e+00
      93781   3907.506   1171.000     3.7525   3.277191     3.7521   3.277122      64.39     0.0175     2.5505     2.2423  34.509270  3.7616069   48.90018  -45.77763    34.9044    34.9040     3.6638     3.6634    27.7447    27.7445    6.36644    6.31510         29 0.0000e+00
      93807   3908.585   1170.000     3.7524   3.277134     3.7517   3.277032      98.78     0.0200     2.5511     2.2430  34.511551  3.7614799   48.90016  -45.77762    34.9043    34.9038     3.6638     3.6632    27.7447    27.7444    6.37345    6.32671         23 0.0000e+00
      93829   3909.519   1169.000     3.7520   3.277050     3.7513   3.276933      98.64     0.0188     2.5514     2.2440  34.511490  3.7619038   48.90016  -45.77762    34.9042    34.9036     3.6635     3.6628    27.7446    27.7443    6.37288    6.33283         22 0.0000e+00
      93853   3910.507   1168.000     3.7516   3.276965     3.7509   3.276850      60.68     0.0164     2.5526     2.2452  34.507801  3.7619047   48.90017  -45.77762    34.9041    34.9035     3.6632     3.6625    27.7446    27.7442    6.38868    6.33686         26 0.0000e+00
      93882   3911.726   1167.000     3.7513   3.276881     3.7502   3.276727      96.11     0.0186     2.5540     2.2465  34.498192  3.7619047   48.90018  -45.77761    34.9040    34.9033     3.6630     3.6619    27.7446    27.7441    6.38386    6.34045         32 0.0000e+00
      93912   3912.963   1166.000     3.7504   3.276736     3.7492   3.276554      59.99     0.0156     2.5556     2.2482  34.480511  3.7619047   48.90018  -45.77760    34.9037    34.9028     3.6622     3.6610    27.7444    27.7438    6.39733    6.34575         25 0.0000e+00
      93934   3913.865   1165.000     3.7483   3.276433     3.7472   3.276253      99.93     0.0141     2.5571     2.2490  34.474022  3.7619047   48.90019  -45.77760    34.9028    34.9019     3.6602     3.6591    27.7439    27.7432    6.38743    6.34329         19 0.0000e+00
      93951   3914.591   1164.000     3.7463   3.276127     3.7454   3.275977      98.63     0.0162     2.5567     2.2495  34.469685  3.7619047   48.90020  -45.77760    34.9019    34.9011     3.6583     3.6573    27.7433    27.7428    6.38663    6.34682         17 0.0000e+00
      93967   3915.241   1163.000     3.7453   3.275968     3.7442   3.275804      77.05     0.0133     2.5580     2.2502  34.465984  3.7619047   48.90018  -45.77758    34.9016    34.9007     3.6573     3.6563    27.7432    27.7426    6.40241    6.35182         15 0.0000e+00
      93982   3915.881   1162.000     3.7447   3.275864     3.7439   3.275721      55.96     0.0105     2.5588     2.2510  34.472378  3.7619047   48.90018  -45.77758    34.9014    34.9006     3.6569     3.6560    27.7431    27.7425    6.39562    6.35358         16 0.0000e+00
      93998   3916.548   1161.000     3.7444   3.275789     3.7437   3.275675      97.68     0.0108     2.5589     2.2518  34.468945  3.7613075   48.90018  -45.77758    34.9014    34.9008     3.6566     3.6559    27.7431    27.7427    6.39276    6.35209         16 0.0000e+00
      94016   3917.278   1160.000     3.7440   3.275694     3.7432   3.275576      98.63     0.0098     2.5599     2.2521  34.463570  3.7613888   48.90018  -45.77758    34.9012    34.9007     3.6563     3.6555    27.7429    27.7426    6.39647    6.35121         19 0.0000e+00
      94035   3918.094   1159.000     3.7438   3.275633     3.7421   3.275413      85.33     0.0142     2.5604     2.2530  34.463009  3.7599692   48.90022  -45.77758    34.9012    34.9004     3.6562     3.6545    27.7430    27.7425    6.40161    6.35157         20 0.0000e+00
      94057   3919.000   1158.000     3.7429   3.275511     3.7408   3.275223      48.72     0.0167     2.5616     2.2533  34.461220  3.7589316   48.90020  -45.77757    34.9011    34.8999     3.6555     3.6534    27.7430    27.7423    6.40421    6.35458         23 0.0000e+00
      94082   3920.035   1157.000     3.7421   3.275377     3.7384   3.274906      92.66     0.0161     2.5626     2.2544  34.466629  3.7591093   48.90020  -45.77755    34.9009    34.8993     3.6548     3.6510    27.7429    27.7420    6.40551    6.35939         28 0.0000e+00
