data/CTD/2014/CNV/u017a019.cnv
* Sea-Bird SBE 9 Data File:
* FileName = C:\CTD_ACQUISITION\2014017HUD\ctddata\017A019.hdr
* Software Version Seasave V 7.22.2
* Temperature SN = 5081
* Conductivity SN = 3561
* Number of Bytes Per Scan = 37
* Number of Voltage Words = 4
* Number of Scans Averaged by the Deck Unit = 1
* NMEA Latitude = 53 09.00 N
* NMEA Longitude = 050 44.34 W
* NMEA UTC (Time) = Jul 04 2014 21:31:06
* NMEA baud rate = 9600
** Ship: Hudson
** Cruise: HUD2014017
** Chief_Scientist: Blair Greenan
** Organization: BIO
** Area_of_Operation: Sackville Spur
** Station: 019
** Sounding:  2518
** Event_Comments: K9, 403089
# nquan = 25
# nvalues = 3072                        
# units = specified
# name 0 = scan: Scan Count
# name 1 = timeS: Time, Elapsed [seconds]
# name 2 = prDM: Pressure, Digiquartz [db]
# name 3 = t068C: Temperature [ITS-68, deg C]
# name 4 = c0S/m: Conductivity [S/m]
# name 5 = t168C: Temperature, 2 [ITS-68, deg C]
# name 6 = c1S/m: Conductivity, 2 [S/m]
# name 7 = altM: Altimeter [m]
# name 8 = flC: Fluorescence, Chelsea Aqua 3 Chl Con [ug/l]
# name 9 = sbeox0V: Oxygen raw, SBE 43 [V]
# name 10 = sbeox1V: Oxygen raw, SBE 43, 2 [V]
# name 11 = upoly0: Upoly 0, Optode 4330F - O2 D-Phase
# name 12 = upoly1: Upoly 1, Optode 4330F - O2 Temp
# name 13 = latitude: Latitude [deg]
# name 14 = longitude: Longitude [deg]
# name 15 = sal00: Salinity, Practical [PSU]
# name 16 = sal11: Salinity, Practical, 2 [PSU]
# name 17 = potemp068C: Potential Temperature [ITS-68, deg C]
# name 18 = potemp168C: Potential Temperature, 2 [ITS-68, deg C]
# name 19 = sigma-é00: Density [sigma-theta, Kg/m^3]
# name 20 = sigma-é11: Density, 2 [sigma-theta, Kg/m^3]
# name 21 = sbeox0ML/L: Oxygen, SBE 43 [ml/l], WS = 2
# name 22 = sbeox1ML/L: Oxygen, SBE 43, 2 [ml/l], WS = 2
# name 23 = nbin: number of scans per bin
# name 24 = flag: flag
# span 0 =      80926,     171669       
# span 1 =   3371.870,   7152.814       
# span 2 =      1.000,   3072.000       
# span 3 =     1.8694,     8.8567       
# span 4 =   3.184053,   3.656813       
# span 5 =     1.8682,     8.8667       
# span 6 =   3.183957,   3.658537       
# span 7 =       2.19,     103.26       
# span 8 =     0.0059,     0.2367       
# span 9 =     2.1181,     3.4407       
# span 10 =     1.8754,     3.0233      
# span 11 =  30.050722,  35.569000      
# span 12 =  1.8569529,  8.8651724      
# span 13 =   53.15180,   53.15367      
# span 14 =  -50.73308,  -50.72289      
# span 15 =    34.5337,    34.9152      
# span 16 =    34.5427,    34.9153      
# span 17 =     1.6398,     8.8563      
# span 18 =     1.6388,     8.8666      
# span 19 =    26.7762,    27.9147      
# span 20 =    26.7816,    27.9150      
# span 21 =    6.27629,    7.38721      
# span 22 =    6.20689,    7.44335      
# span 23 =          9,         76      
# span 24 = 0.0000e+00, 0.0000e+00      
# interval = decibars: 1                
# start_time = Jul 04 2014 21:31:06 [NMEA time, header]
# bad_flag = -9.990e-29
*END*
[from data line 522]
      92928   3871.941   2550.000     2.6173   3.233184     2.6169   3.233156      97.43     0.0182     2.1911     1.9285  35.529694  2.5995116   53.15200  -50.73194    34.9099    34.9100     2.4197     2.4193    27.8649    27.8650    6.48418    6.38721         20 0.0000e+00
      92972   3873.779   2549.000     2.6167   3.233091     2.6153   3.232977      84.01     0.0166     2.1917     1.9293  35.518467  2.6054752   53.15200  -50.73194    34.9099    34.9101     2.4192     2.4178    27.8650    27.8652    6.47571    6.38799         64 0.0000e+00
      93014   3875.536   2548.000     2.6166   3.233021     2.6147   3.232877      72.60     0.0180     2.1919     1.9297  35.517506  2.6084118   53.15200  -50.73192    34.9096    34.9099     2.4192     2.4173    27.8647    27.8651    6.47085    6.39277         21 0.0000e+00
      93032   3876.271   2547.000     2.6169   3.232991     2.6150   3.232856      75.09     0.0178     2.1920     1.9302  35.528389  2.6068375   53.15200  -50.73192    34.9095    34.9098     2.4195     2.4178    27.8646    27.8649    6.47613    6.39421         16 0.0000e+00
      93048   3876.964   2546.000     2.6201   3.233256     2.6176   3.233082      98.83     0.0189     2.1921     1.9304  35.553318  2.6006095   53.15200  -50.73192    34.9097    34.9103     2.4228     2.4204    27.8645    27.8651    6.48329    6.39218         17 0.0000e+00
      93066   3877.702   2545.000     2.6227   3.233459     2.6234   3.233557      98.64     0.0148     2.1926     1.9307  35.553112  2.5995204   53.15200  -50.73191    34.9099    34.9103     2.4254     2.4261    27.8644    27.8647    6.48074    6.38906         19 0.0000e+00
      93086   3878.562   2544.000     2.6236   3.233511     2.6250   3.233654      68.07     0.0155     2.1926     1.9309  35.528877  2.6057262   53.15200  -50.73190    34.9100    34.9102     2.4264     2.4278    27.8644    27.8644    6.46837    6.38611         23 0.0000e+00
      93112   3879.610   2543.000     2.6255   3.233649     2.6253   3.233644      90.69     0.0142     2.1929     1.9310  35.522652  2.6092978   53.15201  -50.73190    34.9101    34.9102     2.4284     2.4282    27.8643    27.8644    6.48217    6.38776         26 0.0000e+00
      93137   3880.670   2542.000     2.6260   3.233645     2.6258   3.233646      98.82     0.0143     2.1930     1.9312  35.526333  2.6096961   53.15202  -50.73190    34.9100    34.9102     2.4290     2.4288    27.8642    27.8644    6.47660    6.38886         24 0.0000e+00
      93159   3881.584   2541.000     2.6264   3.233642     2.6275   3.233769      98.64     0.0155     2.1935     1.9317  35.521713  2.6097448   53.15202  -50.73190    34.9100    34.9104     2.4295     2.4305    27.8641    27.8643    6.47022    6.39617         21 0.0000e+00
      93180   3882.467   2540.000     2.6278   3.233742     2.6290   3.233865      98.63     0.0161     2.1931     1.9321  35.524437  2.6154149   53.15202  -50.73191    34.9102    34.9104     2.4309     2.4321    27.8642    27.8642    6.47363    6.38787         22 0.0000e+00
      93203   3883.435   2539.000     2.6291   3.233815     2.6295   3.233879      74.49     0.0152     2.1937     1.9321  35.523827  2.6189642   53.15202  -50.73190    34.9102    34.9104     2.4323     2.4328    27.8640    27.8642    6.46983    6.38489         25 0.0000e+00
      93229   3884.489   2538.000     2.6306   3.233898     2.6305   3.233926      84.88     0.0151     2.1936     1.9322  35.524426  2.6190476   53.15202  -50.73190    34.9100    34.9105     2.4339     2.4338    27.8638    27.8641    6.47530    6.38371         24 0.0000e+00
      93251   3885.437   2537.000     2.6316   3.233928     2.6327   3.234091      98.94     0.0184     2.1938     1.9322  35.520233  2.6190476   53.15202  -50.73188    34.9098    34.9106     2.4349     2.4361    27.8635    27.8640    6.47600    6.38300         21 0.0000e+00
      93271   3886.240   2536.000     2.6332   3.234056     2.6345   3.234208      93.60     0.0212     2.1945     1.9323  35.517258  2.6206982   53.15200  -50.73188    34.9101    34.9105     2.4366     2.4379    27.8636    27.8638    6.47368    6.38623         18 0.0000e+00
      93289   3886.996   2535.000     2.6350   3.234208     2.6355   3.234260      39.56     0.0182     2.1940     1.9325  35.513039  2.6221240   53.15202  -50.73188    34.9105    34.9105     2.4385     2.4390    27.8638    27.8637    6.46981    6.38830         19 0.0000e+00
      93308   3887.790   2534.000     2.6360   3.234253     2.6359   3.234265      95.52     0.0179     2.1945     1.9329  35.510689  2.6219823   53.15202  -50.73188    34.9104    34.9106     2.4396     2.4395    27.8636    27.8638    6.48208    6.38506         20 0.0000e+00
      93331   3888.770   2533.000     2.6365   3.234246     2.6361   3.234246      65.36     0.0186     2.1952     1.9328  35.512226  2.6268542   53.15202  -50.73188    34.9103    34.9107     2.4401     2.4398    27.8635    27.8638    6.47099    6.38258         28 0.0000e+00
      93372   3890.438   2532.000     2.6361   3.234190     2.6360   3.234182      99.09     0.0154     2.1950     1.9332  35.515175  2.6286366   53.15202  -50.73186    34.9105    34.9105     2.4399     2.4398    27.8636    27.8637    6.47335    6.38636         49 0.0000e+00
      93411   3892.073   2531.000     2.6360   3.234123     2.6353   3.234080      58.53     0.0176     2.1958     1.9334  35.517162  2.6288276   53.15202  -50.73186    34.9102    34.9105     2.4399     2.4392    27.8634    27.8637    6.46962    6.38120         26 0.0000e+00
      93432   3892.946   2530.000     2.6370   3.234169     2.6365   3.234148      98.97     0.0181     2.1955     1.9335  35.518696  2.6288157   53.15202  -50.73185    34.9102    34.9105     2.4410     2.4404    27.8633    27.8636    6.47649    6.38026         20 0.0000e+00
      93450   3893.704   2529.000     2.6380   3.234226     2.6373   3.234190      54.13     0.0183     2.1958     1.9334  35.522923  2.6288157   53.15202  -50.73185    34.9103    34.9106     2.4420     2.4414    27.8633    27.8636    6.48012    6.37895         17 0.0000e+00
      93467   3894.423   2528.000     2.6384   3.234230     2.6376   3.234177      85.62     0.0129     2.1966     1.9334  35.511642  2.6288157   53.15202  -50.73186    34.9104    34.9106     2.4425     2.4417    27.8633    27.8636    6.47567    6.38365         17 0.0000e+00
      93484   3895.123   2527.000     2.6385   3.234208     2.6381   3.234181      98.60     0.0100     2.1963     1.9337  35.510025  2.6288157   53.15202  -50.73184    34.9105    34.9106     2.4427     2.4423    27.8634    27.8635    6.46664    6.39443         17 0.0000e+00
      93501   3895.838   2526.000     2.6387   3.234191     2.6394   3.234262      98.64     0.0144     2.1962     1.9344  35.513489  2.6288157   53.15202  -50.73184    34.9106    34.9107     2.4429     2.4437    27.8635    27.8635    6.48123    6.39565         17 0.0000e+00
      93519   3896.596   2525.000     2.6392   3.234199     2.6400   3.234288      63.39     0.0137     2.1973     1.9347  35.512104  2.6288157   53.15202  -50.73184    34.9106    34.9108     2.4436     2.4444    27.8634    27.8635    6.48623    6.38908         20 0.0000e+00
      93542   3897.551   2524.000     2.6398   3.234211     2.6405   3.234286      86.71     0.0110     2.1973     1.9351  35.510307  2.6288157   53.15202  -50.73184    34.9106    34.9107     2.4443     2.4449    27.8633    27.8634    6.47557    6.39201         29 0.0000e+00
      93597   3899.825   2523.000     2.6391   3.234109     2.6391   3.234118     100.66     0.0183     2.1979     1.9354  35.512234  2.6288157   53.15201  -50.73184    34.9106    34.9106     2.4437     2.4437    27.8634    27.8634    6.46956    6.37795         59 0.0000e+00
      93627   3901.070   2522.000     2.6396   3.234084     2.6398   3.234131      98.64     0.0171     2.1976     1.9349  35.510864  2.6288157   53.15202  -50.73184    34.9102    34.9105     2.4442     2.4445    27.8631    27.8633    6.47806    6.38224         17 0.0000e+00
      93641   3901.673   2521.000     2.6413   3.234211     2.6413   3.234249      51.96     0.0127     2.1981     1.9354  35.509140  2.6288157   53.15202  -50.73183    34.9104    34.9108     2.4460     2.4460    27.8630    27.8634    6.48007    6.38970         13 0.0000e+00
      93654   3902.220   2520.000     2.6447   3.234475     2.6442   3.234475      66.31     0.0144     2.1985     1.9356  35.512615  2.6288157   53.15202  -50.73182    34.9104    34.9109     2.4495     2.4490    27.8627    27.8632    6.47697    6.38976         13 0.0000e+00
      93667   3902.763   2519.000     2.6465   3.234605     2.6464   3.234636      98.16     0.0157     2.1985     1.9357  35.509209  2.6288157   53.15202  -50.73182    34.9105    34.9110     2.4513     2.4512    27.8627    27.8631    6.47913    6.39114         14 0.0000e+00
      93681   3903.353   2518.000     2.6474   3.234657     2.6481   3.234741      98.64     0.0186     2.1992     1.9361  35.511040  2.6288157   53.15202  -50.73182    34.9107    34.9110     2.4523     2.4530    27.8627    27.8629    6.48385    6.39622         15 0.0000e+00
      93700   3904.142   2517.000     2.6482   3.234696     2.6489   3.234775      87.91     0.0178     2.1992     1.9367  35.510395  2.6302533   53.15202  -50.73180    34.9108    34.9110     2.4531     2.4538    27.8628    27.8628    6.47898    6.39490         25 0.0000e+00
      93773   3907.166   2516.000     2.6465   3.234507     2.6470   3.234547      72.74     0.0159     2.2003     1.9365  35.508911  2.6383541   53.15202  -50.73180    34.9107    34.9107     2.4516     2.4637    27.8628    27.8627    6.47662    6.37117         30 0.0000e+00
      93800   3908.303   2515.000     2.6464   3.234438     2.6456   3.234390      98.80     0.0161     2.1996     1.9361  35.510296  2.6363251   53.15202  -50.73180    34.9105    34.9108     2.4516     2.4508    27.8626    27.8629    6.47245    6.37408         13 0.0000e+00
      93813   3908.820   2514.000     2.6502   3.234741     2.6487   3.234663      98.63     0.0163     2.2007     1.9363  35.510380  2.6287014   53.15202  -50.73180    34.9106    34.9112     2.4554     2.4540    27.8624    27.8630    6.48306    6.38121         12 0.0000e+00
      93824   3909.298   2513.000     2.6568   3.235290     2.6586   3.235524      98.59     0.0170     2.2004     1.9363  35.510494  2.6288157   53.15202  -50.73180    34.9106    34.9115     2.4620     2.4638    27.8619    27.8624    6.47678    6.38090         11 0.0000e+00
      93835   3909.769   2512.000     2.6628   3.235805     2.6658   3.236112      36.64     0.0168     2.2007     1.9366  35.510380  2.6288157   53.15202  -50.73179    34.9110    34.9115     2.4680     2.4710    27.8616    27.8617    6.46774    6.38049         12 0.0000e+00
      93847   3910.260   2511.000     2.6661   3.236074     2.6684   3.236300      72.01     0.0163     2.2010     1.9366  35.509186  2.6312065   53.15202  -50.73178    34.9112    34.9114     2.4713     2.4736    27.8615    27.8615    6.46664    6.38265         12 0.0000e+00
      93861   3910.826   2510.000     2.6679   3.236197     2.6692   3.236338      98.32     0.0154     2.2004     1.9369  35.510124  2.6384938   53.15203  -50.73178    34.9113    34.9115     2.4732     2.4745    27.8614    27.8615    6.46980    6.38197         15 0.0000e+00
      93888   3911.963   2509.000     2.6673   3.236128     2.6686   3.236245      98.63     0.0174     2.2010     1.9373  35.509876  2.6409905   53.15203  -50.73177    34.9114    34.9116     2.4727     2.4739    27.8616    27.8616    6.47139    6.38136         44 0.0000e+00
      93954   3914.719   2508.000     2.6643   3.235814     2.6637   3.235728      70.83     0.0178     2.2015     1.9381  35.510651  2.6495125   53.15202  -50.73176    34.9114    34.9110     2.4698     2.4692    27.8618    27.8615    6.47080    6.38133         32 0.0000e+00
      93970   3915.386   2507.000     2.6653   3.235828     2.6651   3.235831      80.00     0.0157     2.2015     1.9382  35.510017  2.6483517   53.15202  -50.73176    34.9109    34.9112     2.4710     2.4708    27.8613    27.8615    6.47022    6.38021         17 0.0000e+00
      93987   3916.094   2506.000     2.6676   3.235985     2.6664   3.235928      98.93     0.0116     2.2018     1.9382  35.509144  2.6483517   53.15202  -50.73176    34.9109    34.9115     2.4733     2.4721    27.8611    27.8617    6.46320    6.37639         17 0.0000e+00
      94005   3916.843   2505.000     2.6700   3.236183     2.6704   3.236264      98.64     0.0130     2.2013     1.9383  35.509159  2.6483517   53.15202  -50.73175    34.9112    34.9117     2.4757     2.4762    27.8611    27.8615    6.46946    6.37810         20 0.0000e+00
      94058   3919.060   2504.000     2.6733   3.236454     2.6732   3.236454      69.68     0.0145     2.2024     1.9383  35.509361  2.6538429   53.15202  -50.73173    34.9114    34.9115     2.4791     2.4789    27.8610    27.8611    6.47170    6.37289         69 0.0000e+00
      94125   3921.851   2503.000     2.6741   3.236475     2.6756   3.236613      99.59     0.0176     2.2029     1.9382  35.509151  2.6582427   53.15202  -50.73172    34.9113    34.9114     2.4799     2.4814    27.8608    27.8608    6.47418    6.36897         32 0.0000e+00
      94151   3922.932   2502.000     2.6732   3.236347     2.6729   3.236339      38.72     0.0152     2.2033     1.9379  35.509159  2.6581197   53.15202  -50.73172    34.9111    34.9114     2.4792     2.4788    27.8608    27.8610    6.46070    6.36728         24 0.0000e+00
      94176   3923.938   2501.000     2.6768   3.236638     2.6745   3.236445      97.27     0.0139     2.2028     1.9380  35.509159  2.6581197   53.15202  -50.73172    34.9113    34.9114     2.4828     2.4806    27.8606    27.8609    6.45868    6.37264         25 0.0000e+00
      94258   3927.356   2500.000     2.6790   3.236801     2.6776   3.236682      76.71     0.0147     2.2033     1.9386  35.509159  2.6617465   53.15202  -50.73171    34.9114    34.9115     2.4851     2.4836    27.8604    27.8607    6.47196    6.37468         46 0.0000e+00
      95393   3974.654   2499.000     2.6809   3.236923     2.6807   3.236931      91.35     0.0188     2.2053     1.9419  35.505920  2.6810584   53.15200  -50.73151    34.9113    34.9116     2.4870     2.4869    27.8603    27.8605    6.46355    6.38936         35 0.0000e+00
      95686   3986.895   2498.000     2.6819   3.236959     2.6810   3.236906      98.78     0.0204     2.2062     1.9415  35.498589  2.6776664   53.15202  -50.73146    34.9112    34.9115     2.4880     2.4872    27.8601    27.8604    6.47913    6.39739         14 0.0000e+00
      95695   3987.229   2497.000     2.6819   3.236933     2.6811   3.236881      94.86     0.0203     2.2060     1.9423  35.498169  2.6776557   53.15202  -50.73146    34.9113    34.9116     2.4881     2.4874    27.8602    27.8604    6.47401    6.39646         16 0.0000e+00
      95714   3988.056   2496.000     2.6818   3.236892     2.6810   3.236832      49.79     0.0163     2.2061     1.9423  35.500034  2.6776557   53.15202  -50.73146    34.9114    34.9115     2.4882     2.4874    27.8602    27.8604    6.47448    6.38670         26 0.0000e+00
      95761   3989.997   2495.000     2.6817   3.236837     2.6809   3.236773      70.92     0.0154     2.2064     1.9426  35.509361  2.6776557   53.15202  -50.73144    34.9114    34.9114     2.4881     2.4874    27.8602    27.8603    6.47818    6.38693         55 0.0000e+00
      95792   3991.279   2494.000     2.6818   3.236793     2.6811   3.236736      60.97     0.0173     2.2068     1.9426  35.501797  2.6776557   53.15204  -50.73144    34.9111    34.9112     2.4884     2.4877    27.8600    27.8601    6.47235    6.37955         16 0.0000e+00
