data/CTD/2014/CNV/u017a033.cnv
* Sea-Bird SBE 9 Data File:
* FileName = C:\CTD_ACQUISITION\2014017HUD\ctddata\017A033.hdr
* Software Version Seasave V 7.22.2
* Temperature SN = 5081
* Conductivity SN = 3561
* Number of Bytes Per Scan = 37
* Number of Voltage Words = 4
* Number of Scans Averaged by the Deck Unit = 1
* NMEA Latitude = 48 32.64 N
* NMEA Longitude = 046 46.27 W
* NMEA UTC (Time) = Jul 09 2014 10:04:54
* NMEA baud rate = 9600
** Ship: Hudson
** Cruise: HUD2014017
** Chief_Scientist: Blair Greenan
** Organization: BIO
** Area_of_Operation: Sackville Spur
** Station: 033
** Sounding:  2397
** Event_Comments: SS-06 403185
# nquan = 25
# nvalues = 2469                        
# units = specified
# name 0 = scan: Scan Count
# name 1 = timeS: Time, Elapsed [seconds]
# name 2 = prDM: Pressure, Digiquartz [db]
# name 3 = t068C: Temperature [ITS-68, deg C]
# name 4 = c0S/m: Conductivity [S/m]
# name 5 = t168C: Temperature, 2 [ITS-68, deg C]
# name 6 = c1S/m: Conductivity, 2 [S/m]
# name 7 = altM: Altimeter [m]
# name 8 = flC: Fluorescence, Chelsea Aqua 3 Chl Con [ug/l]
# name 9 = sbeox0V: Oxygen raw, SBE 43 [V]
# name 10 = sbeox1V: Oxygen raw, SBE 43, 2 [V]
# name 11 = upoly0: Upoly 0, Optode 4330F - O2 D-Phase
# name 12 = upoly1: Upoly 1, Optode 4330F - O2 Temp
# name 13 = latitude: Latitude [deg]
# name 14 = longitude: Longitude [deg]
# name 15 = sal00: Salinity, Practical [PSU]
# name 16 = sal11: Salinity, Practical, 2 [PSU]
# name 17 = potemp068C: Potential Temperature [ITS-68, deg C]
# name 18 = potemp168C: Potential Temperature, 2 [ITS-68, deg C]
# name 19 = sigma-é00: Density [sigma-theta, Kg/m^3]
# name 20 = sigma-é11: Density, 2 [sigma-theta, Kg/m^3]
# name 21 = sbeox0ML/L: Oxygen, SBE 43 [ml/l], WS = 2
# name 22 = sbeox1ML/L: Oxygen, SBE 43, 2 [ml/l], WS = 2
# name 23 = nbin: number of scans per bin
# name 24 = flag: flag
# span 0 =      71662,     147754       
# span 1 =   2985.877,   6156.356       
# span 2 =      1.000,   2469.000       
# span 3 =     2.3769,     9.0358       
# span 4 =   3.144827,   3.606483       
# span 5 =     2.3763,     9.0357       
# span 6 =   3.144822,   3.606462       
# span 7 =      -3.54,     102.98       
# span 8 =     0.0056,     0.3785       
# span 9 =     2.2040,     3.5423       
# span 10 =     1.9502,     3.1332      
# span 11 =  29.948317,  35.568130      
# span 12 =  2.3752520,  9.0752583      
# span 13 =   48.54084,   48.54418      
# span 14 =  -46.75872,  -46.74688      
# span 15 =    33.8327,    34.9162      
# span 16 =    33.8325,    34.9164      
# span 17 =     2.1918,     9.0357      
# span 18 =     2.1913,     9.0356      
# span 19 =    26.1988,    27.8783      
# span 20 =    26.1986,    27.8787      
# span 21 =    6.30108,    7.78427      
# span 22 =    6.23673,    7.82227      
# span 23 =          9,         91      
# span 24 = 0.0000e+00, 0.0000e+00      
# interval = decibars: 1                
# start_time = Jul 09 2014 10:04:54 [NMEA time, header]
# bad_flag = -9.990e-29
*END*
[from data line 580]
      87459   3644.098   1889.000     3.0846   3.248469     3.0844   3.248480      98.63     0.0149     2.3376     2.0587  35.157509  3.0684240   48.54370  -46.75580    34.9128    34.9133     2.9410     2.9407    27.8211    27.8214    6.37511    6.31099         14 0.0000e+00
      87474   3644.704   1888.000     3.0856   3.248516     3.0853   3.248517      98.63     0.0129     2.3378     2.0590  35.157509  3.0683761   48.54370  -46.75580    34.9129    34.9132     2.9420     2.9417    27.8210    27.8213    6.38146    6.30989         16 0.0000e+00
      87512   3646.292   1887.000     3.0852   3.248448     3.0847   3.248426      98.63     0.0100     2.3387     2.0590  35.157509  3.0753126   48.54371  -46.75580    34.9129    34.9132     2.9418     2.9413    27.8211    27.8213    6.38186    6.30731         34 0.0000e+00
      87575   3648.935   1886.000     3.0845   3.248320     3.0829   3.248208      98.63     0.0119     2.3400     2.0592  35.157509  3.0782497   48.54372  -46.75580    34.9127    34.9131     2.9411     2.9395    27.8209    27.8214    6.38850    6.31152         19 0.0000e+00
      87590   3649.561   1885.000     3.0848   3.248309     3.0832   3.248217      81.90     0.0117     2.3404     2.0595  35.157509  3.0727959   48.54372  -46.75580    34.9127    34.9133     2.9415     2.9399    27.8209    27.8215    6.38010    6.31458         15 0.0000e+00
      87605   3650.172   1884.000     3.0864   3.248411     3.0847   3.248319      76.79     0.0101     2.3401     2.0597  35.157509  3.0683379   48.54372  -46.75580    34.9127    34.9134     2.9432     2.9415    27.8208    27.8214    6.37564    6.31432         15 0.0000e+00
      87620   3650.784   1883.000     3.0872   3.248457     3.0865   3.248432      98.38     0.0064     2.3405     2.0600  35.157509  3.0683761   48.54372  -46.75580    34.9128    34.9133     2.9441     2.9434    27.8208    27.8212    6.38173    6.31344         15 0.0000e+00
      87636   3651.447   1882.000     3.0876   3.248451     3.0882   3.248538      98.63     0.0076     2.3410     2.0601  35.157509  3.0734580   48.54372  -46.75580    34.9129    34.9133     2.9445     2.9451    27.8208    27.8211    6.38609    6.31293         17 0.0000e+00
      87655   3652.244   1881.000     3.0883   3.248486     3.0904   3.248696      98.63     0.0122     2.3409     2.0605  35.157509  3.0779903   48.54372  -46.75580    34.9130    34.9134     2.9453     2.9473    27.8208    27.8209    6.37954    6.31501         22 0.0000e+00
      87683   3653.435   1880.000     3.0894   3.248535     3.0906   3.248660      98.62     0.0137     2.3413     2.0610  35.153008  3.0786440   48.54372  -46.75580    34.9129    34.9132     2.9465     2.9476    27.8206    27.8208    6.38039    6.31597         37 0.0000e+00
      87721   3655.014   1879.000     3.0893   3.248483     3.0897   3.248537      98.40     0.0114     2.3419     2.0614  35.149563  3.0806882   48.54373  -46.75580    34.9129    34.9131     2.9465     2.9469    27.8206    27.8208    6.38354    6.31213         32 0.0000e+00
      87748   3656.108   1878.000     3.0884   3.248359     3.0903   3.248556      98.64     0.0148     2.3422     2.0616  35.157673  3.0785258   48.54374  -46.75580    34.9129    34.9132     2.9457     2.9475    27.8207    27.8208    6.37495    6.30916         23 0.0000e+00
      87769   3656.993   1877.000     3.0928   3.248689     3.0926   3.248722      98.63     0.0136     2.3419     2.0615  35.157509  3.0796251   48.54374  -46.75580    34.9127    34.9132     2.9501     2.9554    27.8201    27.8206    6.37253    6.30935         20 0.0000e+00
      87789   3657.836   1876.000     3.0942   3.248790     3.0931   3.248729      98.63     0.0143     2.3419     2.0618  35.157509  3.0795393   48.54374  -46.75580    34.9129    34.9133     2.9516     2.9505    27.8201    27.8206    6.37375    6.31040         21 0.0000e+00
      87809   3658.670   1875.000     3.0938   3.248727     3.0927   3.248652      98.63     0.0110     2.3421     2.0618  35.157509  3.0810432   48.54374  -46.75580    34.9130    34.9133     2.9513     2.9502    27.8202    27.8206    6.37736    6.31464         20 0.0000e+00
      87829   3659.491   1874.000     3.0936   3.248670     3.0934   3.248676      98.64     0.0119     2.3422     2.0623  35.157509  3.0827518   48.54374  -46.75580    34.9130    34.9134     2.9512     2.9509    27.8203    27.8206    6.37718    6.32094         19 0.0000e+00
      87848   3660.301   1873.000     3.0944   3.248693     3.0946   3.248742      98.30     0.0124     2.3428     2.0630  35.157509  3.0878367   48.54374  -46.75580    34.9129    34.9133     2.9520     2.9523    27.8201    27.8204    6.38280    6.32484         20 0.0000e+00
      87869   3661.158   1872.000     3.0952   3.248723     3.0953   3.248762      98.32     0.0141     2.3427     2.0637  35.157509  3.0879121   48.54374  -46.75580    34.9130    34.9133     2.9529     2.9530    27.8201    27.8204    6.37722    6.32323         21 0.0000e+00
      87894   3662.198   1871.000     3.0959   3.248754     3.0964   3.248819      98.62     0.0140     2.3433     2.0641  35.152771  3.0879121   48.54374  -46.75580    34.9130    34.9133     2.9537     2.9542    27.8201    27.8203    6.37650    6.31879         30 0.0000e+00
      87936   3663.966   1870.000     3.0963   3.248729     3.1000   3.249087      98.63     0.0187     2.3436     2.0647  35.145195  3.0879121   48.54376  -46.75580    34.9129    34.9132     2.9542     2.9578    27.8199    27.8198    6.38132    6.31675         50 0.0000e+00
      87972   3665.467   1869.000     3.0961   3.248663     3.1014   3.249169      98.63     0.0151     2.3442     2.0645  35.142731  3.0879121   48.54376  -46.75580    34.9127    34.9132     2.9541     2.9593    27.8198    27.8197    6.37438    6.31103         22 0.0000e+00
      87990   3666.212   1868.000     3.1039   3.249333     3.1071   3.249663      98.63     0.0120     2.3436     2.0646  35.142857  3.0879121   48.54376  -46.75580    34.9129    34.9135     2.9619     2.9651    27.8192    27.8194    6.37123    6.31605         16 0.0000e+00
      88005   3666.826   1867.000     3.1124   3.250020     3.1121   3.250082      97.97     0.0119     2.3447     2.0650  35.142857  3.0879121   48.54376  -46.75580    34.9127    34.9137     2.9703     2.9701    27.8183    27.8191    6.38195    6.31700         14 0.0000e+00
      88018   3667.389   1866.000     3.1158   3.250309     3.1158   3.250365      98.46     0.0124     2.3444     2.0649  35.142857  3.0899796   48.54376  -46.75580    34.9130    34.9137     2.9738     2.9738    27.8182    27.8187    6.37855    6.31423         14 0.0000e+00
      88032   3667.966   1865.000     3.1183   3.250483     3.1184   3.250548      98.63     0.0138     2.3446     2.0652  35.142857  3.0934145   48.54376  -46.75580    34.9130    34.9136     2.9763     2.9764    27.8179    27.8184    6.37887    6.31591         14 0.0000e+00
      88048   3668.625   1864.000     3.1195   3.250562     3.1201   3.250660      98.63     0.0131     2.3452     2.0655  35.142857  3.0949199   48.54376  -46.75580    34.9131    34.9137     2.9776     2.9782    27.8179    27.8183    6.38015    6.31758         18 0.0000e+00
      88085   3670.178   1863.000     3.1192   3.250503     3.1195   3.250550      98.63     0.0145     2.3458     2.0662  35.144096  3.1017721   48.54376  -46.75580    34.9132    34.9135     2.9774     2.9777    27.8180    27.8182    6.37382    6.31661         51 0.0000e+00
      88147   3672.766   1862.000     3.1152   3.250086     3.1166   3.250240      98.39     0.0194     2.3452     2.0665  35.142735  3.1078374   48.54377  -46.75580    34.9129    34.9133     2.9736     2.9750    27.8181    27.8183    6.37039    6.31251         23 0.0000e+00
      88163   3673.433   1861.000     3.1175   3.250232     3.1170   3.250243      98.16     0.0165     2.3459     2.0665  35.141979  3.1062763   48.54378  -46.75580    34.9127    34.9134     2.9759     2.9754    27.8177    27.8184    6.37826    6.31071         17 0.0000e+00
      88179   3674.066   1860.000     3.1249   3.250852     3.1237   3.250807      98.64     0.0144     2.3460     2.0666  35.142860  3.1053498   48.54378  -46.75580    34.9128    34.9135     2.9833     2.9821    27.8171    27.8178    6.36894    6.31031         14 0.0000e+00
      88193   3674.660   1859.000     3.1303   3.251308     3.1300   3.251330      98.63     0.0140     2.3457     2.0667  35.142857  3.1048489   48.54378  -46.75581    34.9130    34.9136     2.9887     2.9884    27.8168    27.8173    6.37111    6.31146         15 0.0000e+00
      88207   3675.269   1858.000     3.1326   3.251487     3.1328   3.251534      98.63     0.0158     2.3465     2.0670  35.140034  3.1060977   48.54378  -46.75582    34.9132    34.9136     2.9910     2.9912    27.8168    27.8170    6.37384    6.31070         15 0.0000e+00
      88224   3675.952   1857.000     3.1337   3.251549     3.1337   3.251572      98.63     0.0151     2.3462     2.0669  35.140396  3.1073973   48.54378  -46.75582    34.9133    34.9136     2.9922     2.9922    27.8167    27.8170    6.37406    6.30639         18 0.0000e+00
      88245   3676.816   1856.000     3.1344   3.251564     3.1342   3.251573      98.63     0.0149     2.3472     2.0668  35.138660  3.1074481   48.54378  -46.75581    34.9132    34.9135     2.9930     2.9928    27.8166    27.8168    6.37921    6.30313         24 0.0000e+00
      88277   3678.148   1855.000     3.1339   3.251473     3.1352   3.251621      98.63     0.0122     2.3471     2.0669  35.125481  3.1195521   48.54378  -46.75580    34.9131    34.9135     2.9926     2.9939    27.8166    27.8167    6.36833    6.30432         38 0.0000e+00
      88310   3679.544   1854.000     3.1333   3.251373     3.1340   3.251452      98.63     0.0150     2.3481     2.0670  35.120449  3.1197557   48.54378  -46.75581    34.9131    34.9133     2.9921     2.9928    27.8166    27.8166    6.38227    6.30806         27 0.0000e+00
      88334   3680.562   1853.000     3.1334   3.251342     3.1347   3.251484      74.00     0.0169     2.3485     2.0674  35.126980  3.1216919   48.54378  -46.75582    34.9130    34.9134     2.9923     2.9936    27.8165    27.8166    6.37615    6.30838         24 0.0000e+00
      88358   3681.552   1852.000     3.1362   3.251553     3.1360   3.251559      90.05     0.0160     2.3486     2.0673  35.130440  3.1249285   48.54378  -46.75582    34.9131    34.9134     2.9952     2.9949    27.8163    27.8166    6.36823    6.30151         25 0.0000e+00
      88385   3682.682   1851.000     3.1370   3.251580     3.1365   3.251564      98.59     0.0137     2.3482     2.0672  35.128735  3.1269746   48.54378  -46.75582    34.9131    34.9134     2.9960     2.9955    27.8162    27.8165    6.36427    6.29676         28 0.0000e+00
      88412   3683.803   1850.000     3.1375   3.251577     3.1369   3.251559      98.63     0.0151     2.3485     2.0669  35.140759  3.1269841   48.54378  -46.75582    34.9130    34.9134     2.9966     2.9960    27.8161    27.8164    6.37223    6.30265         24 0.0000e+00
      88433   3684.666   1849.000     3.1383   3.251608     3.1373   3.251557      98.63     0.0140     2.3489     2.0674  35.142914  3.1269841   48.54378  -46.75582    34.9130    34.9135     2.9975     2.9965    27.8160    27.8164    6.38172    6.30578         18 0.0000e+00
      88451   3685.398   1848.000     3.1390   3.251633     3.1382   3.251596      98.63     0.0144     2.3495     2.0673  35.142857  3.1275282   48.54378  -46.75582    34.9131    34.9135     2.9982     2.9975    27.8160    27.8164    6.36851    6.30599         18 0.0000e+00
      88468   3686.132   1847.000     3.1395   3.251638     3.1393   3.251652      98.63     0.0113     2.3489     2.0679  35.140461  3.1269944   48.54378  -46.75582    34.9131    34.9135     2.9988     2.9986    27.8160    27.8163    6.36449    6.31259         18 0.0000e+00
      88494   3687.216   1846.000     3.1403   3.251667     3.1406   3.251725      98.63     0.0161     2.3494     2.0685  35.142254  3.1272004   48.54378  -46.75582    34.9131    34.9134     2.9997     3.0000    27.8159    27.8161    6.36765    6.30775         40 0.0000e+00
      88548   3689.451   1845.000     3.1398   3.251578     3.1382   3.251453      52.52     0.0154     2.3492     2.0689  35.135841  3.1287010   48.54380  -46.75582    34.9130    34.9132     2.9994     2.9977    27.8158    27.8162    6.36505    6.30685         41 0.0000e+00
      88566   3690.228   1844.000     3.1405   3.251599     3.1409   3.251674      98.61     0.0143     2.3495     2.0693  35.126381  3.1294255   48.54380  -46.75582    34.9129    34.9134     3.0002     3.0005    27.8157    27.8161    6.36770    6.30924         16 0.0000e+00
      88581   3690.833   1843.000     3.1452   3.251958     3.1448   3.251992      98.63     0.0134     2.3491     2.0694  35.128204  3.1292384   48.54380  -46.75582    34.9128    34.9136     3.0048     3.0044    27.8152    27.8158    6.36990    6.30836         13 0.0000e+00
      88594   3691.393   1842.000     3.1501   3.252360     3.1494   3.252365      91.23     0.0127     2.3502     2.0694  35.124035  3.1297727   48.54380  -46.75582    34.9129    34.9137     3.0098     3.0091    27.8148    27.8154    6.37032    6.30958         14 0.0000e+00
      88608   3691.963   1841.000     3.1519   3.252495     3.1523   3.252571      89.24     0.0125     2.3501     2.0696  35.124020  3.1297750   48.54380  -46.75584    34.9131    34.9136     3.0117     3.0120    27.8147    27.8151    6.36626    6.31256         14 0.0000e+00
      88624   3692.618   1840.000     3.1531   3.252565     3.1532   3.252609      98.24     0.0134     2.3501     2.0705  35.128029  3.1276212   48.54380  -46.75584    34.9132    34.9135     3.0129     3.0130    27.8147    27.8150    6.36821    6.31201         18 0.0000e+00
      88658   3694.052   1839.000     3.1523   3.252462     3.1524   3.252485      98.63     0.0146     2.3505     2.0707  35.112362  3.1341953   48.54380  -46.75583    34.9132    34.9135     3.0122     3.0122    27.8148    27.8150    6.36491    6.30718         59 0.0000e+00
      88712   3696.305   1838.000     3.1494   3.252144     3.1489   3.252134      98.63     0.0190     2.3508     2.0709  35.107365  3.1416602   48.54380  -46.75582    34.9130    34.9134     3.0094     3.0089    27.8149    27.8153    6.36495    6.30395         27 0.0000e+00
      88731   3697.074   1837.000     3.1505   3.252202     3.1506   3.252248      98.63     0.0152     2.3507     2.0708  35.107033  3.1421926   48.54380  -46.75582    34.9130    34.9134     3.0106     3.0107    27.8148    27.8151    6.36508    6.29967         18 0.0000e+00
      88748   3697.810   1836.000     3.1528   3.252361     3.1524   3.252372      98.63     0.0173     2.3510     2.0708  35.119209  3.1373105   48.54380  -46.75583    34.9130    34.9136     3.0130     3.0125    27.8146    27.8151    6.35933    6.30217         18 0.0000e+00
      88766   3698.527   1835.000     3.1538   3.252414     3.1534   3.252411      98.63     0.0189     2.3507     2.0710  35.128021  3.1373260   48.54380  -46.75584    34.9131    34.9135     3.0140     3.0136    27.8145    27.8149    6.35951    6.30242         17 0.0000e+00
      88783   3699.269   1834.000     3.1546   3.252444     3.1541   3.252446      63.97     0.0152     2.3509     2.0709  35.117649  3.1383777   48.54380  -46.75584    34.9130    34.9136     3.0149     3.0145    27.8144    27.8149    6.37107    6.30041         18 0.0000e+00
      88803   3700.080   1833.000     3.1551   3.252458     3.1554   3.252515      86.80     0.0148     2.3517     2.0711  35.106617  3.1455615   48.54380  -46.75584    34.9132    34.9136     3.0155     3.0158    27.8145    27.8147    6.37010    6.29971         21 0.0000e+00
