data/CTD/2014/CNV/u017a021.cnv
* Sea-Bird SBE 9 Data File:
* FileName = C:\CTD_ACQUISITION\2014017HUD\ctddata\017A021.hdr
* Software Version Seasave V 7.22.2
* Temperature SN = 5081
* Conductivity SN = 3561
* Number of Bytes Per Scan = 37
* Number of Voltage Words = 4
* Number of Scans Averaged by the Deck Unit = 1
* NMEA Latitude = 53 13.81 N
* NMEA Longitude = 050 28.39 W
* NMEA UTC (Time) = Jul 05 2014 02:20:47
* NMEA baud rate = 9600
** Ship: Hudson
** Cruise: HUD2014017
** Chief_Scientist: Blair Greenan
** Organization: BIO
** Area_of_Operation: Sackville Spur
** Station: 021
** Sounding:  3191
** Event_Comments: DSOW2, 403108
# nquan = 25
# nvalues = 3333                        
# units = specified
# name 0 = scan: Scan Count
# name 1 = timeS: Time, Elapsed [seconds]
# name 2 = prDM: Pressure, Digiquartz [db]
# name 3 = t068C: Temperature [ITS-68, deg C]
# name 4 = c0S/m: Conductivity [S/m]
# name 5 = t168C: Temperature, 2 [ITS-68, deg C]
# name 6 = c1S/m: Conductivity, 2 [S/m]
# name 7 = altM: Altimeter [m]
# name 8 = flC: Fluorescence, Chelsea Aqua 3 Chl Con [ug/l]
# name 9 = sbeox0V: Oxygen raw, SBE 43 [V]
# name 10 = sbeox1V: Oxygen raw, SBE 43, 2 [V]
# name 11 = upoly0: Upoly 0, Optode 4330F - O2 D-Phase
# name 12 = upoly1: Upoly 1, Optode 4330F - O2 Temp
# name 13 = latitude: Latitude [deg]
# name 14 = longitude: Longitude [deg]
# name 15 = sal00: Salinity, Practical [PSU]
# name 16 = sal11: Salinity, Practical, 2 [PSU]
# name 17 = potemp068C: Potential Temperature [ITS-68, deg C]
# name 18 = potemp168C: Potential Temperature, 2 [ITS-68, deg C]
# name 19 = sigma-é00: Density [sigma-theta, Kg/m^3]
# name 20 = sigma-é11: Density, 2 [sigma-theta, Kg/m^3]
# name 21 = sbeox0ML/L: Oxygen, SBE 43 [ml/l], WS = 2
# name 22 = sbeox1ML/L: Oxygen, SBE 43, 2 [ml/l], WS = 2
# name 23 = nbin: number of scans per bin
# name 24 = flag: flag
# span 0 =      87552,     188705       
# span 1 =   3647.953,   7862.654       
# span 2 =      1.000,   3333.000       
# span 3 =     1.7913,     9.1338       
# span 4 =   3.182746,   3.680538       
# span 5 =     1.7904,     9.1360       
# span 6 =   3.182706,   3.680673       
# span 7 =       1.07,     108.22       
# span 8 =     0.0061,     0.5206       
# span 9 =     2.0665,     3.4804       
# span 10 =     1.8310,     3.0608      
# span 11 =  29.959309,  35.729229      
# span 12 =  1.7789047,  9.1770334      
# span 13 =   53.22644,   53.23164      
# span 14 =  -50.47008,  -50.45936      
# span 15 =    34.5125,    34.9165      
# span 16 =    34.5115,    34.9166      
# span 17 =     1.5462,     9.1337      
# span 18 =     1.5451,     9.1357      
# span 19 =    26.7152,    27.9213      
# span 20 =    26.7145,    27.9216      
# span 21 =    6.28159,    7.41548      
# span 22 =    6.14591,    7.49118      
# span 23 =         11,         83      
# span 24 = 0.0000e+00, 0.0000e+00      
# interval = decibars: 1                
# start_time = Jul 05 2014 02:20:47 [NMEA time, header]
# bad_flag = -9.990e-29
*END*
[from data line 1044]
     115651   4818.740   2289.000     2.9684   3.254207     2.9677   3.254175      98.63     0.0179     2.2463     1.9768  35.435898  2.9511187   53.22912  -50.46726    34.9129    34.9133     2.7895     2.7888    27.8349    27.8353    6.40450    6.31928         13 0.0000e+00
     115664   4819.272   2288.000     2.9687   3.254206     2.9681   3.254170      98.64     0.0174     2.2469     1.9771  35.434811  2.9511600   53.22912  -50.46726    34.9130    34.9133     2.7899     2.7893    27.8349    27.8352    6.41298    6.31602         13 0.0000e+00
     115677   4819.843   2287.000     2.9688   3.254183     2.9683   3.254140      98.64     0.0163     2.2473     1.9768  35.435875  2.9511600   53.22912  -50.46726    34.9132    34.9132     2.7901     2.7896    27.8351    27.8351    6.40099    6.31471         14 0.0000e+00
     115694   4820.526   2286.000     2.9690   3.254158     2.9685   3.254124      57.32     0.0154     2.2468     1.9772  35.432880  2.9511600   53.22912  -50.46725    34.9131    34.9132     2.7904     2.7899    27.8350    27.8351    6.40028    6.31847         19 0.0000e+00
     115732   4822.140   2285.000     2.9686   3.254089     2.9679   3.254038      89.68     0.0138     2.2481     1.9778  35.419300  2.9515555   53.22912  -50.46724    34.9132    34.9133     2.7901     2.7894    27.8351    27.8352    6.41147    6.32331         65 0.0000e+00
     115790   4824.558   2284.000     2.9682   3.254003     2.9674   3.253942      98.98     0.0178     2.2490     1.9791  35.401516  2.9532330   53.22910  -50.46724    34.9131    34.9132     2.7898     2.7889    27.8350    27.8352    6.40122    6.32627         30 0.0000e+00
     115813   4825.505   2283.000     2.9679   3.253939     2.9672   3.253884      98.64     0.0140     2.2486     1.9794  35.402771  2.9511518   53.22910  -50.46722    34.9131    34.9132     2.7896     2.7889    27.8350    27.8352    6.40243    6.31924         23 0.0000e+00
     115835   4826.400   2282.000     2.9709   3.254121     2.9696   3.254076      81.68     0.0113     2.2492     1.9791  35.399986  2.9511600   53.22910  -50.46722    34.9125    34.9134     2.7926     2.7913    27.8343    27.8352    6.40567    6.31339         20 0.0000e+00
     115854   4827.225   2281.000     2.9764   3.254574     2.9773   3.254716      51.72     0.0102     2.2490     1.9793  35.409088  2.9543073   53.22910  -50.46722    34.9127    34.9133     2.7981     2.7990    27.8339    27.8344    6.40664    6.31727         19 0.0000e+00
     115872   4827.945   2280.000     2.9827   3.255116     2.9845   3.255302      99.14     0.0074     2.2497     1.9794  35.402866  2.9548292   53.22910  -50.46722    34.9130    34.9132     2.8044     2.8062    27.8336    27.8337    6.41533    6.31729         16 0.0000e+00
     115887   4828.590   2279.000     2.9870   3.255453     2.9876   3.255542      98.64     0.0073     2.2499     1.9793  35.400711  2.9550695   53.22910  -50.46722    34.9129    34.9133     2.8087     2.8093    27.8331    27.8334    6.41028    6.32331         15 0.0000e+00
     115902   4829.208   2278.000     2.9884   3.255542     2.9887   3.255594      98.63     0.0115     2.2506     1.9802  35.403660  2.9602685   53.22910  -50.46720    34.9130    34.9132     2.8102     2.8105    27.8331    27.8333    6.39614    6.32678         15 0.0000e+00
     115917   4829.852   2277.000     2.9891   3.255574     2.9896   3.255634      98.59     0.0124     2.2498     1.9802  35.397453  2.9609261   53.22910  -50.46720    34.9131    34.9133     2.8110     2.8114    27.8331    27.8332    6.40062    6.31923         16 0.0000e+00
     115938   4830.716   2276.000     2.9897   3.255598     2.9913   3.255750      98.63     0.0122     2.2505     1.9805  35.399349  2.9643328   53.22910  -50.46720    34.9131    34.9133     2.8117     2.8132    27.8331    27.8331    6.40880    6.31679         29 0.0000e+00
     116004   4833.454   2275.000     2.9889   3.255463     2.9881   3.255415      98.64     0.0176     2.2510     1.9806  35.397545  2.9747944   53.22910  -50.46718    34.9129    34.9131     2.8110     2.8102    27.8329    27.8332    6.39819    6.31464         41 0.0000e+00
     116022   4834.195   2274.000     2.9890   3.255402     2.9876   3.255345      98.64     0.0201     2.2511     1.9807  35.393887  2.9720814   53.22910  -50.46718    34.9125    34.9133     2.8111     2.8098    27.8327    27.8334    6.40372    6.31711         14 0.0000e+00
     116034   4834.718   2273.000     2.9912   3.255562     2.9919   3.255678      98.63     0.0181     2.2511     1.9808  35.394199  2.9714358   53.22910  -50.46718    34.9126    34.9132     2.8135     2.8141    27.8325    27.8329    6.40879    6.32015         13 0.0000e+00
     116047   4835.244   2272.000     2.9958   3.255937     2.9967   3.256055      98.63     0.0179     2.2519     1.9811  35.397541  2.9707041   53.22910  -50.46718    34.9127    34.9132     2.8180     2.8189    27.8322    27.8324    6.40706    6.32110         13 0.0000e+00
     116060   4835.797   2271.000     2.9976   3.256080     2.9990   3.256221      98.56     0.0140     2.2520     1.9814  35.397186  2.9706960   53.22910  -50.46718    34.9129    34.9131     2.8199     2.8213    27.8322    27.8322    6.40290    6.31751         14 0.0000e+00
     116076   4836.466   2270.000     2.9996   3.256204     2.9999   3.256255      98.52     0.0110     2.2518     1.9814  35.397331  2.9706960   53.22910  -50.46717    34.9128    34.9131     2.8219     2.8222    27.8319    27.8321    6.39458    6.31188         19 0.0000e+00
     116123   4838.438   2269.000     2.9982   3.256055     2.9962   3.255889      98.64     0.0132     2.2524     1.9823  35.392460  2.9803433   53.22909  -50.46716    34.9129    34.9131     2.8207     2.8187    27.8321    27.8324    6.40459    6.32311         53 0.0000e+00
     116167   4840.244   2268.000     2.9971   3.255896     2.9934   3.255595      98.64     0.0156     2.2529     1.9830  35.391937  2.9804654   53.22910  -50.46716    34.9127    34.9130     2.8198     2.8161    27.8320    27.8326    6.40107    6.32070         18 0.0000e+00
     116183   4840.922   2267.000     2.9970   3.255831     2.9950   3.255712      98.63     0.0174     2.2534     1.9833  35.393909  2.9804640   53.22910  -50.46716    34.9125    34.9132     2.8197     2.8178    27.8319    27.8325    6.40949    6.32387         15 0.0000e+00
     116199   4841.581   2266.000     2.9994   3.256021     2.9983   3.255970      98.64     0.0158     2.2536     1.9834  35.393665  2.9804640   53.22910  -50.46716    34.9127    34.9132     2.8222     2.8211    27.8318    27.8323    6.39910    6.31902         17 0.0000e+00
     116217   4842.324   2265.000     3.0014   3.256157     3.0020   3.256243      97.98     0.0135     2.2529     1.9833  35.393486  2.9804640   53.22908  -50.46714    34.9127    34.9131     2.8242     2.8248    27.8316    27.8319    6.38703    6.31309         19 0.0000e+00
     116239   4843.256   2264.000     3.0036   3.256314     3.0038   3.256370      98.63     0.0140     2.2532     1.9834  35.386559  2.9804640   53.22908  -50.46714    34.9127    34.9131     2.8265     2.8267    27.8314    27.8317    6.41088    6.31044         24 0.0000e+00
     116264   4844.274   2263.000     3.0042   3.256325     3.0048   3.256418      98.64     0.0139     2.2543     1.9831  35.384529  2.9804640   53.22908  -50.46712    34.9127    34.9131     2.8271     2.8278    27.8314    27.8316    6.41098    6.31563         22 0.0000e+00
     116283   4845.077   2262.000     3.0055   3.256389     3.0063   3.256496      98.64     0.0155     2.2541     1.9838  35.386864  2.9870617   53.22908  -50.46712    34.9125    34.9130     2.8286     2.8293    27.8310    27.8313    6.39343    6.32535         17 0.0000e+00
     116299   4845.745   2261.000     3.0078   3.256551     3.0086   3.256658      98.63     0.0143     2.2540     1.9839  35.384148  2.9902060   53.22908  -50.46712    34.9125    34.9130     2.8309     2.8316    27.8308    27.8312    6.39983    6.31881         15 0.0000e+00
     116314   4846.393   2260.000     3.0094   3.256678     3.0101   3.256750      98.64     0.0131     2.2546     1.9842  35.380054  2.9902320   53.22908  -50.46712    34.9129    34.9129     2.8325     2.8333    27.8310    27.8310    6.40616    6.32172         16 0.0000e+00
     116332   4847.130   2259.000     3.0106   3.256743     3.0113   3.256817      98.64     0.0142     2.2552     1.9845  35.388821  2.9902320   53.22908  -50.46712    34.9128    34.9130     2.8338     2.8345    27.8308    27.8309    6.40778    6.32223         20 0.0000e+00
     116374   4848.870   2258.000     3.0102   3.256667     3.0102   3.256682      98.44     0.0142     2.2554     1.9848  35.384697  2.9947929   53.22908  -50.46712    34.9128    34.9130     2.8335     2.8335    27.8308    27.8310    6.40144    6.31365         66 0.0000e+00
     116424   4850.968   2257.000     3.0086   3.256465     3.0077   3.256408      98.65     0.0141     2.2556     1.9844  35.384258  2.9958479   53.22908  -50.46711    34.9125    34.9128     2.8321     2.8311    27.8308    27.8311    6.40211    6.31069         21 0.0000e+00
     116441   4851.652   2256.000     3.0098   3.256516     3.0095   3.256544      98.63     0.0130     2.2560     1.9848  35.392006  2.9901843   53.22908  -50.46710    34.9123    34.9130     2.8334     2.8331    27.8305    27.8310    6.40068    6.31377         16 0.0000e+00
     116457   4852.318   2255.000     3.0130   3.256772     3.0134   3.256860      98.64     0.0132     2.2560     1.9846  35.391941  2.9902320   53.22908  -50.46710    34.9125    34.9131     2.8366     2.8370    27.8303    27.8308    6.40112    6.31827         16 0.0000e+00
     116473   4853.018   2254.000     3.0163   3.257013     3.0187   3.257270      98.64     0.0142     2.2563     1.9854  35.388699  2.9956379   53.22908  -50.46710    34.9124    34.9129     2.8399     2.8422    27.8299    27.8302    6.40990    6.32265         18 0.0000e+00
     116493   4853.836   2253.000     3.0182   3.257171     3.0211   3.257445      98.64     0.0130     2.2570     1.9855  35.386658  2.9977350   53.22908  -50.46710    34.9127    34.9129     2.8419     2.8448    27.8300    27.8299    6.40491    6.32038         22 0.0000e+00
     116519   4854.904   2252.000     3.0205   3.257337     3.0219   3.257474      98.20     0.0135     2.2572     1.9862  35.366913  2.9993083   53.22908  -50.46709    34.9127    34.9129     2.8443     2.8456    27.8298    27.8298    6.40181    6.32347         29 0.0000e+00
     116546   4856.059   2251.000     3.0217   3.257389     3.0221   3.257450      98.64     0.0146     2.2571     1.9866  35.346504  3.0000105   53.22908  -50.46708    34.9126    34.9128     2.8455     2.8459    27.8296    27.8297    6.39779    6.32262         25 0.0000e+00
     116568   4856.970   2250.000     3.0220   3.257387     3.0233   3.257509      98.64     0.0135     2.2576     1.9872  35.361267  3.0052037   53.22908  -50.46708    34.9127    34.9128     2.8459     2.8472    27.8296    27.8296    6.41317    6.33299         19 0.0000e+00
     116587   4857.735   2249.000     3.0237   3.257497     3.0245   3.257575      98.64     0.0140     2.2583     1.9879  35.376602  3.0098066   53.22908  -50.46708    34.9127    34.9128     2.8477     2.8556    27.8295    27.8295    6.40819    6.32943         18 0.0000e+00
     116604   4858.478   2248.000     3.0257   3.257626     3.0264   3.257713      98.64     0.0156     2.2585     1.9881  35.377289  3.0097680   53.22908  -50.46708    34.9126    34.9129     2.8497     2.8504    27.8292    27.8294    6.39833    6.32492         18 0.0000e+00
     116623   4859.263   2247.000     3.0265   3.257668     3.0277   3.257795      98.64     0.0171     2.2583     1.9886  35.354084  3.0097680   53.22906  -50.46708    34.9127    34.9129     2.8506     2.8582    27.8292    27.8293    6.41226    6.32752         20 0.0000e+00
     116645   4860.156   2246.000     3.0282   3.257769     3.0286   3.257828      98.64     0.0181     2.2597     1.9888  35.341125  3.0097680   53.22906  -50.46706    34.9127    34.9129     2.8523     2.8528    27.8290    27.8292    6.42084    6.32106         23 0.0000e+00
     116669   4861.178   2245.000     3.0286   3.257762     3.0290   3.257821      98.04     0.0134     2.2602     1.9891  35.347916  3.0149770   53.22906  -50.46706    34.9126    34.9129     2.8529     2.8533    27.8289    27.8291    6.40862    6.32744         26 0.0000e+00
     116696   4862.306   2244.000     3.0285   3.257721     3.0299   3.257857      98.62     0.0105     2.2609     1.9898  35.347984  3.0154827   53.22906  -50.46706    34.9127    34.9128     2.8528     2.8542    27.8290    27.8290    6.41437    6.33235         29 0.0000e+00
     116730   4863.694   2243.000     3.0292   3.257747     3.0313   3.257939      98.64     0.0134     2.2616     1.9904  35.371796  3.0193753   53.22906  -50.46706    34.9127    34.9128     2.8536     2.8557    27.8289    27.8288    6.41410    6.33236         39 0.0000e+00
     116769   4865.320   2242.000     3.0287   3.257663     3.0326   3.258000      98.63     0.0174     2.2624     1.9913  35.350544  3.0195360   53.22906  -50.46704    34.9127    34.9126     2.8532     2.8571    27.8290    27.8285    6.42007    6.33246         33 0.0000e+00
     116794   4866.367   2241.000     3.0339   3.258031     3.0366   3.258335      98.64     0.0184     2.2629     1.9916  35.351849  3.0195360   53.22906  -50.46704    34.9121    34.9128     2.8584     2.8611    27.8280    27.8284    6.41477    6.32919         19 0.0000e+00
     116811   4867.097   2240.000     3.0406   3.258583     3.0409   3.258685      98.64     0.0183     2.2634     1.9917  35.340019  3.0242152   53.22906  -50.46704    34.9121    34.9130     2.8651     2.8654    27.8274    27.8281    6.41747    6.32641         17 0.0000e+00
     116827   4867.730   2239.000     3.0438   3.258852     3.0436   3.258876      98.64     0.0171     2.2636     1.9917  35.340660  3.0272155   53.22906  -50.46704    34.9123    34.9128     2.8684     2.8682    27.8273    27.8277    6.41929    6.32888         14 0.0000e+00
     116841   4868.335   2238.000     3.0449   3.258928     3.0449   3.258958      86.23     0.0186     2.2644     1.9921  35.338211  3.0253923   53.22906  -50.46704    34.9126    34.9129     2.8696     2.8696    27.8274    27.8277    6.42657    6.33265         15 0.0000e+00
     116856   4868.963   2237.000     3.0458   3.258975     3.0458   3.258990      68.05     0.0180     2.2648     1.9924  35.345951  3.0280144   53.22906  -50.46704    34.9127    34.9129     2.8705     2.8705    27.8274    27.8275    6.41989    6.33252         16 0.0000e+00
     116874   4869.714   2236.000     3.0462   3.258979     3.0464   3.259003      97.17     0.0157     2.2650     1.9928  35.343243  3.0292463   53.22906  -50.46703    34.9128    34.9129     2.8710     2.8770    27.8274    27.8275    6.41547    6.33429         21 0.0000e+00
     116906   4871.062   2235.000     3.0461   3.258924     3.0455   3.258888      98.64     0.0187     2.2656     1.9935  35.338963  3.0293040   53.22906  -50.46702    34.9127    34.9129     2.8710     2.8709    27.8273    27.8275    6.41493    6.33427         47 0.0000e+00
     116948   4872.787   2234.000     3.0451   3.258783     3.0442   3.258718      98.64     0.0179     2.2661     1.9941  35.335442  3.0293040   53.22906  -50.46702    34.9126    34.9128     2.8701     2.8692    27.8273    27.8276    6.41888    6.33528         25 0.0000e+00
     116967   4873.583   2233.000     3.0449   3.258723     3.0458   3.258826      98.64     0.0164     2.2663     1.9945  35.337440  3.0293040   53.22906  -50.46702    34.9126    34.9128     2.8700     2.8709    27.8273    27.8275    6.41473    6.33907         18 0.0000e+00
