data/CTD/2014/CNV/u017a055.cnv
* Sea-Bird SBE 9 Data File:
* FileName = C:\CTD_ACQUISITION\2014017HUD\ctddata\017A055.hdr
* Software Version Seasave V 7.22.2
* Temperature SN = 5081
* Conductivity SN = 3561
* Number of Bytes Per Scan = 37
* Number of Voltage Words = 4
* Number of Scans Averaged by the Deck Unit = 1
* NMEA Latitude = 43 29.83 N
* NMEA Longitude = 059 16.64 W
* NMEA UTC (Time) = Jul 13 2014 12:05:02
* NMEA baud rate = 9600
** Ship: Hudson
** Cruise: HUD2014017
** Chief_Scientist: Blair Greenan
** Organization: BIO
** Area_of_Operation: Sackville Spur
** Station: 055
** Sounding:  1445
** Event_Comments: LC2 , 0
# nquan = 25
# nvalues = 1675                        
# units = specified
# name 0 = scan: Scan Count
# name 1 = timeS: Time, Elapsed [seconds]
# name 2 = prDM: Pressure, Digiquartz [db]
# name 3 = t068C: Temperature [ITS-68, deg C]
# name 4 = c0S/m: Conductivity [S/m]
# name 5 = t168C: Temperature, 2 [ITS-68, deg C]
# name 6 = c1S/m: Conductivity, 2 [S/m]
# name 7 = altM: Altimeter [m]
# name 8 = flC: Fluorescence, Chelsea Aqua 3 Chl Con [ug/l]
# name 9 = sbeox0V: Oxygen raw, SBE 43 [V]
# name 10 = sbeox1V: Oxygen raw, SBE 43, 2 [V]
# name 11 = upoly0: Upoly 0, Optode 4330F - O2 D-Phase
# name 12 = upoly1: Upoly 1, Optode 4330F - O2 Temp
# name 13 = latitude: Latitude [deg]
# name 14 = longitude: Longitude [deg]
# name 15 = sal00: Salinity, Practical [PSU]
# name 16 = sal11: Salinity, Practical, 2 [PSU]
# name 17 = potemp068C: Potential Temperature [ITS-68, deg C]
# name 18 = potemp168C: Potential Temperature, 2 [ITS-68, deg C]
# name 19 = sigma-é00: Density [sigma-theta, Kg/m^3]
# name 20 = sigma-é11: Density, 2 [sigma-theta, Kg/m^3]
# name 21 = sbeox0ML/L: Oxygen, SBE 43 [ml/l], WS = 2
# name 22 = sbeox1ML/L: Oxygen, SBE 43, 2 [ml/l], WS = 2
# name 23 = nbin: number of scans per bin
# name 24 = flag: flag
# span 0 =      51322,      91387       
# span 1 =   2138.395,   3807.766       
# span 2 =      1.000,   1675.000       
# span 3 =     3.7532,    15.3984       
# span 4 =   3.301643,   4.035419       
# span 5 =     3.7513,    15.4055       
# span 6 =   3.301485,   4.036119       
# span 7 =       7.12,     100.37       
# span 8 =     0.0084,     0.3459       
# span 9 =     2.0933,     3.6119       
# span 10 =     1.8041,     3.1416      
# span 11 =  29.002604,  38.360729      
# span 12 =  3.7574327,  14.612697      
# span 13 =   43.49703,   43.49812      
# span 14 =  -59.28651,  -59.28359      
# span 15 =    32.3075,    35.1832      
# span 16 =    32.2884,    35.1967      
# span 17 =     3.6199,    15.3980      
# span 18 =     3.6181,    15.4051      
# span 19 =    23.8115,    27.7798      
# span 20 =    23.7950,    27.7801      
# span 21 =    3.86756,    8.07178      
# span 22 =    3.65480,    7.93864      
# span 23 =         15,         74      
# span 24 = 0.0000e+00, 0.0000e+00      
# interval = decibars: 1                
# start_time = Jul 13 2014 12:05:02 [NMEA time, header]
# bad_flag = -9.990e-29
*END*
      51322   2138.395   1675.000     3.7532   3.301643     3.7513   3.301485       7.23     0.0171     2.3403     2.0612  35.275703  3.7574327   43.49703  -59.28359    34.9428    34.9430     3.6199     3.6181    27.7798    27.7801    6.09684    6.02778         66 0.0000e+00
      51542   2147.530   1674.000     3.7567   3.301913     3.7541   3.301703       7.12     0.0150     2.3407     2.0612  35.273762  3.7609479   43.49704  -59.28360    34.9428    34.9431     3.6235     3.6209    27.7794    27.7799    6.09385    6.02822         68 0.0000e+00
      51577   2149.018   1673.000     3.7615   3.302315     3.7596   3.302171       7.74     0.0106     2.3408     2.0614  35.270546  3.7603714   43.49704  -59.28360    34.9430    34.9432     3.6283     3.6265    27.7791    27.7795    6.09360    6.02754         32 0.0000e+00
      51607   2150.239   1672.000     3.7633   3.302440     3.7616   3.302310       8.42     0.0116     2.3405     2.0611  35.274628  3.7612321   43.49704  -59.28360    34.9431    34.9433     3.6302     3.6285    27.7790    27.7793    6.08382    6.02679         30 0.0000e+00
      51654   2152.219   1671.000     3.7635   3.302432     3.7625   3.302345       9.39     0.0144     2.3403     2.0615  35.272770  3.7638574   43.49704  -59.28362    34.9432    34.9433     3.6305     3.6295    27.7791    27.7792    6.08919    6.02577         74 0.0000e+00
      51723   2155.100   1670.000     3.7650   3.302502     3.7631   3.302366      10.08     0.0175     2.3403     2.0616  35.273533  3.7720954   43.49706  -59.28362    34.9430    34.9433     3.6320     3.6302    27.7787    27.7792    6.08594    6.02610         47 0.0000e+00
      51764   2156.786   1669.000     3.7662   3.302589     3.7649   3.302487      10.74     0.0160     2.3407     2.0617  35.269840  3.7716727   43.49706  -59.28362    34.9431    34.9433     3.6334     3.6321    27.7787    27.7790    6.09389    6.02412         48 0.0000e+00
      52622   2192.531   1668.000     3.7693   3.302830     3.7683   3.302760       7.54     0.0155     2.3409     2.0616  35.267673  3.7719047   43.49712  -59.28369    34.9433    34.9434     3.6365     3.6356    27.7785    27.7787    6.08631    6.02323         47 0.0000e+00
      52665   2194.317   1667.000     3.7694   3.302803     3.7684   3.302727       8.26     0.0154     2.3414     2.0615  35.261669  3.7757874   43.49712  -59.28370    34.9433    34.9434     3.6367     3.6358    27.7785    27.7787    6.09304    6.02288         53 0.0000e+00
      52731   2197.096   1666.000     3.7693   3.302742     3.7675   3.302583       9.19     0.0113     2.3422     2.0621  35.264774  3.7824872   43.49712  -59.28370    34.9432    34.9432     3.6367     3.6349    27.7784    27.7786    6.09591    6.02812         45 0.0000e+00
      52759   2198.230   1665.000     3.7674   3.302534     3.7655   3.302365       9.76     0.0137     2.3420     2.0624  35.265568  3.7810335   43.49712  -59.28370    34.9432    34.9433     3.6350     3.6330    27.7786    27.7788    6.08732    6.02488         24 0.0000e+00
      52781   2199.173   1664.000     3.7672   3.302470     3.7657   3.302345      10.42     0.0145     2.3426     2.0624  35.271965  3.7814348   43.49712  -59.28370    34.9432    34.9433     3.6348     3.6333    27.7786    27.7788    6.09927    6.02265         22 0.0000e+00
      52804   2200.109   1663.000     3.7670   3.302413     3.7655   3.302284      11.44     0.0159     2.3427     2.0623  35.274681  3.7806056   43.49712  -59.28370    34.9432    34.9432     3.6347     3.6333    27.7786    27.7788    6.09389    6.02034         23 0.0000e+00
      52828   2201.142   1662.000     3.7665   3.302327     3.7655   3.302234      12.54     0.0148     2.3432     2.0623  35.269958  3.7796545   43.49712  -59.28370    34.9432    34.9432     3.6343     3.6333    27.7786    27.7788    6.09419    6.02162         27 0.0000e+00
      52857   2202.335   1661.000     3.7665   3.302286     3.7656   3.302209      13.59     0.0153     2.3435     2.0625  35.260948  3.7814767   43.49714  -59.28370    34.9432    34.9432     3.6344     3.6335    27.7786    27.7788    6.09645    6.02834         28 0.0000e+00
      52883   2203.434   1660.000     3.7669   3.302273     3.7662   3.302219      14.52     0.0114     2.3433     2.0633  35.260059  3.7822342   43.49714  -59.28370    34.9431    34.9432     3.6348     3.6342    27.7786    27.7787    6.08560    6.03531         25 0.0000e+00
      52907   2204.399   1659.000     3.7672   3.302268     3.7668   3.302244      15.49     0.0098     2.3434     2.0641  35.262077  3.7814381   43.49714  -59.28372    34.9432    34.9433     3.6353     3.6349    27.7785    27.7787    6.09293    6.03722         22 0.0000e+00
      52929   2205.350   1658.000     3.7678   3.302289     3.7676   3.302278      16.35     0.0106     2.3436     2.0645  35.263931  3.7810085   43.49714  -59.28372    34.9433    34.9434     3.6360     3.6357    27.7785    27.7787    6.09797    6.03340         23 0.0000e+00
      52953   2206.324   1657.000     3.7682   3.302282     3.7687   3.302339      17.28     0.0132     2.3443     2.0649  35.264973  3.7810340   43.49714  -59.28372    34.9433    34.9435     3.6364     3.6369    27.7785    27.7786    6.09033    6.03258         24 0.0000e+00
      52976   2207.304   1656.000     3.7691   3.302322     3.7696   3.302375      18.28     0.0153     2.3442     2.0654  35.271629  3.7827368   43.49714  -59.28372    34.9433    34.9434     3.6375     3.6380    27.7784    27.7784    6.09224    6.03533         23 0.0000e+00
      52998   2208.194   1655.000     3.7703   3.302378     3.7706   3.302427      19.14     0.0162     2.3444     2.0658  35.274750  3.7814310   43.49714  -59.28372    34.9432    34.9434     3.6387     3.6390    27.7782    27.7784    6.09022    6.03550         20 0.0000e+00
      53016   2208.974   1654.000     3.7717   3.302464     3.7718   3.302509      19.88     0.0112     2.3444     2.0660  35.274727  3.7803624   43.49714  -59.28372    34.9432    34.9436     3.6402     3.6403    27.7780    27.7784    6.09321    6.03582         18 0.0000e+00
      53034   2209.714   1653.000     3.7722   3.302488     3.7734   3.302608      20.75     0.0122     2.3448     2.0667  35.266747  3.7792914   43.49714  -59.28372    34.9434    34.9436     3.6408     3.6420    27.7782    27.7782    6.09659    6.03901         18 0.0000e+00
      53053   2210.502   1652.000     3.7739   3.302593     3.7746   3.302671      22.00     0.0140     2.3452     2.0668  35.265949  3.7794819   43.49714  -59.28372    34.9434    34.9436     3.6426     3.6432    27.7780    27.7781    6.09798    6.03057         20 0.0000e+00
      53076   2211.459   1651.000     3.7752   3.302680     3.7753   3.302696      23.09     0.0150     2.3455     2.0666  35.253021  3.7806647   43.49714  -59.28372    34.9435    34.9436     3.6439     3.6440    27.7780    27.7780    6.08955    6.02225         26 0.0000e+00
      53103   2212.588   1650.000     3.7759   3.302693     3.7752   3.302648      24.29     0.0158     2.3459     2.0665  35.252476  3.7803540   43.49715  -59.28372    34.9435    34.9437     3.6446     3.6440    27.7779    27.7780    6.09464    6.03025         27 0.0000e+00
      53128   2213.608   1649.000     3.7762   3.302687     3.7761   3.302687      25.02     0.0149     2.3459     2.0668  35.258762  3.7832265   43.49716  -59.28372    34.9435    34.9437     3.6451     3.6450    27.7778    27.7779    6.09122    6.01645         22 0.0000e+00
      53150   2214.541   1648.000     3.7779   3.302784     3.7777   3.302792      26.17     0.0127     2.3465     2.0653  35.260075  3.7822909   43.49716  -59.28372    34.9434    34.9437     3.6469     3.6466    27.7775    27.7778    6.09258    6.00931         23 0.0000e+00
      53172   2215.466   1647.000     3.7788   3.302803     3.7805   3.303026      27.11     0.0110     2.3462     2.0657  35.260075  3.7832036   43.49716  -59.28372    34.9432    34.9440     3.6478     3.6495    27.7773    27.7778    6.08619    6.02086         22 0.0000e+00
      53194   2216.372   1646.000     3.7798   3.302878     3.7853   3.303417      27.85     0.0148     2.3464     2.0655  35.262161  3.7823737   43.49716  -59.28372    34.9435    34.9441     3.6489     3.6543    27.7774    27.7773    6.08763    6.02428         21 0.0000e+00
      53214   2217.224   1645.000     3.7840   3.303236     3.7901   3.303824      28.96     0.0135     2.3466     2.0662  35.258633  3.7858155   43.49716  -59.28374    34.9437    34.9443     3.6532     3.6592    27.7772    27.7770    6.09269    6.02949         20 0.0000e+00
      53234   2218.034   1644.000     3.7891   3.303667     3.7951   3.304250      30.61     0.0105     2.3468     2.0665  35.249359  3.7901425   43.49716  -59.28374    34.9439    34.9445     3.6583     3.6642    27.7768    27.7767    6.08921    6.02559         19 0.0000e+00
      53253   2218.844   1643.000     3.7947   3.304097     3.7995   3.304601      31.55     0.0105     2.3471     2.0668  35.251259  3.7902312   43.49716  -59.28374    34.9436    34.9445     3.6639     3.6687    27.7760    27.7762    6.08598    6.02045         20 0.0000e+00
      53275   2219.753   1642.000     3.7988   3.304481     3.8023   3.304807      32.48     0.0139     2.3472     2.0667  35.253918  3.7911894   43.49716  -59.28374    34.9443    34.9445     3.6681     3.6715    27.7762    27.7760    6.09194    6.01333         24 0.0000e+00
      53302   2220.882   1641.000     3.8020   3.304708     3.8021   3.304737      87.57     0.0129     2.3480     2.0665  35.254211  3.7931383   43.49716  -59.28374    34.9441    34.9444     3.6713     3.6713    27.7756    27.7759    6.09098    6.01614         30 0.0000e+00
      53331   2222.088   1640.000     3.8023   3.304701     3.8016   3.304662      26.39     0.0114     2.3482     2.0667  35.261353  3.8011472   43.49716  -59.28374    34.9442    34.9445     3.6717     3.6710    27.7757    27.7760    6.09076    6.01692         26 0.0000e+00
      53355   2223.085   1639.000     3.8030   3.304716     3.8024   3.304680      67.12     0.0155     2.3488     2.0668  35.254601  3.8009768   43.49716  -59.28374    34.9441    34.9444     3.6725     3.6719    27.7756    27.7758    6.09135    6.01861         22 0.0000e+00
      53376   2223.958   1638.000     3.8033   3.304705     3.8041   3.304804      35.97     0.0110     2.3490     2.0674  35.236351  3.8009768   43.49716  -59.28374    34.9442    34.9446     3.6729     3.6736    27.7755    27.7758    6.08991    6.02194         21 0.0000e+00
      53397   2224.828   1637.000     3.8043   3.304760     3.8071   3.305053      47.57     0.0113     2.3491     2.0674  35.237740  3.8005145   43.49716  -59.28374    34.9443    34.9448     3.6739     3.6767    27.7755    27.7757    6.08712    6.01815         21 0.0000e+00
      53419   2225.770   1636.000     3.8071   3.304962     3.8090   3.305159      37.37     0.0123     2.3493     2.0677  35.245419  3.8017898   43.49717  -59.28374    34.9442    34.9445     3.6768     3.6786    27.7752    27.7753    6.08101    6.01769         24 0.0000e+00
      53445   2226.822   1635.000     3.8088   3.305074     3.8099   3.305205      87.80     0.0148     2.3491     2.0677  35.245422  3.8028650   43.49718  -59.28374    34.9443    34.9446     3.6785     3.6797    27.7751    27.7752    6.08284    6.01192         26 0.0000e+00
      53470   2227.882   1634.000     3.8101   3.305158     3.8105   3.305203      52.39     0.0182     2.3491     2.0676  35.245422  3.8109579   43.49718  -59.28375    34.9443    34.9445     3.6799     3.6803    27.7750    27.7750    6.08272    6.01136         24 0.0000e+00
      53493   2228.826   1633.000     3.8121   3.305280     3.8134   3.305443      39.68     0.0189     2.3496     2.0676  35.245422  3.8107448   43.49718  -59.28376    34.9442    34.9446     3.6820     3.6876    27.7746    27.7748    6.09397    6.01631         22 0.0000e+00
      53514   2229.709   1632.000     3.8128   3.305343     3.8160   3.305645      40.70     0.0154     2.3502     2.0682  35.245422  3.8107448   43.49718  -59.28376    34.9446    34.9448     3.6828     3.6860    27.7749    27.7747    6.08706    6.02018         21 0.0000e+00
      53536   2230.633   1631.000     3.8155   3.305557     3.8182   3.305796      45.52     0.0137     2.3503     2.0684  35.245422  3.8107448   43.49718  -59.28376    34.9448    34.9448     3.6855     3.6882    27.7748    27.7745    6.09185    6.01529         24 0.0000e+00
      53561   2231.684   1630.000     3.8172   3.305654     3.8191   3.305839      89.71     0.0155     2.3513     2.0685  35.243832  3.8128653   43.49718  -59.28376    34.9446    34.9449     3.6874     3.6891    27.7744    27.7745    6.09128    6.01498         27 0.0000e+00
      53589   2232.823   1629.000     3.8194   3.305804     3.8190   3.305780      52.07     0.0164     2.3513     2.0688  35.244869  3.8152757   43.49718  -59.28376    34.9446    34.9448     3.6895     3.6891    27.7742    27.7744    6.08556    6.01436         26 0.0000e+00
      53614   2233.876   1628.000     3.8194   3.305758     3.8191   3.305745      99.59     0.0150     2.3514     2.0689  35.243565  3.8206220   43.49718  -59.28376    34.9445    34.9447     3.6897     3.6893    27.7741    27.7743    6.08268    6.01171         24 0.0000e+00
      53637   2234.814   1627.000     3.8199   3.305746     3.8197   3.305772      98.45     0.0132     2.3516     2.0691  35.243423  3.8205128   43.49718  -59.28376    34.9444    34.9449     3.6903     3.6901    27.7739    27.7744    6.09207    6.01825         22 0.0000e+00
      53658   2235.690   1626.000     3.8214   3.305862     3.8265   3.306356      90.30     0.0157     2.3524     2.0695  35.231472  3.8205128   43.49719  -59.28376    34.9447    34.9451     3.6918     3.6969    27.7740    27.7739    6.08213    6.01752         20 0.0000e+00
      53678   2236.559   1625.000     3.8256   3.306244     3.8308   3.306702      98.60     0.0172     2.3515     2.0698  35.232101  3.8205128   43.49720  -59.28376    34.9452    34.9451     3.6961     3.7012    27.7740    27.7734    6.08046    6.01672         22 0.0000e+00
      53700   2237.473   1624.000     3.8306   3.306590     3.8318   3.306743      98.63     0.0191     2.3523     2.0700  35.230808  3.8205128   43.49720  -59.28376    34.9445    34.9451     3.7011     3.7023    27.7730    27.7733    6.08495    6.01458         23 0.0000e+00
      53725   2238.495   1623.000     3.8318   3.306684     3.8314   3.306659      98.63     0.0211     2.3525     2.0704  35.232418  3.8208790   43.49720  -59.28376    34.9448    34.9450     3.7024     3.7020    27.7731    27.7733    6.08321    6.01203         26 0.0000e+00
      53751   2239.594   1622.000     3.8319   3.306649     3.8311   3.306585      98.63     0.0218     2.3525     2.0701  35.231346  3.8286998   43.49720  -59.28377    34.9448    34.9449     3.7025     3.7018    27.7731    27.7732    6.08304    6.00542         26 0.0000e+00
      53776   2240.628   1621.000     3.8312   3.306544     3.8304   3.306470      98.63     0.0192     2.3530     2.0701  35.233322  3.8302846   43.49720  -59.28378    34.9448    34.9448     3.7020     3.7011    27.7731    27.7732    6.09032    6.00894         23 0.0000e+00
      53799   2241.567   1620.000     3.8299   3.306396     3.8286   3.306267      98.63     0.0179     2.3533     2.0701  35.232765  3.8302808   43.49720  -59.28378    34.9450    34.9448     3.7007     3.6995    27.7734    27.7734    6.07853    6.00812         22 0.0000e+00
      53820   2242.478   1619.000     3.8294   3.306293     3.8258   3.305962      98.63     0.0147     2.3532     2.0701  35.234764  3.8302808   43.49720  -59.28378    34.9447    34.9446     3.7003     3.6969    27.7732    27.7734    6.08281    6.00921         22 0.0000e+00
