data/CTD/2014/CNV/u017a045.cnv
* Sea-Bird SBE 9 Data File:
* FileName = C:\CTD_ACQUISITION\2014017HUD\ctddata\017A045.hdr
* Software Version Seasave V 7.22.2
* Temperature SN = 5081
* Conductivity SN = 3561
* Number of Bytes Per Scan = 37
* Number of Voltage Words = 4
* Number of Scans Averaged by the Deck Unit = 1
* NMEA Latitude = 47 58.49 N
* NMEA Longitude = 046 09.17 W
* NMEA UTC (Time) = Jul 10 2014 21:15:35
* NMEA baud rate = 9600
** Ship: Hudson
** Cruise: HUD2014017
** Chief_Scientist: Blair Greenan
** Organization: BIO
** Area_of_Operation: Sackville Spur
** Station: 045
** Sounding:  1057
** Event_Comments: SS_17, 403259
# nquan = 25
# nvalues = 1080                        
# units = specified
# name 0 = scan: Scan Count
# name 1 = timeS: Time, Elapsed [seconds]
# name 2 = prDM: Pressure, Digiquartz [db]
# name 3 = t068C: Temperature [ITS-68, deg C]
# name 4 = c0S/m: Conductivity [S/m]
# name 5 = t168C: Temperature, 2 [ITS-68, deg C]
# name 6 = c1S/m: Conductivity, 2 [S/m]
# name 7 = altM: Altimeter [m]
# name 8 = flC: Fluorescence, Chelsea Aqua 3 Chl Con [ug/l]
# name 9 = sbeox0V: Oxygen raw, SBE 43 [V]
# name 10 = sbeox1V: Oxygen raw, SBE 43, 2 [V]
# name 11 = upoly0: Upoly 0, Optode 4330F - O2 D-Phase
# name 12 = upoly1: Upoly 1, Optode 4330F - O2 Temp
# name 13 = latitude: Latitude [deg]
# name 14 = longitude: Longitude [deg]
# name 15 = sal00: Salinity, Practical [PSU]
# name 16 = sal11: Salinity, Practical, 2 [PSU]
# name 17 = potemp068C: Potential Temperature [ITS-68, deg C]
# name 18 = potemp168C: Potential Temperature, 2 [ITS-68, deg C]
# name 19 = sigma-é00: Density [sigma-theta, Kg/m^3]
# name 20 = sigma-é11: Density, 2 [sigma-theta, Kg/m^3]
# name 21 = sbeox0ML/L: Oxygen, SBE 43 [ml/l], WS = 2
# name 22 = sbeox1ML/L: Oxygen, SBE 43, 2 [ml/l], WS = 2
# name 23 = nbin: number of scans per bin
# name 24 = flag: flag
# span 0 =      36857,      64759       
# span 1 =   1535.654,   2698.232       
# span 2 =      1.000,   1080.000       
# span 3 =     2.7484,     8.1278       
# span 4 =   3.102631,   3.502243       
# span 5 =     2.7508,     8.1273       
# span 6 =   3.102415,   3.511325       
# span 7 =       2.15,     100.52       
# span 8 =     0.0076,     0.3867       
# span 9 =     2.5201,     3.5301       
# span 10 =     2.2255,     3.1004      
# span 11 =  30.175295,  34.806805      
# span 12 =  2.8436182,  8.1270523      
# span 13 =   47.97610,   47.97784      
# span 14 =  -46.15384,  -46.15236      
# span 15 =    33.1636,    34.9150      
# span 16 =    33.1640,    34.9144      
# span 17 =     2.7418,     8.1278      
# span 18 =     2.7442,     8.1271      
# span 19 =    25.8137,    27.7713      
# span 20 =    25.8138,    27.7711      
# span 21 =    6.21272,    7.83627      
# span 22 =    6.18248,    7.92026      
# span 23 =         14,        107      
# span 24 = 0.0000e+00, 0.0000e+00      
# interval = decibars: 1                
# start_time = Jul 10 2014 21:15:35 [NMEA time, header]
# bad_flag = -9.990e-29
*END*
[from data line 986]
      61207   2550.247     94.000     3.0446   3.131550     3.0409   3.131000      98.63     0.0276     3.0435     2.6721  33.443314  2.9803898   47.97780  -46.15238    34.4779    34.4753     3.0389     3.0351    27.4648    27.4631    7.03414    7.03207         21 0.0000e+00
      61230   2551.188     93.000     3.0304   3.129705     3.0246   3.128967      98.63     0.0299     3.0459     2.6745  33.424908  2.9881971   47.97780  -46.15238    34.4712    34.4684     3.0247     3.0189    27.4608    27.4591    7.04726    7.04750         24 0.0000e+00
      61254   2552.215     92.000     3.0213   3.128425     3.0183   3.127981      98.63     0.0289     3.0477     2.6772  33.399624  2.9998360   47.97780  -46.15238    34.4659    34.4637     3.0157     3.0127    27.4574    27.4559    7.04309    7.05296         26 0.0000e+00
      61281   2553.337     91.000     3.0183   3.127862     3.0169   3.127638      98.63     0.0290     3.0493     2.6788  33.371956  3.0000000   47.97780  -46.15238    34.4627    34.4616     3.0128     3.0114    27.4551    27.4543    7.04637    7.04515         28 0.0000e+00
      61309   2554.515     90.000     3.0174   3.127562     3.0170   3.127472      98.63     0.0290     3.0502     2.6801  33.353458  3.0003664   47.97780  -46.15238    34.4606    34.4600     3.0120     3.0115    27.4535    27.4530    7.04432    7.05716         27 0.0000e+00
      61336   2555.608     89.000     3.0214   3.127662     3.0228   3.127684      98.63     0.0326     3.0520     2.6822  33.343357  2.9999917   47.97780  -46.15238    34.4581    34.4569     3.0160     3.0174    27.4511    27.4500    7.05036    7.06314         25 0.0000e+00
      61359   2556.568     88.000     3.0257   3.127750     3.0261   3.127730      98.63     0.0322     3.0529     2.6838  33.340645  3.0000000   47.97781  -46.15238    34.4552    34.4545     3.0203     3.0208    27.4484    27.4478    7.05096    7.06151         22 0.0000e+00
      61380   2557.452     87.000     3.0253   3.127445     3.0243   3.127243      98.63     0.0341     3.0538     2.6846  33.303936  3.0000000   47.97782  -46.15239    34.4524    34.4511     3.0200     3.0190    27.4462    27.4452    7.04704    7.05639         21 0.0000e+00
      61401   2558.342     86.000     3.0229   3.126967     3.0216   3.126733      98.63     0.0340     3.0540     2.6850  33.296139  3.0000000   47.97782  -46.15240    34.4497    34.4482     3.0177     3.0164    27.4443    27.4432    7.04451    7.04725         22 0.0000e+00
      61423   2559.263     85.000     3.0195   3.126376     3.0174   3.125914      98.63     0.0310     3.0546     2.6838  33.281517  3.0000000   47.97782  -46.15240    34.4467    34.4438     3.0144     3.0122    27.4421    27.4400    7.04028    7.02305         22 0.0000e+00
      61447   2560.230     84.000     3.0072   3.124739     3.0011   3.123705      98.63     0.0326     3.0534     2.6810  33.267387  3.0008147   47.97782  -46.15240    34.4404    34.4353     3.0021     2.9960    27.4382    27.4347    7.02374    7.02603         24 0.0000e+00
      61472   2561.311     83.000     2.9945   3.122911     2.9897   3.122251      98.63     0.0335     3.0520     2.6819  33.245983  3.0034838   47.97782  -46.15240    34.4323    34.4293     2.9895     2.9849    27.4329    27.4310    7.03172    7.06173         28 0.0000e+00
      61500   2562.474     82.000     2.9949   3.122408     2.9943   3.122249      98.63     0.0326     3.0517     2.6842  33.225338  3.0065529   47.97782  -46.15240    34.4262    34.4249     2.9900     2.9893    27.4280    27.4271    7.04124    7.06565         27 0.0000e+00
      61524   2563.474     81.000     2.9805   3.120561     2.9744   3.119693      98.63     0.0315     3.0522     2.6849  33.224117  3.0022600   47.97782  -46.15240    34.4196    34.4156     2.9756     2.9695    27.4240    27.4214    7.04826    7.06489         21 0.0000e+00
      61545   2564.332     80.000     2.9480   3.116882     2.9349   3.115365      98.63     0.0305     3.0533     2.6863  33.223427  2.9999478   47.97782  -46.15240    34.4099    34.4054     2.9432     2.9301    27.4193    27.4169    7.07965    7.10199         20 0.0000e+00
      61565   2565.176     79.000     2.9408   3.115608     2.9418   3.115360      98.63     0.0306     3.0575     2.6904  33.218506  2.9981194   47.97782  -46.15242    34.4027    34.3985     2.9360     2.9371    27.4141    27.4107    7.11943    7.13282         21 0.0000e+00
      61588   2566.117     78.000     2.9351   3.114455     2.9021   3.110435      98.63     0.0280     3.0632     2.6953  33.212357  2.9937830   47.97782  -46.15242    34.3952    34.3814     2.9304     2.8974    27.4087    27.4006    7.14130    7.14501         25 0.0000e+00
      61616   2567.304     77.000     2.8884   3.109458     2.8542   3.105513      98.63     0.0307     3.0702     2.7005  33.189259  2.9823725   47.97784  -46.15244    34.3835    34.3728     2.8838     2.8497    27.4035    27.3980    7.16164    7.17011         32 0.0000e+00
      61648   2568.642     76.000     2.8814   3.108147     2.8744   3.107149      98.63     0.0286     3.0774     2.7065  33.167149  2.9703598   47.97784  -46.15244    34.3766    34.3718     2.8769     2.8699    27.3986    27.3954    7.17754    7.18851         30 0.0000e+00
      61673   2569.678     75.000     2.8601   3.105276     2.8557   3.104659      98.63     0.0271     3.0818     2.7108  33.169037  2.9523633   47.97784  -46.15244    34.3648    34.3618     2.8556     2.8513    27.3911    27.3891    7.17665    7.20085         21 0.0000e+00
      61693   2570.498     74.000     2.8379   3.102631     2.8372   3.102415      98.63     0.0259     3.0841     2.7137  33.178066  2.9511273   47.97784  -46.15244    34.3566    34.3548     2.8336     2.8328    27.3865    27.3851    7.19248    7.22051         18 0.0000e+00
      61710   2571.223     73.000     2.8763   3.105848     2.9018   3.108391      98.63     0.0292     3.0877     2.7175  33.167210  2.9435387   47.97782  -46.15244    34.3555    34.3594     2.8720     2.8975    27.3822    27.3830    7.21224    7.23604         17 0.0000e+00
      61728   2571.958     72.000     2.9588   3.113304     2.9983   3.117101      98.63     0.0334     3.0924     2.7217  33.165607  2.9316337   47.97782  -46.15244    34.3591    34.3634     2.9545     2.9940    27.3777    27.3775    7.20230    7.20839         19 0.0000e+00
      61748   2572.798     71.000     3.0099   3.117623     3.0164   3.117547      98.63     0.0358     3.0954     2.7226  33.164848  2.9316239   47.97782  -46.15244    34.3580    34.3501     3.0056     3.0121    27.3721    27.3653    7.17242    7.17653         22 0.0000e+00
      61774   2573.872     70.000     3.0101   3.117158     2.9850   3.113468      98.63     0.0383     3.0967     2.7236  33.119453  2.9220700   47.97783  -46.15245    34.3526    34.3343     3.0059     2.9808    27.3678    27.3555    7.16435    7.18307         30 0.0000e+00
      61810   2575.382     69.000     2.9919   3.114649     2.9675   3.110893      98.63     0.0344     3.0995     2.7272  33.104019  2.9486578   47.97784  -46.15246    34.3420    34.3221     2.9877     2.9634    27.3610    27.3473    7.19122    7.21251         41 0.0000e+00
      61848   2576.938     68.000     2.9517   3.109701     2.9231   3.105627      98.63     0.0382     3.1054     2.7308  33.086994  2.9713075   47.97784  -46.15246    34.3250    34.3056     2.9476     2.9191    27.3510    27.3381    7.22821    7.23106         32 0.0000e+00
      61874   2578.027     67.000     2.9798   3.110642     2.9937   3.112276      98.63     0.0390     3.1099     2.7350  33.069515  2.9706960   47.97784  -46.15246    34.3070    34.3121     2.9758     2.9897    27.3341    27.3369    7.23223    7.26379         21 0.0000e+00
      61893   2578.842     66.000     3.0477   3.116368     3.0450   3.115765      98.63     0.0376     3.1131     2.7398  33.069206  2.9706960   47.97784  -46.15246    34.3051    34.3006     3.0437     3.0410    27.3264    27.3231    7.24821    7.28112         19 0.0000e+00
      61911   2579.566     65.000     3.0069   3.111735     2.9950   3.109980      98.63     0.0422     3.1188     2.7451  33.048962  2.9706960   47.97784  -46.15246    34.2926    34.2839     3.0030     2.9911    27.3202    27.3143    7.28308    7.30882         17 0.0000e+00
      61928   2580.311     64.000     3.0014   3.110426     3.0003   3.109572      98.63     0.0433     3.1237     2.7498  33.047646  2.9706960   47.97784  -46.15248    34.2830    34.2738     2.9976     2.9965    27.3130    27.3058    7.29427    7.32007         19 0.0000e+00
      61949   2581.174     63.000     2.9949   3.108838     2.9531   3.104115      98.63     0.0490     3.1296     2.7553  33.041500  2.9784453   47.97782  -46.15246    34.2712    34.2580     2.9911     2.9493    27.3041    27.2974    7.31361    7.33578         23 0.0000e+00
      61976   2582.309     62.000     2.9568   3.104511     2.9486   3.103097      98.63     0.0442     3.1377     2.7616  33.032227  2.9896710   47.97782  -46.15246    34.2595    34.2508     2.9531     2.9450    27.2982    27.2921    7.33679    7.34579         31 0.0000e+00
      62011   2583.760     61.000     2.9656   3.105721     3.0128   3.108500      98.63     0.0428     3.1455     2.7653  32.996674  2.9883728   47.97783  -46.15248    34.2654    34.2491     2.9620     3.0092    27.3022    27.2848    7.33683    7.31945         37 0.0000e+00
      62044   2585.131     60.000     3.0021   3.108807     3.1317   3.118340      98.63     0.0444     3.1503     2.7662  32.979836  2.9827960   47.97784  -46.15250    34.2647    34.2432     2.9985     3.1281    27.2983    27.2693    7.32180    7.33247         29 0.0000e+00
      62070   2586.211     59.000     3.1509   3.119839     3.1954   3.123792      98.63     0.0434     3.1531     2.7717  32.964123  2.9706635   47.97784  -46.15250    34.2453    34.2423     3.1473     3.1919    27.2692    27.2627    7.30688    7.37032         23 0.0000e+00
      62092   2587.145     58.000     3.1805   3.121784     3.1842   3.121853      98.63     0.0485     3.1570     2.7805  32.946411  2.9706960   47.97784  -46.15250    34.2344    34.2313     3.1769     3.1807    27.2578    27.2549    7.34475    7.42411         22 0.0000e+00
      62114   2588.021     57.000     3.1764   3.120730     3.1964   3.122143      98.63     0.0498     3.1648     2.7907  32.915737  2.9706960   47.97784  -46.15250    34.2265    34.2225     3.1729     3.1929    27.2518    27.2467    7.43877    7.47708         20 0.0000e+00
      62134   2588.864     56.000     3.2390   3.125712     3.2867   3.129565      98.63     0.0511     3.1799     2.8023  32.915752  2.9706960   47.97784  -46.15250    34.2212    34.2174     3.2355     3.2833    27.2418    27.2342    7.51551    7.51675         20 0.0000e+00
      62154   2589.711     55.000     3.2829   3.128940     3.3016   3.129647      98.63     0.0534     3.1963     2.8149  32.857658  3.0565522   47.97784  -46.15251    34.2144    34.2032     3.2795     3.2982    27.2322    27.2215    7.54857    7.54957         21 0.0000e+00
      62177   2590.654     54.000     3.2845   3.127914     3.2344   3.121515      89.23     0.0560     3.2123     2.8271  32.857151  3.0585766   47.97784  -46.15252    34.2008    34.1762     3.2811     3.2311    27.2212    27.2063    7.54692    7.51090         25 0.0000e+00
      62205   2591.813     53.000     3.2536   3.123952     3.1772   3.115240      89.06     0.0603     3.2224     2.8266  32.774487  3.1195931   47.97784  -46.15252    34.1857    34.1612     3.2503     3.1739    27.2120    27.1996    7.47599    7.44545         31 0.0000e+00
      62237   2593.150     52.000     3.2447   3.122133     3.3200   3.128753      98.66     0.0639     3.2222     2.8330  32.763245  3.1383362   47.97784  -46.15252    34.1740    34.1745     3.2415     3.3168    27.2035    27.1969    7.44442    7.58148         32 0.0000e+00
      62266   2594.365     51.000     3.3673   3.131727     3.6356   3.158465      98.63     0.0733     3.2251     2.8528  32.754498  3.1564517   47.97784  -46.15252    34.1611    34.2006     3.3641     3.6322    27.1817    27.1873    7.49721    7.71358         26 0.0000e+00
      62290   2595.384     50.000     3.7407   3.166269     3.8802   3.181027      98.63     0.0796     3.2370     2.8756  32.710239  3.1502905   47.97784  -46.15252    34.1842    34.2143     3.7374     3.8768    27.1638    27.1738    7.51276    7.69804         23 0.0000e+00
      62312   2596.280     49.000     4.0723   3.196699     4.1825   3.208790      98.63     0.0863     3.2491     2.8919  32.681030  3.1464822   47.97782  -46.15252    34.2004    34.2286     4.0689     4.1791    27.1431    27.1540    7.50379    7.65701         20 0.0000e+00
      62332   2597.125     48.000     4.2346   3.212175     4.3453   3.222713      80.14     0.0910     3.2651     2.9070  32.611557  3.1897736   47.97782  -46.15254    34.2149    34.2240     4.2312     4.3419    27.1376    27.1331    7.59580    7.66027         21 0.0000e+00
      62353   2598.007     47.000     4.2802   3.216173     4.1693   3.199644      91.39     0.0856     3.2924     2.9215  32.475689  3.2818069   47.97782  -46.15254    34.2152    34.1518     4.2769     4.1663    27.1330    27.0958    7.70106    7.68172         22 0.0000e+00
      62376   2598.955     46.000     4.0816   3.194530     3.7949   3.163150      98.60     0.0843     3.3179     2.9361  32.456512  3.3416395   47.97782  -46.15254    34.1664    34.0925     4.0785     3.7918    27.1150    27.0854    7.75633    7.79238         23 0.0000e+00
      62401   2599.979     45.000     3.9173   3.176546     3.8684   3.169051      98.63     0.0820     3.3398     2.9574  32.373596  3.6643467   47.97782  -46.15254    34.1249    34.0867     3.9143     3.8654    27.0988    27.0734    7.83115    7.92026         26 0.0000e+00
      62430   2601.197     44.000     3.8554   3.169060     4.1324   3.194598      98.61     0.0870     3.3633     2.9785  32.377407  3.6729043   47.97782  -46.15254    34.1009    34.1154     3.8524     4.1294    27.0860    27.0691    7.83627    7.91904         34 0.0000e+00
      62466   2602.727     43.000     3.9964   3.180263     4.5069   3.227380      98.59     0.0878     3.3766     2.9867  32.377388  3.6844940   47.97782  -46.15255    34.0893    34.1141     3.9920     4.5038    27.0626    27.0283    7.77664    7.81801         35 0.0000e+00
      62496   2603.942     42.000     4.2522   3.205915     4.7347   3.248703      98.63     0.0890     3.3862     2.9892  32.267056  3.6938860   47.97782  -46.15256    34.1258    34.1288     4.2493     4.7316    27.0647    27.0150    7.79054    7.78565         24 0.0000e+00
      62517   2604.823     41.000     4.8196   3.255894     4.8927   3.263089      98.63     0.0923     3.3994     2.9934  32.271061  3.6935287   47.97782  -46.15256    34.1256    34.1340     4.8166     4.8897    27.0029    27.0014    7.76560    7.68073         20 0.0000e+00
      62536   2605.631     40.000     4.9805   3.269142     5.0475   3.276145      98.63     0.1030     3.4155     2.9953  32.061977  3.8754084   47.97782  -46.15256    34.1146    34.1269     4.9775     5.0445    26.9760    26.9780    7.74840    7.62719         19 0.0000e+00
      62556   2606.479     39.000     5.1465   3.284569     5.4050   3.309516      98.63     0.1183     3.4226     2.9943  32.051285  3.8888822   47.97782  -46.15256    34.1233    34.1459     5.1435     5.4019    26.9637    26.9512    7.64382    7.58498         22 0.0000e+00
      62580   2607.468     38.000     5.4296   3.310269     5.7653   3.344327      98.61     0.1344     3.4223     2.9965  31.891985  4.1302476   47.97782  -46.15257    34.1301    34.1770     5.4266     5.7622    26.9358    26.9321    7.53439    7.57690         26 0.0000e+00
