data/CTD/2014/CNV/u017a026.cnv
* Sea-Bird SBE 9 Data File:
* FileName = C:\CTD_ACQUISITION\2014017HUD\ctddata\017A026.hdr
* Software Version Seasave V 7.22.2
* Temperature SN = 5081
* Conductivity SN = 3561
* Number of Bytes Per Scan = 37
* Number of Voltage Words = 4
* Number of Scans Averaged by the Deck Unit = 1
* NMEA Latitude = 48 56.21 N
* NMEA Longitude = 045 49.60 W
* NMEA UTC (Time) = Jul 06 2014 21:24:33
* NMEA baud rate = 9600
** Ship: Hudson
** Cruise: HUD2014017
** Chief_Scientist: Blair Greenan
** Organization: BIO
** Area_of_Operation: Sackville Spur
** Station: 026
** Sounding:  2396
** Event_Comments: SS_28, 403145
# nquan = 25
# nvalues = 2502                        
# units = specified
# name 0 = scan: Scan Count
# name 1 = timeS: Time, Elapsed [seconds]
# name 2 = prDM: Pressure, Digiquartz [db]
# name 3 = t068C: Temperature [ITS-68, deg C]
# name 4 = c0S/m: Conductivity [S/m]
# name 5 = t168C: Temperature, 2 [ITS-68, deg C]
# name 6 = c1S/m: Conductivity, 2 [S/m]
# name 7 = altM: Altimeter [m]
# name 8 = flC: Fluorescence, Chelsea Aqua 3 Chl Con [ug/l]
# name 9 = sbeox0V: Oxygen raw, SBE 43 [V]
# name 10 = sbeox1V: Oxygen raw, SBE 43, 2 [V]
# name 11 = upoly0: Upoly 0, Optode 4330F - O2 D-Phase
# name 12 = upoly1: Upoly 1, Optode 4330F - O2 Temp
# name 13 = latitude: Latitude [deg]
# name 14 = longitude: Longitude [deg]
# name 15 = sal00: Salinity, Practical [PSU]
# name 16 = sal11: Salinity, Practical, 2 [PSU]
# name 17 = potemp068C: Potential Temperature [ITS-68, deg C]
# name 18 = potemp168C: Potential Temperature, 2 [ITS-68, deg C]
# name 19 = sigma-é00: Density [sigma-theta, Kg/m^3]
# name 20 = sigma-é11: Density, 2 [sigma-theta, Kg/m^3]
# name 21 = sbeox0ML/L: Oxygen, SBE 43 [ml/l], WS = 2
# name 22 = sbeox1ML/L: Oxygen, SBE 43, 2 [ml/l], WS = 2
# name 23 = nbin: number of scans per bin
# name 24 = flag: flag
# span 0 =      69861,     147291       
# span 1 =   2910.842,   6137.085       
# span 2 =      1.000,   2502.000       
# span 3 =     2.1856,     8.1207       
# span 4 =   3.042185,   3.505780       
# span 5 =     2.1848,     8.1314       
# span 6 =   3.042169,   3.506004       
# span 7 =       0.81,     103.23       
# span 8 =     0.0053,     0.3893       
# span 9 =     2.1947,     3.6972       
# span 10 =     1.9438,     3.2588      
# span 11 =  29.856676,  35.546692      
# span 12 =  2.1869688,  8.1373158      
# span 13 =   48.93864,   48.94076      
# span 14 =  -45.81395,  -45.80169      
# span 15 =    33.6387,    34.9189      
# span 16 =    33.6374,    34.9186      
# span 17 =     2.1826,     8.1197      
# span 18 =     2.1817,     8.1309      
# span 19 =    26.1883,    27.8660      
# span 20 =    26.1846,    27.8658      
# span 21 =    6.26346,    8.60951      
# span 22 =    6.20860,    8.73752      
# span 23 =         11,         98      
# span 24 = 0.0000e+00, 0.0000e+00      
# interval = decibars: 1                
# start_time = Jul 06 2014 21:24:33 [NMEA time, header]
# bad_flag = -9.990e-29
*END*
[from data line 1044]
      97051   4043.742   1458.000     3.6321   3.279772     3.6313   3.279661      85.23     0.0155     2.4405     2.1491  34.897541  3.6251526   48.93976  -45.80950    34.9183    34.9178     3.5199     3.5191    27.7702    27.7699    6.27136    6.22410         38 0.0000e+00
      97082   4045.029   1457.000     3.6318   3.279691     3.6313   3.279603      98.96     0.0158     2.4408     2.1496  34.888077  3.6251526   48.93976  -45.80948    34.9182    34.9177     3.5197     3.5192    27.7702    27.7698    6.27170    6.22174         22 0.0000e+00
      97100   4045.812   1456.000     3.6317   3.279639     3.6313   3.279553      98.64     0.0134     2.4409     2.1496  34.881538  3.6263301   48.93976  -45.80948    34.9182    34.9176     3.5197     3.5192    27.7701    27.7698    6.27349    6.21879         17 0.0000e+00
      97116   4046.474   1455.000     3.6320   3.279615     3.6314   3.279523      71.23     0.0147     2.4411     2.1497  34.882774  3.6269786   48.93976  -45.80948    34.9181    34.9177     3.5200     3.5194    27.7701    27.7698    6.27386    6.22226         16 0.0000e+00
      97132   4047.116   1454.000     3.6320   3.279581     3.6314   3.279494      50.36     0.0113     2.4415     2.1500  34.883987  3.6283894   48.93976  -45.80948    34.9182    34.9177     3.5201     3.5196    27.7701    27.7698    6.27488    6.22224         15 0.0000e+00
      97148   4047.800   1453.000     3.6320   3.279537     3.6314   3.279447      97.76     0.0143     2.4417     2.1500  34.876007  3.6284087   48.93976  -45.80947    34.9182    34.9177     3.5202     3.5197    27.7701    27.7697    6.27326    6.21983         18 0.0000e+00
      97168   4048.608   1452.000     3.6319   3.279489     3.6313   3.279393      98.63     0.0149     2.4420     2.1504  34.878368  3.6270418   48.93976  -45.80946    34.9181    34.9177     3.5202     3.5196    27.7701    27.7698    6.28008    6.22749         21 0.0000e+00
      97191   4049.578   1451.000     3.6319   3.279435     3.6311   3.279318      61.72     0.0175     2.4427     2.1512  34.882233  3.6280179   48.93976  -45.80946    34.9180    34.9175     3.5203     3.5195    27.7700    27.7696    6.28311    6.23235         24 0.0000e+00
      97213   4050.512   1450.000     3.6316   3.279352     3.6306   3.279195      83.84     0.0186     2.4437     2.1519  34.868484  3.6307685   48.93976  -45.80946    34.9179    34.9171     3.5201     3.5191    27.7699    27.7693    6.28594    6.23638         21 0.0000e+00
      97232   4051.311   1449.000     3.6309   3.279232     3.6297   3.279036      85.47     0.0185     2.4443     2.1528  34.871788  3.6322041   48.93976  -45.80946    34.9177    34.9166     3.5195     3.5183    27.7697    27.7690    6.28586    6.23443         18 0.0000e+00
      97251   4052.096   1448.000     3.6302   3.279086     3.6291   3.278919      51.20     0.0183     2.4450     2.1530  34.868893  3.6324756   48.93976  -45.80944    34.9172    34.9164     3.5189     3.5178    27.7694    27.7689    6.29070    6.23556         20 0.0000e+00
      97275   4053.065   1447.000     3.6296   3.278968     3.6286   3.278813      95.84     0.0154     2.4456     2.1541  34.867580  3.6344609   48.93976  -45.80944    34.9169    34.9161     3.5184     3.5174    27.7692    27.7687    6.28710    6.24124         29 0.0000e+00
      97319   4054.910   1446.000     3.6300   3.278988     3.6284   3.278751      71.63     0.0136     2.4473     2.1552  34.879936  3.6327636   48.93976  -45.80944    34.9173    34.9161     3.5188     3.5172    27.7695    27.7688    6.29435    6.24093         49 0.0000e+00
      97351   4056.234   1445.000     3.6299   3.278927     3.6284   3.278693      99.43     0.0146     2.4484     2.1563  34.867786  3.6264145   48.93976  -45.80942    34.9171    34.9159     3.5189     3.5174    27.7693    27.7685    6.29739    6.24527         20 0.0000e+00
      97368   4056.948   1444.000     3.6292   3.278774     3.6282   3.278630      98.63     0.0152     2.4486     2.1565  34.864418  3.6251321   48.93974  -45.80942    34.9166    34.9159     3.5182     3.5172    27.7690    27.7686    6.29663    6.23941         16 0.0000e+00
      97383   4057.570   1443.000     3.6290   3.278693     3.6282   3.278576      60.20     0.0119     2.4497     2.1566  34.866585  3.6258585   48.93974  -45.80942    34.9163    34.9158     3.5181     3.5173    27.7688    27.7684    6.29925    6.23827         14 0.0000e+00
      97397   4058.166   1442.000     3.6291   3.278646     3.6286   3.278560      40.98     0.0138     2.4497     2.1569  34.871300  3.6284051   48.93974  -45.80940    34.9161    34.9156     3.5183     3.5178    27.7686    27.7683    6.29435    6.23952         15 0.0000e+00
      97412   4058.781   1441.000     3.6292   3.278613     3.6290   3.278549      74.75     0.0135     2.4500     2.1570  34.869385  3.6316121   48.93974  -45.80940    34.9161    34.9156     3.5185     3.5183    27.7686    27.7682    6.29017    6.24113         15 0.0000e+00
      97428   4059.472   1440.000     3.6295   3.278591     3.6296   3.278568      98.38     0.0129     2.4502     2.1574  34.874989  3.6300540   48.93974  -45.80940    34.9160    34.9156     3.5189     3.5190    27.7685    27.7682    6.28786    6.23990         18 0.0000e+00
      97448   4060.304   1439.000     3.6299   3.278584     3.6303   3.278595      81.04     0.0136     2.4503     2.1575  34.865887  3.6256392   48.93974  -45.80940    34.9160    34.9157     3.5194     3.5198    27.7685    27.7682    6.29082    6.23538         22 0.0000e+00
      97472   4061.289   1438.000     3.6301   3.278559     3.6305   3.278574      63.34     0.0157     2.4507     2.1574  34.864441  3.6255589   48.93974  -45.80940    34.9161    34.9157     3.5196     3.5201    27.7685    27.7681    6.29144    6.22916         24 0.0000e+00
      97496   4062.282   1437.000     3.6305   3.278555     3.6310   3.278573      99.02     0.0168     2.4509     2.1571  34.864468  3.6284397   48.93974  -45.80940    34.9161    34.9157     3.5201     3.5207    27.7684    27.7680    6.29866    6.22648         24 0.0000e+00
      97520   4063.287   1436.000     3.6307   3.278538     3.6311   3.278541      78.27     0.0155     2.4522     2.1568  34.864468  3.6318307   48.93974  -45.80938    34.9161    34.9158     3.5204     3.5208    27.7684    27.7681    6.29541    6.22940         26 0.0000e+00
      97549   4064.505   1435.000     3.6308   3.278511     3.6312   3.278502      77.42     0.0160     2.4524     2.1572  34.864468  3.6345429   48.93974  -45.80938    34.9162    34.9157     3.5206     3.5210    27.7685    27.7680    6.29345    6.23919         33 0.0000e+00
      97586   4066.044   1434.000     3.6300   3.278395     3.6310   3.278437      53.24     0.0151     2.4526     2.1582  34.864468  3.6349297   48.93974  -45.80937    34.9162    34.9156     3.5199     3.5209    27.7686    27.7680    6.29521    6.23483         37 0.0000e+00
      97617   4067.350   1433.000     3.6300   3.278334     3.6303   3.278323      66.02     0.0194     2.4532     2.1578  34.864468  3.6349206   48.93974  -45.80936    34.9160    34.9155     3.5200     3.5203    27.7684    27.7679    6.29363    6.23481         26 0.0000e+00
      97639   4068.247   1432.000     3.6304   3.278322     3.6297   3.278219      99.28     0.0182     2.4537     2.1587  34.851189  3.6349206   48.93974  -45.80934    34.9158    34.9153     3.5205     3.5198    27.7682    27.7679    6.29710    6.24364         18 0.0000e+00
      97656   4068.946   1431.000     3.6304   3.278265     3.6296   3.278165      94.03     0.0136     2.4537     2.1590  34.849796  3.6349206   48.93974  -45.80934    34.9157    34.9153     3.5205     3.5198    27.7681    27.7679    6.29588    6.24267         16 0.0000e+00
      97671   4069.565   1430.000     3.6304   3.278228     3.6296   3.278118      52.84     0.0132     2.4544     2.1593  34.850868  3.6349206   48.93974  -45.80934    34.9158    34.9153     3.5206     3.5199    27.7681    27.7678    6.29169    6.24613         14 0.0000e+00
      97685   4070.163   1429.000     3.6303   3.278173     3.6297   3.278077      50.99     0.0125     2.4535     2.1599  34.849819  3.6349206   48.93974  -45.80934    34.9157    34.9152     3.5206     3.5200    27.7681    27.7678    6.29065    6.24892         15 0.0000e+00
      97700   4070.787   1428.000     3.6304   3.278143     3.6303   3.278089      98.26     0.0119     2.4544     2.1605  34.849815  3.6349206   48.93973  -45.80934    34.9157    34.9152     3.5208     3.5207    27.7681    27.7677    6.29921    6.25037         15 0.0000e+00
      97717   4071.512   1427.000     3.6308   3.278127     3.6306   3.278090      98.63     0.0126     2.4548     2.1611  34.849815  3.6349206   48.93972  -45.80934    34.9156    34.9154     3.5213     3.5211    27.7680    27.7678    6.29542    6.25412         20 0.0000e+00
      97747   4072.767   1426.000     3.6306   3.278081     3.6304   3.278022      71.42     0.0124     2.4552     2.1622  34.855419  3.6345055   48.93972  -45.80934    34.9157    34.9153     3.5212     3.5210    27.7680    27.7677    6.29852    6.25225         44 0.0000e+00
      97787   4074.428   1425.000     3.6303   3.277988     3.6302   3.277933     100.93     0.0146     2.4561     2.1631  34.851166  3.6345503   48.93972  -45.80934    34.9155    34.9150     3.5210     3.5208    27.7679    27.7675    6.30564    6.24794         26 0.0000e+00
      97806   4075.204   1424.000     3.6310   3.278012     3.6318   3.278024      96.87     0.0168     2.4573     2.1629  34.849823  3.6349187   48.93972  -45.80932    34.9155    34.9149     3.5218     3.5225    27.7678    27.7672    6.30615    6.24783         17 0.0000e+00
      97822   4075.861   1423.000     3.6327   3.278092     3.6329   3.278071      23.78     0.0187     2.4574     2.1636  34.849815  3.6310980   48.93972  -45.80932    34.9152    34.9147     3.5235     3.5238    27.7674    27.7669    6.30439    6.25281         15 0.0000e+00
      97837   4076.488   1422.000     3.6336   3.278116     3.6337   3.278087      87.57     0.0173     2.4579     2.1638  34.845028  3.6252697   48.93972  -45.80932    34.9150    34.9146     3.5246     3.5246    27.7671    27.7668    6.31334    6.25235         15 0.0000e+00
      97853   4077.158   1421.000     3.6344   3.278143     3.6344   3.278095      54.62     0.0140     2.4586     2.1642  34.842945  3.6251526   48.93972  -45.80932    34.9150    34.9144     3.5254     3.5254    27.7670    27.7666    6.31040    6.25242         17 0.0000e+00
      97875   4078.093   1420.000     3.6350   3.278145     3.6348   3.278089      80.71     0.0143     2.4588     2.1646  34.832237  3.6304049   48.93972  -45.80932    34.9149    34.9144     3.5260     3.5259    27.7669    27.7665    6.29469    6.24778         31 0.0000e+00
      97925   4080.179   1419.000     3.6336   3.278000     3.6337   3.277957      81.84     0.0137     2.4591     2.1645  34.838837  3.6352880   48.93972  -45.80930    34.9152    34.9145     3.5248     3.5249    27.7672    27.7667    6.30367    6.24711         49 0.0000e+00
      97951   4081.256   1418.000     3.6337   3.277952     3.6346   3.277991      97.31     0.0141     2.4596     2.1650  34.850243  3.6349344   48.93972  -45.80930    34.9149    34.9145     3.5250     3.5258    27.7670    27.7666    6.29282    6.24810         17 0.0000e+00
      97966   4081.892   1417.000     3.6357   3.278092     3.6372   3.278203      18.87     0.0126     2.4586     2.1651  34.839798  3.6315818   48.93972  -45.80930    34.9150    34.9147     3.5270     3.5285    27.7669    27.7665    6.28939    6.24566         15 0.0000e+00
      97981   4082.489   1416.000     3.6387   3.278333     3.6397   3.278406      91.08     0.0124     2.4591     2.1650  34.824455  3.6257584   48.93972  -45.80930    34.9152    34.9150     3.5301     3.5311    27.7667    27.7665    6.29440    6.24219         14 0.0000e+00
      97995   4083.082   1415.000     3.6407   3.278488     3.6412   3.278519      98.61     0.0129     2.4588     2.1651  34.827343  3.6264532   48.93972  -45.80930    34.9154    34.9152     3.5322     3.5327    27.7667    27.7665    6.28858    6.23918         15 0.0000e+00
      98011   4083.748   1414.000     3.6418   3.278569     3.6426   3.278607      98.63     0.0151     2.4586     2.1648  34.815231  3.6288683   48.93972  -45.80929    34.9157    34.9154     3.5333     3.5341    27.7668    27.7665    6.29275    6.23755         18 0.0000e+00
      98033   4084.681   1413.000     3.6426   3.278606     3.6438   3.278681      48.63     0.0124     2.4592     2.1648  34.807434  3.6345003   48.93972  -45.80928    34.9158    34.9154     3.5342     3.5354    27.7668    27.7664    6.29229    6.24111         29 0.0000e+00
      98071   4086.264   1412.000     3.6427   3.278564     3.6435   3.278610     103.23     0.0193     2.4590     2.1651  34.806194  3.6357570   48.93972  -45.80928    34.9157    34.9154     3.5344     3.5352    27.7667    27.7664    6.29410    6.24180         38 0.0000e+00
      98098   4087.387   1411.000     3.6427   3.278505     3.6447   3.278681      74.29     0.0222     2.4597     2.1654  34.805859  3.6353829   48.93972  -45.80928    34.9155    34.9154     3.5345     3.5365    27.7666    27.7663    6.29604    6.24005         21 0.0000e+00
      98117   4088.169   1410.000     3.6446   3.278662     3.6452   3.278697      52.51     0.0234     2.4598     2.1652  34.807453  3.6365223   48.93972  -45.80926    34.9158    34.9156     3.5365     3.5371    27.7666    27.7663    6.29358    6.23577         18 0.0000e+00
      98135   4088.926   1409.000     3.6454   3.278690     3.6450   3.278620      97.91     0.0247     2.4600     2.1652  34.805889  3.6349459   48.93972  -45.80926    34.9159    34.9155     3.5373     3.5369    27.7666    27.7663    6.29170    6.23580         18 0.0000e+00
      98155   4089.769   1408.000     3.6452   3.278636     3.6445   3.278528      98.64     0.0204     2.4601     2.1651  34.806484  3.6390564   48.93971  -45.80926    34.9159    34.9153     3.5373     3.5366    27.7666    27.7662    6.29190    6.23647         23 0.0000e+00
      98181   4090.816   1407.000     3.6451   3.278574     3.6445   3.278482      49.15     0.0173     2.4603     2.1654  34.808540  3.6438863   48.93970  -45.80926    34.9158    34.9153     3.5372     3.5366    27.7665    27.7662    6.28934    6.24080         27 0.0000e+00
      98208   4091.945   1406.000     3.6452   3.278532     3.6451   3.278497      98.96     0.0184     2.4600     2.1656  34.806980  3.6443152   48.93970  -45.80926    34.9156    34.9153     3.5374     3.5373    27.7664    27.7661    6.28201    6.23390         26 0.0000e+00
      98232   4092.958   1405.000     3.6470   3.278651     3.6480   3.278736      98.64     0.0169     2.4596     2.1652  34.805862  3.6446886   48.93970  -45.80926    34.9157    34.9156     3.5392     3.5403    27.7662    27.7660    6.28161    6.22807         23 0.0000e+00
      98256   4093.958   1404.000     3.6508   3.278985     3.6524   3.279106      43.81     0.0146     2.4596     2.1650  34.805862  3.6446886   48.93970  -45.80926    34.9161    34.9159     3.5431     3.5447    27.7662    27.7658    6.28452    6.23006         25 0.0000e+00
      98280   4094.963   1403.000     3.6532   3.279168     3.6538   3.279192      95.99     0.0150     2.4595     2.1651  34.805862  3.6446886   48.93970  -45.80925    34.9162    34.9159     3.5456     3.5461    27.7660    27.7657    6.27974    6.23077         23 0.0000e+00
      98301   4095.816   1402.000     3.6556   3.279345     3.6553   3.279310      54.12     0.0120     2.4595     2.1651  34.805862  3.6457784   48.93970  -45.80924    34.9163    34.9162     3.5481     3.5478    27.7658    27.7658    6.29073    6.23157         18 0.0000e+00
