data/CTD/2014/CNV/u017a045.cnv
* Sea-Bird SBE 9 Data File:
* FileName = C:\CTD_ACQUISITION\2014017HUD\ctddata\017A045.hdr
* Software Version Seasave V 7.22.2
* Temperature SN = 5081
* Conductivity SN = 3561
* Number of Bytes Per Scan = 37
* Number of Voltage Words = 4
* Number of Scans Averaged by the Deck Unit = 1
* NMEA Latitude = 47 58.49 N
* NMEA Longitude = 046 09.17 W
* NMEA UTC (Time) = Jul 10 2014 21:15:35
* NMEA baud rate = 9600
** Ship: Hudson
** Cruise: HUD2014017
** Chief_Scientist: Blair Greenan
** Organization: BIO
** Area_of_Operation: Sackville Spur
** Station: 045
** Sounding:  1057
** Event_Comments: SS_17, 403259
# nquan = 25
# nvalues = 1080                        
# units = specified
# name 0 = scan: Scan Count
# name 1 = timeS: Time, Elapsed [seconds]
# name 2 = prDM: Pressure, Digiquartz [db]
# name 3 = t068C: Temperature [ITS-68, deg C]
# name 4 = c0S/m: Conductivity [S/m]
# name 5 = t168C: Temperature, 2 [ITS-68, deg C]
# name 6 = c1S/m: Conductivity, 2 [S/m]
# name 7 = altM: Altimeter [m]
# name 8 = flC: Fluorescence, Chelsea Aqua 3 Chl Con [ug/l]
# name 9 = sbeox0V: Oxygen raw, SBE 43 [V]
# name 10 = sbeox1V: Oxygen raw, SBE 43, 2 [V]
# name 11 = upoly0: Upoly 0, Optode 4330F - O2 D-Phase
# name 12 = upoly1: Upoly 1, Optode 4330F - O2 Temp
# name 13 = latitude: Latitude [deg]
# name 14 = longitude: Longitude [deg]
# name 15 = sal00: Salinity, Practical [PSU]
# name 16 = sal11: Salinity, Practical, 2 [PSU]
# name 17 = potemp068C: Potential Temperature [ITS-68, deg C]
# name 18 = potemp168C: Potential Temperature, 2 [ITS-68, deg C]
# name 19 = sigma-é00: Density [sigma-theta, Kg/m^3]
# name 20 = sigma-é11: Density, 2 [sigma-theta, Kg/m^3]
# name 21 = sbeox0ML/L: Oxygen, SBE 43 [ml/l], WS = 2
# name 22 = sbeox1ML/L: Oxygen, SBE 43, 2 [ml/l], WS = 2
# name 23 = nbin: number of scans per bin
# name 24 = flag: flag
# span 0 =      36857,      64759       
# span 1 =   1535.654,   2698.232       
# span 2 =      1.000,   1080.000       
# span 3 =     2.7484,     8.1278       
# span 4 =   3.102631,   3.502243       
# span 5 =     2.7508,     8.1273       
# span 6 =   3.102415,   3.511325       
# span 7 =       2.15,     100.52       
# span 8 =     0.0076,     0.3867       
# span 9 =     2.5201,     3.5301       
# span 10 =     2.2255,     3.1004      
# span 11 =  30.175295,  34.806805      
# span 12 =  2.8436182,  8.1270523      
# span 13 =   47.97610,   47.97784      
# span 14 =  -46.15384,  -46.15236      
# span 15 =    33.1636,    34.9150      
# span 16 =    33.1640,    34.9144      
# span 17 =     2.7418,     8.1278      
# span 18 =     2.7442,     8.1271      
# span 19 =    25.8137,    27.7713      
# span 20 =    25.8138,    27.7711      
# span 21 =    6.21272,    7.83627      
# span 22 =    6.18248,    7.92026      
# span 23 =         14,        107      
# span 24 = 0.0000e+00, 0.0000e+00      
# interval = decibars: 1                
# start_time = Jul 10 2014 21:15:35 [NMEA time, header]
# bad_flag = -9.990e-29
*END*
[from data line 232]
      42546   1772.704    848.000     3.8342   3.268955     3.8350   3.268992      86.18     0.0166     2.6823     2.3605  33.994038  3.8298337   47.97666  -46.15356    34.8856    34.8852     3.7715     3.7723    27.7189    27.7185    6.49007    6.45258         22 0.0000e+00
      42572   1773.803    847.000     3.8350   3.268999     3.8359   3.269028      49.87     0.0090     2.6826     2.3606  33.994484  3.8305519   47.97666  -46.15356    34.8857    34.8852     3.7724     3.7733    27.7189    27.7184    6.48216    6.45499         32 0.0000e+00
      42606   1775.209    846.000     3.8358   3.269010     3.8360   3.268996     100.28     0.0102     2.6824     2.3606  33.989441  3.8345008   47.97666  -46.15355    34.8856    34.8852     3.7733     3.7735    27.7187    27.7184    6.47830    6.45157         31 0.0000e+00
      42632   1776.278    845.000     3.8365   3.269021     3.8368   3.269033      90.11     0.0156     2.6824     2.3605  33.992023  3.8400879   47.97666  -46.15354    34.8855    34.8853     3.7741     3.7744    27.7185    27.7184    6.47962    6.45176         22 0.0000e+00
      42651   1777.099    844.000     3.8390   3.269236     3.8402   3.269336      18.64     0.0186     2.6825     2.3605  33.990242  3.8400488   47.97666  -46.15354    34.8858    34.8858     3.7767     3.7778    27.7186    27.7184    6.48215    6.44972         18 0.0000e+00
      42669   1777.828    843.000     3.8424   3.269526     3.8426   3.269516      98.17     0.0161     2.6826     2.3605  33.993084  3.8400488   47.97666  -46.15354    34.8862    34.8859     3.7801     3.7803    27.7185    27.7183    6.47658    6.44967         17 0.0000e+00
      42686   1778.527    842.000     3.8444   3.269668     3.8450   3.269711      98.63     0.0142     2.6823     2.3607  33.990574  3.8400488   47.97666  -46.15354    34.8864    34.8862     3.7821     3.7828    27.7185    27.7182    6.47814    6.45215         17 0.0000e+00
      42703   1779.246    841.000     3.8456   3.269764     3.8474   3.269902      97.70     0.0160     2.6830     2.3611  33.986309  3.8400488   47.97666  -46.15354    34.8867    34.8864     3.7835     3.7853    27.7186    27.7181    6.48368    6.45475         18 0.0000e+00
      42723   1780.067    840.000     3.8470   3.269856     3.8489   3.270008      22.70     0.0156     2.6832     2.3613  33.985382  3.8392003   47.97666  -46.15354    34.8869    34.8866     3.7849     3.7868    27.7185    27.7182    6.47575    6.45007         22 0.0000e+00
      42751   1781.267    839.000     3.8480   3.269910     3.8494   3.270000      84.04     0.0193     2.6831     2.3613  33.985348  3.8439972   47.97667  -46.15354    34.8870    34.8866     3.7859     3.7873    27.7185    27.7181    6.47485    6.44363         37 0.0000e+00
      42789   1782.853    838.000     3.8483   3.269883     3.8474   3.269760      44.35     0.0179     2.6838     2.3605  33.985348  3.8488421   47.97668  -46.15352    34.8868    34.8863     3.7864     3.7872    27.7184    27.7180    6.48114    6.43917         32 0.0000e+00
      42814   1783.875    837.000     3.8504   3.270021     3.8496   3.269946      99.76     0.0182     2.6835     2.3605  33.985348  3.8498402   47.97668  -46.15352    34.8868    34.8868     3.7885     3.7877    27.7181    27.7182    6.47718    6.43777         20 0.0000e+00
      42832   1784.615    836.000     3.8514   3.270081     3.8510   3.270037      98.63     0.0141     2.6844     2.3599  33.985348  3.8498168   47.97668  -46.15352    34.8870    34.8868     3.7896     3.7892    27.7182    27.7180    6.48189    6.43728         16 0.0000e+00
      42847   1785.246    835.000     3.8521   3.270114     3.8522   3.270103      98.64     0.0143     2.6842     2.3601  33.981045  3.8498168   47.97668  -46.15352    34.8871    34.8869     3.7904     3.7905    27.7182    27.7180    6.48281    6.44552         14 0.0000e+00
      42861   1785.830    834.000     3.8535   3.270208     3.8535   3.270180      21.00     0.0154     2.6850     2.3608  33.972534  3.8498168   47.97668  -46.15352    34.8872    34.8870     3.7919     3.7918    27.7181    27.7179    6.48483    6.44782         14 0.0000e+00
      42875   1786.419    833.000     3.8544   3.270242     3.8547   3.270227      57.63     0.0178     2.6855     2.3608  33.972649  3.8498168   47.97668  -46.15352    34.8872    34.8868     3.7928     3.7931    27.7180    27.7176    6.48636    6.44669         15 0.0000e+00
      42891   1787.093    832.000     3.8550   3.270254     3.8553   3.270231      97.94     0.0170     2.6861     2.3615  33.974731  3.8498168   47.97668  -46.15350    34.8873    34.8867     3.7934     3.7938    27.7180    27.7175    6.48236    6.45100         18 0.0000e+00
      42917   1788.181    831.000     3.8552   3.270223     3.8552   3.270173      48.14     0.0139     2.6863     2.3624  33.984360  3.8498168   47.97668  -46.15350    34.8872    34.8866     3.7938     3.7938    27.7179    27.7175    6.47779    6.45283         39 0.0000e+00
      42961   1789.987    830.000     3.8547   3.270125     3.8529   3.269930      84.63     0.0126     2.6864     2.3628  33.985348  3.8498168   47.97668  -46.15350    34.8871    34.8867     3.7934     3.7916    27.7178    27.7177    6.48034    6.43837         35 0.0000e+00
      42987   1791.078    829.000     3.8544   3.270025     3.8530   3.269898      98.78     0.0150     2.6870     2.3624  33.984035  3.8502543   47.97670  -46.15348    34.8867    34.8867     3.7931     3.7917    27.7176    27.7177    6.47503    6.44266         23 0.0000e+00
      43007   1791.929    828.000     3.8560   3.270120     3.8549   3.270001      15.64     0.0180     2.6865     2.3630  33.978325  3.8503323   47.97670  -46.15348    34.8866    34.8865     3.7948     3.7937    27.7174    27.7173    6.47008    6.45146         19 0.0000e+00
      43026   1792.698    827.000     3.8567   3.270127     3.8562   3.270056      91.58     0.0176     2.6865     2.3633  33.981316  3.8514593   47.97670  -46.15348    34.8866    34.8862     3.7955     3.7951    27.7172    27.7170    6.47449    6.45315         18 0.0000e+00
      43044   1793.452    826.000     3.8569   3.270109     3.8566   3.270047      98.57     0.0166     2.6867     2.3644  33.983021  3.8574808   47.97670  -46.15348    34.8867    34.8862     3.7958     3.7956    27.7173    27.7169    6.48241    6.46015         19 0.0000e+00
      43063   1794.256    825.000     3.8570   3.270077     3.8568   3.270016      93.85     0.0213     2.6877     2.3653  33.985306  3.8595474   47.97670  -46.15348    34.8867    34.8862     3.7960     3.7958    27.7173    27.7169    6.48327    6.45831         20 0.0000e+00
      43085   1795.155    824.000     3.8572   3.270048     3.8572   3.270007      29.43     0.0201     2.6879     2.3657  33.982834  3.8591654   47.97670  -46.15348    34.8866    34.8861     3.7963     3.7963    27.7172    27.7168    6.48523    6.44999         23 0.0000e+00
      43108   1796.138    823.000     3.8574   3.270019     3.8574   3.269982      98.07     0.0160     2.6888     2.3657  33.976242  3.8595815   47.97670  -46.15347    34.8866    34.8862     3.7966     3.7966    27.7171    27.7168    6.48900    6.45180         24 0.0000e+00
      43133   1797.179    822.000     3.8576   3.270003     3.8578   3.269973      92.27     0.0145     2.6903     2.3663  33.974651  3.8595848   47.97670  -46.15346    34.8867    34.8862     3.7969     3.7971    27.7171    27.7167    6.49047    6.45734         26 0.0000e+00
      43160   1798.296    821.000     3.8577   3.269965     3.8579   3.269936      45.40     0.0188     2.6907     2.3671  33.977760  3.8595848   47.97670  -46.15346    34.8867    34.8861     3.7971     3.7973    27.7171    27.7166    6.48447    6.46036         27 0.0000e+00
      43186   1799.377    820.000     3.8578   3.269926     3.8579   3.269886      71.08     0.0179     2.6912     2.3682  33.978653  3.8595848   47.97670  -46.15346    34.8867    34.8860     3.7972     3.7974    27.7171    27.7166    6.48735    6.46061         24 0.0000e+00
      43208   1800.287    819.000     3.8582   3.269897     3.8580   3.269842      95.34     0.0191     2.6914     2.3680  33.975773  3.8595848   47.97670  -46.15346    34.8864    34.8859     3.7977     3.7976    27.7169    27.7165    6.48249    6.45156         20 0.0000e+00
      43226   1801.051    818.000     3.8587   3.269882     3.8584   3.269812       7.51     0.0191     2.6915     2.3683  33.974121  3.8595848   47.97672  -46.15346    34.8862    34.8857     3.7983     3.7980    27.7166    27.7163    6.48793    6.45908         17 0.0000e+00
      43243   1801.729    817.000     3.8589   3.269831     3.8585   3.269752      98.50     0.0176     2.6922     2.3689  33.970695  3.8595848   47.97672  -46.15345    34.8859    34.8854     3.7986     3.7982    27.7164    27.7160    6.49194    6.46217         16 0.0000e+00
      43258   1802.372    816.000     3.8590   3.269782     3.8585   3.269700      98.63     0.0177     2.6930     2.3691  33.970695  3.8595848   47.97672  -46.15344    34.8857    34.8853     3.7987     3.7983    27.7162    27.7159    6.48877    6.45897         15 0.0000e+00
      43274   1803.027    815.000     3.8589   3.269734     3.8586   3.269656      98.63     0.0194     2.6928     2.3694  33.970695  3.8595848   47.97672  -46.15344    34.8857    34.8852     3.7988     3.7984    27.7162    27.7158    6.48382    6.45580         16 0.0000e+00
      43291   1803.754    814.000     3.8589   3.269686     3.8587   3.269618      93.12     0.0214     2.6932     2.3696  33.970695  3.8595848   47.97672  -46.15344    34.8857    34.8851     3.7988     3.7986    27.7162    27.7157    6.49042    6.45348         19 0.0000e+00
      43313   1804.687    813.000     3.8590   3.269655     3.8592   3.269614      91.28     0.0209     2.6938     2.3696  33.970695  3.8595848   47.97672  -46.15344    34.8857    34.8851     3.7990     3.7992    27.7162    27.7157    6.48542    6.46071         27 0.0000e+00
      43349   1806.173    812.000     3.8588   3.269590     3.8587   3.269528      81.97     0.0180     2.6949     2.3711  33.964760  3.8595848   47.97672  -46.15344    34.8857    34.8851     3.7989     3.7987    27.7162    27.7157    6.50055    6.46658         44 0.0000e+00
      43389   1807.817    811.000     3.8585   3.269516     3.8584   3.269463      99.59     0.0142     2.6971     2.3719  33.962261  3.8595848   47.97672  -46.15343    34.8857    34.8852     3.7986     3.7985    27.7162    27.7158    6.50405    6.46101         30 0.0000e+00
      43413   1808.813    810.000     3.8589   3.269487     3.8586   3.269405      98.63     0.0124     2.6979     2.3722  33.958836  3.8595848   47.97673  -46.15342    34.8854    34.8847     3.7992     3.7989    27.7159    27.7154    6.50144    6.46941         20 0.0000e+00
      43430   1809.539    809.000     3.8584   3.269350     3.8572   3.269203      98.63     0.0128     2.6983     2.3732  33.951279  3.8652146   47.97674  -46.15342    34.8849    34.8844     3.7987     3.7975    27.7156    27.7153    6.50221    6.47375         16 0.0000e+00
      43445   1810.168    808.000     3.8566   3.269114     3.8545   3.268862      98.63     0.0136     2.6990     2.3735  33.946262  3.8687096   47.97674  -46.15342    34.8845    34.8837     3.7970     3.7949    27.7154    27.7150    6.50593    6.46912         15 0.0000e+00
      43460   1810.773    807.000     3.8545   3.268857     3.8525   3.268617      98.63     0.0156     2.6995     2.3737  33.943474  3.8672535   47.97674  -46.15342    34.8842    34.8834     3.7950     3.7930    27.7154    27.7150    6.50171    6.46762         14 0.0000e+00
      43475   1811.426    806.000     3.8532   3.268670     3.8514   3.268447      98.64     0.0158     2.6997     2.3742  33.950974  3.8618081   47.97674  -46.15342    34.8839    34.8831     3.7938     3.7920    27.7153    27.7148    6.49886    6.47030         17 0.0000e+00
      43495   1812.264    805.000     3.8524   3.268550     3.8504   3.268277      98.64     0.0207     2.7002     2.3747  33.946800  3.8600359   47.97674  -46.15342    34.8838    34.8827     3.7930     3.7911    27.7153    27.7146    6.50791    6.47441         25 0.0000e+00
      43525   1813.510    804.000     3.8520   3.268459     3.8500   3.268211      98.63     0.0162     2.7015     2.3757  33.949982  3.8595884   47.97674  -46.15342    34.8836    34.8827     3.7928     3.7908    27.7152    27.7147    6.50888    6.47982         34 0.0000e+00
      43558   1814.876    803.000     3.8520   3.268412     3.8512   3.268294      98.63     0.0130     2.7027     2.3771  33.944225  3.8595848   47.97674  -46.15341    34.8836    34.8831     3.7928     3.7920    27.7151    27.7148    6.51715    6.48138         31 0.0000e+00
      43588   1816.115    802.000     3.8507   3.268221     3.8500   3.268088      98.63     0.0104     2.7041     2.3783  33.937416  3.8595848   47.97674  -46.15340    34.8833    34.8825     3.7916     3.7909    27.7150    27.7145    6.51512    6.48910         27 0.0000e+00
      43611   1817.075    801.000     3.8484   3.267923     3.8469   3.267718      98.64     0.0103     2.7047     2.3793  33.936245  3.8595848   47.97674  -46.15340    34.8826    34.8819     3.7895     3.7879    27.7147    27.7143    6.51787    6.49445         20 0.0000e+00
      43628   1817.807    800.000     3.8468   3.267681     3.8456   3.267528      98.63     0.0127     2.7058     2.3804  33.937717  3.8595848   47.97674  -46.15340    34.8820    34.8815     3.7879     3.7867    27.7144    27.7141    6.51952    6.49346         16 0.0000e+00
      43644   1818.449    799.000     3.8460   3.267562     3.8449   3.267426      98.63     0.0118     2.7062     2.3808  33.932678  3.8595848   47.97674  -46.15340    34.8820    34.8815     3.7872     3.7861    27.7144    27.7141    6.51667    6.49025         15 0.0000e+00
      43659   1819.074    798.000     3.8457   3.267479     3.8452   3.267413      98.63     0.0156     2.7066     2.3812  33.933563  3.8595848   47.97674  -46.15340    34.8819    34.8816     3.7869     3.7865    27.7143    27.7142    6.51258    6.49023         15 0.0000e+00
      43675   1819.751    797.000     3.8461   3.267488     3.8469   3.267544      98.64     0.0165     2.7062     2.3816  33.935631  3.8595848   47.97675  -46.15340    34.8820    34.8818     3.7874     3.7883    27.7144    27.7142    6.51098    6.48712         18 0.0000e+00
      43697   1820.667    796.000     3.8465   3.267491     3.8480   3.267605      98.63     0.0184     2.7064     2.3815  33.934658  3.8595848   47.97676  -46.15340    34.8822    34.8820     3.7879     3.7894    27.7145    27.7142    6.50613    6.47990         28 0.0000e+00
      43735   1822.252    795.000     3.8457   3.267371     3.8469   3.267446      98.63     0.0150     2.7062     2.3815  33.926273  3.8557992   47.97676  -46.15340    34.8821    34.8817     3.7872     3.7884    27.7145    27.7140    6.50777    6.48579         41 0.0000e+00
      43767   1823.579    794.000     3.8466   3.267409     3.8474   3.267459      98.63     0.0126     2.7067     2.3820  33.926136  3.8584785   47.97676  -46.15338    34.8821    34.8819     3.7882     3.7889    27.7144    27.7142    6.51209    6.48035         25 0.0000e+00
      43789   1824.489    793.000     3.8494   3.267636     3.8497   3.267651      98.63     0.0148     2.7070     2.3814  33.926006  3.8595977   47.97676  -46.15338    34.8823    34.8823     3.7911     3.7913    27.7143    27.7142    6.51351    6.47536         20 0.0000e+00
      43808   1825.275    792.000     3.8485   3.267504     3.8475   3.267368      55.57     0.0162     2.7076     2.3816  33.918560  3.8595848   47.97676  -46.15338    34.8823    34.8817     3.7902     3.7893    27.7144    27.7140    6.51632    6.47898         18 0.0000e+00
