data/CTD/2014/CNV/u017a015.cnv
* Sea-Bird SBE 9 Data File:
* FileName = C:\CTD_ACQUISITION\2014017HUD\ctddata\017A015.hdr
* Software Version Seasave V 7.22.2
* Temperature SN = 5081
* Conductivity SN = 3561
* Number of Bytes Per Scan = 37
* Number of Voltage Words = 4
* Number of Scans Averaged by the Deck Unit = 1
* NMEA Latitude = 53 01.21 N
* NMEA Longitude = 051 02.46 W
* NMEA UTC (Time) = Jul 04 2014 04:48:08
* NMEA baud rate = 9600
** Ship: Hudson
** Cruise: HUD2014017
** Chief_Scientist: Blair Greenan
** Organization: BIO
** Area_of_Operation: Sackville Spur
** Station: 015
** Sounding:  2750
** Event_Comments: DSOW1, 403063
# nquan = 25
# nvalues = 2642                        
# units = specified
# name 0 = scan: Scan Count
# name 1 = timeS: Time, Elapsed [seconds]
# name 2 = prDM: Pressure, Digiquartz [db]
# name 3 = t068C: Temperature [ITS-68, deg C]
# name 4 = c0S/m: Conductivity [S/m]
# name 5 = t168C: Temperature, 2 [ITS-68, deg C]
# name 6 = c1S/m: Conductivity, 2 [S/m]
# name 7 = altM: Altimeter [m]
# name 8 = flC: Fluorescence, Chelsea Aqua 3 Chl Con [ug/l]
# name 9 = sbeox0V: Oxygen raw, SBE 43 [V]
# name 10 = sbeox1V: Oxygen raw, SBE 43, 2 [V]
# name 11 = upoly0: Upoly 0, Optode 4330F - O2 D-Phase
# name 12 = upoly1: Upoly 1, Optode 4330F - O2 Temp
# name 13 = latitude: Latitude [deg]
# name 14 = longitude: Longitude [deg]
# name 15 = sal00: Salinity, Practical [PSU]
# name 16 = sal11: Salinity, Practical, 2 [PSU]
# name 17 = potemp068C: Potential Temperature [ITS-68, deg C]
# name 18 = potemp168C: Potential Temperature, 2 [ITS-68, deg C]
# name 19 = sigma-é00: Density [sigma-theta, Kg/m^3]
# name 20 = sigma-é11: Density, 2 [sigma-theta, Kg/m^3]
# name 21 = sbeox0ML/L: Oxygen, SBE 43 [ml/l], WS = 2
# name 22 = sbeox1ML/L: Oxygen, SBE 43, 2 [ml/l], WS = 2
# name 23 = nbin: number of scans per bin
# name 24 = flag: flag
# span 0 =      73227,     158914       
# span 1 =   3051.073,   6621.388       
# span 2 =      1.000,   2642.000       
# span 3 =     2.4600,     8.1774       
# span 4 =   3.188525,   3.578016       
# span 5 =     2.4593,     8.1781       
# span 6 =   3.188392,   3.577932       
# span 7 =       4.24,     107.94       
# span 8 =     0.0062,     0.3861       
# span 9 =     2.1763,     3.4375       
# span 10 =     1.9253,     3.0191      
# span 11 =  30.195036,  35.515980      
# span 12 =  2.4528117,  8.1965199      
# span 13 =   53.01916,   53.02126      
# span 14 =  -51.03840,  -51.03224      
# span 15 =    34.3631,    34.9174      
# span 16 =    34.3616,    34.9170      
# span 17 =     2.2644,     8.1773      
# span 18 =     2.2638,     8.1780      
# span 19 =    26.7473,    27.8739      
# span 20 =    26.7460,    27.8735      
# span 21 =    6.31750,    7.54803      
# span 22 =    6.24982,    7.60928      
# span 23 =          9,         85      
# span 24 = 0.0000e+00, 0.0000e+00      
# interval = decibars: 1                
# start_time = Jul 04 2014 04:48:08 [NMEA time, header]
# bad_flag = -9.990e-29
*END*
[from data line 1392]
     110432   4601.289   1250.000     3.5170   3.256247     3.5159   3.256091      94.51     0.0169     2.6188     2.3039  33.988102  3.5274725   53.01948  -51.03722    34.8646    34.8639     3.4239     3.4229    27.7369    27.7364    6.69757    6.65621         23 0.0000e+00
     110450   4602.057   1249.000     3.5157   3.256065     3.5142   3.255870      98.72     0.0181     2.6199     2.3041  33.988262  3.5274725   53.01948  -51.03724    34.8644    34.8636     3.4227     3.4213    27.7368    27.7363    6.70393    6.65722         15 0.0000e+00
     110465   4602.657   1248.000     3.5126   3.255699     3.5115   3.255537      98.63     0.0177     2.6201     2.3045  33.998085  3.5274725   53.01948  -51.03724    34.8638    34.8630     3.4198     3.4187    27.7366    27.7361    6.69272    6.66163         14 0.0000e+00
     110478   4603.205   1247.000     3.5106   3.255436     3.5093   3.255269      66.65     0.0152     2.6199     2.3050  33.991028  3.5274725   53.01948  -51.03724    34.8632    34.8626     3.4179     3.4166    27.7363    27.7360    6.69108    6.66540         13 0.0000e+00
     110491   4603.756   1246.000     3.5096   3.255296     3.5080   3.255092      15.52     0.0142     2.6203     2.3054  33.991611  3.5274725   53.01949  -51.03724    34.8632    34.8624     3.4169     3.4154    27.7364    27.7359    6.69518    6.66750         14 0.0000e+00
     110507   4604.404   1245.000     3.5087   3.255169     3.5070   3.254939      94.49     0.0166     2.6205     2.3062  33.988758  3.5254123   53.01950  -51.03724    34.8631    34.8621     3.4162     3.4145    27.7364    27.7358    6.69632    6.66572         18 0.0000e+00
     110563   4606.744   1244.000     3.5095   3.255192     3.5089   3.255092      98.60     0.0152     2.6223     2.3066  33.984806  3.5178096   53.01950  -51.03723    34.8631    34.8625     3.4170     3.4164    27.7363    27.7359    6.70213    6.65741         25 0.0000e+00
     110607   4608.593   1243.000     3.5106   3.255249     3.5105   3.255225      98.63     0.0164     2.6230     2.3067  33.985348  3.5113106   53.01950  -51.03722    34.8630    34.8629     3.4182     3.4181    27.7361    27.7360    6.70095    6.65606         11 0.0000e+00
     110617   4609.005   1242.000     3.5095   3.255090     3.5089   3.255002      98.63     0.0165     2.6231     2.3070  33.985348  3.5069973   53.01950  -51.03722    34.8628    34.8624     3.4172     3.4166    27.7360    27.7358    6.70310    6.66140         11 0.0000e+00
     110627   4609.433   1241.000     3.5084   3.254938     3.5071   3.254771      87.21     0.0174     2.6239     2.3067  33.985348  3.5069606   53.01950  -51.03722    34.8627    34.8621     3.4162     3.4149    27.7361    27.7357    6.70447    6.66293         10 0.0000e+00
     110638   4609.862   1240.000     3.5073   3.254792     3.5062   3.254638      83.62     0.0179     2.6239     2.3074  33.985348  3.5079067   53.01950  -51.03722    34.8626    34.8620     3.4152     3.4141    27.7361    27.7357    6.70475    6.66982         11 0.0000e+00
     110649   4610.323   1239.000     3.5068   3.254695     3.5061   3.254591      98.35     0.0160     2.6237     2.3078  33.982742  3.5079365   53.01950  -51.03722    34.8625    34.8620     3.4147     3.4141    27.7361    27.7357    6.69960    6.67298         11 0.0000e+00
     110662   4610.870   1238.000     3.5066   3.254634     3.5069   3.254638      98.63     0.0142     2.6246     2.3085  33.970814  3.5079365   53.01950  -51.03721    34.8625    34.8622     3.4146     3.4150    27.7361    27.7358    6.70331    6.67102         15 0.0000e+00
     110705   4612.658   1237.000     3.5069   3.254632     3.5072   3.254618      92.32     0.0144     2.6246     2.3090  33.963081  3.5059059   53.01951  -51.03721    34.8627    34.8622     3.4150     3.4153    27.7362    27.7358    6.70139    6.66521         30 0.0000e+00
     110765   4615.185   1236.000     3.5071   3.254586     3.5069   3.254547      90.81     0.0125     2.6255     2.3091  33.945580  3.4978509   53.01952  -51.03722    34.8624    34.8621     3.4153     3.4151    27.7359    27.7357    6.70769    6.65748         15 0.0000e+00
     110777   4615.676   1235.000     3.5076   3.254592     3.5069   3.254513      98.76     0.0141     2.6260     2.3090  33.942455  3.4981685   53.01952  -51.03721    34.8625    34.8622     3.4159     3.4152    27.7359    27.7358    6.70215    6.65494         13 0.0000e+00
     110789   4616.182   1234.000     3.5079   3.254583     3.5072   3.254490      98.63     0.0131     2.6254     2.3088  33.943821  3.4981685   53.01952  -51.03720    34.8625    34.8621     3.4163     3.4156    27.7359    27.7357    6.69711    6.65477         12 0.0000e+00
     110802   4616.707   1233.000     3.5082   3.254579     3.5078   3.254518      98.63     0.0098     2.6261     2.3088  33.931290  3.5041592   53.01952  -51.03720    34.8627    34.8624     3.4167     3.4163    27.7360    27.7358    6.69983    6.65571         13 0.0000e+00
     110816   4617.275   1232.000     3.5084   3.254566     3.5084   3.254535      91.75     0.0108     2.6258     2.3089  33.934460  3.5078316   53.01952  -51.03720    34.8628    34.8624     3.4169     3.4169    27.7361    27.7358    6.69739    6.65757         15 0.0000e+00
     110834   4618.037   1231.000     3.5086   3.254555     3.5084   3.254488      90.30     0.0113     2.6265     2.3091  33.939701  3.5064442   53.01954  -51.03720    34.8629    34.8624     3.4172     3.4170    27.7362    27.7358    6.70758    6.66023         24 0.0000e+00
     110892   4620.468   1230.000     3.5079   3.254449     3.5072   3.254327      78.44     0.0098     2.6277     2.3106  33.923969  3.5083127   53.01954  -51.03720    34.8629    34.8622     3.4167     3.4159    27.7362    27.7357    6.70501    6.67138         54 0.0000e+00
     110920   4621.616   1229.000     3.5080   3.254379     3.5073   3.254289      98.76     0.0100     2.6280     2.3115  33.926735  3.5079365   53.01954  -51.03720    34.8625    34.8622     3.4168     3.4161    27.7359    27.7357    6.70502    6.67388         18 0.0000e+00
     110936   4622.299   1228.000     3.5084   3.254374     3.5073   3.254251      98.63     0.0137     2.6287     2.3123  33.927727  3.5072787   53.01954  -51.03720    34.8626    34.8622     3.4172     3.4162    27.7359    27.7357    6.70447    6.67692         15 0.0000e+00
     110951   4622.937   1227.000     3.5072   3.254211     3.5064   3.254087      98.64     0.0169     2.6283     2.3127  33.932755  3.5045974   53.01954  -51.03719    34.8624    34.8618     3.4162     3.4153    27.7358    27.7354    6.70520    6.68185         15 0.0000e+00
     110966   4623.552   1226.000     3.5057   3.254014     3.5042   3.253809      82.02     0.0152     2.6293     2.3137  33.930611  3.5026932   53.01954  -51.03718    34.8621    34.8613     3.4148     3.4133    27.7358    27.7352    6.70651    6.68526         15 0.0000e+00
     110982   4624.188   1225.000     3.5046   3.253861     3.5030   3.253642      93.31     0.0149     2.6289     2.3143  33.930401  3.5048869   53.01956  -51.03718    34.8620    34.8611     3.4138     3.4121    27.7357    27.7352    6.69809    6.68488         16 0.0000e+00
     110999   4624.922   1224.000     3.5039   3.253749     3.5024   3.253546      98.52     0.0168     2.6289     2.3151  33.927532  3.5078738   53.01956  -51.03718    34.8618    34.8610     3.4132     3.4117    27.7357    27.7352    6.70565    6.67939         20 0.0000e+00
     111031   4626.237   1223.000     3.5038   3.253694     3.5029   3.253460      91.87     0.0166     2.6301     2.3149  33.927662  3.5079365   53.01956  -51.03718    34.8619    34.8602     3.4131     3.4137    27.7357    27.7345    6.70934    6.66804         47 0.0000e+00
     111073   4627.987   1222.000     3.5057   3.253851     3.5041   3.253636      70.15     0.0139     2.6307     2.3150  33.926659  3.5079365   53.01956  -51.03718    34.8622    34.8613     3.4151     3.4134    27.7358    27.7353    6.71263    6.67801         26 0.0000e+00
     111091   4628.759   1221.000     3.5047   3.253680     3.5038   3.253544      41.53     0.0158     2.6316     2.3155  33.927608  3.5009689   53.01956  -51.03718    34.8617    34.8611     3.4142     3.4133    27.7355    27.7351    6.71171    6.66946         17 0.0000e+00
     111108   4629.440   1220.000     3.5032   3.253479     3.5022   3.253335      85.43     0.0161     2.6318     2.3150  33.926735  3.4987710   53.01956  -51.03718    34.8614    34.8608     3.4128     3.4118    27.7354    27.7350    6.70949    6.66460         16 0.0000e+00
     111124   4630.107   1219.000     3.5025   3.253361     3.5016   3.253234      90.04     0.0153     2.6319     2.3150  33.926739  3.4987791   53.01956  -51.03718    34.8613    34.8607     3.4122     3.4113    27.7353    27.7350    6.70340    6.66583         16 0.0000e+00
     111140   4630.808   1218.000     3.5021   3.253289     3.5013   3.253169      98.36     0.0193     2.6315     2.3150  33.926739  3.5073361   53.01957  -51.03717    34.8614    34.8607     3.4118     3.4111    27.7355    27.7350    6.70767    6.66763         18 0.0000e+00
     111160   4631.642   1217.000     3.5019   3.253219     3.5012   3.253117      78.52     0.0193     2.6326     2.3151  33.926739  3.5079205   53.01958  -51.03716    34.8613    34.8607     3.4117     3.4111    27.7354    27.7350    6.71248    6.66498         23 0.0000e+00
     111193   4632.984   1216.000     3.5018   3.253173     3.5012   3.253065      97.77     0.0180     2.6330     2.3151  33.926739  3.5079365   53.01958  -51.03716    34.8613    34.8607     3.4117     3.4111    27.7354    27.7350    6.70902    6.66870         43 0.0000e+00
     111233   4634.666   1215.000     3.5018   3.253139     3.5013   3.253030      42.20     0.0165     2.6333     2.3156  33.926739  3.5076046   53.01958  -51.03716    34.8614    34.8606     3.4118     3.4113    27.7355    27.7349    6.70912    6.67326         31 0.0000e+00
     111259   4635.738   1214.000     3.5019   3.253088     3.5013   3.252983     100.04     0.0170     2.6335     2.3166  33.926739  3.5075090   53.01958  -51.03716    34.8612    34.8606     3.4120     3.4114    27.7353    27.7349    6.70938    6.67932         23 0.0000e+00
     111280   4636.605   1213.000     3.5017   3.253022     3.5009   3.252910      98.63     0.0182     2.6342     2.3169  33.918041  3.5079472   53.01958  -51.03716    34.8611    34.8606     3.4119     3.4111    27.7352    27.7349    6.71150    6.67911         19 0.0000e+00
     111297   4637.337   1212.000     3.5012   3.252914     3.5002   3.252783      88.59     0.0188     2.6343     2.3176  33.911880  3.5079365   53.01960  -51.03716    34.8609    34.8604     3.4115     3.4105    27.7351    27.7348    6.70974    6.67890         16 0.0000e+00
     111312   4637.974   1211.000     3.5006   3.252805     3.4997   3.252681      83.52     0.0160     2.6345     2.3177  33.912086  3.5079365   53.01960  -51.03716    34.8607    34.8602     3.4110     3.4101    27.7350    27.7347    6.71072    6.67731         15 0.0000e+00
     111327   4638.576   1210.000     3.5003   3.252732     3.4994   3.252609      98.45     0.0139     2.6347     2.3181  33.912086  3.5079365   53.01960  -51.03716    34.8607    34.8602     3.4107     3.4099    27.7350    27.7347    6.71526    6.67949         15 0.0000e+00
     111342   4639.198   1209.000     3.5001   3.252672     3.4993   3.252566      98.63     0.0136     2.6355     2.3186  33.912086  3.5079365   53.01960  -51.03714    34.8607    34.8602     3.4107     3.4099    27.7350    27.7347    6.71871    6.67834         15 0.0000e+00
     111359   4639.932   1208.000     3.5000   3.252626     3.4991   3.252501      98.29     0.0166     2.6360     2.3186  33.912086  3.5079365   53.01960  -51.03714    34.8608    34.8602     3.4106     3.4098    27.7351    27.7347    6.71820    6.67861         21 0.0000e+00
     111397   4641.481   1207.000     3.4997   3.252568     3.4991   3.252462      86.37     0.0173     2.6367     2.3200  33.912086  3.5004828   53.01961  -51.03714    34.8608    34.8603     3.4104     3.4098    27.7351    27.7348    6.71571    6.68855         56 0.0000e+00
     111442   4643.360   1206.000     3.4998   3.252523     3.4992   3.252429      86.59     0.0153     2.6380     2.3214  33.912086  3.4980433   53.01962  -51.03714    34.8607    34.8602     3.4106     3.4100    27.7351    27.7347    6.72288    6.68442         25 0.0000e+00
     111462   4644.214   1205.000     3.4999   3.252480     3.4992   3.252376      84.84     0.0156     2.6380     2.3214  33.909279  3.4981685   53.01962  -51.03714    34.8606    34.8601     3.4108     3.4101    27.7350    27.7346    6.71294    6.67805         21 0.0000e+00
     111482   4645.046   1204.000     3.4992   3.252370     3.4985   3.252264      97.06     0.0150     2.6381     2.3212  33.888844  3.4981685   53.01962  -51.03714    34.8606    34.8601     3.4101     3.4094    27.7350    27.7346    6.71817    6.67792         19 0.0000e+00
     111501   4645.836   1203.000     3.4984   3.252244     3.4974   3.252091      76.98     0.0151     2.6391     2.3213  33.903576  3.4981685   53.01962  -51.03714    34.8604    34.8596     3.4094     3.4085    27.7349    27.7344    6.71694    6.68304         18 0.0000e+00
     111518   4646.553   1202.000     3.4980   3.252158     3.4972   3.252035      98.97     0.0147     2.6384     2.3217  33.879829  3.4987524   53.01962  -51.03714    34.8603    34.8597     3.4092     3.4084    27.7348    27.7344    6.71189    6.68840         17 0.0000e+00
     111534   4647.228   1201.000     3.4979   3.252099     3.4971   3.251976      91.42     0.0158     2.6391     2.3225  33.879124  3.4981701   53.01964  -51.03714    34.8602    34.8596     3.4091     3.4083    27.7348    27.7344    6.71925    6.69153         16 0.0000e+00
     111551   4647.902   1200.000     3.4975   3.252014     3.4963   3.251847      81.13     0.0172     2.6392     2.3228  33.878490  3.4981685   53.01964  -51.03713    34.8602    34.8595     3.4088     3.4076    27.7348    27.7344    6.71617    6.69092         17 0.0000e+00
     111570   4648.688   1199.000     3.4968   3.251909     3.4958   3.251761      97.73     0.0160     2.6396     2.3234  33.903427  3.4981685   53.01964  -51.03712    34.8601    34.8594     3.4082     3.4072    27.7348    27.7344    6.71842    6.69355         22 0.0000e+00
     111609   4650.331   1198.000     3.4966   3.251856     3.4960   3.251753      81.76     0.0167     2.6408     2.3245  33.900120  3.4986842   53.01964  -51.03712    34.8602    34.8596     3.4081     3.4075    27.7349    27.7345    6.72485    6.69239         56 0.0000e+00
     111649   4651.990   1197.000     3.4968   3.251798     3.4967   3.251750      99.21     0.0192     2.6416     2.3250  33.879181  3.4981511   53.01964  -51.03712    34.8598    34.8594     3.4084     3.4083    27.7346    27.7342    6.72329    6.68668         20 0.0000e+00
     111665   4652.677   1196.000     3.4964   3.251729     3.4952   3.251559      98.63     0.0212     2.6420     2.3249  33.881836  3.4981685   53.01964  -51.03712    34.8598    34.8592     3.4081     3.4069    27.7346    27.7342    6.72436    6.68494         15 0.0000e+00
     111680   4653.306   1195.000     3.4938   3.251422     3.4927   3.251252      98.63     0.0201     2.6424     2.3249  33.883804  3.4981685   53.01964  -51.03712    34.8596    34.8587     3.4056     3.4044    27.7346    27.7340    6.72085    6.68995         15 0.0000e+00
     111695   4653.926   1194.000     3.4922   3.251201     3.4909   3.251027      98.63     0.0172     2.6424     2.3253  33.883762  3.4981685   53.01964  -51.03712    34.8591    34.8584     3.4040     3.4028    27.7344    27.7339    6.72642    6.69621         15 0.0000e+00
