data/CTD/2014/CNV/u017a028.cnv
* Sea-Bird SBE 9 Data File:
* FileName = C:\CTD_ACQUISITION\2014017HUD\ctddata\017A028.hdr
* Software Version Seasave V 7.22.2
* Temperature SN = 5081
* Conductivity SN = 3561
* Number of Bytes Per Scan = 37
* Number of Voltage Words = 4
* Number of Scans Averaged by the Deck Unit = 1
* NMEA Latitude = 48 50.76 N
* NMEA Longitude = 045 44.71 W
* NMEA UTC (Time) = Jul 07 2014 02:20:34
* NMEA baud rate = 9600
** Ship: Hudson
** Cruise: HUD2014017
** Chief_Scientist: Blair Greenan
** Organization: BIO
** Area_of_Operation: Sackville Spur
** Station: 028
** Sounding:  2020
** Event_Comments: SS_26, 403163
# nquan = 25
# nvalues = 2087                        
# units = specified
# name 0 = scan: Scan Count
# name 1 = timeS: Time, Elapsed [seconds]
# name 2 = prDM: Pressure, Digiquartz [db]
# name 3 = t068C: Temperature [ITS-68, deg C]
# name 4 = c0S/m: Conductivity [S/m]
# name 5 = t168C: Temperature, 2 [ITS-68, deg C]
# name 6 = c1S/m: Conductivity, 2 [S/m]
# name 7 = altM: Altimeter [m]
# name 8 = flC: Fluorescence, Chelsea Aqua 3 Chl Con [ug/l]
# name 9 = sbeox0V: Oxygen raw, SBE 43 [V]
# name 10 = sbeox1V: Oxygen raw, SBE 43, 2 [V]
# name 11 = upoly0: Upoly 0, Optode 4330F - O2 D-Phase
# name 12 = upoly1: Upoly 1, Optode 4330F - O2 Temp
# name 13 = latitude: Latitude [deg]
# name 14 = longitude: Longitude [deg]
# name 15 = sal00: Salinity, Practical [PSU]
# name 16 = sal11: Salinity, Practical, 2 [PSU]
# name 17 = potemp068C: Potential Temperature [ITS-68, deg C]
# name 18 = potemp168C: Potential Temperature, 2 [ITS-68, deg C]
# name 19 = sigma-é00: Density [sigma-theta, Kg/m^3]
# name 20 = sigma-é11: Density, 2 [sigma-theta, Kg/m^3]
# name 21 = sbeox0ML/L: Oxygen, SBE 43 [ml/l], WS = 2
# name 22 = sbeox1ML/L: Oxygen, SBE 43, 2 [ml/l], WS = 2
# name 23 = nbin: number of scans per bin
# name 24 = flag: flag
# span 0 =      58659,     109213       
# span 1 =   2444.079,   4550.519       
# span 2 =      1.000,   2087.000       
# span 3 =     2.7706,     8.6710       
# span 4 =   3.108510,   3.567461       
# span 5 =     2.7513,     8.6655       
# span 6 =   3.106606,   3.566868       
# span 7 =       0.58,     104.87       
# span 8 =     0.0069,     0.3051       
# span 9 =     2.2858,     3.5540       
# span 10 =     2.0237,     3.1362      
# span 11 =  30.043087,  35.280041      
# span 12 =  2.8827839,  8.6025152      
# span 13 =   48.84816,   48.85096      
# span 14 =  -45.74186,  -45.74042      
# span 15 =    33.7162,    34.9162      
# span 16 =    33.7192,    34.9157      
# span 17 =     2.7523,     8.6704      
# span 18 =     2.7471,     8.6649      
# span 19 =    26.1683,    27.8379      
# span 20 =    26.1697,    27.8375      
# span 21 =    6.28724,    8.27240      
# span 22 =    6.18097,    8.25435      
# span 23 =         11,         74      
# span 24 = 0.0000e+00, 0.0000e+00      
# interval = decibars: 1                
# start_time = Jul 07 2014 02:20:34 [NMEA time, header]
# bad_flag = -9.990e-29
*END*
[from data line 986]
      81708   3404.456   1101.000     3.7030   3.268739     3.7014   3.268513      98.63     0.0161     2.5936     2.2816  34.282219  3.7092342   48.84942  -45.74126    34.8919    34.8909     3.6207     3.6191    27.7392    27.7385    6.45548    6.41535         23 0.0000e+00
      81731   3405.408   1100.000     3.7023   3.268617     3.7006   3.268382      98.63     0.0148     2.5939     2.2821  34.278503  3.7129483   48.84942  -45.74126    34.8918    34.8907     3.6200     3.6184    27.7391    27.7384    6.45366    6.41400         24 0.0000e+00
      81761   3406.667   1099.000     3.7016   3.268492     3.6999   3.268272      77.69     0.0161     2.5951     2.2826  34.279095  3.7130647   48.84942  -45.74126    34.8916    34.8907     3.6194     3.6193    27.7390    27.7384    6.45938    6.41771         39 0.0000e+00
      81802   3408.359   1098.000     3.7014   3.268425     3.6997   3.268191      99.94     0.0182     2.5959     2.2845  34.280170  3.7130647   48.84942  -45.74126    34.8914    34.8905     3.6193     3.6195    27.7389    27.7383    6.46506    6.43462         34 0.0000e+00
      81828   3409.442   1097.000     3.7008   3.268304     3.6995   3.268127      98.63     0.0184     2.5970     2.2856  34.281055  3.7121735   48.84942  -45.74124    34.8912    34.8904     3.6188     3.6175    27.7388    27.7383    6.45809    6.43043         22 0.0000e+00
      81848   3410.286   1096.000     3.6999   3.268166     3.6990   3.268033      98.64     0.0222     2.5969     2.2865  34.279938  3.7130592   48.84942  -45.74124    34.8909    34.8904     3.6180     3.6171    27.7387    27.7383    6.46235    6.42954         19 0.0000e+00
      81866   3411.058   1095.000     3.6991   3.268034     3.6984   3.267916      98.63     0.0175     2.5980     2.2868  34.280018  3.7125249   48.84942  -45.74124    34.8907    34.8901     3.6173     3.6166    27.7385    27.7381    6.47220    6.43022         18 0.0000e+00
      81885   3411.824   1094.000     3.6987   3.267941     3.6979   3.267810      98.63     0.0166     2.5987     2.2874  34.278408  3.7125502   48.84942  -45.74124    34.8906    34.8899     3.6170     3.6162    27.7385    27.7380    6.46496    6.43109         19 0.0000e+00
      81904   3412.623   1093.000     3.6983   3.267853     3.6974   3.267689      98.63     0.0171     2.5990     2.2876  34.279160  3.7074234   48.84943  -45.74124    34.8904    34.8895     3.6167     3.6158    27.7384    27.7377    6.46818    6.43086         19 0.0000e+00
      81924   3413.443   1092.000     3.6978   3.267728     3.6968   3.267517      98.63     0.0149     2.5996     2.2884  34.278385  3.7032673   48.84944  -45.74124    34.8900    34.8886     3.6163     3.6153    27.7381    27.7371    6.47577    6.43376         20 0.0000e+00
      81942   3414.223   1091.000     3.6973   3.267584     3.6963   3.267396      88.77     0.0138     2.6010     2.2886  34.279198  3.7032967   48.84944  -45.74124    34.8894    34.8881     3.6158     3.6149    27.7377    27.7367    6.47558    6.43167         18 0.0000e+00
      81960   3414.963   1090.000     3.6968   3.267466     3.6964   3.267337      20.37     0.0120     2.6011     2.2891  34.282391  3.7032967   48.84944  -45.74124    34.8890    34.8879     3.6154     3.6150    27.7374    27.7366    6.46741    6.43833         18 0.0000e+00
      81979   3415.745   1089.000     3.6966   3.267376     3.6963   3.267275      96.06     0.0151     2.6015     2.2901  34.278522  3.7032967   48.84944  -45.74124    34.8887    34.8878     3.6153     3.6150    27.7371    27.7365    6.46983    6.44092         20 0.0000e+00
      82004   3416.773   1088.000     3.6964   3.267308     3.6961   3.267226      98.64     0.0183     2.6023     2.2908  34.272148  3.7032967   48.84944  -45.74123    34.8885    34.8879     3.6152     3.6149    27.7370    27.7365    6.47720    6.43988         31 0.0000e+00
      82040   3418.298   1087.000     3.6963   3.267267     3.6952   3.267082      89.36     0.0156     2.6038     2.2915  34.264999  3.7032967   48.84944  -45.74122    34.8887    34.8876     3.6152     3.6141    27.7371    27.7364    6.48269    6.44006         35 0.0000e+00
      82068   3419.469   1086.000     3.6964   3.267229     3.6946   3.266952      98.86     0.0157     2.6048     2.2924  34.263695  3.7032967   48.84944  -45.74122    34.8886    34.8873     3.6154     3.6135    27.7371    27.7362    6.48042    6.44644         24 0.0000e+00
      82092   3420.442   1085.000     3.6950   3.267017     3.6930   3.266749      98.63     0.0119     2.6056     2.2933  34.265575  3.7032967   48.84944  -45.74122    34.8881    34.8870     3.6141     3.6121    27.7368    27.7361    6.47887    6.44802         24 0.0000e+00
      82118   3421.557   1084.000     3.6935   3.266795     3.6919   3.266593      98.63     0.0150     2.6059     2.2939  34.264240  3.7032967   48.84944  -45.74122    34.8876    34.8868     3.6127     3.6111    27.7365    27.7361    6.48129    6.44511         31 0.0000e+00
      82150   3422.886   1083.000     3.6924   3.266644     3.6913   3.266485      98.63     0.0153     2.6073     2.2940  34.238461  3.7032967   48.84944  -45.74122    34.8875    34.8868     3.6116     3.6105    27.7365    27.7361    6.48744    6.43385         31 0.0000e+00
      82177   3423.998   1082.000     3.6918   3.266526     3.6909   3.266386      98.63     0.0166     2.6073     2.2934  34.230297  3.7032967   48.84944  -45.74120    34.8872    34.8865     3.6112     3.6103    27.7363    27.7359    6.47205    6.42606         22 0.0000e+00
      82197   3424.829   1081.000     3.6923   3.266515     3.6917   3.266426      98.63     0.0167     2.6074     2.2927  34.234512  3.7032967   48.84944  -45.74120    34.8871    34.8866     3.6117     3.6111    27.7362    27.7359    6.47386    6.42075         18 0.0000e+00
      82214   3425.532   1080.000     3.6934   3.266581     3.6928   3.266502      56.29     0.0142     2.6073     2.2921  34.230713  3.7032967   48.84944  -45.74120    34.8871    34.8869     3.6129     3.6123    27.7361    27.7360    6.46536    6.41629         16 0.0000e+00
      82230   3426.194   1079.000     3.6940   3.266606     3.6936   3.266546      82.10     0.0173     2.6061     2.2913  34.228920  3.7032967   48.84944  -45.74120    34.8874    34.8870     3.6135     3.6132    27.7363    27.7360    6.46313    6.41178         16 0.0000e+00
      82246   3426.870   1078.000     3.6944   3.266627     3.6969   3.266847      98.50     0.0169     2.6065     2.2907  34.233536  3.7032967   48.84944  -45.74120    34.8877    34.8877     3.6141     3.6165    27.7364    27.7362    6.46279    6.41173         17 0.0000e+00
      82264   3427.606   1077.000     3.6973   3.266884     3.7093   3.268069      98.63     0.0153     2.6058     2.2903  34.233658  3.7032967   48.84944  -45.74120    34.8882    34.8895     3.6170     3.6289    27.7366    27.7365    6.45264    6.40412         19 0.0000e+00
      82284   3428.451   1076.000     3.7072   3.267855     3.7211   3.269200      98.64     0.0157     2.6051     2.2890  34.225388  3.7032967   48.84944  -45.74120    34.8898    34.8910     3.6269     3.6407    27.7368    27.7364    6.45539    6.39122         22 0.0000e+00
      82308   3429.468   1075.000     3.7141   3.268386     3.7265   3.269685      98.63     0.0156     2.6046     2.2875  34.219948  3.7032967   48.84944  -45.74120    34.8895    34.8916     3.6338     3.6461    27.7359    27.7363    6.45055    6.39443         27 0.0000e+00
      82337   3430.658   1074.000     3.7223   3.269202     3.7314   3.270154      98.64     0.0151     2.6039     2.2874  34.219780  3.7083101   48.84944  -45.74120    34.8908    34.8925     3.6420     3.6511    27.7362    27.7366    6.44665    6.39845         29 0.0000e+00
      82365   3431.823   1073.000     3.7256   3.269477     3.7343   3.270383      98.64     0.0161     2.6035     2.2865  34.219780  3.7115903   48.84944  -45.74120    34.8910    34.8926     3.6454     3.6540    27.7360    27.7364    6.44571    6.38975         26 0.0000e+00
      82391   3432.898   1072.000     3.7274   3.269639     3.7353   3.270452      71.03     0.0134     2.6033     2.2865  34.223732  3.7138207   48.84944  -45.74120    34.8916    34.8929     3.6473     3.6551    27.7362    27.7365    6.44499    6.40366         26 0.0000e+00
      82419   3434.063   1071.000     3.7320   3.270110     3.7360   3.270468      68.31     0.0140     2.6025     2.2875  34.219849  3.7158651   48.84944  -45.74120    34.8929    34.8929     3.6519     3.6559    27.7368    27.7364    6.44181    6.40633         31 0.0000e+00
      82450   3435.389   1070.000     3.7353   3.270393     3.7362   3.270443      99.47     0.0144     2.6027     2.2882  34.213757  3.7230244   48.84946  -45.74118    34.8932    34.8928     3.6553     3.6562    27.7367    27.7363    6.44315    6.40596         30 0.0000e+00
      82476   3436.475   1069.000     3.7363   3.270420     3.7363   3.270404      82.24     0.0163     2.6024     2.2886  34.216537  3.7260473   48.84946  -45.74118    34.8930    34.8928     3.6563     3.6563    27.7365    27.7363    6.44578    6.39884         22 0.0000e+00
      82496   3437.289   1068.000     3.7369   3.270446     3.7366   3.270372      99.06     0.0146     2.6034     2.2883  34.219852  3.7327452   48.84946  -45.74118    34.8931    34.8926     3.6570     3.6567    27.7365    27.7361    6.45565    6.40098         18 0.0000e+00
      82512   3437.974   1067.000     3.7373   3.270425     3.7368   3.270342      98.63     0.0170     2.6036     2.2890  34.219780  3.7326007   48.84946  -45.74118    34.8930    34.8926     3.6575     3.6570    27.7364    27.7361    6.44853    6.40850         15 0.0000e+00
      82527   3438.603   1066.000     3.7371   3.270364     3.7366   3.270257      98.63     0.0173     2.6035     2.2891  34.221794  3.7326007   48.84946  -45.74118    34.8930    34.8923     3.6574     3.6569    27.7363    27.7358    6.44725    6.41103         15 0.0000e+00
      82542   3439.226   1065.000     3.7365   3.270265     3.7357   3.270124      98.64     0.0162     2.6042     2.2900  34.220699  3.7326007   48.84946  -45.74118    34.8930    34.8921     3.6569     3.6561    27.7364    27.7358    6.45108    6.41783         16 0.0000e+00
      82558   3439.892   1064.000     3.7360   3.270157     3.7347   3.269967      98.63     0.0158     2.6043     2.2907  34.219814  3.7326007   48.84946  -45.74118    34.8927    34.8919     3.6565     3.6552    27.7362    27.7357    6.44819    6.42045         17 0.0000e+00
      82577   3440.678   1063.000     3.7348   3.269980     3.7332   3.269758      98.63     0.0126     2.6047     2.2919  34.223804  3.7326007   48.84946  -45.74118    34.8924    34.8915     3.6554     3.6537    27.7361    27.7355    6.45241    6.42207         21 0.0000e+00
      82604   3441.777   1062.000     3.7334   3.269782     3.7313   3.269507      98.63     0.0167     2.6058     2.2927  34.224346  3.7326007   48.84947  -45.74118    34.8920    34.8910     3.6541     3.6519    27.7359    27.7353    6.46174    6.42031         32 0.0000e+00
      82636   3443.131   1061.000     3.7322   3.269603     3.7291   3.269233      98.63     0.0219     2.6075     2.2941  34.222675  3.7326007   48.84948  -45.74118    34.8918    34.8906     3.6529     3.6499    27.7358    27.7352    6.47611    6.42940         30 0.0000e+00
      82664   3444.282   1060.000     3.7342   3.269778     3.7252   3.268763      58.51     0.0179     2.6095     2.2955  34.220322  3.7326007   48.84948  -45.74118    34.8922    34.8897     3.6550     3.6461    27.7359    27.7348    6.48000    6.43613         26 0.0000e+00
      82691   3445.414   1059.000     3.7249   3.268845     3.7175   3.267904      98.55     0.0153     2.6119     2.2974  34.220791  3.7326007   48.84948  -45.74118    34.8915    34.8881     3.6459     3.6385    27.7363    27.7344    6.48876    6.44844         29 0.0000e+00
      82722   3446.723   1058.000     3.7182   3.267946     3.7099   3.267042      98.63     0.0178     2.6141     2.2993  34.227402  3.7326007   48.84948  -45.74117    34.8884    34.8864     3.6393     3.6311    27.7345    27.7337    6.49157    6.45107         33 0.0000e+00
      82752   3447.948   1057.000     3.7118   3.267250     3.7068   3.266666      98.63     0.0159     2.6153     2.3010  34.225597  3.7326007   48.84948  -45.74116    34.8874    34.8858     3.6330     3.6281    27.7343    27.7335    6.49095    6.45500         25 0.0000e+00
      82773   3448.848   1056.000     3.7057   3.266562     3.7037   3.266292      98.63     0.0140     2.6166     2.3018  34.224388  3.7258134   48.84948  -45.74116    34.8862    34.8851     3.6271     3.6251    27.7339    27.7333    6.48852    6.45340         19 0.0000e+00
      82791   3449.576   1055.000     3.7029   3.266218     3.7015   3.266018      98.63     0.0160     2.6167     2.3026  34.222492  3.7227747   48.84948  -45.74116    34.8856    34.8847     3.6244     3.6230    27.7337    27.7332    6.48328    6.46015         16 0.0000e+00
      82806   3450.226   1054.000     3.7014   3.266023     3.7000   3.265824      98.64     0.0153     2.6166     2.3033  34.224350  3.7240486   48.84948  -45.74116    34.8854    34.8845     3.6230     3.6216    27.7337    27.7332    6.48735    6.45679         16 0.0000e+00
      82822   3450.857   1053.000     3.7002   3.265864     3.6993   3.265701      98.63     0.0129     2.6174     2.3036  34.225605  3.7222326   48.84948  -45.74116    34.8852    34.8843     3.6219     3.6209    27.7337    27.7331    6.49779    6.44995         15 0.0000e+00
      82837   3451.510   1052.000     3.6995   3.265739     3.6986   3.265601      98.63     0.0125     2.6186     2.3035  34.222580  3.7222214   48.84948  -45.74116    34.8850    34.8843     3.6212     3.6204    27.7336    27.7331    6.49739    6.44932         16 0.0000e+00
      82857   3452.317   1051.000     3.6989   3.265636     3.6977   3.265462      98.63     0.0165     2.6189     2.3040  34.221706  3.7203233   48.84950  -45.74116    34.8849    34.8841     3.6208     3.6196    27.7336    27.7331    6.49548    6.46143         23 0.0000e+00
      82888   3453.640   1050.000     3.6987   3.265572     3.6971   3.265350      98.63     0.0150     2.6201     2.3057  34.219788  3.7130973   48.84950  -45.74116    34.8849    34.8840     3.6207     3.6190    27.7336    27.7330    6.49835    6.46830         40 0.0000e+00
      82922   3455.025   1049.000     3.6986   3.265515     3.6964   3.265217      98.63     0.0166     2.6214     2.3073  34.209740  3.7126186   48.84950  -45.74116    34.8848    34.8837     3.6206     3.6184    27.7335    27.7328    6.50684    6.47110         23 0.0000e+00
      82942   3455.859   1048.000     3.6966   3.265252     3.6940   3.264927      98.63     0.0178     2.6224     2.3079  34.208153  3.7130773   48.84950  -45.74116    34.8843    34.8832     3.6187     3.6161    27.7333    27.7327    6.51088    6.47174         19 0.0000e+00
      82961   3456.651   1047.000     3.6940   3.264934     3.6920   3.264668      98.63     0.0184     2.6236     2.3088  34.205845  3.7086427   48.84950  -45.74116    34.8838    34.8828     3.6162     3.6143    27.7331    27.7325    6.51676    6.48088         20 0.0000e+00
      82985   3457.680   1046.000     3.6925   3.264732     3.6915   3.264576      98.63     0.0169     2.6253     2.3105  34.205582  3.7061076   48.84950  -45.74116    34.8835    34.8828     3.6148     3.6138    27.7330    27.7326    6.51935    6.48788         34 0.0000e+00
      83030   3459.536   1045.000     3.6936   3.264814     3.6921   3.264601      98.63     0.0158     2.6274     2.3127  34.170166  3.7031715   48.84950  -45.74116    34.8839    34.8829     3.6160     3.6145    27.7332    27.7326    6.52685    6.48476         39 0.0000e+00
