data/CTD/2014/CNV/u017a029.cnv
* Sea-Bird SBE 9 Data File:
* FileName = C:\CTD_ACQUISITION\2014017HUD\ctddata\017A029.hdr
* Software Version Seasave V 7.22.2
* Temperature SN = 5081
* Conductivity SN = 3561
* Number of Bytes Per Scan = 37
* Number of Voltage Words = 4
* Number of Scans Averaged by the Deck Unit = 1
* NMEA Latitude = 48 48.41 N
* NMEA Longitude = 045 41.69 W
* NMEA UTC (Time) = Jul 07 2014 04:13:45
* NMEA baud rate = 9600
** Ship: Hudson
** Cruise: HUD2014017
** Chief_Scientist: Blair Greenan
** Organization: BIO
** Area_of_Operation: Sackville Spur
** Station: 029
** Sounding:  1758
** Event_Comments: SS_025, 403166
# nquan = 25
# nvalues = 1818                        
# units = specified
# name 0 = scan: Scan Count
# name 1 = timeS: Time, Elapsed [seconds]
# name 2 = prDM: Pressure, Digiquartz [db]
# name 3 = t068C: Temperature [ITS-68, deg C]
# name 4 = c0S/m: Conductivity [S/m]
# name 5 = t168C: Temperature, 2 [ITS-68, deg C]
# name 6 = c1S/m: Conductivity, 2 [S/m]
# name 7 = altM: Altimeter [m]
# name 8 = flC: Fluorescence, Chelsea Aqua 3 Chl Con [ug/l]
# name 9 = sbeox0V: Oxygen raw, SBE 43 [V]
# name 10 = sbeox1V: Oxygen raw, SBE 43, 2 [V]
# name 11 = upoly0: Upoly 0, Optode 4330F - O2 D-Phase
# name 12 = upoly1: Upoly 1, Optode 4330F - O2 Temp
# name 13 = latitude: Latitude [deg]
# name 14 = longitude: Longitude [deg]
# name 15 = sal00: Salinity, Practical [PSU]
# name 16 = sal11: Salinity, Practical, 2 [PSU]
# name 17 = potemp068C: Potential Temperature [ITS-68, deg C]
# name 18 = potemp168C: Potential Temperature, 2 [ITS-68, deg C]
# name 19 = sigma-é00: Density [sigma-theta, Kg/m^3]
# name 20 = sigma-é11: Density, 2 [sigma-theta, Kg/m^3]
# name 21 = sbeox0ML/L: Oxygen, SBE 43 [ml/l], WS = 2
# name 22 = sbeox1ML/L: Oxygen, SBE 43, 2 [ml/l], WS = 2
# name 23 = nbin: number of scans per bin
# name 24 = flag: flag
# span 0 =      52722,     110200       
# span 1 =   2196.714,   4591.631       
# span 2 =      1.000,   1818.000       
# span 3 =     2.9132,     9.0580       
# span 4 =   3.121327,   3.616662       
# span 5 =     2.8905,     9.0562       
# span 6 =   3.121151,   3.616408       
# span 7 =       4.90,     102.24       
# span 8 =     0.0073,     0.2495       
# span 9 =     2.3479,     3.5701       
# span 10 =     2.0784,     3.1560      
# span 11 =  29.531065,  35.116817      
# span 12 =  2.9411192,  9.0755587      
# span 13 =   48.81124,   48.81481      
# span 14 =  -45.69360,  -45.69105      
# span 15 =    33.9009,    34.9163      
# span 16 =    33.9003,    34.9159      
# span 17 =     2.9084,     9.0560      
# span 18 =     2.8856,     9.0542      
# span 19 =    26.2538,    27.8208      
# span 20 =    26.2533,    27.8204      
# span 21 =    6.22864,    8.13983      
# span 22 =    6.15695,    8.24596      
# span 23 =         12,        101      
# span 24 = 0.0000e+00, 0.0000e+00      
# interval = decibars: 1                
# start_time = Jul 07 2014 04:13:45 [NMEA time, header]
# bad_flag = -9.990e-29
*END*
[from data line 1682]
      95647   3985.268    136.000     3.4465   3.187140     3.4477   3.187323      98.63     0.0170     2.9682     2.6108  33.399265  3.4297924   48.81298  -45.69204    34.6994    34.7003     3.4376     3.4389    27.6038    27.6044    6.75049    6.74994         16 0.0000e+00
      95664   3985.965    135.000     3.4522   3.187598     3.4551   3.187890      59.45     0.0201     2.9674     2.6097  33.399269  3.4297924   48.81298  -45.69204    34.6994    34.6998     3.4434     3.4463    27.6032    27.6033    6.74838    6.74502         17 0.0000e+00
      95682   3986.723    134.000     3.4551   3.187830     3.4605   3.188352      86.15     0.0222     2.9668     2.6091  33.399269  3.4297924   48.81298  -45.69204    34.6996    34.7002     3.4464     3.4517    27.6031    27.6031    6.74417    6.73657         20 0.0000e+00
      95704   3987.628    133.000     3.4620   3.188390     3.4716   3.189353      98.39     0.0230     2.9658     2.6067  33.399269  3.4333825   48.81299  -45.69204    34.6996    34.7009     3.4534     3.4629    27.6024    27.6026    6.73000    6.71718         24 0.0000e+00
      95730   3988.717    132.000     3.4658   3.188774     3.4827   3.190353      74.50     0.0228     2.9627     2.6035  33.399269  3.4491510   48.81300  -45.69203    34.7007    34.7017     3.4572     3.4743    27.6029    27.6021    6.70765    6.69807         28 0.0000e+00
      95761   3989.980    131.000     3.4705   3.189237     3.4974   3.191700      54.24     0.0220     2.9587     2.5991  33.391022  3.4545200   48.81300  -45.69202    34.7018    34.7028     3.4620     3.4888    27.6033    27.6015    6.69507    6.68366         32 0.0000e+00
      95792   3991.290    130.000     3.5081   3.192547     3.5225   3.194111      92.80     0.0175     2.9546     2.5959  33.384521  3.4591634   48.81300  -45.69202    34.7021    34.7056     3.4996     3.5140    27.5999    27.6013    6.68148    6.69232         30 0.0000e+00
      95817   3992.349    129.000     3.5161   3.193222     3.5464   3.196333      58.72     0.0122     2.9528     2.5972  33.384617  3.4713671   48.81300  -45.69202    34.7022    34.7068     3.5077     3.5383    27.5992    27.5999    6.71885    6.73108         21 0.0000e+00
      95837   3993.179    128.000     3.5458   3.196012     3.5677   3.198435      99.20     0.0140     2.9566     2.6007  33.384617  3.4714384   48.81302  -45.69202    34.7047    34.7105     3.5374     3.5593    27.5982    27.6007    6.74255    6.72864         19 0.0000e+00
      95855   3993.931    127.000     3.5725   3.198741     3.5895   3.200486      98.63     0.0149     2.9588     2.6009  33.384617  3.4801874   48.81300  -45.69201    34.7096    34.7124     3.5642     3.5812    27.5995    27.6001    6.70761    6.67359         18 0.0000e+00
      95875   3994.732    126.000     3.5880   3.200285     3.6015   3.201594      74.86     0.0113     2.9568     2.5963  33.384617  3.4882166   48.81301  -45.69200    34.7122    34.7135     3.5797     3.5932    27.6000    27.5997    6.63875    6.60215         21 0.0000e+00
      95903   3995.921    125.000     3.6000   3.201344     3.6092   3.202277      86.76     0.0154     2.9444     2.5840  33.367718  3.5083482   48.81301  -45.69200    34.7126    34.7140     3.5918     3.6011    27.5992    27.5994    6.54136    6.53420         39 0.0000e+00
      95944   3997.625    124.000     3.5885   3.200223     3.5968   3.200950      81.30     0.0183     2.9227     2.5676  33.366974  3.5348213   48.81300  -45.69198    34.7121    34.7119     3.5803     3.5886    27.5999    27.5990    6.49983    6.50767         34 0.0000e+00
      95970   3998.698    123.000     3.6056   3.201709     3.6262   3.204118      80.63     0.0184     2.9146     2.5604  33.400154  3.5564668   48.81301  -45.69198    34.7122    34.7192     3.5974     3.6180    27.5983    27.6018    6.51012    6.50169         21 0.0000e+00
      95988   3999.439    122.000     3.7490   3.214614     3.7494   3.216573      98.63     0.0196     2.9099     2.5567  33.399269  3.5555551   48.81302  -45.69198    34.7148    34.7379     3.7408     3.7411    27.5860    27.6043    6.48348    6.47823         16 0.0000e+00
      96004   4000.119    121.000     3.8622   3.226472     3.9011   3.231088      44.13     0.0197     2.9068     2.5542  33.398415  3.5487878   48.81302  -45.69198    34.7367    34.7506     3.8540     3.8928    27.5919    27.5990    6.46083    6.45292         17 0.0000e+00
      96021   4000.837    120.000     3.9344   3.233561     3.9763   3.238036      95.88     0.0196     2.9029     2.5512  33.396069  3.5481088   48.81302  -45.69198    34.7452    34.7541     3.9261     3.9680    27.5913    27.5940    6.44045    6.43170         18 0.0000e+00
      96043   4001.768    119.000     3.9821   3.238182     4.0058   3.240776      98.60     0.0171     2.8992     2.5480  33.375904  3.6062987   48.81302  -45.69198    34.7502    34.7559     3.9738     3.9976    27.5903    27.5924    6.42560    6.41751         27 0.0000e+00
      96075   4003.075    118.000     3.9652   3.236659     4.0029   3.240263      68.36     0.0127     2.8948     2.5444  33.339722  3.7061779   48.81303  -45.69198    34.7505    34.7535     3.9571     3.9947    27.5923    27.5907    6.43177    6.41870         33 0.0000e+00
      96103   4004.258    117.000     3.9503   3.235146     3.9927   3.239304      99.35     0.0153     2.8927     2.5425  33.391949  3.7908540   48.81304  -45.69198    34.7488    34.7533     3.9423     3.9846    27.5925    27.5917    6.43887    6.42746         24 0.0000e+00
      96124   4005.139    116.000     3.9840   3.238138     3.9963   3.239288      98.63     0.0126     2.8916     2.5420  33.401390  3.8105853   48.81304  -45.69198    34.7493    34.7499     3.9760     3.9882    27.5894    27.5886    6.42860    6.40645         20 0.0000e+00
      96144   4005.967    115.000     3.9897   3.238585     3.9884   3.238226      57.47     0.0166     2.8901     2.5390  33.425293  3.8266306   48.81304  -45.69198    34.7491    34.7462     3.9817     3.9805    27.5886    27.5864    6.41079    6.37341         20 0.0000e+00
      96167   4006.908    114.000     3.9875   3.238111     3.9861   3.237846      73.51     0.0215     2.8867     2.5341  33.442677  3.8392746   48.81304  -45.69198    34.7463    34.7447     3.9796     3.9782    27.5866    27.5855    6.38203    6.34842         26 0.0000e+00
      96196   4008.121    113.000     3.9876   3.237924     3.9879   3.237922      90.68     0.0208     2.8800     2.5275  33.462067  3.8529236   48.81304  -45.69196    34.7448    34.7442     3.9798     3.9801    27.5854    27.5848    6.35235    6.32654         31 0.0000e+00
      96226   4009.376    112.000     3.9944   3.238471     3.9970   3.238765      60.69     0.0208     2.8724     2.5216  33.474575  3.8605659   48.81306  -45.69196    34.7444    34.7451     3.9866     3.9893    27.5844    27.5846    6.33213    6.31661         27 0.0000e+00
      96250   4010.358    111.000     4.0067   3.239543     4.0287   3.241736      98.77     0.0192     2.8672     2.5174  33.516636  3.8680487   48.81306  -45.69196    34.7446    34.7474     3.9991     4.0210    27.5832    27.5831    6.32493    6.30534         22 0.0000e+00
      96270   4011.224    110.000     4.0338   3.242092     4.0848   3.247288      98.63     0.0166     2.8643     2.5148  33.516483  3.8678885   48.81306  -45.69196    34.7467    34.7545     4.0262     4.0771    27.5821    27.5829    6.31754    6.30345         20 0.0000e+00
      96292   4012.119    109.000     4.0787   3.246367     4.1248   3.250953      47.01     0.0169     2.8602     2.5130  33.522179  3.8887513   48.81308  -45.69196    34.7505    34.7561     4.0710     4.1171    27.5804    27.5800    6.30688    6.29722         23 0.0000e+00
      96316   4013.129    108.000     4.1085   3.249345     4.1360   3.251927      66.93     0.0184     2.8581     2.5116  33.525448  3.8948023   48.81308  -45.69196    34.7548    34.7563     4.1009     4.1284    27.5807    27.5790    6.30625    6.29204         26 0.0000e+00
      96343   4014.267    107.000     4.1280   3.251075     4.1389   3.252123      96.16     0.0177     2.8565     2.5104  33.556015  3.9449961   48.81308  -45.69196    34.7553    34.7562     4.1204     4.1314    27.5790    27.5785    6.30016    6.26470         27 0.0000e+00
      96370   4015.380    106.000     4.1325   3.251500     4.1396   3.252113      40.73     0.0207     2.8532     2.5037  33.561008  3.9576855   48.81308  -45.69194    34.7561    34.7559     4.1250     4.1321    27.5791    27.5782    6.25958    6.20152         27 0.0000e+00
      96397   4016.509    105.000     4.1342   3.251562     4.1366   3.251742      97.74     0.0230     2.8456     2.4965  33.593063  3.9862633   48.81308  -45.69194    34.7555    34.7551     4.1268     4.1292    27.5785    27.5779    6.22864    6.24253         28 0.0000e+00
      96430   4017.889    104.000     4.1307   3.251091     4.1304   3.250978      73.58     0.0206     2.8443     2.5087  33.612862  3.9967077   48.81308  -45.69194    34.7542    34.7533     4.1234     4.1231    27.5778    27.5771    6.34634    6.44119         40 0.0000e+00
      96473   4019.674    103.000     4.1232   3.250296     4.1224   3.250086      99.38     0.0195     2.8763     2.5484  33.638695  4.0164170   48.81308  -45.69194    34.7532    34.7517     4.1160     4.1151    27.5778    27.5767    6.61544    6.62416         41 0.0000e+00
      96507   4021.091    102.000     4.1139   3.249351     4.0897   3.246494      52.55     0.0142     2.9115     2.5682  33.650688  4.0347219   48.81310  -45.69194    34.7525    34.7441     4.1067     4.0826    27.5782    27.5741    6.57475    6.48258         28 0.0000e+00
      96533   4022.154    101.000     3.9876   3.237734     3.8246   3.218104      94.67     0.0155     2.9118     2.5604  33.677353  4.0353975   48.81310  -45.69194    34.7488    34.6875     3.9807     3.8178    27.5884    27.5563    6.42901    6.38132         25 0.0000e+00
      96559   4023.249    100.000     3.7138   3.209064     3.4469   3.180060      63.55     0.0134     2.9004     2.5491  33.691261  4.0354090   48.81310  -45.69193    34.6977    34.6333     3.7071     3.4404    27.5757    27.5508    6.37990    6.38638         29 0.0000e+00
      97215   4050.603     99.000     3.4012   3.176887     3.2852   3.164469      88.42     0.0133     2.9216     2.5729  33.680012  3.6211028   48.81318  -45.69187    34.6442    34.6181     3.3949     3.2789    27.5639    27.5542    6.56814    6.58997         47 0.0000e+00
      97966   4081.879     98.000     3.2339   3.159952     3.2112   3.157506      73.01     0.0191     2.9648     2.6131  33.497131  3.2373672   48.81327  -45.69181    34.6187    34.6130     3.2277     3.2051    27.5596    27.5571    6.79153    6.79913         57 0.0000e+00
      97936   4080.622     97.000     3.1373   3.150594     3.1595   3.151880      99.18     0.0192     2.9638     2.6113  33.516502  3.2723014   48.81327  -45.69180    34.6090    34.6009     3.1313     3.1535    27.5609    27.5524    6.78816    6.79793         25 0.0000e+00
      97958   4081.552     96.000     3.0644   3.142847     3.0768   3.143424      83.68     0.0187     2.9653     2.6114  33.516483  3.2683454   48.81328  -45.69180    34.5934    34.5872     3.0585     3.0709    27.5552    27.5491    6.80056    6.80436         21 0.0000e+00
      97980   4082.444     95.000     3.0534   3.141344     3.0528   3.141201      55.89     0.0205     2.9655     2.6111  33.532158  3.2638097   48.81328  -45.69180    34.5874    34.5863     3.0476     3.0470    27.5514    27.5506    6.79424    6.79892         23 0.0000e+00
      98004   4083.477     94.000     3.0555   3.141401     3.0580   3.141635      97.66     0.0185     2.9660     2.6103  33.535408  3.2538350   48.81328  -45.69180    34.5865    34.5866     3.0497     3.0522    27.5505    27.5504    6.79290    6.79854         27 0.0000e+00
      98034   4084.704     93.000     3.0571   3.141501     3.0670   3.142466      66.97     0.0193     2.9651     2.6096  33.556820  3.1846592   48.81328  -45.69180    34.5865    34.5877     3.0514     3.0613    27.5503    27.5504    6.77698    6.78618         30 0.0000e+00
      98063   4085.921     92.000     3.0688   3.142389     3.0818   3.143871      67.90     0.0194     2.9630     2.6082  33.540676  3.1727445   48.81328  -45.69180    34.5853    34.5895     3.0632     3.0761    27.5483    27.5504    6.75752    6.77996         29 0.0000e+00
      98096   4087.290     91.000     3.0814   3.143860     3.0998   3.145592      76.71     0.0166     2.9606     2.6071  33.533978  3.1618910   48.81330  -45.69180    34.5903    34.5917     3.0758     3.0942    27.5511    27.5506    6.75893    6.78196         39 0.0000e+00
      98143   4089.244     90.000     3.0930   3.144893     3.1079   3.146359      84.88     0.0144     2.9605     2.6069  33.528038  3.1579404   48.81330  -45.69180    34.5907    34.5929     3.0875     3.1023    27.5503    27.5507    6.77625    6.77827         50 0.0000e+00
      98183   4090.909     89.000     3.1060   3.145812     3.1153   3.146769      56.29     0.0166     2.9621     2.6074  33.515942  3.1459889   48.81330  -45.69180    34.5889    34.5905     3.1005     3.1098    27.5477    27.5482    6.77543    6.78702         29 0.0000e+00
      98206   4091.890     88.000     3.0670   3.141728     3.0638   3.141153      91.88     0.0205     2.9629     2.6081  33.519314  3.1422749   48.81330  -45.69180    34.5814    34.5779     3.0616     3.0584    27.5453    27.5428    6.77868    6.78352         21 0.0000e+00
      98227   4092.746     87.000     3.0210   3.137104     3.0078   3.135344      98.60     0.0200     2.9626     2.6069  33.527607  3.1367788   48.81331  -45.69180    34.5749    34.5675     3.0157     3.0026    27.5444    27.5397    6.78336    6.77805         21 0.0000e+00
      98249   4093.677     86.000     2.9932   3.134012     2.9763   3.132046      64.00     0.0219     2.9626     2.6058  33.534714  3.1343391   48.81332  -45.69180    34.5676    34.5617     2.9880     2.9711    27.5411    27.5379    6.78572    6.78318         24 0.0000e+00
      98276   4094.771     85.000     2.9798   3.132454     2.9628   3.130405      73.20     0.0252     2.9626     2.6054  33.560444  3.1269836   48.81332  -45.69179    34.5635    34.5566     2.9746     2.9577    27.5390    27.5351    6.78788    6.80151         28 0.0000e+00
      98304   4095.940     84.000     2.9678   3.131047     2.9294   3.126661      98.68     0.0238     2.9618     2.6075  33.560440  3.1025176   48.81332  -45.69178    34.5597    34.5473     2.9628     2.9244    27.5371    27.5307    6.78552    6.82180         28 0.0000e+00
      98332   4097.118     83.000     2.9410   3.127963     2.9215   3.125370      54.03     0.0218     2.9622     2.6098  33.560440  3.0787086   48.81332  -45.69178    34.5513    34.5405     2.9360     2.9165    27.5328    27.5259    6.79870    6.83186         30 0.0000e+00
      98366   4098.557     82.000     2.9286   3.126305     2.9242   3.125133      97.16     0.0210     2.9624     2.6111  33.560085  3.0696368   48.81332  -45.69178    34.5449    34.5352     2.9237     2.9193    27.5288    27.5215    6.79877    6.82603         40 0.0000e+00
      98412   4100.463     81.000     2.9132   3.124425     2.8905   3.121323      70.32     0.0206     2.9646     2.6144  33.560440  3.0459898   48.81333  -45.69178    34.5390    34.5254     2.9084     2.8856    27.5254    27.5167    6.82955    6.86482         49 0.0000e+00
      99188   4132.799     80.000     2.9266   3.124482     2.9181   3.123473      81.16     0.0239     2.9989     2.6410  33.459652  2.9582529   48.81341  -45.69177    34.5258    34.5226     2.9218     2.9133    27.5137    27.5119    6.90900    6.92588         80 0.0000e+00
