data/CTD/2014/CNV/u017a012.cnv
* Sea-Bird SBE 9 Data File:
* FileName = C:\CTD_ACQUISITION\2014017HUD\ctddata\017A012.hdr
* Software Version Seasave V 7.22.2
* Temperature SN = 5081
* Conductivity SN = 3561
* Number of Bytes Per Scan = 37
* Number of Voltage Words = 4
* Number of Scans Averaged by the Deck Unit = 1
* NMEA Latitude = 52 48.96 N
* NMEA Longitude = 051 41.79 W
* NMEA UTC (Time) = Jul 03 2014 21:58:08
* NMEA baud rate = 9600
** Ship: Hudson
** Cruise: HUD2014017
** Chief_Scientist: Blair Greenan
** Organization: BIO
** Area_of_Operation: Sackville Spur
** Station: 012
** Sounding:  783
** Event_Comments: C3, 403023
# nquan = 25
# nvalues = 815                         
# units = specified
# name 0 = scan: Scan Count
# name 1 = timeS: Time, Elapsed [seconds]
# name 2 = prDM: Pressure, Digiquartz [db]
# name 3 = t068C: Temperature [ITS-68, deg C]
# name 4 = c0S/m: Conductivity [S/m]
# name 5 = t168C: Temperature, 2 [ITS-68, deg C]
# name 6 = c1S/m: Conductivity, 2 [S/m]
# name 7 = altM: Altimeter [m]
# name 8 = flC: Fluorescence, Chelsea Aqua 3 Chl Con [ug/l]
# name 9 = sbeox0V: Oxygen raw, SBE 43 [V]
# name 10 = sbeox1V: Oxygen raw, SBE 43, 2 [V]
# name 11 = upoly0: Upoly 0, Optode 4330F - O2 D-Phase
# name 12 = upoly1: Upoly 1, Optode 4330F - O2 Temp
# name 13 = latitude: Latitude [deg]
# name 14 = longitude: Longitude [deg]
# name 15 = sal00: Salinity, Practical [PSU]
# name 16 = sal11: Salinity, Practical, 2 [PSU]
# name 17 = potemp068C: Potential Temperature [ITS-68, deg C]
# name 18 = potemp168C: Potential Temperature, 2 [ITS-68, deg C]
# name 19 = sigma-é00: Density [sigma-theta, Kg/m^3]
# name 20 = sigma-é11: Density, 2 [sigma-theta, Kg/m^3]
# name 21 = sbeox0ML/L: Oxygen, SBE 43 [ml/l], WS = 2
# name 22 = sbeox1ML/L: Oxygen, SBE 43, 2 [ml/l], WS = 2
# name 23 = nbin: number of scans per bin
# name 24 = flag: flag
# span 0 =      27306,      63594       
# span 1 =   1137.706,   2649.708       
# span 2 =      1.000,    815.000       
# span 3 =    -0.2680,     3.9042       
# span 4 =   2.783067,   3.244019       
# span 5 =    -0.2601,     3.9039       
# span 6 =   2.782294,   3.243864       
# span 7 =       4.40,     102.76       
# span 8 =     0.0084,     0.6125       
# span 9 =     2.7534,     3.6233       
# span 10 =     2.4353,     3.2054      
# span 11 =  30.607109,  34.077435      
# span 12 = -0.2462059,  3.8988295      
# span 13 =   52.81374,   52.81548      
# span 14 =  -51.69192,  -51.68723      
# span 15 =    32.3435,    34.8507      
# span 16 =    32.3511,    34.8490      
# span 17 =    -0.2688,     3.8921      
# span 18 =    -0.2609,     3.8918      
# span 19 =    25.8286,    27.7140      
# span 20 =    25.8360,    27.7126      
# span 21 =    6.66864,    9.46676      
# span 22 =    6.65022,    9.53606      
# span 23 =          9,         86      
# span 24 = 0.0000e+00, 0.0000e+00      
# interval = decibars: 1                
# start_time = Jul 03 2014 21:58:08 [NMEA time, header]
# bad_flag = -9.990e-29
*END*
[from data line 232]
      33879   1411.573    583.000     3.6291   3.235271     3.6289   3.235119      80.74     0.0146     2.8379     2.4992  33.407883  3.6251526   52.81446  -51.69107    34.8410    34.8394     3.5882     3.5879    27.7019    27.7006    6.75562    6.74440         35 0.0000e+00
      33899   1412.435    582.000     3.6296   3.235242     3.6291   3.235078      99.17     0.0138     2.8388     2.4985  33.406517  3.6251526   52.81444  -51.69106    34.8406    34.8392     3.5888     3.5883    27.7015    27.7004    6.75281    6.73912         20 0.0000e+00
      33917   1413.160    581.000     3.6298   3.235220     3.6293   3.235048      65.25     0.0106     2.8386     2.4987  33.411259  3.6251526   52.81444  -51.69106    34.8407    34.8392     3.5890     3.5885    27.7015    27.7003    6.74826    6.74133         16 0.0000e+00
      33933   1413.829    580.000     3.6298   3.235183     3.6297   3.235035      96.17     0.0093     2.8383     2.4986  33.416470  3.6251526   52.81444  -51.69105    34.8408    34.8391     3.5891     3.5890    27.7016    27.7003    6.74807    6.74089         17 0.0000e+00
      33950   1414.539    579.000     3.6298   3.235140     3.6300   3.235008      98.56     0.0106     2.8388     2.4987  33.414787  3.6251526   52.81444  -51.69104    34.8408    34.8390     3.5892     3.5893    27.7016    27.7002    6.75002    6.73857         18 0.0000e+00
      33971   1415.398    578.000     3.6298   3.235100     3.6300   3.234965      97.88     0.0173     2.8389     2.4984  33.401482  3.6251526   52.81442  -51.69104    34.8408    34.8390     3.5893     3.5895    27.7016    27.7001    6.75276    6.73659         23 0.0000e+00
      33996   1416.443    577.000     3.6299   3.235057     3.6300   3.234909      77.14     0.0197     2.8399     2.4986  33.398693  3.6251526   52.81442  -51.69102    34.8407    34.8388     3.5894     3.5896    27.7015    27.7000    6.76221    6.74602         26 0.0000e+00
      34020   1417.449    576.000     3.6300   3.235015     3.6301   3.234870      98.44     0.0180     2.8410     2.4997  33.399265  3.6264153   52.81442  -51.69102    34.8407    34.8388     3.5896     3.5897    27.7014    27.6999    6.75484    6.75195         23 0.0000e+00
      34045   1418.499    575.000     3.6299   3.234960     3.6301   3.234823      98.63     0.0114     2.8408     2.5006  33.399269  3.6258619   52.81442  -51.69102    34.8407    34.8388     3.5895     3.5898    27.7015    27.7000    6.74919    6.75688         28 0.0000e+00
      34077   1419.815    574.000     3.6299   3.234907     3.6301   3.234771      98.63     0.0148     2.8409     2.5029  33.399269  3.6347837   52.81442  -51.69102    34.8405    34.8387     3.5897     3.5899    27.7013    27.6998    6.74965    6.76443         33 0.0000e+00
      34104   1420.953    573.000     3.6302   3.234868     3.6301   3.234718      77.24     0.0181     2.8409     2.5031  33.399269  3.6349301   52.81441  -51.69101    34.8403    34.8386     3.5900     3.5900    27.7011    27.6997    6.74713    6.74541         21 0.0000e+00
      34122   1421.716    572.000     3.6302   3.234817     3.6299   3.234658      61.35     0.0143     2.8408     2.5028  33.399269  3.6349206   52.81440  -51.69100    34.8402    34.8386     3.5901     3.5898    27.7010    27.6998    6.75043    6.74389         17 0.0000e+00
      34137   1422.341    571.000     3.6300   3.234752     3.6297   3.234585      68.81     0.0127     2.8412     2.5028  33.399269  3.6349206   52.81440  -51.69100    34.8402    34.8385     3.5900     3.5897    27.7010    27.6997    6.75346    6.74474         14 0.0000e+00
      34151   1422.918    570.000     3.6297   3.234677     3.6294   3.234501      98.75     0.0156     2.8418     2.5024  33.398140  3.6349206   52.81440  -51.69098    34.8401    34.8384     3.5898     3.5895    27.7010    27.6996    6.75356    6.74114         13 0.0000e+00
      34165   1423.505    569.000     3.6294   3.234597     3.6291   3.234423      98.63     0.0150     2.8413     2.5024  33.397308  3.6349206   52.81440  -51.69098    34.8401    34.8382     3.5895     3.5893    27.7010    27.6995    6.75129    6.74628         15 0.0000e+00
      34182   1424.208    568.000     3.6291   3.234530     3.6291   3.234373      98.63     0.0169     2.8424     2.5029  33.397789  3.6349206   52.81440  -51.69098    34.8401    34.8382     3.5893     3.5894    27.7010    27.6995    6.75363    6.75502         20 0.0000e+00
      34225   1425.985    567.000     3.6290   3.234479     3.6290   3.234328      90.94     0.0197     2.8432     2.5040  33.397953  3.6270115   52.81440  -51.69098    34.8401    34.8383     3.5893     3.5893    27.7010    27.6996    6.75682    6.75129         67 0.0000e+00
      34277   1428.172    566.000     3.6291   3.234421     3.6291   3.234281      77.49     0.0175     2.8445     2.5035  33.388668  3.6250305   52.81438  -51.69096    34.8398    34.8382     3.5895     3.5894    27.7007    27.6995    6.75856    6.72786         28 0.0000e+00
      34296   1428.978    565.000     3.6294   3.234389     3.6292   3.234241      99.05     0.0190     2.8451     2.5021  33.388920  3.6251526   52.81438  -51.69096    34.8397    34.8381     3.5899     3.5896    27.7006    27.6994    6.75877    6.73840         17 0.0000e+00
      34311   1429.583    564.000     3.6295   3.234329     3.6292   3.234178      98.63     0.0166     2.8452     2.5026  33.391380  3.6251526   52.81438  -51.69096    34.8394    34.8379     3.5900     3.5897    27.7004    27.6992    6.75730    6.75656         13 0.0000e+00
      34324   1430.117    563.000     3.6295   3.234271     3.6295   3.234122      59.31     0.0142     2.8453     2.5040  33.385708  3.6251526   52.81438  -51.69094    34.8392    34.8374     3.5901     3.5901    27.7002    27.6988    6.75597    6.76217         12 0.0000e+00
      34336   1430.632    562.000     3.6296   3.234223     3.6298   3.234093      86.15     0.0151     2.8455     2.5045  33.389172  3.6251526   52.81438  -51.69094    34.8391    34.8373     3.5902     3.5905    27.7001    27.6986    6.75470    6.75721         13 0.0000e+00
      34349   1431.185    561.000     3.6297   3.234181     3.6300   3.234042      98.57     0.0183     2.8458     2.5048  33.394012  3.6251526   52.81436  -51.69094    34.8390    34.8370     3.5904     3.5907    27.7000    27.6984    6.75512    6.75301         14 0.0000e+00
      34367   1431.918    560.000     3.6297   3.234132     3.6301   3.233992      76.08     0.0203     2.8459     2.5053  33.389339  3.6251526   52.81436  -51.69094    34.8389    34.8369     3.5905     3.5909    27.6999    27.6983    6.75327    6.75308         23 0.0000e+00
      34412   1433.809    559.000     3.6293   3.234065     3.6294   3.233923      88.57     0.0180     2.8464     2.5059  33.389896  3.6251526   52.81437  -51.69092    34.8391    34.8373     3.5902     3.5903    27.7001    27.6987    6.75778    6.74889         59 0.0000e+00
      34453   1435.503    558.000     3.6295   3.234011     3.6295   3.233859      74.08     0.0156     2.8477     2.5064  33.390854  3.6251526   52.81436  -51.69092    34.8388    34.8370     3.5904     3.5904    27.6999    27.6984    6.76480    6.75446         26 0.0000e+00
      34473   1436.333    557.000     3.6298   3.233976     3.6297   3.233832      98.64     0.0186     2.8489     2.5069  33.390652  3.6251526   52.81436  -51.69092    34.8386    34.8369     3.5908     3.5907    27.6996    27.6983    6.76572    6.75670         17 0.0000e+00
      34489   1436.983    556.000     3.6301   3.233941     3.6301   3.233788      98.63     0.0181     2.8485     2.5073  33.396160  3.6251526   52.81436  -51.69090    34.8384    34.8365     3.5912     3.5912    27.6995    27.6980    6.75078    6.75765         14 0.0000e+00
      34503   1437.585    555.000     3.6302   3.233895     3.6304   3.233756      97.20     0.0194     2.8480     2.5079  33.398296  3.6251526   52.81436  -51.69090    34.8382    34.8363     3.5914     3.5916    27.6993    27.6978    6.74858    6.75757         15 0.0000e+00
      34518   1438.212    554.000     3.6304   3.233856     3.6307   3.233724      59.70     0.0178     2.8483     2.5082  33.393894  3.6251526   52.81434  -51.69090    34.8381    34.8362     3.5916     3.5919    27.6992    27.6976    6.74487    6.74818         16 0.0000e+00
      34538   1439.050    553.000     3.6304   3.233821     3.6307   3.233687      95.35     0.0130     2.8475     2.5075  33.389858  3.6251526   52.81434  -51.69090    34.8382    34.8363     3.5917     3.5920    27.6992    27.6977    6.74969    6.74092         27 0.0000e+00
      34579   1440.759    552.000     3.6302   3.233749     3.6303   3.233611      80.54     0.0104     2.8478     2.5074  33.385208  3.6273599   52.81434  -51.69088    34.8381    34.8363     3.5916     3.5917    27.6992    27.6978    6.74832    6.75436         44 0.0000e+00
      34609   1441.985    551.000     3.6302   3.233706     3.6302   3.233562      48.07     0.0143     2.8478     2.5090  33.387444  3.6327012   52.81434  -51.69088    34.8381    34.8363     3.5917     3.5933    27.6991    27.6978    6.75269    6.76703         21 0.0000e+00
      34627   1442.749    550.000     3.6305   3.233666     3.6303   3.233524      98.55     0.0171     2.8482     2.5099  33.387203  3.6320486   52.81434  -51.69087    34.8379    34.8363     3.5920     3.5919    27.6990    27.6978    6.76455    6.76147         17 0.0000e+00
      34644   1443.444    549.000     3.6303   3.233613     3.6304   3.233485      98.63     0.0153     2.8496     2.5103  33.386356  3.6252878   52.81434  -51.69086    34.8380    34.8364     3.5919     3.5920    27.6990    27.6978    6.76460    6.75380         17 0.0000e+00
      34663   1444.233    548.000     3.6303   3.233580     3.6307   3.233459      68.94     0.0156     2.8498     2.5100  33.386600  3.6251526   52.81434  -51.69086    34.8381    34.8362     3.5920     3.5924    27.6992    27.6976    6.75785    6.75146         22 0.0000e+00
      34692   1445.440    547.000     3.6307   3.233552     3.6309   3.233428      99.18     0.0145     2.8507     2.5102  33.385029  3.6251526   52.81432  -51.69086    34.8379    34.8361     3.5924     3.5937    27.6989    27.6975    6.76055    6.75305         33 0.0000e+00
      34718   1446.559    546.000     3.6310   3.233522     3.6310   3.233379      95.28     0.0131     2.8512     2.5105  33.386116  3.6251526   52.81432  -51.69086    34.8378    34.8360     3.5928     3.5928    27.6988    27.6974    6.76245    6.75636         20 0.0000e+00
      34736   1447.275    545.000     3.6310   3.233483     3.6311   3.233355      59.00     0.0148     2.8518     2.5110  33.380924  3.6331370   52.81432  -51.69084    34.8377    34.8362     3.5930     3.5930    27.6988    27.6975    6.76417    6.75777         16 0.0000e+00
      34751   1447.901    544.000     3.6312   3.233448     3.6312   3.233312      99.10     0.0164     2.8525     2.5111  33.376205  3.6349356   52.81432  -51.69084    34.8377    34.8361     3.5932     3.5932    27.6987    27.6974    6.75474    6.75653         14 0.0000e+00
      34765   1448.514    543.000     3.6312   3.233414     3.6315   3.233285      98.63     0.0180     2.8519     2.5116  33.379997  3.6349206   52.81432  -51.69084    34.8378    34.8359     3.5932     3.5936    27.6988    27.6973    6.75056    6.75221         16 0.0000e+00
      34784   1449.282    542.000     3.6313   3.233384     3.6324   3.233321      98.63     0.0170     2.8519     2.5110  33.384224  3.6345487   52.81432  -51.69084    34.8378    34.8360     3.5935     3.5945    27.6988    27.6972    6.75323    6.74574         24 0.0000e+00
      34859   1452.407    541.000     3.6312   3.233311     3.6315   3.233190      61.32     0.0169     2.8517     2.5108  33.386364  3.6303430   52.81430  -51.69082    34.8377    34.8359     3.5934     3.5937    27.6987    27.6972    6.74833    6.74067         30 0.0000e+00
      34881   1453.335    540.000     3.6319   3.233316     3.6315   3.233151      58.09     0.0172     2.8512     2.5101  33.377518  3.5389910   52.81430  -51.69080    34.8375    34.8359     3.5942     3.5938    27.6985    27.6973    6.74727    6.73898         15 0.0000e+00
      34894   1453.874    539.000     3.6334   3.233391     3.6329   3.233241     100.20     0.0165     2.8512     2.5100  33.373486  3.4730797   52.81430  -51.69080    34.8373    34.8361     3.5957     3.5952    27.6982    27.6972    6.75526    6.74132         12 0.0000e+00
      34906   1454.359    538.000     3.6344   3.233438     3.6345   3.233320      98.63     0.0171     2.8522     2.5101  33.381027  3.5501869   52.81430  -51.69080    34.8374    34.8359     3.5968     3.5969    27.6981    27.6969    6.75603    6.74497         12 0.0000e+00
      34917   1454.823    537.000     3.6350   3.233450     3.6354   3.233340      98.63     0.0172     2.8522     2.5101  33.376720  3.5957060   52.81430  -51.69080    34.8374    34.8357     3.5975     3.5978    27.6980    27.6967    6.75252    6.74622         11 0.0000e+00
      34928   1455.290    536.000     3.6355   3.233443     3.6356   3.233323      98.63     0.0180     2.8518     2.5105  33.380608  3.6224136   52.81430  -51.69080    34.8374    34.8357     3.5980     3.5982    27.6980    27.6966    6.74107    6.74867         11 0.0000e+00
      34940   1455.808    535.000     3.6354   3.233414     3.6358   3.233303      80.56     0.0165     2.8518     2.5107  33.384583  3.6265121   52.81429  -51.69080    34.8376    34.8358     3.5981     3.5985    27.6981    27.6967    6.74474    6.74817         14 0.0000e+00
      34966   1456.882    534.000     3.6356   3.233392     3.6363   3.233302      78.85     0.0140     2.8522     2.5114  33.381111  3.6115615   52.81429  -51.69079    34.8377    34.8359     3.5983     3.5990    27.6982    27.6967    6.74695    6.74874         30 0.0000e+00
      35058   1460.717    533.000     3.6369   3.233434     3.6373   3.233321      31.47     0.0153     2.8511     2.5117  33.386623  3.5885103   52.81428  -51.69078    34.8373    34.8356     3.5997     3.6001    27.6977    27.6963    6.73838    6.73940         18 0.0000e+00
      35068   1461.143    532.000     3.6358   3.233302     3.6355   3.233142     100.49     0.0173     2.8509     2.5115  33.386890  3.6261432   52.81428  -51.69076    34.8374    34.8359     3.5987     3.5984    27.6979    27.6967    6.74266    6.74168         13 0.0000e+00
      35080   1461.644    531.000     3.6365   3.233311     3.6364   3.233180      96.49     0.0207     2.8505     2.5116  33.388275  3.5757005   52.81428  -51.69076    34.8373    34.8359     3.5994     3.5993    27.6978    27.6967    6.74655    6.74591         12 0.0000e+00
      35092   1462.107    530.000     3.6378   3.233389     3.6394   3.233403      52.94     0.0200     2.8520     2.5120  33.388599  3.6241176   52.81428  -51.69076    34.8374    34.8359     3.6008     3.6024    27.6977    27.6964    6.75083    6.74980         11 0.0000e+00
      35103   1462.565    529.000     3.6398   3.233512     3.6410   3.233498      78.77     0.0191     2.8525     2.5124  33.387337  3.6268926   52.81428  -51.69076    34.8373    34.8358     3.6029     3.6041    27.6974    27.6961    6.74860    6.75191         11 0.0000e+00
      35114   1463.046    528.000     3.6407   3.233552     3.6412   3.233465      97.66     0.0202     2.8519     2.5130  33.387066  3.6299279   52.81426  -51.69076    34.8374    34.8357     3.6038     3.6044    27.6974    27.6960    6.74265    6.75357         12 0.0000e+00
      35128   1463.626    527.000     3.6409   3.233543     3.6411   3.233413      98.06     0.0198     2.8525     2.5133  33.384701  3.6341641   52.81427  -51.69076    34.8375    34.8358     3.6041     3.6043    27.6975    27.6961    6.74820    6.75375         16 0.0000e+00
