data/CTD/2014/CNV/u017a018.cnv
* Sea-Bird SBE 9 Data File:
* FileName = C:\CTD_ACQUISITION\2014017HUD\ctddata\017A018.hdr
* Software Version Seasave V 7.22.2
* Temperature SN = 5081
* Conductivity SN = 3561
* Number of Bytes Per Scan = 37
* Number of Voltage Words = 4
* Number of Scans Averaged by the Deck Unit = 1
* NMEA Latitude = 52 56.12 N
* NMEA Longitude = 051 12.28 W
* NMEA UTC (Time) = Jul 04 2014 19:19:31
* NMEA baud rate = 9600
** Ship: Hudson
** Cruise: HUD2014017
** Chief_Scientist: Blair Greenan
** Organization: BIO
** Area_of_Operation: Sackville Spur
** Station: 018
** Sounding:  2361
** Event_Comments: K8 403079
# nquan = 25
# nvalues = 251                         
# units = specified
# name 0 = scan: Scan Count
# name 1 = timeS: Time, Elapsed [seconds]
# name 2 = prDM: Pressure, Digiquartz [db]
# name 3 = t068C: Temperature [ITS-68, deg C]
# name 4 = c0S/m: Conductivity [S/m]
# name 5 = t168C: Temperature, 2 [ITS-68, deg C]
# name 6 = c1S/m: Conductivity, 2 [S/m]
# name 7 = altM: Altimeter [m]
# name 8 = flC: Fluorescence, Chelsea Aqua 3 Chl Con [ug/l]
# name 9 = sbeox0V: Oxygen raw, SBE 43 [V]
# name 10 = sbeox1V: Oxygen raw, SBE 43, 2 [V]
# name 11 = upoly0: Upoly 0, Optode 4330F - O2 D-Phase
# name 12 = upoly1: Upoly 1, Optode 4330F - O2 Temp
# name 13 = latitude: Latitude [deg]
# name 14 = longitude: Longitude [deg]
# name 15 = sal00: Salinity, Practical [PSU]
# name 16 = sal11: Salinity, Practical, 2 [PSU]
# name 17 = potemp068C: Potential Temperature [ITS-68, deg C]
# name 18 = potemp168C: Potential Temperature, 2 [ITS-68, deg C]
# name 19 = sigma-é00: Density [sigma-theta, Kg/m^3]
# name 20 = sigma-é11: Density, 2 [sigma-theta, Kg/m^3]
# name 21 = sbeox0ML/L: Oxygen, SBE 43 [ml/l], WS = 2
# name 22 = sbeox1ML/L: Oxygen, SBE 43, 2 [ml/l], WS = 2
# name 23 = nbin: number of scans per bin
# name 24 = flag: flag
# span 0 =      16195,      35865       
# span 1 =    674.740,   1494.336       
# span 2 =      1.000,    251.000       
# span 3 =     3.4569,     8.0575       
# span 4 =   3.194827,   3.549389       
# span 5 =     3.4563,     8.0539       
# span 6 =   3.194511,   3.549071       
# span 7 =       8.65,     102.76       
# span 8 =     0.0084,     0.2812       
# span 9 =     2.9636,     3.4771       
# span 10 =     2.6143,     3.0567      
# span 11 =  30.013721,  33.188545      
# span 12 =  3.4687755,  8.0772762      
# span 13 =   52.93539,   52.93582      
# span 14 =  -51.20290,  -51.20220      
# span 15 =    34.1743,    34.8332      
# span 16 =    34.1744,    34.8334      
# span 17 =     3.4454,     8.0574      
# span 18 =     3.4451,     8.0538      
# span 19 =    26.6171,    27.7055      
# span 20 =    26.6177,    27.7057      
# span 21 =    6.62042,    7.59438      
# span 22 =    6.55090,    7.67772      
# span 23 =         14,        129      
# span 24 = 0.0000e+00, 0.0000e+00      
# interval = decibars: 1                
# start_time = Jul 04 2014 19:19:31 [NMEA time, header]
# bad_flag = -9.990e-29
*END*
[from data line 174]
      24926   1038.532     77.000     3.8299   3.217788     3.8430   3.218784      98.56     0.0510     3.1506     2.7766  32.402641  3.8027673   52.93552  -51.20290    34.6914    34.6895     3.8247     3.8378    27.5589    27.5560    7.15649    7.19098         49 0.0000e+00
      25027   1042.754     76.000     3.8138   3.216504     3.8298   3.217759      98.66     0.0572     3.1588     2.7821  32.389515  3.8233464   52.93552  -51.20290    34.6939    34.6917     3.8085     3.8247    27.5625    27.5591    7.17207    7.18052         52 0.0000e+00
      25049   1043.656     75.000     3.8411   3.218441     3.8500   3.219088      98.64     0.0569     3.1590     2.7804  32.401657  3.8124802   52.93552  -51.20288    34.6884    34.6867     3.8361     3.8449    27.5553    27.5531    7.16788    7.17796         22 0.0000e+00
      25071   1044.576     74.000     3.8630   3.219717     3.8700   3.220160      98.42     0.0569     3.1607     2.7809  32.402298  3.8107970   52.93552  -51.20288    34.6810    34.6788     3.8580     3.8650    27.5472    27.5447    7.17017    7.18895         24 0.0000e+00
      25117   1046.520     73.000     3.8651   3.219819     3.8694   3.220054      98.55     0.0533     3.1641     2.7862  32.379257  3.8247104   52.93552  -51.20289    34.6805    34.6787     3.8602     3.8645    27.5465    27.5447    7.18059    7.21209         81 0.0000e+00
      25192   1049.645     72.000     3.8595   3.219413     3.8485   3.218768      98.64     0.0603     3.1695     2.7912  32.360729  3.8455236   52.93552  -51.20290    34.6821    34.6861     3.8546     3.8436    27.5484    27.5527    7.18555    7.20524         37 0.0000e+00
      25217   1050.654     71.000     3.8677   3.219773     3.8674   3.219803      98.47     0.0549     3.1697     2.7903  32.358341  3.8482172   52.93552  -51.20288    34.6783    34.6790     3.8629     3.8625    27.5445    27.5451    7.18143    7.19288         24 0.0000e+00
      25239   1051.590     70.000     3.8817   3.220572     3.8940   3.221508      98.10     0.0539     3.1701     2.7898  32.346500  3.8497925   52.93552  -51.20288    34.6735    34.6717     3.8770     3.8892    27.5393    27.5365    7.18927    7.19859         22 0.0000e+00
      25267   1052.767     69.000     3.9048   3.222125     3.9243   3.223602      98.58     0.0504     3.1731     2.7912  32.344521  3.8526750   52.93552  -51.20288    34.6681    34.6650     3.9001     3.9196    27.5326    27.5281    7.19894    7.21641         40 0.0000e+00
      25378   1057.359     68.000     3.8807   3.220486     3.8818   3.220576      97.92     0.0530     3.1832     2.8024  32.305573  3.8852713   52.93552  -51.20290    34.6747    34.6746     3.8761     3.8771    27.5403    27.5401    7.20827    7.22255         27 0.0000e+00
      25398   1058.225     67.000     3.9032   3.221865     3.8966   3.221573      98.64     0.0510     3.1826     2.8009  32.299580  3.8888700   52.93552  -51.20288    34.6678    34.6719     3.8986     3.8920    27.5325    27.5364    7.19610    7.21822         18 0.0000e+00
      25417   1059.019     66.000     3.9359   3.223833     3.9447   3.224383      98.63     0.0533     3.1824     2.8012  32.294239  3.8906970   52.93552  -51.20288    34.6572    34.6544     3.9314     3.9402    27.5207    27.5176    7.19817    7.22925         21 0.0000e+00
      25461   1060.822     65.000     3.9415   3.224123     3.9422   3.223750      98.63     0.0505     3.1848     2.8045  32.267323  3.9004464   52.93552  -51.20288    34.6552    34.6500     3.9371     3.9378    27.5185    27.5143    7.21178    7.24460         65 0.0000e+00
      25539   1064.085     64.000     3.9173   3.222593     3.9199   3.222841      98.64     0.0522     3.1908     2.8108  32.240154  3.9178033   52.93552  -51.20288    34.6632    34.6633     3.9129     3.9156    27.5274    27.5272    7.23981    7.27395         39 0.0000e+00
      25570   1065.357     63.000     3.9387   3.223706     3.9358   3.223259      79.91     0.0517     3.1933     2.8143  32.232937  3.9271150   52.93552  -51.20288    34.6543    34.6520     3.9344     3.9315    27.5181    27.5165    7.23227    7.28219         34 0.0000e+00
      25649   1068.664     62.000     3.9477   3.223526     3.9518   3.223278      99.52     0.0507     3.1986     2.8218  32.207733  3.9392397   52.93552  -51.20288    34.6432    34.6358     3.9435     3.9476    27.5083    27.5020    7.25809    7.30373         89 0.0000e+00
      25771   1073.748     61.000     3.9575   3.223580     3.9699   3.223747      80.45     0.0512     3.2119     2.8319  32.188152  3.9467180   52.93552  -51.20288    34.6340    34.6229     3.9533     3.9657    27.5000    27.4898    7.29469    7.33010         70 0.0000e+00
      26601   1108.336     60.000     4.0293   3.225846     4.0308   3.225991     102.76     0.0541     3.2313     2.8422  32.013985  4.0241313   52.93553  -51.20286    34.5856    34.5858     4.0252     4.0266    27.4540    27.4540    7.29510    7.31780         50 0.0000e+00
      26830   1117.863     59.000     4.0100   3.225100     4.0135   3.225205      98.63     0.0527     3.2274     2.8413  31.993055  4.0210061   52.93554  -51.20286    34.5977    34.5952     4.0059     4.0094    27.4656    27.4633    7.30039    7.33522         30 0.0000e+00
      26876   1119.789     58.000     4.0134   3.225107     4.0116   3.225056      86.45     0.0505     3.2287     2.8428  31.983273  4.0207257   52.93553  -51.20285    34.5946    34.5960     4.0095     4.0076    27.4628    27.4641    7.30829    7.34054         67 0.0000e+00
      26948   1122.806     57.000     4.0146   3.225176     4.0112   3.225024      99.76     0.0489     3.2327     2.8467  31.968203  4.0258346   52.93554  -51.20284    34.5947    34.5966     4.0107     4.0073    27.4628    27.4646    7.33229    7.35846         53 0.0000e+00
      26988   1124.459     56.000     4.0169   3.225050     4.0144   3.224883      98.62     0.0505     3.2393     2.8507  31.977446  4.0249839   52.93553  -51.20284    34.5914    34.5920     4.0131     4.0106    27.4599    27.4606    7.36717    7.38358         44 0.0000e+00
      27042   1126.699     55.000     4.0217   3.224691     4.0247   3.224262      98.63     0.0496     3.2488     2.8598  31.958138  4.0258083   52.93554  -51.20284    34.5826    34.5744     4.0180     4.0209    27.4523    27.4455    7.38365    7.41160         60 0.0000e+00
      27092   1128.793     54.000     4.0338   3.223803     4.0399   3.223611      55.51     0.0502     3.2545     2.8639  31.951204  4.0338192   52.93554  -51.20284    34.5599    34.5511     4.0300     4.0362    27.4330    27.4254    7.38506    7.40431         39 0.0000e+00
      27129   1130.348     53.000     4.0463   3.223731     4.0559   3.223982      97.41     0.0535     3.2582     2.8658  31.950216  4.0353584   52.93554  -51.20284    34.5463    34.5392     4.0427     4.0522    27.4209    27.4143    7.38753    7.39737         40 0.0000e+00
      27179   1132.418     52.000     4.0602   3.224215     4.0657   3.224478      92.90     0.0551     3.2610     2.8650  31.933271  4.0438051   52.93554  -51.20284    34.5380    34.5353     4.0566     4.0621    27.4129    27.4101    7.38450    7.38497         62 0.0000e+00
      27322   1138.388     51.000     4.0852   3.225917     4.0725   3.225303      98.09     0.0533     3.2671     2.8715  31.886614  4.0620975   52.93554  -51.20283    34.5322    34.5385     4.0818     4.0689    27.4056    27.4120    7.39457    7.41714        129 0.0000e+00
      28071   1169.587     50.000     4.1416   3.230052     4.1383   3.229866      98.53     0.0508     3.2818     2.8906  31.716768  4.1555848   52.93555  -51.20277    34.5229    34.5239     4.1379     4.1348    27.3923    27.3934    7.42010    7.45914         75 0.0000e+00
      28413   1183.850     49.000     4.1595   3.231414     4.1541   3.231153      98.37     0.0560     3.2873     2.8937  31.675383  4.1753306   52.93556  -51.20274    34.5205    34.5230     4.1561     4.1507    27.3885    27.3911    7.43217    7.47033         24 0.0000e+00
      28437   1184.839     48.000     4.1980   3.234326     4.1881   3.233763      98.63     0.0577     3.2874     2.8952  31.679583  4.1739607   52.93557  -51.20274    34.5150    34.5187     4.1946     4.1848    27.3801    27.3841    7.42268    7.47017         22 0.0000e+00
      28465   1186.014     47.000     4.2122   3.235556     4.2136   3.235767      98.25     0.0570     3.2888     2.8970  31.675339  4.1752505   52.93558  -51.20274    34.5152    34.5162     4.2089     4.2103    27.3787    27.3794    7.42760    7.46094         37 0.0000e+00
      28519   1188.268     46.000     4.2092   3.235334     4.2130   3.235615      81.55     0.0580     3.2912     2.8969  31.660650  4.1902442   52.93558  -51.20273    34.5162    34.5156     4.2060     4.2098    27.3798    27.3789    7.42914    7.45520         68 0.0000e+00
      28576   1190.620     45.000     4.2051   3.234950     4.2166   3.235908      98.73     0.0566     3.2927     2.8987  31.660202  4.2015080   52.93558  -51.20272    34.5165    34.5158     4.2020     4.2134    27.3805    27.3787    7.44089    7.47731         42 0.0000e+00
      28612   1192.127     44.000     4.2173   3.235874     4.2305   3.236972      97.98     0.0589     3.2954     2.9019  31.660118  4.2002797   52.93558  -51.20272    34.5152    34.5143     4.2143     4.2274    27.3781    27.3760    7.44008    7.48359         33 0.0000e+00
      28646   1193.542     43.000     4.2425   3.237854     4.2419   3.237978      98.09     0.0571     3.2962     2.9032  31.645708  4.2003784   52.93558  -51.20272    34.5127    34.5150     4.2395     4.2390    27.3734    27.3753    7.43242    7.46752         36 0.0000e+00
      28686   1195.207     42.000     4.2680   3.240088     4.2681   3.240138      97.90     0.0659     3.2974     2.9047  31.636602  4.2103176   52.93558  -51.20272    34.5127    34.5134     4.2650     4.2651    27.3707    27.3713    7.43411    7.48085         43 0.0000e+00
      28728   1196.974     41.000     4.2992   3.242739     4.3034   3.243105      98.13     0.0674     3.3000     2.9077  31.628075  4.2275701   52.93558  -51.20270    34.5119    34.5118     4.2963     4.3005    27.3667    27.3662    7.43809    7.47595         46 0.0000e+00
      28982   1207.536     40.000     4.3360   3.245943     4.3334   3.245598      97.32     0.0680     3.3117     2.9167  31.566563  4.3162985   52.93559  -51.20269    34.5118    34.5103     4.3335     4.3306    27.3627    27.3618    7.45187    7.48650         81 0.0000e+00
      29871   1244.569     39.000     4.4266   3.253291     4.4345   3.253999      98.60     0.0692     3.3287     2.9339  31.455276  4.4345479   52.93564  -51.20262    34.5038    34.5039     4.4238     4.4317    27.3466    27.3458    7.49340    7.54918         30 0.0000e+00
      29941   1247.520     38.000     4.4715   3.257017     4.4891   3.258607      95.62     0.0801     3.3318     2.9378  31.441750  4.4419603   52.93564  -51.20262    34.5013    34.5015     4.4687     4.4863    27.3397    27.3379    7.48174    7.52714         75 0.0000e+00
      30003   1250.070     37.000     4.5355   3.262399     4.5298   3.262491      74.82     0.0896     3.3314     2.9361  31.440918  4.4554911   52.93566  -51.20262    34.4981    34.5051     4.5328     4.5271    27.3301    27.3363    7.45678    7.50054         35 0.0000e+00
      30030   1251.229     36.000     4.5719   3.265805     4.5652   3.265496      98.62     0.0871     3.3332     2.9376  31.439280  4.4554329   52.93566  -51.20262    34.5005    34.5039     4.5693     4.5626    27.3280    27.3314    7.50851    7.54639         26 0.0000e+00
      30059   1252.425     35.000     4.6032   3.268594     4.6197   3.270324      91.55     0.0897     3.3444     2.9500  31.434521  4.4554334   52.93566  -51.20262    34.5011    34.5041     4.6006     4.6172    27.3250    27.3255    7.58797    7.65507         35 0.0000e+00
      30151   1256.267     34.000     4.5781   3.266299     4.5957   3.268170      50.06     0.0999     3.3707     2.9736  31.373943  4.5389028   52.93566  -51.20260    34.5009    34.5045     4.5756     4.5932    27.3276    27.3285    7.59438    7.59459         50 0.0000e+00
      30196   1258.131     33.000     4.6516   3.272092     4.6620   3.274364      74.15     0.1012     3.3725     2.9653  31.399912  4.5436873   52.93566  -51.20260    34.4926    34.5083     4.6491     4.6596    27.3129    27.3242    7.58234    7.60407         23 0.0000e+00
      30217   1258.999     32.000     4.8247   3.287758     4.8915   3.295225      88.32     0.1120     3.3767     2.9767  31.388872  4.5411782   52.93566  -51.20258    34.4957    34.5130     4.8223     4.8891    27.2958    27.3020    7.57536    7.67772         22 0.0000e+00
      30242   1260.036     31.000     5.1826   3.317679     5.2598   3.327348      93.11     0.1237     3.3867     2.9855  31.345922  4.5335898   52.93566  -51.20258    34.4751    34.5037     5.1802     5.2574    27.2381    27.2518    7.56754    7.53758         29 0.0000e+00
      30916   1288.106     30.000     5.7306   3.365603     5.7483   3.367949      73.53     0.1247     3.4065     2.9941  30.960062  5.3412881   52.93571  -51.20255    34.4583    34.4665     5.7281     5.7458    27.1584    27.1629    7.45414    7.44459         82 0.0000e+00
      31583   1315.920     29.000     6.0797   3.394211     6.0452   3.392314      61.23     0.1227     3.4173     3.0077  30.720049  5.9067264   52.93576  -51.20250    34.4266    34.4389     6.0772     6.0428    27.0899    27.1041    7.40629    7.43724         52 0.0000e+00
      31572   1315.452     28.000     6.0893   3.395276     6.0975   3.396055      82.60     0.1254     3.4191     3.0104  30.730711  5.8706279   52.93576  -51.20250    34.4293    34.4297     6.0869     6.0951    27.0908    27.0901    7.41234    7.44259         32 0.0000e+00
      31604   1316.783     27.000     6.1365   3.399077     6.1435   3.399939      88.84     0.1337     3.4202     3.0121  30.723282  5.8745809   52.93576  -51.20250    34.4246    34.4272     6.1342     6.1412    27.0811    27.0822    7.40312    7.42357         34 0.0000e+00
      31647   1318.600     26.000     6.2151   3.404898     6.2223   3.406192      89.43     0.1349     3.4211     3.0112  30.691427  5.9236012   52.93576  -51.20248    34.4108    34.4180     6.2129     6.2201    27.0600    27.0648    7.38200    7.39860         55 0.0000e+00
      31696   1320.617     25.000     6.3074   3.412575     6.3087   3.413088      99.11     0.1412     3.4188     3.0077  30.673147  6.0128684   52.93577  -51.20248    34.4039    34.4084     6.3053     6.3066    27.0426    27.0459    7.34860    7.35874         34 0.0000e+00
      31724   1321.806     24.000     6.3619   3.417009     6.3583   3.416902      80.29     0.1402     3.4184     3.0078  30.680759  6.0342259   52.93578  -51.20249    34.3990    34.4014     6.3598     6.3563    27.0316    27.0339    7.36389    7.38360         28 0.0000e+00
      31777   1323.983     23.000     6.4283   3.422289     6.4424   3.423776      90.62     0.1416     3.4194     3.0094  30.646666  6.0735984   52.93578  -51.20250    34.3914    34.3931     6.4263     6.4404    27.0168    27.0163    7.34202    7.35373         49 0.0000e+00
      31874   1328.045     22.000     6.5106   3.428951     6.5087   3.428992      98.88     0.1474     3.4092     3.0027  30.642704  6.1981049   52.93578  -51.20248    34.3832    34.3857     6.5087     6.5067    26.9996    27.0017    7.29648    7.31553         23 0.0000e+00
      31892   1328.781     21.000     6.5932   3.435578     6.5861   3.435525      98.63     0.1500     3.4097     3.0021  30.643906  6.1926146   52.93578  -51.20247    34.3743    34.3809     6.5913     6.5842    26.9815    26.9877    7.29263    7.29843         19 0.0000e+00
