data/CTD/2014/CNV/u017a060.cnv
* Sea-Bird SBE 9 Data File:
* FileName = C:\CTD_ACQUISITION\2014017HUD\ctddata\017A060.hdr
* Software Version Seasave V 7.23.1
* Temperature SN = 5081
* Conductivity SN = 3561
* Number of Bytes Per Scan = 37
* Number of Voltage Words = 4
* Number of Scans Averaged by the Deck Unit = 1
* NMEA Latitude = 43 28.22 N
* NMEA Longitude = 059 59.72 W
* NMEA UTC (Time) = Jul 13 2014 23:31:59
* NMEA baud rate = 9600
** Ship: Hudson
** Cruise: HUD2014017
** Chief_Scientist: Blair Greenan
** Organization: BIO
** Area_of_Operation: Sackville Spur
** Station: 060
** Sounding:  998
** Event_Comments: LC3 0
** Test of Windows 7
# nquan = 25
# nvalues = 252                         
# units = specified
# name 0 = scan: Scan Count
# name 1 = timeS: Time, Elapsed [seconds]
# name 2 = prDM: Pressure, Digiquartz [db]
# name 3 = t068C: Temperature [ITS-68, deg C]
# name 4 = c0S/m: Conductivity [S/m]
# name 5 = t168C: Temperature, 2 [ITS-68, deg C]
# name 6 = c1S/m: Conductivity, 2 [S/m]
# name 7 = altM: Altimeter [m]
# name 8 = flC: Fluorescence, Chelsea Aqua 3 Chl Con [ug/l]
# name 9 = sbeox0V: Oxygen raw, SBE 43 [V]
# name 10 = sbeox1V: Oxygen raw, SBE 43, 2 [V]
# name 11 = upoly0: Upoly 0, Optode 4330F - O2 D-Phase
# name 12 = upoly1: Upoly 1, Optode 4330F - O2 Temp
# name 13 = latitude: Latitude [deg]
# name 14 = longitude: Longitude [deg]
# name 15 = sal00: Salinity, Practical [PSU]
# name 16 = sal11: Salinity, Practical, 2 [PSU]
# name 17 = potemp068C: Potential Temperature [ITS-68, deg C]
# name 18 = potemp168C: Potential Temperature, 2 [ITS-68, deg C]
# name 19 = sigma-é00: Density [sigma-theta, Kg/m^3]
# name 20 = sigma-é11: Density, 2 [sigma-theta, Kg/m^3]
# name 21 = sbeox0ML/L: Oxygen, SBE 43 [ml/l], WS = 2
# name 22 = sbeox1ML/L: Oxygen, SBE 43, 2 [ml/l], WS = 2
# name 23 = nbin: number of scans per bin
# name 24 = flag: flag
# span 0 =      23615,      30607       
# span 1 =    983.930,   1275.230       
# span 2 =      1.000,    252.000       
# span 3 =     3.8730,    15.2557       
# span 4 =   3.045663,   3.993760       
# span 5 =     3.8589,    15.3586       
# span 6 =   3.044098,   3.994301       
# span 7 =      35.39,      99.80       
# span 8 =     0.0131,     0.3264       
# span 9 =     1.9167,     3.5582       
# span 10 =     1.6599,     3.1002      
# span 11 =  28.508099,  39.809540      
# span 12 =  4.2798409,  15.362769      
# span 13 =   43.47388,   43.47438      
# span 14 =  -59.99704,  -59.99664      
# span 15 =    31.6629,    35.3268      
# span 16 =    31.6437,    35.3279      
# span 17 =     3.8693,    15.2580      
# span 18 =     3.8552,    15.3585      
# span 19 =    23.3460,    27.1969      
# span 20 =    23.3095,    27.1979      
# span 21 =    3.37174,    8.21793      
# span 22 =    3.17517,    8.11724      
# span 23 =         15,         89      
# span 24 = 0.0000e+00, 0.0000e+00      
# interval = decibars: 1                
# start_time = Jul 13 2014 23:31:59 [NMEA time, header]
# bad_flag = -9.990e-29
*END*
[from data line 58]
      24978   1040.724    194.000    10.9172   3.926152    10.9108   3.924596      98.63     0.0189     2.3179     2.0331  37.805412  10.745959   43.47396  -59.99696    35.2154    35.2059    10.8934    10.8870    26.9631    26.9569    4.33190    4.20206         18 0.0000e+00
      24996   1041.472    193.000    10.8872   3.921789    10.8654   3.918651      69.54     0.0183     2.3365     2.0477  37.807865  10.746032   43.47396  -59.99696    35.2004    35.1904    10.8640    10.8417    26.9568    26.9530    4.41542    4.24593         18 0.0000e+00
      25017   1042.331    192.000    10.8591   3.918187    10.7963   3.909703      90.73     0.0164     2.3616     2.0633  37.583134  10.790786   43.47396  -59.99696    35.1922    35.1675    10.8356    10.7728    26.9555    26.9475    4.47801    4.28006         24 0.0000e+00
      25046   1043.522    191.000    10.8165   3.912882    10.6665   3.893336      98.38     0.0167     2.3894     2.0810  37.515202  10.801714   43.47396  -59.99696    35.1804    35.1280    10.7932    10.6434    26.9539    26.9399    4.50102    4.30190         34 0.0000e+00
      25079   1044.936    190.000    10.7948   3.909137    10.5868   3.885256      72.80     0.0174     2.4104     2.0937  37.345329  10.825206   43.47396  -59.99695    35.1641    35.1236    10.7716    10.5639    26.9451    26.9506    4.49263    4.29829         29 0.0000e+00
      25103   1045.933    189.000    10.6051   3.885486    10.5115   3.873690      99.53     0.0189     2.4185     2.0976  37.233166  10.782164   43.47396  -59.99694    35.1088    35.0798    10.5823    10.4889    26.9358    26.9297    4.51142    4.31725         20 0.0000e+00
      25121   1046.650    188.000    10.5035   3.872969    10.4854   3.870168      98.63     0.0213     2.4221     2.1005  37.121193  10.736015   43.47396  -59.99694    35.0807    35.0697    10.4809    10.4629    26.9318    26.9264    4.52407    4.34862         16 0.0000e+00
      25136   1047.278    187.000    10.4844   3.870148    10.4809   3.869500      81.03     0.0239     2.4260     2.1054  37.129509  10.736263   43.47396  -59.99694    35.0709    35.0678    10.4621    10.4585    26.9275    26.9257    4.53735    4.37576         15 0.0000e+00
      25150   1047.893    186.000    10.4931   3.870880    10.5031   3.871860      68.60     0.0224     2.4301     2.1108  36.997185  10.718098   43.47396  -59.99694    35.0703    35.0707    10.4710    10.4809    26.9255    26.9240    4.55064    4.38849         15 0.0000e+00
      25167   1048.580    185.000    10.5100   3.872594    10.5316   3.874903      97.56     0.0206     2.4356     2.1154  36.870529  10.697902   43.47396  -59.99694    35.0720    35.0745    10.4878    10.5094    26.9238    26.9220    4.56974    4.40179         18 0.0000e+00
      25190   1049.560    184.000    10.5186   3.873581    10.5508   3.876901      98.63     0.0165     2.4445     2.1250  36.803303  10.680086   43.47396  -59.99694    35.0741    35.0767    10.4965    10.5287    26.9239    26.9203    4.59132    4.43390         31 0.0000e+00
      25231   1051.229    183.000    10.5207   3.873853    10.5176   3.873290      80.07     0.0151     2.4586     2.1377  36.611565  10.625576   43.47396  -59.99694    35.0753    35.0726    10.4988    10.4957    26.9245    26.9229    4.61613    4.43661         42 0.0000e+00
      25262   1052.538    182.000    10.5203   3.873840    10.5251   3.874393      99.41     0.0205     2.4674     2.1417  36.381462  10.623273   43.47396  -59.99694    35.0761    35.0770    10.4984    10.5032    26.9251    26.9250    4.62144    4.43789         22 0.0000e+00
      25280   1053.306    181.000    10.5720   3.879152    10.5828   3.880732      79.16     0.0210     2.4708     2.1442  36.388222  10.624231   43.47396  -59.99694    35.0804    35.0860    10.5502    10.5610    26.9194    26.9218    4.61547    4.44183         17 0.0000e+00
      25296   1053.950    180.000    10.6465   3.887743    10.6680   3.890456      70.37     0.0222     2.4727     2.1464  36.282188  10.610111   43.47398  -59.99694    35.0959    35.1025    10.6248    10.6463    26.9182    26.9195    4.61408    4.44835         15 0.0000e+00
      25311   1054.583    179.000    10.7425   3.898306    10.7792   3.902698      98.60     0.0222     2.4760     2.1505  36.197880  10.599521   43.47398  -59.99694    35.1105    35.1193    10.7207    10.7574    26.9124    26.9127    4.62134    4.45604         15 0.0000e+00
      25328   1055.297    178.000    10.8051   3.905120    10.8687   3.912254      98.63     0.0232     2.4813     2.1550  36.198521  10.599511   43.47398  -59.99694    35.1193    35.1298    10.7834    10.8470    26.9081    26.9049    4.63582    4.45308         20 0.0000e+00
      25353   1056.323    177.000    10.8608   3.911149    10.8958   3.914782      76.31     0.0217     2.4895     2.1585  35.976616  10.638519   43.47398  -59.99694    35.1268    35.1297    10.8391    10.8740    26.9039    26.8999    4.65022    4.44677         32 0.0000e+00
      25391   1057.921    176.000    10.8534   3.910236    10.8229   3.906691      99.80     0.0232     2.4996     2.1645  35.832848  10.700556   43.47398  -59.99692    35.1252    35.1185    10.8319    10.8017    26.9039    26.9042    4.65333    4.46839         38 0.0000e+00
      25420   1059.141    175.000    10.8439   3.909333    10.8457   3.909476      87.49     0.0235     2.5033     2.1693  35.740826  10.723215   43.47398  -59.99692    35.1257    35.1254    10.8225    10.8243    26.9061    26.9055    4.64808    4.46877         22 0.0000e+00
      25439   1059.909    174.000    10.8839   3.913130    10.8893   3.913596      64.76     0.0179     2.5041     2.1697  35.685902  10.189999   43.47398  -59.99692    35.1259    35.1254    10.8626    10.8679    26.8990    26.8976    4.64102    4.45841         16 0.0000e+00
      25455   1060.570    173.000    10.8732   3.911635    10.8658   3.910302      99.00     0.0182     2.5051     2.1705  35.625683  10.227433   43.47398  -59.99692    35.1216    35.1154    10.8520    10.8446    26.8975    26.8940    4.64712    4.46853         16 0.0000e+00
      25470   1061.210    172.000    10.8522   3.908960    10.8476   3.908135      98.63     0.0217     2.5067     2.1728  35.626373  10.255575   43.47398  -59.99692    35.1151    35.1115    10.8314    10.8265    26.8962    26.8943    4.65766    4.47870         16 0.0000e+00
      25487   1061.914    171.000    10.8456   3.908015    10.8506   3.908428      98.63     0.0229     2.5088     2.1741  35.527996  10.251294   43.47398  -59.99692    35.1126    35.1120    10.8247    10.8297    26.8955    26.8941    4.66848    4.48096         18 0.0000e+00
      25508   1062.783    170.000    10.8524   3.908649    10.8612   3.909475      66.95     0.0223     2.5123     2.1766  35.438896  10.266456   43.47398  -59.99692    35.1130    35.1128    10.8316    10.8404    26.8945    26.8928    4.67545    4.49707         24 0.0000e+00
      25535   1063.922    169.000    10.8569   3.909077    10.8636   3.909603      98.17     0.0225     2.5168     2.1833  35.354996  10.279593   43.47398  -59.99692    35.1134    35.1122    10.8363    10.8429    26.8940    26.8919    4.69303    4.53312         30 0.0000e+00
      25564   1065.138    168.000    10.8571   3.909040    10.8601   3.909081      83.83     0.0221     2.5235     2.1926  35.276039  10.331278   43.47398  -59.99692    35.1133    35.1108    10.8365    10.8396    26.8939    26.8914    4.71449    4.55399         27 0.0000e+00
      25590   1066.198    167.000    10.8593   3.909088    10.8622   3.908990      81.80     0.0186     2.5303     2.1983  35.187145  10.304996   43.47398  -59.99692    35.1121    35.1084    10.8389    10.8418    26.8925    26.8891    4.72638    4.55499         24 0.0000e+00
      25614   1067.189    166.000    10.8635   3.909170    10.8666   3.909144      98.66     0.0164     2.5350     2.2018  35.158676  10.346025   43.47400  -59.99692    35.1093    35.1061    10.8432    10.8463    26.8896    26.8865    4.72472    4.55566         24 0.0000e+00
      25637   1068.166    165.000    10.8651   3.909121    10.8661   3.908884      83.41     0.0174     2.5378     2.2046  35.098278  10.312001   43.47400  -59.99692    35.1077    35.1044    10.8450    10.8460    26.8880    26.8852    4.72657    4.56348         23 0.0000e+00
      25659   1069.088    164.000    10.8657   3.908991    10.8675   3.908931      76.67     0.0180     2.5405     2.2078  35.082066  10.349002   43.47400  -59.99692    35.1064    35.1040    10.8456    10.8474    26.8868    26.8847    4.73593    4.57574         21 0.0000e+00
      25679   1069.911    163.000    10.8708   3.909431    10.8846   3.910853      98.47     0.0187     2.5439     2.2115  35.033699  10.281248   43.47400  -59.99691    35.1063    35.1074    10.8509    10.8646    26.8858    26.8842    4.75710    4.60604         19 0.0000e+00
      25697   1070.672    162.000    10.8972   3.912108    10.9498   3.918306      98.63     0.0197     2.5499     2.2192  34.989117  10.281493   43.47400  -59.99690    35.1083    35.1200    10.8773    10.9298    26.8826    26.8823    4.79142    4.64895         18 0.0000e+00
      25716   1071.450    161.000    10.9585   3.918872    11.0623   3.931015      66.78     0.0194     2.5592     2.2296  34.988621  10.309767   43.47400  -59.99690    35.1178    35.1399    10.9387    11.0423    26.8789    26.8773    4.82846    4.67774         19 0.0000e+00
      25738   1072.366    160.000    11.0919   3.933696    11.1710   3.942858      89.76     0.0184     2.5734     2.2413  34.934963  10.265829   43.47400  -59.99690    35.1388    35.1545    11.0720    11.1511    26.8710    26.8688    4.85933    4.68919         26 0.0000e+00
      25768   1073.626    159.000    11.1269   3.938117    11.2070   3.945987      98.31     0.0183     2.5927     2.2556  34.905434  10.311162   43.47400  -59.99690    35.1498    35.1526    11.1072    11.1872    26.8732    26.8607    4.88240    4.70833         34 0.0000e+00
      25801   1074.996    158.000    11.1494   3.939908    11.1811   3.942715      67.72     0.0224     2.6074     2.2661  34.847843  10.348536   43.47400  -59.99690    35.1466    35.1442    11.1298    11.1615    26.8666    26.8589    4.88712    4.71155         28 0.0000e+00
      25824   1075.950    157.000    11.1680   3.940912    11.1425   3.937236      99.64     0.0245     2.6144     2.2722  34.797966  10.363039   43.47400  -59.99690    35.1393    35.1270    11.1484    11.1230    26.8575    26.8526    4.89934    4.73142         19 0.0000e+00
      25841   1076.679    156.000    11.1275   3.935854    11.1193   3.934454      98.63     0.0220     2.6211     2.2778  34.746395  10.452136   43.47400  -59.99690    35.1281    35.1220    11.1081    11.0999    26.8561    26.8529    4.92445    4.75704         17 0.0000e+00
      25857   1077.336    155.000    11.1555   3.938515    11.1920   3.943277      74.17     0.0187     2.6274     2.2834  34.747253  10.532796   43.47400  -59.99690    35.1283    35.1408    11.1362    11.1727    26.8512    26.8542    4.93812    4.77375         15 0.0000e+00
      25873   1078.002    154.000    11.2377   3.947258    11.2745   3.952318      70.30     0.0157     2.6339     2.2900  34.684181  10.576059   43.47400  -59.99690    35.1373    35.1525    11.2185    11.2553    26.8431    26.8481    4.94837    4.77991         17 0.0000e+00
      25891   1078.757    153.000    11.2778   3.952359    11.3265   3.957999      98.12     0.0171     2.6424     2.2961  34.642532  10.661900   43.47400  -59.99690    35.1502    35.1598    11.2586    11.3073    26.8457    26.8442    4.96587    4.78905         20 0.0000e+00
      25916   1079.775    152.000    11.2921   3.953955    11.3639   3.962222      95.37     0.0196     2.6536     2.3056  34.583836  10.677776   43.47400  -59.99689    35.1529    35.1665    11.2730    11.3448    26.8452    26.8425    4.98334    4.81708         30 0.0000e+00
      25949   1081.167    151.000    11.3107   3.956175    11.3583   3.960893      76.05     0.0195     2.6650     2.3175  34.496811  10.739250   43.47400  -59.99688    35.1576    35.1591    11.2918    11.3393    26.8454    26.8377    4.99091    4.83621         34 0.0000e+00
      25978   1082.369    150.000    11.3449   3.959557    11.3643   3.962569      98.91     0.0172     2.6744     2.3266  34.401726  10.905630   43.47402  -59.99688    35.1590    35.1705    11.3261    11.3454    26.8401    26.8454    5.01152    4.84474         24 0.0000e+00
      25999   1083.250    149.000    11.4613   3.972835    11.4928   3.977176      78.85     0.0195     2.6808     2.3299  34.400230  11.031436   43.47402  -59.99688    35.1802    35.1931    11.4425    11.4739    26.8350    26.8392    5.00982    4.82718         19 0.0000e+00
      26018   1084.028    148.000    11.5368   3.981485    11.5591   3.984339      71.02     0.0183     2.6867     2.3329  34.310940  11.210577   43.47402  -59.99688    35.1943    35.2013    11.5180    11.5402    26.8319    26.8332    5.01356    4.81725         18 0.0000e+00
      26036   1084.797    147.000    11.5749   3.985735    11.5902   3.987396      98.80     0.0181     2.6919     2.3332  34.263435  11.224764   43.47402  -59.99688    35.2005    35.2023    11.5562    11.5715    26.8296    26.8281    5.01097    4.79902         19 0.0000e+00
      26056   1085.638    146.000    11.5870   3.986876    11.6031   3.988261      98.63     0.0177     2.6953     2.3322  34.231396  11.241825   43.47402  -59.99688    35.2008    35.1991    11.5682    11.5844    26.8276    26.8232    4.99384    4.78113         22 0.0000e+00
      26080   1086.615    145.000    11.6003   3.988095    11.6230   3.990149      63.67     0.0160     2.6942     2.3281  34.120174  11.311820   43.47402  -59.99688    35.2006    35.1992    11.5818    11.6045    26.8248    26.8195    4.97412    4.75712         25 0.0000e+00
      26107   1087.759    144.000    11.6160   3.989388    11.6419   3.991975      98.92     0.0161     2.6930     2.3226  34.068325  11.343804   43.47402  -59.99688    35.1988    35.1997    11.5976    11.6235    26.8205    26.8164    4.96862    4.74496         29 0.0000e+00
      26135   1088.916    143.000    11.6352   3.991243    11.6536   3.993066      94.46     0.0161     2.6904     2.3201  33.984467  11.401482   43.47402  -59.99687    35.1993    35.1998    11.6169    11.6353    26.8173    26.8142    4.93834    4.75394         26 0.0000e+00
      26158   1089.882    142.000    11.6454   3.992294    11.6643   3.994051      60.80     0.0201     2.6827     2.3201  33.933319  11.422986   43.47402  -59.99686    35.2004    35.1997    11.6272    11.6462    26.8162    26.8121    4.90042    4.75320         21 0.0000e+00
      26178   1090.698    141.000    11.6615   3.993760    11.6685   3.994301      99.11     0.0219     2.6760     2.3194  33.869762  11.381513   43.47402  -59.99686    35.2000    35.1987    11.6434    11.6505    26.8128    26.8104    4.89224    4.75454         18 0.0000e+00
      26196   1091.467    140.000    11.6500   3.992117    11.6295   3.989168      98.63     0.0199     2.6718     2.3209  33.868885  11.140333   43.47402  -59.99686    35.1952    35.1841    11.6321    11.6116    26.8112    26.8064    4.91842    4.76820         19 0.0000e+00
      26215   1092.269    139.000    11.5873   3.984201    11.4631   3.967586      76.36     0.0180     2.6753     2.3227  33.777534  11.146511   43.47402  -59.99686    35.1771    35.1310    11.5696    11.4455    26.8088    26.7961    4.98010    4.79112         20 0.0000e+00
      26237   1093.180    138.000    11.4069   3.963761    11.1417   3.927632      79.40     0.0170     2.6854     2.3282  33.769905  11.194547   43.47402  -59.99686    35.1470    35.0406    11.3895    11.1246    26.8190    26.7849    5.04932    4.84398         24 0.0000e+00
