data/CTD/2014/CNV/u017a033.cnv
* Sea-Bird SBE 9 Data File:
* FileName = C:\CTD_ACQUISITION\2014017HUD\ctddata\017A033.hdr
* Software Version Seasave V 7.22.2
* Temperature SN = 5081
* Conductivity SN = 3561
* Number of Bytes Per Scan = 37
* Number of Voltage Words = 4
* Number of Scans Averaged by the Deck Unit = 1
* NMEA Latitude = 48 32.64 N
* NMEA Longitude = 046 46.27 W
* NMEA UTC (Time) = Jul 09 2014 10:04:54
* NMEA baud rate = 9600
** Ship: Hudson
** Cruise: HUD2014017
** Chief_Scientist: Blair Greenan
** Organization: BIO
** Area_of_Operation: Sackville Spur
** Station: 033
** Sounding:  2397
** Event_Comments: SS-06 403185
# nquan = 25
# nvalues = 2469                        
# units = specified
# name 0 = scan: Scan Count
# name 1 = timeS: Time, Elapsed [seconds]
# name 2 = prDM: Pressure, Digiquartz [db]
# name 3 = t068C: Temperature [ITS-68, deg C]
# name 4 = c0S/m: Conductivity [S/m]
# name 5 = t168C: Temperature, 2 [ITS-68, deg C]
# name 6 = c1S/m: Conductivity, 2 [S/m]
# name 7 = altM: Altimeter [m]
# name 8 = flC: Fluorescence, Chelsea Aqua 3 Chl Con [ug/l]
# name 9 = sbeox0V: Oxygen raw, SBE 43 [V]
# name 10 = sbeox1V: Oxygen raw, SBE 43, 2 [V]
# name 11 = upoly0: Upoly 0, Optode 4330F - O2 D-Phase
# name 12 = upoly1: Upoly 1, Optode 4330F - O2 Temp
# name 13 = latitude: Latitude [deg]
# name 14 = longitude: Longitude [deg]
# name 15 = sal00: Salinity, Practical [PSU]
# name 16 = sal11: Salinity, Practical, 2 [PSU]
# name 17 = potemp068C: Potential Temperature [ITS-68, deg C]
# name 18 = potemp168C: Potential Temperature, 2 [ITS-68, deg C]
# name 19 = sigma-é00: Density [sigma-theta, Kg/m^3]
# name 20 = sigma-é11: Density, 2 [sigma-theta, Kg/m^3]
# name 21 = sbeox0ML/L: Oxygen, SBE 43 [ml/l], WS = 2
# name 22 = sbeox1ML/L: Oxygen, SBE 43, 2 [ml/l], WS = 2
# name 23 = nbin: number of scans per bin
# name 24 = flag: flag
# span 0 =      71662,     147754       
# span 1 =   2985.877,   6156.356       
# span 2 =      1.000,   2469.000       
# span 3 =     2.3769,     9.0358       
# span 4 =   3.144827,   3.606483       
# span 5 =     2.3763,     9.0357       
# span 6 =   3.144822,   3.606462       
# span 7 =      -3.54,     102.98       
# span 8 =     0.0056,     0.3785       
# span 9 =     2.2040,     3.5423       
# span 10 =     1.9502,     3.1332      
# span 11 =  29.948317,  35.568130      
# span 12 =  2.3752520,  9.0752583      
# span 13 =   48.54084,   48.54418      
# span 14 =  -46.75872,  -46.74688      
# span 15 =    33.8327,    34.9162      
# span 16 =    33.8325,    34.9164      
# span 17 =     2.1918,     9.0357      
# span 18 =     2.1913,     9.0356      
# span 19 =    26.1988,    27.8783      
# span 20 =    26.1986,    27.8787      
# span 21 =    6.30108,    7.78427      
# span 22 =    6.23673,    7.82227      
# span 23 =          9,         91      
# span 24 = 0.0000e+00, 0.0000e+00      
# interval = decibars: 1                
# start_time = Jul 09 2014 10:04:54 [NMEA time, header]
# bad_flag = -9.990e-29
*END*
[from data line 1102]
     101185   4216.015   1367.000     3.5675   3.269991     3.5688   3.270139      98.63     0.0166     2.4715     2.1728  34.811523  3.5643299   48.54244  -46.75368    34.9159    34.9162     3.4639     3.4652    27.7738    27.7739    6.31342    6.24847         18 0.0000e+00
     101204   4216.781   1366.000     3.5690   3.270081     3.5701   3.270205      59.86     0.0165     2.4724     2.1735  34.812786  3.5634723   48.54244  -46.75367    34.9159    34.9162     3.4654     3.4665    27.7736    27.7738    6.32004    6.25226         19 0.0000e+00
     101223   4217.601   1365.000     3.5702   3.270151     3.5720   3.270338      62.60     0.0149     2.4730     2.1736  34.812840  3.5664535   48.54243  -46.75366    34.9159    34.9162     3.4668     3.4685    27.7735    27.7736    6.31610    6.25180         21 0.0000e+00
     101249   4218.681   1364.000     3.5722   3.270289     3.5733   3.270398      97.05     0.0170     2.4736     2.1739  34.814922  3.5665445   48.54242  -46.75366    34.9159    34.9161     3.4688     3.4698    27.7734    27.7734    6.31642    6.24872         32 0.0000e+00
     101287   4220.268   1363.000     3.5713   3.270159     3.5728   3.270305      58.23     0.0143     2.4739     2.1746  34.809010  3.5665445   48.54242  -46.75366    34.9158    34.9159     3.4680     3.4695    27.7734    27.7733    6.31260    6.25436         39 0.0000e+00
     101318   4221.537   1362.000     3.5714   3.270105     3.5728   3.270250      99.73     0.0159     2.4743     2.1750  34.807732  3.5665445   48.54242  -46.75366    34.9156    34.9159     3.4682     3.4695    27.7732    27.7732    6.31037    6.25364         23 0.0000e+00
     101338   4222.369   1361.000     3.5747   3.270351     3.5751   3.270432      98.63     0.0153     2.4745     2.1753  34.805832  3.5665445   48.54240  -46.75366    34.9156    34.9161     3.4715     3.4719    27.7728    27.7732    6.31006    6.25632         18 0.0000e+00
     101355   4223.089   1360.000     3.5766   3.270505     3.5772   3.270576      22.06     0.0159     2.4744     2.1758  34.805862  3.5665445   48.54240  -46.75366    34.9158    34.9161     3.4735     3.4741    27.7728    27.7730    6.31025    6.25414         17 0.0000e+00
     101371   4223.767   1359.000     3.5782   3.270616     3.5788   3.270684      83.43     0.0146     2.4743     2.1758  34.805862  3.5671513   48.54240  -46.75365    34.9160    34.9161     3.4751     3.4758    27.7728    27.7728    6.31366    6.25217         16 0.0000e+00
     101388   4224.468   1358.000     3.5790   3.270645     3.5795   3.270696      98.40     0.0146     2.4752     2.1762  34.805862  3.5692246   48.54240  -46.75364    34.9160    34.9161     3.4761     3.4765    27.7727    27.7727    6.31390    6.25226         18 0.0000e+00
     101407   4225.270   1357.000     3.5798   3.270686     3.5797   3.270673      98.63     0.0112     2.4754     2.1763  34.805862  3.5715961   48.54240  -46.75364    34.9161    34.9161     3.4770     3.4768    27.7727    27.7727    6.31146    6.25467         21 0.0000e+00
     101432   4226.304   1356.000     3.5804   3.270683     3.5798   3.270647      46.97     0.0107     2.4754     2.1770  34.805862  3.5761814   48.54240  -46.75364    34.9159    34.9162     3.4776     3.4770    27.7725    27.7727    6.30814    6.25649         29 0.0000e+00
     101463   4227.583   1355.000     3.5800   3.270608     3.5807   3.270677      81.06     0.0139     2.4756     2.1774  34.805862  3.5759816   48.54238  -46.75363    34.9160    34.9161     3.4773     3.4779    27.7725    27.7726    6.30985    6.25682         30 0.0000e+00
     101492   4228.784   1354.000     3.5804   3.270599     3.5820   3.270748      51.59     0.0148     2.4759     2.1779  34.805332  3.5763161   48.54238  -46.75362    34.9160    34.9161     3.4777     3.4793    27.7725    27.7725    6.30833    6.25376         28 0.0000e+00
     101520   4229.948   1353.000     3.5807   3.270593     3.5838   3.270873      83.76     0.0152     2.4759     2.1780  34.805859  3.5763125   48.54238  -46.75362    34.9161    34.9161     3.4781     3.4812    27.7726    27.7723    6.31167    6.25566         29 0.0000e+00
     101548   4231.132   1352.000     3.5833   3.270762     3.5850   3.270930      98.72     0.0170     2.4768     2.1784  34.805317  3.5766764   48.54238  -46.75362    34.9159    34.9160     3.4808     3.4825    27.7721    27.7721    6.30738    6.25064         27 0.0000e+00
     101573   4232.156   1351.000     3.5844   3.270828     3.5862   3.270998      26.48     0.0172     2.4763     2.1781  34.800488  3.5781024   48.54236  -46.75362    34.9159    34.9160     3.4820     3.4838    27.7720    27.7720    6.30540    6.24861         22 0.0000e+00
     101593   4232.993   1350.000     3.5877   3.271050     3.5877   3.271093      98.23     0.0151     2.4768     2.1784  34.796638  3.5778568   48.54236  -46.75362    34.9156    34.9161     3.4853     3.4853    27.7715    27.7719    6.31632    6.24785         19 0.0000e+00
     101611   4233.744   1349.000     3.5894   3.271166     3.5892   3.271182      98.63     0.0152     2.4775     2.1780  34.799805  3.5848780   48.54236  -46.75362    34.9157    34.9161     3.4871     3.4869    27.7714    27.7717    6.31196    6.24013         17 0.0000e+00
     101629   4234.486   1348.000     3.5900   3.271194     3.5902   3.271226      91.40     0.0163     2.4775     2.1777  34.801208  3.5860591   48.54236  -46.75362    34.9159    34.9160     3.4877     3.4880    27.7715    27.7716    6.31331    6.24199         19 0.0000e+00
     101649   4235.348   1347.000     3.5907   3.271222     3.5915   3.271308      11.81     0.0123     2.4782     2.1779  34.802013  3.5860806   48.54236  -46.75360    34.9159    34.9161     3.4886     3.4927    27.7714    27.7715    6.31355    6.24581         23 0.0000e+00
     101677   4236.499   1346.000     3.5920   3.271283     3.5933   3.271414      77.99     0.0136     2.4786     2.1781  34.805340  3.5860806   48.54235  -46.75360    34.9159    34.9161     3.4899     3.4961    27.7712    27.7713    6.31221    6.25135         32 0.0000e+00
     101710   4237.864   1345.000     3.5937   3.271369     3.5937   3.271390      51.73     0.0181     2.4789     2.1792  34.794750  3.5860806   48.54234  -46.75360    34.9156    34.9158     3.4917     3.4916    27.7708    27.7710    6.31147    6.25685         31 0.0000e+00
     101738   4239.038   1344.000     3.5937   3.271332     3.5947   3.271437      87.38     0.0153     2.4795     2.1796  34.794014  3.5860806   48.54234  -46.75360    34.9156    34.9158     3.4918     3.4928    27.7708    27.7709    6.31162    6.24788         26 0.0000e+00
     101761   4239.989   1343.000     3.5958   3.271467     3.5973   3.271628      98.76     0.0160     2.4794     2.1797  34.805984  3.5870676   48.54234  -46.75358    34.9155    34.9158     3.4939     3.4955    27.7706    27.7706    6.31445    6.24966         20 0.0000e+00
     101780   4240.778   1342.000     3.5992   3.271710     3.5990   3.271734      59.14     0.0159     2.4806     2.1799  34.805862  3.5860717   48.54234  -46.75358    34.9153    34.9158     3.4974     3.4972    27.7700    27.7704    6.31431    6.24971         18 0.0000e+00
     101797   4241.490   1341.000     3.6002   3.271772     3.6000   3.271770      45.58     0.0179     2.4801     2.1800  34.798206  3.5911841   48.54234  -46.75358    34.9155    34.9157     3.4985     3.4983    27.7701    27.7703    6.30966    6.25533         17 0.0000e+00
     101814   4242.196   1340.000     3.6007   3.271767     3.6003   3.271758      97.70     0.0184     2.4810     2.1807  34.791332  3.5957685   48.54232  -46.75358    34.9154    34.9157     3.4991     3.4987    27.7700    27.7702    6.31284    6.26127         17 0.0000e+00
     101833   4243.000   1339.000     3.6010   3.271758     3.6004   3.271709      98.63     0.0186     2.4805     2.1815  34.791210  3.5958486   48.54232  -46.75358    34.9154    34.9156     3.4995     3.4988    27.7699    27.7701    6.30697    6.26120         22 0.0000e+00
     101871   4244.566   1338.000     3.6007   3.271694     3.6002   3.271646      69.30     0.0179     2.4809     2.1825  34.791210  3.5958486   48.54232  -46.75358    34.9155    34.9155     3.4993     3.4987    27.7700    27.7701    6.30886    6.26086         54 0.0000e+00
     101911   4246.240   1337.000     3.6004   3.271613     3.5997   3.271560      81.54     0.0143     2.4811     2.1834  34.791210  3.5958486   48.54232  -46.75358    34.9153    34.9155     3.4990     3.4983    27.7699    27.7701    6.31073    6.25679         21 0.0000e+00
     101927   4246.921   1336.000     3.6009   3.271598     3.6001   3.271560      20.39     0.0129     2.4816     2.1832  34.791210  3.5958486   48.54232  -46.75358    34.9152    34.9156     3.4996     3.4988    27.7698    27.7701    6.30602    6.25415         15 0.0000e+00
     101942   4247.524   1335.000     3.6018   3.271638     3.6011   3.271619      46.40     0.0138     2.4812     2.1834  34.791210  3.5958486   48.54232  -46.75358    34.9152    34.9157     3.5006     3.4999    27.7696    27.7701    6.30643    6.25606         14 0.0000e+00
     101956   4248.127   1334.000     3.6028   3.271690     3.6027   3.271704      98.84     0.0169     2.4820     2.1835  34.791210  3.5958486   48.54230  -46.75358    34.9153    34.9156     3.5016     3.5015    27.7696    27.7699    6.31371    6.25684         15 0.0000e+00
     101972   4248.774   1333.000     3.6037   3.271731     3.6037   3.271742      98.63     0.0144     2.4817     2.1838  34.791210  3.5958486   48.54230  -46.75358    34.9153    34.9154     3.5026     3.5026    27.7696    27.7696    6.31302    6.26090         17 0.0000e+00
     101991   4249.583   1332.000     3.6042   3.271733     3.6041   3.271734      72.72     0.0130     2.4826     2.1843  34.791210  3.5958486   48.54230  -46.75357    34.9153    34.9154     3.5032     3.5031    27.7694    27.7696    6.31778    6.26062         23 0.0000e+00
     102025   4250.987   1331.000     3.6039   3.271670     3.6035   3.271637      75.70     0.0176     2.4831     2.1847  34.790585  3.5973096   48.54230  -46.75356    34.9153    34.9154     3.5031     3.5026    27.7695    27.7696    6.30892    6.25709         45 0.0000e+00
     102067   4252.763   1330.000     3.6029   3.271539     3.6022   3.271475      58.27     0.0144     2.4836     2.1851  34.791233  3.6030056   48.54230  -46.75356    34.9153    34.9154     3.5021     3.5014    27.7696    27.7697    6.31345    6.26003         35 0.0000e+00
     102096   4253.976   1329.000     3.6033   3.271511     3.6026   3.271465      52.42     0.0174     2.4840     2.1855  34.772949  3.5964689   48.54230  -46.75356    34.9151    34.9153     3.5026     3.5019    27.7694    27.7696    6.31041    6.25744         24 0.0000e+00
     102117   4254.852   1328.000     3.6044   3.271565     3.6037   3.271522      63.78     0.0132     2.4837     2.1856  34.771896  3.5963564   48.54229  -46.75356    34.9151    34.9153     3.5038     3.5030    27.7693    27.7695    6.30443    6.25255         19 0.0000e+00
     102134   4255.562   1327.000     3.6050   3.271577     3.6042   3.271523      89.18     0.0154     2.4837     2.1853  34.774723  3.6013393   48.54228  -46.75356    34.9151    34.9153     3.5044     3.5036    27.7692    27.7695    6.30761    6.24911         16 0.0000e+00
     102150   4256.195   1326.000     3.6051   3.271540     3.6043   3.271492       4.25     0.0143     2.4840     2.1850  34.774609  3.6055281   48.54228  -46.75356    34.9151    34.9153     3.5046     3.5038    27.7692    27.7694    6.31103    6.25360         15 0.0000e+00
     102164   4256.807   1325.000     3.6053   3.271520     3.6048   3.271492      92.05     0.0150     2.4841     2.1856  34.772392  3.6042330   48.54228  -46.75355    34.9151    34.9153     3.5049     3.5044    27.7692    27.7694    6.31466    6.25714         14 0.0000e+00
     102179   4257.435   1324.000     3.6054   3.271497     3.6058   3.271536      86.39     0.0151     2.4852     2.1855  34.772892  3.6043947   48.54228  -46.75354    34.9152    34.9153     3.5051     3.5055    27.7692    27.7692    6.31681    6.25619         16 0.0000e+00
     102196   4258.131   1323.000     3.6061   3.271510     3.6065   3.271560      98.37     0.0138     2.4851     2.1859  34.771698  3.6050601   48.54228  -46.75354    34.9151    34.9153     3.5059     3.5063    27.7691    27.7691    6.30780    6.25766         18 0.0000e+00
     102224   4259.275   1322.000     3.6065   3.271511     3.6065   3.271517      55.16     0.0158     2.4854     2.1862  34.772575  3.6053245   48.54228  -46.75354    34.9152    34.9153     3.5064     3.5063    27.7691    27.7692    6.31084    6.25437         38 0.0000e+00
     102314   4263.042   1321.000     3.6053   3.271329     3.6045   3.271294      81.86     0.0152     2.4861     2.1868  34.772125  3.6056340   48.54228  -46.75354    34.9148    34.9152     3.5053     3.5045    27.7689    27.7693    6.30952    6.25968         20 0.0000e+00
     102325   4263.493   1320.000     3.6061   3.271350     3.6047   3.271279      99.01     0.0168     2.4860     2.1866  34.779137  3.6022947   48.54228  -46.75354    34.9147    34.9154     3.5061     3.5047    27.7687    27.7694    6.30847    6.25544         12 0.0000e+00
     102337   4263.987   1319.000     3.6070   3.271397     3.6056   3.271315      98.63     0.0167     2.4868     2.1869  34.791409  3.5982244   48.54228  -46.75354    34.9148    34.9154     3.5071     3.5057    27.7687    27.7693    6.31700    6.25514         12 0.0000e+00
     102348   4264.454   1318.000     3.6079   3.271440     3.6072   3.271410      98.63     0.0175     2.4859     2.1871  34.791210  3.5976312   48.54228  -46.75354    34.9150    34.9153     3.5080     3.5073    27.7687    27.7691    6.30838    6.25357         11 0.0000e+00
     102359   4264.919   1317.000     3.6086   3.271468     3.6082   3.271455      30.61     0.0178     2.4869     2.1871  34.791210  3.6020863   48.54228  -46.75354    34.9150    34.9153     3.5088     3.5085    27.7687    27.7689    6.31443    6.25221         11 0.0000e+00
     102371   4265.410   1316.000     3.6090   3.271463     3.6088   3.271466      24.15     0.0173     2.4869     2.1869  34.777855  3.6011202   48.54228  -46.75354    34.9150    34.9152     3.5093     3.5092    27.7686    27.7688    6.31004    6.24999         13 0.0000e+00
     102385   4265.980   1315.000     3.6093   3.271459     3.6093   3.271474      96.09     0.0173     2.4871     2.1871  34.765278  3.6054611   48.54228  -46.75354    34.9151    34.9153     3.5098     3.5098    27.7687    27.7688    6.30993    6.25047         15 0.0000e+00
     102420   4267.440   1314.000     3.6094   3.271423     3.6091   3.271410      98.64     0.0169     2.4877     2.1876  34.765118  3.6054294   48.54227  -46.75354    34.9152    34.9153     3.5099     3.5096    27.7687    27.7688    6.31346    6.25510         45 0.0000e+00
     102490   4270.389   1313.000     3.6104   3.271442     3.6090   3.271342      98.63     0.0134     2.4884     2.1891  34.772602  3.6023877   48.54226  -46.75352    34.9149    34.9151     3.5109     3.5096    27.7684    27.7687    6.30695    6.25433         26 0.0000e+00
     102507   4271.086   1312.000     3.6090   3.271271     3.6082   3.271228      98.64     0.0131     2.4883     2.1889  34.769657  3.6038964   48.54226  -46.75352    34.9148    34.9151     3.5097     3.5089    27.7684    27.7688    6.31499    6.25375         17 0.0000e+00
     102522   4271.723   1311.000     3.6100   3.271311     3.6084   3.271212      98.63     0.0146     2.4893     2.1888  34.761974  3.6056011   48.54226  -46.75352    34.9147    34.9154     3.5107     3.5199    27.7683    27.7690    6.32236    6.25741         14 0.0000e+00
