data/CTD/2014/CNV/u017a025.cnv
* Sea-Bird SBE 9 Data File:
* FileName = C:\CTD_ACQUISITION\2014017HUD\ctddata\017A025.hdr
* Software Version Seasave V 7.22.2
* Temperature SN = 5081
* Conductivity SN = 3561
* Number of Bytes Per Scan = 37
* Number of Voltage Words = 4
* Number of Scans Averaged by the Deck Unit = 1
* NMEA Latitude = 48 58.39 N
* NMEA Longitude = 045 52.48 W
* NMEA UTC (Time) = Jul 06 2014 19:01:08
* NMEA baud rate = 9600
** Ship: Hudson 8
** Cruise: HUD2014017
** Chief_Scientist: Blair Greenan
** Organization: BIO
** Area_of_Operation: Sackville Spur
** Station: 025
** Sounding:  2478
** Event_Comments: SS-29 403142
# nquan = 25
# nvalues = 2571                        
# units = specified
# name 0 = scan: Scan Count
# name 1 = timeS: Time, Elapsed [seconds]
# name 2 = prDM: Pressure, Digiquartz [db]
# name 3 = t068C: Temperature [ITS-68, deg C]
# name 4 = c0S/m: Conductivity [S/m]
# name 5 = t168C: Temperature, 2 [ITS-68, deg C]
# name 6 = c1S/m: Conductivity, 2 [S/m]
# name 7 = altM: Altimeter [m]
# name 8 = flC: Fluorescence, Chelsea Aqua 3 Chl Con [ug/l]
# name 9 = sbeox0V: Oxygen raw, SBE 43 [V]
# name 10 = sbeox1V: Oxygen raw, SBE 43, 2 [V]
# name 11 = upoly0: Upoly 0, Optode 4330F - O2 D-Phase
# name 12 = upoly1: Upoly 1, Optode 4330F - O2 Temp
# name 13 = latitude: Latitude [deg]
# name 14 = longitude: Longitude [deg]
# name 15 = sal00: Salinity, Practical [PSU]
# name 16 = sal11: Salinity, Practical, 2 [PSU]
# name 17 = potemp068C: Potential Temperature [ITS-68, deg C]
# name 18 = potemp168C: Potential Temperature, 2 [ITS-68, deg C]
# name 19 = sigma-é00: Density [sigma-theta, Kg/m^3]
# name 20 = sigma-é11: Density, 2 [sigma-theta, Kg/m^3]
# name 21 = sbeox0ML/L: Oxygen, SBE 43 [ml/l], WS = 2
# name 22 = sbeox1ML/L: Oxygen, SBE 43, 2 [ml/l], WS = 2
# name 23 = nbin: number of scans per bin
# name 24 = flag: flag
# span 0 =      75205,     138617       
# span 1 =   3133.500,   5775.685       
# span 2 =      1.000,   2571.000       
# span 3 =     2.4692,     8.1511       
# span 4 =   3.103441,   3.509338       
# span 5 =     2.4682,     8.1496       
# span 6 =   3.103485,   3.509165       
# span 7 =       1.43,     102.26       
# span 8 =     0.0060,     0.4302       
# span 9 =     2.1833,     3.5937       
# span 10 =     1.9333,     3.1638      
# span 11 =  30.121141,  35.569786      
# span 12 =  2.4627595,  8.0631676      
# span 13 =   48.97782,   48.98305      
# span 14 =  -45.87368,  -45.87154      
# span 15 =    33.6553,    34.9171      
# span 16 =    33.6551,    34.9166      
# span 17 =     2.2752,     8.1509      
# span 18 =     2.2743,     8.1495      
# span 19 =    26.1958,    27.8731      
# span 20 =    26.1960,    27.8728      
# span 21 =    6.27835,    8.22438      
# span 22 =    6.21588,    8.39773      
# span 23 =         11,         86      
# span 24 = 0.0000e+00, 0.0000e+00      
# interval = decibars: 1                
# start_time = Jul 06 2014 19:01:08 [NMEA time, header]
# bad_flag = -9.990e-29
*END*
[from data line 2261]
     127264   5302.605    310.000     3.6942   3.226296     3.6962   3.226406      84.79     0.0148     2.9100     2.5589  33.516140  3.7081053   48.98230  -45.87196    34.8107    34.8099     3.6730     3.6749    27.6692    27.6684    6.70999    6.70326         26 0.0000e+00
     127287   5303.579    309.000     3.6964   3.226429     3.6977   3.226516      56.68     0.0163     2.9105     2.5590  33.516483  3.7036662   48.98230  -45.87196    34.8105    34.8101     3.6752     3.6765    27.6688    27.6684    6.70825    6.69572         22 0.0000e+00
     127307   5304.404    308.000     3.6987   3.226599     3.6988   3.226569      90.22     0.0162     2.9108     2.5591  33.516483  3.7038097   48.98230  -45.87196    34.8106    34.8101     3.6776     3.6777    27.6686    27.6683    6.71142    6.69624         19 0.0000e+00
     127325   5305.183    307.000     3.6998   3.226662     3.7008   3.226704      98.59     0.0159     2.9116     2.5593  33.516483  3.7049186   48.98230  -45.87196    34.8107    34.8102     3.6788     3.6798    27.6686    27.6681    6.71071    6.69888         18 0.0000e+00
     127345   5305.980    306.000     3.7025   3.226853     3.7036   3.226934      98.63     0.0192     2.9116     2.5599  33.516483  3.7042725   48.98230  -45.87194    34.8107    34.8104     3.6815     3.6827    27.6684    27.6680    6.71392    6.70318         20 0.0000e+00
     127365   5306.813    305.000     3.7043   3.226985     3.7058   3.227087      44.75     0.0204     2.9132     2.5607  33.513550  3.7062285   48.98230  -45.87194    34.8108    34.8105     3.6834     3.6849    27.6683    27.6678    6.71364    6.70409         20 0.0000e+00
     127386   5307.701    304.000     3.7057   3.227082     3.7077   3.227196      99.49     0.0181     2.9127     2.5613  33.501656  3.7122660   48.98230  -45.87194    34.8111    34.8104     3.6849     3.6868    27.6683    27.6676    6.70779    6.70640         22 0.0000e+00
     127409   5308.648    303.000     3.7070   3.227131     3.7076   3.227113      98.63     0.0169     2.9136     2.5623  33.501221  3.7126589   48.98230  -45.87194    34.8109    34.8100     3.6862     3.6868    27.6680    27.6673    6.71456    6.70695         24 0.0000e+00
     127433   5309.657    302.000     3.7072   3.227104     3.7061   3.226917      37.72     0.0179     2.9144     2.5630  33.487896  3.7130606   48.98230  -45.87193    34.8109    34.8097     3.6865     3.6854    27.6680    27.6672    6.71958    6.71278         25 0.0000e+00
     127460   5310.775    301.000     3.7065   3.226981     3.7048   3.226713      97.79     0.0171     2.9153     2.5646  33.490173  3.7130647   48.98230  -45.87192    34.8107    34.8093     3.6859     3.6841    27.6679    27.6670    6.71120    6.71444         29 0.0000e+00
     127489   5312.020    300.000     3.7058   3.226856     3.7034   3.226516      87.15     0.0208     2.9156     2.5652  33.490597  3.7130647   48.98230  -45.87192    34.8104    34.8090     3.6853     3.6828    27.6678    27.6669    6.71135    6.70876         30 0.0000e+00
     127520   5313.295    299.000     3.7051   3.226726     3.7033   3.226444      74.20     0.0190     2.9155     2.5655  33.472954  3.7130647   48.98230  -45.87192    34.8102    34.8088     3.6846     3.6828    27.6677    27.6667    6.70944    6.71145         31 0.0000e+00
     127549   5314.489    298.000     3.7042   3.226560     3.7038   3.226438      98.83     0.0169     2.9161     2.5662  33.463432  3.7130647   48.98230  -45.87192    34.8097    34.8087     3.6838     3.6834    27.6673    27.6666    6.71719    6.70909         26 0.0000e+00
     127572   5315.469    297.000     3.7042   3.226472     3.7038   3.226378      62.44     0.0162     2.9168     2.5659  33.458515  3.7149465   48.98232  -45.87190    34.8092    34.8085     3.6838     3.6835    27.6670    27.6664    6.71574    6.70142         21 0.0000e+00
     127592   5316.272    296.000     3.7033   3.226313     3.7026   3.226183      78.53     0.0138     2.9171     2.5656  33.462765  3.7141488   48.98232  -45.87190    34.8087    34.8080     3.6831     3.6823    27.6666    27.6661    6.71359    6.70421         18 0.0000e+00
     127608   5316.971    295.000     3.7031   3.226227     3.7030   3.226158      98.40     0.0123     2.9175     2.5659  33.464268  3.7130773   48.98232  -45.87190    34.8085    34.8078     3.6829     3.6828    27.6665    27.6659    6.71216    6.71026         16 0.0000e+00
     127624   5317.628    294.000     3.7029   3.226158     3.7021   3.225981      98.63     0.0146     2.9173     2.5665  33.466679  3.7130647   48.98232  -45.87190    34.8084    34.8072     3.6828     3.6820    27.6664    27.6655    6.71689    6.70973         15 0.0000e+00
     127640   5318.293    293.000     3.7016   3.225983     3.6999   3.225703      77.82     0.0151     2.9183     2.5664  33.469086  3.7130647   48.98232  -45.87190    34.8082    34.8067     3.6816     3.6799    27.6664    27.6653    6.72283    6.70610         17 0.0000e+00
     127658   5319.031    292.000     3.7004   3.225795     3.6988   3.225557      58.20     0.0136     2.9187     2.5665  33.461079  3.7130647   48.98232  -45.87190    34.8078    34.8067     3.6805     3.6788    27.6661    27.6655    6.71867    6.70745         19 0.0000e+00
     127682   5320.021    291.000     3.6994   3.225628     3.7011   3.225735      77.10     0.0150     2.9190     2.5670  33.458057  3.7130647   48.98232  -45.87190    34.8075    34.8069     3.6794     3.6812    27.6660    27.6654    6.71101    6.70972         31 0.0000e+00
     127722   5321.703    290.000     3.7004   3.225684     3.7016   3.225736      66.63     0.0173     2.9188     2.5677  33.457874  3.7093825   48.98232  -45.87188    34.8075    34.8069     3.6806     3.6818    27.6659    27.6653    6.71204    6.71118         44 0.0000e+00
     127758   5323.217    289.000     3.7017   3.225767     3.7063   3.226134     100.12     0.0157     2.9195     2.5684  33.457874  3.7055607   48.98232  -45.87188    34.8077    34.8072     3.6820     3.6865    27.6659    27.6651    6.71539    6.71142         28 0.0000e+00
     127781   5324.184    288.000     3.7088   3.226375     3.7129   3.226718      84.50     0.0177     2.9191     2.5688  33.457874  3.7056203   48.98232  -45.87188    34.8080    34.8077     3.6891     3.6932    27.6654    27.6648    6.70871    6.71150         21 0.0000e+00
     127800   5324.974    287.000     3.7169   3.227083     3.7185   3.227213      51.06     0.0197     2.9198     2.5691  33.452209  3.7076256   48.98232  -45.87188    34.8084    34.8083     3.6972     3.6988    27.6650    27.6647    6.71507    6.70942         18 0.0000e+00
     127818   5325.717    286.000     3.7209   3.227427     3.7220   3.227490      97.89     0.0168     2.9204     2.5695  33.443359  3.7119119   48.98232  -45.87187    34.8088    34.8084     3.7013     3.7024    27.6649    27.6644    6.71288    6.70816         18 0.0000e+00
     127838   5326.522    285.000     3.7223   3.227532     3.7231   3.227538      98.63     0.0157     2.9206     2.5695  33.443222  3.7121305   48.98232  -45.87186    34.8090    34.8083     3.7028     3.7035    27.6649    27.6643    6.71390    6.70306         21 0.0000e+00
     127862   5327.532    284.000     3.7230   3.227550     3.7241   3.227572      54.74     0.0142     2.9217     2.5692  33.443222  3.7130554   48.98232  -45.87186    34.8091    34.8082     3.7035     3.7046    27.6649    27.6641    6.71718    6.69830         27 0.0000e+00
     127889   5328.674    283.000     3.7235   3.227535     3.7242   3.227531      44.36     0.0143     2.9217     2.5691  33.443222  3.7142210   48.98232  -45.87186    34.8089    34.8081     3.7041     3.7048    27.6647    27.6640    6.71398    6.70444         26 0.0000e+00
     127912   5329.640    282.000     3.7241   3.227510     3.7243   3.227460      99.47     0.0124     2.9229     2.5696  33.443222  3.7229671   48.98232  -45.87186    34.8086    34.8077     3.7048     3.7050    27.6643    27.6636    6.71207    6.70291         21 0.0000e+00
     127932   5330.453    281.000     3.7249   3.227528     3.7257   3.227545      60.91     0.0128     2.9221     2.5695  33.443222  3.7228327   48.98232  -45.87186    34.8084    34.8078     3.7057     3.7065    27.6641    27.6635    6.70559    6.70046         19 0.0000e+00
     127951   5331.237    280.000     3.7264   3.227618     3.7268   3.227611      62.38     0.0122     2.9226     2.5696  33.443222  3.7228327   48.98232  -45.87186    34.8085    34.8079     3.7072     3.7076    27.6640    27.6635    6.71332    6.70293         19 0.0000e+00
     127972   5332.131    279.000     3.7270   3.227640     3.7280   3.227667      96.44     0.0162     2.9229     2.5700  33.443222  3.7228327   48.98232  -45.87186    34.8086    34.8079     3.7079     3.7089    27.6640    27.6633    6.70941    6.70466         24 0.0000e+00
     127998   5333.219    278.000     3.7279   3.227663     3.7287   3.227674      75.36     0.0149     2.9227     2.5705  33.442703  3.7242146   48.98232  -45.87185    34.8085    34.8077     3.7089     3.7097    27.6638    27.6632    6.70701    6.70167         28 0.0000e+00
     128026   5334.380    277.000     3.7283   3.227639     3.7285   3.227584      78.92     0.0196     2.9235     2.5706  33.442680  3.7264602   48.98232  -45.87184    34.8083    34.8075     3.7093     3.7095    27.6637    27.6630    6.71433    6.70311         27 0.0000e+00
     128053   5335.485    276.000     3.7281   3.227576     3.7265   3.227317      98.38     0.0210     2.9239     2.5713  33.437859  3.7314496   48.98232  -45.87184    34.8083    34.8069     3.7092     3.7076    27.6637    27.6627    6.71116    6.70818         27 0.0000e+00
     128080   5336.613    275.000     3.7260   3.227293     3.7236   3.226979      54.46     0.0169     2.9243     2.5719  33.432964  3.7325892   48.98232  -45.87184    34.8077    34.8065     3.7072     3.7048    27.6634    27.6626    6.71370    6.71097         27 0.0000e+00
     128107   5337.766    274.000     3.7252   3.227177     3.7214   3.226697      99.37     0.0191     2.9251     2.5734  33.409245  3.7326007   48.98232  -45.87184    34.8078    34.8060     3.7064     3.7027    27.6635    27.6625    6.72025    6.71929         27 0.0000e+00
     128132   5338.798    273.000     3.7220   3.226811     3.7181   3.226318      73.85     0.0195     2.9261     2.5742  33.412666  3.7326007   48.98232  -45.87184    34.8073    34.8056     3.7033     3.6994    27.6634    27.6625    6.72223    6.71813         22 0.0000e+00
     128153   5339.652    272.000     3.7181   3.226324     3.7158   3.226014      28.37     0.0181     2.9277     2.5751  33.422707  3.7326007   48.98232  -45.87184    34.8061    34.8049     3.6995     3.6972    27.6629    27.6622    6.72503    6.72597         19 0.0000e+00
     128170   5340.393    271.000     3.7144   3.225885     3.7113   3.225481      89.35     0.0157     2.9268     2.5765  33.426956  3.7326007   48.98232  -45.87184    34.8054    34.8039     3.6959     3.6927    27.6627    27.6618    6.71707    6.72049         17 0.0000e+00
     128187   5341.083    270.000     3.7090   3.225302     3.7040   3.224651      98.63     0.0108     2.9281     2.5758  33.426846  3.7326007   48.98232  -45.87184    34.8047    34.8022     3.6906     3.6856    27.6627    27.6612    6.72524    6.71267         17 0.0000e+00
     128204   5341.783    269.000     3.7043   3.224761     3.6974   3.223912      98.63     0.0119     2.9280     2.5761  33.425995  3.7326007   48.98232  -45.87184    34.8038    34.8010     3.6860     3.6790    27.6624    27.6609    6.72509    6.71839         17 0.0000e+00
     128223   5342.573    268.000     3.6975   3.223954     3.6925   3.223338      49.61     0.0122     2.9291     2.5763  33.425095  3.7321417   48.98232  -45.87184    34.8019    34.7998     3.6792     3.6743    27.6616    27.6604    6.72887    6.71848         21 0.0000e+00
     128248   5343.638    267.000     3.6933   3.223470     3.6867   3.222701      90.91     0.0145     2.9300     2.5768  33.427540  3.7235391   48.98232  -45.87183    34.8011    34.7990     3.6751     3.6685    27.6614    27.6603    6.73426    6.72711         32 0.0000e+00
     128284   5345.124    266.000     3.6914   3.223218     3.6876   3.222730      78.68     0.0174     2.9312     2.5786  33.416107  3.7179427   48.98232  -45.87182    34.8007    34.7989     3.6733     3.6695    27.6612    27.6602    6.73177    6.73363         35 0.0000e+00
     128315   5346.403    265.000     3.6845   3.222507     3.6795   3.221839      50.15     0.0170     2.9317     2.5793  33.406219  3.7128730   48.98232  -45.87182    34.8000    34.7974     3.6665     3.6615    27.6614    27.6597    6.73131    6.73281         26 0.0000e+00
     128338   5347.388    264.000     3.6807   3.221997     3.6755   3.221347      55.96     0.0143     2.9324     2.5803  33.400467  3.7087648   48.98232  -45.87182    34.7985    34.7963     3.6628     3.6575    27.6605    27.6593    6.73677    6.73425         23 0.0000e+00
     128361   5348.327    263.000     3.6758   3.221422     3.6743   3.221182      68.50     0.0117     2.9329     2.5802  33.399277  3.7079744   48.98232  -45.87182    34.7974    34.7961     3.6580     3.6565    27.6601    27.6593    6.73660    6.72428         23 0.0000e+00
     128385   5349.314    262.000     3.6749   3.221271     3.6749   3.221182      72.52     0.0179     2.9334     2.5797  33.406170  3.7118187   48.98232  -45.87182    34.7971    34.7961     3.6571     3.6571    27.6600    27.6592    6.73364    6.72348         25 0.0000e+00
     128410   5350.372    261.000     3.6753   3.221243     3.6759   3.221239      87.97     0.0139     2.9333     2.5798  33.409805  3.7118926   48.98232  -45.87182    34.7969    34.7962     3.6575     3.6582    27.6598    27.6592    6.73079    6.72853         25 0.0000e+00
     128434   5351.367    260.000     3.6761   3.221265     3.6768   3.221281      66.65     0.0163     2.9337     2.5800  33.408577  3.7049863   48.98232  -45.87182    34.7969    34.7963     3.6584     3.6592    27.6597    27.6591    6.73184    6.72815         22 0.0000e+00
     128455   5352.248    259.000     3.6770   3.221304     3.6787   3.221414      70.24     0.0195     2.9333     2.5803  33.408794  3.7042561   48.98232  -45.87182    34.7969    34.7964     3.6594     3.6611    27.6596    27.6590    6.73039    6.73022         20 0.0000e+00
     128475   5353.080    258.000     3.6794   3.221502     3.6827   3.221767      86.88     0.0236     2.9341     2.5808  33.406006  3.6985755   48.98234  -45.87182    34.7972    34.7969     3.6619     3.6651    27.6596    27.6590    6.73264    6.73212         22 0.0000e+00
     128503   5354.257    257.000     3.6817   3.221674     3.6861   3.222046      67.36     0.0216     2.9337     2.5810  33.404587  3.6943920   48.98234  -45.87182    34.7974    34.7971     3.6642     3.6687    27.6595    27.6589    6.72553    6.72052         33 0.0000e+00
     128542   5355.859    256.000     3.6829   3.221742     3.6875   3.222121      74.27     0.0204     2.9342     2.5805  33.399967  3.6939671   48.98234  -45.87182    34.7975    34.7972     3.6655     3.6700    27.6595    27.6588    6.73175    6.72536         45 0.0000e+00
     128585   5357.646    255.000     3.6851   3.221884     3.6869   3.222043      83.88     0.0183     2.9349     2.5820  33.399261  3.6935234   48.98234  -45.87182    34.7974    34.7973     3.6677     3.6696    27.6592    27.6589    6.73289    6.73320         39 0.0000e+00
     128621   5359.151    254.000     3.6879   3.222159     3.6943   3.222698      98.48     0.0169     2.9356     2.5819  33.399269  3.6935287   48.98234  -45.87182    34.7983    34.7979     3.6706     3.6770    27.6596    27.6586    6.72903    6.71971         35 0.0000e+00
