data/CTD/2014/CNV/u017a031.cnv
* Sea-Bird SBE 9 Data File:
* FileName = C:\CTD_ACQUISITION\2014017HUD\ctddata\017A031.hdr
* Software Version Seasave V 7.22.2
* Temperature SN = 5081
* Conductivity SN = 3561
* Number of Bytes Per Scan = 37
* Number of Voltage Words = 4
* Number of Scans Averaged by the Deck Unit = 1
* NMEA Latitude = 48 42.12 N
* NMEA Longitude = 045 35.33 W
* NMEA UTC (Time) = Jul 07 2014 07:43:15
* NMEA baud rate = 9600
** Ship: Hudson
** Cruise: HUD2014017
** Chief_Scientist: Blair Greenan
** Organization: BIO
** Area_of_Operation: Sackville Spur
** Station: 031
** Sounding:  1094
** Event_Comments: SS_23, 403182
# nquan = 25
# nvalues = 1117                        
# units = specified
# name 0 = scan: Scan Count
# name 1 = timeS: Time, Elapsed [seconds]
# name 2 = prDM: Pressure, Digiquartz [db]
# name 3 = t068C: Temperature [ITS-68, deg C]
# name 4 = c0S/m: Conductivity [S/m]
# name 5 = t168C: Temperature, 2 [ITS-68, deg C]
# name 6 = c1S/m: Conductivity, 2 [S/m]
# name 7 = altM: Altimeter [m]
# name 8 = flC: Fluorescence, Chelsea Aqua 3 Chl Con [ug/l]
# name 9 = sbeox0V: Oxygen raw, SBE 43 [V]
# name 10 = sbeox1V: Oxygen raw, SBE 43, 2 [V]
# name 11 = upoly0: Upoly 0, Optode 4330F - O2 D-Phase
# name 12 = upoly1: Upoly 1, Optode 4330F - O2 Temp
# name 13 = latitude: Latitude [deg]
# name 14 = longitude: Longitude [deg]
# name 15 = sal00: Salinity, Practical [PSU]
# name 16 = sal11: Salinity, Practical, 2 [PSU]
# name 17 = potemp068C: Potential Temperature [ITS-68, deg C]
# name 18 = potemp168C: Potential Temperature, 2 [ITS-68, deg C]
# name 19 = sigma-é00: Density [sigma-theta, Kg/m^3]
# name 20 = sigma-é11: Density, 2 [sigma-theta, Kg/m^3]
# name 21 = sbeox0ML/L: Oxygen, SBE 43 [ml/l], WS = 2
# name 22 = sbeox1ML/L: Oxygen, SBE 43, 2 [ml/l], WS = 2
# name 23 = nbin: number of scans per bin
# name 24 = flag: flag
# span 0 =      34825,      63463       
# span 1 =   1451.006,   2644.257       
# span 2 =      1.000,   1117.000       
# span 3 =    -0.1011,     8.8970       
# span 4 =   2.795669,   3.594859       
# span 5 =    -0.2019,     8.9016       
# span 6 =   2.784890,   3.595459       
# span 7 =       3.13,     104.07       
# span 8 =     0.0083,     1.0945       
# span 9 =     2.5397,     3.6548       
# span 10 =     2.2446,     3.2130      
# span 11 =  30.227171,  34.595592      
# span 12 =  0.3223771,  8.8621645      
# span 13 =   48.70292,   48.70370      
# span 14 =  -45.58768,  -45.58616      
# span 15 =    33.4868,    34.9090      
# span 16 =    33.5143,    34.9083      
# span 17 =    -0.1021,     8.8969      
# span 18 =    -0.2028,     8.9015      
# span 19 =    26.2306,    27.7545      
# span 20 =    26.2314,    27.7541      
# span 21 =    6.08195,   10.19194      
# span 22 =    5.79814,   11.04084      
# span 23 =         10,         82      
# span 24 = 0.0000e+00, 0.0000e+00      
# interval = decibars: 1                
# start_time = Jul 07 2014 07:43:15 [NMEA time, header]
# bad_flag = -9.990e-29
*END*
[from data line 58]
      36672   1527.976   1059.000     3.6954   3.267488     3.6948   3.267385      98.64     0.0159     2.5599     2.2591  34.512821  3.6946189   48.70292  -45.58750    34.9065    34.9060     3.6166     3.6160    27.7512    27.7508    6.31278    6.29972         18 0.0000e+00
      36690   1528.719   1058.000     3.6952   3.267423     3.6947   3.267328      95.24     0.0140     2.5603     2.2594  34.512821  3.6972904   48.70292  -45.58750    34.9065    34.9060     3.6165     3.6159    27.7512    27.7508    6.31435    6.29525         18 0.0000e+00
      36710   1529.550   1057.000     3.6951   3.267381     3.6946   3.267287      61.32     0.0184     2.5608     2.2595  34.512821  3.7001452   48.70292  -45.58750    34.9067    34.9061     3.6164     3.6159    27.7513    27.7509    6.31287    6.29124         22 0.0000e+00
      36733   1530.499   1056.000     3.6951   3.267330     3.6946   3.267239      98.60     0.0210     2.5604     2.2595  34.512821  3.6990507   48.70292  -45.58750    34.9065    34.9060     3.6165     3.6160    27.7512    27.7509    6.30988    6.29163         23 0.0000e+00
      36754   1531.390   1055.000     3.6952   3.267286     3.6947   3.267201      98.64     0.0196     2.5609     2.2596  34.512821  3.7008431   48.70292  -45.58750    34.9064    34.9060     3.6167     3.6162    27.7511    27.7508    6.31072    6.29033         20 0.0000e+00
      36773   1532.157   1054.000     3.6952   3.267249     3.6949   3.267168      98.64     0.0185     2.5606     2.2596  34.512821  3.6992939   48.70292  -45.58750    34.9065    34.9059     3.6168     3.6165    27.7512    27.7507    6.30487    6.28886         17 0.0000e+00
      36790   1532.857   1053.000     3.6953   3.267213     3.6951   3.267145      98.64     0.0156     2.5607     2.2595  34.512821  3.7002478   48.70292  -45.58750    34.9065    34.9059     3.6170     3.6245    27.7511    27.7507    6.29838    6.28879         16 0.0000e+00
      36807   1533.591   1052.000     3.6954   3.267186     3.6953   3.267122      98.64     0.0150     2.5597     2.2597  34.512100  3.7032447   48.70292  -45.58750    34.9065    34.9059     3.6172     3.6202    27.7511    27.7507    6.30225    6.29069         20 0.0000e+00
      36832   1534.642   1051.000     3.6956   3.267153     3.6953   3.267074      98.64     0.0166     2.5607     2.2602  34.509338  3.7017794   48.70292  -45.58750    34.9065    34.9059     3.6174     3.6174    27.7511    27.7507    6.31486    6.29454         35 0.0000e+00
      36879   1536.579   1050.000     3.6954   3.267091     3.6948   3.266989      74.00     0.0221     2.5620     2.2608  34.505150  3.6999784   48.70293  -45.58750    34.9065    34.9059     3.6173     3.6167    27.7511    27.7507    6.31846    6.29130         41 0.0000e+00
      36904   1537.611   1049.000     3.6956   3.267049     3.6949   3.266955      59.44     0.0203     2.5629     2.2608  34.512859  3.6934943   48.70294  -45.58750    34.9063    34.9058     3.6175     3.6169    27.7509    27.7506    6.32087    6.28818         20 0.0000e+00
      36922   1538.371   1048.000     3.6955   3.267011     3.6950   3.266915      98.45     0.0226     2.5638     2.2607  34.512821  3.6883824   48.70294  -45.58750    34.9064    34.9058     3.6176     3.6170    27.7510    27.7506    6.31809    6.28513         17 0.0000e+00
      36939   1539.086   1047.000     3.6954   3.266968     3.6951   3.266873      98.64     0.0206     2.5635     2.2605  34.512821  3.6981671   48.70294  -45.58750    34.9065    34.9058     3.6176     3.6172    27.7511    27.7505    6.31521    6.28714         17 0.0000e+00
      36957   1539.815   1046.000     3.6954   3.266919     3.6950   3.266832      90.15     0.0186     2.5638     2.2607  34.512821  3.6995020   48.70294  -45.58750    34.9064    34.9058     3.6177     3.6173    27.7510    27.7506    6.31456    6.28882         18 0.0000e+00
      36976   1540.633   1045.000     3.6954   3.266872     3.6950   3.266786      89.88     0.0178     2.5640     2.2608  34.512115  3.7000458   48.70294  -45.58750    34.9064    34.9058     3.6177     3.6174    27.7510    27.7505    6.31455    6.28626         21 0.0000e+00
      36998   1541.560   1044.000     3.6954   3.266827     3.6949   3.266733      98.81     0.0162     2.5643     2.2608  34.504387  3.6994631   48.70294  -45.58750    34.9063    34.9058     3.6178     3.6173    27.7509    27.7505    6.31430    6.28958         23 0.0000e+00
      37020   1542.466   1043.000     3.6954   3.266778     3.6948   3.266678      98.63     0.0196     2.5647     2.2615  34.503746  3.6991074   48.70294  -45.58750    34.9063    34.9058     3.6179     3.6173    27.7509    27.7505    6.31250    6.29747         21 0.0000e+00
      37040   1543.281   1042.000     3.6952   3.266726     3.6947   3.266625      98.64     0.0194     2.5646     2.2620  34.504330  3.7032418   48.70294  -45.58750    34.9064    34.9057     3.6178     3.6173    27.7510    27.7505    6.31280    6.29844         19 0.0000e+00
      37059   1544.091   1041.000     3.6952   3.266676     3.6947   3.266579      98.63     0.0161     2.5649     2.2627  34.503315  3.7032967   48.70294  -45.58750    34.9064    34.9057     3.6178     3.6174    27.7510    27.7505    6.31760    6.30041         20 0.0000e+00
      37086   1545.218   1040.000     3.6951   3.266629     3.6946   3.266535      97.31     0.0177     2.5654     2.2635  34.503624  3.7032967   48.70294  -45.58750    34.9064    34.9058     3.6178     3.6173    27.7510    27.7506    6.31619    6.29835         40 0.0000e+00
      37141   1547.508   1039.000     3.6950   3.266568     3.6944   3.266472      88.21     0.0215     2.5663     2.2641  34.505974  3.7032967   48.70294  -45.58750    34.9063    34.9058     3.6178     3.6172    27.7509    27.7505    6.31774    6.29870         42 0.0000e+00
      37161   1548.313   1038.000     3.6952   3.266531     3.6946   3.266435      98.94     0.0241     2.5673     2.2649  34.504547  3.7032967   48.70294  -45.58750    34.9061    34.9056     3.6181     3.6175    27.7507    27.7504    6.32130    6.30863         16 0.0000e+00
      37175   1548.915   1037.000     3.6953   3.266482     3.6945   3.266383      98.64     0.0212     2.5669     2.2657  34.504444  3.6989851   48.70294  -45.58750    34.9060    34.9056     3.6183     3.6175    27.7506    27.7504    6.31511    6.30724         14 0.0000e+00
      37188   1549.464   1036.000     3.6951   3.266432     3.6945   3.266337      98.63     0.0189     2.5666     2.2660  34.503799  3.6919501   48.70294  -45.58750    34.9061    34.9056     3.6182     3.6176    27.7507    27.7504    6.31731    6.30113         13 0.0000e+00
      37201   1549.989   1035.000     3.6950   3.266388     3.6945   3.266297      98.64     0.0198     2.5673     2.2658  34.503803  3.6934981   48.70294  -45.58750    34.9062    34.9057     3.6181     3.6176    27.7508    27.7504    6.32351    6.29718         13 0.0000e+00
      37214   1550.534   1034.000     3.6949   3.266339     3.6944   3.266248      98.64     0.0240     2.5681     2.2659  34.504917  3.6935287   48.70294  -45.58750    34.9063    34.9056     3.6181     3.6177    27.7509    27.7504    6.32163    6.29705         13 0.0000e+00
      37229   1551.151   1033.000     3.6948   3.266290     3.6944   3.266195      98.64     0.0219     2.5681     2.2661  34.507584  3.6907275   48.70294  -45.58750    34.9062    34.9056     3.6181     3.6177    27.7508    27.7503    6.31932    6.29513         17 0.0000e+00
      37252   1552.126   1032.000     3.6947   3.266239     3.6943   3.266145      87.24     0.0196     2.5686     2.2659  34.507408  3.6951761   48.70296  -45.58750    34.9063    34.9056     3.6181     3.6177    27.7508    27.7504    6.31745    6.29308         35 0.0000e+00
      37298   1554.061   1031.000     3.6946   3.266180     3.6940   3.266081     100.73     0.0171     2.5688     2.2659  34.504772  3.6917593   48.70296  -45.58750    34.9062    34.9057     3.6181     3.6174    27.7508    27.7505    6.32048    6.29262         40 0.0000e+00
      37323   1555.095   1030.000     3.6946   3.266126     3.6940   3.266035      98.64     0.0163     2.5697     2.2658  34.505505  3.6860416   48.70296  -45.58750    34.9060    34.9056     3.6182     3.6176    27.7507    27.7504    6.31737    6.29250         20 0.0000e+00
      37342   1555.871   1029.000     3.6947   3.266090     3.6941   3.265992      98.64     0.0136     2.5692     2.2660  34.502171  3.6886964   48.70296  -45.58750    34.9060    34.9055     3.6184     3.6177    27.7506    27.7503    6.31702    6.29865         18 0.0000e+00
      37359   1556.594   1028.000     3.6948   3.266052     3.6943   3.265959      98.64     0.0169     2.5699     2.2666  34.503357  3.6883531   48.70296  -45.58750    34.9060    34.9054     3.6186     3.6181    27.7506    27.7502    6.32449    6.30034         17 0.0000e+00
      37376   1557.278   1027.000     3.6950   3.266010     3.6946   3.265935      98.63     0.0168     2.5706     2.2668  34.502495  3.6900480   48.70296  -45.58750    34.9059    34.9054     3.6188     3.6184    27.7505    27.7501    6.32192    6.29649         17 0.0000e+00
      37393   1558.010   1026.000     3.6949   3.265973     3.6946   3.265891      98.64     0.0125     2.5708     2.2670  34.505737  3.6933849   48.70296  -45.58750    34.9059    34.9053     3.6188     3.6185    27.7505    27.7501    6.31708    6.29861         19 0.0000e+00
      37429   1559.485   1025.000     3.6949   3.265923     3.6943   3.265828      90.97     0.0155     2.5712     2.2678  34.497047  3.6955214   48.70296  -45.58750    34.9059    34.9054     3.6188     3.6183    27.7505    27.7501    6.32305    6.30215         54 0.0000e+00
      37486   1561.893   1024.000     3.6948   3.265853     3.6939   3.265742      99.70     0.0113     2.5727     2.2693  34.487804  3.6923018   48.70296  -45.58750    34.9057    34.9053     3.6188     3.6179    27.7503    27.7501    6.32626    6.30666         23 0.0000e+00
      37500   1562.472   1023.000     3.6952   3.265826     3.6941   3.265726      98.64     0.0144     2.5730     2.2693  34.487404  3.6935437   48.70296  -45.58750    34.9055    34.9055     3.6193     3.6182    27.7501    27.7502    6.32436    6.30453         15 0.0000e+00
      37514   1563.030   1022.000     3.6952   3.265790     3.6943   3.265693      98.63     0.0174     2.5727     2.2697  34.497093  3.6935287   48.70296  -45.58750    34.9056    34.9054     3.6194     3.6185    27.7502    27.7501    6.32168    6.30516         12 0.0000e+00
      37526   1563.521   1021.000     3.6952   3.265758     3.6945   3.265666      98.64     0.0163     2.5733     2.2700  34.504280  3.6837523   48.70296  -45.58750    34.9057    34.9053     3.6195     3.6188    27.7503    27.7500    6.32355    6.30660         12 0.0000e+00
      37537   1563.982   1020.000     3.6953   3.265723     3.6948   3.265637      98.64     0.0163     2.5733     2.2701  34.504028  3.6847441   48.70298  -45.58750    34.9057    34.9052     3.6196     3.6192    27.7503    27.7499    6.32348    6.30657         10 0.0000e+00
      37547   1564.426   1019.000     3.6953   3.265688     3.6953   3.265637      98.64     0.0187     2.5733     2.2705  34.496677  3.6882775   48.70298  -45.58750    34.9057    34.9052     3.6198     3.6197    27.7502    27.7498    6.32199    6.30707         11 0.0000e+00
      37558   1564.892   1018.000     3.6962   3.265711     3.6969   3.265751      68.94     0.0190     2.5739     2.2707  34.488472  3.6862192   48.70298  -45.58750    34.9056    34.9053     3.6208     3.6214    27.7500    27.7498    6.32277    6.30482         12 0.0000e+00
      37571   1565.418   1017.000     3.6973   3.265769     3.6995   3.265939      87.20     0.0187     2.5735     2.2709  34.474598  3.6912520   48.70298  -45.58750    34.9056    34.9053     3.6219     3.6241    27.7500    27.7495    6.32790    6.30509         14 0.0000e+00
      37602   1566.718   1016.000     3.6979   3.265788     3.7001   3.265940      97.87     0.0186     2.5755     2.2714  34.475338  3.6915026   48.70298  -45.58750    34.9057    34.9052     3.6226     3.6248    27.7500    27.7493    6.33404    6.30538         29 0.0000e+00
      37665   1569.316   1015.000     3.6957   3.265536     3.6944   3.265384      98.64     0.0153     2.5777     2.2721  34.488327  3.6823747   48.70298  -45.58750    34.9056    34.9051     3.6205     3.6192    27.7501    27.7498    6.33510    6.30064         16 0.0000e+00
      37678   1569.888   1014.000     3.6964   3.265545     3.6948   3.265379      98.64     0.0125     2.5779     2.2721  34.485641  3.6865013   48.70300  -45.58750    34.9055    34.9052     3.6212     3.6197    27.7499    27.7498    6.33309    6.30362         14 0.0000e+00
      37692   1570.454   1013.000     3.6992   3.265760     3.6977   3.265613      98.63     0.0103     2.5784     2.2722  34.485771  3.6860192   48.70300  -45.58750    34.9055    34.9054     3.6241     3.6226    27.7497    27.7497    6.33809    6.30864         13 0.0000e+00
      37706   1571.050   1012.000     3.7035   3.266099     3.7044   3.266145      74.31     0.0133     2.5788     2.2729  34.477291  3.6879914   48.70300  -45.58750    34.9056    34.9052     3.6284     3.6293    27.7493    27.7489    6.33501    6.31414         16 0.0000e+00
      37724   1571.795   1011.000     3.7073   3.266374     3.7084   3.266417      92.30     0.0162     2.5790     2.2737  34.477894  3.6932533   48.70300  -45.58750    34.9054    34.9046     3.6323     3.6334    27.7488    27.7480    6.33805    6.31634         21 0.0000e+00
      37766   1573.552   1010.000     3.7054   3.266171     3.7045   3.266033      98.88     0.0194     2.5810     2.2757  34.476376  3.6924732   48.70300  -45.58752    34.9054    34.9047     3.6305     3.6296    27.7489    27.7485    6.34611    6.32548         58 0.0000e+00
      37806   1575.214   1009.000     3.7052   3.266079     3.7010   3.265711      98.61     0.0179     2.5826     2.2775  34.474102  3.6958807   48.70300  -45.58752    34.9051    34.9051     3.6304     3.6263    27.7487    27.7491    6.34956    6.32708         22 0.0000e+00
      37825   1575.988   1008.000     3.7062   3.266128     3.7052   3.266019      98.59     0.0159     2.5838     2.2783  34.477032  3.6956987   48.70301  -45.58751    34.9051    34.9049     3.6314     3.6304    27.7486    27.7485    6.35258    6.32507         18 0.0000e+00
      37842   1576.689   1007.000     3.7105   3.266424     3.7101   3.266363      98.51     0.0128     2.5842     2.2784  34.472515  3.6965835   48.70302  -45.58750    34.9046    34.9042     3.6358     3.6355    27.7478    27.7475    6.35225    6.32218         16 0.0000e+00
      37857   1577.316   1006.000     3.7125   3.266549     3.7130   3.266543      98.55     0.0107     2.5849     2.2790  34.454098  3.7026362   48.70302  -45.58750    34.9045    34.9039     3.6379     3.6383    27.7474    27.7469    6.35816    6.32540         14 0.0000e+00
      37870   1577.889   1005.000     3.7137   3.266605     3.7138   3.266555      98.53     0.0107     2.5861     2.2791  34.454212  3.7017744   48.70302  -45.58752    34.9043    34.9037     3.6392     3.6393    27.7472    27.7467    6.35516    6.32487         13 0.0000e+00
      37883   1578.420   1004.000     3.7141   3.266588     3.7138   3.266514      98.48     0.0094     2.5860     2.2796  34.454212  3.7025499   48.70302  -45.58752    34.9042    34.9036     3.6397     3.6394    27.7471    27.7466    6.34876    6.32959         13 0.0000e+00
      37896   1578.952   1003.000     3.7142   3.266555     3.7138   3.266458      98.52     0.0087     2.5864     2.2803  34.454212  3.7032881   48.70302  -45.58752    34.9042    34.9036     3.6398     3.6394    27.7470    27.7466    6.35052    6.33294         13 0.0000e+00
