data/CTD/2014/CNV/u017a025.cnv
* Sea-Bird SBE 9 Data File:
* FileName = C:\CTD_ACQUISITION\2014017HUD\ctddata\017A025.hdr
* Software Version Seasave V 7.22.2
* Temperature SN = 5081
* Conductivity SN = 3561
* Number of Bytes Per Scan = 37
* Number of Voltage Words = 4
* Number of Scans Averaged by the Deck Unit = 1
* NMEA Latitude = 48 58.39 N
* NMEA Longitude = 045 52.48 W
* NMEA UTC (Time) = Jul 06 2014 19:01:08
* NMEA baud rate = 9600
** Ship: Hudson 8
** Cruise: HUD2014017
** Chief_Scientist: Blair Greenan
** Organization: BIO
** Area_of_Operation: Sackville Spur
** Station: 025
** Sounding:  2478
** Event_Comments: SS-29 403142
# nquan = 25
# nvalues = 2571                        
# units = specified
# name 0 = scan: Scan Count
# name 1 = timeS: Time, Elapsed [seconds]
# name 2 = prDM: Pressure, Digiquartz [db]
# name 3 = t068C: Temperature [ITS-68, deg C]
# name 4 = c0S/m: Conductivity [S/m]
# name 5 = t168C: Temperature, 2 [ITS-68, deg C]
# name 6 = c1S/m: Conductivity, 2 [S/m]
# name 7 = altM: Altimeter [m]
# name 8 = flC: Fluorescence, Chelsea Aqua 3 Chl Con [ug/l]
# name 9 = sbeox0V: Oxygen raw, SBE 43 [V]
# name 10 = sbeox1V: Oxygen raw, SBE 43, 2 [V]
# name 11 = upoly0: Upoly 0, Optode 4330F - O2 D-Phase
# name 12 = upoly1: Upoly 1, Optode 4330F - O2 Temp
# name 13 = latitude: Latitude [deg]
# name 14 = longitude: Longitude [deg]
# name 15 = sal00: Salinity, Practical [PSU]
# name 16 = sal11: Salinity, Practical, 2 [PSU]
# name 17 = potemp068C: Potential Temperature [ITS-68, deg C]
# name 18 = potemp168C: Potential Temperature, 2 [ITS-68, deg C]
# name 19 = sigma-é00: Density [sigma-theta, Kg/m^3]
# name 20 = sigma-é11: Density, 2 [sigma-theta, Kg/m^3]
# name 21 = sbeox0ML/L: Oxygen, SBE 43 [ml/l], WS = 2
# name 22 = sbeox1ML/L: Oxygen, SBE 43, 2 [ml/l], WS = 2
# name 23 = nbin: number of scans per bin
# name 24 = flag: flag
# span 0 =      75205,     138617       
# span 1 =   3133.500,   5775.685       
# span 2 =      1.000,   2571.000       
# span 3 =     2.4692,     8.1511       
# span 4 =   3.103441,   3.509338       
# span 5 =     2.4682,     8.1496       
# span 6 =   3.103485,   3.509165       
# span 7 =       1.43,     102.26       
# span 8 =     0.0060,     0.4302       
# span 9 =     2.1833,     3.5937       
# span 10 =     1.9333,     3.1638      
# span 11 =  30.121141,  35.569786      
# span 12 =  2.4627595,  8.0631676      
# span 13 =   48.97782,   48.98305      
# span 14 =  -45.87368,  -45.87154      
# span 15 =    33.6553,    34.9171      
# span 16 =    33.6551,    34.9166      
# span 17 =     2.2752,     8.1509      
# span 18 =     2.2743,     8.1495      
# span 19 =    26.1958,    27.8731      
# span 20 =    26.1960,    27.8728      
# span 21 =    6.27835,    8.22438      
# span 22 =    6.21588,    8.39773      
# span 23 =         11,         86      
# span 24 = 0.0000e+00, 0.0000e+00      
# interval = decibars: 1                
# start_time = Jul 06 2014 19:01:08 [NMEA time, header]
# bad_flag = -9.990e-29
*END*
[from data line 464]
      86720   3613.284   2107.000     2.9861   3.248548     2.9863   3.248534      91.64     0.0124     2.2876     2.0158  35.264420  2.9706960   48.97836  -45.87328    34.9130    34.9126     2.8240     2.8242    27.8318    27.8315    6.40172    6.32934         22 0.0000e+00
      86758   3614.891   2106.000     2.9863   3.248524     2.9869   3.248534      98.06     0.0106     2.2883     2.0160  35.267075  2.9736798   48.97836  -45.87327    34.9130    34.9124     2.8242     2.8249    27.8318    27.8313    6.40187    6.32699         62 0.0000e+00
      86812   3617.111   2105.000     2.9851   3.248356     2.9865   3.248448      98.63     0.0090     2.2890     2.0161  35.269497  2.9767439   48.97836  -45.87326    34.9127    34.9123     2.8232     2.8246    27.8317    27.8312    6.39146    6.33025         27 0.0000e+00
      86830   3617.874   2104.000     2.9867   3.248454     2.9876   3.248510      98.63     0.0116     2.2889     2.0164  35.259876  2.9794407   48.97836  -45.87326    34.9127    34.9123     2.8248     2.8258    27.8315    27.8312    6.40411    6.32924         18 0.0000e+00
      86846   3618.555   2103.000     2.9900   3.248706     2.9897   3.248664      98.63     0.0117     2.2897     2.0164  35.260075  2.9804857   48.97836  -45.87326    34.9127    34.9124     2.8282     2.8279    27.8312    27.8310    6.40954    6.33049         15 0.0000e+00
      86862   3619.191   2102.000     2.9920   3.248842     2.9912   3.248738      98.63     0.0115     2.2900     2.0167  35.269276  2.9804640   48.97836  -45.87324    34.9127    34.9123     2.8302     2.8294    27.8310    27.8308    6.39659    6.33424         16 0.0000e+00
      86877   3619.839   2101.000     2.9926   3.248869     2.9918   3.248769      77.16     0.0074     2.2895     2.0172  35.274605  2.9774797   48.97836  -45.87324    34.9128    34.9124     2.8309     2.8302    27.8311    27.8308    6.39117    6.33172         16 0.0000e+00
      86895   3620.563   2100.000     2.9928   3.248843     2.9921   3.248759      33.45     0.0109     2.2900     2.0171  35.274727  2.9793780   48.97836  -45.87324    34.9128    34.9125     2.8312     2.8368    27.8311    27.8308    6.40182    6.33104         19 0.0000e+00
      86918   3621.552   2099.000     2.9927   3.248785     2.9921   3.248711      94.01     0.0119     2.2901     2.0175  35.261974  2.9803925   48.97836  -45.87324    34.9127    34.9124     2.8312     2.8311    27.8310    27.8308    6.39842    6.32779         31 0.0000e+00
      86961   3623.332   2098.000     2.9923   3.248723     2.9919   3.248636      92.37     0.0156     2.2905     2.0176  35.268150  2.9804640   48.97836  -45.87324    34.9128    34.9122     2.8309     2.8305    27.8311    27.8307    6.39538    6.32609         46 0.0000e+00
      86994   3624.710   2097.000     2.9924   3.248678     2.9919   3.248587      98.81     0.0141     2.2905     2.0177  35.271000  2.9804640   48.97836  -45.87322    34.9127    34.9121     2.8311     2.8361    27.8309    27.8305    6.39787    6.32747         23 0.0000e+00
      87014   3625.522   2096.000     2.9930   3.248694     2.9922   3.248582      98.63     0.0134     2.2907     2.0178  35.260056  2.9804640   48.97836  -45.87322    34.9127    34.9122     2.8318     2.8310    27.8309    27.8306    6.39831    6.32613         18 0.0000e+00
      87031   3626.238   2095.000     2.9936   3.248706     2.9926   3.248589      98.63     0.0126     2.2910     2.0179  35.260075  2.9810824   48.97836  -45.87322    34.9127    34.9124     2.8325     2.8315    27.8308    27.8307    6.39346    6.32679         16 0.0000e+00
      87047   3626.923   2094.000     2.9941   3.248698     2.9930   3.248577      98.64     0.0142     2.2909     2.0181  35.260075  2.9804583   48.97837  -45.87322    34.9126    34.9123     2.8330     2.8320    27.8307    27.8306    6.39579    6.32484         17 0.0000e+00
      87064   3627.634   2093.000     2.9941   3.248664     2.9933   3.248569      98.63     0.0162     2.2912     2.0181  35.260075  2.9804640   48.97838  -45.87321    34.9126    34.9123     2.8332     2.8324    27.8307    27.8306    6.39339    6.32297         18 0.0000e+00
      87084   3628.442   2092.000     2.9942   3.248641     2.9936   3.248560      98.63     0.0158     2.2909     2.0180  35.260075  2.9804640   48.97838  -45.87320    34.9127    34.9123     2.8334     2.8328    27.8307    27.8305    6.39321    6.32026         21 0.0000e+00
      87109   3629.487   2091.000     2.9944   3.248618     2.9938   3.248530      98.63     0.0153     2.2916     2.0181  35.250622  2.9883420   48.97838  -45.87320    34.9127    34.9123     2.8336     2.8330    27.8308    27.8305    6.39616    6.32566         30 0.0000e+00
      87144   3630.977   2090.000     2.9940   3.248548     2.9937   3.248476      74.97     0.0168     2.2916     2.0186  35.251450  2.9894917   48.97838  -45.87319    34.9127    34.9122     2.8334     2.8330    27.8308    27.8304    6.39880    6.33030         39 0.0000e+00
      87179   3632.408   2089.000     2.9940   3.248505     2.9933   3.248402      99.18     0.0170     2.2921     2.0195  35.249935  2.9902496   48.97838  -45.87318    34.9127    34.9122     2.8335     2.8328    27.8308    27.8304    6.39525    6.33841         29 0.0000e+00
      87205   3633.514   2088.000     2.9943   3.248497     2.9937   3.248401      98.63     0.0166     2.2929     2.0200  35.259010  2.9902320   48.97838  -45.87318    34.9127    34.9122     2.8339     2.8333    27.8308    27.8304    6.40594    6.32903         25 0.0000e+00
      87230   3634.541   2087.000     2.9947   3.248490     2.9939   3.248374      98.63     0.0171     2.2931     2.0199  35.260075  2.9902320   48.97838  -45.87318    34.9128    34.9122     2.8343     2.8335    27.8307    27.8304    6.39846    6.32185         25 0.0000e+00
      87254   3635.557   2086.000     2.9949   3.248464     2.9939   3.248348      98.63     0.0173     2.2935     2.0197  35.260075  2.9902320   48.97838  -45.87318    34.9127    34.9124     2.8346     2.8336    27.8306    27.8305    6.40351    6.32213         23 0.0000e+00
      87277   3636.483   2085.000     2.9951   3.248434     2.9940   3.248315      98.63     0.0187     2.2936     2.0197  35.260075  2.9902320   48.97838  -45.87316    34.9126    34.9123     2.8349     2.8338    27.8306    27.8304    6.39458    6.32350         21 0.0000e+00
      87296   3637.290   2084.000     2.9951   3.248404     2.9941   3.248281      98.64     0.0199     2.2936     2.0198  35.248528  2.9902320   48.97838  -45.87316    34.9128    34.9123     2.8349     2.8340    27.8307    27.8304    6.40292    6.33040         19 0.0000e+00
      87314   3638.045   2083.000     2.9952   3.248367     2.9944   3.248266      98.63     0.0151     2.2946     2.0203  35.245411  2.9902320   48.97838  -45.87316    34.9127    34.9123     2.8352     2.8344    27.8306    27.8303    6.40301    6.33467         17 0.0000e+00
      87332   3638.806   2082.000     2.9953   3.248339     2.9949   3.248266      30.83     0.0139     2.2944     2.0208  35.247604  2.9902320   48.97838  -45.87316    34.9127    34.9123     2.8353     2.8350    27.8306    27.8303    6.39361    6.33346         20 0.0000e+00
      87353   3639.683   2081.000     2.9956   3.248325     2.9954   3.248265      84.26     0.0149     2.2943     2.0209  35.259727  2.9902320   48.97838  -45.87316    34.9127    34.9123     2.8358     2.8355    27.8305    27.8302    6.39887    6.31881         23 0.0000e+00
      87382   3640.862   2080.000     2.9958   3.248296     2.9956   3.248241      98.49     0.0185     2.2948     2.0204  35.259636  2.9902320   48.97838  -45.87315    34.9127    34.9122     2.8360     2.8358    27.8305    27.8302    6.39618    6.31813         33 0.0000e+00
      87413   3642.170   2079.000     2.9957   3.248254     2.9956   3.248195      85.19     0.0194     2.2949     2.0204  35.254467  2.9902320   48.97838  -45.87314    34.9127    34.9121     2.8361     2.8360    27.8305    27.8300    6.39913    6.31912         27 0.0000e+00
      87436   3643.132   2078.000     2.9965   3.248267     2.9959   3.248183      98.72     0.0185     2.2950     2.0203  35.250275  2.9902320   48.97838  -45.87314    34.9126    34.9121     2.8369     2.8363    27.8303    27.8300    6.39407    6.32177         21 0.0000e+00
      87456   3643.974   2077.000     2.9967   3.248261     2.9959   3.248148      98.63     0.0152     2.2954     2.0207  35.245453  2.9902320   48.97838  -45.87314    34.9127    34.9122     2.8372     2.8364    27.8304    27.8301    6.39263    6.32477         20 0.0000e+00
      87478   3644.877   2076.000     2.9971   3.248247     2.9962   3.248141      98.63     0.0146     2.2950     2.0209  35.245422  2.9902320   48.97838  -45.87314    34.9126    34.9123     2.8376     2.8368    27.8303    27.8301    6.39683    6.32495         24 0.0000e+00
      87504   3645.958   2075.000     2.9973   3.248230     2.9967   3.248150      98.63     0.0160     2.2957     2.0210  35.245422  2.9902320   48.97839  -45.87313    34.9127    34.9123     2.8379     2.8374    27.8303    27.8301    6.40227    6.32458         27 0.0000e+00
      87531   3647.076   2074.000     2.9977   3.248213     2.9973   3.248150      98.63     0.0156     2.2961     2.0215  35.238770  2.9902320   48.97840  -45.87312    34.9125    34.9122     2.8385     2.8380    27.8301    27.8300    6.39953    6.32806         25 0.0000e+00
      87555   3648.074   2073.000     2.9978   3.248187     2.9978   3.248149      98.63     0.0161     2.2964     2.0218  35.237469  2.9902320   48.97840  -45.87312    34.9125    34.9122     2.8387     2.8386    27.8301    27.8299    6.39818    6.32564         24 0.0000e+00
      87579   3649.092   2072.000     2.9986   3.248231     2.9980   3.248137      89.51     0.0183     2.2968     2.0219  35.240875  2.9924607   48.97840  -45.87312    34.9127    34.9123     2.8396     2.8389    27.8302    27.8299    6.39744    6.31868         26 0.0000e+00
      87607   3650.241   2071.000     2.9988   3.248206     2.9981   3.248105      71.86     0.0175     2.2968     2.0216  35.243355  2.9926760   48.97840  -45.87312    34.9127    34.9122     2.8398     2.8391    27.8302    27.8299    6.39853    6.31422         28 0.0000e+00
      87633   3651.327   2070.000     2.9990   3.248177     2.9981   3.248072      99.52     0.0172     2.2975     2.0216  35.244175  2.9919059   48.97840  -45.87310    34.9127    34.9123     2.8401     2.8392    27.8301    27.8299    6.39902    6.31784         23 0.0000e+00
      87653   3652.185   2069.000     2.9995   3.248177     2.9985   3.248060      98.63     0.0122     2.2971     2.0215  35.245449  2.9917710   48.97840  -45.87310    34.9126    34.9123     2.8407     2.8397    27.8300    27.8298    6.39400    6.31699         19 0.0000e+00
      87671   3652.922   2068.000     3.0009   3.248249     2.9996   3.248125      98.63     0.0131     2.2972     2.0216  35.240211  2.9919572   48.97840  -45.87310    34.9125    34.9123     2.8421     2.8409    27.8298    27.8297    6.39847    6.32308         17 0.0000e+00
      87689   3653.657   2067.000     3.0019   3.248317     3.0022   3.248327      98.63     0.0147     2.2979     2.0222  35.230129  2.9907613   48.97840  -45.87310    34.9127    34.9125     2.8432     2.8435    27.8299    27.8297    6.39461    6.32650         19 0.0000e+00
      87709   3654.511   2066.000     3.0048   3.248526     3.0072   3.248729      98.63     0.0126     2.2977     2.0224  35.228283  2.9935298   48.97840  -45.87310    34.9125    34.9125     2.8462     2.8485    27.8295    27.8292    6.40050    6.32153         23 0.0000e+00
      87739   3655.742   2065.000     3.0069   3.248684     3.0099   3.248915      98.64     0.0134     2.2983     2.0227  35.244625  2.9966714   48.97840  -45.87310    34.9127    34.9123     2.8483     2.8513    27.8294    27.8288    6.39736    6.32170         36 0.0000e+00
      87772   3657.130   2064.000     3.0067   3.248616     3.0100   3.248864      60.98     0.0155     2.2987     2.0231  35.242229  3.0014861   48.97840  -45.87309    34.9127    34.9121     2.8482     2.8515    27.8294    27.8286    6.39610    6.32380         28 0.0000e+00
      87796   3658.144   2063.000     3.0083   3.248723     3.0106   3.248888      70.10     0.0158     2.2989     2.0234  35.242756  3.0031056   48.97840  -45.87308    34.9127    34.9122     2.8499     2.8522    27.8292    27.8287    6.39430    6.33151         22 0.0000e+00
      87820   3659.112   2062.000     3.0117   3.248983     3.0115   3.248934      98.24     0.0156     2.2988     2.0243  35.243652  3.0038962   48.97842  -45.87308    34.9127    34.9123     2.8533     2.8531    27.8289    27.8287    6.39716    6.33045         25 0.0000e+00
      87849   3660.341   2061.000     3.0128   3.249045     3.0120   3.248944      87.37     0.0137     2.2993     2.0248  35.242844  3.0037367   48.97842  -45.87308    34.9128    34.9123     2.8545     2.8538    27.8289    27.8286    6.39318    6.32632         34 0.0000e+00
      87879   3661.575   2060.000     3.0130   3.249010     3.0123   3.248918      99.19     0.0111     2.2994     2.0249  35.222549  3.0095823   48.97842  -45.87308    34.9126    34.9122     2.8548     2.8541    27.8287    27.8285    6.39497    6.32390         22 0.0000e+00
      87897   3662.347   2059.000     3.0133   3.249002     3.0124   3.248888      98.63     0.0137     2.3001     2.0253  35.228222  3.0085130   48.97842  -45.87308    34.9126    34.9122     2.8552     2.8543    27.8287    27.8285    6.40405    6.32673         16 0.0000e+00
      87912   3662.958   2058.000     3.0138   3.249004     3.0127   3.248879      98.64     0.0168     2.2998     2.0252  35.227619  3.0090873   48.97842  -45.87306    34.9126    34.9123     2.8558     2.8547    27.8287    27.8285    6.39893    6.32418         14 0.0000e+00
      87926   3663.531   2057.000     3.0139   3.248975     3.0129   3.248867      98.63     0.0164     2.3003     2.0254  35.220169  3.0097809   48.97842  -45.87306    34.9126    34.9124     2.8560     2.8550    27.8287    27.8285    6.39604    6.32239         14 0.0000e+00
      87940   3664.137   2056.000     3.0139   3.248935     3.0131   3.248843      98.63     0.0179     2.3006     2.0254  35.226105  3.0097680   48.97842  -45.87306    34.9127    34.9124     2.8560     2.8553    27.8287    27.8285    6.39653    6.32156         16 0.0000e+00
      87958   3664.879   2055.000     3.0138   3.248900     3.0134   3.248829      98.63     0.0169     2.3006     2.0256  35.227230  3.0097680   48.97842  -45.87306    34.9128    34.9123     2.8561     2.8557    27.8288    27.8285    6.39652    6.31902         21 0.0000e+00
      87993   3666.313   2054.000     3.0137   3.248844     3.0133   3.248778      98.63     0.0129     2.3011     2.0255  35.228363  3.0090303   48.97842  -45.87306    34.9128    34.9123     2.8560     2.8557    27.8288    27.8284    6.39594    6.32095         50 0.0000e+00
      88036   3668.145   2053.000     3.0135   3.248788     3.0132   3.248709      66.52     0.0173     2.3012     2.0264  35.225761  3.0091233   48.97842  -45.87306    34.9128    34.9122     2.8559     2.8556    27.8288    27.8283    6.40103    6.33680         30 0.0000e+00
      88061   3669.168   2052.000     3.0139   3.248784     3.0144   3.248777      93.66     0.0150     2.3022     2.0270  35.226948  3.0093436   48.97842  -45.87306    34.9127    34.9121     2.8564     2.8569    27.8287    27.8282    6.39899    6.33243         23 0.0000e+00
      88085   3670.150   2051.000     3.0161   3.248927     3.0153   3.248824      98.66     0.0109     2.3020     2.0276  35.225880  3.0089521   48.97842  -45.87306    34.9126    34.9123     2.8587     2.8579    27.8284    27.8282    6.39554    6.33129         24 0.0000e+00
