data/CTD/2014/CNV/u017a034.cnv
* Sea-Bird SBE 9 Data File:
* FileName = C:\CTD_ACQUISITION\2014017HUD\ctddata\017A034.hdr
* Software Version Seasave V 7.22.2
* Temperature SN = 5081
* Conductivity SN = 3561
* Number of Bytes Per Scan = 37
* Number of Voltage Words = 4
* Number of Scans Averaged by the Deck Unit = 1
* NMEA Latitude = 48 20.63 N
* NMEA Longitude = 046 35.08 W
* NMEA UTC (Time) = Jul 09 2014 15:35:27
* NMEA baud rate = 9600
** Ship: Hudson
** Cruise: HUD2014017
** Chief_Scientist: Blair Greenan
** Organization: BIO
** Area_of_Operation: Sackville Spur
** Station: 034
** Sounding:  1364
** Event_Comments: SS-10 403200
# nquan = 25
# nvalues = 1420                        
# units = specified
# name 0 = scan: Scan Count
# name 1 = timeS: Time, Elapsed [seconds]
# name 2 = prDM: Pressure, Digiquartz [db]
# name 3 = t068C: Temperature [ITS-68, deg C]
# name 4 = c0S/m: Conductivity [S/m]
# name 5 = t168C: Temperature, 2 [ITS-68, deg C]
# name 6 = c1S/m: Conductivity, 2 [S/m]
# name 7 = altM: Altimeter [m]
# name 8 = flC: Fluorescence, Chelsea Aqua 3 Chl Con [ug/l]
# name 9 = sbeox0V: Oxygen raw, SBE 43 [V]
# name 10 = sbeox1V: Oxygen raw, SBE 43, 2 [V]
# name 11 = upoly0: Upoly 0, Optode 4330F - O2 D-Phase
# name 12 = upoly1: Upoly 1, Optode 4330F - O2 Temp
# name 13 = latitude: Latitude [deg]
# name 14 = longitude: Longitude [deg]
# name 15 = sal00: Salinity, Practical [PSU]
# name 16 = sal11: Salinity, Practical, 2 [PSU]
# name 17 = potemp068C: Potential Temperature [ITS-68, deg C]
# name 18 = potemp168C: Potential Temperature, 2 [ITS-68, deg C]
# name 19 = sigma-é00: Density [sigma-theta, Kg/m^3]
# name 20 = sigma-é11: Density, 2 [sigma-theta, Kg/m^3]
# name 21 = sbeox0ML/L: Oxygen, SBE 43 [ml/l], WS = 2
# name 22 = sbeox1ML/L: Oxygen, SBE 43, 2 [ml/l], WS = 2
# name 23 = nbin: number of scans per bin
# name 24 = flag: flag
# span 0 =      47998,      86108       
# span 1 =   1999.859,   3587.787       
# span 2 =      1.000,   1420.000       
# span 3 =    -1.2342,     7.5644       
# span 4 =   2.670025,   3.373375       
# span 5 =    -1.2344,     7.5691       
# span 6 =   2.669985,   3.373881       
# span 7 =       5.34,     102.53       
# span 8 =     0.0087,     0.0577       
# span 9 =     2.4490,     3.7383       
# span 10 =     2.1624,     3.2938      
# span 11 =  30.415649,  34.815277      
# span 12 = -1.1807368,  7.6883597      
# span 13 =   48.34850,   48.35198      
# span 14 =  -46.58240,  -46.57977      
# span 15 =    32.7573,    34.9111      
# span 16 =    32.7582,    34.9108      
# span 17 =    -1.2348,     7.5643      
# span 18 =    -1.2351,     7.5691      
# span 19 =    25.5753,    27.7649      
# span 20 =    25.5753,    27.7648      
# span 21 =    6.26044,    9.97279      
# span 22 =    6.21302,   10.19576      
# span 23 =         11,         84      
# span 24 = 0.0000e+00, 0.0000e+00      
# interval = decibars: 1                
# start_time = Jul 09 2014 15:35:27 [NMEA time, header]
# bad_flag = -9.990e-29
*END*
[from data line 1044]
      71803   2991.747    376.000     3.6348   3.221885     3.6326   3.221628      98.63     0.0185     2.8871     2.5340  33.457226  3.6544566   48.34988  -46.58135    34.7855    34.7847     3.6090     3.6069    27.6555    27.6551    6.70886    6.69620         22 0.0000e+00
      71828   2992.783    375.000     3.6309   3.221439     3.6275   3.221050      52.84     0.0186     2.8877     2.5362  33.457870  3.6540978   48.34989  -46.58134    34.7848    34.7838     3.6052     3.6018    27.6554    27.6549    6.72305    6.71474         27 0.0000e+00
      71855   2993.903    374.000     3.6270   3.221002     3.6227   3.220518      99.83     0.0205     2.8897     2.5387  33.457874  3.6536641   48.34990  -46.58134    34.7843    34.7830     3.6014     3.5971    27.6553    27.6548    6.73908    6.72187         25 0.0000e+00
      71877   2994.845    373.000     3.6246   3.220684     3.6244   3.220652      98.63     0.0167     2.8914     2.5406  33.457874  3.6443715   48.34990  -46.58134    34.7834    34.7834     3.5991     3.5989    27.6548    27.6549    6.74545    6.72177         20 0.0000e+00
      71896   2995.618    372.000     3.6285   3.221015     3.6283   3.220985      47.91     0.0140     2.8939     2.5416  33.457874  3.6446886   48.34990  -46.58134    34.7839    34.7838     3.6030     3.6028    27.6549    27.6548    6.75620    6.72780         18 0.0000e+00
      71913   2996.341    371.000     3.6247   3.220579     3.6191   3.219914      77.61     0.0184     2.8958     2.5435  33.457874  3.6446886   48.34992  -46.58134    34.7832    34.7813     3.5994     3.5937    27.6547    27.6537    6.76392    6.74268         17 0.0000e+00
      71932   2997.104    370.000     3.6106   3.219011     3.5941   3.217150      98.64     0.0169     2.8984     2.5458  33.457874  3.6446886   48.34992  -46.58134    34.7801    34.7753     3.5853     3.5689    27.6536    27.6514    6.77428    6.75105         20 0.0000e+00
      71953   2997.986    369.000     3.5810   3.215917     3.5531   3.212899      98.15     0.0155     2.9010     2.5478  33.457874  3.6442707   48.34992  -46.58133    34.7743    34.7685     3.5566     3.5281    27.6518    27.6500    6.79100    6.75465         23 0.0000e+00
      71977   2998.985    368.000     3.5483   3.212522     3.5348   3.211006      48.91     0.0180     2.9047     2.5497  33.457874  3.6350627   48.34992  -46.58132    34.7696    34.7658     3.5234     3.5099    27.6514    27.6497    6.79671    6.76825         25 0.0000e+00
      72002   3000.040    367.000     3.5319   3.210789     3.5254   3.209959      98.56     0.0154     2.9071     2.5519  33.457874  3.6325796   48.34994  -46.58132    34.7665    34.7638     3.5071     3.5006    27.6505    27.6490    6.79840    6.77317         25 0.0000e+00
      72026   3001.023    366.000     3.5169   3.209021     3.5100   3.208191      98.10     0.0134     2.9089     2.5534  33.457874  3.6153464   48.34994  -46.58130    34.7621    34.7595     3.4922     3.4854    27.6485    27.6470    6.80046    6.77723         22 0.0000e+00
      72047   3001.923    365.000     3.4980   3.206970     3.4949   3.206547      37.54     0.0161     2.9102     2.5546  33.457874  3.6153846   48.34994  -46.58130    34.7582    34.7564     3.4734     3.4703    27.6472    27.6461    6.80266    6.78197         21 0.0000e+00
      72067   3002.748    364.000     3.4898   3.206037     3.4881   3.205806      98.45     0.0176     2.9108     2.5556  33.457874  3.6066694   48.34994  -46.58130    34.7562    34.7553     3.4654     3.4637    27.6464    27.6458    6.80135    6.78803         19 0.0000e+00
      72086   3003.555    363.000     3.4867   3.205637     3.4847   3.205367      17.46     0.0171     2.9115     2.5568  33.457874  3.6056256   48.34995  -46.58130    34.7552    34.7542     3.4623     3.4603    27.6459    27.6453    6.79889    6.79228         20 0.0000e+00
      72107   3004.410    362.000     3.4843   3.205307     3.4833   3.205170      61.26     0.0177     2.9115     2.5582  33.457874  3.5914307   48.34996  -46.58130    34.7544    34.7538     3.4600     3.4590    27.6455    27.6451    6.79571    6.79417         22 0.0000e+00
      72130   3005.395    361.000     3.4834   3.205173     3.4829   3.205079      77.09     0.0189     2.9119     2.5591  33.457874  3.5770206   48.34996  -46.58130    34.7543    34.7537     3.4592     3.4587    27.6454    27.6450    6.79761    6.78800         25 0.0000e+00
      72156   3006.450    360.000     3.4833   3.205103     3.4829   3.205041      83.78     0.0178     2.9123     2.5591  33.453548  3.5660086   48.34996  -46.58130    34.7541    34.7538     3.4591     3.4587    27.6453    27.6451    6.79597    6.77719         24 0.0000e+00
      72178   3007.379    359.000     3.4832   3.205052     3.4826   3.204958      67.67     0.0163     2.9125     2.5585  33.448082  3.5567386   48.34998  -46.58128    34.7542    34.7537     3.4591     3.4585    27.6454    27.6451    6.80173    6.77690         21 0.0000e+00
      72197   3008.187    358.000     3.4824   3.204903     3.4815   3.204791      60.22     0.0167     2.9131     2.5588  33.445667  3.5529819   48.34998  -46.58128    34.7538    34.7534     3.4584     3.4575    27.6451    27.6449    6.80390    6.78357         18 0.0000e+00
      72216   3008.960    357.000     3.4818   3.204799     3.4811   3.204697      98.70     0.0149     2.9138     2.5592  33.443218  3.5372126   48.34998  -46.58126    34.7537    34.7533     3.4578     3.4571    27.6451    27.6448    6.80182    6.78601         19 0.0000e+00
      72235   3009.756    356.000     3.4812   3.204713     3.4806   3.204617      98.63     0.0158     2.9142     2.5596  33.443222  3.5372405   48.34998  -46.58126    34.7538    34.7533     3.4574     3.4568    27.6452    27.6449    6.80278    6.77889         20 0.0000e+00
      72257   3010.656    355.000     3.4809   3.204626     3.4804   3.204549      98.63     0.0158     2.9147     2.5590  33.423759  3.5368474   48.34999  -46.58126    34.7537    34.7532     3.4570     3.4566    27.6452    27.6449    6.80485    6.77230         24 0.0000e+00
      72286   3011.873    354.000     3.4806   3.204558     3.4802   3.204492      89.93     0.0166     2.9150     2.5586  33.423935  3.5356112   48.35000  -46.58126    34.7537    34.7533     3.4569     3.4565    27.6452    27.6449    6.79228    6.76941         35 0.0000e+00
      72319   3013.266    353.000     3.4807   3.204512     3.4803   3.204460      61.47     0.0134     2.9144     2.5576  33.412560  3.5272439   48.35000  -46.58126    34.7536    34.7534     3.4570     3.4566    27.6451    27.6450    6.78428    6.76697         28 0.0000e+00
      72342   3014.201    352.000     3.4809   3.204482     3.4801   3.204398      99.15     0.0133     2.9125     2.5576  33.412281  3.5236201   48.35002  -46.58124    34.7535    34.7534     3.4573     3.4565    27.6450    27.6450    6.78487    6.77274         18 0.0000e+00
      72358   3014.891    351.000     3.4807   3.204418     3.4799   3.204347      98.63     0.0135     2.9137     2.5580  33.403961  3.5075691   48.35002  -46.58124    34.7535    34.7535     3.4572     3.4564    27.6450    27.6451    6.79277    6.77896         15 0.0000e+00
      72373   3015.498    350.000     3.4804   3.204336     3.4798   3.204262      57.60     0.0141     2.9132     2.5587  33.403435  3.5079365   48.35002  -46.58124    34.7534    34.7531     3.4569     3.4564    27.6450    27.6448    6.78919    6.78114         14 0.0000e+00
      72387   3016.080    349.000     3.4805   3.204261     3.4803   3.204168      17.99     0.0148     2.9133     2.5588  33.406685  3.5079365   48.35002  -46.58124    34.7529    34.7520     3.4571     3.4569    27.6445    27.6439    6.80251    6.77777         14 0.0000e+00
      72401   3016.683    348.000     3.4825   3.204276     3.4845   3.204380      94.40     0.0147     2.9146     2.5594  33.399323  3.5079365   48.35002  -46.58124    34.7515    34.7506     3.4592     3.4612    27.6432    27.6423    6.81036    6.77613         16 0.0000e+00
      72418   3017.380    347.000     3.4873   3.204552     3.4886   3.204638      68.07     0.0116     2.9160     2.5594  33.399269  3.5084674   48.35002  -46.58124    34.7502    34.7499     3.4641     3.4653    27.6418    27.6414    6.79789    6.76532         18 0.0000e+00
      72442   3018.387    346.000     3.4884   3.204607     3.4896   3.204652      67.10     0.0126     2.9149     2.5578  33.399269  3.5082490   48.35003  -46.58122    34.7503    34.7496     3.4652     3.4664    27.6416    27.6410    6.76881    6.74266         33 0.0000e+00
      72491   3020.410    345.000     3.4881   3.204573     3.4857   3.204357      70.77     0.0161     2.9083     2.5524  33.394886  3.5079136   48.35004  -46.58120    34.7507    34.7507     3.4650     3.4626    27.6420    27.6423    6.72763    6.71286         54 0.0000e+00
      72526   3021.886    344.000     3.4891   3.204614     3.4911   3.204782      99.57     0.0155     2.9025     2.5483  33.392914  3.5079365   48.35004  -46.58120    34.7508    34.7506     3.4660     3.4680    27.6420    27.6417    6.71711    6.71197         21 0.0000e+00
      72543   3022.591    343.000     3.4990   3.205388     3.4975   3.205294      43.89     0.0165     2.9008     2.5475  33.399330  3.5079365   48.35004  -46.58120    34.7500    34.7505     3.4759     3.4745    27.6404    27.6409    6.72397    6.71718         15 0.0000e+00
      72557   3023.168    342.000     3.5110   3.206497     3.5091   3.206440      55.09     0.0156     2.8999     2.5473  33.399269  3.5079365   48.35006  -46.58120    34.7511    34.7524     3.4880     3.4861    27.6401    27.6413    6.72309    6.71798         13 0.0000e+00
      72570   3023.698    341.000     3.5317   3.208415     3.5381   3.209161      99.48     0.0144     2.8998     2.5471  33.399269  3.5079365   48.35006  -46.58119    34.7527    34.7547     3.5087     3.5151    27.6393    27.6403    6.72160    6.71447         12 0.0000e+00
      72582   3024.211    340.000     3.5460   3.209782     3.5509   3.210323      98.63     0.0179     2.8984     2.5471  33.399269  3.5079365   48.35006  -46.58118    34.7544    34.7556     3.5230     3.5279    27.6393    27.6398    6.71355    6.71126         13 0.0000e+00
      72595   3024.760    339.000     3.5559   3.210737     3.5609   3.211241      93.55     0.0183     2.8983     2.5471  33.387989  3.5079365   48.35006  -46.58118    34.7558    34.7565     3.5330     3.5380    27.6394    27.6395    6.71333    6.70392         14 0.0000e+00
      72611   3025.412    338.000     3.5624   3.211348     3.5657   3.211627      48.67     0.0146     2.8976     2.5464  33.394913  3.5079365   48.35006  -46.58118    34.7566    34.7565     3.5397     3.5429    27.6394    27.6390    6.70625    6.69320         18 0.0000e+00
      72640   3026.633    337.000     3.5601   3.211063     3.5589   3.210898      79.46     0.0195     2.8963     2.5451  33.396782  3.5209694   48.35006  -46.58117    34.7563    34.7556     3.5373     3.5361    27.6394    27.6390    6.70813    6.69364         43 0.0000e+00
      72682   3028.393    336.000     3.5589   3.210887     3.5476   3.209812      99.72     0.0196     2.8959     2.5448  33.399422  3.5375950   48.35008  -46.58116    34.7560    34.7551     3.5362     3.5250    27.6393    27.6397    6.71501    6.70082         33 0.0000e+00
      72708   3029.443    335.000     3.5577   3.210659     3.5472   3.209732      98.63     0.0206     2.8957     2.5450  33.399269  3.5482013   48.35008  -46.58116    34.7551    34.7551     3.5351     3.5246    27.6386    27.6397    6.71596    6.70584         21 0.0000e+00
      72727   3030.236    334.000     3.5637   3.211174     3.5599   3.210847      84.50     0.0187     2.8967     2.5458  33.400089  3.5470009   48.35008  -46.58114    34.7554    34.7556     3.5412     3.5373    27.6383    27.6388    6.72150    6.70805         18 0.0000e+00
      72746   3031.025    333.000     3.5601   3.210787     3.5557   3.210265      34.60     0.0202     2.8969     2.5461  33.405891  3.5474997   48.35010  -46.58114    34.7552    34.7536     3.5376     3.5333    27.6385    27.6376    6.71797    6.70236         20 0.0000e+00
      72765   3031.829    332.000     3.5561   3.210361     3.5498   3.209593      86.58     0.0207     2.8972     2.5461  33.405437  3.5470114   48.35010  -46.58114    34.7548    34.7523     3.5337     3.5274    27.6386    27.6372    6.71967    6.69712         19 0.0000e+00
      72783   3032.597    331.000     3.5530   3.209931     3.5460   3.209148      98.52     0.0186     2.8980     2.5457  33.425930  3.5480835   48.35010  -46.58114    34.7535    34.7516     3.5307     3.5237    27.6378    27.6369    6.71977    6.68990         18 0.0000e+00
      72801   3033.330    330.000     3.5481   3.209362     3.5436   3.208851      73.88     0.0179     2.8975     2.5449  33.431133  3.5493016   48.35010  -46.58114    34.7524    34.7511     3.5259     3.5214    27.6374    27.6368    6.71887    6.69148         17 0.0000e+00
      72819   3034.078    329.000     3.5452   3.208996     3.5413   3.208540      45.87     0.0175     2.8983     2.5450  33.430885  3.5500877   48.35010  -46.58112    34.7518    34.7504     3.5230     3.5191    27.6372    27.6365    6.71638    6.70093         19 0.0000e+00
      72841   3034.988    328.000     3.5430   3.208712     3.5390   3.208255      90.46     0.0119     2.8979     2.5455  33.442787  3.5474796   48.35010  -46.58112    34.7511    34.7500     3.5210     3.5169    27.6369    27.6364    6.71848    6.70429         26 0.0000e+00
      72873   3036.342    327.000     3.5398   3.208319     3.5391   3.208230      66.76     0.0146     2.8985     2.5466  33.443588  3.5470178   48.35011  -46.58110    34.7505    34.7501     3.5177     3.5171    27.6367    27.6365    6.71982    6.70877         39 0.0000e+00
      72909   3037.846    326.000     3.5405   3.208351     3.5392   3.208182      84.94     0.0165     2.8994     2.5475  33.443714  3.5466754   48.35012  -46.58110    34.7506    34.7500     3.5185     3.5186    27.6367    27.6363    6.73052    6.70753         30 0.0000e+00
      72935   3038.906    325.000     3.5361   3.207846     3.5327   3.207422      27.92     0.0173     2.9008     2.5477  33.458282  3.5369697   48.35012  -46.58109    34.7498    34.7483     3.5142     3.5108    27.6365    27.6356    6.73009    6.70170         21 0.0000e+00
      72953   3039.674    324.000     3.5259   3.206663     3.5229   3.206264      99.30     0.0128     2.9011     2.5473  33.457874  3.5372405   48.35012  -46.58108    34.7472    34.7453     3.5039     3.5012    27.6354    27.6342    6.73434    6.69963         17 0.0000e+00
      72969   3040.334    323.000     3.5157   3.205535     3.5135   3.205258      98.63     0.0125     2.9019     2.5473  33.457874  3.5372405   48.35012  -46.58108    34.7448    34.7438     3.4940     3.4918    27.6345    27.6339    6.73412    6.69765         15 0.0000e+00
      72983   3040.936    322.000     3.5131   3.205209     3.5111   3.204952      98.63     0.0133     2.9020     2.5465  33.457874  3.5372405   48.35012  -46.58108    34.7442    34.7433     3.4915     3.4895    27.6342    27.6337    6.73251    6.69174         14 0.0000e+00
      72998   3041.560    321.000     3.5119   3.205018     3.5107   3.204857      98.63     0.0108     2.9026     2.5461  33.457874  3.5372405   48.35012  -46.58108    34.7438    34.7430     3.4903     3.4892    27.6340    27.6336    6.72707    6.68661         16 0.0000e+00
      73016   3042.271    320.000     3.5112   3.204891     3.5105   3.204769      98.63     0.0126     2.9019     2.5450  33.459373  3.5337412   48.35014  -46.58108    34.7435    34.7427     3.4897     3.4891    27.6339    27.6333    6.70920    6.67676         19 0.0000e+00
