data/CTD/2014/CNV/u017a030.cnv
* Sea-Bird SBE 9 Data File:
* FileName = C:\CTD_ACQUISITION\2014017HUD\ctddata\017A030.hdr
* Software Version Seasave V 7.22.2
* Temperature SN = 5081
* Conductivity SN = 3561
* Number of Bytes Per Scan = 37
* Number of Voltage Words = 4
* Number of Scans Averaged by the Deck Unit = 1
* NMEA Latitude = 48 45.33 N
* NMEA Longitude = 045 38.35 W
* NMEA UTC (Time) = Jul 07 2014 06:14:51
* NMEA baud rate = 9600
** Ship: Hudson
** Cruise: HUD2014017
** Chief_Scientist: Blair Greenan
** Organization: BIO
** Area_of_Operation: Sackville Spur
** Station: 030
** Sounding:  1323
** Event_Comments: SS_24, 403179
# nquan = 25
# nvalues = 1363                        
# units = specified
# name 0 = scan: Scan Count
# name 1 = timeS: Time, Elapsed [seconds]
# name 2 = prDM: Pressure, Digiquartz [db]
# name 3 = t068C: Temperature [ITS-68, deg C]
# name 4 = c0S/m: Conductivity [S/m]
# name 5 = t168C: Temperature, 2 [ITS-68, deg C]
# name 6 = c1S/m: Conductivity, 2 [S/m]
# name 7 = altM: Altimeter [m]
# name 8 = flC: Fluorescence, Chelsea Aqua 3 Chl Con [ug/l]
# name 9 = sbeox0V: Oxygen raw, SBE 43 [V]
# name 10 = sbeox1V: Oxygen raw, SBE 43, 2 [V]
# name 11 = upoly0: Upoly 0, Optode 4330F - O2 D-Phase
# name 12 = upoly1: Upoly 1, Optode 4330F - O2 Temp
# name 13 = latitude: Latitude [deg]
# name 14 = longitude: Longitude [deg]
# name 15 = sal00: Salinity, Practical [PSU]
# name 16 = sal11: Salinity, Practical, 2 [PSU]
# name 17 = potemp068C: Potential Temperature [ITS-68, deg C]
# name 18 = potemp168C: Potential Temperature, 2 [ITS-68, deg C]
# name 19 = sigma-é00: Density [sigma-theta, Kg/m^3]
# name 20 = sigma-é11: Density, 2 [sigma-theta, Kg/m^3]
# name 21 = sbeox0ML/L: Oxygen, SBE 43 [ml/l], WS = 2
# name 22 = sbeox1ML/L: Oxygen, SBE 43, 2 [ml/l], WS = 2
# name 23 = nbin: number of scans per bin
# name 24 = flag: flag
# span 0 =      41209,      75304       
# span 1 =   1717.007,   3137.615       
# span 2 =      1.000,   1363.000       
# span 3 =     1.8472,     8.6261       
# span 4 =   3.004605,   3.564310       
# span 5 =     1.8398,     8.6305       
# span 6 =   3.003706,   3.566934       
# span 7 =      -9.03,     107.89       
# span 8 =     0.0081,     0.2751       
# span 9 =     2.4639,     3.5719       
# span 10 =     2.1789,     3.1645      
# span 11 =  30.273191,  34.800533      
# span 12 =  2.2676368,  8.6649389      
# span 13 =   48.75832,   48.76087      
# span 14 =  -45.63732,  -45.63647      
# span 15 =    33.7656,    34.9157      
# span 16 =    33.7663,    34.9151      
# span 17 =     1.8448,     8.6255      
# span 18 =     1.8375,     8.6304      
# span 19 =    26.2109,    27.7719      
# span 20 =    26.2101,    27.7714      
# span 21 =    6.26947,    9.01649      
# span 22 =    5.85771,    9.16638      
# span 23 =         10,         89      
# span 24 = 0.0000e+00, 0.0000e+00      
# interval = decibars: 1                
# start_time = Jul 07 2014 06:14:51 [NMEA time, header]
# bad_flag = -9.990e-29
*END*
[from data line 1276]
      72067   3002.750     87.000     3.4913   3.181459     3.4935   3.181670      95.34     0.0211     2.9996     2.6358  33.340328  3.4875710   48.76068  -45.63685    34.6102    34.6103     3.4857     3.4879    27.5280    27.5279    6.81950    6.82350         32 0.0000e+00
      72090   3003.724     86.000     3.4818   3.180437     3.4805   3.180025      91.46     0.0216     3.0013     2.6388  33.340660  3.4884400   48.76068  -45.63684    34.6085    34.6049     3.4762     3.4749    27.5276    27.5248    6.82149    6.83970         21 0.0000e+00
      72109   3004.482     85.000     3.4551   3.177291     3.4528   3.176825      95.22     0.0186     3.0024     2.6415  33.329624  3.4785900   48.76068  -45.63684    34.5995    34.5963     3.4496     3.4474    27.5230    27.5207    6.82802    6.84689         16 0.0000e+00
      72124   3005.135     84.000     3.4345   3.174889     3.4289   3.174182      98.69     0.0212     3.0033     2.6428  33.325951  3.4773095   48.76068  -45.63684    34.5930    34.5905     3.4291     3.4235    27.5198    27.5183    6.83408    6.83973         15 0.0000e+00
      72139   3005.742     83.000     3.4169   3.172980     3.4132   3.172426      98.53     0.0212     3.0044     2.6431  33.326008  3.4754028   48.76068  -45.63684    34.5893    34.5865     3.4115     3.4079    27.5186    27.5167    6.83029    6.84480         15 0.0000e+00
      72154   3006.356     82.000     3.4009   3.171247     3.3911   3.170026      69.34     0.0203     3.0045     2.6441  33.330742  3.4722214   48.76068  -45.63684    34.5860    34.5817     3.3956     3.3859    27.5175    27.5149    6.83313    6.85670         15 0.0000e+00
      72170   3007.028     81.000     3.3861   3.169664     3.3593   3.166492      85.22     0.0186     3.0048     2.6458  33.337925  3.4689314   48.76068  -45.63684    34.5832    34.5734     3.3809     3.3541    27.5167    27.5114    6.84399    6.86561         17 0.0000e+00
      72189   3007.853     80.000     3.3742   3.168305     3.2993   3.160042      98.31     0.0176     3.0067     2.6473  33.336250  3.4680376   48.76068  -45.63683    34.5800    34.5599     3.3691     3.2943    27.5153    27.5063    6.86521    6.86847         23 0.0000e+00
      72221   3009.169     79.000     3.3639   3.167113     3.2784   3.157914      98.63     0.0224     3.0115     2.6503  33.324791  3.4408188   48.76068  -45.63682    34.5771    34.5570     3.3589     3.2734    27.5139    27.5060    6.88529    6.88362         42 0.0000e+00
      72262   3010.894     78.000     3.3396   3.164614     3.2931   3.159339      98.63     0.0255     3.0188     2.6524  33.298450  3.4135766   48.76070  -45.63682    34.5732    34.5592     3.3346     3.2881    27.5131    27.5064    6.91357    6.87330         34 0.0000e+00
      72288   3011.979     77.000     3.3126   3.161695     3.2594   3.155561      83.50     0.0255     3.0215     2.6528  33.291676  3.4101737   48.76070  -45.63682    34.5674    34.5499     3.3078     3.2546    27.5111    27.5021    6.89147    6.87041         21 0.0000e+00
      72309   3012.827     76.000     3.2465   3.154582     3.2167   3.151112      78.56     0.0274     3.0212     2.6509  33.284863  3.4102564   48.76070  -45.63682    34.5523    34.5421     3.2418     3.2119    27.5053    27.4999    6.87008    6.83956         20 0.0000e+00
      72329   3013.670     75.000     3.2243   3.151848     3.2301   3.151627      98.71     0.0258     3.0171     2.6456  33.287643  3.4102564   48.76070  -45.63682    34.5434    34.5345     3.2196     3.2254    27.5003    27.4926    6.82172    6.79930         21 0.0000e+00
      72352   3014.637     74.000     3.2259   3.151291     3.2338   3.151505      91.29     0.0238     3.0085     2.6384  33.318951  3.3927636   48.76070  -45.63681    34.5355    34.5296     3.2212     3.2292    27.4938    27.4884    6.77649    6.77387         26 0.0000e+00
      72378   3015.701     73.000     3.2408   3.152672     3.3379   3.161381      96.65     0.0212     3.0003     2.6313  33.329811  3.3886330   48.76070  -45.63680    34.5368    34.5388     3.2363     3.3333    27.4935    27.4858    6.76340    6.75606         24 0.0000e+00
      72401   3016.647     72.000     3.3118   3.159023     3.4415   3.170931      91.48     0.0221     2.9932     2.6259  33.299500  3.3379259   48.76070  -45.63680    34.5387    34.5444     3.3072     3.4369    27.4882    27.4803    6.73399    6.72874         21 0.0000e+00
      72420   3017.453     71.000     3.4518   3.171211     3.4962   3.175878      93.31     0.0263     2.9879     2.6210  33.300556  3.3290968   48.76070  -45.63680    34.5374    34.5464     3.4472     3.4916    27.4737    27.4766    6.69725    6.68509         19 0.0000e+00
      72438   3018.225     70.000     3.5226   3.177486     3.6150   3.187507      92.99     0.0247     2.9821     2.6164  33.285393  3.3358722   48.76070  -45.63680    34.5383    34.5606     3.5180     3.6104    27.4675    27.4762    6.66378    6.66889         18 0.0000e+00
      72459   3019.073     69.000     3.6388   3.188750     3.7737   3.202005      81.60     0.0252     2.9763     2.6136  33.267620  3.3443241   48.76070  -45.63680    34.5508    34.5667     3.6343     3.7691    27.4661    27.4652    6.64348    6.66222         23 0.0000e+00
      72487   3020.236     68.000     3.7255   3.197804     3.8258   3.206765      90.72     0.0255     2.9721     2.6122  33.247314  3.3863034   48.76070  -45.63678    34.5680    34.5690     3.7210     3.8212    27.4711    27.4618    6.64312    6.64480         34 0.0000e+00
      72520   3021.615     67.000     3.7657   3.200889     3.8309   3.207093      98.94     0.0291     2.9681     2.6068  33.222492  3.4416869   48.76070  -45.63678    34.5629    34.5684     3.7613     3.8264    27.4630    27.4607    6.59061    6.56147         28 0.0000e+00
      72544   3022.615     66.000     3.7851   3.202667     3.8317   3.207103      98.63     0.0262     2.9578     2.5962  33.224182  3.5436928   48.76070  -45.63678    34.5641    34.5678     3.7807     3.8273    27.4620    27.4602    6.51382    6.49040         20 0.0000e+00
      72563   3023.416     65.000     3.8195   3.205816     3.8269   3.206384      98.63     0.0269     2.9491     2.5871  33.223442  3.5654900   48.76070  -45.63678    34.5659    34.5649     3.8152     3.8225    27.4599    27.4584    6.50343    6.46453         19 0.0000e+00
      72582   3024.213     64.000     3.7982   3.203807     3.7487   3.198241      98.63     0.0272     2.9434     2.5799  33.223442  3.5784917   48.76070  -45.63676    34.5650    34.5508     3.7939     3.7445    27.4614    27.4550    6.53540    6.50084         20 0.0000e+00
      72605   3025.185     63.000     3.7381   3.197461     3.6757   3.190882      79.20     0.0277     2.9429     2.5809  33.223442  3.6018043   48.76070  -45.63676    34.5533    34.5406     3.7339     3.6715    27.4581    27.4542    6.61567    6.59414         27 0.0000e+00
      72637   3026.506     62.000     3.6844   3.192420     3.6411   3.187480      99.06     0.0297     2.9524     2.5890  33.246769  3.6341479   48.76070  -45.63676    34.5503    34.5370     3.6804     3.6370    27.4611    27.4548    6.69743    6.64975         34 0.0000e+00
      72667   3027.747     61.000     3.6571   3.189178     3.5676   3.179099      88.44     0.0266     2.9614     2.5940  33.257786  3.6551142   48.76070  -45.63676    34.5409    34.5170     3.6531     3.5638    27.4563    27.4463    6.69506    6.62848         25 0.0000e+00
      72688   3028.624     60.000     3.4531   3.168318     3.3082   3.151502      91.67     0.0300     2.9640     2.5942  33.279701  3.6344392   48.76070  -45.63675    34.5071    34.4580     3.4492     3.3044    27.4493    27.4241    6.72180    6.65756         19 0.0000e+00
      72706   3029.364     59.000     3.1360   3.135298     3.0152   3.120954      97.60     0.0325     2.9664     2.5950  33.282017  3.6332150   48.76070  -45.63674    34.4453    34.3995     3.1324     3.0117    27.4301    27.4047    6.77646    6.72920         17 0.0000e+00
      72724   3030.113     58.000     2.9009   3.112101     2.6600   3.085343      84.21     0.0331     2.9675     2.5966  33.313148  3.6227570   48.76070  -45.63674    34.4142    34.3436     2.8974     2.6567    27.4267    27.3915    6.82266    6.78648         19 0.0000e+00
      72745   3031.001     57.000     2.6342   3.085732     2.3909   3.059140      75.75     0.0270     2.9700     2.5990  33.398022  3.5964248   48.76070  -45.63674    34.3771    34.3095     2.6359     2.3877    27.4202    27.3872    6.89458    6.86103         24 0.0000e+00
      72772   3032.126     56.000     2.4712   3.067861     2.3172   3.052058      97.93     0.0267     2.9750     2.6050  33.453396  3.4923167   48.76070  -45.63674    34.3317    34.3015     2.4681     2.3141    27.3982    27.3869    6.93256    6.92257         29 0.0000e+00
      72799   3033.257     55.000     2.4387   3.064347     2.2991   3.049936      86.35     0.0260     2.9769     2.6081  33.563133  3.2780101   48.76070  -45.63674    34.3237    34.2951     2.4356     2.2961    27.3946    27.3833    6.92651    6.89363         24 0.0000e+00
      72821   3034.170     54.000     2.3172   3.052573     2.2272   3.042591      98.95     0.0217     2.9779     2.6073  33.565704  3.1985643   48.76070  -45.63674    34.3090    34.2818     2.3143     2.2243    27.3929    27.3784    6.94534    6.90904         20 0.0000e+00
      72840   3034.978     53.000     2.2018   3.040582     2.0930   3.029323      83.02     0.0243     2.9783     2.6079  33.576538  2.9891596   48.76070  -45.63674    34.2847    34.2616     2.1990     2.0902    27.3828    27.3730    6.96776    6.95730         20 0.0000e+00
      72860   3035.786     52.000     2.1063   3.030420     1.9937   3.019468      98.18     0.0267     2.9790     2.6107  33.575848  2.9887667   48.76070  -45.63673    34.2615    34.2461     2.1035     1.9910    27.3719    27.3683    6.99561    7.01064         20 0.0000e+00
      72882   3036.714     51.000     1.9950   3.020180     1.9370   3.013892      91.88     0.0243     2.9809     2.6157  33.627537  2.8868465   48.76070  -45.63672    34.2542    34.2380     1.9924     1.9344    27.3747    27.3663    7.03735    7.06694         25 0.0000e+00
      72913   3038.019     50.000     1.9567   3.016239     1.9200   3.012501      80.11     0.0271     2.9857     2.6245  33.639851  2.7907486   48.76071  -45.63672    34.2468    34.2401     1.9541     1.9175    27.3718    27.3693    7.07436    7.11788         37 0.0000e+00
      72950   3039.530     49.000     1.9154   3.012518     1.9790   3.018599      99.58     0.0297     2.9935     2.6356  33.643311  2.6001897   48.76072  -45.63672    34.2431    34.2528     1.9129     1.9765    27.3720    27.3749    7.12055    7.15902         31 0.0000e+00
      72975   3040.602     48.000     1.8756   3.008027     1.8593   3.005857      89.95     0.0285     2.9998     2.6426  33.685982  2.4698858   48.76072  -45.63671    34.2326    34.2229     1.8732     1.8569    27.3666    27.3601    7.13873    7.17126         23 0.0000e+00
      72996   3041.456     47.000     1.8472   3.004605     1.8398   3.003706      91.45     0.0330     3.0038     2.6456  33.695358  2.4325523   48.76072  -45.63670    34.2208    34.2175     1.8448     1.8375    27.3594    27.3573    7.14289    7.16849         19 0.0000e+00
      73015   3042.235     46.000     1.8540   3.004858     1.8816   3.007801      98.69     0.0340     3.0064     2.6486  33.702126  2.3968244   48.76072  -45.63670    34.2173    34.2244     1.8516     1.8792    27.3560    27.3596    7.14939    7.18059         18 0.0000e+00
      73033   3042.982     45.000     1.8863   3.007737     1.9494   3.014059      98.63     0.0381     3.0104     2.6517  33.706978  2.3355536   48.76072  -45.63670    34.2190    34.2302     1.8841     1.9471    27.3549    27.3590    7.16654    7.18028         18 0.0000e+00
      73050   3043.716     44.000     1.9310   3.011847     1.9927   3.017979      86.33     0.0391     3.0146     2.6541  33.705360  2.3357754   48.76072  -45.63670    34.2229    34.2331     1.9288     1.9904    27.3546    27.3580    7.15696    7.16952         18 0.0000e+00
      73068   3044.469     43.000     1.9751   3.016248     2.0205   3.020522      89.09     0.0400     3.0167     2.6559  33.702118  2.2886753   48.76072  -45.63670    34.2310    34.2355     1.9729     2.0182    27.3577    27.3578    7.13747    7.17987         18 0.0000e+00
      73088   3045.282     42.000     2.0265   3.020725     2.0946   3.027106      42.47     0.0382     3.0191     2.6608  33.716557  2.2676368   48.76072  -45.63668    34.2321    34.2384     2.0244     2.0924    27.3545    27.3542    7.15702    7.22571         21 0.0000e+00
      73113   3046.335     41.000     2.0905   3.026408     2.1751   3.033977      90.78     0.0410     3.0276     2.6723  33.670906  2.2774134   48.76072  -45.63668    34.2347    34.2380     2.0884     2.1729    27.3516    27.3475    7.21783    7.30878         31 0.0000e+00
      73150   3047.875     40.000     2.0781   3.025720     2.1354   3.030694      94.44     0.0502     3.0472     2.6970  33.637280  2.2972214   48.76072  -45.63668    34.2401    34.2404     2.0760     2.1332    27.3569    27.3526    7.33164    7.43462         40 0.0000e+00
      73185   3049.342     39.000     2.0670   3.024537     2.0999   3.027143      93.87     0.0504     3.0712     2.7224  33.618176  2.3352246   48.76072  -45.63668    34.2378    34.2349     2.0650     2.0978    27.3559    27.3510    7.41832    7.51338         30 0.0000e+00
      73212   3050.458     38.000     2.2045   3.034888     2.1244   3.026356      89.29     0.0556     3.0897     2.7397  33.589222  2.3523753   48.76072  -45.63668    34.2194    34.1992     2.2025     2.1224    27.3302    27.3205    7.43902    7.52634         24 0.0000e+00
      73234   3051.370     37.000     2.1313   3.026232     2.0996   3.021361      98.80     0.0580     3.1051     2.7531  33.574833  2.3653104   48.76072  -45.63668    34.1901    34.1640     2.1294     2.0977    27.3127    27.2942    7.50663    7.58488         20 0.0000e+00
      73253   3052.156     36.000     2.1195   3.023489     2.1356   3.024005      98.63     0.0590     3.1186     2.7653  33.574268  2.3568327   48.76072  -45.63666    34.1698    34.1589     2.1176     2.1337    27.2973    27.2873    7.55676    7.66393         18 0.0000e+00
      73270   3052.882     35.000     2.1570   3.025942     2.1901   3.028864      79.63     0.0686     3.1326     2.7803  33.569878  2.3355682   48.76072  -45.63666    34.1606    34.1615     2.1551     2.1882    27.2870    27.2850    7.62694    7.76179         17 0.0000e+00
      73287   3053.585     34.000     2.2354   3.032009     2.3182   3.040097      95.41     0.0860     3.1496     2.7986  33.571651  2.3357754   48.76072  -45.63666    34.1524    34.1642     2.2336     2.3164    27.2741    27.2768    7.69679    7.85403         17 0.0000e+00
      73305   3054.332     33.000     2.3043   3.037835     2.4553   3.051033      98.63     0.1056     3.1694     2.8211  33.514263  2.3111377   48.76072  -45.63666    34.1516    34.1534     2.3025     2.4535    27.2678    27.2568    7.76580    7.95581         19 0.0000e+00
      73327   3055.240     32.000     2.3894   3.045055     2.5226   3.056145      94.92     0.1242     3.1976     2.8525  33.460808  2.2871997   48.76072  -45.63666    34.1504    34.1452     2.3877     2.5209    27.2599    27.2446    7.87624    8.07762         25 0.0000e+00
      73356   3056.440     31.000     2.4652   3.051388     2.5410   3.057573      82.94     0.1464     3.2416     2.8962  33.390148  2.3530972   48.76072  -45.63666    34.1483    34.1439     2.4635     2.5393    27.2519    27.2421    8.05906    8.21951         33 0.0000e+00
