data/CTD/2014/CNV/u017a015.cnv
* Sea-Bird SBE 9 Data File:
* FileName = C:\CTD_ACQUISITION\2014017HUD\ctddata\017A015.hdr
* Software Version Seasave V 7.22.2
* Temperature SN = 5081
* Conductivity SN = 3561
* Number of Bytes Per Scan = 37
* Number of Voltage Words = 4
* Number of Scans Averaged by the Deck Unit = 1
* NMEA Latitude = 53 01.21 N
* NMEA Longitude = 051 02.46 W
* NMEA UTC (Time) = Jul 04 2014 04:48:08
* NMEA baud rate = 9600
** Ship: Hudson
** Cruise: HUD2014017
** Chief_Scientist: Blair Greenan
** Organization: BIO
** Area_of_Operation: Sackville Spur
** Station: 015
** Sounding:  2750
** Event_Comments: DSOW1, 403063
# nquan = 25
# nvalues = 2642                        
# units = specified
# name 0 = scan: Scan Count
# name 1 = timeS: Time, Elapsed [seconds]
# name 2 = prDM: Pressure, Digiquartz [db]
# name 3 = t068C: Temperature [ITS-68, deg C]
# name 4 = c0S/m: Conductivity [S/m]
# name 5 = t168C: Temperature, 2 [ITS-68, deg C]
# name 6 = c1S/m: Conductivity, 2 [S/m]
# name 7 = altM: Altimeter [m]
# name 8 = flC: Fluorescence, Chelsea Aqua 3 Chl Con [ug/l]
# name 9 = sbeox0V: Oxygen raw, SBE 43 [V]
# name 10 = sbeox1V: Oxygen raw, SBE 43, 2 [V]
# name 11 = upoly0: Upoly 0, Optode 4330F - O2 D-Phase
# name 12 = upoly1: Upoly 1, Optode 4330F - O2 Temp
# name 13 = latitude: Latitude [deg]
# name 14 = longitude: Longitude [deg]
# name 15 = sal00: Salinity, Practical [PSU]
# name 16 = sal11: Salinity, Practical, 2 [PSU]
# name 17 = potemp068C: Potential Temperature [ITS-68, deg C]
# name 18 = potemp168C: Potential Temperature, 2 [ITS-68, deg C]
# name 19 = sigma-é00: Density [sigma-theta, Kg/m^3]
# name 20 = sigma-é11: Density, 2 [sigma-theta, Kg/m^3]
# name 21 = sbeox0ML/L: Oxygen, SBE 43 [ml/l], WS = 2
# name 22 = sbeox1ML/L: Oxygen, SBE 43, 2 [ml/l], WS = 2
# name 23 = nbin: number of scans per bin
# name 24 = flag: flag
# span 0 =      73227,     158914       
# span 1 =   3051.073,   6621.388       
# span 2 =      1.000,   2642.000       
# span 3 =     2.4600,     8.1774       
# span 4 =   3.188525,   3.578016       
# span 5 =     2.4593,     8.1781       
# span 6 =   3.188392,   3.577932       
# span 7 =       4.24,     107.94       
# span 8 =     0.0062,     0.3861       
# span 9 =     2.1763,     3.4375       
# span 10 =     1.9253,     3.0191      
# span 11 =  30.195036,  35.515980      
# span 12 =  2.4528117,  8.1965199      
# span 13 =   53.01916,   53.02126      
# span 14 =  -51.03840,  -51.03224      
# span 15 =    34.3631,    34.9174      
# span 16 =    34.3616,    34.9170      
# span 17 =     2.2644,     8.1773      
# span 18 =     2.2638,     8.1780      
# span 19 =    26.7473,    27.8739      
# span 20 =    26.7460,    27.8735      
# span 21 =    6.31750,    7.54803      
# span 22 =    6.24982,    7.60928      
# span 23 =          9,         85      
# span 24 = 0.0000e+00, 0.0000e+00      
# interval = decibars: 1                
# start_time = Jul 04 2014 04:48:08 [NMEA time, header]
# bad_flag = -9.990e-29
*END*
[from data line 2551]
     143868   5994.446     91.000     3.5198   3.199328     3.5165   3.198866      86.62     0.0197     3.0384     2.6725  33.091576  3.5321147   53.02040  -51.03428    34.7928    34.7909     3.5139     3.5107    27.6708    27.6696    6.91228    6.91243         45 0.0000e+00
     143900   5995.797     90.000     3.5211   3.199405     3.5171   3.198892      99.21     0.0190     3.0400     2.6738  33.091576  3.5272338   53.02040  -51.03428    34.7930    34.7910     3.5152     3.5113    27.6708    27.6696    6.90788    6.91651         20 0.0000e+00
     143917   5996.486     89.000     3.5161   3.198773     3.5110   3.198112      75.90     0.0170     3.0409     2.6744  33.091576  3.5267971   53.02040  -51.03428    34.7913    34.7888     3.5103     3.5052    27.6699    27.6684    6.90602    6.91580         15 0.0000e+00
     143930   5997.061     88.000     3.5094   3.197921     3.5079   3.197701      23.71     0.0171     3.0402     2.6748  33.091576  3.5274704   53.02040  -51.03428    34.7887    34.7877     3.5037     3.5021    27.6685    27.6679    6.90505    6.91567         14 0.0000e+00
     143944   5997.628     87.000     3.5074   3.197658     3.5066   3.197508      64.72     0.0176     3.0414     2.6748  33.091576  3.5274725   53.02040  -51.03428    34.7882    34.7873     3.5017     3.5009    27.6683    27.6677    6.90808    6.91264         14 0.0000e+00
     143959   5998.258     86.000     3.5068   3.197546     3.5063   3.197435      97.99     0.0187     3.0410     2.6750  33.091576  3.5262773   53.02040  -51.03428    34.7881    34.7872     3.5011     3.5007    27.6683    27.6676    6.90683    6.91137         16 0.0000e+00
     143979   5999.104     85.000     3.5065   3.197474     3.5070   3.197479      98.63     0.0198     3.0419     2.6751  33.091576  3.5188329   53.02040  -51.03426    34.7881    34.7876     3.5010     3.5015    27.6683    27.6678    6.90678    6.91402         26 0.0000e+00
     144019   6000.746     84.000     3.5067   3.197464     3.5076   3.197495      86.31     0.0170     3.0423     2.6758  33.080482  3.5179012   53.02040  -51.03426    34.7883    34.7878     3.5012     3.5021    27.6684    27.6679    6.90600    6.91115         52 0.0000e+00
     144062   6002.541     83.000     3.5079   3.197568     3.5083   3.197569      96.28     0.0142     3.0428     2.6754  33.069180  3.5124710   53.02039  -51.03426    34.7889    34.7884     3.5025     3.5029    27.6688    27.6683    6.90720    6.90824         36 0.0000e+00
     144097   6003.990     82.000     3.5083   3.197528     3.5083   3.197494      81.80     0.0147     3.0431     2.6758  33.070908  3.5078356   53.02039  -51.03426    34.7885    34.7880     3.5029     3.5030    27.6684    27.6681    6.90287    6.91543         29 0.0000e+00
     144126   6005.196     81.000     3.5097   3.197591     3.5102   3.197500      98.47     0.0166     3.0433     2.6771  33.067505  3.5079365   53.02040  -51.03424    34.7882    34.7866     3.5045     3.5049    27.6681    27.6668    6.90124    6.92415         31 0.0000e+00
     144266   6011.032     80.000     3.5097   3.197453     3.5073   3.197069      79.80     0.0187     3.0444     2.6788  33.059864  3.5099816   53.02040  -51.03423    34.7871    34.7851     3.5045     3.5021    27.6672    27.6658    6.90917    6.92128         39 0.0000e+00
     145653   6068.819     79.000     3.5030   3.196574     3.5024   3.196446      87.79     0.0168     3.0504     2.6842  33.036102  3.5080123   53.02038  -51.03402    34.7843    34.7834     3.4979     3.4972    27.6656    27.6650    6.93349    6.94489         80 0.0000e+00
     146004   6083.447     78.000     3.5002   3.196160     3.4991   3.195966      74.31     0.0203     3.0536     2.6895  33.027554  3.5079365   53.02038  -51.03397    34.7829    34.7817     3.4951     3.4940    27.6647    27.6639    6.93197    6.96379         37 0.0000e+00
     146007   6083.580     77.000     3.4931   3.195089     3.4940   3.195188      34.92     0.0172     3.0532     2.6895  33.020382  3.5079365   53.02038  -51.03396    34.7781    34.7783     3.4881     3.4890    27.6616    27.6617    6.93674    6.95539         19 0.0000e+00
     146023   6084.270     76.000     3.4916   3.194771     3.4920   3.194801      70.40     0.0139     3.0547     2.6901  33.020256  3.5079365   53.02038  -51.03396    34.7764    34.7764     3.4867     3.4870    27.6604    27.6603    6.93957    6.96083         15 0.0000e+00
     146038   6084.869     75.000     3.4919   3.194721     3.4919   3.194681      99.33     0.0155     3.0541     2.6906  33.033268  3.5079365   53.02038  -51.03396    34.7761    34.7756     3.4870     3.4870    27.6601    27.6597    6.93620    6.96544         14 0.0000e+00
     146052   6085.455     74.000     3.4923   3.194692     3.4924   3.194623      54.97     0.0182     3.0551     2.6915  33.032967  3.5079365   53.02038  -51.03396    34.7758    34.7749     3.4875     3.4876    27.6598    27.6591    6.93541    6.96919         15 0.0000e+00
     146067   6086.100     73.000     3.4924   3.194629     3.4922   3.194512      85.16     0.0166     3.0551     2.6922  33.032967  3.5079365   53.02038  -51.03396    34.7755    34.7743     3.4876     3.4875    27.6596    27.6586    6.94055    6.97690         17 0.0000e+00
     146089   6086.996     72.000     3.4922   3.194538     3.4912   3.194328      86.68     0.0182     3.0567     2.6947  33.009644  3.4991901   53.02038  -51.03395    34.7752    34.7737     3.4875     3.4866    27.6594    27.6582    6.96114    6.98828         28 0.0000e+00
     146137   6088.997     71.000     3.4915   3.194445     3.4914   3.194342      83.83     0.0213     3.0639     2.6986  33.010647  3.4981494   53.02038  -51.03394    34.7753    34.7742     3.4869     3.4869    27.6595    27.6587    6.98724    6.99685         60 0.0000e+00
     146177   6090.659     70.000     3.4915   3.194422     3.4905   3.194173      99.10     0.0212     3.0695     2.7029  33.006191  3.4954195   53.02038  -51.03394    34.7756    34.7737     3.4870     3.4859    27.6598    27.6583    6.99697    7.01878         22 0.0000e+00
     146195   6091.408     69.000     3.4862   3.193687     3.4789   3.192656      59.22     0.0175     3.0710     2.7054  33.006413  3.4951100   53.02038  -51.03394    34.7730    34.7683     3.4817     3.4745    27.6582    27.6552    6.99863    7.03322         16 0.0000e+00
     146210   6092.054     68.000     3.4694   3.191634     3.4653   3.191004      80.99     0.0178     3.0732     2.7079  33.003609  3.4968998   53.02038  -51.03392    34.7668    34.7636     3.4650     3.4609    27.6548    27.6527    7.01694    7.04731         15 0.0000e+00
     146226   6092.693     67.000     3.4617   3.190647     3.4602   3.190379      98.78     0.0176     3.0763     2.7107  33.014740  3.4975636   53.02038  -51.03392    34.7637    34.7621     3.4573     3.4558    27.6531    27.6520    7.01909    7.05718         16 0.0000e+00
     146244   6093.444     66.000     3.4597   3.190333     3.4580   3.190053      98.63     0.0173     3.0774     2.7134  33.015507  3.4981573   53.02038  -51.03392    34.7626    34.7610     3.4554     3.4537    27.6524    27.6514    7.01465    7.06038         21 0.0000e+00
     146268   6094.476     65.000     3.4574   3.190007     3.4536   3.189457      67.20     0.0207     3.0803     2.7164  32.999485  3.4931791   53.02038  -51.03392    34.7616    34.7590     3.4532     3.4495    27.6519    27.6502    7.02900    7.05545         30 0.0000e+00
     146307   6096.093     64.000     3.4526   3.189350     3.4490   3.188815      98.83     0.0200     3.0849     2.7191  32.988949  3.4855335   53.02038  -51.03391    34.7594    34.7568     3.4485     3.4448    27.6506    27.6489    7.03415    7.05982         45 0.0000e+00
     146347   6097.741     63.000     3.4500   3.188979     3.4469   3.188436      70.32     0.0168     3.0876     2.7212  32.989010  3.4784930   53.02038  -51.03390    34.7582    34.7551     3.4460     3.4428    27.6499    27.6477    7.02946    7.04870         33 0.0000e+00
     146376   6098.952     62.000     3.4494   3.188679     3.4478   3.188392      98.50     0.0180     3.0886     2.7199  32.975510  3.4764721   53.02038  -51.03390    34.7558    34.7541     3.4454     3.4438    27.6480    27.6468    7.02286    7.03495         27 0.0000e+00
     146402   6100.045     61.000     3.4492   3.188525     3.4490   3.188429      81.83     0.0184     3.0881     2.7191  32.974354  3.4774632   53.02038  -51.03390    34.7548    34.7538     3.4452     3.4450    27.6472    27.6465    7.01122    7.03986         25 0.0000e+00
     146489   6103.656     60.000     3.4506   3.188647     3.4507   3.188582      70.85     0.0182     3.0884     2.7210  32.957287  3.4736907   53.02038  -51.03389    34.7553    34.7544     3.4467     3.4468    27.6475    27.6467    7.01631    7.04926         37 0.0000e+00
     147637   6151.491     59.000     3.4572   3.189092     3.4568   3.189016      61.85     0.0246     3.0973     2.7300  32.802773  3.4599214   53.02039  -51.03367    34.7541    34.7537     3.4534     3.4530    27.6459    27.6455    7.04696    7.08144         47 0.0000e+00
     147999   6166.601     58.000     3.4617   3.189405     3.4610   3.189306      50.28     0.0263     3.1012     2.7326  32.806656  3.4590838   53.02040  -51.03362    34.7536    34.7532     3.4580     3.4572    27.6450    27.6448    7.05578    7.09859         25 0.0000e+00
     148025   6167.680     57.000     3.4643   3.189574     3.4658   3.189624      98.39     0.0207     3.1018     2.7346  32.799953  3.4590964   53.02041  -51.03361    34.7534    34.7524     3.4607     3.4621    27.6446    27.6437    7.05361    7.09514         32 0.0000e+00
     148057   6169.009     56.000     3.4671   3.189704     3.4690   3.189776      38.13     0.0239     3.1024     2.7350  32.810562  3.4590964   53.02041  -51.03360    34.7526    34.7514     3.4635     3.4654    27.6437    27.6426    7.05691    7.08286         29 0.0000e+00
     148083   6170.072     55.000     3.4702   3.189823     3.4708   3.189809      69.90     0.0263     3.1033     2.7350  32.811962  3.4595330   53.02042  -51.03360    34.7512    34.7504     3.4667     3.4673    27.6423    27.6416    7.05770    7.08450         23 0.0000e+00
     148104   6170.944     54.000     3.4725   3.189888     3.4728   3.189851      98.85     0.0235     3.1037     2.7352  32.813194  3.4689333   53.02040  -51.03360    34.7501    34.7494     3.4690     3.4693    27.6412    27.6405    7.05412    7.08309         20 0.0000e+00
     148124   6171.796     53.000     3.4741   3.189950     3.4746   3.189942      96.73     0.0232     3.1040     2.7352  32.813187  3.4688644   53.02041  -51.03359    34.7498    34.7491     3.4706     3.4712    27.6407    27.6402    7.05165    7.08162         22 0.0000e+00
     148162   6173.379     52.000     3.4758   3.190044     3.4774   3.190135      75.11     0.0216     3.1045     2.7356  32.797047  3.4691956   53.02042  -51.03358    34.7496    34.7490     3.4724     3.4741    27.6405    27.6398    7.05450    7.08498         53 0.0000e+00
     148232   6176.301     51.000     3.4724   3.189756     3.4738   3.189811      58.12     0.0210     3.1055     2.7377  32.785988  3.4723241   53.02042  -51.03358    34.7503    34.7495     3.4691     3.4705    27.6413    27.6405    7.05181    7.09610         27 0.0000e+00
     148943   6205.902     50.000     3.4934   3.191386     3.4926   3.191265      93.52     0.0214     3.1087     2.7400  32.760159  3.4851720   53.02044  -51.03344    34.7480    34.7474     3.4902     3.4894    27.6374    27.6370    7.06057    7.09799         56 0.0000e+00
     149881   6244.999     49.000     3.5149   3.193066     3.5105   3.192666      75.04     0.0216     3.1159     2.7472  32.711437  3.5101576   53.02049  -51.03329    34.7459    34.7458     3.5117     3.5073    27.6336    27.6340    7.07912    7.11538         72 0.0000e+00
     149799   6241.588     48.000     3.5127   3.192813     3.5119   3.192727      24.76     0.0217     3.1163     2.7470  32.714012  3.5079658   53.02048  -51.03330    34.7458    34.7456     3.5096     3.5088    27.6337    27.6336    7.07327    7.11330         21 0.0000e+00
     149817   6242.341     47.000     3.5173   3.193102     3.5164   3.193034      98.95     0.0235     3.1156     2.7477  32.718422  3.5079365   53.02046  -51.03330    34.7448    34.7449     3.5142     3.5134    27.6325    27.6327    7.06753    7.11560         17 0.0000e+00
     149834   6243.057     46.000     3.5198   3.193246     3.5209   3.193285      52.00     0.0245     3.1161     2.7483  32.713909  3.5079365   53.02048  -51.03328    34.7445    34.7437     3.5168     3.5179    27.6320    27.6313    7.07029    7.11851         18 0.0000e+00
     149854   6243.890     45.000     3.5216   3.193325     3.5226   3.193338      51.10     0.0226     3.1162     2.7493  32.720039  3.5079365   53.02048  -51.03328    34.7441    34.7431     3.5187     3.5197    27.6315    27.6306    7.07879    7.11941         24 0.0000e+00
     149894   6245.556     44.000     3.5227   3.193340     3.5224   3.193267      74.75     0.0228     3.1190     2.7511  32.710899  3.5136797   53.02049  -51.03329    34.7436    34.7431     3.5198     3.5195    27.6310    27.6306    7.08844    7.12291         58 0.0000e+00
     149945   6247.668     43.000     3.5221   3.193236     3.5218   3.193175      92.21     0.0223     3.1220     2.7521  32.699272  3.5179515   53.02049  -51.03329    34.7435    34.7431     3.5193     3.5191    27.6310    27.6307    7.09380    7.11733         33 0.0000e+00
     149973   6248.827     42.000     3.5268   3.193481     3.5280   3.193555      79.87     0.0268     3.1234     2.7519  32.696571  3.5177045   53.02048  -51.03328    34.7421    34.7416     3.5240     3.5253    27.6294    27.6289    7.09277    7.10979         31 0.0000e+00
     150003   6250.073     41.000     3.5484   3.194788     3.5483   3.194951      57.11     0.0268     3.1242     2.7512  32.697227  3.5177045   53.02050  -51.03326    34.7352    34.7373     3.5458     3.5457    27.6217    27.6234    7.08934    7.10864         24 0.0000e+00
     150040   6251.607     40.000     3.5627   3.196034     3.5728   3.196856      87.26     0.0269     3.1254     2.7525  32.694675  3.5219784   53.02050  -51.03326    34.7355    34.7346     3.5601     3.5702    27.6205    27.6188    7.08342    7.11400         30 0.0000e+00
     150826   6284.354     39.000     3.5953   3.198526     3.5892   3.198060      54.68     0.0274     3.1377     2.7656  32.632530  3.5966363   53.02052  -51.03313    34.7313    34.7322     3.5927     3.5866    27.6140    27.6153    7.13531    7.17119         30 0.0000e+00
     151774   6323.864     38.000     3.6482   3.202601     3.6480   3.202694      97.78     0.0381     3.1525     2.7811  32.541866  3.6243217   53.02056  -51.03299    34.7243    34.7257     3.6457     3.6455    27.6031    27.6043    7.20647    7.26319         15 0.0000e+00
     151815   6325.565     37.000     3.6679   3.204142     3.6966   3.206658      98.63     0.0415     3.1586     2.7880  32.541367  3.6259956   53.02056  -51.03297    34.7224    34.7220     3.6654     3.6941    27.5996    27.5965    7.21670    7.26988         22 0.0000e+00
     151877   6328.176     36.000     3.7109   3.207786     3.7116   3.207633      95.57     0.0426     3.1686     2.7965  32.525047  3.6627889   53.02056  -51.03296    34.7208    34.7182     3.7085     3.7092    27.5940    27.5919    7.18135    7.24340         39 0.0000e+00
     151925   6330.186     35.000     3.6960   3.206460     3.6875   3.205651      98.68     0.0393     3.1699     2.8010  32.523346  3.6808867   53.02056  -51.03294    34.7214    34.7207     3.6936     3.6852    27.5960    27.5963    7.16026    7.26101         18 0.0000e+00
