data/CTD/2014/CNV/u017a037.cnv
* Sea-Bird SBE 9 Data File:
* FileName = C:\CTD_ACQUISITION\2014017HUD\ctddata\017A037.hdr
* Software Version Seasave V 7.22.2
* Temperature SN = 5081
* Conductivity SN = 3561
* Number of Bytes Per Scan = 37
* Number of Voltage Words = 4
* Number of Scans Averaged by the Deck Unit = 1
* NMEA Latitude = 48 23.51 N
* NMEA Longitude = 046 37.86 W
* NMEA UTC (Time) = Jul 09 2014 22:08:37
* NMEA baud rate = 9600
** Ship: Hudson
** Cruise: HUD2014017
** Chief_Scientist: Blair Greenan
** Organization: BIO
** Area_of_Operation: Sackville Spur
** Station: 037
** Sounding:  1815
** Event_Comments: SS_09, 403209
# nquan = 25
# nvalues = 1850                        
# units = specified
# name 0 = scan: Scan Count
# name 1 = timeS: Time, Elapsed [seconds]
# name 2 = prDM: Pressure, Digiquartz [db]
# name 3 = t068C: Temperature [ITS-68, deg C]
# name 4 = c0S/m: Conductivity [S/m]
# name 5 = t168C: Temperature, 2 [ITS-68, deg C]
# name 6 = c1S/m: Conductivity, 2 [S/m]
# name 7 = altM: Altimeter [m]
# name 8 = flC: Fluorescence, Chelsea Aqua 3 Chl Con [ug/l]
# name 9 = sbeox0V: Oxygen raw, SBE 43 [V]
# name 10 = sbeox1V: Oxygen raw, SBE 43, 2 [V]
# name 11 = upoly0: Upoly 0, Optode 4330F - O2 D-Phase
# name 12 = upoly1: Upoly 1, Optode 4330F - O2 Temp
# name 13 = latitude: Latitude [deg]
# name 14 = longitude: Longitude [deg]
# name 15 = sal00: Salinity, Practical [PSU]
# name 16 = sal11: Salinity, Practical, 2 [PSU]
# name 17 = potemp068C: Potential Temperature [ITS-68, deg C]
# name 18 = potemp168C: Potential Temperature, 2 [ITS-68, deg C]
# name 19 = sigma-é00: Density [sigma-theta, Kg/m^3]
# name 20 = sigma-é11: Density, 2 [sigma-theta, Kg/m^3]
# name 21 = sbeox0ML/L: Oxygen, SBE 43 [ml/l], WS = 2
# name 22 = sbeox1ML/L: Oxygen, SBE 43, 2 [ml/l], WS = 2
# name 23 = nbin: number of scans per bin
# name 24 = flag: flag
# span 0 =      59064,     118478       
# span 1 =   2460.964,   4936.542       
# span 2 =      1.000,   1850.000       
# span 3 =    -1.2252,     7.7736       
# span 4 =   2.676476,   3.395123       
# span 5 =    -1.2244,     7.7815       
# span 6 =   2.676923,   3.397531       
# span 7 =       2.68,     106.59       
# span 8 =     0.0071,     3.4554       
# span 9 =     2.3357,     3.7951       
# span 10 =     2.0651,     3.3424      
# span 11 =  30.121786,  35.165428      
# span 12 = -1.1931679,  7.7951326      
# span 13 =   48.39262,   48.39449      
# span 14 =  -46.62099,  -46.61319      
# span 15 =    32.7939,    34.9165      
# span 16 =    32.7990,    34.9162      
# span 17 =    -1.2259,     7.7735      
# span 18 =    -1.2251,     7.7814      
# span 19 =    25.5744,    27.8096      
# span 20 =    25.5773,    27.8096      
# span 21 =    6.27479,   10.17801      
# span 22 =    6.21564,   10.30054      
# span 23 =         11,         85      
# span 24 = 0.0000e+00, 0.0000e+00      
# interval = decibars: 1                
# start_time = Jul 09 2014 22:08:37 [NMEA time, header]
# bad_flag = -9.990e-29
*END*
[from data line 406]
      69959   2914.909   1444.000     3.6211   3.277927     3.6224   3.278008      74.60     0.0171     2.4460     2.1524  34.849205  3.6068537   48.39304  -46.61976    34.9150    34.9146     3.5103     3.5116    27.7685    27.7681    6.27792    6.22619         24 0.0000e+00
      69983   2915.901   1443.000     3.6228   3.278016     3.6231   3.278023      99.27     0.0172     2.4459     2.1528  34.849831  3.6112523   48.39304  -46.61976    34.9148    34.9145     3.5120     3.5123    27.7682    27.7680    6.27656    6.22653         23 0.0000e+00
      70004   2916.804   1442.000     3.6237   3.278044     3.6234   3.278007      97.09     0.0182     2.4461     2.1528  34.849815  3.6102564   48.39304  -46.61976    34.9147    34.9146     3.5130     3.5126    27.7680    27.7680    6.27691    6.21839         21 0.0000e+00
      70024   2917.613   1441.000     3.6239   3.278027     3.6233   3.277962      54.39     0.0236     2.4459     2.1527  34.849815  3.6154401   48.39304  -46.61975    34.9148    34.9146     3.5132     3.5127    27.7681    27.7680    6.27856    6.22107         18 0.0000e+00
      70042   2918.375   1440.000     3.6240   3.277999     3.6235   3.277932      98.68     0.0216     2.4465     2.1531  34.849815  3.6153846   48.39306  -46.61974    34.9148    34.9146     3.5134     3.5129    27.7681    27.7680    6.27751    6.22746         19 0.0000e+00
      70061   2919.159   1439.000     3.6242   3.277968     3.6241   3.277948      62.52     0.0174     2.4462     2.1535  34.849815  3.6153846   48.39306  -46.61974    34.9147    34.9146     3.5137     3.5136    27.7680    27.7679    6.27479    6.22874         19 0.0000e+00
      70083   2920.081   1438.000     3.6246   3.277966     3.6257   3.278041      83.52     0.0196     2.4466     2.1540  34.849815  3.6153846   48.39306  -46.61974    34.9147    34.9145     3.5143     3.5153    27.7679    27.7676    6.28370    6.22736         26 0.0000e+00
      70114   2921.374   1437.000     3.6253   3.277978     3.6266   3.278079      98.63     0.0153     2.4474     2.1543  34.849396  3.6156635   48.39306  -46.61974    34.9147    34.9145     3.5150     3.5163    27.7678    27.7675    6.27906    6.22522         35 0.0000e+00
      70146   2922.718   1436.000     3.6266   3.278036     3.6280   3.278142      66.33     0.0135     2.4480     2.1545  34.849831  3.6153736   48.39306  -46.61974    34.9145    34.9143     3.5164     3.5177    27.7676    27.7672    6.28626    6.22693         27 0.0000e+00
      70170   2923.700   1435.000     3.6271   3.278053     3.6287   3.278170      99.02     0.0164     2.4483     2.1552  34.850491  3.6153846   48.39306  -46.61974    34.9147    34.9143     3.5169     3.5186    27.7676    27.7672    6.28593    6.23058         22 0.0000e+00
      70193   2924.646   1434.000     3.6280   3.278092     3.6283   3.278090      98.63     0.0154     2.4493     2.1554  34.849815  3.6153846   48.39306  -46.61974    34.9146    34.9143     3.5180     3.5182    27.7675    27.7672    6.28507    6.22284         24 0.0000e+00
      70219   2925.729   1433.000     3.6285   3.278087     3.6279   3.278011      67.66     0.0189     2.4492     2.1554  34.826263  3.6223636   48.39306  -46.61974    34.9146    34.9144     3.5185     3.5179    27.7674    27.7673    6.28340    6.22505         28 0.0000e+00
      70244   2926.801   1432.000     3.6287   3.278059     3.6288   3.278054      98.92     0.0182     2.4499     2.1556  34.823673  3.6234639   48.39306  -46.61974    34.9145    34.9143     3.5188     3.5189    27.7673    27.7671    6.28259    6.22344         23 0.0000e+00
      70265   2927.646   1431.000     3.6309   3.278197     3.6322   3.278303      98.64     0.0210     2.4501     2.1557  34.820511  3.6251531   48.39306  -46.61974    34.9144    34.9142     3.5211     3.5224    27.7670    27.7667    6.28985    6.22468         18 0.0000e+00
      70282   2928.378   1430.000     3.6333   3.278364     3.6337   3.278400      58.48     0.0256     2.4508     2.1559  34.817917  3.6251526   48.39306  -46.61974    34.9142    34.9143     3.5236     3.5239    27.7666    27.7666    6.28813    6.22874         17 0.0000e+00
      70300   2929.105   1429.000     3.6342   3.278409     3.6341   3.278387      88.51     0.0211     2.4510     2.1565  34.817257  3.6251526   48.39308  -46.61974    34.9143    34.9142     3.5245     3.5244    27.7666    27.7665    6.28125    6.22910         18 0.0000e+00
      70320   2929.969   1428.000     3.6344   3.278396     3.6347   3.278388      98.29     0.0194     2.4511     2.1567  34.823231  3.6251526   48.39308  -46.61974    34.9145    34.9141     3.5248     3.5251    27.7667    27.7664    6.28245    6.22992         25 0.0000e+00
      70363   2931.737   1427.000     3.6343   3.278346     3.6344   3.278325      77.84     0.0193     2.4515     2.1575  34.812347  3.6264095   48.39308  -46.61974    34.9145    34.9141     3.5248     3.5249    27.7667    27.7664    6.28047    6.22820         56 0.0000e+00
      70400   2933.304   1426.000     3.6340   3.278257     3.6334   3.278177      67.47     0.0188     2.4516     2.1577  34.810413  3.6261740   48.39308  -46.61974    34.9143    34.9140     3.5246     3.5239    27.7666    27.7664    6.28028    6.22708         19 0.0000e+00
      70416   2933.966   1425.000     3.6349   3.278291     3.6346   3.278258      78.90     0.0182     2.4516     2.1580  34.813713  3.6251414   48.39308  -46.61972    34.9142    34.9142     3.5256     3.5252    27.7664    27.7664    6.28237    6.22862         15 0.0000e+00
      70430   2934.555   1424.000     3.6358   3.278335     3.6352   3.278266      98.40     0.0218     2.4519     2.1581  34.808022  3.6251526   48.39308  -46.61972    34.9143    34.9141     3.5266     3.5259    27.7663    27.7663    6.28576    6.22621         14 0.0000e+00
      70444   2935.124   1423.000     3.6359   3.278308     3.6353   3.278242      98.64     0.0192     2.4525     2.1582  34.812618  3.6251526   48.39308  -46.61972    34.9143    34.9142     3.5267     3.5261    27.7664    27.7663    6.28895    6.22638         13 0.0000e+00
      70458   2935.714   1422.000     3.6360   3.278272     3.6354   3.278198      98.64     0.0189     2.4526     2.1584  34.821579  3.6251526   48.39308  -46.61972    34.9144    34.9141     3.5269     3.5263    27.7664    27.7662    6.28441    6.23004         15 0.0000e+00
      70476   2936.446   1421.000     3.6359   3.278234     3.6352   3.278139      59.64     0.0171     2.4531     2.1588  34.811638  3.6251526   48.39308  -46.61972    34.9145    34.9141     3.5269     3.5262    27.7665    27.7662    6.28707    6.23359         22 0.0000e+00
      70532   2938.789   1420.000     3.6355   3.278146     3.6350   3.278074      65.48     0.0165     2.4532     2.1598  34.812057  3.6299305   48.39308  -46.61972    34.9144    34.9141     3.5266     3.5261    27.7664    27.7662    6.27622    6.22947         48 0.0000e+00
      70570   2940.385   1419.000     3.6354   3.278066     3.6346   3.277983      99.29     0.0166     2.4534     2.1597  34.807411  3.6256309   48.39308  -46.61972    34.9140    34.9139     3.5265     3.5257    27.7662    27.7661    6.28834    6.22171         18 0.0000e+00
      70586   2941.036   1418.000     3.6355   3.278043     3.6345   3.277949      98.64     0.0156     2.4543     2.1596  34.808781  3.6264484   48.39308  -46.61972    34.9141    34.9141     3.5268     3.5258    27.7662    27.7663    6.28822    6.22063         15 0.0000e+00
      70601   2941.647   1417.000     3.6354   3.277996     3.6345   3.277906      98.64     0.0143     2.4542     2.1594  34.807953  3.6251490   48.39308  -46.61972    34.9142    34.9141     3.5267     3.5259    27.7663    27.7662    6.28376    6.21723         14 0.0000e+00
      70615   2942.258   1416.000     3.6351   3.277942     3.6344   3.277859      65.24     0.0137     2.4542     2.1590  34.809795  3.6251526   48.39308  -46.61970    34.9143    34.9141     3.5266     3.5258    27.7664    27.7663    6.28829    6.21564         15 0.0000e+00
      70630   2942.895   1415.000     3.6350   3.277892     3.6341   3.277794      72.10     0.0140     2.4551     2.1591  34.806786  3.6257617   48.39308  -46.61970    34.9144    34.9141     3.5265     3.5257    27.7665    27.7663    6.28849    6.22277         16 0.0000e+00
      70648   2943.612   1414.000     3.6347   3.277822     3.6338   3.277726      98.16     0.0136     2.4552     2.1593  34.805878  3.6286974   48.39308  -46.61970    34.9144    34.9142     3.5263     3.5254    27.7664    27.7664    6.28755    6.23105         19 0.0000e+00
      70670   2944.531   1413.000     3.6344   3.277759     3.6337   3.277677      98.64     0.0128     2.4557     2.1603  34.806377  3.6297960   48.39308  -46.61970    34.9144    34.9142     3.5261     3.5254    27.7665    27.7664    6.28988    6.23806         27 0.0000e+00
      70718   2946.529   1412.000     3.6344   3.277719     3.6337   3.277629      83.31     0.0175     2.4559     2.1618  34.808254  3.6343076   48.39308  -46.61970    34.9144    34.9141     3.5262     3.5255    27.7665    27.7663    6.27886    6.23441         63 0.0000e+00
      70760   2948.292   1411.000     3.6346   3.277674     3.6338   3.277584      68.25     0.0141     2.4556     2.1619  34.806484  3.6330082   48.39308  -46.61970    34.9142    34.9140     3.5264     3.5257    27.7663    27.7662    6.28354    6.22437         21 0.0000e+00
      70777   2949.014   1410.000     3.6344   3.277613     3.6333   3.277501      80.01     0.0136     2.4564     2.1618  34.805851  3.6302745   48.39308  -46.61968    34.9142    34.9140     3.5264     3.5253    27.7663    27.7662    6.28642    6.22061         17 0.0000e+00
      70793   2949.667   1409.000     3.6339   3.277536     3.6331   3.277445      98.64     0.0120     2.4561     2.1612  34.805862  3.6258025   48.39308  -46.61968    34.9143    34.9141     3.5260     3.5251    27.7664    27.7663    6.28579    6.21845         15 0.0000e+00
      70807   2950.271   1408.000     3.6340   3.277511     3.6335   3.277446      41.88     0.0136     2.4569     2.1613  34.805862  3.6251531   48.39308  -46.61968    34.9143    34.9141     3.5262     3.5257    27.7664    27.7663    6.28824    6.22485         14 0.0000e+00
      70822   2950.882   1407.000     3.6345   3.277511     3.6346   3.277498      69.56     0.0157     2.4570     2.1616  34.805862  3.6264706   48.39308  -46.61968    34.9143    34.9141     3.5267     3.5269    27.7664    27.7661    6.28924    6.22529         15 0.0000e+00
      70838   2951.562   1406.000     3.6354   3.277548     3.6360   3.277577      98.61     0.0202     2.4576     2.1614  34.809929  3.6338282   48.39308  -46.61968    34.9143    34.9141     3.5277     3.5283    27.7663    27.7660    6.28830    6.22044         18 0.0000e+00
      70863   2952.584   1405.000     3.6361   3.277566     3.6364   3.277571      89.03     0.0210     2.4575     2.1615  34.808422  3.6345675   48.39308  -46.61968    34.9143    34.9140     3.5285     3.5288    27.7662    27.7659    6.28284    6.22545         37 0.0000e+00
      70920   2954.963   1404.000     3.6347   3.277390     3.6340   3.277307      87.23     0.0158     2.4583     2.1627  34.807468  3.6337698   48.39308  -46.61966    34.9142    34.9140     3.5272     3.5264    27.7662    27.7661    6.28870    6.23389         50 0.0000e+00
      70944   2955.975   1403.000     3.6348   3.277349     3.6342   3.277290      89.60     0.0142     2.4586     2.1632  34.809994  3.6310465   48.39308  -46.61966    34.9141    34.9140     3.5274     3.5268    27.7661    27.7661    6.29178    6.23366         18 0.0000e+00
      70961   2956.677   1402.000     3.6367   3.277469     3.6360   3.277403      50.35     0.0156     2.4593     2.1637  34.811050  3.6314781   48.39308  -46.61966    34.9141    34.9140     3.5293     3.5286    27.7659    27.7659    6.29363    6.23666         17 0.0000e+00
      70978   2957.365   1401.000     3.6381   3.277559     3.6375   3.277487      97.99     0.0136     2.4599     2.1641  34.809334  3.6320398   48.39308  -46.61966    34.9141    34.9139     3.5308     3.5302    27.7658    27.7657    6.28640    6.23758         17 0.0000e+00
      70996   2958.104   1400.000     3.6387   3.277567     3.6383   3.277514      98.64     0.0127     2.4594     2.1645  34.806709  3.6328416   48.39308  -46.61966    34.9141    34.9139     3.5315     3.5311    27.7657    27.7656    6.28363    6.23172         19 0.0000e+00
      71018   2959.052   1399.000     3.6390   3.277557     3.6389   3.277522      74.59     0.0128     2.4598     2.1646  34.807388  3.6348114   48.39308  -46.61966    34.9142    34.9138     3.5319     3.5318    27.7657    27.7655    6.28331    6.23013         28 0.0000e+00
      71053   2960.513   1398.000     3.6390   3.277512     3.6390   3.277489      91.91     0.0154     2.4598     2.1649  34.806210  3.6349206   48.39308  -46.61964    34.9141    34.9139     3.5320     3.5319    27.7656    27.7655    6.28376    6.22970         37 0.0000e+00
      71082   2961.701   1397.000     3.6396   3.277514     3.6395   3.277493      98.72     0.0155     2.4605     2.1648  34.805859  3.6349206   48.39308  -46.61964    34.9140    34.9139     3.5326     3.5325    27.7655    27.7654    6.28737    6.22650         22 0.0000e+00
      71102   2962.530   1396.000     3.6413   3.277626     3.6417   3.277648      41.30     0.0156     2.4600     2.1648  34.805862  3.6349206   48.39308  -46.61964    34.9140    34.9138     3.5345     3.5348    27.7653    27.7652    6.28519    6.22686         18 0.0000e+00
      71120   2963.290   1395.000     3.6427   3.277704     3.6424   3.277657      84.82     0.0157     2.4609     2.1651  34.801689  3.6360331   48.39308  -46.61964    34.9139    34.9138     3.5359     3.5355    27.7652    27.7651    6.28923    6.22191         18 0.0000e+00
      71138   2964.042   1394.000     3.6428   3.277680     3.6424   3.277618      79.93     0.0144     2.4614     2.1645  34.795063  3.6354344   48.39308  -46.61963    34.9140    34.9138     3.5361     3.5356    27.7652    27.7651    6.29683    6.21667         19 0.0000e+00
      71157   2964.822   1393.000     3.6429   3.277646     3.6425   3.277588      64.52     0.0143     2.4622     2.1644  34.797348  3.6364484   48.39308  -46.61962    34.9141    34.9138     3.5362     3.5359    27.7652    27.7650    6.29159    6.22454         19 0.0000e+00
      71177   2965.670   1392.000     3.6433   3.277638     3.6430   3.277595      97.95     0.0151     2.4621     2.1650  34.805695  3.6445246   48.39308  -46.61962    34.9140    34.9139     3.5368     3.5364    27.7651    27.7650    6.28504    6.23653         22 0.0000e+00
      71202   2966.722   1391.000     3.6434   3.277601     3.6435   3.277583      87.76     0.0134     2.4625     2.1662  34.805862  3.6443934   48.39308  -46.61962    34.9140    34.9137     3.5369     3.5370    27.7651    27.7649    6.28895    6.24069         31 0.0000e+00
      71254   2968.887   1390.000     3.6432   3.277541     3.6426   3.277464      87.68     0.0174     2.4627     2.1672  34.804783  3.6447217   48.39308  -46.61960    34.9140    34.9138     3.5368     3.5362    27.7651    27.7650    6.28401    6.23412         60 0.0000e+00
      71289   2970.353   1389.000     3.6431   3.277474     3.6425   3.277407      28.79     0.0196     2.4632     2.1678  34.805874  3.6446886   48.39308  -46.61960    34.9138    34.9136     3.5368     3.5362    27.7649    27.7649    6.28767    6.23246         19 0.0000e+00
      71306   2971.037   1388.000     3.6447   3.277560     3.6440   3.277498      75.32     0.0181     2.4630     2.1678  34.801010  3.6440418   48.39308  -46.61960    34.9136    34.9137     3.5385     3.5378    27.7647    27.7647    6.28201    6.22949         15 0.0000e+00
