data/CTD/2014/CNV/u017a045.cnv
* Sea-Bird SBE 9 Data File:
* FileName = C:\CTD_ACQUISITION\2014017HUD\ctddata\017A045.hdr
* Software Version Seasave V 7.22.2
* Temperature SN = 5081
* Conductivity SN = 3561
* Number of Bytes Per Scan = 37
* Number of Voltage Words = 4
* Number of Scans Averaged by the Deck Unit = 1
* NMEA Latitude = 47 58.49 N
* NMEA Longitude = 046 09.17 W
* NMEA UTC (Time) = Jul 10 2014 21:15:35
* NMEA baud rate = 9600
** Ship: Hudson
** Cruise: HUD2014017
** Chief_Scientist: Blair Greenan
** Organization: BIO
** Area_of_Operation: Sackville Spur
** Station: 045
** Sounding:  1057
** Event_Comments: SS_17, 403259
# nquan = 25
# nvalues = 1080                        
# units = specified
# name 0 = scan: Scan Count
# name 1 = timeS: Time, Elapsed [seconds]
# name 2 = prDM: Pressure, Digiquartz [db]
# name 3 = t068C: Temperature [ITS-68, deg C]
# name 4 = c0S/m: Conductivity [S/m]
# name 5 = t168C: Temperature, 2 [ITS-68, deg C]
# name 6 = c1S/m: Conductivity, 2 [S/m]
# name 7 = altM: Altimeter [m]
# name 8 = flC: Fluorescence, Chelsea Aqua 3 Chl Con [ug/l]
# name 9 = sbeox0V: Oxygen raw, SBE 43 [V]
# name 10 = sbeox1V: Oxygen raw, SBE 43, 2 [V]
# name 11 = upoly0: Upoly 0, Optode 4330F - O2 D-Phase
# name 12 = upoly1: Upoly 1, Optode 4330F - O2 Temp
# name 13 = latitude: Latitude [deg]
# name 14 = longitude: Longitude [deg]
# name 15 = sal00: Salinity, Practical [PSU]
# name 16 = sal11: Salinity, Practical, 2 [PSU]
# name 17 = potemp068C: Potential Temperature [ITS-68, deg C]
# name 18 = potemp168C: Potential Temperature, 2 [ITS-68, deg C]
# name 19 = sigma-é00: Density [sigma-theta, Kg/m^3]
# name 20 = sigma-é11: Density, 2 [sigma-theta, Kg/m^3]
# name 21 = sbeox0ML/L: Oxygen, SBE 43 [ml/l], WS = 2
# name 22 = sbeox1ML/L: Oxygen, SBE 43, 2 [ml/l], WS = 2
# name 23 = nbin: number of scans per bin
# name 24 = flag: flag
# span 0 =      36857,      64759       
# span 1 =   1535.654,   2698.232       
# span 2 =      1.000,   1080.000       
# span 3 =     2.7484,     8.1278       
# span 4 =   3.102631,   3.502243       
# span 5 =     2.7508,     8.1273       
# span 6 =   3.102415,   3.511325       
# span 7 =       2.15,     100.52       
# span 8 =     0.0076,     0.3867       
# span 9 =     2.5201,     3.5301       
# span 10 =     2.2255,     3.1004      
# span 11 =  30.175295,  34.806805      
# span 12 =  2.8436182,  8.1270523      
# span 13 =   47.97610,   47.97784      
# span 14 =  -46.15384,  -46.15236      
# span 15 =    33.1636,    34.9150      
# span 16 =    33.1640,    34.9144      
# span 17 =     2.7418,     8.1278      
# span 18 =     2.7442,     8.1271      
# span 19 =    25.8137,    27.7713      
# span 20 =    25.8138,    27.7711      
# span 21 =    6.21272,    7.83627      
# span 22 =    6.18248,    7.92026      
# span 23 =         14,        107      
# span 24 = 0.0000e+00, 0.0000e+00      
# interval = decibars: 1                
# start_time = Jul 10 2014 21:15:35 [NMEA time, header]
# bad_flag = -9.990e-29
*END*
[from data line 464]
      47735   1988.911    616.000     3.9267   3.266493     3.9161   3.265309      98.63     0.0185     2.7595     2.4250  33.820381  3.9471254   47.97704  -46.15354    34.8794    34.8766     3.8819     3.8713    27.7026    27.7015    6.50706    6.46927         27 0.0000e+00
      47764   1990.112    615.000     3.9178   3.265483     3.9110   3.264758      98.63     0.0190     2.7599     2.4255  33.823219  3.9474993   47.97704  -46.15352    34.8774    34.8760     3.8730     3.8663    27.7020    27.7015    6.50760    6.47536         30 0.0000e+00
      47792   1991.292    614.000     3.9119   3.264829     3.9103   3.264633      49.76     0.0151     2.7610     2.4261  33.814438  3.9471142   47.97704  -46.15352    34.8764    34.8758     3.8673     3.8657    27.7018    27.7015    6.51169    6.47511         26 0.0000e+00
      47815   1992.232    613.000     3.9123   3.264822     3.9119   3.264760      97.94     0.0135     2.7615     2.4265  33.810978  3.9474981   47.97706  -46.15352    34.8764    34.8761     3.8678     3.8674    27.7017    27.7015    6.50949    6.47239         20 0.0000e+00
      47833   1992.989    612.000     3.9134   3.264882     3.9130   3.264817      98.62     0.0164     2.7623     2.4263  33.813793  3.9469304   47.97706  -46.15352    34.8766    34.8762     3.8689     3.8685    27.7017    27.7015    6.51039    6.46983         17 0.0000e+00
      47849   1993.687    611.000     3.9140   3.264915     3.9143   3.264918      98.63     0.0163     2.7620     2.4263  33.836071  3.9377334   47.97706  -46.15352    34.8768    34.8765     3.8696     3.8699    27.7019    27.7016    6.50505    6.47443         16 0.0000e+00
      47866   1994.359    610.000     3.9157   3.265054     3.9172   3.265172      98.63     0.0165     2.7623     2.4270  33.826859  3.9377289   47.97706  -46.15352    34.8772    34.8769     3.8714     3.8729    27.7020    27.7016    6.50955    6.48228         16 0.0000e+00
      47882   1995.036    609.000     3.9177   3.265210     3.9185   3.265227      98.63     0.0177     2.7631     2.4279  33.822491  3.9371591   47.97706  -46.15352    34.8774    34.8768     3.8735     3.8742    27.7019    27.7014    6.51203    6.48615         17 0.0000e+00
      47900   1995.777    608.000     3.9185   3.265243     3.9182   3.265160      98.63     0.0187     2.7634     2.4287  33.812805  3.9311666   47.97706  -46.15352    34.8775    34.8768     3.8743     3.8740    27.7019    27.7014    6.50807    6.48387         19 0.0000e+00
      47924   1996.776    607.000     3.9185   3.265190     3.9179   3.265060      98.63     0.0202     2.7639     2.4294  33.814606  3.9322987   47.97706  -46.15351    34.8774    34.8765     3.8744     3.8737    27.7018    27.7012    6.51054    6.48350         31 0.0000e+00
      47964   1998.461    606.000     3.9183   3.265119     3.9178   3.265019      98.63     0.0182     2.7648     2.4306  33.814270  3.9284339   47.97706  -46.15350    34.8773    34.8767     3.8743     3.8737    27.7018    27.7013    6.51116    6.48181         43 0.0000e+00
      47997   1999.847    605.000     3.9172   3.264918     3.9164   3.264802      98.63     0.0138     2.7652     2.4302  33.814209  3.9279344   47.97706  -46.15350    34.8766    34.8761     3.8732     3.8724    27.7013    27.7010    6.50708    6.46891         25 0.0000e+00
      48019   2000.734    604.000     3.9165   3.264773     3.9159   3.264687      98.33     0.0171     2.7652     2.4295  33.810184  3.9279609   47.97706  -46.15350    34.8761    34.8757     3.8727     3.8721    27.7010    27.7007    6.51397    6.46921         19 0.0000e+00
      48036   2001.468    603.000     3.9164   3.264701     3.9159   3.264624      98.64     0.0183     2.7662     2.4296  33.809513  3.9279609   47.97706  -46.15350    34.8759    34.8756     3.8726     3.8721    27.7008    27.7006    6.51031    6.47487         17 0.0000e+00
      48052   2002.141    602.000     3.9168   3.264691     3.9164   3.264628      98.63     0.0184     2.7658     2.4298  33.811344  3.9279609   47.97706  -46.15348    34.8759    34.8755     3.8731     3.8727    27.7008    27.7005    6.50816    6.47775         16 0.0000e+00
      48069   2002.816    601.000     3.9171   3.264683     3.9170   3.264631      98.63     0.0184     2.7663     2.4301  33.811253  3.9279609   47.97706  -46.15348    34.8761    34.8756     3.8734     3.8733    27.7009    27.7005    6.51538    6.48106         17 0.0000e+00
      48086   2003.558    600.000     3.9175   3.264687     3.9177   3.264656      98.63     0.0166     2.7669     2.4308  33.814053  3.9279609   47.97706  -46.15348    34.8762    34.8756     3.8739     3.8741    27.7009    27.7005    6.51650    6.48366         19 0.0000e+00
      48108   2004.466    599.000     3.9179   3.264683     3.9182   3.264672      98.63     0.0170     2.7678     2.4317  33.811954  3.9279609   47.97706  -46.15348    34.8762    34.8757     3.8744     3.8747    27.7009    27.7005    6.52073    6.49039         25 0.0000e+00
      48136   2005.622    598.000     3.9181   3.264648     3.9184   3.264643      98.63     0.0171     2.7693     2.4333  33.811043  3.9279609   47.97706  -46.15347    34.8762    34.8757     3.8746     3.8750    27.7008    27.7005    6.52636    6.49468         29 0.0000e+00
      48165   2006.841    597.000     3.9184   3.264638     3.9180   3.264553      98.47     0.0172     2.7702     2.4345  33.809486  3.9279609   47.97706  -46.15346    34.8762    34.8756     3.8751     3.8747    27.7008    27.7004    6.52294    6.49579         28 0.0000e+00
      48190   2007.874    596.000     3.9157   3.264290     3.9112   3.263758      98.64     0.0172     2.7718     2.4355  33.808167  3.9279609   47.97706  -46.15346    34.8754    34.8740     3.8725     3.8679    27.7005    27.6998    6.53119    6.49683         22 0.0000e+00
      48210   2008.717    595.000     3.9045   3.263103     3.9000   3.262552      98.63     0.0154     2.7719     2.4362  33.807980  3.9279609   47.97706  -46.15346    34.8738    34.8720     3.8614     3.8569    27.7003    27.6993    6.52582    6.50331         19 0.0000e+00
      48229   2009.488    594.000     3.8991   3.262475     3.8957   3.262080      98.63     0.0127     2.7727     2.4374  33.798019  3.9279609   47.97706  -46.15346    34.8725    34.8715     3.8561     3.8527    27.6999    27.6994    6.53373    6.51052         18 0.0000e+00
      48247   2010.268    593.000     3.8958   3.262103     3.8942   3.261876      98.63     0.0161     2.7735     2.4384  33.794884  3.9279609   47.97708  -46.15346    34.8721    34.8712     3.8529     3.8513    27.6999    27.6993    6.53447    6.50862         20 0.0000e+00
      48270   2011.222    592.000     3.8949   3.261955     3.8923   3.261639      98.63     0.0174     2.7746     2.4389  33.801727  3.9272578   47.97706  -46.15346    34.8720    34.8709     3.8520     3.8495    27.6998    27.6992    6.53761    6.50576         27 0.0000e+00
      48301   2012.507    591.000     3.8936   3.261773     3.8911   3.261458      98.63     0.0164     2.7753     2.4394  33.809700  3.9279776   47.97708  -46.15344    34.8717    34.8705     3.8508     3.8506    27.6997    27.6990    6.53352    6.50244         32 0.0000e+00
      48329   2013.666    590.000     3.8918   3.261519     3.8903   3.261330      98.63     0.0144     2.7760     2.4396  33.796486  3.9192698   47.97708  -46.15344    34.8711    34.8704     3.8491     3.8476    27.6994    27.6990    6.53139    6.50094         24 0.0000e+00
      48350   2014.554    589.000     3.8907   3.261354     3.8897   3.261220      67.74     0.0151     2.7755     2.4396  33.795628  3.9181762   47.97708  -46.15343    34.8708    34.8703     3.8481     3.8471    27.6993    27.6990    6.52921    6.50026         19 0.0000e+00
      48369   2015.319    588.000     3.8904   3.261269     3.8894   3.261150      94.16     0.0169     2.7766     2.4396  33.794865  3.9181929   47.97708  -46.15342    34.8707    34.8702     3.8478     3.8469    27.6992    27.6990    6.53806    6.49945         18 0.0000e+00
      48386   2016.040    587.000     3.8900   3.261200     3.8894   3.261091      98.62     0.0168     2.7766     2.4398  33.794872  3.9176195   47.97708  -46.15342    34.8708    34.8701     3.8476     3.8470    27.6993    27.6989    6.52820    6.50024         17 0.0000e+00
      48404   2016.771    586.000     3.8899   3.261137     3.8895   3.261053      98.63     0.0205     2.7761     2.4398  33.794872  3.9181929   47.97708  -46.15342    34.8707    34.8701     3.8475     3.8471    27.6993    27.6988    6.52942    6.49970         18 0.0000e+00
      48423   2017.587    585.000     3.8897   3.261085     3.8894   3.261004      98.63     0.0194     2.7774     2.4400  33.771740  3.9135199   47.97708  -46.15342    34.8707    34.8702     3.8475     3.8471    27.6993    27.6989    6.53556    6.49719         21 0.0000e+00
      48447   2018.589    584.000     3.8897   3.261048     3.8896   3.260982      98.63     0.0193     2.7773     2.4397  33.764114  3.9126248   47.97708  -46.15341    34.8708    34.8702     3.8475     3.8474    27.6994    27.6989    6.53247    6.49187         28 0.0000e+00
      48478   2019.873    583.000     3.8904   3.261056     3.8899   3.260970      98.63     0.0160     2.7777     2.4389  33.775349  3.9086730   47.97708  -46.15340    34.8708    34.8702     3.8483     3.8489    27.6992    27.6989    6.53235    6.48311         32 0.0000e+00
      48507   2021.080    582.000     3.8910   3.261065     3.8907   3.261012      98.63     0.0185     2.7782     2.4382  33.767673  3.9084148   47.97708  -46.15340    34.8707    34.8704     3.8490     3.8486    27.6991    27.6989    6.53208    6.49029         25 0.0000e+00
      48529   2022.000    581.000     3.8922   3.261132     3.8930   3.261204      72.36     0.0185     2.7783     2.4387  33.755035  3.9084249   47.97708  -46.15339    34.8708    34.8708     3.8503     3.8511    27.6990    27.6990    6.52642    6.49963         20 0.0000e+00
      48548   2022.778    580.000     3.8941   3.261288     3.8953   3.261368      54.08     0.0203     2.7783     2.4397  33.765667  3.9084249   47.97708  -46.15338    34.8711    34.8708     3.8522     3.8534    27.6991    27.6988    6.53070    6.50248         18 0.0000e+00
      48565   2023.505    579.000     3.8951   3.261341     3.8952   3.261300      98.89     0.0218     2.7790     2.4401  33.759495  3.9084249   47.97708  -46.15338    34.8712    34.8707     3.8533     3.8533    27.6991    27.6987    6.53688    6.50151         17 0.0000e+00
      48582   2024.221    578.000     3.8948   3.261265     3.8942   3.261164      98.57     0.0194     2.7790     2.4409  33.755840  3.9084249   47.97708  -46.15338    34.8712    34.8706     3.8530     3.8543    27.6991    27.6987    6.53050    6.50059         18 0.0000e+00
      48601   2024.983    577.000     3.8941   3.261157     3.8929   3.260990      97.34     0.0165     2.7793     2.4409  33.755547  3.9084249   47.97708  -46.15338    34.8712    34.8706     3.8524     3.8530    27.6991    27.6988    6.52899    6.48659         19 0.0000e+00
      48623   2025.898    576.000     3.8935   3.261055     3.8931   3.260970      95.16     0.0194     2.7794     2.4399  33.754456  3.9084249   47.97708  -46.15338    34.8711    34.8706     3.8519     3.8515    27.6992    27.6988    6.52784    6.47679         25 0.0000e+00
      48652   2027.145    575.000     3.8933   3.260992     3.8932   3.260930      98.44     0.0161     2.7791     2.4386  33.752640  3.9084249   47.97708  -46.15336    34.8711    34.8705     3.8518     3.8516    27.6992    27.6987    6.51689    6.47680         34 0.0000e+00
      48684   2028.438    574.000     3.8943   3.261051     3.8940   3.260978      98.39     0.0130     2.7781     2.4385  33.751991  3.9084249   47.97709  -46.15336    34.8713    34.8708     3.8529     3.8525    27.6992    27.6988    6.52011    6.48142         27 0.0000e+00
      48708   2029.460    573.000     3.8980   3.261338     3.9037   3.261995      98.39     0.0161     2.7785     2.4381  33.753616  3.9084249   47.97710  -46.15335    34.8713    34.8731     3.8566     3.8623    27.6988    27.6996    6.51931    6.47657         22 0.0000e+00
      48729   2030.321    572.000     3.9099   3.262527     3.9214   3.263703      98.40     0.0170     2.7778     2.4380  33.753849  3.9084249   47.97710  -46.15334    34.8734    34.8751     3.8685     3.8800    27.6992    27.6994    6.50637    6.48220         20 0.0000e+00
      48748   2031.106    571.000     3.9200   3.263490     3.9281   3.264299      98.28     0.0205     2.7771     2.4388  33.755802  3.9100566   47.97710  -46.15334    34.8746    34.8757     3.8786     3.8867    27.6992    27.6992    6.50494    6.48548         18 0.0000e+00
      48766   2031.860    570.000     3.9257   3.264053     3.9320   3.264646      98.17     0.0222     2.7769     2.4393  33.751701  3.9171584   47.97710  -46.15334    34.8759    34.8761     3.8844     3.8907    27.6996    27.6991    6.50876    6.48378         18 0.0000e+00
      48784   2032.629    569.000     3.9292   3.264363     3.9341   3.264798      98.32     0.0199     2.7769     2.4397  33.750912  3.9171648   47.97710  -46.15334    34.8763    34.8762     3.8879     3.8929    27.6995    27.6990    6.50991    6.47986         19 0.0000e+00
      48804   2033.465    568.000     3.9314   3.264559     3.9342   3.264567      98.26     0.0186     2.7770     2.4399  33.750916  3.9234173   47.97710  -46.15334    34.8767    34.8739     3.8903     3.8945    27.6997    27.6972    6.50878    6.47852         22 0.0000e+00
      48828   2034.441    567.000     3.9333   3.264667     3.9336   3.264642      98.43     0.0188     2.7774     2.4403  33.751492  3.9278824   47.97710  -46.15334    34.8766    34.8760     3.8922     3.8925    27.6994    27.6988    6.50620    6.48188         25 0.0000e+00
      48854   2035.546    566.000     3.9332   3.264596     3.9326   3.264488      98.29     0.0188     2.7770     2.4409  33.750912  3.9279609   47.97710  -46.15332    34.8764    34.8757     3.8922     3.8916    27.6992    27.6987    6.50483    6.48177         27 0.0000e+00
      48879   2036.568    565.000     3.9319   3.264438     3.9296   3.264105      98.15     0.0200     2.7773     2.4412  33.750916  3.9279609   47.97710  -46.15332    34.8764    34.8749     3.8910     3.8887    27.6993    27.6984    6.51294    6.47845         22 0.0000e+00
      48900   2037.440    564.000     3.9293   3.264099     3.9269   3.263792      98.42     0.0216     2.7787     2.4412  33.751652  3.9313910   47.97710  -46.15332    34.8757    34.8745     3.8884     3.8861    27.6990    27.6983    6.51842    6.47931         20 0.0000e+00
      48919   2038.232    563.000     3.9274   3.263838     3.9260   3.263647      98.63     0.0225     2.7783     2.4414  33.753365  3.9344852   47.97710  -46.15330    34.8751    34.8743     3.8866     3.8852    27.6987    27.6983    6.51125    6.47918         18 0.0000e+00
      48938   2039.034    562.000     3.9264   3.263690     3.9247   3.263446      82.57     0.0208     2.7794     2.4415  33.750938  3.9321682   47.97710  -46.15330    34.8749    34.8739     3.8857     3.8840    27.6987    27.6980    6.51994    6.47427         21 0.0000e+00
      48961   2039.997    561.000     3.9254   3.263529     3.9233   3.263248      84.45     0.0218     2.7803     2.4412  33.750916  3.9280639   47.97710  -46.15330    34.8746    34.8735     3.8848     3.8827    27.6985    27.6979    6.52030    6.47707         26 0.0000e+00
      48988   2041.143    560.000     3.9242   3.263346     3.9222   3.263092      98.21     0.0214     2.7811     2.4419  33.751469  3.9279609   47.97710  -46.15330    34.8743    34.8734     3.8836     3.8817    27.6984    27.6979    6.52423    6.48367         27 0.0000e+00
