data/CTD/2014/CNV/u017a046.cnv
* Sea-Bird SBE 9 Data File:
* FileName = C:\CTD_ACQUISITION\2014017HUD\ctddata\017A046.hdr
* Software Version Seasave V 7.22.2
* Temperature SN = 5081
* Conductivity SN = 3561
* Number of Bytes Per Scan = 37
* Number of Voltage Words = 4
* Number of Scans Averaged by the Deck Unit = 1
* NMEA Latitude = 47 54.02 N
* NMEA Longitude = 046 03.59 W
* NMEA UTC (Time) = Jul 10 2014 22:46:18
* NMEA baud rate = 9600
** Ship: Hudson
** Cruise: HUD2014017
** Chief_Scientist: Blair Greenan
** Organization: BIO
** Area_of_Operation: Sackville Spur
** Station: 046
** Sounding:  892
** Event_Comments: SS_18,403262
# nquan = 25
# nvalues = 908                         
# units = specified
# name 0 = scan: Scan Count
# name 1 = timeS: Time, Elapsed [seconds]
# name 2 = prDM: Pressure, Digiquartz [db]
# name 3 = t068C: Temperature [ITS-68, deg C]
# name 4 = c0S/m: Conductivity [S/m]
# name 5 = t168C: Temperature, 2 [ITS-68, deg C]
# name 6 = c1S/m: Conductivity, 2 [S/m]
# name 7 = altM: Altimeter [m]
# name 8 = flC: Fluorescence, Chelsea Aqua 3 Chl Con [ug/l]
# name 9 = sbeox0V: Oxygen raw, SBE 43 [V]
# name 10 = sbeox1V: Oxygen raw, SBE 43, 2 [V]
# name 11 = upoly0: Upoly 0, Optode 4330F - O2 D-Phase
# name 12 = upoly1: Upoly 1, Optode 4330F - O2 Temp
# name 13 = latitude: Latitude [deg]
# name 14 = longitude: Longitude [deg]
# name 15 = sal00: Salinity, Practical [PSU]
# name 16 = sal11: Salinity, Practical, 2 [PSU]
# name 17 = potemp068C: Potential Temperature [ITS-68, deg C]
# name 18 = potemp168C: Potential Temperature, 2 [ITS-68, deg C]
# name 19 = sigma-é00: Density [sigma-theta, Kg/m^3]
# name 20 = sigma-é11: Density, 2 [sigma-theta, Kg/m^3]
# name 21 = sbeox0ML/L: Oxygen, SBE 43 [ml/l], WS = 2
# name 22 = sbeox1ML/L: Oxygen, SBE 43, 2 [ml/l], WS = 2
# name 23 = nbin: number of scans per bin
# name 24 = flag: flag
# span 0 =      31862,      71278       
# span 1 =   1327.530,   2969.857       
# span 2 =      1.000,    908.000       
# span 3 =     1.1834,     8.1941       
# span 4 =   2.933282,   3.468076       
# span 5 =     1.1755,     8.1942       
# span 6 =   2.932669,   3.484598       
# span 7 =       5.42,     100.60       
# span 8 =     0.0076,     0.2369       
# span 9 =     2.5761,     3.5608       
# span 10 =     2.2737,     3.1213      
# span 11 =  29.883430,  34.630169      
# span 12 =  1.3783113,  8.2357273      
# span 13 =   47.90297,   47.90788      
# span 14 =  -46.06556,  -46.06187      
# span 15 =    33.1364,    34.9085      
# span 16 =    33.1359,    34.9078      
# span 17 =     1.1805,     8.1939      
# span 18 =     1.1726,     8.1941      
# span 19 =    25.8092,    27.7511      
# span 20 =    25.8087,    27.7505      
# span 21 =    6.23060,    7.79911      
# span 22 =    6.21921,    7.82698      
# span 23 =         14,         97      
# span 24 = 0.0000e+00, 0.0000e+00      
# interval = decibars: 1                
# start_time = Jul 10 2014 22:46:18 [NMEA time, header]
# bad_flag = -9.990e-29
*END*
      31862   1327.530    908.000     3.7009   3.261597     3.7005   3.261504       5.42     0.0174     2.5761     2.2737  34.625889  3.7089715   47.90297  -46.06187    34.9084    34.9077     3.6343     3.6339    27.7509    27.7504    6.23815    6.21921         57 0.0000e+00
      32279   1344.900    907.000     3.7007   3.261543     3.7001   3.261422       6.27     0.0178     2.5764     2.2744  34.623062  3.7209506   47.90300  -46.06194    34.9085    34.9077     3.6342     3.6335    27.7510    27.7504    6.23600    6.22226         42 0.0000e+00
      32316   1346.467    906.000     3.7004   3.261470     3.6998   3.261359       6.99     0.0219     2.5766     2.2749  34.630169  3.7132435   47.90300  -46.06194    34.9084    34.9077     3.6340     3.6334    27.7510    27.7505    6.23060    6.22604         30 0.0000e+00
      32343   1347.569    905.000     3.7002   3.261410     3.6997   3.261303       8.08     0.0171     2.5763     2.2749  34.630035  3.7130690   47.90300  -46.06194    34.9084    34.9077     3.6339     3.6333    27.7510    27.7505    6.23972    6.22322         25 0.0000e+00
      32368   1348.610    904.000     3.7001   3.261354     3.6995   3.261254       9.06     0.0226     2.5771     2.2751  34.630035  3.7130647   47.90300  -46.06195    34.9084    34.9078     3.6338     3.6354    27.7510    27.7505    6.23866    6.22602         25 0.0000e+00
      32395   1349.758    903.000     3.6999   3.261306     3.6995   3.261205      10.12     0.0222     2.5771     2.2759  34.625904  3.7130647   47.90300  -46.06196    34.9085    34.9077     3.6338     3.6351    27.7511    27.7505    6.23752    6.23530         31 0.0000e+00
      32429   1351.156    902.000     3.6998   3.261255     3.6997   3.261169      11.21     0.0169     2.5777     2.2772  34.622868  3.7130647   47.90300  -46.06196    34.9085    34.9077     3.6337     3.6335    27.7511    27.7504    6.23911    6.23218         33 0.0000e+00
      32458   1352.374    901.000     3.7001   3.261221     3.6997   3.261123      12.11     0.0158     2.5782     2.2772  34.619370  3.7130647   47.90300  -46.06196    34.9083    34.9076     3.6341     3.6337    27.7509    27.7504    6.23813    6.22407         25 0.0000e+00
      32480   1353.302    900.000     3.7001   3.261181     3.6997   3.261076      12.99     0.0192     2.5784     2.2767  34.623802  3.7130647   47.90302  -46.06196    34.9084    34.9076     3.6342     3.6337    27.7509    27.7503    6.23579    6.22147         21 0.0000e+00
      32502   1354.194    899.000     3.7002   3.261144     3.6997   3.261039      13.94     0.0188     2.5780     2.2769  34.625385  3.7130647   47.90302  -46.06196    34.9084    34.9076     3.6343     3.6339    27.7509    27.7503    6.23450    6.22447         22 0.0000e+00
      32526   1355.207    898.000     3.7002   3.261104     3.6998   3.261004      15.00     0.0166     2.5783     2.2770  34.625694  3.7130647   47.90302  -46.06198    34.9084    34.9076     3.6344     3.6340    27.7510    27.7504    6.23384    6.22672         27 0.0000e+00
      32555   1356.397    897.000     3.7002   3.261052     3.6998   3.260955      16.12     0.0183     2.5786     2.2773  34.625484  3.7130647   47.90302  -46.06198    34.9084    34.9076     3.6344     3.6341    27.7509    27.7503    6.23604    6.22219         29 0.0000e+00
      32581   1357.491    896.000     3.7002   3.261015     3.6999   3.260920      17.07     0.0209     2.5788     2.2768  34.621445  3.7130647   47.90302  -46.06198    34.9083    34.9076     3.6346     3.6343    27.7509    27.7503    6.23608    6.22059         24 0.0000e+00
      32605   1358.491    895.000     3.7003   3.260977     3.6999   3.260883      17.91     0.0197     2.5789     2.2772  34.622990  3.7130647   47.90302  -46.06198    34.9083    34.9076     3.6348     3.6344    27.7508    27.7503    6.23701    6.22464         25 0.0000e+00
      32631   1359.579    894.000     3.7002   3.260931     3.6999   3.260833      19.02     0.0211     2.5791     2.2773  34.619736  3.7130647   47.90302  -46.06199    34.9084    34.9076     3.6348     3.6344    27.7509    27.7503    6.23237    6.22718         27 0.0000e+00
      32659   1360.762    893.000     3.7001   3.260878     3.6998   3.260778      20.09     0.0176     2.5795     2.2783  34.622993  3.7130647   47.90302  -46.06200    34.9084    34.9076     3.6347     3.6344    27.7509    27.7503    6.23445    6.23059         29 0.0000e+00
      32687   1361.907    892.000     3.7002   3.260831     3.6998   3.260741      21.06     0.0163     2.5797     2.2787  34.623276  3.7130647   47.90303  -46.06200    34.9083    34.9076     3.6349     3.6345    27.7508    27.7503    6.24259    6.23274         26 0.0000e+00
      32711   1362.904    891.000     3.7003   3.260792     3.6998   3.260700      21.99     0.0217     2.5806     2.2794  34.624046  3.7130647   47.90304  -46.06200    34.9082    34.9076     3.6351     3.6346    27.7507    27.7503    6.24739    6.24070         22 0.0000e+00
      32731   1363.756    890.000     3.7002   3.260748     3.6998   3.260647      22.88     0.0213     2.5815     2.2808  34.623863  3.7141008   47.90304  -46.06200    34.9083    34.9075     3.6351     3.6346    27.7508    27.7502    6.24896    6.25120         19 0.0000e+00
      32751   1364.563    889.000     3.7003   3.260714     3.7000   3.260618      23.69     0.0188     2.5826     2.2822  34.622707  3.7150185   47.90304  -46.06200    34.9083    34.9075     3.6352     3.6349    27.7508    27.7502    6.26393    6.25520         20 0.0000e+00
      32771   1365.413    888.000     3.7005   3.260684     3.7005   3.260615      24.81     0.0214     2.5848     2.2834  34.623753  3.7135360   47.90304  -46.06202    34.9083    34.9075     3.6355     3.6355    27.7507    27.7501    6.26398    6.25615         21 0.0000e+00
      32794   1366.362    887.000     3.7006   3.260654     3.7010   3.260611      25.77     0.0184     2.5856     2.2847  34.623932  3.7122400   47.90304  -46.06202    34.9083    34.9073     3.6357     3.6361    27.7507    27.7499    6.26879    6.26318         24 0.0000e+00
      32818   1367.361    886.000     3.7010   3.260633     3.7015   3.260594      26.89     0.0181     2.5880     2.2867  34.624546  3.7130699   47.90304  -46.06202    34.9081    34.9072     3.6362     3.6366    27.7505    27.7497    6.27637    6.27611         24 0.0000e+00
      32841   1368.347    885.000     3.7014   3.260618     3.7023   3.260622      27.84     0.0153     2.5894     2.2890  34.621510  3.7126608   47.90304  -46.06202    34.9081    34.9071     3.6366     3.6376    27.7505    27.7496    6.27485    6.27789         24 0.0000e+00
      32868   1369.444    884.000     3.7025   3.260655     3.7044   3.260752      28.70     0.0146     2.5913     2.2905  34.617954  3.7127268   47.90304  -46.06204    34.9079    34.9070     3.6378     3.6397    27.7502    27.7493    6.28831    6.27923         29 0.0000e+00
      32896   1370.623    883.000     3.7037   3.260719     3.7073   3.260948      29.91     0.0164     2.5943     2.2923  34.601601  3.7130702   47.90304  -46.06204    34.9078    34.9068     3.6391     3.6427    27.7500    27.7488    6.29264    6.27658         26 0.0000e+00
      32920   1371.605    882.000     3.7084   3.261006     3.7104   3.261150      30.88     0.0182     2.5954     2.2928  34.602844  3.7130647   47.90304  -46.06204    34.9069    34.9064     3.6438     3.6458    27.7488    27.7482    6.27941    6.26926         21 0.0000e+00
      32939   1372.423    881.000     3.7117   3.261246     3.7125   3.261271      31.48     0.0237     2.5957     2.2929  34.603046  3.7130647   47.90304  -46.06204    34.9067    34.9061     3.6472     3.6480    27.7483    27.7477    6.28288    6.26739         19 0.0000e+00
      32957   1373.180    880.000     3.7134   3.261357     3.7142   3.261359      32.49     0.0193     2.5972     2.2933  34.603977  3.7130647   47.90306  -46.06204    34.9067    34.9059     3.6490     3.6498    27.7481    27.7473    6.28502    6.26844         18 0.0000e+00
      32975   1373.935    879.000     3.7145   3.261403     3.7149   3.261367      33.32     0.0209     2.5972     2.2935  34.602325  3.7130647   47.90306  -46.06205    34.9066    34.9058     3.6501     3.6506    27.7479    27.7472    6.28053    6.26862         19 0.0000e+00
      32995   1374.768    878.000     3.7150   3.261405     3.7153   3.261352      34.27     0.0232     2.5981     2.2939  34.600777  3.7130647   47.90306  -46.06206    34.9066    34.9057     3.6507     3.6510    27.7479    27.7471    6.28739    6.27115         21 0.0000e+00
      33019   1375.770    877.000     3.7154   3.261387     3.7158   3.261348      41.83     0.0179     2.5992     2.2945  34.595955  3.7134187   47.90306  -46.06206    34.9065    34.9056     3.6512     3.6516    27.7477    27.7470    6.29319    6.27626         27 0.0000e+00
      33049   1376.989    876.000     3.7162   3.261402     3.7167   3.261377      98.15     0.0172     2.6013     2.2956  34.593662  3.7133801   47.90306  -46.06206    34.9063    34.9056     3.6521     3.6525    27.7475    27.7469    6.30352    6.28219         31 0.0000e+00
      33078   1378.214    875.000     3.7170   3.261417     3.7175   3.261393      65.50     0.0155     2.6034     2.2974  34.578415  3.7214224   47.90306  -46.06206    34.9062    34.9054     3.6529     3.6535    27.7473    27.7466    6.30999    6.29293         27 0.0000e+00
      33104   1379.297    874.000     3.7175   3.261423     3.7182   3.261409      38.80     0.0158     2.6054     2.2988  34.576694  3.7224472   47.90306  -46.06208    34.9063    34.9053     3.6535     3.6542    27.7473    27.7465    6.31795    6.29432         25 0.0000e+00
      33128   1380.297    873.000     3.7186   3.261453     3.7188   3.261402      39.69     0.0176     2.6073     2.3001  34.568199  3.7228348   47.90306  -46.06208    34.9060    34.9052     3.6547     3.6549    27.7470    27.7463    6.31669    6.29946         23 0.0000e+00
      33150   1381.225    872.000     3.7192   3.261454     3.7207   3.261504      42.73     0.0150     2.6086     2.3015  34.567936  3.7228327   47.90306  -46.06208    34.9058    34.9049     3.6554     3.6569    27.7468    27.7459    6.31466    6.30630         21 0.0000e+00
      33170   1382.051    871.000     3.7214   3.261580     3.7227   3.261607      74.23     0.0187     2.6093     2.3030  34.549637  3.7228327   47.90308  -46.06208    34.9055    34.9045     3.6577     3.6589    27.7463    27.7454    6.30971    6.30572         19 0.0000e+00
      33189   1382.815    870.000     3.7234   3.261669     3.7249   3.261724      52.19     0.0217     2.6100     2.3034  34.542103  3.7228327   47.90308  -46.06209    34.9051    34.9041     3.6597     3.6612    27.7457    27.7448    6.30792    6.30274         18 0.0000e+00
      33207   1383.570    869.000     3.7248   3.261747     3.7265   3.261802      43.83     0.0223     2.6100     2.3045  34.543644  3.7228327   47.90308  -46.06210    34.9050    34.9038     3.6612     3.6629    27.7455    27.7444    6.30878    6.30436         19 0.0000e+00
      33226   1384.389    868.000     3.7265   3.261820     3.7274   3.261816      44.63     0.0170     2.6110     2.3049  34.539959  3.7228327   47.90308  -46.06210    34.9046    34.9035     3.6629     3.6638    27.7450    27.7441    6.31268    6.30302         20 0.0000e+00
      33248   1385.299    867.000     3.7271   3.261826     3.7278   3.261798      45.53     0.0159     2.6115     2.3057  34.541504  3.7228327   47.90308  -46.06210    34.9045    34.9034     3.6636     3.6643    27.7449    27.7440    6.31566    6.29890         23 0.0000e+00
      33271   1386.266    866.000     3.7281   3.261830     3.7287   3.261802      76.00     0.0146     2.6129     2.3056  34.533714  3.7228327   47.90308  -46.06210    34.9041    34.9031     3.6647     3.6653    27.7444    27.7436    6.32380    6.29706         23 0.0000e+00
      33295   1387.233    865.000     3.7287   3.261825     3.7302   3.261865      47.82     0.0149     2.6136     2.3062  34.532352  3.7228327   47.90308  -46.06210    34.9038    34.9028     3.6654     3.6668    27.7442    27.7432    6.31518    6.30076         24 0.0000e+00
      33319   1388.242    864.000     3.7296   3.261839     3.7320   3.261949      71.82     0.0166     2.6147     2.3064  34.508427  3.7312362   47.90308  -46.06212    34.9036    34.9023     3.6663     3.6687    27.7439    27.7426    6.32950    6.29744         26 0.0000e+00
      33346   1389.389    863.000     3.7315   3.261939     3.7336   3.262025      80.52     0.0174     2.6163     2.3068  34.505795  3.7325737   47.90310  -46.06212    34.9033    34.9021     3.6683     3.6704    27.7434    27.7423    6.32872    6.30451         29 0.0000e+00
      33375   1390.592    862.000     3.7333   3.261999     3.7347   3.262061      65.75     0.0187     2.6178     2.3084  34.511269  3.7326007   47.90310  -46.06213    34.9026    34.9019     3.6701     3.6715    27.7427    27.7420    6.33208    6.32422         26 0.0000e+00
      33399   1391.584    861.000     3.7346   3.262055     3.7357   3.262094      99.42     0.0191     2.6192     2.3106  34.507416  3.7326007   47.90310  -46.06214    34.9024    34.9016     3.6715     3.6727    27.7424    27.7417    6.33391    6.33402         22 0.0000e+00
      33419   1392.434    860.000     3.7359   3.262115     3.7365   3.262103      98.64     0.0224     2.6195     2.3124  34.496742  3.7326007   47.90310  -46.06214    34.9022    34.9015     3.6729     3.6735    27.7421    27.7415    6.32968    6.33591         20 0.0000e+00
      33439   1393.239    859.000     3.7366   3.262117     3.7370   3.262082      80.14     0.0220     2.6208     2.3138  34.495106  3.7326007   47.90310  -46.06214    34.9020    34.9012     3.6737     3.6741    27.7419    27.7412    6.33646    6.33680         19 0.0000e+00
      33458   1394.037    858.000     3.7372   3.262124     3.7374   3.262064      72.45     0.0214     2.6212     2.3151  34.485119  3.7351563   47.90310  -46.06214    34.9020    34.9011     3.6744     3.6746    27.7418    27.7410    6.34183    6.33907         19 0.0000e+00
      33478   1394.888    857.000     3.7378   3.262123     3.7386   3.262107      98.40     0.0216     2.6230     2.3163  34.482208  3.7352638   47.90310  -46.06214    34.9019    34.9009     3.6750     3.6758    27.7417    27.7408    6.34872    6.34349         22 0.0000e+00
      33501   1395.820    856.000     3.7392   3.262175     3.7402   3.262180      98.63     0.0202     2.6242     2.3180  34.468430  3.7359877   47.90310  -46.06214    34.9016    34.9006     3.6765     3.6775    27.7412    27.7404    6.35026    6.34696         23 0.0000e+00
      33524   1396.798    855.000     3.7397   3.262201     3.7423   3.262303      60.72     0.0142     2.6261     2.3194  34.454124  3.7406995   47.90310  -46.06215    34.9018    34.9003     3.6771     3.6797    27.7413    27.7399    6.35844    6.34823         23 0.0000e+00
      33547   1397.759    854.000     3.7404   3.262194     3.7444   3.262406      97.41     0.0137     2.6278     2.3206  34.454212  3.7419565   47.90310  -46.06216    34.9016    34.8999     3.6778     3.6818    27.7411    27.7394    6.36336    6.35405         23 0.0000e+00
      33571   1398.733    853.000     3.7442   3.262400     3.7464   3.262505      75.33     0.0135     2.6295     2.3224  34.454212  3.7423704   47.90311  -46.06216    34.9005    34.8994     3.6817     3.6839    27.7399    27.7387    6.36187    6.36091         24 0.0000e+00
      33595   1399.748    852.000     3.7444   3.262386     3.7478   3.262553      61.78     0.0158     2.6316     2.3239  34.450481  3.7440274   47.90312  -46.06217    34.9006    34.8990     3.6820     3.6854    27.7399    27.7383    6.37352    6.36293         24 0.0000e+00
