data/CTD/2014/CNV/u017a002.cnv
* Sea-Bird SBE 9 Data File:
* FileName = C:\CTD_ACQUISITION\2014017HUD\ctddata\017A002.hdr
* Software Version Seasave V 7.22.2
* Temperature SN = 5081
* Conductivity SN = 3561
* Number of Bytes Per Scan = 37
* Number of Voltage Words = 4
* Number of Scans Averaged by the Deck Unit = 1
* NMEA Latitude = 52 39.92 N
* NMEA Longitude = 052 06.18 W
* NMEA UTC (Time) = Jul 03 2014 10:10:16
* NMEA baud rate = 9600
** Ship: Hudson
** Cruise: HUD2014017
** Chief_Scientist: Blair Greenan
** Organization: BIO
** Area_of_Operation: Sackville Spur
** Station: 002
** Sounding:  298
** Event_Comments: C1 403001
# nquan = 25
# nvalues = 294                         
# units = specified
# name 0 = scan: Scan Count
# name 1 = timeS: Time, Elapsed [seconds]
# name 2 = prDM: Pressure, Digiquartz [db]
# name 3 = t068C: Temperature [ITS-68, deg C]
# name 4 = c0S/m: Conductivity [S/m]
# name 5 = t168C: Temperature, 2 [ITS-68, deg C]
# name 6 = c1S/m: Conductivity, 2 [S/m]
# name 7 = altM: Altimeter [m]
# name 8 = flC: Fluorescence, Chelsea Aqua 3 Chl Con [ug/l]
# name 9 = sbeox0V: Oxygen raw, SBE 43 [V]
# name 10 = sbeox1V: Oxygen raw, SBE 43, 2 [V]
# name 11 = upoly0: Upoly 0, Optode 4330F - O2 D-Phase
# name 12 = upoly1: Upoly 1, Optode 4330F - O2 Temp
# name 13 = latitude: Latitude [deg]
# name 14 = longitude: Longitude [deg]
# name 15 = sal00: Salinity, Practical [PSU]
# name 16 = sal11: Salinity, Practical, 2 [PSU]
# name 17 = potemp068C: Potential Temperature [ITS-68, deg C]
# name 18 = potemp168C: Potential Temperature, 2 [ITS-68, deg C]
# name 19 = sigma-é00: Density [sigma-theta, Kg/m^3]
# name 20 = sigma-é11: Density, 2 [sigma-theta, Kg/m^3]
# name 21 = sbeox0ML/L: Oxygen, SBE 43 [ml/l], WS = 2
# name 22 = sbeox1ML/L: Oxygen, SBE 43, 2 [ml/l], WS = 2
# name 23 = nbin: number of scans per bin
# name 24 = flag: flag
# span 0 =      23852,      49918       
# span 1 =    993.774,   2079.864       
# span 2 =      1.000,    294.000       
# span 3 =    -1.4386,     5.3525       
# span 4 =   2.640142,   3.134211       
# span 5 =    -1.4363,     5.3434       
# span 6 =   2.640061,   3.133980       
# span 7 =       3.90,     100.51       
# span 8 =     0.0178,     2.6358       
# span 9 =     2.8926,     3.9076       
# span 10 =     2.5494,     3.4497      
# span 11 =  26.252096,  32.111534      
# span 12 = -1.4629771,  3.8970680      
# span 13 =   52.66493,   52.66522      
# span 14 =  -52.10050,  -52.09944      
# span 15 =    31.9115,    34.5915      
# span 16 =    31.9157,    34.5889      
# span 17 =    -1.4393,     5.3523      
# span 18 =    -1.4370,     5.3431      
# span 19 =    25.1885,    27.5729      
# span 20 =    25.1929,    27.5708      
# span 21 =    6.79900,   11.15128      
# span 22 =    6.80769,   11.44612      
# span 23 =         15,         91      
# span 24 = 0.0000e+00, 0.0000e+00      
# interval = decibars: 1                
# start_time = Jul 03 2014 10:10:16 [NMEA time, header]
# bad_flag = -9.990e-29
*END*
[from data line 174]
      33706   1404.393    120.000    -0.6048   2.759552    -0.5815   2.761820      99.92     0.0300     2.9438     2.5918  31.174213 -0.0335491   52.66511  -52.09994    33.6812    33.6858    -0.6084    -0.5851    27.0693    27.0721    7.52527    7.57911         41 0.0000e+00
      33729   1405.344    119.000    -0.6202   2.757396    -0.6275   2.756219      69.10     0.0302     2.9449     2.5928  31.189653 -0.0670865   52.66510  -52.09995    33.6699    33.6622    -0.6236    -0.6310    27.0608    27.0549    7.54848    7.56516         27 0.0000e+00
      33759   1406.581    118.000    -0.6589   2.752877    -0.6899   2.749373      83.01     0.0341     2.9454     2.5904  31.189402 -0.0815376   52.66510  -52.09996    33.6527    33.6399    -0.6623    -0.6932    27.0485    27.0394    7.54544    7.54288         34 0.0000e+00
      33800   1408.292    117.000    -0.7053   2.748018    -0.7543   2.742736      83.52     0.2196     2.9434     2.5865  31.193335 -0.1034007   52.66510  -52.09996    33.6394    33.6226    -0.7086    -0.7575    27.0396    27.0279    7.52798    7.55185         52 0.0000e+00
      33872   1411.294    116.000    -0.7538   2.743082    -0.7194   2.746248      91.39     0.1972     2.9403     2.5870  31.223223 -0.1304234   52.66511  -52.09996    33.6268    33.6318    -0.7569    -0.7226    27.0313    27.0340    7.54851    7.59789         77 0.0000e+00
      33927   1413.586    115.000    -0.7403   2.744407    -0.7734   2.740928      93.13     0.0314     2.9403     2.5879  31.231203 -0.1712837   52.66512  -52.09996    33.6309    33.6208    -0.7435    -0.7766    27.0341    27.0272    7.54223    7.57580         38 0.0000e+00
      33958   1414.895    114.000    -0.8113   2.736908    -0.8287   2.734550      85.48     0.0312     2.9395     2.5874  31.240528 -0.2051790   52.66512  -52.09996    33.6092    33.5966    -0.8144    -0.8318    27.0192    27.0098    7.55327    7.59791         30 0.0000e+00
      33992   1416.291    113.000    -0.8515   2.732398    -0.8652   2.730612      86.29     0.0279     2.9391     2.5876  31.255140 -0.2016181   52.66512  -52.09996    33.5935    33.5846    -0.8545    -0.8683    27.0080    27.0014    7.56624    7.61064         42 0.0000e+00
      34050   1418.728    112.000    -0.8661   2.730682    -0.8371   2.733557      86.60     0.0281     2.9390     2.5875  31.276333 -0.2373761   52.66512  -52.09996    33.5871    33.5938    -0.8691    -0.8402    27.0035    27.0078    7.56650    7.60664         61 0.0000e+00
      34094   1420.532    111.000    -0.8784   2.729167    -0.8907   2.727582      75.58     0.0286     2.9379     2.5875  31.279936 -0.2612917   52.66512  -52.09996    33.5809    33.5731    -0.8814    -0.8937    26.9989    26.9931    7.56385    7.61403         36 0.0000e+00
      34139   1422.400    110.000    -0.8970   2.727023    -0.9028   2.726155      88.83     0.0268     2.9373     2.5870  31.288830 -0.2824552   52.66512  -52.09996    33.5732    33.5679    -0.8999    -0.9057    26.9933    26.9892    7.56389    7.60729         55 0.0000e+00
      34192   1424.616    109.000    -0.9101   2.725518    -0.9139   2.724805      76.04     0.0353     2.9358     2.5859  31.295118 -0.3098845   52.66514  -52.09996    33.5680    33.5625    -0.9130    -0.9167    26.9896    26.9853    7.56014    7.60905         45 0.0000e+00
      34231   1426.247    108.000    -0.9116   2.724896    -0.9108   2.724656      75.37     0.0323     2.9351     2.5860  31.296106 -0.3229460   52.66514  -52.09996    33.5618    33.5577    -0.9144    -0.9137    26.9846    26.9813    7.55261    7.61598         37 0.0000e+00
      34274   1428.022    107.000    -0.9131   2.724348    -0.9127   2.724169      97.54     0.0296     2.9337     2.5860  31.309065 -0.3545963   52.66514  -52.09996    33.5567    33.5538    -0.9159    -0.9155    26.9805    26.9782    7.55666    7.60723         52 0.0000e+00
      34332   1430.469    106.000    -0.9145   2.724024    -0.9149   2.723715      80.97     0.0272     2.9334     2.5842  31.335007 -0.3829542   52.66514  -52.09996    33.5545    33.5507    -0.9173    -0.9177    26.9788    26.9758    7.56431    7.59493         54 0.0000e+00
      34371   1432.096    105.000    -0.9211   2.722978    -0.9232   2.722550      98.75     0.0223     2.9346     2.5835  31.334763 -0.3825772   52.66514  -52.09996    33.5482    33.5447    -0.9238    -0.9259    26.9740    26.9712    7.57093    7.59917         31 0.0000e+00
      34401   1433.330    104.000    -0.9327   2.721670    -0.9369   2.721081      70.88     0.0249     2.9345     2.5829  31.352999 -0.4275753   52.66514  -52.09996    33.5440    33.5406    -0.9354    -0.9396    26.9710    26.9684    7.56920    7.59475         31 0.0000e+00
      34450   1435.368    103.000    -0.9468   2.720207    -0.9463   2.720090      81.32     0.0300     2.9349     2.5839  31.358858 -0.4455419   52.66514  -52.09997    33.5405    33.5383    -0.9495    -0.9490    26.9686    26.9669    7.57260    7.62460         76 0.0000e+00
      34533   1438.833    102.000    -0.9535   2.719532    -0.9531   2.719313      83.26     0.0310     2.9359     2.5878  31.371370 -0.4819301   52.66515  -52.09996    33.5394    33.5360    -0.9562    -0.9558    26.9680    26.9652    7.57305    7.62486         58 0.0000e+00
      34570   1440.393    101.000    -0.9658   2.717896    -0.9707   2.717145      92.62     0.0237     2.9359     2.5874  31.372250 -0.4956968   52.66516  -52.09998    33.5314    33.5267    -0.9684    -0.9733    26.9620    26.9583    7.58125    7.63171         32 0.0000e+00
      35034   1459.718    100.000    -0.9801   2.716061    -0.9841   2.715442      87.31     0.0282     2.9378     2.5890  31.478947 -0.6714019   52.66518  -52.10000    33.5230    33.5191    -0.9826    -0.9866    26.9557    26.9526    7.58941    7.63722         79 0.0000e+00
      36032   1501.289     99.000    -0.9915   2.714456    -0.9924   2.714264      70.10     0.0308     2.9417     2.5901  31.671026 -1.0446097   52.66522  -52.10004    33.5146    33.5130    -0.9940    -0.9949    26.9492    26.9480    7.60491    7.64430         44 0.0000e+00
      35957   1498.147     98.000    -0.9996   2.713423    -0.9981   2.713479      99.03     0.0298     2.9416     2.5906  31.650410 -1.0168060   52.66522  -52.10002    33.5102    33.5092    -1.0021    -1.0006    26.9459    26.9452    7.60432    7.64807         25 0.0000e+00
      35982   1499.224     97.000    -1.0047   2.712660    -1.0050   2.712513      60.94     0.0278     2.9421     2.5907  31.646093 -1.0556413   52.66522  -52.10002    33.5061    33.5045    -1.0072    -1.0075    26.9429    26.9415    7.59833    7.63882         30 0.0000e+00
      36053   1502.175     96.000    -1.0024   2.712901    -1.0031   2.712760      52.88     0.0252     2.9416     2.5907  31.660679 -1.0643481   52.66522  -52.10004    33.5073    33.5063    -1.0048    -1.0055    26.9438    26.9429    7.59825    7.64578         64 0.0000e+00
      36102   1504.205     95.000    -1.0024   2.712834    -1.0040   2.712496      91.23     0.0247     2.9422     2.5916  31.686001 -1.0491982   52.66522  -52.10003    33.5071    33.5043    -1.0048    -1.0064    26.9435    26.9413    7.59132    7.64464         25 0.0000e+00
      36127   1505.252     94.000    -1.0098   2.711829    -1.0201   2.710460      58.20     0.0257     2.9403     2.5913  31.701582 -1.0818577   52.66522  -52.10003    33.5023    33.4951    -1.0121    -1.0225    26.9399    26.9345    7.57898    7.64091         29 0.0000e+00
      36180   1507.474     93.000    -1.0149   2.711199    -1.0219   2.710173      82.30     0.0261     2.9398     2.5904  31.702078 -1.0864602   52.66522  -52.10004    33.5000    33.4940    -1.0172    -1.0242    26.9382    26.9336    7.59220    7.63910         78 0.0000e+00
      36239   1509.913     92.000    -1.0143   2.711263    -1.0261   2.709625      99.17     0.0265     2.9404     2.5908  31.701847 -1.0222925   52.66522  -52.10004    33.5009    33.4917    -1.0166    -1.0284    26.9390    26.9319    7.59980    7.64154         33 0.0000e+00
      36268   1511.123     91.000    -1.0362   2.708427    -1.0591   2.705337      64.64     0.0276     2.9407     2.5902  31.703032 -0.3984641   52.66522  -52.10003    33.4874    33.4706    -1.0386    -1.0613    26.9288    26.9160    7.59806    7.63296         30 0.0000e+00
      36305   1512.650     90.000    -1.0534   2.706040    -1.0794   2.702425      92.44     0.0308     2.9400     2.5892  31.701893 -0.6107935   52.66522  -52.10002    33.4745    33.4542    -1.0556    -1.0816    26.9189    26.9034    7.58851    7.63902         47 0.0000e+00
      36369   1515.337     89.000    -1.0470   2.706845    -1.0761   2.702785      81.67     0.0316     2.9366     2.5882  31.706158 -1.1156766   52.66522  -52.10003    33.4789    33.4561    -1.0492    -1.0783    26.9223    26.9047    7.57084    7.62992         75 0.0000e+00
      36427   1517.731     88.000    -1.0620   2.704882    -1.0871   2.701341      62.32     0.0219     2.9347     2.5867  31.709585 -0.8051828   52.66522  -52.10002    33.4693    33.4492    -1.0642    -1.0892    26.9150    26.8996    7.57707    7.63309         36 0.0000e+00
      36454   1518.864     87.000    -1.1059   2.699186    -1.1272   2.695979      61.34     0.0286     2.9339     2.5870  31.721088 -0.4309511   52.66522  -52.10002    33.4414    33.4214    -1.1080    -1.1293    26.8939    26.8784    7.57649    7.64546         24 0.0000e+00
      36478   1519.868     86.000    -1.1371   2.694763    -1.1453   2.693507      52.03     0.0313     2.9327     2.5862  31.735312 -0.4367582   52.66522  -52.10002    33.4164    33.4085    -1.1391    -1.1474    26.8747    26.8685    7.58666    7.63522         26 0.0000e+00
      36541   1522.485     85.000    -1.1328   2.695227    -1.1334   2.695174      78.76     0.0321     2.9319     2.5837  31.742794 -0.4482381   52.66522  -52.10002    33.4187    33.4185    -1.1349    -1.1354    26.8763    26.8762    7.58502    7.63217         53 0.0000e+00
      36607   1525.236     84.000    -1.1226   2.696596    -1.0954   2.700047      99.48     0.0356     2.9315     2.5834  31.713148 -0.4609357   52.66522  -52.10002    33.4265    33.4433    -1.1246    -1.0974    26.8824    26.8950    7.58384    7.64082         23 0.0000e+00
      36626   1526.039     83.000    -1.1479   2.693172    -1.1342   2.694634      72.50     0.0365     2.9313     2.5839  31.714287 -0.4648408   52.66522  -52.10002    33.4086    33.4133    -1.1498    -1.1361    26.8686    26.8720    7.58173    7.64876         21 0.0000e+00
      36663   1527.593     82.000    -1.1616   2.691191    -1.1643   2.690512      78.70     0.0323     2.9307     2.5836  31.751253 -0.4772090   52.66521  -52.10002    33.3974    33.3911    -1.1635    -1.1662    26.8600    26.8550    7.59072    7.64069         39 0.0000e+00
      36761   1531.679     81.000    -1.1401   2.694081    -1.1292   2.695291      99.01     0.0317     2.9301     2.5810  31.759693 -0.4973113   52.66520  -52.10002    33.4135    33.4179    -1.1420    -1.1311    26.8724    26.8756    7.57546    7.62801         22 0.0000e+00
      36783   1532.586     80.000    -1.1565   2.691615    -1.1478   2.692688      55.86     0.0293     2.9296     2.5811  31.766748 -0.5059772   52.66520  -52.10002    33.3988    33.4037    -1.1584    -1.1496    26.8610    26.8647    7.58779    7.63829         29 0.0000e+00
      37668   1569.460     79.000    -1.1817   2.687702    -1.1846   2.687302      98.70     0.0270     2.9288     2.5806  31.855061 -1.2128322   52.66513  -52.09996    33.3740    33.3717    -1.1836    -1.1864    26.8417    26.8399    7.59348    7.63441         25 0.0000e+00
      38012   1583.798     78.000    -1.1872   2.686817    -1.1915   2.686154      93.81     0.0320     2.9283     2.5793  31.883568 -1.4149195   52.66510  -52.09993    33.3686    33.3643    -1.1890    -1.1933    26.8375    26.8342    7.58409    7.62752         18 0.0000e+00
      38046   1585.201     77.000    -1.1893   2.686496    -1.1949   2.685628      65.99     0.0343     2.9281     2.5797  31.881330 -1.4629771   52.66510  -52.09992    33.3672    33.3616    -1.1911    -1.1967    26.8364    26.8321    7.58476    7.63817         39 0.0000e+00
      38155   1589.745     76.000    -1.1950   2.685623    -1.1916   2.686036      99.99     0.0380     2.9295     2.5816  31.880047 -1.2796903   52.66508  -52.09992    33.3622    33.3641    -1.1968    -1.1934    26.8326    26.8340    7.61025    7.64129         19 0.0000e+00
      38169   1590.347     75.000    -1.1948   2.685564    -1.1950   2.685427      31.09     0.0316     2.9307     2.5815  31.878727 -0.8574299   52.66508  -52.09992    33.3618    33.3602    -1.1965    -1.1968    26.8322    26.8309    7.60506    7.63866         18 0.0000e+00
      38188   1591.143     74.000    -1.2036   2.684321    -1.2075   2.683460      78.34     0.0333     2.9304     2.5813  31.885717 -0.7748926   52.66508  -52.09992    33.3542    33.3478    -1.2053    -1.2092    26.8263    26.8213    7.58918    7.63729         22 0.0000e+00
      38261   1594.185     73.000    -1.2111   2.683136    -1.2138   2.682623      68.08     0.0373     2.9291     2.5805  31.903780 -0.7757757   52.66507  -52.09991    33.3481    33.3439    -1.2128    -1.2154    26.8216    26.8183    7.59178    7.63572         42 0.0000e+00
      38323   1596.744     72.000    -1.2093   2.683371    -1.2081   2.683340      75.83     0.0359     2.9289     2.5799  31.919638 -0.8766521   52.66506  -52.09990    33.3498    33.3493    -1.2109    -1.2097    26.8229    26.8225    7.59118    7.62291         23 0.0000e+00
      38345   1597.664     71.000    -1.2192   2.682046    -1.2362   2.679486      96.89     0.0364     2.9285     2.5787  31.919415 -0.8099285   52.66506  -52.09990    33.3436    33.3272    -1.2208    -1.2378    26.8182    26.8055    7.58259    7.62331         24 0.0000e+00
      38402   1600.057     70.000    -1.2482   2.678113    -1.2601   2.676397      60.82     0.0727     2.9282     2.5797  31.919746 -0.7973887   52.66506  -52.09989    33.3223    33.3121    -1.2497    -1.2617    26.8019    26.7940    7.59958    7.65012         45 0.0000e+00
      38480   1603.276     69.000    -1.2488   2.677917    -1.2500   2.677648      31.58     0.1217     2.9288     2.5812  31.920057 -0.8097772   52.66504  -52.09988    33.3209    33.3189    -1.2503    -1.2515    26.8008    26.7991    7.60594    7.64264         23 0.0000e+00
      38500   1604.142     68.000    -1.2753   2.674470    -1.2842   2.672808      75.69     0.0739     2.9298     2.5807  31.919430 -0.8095238   52.66504  -52.09988    33.3038    33.2916    -1.2768    -1.2857    26.7877    26.7781    7.61531    7.64445         23 0.0000e+00
      38552   1606.280     67.000    -1.2954   2.671237    -1.2962   2.670954      78.89     0.0505     2.9293     2.5801  31.930361 -0.8200269   52.66504  -52.09988    33.2826    33.2797    -1.2969    -1.2977    26.7711    26.7688    7.60619    7.65277         76 0.0000e+00
      38642   1610.060     66.000    -1.2998   2.670369    -1.2918   2.671391      85.78     0.0436     2.9283     2.5808  31.934231 -0.8301304   52.66503  -52.09987    33.2762    33.2813    -1.3012    -1.2932    26.7660    26.7699    7.60902    7.66295         47 0.0000e+00
      38674   1611.395     65.000    -1.3021   2.670001    -1.3051   2.669333      36.33     0.0395     2.9281     2.5808  31.935677 -0.8390696   52.66502  -52.09986    33.2743    33.2684    -1.3035    -1.3065    26.7646    26.7599    7.59918    7.65210         28 0.0000e+00
      38699   1612.422     64.000    -1.3278   2.666501    -1.3288   2.666084      97.84     0.0412     2.9278     2.5803  31.934690 -0.8400315   52.66502  -52.09986    33.2555    33.2509    -1.3292    -1.3302    26.7500    26.7464    7.60909    7.65611         24 0.0000e+00
