data/CTD/2014/CNV/u017a036.cnv
* Sea-Bird SBE 9 Data File:
* FileName = C:\CTD_ACQUISITION\2014017HUD\ctddata\017A036.hdr
* Software Version Seasave V 7.22.2
* Temperature SN = 5081
* Conductivity SN = 3561
* Number of Bytes Per Scan = 37
* Number of Voltage Words = 4
* Number of Scans Averaged by the Deck Unit = 1
* NMEA Latitude = 48 26.48 N
* NMEA Longitude = 046 40.75 W
* NMEA UTC (Time) = Jul 09 2014 20:04:18
* NMEA baud rate = 9600
** Ship: Hudson
** Cruise: HUD2014017
** Chief_Scientist: Blair Greenan
** Organization: BIO
** Area_of_Operation: Sackville Spur
** Station: 036
** Sounding:  2091
** Event_Comments: SS-08 403206
# nquan = 25
# nvalues = 2164                        
# units = specified
# name 0 = scan: Scan Count
# name 1 = timeS: Time, Elapsed [seconds]
# name 2 = prDM: Pressure, Digiquartz [db]
# name 3 = t068C: Temperature [ITS-68, deg C]
# name 4 = c0S/m: Conductivity [S/m]
# name 5 = t168C: Temperature, 2 [ITS-68, deg C]
# name 6 = c1S/m: Conductivity, 2 [S/m]
# name 7 = altM: Altimeter [m]
# name 8 = flC: Fluorescence, Chelsea Aqua 3 Chl Con [ug/l]
# name 9 = sbeox0V: Oxygen raw, SBE 43 [V]
# name 10 = sbeox1V: Oxygen raw, SBE 43, 2 [V]
# name 11 = upoly0: Upoly 0, Optode 4330F - O2 D-Phase
# name 12 = upoly1: Upoly 1, Optode 4330F - O2 Temp
# name 13 = latitude: Latitude [deg]
# name 14 = longitude: Longitude [deg]
# name 15 = sal00: Salinity, Practical [PSU]
# name 16 = sal11: Salinity, Practical, 2 [PSU]
# name 17 = potemp068C: Potential Temperature [ITS-68, deg C]
# name 18 = potemp168C: Potential Temperature, 2 [ITS-68, deg C]
# name 19 = sigma-é00: Density [sigma-theta, Kg/m^3]
# name 20 = sigma-é11: Density, 2 [sigma-theta, Kg/m^3]
# name 21 = sbeox0ML/L: Oxygen, SBE 43 [ml/l], WS = 2
# name 22 = sbeox1ML/L: Oxygen, SBE 43, 2 [ml/l], WS = 2
# name 23 = nbin: number of scans per bin
# name 24 = flag: flag
# span 0 =      65024,     118201       
# span 1 =   2709.282,   4924.983       
# span 2 =      1.000,   2164.000       
# span 3 =    -0.3691,     8.3236       
# span 4 =   2.769592,   3.475631       
# span 5 =    -0.3714,     8.3217       
# span 6 =   2.769843,   3.475491       
# span 7 =       2.05,     110.20       
# span 8 =     0.0061,     1.2048       
# span 9 =     2.2664,     3.8192       
# span 10 =     2.0049,     3.3884      
# span 11 =  29.824846,  35.345711      
# span 12 = -0.1164409,  8.2983027      
# span 13 =   48.44478,   48.44666      
# span 14 =  -46.66666,  -46.66045      
# span 15 =    33.0481,    34.9159      
# span 16 =    33.0948,    34.9158      
# span 17 =    -0.3703,     8.3235      
# span 18 =    -0.3726,     8.3216      
# span 19 =    25.7605,    27.8349      
# span 20 =    25.7607,    27.8349      
# span 21 =    6.28716,   10.64197      
# span 22 =    6.21739,   10.50960      
# span 23 =         11,         73      
# span 24 = 0.0000e+00, 0.0000e+00      
# interval = decibars: 1                
# start_time = Jul 09 2014 20:04:18 [NMEA time, header]
# bad_flag = -9.990e-29
*END*
[from data line 1102]
      91563   3815.099   1062.000     3.6822   3.264703     3.6815   3.264625      98.63     0.0151     2.6164     2.2988  34.263729  3.6837606   48.44562  -46.66248    34.8859    34.8857     3.6033     3.6026    27.7361    27.7360    6.48953    6.45086         16 0.0000e+00
      91580   3815.774   1061.000     3.6839   3.264811     3.6838   3.264796      79.43     0.0149     2.6155     2.2989  34.256371  3.6837606   48.44562  -46.66248    34.8859    34.8859     3.6051     3.6049    27.7359    27.7359    6.48507    6.45001         16 0.0000e+00
      91597   3816.497   1060.000     3.6852   3.264899     3.6858   3.264942      91.13     0.0140     2.6165     2.2998  34.230701  3.6837606   48.44562  -46.66248    34.8861    34.8860     3.6064     3.6070    27.7359    27.7358    6.49226    6.45378         19 0.0000e+00
      91618   3817.386   1059.000     3.6862   3.264950     3.6869   3.264991      98.38     0.0137     2.6161     2.3003  34.232605  3.6837606   48.44562  -46.66248    34.8862    34.8859     3.6074     3.6082    27.7359    27.7356    6.48597    6.45161         25 0.0000e+00
      91647   3818.599   1058.000     3.6870   3.264983     3.6876   3.265015      85.43     0.0175     2.6169     2.3010  34.223915  3.6843996   48.44562  -46.66248    34.8862    34.8859     3.6084     3.6090    27.7358    27.7356    6.49271    6.44881         31 0.0000e+00
      91674   3819.714   1057.000     3.6880   3.265016     3.6878   3.264992      58.12     0.0185     2.6175     2.3011  34.222404  3.6855638   48.44562  -46.66248    34.8861    34.8859     3.6094     3.6093    27.7356    27.7356    6.49158    6.44035         22 0.0000e+00
      91693   3820.517   1056.000     3.6888   3.265062     3.6892   3.265084      98.44     0.0183     2.6171     2.3008  34.219791  3.6934910   48.44562  -46.66248    34.8862    34.8861     3.6103     3.6107    27.7357    27.7356    6.49060    6.43769         18 0.0000e+00
      91710   3821.223   1055.000     3.6911   3.265232     3.6911   3.265223      98.63     0.0126     2.6183     2.3006  34.220688  3.6935287   48.44562  -46.66246    34.8864    34.8863     3.6127     3.6126    27.7355    27.7355    6.49361    6.43678         16 0.0000e+00
      91726   3821.887   1054.000     3.6923   3.265305     3.6921   3.265285      73.25     0.0134     2.6181     2.3005  34.219791  3.6935287   48.44562  -46.66246    34.8865    34.8864     3.6139     3.6138    27.7355    27.7355    6.48862    6.43965         16 0.0000e+00
      91743   3822.564   1053.000     3.6927   3.265318     3.6925   3.265274      94.64     0.0153     2.6184     2.3007  34.219780  3.6935287   48.44562  -46.66246    34.8867    34.8864     3.6145     3.6142    27.7356    27.7354    6.49409    6.44260         17 0.0000e+00
      91761   3823.333   1052.000     3.6928   3.265292     3.6923   3.265201      98.54     0.0177     2.6189     2.3011  34.219780  3.6935287   48.44562  -46.66246    34.8868    34.8863     3.6146     3.6141    27.7357    27.7353    6.48903    6.44566         20 0.0000e+00
      91800   3824.977   1051.000     3.6926   3.265225     3.6919   3.265124      91.48     0.0158     2.6196     2.3025  34.209301  3.6935287   48.44562  -46.66246    34.8867    34.8863     3.6145     3.6138    27.7356    27.7354    6.49621    6.45614         63 0.0000e+00
      91848   3826.943   1050.000     3.6925   3.265148     3.6919   3.265065      67.12     0.0133     2.6210     2.3045  34.220478  3.6935287   48.44562  -46.66245    34.8864    34.8861     3.6145     3.6139    27.7354    27.7352    6.50171    6.45527         21 0.0000e+00
      91863   3827.597   1049.000     3.6928   3.265121     3.6918   3.265017      27.52     0.0138     2.6216     2.3042  34.219780  3.6935287   48.44562  -46.66244    34.8863    34.8862     3.6148     3.6138    27.7353    27.7353    6.49922    6.44297         15 0.0000e+00
      91878   3828.202   1048.000     3.6937   3.265160     3.6927   3.265061      77.22     0.0114     2.6218     2.3040  34.219780  3.6935287   48.44562  -46.66244    34.8864    34.8863     3.6158     3.6148    27.7352    27.7352    6.49615    6.43914         14 0.0000e+00
      91892   3828.772   1047.000     3.6946   3.265201     3.6935   3.265076      98.66     0.0150     2.6220     2.3038  34.219780  3.6928298   48.44562  -46.66244    34.8864    34.8861     3.6168     3.6157    27.7352    27.7350    6.49478    6.44051         14 0.0000e+00
      91905   3829.343   1046.000     3.6937   3.265054     3.6908   3.264708      98.64     0.0148     2.6225     2.3038  34.219780  3.6935155   48.44562  -46.66244    34.8861    34.8851     3.6160     3.6131    27.7350    27.7345    6.49789    6.44696         14 0.0000e+00
      91920   3829.971   1045.000     3.6898   3.264603     3.6855   3.264083      91.73     0.0158     2.6223     2.3041  34.218876  3.6929259   48.44562  -46.66244    34.8853    34.8838     3.6122     3.6079    27.7348    27.7339    6.49605    6.45350         16 0.0000e+00
      91943   3830.913   1044.000     3.6868   3.264232     3.6819   3.263677      80.11     0.0145     2.6230     2.3050  34.218525  3.6934652   48.44562  -46.66244    34.8847    34.8833     3.6093     3.6044    27.7345    27.7339    6.50811    6.45977         34 0.0000e+00
      91997   3833.179   1043.000     3.6912   3.264681     3.6923   3.264822      98.47     0.0155     2.6264     2.3074  34.204430  3.6935287   48.44562  -46.66243    34.8859    34.8863     3.6137     3.6149    27.7351    27.7353    6.51858    6.47029         52 0.0000e+00
      92025   3834.315   1042.000     3.6917   3.264685     3.6907   3.264569      82.09     0.0165     2.6276     2.3085  34.205124  3.6852121   48.44560  -46.66242    34.8859    34.8856     3.6143     3.6133    27.7350    27.7348    6.51687    6.46727         20 0.0000e+00
      92043   3835.089   1041.000     3.6841   3.263837     3.6856   3.263926      98.75     0.0201     2.6281     2.3092  34.205128  3.6837504   48.44560  -46.66242    34.8843    34.8838     3.6069     3.6084    27.7345    27.7339    6.51327    6.46908         17 0.0000e+00
      92060   3835.774   1040.000     3.6769   3.262974     3.6778   3.263023      98.63     0.0209     2.6282     2.3097  34.204208  3.6849880   48.44560  -46.66242    34.8823    34.8819     3.5998     3.6007    27.7336    27.7332    6.51390    6.46870         16 0.0000e+00
      92075   3836.429   1039.000     3.6761   3.262835     3.6758   3.262773      93.46     0.0203     2.6287     2.3097  34.195168  3.6904092   48.44560  -46.66242    34.8819    34.8815     3.5991     3.5988    27.7333    27.7331    6.51642    6.47090         16 0.0000e+00
      92092   3837.115   1038.000     3.6760   3.262778     3.6762   3.262774      73.07     0.0207     2.6291     2.3104  34.200733  3.6883893   48.44562  -46.66242    34.8818    34.8816     3.5991     3.5993    27.7333    27.7330    6.52130    6.47060         17 0.0000e+00
      92112   3837.938   1037.000     3.6768   3.262803     3.6772   3.262804      62.11     0.0161     2.6302     2.3106  34.183281  3.6867743   48.44562  -46.66242    34.8818    34.8814     3.6000     3.6004    27.7332    27.7328    6.52273    6.46723         23 0.0000e+00
      92137   3838.993   1036.000     3.6776   3.262821     3.6778   3.262812      95.10     0.0148     2.6306     2.3110  34.174587  3.6837206   48.44562  -46.66242    34.8818    34.8814     3.6008     3.6010    27.7331    27.7327    6.51766    6.46482         26 0.0000e+00
      92162   3840.025   1035.000     3.6783   3.262835     3.6784   3.262813      74.90     0.0193     2.6315     2.3106  34.173893  3.6837606   48.44562  -46.66242    34.8817    34.8813     3.6016     3.6017    27.7329    27.7326    6.52107    6.45506         23 0.0000e+00
      92184   3840.952   1034.000     3.6787   3.262832     3.6792   3.262858      98.47     0.0184     2.6316     2.3103  34.181503  3.6837606   48.44562  -46.66242    34.8817    34.8815     3.6021     3.6026    27.7329    27.7327    6.51222    6.46090         23 0.0000e+00
      92210   3842.030   1033.000     3.6796   3.262881     3.6806   3.262947      98.63     0.0148     2.6317     2.3109  34.170383  3.6837606   48.44562  -46.66242    34.8818    34.8815     3.6031     3.6041    27.7329    27.7325    6.51747    6.46953         29 0.0000e+00
      92238   3843.228   1032.000     3.6812   3.262962     3.6816   3.262980      76.91     0.0190     2.6323     2.3115  34.161438  3.6837606   48.44560  -46.66242    34.8816    34.8815     3.6047     3.6051    27.7326    27.7324    6.51671    6.46595         26 0.0000e+00
      92259   3844.100   1031.000     3.6823   3.263009     3.6820   3.262972      99.03     0.0163     2.6324     2.3118  34.162037  3.6872733   48.44562  -46.66240    34.8816    34.8815     3.6059     3.6056    27.7324    27.7323    6.51792    6.46886         17 0.0000e+00
      92276   3844.798   1030.000     3.6831   3.263031     3.6824   3.262960      98.64     0.0144     2.6328     2.3122  34.162033  3.6883683   48.44562  -46.66240    34.8815    34.8814     3.6068     3.6061    27.7323    27.7322    6.52459    6.47457         17 0.0000e+00
      92293   3845.491   1029.000     3.6832   3.263016     3.6828   3.262948      63.10     0.0143     2.6340     2.3132  34.161182  3.6877897   48.44562  -46.66240    34.8817    34.8813     3.6070     3.6066    27.7324    27.7321    6.52184    6.48144         17 0.0000e+00
      92313   3846.323   1028.000     3.6833   3.262988     3.6827   3.262887      55.23     0.0159     2.6336     2.3142  34.161171  3.6909671   48.44562  -46.66240    34.8817    34.8812     3.6072     3.6065    27.7324    27.7320    6.51705    6.48087         24 0.0000e+00
      92342   3847.550   1027.000     3.6833   3.262926     3.6825   3.262814      98.93     0.0198     2.6347     2.3147  34.160278  3.6917572   48.44562  -46.66240    34.8816    34.8811     3.6072     3.6101    27.7323    27.7320    6.52743    6.47235         33 0.0000e+00
      92371   3848.734   1026.000     3.6828   3.262816     3.6822   3.262739      78.30     0.0177     2.6359     2.3151  34.159889  3.6896605   48.44562  -46.66240    34.8813    34.8810     3.6068     3.6061    27.7321    27.7319    6.52659    6.47853         23 0.0000e+00
      92392   3849.604   1025.000     3.6817   3.262658     3.6807   3.262525      93.10     0.0207     2.6361     2.3160  34.157505  3.6881557   48.44562  -46.66240    34.8810    34.8806     3.6058     3.6048    27.7320    27.7317    6.52522    6.48488         20 0.0000e+00
      92411   3850.414   1024.000     3.6801   3.262436     3.6790   3.262295      98.61     0.0180     2.6367     2.3167  34.146561  3.6848013   48.44562  -46.66240    34.8807    34.8801     3.6043     3.6032    27.7319    27.7315    6.52939    6.48553         19 0.0000e+00
      92430   3851.219   1023.000     3.6788   3.262250     3.6775   3.262084      98.63     0.0180     2.6372     2.3173  34.146519  3.6842558   48.44562  -46.66240    34.8803    34.8797     3.6031     3.6018    27.7317    27.7313    6.52632    6.48394         20 0.0000e+00
      92450   3852.031   1022.000     3.6782   3.262119     3.6768   3.261962      68.50     0.0197     2.6373     2.3178  34.148804  3.6847820   48.44562  -46.66240    34.8799    34.8795     3.6026     3.6012    27.7314    27.7312    6.52834    6.48160         19 0.0000e+00
      92470   3852.891   1021.000     3.6775   3.261999     3.6764   3.261869      98.48     0.0229     2.6383     2.3179  34.154480  3.6846495   48.44562  -46.66240    34.8798    34.8794     3.6019     3.6009    27.7314    27.7311    6.53162    6.47930         22 0.0000e+00
      92494   3853.884   1020.000     3.6770   3.261905     3.6761   3.261796      98.63     0.0188     2.6387     2.3183  34.149395  3.6837709   48.44562  -46.66240    34.8797    34.8793     3.6015     3.6007    27.7313    27.7311    6.52799    6.48323         26 0.0000e+00
      92523   3855.084   1019.000     3.6766   3.261834     3.6759   3.261732      80.49     0.0192     2.6396     2.3186  34.146564  3.6837606   48.44562  -46.66240    34.8797    34.8792     3.6013     3.6006    27.7314    27.7311    6.53672    6.47901         32 0.0000e+00
      92555   3856.402   1018.000     3.6765   3.261761     3.6759   3.261685      69.73     0.0190     2.6405     2.3192  34.118542  3.6837606   48.44562  -46.66240    34.8796    34.8792     3.6012     3.6006    27.7313    27.7311    6.53562    6.48939         30 0.0000e+00
      92581   3857.499   1017.000     3.6765   3.261724     3.6755   3.261601      80.96     0.0164     2.6413     2.3201  34.117191  3.6846647   48.44562  -46.66240    34.8796    34.8791     3.6013     3.6003    27.7313    27.7310    6.53153    6.49192         22 0.0000e+00
      92601   3858.314   1016.000     3.6758   3.261597     3.6747   3.261481      79.20     0.0140     2.6413     2.3207  34.113956  3.6870201   48.44562  -46.66240    34.8793    34.8791     3.6007     3.5996    27.7311    27.7310    6.53449    6.48907         18 0.0000e+00
      92618   3859.021   1015.000     3.6746   3.261441     3.6737   3.261321      98.65     0.0159     2.6418     2.3209  34.113552  3.6868131   48.44564  -46.66240    34.8792    34.8788     3.5996     3.5987    27.7312    27.7309    6.53652    6.48731         16 0.0000e+00
      92634   3859.701   1014.000     3.6736   3.261303     3.6729   3.261194      98.63     0.0169     2.6422     2.3214  34.120590  3.6854978   48.44564  -46.66240    34.8792    34.8787     3.5987     3.5979    27.7312    27.7309    6.53185    6.48526         17 0.0000e+00
      92651   3860.433   1013.000     3.6732   3.261221     3.6726   3.261126      89.58     0.0162     2.6423     2.3211  34.142673  3.6838183   48.44564  -46.66240    34.8791    34.8787     3.5984     3.5978    27.7312    27.7309    6.53507    6.48649         19 0.0000e+00
      92674   3861.356   1012.000     3.6731   3.261155     3.6724   3.261070      82.22     0.0173     2.6432     2.3219  34.145309  3.6837606   48.44564  -46.66240    34.8790    34.8787     3.5983     3.5977    27.7311    27.7309    6.53807    6.49595         26 0.0000e+00
      92703   3862.601   1011.000     3.6730   3.261109     3.6722   3.261008      98.59     0.0174     2.6431     2.3231  34.104046  3.6837606   48.44564  -46.66240    34.8790    34.8787     3.5983     3.5975    27.7311    27.7309    6.53140    6.49409         32 0.0000e+00
      92732   3863.799   1010.000     3.6729   3.261052     3.6722   3.260955      73.70     0.0181     2.6439     2.3232  34.104916  3.6837606   48.44564  -46.66240    34.8790    34.8785     3.5983     3.5976    27.7311    27.7308    6.53404    6.48805         25 0.0000e+00
      92755   3864.745   1009.000     3.6727   3.260999     3.6718   3.260875      89.26     0.0190     2.6436     2.3233  34.108826  3.6795943   48.44564  -46.66240    34.8791    34.8785     3.5982     3.5973    27.7312    27.7308    6.52959    6.49007         21 0.0000e+00
      92777   3865.657   1008.000     3.6723   3.260911     3.6717   3.260816      78.51     0.0202     2.6441     2.3239  34.107044  3.6807752   48.44564  -46.66240    34.8790    34.8785     3.5979     3.5973    27.7312    27.7308    6.53606    6.49869         23 0.0000e+00
      92799   3866.598   1007.000     3.6726   3.260879     3.6723   3.260833      90.99     0.0159     2.6443     2.3248  34.102592  3.6833010   48.44565  -46.66240    34.8787    34.8785     3.5983     3.5980    27.7309    27.7307    6.53682    6.50140         22 0.0000e+00
      92820   3867.476   1006.000     3.6733   3.260884     3.6733   3.260878      98.60     0.0153     2.6451     2.3254  34.102566  3.6827860   48.44566  -46.66240    34.8787    34.8785     3.5990     3.5991    27.7308    27.7306    6.53975    6.50072         20 0.0000e+00
