data/CTD/2014/CNV/u017a011.cnv
* Sea-Bird SBE 9 Data File:
* FileName = C:\CTD_ACQUISITION\2014017HUD\ctddata\017A011.hdr
* Software Version Seasave V 7.22.2
* Temperature SN = 5081
* Conductivity SN = 3561
* Number of Bytes Per Scan = 37
* Number of Voltage Words = 4
* Number of Scans Averaged by the Deck Unit = 1
* NMEA Latitude = 52 45.35 N
* NMEA Longitude = 051 52.12 W
* NMEA UTC (Time) = Jul 03 2014 20:37:39
* NMEA baud rate = 9600
** Ship: Hudson
** Cruise: HUD2014017
** Chief_Scientist: Blair Greenan
** Organization: BIO
** Area_of_Operation: Sackville Spur
** Station: 011
** Sounding:  343
** Event_Comments: C2 403022
# nquan = 25
# nvalues = 333                         
# units = specified
# name 0 = scan: Scan Count
# name 1 = timeS: Time, Elapsed [seconds]
# name 2 = prDM: Pressure, Digiquartz [db]
# name 3 = t068C: Temperature [ITS-68, deg C]
# name 4 = c0S/m: Conductivity [S/m]
# name 5 = t168C: Temperature, 2 [ITS-68, deg C]
# name 6 = c1S/m: Conductivity, 2 [S/m]
# name 7 = altM: Altimeter [m]
# name 8 = flC: Fluorescence, Chelsea Aqua 3 Chl Con [ug/l]
# name 9 = sbeox0V: Oxygen raw, SBE 43 [V]
# name 10 = sbeox1V: Oxygen raw, SBE 43, 2 [V]
# name 11 = upoly0: Upoly 0, Optode 4330F - O2 D-Phase
# name 12 = upoly1: Upoly 1, Optode 4330F - O2 Temp
# name 13 = latitude: Latitude [deg]
# name 14 = longitude: Longitude [deg]
# name 15 = sal00: Salinity, Practical [PSU]
# name 16 = sal11: Salinity, Practical, 2 [PSU]
# name 17 = potemp068C: Potential Temperature [ITS-68, deg C]
# name 18 = potemp168C: Potential Temperature, 2 [ITS-68, deg C]
# name 19 = sigma-é00: Density [sigma-theta, Kg/m^3]
# name 20 = sigma-é11: Density, 2 [sigma-theta, Kg/m^3]
# name 21 = sbeox0ML/L: Oxygen, SBE 43 [ml/l], WS = 2
# name 22 = sbeox1ML/L: Oxygen, SBE 43, 2 [ml/l], WS = 2
# name 23 = nbin: number of scans per bin
# name 24 = flag: flag
# span 0 =      20741,      42892       
# span 1 =    864.179,   1787.138       
# span 2 =      1.000,    333.000       
# span 3 =    -1.1821,     4.0015       
# span 4 =   2.665143,   3.238713       
# span 5 =    -1.1870,     4.0388       
# span 6 =   2.664427,   3.238573       
# span 7 =       5.05,     101.43       
# span 8 =     0.0132,     0.7309       
# span 9 =     2.9019,     3.7889       
# span 10 =     2.5563,     3.3726      
# span 11 =  28.659546,  32.505650      
# span 12 = -0.8481256,  3.2042851      
# span 13 =   52.75346,   52.75450      
# span 14 =  -51.86424,  -51.85901      
# span 15 =    31.4276,    34.7740      
# span 16 =    31.4215,    34.7731      
# span 17 =    -1.1828,     3.9989      
# span 18 =    -1.1877,     4.0388      
# span 19 =    24.9456,    27.6608      
# span 20 =    24.9369,    27.6601      
# span 21 =    6.61751,   10.29037      
# span 22 =    6.61647,   10.66011      
# span 23 =         10,         90      
# span 24 = 0.0000e+00, 0.0000e+00      
# interval = decibars: 1                
# start_time = Jul 03 2014 20:37:39 [NMEA time, header]
# bad_flag = -9.990e-29
*END*
[from data line 116]
      25290   1053.690    217.000     2.9145   3.134935     2.8676   3.129569      98.72     0.0237     2.9446     2.5860  29.956043  3.1978621   52.75395  -51.86382    34.5904    34.5751     2.9012     2.8544    27.5671    27.5592    6.84482    6.83753         12 0.0000e+00
      25304   1054.294    216.000     2.8910   3.132313     2.8272   3.125568      92.76     0.0234     2.9425     2.5852  29.956043  3.1464920   52.75394  -51.86382    34.5841    34.5700     2.8778     2.8142    27.5642    27.5587    6.84128    6.83989         18 0.0000e+00
      25365   1056.852    215.000     2.8805   3.131100     2.8303   3.126076      95.35     0.0157     2.9401     2.5843  29.957998  3.1528735   52.75394  -51.86382    34.5810    34.5735     2.8674     2.8173    27.5627    27.5612    6.85282    6.85554         33 0.0000e+00
      25413   1058.835    214.000     2.9279   3.135783     2.8778   3.130921      98.67     0.0134     2.9399     2.5849  29.960649  3.1254971   52.75394  -51.86381    34.5880    34.5823     2.9148     2.8648    27.5640    27.5640    6.84150    6.84827         16 0.0000e+00
      25427   1059.398    213.000     2.9217   3.135355     2.9054   3.133524      98.63     0.0146     2.9387     2.5847  29.968285  3.1694875   52.75394  -51.86380    34.5900    34.5851     2.9087     2.8924    27.5662    27.5638    6.83271    6.84665         12 0.0000e+00
      25439   1059.900    212.000     2.8655   3.129474     2.8502   3.127100      98.63     0.0158     2.9379     2.5848  29.963326  3.1496031   52.75394  -51.86380    34.5790    34.5663     2.8526     2.8373    27.5624    27.5537    6.84147    6.85595         12 0.0000e+00
      25451   1060.398    211.000     2.8203   3.124623     2.7771   3.119882      21.89     0.0167     2.9380     2.5844  29.968277  3.1023314   52.75394  -51.86380    34.5687    34.5569     2.8076     2.7645    27.5582    27.5526    6.85446    6.85815         12 0.0000e+00
      25464   1060.944    210.000     2.7740   3.119912     2.7494   3.117094      58.01     0.0180     2.9374     2.5841  29.969681  3.1257188   52.75394  -51.86380    34.5612    34.5531     2.7614     2.7369    27.5564    27.5520    6.85541    6.86496         15 0.0000e+00
      25481   1061.686    209.000     2.7604   3.118481     2.7410   3.116296      95.43     0.0202     2.9365     2.5835  29.969446  3.1390326   52.75393  -51.86380    34.5589    34.5529     2.7479     2.7285    27.5557    27.5526    6.86094    6.86810         23 0.0000e+00
      25522   1063.357    208.000     2.7875   3.121275     2.7739   3.119835      94.34     0.0166     2.9363     2.5828  29.962063  3.1080534   52.75392  -51.86378    34.5645    34.5610     2.7751     2.7617    27.5578    27.5562    6.85934    6.85645         51 0.0000e+00
      25560   1064.950    207.000     2.7684   3.119257     2.7859   3.120785      98.88     0.0188     2.9362     2.5811  29.986755  3.0762322   52.75392  -51.86378    34.5609    34.5609     2.7560     2.7734    27.5566    27.5550    6.85874    6.85363         24 0.0000e+00
      25579   1065.756    206.000     2.7688   3.119272     2.7585   3.117884      98.63     0.0195     2.9357     2.5810  29.985348  3.1100357   52.75392  -51.86378    34.5612    34.5552     2.7565     2.7462    27.5568    27.5529    6.85514    6.86099         18 0.0000e+00
      25597   1066.480    205.000     2.7436   3.116471     2.7376   3.115724      87.84     0.0243     2.9351     2.5812  29.986162  3.0427668   52.75392  -51.86378    34.5544    34.5517     2.7314     2.7254    27.5536    27.5520    6.85867    6.86800         18 0.0000e+00
      25616   1067.272    204.000     2.7338   3.115448     2.7262   3.114520      97.14     0.0210     2.9351     2.5814  29.987410  3.0831687   52.75392  -51.86378    34.5529    34.5498     2.7217     2.7141    27.5533    27.5514    6.86208    6.86827         21 0.0000e+00
      25640   1068.297    203.000     2.7275   3.114787     2.7211   3.113962      98.59     0.0217     2.9352     2.5812  29.995173  3.0383766   52.75392  -51.86378    34.5522    34.5490     2.7155     2.7090    27.5532    27.5512    6.86305    6.86609         29 0.0000e+00
      25672   1069.642    202.000     2.7225   3.114198     2.7219   3.114000      88.77     0.0252     2.9349     2.5812  30.000134  3.0595679   52.75391  -51.86376    34.5509    34.5492     2.7105     2.7099    27.5526    27.5513    6.86493    6.86665         32 0.0000e+00
      25700   1070.793    201.000     2.7256   3.114468     2.7213   3.113908      98.99     0.0226     2.9350     2.5812  30.001984  3.0004387   52.75390  -51.86376    34.5514    34.5492     2.7137     2.7093    27.5528    27.5514    6.86627    6.86535         23 0.0000e+00
      25720   1071.615    200.000     2.7182   3.113724     2.7124   3.112923      85.17     0.0197     2.9358     2.5813  30.002449  3.0500042   52.75390  -51.86376    34.5508    34.5472     2.7064     2.7006    27.5529    27.5505    6.86686    6.86965         18 0.0000e+00
      25737   1072.325    199.000     2.7116   3.112940     2.7074   3.112366      98.93     0.0212     2.9353     2.5816  30.015797  2.9773982   52.75390  -51.86376    34.5488    34.5463     2.6998     2.6956    27.5519    27.5503    6.86154    6.87399         16 0.0000e+00
      25753   1073.006    198.000     2.7085   3.112551     2.7050   3.112093      98.63     0.0263     2.9353     2.5819  30.018120  2.9949617   52.75390  -51.86376    34.5480    34.5461     2.6968     2.6933    27.5515    27.5503    6.86354    6.87408         17 0.0000e+00
      25772   1073.775    197.000     2.7064   3.112298     2.7045   3.112003      98.63     0.0256     2.9355     2.5823  30.020870  3.0099018   52.75389  -51.86375    34.5477    34.5461     2.6947     2.6928    27.5514    27.5504    6.86429    6.87406         21 0.0000e+00
      25801   1075.011    196.000     2.7065   3.112291     2.7063   3.112176      92.90     0.0210     2.9355     2.5828  30.034908  2.9722364   52.75388  -51.86374    34.5481    34.5467     2.6949     2.6953    27.5517    27.5506    6.86562    6.87407         41 0.0000e+00
      25844   1076.784    195.000     2.7077   3.112391     2.7095   3.112439      93.52     0.0220     2.9365     2.5835  30.044567  2.9383705   52.75388  -51.86374    34.5485    34.5472     2.6961     2.6979    27.5519    27.5508    6.86970    6.87181         35 0.0000e+00
      25869   1077.828    194.000     2.7090   3.112440     2.7080   3.112198      62.91     0.0201     2.9362     2.5826  30.044699  2.9681277   52.75388  -51.86374    34.5483    34.5464     2.6975     2.6965    27.5516    27.5503    6.86914    6.86150         20 0.0000e+00
      25887   1078.596    193.000     2.7012   3.111594     2.7001   3.111297      99.20     0.0186     2.9377     2.5830  30.035189  2.8890145   52.75388  -51.86374    34.5468    34.5443     2.6898     2.6887    27.5512    27.5493    6.87826    6.87187         17 0.0000e+00
      25904   1079.298    192.000     2.6928   3.110663     2.6888   3.110077      98.63     0.0171     2.9379     2.5828  30.036207  2.9418764   52.75388  -51.86374    34.5450    34.5421     2.6814     2.6774    27.5505    27.5485    6.86927    6.86527         17 0.0000e+00
      25921   1080.002    191.000     2.6880   3.110149     2.6818   3.109334      97.55     0.0178     2.9377     2.5824  30.040522  2.9177630   52.75386  -51.86372    34.5444    34.5410     2.6768     2.6706    27.5503    27.5482    6.86381    6.85498         17 0.0000e+00
      25939   1080.764    190.000     2.6835   3.109613     2.6774   3.108833      86.14     0.0203     2.9373     2.5812  30.058458  2.8840449   52.75386  -51.86372    34.5433    34.5402     2.6722     2.6662    27.5499    27.5479    6.85420    6.85221         20 0.0000e+00
      25962   1081.704    189.000     2.6796   3.109166     2.6747   3.108513      98.30     0.0196     2.9358     2.5808  30.059158  2.9135425   52.75386  -51.86372    34.5423    34.5397     2.6684     2.6635    27.5494    27.5478    6.85439    6.87100         26 0.0000e+00
      25994   1083.054    188.000     2.6753   3.108645     2.6767   3.108666      91.99     0.0217     2.9362     2.5831  30.072956  2.8817492   52.75386  -51.86372    34.5412    34.5401     2.6643     2.6656    27.5489    27.5479    6.87530    6.89122         39 0.0000e+00
      26036   1084.786    187.000     2.6822   3.109319     2.6803   3.109019      67.27     0.0229     2.9389     2.5866  30.075153  2.8532844   52.75386  -51.86371    34.5426    34.5410     2.6712     2.6693    27.5495    27.5484    6.88363    6.89954         40 0.0000e+00
      26067   1086.089    186.000     2.6762   3.108643     2.6675   3.107515      78.34     0.0202     2.9403     2.5885  30.079794  2.8472917   52.75386  -51.86370    34.5414    34.5368     2.6652     2.6566    27.5490    27.5461    6.88334    6.89445         23 0.0000e+00
      26086   1086.882    185.000     2.6436   3.105013     2.6280   3.102967      87.38     0.0167     2.9411     2.5886  30.087114  2.8199143   52.75385  -51.86370    34.5323    34.5240     2.6328     2.6172    27.5445    27.5393    6.88290    6.88155         17 0.0000e+00
      26101   1087.513    184.000     2.6060   3.100943     2.5834   3.098313      98.50     0.0168     2.9406     2.5875  30.087902  2.8620484   52.75384  -51.86370    34.5233    34.5152     2.5952     2.5727    27.5406    27.5361    6.87664    6.86859         14 0.0000e+00
      26115   1088.075    183.000     2.5829   3.098511     2.5672   3.096611      89.70     0.0181     2.9398     2.5854  30.091240  2.8225536   52.75384  -51.86370    34.5187    34.5122     2.5723     2.5566    27.5389    27.5351    6.87179    6.86577         13 0.0000e+00
      26128   1088.637    182.000     2.5712   3.097210     2.5599   3.095807      79.08     0.0204     2.9388     2.5846  30.102385  2.7829430   52.75384  -51.86370    34.5158    34.5108     2.5607     2.5494    27.5376    27.5345    6.87648    6.87948         14 0.0000e+00
      26144   1089.285    181.000     2.5636   3.096309     2.5519   3.094888      97.69     0.0243     2.9388     2.5844  30.104126  2.8365133   52.75384  -51.86368    34.5135    34.5085     2.5531     2.5415    27.5364    27.5334    6.88683    6.89412         18 0.0000e+00
      26183   1090.903    180.000     2.5615   3.096040     2.5560   3.095367      77.87     0.0250     2.9406     2.5868  30.106583  2.7989836   52.75384  -51.86368    34.5130    34.5107     2.5511     2.5456    27.5362    27.5348    6.90704    6.91423         65 0.0000e+00
      26237   1093.179    179.000     2.5488   3.094607     2.5633   3.095945     100.78     0.0236     2.9453     2.5900  30.104727  2.7688434   52.75384  -51.86368    34.5096    34.5105     2.5384     2.5529    27.5345    27.5340    6.92728    6.91929         25 0.0000e+00
      26253   1093.827    178.000     2.5548   3.095089     2.5541   3.094828      98.63     0.0193     2.9459     2.5901  30.105490  2.7908008   52.75383  -51.86368    34.5096    34.5068     2.5445     2.5446    27.5340    27.5318    6.91014    6.91680         15 0.0000e+00
      26267   1094.406    177.000     2.4784   3.086907     2.4799   3.086777      83.94     0.0184     2.9460     2.5905  30.128080  2.7283757   52.75382  -51.86368    34.4915    34.4882     2.4683     2.4698    27.5260    27.5233    6.92570    6.93642         13 0.0000e+00
      26280   1094.972    176.000     2.4298   3.081743     2.4121   3.079744      89.51     0.0232     2.9460     2.5913  30.132856  2.7444088   52.75382  -51.86366    34.4806    34.4749     2.4198     2.4021    27.5214    27.5183    6.93498    6.94989         14 0.0000e+00
      26295   1095.600    175.000     2.4115   3.079833     2.3949   3.077940      98.28     0.0268     2.9467     2.5919  30.132738  2.7758083   52.75382  -51.86366    34.4771    34.4717     2.4017     2.3850    27.5202    27.5172    6.94180    6.95509         17 0.0000e+00
      26324   1096.811    174.000     2.4054   3.079169     2.3997   3.078476      92.77     0.0237     2.9478     2.5931  30.132761  2.7387879   52.75382  -51.86366    34.4761    34.4737     2.3956     2.3899    27.5199    27.5184    6.94688    6.95440         49 0.0000e+00
      26376   1098.941    173.000     2.4306   3.081833     2.4187   3.080409      99.59     0.0228     2.9495     2.5937  30.144861  2.6977417   52.75382  -51.86366    34.4825    34.4777     2.4208     2.4089    27.5228    27.5200    6.94095    6.93479         33 0.0000e+00
      26395   1099.765    172.000     2.4185   3.080456     2.4136   3.079763      98.63     0.0226     2.9497     2.5929  30.146564  2.7291706   52.75382  -51.86365    34.4791    34.4757     2.4088     2.4039    27.5211    27.5188    6.92274    6.93227         17 0.0000e+00
      26411   1100.398    171.000     2.3948   3.077919     2.3939   3.077565      83.93     0.0255     2.9476     2.5923  30.158070  2.6711977   52.75382  -51.86364    34.4737    34.4703     2.3852     2.3843    27.5188    27.5162    6.92543    6.93494         14 0.0000e+00
      26425   1101.009    170.000     2.3801   3.076299     2.3742   3.075507      82.70     0.0267     2.9487     2.5922  30.163204  2.6803968   52.75380  -51.86364    34.4701    34.4666     2.3706     2.3647    27.5171    27.5148    6.94678    6.93411         15 0.0000e+00
      26442   1101.710    169.000     2.3729   3.075499     2.3640   3.074404      98.21     0.0239     2.9485     2.5910  30.163364  2.7052984   52.75381  -51.86364    34.4686    34.4646     2.3634     2.3545    27.5165    27.5140    6.94763    6.93537         20 0.0000e+00
      26474   1103.032    168.000     2.3711   3.075279     2.3629   3.074217      91.91     0.0270     2.9498     2.5924  30.164438  2.6718819   52.75381  -51.86364    34.4683    34.4640     2.3617     2.3535    27.5165    27.5136    6.95423    6.95828         48 0.0000e+00
      26518   1104.875    167.000     2.3773   3.075925     2.3743   3.075503      99.08     0.0274     2.9513     2.5946  30.176296  2.6289222   52.75380  -51.86364    34.4702    34.4682     2.3680     2.3650    27.5174    27.5160    6.95171    6.96318         28 0.0000e+00
      26537   1105.684    166.000     2.3573   3.073745     2.3474   3.072258      77.28     0.0264     2.9515     2.5954  30.175835  2.6720562   52.75380  -51.86363    34.4653    34.4575     2.3480     2.3382    27.5152    27.5098    6.94331    6.95304         17 0.0000e+00
      26553   1106.318    165.000     2.3125   3.068996     2.3055   3.067812      98.89     0.0265     2.9511     2.5947  30.180048  2.6031096   52.75380  -51.86362    34.4553    34.4482     2.3033     2.2963    27.5109    27.5058    6.93128    6.94039         14 0.0000e+00
      26567   1106.921    164.000     2.2848   3.065960     2.2724   3.064397      98.63     0.0256     2.9485     2.5931  30.186615  2.6080074   52.75380  -51.86362    34.4481    34.4421     2.2757     2.2633    27.5074    27.5036    6.91619    6.93046         15 0.0000e+00
      26582   1107.560    163.000     2.2748   3.064766     2.2559   3.062610      98.63     0.0258     2.9466     2.5910  30.185900  2.6512628   52.75380  -51.86362    34.4446    34.4382     2.2658     2.2470    27.5054    27.5018    6.91714    6.92451         16 0.0000e+00
      26603   1108.416    162.000     2.2620   3.063339     2.2345   3.060261      67.10     0.0266     2.9441     2.5889  30.192108  2.5914042   52.75380  -51.86362    34.4409    34.4327     2.2530     2.2257    27.5035    27.4991    6.91957    6.92671         28 0.0000e+00
      26658   1110.694    161.000     2.2614   3.063279     2.2641   3.063520      99.28     0.0266     2.9428     2.5860  30.200998  2.5944114   52.75379  -51.86360    34.4419    34.4418     2.2525     2.2553    27.5043    27.5040    6.93553    6.92964         64 0.0000e+00
