data/CTD/2014/CNV/u017a060.cnv
* Sea-Bird SBE 9 Data File:
* FileName = C:\CTD_ACQUISITION\2014017HUD\ctddata\017A060.hdr
* Software Version Seasave V 7.23.1
* Temperature SN = 5081
* Conductivity SN = 3561
* Number of Bytes Per Scan = 37
* Number of Voltage Words = 4
* Number of Scans Averaged by the Deck Unit = 1
* NMEA Latitude = 43 28.22 N
* NMEA Longitude = 059 59.72 W
* NMEA UTC (Time) = Jul 13 2014 23:31:59
* NMEA baud rate = 9600
** Ship: Hudson
** Cruise: HUD2014017
** Chief_Scientist: Blair Greenan
** Organization: BIO
** Area_of_Operation: Sackville Spur
** Station: 060
** Sounding:  998
** Event_Comments: LC3 0
** Test of Windows 7
# nquan = 25
# nvalues = 252                         
# units = specified
# name 0 = scan: Scan Count
# name 1 = timeS: Time, Elapsed [seconds]
# name 2 = prDM: Pressure, Digiquartz [db]
# name 3 = t068C: Temperature [ITS-68, deg C]
# name 4 = c0S/m: Conductivity [S/m]
# name 5 = t168C: Temperature, 2 [ITS-68, deg C]
# name 6 = c1S/m: Conductivity, 2 [S/m]
# name 7 = altM: Altimeter [m]
# name 8 = flC: Fluorescence, Chelsea Aqua 3 Chl Con [ug/l]
# name 9 = sbeox0V: Oxygen raw, SBE 43 [V]
# name 10 = sbeox1V: Oxygen raw, SBE 43, 2 [V]
# name 11 = upoly0: Upoly 0, Optode 4330F - O2 D-Phase
# name 12 = upoly1: Upoly 1, Optode 4330F - O2 Temp
# name 13 = latitude: Latitude [deg]
# name 14 = longitude: Longitude [deg]
# name 15 = sal00: Salinity, Practical [PSU]
# name 16 = sal11: Salinity, Practical, 2 [PSU]
# name 17 = potemp068C: Potential Temperature [ITS-68, deg C]
# name 18 = potemp168C: Potential Temperature, 2 [ITS-68, deg C]
# name 19 = sigma-é00: Density [sigma-theta, Kg/m^3]
# name 20 = sigma-é11: Density, 2 [sigma-theta, Kg/m^3]
# name 21 = sbeox0ML/L: Oxygen, SBE 43 [ml/l], WS = 2
# name 22 = sbeox1ML/L: Oxygen, SBE 43, 2 [ml/l], WS = 2
# name 23 = nbin: number of scans per bin
# name 24 = flag: flag
# span 0 =      23615,      30607       
# span 1 =    983.930,   1275.230       
# span 2 =      1.000,    252.000       
# span 3 =     3.8730,    15.2557       
# span 4 =   3.045663,   3.993760       
# span 5 =     3.8589,    15.3586       
# span 6 =   3.044098,   3.994301       
# span 7 =      35.39,      99.80       
# span 8 =     0.0131,     0.3264       
# span 9 =     1.9167,     3.5582       
# span 10 =     1.6599,     3.1002      
# span 11 =  28.508099,  39.809540      
# span 12 =  4.2798409,  15.362769      
# span 13 =   43.47388,   43.47438      
# span 14 =  -59.99704,  -59.99664      
# span 15 =    31.6629,    35.3268      
# span 16 =    31.6437,    35.3279      
# span 17 =     3.8693,    15.2580      
# span 18 =     3.8552,    15.3585      
# span 19 =    23.3460,    27.1969      
# span 20 =    23.3095,    27.1979      
# span 21 =    3.37174,    8.21793      
# span 22 =    3.17517,    8.11724      
# span 23 =         15,         89      
# span 24 = 0.0000e+00, 0.0000e+00      
# interval = decibars: 1                
# start_time = Jul 13 2014 23:31:59 [NMEA time, header]
# bad_flag = -9.990e-29
*END*
      23615    983.930    252.000     9.5001   3.792099     9.4863   3.790634      98.31     0.0193     1.9167     1.6599  39.809540  9.5288048   43.47388  -59.99704    35.1987    35.1970     9.4716     9.4579    27.1969    27.1979    3.40160    3.21356         31 0.0000e+00
      23675    986.430    251.000     9.5164   3.793747     9.5196   3.794158      98.64     0.0216     1.9174     1.6611  39.805836  9.5348272   43.47388  -59.99704    35.2002    35.2014     9.4880     9.4912    27.1954    27.1958    3.39927    3.21088         24 0.0000e+00
      23698    987.394    250.000     9.5456   3.796663     9.5771   3.799914      81.43     0.0182     1.9176     1.6615  39.807079  9.5347986   43.47390  -59.99704    35.2023    35.2050     9.5172     9.5487    27.1921    27.1890    3.40044    3.20855         24 0.0000e+00
      23723    988.430    249.000     9.5782   3.800128     9.6159   3.804041      95.38     0.0159     1.9185     1.6621  39.802727  9.5443010   43.47390  -59.99704    35.2066    35.2101     9.5499     9.5875    27.1901    27.1865    3.39961    3.20216         25 0.0000e+00
      23748    989.452    248.000     9.6109   3.803542     9.6495   3.807616      98.68     0.0153     1.9188     1.6613  39.802807  9.5449848   43.47390  -59.99704    35.2103    35.2146     9.5827     9.6212    27.1874    27.1844    3.39498    3.19628         24 0.0000e+00
      23770    990.382    247.000     9.6536   3.807786     9.6928   3.812108      81.55     0.0178     1.9192     1.6615  39.787426  9.5637817   43.47390  -59.99704    35.2128    35.2190     9.6254     9.6645    27.1823    27.1805    3.39187    3.19617         21 0.0000e+00
      23791    991.245    246.000     9.6957   3.812116     9.7345   3.816483      91.22     0.0195     1.9187     1.6616  39.787544  9.5640993   43.47390  -59.99704    35.2167    35.2238     9.6676     9.7062    27.1782    27.1772    3.38475    3.19326         21 0.0000e+00
      23811    992.086    245.000     9.7318   3.816252     9.7883   3.822298      98.48     0.0133     1.9186     1.6617  39.784676  9.5918360   43.47390  -59.99704    35.2245    35.2314     9.7037     9.7601    27.1782    27.1741    3.38132    3.19100         20 0.0000e+00
      23832    992.947    244.000     9.7842   3.821657     9.8512   3.828675      97.52     0.0151     1.9184     1.6621  39.782688  9.6030283   43.47390  -59.99704    35.2293    35.2361     9.7561     9.8229    27.1731    27.1671    3.37864    3.18782         21 0.0000e+00
      23853    993.831    243.000     9.8331   3.826622     9.8887   3.832514      75.01     0.0166     1.9189     1.6621  39.761101  9.6277494   43.47390  -59.99703    35.2330    35.2393     9.8051     9.8605    27.1677    27.1632    3.38090    3.18336         21 0.0000e+00
      23875    994.755    242.000     9.8756   3.830946     9.9255   3.836399      98.76     0.0153     1.9199     1.6627  39.738377  9.6619635   43.47390  -59.99702    35.2365    35.2437     9.8475     9.8974    27.1632    27.1604    3.38002    3.18839         23 0.0000e+00
      23898    995.708    241.000     9.9145   3.834831     9.9649   3.840640      98.63     0.0176     1.9205     1.6643  39.733402  9.6885223   43.47390  -59.99702    35.2388    35.2492     9.8866     9.9369    27.1583    27.1579    3.37681    3.18792         23 0.0000e+00
      23922    996.698    240.000     9.9381   3.837568    10.0152   3.846075      77.54     0.0188     1.9213     1.6643  39.717960  9.7587442   43.47390  -59.99702    35.2443    35.2563     9.9102     9.9872    27.1586    27.1548    3.37892    3.17678         25 0.0000e+00
      23948    997.785    239.000    10.0091   3.845028    10.0650   3.851299      98.92     0.0196     1.9224     1.6642  39.714809  9.7804022   43.47390  -59.99702    35.2525    35.2616     9.9806    10.0370    27.1530    27.1504    3.37273    3.17517         26 0.0000e+00
      23974    998.870    238.000    10.0323   3.847644    10.1199   3.856995      97.66     0.0188     1.9226     1.6647  39.714279  9.8182526   43.47390  -59.99702    35.2565    35.2668    10.0045    10.0919    27.1520    27.1450    3.37174    3.17554         26 0.0000e+00
      23999    999.900    237.000    10.0929   3.853991    10.1650   3.861670      76.95     0.0178     1.9239     1.6655  39.697128  9.8552465   43.47390  -59.99702    35.2629    35.2711    10.0651    10.1370    27.1465    27.1406    3.37537    3.17780         24 0.0000e+00
      24021   1000.847    236.000    10.1526   3.860052    10.1973   3.865080      98.47     0.0162     1.9257     1.6670  39.677799  9.8959103   43.47390  -59.99702    35.2671    35.2749    10.1248    10.1694    27.1395    27.1379    3.37653    3.18335         22 0.0000e+00
      24043   1001.758    235.000    10.1908   3.864137    10.2212   3.867429      98.63     0.0166     1.9270     1.6697  39.670437  9.9027777   43.47390  -59.99702    35.2720    35.2760    10.1631    10.1934    27.1367    27.1346    3.38150    3.19428         22 0.0000e+00
      24065   1002.653    234.000    10.2145   3.866691    10.2320   3.868472      72.56     0.0178     1.9302     1.6727  39.655907  9.9155493   43.47390  -59.99702    35.2754    35.2766    10.1869    10.2044    27.1353    27.1331    3.38989    3.20019         21 0.0000e+00
      24086   1003.553    233.000    10.2277   3.868048    10.2374   3.868966      98.40     0.0176     1.9324     1.6758  39.655678  9.9214611   43.47390  -59.99702    35.2770    35.2768    10.2001    10.2098    27.1342    27.1324    3.39392    3.20710         22 0.0000e+00
      24109   1004.501    232.000    10.2320   3.868543    10.2461   3.869820      98.63     0.0184     1.9360     1.6786  39.656277  9.9684820   43.47392  -59.99702    35.2782    35.2776    10.2046    10.2186    27.1344    27.1314    3.40593    3.21606         24 0.0000e+00
      24134   1005.562    231.000    10.2399   3.869266    10.2609   3.871336      78.08     0.0167     1.9398     1.6830  39.647182  9.9834757   43.47392  -59.99701    35.2784    35.2791    10.2126    10.2335    27.1331    27.1300    3.41504    3.23264         27 0.0000e+00
      24163   1006.760    230.000    10.2542   3.870530    10.2997   3.875422      98.81     0.0142     1.9453     1.6886  39.611416  10.043585   43.47392  -59.99700    35.2778    35.2834    10.2270    10.2723    27.1301    27.1266    3.43604    3.25234         29 0.0000e+00
      24190   1007.873    229.000    10.2997   3.874256    10.3604   3.881668      98.54     0.0143     1.9513     1.6953  39.610477  10.064262   43.47392  -59.99700    35.2711    35.2883    10.2734    10.3331    27.1168    27.1198    3.44651    3.28074         24 0.0000e+00
      24212   1008.789    228.000    10.3620   3.881385    10.3866   3.884286      71.31     0.0176     1.9563     1.7024  39.611717  10.091511   43.47392  -59.99700    35.2844    35.2900    10.3348    10.3593    27.1164    27.1165    3.46077    3.29958         21 0.0000e+00
      24232   1009.614    227.000    10.3815   3.883715    10.3983   3.885488      98.27     0.0235     1.9628     1.7095  39.604874  10.098677   43.47392  -59.99700    35.2896    35.2913    10.3544    10.3712    27.1170    27.1154    3.48727    3.31851         19 0.0000e+00
      24251   1010.433    226.000    10.3995   3.885700    10.4332   3.889357      98.63     0.0211     1.9705     1.7161  39.566505  10.153790   43.47392  -59.99700    35.2927    35.2971    10.3725    10.4061    27.1163    27.1138    3.51002    3.32780         20 0.0000e+00
      24273   1011.327    225.000    10.4317   3.888973    10.4785   3.894249      81.00     0.0155     1.9793     1.7219  39.556362  10.154850   43.47392  -59.99700    35.2953    35.3032    10.4046    10.4515    27.1127    27.1106    3.52500    3.33269         23 0.0000e+00
      24298   1012.381    224.000    10.4894   3.895026    10.5328   3.899955      92.01     0.0161     1.9884     1.7277  39.513248  10.196373   43.47392  -59.99700    35.3009    35.3088    10.4625    10.5058    27.1069    27.1053    3.53396    3.33699         27 0.0000e+00
      24324   1013.479    223.000    10.5316   3.899787    10.6005   3.907088      98.76     0.0135     1.9962     1.7325  39.503109  10.205844   43.47392  -59.99700    35.3084    35.3158    10.5051    10.5735    27.1051    27.0988    3.53844    3.34010         25 0.0000e+00
      24348   1014.456    222.000    10.5592   3.902745    10.6799   3.915207      75.82     0.0157     2.0024     1.7362  39.479424  10.328228   43.47392  -59.99700    35.3123    35.3213    10.5324    10.6529    27.1034    27.0889    3.54849    3.34990         22 0.0000e+00
      24369   1015.330    221.000    10.6775   3.913974    10.7386   3.920980      93.46     0.0211     2.0073     1.7407  39.479855  10.326007   43.47392  -59.99700    35.3117    35.3232    10.6506    10.7116    27.0819    27.0799    3.54719    3.36230         21 0.0000e+00
      24390   1016.190    220.000    10.7262   3.919569    10.7623   3.923029      98.52     0.0259     2.0124     1.7464  39.430691  10.357417   43.47392  -59.99700    35.3215    35.3214    10.6993    10.7354    27.0808    27.0743    3.56064    3.38641         21 0.0000e+00
      24412   1017.116    219.000    10.7488   3.921822    10.7770   3.924369      88.85     0.0254     2.0189     1.7550  39.420067  10.365009   43.47392  -59.99700    35.3228    35.3211    10.7220    10.7502    27.0777    27.0714    3.58569    3.41770         23 0.0000e+00
      24437   1018.167    218.000    10.7687   3.923538    10.7909   3.925727      84.41     0.0250     2.0295     1.7655  39.322491  10.400168   43.47394  -59.99700    35.3212    35.3218    10.7421    10.7642    27.0729    27.0694    3.62305    3.44868         27 0.0000e+00
      24463   1019.247    217.000    10.7857   3.925092    10.8059   3.927243      98.59     0.0199     2.0415     1.7765  39.283619  10.414662   43.47394  -59.99700    35.3209    35.3230    10.7592    10.7793    27.0696    27.0676    3.64893    3.47032         25 0.0000e+00
      24486   1020.216    216.000    10.8001   3.926590    10.8432   3.931265      85.61     0.0144     2.0516     1.7845  39.214199  10.528269   43.47394  -59.99700    35.3226    35.3279    10.7736    10.8166    27.0683    27.0647    3.66188    3.47501         21 0.0000e+00
      24507   1021.090    215.000    10.8452   3.931270    10.8753   3.934260      81.86     0.0141     2.0588     1.7895  39.201366  10.550845   43.47394  -59.99700    35.3261    35.3274    10.8192    10.8489    27.0629    27.0585    3.66809    3.48231         21 0.0000e+00
      24528   1021.953    214.000    10.8652   3.933184    10.8798   3.933934      98.52     0.0184     2.0660     1.7957  39.164040  10.581166   43.47394  -59.99699    35.3268    35.3203    10.8389    10.8535    27.0598    27.0521    3.68415    3.50573         21 0.0000e+00
      24550   1022.872    213.000    10.8735   3.933500    10.8697   3.932086      98.51     0.0218     2.0740     1.8034  39.135315  10.609179   43.47394  -59.99698    35.3225    35.3119    10.8473    10.8436    27.0550    27.0474    3.70605    3.52947         23 0.0000e+00
      24574   1023.887    212.000    10.8718   3.932617    10.8723   3.931909      73.08     0.0192     2.0835     1.8121  39.081882  10.620742   43.47394  -59.99698    35.3157    35.3082    10.8458    10.8462    27.0500    27.0440    3.72650    3.56025         25 0.0000e+00
      24599   1024.932    211.000    10.8754   3.932621    10.8933   3.934027      99.01     0.0202     2.0922     1.8239  39.024208  10.631316   43.47394  -59.99698    35.3127    35.3096    10.8495    10.8674    27.0470    27.0413    3.74852    3.61852         25 0.0000e+00
      24623   1025.912    210.000    10.8830   3.932942    10.9084   3.935474      98.49     0.0195     2.1030     1.8403  38.969475  10.655398   43.47394  -59.99698    35.3098    35.3100    10.8572    10.8825    27.0433    27.0389    3.80593    3.68928         22 0.0000e+00
      24645   1026.822    209.000    10.9040   3.934871    10.9135   3.935650      69.12     0.0176     2.1193     1.8579  38.915203  10.677882   43.47394  -59.99698    35.3086    35.3073    10.8783    10.8878    27.0385    27.0358    3.88058    3.73939         22 0.0000e+00
      24666   1027.716    208.000    10.9031   3.934656    10.8913   3.932578      98.19     0.0170     2.1406     1.8749  38.880322  10.690340   43.47394  -59.99698    35.3079    35.2983    10.8775    10.8658    27.0381    27.0328    3.94755    3.78260         22 0.0000e+00
      24688   1028.636    207.000    10.8902   3.932774    10.9064   3.934113      98.63     0.0184     2.1631     1.8921  38.796753  10.716892   43.47394  -59.99698    35.3018    35.2997    10.8648    10.8809    27.0357    27.0311    3.99789    3.83177         22 0.0000e+00
      24711   1029.580    206.000    10.9186   3.935320    10.9493   3.938404      70.04     0.0216     2.1847     1.9107  38.786152  10.725189   43.47394  -59.99698    35.3005    35.3019    10.8932    10.9238    27.0295    27.0250    4.04376    3.87540         23 0.0000e+00
      24734   1030.538    205.000    10.9268   3.935782    10.9243   3.933906      98.63     0.0223     2.2071     1.9268  38.718235  10.759053   43.47394  -59.99698    35.2977    35.2817    10.9015    10.8995    27.0258    27.0139    4.07888    3.89314         23 0.0000e+00
      24756   1031.476    204.000    10.9178   3.933387    10.8518   3.923636      98.63     0.0187     2.2242     1.9386  38.713306  10.760677   43.47394  -59.99698    35.2840    35.2485    10.8914    10.8268    27.0170    27.0010    4.09316    3.89971         22 0.0000e+00
      24778   1032.369    203.000    10.8586   3.925069    10.8082   3.917575      76.82     0.0131     2.2373     1.9459  38.567482  10.784948   43.47394  -59.99698    35.2568    35.2301    10.8336    10.7834    27.0062    26.9944    4.10711    3.90528         21 0.0000e+00
      24798   1033.220    202.000    10.8065   3.917985    10.7618   3.911091      88.13     0.0173     2.2471     1.9512  38.561954  10.785104   43.47394  -59.99698    35.2363    35.2100    10.7818    10.7372    26.9996    26.9871    4.11517    3.91395         20 0.0000e+00
      24819   1034.079    201.000    10.7518   3.910655    10.6919   3.902122      98.58     0.0215     2.2539     1.9551  38.470707  10.795287   43.47394  -59.99696    35.2157    35.1875    10.7273    10.6675    26.9933    26.9820    4.11873    3.92353         21 0.0000e+00
      24840   1034.960    200.000    10.6858   3.902087    10.6193   3.893070      95.18     0.0193     2.2596     1.9596  38.423901  10.799229   43.47394  -59.99696    35.1935    35.1666    10.6615    10.5952    26.9877    26.9786    4.14026    3.96159         22 0.0000e+00
      24863   1035.922    199.000    10.6415   3.896226    10.6210   3.893772      73.88     0.0170     2.2678     1.9694  38.321617  10.786942   43.47394  -59.99696    35.1775    35.1726    10.6175    10.5969    26.9831    26.9829    4.17653    4.00999         24 0.0000e+00
      24889   1037.011    198.000    10.6521   3.897086    10.7575   3.909491      98.41     0.0190     2.2792     1.9815  38.224823  10.775091   43.47396  -59.99696    35.1765    35.1999    10.6281    10.7333    26.9804    26.9799    4.21065    4.05677         28 0.0000e+00
      24917   1038.156    197.000    10.7107   3.902852    10.8701   3.922343      85.26     0.0175     2.2921     1.9979  38.087288  10.737820   43.47396  -59.99696    35.1786    35.2211    10.6867    10.8460    26.9716    26.9761    4.22912    4.09469         26 0.0000e+00
      24941   1039.153    196.000    10.8192   3.915194    10.9359   3.929450      81.99     0.0172     2.3004     2.0093  38.033352  10.724727   43.47396  -59.99696    35.1988    35.2295    10.7952    10.9118    26.9679    26.9709    4.21802    4.10840         21 0.0000e+00
