data/CTD/2014/CNV/u017a037.cnv
* Sea-Bird SBE 9 Data File:
* FileName = C:\CTD_ACQUISITION\2014017HUD\ctddata\017A037.hdr
* Software Version Seasave V 7.22.2
* Temperature SN = 5081
* Conductivity SN = 3561
* Number of Bytes Per Scan = 37
* Number of Voltage Words = 4
* Number of Scans Averaged by the Deck Unit = 1
* NMEA Latitude = 48 23.51 N
* NMEA Longitude = 046 37.86 W
* NMEA UTC (Time) = Jul 09 2014 22:08:37
* NMEA baud rate = 9600
** Ship: Hudson
** Cruise: HUD2014017
** Chief_Scientist: Blair Greenan
** Organization: BIO
** Area_of_Operation: Sackville Spur
** Station: 037
** Sounding:  1815
** Event_Comments: SS_09, 403209
# nquan = 25
# nvalues = 1850                        
# units = specified
# name 0 = scan: Scan Count
# name 1 = timeS: Time, Elapsed [seconds]
# name 2 = prDM: Pressure, Digiquartz [db]
# name 3 = t068C: Temperature [ITS-68, deg C]
# name 4 = c0S/m: Conductivity [S/m]
# name 5 = t168C: Temperature, 2 [ITS-68, deg C]
# name 6 = c1S/m: Conductivity, 2 [S/m]
# name 7 = altM: Altimeter [m]
# name 8 = flC: Fluorescence, Chelsea Aqua 3 Chl Con [ug/l]
# name 9 = sbeox0V: Oxygen raw, SBE 43 [V]
# name 10 = sbeox1V: Oxygen raw, SBE 43, 2 [V]
# name 11 = upoly0: Upoly 0, Optode 4330F - O2 D-Phase
# name 12 = upoly1: Upoly 1, Optode 4330F - O2 Temp
# name 13 = latitude: Latitude [deg]
# name 14 = longitude: Longitude [deg]
# name 15 = sal00: Salinity, Practical [PSU]
# name 16 = sal11: Salinity, Practical, 2 [PSU]
# name 17 = potemp068C: Potential Temperature [ITS-68, deg C]
# name 18 = potemp168C: Potential Temperature, 2 [ITS-68, deg C]
# name 19 = sigma-é00: Density [sigma-theta, Kg/m^3]
# name 20 = sigma-é11: Density, 2 [sigma-theta, Kg/m^3]
# name 21 = sbeox0ML/L: Oxygen, SBE 43 [ml/l], WS = 2
# name 22 = sbeox1ML/L: Oxygen, SBE 43, 2 [ml/l], WS = 2
# name 23 = nbin: number of scans per bin
# name 24 = flag: flag
# span 0 =      59064,     118478       
# span 1 =   2460.964,   4936.542       
# span 2 =      1.000,   1850.000       
# span 3 =    -1.2252,     7.7736       
# span 4 =   2.676476,   3.395123       
# span 5 =    -1.2244,     7.7815       
# span 6 =   2.676923,   3.397531       
# span 7 =       2.68,     106.59       
# span 8 =     0.0071,     3.4554       
# span 9 =     2.3357,     3.7951       
# span 10 =     2.0651,     3.3424      
# span 11 =  30.121786,  35.165428      
# span 12 = -1.1931679,  7.7951326      
# span 13 =   48.39262,   48.39449      
# span 14 =  -46.62099,  -46.61319      
# span 15 =    32.7939,    34.9165      
# span 16 =    32.7990,    34.9162      
# span 17 =    -1.2259,     7.7735      
# span 18 =    -1.2251,     7.7814      
# span 19 =    25.5744,    27.8096      
# span 20 =    25.5773,    27.8096      
# span 21 =    6.27479,   10.17801      
# span 22 =    6.21564,   10.30054      
# span 23 =         11,         85      
# span 24 = 0.0000e+00, 0.0000e+00      
# interval = decibars: 1                
# start_time = Jul 09 2014 22:08:37 [NMEA time, header]
# bad_flag = -9.990e-29
*END*
[from data line 116]
      62079   2586.600   1734.000     3.3103   3.262305     3.3097   3.262234      98.64     0.0192     2.3623     2.0847  35.098900  3.2972288   48.39278  -46.62069    34.9148    34.9146     3.1775     3.1769    27.8006    27.8005    6.29433    6.24476         14 0.0000e+00
      62094   2587.216   1733.000     3.3104   3.262280     3.3097   3.262193      76.68     0.0169     2.3639     2.0850  35.098900  3.3008997   48.39280  -46.62070    34.9149    34.9146     3.1777     3.1770    27.8006    27.8004    6.30263    6.25173         16 0.0000e+00
      62113   2587.999   1732.000     3.3105   3.262240     3.3098   3.262157      71.28     0.0184     2.3637     2.0855  35.099503  3.3027110   48.39280  -46.62070    34.9148    34.9146     3.1779     3.1771    27.8005    27.8004    6.29743    6.25581         23 0.0000e+00
      62157   2589.822   1731.000     3.3099   3.262150     3.3093   3.262086      98.79     0.0204     2.3645     2.0862  35.098896  3.3028083   48.39280  -46.62070    34.9148    34.9147     3.1774     3.1768    27.8006    27.8005    6.30119    6.25650         62 0.0000e+00
      62199   2591.589   1730.000     3.3092   3.262019     3.3090   3.262003      98.64     0.0178     2.3650     2.0869  35.100422  3.3028083   48.39282  -46.62068    34.9145    34.9145     3.1767     3.1766    27.8004    27.8004    6.29751    6.25410         20 0.0000e+00
      62216   2592.275   1729.000     3.3098   3.262043     3.3102   3.262084      98.63     0.0177     2.3649     2.0869  35.099812  3.3028083   48.39282  -46.62068    34.9146    34.9147     3.1775     3.1778    27.8004    27.8005    6.29490    6.25443         16 0.0000e+00
      62231   2592.906   1728.000     3.3123   3.262234     3.3124   3.262246      98.64     0.0193     2.3653     2.0872  35.101799  3.3028083   48.39282  -46.62068    34.9148    34.9148     3.1800     3.1801    27.8003    27.8003    6.29060    6.25197         15 0.0000e+00
      62245   2593.513   1727.000     3.3135   3.262305     3.3134   3.262276      98.63     0.0174     2.3648     2.0869  35.098938  3.3028083   48.39282  -46.62068    34.9149    34.9146     3.1813     3.1811    27.8003    27.8001    6.28877    6.24509         14 0.0000e+00
      62260   2594.143   1726.000     3.3141   3.262321     3.3136   3.262255      98.64     0.0156     2.3650     2.0869  35.098900  3.3028083   48.39282  -46.62068    34.9149    34.9146     3.1820     3.1815    27.8002    27.8001    6.29471    6.24356         16 0.0000e+00
      62277   2594.848   1725.000     3.3143   3.262294     3.3137   3.262223      79.01     0.0133     2.3651     2.0867  35.099705  3.3028083   48.39282  -46.62068    34.9149    34.9147     3.1822     3.1816    27.8002    27.8001    6.29159    6.24348         18 0.0000e+00
      62298   2595.691   1724.000     3.3143   3.262256     3.3139   3.262206      42.94     0.0113     2.3650     2.0868  35.098915  3.3028083   48.39283  -46.62068    34.9149    34.9147     3.1823     3.1819    27.8002    27.8001    6.29312    6.24742         23 0.0000e+00
      62323   2596.747   1723.000     3.3144   3.262225     3.3145   3.262215      97.34     0.0107     2.3654     2.0870  35.098900  3.3045127   48.39284  -46.62068    34.9149    34.9147     3.1825     3.1861    27.8002    27.8000    6.28769    6.24989         28 0.0000e+00
      62353   2598.004   1722.000     3.3148   3.262209     3.3146   3.262187      89.47     0.0132     2.3651     2.0873  35.098900  3.3126054   48.39284  -46.62068    34.9148    34.9147     3.1830     3.1828    27.8000    27.8000    6.28921    6.24718         31 0.0000e+00
      62383   2599.242   1721.000     3.3150   3.262181     3.3147   3.262150      95.45     0.0167     2.3655     2.0875  35.091091  3.3125763   48.39284  -46.62068    34.9147    34.9147     3.1833     3.1830    27.7999    27.8000    6.29491    6.24936         27 0.0000e+00
      62408   2600.277   1720.000     3.3156   3.262194     3.3148   3.262115      98.72     0.0180     2.3658     2.0876  35.084064  3.3125763   48.39284  -46.62068    34.9148    34.9146     3.1839     3.1832    27.7999    27.7999    6.29659    6.24236         23 0.0000e+00
      62429   2601.181   1719.000     3.3157   3.262163     3.3149   3.262093      98.64     0.0166     2.3664     2.0873  35.092045  3.3125763   48.39286  -46.62068    34.9147    34.9147     3.1841     3.1834    27.7999    27.7999    6.30282    6.24218         21 0.0000e+00
      62450   2602.047   1718.000     3.3158   3.262136     3.3151   3.262063      98.63     0.0183     2.3675     2.0875  35.098942  3.3125763   48.39286  -46.62068    34.9148    34.9146     3.1843     3.1837    27.7999    27.7999    6.31143    6.25201         21 0.0000e+00
      62471   2602.931   1717.000     3.3158   3.262099     3.3152   3.262033      98.63     0.0203     2.3680     2.0882  35.094643  3.3125763   48.39286  -46.62068    34.9148    34.9147     3.1845     3.1839    27.7999    27.7999    6.29971    6.25584         21 0.0000e+00
      62493   2603.817   1716.000     3.3159   3.262067     3.3155   3.262020      98.63     0.0199     2.3682     2.0886  35.084190  3.3125763   48.39286  -46.62068    34.9148    34.9147     3.1847     3.1843    27.7999    27.7998    6.29625    6.25246         22 0.0000e+00
      62514   2604.701   1715.000     3.3161   3.262047     3.3157   3.261993      98.64     0.0157     2.3683     2.0889  35.084248  3.3125763   48.39286  -46.62068    34.9148    34.9147     3.1849     3.1845    27.7999    27.7998    6.29709    6.25579         21 0.0000e+00
      62536   2605.625   1714.000     3.3165   3.262046     3.3161   3.261996      85.04     0.0130     2.3686     2.0894  35.084248  3.3125763   48.39287  -46.62068    34.9149    34.9147     3.1854     3.1850    27.7999    27.7998    6.29870    6.25010         24 0.0000e+00
      62562   2606.717   1713.000     3.3169   3.262036     3.3169   3.262023      75.78     0.0179     2.3690     2.0894  35.084248  3.3135569   48.39288  -46.62068    34.9149    34.9147     3.1858     3.1859    27.7999    27.7997    6.30095    6.24834         29 0.0000e+00
      62592   2607.979   1712.000     3.3173   3.262024     3.3180   3.262078      99.02     0.0154     2.3694     2.0898  35.084763  3.3132443   48.39288  -46.62068    34.9148    34.9147     3.1864     3.1871    27.7998    27.7996    6.29632    6.25263         29 0.0000e+00
      62618   2609.034   1711.000     3.3190   3.262129     3.3189   3.262112      98.64     0.0161     2.3697     2.0900  35.084915  3.3184137   48.39288  -46.62068    34.9148    34.9147     3.1881     3.1880    27.7995    27.7995    6.29150    6.25171         22 0.0000e+00
      62638   2609.865   1710.000     3.3202   3.262195     3.3196   3.262139      98.64     0.0183     2.3692     2.0904  35.085018  3.3222959   48.39288  -46.62068    34.9147    34.9148     3.1894     3.1888    27.7994    27.7995    6.29773    6.25077         19 0.0000e+00
      62656   2610.618   1709.000     3.3208   3.262206     3.3201   3.262148      98.64     0.0177     2.3701     2.0904  35.084255  3.3223443   48.39288  -46.62068    34.9148    34.9148     3.1901     3.1894    27.7994    27.7994    6.30281    6.24270         17 0.0000e+00
      62674   2611.370   1708.000     3.3208   3.262185     3.3203   3.262115      98.63     0.0196     2.3703     2.0901  35.084248  3.3218336   48.39290  -46.62068    34.9149    34.9147     3.1902     3.1896    27.7995    27.7994    6.29395    6.23920         19 0.0000e+00
      62693   2612.165   1707.000     3.3209   3.262147     3.3210   3.262141      63.02     0.0208     2.3702     2.0898  35.085674  3.3223302   48.39290  -46.62068    34.9149    34.9147     3.1904     3.1905    27.7994    27.7993    6.29239    6.23958         20 0.0000e+00
      62714   2613.030   1706.000     3.3216   3.262165     3.3219   3.262184      84.06     0.0183     2.3701     2.0899  35.080830  3.3223443   48.39290  -46.62068    34.9149    34.9147     3.1912     3.1915    27.7993    27.7992    6.29513    6.23989         21 0.0000e+00
      62736   2613.938   1705.000     3.3224   3.262193     3.3224   3.262191      98.64     0.0165     2.3707     2.0897  35.062263  3.3223443   48.39290  -46.62068    34.9149    34.9148     3.1920     3.1920    27.7993    27.7992    6.29641    6.24562         22 0.0000e+00
      62757   2614.843   1704.000     3.3229   3.262202     3.3224   3.262141      98.63     0.0168     2.3705     2.0905  35.071476  3.3223443   48.39290  -46.62068    34.9149    34.9148     3.1926     3.1921    27.7992    27.7992    6.29040    6.25480         22 0.0000e+00
      62780   2615.774   1703.000     3.3230   3.262165     3.3227   3.262131      98.64     0.0191     2.3709     2.0911  35.078384  3.3223443   48.39291  -46.62068    34.9149    34.9148     3.1927     3.1925    27.7992    27.7992    6.29419    6.25508         23 0.0000e+00
      62804   2616.775   1702.000     3.3233   3.262148     3.3229   3.262106      98.64     0.0224     2.3707     2.0916  35.080116  3.3223443   48.39292  -46.62068    34.9149    34.9148     3.1932     3.1928    27.7991    27.7991    6.29441    6.25485         25 0.0000e+00
      62830   2617.860   1701.000     3.3234   3.262120     3.3230   3.262075      94.36     0.0183     2.3719     2.0923  35.083706  3.3223443   48.39292  -46.62068    34.9149    34.9148     3.1934     3.1929    27.7991    27.7991    6.30274    6.25333         26 0.0000e+00
      62855   2618.931   1700.000     3.3235   3.262096     3.3232   3.262050      61.26     0.0207     2.3717     2.0925  35.081879  3.3223443   48.39292  -46.62068    34.9150    34.9147     3.1936     3.1933    27.7992    27.7990    6.29800    6.24731         25 0.0000e+00
      62878   2619.868   1699.000     3.3242   3.262107     3.3241   3.262086      98.37     0.0200     2.3727     2.0924  35.082153  3.3260386   48.39292  -46.62068    34.9149    34.9147     3.1943     3.1942    27.7991    27.7989    6.29946    6.24696         21 0.0000e+00
      62898   2620.692   1698.000     3.3255   3.262180     3.3253   3.262155      98.64     0.0220     2.3726     2.0926  35.081940  3.3244328   48.39292  -46.62067    34.9148    34.9148     3.1957     3.1955    27.7989    27.7989    6.29757    6.24982         19 0.0000e+00
      62917   2621.481   1697.000     3.3260   3.262193     3.3256   3.262145      98.63     0.0207     2.3730     2.0928  35.084946  3.3254042   48.39292  -46.62066    34.9150    34.9148     3.1963     3.1959    27.7989    27.7988    6.29786    6.25103         19 0.0000e+00
      62937   2622.313   1696.000     3.3266   3.262202     3.3268   3.262206      98.64     0.0185     2.3734     2.0931  35.084267  3.3260498   48.39292  -46.62066    34.9150    34.9148     3.1969     3.1972    27.7989    27.7987    6.30296    6.25336         21 0.0000e+00
      62960   2623.297   1695.000     3.3271   3.262212     3.3279   3.262272      98.64     0.0187     2.3738     2.0935  35.067509  3.3256171   48.39294  -46.62066    34.9151    34.9149     3.1975     3.1984    27.7989    27.7987    6.29561    6.25375         27 0.0000e+00
      62991   2624.572   1694.000     3.3280   3.262237     3.3287   3.262300      63.63     0.0166     2.3739     2.0944  35.060387  3.3263183   48.39294  -46.62066    34.9148    34.9149     3.1986     3.1992    27.7986    27.7986    6.29232    6.25848         32 0.0000e+00
      63019   2625.754   1693.000     3.3285   3.262230     3.3299   3.262354      99.39     0.0149     2.3741     2.0947  35.059193  3.3280799   48.39294  -46.62066    34.9148    34.9148     3.1991     3.2004    27.7985    27.7984    6.30269    6.25187         24 0.0000e+00
      63040   2626.609   1692.000     3.3309   3.262422     3.3318   3.262500      98.64     0.0179     2.3745     2.0948  35.060650  3.3277693   48.39294  -46.62066    34.9149    34.9149     3.2016     3.2025    27.7984    27.7983    6.29963    6.25735         18 0.0000e+00
      63057   2627.334   1691.000     3.3347   3.262720     3.3350   3.262754      98.64     0.0172     2.3747     2.0957  35.048046  3.3309643   48.39294  -46.62066    34.9150    34.9151     3.2054     3.2057    27.7981    27.7981    6.29982    6.25339         17 0.0000e+00
      63074   2628.023   1690.000     3.3374   3.262918     3.3373   3.262905      98.64     0.0154     2.3755     2.0951  35.049458  3.3321164   48.39294  -46.62066    34.9150    34.9150     3.2082     3.2080    27.7978    27.7978    6.29947    6.24162         16 0.0000e+00
      63091   2628.733   1689.000     3.3380   3.262944     3.3382   3.262944      98.64     0.0144     2.3754     2.0951  35.048428  3.3315668   48.39295  -46.62066    34.9152    34.9150     3.2088     3.2090    27.7979    27.7977    6.30424    6.25055         18 0.0000e+00
      63110   2629.535   1688.000     3.3386   3.262957     3.3389   3.262976      98.64     0.0161     2.3762     2.0957  35.051430  3.3321078   48.39296  -46.62066    34.9152    34.9150     3.2095     3.2099    27.7978    27.7977    6.30773    6.25811         21 0.0000e+00
      63135   2630.595   1687.000     3.3394   3.262988     3.3391   3.262947      69.98     0.0145     2.3767     2.0963  35.051289  3.3321123   48.39296  -46.62066    34.9152    34.9150     3.2104     3.2101    27.7978    27.7977    6.29859    6.26106         32 0.0000e+00
      63181   2632.516   1686.000     3.3386   3.262863     3.3376   3.262762      97.54     0.0128     2.3771     2.0972  35.051281  3.3323131   48.39296  -46.62064    34.9151    34.9148     3.2097     3.2108    27.7977    27.7976    6.29283    6.25149         52 0.0000e+00
      63216   2633.975   1685.000     3.3382   3.262767     3.3373   3.262698      98.75     0.0172     2.3766     2.0969  35.046391  3.3321052   48.39296  -46.62064    34.9148    34.9149     3.2094     3.2084    27.7976    27.7977    6.29462    6.24457         21 0.0000e+00
      63233   2634.687   1684.000     3.3414   3.263016     3.3399   3.262911      98.63     0.0199     2.3771     2.0965  35.043045  3.3321123   48.39296  -46.62064    34.9148    34.9152     3.2127     3.2112    27.7973    27.7977    6.29338    6.24166         16 0.0000e+00
      63248   2635.286   1683.000     3.3491   3.263641     3.3478   3.263614      98.64     0.0181     2.3769     2.0965  35.047020  3.3321123   48.39296  -46.62064    34.9147    34.9157     3.2203     3.2191    27.7965    27.7974    6.29266    6.24594         13 0.0000e+00
      63261   2635.826   1682.000     3.3571   3.264318     3.3574   3.264406      98.64     0.0171     2.3766     2.0965  35.051502  3.3321123   48.39296  -46.62064    34.9147    34.9155     3.2284     3.2286    27.7957    27.7963    6.29003    6.24920         13 0.0000e+00
      63273   2636.352   1681.000     3.3602   3.264591     3.3643   3.264977      98.63     0.0190     2.3775     2.0969  35.045208  3.3321123   48.39296  -46.62064    34.9153    34.9155     3.2314     3.2355    27.7958    27.7956    6.29951    6.25047         12 0.0000e+00
      63287   2636.909   1680.000     3.3633   3.264835     3.3683   3.265286      64.84     0.0220     2.3771     2.0973  35.054817  3.3327551   48.39296  -46.62064    34.9154    34.9154     3.2346     3.2396    27.7956    27.7951    6.29676    6.24938         15 0.0000e+00
      63303   2637.568   1679.000     3.3669   3.265121     3.3719   3.265570      64.02     0.0191     2.3781     2.0974  35.043385  3.3413966   48.39296  -46.62064    34.9154    34.9155     3.2383     3.2432    27.7953    27.7949    6.30134    6.25033         18 0.0000e+00
      63336   2638.962   1678.000     3.3675   3.265137     3.3693   3.265274      94.50     0.0166     2.3788     2.0981  35.042198  3.3457210   48.39296  -46.62064    34.9155    34.9152     3.2389     3.2407    27.7953    27.7949    6.29948    6.25087         56 0.0000e+00
