data/CTD/2014/CNV/u017a015.cnv
* Sea-Bird SBE 9 Data File:
* FileName = C:\CTD_ACQUISITION\2014017HUD\ctddata\017A015.hdr
* Software Version Seasave V 7.22.2
* Temperature SN = 5081
* Conductivity SN = 3561
* Number of Bytes Per Scan = 37
* Number of Voltage Words = 4
* Number of Scans Averaged by the Deck Unit = 1
* NMEA Latitude = 53 01.21 N
* NMEA Longitude = 051 02.46 W
* NMEA UTC (Time) = Jul 04 2014 04:48:08
* NMEA baud rate = 9600
** Ship: Hudson
** Cruise: HUD2014017
** Chief_Scientist: Blair Greenan
** Organization: BIO
** Area_of_Operation: Sackville Spur
** Station: 015
** Sounding:  2750
** Event_Comments: DSOW1, 403063
# nquan = 25
# nvalues = 2642                        
# units = specified
# name 0 = scan: Scan Count
# name 1 = timeS: Time, Elapsed [seconds]
# name 2 = prDM: Pressure, Digiquartz [db]
# name 3 = t068C: Temperature [ITS-68, deg C]
# name 4 = c0S/m: Conductivity [S/m]
# name 5 = t168C: Temperature, 2 [ITS-68, deg C]
# name 6 = c1S/m: Conductivity, 2 [S/m]
# name 7 = altM: Altimeter [m]
# name 8 = flC: Fluorescence, Chelsea Aqua 3 Chl Con [ug/l]
# name 9 = sbeox0V: Oxygen raw, SBE 43 [V]
# name 10 = sbeox1V: Oxygen raw, SBE 43, 2 [V]
# name 11 = upoly0: Upoly 0, Optode 4330F - O2 D-Phase
# name 12 = upoly1: Upoly 1, Optode 4330F - O2 Temp
# name 13 = latitude: Latitude [deg]
# name 14 = longitude: Longitude [deg]
# name 15 = sal00: Salinity, Practical [PSU]
# name 16 = sal11: Salinity, Practical, 2 [PSU]
# name 17 = potemp068C: Potential Temperature [ITS-68, deg C]
# name 18 = potemp168C: Potential Temperature, 2 [ITS-68, deg C]
# name 19 = sigma-é00: Density [sigma-theta, Kg/m^3]
# name 20 = sigma-é11: Density, 2 [sigma-theta, Kg/m^3]
# name 21 = sbeox0ML/L: Oxygen, SBE 43 [ml/l], WS = 2
# name 22 = sbeox1ML/L: Oxygen, SBE 43, 2 [ml/l], WS = 2
# name 23 = nbin: number of scans per bin
# name 24 = flag: flag
# span 0 =      73227,     158914       
# span 1 =   3051.073,   6621.388       
# span 2 =      1.000,   2642.000       
# span 3 =     2.4600,     8.1774       
# span 4 =   3.188525,   3.578016       
# span 5 =     2.4593,     8.1781       
# span 6 =   3.188392,   3.577932       
# span 7 =       4.24,     107.94       
# span 8 =     0.0062,     0.3861       
# span 9 =     2.1763,     3.4375       
# span 10 =     1.9253,     3.0191      
# span 11 =  30.195036,  35.515980      
# span 12 =  2.4528117,  8.1965199      
# span 13 =   53.01916,   53.02126      
# span 14 =  -51.03840,  -51.03224      
# span 15 =    34.3631,    34.9174      
# span 16 =    34.3616,    34.9170      
# span 17 =     2.2644,     8.1773      
# span 18 =     2.2638,     8.1780      
# span 19 =    26.7473,    27.8739      
# span 20 =    26.7460,    27.8735      
# span 21 =    6.31750,    7.54803      
# span 22 =    6.24982,    7.60928      
# span 23 =          9,         85      
# span 24 = 0.0000e+00, 0.0000e+00      
# interval = decibars: 1                
# start_time = Jul 04 2014 04:48:08 [NMEA time, header]
# bad_flag = -9.990e-29
*END*
[from data line 1508]
     113048   4710.282   1134.000     3.4791   3.247218     3.4778   3.247049      82.75     0.0162     2.6660     2.3444  33.810299  3.4786325   53.01984  -51.03694    34.8561    34.8554     3.3960     3.3947    27.7327    27.7324    6.74820    6.71410         19 0.0000e+00
     113079   4711.587   1133.000     3.4787   3.247141     3.4779   3.247025      90.76     0.0177     2.6667     2.3455  33.810684  3.4786325   53.01985  -51.03694    34.8561    34.8555     3.3957     3.3949    27.7328    27.7324    6.75011    6.72239         49 0.0000e+00
     113122   4713.375   1132.000     3.4796   3.247180     3.4791   3.247106      63.38     0.0187     2.6674     2.3473  33.809410  3.4786325   53.01986  -51.03694    34.8561    34.8557     3.3967     3.3962    27.7327    27.7325    6.74615    6.72260         24 0.0000e+00
     113139   4714.095   1131.000     3.4790   3.247067     3.4780   3.246928      62.93     0.0178     2.6676     2.3472  33.809525  3.4786325   53.01986  -51.03694    34.8558    34.8554     3.3962     3.3991    27.7325    27.7323    6.74845    6.71990         17 0.0000e+00
     113154   4714.728   1130.000     3.4779   3.246903     3.4769   3.246795      98.55     0.0117     2.6679     2.3477  33.809525  3.4786325   53.01986  -51.03694    34.8556    34.8554     3.3951     3.3942    27.7325    27.7324    6.75436    6.72181         14 0.0000e+00
     113169   4715.350   1129.000     3.4773   3.246814     3.4765   3.246698      98.63     0.0134     2.6688     2.3478  33.809525  3.4786325   53.01986  -51.03694    34.8556    34.8551     3.3947     3.3984    27.7326    27.7322    6.75573    6.71792         15 0.0000e+00
     113185   4716.002   1128.000     3.4771   3.246758     3.4765   3.246659      98.63     0.0143     2.6686     2.3478  33.809525  3.4786325   53.01986  -51.03692    34.8557    34.8551     3.3945     3.3940    27.7326    27.7322    6.74335    6.71600         17 0.0000e+00
     113206   4716.884   1127.000     3.4769   3.246706     3.4764   3.246614      77.10     0.0119     2.6688     2.3480  33.809525  3.4786325   53.01986  -51.03692    34.8558    34.8552     3.3945     3.3939    27.7327    27.7323    6.74757    6.71459         29 0.0000e+00
     113255   4718.900   1126.000     3.4769   3.246653     3.4762   3.246564      97.47     0.0137     2.6697     2.3480  33.809525  3.4786325   53.01986  -51.03691    34.8557    34.8554     3.3945     3.3938    27.7326    27.7324    6.75026    6.71332         49 0.0000e+00
     113282   4720.029   1125.000     3.4772   3.246623     3.4764   3.246521      72.66     0.0130     2.6695     2.3481  33.809525  3.4786325   53.01987  -51.03690    34.8555    34.8551     3.3949     3.3941    27.7324    27.7322    6.74594    6.71913         18 0.0000e+00
     113298   4720.689   1124.000     3.4771   3.246569     3.4761   3.246466      98.70     0.0143     2.6701     2.3485  33.809525  3.4749599   53.01988  -51.03690    34.8555    34.8553     3.3948     3.3939    27.7324    27.7324    6.74791    6.72179         16 0.0000e+00
     113313   4721.317   1123.000     3.4768   3.246506     3.4760   3.246399      98.63     0.0155     2.6698     2.3489  33.809525  3.4766357   53.01988  -51.03690    34.8556    34.8552     3.3946     3.3938    27.7325    27.7323    6.74021    6.71534         15 0.0000e+00
     113328   4721.961   1122.000     3.4765   3.246444     3.4759   3.246349      98.63     0.0164     2.6694     2.3487  33.809525  3.4762044   53.01988  -51.03690    34.8557    34.8552     3.3945     3.3939    27.7326    27.7322    6.74212    6.70995         16 0.0000e+00
     113346   4722.722   1121.000     3.4765   3.246393     3.4759   3.246305      66.51     0.0161     2.6700     2.3488  33.809525  3.4776475   53.01988  -51.03690    34.8556    34.8552     3.3945     3.3939    27.7326    27.7323    6.74277    6.71760         21 0.0000e+00
     113376   4723.959   1120.000     3.4763   3.246349     3.4758   3.246252      81.02     0.0170     2.6700     2.3494  33.809525  3.4783595   53.01988  -51.03690    34.8558    34.8552     3.3944     3.3955    27.7327    27.7322    6.74789    6.72145         39 0.0000e+00
     113411   4725.432   1119.000     3.4764   3.246299     3.4757   3.246201      89.87     0.0179     2.6707     2.3505  33.809525  3.4786470   53.01988  -51.03688    34.8556    34.8552     3.3946     3.3965    27.7325    27.7322    6.75304    6.72862         26 0.0000e+00
     113433   4726.317   1118.000     3.4765   3.246262     3.4758   3.246165      98.67     0.0171     2.6719     2.3514  33.809525  3.4786325   53.01988  -51.03688    34.8555    34.8552     3.3948     3.3940    27.7324    27.7323    6.74370    6.73259         20 0.0000e+00
     113452   4727.129   1117.000     3.4764   3.246223     3.4757   3.246129      88.86     0.0156     2.6704     2.3522  33.809525  3.4786325   53.01988  -51.03688    34.8557    34.8553     3.3948     3.3941    27.7326    27.7323    6.73483    6.73056         20 0.0000e+00
     113474   4728.041   1116.000     3.4764   3.246186     3.4758   3.246093      77.26     0.0130     2.6711     2.3526  33.808929  3.4786325   53.01988  -51.03688    34.8558    34.8552     3.3948     3.3943    27.7326    27.7323    6.74411    6.72654         24 0.0000e+00
     113501   4729.156   1115.000     3.4765   3.246140     3.4759   3.246061      98.84     0.0131     2.6711     2.3527  33.807419  3.4786325   53.01990  -51.03688    34.8557    34.8553     3.3950     3.3944    27.7325    27.7323    6.74729    6.72036         28 0.0000e+00
     113526   4730.193   1114.000     3.4766   3.246107     3.4760   3.246013      86.41     0.0152     2.6722     2.3527  33.806000  3.4786325   53.01990  -51.03686    34.8557    34.8552     3.3952     3.3946    27.7325    27.7322    6.75548    6.72195         21 0.0000e+00
     113545   4730.992   1113.000     3.4765   3.246063     3.4758   3.245951      71.49     0.0173     2.6726     2.3528  33.809578  3.4786325   53.01990  -51.03686    34.8557    34.8552     3.3952     3.3945    27.7326    27.7322    6.74438    6.72159         18 0.0000e+00
     113562   4731.711   1112.000     3.4762   3.245989     3.4755   3.245881      98.72     0.0166     2.6723     2.3529  33.809525  3.4786325   53.01990  -51.03686    34.8557    34.8551     3.3950     3.3943    27.7325    27.7322    6.74294    6.72423         17 0.0000e+00
     113580   4732.453   1111.000     3.4758   3.245910     3.4749   3.245775      98.63     0.0161     2.6726     2.3534  33.807995  3.4786325   53.01990  -51.03686    34.8556    34.8550     3.3947     3.3938    27.7325    27.7321    6.75019    6.72962         19 0.0000e+00
     113601   4733.351   1110.000     3.4754   3.245821     3.4742   3.245656      75.71     0.0150     2.6733     2.3540  33.805157  3.4786325   53.01990  -51.03686    34.8555    34.8548     3.3944     3.3932    27.7325    27.7320    6.75134    6.72985         26 0.0000e+00
     113635   4734.738   1109.000     3.4751   3.245744     3.4741   3.245601      95.72     0.0119     2.6742     2.3547  33.797909  3.4786325   53.01990  -51.03686    34.8555    34.8548     3.3941     3.3931    27.7325    27.7320    6.75504    6.72544         38 0.0000e+00
     113666   4736.049   1108.000     3.4747   3.245651     3.4739   3.245532      93.63     0.0142     2.6747     2.3546  33.794754  3.4786325   53.01990  -51.03686    34.8552    34.8547     3.3938     3.3930    27.7323    27.7319    6.75703    6.72391         23 0.0000e+00
     113686   4736.877   1107.000     3.4744   3.245564     3.4734   3.245448      52.92     0.0142     2.6760     2.3549  33.804146  3.4786325   53.01991  -51.03685    34.8551    34.8547     3.3936     3.3926    27.7322    27.7320    6.75757    6.73142         19 0.0000e+00
     113704   4737.623   1106.000     3.4741   3.245499     3.4734   3.245387      97.32     0.0112     2.6759     2.3555  33.802258  3.4786325   53.01992  -51.03684    34.8552    34.8546     3.3933     3.3926    27.7323    27.7319    6.75354    6.73266         18 0.0000e+00
     113723   4738.413   1105.000     3.4738   3.245433     3.4733   3.245324      72.20     0.0111     2.6766     2.3558  33.800068  3.4786325   53.01992  -51.03684    34.8552    34.8544     3.3932     3.3989    27.7323    27.7318    6.75652    6.72957         20 0.0000e+00
     113747   4739.434   1104.000     3.4738   3.245380     3.4732   3.245272      90.57     0.0116     2.6763     2.3560  33.796497  3.4786325   53.01992  -51.03684    34.8551    34.8544     3.3932     3.3949    27.7323    27.7318    6.74670    6.72250         30 0.0000e+00
     113779   4740.733   1103.000     3.4736   3.245309     3.4730   3.245218      98.91     0.0150     2.6769     2.3560  33.794815  3.4786325   53.01992  -51.03684    34.8549    34.8545     3.3931     3.3924    27.7321    27.7318    6.75455    6.72772         28 0.0000e+00
     113802   4741.691   1102.000     3.4735   3.245249     3.4726   3.245130      56.92     0.0175     2.6771     2.3563  33.794872  3.4786325   53.01992  -51.03683    34.8549    34.8543     3.3930     3.3922    27.7321    27.7317    6.75497    6.72616         19 0.0000e+00
     113819   4742.436   1101.000     3.4732   3.245183     3.4723   3.245055      98.52     0.0188     2.6777     2.3564  33.794872  3.4786325   53.01992  -51.03682    34.8549    34.8543     3.3929     3.3919    27.7321    27.7318    6.75530    6.72222         18 0.0000e+00
     113837   4743.168   1100.000     3.4729   3.245118     3.4723   3.245010      98.63     0.0138     2.6778     2.3562  33.794079  3.4786325   53.01992  -51.03682    34.8549    34.8543     3.3927     3.3920    27.7322    27.7317    6.75013    6.71745         18 0.0000e+00
     113857   4743.998   1099.000     3.4728   3.245062     3.4723   3.244973      82.44     0.0142     2.6775     2.3560  33.794830  3.4786325   53.01992  -51.03682    34.8549    34.8544     3.3926     3.3921    27.7322    27.7318    6.75113    6.71206         23 0.0000e+00
     113887   4745.259   1098.000     3.4727   3.245014     3.4723   3.244925      69.90     0.0133     2.6786     2.3553  33.790245  3.4786325   53.01994  -51.03682    34.8549    34.8543     3.3926     3.3922    27.7322    27.7317    6.75699    6.71443         37 0.0000e+00
     113921   4746.656   1097.000     3.4730   3.244984     3.4723   3.244888      99.77     0.0149     2.6789     2.3556  33.793888  3.4786325   53.01994  -51.03682    34.8547    34.8543     3.3930     3.3923    27.7320    27.7317    6.75051    6.72597         26 0.0000e+00
     113942   4747.540   1096.000     3.4731   3.244947     3.4725   3.244866      63.46     0.0194     2.6789     2.3564  33.794868  3.4786325   53.01994  -51.03682    34.8548    34.8543     3.3931     3.3926    27.7320    27.7317    6.75660    6.72491         19 0.0000e+00
     113960   4748.286   1095.000     3.4732   3.244925     3.4727   3.244840      90.92     0.0171     2.6799     2.3565  33.792305  3.4786325   53.01994  -51.03680    34.8548    34.8544     3.3934     3.3929    27.7320    27.7317    6.75186    6.71768         17 0.0000e+00
     113978   4749.029   1094.000     3.4733   3.244892     3.4729   3.244822      98.50     0.0147     2.6788     2.3563  33.776634  3.4786325   53.01994  -51.03680    34.8549    34.8545     3.3936     3.3931    27.7320    27.7318    6.74594    6.71386         19 0.0000e+00
     113999   4749.912   1093.000     3.4734   3.244866     3.4728   3.244755      93.99     0.0158     2.6797     2.3561  33.776688  3.4786325   53.01994  -51.03680    34.8550    34.8542     3.3937     3.3932    27.7321    27.7316    6.75425    6.71155         25 0.0000e+00
     114032   4751.311   1092.000     3.4734   3.244803     3.4726   3.244690      79.43     0.0189     2.6802     2.3562  33.767120  3.4786325   53.01994  -51.03680    34.8548    34.8542     3.3938     3.3930    27.7319    27.7316    6.75539    6.72346         37 0.0000e+00
     114061   4752.498   1091.000     3.4733   3.244735     3.4726   3.244638      99.57     0.0191     2.6805     2.3574  33.775471  3.4786325   53.01994  -51.03680    34.8546    34.8541     3.3937     3.3931    27.7318    27.7315    6.75777    6.73123         20 0.0000e+00
     114078   4753.192   1090.000     3.4730   3.244668     3.4720   3.244530      87.54     0.0154     2.6816     2.3580  33.793144  3.4780185   53.01994  -51.03680    34.8546    34.8540     3.3935     3.3926    27.7318    27.7314    6.76274    6.73377         16 0.0000e+00
     114093   4753.832   1089.000     3.4725   3.244570     3.4717   3.244457      55.69     0.0119     2.6814     2.3588  33.793892  3.4786308   53.01994  -51.03680    34.8545    34.8539     3.3931     3.3923    27.7318    27.7314    6.75378    6.73706         15 0.0000e+00
     114110   4754.529   1088.000     3.4722   3.244507     3.4716   3.244403      97.91     0.0120     2.6816     2.3596  33.775169  3.4781277   53.01994  -51.03680    34.8546    34.8539     3.3929     3.3923    27.7319    27.7314    6.74812    6.73549         19 0.0000e+00
     114138   4755.718   1087.000     3.4720   3.244451     3.4714   3.244353      77.23     0.0126     2.6818     2.3603  33.769512  3.4785793   53.01994  -51.03678    34.8546    34.8540     3.3928     3.3922    27.7319    27.7315    6.75492    6.73343         44 0.0000e+00
     114183   4757.588   1086.000     3.4720   3.244405     3.4714   3.244314     101.61     0.0104     2.6823     2.3611  33.768448  3.4782662   53.01996  -51.03678    34.8545    34.8540     3.3929     3.3923    27.7318    27.7315    6.75001    6.73281         30 0.0000e+00
     114204   4758.448   1085.000     3.4722   3.244358     3.4714   3.244257      68.96     0.0125     2.6823     2.3617  33.782963  3.4754632   53.01996  -51.03678    34.8543    34.8539     3.3932     3.3924    27.7316    27.7314    6.75392    6.74025         19 0.0000e+00
     114222   4759.209   1084.000     3.4719   3.244309     3.4711   3.244191      83.21     0.0159     2.6825     2.3623  33.793346  3.4693699   53.01996  -51.03678    34.8545    34.8539     3.3930     3.3922    27.7318    27.7314    6.75471    6.73798         19 0.0000e+00
     114241   4759.979   1083.000     3.4717   3.244240     3.4708   3.244123      98.23     0.0166     2.6830     2.3625  33.792580  3.4693785   53.01996  -51.03678    34.8545    34.8539     3.3928     3.3920    27.7318    27.7314    6.75350    6.73324         19 0.0000e+00
     114260   4760.807   1082.000     3.4715   3.244180     3.4707   3.244066      98.63     0.0125     2.6828     2.3628  33.773853  3.4697816   53.01996  -51.03678    34.8545    34.8540     3.3927     3.3919    27.7318    27.7315    6.74858    6.73095         21 0.0000e+00
     114283   4761.762   1081.000     3.4713   3.244121     3.4705   3.244002      63.45     0.0149     2.6831     2.3626  33.769268  3.4688733   53.01996  -51.03678    34.8544    34.8538     3.3926     3.3918    27.7318    27.7314    6.75539    6.73058         24 0.0000e+00
     114309   4762.817   1080.000     3.4712   3.244068     3.4704   3.243947      99.50     0.0181     2.6836     2.3631  33.758274  3.4768703   53.01996  -51.03678    34.8544    34.8538     3.3926     3.3918    27.7318    27.7314    6.75656    6.73716         25 0.0000e+00
     114332   4763.776   1079.000     3.4711   3.244009     3.4702   3.243875      98.63     0.0171     2.6841     2.3637  33.757160  3.4777300   53.01996  -51.03678    34.8544    34.8537     3.3925     3.3917    27.7317    27.7313    6.76065    6.74153         21 0.0000e+00
     114351   4764.596   1078.000     3.4708   3.243943     3.4698   3.243798      57.16     0.0151     2.6849     2.3645  33.754734  3.4786463   53.01996  -51.03678    34.8544    34.8537     3.3924     3.3913    27.7317    27.7314    6.75807    6.74404         19 0.0000e+00
