data/CTD/2014/CNV/u017a027.cnv
* Sea-Bird SBE 9 Data File:
* FileName = C:\CTD_ACQUISITION\2014017HUD\ctddata\017A027.hdr
* Software Version Seasave V 7.22.2
* Temperature SN = 5081
* Conductivity SN = 3561
* Number of Bytes Per Scan = 37
* Number of Voltage Words = 4
* Number of Scans Averaged by the Deck Unit = 1
* NMEA Latitude = 48 53.74 N
* NMEA Longitude = 045 47.37 W
* NMEA UTC (Time) = Jul 07 2014 00:10:49
* NMEA baud rate = 9600
** Ship: Hudson
** Cruise: HUD2014017
** Chief_Scientist: Blair Greenan
** Organization: BIO
** Area_of_Operation: Sackville Spur
** Station: 027
** Sounding:  2297
** Event_Comments: SS_27, 403160
# nquan = 25
# nvalues = 2373                        
# units = specified
# name 0 = scan: Scan Count
# name 1 = timeS: Time, Elapsed [seconds]
# name 2 = prDM: Pressure, Digiquartz [db]
# name 3 = t068C: Temperature [ITS-68, deg C]
# name 4 = c0S/m: Conductivity [S/m]
# name 5 = t168C: Temperature, 2 [ITS-68, deg C]
# name 6 = c1S/m: Conductivity, 2 [S/m]
# name 7 = altM: Altimeter [m]
# name 8 = flC: Fluorescence, Chelsea Aqua 3 Chl Con [ug/l]
# name 9 = sbeox0V: Oxygen raw, SBE 43 [V]
# name 10 = sbeox1V: Oxygen raw, SBE 43, 2 [V]
# name 11 = upoly0: Upoly 0, Optode 4330F - O2 D-Phase
# name 12 = upoly1: Upoly 1, Optode 4330F - O2 Temp
# name 13 = latitude: Latitude [deg]
# name 14 = longitude: Longitude [deg]
# name 15 = sal00: Salinity, Practical [PSU]
# name 16 = sal11: Salinity, Practical, 2 [PSU]
# name 17 = potemp068C: Potential Temperature [ITS-68, deg C]
# name 18 = potemp168C: Potential Temperature, 2 [ITS-68, deg C]
# name 19 = sigma-é00: Density [sigma-theta, Kg/m^3]
# name 20 = sigma-é11: Density, 2 [sigma-theta, Kg/m^3]
# name 21 = sbeox0ML/L: Oxygen, SBE 43 [ml/l], WS = 2
# name 22 = sbeox1ML/L: Oxygen, SBE 43, 2 [ml/l], WS = 2
# name 23 = nbin: number of scans per bin
# name 24 = flag: flag
# span 0 =      66447,     123183       
# span 1 =   2768.594,   5132.590       
# span 2 =      1.000,   2373.000       
# span 3 =     2.0680,     8.5825       
# span 4 =   3.020642,   3.546088       
# span 5 =     2.0597,     8.5763       
# span 6 =   3.019743,   3.545568       
# span 7 =       2.25,     105.59       
# span 8 =     0.0046,     0.3537       
# span 9 =     2.2221,     3.6447       
# span 10 =     1.9672,     3.2128      
# span 11 =  29.825430,  35.466236      
# span 12 =  2.7264957,  8.5946531      
# span 13 =   48.89864,   48.90100      
# span 14 =  -45.78140,  -45.77382      
# span 15 =    33.6318,    34.9163      
# span 16 =    33.6328,    34.9159      
# span 17 =     2.0655,     8.5822      
# span 18 =     2.0572,     8.5761      
# span 19 =    26.1126,    27.8538      
# span 20 =    26.1138,    27.8535      
# span 21 =    6.28431,    8.58295      
# span 22 =    6.18743,    8.61128      
# span 23 =         11,         76      
# span 24 = 0.0000e+00, 0.0000e+00      
# interval = decibars: 1                
# start_time = Jul 07 2014 00:10:49 [NMEA time, header]
# bad_flag = -9.990e-29
*END*
[from data line 1508]
     100542   4189.215    865.000     3.8051   3.267380     3.8047   3.267291      98.63     0.0167     2.6763     2.3520  34.087963  3.8130875   48.90028  -45.77702    34.8889    34.8883     3.7413     3.7408    27.7246    27.7242    6.48793    6.45187         21 0.0000e+00
     100564   4190.116    864.000     3.8050   3.267338     3.8045   3.267226      98.63     0.0179     2.6769     2.3527  34.087914  3.8116093   48.90028  -45.77702    34.8890    34.8882     3.7413     3.7408    27.7247    27.7241    6.48903    6.45244         23 0.0000e+00
     100596   4191.469    863.000     3.8048   3.267277     3.8044   3.267182      98.63     0.0162     2.6771     2.3536  34.058613  3.8180227   48.90028  -45.77702    34.8890    34.8883     3.7411     3.7408    27.7247    27.7242    6.48844    6.45744         52 0.0000e+00
     100664   4194.283    862.000     3.8047   3.267220     3.8044   3.267134      98.63     0.0155     2.6786     2.3561  34.060272  3.8208022   48.90028  -45.77701    34.8890    34.8883     3.7411     3.7408    27.7247    27.7242    6.49482    6.46818         37 0.0000e+00
     100681   4194.995    861.000     3.8049   3.267181     3.8045   3.267099      98.63     0.0143     2.6788     2.3568  34.055927  3.8122132   48.90028  -45.77700    34.8888    34.8882     3.7414     3.7410    27.7245    27.7241    6.49674    6.46758         17 0.0000e+00
     100696   4195.643    860.000     3.8051   3.267139     3.8046   3.267050      98.63     0.0157     2.6795     2.3573  34.055668  3.8106992   48.90028  -45.77700    34.8886    34.8881     3.7417     3.7412    27.7243    27.7240    6.50009    6.46339         15 0.0000e+00
     100710   4196.215    859.000     3.8053   3.267112     3.8052   3.267047      98.63     0.0161     2.6798     2.3572  34.054081  3.8107448   48.90028  -45.77700    34.8886    34.8879     3.7420     3.7419    27.7243    27.7238    6.50011    6.45525         13 0.0000e+00
     100723   4196.740    858.000     3.8058   3.267096     3.8057   3.267033      98.63     0.0143     2.6806     2.3574  34.050777  3.8107448   48.90028  -45.77700    34.8884    34.8878     3.7426     3.7424    27.7240    27.7236    6.50258    6.45402         13 0.0000e+00
     100735   4197.266    857.000     3.8061   3.267054     3.8056   3.266965      98.63     0.0133     2.6809     2.3568  34.053699  3.8107448   48.90028  -45.77700    34.8881    34.8875     3.7429     3.7424    27.7238    27.7234    6.50015    6.45123         12 0.0000e+00
     100749   4197.822    856.000     3.8060   3.266988     3.8055   3.266883      98.63     0.0144     2.6815     2.3569  34.054436  3.8107448   48.90028  -45.77700    34.8880    34.8872     3.7429     3.7424    27.7237    27.7231    6.49278    6.45407         14 0.0000e+00
     100764   4198.452    855.000     3.8058   3.266922     3.8053   3.266796      98.64     0.0142     2.6812     2.3571  34.057713  3.8107448   48.90028  -45.77700    34.8879    34.8870     3.7428     3.7422    27.7237    27.7230    6.48720    6.45812         17 0.0000e+00
     100783   4199.240    854.000     3.8057   3.266856     3.8047   3.266689      98.63     0.0129     2.6811     2.3576  34.045116  3.8107448   48.90028  -45.77698    34.8877    34.8868     3.7428     3.7417    27.7235    27.7229    6.49316    6.46414         22 0.0000e+00
     100813   4200.482    853.000     3.8054   3.266802     3.8045   3.266640      98.63     0.0162     2.6820     2.3585  34.044704  3.8107448   48.90028  -45.77698    34.8879    34.8870     3.7426     3.7416    27.7237    27.7231    6.49610    6.46151         39 0.0000e+00
     100855   4202.235    852.000     3.8051   3.266746     3.8047   3.266681      98.63     0.0183     2.6831     2.3588  34.043926  3.8104837   48.90028  -45.77700    34.8881    34.8877     3.7424     3.7420    27.7238    27.7236    6.50161    6.45983         39 0.0000e+00
     100885   4203.519    851.000     3.8049   3.266705     3.8046   3.266587      98.63     0.0174     2.6834     2.3595  34.043957  3.8107524   48.90028  -45.77700    34.8883    34.8872     3.7422     3.7441    27.7240    27.7232    6.49583    6.46837         24 0.0000e+00
     100907   4204.409    850.000     3.8049   3.266639     3.8046   3.266516      98.63     0.0193     2.6841     2.3602  34.043957  3.8107448   48.90028  -45.77698    34.8880    34.8869     3.7423     3.7420    27.7238    27.7230    6.49622    6.47050         20 0.0000e+00
     100927   4205.233    849.000     3.8049   3.266563     3.8049   3.266496      98.63     0.0195     2.6837     2.3609  34.044693  3.8107448   48.90028  -45.77698    34.8877    34.8869     3.7423     3.7423    27.7236    27.7229    6.49820    6.47392         20 0.0000e+00
     100948   4206.144    848.000     3.8050   3.266516     3.8053   3.266496      98.44     0.0176     2.6849     2.3619  34.044548  3.8107448   48.90028  -45.77696    34.8875    34.8870     3.7426     3.7428    27.7234    27.7229    6.50575    6.47370         25 0.0000e+00
     100977   4207.315    847.000     3.8054   3.266502     3.8051   3.266436      98.64     0.0204     2.6855     2.3627  34.043957  3.8107448   48.90028  -45.77696    34.8875    34.8870     3.7430     3.7428    27.7233    27.7229    6.50251    6.47609         30 0.0000e+00
     101005   4208.494    846.000     3.8053   3.266441     3.8048   3.266348      98.63     0.0201     2.6864     2.3634  34.043957  3.8115504   48.90028  -45.77696    34.8874    34.8868     3.7430     3.7425    27.7233    27.7228    6.50838    6.47168         25 0.0000e+00
     101025   4209.344    845.000     3.8052   3.266393     3.8047   3.266298      98.63     0.0153     2.6872     2.3636  34.043957  3.8136427   48.90028  -45.77696    34.8874    34.8868     3.7430     3.7425    27.7232    27.7228    6.50895    6.47051         17 0.0000e+00
     101041   4210.007    844.000     3.8049   3.266312     3.8043   3.266205      98.63     0.0095     2.6876     2.3637  34.043957  3.8120308   48.90028  -45.77696    34.8872    34.8867     3.7428     3.7422    27.7231    27.7227    6.50346    6.46950         15 0.0000e+00
     101055   4210.584    843.000     3.8045   3.266225     3.8038   3.266105      98.63     0.0107     2.6877     2.3638  34.040569  3.8114953   48.90028  -45.77696    34.8872    34.8865     3.7425     3.7418    27.7231    27.7227    6.49804    6.47175         13 0.0000e+00
     101068   4211.138    842.000     3.8039   3.266122     3.8027   3.265928      98.63     0.0138     2.6874     2.3641  34.030499  3.8190069   48.90028  -45.77696    34.8871    34.8861     3.7420     3.7407    27.7231    27.7224    6.50138    6.47749         14 0.0000e+00
     101082   4211.716    841.000     3.8032   3.266008     3.8008   3.265677      98.63     0.0173     2.6880     2.3648  34.030350  3.8177526   48.90028  -45.77695    34.8870    34.8857     3.7413     3.7389    27.7231    27.7223    6.50713    6.48275         14 0.0000e+00
     101101   4212.519    840.000     3.8015   3.265785     3.7983   3.265371      98.63     0.0168     2.6884     2.3657  34.029408  3.8155174   48.90028  -45.77694    34.8867    34.8852     3.7397     3.7365    27.7230    27.7221    6.50669    6.48638         28 0.0000e+00
     101175   4215.574    839.000     3.8015   3.265725     3.8013   3.265683      98.63     0.0191     2.6911     2.3681  34.042339  3.8085880   48.90028  -45.77694    34.8865    34.8862     3.7398     3.7396    27.7228    27.7226    6.51459    6.48374         35 0.0000e+00
     101190   4216.213    838.000     3.8023   3.265749     3.8025   3.265749      98.63     0.0180     2.6908     2.3683  34.042011  3.8094404   48.90028  -45.77692    34.8864    34.8863     3.7407     3.7409    27.7227    27.7225    6.51180    6.48792         15 0.0000e+00
     101205   4216.827    837.000     3.8015   3.265617     3.8005   3.265475      98.63     0.0148     2.6920     2.3687  34.035431  3.8036327   48.90028  -45.77692    34.8863    34.8857     3.7399     3.7389    27.7227    27.7223    6.51878    6.48628         14 0.0000e+00
     101219   4217.398    836.000     3.7987   3.265282     3.7975   3.265088      98.63     0.0123     2.6915     2.3690  34.029278  3.8009641   48.90028  -45.77692    34.8858    34.8848     3.7372     3.7360    27.7225    27.7219    6.50980    6.47967         14 0.0000e+00
     101233   4218.000    835.000     3.7968   3.265038     3.7968   3.264961      98.63     0.0124     2.6925     2.3688  34.029305  3.8009768   48.90028  -45.77691    34.8854    34.8845     3.7355     3.7354    27.7224    27.7217    6.51250    6.47168         15 0.0000e+00
     101250   4218.726    834.000     3.7965   3.264945     3.7975   3.264981      98.63     0.0142     2.6923     2.3681  34.029305  3.8059270   48.90028  -45.77690    34.8852    34.8845     3.7352     3.7362    27.7223    27.7216    6.50678    6.46573         21 0.0000e+00
     101281   4219.997    833.000     3.7971   3.264958     3.7990   3.265082      98.63     0.0208     2.6923     2.3672  34.027924  3.8092024   48.90028  -45.77690    34.8851    34.8846     3.7359     3.7378    27.7222    27.7216    6.50286    6.46361         41 0.0000e+00
     101317   4221.520    832.000     3.7986   3.265097     3.7972   3.264886      46.77     0.0203     2.6915     2.3665  34.018612  3.8021262   48.90028  -45.77688    34.8858    34.8848     3.7375     3.7360    27.7225    27.7219    6.50094    6.46701         27 0.0000e+00
     101341   4222.512    831.000     3.7993   3.265100     3.8043   3.265573     100.24     0.0177     2.6921     2.3664  34.008327  3.8013885   48.90028  -45.77688    34.8855    34.8858     3.7383     3.7456    27.7222    27.7219    6.50573    6.46990         22 0.0000e+00
     101362   4223.382    830.000     3.8051   3.265588     3.8194   3.267004      98.63     0.0153     2.6920     2.3670  33.996410  3.8009732   48.90028  -45.77688    34.8858    34.8874     3.7441     3.7583    27.7219    27.7217    6.50585    6.47768         21 0.0000e+00
     101382   4224.205    829.000     3.8182   3.266839     3.8259   3.267611      96.00     0.0160     2.6926     2.3679  33.997681  3.8009768   48.90028  -45.77688    34.8874    34.8882     3.7572     3.7648    27.7218    27.7217    6.50734    6.47397         19 0.0000e+00
     101402   4225.042    828.000     3.8243   3.267447     3.8275   3.267725      96.48     0.0167     2.6930     2.3679  33.988132  3.8093555   48.90028  -45.77688    34.8885    34.8884     3.7633     3.7665    27.7220    27.7217    6.50019    6.46788         21 0.0000e+00
     101423   4225.922    827.000     3.8268   3.267628     3.8272   3.267646      98.60     0.0127     2.6932     2.3682  33.987358  3.8107212   48.90028  -45.77687    34.8887    34.8883     3.7659     3.7663    27.7219    27.7216    6.50492    6.46588         22 0.0000e+00
     101445   4226.831    826.000     3.8271   3.267638     3.8264   3.267513      98.64     0.0102     2.6935     2.3681  33.989529  3.8167760   48.90028  -45.77686    34.8889    34.8881     3.7663     3.7655    27.7220    27.7215    6.49944    6.46366         21 0.0000e+00
     101467   4227.733    825.000     3.8271   3.267581     3.8255   3.267362      98.63     0.0109     2.6935     2.3682  33.991348  3.8205299   48.90028  -45.77686    34.8887    34.8878     3.7663     3.7647    27.7219    27.7214    6.49570    6.46266         22 0.0000e+00
     101488   4228.623    824.000     3.8260   3.267430     3.8241   3.267186      98.63     0.0111     2.6936     2.3682  33.989540  3.8223681   48.90028  -45.77686    34.8886    34.8877     3.7653     3.7635    27.7219    27.7214    6.49964    6.46473         21 0.0000e+00
     101509   4229.497    823.000     3.8247   3.267254     3.8231   3.267035      98.63     0.0098     2.6939     2.3685  33.986752  3.8270090   48.90028  -45.77686    34.8884    34.8875     3.7641     3.7626    27.7219    27.7213    6.50049    6.46385         21 0.0000e+00
     101530   4230.389    822.000     3.8239   3.267123     3.8230   3.266968      98.63     0.0116     2.6940     2.3684  33.986019  3.8245294   48.90028  -45.77684    34.8882    34.8874     3.7634     3.7625    27.7218    27.7212    6.49836    6.46399         22 0.0000e+00
     101553   4231.330    821.000     3.8236   3.267032     3.8229   3.266917      98.63     0.0128     2.6940     2.3687  33.989792  3.8302588   48.90028  -45.77684    34.8880    34.8873     3.7631     3.7625    27.7217    27.7212    6.50173    6.46168         23 0.0000e+00
     101576   4232.293    820.000     3.8235   3.266975     3.8232   3.266900      68.59     0.0172     2.6952     2.3686  33.988533  3.8302808   48.90028  -45.77684    34.8880    34.8873     3.7631     3.7629    27.7216    27.7212    6.50839    6.46271         23 0.0000e+00
     101598   4233.199    819.000     3.8233   3.266921     3.8232   3.266845      98.41     0.0177     2.6955     2.3687  33.985382  3.8302808   48.90028  -45.77682    34.8880    34.8872     3.7631     3.7629    27.7217    27.7211    6.49854    6.46388         21 0.0000e+00
     101619   4234.090    818.000     3.8234   3.266872     3.8239   3.266880      98.63     0.0197     2.6950     2.3692  33.985348  3.8302808   48.90028  -45.77680    34.8879    34.8874     3.7632     3.7637    27.7216    27.7211    6.49595    6.46863         22 0.0000e+00
     101643   4235.088    817.000     3.8236   3.266864     3.8272   3.267167      98.63     0.0205     2.6953     2.3699  33.989532  3.8302808   48.90028  -45.77680    34.8880    34.8878     3.7635     3.7671    27.7216    27.7211    6.49929    6.46919         27 0.0000e+00
     101674   4236.365    816.000     3.8268   3.267101     3.8315   3.267538      98.63     0.0175     2.6961     2.3698  33.988544  3.8302808   48.90028  -45.77679    34.8880    34.8882     3.7668     3.7744    27.7213    27.7210    6.50360    6.46096         32 0.0000e+00
     101702   4237.560    815.000     3.8300   3.267345     3.8353   3.267870      98.63     0.0140     2.6963     2.3704  33.985851  3.8302808   48.90028  -45.77678    34.8880    34.8887     3.7700     3.7751    27.7210    27.7210    6.49818    6.46780         23 0.0000e+00
     101722   4238.379    814.000     3.8352   3.267820     3.8372   3.268034      98.63     0.0164     2.6965     2.3704  33.985329  3.8302808   48.90028  -45.77678    34.8887    34.8891     3.7753     3.7773    27.7210    27.7211    6.50033    6.45705         18 0.0000e+00
     101739   4239.064    813.000     3.8358   3.267875     3.8363   3.267874      98.63     0.0186     2.6968     2.3702  33.993607  3.8357854   48.90028  -45.77678    34.8892    34.8887     3.7759     3.7764    27.7213    27.7209    6.49724    6.45856         16 0.0000e+00
     101753   4239.681    812.000     3.8357   3.267810     3.8358   3.267779      72.06     0.0192     2.6967     2.3703  33.992683  3.8358617   48.90028  -45.77678    34.8891    34.8886     3.7759     3.7760    27.7212    27.7209    6.49626    6.46189         14 0.0000e+00
     101768   4240.308    811.000     3.8359   3.267787     3.8362   3.267770      35.60     0.0187     2.6971     2.3705  33.993584  3.8369873   48.90028  -45.77678    34.8891    34.8885     3.7762     3.7765    27.7212    27.7207    6.49631    6.45999         16 0.0000e+00
     101787   4241.064    810.000     3.8363   3.267792     3.8372   3.267827      95.40     0.0155     2.6970     2.3706  33.985767  3.8394718   48.90028  -45.77676    34.8892    34.8887     3.7767     3.7776    27.7213    27.7208    6.49983    6.45662         22 0.0000e+00
     101834   4243.026    809.000     3.8362   3.267737     3.8364   3.267706      96.90     0.0176     2.6982     2.3707  33.985348  3.8400755   48.90028  -45.77674    34.8892    34.8887     3.7766     3.7768    27.7213    27.7208    6.50075    6.46221         65 0.0000e+00
