data/CTD/2014/CNV/u017a044.cnv
* Sea-Bird SBE 9 Data File:
* FileName = C:\CTD_ACQUISITION\2014017HUD\ctddata\017A044.hdr
* Software Version Seasave V 7.22.2
* Temperature SN = 5081
* Conductivity SN = 3561
* Number of Bytes Per Scan = 37
* Number of Voltage Words = 4
* Number of Scans Averaged by the Deck Unit = 1
* NMEA Latitude = 48 02.26 N
* NMEA Longitude = 046 14.07 W
* NMEA UTC (Time) = Jul 10 2014 19:45:27
* NMEA baud rate = 9600
** Ship: Hudson
** Cruise: HUD2014017
** Chief_Scientist: Blair Greenan
** Organization: BIO
** Area_of_Operation: Sackville Spur
** Station: 044
** Sounding:  1144
** Event_Comments: SS-16 403256
# nquan = 25
# nvalues = 1168                        
# units = specified
# name 0 = scan: Scan Count
# name 1 = timeS: Time, Elapsed [seconds]
# name 2 = prDM: Pressure, Digiquartz [db]
# name 3 = t068C: Temperature [ITS-68, deg C]
# name 4 = c0S/m: Conductivity [S/m]
# name 5 = t168C: Temperature, 2 [ITS-68, deg C]
# name 6 = c1S/m: Conductivity, 2 [S/m]
# name 7 = altM: Altimeter [m]
# name 8 = flC: Fluorescence, Chelsea Aqua 3 Chl Con [ug/l]
# name 9 = sbeox0V: Oxygen raw, SBE 43 [V]
# name 10 = sbeox1V: Oxygen raw, SBE 43, 2 [V]
# name 11 = upoly0: Upoly 0, Optode 4330F - O2 D-Phase
# name 12 = upoly1: Upoly 1, Optode 4330F - O2 Temp
# name 13 = latitude: Latitude [deg]
# name 14 = longitude: Longitude [deg]
# name 15 = sal00: Salinity, Practical [PSU]
# name 16 = sal11: Salinity, Practical, 2 [PSU]
# name 17 = potemp068C: Potential Temperature [ITS-68, deg C]
# name 18 = potemp168C: Potential Temperature, 2 [ITS-68, deg C]
# name 19 = sigma-é00: Density [sigma-theta, Kg/m^3]
# name 20 = sigma-é11: Density, 2 [sigma-theta, Kg/m^3]
# name 21 = sbeox0ML/L: Oxygen, SBE 43 [ml/l], WS = 2
# name 22 = sbeox1ML/L: Oxygen, SBE 43, 2 [ml/l], WS = 2
# name 23 = nbin: number of scans per bin
# name 24 = flag: flag
# span 0 =      38831,      70859       
# span 1 =   1617.912,   2952.414       
# span 2 =      1.000,   1168.000       
# span 3 =     1.7087,     8.4248       
# span 4 =   2.987187,   3.514744       
# span 5 =     1.6979,     8.4250       
# span 6 =   2.986047,   3.516919       
# span 7 =       3.59,     102.45       
# span 8 =     0.0080,     0.4386       
# span 9 =     2.5297,     3.5449       
# span 10 =     2.2314,     3.1117      
# span 11 =  30.029680,  34.576759      
# span 12 =  1.9017378,  8.4302807      
# span 13 =   48.03872,   48.03980      
# span 14 =  -46.23536,  -46.23336      
# span 15 =    33.0376,    34.9078      
# span 16 =    33.0374,    34.9073      
# span 17 =     1.7061,     8.4247      
# span 18 =     1.6953,     8.4249      
# span 19 =    25.6703,    27.7520      
# span 20 =    25.6701,    27.7516      
# span 21 =    6.30141,    8.01103      
# span 22 =    6.08641,    8.07450      
# span 23 =         14,         92      
# span 24 = 0.0000e+00, 0.0000e+00      
# interval = decibars: 1                
# start_time = Jul 10 2014 19:45:27 [NMEA time, header]
# bad_flag = -9.990e-29
*END*
[from data line 116]
      41975   1748.932   1052.000     3.7295   3.269689     3.7289   3.269597      98.63     0.0178     2.5842     2.2762  34.391048  3.7326007   48.03958  -46.23362    34.9002    34.8997     3.6510     3.6504    27.7427    27.7424    6.37948    6.36284         28 0.0000e+00
      41997   1749.824   1051.000     3.7295   3.269634     3.7287   3.269525      98.63     0.0209     2.5852     2.2779  34.391205  3.7326007   48.03958  -46.23362    34.9001    34.8996     3.6511     3.6503    27.7426    27.7423    6.38677    6.36695         20 0.0000e+00
      42015   1750.593   1050.000     3.7285   3.269488     3.7277   3.269349      98.63     0.0162     2.5854     2.2787  34.392330  3.7326007   48.03958  -46.23362    34.8998    34.8991     3.6502     3.6494    27.7425    27.7420    6.38063    6.36408         18 0.0000e+00
      42033   1751.345   1049.000     3.7269   3.269267     3.7257   3.269083      76.54     0.0140     2.5858     2.2796  34.395565  3.7326007   48.03958  -46.23362    34.8995    34.8985     3.6486     3.6475    27.7424    27.7417    6.38850    6.36402         18 0.0000e+00
      42053   1752.177   1048.000     3.7260   3.269125     3.7245   3.268887      90.07     0.0147     2.5870     2.2802  34.394947  3.7326007   48.03958  -46.23362    34.8992    34.8980     3.6479     3.6464    27.7422    27.7414    6.39489    6.36550         22 0.0000e+00
      42078   1753.195   1047.000     3.7252   3.268956     3.7239   3.268753      98.53     0.0151     2.5879     2.2812  34.390774  3.7326007   48.03958  -46.23362    34.8986    34.8975     3.6471     3.6459    27.7419    27.7411    6.39378    6.36411         27 0.0000e+00
      42106   1754.388   1046.000     3.7247   3.268849     3.7232   3.268612      98.63     0.0221     2.5892     2.2815  34.382378  3.7326007   48.03958  -46.23362    34.8983    34.8972     3.6467     3.6452    27.7417    27.7409    6.39616    6.36452         29 0.0000e+00
      42132   1755.465   1045.000     3.7228   3.268602     3.7202   3.268221      98.63     0.0192     2.5901     2.2826  34.372612  3.7326007   48.03958  -46.23362    34.8978    34.8962     3.6450     3.6423    27.7414    27.7404    6.39748    6.37001         23 0.0000e+00
      42154   1756.381   1044.000     3.7224   3.268498     3.7193   3.268068      98.37     0.0173     2.5908     2.2830  34.374687  3.7326007   48.03958  -46.23362    34.8977    34.8958     3.6446     3.6415    27.7414    27.7402    6.39529    6.37084         21 0.0000e+00
      42175   1757.261   1043.000     3.7205   3.268198     3.7193   3.268014      98.64     0.0164     2.5915     2.2838  34.356506  3.7326007   48.03958  -46.23362    34.8966    34.8956     3.6428     3.6417    27.7407    27.7400    6.40483    6.37412         22 0.0000e+00
      42198   1758.197   1042.000     3.7206   3.268141     3.7202   3.268082      98.63     0.0166     2.5927     2.2845  34.353592  3.7326007   48.03958  -46.23362    34.8964    34.8960     3.6429     3.6426    27.7405    27.7402    6.41215    6.37844         23 0.0000e+00
      42222   1759.188   1041.000     3.7222   3.268249     3.7235   3.268336      98.63     0.0174     2.5941     2.2859  34.339439  3.7297518   48.03958  -46.23362    34.8965    34.8961     3.6446     3.6484    27.7404    27.7400    6.40545    6.38833         24 0.0000e+00
      42245   1760.150   1040.000     3.7238   3.268350     3.7236   3.268260      98.63     0.0151     2.5944     2.2871  34.338326  3.7303832   48.03958  -46.23362    34.8964    34.8956     3.6463     3.6461    27.7402    27.7396    6.40994    6.38149         22 0.0000e+00
      42266   1761.060   1039.000     3.7226   3.268167     3.7202   3.267848      98.63     0.0141     2.5959     2.2873  34.337666  3.7321527   48.03958  -46.23362    34.8961    34.8948     3.6452     3.6429    27.7401    27.7392    6.41530    6.38199         22 0.0000e+00
      42289   1762.016   1038.000     3.7205   3.267885     3.7177   3.267512      98.56     0.0128     2.5969     2.2883  34.337017  3.7325890   48.03958  -46.23362    34.8954    34.8940     3.6433     3.6404    27.7397    27.7389    6.41329    6.38459         25 0.0000e+00
      42317   1763.165   1037.000     3.7179   3.267540     3.7161   3.267304      98.61     0.0123     2.5977     2.2888  34.339870  3.7290888   48.03958  -46.23362    34.8946    34.8937     3.6407     3.6390    27.7393    27.7387    6.41711    6.38427         30 0.0000e+00
      42346   1764.375   1036.000     3.7170   3.267399     3.7150   3.267118      98.63     0.0151     2.5993     2.2897  34.337498  3.7311120   48.03958  -46.23364    34.8944    34.8932     3.6399     3.6379    27.7392    27.7385    6.41912    6.39369         25 0.0000e+00
      42368   1765.280   1035.000     3.7156   3.267182     3.7141   3.266964      98.63     0.0125     2.5996     2.2908  34.336990  3.7306430   48.03958  -46.23364    34.8938    34.8928     3.6386     3.6371    27.7389    27.7383    6.41980    6.39299         20 0.0000e+00
      42386   1766.056   1034.000     3.7138   3.266901     3.7131   3.266805      98.63     0.0115     2.6004     2.2910  34.336998  3.7309699   48.03958  -46.23364    34.8929    34.8925     3.6369     3.6362    27.7384    27.7381    6.42419    6.39145         18 0.0000e+00
      42406   1766.874   1033.000     3.7133   3.266799     3.7126   3.266694      98.63     0.0128     2.6013     2.2918  34.336998  3.7252071   48.03958  -46.23364    34.8928    34.8923     3.6365     3.6358    27.7383    27.7379    6.43278    6.39780         22 0.0000e+00
      42431   1767.909   1032.000     3.7132   3.266737     3.7125   3.266617      98.48     0.0152     2.6033     2.2925  34.336491  3.7228935   48.03958  -46.23364    34.8927    34.8919     3.6364     3.6358    27.7382    27.7377    6.43319    6.38875         28 0.0000e+00
      42459   1769.085   1031.000     3.7133   3.266703     3.7126   3.266567      98.25     0.0173     2.6039     2.2923  34.323215  3.7228327   48.03958  -46.23364    34.8927    34.8918     3.6366     3.6360    27.7382    27.7375    6.42780    6.38595         26 0.0000e+00
      42482   1770.044   1030.000     3.7135   3.266670     3.7129   3.266560      98.63     0.0187     2.6049     2.2926  34.322342  3.7228327   48.03958  -46.23364    34.8926    34.8918     3.6369     3.6363    27.7381    27.7375    6.43129    6.38836         21 0.0000e+00
      42502   1770.888   1029.000     3.7139   3.266657     3.7131   3.266529      98.56     0.0213     2.6052     2.2926  34.302750  3.7228327   48.03958  -46.23364    34.8924    34.8918     3.6375     3.6366    27.7379    27.7375    6.41617    6.38421         20 0.0000e+00
      42524   1771.807   1028.000     3.7147   3.266684     3.7139   3.266572      48.84     0.0204     2.6046     2.2925  34.299576  3.7228327   48.03958  -46.23364    34.8924    34.8920     3.6383     3.6375    27.7378    27.7375    6.40849    6.37725         25 0.0000e+00
      42552   1772.964   1027.000     3.7159   3.266760     3.7167   3.266820      98.77     0.0190     2.6035     2.2916  34.279293  3.7228327   48.03958  -46.23364    34.8926    34.8925     3.6395     3.6425    27.7378    27.7376    6.40218    6.37245         29 0.0000e+00
      42579   1774.082   1026.000     3.7215   3.267262     3.7221   3.267326      98.43     0.0203     2.6024     2.2914  34.280334  3.7228327   48.03958  -46.23364    34.8932    34.8933     3.6452     3.6457    27.7377    27.7378    6.40471    6.37625         23 0.0000e+00
      42600   1774.948   1025.000     3.7306   3.268069     3.7289   3.267966      97.59     0.0198     2.6027     2.2915  34.306545  3.7228327   48.03958  -46.23364    34.8936    34.8942     3.6543     3.6526    27.7371    27.7377    6.40691    6.37564         20 0.0000e+00
      42619   1775.737   1024.000     3.7410   3.269122     3.7353   3.268562      98.25     0.0198     2.6026     2.2914  34.315258  3.7228327   48.03958  -46.23364    34.8957    34.8950     3.6647     3.6591    27.7377    27.7377    6.40272    6.37135         19 0.0000e+00
      42638   1776.536   1023.000     3.7443   3.269425     3.7408   3.269092      98.41     0.0167     2.6023     2.2914  34.304691  3.7258935   48.03958  -46.23364    34.8963    34.8960     3.6680     3.6645    27.7379    27.7380    6.39992    6.37363         19 0.0000e+00
      42658   1777.387   1022.000     3.7453   3.269497     3.7440   3.269355      98.31     0.0154     2.6026     2.2919  34.279980  3.7325315   48.03958  -46.23364    34.8966    34.8962     3.6691     3.6679    27.7380    27.7378    6.40786    6.37477         22 0.0000e+00
      42681   1778.353   1021.000     3.7456   3.269502     3.7451   3.269398      98.32     0.0133     2.6030     2.2918  34.279564  3.7341285   48.03959  -46.23366    34.8967    34.8961     3.6695     3.6690    27.7381    27.7377    6.40416    6.36480         25 0.0000e+00
      42709   1779.485   1020.000     3.7456   3.269439     3.7451   3.269354      98.24     0.0142     2.6030     2.2914  34.278404  3.7419269   48.03960  -46.23366    34.8966    34.8960     3.6696     3.6712    27.7380    27.7376    6.40147    6.36502         29 0.0000e+00
      42740   1780.772   1019.000     3.7455   3.269389     3.7453   3.269315      97.77     0.0172     2.6031     2.2912  34.278389  3.7430160   48.03960  -46.23366    34.8966    34.8959     3.6696     3.6694    27.7380    27.7374    6.40092    6.36251         31 0.0000e+00
      42768   1781.974   1018.000     3.7465   3.269422     3.7462   3.269355      98.08     0.0193     2.6030     2.2909  34.278389  3.7438984   48.03960  -46.23366    34.8964    34.8959     3.6706     3.6704    27.7377    27.7373    6.39874    6.36352         26 0.0000e+00
      42792   1782.953   1017.000     3.7499   3.269696     3.7476   3.269442      98.17     0.0178     2.6029     2.2912  34.278389  3.7486558   48.03960  -46.23366    34.8965    34.8960     3.6742     3.6718    27.7375    27.7373    6.39861    6.36660         22 0.0000e+00
      42812   1783.783   1016.000     3.7520   3.269851     3.7491   3.269552      98.48     0.0160     2.6031     2.2912  34.279213  3.7477841   48.03960  -46.23366    34.8967    34.8963     3.6763     3.6734    27.7374    27.7374    6.40159    6.36545         18 0.0000e+00
      42830   1784.531   1015.000     3.7527   3.269871     3.7506   3.269664      98.63     0.0155     2.6033     2.2916  34.278378  3.7499952   48.03960  -46.23366    34.8967    34.8965     3.6770     3.6750    27.7373    27.7374    6.40028    6.37105         18 0.0000e+00
      42847   1785.261   1014.000     3.7529   3.269836     3.7516   3.269703      97.90     0.0165     2.6038     2.2922  34.278389  3.7510366   48.03960  -46.23366    34.8967    34.8964     3.6773     3.6761    27.7373    27.7371    6.40634    6.37020         18 0.0000e+00
      42866   1786.024   1013.000     3.7528   3.269785     3.7518   3.269666      97.99     0.0150     2.6042     2.2923  34.278389  3.7511072   48.03960  -46.23366    34.8967    34.8963     3.6773     3.6763    27.7373    27.7371    6.40349    6.36385         19 0.0000e+00
      42887   1786.936   1012.000     3.7527   3.269734     3.7520   3.269633      97.95     0.0181     2.6041     2.2923  34.277851  3.7520897   48.03960  -46.23366    34.8967    34.8961     3.6773     3.6766    27.7373    27.7369    6.40226    6.36468         26 0.0000e+00
      42921   1788.351   1011.000     3.7526   3.269678     3.7522   3.269592      82.02     0.0198     2.6056     2.2926  34.275921  3.7521367   48.03960  -46.23366    34.8966    34.8960     3.6772     3.6769    27.7372    27.7368    6.40969    6.36595         41 0.0000e+00
      42957   1789.837   1010.000     3.7526   3.269619     3.7521   3.269528      99.05     0.0184     2.6064     2.2929  34.270836  3.7521367   48.03960  -46.23366    34.8964    34.8959     3.6773     3.6768    27.7371    27.7367    6.41366    6.36316         26 0.0000e+00
      42979   1790.738   1009.000     3.7527   3.269562     3.7519   3.269457      98.29     0.0191     2.6074     2.2927  34.273846  3.7547879   48.03960  -46.23366    34.8961    34.8957     3.6776     3.6768    27.7368    27.7366    6.41438    6.36047         19 0.0000e+00
      42996   1791.446   1008.000     3.7534   3.269556     3.7522   3.269436      98.64     0.0159     2.6077     2.2928  34.278442  3.7564301   48.03960  -46.23366    34.8959    34.8957     3.6783     3.6771    27.7365    27.7365    6.41306    6.36910         16 0.0000e+00
      43011   1792.086   1007.000     3.7536   3.269533     3.7527   3.269409      98.63     0.0136     2.6081     2.2935  34.278389  3.7580042   48.03960  -46.23366    34.8958    34.8953     3.6786     3.6777    27.7365    27.7362    6.41365    6.37412         15 0.0000e+00
      43026   1792.721   1006.000     3.7538   3.269500     3.7530   3.269392      97.58     0.0119     2.6088     2.2939  34.277485  3.7546208   48.03960  -46.23366    34.8958    34.8953     3.6789     3.6781    27.7364    27.7361    6.41084    6.37487         16 0.0000e+00
      43043   1793.411   1005.000     3.7538   3.269451     3.7531   3.269344      93.39     0.0131     2.6085     2.2946  34.278355  3.7522295   48.03960  -46.23366    34.8957    34.8952     3.6790     3.6782    27.7363    27.7360    6.40963    6.37447         18 0.0000e+00
      43066   1794.394   1004.000     3.7536   3.269394     3.7531   3.269293      97.10     0.0208     2.6092     2.2951  34.277191  3.7521367   48.03960  -46.23366    34.8957    34.8950     3.6789     3.6784    27.7363    27.7359    6.40892    6.37548         33 0.0000e+00
      43117   1796.506   1003.000     3.7533   3.269328     3.7530   3.269233      97.59     0.0167     2.6097     2.2970  34.273003  3.7521367   48.03960  -46.23366    34.8958    34.8950     3.6787     3.6783    27.7364    27.7358    6.41337    6.38196         49 0.0000e+00
      43146   1797.726   1002.000     3.7536   3.269278     3.7530   3.269175      97.32     0.0141     2.6107     2.2975  34.267689  3.7521367   48.03960  -46.23366    34.8954    34.8948     3.6790     3.6784    27.7361    27.7356    6.41892    6.37610         21 0.0000e+00
      43165   1798.483   1001.000     3.7541   3.269264     3.7534   3.269160      94.68     0.0144     2.6113     2.2976  34.271080  3.7532275   48.03960  -46.23366    34.8951    34.8948     3.6796     3.6789    27.7358    27.7356    6.41649    6.37538         18 0.0000e+00
      43181   1799.174   1000.000     3.7551   3.269293     3.7545   3.269192      98.56     0.0125     2.6116     2.2978  34.276451  3.7521574   48.03960  -46.23366    34.8950    34.8944     3.6807     3.6801    27.7356    27.7352    6.41701    6.37873         16 0.0000e+00
      43198   1799.872    999.000     3.7558   3.269307     3.7551   3.269202      98.63     0.0134     2.6120     2.2984  34.278381  3.7527089   48.03960  -46.23366    34.8950    34.8944     3.6814     3.6807    27.7355    27.7351    6.41430    6.38153         17 0.0000e+00
      43217   1800.666    998.000     3.7559   3.269275     3.7553   3.269174      87.50     0.0128     2.6120     2.2987  34.270725  3.7535310   48.03960  -46.23367    34.8950    34.8944     3.6816     3.6810    27.7355    27.7351    6.41446    6.37949         21 0.0000e+00
      43240   1801.616    997.000     3.7559   3.269228     3.7553   3.269122      79.93     0.0123     2.6129     2.2992  34.263798  3.7540853   48.03960  -46.23368    34.8950    34.8943     3.6817     3.6811    27.7355    27.7350    6.41900    6.38061         25 0.0000e+00
      43265   1802.679    996.000     3.7558   3.269172     3.7551   3.269052      98.86     0.0192     2.6133     2.2995  34.261955  3.7580452   48.03960  -46.23368    34.8949    34.8942     3.6817     3.6810    27.7354    27.7349    6.41915    6.37761         25 0.0000e+00
