data/CTD/2014/CNV/u017a052.cnv
* Sea-Bird SBE 9 Data File:
* FileName = C:\CTD_ACQUISITION\2014017HUD\ctddata\017A052.hdr
* Software Version Seasave V 7.22.2
* Temperature SN = 5081
* Conductivity SN = 3561
* Number of Bytes Per Scan = 37
* Number of Voltage Words = 4
* Number of Scans Averaged by the Deck Unit = 1
* NMEA Latitude = 43 42.60 N
* NMEA Longitude = 059 07.70 W
* NMEA UTC (Time) = Jul 13 2014 07:26:46
* NMEA baud rate = 9600
** Ship: Hudson
** Cruise: HUD2014017
** Chief_Scientist: Blair Greenan
** Organization: BIO
** Area_of_Operation: Sackville Spur
** Station: 052
** Sounding:  245
** Event_Comments: LC1, 0
** Microcat calibration. No bottles.
# nquan = 25
# nvalues = 231                         
# units = specified
# name 0 = scan: Scan Count
# name 1 = timeS: Time, Elapsed [seconds]
# name 2 = prDM: Pressure, Digiquartz [db]
# name 3 = t068C: Temperature [ITS-68, deg C]
# name 4 = c0S/m: Conductivity [S/m]
# name 5 = t168C: Temperature, 2 [ITS-68, deg C]
# name 6 = c1S/m: Conductivity, 2 [S/m]
# name 7 = altM: Altimeter [m]
# name 8 = flC: Fluorescence, Chelsea Aqua 3 Chl Con [ug/l]
# name 9 = sbeox0V: Oxygen raw, SBE 43 [V]
# name 10 = sbeox1V: Oxygen raw, SBE 43, 2 [V]
# name 11 = upoly0: Upoly 0, Optode 4330F - O2 D-Phase
# name 12 = upoly1: Upoly 1, Optode 4330F - O2 Temp
# name 13 = latitude: Latitude [deg]
# name 14 = longitude: Longitude [deg]
# name 15 = sal00: Salinity, Practical [PSU]
# name 16 = sal11: Salinity, Practical, 2 [PSU]
# name 17 = potemp068C: Potential Temperature [ITS-68, deg C]
# name 18 = potemp168C: Potential Temperature, 2 [ITS-68, deg C]
# name 19 = sigma-é00: Density [sigma-theta, Kg/m^3]
# name 20 = sigma-é11: Density, 2 [sigma-theta, Kg/m^3]
# name 21 = sbeox0ML/L: Oxygen, SBE 43 [ml/l], WS = 2
# name 22 = sbeox1ML/L: Oxygen, SBE 43, 2 [ml/l], WS = 2
# name 23 = nbin: number of scans per bin
# name 24 = flag: flag
# span 0 =      19887,     138225       
# span 1 =    828.579,   5759.327       
# span 2 =      1.000,    231.000       
# span 3 =     3.5344,    13.4075       
# span 4 =   3.041895,   4.107758       
# span 5 =     3.5327,    13.4732       
# span 6 =   3.041426,   4.107820       
# span 7 =      19.46,     101.03       
# span 8 =     0.0104,     0.1615       
# span 9 =     2.1586,     3.4790       
# span 10 =     1.8647,     3.0548      
# span 11 =  29.278467,  37.642605      
# span 12 =  3.5755672,  11.680053      
# span 13 =   43.70345,   43.70926      
# span 14 =  -59.13642,  -59.12973      
# span 15 =    31.8768,    35.4365      
# span 16 =    31.8986,    35.4520      
# span 17 =     3.5322,    13.4074      
# span 18 =     3.5305,    13.4731      
# span 19 =    23.8948,    27.1459      
# span 20 =    23.8987,    27.1449      
# span 21 =    4.01529,    7.90401      
# span 22 =    3.81976,    7.94717      
# span 23 =         15,        109      
# span 24 = 0.0000e+00, 0.0000e+00      
# interval = decibars: 1                
# start_time = Jul 13 2014 07:26:46 [NMEA time, header]
# bad_flag = -9.990e-29
*END*
[from data line 58]
      78983   3290.900    173.000    10.2812   3.849772    10.2842   3.849962      98.61     0.0187     2.3946     2.0765  36.255756  10.032071   43.70560  -59.13462    35.0667    35.0657    10.2608    10.2638    26.9594    26.9581    4.46652    4.29482         19 0.0000e+00
      79005   3291.834    172.000    10.2871   3.850338    10.3019   3.852540      84.15     0.0190     2.3991     2.0826  36.186230  9.9587383   43.70560  -59.13462    35.0672    35.0753    10.2668    10.2815    26.9588    26.9626    4.47877    4.32592         27 0.0000e+00
      79039   3293.246    171.000    10.3537   3.857729    10.3989   3.865101      90.99     0.0188     2.4098     2.0957  36.110558  10.040155   43.70560  -59.13462    35.0784    35.1095    10.3334    10.3786    26.9559    26.9723    4.52782    4.35336         38 0.0000e+00
      79071   3294.603    170.000    10.4697   3.870662    10.5007   3.875647      97.83     0.0199     2.4260     2.1033  36.063213  10.070292   43.70560  -59.13462    35.0981    35.1186    10.4494    10.4804    26.9509    26.9615    4.55083    4.33390         25 0.0000e+00
      79092   3295.440    169.000    10.5215   3.876320    10.5707   3.883531      89.30     0.0211     2.4325     2.1058  36.009628  9.7091904   43.70560  -59.13462    35.1058    35.1313    10.5013    10.5504    26.9478    26.9590    4.54121    4.33876         18 0.0000e+00
      79108   3296.126    168.000    10.5818   3.883046    10.6398   3.891230      98.64     0.0229     2.4363     2.1094  36.007320  9.6636629   43.70560  -59.13462    35.1161    35.1429    10.5616    10.6195    26.9452    26.9557    4.53370    4.35037         15 0.0000e+00
      79124   3296.790    167.000    10.6428   3.889998    10.6803   3.895116      98.62     0.0214     2.4398     2.1134  35.987545  9.6732531   43.70560  -59.13462    35.1281    35.1436    10.6226    10.6601    26.9436    26.9491    4.53332    4.35771         17 0.0000e+00
      79142   3297.552    166.000    10.6816   3.894383    10.7139   3.899093      98.62     0.0165     2.4437     2.1181  35.837597  9.6658077   43.70560  -59.13462    35.1353    35.1517    10.6615    10.6938    26.9424    26.9494    4.53940    4.36592         21 0.0000e+00
      79170   3298.707    165.000    10.7650   3.903869    10.8778   3.923748      98.62     0.0104     2.4503     2.1254  35.773041  9.7748108   43.70558  -59.13462    35.1511    35.2420    10.7449    10.8576    26.9398    26.9903    4.55307    4.38252         35 0.0000e+00
      79207   3300.236    164.000    11.1635   3.949913    11.3141   3.974686      98.62     0.0151     2.4616     2.1386  35.607201  10.009375   43.70558  -59.13462    35.2301    35.3324    11.1430    11.2934    26.9291    26.9811    4.55358    4.38649         33 0.0000e+00
      79232   3301.295    163.000    11.4257   3.980295    11.5231   3.994719      98.62     0.0158     2.4725     2.1466  35.599670  10.096625   43.70558  -59.13462    35.2817    35.3313    11.4051    11.5024    26.9209    26.9414    4.56649    4.36368         20 0.0000e+00
      79250   3302.057    162.000    11.5448   3.993724    11.6193   4.003911      98.62     0.0132     2.4818     2.1513  35.594376  10.208092   43.70558  -59.13462    35.3013    35.3309    11.5241    11.5985    26.9140    26.9230    4.57236    4.36496         17 0.0000e+00
      79267   3302.734    161.000    11.6146   4.001586    11.6598   4.007454      98.62     0.0123     2.4887     2.1556  35.591557  10.192836   43.70558  -59.13462    35.3129    35.3276    11.5940    11.6392    26.9099    26.9128    4.56809    4.37053         16 0.0000e+00
      79284   3303.444    160.000    11.6500   4.005407    11.6839   4.009956      98.62     0.0125     2.4939     2.1607  35.302223  10.126350   43.70558  -59.13462    35.3173    35.3298    11.6294    11.6633    26.9066    26.9100    4.56560    4.38055         19 0.0000e+00
      79305   3304.341    159.000    11.6869   4.009405    11.7361   4.016590      98.62     0.0183     2.5000     2.1672  35.292461  10.185706   43.70558  -59.13462    35.3219    35.3457    11.6665    11.7156    26.9032    26.9125    4.57967    4.40399         25 0.0000e+00
      79338   3305.728    158.000    11.7978   4.021811    11.8583   4.031005      98.24     0.0179     2.5128     2.1833  35.161644  10.579329   43.70558  -59.13462    35.3388    35.3715    11.7774    11.8378    26.8954    26.9093    4.61559    4.46582         39 0.0000e+00
      79372   3307.108    157.000    11.9255   4.035997    11.9572   4.041106      98.60     0.0139     2.5309     2.2053  35.106033  10.707975   43.70558  -59.13464    35.3571    35.3770    11.9050    11.9367    26.8853    26.8947    4.67337    4.52846         26 0.0000e+00
      79392   3307.972    156.000    11.9744   4.041335    11.9981   4.044717      98.62     0.0139     2.5469     2.2215  35.068283  11.251222   43.70558  -59.13464    35.3633    35.3739    11.9540    11.9777    26.8808    26.8844    4.72203    4.57679         18 0.0000e+00
      79410   3308.692    155.000    12.0017   4.044267    12.0175   4.046541      98.62     0.0111     2.5614     2.2363  35.067032  11.186010   43.70558  -59.13464    35.3666    35.3738    11.9814    11.9972    26.8780    26.8806    4.75941    4.61332         17 0.0000e+00
      79427   3309.422    154.000    12.0192   4.046102    12.0319   4.048129      98.63     0.0126     2.5772     2.2504  34.927696  10.987407   43.70558  -59.13464    35.3683    35.3760    11.9990    12.0118    26.8760    26.8796    4.80008    4.63998         18 0.0000e+00
      79448   3310.311    153.000    12.0413   4.048535    12.0750   4.054399      98.62     0.0134     2.5978     2.2660  34.923115  11.047228   43.70558  -59.13464    35.3716    35.3968    12.0212    12.0549    26.8743    26.8874    4.84400    4.66424         25 0.0000e+00
      79478   3311.533    152.000    12.1405   4.060114    12.2153   4.071929      98.62     0.0121     2.6234     2.2824  34.753731  11.184082   43.70558  -59.13464    35.3909    35.4351    12.1205    12.1952    26.8702    26.8900    4.87133    4.67542         33 0.0000e+00
      79508   3312.785    151.000    12.2943   4.077870    12.3454   4.086291      98.62     0.0192     2.6443     2.2982  34.702171  11.146465   43.70558  -59.13464    35.4186    35.4520    12.2742    12.3253    26.8618    26.8778    4.87503    4.69839         26 0.0000e+00
      79531   3313.748    150.000    12.3881   4.088293    12.4332   4.094673      98.62     0.0172     2.6561     2.3089  34.646194  11.132130   43.70558  -59.13464    35.4315    35.4507    12.3680    12.4131    26.8535    26.8596    4.87499    4.70161         21 0.0000e+00
      79551   3314.589    149.000    12.4519   4.094762    12.4813   4.098388      98.62     0.0149     2.6647     2.3160  34.648312  11.166406   43.70558  -59.13464    35.4343    35.4417    12.4319    12.4613    26.8432    26.8432    4.88012    4.69130         20 0.0000e+00
      79571   3315.435    148.000    12.4882   4.098060    12.5048   4.099951      98.63     0.0164     2.6728     2.3187  34.494186  11.179199   43.70558  -59.13464    35.4323    35.4350    12.4684    12.4849    26.8345    26.8334    4.88687    4.68014         21 0.0000e+00
      79594   3316.354    147.000    12.5086   4.099784    12.5221   4.101606      98.62     0.0160     2.6793     2.3219  34.479919  11.248152   43.70558  -59.13464    35.4302    35.4351    12.4889    12.5024    26.8288    26.8300    4.88756    4.69998         23 0.0000e+00
      79617   3317.339    146.000    12.5337   4.102314    12.5577   4.105727      98.62     0.0177     2.6851     2.3302  34.316441  11.313177   43.70558  -59.13464    35.4314    35.4418    12.5141    12.5381    26.8248    26.8281    4.89451    4.73398         24 0.0000e+00
      79641   3318.346    145.000    12.5724   4.106573    12.5841   4.107820      98.56     0.0163     2.6913     2.3386  34.268997  11.424389   43.70558  -59.13464    35.4365    35.4382    12.5529    12.5645    26.8211    26.8201    4.91388    4.74858         24 0.0000e+00
      79666   3319.357    144.000    12.5867   4.107758    12.5869   4.107474      98.07     0.0143     2.7007     2.3468  34.131340  11.468116   43.70558  -59.13464    35.4349    35.4320    12.5673    12.5675    26.8170    26.8148    4.94567    4.76279         25 0.0000e+00
      79691   3320.432    143.000    12.5859   4.107197    12.5805   4.106205      98.62     0.0142     2.7116     2.3539  34.094288  11.549234   43.70558  -59.13464    35.4307    35.4263    12.5666    12.5612    26.8139    26.8115    4.96496    4.76419         26 0.0000e+00
      79718   3321.558    142.000    12.5747   4.105471    12.5478   4.100444      98.62     0.0186     2.7205     2.3559  33.949577  11.512088   43.70558  -59.13464    35.4250    35.4019    12.5556    12.5287    26.8116    26.7990    4.96614    4.75750         27 0.0000e+00
      79743   3322.571    141.000    12.5190   4.097390    12.4694   4.088594      98.62     0.0216     2.7247     2.3588  33.943321  11.557127   43.70558  -59.13464    35.3999    35.3616    12.5001    12.4505    26.8031    26.7831    4.97217    4.77990         22 0.0000e+00
      79763   3323.424    140.000    12.4548   4.087926    12.4108   4.079892      98.62     0.0206     2.7278     2.3623  33.861301  11.523605   43.70558  -59.13466    35.3693    35.3330    12.4361    12.3922    26.7920    26.7724    4.98475    4.80352         19 0.0000e+00
      79781   3324.181    139.000    12.4013   4.080194    12.3372   4.068697      98.62     0.0226     2.7306     2.3667  33.855164  11.588275   43.70556  -59.13466    35.3453    35.2943    12.3828    12.3187    26.7838    26.7567    5.00051    4.82051         18 0.0000e+00
      79800   3324.943    138.000    12.3216   4.068959    12.2499   4.057396      98.62     0.0200     2.7348     2.3699  33.817242  11.557925   43.70556  -59.13466    35.3120    35.2673    12.3032    12.2317    26.7735    26.7526    5.02428    4.83450         19 0.0000e+00
      79820   3325.812    137.000    12.2359   4.057282    12.1734   4.046816      98.62     0.0171     2.7397     2.3739  33.740753  11.543539   43.70556  -59.13466    35.2799    35.2370    12.2178    12.1553    26.7651    26.7439    5.04539    4.85597         23 0.0000e+00
      79848   3326.971    136.000    12.1281   4.043055    12.0586   4.030769      98.62     0.0183     2.7470     2.3801  33.680347  11.472404   43.70556  -59.13466    35.2435    35.1893    12.1103    12.0408    26.7576    26.7289    5.07539    4.88567         32 0.0000e+00
      79880   3328.300    135.000    11.9670   4.021985    11.8939   4.008553      98.62     0.0266     2.7551     2.3846  33.597218  11.408175   43.70556  -59.13466    35.1903    35.1280    11.9495    11.8764    26.7472    26.7128    5.10938    4.90192         29 0.0000e+00
      79906   3329.357    134.000    11.8392   4.005435    11.7786   3.995565      98.62     0.0256     2.7609     2.3880  33.520481  11.300415   43.70556  -59.13466    35.1495    35.1100    11.8219    11.7613    26.7398    26.7206    5.12906    4.93471         23 0.0000e+00
      79926   3330.221    133.000    11.7632   3.995683    11.7212   3.989033      98.62     0.0232     2.7643     2.3922  33.499847  11.346346   43.70556  -59.13466    35.1261    35.1006    11.7461    11.7041    26.7360    26.7240    5.13828    4.95931         20 0.0000e+00
      79946   3331.042    132.000    11.7234   3.990295    11.6993   3.986329      98.62     0.0201     2.7670     2.3964  33.477470  11.291476   43.70556  -59.13466    35.1112    35.0951    11.7065    11.6824    26.7319    26.7239    5.14972    4.96387         20 0.0000e+00
      79968   3331.943    131.000    11.7033   3.987471    11.6883   3.984709      98.62     0.0171     2.7706     2.3975  33.448174  11.298001   43.70556  -59.13466    35.1030    35.0900    11.6865    11.6715    26.7293    26.7220    5.15764    4.95983         23 0.0000e+00
      79993   3333.009    130.000    11.6906   3.985461    11.6812   3.983719      98.62     0.0196     2.7734     2.4004  33.414303  11.234810   43.70556  -59.13466    35.0956    35.0875    11.6740    11.6645    26.7259    26.7213    5.15548    4.97495         28 0.0000e+00
      80021   3334.170    129.000    11.6823   3.984235    11.6713   3.981992      98.62     0.0214     2.7745     2.4032  33.369846  11.198520   43.70556  -59.13466    35.0919    35.0802    11.6658    11.6548    26.7246    26.7175    5.15525    4.98131         27 0.0000e+00
      80047   3335.235    128.000    11.6628   3.981622    11.6503   3.979355      98.62     0.0208     2.7766     2.4066  33.311062  11.124169   43.70556  -59.13468    35.0850    35.0745    11.6465    11.6340    26.7228    26.7170    5.17224    4.99424         24 0.0000e+00
      80069   3336.175    127.000    11.6482   3.979646    11.6410   3.978147      98.62     0.0200     2.7798     2.4088  33.282421  11.156764   43.70556  -59.13468    35.0799    35.0719    11.6319    11.6248    26.7216    26.7167    5.17958    5.00346         22 0.0000e+00
      80091   3337.089    126.000    11.6401   3.978510    11.6354   3.977312      98.62     0.0204     2.7825     2.4131  33.251270  11.109588   43.70556  -59.13468    35.0768    35.0695    11.6240    11.6193    26.7206    26.7158    5.18657    5.02036         22 0.0000e+00
      80114   3338.050    125.000    11.6358   3.977721    11.6360   3.977263      98.62     0.0216     2.7855     2.4162  33.223793  11.124340   43.70556  -59.13468    35.0735    35.0689    11.6199    11.6200    26.7189    26.7152    5.19688    5.01162         24 0.0000e+00
      80138   3339.031    124.000    11.6397   3.977842    11.6427   3.977548      98.62     0.0234     2.7894     2.4158  33.178101  11.087070   43.70556  -59.13468    35.0715    35.0658    11.6239    11.6268    26.7165    26.7115    5.19379    5.00458         23 0.0000e+00
      80160   3339.962    123.000    11.6421   3.977627    11.6335   3.975027      98.62     0.0237     2.7888     2.4179  33.131847  11.093057   43.70556  -59.13468    35.0675    35.0501    11.6264    11.6178    26.7130    26.7010    5.18325    5.03546         21 0.0000e+00
      80182   3340.867    122.000    11.6229   3.974410    11.6015   3.969980      98.62     0.0228     2.7903     2.4243  33.114647  11.087840   43.70556  -59.13468    35.0544    35.0311    11.6074    11.5860    26.7064    26.6922    5.21085    5.06907         22 0.0000e+00
      80205   3341.815    121.000    11.5875   3.969260    11.5613   3.964383      98.63     0.0227     2.7973     2.4320  33.070068  11.064233   43.70556  -59.13468    35.0376    35.0143    11.5722    11.5459    26.6999    26.6867    5.26326    5.09187         24 0.0000e+00
      80231   3342.922    120.000    11.5349   3.962142    11.4934   3.954550      93.74     0.0237     2.8103     2.4384  33.041920  11.047407   43.70556  -59.13468    35.0176    34.9819    11.5197    11.4782    26.6942    26.6741    5.30416    5.09410         29 0.0000e+00
      80260   3344.122    119.000    11.4541   3.951421    11.4234   3.945058      83.90     0.0211     2.8217     2.4403  33.009983  11.023005   43.70556  -59.13468    34.9886    34.9547    11.4391    11.4085    26.6866    26.6659    5.31265    5.08239         28 0.0000e+00
      80284   3345.143    118.000    11.3785   3.941680    11.2633   3.919562      98.88     0.0221     2.8252     2.4379  32.977276  10.960784   43.70556  -59.13468    34.9642    34.8539    11.3637    11.2486    26.6815    26.6169    5.30725    5.08642         21 0.0000e+00
      80305   3345.981    117.000    11.1745   3.914970    11.0024   3.887578      98.62     0.0222     2.8273     2.4395  32.959217  10.966183   43.70556  -59.13468    34.8928    34.7830    11.1600    10.9881    26.6634    26.6092    5.33518    5.14031         19 0.0000e+00
