data/CTD/2014/CNV/u017a042.cnv
* Sea-Bird SBE 9 Data File:
* FileName = C:\CTD_ACQUISITION\2014017HUD\ctddata\017A042.hdr
* Software Version Seasave V 7.22.2
* Temperature SN = 5081
* Conductivity SN = 3561
* Number of Bytes Per Scan = 37
* Number of Voltage Words = 4
* Number of Scans Averaged by the Deck Unit = 1
* NMEA Latitude = 48 16.34 N
* NMEA Longitude = 046 30.28 W
* NMEA UTC (Time) = Jul 10 2014 07:21:15
* NMEA baud rate = 9600
** Ship: Hudson
** Cruise: HUD2014017
** Chief_Scientist: Blair Greenan
** Organization: BIO
** Area_of_Operation: Sackville Spur
** Station: 042
** Sounding:  851
** Event_Comments: SS_12, 403244
# nquan = 25
# nvalues = 864                         
# units = specified
# name 0 = scan: Scan Count
# name 1 = timeS: Time, Elapsed [seconds]
# name 2 = prDM: Pressure, Digiquartz [db]
# name 3 = t068C: Temperature [ITS-68, deg C]
# name 4 = c0S/m: Conductivity [S/m]
# name 5 = t168C: Temperature, 2 [ITS-68, deg C]
# name 6 = c1S/m: Conductivity, 2 [S/m]
# name 7 = altM: Altimeter [m]
# name 8 = flC: Fluorescence, Chelsea Aqua 3 Chl Con [ug/l]
# name 9 = sbeox0V: Oxygen raw, SBE 43 [V]
# name 10 = sbeox1V: Oxygen raw, SBE 43, 2 [V]
# name 11 = upoly0: Upoly 0, Optode 4330F - O2 D-Phase
# name 12 = upoly1: Upoly 1, Optode 4330F - O2 Temp
# name 13 = latitude: Latitude [deg]
# name 14 = longitude: Longitude [deg]
# name 15 = sal00: Salinity, Practical [PSU]
# name 16 = sal11: Salinity, Practical, 2 [PSU]
# name 17 = potemp068C: Potential Temperature [ITS-68, deg C]
# name 18 = potemp168C: Potential Temperature, 2 [ITS-68, deg C]
# name 19 = sigma-é00: Density [sigma-theta, Kg/m^3]
# name 20 = sigma-é11: Density, 2 [sigma-theta, Kg/m^3]
# name 21 = sbeox0ML/L: Oxygen, SBE 43 [ml/l], WS = 2
# name 22 = sbeox1ML/L: Oxygen, SBE 43, 2 [ml/l], WS = 2
# name 23 = nbin: number of scans per bin
# name 24 = flag: flag
# span 0 =      32854,      69449       
# span 1 =   1368.878,   2893.646       
# span 2 =      1.000,    864.000       
# span 3 =    -1.0551,     7.7850       
# span 4 =   2.687903,   3.391199       
# span 5 =    -1.0566,     7.7851       
# span 6 =   2.687899,   3.391188       
# span 7 =      -0.38,     100.81       
# span 8 =     0.0078,     0.0690       
# span 9 =     2.6535,     3.7514       
# span 10 =     2.3417,     3.3359      
# span 11 =  30.345547,  34.600018      
# span 12 = -1.0341773,  7.8059545      
# span 13 =   48.27508,   48.27752      
# span 14 =  -46.50194,  -46.50116      
# span 15 =    32.7090,    34.8890      
# span 16 =    32.7307,    34.8885      
# span 17 =    -1.0563,     7.7849      
# span 18 =    -1.0578,     7.7850      
# span 19 =    25.5061,    27.7332      
# span 20 =    25.5231,    27.7329      
# span 21 =    6.42625,   10.12776      
# span 22 =    6.15569,   10.27952      
# span 23 =         13,         84      
# span 24 = 0.0000e+00, 0.0000e+00      
# interval = decibars: 1                
# start_time = Jul 10 2014 07:21:15 [NMEA time, header]
# bad_flag = -9.990e-29
*END*
[from data line 290]
      40977   1707.326    574.000     3.8030   3.252586     3.8028   3.252541      98.56     0.0131     2.7841     2.4481  33.763466  3.8107448   48.27532  -46.50188    34.8676    34.8672     3.7619     3.7618    27.7055    27.7052    6.56215    6.54045         21 0.0000e+00
      41001   1708.313    573.000     3.8031   3.252551     3.8032   3.252534      98.63     0.0140     2.7852     2.4487  33.763397  3.8107448   48.27532  -46.50188    34.8675    34.8672     3.7622     3.7622    27.7054    27.7052    6.56081    6.53901         27 0.0000e+00
      41032   1709.609    572.000     3.8035   3.252523     3.8034   3.252494      98.63     0.0169     2.7856     2.4497  33.754379  3.8107448   48.27532  -46.50188    34.8673    34.8670     3.7626     3.7625    27.7053    27.7050    6.56759    6.54613         35 0.0000e+00
      41064   1710.970    571.000     3.8038   3.252489     3.8036   3.252450      98.63     0.0200     2.7872     2.4505  33.749645  3.8107448   48.27533  -46.50188    34.8671    34.8669     3.7630     3.7628    27.7050    27.7049    6.56870    6.53652         27 0.0000e+00
      41087   1711.916    570.000     3.8043   3.252459     3.8039   3.252407      83.84     0.0224     2.7874     2.4505  33.740513  3.8107448   48.27534  -46.50188    34.8668    34.8665     3.7635     3.7632    27.7047    27.7045    6.56599    6.53644         19 0.0000e+00
      41104   1712.628    569.000     3.8042   3.252380     3.8037   3.252315      88.05     0.0201     2.7881     2.4505  33.738949  3.8107448   48.27534  -46.50188    34.8665    34.8662     3.7635     3.7630    27.7045    27.7043    6.56631    6.53470         16 0.0000e+00
      41119   1713.243    568.000     3.8037   3.252266     3.8031   3.252192      98.87     0.0188     2.7882     2.4505  33.739410  3.8107448   48.27534  -46.50188    34.8661    34.8659     3.7631     3.7625    27.7043    27.7041    6.56302    6.53583         14 0.0000e+00
      41133   1713.828    567.000     3.8030   3.252129     3.8022   3.252039      98.63     0.0178     2.7883     2.4504  33.741131  3.8107448   48.27535  -46.50188    34.8658    34.8655     3.7625     3.7617    27.7040    27.7039    6.56471    6.53942         15 0.0000e+00
      41148   1714.449    566.000     3.8025   3.252016     3.8018   3.251923      98.63     0.0165     2.7884     2.4513  33.741146  3.8107448   48.27536  -46.50188    34.8655    34.8652     3.7621     3.7613    27.7039    27.7037    6.56476    6.54414         15 0.0000e+00
      41166   1715.210    565.000     3.8021   3.251926     3.8013   3.251793      98.63     0.0164     2.7890     2.4515  33.737682  3.8107448   48.27536  -46.50188    34.8654    34.8646     3.7617     3.7610    27.7038    27.7033    6.56401    6.54208         22 0.0000e+00
      41201   1716.660    564.000     3.8017   3.251839     3.8011   3.251732      98.63     0.0179     2.7899     2.4527  33.737465  3.8107448   48.27536  -46.50188    34.8653    34.8646     3.7614     3.7609    27.7037    27.7033    6.57401    6.54854         49 0.0000e+00
      41242   1718.388    563.000     3.8018   3.251790     3.8008   3.251621      81.61     0.0196     2.7919     2.4540  33.736221  3.8107448   48.27538  -46.50188    34.8652    34.8642     3.7616     3.7606    27.7036    27.7029    6.57337    6.55117         29 0.0000e+00
      41266   1719.355    562.000     3.8014   3.251663     3.8003   3.251495      98.98     0.0158     2.7916     2.4549  33.736263  3.8091698   48.27536  -46.50188    34.8646    34.8638     3.7612     3.7602    27.7032    27.7027    6.57129    6.55853         19 0.0000e+00
      41283   1720.083    561.000     3.8007   3.251494     3.8001   3.251420      98.63     0.0130     2.7927     2.4560  33.737206  3.8057647   48.27536  -46.50188    34.8638    34.8636     3.7607     3.7601    27.7027    27.7025    6.57678    6.55847         16 0.0000e+00
      41298   1720.712    560.000     3.8005   3.251412     3.8000   3.251352      98.63     0.0137     2.7924     2.4563  33.736256  3.8068438   48.27536  -46.50188    34.8636    34.8635     3.7606     3.7600    27.7025    27.7024    6.57059    6.55776         15 0.0000e+00
      41313   1721.334    559.000     3.8001   3.251310     3.7995   3.251241      98.64     0.0165     2.7930     2.4569  33.730396  3.8074892   48.27536  -46.50188    34.8633    34.8632     3.7603     3.7596    27.7023    27.7023    6.56806    6.55912         15 0.0000e+00
      41329   1722.020    558.000     3.7995   3.251209     3.7984   3.251059      98.64     0.0196     2.7927     2.4575  33.721626  3.8107386   48.27538  -46.50190    34.8633    34.8627     3.7597     3.7586    27.7024    27.7020    6.56728    6.55595         18 0.0000e+00
      41351   1722.911    557.000     3.7987   3.251065     3.7976   3.250934      98.64     0.0198     2.7935     2.4576  33.723801  3.8107448   48.27538  -46.50190    34.8630    34.8625     3.7590     3.7579    27.7022    27.7019    6.57953    6.55323         26 0.0000e+00
      41382   1724.226    556.000     3.7984   3.250984     3.7967   3.250751      84.98     0.0185     2.7948     2.4585  33.732616  3.8107448   48.27538  -46.50188    34.8629    34.8619     3.7587     3.7570    27.7021    27.7015    6.58246    6.56398         35 0.0000e+00
      41414   1725.527    555.000     3.7983   3.250924     3.7953   3.250528      99.12     0.0172     2.7965     2.4598  33.725880  3.8103549   48.27538  -46.50188    34.8627    34.8612     3.7588     3.7557    27.7020    27.7011    6.59067    6.56471         26 0.0000e+00
      41437   1726.491    554.000     3.7959   3.250544     3.7948   3.250386      98.63     0.0173     2.7981     2.4606  33.714825  3.8102999   48.27540  -46.50188    34.8613    34.8606     3.7564     3.7553    27.7011    27.7006    6.59039    6.57031         22 0.0000e+00
      41457   1727.319    553.000     3.7943   3.250283     3.7933   3.250151      98.63     0.0165     2.7981     2.4615  33.712402  3.8092213   48.27540  -46.50188    34.8604    34.8599     3.7549     3.7539    27.7006    27.7003    6.58300    6.56653         19 0.0000e+00
      41475   1728.102    552.000     3.7943   3.250207     3.7938   3.250158      98.63     0.0146     2.7989     2.4616  33.710114  3.8047123   48.27540  -46.50188    34.8601    34.8600     3.7549     3.7545    27.7003    27.7002    6.58736    6.56016         19 0.0000e+00
      41495   1728.932    551.000     3.7953   3.250258     3.7957   3.250274      98.63     0.0217     2.7994     2.4614  33.708408  3.8060458   48.27540  -46.50188    34.8602    34.8600     3.7560     3.7564    27.7003    27.7000    6.58464    6.56062         21 0.0000e+00
      41518   1729.890    550.000     3.7961   3.250285     3.7961   3.250271      98.63     0.0213     2.7995     2.4620  33.708786  3.8022239   48.27540  -46.50188    34.8602    34.8600     3.7569     3.7569    27.7001    27.7000    6.58548    6.56579         24 0.0000e+00
      41543   1730.926    549.000     3.7964   3.250249     3.7959   3.250181      78.71     0.0175     2.8006     2.4627  33.708126  3.8037262   48.27540  -46.50188    34.8599    34.8596     3.7573     3.7568    27.6999    27.6997    6.59098    6.57209         25 0.0000e+00
      41566   1731.866    548.000     3.7960   3.250155     3.7953   3.250064      98.88     0.0200     2.8011     2.4636  33.705460  3.8103387   48.27541  -46.50188    34.8598    34.8594     3.7570     3.7563    27.6998    27.6996    6.58717    6.56308         20 0.0000e+00
      41585   1732.683    547.000     3.7955   3.250037     3.7949   3.249969      98.63     0.0201     2.8011     2.4629  33.700695  3.8091812   48.27542  -46.50187    34.8595    34.8593     3.7565     3.7559    27.6996    27.6995    6.58859    6.55140         19 0.0000e+00
      41603   1733.431    546.000     3.7946   3.249899     3.7938   3.249795      98.63     0.0213     2.8024     2.4624  33.706100  3.8107324   48.27542  -46.50186    34.8593    34.8589     3.7557     3.7549    27.6996    27.6993    6.59040    6.55541         18 0.0000e+00
      41622   1734.203    545.000     3.7939   3.249774     3.7932   3.249677      98.63     0.0180     2.8020     2.4626  33.703892  3.8107448   48.27542  -46.50186    34.8591    34.8587     3.7551     3.7543    27.6995    27.6992    6.58293    6.56269         19 0.0000e+00
      41644   1735.106    544.000     3.7935   3.249687     3.7931   3.249623      98.63     0.0155     2.8022     2.4631  33.700237  3.8103371   48.27542  -46.50186    34.8590    34.8587     3.7547     3.7544    27.6994    27.6992    6.58459    6.56602         24 0.0000e+00
      41670   1736.192    543.000     3.7937   3.249659     3.7947   3.249717      96.07     0.0196     2.8024     2.4639  33.691750  3.8075936   48.27542  -46.50186    34.8589    34.8586     3.7551     3.7560    27.6993    27.6990    6.58647    6.56923         28 0.0000e+00
      41696   1737.277    542.000     3.7951   3.249723     3.7958   3.249785      80.02     0.0172     2.8031     2.4649  33.696606  3.8103533   48.27544  -46.50186    34.8588    34.8588     3.7565     3.7572    27.6991    27.6990    6.58978    6.57185         24 0.0000e+00
      41718   1738.222    541.000     3.7966   3.249815     3.7960   3.249762      98.89     0.0183     2.8034     2.4655  33.700737  3.8107505   48.27544  -46.50186    34.8588    34.8588     3.7581     3.7575    27.6989    27.6990    6.58498    6.56627         21 0.0000e+00
      41739   1739.069    540.000     3.7967   3.249796     3.7962   3.249738      98.63     0.0163     2.8039     2.4654  33.699623  3.8107448   48.27544  -46.50186    34.8590    34.8588     3.7583     3.7578    27.6990    27.6990    6.58745    6.56630         20 0.0000e+00
      41758   1739.888    539.000     3.7970   3.249773     3.7968   3.249754      98.63     0.0144     2.8039     2.4661  33.680756  3.8107448   48.27544  -46.50186    34.8589    34.8589     3.7587     3.7584    27.6990    27.6990    6.59288    6.57344         20 0.0000e+00
      41779   1740.749    538.000     3.7973   3.249765     3.7972   3.249752      98.63     0.0185     2.8051     2.4668  33.679749  3.8107448   48.27544  -46.50186    34.8591    34.8590     3.7590     3.7589    27.6991    27.6990    6.59357    6.57414         21 0.0000e+00
      41802   1741.725    537.000     3.7977   3.249765     3.7984   3.249830      98.63     0.0193     2.8055     2.4673  33.679348  3.8103707   48.27545  -46.50186    34.8591    34.8592     3.7595     3.7602    27.6990    27.6990    6.58818    6.56637         26 0.0000e+00
      41828   1742.794    536.000     3.7998   3.249910     3.8013   3.250054      84.39     0.0213     2.8059     2.4669  33.680588  3.8103540   48.27546  -46.50186    34.8592    34.8593     3.7617     3.7631    27.6989    27.6988    6.59495    6.55724         25 0.0000e+00
      41851   1743.761    535.000     3.8023   3.250103     3.8029   3.250151      90.35     0.0221     2.8068     2.4665  33.679031  3.8107493   48.27546  -46.50186    34.8593    34.8593     3.7643     3.7648    27.6987    27.6987    6.59155    6.56188         21 0.0000e+00
      41872   1744.607    534.000     3.8010   3.249893     3.8003   3.249803      98.66     0.0203     2.8070     2.4669  33.678383  3.8107448   48.27546  -46.50185    34.8588    34.8584     3.7630     3.7623    27.6984    27.6982    6.58584    6.56841         20 0.0000e+00
      41891   1745.436    533.000     3.7993   3.249660     3.7987   3.249554      98.63     0.0171     2.8067     2.4674  33.677654  3.8107448   48.27546  -46.50184    34.8583    34.8577     3.7614     3.7608    27.6982    27.6978    6.58107    6.56647         20 0.0000e+00
      41913   1746.353    532.000     3.7990   3.249563     3.7987   3.249502      98.63     0.0184     2.8066     2.4675  33.678265  3.8107448   48.27546  -46.50184    34.8580    34.8577     3.7612     3.7608    27.6980    27.6977    6.58585    6.56448         24 0.0000e+00
      41939   1747.409    531.000     3.7989   3.249501     3.7985   3.249439      98.64     0.0177     2.8070     2.4680  33.677658  3.8107448   48.27546  -46.50184    34.8579    34.8576     3.7611     3.7608    27.6979    27.6977    6.58929    6.56959         27 0.0000e+00
      41965   1748.481    530.000     3.7989   3.249447     3.7986   3.249395      98.63     0.0155     2.8074     2.4685  33.678265  3.8107448   48.27548  -46.50184    34.8578    34.8575     3.7612     3.7609    27.6978    27.6976    6.58686    6.56646         24 0.0000e+00
      41988   1749.448    529.000     3.7996   3.249443     3.7993   3.249406      74.73     0.0190     2.8076     2.4686  33.673607  3.8107448   48.27548  -46.50184    34.8576    34.8574     3.7620     3.7617    27.6975    27.6975    6.58860    6.56172         22 0.0000e+00
      42009   1750.324    528.000     3.8001   3.249434     3.8001   3.249408      98.93     0.0171     2.8080     2.4681  33.670284  3.8107448   48.27548  -46.50184    34.8574    34.8571     3.7626     3.7626    27.6974    27.6971    6.58441    6.55212         20 0.0000e+00
      42028   1751.137    527.000     3.8005   3.249406     3.8004   3.249382      98.63     0.0186     2.8077     2.4674  33.666706  3.8107448   48.27548  -46.50184    34.8573    34.8571     3.7630     3.7629    27.6972    27.6970    6.58417    6.54934         20 0.0000e+00
      42048   1751.956    526.000     3.8013   3.249422     3.8020   3.249468      98.63     0.0191     2.8080     2.4669  33.653126  3.8107448   48.27548  -46.50184    34.8571    34.8569     3.7639     3.7646    27.6970    27.6968    6.58854    6.55119         20 0.0000e+00
      42069   1752.834    525.000     3.8025   3.249491     3.8036   3.249578      98.63     0.0211     2.8089     2.4671  33.653656  3.8107448   48.27548  -46.50184    34.8571    34.8570     3.7652     3.7663    27.6969    27.6967    6.59048    6.55962         22 0.0000e+00
      42092   1753.798    524.000     3.8044   3.249589     3.8070   3.249843      98.64     0.0203     2.8089     2.4675  33.662857  3.8107448   48.27549  -46.50184    34.8568    34.8572     3.7672     3.7697    27.6964    27.6964    6.58342    6.55822         24 0.0000e+00
      42117   1754.854    523.000     3.8068   3.249762     3.8093   3.249988      94.90     0.0206     2.8089     2.4677  33.661877  3.8107448   48.27550  -46.50184    34.8569    34.8569     3.7696     3.7721    27.6962    27.6960    6.58158    6.55502         26 0.0000e+00
      42143   1755.925    522.000     3.8089   3.249906     3.8095   3.249931      79.16     0.0228     2.8095     2.4681  33.661777  3.8107448   48.27550  -46.50183    34.8569    34.8566     3.7718     3.7723    27.6960    27.6957    6.59118    6.56467         24 0.0000e+00
      42165   1756.820    521.000     3.8096   3.249905     3.8102   3.249938      98.79     0.0223     2.8097     2.4693  33.658581  3.8107448   48.27550  -46.50182    34.8567    34.8564     3.7725     3.7731    27.6958    27.6955    6.58858    6.57396         20 0.0000e+00
      42182   1757.560    520.000     3.8109   3.249961     3.8117   3.250022      98.63     0.0206     2.8111     2.4705  33.657513  3.8137853   48.27550  -46.50182    34.8565    34.8564     3.7739     3.7747    27.6955    27.6954    6.59691    6.57357         16 0.0000e+00
      42199   1758.235    519.000     3.8119   3.250005     3.8119   3.249998      98.64     0.0202     2.8110     2.4710  33.653812  3.8150296   48.27550  -46.50182    34.8565    34.8565     3.7750     3.7749    27.6953    27.6954    6.58874    6.56862         16 0.0000e+00
      42215   1758.924    518.000     3.8121   3.249987     3.8124   3.250000      98.63     0.0194     2.8116     2.4713  33.646057  3.8124220   48.27550  -46.50182    34.8566    34.8565     3.7752     3.7755    27.6955    27.6953    6.58640    6.56760         18 0.0000e+00
