data/CTD/2014/CNV/u017a035.cnv
* Sea-Bird SBE 9 Data File:
* FileName = C:\CTD_ACQUISITION\2014017HUD\ctddata\017A035.hdr
* Software Version Seasave V 7.22.2
* Temperature SN = 5081
* Conductivity SN = 3561
* Number of Bytes Per Scan = 37
* Number of Voltage Words = 4
* Number of Scans Averaged by the Deck Unit = 1
* NMEA Latitude = 48 29.67 N
* NMEA Longitude = 046 43.65 W
* NMEA UTC (Time) = Jul 09 2014 18:03:36
* NMEA baud rate = 9600
** Ship: Hudson
** Cruise: HUD2014017
** Chief_Scientist: Blair Greenan
** Organization: BIO
** Area_of_Operation: Sackville Spur
** Station: 035
** Sounding:
** Event_Comments: SS-07 403203
# nquan = 25
# nvalues = 2346                        
# units = specified
# name 0 = scan: Scan Count
# name 1 = timeS: Time, Elapsed [seconds]
# name 2 = prDM: Pressure, Digiquartz [db]
# name 3 = t068C: Temperature [ITS-68, deg C]
# name 4 = c0S/m: Conductivity [S/m]
# name 5 = t168C: Temperature, 2 [ITS-68, deg C]
# name 6 = c1S/m: Conductivity, 2 [S/m]
# name 7 = altM: Altimeter [m]
# name 8 = flC: Fluorescence, Chelsea Aqua 3 Chl Con [ug/l]
# name 9 = sbeox0V: Oxygen raw, SBE 43 [V]
# name 10 = sbeox1V: Oxygen raw, SBE 43, 2 [V]
# name 11 = upoly0: Upoly 0, Optode 4330F - O2 D-Phase
# name 12 = upoly1: Upoly 1, Optode 4330F - O2 Temp
# name 13 = latitude: Latitude [deg]
# name 14 = longitude: Longitude [deg]
# name 15 = sal00: Salinity, Practical [PSU]
# name 16 = sal11: Salinity, Practical, 2 [PSU]
# name 17 = potemp068C: Potential Temperature [ITS-68, deg C]
# name 18 = potemp168C: Potential Temperature, 2 [ITS-68, deg C]
# name 19 = sigma-é00: Density [sigma-theta, Kg/m^3]
# name 20 = sigma-é11: Density, 2 [sigma-theta, Kg/m^3]
# name 21 = sbeox0ML/L: Oxygen, SBE 43 [ml/l], WS = 2
# name 22 = sbeox1ML/L: Oxygen, SBE 43, 2 [ml/l], WS = 2
# name 23 = nbin: number of scans per bin
# name 24 = flag: flag
# span 0 =      61564,     120876       
# span 1 =   2565.118,   5036.461       
# span 2 =      1.000,   2346.000       
# span 3 =     2.6815,     8.6452       
# span 4 =   3.084636,   3.536988       
# span 5 =     2.6543,     8.6442       
# span 6 =   3.081401,   3.537123       
# span 7 =       1.42,     106.77       
# span 8 =     0.0063,     0.4154       
# span 9 =     2.2227,     3.6268       
# span 10 =     1.9655,     3.2215      
# span 11 =  30.027660,  35.509209      
# span 12 =  2.7718782,  8.6768169      
# span 13 =   48.49778,   48.50086      
# span 14 =  -46.71974,  -46.71238      
# span 15 =    33.4748,    34.9168      
# span 16 =    33.4742,    34.9167      
# span 17 =     2.5946,     8.6451      
# span 18 =     2.5935,     8.6438      
# span 19 =    25.9794,    27.8507      
# span 20 =    25.9792,    27.8509      
# span 21 =    6.28604,    8.89639      
# span 22 =    5.95859,    9.12804      
# span 23 =         11,         87      
# span 24 = 0.0000e+00, 0.0000e+00      
# interval = decibars: 1                
# start_time = Jul 09 2014 18:03:36 [NMEA time, header]
# bad_flag = -9.990e-29
*END*
[from data line 1740]
     102580   4274.137    606.000     3.6555   3.239725     3.6542   3.239540     101.34     0.0149     2.8005     2.4623  33.677773  3.6642246   48.49938  -46.71468    34.8539    34.8531     3.6128     3.6114    27.7096    27.7092    6.66031    6.63867         32 0.0000e+00
     102606   4275.208    605.000     3.6548   3.239597     3.6534   3.239421      77.80     0.0189     2.8012     2.4629  33.687145  3.6642246   48.49938  -46.71468    34.8537    34.8530     3.6121     3.6107    27.7095    27.7092    6.66413    6.64363         22 0.0000e+00
     102625   4275.998    604.000     3.6530   3.239355     3.6524   3.239263      28.59     0.0183     2.8021     2.4636  33.692295  3.6642246   48.49938  -46.71468    34.8532    34.8528     3.6104     3.6097    27.7093    27.7091    6.65307    6.64730         17 0.0000e+00
     102641   4276.681    603.000     3.6517   3.239176     3.6510   3.239064      97.96     0.0183     2.8003     2.4642  33.692307  3.6642246   48.49938  -46.71467    34.8530    34.8524     3.6092     3.6085    27.7093    27.7089    6.64712    6.64632         16 0.0000e+00
     102658   4277.358    602.000     3.6512   3.239066     3.6506   3.238971      98.63     0.0151     2.8012     2.4645  33.692307  3.6642246   48.49938  -46.71466    34.8528    34.8523     3.6087     3.6081    27.7092    27.7088    6.66020    6.64417         17 0.0000e+00
     102676   4278.138    601.000     3.6510   3.239008     3.6509   3.238966      82.18     0.0150     2.8017     2.4649  33.692307  3.6642246   48.49938  -46.71466    34.8528    34.8524     3.6086     3.6085    27.7092    27.7089    6.65971    6.64277         21 0.0000e+00
     102706   4279.366    600.000     3.6514   3.238996     3.6516   3.238983      64.92     0.0116     2.8017     2.4649  33.692307  3.6579561   48.49938  -46.71466    34.8528    34.8524     3.6091     3.6093    27.7091    27.7088    6.65517    6.63688         38 0.0000e+00
     102741   4280.825    599.000     3.6520   3.238995     3.6519   3.238967     100.52     0.0138     2.8021     2.4642  33.690014  3.6542716   48.49938  -46.71466    34.8526    34.8524     3.6098     3.6097    27.7089    27.7087    6.65233    6.62699         27 0.0000e+00
     102763   4281.762    598.000     3.6525   3.239003     3.6523   3.238973      18.56     0.0181     2.8018     2.4639  33.678913  3.6544566   48.49939  -46.71466    34.8527    34.8526     3.6104     3.6102    27.7089    27.7089    6.65838    6.62977         21 0.0000e+00
     102782   4282.560    597.000     3.6531   3.239033     3.6529   3.238981      98.03     0.0194     2.8023     2.4634  33.682529  3.6544566   48.49940  -46.71466    34.8529    34.8526     3.6111     3.6108    27.7091    27.7088    6.66325    6.62612         18 0.0000e+00
     102802   4283.368    596.000     3.6531   3.238993     3.6528   3.238924      98.63     0.0191     2.8035     2.4633  33.685997  3.6567624   48.49940  -46.71466    34.8530    34.8525     3.6111     3.6108    27.7092    27.7087    6.66135    6.63011         21 0.0000e+00
     102828   4284.466    595.000     3.6530   3.238930     3.6526   3.238853      49.47     0.0182     2.8036     2.4638  33.688671  3.6559620   48.49939  -46.71464    34.8529    34.8525     3.6111     3.6106    27.7091    27.7087    6.65960    6.63423         33 0.0000e+00
     102862   4285.893    594.000     3.6526   3.238833     3.6519   3.238747     101.28     0.0181     2.8040     2.4638  33.677490  3.6543658   48.49940  -46.71464    34.8527    34.8524     3.6108     3.6101    27.7089    27.7087    6.66143    6.62856         30 0.0000e+00
     102887   4286.898    593.000     3.6516   3.238690     3.6508   3.238582      11.13     0.0166     2.8051     2.4640  33.682217  3.6554749   48.49940  -46.71464    34.8526    34.8522     3.6098     3.6090    27.7090    27.7087    6.66014    6.63099         20 0.0000e+00
     102904   4287.635    592.000     3.6508   3.238547     3.6503   3.238478     102.24     0.0167     2.8044     2.4637  33.692734  3.6626837   48.49940  -46.71464    34.8523    34.8520     3.6091     3.6086    27.7088    27.7085    6.66001    6.62762         16 0.0000e+00
     102919   4288.268    591.000     3.6512   3.238535     3.6511   3.238501      98.63     0.0147     2.8057     2.4639  33.692307  3.6609292   48.49940  -46.71464    34.8523    34.8520     3.6095     3.6094    27.7087    27.7085    6.66433    6.63219         15 0.0000e+00
     102934   4288.885    590.000     3.6514   3.238522     3.6514   3.238485      98.63     0.0125     2.8053     2.4645  33.689606  3.6605685   48.49940  -46.71464    34.8524    34.8520     3.6099     3.6098    27.7087    27.7084    6.65603    6.63504         16 0.0000e+00
     102951   4289.580    589.000     3.6515   3.238480     3.6514   3.238442      32.01     0.0155     2.8055     2.4647  33.678848  3.6572864   48.49940  -46.71464    34.8523    34.8520     3.6100     3.6100    27.7087    27.7084    6.65953    6.63076         18 0.0000e+00
     102982   4290.870    588.000     3.6513   3.238429     3.6513   3.238388      83.07     0.0157     2.8062     2.4647  33.679050  3.6568403   48.49940  -46.71464    34.8524    34.8520     3.6099     3.6099    27.7088    27.7084    6.66033    6.63099         50 0.0000e+00
     103032   4292.965    587.000     3.6510   3.238350     3.6510   3.238316      48.73     0.0195     2.8060     2.4662  33.677471  3.6541657   48.49940  -46.71463    34.8523    34.8520     3.6097     3.6097    27.7087    27.7084    6.65598    6.64109         33 0.0000e+00
     103054   4293.871    586.000     3.6513   3.238316     3.6511   3.238285      99.33     0.0183     2.8068     2.4664  33.677654  3.6544566   48.49940  -46.71462    34.8522    34.8520     3.6100     3.6099    27.7086    27.7084    6.66236    6.63241         20 0.0000e+00
     103071   4294.595    585.000     3.6530   3.238425     3.6531   3.238427      98.63     0.0171     2.8072     2.4664  33.677654  3.6544566   48.49940  -46.71462    34.8522    34.8521     3.6119     3.6120    27.7084    27.7083    6.66381    6.62954         16 0.0000e+00
     103087   4295.238    584.000     3.6551   3.238584     3.6555   3.238619      97.77     0.0135     2.8075     2.4663  33.677654  3.6544566   48.49940  -46.71462    34.8524    34.8523     3.6140     3.6144    27.7083    27.7083    6.66031    6.63366         15 0.0000e+00
     103102   4295.876    583.000     3.6564   3.238676     3.6569   3.238706      74.40     0.0138     2.8077     2.4670  33.677654  3.6544566   48.49941  -46.71462    34.8526    34.8524     3.6154     3.6159    27.7084    27.7082    6.65799    6.63898         16 0.0000e+00
     103119   4296.596    582.000     3.6571   3.238705     3.6566   3.238626      97.73     0.0160     2.8078     2.4674  33.677654  3.6544566   48.49942  -46.71462    34.8528    34.8523     3.6161     3.6156    27.7084    27.7081    6.65897    6.63926         19 0.0000e+00
     103145   4297.665    581.000     3.6570   3.238655     3.6558   3.238504      98.64     0.0132     2.8083     2.4685  33.677654  3.6544566   48.49942  -46.71461    34.8528    34.8522     3.6161     3.6149    27.7084    27.7081    6.65913    6.64686         34 0.0000e+00
     103185   4299.336    580.000     3.6560   3.238502     3.6558   3.238453      98.63     0.0116     2.8084     2.4699  33.677654  3.6544566   48.49942  -46.71460    34.8525    34.8522     3.6152     3.6150    27.7083    27.7081    6.65838    6.64126         41 0.0000e+00
     103219   4300.766    579.000     3.6559   3.238434     3.6554   3.238352      98.63     0.0141     2.8094     2.4699  33.677654  3.6544566   48.49942  -46.71460    34.8524    34.8520     3.6152     3.6146    27.7082    27.7079    6.66251    6.63493         27 0.0000e+00
     103240   4301.642    578.000     3.6544   3.238228     3.6535   3.238106      98.63     0.0152     2.8092     2.4698  33.677654  3.6544566   48.49942  -46.71460    34.8521    34.8516     3.6137     3.6128    27.7081    27.7078    6.65937    6.63954         18 0.0000e+00
     103257   4302.328    577.000     3.6528   3.238007     3.6522   3.237928      98.63     0.0167     2.8101     2.4704  33.677654  3.6544566   48.49942  -46.71460    34.8517    34.8513     3.6122     3.6116    27.7079    27.7077    6.66535    6.64287         15 0.0000e+00
     103272   4302.944    576.000     3.6525   3.237938     3.6519   3.237852      98.63     0.0178     2.8103     2.4707  33.677654  3.6544566   48.49942  -46.71458    34.8517    34.8513     3.6120     3.6114    27.7080    27.7077    6.66174    6.63646         14 0.0000e+00
     103286   4303.552    575.000     3.6521   3.237863     3.6515   3.237768      98.63     0.0168     2.8104     2.4700  33.667728  3.6544566   48.49942  -46.71458    34.8518    34.8513     3.6116     3.6111    27.7081    27.7077    6.66019    6.63171         15 0.0000e+00
     103303   4304.233    574.000     3.6515   3.237750     3.6506   3.237634      98.63     0.0166     2.8102     2.4702  33.669140  3.6544566   48.49942  -46.71458    34.8516    34.8511     3.6111     3.6103    27.7080    27.7077    6.66166    6.64131         19 0.0000e+00
     103331   4305.397    573.000     3.6510   3.237660     3.6503   3.237561      98.63     0.0171     2.8110     2.4715  33.668438  3.6544566   48.49942  -46.71458    34.8516    34.8511     3.6107     3.6100    27.7080    27.7077    6.66085    6.64957         44 0.0000e+00
     103381   4307.505    572.000     3.6512   3.237637     3.6512   3.237598      98.63     0.0171     2.8119     2.4732  33.663147  3.6544566   48.49942  -46.71456    34.8516    34.8512     3.6110     3.6110    27.7080    27.7077    6.66866    6.64781         38 0.0000e+00
     103405   4308.520    571.000     3.6512   3.237579     3.6508   3.237509      98.63     0.0178     2.8130     2.4738  33.659191  3.6544566   48.49942  -46.71456    34.8514    34.8510     3.6111     3.6107    27.7079    27.7076    6.67363    6.65283         20 0.0000e+00
     103423   4309.251    570.000     3.6460   3.237037     3.6456   3.236906      98.63     0.0175     2.8135     2.4743  33.661224  3.6538281   48.49944  -46.71456    34.8508    34.8499     3.6059     3.6056    27.7079    27.7072    6.67226    6.65162         16 0.0000e+00
     103438   4309.889    569.000     3.6414   3.236482     3.6407   3.236370      98.63     0.0156     2.8143     2.4745  33.670029  3.6544700   48.49944  -46.71456    34.8498    34.8492     3.6015     3.6008    27.7075    27.7071    6.67225    6.65316         15 0.0000e+00
     103453   4310.506    568.000     3.6405   3.236321     3.6404   3.236287      98.63     0.0167     2.8145     2.4751  33.659973  3.6537988   48.49944  -46.71456    34.8494    34.8490     3.6006     3.6006    27.7073    27.7070    6.66904    6.65673         15 0.0000e+00
     103469   4311.176    567.000     3.6406   3.236284     3.6410   3.236296      98.63     0.0153     2.8144     2.4756  33.669357  3.6544459   48.49944  -46.71456    34.8494    34.8491     3.6008     3.6012    27.7073    27.7070    6.67095    6.65258         18 0.0000e+00
     103490   4312.053    566.000     3.6410   3.236288     3.6409   3.236224      98.63     0.0172     2.8157     2.4754  33.670815  3.6544566   48.49944  -46.71456    34.8495    34.8489     3.6013     3.6012    27.7073    27.7068    6.67558    6.64386         26 0.0000e+00
     103531   4313.742    565.000     3.6407   3.236209     3.6407   3.236171      98.63     0.0174     2.8158     2.4753  33.659607  3.6525006   48.49944  -46.71454    34.8494    34.8490     3.6011     3.6010    27.7073    27.7069    6.66798    6.64828         51 0.0000e+00
     103570   4315.372    564.000     3.6408   3.236153     3.6409   3.236145      98.63     0.0179     2.8167     2.4757  33.671886  3.6455660   48.49944  -46.71454    34.8492    34.8490     3.6012     3.6013    27.7071    27.7069    6.67680    6.64202         26 0.0000e+00
     103591   4316.260    563.000     3.6389   3.235923     3.6391   3.235897      98.63     0.0197     2.8168     2.4750  33.677719  3.6446767   48.49944  -46.71452    34.8489    34.8484     3.5995     3.5996    27.7070    27.7066    6.67220    6.64544         19 0.0000e+00
     103609   4317.008    562.000     3.6361   3.235577     3.6363   3.235558      98.63     0.0206     2.8177     2.4757  33.662846  3.6446886   48.49944  -46.71452    34.8484    34.8479     3.5967     3.5969    27.7069    27.7065    6.67396    6.65442         17 0.0000e+00
     103626   4317.724    561.000     3.6380   3.235698     3.6384   3.235723      98.63     0.0218     2.8172     2.4761  33.646847  3.6446886   48.49944  -46.71452    34.8483    34.8482     3.5987     3.5990    27.7066    27.7065    6.66586    6.65053         18 0.0000e+00
     103645   4318.495    560.000     3.6386   3.235729     3.6395   3.235787      98.63     0.0172     2.8174     2.4764  33.653965  3.6446886   48.49944  -46.71452    34.8486    34.8483     3.5993     3.6003    27.7068    27.7065    6.66809    6.64895         20 0.0000e+00
     103667   4319.435    559.000     3.6395   3.235775     3.6399   3.235781      98.63     0.0156     2.8177     2.4765  33.642216  3.6446886   48.49944  -46.71452    34.8486    34.8484     3.6004     3.6007    27.7067    27.7065    6.66886    6.64518         25 0.0000e+00
     103694   4320.523    558.000     3.6401   3.235785     3.6400   3.235742      98.63     0.0183     2.8178     2.4765  33.646107  3.6446886   48.49944  -46.71450    34.8487    34.8483     3.6010     3.6009    27.7067    27.7064    6.67073    6.64362         26 0.0000e+00
     103718   4321.535    557.000     3.6400   3.235735     3.6398   3.235688      98.63     0.0140     2.8183     2.4765  33.640743  3.6446886   48.49944  -46.71450    34.8487    34.8484     3.6010     3.6037    27.7067    27.7064    6.67233    6.64358         23 0.0000e+00
     103740   4322.467    556.000     3.6400   3.235696     3.6399   3.235646      98.63     0.0149     2.8187     2.4767  33.639267  3.6446886   48.49944  -46.71450    34.8488    34.8484     3.6011     3.6009    27.7068    27.7064    6.67416    6.64669         21 0.0000e+00
     103761   4323.336    555.000     3.6401   3.235650     3.6404   3.235652      98.63     0.0151     2.8194     2.4769  33.635082  3.6451554   48.49946  -46.71450    34.8487    34.8484     3.6012     3.6015    27.7067    27.7064    6.67819    6.64908         21 0.0000e+00
     103781   4324.164    554.000     3.6404   3.235641     3.6409   3.235661      98.63     0.0116     2.8203     2.4775  33.635876  3.6461260   48.49946  -46.71448    34.8488    34.8485     3.6016     3.6021    27.7067    27.7064    6.67492    6.65088         20 0.0000e+00
     103802   4325.040    553.000     3.6410   3.235657     3.6416   3.235689      98.63     0.0096     2.8201     2.4780  33.642838  3.6451592   48.49946  -46.71448    34.8488    34.8487     3.6023     3.6028    27.7067    27.7065    6.66417    6.64747         22 0.0000e+00
     103829   4326.182    552.000     3.6419   3.235706     3.6424   3.235724      98.63     0.0131     2.8197     2.4784  33.650616  3.6447067   48.49946  -46.71448    34.8491    34.8487     3.6032     3.6037    27.7068    27.7065    6.66428    6.65235         34 0.0000e+00
     103866   4327.728    551.000     3.6421   3.235677     3.6431   3.235738      98.63     0.0143     2.8200     2.4793  33.637718  3.6446886   48.49946  -46.71447    34.8491    34.8487     3.6035     3.6045    27.7067    27.7063    6.67138    6.65484         34 0.0000e+00
     103892   4328.812    550.000     3.6433   3.235731     3.6434   3.235722      98.63     0.0151     2.8205     2.4803  33.635036  3.6446886   48.49946  -46.71446    34.8489    34.8487     3.6048     3.6048    27.7065    27.7063    6.66914    6.65197         21 0.0000e+00
