data/CTD/2014/CNV/u017a020.cnv
* Sea-Bird SBE 9 Data File:
* FileName = C:\CTD_ACQUISITION\2014017HUD\017A020.hdr
* Software Version Seasave V 7.23.1
* Temperature SN = 5081
* Conductivity SN = 3561
* Number of Bytes Per Scan = 37
* Number of Voltage Words = 4
* Number of Scans Averaged by the Deck Unit = 1
* NMEA Latitude = 53 08.99 N
* NMEA Longitude = 050 44.43 W
* NMEA UTC (Time) = Jul 05 2014 00:39:02
* NMEA baud rate = 9600
** Ship: Hudson
** Cruise: HUD2014017
** Chief_Scientist: Blair Greenan
** Organization: BIO
** Area_of_Operation: Sackville Spur
** Station: 020
** Sounding:  3070
** Event_Comments: K9, 403105
** Windows 7 Test
# nquan = 25
# nvalues = 502                         
# units = specified
# name 0 = scan: Scan Count
# name 1 = timeS: Time, Elapsed [seconds]
# name 2 = prDM: Pressure, Digiquartz [db]
# name 3 = t068C: Temperature [ITS-68, deg C]
# name 4 = c0S/m: Conductivity [S/m]
# name 5 = t168C: Temperature, 2 [ITS-68, deg C]
# name 6 = c1S/m: Conductivity, 2 [S/m]
# name 7 = altM: Altimeter [m]
# name 8 = flC: Fluorescence, Chelsea Aqua 3 Chl Con [ug/l]
# name 9 = sbeox0V: Oxygen raw, SBE 43 [V]
# name 10 = sbeox1V: Oxygen raw, SBE 43, 2 [V]
# name 11 = upoly0: Upoly 0, Optode 4330F - O2 D-Phase
# name 12 = upoly1: Upoly 1, Optode 4330F - O2 Temp
# name 13 = latitude: Latitude [deg]
# name 14 = longitude: Longitude [deg]
# name 15 = sal00: Salinity, Practical [PSU]
# name 16 = sal11: Salinity, Practical, 2 [PSU]
# name 17 = potemp068C: Potential Temperature [ITS-68, deg C]
# name 18 = potemp168C: Potential Temperature, 2 [ITS-68, deg C]
# name 19 = sigma-é00: Density [sigma-theta, Kg/m^3]
# name 20 = sigma-é11: Density, 2 [sigma-theta, Kg/m^3]
# name 21 = sbeox0ML/L: Oxygen, SBE 43 [ml/l], WS = 2
# name 22 = sbeox1ML/L: Oxygen, SBE 43, 2 [ml/l], WS = 2
# name 23 = nbin: number of scans per bin
# name 24 = flag: flag
# span 0 =      24373,      39431       
# span 1 =   1015.516,   1642.929       
# span 2 =      1.000,    502.000       
# span 3 =     3.4354,     8.6574       
# span 4 =   3.188068,   3.634941       
# span 5 =     3.4350,     8.6555       
# span 6 =   3.187898,   3.634736       
# span 7 =      25.42,     102.77       
# span 8 =     0.0079,     0.2473       
# span 9 =     2.8233,     3.4153       
# span 10 =     2.4959,     2.9984      
# span 11 =  30.143942,  33.601864      
# span 12 =  2.7014062,  8.6151295      
# span 13 =   53.15078,   53.15110      
# span 14 =  -50.73534,  -50.73249      
# span 15 =    34.4982,    34.8643      
# span 16 =    34.4979,    34.8637      
# span 17 =     3.4284,     8.6573      
# span 18 =     3.4280,     8.6553      
# span 19 =    26.7797,    27.7157      
# span 20 =    26.7798,    27.7153      
# span 21 =    6.50285,    7.50030      
# span 22 =    6.26544,    7.53168      
# span 23 =         11,         75      
# span 24 = 0.0000e+00, 0.0000e+00      
# interval = decibars: 1                
# start_time = Jul 05 2014 00:39:02 [NMEA time, header]
# bad_flag = -9.990e-29
*END*
      24373   1015.516    502.000     3.6412   3.234358     3.6410   3.234308      25.42     0.0136     2.8268     2.4967  33.575108  3.6348462   53.15078  -50.73534    34.8604    34.8599     3.6062     3.6061    27.7155    27.7151    6.64304    6.66538         23 0.0000e+00
      24411   1017.067    501.000     3.6405   3.234253     3.6410   3.234249      95.40     0.0137     2.8271     2.4971  33.589497  3.6385925   53.15078  -50.73534    34.8604    34.8598     3.6056     3.6061    27.7155    27.7150    6.64379    6.66818         33 0.0000e+00
      24539   1022.396    500.000     3.6413   3.234298     3.6428   3.234400      98.64     0.0153     2.8262     2.4979  33.575886  3.6351233   53.15078  -50.73530    34.8606    34.8603     3.6065     3.6079    27.7156    27.7152    6.63229    6.66967         22 0.0000e+00
      24594   1024.720    499.000     3.6417   3.234297     3.6434   3.234408      98.63     0.0140     2.8253     2.4981  33.575615  3.6419013   53.15078  -50.73529    34.8607    34.8602     3.6069     3.6086    27.7157    27.7151    6.63222    6.66467         62 0.0000e+00
      24634   1026.364    498.000     3.6428   3.234335     3.6434   3.234363      50.10     0.0181     2.8252     2.4980  33.576527  3.6448305   53.15078  -50.73528    34.8605    34.8602     3.6081     3.6087    27.7154    27.7151    6.64247    6.65962         21 0.0000e+00
      24650   1027.051    497.000     3.6440   3.234411     3.6438   3.234354      99.24     0.0173     2.8263     2.4975  33.575073  3.6446886   53.15078  -50.73526    34.8607    34.8602     3.6093     3.6091    27.7154    27.7151    6.64790    6.65284         15 0.0000e+00
      24664   1027.608    496.000     3.6453   3.234499     3.6448   3.234430      98.63     0.0148     2.8268     2.4968  33.575092  3.6446886   53.15078  -50.73526    34.8609    34.8606     3.6107     3.6102    27.7155    27.7153    6.63834    6.65283         12 0.0000e+00
      24676   1028.123    495.000     3.6466   3.234586     3.6464   3.234547      98.63     0.0158     2.8263     2.4972  33.575092  3.6446886   53.15078  -50.73526    34.8611    34.8608     3.6121     3.6119    27.7155    27.7152    6.63037    6.65854         13 0.0000e+00
      24689   1028.661    494.000     3.6475   3.234643     3.6476   3.234603      98.63     0.0164     2.8257     2.4970  33.575092  3.6446886   53.15078  -50.73526    34.8614    34.8608     3.6130     3.6132    27.7156    27.7151    6.63415    6.66090         13 0.0000e+00
      24704   1029.295    493.000     3.6478   3.234645     3.6490   3.234714      98.63     0.0174     2.8266     2.4976  33.575092  3.6446886   53.15078  -50.73526    34.8616    34.8611     3.6134     3.6147    27.7157    27.7152    6.63781    6.66293         18 0.0000e+00
      24727   1030.268    492.000     3.6497   3.234764     3.6531   3.235077      98.63     0.0220     2.8262     2.4979  33.575092  3.6446886   53.15078  -50.73524    34.8615    34.8616     3.6154     3.6188    27.7155    27.7152    6.62178    6.65949         31 0.0000e+00
      24762   1031.699    491.000     3.6512   3.234873     3.6550   3.235217      98.63     0.0177     2.8247     2.4980  33.576523  3.6446886   53.15078  -50.73524    34.8617    34.8618     3.6170     3.6208    27.7154    27.7152    6.61618    6.65524         32 0.0000e+00
      24789   1032.842    490.000     3.6522   3.234913     3.6564   3.235298      98.63     0.0185     2.8246     2.4978  33.593975  3.6446886   53.15078  -50.73523    34.8616    34.8618     3.6181     3.6222    27.7153    27.7150    6.62556    6.65170         25 0.0000e+00
      24813   1033.826    489.000     3.6582   3.235476     3.6585   3.235469      35.01     0.0167     2.8241     2.4975  33.591042  3.6446886   53.15078  -50.73522    34.8625    34.8621     3.6241     3.6244    27.7154    27.7151    6.61159    6.64802         23 0.0000e+00
      24836   1034.797    488.000     3.6633   3.235948     3.6627   3.235870      91.24     0.0127     2.8233     2.4974  33.565403  3.6446886   53.15078  -50.73521    34.8633    34.8630     3.6293     3.6287    27.7155    27.7153    6.62169    6.64767         23 0.0000e+00
      24858   1035.713    487.000     3.6667   3.236258     3.6661   3.236157      98.85     0.0182     2.8245     2.4970  33.569336  3.6446886   53.15078  -50.73520    34.8639    34.8634     3.6328     3.6321    27.7156    27.7153    6.62446    6.64030         20 0.0000e+00
      24876   1036.478    486.000     3.6689   3.236434     3.6684   3.236331      96.78     0.0174     2.8247     2.4967  33.569054  3.6541181   53.15078  -50.73520    34.8642    34.8635     3.6350     3.6345    27.7156    27.7152    6.61244    6.63652         17 0.0000e+00
      24893   1037.151    485.000     3.6691   3.236409     3.6691   3.236351      76.98     0.0173     2.8238     2.4959  33.573292  3.6544609   53.15078  -50.73520    34.8643    34.8636     3.6352     3.6352    27.7157    27.7151    6.61307    6.63555         16 0.0000e+00
      24909   1037.826    484.000     3.6690   3.236355     3.6692   3.236328      98.46     0.0197     2.8240     2.4960  33.569954  3.6544566   53.15078  -50.73519    34.8642    34.8637     3.6352     3.6371    27.7157    27.7152    6.61469    6.64204         17 0.0000e+00
      24930   1038.703    483.000     3.6691   3.236322     3.6687   3.236212      98.64     0.0188     2.8242     2.4964  33.578606  3.6635234   53.15078  -50.73518    34.8643    34.8633     3.6354     3.6352    27.7157    27.7150    6.61772    6.64710         28 0.0000e+00
      24985   1040.985    482.000     3.6687   3.236233     3.6682   3.236125      98.63     0.0194     2.8257     2.4983  33.593887  3.6642246   53.15078  -50.73517    34.8642    34.8634     3.6351     3.6346    27.7156    27.7151    6.63073    6.65751         59 0.0000e+00
      25014   1042.221    481.000     3.6683   3.236125     3.6675   3.235982      98.63     0.0166     2.8280     2.4996  33.596825  3.6618471   53.15078  -50.73516    34.8639    34.8630     3.6347     3.6340    27.7154    27.7148    6.64014    6.66590         17 0.0000e+00
      25029   1042.818    480.000     3.6667   3.235907     3.6663   3.235812      93.93     0.0148     2.8284     2.5007  33.596500  3.6611886   53.15078  -50.73515    34.8635    34.8628     3.6332     3.6328    27.7152    27.7148    6.63981    6.67393         13 0.0000e+00
      25041   1043.326    479.000     3.6650   3.235677     3.6644   3.235562      73.95     0.0132     2.8288     2.5017  33.597084  3.6626329   53.15078  -50.73514    34.8630    34.8624     3.6316     3.6310    27.7151    27.7146    6.64980    6.68229         12 0.0000e+00
      25052   1043.803    478.000     3.6636   3.235495     3.6628   3.235348      96.86     0.0124     2.8309     2.5030  33.598270  3.6625967   53.15078  -50.73514    34.8629    34.8620     3.6303     3.6295    27.7151    27.7144    6.66264    6.68674         12 0.0000e+00
      25064   1044.300    477.000     3.6627   3.235368     3.6579   3.234773      98.60     0.0151     2.8320     2.5043  33.601864  3.6633904   53.15078  -50.73514    34.8629    34.8609     3.6294     3.6247    27.7152    27.7141    6.65850    6.68571         12 0.0000e+00
      25079   1044.899    476.000     3.6605   3.235133     3.6417   3.233062      98.63     0.0156     2.8337     2.5052  33.598473  3.6642003   53.15078  -50.73514    34.8630    34.8582     3.6274     3.6086    27.7154    27.7135    6.64981    6.67847         17 0.0000e+00
      25123   1046.754    475.000     3.6489   3.233895     3.6401   3.232875      98.63     0.0123     2.8331     2.5044  33.600960  3.6635633   53.15078  -50.73513    34.8611    34.8583     3.6159     3.6076    27.7151    27.7137    6.63445    6.65824         57 0.0000e+00
      25173   1048.838    474.000     3.6462   3.233496     3.6496   3.233768      98.60     0.0176     2.8326     2.5029  33.586777  3.6539400   53.15078  -50.73511    34.8597    34.8593     3.6132     3.6166    27.7142    27.7136    6.63648    6.65579         20 0.0000e+00
      25188   1049.472    473.000     3.6528   3.234125     3.6404   3.232794      71.71     0.0167     2.8331     2.5028  33.591778  3.6544566   53.15078  -50.73510    34.8608    34.8580     3.6199     3.6076    27.7144    27.7134    6.63324    6.65490         15 0.0000e+00
      25202   1050.023    472.000     3.6554   3.234307     3.6521   3.233983      97.58     0.0148     2.8321     2.5028  33.592190  3.6544566   53.15078  -50.73510    34.8606    34.8603     3.6226     3.6193    27.7140    27.7141    6.62664    6.65286         12 0.0000e+00
      25214   1050.524    471.000     3.6667   3.235367     3.6676   3.235460      98.64     0.0145     2.8333     2.5029  33.600796  3.6544566   53.15078  -50.73510    34.8618    34.8620     3.6339     3.6348    27.7139    27.7139    6.62804    6.64628         12 0.0000e+00
      25226   1051.060    470.000     3.6714   3.235817     3.6728   3.235927      98.63     0.0158     2.8321     2.5021  33.597088  3.6544566   53.15078  -50.73510    34.8627    34.8626     3.6387     3.6401    27.7141    27.7138    6.62517    6.63766         14 0.0000e+00
      25243   1051.768    469.000     3.6734   3.235984     3.6742   3.236024      98.63     0.0163     2.8324     2.5015  33.597698  3.6544566   53.15078  -50.73510    34.8632    34.8628     3.6407     3.6415    27.7143    27.7139    6.62343    6.63664         22 0.0000e+00
      25286   1053.556    468.000     3.6735   3.235959     3.6742   3.235981      98.63     0.0164     2.8322     2.5006  33.594776  3.6563284   53.15078  -50.73508    34.8633    34.8627     3.6409     3.6416    27.7143    27.7138    6.62371    6.63938         56 0.0000e+00
      25324   1055.140    467.000     3.6730   3.235835     3.6733   3.235823      93.77     0.0127     2.8326     2.5013  33.592983  3.6646059   53.15078  -50.73507    34.8629    34.8624     3.6404     3.6407    27.7141    27.7137    6.62682    6.64862         22 0.0000e+00
      25343   1055.896    466.000     3.6727   3.235765     3.6726   3.235706      80.55     0.0150     2.8328     2.5012  33.596733  3.6636350   53.15078  -50.73506    34.8629    34.8623     3.6402     3.6401    27.7141    27.7136    6.62745    6.64596         17 0.0000e+00
      25358   1056.560    465.000     3.6715   3.235604     3.6713   3.235521      98.57     0.0158     2.8331     2.5018  33.596157  3.6563151   53.15078  -50.73506    34.8628    34.8620     3.6391     3.6389    27.7141    27.7135    6.62772    6.65543         16 0.0000e+00
      25376   1057.274    464.000     3.6710   3.235515     3.6708   3.235439      98.63     0.0195     2.8333     2.5030  33.595921  3.6560059   53.15078  -50.73506    34.8628    34.8621     3.6387     3.6385    27.7141    27.7136    6.63618    6.66184         19 0.0000e+00
      25402   1058.372    463.000     3.6714   3.235499     3.6714   3.235456      98.63     0.0209     2.8348     2.5044  33.596203  3.6617975   53.15080  -50.73504    34.8627    34.8622     3.6392     3.6392    27.7140    27.7136    6.63433    6.66546         34 0.0000e+00
      25434   1059.696    462.000     3.6723   3.235519     3.6722   3.235489      98.63     0.0157     2.8356     2.5061  33.596191  3.6643572   53.15079  -50.73504    34.8625    34.8622     3.6401     3.6401    27.7138    27.7136    6.63466    6.66357         25 0.0000e+00
      25454   1060.560    461.000     3.6693   3.235193     3.6692   3.235118      98.63     0.0156     2.8359     2.5065  33.574669  3.6642246   53.15078  -50.73503    34.8623    34.8616     3.6372     3.6371    27.7140    27.7133    6.63731    6.66038         19 0.0000e+00
      25472   1061.271    460.000     3.6664   3.234861     3.6657   3.234725      96.99     0.0113     2.8368     2.5070  33.575092  3.6642246   53.15078  -50.73502    34.8620    34.8611     3.6344     3.6338    27.7139    27.7133    6.64157    6.66149         16 0.0000e+00
      25487   1061.933    459.000     3.6641   3.234591     3.6626   3.234365      74.76     0.0079     2.8372     2.5070  33.576000  3.6642246   53.15078  -50.73502    34.8618    34.8607     3.6322     3.6307    27.7140    27.7133    6.64842    6.66393         16 0.0000e+00
      25504   1062.618    458.000     3.6608   3.234229     3.6577   3.233816      98.48     0.0102     2.8388     2.5078  33.579369  3.6647937   53.15078  -50.73502    34.8615    34.8598     3.6290     3.6259    27.7141    27.7130    6.65803    6.66670         17 0.0000e+00
      25523   1063.433    457.000     3.6563   3.233701     3.6501   3.232993      98.63     0.0084     2.8404     2.5083  33.577694  3.6646538   53.15078  -50.73502    34.8605    34.8586     3.6246     3.6184    27.7137    27.7128    6.65770    6.67473         23 0.0000e+00
      25554   1064.694    456.000     3.6503   3.233041     3.6466   3.232606      98.63     0.0099     2.8420     2.5108  33.576603  3.6644766   53.15080  -50.73501    34.8595    34.8583     3.6187     3.6150    27.7135    27.7129    6.66770    6.69238         41 0.0000e+00
      25601   1066.647    455.000     3.6384   3.231825     3.6418   3.232056      98.63     0.0148     2.8488     2.5156  33.591660  3.6616166   53.15080  -50.73499    34.8582    34.8573     3.6069     3.6103    27.7137    27.7126    6.70966    6.72103         41 0.0000e+00
      25630   1067.869    454.000     3.6300   3.230888     3.6304   3.230839      80.62     0.0174     2.8532     2.5194  33.591686  3.6581833   53.15080  -50.73498    34.8564    34.8554     3.5986     3.5990    27.7131    27.7122    6.71701    6.72858         23 0.0000e+00
      25649   1068.661    453.000     3.6255   3.230374     3.6260   3.230337      95.07     0.0183     2.8556     2.5213  33.574787  3.6543858   53.15080  -50.73498    34.8556    34.8547     3.5942     3.5946    27.7129    27.7121    6.71316    6.73262         16 0.0000e+00
      25664   1069.311    452.000     3.6154   3.229308     3.6143   3.229092      98.75     0.0209     2.8572     2.5227  33.575092  3.6544566   53.15080  -50.73498    34.8542    34.8528     3.5842     3.5830    27.7128    27.7117    6.71638    6.74225         15 0.0000e+00
      25679   1069.916    451.000     3.6016   3.227890     3.5954   3.227110      98.63     0.0222     2.8584     2.5246  33.575092  3.6544566   53.15080  -50.73498    34.8524    34.8497     3.5705     3.5643    27.7127    27.7112    6.72505    6.75260         15 0.0000e+00
      25694   1070.554    450.000     3.5887   3.226491     3.5765   3.225157      98.63     0.0188     2.8606     2.5266  33.575092  3.6544566   53.15080  -50.73498    34.8499    34.8470     3.5578     3.5456    27.7120    27.7108    6.73009    6.75545         16 0.0000e+00
      25714   1071.354    449.000     3.5762   3.225216     3.5715   3.224612      98.63     0.0193     2.8617     2.5280  33.575092  3.6544566   53.15080  -50.73496    34.8485    34.8463     3.5454     3.5407    27.7121    27.7108    6.73026    6.75442         24 0.0000e+00
      25749   1072.849    448.000     3.5713   3.224619     3.5707   3.224477      98.63     0.0204     2.8655     2.5304  33.574409  3.6289425   53.15080  -50.73495    34.8472    34.8461     3.5405     3.5399    27.7115    27.7107    6.74707    6.75871         44 0.0000e+00
      25783   1074.238    447.000     3.5661   3.224062     3.5631   3.223642      75.08     0.0184     2.8686     2.5318  33.569988  3.6146395   53.15080  -50.73494    34.8466    34.8447     3.5354     3.5325    27.7115    27.7103    6.74596    6.75729         21 0.0000e+00
      25800   1074.963    446.000     3.5596   3.223324     3.5573   3.223038      99.17     0.0173     2.8698     2.5326  33.572414  3.6052990   53.15080  -50.73494    34.8452    34.8442     3.5290     3.5268    27.7111    27.7104    6.74660    6.76529         16 0.0000e+00
