data/CTD/2014/CNV/u017a020.cnv
* Sea-Bird SBE 9 Data File:
* FileName = C:\CTD_ACQUISITION\2014017HUD\017A020.hdr
* Software Version Seasave V 7.23.1
* Temperature SN = 5081
* Conductivity SN = 3561
* Number of Bytes Per Scan = 37
* Number of Voltage Words = 4
* Number of Scans Averaged by the Deck Unit = 1
* NMEA Latitude = 53 08.99 N
* NMEA Longitude = 050 44.43 W
* NMEA UTC (Time) = Jul 05 2014 00:39:02
* NMEA baud rate = 9600
** Ship: Hudson
** Cruise: HUD2014017
** Chief_Scientist: Blair Greenan
** Organization: BIO
** Area_of_Operation: Sackville Spur
** Station: 020
** Sounding:  3070
** Event_Comments: K9, 403105
** Windows 7 Test
# nquan = 25
# nvalues = 502                         
# units = specified
# name 0 = scan: Scan Count
# name 1 = timeS: Time, Elapsed [seconds]
# name 2 = prDM: Pressure, Digiquartz [db]
# name 3 = t068C: Temperature [ITS-68, deg C]
# name 4 = c0S/m: Conductivity [S/m]
# name 5 = t168C: Temperature, 2 [ITS-68, deg C]
# name 6 = c1S/m: Conductivity, 2 [S/m]
# name 7 = altM: Altimeter [m]
# name 8 = flC: Fluorescence, Chelsea Aqua 3 Chl Con [ug/l]
# name 9 = sbeox0V: Oxygen raw, SBE 43 [V]
# name 10 = sbeox1V: Oxygen raw, SBE 43, 2 [V]
# name 11 = upoly0: Upoly 0, Optode 4330F - O2 D-Phase
# name 12 = upoly1: Upoly 1, Optode 4330F - O2 Temp
# name 13 = latitude: Latitude [deg]
# name 14 = longitude: Longitude [deg]
# name 15 = sal00: Salinity, Practical [PSU]
# name 16 = sal11: Salinity, Practical, 2 [PSU]
# name 17 = potemp068C: Potential Temperature [ITS-68, deg C]
# name 18 = potemp168C: Potential Temperature, 2 [ITS-68, deg C]
# name 19 = sigma-é00: Density [sigma-theta, Kg/m^3]
# name 20 = sigma-é11: Density, 2 [sigma-theta, Kg/m^3]
# name 21 = sbeox0ML/L: Oxygen, SBE 43 [ml/l], WS = 2
# name 22 = sbeox1ML/L: Oxygen, SBE 43, 2 [ml/l], WS = 2
# name 23 = nbin: number of scans per bin
# name 24 = flag: flag
# span 0 =      24373,      39431       
# span 1 =   1015.516,   1642.929       
# span 2 =      1.000,    502.000       
# span 3 =     3.4354,     8.6574       
# span 4 =   3.188068,   3.634941       
# span 5 =     3.4350,     8.6555       
# span 6 =   3.187898,   3.634736       
# span 7 =      25.42,     102.77       
# span 8 =     0.0079,     0.2473       
# span 9 =     2.8233,     3.4153       
# span 10 =     2.4959,     2.9984      
# span 11 =  30.143942,  33.601864      
# span 12 =  2.7014062,  8.6151295      
# span 13 =   53.15078,   53.15110      
# span 14 =  -50.73534,  -50.73249      
# span 15 =    34.4982,    34.8643      
# span 16 =    34.4979,    34.8637      
# span 17 =     3.4284,     8.6573      
# span 18 =     3.4280,     8.6553      
# span 19 =    26.7797,    27.7157      
# span 20 =    26.7798,    27.7153      
# span 21 =    6.50285,    7.50030      
# span 22 =    6.26544,    7.53168      
# span 23 =         11,         75      
# span 24 = 0.0000e+00, 0.0000e+00      
# interval = decibars: 1                
# start_time = Jul 05 2014 00:39:02 [NMEA time, header]
# bad_flag = -9.990e-29
*END*
[from data line 290]
      33200   1383.312    212.000     3.4820   3.202867     3.4800   3.202586      85.61     0.0152     2.9679     2.6144  33.233360  2.7929609   53.15100  -50.73354    34.8093    34.8080     3.4680     3.4660    27.6885    27.6876    6.83109    6.84147         19 0.0000e+00
      33218   1384.037    211.000     3.4780   3.202401     3.4735   3.201862      98.54     0.0172     2.9684     2.6151  33.233784  2.7606018   53.15100  -50.73352    34.8085    34.8068     3.4641     3.4596    27.6882    27.6873    6.82851    6.84592         17 0.0000e+00
      33236   1384.778    210.000     3.4736   3.201897     3.4692   3.201369      98.63     0.0196     2.9694     2.6163  33.237259  2.7518475   53.15100  -50.73352    34.8077    34.8060     3.4598     3.4554    27.6880    27.6871    6.83812    6.85781         19 0.0000e+00
      33258   1385.723    209.000     3.4706   3.201531     3.4656   3.200922      98.63     0.0188     2.9714     2.6187  33.233856  2.7781744   53.15100  -50.73352    34.8070    34.8051     3.4569     3.4518    27.6877    27.6866    6.84591    6.86904         27 0.0000e+00
      33289   1386.990    208.000     3.4677   3.201154     3.4657   3.200901      98.63     0.0207     2.9742     2.6216  33.233513  2.7596076   53.15100  -50.73352    34.8062    34.8053     3.4540     3.4520    27.6873    27.6868    6.85321    6.87499         32 0.0000e+00
      33319   1388.247    207.000     3.4650   3.200861     3.4647   3.200731      83.41     0.0189     2.9761     2.6239  33.227497  2.7463970   53.15100  -50.73352    34.8060    34.8048     3.4514     3.4515    27.6875    27.6865    6.85410    6.87505         29 0.0000e+00
      33347   1389.432    206.000     3.4653   3.200802     3.4521   3.199327      74.08     0.0155     2.9781     2.6252  33.223389  2.7782874   53.15100  -50.73350    34.8056    34.8020     3.4517     3.4385    27.6871    27.6855    6.86211    6.87286         27 0.0000e+00
      33373   1390.495    205.000     3.4589   3.200212     3.4472   3.198724      99.49     0.0159     2.9801     2.6259  33.233334  2.7238219   53.15100  -50.73350    34.8057    34.8004     3.4454     3.4337    27.6878    27.6847    6.86156    6.87166         23 0.0000e+00
      33393   1391.348    204.000     3.4505   3.199164     3.4467   3.198584      98.63     0.0159     2.9811     2.6263  33.231907  2.7772291   53.15100  -50.73350    34.8028    34.7998     3.4371     3.4333    27.6863    27.6843    6.86311    6.87025         19 0.0000e+00
      33411   1392.071    203.000     3.4486   3.198793     3.4470   3.198530      98.63     0.0168     2.9819     2.6262  33.231682  2.7444494   53.15100  -50.73348    34.8009    34.7995     3.4352     3.4336    27.6850    27.6840    6.86138    6.86944         16 0.0000e+00
      33427   1392.732    202.000     3.4480   3.198638     3.4474   3.198508      98.63     0.0183     2.9819     2.6264  33.223408  2.7258046   53.15100  -50.73348    34.8002    34.7993     3.4347     3.4341    27.6845    27.6838    6.86367    6.87311         16 0.0000e+00
      33442   1393.391    201.000     3.4479   3.198557     3.4477   3.198499      98.63     0.0197     2.9834     2.6269  33.223442  2.7683158   53.15100  -50.73348    34.7999    34.7994     3.4347     3.4345    27.6842    27.6838    6.86734    6.87527         16 0.0000e+00
      33460   1394.128    200.000     3.4477   3.198498     3.4479   3.198465      98.63     0.0211     2.9838     2.6275  33.217003  2.7284362   53.15100  -50.73348    34.8000    34.7994     3.4345     3.4347    27.6843    27.6838    6.86456    6.87500         20 0.0000e+00
      33487   1395.239    199.000     3.4477   3.198462     3.4479   3.198417      71.07     0.0182     2.9844     2.6277  33.209797  2.7452781   53.15100  -50.73348    34.8001    34.7993     3.4346     3.4348    27.6844    27.6838    6.86213    6.86829         37 0.0000e+00
      33532   1397.114    198.000     3.4474   3.198398     3.4477   3.198373     101.09     0.0222     2.9850     2.6271  33.208382  2.7358997   53.15100  -50.73347    34.8001    34.7995     3.4344     3.4347    27.6844    27.6839    6.86010    6.86556         42 0.0000e+00
      33562   1398.358    197.000     3.4482   3.198417     3.4481   3.198355      98.63     0.0187     2.9856     2.6274  33.191578  2.7091491   53.15100  -50.73346    34.8000    34.7995     3.4353     3.4351    27.6843    27.6838    6.86409    6.87086         22 0.0000e+00
      33580   1399.121    196.000     3.4485   3.198385     3.4481   3.198320      98.63     0.0132     2.9858     2.6279  33.190441  2.7455328   53.15100  -50.73346    34.7999    34.7996     3.4356     3.4352    27.6841    27.6839    6.86444    6.87457         16 0.0000e+00
      33595   1399.768    195.000     3.4485   3.198326     3.4482   3.198270      98.63     0.0143     2.9864     2.6283  33.188217  2.7500837   53.15100  -50.73345    34.7997    34.7994     3.4357     3.4354    27.6840    27.6838    6.86236    6.87743         15 0.0000e+00
      33610   1400.388    194.000     3.4486   3.198290     3.4483   3.198217      98.64     0.0191     2.9864     2.6292  33.180302  2.7014062   53.15100  -50.73344    34.7998    34.7992     3.4359     3.4356    27.6840    27.6835    6.86326    6.88170         15 0.0000e+00
      33626   1401.050    193.000     3.4485   3.198237     3.4482   3.198170      57.52     0.0208     2.9871     2.6299  33.185101  2.7377896   53.15100  -50.73344    34.7998    34.7993     3.4358     3.4355    27.6840    27.6836    6.86105    6.88428         18 0.0000e+00
      33649   1401.989    192.000     3.4483   3.198189     3.4486   3.198171      83.67     0.0211     2.9870     2.6312  33.186447  2.7250195   53.15100  -50.73344    34.7999    34.7994     3.4357     3.4360    27.6841    27.6837    6.86202    6.88855         31 0.0000e+00
      33692   1403.789    191.000     3.4482   3.198132     3.4483   3.198095      99.58     0.0155     2.9883     2.6337  33.182446  2.7332604   53.15100  -50.73343    34.8000    34.7994     3.4356     3.4358    27.6842    27.6837    6.87047    6.89233         45 0.0000e+00
      33723   1405.066    190.000     3.4483   3.198091     3.4485   3.198056      98.63     0.0138     2.9895     2.6345  33.175591  2.7373977   53.15100  -50.73342    34.7998    34.7992     3.4359     3.4367    27.6840    27.6835    6.87666    6.88254         20 0.0000e+00
      33740   1405.797    189.000     3.4506   3.198191     3.4507   3.198158      98.63     0.0131     2.9912     2.6341  33.172981  3.2490501   53.15100  -50.73342    34.7992    34.7987     3.4382     3.4382    27.6833    27.6829    6.87423    6.88279         16 0.0000e+00
      33756   1406.441    188.000     3.4532   3.198287     3.4524   3.198180      98.63     0.0134     2.9906     2.6346  33.164795  3.4529259   53.15100  -50.73342    34.7981    34.7977     3.4408     3.4401    27.6822    27.6819    6.86489    6.88803         16 0.0000e+00
      33772   1407.106    187.000     3.4523   3.198130     3.4509   3.197886      71.37     0.0119     2.9910     2.6351  33.164837  3.4516308   53.15100  -50.73342    34.7978    34.7963     3.4400     3.4386    27.6820    27.6809    6.87097    6.89254         17 0.0000e+00
      33790   1407.890    186.000     3.4511   3.197917     3.4494   3.197651      68.86     0.0144     2.9919     2.6362  33.164837  3.4574943   53.15100  -50.73341    34.7970    34.7956     3.4389     3.4372    27.6815    27.6805    6.87453    6.89648         21 0.0000e+00
      33817   1408.988    185.000     3.4505   3.197809     3.4487   3.197540      97.76     0.0157     2.9928     2.6370  33.165726  3.4590554   53.15100  -50.73340    34.7968    34.7955     3.4384     3.4366    27.6814    27.6805    6.87592    6.88898         32 0.0000e+00
      33854   1410.522    184.000     3.4509   3.197817     3.4479   3.197398      98.63     0.0152     2.9937     2.6369  33.156872  3.4567149   53.15100  -50.73340    34.7971    34.7953     3.4389     3.4358    27.6815    27.6804    6.87643    6.88503         38 0.0000e+00
      33885   1411.829    183.000     3.4494   3.197571     3.4478   3.197335      98.63     0.0170     2.9949     2.6373  33.153702  3.4056139   53.15100  -50.73339    34.7963    34.7951     3.4374     3.4358    27.6810    27.6803    6.87731    6.89608         24 0.0000e+00
      33905   1412.655    182.000     3.4474   3.197289     3.4458   3.197066      98.63     0.0187     2.9952     2.6384  33.154259  3.4596131   53.15100  -50.73338    34.7956    34.7946     3.4354     3.4339    27.6807    27.6800    6.87650    6.90147         18 0.0000e+00
      33922   1413.358    181.000     3.4457   3.197053     3.4452   3.196958      66.98     0.0189     2.9956     2.6392  33.152004  3.4535737   53.15100  -50.73338    34.7951    34.7945     3.4338     3.4333    27.6805    27.6800    6.87909    6.89977         16 0.0000e+00
      33938   1414.062    180.000     3.4452   3.196959     3.4449   3.196874      63.61     0.0195     2.9960     2.6396  33.153439  3.4563820   53.15100  -50.73338    34.7950    34.7944     3.4334     3.4331    27.6804    27.6800    6.87860    6.89965         18 0.0000e+00
      33959   1414.900    179.000     3.4450   3.196884     3.4446   3.196796      97.12     0.0213     2.9965     2.6404  33.150326  3.4562533   53.15100  -50.73338    34.7949    34.7943     3.4333     3.4329    27.6804    27.6799    6.88080    6.89929         24 0.0000e+00
      33991   1416.249    178.000     3.4448   3.196832     3.4447   3.196764      98.63     0.0167     2.9973     2.6405  33.139736  3.4532852   53.15100  -50.73336    34.7950    34.7944     3.4332     3.4330    27.6804    27.6799    6.87800    6.89202         40 0.0000e+00
      34027   1417.753    177.000     3.4449   3.196782     3.4450   3.196754      98.63     0.0174     2.9977     2.6405  33.126644  3.4490881   53.15100  -50.73336    34.7949    34.7945     3.4333     3.4334    27.6803    27.6800    6.87868    6.89366         27 0.0000e+00
      34048   1418.617    176.000     3.4455   3.196794     3.4455   3.196773      98.63     0.0152     2.9983     2.6407  33.119144  3.4520779   53.15100  -50.73336    34.7949    34.7947     3.4340     3.4339    27.6803    27.6802    6.88072    6.89002         18 0.0000e+00
      34064   1419.282    175.000     3.4463   3.196855     3.4461   3.196817      96.17     0.0154     2.9985     2.6404  33.115078  3.4519348   53.15100  -50.73334    34.7954    34.7951     3.4348     3.4346    27.6806    27.6804    6.87465    6.88951         15 0.0000e+00
      34079   1419.912    174.000     3.4464   3.196842     3.4464   3.196809      29.73     0.0155     2.9983     2.6406  33.118896  3.4512868   53.15100  -50.73334    34.7957    34.7952     3.4350     3.4350    27.6808    27.6805    6.87200    6.89332         15 0.0000e+00
      34095   1420.576    173.000     3.4464   3.196804     3.4465   3.196768      93.64     0.0182     2.9979     2.6410  33.127682  3.4516232   53.15100  -50.73334    34.7957    34.7953     3.4351     3.4351    27.6808    27.6805    6.87512    6.89663         17 0.0000e+00
      34115   1421.410    172.000     3.4464   3.196769     3.4463   3.196711      98.50     0.0230     2.9988     2.6417  33.119324  3.4517658   53.15100  -50.73334    34.7959    34.7953     3.4352     3.4350    27.6809    27.6805    6.87946    6.89727         24 0.0000e+00
      34149   1422.831    171.000     3.4463   3.196715     3.4461   3.196657      98.63     0.0189     2.9996     2.6423  33.115456  3.4494026   53.15100  -50.73334    34.7959    34.7954     3.4351     3.4349    27.6810    27.6806    6.87901    6.89721         45 0.0000e+00
      34192   1424.605    170.000     3.4461   3.196646     3.4461   3.196595      98.63     0.0170     3.0005     2.6432  33.116375  3.4493284   53.15100  -50.73332    34.7958    34.7952     3.4350     3.4350    27.6809    27.6804    6.87973    6.89708         32 0.0000e+00
      34215   1425.589    169.000     3.4461   3.196578     3.4457   3.196496      80.91     0.0186     3.0004     2.6436  33.116489  3.4493284   53.15100  -50.73332    34.7956    34.7949     3.4350     3.4347    27.6807    27.6803    6.87941    6.90194         20 0.0000e+00
      34232   1426.297    168.000     3.4451   3.196408     3.4447   3.196344      41.36     0.0203     3.0013     2.6442  33.119930  3.4493284   53.15100  -50.73332    34.7951    34.7948     3.4341     3.4337    27.6804    27.6802    6.88487    6.90475         15 0.0000e+00
      34247   1426.921    167.000     3.4450   3.196312     3.4447   3.196259      99.06     0.0211     3.0011     2.6447  33.117935  3.4493284   53.15100  -50.73332    34.7947    34.7943     3.4340     3.4337    27.6801    27.6799    6.88990    6.90509         15 0.0000e+00
      34262   1427.536    166.000     3.4448   3.196254     3.4447   3.196198      98.63     0.0203     3.0030     2.6453  33.113110  3.4493284   53.15100  -50.73331    34.7946    34.7942     3.4340     3.4338    27.6801    27.6797    6.89546    6.90161         15 0.0000e+00
      34279   1428.240    165.000     3.4448   3.196194     3.4446   3.196134      98.63     0.0184     3.0034     2.6452  33.119244  3.4493284   53.15100  -50.73330    34.7946    34.7939     3.4340     3.4339    27.6800    27.6795    6.88418    6.89580         19 0.0000e+00
      34308   1429.447    164.000     3.4446   3.196141     3.4445   3.196061      98.63     0.0187     3.0042     2.6454  33.113819  3.4493284   53.15102  -50.73330    34.7946    34.7938     3.4339     3.4338    27.6801    27.6794    6.89026    6.90023         43 0.0000e+00
      34352   1431.285    163.000     3.4445   3.196081     3.4445   3.196028      98.63     0.0157     3.0062     2.6466  33.114975  3.4493284   53.15102  -50.73330    34.7946    34.7940     3.4338     3.4341    27.6801    27.6796    6.89410    6.90688         34 0.0000e+00
      34376   1432.281    162.000     3.4444   3.196010     3.4443   3.195921      39.54     0.0133     3.0067     2.6471  33.115761  3.4493284   53.15102  -50.73330    34.7943    34.7934     3.4339     3.4337    27.6798    27.6791    6.89463    6.90808         20 0.0000e+00
      34394   1433.044    161.000     3.4428   3.195753     3.4427   3.195686      98.50     0.0150     3.0075     2.6482  33.114845  3.4493284   53.15102  -50.73328    34.7935    34.7929     3.4323     3.4322    27.6793    27.6788    6.89408    6.91161         17 0.0000e+00
      34412   1433.805    160.000     3.4432   3.195675     3.4436   3.195688      98.63     0.0169     3.0076     2.6485  33.112839  3.4493284   53.15102  -50.73328    34.7927    34.7924     3.4328     3.4332    27.6786    27.6784    6.89092    6.90921         20 0.0000e+00
      34433   1434.677    159.000     3.4449   3.195763     3.4470   3.195945      98.63     0.0175     3.0083     2.6492  33.113834  3.4493284   53.15102  -50.73328    34.7925    34.7924     3.4345     3.4366    27.6784    27.6781    6.89506    6.90947         23 0.0000e+00
      34458   1435.688    158.000     3.4468   3.195895     3.4480   3.195977      98.63     0.0152     3.0088     2.6494  33.112331  3.4493284   53.15102  -50.73327    34.7926    34.7923     3.4365     3.4377    27.6782    27.6778    6.89578    6.90488         24 0.0000e+00
      34481   1436.668    157.000     3.4480   3.195956     3.4493   3.196045      98.63     0.0159     3.0098     2.6495  33.106087  3.4493284   53.15102  -50.73326    34.7926    34.7923     3.4377     3.4391    27.6781    27.6777    6.89439    6.90572         22 0.0000e+00
      34502   1437.552    156.000     3.4487   3.196003     3.4531   3.196348      98.63     0.0182     3.0100     2.6501  33.106228  3.4493284   53.15102  -50.73326    34.7930    34.7925     3.4385     3.4429    27.6783    27.6775    6.89275    6.90896         21 0.0000e+00
