data/CTD/2014/CNV/u017a038.cnv
* Sea-Bird SBE 9 Data File:
* FileName = C:\CTD_ACQUISITION\2014017HUD\ctddata\017A038.hdr
* Software Version Seasave V 7.22.2
* Temperature SN = 5081
* Conductivity SN = 3561
* Number of Bytes Per Scan = 37
* Number of Voltage Words = 4
* Number of Scans Averaged by the Deck Unit = 1
* NMEA Latitude = 48 18.52 N
* NMEA Longitude = 046 32.68 W
* NMEA UTC (Time) = Jul 10 2014 00:23:02
* NMEA baud rate = 9600
** Ship: Hudson
** Cruise: HUD2014017
** Chief_Scientist: Blair Greenan
** Organization: BIO
** Area_of_Operation: Sackville Spur
** Station: 038
** Sounding:  1034
** Event_Comments: SS_11, 403223
# nquan = 25
# nvalues = 1049                        
# units = specified
# name 0 = scan: Scan Count
# name 1 = timeS: Time, Elapsed [seconds]
# name 2 = prDM: Pressure, Digiquartz [db]
# name 3 = t068C: Temperature [ITS-68, deg C]
# name 4 = c0S/m: Conductivity [S/m]
# name 5 = t168C: Temperature, 2 [ITS-68, deg C]
# name 6 = c1S/m: Conductivity, 2 [S/m]
# name 7 = altM: Altimeter [m]
# name 8 = flC: Fluorescence, Chelsea Aqua 3 Chl Con [ug/l]
# name 9 = sbeox0V: Oxygen raw, SBE 43 [V]
# name 10 = sbeox1V: Oxygen raw, SBE 43, 2 [V]
# name 11 = upoly0: Upoly 0, Optode 4330F - O2 D-Phase
# name 12 = upoly1: Upoly 1, Optode 4330F - O2 Temp
# name 13 = latitude: Latitude [deg]
# name 14 = longitude: Longitude [deg]
# name 15 = sal00: Salinity, Practical [PSU]
# name 16 = sal11: Salinity, Practical, 2 [PSU]
# name 17 = potemp068C: Potential Temperature [ITS-68, deg C]
# name 18 = potemp168C: Potential Temperature, 2 [ITS-68, deg C]
# name 19 = sigma-é00: Density [sigma-theta, Kg/m^3]
# name 20 = sigma-é11: Density, 2 [sigma-theta, Kg/m^3]
# name 21 = sbeox0ML/L: Oxygen, SBE 43 [ml/l], WS = 2
# name 22 = sbeox1ML/L: Oxygen, SBE 43, 2 [ml/l], WS = 2
# name 23 = nbin: number of scans per bin
# name 24 = flag: flag
# span 0 =      35536,      63188       
# span 1 =   1480.644,   2632.779       
# span 2 =      1.000,   1049.000       
# span 3 =    -1.1879,     7.7616       
# span 4 =   2.671618,   3.389260       
# span 5 =    -1.1944,     7.7569       
# span 6 =   2.670629,   3.389115       
# span 7 =       3.98,     101.57       
# span 8 =     0.0092,     0.0863       
# span 9 =     2.5886,     3.7104       
# span 10 =     2.2857,     3.2512      
# span 11 =  30.500471,  34.615383      
# span 12 = -1.0437460,  7.7684445      
# span 13 =   48.30676,   48.30832      
# span 14 =  -46.53876,  -46.53633      
# span 15 =    32.7422,    34.8941      
# span 16 =    32.7452,    34.8936      
# span 17 =    -1.1887,     7.7615      
# span 18 =    -1.1952,     7.7568      
# span 19 =    25.5356,    27.7395      
# span 20 =    25.5386,    27.7391      
# span 21 =    6.22513,   10.23234      
# span 22 =    6.05183,   10.20186      
# span 23 =         12,        102      
# span 24 = 0.0000e+00, 0.0000e+00      
# interval = decibars: 1                
# start_time = Jul 10 2014 00:23:02 [NMEA time, header]
# bad_flag = -9.990e-29
*END*
[from data line 580]
      49426   2059.387    469.000     3.8543   3.251223     3.8548   3.251218      81.89     0.0127     2.8213     2.4792  33.639500  3.8595848   48.30800  -46.53690    34.8525    34.8520     3.8210     3.8214    27.6875    27.6871    6.57437    6.54812         23 0.0000e+00
      49455   2060.591    468.000     3.8550   3.251227     3.8557   3.251225      61.77     0.0174     2.8223     2.4804  33.638878  3.8595848   48.30800  -46.53691    34.8524    34.8517     3.8218     3.8224    27.6873    27.6867    6.57195    6.54833         34 0.0000e+00
      49488   2061.939    467.000     3.8557   3.251211     3.8567   3.251241      99.88     0.0149     2.8232     2.4811  33.640556  3.8595848   48.30800  -46.53692    34.8521    34.8513     3.8225     3.8255    27.6870    27.6863    6.57666    6.55284         28 0.0000e+00
      49512   2062.974    466.000     3.8572   3.251252     3.8581   3.251279      59.52     0.0172     2.8243     2.4822  33.641357  3.8595848   48.30800  -46.53692    34.8515    34.8508     3.8240     3.8250    27.6864    27.6857    6.57261    6.54546         23 0.0000e+00
      49533   2063.832    465.000     3.8593   3.251333     3.8593   3.251296      97.56     0.0182     2.8241     2.4814  33.636795  3.8595848   48.30800  -46.53692    34.8508    34.8503     3.8262     3.8262    27.6856    27.6852    6.56584    6.53576         19 0.0000e+00
      49551   2064.596    464.000     3.8602   3.251346     3.8604   3.251317      98.62     0.0207     2.8242     2.4814  33.639370  3.8660276   48.30800  -46.53692    34.8504    34.8499     3.8272     3.8274    27.6852    27.6847    6.56830    6.54126         18 0.0000e+00
      49569   2065.331    463.000     3.8610   3.251346     3.8615   3.251345      98.63     0.0208     2.8243     2.4814  33.636299  3.8681960   48.30800  -46.53692    34.8501    34.8496     3.8281     3.8285    27.6849    27.6844    6.57290    6.54662         17 0.0000e+00
      49587   2066.104    462.000     3.8616   3.251345     3.8622   3.251344      52.67     0.0196     2.8253     2.4824  33.637363  3.8664231   48.30802  -46.53692    34.8500    34.8494     3.8288     3.8293    27.6847    27.6841    6.57795    6.55225         20 0.0000e+00
      49610   2067.022    461.000     3.8622   3.251341     3.8624   3.251315      97.76     0.0167     2.8262     2.4831  33.639515  3.8666136   48.30802  -46.53693    34.8499    34.8493     3.8294     3.8296    27.6845    27.6841    6.57918    6.55794         25 0.0000e+00
      49638   2068.220    460.000     3.8624   3.251315     3.8623   3.251260      93.49     0.0177     2.8271     2.4853  33.636925  3.8684227   48.30800  -46.53694    34.8498    34.8493     3.8297     3.8296    27.6845    27.6841    6.57996    6.57011         32 0.0000e+00
      49671   2069.600    459.000     3.8623   3.251257     3.8617   3.251171      75.27     0.0148     2.8289     2.4873  33.633659  3.8693643   48.30800  -46.53694    34.8498    34.8494     3.8297     3.8291    27.6845    27.6842    6.58925    6.56441         33 0.0000e+00
      49704   2070.943    458.000     3.8621   3.251190     3.8620   3.251139      57.64     0.0105     2.8301     2.4881  33.633701  3.8693528   48.30800  -46.53694    34.8497    34.8492     3.8296     3.8295    27.6844    27.6840    6.58330    6.56383         31 0.0000e+00
      49731   2072.076    457.000     3.8620   3.251110     3.8613   3.250999      99.91     0.0121     2.8311     2.4886  33.633701  3.8693528   48.30802  -46.53694    34.8495    34.8489     3.8295     3.8288    27.6842    27.6838    6.59054    6.56131         23 0.0000e+00
      49750   2072.872    456.000     3.8602   3.250812     3.8594   3.250687      98.63     0.0139     2.8317     2.4889  33.633701  3.8693528   48.30802  -46.53694    34.8484    34.8478     3.8278     3.8270    27.6835    27.6831    6.58856    6.56338         17 0.0000e+00
      49766   2073.536    455.000     3.8568   3.250357     3.8565   3.250280      91.41     0.0190     2.8323     2.4891  33.633701  3.8693528   48.30802  -46.53694    34.8470    34.8465     3.8245     3.8242    27.6828    27.6824    6.59070    6.56439         15 0.0000e+00
      49781   2074.153    454.000     3.8558   3.250147     3.8552   3.250047      43.64     0.0229     2.8329     2.4895  33.633701  3.8693528   48.30802  -46.53694    34.8462    34.8456     3.8236     3.8230    27.6822    27.6818    6.58875    6.55933         15 0.0000e+00
      49796   2074.781    453.000     3.8557   3.250063     3.8556   3.249999      97.70     0.0229     2.8329     2.4890  33.633701  3.8693528   48.30802  -46.53694    34.8458    34.8451     3.8236     3.8235    27.6819    27.6814    6.58664    6.55209         15 0.0000e+00
      49813   2075.521    452.000     3.8558   3.250009     3.8559   3.249957      98.63     0.0202     2.8331     2.4888  33.632343  3.8693528   48.30802  -46.53695    34.8456    34.8449     3.8237     3.8238    27.6817    27.6811    6.59244    6.55747         21 0.0000e+00
      49844   2076.796    451.000     3.8556   3.249953     3.8556   3.249897      77.08     0.0179     2.8345     2.4896  33.632656  3.8652933   48.30802  -46.53696    34.8456    34.8449     3.8236     3.8242    27.6818    27.6812    6.59037    6.56546         43 0.0000e+00
      49886   2078.530    450.000     3.8555   3.249912     3.8552   3.249871      99.99     0.0151     2.8348     2.4913  33.630367  3.8612015   48.30802  -46.53696    34.8459    34.8456     3.8235     3.8233    27.6820    27.6818    6.59010    6.57402         32 0.0000e+00
      49912   2079.608    449.000     3.8555   3.249875     3.8552   3.249807      80.26     0.0129     2.8359     2.4918  33.627914  3.8595452   48.30802  -46.53696    34.8459    34.8454     3.8237     3.8233    27.6820    27.6816    6.59003    6.55689         23 0.0000e+00
      49932   2080.450    448.000     3.8553   3.249785     3.8549   3.249701      69.24     0.0150     2.8354     2.4909  33.622952  3.8595848   48.30802  -46.53696    34.8456    34.8451     3.8236     3.8231    27.6817    27.6814    6.58401    6.54680         19 0.0000e+00
      49950   2081.222    447.000     3.8551   3.249702     3.8547   3.249636      98.37     0.0150     2.8356     2.4898  33.619083  3.8595848   48.30802  -46.53696    34.8454    34.8450     3.8234     3.8230    27.6816    27.6813    6.58324    6.54862         18 0.0000e+00
      49969   2082.001    446.000     3.8550   3.249645     3.8549   3.249610      98.63     0.0123     2.8355     2.4899  33.619049  3.8595848   48.30802  -46.53696    34.8453    34.8450     3.8233     3.8233    27.6816    27.6813    6.58357    6.55574         19 0.0000e+00
      49989   2082.833    445.000     3.8550   3.249612     3.8553   3.249590      64.09     0.0143     2.8352     2.4900  33.591843  3.8595848   48.30802  -46.53696    34.8454    34.8448     3.8235     3.8238    27.6816    27.6811    6.58131    6.55697         21 0.0000e+00
      50010   2083.722    444.000     3.8552   3.249572     3.8559   3.249560      73.00     0.0136     2.8356     2.4903  33.589760  3.8604655   48.30802  -46.53696    34.8452    34.8444     3.8238     3.8244    27.6814    27.6807    6.58186    6.55860         22 0.0000e+00
      50034   2084.726    443.000     3.8559   3.249543     3.8560   3.249481      98.02     0.0152     2.8353     2.4911  33.594513  3.8603122   48.30802  -46.53697    34.8448    34.8439     3.8245     3.8246    27.6810    27.6802    6.58273    6.57001         27 0.0000e+00
      50068   2086.125    442.000     3.8558   3.249478     3.8558   3.249374      92.43     0.0155     2.8358     2.4931  33.595757  3.8638437   48.30802  -46.53698    34.8446    34.8433     3.8245     3.8245    27.6809    27.6798    6.58107    6.57213         39 0.0000e+00
      50102   2087.558    441.000     3.8554   3.249390     3.8557   3.249295      69.53     0.0160     2.8363     2.4934  33.608715  3.8695838   48.30802  -46.53698    34.8445    34.8431     3.8242     3.8244    27.6808    27.6796    6.59202    6.56025         27 0.0000e+00
      50125   2088.483    440.000     3.8554   3.249239     3.8548   3.249095      99.35     0.0159     2.8371     2.4935  33.598763  3.8682983   48.30802  -46.53698    34.8432    34.8422     3.8242     3.8236    27.6798    27.6790    6.58972    6.55861         19 0.0000e+00
      50142   2089.227    439.000     3.8524   3.248821     3.8518   3.248683      63.84     0.0152     2.8371     2.4930  33.592167  3.8658454   48.30802  -46.53698    34.8420    34.8410     3.8214     3.8207    27.6791    27.6784    6.58847    6.55963         17 0.0000e+00
      50159   2089.921    438.000     3.8486   3.248361     3.8467   3.248083      36.79     0.0174     2.8378     2.4933  33.588860  3.8670619   48.30802  -46.53698    34.8410    34.8398     3.8176     3.8157    27.6787    27.6779    6.58624    6.56474         17 0.0000e+00
      50177   2090.650    437.000     3.8446   3.247866     3.8430   3.247653      83.16     0.0178     2.8377     2.4936  33.600281  3.8682961   48.30802  -46.53698    34.8400    34.8391     3.8137     3.8120    27.6783    27.6777    6.58381    6.56302         19 0.0000e+00
      50197   2091.510    436.000     3.8434   3.247698     3.8425   3.247546      82.55     0.0178     2.8379     2.4937  33.606709  3.8684969   48.30802  -46.53698    34.8397    34.8389     3.8126     3.8117    27.6782    27.6776    6.58464    6.56247         23 0.0000e+00
      50223   2092.597    435.000     3.8433   3.247614     3.8438   3.247617      76.33     0.0194     2.8376     2.4937  33.596096  3.8627696   48.30802  -46.53698    34.8394    34.8389     3.8126     3.8131    27.6779    27.6775    6.58155    6.55906         29 0.0000e+00
      50255   2093.934    434.000     3.8441   3.247608     3.8443   3.247604      99.30     0.0170     2.8374     2.4932  33.592392  3.8594947   48.30802  -46.53698    34.8390    34.8388     3.8134     3.8136    27.6776    27.6773    6.57859    6.54873         32 0.0000e+00
      50283   2095.098    433.000     3.8438   3.247549     3.8428   3.247364      47.25     0.0160     2.8376     2.4918  33.590919  3.8595848   48.30802  -46.53699    34.8392    34.8381     3.8132     3.8122    27.6777    27.6769    6.57997    6.54291         24 0.0000e+00
      50304   2095.948    432.000     3.8420   3.247244     3.8410   3.247113      35.01     0.0164     2.8370     2.4916  33.591377  3.8595848   48.30802  -46.53700    34.8380    34.8375     3.8114     3.8105    27.6770    27.6766    6.57541    6.55567         18 0.0000e+00
      50321   2096.678    431.000     3.8454   3.247477     3.8452   3.247463      86.48     0.0123     2.8370     2.4924  33.588844  3.8595848   48.30803  -46.53700    34.8377    34.8378     3.8149     3.8147    27.6763    27.6764    6.57625    6.55627         17 0.0000e+00
      50339   2097.400    430.000     3.8485   3.247738     3.8494   3.247810      98.17     0.0104     2.8370     2.4922  33.586475  3.8595848   48.30804  -46.53700    34.8381    34.8380     3.8181     3.8189    27.6763    27.6762    6.57728    6.54926         18 0.0000e+00
      50359   2098.235    429.000     3.8493   3.247794     3.8505   3.247863      54.30     0.0093     2.8374     2.4923  33.587185  3.8595848   48.30804  -46.53700    34.8384    34.8379     3.8190     3.8202    27.6765    27.6760    6.57564    6.55419         23 0.0000e+00
      50385   2099.342    428.000     3.8503   3.247841     3.8510   3.247866      98.11     0.0121     2.8369     2.4931  33.582954  3.8592629   48.30802  -46.53700    34.8384    34.8380     3.8200     3.8207    27.6764    27.6760    6.57542    6.55849         30 0.0000e+00
      50415   2100.581    427.000     3.8506   3.247824     3.8511   3.247841      76.55     0.0128     2.8378     2.4938  33.592758  3.8595841   48.30802  -46.53700    34.8384    34.8381     3.8204     3.8218    27.6763    27.6761    6.58418    6.55901         29 0.0000e+00
      50444   2101.780    426.000     3.8507   3.247773     3.8511   3.247778      83.78     0.0131     2.8389     2.4946  33.583397  3.8595848   48.30802  -46.53701    34.8383    34.8379     3.8206     3.8219    27.6762    27.6759    6.58680    6.56031         28 0.0000e+00
      50471   2102.913    425.000     3.8506   3.247679     3.8504   3.247596      99.15     0.0131     2.8401     2.4950  33.589355  3.8595848   48.30802  -46.53702    34.8378    34.8370     3.8206     3.8203    27.6758    27.6752    6.58947    6.55966         25 0.0000e+00
      50493   2103.850    424.000     3.8474   3.247252     3.8466   3.247094      98.63     0.0136     2.8405     2.4957  33.584785  3.8595848   48.30802  -46.53702    34.8367    34.8356     3.8174     3.8166    27.6753    27.6745    6.58782    6.56614         21 0.0000e+00
      50513   2104.655    423.000     3.8446   3.246878     3.8437   3.246736      98.63     0.0122     2.8413     2.4964  33.590626  3.8595848   48.30802  -46.53702    34.8357    34.8349     3.8147     3.8138    27.6748    27.6742    6.59492    6.56350         18 0.0000e+00
      50531   2105.427    422.000     3.8436   3.246726     3.8429   3.246617      95.40     0.0134     2.8426     2.4963  33.588951  3.8595848   48.30802  -46.53702    34.8354    34.8349     3.8138     3.8131    27.6746    27.6743    6.59974    6.56107         19 0.0000e+00
      50552   2106.280    421.000     3.8426   3.246563     3.8415   3.246408      51.87     0.0152     2.8433     2.4970  33.589752  3.8595848   48.30802  -46.53702    34.8351    34.8345     3.8129     3.8118    27.6745    27.6741    6.60047    6.56895         22 0.0000e+00
      50575   2107.251    420.000     3.8415   3.246389     3.8370   3.245871      98.67     0.0156     2.8450     2.4978  33.589157  3.8595848   48.30802  -46.53702    34.8348    34.8334     3.8118     3.8074    27.6743    27.6737    6.60676    6.56373         25 0.0000e+00
      50600   2108.287    419.000     3.8344   3.245624     3.8305   3.245104      96.18     0.0175     2.8461     2.4972  33.588573  3.8595848   48.30802  -46.53702    34.8338    34.8317     3.8048     3.8010    27.6742    27.6730    6.60115    6.55488         25 0.0000e+00
      50625   2109.343    418.000     3.8314   3.245234     3.8229   3.244200      44.20     0.0196     2.8465     2.4971  33.587391  3.8595848   48.30802  -46.53702    34.8328    34.8295     3.8020     3.7934    27.6737    27.6720    6.59825    6.56367         25 0.0000e+00
      50650   2110.393    417.000     3.8248   3.244363     3.8178   3.243511      88.25     0.0121     2.8464     2.4978  33.589737  3.8595848   48.30802  -46.53702    34.8300    34.8273     3.7954     3.7894    27.6722    27.6708    6.59537    6.56928         26 0.0000e+00
      50676   2111.446    416.000     3.8199   3.243705     3.8172   3.243350      65.55     0.0142     2.8467     2.4985  33.591480  3.8595848   48.30802  -46.53702    34.8278    34.8265     3.7907     3.7890    27.6709    27.6701    6.59498    6.57269         25 0.0000e+00
      50700   2112.465    415.000     3.8199   3.243588     3.8194   3.243461      98.85     0.0163     2.8461     2.4994  33.585247  3.8540285   48.30802  -46.53702    34.8270    34.8260     3.7907     3.7902    27.6703    27.6695    6.59257    6.57702         23 0.0000e+00
      50722   2113.383    414.000     3.8203   3.243536     3.8200   3.243446      95.58     0.0171     2.8464     2.5003  33.582745  3.8497803   48.30802  -46.53702    34.8265    34.8257     3.7912     3.7909    27.6698    27.6692    6.59480    6.57582         21 0.0000e+00
      50743   2114.235    413.000     3.8205   3.243487     3.8204   3.243428      45.87     0.0167     2.8467     2.5006  33.583889  3.8473594   48.30802  -46.53702    34.8262    34.8257     3.7914     3.7913    27.6696    27.6692    6.60310    6.57659         20 0.0000e+00
