data/CTD/2014/CNV/u017a018.cnv
* Sea-Bird SBE 9 Data File:
* FileName = C:\CTD_ACQUISITION\2014017HUD\ctddata\017A018.hdr
* Software Version Seasave V 7.22.2
* Temperature SN = 5081
* Conductivity SN = 3561
* Number of Bytes Per Scan = 37
* Number of Voltage Words = 4
* Number of Scans Averaged by the Deck Unit = 1
* NMEA Latitude = 52 56.12 N
* NMEA Longitude = 051 12.28 W
* NMEA UTC (Time) = Jul 04 2014 19:19:31
* NMEA baud rate = 9600
** Ship: Hudson
** Cruise: HUD2014017
** Chief_Scientist: Blair Greenan
** Organization: BIO
** Area_of_Operation: Sackville Spur
** Station: 018
** Sounding:  2361
** Event_Comments: K8 403079
# nquan = 25
# nvalues = 251                         
# units = specified
# name 0 = scan: Scan Count
# name 1 = timeS: Time, Elapsed [seconds]
# name 2 = prDM: Pressure, Digiquartz [db]
# name 3 = t068C: Temperature [ITS-68, deg C]
# name 4 = c0S/m: Conductivity [S/m]
# name 5 = t168C: Temperature, 2 [ITS-68, deg C]
# name 6 = c1S/m: Conductivity, 2 [S/m]
# name 7 = altM: Altimeter [m]
# name 8 = flC: Fluorescence, Chelsea Aqua 3 Chl Con [ug/l]
# name 9 = sbeox0V: Oxygen raw, SBE 43 [V]
# name 10 = sbeox1V: Oxygen raw, SBE 43, 2 [V]
# name 11 = upoly0: Upoly 0, Optode 4330F - O2 D-Phase
# name 12 = upoly1: Upoly 1, Optode 4330F - O2 Temp
# name 13 = latitude: Latitude [deg]
# name 14 = longitude: Longitude [deg]
# name 15 = sal00: Salinity, Practical [PSU]
# name 16 = sal11: Salinity, Practical, 2 [PSU]
# name 17 = potemp068C: Potential Temperature [ITS-68, deg C]
# name 18 = potemp168C: Potential Temperature, 2 [ITS-68, deg C]
# name 19 = sigma-é00: Density [sigma-theta, Kg/m^3]
# name 20 = sigma-é11: Density, 2 [sigma-theta, Kg/m^3]
# name 21 = sbeox0ML/L: Oxygen, SBE 43 [ml/l], WS = 2
# name 22 = sbeox1ML/L: Oxygen, SBE 43, 2 [ml/l], WS = 2
# name 23 = nbin: number of scans per bin
# name 24 = flag: flag
# span 0 =      16195,      35865       
# span 1 =    674.740,   1494.336       
# span 2 =      1.000,    251.000       
# span 3 =     3.4569,     8.0575       
# span 4 =   3.194827,   3.549389       
# span 5 =     3.4563,     8.0539       
# span 6 =   3.194511,   3.549071       
# span 7 =       8.65,     102.76       
# span 8 =     0.0084,     0.2812       
# span 9 =     2.9636,     3.4771       
# span 10 =     2.6143,     3.0567      
# span 11 =  30.013721,  33.188545      
# span 12 =  3.4687755,  8.0772762      
# span 13 =   52.93539,   52.93582      
# span 14 =  -51.20290,  -51.20220      
# span 15 =    34.1743,    34.8332      
# span 16 =    34.1744,    34.8334      
# span 17 =     3.4454,     8.0574      
# span 18 =     3.4451,     8.0538      
# span 19 =    26.6171,    27.7055      
# span 20 =    26.6177,    27.7057      
# span 21 =    6.62042,    7.59438      
# span 22 =    6.55090,    7.67772      
# span 23 =         14,        129      
# span 24 = 0.0000e+00, 0.0000e+00      
# interval = decibars: 1                
# start_time = Jul 04 2014 19:19:31 [NMEA time, header]
# bad_flag = -9.990e-29
*END*
[from data line 232]
      32759   1364.918     19.000     6.8325   3.454615     6.8353   3.454857      76.49     0.1866     3.4290     3.0252  30.554140  6.6333885   52.93581  -51.20242    34.3462    34.3460     6.8307     6.8336    26.9271    26.9266    7.34431    7.39918         44 0.0000e+00
      33082   1378.368     18.000     6.9038   3.459661     6.8928   3.458995      98.70     0.1897     3.4486     3.0485  30.515736  6.8090315   52.93582  -51.20240    34.3310    34.3346     6.9022     6.8912    26.9054    26.9098    7.42729    7.45902         24 0.0000e+00
      33106   1379.392     17.000     6.9278   3.460728     6.9315   3.460421      75.43     0.2143     3.4621     3.0535  30.524746  6.8078499   52.93582  -51.20240    34.3195    34.3122     6.9263     6.9299    26.8930    26.8868    7.44411    7.39899         29 0.0000e+00
      33142   1380.860     16.000     6.9409   3.460400     6.9422   3.459988      86.24     0.2485     3.4702     3.0484  30.517870  6.8241043   52.93582  -51.20240    34.3030    34.2972     6.9395     6.9408    26.8783    26.8735    7.38422    7.34948         43 0.0000e+00
      33184   1382.630     15.000     6.9652   3.461093     7.0176   3.464455      91.40     0.2803     3.4685     3.0481  30.492275  6.8599963   52.93582  -51.20239    34.2869    34.2717     6.9638     7.0162    26.8623    26.8430    7.36880    7.38429         41 0.0000e+00
      33223   1384.245     14.000     7.0627   3.467332     7.3418   3.488414      79.89     0.2745     3.4683     3.0494  30.499399  6.8775644   52.93582  -51.20238    34.2590    34.2126     7.0614     7.3405    26.8267    26.7512    7.34298    7.34727         35 0.0000e+00
      33263   1385.896     13.000     7.4007   3.494405     7.6369   3.514305      95.35     0.2767     3.4609     3.0430  30.471016  6.8855076   52.93582  -51.20238    34.2202    34.2032     7.3995     7.6356    26.7487    26.7017    7.22108    7.24194         50 0.0000e+00
      33319   1388.270     12.000     7.6151   3.511097     7.6735   3.517200      98.80     0.2787     3.4427     3.0256  30.375523  6.9552946   52.93582  -51.20238    34.1919    34.1994     7.6140     7.6723    26.6959    26.6935    7.18640    7.14277         50 0.0000e+00
      33356   1389.796     11.000     7.7237   3.521238     7.7839   3.527414      44.86     0.2812     3.4452     3.0252  30.353176  7.1398420   52.93582  -51.20238    34.1937    34.2012     7.7227     7.7829    26.6816    26.6788    7.20508    7.20939         30 0.0000e+00
      33593   1399.653     10.000     7.7805   3.526744     7.7570   3.525440      86.31     0.2766     3.4575     3.0389  30.261667  7.3672447   52.93582  -51.20237    34.1981    34.2069     7.7795     7.7560    26.6768    26.6871    7.23389    7.22620         68 0.0000e+00
      34456   1435.607      9.000     7.8669   3.534029     7.8661   3.534041      67.96     0.2738     3.4728     3.0528  30.065702  7.8846765   52.93576  -51.20230    34.1921    34.1930     7.8660     7.8653    26.6594    26.6602    7.23599    7.22964         28 0.0000e+00
      34375   1432.237      8.000     7.8922   3.536124     7.8900   3.536094      85.79     0.2635     3.4715     3.0542  30.101591  7.7961569   52.93576  -51.20230    34.1903    34.1921     7.8915     7.8892    26.6542    26.6560    7.23626    7.23063         16 0.0000e+00
      34392   1432.950      7.000     7.9052   3.537162     7.9112   3.537644      98.48     0.2488     3.4734     3.0545  30.103403  7.7966604   52.93576  -51.20230    34.1892    34.1886     7.9045     7.9105    26.6515    26.6501    7.23344    7.22132         17 0.0000e+00
      34415   1433.900      6.000     7.9153   3.537795     7.9223   3.538142      72.15     0.2344     3.4742     3.0547  30.082577  7.8223724   52.93576  -51.20230    34.1866    34.1835     7.9147     7.9217    26.6479    26.6444    7.23139    7.21782         33 0.0000e+00
      34483   1436.765      5.000     7.9119   3.537477     7.9029   3.536923      60.41     0.2214     3.4737     3.0547  30.078304  7.8678479   52.93576  -51.20230    34.1870    34.1898     7.9115     7.9025    26.6487    26.6522    7.21229    7.22068         69 0.0000e+00
      34514   1438.048      4.000     7.9151   3.537416     7.9096   3.537281      67.36     0.2222     3.4744     3.0567  30.073301  7.8838081   52.93576  -51.20230    34.1837    34.1876     7.9147     7.9092    26.6456    26.6495    7.23632    7.22203         24 0.0000e+00
      34562   1440.053      3.000     7.9484   3.539949     7.9530   3.540500      74.86     0.1945     3.4763     3.0552  30.062889  7.8885388   52.93575  -51.20230    34.1789    34.1802     7.9480     7.9527    26.6369    26.6372    7.22530    7.20764         76 0.0000e+00
      34794   1449.688      2.000     7.9780   3.542645     7.9854   3.543299      76.45     0.1771     3.4771     3.0535  30.034256  7.9746022   52.93573  -51.20227    34.1792    34.1790     7.9778     7.9852    26.6328    26.6315    7.21598    7.19068         87 0.0000e+00
      35865   1494.336      1.000     8.0575   3.549389     8.0539   3.549071      73.41     0.1420     3.3505     2.9331  30.013721  8.0772762   52.93567  -51.20220    34.1743    34.1744     8.0574     8.0538    26.6171    26.6177    6.62042    6.55090         75 0.0000e+00
