data/CTD/2014/CNV/u017a046.cnv
* Sea-Bird SBE 9 Data File:
* FileName = C:\CTD_ACQUISITION\2014017HUD\ctddata\017A046.hdr
* Software Version Seasave V 7.22.2
* Temperature SN = 5081
* Conductivity SN = 3561
* Number of Bytes Per Scan = 37
* Number of Voltage Words = 4
* Number of Scans Averaged by the Deck Unit = 1
* NMEA Latitude = 47 54.02 N
* NMEA Longitude = 046 03.59 W
* NMEA UTC (Time) = Jul 10 2014 22:46:18
* NMEA baud rate = 9600
** Ship: Hudson
** Cruise: HUD2014017
** Chief_Scientist: Blair Greenan
** Organization: BIO
** Area_of_Operation: Sackville Spur
** Station: 046
** Sounding:  892
** Event_Comments: SS_18,403262
# nquan = 25
# nvalues = 908                         
# units = specified
# name 0 = scan: Scan Count
# name 1 = timeS: Time, Elapsed [seconds]
# name 2 = prDM: Pressure, Digiquartz [db]
# name 3 = t068C: Temperature [ITS-68, deg C]
# name 4 = c0S/m: Conductivity [S/m]
# name 5 = t168C: Temperature, 2 [ITS-68, deg C]
# name 6 = c1S/m: Conductivity, 2 [S/m]
# name 7 = altM: Altimeter [m]
# name 8 = flC: Fluorescence, Chelsea Aqua 3 Chl Con [ug/l]
# name 9 = sbeox0V: Oxygen raw, SBE 43 [V]
# name 10 = sbeox1V: Oxygen raw, SBE 43, 2 [V]
# name 11 = upoly0: Upoly 0, Optode 4330F - O2 D-Phase
# name 12 = upoly1: Upoly 1, Optode 4330F - O2 Temp
# name 13 = latitude: Latitude [deg]
# name 14 = longitude: Longitude [deg]
# name 15 = sal00: Salinity, Practical [PSU]
# name 16 = sal11: Salinity, Practical, 2 [PSU]
# name 17 = potemp068C: Potential Temperature [ITS-68, deg C]
# name 18 = potemp168C: Potential Temperature, 2 [ITS-68, deg C]
# name 19 = sigma-é00: Density [sigma-theta, Kg/m^3]
# name 20 = sigma-é11: Density, 2 [sigma-theta, Kg/m^3]
# name 21 = sbeox0ML/L: Oxygen, SBE 43 [ml/l], WS = 2
# name 22 = sbeox1ML/L: Oxygen, SBE 43, 2 [ml/l], WS = 2
# name 23 = nbin: number of scans per bin
# name 24 = flag: flag
# span 0 =      31862,      71278       
# span 1 =   1327.530,   2969.857       
# span 2 =      1.000,    908.000       
# span 3 =     1.1834,     8.1941       
# span 4 =   2.933282,   3.468076       
# span 5 =     1.1755,     8.1942       
# span 6 =   2.932669,   3.484598       
# span 7 =       5.42,     100.60       
# span 8 =     0.0076,     0.2369       
# span 9 =     2.5761,     3.5608       
# span 10 =     2.2737,     3.1213      
# span 11 =  29.883430,  34.630169      
# span 12 =  1.3783113,  8.2357273      
# span 13 =   47.90297,   47.90788      
# span 14 =  -46.06556,  -46.06187      
# span 15 =    33.1364,    34.9085      
# span 16 =    33.1359,    34.9078      
# span 17 =     1.1805,     8.1939      
# span 18 =     1.1726,     8.1941      
# span 19 =    25.8092,    27.7511      
# span 20 =    25.8087,    27.7505      
# span 21 =    6.23060,    7.79911      
# span 22 =    6.21921,    7.82698      
# span 23 =         14,         97      
# span 24 = 0.0000e+00, 0.0000e+00      
# interval = decibars: 1                
# start_time = Jul 10 2014 22:46:18 [NMEA time, header]
# bad_flag = -9.990e-29
*END*
[from data line 116]
      34961   1456.675    792.000     3.7874   3.262598     3.7871   3.262470      98.36     0.0153     2.6895     2.3702  34.072548  3.7971377   47.90322  -46.06244    34.8888    34.8876     3.7295     3.7292    27.7257    27.7248    6.47318    6.46422         29 0.0000e+00
      34985   1457.659    791.000     3.7873   3.262501     3.7868   3.262370      98.66     0.0109     2.6900     2.3715  34.073261  3.7970712   47.90322  -46.06244    34.8883    34.8871     3.7294     3.7290    27.7253    27.7244    6.48035    6.46769         20 0.0000e+00
      35003   1458.414    790.000     3.7872   3.262386     3.7866   3.262289      60.32     0.0132     2.6916     2.3722  34.073261  3.8010721   47.90322  -46.06244    34.8875    34.8870     3.7294     3.7289    27.7247    27.7243    6.48311    6.46382         16 0.0000e+00
      35019   1459.067    789.000     3.7869   3.262304     3.7864   3.262206      66.14     0.0161     2.6914     2.3724  34.073261  3.8009768   47.90324  -46.06246    34.8873    34.8867     3.7293     3.7288    27.7246    27.7241    6.47774    6.46451         16 0.0000e+00
      35034   1459.706    788.000     3.7868   3.262246     3.7864   3.262138      98.51     0.0179     2.6927     2.3733  34.073261  3.7983820   47.90324  -46.06246    34.8872    34.8864     3.7293     3.7288    27.7245    27.7239    6.48544    6.46896         15 0.0000e+00
      35050   1460.395    787.000     3.7869   3.262201     3.7867   3.262110      60.76     0.0161     2.6934     2.3738  34.073261  3.7944691   47.90324  -46.06246    34.8871    34.8863     3.7294     3.7292    27.7244    27.7237    6.48156    6.46955         18 0.0000e+00
      35071   1461.267    786.000     3.7869   3.262155     3.7871   3.262094      65.17     0.0148     2.6937     2.3747  34.072693  3.7958586   47.90324  -46.06246    34.8871    34.8862     3.7295     3.7297    27.7244    27.7236    6.47739    6.46867         25 0.0000e+00
      35102   1462.542    785.000     3.7869   3.262114     3.7874   3.262064      87.49     0.0126     2.6942     2.3751  34.065723  3.7912080   47.90324  -46.06246    34.8872    34.8861     3.7296     3.7300    27.7244    27.7235    6.47427    6.46418         35 0.0000e+00
      35136   1463.944    784.000     3.7871   3.262075     3.7873   3.262017      87.82     0.0120     2.6945     2.3752  34.053642  3.7912087   47.90324  -46.06247    34.8870    34.8861     3.7299     3.7301    27.7242    27.7235    6.47548    6.45787         31 0.0000e+00
      35163   1465.086    783.000     3.7878   3.262099     3.7884   3.262084      66.26     0.0130     2.6944     2.3750  34.041588  3.7912087   47.90324  -46.06248    34.8871    34.8862     3.7306     3.7313    27.7242    27.7235    6.47059    6.44958         25 0.0000e+00
      35186   1466.036    782.000     3.7921   3.262415     3.7908   3.262246      98.45     0.0112     2.6947     2.3737  34.052265  3.7976825   47.90324  -46.06248    34.8868    34.8862     3.7349     3.7337    27.7236    27.7232    6.47598    6.44126         21 0.0000e+00
      35206   1466.861    781.000     3.7953   3.262679     3.7930   3.262414      98.64     0.0141     2.6954     2.3735  34.052917  3.8004582   47.90324  -46.06248    34.8870    34.8863     3.7382     3.7359    27.7234    27.7231    6.47760    6.45089         18 0.0000e+00
      35224   1467.617    780.000     3.7991   3.262992     3.7961   3.262687      38.98     0.0169     2.6953     2.3736  34.047115  3.8009861   47.90324  -46.06248    34.8873    34.8868     3.7421     3.7391    27.7232    27.7231    6.47109    6.45125         18 0.0000e+00
      35242   1468.359    779.000     3.8013   3.263174     3.7997   3.262986      18.36     0.0155     2.6956     2.3738  34.024288  3.8004308   47.90326  -46.06250    34.8876    34.8871     3.7443     3.7428    27.7233    27.7230    6.46671    6.44950         18 0.0000e+00
      35261   1469.177    778.000     3.8023   3.263249     3.8023   3.263195      97.77     0.0155     2.6952     2.3737  34.027271  3.7996542   47.90326  -46.06250    34.8880    34.8874     3.7454     3.7454    27.7234    27.7230    6.47007    6.44566         22 0.0000e+00
      35287   1470.232    777.000     3.8029   3.263265     3.8040   3.263314      70.33     0.0150     2.6955     2.3737  34.017845  3.8002920   47.90326  -46.06250    34.8880    34.8874     3.7461     3.7472    27.7234    27.7228    6.46238    6.44794         29 0.0000e+00
      35317   1471.515    776.000     3.8045   3.263365     3.8057   3.263422      78.46     0.0190     2.6947     2.3738  34.014618  3.8028972   47.90326  -46.06250    34.8880    34.8874     3.7478     3.7490    27.7233    27.7226    6.46065    6.44410         31 0.0000e+00
      35345   1472.672    775.000     3.8039   3.263279     3.8070   3.263485      98.72     0.0131     2.6952     2.3737  34.014065  3.8080318   47.90326  -46.06251    34.8882    34.8874     3.7473     3.7503    27.7234    27.7225    6.46762    6.44583         25 0.0000e+00
      35368   1473.611    774.000     3.8088   3.263666     3.8080   3.263543      41.88     0.0125     2.6952     2.3739  34.014656  3.8092887   47.90326  -46.06252    34.8882    34.8875     3.7522     3.7514    27.7229    27.7225    6.46260    6.44838         20 0.0000e+00
      35386   1474.372    773.000     3.8107   3.263806     3.8095   3.263638      95.20     0.0138     2.6951     2.3743  34.015511  3.8107395   47.90326  -46.06252    34.8883    34.8876     3.7541     3.7529    27.7228    27.7224    6.46432    6.44888         17 0.0000e+00
      35402   1475.050    772.000     3.8120   3.263897     3.8110   3.263749      98.16     0.0137     2.6956     2.3745  34.014641  3.8107448   47.90326  -46.06252    34.8885    34.8878     3.7556     3.7545    27.7228    27.7224    6.46820    6.44708         15 0.0000e+00
      35418   1475.704    771.000     3.8133   3.263995     3.8127   3.263874      29.86     0.0174     2.6958     2.3747  34.013794  3.8107448   47.90326  -46.06252    34.8888    34.8880     3.7570     3.7563    27.7229    27.7224    6.46851    6.44650         17 0.0000e+00
      35435   1476.418    770.000     3.8145   3.264055     3.8144   3.263988      96.40     0.0173     2.6965     2.3750  34.009876  3.8107448   47.90326  -46.06252    34.8887    34.8881     3.7582     3.7581    27.7228    27.7223    6.46636    6.44588         18 0.0000e+00
      35457   1477.348    769.000     3.8145   3.264022     3.8154   3.264042      84.13     0.0186     2.6965     2.3752  34.008442  3.8107448   47.90328  -46.06254    34.8889    34.8882     3.7583     3.7592    27.7229    27.7222    6.46009    6.44660         28 0.0000e+00
      35496   1478.944    768.000     3.8144   3.263959     3.8147   3.263926      70.90     0.0175     2.6965     2.3758  34.006950  3.8107448   47.90327  -46.06254    34.8888    34.8881     3.7583     3.7585    27.7228    27.7222    6.46241    6.45017         44 0.0000e+00
      35530   1480.355    767.000     3.8161   3.264058     3.8164   3.264049      99.05     0.0136     2.6969     2.3768  34.007629  3.8159015   47.90328  -46.06254    34.8887    34.8882     3.7600     3.7604    27.7225    27.7221    6.46763    6.45687         25 0.0000e+00
      35551   1481.237    766.000     3.8194   3.264301     3.8184   3.264178      98.64     0.0130     2.6978     2.3775  34.007324  3.8178170   47.90328  -46.06254    34.8886    34.8882     3.7633     3.7624    27.7222    27.7219    6.46826    6.45015         18 0.0000e+00
      35568   1481.963    765.000     3.8212   3.264424     3.8203   3.264302      98.64     0.0116     2.6980     2.3773  34.010361  3.8153262   47.90328  -46.06254    34.8887    34.8882     3.7652     3.7643    27.7220    27.7217    6.46203    6.44457         17 0.0000e+00
      35585   1482.653    764.000     3.8221   3.264471     3.8216   3.264377      98.64     0.0127     2.6977     2.3773  34.006962  3.8147779   47.90328  -46.06255    34.8888    34.8883     3.7662     3.7657    27.7220    27.7216    6.46085    6.44027         17 0.0000e+00
      35603   1483.429    763.000     3.8226   3.264477     3.8221   3.264382      55.33     0.0148     2.6980     2.3768  34.009663  3.8131332   47.90328  -46.06256    34.8889    34.8882     3.7667     3.7663    27.7220    27.7215    6.46462    6.43938         21 0.0000e+00
      35629   1484.497    762.000     3.8229   3.264466     3.8232   3.264437      88.11     0.0103     2.6985     2.3772  34.004482  3.8202069   47.90328  -46.06256    34.8890    34.8883     3.7671     3.7674    27.7220    27.7215    6.46479    6.44734         31 0.0000e+00
      35661   1485.819    761.000     3.8244   3.264539     3.8244   3.264492      96.61     0.0139     2.6992     2.3777  34.005070  3.8205128   47.90328  -46.06256    34.8887    34.8882     3.7688     3.7687    27.7216    27.7212    6.46368    6.44765         29 0.0000e+00
      35686   1486.895    760.000     3.8255   3.264606     3.8254   3.264542      34.96     0.0101     2.6994     2.3780  34.005493  3.8205128   47.90328  -46.06256    34.8889    34.8882     3.7699     3.7698    27.7217    27.7212    6.45882    6.44575         24 0.0000e+00
      35709   1487.846    759.000     3.8269   3.264696     3.8262   3.264582      98.09     0.0101     2.6990     2.3783  34.003349  3.8213933   47.90328  -46.06257    34.8889    34.8883     3.7714     3.7707    27.7216    27.7212    6.45933    6.43870         22 0.0000e+00
      35731   1488.770    758.000     3.8278   3.264726     3.8271   3.264623      42.05     0.0095     2.6995     2.3775  34.000004  3.8214009   47.90328  -46.06258    34.8890    34.8884     3.7723     3.7717    27.7215    27.7211    6.46046    6.43403         22 0.0000e+00
      35754   1489.697    757.000     3.8285   3.264743     3.8277   3.264623      80.12     0.0112     2.6994     2.3774  34.002693  3.8205037   47.90328  -46.06258    34.8889    34.8883     3.7731     3.7723    27.7214    27.7210    6.45885    6.43988         22 0.0000e+00
      35774   1490.550    756.000     3.8294   3.264786     3.8288   3.264676      94.26     0.0175     2.6996     2.3778  34.002312  3.8205128   47.90328  -46.06258    34.8889    34.8883     3.7741     3.7735    27.7213    27.7209    6.46234    6.44198         19 0.0000e+00
      35792   1491.310    755.000     3.8307   3.264858     3.8300   3.264745      65.72     0.0203     2.7001     2.3779  33.998386  3.8215945   47.90328  -46.06258    34.8889    34.8884     3.7755     3.7748    27.7212    27.7208    6.46236    6.44352         18 0.0000e+00
      35810   1492.033    754.000     3.8316   3.264893     3.8311   3.264802      59.57     0.0192     2.7005     2.3784  33.988056  3.8227971   47.90328  -46.06258    34.8889    34.8884     3.7765     3.7759    27.7211    27.7207    6.46221    6.44467         17 0.0000e+00
      35829   1492.836    753.000     3.8320   3.264894     3.8322   3.264868      97.74     0.0171     2.7008     2.3787  33.985405  3.8236022   47.90328  -46.06259    34.8890    34.8885     3.7769     3.7772    27.7211    27.7206    6.46320    6.44059         22 0.0000e+00
      35860   1494.123    752.000     3.8328   3.264926     3.8339   3.264969      69.92     0.0177     2.7013     2.3789  33.996632  3.8224342   47.90328  -46.06260    34.8891    34.8885     3.7778     3.7789    27.7211    27.7204    6.46405    6.44323         42 0.0000e+00
      35900   1495.773    751.000     3.8355   3.265093     3.8355   3.265064      86.64     0.0170     2.7024     2.3799  34.002224  3.8228159   47.90329  -46.06260    34.8887    34.8884     3.7806     3.7806    27.7205    27.7202    6.46517    6.45151         30 0.0000e+00
      35923   1496.755    750.000     3.8372   3.265194     3.8370   3.265139      31.48     0.0164     2.7026     2.3812  34.002956  3.8229587   47.90330  -46.06260    34.8886    34.8882     3.7824     3.7821    27.7202    27.7199    6.46375    6.45516         20 0.0000e+00
      35942   1497.522    749.000     3.8396   3.265359     3.8389   3.265266     100.60     0.0108     2.7030     2.3816  34.001690  3.8257616   47.90330  -46.06260    34.8886    34.8882     3.7848     3.7841    27.7200    27.7197    6.46639    6.45160         17 0.0000e+00
      35958   1498.213    748.000     3.8419   3.265520     3.8416   3.265440      98.63     0.0101     2.7034     2.3822  34.001724  3.8262627   47.90330  -46.06260    34.8886    34.8880     3.7872     3.7868    27.7197    27.7193    6.46532    6.44840         17 0.0000e+00
      35976   1498.941    747.000     3.8437   3.265630     3.8434   3.265556      98.64     0.0132     2.7037     2.3821  34.001545  3.8246636   47.90330  -46.06261    34.8885    34.8879     3.7890     3.7888    27.7195    27.7190    6.46278    6.44167         19 0.0000e+00
      35997   1499.846    746.000     3.8443   3.265649     3.8448   3.265640      98.63     0.0142     2.7039     2.3819  33.989269  3.8301001   47.90330  -46.06262    34.8886    34.8880     3.7897     3.7902    27.7195    27.7189    6.46352    6.44166         25 0.0000e+00
      36024   1500.971    745.000     3.8452   3.265682     3.8461   3.265703      87.22     0.0165     2.7049     2.3821  33.979820  3.8357692   47.90330  -46.06262    34.8886    34.8879     3.7907     3.7916    27.7193    27.7187    6.47082    6.44485         27 0.0000e+00
      36050   1502.041    744.000     3.8462   3.265714     3.8474   3.265784      42.86     0.0121     2.7057     2.3827  33.983585  3.8351545   47.90330  -46.06262    34.8884    34.8880     3.7918     3.7930    27.7191    27.7186    6.47399    6.45137         24 0.0000e+00
      36074   1503.036    743.000     3.8481   3.265832     3.8482   3.265801      94.76     0.0126     2.7070     2.3835  33.985374  3.8392944   47.90330  -46.06262    34.8884    34.8878     3.7936     3.7938    27.7189    27.7184    6.47451    6.44974         24 0.0000e+00
      36098   1504.047    742.000     3.8487   3.265850     3.8485   3.265776      83.14     0.0128     2.7074     2.3836  33.985348  3.8416233   47.90330  -46.06262    34.8885    34.8878     3.7944     3.7942    27.7188    27.7183    6.47427    6.44625         25 0.0000e+00
      36124   1505.127    741.000     3.8486   3.265791     3.8482   3.265696      64.16     0.0144     2.7084     2.3841  33.985348  3.8462076   47.90330  -46.06262    34.8884    34.8876     3.7943     3.7940    27.7188    27.7182    6.47213    6.44878         27 0.0000e+00
      36151   1506.242    740.000     3.8475   3.265628     3.8470   3.265514      68.69     0.0133     2.7086     2.3843  33.985348  3.8471980   47.90330  -46.06264    34.8881    34.8873     3.7934     3.7929    27.7187    27.7181    6.47057    6.45006         26 0.0000e+00
      36175   1507.237    739.000     3.8449   3.265307     3.8441   3.265146      73.91     0.0155     2.7092     2.3853  33.985348  3.8484945   47.90330  -46.06264    34.8876    34.8865     3.7909     3.7901    27.7185    27.7178    6.47634    6.46522         22 0.0000e+00
      36195   1508.083    738.000     3.8421   3.264960     3.8411   3.264781      86.68     0.0182     2.7097     2.3868  33.977634  3.8498170   47.90330  -46.06264    34.8870    34.8860     3.7881     3.7871    27.7183    27.7176    6.48337    6.47722         19 0.0000e+00
      36214   1508.855    737.000     3.8410   3.264786     3.8404   3.264674      80.50     0.0178     2.7110     2.3887  33.973133  3.8498168   47.90330  -46.06264    34.8866    34.8859     3.7871     3.7865    27.7181    27.7176    6.50058    6.48428         18 0.0000e+00
      36232   1509.633    736.000     3.8429   3.264894     3.8430   3.264879      33.18     0.0189     2.7133     2.3903  33.978664  3.8498168   47.90330  -46.06264    34.8864    34.8861     3.7891     3.7892    27.7178    27.7175    6.50526    6.48772         20 0.0000e+00
