data/CTD/2014/CNV/u017a040.cnv
* Sea-Bird SBE 9 Data File:
* FileName = C:\CTD_ACQUISITION\2014017HUD\ctddata\017A040.hdr
* Software Version Seasave V 7.22.2
* Temperature SN = 5081
* Conductivity SN = 3561
* Number of Bytes Per Scan = 37
* Number of Voltage Words = 4
* Number of Scans Averaged by the Deck Unit = 1
* NMEA Latitude = 48 09.86 N
* NMEA Longitude = 046 24.35 W
* NMEA UTC (Time) = Jul 10 2014 03:17:53
* NMEA baud rate = 9600
** Ship: Hudson
** Cruise: HUD2014017
** Chief_Scientist: Blair Greenan
** Organization: BIO
** Area_of_Operation: Sackville Spur
** Station: 040
** Sounding:  1106
** Event_Comments: SS_14, 403229
# nquan = 25
# nvalues = 1131                        
# units = specified
# name 0 = scan: Scan Count
# name 1 = timeS: Time, Elapsed [seconds]
# name 2 = prDM: Pressure, Digiquartz [db]
# name 3 = t068C: Temperature [ITS-68, deg C]
# name 4 = c0S/m: Conductivity [S/m]
# name 5 = t168C: Temperature, 2 [ITS-68, deg C]
# name 6 = c1S/m: Conductivity, 2 [S/m]
# name 7 = altM: Altimeter [m]
# name 8 = flC: Fluorescence, Chelsea Aqua 3 Chl Con [ug/l]
# name 9 = sbeox0V: Oxygen raw, SBE 43 [V]
# name 10 = sbeox1V: Oxygen raw, SBE 43, 2 [V]
# name 11 = upoly0: Upoly 0, Optode 4330F - O2 D-Phase
# name 12 = upoly1: Upoly 1, Optode 4330F - O2 Temp
# name 13 = latitude: Latitude [deg]
# name 14 = longitude: Longitude [deg]
# name 15 = sal00: Salinity, Practical [PSU]
# name 16 = sal11: Salinity, Practical, 2 [PSU]
# name 17 = potemp068C: Potential Temperature [ITS-68, deg C]
# name 18 = potemp168C: Potential Temperature, 2 [ITS-68, deg C]
# name 19 = sigma-é00: Density [sigma-theta, Kg/m^3]
# name 20 = sigma-é11: Density, 2 [sigma-theta, Kg/m^3]
# name 21 = sbeox0ML/L: Oxygen, SBE 43 [ml/l], WS = 2
# name 22 = sbeox1ML/L: Oxygen, SBE 43, 2 [ml/l], WS = 2
# name 23 = nbin: number of scans per bin
# name 24 = flag: flag
# span 0 =      32941,      63625       
# span 1 =   1372.498,   2651.021       
# span 2 =      1.000,   1131.000       
# span 3 =    -1.1420,     7.4959       
# span 4 =   2.676256,   3.364744       
# span 5 =    -1.1446,     7.4978       
# span 6 =   2.675710,   3.364944       
# span 7 =       3.52,     101.46       
# span 8 =     0.0088,     0.0867       
# span 9 =     2.5321,     3.6108       
# span 10 =     2.2358,     3.1837      
# span 11 =  30.517439,  34.628815      
# span 12 = -0.9660915,  7.4897909      
# span 13 =   48.16276,   48.16322      
# span 14 =  -46.40526,  -46.40498      
# span 15 =    32.6984,    34.9074      
# span 16 =    32.7278,    34.9071      
# span 17 =    -1.1430,     7.4958      
# span 18 =    -1.1455,     7.4977      
# span 19 =    25.5624,    27.7549      
# span 20 =    25.5625,    27.7547      
# span 21 =    6.28287,   10.12476      
# span 22 =    6.26160,   10.25922      
# span 23 =         13,         65      
# span 24 = 0.0000e+00, 0.0000e+00      
# interval = decibars: 1                
# start_time = Jul 10 2014 03:17:53 [NMEA time, header]
# bad_flag = -9.990e-29
*END*
[from data line 116]
      36958   1539.883   1015.000     3.7384   3.268639     3.7381   3.268581      98.64     0.0138     2.5939     2.2866  34.346748  3.7363274   48.16318  -46.40508    34.8972    34.8968     3.6629     3.6626    27.7391    27.7389    6.37582    6.35146         18 0.0000e+00
      36979   1540.738   1014.000     3.7386   3.268613     3.7385   3.268567      93.65     0.0129     2.5945     2.2869  34.337578  3.7420139   48.16319  -46.40508    34.8972    34.8968     3.6632     3.6630    27.7391    27.7388    6.38582    6.35553         25 0.0000e+00
      37015   1542.260   1013.000     3.7386   3.268562     3.7382   3.268495      88.26     0.0149     2.5962     2.2880  34.332054  3.7423687   48.16320  -46.40508    34.8971    34.8968     3.6632     3.6628    27.7390    27.7388    6.38265    6.35526         43 0.0000e+00
      37048   1543.605   1012.000     3.7387   3.268506     3.7384   3.268448      61.15     0.0193     2.5964     2.2881  34.328903  3.7423687   48.16320  -46.40508    34.8969    34.8965     3.6634     3.6631    27.7388    27.7386    6.37870    6.34798         22 0.0000e+00
      37068   1544.440   1011.000     3.7389   3.268488     3.7387   3.268430      57.98     0.0202     2.5966     2.2878  34.337017  3.7413895   48.16320  -46.40508    34.8969    34.8965     3.6637     3.6635    27.7388    27.7385    6.38055    6.34920         20 0.0000e+00
      37087   1545.242   1010.000     3.7391   3.268461     3.7387   3.268389      98.34     0.0170     2.5968     2.2882  34.335472  3.7408323   48.16320  -46.40506    34.8969    34.8965     3.6640     3.6636    27.7388    27.7385    6.38094    6.35203         19 0.0000e+00
      37107   1546.102   1009.000     3.7391   3.268418     3.7387   3.268341      81.60     0.0174     2.5976     2.2884  34.335716  3.7415013   48.16320  -46.40506    34.8969    34.8964     3.6641     3.6637    27.7388    27.7384    6.38474    6.35509         23 0.0000e+00
      37132   1547.144   1008.000     3.7392   3.268366     3.7387   3.268287      91.45     0.0174     2.5979     2.2891  34.336971  3.7423501   48.16320  -46.40506    34.8967    34.8963     3.6642     3.6638    27.7386    27.7383    6.37960    6.35904         27 0.0000e+00
      37159   1548.248   1007.000     3.7391   3.268312     3.7387   3.268206      98.75     0.0174     2.5982     2.2898  34.336998  3.7452674   48.16320  -46.40506    34.8967    34.8959     3.6643     3.6638    27.7386    27.7380    6.38270    6.35975         24 0.0000e+00
      37181   1549.167   1006.000     3.7392   3.268237     3.7385   3.268109      79.64     0.0141     2.5988     2.2903  34.334000  3.7458010   48.16320  -46.40506    34.8963    34.8955     3.6643     3.6637    27.7383    27.7377    6.38114    6.36483         20 0.0000e+00
      37200   1549.957   1005.000     3.7388   3.268128     3.7381   3.268017      33.16     0.0156     2.5986     2.2913  34.331234  3.7445090   48.16320  -46.40506    34.8958    34.8952     3.6641     3.6634    27.7379    27.7375    6.38033    6.37305         18 0.0000e+00
      37218   1550.710   1004.000     3.7385   3.268036     3.7379   3.267935      89.75     0.0145     2.5991     2.2922  34.323093  3.7423627   48.16320  -46.40506    34.8956    34.8951     3.6639     3.6632    27.7377    27.7374    6.39350    6.37389         19 0.0000e+00
      37238   1551.522   1003.000     3.7382   3.267967     3.7374   3.267833      98.42     0.0131     2.6007     2.2931  34.323044  3.7432768   48.16320  -46.40506    34.8956    34.8949     3.6637     3.6629    27.7378    27.7373    6.40061    6.37467         21 0.0000e+00
      37264   1552.613   1002.000     3.7378   3.267864     3.7361   3.267642      98.63     0.0159     2.6017     2.2944  34.324070  3.7443860   48.16320  -46.40506    34.8953    34.8945     3.6633     3.6616    27.7376    27.7371    6.39879    6.38020         33 0.0000e+00
      37299   1554.068   1001.000     3.7376   3.267796     3.7351   3.267473      82.43     0.0141     2.6040     2.2960  34.322285  3.7435603   48.16320  -46.40506    34.8952    34.8941     3.6632     3.6607    27.7375    27.7369    6.40810    6.38140         32 0.0000e+00
      37325   1555.187   1000.000     3.7361   3.267576     3.7343   3.267332      93.67     0.0153     2.6049     2.2967  34.322346  3.7423692   48.16320  -46.40506    34.8947    34.8938     3.6618     3.6600    27.7373    27.7367    6.40582    6.37632         24 0.0000e+00
      37349   1556.148    999.000     3.7350   3.267394     3.7339   3.267243      45.16     0.0176     2.6064     2.2969  34.322346  3.7423687   48.16320  -46.40506    34.8943    34.8936     3.6608     3.6597    27.7370    27.7366    6.41162    6.37670         22 0.0000e+00
      37371   1557.084    998.000     3.7345   3.267285     3.7338   3.267184      82.68     0.0150     2.6070     2.2975  34.319618  3.7423687   48.16320  -46.40506    34.8940    34.8935     3.6603     3.6597    27.7369    27.7365    6.40766    6.38404         22 0.0000e+00
      37392   1557.941    997.000     3.7344   3.267214     3.7338   3.267118      74.80     0.0124     2.6081     2.2982  34.320885  3.7423687   48.16320  -46.40506    34.8938    34.8932     3.6604     3.6598    27.7367    27.7363    6.41034    6.38516         20 0.0000e+00
      37411   1558.744    996.000     3.7344   3.267152     3.7341   3.267082      98.43     0.0149     2.6083     2.2989  34.322334  3.7428789   48.16320  -46.40506    34.8936    34.8930     3.6604     3.6602    27.7365    27.7360    6.40854    6.38494         19 0.0000e+00
      37431   1559.589    995.000     3.7346   3.267124     3.7345   3.267074      70.14     0.0192     2.6089     2.2992  34.322346  3.7423778   48.16320  -46.40506    34.8935    34.8930     3.6607     3.6607    27.7364    27.7360    6.40983    6.38170         22 0.0000e+00
      37458   1560.688    994.000     3.7350   3.267107     3.7347   3.267045      98.09     0.0188     2.6096     2.2997  34.301010  3.7423687   48.16320  -46.40506    34.8934    34.8930     3.6612     3.6609    27.7363    27.7360    6.40735    6.38216         31 0.0000e+00
      37488   1561.943    993.000     3.7352   3.267068     3.7347   3.267001      76.27     0.0204     2.6103     2.2999  34.299770  3.7423687   48.16320  -46.40506    34.8933    34.8929     3.6614     3.6610    27.7362    27.7359    6.40518    6.37721         26 0.0000e+00
      37510   1562.894    992.000     3.7353   3.267028     3.7348   3.266972      66.98     0.0182     2.6100     2.2998  34.285084  3.7423687   48.16320  -46.40506    34.8932    34.8930     3.6617     3.6612    27.7360    27.7360    6.39948    6.37678         21 0.0000e+00
      37531   1563.756    991.000     3.7355   3.267013     3.7353   3.266961      97.61     0.0192     2.6099     2.3000  34.286770  3.7423687   48.16320  -46.40506    34.8933    34.8929     3.6619     3.6617    27.7361    27.7358    6.39595    6.37967         21 0.0000e+00
      37554   1564.712    990.000     3.7359   3.267003     3.7360   3.267001      74.70     0.0181     2.6095     2.3004  34.286842  3.7423687   48.16320  -46.40506    34.8933    34.8932     3.6624     3.6625    27.7361    27.7359    6.39636    6.38092         26 0.0000e+00
      37581   1565.838    989.000     3.7366   3.267020     3.7385   3.267186      98.73     0.0174     2.6097     2.3004  34.287071  3.7423687   48.16320  -46.40506    34.8932    34.8932     3.6632     3.6651    27.7359    27.7358    6.40445    6.37156         27 0.0000e+00
      37606   1566.855    988.000     3.7385   3.267123     3.7406   3.267329      91.55     0.0190     2.6104     2.3000  34.289047  3.7423687   48.16320  -46.40506    34.8929    34.8931     3.6652     3.6673    27.7355    27.7355    6.40064    6.37084         22 0.0000e+00
      37626   1567.696    987.000     3.7409   3.267333     3.7417   3.267392      71.85     0.0225     2.6103     2.3001  34.286144  3.7428753   48.16320  -46.40506    34.8934    34.8933     3.6677     3.6684    27.7356    27.7355    6.39670    6.37313         19 0.0000e+00
      37645   1568.487    986.000     3.7422   3.267421     3.7424   3.267421      45.72     0.0233     2.6102     2.3000  34.286861  3.7469306   48.16320  -46.40506    34.8936    34.8934     3.6690     3.6693    27.7356    27.7354    6.39360    6.36922         19 0.0000e+00
      37665   1569.331    985.000     3.7428   3.267440     3.7433   3.267451      88.45     0.0222     2.6101     2.3001  34.286762  3.7470200   48.16322  -46.40506    34.8938    34.8934     3.6696     3.6702    27.7357    27.7353    6.39783    6.37274         21 0.0000e+00
      37689   1570.316    984.000     3.7434   3.267455     3.7437   3.267443      73.60     0.0178     2.6104     2.3000  34.290268  3.7513373   48.16322  -46.40504    34.8937    34.8933     3.6704     3.6706    27.7356    27.7353    6.39352    6.36423         27 0.0000e+00
      37717   1571.507    983.000     3.7438   3.267444     3.7440   3.267424      98.40     0.0175     2.6105     2.2993  34.288666  3.7521284   48.16322  -46.40504    34.8937    34.8933     3.6709     3.6710    27.7355    27.7352    6.39825    6.35627         30 0.0000e+00
      37746   1572.709    982.000     3.7439   3.267398     3.7444   3.267424      95.87     0.0149     2.6106     2.2986  34.278198  3.7521367   48.16321  -46.40504    34.8936    34.8933     3.6710     3.6716    27.7355    27.7352    6.39277    6.35642         26 0.0000e+00
      37771   1573.740    981.000     3.7443   3.267401     3.7454   3.267469      72.47     0.0153     2.6109     2.2984  34.277771  3.7521367   48.16320  -46.40504    34.8937    34.8934     3.6715     3.6726    27.7355    27.7351    6.39405    6.36044         24 0.0000e+00
      37793   1574.664    980.000     3.7457   3.267475     3.7473   3.267596      98.56     0.0130     2.6107     2.2985  34.276997  3.7521367   48.16320  -46.40504    34.8936    34.8934     3.6730     3.6745    27.7353    27.7349    6.39421    6.36158         21 0.0000e+00
      37814   1575.552    979.000     3.7476   3.267618     3.7491   3.267717      98.63     0.0156     2.6111     2.2986  34.278374  3.7521367   48.16320  -46.40504    34.8938    34.8935     3.6749     3.6764    27.7352    27.7348    6.39559    6.36496         22 0.0000e+00
      37836   1576.470    978.000     3.7488   3.267673     3.7502   3.267768      98.63     0.0169     2.6113     2.2992  34.277069  3.7521367   48.16322  -46.40504    34.8938    34.8934     3.6762     3.6776    27.7351    27.7347    6.39465    6.36502         22 0.0000e+00
      37859   1577.421    977.000     3.7501   3.267742     3.7506   3.267759      98.64     0.0163     2.6114     2.2994  34.275837  3.7521367   48.16322  -46.40504    34.8937    34.8934     3.6775     3.6780    27.7349    27.7346    6.38971    6.36951         23 0.0000e+00
      37881   1578.334    976.000     3.7506   3.267749     3.7510   3.267743      67.15     0.0155     2.6116     2.3006  34.267223  3.7521367   48.16322  -46.40504    34.8938    34.8932     3.6782     3.6813    27.7349    27.7344    6.39972    6.38524         21 0.0000e+00
      37902   1579.220    975.000     3.7513   3.267757     3.7511   3.267711      96.00     0.0175     2.6124     2.3025  34.267727  3.7521367   48.16322  -46.40504    34.8937    34.8933     3.6789     3.6788    27.7347    27.7344    6.40934    6.40185         22 0.0000e+00
      37927   1580.266    974.000     3.7513   3.267728     3.7511   3.267671      98.53     0.0182     2.6143     2.3052  34.273724  3.7568099   48.16322  -46.40504    34.8938    34.8933     3.6790     3.6788    27.7348    27.7344    6.42110    6.40498         30 0.0000e+00
      37963   1581.738    973.000     3.7516   3.267705     3.7510   3.267612      74.80     0.0171     2.6174     2.3075  34.272980  3.7584677   48.16322  -46.40504    34.8937    34.8933     3.6794     3.6788    27.7347    27.7344    6.42722    6.40283         33 0.0000e+00
      37987   1582.761    972.000     3.7514   3.267609     3.7510   3.267541      99.70     0.0139     2.6187     2.3088  34.263283  3.7599208   48.16322  -46.40504    34.8933    34.8929     3.6793     3.6789    27.7344    27.7341    6.42946    6.40279         19 0.0000e+00
      38004   1583.460    971.000     3.7470   3.267061     3.7454   3.266848      98.64     0.0128     2.6202     2.3094  34.263737  3.7594507   48.16322  -46.40504    34.8920    34.8910     3.6750     3.6734    27.7338    27.7331    6.43690    6.40376         16 0.0000e+00
      38019   1584.100    970.000     3.7422   3.266493     3.7399   3.266186      80.59     0.0172     2.6212     2.3101  34.267742  3.7592957   48.16322  -46.40504    34.8908    34.8897     3.6704     3.6680    27.7333    27.7326    6.42870    6.40570         15 0.0000e+00
      38035   1584.754    969.000     3.7399   3.266200     3.7368   3.265815      70.80     0.0189     2.6215     2.3105  34.268047  3.7601862   48.16322  -46.40504    34.8903    34.8890     3.6681     3.6651    27.7331    27.7324    6.42937    6.40403         17 0.0000e+00
      38057   1585.648    968.000     3.7370   3.265846     3.7342   3.265505      78.76     0.0204     2.6229     2.3110  34.267147  3.7574849   48.16322  -46.40504    34.8896    34.8886     3.6654     3.6625    27.7328    27.7323    6.43672    6.40284         31 0.0000e+00
      38115   1588.101    967.000     3.7387   3.265974     3.7384   3.265963      86.20     0.0148     2.6251     2.3131  34.258884  3.7471845   48.16322  -46.40504    34.8899    34.8899     3.6671     3.6683    27.7329    27.7329    6.43334    6.41869         53 0.0000e+00
      38136   1588.969    966.000     3.7381   3.265851     3.7384   3.265867      98.74     0.0156     2.6255     2.3142  34.242054  3.7428944   48.16320  -46.40504    34.8895    34.8895     3.6666     3.6669    27.7327    27.7326    6.43778    6.41976         17 0.0000e+00
      38152   1589.617    965.000     3.7357   3.265554     3.7356   3.265516      98.63     0.0151     2.6265     2.3147  34.239353  3.7423759   48.16320  -46.40504    34.8891    34.8888     3.6643     3.6641    27.7325    27.7323    6.44457    6.41967         15 0.0000e+00
      38167   1590.239    964.000     3.7348   3.265409     3.7344   3.265351      98.59     0.0163     2.6272     2.3154  34.242195  3.7436485   48.16320  -46.40504    34.8889    34.8886     3.6634     3.6631    27.7325    27.7322    6.44136    6.42103         15 0.0000e+00
      38182   1590.886    963.000     3.7348   3.265363     3.7344   3.265295      93.76     0.0177     2.6277     2.3160  34.248981  3.7435908   48.16320  -46.40504    34.8888    34.8884     3.6636     3.6632    27.7324    27.7321    6.43784    6.42262         16 0.0000e+00
      38202   1591.707    962.000     3.7347   3.265305     3.7340   3.265203      72.41     0.0188     2.6278     2.3166  34.245747  3.7446561   48.16320  -46.40504    34.8888    34.8882     3.6635     3.6629    27.7323    27.7320    6.43993    6.41323         25 0.0000e+00
      38242   1593.395    961.000     3.7346   3.265256     3.7341   3.265176      99.40     0.0179     2.6283     2.3154  34.234039  3.7421424   48.16322  -46.40503    34.8888    34.8884     3.6635     3.6630    27.7324    27.7321    6.42504    6.39235         47 0.0000e+00
      38274   1594.702    960.000     3.7348   3.265224     3.7343   3.265150      64.77     0.0226     2.6276     2.3140  34.234417  3.7423687   48.16322  -46.40502    34.8887    34.8884     3.6638     3.6633    27.7323    27.7321    6.43002    6.39456         21 0.0000e+00
      38292   1595.468    959.000     3.7354   3.265236     3.7348   3.265162      99.03     0.0201     2.6280     2.3140  34.233559  3.7423687   48.16322  -46.40502    34.8888    34.8885     3.6645     3.6638    27.7323    27.7321    6.43289    6.40004         17 0.0000e+00
