data/CTD/2014/CNV/u017a045.cnv
* Sea-Bird SBE 9 Data File:
* FileName = C:\CTD_ACQUISITION\2014017HUD\ctddata\017A045.hdr
* Software Version Seasave V 7.22.2
* Temperature SN = 5081
* Conductivity SN = 3561
* Number of Bytes Per Scan = 37
* Number of Voltage Words = 4
* Number of Scans Averaged by the Deck Unit = 1
* NMEA Latitude = 47 58.49 N
* NMEA Longitude = 046 09.17 W
* NMEA UTC (Time) = Jul 10 2014 21:15:35
* NMEA baud rate = 9600
** Ship: Hudson
** Cruise: HUD2014017
** Chief_Scientist: Blair Greenan
** Organization: BIO
** Area_of_Operation: Sackville Spur
** Station: 045
** Sounding:  1057
** Event_Comments: SS_17, 403259
# nquan = 25
# nvalues = 1080                        
# units = specified
# name 0 = scan: Scan Count
# name 1 = timeS: Time, Elapsed [seconds]
# name 2 = prDM: Pressure, Digiquartz [db]
# name 3 = t068C: Temperature [ITS-68, deg C]
# name 4 = c0S/m: Conductivity [S/m]
# name 5 = t168C: Temperature, 2 [ITS-68, deg C]
# name 6 = c1S/m: Conductivity, 2 [S/m]
# name 7 = altM: Altimeter [m]
# name 8 = flC: Fluorescence, Chelsea Aqua 3 Chl Con [ug/l]
# name 9 = sbeox0V: Oxygen raw, SBE 43 [V]
# name 10 = sbeox1V: Oxygen raw, SBE 43, 2 [V]
# name 11 = upoly0: Upoly 0, Optode 4330F - O2 D-Phase
# name 12 = upoly1: Upoly 1, Optode 4330F - O2 Temp
# name 13 = latitude: Latitude [deg]
# name 14 = longitude: Longitude [deg]
# name 15 = sal00: Salinity, Practical [PSU]
# name 16 = sal11: Salinity, Practical, 2 [PSU]
# name 17 = potemp068C: Potential Temperature [ITS-68, deg C]
# name 18 = potemp168C: Potential Temperature, 2 [ITS-68, deg C]
# name 19 = sigma-é00: Density [sigma-theta, Kg/m^3]
# name 20 = sigma-é11: Density, 2 [sigma-theta, Kg/m^3]
# name 21 = sbeox0ML/L: Oxygen, SBE 43 [ml/l], WS = 2
# name 22 = sbeox1ML/L: Oxygen, SBE 43, 2 [ml/l], WS = 2
# name 23 = nbin: number of scans per bin
# name 24 = flag: flag
# span 0 =      36857,      64759       
# span 1 =   1535.654,   2698.232       
# span 2 =      1.000,   1080.000       
# span 3 =     2.7484,     8.1278       
# span 4 =   3.102631,   3.502243       
# span 5 =     2.7508,     8.1273       
# span 6 =   3.102415,   3.511325       
# span 7 =       2.15,     100.52       
# span 8 =     0.0076,     0.3867       
# span 9 =     2.5201,     3.5301       
# span 10 =     2.2255,     3.1004      
# span 11 =  30.175295,  34.806805      
# span 12 =  2.8436182,  8.1270523      
# span 13 =   47.97610,   47.97784      
# span 14 =  -46.15384,  -46.15236      
# span 15 =    33.1636,    34.9150      
# span 16 =    33.1640,    34.9144      
# span 17 =     2.7418,     8.1278      
# span 18 =     2.7442,     8.1271      
# span 19 =    25.8137,    27.7713      
# span 20 =    25.8138,    27.7711      
# span 21 =    6.21272,    7.83627      
# span 22 =    6.18248,    7.92026      
# span 23 =         14,        107      
# span 24 = 0.0000e+00, 0.0000e+00      
# interval = decibars: 1                
# start_time = Jul 10 2014 21:15:35 [NMEA time, header]
# bad_flag = -9.990e-29
*END*
[from data line 116]
      39984   1665.944    964.000     3.7595   3.268679     3.7620   3.268834      40.05     0.0183     2.5945     2.2877  34.461826  3.7615798   47.97640  -46.15374    34.9015    34.9007     3.6880     3.6905    27.7400    27.7391    6.34258    6.31403         29 0.0000e+00
      40008   1666.969    963.000     3.7610   3.268739     3.7640   3.268938      99.23     0.0194     2.5961     2.2880  34.455540  3.7619083   47.97641  -46.15374    34.9012    34.9004     3.6895     3.6925    27.7397    27.7387    6.34282    6.31354         21 0.0000e+00
      40027   1667.757    962.000     3.7663   3.269103     3.7674   3.269162      98.63     0.0226     2.5966     2.2889  34.441429  3.7619047   47.97642  -46.15374    34.9004    34.9000     3.6948     3.6959    27.7385    27.7380    6.33796    6.31997         18 0.0000e+00
      40045   1668.488    961.000     3.7697   3.269318     3.7695   3.269289      79.43     0.0219     2.5969     2.2895  34.440434  3.7619047   47.97642  -46.15374    34.8999    34.8997     3.6983     3.6981    27.7378    27.7376    6.34403    6.31622         17 0.0000e+00
      40063   1669.232    960.000     3.7709   3.269392     3.7710   3.269361      52.98     0.0213     2.5981     2.2898  34.439556  3.7619047   47.97642  -46.15374    34.9000    34.8996     3.6996     3.6997    27.7377    27.7373    6.34862    6.31292         18 0.0000e+00
      40082   1670.042    959.000     3.7715   3.269404     3.7717   3.269377      98.65     0.0187     2.5990     2.2903  34.440258  3.7619047   47.97642  -46.15374    34.9000    34.8994     3.7003     3.7005    27.7376    27.7371    6.34970    6.32001         21 0.0000e+00
      40105   1670.998    958.000     3.7721   3.269403     3.7730   3.269428      98.63     0.0191     2.6005     2.2913  34.440128  3.7655735   47.97642  -46.15374    34.8998    34.8992     3.7010     3.7019    27.7374    27.7368    6.35512    6.32436         26 0.0000e+00
      40135   1672.232    957.000     3.7724   3.269368     3.7747   3.269499      63.85     0.0181     2.6019     2.2923  34.440445  3.7715833   47.97642  -46.15374    34.8997    34.8988     3.7013     3.7036    27.7372    27.7363    6.35180    6.32016         33 0.0000e+00
      40167   1673.569    956.000     3.7716   3.269258     3.7754   3.269495      99.39     0.0167     2.6028     2.2930  34.424576  3.7716727   47.97642  -46.15374    34.8998    34.8985     3.7006     3.7044    27.7374    27.7360    6.35864    6.32597         29 0.0000e+00
      40192   1674.641    955.000     3.7735   3.269350     3.7762   3.269480      66.05     0.0165     2.6045     2.2940  34.419395  3.7716727   47.97643  -46.15374    34.8993    34.8980     3.7026     3.7053    27.7368    27.7355    6.36222    6.33274         22 0.0000e+00
      40212   1675.473    954.000     3.7764   3.269411     3.7762   3.269401      73.22     0.0173     2.6049     2.2950  34.421860  3.7737646   47.97644  -46.15374    34.8975    34.8976     3.7056     3.7053    27.7350    27.7352    6.35033    6.32988         19 0.0000e+00
      40229   1676.168    953.000     3.7767   3.269361     3.7760   3.269299      97.25     0.0182     2.6048     2.2953  34.411209  3.7775416   47.97644  -46.15374    34.8970    34.8971     3.7060     3.7053    27.7347    27.7347    6.35754    6.32694         15 0.0000e+00
      40244   1676.798    952.000     3.7769   3.269327     3.7762   3.269235      37.09     0.0179     2.6064     2.2956  34.423080  3.7795084   47.97644  -46.15374    34.8970    34.8966     3.7062     3.7055    27.7346    27.7344    6.36207    6.32702         15 0.0000e+00
      40259   1677.429    951.000     3.7771   3.269285     3.7765   3.269208      81.52     0.0194     2.6061     2.2958  34.420364  3.7777998   47.97644  -46.15374    34.8968    34.8965     3.7065     3.7059    27.7344    27.7343    6.35574    6.32852         16 0.0000e+00
      40276   1678.123    950.000     3.7774   3.269250     3.7771   3.269198      44.84     0.0168     2.6069     2.2963  34.423969  3.7776465   47.97644  -46.15374    34.8966    34.8963     3.7069     3.7095    27.7342    27.7340    6.36245    6.32925         18 0.0000e+00
      40299   1679.081    949.000     3.7776   3.269228     3.7779   3.269196      95.04     0.0140     2.6078     2.2970  34.413441  3.7784538   47.97644  -46.15374    34.8967    34.8960     3.7071     3.7076    27.7342    27.7337    6.36634    6.33721         30 0.0000e+00
      40341   1680.818    948.000     3.7775   3.269167     3.7770   3.269092      70.02     0.0123     2.6098     2.2996  34.406254  3.7804842   47.97644  -46.15374    34.8965    34.8961     3.7071     3.7067    27.7341    27.7338    6.37347    6.35424         45 0.0000e+00
      40373   1682.156    947.000     3.7776   3.269130     3.7783   3.269123      99.22     0.0115     2.6116     2.3021  34.404476  3.7814646   47.97644  -46.15372    34.8965    34.8957     3.7073     3.7080    27.7341    27.7334    6.37212    6.36523         23 0.0000e+00
      40393   1683.009    946.000     3.7804   3.269297     3.7797   3.269202      98.64     0.0184     2.6120     2.3037  34.402523  3.7814407   47.97646  -46.15372    34.8960    34.8956     3.7102     3.7095    27.7334    27.7332    6.37682    6.36749         19 0.0000e+00
      40411   1683.731    945.000     3.7839   3.269582     3.7833   3.269493      53.91     0.0170     2.6138     2.3051  34.387329  3.7814407   47.97646  -46.15372    34.8962    34.8958     3.7138     3.7131    27.7332    27.7330    6.38081    6.36895         16 0.0000e+00
      40427   1684.404    944.000     3.7867   3.269761     3.7861   3.269687      45.36     0.0191     2.6134     2.3061  34.385509  3.7808230   47.97646  -46.15372    34.8959    34.8956     3.7166     3.7160    27.7327    27.7325    6.38099    6.36966         16 0.0000e+00
      40443   1685.077    943.000     3.7877   3.269779     3.7872   3.269697      98.14     0.0204     2.6155     2.3070  34.383556  3.7802966   47.97646  -46.15372    34.8955    34.8951     3.7177     3.7172    27.7323    27.7320    6.39782    6.36864         17 0.0000e+00
      40460   1685.802    942.000     3.7879   3.269745     3.7877   3.269674      47.22     0.0204     2.6169     2.3078  34.381790  3.7814250   47.97646  -46.15373    34.8954    34.8948     3.7180     3.7178    27.7322    27.7317    6.39596    6.36940         18 0.0000e+00
      40482   1686.697    941.000     3.7881   3.269704     3.7888   3.269703      86.15     0.0188     2.6184     2.3088  34.381523  3.7814407   47.97646  -46.15374    34.8952    34.8945     3.7183     3.7189    27.7320    27.7314    6.39815    6.36804         26 0.0000e+00
      40513   1688.013    940.000     3.7879   3.269641     3.7903   3.269790      92.83     0.0238     2.6212     2.3100  34.353844  3.7841384   47.97646  -46.15373    34.8953    34.8945     3.7181     3.7205    27.7320    27.7312    6.40908    6.37365         36 0.0000e+00
      40545   1689.330    939.000     3.7883   3.269623     3.7919   3.269857      56.40     0.0183     2.6234     2.3114  34.352795  3.7890050   47.97646  -46.15372    34.8951    34.8941     3.7186     3.7244    27.7319    27.7307    6.40514    6.37925         25 0.0000e+00
      40566   1690.224    938.000     3.7921   3.269850     3.7928   3.269870      99.36     0.0175     2.6249     2.3126  34.350060  3.7912500   47.97648  -46.15372    34.8943    34.8937     3.7225     3.7232    27.7308    27.7303    6.41116    6.37599         19 0.0000e+00
      40584   1690.967    937.000     3.7952   3.270023     3.7943   3.269926      28.90     0.0178     2.6256     2.3126  34.351669  3.7912087   47.97648  -46.15372    34.8936    34.8934     3.7256     3.7247    27.7300    27.7299    6.40557    6.37030         17 0.0000e+00
      40601   1691.662    936.000     3.7974   3.270176     3.7969   3.270115      94.08     0.0188     2.6262     2.3129  34.337101  3.7912087   47.97648  -46.15372    34.8936    34.8934     3.7278     3.7274    27.7297    27.7296    6.40304    6.37184         17 0.0000e+00
      40619   1692.397    935.000     3.7984   3.270230     3.7982   3.270177      98.52     0.0160     2.6267     2.3134  34.336998  3.7912087   47.97648  -46.15372    34.8937    34.8932     3.7290     3.7288    27.7297    27.7293    6.40278    6.37134         19 0.0000e+00
      40639   1693.259    934.000     3.7990   3.270246     3.7990   3.270210      89.76     0.0155     2.6272     2.3135  34.324734  3.7912087   47.97648  -46.15372    34.8937    34.8933     3.7297     3.7296    27.7296    27.7293    6.40075    6.37211         23 0.0000e+00
      40664   1694.282    933.000     3.7997   3.270271     3.7998   3.270241      57.06     0.0169     2.6279     2.3142  34.313076  3.7915957   47.97648  -46.15372    34.8939    34.8933     3.7304     3.7305    27.7297    27.7292    6.40871    6.37637         25 0.0000e+00
      40688   1695.310    932.000     3.7999   3.270253     3.8002   3.270240      98.51     0.0159     2.6290     2.3149  34.307709  3.7968915   47.97648  -46.15372    34.8939    34.8934     3.7307     3.7310    27.7297    27.7293    6.40362    6.37246         24 0.0000e+00
      40712   1696.278    931.000     3.8010   3.270303     3.8007   3.270246      98.64     0.0113     2.6291     2.3148  34.301411  3.8009217   47.97648  -46.15372    34.8939    34.8935     3.7318     3.7316    27.7296    27.7293    6.40168    6.36849         23 0.0000e+00
      40736   1697.306    930.000     3.8018   3.270339     3.8015   3.270287      98.63     0.0128     2.6294     2.3152  34.300373  3.8009768   47.97650  -46.15372    34.8939    34.8936     3.7327     3.7324    27.7295    27.7293    6.39379    6.37433         26 0.0000e+00
      40763   1698.402    929.000     3.8030   3.270401     3.8027   3.270346      78.48     0.0128     2.6287     2.3157  34.289600  3.8009768   47.97650  -46.15372    34.8940    34.8937     3.7340     3.7337    27.7294    27.7292    6.38556    6.37616         26 0.0000e+00
      40787   1699.401    928.000     3.8061   3.270624     3.8058   3.270581      64.02     0.0148     2.6278     2.3165  34.283688  3.8014228   47.97650  -46.15372    34.8938    34.8936     3.7372     3.7369    27.7289    27.7288    6.38600    6.38431         22 0.0000e+00
      40807   1700.257    927.000     3.8094   3.270874     3.8090   3.270824      98.92     0.0144     2.6281     2.3177  34.278347  3.8009732   47.97650  -46.15372    34.8938    34.8936     3.7405     3.7401    27.7286    27.7285    6.39400    6.39074         19 0.0000e+00
      40826   1701.037    926.000     3.8111   3.270990     3.8108   3.270943      98.64     0.0159     2.6285     2.3186  34.277557  3.8009768   47.97650  -46.15372    34.8939    34.8936     3.7423     3.7420    27.7285    27.7283    6.40329    6.38292         18 0.0000e+00
      40844   1701.780    925.000     3.8117   3.271007     3.8115   3.270963      47.44     0.0151     2.6296     2.3186  34.268505  3.8009768   47.97650  -46.15372    34.8940    34.8937     3.7430     3.7427    27.7285    27.7283    6.40774    6.37568         18 0.0000e+00
      40862   1702.539    924.000     3.8122   3.271015     3.8117   3.270935      78.32     0.0172     2.6303     2.3188  34.269135  3.8009768   47.97650  -46.15372    34.8940    34.8936     3.7436     3.7431    27.7285    27.7282    6.40725    6.38273         19 0.0000e+00
      40882   1703.355    923.000     3.8120   3.270945     3.8115   3.270846      84.29     0.0186     2.6313     2.3197  34.266590  3.8064256   47.97650  -46.15370    34.8939    34.8933     3.7435     3.7429    27.7284    27.7280    6.41219    6.38916         21 0.0000e+00
      40904   1704.311    922.000     3.8119   3.270884     3.8116   3.270797      59.05     0.0113     2.6328     2.3204  34.263802  3.8106477   47.97650  -46.15370    34.8938    34.8931     3.7434     3.7431    27.7283    27.7278    6.41793    6.38542         25 0.0000e+00
      40933   1705.514    921.000     3.8119   3.270830     3.8120   3.270771      99.11     0.0129     2.6344     2.3209  34.248432  3.8107448   47.97650  -46.15370    34.8938    34.8929     3.7434     3.7436    27.7283    27.7276    6.41705    6.38339         31 0.0000e+00
      40962   1706.727    920.000     3.8123   3.270799     3.8123   3.270744      55.72     0.0170     2.6354     2.3215  34.244442  3.8107448   47.97651  -46.15370    34.8934    34.8928     3.7440     3.7440    27.7279    27.7274    6.41862    6.38904         26 0.0000e+00
      40986   1707.719    919.000     3.8133   3.270812     3.8128   3.270730      88.72     0.0157     2.6368     2.3222  34.233677  3.8107448   47.97652  -46.15370    34.8931    34.8926     3.7450     3.7445    27.7276    27.7273    6.42313    6.39480         23 0.0000e+00
      41007   1708.587    918.000     3.8137   3.270795     3.8132   3.270719      98.68     0.0189     2.6377     2.3235  34.233662  3.8107448   47.97652  -46.15370    34.8929    34.8926     3.7455     3.7450    27.7274    27.7272    6.42628    6.40594         19 0.0000e+00
      41026   1709.390    917.000     3.8141   3.270788     3.8140   3.270728      98.63     0.0168     2.6389     2.3246  34.231304  3.8112686   47.97652  -46.15370    34.8929    34.8923     3.7460     3.7459    27.7273    27.7269    6.42452    6.40455         19 0.0000e+00
      41046   1710.190    916.000     3.8144   3.270748     3.8141   3.270679      98.63     0.0141     2.6391     2.3255  34.231503  3.8117232   47.97652  -46.15370    34.8927    34.8922     3.7463     3.7461    27.7271    27.7267    6.42350    6.40335         20 0.0000e+00
      41067   1711.068    915.000     3.8144   3.270702     3.8140   3.270615      98.63     0.0170     2.6400     2.3262  34.229374  3.8132665   47.97652  -46.15370    34.8927    34.8921     3.7464     3.7460    27.7271    27.7267    6.42094    6.40184         23 0.0000e+00
      41091   1712.093    914.000     3.8144   3.270651     3.8140   3.270562      47.74     0.0197     2.6407     2.3267  34.219887  3.8204329   47.97652  -46.15370    34.8926    34.8919     3.7465     3.7461    27.7270    27.7265    6.42731    6.39158         26 0.0000e+00
      41117   1713.184    913.000     3.8146   3.270608     3.8143   3.270543     100.52     0.0199     2.6414     2.3259  34.219780  3.8205128   47.97652  -46.15370    34.8924    34.8919     3.7468     3.7465    27.7268    27.7265    6.42675    6.38270         24 0.0000e+00
      41139   1714.085    912.000     3.8150   3.270581     3.8145   3.270506      98.64     0.0169     2.6423     2.3257  34.219780  3.8205128   47.97652  -46.15370    34.8921    34.8918     3.7473     3.7468    27.7266    27.7263    6.42797    6.38792         19 0.0000e+00
      41157   1714.844    911.000     3.8151   3.270541     3.8146   3.270454      37.36     0.0159     2.6429     2.3259  34.219780  3.8205128   47.97652  -46.15370    34.8920    34.8916     3.7475     3.7470    27.7265    27.7262    6.42767    6.39420         17 0.0000e+00
      41174   1715.546    910.000     3.8153   3.270497     3.8148   3.270412      57.18     0.0156     2.6432     2.3264  34.212841  3.8205128   47.97652  -46.15370    34.8919    34.8914     3.7478     3.7472    27.7263    27.7260    6.42809    6.39887         17 0.0000e+00
      41191   1716.255    909.000     3.8154   3.270454     3.8152   3.270390      97.26     0.0150     2.6435     2.3270  34.205299  3.8205128   47.97654  -46.15370    34.8917    34.8912     3.7479     3.7477    27.7262    27.7258    6.42963    6.40330         18 0.0000e+00
      41210   1717.040    908.000     3.8157   3.270443     3.8158   3.270398      32.92     0.0147     2.6443     2.3280  34.208687  3.8205128   47.97654  -46.15370    34.8918    34.8911     3.7484     3.7485    27.7262    27.7256    6.43701    6.41272         20 0.0000e+00
