data/CTD/2014/CNV/u017a058.cnv
* Sea-Bird SBE 9 Data File:
* FileName = C:\CTD_ACQUISITION\2014017HUD\ctddata\017A058.hdr
* Software Version Seasave V 7.22.2
* Temperature SN = 5081
* Conductivity SN = 3561
* Number of Bytes Per Scan = 37
* Number of Voltage Words = 4
* Number of Scans Averaged by the Deck Unit = 1
* NMEA Latitude = 43 26.99 N
* NMEA Longitude = 059 56.99 W
* NMEA UTC (Time) = Jul 13 2014 18:09:25
* NMEA baud rate = 9600
** Ship: Hudson
** Cruise: HUD2014017
** Chief_Scientist: Blair Greenan
** Organization: BIO
** Area_of_Operation: Sackville Spur
** Station: 058
** Sounding:  1450
** Event_Comments: LC3, 403281
# nquan = 25
# nvalues = 1570                        
# units = specified
# name 0 = scan: Scan Count
# name 1 = timeS: Time, Elapsed [seconds]
# name 2 = prDM: Pressure, Digiquartz [db]
# name 3 = t068C: Temperature [ITS-68, deg C]
# name 4 = c0S/m: Conductivity [S/m]
# name 5 = t168C: Temperature, 2 [ITS-68, deg C]
# name 6 = c1S/m: Conductivity, 2 [S/m]
# name 7 = altM: Altimeter [m]
# name 8 = flC: Fluorescence, Chelsea Aqua 3 Chl Con [ug/l]
# name 9 = sbeox0V: Oxygen raw, SBE 43 [V]
# name 10 = sbeox1V: Oxygen raw, SBE 43, 2 [V]
# name 11 = upoly0: Upoly 0, Optode 4330F - O2 D-Phase
# name 12 = upoly1: Upoly 1, Optode 4330F - O2 Temp
# name 13 = latitude: Latitude [deg]
# name 14 = longitude: Longitude [deg]
# name 15 = sal00: Salinity, Practical [PSU]
# name 16 = sal11: Salinity, Practical, 2 [PSU]
# name 17 = potemp068C: Potential Temperature [ITS-68, deg C]
# name 18 = potemp168C: Potential Temperature, 2 [ITS-68, deg C]
# name 19 = sigma-é00: Density [sigma-theta, Kg/m^3]
# name 20 = sigma-é11: Density, 2 [sigma-theta, Kg/m^3]
# name 21 = sbeox0ML/L: Oxygen, SBE 43 [ml/l], WS = 2
# name 22 = sbeox1ML/L: Oxygen, SBE 43, 2 [ml/l], WS = 2
# name 23 = nbin: number of scans per bin
# name 24 = flag: flag
# span 0 =      53080,     276534       
# span 1 =   2211.639,  11522.195       
# span 2 =      1.000,   1570.000       
# span 3 =     3.9030,    15.8819       
# span 4 =   3.041857,   4.050527       
# span 5 =     3.8972,    15.9043       
# span 6 =   3.041421,   4.051750       
# span 7 =       4.16,     100.93       
# span 8 =     0.0076,     0.3340       
# span 9 =     1.9265,     3.5828       
# span 10 =     1.6567,     3.1687      
# span 11 =  28.430983,  39.721455      
# span 12 =  3.9084249,  15.823172      
# span 13 =   43.45026,   43.45173      
# span 14 =  -59.97905,  -59.95222      
# span 15 =    31.6115,    35.3825      
# span 16 =    31.6114,    35.3843      
# span 17 =     3.7853,    15.8818      
# span 18 =     3.7846,    15.9042      
# span 19 =    23.1698,    27.7659      
# span 20 =    23.1648,    27.7657      
# span 21 =    3.39799,    7.95393      
# span 22 =    3.16462,    7.95180      
# span 23 =         12,        117      
# span 24 = 0.0000e+00, 0.0000e+00      
# interval = decibars: 1                
# start_time = Jul 13 2014 18:09:25 [NMEA time, header]
# bad_flag = -9.990e-29
*END*
[from data line 58]
      55401   2308.354   1512.000     3.9268   3.310714     3.9260   3.310615      98.63     0.0159     2.3754     2.0909  35.184376  3.9279609   43.45062  -59.95240    34.9466    34.9463     3.8064     3.8056    27.7639    27.7637    6.05550    5.98638         18 0.0000e+00
      55421   2309.180   1511.000     3.9269   3.310676     3.9263   3.310605      62.92     0.0160     2.3758     2.0910  35.186115  3.9283714   43.45064  -59.95240    34.9466    34.9463     3.8065     3.8060    27.7639    27.7637    6.05646    5.98878         23 0.0000e+00
      55454   2310.560   1510.000     3.9270   3.310641     3.9263   3.310552      97.99     0.0151     2.3762     2.0910  35.186802  3.9299774   43.45064  -59.95240    34.9466    34.9462     3.8067     3.8061    27.7639    27.7636    6.05947    5.98562         43 0.0000e+00
      55491   2312.081   1509.000     3.9273   3.310612     3.9265   3.310534      62.39     0.0088     2.3770     2.0909  35.176285  3.9336257   43.45064  -59.95240    34.9464    34.9463     3.8072     3.8064    27.7636    27.7637    6.05973    5.98478         25 0.0000e+00
      55511   2312.915   1508.000     3.9280   3.310641     3.9275   3.310584      84.57     0.0087     2.3771     2.0912  35.176220  3.9339406   43.45064  -59.95240    34.9465    34.9464     3.8079     3.8074    27.7636    27.7636    6.06065    5.98633         18 0.0000e+00
      55529   2313.677   1507.000     3.9299   3.310757     3.9292   3.310698      84.34     0.0096     2.3775     2.0909  35.184616  3.9299631   43.45064  -59.95240    34.9464    34.9464     3.8098     3.8092    27.7634    27.7635    6.05898    5.98489         19 0.0000e+00
      55549   2314.493   1506.000     3.9310   3.310830     3.9308   3.310786      70.25     0.0128     2.3775     2.0912  35.186104  3.9284396   43.45064  -59.95240    34.9465    34.9463     3.8111     3.8108    27.7633    27.7632    6.05393    5.98506         21 0.0000e+00
      55574   2315.547   1505.000     3.9313   3.310818     3.9305   3.310727      81.39     0.0150     2.3775     2.0913  35.186802  3.9302137   43.45064  -59.95241    34.9466    34.9463     3.8115     3.8107    27.7634    27.7632    6.05518    5.98286         30 0.0000e+00
      55605   2316.819   1504.000     3.9310   3.310750     3.9299   3.310634      74.90     0.0177     2.3783     2.0912  35.186813  3.9314973   43.45064  -59.95242    34.9465    34.9463     3.8113     3.8102    27.7634    27.7633    6.06392    5.98231         28 0.0000e+00
      55628   2317.800   1503.000     3.9306   3.310675     3.9292   3.310515      87.75     0.0169     2.3782     2.0914  35.186813  3.9353976   43.45064  -59.95242    34.9466    34.9462     3.8109     3.8095    27.7635    27.7633    6.05252    5.98642         20 0.0000e+00
      55647   2318.590   1502.000     3.9301   3.310581     3.9289   3.310447      89.85     0.0156     2.3784     2.0917  35.186035  3.9361939   43.45064  -59.95242    34.9465    34.9463     3.8105     3.8093    27.7634    27.7633    6.05401    5.99122         19 0.0000e+00
      55666   2319.376   1501.000     3.9298   3.310516     3.9291   3.310429      63.13     0.0163     2.3783     2.0923  35.186794  3.9376919   43.45064  -59.95242    34.9466    34.9463     3.8103     3.8096    27.7635    27.7634    6.05355    5.99220         20 0.0000e+00
      55689   2320.332   1500.000     3.9298   3.310480     3.9297   3.310448      97.03     0.0155     2.3783     2.0925  35.185776  3.9384203   43.45064  -59.95242    34.9466    34.9463     3.8104     3.8104    27.7635    27.7633    6.05655    5.98852         27 0.0000e+00
      55724   2321.793   1499.000     3.9299   3.310437     3.9311   3.310519      61.45     0.0122     2.3794     2.0932  35.181034  3.9389980   43.45064  -59.95242    34.9465    34.9462     3.8106     3.8118    27.7634    27.7631    6.06050    5.99302         39 0.0000e+00
      55756   2323.108   1498.000     3.9312   3.310495     3.9323   3.310596      99.99     0.0140     2.3794     2.0937  35.177532  3.9381063   43.45064  -59.95242    34.9463    34.9464     3.8120     3.8131    27.7631    27.7630    6.06045    5.98814         24 0.0000e+00
      55776   2323.956   1497.000     3.9327   3.310608     3.9330   3.310607      98.63     0.0151     2.3800     2.0937  35.186790  3.9377298   43.45064  -59.95242    34.9465    34.9462     3.8136     3.8139    27.7631    27.7629    6.05560    5.98295         19 0.0000e+00
      55795   2324.731   1496.000     3.9334   3.310638     3.9331   3.310586      98.63     0.0118     2.3798     2.0934  35.186813  3.9377289   43.45064  -59.95242    34.9467    34.9463     3.8144     3.8141    27.7631    27.7629    6.05272    5.97939         18 0.0000e+00
      55813   2325.518   1495.000     3.9338   3.310625     3.9337   3.310601      98.63     0.0102     2.3799     2.0932  35.183167  3.9362695   43.45064  -59.95242    34.9466    34.9464     3.8148     3.8148    27.7631    27.7629    6.05596    5.98409         20 0.0000e+00
      55835   2326.413   1494.000     3.9341   3.310614     3.9349   3.310666      93.96     0.0097     2.3802     2.0937  35.181961  3.9361053   43.45064  -59.95244    34.9466    34.9464     3.8152     3.8160    27.7630    27.7628    6.05748    5.98917         24 0.0000e+00
      55861   2327.504   1493.000     3.9345   3.310620     3.9353   3.310661      53.48     0.0103     2.3803     2.0940  35.176952  3.9363298   43.45064  -59.95244    34.9468    34.9464     3.8157     3.8165    27.7631    27.7627    6.05232    5.98943         28 0.0000e+00
      55890   2328.701   1492.000     3.9354   3.310648     3.9358   3.310655      99.27     0.0124     2.3807     2.0948  35.174812  3.9377713   43.45064  -59.95244    34.9466    34.9463     3.8167     3.8171    27.7629    27.7626    6.05665    6.00007         27 0.0000e+00
      55915   2329.732   1491.000     3.9363   3.310677     3.9360   3.310637      78.00     0.0133     2.3808     2.0958  35.174053  3.9442453   43.45064  -59.95244    34.9466    34.9464     3.8176     3.8174    27.7627    27.7626    6.06169    5.99431         23 0.0000e+00
      55936   2330.610   1490.000     3.9367   3.310679     3.9360   3.310598      75.04     0.0161     2.3818     2.0957  35.178051  3.9450614   43.45064  -59.95244    34.9466    34.9464     3.8181     3.8175    27.7627    27.7626    6.06343    5.98641         20 0.0000e+00
      55956   2331.440   1489.000     3.9368   3.310654     3.9362   3.310573      98.71     0.0229     2.3817     2.0957  35.177288  3.9450550   43.45064  -59.95244    34.9467    34.9463     3.8183     3.8178    27.7628    27.7625    6.05339    5.98978         20 0.0000e+00
      55976   2332.304   1488.000     3.9369   3.310614     3.9362   3.310531      98.57     0.0202     2.3819     2.0961  35.176167  3.9408772   43.45064  -59.95244    34.9466    34.9464     3.8185     3.8179    27.7627    27.7625    6.05399    5.98493         22 0.0000e+00
      55999   2333.250   1487.000     3.9368   3.310573     3.9361   3.310479      98.63     0.0177     2.3820     2.0955  35.176430  3.9441686   43.45064  -59.95244    34.9467    34.9463     3.8186     3.8179    27.7627    27.7625    6.05302    5.98128         24 0.0000e+00
      56024   2334.274   1486.000     3.9368   3.310527     3.9360   3.310426      61.19     0.0172     2.3819     2.0956  35.175690  3.9474406   43.45064  -59.95244    34.9467    34.9463     3.8186     3.8179    27.7627    27.7625    6.04882    5.98080         25 0.0000e+00
      56050   2335.360   1485.000     3.9367   3.310478     3.9357   3.310363      98.09     0.0206     2.3817     2.0954  35.170071  3.9471402   43.45064  -59.95244    34.9467    34.9464     3.8186     3.8177    27.7627    27.7626    6.05009    5.98192         27 0.0000e+00
      56079   2336.566   1484.000     3.9365   3.310416     3.9357   3.310322      82.64     0.0202     2.3821     2.0957  35.157959  3.9474981   43.45064  -59.95246    34.9467    34.9464     3.8185     3.8177    27.7627    27.7626    6.05569    5.98841         30 0.0000e+00
      56108   2337.772   1483.000     3.9365   3.310378     3.9359   3.310299      80.57     0.0186     2.3823     2.0959  35.157501  3.9474969   43.45064  -59.95246    34.9467    34.9464     3.8186     3.8212    27.7627    27.7625    6.05630    5.98510         27 0.0000e+00
      56131   2338.743   1482.000     3.9366   3.310334     3.9358   3.310239      75.60     0.0165     2.3830     2.0962  35.157509  3.9474969   43.45064  -59.95246    34.9466    34.9464     3.8188     3.8180    27.7626    27.7625    6.06263    5.98238         21 0.0000e+00
      56151   2339.580   1481.000     3.9366   3.310300     3.9360   3.310226      72.79     0.0165     2.3835     2.0960  35.157509  3.9474969   43.45064  -59.95246    34.9467    34.9464     3.8189     3.8183    27.7627    27.7625    6.05831    5.98252         19 0.0000e+00
      56170   2340.387   1480.000     3.9368   3.310280     3.9361   3.310189      98.37     0.0171     2.3836     2.0964  35.157509  3.9474969   43.45064  -59.95246    34.9467    34.9464     3.8192     3.8185    27.7627    27.7625    6.06002    5.98889         20 0.0000e+00
      56192   2341.276   1479.000     3.9368   3.310239     3.9360   3.310133      98.63     0.0160     2.3845     2.0969  35.157509  3.9474969   43.45066  -59.95246    34.9467    34.9464     3.8193     3.8184    27.7627    27.7625    6.06289    5.99258         23 0.0000e+00
      56219   2342.437   1478.000     3.9367   3.310188     3.9357   3.310069      69.31     0.0153     2.3848     2.0973  35.157509  3.9474969   43.45066  -59.95246    34.9467    34.9463     3.8193     3.8183    27.7627    27.7625    6.05853    5.98597         33 0.0000e+00
      56252   2343.804   1477.000     3.9366   3.310122     3.9355   3.310005      99.89     0.0185     2.3852     2.0976  35.168037  3.9474969   43.45066  -59.95247    34.9465    34.9463     3.8192     3.8182    27.7625    27.7625    6.05554    5.98965         29 0.0000e+00
      56276   2344.796   1476.000     3.9364   3.310066     3.9355   3.309965      98.18     0.0158     2.3849     2.0979  35.176025  3.9474969   43.45066  -59.95248    34.9466    34.9463     3.8191     3.8182    27.7626    27.7625    6.05319    5.98922         20 0.0000e+00
      56295   2345.571   1475.000     3.9364   3.310023     3.9358   3.309954      98.64     0.0142     2.3850     2.0980  35.164719  3.9474969   43.45066  -59.95248    34.9465    34.9464     3.8192     3.8186    27.7626    27.7625    6.05982    5.98907         18 0.0000e+00
      56312   2346.299   1474.000     3.9369   3.310030     3.9368   3.310003      98.63     0.0167     2.3857     2.0984  35.157436  3.9474969   43.45066  -59.95248    34.9466    34.9464     3.8198     3.8197    27.7626    27.7624    6.05817    5.98791         17 0.0000e+00
      56331   2347.071   1473.000     3.9374   3.310036     3.9381   3.310085      52.42     0.0143     2.3857     2.0984  35.157509  3.9474969   43.45066  -59.95248    34.9466    34.9465     3.8204     3.8250    27.7625    27.7624    6.05482    5.98449         21 0.0000e+00
      56354   2348.059   1472.000     3.9383   3.310083     3.9389   3.310110      95.88     0.0164     2.3856     2.0986  35.171516  3.9474969   43.45066  -59.95248    34.9468    34.9465     3.8214     3.8221    27.7625    27.7622    6.05462    5.98583         28 0.0000e+00
      56390   2349.525   1471.000     3.9390   3.310096     3.9386   3.310049      81.58     0.0179     2.3858     2.0986  35.166584  3.9474969   43.45066  -59.95248    34.9466    34.9465     3.8222     3.8218    27.7623    27.7623    6.05110    5.98249         38 0.0000e+00
      56420   2350.792   1470.000     3.9395   3.310084     3.9391   3.310049      81.82     0.0126     2.3857     2.0985  35.157352  3.9474969   43.45066  -59.95248    34.9465    34.9465     3.8227     3.8223    27.7622    27.7622    6.05752    5.97899         24 0.0000e+00
      56441   2351.669   1469.000     3.9403   3.310130     3.9406   3.310147      81.71     0.0135     2.3867     2.0985  35.166790  3.9474969   43.45066  -59.95249    34.9467    34.9466     3.8236     3.8239    27.7623    27.7621    6.05577    5.98047         19 0.0000e+00
      56460   2352.465   1468.000     3.9433   3.310375     3.9484   3.310850      61.25     0.0151     2.3860     2.0984  35.173759  3.9474969   43.45066  -59.95250    34.9469    34.9471     3.8267     3.8318    27.7621    27.7617    6.04980    5.97752         19 0.0000e+00
      56479   2353.258   1467.000     3.9506   3.310996     3.9559   3.311470      98.06     0.0126     2.3867     2.0982  35.172905  3.9474969   43.45066  -59.95250    34.9470    34.9470     3.8340     3.8392    27.7614    27.7609    6.05497    5.97499         20 0.0000e+00
      56501   2354.152   1466.000     3.9561   3.311442     3.9592   3.311728      98.63     0.0121     2.3867     2.0984  35.177189  3.9474969   43.45066  -59.95250    34.9470    34.9471     3.8395     3.8426    27.7609    27.7606    6.05457    5.98308         23 0.0000e+00
      56527   2355.254   1465.000     3.9588   3.311664     3.9602   3.311770      64.48     0.0145     2.3874     2.0991  35.170795  3.9491007   43.45066  -59.95250    34.9473    34.9470     3.8423     3.8464    27.7608    27.7604    6.05339    5.98770         30 0.0000e+00
      56557   2356.491   1464.000     3.9590   3.311647     3.9606   3.311770      98.97     0.0135     2.3877     2.1003  35.157383  3.9538212   43.45066  -59.95250    34.9473    34.9471     3.8425     3.8441    27.7608    27.7604    6.05524    5.99587         28 0.0000e+00
      56582   2357.546   1463.000     3.9611   3.311784     3.9638   3.312018      87.10     0.0159     2.3881     2.1010  35.157509  3.9555738   43.45066  -59.95250    34.9472    34.9471     3.8447     3.8474    27.7605    27.7601    6.05356    5.98354         23 0.0000e+00
      56604   2358.453   1462.000     3.9682   3.312384     3.9713   3.312649      45.85     0.0125     2.3882     2.1008  35.157509  3.9563303   43.45066  -59.95250    34.9476    34.9472     3.8518     3.8549    27.7600    27.7594    6.04456    5.97856         21 0.0000e+00
      56625   2359.333   1461.000     3.9729   3.312769     3.9737   3.312823      87.47     0.0141     2.3880     2.1010  35.157509  3.9581940   43.45066  -59.95250    34.9474    34.9472     3.8566     3.8573    27.7594    27.7592    6.04468    5.97878         21 0.0000e+00
      56647   2360.265   1460.000     3.9741   3.312845     3.9746   3.312871      98.57     0.0151     2.3880     2.1008  35.156902  3.9617202   43.45066  -59.95252    34.9475    34.9473     3.8579     3.8583    27.7593    27.7591    6.05569    5.97670         24 0.0000e+00
      56672   2361.287   1459.000     3.9749   3.312877     3.9758   3.312937      56.19     0.0166     2.3891     2.1009  35.157505  3.9646757   43.45066  -59.95252    34.9475    34.9473     3.8588     3.8596    27.7592    27.7590    6.05166    5.97994         25 0.0000e+00
      56696   2362.302   1458.000     3.9761   3.312944     3.9763   3.312936      99.09     0.0154     2.3888     2.1013  35.157509  3.9670579   43.45066  -59.95252    34.9475    34.9473     3.8601     3.8602    27.7591    27.7589    6.05293    5.97988         23 0.0000e+00
      56718   2363.227   1457.000     3.9771   3.312984     3.9780   3.313053      98.08     0.0140     2.3902     2.1013  35.156181  3.9683621   43.45066  -59.95252    34.9474    34.9473     3.8611     3.8620    27.7589    27.7588    6.05392    5.97587         22 0.0000e+00
      56740   2364.119   1456.000     3.9792   3.313128     3.9798   3.313165      98.59     0.0167     2.3894     2.1013  35.145020  3.9758229   43.45066  -59.95252    34.9474    34.9473     3.8633     3.8638    27.7587    27.7585    6.04484    5.97403         21 0.0000e+00
