data/CTD/2014/CNV/u017a058.cnv
* Sea-Bird SBE 9 Data File:
* FileName = C:\CTD_ACQUISITION\2014017HUD\ctddata\017A058.hdr
* Software Version Seasave V 7.22.2
* Temperature SN = 5081
* Conductivity SN = 3561
* Number of Bytes Per Scan = 37
* Number of Voltage Words = 4
* Number of Scans Averaged by the Deck Unit = 1
* NMEA Latitude = 43 26.99 N
* NMEA Longitude = 059 56.99 W
* NMEA UTC (Time) = Jul 13 2014 18:09:25
* NMEA baud rate = 9600
** Ship: Hudson
** Cruise: HUD2014017
** Chief_Scientist: Blair Greenan
** Organization: BIO
** Area_of_Operation: Sackville Spur
** Station: 058
** Sounding:  1450
** Event_Comments: LC3, 403281
# nquan = 25
# nvalues = 1570                        
# units = specified
# name 0 = scan: Scan Count
# name 1 = timeS: Time, Elapsed [seconds]
# name 2 = prDM: Pressure, Digiquartz [db]
# name 3 = t068C: Temperature [ITS-68, deg C]
# name 4 = c0S/m: Conductivity [S/m]
# name 5 = t168C: Temperature, 2 [ITS-68, deg C]
# name 6 = c1S/m: Conductivity, 2 [S/m]
# name 7 = altM: Altimeter [m]
# name 8 = flC: Fluorescence, Chelsea Aqua 3 Chl Con [ug/l]
# name 9 = sbeox0V: Oxygen raw, SBE 43 [V]
# name 10 = sbeox1V: Oxygen raw, SBE 43, 2 [V]
# name 11 = upoly0: Upoly 0, Optode 4330F - O2 D-Phase
# name 12 = upoly1: Upoly 1, Optode 4330F - O2 Temp
# name 13 = latitude: Latitude [deg]
# name 14 = longitude: Longitude [deg]
# name 15 = sal00: Salinity, Practical [PSU]
# name 16 = sal11: Salinity, Practical, 2 [PSU]
# name 17 = potemp068C: Potential Temperature [ITS-68, deg C]
# name 18 = potemp168C: Potential Temperature, 2 [ITS-68, deg C]
# name 19 = sigma-é00: Density [sigma-theta, Kg/m^3]
# name 20 = sigma-é11: Density, 2 [sigma-theta, Kg/m^3]
# name 21 = sbeox0ML/L: Oxygen, SBE 43 [ml/l], WS = 2
# name 22 = sbeox1ML/L: Oxygen, SBE 43, 2 [ml/l], WS = 2
# name 23 = nbin: number of scans per bin
# name 24 = flag: flag
# span 0 =      53080,     276534       
# span 1 =   2211.639,  11522.195       
# span 2 =      1.000,   1570.000       
# span 3 =     3.9030,    15.8819       
# span 4 =   3.041857,   4.050527       
# span 5 =     3.8972,    15.9043       
# span 6 =   3.041421,   4.051750       
# span 7 =       4.16,     100.93       
# span 8 =     0.0076,     0.3340       
# span 9 =     1.9265,     3.5828       
# span 10 =     1.6567,     3.1687      
# span 11 =  28.430983,  39.721455      
# span 12 =  3.9084249,  15.823172      
# span 13 =   43.45026,   43.45173      
# span 14 =  -59.97905,  -59.95222      
# span 15 =    31.6115,    35.3825      
# span 16 =    31.6114,    35.3843      
# span 17 =     3.7853,    15.8818      
# span 18 =     3.7846,    15.9042      
# span 19 =    23.1698,    27.7659      
# span 20 =    23.1648,    27.7657      
# span 21 =    3.39799,    7.95393      
# span 22 =    3.16462,    7.95180      
# span 23 =         12,        117      
# span 24 = 0.0000e+00, 0.0000e+00      
# interval = decibars: 1                
# start_time = Jul 13 2014 18:09:25 [NMEA time, header]
# bad_flag = -9.990e-29
*END*
[from data line 696]
     156174   6507.200    874.000     4.4995   3.335591     4.5001   3.335628      98.63     0.0170     2.5275     2.2155  34.878269  4.4945054   43.45072  -59.96328    34.9550    34.9548     4.4302     4.4308    27.7043    27.7041    5.94077    5.85705         17 0.0000e+00
     156191   6507.902    873.000     4.5018   3.335766     4.5035   3.335897      98.63     0.0159     2.5272     2.2156  34.875725  4.5006938   43.45073  -59.96328    34.9552    34.9549     4.4325     4.4342    27.7042    27.7038    5.93688    5.85721         17 0.0000e+00
     156211   6508.740    872.000     4.5037   3.335908     4.5058   3.336082      98.63     0.0178     2.5275     2.2157  34.878407  4.4978724   43.45074  -59.96329    34.9553    34.9551     4.4345     4.4366    27.7041    27.7037    5.93565    5.85787         24 0.0000e+00
     156243   6510.103    871.000     4.5057   3.336050     4.5061   3.336065      98.63     0.0189     2.5276     2.2160  34.879101  4.5033946   43.45074  -59.96330    34.9554    34.9551     4.4366     4.4369    27.7040    27.7037    5.93773    5.85969         42 0.0000e+00
     156281   6511.675    870.000     4.5053   3.335963     4.5058   3.335978      98.63     0.0127     2.5283     2.2169  34.879120  4.5043077   43.45074  -59.96330    34.9553    34.9550     4.4362     4.4367    27.7039    27.7036    5.93696    5.86772         28 0.0000e+00
     156305   6512.651    869.000     4.5058   3.335972     4.5057   3.335926      98.63     0.0141     2.5286     2.2175  34.879120  4.5042734   43.45074  -59.96330    34.9553    34.9549     4.4369     4.4367    27.7039    27.7036    5.93718    5.85252         21 0.0000e+00
     156324   6513.445    868.000     4.5064   3.335977     4.5060   3.335922      97.21     0.0126     2.5283     2.2162  34.884872  4.5042734   43.45074  -59.96330    34.9553    34.9551     4.4375     4.4371    27.7038    27.7036    5.93914    5.83777         18 0.0000e+00
     156341   6514.158    867.000     4.5070   3.336001     4.5069   3.335957      66.79     0.0141     2.5296     2.2154  34.893673  4.5042734   43.45076  -59.96330    34.9555    34.9550     4.4382     4.4381    27.7038    27.7035    5.93976    5.84548         17 0.0000e+00
     156358   6514.870    866.000     4.5075   3.336011     4.5072   3.335952      98.46     0.0154     2.5287     2.2157  34.893772  4.5042734   43.45076  -59.96330    34.9556    34.9552     4.4388     4.4385    27.7038    27.7035    5.93178    5.85448         17 0.0000e+00
     156377   6515.667    865.000     4.5076   3.335985     4.5069   3.335879      98.63     0.0165     2.5291     2.2160  34.893772  4.5051389   43.45076  -59.96330    34.9557    34.9552     4.4390     4.4383    27.7039    27.7036    5.93665    5.85521         22 0.0000e+00
     156403   6516.769    864.000     4.5076   3.335932     4.5063   3.335764      98.63     0.0159     2.5294     2.2167  34.893772  4.5043077   43.45076  -59.96330    34.9556    34.9550     4.4390     4.4377    27.7038    27.7035    5.93503    5.86113         32 0.0000e+00
     156437   6518.178    863.000     4.5071   3.335834     4.5059   3.335679      98.57     0.0192     2.5298     2.2175  34.878529  4.5130348   43.45076  -59.96332    34.9554    34.9549     4.4386     4.4375    27.7038    27.7034    5.93593    5.86178         29 0.0000e+00
     156461   6519.176    862.000     4.5062   3.335711     4.5051   3.335571      98.55     0.0172     2.5300     2.2184  34.879826  4.5135846   43.45074  -59.96332    34.9554    34.9549     4.4379     4.4368    27.7038    27.7036    5.93633    5.87336         21 0.0000e+00
     156480   6519.974    861.000     4.5059   3.335639     4.5053   3.335538      98.63     0.0184     2.5301     2.2198  34.882362  4.5118809   43.45074  -59.96332    34.9554    34.9549     4.4376     4.4371    27.7038    27.7035    5.93695    5.87438         18 0.0000e+00
     156498   6520.725    860.000     4.5057   3.335566     4.5050   3.335475      98.63     0.0159     2.5305     2.2202  34.883186  4.5134902   43.45075  -59.96332    34.9553    34.9549     4.4375     4.4369    27.7038    27.7035    5.93895    5.86502         18 0.0000e+00
     156517   6521.511    859.000     4.5054   3.335495     4.5048   3.335403      98.63     0.0149     2.5309     2.2202  34.882790  4.5130701   43.45076  -59.96332    34.9553    34.9549     4.4373     4.4367    27.7038    27.7035    5.93903    5.86176         20 0.0000e+00
     156541   6522.510    858.000     4.5051   3.335431     4.5061   3.335496      98.63     0.0180     2.5313     2.2204  34.885597  4.5136843   43.45076  -59.96332    34.9554    34.9551     4.4371     4.4381    27.7039    27.7035    5.94060    5.86672         29 0.0000e+00
     156574   6523.868    857.000     4.5062   3.335485     4.5093   3.335777      98.63     0.0162     2.5320     2.2212  34.890781  4.5140562   43.45076  -59.96332    34.9553    34.9555     4.4383     4.4414    27.7037    27.7035    5.94130    5.86557         32 0.0000e+00
     156601   6524.997    856.000     4.5092   3.335686     4.5120   3.335988      98.03     0.0130     2.5322     2.2212  34.891903  4.5140414   43.45076  -59.96332    34.9551    34.9557     4.4413     4.4441    27.7032    27.7033    5.93695    5.86067         23 0.0000e+00
     156622   6525.865    855.000     4.5136   3.336118     4.5147   3.336210      98.64     0.0174     2.5328     2.2212  34.901951  4.5140414   43.45076  -59.96333    34.9560    34.9558     4.4458     4.4469    27.7034    27.7032    5.94366    5.86158         20 0.0000e+00
     156641   6526.680    854.000     4.5159   3.336305     4.5165   3.336328      98.63     0.0195     2.5337     2.2213  34.906181  4.5140414   43.45076  -59.96334    34.9563    34.9559     4.4481     4.4487    27.7034    27.7030    5.94416    5.86859         19 0.0000e+00
     156661   6527.499    853.000     4.5168   3.336357     4.5170   3.336338      98.63     0.0163     2.5337     2.2224  34.889614  4.5140414   43.45076  -59.96334    34.9565    34.9560     4.4491     4.4493    27.7034    27.7030    5.93806    5.87014         21 0.0000e+00
     156683   6528.396    852.000     4.5171   3.336346     4.5174   3.336329      98.63     0.0134     2.5337     2.2227  34.879360  4.5140414   43.45076  -59.96334    34.9565    34.9560     4.4495     4.4498    27.7034    27.7030    5.94092    5.86420         23 0.0000e+00
     156707   6529.424    851.000     4.5175   3.336330     4.5174   3.336286      98.63     0.0106     2.5348     2.2225  34.879120  4.5177488   43.45076  -59.96334    34.9564    34.9560     4.4501     4.4499    27.7032    27.7029    5.94757    5.86019         26 0.0000e+00
     156733   6530.490    850.000     4.5176   3.336292     4.5173   3.336232      98.45     0.0106     2.5355     2.2227  34.880970  4.5218167   43.45076  -59.96334    34.9564    34.9560     4.4502     4.4499    27.7032    27.7030    5.94376    5.86375         24 0.0000e+00
     156756   6531.451    849.000     4.5176   3.336248     4.5172   3.336174      98.04     0.0145     2.5358     2.2230  34.880444  4.5233874   43.45076  -59.96334    34.9563    34.9559     4.4503     4.4499    27.7032    27.7029    5.94063    5.86341         22 0.0000e+00
     156777   6532.353    848.000     4.5176   3.336203     4.5172   3.336132      98.63     0.0143     2.5357     2.2230  34.879120  4.5238090   43.45076  -59.96334    34.9563    34.9560     4.4504     4.4499    27.7032    27.7029    5.93656    5.85808         22 0.0000e+00
     156800   6533.295    847.000     4.5174   3.336154     4.5171   3.336084      98.63     0.0161     2.5356     2.2227  34.879120  4.5238094   43.45076  -59.96334    34.9565    34.9560     4.4503     4.4500    27.7033    27.7029    5.93336    5.85800         24 0.0000e+00
     156826   6534.360    846.000     4.5174   3.336097     4.5171   3.336036      98.63     0.0188     2.5357     2.2229  34.883938  4.5241661   43.45076  -59.96334    34.9563    34.9559     4.4503     4.4501    27.7032    27.7029    5.93741    5.85685         27 0.0000e+00
     156852   6535.475    845.000     4.5175   3.336057     4.5173   3.336007      98.63     0.0182     2.5353     2.2224  34.880264  4.5238109   43.45076  -59.96336    34.9563    34.9559     4.4505     4.4503    27.7031    27.7028    5.93102    5.85535         26 0.0000e+00
     156877   6536.480    844.000     4.5179   3.336052     4.5179   3.336025      98.63     0.0186     2.5350     2.2228  34.879120  4.5238094   43.45076  -59.96336    34.9563    34.9559     4.4510     4.4511    27.7031    27.7028    5.92516    5.85871         22 0.0000e+00
     156898   6537.355    843.000     4.5196   3.336155     4.5194   3.336101      97.75     0.0194     2.5345     2.2227  34.879120  4.5247879   43.45076  -59.96336    34.9562    34.9558     4.4528     4.4526    27.7028    27.7025    5.92349    5.85535         20 0.0000e+00
     156917   6538.166    842.000     4.5212   3.336240     4.5208   3.336190      98.63     0.0202     2.5340     2.2228  34.879120  4.5263777   43.45076  -59.96336    34.9560    34.9558     4.4545     4.4541    27.7025    27.7024    5.92755    5.85792         19 0.0000e+00
     156936   6538.977    841.000     4.5215   3.336237     4.5215   3.336195      98.63     0.0162     2.5346     2.2231  34.879848  4.5272260   43.45076  -59.96336    34.9562    34.9557     4.4548     4.4548    27.7026    27.7022    5.92963    5.85629         20 0.0000e+00
     156959   6539.896    840.000     4.5218   3.336220     4.5224   3.336242      98.63     0.0143     2.5339     2.2232  34.879135  4.5257945   43.45076  -59.96336    34.9562    34.9558     4.4552     4.4559    27.7026    27.7021    5.91720    5.85477         25 0.0000e+00
     156990   6541.217    839.000     4.5219   3.336185     4.5236   3.336296      98.63     0.0167     2.5334     2.2232  34.876556  4.5292311   43.45076  -59.96336    34.9562    34.9557     4.4554     4.4571    27.7025    27.7019    5.92119    5.85402         39 0.0000e+00
     157026   6542.707    838.000     4.5227   3.336205     4.5241   3.336306      98.63     0.0151     2.5337     2.2232  34.875828  4.5338321   43.45076  -59.96336    34.9561    34.9558     4.4563     4.4577    27.7023    27.7019    5.92879    5.85277         27 0.0000e+00
     157047   6543.588    837.000     4.5247   3.336328     4.5254   3.336380      98.63     0.0159     2.5337     2.2234  34.876038  4.5309930   43.45076  -59.96336    34.9560    34.9558     4.4583     4.4590    27.7020    27.7018    5.92646    5.85267         19 0.0000e+00
     157064   6544.304    836.000     4.5264   3.336448     4.5264   3.336421      98.63     0.0134     2.5342     2.2233  34.879082  4.5323405   43.45076  -59.96338    34.9561    34.9557     4.4601     4.4602    27.7019    27.7016    5.92679    5.84942         16 0.0000e+00
     157080   6544.962    835.000     4.5269   3.336456     4.5269   3.336421      65.06     0.0135     2.5344     2.2233  34.879120  4.5329518   43.45076  -59.96338    34.9561    34.9558     4.4608     4.4607    27.7018    27.7016    5.92713    5.84673         16 0.0000e+00
     157096   6545.645    834.000     4.5272   3.336439     4.5271   3.336389      90.30     0.0144     2.5348     2.2229  34.888302  4.5335584   43.45076  -59.96338    34.9561    34.9557     4.4611     4.4610    27.7018    27.7015    5.92267    5.84023         17 0.0000e+00
     157116   6546.453    833.000     4.5272   3.336405     4.5270   3.336339      98.39     0.0149     2.5344     2.2221  34.887806  4.5335774   43.45076  -59.96338    34.9562    34.9557     4.4612     4.4610    27.7019    27.7015    5.92521    5.83057         22 0.0000e+00
     157143   6547.573    832.000     4.5272   3.336346     4.5266   3.336251      98.63     0.0125     2.5353     2.2211  34.892311  4.5335774   43.45076  -59.96338    34.9561    34.9556     4.4612     4.4607    27.7018    27.7015    5.92589    5.83370         31 0.0000e+00
     157174   6548.857    831.000     4.5270   3.336285     4.5263   3.336173      98.63     0.0144     2.5349     2.2207  34.892738  4.5335774   43.45076  -59.96338    34.9561    34.9555     4.4611     4.4604    27.7018    27.7014    5.91945    5.83681         28 0.0000e+00
     157199   6549.911    830.000     4.5270   3.336237     4.5269   3.336181      98.63     0.0149     2.5356     2.2207  34.879555  4.5335774   43.45076  -59.96339    34.9560    34.9554     4.4613     4.4612    27.7017    27.7013    5.92333    5.83521         24 0.0000e+00
     157221   6550.847    829.000     4.5280   3.336275     4.5285   3.336274      98.63     0.0162     2.5346     2.2204  34.879112  4.5335774   43.45076  -59.96340    34.9560    34.9554     4.4623     4.4628    27.7016    27.7011    5.91098    5.83412         21 0.0000e+00
     157242   6551.716    828.000     4.5291   3.336322     4.5290   3.336280      98.63     0.0185     2.5346     2.2205  34.879120  4.5335774   43.45076  -59.96340    34.9558    34.9554     4.4636     4.4634    27.7013    27.7010    5.91395    5.83679         21 0.0000e+00
     157263   6552.567    827.000     4.5298   3.336341     4.5300   3.336318      54.99     0.0196     2.5344     2.2208  34.879120  4.5335774   43.45076  -59.96340    34.9558    34.9554     4.4643     4.4669    27.7012    27.7009    5.91806    5.84081         20 0.0000e+00
     157283   6553.431    826.000     4.5304   3.336343     4.5307   3.336331      75.60     0.0182     2.5347     2.2213  34.880444  4.5335774   43.45076  -59.96340    34.9557    34.9553     4.4650     4.4653    27.7011    27.7007    5.91655    5.84269         22 0.0000e+00
     157305   6554.352    825.000     4.5309   3.336343     4.5310   3.336320      98.06     0.0181     2.5343     2.2217  34.881016  4.5335774   43.45076  -59.96340    34.9558    34.9553     4.4655     4.4657    27.7011    27.7007    5.91334    5.84186         23 0.0000e+00
     157330   6555.392    824.000     4.5313   3.336340     4.5316   3.336325      96.35     0.0227     2.5346     2.2221  34.883404  4.5360503   43.45076  -59.96340    34.9558    34.9553     4.4660     4.4664    27.7010    27.7006    5.91381    5.83871         27 0.0000e+00
     157359   6556.593    823.000     4.5318   3.336334     4.5326   3.336383      97.06     0.0174     2.5345     2.2221  34.885937  4.5416670   43.45076  -59.96340    34.9557    34.9554     4.4666     4.4674    27.7008    27.7006    5.91487    5.82722         30 0.0000e+00
     157389   6557.826    822.000     4.5330   3.336390     4.5341   3.336464      98.65     0.0166     2.5348     2.2206  34.898621  4.5430107   43.45076  -59.96340    34.9556    34.9553     4.4679     4.4690    27.7006    27.7003    5.91399    5.82405         28 0.0000e+00
     157414   6558.856    821.000     4.5354   3.336554     4.5365   3.336642      98.63     0.0188     2.5352     2.2207  34.903103  4.5429015   43.45076  -59.96341    34.9555    34.9554     4.4703     4.4715    27.7003    27.7001    5.91840    5.83007         22 0.0000e+00
     157434   6559.703    820.000     4.5391   3.336869     4.5402   3.336948      98.63     0.0168     2.5354     2.2208  34.889236  4.5433426   43.45076  -59.96342    34.9557    34.9556     4.4742     4.4752    27.7001    27.6998    5.91488    5.83050         19 0.0000e+00
     157452   6560.474    819.000     4.5431   3.337184     4.5440   3.337256      98.63     0.0175     2.5354     2.2211  34.884846  4.5433455   43.45076  -59.96342    34.9558    34.9557     4.4782     4.4791    27.6997    27.6995    5.91398    5.83794         18 0.0000e+00
     157471   6561.246    818.000     4.5455   3.337371     4.5474   3.337525      98.63     0.0179     2.5360     2.2222  34.888351  4.5433455   43.45076  -59.96342    34.9560    34.9558     4.4806     4.4825    27.6996    27.6992    5.91226    5.83743         19 0.0000e+00
