data/CTD/2014/CNV/u017a060.cnv
* Sea-Bird SBE 9 Data File:
* FileName = C:\CTD_ACQUISITION\2014017HUD\ctddata\017A060.hdr
* Software Version Seasave V 7.23.1
* Temperature SN = 5081
* Conductivity SN = 3561
* Number of Bytes Per Scan = 37
* Number of Voltage Words = 4
* Number of Scans Averaged by the Deck Unit = 1
* NMEA Latitude = 43 28.22 N
* NMEA Longitude = 059 59.72 W
* NMEA UTC (Time) = Jul 13 2014 23:31:59
* NMEA baud rate = 9600
** Ship: Hudson
** Cruise: HUD2014017
** Chief_Scientist: Blair Greenan
** Organization: BIO
** Area_of_Operation: Sackville Spur
** Station: 060
** Sounding:  998
** Event_Comments: LC3 0
** Test of Windows 7
# nquan = 25
# nvalues = 252                         
# units = specified
# name 0 = scan: Scan Count
# name 1 = timeS: Time, Elapsed [seconds]
# name 2 = prDM: Pressure, Digiquartz [db]
# name 3 = t068C: Temperature [ITS-68, deg C]
# name 4 = c0S/m: Conductivity [S/m]
# name 5 = t168C: Temperature, 2 [ITS-68, deg C]
# name 6 = c1S/m: Conductivity, 2 [S/m]
# name 7 = altM: Altimeter [m]
# name 8 = flC: Fluorescence, Chelsea Aqua 3 Chl Con [ug/l]
# name 9 = sbeox0V: Oxygen raw, SBE 43 [V]
# name 10 = sbeox1V: Oxygen raw, SBE 43, 2 [V]
# name 11 = upoly0: Upoly 0, Optode 4330F - O2 D-Phase
# name 12 = upoly1: Upoly 1, Optode 4330F - O2 Temp
# name 13 = latitude: Latitude [deg]
# name 14 = longitude: Longitude [deg]
# name 15 = sal00: Salinity, Practical [PSU]
# name 16 = sal11: Salinity, Practical, 2 [PSU]
# name 17 = potemp068C: Potential Temperature [ITS-68, deg C]
# name 18 = potemp168C: Potential Temperature, 2 [ITS-68, deg C]
# name 19 = sigma-é00: Density [sigma-theta, Kg/m^3]
# name 20 = sigma-é11: Density, 2 [sigma-theta, Kg/m^3]
# name 21 = sbeox0ML/L: Oxygen, SBE 43 [ml/l], WS = 2
# name 22 = sbeox1ML/L: Oxygen, SBE 43, 2 [ml/l], WS = 2
# name 23 = nbin: number of scans per bin
# name 24 = flag: flag
# span 0 =      23615,      30607       
# span 1 =    983.930,   1275.230       
# span 2 =      1.000,    252.000       
# span 3 =     3.8730,    15.2557       
# span 4 =   3.045663,   3.993760       
# span 5 =     3.8589,    15.3586       
# span 6 =   3.044098,   3.994301       
# span 7 =      35.39,      99.80       
# span 8 =     0.0131,     0.3264       
# span 9 =     1.9167,     3.5582       
# span 10 =     1.6599,     3.1002      
# span 11 =  28.508099,  39.809540      
# span 12 =  4.2798409,  15.362769      
# span 13 =   43.47388,   43.47438      
# span 14 =  -59.99704,  -59.99664      
# span 15 =    31.6629,    35.3268      
# span 16 =    31.6437,    35.3279      
# span 17 =     3.8693,    15.2580      
# span 18 =     3.8552,    15.3585      
# span 19 =    23.3460,    27.1969      
# span 20 =    23.3095,    27.1979      
# span 21 =    3.37174,    8.21793      
# span 22 =    3.17517,    8.11724      
# span 23 =         15,         89      
# span 24 = 0.0000e+00, 0.0000e+00      
# interval = decibars: 1                
# start_time = Jul 13 2014 23:31:59 [NMEA time, header]
# bad_flag = -9.990e-29
*END*
[from data line 116]
      26289   1095.331    136.000    11.1196   3.929084    10.7553   3.879410      72.23     0.0164     2.7117     2.3475  33.705585  11.227602   43.47402  -59.99686    35.0770    34.9277    11.1028    10.7388    26.8172    26.7667    5.12656    4.93584         24 0.0000e+00
      26311   1096.268    135.000    10.8769   3.896683    10.6599   3.866510      84.69     0.0161     2.7201     2.3551  33.787357  11.093269   43.47402  -59.99686    34.9852    34.8895    10.8604    10.6437    26.7897    26.7539    5.14000    4.96700         21 0.0000e+00
      26331   1097.096    134.000    10.6065   3.860959    10.4790   3.843021      98.84     0.0183     2.7202     2.3576  33.795006  11.097186   43.47402  -59.99686    34.8851    34.8259    10.5904    10.4631    26.7599    26.7362    5.15209    4.98056         19 0.0000e+00
      26351   1097.898    133.000    10.3113   3.823900    10.2629   3.815572      98.63     0.0174     2.7221     2.3573  33.766228  10.929236   43.47402  -59.99686    34.7932    34.7550    10.2957    10.2473    26.7399    26.7185    5.22431    5.01699         20 0.0000e+00
      26372   1098.779    132.000    10.1150   3.799618    10.0203   3.784311      58.64     0.0182     2.7317     2.3603  33.736675  10.846146   43.47402  -59.99686    34.7349    34.6695    10.0996    10.0051    26.7283    26.6933    5.30353    5.06476         23 0.0000e+00
      26398   1099.865    131.000     9.9732   3.781073     9.8096   3.758743      98.27     0.0207     2.7444     2.3652  33.778332  10.751575   43.47403  -59.99685    34.6821    34.6105     9.9581     9.7947    26.7112    26.6830    5.35041    5.10280         29 0.0000e+00
      26427   1101.087    130.000     9.8330   3.764527     9.6735   3.742196      83.82     0.0226     2.7590     2.3720  33.833656  10.692530   43.47404  -59.99684    34.6477    34.5716     9.8182     9.6588    26.7080    26.6754    5.38388    5.13903         28 0.0000e+00
      26452   1102.139    129.000     9.7087   3.748246     9.5412   3.725559      75.08     0.0262     2.7647     2.3768  33.811806  10.334949   43.47404  -59.99684    34.6005    34.5278     9.6941     9.5268    26.6920    26.6630    5.37871    5.16938         23 0.0000e+00
      26473   1103.014    128.000     9.4941   3.720669     9.3974   3.708185      99.02     0.0209     2.7667     2.3823  33.809483  10.286069   43.47404  -59.99684    34.5230    34.4870     9.4798     9.3832    26.6670    26.6547    5.39100    5.21927         19 0.0000e+00
      26492   1103.801    127.000     9.1093   3.673396     9.0912   3.669888      98.63     0.0244     2.7667     2.3871  33.796253  10.295261   43.47404  -59.99684    34.4035    34.3845     9.0956     9.0775    26.6360    26.6240    5.43326    5.27693         19 0.0000e+00
      26511   1104.582    126.000     8.8329   3.640495     8.7996   3.635083      52.33     0.0269     2.7665     2.3906  33.771008  10.247427   43.47404  -59.99684    34.3269    34.3023     8.8196     8.7863    26.6200    26.6059    5.47646    5.31264         19 0.0000e+00
      26531   1105.408    125.000     8.6680   3.622604     8.6024   3.612132      94.57     0.0256     2.7683     2.3932  33.767693  10.384605   43.47404  -59.99684    34.2990    34.2521     8.6549     8.5894    26.6239    26.5973    5.50677    5.32764         21 0.0000e+00
      26553   1106.315    124.000     8.5278   3.604881     8.4317   3.592005      98.56     0.0262     2.7698     2.3933  33.806831  10.181035   43.47404  -59.99684    34.2483    34.2052     8.5149     8.4190    26.6058    26.5867    5.52167    5.33645         23 0.0000e+00
      26577   1107.322    123.000     8.5171   3.602765     8.3038   3.577574      70.41     0.0253     2.7705     2.3946  33.810081  10.160144   43.47404  -59.99684    34.2368    34.1768     8.5044     8.2913    26.5984    26.5839    5.52228    5.35499         25 0.0000e+00
      26602   1108.380    122.000     8.4241   3.592175     8.2445   3.570777      88.45     0.0289     2.7712     2.3975  33.810699  9.6325569   43.47404  -59.99684    34.2153    34.1626     8.4116     8.2321    26.5958    26.5817    5.53238    5.37016         25 0.0000e+00
      26626   1109.388    121.000     8.3344   3.582262     8.2116   3.566833      98.77     0.0304     2.7712     2.3979  33.812092  9.5674725   43.47404  -59.99682    34.1978    34.1530     8.3221     8.1994    26.5957    26.5791    5.53464    5.37573         23 0.0000e+00
      26648   1110.296    120.000     8.2262   3.569520     8.1858   3.563914      72.70     0.0277     2.7696     2.3992  33.753407  9.4233570   43.47404  -59.99682    34.1680    34.1475     8.2140     8.1737    26.5887    26.5786    5.54022    5.39670         21 0.0000e+00
      26668   1111.137    119.000     8.1828   3.564047     8.1608   3.561134      76.57     0.0277     2.7685     2.3995  33.750946  9.4079828   43.47404  -59.99682    34.1523    34.1414     8.1708     8.1489    26.5829    26.5776    5.54352    5.39943         20 0.0000e+00
      26688   1111.975    118.000     8.1612   3.561329     8.1292   3.557432      98.51     0.0297     2.7675     2.4002  33.785889  9.3534155   43.47404  -59.99682    34.1448    34.1343     8.1494     8.1174    26.5802    26.5768    5.54867    5.40881         20 0.0000e+00
      26711   1112.909    117.000     8.1262   3.557892     8.1010   3.554072      93.85     0.0289     2.7677     2.4019  33.818050  9.3104897   43.47404  -59.99682    34.1427    34.1264     8.1145     8.0893    26.5837    26.5747    5.56834    5.42733         25 0.0000e+00
      26738   1114.055    116.000     8.1079   3.555654     8.0702   3.550637      69.64     0.0279     2.7709     2.4055  33.812492  9.1907587   43.47404  -59.99682    34.1371    34.1202     8.0963     8.0586    26.5821    26.5744    5.59186    5.44609         30 0.0000e+00
      26767   1115.264    115.000     8.0740   3.551631     8.0407   3.546964      98.97     0.0300     2.7757     2.4100  33.809490  9.1138964   43.47406  -59.99682    34.1276    34.1103     8.0625     8.0295    26.5797    26.5711    5.60600    5.46141         27 0.0000e+00
      26791   1116.255    114.000     8.0440   3.547913     7.9924   3.540927      75.03     0.0273     2.7779     2.4123  33.773777  8.9816046   43.47406  -59.99682    34.1175    34.0930     8.0326     7.9811    26.5762    26.5646    5.60096    5.45622         21 0.0000e+00
      26811   1117.066    113.000     7.9722   3.538855     7.9403   3.534306      70.07     0.0259     2.7784     2.4126  33.772072  8.9583750   43.47406  -59.99682    34.0910    34.0733     7.9610     7.9291    26.5659    26.5568    5.59700    5.45989         18 0.0000e+00
      26829   1117.822    112.000     7.8838   3.528299     7.8567   3.523862      99.00     0.0304     2.7769     2.4125  33.760536  8.9156113   43.47406  -59.99682    34.0644    34.0432     7.8728     7.8457    26.5581    26.5453    5.60335    5.46753         18 0.0000e+00
      26847   1118.597    111.000     7.7858   3.516552     7.7535   3.511476      98.63     0.0323     2.7774     2.4121  33.751011  8.8313475   43.47406  -59.99682    34.0342    34.0111     7.7750     7.7427    26.5486    26.5351    5.63108    5.48440         20 0.0000e+00
      26868   1119.466    110.000     7.7360   3.509682     7.7011   3.504828      59.63     0.0319     2.7789     2.4131  33.750916  8.8253670   43.47406  -59.99682    34.0093    33.9910     7.7253     7.6904    26.5363    26.5270    5.65507    5.50689         22 0.0000e+00
      26893   1120.499    109.000     7.7135   3.507016     7.6753   3.501610      93.14     0.0305     2.7831     2.4162  33.776947  8.6557884   43.47406  -59.99681    34.0030    33.9820     7.7030     7.6647    26.5345    26.5236    5.68182    5.52935         27 0.0000e+00
      26920   1121.611    108.000     7.6911   3.504141     7.6553   3.498971      98.67     0.0329     2.7890     2.4199  33.769463  8.6208906   43.47406  -59.99680    33.9937    33.9735     7.6807     7.6449    26.5305    26.5198    5.69797    5.53547         26 0.0000e+00
      26943   1122.592    107.000     7.6602   3.500056     7.6080   3.492839      50.28     0.0365     2.7927     2.4217  33.757088  8.4884815   43.47406  -59.99680    33.9809    33.9539     7.6498     7.5978    26.5249    26.5111    5.70383    5.54822         21 0.0000e+00
      26964   1123.441    106.000     7.5615   3.487047     7.5227   3.481334      97.53     0.0344     2.7960     2.4253  33.756775  8.4896212   43.47406  -59.99680    33.9372    33.9132     7.5514     7.5126    26.5046    26.4913    5.73552    5.59073         20 0.0000e+00
      26983   1124.259    105.000     7.3821   3.465689     7.3462   3.458802      98.61     0.0320     2.8009     2.4303  33.750999  8.3475838   43.47406  -59.99680    33.8814    33.8416     7.3722     7.3364    26.4861    26.4598    5.78355    5.63767         20 0.0000e+00
      27004   1125.108    104.000     7.2630   3.451270     7.1235   3.432121      83.66     0.0338     2.8068     2.4354  33.750916  8.3335772   43.47406  -59.99680    33.8415    33.7690     7.2533     7.1140    26.4714    26.4336    5.81642    5.66464         21 0.0000e+00
      27027   1126.086    103.000     7.0452   3.425823     6.9016   3.406183      71.03     0.0334     2.8130     2.4404  33.764194  8.2558661   43.47406  -59.99680    33.7773    33.7025     7.0358     6.8923    26.4509    26.4115    5.86306    5.71848         26 0.0000e+00
      27054   1127.198    102.000     6.9024   3.408328     6.7454   3.389026      98.36     0.0352     2.8202     2.4485  33.774693  8.2157774   43.47406  -59.99680    33.7258    33.6673     6.8932     6.7364    26.4298    26.4047    5.89802    5.77628         27 0.0000e+00
      27079   1128.256    101.000     6.7587   3.395862     6.6077   3.373198      73.23     0.0326     2.8262     2.4570  33.854595  7.9760103   43.47406  -59.99680    33.7302    33.6282     6.7496     6.5989    26.4525    26.3921    5.92561    5.82326         23 0.0000e+00
      27101   1129.167    100.000     6.5973   3.374757     6.5257   3.363717      75.97     0.0349     2.8303     2.4638  33.868134  7.9328508   43.47406  -59.99680    33.6562    33.6042     6.5885     6.5170    26.4155    26.3839    5.94422    5.85310         21 0.0000e+00
      27121   1129.993     99.000     6.5184   3.363102     6.4809   3.358583      98.43     0.0393     2.8316     2.4672  33.831448  7.7636828   43.47406  -59.99678    33.6051    33.5919     6.5098     6.4723    26.3856    26.3800    5.93996    5.83809         19 0.0000e+00
      27140   1130.805     98.000     6.4887   3.359494     6.4706   3.357224      98.63     0.0385     2.8312     2.4660  33.809715  7.6505618   43.47407  -59.99678    33.5931    33.5874     6.4802     6.4621    26.3800    26.3778    5.94648    5.81552         20 0.0000e+00
      27161   1131.669     97.000     6.4806   3.358320     6.4612   3.355638      51.00     0.0362     2.8343     2.4648  33.819305  7.6095762   43.47408  -59.99678    33.5902    33.5795     6.4722     6.4528    26.3787    26.3728    5.99429    5.83227         22 0.0000e+00
      27185   1132.670     96.000     6.4579   3.355562     6.4430   3.352722      97.80     0.0330     2.8423     2.4680  33.851768  7.4857440   43.47408  -59.99678    33.5824    33.5655     6.4496     6.4351    26.3755    26.3640    6.04535    5.88091         26 0.0000e+00
      27214   1133.859     95.000     6.4468   3.353570     6.4358   3.350602      91.91     0.0388     2.8553     2.4770  33.832394  7.3955526   43.47408  -59.99678    33.5717    33.5496     6.4386     6.4276    26.3685    26.3524    6.09508    5.93513         30 0.0000e+00
      27241   1135.000     94.000     6.4415   3.352256     6.4122   3.346449      61.39     0.0397     2.8676     2.4858  33.810349  7.2857809   43.47408  -59.99678    33.5628    33.5270     6.4334     6.4041    26.3621    26.3377    6.08239    5.92153         24 0.0000e+00
      27262   1135.893     93.000     6.3879   3.344155     6.3676   3.340416      99.36     0.0398     2.8679     2.4855  33.809502  7.2420216   43.47408  -59.99678    33.5259    33.5043     6.3799     6.3597    26.3399    26.3254    6.01607    5.88299         19 0.0000e+00
      27280   1136.631     92.000     6.2399   3.326366     6.2174   3.322019      98.63     0.0399     2.8635     2.4829  33.809525  7.1900673   43.47408  -59.99678    33.4737    33.4472     6.2321     6.2097    26.3176    26.2995    5.99064    5.89372         17 0.0000e+00
      27297   1137.320     91.000     5.9425   3.293418     5.9171   3.288114      67.78     0.0400     2.8562     2.4816  33.809525  7.1904764   43.47408  -59.99678    33.3980    33.3633     5.9350     5.9097    26.2950    26.2707    6.02595    5.95496         17 0.0000e+00
      27314   1138.037     90.000     5.8110   3.277742     5.7278   3.267370      67.52     0.0380     2.8534     2.4822  33.815022  7.1130037   43.47408  -59.99678    33.3517    33.3167     5.8037     5.7206    26.2746    26.2570    6.09173    6.01125         18 0.0000e+00
      27334   1138.882     89.000     5.7106   3.266850     5.6150   3.255448      97.35     0.0351     2.8571     2.4874  33.817699  7.0747762   43.47408  -59.99677    33.3284    33.2937     5.7035     5.6080    26.2682    26.2523    6.18835    6.08170         23 0.0000e+00
      27362   1140.046     88.000     5.6839   3.263782     5.5796   3.252070      78.86     0.0319     2.8710     2.4983  33.848038  6.8804517   43.47408  -59.99676    33.3205    33.2910     5.6769     5.5726    26.2652    26.2544    6.26772    6.12530         33 0.0000e+00
      27396   1141.456     87.000     5.8603   3.283325     5.6332   3.258139      84.86     0.0369     2.8887     2.5094  33.859451  6.7135620   43.47408  -59.99676    33.3675    33.3073     5.8532     5.6262    26.2810    26.2609    6.26946    6.12442         31 0.0000e+00
      27422   1142.557     86.000     5.6492   3.261100     5.4053   3.232840      98.81     0.0413     2.9000     2.5192  33.794018  6.4475346   43.47408  -59.99676    33.3255    33.2458     5.6423     5.3986    26.2733    26.2391    6.31992    6.19543         23 0.0000e+00
      27443   1143.418     85.000     5.3810   3.230489     5.1978   3.209256      59.14     0.0401     2.9072     2.5268  33.794872  6.4517074   43.47408  -59.99676    33.2435    33.1826     5.3744     5.1914    26.2401    26.2130    6.36240    6.26882         19 0.0000e+00
      27462   1144.193     84.000     5.0780   3.196517     5.0166   3.188234      78.19     0.0393     2.9118     2.5343  33.755505  6.2878747   43.47408  -59.99676    33.1560    33.1217     5.0717     5.0104    26.2055    26.1852    6.41632    6.34273         18 0.0000e+00
      27480   1144.971     83.000     4.9373   3.180169     4.8850   3.173097      98.97     0.0390     2.9165     2.5407  33.750835  6.2615604   43.47408  -59.99676    33.1081    33.0785     4.9312     4.8789    26.1833    26.1656    6.44538    6.37434         19 0.0000e+00
      27500   1145.772     82.000     4.8985   3.175053     4.8111   3.165212      98.63     0.0429     2.9202     2.5461  33.789810  6.1666288   43.47408  -59.99676    33.0882    33.0614     4.8925     4.8052    26.1718    26.1601    6.45419    6.38931         20 0.0000e+00
      27520   1146.612     81.000     4.8241   3.166783     4.7565   3.158995      45.63     0.0446     2.9236     2.5515  33.866924  5.9688568   43.47408  -59.99676    33.0671    33.0444     4.8182     4.7506    26.1633    26.1526    6.47543    6.41137         21 0.0000e+00
      27541   1147.494     80.000     4.7683   3.160581     4.7037   3.152090      98.24     0.0484     2.9276     2.5558  33.865360  5.9620566   43.47408  -59.99676    33.0515    33.0174     4.7625     4.6979    26.1569    26.1369    6.49648    6.41664         21 0.0000e+00
