data/CTD/2014/CNV/u017a048.cnv
* Sea-Bird SBE 9 Data File:
* FileName = C:\CTD_ACQUISITION\2014017HUD\ctddata\017A048.hdr
* Software Version Seasave V 7.22.2
* Temperature SN = 5081
* Conductivity SN = 3561
* Number of Bytes Per Scan = 37
* Number of Voltage Words = 4
* Number of Scans Averaged by the Deck Unit = 1
* NMEA Latitude = 47 04.69 N
* NMEA Longitude = 047 16.88 W
* NMEA UTC (Time) = Jul 11 2014 07:27:43
* NMEA baud rate = 9600
** Ship: Hudson
** Cruise: HUD2014017
** Chief_Scientist: Blair Greenan
** Organization: BIO
** Area_of_Operation: Sackville Spur
** Station: 048
** Sounding:  405
** Event_Comments: CTD_1842, 403278
** CTD cast ~1 Nm south of Mooring_1842
# nquan = 25
# nvalues = 415                         
# units = specified
# name 0 = scan: Scan Count
# name 1 = timeS: Time, Elapsed [seconds]
# name 2 = prDM: Pressure, Digiquartz [db]
# name 3 = t068C: Temperature [ITS-68, deg C]
# name 4 = c0S/m: Conductivity [S/m]
# name 5 = t168C: Temperature, 2 [ITS-68, deg C]
# name 6 = c1S/m: Conductivity, 2 [S/m]
# name 7 = altM: Altimeter [m]
# name 8 = flC: Fluorescence, Chelsea Aqua 3 Chl Con [ug/l]
# name 9 = sbeox0V: Oxygen raw, SBE 43 [V]
# name 10 = sbeox1V: Oxygen raw, SBE 43, 2 [V]
# name 11 = upoly0: Upoly 0, Optode 4330F - O2 D-Phase
# name 12 = upoly1: Upoly 1, Optode 4330F - O2 Temp
# name 13 = latitude: Latitude [deg]
# name 14 = longitude: Longitude [deg]
# name 15 = sal00: Salinity, Practical [PSU]
# name 16 = sal11: Salinity, Practical, 2 [PSU]
# name 17 = potemp068C: Potential Temperature [ITS-68, deg C]
# name 18 = potemp168C: Potential Temperature, 2 [ITS-68, deg C]
# name 19 = sigma-é00: Density [sigma-theta, Kg/m^3]
# name 20 = sigma-é11: Density, 2 [sigma-theta, Kg/m^3]
# name 21 = sbeox0ML/L: Oxygen, SBE 43 [ml/l], WS = 2
# name 22 = sbeox1ML/L: Oxygen, SBE 43, 2 [ml/l], WS = 2
# name 23 = nbin: number of scans per bin
# name 24 = flag: flag
# span 0 =      20409,      33040       
# span 1 =    850.338,   1376.629       
# span 2 =      1.000,    415.000       
# span 3 =    -1.6665,     8.1450       
# span 4 =   2.626218,   3.419972       
# span 5 =    -1.6656,     8.1442       
# span 6 =   2.626245,   3.419965       
# span 7 =       2.57,      99.98       
# span 8 =     0.0116,     0.2747       
# span 9 =     2.7848,     3.6995       
# span 10 =     2.4537,     3.2754      
# span 11 =  30.502335,  34.630116      
# span 12 = -1.7722763,  8.1246271      
# span 13 =   47.07712,   47.07769      
# span 14 =  -47.28051,  -47.27989      
# span 15 =    32.7107,    34.6429      
# span 16 =    32.7107,    34.6427      
# span 17 =    -1.6674,     8.1447      
# span 18 =    -1.6665,     8.1440      
# span 19 =    25.4555,    27.5809      
# span 20 =    25.4556,    27.5808      
# span 21 =    6.51660,   10.46248      
# span 22 =    6.27909,   10.82256      
# span 23 =         16,         68      
# span 24 = 0.0000e+00, 0.0000e+00      
# interval = decibars: 1                
# start_time = Jul 11 2014 07:27:43 [NMEA time, header]
# bad_flag = -9.990e-29
*END*
[from data line 406]
      31524   1313.445      9.000     8.0668   3.416862     8.0919   3.419168       4.27     0.0622     3.3479     2.9449  31.110996  3.8275244   47.07730  -47.27998    32.7473    32.7483     8.0659     8.0910    25.4957    25.4928    6.97059    6.94632         24 0.0000e+00
      31548   1314.458      8.000     8.0719   3.416786     8.0939   3.418874       4.15     0.0629     3.3498     2.9467  31.068829  4.2682514   47.07730  -47.27998    32.7422    32.7438     8.0711     8.0932    25.4909    25.4889    6.97350    6.96947         26 0.0000e+00
      31579   1315.751      7.000     8.0993   3.418474     8.1145   3.419965       4.53     0.0682     3.3514     2.9512  31.020988  4.6637392   47.07730  -47.27996    32.7350    32.7366     8.0986     8.1138    25.4813    25.4803    6.97264    6.97825         35 0.0000e+00
      31615   1317.250      6.000     7.9595   3.406606     8.0694   3.414663      46.77     0.0725     3.3549     2.9533  30.870199  5.1749496   47.07730  -47.27996    32.7398    32.7228     7.9589     8.0688    25.5053    25.4760    7.01615    6.98977         39 0.0000e+00
      31671   1319.590      5.000     7.9326   3.402850     7.8899   3.399128      96.31     0.0667     3.3621     2.9515  30.937933  5.6194239   47.07729  -47.27996    32.7254    32.7257     7.9321     7.8894    25.4979    25.5043    7.02911    6.98515         67 0.0000e+00
      31730   1322.042      4.000     7.9448   3.403322     7.9248   3.401623      93.91     0.0703     3.3648     2.9525  30.906282  5.9021897   47.07728  -47.27995    32.7199    32.7200     7.9444     7.9245    25.4918    25.4948    7.01436    6.98078         54 0.0000e+00
      32035   1334.765      3.000     7.9806   3.407273     8.0718   3.413983      63.02     0.0677     3.3663     2.9540  30.716131  6.8648953   47.07724  -47.27994    32.7200    32.7148     7.9838     8.0715    25.4862    25.4693    7.00829    6.97853         67 0.0000e+00
      32992   1374.630      2.000     8.1450   3.419972     8.1442   3.419922       2.57     0.0559     3.3629     2.9546  30.502335  8.1246271   47.07712  -47.27990    32.7107    32.7107     8.1447     8.1440    25.4555    25.4556    6.83657    6.87949         52 0.0000e+00
      33040   1376.629      1.000     8.1423   3.419735     8.1418   3.419676       2.69     0.0522     3.2935     2.8675  30.506874  8.1177998   47.07712  -47.27989    32.7110    32.7108     8.1422     8.1417    25.4561    25.4560    6.65149    6.27909         63 0.0000e+00
