data/CTD/2014/CNV/u017a022.cnv
* Sea-Bird SBE 9 Data File:
* FileName = C:\CTD_ACQUISITION\2014017HUD\ctddata\017A022.hdr
* Software Version Seasave V 7.22.2
* Temperature SN = 5081
* Conductivity SN = 3561
* Number of Bytes Per Scan = 37
* Number of Voltage Words = 4
* Number of Scans Averaged by the Deck Unit = 1
* NMEA Latitude = 53 23.40 N
* NMEA Longitude = 050 07.48 W
* NMEA UTC (Time) = Jul 05 2014 05:54:43
* NMEA baud rate = 9600
** Ship: Hudson
** Cruise: HUD2014017
** Chief_Scientist: Blair Greenan
** Organization: BIO
** Area_of_Operation: Sackville Spur
** Station: 022
** Sounding:  3370
** Event_Comments: K10, 403125
# nquan = 25
# nvalues = 3511                        
# units = specified
# name 0 = scan: Scan Count
# name 1 = timeS: Time, Elapsed [seconds]
# name 2 = prDM: Pressure, Digiquartz [db]
# name 3 = t068C: Temperature [ITS-68, deg C]
# name 4 = c0S/m: Conductivity [S/m]
# name 5 = t168C: Temperature, 2 [ITS-68, deg C]
# name 6 = c1S/m: Conductivity, 2 [S/m]
# name 7 = altM: Altimeter [m]
# name 8 = flC: Fluorescence, Chelsea Aqua 3 Chl Con [ug/l]
# name 9 = sbeox0V: Oxygen raw, SBE 43 [V]
# name 10 = sbeox1V: Oxygen raw, SBE 43, 2 [V]
# name 11 = upoly0: Upoly 0, Optode 4330F - O2 D-Phase
# name 12 = upoly1: Upoly 1, Optode 4330F - O2 Temp
# name 13 = latitude: Latitude [deg]
# name 14 = longitude: Longitude [deg]
# name 15 = sal00: Salinity, Practical [PSU]
# name 16 = sal11: Salinity, Practical, 2 [PSU]
# name 17 = potemp068C: Potential Temperature [ITS-68, deg C]
# name 18 = potemp168C: Potential Temperature, 2 [ITS-68, deg C]
# name 19 = sigma-é00: Density [sigma-theta, Kg/m^3]
# name 20 = sigma-é11: Density, 2 [sigma-theta, Kg/m^3]
# name 21 = sbeox0ML/L: Oxygen, SBE 43 [ml/l], WS = 2
# name 22 = sbeox1ML/L: Oxygen, SBE 43, 2 [ml/l], WS = 2
# name 23 = nbin: number of scans per bin
# name 24 = flag: flag
# span 0 =      92329,     196122       
# span 1 =   3847.018,   8171.721       
# span 2 =      1.000,   3511.000       
# span 3 =     1.7875,     8.9879       
# span 4 =   3.194471,   3.674341       
# span 5 =     1.7864,     8.9878       
# span 6 =   3.194440,   3.674285       
# span 7 =       1.45,     107.14       
# span 8 =     0.0048,     0.5654       
# span 9 =     2.0330,     3.4863       
# span 10 =     1.8009,     3.0647      
# span 11 =  29.880398,  35.868370      
# span 12 =  1.7784536,  9.0174618      
# span 13 =   53.39000,   53.39130      
# span 14 =  -50.12258,  -50.12048      
# span 15 =    34.5873,    34.9182      
# span 16 =    34.5864,    34.9187      
# span 17 =     1.5123,     8.9876      
# span 18 =     1.5111,     8.9875      
# span 19 =    26.7988,    27.9235      
# span 20 =    26.7981,    27.9240      
# span 21 =    6.26574,    7.17125      
# span 22 =    6.02036,    7.19199      
# span 23 =         11,         75      
# span 24 = 0.0000e+00, 0.0000e+00      
# interval = decibars: 1                
# start_time = Jul 05 2014 05:54:43 [NMEA time, header]
# bad_flag = -9.990e-29
*END*
[from data line 58]
      94017   3917.345   3453.000     1.8203   3.195746     1.8193   3.195698      98.33     0.0209     2.0449     1.8099  35.729073  1.8101771   53.39108  -50.12208    34.8931    34.8935     1.5497     1.5488    27.9208    27.9212    6.79888    6.73451         31 0.0000e+00
      94052   3918.806   3452.000     1.8203   3.195711     1.8193   3.195664      98.31     0.0185     2.0452     1.8102  35.728939  1.8129843   53.39108  -50.12208    34.8930    34.8935     1.5499     1.5489    27.9207    27.9212    6.80420    6.73509         36 0.0000e+00
      94084   3920.109   3451.000     1.8204   3.195670     1.8194   3.195622      98.21     0.0166     2.0456     1.8104  35.728939  1.8143640   53.39108  -50.12208    34.8929    34.8934     1.5500     1.5491    27.9206    27.9211    6.82421    6.73233         26 0.0000e+00
      94105   3921.019   3450.000     1.8204   3.195644     1.8195   3.195609      98.37     0.0191     2.0457     1.8103  35.728939  1.8170964   53.39108  -50.12208    34.8929    34.8935     1.5502     1.5493    27.9206    27.9212    6.81159    6.73022         19 0.0000e+00
      94124   3921.785   3449.000     1.8206   3.195626     1.8197   3.195592      98.65     0.0173     2.0462     1.8104  35.728939  1.8164316   53.39108  -50.12208    34.8930    34.8935     1.5505     1.5496    27.9206    27.9212    6.80529    6.73306         18 0.0000e+00
      94141   3922.491   3448.000     1.8209   3.195612     1.8199   3.195577      98.01     0.0154     2.0462     1.8106  35.728939  1.8152128   53.39108  -50.12208    34.8929    34.8935     1.5509     1.5499    27.9206    27.9212    6.80208    6.73342         17 0.0000e+00
      94158   3923.196   3447.000     1.8211   3.195587     1.8201   3.195542      98.26     0.0163     2.0458     1.8107  35.728939  1.8123736   53.39108  -50.12208    34.8929    34.8934     1.5511     1.5501    27.9206    27.9210    6.80632    6.73721         17 0.0000e+00
      94175   3923.928   3446.000     1.8210   3.195556     1.8201   3.195510      98.23     0.0176     2.0462     1.8108  35.728939  1.8147826   53.39108  -50.12208    34.8931    34.8935     1.5512     1.5503    27.9207    27.9211    6.81897    6.73660         18 0.0000e+00
      94194   3924.717   3445.000     1.8209   3.195512     1.8200   3.195469      97.98     0.0170     2.0468     1.8111  35.728939  1.8098435   53.39108  -50.12208    34.8931    34.8935     1.5511     1.5503    27.9207    27.9211    6.81395    6.73619         20 0.0000e+00
      94215   3925.596   3444.000     1.8208   3.195470     1.8198   3.195425      89.03     0.0135     2.0468     1.8112  35.728939  1.8087560   53.39108  -50.12208    34.8930    34.8936     1.5512     1.5502    27.9206    27.9212    6.81352    6.73993         22 0.0000e+00
      94240   3926.624   3443.000     1.8208   3.195426     1.8197   3.195368      83.53     0.0161     2.0470     1.8116  35.728939  1.8117275   53.39108  -50.12208    34.8930    34.8935     1.5513     1.5502    27.9206    27.9211    6.80650    6.73714         28 0.0000e+00
      94272   3927.957   3442.000     1.8206   3.195379     1.8196   3.195322      97.63     0.0186     2.0474     1.8118  35.728539  1.8155661   53.39108  -50.12208    34.8930    34.8935     1.5512     1.5502    27.9207    27.9211    6.81151    6.73282         36 0.0000e+00
      94307   3929.407   3441.000     1.8206   3.195335     1.8195   3.195276      97.89     0.0173     2.0476     1.8118  35.728954  1.8181647   53.39108  -50.12208    34.8930    34.8935     1.5513     1.5502    27.9206    27.9211    6.81988    6.73205         30 0.0000e+00
      94332   3930.460   3440.000     1.8206   3.195296     1.8195   3.195246      98.51     0.0193     2.0486     1.8120  35.728939  1.8171645   53.39108  -50.12208    34.8930    34.8935     1.5514     1.5503    27.9206    27.9211    6.80507    6.73258         22 0.0000e+00
      94352   3931.302   3439.000     1.8205   3.195262     1.8194   3.195202      98.55     0.0242     2.0477     1.8121  35.728939  1.8180819   53.39108  -50.12208    34.8931    34.8935     1.5514     1.5504    27.9207    27.9211    6.79125    6.73319         19 0.0000e+00
      94371   3932.093   3438.000     1.8204   3.195215     1.8194   3.195161      97.39     0.0209     2.0478     1.8122  35.728939  1.8175508   53.39108  -50.12208    34.8930    34.8935     1.5514     1.5504    27.9206    27.9210    6.83034    6.73924         19 0.0000e+00
      94391   3932.906   3437.000     1.8204   3.195174     1.8194   3.195121      95.95     0.0163     2.0490     1.8126  35.728939  1.8180645   53.39108  -50.12208    34.8930    34.8935     1.5515     1.5505    27.9206    27.9211    6.82410    6.73969         21 0.0000e+00
      94413   3933.834   3436.000     1.8202   3.195128     1.8193   3.195076      98.58     0.0142     2.0488     1.8128  35.728939  1.8180708   53.39108  -50.12208    34.8931    34.8935     1.5515     1.5505    27.9207    27.9210    6.80184    6.73831         24 0.0000e+00
      94439   3934.927   3435.000     1.8202   3.195084     1.8191   3.195028      97.49     0.0143     2.0489     1.8132  35.725830  1.8173801   53.39108  -50.12208    34.8930    34.8935     1.5515     1.5573    27.9206    27.9210    6.81178    6.74252         28 0.0000e+00
      94466   3936.035   3434.000     1.8201   3.195040     1.8191   3.194988      96.34     0.0153     2.0491     1.8132  35.728340  1.8172898   53.39108  -50.12208    34.8930    34.8935     1.5516     1.5506    27.9206    27.9210    6.80422    6.72895         25 0.0000e+00
      94489   3937.014   3433.000     1.8200   3.194999     1.8190   3.194947      96.91     0.0140     2.0490     1.8133  35.728935  1.8180650   53.39108  -50.12208    34.8931    34.8935     1.5515     1.5506    27.9206    27.9211    6.80423    6.73123         22 0.0000e+00
      94511   3937.925   3432.000     1.8199   3.194955     1.8189   3.194908      95.38     0.0166     2.0493     1.8133  35.728939  1.8180708   53.39108  -50.12208    34.8931    34.8935     1.5516     1.5506    27.9206    27.9211    6.80914    6.73471         21 0.0000e+00
      94532   3938.794   3431.000     1.8199   3.194911     1.8190   3.194871      98.65     0.0124     2.0493     1.8135  35.728939  1.8180708   53.39108  -50.12208    34.8930    34.8935     1.5516     1.5507    27.9206    27.9210    6.80343    6.73446         21 0.0000e+00
      94553   3939.654   3430.000     1.8200   3.194877     1.8190   3.194841      98.64     0.0121     2.0494     1.8135  35.728939  1.8180708   53.39108  -50.12208    34.8929    34.8936     1.5518     1.5508    27.9205    27.9211    6.81053    6.72817         20 0.0000e+00
      94573   3940.515   3429.000     1.8199   3.194841     1.8190   3.194804      93.47     0.0128     2.0495     1.8136  35.695580  1.8180708   53.39108  -50.12208    34.8931    34.8935     1.5518     1.5510    27.9206    27.9211    6.80964    6.73094         21 0.0000e+00
      94595   3941.408   3428.000     1.8199   3.194811     1.8189   3.194763      98.60     0.0164     2.0500     1.8137  35.700233  1.8180708   53.39108  -50.12208    34.8931    34.8936     1.5519     1.5593    27.9207    27.9211    6.81498    6.73124         23 0.0000e+00
      94619   3942.432   3427.000     1.8198   3.194766     1.8188   3.194713      98.53     0.0180     2.0501     1.8137  35.700180  1.8173655   53.39108  -50.12208    34.8931    34.8935     1.5520     1.5512    27.9206    27.9210    6.80989    6.73066         27 0.0000e+00
      94650   3943.708   3426.000     1.8197   3.194721     1.8188   3.194674      98.24     0.0154     2.0504     1.8141  35.699627  1.8168417   53.39108  -50.12209    34.8931    34.8935     1.5520     1.5511    27.9206    27.9210    6.80899    6.73519         32 0.0000e+00
      94679   3944.901   3425.000     1.8198   3.194686     1.8189   3.194647      97.88     0.0187     2.0504     1.8143  35.703827  1.8176979   53.39108  -50.12210    34.8930    34.8934     1.5522     1.5513    27.9205    27.9210    6.79544    6.73394         25 0.0000e+00
      94700   3945.803   3424.000     1.8200   3.194663     1.8191   3.194630      93.09     0.0202     2.0502     1.8144  35.701923  1.8175551   53.39108  -50.12210    34.8929    34.8935     1.5525     1.5516    27.9205    27.9210    6.80677    6.73647         19 0.0000e+00
      94720   3946.605   3423.000     1.8202   3.194651     1.8192   3.194602      98.65     0.0177     2.0507     1.8147  35.693760  1.8180716   53.39108  -50.12210    34.8931    34.8935     1.5527     1.5518    27.9206    27.9210    6.82196    6.73486         20 0.0000e+00
      94740   3947.444   3422.000     1.8201   3.194613     1.8192   3.194571      98.64     0.0179     2.0510     1.8147  35.697479  1.8180708   53.39108  -50.12210    34.8931    34.8936     1.5528     1.5519    27.9206    27.9210    6.81770    6.73509         21 0.0000e+00
      94763   3948.397   3421.000     1.8201   3.194571     1.8191   3.194524      93.24     0.0176     2.0518     1.8152  35.710644  1.8180708   53.39108  -50.12210    34.8930    34.8935     1.5529     1.5519    27.9205    27.9210    6.81555    6.74822         24 0.0000e+00
      94787   3949.427   3420.000     1.8201   3.194532     1.8190   3.194478      97.96     0.0163     2.0516     1.8155  35.721962  1.8180708   53.39108  -50.12210    34.8930    34.8935     1.5530     1.5519    27.9205    27.9210    6.80257    6.73363         24 0.0000e+00
      94810   3950.359   3419.000     1.8200   3.194501     1.8190   3.194440      93.40     0.0152     2.0520     1.8157  35.696159  1.8180708   53.39108  -50.12210    34.8931    34.8935     1.5530     1.5520    27.9206    27.9210    6.81844    6.73876         21 0.0000e+00
      94829   3951.183   3418.000     1.8201   3.194471     1.8194   3.194441      97.00     0.0174     2.0524     1.8161  35.700474  1.8170224   53.39110  -50.12210    34.8931    34.8935     1.5532     1.5525    27.9205    27.9209    6.80608    6.73501         19 0.0000e+00
      94848   3951.970   3417.000     1.8207   3.194479     1.8206   3.194510      98.67     0.0196     2.0516     1.8159  35.694149  1.8170426   53.39110  -50.12210    34.8930    34.8936     1.5539     1.5537    27.9204    27.9209    6.80726    6.73544         19 0.0000e+00
      94868   3952.795   3416.000     1.8218   3.194539     1.8220   3.194597      98.64     0.0206     2.0530     1.8163  35.689846  1.8180754   53.39109  -50.12210    34.8930    34.8935     1.5551     1.5553    27.9203    27.9207    6.84066    6.73884         21 0.0000e+00
      94891   3953.765   3415.000     1.8223   3.194551     1.8228   3.194636      92.91     0.0197     2.0537     1.8164  35.691174  1.8176972   53.39108  -50.12210    34.8932    34.8936     1.5556     1.5562    27.9204    27.9207    6.81023    6.74116         26 0.0000e+00
      94920   3954.952   3414.000     1.8230   3.194578     1.8237   3.194667      98.71     0.0178     2.0532     1.8169  35.691830  1.8170863   53.39108  -50.12210    34.8931    34.8935     1.5564     1.5571    27.9203    27.9206    6.81413    6.74196         30 0.0000e+00
      94948   3956.109   3413.000     1.8245   3.194651     1.8243   3.194677      95.40     0.0202     2.0542     1.8173  35.689621  1.8176935   53.39108  -50.12210    34.8929    34.8935     1.5580     1.5578    27.9200    27.9205    6.82682    6.74046         25 0.0000e+00
      94971   3957.091   3412.000     1.8253   3.194686     1.8249   3.194707      64.96     0.0204     2.0546     1.8174  35.695221  1.8180739   53.39108  -50.12210    34.8929    34.8936     1.5588     1.5585    27.9200    27.9205    6.81702    6.73729         23 0.0000e+00
      94994   3958.039   3411.000     1.8264   3.194755     1.8260   3.194765      98.68     0.0202     2.0548     1.8175  35.690727  1.8180708   53.39108  -50.12210    34.8930    34.8936     1.5600     1.5597    27.9200    27.9204    6.80850    6.73426         23 0.0000e+00
      95017   3959.012   3410.000     1.8271   3.194795     1.8276   3.194879      96.45     0.0180     2.0545     1.8178  35.690716  1.8180708   53.39108  -50.12210    34.8932    34.8937     1.5609     1.5614    27.9200    27.9204    6.81563    6.73343         23 0.0000e+00
      95040   3959.958   3409.000     1.8286   3.194887     1.8306   3.195097      93.09     0.0145     2.0553     1.8176  35.691662  1.8180708   53.39108  -50.12210    34.8932    34.8936     1.5624     1.5644    27.9199    27.9201    6.81267    6.73271         22 0.0000e+00
      95061   3960.827   3408.000     1.8329   3.195215     1.8351   3.195461      98.73     0.0138     2.0551     1.8179  35.689342  1.8185670   53.39108  -50.12210    34.8930    34.8937     1.5667     1.5689    27.9195    27.9198    6.81802    6.73881         20 0.0000e+00
      95080   3961.644   3407.000     1.8370   3.195529     1.8380   3.195674      98.64     0.0131     2.0557     1.8181  35.688648  1.8180717   53.39108  -50.12211    34.8930    34.8937     1.5708     1.5717    27.9192    27.9196    6.81894    6.73533         20 0.0000e+00
      95100   3962.472   3406.000     1.8397   3.195739     1.8404   3.195870      89.99     0.0114     2.0557     1.8183  35.685013  1.8214612   53.39108  -50.12212    34.8930    34.8939     1.5736     1.5742    27.9190    27.9196    6.79990    6.73929         20 0.0000e+00
      95123   3963.398   3405.000     1.8416   3.195882     1.8421   3.195972      98.25     0.0155     2.0556     1.8186  35.684982  1.8185220   53.39110  -50.12212    34.8932    34.8938     1.5755     1.5760    27.9190    27.9194    6.79707    6.73435         25 0.0000e+00
      95152   3964.618   3404.000     1.8427   3.195939     1.8426   3.195976      60.78     0.0179     2.0554     1.8186  35.686188  1.8261311   53.39110  -50.12212    34.8932    34.8938     1.5767     1.5766    27.9189    27.9193    6.81165    6.72749         35 0.0000e+00
      95187   3966.082   3403.000     1.8432   3.195935     1.8428   3.195942      94.90     0.0190     2.0563     1.8186  35.686459  1.8279017   53.39109  -50.12212    34.8930    34.8936     1.5773     1.5769    27.9187    27.9192    6.81196    6.72694         30 0.0000e+00
      95210   3967.048   3402.000     1.8435   3.195925     1.8430   3.195931      98.67     0.0215     2.0564     1.8187  35.684975  1.8278388   53.39108  -50.12212    34.8930    34.8937     1.5777     1.5772    27.9187    27.9192    6.80252    6.72609         19 0.0000e+00
      95227   3967.759   3401.000     1.8441   3.195940     1.8431   3.195903      94.55     0.0201     2.0561     1.8186  35.684982  1.8284984   53.39108  -50.12212    34.8930    34.8937     1.5784     1.5774    27.9186    27.9192    6.81351    6.72367         15 0.0000e+00
      95242   3968.385   3400.000     1.8444   3.195928     1.8433   3.195881      87.44     0.0198     2.0567     1.8186  35.687958  1.8278289   53.39108  -50.12212    34.8931    34.8936     1.5787     1.5777    27.9186    27.9191    6.80900    6.72687         15 0.0000e+00
      95257   3969.003   3399.000     1.8443   3.195891     1.8433   3.195849      93.72     0.0159     2.0566     1.8187  35.685951  1.8278388   53.39108  -50.12212    34.8931    34.8936     1.5788     1.5778    27.9186    27.9192    6.81255    6.73219         15 0.0000e+00
      95274   3969.696   3398.000     1.8443   3.195856     1.8433   3.195812      98.55     0.0141     2.0571     1.8191  35.684998  1.8278388   53.39109  -50.12212    34.8931    34.8936     1.5789     1.5779    27.9187    27.9191    6.81720    6.73788         19 0.0000e+00
      95296   3970.642   3397.000     1.8443   3.195821     1.8433   3.195767      98.47     0.0169     2.0571     1.8195  35.684982  1.8278388   53.39110  -50.12212    34.8932    34.8936     1.5789     1.5780    27.9187    27.9191    6.80589    6.74155         29 0.0000e+00
