data/CTD/2014/CNV/u017a013.cnv
* Sea-Bird SBE 9 Data File:
* FileName = C:\CTD_ACQUISITION\2014017HUD\ctddata\017A013.hdr
* Software Version Seasave V 7.22.2
* Temperature SN = 5081
* Conductivity SN = 3561
* Number of Bytes Per Scan = 37
* Number of Voltage Words = 4
* Number of Scans Averaged by the Deck Unit = 1
* NMEA Latitude = 52 49.18 N
* NMEA Longitude = 051 25.44 W
* NMEA UTC (Time) = Jul 03 2014 23:45:42
* NMEA baud rate = 9600
** Ship: Hudson
** Cruise: HUD2014017
** Chief_Scientist: Blair Greenan
** Organization: BIO
** Area_of_Operation: Sackville Spur
** Station: 013
** Sounding:  1581
** Event_Comments: K7, 403035
# nquan = 25
# nvalues = 1642                        
# units = specified
# name 0 = scan: Scan Count
# name 1 = timeS: Time, Elapsed [seconds]
# name 2 = prDM: Pressure, Digiquartz [db]
# name 3 = t068C: Temperature [ITS-68, deg C]
# name 4 = c0S/m: Conductivity [S/m]
# name 5 = t168C: Temperature, 2 [ITS-68, deg C]
# name 6 = c1S/m: Conductivity, 2 [S/m]
# name 7 = altM: Altimeter [m]
# name 8 = flC: Fluorescence, Chelsea Aqua 3 Chl Con [ug/l]
# name 9 = sbeox0V: Oxygen raw, SBE 43 [V]
# name 10 = sbeox1V: Oxygen raw, SBE 43, 2 [V]
# name 11 = upoly0: Upoly 0, Optode 4330F - O2 D-Phase
# name 12 = upoly1: Upoly 1, Optode 4330F - O2 Temp
# name 13 = latitude: Latitude [deg]
# name 14 = longitude: Longitude [deg]
# name 15 = sal00: Salinity, Practical [PSU]
# name 16 = sal11: Salinity, Practical, 2 [PSU]
# name 17 = potemp068C: Potential Temperature [ITS-68, deg C]
# name 18 = potemp168C: Potential Temperature, 2 [ITS-68, deg C]
# name 19 = sigma-é00: Density [sigma-theta, Kg/m^3]
# name 20 = sigma-é11: Density, 2 [sigma-theta, Kg/m^3]
# name 21 = sbeox0ML/L: Oxygen, SBE 43 [ml/l], WS = 2
# name 22 = sbeox1ML/L: Oxygen, SBE 43, 2 [ml/l], WS = 2
# name 23 = nbin: number of scans per bin
# name 24 = flag: flag
# span 0 =      47435,     103329       
# span 1 =   1976.408,   4305.327       
# span 2 =      1.000,   1642.000       
# span 3 =     3.3409,     6.1848       
# span 4 =   3.148436,   3.365908       
# span 5 =     3.3402,     6.2334       
# span 6 =   3.146631,   3.365874       
# span 7 =       3.11,     103.50       
# span 8 =     0.0065,     0.2955       
# span 9 =     2.3965,     3.5765       
# span 10 =     2.1198,     3.1459      
# span 11 =  30.168457,  34.940022      
# span 12 =  3.3319342,  6.0867348      
# span 13 =   52.81503,   52.81760      
# span 14 =  -51.41186,  -51.39827      
# span 15 =    32.7015,    34.9151      
# span 16 =    32.7016,    34.9145      
# span 17 =     3.2166,     6.1835      
# span 18 =     3.2154,     6.2321      
# span 19 =    25.8378,    27.7960      
# span 20 =    25.8382,    27.7955      
# span 21 =    6.29719,    8.06322      
# span 22 =    6.25489,    8.13352      
# span 23 =          9,         69      
# span 24 = 0.0000e+00, 0.0000e+00      
# interval = decibars: 1                
# start_time = Jul 03 2014 23:45:42 [NMEA time, header]
# bad_flag = -9.990e-29
*END*
[from data line 464]
      58033   2418.011   1178.000     3.5779   3.260248     3.5771   3.260096      98.63     0.0156     2.5863     2.2747  34.207542  3.5763125   52.81674  -51.40940    34.8843    34.8833     3.4902     3.4894    27.7460    27.7454    6.51592    6.47112         12 0.0000e+00
      58046   2418.538   1177.000     3.5778   3.260193     3.5770   3.260047      98.63     0.0138     2.5864     2.2747  34.205143  3.5763125   52.81674  -51.40940    34.8842    34.8834     3.4902     3.4894    27.7460    27.7454    6.51392    6.47054         13 0.0000e+00
      58060   2419.125   1176.000     3.5776   3.260139     3.5768   3.259983      98.63     0.0181     2.5865     2.2750  34.205128  3.5763125   52.81674  -51.40940    34.8843    34.8833     3.4902     3.4893    27.7460    27.7453    6.50779    6.47049         16 0.0000e+00
      58087   2420.240   1175.000     3.5774   3.260089     3.5766   3.259923      98.62     0.0171     2.5865     2.2751  34.200485  3.5763125   52.81673  -51.40940    34.8844    34.8833     3.4900     3.4892    27.7461    27.7454    6.51266    6.46817         39 0.0000e+00
      58160   2423.275   1174.000     3.5773   3.260021     3.5765   3.259867      98.64     0.0173     2.5873     2.2749  34.177986  3.5751128   52.81672  -51.40938    34.8843    34.8832     3.4899     3.4892    27.7461    27.7453    6.51985    6.46674         29 0.0000e+00
      58173   2423.817   1173.000     3.5776   3.259984     3.5767   3.259835      98.63     0.0165     2.5879     2.2751  34.183640  3.5763390   52.81672  -51.40937    34.8840    34.8832     3.4904     3.4894    27.7458    27.7452    6.51321    6.46322         17 0.0000e+00
      58188   2424.447   1172.000     3.5774   3.259941     3.5764   3.259775      98.63     0.0206     2.5873     2.2747  34.179958  3.5748973   52.81672  -51.40936    34.8841    34.8833     3.4903     3.4892    27.7459    27.7454    6.51028    6.45888         14 0.0000e+00
      58201   2425.020   1171.000     3.5772   3.259886     3.5763   3.259738      98.63     0.0197     2.5873     2.2747  34.184189  3.5749171   52.81672  -51.40936    34.8843    34.8834     3.4901     3.4893    27.7460    27.7454    6.51734    6.46338         14 0.0000e+00
      58215   2425.597   1170.000     3.5772   3.259844     3.5765   3.259710      98.63     0.0173     2.5881     2.2748  34.186264  3.5742276   52.81672  -51.40936    34.8843    34.8835     3.4902     3.4895    27.7460    27.7454    6.52400    6.46609         14 0.0000e+00
      58231   2426.245   1169.000     3.5771   3.259813     3.5765   3.259676      98.63     0.0174     2.5891     2.2751  34.187023  3.5751565   52.81672  -51.40934    34.8845    34.8835     3.4902     3.4896    27.7462    27.7455    6.51909    6.46725         17 0.0000e+00
      58253   2427.176   1168.000     3.5770   3.259769     3.5763   3.259619      98.32     0.0180     2.5888     2.2755  34.185844  3.5756440   52.81672  -51.40934    34.8846    34.8835     3.4902     3.4895    27.7462    27.7455    6.51283    6.47122         31 0.0000e+00
      58299   2429.102   1167.000     3.5769   3.259699     3.5761   3.259550      98.66     0.0159     2.5893     2.2767  34.183399  3.5763655   52.81671  -51.40934    34.8844    34.8834     3.4902     3.4894    27.7461    27.7454    6.51618    6.47349         51 0.0000e+00
      58335   2430.598   1166.000     3.5769   3.259651     3.5762   3.259507      98.64     0.0166     2.5900     2.2770  34.182831  3.5763125   52.81670  -51.40932    34.8843    34.8833     3.4902     3.4896    27.7461    27.7453    6.52328    6.46744         25 0.0000e+00
      58356   2431.469   1165.000     3.5769   3.259610     3.5761   3.259455      98.63     0.0203     2.5908     2.2771  34.192123  3.5763125   52.81670  -51.40932    34.8843    34.8834     3.4903     3.4895    27.7461    27.7454    6.52380    6.46780         19 0.0000e+00
      58374   2432.188   1164.000     3.5768   3.259548     3.5758   3.259399      98.63     0.0201     2.5911     2.2772  34.192307  3.5763125   52.81670  -51.40930    34.8842    34.8835     3.4903     3.4893    27.7460    27.7455    6.51619    6.46599         16 0.0000e+00
      58389   2432.843   1163.000     3.5766   3.259490     3.5757   3.259339      98.61     0.0156     2.5909     2.2769  34.183506  3.5763125   52.81670  -51.40930    34.8842    34.8834     3.4902     3.4893    27.7460    27.7455    6.51069    6.46858         15 0.0000e+00
      58405   2433.498   1162.000     3.5764   3.259439     3.5756   3.259285      98.00     0.0130     2.5907     2.2775  34.173275  3.5763125   52.81670  -51.40930    34.8844    34.8834     3.4901     3.4893    27.7461    27.7454    6.51029    6.47541         17 0.0000e+00
      58423   2434.256   1161.000     3.5762   3.259390     3.5754   3.259223      98.60     0.0163     2.5909     2.2781  34.173706  3.5763125   52.81670  -51.40930    34.8845    34.8834     3.4900     3.4892    27.7462    27.7454    6.51973    6.47690         21 0.0000e+00
      58457   2435.658   1160.000     3.5760   3.259325     3.5751   3.259151      98.63     0.0138     2.5917     2.2789  34.178913  3.5763125   52.81669  -51.40929    34.8844    34.8833     3.4899     3.4890    27.7461    27.7454    6.51519    6.47616         50 0.0000e+00
      58500   2437.474   1159.000     3.5761   3.259266     3.5751   3.259101      98.63     0.0126     2.5917     2.2794  34.173878  3.5763125   52.81668  -51.40928    34.8842    34.8832     3.4900     3.4891    27.7460    27.7453    6.52040    6.47184         27 0.0000e+00
      58520   2438.299   1158.000     3.5759   3.259211     3.5750   3.259036      98.63     0.0154     2.5925     2.2797  34.173229  3.5763125   52.81668  -51.40926    34.8842    34.8831     3.4899     3.4890    27.7460    27.7452    6.52049    6.48261         17 0.0000e+00
      58537   2438.990   1157.000     3.5757   3.259150     3.5747   3.258987      98.63     0.0153     2.5925     2.2806  34.175861  3.5763125   52.81668  -51.40926    34.8842    34.8833     3.4898     3.4889    27.7460    27.7454    6.51672    6.48848         16 0.0000e+00
      58553   2439.651   1156.000     3.5757   3.259105     3.5747   3.258945      97.65     0.0168     2.5927     2.2812  34.175823  3.5763125   52.81667  -51.40925    34.8842    34.8834     3.4899     3.4889    27.7460    27.7454    6.51363    6.48591         16 0.0000e+00
      58569   2440.343   1155.000     3.5755   3.259060     3.5745   3.258886      98.63     0.0169     2.5927     2.2816  34.174221  3.5763125   52.81666  -51.40924    34.8844    34.8833     3.4898     3.4888    27.7461    27.7454    6.51807    6.48390         18 0.0000e+00
      58589   2441.172   1154.000     3.5752   3.258986     3.5742   3.258809      98.63     0.0161     2.5935     2.2823  34.176975  3.5763125   52.81666  -51.40924    34.8843    34.8833     3.4896     3.4886    27.7461    27.7454    6.52544    6.48666         23 0.0000e+00
      58622   2442.533   1153.000     3.5748   3.258901     3.5736   3.258701      98.63     0.0200     2.5946     2.2830  34.174625  3.5763125   52.81666  -51.40923    34.8842    34.8831     3.4893     3.4881    27.7461    27.7453    6.52652    6.48508         44 0.0000e+00
      58662   2444.221   1152.000     3.5748   3.258837     3.5731   3.258585      98.63     0.0202     2.5957     2.2835  34.173759  3.5763125   52.81666  -51.40922    34.8840    34.8828     3.4893     3.4877    27.7459    27.7451    6.52807    6.48442         29 0.0000e+00
      58683   2445.099   1151.000     3.5739   3.258700     3.5725   3.258471      98.63     0.0195     2.5957     2.2840  34.172573  3.5763125   52.81666  -51.40922    34.8838    34.8825     3.4885     3.4872    27.7458    27.7449    6.52162    6.48841         18 0.0000e+00
      58700   2445.787   1150.000     3.5718   3.258420     3.5713   3.258310      98.63     0.0173     2.5965     2.2845  34.173862  3.5763125   52.81666  -51.40921    34.8832    34.8824     3.4865     3.4861    27.7456    27.7449    6.52631    6.48883         15 0.0000e+00
      58715   2446.415   1149.000     3.5709   3.258279     3.5707   3.258200      98.63     0.0166     2.5962     2.2847  34.168022  3.5763125   52.81666  -51.40920    34.8830    34.8823     3.4857     3.4855    27.7455    27.7449    6.52239    6.48934         15 0.0000e+00
      58730   2447.054   1148.000     3.5704   3.258191     3.5701   3.258087      79.16     0.0143     2.5968     2.2852  34.177532  3.5763125   52.81664  -51.40920    34.8830    34.8821     3.4853     3.4850    27.7455    27.7448    6.51999    6.48820         16 0.0000e+00
      58748   2447.808   1147.000     3.5700   3.258117     3.5696   3.257995      82.84     0.0149     2.5965     2.2852  34.181957  3.5763125   52.81664  -51.40919    34.8830    34.8820     3.4850     3.4846    27.7455    27.7447    6.52748    6.48270         21 0.0000e+00
      58786   2449.384   1146.000     3.5705   3.258126     3.5697   3.257969      98.31     0.0159     2.5979     2.2854  34.172298  3.5754428   52.81664  -51.40918    34.8831    34.8821     3.4856     3.4848    27.7456    27.7448    6.52919    6.48741         55 0.0000e+00
      58828   2451.105   1145.000     3.5710   3.258127     3.5701   3.257947      98.63     0.0160     2.5989     2.2863  34.173321  3.5719335   52.81664  -51.40916    34.8830    34.8820     3.4862     3.4852    27.7454    27.7447    6.53754    6.49175         23 0.0000e+00
      58846   2451.868   1144.000     3.5699   3.257969     3.5690   3.257801      98.63     0.0165     2.5996     2.2867  34.169819  3.5711489   52.81664  -51.40916    34.8829    34.8818     3.4852     3.4843    27.7454    27.7446    6.53561    6.48795         17 0.0000e+00
      58862   2452.551   1143.000     3.5679   3.257702     3.5672   3.257572      98.63     0.0194     2.6002     2.2866  34.170319  3.5702238   52.81664  -51.40916    34.8823    34.8815     3.4833     3.4826    27.7451    27.7446    6.53115    6.48152         16 0.0000e+00
      58878   2453.215   1142.000     3.5666   3.257516     3.5659   3.257378      98.63     0.0199     2.6000     2.2864  34.172119  3.5666234   52.81662  -51.40914    34.8820    34.8811     3.4821     3.4814    27.7450    27.7443    6.52697    6.48638         16 0.0000e+00
      58896   2453.944   1141.000     3.5659   3.257397     3.5652   3.257258      98.63     0.0213     2.6001     2.2868  34.170460  3.5670485   52.81662  -51.40914    34.8818    34.8809     3.4814     3.4808    27.7449    27.7443    6.53325    6.49910         19 0.0000e+00
      58921   2454.992   1140.000     3.5658   3.257345     3.5648   3.257169      63.37     0.0204     2.6013     2.2884  34.171539  3.5665865   52.81662  -51.40914    34.8819    34.8808     3.4814     3.4804    27.7450    27.7442    6.54498    6.50807         35 0.0000e+00
      58968   2456.938   1139.000     3.5660   3.257322     3.5648   3.257126     103.50     0.0174     2.6047     2.2909  34.166599  3.5685458   52.81662  -51.40911    34.8819    34.8808     3.4817     3.4805    27.7450    27.7442    6.56439    6.51493         44 0.0000e+00
      58995   2458.072   1138.000     3.5654   3.257219     3.5641   3.256991      93.10     0.0203     2.6065     2.2922  34.161129  3.5724344   52.81660  -51.40912    34.8817    34.8804     3.4812     3.4799    27.7449    27.7440    6.55952    6.51271         20 0.0000e+00
      59012   2458.793   1137.000     3.5627   3.256863     3.5625   3.256766      97.96     0.0228     2.6074     2.2927  34.161171  3.5717528   52.81660  -51.40911    34.8810    34.8800     3.4786     3.4784    27.7445    27.7438    6.55649    6.51397         15 0.0000e+00
      59027   2459.396   1136.000     3.5590   3.256402     3.5591   3.256312      98.63     0.0182     2.6076     2.2933  34.161171  3.5665429   52.81660  -51.40910    34.8799    34.8787     3.4750     3.4751    27.7440    27.7431    6.55323    6.51532         14 0.0000e+00
      59040   2459.962   1135.000     3.5563   3.256042     3.5558   3.255901      98.63     0.0166     2.6080     2.2935  34.161171  3.5665445   52.81660  -51.40910    34.8789    34.8778     3.4724     3.4719    27.7435    27.7427    6.54876    6.51875         13 0.0000e+00
      59054   2460.539   1134.000     3.5552   3.255879     3.5537   3.255643      98.63     0.0140     2.6078     2.2943  34.161171  3.5665445   52.81660  -51.40910    34.8787    34.8774     3.4714     3.4700    27.7434    27.7425    6.55248    6.51956         15 0.0000e+00
      59070   2461.206   1133.000     3.5542   3.255735     3.5525   3.255472      98.63     0.0134     2.6085     2.2946  34.148594  3.5665445   52.81660  -51.40908    34.8785    34.8772     3.4705     3.4688    27.7434    27.7425    6.56116    6.51860         18 0.0000e+00
      59106   2462.728   1132.000     3.5543   3.255709     3.5525   3.255441      98.63     0.0116     2.6103     2.2964  34.145294  3.5630901   52.81659  -51.40907    34.8786    34.8773     3.4707     3.4689    27.7434    27.7426    6.56670    6.53060         60 0.0000e+00
      59153   2464.687   1131.000     3.5549   3.255723     3.5530   3.255436      98.63     0.0109     2.6122     2.2986  34.138504  3.5582159   52.81658  -51.40906    34.8786    34.8772     3.4714     3.4726    27.7434    27.7425    6.56244    6.52854         23 0.0000e+00
      59171   2465.435   1130.000     3.5542   3.255591     3.5519   3.255275      90.11     0.0128     2.6122     2.2987  34.131718  3.5561531   52.81658  -51.40906    34.8784    34.8770     3.4707     3.4684    27.7432    27.7424    6.56105    6.52772         17 0.0000e+00
      59188   2466.107   1129.000     3.5520   3.255309     3.5504   3.255078      52.27     0.0127     2.6127     2.2993  34.126347  3.5561659   52.81658  -51.40906    34.8778    34.8767     3.4686     3.4671    27.7430    27.7423    6.56360    6.52777         16 0.0000e+00
      59203   2466.769   1128.000     3.5507   3.255131     3.5496   3.254940      98.54     0.0129     2.6130     2.2991  34.130936  3.5567744   52.81658  -51.40905    34.8775    34.8764     3.4675     3.4664    27.7429    27.7421    6.56786    6.52534         16 0.0000e+00
      59221   2467.515   1127.000     3.5501   3.255019     3.5491   3.254836      98.63     0.0129     2.6138     2.2996  34.124588  3.5567765   52.81658  -51.40904    34.8774    34.8763     3.4669     3.4659    27.7428    27.7421    6.56551    6.52042         20 0.0000e+00
      59247   2468.602   1126.000     3.5498   3.254949     3.5485   3.254742      98.63     0.0104     2.6140     2.2988  34.122887  3.5567765   52.81657  -51.40903    34.8774    34.8762     3.4667     3.4655    27.7429    27.7421    6.56523    6.50962         34 0.0000e+00
      59283   2470.069   1125.000     3.5496   3.254868     3.5486   3.254694      98.63     0.0076     2.6148     2.2985  34.117882  3.5567765   52.81656  -51.40902    34.8771    34.8761     3.4666     3.4656    27.7427    27.7420    6.56843    6.52000         30 0.0000e+00
      59306   2471.057   1124.000     3.5497   3.254829     3.5487   3.254665      98.64     0.0093     2.6155     2.2987  34.115665  3.5567765   52.81656  -51.40900    34.8770    34.8762     3.4668     3.4658    27.7426    27.7420    6.56039    6.51508         20 0.0000e+00
      59325   2471.836   1123.000     3.5502   3.254844     3.5487   3.254641      98.63     0.0160     2.6149     2.2985  34.113071  3.5567765   52.81656  -51.40900    34.8773    34.8764     3.4674     3.4659    27.7427    27.7421    6.56690    6.51947         18 0.0000e+00
      59344   2472.607   1122.000     3.5507   3.254882     3.5494   3.254684      98.63     0.0184     2.6163     2.2992  34.112820  3.5567765   52.81656  -51.40900    34.8776    34.8767     3.4680     3.4667    27.7429    27.7423    6.57001    6.53129         20 0.0000e+00
