data/CTD/2014/CNV/u017a054.cnv
* Sea-Bird SBE 9 Data File:
* FileName = C:\CTD_ACQUISITION\2014017HUD\ctddata\017A054.hdr
* Software Version Seasave V 7.22.2
* Temperature SN = 5081
* Conductivity SN = 3561
* Number of Bytes Per Scan = 37
* Number of Voltage Words = 4
* Number of Scans Averaged by the Deck Unit = 1
* NMEA Latitude = 43 42.54 N
* NMEA Longitude = 059 07.81 W
* NMEA UTC (Time) = Jul 13 2014 09:50:24
* NMEA baud rate = 9600
** Ship: Hudson
** Cruise: HUD2014017
** Chief_Scientist: Blair Greenan
** Organization: BIO
** Area_of_Operation: Sackville Spur
** Station: 054
** Sounding:  245
** Event_Comments: LC1
# nquan = 25
# nvalues = 244                         
# units = specified
# name 0 = scan: Scan Count
# name 1 = timeS: Time, Elapsed [seconds]
# name 2 = prDM: Pressure, Digiquartz [db]
# name 3 = t068C: Temperature [ITS-68, deg C]
# name 4 = c0S/m: Conductivity [S/m]
# name 5 = t168C: Temperature, 2 [ITS-68, deg C]
# name 6 = c1S/m: Conductivity, 2 [S/m]
# name 7 = altM: Altimeter [m]
# name 8 = flC: Fluorescence, Chelsea Aqua 3 Chl Con [ug/l]
# name 9 = sbeox0V: Oxygen raw, SBE 43 [V]
# name 10 = sbeox1V: Oxygen raw, SBE 43, 2 [V]
# name 11 = upoly0: Upoly 0, Optode 4330F - O2 D-Phase
# name 12 = upoly1: Upoly 1, Optode 4330F - O2 Temp
# name 13 = latitude: Latitude [deg]
# name 14 = longitude: Longitude [deg]
# name 15 = sal00: Salinity, Practical [PSU]
# name 16 = sal11: Salinity, Practical, 2 [PSU]
# name 17 = potemp068C: Potential Temperature [ITS-68, deg C]
# name 18 = potemp168C: Potential Temperature, 2 [ITS-68, deg C]
# name 19 = sigma-é00: Density [sigma-theta, Kg/m^3]
# name 20 = sigma-é11: Density, 2 [sigma-theta, Kg/m^3]
# name 21 = sbeox0ML/L: Oxygen, SBE 43 [ml/l], WS = 2
# name 22 = sbeox1ML/L: Oxygen, SBE 43, 2 [ml/l], WS = 2
# name 23 = nbin: number of scans per bin
# name 24 = flag: flag
# span 0 =      14507,      21074       
# span 1 =    604.403,    878.040       
# span 2 =      1.000,    244.000       
# span 3 =     3.9120,    12.8802       
# span 4 =   3.083265,   4.107940       
# span 5 =     3.7875,    12.9217       
# span 6 =   3.074109,   4.108817       
# span 7 =       5.89,      98.89       
# span 8 =     0.0102,     0.1707       
# span 9 =     2.0675,     3.5291       
# span 10 =     1.7924,     3.0842      
# span 11 =  29.237625,  38.452549      
# span 12 =  4.5141931,  12.715102      
# span 13 =   43.70834,   43.70862      
# span 14 =  -59.13152,  -59.13130      
# span 15 =    31.9033,    35.4302      
# span 16 =    31.9077,    35.4349      
# span 17 =     3.9083,    12.8798      
# span 18 =     3.7837,    12.9213      
# span 19 =    24.0195,    27.2515      
# span 20 =    24.0143,    27.2498      
# span 21 =    3.82696,    8.14844      
# span 22 =    3.64654,    8.01169      
# span 23 =         16,         82      
# span 24 = 0.0000e+00, 0.0000e+00      
# interval = decibars: 1                
# start_time = Jul 13 2014 09:50:24 [NMEA time, header]
# bad_flag = -9.990e-29
*END*
[from data line 232]
      19872    827.945     12.000    11.3436   3.636495    11.5193   3.650721      89.10     0.1193     3.4509     3.0078  29.999475  9.1356058   43.70842  -59.13146    32.0360    32.0227    11.3421    11.5179    24.4083    24.3663    6.69596    6.59276         30 0.0000e+00
      19900    829.136     11.000    11.5409   3.649245    11.6296   3.659180      98.72     0.1125     3.4398     2.9986  29.861929  9.5024996   43.70840  -59.13146    31.9881    32.0103    11.5420    11.6283    24.3351    24.3367    6.66938    6.55677         27 0.0000e+00
      19926    830.196     10.000    11.6302   3.655322    11.8945   3.678616      98.63     0.1115     3.4331     2.9947  29.836775  9.5810652   43.70840  -59.13146    31.9727    31.9725    11.6289    11.8933    24.3073    24.2592    6.65275    6.54250         24 0.0000e+00
      19950    831.201      9.000    12.0602   3.690095    12.2073   3.704278      86.24     0.1052     3.4291     2.9901  29.754744  9.9407282   43.70840  -59.13146    31.9404    31.9509    12.0591    12.2062    24.2033    24.1841    6.59583    6.46914         24 0.0000e+00
      19977    832.335      8.000    12.3498   3.713365    12.4926   3.728080      98.43     0.0993     3.4269     2.9875  29.717670  10.001950   43.70840  -59.13146    31.9202    31.9359    12.3487    12.4915    24.1335    24.1186    6.59063    6.45262         32 0.0000e+00
      20011    833.732      7.000    12.4483   3.722391    12.6183   3.738038      89.75     0.0979     3.4390     2.9932  29.586903  10.160259   43.70840  -59.13146    31.9197    31.9245    12.4474    12.6174    24.1145    24.0858    6.63286    6.45387         34 0.0000e+00
      20044    835.138      6.000    12.4923   3.726506    12.6770   3.743211      98.11     0.0968     3.4446     2.9887  29.479115  10.627870   43.70840  -59.13146    31.9220    31.9243    12.4916    12.6762    24.1079    24.0744    6.58951    6.39976         37 0.0000e+00
      20106    837.712      5.000    12.4614   3.724465    12.7252   3.747085      94.57     0.0968     3.4269     2.9797  29.470802  11.051387   43.70840  -59.13147    31.9304    31.9206    12.4608    12.7246    24.1202    24.0623    6.51915    6.39514         80 0.0000e+00
      20162    840.055      4.000    12.6741   3.740948    12.8584   3.758120      88.60     0.0978     3.4215     2.9807  29.503458  11.321918   43.70840  -59.13148    31.9061    31.9129    12.6735    12.8578    24.0608    24.0306    6.54046    6.40905         33 0.0000e+00
      20198    841.531      3.000    12.8802   3.759088    12.9217   3.763183      97.94     0.0945     3.4301     2.9888  29.488558  11.312980   43.70839  -59.13148    31.9040    31.9077    12.8798    12.9213    24.0195    24.0143    6.54560    6.39432         46 0.0000e+00
      20653    860.497      2.000    12.6743   3.742125    12.7574   3.748895      88.52     0.0848     3.4315     2.9613  29.376226  12.127798   43.70836  -59.13150    31.9178    31.9114    12.6740    12.7572    24.0698    24.0488    6.50495    6.17267         82 0.0000e+00
      21074    878.040      1.000    12.8460   3.755877    12.8180   3.754567      98.66     0.0828     3.3742     2.7913  29.237625  12.715102   43.70834  -59.13152    31.9033    31.9146    12.8459    12.8179    24.0255    24.0397    6.18672    5.45195         38 0.0000e+00
