data/CTD/2014/CNV/u017a054.cnv
* Sea-Bird SBE 9 Data File:
* FileName = C:\CTD_ACQUISITION\2014017HUD\ctddata\017A054.hdr
* Software Version Seasave V 7.22.2
* Temperature SN = 5081
* Conductivity SN = 3561
* Number of Bytes Per Scan = 37
* Number of Voltage Words = 4
* Number of Scans Averaged by the Deck Unit = 1
* NMEA Latitude = 43 42.54 N
* NMEA Longitude = 059 07.81 W
* NMEA UTC (Time) = Jul 13 2014 09:50:24
* NMEA baud rate = 9600
** Ship: Hudson
** Cruise: HUD2014017
** Chief_Scientist: Blair Greenan
** Organization: BIO
** Area_of_Operation: Sackville Spur
** Station: 054
** Sounding:  245
** Event_Comments: LC1
# nquan = 25
# nvalues = 244                         
# units = specified
# name 0 = scan: Scan Count
# name 1 = timeS: Time, Elapsed [seconds]
# name 2 = prDM: Pressure, Digiquartz [db]
# name 3 = t068C: Temperature [ITS-68, deg C]
# name 4 = c0S/m: Conductivity [S/m]
# name 5 = t168C: Temperature, 2 [ITS-68, deg C]
# name 6 = c1S/m: Conductivity, 2 [S/m]
# name 7 = altM: Altimeter [m]
# name 8 = flC: Fluorescence, Chelsea Aqua 3 Chl Con [ug/l]
# name 9 = sbeox0V: Oxygen raw, SBE 43 [V]
# name 10 = sbeox1V: Oxygen raw, SBE 43, 2 [V]
# name 11 = upoly0: Upoly 0, Optode 4330F - O2 D-Phase
# name 12 = upoly1: Upoly 1, Optode 4330F - O2 Temp
# name 13 = latitude: Latitude [deg]
# name 14 = longitude: Longitude [deg]
# name 15 = sal00: Salinity, Practical [PSU]
# name 16 = sal11: Salinity, Practical, 2 [PSU]
# name 17 = potemp068C: Potential Temperature [ITS-68, deg C]
# name 18 = potemp168C: Potential Temperature, 2 [ITS-68, deg C]
# name 19 = sigma-é00: Density [sigma-theta, Kg/m^3]
# name 20 = sigma-é11: Density, 2 [sigma-theta, Kg/m^3]
# name 21 = sbeox0ML/L: Oxygen, SBE 43 [ml/l], WS = 2
# name 22 = sbeox1ML/L: Oxygen, SBE 43, 2 [ml/l], WS = 2
# name 23 = nbin: number of scans per bin
# name 24 = flag: flag
# span 0 =      14507,      21074       
# span 1 =    604.403,    878.040       
# span 2 =      1.000,    244.000       
# span 3 =     3.9120,    12.8802       
# span 4 =   3.083265,   4.107940       
# span 5 =     3.7875,    12.9217       
# span 6 =   3.074109,   4.108817       
# span 7 =       5.89,      98.89       
# span 8 =     0.0102,     0.1707       
# span 9 =     2.0675,     3.5291       
# span 10 =     1.7924,     3.0842      
# span 11 =  29.237625,  38.452549      
# span 12 =  4.5141931,  12.715102      
# span 13 =   43.70834,   43.70862      
# span 14 =  -59.13152,  -59.13130      
# span 15 =    31.9033,    35.4302      
# span 16 =    31.9077,    35.4349      
# span 17 =     3.9083,    12.8798      
# span 18 =     3.7837,    12.9213      
# span 19 =    24.0195,    27.2515      
# span 20 =    24.0143,    27.2498      
# span 21 =    3.82696,    8.14844      
# span 22 =    3.64654,    8.01169      
# span 23 =         16,         82      
# span 24 = 0.0000e+00, 0.0000e+00      
# interval = decibars: 1                
# start_time = Jul 13 2014 09:50:24 [NMEA time, header]
# bad_flag = -9.990e-29
*END*
[from data line 174]
      18518    771.535     70.000     5.3958   3.247889     5.3029   3.235959      98.62     0.0346     2.9799     2.5770  33.224079  6.8010511   43.70846  -59.13142    33.4350    33.3913     5.3904     5.2975    26.3898    26.3661    6.44250    6.29542         21 0.0000e+00
      18540    772.465     69.000     5.3038   3.237494     5.1807   3.222589      97.85     0.0406     2.9762     2.5751  33.234982  6.7445960   43.70846  -59.13142    33.4085    33.3606     5.2985     5.1755    26.3796    26.3558    6.45688    6.31502         23 0.0000e+00
      18564    773.454     68.000     5.2114   3.226372     5.0907   3.212682      95.66     0.0369     2.9762     2.5743  33.280117  6.4978995   43.70846  -59.13142    33.3721    33.3373     5.2062     5.0856    26.3614    26.3476    6.50155    6.34843         25 0.0000e+00
      18589    774.484     67.000     5.1053   3.214881     5.0046   3.204311      98.64     0.0361     2.9794     2.5771  33.259357  6.4425440   43.70846  -59.13142    33.3484    33.3275     5.1003     4.9996    26.3547    26.3495    6.54944    6.41158         24 0.0000e+00
      18613    775.501     66.000     4.9538   3.198056     4.9161   3.193630      97.48     0.0366     2.9833     2.5837  33.187710  6.2385826   43.70846  -59.13142    33.3067    33.2934     4.9489     4.9112    26.3387    26.3324    6.58752    6.48479         24 0.0000e+00
      18636    776.474     65.000     4.9164   3.194350     4.7824   3.179121      95.31     0.0442     2.9887     2.5926  33.198097  6.2287450   43.70846  -59.13142    33.3018    33.2598     4.9117     4.7777    26.3390    26.3205    6.62901    6.53717         23 0.0000e+00
      18658    777.392     64.000     4.8194   3.186029     4.5501   3.153013      98.61     0.0465     2.9951     2.6016  33.234615  6.1650915   43.70846  -59.13142    33.3033    33.1899     4.8147     4.5456    26.3509    26.2901    6.66590    6.56353         22 0.0000e+00
      18679    778.262     63.000     4.5254   3.156044     4.3182   3.130244      98.63     0.0436     3.0014     2.6070  33.238064  6.1648350   43.70846  -59.13142    33.2504    33.1572     4.5210     4.3139    26.3407    26.2885    6.72189    6.61269         20 0.0000e+00
      18700    779.119     62.000     4.3236   3.131730     4.1226   3.108898      93.31     0.0433     3.0052     2.6113  33.250561  5.8120561   43.70846  -59.13142    33.1698    33.1039     4.3193     4.1185    26.2980    26.2662    6.75779    6.65428         21 0.0000e+00
      18721    780.006     61.000     4.1653   3.114617     3.8966   3.085648      98.54     0.0434     3.0093     2.6150  33.252712  5.7747087   43.70846  -59.13142    33.1287    33.0579     4.1612     3.8926    26.2816    26.2521    6.79555    6.69509         22 0.0000e+00
      18745    780.984     60.000     4.0730   3.105193     3.7943   3.074913      98.63     0.0422     3.0130     2.6193  33.305763  5.5374589   43.70846  -59.13142    33.1113    33.0345     4.0690     3.7904    26.2771    26.2435    6.81252    6.72582         25 0.0000e+00
      18771    782.103     59.000     3.9259   3.088726     3.7875   3.074109      92.58     0.0417     3.0165     2.6247  33.325981  5.4421210   43.70846  -59.13142    33.0658    33.0323     3.9220     3.7837    26.2555    26.2424    6.84550    6.77695         28 0.0000e+00
      18799    783.261     58.000     3.9187   3.086926     3.8509   3.080057      93.54     0.0436     3.0199     2.6305  33.264107  5.1209912   43.70846  -59.13142    33.0523    33.0393     3.9149     3.8471    26.2455    26.2418    6.85243    6.79283         27 0.0000e+00
      18824    784.284     57.000     3.9120   3.086500     3.8981   3.082950      98.59     0.0404     3.0227     2.6351  33.264851  5.0990324   43.70846  -59.13142    33.0545    33.0265     3.9083     3.8944    26.2479    26.2269    6.86468    6.80805         23 0.0000e+00
      18846    785.195     56.000     3.9150   3.085619     3.9074   3.083051      98.63     0.0428     3.0258     2.6396  33.293289  4.9518313   43.70846  -59.13142    33.0417    33.0179     3.9112     3.9038    26.2374    26.2192    6.88452    6.83124         20 0.0000e+00
      18866    786.040     55.000     3.9198   3.084813     3.9117   3.083061      91.66     0.0432     3.0301     2.6451  33.294537  4.9556103   43.70846  -59.13142    33.0277    33.0152     3.9162     3.9081    26.2258    26.2166    6.89835    6.84954         20 0.0000e+00
      18886    786.865     54.000     3.9245   3.084326     3.9168   3.083274      98.68     0.0467     3.0337     2.6495  33.267792  4.8694773   43.70846  -59.13143    33.0177    33.0130     3.9210     3.9133    26.2173    26.2144    6.89710    6.85943         20 0.0000e+00
      18906    787.698     53.000     3.9189   3.083736     3.9130   3.082762      98.63     0.0468     3.0365     2.6543  33.252934  4.8174996   43.70846  -59.13144    33.0168    33.0113     3.9155     3.9096    26.2172    26.2134    6.90801    6.87937         21 0.0000e+00
      18927    788.574     52.000     3.9166   3.083342     3.9122   3.082591      96.33     0.0521     3.0408     2.6598  33.238941  4.7823400   43.70846  -59.13144    33.0151    33.0107     3.9132     3.9088    26.2160    26.2130    6.92695    6.89010         21 0.0000e+00
      18950    789.536     51.000     3.9167   3.083265     3.9219   3.083361      94.70     0.0543     3.0452     2.6639  33.208370  4.6993055   43.70846  -59.13144    33.0145    33.0105     3.9134     3.9185    26.2156    26.2119    6.93651    6.88550         25 0.0000e+00
      18975    790.601     50.000     3.9196   3.083457     3.9555   3.086186      98.62     0.0509     3.0498     2.6677  33.204853  4.6662884   43.70846  -59.13144    33.0145    33.0106     3.9163     3.9522    26.2153    26.2086    6.92955    6.89867         26 0.0000e+00
      19001    791.673     49.000     3.9840   3.089064     3.9990   3.089817      94.80     0.0455     3.0523     2.6720  33.198788  4.6102080   43.70846  -59.13144    33.0164    33.0102     3.9808     3.9958    26.2104    26.2040    6.92777    6.90358         25 0.0000e+00
      19024    792.638     48.000     4.0679   3.094738     4.0777   3.097645      95.78     0.0471     3.0557     2.6766  33.173042  4.6152344   43.70846  -59.13144    32.9994    33.0239     4.0648     4.0745    26.1885    26.2070    6.92780    6.90738         22 0.0000e+00
      19045    793.519     47.000     4.1267   3.100611     4.1585   3.105026      98.62     0.0504     3.0599     2.6809  33.135616  4.6214757   43.70846  -59.13144    33.0100    33.0301     4.1236     4.1553    26.1911    26.2038    6.94495    6.90990         20 0.0000e+00
      19066    794.380     46.000     4.1631   3.104130     4.2403   3.111399      98.58     0.0529     3.0656     2.6852  33.131321  4.6200857   43.70846  -59.13144    33.0154    33.0233     4.1600     4.2372    26.1916    26.1901    6.96307    6.92637         21 0.0000e+00
      19088    795.281     45.000     4.2361   3.110649     4.2894   3.114993      91.46     0.0539     3.0716     2.6923  33.077572  4.5925183   43.70846  -59.13144    33.0193    33.0167     4.2330     4.2864    26.1873    26.1798    6.97752    6.97674         23 0.0000e+00
      19111    796.251     44.000     4.2545   3.112473     4.2664   3.112311      98.48     0.0546     3.0816     2.7054  33.075130  4.5925841   43.70844  -59.13144    33.0227    33.0089     4.2515     4.2634    26.1881    26.1759    7.02260    7.06601         24 0.0000e+00
      19135    797.262     43.000     4.2590   3.112087     4.2346   3.108433      98.63     0.0593     3.0925     2.7244  32.986164  4.6300993   43.70844  -59.13144    33.0142    32.9958     4.2561     4.2317    26.1808    26.1687    7.07558    7.18052         24 0.0000e+00
      19160    798.275     42.000     4.2247   3.107605     4.2086   3.104735      91.18     0.0621     3.1089     2.7504  32.984119  4.6296263   43.70844  -59.13144    32.9965    32.9789     4.2218     4.2058    26.1703    26.1580    7.17840    7.33005         24 0.0000e+00
      19184    799.281     41.000     4.2221   3.106854     4.2015   3.103473      98.71     0.0610     3.1309     2.7806  32.982891  4.6214066   43.70844  -59.13144    32.9908    32.9716     4.2193     4.1989    26.1660    26.1529    7.29247    7.42071         24 0.0000e+00
      19207    800.261     40.000     4.2185   3.105409     4.1932   3.101009      98.63     0.0662     3.1577     2.8046  32.983280  4.6214895   43.70844  -59.13144    32.9780    32.9516     4.2158     4.1905    26.1562    26.1378    7.40587    7.42204         23 0.0000e+00
      19230    801.209     39.000     4.2251   3.102698     4.2369   3.101390      90.40     0.0782     3.1870     2.8202  32.924004  4.5556283   43.70844  -59.13144    32.9400    32.9128     4.2224     4.2343    26.1254    26.1025    7.49021    7.43176         23 0.0000e+00
      19252    802.129     38.000     4.2408   3.103055     4.2855   3.103230      98.66     0.0795     3.2132     2.8344  32.923424  4.5531030   43.70844  -59.13144    32.9290    32.8863     4.2382     4.2829    26.1150    26.0765    7.51955    7.46517         21 0.0000e+00
      19274    803.024     37.000     4.2958   3.104142     4.3568   3.107023      98.63     0.0844     3.2341     2.8477  32.874947  4.5228095   43.70844  -59.13144    32.8872    32.8601     4.2933     4.3542    26.0762    26.0484    7.54519    7.50642         22 0.0000e+00
      19295    803.901     36.000     4.2935   3.104181     4.4617   3.113814      90.48     0.0884     3.2552     2.8631  32.861565  4.5141931   43.70844  -59.13144    32.8905    32.8354     4.2910     4.4593    26.0790    26.0178    7.64194    7.66006         21 0.0000e+00
      19316    804.784     35.000     4.4109   3.111303     4.6720   3.130885      71.39     0.0958     3.2846     2.8969  32.801884  4.5241795   43.70844  -59.13144    32.8573    32.8258     4.4084     4.6696    26.0405    25.9879    7.81313    7.91258         21 0.0000e+00
      19338    805.720     34.000     4.6368   3.128450     4.9973   3.158725      67.59     0.1050     3.3285     2.9432  32.754410  4.5334907   43.70844  -59.13144    32.8330    32.8266     4.6344     4.9948    25.9974    25.9531    7.92138    7.96582         24 0.0000e+00
      19364    806.778     33.000     4.8880   3.148671     5.1384   3.170271      91.53     0.1152     3.3717     2.9752  32.597664  4.6338973   43.70844  -59.13144    32.8191    32.8208     4.8856     5.1360    25.9592    25.9327    7.88127    7.83284         27 0.0000e+00
      19392    807.975     32.000     5.1761   3.172611     5.1431   3.169342      44.68     0.1250     3.3997     2.9903  32.460503  4.7286429   43.70844  -59.13144    32.8110    32.8060     5.1738     5.1407    25.9207    25.9205    7.69952    7.66409         30 0.0000e+00
      19421    809.159     31.000     5.3068   3.181639     5.2681   3.180847      96.59     0.1248     3.4019     2.9874  32.333298  4.9930549   43.70844  -59.13144    32.7866    32.8155     5.3044     5.2657    25.8865    25.9138    7.60542    7.58722         26 0.0000e+00
      19444    810.145     30.000     5.3819   3.187446     5.4290   3.192171      87.97     0.1285     3.4091     2.9923  32.314606  5.0345135   43.70844  -59.13144    32.7798    32.7898     5.3796     5.4268    25.8725    25.8752    7.80341    7.74719         21 0.0000e+00
      19464    810.957     29.000     5.5956   3.204359     5.6629   3.213111      98.89     0.1338     3.4433     3.0165  32.188297  5.1272964   43.70844  -59.13144    32.7638    32.7971     5.5933     5.6606    25.8348    25.8532    8.14844    8.00235         18 0.0000e+00
      19482    811.692     28.000     6.1486   3.251955     6.5136   3.287088      98.63     0.1399     3.5005     3.0586  32.153614  5.1589403   43.70844  -59.13144    32.7633    32.8293     6.1462     6.5112    25.7674    25.7732    8.14486    8.01169         18 0.0000e+00
      19500    812.445     27.000     6.7313   3.301188     7.1780   3.345349      97.94     0.1507     3.5291     3.0835  32.091736  5.1950874   43.70844  -59.13144    32.7498    32.8077     6.7289     7.1756    25.6825    25.6685    7.81213    7.74662         19 0.0000e+00
      19521    813.342     26.000     7.0589   3.332979     7.3986   3.364304      90.21     0.1636     3.5288     3.0842  31.699368  5.4811311   43.70844  -59.13144    32.7862    32.8042     7.0566     7.3962    25.6677    25.6355    7.52653    7.51548         25 0.0000e+00
      19554    814.728     25.000     7.1620   3.340842     7.3866   3.363088      98.49     0.1707     3.5057     3.0724  31.588299  5.8311758   43.70844  -59.13144    32.7725    32.8028     7.1617     7.3843    25.6427    25.6361    7.38427    7.40802         41 0.0000e+00
      19591    816.235     24.000     6.9666   3.325639     7.0534   3.337327      89.73     0.1694     3.4832     3.0527  31.487663  6.2121191   43.70844  -59.13144    32.7950    32.8399     6.9644     7.0513    25.6870    25.7107    7.43653    7.37749         28 0.0000e+00
      19613    817.169     23.000     7.4476   3.366452     7.4509   3.369908      98.64     0.1634     3.4836     3.0461  31.347660  6.5254512   43.70842  -59.13144    32.7823    32.8166     7.4454     7.4487    25.6112    25.6380    7.46885    7.37850         19 0.0000e+00
      19631    817.908     22.000     8.9545   3.489530     8.4821   3.458568      98.63     0.1519     3.4950     3.0547  31.347986  6.5262341   43.70842  -59.13145    32.6823    32.7951     8.9522     8.4799    25.3102    25.4707    7.30532    7.20976         17 0.0000e+00
      19648    818.616     21.000     9.7087   3.545897     9.5986   3.540642      94.77     0.1448     3.5080     3.0646  31.155748  6.6226540   43.70842  -59.13146    32.5756    32.6218     9.7064     9.5963    25.1079    25.1617    7.19268    7.09451         17 0.0000e+00
      19667    819.406     20.000     9.8391   3.552469     9.9306   3.552956      89.87     0.1407     3.5131     3.0687  30.752775  6.8469162   43.70842  -59.13146    32.5251    32.4476     9.8369     9.9284    25.0472    24.9717    7.10918    7.01261         21 0.0000e+00
      19693    820.485     19.000     9.9295   3.552930     9.9754   3.547441      98.34     0.1311     3.5049     3.0581  30.635134  7.2019854   43.70842  -59.13146    32.4488    32.3521     9.9274     9.9733    24.9728    24.8898    7.00442    6.90504         32 0.0000e+00
      19729    822.003     18.000     9.8901   3.548624    10.0161   3.548443      91.32     0.1247     3.4845     3.0371  30.385092  8.0284224   43.70842  -59.13146    32.4410    32.3261     9.8881    10.0141    24.9732    24.8627    6.95584    6.86546         37 0.0000e+00
      19760    823.271     17.000     9.9477   3.548304     9.9701   3.546364      98.75     0.1220     3.4693     3.0310  30.305109  8.5456486   43.70842  -59.13146    32.3865    32.3466     9.9458     9.9682    24.9211    24.8863    6.95225    6.90126         25 0.0000e+00
      19781    824.180     16.000    10.2516   3.558290    10.1984   3.556669      98.63     0.1256     3.4710     3.0317  30.306927  8.5567322   43.70842  -59.13146    32.2166    32.2474    10.2498    10.1966    24.7379    24.7709    6.98607    6.86702         19 0.0000e+00
      19800    824.973     15.000    10.7795   3.592750    10.7358   3.593283      85.97     0.1234     3.4752     3.0311  30.205595  8.6758490   43.70842  -59.13146    32.0955    32.1391    10.7777    10.7341    24.5537    24.5952    6.91151    6.76875         19 0.0000e+00
      19820    825.793     14.000    11.0582   3.614456    11.1348   3.622255      96.91     0.1208     3.4753     3.0264  30.175758  8.7143707   43.70842  -59.13146    32.0669    32.0770    11.0566    11.1331    24.4828    24.4771    6.82833    6.69296         21 0.0000e+00
