data/CTD/2014/CNV/u017a038.cnv
* Sea-Bird SBE 9 Data File:
* FileName = C:\CTD_ACQUISITION\2014017HUD\ctddata\017A038.hdr
* Software Version Seasave V 7.22.2
* Temperature SN = 5081
* Conductivity SN = 3561
* Number of Bytes Per Scan = 37
* Number of Voltage Words = 4
* Number of Scans Averaged by the Deck Unit = 1
* NMEA Latitude = 48 18.52 N
* NMEA Longitude = 046 32.68 W
* NMEA UTC (Time) = Jul 10 2014 00:23:02
* NMEA baud rate = 9600
** Ship: Hudson
** Cruise: HUD2014017
** Chief_Scientist: Blair Greenan
** Organization: BIO
** Area_of_Operation: Sackville Spur
** Station: 038
** Sounding:  1034
** Event_Comments: SS_11, 403223
# nquan = 25
# nvalues = 1049                        
# units = specified
# name 0 = scan: Scan Count
# name 1 = timeS: Time, Elapsed [seconds]
# name 2 = prDM: Pressure, Digiquartz [db]
# name 3 = t068C: Temperature [ITS-68, deg C]
# name 4 = c0S/m: Conductivity [S/m]
# name 5 = t168C: Temperature, 2 [ITS-68, deg C]
# name 6 = c1S/m: Conductivity, 2 [S/m]
# name 7 = altM: Altimeter [m]
# name 8 = flC: Fluorescence, Chelsea Aqua 3 Chl Con [ug/l]
# name 9 = sbeox0V: Oxygen raw, SBE 43 [V]
# name 10 = sbeox1V: Oxygen raw, SBE 43, 2 [V]
# name 11 = upoly0: Upoly 0, Optode 4330F - O2 D-Phase
# name 12 = upoly1: Upoly 1, Optode 4330F - O2 Temp
# name 13 = latitude: Latitude [deg]
# name 14 = longitude: Longitude [deg]
# name 15 = sal00: Salinity, Practical [PSU]
# name 16 = sal11: Salinity, Practical, 2 [PSU]
# name 17 = potemp068C: Potential Temperature [ITS-68, deg C]
# name 18 = potemp168C: Potential Temperature, 2 [ITS-68, deg C]
# name 19 = sigma-é00: Density [sigma-theta, Kg/m^3]
# name 20 = sigma-é11: Density, 2 [sigma-theta, Kg/m^3]
# name 21 = sbeox0ML/L: Oxygen, SBE 43 [ml/l], WS = 2
# name 22 = sbeox1ML/L: Oxygen, SBE 43, 2 [ml/l], WS = 2
# name 23 = nbin: number of scans per bin
# name 24 = flag: flag
# span 0 =      35536,      63188       
# span 1 =   1480.644,   2632.779       
# span 2 =      1.000,   1049.000       
# span 3 =    -1.1879,     7.7616       
# span 4 =   2.671618,   3.389260       
# span 5 =    -1.1944,     7.7569       
# span 6 =   2.670629,   3.389115       
# span 7 =       3.98,     101.57       
# span 8 =     0.0092,     0.0863       
# span 9 =     2.5886,     3.7104       
# span 10 =     2.2857,     3.2512      
# span 11 =  30.500471,  34.615383      
# span 12 = -1.0437460,  7.7684445      
# span 13 =   48.30676,   48.30832      
# span 14 =  -46.53876,  -46.53633      
# span 15 =    32.7422,    34.8941      
# span 16 =    32.7452,    34.8936      
# span 17 =    -1.1887,     7.7615      
# span 18 =    -1.1952,     7.7568      
# span 19 =    25.5356,    27.7395      
# span 20 =    25.5386,    27.7391      
# span 21 =    6.22513,   10.23234      
# span 22 =    6.05183,   10.20186      
# span 23 =         12,        102      
# span 24 = 0.0000e+00, 0.0000e+00      
# interval = decibars: 1                
# start_time = Jul 10 2014 00:23:02 [NMEA time, header]
# bad_flag = -9.990e-29
*END*
[from data line 754]
      53413   2225.487    295.000     3.4841   3.199885     3.4825   3.199666      63.36     0.0220     2.8897     2.5380  33.566856  3.5177045   48.30760  -46.53700    34.7258    34.7249     3.4645     3.4628    27.6222    27.6216    6.67693    6.65170         16 0.0000e+00
      53430   2226.220    294.000     3.4811   3.199520     3.4797   3.199281      24.64     0.0209     2.8901     2.5376  33.566307  3.5148089   48.30760  -46.53700    34.7251    34.7239     3.4615     3.4601    27.6220    27.6211    6.67911    6.65205         20 0.0000e+00
      53459   2227.427    293.000     3.4806   3.199423     3.4773   3.199018      94.32     0.0206     2.8906     2.5380  33.560780  3.5081077   48.30760  -46.53700    34.7250    34.7234     3.4612     3.4578    27.6219    27.6210    6.68033    6.66122         41 0.0000e+00
      53500   2229.122    292.000     3.4849   3.199851     3.4845   3.199774      47.03     0.0168     2.8913     2.5394  33.560440  3.4979808   48.30760  -46.53700    34.7261    34.7256     3.4655     3.4651    27.6224    27.6220    6.68108    6.66673         33 0.0000e+00
      53526   2230.188    291.000     3.4798   3.199239     3.4786   3.199027      98.65     0.0144     2.8916     2.5401  33.560440  3.4981682   48.30758  -46.53700    34.7247    34.7235     3.4605     3.4593    27.6218    27.6209    6.68450    6.66819         22 0.0000e+00
      53546   2231.034    290.000     3.4684   3.197924     3.4678   3.197724      98.63     0.0158     2.8926     2.5409  33.560440  3.4981685   48.30758  -46.53700    34.7216    34.7199     3.4492     3.4485    27.6204    27.6191    6.68884    6.66744         19 0.0000e+00
      53565   2231.849    289.000     3.4607   3.197006     3.4565   3.196445      41.64     0.0184     2.8928     2.5405  33.560440  3.4981685   48.30758  -46.53700    34.7193    34.7171     3.4415     3.4373    27.6193    27.6179    6.68708    6.66062         20 0.0000e+00
      53586   2232.689    288.000     3.4568   3.196519     3.4514   3.195878      74.48     0.0157     2.8933     2.5406  33.560440  3.4898455   48.30758  -46.53700    34.7182    34.7162     3.4377     3.4324    27.6188    27.6177    6.68572    6.67046         20 0.0000e+00
      53606   2233.532    287.000     3.4530   3.196039     3.4469   3.195305      98.35     0.0160     2.8930     2.5413  33.560440  3.4884174   48.30758  -46.53700    34.7170    34.7146     3.4339     3.4279    27.6182    27.6169    6.68309    6.67002         21 0.0000e+00
      53627   2234.413    286.000     3.4497   3.195644     3.4426   3.194803      85.02     0.0187     2.8931     2.5412  33.562382  3.4836512   48.30758  -46.53700    34.7163    34.7137     3.4308     3.4237    27.6179    27.6165    6.68234    6.65686         22 0.0000e+00
      53651   2235.404    285.000     3.4453   3.195107     3.4409   3.194575      45.66     0.0199     2.8930     2.5399  33.560467  3.4786983   48.30758  -46.53700    34.7151    34.7133     3.4264     3.4221    27.6174    27.6164    6.68598    6.65298         25 0.0000e+00
      53678   2236.543    284.000     3.4436   3.194870     3.4403   3.194463      99.71     0.0209     2.8940     2.5399  33.560440  3.4729383   48.30758  -46.53700    34.7146    34.7132     3.4248     3.4215    27.6171    27.6164    6.69013    6.66194         28 0.0000e+00
      53705   2237.674    283.000     3.4406   3.194560     3.4350   3.193863      58.85     0.0237     2.8942     2.5398  33.560440  3.4688385   48.30757  -46.53700    34.7146    34.7122     3.4219     3.4163    27.6174    27.6161    6.68890    6.66478         27 0.0000e+00
      53731   2238.756    282.000     3.4402   3.194456     3.4256   3.192716      58.63     0.0192     2.8945     2.5410  33.560440  3.4688644   48.30756  -46.53700    34.7143    34.7089     3.4216     3.4070    27.6172    27.6144    6.68935    6.67423         26 0.0000e+00
      53757   2239.816    281.000     3.4360   3.193854     3.4132   3.191245      45.88     0.0185     2.8952     2.5419  33.560440  3.4688644   48.30756  -46.53700    34.7121    34.7050     3.4174     3.3947    27.6159    27.6124    6.69394    6.67657         24 0.0000e+00
      53781   2240.823    280.000     3.4211   3.192217     3.3976   3.189439      77.41     0.0201     2.8959     2.5429  33.560440  3.4606419   48.30756  -46.53700    34.7087    34.7003     3.4027     3.3792    27.6146    27.6102    6.69529    6.67989         24 0.0000e+00
      53804   2241.774    279.000     3.4004   3.189858     3.3870   3.188209      90.88     0.0230     2.8960     2.5435  33.560440  3.4590907   48.30756  -46.53700    34.7030    34.6974     3.3820     3.3687    27.6121    27.6088    6.69148    6.68102         22 0.0000e+00
      53826   2242.724    278.000     3.3897   3.188662     3.3709   3.186445      53.80     0.0208     2.8954     2.5437  33.571980  3.4493775   48.30756  -46.53700    34.7005    34.6938     3.3715     3.3527    27.6111    27.6076    6.68941    6.67784         24 0.0000e+00
      53850   2243.710    277.000     3.3710   3.186419     3.3430   3.183098      73.32     0.0206     2.8952     2.5435  33.575035  3.4481306   48.30756  -46.53700    34.6939    34.6838     3.3529     3.3249    27.6076    27.6022    6.69649    6.68107         24 0.0000e+00
      53875   2244.747    276.000     3.3494   3.184008     3.3148   3.179998      98.55     0.0232     2.8957     2.5438  33.576260  3.4259560   48.30756  -46.53700    34.6885    34.6770     3.3313     3.2968    27.6054    27.5995    6.70991    6.68804         25 0.0000e+00
      53902   2245.855    275.000     3.3275   3.181590     3.3013   3.178435      42.53     0.0222     2.8968     2.5440  33.577187  3.4203699   48.30756  -46.53700    34.6832    34.6730     3.3096     3.2835    27.6032    27.5976    6.71755    6.69378         28 0.0000e+00
      53928   2246.960    274.000     3.3175   3.180254     3.2847   3.176548      93.86     0.0189     2.8981     2.5452  33.578613  3.3941851   48.30756  -46.53700    34.6783    34.6685     3.2997     3.2670    27.6003    27.5956    6.72230    6.71419         25 0.0000e+00
      53952   2247.962    273.000     3.2875   3.177055     3.2530   3.173132      98.65     0.0194     2.8990     2.5476  33.576359  3.3915610   48.30755  -46.53700    34.6721    34.6616     3.2699     3.2361    27.5982    27.5931    6.73422    6.73494         23 0.0000e+00
      53974   2248.895    272.000     3.2361   3.171140     3.2241   3.169701      35.74     0.0165     2.9011     2.5500  33.579086  3.3592336   48.30754  -46.53700    34.6561    34.6515     3.2186     3.2066    27.5903    27.5877    6.75764    6.74886         22 0.0000e+00
      53997   2249.846    271.000     3.2029   3.167459     3.2026   3.167075      84.97     0.0165     2.9035     2.5519  33.576336  3.3593798   48.30754  -46.53700    34.6475    34.6432     3.1855     3.1852    27.5865    27.5831    6.76827    6.75506         24 0.0000e+00
      54022   2250.896    270.000     3.1873   3.165602     3.1731   3.163785      98.63     0.0219     2.9051     2.5532  33.613411  3.3152103   48.30754  -46.53700    34.6422    34.6353     3.1700     3.1559    27.5838    27.5796    6.76693    6.75240         26 0.0000e+00
      54048   2251.950    269.000     3.1650   3.163315     3.1431   3.160574      31.63     0.0257     2.9059     2.5540  33.615410  3.3117206   48.30754  -46.53700    34.6383    34.6290     3.1479     3.1260    27.5828    27.5774    6.76459    6.75659         24 0.0000e+00
      54070   2252.868    268.000     3.1343   3.159355     3.1227   3.158143      92.17     0.0232     2.9067     2.5545  33.633568  3.2737811   48.30754  -46.53701    34.6231    34.6219     3.1173     3.1057    27.5735    27.5736    6.77494    6.76301         21 0.0000e+00
      54091   2253.747    267.000     3.1165   3.157375     3.1131   3.156964      98.47     0.0201     2.9079     2.5552  33.633053  3.2735043   48.30754  -46.53702    34.6197    34.6184     3.0996     3.0962    27.5724    27.5716    6.78706    6.76810         22 0.0000e+00
      54116   2254.789    266.000     3.1040   3.156027     3.1045   3.155998      49.46     0.0153     2.9095     2.5559  33.633686  3.2332561   48.30754  -46.53702    34.6172    34.6163     3.0872     3.0877    27.5716    27.5708    6.79225    6.77177         28 0.0000e+00
      54146   2256.042    265.000     3.1039   3.155961     3.1010   3.155612      89.68     0.0165     2.9107     2.5567  33.626900  3.2212539   48.30754  -46.53702    34.6171    34.6160     3.0871     3.0843    27.5715    27.5709    6.78510    6.77099         29 0.0000e+00
      54171   2257.100    264.000     3.1036   3.155986     3.0978   3.155197       9.11     0.0175     2.9111     2.5566  33.589802  3.2048683   48.30754  -46.53702    34.6183    34.6149     3.0870     3.0812    27.5724    27.5702    6.78387    6.75845         23 0.0000e+00
      54192   2257.977    263.000     3.0804   3.153325     3.0753   3.152849      98.52     0.0185     2.9114     2.5558  33.585361  3.2051282   48.30754  -46.53702    34.6113    34.6110     3.0639     3.0588    27.5690    27.5692    6.78483    6.75375         20 0.0000e+00
      54214   2258.865    262.000     3.0551   3.150375     3.0577   3.150644      98.63     0.0171     2.9114     2.5545  33.607319  3.1870825   48.30754  -46.53702    34.6031    34.6035     3.0387     3.0413    27.5647    27.5648    6.78745    6.75264         23 0.0000e+00
      54238   2259.878    261.000     3.0350   3.148137     3.0421   3.148837      82.87     0.0185     2.9112     2.5536  33.609089  3.1859801   48.30754  -46.53702    34.5979    34.5989     3.0186     3.0257    27.5625    27.5626    6.78092    6.75882         25 0.0000e+00
      54263   2260.926    260.000     3.0311   3.147743     3.0263   3.147169      85.76     0.0216     2.9096     2.5529  33.586666  3.1462016   48.30754  -46.53702    34.5978    34.5953     3.0148     3.0108    27.5628    27.5611    6.76760    6.75396         24 0.0000e+00
      54286   2261.885    259.000     3.0078   3.145008     3.0021   3.144403      56.79     0.0228     2.9077     2.5518  33.584446  3.1465285   48.30754  -46.53702    34.5904    34.5885     2.9917     2.9867    27.5589    27.5580    6.77024    6.74816         22 0.0000e+00
      54312   2262.941    258.000     2.9812   3.141800     2.9822   3.141865      96.38     0.0213     2.9070     2.5498  33.617195  3.1262403   48.30754  -46.53702    34.5800    34.5793     2.9652     2.9662    27.5531    27.5524    6.77692    6.74850         31 0.0000e+00
      54360   2264.952    257.000     3.0008   3.144098     2.9704   3.140471      98.63     0.0222     2.9052     2.5499  33.619049  3.0898972   48.30754  -46.53702    34.5875    34.5759     2.9848     2.9545    27.5573    27.5507    6.76692    6.76503         54 0.0000e+00
      54394   2266.360    256.000     2.9849   3.142215     2.9726   3.140586      98.63     0.0189     2.9042     2.5508  33.619049  3.0661080   48.30754  -46.53702    34.5821    34.5754     2.9690     2.9568    27.5544    27.5501    6.77096    6.76591         20 0.0000e+00
      54410   2267.055    255.000     2.9568   3.138894     2.9628   3.139393      98.63     0.0195     2.9040     2.5509  33.619049  3.0485117   48.30754  -46.53702    34.5723    34.5719     2.9410     2.9471    27.5491    27.5482    6.77024    6.76927         15 0.0000e+00
      54425   2267.678    254.000     2.9432   3.137305     2.9499   3.137935      98.63     0.0188     2.9031     2.5510  33.619049  3.0488400   48.30754  -46.53702    34.5680    34.5686     2.9276     2.9342    27.5469    27.5468    6.76115    6.76592         16 0.0000e+00
      54443   2268.400    253.000     2.9374   3.136585     2.9362   3.136379      98.63     0.0176     2.9016     2.5503  33.626701  3.0437379   48.30754  -46.53702    34.5660    34.5648     2.9218     2.9206    27.5459    27.5450    6.76784    6.75702         20 0.0000e+00
      54487   2270.269    252.000     2.9355   3.136397     2.9275   3.135490      98.63     0.0205     2.9025     2.5487  33.633549  3.0258160   48.30754  -46.53703    34.5663    34.5638     2.9200     2.9120    27.5462    27.5450    6.78213    6.75807         70 0.0000e+00
      54542   2272.550    251.000     2.9360   3.136453     2.9294   3.135686      84.14     0.0204     2.9033     2.5487  33.636269  2.9982734   48.30754  -46.53704    34.5670    34.5647     2.9205     2.9140    27.5467    27.5455    6.77647    6.75990         35 0.0000e+00
      54764   2281.809    250.000     2.8990   3.132318     2.8848   3.130659      95.34     0.0182     2.9022     2.5493  33.642231  2.9581099   48.30754  -46.53704    34.5567    34.5517     2.8837     2.8695    27.5419    27.5391    6.78338    6.77492         65 0.0000e+00
      55607   2316.910    249.000     2.8514   3.127061     2.8542   3.127315      98.61     0.0211     2.9007     2.5502  33.690674  2.8757555   48.30754  -46.53708    34.5439    34.5441     2.8363     2.8390    27.5359    27.5358    6.77970    6.78073         21 0.0000e+00
      55632   2317.954    248.000     2.8462   3.126432     2.8458   3.126341      98.63     0.0230     2.9007     2.5499  33.690971  2.8730824   48.30754  -46.53708    34.5425    34.5418     2.8311     2.8307    27.5352    27.5347    6.78166    6.77202         22 0.0000e+00
      55658   2319.055    247.000     2.8372   3.125398     2.8304   3.124544      98.63     0.0218     2.9000     2.5489  33.692249  2.8730159   48.30754  -46.53708    34.5400    34.5368     2.8222     2.8155    27.5340    27.5321    6.78101    6.77495         32 0.0000e+00
      55694   2320.540    246.000     2.8242   3.123989     2.8180   3.123176      98.63     0.0245     2.8998     2.5494  33.693130  2.8672402   48.30754  -46.53708    34.5368    34.5338     2.8093     2.8031    27.5326    27.5307    6.78292    6.78486         36 0.0000e+00
      55726   2321.879    245.000     2.8157   3.122925     2.8103   3.122198      98.63     0.0235     2.8990     2.5495  33.692280  2.8631063   48.30754  -46.53708    34.5339    34.5308     2.8009     2.7955    27.5311    27.5290    6.77620    6.77775         27 0.0000e+00
      55750   2322.877    244.000     2.8031   3.121423     2.8025   3.121278      84.64     0.0216     2.8986     2.5485  33.678261  2.8632479   48.30754  -46.53708    34.5296    34.5285     2.7883     2.7877    27.5287    27.5279    6.78070    6.77453         23 0.0000e+00
      55772   2323.799    243.000     2.7966   3.120658     2.7952   3.120448      48.81     0.0185     2.8982     2.5486  33.677662  2.8632479   48.30754  -46.53708    34.5277    34.5266     2.7820     2.7806    27.5277    27.5270    6.78502    6.78166         22 0.0000e+00
      55796   2324.784    242.000     2.7903   3.119934     2.7889   3.119707      99.32     0.0212     2.8989     2.5484  33.693127  2.8545842   48.30754  -46.53708    34.5262    34.5249     2.7757     2.7743    27.5271    27.5262    6.78459    6.78234         24 0.0000e+00
      55819   2325.762    241.000     2.7841   3.119110     2.7793   3.118554      98.63     0.0225     2.8977     2.5486  33.694878  2.8534648   48.30754  -46.53708    34.5233    34.5216     2.7696     2.7648    27.5253    27.5244    6.78032    6.78247         23 0.0000e+00
      55841   2326.677    240.000     2.7710   3.117633     2.7673   3.117172      90.88     0.0214     2.8986     2.5485  33.694309  2.8389988   48.30754  -46.53708    34.5197    34.5181     2.7566     2.7529    27.5236    27.5227    6.78783    6.78284         22 0.0000e+00
      55863   2327.600    239.000     2.7640   3.116836     2.7602   3.116374      98.42     0.0194     2.8978     2.5485  33.694221  2.8353136   48.30754  -46.53708    34.5181    34.5165     2.7496     2.7458    27.5230    27.5220    6.78062    6.78642         23 0.0000e+00
