data/CTD/2014/CNV/u017a035.cnv
* Sea-Bird SBE 9 Data File:
* FileName = C:\CTD_ACQUISITION\2014017HUD\ctddata\017A035.hdr
* Software Version Seasave V 7.22.2
* Temperature SN = 5081
* Conductivity SN = 3561
* Number of Bytes Per Scan = 37
* Number of Voltage Words = 4
* Number of Scans Averaged by the Deck Unit = 1
* NMEA Latitude = 48 29.67 N
* NMEA Longitude = 046 43.65 W
* NMEA UTC (Time) = Jul 09 2014 18:03:36
* NMEA baud rate = 9600
** Ship: Hudson
** Cruise: HUD2014017
** Chief_Scientist: Blair Greenan
** Organization: BIO
** Area_of_Operation: Sackville Spur
** Station: 035
** Sounding:
** Event_Comments: SS-07 403203
# nquan = 25
# nvalues = 2346                        
# units = specified
# name 0 = scan: Scan Count
# name 1 = timeS: Time, Elapsed [seconds]
# name 2 = prDM: Pressure, Digiquartz [db]
# name 3 = t068C: Temperature [ITS-68, deg C]
# name 4 = c0S/m: Conductivity [S/m]
# name 5 = t168C: Temperature, 2 [ITS-68, deg C]
# name 6 = c1S/m: Conductivity, 2 [S/m]
# name 7 = altM: Altimeter [m]
# name 8 = flC: Fluorescence, Chelsea Aqua 3 Chl Con [ug/l]
# name 9 = sbeox0V: Oxygen raw, SBE 43 [V]
# name 10 = sbeox1V: Oxygen raw, SBE 43, 2 [V]
# name 11 = upoly0: Upoly 0, Optode 4330F - O2 D-Phase
# name 12 = upoly1: Upoly 1, Optode 4330F - O2 Temp
# name 13 = latitude: Latitude [deg]
# name 14 = longitude: Longitude [deg]
# name 15 = sal00: Salinity, Practical [PSU]
# name 16 = sal11: Salinity, Practical, 2 [PSU]
# name 17 = potemp068C: Potential Temperature [ITS-68, deg C]
# name 18 = potemp168C: Potential Temperature, 2 [ITS-68, deg C]
# name 19 = sigma-é00: Density [sigma-theta, Kg/m^3]
# name 20 = sigma-é11: Density, 2 [sigma-theta, Kg/m^3]
# name 21 = sbeox0ML/L: Oxygen, SBE 43 [ml/l], WS = 2
# name 22 = sbeox1ML/L: Oxygen, SBE 43, 2 [ml/l], WS = 2
# name 23 = nbin: number of scans per bin
# name 24 = flag: flag
# span 0 =      61564,     120876       
# span 1 =   2565.118,   5036.461       
# span 2 =      1.000,   2346.000       
# span 3 =     2.6815,     8.6452       
# span 4 =   3.084636,   3.536988       
# span 5 =     2.6543,     8.6442       
# span 6 =   3.081401,   3.537123       
# span 7 =       1.42,     106.77       
# span 8 =     0.0063,     0.4154       
# span 9 =     2.2227,     3.6268       
# span 10 =     1.9655,     3.2215      
# span 11 =  30.027660,  35.509209      
# span 12 =  2.7718782,  8.6768169      
# span 13 =   48.49778,   48.50086      
# span 14 =  -46.71974,  -46.71238      
# span 15 =    33.4748,    34.9168      
# span 16 =    33.4742,    34.9167      
# span 17 =     2.5946,     8.6451      
# span 18 =     2.5935,     8.6438      
# span 19 =    25.9794,    27.8507      
# span 20 =    25.9792,    27.8509      
# span 21 =    6.28604,    8.89639      
# span 22 =    5.95859,    9.12804      
# span 23 =         11,         87      
# span 24 = 0.0000e+00, 0.0000e+00      
# interval = decibars: 1                
# start_time = Jul 09 2014 18:03:36 [NMEA time, header]
# bad_flag = -9.990e-29
*END*
[from data line 1682]
     101212   4217.132    664.000     3.6555   3.242544     3.6554   3.242506      96.62     0.0191     2.7829     2.4465  33.709038  3.6638241   48.49932  -46.71481    34.8570    34.8566     3.6083     3.6082    27.7126    27.7122    6.65782    6.62457         49 0.0000e+00
     101249   4218.675    663.000     3.6554   3.242485     3.6552   3.242440      41.36     0.0185     2.7835     2.4454  33.706890  3.6633604   48.49933  -46.71480    34.8568    34.8565     3.6083     3.6081    27.7124    27.7122    6.65797    6.61932         23 0.0000e+00
     101268   4219.462    662.000     3.6556   3.242446     3.6550   3.242374      92.19     0.0188     2.7839     2.4455  33.717342  3.6544201   48.49934  -46.71480    34.8568    34.8564     3.6085     3.6080    27.7124    27.7122    6.65212    6.62632         17 0.0000e+00
     101284   4220.119    661.000     3.6554   3.242379     3.6550   3.242332      98.57     0.0142     2.7833     2.4456  33.714798  3.6544566   48.49934  -46.71480    34.8567    34.8565     3.6085     3.6080    27.7123    27.7122    6.64661    6.62590         15 0.0000e+00
     101299   4220.734    660.000     3.6556   3.242377     3.6557   3.242339      98.63     0.0144     2.7829     2.4456  33.716389  3.6544566   48.49934  -46.71480    34.8569    34.8564     3.6088     3.6088    27.7124    27.7121    6.65354    6.62475         14 0.0000e+00
     101314   4221.370    659.000     3.6559   3.242362     3.6557   3.242301      66.66     0.0169     2.7836     2.4458  33.699326  3.6584496   48.49934  -46.71480    34.8569    34.8565     3.6092     3.6089    27.7124    27.7121    6.65466    6.62286         17 0.0000e+00
     101333   4222.153    658.000     3.6560   3.242316     3.6553   3.242213      60.03     0.0177     2.7837     2.4456  33.702801  3.6588788   48.49934  -46.71480    34.8568    34.8564     3.6093     3.6086    27.7123    27.7121    6.65323    6.62248         22 0.0000e+00
     101363   4223.407    657.000     3.6557   3.242239     3.6547   3.242105      79.64     0.0158     2.7841     2.4462  33.701389  3.6582413   48.49934  -46.71480    34.8568    34.8562     3.6090     3.6081    27.7124    27.7120    6.65535    6.63032         39 0.0000e+00
     101400   4224.970    656.000     3.6554   3.242168     3.6550   3.242094      51.94     0.0134     2.7845     2.4474  33.698833  3.6569319   48.49934  -46.71480    34.8568    34.8563     3.6088     3.6084    27.7124    27.7120    6.65562    6.63718         31 0.0000e+00
     101428   4226.131    655.000     3.6551   3.242091     3.6536   3.241894      99.66     0.0146     2.7853     2.4486  33.696190  3.6547837   48.49934  -46.71478    34.8567    34.8560     3.6087     3.6071    27.7123    27.7119    6.66520    6.64025         26 0.0000e+00
     101453   4227.154    654.000     3.6523   3.241740     3.6506   3.241528      79.91     0.0163     2.7865     2.4494  33.695827  3.6583211   48.49934  -46.71478    34.8560    34.8553     3.6060     3.6057    27.7120    27.7116    6.66011    6.63667         25 0.0000e+00
     101478   4228.203    653.000     3.6507   3.241524     3.6484   3.241254      60.52     0.0175     2.7866     2.4495  33.701653  3.6583638   48.49934  -46.71478    34.8557    34.8549     3.6044     3.6021    27.7119    27.7115    6.66337    6.62968         25 0.0000e+00
     101503   4229.231    652.000     3.6490   3.241307     3.6476   3.241125      99.51     0.0170     2.7873     2.4493  33.697304  3.6556706   48.49934  -46.71478    34.8554    34.8547     3.6028     3.6014    27.7119    27.7114    6.66275    6.63144         23 0.0000e+00
     101523   4230.071    651.000     3.6476   3.241110     3.6468   3.240988      98.22     0.0172     2.7878     2.4495  33.698009  3.6544433   48.49934  -46.71478    34.8550    34.8545     3.6015     3.6006    27.7117    27.7114    6.66116    6.63813         18 0.0000e+00
     101540   4230.780    650.000     3.6469   3.240985     3.6463   3.240891       9.87     0.0149     2.7878     2.4503  33.695019  3.6544566   48.49934  -46.71478    34.8549    34.8544     3.6008     3.6002    27.7117    27.7113    6.65762    6.64478         16 0.0000e+00
     101556   4231.449    649.000     3.6471   3.240968     3.6474   3.240962      90.00     0.0151     2.7876     2.4510  33.707653  3.6572917   48.49934  -46.71478    34.8550    34.8546     3.6011     3.6014    27.7117    27.7113    6.65880    6.64346         17 0.0000e+00
     101573   4232.179    648.000     3.6474   3.240951     3.6484   3.241016      98.34     0.0124     2.7880     2.4513  33.712181  3.6575329   48.49934  -46.71478    34.8549    34.8547     3.6015     3.6025    27.7116    27.7113    6.66267    6.64044         19 0.0000e+00
     101602   4233.377    647.000     3.6479   3.240962     3.6481   3.240941      66.78     0.0138     2.7889     2.4519  33.708035  3.6553466   48.49934  -46.71478    34.8551    34.8546     3.6021     3.6023    27.7117    27.7113    6.66396    6.64037         42 0.0000e+00
     101644   4235.108    646.000     3.6474   3.240850     3.6476   3.240844     101.10     0.0130     2.7896     2.4527  33.698299  3.6544068   48.49934  -46.71476    34.8549    34.8545     3.6016     3.6018    27.7115    27.7113    6.66504    6.64128         31 0.0000e+00
     101667   4236.081    645.000     3.6475   3.240821     3.6477   3.240812      92.00     0.0162     2.7901     2.4528  33.693020  3.6544566   48.49934  -46.71476    34.8548    34.8545     3.6019     3.6021    27.7115    27.7112    6.65978    6.63466         21 0.0000e+00
     101686   4236.892    644.000     3.6488   3.240885     3.6484   3.240828      25.03     0.0182     2.7897     2.4525  33.693119  3.6544566   48.49934  -46.71476    34.8548    34.8546     3.6032     3.6049    27.7113    27.7112    6.65683    6.63116         18 0.0000e+00
     101705   4237.647    643.000     3.6497   3.240928     3.6499   3.240930      98.89     0.0214     2.7900     2.4524  33.696384  3.6544566   48.49934  -46.71476    34.8549    34.8547     3.6042     3.6044    27.7113    27.7111    6.66076    6.63240         18 0.0000e+00
     101723   4238.435    642.000     3.6509   3.241010     3.6513   3.241019      98.63     0.0180     2.7902     2.4524  33.698891  3.6544566   48.49934  -46.71476    34.8552    34.8548     3.6054     3.6058    27.7114    27.7111    6.66164    6.63346         20 0.0000e+00
     101745   4239.328    641.000     3.6515   3.241024     3.6522   3.241070      66.23     0.0195     2.7906     2.4525  33.694878  3.6544566   48.49934  -46.71476    34.8552    34.8549     3.6061     3.6068    27.7114    27.7111    6.66315    6.63388         23 0.0000e+00
     101768   4240.275    640.000     3.6522   3.241051     3.6530   3.241103      65.36     0.0168     2.7911     2.4528  33.694973  3.6544566   48.49934  -46.71476    34.8553    34.8550     3.6069     3.6095    27.7113    27.7110    6.66093    6.63299         22 0.0000e+00
     101790   4241.199    639.000     3.6533   3.241104     3.6538   3.241129      77.31     0.0194     2.7912     2.4528  33.692272  3.6544566   48.49934  -46.71476    34.8553    34.8550     3.6080     3.6085    27.7113    27.7110    6.65908    6.62464         22 0.0000e+00
     101813   4242.165    638.000     3.6537   3.241110     3.6543   3.241127      60.27     0.0210     2.7916     2.4518  33.692307  3.6544566   48.49934  -46.71476    34.8554    34.8550     3.6085     3.6091    27.7113    27.7109    6.66267    6.61575         26 0.0000e+00
     101843   4243.415    637.000     3.6541   3.241098     3.6545   3.241105      71.57     0.0185     2.7923     2.4511  33.692307  3.6550205   48.49934  -46.71476    34.8555    34.8550     3.6090     3.6094    27.7113    27.7109    6.66248    6.61849         34 0.0000e+00
     101875   4244.757    636.000     3.6545   3.241079     3.6545   3.241060      99.65     0.0131     2.7927     2.4513  33.692307  3.6548102   48.49934  -46.71474    34.8553    34.8550     3.6095     3.6095    27.7111    27.7109    6.66433    6.63355         27 0.0000e+00
     101898   4245.712    635.000     3.6549   3.241066     3.6549   3.241038      28.73     0.0106     2.7931     2.4525  33.692307  3.6563222   48.49934  -46.71474    34.8553    34.8549     3.6099     3.6099    27.7110    27.7108    6.66045    6.63427         21 0.0000e+00
     101917   4246.516    634.000     3.6547   3.240997     3.6543   3.240931      95.77     0.0146     2.7935     2.4528  33.692307  3.6577048   48.49934  -46.71474    34.8551    34.8548     3.6098     3.6094    27.7110    27.7107    6.66707    6.63177         18 0.0000e+00
     101937   4247.315    633.000     3.6543   3.240911     3.6537   3.240814      98.64     0.0172     2.7941     2.4534  33.691570  3.6637578   48.49936  -46.71474    34.8551    34.8545     3.6095     3.6089    27.7110    27.7106    6.66437    6.63979         20 0.0000e+00
     101959   4248.233    632.000     3.6539   3.240828     3.6536   3.240755      71.90     0.0146     2.7940     2.4545  33.691719  3.6642158   48.49936  -46.71474    34.8550    34.8545     3.6092     3.6089    27.7109    27.7105    6.65836    6.63948         25 0.0000e+00
     101985   4249.326    631.000     3.6539   3.240768     3.6536   3.240705      16.96     0.0117     2.7939     2.4550  33.692303  3.6599114   48.49936  -46.71474    34.8549    34.8545     3.6092     3.6103    27.7108    27.7105    6.65597    6.63498         27 0.0000e+00
     102011   4250.397    630.000     3.6538   3.240720     3.6536   3.240663      98.76     0.0144     2.7941     2.4553  33.692307  3.6601551   48.49936  -46.71474    34.8549    34.8545     3.6093     3.6090    27.7108    27.7105    6.66211    6.63640         24 0.0000e+00
     102033   4251.341    629.000     3.6539   3.240677     3.6538   3.240638      63.86     0.0132     2.7945     2.4558  33.692307  3.6632936   48.49936  -46.71474    34.8548    34.8544     3.6094     3.6093    27.7107    27.7104    6.66181    6.63704         22 0.0000e+00
     102055   4252.246    628.000     3.6542   3.240663     3.6544   3.240643      54.85     0.0161     2.7947     2.4562  33.692307  3.6642008   48.49936  -46.71472    34.8549    34.8545     3.6097     3.6099    27.7108    27.7104    6.65944    6.63521         22 0.0000e+00
     102078   4253.213    627.000     3.6545   3.240647     3.6546   3.240623      97.22     0.0146     2.7951     2.4562  33.692307  3.6642246   48.49936  -46.71472    34.8549    34.8545     3.6102     3.6103    27.7107    27.7104    6.66391    6.63296         24 0.0000e+00
     102104   4254.296    626.000     3.6547   3.240619     3.6548   3.240594      66.23     0.0126     2.7955     2.4565  33.692307  3.6642246   48.49936  -46.71472    34.8549    34.8544     3.6104     3.6106    27.7107    27.7103    6.65869    6.63476         27 0.0000e+00
     102130   4255.392    625.000     3.6548   3.240586     3.6549   3.240536      71.64     0.0127     2.7955     2.4570  33.692307  3.6634312   48.49936  -46.71472    34.8549    34.8542     3.6106     3.6107    27.7107    27.7101    6.65778    6.64216         25 0.0000e+00
     102153   4256.337    624.000     3.6549   3.240527     3.6546   3.240451      98.73     0.0184     2.7956     2.4578  33.692307  3.6642275   48.49936  -46.71472    34.8546    34.8540     3.6108     3.6105    27.7104    27.7100    6.66110    6.64319         21 0.0000e+00
     102173   4257.162    623.000     3.6547   3.240453     3.6543   3.240380      85.80     0.0177     2.7964     2.4584  33.692307  3.6642246   48.49936  -46.71472    34.8545    34.8540     3.6106     3.6103    27.7103    27.7100    6.66147    6.64004         19 0.0000e+00
     102192   4257.961    622.000     3.6545   3.240383     3.6542   3.240315      29.18     0.0158     2.7960     2.4587  33.692307  3.6642246   48.49936  -46.71472    34.8543    34.8539     3.6106     3.6102    27.7102    27.7099    6.65446    6.64026         19 0.0000e+00
     102213   4258.839    621.000     3.6544   3.240319     3.6541   3.240256      97.42     0.0146     2.7959     2.4589  33.692307  3.6642246   48.49936  -46.71472    34.8543    34.8538     3.6105     3.6102    27.7102    27.7098    6.65408    6.63811         24 0.0000e+00
     102242   4260.048    620.000     3.6544   3.240271     3.6543   3.240229      55.04     0.0125     2.7962     2.4593  33.692734  3.6642246   48.49936  -46.71472    34.8542    34.8538     3.6105     3.6105    27.7102    27.7098    6.65468    6.63723         34 0.0000e+00
     102274   4261.369    619.000     3.6545   3.240227     3.6542   3.240174      65.59     0.0145     2.7962     2.4586  33.692287  3.6642246   48.49936  -46.71472    34.8541    34.8538     3.6107     3.6105    27.7100    27.7098    6.65356    6.61657         26 0.0000e+00
     102296   4262.288    618.000     3.6544   3.240177     3.6537   3.240073      99.22     0.0135     2.7956     2.4570  33.692307  3.6627338   48.49936  -46.71472    34.8541    34.8536     3.6108     3.6101    27.7100    27.7097    6.65294    6.61488         20 0.0000e+00
     102314   4263.050    617.000     3.6553   3.240199     3.6544   3.240100      98.63     0.0145     2.7967     2.4568  33.691437  3.6642408   48.49936  -46.71472    34.8540    34.8537     3.6117     3.6108    27.7099    27.7097    6.65921    6.62455         17 0.0000e+00
     102332   4263.772    616.000     3.6565   3.240288     3.6568   3.240305      13.25     0.0149     2.7966     2.4569  33.686600  3.6636808   48.49937  -46.71472    34.8543    34.8541     3.6130     3.6133    27.7099    27.7098    6.65907    6.63006         18 0.0000e+00
     102350   4264.541    615.000     3.6577   3.240366     3.6578   3.240360      93.68     0.0163     2.7973     2.4577  33.687878  3.6642101   48.49938  -46.71472    34.8544    34.8543     3.6143     3.6144    27.7099    27.7098    6.65933    6.63109         20 0.0000e+00
     102374   4265.538    614.000     3.6579   3.240349     3.6580   3.240336      98.51     0.0155     2.7979     2.4578  33.679081  3.6642246   48.49938  -46.71471    34.8546    34.8543     3.6145     3.6147    27.7100    27.7098    6.65894    6.62957         29 0.0000e+00
     102407   4266.911    613.000     3.6582   3.240320     3.6580   3.240285      50.96     0.0148     2.7979     2.4580  33.679386  3.6642246   48.49938  -46.71470    34.8545    34.8542     3.6149     3.6147    27.7099    27.7097    6.65136    6.62280         34 0.0000e+00
     102437   4268.176    612.000     3.6581   3.240263     3.6579   3.240218      34.42     0.0131     2.7980     2.4584  33.679344  3.6642246   48.49938  -46.71470    34.8544    34.8541     3.6149     3.6146    27.7099    27.7097    6.65825    6.63904         26 0.0000e+00
     102460   4269.133    611.000     3.6582   3.240230     3.6578   3.240160      86.93     0.0129     2.7986     2.4594  33.679047  3.6642246   48.49938  -46.71470    34.8544    34.8540     3.6151     3.6146    27.7099    27.7096    6.65524    6.63429         21 0.0000e+00
     102479   4269.937    610.000     3.6580   3.240158     3.6575   3.240084      23.12     0.0101     2.7986     2.4597  33.677654  3.6642246   48.49938  -46.71468    34.8544    34.8539     3.6149     3.6145    27.7098    27.7095    6.65523    6.63149         18 0.0000e+00
     102498   4270.699    609.000     3.6577   3.240091     3.6570   3.239989      87.17     0.0134     2.7987     2.4600  33.678417  3.6642246   48.49938  -46.71469    34.8544    34.8539     3.6147     3.6140    27.7099    27.7095    6.65728    6.63461         19 0.0000e+00
     102518   4271.536    608.000     3.6574   3.240010     3.6558   3.239816      91.70     0.0172     2.7994     2.4607  33.686710  3.6642246   48.49938  -46.71470    34.8543    34.8536     3.6145     3.6129    27.7098    27.7094    6.65723    6.64074         22 0.0000e+00
