data/CTD/2014/CNV/u017a026.cnv
* Sea-Bird SBE 9 Data File:
* FileName = C:\CTD_ACQUISITION\2014017HUD\ctddata\017A026.hdr
* Software Version Seasave V 7.22.2
* Temperature SN = 5081
* Conductivity SN = 3561
* Number of Bytes Per Scan = 37
* Number of Voltage Words = 4
* Number of Scans Averaged by the Deck Unit = 1
* NMEA Latitude = 48 56.21 N
* NMEA Longitude = 045 49.60 W
* NMEA UTC (Time) = Jul 06 2014 21:24:33
* NMEA baud rate = 9600
** Ship: Hudson
** Cruise: HUD2014017
** Chief_Scientist: Blair Greenan
** Organization: BIO
** Area_of_Operation: Sackville Spur
** Station: 026
** Sounding:  2396
** Event_Comments: SS_28, 403145
# nquan = 25
# nvalues = 2502                        
# units = specified
# name 0 = scan: Scan Count
# name 1 = timeS: Time, Elapsed [seconds]
# name 2 = prDM: Pressure, Digiquartz [db]
# name 3 = t068C: Temperature [ITS-68, deg C]
# name 4 = c0S/m: Conductivity [S/m]
# name 5 = t168C: Temperature, 2 [ITS-68, deg C]
# name 6 = c1S/m: Conductivity, 2 [S/m]
# name 7 = altM: Altimeter [m]
# name 8 = flC: Fluorescence, Chelsea Aqua 3 Chl Con [ug/l]
# name 9 = sbeox0V: Oxygen raw, SBE 43 [V]
# name 10 = sbeox1V: Oxygen raw, SBE 43, 2 [V]
# name 11 = upoly0: Upoly 0, Optode 4330F - O2 D-Phase
# name 12 = upoly1: Upoly 1, Optode 4330F - O2 Temp
# name 13 = latitude: Latitude [deg]
# name 14 = longitude: Longitude [deg]
# name 15 = sal00: Salinity, Practical [PSU]
# name 16 = sal11: Salinity, Practical, 2 [PSU]
# name 17 = potemp068C: Potential Temperature [ITS-68, deg C]
# name 18 = potemp168C: Potential Temperature, 2 [ITS-68, deg C]
# name 19 = sigma-é00: Density [sigma-theta, Kg/m^3]
# name 20 = sigma-é11: Density, 2 [sigma-theta, Kg/m^3]
# name 21 = sbeox0ML/L: Oxygen, SBE 43 [ml/l], WS = 2
# name 22 = sbeox1ML/L: Oxygen, SBE 43, 2 [ml/l], WS = 2
# name 23 = nbin: number of scans per bin
# name 24 = flag: flag
# span 0 =      69861,     147291       
# span 1 =   2910.842,   6137.085       
# span 2 =      1.000,   2502.000       
# span 3 =     2.1856,     8.1207       
# span 4 =   3.042185,   3.505780       
# span 5 =     2.1848,     8.1314       
# span 6 =   3.042169,   3.506004       
# span 7 =       0.81,     103.23       
# span 8 =     0.0053,     0.3893       
# span 9 =     2.1947,     3.6972       
# span 10 =     1.9438,     3.2588      
# span 11 =  29.856676,  35.546692      
# span 12 =  2.1869688,  8.1373158      
# span 13 =   48.93864,   48.94076      
# span 14 =  -45.81395,  -45.80169      
# span 15 =    33.6387,    34.9189      
# span 16 =    33.6374,    34.9186      
# span 17 =     2.1826,     8.1197      
# span 18 =     2.1817,     8.1309      
# span 19 =    26.1883,    27.8660      
# span 20 =    26.1846,    27.8658      
# span 21 =    6.26346,    8.60951      
# span 22 =    6.20860,    8.73752      
# span 23 =         11,         98      
# span 24 = 0.0000e+00, 0.0000e+00      
# interval = decibars: 1                
# start_time = Jul 06 2014 21:24:33 [NMEA time, header]
# bad_flag = -9.990e-29
*END*
[from data line 2261]
     129469   5394.510    241.000     3.4935   3.200761     3.4929   3.200655      51.84     0.0190     2.9580     2.6028  33.337791  3.5078306   48.94014  -45.80408    34.7558    34.7551     3.4775     3.4769    27.6449    27.6444    6.82361    6.82773         15 0.0000e+00
     129484   5395.123    240.000     3.4927   3.200648     3.4911   3.200422      59.44     0.0174     2.9588     2.6032  33.335785  3.5079365   48.94014  -45.80408    34.7558    34.7547     3.4768     3.4752    27.6449    27.6443    6.81889    6.82761         15 0.0000e+00
     129499   5395.763    239.000     3.4911   3.200422     3.4890   3.200135      85.67     0.0187     2.9583     2.6037  33.333366  3.5085390   48.94014  -45.80408    34.7553    34.7541     3.4753     3.4731    27.6447    27.6440    6.81526    6.82716         16 0.0000e+00
     129518   5396.522    238.000     3.4897   3.200225     3.4869   3.199849      92.87     0.0165     2.9586     2.6040  33.320744  3.5079515   48.94014  -45.80408    34.7550    34.7535     3.4739     3.4711    27.6446    27.6436    6.81948    6.82371         21 0.0000e+00
     129565   5398.488    237.000     3.4905   3.200273     3.4881   3.199973      80.08     0.0181     2.9603     2.6054  33.318707  3.5057709   48.94014  -45.80408    34.7553    34.7542     3.4748     3.4725    27.6447    27.6441    6.82603    6.83136         67 0.0000e+00
     129629   5401.159    236.000     3.4923   3.200424     3.4923   3.200371      46.84     0.0180     2.9624     2.6071  33.304733  3.4975967   48.94014  -45.80408    34.7557    34.7551     3.4767     3.4766    27.6448    27.6444    6.83770    6.83202         26 0.0000e+00
     129647   5401.920    235.000     3.4917   3.200293     3.4911   3.200197      99.93     0.0172     2.9637     2.6075  33.299809  3.4976115   48.94014  -45.80408    34.7553    34.7548     3.4761     3.4756    27.6446    27.6442    6.83082    6.83261         18 0.0000e+00
     129663   5402.596    234.000     3.4865   3.199691     3.4855   3.199512      98.63     0.0217     2.9633     2.6075  33.297646  3.4933362   48.94014  -45.80408    34.7542    34.7531     3.4710     3.4700    27.6442    27.6434    6.82419    6.83484         16 0.0000e+00
     129679   5403.257    233.000     3.4812   3.199070     3.4800   3.198872      78.96     0.0226     2.9637     2.6082  33.296722  3.4932845   48.94014  -45.80406    34.7529    34.7518     3.4658     3.4646    27.6437    27.6429    6.82756    6.84099         16 0.0000e+00
     129697   5403.987    232.000     3.4787   3.198726     3.4770   3.198503      46.78     0.0237     2.9635     2.6088  33.313374  3.4960630   48.94016  -45.80406    34.7519    34.7511     3.4634     3.4617    27.6432    27.6426    6.82824    6.83902         19 0.0000e+00
     129716   5404.799    231.000     3.4773   3.198532     3.4757   3.198286      97.77     0.0228     2.9641     2.6090  33.319321  3.4981346   48.94016  -45.80407    34.7517    34.7504     3.4620     3.4604    27.6431    27.6423    6.82908    6.83445         20 0.0000e+00
     129736   5405.624    230.000     3.4766   3.198396     3.4749   3.198118      98.63     0.0216     2.9641     2.6089  33.320610  3.4971416   48.94016  -45.80408    34.7513    34.7498     3.4614     3.4597    27.6429    27.6418    6.83224    6.83018         19 0.0000e+00
     129755   5406.400    229.000     3.4757   3.198227     3.4747   3.198026      62.93     0.0196     2.9647     2.6088  33.298199  3.4883485   48.94016  -45.80408    34.7508    34.7495     3.4606     3.4596    27.6425    27.6416    6.83419    6.83672         18 0.0000e+00
     129772   5407.122    228.000     3.4750   3.198087     3.4742   3.197920      57.96     0.0176     2.9654     2.6096  33.302719  3.4884005   48.94016  -45.80408    34.7504    34.7492     3.4600     3.4592    27.6423    27.6414    6.83356    6.84412         17 0.0000e+00
     129789   5407.850    227.000     3.4742   3.197931     3.4732   3.197772      98.41     0.0170     2.9659     2.6103  33.304832  3.4884005   48.94016  -45.80408    34.7499    34.7491     3.4592     3.4582    27.6420    27.6414    6.83518    6.84307         18 0.0000e+00
     129810   5408.715    226.000     3.4737   3.197833     3.4725   3.197653      98.63     0.0176     2.9665     2.6108  33.309414  3.4884005   48.94016  -45.80408    34.7498    34.7490     3.4588     3.4575    27.6419    27.6414    6.83670    6.83901         25 0.0000e+00
     129846   5410.203    225.000     3.4735   3.197778     3.4725   3.197620      69.29     0.0179     2.9675     2.6118  33.294655  3.4884005   48.94016  -45.80408    34.7499    34.7491     3.4586     3.4576    27.6420    27.6415    6.83904    6.84782         48 0.0000e+00
     129893   5412.151    224.000     3.4742   3.197819     3.4737   3.197720      35.69     0.0223     2.9688     2.6129  33.284676  3.4833536   48.94016  -45.80408    34.7502    34.7496     3.4595     3.4589    27.6421    27.6417    6.83647    6.83393         37 0.0000e+00
     129922   5413.363    223.000     3.4747   3.197816     3.4735   3.197626      74.40     0.0195     2.9688     2.6118  33.282578  3.4805157   48.94016  -45.80408    34.7502    34.7492     3.4600     3.4588    27.6422    27.6414    6.83486    6.83454         25 0.0000e+00
     129945   5414.336    222.000     3.4739   3.197673     3.4733   3.197541      86.66     0.0160     2.9693     2.6121  33.283325  3.4871435   48.94016  -45.80408    34.7499    34.7489     3.4592     3.4587    27.6420    27.6412    6.83722    6.84303         23 0.0000e+00
     129966   5415.225    221.000     3.4739   3.197590     3.4744   3.197563      74.47     0.0166     2.9693     2.6129  33.284245  3.4883943   48.94016  -45.80408    34.7494    34.7485     3.4593     3.4599    27.6416    27.6408    6.83377    6.84369         20 0.0000e+00
     129986   5416.021    220.000     3.4740   3.197502     3.4739   3.197446      45.53     0.0169     2.9698     2.6131  33.282864  3.4884005   48.94018  -45.80408    34.7488    34.7482     3.4595     3.4594    27.6411    27.6406    6.83738    6.84208         18 0.0000e+00
     130003   5416.753    219.000     3.4742   3.197466     3.4751   3.197520      98.86     0.0144     2.9700     2.6136  33.282047  3.4878235   48.94018  -45.80408    34.7487    34.7483     3.4597     3.4607    27.6410    27.6406    6.83578    6.84096         17 0.0000e+00
     130020   5417.461    218.000     3.4756   3.197542     3.4762   3.197560      98.63     0.0169     2.9702     2.6136  33.285515  3.4884031   48.94018  -45.80408    34.7487    34.7483     3.4612     3.4618    27.6408    27.6404    6.83835    6.84106         17 0.0000e+00
     130037   5418.184    217.000     3.4757   3.197503     3.4746   3.197328      84.46     0.0186     2.9708     2.6141  33.282066  3.4840794   48.94018  -45.80408    34.7487    34.7477     3.4614     3.4603    27.6408    27.6401    6.84062    6.85187         18 0.0000e+00
     130056   5418.957    216.000     3.4743   3.197315     3.4711   3.196910      39.39     0.0160     2.9712     2.6156  33.282051  3.4817233   48.94018  -45.80408    34.7484    34.7470     3.4601     3.4568    27.6407    27.6399    6.83804    6.85560         19 0.0000e+00
     130077   5419.823    215.000     3.4731   3.197143     3.4666   3.196391      97.91     0.0145     2.9718     2.6161  33.282051  3.4811871   48.94018  -45.80408    34.7482    34.7461     3.4590     3.4524    27.6406    27.6396    6.84495    6.84519         23 0.0000e+00
     130101   5420.827    214.000     3.4684   3.196620     3.4629   3.195951      98.63     0.0212     2.9730     2.6159  33.282051  3.4823575   48.94018  -45.80408    34.7475    34.7453     3.4543     3.4488    27.6405    27.6393    6.84455    6.84234         26 0.0000e+00
     130131   5422.098    213.000     3.4641   3.196083     3.4590   3.195462      35.16     0.0204     2.9735     2.6163  33.282051  3.4858127   48.94018  -45.80408    34.7461    34.7441     3.4501     3.4450    27.6398    27.6387    6.84180    6.84753         35 0.0000e+00
     130169   5423.674    212.000     3.4616   3.195757     3.4582   3.195323     101.74     0.0192     2.9736     2.6170  33.282051  3.4848249   48.94018  -45.80408    34.7452    34.7438     3.4477     3.4443    27.6394    27.6386    6.83845    6.85881         36 0.0000e+00
     130200   5424.938    211.000     3.4602   3.195528     3.4583   3.195263      98.63     0.0204     2.9740     2.6194  33.281471  3.4784312   48.94018  -45.80408    34.7447    34.7435     3.4464     3.4444    27.6390    27.6383    6.85696    6.87833         26 0.0000e+00
     130223   5425.905    210.000     3.4599   3.195411     3.4588   3.195227      98.63     0.0168     2.9766     2.6220  33.282055  3.4786325   48.94018  -45.80408    34.7441    34.7431     3.4461     3.4456    27.6386    27.6379    6.87762    6.88863         22 0.0000e+00
     130244   5426.791    209.000     3.4584   3.195159     3.4550   3.194731      30.98     0.0167     2.9799     2.6247  33.282051  3.4786325   48.94018  -45.80409    34.7434    34.7418     3.4447     3.4412    27.6382    27.6372    6.89608    6.89619         21 0.0000e+00
     130266   5427.710    208.000     3.4525   3.194494     3.4449   3.193589      98.84     0.0163     2.9836     2.6262  33.282051  3.4786325   48.94018  -45.80410    34.7421    34.7393     3.4388     3.4313    27.6377    27.6362    6.90455    6.88549         23 0.0000e+00
     130290   5428.715    207.000     3.4440   3.193693     3.4280   3.191797      56.23     0.0173     2.9874     2.6270  33.282051  3.4786325   48.94018  -45.80410    34.7420    34.7363     3.4305     3.4145    27.6385    27.6355    6.90750    6.88854         25 0.0000e+00
     130313   5429.680    206.000     3.4246   3.191685     3.4075   3.189604      33.79     0.0207     2.9903     2.6283  33.282051  3.4772174   48.94018  -45.80409    34.7391    34.7323     3.4111     3.3941    27.6381    27.6342    6.91277    6.90003         21 0.0000e+00
     130332   5430.465    205.000     3.3933   3.188348     3.3820   3.186866      94.59     0.0212     2.9913     2.6296  33.282051  3.4687886   48.94018  -45.80408    34.7329    34.7271     3.3799     3.3686    27.6361    27.6326    6.91312    6.91389         17 0.0000e+00
     130348   5431.132    204.000     3.3711   3.185877     3.3646   3.185039      98.68     0.0192     2.9931     2.6310  33.282051  3.4708385   48.94018  -45.80408    34.7273    34.7241     3.3579     3.3514    27.6338    27.6319    6.91699    6.92077         15 0.0000e+00
     130363   5431.760    203.000     3.3630   3.184894     3.3587   3.184384      98.63     0.0182     2.9933     2.6320  33.282051  3.4668472   48.94019  -45.80408    34.7247    34.7231     3.3498     3.3455    27.6325    27.6316    6.91417    6.92143         15 0.0000e+00
     130379   5432.412    202.000     3.3590   3.184430     3.3559   3.184060      58.29     0.0216     2.9944     2.6328  33.282051  3.4591579   48.94020  -45.80408    34.7239    34.7227     3.3459     3.3428    27.6322    27.6316    6.91546    6.92396         17 0.0000e+00
     130398   5433.209    201.000     3.3565   3.184129     3.3544   3.183843      65.41     0.0220     2.9946     2.6340  33.282051  3.4590964   48.94018  -45.80410    34.7235    34.7223     3.3434     3.3413    27.6322    27.6314    6.91651    6.92522         23 0.0000e+00
     130431   5434.573    200.000     3.3562   3.184050     3.3566   3.184032      93.27     0.0199     2.9962     2.6354  33.282051  3.4258785   48.94018  -45.80410    34.7233    34.7227     3.3433     3.3437    27.6320    27.6315    6.92464    6.92740         43 0.0000e+00
     130471   5436.261    199.000     3.3574   3.184134     3.3593   3.184279      46.05     0.0246     2.9989     2.6373  33.271042  3.4055035   48.94020  -45.80410    34.7236    34.7234     3.3445     3.3464    27.6321    27.6318    6.92602    6.92668         33 0.0000e+00
     130499   5437.397    198.000     3.3610   3.184474     3.3622   3.184472      58.74     0.0212     2.9991     2.6372  33.267395  3.4000750   48.94020  -45.80410    34.7244    34.7232     3.3482     3.3493    27.6324    27.6313    6.91838    6.91300         24 0.0000e+00
     130524   5438.462    197.000     3.3631   3.184530     3.3662   3.184739      80.26     0.0211     2.9992     2.6363  33.241039  3.3978713   48.94020  -45.80410    34.7234    34.7227     3.3503     3.3534    27.6314    27.6305    6.91337    6.90785         29 0.0000e+00
     130557   5439.837    196.000     3.3699   3.185014     3.3763   3.185657      93.35     0.0181     2.9987     2.6359  33.236301  3.3993683   48.94019  -45.80410    34.7226    34.7235     3.3572     3.3636    27.6301    27.6302    6.90465    6.91109         34 0.0000e+00
     130586   5441.027    195.000     3.3812   3.185873     3.3915   3.186970      37.57     0.0175     2.9978     2.6357  33.234699  3.4019227   48.94020  -45.80410    34.7214    34.7237     3.3685     3.3788    27.6281    27.6289    6.90180    6.90423         22 0.0000e+00
     130604   5441.799    194.000     3.3931   3.187028     3.3970   3.187400      99.18     0.0214     2.9979     2.6354  33.231167  3.4056954   48.94020  -45.80410    34.7232    34.7235     3.3805     3.3844    27.6283    27.6282    6.90170    6.91190         17 0.0000e+00
     130619   5442.430    193.000     3.3980   3.187434     3.3991   3.187528      54.68     0.0241     2.9974     2.6368  33.225601  3.4088230   48.94020  -45.80410    34.7234    34.7234     3.3854     3.3866    27.6280    27.6279    6.90256    6.92110         14 0.0000e+00
     130633   5443.009    192.000     3.4008   3.187668     3.4017   3.187758      37.30     0.0198     2.9982     2.6375  33.226559  3.4068108   48.94020  -45.80410    34.7238    34.7238     3.3883     3.3908    27.6281    27.6279    6.90732    6.91634         14 0.0000e+00
     130647   5443.598    191.000     3.4030   3.187834     3.4052   3.188030      97.93     0.0180     2.9984     2.6376  33.227615  3.4074578   48.94020  -45.80410    34.7240    34.7240     3.3905     3.3928    27.6280    27.6278    6.90296    6.90796         14 0.0000e+00
     130663   5444.242    190.000     3.4047   3.187970     3.4063   3.188073      98.63     0.0187     2.9982     2.6377  33.223495  3.4090858   48.94020  -45.80410    34.7243    34.7239     3.3924     3.3939    27.6281    27.6276    6.89681    6.89708         17 0.0000e+00
     130682   5445.043    189.000     3.4060   3.188033     3.4078   3.188147      87.02     0.0196     2.9982     2.6364  33.223442  3.4093926   48.94020  -45.80410    34.7243    34.7237     3.3937     3.3955    27.6279    27.6273    6.89742    6.88817         23 0.0000e+00
     130713   5446.348    188.000     3.4068   3.188061     3.4095   3.188234      69.68     0.0177     2.9982     2.6361  33.221748  3.4097605   48.94020  -45.80412    34.7244    34.7236     3.3945     3.3972    27.6279    27.6270    6.89137    6.89983         41 0.0000e+00
     130754   5448.048    187.000     3.4052   3.187860     3.4030   3.187622      99.95     0.0227     2.9972     2.6364  33.215420  3.4102774   48.94021  -45.80412    34.7242    34.7237     3.3930     3.3908    27.6279    27.6277    6.88992    6.89615         34 0.0000e+00
     130782   5449.205    186.000     3.4089   3.188130     3.4089   3.188108      98.63     0.0203     2.9970     2.6363  33.208691  3.4102564   48.94022  -45.80410    34.7240    34.7237     3.3968     3.3968    27.6274    27.6272    6.88820    6.90003         24 0.0000e+00
     130804   5450.134    185.000     3.4148   3.188580     3.4153   3.188601      81.84     0.0181     2.9966     2.6368  33.190380  3.4102564   48.94022  -45.80410    34.7237    34.7234     3.4027     3.4032    27.6266    27.6263    6.88726    6.90237         22 0.0000e+00
