data/CTD/2014/CNV/u017a059.cnv
* Sea-Bird SBE 9 Data File:
* FileName = C:\CTD_ACQUISITION\2014017HUD\ctddata\017A059.hdr
* Software Version Seasave V 7.22.2
* Temperature SN = 5081
* Conductivity SN = 3561
* Number of Bytes Per Scan = 37
* Number of Voltage Words = 4
* Number of Scans Averaged by the Deck Unit = 1
* NMEA Latitude = 43 27.28 N
* NMEA Longitude = 059 59.20 W
* NMEA UTC (Time) = Jul 13 2014 21:54:45
* NMEA baud rate = 9600
** Ship: Hudson
** Cruise: HUD2014017
** Chief_Scientist: Blair Greenan
** Organization: BIO
** Area_of_Operation: Sackville Spur
** Station: 059
** Sounding:  1260
** Event_Comments: LC3, 0
** Microcat calibration cast.
# nquan = 25
# nvalues = 252                         
# units = specified
# name 0 = scan: Scan Count
# name 1 = timeS: Time, Elapsed [seconds]
# name 2 = prDM: Pressure, Digiquartz [db]
# name 3 = t068C: Temperature [ITS-68, deg C]
# name 4 = c0S/m: Conductivity [S/m]
# name 5 = t168C: Temperature, 2 [ITS-68, deg C]
# name 6 = c1S/m: Conductivity, 2 [S/m]
# name 7 = altM: Altimeter [m]
# name 8 = flC: Fluorescence, Chelsea Aqua 3 Chl Con [ug/l]
# name 9 = sbeox0V: Oxygen raw, SBE 43 [V]
# name 10 = sbeox1V: Oxygen raw, SBE 43, 2 [V]
# name 11 = upoly0: Upoly 0, Optode 4330F - O2 D-Phase
# name 12 = upoly1: Upoly 1, Optode 4330F - O2 Temp
# name 13 = latitude: Latitude [deg]
# name 14 = longitude: Longitude [deg]
# name 15 = sal00: Salinity, Practical [PSU]
# name 16 = sal11: Salinity, Practical, 2 [PSU]
# name 17 = potemp068C: Potential Temperature [ITS-68, deg C]
# name 18 = potemp168C: Potential Temperature, 2 [ITS-68, deg C]
# name 19 = sigma-é00: Density [sigma-theta, Kg/m^3]
# name 20 = sigma-é11: Density, 2 [sigma-theta, Kg/m^3]
# name 21 = sbeox0ML/L: Oxygen, SBE 43 [ml/l], WS = 2
# name 22 = sbeox1ML/L: Oxygen, SBE 43, 2 [ml/l], WS = 2
# name 23 = nbin: number of scans per bin
# name 24 = flag: flag
# span 0 =      25668,     131744       
# span 1 =   1069.440,   5489.286       
# span 2 =      1.000,    252.000       
# span 3 =     3.8422,    14.7297       
# span 4 =   3.042750,   3.992986       
# span 5 =     3.8259,    14.9429       
# span 6 =   3.040381,   3.994122       
# span 7 =      56.26,     100.24       
# span 8 =     0.0123,     0.3055       
# span 9 =     1.9265,     3.5410       
# span 10 =     1.6593,     3.1126      
# span 11 =  28.900909,  39.492538      
# span 12 =  4.1890125,  13.355922      
# span 13 =   43.45634,   43.46898      
# span 14 =  -59.99502,  -59.98901      
# span 15 =    31.7144,    35.3439      
# span 16 =    31.7088,    35.3454      
# span 17 =     3.8383,    14.7296      
# span 18 =     3.8220,    14.9427      
# span 19 =    23.4985,    27.1263      
# span 20 =    23.4490,    27.1254      
# span 21 =    3.36590,    8.19973      
# span 22 =    3.14739,    8.24334      
# span 23 =         16,         97      
# span 24 = 0.0000e+00, 0.0000e+00      
# interval = decibars: 1                
# start_time = Jul 13 2014 21:54:45 [NMEA time, header]
# bad_flag = -9.990e-29
*END*
[from data line 232]
     131294   5470.529     20.000    12.5655   3.751222    12.7094   3.759861      98.63     0.1057     3.4790     3.0417  29.517607  9.9422102   43.46890  -59.99502    32.0908    32.0492    12.5614    12.7068    24.2254    24.1653    6.66869    6.53958         24 0.0000e+00
     131322   5471.716     19.000    12.7205   3.761163    12.8344   3.769069      98.63     0.1044     3.4768     3.0365  29.502518  10.245856   43.46891  -59.99502    32.0525    32.0307    12.7180    12.8319    24.1657    24.1268    6.62923    6.49545         34 0.0000e+00
     131358   5473.214     18.000    12.7739   3.764601    12.6368   3.754473      98.63     0.1050     3.4727     3.0297  29.372566  10.675600   43.46892  -59.99502    32.0399    32.0605    12.7718    12.6345    24.1456    24.1879    6.61613    6.49929         32 0.0000e+00
     131383   5474.270     17.000    12.9607   3.775116    13.0247   3.781642      98.63     0.0987     3.4728     3.0344  29.358231  10.745884   43.46892  -59.99502    31.9818    31.9893    12.9585    13.0225    24.0644    24.0577    6.62620    6.51562         20 0.0000e+00
     131402   5475.025     16.000    13.2151   3.791819    13.3280   3.800903      98.63     0.0974     3.4788     3.0388  29.249224  11.414583   43.46892  -59.99502    31.9250    31.9153    13.2129    13.3258    23.9706    23.9408    6.61917    6.48632         17 0.0000e+00
     131418   5475.717     15.000    13.4079   3.804775    13.4869   3.810991      98.63     0.0991     3.4832     3.0411  29.252747  11.390693   43.46892  -59.99502    31.8850    31.8769    13.4059    13.4849    23.9015    23.8796    6.59710    6.46175         17 0.0000e+00
     131436   5476.437     14.000    13.4953   3.811071    13.5836   3.817402      98.63     0.0957     3.4860     3.0435  29.235659  11.477517   43.46892  -59.99502    31.8710    31.8563    13.4934    13.5817    23.8733    23.8442    6.58193    6.45292         18 0.0000e+00
     131457   5477.317     13.000    13.6000   3.818076    13.6304   3.820498      98.63     0.0988     3.4877     3.0447  29.204674  11.665456   43.46892  -59.99502    31.8506    31.8465    13.5982    13.6286    23.8366    23.8273    6.56309    6.41451         25 0.0000e+00
     131487   5478.592     12.000    13.6029   3.818246    13.6004   3.817623      98.63     0.0985     3.4864     3.0383  29.175940  11.917995   43.46893  -59.99502    31.8488    31.8451    13.6012    13.5987    23.8346    23.8322    6.53965    6.40239         35 0.0000e+00
     131519   5479.911     11.000    13.5440   3.812985    13.5476   3.813474      98.63     0.0946     3.4834     3.0412  29.148897  12.168925   43.46894  -59.99502    31.8494    31.8510    13.5425    13.5461    23.8468    23.8473    6.55269    6.43335         27 0.0000e+00
     131542   5480.860     10.000    13.6121   3.816409    13.6698   3.822886      98.63     0.0926     3.4839     3.0411  29.063221  12.326498   43.46894  -59.99502    31.8249    31.8370    13.6107    13.6684    23.8142    23.8119    6.55418    6.41790         20 0.0000e+00
     131561   5481.663      9.000    13.7762   3.829143    13.8673   3.838167      98.63     0.0916     3.4863     3.0425  29.049236  12.357589   43.46894  -59.99502    31.8069    31.8148    13.7750    13.8661    23.7672    23.7548    6.54221    6.41074         19 0.0000e+00
     131580   5482.451      8.000    13.9165   3.840137    14.1065   3.856150      98.63     0.0927     3.4877     3.0458  29.059097  12.426032   43.46894  -59.99502    31.7927    31.7830    13.9154    14.1054    23.7277    23.6814    6.52413    6.40388         19 0.0000e+00
     131600   5483.306      7.000    14.0474   3.852122    14.3132   3.873038      98.63     0.0938     3.4892     3.0480  29.074804  12.552143   43.46894  -59.99502    31.7952    31.7679    14.0464    14.3123    23.7029    23.6271    6.50317    6.35667         22 0.0000e+00
     131625   5484.345      6.000    14.2127   3.864128    14.4207   3.881469      98.63     0.0944     3.4853     3.0390  29.049423  12.669265   43.46896  -59.99502    31.7694    31.7570    14.2119    14.4199    23.6490    23.5963    6.44105    6.30275         28 0.0000e+00
     131653   5485.496      5.000    14.3065   3.871000    14.4411   3.883509      98.63     0.0899     3.4751     3.0346  28.996675  12.938089   43.46896  -59.99502    31.7556    31.7593    14.3058    14.4404    23.6189    23.5938    6.38807    6.24488         26 0.0000e+00
     131677   5486.497      4.000    14.4633   3.881759    14.6205   3.896939      98.63     0.0932     3.4601     3.0106  28.963785  13.042959   43.46896  -59.99502    31.7291    31.7349    14.4628    14.6200    23.5659    23.5374    6.27251    6.00159         22 0.0000e+00
     131698   5487.385      3.000    14.4862   3.884938    14.6815   3.901745      98.63     0.0946     3.4305     2.9495  28.918009  13.209506   43.46896  -59.99502    31.7361    31.7291    14.4858    14.6811    23.5664    23.5201    6.07717    5.65719         21 0.0000e+00
     131720   5488.303      2.000    14.6180   3.895538    14.7970   3.910979      98.63     0.0890     3.3596     2.8532  28.913136  13.237239   43.46896  -59.99502    31.7251    31.7188    14.6177    14.7967    23.5303    23.4877    5.68150    5.36587         23 0.0000e+00
     131744   5489.286      1.000    14.7297   3.904380    14.9429   3.922978      98.63     0.0863     3.2349     2.7674  28.900909  13.355922   43.46898  -59.99502    31.7144    31.7088    14.7296    14.9427    23.4985    23.4490    5.28356    5.24158         24 0.0000e+00
