data/CTD/2014/CNV/u017a040.cnv
* Sea-Bird SBE 9 Data File:
* FileName = C:\CTD_ACQUISITION\2014017HUD\ctddata\017A040.hdr
* Software Version Seasave V 7.22.2
* Temperature SN = 5081
* Conductivity SN = 3561
* Number of Bytes Per Scan = 37
* Number of Voltage Words = 4
* Number of Scans Averaged by the Deck Unit = 1
* NMEA Latitude = 48 09.86 N
* NMEA Longitude = 046 24.35 W
* NMEA UTC (Time) = Jul 10 2014 03:17:53
* NMEA baud rate = 9600
** Ship: Hudson
** Cruise: HUD2014017
** Chief_Scientist: Blair Greenan
** Organization: BIO
** Area_of_Operation: Sackville Spur
** Station: 040
** Sounding:  1106
** Event_Comments: SS_14, 403229
# nquan = 25
# nvalues = 1131                        
# units = specified
# name 0 = scan: Scan Count
# name 1 = timeS: Time, Elapsed [seconds]
# name 2 = prDM: Pressure, Digiquartz [db]
# name 3 = t068C: Temperature [ITS-68, deg C]
# name 4 = c0S/m: Conductivity [S/m]
# name 5 = t168C: Temperature, 2 [ITS-68, deg C]
# name 6 = c1S/m: Conductivity, 2 [S/m]
# name 7 = altM: Altimeter [m]
# name 8 = flC: Fluorescence, Chelsea Aqua 3 Chl Con [ug/l]
# name 9 = sbeox0V: Oxygen raw, SBE 43 [V]
# name 10 = sbeox1V: Oxygen raw, SBE 43, 2 [V]
# name 11 = upoly0: Upoly 0, Optode 4330F - O2 D-Phase
# name 12 = upoly1: Upoly 1, Optode 4330F - O2 Temp
# name 13 = latitude: Latitude [deg]
# name 14 = longitude: Longitude [deg]
# name 15 = sal00: Salinity, Practical [PSU]
# name 16 = sal11: Salinity, Practical, 2 [PSU]
# name 17 = potemp068C: Potential Temperature [ITS-68, deg C]
# name 18 = potemp168C: Potential Temperature, 2 [ITS-68, deg C]
# name 19 = sigma-é00: Density [sigma-theta, Kg/m^3]
# name 20 = sigma-é11: Density, 2 [sigma-theta, Kg/m^3]
# name 21 = sbeox0ML/L: Oxygen, SBE 43 [ml/l], WS = 2
# name 22 = sbeox1ML/L: Oxygen, SBE 43, 2 [ml/l], WS = 2
# name 23 = nbin: number of scans per bin
# name 24 = flag: flag
# span 0 =      32941,      63625       
# span 1 =   1372.498,   2651.021       
# span 2 =      1.000,   1131.000       
# span 3 =    -1.1420,     7.4959       
# span 4 =   2.676256,   3.364744       
# span 5 =    -1.1446,     7.4978       
# span 6 =   2.675710,   3.364944       
# span 7 =       3.52,     101.46       
# span 8 =     0.0088,     0.0867       
# span 9 =     2.5321,     3.6108       
# span 10 =     2.2358,     3.1837      
# span 11 =  30.517439,  34.628815      
# span 12 = -0.9660915,  7.4897909      
# span 13 =   48.16276,   48.16322      
# span 14 =  -46.40526,  -46.40498      
# span 15 =    32.6984,    34.9074      
# span 16 =    32.7278,    34.9071      
# span 17 =    -1.1430,     7.4958      
# span 18 =    -1.1455,     7.4977      
# span 19 =    25.5624,    27.7549      
# span 20 =    25.5625,    27.7547      
# span 21 =    6.28287,   10.12476      
# span 22 =    6.26160,   10.25922      
# span 23 =         13,         65      
# span 24 = 0.0000e+00, 0.0000e+00      
# interval = decibars: 1                
# start_time = Jul 10 2014 03:17:53 [NMEA time, header]
# bad_flag = -9.990e-29
*END*
[from data line 232]
      39702   1654.226    899.000     3.7581   3.264489     3.7568   3.264311      39.01     0.0162     2.6502     2.3341  34.142857  3.7672784   48.16312  -46.40500    34.8867    34.8860     3.6919     3.6906    27.7279    27.7274    6.45410    6.42984         20 0.0000e+00
      39725   1655.148    898.000     3.7568   3.264302     3.7560   3.264169      86.40     0.0142     2.6516     2.3351  34.140129  3.7673728   48.16312  -46.40500    34.8864    34.8857     3.6907     3.6899    27.7277    27.7273    6.45503    6.43333         25 0.0000e+00
      39756   1656.461    897.000     3.7566   3.264229     3.7560   3.264102      95.59     0.0161     2.6522     2.3363  34.127094  3.7661266   48.16312  -46.40500    34.8862    34.8855     3.6906     3.6899    27.7276    27.7271    6.45403    6.42820         37 0.0000e+00
      39788   1657.785    896.000     3.7568   3.264189     3.7560   3.264057      58.93     0.0237     2.6527     2.3357  34.119328  3.7651179   48.16312  -46.40500    34.8861    34.8854     3.6909     3.6900    27.7275    27.7270    6.45740    6.41359         24 0.0000e+00
      39809   1658.654    895.000     3.7560   3.264026     3.7556   3.263958      98.99     0.0202     2.6542     2.3356  34.120892  3.7618744   48.16311  -46.40500    34.8855    34.8851     3.6901     3.6897    27.7271    27.7268    6.46181    6.42742         20 0.0000e+00
      39827   1659.428    894.000     3.7555   3.263894     3.7550   3.263828      98.63     0.0201     2.6542     2.3365  34.120476  3.7619047   48.16310  -46.40500    34.8850    34.8848     3.6897     3.6892    27.7267    27.7266    6.45233    6.42967         18 0.0000e+00
      39847   1660.235    893.000     3.7562   3.263922     3.7571   3.263976      60.54     0.0211     2.6546     2.3366  34.114536  3.7619047   48.16310  -46.40500    34.8851    34.8848     3.6905     3.6914    27.7268    27.7264    6.45540    6.42691         21 0.0000e+00
      39870   1661.205    892.000     3.7570   3.263939     3.7579   3.263993      50.01     0.0192     2.6552     2.3374  34.112202  3.7619047   48.16310  -46.40500    34.8851    34.8847     3.6913     3.6923    27.7266    27.7262    6.46008    6.43473         26 0.0000e+00
      39896   1662.291    891.000     3.7577   3.263961     3.7594   3.264128      74.46     0.0194     2.6558     2.3384  34.120144  3.7619047   48.16310  -46.40500    34.8850    34.8852     3.6921     3.6938    27.7265    27.7264    6.46002    6.43662         25 0.0000e+00
      39920   1663.272    890.000     3.7613   3.264263     3.7640   3.264534      58.25     0.0184     2.6563     2.3391  34.121212  3.7619047   48.16310  -46.40500    34.8853    34.8857     3.6958     3.6984    27.7263    27.7264    6.45309    6.43457         22 0.0000e+00
      39941   1664.184    889.000     3.7655   3.264647     3.7663   3.264716      85.46     0.0156     2.6562     2.3396  34.114578  3.7663274   48.16310  -46.40500    34.8859    34.8859     3.7001     3.7009    27.7264    27.7263    6.45694    6.43344         22 0.0000e+00
      39965   1665.174    888.000     3.7665   3.264701     3.7664   3.264648      90.77     0.0142     2.6570     2.3400  34.108284  3.7678950   48.16310  -46.40500    34.8860    34.8856     3.7011     3.7010    27.7264    27.7260    6.45447    6.43301         26 0.0000e+00
      39992   1666.272    887.000     3.7666   3.264660     3.7662   3.264573      59.12     0.0143     2.6573     2.3404  34.102562  3.7709236   48.16310  -46.40500    34.8859    34.8854     3.7013     3.7009    27.7263    27.7259    6.45645    6.42878         26 0.0000e+00
      40017   1667.342    886.000     3.7667   3.264591     3.7662   3.264519      97.41     0.0198     2.6576     2.3403  34.102566  3.7716787   48.16310  -46.40500    34.8856    34.8852     3.7014     3.7010    27.7260    27.7258    6.45428    6.42933         25 0.0000e+00
      40040   1668.289    885.000     3.7668   3.264556     3.7667   3.264513      98.63     0.0211     2.6578     2.3407  34.104652  3.7716727   48.16310  -46.40500    34.8855    34.8852     3.7017     3.7040    27.7259    27.7257    6.45154    6.43136         21 0.0000e+00
      40061   1669.181    884.000     3.7673   3.264549     3.7670   3.264502      63.58     0.0137     2.6578     2.3406  34.103905  3.7716727   48.16310  -46.40500    34.8855    34.8852     3.7022     3.7019    27.7258    27.7257    6.46028    6.42494         22 0.0000e+00
      40084   1670.142    883.000     3.7677   3.264548     3.7676   3.264504      86.01     0.0150     2.6587     2.3407  34.107170  3.7716727   48.16310  -46.40500    34.8855    34.8851     3.7027     3.7026    27.7258    27.7255    6.45329    6.42548         25 0.0000e+00
      40110   1671.210    882.000     3.7684   3.264569     3.7688   3.264587      98.65     0.0203     2.6583     2.3409  34.108429  3.7716727   48.16310  -46.40498    34.8856    34.8853     3.7034     3.7039    27.7258    27.7256    6.45533    6.43134         25 0.0000e+00
      40135   1672.238    881.000     3.7694   3.264607     3.7708   3.264729      60.12     0.0210     2.6596     2.3414  34.104362  3.7716727   48.16310  -46.40500    34.8855    34.8854     3.7045     3.7059    27.7256    27.7254    6.46331    6.43024         24 0.0000e+00
      40157   1673.182    880.000     3.7714   3.264772     3.7718   3.264778      90.58     0.0169     2.6598     2.3416  34.102577  3.7716727   48.16308  -46.40500    34.8859    34.8855     3.7066     3.7070    27.7257    27.7254    6.45902    6.42923         22 0.0000e+00
      40180   1674.126    879.000     3.7723   3.264813     3.7722   3.264774      98.65     0.0203     2.6607     2.3418  34.104481  3.7733743   48.16308  -46.40500    34.8859    34.8856     3.7075     3.7075    27.7257    27.7254    6.46045    6.43006         23 0.0000e+00
      40203   1675.101    878.000     3.7725   3.264786     3.7723   3.264724      69.43     0.0171     2.6606     2.3425  34.105125  3.7742364   48.16308  -46.40500    34.8859    34.8854     3.7079     3.7076    27.7256    27.7252    6.45830    6.43457         23 0.0000e+00
      40226   1676.042    877.000     3.7724   3.264724     3.7720   3.264645      79.39     0.0195     2.6617     2.3428  34.103840  3.7776196   48.16308  -46.40500    34.8857    34.8852     3.7079     3.7075    27.7255    27.7251    6.45809    6.42833         23 0.0000e+00
      40248   1676.978    876.000     3.7722   3.264652     3.7717   3.264563      98.19     0.0176     2.6610     2.3428  34.102596  3.7809370   48.16308  -46.40498    34.8856    34.8851     3.7078     3.7072    27.7254    27.7250    6.45076    6.42730         23 0.0000e+00
      40273   1678.000    875.000     3.7720   3.264581     3.7717   3.264513      73.51     0.0199     2.6614     2.3430  34.102013  3.7814322   48.16309  -46.40498    34.8855    34.8851     3.7076     3.7073    27.7253    27.7250    6.46035    6.43190         26 0.0000e+00
      40300   1679.118    874.000     3.7722   3.264541     3.7720   3.264493      81.49     0.0188     2.6625     2.3437  34.101433  3.7814407   48.16308  -46.40499    34.8854    34.8850     3.7078     3.7077    27.7252    27.7249    6.46469    6.43410         26 0.0000e+00
      40324   1680.108    873.000     3.7732   3.264578     3.7731   3.264551      31.49     0.0155     2.6626     2.3438  34.095444  3.7814407   48.16308  -46.40500    34.8853    34.8850     3.7089     3.7088    27.7250    27.7248    6.46228    6.42943         21 0.0000e+00
      40343   1680.932    872.000     3.7758   3.264781     3.7763   3.264806      70.96     0.0173     2.6640     2.3442  34.088562  3.7814407   48.16308  -46.40500    34.8854    34.8852     3.7117     3.7121    27.7248    27.7246    6.46463    6.43112         19 0.0000e+00
      40362   1681.699    871.000     3.7791   3.265025     3.7796   3.265065      53.49     0.0171     2.6635     2.3443  34.089447  3.7814407   48.16308  -46.40500    34.8854    34.8853     3.7150     3.7154    27.7244    27.7244    6.45469    6.43024         19 0.0000e+00
      40382   1682.551    870.000     3.7802   3.265104     3.7810   3.265139      95.71     0.0192     2.6639     2.3448  34.087971  3.7814407   48.16308  -46.40500    34.8856    34.8853     3.7162     3.7169    27.7245    27.7242    6.46253    6.43523         23 0.0000e+00
      40420   1684.112    869.000     3.7793   3.264982     3.7811   3.265095      68.98     0.0167     2.6645     2.3453  34.088799  3.7814407   48.16308  -46.40500    34.8857    34.8852     3.7153     3.7171    27.7247    27.7241    6.45837    6.42842         50 0.0000e+00
      40456   1685.620    868.000     3.7801   3.264987     3.7818   3.265113      99.37     0.0162     2.6651     2.3451  34.087891  3.7814407   48.16308  -46.40500    34.8854    34.8851     3.7162     3.7179    27.7243    27.7239    6.46537    6.42760         21 0.0000e+00
      40474   1686.362    867.000     3.7824   3.265146     3.7822   3.265113      98.63     0.0146     2.6653     2.3453  34.087914  3.7814407   48.16308  -46.40500    34.8855    34.8852     3.7185     3.7183    27.7242    27.7240    6.46033    6.42826         16 0.0000e+00
      40489   1687.002    866.000     3.7827   3.265142     3.7821   3.265056      80.44     0.0146     2.6655     2.3455  34.087914  3.7814407   48.16308  -46.40500    34.8855    34.8852     3.7190     3.7183    27.7242    27.7240    6.46044    6.42651         15 0.0000e+00
      40504   1687.607    865.000     3.7828   3.265099     3.7822   3.265014      35.30     0.0182     2.6663     2.3453  34.087914  3.7814407   48.16308  -46.40500    34.8855    34.8851     3.7191     3.7185    27.7241    27.7239    6.46743    6.42544         14 0.0000e+00
      40519   1688.239    864.000     3.7826   3.265036     3.7820   3.264947      97.74     0.0216     2.6665     2.3456  34.075203  3.7814407   48.16308  -46.40500    34.8854    34.8850     3.7190     3.7184    27.7241    27.7238    6.46164    6.43127         17 0.0000e+00
      40538   1689.061    863.000     3.7824   3.264982     3.7818   3.264889      98.65     0.0201     2.6662     2.3462  34.069042  3.7814407   48.16308  -46.40500    34.8855    34.8850     3.7189     3.7183    27.7242    27.7239    6.45795    6.43087         25 0.0000e+00
      40595   1691.405    862.000     3.7821   3.264910     3.7817   3.264831      62.37     0.0157     2.6673     2.3462  34.061871  3.7814407   48.16308  -46.40500    34.8855    34.8850     3.7187     3.7183    27.7242    27.7238    6.45834    6.42439         59 0.0000e+00
      40626   1692.696    861.000     3.7821   3.264858     3.7815   3.264769      99.54     0.0129     2.6666     2.3466  34.061829  3.7814407   48.16308  -46.40500    34.8853    34.8850     3.7188     3.7181    27.7241    27.7238    6.45298    6.43432         18 0.0000e+00
      40642   1693.356    860.000     3.7820   3.264800     3.7814   3.264708      98.63     0.0129     2.6667     2.3472  34.053455  3.7814407   48.16308  -46.40500    34.8853    34.8849     3.7188     3.7181    27.7240    27.7237    6.45460    6.44059         15 0.0000e+00
      40656   1693.953    859.000     3.7818   3.264707     3.7810   3.264608      98.64     0.0149     2.6671     2.3480  34.063023  3.7814407   48.16308  -46.40500    34.8850    34.8846     3.7186     3.7179    27.7238    27.7235    6.45553    6.44413         14 0.0000e+00
      40670   1694.529    858.000     3.7815   3.264644     3.7810   3.264558      98.63     0.0160     2.6665     2.3486  34.060673  3.7814407   48.16308  -46.40500    34.8850    34.8846     3.7184     3.7179    27.7238    27.7235    6.45291    6.44266         14 0.0000e+00
      40684   1695.145    857.000     3.7814   3.264600     3.7812   3.264537      63.37     0.0146     2.6665     2.3492  34.062271  3.7814407   48.16308  -46.40500    34.8851    34.8846     3.7184     3.7213    27.7239    27.7235    6.45836    6.43699         16 0.0000e+00
      40704   1695.951    856.000     3.7815   3.264560     3.7812   3.264499      73.17     0.0158     2.6678     2.3491  34.061028  3.7814407   48.16308  -46.40500    34.8850    34.8847     3.7186     3.7184    27.7238    27.7236    6.46233    6.42622         25 0.0000e+00
      40746   1697.727    855.000     3.7813   3.264502     3.7809   3.264428      59.97     0.0192     2.6683     2.3485  34.056610  3.7814407   48.16308  -46.40500    34.8851    34.8846     3.7184     3.7181    27.7239    27.7236    6.46024    6.42785         52 0.0000e+00
      40780   1699.142    854.000     3.7813   3.264444     3.7808   3.264372      69.43     0.0197     2.6690     2.3491  34.062157  3.7814407   48.16308  -46.40500    34.8850    34.8846     3.7185     3.7181    27.7238    27.7235    6.46673    6.43919         21 0.0000e+00
      40800   1699.943    853.000     3.7817   3.264426     3.7813   3.264363      82.88     0.0177     2.6699     2.3500  34.060223  3.7814407   48.16308  -46.40500    34.8848    34.8845     3.7190     3.7186    27.7236    27.7234    6.46797    6.43941         18 0.0000e+00
      40817   1700.680    852.000     3.7825   3.264450     3.7822   3.264405      47.73     0.0160     2.6704     2.3502  34.057014  3.7814407   48.16308  -46.40500    34.8848    34.8846     3.7199     3.7196    27.7235    27.7234    6.46639    6.43359         18 0.0000e+00
      40835   1701.428    851.000     3.7830   3.264460     3.7829   3.264422      96.64     0.0145     2.6708     2.3503  34.059288  3.7814407   48.16308  -46.40500    34.8849    34.8845     3.7204     3.7203    27.7235    27.7233    6.46677    6.43076         19 0.0000e+00
      40858   1702.365    850.000     3.7834   3.264461     3.7838   3.264462      98.64     0.0149     2.6715     2.3503  34.054031  3.7821250   48.16308  -46.40500    34.8849    34.8845     3.7210     3.7214    27.7235    27.7231    6.47022    6.42840         27 0.0000e+00
      40890   1703.695    849.000     3.7840   3.264449     3.7844   3.264465      58.95     0.0159     2.6721     2.3501  34.051662  3.7833166   48.16308  -46.40500    34.8848    34.8845     3.7216     3.7220    27.7233    27.7230    6.46372    6.42791         32 0.0000e+00
      40917   1704.835    848.000     3.7846   3.264452     3.7857   3.264539      90.31     0.0155     2.6726     2.3504  34.053581  3.7910674   48.16308  -46.40500    34.8847    34.8845     3.7222     3.7233    27.7232    27.7230    6.46592    6.43488         23 0.0000e+00
      40937   1705.674    847.000     3.7867   3.264621     3.7871   3.264628      44.96     0.0165     2.6726     2.3512  34.054764  3.7906940   48.16307  -46.40500    34.8849    34.8846     3.7245     3.7248    27.7231    27.7228    6.46268    6.44003         19 0.0000e+00
      40955   1706.419    846.000     3.7879   3.264691     3.7878   3.264652      98.81     0.0159     2.6728     2.3518  34.051704  3.7912104   48.16306  -46.40500    34.8850    34.8846     3.7258     3.7257    27.7231    27.7228    6.46251    6.44152         17 0.0000e+00
      40972   1707.144    845.000     3.7884   3.264685     3.7884   3.264667      98.63     0.0175     2.6729     2.3524  34.050472  3.7912087   48.16308  -46.40500    34.8850    34.8847     3.7263     3.7263    27.7230    27.7228    6.46242    6.44513         18 0.0000e+00
      40993   1708.009    844.000     3.7886   3.264673     3.7884   3.264614      70.20     0.0155     2.6733     2.3535  34.050972  3.7912087   48.16308  -46.40500    34.8851    34.8846     3.7266     3.7264    27.7230    27.7227    6.46843    6.44686         25 0.0000e+00
      41030   1709.544    843.000     3.7885   3.264615     3.7882   3.264547      65.03     0.0168     2.6745     2.3543  34.049347  3.7912087   48.16308  -46.40500    34.8850    34.8845     3.7266     3.7262    27.7230    27.7227    6.46833    6.43862         46 0.0000e+00
