data/CTD/2014/CNV/u017a039.cnv
* Sea-Bird SBE 9 Data File:
* FileName = C:\CTD_ACQUISITION\2014017HUD\ctddata\017A039.hdr
* Software Version Seasave V 7.22.2
* Temperature SN = 5081
* Conductivity SN = 3561
* Number of Bytes Per Scan = 37
* Number of Voltage Words = 4
* Number of Scans Averaged by the Deck Unit = 1
* NMEA Latitude = 48 13.75 N
* NMEA Longitude = 046 27.83 W
* NMEA UTC (Time) = Jul 10 2014 01:54:16
* NMEA baud rate = 9600
** Ship: Hudson
** Cruise: HUD2014017
** Chief_Scientist: Blair Greenan
** Organization: BIO
** Area_of_Operation: Sackville Spur
** Station: 039
** Sounding:  938
** Event_Comments: SS_13, 403226
# nquan = 25
# nvalues = 960                         
# units = specified
# name 0 = scan: Scan Count
# name 1 = timeS: Time, Elapsed [seconds]
# name 2 = prDM: Pressure, Digiquartz [db]
# name 3 = t068C: Temperature [ITS-68, deg C]
# name 4 = c0S/m: Conductivity [S/m]
# name 5 = t168C: Temperature, 2 [ITS-68, deg C]
# name 6 = c1S/m: Conductivity, 2 [S/m]
# name 7 = altM: Altimeter [m]
# name 8 = flC: Fluorescence, Chelsea Aqua 3 Chl Con [ug/l]
# name 9 = sbeox0V: Oxygen raw, SBE 43 [V]
# name 10 = sbeox1V: Oxygen raw, SBE 43, 2 [V]
# name 11 = upoly0: Upoly 0, Optode 4330F - O2 D-Phase
# name 12 = upoly1: Upoly 1, Optode 4330F - O2 Temp
# name 13 = latitude: Latitude [deg]
# name 14 = longitude: Longitude [deg]
# name 15 = sal00: Salinity, Practical [PSU]
# name 16 = sal11: Salinity, Practical, 2 [PSU]
# name 17 = potemp068C: Potential Temperature [ITS-68, deg C]
# name 18 = potemp168C: Potential Temperature, 2 [ITS-68, deg C]
# name 19 = sigma-é00: Density [sigma-theta, Kg/m^3]
# name 20 = sigma-é11: Density, 2 [sigma-theta, Kg/m^3]
# name 21 = sbeox0ML/L: Oxygen, SBE 43 [ml/l], WS = 2
# name 22 = sbeox1ML/L: Oxygen, SBE 43, 2 [ml/l], WS = 2
# name 23 = nbin: number of scans per bin
# name 24 = flag: flag
# span 0 =      33016,      58706       
# span 1 =   1375.619,   2446.057       
# span 2 =      1.000,    960.000       
# span 3 =    -1.1586,     7.8962       
# span 4 =   2.675352,   3.398297       
# span 5 =    -1.1648,     7.8998       
# span 6 =   2.675412,   3.398446       
# span 7 =       4.37,     100.60       
# span 8 =     0.0084,     0.0814       
# span 9 =     2.6107,     3.7337       
# span 10 =     2.3049,     3.2625      
# span 11 =  30.321404,  34.664959      
# span 12 = -1.0048785,  7.8166318      
# span 13 =   48.22806,   48.22868      
# span 14 =  -46.46281,  -46.46194      
# span 15 =    32.7128,    34.8938      
# span 16 =    32.7109,    34.8932      
# span 17 =    -1.1595,     7.8961      
# span 18 =    -1.1657,     7.8998      
# span 19 =    25.4932,    27.7377      
# span 20 =    25.4912,    27.7372      
# span 21 =    6.37806,   10.20220      
# span 22 =    6.35944,   10.16841      
# span 23 =         11,         72      
# span 24 = 0.0000e+00, 0.0000e+00      
# interval = decibars: 1                
# start_time = Jul 10 2014 01:54:16 [NMEA time, header]
# bad_flag = -9.990e-29
*END*
[from data line 696]
      49989   2082.832    264.000     3.3977   3.187627     3.3898   3.186744      80.08     0.0176     2.9086     2.5521  33.501781  3.4884160   48.22853  -46.46238    34.6872    34.6850     3.3804     3.3725    27.5996    27.5986    6.68885    6.67806         23 0.0000e+00
      50012   2083.807    263.000     3.3922   3.187050     3.3783   3.185417      46.03     0.0189     2.9063     2.5512  33.500011  3.4867814   48.22852  -46.46238    34.6866    34.6818     3.3750     3.3611    27.5997    27.5972    6.70056    6.68501         24 0.0000e+00
      50037   2084.814    262.000     3.3799   3.185561     3.3566   3.183071      97.64     0.0194     2.9065     2.5512  33.481670  3.4596190   48.22852  -46.46238    34.6823    34.6771     3.3628     3.3395    27.5974    27.5955    6.71517    6.70074         25 0.0000e+00
      50065   2086.005    261.000     3.3580   3.183331     3.3379   3.180958      58.39     0.0166     2.9073     2.5528  33.487553  3.4560840   48.22852  -46.46238    34.6791    34.6720     3.3409     3.3210    27.5970    27.5933    6.73644    6.71258         32 0.0000e+00
      50098   2087.370    260.000     3.3502   3.182401     3.3030   3.177283      86.39     0.0180     2.9101     2.5545  33.500290  3.4491384   48.22852  -46.46238    34.6770    34.6655     3.3332     3.2861    27.5960    27.5914    6.74659    6.72513         31 0.0000e+00
      50126   2088.528    259.000     3.3034   3.178185     3.2457   3.170896      63.68     0.0204     2.9120     2.5565  33.501877  3.4421268   48.22852  -46.46238    34.6765    34.6500     3.2867     3.2290    27.6001    27.5844    6.75565    6.73345         25 0.0000e+00
      50148   2089.467    258.000     3.2055   3.167006     3.1826   3.164117      98.94     0.0235     2.9134     2.5572  33.501831  3.4395363   48.22852  -46.46236    34.6464    34.6358     3.1890     3.1661    27.5853    27.5790    6.77254    6.75084         21 0.0000e+00
      50169   2090.331    257.000     3.1644   3.162581     3.1457   3.160095      98.63     0.0170     2.9140     2.5580  33.510880  3.4279621   48.22852  -46.46236    34.6372    34.6270     3.1480     3.1294    27.5819    27.5755    6.77817    6.76034         21 0.0000e+00
      50190   2091.219    256.000     3.1399   3.159753     3.1266   3.158099      98.63     0.0150     2.9146     2.5587  33.516415  3.4201190   48.22852  -46.46236    34.6296    34.6237     3.1237     3.1105    27.5781    27.5746    6.78134    6.76430         22 0.0000e+00
      50216   2092.279    255.000     3.1279   3.158316     3.1189   3.157262      47.45     0.0114     2.9148     2.5591  33.526371  3.3786843   48.22852  -46.46236    34.6256    34.6224     3.1118     3.1028    27.5759    27.5742    6.77841    6.76754         31 0.0000e+00
      50251   2093.769    254.000     3.1244   3.157907     3.1168   3.157030      99.36     0.0120     2.9153     2.5602  33.535603  3.3288574   48.22852  -46.46236    34.6249    34.6224     3.1083     3.1007    27.5757    27.5744    6.78053    6.77086         37 0.0000e+00
      50286   2095.207    253.000     3.1266   3.158087     3.1164   3.156951      93.40     0.0163     2.9147     2.5608  33.559212  3.2709241   48.22852  -46.46236    34.6251    34.6224     3.1107     3.1004    27.5757    27.5744    6.77320    6.76843         31 0.0000e+00
      50313   2096.326    252.000     3.1174   3.157094     3.1099   3.156157      24.32     0.0161     2.9154     2.5613  33.543533  3.2610698   48.22852  -46.46236    34.6236    34.6202     3.1015     3.0940    27.5753    27.5733    6.78221    6.77504         25 0.0000e+00
      50338   2097.360    251.000     3.1045   3.155626     3.0979   3.154794      97.58     0.0173     2.9151     2.5622  33.537086  3.2540669   48.22852  -46.46236    34.6201    34.6170     3.0887     3.0821    27.5737    27.5719    6.77443    6.77484         25 0.0000e+00
      50370   2098.697    250.000     3.0936   3.154396     3.0903   3.153964      91.32     0.0179     2.9144     2.5619  33.554272  3.2539682   48.22851  -46.46236    34.6174    34.6155     3.0778     3.0750    27.5726    27.5713    6.77622    6.77400         44 0.0000e+00
      50420   2100.779    249.000     3.0892   3.153918     3.0921   3.154163      77.12     0.0174     2.9152     2.5624  33.540421  3.2296851   48.22850  -46.46236    34.6168    34.6167     3.0735     3.0764    27.5725    27.5721    6.78488    6.77238         44 0.0000e+00
      50843   2118.426    248.000     3.0943   3.154360     3.1041   3.155483      98.75     0.0175     2.9131     2.5591  33.569000  3.1389453   48.22847  -46.46232    34.6172    34.6204     3.0787     3.0885    27.5724    27.5740    6.77226    6.76190         46 0.0000e+00
      51584   2149.276    247.000     3.0799   3.152771     3.0799   3.152749      98.59     0.0171     2.9095     2.5563  33.579514  3.0910056   48.22838  -46.46225    34.6139    34.6136     3.0644     3.0644    27.5711    27.5708    6.75460    6.75049         25 0.0000e+00
      51630   2151.215    246.000     3.0705   3.151731     3.0683   3.151355      98.63     0.0202     2.9082     2.5556  33.579147  3.0973597   48.22838  -46.46224    34.6117    34.6096     3.0551     3.0529    27.5701    27.5687    6.75454    6.74521         40 0.0000e+00
      51669   2152.813    245.000     3.0529   3.149904     3.0355   3.147621      98.63     0.0164     2.9076     2.5544  33.581097  3.0888956   48.22837  -46.46224    34.6090    34.5994     3.0376     3.0202    27.5696    27.5635    6.76570    6.74083         32 0.0000e+00
      51696   2153.963    244.000     3.0189   3.146059     3.0017   3.143823      98.63     0.0178     2.9080     2.5532  33.578827  3.0878625   48.22836  -46.46224    34.5991    34.5904     3.0038     2.9865    27.5648    27.5594    6.76968    6.74699         23 0.0000e+00
      51716   2154.790    243.000     2.9885   3.142420     2.9856   3.141943      74.53     0.0186     2.9080     2.5531  33.581665  3.0879121   48.22836  -46.46224    34.5880    34.5852     2.9734     2.9706    27.5587    27.5568    6.77245    6.76189         18 0.0000e+00
      51732   2155.479    242.000     2.9785   3.141224     2.9743   3.140624      92.13     0.0185     2.9079     2.5536  33.581501  3.0885220   48.22836  -46.46224    34.5846    34.5818     2.9636     2.9594    27.5569    27.5550    6.76721    6.76736         16 0.0000e+00
      51748   2156.129    241.000     2.9685   3.140027     2.9620   3.139201      98.68     0.0195     2.9069     2.5539  33.583900  3.0820072   48.22836  -46.46224    34.5813    34.5782     2.9536     2.9471    27.5551    27.5533    6.76653    6.76303         15 0.0000e+00
      51764   2156.808    240.000     2.9566   3.138699     2.9472   3.137498      98.63     0.0214     2.9069     2.5536  33.592945  3.0684605   48.22836  -46.46224    34.5784    34.5738     2.9418     2.9324    27.5539    27.5511    6.76942    6.76064         18 0.0000e+00
      51784   2157.625    239.000     2.9474   3.137545     2.9353   3.136129      98.63     0.0210     2.9066     2.5536  33.585934  3.0683761   48.22836  -46.46223    34.5747    34.5704     2.9327     2.9206    27.5518    27.5495    6.77007    6.76142         22 0.0000e+00
      51811   2158.751    238.000     2.9410   3.136809     2.9285   3.135351      98.63     0.0175     2.9058     2.5528  33.616207  3.0261028   48.22835  -46.46222    34.5732    34.5688     2.9264     2.9139    27.5511    27.5488    6.76479    6.74960         32 0.0000e+00
      51844   2160.136    237.000     2.9388   3.136598     2.9235   3.134754      98.63     0.0162     2.9043     2.5505  33.619102  3.0115874   48.22834  -46.46222    34.5734    34.5674     2.9243     2.9089    27.5515    27.5481    6.75493    6.73456         32 0.0000e+00
      51872   2161.272    236.000     2.9302   3.135563     2.9172   3.133970      75.15     0.0150     2.9032     2.5487  33.619049  2.9997659   48.22834  -46.46222    34.5706    34.5652     2.9158     2.9027    27.5500    27.5469    6.75937    6.73490         23 0.0000e+00
      51893   2162.172    235.000     2.9151   3.133756     2.9086   3.132979      98.77     0.0137     2.9030     2.5478  33.619049  2.9953213   48.22834  -46.46222    34.5654    34.5628     2.9007     2.8942    27.5472    27.5457    6.76569    6.74192         21 0.0000e+00
      51913   2162.996    234.000     2.9027   3.132394     2.8979   3.131721      98.63     0.0147     2.9028     2.5477  33.619816  2.9871891   48.22834  -46.46222    34.5625    34.5594     2.8884     2.8836    27.5461    27.5440    6.76406    6.74961         19 0.0000e+00
      51932   2163.810    233.000     2.8947   3.131381     2.8843   3.130129      98.63     0.0180     2.9023     2.5478  33.619053  2.9882753   48.22834  -46.46222    34.5593    34.5551     2.8805     2.8701    27.5442    27.5418    6.76145    6.74848         20 0.0000e+00
      51952   2164.629    232.000     2.8789   3.129578     2.8690   3.128355      98.63     0.0234     2.9020     2.5474  33.637657  2.9897258   48.22833  -46.46222    34.5547    34.5504     2.8647     2.8549    27.5420    27.5394    6.76076    6.74200         19 0.0000e+00
      51972   2165.438    231.000     2.8663   3.128066     2.8571   3.126940      98.59     0.0171     2.9010     2.5465  33.635971  2.9891899   48.22832  -46.46222    34.5504    34.5464     2.8522     2.8430    27.5396    27.5373    6.75600    6.73525         19 0.0000e+00
      51991   2166.240    230.000     2.8569   3.126991     2.8458   3.125656      98.60     0.0186     2.9004     2.5454  33.640350  2.9763937   48.22832  -46.46220    34.5478    34.5433     2.8430     2.8319    27.5384    27.5358    6.75646    6.73803         20 0.0000e+00
      52012   2167.122    229.000     2.8455   3.125666     2.8332   3.124217      98.63     0.0220     2.8993     2.5451  33.638168  2.9605646   48.22832  -46.46220    34.5444    34.5398     2.8316     2.8194    27.5367    27.5341    6.75322    6.74443         23 0.0000e+00
      52040   2168.285    228.000     2.8412   3.125138     2.8177   3.122420      98.63     0.0234     2.8978     2.5440  33.657383  2.9477234   48.22832  -46.46220    34.5431    34.5350     2.8274     2.8039    27.5360    27.5316    6.74805    6.72637         34 0.0000e+00
      52073   2169.669    227.000     2.8310   3.123981     2.8063   3.121013      98.63     0.0162     2.8968     2.5417  33.673523  2.9356582   48.22831  -46.46220    34.5404    34.5309     2.8172     2.7935    27.5348    27.5294    6.75049    6.72222         30 0.0000e+00
      52099   2170.732    226.000     2.8106   3.121717     2.8006   3.120413      98.63     0.0175     2.8960     2.5403  33.645603  2.9120164   48.22830  -46.46220    34.5351    34.5299     2.7970     2.7870    27.5324    27.5291    6.75541    6.73016         22 0.0000e+00
      52119   2171.571    225.000     2.7992   3.120273     2.7944   3.119684      98.63     0.0182     2.8958     2.5406  33.647552  2.9120879   48.22830  -46.46220    34.5302    34.5281     2.7857     2.7809    27.5294    27.5282    6.75622    6.74632         19 0.0000e+00
      52138   2172.368    224.000     2.7882   3.118995     2.7806   3.118043      98.63     0.0233     2.8952     2.5413  33.677402  2.8973045   48.22830  -46.46220    34.5269    34.5234     2.7747     2.7672    27.5278    27.5256    6.75086    6.75002         19 0.0000e+00
      52157   2173.177    223.000     2.7762   3.117589     2.7661   3.116398      82.64     0.0211     2.8945     2.5418  33.692486  2.8898926   48.22830  -46.46220    34.5231    34.5194     2.7629     2.7527    27.5257    27.5237    6.74560    6.75196         19 0.0000e+00
      52176   2173.967    222.000     2.7654   3.116326     2.7560   3.115219      83.83     0.0151     2.8933     2.5422  33.693867  2.8868637   48.22830  -46.46218    34.5198    34.5163     2.7521     2.7427    27.5241    27.5221    6.74978    6.75184         19 0.0000e+00
      52195   2174.769    221.000     2.7569   3.115343     2.7468   3.114161      98.60     0.0150     2.8932     2.5421  33.701809  2.8633075   48.22830  -46.46218    34.5174    34.5138     2.7437     2.7336    27.5229    27.5209    6.75396    6.74803         20 0.0000e+00
      52217   2175.647    220.000     2.7468   3.114178     2.7372   3.113029      98.63     0.0144     2.8928     2.5422  33.704979  2.8632479   48.22830  -46.46218    34.5145    34.5107     2.7337     2.7241    27.5215    27.5193    6.75399    6.74456         23 0.0000e+00
      52242   2176.723    219.000     2.7422   3.113623     2.7277   3.111984      98.63     0.0128     2.8926     2.5412  33.702477  2.8458459   48.22830  -46.46218    34.5131    34.5086     2.7292     2.7147    27.5208    27.5184    6.75105    6.73457         29 0.0000e+00
      52274   2178.027    218.000     2.7389   3.113258     2.7192   3.110984      98.41     0.0155     2.8919     2.5394  33.716640  2.8418641   48.22829  -46.46218    34.5127    34.5060     2.7260     2.7063    27.5208    27.5171    6.75051    6.72412         32 0.0000e+00
      52302   2179.205    217.000     2.7249   3.111658     2.7054   3.109364      98.64     0.0176     2.8912     2.5375  33.736565  2.8396075   48.22828  -46.46216    34.5088    34.5015     2.7120     2.6925    27.5188    27.5147    6.74607    6.71416         24 0.0000e+00
      52324   2180.125    216.000     2.6962   3.108446     2.6848   3.107005      98.63     0.0186     2.8903     2.5357  33.736263  2.8255632   48.22828  -46.46216    34.5007    34.4952     2.6834     2.6720    27.5148    27.5115    6.73514    6.71175         21 0.0000e+00
      52344   2180.955    215.000     2.6793   3.106460     2.6685   3.105113      98.63     0.0192     2.8874     2.5337  33.736263  2.8047256   48.22828  -46.46216    34.4949    34.4900     2.6666     2.6558    27.5117    27.5087    6.72695    6.71089         19 0.0000e+00
      52364   2181.781    214.000     2.6649   3.104728     2.6511   3.103101      98.63     0.0175     2.8867     2.5328  33.736263  2.8046398   48.22827  -46.46216    34.4898    34.4846     2.6522     2.6385    27.5088    27.5059    6.73850    6.72026         20 0.0000e+00
      52385   2182.659    213.000     2.6494   3.102979     2.6357   3.101409      98.63     0.0150     2.8854     2.5322  33.750462  2.8041892   48.22826  -46.46216    34.4854    34.4808     2.6369     2.6232    27.5067    27.5042    6.73812    6.72667         22 0.0000e+00
      52407   2183.603    212.000     2.6376   3.101649     2.6180   3.099295      98.61     0.0173     2.8851     2.5322  33.750916  2.8034203   48.22826  -46.46216    34.4823    34.4744     2.6252     2.6056    27.5052    27.5006    6.73994    6.72953         24 0.0000e+00
      52431   2184.592    211.000     2.6224   3.099958     2.5849   3.095511      98.16     0.0173     2.8839     2.5319  33.756947  2.7716644   48.22826  -46.46216    34.4784    34.4639     2.6101     2.5726    27.5034    27.4951    6.74262    6.73058         24 0.0000e+00
      52455   2185.580    210.000     2.6058   3.098059     2.5595   3.092522      98.63     0.0155     2.8836     2.5318  33.753475  2.7655883   48.22826  -46.46216    34.4734    34.4549     2.5936     2.5474    27.5008    27.4900    6.74046    6.73178         23 0.0000e+00
      52478   2186.532    209.000     2.5734   3.094032     2.5249   3.088571      98.63     0.0170     2.8823     2.5314  33.766388  2.7417536   48.22826  -46.46216    34.4599    34.4439     2.5612     2.5129    27.4929    27.4842    6.74318    6.73375         22 0.0000e+00
      52500   2187.441    208.000     2.5263   3.089051     2.4952   3.085321      98.63     0.0123     2.8823     2.5309  33.758881  2.7362425   48.22824  -46.46216    34.4490    34.4363     2.5143     2.4833    27.4881    27.4806    6.75923    6.73988         22 0.0000e+00
