data/CTD/2014/CNV/u017a027.cnv
* Sea-Bird SBE 9 Data File:
* FileName = C:\CTD_ACQUISITION\2014017HUD\ctddata\017A027.hdr
* Software Version Seasave V 7.22.2
* Temperature SN = 5081
* Conductivity SN = 3561
* Number of Bytes Per Scan = 37
* Number of Voltage Words = 4
* Number of Scans Averaged by the Deck Unit = 1
* NMEA Latitude = 48 53.74 N
* NMEA Longitude = 045 47.37 W
* NMEA UTC (Time) = Jul 07 2014 00:10:49
* NMEA baud rate = 9600
** Ship: Hudson
** Cruise: HUD2014017
** Chief_Scientist: Blair Greenan
** Organization: BIO
** Area_of_Operation: Sackville Spur
** Station: 027
** Sounding:  2297
** Event_Comments: SS_27, 403160
# nquan = 25
# nvalues = 2373                        
# units = specified
# name 0 = scan: Scan Count
# name 1 = timeS: Time, Elapsed [seconds]
# name 2 = prDM: Pressure, Digiquartz [db]
# name 3 = t068C: Temperature [ITS-68, deg C]
# name 4 = c0S/m: Conductivity [S/m]
# name 5 = t168C: Temperature, 2 [ITS-68, deg C]
# name 6 = c1S/m: Conductivity, 2 [S/m]
# name 7 = altM: Altimeter [m]
# name 8 = flC: Fluorescence, Chelsea Aqua 3 Chl Con [ug/l]
# name 9 = sbeox0V: Oxygen raw, SBE 43 [V]
# name 10 = sbeox1V: Oxygen raw, SBE 43, 2 [V]
# name 11 = upoly0: Upoly 0, Optode 4330F - O2 D-Phase
# name 12 = upoly1: Upoly 1, Optode 4330F - O2 Temp
# name 13 = latitude: Latitude [deg]
# name 14 = longitude: Longitude [deg]
# name 15 = sal00: Salinity, Practical [PSU]
# name 16 = sal11: Salinity, Practical, 2 [PSU]
# name 17 = potemp068C: Potential Temperature [ITS-68, deg C]
# name 18 = potemp168C: Potential Temperature, 2 [ITS-68, deg C]
# name 19 = sigma-é00: Density [sigma-theta, Kg/m^3]
# name 20 = sigma-é11: Density, 2 [sigma-theta, Kg/m^3]
# name 21 = sbeox0ML/L: Oxygen, SBE 43 [ml/l], WS = 2
# name 22 = sbeox1ML/L: Oxygen, SBE 43, 2 [ml/l], WS = 2
# name 23 = nbin: number of scans per bin
# name 24 = flag: flag
# span 0 =      66447,     123183       
# span 1 =   2768.594,   5132.590       
# span 2 =      1.000,   2373.000       
# span 3 =     2.0680,     8.5825       
# span 4 =   3.020642,   3.546088       
# span 5 =     2.0597,     8.5763       
# span 6 =   3.019743,   3.545568       
# span 7 =       2.25,     105.59       
# span 8 =     0.0046,     0.3537       
# span 9 =     2.2221,     3.6447       
# span 10 =     1.9672,     3.2128      
# span 11 =  29.825430,  35.466236      
# span 12 =  2.7264957,  8.5946531      
# span 13 =   48.89864,   48.90100      
# span 14 =  -45.78140,  -45.77382      
# span 15 =    33.6318,    34.9163      
# span 16 =    33.6328,    34.9159      
# span 17 =     2.0655,     8.5822      
# span 18 =     2.0572,     8.5761      
# span 19 =    26.1126,    27.8538      
# span 20 =    26.1138,    27.8535      
# span 21 =    6.28431,    8.58295      
# span 22 =    6.18743,    8.61128      
# span 23 =         11,         76      
# span 24 = 0.0000e+00, 0.0000e+00      
# interval = decibars: 1                
# start_time = Jul 07 2014 00:10:49 [NMEA time, header]
# bad_flag = -9.990e-29
*END*
[from data line 928]
      87677   3653.166   1445.000     3.6058   3.276694     3.6056   3.276640      98.13     0.0201     2.4494     2.1544  34.849674  3.6053433   48.90000  -45.77832    34.9160    34.9156     3.4950     3.4948    27.7709    27.7706    6.29428    6.23673         22 0.0000e+00
      87696   3653.956   1444.000     3.6060   3.276662     3.6054   3.276590      98.19     0.0190     2.4495     2.1545  34.849812  3.6056149   48.90000  -45.77832    34.9160    34.9157     3.4952     3.4947    27.7708    27.7706    6.29894    6.23528         17 0.0000e+00
      87712   3654.635   1443.000     3.6060   3.276633     3.6054   3.276539      97.82     0.0203     2.4501     2.1547  34.848011  3.6056166   48.90000  -45.77831    34.9161    34.9156     3.4954     3.4948    27.7709    27.7706    6.29608    6.23578         16 0.0000e+00
      87728   3655.297   1442.000     3.6059   3.276582     3.6057   3.276521      98.22     0.0158     2.4495     2.1550  34.848877  3.6056166   48.90000  -45.77830    34.9162    34.9157     3.4954     3.4951    27.7709    27.7706    6.29561    6.23943         16 0.0000e+00
      87745   3656.020   1441.000     3.6061   3.276556     3.6058   3.276488      98.16     0.0138     2.4507     2.1555  34.849041  3.6056166   48.90000  -45.77830    34.9162    34.9157     3.4956     3.4953    27.7709    27.7705    6.30008    6.24216         19 0.0000e+00
      87769   3656.984   1440.000     3.6062   3.276534     3.6059   3.276461      97.95     0.0154     2.4507     2.1560  34.845963  3.6056166   48.90000  -45.77829    34.9162    34.9157     3.4959     3.4956    27.7709    27.7705    6.29771    6.24043         29 0.0000e+00
      87807   3658.572   1439.000     3.6059   3.276457     3.6059   3.276413      98.04     0.0134     2.4514     2.1565  34.842140  3.6056166   48.90000  -45.77827    34.9162    34.9156     3.4956     3.4956    27.7709    27.7705    6.29740    6.24028         41 0.0000e+00
      87838   3659.876   1438.000     3.6057   3.276390     3.6058   3.276358      97.88     0.0120     2.4517     2.1569  34.840195  3.6056166   48.90000  -45.77826    34.9160    34.9156     3.4955     3.4956    27.7708    27.7704    6.29711    6.23848         23 0.0000e+00
      87859   3660.760   1437.000     3.6068   3.276428     3.6070   3.276425      98.64     0.0106     2.4520     2.1571  34.839340  3.6056166   48.90000  -45.77825    34.9159    34.9156     3.4967     3.4969    27.7706    27.7704    6.30231    6.23643         21 0.0000e+00
      87879   3661.596   1436.000     3.6076   3.276473     3.6078   3.276458      85.40     0.0134     2.4524     2.1570  34.843910  3.6046493   48.90001  -45.77824    34.9160    34.9157     3.4976     3.4977    27.7706    27.7703    6.30078    6.23237         20 0.0000e+00
      87899   3662.412   1435.000     3.6082   3.276492     3.6087   3.276495      79.37     0.0129     2.4530     2.1568  34.841347  3.6056108   48.90002  -45.77824    34.9161    34.9156     3.4982     3.4988    27.7706    27.7702    6.29764    6.22865         19 0.0000e+00
      87917   3663.182   1434.000     3.6090   3.276521     3.6096   3.276530      97.37     0.0099     2.4526     2.1568  34.820648  3.6056166   48.90002  -45.77822    34.9161    34.9156     3.4991     3.4997    27.7705    27.7701    6.29395    6.23357         18 0.0000e+00
      87935   3663.898   1433.000     3.6098   3.276546     3.6106   3.276567      98.64     0.0141     2.4532     2.1570  34.827862  3.6056166   48.90002  -45.77821    34.9161    34.9155     3.5000     3.5008    27.7704    27.7699    6.30048    6.23557         16 0.0000e+00
      87951   3664.572   1432.000     3.6108   3.276592     3.6110   3.276568      98.63     0.0155     2.4532     2.1571  34.822269  3.6056166   48.90002  -45.77820    34.9160    34.9155     3.5011     3.5013    27.7703    27.7698    6.29796    6.23478         16 0.0000e+00
      87967   3665.237   1431.000     3.6112   3.276588     3.6115   3.276578      96.80     0.0173     2.4536     2.1574  34.832539  3.6056166   48.90002  -45.77820    34.9161    34.9156     3.5016     3.5019    27.7703    27.7699    6.29734    6.23137         16 0.0000e+00
      87984   3665.949   1430.000     3.6117   3.276593     3.6118   3.276564      95.26     0.0165     2.4539     2.1573  34.835209  3.6056166   48.90002  -45.77820    34.9161    34.9156     3.5022     3.5023    27.7702    27.7698    6.29310    6.22469         18 0.0000e+00
      88003   3666.767   1429.000     3.6122   3.276589     3.6121   3.276553      98.62     0.0147     2.4535     2.1568  34.817921  3.6060588   48.90002  -45.77819    34.9160    34.9157     3.5027     3.5026    27.7701    27.7699    6.29452    6.22104         22 0.0000e+00
      88027   3667.737   1428.000     3.6124   3.276567     3.6123   3.276523      98.63     0.0193     2.4542     2.1567  34.819305  3.6056128   48.90002  -45.77818    34.9160    34.9157     3.5030     3.5029    27.7701    27.7698    6.29669    6.22777         24 0.0000e+00
      88050   3668.705   1427.000     3.6124   3.276526     3.6126   3.276509      94.08     0.0189     2.4543     2.1571  34.815788  3.6083293   48.90002  -45.77817    34.9161    34.9156     3.5031     3.5033    27.7701    27.7697    6.29378    6.23123         22 0.0000e+00
      88071   3669.580   1426.000     3.6124   3.276495     3.6132   3.276518      51.31     0.0161     2.4546     2.1572  34.814240  3.6125782   48.90002  -45.77816    34.9161    34.9157     3.5032     3.5040    27.7701    27.7697    6.29923    6.23112         21 0.0000e+00
      88093   3670.490   1425.000     3.6130   3.276506     3.6139   3.276542      85.98     0.0132     2.4548     2.1577  34.821491  3.6133251   48.90002  -45.77816    34.9162    34.9157     3.5039     3.5048    27.7701    27.7696    6.29599    6.23700         24 0.0000e+00
      88131   3672.100   1424.000     3.6127   3.276442     3.6133   3.276447      96.11     0.0140     2.4552     2.1586  34.814877  3.6152778   48.90002  -45.77814    34.9162    34.9156     3.5037     3.5043    27.7702    27.7696    6.29358    6.23449         56 0.0000e+00
      88175   3673.932   1423.000     3.6115   3.276269     3.6126   3.276315      98.75     0.0160     2.4554     2.1590  34.819523  3.6153846   48.90002  -45.77812    34.9159    34.9153     3.5026     3.5037    27.7700    27.7695    6.29326    6.23925         23 0.0000e+00
      88192   3674.628   1422.000     3.6137   3.276414     3.6144   3.276434      91.15     0.0184     2.4551     2.1596  34.815617  3.6140771   48.90002  -45.77811    34.9159    34.9153     3.5048     3.5056    27.7698    27.7693    6.29502    6.24036         15 0.0000e+00
      88206   3675.213   1421.000     3.6156   3.276537     3.6154   3.276496      98.16     0.0212     2.4557     2.1598  34.811462  3.6146379   48.90002  -45.77810    34.9158    34.9156     3.5068     3.5066    27.7695    27.7694    6.29515    6.23640         13 0.0000e+00
      88219   3675.740   1420.000     3.6167   3.276594     3.6166   3.276559      98.65     0.0209     2.4561     2.1599  34.816967  3.6120741   48.90002  -45.77810    34.9158    34.9155     3.5080     3.5078    27.7694    27.7692    6.29887    6.23873         12 0.0000e+00
      88231   3676.245   1419.000     3.6181   3.276679     3.6180   3.276635      98.63     0.0203     2.4559     2.1603  34.810440  3.6116328   48.90002  -45.77810    34.9158    34.9154     3.5095     3.5093    27.7693    27.7690    6.28931    6.24208         13 0.0000e+00
      88243   3676.768   1418.000     3.6187   3.276703     3.6190   3.276678      98.63     0.0204     2.4562     2.1609  34.808315  3.6153655   48.90002  -45.77809    34.9160    34.9154     3.5101     3.5104    27.7693    27.7688    6.29521    6.24303         12 0.0000e+00
      88257   3677.340   1417.000     3.6191   3.276701     3.6196   3.276710      94.62     0.0174     2.4560     2.1611  34.807812  3.6153846   48.90002  -45.77808    34.9161    34.9156     3.5106     3.5111    27.7694    27.7689    6.29972    6.23673         15 0.0000e+00
      88274   3678.061   1416.000     3.6197   3.276713     3.6203   3.276722      95.31     0.0128     2.4571     2.1611  34.811337  3.6153846   48.90002  -45.77808    34.9160    34.9155     3.5113     3.5119    27.7692    27.7688    6.30019    6.23606         21 0.0000e+00
      88305   3679.320   1415.000     3.6191   3.276620     3.6199   3.276634      95.22     0.0115     2.4574     2.1616  34.807812  3.6153846   48.90002  -45.77806    34.9161    34.9154     3.5108     3.5116    27.7693    27.7687    6.29587    6.23667         41 0.0000e+00
      88344   3680.978   1414.000     3.6181   3.276488     3.6186   3.276484      98.77     0.0163     2.4580     2.1621  34.808102  3.6153846   48.90002  -45.77806    34.9161    34.9155     3.5098     3.5103    27.7695    27.7689    6.29788    6.24303         33 0.0000e+00
      88373   3682.167   1413.000     3.6176   3.276379     3.6185   3.276413      95.62     0.0146     2.4585     2.1630  34.812130  3.6153846   48.90002  -45.77805    34.9158    34.9152     3.5095     3.5104    27.7692    27.7687    6.29895    6.24498         26 0.0000e+00
      88398   3683.193   1412.000     3.6198   3.276529     3.6221   3.276681      95.66     0.0175     2.4590     2.1635  34.808315  3.6153846   48.90002  -45.77804    34.9157    34.9151     3.5118     3.5140    27.7690    27.7682    6.30380    6.24226         23 0.0000e+00
      88418   3684.047   1411.000     3.6239   3.276837     3.6263   3.277026      98.65     0.0185     2.4598     2.1636  34.810501  3.6153846   48.90002  -45.77802    34.9156    34.9153     3.5159     3.5183    27.7684    27.7680    6.29742    6.23616         19 0.0000e+00
      88436   3684.811   1410.000     3.6273   3.277108     3.6285   3.277177      98.50     0.0176     2.4597     2.1635  34.809120  3.6153846   48.90002  -45.77802    34.9157    34.9152     3.5193     3.5205    27.7682    27.7677    6.29685    6.23294         18 0.0000e+00
      88455   3685.565   1409.000     3.6295   3.277249     3.6300   3.277265      98.38     0.0151     2.4600     2.1635  34.808300  3.6153846   48.90002  -45.77802    34.9156    34.9152     3.5215     3.5221    27.7679    27.7675    6.30381    6.23373         18 0.0000e+00
      88474   3686.374   1408.000     3.6304   3.277299     3.6308   3.277297      98.63     0.0136     2.4604     2.1636  34.805866  3.6163139   48.90002  -45.77800    34.9157    34.9152     3.5226     3.5230    27.7678    27.7674    6.30268    6.23818         21 0.0000e+00
      88495   3687.263   1407.000     3.6311   3.277318     3.6321   3.277369      94.27     0.0168     2.4615     2.1642  34.809162  3.6250732   48.90004  -45.77800    34.9157    34.9152     3.5233     3.5244    27.7678    27.7673    6.30426    6.24422         22 0.0000e+00
      88517   3688.163   1406.000     3.6321   3.277353     3.6329   3.277376      95.52     0.0180     2.4616     2.1648  34.807961  3.6251526   48.90004  -45.77800    34.9155    34.9150     3.5244     3.5252    27.7675    27.7671    6.29920    6.24374         21 0.0000e+00
      88537   3688.988   1405.000     3.6327   3.277367     3.6332   3.277362      98.67     0.0181     2.4619     2.1650  34.805840  3.6251526   48.90004  -45.77798    34.9156    34.9150     3.5251     3.5256    27.7675    27.7670    6.30104    6.23830         18 0.0000e+00
      88555   3689.739   1404.000     3.6335   3.277391     3.6339   3.277351      98.63     0.0159     2.4623     2.1653  34.805862  3.6251526   48.90004  -45.77798    34.9155    34.9146     3.5260     3.5264    27.7674    27.7666    6.30347    6.24122         18 0.0000e+00
      88572   3690.474   1403.000     3.6342   3.277396     3.6344   3.277355      91.01     0.0144     2.4627     2.1656  34.805862  3.6251526   48.90004  -45.77798    34.9153    34.9146     3.5268     3.5270    27.7672    27.7665    6.30526    6.24307         18 0.0000e+00
      88591   3691.268   1402.000     3.6347   3.277383     3.6347   3.277329      96.82     0.0150     2.4632     2.1661  34.805862  3.6251526   48.90004  -45.77798    34.9151    34.9145     3.5274     3.5273    27.7669    27.7665    6.30348    6.24141         21 0.0000e+00
      88619   3692.400   1401.000     3.6349   3.277353     3.6348   3.277292      84.33     0.0146     2.4635     2.1666  34.806210  3.6288619   48.90004  -45.77797    34.9150    34.9145     3.5277     3.5275    27.7668    27.7664    6.30484    6.24728         38 0.0000e+00
      88668   3694.458   1400.000     3.6343   3.277259     3.6341   3.277186      94.70     0.0168     2.4652     2.1677  34.805794  3.6339588   48.90004  -45.77796    34.9151    34.9144     3.5271     3.5269    27.7670    27.7664    6.31164    6.24766         41 0.0000e+00
      88692   3695.444   1399.000     3.6344   3.277214     3.6345   3.277168      98.76     0.0170     2.4657     2.1683  34.805862  3.6291780   48.90004  -45.77794    34.9149    34.9143     3.5273     3.5274    27.7668    27.7663    6.31272    6.25153         19 0.0000e+00
      88708   3696.136   1398.000     3.6353   3.277237     3.6352   3.277188      96.39     0.0163     2.4666     2.1686  34.805862  3.6288214   48.90004  -45.77794    34.9147    34.9142     3.5283     3.5282    27.7665    27.7662    6.30870    6.25471         16 0.0000e+00
      88724   3696.779   1397.000     3.6360   3.277258     3.6359   3.277210      88.37     0.0188     2.4662     2.1694  34.805862  3.6328878   48.90004  -45.77794    34.9147    34.9143     3.5291     3.5290    27.7665    27.7661    6.30245    6.25698         15 0.0000e+00
      88740   3697.450   1396.000     3.6365   3.277254     3.6362   3.277195      98.51     0.0188     2.4664     2.1699  34.805862  3.6337616   48.90004  -45.77794    34.9147    34.9143     3.5296     3.5293    27.7664    27.7661    6.30475    6.25189         17 0.0000e+00
      88759   3698.251   1395.000     3.6366   3.277226     3.6363   3.277157      98.63     0.0156     2.4665     2.1699  34.805862  3.6340263   48.90004  -45.77794    34.9147    34.9142     3.5299     3.5295    27.7663    27.7660    6.30537    6.24515         22 0.0000e+00
      88787   3699.410   1394.000     3.6365   3.277175     3.6365   3.277129      92.20     0.0182     2.4672     2.1698  34.791492  3.6349316   48.90004  -45.77792    34.9147    34.9142     3.5299     3.5299    27.7664    27.7659    6.30860    6.24210         32 0.0000e+00
      88814   3700.556   1393.000     3.6374   3.277190     3.6373   3.277143      54.65     0.0188     2.4675     2.1698  34.791195  3.6349206   48.90004  -45.77792    34.9145    34.9140     3.5308     3.5307    27.7661    27.7657    6.30292    6.24530         22 0.0000e+00
      88833   3701.316   1392.000     3.6378   3.277202     3.6386   3.277225      75.32     0.0181     2.4670     2.1700  34.791210  3.6349206   48.90004  -45.77790    34.9146    34.9141     3.5313     3.5321    27.7662    27.7657    6.30076    6.24624         16 0.0000e+00
      88848   3701.967   1391.000     3.6400   3.277343     3.6401   3.277321      98.93     0.0185     2.4678     2.1702  34.791210  3.6349206   48.90004  -45.77790    34.9145    34.9142     3.5336     3.5337    27.7659    27.7655    6.31004    6.24346         15 0.0000e+00
      88863   3702.590   1390.000     3.6408   3.277384     3.6411   3.277383      86.21     0.0195     2.4680     2.1701  34.791210  3.6349206   48.90004  -45.77790    34.9146    34.9143     3.5344     3.5348    27.7659    27.7655    6.30702    6.24545         15 0.0000e+00
      88879   3703.259   1389.000     3.6413   3.277396     3.6427   3.277472      96.75     0.0212     2.4682     2.1705  34.791210  3.6349206   48.90004  -45.77790    34.9148    34.9142     3.5350     3.5364    27.7659    27.7654    6.30111    6.24837         18 0.0000e+00
