data/CTD/2014/CNV/u017a030.cnv
* Sea-Bird SBE 9 Data File:
* FileName = C:\CTD_ACQUISITION\2014017HUD\ctddata\017A030.hdr
* Software Version Seasave V 7.22.2
* Temperature SN = 5081
* Conductivity SN = 3561
* Number of Bytes Per Scan = 37
* Number of Voltage Words = 4
* Number of Scans Averaged by the Deck Unit = 1
* NMEA Latitude = 48 45.33 N
* NMEA Longitude = 045 38.35 W
* NMEA UTC (Time) = Jul 07 2014 06:14:51
* NMEA baud rate = 9600
** Ship: Hudson
** Cruise: HUD2014017
** Chief_Scientist: Blair Greenan
** Organization: BIO
** Area_of_Operation: Sackville Spur
** Station: 030
** Sounding:  1323
** Event_Comments: SS_24, 403179
# nquan = 25
# nvalues = 1363                        
# units = specified
# name 0 = scan: Scan Count
# name 1 = timeS: Time, Elapsed [seconds]
# name 2 = prDM: Pressure, Digiquartz [db]
# name 3 = t068C: Temperature [ITS-68, deg C]
# name 4 = c0S/m: Conductivity [S/m]
# name 5 = t168C: Temperature, 2 [ITS-68, deg C]
# name 6 = c1S/m: Conductivity, 2 [S/m]
# name 7 = altM: Altimeter [m]
# name 8 = flC: Fluorescence, Chelsea Aqua 3 Chl Con [ug/l]
# name 9 = sbeox0V: Oxygen raw, SBE 43 [V]
# name 10 = sbeox1V: Oxygen raw, SBE 43, 2 [V]
# name 11 = upoly0: Upoly 0, Optode 4330F - O2 D-Phase
# name 12 = upoly1: Upoly 1, Optode 4330F - O2 Temp
# name 13 = latitude: Latitude [deg]
# name 14 = longitude: Longitude [deg]
# name 15 = sal00: Salinity, Practical [PSU]
# name 16 = sal11: Salinity, Practical, 2 [PSU]
# name 17 = potemp068C: Potential Temperature [ITS-68, deg C]
# name 18 = potemp168C: Potential Temperature, 2 [ITS-68, deg C]
# name 19 = sigma-é00: Density [sigma-theta, Kg/m^3]
# name 20 = sigma-é11: Density, 2 [sigma-theta, Kg/m^3]
# name 21 = sbeox0ML/L: Oxygen, SBE 43 [ml/l], WS = 2
# name 22 = sbeox1ML/L: Oxygen, SBE 43, 2 [ml/l], WS = 2
# name 23 = nbin: number of scans per bin
# name 24 = flag: flag
# span 0 =      41209,      75304       
# span 1 =   1717.007,   3137.615       
# span 2 =      1.000,   1363.000       
# span 3 =     1.8472,     8.6261       
# span 4 =   3.004605,   3.564310       
# span 5 =     1.8398,     8.6305       
# span 6 =   3.003706,   3.566934       
# span 7 =      -9.03,     107.89       
# span 8 =     0.0081,     0.2751       
# span 9 =     2.4639,     3.5719       
# span 10 =     2.1789,     3.1645      
# span 11 =  30.273191,  34.800533      
# span 12 =  2.2676368,  8.6649389      
# span 13 =   48.75832,   48.76087      
# span 14 =  -45.63732,  -45.63647      
# span 15 =    33.7656,    34.9157      
# span 16 =    33.7663,    34.9151      
# span 17 =     1.8448,     8.6255      
# span 18 =     1.8375,     8.6304      
# span 19 =    26.2109,    27.7719      
# span 20 =    26.2101,    27.7714      
# span 21 =    6.26947,    9.01649      
# span 22 =    5.85771,    9.16638      
# span 23 =         10,         89      
# span 24 = 0.0000e+00, 0.0000e+00      
# interval = decibars: 1                
# start_time = Jul 07 2014 06:14:51 [NMEA time, header]
# bad_flag = -9.990e-29
*END*
[from data line 870]
      61364   2556.781    493.000     3.6652   3.234700     3.6638   3.234510      91.92     0.0214     2.8428     2.4984  33.519161  3.6740015   48.76036  -45.63696    34.8437    34.8429     3.6308     3.6294    27.6998    27.6993    6.67641    6.65048         22 0.0000e+00
      61385   2557.654    492.000     3.6625   3.234380     3.6616   3.234239      98.70     0.0177     2.8424     2.4981  33.517937  3.6739926   48.76036  -45.63696    34.8433    34.8425     3.6282     3.6273    27.6997    27.6992    6.67598    6.65647         20 0.0000e+00
      61404   2558.478    491.000     3.6603   3.234116     3.6590   3.233933      64.36     0.0154     2.8427     2.4982  33.520874  3.6739926   48.76036  -45.63696    34.8430    34.8422     3.6261     3.6248    27.6997    27.6991    6.67791    6.65770         20 0.0000e+00
      61424   2559.309    490.000     3.6593   3.233958     3.6583   3.233809      59.38     0.0150     2.8430     2.4983  33.519421  3.6735063   48.76036  -45.63696    34.8428    34.8420     3.6251     3.6241    27.6996    27.6991    6.67900    6.65941         20 0.0000e+00
      61446   2560.203    489.000     3.6586   3.233834     3.6577   3.233707      98.40     0.0154     2.8430     2.4989  33.519669  3.6706126   48.76036  -45.63696    34.8425    34.8419     3.6245     3.6236    27.6994    27.6990    6.67959    6.66055         23 0.0000e+00
      61469   2561.161    488.000     3.6578   3.233729     3.6555   3.233424      98.63     0.0168     2.8434     2.4990  33.516571  3.6643972   48.76036  -45.63696    34.8426    34.8415     3.6239     3.6215    27.6995    27.6989    6.68121    6.66518         24 0.0000e+00
      61494   2562.216    487.000     3.6567   3.233553     3.6515   3.232958      98.63     0.0197     2.8438     2.5002  33.517597  3.6642246   48.76036  -45.63696    34.8422    34.8407     3.6228     3.6176    27.6994    27.6987    6.67881    6.66800         26 0.0000e+00
      61522   2563.362    486.000     3.6542   3.233241     3.6483   3.232590      89.08     0.0196     2.8443     2.5007  33.516453  3.6642246   48.76036  -45.63696    34.8417    34.8402     3.6204     3.6145    27.6992    27.6985    6.68669    6.66601         27 0.0000e+00
      61547   2564.402    485.000     3.6474   3.232522     3.6444   3.232143      47.56     0.0146     2.8450     2.5011  33.518444  3.6642246   48.76036  -45.63694    34.8408    34.8395     3.6137     3.6107    27.6991    27.6984    6.68498    6.66936         23 0.0000e+00
      61568   2565.279    484.000     3.6377   3.231493     3.6373   3.231330      91.93     0.0193     2.8460     2.5017  33.516468  3.6642246   48.76036  -45.63694    34.8394    34.8379     3.6041     3.6037    27.6990    27.6978    6.68786    6.67308         20 0.0000e+00
      61586   2566.045    483.000     3.6318   3.230823     3.6297   3.230502      98.67     0.0162     2.8450     2.5022  33.519081  3.6642246   48.76036  -45.63694    34.8382    34.8366     3.5983     3.5962    27.6986    27.6976    6.68666    6.67459         17 0.0000e+00
      61603   2566.771    482.000     3.6279   3.230335     3.6255   3.230019      62.97     0.0136     2.8465     2.5027  33.517296  3.6636820   48.76036  -45.63694    34.8370    34.8358     3.5945     3.5921    27.6980    27.6973    6.69733    6.67526         18 0.0000e+00
      61621   2567.495    481.000     3.6258   3.230035     3.6232   3.229711      73.74     0.0156     2.8468     2.5029  33.518200  3.6642210   48.76036  -45.63694    34.8363    34.8351     3.5924     3.5899    27.6977    27.6970    6.69482    6.67464         17 0.0000e+00
      61639   2568.237    480.000     3.6238   3.229787     3.6227   3.229612      98.89     0.0198     2.8479     2.5032  33.516464  3.6603870   48.76036  -45.63694    34.8359    34.8350     3.5905     3.5894    27.6976    27.6969    6.69400    6.67841         18 0.0000e+00
      61658   2569.040    479.000     3.6232   3.229667     3.6231   3.229609      98.63     0.0165     2.8477     2.5042  33.516483  3.6544728   48.76036  -45.63694    34.8356    34.8351     3.5900     3.5899    27.6974    27.6969    6.68855    6.68373         21 0.0000e+00
      61682   2570.043    478.000     3.6231   3.229608     3.6238   3.229637      60.92     0.0157     2.8479     2.5047  33.518536  3.6517200   48.76036  -45.63694    34.8356    34.8352     3.5900     3.5906    27.6974    27.6970    6.68954    6.67788         28 0.0000e+00
      61715   2571.434    477.000     3.6238   3.229632     3.6253   3.229739      98.02     0.0169     2.8486     2.5050  33.516457  3.6446006   48.76036  -45.63694    34.8357    34.8354     3.5907     3.5923    27.6974    27.6969    6.69037    6.67507         35 0.0000e+00
      61746   2572.717    476.000     3.6255   3.229752     3.6276   3.229897      27.79     0.0136     2.8482     2.5053  33.519367  3.6446886   48.76036  -45.63693    34.8358    34.8355     3.5925     3.5968    27.6972    27.6968    6.68592    6.67984         26 0.0000e+00
      61769   2573.651    475.000     3.6322   3.230355     3.6332   3.230411      83.86     0.0192     2.8491     2.5060  33.517204  3.6446886   48.76036  -45.63692    34.8364    34.8361     3.5993     3.6002    27.6971    27.6968    6.69329    6.68004         20 0.0000e+00
      61788   2574.471    474.000     3.6372   3.230801     3.6374   3.230792      88.40     0.0164     2.8493     2.5063  33.517254  3.6441665   48.76036  -45.63692    34.8371    34.8368     3.6043     3.6045    27.6971    27.6968    6.68988    6.67353         19 0.0000e+00
      61808   2575.290    473.000     3.6383   3.230867     3.6383   3.230829      55.75     0.0148     2.8497     2.5062  33.517876  3.6442235   48.76036  -45.63692    34.8372    34.8367     3.6055     3.6055    27.6971    27.6967    6.68975    6.67228         21 0.0000e+00
      61830   2576.192    472.000     3.6386   3.230842     3.6384   3.230797      98.83     0.0102     2.8502     2.5063  33.517815  3.6442447   48.76036  -45.63692    34.8371    34.8368     3.6058     3.6056    27.6970    27.6967    6.69172    6.67562         22 0.0000e+00
      61851   2577.100    471.000     3.6387   3.230815     3.6386   3.230757      98.63     0.0166     2.8507     2.5070  33.517170  3.6446970   48.76036  -45.63692    34.8372    34.8366     3.6060     3.6059    27.6970    27.6966    6.69052    6.67916         21 0.0000e+00
      61871   2577.909    470.000     3.6388   3.230777     3.6386   3.230718      49.54     0.0206     2.8509     2.5075  33.517300  3.6446886   48.76036  -45.63692    34.8372    34.8367     3.6062     3.6060    27.6970    27.6966    6.68832    6.67642         18 0.0000e+00
      61888   2578.645    469.000     3.6388   3.230735     3.6387   3.230676      26.45     0.0182     2.8511     2.5073  33.516483  3.6446886   48.76036  -45.63692    34.8372    34.8366     3.6063     3.6062    27.6970    27.6965    6.68963    6.67135         18 0.0000e+00
      61906   2579.381    468.000     3.6389   3.230685     3.6386   3.230613      96.54     0.0201     2.8515     2.5074  33.516483  3.6446886   48.76036  -45.63692    34.8370    34.8365     3.6064     3.6062    27.6969    27.6964    6.68877    6.66665         18 0.0000e+00
      61925   2580.185    467.000     3.6388   3.230630     3.6387   3.230570      98.63     0.0192     2.8518     2.5067  33.516483  3.6446886   48.76036  -45.63692    34.8370    34.8364     3.6064     3.6063    27.6969    27.6964    6.68832    6.66110         20 0.0000e+00
      61948   2581.104    466.000     3.6387   3.230582     3.6379   3.230434      51.87     0.0144     2.8516     2.5064  33.517704  3.6446886   48.76036  -45.63692    34.8370    34.8362     3.6064     3.6056    27.6969    27.6962    6.68662    6.66373         24 0.0000e+00
      61972   2582.128    465.000     3.6382   3.230469     3.6362   3.230206      98.76     0.0148     2.8523     2.5061  33.517067  3.6446886   48.76036  -45.63692    34.8368    34.8357     3.6060     3.6040    27.6967    27.6961    6.68893    6.66347         25 0.0000e+00
      61996   2583.141    464.000     3.6373   3.230328     3.6356   3.230083      98.63     0.0140     2.8524     2.5066  33.519524  3.6446886   48.76036  -45.63692    34.8366    34.8355     3.6051     3.6035    27.6967    27.6959    6.68565    6.67341         24 0.0000e+00
      62020   2584.133    463.000     3.6361   3.230141     3.6355   3.230031      51.93     0.0129     2.8525     2.5073  33.520138  3.6446886   48.76036  -45.63692    34.8362    34.8355     3.6040     3.6035    27.6964    27.6959    6.68832    6.67380         24 0.0000e+00
      62046   2585.207    462.000     3.6358   3.230062     3.6351   3.229943      98.59     0.0159     2.8533     2.5079  33.516487  3.6450500   48.76036  -45.63692    34.8361    34.8354     3.6038     3.6031    27.6964    27.6959    6.69177    6.67363         27 0.0000e+00
      62073   2586.344    461.000     3.6354   3.229966     3.6347   3.229859      88.34     0.0160     2.8533     2.5084  33.516483  3.6450503   48.76036  -45.63692    34.8359    34.8353     3.6034     3.6028    27.6963    27.6959    6.68962    6.67186         27 0.0000e+00
      62097   2587.352    460.000     3.6350   3.229882     3.6345   3.229794      58.98     0.0137     2.8542     2.5083  33.516483  3.6451323   48.76036  -45.63692    34.8358    34.8353     3.6032     3.6027    27.6962    27.6959    6.69546    6.67069         22 0.0000e+00
      62117   2588.184    459.000     3.6349   3.229829     3.6346   3.229754      98.29     0.0131     2.8550     2.5090  33.517296  3.6446905   48.76036  -45.63692    34.8359    34.8353     3.6031     3.6028    27.6962    27.6958    6.69173    6.67763         18 0.0000e+00
      62135   2588.920    458.000     3.6349   3.229779     3.6347   3.229718      45.23     0.0165     2.8548     2.5094  33.516479  3.6446886   48.76036  -45.63692    34.8358    34.8353     3.6032     3.6030    27.6962    27.6958    6.68634    6.67578         17 0.0000e+00
      62152   2589.638    457.000     3.6349   3.229730     3.6347   3.229673      84.16     0.0204     2.8548     2.5097  33.517288  3.6446886   48.76037  -45.63692    34.8358    34.8353     3.6032     3.6031    27.6962    27.6958    6.68462    6.67730         18 0.0000e+00
      62171   2590.401    456.000     3.6349   3.229695     3.6348   3.229640      98.35     0.0209     2.8543     2.5103  33.517254  3.6446886   48.76038  -45.63692    34.8359    34.8353     3.6033     3.6032    27.6962    27.6958    6.68357    6.67862         19 0.0000e+00
      62191   2591.269    455.000     3.6350   3.229655     3.6349   3.229607      98.12     0.0191     2.8549     2.5108  33.516483  3.6446886   48.76038  -45.63692    34.8359    34.8353     3.6035     3.6034    27.6962    27.6958    6.69073    6.67393         22 0.0000e+00
      62215   2592.249    454.000     3.6352   3.229624     3.6354   3.229606      49.44     0.0175     2.8553     2.5107  33.516483  3.6446886   48.76038  -45.63692    34.8358    34.8353     3.6038     3.6040    27.6961    27.6957    6.68618    6.67426         24 0.0000e+00
      62238   2593.216    453.000     3.6356   3.229601     3.6361   3.229612      99.00     0.0146     2.8555     2.5113  33.516483  3.6446886   48.76038  -45.63692    34.8356    34.8352     3.6043     3.6048    27.6959    27.6956    6.68964    6.67296         23 0.0000e+00
      62260   2594.104    452.000     3.6362   3.229624     3.6365   3.229609      98.63     0.0148     2.8559     2.5109  33.516483  3.6446886   48.76038  -45.63692    34.8357    34.8352     3.6050     3.6053    27.6960    27.6955    6.69055    6.66917         20 0.0000e+00
      62280   2594.968    451.000     3.6368   3.229637     3.6375   3.229658      44.82     0.0167     2.8565     2.5113  33.516483  3.6446886   48.76038  -45.63692    34.8358    34.8354     3.6056     3.6063    27.6960    27.6955    6.69058    6.67336         21 0.0000e+00
      62301   2595.836    450.000     3.6377   3.229681     3.6386   3.229722      70.98     0.0161     2.8567     2.5114  33.516483  3.6446886   48.76038  -45.63692    34.8359    34.8355     3.6066     3.6074    27.6959    27.6956    6.69188    6.67376         21 0.0000e+00
      62323   2596.752    449.000     3.6389   3.229746     3.6401   3.229834      98.08     0.0147     2.8578     2.5121  33.516483  3.6446886   48.76038  -45.63692    34.8360    34.8357     3.6078     3.6090    27.6959    27.6956    6.69279    6.67501         24 0.0000e+00
      62349   2597.843    448.000     3.6401   3.229823     3.6417   3.229938      58.55     0.0126     2.8576     2.5120  33.516483  3.6446886   48.76038  -45.63692    34.8362    34.8358     3.6091     3.6107    27.6959    27.6954    6.68698    6.66781         29 0.0000e+00
      62379   2599.094    447.000     3.6414   3.229874     3.6432   3.230031      99.10     0.0137     2.8578     2.5119  33.516483  3.6446886   48.76038  -45.63692    34.8359    34.8359     3.6105     3.6123    27.6956    27.6953    6.68115    6.66766         29 0.0000e+00
      62405   2600.173    446.000     3.6442   3.230076     3.6461   3.230267      98.25     0.0154     2.8574     2.5120  33.516483  3.6446886   48.76038  -45.63692    34.8359    34.8362     3.6133     3.6152    27.6953    27.6953    6.68131    6.66903         22 0.0000e+00
      62426   2601.029    445.000     3.6471   3.230343     3.6474   3.230341      98.62     0.0128     2.8578     2.5123  33.515743  3.6446886   48.76038  -45.63692    34.8366    34.8362     3.6163     3.6166    27.6955    27.6952    6.68823    6.67130         20 0.0000e+00
      62444   2601.787    444.000     3.6475   3.230345     3.6472   3.230265      56.24     0.0112     2.8581     2.5128  33.516479  3.6446886   48.76038  -45.63692    34.8367    34.8361     3.6168     3.6164    27.6955    27.6951    6.68838    6.67164         17 0.0000e+00
      62461   2602.509    443.000     3.6468   3.230246     3.6453   3.230024      70.24     0.0163     2.8586     2.5129  33.515610  3.6446886   48.76038  -45.63692    34.8368    34.8357     3.6162     3.6147    27.6957    27.6950    6.68990    6.66719         17 0.0000e+00
      62479   2603.232    442.000     3.6452   3.230041     3.6429   3.229726      98.76     0.0160     2.8591     2.5128  33.516487  3.6446886   48.76038  -45.63692    34.8365    34.8353     3.6146     3.6123    27.6956    27.6949    6.69044    6.66304         18 0.0000e+00
      62496   2603.953    441.000     3.6434   3.229794     3.6419   3.229580      98.64     0.0169     2.8594     2.5126  33.516483  3.6446886   48.76038  -45.63692    34.8361    34.8351     3.6129     3.6114    27.6955    27.6948    6.68862    6.66656         17 0.0000e+00
      62513   2604.678    440.000     3.6425   3.229647     3.6418   3.229531      66.49     0.0169     2.8595     2.5132  33.519695  3.6452239   48.76038  -45.63692    34.8358    34.8352     3.6120     3.6113    27.6953    27.6949    6.68877    6.67347         18 0.0000e+00
      62531   2605.425    439.000     3.6424   3.229589     3.6427   3.229568      63.26     0.0204     2.8601     2.5136  33.517338  3.6484344   48.76038  -45.63692    34.8357    34.8351     3.6121     3.6124    27.6952    27.6948    6.68774    6.67458         18 0.0000e+00
      62552   2606.285    438.000     3.6429   3.229583     3.6437   3.229622      94.82     0.0227     2.8602     2.5144  33.517120  3.6451397   48.76038  -45.63692    34.8357    34.8353     3.6126     3.6134    27.6952    27.6947    6.68549    6.67659         23 0.0000e+00
      62580   2607.470    437.000     3.6442   3.229657     3.6462   3.229822      67.54     0.0193     2.8609     2.5149  33.516510  3.6449661   48.76038  -45.63692    34.8357    34.8355     3.6140     3.6160    27.6950    27.6947    6.69025    6.67309         36 0.0000e+00
