data/CTD/2014/CNV/u017a019.cnv
* Sea-Bird SBE 9 Data File:
* FileName = C:\CTD_ACQUISITION\2014017HUD\ctddata\017A019.hdr
* Software Version Seasave V 7.22.2
* Temperature SN = 5081
* Conductivity SN = 3561
* Number of Bytes Per Scan = 37
* Number of Voltage Words = 4
* Number of Scans Averaged by the Deck Unit = 1
* NMEA Latitude = 53 09.00 N
* NMEA Longitude = 050 44.34 W
* NMEA UTC (Time) = Jul 04 2014 21:31:06
* NMEA baud rate = 9600
** Ship: Hudson
** Cruise: HUD2014017
** Chief_Scientist: Blair Greenan
** Organization: BIO
** Area_of_Operation: Sackville Spur
** Station: 019
** Sounding:  2518
** Event_Comments: K9, 403089
# nquan = 25
# nvalues = 3072                        
# units = specified
# name 0 = scan: Scan Count
# name 1 = timeS: Time, Elapsed [seconds]
# name 2 = prDM: Pressure, Digiquartz [db]
# name 3 = t068C: Temperature [ITS-68, deg C]
# name 4 = c0S/m: Conductivity [S/m]
# name 5 = t168C: Temperature, 2 [ITS-68, deg C]
# name 6 = c1S/m: Conductivity, 2 [S/m]
# name 7 = altM: Altimeter [m]
# name 8 = flC: Fluorescence, Chelsea Aqua 3 Chl Con [ug/l]
# name 9 = sbeox0V: Oxygen raw, SBE 43 [V]
# name 10 = sbeox1V: Oxygen raw, SBE 43, 2 [V]
# name 11 = upoly0: Upoly 0, Optode 4330F - O2 D-Phase
# name 12 = upoly1: Upoly 1, Optode 4330F - O2 Temp
# name 13 = latitude: Latitude [deg]
# name 14 = longitude: Longitude [deg]
# name 15 = sal00: Salinity, Practical [PSU]
# name 16 = sal11: Salinity, Practical, 2 [PSU]
# name 17 = potemp068C: Potential Temperature [ITS-68, deg C]
# name 18 = potemp168C: Potential Temperature, 2 [ITS-68, deg C]
# name 19 = sigma-é00: Density [sigma-theta, Kg/m^3]
# name 20 = sigma-é11: Density, 2 [sigma-theta, Kg/m^3]
# name 21 = sbeox0ML/L: Oxygen, SBE 43 [ml/l], WS = 2
# name 22 = sbeox1ML/L: Oxygen, SBE 43, 2 [ml/l], WS = 2
# name 23 = nbin: number of scans per bin
# name 24 = flag: flag
# span 0 =      80926,     171669       
# span 1 =   3371.870,   7152.814       
# span 2 =      1.000,   3072.000       
# span 3 =     1.8694,     8.8567       
# span 4 =   3.184053,   3.656813       
# span 5 =     1.8682,     8.8667       
# span 6 =   3.183957,   3.658537       
# span 7 =       2.19,     103.26       
# span 8 =     0.0059,     0.2367       
# span 9 =     2.1181,     3.4407       
# span 10 =     1.8754,     3.0233      
# span 11 =  30.050722,  35.569000      
# span 12 =  1.8569529,  8.8651724      
# span 13 =   53.15180,   53.15367      
# span 14 =  -50.73308,  -50.72289      
# span 15 =    34.5337,    34.9152      
# span 16 =    34.5427,    34.9153      
# span 17 =     1.6398,     8.8563      
# span 18 =     1.6388,     8.8666      
# span 19 =    26.7762,    27.9147      
# span 20 =    26.7816,    27.9150      
# span 21 =    6.27629,    7.38721      
# span 22 =    6.20689,    7.44335      
# span 23 =          9,         76      
# span 24 = 0.0000e+00, 0.0000e+00      
# interval = decibars: 1                
# start_time = Jul 04 2014 21:31:06 [NMEA time, header]
# bad_flag = -9.990e-29
*END*
[from data line 3015]
     163472   6811.280     57.000     4.0864   3.240593     4.0979   3.241797      98.63     0.0506     3.1909     2.8163  32.227108  4.0647130   53.15306  -50.72444    34.7021    34.7042     4.0824     4.0939    27.5407    27.5411    7.21933    7.28239         21 0.0000e+00
     163554   6814.688     56.000     4.0898   3.240894     4.0992   3.241745      98.64     0.0571     3.2029     2.8227  32.215446  4.0719328   53.15308  -50.72443    34.7026    34.7028     4.0859     4.0953    27.5407    27.5398    7.23541    7.24984         21 0.0000e+00
     163585   6816.004     55.000     4.0960   3.241407     4.0928   3.241160      98.63     0.0563     3.2059     2.8226  32.212444  4.0744886   53.15308  -50.72442    34.7027    34.7031     4.0922     4.0890    27.5401    27.5408    7.22513    7.23785         11 0.0000e+00
     163596   6816.447     54.000     4.1133   3.242922     4.1068   3.242460      98.63     0.0558     3.2070     2.8221  32.212456  4.0804667   53.15308  -50.72442    34.7021    34.7043     4.1103     4.1031    27.5377    27.5402    7.22346    7.23216         10 0.0000e+00
     163606   6816.885     53.000     4.1421   3.244996     4.1581   3.246958      98.63     0.0591     3.2066     2.8217  32.212456  4.0843401   53.15308  -50.72442    34.7000    34.7040     4.1361     4.1544    27.5333    27.5346    7.21686    7.23045         11 0.0000e+00
     163618   6817.364     52.000     4.1869   3.248830     4.2793   3.256947      98.63     0.0649     3.2073     2.8224  32.212456  4.0842490   53.15308  -50.72442    34.6962    34.6947     4.1832     4.2757    27.5254    27.5142    7.21219    7.22909         13 0.0000e+00
     163633   6818.008     51.000     4.2754   3.256094     4.3507   3.262737      98.63     0.0736     3.2084     2.8229  32.208405  4.0851488   53.15308  -50.72440    34.6893    34.6883     4.2718     4.3471    27.5103    27.5015    7.20045    7.21935         20 0.0000e+00
     164128   6838.621     50.000     4.3465   3.261763     4.3324   3.260499      98.57     0.0780     3.2328     2.8492  32.012005  4.2908869   53.15314  -50.72432    34.6815    34.6817     4.3429     4.3289    27.4965    27.4982    7.25610    7.29909         69 0.0000e+00
     164812   6867.138     49.000     4.4163   3.267219     4.4206   3.267643      98.42     0.0850     3.2604     2.8761  31.867044  4.4144506   53.15321  -50.72419    34.6732    34.6736     4.4128     4.4171    27.4823    27.4822    7.33164    7.36548         57 0.0000e+00
     164775   6865.567     48.000     4.4341   3.268542     4.4356   3.268783      98.64     0.0878     3.2638     2.8786  31.884632  4.3968253   53.15320  -50.72420    34.6706    34.6718     4.4306     4.4321    27.4783    27.4791    7.34697    7.38961         19 0.0000e+00
     164791   6866.254     47.000     4.5062   3.274290     4.5025   3.274304      98.63     0.0905     3.2686     2.8821  31.878006  4.3968253   53.15320  -50.72420    34.6629    34.6669     4.5028     4.4991    27.4643    27.4679    7.35075    7.38890         17 0.0000e+00
     164807   6866.933     46.000     4.5492   3.278007     4.5600   3.279072      98.63     0.0963     3.2714     2.8853  31.875549  4.3968253   53.15321  -50.72419    34.6620    34.6631     4.5458     4.5566    27.4588    27.4585    7.34608    7.39150         17 0.0000e+00
     164834   6868.048     45.000     4.5748   3.280201     4.5922   3.281691      94.97     0.0997     3.2785     2.8928  31.857872  4.4107471   53.15322  -50.72418    34.6614    34.6606     4.5715     4.5889    27.4555    27.4529    7.37265    7.42843         45 0.0000e+00
     164905   6870.988     44.000     4.5767   3.280239     4.5599   3.279082      88.37     0.1061     3.2952     2.9106  31.810915  4.4858327   53.15322  -50.72418    34.6604    34.6645     4.5735     4.5566    27.4545    27.4596    7.38270    7.44335         56 0.0000e+00
     164930   6872.041     43.000     4.6200   3.283941     4.6101   3.283270      98.85     0.1045     3.2948     2.9128  31.815441  4.5051484   53.15322  -50.72418    34.6589    34.6614     4.6169     4.6069    27.4485    27.4516    7.34983    7.42982         23 0.0000e+00
     164952   6872.973     42.000     4.7161   3.292035     4.7196   3.292480      98.63     0.1069     3.2979     2.9138  31.802290  4.5095282   53.15322  -50.72416    34.6535    34.6550     4.7129     4.7165    27.4335    27.4342    7.37610    7.40839         24 0.0000e+00
     164977   6873.984     41.000     4.7766   3.296994     4.8066   3.300013      98.63     0.1183     3.3030     2.9152  31.798517  4.5087461   53.15322  -50.72416    34.6486    34.6525     4.7735     4.8035    27.4227    27.4224    7.38291    7.40440         24 0.0000e+00
     165001   6874.980     40.000     4.9205   3.309363     4.9631   3.313948      98.63     0.1274     3.3076     2.9170  31.758184  4.5238309   53.15324  -50.72416    34.6430    34.6518     4.9174     4.9601    27.4019    27.4039    7.36061    7.38483         24 0.0000e+00
     165564   6898.460     39.000     5.1643   3.330816     5.1986   3.334469      98.59     0.1318     3.3318     2.9388  31.525539  4.8651071   53.15329  -50.72405    34.6383    34.6449     5.1612     5.1956    27.3698    27.3710    7.38560    7.42814         22 0.0000e+00
     166045   6918.488     38.000     5.2808   3.341058     5.2813   3.341346      98.56     0.1388     3.3506     2.9575  31.324694  5.1577849   53.15333  -50.72394    34.6362    34.6389     5.2778     5.2783    27.3543    27.3564    7.37452    7.43230         57 0.0000e+00
     166210   6925.381     37.000     5.2871   3.341763     5.3248   3.345250      69.22     0.1385     3.3527     2.9598  31.273144  5.2569685   53.15334  -50.72392    34.6383    34.6393     5.2842     5.3219    27.3552    27.3516    7.38721    7.42325         41 0.0000e+00
     166229   6926.187     36.000     5.4263   3.353936     5.3559   3.348424      98.86     0.1359     3.3563     2.9622  31.270807  5.2565064   53.15336  -50.72390    34.6346    34.6441     5.4234     5.3531    27.3356    27.3516    7.37897    7.42109         19 0.0000e+00
     166249   6926.995     35.000     5.6719   3.375178     5.6763   3.377008      98.38     0.1352     3.3582     2.9632  31.264303  5.2564101   53.15336  -50.72390    34.6246    34.6409     5.6691     5.6735    27.2977    27.3100    7.32261    7.33524         21 0.0000e+00
     166273   6927.994     34.000     5.8506   3.391697     5.9338   3.399502      98.29     0.1305     3.3568     2.9553  31.246765  5.2644458   53.15336  -50.72390    34.6293    34.6325     5.8478     5.9310    27.2792    27.2712    7.26429    7.25455         29 0.0000e+00
     166312   6929.607     33.000     5.9193   3.397923     6.0217   3.407363      98.27     0.1267     3.3552     2.9567  31.181900  5.3187428   53.15336  -50.72389    34.6306    34.6324     5.9160     6.0190    27.2716    27.2599    7.26395    7.32147         46 0.0000e+00
     166352   6931.312     32.000     6.0280   3.407443     6.0771   3.412350      98.19     0.1233     3.3546     2.9598  31.109354  5.4959879   53.15336  -50.72388    34.6268    34.6320     6.0253     6.0744    27.2548    27.2525    7.23511    7.27426         35 0.0000e+00
     166386   6932.701     31.000     6.1759   3.420872     6.2567   3.428748      98.23     0.1198     3.3515     2.9568  31.103415  5.6393857   53.15336  -50.72388    34.6275    34.6336     6.1733     6.2541    27.2363    27.2306    7.17715    7.22041         32 0.0000e+00
     166766   6948.530     30.000     6.4949   3.449599     6.5072   3.450878      90.26     0.1210     3.3513     2.9535  30.955332  6.1254997   53.15339  -50.72380    34.6250    34.6269     6.4923     6.5045    27.1923    27.1922    7.13442    7.16234         66 0.0000e+00
     167635   6984.733     29.000     6.8325   3.479296     6.7920   3.475967      98.45     0.1151     3.3617     2.9622  30.834532  6.7846413   53.15344  -50.72363    34.6139    34.6179     6.8299     6.7894    27.1383    27.1470    7.13199    7.15029         35 0.0000e+00
     167614   6983.864     28.000     7.0196   3.495843     7.1649   3.509601      91.34     0.1300     3.3628     2.9617  30.820679  6.7756038   53.15344  -50.72364    34.6084    34.6136     7.0170     7.1623    27.1082    27.0919    7.10088    7.09670         29 0.0000e+00
     167649   6985.321     27.000     7.2589   3.516834     7.4708   3.535753      97.51     0.1410     3.3636     2.9595  30.820513  6.8660722   53.15344  -50.72364    34.5991    34.5936     7.2564     7.4682    27.0672    27.0328    7.05961    7.05324         45 0.0000e+00
     167698   6987.372     26.000     7.4570   3.533798     7.5332   3.541171      67.51     0.1555     3.3642     2.9595  30.699358  6.9650764   53.15344  -50.72363    34.5873    34.5885     7.4545     7.5308    27.0298    27.0195    7.02972    7.02296         44 0.0000e+00
     167733   6988.823     25.000     7.5285   3.539712     7.6541   3.552490      99.24     0.1693     3.3646     2.9601  30.653233  7.2729063   53.15345  -50.72362    34.5802    34.5937     7.5261     7.6517    27.0139    27.0064    7.01448    7.01281         29 0.0000e+00
     167759   6989.909     24.000     7.6831   3.554070     7.7722   3.562779      98.63     0.1760     3.3645     2.9590  30.644573  7.3374414   53.15346  -50.72362    34.5824    34.5881     7.6808     7.7699    26.9933    26.9847    6.99022    6.96572         24 0.0000e+00
     167783   6990.921     23.000     7.7730   3.562377     7.8207   3.567077      95.91     0.1764     3.3643     2.9569  30.645277  7.4142780   53.15346  -50.72362    34.5835    34.5868     7.7707     7.8184    26.9809    26.9766    6.97466    6.95504         25 0.0000e+00
     167815   6992.259     22.000     7.8123   3.566077     7.8345   3.568203      81.87     0.1822     3.3657     2.9581  30.645309  7.4412351   53.15346  -50.72361    34.5848    34.5858     7.8102     7.8323    26.9762    26.9737    6.98070    6.96646         47 0.0000e+00
     167885   6995.155     21.000     7.8187   3.566567     7.8043   3.565044      81.94     0.1677     3.3684     2.9644  30.616703  7.5475206   53.15346  -50.72360    34.5845    34.5829     7.8164     7.8023    26.9750    26.9759    6.97722    6.98414         59 0.0000e+00
     168344   7014.299     20.000     7.8262   3.567052     7.8322   3.567564      95.61     0.1840     3.3737     2.9701  30.556042  7.7400365   53.15348  -50.72350    34.5825    34.5821     7.8243     7.8302    26.9723    26.9711    6.99514    6.99562         46 0.0000e+00
     169149   7047.822     19.000     7.8717   3.571260     7.8749   3.571504      92.42     0.1925     3.3888     2.9828  30.492590  7.8857770   53.15353  -50.72334    34.5832    34.5828     7.8699     7.8730    26.9661    26.9653    7.04389    7.03853         71 0.0000e+00
     169301   7054.186     18.000     7.8783   3.571820     7.8827   3.572210      77.12     0.1896     3.3989     2.9925  30.489983  7.9038553   53.15354  -50.72330    34.5832    34.5831     7.8766     7.8809    26.9652    26.9644    7.05491    7.07409         34 0.0000e+00
     169324   7055.128     17.000     7.8896   3.572795     7.8979   3.573714      87.98     0.1952     3.4028     3.0001  30.489798  7.9035401   53.15354  -50.72330    34.5831    34.5847     7.8879     7.8962    26.9633    26.9634    7.08341    7.12391         21 0.0000e+00
     169345   7055.982     16.000     7.9114   3.574938     7.9173   3.575565      86.77     0.2006     3.4080     3.0083  30.481598  7.9039965   53.15354  -50.72330    34.5849    34.5858     7.9099     7.9158    26.9616    26.9614    7.10837    7.13464         21 0.0000e+00
     169368   7056.963     15.000     7.9269   3.576408     7.9374   3.577447      98.20     0.2137     3.4167     3.0149  30.475597  7.9129696   53.15354  -50.72329    34.5859    34.5867     7.9254     7.9359    26.9600    26.9591    7.12057    7.12889         27 0.0000e+00
     169405   7058.506     14.000     7.9610   3.579487     7.9460   3.578145      88.55     0.2270     3.4241     3.0185  30.465662  7.9240723   53.15354  -50.72328    34.5858    34.5862     7.9596     7.9446    26.9549    26.9574    7.10522    7.08989         47 0.0000e+00
     169450   7060.364     13.000     7.9844   3.581648     7.9502   3.578522      98.93     0.2367     3.4241     3.0107  30.407471  7.9814920   53.15354  -50.72328    34.5863    34.5865     7.9831     7.9490    26.9518    26.9570    7.06097    7.03884         38 0.0000e+00
     169485   7061.833     12.000     8.0772   3.588025     8.1749   3.598631      57.14     0.2344     3.4249     3.0104  30.349541  8.0478296   53.15354  -50.72328    34.5635    34.5806     8.0760     8.1737    26.9199    26.9186    7.09123    7.04938         34 0.0000e+00
     169520   7063.287     11.000     8.3120   3.608821     8.4692   3.624022      99.08     0.2292     3.4294     3.0070  30.336851  8.1252470   53.15354  -50.72326    34.5548    34.5583     8.3109     8.4681    26.8775    26.8556    7.03747    6.99332         36 0.0000e+00
     169584   7065.979     10.000     8.4557   3.621089     8.5874   3.634241      83.61     0.2210     3.4264     3.0082  30.288799  8.1904697   53.15354  -50.72326    34.5446    34.5550     8.4547     8.5863    26.8475    26.8353    6.99885    6.98913         34 0.0000e+00
     170613   7108.813      9.000     8.6334   3.638022     8.6260   3.637243      78.80     0.2228     3.4347     3.0203  30.113628  8.6753645   53.15360  -50.72308    34.5504    34.5494     8.6325     8.6251    26.8245    26.8249    7.00760    6.98227         34 0.0000e+00
     170625   7109.327      8.000     8.6460   3.639070     8.6404   3.638597      97.97     0.2152     3.4364     3.0198  30.117216  8.6654453   53.15360  -50.72308    34.5497    34.5501     8.6451     8.6396    26.8219    26.8232    7.00823    6.98629         35 0.0000e+00
     170671   7111.245      7.000     8.6579   3.640200     8.6642   3.640704      80.40     0.2225     3.4362     3.0215  30.117216  8.6677008   53.15362  -50.72306    34.5504    34.5496     8.6572     8.6634    26.8206    26.8190    6.99292    6.97810         53 0.0000e+00
     170713   7113.002      6.000     8.6653   3.640773     8.6721   3.641406      78.19     0.2195     3.4344     3.0189  30.117216  8.6841269   53.15362  -50.72306    34.5498    34.5498     8.6646     8.6714    26.8190    26.8179    6.99196    6.97165         31 0.0000e+00
     170742   7114.194      5.000     8.6806   3.642145     8.6904   3.643242      98.74     0.2204     3.4354     3.0203  30.117216  8.6877928   53.15362  -50.72305    34.5499    34.5517     8.6801     8.6899    26.8167    26.8165    6.99890    6.98273         28 0.0000e+00
     170769   7115.337      4.000     8.7053   3.644547     8.7210   3.646242      73.26     0.2207     3.4376     3.0216  30.117216  8.6944094   53.15362  -50.72304    34.5514    34.5540     8.7049     8.7205    26.8140    26.8135    7.01175    6.98072         27 0.0000e+00
     170806   7116.854      3.000     8.7225   3.646324     8.7452   3.648506      84.14     0.2211     3.4407     3.0233  30.096821  8.7011919   53.15362  -50.72304    34.5539    34.5547     8.7221     8.7449    26.8132    26.8102    7.00143    6.97179         55 0.0000e+00
     170960   7123.282      2.000     8.7599   3.649884     8.7601   3.649812      79.89     0.2144     3.4386     3.0220  30.071163  8.7879524   53.15363  -50.72302    34.5543    34.5544     8.7608     8.7599    26.8074    26.8076    6.98350    6.96290         63 0.0000e+00
     171669   7152.814      1.000     8.8567   3.656813     8.8667   3.658537      51.09     0.2130     3.3617     2.9150  30.050722  8.8651724   53.15367  -50.72289    34.5337    34.5427     8.8563     8.8666    26.7762    26.7816    6.75215    6.56083         27 0.0000e+00
