data/CTD/2014/CNV/u017a011.cnv
* Sea-Bird SBE 9 Data File:
* FileName = C:\CTD_ACQUISITION\2014017HUD\ctddata\017A011.hdr
* Software Version Seasave V 7.22.2
* Temperature SN = 5081
* Conductivity SN = 3561
* Number of Bytes Per Scan = 37
* Number of Voltage Words = 4
* Number of Scans Averaged by the Deck Unit = 1
* NMEA Latitude = 52 45.35 N
* NMEA Longitude = 051 52.12 W
* NMEA UTC (Time) = Jul 03 2014 20:37:39
* NMEA baud rate = 9600
** Ship: Hudson
** Cruise: HUD2014017
** Chief_Scientist: Blair Greenan
** Organization: BIO
** Area_of_Operation: Sackville Spur
** Station: 011
** Sounding:  343
** Event_Comments: C2 403022
# nquan = 25
# nvalues = 333                         
# units = specified
# name 0 = scan: Scan Count
# name 1 = timeS: Time, Elapsed [seconds]
# name 2 = prDM: Pressure, Digiquartz [db]
# name 3 = t068C: Temperature [ITS-68, deg C]
# name 4 = c0S/m: Conductivity [S/m]
# name 5 = t168C: Temperature, 2 [ITS-68, deg C]
# name 6 = c1S/m: Conductivity, 2 [S/m]
# name 7 = altM: Altimeter [m]
# name 8 = flC: Fluorescence, Chelsea Aqua 3 Chl Con [ug/l]
# name 9 = sbeox0V: Oxygen raw, SBE 43 [V]
# name 10 = sbeox1V: Oxygen raw, SBE 43, 2 [V]
# name 11 = upoly0: Upoly 0, Optode 4330F - O2 D-Phase
# name 12 = upoly1: Upoly 1, Optode 4330F - O2 Temp
# name 13 = latitude: Latitude [deg]
# name 14 = longitude: Longitude [deg]
# name 15 = sal00: Salinity, Practical [PSU]
# name 16 = sal11: Salinity, Practical, 2 [PSU]
# name 17 = potemp068C: Potential Temperature [ITS-68, deg C]
# name 18 = potemp168C: Potential Temperature, 2 [ITS-68, deg C]
# name 19 = sigma-é00: Density [sigma-theta, Kg/m^3]
# name 20 = sigma-é11: Density, 2 [sigma-theta, Kg/m^3]
# name 21 = sbeox0ML/L: Oxygen, SBE 43 [ml/l], WS = 2
# name 22 = sbeox1ML/L: Oxygen, SBE 43, 2 [ml/l], WS = 2
# name 23 = nbin: number of scans per bin
# name 24 = flag: flag
# span 0 =      20741,      42892       
# span 1 =    864.179,   1787.138       
# span 2 =      1.000,    333.000       
# span 3 =    -1.1821,     4.0015       
# span 4 =   2.665143,   3.238713       
# span 5 =    -1.1870,     4.0388       
# span 6 =   2.664427,   3.238573       
# span 7 =       5.05,     101.43       
# span 8 =     0.0132,     0.7309       
# span 9 =     2.9019,     3.7889       
# span 10 =     2.5563,     3.3726      
# span 11 =  28.659546,  32.505650      
# span 12 = -0.8481256,  3.2042851      
# span 13 =   52.75346,   52.75450      
# span 14 =  -51.86424,  -51.85901      
# span 15 =    31.4276,    34.7740      
# span 16 =    31.4215,    34.7731      
# span 17 =    -1.1828,     3.9989      
# span 18 =    -1.1877,     4.0388      
# span 19 =    24.9456,    27.6608      
# span 20 =    24.9369,    27.6601      
# span 21 =    6.61751,   10.29037      
# span 22 =    6.61647,   10.66011      
# span 23 =         10,         90      
# span 24 = 0.0000e+00, 0.0000e+00      
# interval = decibars: 1                
# start_time = Jul 03 2014 20:37:39 [NMEA time, header]
# bad_flag = -9.990e-29
*END*
[from data line 232]
      28099   1170.745    101.000     0.1905   2.844467     0.1902   2.844301      73.26     0.0310     2.9700     2.6118  30.654308  1.5666128   52.75372  -51.86332    33.9410    33.9390     0.1868     0.1866    27.2416    27.2400    7.43878    7.45869         43 0.0000e+00
      28448   1185.312    100.000     0.1165   2.836966     0.1101   2.836093      84.68     0.0284     2.9719     2.6155  30.800123  1.2609720   52.75372  -51.86323    33.9245    33.9215     0.1129     0.1066    27.2321    27.2301    7.42650    7.45827         76 0.0000e+00
      29374   1223.868     99.000     0.0208   2.827345     0.0190   2.827114      71.61     0.0266     2.9660     2.6119  31.162884  0.5064546   52.75370  -51.86299    33.9039    33.9029     0.0174     0.0156    27.2205    27.2197    7.41924    7.45273         30 0.0000e+00
      29454   1227.191     98.000     0.0114   2.826393     0.0049   2.825702      99.38     0.0254     2.9658     2.6110  31.210228  0.4240032   52.75370  -51.86297    33.9024    33.9005     0.0080     0.0015    27.2197    27.2185    7.43191    7.46801         50 0.0000e+00
      29491   1228.731     97.000     0.0052   2.825773    -0.0040   2.824794      60.59     0.0242     2.9662     2.6120  31.207771  0.3843420   52.75370  -51.86296    33.9016    33.8989     0.0018    -0.0074    27.2195    27.2177    7.43783    7.47179         23 0.0000e+00
      29510   1229.526     96.000    -0.0196   2.823284    -0.0241   2.822556      98.85     0.0296     2.9675     2.6120  31.206341  0.4318362   52.75370  -51.86296    33.8967    33.8921    -0.0229    -0.0274    27.2167    27.2132    7.42504    7.45912         18 0.0000e+00
      29526   1230.203     95.000    -0.0559   2.819281    -0.0609   2.818460      98.63     0.0297     2.9660     2.6106  31.215075  0.3760783   52.75370  -51.86294    33.8845    33.8792    -0.0591    -0.0641    27.2087    27.2046    7.40197    7.44833         15 0.0000e+00
      29541   1230.838     94.000    -0.0806   2.816382    -0.0892   2.815209      69.75     0.0308     2.9631     2.6091  31.223993  0.3710712   52.75370  -51.86294    33.8740    33.8680    -0.0837    -0.0923    27.2014    27.1970    7.39748    7.44082         15 0.0000e+00
      29558   1231.530     93.000    -0.0895   2.815237    -0.1049   2.813547      48.23     0.0308     2.9614     2.6071  31.226866  0.4097994   52.75370  -51.86294    33.8693    33.8640    -0.0926    -0.1080    27.1981    27.1945    7.40517    7.43850         19 0.0000e+00
      29582   1232.537     92.000    -0.0925   2.814870    -0.1189   2.812130      93.55     0.0320     2.9601     2.6057  31.229233  0.3548228   52.75370  -51.86293    33.8685    33.8613    -0.0957    -0.1220    27.1975    27.1931    7.41959    7.45452         33 0.0000e+00
      29629   1234.515     91.000    -0.0957   2.814603    -0.0876   2.815520      80.41     0.0285     2.9606     2.6069  31.244219  0.3502102   52.75370  -51.86292    33.8690    33.8722    -0.0988    -0.0907    27.1981    27.2003    7.44796    7.49192         51 0.0000e+00
      29663   1235.924     90.000    -0.0912   2.815097    -0.0870   2.815504      99.18     0.0311     2.9641     2.6098  31.254141  0.3476734   52.75370  -51.86292    33.8712    33.8719    -0.0942    -0.0900    27.1996    27.2000    7.45300    7.48891         21 0.0000e+00
      29681   1236.655     89.000    -0.1512   2.809040    -0.1370   2.809895      98.63     0.0312     2.9634     2.6097  31.254587  0.2868134   52.75370  -51.86291    33.8579    33.8535    -0.1542    -0.1400    27.1918    27.1876    7.42868    7.48762         16 0.0000e+00
      29696   1237.288     88.000    -0.2153   2.802172    -0.2087   2.802341      71.78     0.0317     2.9617     2.6097  31.256157  0.3421632   52.75370  -51.86290    33.8382    33.8332    -0.2181    -0.2116    27.1790    27.1746    7.43312    7.49272         15 0.0000e+00
      29711   1237.926     87.000    -0.2380   2.799624    -0.2600   2.797020      69.17     0.0317     2.9611     2.6088  31.253708  0.3233131   52.75370  -51.86290    33.8301    33.8198    -0.2408    -0.2628    27.1735    27.1662    7.44887    7.48348         16 0.0000e+00
      29728   1238.642     86.000    -0.2699   2.796268    -0.2949   2.793390      39.05     0.0304     2.9605     2.6073  31.270281  0.2694227   52.75370  -51.86289    33.8215    33.8108    -0.2727    -0.2976    27.1680    27.1605    7.45438    7.47806         19 0.0000e+00
      29752   1239.609     85.000    -0.2897   2.794089    -0.3148   2.791201      88.60     0.0299     2.9596     2.6054  31.273550  0.3006453   52.75370  -51.86288    33.8149    33.8042    -0.2924    -0.3174    27.1636    27.1562    7.45239    7.48506         29 0.0000e+00
      29790   1241.205     84.000    -0.2615   2.796884    -0.2976   2.793245      77.19     0.0286     2.9586     2.6045  31.260101  0.2680706   52.75370  -51.86288    33.8215    33.8130    -0.2642    -0.3003    27.1676    27.1625    7.45638    7.49529         45 0.0000e+00
      29828   1242.791     83.000    -0.2519   2.797850    -0.2617   2.796882      94.22     0.0262     2.9594     2.6062  31.288265  0.2382104   52.75370  -51.86286    33.8244    33.8223    -0.2546    -0.2644    27.1695    27.1683    7.46368    7.52453         30 0.0000e+00
      29861   1244.173     82.000    -0.3205   2.790734    -0.3279   2.789450      76.13     0.0290     2.9605     2.6090  31.300268  0.2346818   52.75370  -51.86286    33.8062    33.7973    -0.3231    -0.3305    27.1580    27.1511    7.47934    7.52131         35 0.0000e+00
      29892   1245.449     81.000    -0.3868   2.783444    -0.4227   2.778917      99.18     0.0344     2.9600     2.6065  31.310810  0.2408662   52.75370  -51.86286    33.7831    33.7624    -0.3893    -0.4252    27.1423    27.1272    7.47701    7.50070         27 0.0000e+00
      29917   1246.499     80.000    -0.4397   2.777133    -0.4656   2.773816      60.01     0.0334     2.9595     2.6053  31.311371  0.1824985   52.75370  -51.86286    33.7580    33.7423    -0.4421    -0.4680    27.1243    27.1128    7.49799    7.53170         24 0.0000e+00
      30472   1269.617     79.000    -0.4723   2.773322    -0.4811   2.772217      88.66     0.0307     2.9610     2.6095  31.460630 -0.0868368   52.75371  -51.86268    33.7437    33.7387    -0.4746    -0.4835    27.1142    27.1105    7.52280    7.56594         53 0.0000e+00
      31296   1303.975     78.000    -0.5285   2.767122    -0.5262   2.767323      99.14     0.0308     2.9634     2.6135  31.697603 -0.4823971   52.75372  -51.86245    33.7237    33.7238    -0.5308    -0.5285    27.1004    27.1005    7.54381    7.59935         35 0.0000e+00
      31285   1303.492     77.000    -0.5311   2.766796    -0.5287   2.766982      51.68     0.0303     2.9644     2.6140  31.692797 -0.4031843   52.75372  -51.86244    33.7228    33.7226    -0.5334    -0.5310    27.0998    27.0996    7.54026    7.58406         25 0.0000e+00
      31309   1304.486     76.000    -0.5371   2.765990    -0.5363   2.766029      98.36     0.0310     2.9646     2.6133  31.692307 -0.4864698   52.75372  -51.86244    33.7193    33.7189    -0.5394    -0.5385    27.0973    27.0969    7.52118    7.57338         24 0.0000e+00
      31333   1305.480     75.000    -0.5395   2.765548    -0.5405   2.765353      64.54     0.0377     2.9634     2.6123  31.693171 -0.4538309   52.75372  -51.86243    33.7165    33.7151    -0.5417    -0.5427    27.0951    27.0940    7.52968    7.56599         25 0.0000e+00
      31359   1306.596     74.000    -0.5399   2.765222    -0.5395   2.765019      58.45     0.0386     2.9638     2.6110  31.698484 -0.5014080   52.75372  -51.86242    33.7132    33.7101    -0.5421    -0.5417    27.0925    27.0899    7.52580    7.56443         29 0.0000e+00
      31393   1308.019     73.000    -0.5402   2.764976    -0.5417   2.764406      99.18     0.0402     2.9630     2.6107  31.708076 -0.4955324   52.75372  -51.86241    33.7109    33.7050    -0.5424    -0.5437    27.0906    27.0859    7.51571    7.57322         37 0.0000e+00
      31428   1309.456     72.000    -0.5484   2.764179    -0.5592   2.762616      57.42     0.0396     2.9614     2.6105  31.724741 -0.4841020   52.75372  -51.86240    33.7099    33.7008    -0.5505    -0.5613    27.0901    27.0833    7.50180    7.57282         30 0.0000e+00
      31453   1310.516     71.000    -0.5734   2.761383    -0.5999   2.758310      99.36     0.0316     2.9600     2.6105  31.720604 -0.5389408   52.75372  -51.86240    33.7008    33.6888    -0.5755    -0.6019    27.0838    27.0753    7.51912    7.58244         23 0.0000e+00
      31476   1311.469     70.000    -0.6135   2.757000    -0.6316   2.754948      98.63     0.0315     2.9605     2.6110  31.722811 -0.4889048   52.75372  -51.86238    33.6873    33.6795    -0.6155    -0.6336    27.0745    27.0691    7.53471    7.59486         24 0.0000e+00
      31503   1312.597     69.000    -0.6390   2.754196    -0.6556   2.752419      39.69     0.0369     2.9612     2.6115  31.723717 -0.5351620   52.75372  -51.86237    33.6783    33.6727    -0.6410    -0.6575    27.0683    27.0645    7.56189    7.60758         31 0.0000e+00
      31537   1314.009     68.000    -0.6521   2.752795    -0.6716   2.750643      79.60     0.0368     2.9639     2.6128  31.725908 -0.3040109   52.75372  -51.86236    33.6745    33.6672    -0.6540    -0.6735    27.0658    27.0607    7.56875    7.61542         33 0.0000e+00
      31565   1315.157     67.000    -0.6581   2.752135    -0.6764   2.749822      74.64     0.0388     2.9644     2.6134  31.729023  0.2006551   52.75372  -51.86236    33.6730    33.6622    -0.6600    -0.6783    27.0648    27.0568    7.55055    7.60696         23 0.0000e+00
      31586   1316.054     66.000    -0.6745   2.749817    -0.6837   2.748686      57.96     0.0395     2.9645     2.6131  31.735302  0.1839847   52.75372  -51.86236    33.6606    33.6555    -0.6764    -0.6856    27.0555    27.0517    7.55578    7.61242         21 0.0000e+00
      31608   1316.950     65.000    -0.6827   2.748681    -0.6861   2.748182      95.51     0.0427     2.9645     2.6139  31.748655  0.1685839   52.75372  -51.86235    33.6550    33.6521    -0.6845    -0.6879    27.0513    27.0490    7.57210    7.63091         24 0.0000e+00
      31644   1318.466     64.000    -0.6840   2.748464    -0.6855   2.748091      77.76     0.0399     2.9679     2.6161  31.753988 -0.3669423   52.75372  -51.86233    33.6541    33.6508    -0.6858    -0.6873    27.0506    27.0479    7.59473    7.63482         54 0.0000e+00
      31695   1320.587     63.000    -0.6789   2.749094    -0.6839   2.748343     100.76     0.0366     2.9711     2.6179  31.771231  0.0869053   52.75372  -51.86232    33.6575    33.6529    -0.6807    -0.6856    27.0532    27.0496    7.58976    7.64569         33 0.0000e+00
      31718   1321.562     62.000    -0.6904   2.747213    -0.6972   2.746187      42.40     0.0379     2.9726     2.6200  31.778881 -0.1677792   52.75372  -51.86232    33.6470    33.6393    -0.6922    -0.6990    27.0451    27.0392    7.58855    7.65882         22 0.0000e+00
      31741   1322.505     61.000    -0.7265   2.742588    -0.7371   2.741004      96.64     0.0441     2.9724     2.6211  31.777632  0.1205241   52.75372  -51.86230    33.6239    33.6143    -0.7281    -0.7388    27.0279    27.0205    7.58952    7.65164         25 0.0000e+00
      31803   1325.077     60.000    -0.7519   2.739576    -0.7714   2.736956      58.13     0.0378     2.9736     2.6225  31.782185  0.1180049   52.75372  -51.86227    33.6122    33.5984    -0.7536    -0.7730    27.0193    27.0089    7.60832    7.66654         71 0.0000e+00
      32203   1341.740     59.000    -0.7946   2.734040    -0.7969   2.733793      54.52     0.0405     2.9778     2.6247  31.855251 -0.2376987   52.75370  -51.86215    33.5854    33.5846    -0.7962    -0.7984    26.9993    26.9987    7.62383    7.67370         45 0.0000e+00
      33094   1378.877     58.000    -0.8052   2.732746    -0.8060   2.732638      77.15     0.0450     2.9760     2.6231  32.039501 -0.2914700   52.75367  -51.86190    33.5803    33.5797    -0.8067    -0.8075    26.9956    26.9951    7.60890    7.66187         49 0.0000e+00
      33323   1388.410     57.000    -0.8100   2.732116    -0.8071   2.732447      78.94     0.0494     2.9773     2.6241  32.071438 -0.3758086   52.75366  -51.86184    33.5777    33.5790    -0.8115    -0.8086    26.9936    26.9946    7.64366    7.69739         53 0.0000e+00
      33341   1389.159     56.000    -0.8134   2.731629    -0.8143   2.731389      67.31     0.0489     2.9780     2.6249  32.073700 -0.3450003   52.75366  -51.86184    33.5756    33.5733    -0.8149    -0.8158    26.9921    26.9902    7.61464    7.67621         19 0.0000e+00
      33357   1389.830     55.000    -0.8384   2.728691    -0.8373   2.728430      30.33     0.0437     2.9770     2.6245  32.073746 -0.3212337   52.75366  -51.86183    33.5643    33.5595    -0.8399    -0.8388    26.9839    26.9799    7.60726    7.67644         15 0.0000e+00
      33373   1390.496     54.000    -0.8737   2.724487    -0.8970   2.721667      98.19     0.0407     2.9761     2.6241  32.080540 -0.3296862   52.75366  -51.86182    33.5472    33.5348    -0.8752    -0.8984    26.9714    26.9622    7.61875    7.69064         17 0.0000e+00
      33391   1391.247     53.000    -0.9013   2.721342    -0.9429   2.716750      98.63     0.0380     2.9756     2.6246  32.080585 -0.3308565   52.75366  -51.86182    33.5359    33.5199    -0.9027    -0.9443    26.9632    26.9518    7.63700    7.69850         20 0.0000e+00
      33416   1392.289     52.000    -0.9281   2.718490    -0.9606   2.714905      52.99     0.0418     2.9762     2.6242  32.082737 -0.3311782   52.75366  -51.86180    33.5276    33.5151    -0.9294    -0.9619    26.9575    26.9485    7.64185    7.69708         32 0.0000e+00
      33460   1394.115     51.000    -0.8934   2.722220    -0.9189   2.719547      98.89     0.0484     2.9760     2.6233  32.093330 -0.3361813   52.75366  -51.86180    33.5403    33.5323    -0.8948    -0.9202    26.9665    26.9609    7.63596    7.68509         52 0.0000e+00
      33747   1406.102     50.000    -0.9495   2.715967    -0.9558   2.715297      58.00     0.0445     2.9740     2.6220  32.132576 -0.4146667   52.75363  -51.86171    33.5183    33.5161    -0.9507    -0.9570    26.9507    26.9492    7.64021    7.69587         87 0.0000e+00
      34620   1442.439     49.000    -0.9860   2.711804    -0.9875   2.711640      92.73     0.0488     2.9702     2.6185  32.258553 -0.5549052   52.75357  -51.86146    33.5031    33.5025    -0.9872    -0.9887    26.9397    26.9393    7.62420    7.68979         90 0.0000e+00
      34824   1450.960     48.000    -0.9942   2.710852    -0.9937   2.710942      98.63     0.0469     2.9673     2.6175  32.303288 -0.5845330   52.75355  -51.86140    33.4999    33.5003    -0.9954    -0.9949    26.9374    26.9377    7.61430    7.69198         33 0.0000e+00
      34843   1451.755     47.000    -1.0000   2.710151    -0.9987   2.710265      98.63     0.0459     2.9666     2.6177  32.302856 -0.5848884   52.75354  -51.86139    33.4975    33.4976    -1.0012    -0.9999    26.9356    26.9357    7.61520    7.68853         18 0.0000e+00
      34860   1452.477     46.000    -1.0138   2.708573    -1.0179   2.707969      56.56     0.0483     2.9658     2.6173  32.280842 -0.5931149   52.75354  -51.86138    33.4919    33.4884    -1.0149    -1.0191    26.9316    26.9289    7.60601    7.67593         17 0.0000e+00
      34878   1453.198     45.000    -1.0414   2.705424    -1.0581   2.703293      83.00     0.0483     2.9641     2.6159  32.276527 -0.5946041   52.75354  -51.86138    33.4805    33.4701    -1.0425    -1.0592    26.9233    26.9154    7.60493    7.67144         19 0.0000e+00
