data/CTD/2014/CNV/u017a019.cnv
* Sea-Bird SBE 9 Data File:
* FileName = C:\CTD_ACQUISITION\2014017HUD\ctddata\017A019.hdr
* Software Version Seasave V 7.22.2
* Temperature SN = 5081
* Conductivity SN = 3561
* Number of Bytes Per Scan = 37
* Number of Voltage Words = 4
* Number of Scans Averaged by the Deck Unit = 1
* NMEA Latitude = 53 09.00 N
* NMEA Longitude = 050 44.34 W
* NMEA UTC (Time) = Jul 04 2014 21:31:06
* NMEA baud rate = 9600
** Ship: Hudson
** Cruise: HUD2014017
** Chief_Scientist: Blair Greenan
** Organization: BIO
** Area_of_Operation: Sackville Spur
** Station: 019
** Sounding:  2518
** Event_Comments: K9, 403089
# nquan = 25
# nvalues = 3072                        
# units = specified
# name 0 = scan: Scan Count
# name 1 = timeS: Time, Elapsed [seconds]
# name 2 = prDM: Pressure, Digiquartz [db]
# name 3 = t068C: Temperature [ITS-68, deg C]
# name 4 = c0S/m: Conductivity [S/m]
# name 5 = t168C: Temperature, 2 [ITS-68, deg C]
# name 6 = c1S/m: Conductivity, 2 [S/m]
# name 7 = altM: Altimeter [m]
# name 8 = flC: Fluorescence, Chelsea Aqua 3 Chl Con [ug/l]
# name 9 = sbeox0V: Oxygen raw, SBE 43 [V]
# name 10 = sbeox1V: Oxygen raw, SBE 43, 2 [V]
# name 11 = upoly0: Upoly 0, Optode 4330F - O2 D-Phase
# name 12 = upoly1: Upoly 1, Optode 4330F - O2 Temp
# name 13 = latitude: Latitude [deg]
# name 14 = longitude: Longitude [deg]
# name 15 = sal00: Salinity, Practical [PSU]
# name 16 = sal11: Salinity, Practical, 2 [PSU]
# name 17 = potemp068C: Potential Temperature [ITS-68, deg C]
# name 18 = potemp168C: Potential Temperature, 2 [ITS-68, deg C]
# name 19 = sigma-é00: Density [sigma-theta, Kg/m^3]
# name 20 = sigma-é11: Density, 2 [sigma-theta, Kg/m^3]
# name 21 = sbeox0ML/L: Oxygen, SBE 43 [ml/l], WS = 2
# name 22 = sbeox1ML/L: Oxygen, SBE 43, 2 [ml/l], WS = 2
# name 23 = nbin: number of scans per bin
# name 24 = flag: flag
# span 0 =      80926,     171669       
# span 1 =   3371.870,   7152.814       
# span 2 =      1.000,   3072.000       
# span 3 =     1.8694,     8.8567       
# span 4 =   3.184053,   3.656813       
# span 5 =     1.8682,     8.8667       
# span 6 =   3.183957,   3.658537       
# span 7 =       2.19,     103.26       
# span 8 =     0.0059,     0.2367       
# span 9 =     2.1181,     3.4407       
# span 10 =     1.8754,     3.0233      
# span 11 =  30.050722,  35.569000      
# span 12 =  1.8569529,  8.8651724      
# span 13 =   53.15180,   53.15367      
# span 14 =  -50.73308,  -50.72289      
# span 15 =    34.5337,    34.9152      
# span 16 =    34.5427,    34.9153      
# span 17 =     1.6398,     8.8563      
# span 18 =     1.6388,     8.8666      
# span 19 =    26.7762,    27.9147      
# span 20 =    26.7816,    27.9150      
# span 21 =    6.27629,    7.38721      
# span 22 =    6.20689,    7.44335      
# span 23 =          9,         76      
# span 24 = 0.0000e+00, 0.0000e+00      
# interval = decibars: 1                
# start_time = Jul 04 2014 21:31:06 [NMEA time, header]
# bad_flag = -9.990e-29
*END*
[from data line 1798]
     127129   5297.018   1274.000     3.7101   3.278134     3.7100   3.278120      49.60     0.0153     2.5088     2.2064  34.674023  3.7108040   53.15222  -50.72824    34.9085    34.9084     3.6130     3.6131    27.7531    27.7531    6.32746    6.27822         17 0.0000e+00
     127149   5297.848   1273.000     3.7105   3.278128     3.7104   3.278110      95.87     0.0120     2.5093     2.2069  34.673992  3.7098625   53.15222  -50.72823    34.9084    34.9083     3.6135     3.6134    27.7530    27.7529    6.33349    6.27837         24 0.0000e+00
     127193   5299.658   1272.000     3.7099   3.278039     3.7096   3.277998      74.89     0.0149     2.5099     2.2078  34.673992  3.7100899   53.15222  -50.72822    34.9085    34.9083     3.6130     3.6127    27.7531    27.7530    6.32924    6.27932         59 0.0000e+00
     127234   5301.391   1271.000     3.7097   3.277961     3.7092   3.277917      99.41     0.0147     2.5101     2.2079  34.673992  3.7127256   53.15222  -50.72822    34.9083    34.9083     3.6129     3.6125    27.7530    27.7530    6.32925    6.27477         23 0.0000e+00
     127254   5302.202   1270.000     3.7102   3.277960     3.7098   3.277928      79.21     0.0146     2.5104     2.2082  34.662514  3.7105110   53.15222  -50.72822    34.9083    34.9083     3.6135     3.6131    27.7529    27.7530    6.33303    6.27679         19 0.0000e+00
     127272   5302.964   1269.000     3.7109   3.277976     3.7104   3.277917      42.95     0.0163     2.5110     2.2081  34.653812  3.7034373   53.15222  -50.72822    34.9082    34.9081     3.6143     3.6138    27.7528    27.7527    6.33744    6.27969         18 0.0000e+00
     127291   5303.750   1268.000     3.7112   3.277944     3.7107   3.277896      59.16     0.0152     2.5115     2.2089  34.659191  3.7032967   53.15223  -50.72821    34.9080    34.9079     3.6146     3.6142    27.7526    27.7526    6.33936    6.28138         20 0.0000e+00
     127312   5304.622   1267.000     3.7113   3.277903     3.7108   3.277847      88.94     0.0155     2.5125     2.2091  34.669060  3.7102079   53.15224  -50.72820    34.9080    34.9078     3.6148     3.6143    27.7525    27.7525    6.34364    6.28613         22 0.0000e+00
     127334   5305.558   1266.000     3.7113   3.277856     3.7107   3.277788      44.47     0.0134     2.5130     2.2101  34.673969  3.7117260   53.15224  -50.72820    34.9079    34.9077     3.6149     3.6177    27.7525    27.7523    6.33900    6.28750         22 0.0000e+00
     127356   5306.464   1265.000     3.7112   3.277802     3.7109   3.277753      89.23     0.0133     2.5139     2.2104  34.672588  3.7130737   53.15222  -50.72820    34.9078    34.9075     3.6150     3.6146    27.7524    27.7522    6.34160    6.28309         21 0.0000e+00
     127377   5307.324   1264.000     3.7116   3.277776     3.7116   3.277752      98.53     0.0192     2.5140     2.2107  34.670525  3.7130647   53.15222  -50.72820    34.9077    34.9073     3.6153     3.6154    27.7522    27.7520    6.33492    6.28698         21 0.0000e+00
     127398   5308.192   1263.000     3.7121   3.277763     3.7120   3.277725      77.04     0.0208     2.5143     2.2114  34.669132  3.7130647   53.15222  -50.72820    34.9074    34.9071     3.6160     3.6158    27.7520    27.7518    6.34033    6.28813         21 0.0000e+00
     127419   5309.070   1262.000     3.7124   3.277728     3.7118   3.277657      53.66     0.0184     2.5147     2.2117  34.661552  3.7130647   53.15222  -50.72820    34.9072    34.9070     3.6164     3.6157    27.7517    27.7517    6.33899    6.29119         21 0.0000e+00
     127439   5309.912   1261.000     3.7127   3.277699     3.7123   3.277663      98.39     0.0160     2.5154     2.2127  34.659351  3.7130647   53.15222  -50.72819    34.9070    34.9070     3.6168     3.6164    27.7516    27.7516    6.34018    6.29582         19 0.0000e+00
     127459   5310.751   1260.000     3.7132   3.277693     3.7141   3.277761      98.63     0.0113     2.5154     2.2131  34.632797  3.7130647   53.15222  -50.72818    34.9070    34.9069     3.6173     3.6182    27.7515    27.7513    6.34324    6.29320         21 0.0000e+00
     127485   5311.819   1259.000     3.7141   3.277728     3.7145   3.277735      53.01     0.0134     2.5165     2.2140  34.632233  3.7133329   53.15222  -50.72818    34.9069    34.9066     3.6183     3.6187    27.7514    27.7511    6.34942    6.29930         34 0.0000e+00
     127533   5313.822   1258.000     3.7138   3.277664     3.7126   3.277508      98.22     0.0171     2.5185     2.2160  34.632935  3.7132614   53.15222  -50.72818    34.9069    34.9064     3.6181     3.6169    27.7514    27.7511    6.35324    6.30917         47 0.0000e+00
     127561   5315.008   1257.000     3.7135   3.277563     3.7126   3.277436      40.69     0.0134     2.5196     2.2173  34.632969  3.7130604   53.15222  -50.72818    34.9066    34.9061     3.6179     3.6170    27.7511    27.7508    6.35871    6.30973         20 0.0000e+00
     127579   5315.745   1256.000     3.7122   3.277331     3.7107   3.277165      98.28     0.0103     2.5202     2.2179  34.632622  3.7130647   53.15223  -50.72818    34.9057    34.9054     3.6167     3.6152    27.7506    27.7504    6.35837    6.31212         17 0.0000e+00
     127595   5316.422   1255.000     3.7106   3.277096     3.7095   3.276988      98.63     0.0119     2.5209     2.2186  34.631886  3.7130647   53.15224  -50.72818    34.9051    34.9050     3.6152     3.6141    27.7502    27.7502    6.36407    6.31797         16 0.0000e+00
     127612   5317.114   1254.000     3.7100   3.276989     3.7090   3.276870      91.10     0.0163     2.5219     2.2195  34.630066  3.7130647   53.15224  -50.72816    34.9050    34.9047     3.6147     3.6137    27.7502    27.7500    6.36362    6.32338         17 0.0000e+00
     127632   5317.949   1253.000     3.7097   3.276899     3.7087   3.276780      45.21     0.0143     2.5225     2.2208  34.630035  3.7134571   53.15224  -50.72816    34.9048    34.9044     3.6145     3.6135    27.7500    27.7498    6.36277    6.32258         24 0.0000e+00
     127663   5319.238   1252.000     3.7094   3.276823     3.7086   3.276709      99.01     0.0187     2.5238     2.2218  34.630035  3.7130618   53.15224  -50.72816    34.9046    34.9041     3.6143     3.6135    27.7500    27.7496    6.36878    6.32275         36 0.0000e+00
     127693   5320.504   1251.000     3.7093   3.276741     3.7087   3.276660      51.07     0.0202     2.5249     2.2228  34.621605  3.7130647   53.15224  -50.72816    34.9043    34.9040     3.6143     3.6136    27.7497    27.7495    6.36175    6.32417         22 0.0000e+00
     127711   5321.250   1250.000     3.7092   3.276666     3.7084   3.276573      69.39     0.0165     2.5248     2.2236  34.615204  3.7130647   53.15224  -50.72816    34.9040    34.9038     3.6142     3.6134    27.7495    27.7494    6.36784    6.32004         16 0.0000e+00
     127726   5321.885   1249.000     3.7077   3.276451     3.7065   3.276304      99.11     0.0161     2.5260     2.2232  34.615383  3.7130647   53.15224  -50.72816    34.9035    34.9031     3.6128     3.6116    27.7492    27.7490    6.37356    6.31355         15 0.0000e+00
     127741   5322.494   1248.000     3.7063   3.276238     3.7051   3.276108      44.53     0.0180     2.5266     2.2235  34.624084  3.7130647   53.15224  -50.72816    34.9031    34.9028     3.6115     3.6103    27.7490    27.7489    6.37413    6.31765         15 0.0000e+00
     127756   5323.139   1247.000     3.7056   3.276121     3.7044   3.275996      79.57     0.0228     2.5272     2.2236  34.629971  3.7130647   53.15224  -50.72816    34.9029    34.9026     3.6109     3.6098    27.7489    27.7488    6.37261    6.32274         16 0.0000e+00
     127775   5323.913   1246.000     3.7052   3.276044     3.7041   3.275902      38.77     0.0239     2.5278     2.2244  34.630035  3.7130647   53.15224  -50.72815    34.9029    34.9024     3.6106     3.6095    27.7489    27.7486    6.37546    6.33257         22 0.0000e+00
     127820   5325.781   1245.000     3.7053   3.276018     3.7044   3.275919      74.31     0.0188     2.5291     2.2263  34.616333  3.7082005   53.15224  -50.72814    34.9030    34.9028     3.6108     3.6099    27.7490    27.7489    6.37266    6.33149         74 0.0000e+00
     127881   5328.347   1244.000     3.7055   3.275976     3.7049   3.275922     100.73     0.0177     2.5296     2.2270  34.605740  3.7071571   53.15224  -50.72814    34.9028    34.9027     3.6110     3.6105    27.7488    27.7488    6.37412    6.32261         25 0.0000e+00
     127897   5328.997   1243.000     3.7060   3.275961     3.7050   3.275881      98.63     0.0157     2.5314     2.2270  34.573879  3.7031143   53.15224  -50.72814    34.9026    34.9027     3.6116     3.6106    27.7486    27.7488    6.37991    6.32421         15 0.0000e+00
     127910   5329.557   1242.000     3.7071   3.275981     3.7055   3.275859      32.20     0.0117     2.5306     2.2271  34.575954  3.7032967   53.15224  -50.72814    34.9021    34.9024     3.6129     3.6112    27.7481    27.7485    6.36853    6.32437         13 0.0000e+00
     127923   5330.064   1241.000     3.7091   3.276105     3.7082   3.276055      11.07     0.0126     2.5305     2.2272  34.572639  3.7032967   53.15224  -50.72812    34.9021    34.9023     3.6149     3.6141    27.7478    27.7481    6.37131    6.32332         12 0.0000e+00
     127934   5330.551   1240.000     3.7099   3.276152     3.7097   3.276140      93.55     0.0152     2.5319     2.2273  34.575035  3.7032967   53.15224  -50.72812    34.9022    34.9023     3.6158     3.6156    27.7478    27.7479    6.37114    6.32126         12 0.0000e+00
     127946   5331.054   1239.000     3.7102   3.276148     3.7095   3.276064      98.58     0.0146     2.5307     2.2272  34.571491  3.7032967   53.15224  -50.72812    34.9024    34.9022     3.6161     3.6154    27.7480    27.7478    6.37113    6.31937         12 0.0000e+00
     127961   5331.649   1238.000     3.7101   3.276083     3.7085   3.275932      25.18     0.0158     2.5315     2.2272  34.573940  3.7032967   53.15224  -50.72812    34.9022    34.9021     3.6161     3.6146    27.7479    27.7479    6.37365    6.32084         17 0.0000e+00
     128002   5333.391   1237.000     3.7094   3.275990     3.7079   3.275843      60.80     0.0166     2.5327     2.2278  34.572254  3.7032967   53.15224  -50.72812    34.9023    34.9022     3.6156     3.6163    27.7479    27.7480    6.38001    6.32340         33 0.0000e+00
     128052   5335.452   1236.000     3.7093   3.275897     3.7081   3.275807      95.68     0.0124     2.5342     2.2283  34.571407  3.7032967   53.15224  -50.72812    34.9019    34.9021     3.6155     3.6142    27.7476    27.7479    6.38119    6.32191         14 0.0000e+00
     128064   5335.967   1235.000     3.7090   3.275834     3.7081   3.275774      98.69     0.0121     2.5349     2.2284  34.571430  3.7032967   53.15224  -50.72812    34.9020    34.9022     3.6153     3.6144    27.7477    27.7480    6.38158    6.32169         13 0.0000e+00
     128076   5336.476   1234.000     3.7076   3.275639     3.7069   3.275587      42.47     0.0142     2.5346     2.2283  34.571430  3.7032967   53.15224  -50.72812    34.9016    34.9016     3.6140     3.6193    27.7475    27.7476    6.37969    6.32124         12 0.0000e+00
     128089   5336.997   1233.000     3.7063   3.275456     3.7051   3.275314      32.90     0.0139     2.5349     2.2284  34.571430  3.7032967   53.15224  -50.72810    34.9013    34.9009     3.6128     3.6116    27.7474    27.7472    6.37977    6.32189         13 0.0000e+00
     128103   5337.571   1232.000     3.7055   3.275322     3.7049   3.275251      97.28     0.0124     2.5356     2.2285  34.571430  3.7032967   53.15224  -50.72810    34.9010    34.9008     3.6121     3.6115    27.7473    27.7472    6.38137    6.32761         15 0.0000e+00
     128133   5338.836   1231.000     3.7056   3.275300     3.7056   3.275277      98.63     0.0148     2.5359     2.2294  34.563934  3.7032967   53.15224  -50.72809    34.9012    34.9010     3.6123     3.6123    27.7474    27.7472    6.38011    6.33027         35 0.0000e+00
     128201   5341.665   1230.000     3.7066   3.275348     3.7057   3.275248      98.63     0.0153     2.5371     2.2303  34.557281  3.7032967   53.15224  -50.72808    34.9013    34.9010     3.6133     3.6125    27.7474    27.7472    6.38784    6.33265         18 0.0000e+00
     128214   5342.217   1229.000     3.7069   3.275324     3.7059   3.275247      98.63     0.0137     2.5371     2.2307  34.557835  3.7032967   53.15224  -50.72808    34.9012    34.9013     3.6137     3.6128    27.7472    27.7474    6.37789    6.33097         14 0.0000e+00
     128227   5342.766   1228.000     3.7085   3.275417     3.7068   3.275291      98.63     0.0145     2.5370     2.2310  34.552109  3.7032967   53.15224  -50.72808    34.9011    34.9013     3.6154     3.6138    27.7470    27.7473    6.37537    6.33284         13 0.0000e+00
     128240   5343.295   1227.000     3.7097   3.275480     3.7086   3.275383      98.63     0.0155     2.5375     2.2308  34.546593  3.7032967   53.15224  -50.72808    34.9010    34.9010     3.6167     3.6156    27.7468    27.7469    6.37908    6.34136         13 0.0000e+00
     128253   5343.835   1226.000     3.7090   3.275358     3.7074   3.275171      98.63     0.0157     2.5375     2.2325  34.554554  3.7032967   53.15224  -50.72808    34.9008    34.9003     3.6161     3.6145    27.7467    27.7465    6.38411    6.35351         13 0.0000e+00
     128268   5344.455   1225.000     3.7084   3.275243     3.7068   3.275063      47.30     0.0182     2.5376     2.2333  34.525036  3.7032967   53.15224  -50.72808    34.9006    34.9002     3.6155     3.6140    27.7466    27.7464    6.39237    6.36353         17 0.0000e+00
     128307   5346.082   1224.000     3.7080   3.275179     3.7068   3.275048      76.72     0.0182     2.5417     2.2379  34.519207  3.7032967   53.15224  -50.72806    34.9008    34.9004     3.6152     3.6141    27.7468    27.7466    6.41677    6.38037         45 0.0000e+00
     128352   5347.950   1223.000     3.7080   3.275122     3.7075   3.275089      16.85     0.0203     2.5457     2.2411  34.521545  3.7032967   53.15224  -50.72806    34.9006    34.9007     3.6154     3.6149    27.7466    27.7468    6.41103    6.36760         17 0.0000e+00
     128366   5348.524   1222.000     3.7057   3.274825     3.7058   3.274842      99.15     0.0198     2.5459     2.2415  34.529610  3.7032967   53.15224  -50.72806    34.9000    34.9000     3.6132     3.6133    27.7463    27.7464    6.40846    6.38213         14 0.0000e+00
     128379   5349.084   1221.000     3.6973   3.273894     3.6970   3.273783      98.63     0.0173     2.5464     2.2429  34.524078  3.7032967   53.15224  -50.72806    34.8988    34.8974     3.6049     3.6046    27.7462    27.7451    6.42314    6.40104         13 0.0000e+00
     128393   5349.671   1220.000     3.6877   3.272863     3.6837   3.272303      14.14     0.0166     2.5475     2.2445  34.538334  3.7032967   53.15224  -50.72806    34.8968    34.8944     3.5955     3.5915    27.7455    27.7441    6.44970    6.41748         15 0.0000e+00
     128411   5350.402   1219.000     3.6782   3.271734     3.6665   3.270442      80.01     0.0177     2.5507     2.2471  34.525433  3.7032967   53.15224  -50.72806    34.8939    34.8909     3.5862     3.5746    27.7442    27.7430    6.47946    6.43519         22 0.0000e+00
     128450   5352.046   1218.000     3.6848   3.272427     3.6758   3.271513      71.33     0.0153     2.5595     2.2540  34.512737  3.6976242   53.15224  -50.72804    34.8956    34.8944     3.5928     3.5838    27.7449    27.7448    6.52089    6.46714         51 0.0000e+00
