data/CTD/2014/CNV/u017a014.cnv
* Sea-Bird SBE 9 Data File:
* FileName = C:\CTD_ACQUISITION\2014017HUD\ctddata\017A014.hdr
* Software Version Seasave V 7.22.2
* Temperature SN = 5081
* Conductivity SN = 3561
* Number of Bytes Per Scan = 37
* Number of Voltage Words = 4
* Number of Scans Averaged by the Deck Unit = 1
* NMEA Latitude = 52 56.40 N
* NMEA Longitude = 051 13.45 W
* NMEA UTC (Time) = Jul 04 2014 02:09:23
* NMEA baud rate = 9600
** Ship: Hudson
** Cruise: HUD2014017
** Chief_Scientist: Blair Greenan
** Organization: BIO
** Area_of_Operation: Sackville Spur
** Station: 014
** Sounding:  2230
** Event_Comments: K8, 403048
# nquan = 25
# nvalues = 2426                        
# units = specified
# name 0 = scan: Scan Count
# name 1 = timeS: Time, Elapsed [seconds]
# name 2 = prDM: Pressure, Digiquartz [db]
# name 3 = t068C: Temperature [ITS-68, deg C]
# name 4 = c0S/m: Conductivity [S/m]
# name 5 = t168C: Temperature, 2 [ITS-68, deg C]
# name 6 = c1S/m: Conductivity, 2 [S/m]
# name 7 = altM: Altimeter [m]
# name 8 = flC: Fluorescence, Chelsea Aqua 3 Chl Con [ug/l]
# name 9 = sbeox0V: Oxygen raw, SBE 43 [V]
# name 10 = sbeox1V: Oxygen raw, SBE 43, 2 [V]
# name 11 = upoly0: Upoly 0, Optode 4330F - O2 D-Phase
# name 12 = upoly1: Upoly 1, Optode 4330F - O2 Temp
# name 13 = latitude: Latitude [deg]
# name 14 = longitude: Longitude [deg]
# name 15 = sal00: Salinity, Practical [PSU]
# name 16 = sal11: Salinity, Practical, 2 [PSU]
# name 17 = potemp068C: Potential Temperature [ITS-68, deg C]
# name 18 = potemp168C: Potential Temperature, 2 [ITS-68, deg C]
# name 19 = sigma-é00: Density [sigma-theta, Kg/m^3]
# name 20 = sigma-é11: Density, 2 [sigma-theta, Kg/m^3]
# name 21 = sbeox0ML/L: Oxygen, SBE 43 [ml/l], WS = 2
# name 22 = sbeox1ML/L: Oxygen, SBE 43, 2 [ml/l], WS = 2
# name 23 = nbin: number of scans per bin
# name 24 = flag: flag
# span 0 =      67716,     146639       
# span 1 =   2821.450,   6109.907       
# span 2 =      1.000,   2426.000       
# span 3 =     2.8610,     7.2567       
# span 4 =   3.192852,   3.462897       
# span 5 =     2.8599,     7.3491       
# span 6 =   3.192473,   3.478098       
# span 7 =       3.23,     106.24       
# span 8 =     0.0050,     0.2944       
# span 9 =     2.2155,     3.5043       
# span 10 =     1.9600,     3.0971      
# span 11 =  30.274582,  35.401077      
# span 12 =  2.8509533,  7.4434037      
# span 13 =   52.94004,   52.94390      
# span 14 =  -51.21547,  -51.21436      
# span 15 =    33.6342,    34.9158      
# span 16 =    33.6325,    34.9155      
# span 17 =     2.6710,     7.2552      
# span 18 =     2.6698,     7.3473      
# span 19 =    26.3156,    27.8444      
# span 20 =    26.3137,    27.8442      
# span 21 =    6.31710,    7.76261      
# span 22 =    6.26050,    7.86709      
# span 23 =          9,         92      
# span 24 = 0.0000e+00, 0.0000e+00      
# interval = decibars: 1                
# start_time = Jul 04 2014 02:09:23 [NMEA time, header]
# bad_flag = -9.990e-29
*END*
[from data line 986]
      94039   3918.256   1440.000     3.4497   3.262503     3.4470   3.262220      78.08     0.0140     2.4557     2.1609  34.811493  3.4414594   52.94158  -51.21544    34.9149    34.9144     3.3411     3.3384    27.7850    27.7849    6.33578    6.28128         25 0.0000e+00
      94065   3919.341   1439.000     3.4487   3.262351     3.4467   3.262160      99.64     0.0110     2.4553     2.1610  34.816029  3.4403107   52.94158  -51.21542    34.9147    34.9145     3.3401     3.3382    27.7849    27.7850    6.33041    6.28372         13 0.0000e+00
      94077   3919.840   1438.000     3.4497   3.262412     3.4484   3.262278      98.63     0.0129     2.4552     2.1608  34.808022  3.4395514   52.94158  -51.21542    34.9149    34.9147     3.3412     3.3399    27.7850    27.7849    6.33784    6.28517         13 0.0000e+00
      94089   3920.353   1437.000     3.4515   3.262550     3.4541   3.262792      98.63     0.0161     2.4561     2.1617  34.808304  3.4395604   52.94158  -51.21542    34.9151    34.9152     3.3431     3.3457    27.7849    27.7848    6.33922    6.29013         12 0.0000e+00
      94102   3920.883   1436.000     3.4543   3.262760     3.4623   3.263471      98.63     0.0180     2.4556     2.1616  34.808113  3.4395604   52.94158  -51.21544    34.9152    34.9151     3.3459     3.3539    27.7847    27.7839    6.33144    6.28808         13 0.0000e+00
      94117   3921.488   1435.000     3.4586   3.263133     3.4675   3.263890      98.63     0.0128     2.4557     2.1621  34.807598  3.4395604   52.94158  -51.21544    34.9155    34.9151     3.3503     3.3591    27.7846    27.7834    6.32844    6.29039         17 0.0000e+00
      94139   3922.408   1434.000     3.4620   3.263389     3.4691   3.263961      98.63     0.0124     2.4564     2.1629  34.807632  3.4398184   52.94159  -51.21544    34.9155    34.9148     3.3537     3.3607    27.7843    27.7830    6.33563    6.29013         33 0.0000e+00
      94209   3925.334   1433.000     3.4607   3.263227     3.4548   3.262679      98.63     0.0133     2.4568     2.1630  34.809036  3.4517980   52.94159  -51.21544    34.9154    34.9151     3.3525     3.3467    27.7843    27.7846    6.33326    6.27206         52 0.0000e+00
      94228   3926.118   1432.000     3.4601   3.263100     3.4587   3.262913      98.64     0.0148     2.4570     2.1627  34.815079  3.4493337   52.94158  -51.21546    34.9150    34.9143     3.3520     3.3507    27.7840    27.7836    6.33522    6.28344         16 0.0000e+00
      94242   3926.717   1431.000     3.4645   3.263427     3.4625   3.263311      98.63     0.0136     2.4574     2.1631  34.819450  3.4493284   52.94158  -51.21545    34.9147    34.9155     3.3565     3.3545    27.7834    27.7841    6.33499    6.28437         13 0.0000e+00
      94255   3927.268   1430.000     3.4716   3.264044     3.4714   3.264050      98.63     0.0135     2.4580     2.1632  34.818222  3.4516582   52.94158  -51.21544    34.9151    34.9154     3.3635     3.3634    27.7830    27.7832    6.33376    6.27838         13 0.0000e+00
      94269   3927.819   1429.000     3.4741   3.264246     3.4744   3.264253      98.63     0.0148     2.4575     2.1633  34.805725  3.4591804   52.94158  -51.21542    34.9154    34.9151     3.3661     3.3664    27.7830    27.7827    6.33558    6.27814         14 0.0000e+00
      94283   3928.422   1428.000     3.4745   3.264257     3.4755   3.264313      98.63     0.0132     2.4581     2.1632  34.808540  3.4590964   52.94158  -51.21540    34.9156    34.9152     3.3666     3.3676    27.7831    27.7826    6.34020    6.27865         16 0.0000e+00
      94307   3929.411   1427.000     3.4750   3.264265     3.4766   3.264375      98.63     0.0098     2.4589     2.1637  34.808830  3.4590964   52.94160  -51.21542    34.9157    34.9152     3.3672     3.3688    27.7831    27.7826    6.33670    6.27885         39 0.0000e+00
      94372   3932.105   1426.000     3.4714   3.263907     3.4706   3.263779      98.63     0.0172     2.4592     2.1644  34.808086  3.4602430   52.94160  -51.21542    34.9157    34.9150     3.3637     3.3629    27.7834    27.7830    6.32843    6.28186         43 0.0000e+00
      94390   3932.890   1425.000     3.4730   3.263974     3.4719   3.263847      98.64     0.0168     2.4595     2.1646  34.807396  3.4611661   52.94160  -51.21542    34.9153    34.9150     3.3654     3.3643    27.7829    27.7828    6.33281    6.27780         19 0.0000e+00
      94408   3933.641   1424.000     3.4764   3.264246     3.4759   3.264199      52.60     0.0132     2.4594     2.1645  34.805874  3.4628832   52.94160  -51.21542    34.9154    34.9154     3.3688     3.3684    27.7827    27.7827    6.33117    6.27377         18 0.0000e+00
      94426   3934.373   1423.000     3.4803   3.264550     3.4814   3.264626      50.38     0.0142     2.4597     2.1644  34.805862  3.4648364   52.94160  -51.21542    34.9155    34.9152     3.3727     3.3738    27.7824    27.7821    6.33391    6.27252         17 0.0000e+00
      94443   3935.101   1422.000     3.4820   3.264683     3.4824   3.264672      98.40     0.0144     2.4600     2.1643  34.805862  3.4629045   52.94160  -51.21542    34.9157    34.9152     3.3746     3.3749    27.7824    27.7819    6.33037    6.27146         18 0.0000e+00
      94462   3935.865   1421.000     3.4823   3.264678     3.4816   3.264554      98.63     0.0135     2.4599     2.1644  34.807384  3.4687870   52.94160  -51.21542    34.9158    34.9151     3.3749     3.3743    27.7825    27.7819    6.32555    6.27038         19 0.0000e+00
      94483   3936.753   1420.000     3.4821   3.264615     3.4803   3.264401      86.80     0.0147     2.4599     2.1642  34.808285  3.4688644   52.94160  -51.21542    34.9158    34.9152     3.3748     3.3730    27.7824    27.7821    6.33115    6.26831         24 0.0000e+00
      94513   3938.002   1419.000     3.4812   3.264487     3.4802   3.264352      96.66     0.0157     2.4604     2.1642  34.807472  3.4688644   52.94160  -51.21542    34.9157    34.9151     3.3740     3.3731    27.7825    27.7821    6.32570    6.27272         37 0.0000e+00
      94548   3939.471   1418.000     3.4808   3.264400     3.4800   3.264280      98.73     0.0145     2.4602     2.1648  34.807430  3.4725478   52.94160  -51.21542    34.9156    34.9150     3.3737     3.3729    27.7824    27.7820    6.33297    6.27966         28 0.0000e+00
      94571   3940.426   1417.000     3.4808   3.264350     3.4801   3.264248      98.63     0.0161     2.4611     2.1654  34.805817  3.4747956   52.94162  -51.21542    34.9155    34.9150     3.3738     3.3731    27.7823    27.7820    6.33240    6.27939         20 0.0000e+00
      94590   3941.201   1416.000     3.4805   3.264291     3.4797   3.264174      98.63     0.0161     2.4608     2.1655  34.806690  3.4781470   52.94162  -51.21540    34.9157    34.9151     3.3735     3.3728    27.7825    27.7821    6.32274    6.27673         18 0.0000e+00
      94608   3941.973   1415.000     3.4802   3.264229     3.4794   3.264107      98.63     0.0143     2.4608     2.1659  34.805870  3.4781437   52.94162  -51.21540    34.9157    34.9151     3.3734     3.3726    27.7825    27.7821    6.33203    6.27634         20 0.0000e+00
      94631   3942.929   1414.000     3.4800   3.264171     3.4789   3.264013      98.63     0.0118     2.4618     2.1658  34.805862  3.4786079   52.94162  -51.21540    34.9158    34.9150     3.3732     3.3721    27.7826    27.7821    6.33503    6.27305         28 0.0000e+00
      94666   3944.384   1413.000     3.4795   3.264084     3.4782   3.263900      74.43     0.0130     2.4623     2.1666  34.805862  3.4780605   52.94162  -51.21540    34.9157    34.9149     3.3729     3.3715    27.7825    27.7821    6.33823    6.28312         36 0.0000e+00
      94693   3945.510   1412.000     3.4791   3.263987     3.4784   3.263871      90.13     0.0146     2.4629     2.1669  34.806614  3.4786468   52.94162  -51.21540    34.9155    34.9149     3.3726     3.3718    27.7824    27.7820    6.32524    6.27806         20 0.0000e+00
      94711   3946.253   1411.000     3.4797   3.263991     3.4793   3.263918      98.67     0.0160     2.4626     2.1672  34.805859  3.4786325   52.94162  -51.21540    34.9154    34.9150     3.3732     3.3728    27.7823    27.7820    6.32751    6.27415         17 0.0000e+00
      94728   3946.943   1410.000     3.4802   3.264007     3.4797   3.263924      98.63     0.0146     2.4625     2.1669  34.806705  3.4786325   52.94162  -51.21540    34.9155    34.9151     3.3739     3.3734    27.7823    27.7820    6.33324    6.27106         17 0.0000e+00
      94746   3947.691   1409.000     3.4802   3.263984     3.4799   3.263898      98.63     0.0136     2.4633     2.1670  34.806637  3.4786325   52.94162  -51.21540    34.9157    34.9151     3.3739     3.3736    27.7825    27.7820    6.33267    6.27345         19 0.0000e+00
      94773   3948.853   1408.000     3.4803   3.263946     3.4801   3.263868      98.63     0.0139     2.4634     2.1671  34.805927  3.4786325   52.94162  -51.21540    34.9157    34.9150     3.3741     3.3739    27.7824    27.7819    6.32962    6.27523         41 0.0000e+00
      94816   3950.643   1407.000     3.4799   3.263855     3.4793   3.263754      98.63     0.0130     2.4635     2.1678  34.805862  3.4786325   52.94162  -51.21540    34.9156    34.9150     3.3738     3.3732    27.7824    27.7819    6.32738    6.27719         31 0.0000e+00
      94837   3951.507   1406.000     3.4802   3.263842     3.4795   3.263734      98.63     0.0160     2.4633     2.1677  34.805862  3.4786325   52.94162  -51.21540    34.9155    34.9150     3.3742     3.3735    27.7823    27.7819    6.32007    6.27604         18 0.0000e+00
      94854   3952.202   1405.000     3.4798   3.263770     3.4789   3.263646      57.99     0.0130     2.4630     2.1680  34.805862  3.4786325   52.94162  -51.21540    34.9157    34.9151     3.3738     3.3729    27.7824    27.7821    6.32197    6.27704         17 0.0000e+00
      94871   3952.902   1404.000     3.4796   3.263704     3.4799   3.263696      42.21     0.0149     2.4630     2.1682  34.805862  3.4786325   52.94162  -51.21540    34.9156    34.9152     3.3737     3.3740    27.7824    27.7820    6.33513    6.27457         17 0.0000e+00
      94889   3953.668   1403.000     3.4805   3.263756     3.4818   3.263810      97.20     0.0148     2.4642     2.1682  34.805862  3.4786325   52.94162  -51.21540    34.9157    34.9151     3.3747     3.3759    27.7824    27.7818    6.33286    6.27369         20 0.0000e+00
      94912   3954.637   1402.000     3.4816   3.263806     3.4822   3.263805      98.63     0.0188     2.4641     2.1686  34.805862  3.4786325   52.94162  -51.21540    34.9156    34.9150     3.3759     3.3794    27.7822    27.7817    6.33036    6.28516         27 0.0000e+00
      94944   3955.940   1401.000     3.4819   3.263792     3.4820   3.263738      84.25     0.0187     2.4650     2.1700  34.806293  3.4786325   52.94162  -51.21540    34.9157    34.9150     3.3763     3.3787    27.7822    27.7817    6.33726    6.29221         34 0.0000e+00
      94978   3957.366   1400.000     3.4824   3.263779     3.4820   3.263700      98.97     0.0139     2.4659     2.1709  34.805851  3.4786325   52.94164  -51.21540    34.9155    34.9149     3.3768     3.3764    27.7820    27.7816    6.33299    6.28093         33 0.0000e+00
      95008   3958.616   1399.000     3.4822   3.263722     3.4836   3.263793      98.63     0.0160     2.4657     2.1708  34.805862  3.4786325   52.94164  -51.21540    34.9156    34.9150     3.3767     3.3781    27.7821    27.7815    6.32762    6.27507         27 0.0000e+00
      95030   3959.541   1398.000     3.4849   3.263905     3.4869   3.264061      98.63     0.0169     2.4662     2.1706  34.805862  3.4786325   52.94164  -51.21540    34.9153    34.9151     3.3795     3.3815    27.7816    27.7812    6.33395    6.27470         19 0.0000e+00
      95047   3960.263   1397.000     3.4875   3.264107     3.4871   3.264030      98.63     0.0159     2.4663     2.1706  34.805862  3.4786325   52.94164  -51.21540    34.9156    34.9150     3.3821     3.3817    27.7815    27.7812    6.33072    6.27559         16 0.0000e+00
      95062   3960.892   1396.000     3.4870   3.264027     3.4866   3.263951      98.63     0.0152     2.4666     2.1706  34.805862  3.4786325   52.94164  -51.21540    34.9156    34.9151     3.3818     3.3813    27.7816    27.7813    6.33147    6.27743         14 0.0000e+00
      95077   3961.494   1395.000     3.4872   3.264012     3.4873   3.263974      83.99     0.0159     2.4666     2.1710  34.805862  3.4850760   52.94164  -51.21540    34.9157    34.9151     3.3820     3.3821    27.7817    27.7812    6.33019    6.27919         15 0.0000e+00
      95092   3962.129   1394.000     3.4876   3.264010     3.4877   3.263971      79.59     0.0170     2.4669     2.1709  34.805862  3.4883146   52.94164  -51.21540    34.9158    34.9152     3.3825     3.3826    27.7817    27.7812    6.33098    6.27485         16 0.0000e+00
      95112   3962.941   1393.000     3.4878   3.263990     3.4883   3.263977      97.30     0.0159     2.4674     2.1709  34.805862  3.4884005   52.94164  -51.21540    34.9158    34.9151     3.3828     3.3833    27.7816    27.7811    6.33402    6.26677         25 0.0000e+00
      95174   3965.558   1392.000     3.4874   3.263915     3.4869   3.263809      98.63     0.0162     2.4673     2.1699  34.805862  3.4864690   52.94164  -51.21540    34.9158    34.9151     3.3825     3.3820    27.7817    27.7812    6.32476    6.26852         48 0.0000e+00
      95205   3966.845   1391.000     3.4876   3.263859     3.4868   3.263733      98.63     0.0112     2.4680     2.1703  34.805862  3.4878330   52.94164  -51.21540    34.9154    34.9149     3.3828     3.3819    27.7814    27.7810    6.33902    6.27666         17 0.0000e+00
      95221   3967.516   1390.000     3.4881   3.263859     3.4873   3.263760      94.79     0.0148     2.4681     2.1708  34.805862  3.4824166   52.94164  -51.21540    34.9154    34.9151     3.3833     3.3825    27.7813    27.7812    6.33054    6.27882         15 0.0000e+00
      95237   3968.152   1389.000     3.4899   3.263973     3.4899   3.263938      68.07     0.0152     2.4686     2.1709  34.805862  3.4785957   52.94164  -51.21540    34.9154    34.9150     3.3852     3.3852    27.7812    27.7808    6.33177    6.27915         16 0.0000e+00
      95253   3968.813   1388.000     3.4916   3.264093     3.4920   3.264090      98.70     0.0152     2.4687     2.1718  34.805862  3.4786325   52.94165  -51.21539    34.9155    34.9151     3.3870     3.3874    27.7811    27.7806    6.33642    6.28174         16 0.0000e+00
      95271   3969.575   1387.000     3.4925   3.264141     3.4928   3.264117      98.63     0.0145     2.4693     2.1720  34.805862  3.4836957   52.94166  -51.21538    34.9157    34.9151     3.3879     3.3882    27.7811    27.7806    6.33143    6.27857         21 0.0000e+00
      95299   3970.744   1386.000     3.4928   3.264124     3.4930   3.264091      98.63     0.0141     2.4692     2.1722  34.805862  3.4864421   52.94166  -51.21538    34.9157    34.9150     3.3883     3.3885    27.7810    27.7805    6.32790    6.27154         37 0.0000e+00
      95334   3972.223   1385.000     3.4915   3.263966     3.4925   3.263999      98.63     0.0121     2.4696     2.1724  34.805862  3.4884760   52.94166  -51.21540    34.9156    34.9149     3.3871     3.3882    27.7811    27.7804    6.32985    6.27521         29 0.0000e+00
      95358   3973.193   1384.000     3.4928   3.264034     3.4929   3.263989      98.63     0.0150     2.4693     2.1728  34.803654  3.4884005   52.94166  -51.21540    34.9155    34.9149     3.3885     3.3886    27.7809    27.7804    6.32476    6.27602         20 0.0000e+00
