data/CTD/2014/CNV/u017a036.cnv
* Sea-Bird SBE 9 Data File:
* FileName = C:\CTD_ACQUISITION\2014017HUD\ctddata\017A036.hdr
* Software Version Seasave V 7.22.2
* Temperature SN = 5081
* Conductivity SN = 3561
* Number of Bytes Per Scan = 37
* Number of Voltage Words = 4
* Number of Scans Averaged by the Deck Unit = 1
* NMEA Latitude = 48 26.48 N
* NMEA Longitude = 046 40.75 W
* NMEA UTC (Time) = Jul 09 2014 20:04:18
* NMEA baud rate = 9600
** Ship: Hudson
** Cruise: HUD2014017
** Chief_Scientist: Blair Greenan
** Organization: BIO
** Area_of_Operation: Sackville Spur
** Station: 036
** Sounding:  2091
** Event_Comments: SS-08 403206
# nquan = 25
# nvalues = 2164                        
# units = specified
# name 0 = scan: Scan Count
# name 1 = timeS: Time, Elapsed [seconds]
# name 2 = prDM: Pressure, Digiquartz [db]
# name 3 = t068C: Temperature [ITS-68, deg C]
# name 4 = c0S/m: Conductivity [S/m]
# name 5 = t168C: Temperature, 2 [ITS-68, deg C]
# name 6 = c1S/m: Conductivity, 2 [S/m]
# name 7 = altM: Altimeter [m]
# name 8 = flC: Fluorescence, Chelsea Aqua 3 Chl Con [ug/l]
# name 9 = sbeox0V: Oxygen raw, SBE 43 [V]
# name 10 = sbeox1V: Oxygen raw, SBE 43, 2 [V]
# name 11 = upoly0: Upoly 0, Optode 4330F - O2 D-Phase
# name 12 = upoly1: Upoly 1, Optode 4330F - O2 Temp
# name 13 = latitude: Latitude [deg]
# name 14 = longitude: Longitude [deg]
# name 15 = sal00: Salinity, Practical [PSU]
# name 16 = sal11: Salinity, Practical, 2 [PSU]
# name 17 = potemp068C: Potential Temperature [ITS-68, deg C]
# name 18 = potemp168C: Potential Temperature, 2 [ITS-68, deg C]
# name 19 = sigma-é00: Density [sigma-theta, Kg/m^3]
# name 20 = sigma-é11: Density, 2 [sigma-theta, Kg/m^3]
# name 21 = sbeox0ML/L: Oxygen, SBE 43 [ml/l], WS = 2
# name 22 = sbeox1ML/L: Oxygen, SBE 43, 2 [ml/l], WS = 2
# name 23 = nbin: number of scans per bin
# name 24 = flag: flag
# span 0 =      65024,     118201       
# span 1 =   2709.282,   4924.983       
# span 2 =      1.000,   2164.000       
# span 3 =    -0.3691,     8.3236       
# span 4 =   2.769592,   3.475631       
# span 5 =    -0.3714,     8.3217       
# span 6 =   2.769843,   3.475491       
# span 7 =       2.05,     110.20       
# span 8 =     0.0061,     1.2048       
# span 9 =     2.2664,     3.8192       
# span 10 =     2.0049,     3.3884      
# span 11 =  29.824846,  35.345711      
# span 12 = -0.1164409,  8.2983027      
# span 13 =   48.44478,   48.44666      
# span 14 =  -46.66666,  -46.66045      
# span 15 =    33.0481,    34.9159      
# span 16 =    33.0948,    34.9158      
# span 17 =    -0.3703,     8.3235      
# span 18 =    -0.3726,     8.3216      
# span 19 =    25.7605,    27.8349      
# span 20 =    25.7607,    27.8349      
# span 21 =    6.28716,   10.64197      
# span 22 =    6.21739,   10.50960      
# span 23 =         11,         73      
# span 24 = 0.0000e+00, 0.0000e+00      
# interval = decibars: 1                
# start_time = Jul 09 2014 20:04:18 [NMEA time, header]
# bad_flag = -9.990e-29
*END*
[from data line 116]
      68786   2866.052   2048.000     2.9715   3.244858     2.9702   3.244745      69.44     0.0129     2.2932     2.0248  35.294636  2.9469438   48.44526  -46.66626    34.9126    34.9126     2.8150     2.8138    27.8323    27.8324    6.37413    6.31959         29 0.0000e+00
      68819   2867.426   2047.000     2.9711   3.244778     2.9694   3.244612      99.14     0.0152     2.2939     2.0248  35.285488  2.9519341   48.44526  -46.66624    34.9125    34.9123     2.8148     2.8131    27.8323    27.8323    6.37134    6.31895         33 0.0000e+00
      68848   2868.610   2046.000     2.9710   3.244725     2.9710   3.244720      98.66     0.0137     2.2940     2.0252  35.276825  2.9612932   48.44526  -46.66624    34.9124    34.9125     2.8148     2.8199    27.8322    27.8323    6.37547    6.32146         24 0.0000e+00
      68869   2869.517   2045.000     2.9750   3.245055     2.9781   3.245317      98.63     0.0156     2.2945     2.0251  35.277523  2.9609280   48.44526  -46.66624    34.9126    34.9125     2.8188     2.8218    27.8320    27.8316    6.36607    6.31507         21 0.0000e+00
      68889   2870.339   2044.000     2.9806   3.245486     2.9809   3.245532      98.64     0.0121     2.2942     2.0251  35.285572  2.9609280   48.44526  -46.66624    34.9124    34.9125     2.8244     2.8247    27.8313    27.8314    6.36936    6.32305         19 0.0000e+00
      68909   2871.147   2043.000     2.9821   3.245589     2.9823   3.245613      98.63     0.0107     2.2947     2.0258  35.292316  2.9609280   48.44526  -46.66622    34.9125    34.9126     2.8260     2.8261    27.8312    27.8313    6.36842    6.32322         20 0.0000e+00
      68929   2871.990   2042.000     2.9833   3.245653     2.9834   3.245661      98.63     0.0171     2.2950     2.0258  35.280457  2.9655218   48.44526  -46.66622    34.9125    34.9125     2.8272     2.8273    27.8312    27.8311    6.37036    6.31722         21 0.0000e+00
      68950   2872.888   2041.000     2.9841   3.245685     2.9839   3.245666      98.64     0.0208     2.2949     2.0259  35.275436  2.9688897   48.44526  -46.66622    34.9125    34.9125     2.8281     2.8279    27.8311    27.8311    6.36827    6.31622         22 0.0000e+00
      68974   2873.857   2040.000     2.9844   3.245682     2.9841   3.245642      43.73     0.0201     2.2954     2.0260  35.277176  2.9694769   48.44526  -46.66622    34.9126    34.9125     2.8285     2.8282    27.8312    27.8311    6.36434    6.31749         24 0.0000e+00
      68999   2874.916   2039.000     2.9851   3.245700     2.9866   3.245832      85.93     0.0212     2.2954     2.0264  35.275272  2.9706948   48.44526  -46.66622    34.9125    34.9126     2.8293     2.8307    27.8310    27.8309    6.37756    6.32291         27 0.0000e+00
      69026   2876.054   2038.000     2.9860   3.245736     2.9880   3.245912      98.54     0.0213     2.2961     2.0269  35.275249  2.9748499   48.44526  -46.66621    34.9125    34.9126     2.8303     2.8322    27.8309    27.8308    6.37614    6.32516         28 0.0000e+00
      69055   2877.246   2037.000     2.9874   3.245819     2.9904   3.246095      85.65     0.0176     2.2969     2.0275  35.274727  2.9794390   48.44526  -46.66620    34.9125    34.9127     2.8317     2.8347    27.8307    27.8306    6.38145    6.32328         29 0.0000e+00
      69082   2878.367   2036.000     2.9914   3.246136     2.9948   3.246433      98.79     0.0193     2.2979     2.0277  35.275345  2.9804757   48.44526  -46.66620    34.9125    34.9125     2.8358     2.8391    27.8304    27.8301    6.37930    6.31935         24 0.0000e+00
      69105   2879.331   2035.000     2.9955   3.246458     2.9966   3.246556      98.63     0.0208     2.2982     2.0279  35.274715  2.9804640   48.44526  -46.66618    34.9125    34.9126     2.8399     2.8410    27.8300    27.8300    6.37227    6.32506         22 0.0000e+00
      69126   2880.204   2034.000     2.9983   3.246662     2.9990   3.246724      98.63     0.0203     2.2980     2.0285  35.274727  2.9804640   48.44526  -46.66618    34.9125    34.9126     2.8428     2.8434    27.8297    27.8297    6.36938    6.32573         21 0.0000e+00
      69147   2881.078   2033.000     2.9998   3.246759     2.9996   3.246749      98.64     0.0203     2.2987     2.0287  35.274727  2.9804640   48.44526  -46.66618    34.9126    34.9127     2.8442     2.8441    27.8297    27.8298    6.37031    6.32125         21 0.0000e+00
      69169   2882.004   2032.000     3.0004   3.246772     3.0017   3.246898      98.63     0.0213     2.2983     2.0289  35.274727  2.9808903   48.44526  -46.66618    34.9126    34.9127     2.8450     2.8463    27.8296    27.8296    6.37085    6.32064         23 0.0000e+00
      69191   2882.925   2031.000     3.0036   3.246981     3.0059   3.247231      90.31     0.0174     2.2989     2.0292  35.274727  2.9809294   48.44526  -46.66617    34.9122    34.9127     2.8482     2.8505    27.8290    27.8292    6.38207    6.32316         21 0.0000e+00
      69212   2883.785   2030.000     3.0068   3.247255     3.0103   3.247580      87.75     0.0155     2.3002     2.0295  35.274727  2.9829385   48.44526  -46.66616    34.9126    34.9128     2.8514     2.8549    27.8291    27.8289    6.38684    6.32513         20 0.0000e+00
      69232   2884.638   2029.000     3.0116   3.247653     3.0130   3.247780      98.54     0.0146     2.3003     2.0300  35.274727  2.9901657   48.44526  -46.66616    34.9127    34.9127     2.8563     2.8577    27.8287    27.8286    6.37801    6.32692         22 0.0000e+00
      69256   2885.640   2028.000     3.0148   3.247892     3.0159   3.247993      98.64     0.0149     2.3008     2.0304  35.274727  2.9902320   48.44526  -46.66615    34.9127    34.9127     2.8595     2.8606    27.8284    27.8283    6.37752    6.32852         28 0.0000e+00
      69297   2887.319   2027.000     3.0142   3.247803     3.0174   3.248067      98.64     0.0117     2.3016     2.0312  35.274727  2.9917002   48.44526  -46.66614    34.9127    34.9125     2.8590     2.8621    27.8285    27.8280    6.37734    6.32324         48 0.0000e+00
      69332   2888.791   2026.000     3.0163   3.247902     3.0206   3.248302      98.64     0.0142     2.3018     2.0313  35.274727  3.0003529   48.44526  -46.66614    34.9122    34.9125     2.8612     2.8654    27.8278    27.8277    6.37216    6.31869         22 0.0000e+00
      69350   2889.558   2025.000     3.0236   3.248527     3.0267   3.248837      71.93     0.0160     2.3020     2.0313  35.274727  3.0000000   48.44526  -46.66614    34.9124    34.9128     2.8685     2.8715    27.8273    27.8274    6.37318    6.31747         17 0.0000e+00
      69366   2890.198   2024.000     3.0300   3.249058     3.0297   3.249066      97.63     0.0147     2.3022     2.0314  35.262218  2.9993587   48.44526  -46.66612    34.9124    34.9128     2.8749     2.8746    27.8268    27.8271    6.36813    6.31738         15 0.0000e+00
      69380   2890.802   2023.000     3.0317   3.249180     3.0312   3.249152      98.63     0.0142     2.3021     2.0314  35.260109  2.9999890   48.44526  -46.66612    34.9126    34.9128     2.8766     2.8761    27.8268    27.8269    6.37548    6.31837         14 0.0000e+00
      69395   2891.420   2022.000     3.0320   3.249183     3.0319   3.249161      98.63     0.0157     2.3027     2.0316  35.260075  2.9986913   48.44526  -46.66612    34.9128    34.9128     2.8770     2.8769    27.8269    27.8269    6.38142    6.32251         15 0.0000e+00
      69412   2892.143   2021.000     3.0325   3.249194     3.0323   3.249170      98.63     0.0164     2.3030     2.0321  35.249935  3.0040152   48.44526  -46.66612    34.9129    34.9128     2.8776     2.8774    27.8269    27.8269    6.37921    6.32637         21 0.0000e+00
      69450   2893.708   2020.000     3.0321   3.249125     3.0312   3.249031      98.64     0.0155     2.3033     2.0326  35.247124  3.0098796   48.44526  -46.66611    34.9129    34.9128     2.8773     2.8764    27.8270    27.8269    6.37293    6.32197         60 0.0000e+00
      69498   2895.703   2019.000     3.0312   3.248976     3.0289   3.248770      79.30     0.0107     2.3044     2.0331  35.247921  3.0131712   48.44525  -46.66610    34.9126    34.9126     2.8765     2.8743    27.8268    27.8269    6.37823    6.32298         24 0.0000e+00
      69516   2896.471   2018.000     3.0318   3.248975     3.0302   3.248857      98.54     0.0108     2.3042     2.0333  35.226143  3.0143845   48.44524  -46.66610    34.9124    34.9127     2.8772     2.8756    27.8266    27.8269    6.37542    6.32169         17 0.0000e+00
      69533   2897.171   2017.000     3.0339   3.249133     3.0330   3.249068      98.64     0.0143     2.3048     2.0334  35.228195  3.0143647   48.44524  -46.66610    34.9126    34.9128     2.8793     2.8784    27.8265    27.8267    6.37550    6.32358         17 0.0000e+00
      69550   2897.872   2016.000     3.0366   3.249344     3.0366   3.249350      98.63     0.0117     2.3048     2.0339  35.226467  3.0149372   48.44524  -46.66609    34.9127    34.9128     2.8821     2.8821    27.8263    27.8264    6.37040    6.32233         17 0.0000e+00
      69568   2898.621   2015.000     3.0383   3.249465     3.0394   3.249568      98.64     0.0106     2.3046     2.0338  35.223846  3.0189984   48.44524  -46.66608    34.9128    34.9129     2.8838     2.8850    27.8263    27.8262    6.37447    6.32072         19 0.0000e+00
      69589   2899.500   2014.000     3.0402   3.249590     3.0416   3.249713      98.63     0.0179     2.3053     2.0341  35.230015  3.0191267   48.44524  -46.66608    34.9128    34.9128     2.8859     2.8872    27.8261    27.8260    6.37531    6.32173         24 0.0000e+00
      69618   2900.705   2013.000     3.0413   3.249652     3.0422   3.249714      98.63     0.0185     2.3057     2.0345  35.231152  3.0195210   48.44524  -46.66607    34.9129    34.9127     2.8870     2.8879    27.8260    27.8258    6.37899    6.32524         35 0.0000e+00
      69654   2902.228   2012.000     3.0404   3.249523     3.0416   3.249626      83.38     0.0175     2.3061     2.0349  35.222878  3.0250947   48.44524  -46.66606    34.9128    34.9128     2.8862     2.8874    27.8261    27.8259    6.37281    6.31593         33 0.0000e+00
      69682   2903.357   2011.000     3.0427   3.249659     3.0430   3.249716      99.20     0.0136     2.3069     2.0349  35.220688  3.0276306   48.44524  -46.66606    34.9125    34.9128     2.8885     2.8889    27.8256    27.8258    6.37904    6.32034         22 0.0000e+00
      69701   2904.171   2010.000     3.0460   3.249913     3.0460   3.249949      98.64     0.0184     2.3066     2.0349  35.217651  3.0293584   48.44524  -46.66606    34.9125    34.9129     2.8919     2.8919    27.8253    27.8256    6.37821    6.32020         18 0.0000e+00
      69718   2904.889   2009.000     3.0485   3.250108     3.0480   3.250073      98.64     0.0201     2.3075     2.0353  35.216965  3.0287185   48.44524  -46.66605    34.9127    34.9128     2.8944     2.8940    27.8252    27.8253    6.38662    6.32111         17 0.0000e+00
      69735   2905.578   2008.000     3.0496   3.250186     3.0511   3.250319      98.63     0.0178     2.3080     2.0353  35.216125  3.0293000   48.44524  -46.66604    34.9129    34.9129     2.8957     2.8971    27.8253    27.8251    6.37780    6.32532         17 0.0000e+00
      69752   2906.297   2007.000     3.0527   3.250408     3.0552   3.250657      98.64     0.0134     2.3077     2.0361  35.216915  3.0293040   48.44524  -46.66604    34.9127    34.9131     2.8988     2.9012    27.8249    27.8249    6.37327    6.32609         18 0.0000e+00
      69773   2907.177   2006.000     3.0571   3.250767     3.0593   3.250984      98.63     0.0126     2.3082     2.0362  35.217842  3.0293040   48.44522  -46.66604    34.9129    34.9131     2.9032     2.9054    27.8245    27.8245    6.37384    6.31990         25 0.0000e+00
      69807   2908.574   2005.000     3.0597   3.250942     3.0593   3.250912      88.03     0.0148     2.3086     2.0365  35.216839  3.0372696   48.44523  -46.66602    34.9127    34.9128     2.9059     2.9055    27.8242    27.8243    6.37287    6.31852         42 0.0000e+00
      69843   2910.084   2004.000     3.0555   3.250535     3.0536   3.250378      99.12     0.0132     2.3086     2.0367  35.216087  3.0387521   48.44522  -46.66600    34.9128    34.9129     2.9018     2.9092    27.8246    27.8249    6.36849    6.31889         26 0.0000e+00
      69864   2910.958   2003.000     3.0637   3.251212     3.0620   3.251086      98.64     0.0137     2.3087     2.0368  35.216118  3.0390716   48.44522  -46.66600    34.9126    34.9129     2.9100     2.9084    27.8237    27.8241    6.37930    6.31633         19 0.0000e+00
      69882   2911.704   2002.000     3.0700   3.251729     3.0685   3.251627      98.63     0.0117     2.3094     2.0369  35.216118  3.0390720   48.44522  -46.66600    34.9127    34.9131     2.9162     2.9148    27.8232    27.8236    6.37158    6.31624         17 0.0000e+00
      69900   2912.440   2001.000     3.0729   3.251968     3.0729   3.251986      98.63     0.0143     2.3091     2.0370  35.216118  3.0390720   48.44522  -46.66600    34.9130    34.9131     2.9192     2.9193    27.8232    27.8233    6.36136    6.32001         18 0.0000e+00
      69919   2913.236   2000.000     3.0745   3.252069     3.0753   3.252145      98.63     0.0136     2.3091     2.0376  35.216118  3.0390720   48.44522  -46.66600    34.9129    34.9130     2.9209     2.9217    27.8230    27.8230    6.36392    6.32027         21 0.0000e+00
      69942   2914.198   1999.000     3.0760   3.252162     3.0771   3.252269      80.79     0.0137     2.3092     2.0377  35.216118  3.0459859   48.44522  -46.66599    34.9129    34.9130     2.9225     2.9236    27.8228    27.8228    6.37179    6.31605         26 0.0000e+00
      69973   2915.480   1998.000     3.0774   3.252253     3.0795   3.252433      98.40     0.0172     2.3097     2.0379  35.216118  3.0504472   48.44522  -46.66598    34.9131    34.9129     2.9239     2.9260    27.8228    27.8225    6.37066    6.31340         35 0.0000e+00
      70009   2917.020   1997.000     3.0786   3.252309     3.0802   3.252466      98.63     0.0104     2.3100     2.0379  35.216118  3.0588326   48.44522  -46.66597    34.9129    34.9131     2.9253     2.9268    27.8226    27.8226    6.36715    6.30949         36 0.0000e+00
      70041   2918.322   1996.000     3.0813   3.252495     3.0816   3.252542      98.63     0.0115     2.3104     2.0378  35.216118  3.0586081   48.44522  -46.66596    34.9127    34.9130     2.9280     2.9283    27.8222    27.8223    6.37027    6.30955         26 0.0000e+00
      70063   2919.237   1995.000     3.0843   3.252704     3.0836   3.252683      98.63     0.0132     2.3107     2.0378  35.216118  3.0586081   48.44522  -46.66596    34.9125    34.9131     2.9310     2.9303    27.8217    27.8222    6.36827    6.30978         19 0.0000e+00
      70080   2919.975   1994.000     3.0880   3.252988     3.0874   3.252990      96.70     0.0124     2.3106     2.0379  35.214355  3.0627213   48.44521  -46.66594    34.9126    34.9132     2.9347     2.9341    27.8214    27.8220    6.36471    6.30941         17 0.0000e+00
      70096   2920.637   1993.000     3.0905   3.253186     3.0898   3.253147      65.69     0.0136     2.3109     2.0378  35.214161  3.0684774   48.44520  -46.66594    34.9127    34.9130     2.9373     2.9366    27.8213    27.8216    6.36352    6.31754         15 0.0000e+00
      70112   2921.279   1992.000     3.0913   3.253235     3.0908   3.253192      99.08     0.0128     2.3108     2.0389  35.215214  3.0683761   48.44520  -46.66594    34.9129    34.9130     2.9382     2.9376    27.8214    27.8215    6.37190    6.32706         16 0.0000e+00
