data/CTD/2014/CNV/u017a014.cnv
* Sea-Bird SBE 9 Data File:
* FileName = C:\CTD_ACQUISITION\2014017HUD\ctddata\017A014.hdr
* Software Version Seasave V 7.22.2
* Temperature SN = 5081
* Conductivity SN = 3561
* Number of Bytes Per Scan = 37
* Number of Voltage Words = 4
* Number of Scans Averaged by the Deck Unit = 1
* NMEA Latitude = 52 56.40 N
* NMEA Longitude = 051 13.45 W
* NMEA UTC (Time) = Jul 04 2014 02:09:23
* NMEA baud rate = 9600
** Ship: Hudson
** Cruise: HUD2014017
** Chief_Scientist: Blair Greenan
** Organization: BIO
** Area_of_Operation: Sackville Spur
** Station: 014
** Sounding:  2230
** Event_Comments: K8, 403048
# nquan = 25
# nvalues = 2426                        
# units = specified
# name 0 = scan: Scan Count
# name 1 = timeS: Time, Elapsed [seconds]
# name 2 = prDM: Pressure, Digiquartz [db]
# name 3 = t068C: Temperature [ITS-68, deg C]
# name 4 = c0S/m: Conductivity [S/m]
# name 5 = t168C: Temperature, 2 [ITS-68, deg C]
# name 6 = c1S/m: Conductivity, 2 [S/m]
# name 7 = altM: Altimeter [m]
# name 8 = flC: Fluorescence, Chelsea Aqua 3 Chl Con [ug/l]
# name 9 = sbeox0V: Oxygen raw, SBE 43 [V]
# name 10 = sbeox1V: Oxygen raw, SBE 43, 2 [V]
# name 11 = upoly0: Upoly 0, Optode 4330F - O2 D-Phase
# name 12 = upoly1: Upoly 1, Optode 4330F - O2 Temp
# name 13 = latitude: Latitude [deg]
# name 14 = longitude: Longitude [deg]
# name 15 = sal00: Salinity, Practical [PSU]
# name 16 = sal11: Salinity, Practical, 2 [PSU]
# name 17 = potemp068C: Potential Temperature [ITS-68, deg C]
# name 18 = potemp168C: Potential Temperature, 2 [ITS-68, deg C]
# name 19 = sigma-é00: Density [sigma-theta, Kg/m^3]
# name 20 = sigma-é11: Density, 2 [sigma-theta, Kg/m^3]
# name 21 = sbeox0ML/L: Oxygen, SBE 43 [ml/l], WS = 2
# name 22 = sbeox1ML/L: Oxygen, SBE 43, 2 [ml/l], WS = 2
# name 23 = nbin: number of scans per bin
# name 24 = flag: flag
# span 0 =      67716,     146639       
# span 1 =   2821.450,   6109.907       
# span 2 =      1.000,   2426.000       
# span 3 =     2.8610,     7.2567       
# span 4 =   3.192852,   3.462897       
# span 5 =     2.8599,     7.3491       
# span 6 =   3.192473,   3.478098       
# span 7 =       3.23,     106.24       
# span 8 =     0.0050,     0.2944       
# span 9 =     2.2155,     3.5043       
# span 10 =     1.9600,     3.0971      
# span 11 =  30.274582,  35.401077      
# span 12 =  2.8509533,  7.4434037      
# span 13 =   52.94004,   52.94390      
# span 14 =  -51.21547,  -51.21436      
# span 15 =    33.6342,    34.9158      
# span 16 =    33.6325,    34.9155      
# span 17 =     2.6710,     7.2552      
# span 18 =     2.6698,     7.3473      
# span 19 =    26.3156,    27.8444      
# span 20 =    26.3137,    27.8442      
# span 21 =    6.31710,    7.76261      
# span 22 =    6.26050,    7.86709      
# span 23 =          9,         92      
# span 24 = 0.0000e+00, 0.0000e+00      
# interval = decibars: 1                
# start_time = Jul 04 2014 02:09:23 [NMEA time, header]
# bad_flag = -9.990e-29
*END*
[from data line 696]
      85719   3571.579   1730.000     3.2624   3.257857     3.2624   3.257816      93.97     0.0129     2.3812     2.0954  34.988327  3.2506564   52.94108  -51.21536    34.9144    34.9139     3.1306     3.1308    27.8047    27.8043    6.36082    6.29774         23 0.0000e+00
      85748   3572.788   1729.000     3.2629   3.257862     3.2624   3.257766      98.62     0.0154     2.3810     2.0956  34.991444  3.2518933   52.94108  -51.21536    34.9144    34.9138     3.1312     3.1306    27.8046    27.8042    6.35862    6.29337         33 0.0000e+00
      85777   3574.008   1728.000     3.2630   3.257812     3.2623   3.257720      81.10     0.0182     2.3815     2.0955  34.982597  3.2540565   52.94108  -51.21536    34.9142    34.9138     3.1313     3.1307    27.8045    27.8042    6.36587    6.29126         23 0.0000e+00
      85796   3574.784   1727.000     3.2632   3.257785     3.2621   3.257666      98.92     0.0128     2.3816     2.0954  34.981663  3.2539682   52.94108  -51.21536    34.9141    34.9139     3.1316     3.1306    27.8044    27.8043    6.36267    6.29054         16 0.0000e+00
      85812   3575.445   1726.000     3.2633   3.257754     3.2624   3.257648      98.63     0.0149     2.3823     2.0954  34.989098  3.2539682   52.94108  -51.21536    34.9142    34.9139     3.1318     3.1309    27.8044    27.8042    6.36460    6.29007         16 0.0000e+00
      85827   3576.098   1725.000     3.2634   3.257729     3.2627   3.257638      98.63     0.0189     2.3823     2.0954  34.987198  3.2539682   52.94108  -51.21536    34.9142    34.9139     3.1320     3.1313    27.8044    27.8043    6.35978    6.28952         16 0.0000e+00
      85846   3576.892   1724.000     3.2635   3.257699     3.2630   3.257620      65.83     0.0176     2.3823     2.0954  34.991219  3.2539682   52.94108  -51.21536    34.9143    34.9139     3.1322     3.1317    27.8044    27.8042    6.36451    6.28995         24 0.0000e+00
      85905   3579.326   1723.000     3.2637   3.257676     3.2629   3.257571      68.79     0.0160     2.3831     2.0957  34.981419  3.2545106   52.94108  -51.21536    34.9142    34.9139     3.1325     3.1317    27.8044    27.8041    6.36334    6.29113         43 0.0000e+00
      85935   3580.587   1722.000     3.2635   3.257584     3.2624   3.257485      86.68     0.0179     2.3836     2.0958  34.984455  3.2539613   52.94108  -51.21536    34.9139    34.9139     3.1324     3.1313    27.8041    27.8042    6.36517    6.29377         16 0.0000e+00
      85949   3581.154   1721.000     3.2648   3.257667     3.2639   3.257583      98.16     0.0172     2.3834     2.0961  34.985054  3.2539682   52.94108  -51.21536    34.9140    34.9140     3.1338     3.1328    27.8040    27.8041    6.35934    6.29606         13 0.0000e+00
      85962   3581.701   1720.000     3.2672   3.257843     3.2670   3.257825      98.63     0.0154     2.3835     2.0963  34.985065  3.2539682   52.94108  -51.21536    34.9141    34.9141     3.1362     3.1360    27.8039    27.8039    6.36193    6.29552         13 0.0000e+00
      85975   3582.268   1719.000     3.2686   3.257942     3.2687   3.257932      98.64     0.0153     2.3837     2.0967  34.987949  3.2539682   52.94108  -51.21536    34.9143    34.9140     3.1376     3.1378    27.8039    27.8037    6.36825    6.28848         14 0.0000e+00
      85992   3582.953   1718.000     3.2693   3.257975     3.2694   3.257951      78.42     0.0170     2.3845     2.0962  34.985447  3.2539682   52.94108  -51.21536    34.9144    34.9140     3.1384     3.1385    27.8039    27.8036    6.36514    6.27673         20 0.0000e+00
      86033   3584.669   1717.000     3.2693   3.257934     3.2681   3.257794      96.52     0.0183     2.3843     2.0957  34.983505  3.2558985   52.94108  -51.21536    34.9144    34.9140     3.1385     3.1374    27.8039    27.8037    6.35961    6.28391         56 0.0000e+00
      86072   3586.286   1716.000     3.2689   3.257799     3.2669   3.257640      81.17     0.0141     2.3855     2.0962  34.982464  3.2634571   52.94108  -51.21536    34.9137    34.9139     3.1383     3.1363    27.8034    27.8037    6.36819    6.29354         18 0.0000e+00
      86086   3586.895   1715.000     3.2692   3.257806     3.2677   3.257670      98.60     0.0150     2.3849     2.0967  34.981686  3.2637353   52.94108  -51.21536    34.9139    34.9139     3.1386     3.1371    27.8035    27.8037    6.36892    6.29130         14 0.0000e+00
      86100   3587.474   1714.000     3.2696   3.257822     3.2685   3.257702      98.63     0.0149     2.3858     2.0967  34.981686  3.2637362   52.94108  -51.21536    34.9142    34.9139     3.1391     3.1380    27.8037    27.8036    6.36709    6.28657         14 0.0000e+00
      86114   3588.060   1713.000     3.2698   3.257813     3.2702   3.257826      72.54     0.0131     2.3859     2.0967  34.982727  3.2595713   52.94108  -51.21536    34.9143    34.9141     3.1394     3.1398    27.8038    27.8036    6.36009    6.29041         14 0.0000e+00
      86130   3588.708   1712.000     3.2711   3.257886     3.2733   3.258058      60.87     0.0162     2.3858     2.0972  34.981686  3.2602878   52.94108  -51.21536    34.9144    34.9141     3.1407     3.1430    27.8037    27.8032    6.35737    6.29584         17 0.0000e+00
      86161   3589.983   1711.000     3.2726   3.257982     3.2731   3.257995      89.36     0.0154     2.3864     2.0977  34.981686  3.2629721   52.94108  -51.21536    34.9144    34.9140     3.1423     3.1428    27.8036    27.8032    6.36148    6.29221         56 0.0000e+00
      86223   3592.563   1710.000     3.2721   3.257892     3.2693   3.257608      82.32     0.0117     2.3867     2.0985  34.981686  3.2637703   52.94108  -51.21536    34.9143    34.9139     3.1419     3.1392    27.8036    27.8035    6.36457    6.28963         32 0.0000e+00
      86237   3593.180   1709.000     3.2719   3.257805     3.2701   3.257642      98.53     0.0109     2.3870     2.0982  34.981686  3.2637362   52.94108  -51.21536    34.9140    34.9140     3.1418     3.1401    27.8033    27.8034    6.36618    6.28696         16 0.0000e+00
      86252   3593.811   1708.000     3.2746   3.258013     3.2727   3.257854      98.63     0.0167     2.3874     2.0985  34.981686  3.2637362   52.94108  -51.21536    34.9141    34.9142     3.1446     3.1427    27.8031    27.8034    6.36499    6.29263         14 0.0000e+00
      86267   3594.406   1707.000     3.2762   3.258121     3.2752   3.258020      97.59     0.0141     2.3876     2.0986  34.982750  3.2637362   52.94108  -51.21536    34.9142    34.9141     3.1462     3.1452    27.8031    27.8031    6.36192    6.29252         14 0.0000e+00
      86281   3595.003   1706.000     3.2765   3.258122     3.2760   3.258044      68.73     0.0146     2.3873     2.0992  34.981682  3.2637362   52.94108  -51.21536    34.9144    34.9140     3.1466     3.1461    27.8032    27.8029    6.36277    6.29497         15 0.0000e+00
      86297   3595.664   1705.000     3.2767   3.258106     3.2762   3.258021      69.65     0.0176     2.3879     2.0992  34.982544  3.2637362   52.94109  -51.21536    34.9145    34.9140     3.1469     3.1464    27.8032    27.8029    6.36256    6.29549         17 0.0000e+00
      86319   3596.568   1704.000     3.2769   3.258078     3.2764   3.257993      63.40     0.0167     2.3878     2.1000  34.982212  3.2637362   52.94110  -51.21536    34.9145    34.9140     3.1472     3.1467    27.8032    27.8028    6.35952    6.29928         29 0.0000e+00
      86362   3598.394   1703.000     3.2767   3.258025     3.2753   3.257859      87.65     0.0152     2.3885     2.1005  34.982265  3.2730882   52.94109  -51.21536    34.9145    34.9141     3.1471     3.1457    27.8032    27.8030    6.36214    6.28937         51 0.0000e+00
      86398   3599.858   1702.000     3.2768   3.257962     3.2748   3.257773      96.56     0.0122     2.3887     2.1005  34.982353  3.2662168   52.94108  -51.21536    34.9142    34.9140     3.1472     3.1453    27.8029    27.8030    6.35925    6.29158         22 0.0000e+00
      86417   3600.667   1701.000     3.2777   3.257993     3.2764   3.257879      83.42     0.0133     2.3889     2.1008  34.982502  3.2670071   52.94108  -51.21536    34.9140    34.9140     3.1483     3.1470    27.8027    27.8028    6.36337    6.29139         18 0.0000e+00
      86434   3601.382   1700.000     3.2793   3.258133     3.2792   3.258091      85.85     0.0188     2.3891     2.1006  34.982548  3.2695072   52.94108  -51.21536    34.9145    34.9142     3.1500     3.1498    27.8029    27.8027    6.36052    6.28950         17 0.0000e+00
      86451   3602.077   1699.000     3.2810   3.258233     3.2811   3.258215      98.52     0.0199     2.3892     2.1011  34.981693  3.2734694   52.94110  -51.21536    34.9144    34.9141     3.1517     3.1518    27.8027    27.8024    6.35734    6.29552         17 0.0000e+00
      86468   3602.807   1698.000     3.2819   3.258272     3.2815   3.258206      98.63     0.0166     2.3891     2.1014  34.981686  3.2735043   52.94110  -51.21536    34.9144    34.9140     3.1526     3.1573    27.8026    27.8024    6.35304    6.29774         19 0.0000e+00
      86490   3603.725   1697.000     3.2822   3.258261     3.2815   3.258165      80.58     0.0144     2.3891     2.1018  34.982220  3.2735043   52.94110  -51.21536    34.9145    34.9141     3.1530     3.1526    27.8026    27.8024    6.35458    6.29676         26 0.0000e+00
      86527   3605.233   1696.000     3.2823   3.258224     3.2811   3.258089      99.15     0.0144     2.3895     2.1027  34.981667  3.2754247   52.94110  -51.21536    34.9144    34.9141     3.1532     3.1520    27.8025    27.8024    6.35997    6.29753         42 0.0000e+00
      86560   3606.618   1695.000     3.2822   3.258170     3.2812   3.258057      74.71     0.0119     2.3898     2.1027  34.981686  3.2742586   52.94110  -51.21536    34.9143    34.9141     3.1533     3.1522    27.8025    27.8024    6.35499    6.28954         25 0.0000e+00
      86581   3607.503   1694.000     3.2830   3.258198     3.2822   3.258109      85.05     0.0159     2.3896     2.1028  34.981686  3.2740176   52.94110  -51.21536    34.9143    34.9141     3.1541     3.1534    27.8024    27.8023    6.35837    6.28696         19 0.0000e+00
      86599   3608.263   1693.000     3.2836   3.258201     3.2829   3.258127      98.88     0.0170     2.3905     2.1024  34.981686  3.2734950   52.94110  -51.21536    34.9142    34.9141     3.1548     3.1541    27.8022    27.8022    6.36285    6.28130         17 0.0000e+00
      86616   3608.945   1692.000     3.2839   3.258193     3.2832   3.258106      98.63     0.0169     2.3903     2.1023  34.981686  3.2735043   52.94110  -51.21536    34.9143    34.9140     3.1552     3.1545    27.8023    27.8021    6.35485    6.28528         16 0.0000e+00
      86631   3609.579   1691.000     3.2839   3.258160     3.2833   3.258068      86.37     0.0175     2.3903     2.1024  34.982655  3.2793248   52.94110  -51.21536    34.9143    34.9139     3.1553     3.1547    27.8023    27.8021    6.35281    6.28713         15 0.0000e+00
      86646   3610.221   1690.000     3.2841   3.258128     3.2833   3.258030      77.82     0.0151     2.3903     2.1022  34.982601  3.2820182   52.94110  -51.21536    34.9143    34.9140     3.1555     3.1547    27.8023    27.8021    6.35448    6.29012         16 0.0000e+00
      86664   3610.953   1689.000     3.2840   3.258094     3.2832   3.257987      97.91     0.0129     2.3905     2.1028  34.983841  3.2827587   52.94110  -51.21534    34.9144    34.9140     3.1556     3.1548    27.8023    27.8021    6.34972    6.29466         20 0.0000e+00
      86717   3613.178   1688.000     3.2840   3.258038     3.2829   3.257913      58.15     0.0148     2.3905     2.1036  34.981476  3.2829227   52.94110  -51.21535    34.9143    34.9139     3.1556     3.1625    27.8023    27.8020    6.35320    6.28936         27 0.0000e+00
      86768   3615.284   1687.000     3.2843   3.257995     3.2828   3.257851      69.61     0.0141     2.3907     2.1036  34.981686  3.2801771   52.94110  -51.21536    34.9140    34.9138     3.1560     3.1543    27.8020    27.8020    6.35901    6.28241         13 0.0000e+00
      86778   3615.715   1686.000     3.2843   3.257953     3.2828   3.257821      78.02     0.0150     2.3907     2.1032  34.983036  3.2734091   52.94110  -51.21536    34.9140    34.9140     3.1561     3.1546    27.8020    27.8021    6.36430    6.28300         11 0.0000e+00
      86789   3616.159   1685.000     3.2841   3.257907     3.2828   3.257783      66.65     0.0153     2.3919     2.1036  34.981647  3.2735043   52.94110  -51.21536    34.9141    34.9140     3.1560     3.1547    27.8020    27.8021    6.37233    6.29064         10 0.0000e+00
      86799   3616.593   1684.000     3.2839   3.257863     3.2829   3.257750      99.56     0.0162     2.3917     2.1036  34.981686  3.2735043   52.94110  -51.21536    34.9143    34.9140     3.1559     3.1549    27.8022    27.8020    6.36585    6.29570         11 0.0000e+00
      86810   3617.042   1683.000     3.2837   3.257812     3.2830   3.257697      98.63     0.0149     2.3926     2.1038  34.981686  3.2735043   52.94110  -51.21534    34.9143    34.9138     3.1558     3.1551    27.8022    27.8019    6.36246    6.29743         11 0.0000e+00
      86822   3617.529   1682.000     3.2836   3.257769     3.2827   3.257641      88.99     0.0143     2.3922     2.1046  34.981686  3.2764304   52.94110  -51.21534    34.9144    34.9139     3.1558     3.1549    27.8024    27.8020    6.36419    6.30126         13 0.0000e+00
      86837   3618.167   1681.000     3.2835   3.257720     3.2825   3.257593      92.25     0.0112     2.3933     2.1050  34.981686  3.2755525   52.94112  -51.21534    34.9145    34.9140     3.1557     3.1548    27.8024    27.8021    6.36645    6.29836         20 0.0000e+00
      86918   3621.545   1680.000     3.2837   3.257662     3.2825   3.257535      74.52     0.0192     2.3936     2.1053  34.981686  3.2737579   52.94110  -51.21534    34.9141    34.9138     3.1560     3.1548    27.8021    27.8020    6.35417    6.29298         18 0.0000e+00
      86948   3622.800   1679.000     3.2840   3.257643     3.2827   3.257511      98.49     0.0182     2.3945     2.1054  34.981686  3.2735081   52.94110  -51.21534    34.9140    34.9138     3.1564     3.1551    27.8019    27.8019    6.36530    6.29582         10 0.0000e+00
      86958   3623.213   1678.000     3.2842   3.257618     3.2830   3.257502      98.63     0.0179     2.3939     2.1056  34.981686  3.2735043   52.94110  -51.21534    34.9140    34.9139     3.1567     3.1555    27.8019    27.8020    6.35997    6.29815          9 0.0000e+00
      86968   3623.606   1677.000     3.2844   3.257605     3.2841   3.257563      98.63     0.0173     2.3950     2.1054  34.986099  3.2735043   52.94110  -51.21534    34.9142    34.9140     3.1570     3.1567    27.8020    27.8019    6.36358    6.29752         10 0.0000e+00
      86978   3624.021   1676.000     3.2854   3.257657     3.2873   3.257818      98.63     0.0131     2.3944     2.1062  34.981686  3.2735043   52.94112  -51.21534    34.9142    34.9140     3.1581     3.1600    27.8019    27.8016    6.36479    6.29950         10 0.0000e+00
      86989   3624.491   1675.000     3.2873   3.257792     3.2899   3.257994      91.61     0.0135     2.3953     2.1065  34.981686  3.2735043   52.94112  -51.21534    34.9143    34.9139     3.1600     3.1626    27.8018    27.8013    6.36197    6.29666         13 0.0000e+00
      87004   3625.126   1674.000     3.2893   3.257942     3.2908   3.258040      57.86     0.0136     2.3951     2.1065  34.981686  3.2735043   52.94112  -51.21534    34.9144    34.9140     3.1621     3.1636    27.8017    27.8012    6.35378    6.29106         20 0.0000e+00
