data/CTD/2014/CNV/u017a047.cnv
* Sea-Bird SBE 9 Data File:
* FileName = C:\CTD_ACQUISITION\2014017HUD\ctddata\017A047.hdr
* Software Version Seasave V 7.22.2
* Temperature SN = 5081
* Conductivity SN = 3561
* Number of Bytes Per Scan = 37
* Number of Voltage Words = 4
* Number of Scans Averaged by the Deck Unit = 1
* NMEA Latitude = 47 48.52 N
* NMEA Longitude = 045 57.88 W
* NMEA UTC (Time) = Jul 11 2014 00:32:51
* NMEA baud rate = 9600
** Ship: Hudson
** Cruise: HUD2014017
** Chief_Scientist: Blair Greenan
** Organization: BIO
** Area_of_Operation: Sackville Spur
** Station: 047
** Sounding:  716
** Event_Comments: SS_18.5, 403274
# nquan = 25
# nvalues = 731                         
# units = specified
# name 0 = scan: Scan Count
# name 1 = timeS: Time, Elapsed [seconds]
# name 2 = prDM: Pressure, Digiquartz [db]
# name 3 = t068C: Temperature [ITS-68, deg C]
# name 4 = c0S/m: Conductivity [S/m]
# name 5 = t168C: Temperature, 2 [ITS-68, deg C]
# name 6 = c1S/m: Conductivity, 2 [S/m]
# name 7 = altM: Altimeter [m]
# name 8 = flC: Fluorescence, Chelsea Aqua 3 Chl Con [ug/l]
# name 9 = sbeox0V: Oxygen raw, SBE 43 [V]
# name 10 = sbeox1V: Oxygen raw, SBE 43, 2 [V]
# name 11 = upoly0: Upoly 0, Optode 4330F - O2 D-Phase
# name 12 = upoly1: Upoly 1, Optode 4330F - O2 Temp
# name 13 = latitude: Latitude [deg]
# name 14 = longitude: Longitude [deg]
# name 15 = sal00: Salinity, Practical [PSU]
# name 16 = sal11: Salinity, Practical, 2 [PSU]
# name 17 = potemp068C: Potential Temperature [ITS-68, deg C]
# name 18 = potemp168C: Potential Temperature, 2 [ITS-68, deg C]
# name 19 = sigma-é00: Density [sigma-theta, Kg/m^3]
# name 20 = sigma-é11: Density, 2 [sigma-theta, Kg/m^3]
# name 21 = sbeox0ML/L: Oxygen, SBE 43 [ml/l], WS = 2
# name 22 = sbeox1ML/L: Oxygen, SBE 43, 2 [ml/l], WS = 2
# name 23 = nbin: number of scans per bin
# name 24 = flag: flag
# span 0 =      27405,      49300       
# span 1 =   1141.818,   2054.135       
# span 2 =      1.000,    731.000       
# span 3 =     2.8444,     8.6631       
# span 4 =   3.094758,   3.521698       
# span 5 =     2.8473,     8.6661       
# span 6 =   3.091451,   3.518524       
# span 7 =      -5.56,     100.37       
# span 8 =     0.0082,     0.8814       
# span 9 =     2.6837,     3.7087       
# span 10 =     2.3658,     3.2421      
# span 11 =  29.882553,  34.102821      
# span 12 =  2.4452295,  8.6786041      
# span 13 =   47.81233,   47.81553      
# span 14 =  -45.96562,  -45.96514      
# span 15 =    33.1031,    34.8904      
# span 16 =    33.1025,    34.8898      
# span 17 =     2.8388,     8.6629      
# span 18 =     2.8418,     8.6659      
# span 19 =    25.6857,    27.7034      
# span 20 =    25.6845,    27.7028      
# span 21 =    6.25170,    8.69973      
# span 22 =    6.21217,    8.67334      
# span 23 =         14,        113      
# span 24 = 0.0000e+00, 0.0000e+00      
# interval = decibars: 1                
# start_time = Jul 11 2014 00:32:51 [NMEA time, header]
# bad_flag = -9.990e-29
*END*
[from data line 116]
      30953   1289.678    615.000     4.0022   3.273343     4.0023   3.273273      98.64     0.0151     2.7228     2.3949  34.013710  4.0158730   47.81305  -45.96516    34.8812    34.8803     3.9571     3.9571    27.6963    27.6955    6.38367    6.36533         28 0.0000e+00
      30981   1290.840    614.000     4.0025   3.273317     4.0024   3.273242      66.65     0.0160     2.7234     2.3964  34.008904  4.0158730   47.81306  -45.96515    34.8811    34.8803     3.9575     3.9574    27.6961    27.6955    6.38318    6.36817         26 0.0000e+00
      31006   1291.861    613.000     4.0026   3.273285     4.0025   3.273210      98.28     0.0192     2.7240     2.3975  34.012188  4.0158730   47.81306  -45.96514    34.8812    34.8803     3.9576     3.9576    27.6962    27.6955    6.38483    6.36754         23 0.0000e+00
      31027   1292.765    612.000     4.0030   3.273269     4.0029   3.273195      98.65     0.0194     2.7237     2.3982  34.015400  4.0158730   47.81306  -45.96514    34.8811    34.8803     3.9581     3.9580    27.6961    27.6955    6.38250    6.36219         21 0.0000e+00
      31048   1293.615    611.000     4.0031   3.273238     4.0032   3.273179      98.63     0.0185     2.7247     2.3980  34.015350  4.0158730   47.81306  -45.96515    34.8811    34.8803     3.9583     3.9583    27.6961    27.6955    6.38909    6.35686         21 0.0000e+00
      31069   1294.506    610.000     4.0032   3.273209     4.0033   3.273142      98.63     0.0223     2.7253     2.3981  34.019249  4.0158730   47.81306  -45.96516    34.8812    34.8803     3.9584     3.9585    27.6962    27.6954    6.38527    6.35472         22 0.0000e+00
      31091   1295.436    609.000     4.0033   3.273170     4.0034   3.273118      98.63     0.0193     2.7252     2.3978  34.020645  4.0158730   47.81306  -45.96516    34.8811    34.8804     3.9587     3.9587    27.6960    27.6955    6.38461    6.35381         22 0.0000e+00
      31113   1296.318    608.000     4.0035   3.273145     4.0036   3.273079      98.63     0.0171     2.7259     2.3980  34.013878  4.0158730   47.81306  -45.96516    34.8811    34.8803     3.9589     3.9590    27.6960    27.6954    6.38840    6.35898         20 0.0000e+00
      31133   1297.154    607.000     4.0036   3.273108     4.0036   3.273040      98.63     0.0126     2.7264     2.3982  34.014660  4.0158730   47.81308  -45.96516    34.8812    34.8803     3.9590     3.9591    27.6961    27.6954    6.38627    6.35509         20 0.0000e+00
      31154   1298.054    606.000     4.0036   3.273075     4.0037   3.272996      88.20     0.0134     2.7267     2.3983  34.014652  4.0158730   47.81308  -45.96516    34.8812    34.8802     3.9592     3.9592    27.6961    27.6953    6.38705    6.35608         24 0.0000e+00
      31180   1299.130    605.000     4.0039   3.273040     4.0037   3.272957      49.23     0.0161     2.7270     2.3987  34.012589  4.0158730   47.81308  -45.96516    34.8811    34.8803     3.9595     3.9593    27.6960    27.6954    6.38340    6.36183         28 0.0000e+00
      31209   1300.319    604.000     4.0039   3.273003     4.0037   3.272907      99.81     0.0147     2.7272     2.3994  34.007481  4.0158730   47.81308  -45.96516    34.8811    34.8802     3.9596     3.9594    27.6960    27.6953    6.38183    6.35870         27 0.0000e+00
      31234   1301.378    603.000     4.0039   3.272952     4.0038   3.272871      90.47     0.0106     2.7269     2.3996  34.006073  4.0158730   47.81308  -45.96516    34.8811    34.8802     3.9597     3.9596    27.6959    27.6953    6.38053    6.35964         24 0.0000e+00
      31256   1302.292    602.000     4.0040   3.272916     4.0039   3.272829      89.15     0.0145     2.7273     2.3998  34.008373  4.0158730   47.81308  -45.96516    34.8810    34.8802     3.9599     3.9597    27.6959    27.6952    6.38093    6.35823         21 0.0000e+00
      31277   1303.149    601.000     4.0041   3.272876     4.0039   3.272788      98.44     0.0182     2.7271     2.4000  34.008373  4.0158730   47.81308  -45.96516    34.8810    34.8802     3.9600     3.9598    27.6959    27.6952    6.37653    6.35349         21 0.0000e+00
      31299   1304.065    600.000     4.0040   3.272829     4.0039   3.272734      98.64     0.0198     2.7269     2.3996  34.007660  4.0158730   47.81308  -45.96516    34.8810    34.8800     3.9601     3.9599    27.6959    27.6951    6.37962    6.35332         23 0.0000e+00
      31321   1305.019    599.000     4.0040   3.272779     4.0039   3.272671      98.63     0.0193     2.7274     2.4002  34.006660  4.0158730   47.81310  -45.96516    34.8810    34.8799     3.9601     3.9600    27.6958    27.6949    6.38066    6.36270         22 0.0000e+00
      31342   1305.887    598.000     4.0040   3.272718     4.0037   3.272606      98.64     0.0223     2.7274     2.4007  34.010220  4.0158730   47.81310  -45.96516    34.8808    34.8798     3.9602     3.9599    27.6956    27.6948    6.37742    6.36039         20 0.0000e+00
      31362   1306.702    597.000     4.0040   3.272658     4.0036   3.272543      98.64     0.0199     2.7274     2.4009  34.006199  4.0158730   47.81310  -45.96516    34.8807    34.8797     3.9602     3.9598    27.6956    27.6948    6.37445    6.35612         19 0.0000e+00
      31384   1307.610    596.000     4.0038   3.272591     4.0035   3.272490      89.10     0.0157     2.7270     2.4009  34.008171  4.0158730   47.81310  -45.96516    34.8806    34.8797     3.9601     3.9598    27.6955    27.6948    6.37158    6.35530         25 0.0000e+00
      31413   1308.851    595.000     4.0037   3.272535     4.0034   3.272431      94.47     0.0162     2.7270     2.4010  34.007759  4.0158730   47.81310  -45.96516    34.8805    34.8796     3.9601     3.9598    27.6954    27.6947    6.37481    6.35447         34 0.0000e+00
      31445   1310.170    594.000     4.0037   3.272477     4.0033   3.272370      98.78     0.0207     2.7272     2.4010  33.986248  4.0158730   47.81310  -45.96516    34.8804    34.8795     3.9602     3.9611    27.6953    27.6947    6.37347    6.35284         27 0.0000e+00
      31469   1311.167    593.000     4.0035   3.272409     4.0028   3.272271      98.64     0.0204     2.7269     2.4008  33.985992  4.0158730   47.81310  -45.96516    34.8804    34.8795     3.9600     3.9593    27.6953    27.6947    6.37182    6.35008         22 0.0000e+00
      31489   1312.010    592.000     4.0030   3.272304     4.0024   3.272180      98.63     0.0196     2.7272     2.4008  34.003292  4.0158730   47.81310  -45.96516    34.8802    34.8793     3.9596     3.9590    27.6952    27.6946    6.37233    6.35015         19 0.0000e+00
      31508   1312.788    591.000     4.0026   3.272222     4.0021   3.272110      98.61     0.0197     2.7271     2.4007  34.005386  4.0158730   47.81310  -45.96516    34.8801    34.8793     3.9593     3.9589    27.6952    27.6946    6.36951    6.34741         19 0.0000e+00
      31527   1313.577    590.000     4.0024   3.272149     4.0020   3.272048      98.61     0.0169     2.7269     2.4005  34.006927  4.0158730   47.81311  -45.96516    34.8800    34.8792     3.9592     3.9588    27.6951    27.6945    6.36745    6.34395         19 0.0000e+00
      31549   1314.498    589.000     4.0022   3.272096     4.0019   3.271990      98.62     0.0148     2.7267     2.3998  34.008415  4.0144062   47.81312  -45.96518    34.8801    34.8792     3.9591     3.9588    27.6952    27.6945    6.36676    6.33158         26 0.0000e+00
      31578   1315.690    588.000     4.0021   3.272033     4.0019   3.271938      62.37     0.0192     2.7267     2.3979  34.005856  4.0145712   47.81312  -45.96518    34.8800    34.8791     3.9591     3.9588    27.6951    27.6944    6.36516    6.32404         30 0.0000e+00
      31604   1316.802    587.000     4.0022   3.271986     4.0019   3.271891      98.88     0.0210     2.7264     2.3972  34.008945  4.0137420   47.81312  -45.96518    34.8799    34.8790     3.9592     3.9590    27.6950    27.6944    6.36353    6.33396         23 0.0000e+00
      31625   1317.680    586.000     4.0024   3.271952     4.0020   3.271847      98.40     0.0202     2.7261     2.3974  34.005890  4.0158539   47.81312  -45.96518    34.8798    34.8789     3.9595     3.9591    27.6949    27.6943    6.36438    6.33917         20 0.0000e+00
      31645   1318.502    585.000     4.0025   3.271916     4.0020   3.271809      98.45     0.0171     2.7266     2.3978  34.004429  4.0153952   47.81312  -45.96518    34.8797    34.8790     3.9597     3.9592    27.6948    27.6943    6.36357    6.33922         20 0.0000e+00
      31667   1319.405    584.000     4.0024   3.271873     4.0021   3.271766      98.38     0.0162     2.7260     2.3980  34.003830  4.0150280   47.81312  -45.96518    34.8798    34.8789     3.9597     3.9594    27.6949    27.6942    6.35972    6.33066         23 0.0000e+00
      31693   1320.509    583.000     4.0024   3.271819     4.0023   3.271739      98.36     0.0141     2.7260     2.3971  34.007771  4.0087767   47.81312  -45.96518    34.8797    34.8790     3.9597     3.9596    27.6949    27.6942    6.35823    6.32668         30 0.0000e+00
      31723   1321.771    582.000     4.0024   3.271771     4.0023   3.271694      98.27     0.0147     2.7259     2.3971  34.009628  4.0149655   47.81312  -45.96518    34.8797    34.8789     3.9598     3.9597    27.6948    27.6942    6.36335    6.33376         29 0.0000e+00
      31749   1322.848    581.000     4.0026   3.271749     4.0024   3.271653      98.28     0.0164     2.7259     2.3977  34.001808  4.0150256   47.81312  -45.96518    34.8797    34.8788     3.9601     3.9599    27.6948    27.6941    6.35721    6.34059         23 0.0000e+00
      31771   1323.733    580.000     4.0027   3.271708     4.0024   3.271611      98.15     0.0194     2.7258     2.3985  34.025013  4.0148954   47.81312  -45.96518    34.8796    34.8789     3.9603     3.9599    27.6947    27.6942    6.36558    6.33911         20 0.0000e+00
      31790   1324.531    579.000     4.0026   3.271658     4.0022   3.271559      98.24     0.0183     2.7272     2.3986  34.032658  4.0158854   47.81312  -45.96518    34.8797    34.8789     3.9603     3.9599    27.6948    27.6942    6.36594    6.33346         18 0.0000e+00
      31808   1325.280    578.000     4.0026   3.271604     4.0022   3.271507      98.05     0.0154     2.7265     2.3987  34.035854  4.0147748   47.81312  -45.96518    34.8797    34.8789     3.9603     3.9599    27.6947    27.6942    6.35923    6.33617         18 0.0000e+00
      31826   1326.028    577.000     4.0025   3.271552     4.0021   3.271457      98.18     0.0146     2.7270     2.3990  34.033207  4.0062633   47.81314  -45.96518    34.8796    34.8789     3.9603     3.9599    27.6947    27.6942    6.36478    6.33795         19 0.0000e+00
      31846   1326.868    576.000     4.0023   3.271499     4.0021   3.271405      98.17     0.0180     2.7273     2.3994  34.035229  4.0065346   47.81314  -45.96519    34.8797    34.8789     3.9602     3.9600    27.6948    27.6941    6.36247    6.34004         22 0.0000e+00
      31873   1328.011    575.000     4.0022   3.271452     4.0020   3.271349      98.49     0.0181     2.7278     2.4002  34.032059  4.0075569   47.81314  -45.96520    34.8798    34.8788     3.9602     3.9600    27.6948    27.6941    6.36210    6.33889         33 0.0000e+00
      31909   1329.482    574.000     4.0022   3.271396     4.0020   3.271299      97.95     0.0164     2.7278     2.3999  34.028332  4.0105047   47.81314  -45.96520    34.8796    34.8788     3.9603     3.9600    27.6947    27.6941    6.36092    6.33034         34 0.0000e+00
      31938   1330.728    573.000     4.0022   3.271341     4.0019   3.271230      97.97     0.0189     2.7281     2.3999  34.022709  4.0155878   47.81314  -45.96520    34.8796    34.8786     3.9603     3.9600    27.6947    27.6939    6.36086    6.32760         27 0.0000e+00
      31962   1331.718    572.000     4.0021   3.271255     4.0016   3.271155      98.04     0.0238     2.7283     2.3990  34.030075  4.0158768   47.81314  -45.96520    34.8792    34.8785     3.9603     3.9598    27.6944    27.6938    6.37545    6.32661         21 0.0000e+00
      31983   1332.570    571.000     4.0019   3.271189     4.0015   3.271097      81.92     0.0231     2.7308     2.3996  34.036690  4.0158730   47.81314  -45.96520    34.8791    34.8784     3.9602     3.9598    27.6943    27.6938    6.38404    6.33706         20 0.0000e+00
      32002   1333.361    570.000     4.0019   3.271140     4.0014   3.271049      90.34     0.0229     2.7315     2.3999  34.034168  4.0142307   47.81314  -45.96520    34.8791    34.8785     3.9602     3.9597    27.6943    27.6939    6.37200    6.33825         18 0.0000e+00
      32020   1334.131    569.000     4.0018   3.271094     4.0013   3.270990      98.70     0.0171     2.7315     2.4007  34.035484  4.0013747   47.81314  -45.96520    34.8792    34.8784     3.9602     3.9598    27.6944    27.6938    6.37061    6.33996         19 0.0000e+00
      32039   1334.926    568.000     4.0016   3.271037     4.0012   3.270938      96.34     0.0190     2.7319     2.4010  34.034447  4.0060415   47.81315  -45.96520    34.8792    34.8784     3.9601     3.9597    27.6944    27.6938    6.36856    6.33805         20 0.0000e+00
      32060   1335.792    567.000     4.0014   3.270975     4.0011   3.270877      97.27     0.0219     2.7319     2.4016  34.038376  4.0047088   47.81316  -45.96520    34.8792    34.8784     3.9600     3.9597    27.6944    27.6938    6.36027    6.33592         21 0.0000e+00
      32083   1336.746    566.000     4.0013   3.270921     4.0009   3.270814      97.06     0.0219     2.7311     2.4012  34.033428  4.0049319   47.81316  -45.96521    34.8793    34.8784     3.9599     3.9596    27.6944    27.6938    6.36056    6.32593         25 0.0000e+00
      32110   1337.862    565.000     4.0011   3.270866     4.0008   3.270756      97.18     0.0190     2.7319     2.4009  34.037342  4.0040936   47.81316  -45.96522    34.8793    34.8783     3.9599     3.9596    27.6945    27.6937    6.36850    6.32880         29 0.0000e+00
      32141   1339.170    564.000     4.0011   3.270810     4.0008   3.270699      84.34     0.0180     2.7325     2.4013  34.030552  4.0073867   47.81316  -45.96522    34.8792    34.8782     3.9599     3.9607    27.6944    27.6936    6.36905    6.33918         32 0.0000e+00
      32169   1340.339    563.000     4.0013   3.270762     4.0009   3.270661      95.05     0.0153     2.7329     2.4026  34.014286  4.0127382   47.81316  -45.96522    34.8789    34.8781     3.9602     3.9598    27.6942    27.6936    6.37419    6.34802         24 0.0000e+00
      32191   1341.230    562.000     4.0017   3.270742     4.0012   3.270632      98.72     0.0157     2.7337     2.4040  34.014652  4.0122662   47.81316  -45.96522    34.8788    34.8781     3.9607     3.9601    27.6940    27.6935    6.37440    6.34943         19 0.0000e+00
      32209   1341.986    561.000     4.0018   3.270698     4.0012   3.270584      98.63     0.0175     2.7344     2.4043  34.017937  4.0060501   47.81316  -45.96522    34.8787    34.8780     3.9608     3.9602    27.6939    27.6934    6.37770    6.34298         18 0.0000e+00
      32226   1342.697    560.000     4.0018   3.270658     4.0012   3.270543      98.63     0.0188     2.7349     2.4046  34.014702  4.0061049   47.81316  -45.96522    34.8787    34.8780     3.9609     3.9603    27.6939    27.6934    6.37820    6.34112         17 0.0000e+00
      32243   1343.422    559.000     4.0017   3.270620     4.0013   3.270517      98.63     0.0181     2.7359     2.4048  34.016247  4.0045114   47.81316  -45.96522    34.8789    34.8782     3.9609     3.9605    27.6941    27.6935    6.38203    6.34311         18 0.0000e+00
