data/CTD/2014/CNV/u017a002.cnv
* Sea-Bird SBE 9 Data File:
* FileName = C:\CTD_ACQUISITION\2014017HUD\ctddata\017A002.hdr
* Software Version Seasave V 7.22.2
* Temperature SN = 5081
* Conductivity SN = 3561
* Number of Bytes Per Scan = 37
* Number of Voltage Words = 4
* Number of Scans Averaged by the Deck Unit = 1
* NMEA Latitude = 52 39.92 N
* NMEA Longitude = 052 06.18 W
* NMEA UTC (Time) = Jul 03 2014 10:10:16
* NMEA baud rate = 9600
** Ship: Hudson
** Cruise: HUD2014017
** Chief_Scientist: Blair Greenan
** Organization: BIO
** Area_of_Operation: Sackville Spur
** Station: 002
** Sounding:  298
** Event_Comments: C1 403001
# nquan = 25
# nvalues = 294                         
# units = specified
# name 0 = scan: Scan Count
# name 1 = timeS: Time, Elapsed [seconds]
# name 2 = prDM: Pressure, Digiquartz [db]
# name 3 = t068C: Temperature [ITS-68, deg C]
# name 4 = c0S/m: Conductivity [S/m]
# name 5 = t168C: Temperature, 2 [ITS-68, deg C]
# name 6 = c1S/m: Conductivity, 2 [S/m]
# name 7 = altM: Altimeter [m]
# name 8 = flC: Fluorescence, Chelsea Aqua 3 Chl Con [ug/l]
# name 9 = sbeox0V: Oxygen raw, SBE 43 [V]
# name 10 = sbeox1V: Oxygen raw, SBE 43, 2 [V]
# name 11 = upoly0: Upoly 0, Optode 4330F - O2 D-Phase
# name 12 = upoly1: Upoly 1, Optode 4330F - O2 Temp
# name 13 = latitude: Latitude [deg]
# name 14 = longitude: Longitude [deg]
# name 15 = sal00: Salinity, Practical [PSU]
# name 16 = sal11: Salinity, Practical, 2 [PSU]
# name 17 = potemp068C: Potential Temperature [ITS-68, deg C]
# name 18 = potemp168C: Potential Temperature, 2 [ITS-68, deg C]
# name 19 = sigma-é00: Density [sigma-theta, Kg/m^3]
# name 20 = sigma-é11: Density, 2 [sigma-theta, Kg/m^3]
# name 21 = sbeox0ML/L: Oxygen, SBE 43 [ml/l], WS = 2
# name 22 = sbeox1ML/L: Oxygen, SBE 43, 2 [ml/l], WS = 2
# name 23 = nbin: number of scans per bin
# name 24 = flag: flag
# span 0 =      23852,      49918       
# span 1 =    993.774,   2079.864       
# span 2 =      1.000,    294.000       
# span 3 =    -1.4386,     5.3525       
# span 4 =   2.640142,   3.134211       
# span 5 =    -1.4363,     5.3434       
# span 6 =   2.640061,   3.133980       
# span 7 =       3.90,     100.51       
# span 8 =     0.0178,     2.6358       
# span 9 =     2.8926,     3.9076       
# span 10 =     2.5494,     3.4497      
# span 11 =  26.252096,  32.111534      
# span 12 = -1.4629771,  3.8970680      
# span 13 =   52.66493,   52.66522      
# span 14 =  -52.10050,  -52.09944      
# span 15 =    31.9115,    34.5915      
# span 16 =    31.9157,    34.5889      
# span 17 =    -1.4393,     5.3523      
# span 18 =    -1.4370,     5.3431      
# span 19 =    25.1885,    27.5729      
# span 20 =    25.1929,    27.5708      
# span 21 =    6.79900,   11.15128      
# span 22 =    6.80769,   11.44612      
# span 23 =         15,         91      
# span 24 = 0.0000e+00, 0.0000e+00      
# interval = decibars: 1                
# start_time = Jul 03 2014 10:10:16 [NMEA time, header]
# bad_flag = -9.990e-29
*END*
[from data line 232]
      38852   1618.800     62.000    -1.3326   2.665691    -1.3319   2.665603      99.24     0.0396     2.9254     2.5802  31.935543 -0.8635538   52.66500  -52.09986    33.2509    33.2490    -1.3339    -1.3333    26.7465    26.7449    7.60058    7.66414         20 0.0000e+00
      38869   1619.516     61.000    -1.3408   2.664461    -1.3470   2.663391      98.63     0.0369     2.9257     2.5802  31.936354 -0.8679754   52.66500  -52.09986    33.2438    33.2361    -1.3421    -1.3484    26.7409    26.7349    7.61044    7.66334         19 0.0000e+00
      39327   1638.592     60.000    -1.3542   2.662483    -1.3605   2.661474      98.63     0.0389     2.9262     2.5801  31.959850 -0.9212778   52.66498  -52.09983    33.2322    33.2253    -1.3555    -1.3618    26.7319    26.7266    7.60903    7.66268         46 0.0000e+00
      40324   1680.133     59.000    -1.3677   2.660510    -1.3667   2.660561      98.63     0.0436     2.9259     2.5797  32.040421 -1.0332263   52.66494  -52.09973    33.2207    33.2203    -1.3690    -1.3680    26.7230    26.7227    7.62166    7.67258         42 0.0000e+00
      40280   1678.308     58.000    -1.3665   2.660589    -1.3668   2.660473      76.56     0.0473     2.9265     2.5803  32.036659 -1.0255176   52.66494  -52.09974    33.2210    33.2198    -1.3677    -1.3680    26.7232    26.7223    7.62169    7.66281         27 0.0000e+00
      40307   1679.397     57.000    -1.3743   2.659499    -1.3736   2.659458      57.80     0.0580     2.9283     2.5796  32.036629 -1.0338248   52.66494  -52.09974    33.2154    33.2141    -1.3755    -1.3748    26.7189    26.7178    7.62927    7.65596         26 0.0000e+00
      40334   1680.533     56.000    -1.3800   2.658601    -1.3872   2.657560      98.32     0.0457     2.9275     2.5789  32.035126 -1.0338509   52.66494  -52.09974    33.2100    33.2037    -1.3812    -1.3883    26.7147    26.7098    7.60917    7.65953         29 0.0000e+00
      40390   1682.869     55.000    -1.3828   2.658233    -1.3908   2.657034      92.45     0.0356     2.9275     2.5802  32.030865 -1.0368630   52.66493  -52.09972    33.2087    33.2011    -1.3840    -1.3919    26.7137    26.7077    7.61394    7.67860         59 0.0000e+00
      40475   1686.405     54.000    -1.3717   2.659664    -1.3772   2.658817      98.98     0.0361     2.9282     2.5826  32.036949 -1.0443321   52.66494  -52.09972    33.2167    33.2111    -1.3729    -1.3784    26.7199    26.7155    7.62273    7.67386         26 0.0000e+00
      40494   1687.227     53.000    -1.3861   2.657431    -1.3949   2.656044      98.63     0.0368     2.9296     2.5823  32.036629 -1.0443991   52.66494  -52.09972    33.2025    33.1933    -1.3872    -1.3960    26.7088    26.7015    7.63393    7.67315         22 0.0000e+00
      40518   1688.221     52.000    -1.4017   2.655024    -1.4062   2.654150      98.63     0.0344     2.9302     2.5821  32.036629 -1.0453055   52.66494  -52.09972    33.1874    33.1804    -1.4027    -1.4072    26.6970    26.6914    7.63928    7.67860         28 0.0000e+00
      40586   1691.039     51.000    -1.3988   2.655450    -1.3970   2.655528      84.72     0.0391     2.9304     2.5826  32.042942 -1.0552901   52.66493  -52.09971    33.1907    33.1897    -1.3999    -1.3980    26.6996    26.6987    7.62567    7.68000         73 0.0000e+00
      40670   1694.534     50.000    -1.3898   2.656760    -1.3857   2.657241      95.97     0.0396     2.9304     2.5834  32.051338 -1.0616230   52.66494  -52.09970    33.1993    33.2013    -1.3909    -1.3867    26.7063    26.7078    7.62954    7.69009         46 0.0000e+00
      41410   1725.383     49.000    -1.4147   2.652450    -1.4126   2.652707      92.37     0.0462     2.9331     2.5858  32.057781 -1.1213889   52.66498  -52.09962    33.1684    33.1695    -1.4158    -1.4136    26.6819    26.6827    7.63635    7.70069         48 0.0000e+00
      41710   1737.859     48.000    -1.4152   2.652201    -1.4161   2.652010      98.62     0.0499     2.9336     2.5878  32.062260 -1.1415728   52.66499  -52.09958    33.1661    33.1644    -1.4162    -1.4171    26.6801    26.6787    7.63667    7.70736         24 0.0000e+00
      41758   1739.857     47.000    -1.4196   2.651415    -1.4196   2.651348      84.44     0.0418     2.9333     2.5879  32.079411 -1.1416361   52.66499  -52.09957    33.1608    33.1598    -1.4206    -1.4205    26.6759    26.6751    7.64020    7.70001         73 0.0000e+00
      41829   1742.827     46.000    -1.4173   2.651752    -1.4204   2.650983     100.06     0.0412     2.9341     2.5875  32.081493 -1.1432987   52.66500  -52.09956    33.1635    33.1564    -1.4182    -1.4214    26.6780    26.6723    7.63565    7.69772         32 0.0000e+00
      41852   1743.798     45.000    -1.4240   2.650080    -1.4267   2.649494      98.63     0.0540     2.9339     2.5879  32.092953 -1.1459484   52.66500  -52.09956    33.1486    33.1435    -1.4249    -1.4276    26.6661    26.6620    7.64378    7.70333         25 0.0000e+00
      41895   1745.597     44.000    -1.4280   2.648981    -1.4289   2.648548      83.63     0.0814     2.9343     2.5886  32.075722 -1.1502330   52.66500  -52.09956    33.1385    33.1333    -1.4289    -1.4298    26.6580    26.6538    7.64623    7.70759         66 0.0000e+00
      41969   1748.686     43.000    -1.4259   2.649439    -1.4257   2.649029     100.51     0.0678     2.9362     2.5888  32.089264 -1.1514516   52.66500  -52.09954    33.1431    33.1373    -1.4268    -1.4266    26.6616    26.6570    7.65099    7.70478         31 0.0000e+00
      41988   1749.439     42.000    -1.4307   2.647292    -1.4310   2.647096      98.63     0.0677     2.9361     2.5890  32.062645 -1.1514041   52.66500  -52.09954    33.1195    33.1171    -1.4315    -1.4318    26.6426    26.6407    7.65112    7.71093         18 0.0000e+00
      42006   1750.188     41.000    -1.4325   2.645820    -1.4328   2.645806      98.63     0.0681     2.9365     2.5896  32.062092 -1.1524056   52.66502  -52.09954    33.1018    33.1019    -1.4333    -1.4336    26.6283    26.6284    7.65406    7.71396         19 0.0000e+00
      42113   1754.652     40.000    -1.4332   2.645010    -1.4334   2.644699      82.17     0.0733     2.9376     2.5902  32.091343 -1.1636795   52.66502  -52.09953    33.0921    33.0879    -1.4340    -1.4342    26.6205    26.6171    7.65561    7.71273         38 0.0000e+00
      43051   1793.751     39.000    -1.4335   2.643971    -1.4341   2.643706     100.15     0.0725     2.9426     2.5940  32.109547 -1.2090945   52.66507  -52.09946    33.0788    33.0758    -1.4343    -1.4349    26.6097    26.6073    7.66619    7.72949         45 0.0000e+00
      43172   1798.804     38.000    -1.4345   2.643232    -1.4347   2.643457      98.47     0.0906     2.9426     2.5951  32.111534 -1.2180378   52.66508  -52.09946    33.0703    33.0736    -1.4353    -1.4355    26.6028    26.6055    7.67218    7.73703         41 0.0000e+00
      43251   1802.065     37.000    -1.4342   2.643012    -1.4333   2.642900      98.65     0.1048     2.9441     2.5975  32.111046 -1.2196560   52.66510  -52.09946    33.0676    33.0650    -1.4350    -1.4340    26.6006    26.5984    7.67819    7.74758         84 0.0000e+00
      43304   1804.278     36.000    -1.4339   2.642682    -1.4331   2.642452      98.63     0.0870     2.9459     2.5994  32.110767 -1.2197869   52.66510  -52.09946    33.0633    33.0592    -1.4346    -1.4338    26.5971    26.5938    7.68833    7.75006         33 0.0000e+00
      43335   1805.568     35.000    -1.4364   2.641730    -1.4363   2.641561      80.76     0.0850     2.9465     2.6006  32.111172 -1.2197802   52.66510  -52.09946    33.0535    33.0511    -1.4371    -1.4370    26.5892    26.5873    7.68234    7.76075         34 0.0000e+00
      43383   1807.570     34.000    -1.4386   2.641125    -1.4348   2.641112      97.09     0.0876     2.9482     2.6026  32.111012 -1.2200595   52.66510  -52.09945    33.0483    33.0439    -1.4393    -1.4355    26.5851    26.5814    7.69725    7.76797         66 0.0000e+00
      43445   1810.182     33.000    -1.4367   2.641147    -1.4316   2.641035      98.66     0.1028     2.9511     2.6059  32.110813 -1.2224052   52.66510  -52.09944    33.0471    33.0399    -1.4374    -1.4322    26.5841    26.5780    7.70334    7.78228         47 0.0000e+00
      43485   1811.845     32.000    -1.4323   2.640898    -1.4297   2.640758      98.63     0.1084     2.9527     2.6075  32.110886 -1.2264481   52.66510  -52.09944    33.0394    33.0346    -1.4330    -1.4303    26.5777    26.5737    7.71155    7.77567         44 0.0000e+00
      43550   1814.551     31.000    -1.4307   2.640803    -1.4257   2.640250      78.02     0.1420     2.9567     2.6085  32.110893 -1.2297568   52.66511  -52.09944    33.0370    33.0238    -1.4313    -1.4263    26.5757    26.5648    7.72328    7.77727         73 0.0000e+00
      43988   1832.804     30.000    -1.4207   2.640270    -1.4184   2.640130      96.09     0.2433     2.9713     2.6256  32.109982 -1.2295482   52.66512  -52.09944    33.0191    33.0147    -1.4213    -1.4190    26.5609    26.5572    7.79295    7.90353         65 0.0000e+00
      44662   1860.892     29.000    -1.4071   2.640142    -1.4053   2.640061      96.23     0.4265     3.0010     2.6696  32.109463 -1.2295482   52.66514  -52.09944    33.0030    32.9999    -1.4077    -1.4059    26.5474    26.5449    7.94616    8.18649         37 0.0000e+00
      44646   1860.220     28.000    -1.3888   2.640800    -1.3915   2.640631      98.19     1.0204     3.0097     2.6805  32.109329 -1.2295482   52.66514  -52.09944    32.9923    32.9930    -1.3893    -1.3920    26.5383    26.5389    7.96998    8.12857         26 0.0000e+00
      44673   1861.354     27.000    -1.3670   2.641274    -1.3673   2.641467      78.12     2.0786     3.0177     2.6865  32.105633 -1.2295482   52.66514  -52.09944    32.9754    32.9783    -1.3674    -1.3678    26.5239    26.5263    8.00634    8.17027         30 0.0000e+00
      44717   1863.150     26.000    -1.3622   2.641601    -1.3557   2.641644      92.68     2.6358     3.0589     2.7366  32.096924 -1.2311884   52.66514  -52.09944    32.9752    32.9686    -1.3627    -1.3562    26.5236    26.5181    8.54428    8.83063         64 0.0000e+00
      44793   1866.324     25.000    -1.3643   2.641523    -1.3596   2.641662      67.16     0.8696     3.2460     2.9009  32.095127 -1.2401941   52.66514  -52.09944    32.9772    32.9738    -1.3650    -1.3601    26.5253    26.5224    9.54168    9.36660         59 0.0000e+00
      44826   1867.704     24.000    -1.3284   2.643407    -1.3260   2.643513      98.94     0.7113     3.3151     2.9089  32.095238 -1.2381263   52.66514  -52.09944    32.9639    32.9627    -1.3289    -1.3265    26.5135    26.5124    9.24680    8.69094         25 0.0000e+00
      44850   1868.708     23.000    -1.2542   2.647992    -1.2424   2.648612      93.54     0.3506     3.3371     2.8895  32.085865 -1.2385346   52.66514  -52.09944    32.9455    32.9409    -1.2547    -1.2429    26.4963    26.4923    9.07311    8.54284         25 0.0000e+00
      44900   1870.792     22.000    -1.2209   2.650068    -1.2140   2.650707      71.80     0.1757     3.3559     2.8995  32.072796 -1.2389603   52.66513  -52.09944    32.9376    32.9389    -1.2213    -1.2144    26.4890    26.4898    8.99927    8.94784         61 0.0000e+00
      44996   1874.788     21.000    -1.2832   2.646163    -1.3115   2.644615      48.73     0.3386     3.3745     2.9792  32.057472 -1.2346703   52.66512  -52.09944    32.9537    32.9637    -1.2837    -1.3119    26.5038    26.5128    8.83510    9.39342         32 0.0000e+00
      45212   1883.797     20.000    -1.1525   2.655042    -1.1317   2.656853      96.90     0.1838     3.4054     3.0408  31.968281 -1.2030655   52.66511  -52.09944    32.9317    32.9336    -1.1529    -1.1322    26.4819    26.4828    8.95776    9.52772         35 0.0000e+00
      46737   1947.349     19.000    -0.7375   2.684012    -0.7548   2.682777      98.63     0.0829     3.7596     3.3365  31.256495 -0.9758231   52.66506  -52.09944    32.8710    32.8732    -0.7380    -0.7553    26.4188    26.4212   10.09731   10.34305         27 0.0000e+00
      46773   1948.851     18.000    -0.6749   2.688363    -0.6445   2.690474      90.47     0.0445     3.7713     3.3472  31.240915 -0.9755800   52.66506  -52.09944    32.8621    32.8574    -0.6754    -0.6450    26.4092    26.4042   10.15993   10.38890         47 0.0000e+00
      46834   1951.367     17.000    -0.6081   2.692868    -0.5575   2.696954      92.35     0.0256     3.7982     3.3670  31.190498 -0.9825293   52.66506  -52.09944    32.8507    32.8470    -0.6086    -0.5579    26.3974    26.3924   10.20807   10.36274         67 0.0000e+00
      46893   1953.830     16.000    -0.4319   2.704612    -0.3777   2.708941      74.52     0.0243     3.8112     3.3737  31.154457 -0.9751651   52.66506  -52.09944    32.8175    32.8158    -0.4323    -0.3781    26.3635    26.3599   10.22386   10.57296         46 0.0000e+00
      46929   1955.336     15.000    -0.3186   2.713424    -0.2206   2.719875      96.04     0.0193     3.8706     3.4496  31.057659 -0.9669096   52.66506  -52.09944    32.8132    32.7934    -0.3191    -0.2211    26.3553    26.3350   11.15128   11.44612         32 0.0000e+00
      46973   1957.160     14.000    -0.0565   2.731198     0.0266   2.736387      92.93     0.0197     3.9076     3.4497  30.956135 -0.9662233   52.66506  -52.09944    32.7674    32.7468    -0.0569     0.0262    26.3066    26.2861    9.88361    9.83557         72 0.0000e+00
      47050   1960.368     13.000     0.1714   2.746444     0.0515   2.738409      78.79     0.0312     3.6485     3.1932  30.713791 -0.9647663   52.66506  -52.09944    32.7248    32.7474     0.1710     0.0510    26.2615    26.2854    8.61362    9.11438         46 0.0000e+00
      47075   1961.400     12.000     0.7689   2.788457     1.0734   2.809228      58.65     0.0340     3.6706     3.2416  30.629698 -0.9560181   52.66506  -52.09944    32.6382    32.5853     0.7684     1.0729    26.1591    26.0982    9.73275    9.92481         24 0.0000e+00
      47097   1962.349     11.000     2.5466   2.912358     2.8562   2.935265      97.59     0.0406     3.7169     3.2844  30.577305 -0.9543896   52.66506  -52.09944    32.3610    32.3282     2.5460     2.8556    25.8149    25.7632    9.52836    9.62182         23 0.0000e+00
      47275   1969.767     10.000     2.9038   2.936150     3.0564   2.947756      81.37     0.0483     3.7298     3.2964  29.663897 -0.7314450   52.66506  -52.09944    32.2913    32.2786     2.9033     3.0558    25.7282    25.7007    8.90200    9.09127         54 0.0000e+00
      48260   2010.796      9.000     4.2889   3.031736     4.2791   3.031775      75.29     0.0525     3.5439     3.1240  26.568836  1.0806522   52.66508  -52.09946    32.0606    32.0706     4.2883     4.2785    25.4188    25.4275    8.04259    8.13370         66 0.0000e+00
      48417   2017.353      8.000     4.7698   3.066058     4.9313   3.077972      48.01     0.0566     3.4890     3.0809  26.259075  1.2393154   52.66508  -52.09946    31.9937    31.9753     4.7693     4.9308    25.3174    25.2855    7.86689    7.98136         30 0.0000e+00
      48441   2018.326      7.000     5.0945   3.089099     5.1972   3.097108       4.61     0.0575     3.4834     3.0783  26.253813  1.2514571   52.66508  -52.09946    31.9468    31.9400     5.0940     5.1967    25.2452    25.2285    7.79621    7.89240         25 0.0000e+00
      48471   2019.593      6.000     5.2534   3.101112     5.2672   3.102097       4.74     0.0600     3.4741     3.0709  26.252096  1.2934455   52.66508  -52.09946    31.9325    31.9305     5.2530     5.2668    25.2163    25.2132    7.74287    7.82644         41 0.0000e+00
