data/CTD/2014/CNV/u017a059.cnv
* Sea-Bird SBE 9 Data File:
* FileName = C:\CTD_ACQUISITION\2014017HUD\ctddata\017A059.hdr
* Software Version Seasave V 7.22.2
* Temperature SN = 5081
* Conductivity SN = 3561
* Number of Bytes Per Scan = 37
* Number of Voltage Words = 4
* Number of Scans Averaged by the Deck Unit = 1
* NMEA Latitude = 43 27.28 N
* NMEA Longitude = 059 59.20 W
* NMEA UTC (Time) = Jul 13 2014 21:54:45
* NMEA baud rate = 9600
** Ship: Hudson
** Cruise: HUD2014017
** Chief_Scientist: Blair Greenan
** Organization: BIO
** Area_of_Operation: Sackville Spur
** Station: 059
** Sounding:  1260
** Event_Comments: LC3, 0
** Microcat calibration cast.
# nquan = 25
# nvalues = 252                         
# units = specified
# name 0 = scan: Scan Count
# name 1 = timeS: Time, Elapsed [seconds]
# name 2 = prDM: Pressure, Digiquartz [db]
# name 3 = t068C: Temperature [ITS-68, deg C]
# name 4 = c0S/m: Conductivity [S/m]
# name 5 = t168C: Temperature, 2 [ITS-68, deg C]
# name 6 = c1S/m: Conductivity, 2 [S/m]
# name 7 = altM: Altimeter [m]
# name 8 = flC: Fluorescence, Chelsea Aqua 3 Chl Con [ug/l]
# name 9 = sbeox0V: Oxygen raw, SBE 43 [V]
# name 10 = sbeox1V: Oxygen raw, SBE 43, 2 [V]
# name 11 = upoly0: Upoly 0, Optode 4330F - O2 D-Phase
# name 12 = upoly1: Upoly 1, Optode 4330F - O2 Temp
# name 13 = latitude: Latitude [deg]
# name 14 = longitude: Longitude [deg]
# name 15 = sal00: Salinity, Practical [PSU]
# name 16 = sal11: Salinity, Practical, 2 [PSU]
# name 17 = potemp068C: Potential Temperature [ITS-68, deg C]
# name 18 = potemp168C: Potential Temperature, 2 [ITS-68, deg C]
# name 19 = sigma-é00: Density [sigma-theta, Kg/m^3]
# name 20 = sigma-é11: Density, 2 [sigma-theta, Kg/m^3]
# name 21 = sbeox0ML/L: Oxygen, SBE 43 [ml/l], WS = 2
# name 22 = sbeox1ML/L: Oxygen, SBE 43, 2 [ml/l], WS = 2
# name 23 = nbin: number of scans per bin
# name 24 = flag: flag
# span 0 =      25668,     131744       
# span 1 =   1069.440,   5489.286       
# span 2 =      1.000,    252.000       
# span 3 =     3.8422,    14.7297       
# span 4 =   3.042750,   3.992986       
# span 5 =     3.8259,    14.9429       
# span 6 =   3.040381,   3.994122       
# span 7 =      56.26,     100.24       
# span 8 =     0.0123,     0.3055       
# span 9 =     1.9265,     3.5410       
# span 10 =     1.6593,     3.1126      
# span 11 =  28.900909,  39.492538      
# span 12 =  4.1890125,  13.355922      
# span 13 =   43.45634,   43.46898      
# span 14 =  -59.99502,  -59.98901      
# span 15 =    31.7144,    35.3439      
# span 16 =    31.7088,    35.3454      
# span 17 =     3.8383,    14.7296      
# span 18 =     3.8220,    14.9427      
# span 19 =    23.4985,    27.1263      
# span 20 =    23.4490,    27.1254      
# span 21 =    3.36590,    8.19973      
# span 22 =    3.14739,    8.24334      
# span 23 =         16,         97      
# span 24 = 0.0000e+00, 0.0000e+00      
# interval = decibars: 1                
# start_time = Jul 13 2014 21:54:45 [NMEA time, header]
# bad_flag = -9.990e-29
*END*
[from data line 116]
      74231   3092.916    136.000     8.5687   3.610652     8.5487   3.607696      97.28     0.0263     2.7530     2.3855  34.050964  9.5842123   43.45992  -59.99350    34.2640    34.2522     8.5545     8.5346    26.6120    26.6058    5.48703    5.32389         25 0.0000e+00
      74262   3094.204    135.000     8.5584   3.609607     8.5051   3.602341      85.69     0.0245     2.7586     2.3889  34.011314  9.4655457   43.45992  -59.99350    34.2634    34.2382     8.5444     8.4912    26.6131    26.6016    5.53140    5.35126         37 0.0000e+00
      74300   3095.784    134.000     8.5828   3.612635     8.4762   3.599609      93.64     0.0285     2.7694     2.3974  33.922398  9.3227806   43.45994  -59.99350    34.2722    34.2379     8.5688     8.4624    26.6163    26.6057    5.55545    5.37845         33 0.0000e+00
      74326   3096.884    133.000     8.5230   3.604790     8.4550   3.595832      98.76     0.0277     2.7739     2.4007  33.902821  9.2854805   43.45994  -59.99350    34.2478    34.2190     8.5092     8.4412    26.6063    26.5941    5.53854    5.37054         22 0.0000e+00
      74345   3097.685    132.000     8.2444   3.572278     8.2236   3.567304      68.30     0.0241     2.7730     2.4003  33.898266  9.2743597   43.45994  -59.99350    34.1738    34.1411     8.2310     8.2102    26.5907    26.5681    5.54091    5.38854         18 0.0000e+00
      74363   3098.397    131.000     8.0751   3.551399     8.0118   3.542968      90.03     0.0252     2.7689     2.3991  33.897430  9.2367849   43.45994  -59.99350    34.1163    34.0879     8.0620     7.9987    26.5709    26.5579    5.53362    5.41243         16 0.0000e+00
      74379   3099.102    130.000     7.9466   3.536731     7.9107   3.531385      98.59     0.0277     2.7644     2.3990  33.897434  9.0859594   43.45994  -59.99350    34.0850    34.0627     7.9338     7.8979    26.5653    26.5530    5.55185    5.43265         18 0.0000e+00
      74398   3099.877    129.000     7.8716   3.527439     7.8498   3.523749      98.62     0.0295     2.7629     2.3987  33.897434  9.0854702   43.45994  -59.99350    34.0589    34.0406     7.8589     7.8371    26.5558    26.5446    5.58508    5.43981         20 0.0000e+00
      74422   3100.861    128.000     7.8442   3.524211     7.7908   3.516598      74.56     0.0291     2.7645     2.3984  33.865101  8.7712107   43.45994  -59.99350    34.0514    34.0217     7.8317     7.7783    26.5539    26.5383    5.62405    5.44816         28 0.0000e+00
      74455   3102.271    127.000     7.9090   3.532280     7.7886   3.517022      98.61     0.0270     2.7729     2.4002  33.847702  8.6179218   43.45995  -59.99350    34.0754    34.0289     7.8965     7.7762    26.5632    26.5443    5.64934    5.46360         38 0.0000e+00
      74490   3103.708    126.000     7.9322   3.534823     7.8217   3.521165      73.36     0.0299     2.7804     2.4058  33.837002  8.5260229   43.45996  -59.99350    34.0806    34.0416     7.9197     7.8094    26.5639    26.5494    5.65467    5.46812         29 0.0000e+00
      74515   3104.747    125.000     7.7827   3.516350     7.6725   3.502179      99.11     0.0288     2.7838     2.4059  33.817867  8.4971027   43.45996  -59.99350    34.0283    33.9832     7.7705     7.6604    26.5446    26.5251    5.64938    5.47223         22 0.0000e+00
      74536   3105.605    124.000     7.5452   3.487607     7.5466   3.486012      98.62     0.0278     2.7814     2.4053  33.806587  8.4798441   43.45996  -59.99350    33.9505    33.9318     7.5334     7.5347    26.5176    26.5028    5.64929    5.51412         20 0.0000e+00
      74555   3106.425    123.000     7.4320   3.472361     7.4076   3.468096      81.56     0.0265     2.7781     2.4074  33.826790  8.4240761   43.45996  -59.99350    33.8964    33.8739     7.4203     7.3960    26.4912    26.4769    5.68130    5.56381         20 0.0000e+00
      74576   3107.297    122.000     7.3173   3.457276     7.2291   3.447524      81.58     0.0266     2.7810     2.4134  33.867424  8.2991104   43.45996  -59.99352    33.8477    33.8251     7.3032     7.2178    26.4694    26.4634    5.75863    5.63551         22 0.0000e+00
      74601   3108.315    121.000     7.2338   3.449394     7.1175   3.435171      98.31     0.0278     2.7914     2.4243  33.856407  8.2196817   43.45996  -59.99352    33.8415    33.7992     7.2225     7.1066    26.4757    26.4584    5.83158    5.69478         27 0.0000e+00
      74629   3109.518    120.000     7.1114   3.435999     7.0605   3.428899      76.16     0.0296     2.8056     2.4382  33.825226  8.0017319   43.45998  -59.99352    33.8155    33.7877     7.1004     7.0495    26.4721    26.4573    5.88635    5.74528         30 0.0000e+00
      74658   3110.708    119.000     7.1039   3.434545     7.0310   3.425403      96.75     0.0300     2.8187     2.4480  33.839642  7.9549718   43.45998  -59.99352    33.8075    33.7788     7.0929     7.0201    26.4669    26.4543    5.89494    5.74590         26 0.0000e+00
      74682   3111.688    118.000     7.0097   3.423795     6.8973   3.409121      98.67     0.0337     2.8245     2.4541  33.848801  7.9223504   43.45998  -59.99352    33.7818    33.7318     6.9996     6.8866    26.4594    26.4353    5.89085    5.75960         21 0.0000e+00
      74702   3112.540    117.000     6.8248   3.400934     6.7529   3.390826      75.54     0.0327     2.8274     2.4556  33.858082  7.8661590   43.45998  -59.99352    33.7133    33.6725     6.8143     6.7425    26.4305    26.4080    5.91536    5.77417         20 0.0000e+00
      74722   3113.373    116.000     6.7344   3.388257     6.7115   3.384870      84.61     0.0321     2.8294     2.4574  33.868114  7.7906547   43.45998  -59.99352    33.6629    33.6479     6.7240     6.7012    26.4029    26.3941    5.93949    5.80234         21 0.0000e+00
      74744   3114.281    115.000     6.7080   3.383996     6.6853   3.380679      98.45     0.0344     2.8338     2.4612  33.862465  7.7242455   43.45998  -59.99352    33.6422    33.6279     6.6978     6.6751    26.3901    26.3818    5.96832    5.82951         23 0.0000e+00
      74770   3115.357    114.000     6.6947   3.382472     6.6737   3.378629      82.22     0.0372     2.8401     2.4656  33.839291  7.4339247   43.46000  -59.99352    33.6389    33.6171     6.6846     6.6636    26.3892    26.3748    5.98372    5.82870         28 0.0000e+00
      74798   3116.527    113.000     6.6852   3.381440     6.6609   3.376856      87.68     0.0363     2.8446     2.4671  33.809380  7.4013510   43.46000  -59.99352    33.6373    33.6106     6.6752     6.6512    26.3892    26.3714    5.97645    5.81931         27 0.0000e+00
      74823   3117.573    112.000     6.6687   3.378987     6.6044   3.369243      98.72     0.0393     2.8471     2.4675  33.773148  7.3560877   43.46000  -59.99352    33.6247    33.5823     6.6588     6.5946    26.3814    26.3564    5.97984    5.82861         24 0.0000e+00
      74845   3118.499    111.000     6.5848   3.367523     6.4941   3.356070      76.51     0.0390     2.8484     2.4702  33.789276  7.3374796   43.46000  -59.99352    33.5829    33.5451     6.5751     6.4845    26.3595    26.3415    5.98690    5.86090         21 0.0000e+00
      74867   3119.401    110.000     6.4353   3.350428     6.3704   3.341267      84.86     0.0368     2.8494     2.4722  33.809639  7.3075247   43.46000  -59.99352    33.5437    33.5026     6.4258     6.3610    26.3480    26.3239    6.01888    5.87684         22 0.0000e+00
      74889   3120.337    109.000     6.3399   3.338291     6.2610   3.328685      98.68     0.0323     2.8523     2.4730  33.809525  7.2594905   43.46000  -59.99352    33.5000    33.4705     6.3305     6.2517    26.3258    26.3126    6.06628    5.89881         23 0.0000e+00
      74913   3121.339    108.000     6.2501   3.328290     6.1785   3.319590      83.58     0.0335     2.8590     2.4759  33.803627  7.0941396   43.46002  -59.99352    33.4773    33.4506     6.2409     6.1694    26.3193    26.3073    6.11239    5.94216         25 0.0000e+00
      74939   3122.415    107.000     6.2063   3.323365     6.0669   3.307179      83.56     0.0396     2.8661     2.4830  33.770493  7.0310106   43.46002  -59.99352    33.4651    33.4195     6.1980     6.0582    26.3152    26.2964    6.12296    6.00492         27 0.0000e+00
      74965   3123.490    106.000     6.0615   3.307770     5.9061   3.288322      98.78     0.0423     2.8703     2.4924  33.706287  6.9058990   43.46002  -59.99354    33.4348    33.3698     6.0555     5.8974    26.3091    26.2774    6.12242    6.02826         24 0.0000e+00
      74988   3124.471    105.000     5.9544   3.296163     5.7853   3.275276      77.54     0.0461     2.8685     2.4941  33.728897  6.8831167   43.46002  -59.99354    33.4102    33.3418     5.9457     5.7768    26.3033    26.2700    6.09603    5.99973         23 0.0000e+00
      75009   3125.350    104.000     5.7885   3.277079     5.6954   3.265292      82.89     0.0431     2.8651     2.4919  33.765400  6.8414626   43.46002  -59.99354    33.3595    33.3183     5.7800     5.6871    26.2836    26.2622    6.12090    6.01714         20 0.0000e+00
      75030   3126.194    103.000     5.6641   3.262871     5.5876   3.253823      98.35     0.0399     2.8646     2.4925  33.768997  6.8219547   43.46002  -59.99354    33.3223    33.2954     5.6559     5.5794    26.2692    26.2571    6.17986    6.07224         21 0.0000e+00
      75060   3127.443    102.000     5.6264   3.258605     5.4981   3.244240      79.06     0.0425     2.8729     2.4995  33.808361  6.5069847   43.46003  -59.99354    33.3118    33.2756     5.6183     5.4901    26.2653    26.2520    6.24732    6.11375         40 0.0000e+00
      75152   3131.309    101.000     5.5524   3.250851     5.4554   3.240199      90.00     0.0376     2.8788     2.5017  33.754913  6.1585813   43.46004  -59.99354    33.2973    33.2724     5.5444     5.4475    26.2626    26.2544    6.21477    6.09465         97 0.0000e+00
      93011   3875.409    100.000     5.8435   3.282935     5.8517   3.283704     100.24     0.0347     2.8697     2.5133  33.467182  5.8929725   43.46263  -59.99447    33.3729    33.3680     5.8353     5.8435    26.2872    26.2823    6.13699    6.08505         79 0.0000e+00
     102029   4251.151     99.000     5.6332   3.259234     5.6419   3.259949      98.13     0.0375     2.8649     2.5093  33.520191  5.6795006   43.46407  -59.99479    33.3138    33.3133     5.6253     5.6340    26.2661    26.2647    6.14857    6.11373         29 0.0000e+00
     101744   4239.307     98.000     5.6060   3.256259     5.5934   3.254733      98.14     0.0390     2.8653     2.5117  33.536625  5.6862025   43.46402  -59.99478    33.3073    33.3025     5.5983     5.5856    26.2642    26.2620    6.18405    6.14120         25 0.0000e+00
     101768   4240.293     97.000     5.5629   3.251596     5.5257   3.247265      98.12     0.0386     2.8694     2.5159  33.533680  5.6827998   43.46402  -59.99478    33.2976    33.2852     5.5552     5.5181    26.2617    26.2563    6.23011    6.17862         23 0.0000e+00
     101793   4241.327     96.000     5.5120   3.246011     5.4322   3.237254      98.05     0.0361     2.8759     2.5228  33.536545  5.6667724   43.46404  -59.99478    33.2850    33.2644     5.5045     5.4247    26.2577    26.2508    6.25847    6.22371         27 0.0000e+00
     101820   4242.443     95.000     5.4619   3.239620     5.3154   3.224487      98.01     0.0378     2.8827     2.5310  33.543571  5.6523123   43.46404  -59.99478    33.2624    33.2351     5.4545     5.3081    26.2457    26.2412    6.28999    6.25554         26 0.0000e+00
     101844   4243.474     94.000     5.3470   3.228299     5.2108   3.212781      98.02     0.0374     2.8903     2.5376  33.562634  5.6272230   43.46404  -59.99478    33.2478    33.2056     5.3397     5.2036    26.2476    26.2298    6.33626    6.27609         23 0.0000e+00
     101866   4244.355     93.000     5.2176   3.214177     5.1215   3.202840      98.06     0.0388     2.8972     2.5408  33.562637  5.6041236   43.46404  -59.99478    33.2153    33.1808     5.2105     5.1145    26.2367    26.2203    6.36412    6.29302         20 0.0000e+00
     101885   4245.166     92.000     5.0998   3.200710     5.0352   3.193211      98.07     0.0403     2.9014     2.5433  33.575073  5.5295105   43.46404  -59.99478    33.1784    33.1564     5.0929     5.0283    26.2209    26.2108    6.37308    6.31353         19 0.0000e+00
     101905   4245.991     91.000     5.0409   3.193964     5.0089   3.189736      97.98     0.0443     2.9038     2.5447  33.575092  5.5294485   43.46404  -59.99478    33.1600    33.1431     5.0341     5.0021    26.2129    26.2031    6.38403    6.33175         21 0.0000e+00
     101927   4246.923     90.000     5.0180   3.190843     4.9862   3.186290      97.91     0.0432     2.9076     2.5485  33.600334  5.4489732   43.46405  -59.99478    33.1473    33.1265     5.0113     4.9795    26.2054    26.1925    6.41265    6.36528         24 0.0000e+00
     101954   4248.023     89.000     4.9807   3.186230     4.9481   3.181294      98.62     0.0398     2.9146     2.5549  33.606819  5.4271946   43.46406  -59.99478    33.1318    33.1073     4.9741     4.9416    26.1973    26.1815    6.44938    6.40047         29 0.0000e+00
     101984   4249.273     88.000     4.9288   3.179569     4.9053   3.176499      96.61     0.0430     2.9225     2.5615  33.633762  5.2951865   43.46406  -59.99478    33.1071    33.0951     4.9223     4.8988    26.1835    26.1766    6.46827    6.41870         30 0.0000e+00
     102013   4250.498     87.000     4.8814   3.174556     4.8323   3.167925      97.96     0.0462     2.9276     2.5666  33.634823  5.2494893   43.46406  -59.99478    33.0972    33.0692     4.8748     4.8260    26.1809    26.1640    6.47995    6.43127         27 0.0000e+00
     102037   4251.520     86.000     4.8215   3.167786     4.7412   3.157935      98.65     0.0473     2.9325     2.5692  33.634331  5.1772885   43.46406  -59.99478    33.0788    33.0448     4.8153     4.7350    26.1728    26.1546    6.49917    6.44053         23 0.0000e+00
     102058   4252.385     85.000     4.7241   3.156078     4.6739   3.149320      96.00     0.0463     2.9355     2.5717  33.625111  5.1720195   43.46406  -59.99478    33.0407    33.0123     4.7180     4.6678    26.1532    26.1361    6.51249    6.46597         19 0.0000e+00
     102077   4253.170     84.000     4.6783   3.149598     4.6633   3.146958      96.52     0.0456     2.9368     2.5732  33.593475  5.1483555   43.46408  -59.99478    33.0117    32.9960     4.6722     4.6573    26.1352    26.1243    6.51927    6.47738         19 0.0000e+00
     102096   4253.954     83.000     4.6747   3.148013     4.6754   3.147295      98.62     0.0497     2.9386     2.5752  33.595898  5.1474261   43.46408  -59.99480    32.9974    32.9884     4.6688     4.6695    26.1241    26.1169    6.52269    6.47936         19 0.0000e+00
     102116   4254.787     82.000     4.6843   3.148090     4.6968   3.148715      98.63     0.0453     2.9403     2.5760  33.593941  5.1004000   43.46408  -59.99480    32.9892    32.9841     4.6784     4.6909    26.1167    26.1112    6.51938    6.46888         21 0.0000e+00
     102139   4255.749     81.000     4.6968   3.148762     4.7187   3.150028      94.65     0.0441     2.9408     2.5761  33.595016  5.0806155   43.46408  -59.99480    32.9851    32.9780     4.6910     4.7129    26.1121    26.1040    6.51223    6.45720         25 0.0000e+00
     102167   4256.914     80.000     4.7105   3.149601     4.7155   3.148711      98.62     0.0462     2.9413     2.5760  33.580322  5.0066991   43.46409  -59.99480    32.9817    32.9665     4.7048     4.7097    26.1079    26.0953    6.50301    6.46778         31 0.0000e+00
