data/CTD/2014/CNV/u017a021.cnv
* Sea-Bird SBE 9 Data File:
* FileName = C:\CTD_ACQUISITION\2014017HUD\ctddata\017A021.hdr
* Software Version Seasave V 7.22.2
* Temperature SN = 5081
* Conductivity SN = 3561
* Number of Bytes Per Scan = 37
* Number of Voltage Words = 4
* Number of Scans Averaged by the Deck Unit = 1
* NMEA Latitude = 53 13.81 N
* NMEA Longitude = 050 28.39 W
* NMEA UTC (Time) = Jul 05 2014 02:20:47
* NMEA baud rate = 9600
** Ship: Hudson
** Cruise: HUD2014017
** Chief_Scientist: Blair Greenan
** Organization: BIO
** Area_of_Operation: Sackville Spur
** Station: 021
** Sounding:  3191
** Event_Comments: DSOW2, 403108
# nquan = 25
# nvalues = 3333                        
# units = specified
# name 0 = scan: Scan Count
# name 1 = timeS: Time, Elapsed [seconds]
# name 2 = prDM: Pressure, Digiquartz [db]
# name 3 = t068C: Temperature [ITS-68, deg C]
# name 4 = c0S/m: Conductivity [S/m]
# name 5 = t168C: Temperature, 2 [ITS-68, deg C]
# name 6 = c1S/m: Conductivity, 2 [S/m]
# name 7 = altM: Altimeter [m]
# name 8 = flC: Fluorescence, Chelsea Aqua 3 Chl Con [ug/l]
# name 9 = sbeox0V: Oxygen raw, SBE 43 [V]
# name 10 = sbeox1V: Oxygen raw, SBE 43, 2 [V]
# name 11 = upoly0: Upoly 0, Optode 4330F - O2 D-Phase
# name 12 = upoly1: Upoly 1, Optode 4330F - O2 Temp
# name 13 = latitude: Latitude [deg]
# name 14 = longitude: Longitude [deg]
# name 15 = sal00: Salinity, Practical [PSU]
# name 16 = sal11: Salinity, Practical, 2 [PSU]
# name 17 = potemp068C: Potential Temperature [ITS-68, deg C]
# name 18 = potemp168C: Potential Temperature, 2 [ITS-68, deg C]
# name 19 = sigma-é00: Density [sigma-theta, Kg/m^3]
# name 20 = sigma-é11: Density, 2 [sigma-theta, Kg/m^3]
# name 21 = sbeox0ML/L: Oxygen, SBE 43 [ml/l], WS = 2
# name 22 = sbeox1ML/L: Oxygen, SBE 43, 2 [ml/l], WS = 2
# name 23 = nbin: number of scans per bin
# name 24 = flag: flag
# span 0 =      87552,     188705       
# span 1 =   3647.953,   7862.654       
# span 2 =      1.000,   3333.000       
# span 3 =     1.7913,     9.1338       
# span 4 =   3.182746,   3.680538       
# span 5 =     1.7904,     9.1360       
# span 6 =   3.182706,   3.680673       
# span 7 =       1.07,     108.22       
# span 8 =     0.0061,     0.5206       
# span 9 =     2.0665,     3.4804       
# span 10 =     1.8310,     3.0608      
# span 11 =  29.959309,  35.729229      
# span 12 =  1.7789047,  9.1770334      
# span 13 =   53.22644,   53.23164      
# span 14 =  -50.47008,  -50.45936      
# span 15 =    34.5125,    34.9165      
# span 16 =    34.5115,    34.9166      
# span 17 =     1.5462,     9.1337      
# span 18 =     1.5451,     9.1357      
# span 19 =    26.7152,    27.9213      
# span 20 =    26.7145,    27.9216      
# span 21 =    6.28159,    7.41548      
# span 22 =    6.14591,    7.49118      
# span 23 =         11,         83      
# span 24 = 0.0000e+00, 0.0000e+00      
# interval = decibars: 1                
# start_time = Jul 05 2014 02:20:47 [NMEA time, header]
# bad_flag = -9.990e-29
*END*
[from data line 2203]
     145442   6060.048   1130.000     3.7265   3.272040     3.7264   3.272053      98.63     0.0173     2.5857     2.2730  34.380951  3.7423687   53.22842  -50.46404    34.8916    34.8918     3.6415     3.6415    27.7368    27.7370    6.44036    6.40064         20 0.0000e+00
     145465   6061.014   1129.000     3.7272   3.272071     3.7285   3.272218      41.75     0.0190     2.5854     2.2730  34.380951  3.7367470   53.22840  -50.46402    34.8917    34.8921     3.6423     3.6436    27.7368    27.7370    6.44357    6.39777         27 0.0000e+00
     145495   6062.249   1128.000     3.7275   3.272056     3.7290   3.272218     100.67     0.0166     2.5858     2.2736  34.380951  3.7324619   53.22840  -50.46400    34.8917    34.8920     3.6427     3.6442    27.7368    27.7369    6.44523    6.40496         29 0.0000e+00
     145519   6063.261   1127.000     3.7293   3.272186     3.7300   3.272294      95.92     0.0120     2.5862     2.2745  34.342190  3.7358897   53.22840  -50.46400    34.8918    34.8924     3.6445     3.6453    27.7367    27.7370    6.45482    6.41272         21 0.0000e+00
     145539   6064.070   1126.000     3.7318   3.272381     3.7318   3.272423      12.23     0.0151     2.5873     2.2754  34.338589  3.7364044   53.22840  -50.46400    34.8921    34.8925     3.6471     3.6471    27.7366    27.7370    6.45201    6.41082         18 0.0000e+00
     145558   6064.856   1125.000     3.7320   3.272387     3.7306   3.272245      72.28     0.0181     2.5874     2.2757  34.343605  3.7365081   53.22840  -50.46400    34.8924    34.8922     3.6474     3.6460    27.7369    27.7368    6.45201    6.40562         20 0.0000e+00
     145579   6065.734   1124.000     3.7309   3.272238     3.7271   3.271831      78.80     0.0168     2.5881     2.2760  34.348377  3.7355905   53.22840  -50.46399    34.8923    34.8915     3.6464     3.6426    27.7369    27.7366    6.44813    6.40195         23 0.0000e+00
     145605   6066.814   1123.000     3.7297   3.272050     3.7262   3.271694      41.38     0.0135     2.5882     2.2759  34.342224  3.7378364   53.22840  -50.46398    34.8918    34.8913     3.6453     3.6419    27.7366    27.7365    6.45381    6.39777         28 0.0000e+00
     145631   6067.908   1122.000     3.7283   3.271849     3.7266   3.271686      98.99     0.0106     2.5889     2.2758  34.336937  3.7362454   53.22839  -50.46398    34.8915    34.8913     3.6440     3.6423    27.7365    27.7365    6.45480    6.40117         24 0.0000e+00
     145652   6068.774   1121.000     3.7277   3.271754     3.7273   3.271725      98.63     0.0125     2.5898     2.2761  34.337814  3.7374892   53.22839  -50.46398    34.8914    34.8915     3.6435     3.6431    27.7365    27.7366    6.45293    6.40315         18 0.0000e+00
     145670   6069.525   1120.000     3.7284   3.271777     3.7279   3.271746      69.11     0.0126     2.5895     2.2763  34.336994  3.7423980   53.22840  -50.46398    34.8915    34.8917     3.6443     3.6438    27.7365    27.7366    6.44803    6.40243         18 0.0000e+00
     145688   6070.271   1119.000     3.7286   3.271764     3.7286   3.271775      41.80     0.0125     2.5899     2.2764  34.336998  3.7423687   53.22838  -50.46396    34.8916    34.8918     3.6446     3.6445    27.7365    27.7367    6.45186    6.40296         19 0.0000e+00
     145708   6071.140   1118.000     3.7288   3.271744     3.7295   3.271824      95.60     0.0147     2.5904     2.2770  34.337578  3.7361999   53.22838  -50.46396    34.8917    34.8919     3.6448     3.6455    27.7366    27.7367    6.45228    6.40409         24 0.0000e+00
     145744   6072.628   1117.000     3.7286   3.271686     3.7303   3.271863      64.33     0.0201     2.5902     2.2767  34.337925  3.7343049   53.22838  -50.46394    34.8917    34.8921     3.6447     3.6464    27.7366    27.7367    6.44471    6.39339         47 0.0000e+00
     145782   6074.213   1116.000     3.7292   3.271692     3.7307   3.271848     100.23     0.0143     2.5902     2.2763  34.336956  3.7367799   53.22838  -50.46394    34.8917    34.8919     3.6454     3.6469    27.7365    27.7366    6.44973    6.39593         24 0.0000e+00
     145801   6075.001   1115.000     3.7309   3.271822     3.7323   3.271981      98.63     0.0140     2.5908     2.2766  34.336998  3.7325950   53.22836  -50.46394    34.8919    34.8923     3.6472     3.6486    27.7365    27.7367    6.44580    6.39821         17 0.0000e+00
     145817   6075.661   1114.000     3.7309   3.271760     3.7304   3.271724      50.69     0.0140     2.5901     2.2765  34.336998  3.7326007   53.22836  -50.46393    34.8917    34.8918     3.6472     3.6468    27.7364    27.7364    6.43960    6.39127         15 0.0000e+00
     145832   6076.277   1113.000     3.7302   3.271647     3.7316   3.271805      37.37     0.0164     2.5910     2.2762  34.336998  3.7326007   53.22836  -50.46392    34.8916    34.8920     3.6466     3.6480    27.7363    27.7365    6.44273    6.38543         15 0.0000e+00
     145847   6076.937   1112.000     3.7307   3.271663     3.7364   3.272273      96.60     0.0194     2.5900     2.2758  34.328663  3.7326007   53.22836  -50.46392    34.8918    34.8929     3.6472     3.6529    27.7364    27.7367    6.43361    6.38766         17 0.0000e+00
     145869   6077.842   1111.000     3.7328   3.271837     3.7393   3.272532      98.63     0.0168     2.5899     2.2761  34.322819  3.7326007   53.22836  -50.46392    34.8921    34.8935     3.6494     3.6558    27.7365    27.7369    6.43782    6.39092         29 0.0000e+00
     145909   6079.511   1110.000     3.7337   3.271886     3.7384   3.272369      37.49     0.0209     2.5891     2.2759  34.322346  3.7326007   53.22836  -50.46390    34.8922    34.8930     3.6504     3.6550    27.7364    27.7366    6.42685    6.38548         39 0.0000e+00
     145935   6080.567   1109.000     3.7348   3.271936     3.7382   3.272323      65.46     0.0271     2.5885     2.2757  34.322346  3.7326007   53.22836  -50.46390    34.8922    34.8932     3.6515     3.6549    27.7363    27.7368    6.43099    6.38641         19 0.0000e+00
     145951   6081.260   1108.000     3.7395   3.272387     3.7432   3.272804      34.59     0.0214     2.5886     2.2758  34.322346  3.7326007   53.22836  -50.46390    34.8931    34.8941     3.6562     3.6600    27.7366    27.7370    6.43611    6.38704         16 0.0000e+00
     145967   6081.906   1107.000     3.7452   3.272922     3.7465   3.273084      87.05     0.0186     2.5887     2.2760  34.322346  3.7326007   53.22834  -50.46390    34.8939    34.8945     3.6620     3.6633    27.7366    27.7369    6.43213    6.38114         15 0.0000e+00
     145982   6082.556   1106.000     3.7474   3.273115     3.7475   3.273126      85.54     0.0148     2.5892     2.2755  34.322346  3.7326007   53.22834  -50.46390    34.8944    34.8944     3.6643     3.6643    27.7367    27.7368    6.43226    6.37591         16 0.0000e+00
     146000   6083.277   1105.000     3.7478   3.273112     3.7469   3.273015      95.16     0.0146     2.5890     2.2755  34.322346  3.7416682   53.22834  -50.46390    34.8944    34.8942     3.6647     3.6638    27.7368    27.7367    6.42922    6.38338         19 0.0000e+00
     146024   6084.285   1104.000     3.7476   3.273052     3.7470   3.272982      53.33     0.0168     2.5892     2.2762  34.322346  3.7425976   53.22834  -50.46388    34.8945    34.8942     3.6646     3.6641    27.7368    27.7366    6.43439    6.39235         33 0.0000e+00
     146076   6086.439   1103.000     3.7465   3.272902     3.7461   3.272868      70.19     0.0166     2.5901     2.2774  34.322346  3.7485306   53.22834  -50.46387    34.8943    34.8944     3.6636     3.6659    27.7368    27.7368    6.43774    6.38902         55 0.0000e+00
     146108   6087.804   1102.000     3.7462   3.272813     3.7461   3.272806      98.28     0.0122     2.5912     2.2777  34.322346  3.7457430   53.22834  -50.46386    34.8941    34.8941     3.6634     3.6633    27.7366    27.7367    6.44066    6.39401         20 0.0000e+00
     146125   6088.494   1101.000     3.7472   3.272847     3.7472   3.272861      54.97     0.0162     2.5913     2.2784  34.322346  3.7436893   53.22834  -50.46386    34.8939    34.8941     3.6645     3.6645    27.7364    27.7365    6.43292    6.39209         15 0.0000e+00
     146139   6089.064   1100.000     3.7472   3.272776     3.7463   3.272689       1.07     0.0132     2.5913     2.2784  34.322346  3.7439976   53.22834  -50.46386    34.8937    34.8935     3.6645     3.6637    27.7362    27.7361    6.43366    6.39088         12 0.0000e+00
     146151   6089.583   1099.000     3.7455   3.272527     3.7441   3.272401      84.80     0.0118     2.5915     2.2785  34.322346  3.7423711   53.22834  -50.46386    34.8930    34.8930     3.6630     3.6616    27.7358    27.7359    6.43870    6.39552         13 0.0000e+00
     146163   6090.101   1098.000     3.7442   3.272352     3.7435   3.272286      98.55     0.0113     2.5917     2.2791  34.322346  3.7423687   53.22834  -50.46384    34.8928    34.8927     3.6618     3.6611    27.7357    27.7358    6.44067    6.40046         12 0.0000e+00
     146177   6090.675   1097.000     3.7439   3.272283     3.7438   3.272271      98.63     0.0126     2.5920     2.2796  34.324139  3.7435641   53.22833  -50.46384    34.8928    34.8928     3.6615     3.6614    27.7358    27.7358    6.44419    6.40382         16 0.0000e+00
     146205   6091.839   1096.000     3.7439   3.272258     3.7435   3.272214      98.63     0.0138     2.5933     2.2808  34.325104  3.7462170   53.22832  -50.46384    34.8930    34.8929     3.6617     3.6612    27.7359    27.7359    6.44779    6.40283         45 0.0000e+00
     146257   6094.020   1095.000     3.7453   3.272349     3.7446   3.272316      98.63     0.0163     2.5953     2.2814  34.323238  3.7425845   53.22833  -50.46384    34.8931    34.8934     3.6631     3.6624    27.7358    27.7362    6.45543    6.38804         25 0.0000e+00
     146272   6094.616   1094.000     3.7451   3.272272     3.7437   3.272152      73.92     0.0185     2.5958     2.2812  34.322330  3.7429769   53.22834  -50.46384    34.8930    34.8930     3.6629     3.6616    27.7358    27.7359    6.45425    6.39984         16 0.0000e+00
     146287   6095.261   1093.000     3.7435   3.272063     3.7421   3.271915      96.11     0.0208     2.5964     2.2819  34.328659  3.7423780   53.22832  -50.46382    34.8927    34.8923     3.6614     3.6601    27.7357    27.7355    6.45477    6.40813         16 0.0000e+00
     146304   6095.961   1092.000     3.7411   3.271760     3.7383   3.271440      98.58     0.0194     2.5972     2.2827  34.325684  3.7423687   53.22832  -50.46382    34.8921    34.8912     3.6592     3.6564    27.7355    27.7350    6.45811    6.40923         18 0.0000e+00
     146328   6096.939   1091.000     3.7374   3.271315     3.7357   3.271132      98.63     0.0180     2.5981     2.2836  34.326096  3.7423687   53.22832  -50.46382    34.8912    34.8908     3.6556     3.6539    27.7351    27.7350    6.45461    6.41761         31 0.0000e+00
     146365   6098.493   1090.000     3.7389   3.271399     3.7392   3.271492      98.63     0.0166     2.5990     2.2861  34.322083  3.7423687   53.22830  -50.46381    34.8912    34.8919     3.6571     3.6575    27.7349    27.7355    6.45953    6.43027         36 0.0000e+00
     146392   6099.620   1089.000     3.7371   3.271171     3.7368   3.271132      98.63     0.0179     2.5997     2.2877  34.322346  3.7423687   53.22830  -50.46380    34.8909    34.8908     3.6555     3.6551    27.7348    27.7348    6.45487    6.42940         22 0.0000e+00
     146413   6100.507   1088.000     3.7348   3.270896     3.7320   3.270592      98.63     0.0154     2.5999     2.2889  34.322346  3.7423687   53.22830  -50.46380    34.8907    34.8899     3.6533     3.6505    27.7349    27.7346    6.46393    6.43121         21 0.0000e+00
     146434   6101.373   1087.000     3.7318   3.270535     3.7299   3.270324      98.63     0.0166     2.6016     2.2895  34.322346  3.7507241   53.22830  -50.46380    34.8899    34.8895     3.6504     3.6485    27.7346    27.7344    6.47141    6.43044         21 0.0000e+00
     146455   6102.246   1086.000     3.7302   3.270318     3.7285   3.270144      98.63     0.0131     2.6018     2.2904  34.322346  3.7502785   53.22830  -50.46380    34.8896    34.8893     3.6489     3.6472    27.7345    27.7344    6.46747    6.43104         21 0.0000e+00
     146476   6103.111   1085.000     3.7294   3.270181     3.7277   3.270007      98.64     0.0105     2.6029     2.2906  34.322346  3.7437811   53.22830  -50.46380    34.8893    34.8890     3.6481     3.6465    27.7344    27.7342    6.47060    6.42679         20 0.0000e+00
     146495   6103.931   1084.000     3.7284   3.270034     3.7270   3.269898      98.63     0.0166     2.6035     2.2911  34.322346  3.7423437   53.22830  -50.46379    34.8891    34.8889     3.6473     3.6459    27.7343    27.7343    6.46735    6.43361         19 0.0000e+00
     146515   6104.729   1083.000     3.7279   3.269938     3.7269   3.269849      98.63     0.0148     2.6039     2.2919  34.314281  3.7418799   53.22830  -50.46378    34.8891    34.8890     3.6468     3.6459    27.7343    27.7343    6.46767    6.43057         20 0.0000e+00
     146535   6105.575   1082.000     3.7276   3.269870     3.7263   3.269726      98.63     0.0126     2.6045     2.2918  34.285645  3.7391393   53.22830  -50.46378    34.8891    34.8887     3.6466     3.6453    27.7343    27.7342    6.46799    6.42746         21 0.0000e+00
     146558   6106.559   1081.000     3.7271   3.269785     3.7252   3.269550      98.63     0.0109     2.6050     2.2924  34.287560  3.7377017   53.22830  -50.46378    34.8890    34.8883     3.6463     3.6443    27.7343    27.7339    6.47717    6.43252         27 0.0000e+00
     146588   6107.773   1080.000     3.7265   3.269653     3.7256   3.269552      98.63     0.0139     2.6068     2.2930  34.284241  3.7332420   53.22830  -50.46377    34.8887    34.8884     3.6457     3.6449    27.7341    27.7339    6.48217    6.43226         30 0.0000e+00
     146615   6108.902   1079.000     3.7266   3.269603     3.7248   3.269404      98.63     0.0132     2.6073     2.2935  34.280857  3.7351949   53.22830  -50.46376    34.8885    34.8880     3.6459     3.6441    27.7339    27.7337    6.47309    6.43885         23 0.0000e+00
     146635   6109.747   1078.000     3.7259   3.269483     3.7241   3.269279      98.63     0.0104     2.6086     2.2943  34.279934  3.7356832   53.22830  -50.46376    34.8883    34.8877     3.6453     3.6435    27.7338    27.7335    6.48964    6.43978         19 0.0000e+00
     146653   6110.504   1077.000     3.7246   3.269283     3.7234   3.269146      98.63     0.0078     2.6094     2.2948  34.278423  3.7347913   53.22829  -50.46376    34.8878    34.8875     3.6441     3.6429    27.7335    27.7334    6.48555    6.44125         18 0.0000e+00
     146672   6111.310   1076.000     3.7238   3.269138     3.7231   3.269070      98.63     0.0088     2.6100     2.2954  34.278389  3.7331145   53.22828  -50.46376    34.8874    34.8874     3.6434     3.6426    27.7333    27.7334    6.48349    6.44207         21 0.0000e+00
     146700   6112.460   1075.000     3.7233   3.269048     3.7220   3.268916      98.63     0.0136     2.6109     2.2963  34.278389  3.7331245   53.22828  -50.46374    34.8874    34.8872     3.6429     3.6417    27.7333    27.7333    6.48751    6.44577         37 0.0000e+00
     146740   6114.109   1074.000     3.7236   3.269034     3.7210   3.268761      98.63     0.0160     2.6124     2.2978  34.278389  3.7325530   53.22828  -50.46374    34.8874    34.8869     3.6433     3.6408    27.7333    27.7332    6.49030    6.45294         32 0.0000e+00
