data/CTD/2014/CNV/u017a002.cnv
* Sea-Bird SBE 9 Data File:
* FileName = C:\CTD_ACQUISITION\2014017HUD\ctddata\017A002.hdr
* Software Version Seasave V 7.22.2
* Temperature SN = 5081
* Conductivity SN = 3561
* Number of Bytes Per Scan = 37
* Number of Voltage Words = 4
* Number of Scans Averaged by the Deck Unit = 1
* NMEA Latitude = 52 39.92 N
* NMEA Longitude = 052 06.18 W
* NMEA UTC (Time) = Jul 03 2014 10:10:16
* NMEA baud rate = 9600
** Ship: Hudson
** Cruise: HUD2014017
** Chief_Scientist: Blair Greenan
** Organization: BIO
** Area_of_Operation: Sackville Spur
** Station: 002
** Sounding:  298
** Event_Comments: C1 403001
# nquan = 25
# nvalues = 294                         
# units = specified
# name 0 = scan: Scan Count
# name 1 = timeS: Time, Elapsed [seconds]
# name 2 = prDM: Pressure, Digiquartz [db]
# name 3 = t068C: Temperature [ITS-68, deg C]
# name 4 = c0S/m: Conductivity [S/m]
# name 5 = t168C: Temperature, 2 [ITS-68, deg C]
# name 6 = c1S/m: Conductivity, 2 [S/m]
# name 7 = altM: Altimeter [m]
# name 8 = flC: Fluorescence, Chelsea Aqua 3 Chl Con [ug/l]
# name 9 = sbeox0V: Oxygen raw, SBE 43 [V]
# name 10 = sbeox1V: Oxygen raw, SBE 43, 2 [V]
# name 11 = upoly0: Upoly 0, Optode 4330F - O2 D-Phase
# name 12 = upoly1: Upoly 1, Optode 4330F - O2 Temp
# name 13 = latitude: Latitude [deg]
# name 14 = longitude: Longitude [deg]
# name 15 = sal00: Salinity, Practical [PSU]
# name 16 = sal11: Salinity, Practical, 2 [PSU]
# name 17 = potemp068C: Potential Temperature [ITS-68, deg C]
# name 18 = potemp168C: Potential Temperature, 2 [ITS-68, deg C]
# name 19 = sigma-é00: Density [sigma-theta, Kg/m^3]
# name 20 = sigma-é11: Density, 2 [sigma-theta, Kg/m^3]
# name 21 = sbeox0ML/L: Oxygen, SBE 43 [ml/l], WS = 2
# name 22 = sbeox1ML/L: Oxygen, SBE 43, 2 [ml/l], WS = 2
# name 23 = nbin: number of scans per bin
# name 24 = flag: flag
# span 0 =      23852,      49918       
# span 1 =    993.774,   2079.864       
# span 2 =      1.000,    294.000       
# span 3 =    -1.4386,     5.3525       
# span 4 =   2.640142,   3.134211       
# span 5 =    -1.4363,     5.3434       
# span 6 =   2.640061,   3.133980       
# span 7 =       3.90,     100.51       
# span 8 =     0.0178,     2.6358       
# span 9 =     2.8926,     3.9076       
# span 10 =     2.5494,     3.4497      
# span 11 =  26.252096,  32.111534      
# span 12 = -1.4629771,  3.8970680      
# span 13 =   52.66493,   52.66522      
# span 14 =  -52.10050,  -52.09944      
# span 15 =    31.9115,    34.5915      
# span 16 =    31.9157,    34.5889      
# span 17 =    -1.4393,     5.3523      
# span 18 =    -1.4370,     5.3431      
# span 19 =    25.1885,    27.5729      
# span 20 =    25.1929,    27.5708      
# span 21 =    6.79900,   11.15128      
# span 22 =    6.80769,   11.44612      
# span 23 =         15,         91      
# span 24 = 0.0000e+00, 0.0000e+00      
# interval = decibars: 1                
# start_time = Jul 03 2014 10:10:16 [NMEA time, header]
# bad_flag = -9.990e-29
*END*
[from data line 116]
      30938   1289.022    178.000     1.2629   2.958664     1.2644   2.958718      90.64     0.0274     2.9402     2.5876  30.596279  1.3436868   52.66518  -52.09996    34.1983    34.1973     1.2546     1.2561    27.3838    27.3830    7.15008    7.17485         28 0.0000e+00
      30966   1290.226    177.000     1.2608   2.958476     1.2637   2.958600      98.11     0.0289     2.9398     2.5871  30.593956  1.3605653   52.66518  -52.09998    34.1988    34.1972     1.2525     1.2555    27.3844    27.3829    7.14206    7.16391         36 0.0000e+00
      31019   1292.432    176.000     1.2394   2.956046     1.2481   2.956903      71.69     0.0254     2.9377     2.5849  30.591843  1.3338864   52.66517  -52.09996    34.1917    34.1930     1.2312     1.2400    27.3802    27.3806    7.13636    7.15491         63 0.0000e+00
      31070   1294.552    175.000     1.2401   2.956089     1.2136   2.953322      89.94     0.0239     2.9359     2.5832  30.605083  1.3169612   52.66516  -52.09996    34.1921    34.1856     1.2320     1.2055    27.3804    27.3770    7.14171    7.15886         41 0.0000e+00
      31113   1296.324    174.000     1.2239   2.954213     1.1827   2.949773      83.84     0.0218     2.9364     2.5841  30.613453  1.3049780   52.66516  -52.09996    34.1877    34.1744     1.2158     1.1748    27.3780    27.3701    7.14316    7.17383         49 0.0000e+00
      31167   1298.591    173.000     1.1701   2.948899     1.0956   2.941240      94.78     0.0219     2.9348     2.5837  30.621853  1.2831203   52.66516  -52.09996    34.1776    34.1620     1.1622     1.0883    27.3735    27.3659    7.14853    7.16627         49 0.0000e+00
      31210   1300.363    172.000     1.0778   2.939429     1.0104   2.932074      88.59     0.0299     2.9365     2.5826  30.631855  1.2715677   52.66516  -52.09996    34.1578    34.1371     1.0701     1.0028    27.3637    27.3514    7.19556    7.19032         46 0.0000e+00
      31266   1302.711    171.000     1.0101   2.932211     0.9406   2.924719      92.29     0.0338     2.9403     2.5851  30.637159  1.2531496   52.66516  -52.09996    34.1397    34.1194     1.0025     0.9331    27.3535    27.3416    7.21993    7.24122         56 0.0000e+00
      31306   1304.374    170.000     0.8872   2.920032     0.8736   2.917676      98.78     0.0232     2.9436     2.5882  30.643837  1.2487053   52.66516  -52.09996    34.1181    34.1025     0.8798     0.8663    27.3440    27.3323    7.26182    7.26244         29 0.0000e+00
      31334   1305.538    169.000     0.8241   2.912807     0.8000   2.909891      86.20     0.0242     2.9456     2.5883  30.642275  1.2348748   52.66516  -52.09996    34.0945    34.0832     0.8169     0.7928    27.3289    27.3214    7.26339    7.26074         30 0.0000e+00
      31386   1307.704    168.000     0.7747   2.907768     0.7684   2.906804      87.62     0.0205     2.9449     2.5886  30.653896  1.2083088   52.66516  -52.09996    34.0841    34.0786     0.7676     0.7613    27.3236    27.3195    7.26280    7.28390         91 0.0000e+00
      31474   1311.385    167.000     0.7724   2.907510     0.8185   2.912205      90.36     0.0258     2.9470     2.5933  30.664139  1.1774778   52.66515  -52.09994    34.0834    34.0941     0.7654     0.8114    27.3232    27.3289    7.28475    7.31121         47 0.0000e+00
      31501   1312.500    166.000     0.7746   2.907780     0.7543   2.905162      98.90     0.0234     2.9487     2.5931  30.657429  1.1667482   52.66514  -52.09994    34.0834    34.0740     0.7676     0.7473    27.3231    27.3167    7.28256    7.28005         25 0.0000e+00
      31525   1313.483    165.000     0.7310   2.902842     0.7224   2.901537      98.63     0.0209     2.9493     2.5924  30.658735  1.1567500   52.66514  -52.09994    34.0700    34.0626     0.7241     0.7155    27.3149    27.3095    7.29172    7.28916         25 0.0000e+00
      31567   1315.246    164.000     0.7041   2.899803     0.6971   2.898885      87.87     0.0253     2.9483     2.5914  30.677195  1.1313461   52.66515  -52.09994    34.0608    34.0566     0.6973     0.6903    27.3092    27.3062    7.27476    7.29261         66 0.0000e+00
      31648   1318.634    163.000     0.7030   2.899773     0.7242   2.901816      87.74     0.0247     2.9449     2.5897  30.688021  1.1059594   52.66514  -52.09994    34.0622    34.0654     0.6962     0.7174    27.3103    27.3116    7.26851    7.27985         47 0.0000e+00
      31683   1320.092    162.000     0.7093   2.900444     0.6800   2.897078      90.08     0.0234     2.9450     2.5890  30.692505  1.0962516   52.66514  -52.09994    34.0646    34.0531     0.7025     0.6733    27.3119    27.3044    7.28458    7.29915         37 0.0000e+00
      31724   1321.780    161.000     0.6622   2.895940     0.6357   2.892291      98.57     0.0222     2.9480     2.5915  30.713717  1.0701984   52.66514  -52.09994    34.0579    34.0392     0.6560     0.6291    27.3093    27.2958    7.31219    7.32209         43 0.0000e+00
      31764   1323.472    160.000     0.5489   2.884838     0.5605   2.884758      98.21     0.0239     2.9487     2.5923  30.720377  1.0440779   52.66514  -52.09994    34.0387    34.0255     0.5430     0.5541    27.3005    27.2892    7.28158    7.31738         37 0.0000e+00
      31805   1325.167    159.000     0.5192   2.880651     0.4573   2.873747      90.62     0.0263     2.9425     2.5894  30.725607  1.0346535   52.66514  -52.09994    34.0180    33.9960     0.5129     0.4511    27.2855    27.2714    7.27792    7.31591         51 0.0000e+00
      31894   1328.889    158.000     0.5515   2.883511     0.4753   2.875782      90.09     0.0326     2.9456     2.5939  30.738398  0.9771380   52.66514  -52.09993    34.0203    34.0033     0.5451     0.4691    27.2856    27.2763    7.33929    7.37244         70 0.0000e+00
      31928   1330.293    157.000     0.4594   2.874531     0.4220   2.869818      97.66     0.0332     2.9489     2.5972  30.747488  0.9944255   52.66514  -52.09992    34.0051    33.9848     0.4533     0.4159    27.2786    27.2643    7.35886    7.37998         21 0.0000e+00
      31947   1331.100    156.000     0.3431   2.862157     0.3278   2.859807      98.63     0.0298     2.9509     2.5972  30.760372  0.9338900   52.66514  -52.09992    33.9720    33.9581     0.3371     0.3218    27.2585    27.2481    7.38587    7.39744         20 0.0000e+00
      31969   1332.017    155.000     0.2854   2.855815     0.2675   2.853538      87.17     0.0313     2.9516     2.5974  30.761301  0.9696035   52.66514  -52.09992    33.9531    33.9430     0.2795     0.2616    27.2464    27.2392    7.38915    7.40353         27 0.0000e+00
      32063   1335.928    154.000     0.2976   2.856781     0.3176   2.858840      87.43     0.0310     2.9513     2.5961  30.766817  0.8653972   52.66513  -52.09992    33.9529    33.9578     0.2918     0.3117    27.2455    27.2484    7.37133    7.40153         38 0.0000e+00
      32116   1338.128    153.000     0.2936   2.856465     0.3093   2.857889      66.80     0.0308     2.9515     2.5981  30.775909  0.9048856   52.66512  -52.09992    33.9538    33.9552     0.2878     0.3035    27.2465    27.2467    7.38603    7.44139         29 0.0000e+00
      32152   1339.631    152.000     0.2743   2.854376     0.2635   2.853022      96.54     0.0298     2.9535     2.6019  30.783531  0.8583080   52.66512  -52.09992    33.9482    33.9423     0.2686     0.2578    27.2431    27.2389    7.39842    7.44233         43 0.0000e+00
      32193   1341.340    151.000     0.2423   2.851071     0.2207   2.848710      98.69     0.0320     2.9533     2.6011  30.805462  0.8223119   52.66513  -52.09992    33.9408    33.9335     0.2366     0.2151    27.2388    27.2341    7.35714    7.39207         34 0.0000e+00
      32228   1342.806    150.000     0.2098   2.847685     0.1613   2.842303      87.38     0.0263     2.9480     2.5964  30.814251  0.8145434   52.66512  -52.09992    33.9325    33.9155     0.2042     0.1558    27.2338    27.2227    7.35166    7.39098         47 0.0000e+00
      32335   1347.265    149.000     0.2440   2.851252     0.2248   2.848610      83.86     0.0280     2.9483     2.5969  30.840256  0.7479205   52.66512  -52.09992    33.9425    33.9289     0.2385     0.2192    27.2400    27.2301    7.40012    7.42665         38 0.0000e+00
      32356   1348.122    148.000     0.1513   2.841892     0.1462   2.840432      85.74     0.0294     2.9509     2.5984  30.837622  0.7747154   52.66512  -52.09992    33.9222    33.9087     0.1459     0.1408    27.2286    27.2179    7.42674    7.44762         18 0.0000e+00
      32374   1348.859    147.000     0.0437   2.830741     0.0495   2.830542      81.24     0.0310     2.9520     2.5987  30.838427  0.7062243   52.66512  -52.09992    33.8947    33.8857     0.0385     0.0443    27.2120    27.2044    7.43652    7.46056         18 0.0000e+00
      32399   1349.918    146.000    -0.0002   2.825984    -0.0274   2.822833      85.51     0.0290     2.9522     2.5981  30.841297  0.7307549   52.66512  -52.09992    33.8810    33.8694    -0.0053    -0.0325    27.2031    27.1952    7.43958    7.46283         34 0.0000e+00
      32512   1354.641    145.000     0.0056   2.826337     0.0200   2.827748      99.03     0.0285     2.9537     2.6000  30.876753  0.6662513   52.66510  -52.09992    33.8798    33.8826     0.0005     0.0149    27.2019    27.2034    7.45292    7.49001         17 0.0000e+00
      32527   1355.232    144.000    -0.0012   2.825664     0.0029   2.825805      98.63     0.0297     2.9545     2.6008  30.887306  0.6278408   52.66510  -52.09992    33.8791    33.8764    -0.0063    -0.0021    27.2016    27.1993    7.44988    7.48638         18 0.0000e+00
      32548   1356.107    143.000    -0.0169   2.824022    -0.0321   2.822161      82.40     0.0297     2.9547     2.6010  30.888277  0.6573145   52.66512  -52.09992    33.8753    33.8675    -0.0219    -0.0370    27.1994    27.1938    7.44401    7.48149         27 0.0000e+00
      32632   1359.606    142.000    -0.0374   2.821843    -0.0476   2.820695      93.00     0.0259     2.9544     2.5997  30.907959  0.5731445   52.66512  -52.09992    33.8698    33.8659    -0.0423    -0.0525    27.1959    27.1933    7.43669    7.46391         46 0.0000e+00
      32680   1361.633    141.000    -0.0359   2.821922    -0.0331   2.821995      78.84     0.0284     2.9523     2.5966  30.919586  0.5684949   52.66510  -52.09992    33.8697    33.8676    -0.0408    -0.0380    27.1958    27.1940    7.41221    7.43704         30 0.0000e+00
      32721   1363.325    140.000    -0.0464   2.820755    -0.0416   2.821012      81.85     0.0309     2.9487     2.5943  30.933899  0.5360360   52.66510  -52.09992    33.8665    33.8646    -0.0512    -0.0464    27.1937    27.1920    7.41790    7.45547         58 0.0000e+00
      32785   1366.002    139.000    -0.0403   2.821152    -0.0762   2.817185      84.24     0.0266     2.9505     2.5978  30.950024  0.4925036   52.66512  -52.09992    33.8656    33.8527    -0.0451    -0.0810    27.1927    27.1840    7.45870    7.51333         53 0.0000e+00
      32823   1367.563    138.000    -0.1127   2.814244    -0.1781   2.806543      98.89     0.0254     2.9527     2.6022  30.957687  0.4704075   52.66512  -52.09992    33.8548    33.8249    -0.1174    -0.1827    27.1876    27.1666    7.47607    7.50064         31 0.0000e+00
      32853   1368.814    137.000    -0.2174   2.803294    -0.2789   2.795460      74.76     0.0311     2.9554     2.5990  30.967821  0.4396848   52.66511  -52.09992    33.8238    33.7898    -0.2219    -0.2833    27.1675    27.1429    7.49752    7.47321         31 0.0000e+00
      32906   1371.034    136.000    -0.2879   2.794882    -0.2972   2.793361      91.99     0.0336     2.9526     2.5961  30.979065  0.4230719   52.66510  -52.09993    33.7924    33.7827    -0.2923    -0.3016    27.1455    27.1380    7.48420    7.51263         89 0.0000e+00
      32987   1374.425    135.000    -0.2711   2.796111    -0.2043   2.803127      78.58     0.0314     2.9519     2.5980  30.999634  0.3813639   52.66510  -52.09994    33.7911    33.8110    -0.2755    -0.2086    27.1436    27.1565    7.51289    7.56309         43 0.0000e+00
      33017   1375.652    134.000    -0.2890   2.794611    -0.3240   2.790254      87.44     0.0283     2.9545     2.6021  31.005264  0.3741025   52.66510  -52.09994    33.7915    33.7723    -0.2933    -0.3283    27.1448    27.1308    7.51596    7.56253         28 0.0000e+00
      33046   1376.884    133.000    -0.3665   2.786059    -0.3787   2.784172      87.28     0.0303     2.9555     2.6025  31.005039  0.3298042   52.66510  -52.09994    33.7639    33.7523    -0.3707    -0.3829    27.1260    27.1171    7.52651    7.55507         32 0.0000e+00
      33085   1378.520    132.000    -0.4098   2.781037    -0.4346   2.778159      82.55     0.0287     2.9532     2.6002  31.020382  0.3198220   52.66510  -52.09994    33.7453    33.7345    -0.4138    -0.4387    27.1129    27.1052    7.49927    7.54130         53 0.0000e+00
      33174   1382.200    131.000    -0.3979   2.782233    -0.3728   2.784803      83.01     0.0300     2.9506     2.5980  31.043406  0.2716841   52.66510  -52.09994    33.7488    33.7554    -0.4020    -0.3769    27.1152    27.1193    7.51755    7.55855         84 0.0000e+00
      33214   1383.866    130.000    -0.3958   2.782851    -0.4144   2.780422      98.86     0.0268     2.9507     2.5989  31.040857  0.2658336   52.66510  -52.09994    33.7554    33.7436    -0.3998    -0.4184    27.1204    27.1117    7.51485    7.55746         27 0.0000e+00
      33239   1384.911    129.000    -0.4846   2.773439    -0.4938   2.771815      98.63     0.0277     2.9515     2.5993  31.051308  0.2070405   52.66510  -52.09994    33.7286    33.7171    -0.4885    -0.4978    27.1026    27.0937    7.52222    7.57650         26 0.0000e+00
      33285   1386.848    128.000    -0.5274   2.768526    -0.5325   2.767740      91.61     0.0249     2.9495     2.5983  31.066895  0.2066168   52.66510  -52.09994    33.7108    33.7057    -0.5313    -0.5362    27.0900    27.0861    7.52737    7.57681         83 0.0000e+00
      33369   1390.330    127.000    -0.5464   2.766507    -0.5354   2.767415      81.14     0.0302     2.9483     2.5982  31.079615  0.1631822   52.66510  -52.09994    33.7055    33.7054    -0.5502    -0.5392    27.0866    27.0861    7.54104    7.57724         43 0.0000e+00
      33394   1391.383    126.000    -0.5290   2.768231    -0.5406   2.766695      90.09     0.0287     2.9489     2.5958  31.113253  0.1352556   52.66510  -52.09994    33.7099    33.7022    -0.5328    -0.5444    27.0894    27.0837    7.53864    7.53441         26 0.0000e+00
      33423   1392.565    125.000    -0.5712   2.763659    -0.5788   2.762393      98.05     0.0273     2.9491     2.5931  31.113554  0.1170866   52.66510  -52.09994    33.6960    33.6874    -0.5749    -0.5825    27.0800    27.0733    7.53425    7.54445         34 0.0000e+00
      33493   1395.493    124.000    -0.5791   2.762631    -0.5832   2.762164      89.74     0.0257     2.9481     2.5922  31.122166  0.0867627   52.66510  -52.09994    33.6915    33.6898    -0.5827    -0.5868    27.0767    27.0754    7.54381    7.57990         90 0.0000e+00
      33548   1397.778    123.000    -0.5895   2.761467    -0.5755   2.762751      72.51     0.0257     2.9492     2.5952  31.149172  0.0690409   52.66510  -52.09994    33.6881    33.6898    -0.5931    -0.5792    27.0743    27.0751    7.54380    7.59186         29 0.0000e+00
      33574   1398.863    122.000    -0.6049   2.759667    -0.6142   2.758289      88.31     0.0227     2.9479     2.5953  31.156876  0.0119619   52.66510  -52.09994    33.6816    33.6734    -0.6085    -0.6177    27.0697    27.0634    7.53441    7.57653         27 0.0000e+00
