data/CTD/2014/CNV/u017a020.cnv
* Sea-Bird SBE 9 Data File:
* FileName = C:\CTD_ACQUISITION\2014017HUD\017A020.hdr
* Software Version Seasave V 7.23.1
* Temperature SN = 5081
* Conductivity SN = 3561
* Number of Bytes Per Scan = 37
* Number of Voltage Words = 4
* Number of Scans Averaged by the Deck Unit = 1
* NMEA Latitude = 53 08.99 N
* NMEA Longitude = 050 44.43 W
* NMEA UTC (Time) = Jul 05 2014 00:39:02
* NMEA baud rate = 9600
** Ship: Hudson
** Cruise: HUD2014017
** Chief_Scientist: Blair Greenan
** Organization: BIO
** Area_of_Operation: Sackville Spur
** Station: 020
** Sounding:  3070
** Event_Comments: K9, 403105
** Windows 7 Test
# nquan = 25
# nvalues = 502                         
# units = specified
# name 0 = scan: Scan Count
# name 1 = timeS: Time, Elapsed [seconds]
# name 2 = prDM: Pressure, Digiquartz [db]
# name 3 = t068C: Temperature [ITS-68, deg C]
# name 4 = c0S/m: Conductivity [S/m]
# name 5 = t168C: Temperature, 2 [ITS-68, deg C]
# name 6 = c1S/m: Conductivity, 2 [S/m]
# name 7 = altM: Altimeter [m]
# name 8 = flC: Fluorescence, Chelsea Aqua 3 Chl Con [ug/l]
# name 9 = sbeox0V: Oxygen raw, SBE 43 [V]
# name 10 = sbeox1V: Oxygen raw, SBE 43, 2 [V]
# name 11 = upoly0: Upoly 0, Optode 4330F - O2 D-Phase
# name 12 = upoly1: Upoly 1, Optode 4330F - O2 Temp
# name 13 = latitude: Latitude [deg]
# name 14 = longitude: Longitude [deg]
# name 15 = sal00: Salinity, Practical [PSU]
# name 16 = sal11: Salinity, Practical, 2 [PSU]
# name 17 = potemp068C: Potential Temperature [ITS-68, deg C]
# name 18 = potemp168C: Potential Temperature, 2 [ITS-68, deg C]
# name 19 = sigma-é00: Density [sigma-theta, Kg/m^3]
# name 20 = sigma-é11: Density, 2 [sigma-theta, Kg/m^3]
# name 21 = sbeox0ML/L: Oxygen, SBE 43 [ml/l], WS = 2
# name 22 = sbeox1ML/L: Oxygen, SBE 43, 2 [ml/l], WS = 2
# name 23 = nbin: number of scans per bin
# name 24 = flag: flag
# span 0 =      24373,      39431       
# span 1 =   1015.516,   1642.929       
# span 2 =      1.000,    502.000       
# span 3 =     3.4354,     8.6574       
# span 4 =   3.188068,   3.634941       
# span 5 =     3.4350,     8.6555       
# span 6 =   3.187898,   3.634736       
# span 7 =      25.42,     102.77       
# span 8 =     0.0079,     0.2473       
# span 9 =     2.8233,     3.4153       
# span 10 =     2.4959,     2.9984      
# span 11 =  30.143942,  33.601864      
# span 12 =  2.7014062,  8.6151295      
# span 13 =   53.15078,   53.15110      
# span 14 =  -50.73534,  -50.73249      
# span 15 =    34.4982,    34.8643      
# span 16 =    34.4979,    34.8637      
# span 17 =     3.4284,     8.6573      
# span 18 =     3.4280,     8.6553      
# span 19 =    26.7797,    27.7157      
# span 20 =    26.7798,    27.7153      
# span 21 =    6.50285,    7.50030      
# span 22 =    6.26544,    7.53168      
# span 23 =         11,         75      
# span 24 = 0.0000e+00, 0.0000e+00      
# interval = decibars: 1                
# start_time = Jul 05 2014 00:39:02 [NMEA time, header]
# bad_flag = -9.990e-29
*END*
[from data line 174]
      28535   1188.931    328.000     3.4871   3.209894     3.4871   3.209853      98.63     0.0175     2.9286     2.5818  33.258236  3.4810696   53.15094  -50.73430    34.8251    34.8246     3.4651     3.4651    27.7013    27.7009    6.81037    6.83014         16 0.0000e+00
      28555   1189.758    327.000     3.4868   3.209823     3.4869   3.209780      98.63     0.0227     2.9289     2.5820  33.259720  3.4851103   53.15094  -50.73429    34.8251    34.8245     3.4648     3.4650    27.7014    27.7008    6.81107    6.82841         25 0.0000e+00
      28588   1191.125    326.000     3.4870   3.209720     3.4871   3.209747      98.63     0.0195     2.9289     2.5827  33.252747  3.4858959   53.15094  -50.73428    34.8242    34.8244     3.4651     3.4652    27.7006    27.7008    6.80690    6.83244         39 0.0000e+00
      28622   1192.548    325.000     3.4872   3.209737     3.4872   3.209702      98.63     0.0187     2.9293     2.5835  33.266365  3.4865539   53.15094  -50.73428    34.8247    34.8243     3.4654     3.4654    27.7010    27.7007    6.81695    6.83222         26 0.0000e+00
      28643   1193.426    324.000     3.4873   3.209709     3.4871   3.209651      36.84     0.0180     2.9300     2.5838  33.266613  3.2401702   53.15094  -50.73426    34.8248    34.8243     3.4656     3.4654    27.7010    27.7006    6.80867    6.82995         18 0.0000e+00
      28660   1194.139    323.000     3.4874   3.209664     3.4870   3.209604      65.17     0.0209     2.9301     2.5839  33.263023  3.3453987   53.15094  -50.73426    34.8247    34.8244     3.4657     3.4654    27.7010    27.7007    6.80723    6.82943         17 0.0000e+00
      28678   1194.864    322.000     3.4866   3.209556     3.4865   3.209504      98.12     0.0212     2.9298     2.5841  33.252903  3.4781303   53.15094  -50.73426    34.8248    34.8243     3.4650     3.4649    27.7011    27.7007    6.80160    6.82789         19 0.0000e+00
      28700   1195.796    321.000     3.4860   3.209459     3.4857   3.209383      98.52     0.0173     2.9292     2.5840  33.254833  3.4880781   53.15094  -50.73425    34.8248    34.8242     3.4645     3.4642    27.7011    27.7007    6.79948    6.82698         27 0.0000e+00
      28732   1197.129    320.000     3.4860   3.209392     3.4858   3.209337      89.08     0.0159     2.9294     2.5844  33.265884  3.4884005   53.15094  -50.73424    34.8246    34.8241     3.4645     3.4644    27.7010    27.7006    6.81015    6.83288         34 0.0000e+00
      28760   1198.310    319.000     3.4861   3.209355     3.4861   3.209304      98.78     0.0148     2.9303     2.5852  33.264191  3.4884005   53.15094  -50.73424    34.8245    34.8240     3.4648     3.4647    27.7009    27.7005    6.81189    6.83330         23 0.0000e+00
      28780   1199.146    318.000     3.4869   3.209376     3.4863   3.209289      98.63     0.0161     2.9308     2.5856  33.266582  2.9866035   53.15094  -50.73424    34.8245    34.8241     3.4656     3.4650    27.7008    27.7005    6.80827    6.83144         18 0.0000e+00
      28799   1199.899    317.000     3.4872   3.209372     3.4867   3.209285      98.63     0.0161     2.9309     2.5857  33.267380  2.7636392   53.15094  -50.73424    34.8246    34.8241     3.4660     3.4655    27.7009    27.7005    6.81016    6.82632         19 0.0000e+00
      28820   1200.782    316.000     3.4870   3.209308     3.4868   3.209253      98.63     0.0177     2.9317     2.5853  33.265186  2.7441375   53.15094  -50.73424    34.8247    34.8242     3.4658     3.4656    27.7009    27.7006    6.81314    6.82411         25 0.0000e+00
      28853   1202.152    315.000     3.4869   3.209243     3.4868   3.209193      98.63     0.0150     2.9323     2.5855  33.259567  2.7502143   53.15094  -50.73423    34.8245    34.8240     3.4659     3.4657    27.7008    27.7004    6.81047    6.82670         39 0.0000e+00
      28886   1203.556    314.000     3.4877   3.209250     3.4872   3.209174      98.63     0.0160     2.9331     2.5855  33.253685  2.7845275   53.15096  -50.73421    34.8243    34.8239     3.4667     3.4662    27.7005    27.7003    6.81024    6.82643         25 0.0000e+00
      28907   1204.420    313.000     3.4883   3.209258     3.4877   3.209172      49.20     0.0136     2.9325     2.5860  33.266090  2.7283189   53.15096  -50.73420    34.8243    34.8239     3.4673     3.4668    27.7005    27.7002    6.80222    6.82413         18 0.0000e+00
      28924   1205.126    312.000     3.4874   3.209120     3.4875   3.209096      94.01     0.0139     2.9327     2.5855  33.269127  2.7667458   53.15096  -50.73420    34.8241    34.8237     3.4665     3.4667    27.7004    27.7001    6.80629    6.82102         17 0.0000e+00
      28941   1205.854    311.000     3.4869   3.209026     3.4869   3.208983      98.50     0.0157     2.9326     2.5857  33.270443  2.7646017   53.15096  -50.73420    34.8241    34.8236     3.4661     3.4661    27.7004    27.7000    6.80921    6.82557         19 0.0000e+00
      28965   1206.838    310.000     3.4872   3.208998     3.4872   3.208957      98.63     0.0156     2.9336     2.5861  33.268494  2.7526088   53.15096  -50.73420    34.8240    34.8235     3.4665     3.4665    27.7003    27.6999    6.81364    6.82920         30 0.0000e+00
      29000   1208.289    309.000     3.4893   3.209107     3.4881   3.208988      98.63     0.0149     2.9340     2.5869  33.260483  2.7582078   53.15096  -50.73420    34.8236    34.8234     3.4686     3.4675    27.6998    27.6997    6.80489    6.82752         35 0.0000e+00
      29030   1209.534    308.000     3.4899   3.209145     3.4891   3.209023      98.63     0.0150     2.9339     2.5868  33.258553  2.9210477   53.15096  -50.73418    34.8239    34.8234     3.4693     3.4685    27.7000    27.6996    6.80808    6.81825         25 0.0000e+00
      29051   1210.416    307.000     3.4907   3.209177     3.4898   3.209049      98.63     0.0165     2.9344     2.5862  33.272022  2.9120893   53.15096  -50.73418    34.8240    34.8235     3.4702     3.4692    27.7000    27.6996    6.80518    6.81682         19 0.0000e+00
      29069   1211.180    306.000     3.4906   3.209132     3.4901   3.209040      98.63     0.0131     2.9342     2.5863  33.273087  2.8008571   53.15096  -50.73416    34.8241    34.8236     3.4702     3.4706    27.7001    27.6997    6.80291    6.82061         18 0.0000e+00
      29088   1211.958    305.000     3.4905   3.209063     3.4899   3.208982      44.38     0.0103     2.9342     2.5866  33.272026  2.7614622   53.15096  -50.73416    34.8240    34.8236     3.4701     3.4695    27.7000    27.6997    6.80460    6.82165         19 0.0000e+00
      29108   1212.796    304.000     3.4902   3.208997     3.4897   3.208914      68.97     0.0150     2.9344     2.5866  33.266674  2.7440872   53.15096  -50.73416    34.8241    34.8236     3.4698     3.4694    27.7000    27.6997    6.80653    6.82249         21 0.0000e+00
      29130   1213.699    303.000     3.4900   3.208928     3.4895   3.208839      98.34     0.0163     2.9349     2.5871  33.266129  2.7729263   53.15096  -50.73416    34.8240    34.8235     3.4697     3.4692    27.7000    27.6996    6.81020    6.81954         23 0.0000e+00
      29155   1214.754    302.000     3.4902   3.208907     3.4897   3.208822      91.27     0.0136     2.9357     2.5868  33.253216  3.0004959   53.15096  -50.73416    34.8241    34.8235     3.4700     3.4696    27.7000    27.6996    6.80965    6.82113         29 0.0000e+00
      29190   1216.224    301.000     3.4911   3.208931     3.4903   3.208833      95.41     0.0114     2.9359     2.5876  33.256126  3.4733739   53.15096  -50.73416    34.8240    34.8236     3.4709     3.4702    27.6998    27.6996    6.80461    6.82088         42 0.0000e+00
      29230   1217.857    300.000     3.4924   3.208999     3.4913   3.208873      98.76     0.0157     2.9363     2.5876  33.263439  3.4851146   53.15097  -50.73414    34.8239    34.8235     3.4723     3.4713    27.6997    27.6995    6.80532    6.81957         31 0.0000e+00
      29255   1218.914    299.000     3.4937   3.209075     3.4925   3.208944      98.63     0.0167     2.9360     2.5878  33.268997  3.4885147   53.15098  -50.73414    34.8240    34.8236     3.4737     3.4725    27.6996    27.6994    6.79995    6.82248         21 0.0000e+00
      29273   1219.671    298.000     3.4936   3.209006     3.4933   3.208957      98.63     0.0169     2.9360     2.5884  33.268257  3.4884005   53.15098  -50.73414    34.8238    34.8235     3.4737     3.4733    27.6994    27.6993    6.80332    6.82581         17 0.0000e+00
      29289   1220.342    297.000     3.4926   3.208838     3.4929   3.208837      98.63     0.0141     2.9367     2.5888  33.269215  3.4884005   53.15098  -50.73414    34.8233    34.8230     3.4728     3.4731    27.6992    27.6989    6.80505    6.81858         16 0.0000e+00
      29306   1221.024    296.000     3.4931   3.208814     3.4933   3.208801      98.63     0.0144     2.9363     2.5884  33.270805  3.2929866   53.15098  -50.73412    34.8232    34.8228     3.4733     3.4735    27.6990    27.6986    6.80041    6.81093         17 0.0000e+00
      29325   1221.847    295.000     3.4938   3.208834     3.4947   3.208867      98.63     0.0121     2.9364     2.5879  33.265667  2.8504102   53.15098  -50.73412    34.8231    34.8226     3.4741     3.4749    27.6989    27.6984    6.79816    6.81020         23 0.0000e+00
      29351   1222.928    294.000     3.4952   3.208892     3.4958   3.208920      64.97     0.0114     2.9362     2.5878  33.255070  3.3685415   53.15098  -50.73412    34.8229    34.8225     3.4755     3.4762    27.6986    27.6982    6.79999    6.81322         29 0.0000e+00
      29381   1224.179    293.000     3.4961   3.208916     3.4961   3.208886      98.40     0.0142     2.9369     2.5876  33.253246  3.4925361   53.15098  -50.73412    34.8228    34.8224     3.4765     3.4765    27.6983    27.6980    6.80561    6.80432         30 0.0000e+00
      29410   1225.370    292.000     3.4971   3.208961     3.4965   3.208876      98.63     0.0155     2.9379     2.5867  33.252739  3.0802734   53.15098  -50.73410    34.8228    34.8224     3.4776     3.4770    27.6982    27.6980    6.80312    6.80415         26 0.0000e+00
      29435   1226.408    291.000     3.4979   3.208982     3.4974   3.208907      98.63     0.0177     2.9376     2.5867  33.251511  2.9051132   53.15098  -50.73410    34.8227    34.8223     3.4784     3.4780    27.6981    27.6979    6.79753    6.80531         24 0.0000e+00
      29458   1227.361    290.000     3.4980   3.208958     3.4977   3.208881      98.63     0.0196     2.9373     2.5865  33.252731  2.8094070   53.15098  -50.73410    34.8228    34.8223     3.4787     3.4783    27.6982    27.6978    6.79370    6.80260         23 0.0000e+00
      29481   1228.336    289.000     3.4983   3.208921     3.4977   3.208838      98.63     0.0188     2.9376     2.5865  33.252747  2.9269114   53.15098  -50.73410    34.8226    34.8223     3.4790     3.4784    27.6980    27.6978    6.79849    6.80461         24 0.0000e+00
      29505   1229.350    288.000     3.4995   3.208974     3.4984   3.208858      57.22     0.0137     2.9375     2.5867  33.252747  2.8282957   53.15098  -50.73408    34.8225    34.8223     3.4803     3.4792    27.6978    27.6977    6.79807    6.80488         24 0.0000e+00
      29528   1230.306    287.000     3.5005   3.209025     3.4997   3.208927      98.33     0.0159     2.9381     2.5869  33.264648  2.7757163   53.15098  -50.73408    34.8226    34.8223     3.4813     3.4805    27.6978    27.6976    6.80190    6.80969         22 0.0000e+00
      29550   1231.213    286.000     3.5014   3.209068     3.5011   3.208997      98.63     0.0142     2.9387     2.5878  33.267353  2.8983564   53.15098  -50.73408    34.8227    34.8222     3.4823     3.4820    27.6977    27.6974    6.80492    6.81541         22 0.0000e+00
      29574   1232.206    285.000     3.5017   3.209043     3.5016   3.208995      98.63     0.0176     2.9392     2.5888  33.264645  3.0079782   53.15098  -50.73408    34.8227    34.8222     3.4826     3.4825    27.6977    27.6973    6.80188    6.81666         26 0.0000e+00
      29606   1233.531    284.000     3.5009   3.208923     3.5012   3.208905      98.63     0.0218     2.9394     2.5893  33.257160  2.7936585   53.15098  -50.73406    34.8226    34.8221     3.4820     3.4823    27.6976    27.6972    6.79525    6.80959         37 0.0000e+00
      29639   1234.904    283.000     3.5007   3.208836     3.5004   3.208777      98.63     0.0189     2.9390     2.5896  33.254337  2.7610512   53.15098  -50.73406    34.8224    34.8219     3.4818     3.4815    27.6975    27.6971    6.79607    6.81011         26 0.0000e+00
      29660   1235.801    282.000     3.5006   3.208787     3.5003   3.208719      98.63     0.0181     2.9395     2.5898  33.256893  2.7836139   53.15098  -50.73406    34.8224    34.8219     3.4818     3.4815    27.6975    27.6971    6.79572    6.81173         18 0.0000e+00
      29677   1236.479    281.000     3.5010   3.208774     3.5005   3.208694      98.63     0.0142     2.9394     2.5901  33.265705  2.7382057   53.15098  -50.73406    34.8224    34.8219     3.4822     3.4817    27.6975    27.6972    6.79216    6.81077         15 0.0000e+00
      29691   1237.099    280.000     3.5007   3.208716     3.5005   3.208653      98.63     0.0145     2.9387     2.5900  33.268295  2.7793217   53.15098  -50.73406    34.8225    34.8220     3.4820     3.4818    27.6976    27.6972    6.79665    6.80890         16 0.0000e+00
      29708   1237.794    279.000     3.5009   3.208702     3.5014   3.208721      98.63     0.0148     2.9401     2.5904  33.265991  2.7828610   53.15098  -50.73406    34.8227    34.8223     3.4823     3.4828    27.6977    27.6974    6.79824    6.80889         19 0.0000e+00
      29750   1239.527    278.000     3.5095   3.209449     3.5095   3.209454      98.63     0.0159     2.9395     2.5903  33.262665  2.7642972   53.15100  -50.73404    34.8230    34.8231     3.4909     3.4909    27.6971    27.6972    6.78794    6.80434         68 0.0000e+00
      29802   1241.714    277.000     3.5276   3.211123     3.5248   3.210883      98.63     0.0126     2.9390     2.5902  33.267731  2.8253694   53.15100  -50.73404    34.8244    34.8245     3.5090     3.5062    27.6964    27.6968    6.78340    6.79888         25 0.0000e+00
      29820   1242.458    276.000     3.5326   3.211601     3.5325   3.211604      98.63     0.0151     2.9388     2.5901  33.267399  2.7286284   53.15100  -50.73404    34.8253    34.8254     3.5141     3.5140    27.6967    27.6968    6.77833    6.79734         16 0.0000e+00
      29836   1243.104    275.000     3.5416   3.212413     3.5415   3.212418      98.63     0.0132     2.9387     2.5902  33.269230  2.7747464   53.15100  -50.73404    34.8259    34.8262     3.5232     3.5230    27.6963    27.6965    6.77739    6.79550         16 0.0000e+00
      29851   1243.748    274.000     3.5459   3.212787     3.5457   3.212759      98.63     0.0152     2.9384     2.5903  33.268345  2.7806218   53.15100  -50.73403    34.8264    34.8263     3.5275     3.5274    27.6962    27.6961    6.77545    6.79336         16 0.0000e+00
      29870   1244.527    273.000     3.5469   3.212852     3.5477   3.212885      98.63     0.0159     2.9384     2.5902  33.266804  2.7496986   53.15100  -50.73402    34.8267    34.8263     3.5286     3.5293    27.6963    27.6959    6.77529    6.79507         22 0.0000e+00
      29900   1245.801    272.000     3.5465   3.212726     3.5477   3.212800      98.63     0.0157     2.9381     2.5906  33.262806  2.7826581   53.15100  -50.73402    34.8262    34.8258     3.5282     3.5295    27.6960    27.6955    6.77482    6.79360         40 0.0000e+00
