data/CTD/2014/CNV/u017a021.cnv
* Sea-Bird SBE 9 Data File:
* FileName = C:\CTD_ACQUISITION\2014017HUD\ctddata\017A021.hdr
* Software Version Seasave V 7.22.2
* Temperature SN = 5081
* Conductivity SN = 3561
* Number of Bytes Per Scan = 37
* Number of Voltage Words = 4
* Number of Scans Averaged by the Deck Unit = 1
* NMEA Latitude = 53 13.81 N
* NMEA Longitude = 050 28.39 W
* NMEA UTC (Time) = Jul 05 2014 02:20:47
* NMEA baud rate = 9600
** Ship: Hudson
** Cruise: HUD2014017
** Chief_Scientist: Blair Greenan
** Organization: BIO
** Area_of_Operation: Sackville Spur
** Station: 021
** Sounding:  3191
** Event_Comments: DSOW2, 403108
# nquan = 25
# nvalues = 3333                        
# units = specified
# name 0 = scan: Scan Count
# name 1 = timeS: Time, Elapsed [seconds]
# name 2 = prDM: Pressure, Digiquartz [db]
# name 3 = t068C: Temperature [ITS-68, deg C]
# name 4 = c0S/m: Conductivity [S/m]
# name 5 = t168C: Temperature, 2 [ITS-68, deg C]
# name 6 = c1S/m: Conductivity, 2 [S/m]
# name 7 = altM: Altimeter [m]
# name 8 = flC: Fluorescence, Chelsea Aqua 3 Chl Con [ug/l]
# name 9 = sbeox0V: Oxygen raw, SBE 43 [V]
# name 10 = sbeox1V: Oxygen raw, SBE 43, 2 [V]
# name 11 = upoly0: Upoly 0, Optode 4330F - O2 D-Phase
# name 12 = upoly1: Upoly 1, Optode 4330F - O2 Temp
# name 13 = latitude: Latitude [deg]
# name 14 = longitude: Longitude [deg]
# name 15 = sal00: Salinity, Practical [PSU]
# name 16 = sal11: Salinity, Practical, 2 [PSU]
# name 17 = potemp068C: Potential Temperature [ITS-68, deg C]
# name 18 = potemp168C: Potential Temperature, 2 [ITS-68, deg C]
# name 19 = sigma-é00: Density [sigma-theta, Kg/m^3]
# name 20 = sigma-é11: Density, 2 [sigma-theta, Kg/m^3]
# name 21 = sbeox0ML/L: Oxygen, SBE 43 [ml/l], WS = 2
# name 22 = sbeox1ML/L: Oxygen, SBE 43, 2 [ml/l], WS = 2
# name 23 = nbin: number of scans per bin
# name 24 = flag: flag
# span 0 =      87552,     188705       
# span 1 =   3647.953,   7862.654       
# span 2 =      1.000,   3333.000       
# span 3 =     1.7913,     9.1338       
# span 4 =   3.182746,   3.680538       
# span 5 =     1.7904,     9.1360       
# span 6 =   3.182706,   3.680673       
# span 7 =       1.07,     108.22       
# span 8 =     0.0061,     0.5206       
# span 9 =     2.0665,     3.4804       
# span 10 =     1.8310,     3.0608      
# span 11 =  29.959309,  35.729229      
# span 12 =  1.7789047,  9.1770334      
# span 13 =   53.22644,   53.23164      
# span 14 =  -50.47008,  -50.45936      
# span 15 =    34.5125,    34.9165      
# span 16 =    34.5115,    34.9166      
# span 17 =     1.5462,     9.1337      
# span 18 =     1.5451,     9.1357      
# span 19 =    26.7152,    27.9213      
# span 20 =    26.7145,    27.9216      
# span 21 =    6.28159,    7.41548      
# span 22 =    6.14591,    7.49118      
# span 23 =         11,         83      
# span 24 = 0.0000e+00, 0.0000e+00      
# interval = decibars: 1                
# start_time = Jul 05 2014 02:20:47 [NMEA time, header]
# bad_flag = -9.990e-29
*END*
[from data line 1276]
     121064   5044.295   2057.000     3.1972   3.265251     3.1984   3.265391      98.73     0.0168     2.3089     2.0323  35.170414  3.1879420   53.22914  -50.46642    34.9132    34.9136     3.0365     3.0377    27.8125    27.8127    6.39778    6.31456         25 0.0000e+00
     121087   5045.230   2056.000     3.2002   3.265486     3.2004   3.265522      91.79     0.0126     2.3094     2.0325  35.170696  3.1880343   53.22914  -50.46642    34.9133    34.9136     3.0396     3.0397    27.8123    27.8125    6.38985    6.31888         20 0.0000e+00
     121106   5046.034   2055.000     3.2027   3.265666     3.2029   3.265715      88.10     0.0125     2.3087     2.0327  35.165268  3.1886711   53.22914  -50.46642    34.9134    34.9137     3.0420     3.0423    27.8121    27.8124    6.38385    6.32239         19 0.0000e+00
     121124   5046.800   2054.000     3.2044   3.265781     3.2043   3.265800      98.50     0.0101     2.3091     2.0331  35.162437  3.1899137   53.22914  -50.46641    34.9133    34.9137     3.0438     3.0437    27.8120    27.8123    6.39336    6.32136         18 0.0000e+00
     121144   5047.612   2053.000     3.2049   3.265792     3.2046   3.265783      98.64     0.0088     2.3096     2.0332  35.167198  3.1952734   53.22914  -50.46640    34.9134    34.9137     3.0444     3.0441    27.8120    27.8122    6.39760    6.31795         21 0.0000e+00
     121167   5048.578   2052.000     3.2052   3.265786     3.2046   3.265743      94.06     0.0108     2.3097     2.0332  35.167645  3.1953602   53.22914  -50.46640    34.9135    34.9137     3.0448     3.0442    27.8120    27.8122    6.38767    6.31508         26 0.0000e+00
     121195   5049.744   2051.000     3.2053   3.265753     3.2047   3.265704      96.27     0.0128     2.3101     2.0333  35.174339  3.1953602   53.22914  -50.46640    34.9135    34.9136     3.0450     3.0444    27.8120    27.8121    6.40263    6.31298         28 0.0000e+00
     121219   5050.756   2050.000     3.2056   3.265723     3.2052   3.265713      98.65     0.0110     2.3111     2.0332  35.168640  3.1953602   53.22914  -50.46639    34.9134    34.9137     3.0453     3.0450    27.8118    27.8121    6.38967    6.31460         21 0.0000e+00
     121238   5051.545   2049.000     3.2070   3.265809     3.2065   3.265803      95.81     0.0147     2.3099     2.0334  35.166119  3.1953602   53.22914  -50.46638    34.9134    34.9138     3.0468     3.0464    27.8117    27.8121    6.38367    6.31342         17 0.0000e+00
     121255   5052.255   2048.000     3.2090   3.265960     3.2090   3.265992      89.66     0.0146     2.3110     2.0333  35.164391  3.1953602   53.22914  -50.46638    34.9135    34.9139     3.0490     3.0490    27.8116    27.8119    6.39595    6.31154         17 0.0000e+00
     121272   5052.977   2047.000     3.2103   3.266041     3.2103   3.266063      62.19     0.0134     2.3108     2.0335  35.177002  3.1959009   53.22914  -50.46638    34.9136    34.9138     3.0503     3.0503    27.8116    27.8118    6.39161    6.31618         18 0.0000e+00
     121294   5053.863   2046.000     3.2110   3.266064     3.2108   3.266071      86.33     0.0150     2.3112     2.0336  35.164734  3.1968281   53.22914  -50.46637    34.9136    34.9139     3.0510     3.0508    27.8115    27.8118    6.39351    6.31367         26 0.0000e+00
     121329   5055.341   2045.000     3.2110   3.266036     3.2107   3.266013      93.79     0.0166     2.3117     2.0342  35.168438  3.1994638   53.22914  -50.46636    34.9137    34.9138     3.0512     3.0508    27.8116    27.8117    6.39340    6.31837         43 0.0000e+00
     121364   5056.774   2044.000     3.2113   3.266001     3.2112   3.266020      98.79     0.0133     2.3118     2.0345  35.169762  3.2011096   53.22914  -50.46636    34.9134    34.9138     3.0516     3.0515    27.8113    27.8116    6.38115    6.31526         24 0.0000e+00
     121384   5057.613   2043.000     3.2126   3.266072     3.2128   3.266114      93.57     0.0122     2.3118     2.0347  35.162235  3.2035527   53.22915  -50.46635    34.9134    34.9137     3.0529     3.0531    27.8112    27.8114    6.38615    6.31887         19 0.0000e+00
     121402   5058.386   2042.000     3.2145   3.266213     3.2147   3.266250      91.82     0.0126     2.3115     2.0350  35.162392  3.2040372   53.22916  -50.46634    34.9136    34.9138     3.0549     3.0551    27.8111    27.8113    6.38854    6.32056         18 0.0000e+00
     121421   5059.172   2041.000     3.2159   3.266293     3.2158   3.266317      98.51     0.0150     2.3120     2.0354  35.164070  3.2046285   53.22916  -50.46632    34.9135    34.9139     3.0564     3.0563    27.8109    27.8113    6.38855    6.31745         20 0.0000e+00
     121442   5060.027   2040.000     3.2168   3.266341     3.2176   3.266446      98.63     0.0171     2.3122     2.0355  35.161736  3.2046626   53.22916  -50.46632    34.9136    34.9141     3.0574     3.0581    27.8109    27.8112    6.38445    6.31383         21 0.0000e+00
     121463   5060.918   2039.000     3.2182   3.266417     3.2198   3.266619      21.04     0.0184     2.3119     2.0355  35.163094  3.2046630   53.22916  -50.46632    34.9136    34.9143     3.0588     3.0604    27.8108    27.8112    6.39199    6.31345         21 0.0000e+00
     121484   5061.781   2038.000     3.2211   3.266652     3.2226   3.266824      97.81     0.0186     2.3130     2.0358  35.161892  3.2056274   53.22916  -50.46631    34.9138    34.9143     3.0618     3.0632    27.8106    27.8109    6.40272    6.32418         20 0.0000e+00
     121504   5062.640   2037.000     3.2230   3.266799     3.2239   3.266902      98.62     0.0172     2.3134     2.0367  35.162170  3.2077777   53.22916  -50.46630    34.9140    34.9143     3.0637     3.0646    27.8106    27.8108    6.38862    6.32468         22 0.0000e+00
     121528   5063.644   2036.000     3.2246   3.266908     3.2248   3.266948      88.79     0.0138     2.3139     2.0368  35.164223  3.2142618   53.22916  -50.46630    34.9141    34.9143     3.0654     3.0656    27.8106    27.8107    6.39206    6.31252         28 0.0000e+00
     121563   5065.076   2035.000     3.2253   3.266921     3.2256   3.266974      97.46     0.0147     2.3142     2.0365  35.162209  3.2149050   53.22916  -50.46630    34.9140    34.9142     3.0661     3.0665    27.8104    27.8106    6.39265    6.30617         37 0.0000e+00
     121593   5066.327   2034.000     3.2263   3.266940     3.2263   3.266996      98.70     0.0121     2.3147     2.0364  35.159382  3.2148962   53.22916  -50.46628    34.9137    34.9143     3.0672     3.0673    27.8100    27.8105    6.39261    6.31224         22 0.0000e+00
     121612   5067.109   2033.000     3.2273   3.267011     3.2267   3.266981      83.34     0.0145     2.3151     2.0367  35.161892  3.2148962   53.22916  -50.46628    34.9139    34.9142     3.0683     3.0677    27.8101    27.8104    6.40036    6.31305         17 0.0000e+00
     121628   5067.779   2032.000     3.2280   3.267038     3.2275   3.267012      98.88     0.0147     2.3157     2.0367  35.161163  3.2148962   53.22916  -50.46628    34.9140    34.9142     3.0691     3.0686    27.8101    27.8103    6.39569    6.31142         16 0.0000e+00
     121643   5068.430   2031.000     3.2286   3.267061     3.2285   3.267073      98.64     0.0142     2.3157     2.0368  35.161171  3.2148962   53.22916  -50.46628    34.9141    34.9143     3.0698     3.0697    27.8101    27.8103    6.39037    6.31497         16 0.0000e+00
     121661   5069.165   2030.000     3.2291   3.267068     3.2295   3.267121      98.64     0.0129     2.3158     2.0372  35.163303  3.2167916   53.22916  -50.46626    34.9141    34.9143     3.0704     3.0707    27.8101    27.8103    6.38894    6.32224         20 0.0000e+00
     121691   5070.412   2029.000     3.2298   3.267096     3.2301   3.267131      91.65     0.0163     2.3158     2.0379  35.162971  3.2185133   53.22916  -50.46626    34.9142    34.9143     3.0711     3.0715    27.8101    27.8101    6.38621    6.31683         46 0.0000e+00
     121739   5072.422   2028.000     3.2286   3.266929     3.2285   3.266932      89.85     0.0178     2.3162     2.0385  35.161030  3.2256095   53.22916  -50.46626    34.9139    34.9141     3.0701     3.0700    27.8099    27.8101    6.39104    6.31415         31 0.0000e+00
     121757   5073.155   2027.000     3.2308   3.267085     3.2321   3.267236      98.71     0.0141     2.3159     2.0382  35.161171  3.2203515   53.22916  -50.46624    34.9139    34.9145     3.0724     3.0736    27.8098    27.8101    6.37965    6.30908         16 0.0000e+00
     121772   5073.773   2026.000     3.2359   3.267487     3.2360   3.267550      98.64     0.0145     2.3160     2.0383  35.161697  3.2204783   53.22916  -50.46624    34.9138    34.9145     3.0775     3.0776    27.8092    27.8097    6.38771    6.31022         14 0.0000e+00
     121785   5074.349   2025.000     3.2385   3.267687     3.2384   3.267711      98.63     0.0120     2.3165     2.0383  35.160656  3.2225535   53.22916  -50.46624    34.9139    34.9143     3.0802     3.0800    27.8090    27.8094    6.38095    6.31152         14 0.0000e+00
     121799   5074.935   2024.000     3.2398   3.267758     3.2400   3.267801      83.28     0.0127     2.3159     2.0388  35.159607  3.2232652   53.22916  -50.46622    34.9139    34.9142     3.0814     3.0816    27.8089    27.8092    6.38424    6.31412         14 0.0000e+00
     121815   5075.581   2023.000     3.2407   3.267810     3.2413   3.267878      94.89     0.0126     2.3163     2.0388  35.157516  3.2246587   53.22916  -50.46622    34.9141    34.9143     3.0824     3.0830    27.8089    27.8090    6.38247    6.31103         17 0.0000e+00
     121835   5076.419   2022.000     3.2415   3.267839     3.2419   3.267889      98.47     0.0185     2.3164     2.0388  35.157509  3.2246642   53.22916  -50.46622    34.9140    34.9142     3.0834     3.0837    27.8088    27.8089    6.38143    6.30836         25 0.0000e+00
     121878   5078.226   2021.000     3.2402   3.267689     3.2393   3.267615      81.31     0.0150     2.3166     2.0389  35.157509  3.2263854   53.22916  -50.46621    34.9141    34.9142     3.0822     3.0812    27.8090    27.8092    6.38521    6.30690         58 0.0000e+00
     121919   5079.913   2020.000     3.2384   3.267470     3.2376   3.267416      86.20     0.0108     2.3170     2.0392  35.157509  3.2333090   53.22916  -50.46620    34.9138    34.9140     3.0805     3.0797    27.8089    27.8092    6.38055    6.31063         23 0.0000e+00
     121938   5080.708   2019.000     3.2406   3.267612     3.2392   3.267528      98.16     0.0132     2.3172     2.0392  35.157509  3.2315598   53.22916  -50.46620    34.9137    34.9142     3.0827     3.0814    27.8086    27.8091    6.38475    6.30874         17 0.0000e+00
     121954   5081.383   2018.000     3.2428   3.267778     3.2418   3.267716      98.64     0.0133     2.3175     2.0394  35.161465  3.2285335   53.22916  -50.46620    34.9138    34.9141     3.0850     3.0840    27.8085    27.8088    6.38138    6.31023         15 0.0000e+00
     121969   5082.014   2017.000     3.2432   3.267783     3.2426   3.267746      98.64     0.0127     2.3169     2.0396  35.158421  3.2279060   53.22916  -50.46618    34.9139    34.9142     3.0855     3.0849    27.8086    27.8088    6.38902    6.30627         15 0.0000e+00
     121984   5082.633   2016.000     3.2434   3.267764     3.2431   3.267754      92.28     0.0150     2.3180     2.0393  35.157497  3.2298977   53.22916  -50.46618    34.9139    34.9142     3.0858     3.0854    27.8085    27.8088    6.39552    6.30275         15 0.0000e+00
     122000   5083.296   2015.000     3.2437   3.267754     3.2432   3.267713      86.08     0.0149     2.3183     2.0397  35.152302  3.2344646   53.22916  -50.46618    34.9141    34.9141     3.0862     3.0856    27.8086    27.8087    6.38569    6.31005         17 0.0000e+00
     122019   5084.098   2014.000     3.2438   3.267724     3.2433   3.267698      55.70     0.0154     2.3184     2.0398  35.154259  3.2344322   53.22916  -50.46616    34.9141    34.9142     3.0864     3.0859    27.8086    27.8088    6.38058    6.31354         23 0.0000e+00
     122050   5085.375   2013.000     3.2438   3.267684     3.2432   3.267643      96.58     0.0163     2.3187     2.0403  35.157356  3.2344322   53.22916  -50.46616    34.9141    34.9142     3.0864     3.0859    27.8086    27.8087    6.38486    6.30439         40 0.0000e+00
     122088   5086.966   2012.000     3.2439   3.267639     3.2424   3.267522      98.63     0.0150     2.3191     2.0402  35.157509  3.2344322   53.22916  -50.46616    34.9138    34.9141     3.0867     3.0852    27.8084    27.8087    6.38611    6.30618         30 0.0000e+00
     122113   5087.992   2011.000     3.2444   3.267636     3.2437   3.267606      83.67     0.0150     2.3193     2.0404  35.158184  3.2344322   53.22916  -50.46616    34.9138    34.9142     3.0873     3.0865    27.8083    27.8087    6.38678    6.30971         22 0.0000e+00
     122134   5088.881   2010.000     3.2447   3.267633     3.2443   3.267610      98.45     0.0155     2.3198     2.0409  35.158176  3.2344322   53.22916  -50.46615    34.9139    34.9141     3.0877     3.0872    27.8083    27.8085    6.38735    6.31687         22 0.0000e+00
     122157   5089.832   2009.000     3.2451   3.267626     3.2446   3.267605      82.02     0.0151     2.3198     2.0415  35.157524  3.2344322   53.22916  -50.46614    34.9139    34.9142     3.0881     3.0876    27.8083    27.8086    6.38560    6.31232         24 0.0000e+00
     122185   5091.020   2008.000     3.2454   3.267621     3.2448   3.267590      69.49     0.0141     2.3199     2.0413  35.156593  3.2371776   53.22916  -50.46614    34.9140    34.9143     3.0885     3.0879    27.8083    27.8086    6.37593    6.30075         32 0.0000e+00
     122217   5092.334   2007.000     3.2455   3.267585     3.2449   3.267552      95.58     0.0156     2.3203     2.0412  35.157028  3.2386904   53.22916  -50.46612    34.9140    34.9142     3.0887     3.0881    27.8083    27.8085    6.38618    6.30796         30 0.0000e+00
     122245   5093.485   2006.000     3.2457   3.267558     3.2463   3.267635      89.50     0.0153     2.3204     2.0419  35.156380  3.2442265   53.22916  -50.46612    34.9139    34.9142     3.0890     3.0940    27.8082    27.8084    6.38744    6.31558         26 0.0000e+00
     122270   5094.551   2005.000     3.2467   3.267620     3.2473   3.267692      98.37     0.0175     2.3208     2.0422  35.153790  3.2442002   53.22918  -50.46611    34.9140    34.9143     3.0901     3.0908    27.8082    27.8084    6.38532    6.30848         27 0.0000e+00
     122314   5096.384   2004.000     3.2480   3.267701     3.2473   3.267651      78.03     0.0182     2.3208     2.0425  35.145298  3.2442002   53.22918  -50.46610    34.9141    34.9143     3.0915     3.0925    27.8081    27.8083    6.37904    6.30849         63 0.0000e+00
     122362   5098.383   2003.000     3.2483   3.267663     3.2470   3.267577      99.70     0.0169     2.3209     2.0427  35.148289  3.2442002   53.22918  -50.46610    34.9138    34.9142     3.0919     3.0905    27.8078    27.8083    6.38001    6.30738         25 0.0000e+00
     122381   5099.187   2002.000     3.2490   3.267694     3.2478   3.267618      98.64     0.0169     2.3213     2.0427  35.155876  3.2436578   53.22918  -50.46608    34.9139    34.9144     3.0926     3.0914    27.8079    27.8083    6.38454    6.30675         18 0.0000e+00
     122401   5099.991   2001.000     3.2493   3.267690     3.2485   3.267643      98.64     0.0134     2.3213     2.0429  35.157490  3.2441940   53.22918  -50.46608    34.9140    34.9144     3.0930     3.0976    27.8079    27.8083    6.38199    6.30703         21 0.0000e+00
