data/CTD/2014/CNV/u017a052.cnv
* Sea-Bird SBE 9 Data File:
* FileName = C:\CTD_ACQUISITION\2014017HUD\ctddata\017A052.hdr
* Software Version Seasave V 7.22.2
* Temperature SN = 5081
* Conductivity SN = 3561
* Number of Bytes Per Scan = 37
* Number of Voltage Words = 4
* Number of Scans Averaged by the Deck Unit = 1
* NMEA Latitude = 43 42.60 N
* NMEA Longitude = 059 07.70 W
* NMEA UTC (Time) = Jul 13 2014 07:26:46
* NMEA baud rate = 9600
** Ship: Hudson
** Cruise: HUD2014017
** Chief_Scientist: Blair Greenan
** Organization: BIO
** Area_of_Operation: Sackville Spur
** Station: 052
** Sounding:  245
** Event_Comments: LC1, 0
** Microcat calibration. No bottles.
# nquan = 25
# nvalues = 231                         
# units = specified
# name 0 = scan: Scan Count
# name 1 = timeS: Time, Elapsed [seconds]
# name 2 = prDM: Pressure, Digiquartz [db]
# name 3 = t068C: Temperature [ITS-68, deg C]
# name 4 = c0S/m: Conductivity [S/m]
# name 5 = t168C: Temperature, 2 [ITS-68, deg C]
# name 6 = c1S/m: Conductivity, 2 [S/m]
# name 7 = altM: Altimeter [m]
# name 8 = flC: Fluorescence, Chelsea Aqua 3 Chl Con [ug/l]
# name 9 = sbeox0V: Oxygen raw, SBE 43 [V]
# name 10 = sbeox1V: Oxygen raw, SBE 43, 2 [V]
# name 11 = upoly0: Upoly 0, Optode 4330F - O2 D-Phase
# name 12 = upoly1: Upoly 1, Optode 4330F - O2 Temp
# name 13 = latitude: Latitude [deg]
# name 14 = longitude: Longitude [deg]
# name 15 = sal00: Salinity, Practical [PSU]
# name 16 = sal11: Salinity, Practical, 2 [PSU]
# name 17 = potemp068C: Potential Temperature [ITS-68, deg C]
# name 18 = potemp168C: Potential Temperature, 2 [ITS-68, deg C]
# name 19 = sigma-é00: Density [sigma-theta, Kg/m^3]
# name 20 = sigma-é11: Density, 2 [sigma-theta, Kg/m^3]
# name 21 = sbeox0ML/L: Oxygen, SBE 43 [ml/l], WS = 2
# name 22 = sbeox1ML/L: Oxygen, SBE 43, 2 [ml/l], WS = 2
# name 23 = nbin: number of scans per bin
# name 24 = flag: flag
# span 0 =      19887,     138225       
# span 1 =    828.579,   5759.327       
# span 2 =      1.000,    231.000       
# span 3 =     3.5344,    13.4075       
# span 4 =   3.041895,   4.107758       
# span 5 =     3.5327,    13.4732       
# span 6 =   3.041426,   4.107820       
# span 7 =      19.46,     101.03       
# span 8 =     0.0104,     0.1615       
# span 9 =     2.1586,     3.4790       
# span 10 =     1.8647,     3.0548      
# span 11 =  29.278467,  37.642605      
# span 12 =  3.5755672,  11.680053      
# span 13 =   43.70345,   43.70926      
# span 14 =  -59.13642,  -59.12973      
# span 15 =    31.8768,    35.4365      
# span 16 =    31.8986,    35.4520      
# span 17 =     3.5322,    13.4074      
# span 18 =     3.5305,    13.4731      
# span 19 =    23.8948,    27.1459      
# span 20 =    23.8987,    27.1449      
# span 21 =    4.01529,    7.90401      
# span 22 =    3.81976,    7.94717      
# span 23 =         15,        109      
# span 24 = 0.0000e+00, 0.0000e+00      
# interval = decibars: 1                
# start_time = Jul 13 2014 07:26:46 [NMEA time, header]
# bad_flag = -9.990e-29
*END*
[from data line 116]
      80344   3347.615    115.000    10.8299   3.871773    10.7472   3.858439      39.04     0.0259     2.8349     2.4472  32.981018  10.874893   43.70556  -59.13468    34.7895    34.7342    10.8159    10.7333    26.6452    26.6169    5.42773    5.20238         22 0.0000e+00
      80370   3348.700    114.000    10.7104   3.857284    10.6415   3.844376      89.89     0.0285     2.8448     2.4519  32.975506  10.806761   43.70556  -59.13468    34.7581    34.6937    10.6966    10.6279    26.6420    26.6040    5.46670    5.23893         30 0.0000e+00
      80401   3349.992    113.000    10.5423   3.836480    10.4356   3.816052      98.81     0.0282     2.8556     2.4591  32.959278  10.486244   43.70556  -59.13468    34.7089    34.6041    10.5289    10.4223    26.6334    26.5703    5.50743    5.28435         29 0.0000e+00
      80427   3351.063    112.000    10.2880   3.805048    10.0739   3.768955      85.51     0.0319     2.8637     2.4665  32.959705  10.377690   43.70556  -59.13470    34.6337    34.4707    10.2749    10.0610    26.6190    26.5286    5.55473    5.34582         23 0.0000e+00
      80447   3351.930    111.000     9.9555   3.763868     9.7368   3.730322      98.81     0.0310     2.8698     2.4729  32.959705  10.279287   43.70555  -59.13470    34.5322    34.3975     9.9428     9.7243    26.5968    26.5283    5.60860    5.39837         19 0.0000e+00
      80466   3352.723    110.000     9.6928   3.732391     9.5233   3.707369      98.62     0.0326     2.8753     2.4768  32.966248  10.280103   43.70554  -59.13470    34.4613    34.3659     9.6805     9.5111    26.5855    26.5390    5.64574    5.43284         20 0.0000e+00
      80486   3353.555    109.000     9.4957   3.709283     9.3413   3.685486      98.62     0.0348     2.8785     2.4798  33.035519  10.097270   43.70554  -59.13470    34.4126    34.3144     9.4836     9.3294    26.5801    26.5285    5.66558    5.46906         21 0.0000e+00
      80510   3354.537    108.000     9.2768   3.683739     9.1253   3.660180      69.46     0.0331     2.8814     2.4849  33.039131  10.122679   43.70554  -59.13470    34.3587    34.2593     9.2650     9.1136    26.5736    26.5203    5.69072    5.50748         26 0.0000e+00
      80538   3355.714    107.000     9.0238   3.654424     8.9184   3.637932      79.25     0.0295     2.8827     2.4878  33.134315  9.4824371   43.70554  -59.13470    34.2974    34.2265     9.0123     8.9070    26.5663    26.5275    5.71900    5.54074         30 0.0000e+00
      80574   3357.216    106.000     8.8107   3.630591     8.7604   3.620013      97.04     0.0292     2.8834     2.4917  33.101727  9.3425980   43.70554  -59.13470    34.2538    34.1913     8.7995     8.7492    26.5659    26.5248    5.74352    5.58208         39 0.0000e+00
      80607   3358.592    105.000     8.6764   3.615605     8.6369   3.607332      92.29     0.0296     2.8843     2.4953  33.073219  9.2265892   43.70554  -59.13470    34.2265    34.1775     8.6655     8.6260    26.5654    26.5331    5.76699    5.60551         29 0.0000e+00
      80637   3359.831    104.000     8.5802   3.604833     8.5469   3.598115      98.61     0.0256     2.8850     2.4969  33.041523  9.1259604   43.70554  -59.13470    34.2064    34.1677     8.5694     8.5362    26.5646    26.5393    5.78011    5.61574         31 0.0000e+00
      80672   3361.294    103.000     8.5035   3.596270     8.4848   3.591859      85.29     0.0285     2.8855     2.4966  32.987946  9.1090307   43.70554  -59.13470    34.1907    34.1622     8.4929     8.4742    26.5640    26.5445    5.77940    5.60726         41 0.0000e+00
      80717   3363.172    102.000     8.4093   3.585791     8.3882   3.580020      80.93     0.0290     2.8808     2.4924  32.950275  9.1316643   43.70554  -59.13470    34.1715    34.1308     8.3989     8.3777    26.5634    26.5347    5.76521    5.60728         46 0.0000e+00
      80759   3364.908    101.000     8.3238   3.576274     8.3172   3.573604      98.54     0.0258     2.8769     2.4951  32.902828  8.9139318   43.70554  -59.13470    34.1539    34.1320     8.3135     8.3070    26.5626    26.5463    5.79027    5.68140         39 0.0000e+00
      80801   3366.652    100.000     8.2888   3.572590     8.2826   3.569780      98.62     0.0297     2.8863     2.5065  32.861179  8.8932743   43.70554  -59.13470    34.1493    34.1254     8.2787     8.2725    26.5642    26.5464    5.86920    5.70382         46 0.0000e+00
      86543   3605.911     99.000     7.8699   3.525975     7.8714   3.524884      89.56     0.0316     2.8919     2.5201  32.924309  7.7597413   43.70535  -59.13493    34.0571    34.0452     7.8602     7.8617    26.5535    26.5441    5.91887    5.79960         76 0.0000e+00
     110062   4585.871     98.000     7.9231   3.531875     7.9109   3.529752      84.68     0.0283     2.8833     2.5132  32.821369  8.0188780   43.70457  -59.13578    34.0715    34.0604     7.9134     7.9013    26.5578    26.5508    5.80252    5.70203         61 0.0000e+00
     106655   4443.930     97.000     7.8820   3.527061     7.8571   3.522937      79.00     0.0285     2.8758     2.5145  32.834454  7.9913616   43.70470  -59.13566    34.0600    34.0400     7.8725     7.8476    26.5547    26.5426    5.86386    5.79718         22 0.0000e+00
     106674   4444.704     96.000     7.8443   3.522617     7.8115   3.517479      99.00     0.0275     2.8824     2.5195  32.836006  7.9914532   43.70470  -59.13566    34.0496    34.0263     7.8349     7.8022    26.5520    26.5384    5.94547    5.82608         18 0.0000e+00
     106691   4445.422     95.000     7.8051   3.518040     7.7661   3.511772      98.63     0.0272     2.8928     2.5252  32.834724  7.9914532   43.70470  -59.13566    34.0390    34.0097     7.7959     7.7568    26.5494    26.5320    5.99777    5.84634         17 0.0000e+00
     106710   4446.201     94.000     7.7558   3.512174     7.7102   3.504316      40.47     0.0291     2.9037     2.5298  32.838272  7.9914532   43.70468  -59.13566    34.0245    33.9843     7.7466     7.7011    26.5452    26.5202    6.02190    5.86084         21 0.0000e+00
     106733   4447.181     93.000     7.6559   3.500615     7.4971   3.474576      96.75     0.0314     2.9150     2.5361  32.908901  7.8615694   43.70468  -59.13566    33.9979    33.8711     7.6469     7.4882    26.5386    26.4616    6.04479    5.89633         27 0.0000e+00
     106765   4448.520     92.000     7.2253   3.450754     7.0057   3.413655      83.57     0.0323     2.9265     2.5444  32.967678  7.7452774   43.70468  -59.13566    33.8784    33.6878     7.2167     6.9973    26.5054    26.3856    6.12173    5.98368         35 0.0000e+00
     106796   4449.800     91.000     6.7371   3.394991     6.5838   3.369722      70.05     0.0327     2.9360     2.5515  33.067898  7.4779186   43.70468  -59.13566    33.7467    33.6182     6.7290     6.5759    26.4682    26.3872    6.21130    6.07677         26 0.0000e+00
     106818   4450.728     90.000     6.5135   3.369927     6.4409   3.359698      99.22     0.0318     2.9421     2.5557  33.065350  7.4756365   43.70468  -59.13566    33.6901    33.6480     6.5057     6.4332    26.4532    26.4294    6.25126    6.11137         19 0.0000e+00
     106837   4451.491     89.000     6.4437   3.362593     6.3827   3.352878      98.62     0.0296     2.9454     2.5578  33.069660  7.3051672   43.70468  -59.13566    33.6780    33.6301     6.4360     6.3751    26.4527    26.4228    6.24964    6.12014         18 0.0000e+00
     106854   4452.206     88.000     6.3793   3.355752     6.2729   3.339260      32.54     0.0288     2.9465     2.5595  33.070885  7.3082652   43.70468  -59.13566    33.6659    33.5871     6.3718     6.2654    26.4515    26.4029    6.25060    6.14486         17 0.0000e+00
     106872   4452.951     87.000     6.2589   3.342525     6.1592   3.328067      90.65     0.0280     2.9477     2.5629  33.118073  7.2273078   43.70468  -59.13566    33.6379    33.5748     6.2515     6.1519    26.4447    26.4076    6.27196    6.18185         19 0.0000e+00
     106893   4453.848     86.000     6.1405   3.329641     6.0754   3.319879      98.41     0.0286     2.9492     2.5669  33.191364  7.0966964   43.70468  -59.13566    33.6115    33.5664     6.1332     6.0682    26.4389    26.4115    6.30242    6.21004         25 0.0000e+00
     106925   4455.173     85.000     6.0234   3.317123     5.9740   3.308454      65.31     0.0333     2.9533     2.5719  33.176975  6.8930206   43.70468  -59.13566    33.5875    33.5390     6.0163     5.9670    26.4347    26.4025    6.32448    6.22739         38 0.0000e+00
     106959   4456.598     84.000     5.9031   3.304195     5.8676   3.296186     100.04     0.0330     2.9541     2.5722  33.163204  6.7296104   43.70468  -59.13566    33.5618    33.5068     5.8962     5.8607    26.4293    26.3902    6.32623    6.21434         27 0.0000e+00
     106981   4457.506     83.000     5.8189   3.295191     5.7516   3.284111      98.63     0.0296     2.9534     2.5702  33.135349  6.5373049   43.70468  -59.13566    33.5444    33.4860     5.8122     5.7449    26.4258    26.3879    6.31951    6.22291         19 0.0000e+00
     106998   4458.222     82.000     5.7333   3.285789     5.6853   3.278147      27.55     0.0342     2.9503     2.5696  33.135532  6.5451112   43.70468  -59.13568    33.5236    33.4848     5.7267     5.6787    26.4199    26.3950    6.32193    6.24512         16 0.0000e+00
     107014   4458.892     81.000     5.6814   3.280194     5.6527   3.275260      89.18     0.0360     2.9493     2.5696  33.155556  6.5257597   43.70468  -59.13568    33.5124    33.4851     5.6749     5.6462    26.4173    26.3991    6.34441    6.26836         16 0.0000e+00
     107032   4459.618     80.000     5.6491   3.276798     5.6257   3.272557      98.53     0.0357     2.9497     2.5717  33.202908  6.4692473   43.70468  -59.13568    33.5066    33.4817     5.6427     5.6193    26.4165    26.3997    6.36968    6.28628         19 0.0000e+00
     107056   4460.623     79.000     5.6081   3.272494     5.5759   3.267166      65.66     0.0350     2.9528     2.5739  33.208111  6.4293451   43.70468  -59.13568    33.4991    33.4706     5.6018     5.5696    26.4155    26.3968    6.40239    6.30709         31 0.0000e+00
     107091   4462.094     78.000     5.5307   3.264153     5.4920   3.256614      81.77     0.0360     2.9596     2.5809  33.216633  6.2460561   43.70468  -59.13568    33.4818    33.4345     5.5245     5.4859    26.4111    26.3782    6.43669    6.35863         35 0.0000e+00
     107118   4463.227     77.000     5.4240   3.252712     5.3357   3.237770      98.90     0.0374     2.9642     2.5861  33.180321  6.0826359   43.70468  -59.13568    33.4583    33.3758     5.4180     5.3297    26.4051    26.3501    6.46091    6.37780         21 0.0000e+00
     107137   4463.992     76.000     5.2906   3.238179     5.1633   3.218868      53.17     0.0383     2.9666     2.5881  33.165009  6.0002694   43.70468  -59.13568    33.4260    33.3318     5.2847     5.1575    26.3950    26.3350    6.48736    6.40873         17 0.0000e+00
     107153   4464.669     75.000     5.1457   3.222517     5.0476   3.207743      64.46     0.0388     2.9695     2.5917  33.164837  5.9999824   43.70468  -59.13568    33.3918    33.3199     5.1400     5.0420    26.3846    26.3388    6.51976    6.44976         16 0.0000e+00
     107170   4465.360     74.000     5.0423   3.211363     4.9718   3.199972      97.89     0.0368     2.9718     2.5942  33.294666  5.9988055   43.70468  -59.13568    33.3674    33.3067     5.0368     4.9663    26.3770    26.3368    6.53880    6.46358         17 0.0000e+00
     107189   4466.162     73.000     4.9578   3.202364     4.9040   3.193572      74.69     0.0351     2.9743     2.5957  33.303825  5.9987788   43.70468  -59.13568    33.3488    33.3012     4.9524     4.8986    26.3717    26.3400    6.54787    6.46522         22 0.0000e+00
     107216   4467.286     72.000     4.8739   3.193505     4.8386   3.187860      42.95     0.0347     2.9750     2.5959  33.284363  5.7252531   43.70468  -59.13568    33.3311    33.3012     4.8686     4.8333    26.3670    26.3472    6.54429    6.46958         32 0.0000e+00
     107249   4468.681     71.000     4.8191   3.187576     4.8166   3.185632     101.03     0.0340     2.9742     2.5964  33.268669  5.5550547   43.70468  -59.13568    33.3179    33.2979     4.8139     4.8115    26.3626    26.3470    6.54690    6.48366         31 0.0000e+00
     107276   4469.772     70.000     4.8056   3.185580     4.7977   3.182853      73.92     0.0373     2.9738     2.5956  33.222523  5.4097061   43.70468  -59.13568    33.3089    33.2852     4.8005     4.7926    26.3569    26.3390    6.55455    6.46599         23 0.0000e+00
     107296   4470.615     69.000     4.7858   3.183182     4.7778   3.181035      57.15     0.0384     2.9743     2.5944  33.223442  5.4132061   43.70468  -59.13568    33.3014    33.2846     4.7808     4.7728    26.3532    26.3407    6.55824    6.47312         19 0.0000e+00
     107314   4471.385     68.000     4.7702   3.181535     4.7623   3.179581      95.37     0.0383     2.9743     2.5942  33.223442  5.3795452   43.70468  -59.13568    33.2986    33.2839     4.7652     4.7573    26.3526    26.3418    6.56108    6.48770         18 0.0000e+00
     107332   4472.130     67.000     4.7576   3.180116     4.7507   3.177868      22.94     0.0437     2.9748     2.5955  33.223442  5.3748040   43.70468  -59.13568    33.2952    33.2761     4.7527     4.7458    26.3513    26.3369    6.56726    6.50647         18 0.0000e+00
     107351   4472.897     66.000     4.7424   3.178246     4.7087   3.171847      84.92     0.0420     2.9754     2.5978  33.220436  5.3435798   43.70468  -59.13568    33.2893    33.2488     4.7377     4.7040    26.3483    26.3198    6.58047    6.52335         19 0.0000e+00
     107371   4473.764     65.000     4.6817   3.171384     4.6086   3.159792      98.24     0.0413     2.9777     2.6005  33.217793  5.2780948   43.70468  -59.13568    33.2711    33.2096     4.6770     4.6040    26.3404    26.2995    6.60328    6.54024         23 0.0000e+00
     107398   4474.884     64.000     4.5531   3.157057     4.4891   3.147514      60.69     0.0361     2.9802     2.6025  33.226944  5.2181349   43.70468  -59.13568    33.2340    33.1870     4.5486     4.4846    26.3248    26.2943    6.62292    6.54696         31 0.0000e+00
     107431   4476.242     63.000     4.4208   3.142851     4.3619   3.132505      94.73     0.0370     2.9805     2.6020  33.247215  5.1155267   43.70468  -59.13568    33.2017    33.1398     4.4164     4.3576    26.3131    26.2701    6.61792    6.56795         30 0.0000e+00
     107456   4477.300     62.000     4.2904   3.129019     4.2163   3.116044      98.77     0.0405     2.9778     2.6035  33.227615  5.0239353   43.70468  -59.13570    33.1715    33.0937     4.2861     4.2121    26.3027    26.2486    6.63348    6.61629         22 0.0000e+00
     107476   4478.116     61.000     4.1741   3.116712     4.1154   3.108613      38.96     0.0425     2.9775     2.6061  33.223377  4.9949603   43.70468  -59.13570    33.1446    33.1084     4.1700     4.1113    26.2933    26.2705    6.68258    6.64765         18 0.0000e+00
     107494   4478.876     60.000     4.1131   3.110389     4.0825   3.105928      81.55     0.0436     2.9803     2.6076  33.228848  4.9638419   43.70468  -59.13570    33.1321    33.1105     4.1091     4.0785    26.2896    26.2755    6.71779    6.65969         19 0.0000e+00
     107514   4479.697     59.000     4.0817   3.107242     4.0661   3.104442      65.29     0.0411     2.9832     2.6098  33.243469  4.8854151   43.70468  -59.13570    33.1273    33.1100     4.0777     4.0622    26.2889    26.2767    6.72726    6.67075         21 0.0000e+00
