data/CTD/2014/CNV/u017a036.cnv
* Sea-Bird SBE 9 Data File:
* FileName = C:\CTD_ACQUISITION\2014017HUD\ctddata\017A036.hdr
* Software Version Seasave V 7.22.2
* Temperature SN = 5081
* Conductivity SN = 3561
* Number of Bytes Per Scan = 37
* Number of Voltage Words = 4
* Number of Scans Averaged by the Deck Unit = 1
* NMEA Latitude = 48 26.48 N
* NMEA Longitude = 046 40.75 W
* NMEA UTC (Time) = Jul 09 2014 20:04:18
* NMEA baud rate = 9600
** Ship: Hudson
** Cruise: HUD2014017
** Chief_Scientist: Blair Greenan
** Organization: BIO
** Area_of_Operation: Sackville Spur
** Station: 036
** Sounding:  2091
** Event_Comments: SS-08 403206
# nquan = 25
# nvalues = 2164                        
# units = specified
# name 0 = scan: Scan Count
# name 1 = timeS: Time, Elapsed [seconds]
# name 2 = prDM: Pressure, Digiquartz [db]
# name 3 = t068C: Temperature [ITS-68, deg C]
# name 4 = c0S/m: Conductivity [S/m]
# name 5 = t168C: Temperature, 2 [ITS-68, deg C]
# name 6 = c1S/m: Conductivity, 2 [S/m]
# name 7 = altM: Altimeter [m]
# name 8 = flC: Fluorescence, Chelsea Aqua 3 Chl Con [ug/l]
# name 9 = sbeox0V: Oxygen raw, SBE 43 [V]
# name 10 = sbeox1V: Oxygen raw, SBE 43, 2 [V]
# name 11 = upoly0: Upoly 0, Optode 4330F - O2 D-Phase
# name 12 = upoly1: Upoly 1, Optode 4330F - O2 Temp
# name 13 = latitude: Latitude [deg]
# name 14 = longitude: Longitude [deg]
# name 15 = sal00: Salinity, Practical [PSU]
# name 16 = sal11: Salinity, Practical, 2 [PSU]
# name 17 = potemp068C: Potential Temperature [ITS-68, deg C]
# name 18 = potemp168C: Potential Temperature, 2 [ITS-68, deg C]
# name 19 = sigma-é00: Density [sigma-theta, Kg/m^3]
# name 20 = sigma-é11: Density, 2 [sigma-theta, Kg/m^3]
# name 21 = sbeox0ML/L: Oxygen, SBE 43 [ml/l], WS = 2
# name 22 = sbeox1ML/L: Oxygen, SBE 43, 2 [ml/l], WS = 2
# name 23 = nbin: number of scans per bin
# name 24 = flag: flag
# span 0 =      65024,     118201       
# span 1 =   2709.282,   4924.983       
# span 2 =      1.000,   2164.000       
# span 3 =    -0.3691,     8.3236       
# span 4 =   2.769592,   3.475631       
# span 5 =    -0.3714,     8.3217       
# span 6 =   2.769843,   3.475491       
# span 7 =       2.05,     110.20       
# span 8 =     0.0061,     1.2048       
# span 9 =     2.2664,     3.8192       
# span 10 =     2.0049,     3.3884      
# span 11 =  29.824846,  35.345711      
# span 12 = -0.1164409,  8.2983027      
# span 13 =   48.44478,   48.44666      
# span 14 =  -46.66666,  -46.66045      
# span 15 =    33.0481,    34.9159      
# span 16 =    33.0948,    34.9158      
# span 17 =    -0.3703,     8.3235      
# span 18 =    -0.3726,     8.3216      
# span 19 =    25.7605,    27.8349      
# span 20 =    25.7607,    27.8349      
# span 21 =    6.28716,   10.64197      
# span 22 =    6.21739,   10.50960      
# span 23 =         11,         73      
# span 24 = 0.0000e+00, 0.0000e+00      
# interval = decibars: 1                
# start_time = Jul 09 2014 20:04:18 [NMEA time, header]
# bad_flag = -9.990e-29
*END*
[from data line 928]
      87573   3648.832   1236.000     3.6952   3.275191     3.6945   3.275112      47.87     0.0176     2.5194     2.2154  34.630035  3.6963158   48.44592  -46.66328    34.9084    34.9082     3.6015     3.6008    27.7542    27.7541    6.33578    6.27924         21 0.0000e+00
      87597   3649.815   1235.000     3.6951   3.275140     3.6945   3.275076      82.63     0.0175     2.5200     2.2155  34.630035  3.6985528   48.44592  -46.66328    34.9084    34.9082     3.6015     3.6010    27.7542    27.7541    6.33448    6.27787         27 0.0000e+00
      87627   3651.064   1234.000     3.6952   3.275102     3.6946   3.275028      98.92     0.0166     2.5204     2.2155  34.630516  3.7027416   48.44592  -46.66328    34.9084    34.9081     3.6017     3.6011    27.7542    27.7540    6.33812    6.27488         31 0.0000e+00
      87654   3652.198   1233.000     3.6952   3.275055     3.6946   3.274982      88.81     0.0157     2.5209     2.2158  34.630020  3.7033145   48.44594  -46.66328    34.9083    34.9081     3.6018     3.6012    27.7541    27.7540    6.33037    6.27425         23 0.0000e+00
      87673   3652.988   1232.000     3.6956   3.275041     3.6948   3.274956      98.74     0.0153     2.5208     2.2153  34.630035  3.7032967   48.44594  -46.66328    34.9082    34.9081     3.6023     3.6015    27.7539    27.7539    6.33201    6.26995         16 0.0000e+00
      87689   3653.658   1231.000     3.6959   3.275018     3.6951   3.274942      98.63     0.0141     2.5212     2.2157  34.630035  3.7026751   48.44594  -46.66328    34.9081    34.9081     3.6026     3.6018    27.7539    27.7539    6.33491    6.27283         16 0.0000e+00
      87705   3654.313   1230.000     3.6958   3.274974     3.6951   3.274906      98.63     0.0133     2.5209     2.2153  34.615368  3.7026861   48.44594  -46.66328    34.9083    34.9081     3.6026     3.6020    27.7540    27.7539    6.33520    6.26835         16 0.0000e+00
      87723   3655.065   1229.000     3.6957   3.274929     3.6948   3.274843      98.63     0.0112     2.5219     2.2153  34.615383  3.7028279   48.44594  -46.66330    34.9083    34.9082     3.6026     3.6018    27.7540    27.7540    6.33586    6.26166         21 0.0000e+00
      87752   3656.311   1228.000     3.6955   3.274876     3.6946   3.274775      98.63     0.0101     2.5219     2.2143  34.625713  3.6991065   48.44594  -46.66330    34.9084    34.9081     3.6025     3.6016    27.7541    27.7540    6.33521    6.25686         39 0.0000e+00
      87785   3657.674   1227.000     3.6955   3.274822     3.6947   3.274727      98.64     0.0121     2.5224     2.2137  34.628872  3.6986091   48.44594  -46.66328    34.9082    34.9079     3.6026     3.6018    27.7539    27.7538    6.33503    6.26058         23 0.0000e+00
      87805   3658.495   1226.000     3.6952   3.274756     3.6943   3.274664      98.63     0.0130     2.5229     2.2140  34.620937  3.6934323   48.44594  -46.66328    34.9083    34.9081     3.6024     3.6015    27.7540    27.7540    6.33725    6.26839         18 0.0000e+00
      87822   3659.220   1225.000     3.6949   3.274692     3.6941   3.274602      98.63     0.0152     2.5229     2.2142  34.619671  3.6935287   48.44594  -46.66328    34.9083    34.9081     3.6022     3.6014    27.7541    27.7540    6.33493    6.27048         17 0.0000e+00
      87840   3659.965   1224.000     3.6948   3.274642     3.6942   3.274568      54.14     0.0178     2.5234     2.2149  34.623901  3.6976781   48.44594  -46.66330    34.9084    34.9081     3.6021     3.6016    27.7541    27.7539    6.34262    6.27525         19 0.0000e+00
      87861   3660.826   1223.000     3.6948   3.274600     3.6944   3.274539      97.33     0.0196     2.5241     2.2153  34.628662  3.7015433   48.44594  -46.66330    34.9084    34.9080     3.6022     3.6019    27.7541    27.7539    6.33502    6.26819         24 0.0000e+00
      87891   3662.096   1222.000     3.6949   3.274564     3.6944   3.274498      98.64     0.0189     2.5238     2.2153  34.621109  3.6965530   48.44594  -46.66330    34.9084    34.9081     3.6024     3.6019    27.7541    27.7539    6.33526    6.26437         37 0.0000e+00
      87925   3663.482   1221.000     3.6948   3.274510     3.6944   3.274448      98.63     0.0151     2.5246     2.2154  34.615101  3.6942022   48.44596  -46.66330    34.9083    34.9080     3.6024     3.6020    27.7540    27.7538    6.33858    6.26517         25 0.0000e+00
      87946   3664.355   1220.000     3.6950   3.274479     3.6944   3.274409      98.64     0.0144     2.5248     2.2155  34.615383  3.7024608   48.44596  -46.66328    34.9082    34.9080     3.6027     3.6021    27.7539    27.7538    6.33925    6.26781         19 0.0000e+00
      87963   3665.099   1219.000     3.6952   3.274456     3.6946   3.274378      98.63     0.0144     2.5253     2.2158  34.615383  3.7027509   48.44596  -46.66328    34.9082    34.9079     3.6030     3.6024    27.7539    27.7538    6.33538    6.27210         18 0.0000e+00
      87981   3665.844   1218.000     3.6954   3.274430     3.6952   3.274383      98.63     0.0134     2.5250     2.2166  34.615383  3.7006130   48.44596  -46.66328    34.9082    34.9078     3.6033     3.6031    27.7539    27.7536    6.33595    6.27711         18 0.0000e+00
      88001   3666.679   1217.000     3.6958   3.274406     3.6958   3.274377      98.63     0.0123     2.5258     2.2172  34.614723  3.6944790   48.44596  -46.66328    34.9080    34.9077     3.6038     3.6037    27.7537    27.7535    6.34055    6.27766         22 0.0000e+00
      88027   3667.754   1216.000     3.6965   3.274407     3.6961   3.274351      47.56     0.0161     2.5259     2.2178  34.615372  3.6989911   48.44596  -46.66328    34.9078    34.9075     3.6045     3.6042    27.7534    27.7533    6.33727    6.27578         30 0.0000e+00
      88057   3668.998   1215.000     3.6967   3.274371     3.6962   3.274304      99.42     0.0210     2.5265     2.2186  34.615383  3.7001736   48.44596  -46.66328    34.9077    34.9074     3.6048     3.6043    27.7533    27.7531    6.34001    6.28100         28 0.0000e+00
      88084   3670.125   1214.000     3.6968   3.274335     3.6964   3.274281      95.40     0.0192     2.5274     2.2193  34.603325  3.7006764   48.44596  -46.66328    34.9077    34.9074     3.6050     3.6046    27.7533    27.7531    6.34405    6.28080         26 0.0000e+00
      88109   3671.151   1213.000     3.6967   3.274290     3.6964   3.274241      90.91     0.0151     2.5273     2.2200  34.604397  3.7004466   48.44596  -46.66328    34.9077    34.9074     3.6050     3.6076    27.7533    27.7531    6.33901    6.28216         24 0.0000e+00
      88132   3672.116   1212.000     3.6969   3.274268     3.6963   3.274189      98.56     0.0129     2.5282     2.2204  34.604553  3.7007456   48.44596  -46.66328    34.9078    34.9074     3.6053     3.6047    27.7533    27.7531    6.34544    6.28120         23 0.0000e+00
      88154   3673.052   1211.000     3.6969   3.274220     3.6963   3.274148      98.63     0.0136     2.5285     2.2211  34.611965  3.7032666   48.44596  -46.66328    34.9076    34.9075     3.6054     3.6048    27.7532    27.7531    6.33805    6.28340         22 0.0000e+00
      88176   3673.951   1210.000     3.6970   3.274180     3.6964   3.274102      98.63     0.0141     2.5285     2.2212  34.601521  3.7032967   48.44596  -46.66328    34.9076    34.9073     3.6055     3.6050    27.7532    27.7530    6.33961    6.28113         21 0.0000e+00
      88196   3674.788   1209.000     3.6973   3.274153     3.6968   3.274089      98.64     0.0132     2.5290     2.2217  34.582321  3.7032967   48.44596  -46.66327    34.9075    34.9072     3.6059     3.6054    27.7531    27.7529    6.33608    6.28383         19 0.0000e+00
      88215   3675.563   1208.000     3.6975   3.274126     3.6971   3.274073      98.63     0.0095     2.5282     2.2221  34.589336  3.7032967   48.44596  -46.66326    34.9074    34.9073     3.6062     3.6058    27.7530    27.7529    6.32863    6.28527         18 0.0000e+00
      88233   3676.324   1207.000     3.6976   3.274093     3.6971   3.274031      98.63     0.0137     2.5286     2.2225  34.586121  3.7032967   48.44596  -46.66326    34.9074    34.9073     3.6064     3.6059    27.7530    27.7529    6.34217    6.28266         19 0.0000e+00
      88253   3677.167   1206.000     3.6977   3.274054     3.6970   3.273970      98.63     0.0207     2.5291     2.2226  34.583481  3.7032967   48.44596  -46.66326    34.9074    34.9071     3.6066     3.6059    27.7529    27.7527    6.34146    6.27315         22 0.0000e+00
      88281   3678.320   1205.000     3.6976   3.274005     3.6969   3.273933      74.53     0.0207     2.5297     2.2219  34.581566  3.7032967   48.44596  -46.66326    34.9074    34.9073     3.6066     3.6078    27.7529    27.7529    6.33995    6.27095         35 0.0000e+00
      88316   3679.807   1204.000     3.6975   3.273947     3.6969   3.273863     100.08     0.0194     2.5302     2.2221  34.579632  3.7029524   48.44596  -46.66326    34.9073    34.9070     3.6066     3.6058    27.7528    27.7527    6.34202    6.28004         30 0.0000e+00
      88340   3680.797   1203.000     3.6976   3.273905     3.6969   3.273828      98.63     0.0208     2.5305     2.2227  34.578732  3.7033048   48.44596  -46.66326    34.9073    34.9070     3.6067     3.6061    27.7528    27.7527    6.33621    6.28514         20 0.0000e+00
      88358   3681.558   1202.000     3.6978   3.273876     3.6971   3.273806      98.63     0.0188     2.5303     2.2232  34.583595  3.7032967   48.44596  -46.66326    34.9072    34.9071     3.6070     3.6063    27.7527    27.7527    6.33721    6.29090         17 0.0000e+00
      88375   3682.270   1201.000     3.6982   3.273854     3.6974   3.273778      98.63     0.0143     2.5307     2.2242  34.576324  3.7032967   48.44596  -46.66326    34.9071    34.9070     3.6074     3.6067    27.7526    27.7526    6.34118    6.29290         18 0.0000e+00
      88393   3683.015   1200.000     3.6983   3.273825     3.6976   3.273752      98.63     0.0115     2.5308     2.2246  34.576065  3.7037928   48.44596  -46.66326    34.9071    34.9070     3.6076     3.6069    27.7526    27.7525    6.34762    6.28862         19 0.0000e+00
      88416   3683.944   1199.000     3.6982   3.273781     3.6978   3.273718      98.64     0.0150     2.5319     2.2251  34.574768  3.7033267   48.44596  -46.66326    34.9071    34.9069     3.6077     3.6072    27.7526    27.7524    6.34285    6.28759         27 0.0000e+00
      88453   3685.514   1198.000     3.6981   3.273727     3.6978   3.273668      98.60     0.0163     2.5324     2.2255  34.572365  3.7032967   48.44596  -46.66324    34.9071    34.9068     3.6076     3.6073    27.7526    27.7523    6.34528    6.27970         43 0.0000e+00
      88486   3686.869   1197.000     3.6981   3.273666     3.6979   3.273627      98.54     0.0191     2.5335     2.2250  34.572777  3.7032967   48.44596  -46.66324    34.9069    34.9067     3.6078     3.6075    27.7524    27.7522    6.34727    6.27800         22 0.0000e+00
      88504   3687.641   1196.000     3.6986   3.273659     3.6979   3.273589      98.56     0.0192     2.5335     2.2252  34.574921  3.7032967   48.44596  -46.66324    34.9068    34.9067     3.6083     3.6076    27.7523    27.7523    6.33994    6.28249         17 0.0000e+00
      88520   3688.299   1195.000     3.6989   3.273640     3.6980   3.273557      98.54     0.0160     2.5331     2.2253  34.581268  3.7032967   48.44596  -46.66324    34.9068    34.9068     3.6086     3.6078    27.7522    27.7523    6.34283    6.28316         15 0.0000e+00
      88536   3688.939   1194.000     3.6988   3.273595     3.6981   3.273526      98.42     0.0156     2.5343     2.2256  34.587009  3.7032967   48.44596  -46.66324    34.9069    34.9068     3.6087     3.6080    27.7523    27.7523    6.34874    6.28007         16 0.0000e+00
      88552   3689.645   1193.000     3.6988   3.273553     3.6982   3.273484      98.48     0.0177     2.5341     2.2255  34.585361  3.7032967   48.44596  -46.66324    34.9068    34.9066     3.6088     3.6082    27.7522    27.7521    6.34427    6.27675         19 0.0000e+00
      88587   3691.087   1192.000     3.6986   3.273500     3.6981   3.273433      88.39     0.0163     2.5348     2.2259  34.573086  3.7029891   48.44596  -46.66323    34.9070    34.9067     3.6086     3.6082    27.7524    27.7522    6.34687    6.28351         57 0.0000e+00
      88635   3693.083   1191.000     3.6984   3.273424     3.6977   3.273350      56.25     0.0158     2.5355     2.2270  34.572041  3.7033217   48.44596  -46.66322    34.9068    34.9066     3.6085     3.6079    27.7522    27.7521    6.34770    6.29328         25 0.0000e+00
      88653   3693.822   1190.000     3.6986   3.273395     3.6980   3.273336      98.69     0.0177     2.5364     2.2277  34.571423  3.7008283   48.44596  -46.66322    34.9067    34.9066     3.6088     3.6082    27.7522    27.7521    6.35235    6.28857         16 0.0000e+00
      88669   3694.487   1189.000     3.6990   3.273381     3.6982   3.273315      98.41     0.0174     2.5366     2.2277  34.571430  3.6934390   48.44596  -46.66322    34.9067    34.9067     3.6092     3.6085    27.7521    27.7521    6.34541    6.29162         16 0.0000e+00
      88684   3695.117   1188.000     3.6994   3.273369     3.6987   3.273301      91.77     0.0128     2.5362     2.2285  34.572395  3.6935287   48.44596  -46.66322    34.9066    34.9065     3.6098     3.6136    27.7519    27.7520    6.34686    6.29438         15 0.0000e+00
      88699   3695.756   1187.000     3.6996   3.273334     3.6991   3.273266      84.20     0.0141     2.5369     2.2287  34.571453  3.6947224   48.44596  -46.66321    34.9065    34.9062     3.6100     3.6096    27.7518    27.7517    6.35075    6.28959         16 0.0000e+00
      88716   3696.452   1186.000     3.6996   3.273299     3.6992   3.273233      98.38     0.0141     2.5370     2.2289  34.571430  3.6980965   48.44596  -46.66320    34.9065    34.9061     3.6102     3.6098    27.7519    27.7516    6.35031    6.29001         17 0.0000e+00
      88735   3697.270   1185.000     3.6997   3.273263     3.6993   3.273194      98.24     0.0165     2.5378     2.2293  34.571430  3.6961946   48.44596  -46.66320    34.9065    34.9061     3.6103     3.6100    27.7518    27.7515    6.34618    6.29245         22 0.0000e+00
      88761   3698.345   1184.000     3.6997   3.273215     3.6993   3.273150      98.11     0.0143     2.5377     2.2299  34.571430  3.7022688   48.44594  -46.66320    34.9064    34.9061     3.6105     3.6100    27.7517    27.7515    6.34671    6.29170         30 0.0000e+00
      88794   3699.713   1183.000     3.6994   3.273147     3.6990   3.273076      98.10     0.0152     2.5380     2.2306  34.571430  3.7033002   48.44594  -46.66319    34.9065    34.9061     3.6102     3.6098    27.7518    27.7515    6.34668    6.30026         35 0.0000e+00
      88828   3701.127   1182.000     3.6998   3.273119     3.6992   3.273042      98.15     0.0172     2.5388     2.2320  34.571430  3.7032967   48.44594  -46.66318    34.9062    34.9060     3.6107     3.6100    27.7515    27.7514    6.35344    6.30520         32 0.0000e+00
      88856   3702.288   1181.000     3.7001   3.273091     3.6999   3.273045      98.03     0.0140     2.5395     2.2328  34.571430  3.7032967   48.44594  -46.66318    34.9061    34.9058     3.6110     3.6108    27.7514    27.7512    6.35644    6.29418         24 0.0000e+00
      88878   3703.205   1180.000     3.7010   3.273102     3.7003   3.273031      98.00     0.0139     2.5404     2.2324  34.571430  3.7042923   48.44594  -46.66318    34.9057    34.9057     3.6121     3.6113    27.7510    27.7511    6.35986    6.28918         20 0.0000e+00
