data/CTD/2014/CNV/u017a014.cnv
* Sea-Bird SBE 9 Data File:
* FileName = C:\CTD_ACQUISITION\2014017HUD\ctddata\017A014.hdr
* Software Version Seasave V 7.22.2
* Temperature SN = 5081
* Conductivity SN = 3561
* Number of Bytes Per Scan = 37
* Number of Voltage Words = 4
* Number of Scans Averaged by the Deck Unit = 1
* NMEA Latitude = 52 56.40 N
* NMEA Longitude = 051 13.45 W
* NMEA UTC (Time) = Jul 04 2014 02:09:23
* NMEA baud rate = 9600
** Ship: Hudson
** Cruise: HUD2014017
** Chief_Scientist: Blair Greenan
** Organization: BIO
** Area_of_Operation: Sackville Spur
** Station: 014
** Sounding:  2230
** Event_Comments: K8, 403048
# nquan = 25
# nvalues = 2426                        
# units = specified
# name 0 = scan: Scan Count
# name 1 = timeS: Time, Elapsed [seconds]
# name 2 = prDM: Pressure, Digiquartz [db]
# name 3 = t068C: Temperature [ITS-68, deg C]
# name 4 = c0S/m: Conductivity [S/m]
# name 5 = t168C: Temperature, 2 [ITS-68, deg C]
# name 6 = c1S/m: Conductivity, 2 [S/m]
# name 7 = altM: Altimeter [m]
# name 8 = flC: Fluorescence, Chelsea Aqua 3 Chl Con [ug/l]
# name 9 = sbeox0V: Oxygen raw, SBE 43 [V]
# name 10 = sbeox1V: Oxygen raw, SBE 43, 2 [V]
# name 11 = upoly0: Upoly 0, Optode 4330F - O2 D-Phase
# name 12 = upoly1: Upoly 1, Optode 4330F - O2 Temp
# name 13 = latitude: Latitude [deg]
# name 14 = longitude: Longitude [deg]
# name 15 = sal00: Salinity, Practical [PSU]
# name 16 = sal11: Salinity, Practical, 2 [PSU]
# name 17 = potemp068C: Potential Temperature [ITS-68, deg C]
# name 18 = potemp168C: Potential Temperature, 2 [ITS-68, deg C]
# name 19 = sigma-é00: Density [sigma-theta, Kg/m^3]
# name 20 = sigma-é11: Density, 2 [sigma-theta, Kg/m^3]
# name 21 = sbeox0ML/L: Oxygen, SBE 43 [ml/l], WS = 2
# name 22 = sbeox1ML/L: Oxygen, SBE 43, 2 [ml/l], WS = 2
# name 23 = nbin: number of scans per bin
# name 24 = flag: flag
# span 0 =      67716,     146639       
# span 1 =   2821.450,   6109.907       
# span 2 =      1.000,   2426.000       
# span 3 =     2.8610,     7.2567       
# span 4 =   3.192852,   3.462897       
# span 5 =     2.8599,     7.3491       
# span 6 =   3.192473,   3.478098       
# span 7 =       3.23,     106.24       
# span 8 =     0.0050,     0.2944       
# span 9 =     2.2155,     3.5043       
# span 10 =     1.9600,     3.0971      
# span 11 =  30.274582,  35.401077      
# span 12 =  2.8509533,  7.4434037      
# span 13 =   52.94004,   52.94390      
# span 14 =  -51.21547,  -51.21436      
# span 15 =    33.6342,    34.9158      
# span 16 =    33.6325,    34.9155      
# span 17 =     2.6710,     7.2552      
# span 18 =     2.6698,     7.3473      
# span 19 =    26.3156,    27.8444      
# span 20 =    26.3137,    27.8442      
# span 21 =    6.31710,    7.76261      
# span 22 =    6.26050,    7.86709      
# span 23 =          9,         92      
# span 24 = 0.0000e+00, 0.0000e+00      
# interval = decibars: 1                
# start_time = Jul 04 2014 02:09:23 [NMEA time, header]
# bad_flag = -9.990e-29
*END*
[from data line 1160]
      98143   4089.270   1266.000     3.5635   3.265253     3.5632   3.265156      98.63     0.0149     2.5048     2.2034  34.693771  3.5582411   52.94172  -51.21526    34.9146    34.9137     3.4685     3.4682    27.7723    27.7717    6.33226    6.28342         20 0.0000e+00
      98163   4090.099   1265.000     3.5636   3.265230     3.5632   3.265129      89.76     0.0134     2.5044     2.2035  34.701778  3.5567861   52.94172  -51.21524    34.9146    34.9138     3.4687     3.4684    27.7723    27.7717    6.32555    6.27752         20 0.0000e+00
      98187   4091.068   1264.000     3.5636   3.265185     3.5633   3.265096      92.80     0.0117     2.5046     2.2033  34.695263  3.5582004   52.94172  -51.21524    34.9146    34.9139     3.4688     3.4685    27.7723    27.7718    6.32844    6.27416         27 0.0000e+00
      98216   4092.283   1263.000     3.5637   3.265149     3.5633   3.265039      98.80     0.0099     2.5046     2.2033  34.691578  3.5660870   52.94172  -51.21524    34.9146    34.9138     3.4690     3.4686    27.7723    27.7717    6.32570    6.27822         29 0.0000e+00
      98240   4093.279   1262.000     3.5638   3.265098     3.5632   3.264992      98.63     0.0117     2.5045     2.2037  34.690098  3.5655653   52.94172  -51.21524    34.9144    34.9137     3.4692     3.4686    27.7721    27.7716    6.32783    6.27872         20 0.0000e+00
      98258   4094.024   1261.000     3.5636   3.265056     3.5631   3.264941      98.63     0.0092     2.5048     2.2035  34.689556  3.5647089   52.94172  -51.21524    34.9146    34.9138     3.4691     3.4685    27.7722    27.7717    6.33084    6.27450         16 0.0000e+00
      98274   4094.707   1260.000     3.5634   3.265008     3.5630   3.264896      98.63     0.0094     2.5053     2.2037  34.688644  3.5648205   52.94172  -51.21524    34.9147    34.9138     3.4690     3.4686    27.7724    27.7717    6.32995    6.27401         17 0.0000e+00
      98291   4095.422   1259.000     3.5634   3.264960     3.5630   3.264844      98.64     0.0094     2.5053     2.2035  34.688644  3.5665081   52.94172  -51.21524    34.9147    34.9138     3.4690     3.4686    27.7723    27.7717    6.32833    6.27065         18 0.0000e+00
      98314   4096.380   1258.000     3.5633   3.264905     3.5626   3.264780      86.30     0.0113     2.5055     2.2033  34.688644  3.5665445   52.94172  -51.21524    34.9147    34.9138     3.4690     3.4684    27.7723    27.7717    6.33342    6.26838         30 0.0000e+00
      98349   4097.847   1257.000     3.5631   3.264840     3.5625   3.264727      99.44     0.0192     2.5068     2.2038  34.689098  3.5659370   52.94172  -51.21524    34.9146    34.9138     3.4689     3.4684    27.7723    27.7717    6.33436    6.28611         34 0.0000e+00
      98375   4098.936   1256.000     3.5630   3.264781     3.5626   3.264682      98.63     0.0219     2.5068     2.2050  34.688637  3.5641897   52.94172  -51.21524    34.9145    34.9137     3.4689     3.4685    27.7722    27.7717    6.33009    6.28864         21 0.0000e+00
      98396   4099.788   1255.000     3.5633   3.264760     3.5632   3.264704      98.63     0.0202     2.5069     2.2055  34.688644  3.5591252   52.94172  -51.21523    34.9145    34.9139     3.4692     3.4692    27.7722    27.7717    6.33158    6.28394         21 0.0000e+00
      98420   4100.792   1254.000     3.5643   3.264816     3.5641   3.264740      98.63     0.0182     2.5075     2.2058  34.688644  3.5601032   52.94172  -51.21522    34.9145    34.9138     3.4704     3.4702    27.7721    27.7716    6.33344    6.27904         29 0.0000e+00
      98454   4102.191   1253.000     3.5648   3.264816     3.5648   3.264753      94.66     0.0149     2.5080     2.2058  34.688644  3.5669835   52.94172  -51.21522    34.9145    34.9138     3.4710     3.4709    27.7720    27.7714    6.33469    6.27657         32 0.0000e+00
      98477   4103.167   1252.000     3.5656   3.264827     3.5657   3.264787      82.75     0.0148     2.5085     2.2059  34.688644  3.5665445   52.94172  -51.21522    34.9143    34.9137     3.4718     3.4720    27.7718    27.7713    6.33507    6.27984         18 0.0000e+00
      98492   4103.804   1251.000     3.5669   3.264902     3.5667   3.264833      98.42     0.0132     2.5090     2.2062  34.688644  3.5665445   52.94172  -51.21522    34.9143    34.9138     3.4732     3.4729    27.7716    27.7712    6.32514    6.27920         14 0.0000e+00
      98506   4104.364   1250.000     3.5681   3.264971     3.5679   3.264899      98.63     0.0130     2.5080     2.2061  34.688644  3.5665445   52.94172  -51.21522    34.9144    34.9137     3.4745     3.4742    27.7716    27.7711    6.32426    6.27752         13 0.0000e+00
      98519   4104.928   1249.000     3.5685   3.264966     3.5688   3.264936      98.63     0.0118     2.5083     2.2064  34.688644  3.5665445   52.94173  -51.21522    34.9144    34.9137     3.4749     3.4752    27.7716    27.7710    6.33063    6.27874         14 0.0000e+00
      98536   4105.610   1248.000     3.5689   3.264972     3.5689   3.264897      98.63     0.0138     2.5090     2.2066  34.688644  3.5665445   52.94174  -51.21522    34.9146    34.9137     3.4754     3.4754    27.7717    27.7709    6.33581    6.28116         20 0.0000e+00
      98600   4108.311   1247.000     3.5681   3.264846     3.5674   3.264734      86.19     0.0166     2.5096     2.2061  34.685780  3.5646341   52.94173  -51.21522    34.9144    34.9138     3.4747     3.4741    27.7716    27.7711    6.32876    6.26834         24 0.0000e+00
      98636   4109.806   1246.000     3.5684   3.264818     3.5673   3.264681      98.60     0.0163     2.5099     2.2055  34.677685  3.5568044   52.94173  -51.21522    34.9142    34.9138     3.4751     3.4740    27.7714    27.7712    6.33500    6.27121         12 0.0000e+00
      98648   4110.292   1245.000     3.5692   3.264844     3.5681   3.264705      98.63     0.0146     2.5102     2.2055  34.673992  3.5567765   52.94174  -51.21522    34.9142    34.9138     3.4760     3.4815    27.7713    27.7710    6.33009    6.27188         11 0.0000e+00
      98659   4110.742   1244.000     3.5696   3.264845     3.5689   3.264739      98.63     0.0165     2.5100     2.2056  34.675301  3.5567765   52.94174  -51.21522    34.9143    34.9138     3.4764     3.4759    27.7714    27.7709    6.33219    6.27266         11 0.0000e+00
      98669   4111.187   1243.000     3.5698   3.264830     3.5697   3.264754      98.63     0.0148     2.5098     2.2057  34.675457  3.5567765   52.94174  -51.21522    34.9145    34.9137     3.4767     3.4766    27.7714    27.7708    6.33372    6.27375         10 0.0000e+00
      98681   4111.654   1242.000     3.5700   3.264807     3.5700   3.264735      98.63     0.0127     2.5115     2.2061  34.688881  3.5658922   52.94174  -51.21521    34.9145    34.9136     3.4770     3.4770    27.7714    27.7707    6.33706    6.27511         12 0.0000e+00
      98693   4112.184   1241.000     3.5702   3.264776     3.5698   3.264676      98.63     0.0153     2.5104     2.2064  34.688644  3.5658460   52.94174  -51.21520    34.9144    34.9136     3.4773     3.4769    27.7713    27.7707    6.32783    6.27279         14 0.0000e+00
      98718   4113.210   1240.000     3.5699   3.264723     3.5696   3.264621      98.63     0.0157     2.5113     2.2065  34.686977  3.5664623   52.94174  -51.21520    34.9146    34.9137     3.4771     3.4768    27.7715    27.7708    6.33222    6.27250         31 0.0000e+00
      98803   4116.737   1239.000     3.5693   3.264600     3.5689   3.264497      98.63     0.0188     2.5115     2.2078  34.688786  3.5650442   52.94174  -51.21520    34.9143    34.9135     3.4766     3.4761    27.7713    27.7707    6.33040    6.28159         21 0.0000e+00
      98816   4117.286   1238.000     3.5694   3.264560     3.5688   3.264450      98.63     0.0179     2.5120     2.2083  34.688644  3.5615921   52.94174  -51.21520    34.9142    34.9135     3.4768     3.4761    27.7712    27.7707    6.33378    6.27905         16 0.0000e+00
      98830   4117.874   1237.000     3.5696   3.264541     3.5688   3.264423      98.63     0.0140     2.5124     2.2084  34.688644  3.5567882   52.94174  -51.21520    34.9143    34.9136     3.4770     3.4763    27.7712    27.7708    6.33240    6.27554         13 0.0000e+00
      98843   4118.424   1236.000     3.5699   3.264534     3.5695   3.264433      98.62     0.0145     2.5121     2.2085  34.688644  3.5567765   52.94174  -51.21520    34.9144    34.9136     3.4774     3.4770    27.7713    27.7707    6.32992    6.27395         13 0.0000e+00
      98856   4118.966   1235.000     3.5703   3.264540     3.5707   3.264495      98.54     0.0138     2.5127     2.2087  34.688644  3.5567765   52.94176  -51.21520    34.9145    34.9135     3.4779     3.4783    27.7713    27.7705    6.33565    6.27655         13 0.0000e+00
      98870   4119.547   1234.000     3.5711   3.264567     3.5720   3.264568      98.59     0.0145     2.5131     2.2089  34.688644  3.5646698   52.94176  -51.21520    34.9145    34.9136     3.4788     3.4796    27.7712    27.7704    6.33394    6.27962         15 0.0000e+00
      98887   4120.245   1233.000     3.5719   3.264589     3.5728   3.264599      98.55     0.0135     2.5129     2.2093  34.688644  3.5664761   52.94176  -51.21520    34.9144    34.9135     3.4797     3.4806    27.7711    27.7703    6.33142    6.28027         20 0.0000e+00
      98940   4122.449   1232.000     3.5711   3.264475     3.5716   3.264451      91.18     0.0160     2.5138     2.2103  34.683441  3.5665445   52.94177  -51.21518    34.9144    34.9136     3.4790     3.4795    27.7711    27.7704    6.33458    6.27790         46 0.0000e+00
      98984   4124.286   1231.000     3.5715   3.264424     3.5711   3.264337      98.70     0.0228     2.5147     2.2108  34.689732  3.5665445   52.94176  -51.21518    34.9139    34.9133     3.4794     3.4790    27.7707    27.7703    6.34020    6.27415         17 0.0000e+00
      98998   4124.871   1230.000     3.5725   3.264484     3.5716   3.264369      98.33     0.0243     2.5151     2.2106  34.688622  3.5665445   52.94176  -51.21519    34.9140    34.9136     3.4805     3.4796    27.7707    27.7704    6.33475    6.27402         14 0.0000e+00
      99011   4125.423   1229.000     3.5757   3.264714     3.5756   3.264669      98.53     0.0222     2.5151     2.2106  34.686363  3.5665445   52.94176  -51.21520    34.9139    34.9135     3.4838     3.4836    27.7702    27.7700    6.33108    6.27415         13 0.0000e+00
      99024   4125.954   1228.000     3.5779   3.264874     3.5800   3.265004      98.16     0.0167     2.5149     2.2108  34.681915  3.5665445   52.94176  -51.21518    34.9139    34.9133     3.4861     3.4881    27.7701    27.7694    6.33365    6.27544         13 0.0000e+00
      99037   4126.502   1227.000     3.5804   3.265060     3.5821   3.265140      98.48     0.0126     2.5158     2.2108  34.687538  3.5665445   52.94176  -51.21518    34.9140    34.9132     3.4886     3.4903    27.7699    27.7690    6.33564    6.27905         13 0.0000e+00
      99052   4127.114   1226.000     3.5820   3.265152     3.5825   3.265131      98.30     0.0121     2.5158     2.2115  34.685238  3.5659797   52.94178  -51.21518    34.9140    34.9131     3.4902     3.4908    27.7697    27.7690    6.33267    6.28356         17 0.0000e+00
      99072   4127.938   1225.000     3.5825   3.265156     3.5827   3.265102      98.29     0.0133     2.5160     2.2119  34.685677  3.5665038   52.94178  -51.21518    34.9140    34.9131     3.4908     3.4910    27.7696    27.7690    6.32993    6.28267         25 0.0000e+00
      99122   4130.045   1224.000     3.5798   3.264889     3.5795   3.264794      98.34     0.0163     2.5163     2.2132  34.680058  3.5739212   52.94178  -51.21518    34.9142    34.9133     3.4882     3.4879    27.7701    27.7694    6.33101    6.28161         65 0.0000e+00
      99164   4131.779   1223.000     3.5798   3.264831     3.5794   3.264721      98.13     0.0136     2.5170     2.2132  34.686981  3.5680337   52.94178  -51.21518    34.9140    34.9131     3.4883     3.4879    27.7699    27.7692    6.33714    6.27592         24 0.0000e+00
      99184   4132.643   1222.000     3.5797   3.264773     3.5798   3.264721      98.19     0.0138     2.5170     2.2131  34.688679  3.5665126   52.94178  -51.21518    34.9139    34.9132     3.4883     3.4884    27.7698    27.7693    6.33803    6.27561         19 0.0000e+00
      99202   4133.380   1221.000     3.5819   3.264920     3.5826   3.264931      98.38     0.0150     2.5178     2.2132  34.681698  3.5700171   52.94178  -51.21518    34.9138    34.9132     3.4906     3.4913    27.7695    27.7690    6.33654    6.27546         17 0.0000e+00
      99218   4134.040   1220.000     3.5845   3.265095     3.5847   3.265058      98.63     0.0130     2.5181     2.2132  34.674007  3.5678515   52.94178  -51.21518    34.9136    34.9130     3.4932     3.4934    27.7691    27.7686    6.33427    6.27723         15 0.0000e+00
      99233   4134.662   1219.000     3.5857   3.265158     3.5859   3.265118      98.07     0.0124     2.5182     2.2134  34.673992  3.5717270   52.94179  -51.21517    34.9137    34.9130     3.4945     3.4947    27.7690    27.7685    6.32880    6.28056         15 0.0000e+00
      99248   4135.300   1218.000     3.5862   3.265182     3.5866   3.265136      46.17     0.0150     2.5178     2.2139  34.673992  3.5720336   52.94180  -51.21516    34.9139    34.9129     3.4951     3.4955    27.7692    27.7683    6.33148    6.28399         16 0.0000e+00
      99265   4136.011   1217.000     3.5867   3.265174     3.5870   3.265129      81.60     0.0181     2.5189     2.2144  34.674793  3.5762527   52.94180  -51.21516    34.9138    34.9129     3.4956     3.4959    27.7691    27.7683    6.33456    6.28550         18 0.0000e+00
      99288   4136.950   1216.000     3.5869   3.265155     3.5874   3.265126      97.09     0.0198     2.5188     2.2151  34.670200  3.5763125   52.94180  -51.21516    34.9139    34.9130     3.4959     3.4964    27.7691    27.7683    6.33786    6.28610         29 0.0000e+00
      99328   4138.638   1215.000     3.5858   3.265014     3.5865   3.264994      97.93     0.0172     2.5197     2.2157  34.646645  3.5767281   52.94180  -51.21516    34.9139    34.9129     3.4949     3.4956    27.7692    27.7683    6.33393    6.28099         48 0.0000e+00
      99366   4140.194   1214.000     3.5856   3.264943     3.5854   3.264861      79.53     0.0146     2.5196     2.2159  34.674461  3.5829315   52.94180  -51.21516    34.9137    34.9129     3.4949     3.4947    27.7690    27.7684    6.32813    6.27668         27 0.0000e+00
      99389   4141.182   1213.000     3.5864   3.264960     3.5870   3.264948      98.38     0.0152     2.5203     2.2157  34.673992  3.5816474   52.94180  -51.21516    34.9135    34.9128     3.4957     3.4963    27.7688    27.7681    6.34148    6.27788         22 0.0000e+00
      99410   4142.059   1212.000     3.5881   3.265052     3.5885   3.265032      94.78     0.0139     2.5208     2.2159  34.673992  3.5763359   52.94180  -51.21516    34.9134    34.9127     3.4974     3.4978    27.7685    27.7680    6.33787    6.28417         20 0.0000e+00
      99430   4142.868   1211.000     3.5892   3.265112     3.5894   3.265083      98.60     0.0145     2.5211     2.2166  34.673992  3.5763125   52.94180  -51.21516    34.9135    34.9128     3.4986     3.4989    27.7685    27.7679    6.33940    6.28535         19 0.0000e+00
      99449   4143.678   1210.000     3.5900   3.265144     3.5903   3.265103      98.63     0.0150     2.5216     2.2167  34.656624  3.5840311   52.94181  -51.21516    34.9135    34.9127     3.4995     3.4998    27.7684    27.7677    6.34210    6.27708         20 0.0000e+00
