data/CTD/2014/CNV/u017a059.cnv
* Sea-Bird SBE 9 Data File:
* FileName = C:\CTD_ACQUISITION\2014017HUD\ctddata\017A059.hdr
* Software Version Seasave V 7.22.2
* Temperature SN = 5081
* Conductivity SN = 3561
* Number of Bytes Per Scan = 37
* Number of Voltage Words = 4
* Number of Scans Averaged by the Deck Unit = 1
* NMEA Latitude = 43 27.28 N
* NMEA Longitude = 059 59.20 W
* NMEA UTC (Time) = Jul 13 2014 21:54:45
* NMEA baud rate = 9600
** Ship: Hudson
** Cruise: HUD2014017
** Chief_Scientist: Blair Greenan
** Organization: BIO
** Area_of_Operation: Sackville Spur
** Station: 059
** Sounding:  1260
** Event_Comments: LC3, 0
** Microcat calibration cast.
# nquan = 25
# nvalues = 252                         
# units = specified
# name 0 = scan: Scan Count
# name 1 = timeS: Time, Elapsed [seconds]
# name 2 = prDM: Pressure, Digiquartz [db]
# name 3 = t068C: Temperature [ITS-68, deg C]
# name 4 = c0S/m: Conductivity [S/m]
# name 5 = t168C: Temperature, 2 [ITS-68, deg C]
# name 6 = c1S/m: Conductivity, 2 [S/m]
# name 7 = altM: Altimeter [m]
# name 8 = flC: Fluorescence, Chelsea Aqua 3 Chl Con [ug/l]
# name 9 = sbeox0V: Oxygen raw, SBE 43 [V]
# name 10 = sbeox1V: Oxygen raw, SBE 43, 2 [V]
# name 11 = upoly0: Upoly 0, Optode 4330F - O2 D-Phase
# name 12 = upoly1: Upoly 1, Optode 4330F - O2 Temp
# name 13 = latitude: Latitude [deg]
# name 14 = longitude: Longitude [deg]
# name 15 = sal00: Salinity, Practical [PSU]
# name 16 = sal11: Salinity, Practical, 2 [PSU]
# name 17 = potemp068C: Potential Temperature [ITS-68, deg C]
# name 18 = potemp168C: Potential Temperature, 2 [ITS-68, deg C]
# name 19 = sigma-é00: Density [sigma-theta, Kg/m^3]
# name 20 = sigma-é11: Density, 2 [sigma-theta, Kg/m^3]
# name 21 = sbeox0ML/L: Oxygen, SBE 43 [ml/l], WS = 2
# name 22 = sbeox1ML/L: Oxygen, SBE 43, 2 [ml/l], WS = 2
# name 23 = nbin: number of scans per bin
# name 24 = flag: flag
# span 0 =      25668,     131744       
# span 1 =   1069.440,   5489.286       
# span 2 =      1.000,    252.000       
# span 3 =     3.8422,    14.7297       
# span 4 =   3.042750,   3.992986       
# span 5 =     3.8259,    14.9429       
# span 6 =   3.040381,   3.994122       
# span 7 =      56.26,     100.24       
# span 8 =     0.0123,     0.3055       
# span 9 =     1.9265,     3.5410       
# span 10 =     1.6593,     3.1126      
# span 11 =  28.900909,  39.492538      
# span 12 =  4.1890125,  13.355922      
# span 13 =   43.45634,   43.46898      
# span 14 =  -59.99502,  -59.98901      
# span 15 =    31.7144,    35.3439      
# span 16 =    31.7088,    35.3454      
# span 17 =     3.8383,    14.7296      
# span 18 =     3.8220,    14.9427      
# span 19 =    23.4985,    27.1263      
# span 20 =    23.4490,    27.1254      
# span 21 =    3.36590,    8.19973      
# span 22 =    3.14739,    8.24334      
# span 23 =         16,         97      
# span 24 = 0.0000e+00, 0.0000e+00      
# interval = decibars: 1                
# start_time = Jul 13 2014 21:54:45 [NMEA time, header]
# bad_flag = -9.990e-29
*END*
[from data line 174]
     102226   4259.374     78.000     4.6987   3.146966     4.6798   3.143527      97.22     0.0487     2.9425     2.5832  33.533024  4.9631124   43.46410  -59.99480    32.9639    32.9428     4.6936     4.6743    26.0950    26.0803    6.52297    6.50993         24 0.0000e+00
     102247   4260.261     77.000     4.6677   3.142559     4.6541   3.140517      98.65     0.0469     2.9449     2.5858  33.534229  4.9602489   43.46410  -59.99480    32.9442    32.9339     4.6622     4.6486    26.0826    26.0760    6.54628    6.51900         19 0.0000e+00
     102266   4261.029     76.000     4.6430   3.139560     4.6339   3.138247      98.63     0.0443     2.9473     2.5875  33.516304  4.9239364   43.46410  -59.99480    32.9344    32.9282     4.6376     4.6285    26.0775    26.0736    6.56326    6.52840         18 0.0000e+00
     102284   4261.781     75.000     4.6208   3.137027     4.5982   3.134237      92.44     0.0462     2.9503     2.5898  33.516483  4.9242978   43.46411  -59.99480    32.9275    32.9175     4.6155     4.5929    26.0745    26.0689    6.58708    6.55049         19 0.0000e+00
     102304   4262.623     74.000     4.5962   3.134138     4.5327   3.126534      98.47     0.0476     2.9556     2.5939  33.511944  4.9065747   43.46412  -59.99480    32.9190    32.8936     4.5910     4.5275    26.0703    26.0569    6.62921    6.59576         22 0.0000e+00
     102330   4263.723     73.000     4.5482   3.128722     4.4454   3.116862      98.63     0.0485     2.9660     2.6042  33.509453  4.8937287   43.46412  -59.99480    32.9042    32.8683     4.5431     4.4403    26.0636    26.0459    6.69169    6.66732         31 0.0000e+00
     102364   4265.118     72.000     4.4879   3.122267     4.4118   3.113355      94.42     0.0494     2.9828     2.6197  33.507713  4.8205962   43.46412  -59.99480    32.8895    32.8612     4.4829     4.4069    26.0583    26.0438    6.76574    6.73187         32 0.0000e+00
     102391   4266.255     71.000     4.4203   3.115146     4.3691   3.108186      98.80     0.0551     2.9965     2.6303  33.506229  4.7984471   43.46414  -59.99480    32.8742    32.8439     4.4154     4.3643    26.0532    26.0344    6.78489    6.74590         23 0.0000e+00
     102411   4267.092     70.000     4.3765   3.108904     4.3446   3.104718      98.12     0.0555     3.0025     2.6354  33.516590  4.6887274   43.46414  -59.99480    32.8464    32.8283     4.3708     4.3398    26.0357    26.0246    6.78962    6.75695         19 0.0000e+00
     102429   4267.850     69.000     4.3011   3.100182     4.2640   3.094842      91.46     0.0533     3.0080     2.6398  33.515675  4.6898656   43.46414  -59.99480    32.8190    32.7933     4.2964     4.2594    26.0216    26.0051    6.82366    6.79240         18 0.0000e+00
     102448   4268.629     68.000     4.2218   3.091213     4.1698   3.084757      98.48     0.0500     3.0150     2.6459  33.474880  4.6678772   43.46414  -59.99480    32.7934    32.7694     4.2172     4.1652    26.0094    25.9956    6.88048    6.86782         20 0.0000e+00
     102471   4269.587     67.000     4.1695   3.085091     4.1177   3.078963      98.63     0.0567     3.0274     2.6602  33.448051  4.6514282   43.46414  -59.99480    32.7741    32.7537     4.1651     4.1133    25.9993    25.9883    6.97593    6.97513         27 0.0000e+00
     102504   4270.951     66.000     4.1279   3.080458     4.1004   3.076940      94.62     0.0634     3.0544     2.6841  33.447182  4.5788612   43.46414  -59.99480    32.7617    32.7477     4.1235     4.0960    25.9937    25.9853    7.10448    7.06623         37 0.0000e+00
     102538   4272.354     65.000     4.1343   3.081021     4.0940   3.075024      98.82     0.0660     3.0841     2.7076  33.445877  4.5269189   43.46416  -59.99480    32.7624    32.7320     4.1300     4.0897    25.9936    25.9735    7.17236    7.12999         27 0.0000e+00
     102560   4273.283     64.000     4.0894   3.074471     4.0576   3.069474      95.30     0.0698     3.1017     2.7221  33.446156  4.4545035   43.46416  -59.99480    32.7307    32.7035     4.0851     4.0534    25.9729    25.9544    7.19702    7.16878         20 0.0000e+00
     102578   4274.032     63.000     4.0453   3.067954     4.0157   3.063504      93.17     0.0726     3.1125     2.7323  33.444111  4.4554334   43.46416  -59.99480    32.6983    32.6754     4.0412     4.0115    25.9515    25.9362    7.20469    7.20384         17 0.0000e+00
     102595   4274.745     62.000     3.9702   3.058676     3.9191   3.051996      98.59     0.0770     3.1212     2.7421  33.379906  4.4126463   43.46416  -59.99480    32.6642    32.6363     3.9662     3.9151    25.9318    25.9146    7.23914    7.25018         17 0.0000e+00
     102613   4275.517     61.000     3.8898   3.048351     3.8453   3.043137      98.63     0.0826     3.1319     2.7527  33.360550  4.3974004   43.46416  -59.99480    32.6229    32.6056     3.8859     3.8414    25.9068    25.8973    7.28769    7.30628         20 0.0000e+00
     102637   4276.497     60.000     3.8422   3.042750     3.8259   3.040381      92.71     0.0887     3.1443     2.7669  33.325809  4.3539343   43.46416  -59.99480    32.6046    32.5928     3.8383     3.8220    25.8968    25.8890    7.32432    7.36357         28 0.0000e+00
     102669   4277.814     59.000     3.8552   3.044239     3.8571   3.043265      98.66     0.0896     3.1615     2.7863  33.281986  4.2990656   43.46418  -59.99480    32.6098    32.5963     3.8514     3.8534    25.8997    25.8888    7.38079    7.43547         34 0.0000e+00
     102702   4279.197     58.000     3.9777   3.054118     3.9370   3.050623      94.77     0.0928     3.1815     2.8095  33.225788  4.2007618   43.46418  -59.99480    32.6050    32.6042     3.9739     3.9333    25.8839    25.8873    7.42697    7.49401         32 0.0000e+00
     102732   4280.470     57.000     4.0382   3.059695     4.0857   3.063176      96.70     0.0964     3.2047     2.8301  33.158653  4.1939859   43.46418  -59.99480    32.6111    32.6049     4.0345     4.0820    25.8829    25.8732    7.50767    7.51673         29 0.0000e+00
     102760   4281.617     56.000     4.0832   3.063498     4.1916   3.071935      98.65     0.0996     3.2239     2.8417  33.066902  4.1890125   43.46420  -59.99482    32.6101    32.6032     4.0795     4.1879    25.8776    25.8613    7.48269    7.46256         26 0.0000e+00
     102786   4282.696     55.000     4.1813   3.071016     4.2879   3.078861      91.30     0.1002     3.2317     2.8425  33.001446  4.1970196   43.46420  -59.99482    32.6032    32.5896     4.1776     4.2842    25.8623    25.8407    7.40808    7.36448         26 0.0000e+00
     102810   4283.713     54.000     4.2720   3.077215     4.3740   3.084651      98.51     0.1081     3.2338     2.8380  32.960373  4.2013941   43.46420  -59.99482    32.5866    32.5726     4.2683     4.3703    25.8399    25.8184    7.39661    7.33328         24 0.0000e+00
     102835   4284.750     53.000     4.3811   3.084343     4.4433   3.089062      98.63     0.1199     3.2381     2.8364  32.862476  4.2530084   43.46420  -59.99482    32.5625    32.5562     4.3775     4.4397    25.8097    25.7982    7.34189    7.32668         25 0.0000e+00
     102862   4285.886     52.000     4.4614   3.090054     4.5745   3.099417      92.03     0.1359     3.2317     2.8382  32.813622  4.2793741   43.46421  -59.99482    32.5505    32.5480     4.4578     4.5709    25.7918    25.7781    7.29632    7.36801         30 0.0000e+00
     102897   4287.349     51.000     4.6288   3.104575     4.7053   3.111510      98.42     0.1395     3.2373     2.8473  32.691906  4.3678951   43.46422  -59.99482    32.5541    32.5603     4.6252     4.7016    25.7771    25.7739    7.35467    7.36490         42 0.0000e+00
     102971   4290.399     50.000     4.5130   3.095265     4.5098   3.095010      91.72     0.1386     3.2382     2.8455  32.550724  4.5209217   43.46422  -59.99482    32.5612    32.5614     4.5095     4.5063    25.7948    25.7952    7.29360    7.30101         59 0.0000e+00
     115385   4807.678     49.000     4.8965   3.123065     4.9262   3.125166      99.68     0.1499     3.2369     2.8476  31.834684  4.9537883   43.46630  -59.99492    32.4974    32.5026     4.9031     4.9226    25.7019    25.7041    7.25365    7.27361         59 0.0000e+00
     130699   5445.743     48.000     4.9650   3.125897     4.9600   3.125801      98.63     0.1575     3.2481     2.8642  31.858482  4.9701285   43.46881  -59.99500    32.4736    32.4773     4.9615     4.9565    25.6771    25.6806    7.32523    7.37867         21 0.0000e+00
     130659   5444.076     47.000     5.0488   3.131732     5.0604   3.133592      98.63     0.1604     3.2550     2.8730  31.860788  4.9705615   43.46880  -59.99500    32.4594    32.4695     5.0454     5.0569    25.6566    25.6633    7.37409    7.42045         19 0.0000e+00
     130679   5444.900     46.000     5.1217   3.137842     5.1738   3.142607      98.63     0.1673     3.2662     2.8826  31.858753  4.9712634   43.46880  -59.99500    32.4599    32.4630     5.1183     5.1705    25.6489    25.6455    7.40470    7.43410         21 0.0000e+00
     130702   5445.869     45.000     5.1724   3.142270     5.2158   3.145608      98.63     0.1744     3.2780     2.8932  31.859652  4.9730868   43.46881  -59.99500    32.4609    32.4569     5.1691     5.2125    25.6440    25.6360    7.40536    7.48016         26 0.0000e+00
     130732   5447.141     44.000     5.2039   3.144760     5.2492   3.148396      98.63     0.1812     3.2903     2.9188  31.799828  5.0343986   43.46882  -59.99500    32.4593    32.4557     5.2006     5.2461    25.6392    25.6311    7.44984    7.67311         34 0.0000e+00
     130764   5448.460     43.000     5.2552   3.148578     5.2879   3.151576      98.63     0.1882     3.3153     2.9623  31.777407  5.0732350   43.46882  -59.99500    32.4536    32.4561     5.2520     5.2847    25.6289    25.6272    7.61806    7.84654         29 0.0000e+00
     130790   5449.550     42.000     5.2752   3.150043     5.3464   3.156597      98.63     0.2042     3.3478     2.9983  31.752312  5.1200242   43.46883  -59.99500    32.4514    32.4571     5.2721     5.3432    25.6249    25.6213    7.76591    8.04541         23 0.0000e+00
     130812   5450.464     41.000     5.3839   3.159336     5.5178   3.171468      98.63     0.2387     3.3816     3.0486  31.738611  5.1374536   43.46884  -59.99500    32.4524    32.4606     5.3808     5.5147    25.6133    25.6043    7.97577    8.24334         21 0.0000e+00
     130832   5451.290     40.000     5.6741   3.182621     5.7861   3.194038      98.63     0.2711     3.4351     3.0857  31.726648  5.1653557   43.46884  -59.99500    32.4387    32.4575     5.6710     5.7829    25.5687    25.5703    8.19973    8.10619         19 0.0000e+00
     130851   5452.090     39.000     5.8367   3.197261     5.9612   3.208120      98.63     0.3008     3.4894     3.0990  31.727402  5.1638589   43.46884  -59.99500    32.4455    32.4480     5.8336     5.9580    25.5548    25.5417    8.14014    7.92182         19 0.0000e+00
     130871   5452.933     38.000     5.9963   3.209639     6.1879   3.226439      98.63     0.3055     3.5131     3.0986  31.649454  5.1940808   43.46884  -59.99500    32.4336    32.4362     5.9932     6.1848    25.5261    25.5046    7.90296    7.79974         22 0.0000e+00
     130894   5453.868     37.000     6.1721   3.223945     6.6739   3.266393      98.63     0.2800     3.5161     3.0943  31.641258  5.1976981   43.46884  -59.99500    32.4240    32.4168     6.1691     6.6707    25.4969    25.4276    7.72900    7.72472         24 0.0000e+00
     130922   5455.032     36.000     6.7161   3.267318     7.4340   3.329169      98.63     0.2423     3.5080     3.0858  31.491631  5.4525924   43.46884  -59.99500    32.3875    32.3865     6.7130     7.4307    25.3989    25.3022    7.56800    7.57934         32 0.0000e+00
     130955   5456.398     35.000     7.4479   3.323783     8.1144   3.391110      98.63     0.2228     3.4985     3.0752  31.290213  5.7841511   43.46886  -59.99500    32.3162    32.4172     7.4447     8.1110    25.2450    25.2294    7.44468    7.44060         31 0.0000e+00
     130981   5457.497     34.000     8.4290   3.392607     9.5821   3.510462      98.63     0.2232     3.4966     3.0749  30.978664  6.3199849   43.46886  -59.99500    32.1442    32.3221     8.4256     9.5784    24.9694    24.9305    7.34320    7.37710         22 0.0000e+00
     131001   5458.321     33.000     9.7518   3.514918    10.0385   3.544183      98.63     0.2253     3.5038     3.0899  30.933977  6.4226274   43.46886  -59.99500    32.2156    32.2565     9.7482    10.0348    24.8200    24.8050    7.22813    7.26700         18 0.0000e+00
     131018   5459.056     32.000     9.9911   3.537933    10.1688   3.552821      98.63     0.2256     3.5208     3.1095  30.703762  7.0614834   43.46886  -59.99500    32.2360    32.2281     9.9875    10.1652    24.7968    24.7612    7.27675    7.23175         18 0.0000e+00
     131036   5459.810     31.000    10.1498   3.550369    10.2462   3.558378      98.63     0.2260     3.5406     3.1126  30.702499  7.0651045   43.46886  -59.99500    32.2207    32.2157    10.1463    10.2427    24.7586    24.7386    7.23970    7.06478         19 0.0000e+00
     131058   5460.716     30.000    10.2286   3.556448    10.2944   3.561878      98.63     0.2201     3.5410     3.0914  30.452765  7.3012638   43.46886  -59.99500    32.2123    32.2085    10.2253    10.2911    24.7388    24.7248    7.06983    6.86738         25 0.0000e+00
     131088   5461.958     29.000    10.2609   3.558673    10.3212   3.563136      98.63     0.2168     3.5101     3.0506  30.307707  7.4879375   43.46887  -59.99500    32.2065    32.1979    10.2576    10.3179    24.7289    24.7120    6.87155    6.75503         33 0.0000e+00
     131119   5463.264     28.000    10.2831   3.560003    10.3124   3.561563      98.63     0.2088     3.4689     3.0255  30.078659  8.5805321   43.46888  -59.99500    32.2006    32.1903    10.2799    10.3092    24.7205    24.7076    6.80512    6.80859         28 0.0000e+00
     131144   5464.276     27.000    10.3439   3.564464    10.4824   3.578293      98.63     0.2036     3.4515     3.0253  30.077215  8.5816936   43.46888  -59.99500    32.1919    32.2079    10.3409    10.4793    24.7035    24.6924    6.84909    6.85268         22 0.0000e+00
     131165   5465.164     26.000    10.7843   3.604671    11.1562   3.641999      98.63     0.1801     3.4477     3.0262  30.044754  8.7491255   43.46888  -59.99500    32.2048    32.2472    10.7813    11.1531    24.6380    24.6057    6.82497    6.75449         21 0.0000e+00
     131187   5466.067     25.000    11.4142   3.662412    12.0313   3.721819      98.63     0.1474     3.4479     3.0180  30.043953  8.7498064   43.46888  -59.99502    32.2227    32.2642    11.4111    12.0282    24.5406    24.4602    6.74688    6.63055         22 0.0000e+00
     131209   5467.010     24.000    12.0474   3.719477    12.4518   3.756870      98.63     0.1283     3.4481     3.0190  30.015627  8.9117775   43.46889  -59.99502    32.2283    32.2391    12.0444    12.4487    24.4294    24.3617    6.68307    6.61736         23 0.0000e+00
     131232   5467.938     23.000    12.3250   3.744309    12.5891   3.767347      98.63     0.1228     3.4557     3.0326  30.016651  8.9194193   43.46890  -59.99502    32.2282    32.2217    12.3220    12.5861    24.3773    24.3220    6.70423    6.63829         22 0.0000e+00
     131252   5468.797     22.000    12.4606   3.752379    12.5724   3.760141      98.63     0.1191     3.4685     3.0426  29.634668  9.4937592   43.46890  -59.99502    32.1894    32.1678    12.4577    12.5695    24.3216    24.2835    6.71898    6.61241         20 0.0000e+00
