data/CTD/2014/CNV/u017a059.cnv
* Sea-Bird SBE 9 Data File:
* FileName = C:\CTD_ACQUISITION\2014017HUD\ctddata\017A059.hdr
* Software Version Seasave V 7.22.2
* Temperature SN = 5081
* Conductivity SN = 3561
* Number of Bytes Per Scan = 37
* Number of Voltage Words = 4
* Number of Scans Averaged by the Deck Unit = 1
* NMEA Latitude = 43 27.28 N
* NMEA Longitude = 059 59.20 W
* NMEA UTC (Time) = Jul 13 2014 21:54:45
* NMEA baud rate = 9600
** Ship: Hudson
** Cruise: HUD2014017
** Chief_Scientist: Blair Greenan
** Organization: BIO
** Area_of_Operation: Sackville Spur
** Station: 059
** Sounding:  1260
** Event_Comments: LC3, 0
** Microcat calibration cast.
# nquan = 25
# nvalues = 252                         
# units = specified
# name 0 = scan: Scan Count
# name 1 = timeS: Time, Elapsed [seconds]
# name 2 = prDM: Pressure, Digiquartz [db]
# name 3 = t068C: Temperature [ITS-68, deg C]
# name 4 = c0S/m: Conductivity [S/m]
# name 5 = t168C: Temperature, 2 [ITS-68, deg C]
# name 6 = c1S/m: Conductivity, 2 [S/m]
# name 7 = altM: Altimeter [m]
# name 8 = flC: Fluorescence, Chelsea Aqua 3 Chl Con [ug/l]
# name 9 = sbeox0V: Oxygen raw, SBE 43 [V]
# name 10 = sbeox1V: Oxygen raw, SBE 43, 2 [V]
# name 11 = upoly0: Upoly 0, Optode 4330F - O2 D-Phase
# name 12 = upoly1: Upoly 1, Optode 4330F - O2 Temp
# name 13 = latitude: Latitude [deg]
# name 14 = longitude: Longitude [deg]
# name 15 = sal00: Salinity, Practical [PSU]
# name 16 = sal11: Salinity, Practical, 2 [PSU]
# name 17 = potemp068C: Potential Temperature [ITS-68, deg C]
# name 18 = potemp168C: Potential Temperature, 2 [ITS-68, deg C]
# name 19 = sigma-é00: Density [sigma-theta, Kg/m^3]
# name 20 = sigma-é11: Density, 2 [sigma-theta, Kg/m^3]
# name 21 = sbeox0ML/L: Oxygen, SBE 43 [ml/l], WS = 2
# name 22 = sbeox1ML/L: Oxygen, SBE 43, 2 [ml/l], WS = 2
# name 23 = nbin: number of scans per bin
# name 24 = flag: flag
# span 0 =      25668,     131744       
# span 1 =   1069.440,   5489.286       
# span 2 =      1.000,    252.000       
# span 3 =     3.8422,    14.7297       
# span 4 =   3.042750,   3.992986       
# span 5 =     3.8259,    14.9429       
# span 6 =   3.040381,   3.994122       
# span 7 =      56.26,     100.24       
# span 8 =     0.0123,     0.3055       
# span 9 =     1.9265,     3.5410       
# span 10 =     1.6593,     3.1126      
# span 11 =  28.900909,  39.492538      
# span 12 =  4.1890125,  13.355922      
# span 13 =   43.45634,   43.46898      
# span 14 =  -59.99502,  -59.98901      
# span 15 =    31.7144,    35.3439      
# span 16 =    31.7088,    35.3454      
# span 17 =     3.8383,    14.7296      
# span 18 =     3.8220,    14.9427      
# span 19 =    23.4985,    27.1263      
# span 20 =    23.4490,    27.1254      
# span 21 =    3.36590,    8.19973      
# span 22 =    3.14739,    8.24334      
# span 23 =         16,         97      
# span 24 = 0.0000e+00, 0.0000e+00      
# interval = decibars: 1                
# start_time = Jul 13 2014 21:54:45 [NMEA time, header]
# bad_flag = -9.990e-29
*END*
      25668   1069.440    252.000    10.2913   3.875252    10.2886   3.874905      98.03     0.0178     1.9265     1.6593  39.492538  10.336487   43.45634  -59.98901    35.2805    35.2789    10.2613    10.2586    27.1263    27.1254    3.36590    3.14739         87 0.0000e+00
      43356   1806.445    251.000    10.4349   3.890240    10.4302   3.889621      80.41     0.0199     1.9476     1.6730  39.347435  10.473624   43.45710  -59.99065    35.2930    35.2913    10.4048    10.4001    27.1109    27.1104    3.42224    3.19261         34 0.0000e+00
      43317   1804.819    250.000    10.4363   3.890332    10.4354   3.890086      98.43     0.0167     1.9530     1.6776  39.345177  10.473157   43.45710  -59.99064    35.2930    35.2915    10.4063    10.4054    27.1106    27.1096    3.43964    3.20278         31 0.0000e+00
      43346   1806.050    249.000    10.4365   3.890303    10.4362   3.890109      70.34     0.0167     1.9572     1.6807  39.343632  10.473980   43.45710  -59.99064    35.2930    35.2914    10.4067    10.4063    27.1105    27.1093    3.44377    3.20428         27 0.0000e+00
      43372   1807.122    248.000    10.4362   3.890226    10.4359   3.890031      99.09     0.0151     1.9599     1.6827  39.319508  10.482847   43.45710  -59.99066    35.2929    35.2913    10.4065    10.4061    27.1105    27.1093    3.44524    3.20437         24 0.0000e+00
      43394   1808.052    247.000    10.4369   3.890214    10.4372   3.890105      98.62     0.0172     1.9615     1.6836  39.319370  10.482761   43.45710  -59.99066    35.2926    35.2913    10.4073    10.4076    27.1101    27.1090    3.44601    3.20645         21 0.0000e+00
      43413   1808.853    246.000    10.4453   3.890944    10.4488   3.891193      61.68     0.0194     1.9635     1.6850  39.318680  10.490421   43.45710  -59.99066    35.2922    35.2915    10.4160    10.4193    27.1082    27.1071    3.44970    3.21010         18 0.0000e+00
      43431   1809.599    245.000    10.4521   3.891587    10.4613   3.892366      92.66     0.0241     1.9644     1.6859  39.319489  10.492053   43.45710  -59.99066    35.2927    35.2917    10.4227    10.4319    27.1075    27.1051    3.45198    3.21593         18 0.0000e+00
      43450   1810.356    244.000    10.4600   3.892330    10.4693   3.893144      98.64     0.0279     1.9664     1.6879  39.317043  10.492064   43.45710  -59.99066    35.2931    35.2922    10.4307    10.4400    27.1064    27.1041    3.45736    3.22778         18 0.0000e+00
      43469   1811.164    243.000    10.4681   3.893136    10.4769   3.893925      98.63     0.0217     1.9680     1.6910  39.308243  10.492064   43.45710  -59.99066    35.2938    35.2933    10.4389    10.4477    27.1055    27.1035    3.46262    3.23668         21 0.0000e+00
      43492   1812.110    242.000    10.4808   3.894379    10.4910   3.895414      67.82     0.0211     1.9713     1.6941  39.304672  10.492064   43.45710  -59.99066    35.2946    35.2952    10.4517    10.4619    27.1038    27.1025    3.47564    3.24283         25 0.0000e+00
      43521   1813.321    241.000    10.4894   3.895312    10.5089   3.897296      98.31     0.0234     1.9759     1.6982  39.260963  10.494115   43.45712  -59.99067    35.2961    35.2973    10.4605    10.4799    27.1034    27.1009    3.48203    3.25003         33 0.0000e+00
      43552   1814.646    240.000    10.5292   3.899375    10.5295   3.899317      74.60     0.0227     1.9796     1.7010  39.244671  10.507771   43.45712  -59.99068    35.2991    35.2983    10.5003    10.5006    27.0988    27.0981    3.47985    3.24347         29 0.0000e+00
      43577   1815.673    239.000    10.5484   3.901426    10.5640   3.903201      93.56     0.0202     1.9812     1.7016  39.229988  10.520512   43.45712  -59.99068    35.3017    35.3046    10.5195    10.5351    27.0974    27.0969    3.47716    3.24197         21 0.0000e+00
      43596   1816.462    238.000    10.5936   3.906246    10.5999   3.907318      98.65     0.0176     1.9820     1.7027  39.219513  10.528300   43.45712  -59.99068    35.3072    35.3119    10.5648    10.5710    27.0936    27.0962    3.47732    3.24424         17 0.0000e+00
      43613   1817.152    237.000    10.6365   3.910700    10.6541   3.912802      98.62     0.0138     1.9834     1.7039  39.192078  10.550859   43.45712  -59.99068    35.3111    35.3153    10.6077    10.6253    27.0890    27.0892    3.48173    3.24290         16 0.0000e+00
      43629   1817.814    236.000    10.6631   3.913695    10.6835   3.915748      61.39     0.0145     1.9855     1.7045  39.190472  10.550672   43.45712  -59.99068    35.3159    35.3170    10.6345    10.6548    27.0881    27.0852    3.48450    3.23913         16 0.0000e+00
      43645   1818.498    235.000    10.6880   3.916188    10.7025   3.917717      86.11     0.0129     1.9869     1.7049  39.175648  10.556974   43.45712  -59.99068    35.3175    35.3189    10.6594    10.6739    27.0848    27.0833    3.47886    3.23632         17 0.0000e+00
      43664   1819.303    234.000    10.7016   3.917585    10.7179   3.919297      98.49     0.0168     1.9873     1.7054  39.143223  10.570060   43.45712  -59.99068    35.3189    35.3204    10.6731    10.6894    27.0834    27.0817    3.47338    3.23992         22 0.0000e+00
      43692   1820.470    233.000    10.7084   3.918282    10.7224   3.919546      78.98     0.0176     1.9879     1.7071  39.117970  10.596863   43.45712  -59.99069    35.3198    35.3189    10.6800    10.6940    27.0829    27.0798    3.47270    3.24259         35 0.0000e+00
      43727   1821.930    232.000    10.7077   3.918126    10.6930   3.916404      95.63     0.0165     1.9889     1.7083  39.082932  10.637924   43.45712  -59.99070    35.3193    35.3162    10.6795    10.6647    27.0826    27.0829    3.47968    3.24858         31 0.0000e+00
      43752   1822.968    231.000    10.7314   3.920409    10.7320   3.920684      98.66     0.0190     1.9906     1.7106  39.056091  10.671457   43.45712  -59.99070    35.3199    35.3221    10.7032    10.7038    27.0788    27.0805    3.48704    3.26758         21 0.0000e+00
      43771   1823.751    230.000    10.7566   3.923341    10.7595   3.923712      65.67     0.0189     1.9924     1.7147  39.054947  10.676511   43.45712  -59.99070    35.3255    35.3264    10.7285    10.7314    27.0787    27.0789    3.50342    3.29277         17 0.0000e+00
      43788   1824.471    229.000    10.7806   3.925870    10.7911   3.927187      83.00     0.0165     1.9972     1.7202  39.041782  10.677091   43.45712  -59.99070    35.3283    35.3313    10.7525    10.7631    27.0765    27.0770    3.52588    3.30806         17 0.0000e+00
      43806   1825.215    228.000    10.7966   3.927732    10.8111   3.929196      98.77     0.0141     2.0025     1.7249  39.013817  10.675066   43.45712  -59.99070    35.3319    35.3326    10.7687    10.7832    27.0765    27.0744    3.54224    3.30811         19 0.0000e+00
      43827   1826.079    227.000    10.8156   3.929685    10.8185   3.929930      98.63     0.0167     2.0090     1.7282  39.014175  10.677219   43.45712  -59.99070    35.3337    35.3334    10.7877    10.7907    27.0744    27.0736    3.54980    3.30203         23 0.0000e+00
      43852   1827.105    226.000    10.8175   3.929856    10.8241   3.930431      66.19     0.0212     2.0147     1.7305  38.977150  10.723900   43.45712  -59.99072    35.3340    35.3334    10.7898    10.7964    27.0743    27.0726    3.54609    3.30305         26 0.0000e+00
      43877   1828.174    225.000    10.8238   3.930428    10.8302   3.930772      98.84     0.0240     2.0171     1.7331  38.975227  10.729266   43.45714  -59.99072    35.3341    35.3316    10.7962    10.8026    27.0732    27.0701    3.53891    3.30911         25 0.0000e+00
      43900   1829.122    224.000    10.8267   3.930490    10.8317   3.930506      98.62     0.0208     2.0197     1.7350  38.953144  10.765462   43.45714  -59.99072    35.3324    35.3278    10.7993    10.8042    27.0713    27.0669    3.54919    3.31880         21 0.0000e+00
      43920   1829.969    223.000    10.8339   3.930811    10.8550   3.932837      56.26     0.0195     2.0218     1.7387  38.953114  10.765568   43.45714  -59.99072    35.3291    35.3291    10.8066    10.8276    27.0675    27.0637    3.56456    3.35044         20 0.0000e+00
      43940   1830.779    222.000    10.8726   3.934644    10.9128   3.939099      98.08     0.0188     2.0274     1.7461  38.927330  10.779745   43.45714  -59.99072    35.3305    35.3367    10.8453    10.8854    27.0616    27.0591    3.60467    3.40022         19 0.0000e+00
      43960   1831.622    221.000    10.9184   3.939596    10.9486   3.943008      98.62     0.0168     2.0383     1.7589  38.913361  10.785085   43.45714  -59.99072    35.3368    35.3418    10.8911    10.9213    27.0582    27.0566    3.66479    3.46108         21 0.0000e+00
      43983   1832.572    220.000    10.9488   3.942906    10.9668   3.944958      75.59     0.0178     2.0565     1.7766  38.883011  10.795525   43.45714  -59.99073    35.3411    35.3442    10.9216    10.9396    27.0560    27.0552    3.72982    3.51704         25 0.0000e+00
      44008   1833.627    219.000    10.9635   3.944556    10.9760   3.945886      87.28     0.0211     2.0788     1.7968  38.849751  10.809748   43.45714  -59.99074    35.3439    35.3451    10.9364    10.9489    27.0555    27.0542    3.77921    3.57608         25 0.0000e+00
      44034   1834.688    218.000    10.9804   3.946144    10.9881   3.947035      98.86     0.0209     2.0987     1.8180  38.816936  10.846386   43.45714  -59.99074    35.3439    35.3454    10.9534    10.9611    27.0525    27.0522    3.81272    3.62768         25 0.0000e+00
      44056   1835.641    217.000    10.9841   3.946168    10.9994   3.947566      72.67     0.0176     2.1160     1.8354  38.790783  10.872042   43.45714  -59.99074    35.3411    35.3403    10.9572    10.9726    27.0495    27.0461    3.85724    3.66800         21 0.0000e+00
      44077   1836.482    216.000    10.9780   3.944380    10.9588   3.941142      80.78     0.0167     2.1332     1.8509  38.769810  10.880980   43.45714  -59.99074    35.3295    35.3156    10.9512    10.9321    27.0416    27.0342    3.91096    3.71334         19 0.0000e+00
      44095   1837.252    215.000    10.9218   3.937167    10.8709   3.929797      98.67     0.0224     2.1504     1.8656  38.732506  10.902375   43.45714  -59.99074    35.3118    35.2869    10.8953    10.8445    27.0380    27.0278    3.96720    3.76331         19 0.0000e+00
      44114   1838.030    214.000    10.8332   3.926506    10.7889   3.919508      98.63     0.0225     2.1690     1.8812  38.732601  10.902320   43.45714  -59.99074    35.2907    35.2631    10.8070    10.7627    27.0374    27.0239    4.02717    3.81663         19 0.0000e+00
      44134   1838.881    213.000    10.7827   3.919536    10.7126   3.909664      58.74     0.0186     2.1905     1.8982  38.685486  10.906682   43.45714  -59.99074    35.2698    35.2381    10.7567    10.6867    27.0302    27.0180    4.07964    3.86055         22 0.0000e+00
      44159   1839.932    212.000    10.7148   3.910251    10.6108   3.896772      98.44     0.0210     2.2143     1.9164  38.674053  10.907548   43.45714  -59.99075    35.2423    35.2068    10.6890    10.5851    27.0209    27.0117    4.11728    3.89298         28 0.0000e+00
      44188   1841.119    211.000    10.6125   3.898828    10.5360   3.887429      98.43     0.0221     2.2356     1.9317  38.546944  10.846932   43.45714  -59.99076    35.2234    35.1850    10.5899    10.5106    27.0238    27.0079    4.14118    3.91717         27 0.0000e+00
      44213   1842.146    210.000    10.5198   3.886898    10.4433   3.875945      58.76     0.0211     2.2480     1.9412  38.540649  10.843175   43.45714  -59.99076    35.1958    35.1588    10.4945    10.4182    27.0192    27.0037    4.14911    3.93070         23 0.0000e+00
      44233   1843.007    209.000    10.4075   3.872238    10.3705   3.866386      98.94     0.0205     2.2554     1.9467  38.428631  10.707409   43.45714  -59.99076    35.1563    35.1327    10.3826    10.3457    27.0081    26.9961    4.16845    3.95471         19 0.0000e+00
      44252   1843.794    208.000    10.3518   3.864144    10.3006   3.857435      98.63     0.0191     2.2621     1.9533  38.429535  10.706956   43.45714  -59.99076    35.1284    35.1098    10.3271    10.2760    26.9961    26.9905    4.19018    3.99329         19 0.0000e+00
      44271   1844.586    207.000    10.2875   3.856241    10.2508   3.851232      74.13     0.0216     2.2691     1.9618  38.329063  10.674977   43.45715  -59.99076    35.1108    35.0954    10.2630    10.2263    26.9935    26.9879    4.21879    4.02189         20 0.0000e+00
      44299   1845.739    206.000    10.2653   3.853535    10.2392   3.849643      86.72     0.0204     2.2815     1.9705  38.226669  10.640352   43.45716  -59.99077    35.1052    35.0907    10.2409    10.2149    26.9930    26.9861    4.24809    4.02445         36 0.0000e+00
      44338   1847.362    205.000    10.2610   3.852968    10.2565   3.851542      81.09     0.0205     2.2922     1.9753  37.967960  10.504406   43.45716  -59.99078    35.1041    35.0940    10.2367    10.2323    26.9928    26.9857    4.23674    4.00369         39 0.0000e+00
      44371   1848.732    204.000    10.2631   3.852737    10.2638   3.852508      89.52     0.0165     2.2966     1.9774  37.798946  10.471560   43.45716  -59.99078    35.1001    35.0971    10.2390    10.2401    26.9893    26.9868    4.25369    4.02416         27 0.0000e+00
      44396   1849.775    203.000    10.2611   3.851994    10.2814   3.853940      98.66     0.0194     2.3030     1.9792  37.698017  10.452918   43.45716  -59.99078    35.0950    35.0951    10.2372    10.2578    26.9856    26.9822    4.26251    3.99912         24 0.0000e+00
      44419   1850.754    202.000    10.3035   3.856300    10.4047   3.868119      63.34     0.0194     2.3037     1.9757  37.534019  10.445392   43.45716  -59.99078    35.0982    35.1204    10.2796    10.3806    26.9807    26.9804    4.21481    3.97963         24 0.0000e+00
      44446   1851.872    201.000    10.4637   3.873932    10.5517   3.884706      94.75     0.0181     2.2971     1.9742  37.454830  10.442697   43.45716  -59.99079    35.1228    35.1469    10.4397    10.5275    26.9719    26.9752    4.17863    3.97282         31 0.0000e+00
      44540   1855.807    200.000    10.6060   3.890763    10.6784   3.898692      86.60     0.0198     2.2917     1.9749  37.047802  10.602124   43.45716  -59.99080    35.1561    35.1664    10.5818    10.6541    26.9726    26.9680    4.17104    3.96873         75 0.0000e+00
      62531   2605.421    199.000    11.0079   3.936236    10.9482   3.929545      69.30     0.0193     2.3217     2.0126  35.871052  10.937665   43.45879  -59.99249    35.2269    35.2179    10.9833    10.9240    26.9558    26.9596    4.24312    4.05805         38 0.0000e+00
      73037   3043.164    198.000    11.0779   3.943832    11.0615   3.942180      99.11     0.0245     2.3455     2.0432  35.887726  10.918003   43.45978  -59.99344    35.2362    35.2354    11.0533    11.0369    26.9503    26.9527    4.31964    4.17625         22 0.0000e+00
      72814   3033.895    197.000    11.1218   3.948880    11.1316   3.950204      98.62     0.0215     2.3539     2.0554  35.891575  10.917460   43.45976  -59.99342    35.2450    35.2488    11.0973    11.1070    26.9491    26.9503    4.34644    4.22807         20 0.0000e+00
      72835   3034.766    196.000    11.1504   3.952023    11.1673   3.953631      78.33     0.0215     2.3663     2.0703  35.869587  10.966866   43.45976  -59.99342    35.2493    35.2492    11.1260    11.1428    26.9473    26.9441    4.40694    4.27247         22 0.0000e+00
