data/CTD/2014/CNV/u017a055.cnv
* Sea-Bird SBE 9 Data File:
* FileName = C:\CTD_ACQUISITION\2014017HUD\ctddata\017A055.hdr
* Software Version Seasave V 7.22.2
* Temperature SN = 5081
* Conductivity SN = 3561
* Number of Bytes Per Scan = 37
* Number of Voltage Words = 4
* Number of Scans Averaged by the Deck Unit = 1
* NMEA Latitude = 43 29.83 N
* NMEA Longitude = 059 16.64 W
* NMEA UTC (Time) = Jul 13 2014 12:05:02
* NMEA baud rate = 9600
** Ship: Hudson
** Cruise: HUD2014017
** Chief_Scientist: Blair Greenan
** Organization: BIO
** Area_of_Operation: Sackville Spur
** Station: 055
** Sounding:  1445
** Event_Comments: LC2 , 0
# nquan = 25
# nvalues = 1675                        
# units = specified
# name 0 = scan: Scan Count
# name 1 = timeS: Time, Elapsed [seconds]
# name 2 = prDM: Pressure, Digiquartz [db]
# name 3 = t068C: Temperature [ITS-68, deg C]
# name 4 = c0S/m: Conductivity [S/m]
# name 5 = t168C: Temperature, 2 [ITS-68, deg C]
# name 6 = c1S/m: Conductivity, 2 [S/m]
# name 7 = altM: Altimeter [m]
# name 8 = flC: Fluorescence, Chelsea Aqua 3 Chl Con [ug/l]
# name 9 = sbeox0V: Oxygen raw, SBE 43 [V]
# name 10 = sbeox1V: Oxygen raw, SBE 43, 2 [V]
# name 11 = upoly0: Upoly 0, Optode 4330F - O2 D-Phase
# name 12 = upoly1: Upoly 1, Optode 4330F - O2 Temp
# name 13 = latitude: Latitude [deg]
# name 14 = longitude: Longitude [deg]
# name 15 = sal00: Salinity, Practical [PSU]
# name 16 = sal11: Salinity, Practical, 2 [PSU]
# name 17 = potemp068C: Potential Temperature [ITS-68, deg C]
# name 18 = potemp168C: Potential Temperature, 2 [ITS-68, deg C]
# name 19 = sigma-é00: Density [sigma-theta, Kg/m^3]
# name 20 = sigma-é11: Density, 2 [sigma-theta, Kg/m^3]
# name 21 = sbeox0ML/L: Oxygen, SBE 43 [ml/l], WS = 2
# name 22 = sbeox1ML/L: Oxygen, SBE 43, 2 [ml/l], WS = 2
# name 23 = nbin: number of scans per bin
# name 24 = flag: flag
# span 0 =      51322,      91387       
# span 1 =   2138.395,   3807.766       
# span 2 =      1.000,   1675.000       
# span 3 =     3.7532,    15.3984       
# span 4 =   3.301643,   4.035419       
# span 5 =     3.7513,    15.4055       
# span 6 =   3.301485,   4.036119       
# span 7 =       7.12,     100.37       
# span 8 =     0.0084,     0.3459       
# span 9 =     2.0933,     3.6119       
# span 10 =     1.8041,     3.1416      
# span 11 =  29.002604,  38.360729      
# span 12 =  3.7574327,  14.612697      
# span 13 =   43.49703,   43.49812      
# span 14 =  -59.28651,  -59.28359      
# span 15 =    32.3075,    35.1832      
# span 16 =    32.2884,    35.1967      
# span 17 =     3.6199,    15.3980      
# span 18 =     3.6181,    15.4051      
# span 19 =    23.8115,    27.7798      
# span 20 =    23.7950,    27.7801      
# span 21 =    3.86756,    8.07178      
# span 22 =    3.65480,    7.93864      
# span 23 =         15,         74      
# span 24 = 0.0000e+00, 0.0000e+00      
# interval = decibars: 1                
# start_time = Jul 13 2014 12:05:02 [NMEA time, header]
# bad_flag = -9.990e-29
*END*
[from data line 580]
      66105   2754.341   1095.000     4.2420   3.321432     4.2419   3.321417      98.00     0.0177     2.4956     2.1855  34.849815  4.2543597   43.49780  -59.28486    34.9482    34.9481     4.1555     4.1554    27.7286    27.7286    6.05288    5.96242         24 0.0000e+00
      66131   2755.407   1094.000     4.2425   3.321429     4.2421   3.321389      98.63     0.0179     2.4953     2.1855  34.850353  4.2535682   43.49780  -59.28486    34.9481    34.9481     4.1561     4.1557    27.7285    27.7286    6.05184    5.96318         27 0.0000e+00
      66158   2756.558   1093.000     4.2429   3.321429     4.2424   3.321366      98.63     0.0186     2.4959     2.1860  34.850910  4.2513590   43.49780  -59.28486    34.9482    34.9480     4.1566     4.1561    27.7286    27.7285    6.05607    5.96332         27 0.0000e+00
      66184   2757.620   1092.000     4.2430   3.321376     4.2425   3.321324      98.63     0.0175     2.4960     2.1854  34.849777  4.2542233   43.49780  -59.28486    34.9480    34.9479     4.1567     4.1562    27.7284    27.7284    6.05116    5.95071         23 0.0000e+00
      66205   2758.507   1091.000     4.2429   3.321323     4.2426   3.321307      98.63     0.0156     2.4959     2.1851  34.849815  4.2527041   43.49780  -59.28486    34.9479    34.9481     4.1568     4.1564    27.7283    27.7285    6.04951    5.95798         20 0.0000e+00
      66224   2759.307   1090.000     4.2432   3.321316     4.2432   3.321319      45.55     0.0183     2.4961     2.1854  34.849815  4.2554965   43.49780  -59.28488    34.9481    34.9481     4.1572     4.1571    27.7284    27.7284    6.05029    5.96130         19 0.0000e+00
      66243   2760.087   1089.000     4.2437   3.321334     4.2436   3.321312      90.11     0.0178     2.4960     2.1855  34.849041  4.2544127   43.49780  -59.28488    34.9483    34.9482     4.1577     4.1576    27.7285    27.7284    6.05544    5.95832         19 0.0000e+00
      66263   2760.924   1088.000     4.2440   3.321326     4.2437   3.321297      98.49     0.0152     2.4966     2.1855  34.847836  4.2551770   43.49780  -59.28488    34.9483    34.9483     4.1582     4.1578    27.7285    27.7285    6.05251    5.95644         22 0.0000e+00
      66287   2761.925   1087.000     4.2443   3.321308     4.2440   3.321264      98.63     0.0117     2.4966     2.1856  34.836624  4.2539644   43.49780  -59.28488    34.9483    34.9482     4.1585     4.1582    27.7284    27.7284    6.05198    5.95660         27 0.0000e+00
      66316   2763.108   1086.000     4.2443   3.321259     4.2439   3.321209      98.63     0.0106     2.4971     2.1855  34.841988  4.2551937   43.49780  -59.28488    34.9482    34.9481     4.1586     4.1582    27.7284    27.7284    6.04870    5.95392         28 0.0000e+00
      66342   2764.208   1085.000     4.2442   3.321199     4.2438   3.321159      98.63     0.0103     2.4964     2.1855  34.849964  4.2556038   43.49780  -59.28488    34.9482    34.9481     4.1586     4.1582    27.7283    27.7283    6.04338    5.95306         24 0.0000e+00
      66365   2765.159   1084.000     4.2444   3.321165     4.2438   3.321122      74.06     0.0112     2.4966     2.1854  34.849140  4.2560840   43.49780  -59.28488    34.9481    34.9482     4.1588     4.1583    27.7283    27.7284    6.04696    5.95376         22 0.0000e+00
      66387   2766.064   1083.000     4.2443   3.321132     4.2438   3.321079      68.78     0.0125     2.4964     2.1857  34.847816  4.2574115   43.49780  -59.28488    34.9483    34.9482     4.1588     4.1584    27.7284    27.7283    6.05016    5.96198         22 0.0000e+00
      66409   2766.990   1082.000     4.2443   3.321095     4.2438   3.321034      98.32     0.0152     2.4974     2.1867  34.846642  4.2575240   43.49780  -59.28490    34.9483    34.9482     4.1590     4.1585    27.7284    27.7283    6.05786    5.97044         23 0.0000e+00
      66432   2767.969   1081.000     4.2443   3.321049     4.2437   3.320990      98.63     0.0155     2.4977     2.1875  34.835285  4.2584357   43.49780  -59.28490    34.9483    34.9482     4.1591     4.1584    27.7284    27.7284    6.05305    5.96270         24 0.0000e+00
      66456   2768.953   1080.000     4.2442   3.320999     4.2437   3.320948      98.63     0.0161     2.4984     2.1876  34.838329  4.2571082   43.49780  -59.28490    34.9483    34.9482     4.1591     4.1586    27.7284    27.7284    6.05462    5.95692         23 0.0000e+00
      66479   2769.914   1079.000     4.2442   3.320955     4.2446   3.320985      98.63     0.0158     2.4987     2.1876  34.849781  4.2575235   43.49780  -59.28490    34.9483    34.9482     4.1591     4.1595    27.7284    27.7283    6.05186    5.95683         23 0.0000e+00
      66503   2770.908   1078.000     4.2450   3.320976     4.2459   3.321085      98.63     0.0164     2.4988     2.1874  34.849815  4.2588887   43.49780  -59.28490    34.9482    34.9485     4.1600     4.1609    27.7282    27.7284    6.04695    5.95364         25 0.0000e+00
      66528   2771.951   1077.000     4.2478   3.321205     4.2483   3.321253      50.90     0.0147     2.4984     2.1875  34.849815  4.2557960   43.49780  -59.28490    34.9485    34.9485     4.1629     4.1633    27.7281    27.7281    6.04325    5.95952         25 0.0000e+00
      66552   2772.966   1076.000     4.2473   3.321102     4.2512   3.321462      98.99     0.0147     2.4984     2.1879  34.849815  4.2571101   43.49780  -59.28490    34.9484    34.9485     4.1624     4.1663    27.7281    27.7277    6.04881    5.96064         23 0.0000e+00
      66574   2773.882   1075.000     4.2506   3.321363     4.2548   3.321755      98.63     0.0142     2.4990     2.1885  34.849815  4.2600946   43.49780  -59.28490    34.9484    34.9485     4.1658     4.1700    27.7278    27.7274    6.05265    5.96173         21 0.0000e+00
      66595   2774.756   1074.000     4.2543   3.321681     4.2568   3.321911      98.63     0.0161     2.4991     2.1887  34.849815  4.2600732   43.49780  -59.28491    34.9488    34.9487     4.1695     4.1721    27.7276    27.7273    6.04510    5.96012         21 0.0000e+00
      66617   2775.668   1073.000     4.2571   3.321868     4.2578   3.321949      98.63     0.0188     2.4992     2.1891  34.835773  4.2600732   43.49780  -59.28492    34.9485    34.9487     4.1724     4.1731    27.7271    27.7272    6.04055    5.95573         23 0.0000e+00
      66641   2776.673   1072.000     4.2582   3.321939     4.2581   3.321928      98.63     0.0159     2.4986     2.1886  34.835159  4.2600732   43.49780  -59.28492    34.9486    34.9486     4.1736     4.1735    27.7271    27.7271    6.04289    5.94567         25 0.0000e+00
      66665   2777.684   1071.000     4.2584   3.321907     4.2583   3.321898      98.63     0.0145     2.4994     2.1882  34.849422  4.2626662   43.49780  -59.28492    34.9486    34.9486     4.1739     4.1738    27.7270    27.7270    6.04763    5.94886         23 0.0000e+00
      66688   2778.607   1070.000     4.2589   3.321906     4.2590   3.321922      98.63     0.0126     2.4992     2.1884  34.849815  4.2614017   43.49780  -59.28492    34.9485    34.9487     4.1745     4.1745    27.7269    27.7270    6.04034    5.95756         22 0.0000e+00
      66709   2779.503   1069.000     4.2600   3.321970     4.2600   3.321975      98.63     0.0104     2.4996     2.1891  34.839363  4.2679377   43.49780  -59.28492    34.9487    34.9487     4.1756     4.1757    27.7269    27.7269    6.04935    5.96305         22 0.0000e+00
      66732   2780.465   1068.000     4.2616   3.322069     4.2615   3.322055      98.63     0.0111     2.5001     2.1900  34.835823  4.2690134   43.49780  -59.28492    34.9486    34.9486     4.1773     4.1772    27.7267    27.7267    6.04694    5.96551         24 0.0000e+00
      66758   2781.545   1067.000     4.2617   3.322035     4.2622   3.322068      98.63     0.0153     2.5007     2.1909  34.842781  4.2694807   43.49780  -59.28492    34.9486    34.9485     4.1775     4.1780    27.7267    27.7265    6.05088    5.96806         27 0.0000e+00
      66785   2782.662   1066.000     4.2623   3.322038     4.2627   3.322077      75.58     0.0128     2.5011     2.1918  34.844200  4.2690845   43.49780  -59.28494    34.9486    34.9485     4.1781     4.1786    27.7266    27.7265    6.04342    5.96512         26 0.0000e+00
      66810   2783.689   1065.000     4.2636   3.322115     4.2640   3.322163      98.66     0.0151     2.5010     2.1919  34.849823  4.2694345   43.49780  -59.28494    34.9486    34.9487     4.1795     4.1800    27.7264    27.7265    6.04392    5.95993         24 0.0000e+00
      66832   2784.635   1064.000     4.2669   3.322354     4.2662   3.322301      98.63     0.0149     2.5015     2.1922  34.849815  4.2698369   43.49780  -59.28494    34.9484    34.9485     4.1829     4.1822    27.7260    27.7261    6.05016    5.96374         22 0.0000e+00
      66854   2785.547   1063.000     4.2703   3.322634     4.2688   3.322490      98.63     0.0192     2.5018     2.1927  34.849815  4.2698412   43.49780  -59.28494    34.9486    34.9485     4.1864     4.1849    27.7257    27.7258    6.04630    5.96289         21 0.0000e+00
      66876   2786.454   1062.000     4.2719   3.322730     4.2711   3.322660      98.63     0.0184     2.5024     2.1928  34.849815  4.2698412   43.49780  -59.28494    34.9485    34.9486     4.1881     4.1873    27.7255    27.7256    6.05079    5.96015         22 0.0000e+00
      66898   2787.393   1061.000     4.2732   3.322806     4.2726   3.322752      98.51     0.0201     2.5028     2.1931  34.846165  4.2698412   43.49780  -59.28494    34.9486    34.9486     4.1894     4.1888    27.7254    27.7254    6.04851    5.96227         24 0.0000e+00
      66922   2788.377   1060.000     4.2738   3.322821     4.2733   3.322770      98.63     0.0151     2.5036     2.1935  34.844955  4.2698412   43.49780  -59.28494    34.9486    34.9485     4.1901     4.1896    27.7253    27.7253    6.05049    5.96468         24 0.0000e+00
      66946   2789.378   1059.000     4.2743   3.322813     4.2738   3.322766      98.63     0.0152     2.5034     2.1941  34.838326  4.2758064   43.49780  -59.28494    34.9485    34.9485     4.1907     4.1902    27.7252    27.7252    6.04842    5.96784         23 0.0000e+00
      66969   2790.350   1058.000     4.2746   3.322792     4.2740   3.322734      98.63     0.0168     2.5042     2.1947  34.835110  4.2796750   43.49780  -59.28496    34.9485    34.9485     4.1911     4.1905    27.7251    27.7251    6.04980    5.96449         23 0.0000e+00
      66991   2791.270   1057.000     4.2747   3.322750     4.2740   3.322697      98.63     0.0185     2.5042     2.1945  34.840485  4.2791657   43.49782  -59.28496    34.9484    34.9484     4.1912     4.1906    27.7250    27.7251    6.04915    5.96217         22 0.0000e+00
      67013   2792.158   1056.000     4.2747   3.322701     4.2740   3.322644      98.63     0.0179     2.5052     2.1951  34.843506  4.2796049   43.49782  -59.28496    34.9483    34.9483     4.1913     4.1907    27.7249    27.7250    6.05266    5.96451         21 0.0000e+00
      67035   2793.084   1055.000     4.2747   3.322654     4.2741   3.322602      98.60     0.0198     2.5055     2.1951  34.847908  4.2791839   43.49782  -59.28496    34.9483    34.9483     4.1914     4.1909    27.7249    27.7250    6.05181    5.96061         23 0.0000e+00
      67060   2794.133   1054.000     4.2747   3.322614     4.2742   3.322554      98.61     0.0171     2.5055     2.1951  34.849285  4.2796125   43.49782  -59.28496    34.9483    34.9482     4.1915     4.1933    27.7249    27.7249    6.04663    5.95801         27 0.0000e+00
      67087   2795.246   1053.000     4.2755   3.322618     4.2750   3.322585      98.63     0.0139     2.5060     2.1951  34.842388  4.2796092   43.49782  -59.28496    34.9481    34.9481     4.1924     4.1919    27.7246    27.7247    6.05175    5.96048         26 0.0000e+00
      67112   2796.277   1052.000     4.2774   3.322744     4.2769   3.322699      98.63     0.0148     2.5065     2.1952  34.835121  4.2796092   43.49782  -59.28496    34.9480    34.9480     4.1944     4.1938    27.7243    27.7245    6.05244    5.95913         24 0.0000e+00
      67135   2797.241   1051.000     4.2785   3.322804     4.2778   3.322738      98.63     0.0175     2.5066     2.1954  34.837055  4.2796092   43.49782  -59.28496    34.9480    34.9480     4.1955     4.1948    27.7243    27.7243    6.04245    5.96091         23 0.0000e+00
      67158   2798.203   1050.000     4.2791   3.322811     4.2786   3.322770      98.63     0.0135     2.5066     2.1959  34.837708  4.2796092   43.49782  -59.28496    34.9480    34.9481     4.1962     4.1957    27.7242    27.7243    6.05024    5.96688         23 0.0000e+00
      67181   2799.151   1049.000     4.2798   3.322836     4.2796   3.322819      98.38     0.0141     2.5070     2.1964  34.836491  4.2800555   43.49782  -59.28498    34.9480    34.9481     4.1970     4.1968    27.7241    27.7242    6.04572    5.96258         22 0.0000e+00
      67202   2800.056   1048.000     4.2805   3.322861     4.2800   3.322812      98.15     0.0181     2.5068     2.1964  34.835140  4.2814932   43.49782  -59.28498    34.9481    34.9481     4.1978     4.1973    27.7241    27.7241    6.03915    5.96487         21 0.0000e+00
      67224   2800.940   1047.000     4.2806   3.322829     4.2801   3.322779      98.64     0.0153     2.5065     2.1972  34.837837  4.2818303   43.49782  -59.28498    34.9481    34.9481     4.1980     4.1975    27.7240    27.7241    6.04453    5.96612         22 0.0000e+00
      67246   2801.868   1046.000     4.2806   3.322790     4.2801   3.322737      98.63     0.0174     2.5069     2.1973  34.849728  4.2880583   43.49782  -59.28498    34.9482    34.9481     4.1980     4.1976    27.7241    27.7241    6.04734    5.95669         23 0.0000e+00
      67271   2802.902   1045.000     4.2806   3.322744     4.2802   3.322695      98.63     0.0142     2.5075     2.1968  34.845848  4.2886291   43.49782  -59.28498    34.9481    34.9480     4.1982     4.1977    27.7241    27.7240    6.04737    5.95658         26 0.0000e+00
      67297   2804.020   1044.000     4.2809   3.322722     4.2806   3.322682      98.63     0.0154     2.5077     2.1972  34.832764  4.2886543   43.49782  -59.28498    34.9481    34.9480     4.1985     4.1982    27.7240    27.7239    6.04888    5.96301         27 0.0000e+00
      67323   2805.066   1043.000     4.2818   3.322757     4.2812   3.322704      98.63     0.0172     2.5086     2.1974  34.831497  4.2881546   43.49782  -59.28498    34.9480    34.9480     4.1995     4.1990    27.7238    27.7239    6.04750    5.96085         24 0.0000e+00
      67345   2806.010   1042.000     4.2825   3.322769     4.2818   3.322715      98.05     0.0168     2.5080     2.1978  34.835121  4.2893634   43.49782  -59.28500    34.9480    34.9480     4.2003     4.1996    27.7237    27.7238    6.04266    5.96290         22 0.0000e+00
      67367   2806.920   1041.000     4.2830   3.322767     4.2823   3.322705      98.62     0.0132     2.5084     2.1980  34.835163  4.2893772   43.49782  -59.28500    34.9480    34.9480     4.2009     4.2001    27.7236    27.7237    6.05057    5.96310         22 0.0000e+00
      67389   2807.853   1040.000     4.2833   3.322768     4.2828   3.322719      98.63     0.0142     2.5093     2.1985  34.835163  4.2889338   43.49782  -59.28500    34.9481    34.9480     4.2013     4.2008    27.7237    27.7237    6.05050    5.96252         22 0.0000e+00
      67412   2808.807   1039.000     4.2837   3.322748     4.2831   3.322696      98.63     0.0124     2.5094     2.1984  34.835163  4.2889528   43.49782  -59.28500    34.9480    34.9480     4.2017     4.2012    27.7236    27.7236    6.04666    5.95417         23 0.0000e+00
