data/CTD/2014/CNV/u017a038.cnv
* Sea-Bird SBE 9 Data File:
* FileName = C:\CTD_ACQUISITION\2014017HUD\ctddata\017A038.hdr
* Software Version Seasave V 7.22.2
* Temperature SN = 5081
* Conductivity SN = 3561
* Number of Bytes Per Scan = 37
* Number of Voltage Words = 4
* Number of Scans Averaged by the Deck Unit = 1
* NMEA Latitude = 48 18.52 N
* NMEA Longitude = 046 32.68 W
* NMEA UTC (Time) = Jul 10 2014 00:23:02
* NMEA baud rate = 9600
** Ship: Hudson
** Cruise: HUD2014017
** Chief_Scientist: Blair Greenan
** Organization: BIO
** Area_of_Operation: Sackville Spur
** Station: 038
** Sounding:  1034
** Event_Comments: SS_11, 403223
# nquan = 25
# nvalues = 1049                        
# units = specified
# name 0 = scan: Scan Count
# name 1 = timeS: Time, Elapsed [seconds]
# name 2 = prDM: Pressure, Digiquartz [db]
# name 3 = t068C: Temperature [ITS-68, deg C]
# name 4 = c0S/m: Conductivity [S/m]
# name 5 = t168C: Temperature, 2 [ITS-68, deg C]
# name 6 = c1S/m: Conductivity, 2 [S/m]
# name 7 = altM: Altimeter [m]
# name 8 = flC: Fluorescence, Chelsea Aqua 3 Chl Con [ug/l]
# name 9 = sbeox0V: Oxygen raw, SBE 43 [V]
# name 10 = sbeox1V: Oxygen raw, SBE 43, 2 [V]
# name 11 = upoly0: Upoly 0, Optode 4330F - O2 D-Phase
# name 12 = upoly1: Upoly 1, Optode 4330F - O2 Temp
# name 13 = latitude: Latitude [deg]
# name 14 = longitude: Longitude [deg]
# name 15 = sal00: Salinity, Practical [PSU]
# name 16 = sal11: Salinity, Practical, 2 [PSU]
# name 17 = potemp068C: Potential Temperature [ITS-68, deg C]
# name 18 = potemp168C: Potential Temperature, 2 [ITS-68, deg C]
# name 19 = sigma-é00: Density [sigma-theta, Kg/m^3]
# name 20 = sigma-é11: Density, 2 [sigma-theta, Kg/m^3]
# name 21 = sbeox0ML/L: Oxygen, SBE 43 [ml/l], WS = 2
# name 22 = sbeox1ML/L: Oxygen, SBE 43, 2 [ml/l], WS = 2
# name 23 = nbin: number of scans per bin
# name 24 = flag: flag
# span 0 =      35536,      63188       
# span 1 =   1480.644,   2632.779       
# span 2 =      1.000,   1049.000       
# span 3 =    -1.1879,     7.7616       
# span 4 =   2.671618,   3.389260       
# span 5 =    -1.1944,     7.7569       
# span 6 =   2.670629,   3.389115       
# span 7 =       3.98,     101.57       
# span 8 =     0.0092,     0.0863       
# span 9 =     2.5886,     3.7104       
# span 10 =     2.2857,     3.2512      
# span 11 =  30.500471,  34.615383      
# span 12 = -1.0437460,  7.7684445      
# span 13 =   48.30676,   48.30832      
# span 14 =  -46.53876,  -46.53633      
# span 15 =    32.7422,    34.8941      
# span 16 =    32.7452,    34.8936      
# span 17 =    -1.1887,     7.7615      
# span 18 =    -1.1952,     7.7568      
# span 19 =    25.5356,    27.7395      
# span 20 =    25.5386,    27.7391      
# span 21 =    6.22513,   10.23234      
# span 22 =    6.05183,   10.20186      
# span 23 =         12,        102      
# span 24 = 0.0000e+00, 0.0000e+00      
# interval = decibars: 1                
# start_time = Jul 10 2014 00:23:02 [NMEA time, header]
# bad_flag = -9.990e-29
*END*
[from data line 696]
      52111   2171.253    353.000     3.6323   3.219532     3.6329   3.219561      97.63     0.0168     2.8817     2.5302  33.560688  3.6544566   48.30784  -46.53704    34.7724    34.7720     3.6082     3.6088    27.6452    27.6448    6.68262    6.66123         24 0.0000e+00
      52136   2172.297    352.000     3.6327   3.219532     3.6336   3.219582      95.17     0.0176     2.8825     2.5310  33.559853  3.6564195   48.30784  -46.53704    34.7725    34.7721     3.6086     3.6096    27.6452    27.6448    6.68166    6.65860         25 0.0000e+00
      52161   2173.339    351.000     3.6329   3.219504     3.6321   3.219372      47.16     0.0209     2.8829     2.5314  33.559265  3.6611238   48.30782  -46.53704    34.7725    34.7717     3.6089     3.6082    27.6452    27.6446    6.68284    6.65786         25 0.0000e+00
      52186   2174.368    350.000     3.6321   3.219362     3.6293   3.218951      98.30     0.0185     2.8836     2.5317  33.546459  3.6626515   48.30782  -46.53704    34.7721    34.7702     3.6082     3.6054    27.6450    27.6437    6.68315    6.65688         25 0.0000e+00
      52214   2175.545    349.000     3.6309   3.219175     3.6244   3.218354      71.88     0.0162     2.8842     2.5317  33.528717  3.6629653   48.30782  -46.53704    34.7717    34.7687     3.6071     3.6006    27.6448    27.6430    6.68559    6.65333         31 0.0000e+00
      52243   2176.732    348.000     3.6273   3.218711     3.6178   3.217541      60.17     0.0212     2.8849     2.5323  33.528194  3.6638515   48.30781  -46.53703    34.7706    34.7667     3.6035     3.5941    27.6442    27.6420    6.68126    6.66473         25 0.0000e+00
      52264   2177.613    347.000     3.6187   3.217699     3.6127   3.216941      75.46     0.0227     2.8843     2.5330  33.521297  3.6642287   48.30780  -46.53702    34.7681    34.7654     3.5951     3.5891    27.6430    27.6415    6.67948    6.66671         18 0.0000e+00
      52281   2178.331    346.000     3.6106   3.216744     3.6061   3.216165      41.76     0.0215     2.8846     2.5337  33.525093  3.6642246   48.30780  -46.53702    34.7658    34.7636     3.5871     3.5826    27.6420    27.6408    6.67757    6.66519         17 0.0000e+00
      52298   2179.022    345.000     3.6055   3.216111     3.5963   3.214991      92.49     0.0207     2.8841     2.5334  33.528454  3.6642246   48.30780  -46.53702    34.7642    34.7605     3.5820     3.5729    27.6412    27.6392    6.66849    6.65658         17 0.0000e+00
      52316   2179.779    344.000     3.5943   3.214799     3.5862   3.213794      95.27     0.0244     2.8830     2.5331  33.529621  3.6642246   48.30780  -46.53702    34.7609    34.7575     3.5709     3.5628    27.6398    27.6379    6.66414    6.65145         20 0.0000e+00
      52340   2180.785    343.000     3.5856   3.213749     3.5829   3.213358      55.27     0.0247     2.8822     2.5319  33.521935  3.6482780   48.30779  -46.53702    34.7582    34.7563     3.5623     3.5597    27.6384    27.6372    6.67082    6.64884         28 0.0000e+00
      52371   2182.093    342.000     3.5840   3.213421     3.5841   3.213391      94.71     0.0178     2.8813     2.5315  33.521515  3.6399224   48.30778  -46.53702    34.7565    34.7560     3.5608     3.5609    27.6372    27.6368    6.66610    6.65305         32 0.0000e+00
      52399   2183.250    341.000     3.5857   3.213448     3.5851   3.213411      98.72     0.0174     2.8812     2.5308  33.518879  3.6248829   48.30778  -46.53702    34.7555    34.7557     3.5626     3.5620    27.6362    27.6364    6.67024    6.63856         24 0.0000e+00
      52420   2184.104    340.000     3.5849   3.213205     3.5841   3.213094      20.62     0.0171     2.8802     2.5294  33.521370  3.6246097   48.30778  -46.53702    34.7540    34.7535     3.5618     3.5611    27.6351    27.6348    6.66240    6.63667         18 0.0000e+00
      52437   2184.839    339.000     3.5844   3.213055     3.5832   3.212885      98.50     0.0179     2.8802     2.5292  33.521656  3.6158941   48.30777  -46.53702    34.7533    34.7525     3.5614     3.5602    27.6346    27.6341    6.66418    6.64342         17 0.0000e+00
      52455   2185.567    338.000     3.5833   3.212881     3.5819   3.212678      98.64     0.0184     2.8801     2.5290  33.518909  3.6153815   48.30776  -46.53702    34.7529    34.7519     3.5604     3.5590    27.6344    27.6338    6.66237    6.64593         18 0.0000e+00
      52474   2186.388    337.000     3.5825   3.212736     3.5812   3.212557      90.59     0.0193     2.8795     2.5294  33.519146  3.6153846   48.30776  -46.53702    34.7526    34.7517     3.5596     3.5584    27.6342    27.6337    6.66379    6.64983         22 0.0000e+00
      52500   2187.441    336.000     3.5816   3.212589     3.5805   3.212433      56.07     0.0138     2.8801     2.5301  33.520004  3.6153846   48.30776  -46.53702    34.7523    34.7515     3.5588     3.5578    27.6341    27.6336    6.66827    6.64897         29 0.0000e+00
      52530   2188.725    335.000     3.5803   3.212421     3.5789   3.212211      99.19     0.0149     2.8801     2.5296  33.518353  3.6150653   48.30776  -46.53702    34.7521    34.7511     3.5576     3.5563    27.6341    27.6334    6.66946    6.64670         31 0.0000e+00
      52556   2189.802    334.000     3.5775   3.212048     3.5751   3.211696      53.40     0.0227     2.8811     2.5308  33.516464  3.6149180   48.30776  -46.53702    34.7512    34.7495     3.5549     3.5525    27.6336    27.6325    6.67240    6.66061         21 0.0000e+00
      52575   2190.570    333.000     3.5701   3.211185     3.5680   3.210841      67.44     0.0211     2.8811     2.5316  33.521107  3.6079912   48.30775  -46.53702    34.7493    34.7474     3.5476     3.5455    27.6328    27.6315    6.66992    6.65862         16 0.0000e+00
      52590   2191.218    332.000     3.5636   3.210366     3.5602   3.209900      99.10     0.0206     2.8812     2.5316  33.519390  3.6055801   48.30774  -46.53702    34.7469    34.7450     3.5412     3.5378    27.6315    27.6303    6.67447    6.65727         15 0.0000e+00
      52605   2191.850    331.000     3.5591   3.209844     3.5533   3.209115      98.63     0.0192     2.8820     2.5323  33.519234  3.6056166   48.30774  -46.53702    34.7460    34.7434     3.5368     3.5310    27.6312    27.6297    6.67465    6.65905         16 0.0000e+00
      52622   2192.554    330.000     3.5538   3.209213     3.5496   3.208701      76.42     0.0209     2.8818     2.5324  33.523254  3.6056166   48.30774  -46.53702    34.7446    34.7429     3.5315     3.5274    27.6307    27.6297    6.67104    6.65577         19 0.0000e+00
      52648   2193.620    329.000     3.5510   3.208865     3.5474   3.208411      70.07     0.0200     2.8821     2.5321  33.520500  3.6053593   48.30773  -46.53702    34.7439    34.7424     3.5288     3.5252    27.6304    27.6295    6.67189    6.64852         35 0.0000e+00
      52689   2195.326    328.000     3.5552   3.209282     3.5563   3.209388      48.35     0.0193     2.8821     2.5321  33.526546  3.5801418   48.30772  -46.53702    34.7450    34.7451     3.5331     3.5342    27.6308    27.6308    6.67016    6.65829         39 0.0000e+00
      52718   2196.533    327.000     3.5549   3.209207     3.5559   3.209285      99.93     0.0168     2.8822     2.5328  33.519806  3.5790451   48.30772  -46.53702    34.7450    34.7448     3.5329     3.5349    27.6308    27.6306    6.67363    6.65505         21 0.0000e+00
      52736   2197.310    326.000     3.5454   3.208128     3.5494   3.208484      98.63     0.0155     2.8829     2.5329  33.521694  3.5762496   48.30772  -46.53702    34.7427    34.7427     3.5234     3.5274    27.6299    27.6296    6.67547    6.65363         17 0.0000e+00
      52752   2197.955    325.000     3.5433   3.207808     3.5433   3.207758      29.12     0.0189     2.8828     2.5328  33.523312  3.5763125   48.30772  -46.53702    34.7416    34.7410     3.5214     3.5214    27.6293    27.6288    6.66980    6.65177         15 0.0000e+00
      52767   2198.569    324.000     3.5409   3.207513     3.5378   3.207126      69.04     0.0188     2.8828     2.5327  33.529999  3.5763125   48.30772  -46.53702    34.7412    34.7398     3.5191     3.5161    27.6291    27.6283    6.66598    6.64822         15 0.0000e+00
      52782   2199.214    323.000     3.5379   3.207136     3.5348   3.206759      97.97     0.0180     2.8827     2.5322  33.525745  3.5763125   48.30770  -46.53702    34.7404    34.7392     3.5162     3.5131    27.6288    27.6281    6.66097    6.64911         16 0.0000e+00
      52801   2200.001    322.000     3.5352   3.206814     3.5332   3.206556      98.63     0.0171     2.8818     2.5326  33.528400  3.5754464   48.30770  -46.53702    34.7399    34.7389     3.5136     3.5116    27.6287    27.6281    6.66742    6.65480         22 0.0000e+00
      52828   2201.131    321.000     3.5343   3.206667     3.5324   3.206424      50.93     0.0151     2.8827     2.5327  33.526581  3.5666647   48.30770  -46.53702    34.7397    34.7387     3.5127     3.5109    27.6286    27.6280    6.67291    6.65223         32 0.0000e+00
      52858   2202.391    320.000     3.5335   3.206530     3.5338   3.206518      99.26     0.0180     2.8828     2.5327  33.526249  3.5621464   48.30768  -46.53700    34.7394    34.7390     3.5120     3.5123    27.6284    27.6280    6.66969    6.65224         27 0.0000e+00
      52883   2203.421    319.000     3.5328   3.206395     3.5309   3.206126      86.43     0.0173     2.8829     2.5332  33.523479  3.5571826   48.30768  -46.53700    34.7391    34.7379     3.5113     3.5094    27.6283    27.6275    6.67228    6.65963         23 0.0000e+00
      52906   2204.365    318.000     3.5283   3.205850     3.5250   3.205438      45.80     0.0185     2.8838     2.5342  33.525383  3.5614064   48.30768  -46.53700    34.7379    34.7365     3.5069     3.5036    27.6277    27.6269    6.67431    6.66729         23 0.0000e+00
      52929   2205.339    317.000     3.5246   3.205415     3.5214   3.205012      98.92     0.0190     2.8837     2.5352  33.530525  3.5665724   48.30768  -46.53700    34.7371    34.7357     3.5034     3.5002    27.6274    27.6266    6.67157    6.66162         23 0.0000e+00
      52951   2206.260    316.000     3.5229   3.205197     3.5193   3.204742      98.63     0.0201     2.8840     2.5349  33.527615  3.5627835   48.30768  -46.53700    34.7369    34.7353     3.5017     3.4981    27.6274    27.6265    6.67358    6.65366         21 0.0000e+00
      52971   2207.104    315.000     3.5204   3.204870     3.5169   3.204443      18.57     0.0182     2.8845     2.5346  33.526741  3.5567791   48.30768  -46.53700    34.7362    34.7348     3.4993     3.4958    27.6271    27.6263    6.67710    6.65042         20 0.0000e+00
      52991   2207.931    314.000     3.5188   3.204629     3.5152   3.204210      81.27     0.0176     2.8850     2.5344  33.532555  3.5567765   48.30767  -46.53700    34.7355    34.7343     3.4977     3.4942    27.6267    27.6261    6.67631    6.65649         20 0.0000e+00
      53013   2208.815    313.000     3.5168   3.204371     3.5141   3.204049      49.44     0.0161     2.8852     2.5349  33.527122  3.5474262   48.30766  -46.53700    34.7351    34.7341     3.4958     3.4932    27.6266    27.6260    6.67624    6.65726         22 0.0000e+00
      53034   2209.716    312.000     3.5153   3.204169     3.5134   3.203932      75.95     0.0161     2.8856     2.5347  33.523430  3.5470047   48.30766  -46.53700    34.7348    34.7339     3.4944     3.4926    27.6265    27.6260    6.67906    6.65350         21 0.0000e+00
      53055   2210.582    311.000     3.5146   3.204048     3.5130   3.203829      88.36     0.0179     2.8865     2.5350  33.548531  3.5414376   48.30766  -46.53700    34.7346    34.7337     3.4938     3.4921    27.6264    27.6259    6.67666    6.65487         21 0.0000e+00
      53076   2211.443    310.000     3.5137   3.203902     3.5123   3.203717      85.04     0.0154     2.8859     2.5347  33.557487  3.5373151   48.30766  -46.53700    34.7343    34.7336     3.4930     3.4915    27.6262    27.6258    6.67464    6.64926         21 0.0000e+00
      53099   2212.411    309.000     3.5130   3.203787     3.5117   3.203609      51.36     0.0167     2.8867     2.5346  33.540073  3.5419934   48.30764  -46.53700    34.7343    34.7335     3.4923     3.4910    27.6263    27.6258    6.67273    6.65399         26 0.0000e+00
      53132   2213.775    308.000     3.5120   3.203631     3.5111   3.203503      98.04     0.0189     2.8865     2.5353  33.526417  3.5457115   48.30764  -46.53700    34.7340    34.7335     3.4914     3.4905    27.6262    27.6258    6.67524    6.65967         39 0.0000e+00
      53165   2215.180    307.000     3.5121   3.203585     3.5116   3.203503      33.88     0.0167     2.8870     2.5363  33.531948  3.5368862   48.30764  -46.53700    34.7339    34.7334     3.4915     3.4911    27.6261    27.6257    6.67567    6.66029         25 0.0000e+00
      53186   2216.033    306.000     3.5109   3.203390     3.5095   3.203227     100.99     0.0183     2.8874     2.5365  33.531113  3.5372405   48.30764  -46.53700    34.7334    34.7329     3.4904     3.4890    27.6258    27.6255    6.67302    6.65946         17 0.0000e+00
      53201   2216.686    305.000     3.5088   3.203115     3.5079   3.203015      98.63     0.0178     2.8870     2.5369  33.546207  3.5372405   48.30763  -46.53700    34.7329    34.7326     3.4884     3.4875    27.6255    27.6254    6.67270    6.66180         15 0.0000e+00
      53216   2217.275    304.000     3.5076   3.202950     3.5068   3.202837      98.63     0.0193     2.8876     2.5369  33.540516  3.5372405   48.30762  -46.53700    34.7326    34.7322     3.4873     3.4864    27.6255    27.6252    6.67594    6.66187         14 0.0000e+00
      53229   2217.854    303.000     3.5067   3.202807     3.5053   3.202620      39.00     0.0170     2.8874     2.5375  33.544739  3.5372405   48.30762  -46.53700    34.7325    34.7318     3.4864     3.4850    27.6254    27.6250    6.67204    6.66336         14 0.0000e+00
      53245   2218.497    302.000     3.5055   3.202642     3.5032   3.202344      55.46     0.0148     2.8876     2.5378  33.544926  3.5315216   48.30762  -46.53700    34.7323    34.7311     3.4853     3.4831    27.6254    27.6247    6.67116    6.66367         17 0.0000e+00
      53267   2219.414    301.000     3.5043   3.202475     3.5022   3.202183      95.78     0.0129     2.8876     2.5384  33.533417  3.5277386   48.30762  -46.53700    34.7321    34.7308     3.4842     3.4821    27.6253    27.6245    6.67442    6.66379         30 0.0000e+00
      53310   2221.198    300.000     3.5058   3.202595     3.5051   3.202492      63.79     0.0111     2.8884     2.5376  33.557846  3.5208008   48.30762  -46.53700    34.7325    34.7321     3.4858     3.4850    27.6255    27.6252    6.67874    6.64503         48 0.0000e+00
      53346   2222.693    299.000     3.5060   3.202553     3.5055   3.202468     100.10     0.0168     2.8901     2.5370  33.532452  3.5134683   48.30760  -46.53700    34.7323    34.7319     3.4860     3.4855    27.6253    27.6250    6.68415    6.65489         25 0.0000e+00
      53365   2223.518    298.000     3.5031   3.202168     3.5019   3.201992      86.41     0.0203     2.8904     2.5372  33.528450  3.5119212   48.30760  -46.53700    34.7314    34.7305     3.4832     3.4820    27.6248    27.6243    6.67207    6.65739         17 0.0000e+00
      53382   2224.208    297.000     3.4928   3.200967     3.4933   3.200946       9.16     0.0226     2.8894     2.5378  33.534046  3.5134759   48.30760  -46.53700    34.7285    34.7276     3.4730     3.4735    27.6235    27.6228    6.67139    6.66359         16 0.0000e+00
