data/CTD/2014/CNV/u017a029.cnv
* Sea-Bird SBE 9 Data File:
* FileName = C:\CTD_ACQUISITION\2014017HUD\ctddata\017A029.hdr
* Software Version Seasave V 7.22.2
* Temperature SN = 5081
* Conductivity SN = 3561
* Number of Bytes Per Scan = 37
* Number of Voltage Words = 4
* Number of Scans Averaged by the Deck Unit = 1
* NMEA Latitude = 48 48.41 N
* NMEA Longitude = 045 41.69 W
* NMEA UTC (Time) = Jul 07 2014 04:13:45
* NMEA baud rate = 9600
** Ship: Hudson
** Cruise: HUD2014017
** Chief_Scientist: Blair Greenan
** Organization: BIO
** Area_of_Operation: Sackville Spur
** Station: 029
** Sounding:  1758
** Event_Comments: SS_025, 403166
# nquan = 25
# nvalues = 1818                        
# units = specified
# name 0 = scan: Scan Count
# name 1 = timeS: Time, Elapsed [seconds]
# name 2 = prDM: Pressure, Digiquartz [db]
# name 3 = t068C: Temperature [ITS-68, deg C]
# name 4 = c0S/m: Conductivity [S/m]
# name 5 = t168C: Temperature, 2 [ITS-68, deg C]
# name 6 = c1S/m: Conductivity, 2 [S/m]
# name 7 = altM: Altimeter [m]
# name 8 = flC: Fluorescence, Chelsea Aqua 3 Chl Con [ug/l]
# name 9 = sbeox0V: Oxygen raw, SBE 43 [V]
# name 10 = sbeox1V: Oxygen raw, SBE 43, 2 [V]
# name 11 = upoly0: Upoly 0, Optode 4330F - O2 D-Phase
# name 12 = upoly1: Upoly 1, Optode 4330F - O2 Temp
# name 13 = latitude: Latitude [deg]
# name 14 = longitude: Longitude [deg]
# name 15 = sal00: Salinity, Practical [PSU]
# name 16 = sal11: Salinity, Practical, 2 [PSU]
# name 17 = potemp068C: Potential Temperature [ITS-68, deg C]
# name 18 = potemp168C: Potential Temperature, 2 [ITS-68, deg C]
# name 19 = sigma-é00: Density [sigma-theta, Kg/m^3]
# name 20 = sigma-é11: Density, 2 [sigma-theta, Kg/m^3]
# name 21 = sbeox0ML/L: Oxygen, SBE 43 [ml/l], WS = 2
# name 22 = sbeox1ML/L: Oxygen, SBE 43, 2 [ml/l], WS = 2
# name 23 = nbin: number of scans per bin
# name 24 = flag: flag
# span 0 =      52722,     110200       
# span 1 =   2196.714,   4591.631       
# span 2 =      1.000,   1818.000       
# span 3 =     2.9132,     9.0580       
# span 4 =   3.121327,   3.616662       
# span 5 =     2.8905,     9.0562       
# span 6 =   3.121151,   3.616408       
# span 7 =       4.90,     102.24       
# span 8 =     0.0073,     0.2495       
# span 9 =     2.3479,     3.5701       
# span 10 =     2.0784,     3.1560      
# span 11 =  29.531065,  35.116817      
# span 12 =  2.9411192,  9.0755587      
# span 13 =   48.81124,   48.81481      
# span 14 =  -45.69360,  -45.69105      
# span 15 =    33.9009,    34.9163      
# span 16 =    33.9003,    34.9159      
# span 17 =     2.9084,     9.0560      
# span 18 =     2.8856,     9.0542      
# span 19 =    26.2538,    27.8208      
# span 20 =    26.2533,    27.8204      
# span 21 =    6.22864,    8.13983      
# span 22 =    6.15695,    8.24596      
# span 23 =         12,        101      
# span 24 = 0.0000e+00, 0.0000e+00      
# interval = decibars: 1                
# start_time = Jul 07 2014 04:13:45 [NMEA time, header]
# bad_flag = -9.990e-29
*END*
[from data line 754]
      70579   2940.762   1064.000     3.7271   3.269368     3.7270   3.269310      98.69     0.0164     2.5983     2.2868  34.278389  3.7228327   48.81152  -45.69244    34.8928    34.8923     3.6476     3.6475    27.7371    27.7368    6.43267    6.40369         17 0.0000e+00
      70597   2941.484   1063.000     3.7275   3.269352     3.7271   3.269274      98.64     0.0160     2.5994     2.2872  34.278389  3.7228327   48.81152  -45.69244    34.8927    34.8921     3.6481     3.6477    27.7371    27.7366    6.44344    6.40157         18 0.0000e+00
      70617   2942.334   1062.000     3.7274   3.269296     3.7266   3.269147      98.63     0.0140     2.6002     2.2880  34.278389  3.7307906   48.81152  -45.69244    34.8926    34.8917     3.6481     3.6473    27.7370    27.7363    6.44100    6.40506         24 0.0000e+00
      70646   2943.559   1061.000     3.7271   3.269205     3.7261   3.269034      98.63     0.0122     2.6011     2.2890  34.278389  3.7317481   48.81152  -45.69244    34.8924    34.8914     3.6479     3.6469    27.7368    27.7361    6.44776    6.40561         35 0.0000e+00
      70679   2944.898   1060.000     3.7262   3.269028     3.7254   3.268891      98.63     0.0145     2.6026     2.2899  34.278389  3.7326155   48.81152  -45.69243    34.8918    34.8910     3.6470     3.6462    27.7364    27.7359    6.44867    6.40938         27 0.0000e+00
      70702   2945.864   1059.000     3.7253   3.268888     3.7231   3.268579      98.63     0.0161     2.6033     2.2908  34.277008  3.7326007   48.81152  -45.69242    34.8915    34.8902     3.6463     3.6441    27.7363    27.7354    6.44709    6.41366         21 0.0000e+00
      70722   2946.723   1058.000     3.7235   3.268624     3.7220   3.268389      90.05     0.0181     2.6040     2.2916  34.277653  3.7326007   48.81152  -45.69242    34.8908    34.8896     3.6446     3.6431    27.7359    27.7351    6.45302    6.41660         20 0.0000e+00
      70743   2947.595   1057.000     3.7224   3.268437     3.7214   3.268265      69.97     0.0200     2.6050     2.2924  34.275745  3.7326007   48.81152  -45.69242    34.8902    34.8893     3.6436     3.6426    27.7355    27.7349    6.46125    6.41883         22 0.0000e+00
      70767   2948.592   1056.000     3.7217   3.268301     3.7207   3.268140      98.27     0.0178     2.6064     2.2934  34.276688  3.7326007   48.81152  -45.69242    34.8899    34.8891     3.6429     3.6419    27.7353    27.7348    6.46122    6.42233         26 0.0000e+00
      70794   2949.696   1055.000     3.7212   3.268194     3.7201   3.268014      98.63     0.0180     2.6077     2.2944  34.271587  3.7326007   48.81152  -45.69241    34.8896    34.8888     3.6426     3.6414    27.7352    27.7346    6.46183    6.42265         26 0.0000e+00
      70817   2950.677   1054.000     3.7209   3.268109     3.7199   3.267942      98.64     0.0203     2.6083     2.2951  34.265064  3.7326007   48.81152  -45.69240    34.8895    34.8886     3.6423     3.6413    27.7351    27.7344    6.45828    6.42098         21 0.0000e+00
      70837   2951.516   1053.000     3.7205   3.268010     3.7199   3.267900      98.63     0.0198     2.6087     2.2955  34.263710  3.7315528   48.81152  -45.69240    34.8892    34.8886     3.6420     3.6414    27.7349    27.7344    6.46104    6.41775         19 0.0000e+00
      70856   2952.289   1052.000     3.7204   3.267948     3.7196   3.267822      98.63     0.0153     2.6097     2.2956  34.263737  3.7325974   48.81152  -45.69240    34.8892    34.8884     3.6419     3.6412    27.7349    27.7343    6.46186    6.41785         19 0.0000e+00
      70874   2953.056   1051.000     3.7199   3.267854     3.7186   3.267662      98.64     0.0125     2.6097     2.2959  34.263737  3.7326007   48.81152  -45.69240    34.8891    34.8881     3.6416     3.6403    27.7348    27.7342    6.45950    6.41878         18 0.0000e+00
      70894   2953.874   1050.000     3.7191   3.267724     3.7183   3.267572      98.63     0.0158     2.6104     2.2961  34.251892  3.7326007   48.81152  -45.69240    34.8888    34.8880     3.6409     3.6400    27.7347    27.7341    6.45677    6.41603         21 0.0000e+00
      70918   2954.892   1049.000     3.7188   3.267629     3.7185   3.267550      50.17     0.0173     2.6101     2.2962  34.244526  3.7326007   48.81152  -45.69240    34.8886    34.8879     3.6406     3.6404    27.7345    27.7340    6.45582    6.41537         30 0.0000e+00
      70954   2956.392   1048.000     3.7188   3.267582     3.7189   3.267533      99.29     0.0143     2.6113     2.2965  34.224808  3.7272775   48.81152  -45.69238    34.8885    34.8879     3.6407     3.6408    27.7344    27.7339    6.46465    6.41829         39 0.0000e+00
      70986   2957.722   1047.000     3.7195   3.267575     3.7191   3.267506      92.72     0.0134     2.6122     2.2972  34.224464  3.7251549   48.81153  -45.69238    34.8883    34.8878     3.6414     3.6411    27.7342    27.7339    6.46362    6.42709         25 0.0000e+00
      71008   2958.646   1046.000     3.7198   3.267562     3.7195   3.267501      93.93     0.0145     2.6123     2.2982  34.226372  3.7228339   48.81153  -45.69238    34.8883    34.8879     3.6418     3.6416    27.7342    27.7338    6.46393    6.43263         20 0.0000e+00
      71028   2959.458   1045.000     3.7202   3.267551     3.7198   3.267476      98.64     0.0175     2.6132     2.2989  34.230579  3.7228327   48.81152  -45.69238    34.8883    34.8878     3.6423     3.6419    27.7341    27.7337    6.45907    6.42915         19 0.0000e+00
      71047   2960.257   1044.000     3.7203   3.267527     3.7200   3.267451      98.63     0.0159     2.6125     2.2995  34.221409  3.7242720   48.81154  -45.69238    34.8883    34.8878     3.6426     3.6422    27.7341    27.7337    6.45600    6.42737         20 0.0000e+00
      71068   2961.145   1043.000     3.7204   3.267486     3.7200   3.267407      98.63     0.0122     2.6130     2.2997  34.220436  3.7228680   48.81152  -45.69238    34.8883    34.8878     3.6427     3.6423    27.7341    27.7337    6.45707    6.42593         23 0.0000e+00
      71095   2962.260   1042.000     3.7204   3.267440     3.7199   3.267357      98.63     0.0137     2.6134     2.3001  34.220753  3.7270226   48.81152  -45.69238    34.8883    34.8878     3.6428     3.6423    27.7340    27.7337    6.46256    6.42674         30 0.0000e+00
      71126   2963.521   1041.000     3.7204   3.267391     3.7198   3.267298      98.63     0.0086     2.6139     2.3006  34.220276  3.7309823   48.81152  -45.69236    34.8882    34.8877     3.6428     3.6423    27.7340    27.7336    6.46824    6.42771         29 0.0000e+00
      71151   2964.600   1040.000     3.7203   3.267338     3.7195   3.267220      98.64     0.0132     2.6151     2.3010  34.219772  3.7321959   48.81152  -45.69236    34.8881    34.8875     3.6429     3.6421    27.7339    27.7335    6.46711    6.43225         23 0.0000e+00
      71172   2965.453   1039.000     3.7200   3.267261     3.7193   3.267146      81.89     0.0142     2.6153     2.3017  34.219780  3.7315764   48.81152  -45.69236    34.8880    34.8875     3.6427     3.6419    27.7339    27.7335    6.46748    6.43730         19 0.0000e+00
      71190   2966.207   1038.000     3.7197   3.267170     3.7190   3.267073      67.06     0.0141     2.6161     2.3025  34.220642  3.7325990   48.81154  -45.69236    34.8878    34.8874     3.6424     3.6418    27.7337    27.7334    6.46905    6.43504         17 0.0000e+00
      71208   2966.977   1037.000     3.7194   3.267103     3.7186   3.266977      98.56     0.0121     2.6161     2.3026  34.222706  3.7326007   48.81154  -45.69236    34.8878    34.8872     3.6422     3.6414    27.7338    27.7333    6.46592    6.43050         20 0.0000e+00
      71231   2967.900   1036.000     3.7190   3.267021     3.7180   3.266867      98.63     0.0156     2.6168     2.3029  34.214653  3.7326007   48.81154  -45.69235    34.8878    34.8871     3.6419     3.6409    27.7337    27.7333    6.47108    6.42685         25 0.0000e+00
      71257   2968.992   1035.000     3.7186   3.266912     3.7175   3.266767      98.63     0.0167     2.6176     2.3027  34.205429  3.7326007   48.81154  -45.69234    34.8875    34.8869     3.6415     3.6405    27.7335    27.7332    6.47061    6.42817         25 0.0000e+00
      71279   2969.922   1034.000     3.7182   3.266833     3.7167   3.266622      98.63     0.0202     2.6180     2.3032  34.206619  3.7326007   48.81154  -45.69234    34.8875    34.8865     3.6412     3.6398    27.7336    27.7330    6.46978    6.43043         20 0.0000e+00
      71298   2970.690   1033.000     3.7168   3.266648     3.7151   3.266396      98.63     0.0160     2.6181     2.3032  34.205124  3.7326007   48.81154  -45.69234    34.8872    34.8861     3.6400     3.6382    27.7335    27.7328    6.46641    6.42966         18 0.0000e+00
      71315   2971.433   1032.000     3.7158   3.266482     3.7142   3.266274      98.63     0.0169     2.6183     2.3035  34.205128  3.7326007   48.81154  -45.69234    34.8868    34.8860     3.6391     3.6375    27.7333    27.7328    6.46530    6.43545         18 0.0000e+00
      71335   2972.269   1031.000     3.7146   3.266310     3.7135   3.266154      98.63     0.0204     2.6184     2.3043  34.217537  3.7326007   48.81154  -45.69234    34.8866    34.8859     3.6380     3.6369    27.7332    27.7327    6.47203    6.43904         23 0.0000e+00
      71373   2973.818   1030.000     3.7145   3.266265     3.7135   3.266125      72.15     0.0179     2.6198     2.3050  34.212849  3.7280715   48.81154  -45.69234    34.8866    34.8860     3.6379     3.6370    27.7332    27.7329    6.47708    6.43474         56 0.0000e+00
      71421   2975.817   1029.000     3.7151   3.266266     3.7148   3.266210     100.39     0.0189     2.6217     2.3056  34.204678  3.7221742   48.81154  -45.69232    34.8866    34.8862     3.6386     3.6383    27.7331    27.7329    6.48300    6.43871         29 0.0000e+00
      71442   2976.703   1028.000     3.7148   3.266196     3.7138   3.266050      84.76     0.0143     2.6220     2.3063  34.205128  3.7228310   48.81154  -45.69232    34.8865    34.8859     3.6384     3.6374    27.7331    27.7327    6.48269    6.44746         19 0.0000e+00
      71460   2977.451   1027.000     3.7123   3.265900     3.7113   3.265735      98.54     0.0132     2.6231     2.3073  34.205128  3.7228327   48.81154  -45.69232    34.8862    34.8852     3.6360     3.6350    27.7331    27.7324    6.48289    6.45383         17 0.0000e+00
      71476   2978.131   1026.000     3.7104   3.265647     3.7092   3.265470      98.63     0.0171     2.6229     2.3081  34.182732  3.7228327   48.81154  -45.69232    34.8857    34.8849     3.6342     3.6330    27.7329    27.7324    6.47928    6.45665         16 0.0000e+00
      71492   2978.804   1025.000     3.7092   3.265474     3.7075   3.265235      98.64     0.0142     2.6238     2.3090  34.180424  3.7228327   48.81154  -45.69232    34.8854    34.8844     3.6331     3.6314    27.7327    27.7321    6.48475    6.45057         16 0.0000e+00
      71509   2979.511   1024.000     3.7078   3.265281     3.7058   3.265017      98.63     0.0160     2.6240     2.3090  34.174286  3.7228327   48.81154  -45.69232    34.8851    34.8841     3.6318     3.6298    27.7326    27.7321    6.48689    6.44018         18 0.0000e+00
      71528   2980.275   1023.000     3.7067   3.265120     3.7048   3.264864      98.63     0.0162     2.6250     2.3089  34.188614  3.7228327   48.81154  -45.69232    34.8849    34.8838     3.6308     3.6289    27.7325    27.7319    6.49517    6.44071         19 0.0000e+00
      71546   2981.061   1022.000     3.7059   3.264987     3.7033   3.264662      98.63     0.0139     2.6257     2.3091  34.180729  3.7228327   48.81154  -45.69230    34.8847    34.8836     3.6300     3.6275    27.7325    27.7318    6.48894    6.44319         18 0.0000e+00
      71566   2981.856   1021.000     3.7046   3.264789     3.7012   3.264392      98.63     0.0137     2.6265     2.3092  34.175812  3.7223432   48.81154  -45.69230    34.8842    34.8831     3.6288     3.6255    27.7322    27.7316    6.49043    6.44071         20 0.0000e+00
      71586   2982.716   1020.000     3.7026   3.264563     3.7001   3.264238      98.64     0.0185     2.6268     2.3092  34.173199  3.7202017   48.81154  -45.69230    34.8841    34.8829     3.6270     3.6245    27.7323    27.7316    6.48637    6.44466         22 0.0000e+00
      71613   2983.854   1019.000     3.7013   3.264358     3.6999   3.264166      83.36     0.0161     2.6273     2.3101  34.174480  3.7166440   48.81154  -45.69230    34.8836    34.8828     3.6258     3.6243    27.7320    27.7316    6.48832    6.45136         34 0.0000e+00
      71652   2985.451   1018.000     3.7014   3.264324     3.7002   3.264168      89.59     0.0181     2.6283     2.3114  34.167637  3.7130804   48.81154  -45.69230    34.8836    34.8830     3.6260     3.6248    27.7320    27.7317    6.49754    6.46218         41 0.0000e+00
      71694   2987.211   1017.000     3.7028   3.264429     3.7027   3.264405      98.98     0.0183     2.6301     2.3137  34.165108  3.7130647   48.81154  -45.69230    34.8839    34.8837     3.6274     3.6273    27.7321    27.7319    6.50068    6.46491         40 0.0000e+00
      71727   2988.590   1016.000     3.7007   3.264166     3.6999   3.264019      98.64     0.0163     2.6312     2.3144  34.166294  3.7130647   48.81154  -45.69230    34.8835    34.8826     3.6254     3.6246    27.7320    27.7314    6.50462    6.46222         26 0.0000e+00
      71749   2989.494   1015.000     3.6973   3.263746     3.6963   3.263608      98.64     0.0221     2.6319     2.3151  34.165554  3.7125685   48.81154  -45.69228    34.8826    34.8820     3.6221     3.6212    27.7316    27.7312    6.50422    6.46559         20 0.0000e+00
      71766   2990.226   1014.000     3.6961   3.263577     3.6952   3.263434      98.64     0.0228     2.6327     2.3153  34.163013  3.7130623   48.81154  -45.69228    34.8824    34.8817     3.6210     3.6201    27.7315    27.7311    6.50812    6.46189         16 0.0000e+00
      71782   2990.879   1013.000     3.6954   3.263454     3.6945   3.263312      98.63     0.0241     2.6331     2.3156  34.163124  3.7130647   48.81155  -45.69229    34.8822    34.8815     3.6203     3.6195    27.7315    27.7310    6.50890    6.46314         15 0.0000e+00
      71797   2991.514   1012.000     3.6949   3.263357     3.6941   3.263233      98.63     0.0197     2.6338     2.3158  34.161194  3.7130647   48.81156  -45.69230    34.8821    34.8814     3.6199     3.6192    27.7314    27.7309    6.51127    6.46742         16 0.0000e+00
      71813   2992.175   1011.000     3.6946   3.263285     3.6939   3.263162      20.62     0.0173     2.6349     2.3165  34.163868  3.7112672   48.81156  -45.69230    34.8820    34.8813     3.6197     3.6190    27.7314    27.7309    6.50506    6.46968         16 0.0000e+00
      71831   2992.932   1010.000     3.6943   3.263199     3.6937   3.263103      80.27     0.0218     2.6343     2.3169  34.161919  3.7130523   48.81156  -45.69229    34.8819    34.8813     3.6195     3.6190    27.7313    27.7309    6.49954    6.46748         20 0.0000e+00
      71855   2993.912   1009.000     3.6942   3.263144     3.6936   3.263052      98.17     0.0190     2.6348     2.3174  34.157623  3.7069476   48.81155  -45.69228    34.8818    34.8813     3.6195     3.6190    27.7312    27.7309    6.50052    6.46395         28 0.0000e+00
      71887   2995.269   1008.000     3.6942   3.263112     3.6937   3.263015      91.13     0.0188     2.6349     2.3175  34.154709  3.7034075   48.81154  -45.69228    34.8820    34.8814     3.6196     3.6191    27.7313    27.7309    6.50329    6.46475         38 0.0000e+00
