data/CTD/2014/CNV/u017a052.cnv
* Sea-Bird SBE 9 Data File:
* FileName = C:\CTD_ACQUISITION\2014017HUD\ctddata\017A052.hdr
* Software Version Seasave V 7.22.2
* Temperature SN = 5081
* Conductivity SN = 3561
* Number of Bytes Per Scan = 37
* Number of Voltage Words = 4
* Number of Scans Averaged by the Deck Unit = 1
* NMEA Latitude = 43 42.60 N
* NMEA Longitude = 059 07.70 W
* NMEA UTC (Time) = Jul 13 2014 07:26:46
* NMEA baud rate = 9600
** Ship: Hudson
** Cruise: HUD2014017
** Chief_Scientist: Blair Greenan
** Organization: BIO
** Area_of_Operation: Sackville Spur
** Station: 052
** Sounding:  245
** Event_Comments: LC1, 0
** Microcat calibration. No bottles.
# nquan = 25
# nvalues = 231                         
# units = specified
# name 0 = scan: Scan Count
# name 1 = timeS: Time, Elapsed [seconds]
# name 2 = prDM: Pressure, Digiquartz [db]
# name 3 = t068C: Temperature [ITS-68, deg C]
# name 4 = c0S/m: Conductivity [S/m]
# name 5 = t168C: Temperature, 2 [ITS-68, deg C]
# name 6 = c1S/m: Conductivity, 2 [S/m]
# name 7 = altM: Altimeter [m]
# name 8 = flC: Fluorescence, Chelsea Aqua 3 Chl Con [ug/l]
# name 9 = sbeox0V: Oxygen raw, SBE 43 [V]
# name 10 = sbeox1V: Oxygen raw, SBE 43, 2 [V]
# name 11 = upoly0: Upoly 0, Optode 4330F - O2 D-Phase
# name 12 = upoly1: Upoly 1, Optode 4330F - O2 Temp
# name 13 = latitude: Latitude [deg]
# name 14 = longitude: Longitude [deg]
# name 15 = sal00: Salinity, Practical [PSU]
# name 16 = sal11: Salinity, Practical, 2 [PSU]
# name 17 = potemp068C: Potential Temperature [ITS-68, deg C]
# name 18 = potemp168C: Potential Temperature, 2 [ITS-68, deg C]
# name 19 = sigma-é00: Density [sigma-theta, Kg/m^3]
# name 20 = sigma-é11: Density, 2 [sigma-theta, Kg/m^3]
# name 21 = sbeox0ML/L: Oxygen, SBE 43 [ml/l], WS = 2
# name 22 = sbeox1ML/L: Oxygen, SBE 43, 2 [ml/l], WS = 2
# name 23 = nbin: number of scans per bin
# name 24 = flag: flag
# span 0 =      19887,     138225       
# span 1 =    828.579,   5759.327       
# span 2 =      1.000,    231.000       
# span 3 =     3.5344,    13.4075       
# span 4 =   3.041895,   4.107758       
# span 5 =     3.5327,    13.4732       
# span 6 =   3.041426,   4.107820       
# span 7 =      19.46,     101.03       
# span 8 =     0.0104,     0.1615       
# span 9 =     2.1586,     3.4790       
# span 10 =     1.8647,     3.0548      
# span 11 =  29.278467,  37.642605      
# span 12 =  3.5755672,  11.680053      
# span 13 =   43.70345,   43.70926      
# span 14 =  -59.13642,  -59.12973      
# span 15 =    31.8768,    35.4365      
# span 16 =    31.8986,    35.4520      
# span 17 =     3.5322,    13.4074      
# span 18 =     3.5305,    13.4731      
# span 19 =    23.8948,    27.1459      
# span 20 =    23.8987,    27.1449      
# span 21 =    4.01529,    7.90401      
# span 22 =    3.81976,    7.94717      
# span 23 =         15,        109      
# span 24 = 0.0000e+00, 0.0000e+00      
# interval = decibars: 1                
# start_time = Jul 13 2014 07:26:46 [NMEA time, header]
# bad_flag = -9.990e-29
*END*
[from data line 174]
     107562   4481.723     57.000     4.0210   3.101249     3.9563   3.090919      62.55     0.0434     2.9880     2.6131  33.282509  4.6281004   43.70468  -59.13570    33.1189    33.0621     4.0172     3.9525    26.2883    26.2495    6.73560    6.68488         25 0.0000e+00
     107586   4482.696     56.000     3.9014   3.088781     3.8219   3.076828      98.94     0.0439     2.9896     2.6145  33.284737  4.6137910   43.70468  -59.13570    33.0927    33.0313     3.8978     3.8183    26.2793    26.2383    6.75476    6.70891         22 0.0000e+00
     107607   4483.597     55.000     3.7985   3.077464     3.7630   3.071892      90.64     0.0411     2.9903     2.6156  33.309628  4.4323158   43.70468  -59.13570    33.0631    33.0329     3.7950     3.7594    26.2658    26.2452    6.76793    6.72796         21 0.0000e+00
     107629   4484.512     54.000     3.7565   3.072866     3.7392   3.069857      43.81     0.0387     2.9903     2.6167  33.306866  4.4359097   43.70468  -59.13570    33.0515    33.0333     3.7531     3.7357    26.2606    26.2478    6.77348    6.74577         23 0.0000e+00
     107653   4485.486     53.000     3.7335   3.070492     3.7240   3.068656      99.02     0.0375     2.9905     2.6187  33.229591  4.3858776   43.70468  -59.13570    33.0471    33.0349     3.7301     3.7206    26.2593    26.2505    6.77893    6.76018         24 0.0000e+00
     107677   4486.517     52.000     3.7187   3.069054     3.7125   3.067593      86.41     0.0422     2.9915     2.6210  33.226780  4.3796182   43.70468  -59.13570    33.0455    33.0344     3.7154     3.7092    26.2595    26.2513    6.78939    6.76364         27 0.0000e+00
     107709   4487.849     51.000     3.7028   3.067449     3.6986   3.066118      70.56     0.0450     2.9937     2.6220  33.297604  4.2880645   43.70468  -59.13570    33.0430    33.0314     3.6996     3.6953    26.2590    26.2502    6.80473    6.76321         38 0.0000e+00
     111259   4635.736     50.000     3.6579   3.062568     3.6553   3.061779      95.73     0.0473     2.9955     2.6274  33.275478  3.8959918   43.70453  -59.13581    33.0309    33.0241     3.6547     3.6521    26.2537    26.2485    6.80582    6.77972         94 0.0000e+00
     134792   5616.310     49.000     3.6493   3.060652     3.6493   3.060553      82.76     0.0424     3.0003     2.6383  33.239063  3.6772473   43.70361  -59.13631    33.0173    33.0161     3.6462     3.6462    26.2437    26.2427    6.82281    6.83094         49 0.0000e+00
     136577   5690.683     48.000     3.6423   3.059627     3.6389   3.058748      92.04     0.0433     3.0033     2.6415  33.232166  3.6640313   43.70354  -59.13636    33.0127    33.0057     3.6393     3.6358    26.2407    26.2354    6.82874    6.82564         84 0.0000e+00
     136620   5692.467     47.000     3.6262   3.057585     3.6246   3.057191      67.51     0.0446     3.0047     2.6426  33.230984  3.6639280   43.70354  -59.13636    33.0051    33.0020     3.6233     3.6217    26.2362    26.2338    6.83579    6.84025         33 0.0000e+00
     136655   5693.926     46.000     3.6228   3.057160     3.6216   3.056791      96.13     0.0462     3.0050     2.6433  33.226868  3.6642103   43.70353  -59.13636    33.0040    33.0009     3.6199     3.6187    26.2356    26.2332    6.83224    6.84111         41 0.0000e+00
     136725   5696.821     45.000     3.6098   3.055485     3.6065   3.054651      75.41     0.0490     3.0058     2.6465  33.237160  3.6532645   43.70352  -59.13636    32.9977    32.9911     3.6070     3.6037    26.2318    26.2268    6.84022    6.86557         84 0.0000e+00
     136776   5698.948     44.000     3.5969   3.053873     3.5951   3.053370      90.08     0.0467     3.0097     2.6528  33.235916  3.6493280   43.70352  -59.13636    32.9921    32.9879     3.5942     3.5924    26.2285    26.2253    6.88398    6.90250         27 0.0000e+00
     136800   5699.979     43.000     3.5930   3.053388     3.5906   3.052844      98.63     0.0490     3.0141     2.6557  33.236874  3.6446922   43.70352  -59.13636    32.9908    32.9867     3.5904     3.5879    26.2278    26.2248    6.89947    6.90038         24 0.0000e+00
     136827   5701.090     42.000     3.5877   3.052736     3.5828   3.051712      65.43     0.0486     3.0187     2.6576  33.237598  3.6446886   43.70352  -59.13636    32.9889    32.9816     3.5851     3.5802    26.2268    26.2215    6.90835    6.89867         31 0.0000e+00
     136870   5702.876     41.000     3.5621   3.048896     3.5535   3.046453      89.88     0.0535     3.0244     2.6614  33.237572  3.6278389   43.70352  -59.13636    32.9695    32.9490     3.5595     3.5509    26.2138    26.1983    6.92093    6.93203         56 0.0000e+00
     136918   5704.886     40.000     3.5411   3.044689     3.5406   3.044184      79.55     0.0516     3.0314     2.6722  33.232742  3.6011918   43.70352  -59.13636    32.9410    32.9355     3.5386     3.5381    26.1930    26.1887    6.96966    7.04513         34 0.0000e+00
     136945   5706.013     39.000     3.5396   3.044232     3.5383   3.043836      98.50     0.0488     3.0409     2.6881  33.224113  3.5950835   43.70352  -59.13636    32.9376    32.9341     3.5372     3.5359    26.1905    26.1879    7.05164    7.18769         24 0.0000e+00
     136970   5707.027     38.000     3.5378   3.043919     3.5368   3.043585      58.18     0.0492     3.0551     2.7155  33.224007  3.5954578   43.70352  -59.13636    32.9362    32.9332     3.5354     3.5345    26.1896    26.1872    7.16000    7.44960         26 0.0000e+00
     137002   5708.372     37.000     3.5344   3.043271     3.5327   3.042395      96.67     0.0522     3.0962     2.7791  33.222424  3.5932724   43.70351  -59.13636    32.9324    32.9236     3.5322     3.5305    26.1868    26.1800    7.50062    7.76162         40 0.0000e+00
     137046   5710.200     36.000     3.5387   3.041895     3.5438   3.041426      70.58     0.0564     3.1890     2.8618  33.217522  3.5755672   43.70351  -59.13637    32.9121    32.9013     3.5364     3.5416    26.1703    26.1612    7.84076    7.94105         41 0.0000e+00
     137080   5711.615     35.000     3.5999   3.044322     3.6866   3.055576      98.83     0.0617     3.2539     2.9086  33.199375  3.5763125   43.70351  -59.13638    32.8797    32.9263     3.5977     3.6844    26.1387    26.1676    7.90401    7.94717         30 0.0000e+00
     137109   5712.833     34.000     3.8248   3.062577     3.9668   3.081820      63.84     0.0831     3.2969     2.9339  33.183189  3.5763125   43.70350  -59.13638    32.8707    32.9557     3.8227     3.9646    26.1100    26.1637    7.87659    7.89846         30 0.0000e+00
     137144   5714.306     33.000     4.4619   3.117206     4.9014   3.181549      96.73     0.0997     3.3353     2.9554  33.129765  3.6088045   43.70350  -59.13638    32.8756    33.1837     4.4596     4.8990    26.0487    26.2452    7.77509    7.76647         41 0.0000e+00
     137186   5716.036     32.000     5.9587   3.245781     6.2391   3.288303      68.01     0.1132     3.3681     2.9718  32.726555  4.0099063   43.70350  -59.13638    32.8761    33.0796     5.9561     6.2364    25.8801    26.0060    7.49437    7.48853         38 0.0000e+00
     137217   5717.351     31.000     6.5939   3.299183     6.8189   3.325096      99.02     0.1239     3.3843     2.9829  32.545853  4.5065284   43.70350  -59.13638    32.8575    32.9269     6.5913     6.8162    25.7854    25.8106    7.38123    7.39346         27 0.0000e+00
     137245   5718.493     30.000     6.9034   3.325054     7.0580   3.342340      82.65     0.1330     3.3927     2.9916  32.476097  4.6847644   43.70350  -59.13638    32.8459    32.8873     6.9008     7.0553    25.7356    25.7476    7.32630    7.37712         29 0.0000e+00
     137279   5719.925     29.000     7.1465   3.345304     7.2576   3.359492      82.22     0.1320     3.4049     3.0110  32.203812  5.0564218   43.70350  -59.13638    32.8358    32.8844     7.1439     7.2550    25.6950    25.7181    7.36116    7.41290         41 0.0000e+00
     137322   5721.725     28.000     7.4003   3.367316     7.4531   3.376327      70.32     0.1323     3.4354     3.0330  31.940573  5.6165457   43.70350  -59.13638    32.8342    32.8816     7.3977     7.4505    25.6590    25.6889    7.41722    7.41767         41 0.0000e+00
     137359   5723.239     27.000     7.5348   3.379542     7.5688   3.385761      98.97     0.1361     3.4566     3.0438  31.822792  5.8459001   43.70350  -59.13638    32.8394    32.8743     7.5323     7.5662    25.6443    25.6670    7.40144    7.33635         33 0.0000e+00
     137389   5724.497     26.000     7.6125   3.386601     7.6405   3.391523      83.92     0.1397     3.4621     3.0398  31.770554  5.9433565   43.70350  -59.13638    32.8425    32.8689     7.6100     7.6381    25.6358    25.6526    7.31027    7.28320         28 0.0000e+00
     137417   5725.658     25.000     7.6869   3.393488     7.7834   3.409123      72.55     0.1524     3.4550     3.0357  31.569294  6.1290636   43.70349  -59.13638    32.8467    32.9234     7.6846     7.7810    25.6286    25.6750    7.24816    7.25699         29 0.0000e+00
     137449   5727.018     24.000     8.1295   3.434084     8.3528   3.463377      94.38     0.1615     3.4476     3.0317  31.357145  6.4218535   43.70348  -59.13638    32.8645    32.9658     8.1271     8.3504    25.5784    25.6249    7.17078    7.18920         39 0.0000e+00
     137498   5729.036     23.000     8.9571   3.501516     9.1334   3.527587      76.59     0.1568     3.4469     3.0415  31.078272  6.9479632   43.70348  -59.13638    32.8044    32.9126     8.9547     9.1310    25.4064    25.4634    7.11814    7.14230         50 0.0000e+00
     137537   5730.664     22.000     9.4833   3.541829     9.5361   3.548976      75.18     0.1527     3.4684     3.0548  30.974726  7.2243152   43.70348  -59.13640    32.7385    32.7636     9.4810     9.5337    25.2718    25.2830    7.13810    7.04707         30 0.0000e+00
     137562   5731.707     21.000     9.5482   3.545887     9.5809   3.550061      77.30     0.1512     3.4790     3.0504  30.715870  7.4580245   43.70348  -59.13640    32.7213    32.7343     9.5459     9.5786    25.2479    25.2527    7.07852    6.96512         23 0.0000e+00
     137586   5732.710     20.000     9.5739   3.547246     9.5832   3.548874      98.24     0.1532     3.4750     3.0424  30.667568  7.5442638   43.70348  -59.13640    32.7123    32.7205     9.5717     9.5810    25.2366    25.2416    7.00142    6.95041         26 0.0000e+00
     137620   5734.117     19.000     9.5766   3.544020     9.6106   3.544020      73.52     0.1472     3.4640     3.0379  30.494202  7.8949237   43.70348  -59.13640    32.6772    32.6463     9.5745     9.6085    25.2088    25.1791    6.98999    6.94780         45 0.0000e+00
     137670   5736.188     18.000     9.9758   3.557164    10.1703   3.583889      95.61     0.1369     3.4577     3.0250  30.467752  8.4494667   43.70348  -59.13640    32.4505    32.5458     9.9738    10.1683    24.9663    25.0082    6.92341    6.81910         43 0.0000e+00
     137702   5737.526     17.000    10.5680   3.611620    10.7349   3.636418      60.54     0.1258     3.4446     3.0087  30.426329  8.6122084   43.70348  -59.13640    32.4694    32.5683    10.5661    10.7329    24.8814    24.9296    6.76950    6.68110         27 0.0000e+00
     137727   5738.602     16.000    10.8299   3.639087    10.9278   3.652198      97.85     0.1183     3.4316     3.0001  30.382973  8.6465521   43.70348  -59.13640    32.5107    32.5540    10.8280    10.9259    24.8682    24.8848    6.70453    6.64416         27 0.0000e+00
     137759   5739.902     15.000    10.9978   3.656669    11.1160   3.674605      66.79     0.1127     3.4198     2.9947  30.122009  8.7607403   43.70348  -59.13640    32.5366    32.6090    10.9960    11.1142    24.8589    24.8943    6.67648    6.62201         37 0.0000e+00
     137800   5741.616     14.000    11.4110   3.695876    11.5406   3.710956      99.30     0.1122     3.4136     2.9948  29.896450  9.3273544   43.70348  -59.13640    32.5580    32.5916    11.4093    11.5389    24.8018    24.8045    6.64460    6.58895         41 0.0000e+00
     137835   5743.071     13.000    11.6968   3.714567    11.7299   3.717183      54.86     0.1165     3.4157     2.9984  29.867466  9.6843128   43.70346  -59.13640    32.4900    32.4865    11.6952    11.7283    24.6971    24.6882    6.62882    6.56237         29 0.0000e+00
     137861   5744.185     12.000    11.7325   3.714833    11.7366   3.715140      98.26     0.1169     3.4208     3.0031  29.882755  9.9152918   43.70346  -59.13640    32.4618    32.4611    11.7310    11.7352    24.6686    24.6673    6.65887    6.58257         26 0.0000e+00
     137888   5745.300     11.000    11.7294   3.712924    11.7175   3.710633      56.62     0.1169     3.4304     3.0104  29.743931  10.126728   43.70346  -59.13640    32.4464    32.4344    11.7280    11.7162    24.6572    24.6501    6.69701    6.62649         29 0.0000e+00
     137925   5746.824     10.000    11.6599   3.702614    11.6228   3.695138      97.04     0.1168     3.4489     3.0242  29.698299  10.297530   43.70346  -59.13640    32.4071    32.3667    11.6587    11.6216    24.6394    24.6147    6.76277    6.63363         45 0.0000e+00
     137967   5748.601      9.000    11.5649   3.682558    11.5209   3.669694      59.81     0.1155     3.4602     3.0150  29.702478  10.446980   43.70346  -59.13640    32.2950    32.2078    11.5638    11.5198    24.5696    24.5098    6.71115    6.57007         34 0.0000e+00
     137996   5749.787      8.000    11.4661   3.661434    11.4388   3.655030      99.10     0.1122     3.4495     3.0081  29.692184  10.492715   43.70346  -59.13641    32.1752    32.1364    11.4651    11.4378    24.4943    24.4691    6.68178    6.58026         26 0.0000e+00
     138021   5750.814      7.000    11.4778   3.656525    11.5120   3.657798      60.24     0.1051     3.4404     3.0024  29.679066  10.517396   43.70346  -59.13642    32.1175    32.1002    11.4770    11.5112    24.4473    24.4278    6.65821    6.57850         25 0.0000e+00
     138047   5751.933      6.000    11.5989   3.661047    11.7052   3.670228      87.40     0.0967     3.4298     2.9986  29.649574  10.580608   43.70346  -59.13642    32.0571    32.0545    11.5982    11.7045    24.3785    24.3571    6.62535    6.53963         30 0.0000e+00
     138086   5753.554      5.000    12.1444   3.697788    12.3490   3.720261      72.20     0.0886     3.4176     2.9857  29.526199  10.842916   43.70346  -59.13642    31.9439    31.9848    12.1438    12.3484    24.1900    24.1834    6.53402    6.42987         48 0.0000e+00
     138131   5755.411      4.000    12.7052   3.743777    12.8204   3.757739     100.59     0.0867     3.4066     2.9775  29.477579  11.190115   43.70346  -59.13642    31.9066    31.9414    12.7046    12.8199    24.0554    24.0601    6.47910    6.35410         33 0.0000e+00
     138157   5756.501      3.000    12.9498   3.764390    13.0905   3.779428      85.91     0.0877     3.4096     2.9744  29.476732  11.289540   43.70346  -59.13642    31.8954    31.9185    12.9494    13.0901    23.9993    23.9898    6.45889    6.30267         24 0.0000e+00
     138182   5757.541      2.000    13.1467   3.781059    13.2428   3.792600      63.16     0.0912     3.4070     2.9707  29.373152  11.416312   43.70346  -59.13642    31.8870    31.9145    13.1464    13.2425    23.9543    23.9567    6.39837    6.27248         28 0.0000e+00
     138225   5759.327      1.000    13.4075   3.803279    13.4732   3.811510      76.41     0.0872     3.3837     2.9606  29.278467  11.680053   43.70345  -59.13642    31.8768    31.8986    13.4074    13.4731    23.8948    23.8987    6.25580    6.19255         62 0.0000e+00
