data/CTD/2014/CNV/u017a028.cnv
* Sea-Bird SBE 9 Data File:
* FileName = C:\CTD_ACQUISITION\2014017HUD\ctddata\017A028.hdr
* Software Version Seasave V 7.22.2
* Temperature SN = 5081
* Conductivity SN = 3561
* Number of Bytes Per Scan = 37
* Number of Voltage Words = 4
* Number of Scans Averaged by the Deck Unit = 1
* NMEA Latitude = 48 50.76 N
* NMEA Longitude = 045 44.71 W
* NMEA UTC (Time) = Jul 07 2014 02:20:34
* NMEA baud rate = 9600
** Ship: Hudson
** Cruise: HUD2014017
** Chief_Scientist: Blair Greenan
** Organization: BIO
** Area_of_Operation: Sackville Spur
** Station: 028
** Sounding:  2020
** Event_Comments: SS_26, 403163
# nquan = 25
# nvalues = 2087                        
# units = specified
# name 0 = scan: Scan Count
# name 1 = timeS: Time, Elapsed [seconds]
# name 2 = prDM: Pressure, Digiquartz [db]
# name 3 = t068C: Temperature [ITS-68, deg C]
# name 4 = c0S/m: Conductivity [S/m]
# name 5 = t168C: Temperature, 2 [ITS-68, deg C]
# name 6 = c1S/m: Conductivity, 2 [S/m]
# name 7 = altM: Altimeter [m]
# name 8 = flC: Fluorescence, Chelsea Aqua 3 Chl Con [ug/l]
# name 9 = sbeox0V: Oxygen raw, SBE 43 [V]
# name 10 = sbeox1V: Oxygen raw, SBE 43, 2 [V]
# name 11 = upoly0: Upoly 0, Optode 4330F - O2 D-Phase
# name 12 = upoly1: Upoly 1, Optode 4330F - O2 Temp
# name 13 = latitude: Latitude [deg]
# name 14 = longitude: Longitude [deg]
# name 15 = sal00: Salinity, Practical [PSU]
# name 16 = sal11: Salinity, Practical, 2 [PSU]
# name 17 = potemp068C: Potential Temperature [ITS-68, deg C]
# name 18 = potemp168C: Potential Temperature, 2 [ITS-68, deg C]
# name 19 = sigma-é00: Density [sigma-theta, Kg/m^3]
# name 20 = sigma-é11: Density, 2 [sigma-theta, Kg/m^3]
# name 21 = sbeox0ML/L: Oxygen, SBE 43 [ml/l], WS = 2
# name 22 = sbeox1ML/L: Oxygen, SBE 43, 2 [ml/l], WS = 2
# name 23 = nbin: number of scans per bin
# name 24 = flag: flag
# span 0 =      58659,     109213       
# span 1 =   2444.079,   4550.519       
# span 2 =      1.000,   2087.000       
# span 3 =     2.7706,     8.6710       
# span 4 =   3.108510,   3.567461       
# span 5 =     2.7513,     8.6655       
# span 6 =   3.106606,   3.566868       
# span 7 =       0.58,     104.87       
# span 8 =     0.0069,     0.3051       
# span 9 =     2.2858,     3.5540       
# span 10 =     2.0237,     3.1362      
# span 11 =  30.043087,  35.280041      
# span 12 =  2.8827839,  8.6025152      
# span 13 =   48.84816,   48.85096      
# span 14 =  -45.74186,  -45.74042      
# span 15 =    33.7162,    34.9162      
# span 16 =    33.7192,    34.9157      
# span 17 =     2.7523,     8.6704      
# span 18 =     2.7471,     8.6649      
# span 19 =    26.1683,    27.8379      
# span 20 =    26.1697,    27.8375      
# span 21 =    6.28724,    8.27240      
# span 22 =    6.18097,    8.25435      
# span 23 =         11,         74      
# span 24 = 0.0000e+00, 0.0000e+00      
# interval = decibars: 1                
# start_time = Jul 07 2014 02:20:34 [NMEA time, header]
# bad_flag = -9.990e-29
*END*
[from data line 1566]
      94750   3947.884    521.000     3.7006   3.239510     3.7007   3.239472      98.63     0.0205     2.8241     2.4843  33.639748  3.7053123   48.85068  -45.74096    34.8486    34.8479     3.6640     3.6641    27.7003    27.6998    6.64733    6.63238         24 0.0000e+00
      94777   3949.006    520.000     3.6988   3.239260     3.6996   3.239301      98.63     0.0188     2.8245     2.4845  33.634350  3.7045813   48.85068  -45.74096    34.8481    34.8477     3.6622     3.6631    27.7001    27.6997    6.64526    6.63229         31 0.0000e+00
      94813   3950.499    519.000     3.6974   3.239061     3.6981   3.239093      98.63     0.0169     2.8255     2.4856  33.634094  3.7084212   48.85068  -45.74096    34.8477    34.8473     3.6609     3.6617    27.6999    27.6995    6.65169    6.63869         37 0.0000e+00
      94844   3951.792    518.000     3.6957   3.238827     3.6955   3.238731      98.63     0.0174     2.8257     2.4864  33.633690  3.7132173   48.85068  -45.74096    34.8473    34.8463     3.6593     3.6591    27.6997    27.6990    6.64936    6.64063         25 0.0000e+00
      94865   3952.682    517.000     3.6941   3.238615     3.6920   3.238316      98.63     0.0187     2.8260     2.4870  33.633701  3.7130647   48.85068  -45.74096    34.8469    34.8456     3.6578     3.6557    27.6996    27.6988    6.65280    6.64307         19 0.0000e+00
      94883   3953.425    516.000     3.6916   3.238275     3.6897   3.238032      98.63     0.0153     2.8273     2.4876  33.633701  3.7130647   48.85068  -45.74096    34.8461    34.8451     3.6554     3.6535    27.6992    27.6986    6.65639    6.64535         17 0.0000e+00
      94900   3954.134    515.000     3.6901   3.238071     3.6885   3.237834      98.63     0.0133     2.8272     2.4882  33.633701  3.7130647   48.85068  -45.74096    34.8457    34.8447     3.6540     3.6523    27.6990    27.6983    6.65585    6.64256         17 0.0000e+00
      94919   3954.900    514.000     3.6891   3.237913     3.6879   3.237730      98.63     0.0160     2.8283     2.4883  33.633701  3.7042208   48.85068  -45.74096    34.8455    34.8446     3.6531     3.6518    27.6989    27.6983    6.65332    6.63735         20 0.0000e+00
      94941   3955.829    513.000     3.6883   3.237775     3.6876   3.237656      19.46     0.0156     2.8276     2.4881  33.633701  3.7033014   48.85068  -45.74096    34.8452    34.8445     3.6523     3.6516    27.6988    27.6983    6.65123    6.63327         25 0.0000e+00
      94966   3956.895    512.000     3.6881   3.237704     3.6878   3.237625      97.50     0.0169     2.8285     2.4880  33.633701  3.7010455   48.85068  -45.74096    34.8451    34.8445     3.6522     3.6519    27.6987    27.6982    6.64573    6.62959         26 0.0000e+00
      94990   3957.895    511.000     3.6888   3.237729     3.6886   3.237664      98.63     0.0155     2.8278     2.4871  33.634365  3.7001891   48.85069  -45.74096    34.8452    34.8446     3.6529     3.6556    27.6987    27.6982    6.64972    6.62393         22 0.0000e+00
      95011   3958.762    510.000     3.6898   3.237771     3.6907   3.237811      85.89     0.0150     2.8285     2.4869  33.633709  3.7027836   48.85070  -45.74096    34.8451    34.8446     3.6541     3.6550    27.6985    27.6980    6.65047    6.63313         20 0.0000e+00
      95031   3959.568    509.000     3.6907   3.237819     3.6929   3.237969      94.77     0.0153     2.8286     2.4877  33.632946  3.7032878   48.85070  -45.74096    34.8452    34.8447     3.6551     3.6572    27.6985    27.6979    6.64967    6.64016         19 0.0000e+00
      95050   3960.387    508.000     3.6923   3.237924     3.6947   3.238080      55.95     0.0179     2.8293     2.4883  33.633694  3.7032967   48.85070  -45.74096    34.8454    34.8447     3.6567     3.6591    27.6985    27.6977    6.65242    6.63906         20 0.0000e+00
      95071   3961.268    507.000     3.6947   3.238058     3.6960   3.238157      98.61     0.0149     2.8290     2.4888  33.633701  3.7032967   48.85070  -45.74094    34.8450    34.8448     3.6591     3.6604    27.6979    27.6976    6.64542    6.63813         22 0.0000e+00
      95094   3962.204    506.000     3.6956   3.238101     3.6966   3.238154      98.63     0.0110     2.8295     2.4891  33.633701  3.7032967   48.85070  -45.74096    34.8451    34.8447     3.6601     3.6611    27.6979    27.6975    6.65301    6.62961         23 0.0000e+00
      95116   3963.136    505.000     3.6958   3.238083     3.6964   3.238084      98.63     0.0120     2.8303     2.4886  33.633701  3.7032967   48.85070  -45.74096    34.8451    34.8445     3.6604     3.6610    27.6979    27.6974    6.65077    6.62349         22 0.0000e+00
      95138   3964.035    504.000     3.6960   3.238050     3.6960   3.237985      98.63     0.0134     2.8303     2.4882  33.633701  3.7032967   48.85070  -45.74096    34.8451    34.8443     3.6607     3.6606    27.6978    27.6972    6.64887    6.62834         21 0.0000e+00
      95159   3964.935    503.000     3.6960   3.238006     3.6956   3.237905      98.63     0.0125     2.8306     2.4886  33.633701  3.7032967   48.85070  -45.74095    34.8451    34.8443     3.6608     3.6604    27.6978    27.6972    6.65231    6.63076         22 0.0000e+00
      95184   3965.957    502.000     3.6959   3.237939     3.6955   3.237852      98.63     0.0141     2.8313     2.4889  33.633701  3.7032967   48.85070  -45.74094    34.8450    34.8443     3.6607     3.6603    27.6978    27.6973    6.64821    6.63160         27 0.0000e+00
      95212   3967.121    501.000     3.6959   3.237885     3.6958   3.237828      98.63     0.0183     2.8311     2.4894  33.633701  3.7032967   48.85070  -45.74096    34.8448    34.8442     3.6608     3.6607    27.6976    27.6972    6.64624    6.63417         27 0.0000e+00
      95236   3968.132    500.000     3.6961   3.237867     3.6966   3.237856      98.63     0.0154     2.8313     2.4900  33.633701  3.7032967   48.85072  -45.74096    34.8449    34.8443     3.6611     3.6615    27.6976    27.6971    6.65026    6.63644         22 0.0000e+00
      95257   3968.983    499.000     3.6965   3.237856     3.6968   3.237842      98.63     0.0114     2.8318     2.4904  33.618980  3.7032967   48.85072  -45.74096    34.8449    34.8444     3.6616     3.6619    27.6976    27.6972    6.64854    6.63799         20 0.0000e+00
      95277   3969.813    498.000     3.6968   3.237829     3.6966   3.237766      98.63     0.0098     2.8317     2.4913  33.619049  3.7032967   48.85072  -45.74096    34.8448    34.8443     3.6619     3.6617    27.6975    27.6971    6.64577    6.64144         20 0.0000e+00
      95297   3970.685    497.000     3.6967   3.237777     3.6964   3.237695      98.63     0.0136     2.8321     2.4917  33.619049  3.7032967   48.85072  -45.74096    34.8448    34.8441     3.6619     3.6616    27.6975    27.6970    6.64830    6.63578         22 0.0000e+00
      95322   3971.711    496.000     3.6966   3.237715     3.6966   3.237665      98.63     0.0159     2.8325     2.4918  33.619049  3.7032967   48.85072  -45.74096    34.8447    34.8442     3.6619     3.6618    27.6974    27.6970    6.64621    6.63209         27 0.0000e+00
      95349   3972.831    495.000     3.6968   3.237676     3.6966   3.237611      58.16     0.0161     2.8319     2.4917  33.619049  3.7032967   48.85072  -45.74095    34.8446    34.8440     3.6621     3.6619    27.6973    27.6969    6.64598    6.62912         26 0.0000e+00
      95372   3973.799    494.000     3.6968   3.237636     3.6967   3.237584      98.93     0.0165     2.8329     2.4914  33.619049  3.7032967   48.85072  -45.74094    34.8446    34.8441     3.6622     3.6621    27.6973    27.6969    6.64641    6.62832         21 0.0000e+00
      95392   3974.638    493.000     3.6970   3.237612     3.6971   3.237581      98.63     0.0170     2.8326     2.4916  33.619049  3.7032967   48.85072  -45.74094    34.8446    34.8441     3.6625     3.6626    27.6973    27.6969    6.64098    6.63038         19 0.0000e+00
      95411   3975.406    492.000     3.6976   3.237613     3.6975   3.237554      98.63     0.0196     2.8328     2.4916  33.619049  3.7032967   48.85072  -45.74094    34.8446    34.8440     3.6631     3.6630    27.6972    27.6967    6.64647    6.62689         18 0.0000e+00
      95429   3976.160    491.000     3.6978   3.237572     3.6974   3.237490      98.63     0.0197     2.8329     2.4915  33.619049  3.7032967   48.85072  -45.74094    34.8444    34.8438     3.6634     3.6631    27.6970    27.6966    6.64700    6.62577         18 0.0000e+00
      95448   3976.938    490.000     3.6975   3.237494     3.6968   3.237352      98.63     0.0185     2.8333     2.4914  33.619049  3.7032967   48.85072  -45.74094    34.8443    34.8434     3.6632     3.6625    27.6970    27.6963    6.63968    6.62486         20 0.0000e+00
      95467   3977.769    489.000     3.6971   3.237398     3.6970   3.237308      98.63     0.0174     2.8327     2.4916  33.619049  3.7032967   48.85072  -45.74094    34.8441    34.8432     3.6629     3.6628    27.6969    27.6961    6.63811    6.62416         20 0.0000e+00
      95489   3978.656    488.000     3.6971   3.237338     3.6989   3.237452      69.46     0.0156     2.8335     2.4910  33.619049  3.7032967   48.85072  -45.74094    34.8439    34.8434     3.6630     3.6648    27.6967    27.6961    6.64909    6.61986         22 0.0000e+00
      95512   3979.606    487.000     3.6977   3.237353     3.7007   3.237585      82.04     0.0196     2.8339     2.4913  33.619049  3.7032967   48.85072  -45.74094    34.8440    34.8436     3.6636     3.6666    27.6967    27.6960    6.64935    6.62744         24 0.0000e+00
      95536   3980.621    486.000     3.6997   3.237485     3.7016   3.237632      98.58     0.0204     2.8344     2.4918  33.619049  3.7032967   48.85072  -45.74094    34.8440    34.8437     3.6657     3.6676    27.6964    27.6961    6.64313    6.63166         25 0.0000e+00
      95563   3981.750    485.000     3.7010   3.237557     3.7015   3.237565      98.63     0.0170     2.8346     2.4929  33.619049  3.7032967   48.85072  -45.74094    34.8440    34.8436     3.6671     3.6675    27.6963    27.6960    6.64758    6.63172         29 0.0000e+00
      95592   3982.976    484.000     3.7011   3.237522     3.7010   3.237458      98.63     0.0168     2.8356     2.4930  33.619049  3.7036383   48.85072  -45.74094    34.8441    34.8434     3.6672     3.6671    27.6964    27.6958    6.64739    6.62661         29 0.0000e+00
      95619   3984.091    483.000     3.7010   3.237460     3.7006   3.237375      98.63     0.0181     2.8359     2.4936  33.619049  3.7036877   48.85072  -45.74096    34.8440    34.8433     3.6672     3.6668    27.6963    27.6958    6.64391    6.63815         25 0.0000e+00
      95642   3985.040    482.000     3.7006   3.237381     3.7002   3.237285      54.50     0.0136     2.8354     2.4948  33.619049  3.7032974   48.85072  -45.74096    34.8439    34.8433     3.6669     3.6664    27.6963    27.6958    6.63958    6.64298         21 0.0000e+00
      95663   3985.931    481.000     3.7001   3.237292     3.6993   3.237159      91.98     0.0152     2.8359     2.4957  33.619049  3.7041786   48.85073  -45.74096    34.8440    34.8432     3.6664     3.6656    27.6964    27.6959    6.64308    6.63725         22 0.0000e+00
      95686   3986.864    480.000     3.6993   3.237160     3.6981   3.236996      98.56     0.0157     2.8360     2.4958  33.590080  3.7033069   48.85074  -45.74095    34.8438    34.8430     3.6657     3.6646    27.6963    27.6958    6.64595    6.63282         23 0.0000e+00
      95708   3987.771    479.000     3.6985   3.237028     3.6978   3.236910      98.64     0.0154     2.8365     2.4959  33.594143  3.7032967   48.85074  -45.74094    34.8436    34.8429     3.6650     3.6657    27.6962    27.6958    6.64819    6.63323         20 0.0000e+00
      95726   3988.561    478.000     3.6984   3.236973     3.6989   3.236968      98.63     0.0149     2.8370     2.4961  33.605999  3.7032967   48.85074  -45.74094    34.8435    34.8430     3.6650     3.6655    27.6962    27.6957    6.64663    6.63363         18 0.0000e+00
      95743   3989.254    477.000     3.6997   3.237025     3.6996   3.236981      98.64     0.0151     2.8369     2.4963  33.619118  3.7032967   48.85074  -45.74094    34.8433    34.8429     3.6663     3.6662    27.6959    27.6956    6.64597    6.63246         15 0.0000e+00
      95758   3989.894    476.000     3.6992   3.236924     3.6972   3.236661      98.63     0.0168     2.8378     2.4965  33.619049  3.7032967   48.85074  -45.74094    34.8432    34.8421     3.6659     3.6640    27.6958    27.6952    6.64741    6.62995         16 0.0000e+00
      95774   3990.536    475.000     3.6972   3.236670     3.6951   3.236405      98.63     0.0219     2.8377     2.4961  33.619049  3.7032967   48.85074  -45.74094    34.8428    34.8419     3.6640     3.6619    27.6957    27.6952    6.64356    6.62879         15 0.0000e+00
      95791   3991.262    474.000     3.6957   3.236462     3.6950   3.236344      51.68     0.0209     2.8378     2.4965  33.619049  3.7032967   48.85074  -45.74094    34.8425    34.8417     3.6626     3.6619    27.6956    27.6951    6.64837    6.62999         20 0.0000e+00
      95821   3992.500    473.000     3.6959   3.236446     3.6965   3.236448      92.78     0.0121     2.8386     2.4964  33.619049  3.7032967   48.85074  -45.74094    34.8426    34.8420     3.6628     3.6634    27.6957    27.6951    6.64427    6.62858         43 0.0000e+00
      95864   3994.295    472.000     3.6969   3.236517     3.6963   3.236395      98.84     0.0127     2.8384     2.4963  33.613529  3.7029901   48.85074  -45.74094    34.8429    34.8421     3.6639     3.6633    27.6958    27.6952    6.64159    6.62416         34 0.0000e+00
      95891   3995.402    471.000     3.6973   3.236490     3.6972   3.236430      98.63     0.0151     2.8383     2.4962  33.601582  3.7011321   48.85074  -45.74094    34.8426    34.8421     3.6644     3.6643    27.6955    27.6951    6.63983    6.62423         23 0.0000e+00
      95911   3996.231    470.000     3.7023   3.236904     3.7018   3.236847      98.63     0.0181     2.8385     2.4960  33.601955  3.7016699   48.85074  -45.74094    34.8428    34.8426     3.6695     3.6690    27.6952    27.6951    6.63849    6.62142         18 0.0000e+00
      95929   3996.986    469.000     3.7114   3.237729     3.7099   3.237616      92.73     0.0196     2.8384     2.4960  33.619198  3.7022159   48.85074  -45.74094    34.8436    34.8438     3.6786     3.6771    27.6949    27.6952    6.63384    6.62237         18 0.0000e+00
      95947   3997.762    468.000     3.7159   3.238176     3.7184   3.238404      50.33     0.0208     2.8381     2.4964  33.619049  3.7023187   48.85074  -45.74094    34.8446    34.8447     3.6832     3.6857    27.6952    27.6950    6.63230    6.62252         20 0.0000e+00
      95969   3998.650    467.000     3.7202   3.238556     3.7234   3.238860      97.70     0.0225     2.8380     2.4963  33.614674  3.7024448   48.85074  -45.74094    34.8451    34.8453     3.6875     3.6907    27.6952    27.6950    6.62757    6.61750         23 0.0000e+00
      95992   3999.634    466.000     3.7232   3.238826     3.7256   3.239025      98.63     0.0189     2.8375     2.4963  33.617805  3.7041624   48.85075  -45.74094    34.8457    34.8455     3.6906     3.6929    27.6953    27.6950    6.62829    6.61723         23 0.0000e+00
      96014   4000.560    465.000     3.7241   3.238842     3.7273   3.239146      98.63     0.0193     2.8378     2.4963  33.602707  3.7118199   48.85076  -45.74094    34.8455    34.8457     3.6915     3.6947    27.6951    27.6949    6.63071    6.61250         21 0.0000e+00
