data/CTD/2014/CNV/u017a011.cnv
* Sea-Bird SBE 9 Data File:
* FileName = C:\CTD_ACQUISITION\2014017HUD\ctddata\017A011.hdr
* Software Version Seasave V 7.22.2
* Temperature SN = 5081
* Conductivity SN = 3561
* Number of Bytes Per Scan = 37
* Number of Voltage Words = 4
* Number of Scans Averaged by the Deck Unit = 1
* NMEA Latitude = 52 45.35 N
* NMEA Longitude = 051 52.12 W
* NMEA UTC (Time) = Jul 03 2014 20:37:39
* NMEA baud rate = 9600
** Ship: Hudson
** Cruise: HUD2014017
** Chief_Scientist: Blair Greenan
** Organization: BIO
** Area_of_Operation: Sackville Spur
** Station: 011
** Sounding:  343
** Event_Comments: C2 403022
# nquan = 25
# nvalues = 333                         
# units = specified
# name 0 = scan: Scan Count
# name 1 = timeS: Time, Elapsed [seconds]
# name 2 = prDM: Pressure, Digiquartz [db]
# name 3 = t068C: Temperature [ITS-68, deg C]
# name 4 = c0S/m: Conductivity [S/m]
# name 5 = t168C: Temperature, 2 [ITS-68, deg C]
# name 6 = c1S/m: Conductivity, 2 [S/m]
# name 7 = altM: Altimeter [m]
# name 8 = flC: Fluorescence, Chelsea Aqua 3 Chl Con [ug/l]
# name 9 = sbeox0V: Oxygen raw, SBE 43 [V]
# name 10 = sbeox1V: Oxygen raw, SBE 43, 2 [V]
# name 11 = upoly0: Upoly 0, Optode 4330F - O2 D-Phase
# name 12 = upoly1: Upoly 1, Optode 4330F - O2 Temp
# name 13 = latitude: Latitude [deg]
# name 14 = longitude: Longitude [deg]
# name 15 = sal00: Salinity, Practical [PSU]
# name 16 = sal11: Salinity, Practical, 2 [PSU]
# name 17 = potemp068C: Potential Temperature [ITS-68, deg C]
# name 18 = potemp168C: Potential Temperature, 2 [ITS-68, deg C]
# name 19 = sigma-é00: Density [sigma-theta, Kg/m^3]
# name 20 = sigma-é11: Density, 2 [sigma-theta, Kg/m^3]
# name 21 = sbeox0ML/L: Oxygen, SBE 43 [ml/l], WS = 2
# name 22 = sbeox1ML/L: Oxygen, SBE 43, 2 [ml/l], WS = 2
# name 23 = nbin: number of scans per bin
# name 24 = flag: flag
# span 0 =      20741,      42892       
# span 1 =    864.179,   1787.138       
# span 2 =      1.000,    333.000       
# span 3 =    -1.1821,     4.0015       
# span 4 =   2.665143,   3.238713       
# span 5 =    -1.1870,     4.0388       
# span 6 =   2.664427,   3.238573       
# span 7 =       5.05,     101.43       
# span 8 =     0.0132,     0.7309       
# span 9 =     2.9019,     3.7889       
# span 10 =     2.5563,     3.3726      
# span 11 =  28.659546,  32.505650      
# span 12 = -0.8481256,  3.2042851      
# span 13 =   52.75346,   52.75450      
# span 14 =  -51.86424,  -51.85901      
# span 15 =    31.4276,    34.7740      
# span 16 =    31.4215,    34.7731      
# span 17 =    -1.1828,     3.9989      
# span 18 =    -1.1877,     4.0388      
# span 19 =    24.9456,    27.6608      
# span 20 =    24.9369,    27.6601      
# span 21 =    6.61751,   10.29037      
# span 22 =    6.61647,   10.66011      
# span 23 =         10,         90      
# span 24 = 0.0000e+00, 0.0000e+00      
# interval = decibars: 1                
# start_time = Jul 03 2014 20:37:39 [NMEA time, header]
# bad_flag = -9.990e-29
*END*
[from data line 290]
      34958   1456.529     43.000    -1.0553   2.703644    -1.0458   2.704679      94.49     0.0524     2.9618     2.6128  32.304573 -0.5999876   52.75354  -51.86135    33.4729    33.4780    -1.0563    -1.0468    26.9176    26.9214    7.61372    7.68068         64 0.0000e+00
      35005   1458.512     42.000    -1.0446   2.704702    -1.0307   2.706314      18.81     0.0539     2.9618     2.6127  32.308601 -0.6045672   52.75354  -51.86134    33.4761    33.4824    -1.0457    -1.0317    26.9199    26.9245    7.61690    7.68114         20 0.0000e+00
      35022   1459.192     41.000    -1.0611   2.702556    -1.0562   2.702838      64.61     0.0536     2.9608     2.6128  32.308609 -0.6043956   52.75352  -51.86134    33.4658    33.4642    -1.0621    -1.0572    26.9121    26.9106    7.61756    7.68161         16 0.0000e+00
      35037   1459.846     40.000    -1.0941   2.697645    -1.0994   2.696603      98.20     0.0571     2.9615     2.6126  32.305893 -0.6043956   52.75352  -51.86133    33.4363    33.4279    -1.0951    -1.1003    26.8893    26.8826    7.62666    7.68351         16 0.0000e+00
      35312   1471.294     39.000    -1.1118   2.694523    -1.1220   2.692837      98.63     0.0690     2.9658     2.6185  32.335144 -0.6455235   52.75352  -51.86125    33.4139    33.4023    -1.1127    -1.1229    26.8717    26.8626    7.64301    7.70776         19 0.0000e+00
      36764   1531.779     38.000    -1.0716   2.695937    -1.0461   2.698422      50.78     0.0913     2.9968     2.6536  32.481182 -0.8258650   52.75348  -51.86087    33.3891    33.3946    -1.0725    -1.0470    26.8503    26.8538    7.75687    7.80191         26 0.0000e+00
      36824   1534.289     37.000    -0.9612   2.704545    -0.7430   2.723217      91.33     0.1284     2.9984     2.6502  32.488438 -0.8324637   52.75348  -51.86084    33.3842    33.3937    -0.9621    -0.7440    26.8424    26.8420    7.71559    7.76252         39 0.0000e+00
      36865   1535.993     36.000    -0.8613   2.711563    -0.6994   2.725643      92.85     0.1630     2.9981     2.6482  32.486668 -0.8369141   52.75348  -51.86084    33.3681    33.3804    -0.8622    -0.7004    26.8258    26.8296    7.68450    7.76243         39 0.0000e+00
      36901   1537.494     35.000    -0.8274   2.714477    -0.8787   2.708387      98.69     0.1686     2.9978     2.6481  32.481743 -0.8388476   52.75348  -51.86082    33.3717    33.3460    -0.8283    -0.8796    26.8275    26.8085    7.67668    7.76880         34 0.0000e+00
      36933   1538.821     34.000    -0.9250   2.705191    -1.0723   2.689577      98.63     0.1415     2.9989     2.6500  32.489494 -0.8419273   52.75348  -51.86082    33.3545    33.3056    -0.9258    -1.0731    26.8171    26.7826    7.75725    7.81775         29 0.0000e+00
      36957   1539.851     33.000    -1.0733   2.689685    -1.1560   2.680462      98.63     0.1429     3.0059     2.6540  32.488178 -0.8414929   52.75348  -51.86082    33.3088    33.2748    -1.0741    -1.1568    26.7852    26.7604    7.83426    7.93001         22 0.0000e+00
      36978   1540.726     32.000    -1.1488   2.680934    -1.1870   2.676510      98.63     0.1504     3.0087     2.6613  32.489410 -0.8407102   52.75348  -51.86081    33.2738    33.2558    -1.1495    -1.1877    26.7594    26.7460    7.82993    8.01921         21 0.0000e+00
      37002   1541.714     31.000    -1.1821   2.676692    -1.1596   2.677776      98.63     0.1764     3.0124     2.6720  32.493237 -0.8442034   52.75348  -51.86080    33.2533    33.2433    -1.1828    -1.1603    26.7438    26.7349    7.89958    8.09137         28 0.0000e+00
      37058   1544.021     30.000    -1.0900   2.683187    -1.0524   2.686370      90.79     0.2316     3.0623     2.7288  32.505650 -0.8481256   52.75348  -51.86078    33.2444    33.2422    -1.0942    -1.0531    26.7337    26.7304    8.30144    8.49119         55 0.0000e+00
      37806   1575.192     29.000    -0.7249   2.712715    -0.5316   2.726869      99.20     0.3610     3.3802     2.9865  32.441181 -0.7032685   52.75347  -51.86058    33.2378    33.2163    -0.7254    -0.5324    26.7146    26.6901    9.14452    9.07529         61 0.0000e+00
      38559   1606.578     28.000    -0.5374   2.724617    -0.5428   2.723657      88.14     0.6536     3.4542     3.0500  32.394806 -0.5400968   52.75347  -51.86038    33.1930    33.1840    -0.5382    -0.5435    26.6715    26.6644    9.03012    9.28084         78 0.0000e+00
      38695   1612.252     27.000    -0.6354   2.714600    -0.6624   2.711733      99.75     0.7309     3.4913     3.1060  32.376930 -0.5184072   52.75348  -51.86036    33.1666    33.1578    -0.6361    -0.6631    26.6541    26.6481    9.46142    9.68502         36 0.0000e+00
      38718   1613.223     26.000    -0.7011   2.707357    -0.7163   2.705332      98.63     0.6939     3.5172     3.1261  32.367447 -0.5164086   52.75348  -51.86034    33.1417    33.1311    -0.7018    -0.7170    26.6365    26.6285    9.57870    9.72429         20 0.0000e+00
      38735   1613.937     25.000    -0.8719   2.692518    -0.9320   2.685234      98.63     0.5799     3.5348     3.1391  32.368134 -0.5158732   52.75346  -51.86032    33.1237    33.0968    -0.8673    -0.9326    26.6280    26.6085    9.71010    9.81617         16 0.0000e+00
      38751   1614.572     24.000    -1.0834   2.672919    -1.1461   2.666620      98.63     0.4817     3.5531     3.1508  32.364895 -0.5068808   52.75346  -51.86032    33.0969    33.0803    -1.0839    -1.1467    26.6137    26.6023    9.84600    9.93883         15 0.0000e+00
      38766   1615.208     23.000    -1.1452   2.666402    -1.1599   2.664427      98.63     0.4929     3.5704     3.1632  32.364483 -0.5067155   52.75346  -51.86032    33.0770    33.0661    -1.1457    -1.1604    26.5996    26.5913    9.91879   10.01469         16 0.0000e+00
      38785   1615.990     22.000    -1.1532   2.665143    -1.0947   2.668644      98.63     0.5692     3.5917     3.1783  32.362309 -0.5091003   52.75346  -51.86031    33.0691    33.0524    -1.1537    -1.0952    26.5935    26.5780    9.94546   10.02253         23 0.0000e+00
      38872   1619.610     21.000    -1.0464   2.672772    -0.9777   2.676855      98.63     0.6781     3.6344     3.2004  32.360195 -0.5116444   52.75348  -51.86029    33.0560    33.0375    -1.0469    -0.9782    26.5794    26.5621    9.82353    9.91755         37 0.0000e+00
      38928   1621.966     20.000    -0.9414   2.679206    -0.9239   2.680522      98.63     0.6241     3.6464     3.2058  32.361744 -0.4940624   52.75348  -51.86028    33.0286    33.0273    -0.9419    -0.9243    26.5536    26.5519    9.78278    9.90228         15 0.0000e+00
      39011   1625.424     19.000    -0.9303   2.678356    -0.9585   2.675046      85.66     0.6071     3.6571     3.2181  32.360161 -0.4963132   52.75348  -51.86025    33.0055    32.9915    -0.9308    -0.9590    26.5345    26.5241    9.79522    9.94276         31 0.0000e+00
      40553   1689.652     18.000    -0.9119   2.675088    -0.9070   2.675433      96.68     0.4513     3.7142     3.2933  32.362362 -0.6905287   52.75350  -51.85979    32.9416    32.9408    -0.9124    -0.9074    26.4821    26.4813   10.01601   10.19790         67 0.0000e+00
      40601   1691.666     17.000    -0.8758   2.677365    -0.8783   2.677238      91.80     0.4376     3.7412     3.3057  32.359982 -0.6949224   52.75350  -51.85978    32.9335    32.9344    -0.8762    -0.8787    26.4743    26.4752   10.20907   10.29201         27 0.0000e+00
      40623   1692.564     16.000    -0.8435   2.678376    -0.8435   2.678459      98.64     0.4158     3.7500     3.3139  32.360195 -0.6980100   52.75350  -51.85978    32.9125    32.9136    -0.8439    -0.8439    26.4562    26.4570   10.06306   10.32586         24 0.0000e+00
      40647   1693.578     15.000    -0.7945   2.680149    -0.7840   2.680817      98.63     0.3425     3.7551     3.3281  32.361313 -0.6970016   52.75350  -51.85976    32.8835    32.8811    -0.7949    -0.7844    26.4309    26.4286   10.24810   10.59923         25 0.0000e+00
      40676   1694.801     14.000    -0.7604   2.681752    -0.7304   2.683168      93.54     0.2670     3.7889     3.3726  32.343868 -0.7065402   52.75350  -51.85975    32.8683    32.8550    -0.7605    -0.7308    26.4174    26.4055   10.29037   10.66011         36 0.0000e+00
      40736   1697.311     13.000    -0.3210   2.701899    -0.4377   2.697010      89.78     0.2018     3.7493     3.3351  32.312122 -0.7109835   52.75350  -51.85972    32.6644    32.7242    -0.3214    -0.4380    26.2346    26.2882    9.63126    9.86892         83 0.0000e+00
      40797   1699.836     12.000     0.1097   2.723091     0.0767   2.721937      99.01     0.1637     3.7338     3.3075  32.277851 -0.7119036   52.75350  -51.85972    32.4844    32.5043     0.1093     0.0763    26.0706    26.0882    9.78492    9.87677         29 0.0000e+00
      40818   1700.691     11.000     0.9364   2.761496     0.8364   2.759594      87.60     0.1357     3.7313     3.3039  32.218704 -0.7118437   52.75350  -51.85971    32.1180    32.1972     0.9360     0.8360    25.7317    25.8011    9.30737    9.55446         19 0.0000e+00
      41026   1709.355     10.000     1.5986   2.797946     1.9361   2.815594      97.74     0.0874     3.6934     3.2753  31.683678 -0.5235823   52.75351  -51.85963    31.9033    31.8015     1.5982     1.9356    25.5173    25.4133    9.10706    9.31680         33 0.0000e+00
      41874   1744.694      9.000     2.7198   2.862598     2.8245   2.870120      87.45     0.0528     3.6272     3.2112  29.366055  0.3472812   52.75352  -51.85936    31.5813    31.5702     2.7193     2.8240    25.1794    25.1623    8.73134    8.87605         31 0.0000e+00
      41952   1747.962      8.000     3.0720   2.884851     3.0696   2.885540      93.04     0.0425     3.6102     3.1966  29.037903  0.3625256   52.75352  -51.85933    31.5055    31.5161     3.0716     3.0691    25.0903    25.0992    8.58293    8.74120         75 0.0000e+00
      42016   1750.630      7.000     3.3383   2.902354     3.2934   2.900107      99.11     0.0428     3.5951     3.1866  28.758436  0.3475063   52.75352  -51.85932    31.4566    31.4734     3.3379     3.2930    25.0289    25.0461    8.50657    8.65930         35 0.0000e+00
      42041   1751.648      6.000     3.5026   2.914942     3.4850   2.914223      81.12     0.0385     3.5883     3.1813  28.709297  0.3629019   52.75352  -51.85931    31.4480    31.4565     3.5022     3.4847    25.0075    25.0158    8.42579    8.59456         23 0.0000e+00
      42063   1752.574      5.000     3.6749   2.928252     3.6763   2.929054      95.30     0.0371     3.5829     3.1784  28.659546  0.4059359   52.75351  -51.85929    31.4401    31.4483     3.6746     3.6760    24.9857    24.9921    8.39772    8.55871         23 0.0000e+00
      42089   1753.659      4.000     3.7147   2.931574     3.7135   2.931767      70.69     0.0362     3.5775     3.1729  28.665516  0.4088078   52.75351  -51.85928    31.4415    31.4451     3.7145     3.7133    24.9832    24.9862    8.36276    8.50396         30 0.0000e+00
      42150   1756.216      3.000     3.8746   2.943939     3.8283   2.940670      89.80     0.0348     3.5739     3.1670  28.937664  0.4059027   52.75352  -51.85927    31.4341    31.4400     3.8745     3.8282    24.9624    24.9715    8.37391    8.49574         66 0.0000e+00
      42215   1758.900      2.000     3.9096   2.946643     3.9366   2.949024      98.79     0.0388     3.5738     3.1625  29.342129  0.5307438   52.75352  -51.85925    31.4329    31.4349     3.9094     3.9365    24.9582    24.9573    8.33992    8.47196         22 0.0000e+00
      42892   1787.138      1.000     4.0015   2.953459     4.0388   2.956191      86.76     0.0284     3.5641     3.1536  29.642153  1.6739278   52.75353  -51.85901    31.4276    31.4215     3.9989     4.0388    24.9456    24.9369    8.30321    8.42671         46 0.0000e+00
