data/CTD/2014/CNV/u017a040.cnv
* Sea-Bird SBE 9 Data File:
* FileName = C:\CTD_ACQUISITION\2014017HUD\ctddata\017A040.hdr
* Software Version Seasave V 7.22.2
* Temperature SN = 5081
* Conductivity SN = 3561
* Number of Bytes Per Scan = 37
* Number of Voltage Words = 4
* Number of Scans Averaged by the Deck Unit = 1
* NMEA Latitude = 48 09.86 N
* NMEA Longitude = 046 24.35 W
* NMEA UTC (Time) = Jul 10 2014 03:17:53
* NMEA baud rate = 9600
** Ship: Hudson
** Cruise: HUD2014017
** Chief_Scientist: Blair Greenan
** Organization: BIO
** Area_of_Operation: Sackville Spur
** Station: 040
** Sounding:  1106
** Event_Comments: SS_14, 403229
# nquan = 25
# nvalues = 1131                        
# units = specified
# name 0 = scan: Scan Count
# name 1 = timeS: Time, Elapsed [seconds]
# name 2 = prDM: Pressure, Digiquartz [db]
# name 3 = t068C: Temperature [ITS-68, deg C]
# name 4 = c0S/m: Conductivity [S/m]
# name 5 = t168C: Temperature, 2 [ITS-68, deg C]
# name 6 = c1S/m: Conductivity, 2 [S/m]
# name 7 = altM: Altimeter [m]
# name 8 = flC: Fluorescence, Chelsea Aqua 3 Chl Con [ug/l]
# name 9 = sbeox0V: Oxygen raw, SBE 43 [V]
# name 10 = sbeox1V: Oxygen raw, SBE 43, 2 [V]
# name 11 = upoly0: Upoly 0, Optode 4330F - O2 D-Phase
# name 12 = upoly1: Upoly 1, Optode 4330F - O2 Temp
# name 13 = latitude: Latitude [deg]
# name 14 = longitude: Longitude [deg]
# name 15 = sal00: Salinity, Practical [PSU]
# name 16 = sal11: Salinity, Practical, 2 [PSU]
# name 17 = potemp068C: Potential Temperature [ITS-68, deg C]
# name 18 = potemp168C: Potential Temperature, 2 [ITS-68, deg C]
# name 19 = sigma-é00: Density [sigma-theta, Kg/m^3]
# name 20 = sigma-é11: Density, 2 [sigma-theta, Kg/m^3]
# name 21 = sbeox0ML/L: Oxygen, SBE 43 [ml/l], WS = 2
# name 22 = sbeox1ML/L: Oxygen, SBE 43, 2 [ml/l], WS = 2
# name 23 = nbin: number of scans per bin
# name 24 = flag: flag
# span 0 =      32941,      63625       
# span 1 =   1372.498,   2651.021       
# span 2 =      1.000,   1131.000       
# span 3 =    -1.1420,     7.4959       
# span 4 =   2.676256,   3.364744       
# span 5 =    -1.1446,     7.4978       
# span 6 =   2.675710,   3.364944       
# span 7 =       3.52,     101.46       
# span 8 =     0.0088,     0.0867       
# span 9 =     2.5321,     3.6108       
# span 10 =     2.2358,     3.1837      
# span 11 =  30.517439,  34.628815      
# span 12 = -0.9660915,  7.4897909      
# span 13 =   48.16276,   48.16322      
# span 14 =  -46.40526,  -46.40498      
# span 15 =    32.6984,    34.9074      
# span 16 =    32.7278,    34.9071      
# span 17 =    -1.1430,     7.4958      
# span 18 =    -1.1455,     7.4977      
# span 19 =    25.5624,    27.7549      
# span 20 =    25.5625,    27.7547      
# span 21 =    6.28287,   10.12476      
# span 22 =    6.26160,   10.25922      
# span 23 =         13,         65      
# span 24 = 0.0000e+00, 0.0000e+00      
# interval = decibars: 1                
# start_time = Jul 10 2014 03:17:53 [NMEA time, header]
# bad_flag = -9.990e-29
*END*
[from data line 638]
      49156   2048.127    493.000     3.8386   3.251306     3.8375   3.251142      98.44     0.0199     2.8040     2.4629  33.726971  3.8543584   48.16280  -46.40512    34.8574    34.8567     3.8035     3.8024    27.6932    27.6927    6.54068    6.51456         25 0.0000e+00
      49194   2049.716    492.000     3.8399   3.251401     3.8387   3.251240      98.39     0.0172     2.8047     2.4640  33.728497  3.8504713   48.16280  -46.40512    34.8578    34.8571     3.8049     3.8037    27.6934    27.6929    6.54167    6.51592         51 0.0000e+00
      49237   2051.495    491.000     3.8398   3.251321     3.8402   3.251351      98.38     0.0142     2.8052     2.4648  33.694561  3.8497822   48.16280  -46.40512    34.8574    34.8573     3.8049     3.8053    27.6931    27.6929    6.54048    6.51071         28 0.0000e+00
      49259   2052.410    490.000     3.8403   3.251327     3.8388   3.251121      98.24     0.0160     2.8056     2.4646  33.701160  3.8493216   48.16280  -46.40512    34.8575    34.8567     3.8055     3.8039    27.6930    27.6925    6.54225    6.51203         20 0.0000e+00
      49276   2053.145    489.000     3.8380   3.251004     3.8370   3.250850      98.30     0.0161     2.8057     2.4649  33.706951  3.8498161   48.16280  -46.40512    34.8566    34.8559     3.8032     3.8022    27.6926    27.6921    6.54316    6.51358         16 0.0000e+00
      49293   2053.814    488.000     3.8360   3.250739     3.8341   3.250494      98.39     0.0162     2.8061     2.4651  33.697781  3.8498168   48.16280  -46.40512    34.8561    34.8552     3.8013     3.7994    27.6924    27.6918    6.54397    6.51226         16 0.0000e+00
      49310   2054.526    487.000     3.8340   3.250478     3.8344   3.250485      98.14     0.0158     2.8064     2.4652  33.697708  3.8498168   48.16280  -46.40512    34.8557    34.8554     3.7994     3.7997    27.6922    27.6920    6.54767    6.50793         19 0.0000e+00
      49331   2055.408    486.000     3.8346   3.250489     3.8380   3.250795      98.20     0.0171     2.8072     2.4646  33.693668  3.8498168   48.16280  -46.40512    34.8557    34.8557     3.8001     3.8034    27.6922    27.6919    6.54326    6.49726         24 0.0000e+00
      49359   2056.575    485.000     3.8387   3.250831     3.8403   3.250971      97.68     0.0201     2.8072     2.4638  33.725639  3.8498168   48.16278  -46.40512    34.8559    34.8559     3.8042     3.8058    27.6920    27.6918    6.53613    6.50414         31 0.0000e+00
      49389   2057.830    484.000     3.8385   3.250792     3.8406   3.250957      97.92     0.0185     2.8065     2.4648  33.720615  3.8498168   48.16278  -46.40512    34.8563    34.8559     3.8041     3.8082    27.6922    27.6917    6.53711    6.52208         29 0.0000e+00
      49417   2058.987    483.000     3.8392   3.250789     3.8397   3.250803      98.26     0.0194     2.8074     2.4671  33.695847  3.8498168   48.16278  -46.40512    34.8560    34.8556     3.8048     3.8054    27.6920    27.6916    6.54781    6.53210         27 0.0000e+00
      49443   2060.101    482.000     3.8399   3.250807     3.8408   3.250857      44.32     0.0166     2.8088     2.4688  33.696812  3.8498168   48.16278  -46.40512    34.8560    34.8556     3.8057     3.8066    27.6918    27.6914    6.55641    6.53211         26 0.0000e+00
      49467   2061.063    481.000     3.8412   3.250856     3.8413   3.250842      98.21     0.0170     2.8100     2.4699  33.704033  3.8498168   48.16278  -46.40512    34.8558    34.8554     3.8070     3.8071    27.6915    27.6912    6.55392    6.52407         20 0.0000e+00
      49484   2061.811    480.000     3.8417   3.250817     3.8411   3.250714      98.20     0.0168     2.8108     2.4697  33.694160  3.8498168   48.16278  -46.40512    34.8553    34.8547     3.8076     3.8070    27.6911    27.6907    6.55059    6.51617         16 0.0000e+00
      49500   2062.458    479.000     3.8351   3.250115     3.8310   3.249548      96.74     0.0190     2.8107     2.4697  33.703049  3.8498168   48.16278  -46.40512    34.8545    34.8520     3.8011     3.7970    27.6911    27.6896    6.54814    6.52029         15 0.0000e+00
      49515   2063.082    478.000     3.8233   3.248838     3.8141   3.247744      89.60     0.0207     2.8113     2.4697  33.698181  3.8498168   48.16278  -46.40512    34.8523    34.8490     3.7894     3.7803    27.6905    27.6889    6.55269    6.52945         15 0.0000e+00
      49531   2063.754    477.000     3.8127   3.247671     3.8032   3.246583      94.84     0.0210     2.8112     2.4709  33.704365  3.8498168   48.16278  -46.40512    34.8501    34.8473     3.7790     3.7695    27.6899    27.6886    6.56360    6.54335         18 0.0000e+00
      49553   2064.687    476.000     3.8073   3.247059     3.7975   3.245979      97.77     0.0185     2.8135     2.4726  33.694408  3.8498168   48.16278  -46.40512    34.8492    34.8467     3.7736     3.7638    27.6897    27.6887    6.57718    6.54882         31 0.0000e+00
      49603   2066.730    475.000     3.8154   3.247849     3.8115   3.247427      62.88     0.0186     2.8179     2.4756  33.701485  3.8416684   48.16278  -46.40512    34.8505    34.8496     3.7817     3.7779    27.6899    27.6896    6.58481    6.55201         48 0.0000e+00
      49630   2067.855    474.000     3.8174   3.247974     3.8178   3.247941      97.07     0.0192     2.8191     2.4763  33.696884  3.8373952   48.16278  -46.40512    34.8505    34.8495     3.7838     3.7843    27.6897    27.6889    6.58277    6.53891         19 0.0000e+00
      49646   2068.539    473.000     3.8019   3.246369     3.7972   3.245764      98.63     0.0192     2.8204     2.4762  33.704002  3.8303056   48.16278  -46.40512    34.8483    34.8461     3.7684     3.7638    27.6895    27.6882    6.58658    6.54358         15 0.0000e+00
      49661   2069.157    472.000     3.7893   3.245028     3.7864   3.244616      88.53     0.0181     2.8213     2.4764  33.696335  3.8302808   48.16276  -46.40512    34.8462    34.8444     3.7560     3.7531    27.6891    27.6880    6.58210    6.55067         15 0.0000e+00
      49676   2069.810    471.000     3.7834   3.244355     3.7820   3.244139      97.01     0.0153     2.8209     2.4771  33.702419  3.8319435   48.16277  -46.40512    34.8450    34.8439     3.7502     3.7488    27.6888    27.6880    6.58262    6.55316         17 0.0000e+00
      49699   2070.740    470.000     3.7823   3.244169     3.7818   3.244068      96.05     0.0158     2.8218     2.4774  33.700310  3.8385479   48.16278  -46.40512    34.8445    34.8438     3.7491     3.7486    27.6885    27.6880    6.58306    6.54978         30 0.0000e+00
      49735   2072.262    469.000     3.7828   3.244181     3.7834   3.244216      98.78     0.0167     2.8222     2.4784  33.697033  3.8215103   48.16278  -46.40512    34.8446    34.8444     3.7498     3.7504    27.6885    27.6882    6.57838    6.56375         36 0.0000e+00
      49763   2073.435    468.000     3.7839   3.244226     3.7844   3.244256      93.93     0.0226     2.8222     2.4802  33.693523  3.8103659   48.16278  -46.40512    34.8446    34.8443     3.7509     3.7514    27.6883    27.6881    6.58194    6.56562         22 0.0000e+00
      49783   2074.259    467.000     3.7840   3.244170     3.7840   3.244119      98.69     0.0192     2.8229     2.4808  33.693851  3.8091855   48.16276  -46.40512    34.8443    34.8437     3.7510     3.7510    27.6881    27.6876    6.58366    6.55776         19 0.0000e+00
      49801   2075.000    466.000     3.7838   3.244082     3.7834   3.244013      98.63     0.0165     2.8230     2.4807  33.692348  3.8070054   48.16276  -46.40512    34.8440    34.8436     3.7509     3.7506    27.6879    27.6876    6.58679    6.55447         18 0.0000e+00
      49821   2075.818    465.000     3.7835   3.244021     3.7831   3.243941      97.09     0.0150     2.8242     2.4809  33.692307  3.8088803   48.16276  -46.40512    34.8441    34.8436     3.7507     3.7503    27.6880    27.6876    6.59037    6.55982         22 0.0000e+00
      49847   2076.928    464.000     3.7833   3.243956     3.7828   3.243860      71.56     0.0162     2.8249     2.4818  33.692307  3.8106954   48.16276  -46.40512    34.8441    34.8435     3.7506     3.7501    27.6880    27.6876    6.58725    6.55959         31 0.0000e+00
      49877   2078.149    463.000     3.7832   3.243893     3.7826   3.243792      99.22     0.0128     2.8254     2.4818  33.688717  3.8103459   48.16276  -46.40514    34.8440    34.8434     3.7506     3.7500    27.6879    27.6875    6.58807    6.55590         25 0.0000e+00
      49899   2079.066    462.000     3.7829   3.243813     3.7821   3.243695      95.04     0.0088     2.8260     2.4821  33.687908  3.8107464   48.16276  -46.40514    34.8438    34.8433     3.7504     3.7496    27.6878    27.6875    6.58945    6.55787         20 0.0000e+00
      49917   2079.849    461.000     3.7820   3.243674     3.7814   3.243569      95.92     0.0115     2.8265     2.4822  33.689854  3.8102052   48.16276  -46.40514    34.8437    34.8431     3.7496     3.7489    27.6878    27.6873    6.58496    6.55412         18 0.0000e+00
      49935   2080.595    460.000     3.7815   3.243555     3.7810   3.243454      98.60     0.0145     2.8262     2.4820  33.693081  3.8069854   48.16276  -46.40514    34.8434    34.8427     3.7491     3.7486    27.6876    27.6871    6.58362    6.55323         18 0.0000e+00
      49955   2081.403    459.000     3.7813   3.243476     3.7821   3.243484      98.63     0.0157     2.8267     2.4821  33.692978  3.8063312   48.16276  -46.40514    34.8432    34.8424     3.7489     3.7497    27.6874    27.6867    6.58161    6.55455         22 0.0000e+00
      49983   2082.604    458.000     3.7813   3.243428     3.7832   3.243525      95.14     0.0169     2.8262     2.4822  33.680153  3.8014245   48.16276  -46.40514    34.8431    34.8422     3.7491     3.7510    27.6873    27.6864    6.57838    6.55208         36 0.0000e+00
      50017   2083.996    457.000     3.7817   3.243411     3.7838   3.243517      90.25     0.0204     2.8265     2.4826  33.677597  3.8009689   48.16276  -46.40514    34.8430    34.8421     3.7495     3.7516    27.6872    27.6863    6.58813    6.56402         27 0.0000e+00
      50040   2084.962    456.000     3.7842   3.243536     3.7855   3.243600      36.61     0.0165     2.8272     2.4839  33.677654  3.8009768   48.16276  -46.40514    34.8425    34.8418     3.7520     3.7534    27.6865    27.6859    6.58996    6.56654         21 0.0000e+00
      50060   2085.778    455.000     3.7863   3.243629     3.7865   3.243615      93.69     0.0185     2.8284     2.4844  33.668552  3.8009768   48.16276  -46.40514    34.8418    34.8414     3.7543     3.7545    27.6858    27.6855    6.58767    6.56409         19 0.0000e+00
      50079   2086.577    454.000     3.7868   3.243605     3.7867   3.243541      98.50     0.0206     2.8280     2.4851  33.640541  3.8009768   48.16276  -46.40514    34.8415    34.8409     3.7548     3.7547    27.6855    27.6850    6.58843    6.56756         20 0.0000e+00
      50102   2087.531    453.000     3.7868   3.243541     3.7862   3.243416      92.23     0.0199     2.8290     2.4858  33.642071  3.8009768   48.16276  -46.40514    34.8413    34.8404     3.7549     3.7543    27.6853    27.6847    6.58826    6.56822         26 0.0000e+00
      50129   2088.683    452.000     3.7867   3.243465     3.7858   3.243309      92.17     0.0202     2.8293     2.4870  33.645691  3.8009768   48.16276  -46.40514    34.8410    34.8401     3.7549     3.7540    27.6851    27.6845    6.58687    6.57212         27 0.0000e+00
      50153   2089.685    451.000     3.7863   3.243355     3.7850   3.243165      98.75     0.0204     2.8298     2.4875  33.643429  3.8009768   48.16276  -46.40513    34.8407    34.8398     3.7546     3.7533    27.6849    27.6843    6.58903    6.56625         21 0.0000e+00
      50173   2090.482    450.000     3.7859   3.243222     3.7852   3.243137      98.63     0.0189     2.8301     2.4876  33.637749  3.8009768   48.16276  -46.40512    34.8400    34.8397     3.7542     3.7536    27.6844    27.6842    6.58664    6.56685         18 0.0000e+00
      50190   2091.191    449.000     3.7867   3.243232     3.7867   3.243222      91.99     0.0173     2.8302     2.4881  33.637363  3.8009768   48.16276  -46.40514    34.8399    34.8398     3.7551     3.7551    27.6842    27.6841    6.58597    6.56717         16 0.0000e+00
      50207   2091.897    448.000     3.7870   3.243229     3.7869   3.243189      95.63     0.0193     2.8304     2.4881  33.636139  3.8009768   48.16276  -46.40514    34.8400    34.8396     3.7555     3.7554    27.6842    27.6839    6.58946    6.56467         18 0.0000e+00
      50226   2092.714    447.000     3.7871   3.243197     3.7870   3.243150      98.58     0.0175     2.8312     2.4883  33.638977  3.8009768   48.16276  -46.40514    34.8401    34.8397     3.7556     3.7555    27.6843    27.6840    6.58990    6.56349         22 0.0000e+00
      50254   2093.856    446.000     3.7871   3.243151     3.7870   3.243108      94.94     0.0151     2.8315     2.4884  33.639900  3.8009768   48.16276  -46.40514    34.8401    34.8397     3.7557     3.7556    27.6843    27.6840    6.59249    6.56360         33 0.0000e+00
      50287   2095.268    445.000     3.7873   3.243118     3.7869   3.243055      72.54     0.0147     2.8330     2.4888  33.635406  3.8009768   48.16276  -46.40514    34.8400    34.8396     3.7560     3.7556    27.6842    27.6839    6.59106    6.56802         32 0.0000e+00
      50316   2096.466    444.000     3.7874   3.243081     3.7870   3.243019      97.65     0.0131     2.8330     2.4898  33.633659  3.8009768   48.16276  -46.40514    34.8400    34.8397     3.7562     3.7558    27.6841    27.6839    6.59077    6.57652         26 0.0000e+00
      50339   2097.414    443.000     3.7878   3.243066     3.7875   3.243022      90.07     0.0148     2.8335     2.4910  33.634396  3.8009768   48.16276  -46.40514    34.8399    34.8397     3.7567     3.7564    27.6840    27.6839    6.58816    6.58112         21 0.0000e+00
      50359   2098.259    442.000     3.7892   3.243143     3.7888   3.243074      98.52     0.0147     2.8334     2.4918  33.633713  3.8009768   48.16276  -46.40514    34.8399    34.8394     3.7581     3.7578    27.6839    27.6835    6.58666    6.57963         20 0.0000e+00
      50379   2099.085    441.000     3.7898   3.243145     3.7900   3.243120      98.63     0.0173     2.8335     2.4924  33.633701  3.8009768   48.16276  -46.40514    34.8398    34.8393     3.7588     3.7589    27.6837    27.6833    6.59343    6.57759         20 0.0000e+00
      50400   2099.952    440.000     3.7905   3.243153     3.7911   3.243180      94.25     0.0159     2.8346     2.4930  33.633701  3.8009768   48.16276  -46.40514    34.8397    34.8394     3.7595     3.7602    27.6836    27.6832    6.59769    6.57523         22 0.0000e+00
      50424   2100.947    439.000     3.7910   3.243151     3.7920   3.243207      95.12     0.0167     2.8354     2.4931  33.635338  3.8009768   48.16276  -46.40514    34.8397    34.8392     3.7601     3.7612    27.6835    27.6830    6.59451    6.57169         26 0.0000e+00
      50451   2102.100    438.000     3.7918   3.243158     3.7928   3.243206      98.62     0.0202     2.8357     2.4931  33.633709  3.8009768   48.16276  -46.40514    34.8394    34.8389     3.7610     3.7620    27.6832    27.6827    6.59277    6.56948         28 0.0000e+00
      50477   2103.179    437.000     3.7923   3.243144     3.7929   3.243143      38.56     0.0153     2.8361     2.4931  33.634346  3.8009768   48.16276  -46.40514    34.8393    34.8386     3.7615     3.7622    27.6831    27.6824    6.58931    6.56945         23 0.0000e+00
