data/CTD/2014/CNV/u017a011.cnv
* Sea-Bird SBE 9 Data File:
* FileName = C:\CTD_ACQUISITION\2014017HUD\ctddata\017A011.hdr
* Software Version Seasave V 7.22.2
* Temperature SN = 5081
* Conductivity SN = 3561
* Number of Bytes Per Scan = 37
* Number of Voltage Words = 4
* Number of Scans Averaged by the Deck Unit = 1
* NMEA Latitude = 52 45.35 N
* NMEA Longitude = 051 52.12 W
* NMEA UTC (Time) = Jul 03 2014 20:37:39
* NMEA baud rate = 9600
** Ship: Hudson
** Cruise: HUD2014017
** Chief_Scientist: Blair Greenan
** Organization: BIO
** Area_of_Operation: Sackville Spur
** Station: 011
** Sounding:  343
** Event_Comments: C2 403022
# nquan = 25
# nvalues = 333                         
# units = specified
# name 0 = scan: Scan Count
# name 1 = timeS: Time, Elapsed [seconds]
# name 2 = prDM: Pressure, Digiquartz [db]
# name 3 = t068C: Temperature [ITS-68, deg C]
# name 4 = c0S/m: Conductivity [S/m]
# name 5 = t168C: Temperature, 2 [ITS-68, deg C]
# name 6 = c1S/m: Conductivity, 2 [S/m]
# name 7 = altM: Altimeter [m]
# name 8 = flC: Fluorescence, Chelsea Aqua 3 Chl Con [ug/l]
# name 9 = sbeox0V: Oxygen raw, SBE 43 [V]
# name 10 = sbeox1V: Oxygen raw, SBE 43, 2 [V]
# name 11 = upoly0: Upoly 0, Optode 4330F - O2 D-Phase
# name 12 = upoly1: Upoly 1, Optode 4330F - O2 Temp
# name 13 = latitude: Latitude [deg]
# name 14 = longitude: Longitude [deg]
# name 15 = sal00: Salinity, Practical [PSU]
# name 16 = sal11: Salinity, Practical, 2 [PSU]
# name 17 = potemp068C: Potential Temperature [ITS-68, deg C]
# name 18 = potemp168C: Potential Temperature, 2 [ITS-68, deg C]
# name 19 = sigma-é00: Density [sigma-theta, Kg/m^3]
# name 20 = sigma-é11: Density, 2 [sigma-theta, Kg/m^3]
# name 21 = sbeox0ML/L: Oxygen, SBE 43 [ml/l], WS = 2
# name 22 = sbeox1ML/L: Oxygen, SBE 43, 2 [ml/l], WS = 2
# name 23 = nbin: number of scans per bin
# name 24 = flag: flag
# span 0 =      20741,      42892       
# span 1 =    864.179,   1787.138       
# span 2 =      1.000,    333.000       
# span 3 =    -1.1821,     4.0015       
# span 4 =   2.665143,   3.238713       
# span 5 =    -1.1870,     4.0388       
# span 6 =   2.664427,   3.238573       
# span 7 =       5.05,     101.43       
# span 8 =     0.0132,     0.7309       
# span 9 =     2.9019,     3.7889       
# span 10 =     2.5563,     3.3726      
# span 11 =  28.659546,  32.505650      
# span 12 = -0.8481256,  3.2042851      
# span 13 =   52.75346,   52.75450      
# span 14 =  -51.86424,  -51.85901      
# span 15 =    31.4276,    34.7740      
# span 16 =    31.4215,    34.7731      
# span 17 =    -1.1828,     3.9989      
# span 18 =    -1.1877,     4.0388      
# span 19 =    24.9456,    27.6608      
# span 20 =    24.9369,    27.6601      
# span 21 =    6.61751,   10.29037      
# span 22 =    6.61647,   10.66011      
# span 23 =         10,         90      
# span 24 = 0.0000e+00, 0.0000e+00      
# interval = decibars: 1                
# start_time = Jul 03 2014 20:37:39 [NMEA time, header]
# bad_flag = -9.990e-29
*END*
[from data line 174]
      26710   1112.870    159.000     2.2017   3.056964     2.1896   3.054948      98.78     0.0199     2.9411     2.5827  30.219065  2.5416090   52.75378  -51.86360    34.4288    34.4168     2.1931     2.1809    27.4986    27.4900    6.93967    6.92477         16 0.0000e+00
      26725   1113.511    158.000     2.1090   3.047139     2.0927   3.044684      98.63     0.0246     2.9408     2.5822  30.218864  2.5848160   52.75378  -51.86360    34.4089    34.3941     2.1005     2.0843    27.4902    27.4796    6.94858    6.94639         16 0.0000e+00
      26741   1114.176    157.000     2.0723   3.043087     2.0541   3.040795      90.40     0.0268     2.9394     2.5817  30.225168  2.5332451   52.75378  -51.86360    34.3969    34.3879     2.0640     2.0458    27.4834    27.4777    6.94371    6.94306         16 0.0000e+00
      26759   1114.925    156.000     2.0537   3.040951     2.0331   3.038527      85.68     0.0315     2.9384     2.5798  30.231396  2.5244358   52.75378  -51.86359    34.3909    34.3829     2.0454     2.0248    27.4801    27.4753    6.93946    6.92637         20 0.0000e+00
      26780   1115.799    155.000     2.0458   3.040017     2.0128   3.036412      72.17     0.0276     2.9356     2.5773  30.228483  2.5432794   52.75378  -51.86358    34.3884    34.3790     2.0375     2.0046    27.4787    27.4738    6.92981    6.92966         22 0.0000e+00
      26803   1116.760    154.000     2.0245   3.037939     2.0020   3.035098      54.24     0.0254     2.9341     2.5769  30.248856  2.5006862   52.75378  -51.86358    34.3860    34.3747     2.0163     1.9939    27.4785    27.4712    6.94217    6.95921         24 0.0000e+00
      26829   1117.827    153.000     1.9927   3.034243     1.9625   3.030708      83.39     0.0269     2.9340     2.5788  30.249084  2.5198212   52.75378  -51.86358    34.3747    34.3631     1.9846     1.9545    27.4720    27.4650    6.97560    6.99165         28 0.0000e+00
      26864   1119.291    152.000     1.9709   3.031884     1.9050   3.024765      87.09     0.0297     2.9378     2.5828  30.252300  2.4949317   52.75377  -51.86356    34.3694    34.3515     1.9629     1.8971    27.4694    27.4601    7.00641    7.00827         41 0.0000e+00
      26900   1120.791    151.000     1.8660   3.021563     1.8705   3.021071      99.31     0.0306     2.9413     2.5845  30.252342  2.4505348   52.75376  -51.86356    34.3542    34.3431     1.8582     1.8627    27.4652    27.4560    7.01355    6.99540         27 0.0000e+00
      26921   1121.657    150.000     1.8253   3.017027     1.7568   3.008911      98.63     0.0328     2.9407     2.5823  30.253988  2.4908819   52.75376  -51.86356    34.3419    34.3141     1.8176     1.7492    27.4585    27.4414    6.99754    6.97788         18 0.0000e+00
      26937   1122.326    149.000     1.7383   3.007304     1.6773   3.000258      34.14     0.0279     2.9395     2.5804  30.270386  2.4250913   52.75376  -51.86356    34.3145    34.2919     1.7308     1.6698    27.4431    27.4295    7.00796    7.00287         15 0.0000e+00
      26952   1122.967    148.000     1.6723   3.000242     1.6275   2.994961      56.16     0.0257     2.9388     2.5803  30.270155  2.4344759   52.75376  -51.86356    34.2976    34.2797     1.6650     1.6201    27.4344    27.4233    7.02881    7.04285         16 0.0000e+00
      26970   1123.697    147.000     1.6376   2.996380     1.5942   2.991364      96.85     0.0262     2.9390     2.5819  30.271025  2.4559546   52.75376  -51.86355    34.2872    34.2709     1.6303     1.5870    27.4286    27.4187    7.05619    7.08160         20 0.0000e+00
      27010   1125.395    146.000     1.6282   2.995300     1.6258   2.994994      91.97     0.0242     2.9460     2.5900  30.272520  2.4038460   52.75376  -51.86354    34.2843    34.2831     1.6210     1.6185    27.4270    27.4262    7.11842    7.12610         63 0.0000e+00
      27057   1127.337    145.000     1.6450   2.997140     1.6469   2.997136      99.05     0.0235     2.9550     2.5973  30.282984  2.4028800   52.75376  -51.86354    34.2899    34.2878     1.6378     1.6397    27.4303    27.4284    7.11944    7.12098         22 0.0000e+00
      27072   1127.977    144.000     1.6030   2.992320     1.5999   2.991581      98.63     0.0221     2.9563     2.5985  30.284660  2.3902380   52.75376  -51.86353    34.2752    34.2692     1.5959     1.5928    27.4215    27.4169    7.11407    7.11790         14 0.0000e+00
      27086   1128.521    143.000     1.5122   2.983059     1.5080   2.981755      71.37     0.0224     2.9568     2.5987  30.306477  2.3300593   52.75376  -51.86352    34.2572    34.2452     1.5053     1.5011    27.4136    27.4043    7.12488    7.11941         12 0.0000e+00
      27098   1129.044    142.000     1.4440   2.976132     1.4255   2.973460      78.65     0.0264     2.9570     2.5977  30.304302  2.3659811   52.75374  -51.86352    34.2441    34.2303     1.4372     1.4188    27.4080    27.3981    7.13145    7.12203         13 0.0000e+00
      27111   1129.597    141.000     1.4150   2.972788     1.3918   2.970096      98.37     0.0268     2.9571     2.5971  30.303516  2.3905721   52.75374  -51.86352    34.2338    34.2248     1.4083     1.3852    27.4017    27.3961    7.13814    7.13029         14 0.0000e+00
      27130   1130.383    140.000     1.3981   2.970935     1.3805   2.968915      83.22     0.0261     2.9572     2.5973  30.311283  2.3247831   52.75376  -51.86352    34.2293    34.2227     1.3914     1.3738    27.3993    27.3953    7.14865    7.15647         27 0.0000e+00
      27189   1132.818    139.000     1.4181   2.973060     1.4222   2.973408      89.16     0.0343     2.9606     2.6061  30.321886  2.3276620   52.75375  -51.86352    34.2350    34.2350     1.4115     1.4156    27.4025    27.4022    7.15868    7.21668         66 0.0000e+00
      27223   1134.250    138.000     1.4201   2.973162     1.4228   2.973306      92.18     0.0260     2.9623     2.6089  30.331331  2.2791755   52.75374  -51.86350    34.2348    34.2337     1.4135     1.4162    27.4021    27.4011    7.17300    7.18682         19 0.0000e+00
      27238   1134.883    137.000     1.3941   2.970475     1.4047   2.971083      98.71     0.0267     2.9643     2.6099  30.340034  2.2566895   52.75374  -51.86350    34.2294    34.2257     1.3876     1.3982    27.3997    27.3959    7.19026    7.18635         15 0.0000e+00
      27252   1135.468    136.000     1.3425   2.965056     1.3320   2.963424      98.63     0.0279     2.9662     2.6097  30.336948  2.3003910   52.75374  -51.86350    34.2173    34.2080     1.3362     1.3256    27.3935    27.3867    7.17379    7.16306         13 0.0000e+00
      27266   1136.033    135.000     1.3045   2.961070     1.2851   2.958667      97.96     0.0298     2.9650     2.6069  30.342340  2.2631493   52.75374  -51.86348    34.2086    34.1990     1.2982     1.2789    27.3891    27.3827    7.13986    7.13549         14 0.0000e+00
      27280   1136.633    134.000     1.2819   2.958622     1.2592   2.955922      69.84     0.0309     2.9618     2.6037  30.351452  2.2075510   52.75374  -51.86348    34.2025    34.1928     1.2757     1.2531    27.3858    27.3795    7.12858    7.13273         16 0.0000e+00
      27299   1137.415    133.000     1.2741   2.957675     1.2366   2.953543      96.44     0.0314     2.9601     2.6014  30.351648  2.2506886   52.75374  -51.86348    34.1995    34.1876     1.2679     1.2305    27.3839    27.3769    7.15004    7.15369         24 0.0000e+00
      27356   1139.771    132.000     1.2549   2.955686     1.2584   2.956007      81.90     0.0294     2.9625     2.6049  30.376423  2.1764088   52.75374  -51.86348    34.1957    34.1959     1.2488     1.2523    27.3821    27.3821    7.21177    7.23245         70 0.0000e+00
      27396   1141.460    131.000     1.2665   2.956668     1.2539   2.955712      78.37     0.0253     2.9691     2.6103  30.382889  2.1983745   52.75374  -51.86348    34.1961    34.1976     1.2604     1.2479    27.3817    27.3838    7.22197    7.22955         18 0.0000e+00
      27411   1142.087    130.000     1.2285   2.952910     1.2348   2.952778      89.68     0.0276     2.9696     2.6112  30.385855  2.1551664   52.75374  -51.86346    34.1901    34.1816     1.2226     1.2289    27.3795    27.3722    7.22048    7.22747         15 0.0000e+00
      27425   1142.662    129.000     1.0922   2.938930     1.0722   2.935508      98.55     0.0279     2.9705     2.6112  30.398872  2.0958552   52.75373  -51.86346    34.1606    34.1386     1.0865     1.0665    27.3648    27.3484    7.26325    7.25060         13 0.0000e+00
      27439   1143.247    128.000     1.0094   2.930200     0.9482   2.923070      98.63     0.0272     2.9728     2.6112  30.399509  2.1459935   52.75372  -51.86346    34.1397    34.1150     1.0038     0.9426    27.3534    27.3375    7.28238    7.26541         15 0.0000e+00
      27454   1143.885    127.000     0.9477   2.923750     0.8906   2.917243      98.63     0.0292     2.9734     2.6115  30.399273  2.1363041   52.75373  -51.86345    34.1248    34.1035     0.9422     0.8851    27.3454    27.3319    7.27577    7.27464         16 0.0000e+00
      27473   1144.682    126.000     0.9180   2.920457     0.8651   2.914691      77.26     0.0301     2.9732     2.6106  30.409903  2.0769887   52.75374  -51.86344    34.1155    34.0991     0.9126     0.8597    27.3398    27.3300    7.25329    7.26278         23 0.0000e+00
      27500   1145.812    125.000     0.9007   2.918429     0.8792   2.916219      63.79     0.0307     2.9703     2.6080  30.415819  2.0952697   52.75374  -51.86344    34.1094    34.1040     0.8953     0.8738    27.3360    27.3330    7.24062    7.24209         31 0.0000e+00
      27533   1147.155    124.000     0.8831   2.916436     0.9061   2.919021      98.32     0.0305     2.9674     2.6048  30.434069  2.0655010   52.75374  -51.86344    34.1031    34.1113     0.8778     0.9007    27.3320    27.3372    7.24977    7.24996         33 0.0000e+00
      27567   1148.575    123.000     0.8862   2.916946     0.9099   2.918799      97.54     0.0322     2.9672     2.6042  30.453806  2.0229921   52.75374  -51.86344    34.1068    34.1048     0.8810     0.9046    27.3348    27.3317    7.26188    7.26810         36 0.0000e+00
      27603   1150.085    122.000     0.9013   2.919026     0.8633   2.914366      84.10     0.0261     2.9673     2.6058  30.462090  2.0054173   52.75374  -51.86343    34.1178    34.0983     0.8960     0.8582    27.3427    27.3294    7.26130    7.28198         34 0.0000e+00
      27631   1151.249    121.000     0.8417   2.912796     0.8124   2.909030      97.15     0.0264     2.9681     2.6075  30.462885  1.9955012   52.75372  -51.86342    34.1033    34.0867     0.8365     0.8073    27.3348    27.3233    7.28671    7.29982         22 0.0000e+00
      27649   1152.012    120.000     0.7651   2.904730     0.7425   2.901491      33.35     0.0256     2.9695     2.6085  30.465982  1.9826183   52.75372  -51.86342    34.0835    34.0664     0.7601     0.7375    27.3236    27.3112    7.30663    7.31138         15 0.0000e+00
      27664   1152.623    119.000     0.7096   2.898658     0.6776   2.895053      64.70     0.0232     2.9702     2.6086  30.488390  1.9121929   52.75372  -51.86341    34.0664    34.0547     0.7047     0.6728    27.3132    27.3057    7.30153    7.30921         14 0.0000e+00
      27677   1153.187    118.000     0.6751   2.895066     0.6343   2.890486      95.48     0.0248     2.9693     2.6080  30.488749  1.9547981   52.75372  -51.86340    34.0582    34.0436     0.6703     0.6295    27.3087    27.2994    7.29100    7.30507         14 0.0000e+00
      27692   1153.775    117.000     0.6267   2.890264     0.5806   2.885036      98.55     0.0245     2.9682     2.6072  30.491261  1.9567229   52.75372  -51.86340    34.0496    34.0323     0.6220     0.5760    27.3047    27.2934    7.30254    7.31510         15 0.0000e+00
      27710   1154.539    116.000     0.6083   2.888166     0.5529   2.882272      77.67     0.0210     2.9682     2.6069  30.504923  1.8902090   52.75372  -51.86340    34.0432    34.0274     0.6036     0.5483    27.3006    27.2911    7.31400    7.32714         24 0.0000e+00
      27768   1156.977    115.000     0.5815   2.885224     0.6131   2.888566      84.83     0.0375     2.9678     2.6102  30.513945  1.8879124   52.75372  -51.86340    34.0350    34.0437     0.5769     0.6085    27.2955    27.3007    7.32559    7.36499         54 0.0000e+00
      27805   1158.519    114.000     0.5951   2.886581     0.6065   2.887915      54.79     0.0567     2.9686     2.6119  30.537537  1.8033987   52.75372  -51.86338    34.0383    34.0432     0.5905     0.6019    27.2974    27.3006    7.32274    7.34922         18 0.0000e+00
      27820   1159.130    113.000     0.5799   2.885007     0.5969   2.886199      98.95     0.0414     2.9686     2.6119  30.541183  1.8325856   52.75372  -51.86338    34.0351    34.0319     0.5754     0.5924    27.2957    27.2921    7.31528    7.33377         15 0.0000e+00
      27834   1159.695    112.000     0.5177   2.878376     0.5140   2.877431      98.63     0.0374     2.9681     2.6104  30.542101  1.8484975   52.75372  -51.86337    34.0177    34.0095     0.5133     0.5096    27.2853    27.2789    7.29605    7.32210         13 0.0000e+00
      27847   1160.260    111.000     0.4850   2.874793     0.4676   2.872699      98.63     0.0359     2.9658     2.6084  30.549305  1.7673819   52.75372  -51.86336    34.0076    33.9995     0.4807     0.4633    27.2790    27.2735    7.28437    7.31725         14 0.0000e+00
      27863   1160.896    110.000     0.4703   2.873128     0.4354   2.869173      98.63     0.0333     2.9624     2.6065  30.556540  1.7579975   52.75372  -51.86336    34.0026    33.9894     0.4661     0.4311    27.2759    27.2673    7.28338    7.32584         17 0.0000e+00
      27885   1161.827    109.000     0.4591   2.871942     0.3881   2.864789      91.81     0.0309     2.9607     2.6056  30.562366  1.7621748   52.75372  -51.86336    34.0000    33.9856     0.4549     0.3841    27.2744    27.2669    7.31331    7.34820         31 0.0000e+00
      27931   1163.765    108.000     0.4473   2.870781     0.4762   2.873754      69.72     0.0308     2.9630     2.6081  30.580664  1.7209437   52.75372  -51.86336    33.9986    34.0060     0.4431     0.4720    27.2739    27.2783    7.35599    7.39129         53 0.0000e+00
      27970   1165.368    107.000     0.4266   2.868720     0.4471   2.870574      79.60     0.0335     2.9673     2.6120  30.586294  1.7105917   52.75372  -51.86336    33.9950    33.9967     0.4224     0.4429    27.2722    27.2724    7.37463    7.40798         26 0.0000e+00
      27990   1166.224    106.000     0.3819   2.864429     0.3975   2.865059      82.89     0.0317     2.9675     2.6137  30.601870  1.6527249   52.75372  -51.86334    33.9887    33.9798     0.3778     0.3934    27.2697    27.2616    7.35113    7.39329         17 0.0000e+00
      28007   1166.921    105.000     0.2721   2.852931     0.2780   2.852731      98.74     0.0319     2.9670     2.6123  30.617210  1.6340749   52.75372  -51.86334    33.9596    33.9505     0.2682     0.2741    27.2523    27.2446    7.35395    7.38381         17 0.0000e+00
      28023   1167.601    104.000     0.2322   2.848859     0.2140   2.846666      62.33     0.0307     2.9650     2.6103  30.618128  1.6768520   52.75372  -51.86333    33.9508    33.9421     0.2284     0.2102    27.2473    27.2413    7.35144    7.38129         16 0.0000e+00
      28041   1168.332    103.000     0.2163   2.846986     0.1874   2.844006      97.85     0.0332     2.9640     2.6084  30.634638  1.5925153   52.75372  -51.86332    33.9443    33.9371     0.2126     0.1837    27.2429    27.2386    7.37737    7.39372         19 0.0000e+00
