data/CTD/2014/CNV/u017a039.cnv
* Sea-Bird SBE 9 Data File:
* FileName = C:\CTD_ACQUISITION\2014017HUD\ctddata\017A039.hdr
* Software Version Seasave V 7.22.2
* Temperature SN = 5081
* Conductivity SN = 3561
* Number of Bytes Per Scan = 37
* Number of Voltage Words = 4
* Number of Scans Averaged by the Deck Unit = 1
* NMEA Latitude = 48 13.75 N
* NMEA Longitude = 046 27.83 W
* NMEA UTC (Time) = Jul 10 2014 01:54:16
* NMEA baud rate = 9600
** Ship: Hudson
** Cruise: HUD2014017
** Chief_Scientist: Blair Greenan
** Organization: BIO
** Area_of_Operation: Sackville Spur
** Station: 039
** Sounding:  938
** Event_Comments: SS_13, 403226
# nquan = 25
# nvalues = 960                         
# units = specified
# name 0 = scan: Scan Count
# name 1 = timeS: Time, Elapsed [seconds]
# name 2 = prDM: Pressure, Digiquartz [db]
# name 3 = t068C: Temperature [ITS-68, deg C]
# name 4 = c0S/m: Conductivity [S/m]
# name 5 = t168C: Temperature, 2 [ITS-68, deg C]
# name 6 = c1S/m: Conductivity, 2 [S/m]
# name 7 = altM: Altimeter [m]
# name 8 = flC: Fluorescence, Chelsea Aqua 3 Chl Con [ug/l]
# name 9 = sbeox0V: Oxygen raw, SBE 43 [V]
# name 10 = sbeox1V: Oxygen raw, SBE 43, 2 [V]
# name 11 = upoly0: Upoly 0, Optode 4330F - O2 D-Phase
# name 12 = upoly1: Upoly 1, Optode 4330F - O2 Temp
# name 13 = latitude: Latitude [deg]
# name 14 = longitude: Longitude [deg]
# name 15 = sal00: Salinity, Practical [PSU]
# name 16 = sal11: Salinity, Practical, 2 [PSU]
# name 17 = potemp068C: Potential Temperature [ITS-68, deg C]
# name 18 = potemp168C: Potential Temperature, 2 [ITS-68, deg C]
# name 19 = sigma-é00: Density [sigma-theta, Kg/m^3]
# name 20 = sigma-é11: Density, 2 [sigma-theta, Kg/m^3]
# name 21 = sbeox0ML/L: Oxygen, SBE 43 [ml/l], WS = 2
# name 22 = sbeox1ML/L: Oxygen, SBE 43, 2 [ml/l], WS = 2
# name 23 = nbin: number of scans per bin
# name 24 = flag: flag
# span 0 =      33016,      58706       
# span 1 =   1375.619,   2446.057       
# span 2 =      1.000,    960.000       
# span 3 =    -1.1586,     7.8962       
# span 4 =   2.675352,   3.398297       
# span 5 =    -1.1648,     7.8998       
# span 6 =   2.675412,   3.398446       
# span 7 =       4.37,     100.60       
# span 8 =     0.0084,     0.0814       
# span 9 =     2.6107,     3.7337       
# span 10 =     2.3049,     3.2625      
# span 11 =  30.321404,  34.664959      
# span 12 = -1.0048785,  7.8166318      
# span 13 =   48.22806,   48.22868      
# span 14 =  -46.46281,  -46.46194      
# span 15 =    32.7128,    34.8938      
# span 16 =    32.7109,    34.8932      
# span 17 =    -1.1595,     7.8961      
# span 18 =    -1.1657,     7.8998      
# span 19 =    25.4932,    27.7377      
# span 20 =    25.4912,    27.7372      
# span 21 =    6.37806,   10.20220      
# span 22 =    6.35944,   10.16841      
# span 23 =         11,         72      
# span 24 = 0.0000e+00, 0.0000e+00      
# interval = decibars: 1                
# start_time = Jul 10 2014 01:54:16 [NMEA time, header]
# bad_flag = -9.990e-29
*END*
[from data line 348]
      41651   1735.415    612.000     3.7538   3.248932     3.7542   3.248917      98.63     0.0172     2.7838     2.4467  33.737125  3.7716727   48.22854  -46.46206    34.8562    34.8555     3.7101     3.7105    27.7017    27.7012    6.59925    6.55450         17 0.0000e+00
      41671   1736.237    611.000     3.7542   3.248927     3.7550   3.248943      85.53     0.0158     2.7841     2.4465  33.728748  3.7716727   48.22854  -46.46206    34.8561    34.8555     3.7106     3.7114    27.7016    27.7011    6.59515    6.56583         23 0.0000e+00
      41697   1737.340    610.000     3.7549   3.248939     3.7552   3.248920      97.72     0.0157     2.7841     2.4467  33.718513  3.7716727   48.22853  -46.46206    34.8561    34.8555     3.7114     3.7117    27.7015    27.7010    6.59395    6.57568         29 0.0000e+00
      41725   1738.494    609.000     3.7551   3.248910     3.7548   3.248817      98.65     0.0153     2.7843     2.4482  33.710804  3.7716727   48.22852  -46.46206    34.8561    34.8553     3.7116     3.7113    27.7015    27.7009    6.60110    6.58166         26 0.0000e+00
      41750   1739.533    608.000     3.7551   3.248868     3.7527   3.248565      82.48     0.0145     2.7852     2.4487  33.708736  3.7716727   48.22852  -46.46204    34.8561    34.8550     3.7117     3.7093    27.7015    27.7009    6.60382    6.57674         25 0.0000e+00
      41776   1740.606    607.000     3.7545   3.248776     3.7504   3.248262      98.67     0.0169     2.7860     2.4494  33.714859  3.7716727   48.22852  -46.46204    34.8562    34.8545     3.7112     3.7071    27.7016    27.7006    6.59948    6.57989         26 0.0000e+00
      41801   1741.656    606.000     3.7524   3.248499     3.7495   3.248123      84.56     0.0171     2.7861     2.4500  33.714596  3.7716727   48.22852  -46.46204    34.8557    34.8543     3.7091     3.7063    27.7014    27.7006    6.59925    6.58190         23 0.0000e+00
      41822   1742.544    605.000     3.7519   3.248355     3.7512   3.248258      78.32     0.0163     2.7862     2.4506  33.718037  3.7716727   48.22852  -46.46204    34.8550    34.8546     3.7087     3.7081    27.7009    27.7006    6.60253    6.57914         20 0.0000e+00
      41842   1743.359    604.000     3.7525   3.248355     3.7509   3.248159      97.16     0.0186     2.7872     2.4505  33.716473  3.7716727   48.22850  -46.46204    34.8549    34.8542     3.7094     3.7078    27.7008    27.7004    6.60955    6.57259         20 0.0000e+00
      41864   1744.300    603.000     3.7496   3.248049     3.7469   3.247686      86.93     0.0199     2.7878     2.4504  33.712002  3.7681797   48.22850  -46.46204    34.8549    34.8534     3.7066     3.7039    27.7010    27.7001    6.60709    6.57693         27 0.0000e+00
      41899   1745.740    602.000     3.7481   3.247829     3.7454   3.247487      94.46     0.0239     2.7888     2.4510  33.703964  3.7654040   48.22850  -46.46204    34.8543    34.8531     3.7052     3.7026    27.7007    27.7000    6.60702    6.58153         38 0.0000e+00
      41928   1746.962    601.000     3.7476   3.247726     3.7445   3.247351      91.21     0.0187     2.7893     2.4518  33.692066  3.7618330   48.22850  -46.46204    34.8542    34.8530     3.7047     3.7017    27.7007    27.7000    6.60822    6.58476         22 0.0000e+00
      41948   1747.789    600.000     3.7457   3.247464     3.7445   3.247292      98.61     0.0154     2.7895     2.4523  33.692307  3.7619047   48.22849  -46.46204    34.8536    34.8528     3.7029     3.7018    27.7004    27.6999    6.61197    6.58173         19 0.0000e+00
      41966   1748.558    599.000     3.7457   3.247401     3.7456   3.247348      82.77     0.0162     2.7908     2.4523  33.692307  3.7619047   48.22848  -46.46204    34.8534    34.8529     3.7030     3.7029    27.7002    27.6998    6.60716    6.57758         19 0.0000e+00
      41987   1749.434    598.000     3.7462   3.247404     3.7469   3.247415      78.31     0.0143     2.7903     2.4523  33.692307  3.7619047   48.22848  -46.46204    34.8534    34.8528     3.7036     3.7043    27.7002    27.6996    6.59909    6.57602         23 0.0000e+00
      42014   1750.556    597.000     3.7468   3.247416     3.7484   3.247537      98.91     0.0144     2.7896     2.4521  33.692307  3.7619047   48.22848  -46.46204    34.8534    34.8532     3.7043     3.7059    27.7001    27.6998    6.59516    6.57138         29 0.0000e+00
      42042   1751.720    596.000     3.7507   3.247721     3.7527   3.247895      98.63     0.0132     2.7891     2.4515  33.692307  3.7619047   48.22847  -46.46204    34.8535    34.8534     3.7082     3.7103    27.6997    27.6995    6.59091    6.56453         27 0.0000e+00
      42068   1752.804    595.000     3.7500   3.247658     3.7611   3.248681      98.63     0.0126     2.7887     2.4509  33.678883  3.7619047   48.22846  -46.46204    34.8539    34.8544     3.7077     3.7187    27.7002    27.6994    6.59393    6.56318         26 0.0000e+00
      42093   1753.838    594.000     3.7607   3.248602     3.7676   3.249293      94.74     0.0112     2.7887     2.4502  33.677650  3.7619047   48.22846  -46.46204    34.8545    34.8554     3.7184     3.7252    27.6995    27.6995    6.58978    6.55808         23 0.0000e+00
      42116   1754.784    593.000     3.7708   3.249589     3.7760   3.250105      70.01     0.0125     2.7885     2.4502  33.677654  3.7650561   48.22846  -46.46204    34.8559    34.8566     3.7285     3.7336    27.6997    27.6997    6.58589    6.55469         22 0.0000e+00
      42138   1755.702    592.000     3.7815   3.250600     3.7876   3.251237      93.20     0.0091     2.7882     2.4492  33.677654  3.7631919   48.22846  -46.46204    34.8571    34.8583     3.7392     3.7453    27.6995    27.6998    6.58475    6.54602         23 0.0000e+00
      42162   1756.702    591.000     3.7873   3.251220     3.7928   3.251681      96.95     0.0086     2.7884     2.4488  33.678238  3.7712336   48.22845  -46.46204    34.8590    34.8586     3.7450     3.7505    27.7004    27.6995    6.58436    6.55101         25 0.0000e+00
      42188   1757.775    590.000     3.7916   3.251539     3.7946   3.251817      85.18     0.0160     2.7883     2.4492  33.676441  3.7716820   48.22844  -46.46204    34.8587    34.8589     3.7494     3.7523    27.6997    27.6996    6.57895    6.55287         25 0.0000e+00
      42211   1758.739    589.000     3.7943   3.251759     3.7949   3.251811      98.99     0.0192     2.7875     2.4489  33.659698  3.7817483   48.22844  -46.46204    34.8590    34.8589     3.7522     3.7528    27.6997    27.6996    6.57357    6.55073         21 0.0000e+00
      42231   1759.571    588.000     3.7952   3.251813     3.7954   3.251812      79.61     0.0173     2.7878     2.4495  33.657112  3.7814407   48.22844  -46.46204    34.8592    34.8590     3.7531     3.7533    27.6998    27.6995    6.57812    6.55980         20 0.0000e+00
      42250   1760.377    587.000     3.7954   3.251810     3.7956   3.251765      98.20     0.0208     2.7876     2.4504  33.671455  3.7876441   48.22844  -46.46204    34.8595    34.8588     3.7534     3.7536    27.6999    27.6993    6.57840    6.55348         20 0.0000e+00
      42274   1761.366    586.000     3.7957   3.251780     3.7957   3.251733      82.71     0.0180     2.7876     2.4498  33.677845  3.7910395   48.22842  -46.46204    34.8594    34.8588     3.7537     3.7537    27.6998    27.6994    6.57777    6.54583         29 0.0000e+00
      42307   1762.752    585.000     3.7959   3.251750     3.7962   3.251729      86.72     0.0160     2.7882     2.4499  33.679554  3.7908878   48.22842  -46.46204    34.8593    34.8587     3.7541     3.7543    27.6997    27.6993    6.57853    6.55134         32 0.0000e+00
      42334   1763.872    584.000     3.7963   3.251730     3.7963   3.251701      99.04     0.0099     2.7882     2.4500  33.678249  3.7912190   48.22842  -46.46204    34.8592    34.8588     3.7545     3.7545    27.6996    27.6993    6.57884    6.54605         23 0.0000e+00
      42355   1764.731    583.000     3.7984   3.251887     3.7981   3.251841      98.63     0.0134     2.7883     2.4500  33.678387  3.7912087   48.22841  -46.46204    34.8593    34.8591     3.7567     3.7564    27.6995    27.6993    6.57128    6.54868         20 0.0000e+00
      42374   1765.535    582.000     3.8007   3.252076     3.8012   3.252101      98.63     0.0152     2.7877     2.4502  33.679955  3.7912087   48.22840  -46.46204    34.8597    34.8594     3.7590     3.7595    27.6995    27.6993    6.56811    6.55098         19 0.0000e+00
      42394   1766.390    581.000     3.8030   3.252269     3.8049   3.252414      98.63     0.0148     2.7878     2.4507  33.675022  3.7951789   48.22840  -46.46204    34.8600    34.8598     3.7614     3.7633    27.6996    27.6992    6.57227    6.55635         22 0.0000e+00
      42420   1767.447    580.000     3.8047   3.252388     3.8068   3.252540      81.20     0.0144     2.7879     2.4518  33.672127  3.7979157   48.22840  -46.46204    34.8602    34.8598     3.7632     3.7653    27.6995    27.6990    6.57042    6.56098         29 0.0000e+00
      42450   1768.688    579.000     3.8058   3.252435     3.8049   3.252301      98.94     0.0137     2.7879     2.4530  33.662842  3.8010297   48.22840  -46.46204    34.8602    34.8594     3.7643     3.7635    27.6994    27.6989    6.57226    6.56005         29 0.0000e+00
      42476   1769.771    578.000     3.8047   3.252278     3.8021   3.251943      96.54     0.0139     2.7886     2.4535  33.657806  3.8009768   48.22839  -46.46204    34.8599    34.8586     3.7633     3.7608    27.6993    27.6985    6.57756    6.55536         23 0.0000e+00
      42497   1770.683    577.000     3.8012   3.251830     3.7989   3.251528      74.31     0.0161     2.7890     2.4535  33.677307  3.8047664   48.22838  -46.46204    34.8588    34.8577     3.7600     3.7577    27.6988    27.6981    6.57454    6.55435         21 0.0000e+00
      42518   1771.545    576.000     3.7978   3.251403     3.7960   3.251147      98.73     0.0182     2.7891     2.4538  33.677658  3.8056314   48.22838  -46.46204    34.8579    34.8568     3.7566     3.7548    27.6984    27.6976    6.58173    6.56129         21 0.0000e+00
      42540   1772.449    575.000     3.7963   3.251182     3.7952   3.251004      80.36     0.0165     2.7906     2.4546  33.683964  3.8069100   48.22838  -46.46204    34.8574    34.8565     3.7552     3.7541    27.6981    27.6975    6.59067    6.56547         23 0.0000e+00
      42564   1773.443    574.000     3.7959   3.251088     3.7951   3.250956      78.67     0.0164     2.7917     2.4555  33.686985  3.8079932   48.22837  -46.46204    34.8573    34.8565     3.7548     3.7541    27.6980    27.6975    6.58827    6.56581         25 0.0000e+00
      42590   1774.541    573.000     3.7955   3.251010     3.7937   3.250740      97.80     0.0168     2.7925     2.4556  33.682457  3.8031683   48.22836  -46.46204    34.8572    34.8560     3.7546     3.7527    27.6980    27.6972    6.58650    6.55558         28 0.0000e+00
      42618   1775.725    572.000     3.7951   3.250921     3.7919   3.250486      82.34     0.0184     2.7930     2.4556  33.680340  3.8009458   48.22836  -46.46204    34.8571    34.8554     3.7543     3.7510    27.6980    27.6969    6.58287    6.56098         27 0.0000e+00
      42643   1776.731    571.000     3.7940   3.250715     3.7927   3.250487      98.92     0.0186     2.7936     2.4562  33.689724  3.8047826   48.22836  -46.46204    34.8564    34.8550     3.7532     3.7519    27.6975    27.6966    6.58505    6.56257         21 0.0000e+00
      42663   1777.574    570.000     3.7957   3.250754     3.7965   3.250809      76.30     0.0188     2.7934     2.4561  33.685661  3.8043914   48.22836  -46.46204    34.8556    34.8553     3.7550     3.7558    27.6967    27.6964    6.58618    6.55136         20 0.0000e+00
      42683   1778.419    569.000     3.7980   3.250943     3.7981   3.250901      98.17     0.0163     2.7945     2.4554  33.689560  3.8036563   48.22836  -46.46204    34.8559    34.8553     3.7574     3.7575    27.6967    27.6962    6.59039    6.54693         22 0.0000e+00
      42708   1779.470    568.000     3.7982   3.250912     3.7949   3.250542      83.01     0.0148     2.7948     2.4553  33.689285  3.8062890   48.22834  -46.46204    34.8559    34.8550     3.7576     3.7543    27.6967    27.6963    6.58561    6.55637         29 0.0000e+00
      42738   1780.690    567.000     3.7979   3.250837     3.7936   3.250359      79.47     0.0147     2.7958     2.4562  33.687740  3.8031089   48.22834  -46.46204    34.8558    34.8547     3.7574     3.7531    27.6966    27.6962    6.58966    6.55973         26 0.0000e+00
      42761   1781.646    566.000     3.7955   3.250576     3.7926   3.250210      99.04     0.0189     2.7958     2.4564  33.684563  3.8047297   48.22833  -46.46204    34.8557    34.8545     3.7551     3.7522    27.6968    27.6961    6.58021    6.55345         21 0.0000e+00
      42780   1782.459    565.000     3.7931   3.250254     3.7919   3.250101      98.63     0.0191     2.7957     2.4561  33.668392  3.8086908   48.22832  -46.46204    34.8551    34.8545     3.7527     3.7516    27.6965    27.6962    6.58138    6.55017         19 0.0000e+00
      42800   1783.303    564.000     3.7926   3.250164     3.7921   3.250072      98.64     0.0192     2.7954     2.4559  33.663063  3.8102832   48.22832  -46.46204    34.8550    34.8544     3.7524     3.7519    27.6965    27.6961    6.58238    6.54915         22 0.0000e+00
      42825   1784.323    563.000     3.7927   3.250126     3.7926   3.250068      98.63     0.0152     2.7960     2.4559  33.672672  3.8053679   48.22832  -46.46204    34.8550    34.8544     3.7526     3.7524    27.6965    27.6960    6.58428    6.55748         27 0.0000e+00
      42851   1785.402    562.000     3.7929   3.250088     3.7926   3.250007      74.84     0.0130     2.7961     2.4569  33.684441  3.8009498   48.22832  -46.46204    34.8549    34.8542     3.7528     3.7525    27.6963    27.6959    6.58542    6.56026         24 0.0000e+00
      42874   1786.374    561.000     3.7928   3.250031     3.7923   3.249937      79.72     0.0129     2.7968     2.4572  33.679569  3.8009768   48.22832  -46.46204    34.8548    34.8542     3.7528     3.7523    27.6963    27.6959    6.58447    6.55670         23 0.0000e+00
      42897   1787.349    560.000     3.7925   3.249952     3.7918   3.249840      98.54     0.0151     2.7967     2.4575  33.677662  3.8009768   48.22830  -46.46204    34.8547    34.8542     3.7526     3.7518    27.6963    27.6959    6.58278    6.56282         24 0.0000e+00
      42922   1788.355    559.000     3.7917   3.249843     3.7911   3.249727      78.45     0.0192     2.7969     2.4588  33.675209  3.8013842   48.22830  -46.46206    34.8547    34.8541     3.7519     3.7512    27.6963    27.6959    6.58132    6.56788         24 0.0000e+00
      42946   1789.385    558.000     3.7913   3.249755     3.7913   3.249701      98.91     0.0188     2.7971     2.4593  33.668213  3.8029451   48.22830  -46.46206    34.8547    34.8541     3.7516     3.7515    27.6963    27.6958    6.58219    6.56147         25 0.0000e+00
      42971   1790.417    557.000     3.7914   3.249706     3.7920   3.249724      98.63     0.0164     2.7973     2.4593  33.661022  3.8021822   48.22830  -46.46206    34.8546    34.8541     3.7517     3.7523    27.6962    27.6958    6.58552    6.55864         24 0.0000e+00
      42994   1791.364    556.000     3.7928   3.249799     3.7938   3.249871      76.02     0.0136     2.7978     2.4596  33.660332  3.8023100   48.22830  -46.46206    34.8546    34.8545     3.7532     3.7542    27.6961    27.6959    6.58556    6.56320         22 0.0000e+00
