data/CTD/2014/CNV/u017a019.cnv
* Sea-Bird SBE 9 Data File:
* FileName = C:\CTD_ACQUISITION\2014017HUD\ctddata\017A019.hdr
* Software Version Seasave V 7.22.2
* Temperature SN = 5081
* Conductivity SN = 3561
* Number of Bytes Per Scan = 37
* Number of Voltage Words = 4
* Number of Scans Averaged by the Deck Unit = 1
* NMEA Latitude = 53 09.00 N
* NMEA Longitude = 050 44.34 W
* NMEA UTC (Time) = Jul 04 2014 21:31:06
* NMEA baud rate = 9600
** Ship: Hudson
** Cruise: HUD2014017
** Chief_Scientist: Blair Greenan
** Organization: BIO
** Area_of_Operation: Sackville Spur
** Station: 019
** Sounding:  2518
** Event_Comments: K9, 403089
# nquan = 25
# nvalues = 3072                        
# units = specified
# name 0 = scan: Scan Count
# name 1 = timeS: Time, Elapsed [seconds]
# name 2 = prDM: Pressure, Digiquartz [db]
# name 3 = t068C: Temperature [ITS-68, deg C]
# name 4 = c0S/m: Conductivity [S/m]
# name 5 = t168C: Temperature, 2 [ITS-68, deg C]
# name 6 = c1S/m: Conductivity, 2 [S/m]
# name 7 = altM: Altimeter [m]
# name 8 = flC: Fluorescence, Chelsea Aqua 3 Chl Con [ug/l]
# name 9 = sbeox0V: Oxygen raw, SBE 43 [V]
# name 10 = sbeox1V: Oxygen raw, SBE 43, 2 [V]
# name 11 = upoly0: Upoly 0, Optode 4330F - O2 D-Phase
# name 12 = upoly1: Upoly 1, Optode 4330F - O2 Temp
# name 13 = latitude: Latitude [deg]
# name 14 = longitude: Longitude [deg]
# name 15 = sal00: Salinity, Practical [PSU]
# name 16 = sal11: Salinity, Practical, 2 [PSU]
# name 17 = potemp068C: Potential Temperature [ITS-68, deg C]
# name 18 = potemp168C: Potential Temperature, 2 [ITS-68, deg C]
# name 19 = sigma-é00: Density [sigma-theta, Kg/m^3]
# name 20 = sigma-é11: Density, 2 [sigma-theta, Kg/m^3]
# name 21 = sbeox0ML/L: Oxygen, SBE 43 [ml/l], WS = 2
# name 22 = sbeox1ML/L: Oxygen, SBE 43, 2 [ml/l], WS = 2
# name 23 = nbin: number of scans per bin
# name 24 = flag: flag
# span 0 =      80926,     171669       
# span 1 =   3371.870,   7152.814       
# span 2 =      1.000,   3072.000       
# span 3 =     1.8694,     8.8567       
# span 4 =   3.184053,   3.656813       
# span 5 =     1.8682,     8.8667       
# span 6 =   3.183957,   3.658537       
# span 7 =       2.19,     103.26       
# span 8 =     0.0059,     0.2367       
# span 9 =     2.1181,     3.4407       
# span 10 =     1.8754,     3.0233      
# span 11 =  30.050722,  35.569000      
# span 12 =  1.8569529,  8.8651724      
# span 13 =   53.15180,   53.15367      
# span 14 =  -50.73308,  -50.72289      
# span 15 =    34.5337,    34.9152      
# span 16 =    34.5427,    34.9153      
# span 17 =     1.6398,     8.8563      
# span 18 =     1.6388,     8.8666      
# span 19 =    26.7762,    27.9147      
# span 20 =    26.7816,    27.9150      
# span 21 =    6.27629,    7.38721      
# span 22 =    6.20689,    7.44335      
# span 23 =          9,         76      
# span 24 = 0.0000e+00, 0.0000e+00      
# interval = decibars: 1                
# start_time = Jul 04 2014 21:31:06 [NMEA time, header]
# bad_flag = -9.990e-29
*END*
[from data line 580]
      95819   3992.399   2492.000     2.6828   3.236811     2.6822   3.236788      98.63     0.0123     2.2066     1.9425  35.500607  2.6776557   53.15204  -50.73144    34.9112    34.9116     2.4895     2.4890    27.8600    27.8603    6.47199    6.38185         12 0.0000e+00
      95831   3992.909   2491.000     2.6841   3.236895     2.6842   3.236928      98.64     0.0117     2.2071     1.9425  35.507919  2.6776557   53.15204  -50.73144    34.9113    34.9116     2.4910     2.4910    27.8599    27.8601    6.47136    6.38448         13 0.0000e+00
      95844   3993.454   2490.000     2.6852   3.236963     2.6850   3.236961      65.60     0.0147     2.2067     1.9427  35.509109  2.6776557   53.15204  -50.73144    34.9114    34.9116     2.4921     2.4919    27.8599    27.8601    6.46982    6.38471         14 0.0000e+00
      95860   3994.117   2489.000     2.6859   3.236988     2.6858   3.236992      47.09     0.0178     2.2070     1.9427  35.506824  2.6771367   53.15204  -50.73144    34.9115    34.9117     2.4929     2.4927    27.8599    27.8600    6.47421    6.39046         18 0.0000e+00
      95892   3995.466   2488.000     2.6856   3.236932     2.6855   3.236922      90.12     0.0176     2.2072     1.9435  35.494450  2.6776114   53.15204  -50.73142    34.9116    34.9116     2.4926     2.4926    27.8600    27.8600    6.47149    6.38826         51 0.0000e+00
      95935   3997.260   2487.000     2.6852   3.236832     2.6847   3.236796       3.11     0.0188     2.2073     1.9441  35.489063  2.6776557   53.15204  -50.73142    34.9113    34.9114     2.4924     2.4986    27.8598    27.8599    6.46723    6.39226         23 0.0000e+00
      95951   3997.914   2486.000     2.6855   3.236815     2.6866   3.236929      63.50     0.0155     2.2074     1.9440  35.493515  2.6776557   53.15204  -50.73142    34.9112    34.9114     2.4928     2.4939    27.8597    27.8598    6.47441    6.39280         15 0.0000e+00
      95966   3998.526   2485.000     2.6872   3.236940     2.6876   3.236989      98.95     0.0165     2.2076     1.9446  35.488178  2.6776557   53.15204  -50.73142    34.9113    34.9116     2.4945     2.4949    27.8596    27.8598    6.47185    6.39433         14 0.0000e+00
      95980   3999.124   2484.000     2.6882   3.237007     2.6878   3.236970      98.64     0.0192     2.2079     1.9447  35.494499  2.6763549   53.15204  -50.73142    34.9116    34.9116     2.4957     2.4952    27.8597    27.8597    6.47081    6.38889         15 0.0000e+00
      95996   3999.781   2483.000     2.6885   3.236997     2.6878   3.236936      25.95     0.0178     2.2079     1.9450  35.493660  2.6776350   53.15204  -50.73141    34.9116    34.9117     2.4960     2.4953    27.8597    27.8598    6.47587    6.38993         17 0.0000e+00
      96017   4000.648   2482.000     2.6886   3.236956     2.6874   3.236864      79.79     0.0155     2.2084     1.9452  35.494469  2.6776557   53.15204  -50.73140    34.9116    34.9116     2.4962     2.4950    27.8596    27.8598    6.47376    6.39319         26 0.0000e+00
      96053   4002.166   2481.000     2.6883   3.236887     2.6873   3.236801      73.62     0.0148     2.2085     1.9460  35.484039  2.6785562   53.15204  -50.73140    34.9115    34.9115     2.4960     2.4950    27.8596    27.8597    6.47249    6.39420         44 0.0000e+00
      96089   4003.651   2480.000     2.6881   3.236825     2.6873   3.236753      84.71     0.0178     2.2094     1.9461  35.467499  2.6803420   53.15204  -50.73139    34.9114    34.9114     2.4959     2.4951    27.8595    27.8596    6.47995    6.38387         26 0.0000e+00
      96111   4004.574   2479.000     2.6884   3.236818     2.6881   3.236803      98.49     0.0157     2.2095     1.9461  35.484573  2.6786027   53.15204  -50.73140    34.9114    34.9116     2.4963     2.4960    27.8595    27.8597    6.46601    6.38147         21 0.0000e+00
      96131   4005.407   2478.000     2.6902   3.236936     2.6900   3.236937      68.07     0.0148     2.2091     1.9459  35.494392  2.6776667   53.15204  -50.73140    34.9114    34.9117     2.4982     2.4980    27.8594    27.8596    6.47299    6.37874         19 0.0000e+00
      96149   4006.185   2477.000     2.6912   3.236979     2.6906   3.236948      49.15     0.0130     2.2101     1.9458  35.488014  2.6781969   53.15202  -50.73138    34.9114    34.9117     2.4992     2.4986    27.8593    27.8595    6.48087    6.38022         18 0.0000e+00
      96167   4006.933   2476.000     2.6914   3.236975     2.6911   3.236958      98.34     0.0127     2.2102     1.9458  35.457249  2.6825137   53.15202  -50.73137    34.9115    34.9117     2.4996     2.4993    27.8593    27.8595    6.46826    6.38144         18 0.0000e+00
      96185   4007.649   2475.000     2.6918   3.236980     2.6914   3.236945      94.61     0.0162     2.2099     1.9458  35.465847  2.6811378   53.15202  -50.73136    34.9116    34.9117     2.5001     2.4996    27.8594    27.8595    6.46846    6.38579         17 0.0000e+00
      96202   4008.358   2474.000     2.6922   3.236962     2.6920   3.236967      34.41     0.0189     2.2103     1.9461  35.475323  2.6839085   53.15202  -50.73136    34.9116    34.9117     2.5005     2.5003    27.8593    27.8594    6.48425    6.39056         17 0.0000e+00
      96219   4009.099   2473.000     2.6931   3.236996     2.6939   3.237100      41.82     0.0164     2.2108     1.9466  35.493862  2.6873064   53.15204  -50.73136    34.9114    34.9118     2.5015     2.5023    27.8591    27.8593    6.47694    6.38626         19 0.0000e+00
      96241   4009.993   2472.000     2.6936   3.237026     2.6952   3.237178      95.66     0.0173     2.2109     1.9464  35.489510  2.6874237   53.15202  -50.73136    34.9117    34.9119     2.5021     2.5036    27.8592    27.8593    6.46994    6.37973         25 0.0000e+00
      96280   4011.636   2471.000     2.6952   3.237125     2.6957   3.237186      69.84     0.0195     2.2113     1.9466  35.461426  2.6874237   53.15203  -50.73136    34.9117    34.9119     2.5037     2.5042    27.8591    27.8592    6.46832    6.38305         52 0.0000e+00
      96320   4013.275   2470.000     2.6980   3.237292     2.6986   3.237409     100.29     0.0179     2.2113     1.9471  35.461205  2.6874237   53.15206  -50.73136    34.9111    34.9120     2.5066     2.5071    27.8584    27.8591    6.46899    6.39060         22 0.0000e+00
      96338   4014.029   2469.000     2.7015   3.237596     2.7038   3.237821      98.64     0.0171     2.2111     1.9472  35.464451  2.6874237   53.15204  -50.73136    34.9116    34.9119     2.5101     2.5123    27.8585    27.8585    6.47020    6.38400         17 0.0000e+00
      96354   4014.699   2468.000     2.7042   3.237804     2.7040   3.237809      32.23     0.0145     2.2117     1.9475  35.480125  2.6868026   53.15204  -50.73135    34.9118    34.9120     2.5128     2.5126    27.8584    27.8586    6.46993    6.38327         16 0.0000e+00
      96369   4015.353   2467.000     2.7046   3.237818     2.7040   3.237777      68.81     0.0146     2.2116     1.9475  35.481682  2.6874228   53.15204  -50.73134    34.9119    34.9121     2.5134     2.5127    27.8584    27.8586    6.46638    6.38697         16 0.0000e+00
      96388   4016.109   2466.000     2.7047   3.237790     2.7039   3.237732      20.47     0.0112     2.2119     1.9480  35.479210  2.6874237   53.15204  -50.73134    34.9119    34.9121     2.5136     2.5128    27.8585    27.8586    6.47320    6.39081         21 0.0000e+00
      96414   4017.195   2465.000     2.7046   3.237746     2.7040   3.237700      69.59     0.0145     2.2123     1.9484  35.459541  2.6874237   53.15204  -50.73134    34.9120    34.9121     2.5135     2.5130    27.8585    27.8586    6.47064    6.38585         33 0.0000e+00
      96449   4018.666   2464.000     2.7046   3.237680     2.7042   3.237660      70.12     0.0162     2.2123     1.9486  35.460457  2.6940994   53.15204  -50.73134    34.9117    34.9119     2.5136     2.5132    27.8583    27.8585    6.46425    6.38300         30 0.0000e+00
      96471   4019.604   2463.000     2.7050   3.237668     2.7044   3.237654      91.99     0.0170     2.2126     1.9486  35.464512  2.6972630   53.15204  -50.73134    34.9116    34.9120     2.5141     2.5136    27.8581    27.8585    6.46945    6.37973         19 0.0000e+00
      96488   4020.303   2462.000     2.7056   3.237695     2.7047   3.237642      82.79     0.0206     2.2128     1.9486  35.457966  2.6971917   53.15204  -50.73134    34.9117    34.9120     2.5148     2.5140    27.8582    27.8585    6.46153    6.38061         16 0.0000e+00
      96503   4020.934   2461.000     2.7062   3.237714     2.7062   3.237740       9.56     0.0205     2.2121     1.9486  35.453716  2.6971917   53.15206  -50.73134    34.9118    34.9121     2.5155     2.5155    27.8582    27.8584    6.46377    6.38777         14 0.0000e+00
      96518   4021.550   2460.000     2.7077   3.237813     2.7105   3.238080      97.28     0.0188     2.2132     1.9493  35.451496  2.6971917   53.15206  -50.73134    34.9118    34.9122     2.5171     2.5198    27.8581    27.8581    6.48441    6.39494         15 0.0000e+00
      96534   4022.209   2459.000     2.7106   3.238035     2.7135   3.238295      98.64     0.0168     2.2136     1.9495  35.451412  2.6971917   53.15206  -50.73134    34.9119    34.9120     2.5200     2.5229    27.8579    27.8577    6.47499    6.38894         17 0.0000e+00
      96553   4022.998   2458.000     2.7128   3.238177     2.7152   3.238401      98.64     0.0143     2.2136     1.9497  35.462223  2.6971917   53.15204  -50.73132    34.9118    34.9119     2.5222     2.5246    27.8576    27.8575    6.46826    6.38658         22 0.0000e+00
      96587   4024.396   2457.000     2.7135   3.238199     2.7139   3.238248      70.01     0.0145     2.2141     1.9500  35.466324  2.7014909   53.15204  -50.73132    34.9118    34.9119     2.5230     2.5234    27.8575    27.8576    6.47122    6.38405         50 0.0000e+00
      96634   4026.386   2456.000     2.7119   3.238004     2.7085   3.237737      73.99     0.0130     2.2152     1.9507  35.470570  2.7037606   53.15206  -50.73132    34.9115    34.9120     2.5216     2.5182    27.8574    27.8581    6.47822    6.39210         32 0.0000e+00
      96658   4027.365   2455.000     2.7141   3.238155     2.7164   3.238389      61.71     0.0160     2.2157     1.9510  35.449993  2.7027500   53.15206  -50.73132    34.9115    34.9119     2.5238     2.5261    27.8573    27.8574    6.48147    6.39157         21 0.0000e+00
      96677   4028.167   2454.000     2.7212   3.238744     2.7222   3.238848      98.68     0.0185     2.2161     1.9512  35.451321  2.7028470   53.15206  -50.73132    34.9115    34.9118     2.5309     2.5319    27.8566    27.8567    6.47793    6.38851         19 0.0000e+00
      96695   4028.928   2453.000     2.7242   3.238975     2.7246   3.239012      98.64     0.0171     2.2164     1.9517  35.451363  2.7004771   53.15206  -50.73132    34.9117    34.9117     2.5339     2.5343    27.8565    27.8564    6.47458    6.39350         18 0.0000e+00
      96714   4029.699   2452.000     2.7255   3.239057     2.7265   3.239148      32.61     0.0171     2.2169     1.9521  35.452084  2.7012939   53.15205  -50.73131    34.9117    34.9117     2.5353     2.5363    27.8564    27.8563    6.46926    6.39565         19 0.0000e+00
      96734   4030.549   2451.000     2.7267   3.239111     2.7304   3.239459      83.34     0.0169     2.2165     1.9525  35.451885  2.7042482   53.15204  -50.73130    34.9116    34.9118     2.5366     2.5402    27.8562    27.8560    6.46688    6.39040         22 0.0000e+00
      96758   4031.558   2450.000     2.7288   3.239258     2.7337   3.239701      98.56     0.0161     2.2169     1.9527  35.451679  2.7069466   53.15205  -50.73131    34.9115    34.9117     2.5388     2.5435    27.8559    27.8557    6.47093    6.38421         26 0.0000e+00
      96784   4032.637   2449.000     2.7315   3.239444     2.7349   3.239769      43.60     0.0179     2.2171     1.9527  35.452404  2.7136784   53.15206  -50.73131    34.9114    34.9117     2.5415     2.5449    27.8556    27.8555    6.47474    6.38451         24 0.0000e+00
      96806   4033.538   2448.000     2.7345   3.239649     2.7373   3.239937      83.26     0.0145     2.2178     1.9528  35.450516  2.7167895   53.15206  -50.73130    34.9111    34.9116     2.5446     2.5473    27.8551    27.8553    6.47778    6.38753         20 0.0000e+00
      96824   4034.283   2447.000     2.7387   3.239985     2.7398   3.240128      55.66     0.0180     2.2179     1.9534  35.451405  2.7167277   53.15206  -50.73130    34.9112    34.9118     2.5488     2.5498    27.8548    27.8552    6.47176    6.39021         17 0.0000e+00
      96840   4034.964   2446.000     2.7406   3.240129     2.7407   3.240168      13.87     0.0164     2.2182     1.9534  35.452362  2.7185192   53.15206  -50.73130    34.9114    34.9118     2.5507     2.5508    27.8548    27.8551    6.47915    6.38604         16 0.0000e+00
      96857   4035.657   2445.000     2.7412   3.240155     2.7411   3.240165      97.64     0.0118     2.2190     1.9536  35.450573  2.7178860   53.15205  -50.73129    34.9115    34.9118     2.5514     2.5512    27.8549    27.8551    6.46558    6.38809         17 0.0000e+00
      96877   4036.486   2444.000     2.7415   3.240160     2.7416   3.240180      98.64     0.0114     2.2183     1.9538  35.451134  2.7226298   53.15204  -50.73128    34.9117    34.9119     2.5518     2.5519    27.8550    27.8551    6.46986    6.38685         24 0.0000e+00
      96914   4038.029   2443.000     2.7419   3.240149     2.7411   3.240091      66.84     0.0108     2.2195     1.9542  35.450562  2.7264163   53.15205  -50.73129    34.9117    34.9118     2.5523     2.5515    27.8549    27.8551    6.47581    6.38286         50 0.0000e+00
      96953   4039.667   2442.000     2.7420   3.240094     2.7405   3.239988     100.42     0.0146     2.2200     1.9541  35.450550  2.7264957   53.15206  -50.73129    34.9114    34.9117     2.5525     2.5510    27.8546    27.8550    6.47897    6.38103         23 0.0000e+00
      96972   4040.455   2441.000     2.7425   3.240102     2.7420   3.240085      61.24     0.0133     2.2206     1.9543  35.450550  2.7264957   53.15206  -50.73128    34.9114    34.9118     2.5530     2.5525    27.8546    27.8549    6.46707    6.38586         18 0.0000e+00
      96989   4041.163   2440.000     2.7433   3.240145     2.7424   3.240082      39.94     0.0118     2.2199     1.9544  35.450550  2.7264957   53.15206  -50.73128    34.9115    34.9117     2.5539     2.5531    27.8546    27.8548    6.46184    6.38708         17 0.0000e+00
      97006   4041.866   2439.000     2.7434   3.240126     2.7432   3.240110      97.92     0.0124     2.2199     1.9548  35.449699  2.7264957   53.15206  -50.73128    34.9117    34.9118     2.5541     2.5539    27.8547    27.8548    6.47759    6.38675         17 0.0000e+00
      97024   4042.635   2438.000     2.7438   3.240121     2.7435   3.240100      98.63     0.0146     2.2210     1.9548  35.447647  2.7264957   53.15206  -50.73128    34.9117    34.9117     2.5546     2.5543    27.8547    27.8548    6.47370    6.38252         20 0.0000e+00
      97048   4043.618   2437.000     2.7441   3.240108     2.7437   3.240075      44.47     0.0133     2.2207     1.9551  35.446560  2.7264957   53.15206  -50.73128    34.9117    34.9117     2.5550     2.5546    27.8547    27.8547    6.46679    6.38468         29 0.0000e+00
      97083   4045.077   2436.000     2.7444   3.240085     2.7438   3.240032     100.04     0.0121     2.2211     1.9552  35.450249  2.7311006   53.15206  -50.73128    34.9116    34.9116     2.5554     2.5548    27.8545    27.8546    6.47702    6.37786         37 0.0000e+00
