data/CTD/2014/CNV/u017a035.cnv
* Sea-Bird SBE 9 Data File:
* FileName = C:\CTD_ACQUISITION\2014017HUD\ctddata\017A035.hdr
* Software Version Seasave V 7.22.2
* Temperature SN = 5081
* Conductivity SN = 3561
* Number of Bytes Per Scan = 37
* Number of Voltage Words = 4
* Number of Scans Averaged by the Deck Unit = 1
* NMEA Latitude = 48 29.67 N
* NMEA Longitude = 046 43.65 W
* NMEA UTC (Time) = Jul 09 2014 18:03:36
* NMEA baud rate = 9600
** Ship: Hudson
** Cruise: HUD2014017
** Chief_Scientist: Blair Greenan
** Organization: BIO
** Area_of_Operation: Sackville Spur
** Station: 035
** Sounding:
** Event_Comments: SS-07 403203
# nquan = 25
# nvalues = 2346                        
# units = specified
# name 0 = scan: Scan Count
# name 1 = timeS: Time, Elapsed [seconds]
# name 2 = prDM: Pressure, Digiquartz [db]
# name 3 = t068C: Temperature [ITS-68, deg C]
# name 4 = c0S/m: Conductivity [S/m]
# name 5 = t168C: Temperature, 2 [ITS-68, deg C]
# name 6 = c1S/m: Conductivity, 2 [S/m]
# name 7 = altM: Altimeter [m]
# name 8 = flC: Fluorescence, Chelsea Aqua 3 Chl Con [ug/l]
# name 9 = sbeox0V: Oxygen raw, SBE 43 [V]
# name 10 = sbeox1V: Oxygen raw, SBE 43, 2 [V]
# name 11 = upoly0: Upoly 0, Optode 4330F - O2 D-Phase
# name 12 = upoly1: Upoly 1, Optode 4330F - O2 Temp
# name 13 = latitude: Latitude [deg]
# name 14 = longitude: Longitude [deg]
# name 15 = sal00: Salinity, Practical [PSU]
# name 16 = sal11: Salinity, Practical, 2 [PSU]
# name 17 = potemp068C: Potential Temperature [ITS-68, deg C]
# name 18 = potemp168C: Potential Temperature, 2 [ITS-68, deg C]
# name 19 = sigma-é00: Density [sigma-theta, Kg/m^3]
# name 20 = sigma-é11: Density, 2 [sigma-theta, Kg/m^3]
# name 21 = sbeox0ML/L: Oxygen, SBE 43 [ml/l], WS = 2
# name 22 = sbeox1ML/L: Oxygen, SBE 43, 2 [ml/l], WS = 2
# name 23 = nbin: number of scans per bin
# name 24 = flag: flag
# span 0 =      61564,     120876       
# span 1 =   2565.118,   5036.461       
# span 2 =      1.000,   2346.000       
# span 3 =     2.6815,     8.6452       
# span 4 =   3.084636,   3.536988       
# span 5 =     2.6543,     8.6442       
# span 6 =   3.081401,   3.537123       
# span 7 =       1.42,     106.77       
# span 8 =     0.0063,     0.4154       
# span 9 =     2.2227,     3.6268       
# span 10 =     1.9655,     3.2215      
# span 11 =  30.027660,  35.509209      
# span 12 =  2.7718782,  8.6768169      
# span 13 =   48.49778,   48.50086      
# span 14 =  -46.71974,  -46.71238      
# span 15 =    33.4748,    34.9168      
# span 16 =    33.4742,    34.9167      
# span 17 =     2.5946,     8.6451      
# span 18 =     2.5935,     8.6438      
# span 19 =    25.9794,    27.8507      
# span 20 =    25.9792,    27.8509      
# span 21 =    6.28604,    8.89639      
# span 22 =    5.95859,    9.12804      
# span 23 =         11,         87      
# span 24 = 0.0000e+00, 0.0000e+00      
# interval = decibars: 1                
# start_time = Jul 09 2014 18:03:36 [NMEA time, header]
# bad_flag = -9.990e-29
*END*
[from data line 1798]
     103927   4330.259    548.000     3.6435   3.235681     3.6428   3.235577      98.63     0.0169     2.8210     2.4799  33.634632  3.6446886   48.49946  -46.71446    34.8492    34.8487     3.6051     3.6044    27.7067    27.7063    6.67334    6.64791         16 0.0000e+00
     103943   4330.933    547.000     3.6424   3.235518     3.6410   3.235347      98.63     0.0178     2.8213     2.4802  33.634617  3.6446886   48.49946  -46.71446    34.8490    34.8484     3.6041     3.6027    27.7066    27.7063    6.67022    6.65107         16 0.0000e+00
     103962   4331.694    546.000     3.6413   3.235369     3.6403   3.235236      98.63     0.0165     2.8212     2.4804  33.633717  3.6478853   48.49946  -46.71445    34.8488    34.8483     3.6031     3.6021    27.7066    27.7063    6.66830    6.65106         21 0.0000e+00
     103985   4332.680    545.000     3.6408   3.235282     3.6399   3.235143      98.63     0.0144     2.8220     2.4810  33.634201  3.6475019   48.49946  -46.71444    34.8488    34.8482     3.6027     3.6017    27.7066    27.7062    6.67303    6.65305         28 0.0000e+00
     104020   4334.111    544.000     3.6412   3.235269     3.6402   3.235143      98.63     0.0127     2.8224     2.4815  33.633698  3.6446755   48.49946  -46.71444    34.8489    34.8484     3.6031     3.6022    27.7066    27.7063    6.66996    6.65601         38 0.0000e+00
     104055   4335.568    543.000     3.6414   3.235241     3.6408   3.235153      98.63     0.0109     2.8226     2.4826  33.634182  3.6446886   48.49946  -46.71442    34.8488    34.8484     3.6034     3.6039    27.7065    27.7063    6.67121    6.65741         31 0.0000e+00
     104083   4336.755    542.000     3.6397   3.235036     3.6403   3.235053      98.63     0.0103     2.8235     2.4831  33.633690  3.6446886   48.49946  -46.71442    34.8487    34.8482     3.6018     3.6024    27.7066    27.7062    6.67366    6.65718         26 0.0000e+00
     104105   4337.667    541.000     3.6392   3.234913     3.6389   3.234871      98.63     0.0129     2.8235     2.4835  33.633701  3.6446886   48.49946  -46.71441    34.8483    34.8481     3.6013     3.6010    27.7064    27.7063    6.67085    6.65625         19 0.0000e+00
     104122   4338.375    540.000     3.6391   3.234855     3.6386   3.234795      98.63     0.0112     2.8241     2.4834  33.633701  3.6446886   48.49946  -46.71440    34.8482    34.8480     3.6014     3.6009    27.7063    27.7062    6.67256    6.65260         15 0.0000e+00
     104136   4338.977    539.000     3.6389   3.234791     3.6384   3.234717      98.63     0.0113     2.8238     2.4835  33.634743  3.6453831   48.49946  -46.71440    34.8482    34.8479     3.6012     3.6007    27.7063    27.7061    6.66262    6.65166         14 0.0000e+00
     104150   4339.538    538.000     3.6383   3.234692     3.6377   3.234601      98.63     0.0161     2.8232     2.4834  33.634827  3.6461864   48.49946  -46.71440    34.8482    34.8477     3.6007     3.6001    27.7063    27.7060    6.66154    6.65333         13 0.0000e+00
     104164   4340.122    537.000     3.6377   3.234595     3.6370   3.234488      98.63     0.0191     2.8238     2.4838  33.635651  3.6459920   48.49946  -46.71440    34.8483    34.8477     3.6001     3.5995    27.7064    27.7060    6.66688    6.65562         15 0.0000e+00
     104187   4341.087    536.000     3.6372   3.234502     3.6365   3.234393      98.63     0.0177     2.8236     2.4842  33.634346  3.6445632   48.49946  -46.71440    34.8482    34.8476     3.5997     3.5991    27.7064    27.7060    6.66604    6.65871         31 0.0000e+00
     104264   4344.302    535.000     3.6381   3.234532     3.6377   3.234469      98.63     0.0121     2.8263     2.4855  33.634487  3.6414769   48.49946  -46.71438    34.8481    34.8478     3.6007     3.6003    27.7062    27.7060    6.67844    6.66174         19 0.0000e+00
     104277   4344.826    534.000     3.6378   3.234437     3.6375   3.234406      98.63     0.0113     2.8263     2.4860  33.633686  3.6405988   48.49947  -46.71437    34.8478    34.8478     3.6005     3.6001    27.7060    27.7061    6.67976    6.66361         12 0.0000e+00
     104289   4345.321    533.000     3.6359   3.234202     3.6362   3.234207      98.63     0.0136     2.8268     2.4863  33.633701  3.6339912   48.49948  -46.71436    34.8476    34.8473     3.5987     3.5990    27.7060    27.7058    6.67968    6.66401         12 0.0000e+00
     104300   4345.778    532.000     3.6317   3.233740     3.6311   3.233611      98.63     0.0130     2.8273     2.4865  33.633701  3.6348968   48.49948  -46.71436    34.8470    34.8461     3.5946     3.5940    27.7060    27.7053    6.67827    6.66101         11 0.0000e+00
     104311   4346.229    531.000     3.6290   3.233421     3.6271   3.233173      98.63     0.0109     2.8275     2.4867  33.633701  3.6349206   48.49948  -46.71436    34.8466    34.8457     3.5920     3.5901    27.7059    27.7054    6.67542    6.66225         11 0.0000e+00
     104322   4346.711    530.000     3.6273   3.233199     3.6257   3.232991      98.63     0.0111     2.8272     2.4865  33.633701  3.6349206   48.49948  -46.71436    34.8463    34.8456     3.5903     3.5887    27.7059    27.7054    6.67363    6.66290         12 0.0000e+00
     104337   4347.348    529.000     3.6260   3.233024     3.6240   3.232780      98.63     0.0109     2.8276     2.4874  33.633701  3.6349206   48.49948  -46.71436    34.8461    34.8453     3.5891     3.5872    27.7058    27.7054    6.67642    6.66682         20 0.0000e+00
     104405   4350.153    528.000     3.6297   3.233361     3.6302   3.233415      98.63     0.0170     2.8296     2.4889  33.633701  3.6349206   48.49948  -46.71434    34.8468    34.8469     3.5929     3.5934    27.7060    27.7060    6.68676    6.66452         53 0.0000e+00
     104436   4351.452    527.000     3.6317   3.233496     3.6324   3.233565      98.63     0.0146     2.8313     2.4890  33.635216  3.6258421   48.49948  -46.71432    34.8468    34.8469     3.5949     3.5973    27.7058    27.7058    6.68406    6.66627         20 0.0000e+00
     104454   4352.188    526.000     3.6297   3.233247     3.6311   3.233369      98.63     0.0129     2.8307     2.4897  33.633701  3.6251516   48.49948  -46.71432    34.8465    34.8464     3.5930     3.5944    27.7058    27.7056    6.68147    6.66256         18 0.0000e+00
     104470   4352.892    525.000     3.6246   3.232695     3.6262   3.232815      98.63     0.0152     2.8314     2.4890  33.633701  3.6251526   48.49948  -46.71432    34.8458    34.8456     3.5880     3.5896    27.7057    27.7053    6.68629    6.64951         16 0.0000e+00
     104488   4353.619    524.000     3.6216   3.232344     3.6208   3.232197      98.63     0.0177     2.8316     2.4882  33.633701  3.6251526   48.49949  -46.71432    34.8453    34.8444     3.5851     3.5843    27.7056    27.7050    6.68605    6.64974         19 0.0000e+00
     104509   4354.501    523.000     3.6202   3.232147     3.6187   3.231938      98.63     0.0167     2.8324     2.4880  33.632507  3.6263475   48.49950  -46.71432    34.8450    34.8441     3.5838     3.5823    27.7055    27.7049    6.68157    6.65660         24 0.0000e+00
     104534   4355.537    522.000     3.6207   3.232079     3.6190   3.231918      98.63     0.0169     2.8317     2.4885  33.633747  3.6330359   48.49950  -46.71430    34.8443    34.8441     3.5843     3.5826    27.7049    27.7049    6.67389    6.66603         23 0.0000e+00
     104555   4356.409    521.000     3.6221   3.232202     3.6235   3.232344      98.63     0.0157     2.8315     2.4892  33.633701  3.6329696   48.49950  -46.71430    34.8448    34.8449     3.5858     3.5872    27.7051    27.7051    6.67308    6.66836         20 0.0000e+00
     104574   4357.191    520.000     3.6258   3.232509     3.6270   3.232608      98.63     0.0141     2.8313     2.4899  33.633701  3.6327491   48.49950  -46.71428    34.8449    34.8449     3.5896     3.5907    27.7048    27.7047    6.67865    6.66693         18 0.0000e+00
     104593   4358.002    519.000     3.6255   3.232447     3.6224   3.232081      98.63     0.0155     2.8318     2.4904  33.633701  3.6348722   48.49950  -46.71428    34.8451    34.8440     3.5893     3.5863    27.7050    27.7045    6.68612    6.66663         22 0.0000e+00
     104625   4359.333    518.000     3.6239   3.232236     3.6197   3.231778      98.63     0.0125     2.8336     2.4910  33.633415  3.6341619   48.49950  -46.71428    34.8449    34.8438     3.5878     3.5837    27.7050    27.7045    6.69232    6.66635         47 0.0000e+00
     104672   4361.283    517.000     3.6240   3.232198     3.6221   3.231980      98.63     0.0118     2.8347     2.4916  33.633736  3.6292589   48.49950  -46.71428    34.8448    34.8442     3.5880     3.5862    27.7049    27.7046    6.68284    6.66517         32 0.0000e+00
     104694   4362.208    516.000     3.6224   3.231986     3.6195   3.231658      98.63     0.0129     2.8351     2.4916  33.633701  3.6255071   48.49952  -46.71426    34.8445    34.8437     3.5865     3.5836    27.7048    27.7044    6.68698    6.66404         19 0.0000e+00
     104710   4362.890    515.000     3.6171   3.231386     3.6159   3.231246      98.63     0.0107     2.8353     2.4918  33.633701  3.6258066   48.49952  -46.71426    34.8435    34.8431     3.5813     3.5801    27.7045    27.7043    6.68682    6.66789         15 0.0000e+00
     104724   4363.477    514.000     3.6140   3.231029     3.6136   3.230960      96.94     0.0148     2.8356     2.4923  33.633701  3.6265457   48.49952  -46.71426    34.8431    34.8427     3.5783     3.5779    27.7045    27.7042    6.68433    6.67337         14 0.0000e+00
     104738   4364.043    513.000     3.6128   3.230881     3.6134   3.230912      60.75     0.0188     2.8352     2.4926  33.633701  3.6259027   48.49952  -46.71426    34.8431    34.8428     3.5772     3.5778    27.7046    27.7043    6.68469    6.67675         13 0.0000e+00
     104752   4364.638    512.000     3.6140   3.230955     3.6170   3.231247      93.75     0.0191     2.8357     2.4935  33.633701  3.6251628   48.49952  -46.71425    34.8432    34.8436     3.5785     3.5814    27.7046    27.7046    6.68743    6.67963         16 0.0000e+00
     104770   4365.356    511.000     3.6163   3.231138     3.6207   3.231563      98.40     0.0176     2.8360     2.4942  33.626068  3.6251526   48.49952  -46.71424    34.8435    34.8439     3.5808     3.5851    27.7046    27.7045    6.68232    6.67418         20 0.0000e+00
     104804   4366.806    510.000     3.6164   3.231115     3.6191   3.231345      98.63     0.0143     2.8357     2.4941  33.621067  3.6251526   48.49952  -46.71424    34.8437    34.8435     3.5809     3.5837    27.7047    27.7043    6.67944    6.66600         53 0.0000e+00
     104854   4368.856    509.000     3.6154   3.230951     3.6156   3.230940      98.43     0.0161     2.8357     2.4946  33.618912  3.6225893   48.49952  -46.71422    34.8433    34.8429     3.5801     3.5802    27.7045    27.7042    6.68266    6.67331         33 0.0000e+00
     104877   4369.837    508.000     3.6164   3.230995     3.6173   3.231079      98.64     0.0170     2.8360     2.4949  33.619049  3.6152167   48.49952  -46.71422    34.8433    34.8434     3.5811     3.5820    27.7044    27.7043    6.67666    6.66553         20 0.0000e+00
     104894   4370.559    507.000     3.6239   3.231650     3.6239   3.231710      98.63     0.0180     2.8353     2.4944  33.619049  3.6153846   48.49952  -46.71422    34.8437    34.8444     3.5887     3.5886    27.7039    27.7045    6.67240    6.65335         16 0.0000e+00
     104910   4371.228    506.000     3.6307   3.232334     3.6315   3.232424      98.63     0.0166     2.8358     2.4935  33.619049  3.6153846   48.49954  -46.71422    34.8452    34.8454     3.5954     3.5963    27.7045    27.7045    6.67236    6.65004         16 0.0000e+00
     104928   4371.942    505.000     3.6331   3.232522     3.6338   3.232593      98.63     0.0154     2.8353     2.4934  33.619049  3.6153846   48.49954  -46.71420    34.8454    34.8455     3.5979     3.5986    27.7044    27.7044    6.67392    6.65383         19 0.0000e+00
     104947   4372.763    504.000     3.6347   3.232647     3.6356   3.232733      98.63     0.0143     2.8359     2.4933  33.619049  3.6168351   48.49954  -46.71420    34.8458    34.8458     3.5996     3.6005    27.7045    27.7044    6.67776    6.65729         20 0.0000e+00
     104968   4373.627    503.000     3.6356   3.232700     3.6381   3.232942      98.63     0.0138     2.8360     2.4936  33.619049  3.6251752   48.49954  -46.71420    34.8460    34.8462     3.6005     3.6031    27.7046    27.7045    6.68008    6.65532         21 0.0000e+00
     104988   4374.455    502.000     3.6373   3.232792     3.6432   3.233396      98.62     0.0111     2.8370     2.4934  33.618282  3.6251526   48.49954  -46.71420    34.8458    34.8467     3.6023     3.6082    27.7043    27.7044    6.68125    6.64815         19 0.0000e+00
     105009   4375.327    501.000     3.6417   3.233223     3.6530   3.234377      98.61     0.0134     2.8373     2.4928  33.594166  3.6326497   48.49954  -46.71418    34.8468    34.8485     3.6068     3.6181    27.7046    27.7049    6.67098    6.64391         24 0.0000e+00
     105047   4376.905    500.000     3.6436   3.233381     3.6540   3.234354      98.63     0.0157     2.8367     2.4928  33.589394  3.6363809   48.49954  -46.71418    34.8472    34.8477     3.6088     3.6191    27.7047    27.7041    6.66699    6.65466         54 0.0000e+00
     105091   4378.764    499.000     3.6362   3.232649     3.6439   3.233332      98.63     0.0130     2.8365     2.4947  33.594612  3.6396337   48.49955  -46.71416    34.8468    34.8467     3.6015     3.6104    27.7051    27.7043    6.66842    6.66505         26 0.0000e+00
     105111   4379.569    498.000     3.6511   3.233949     3.6601   3.234870      98.63     0.0172     2.8365     2.4951  33.617580  3.6447248   48.49956  -46.71416    34.8470    34.8485     3.6164     3.6253    27.7038    27.7041    6.66587    6.65609         18 0.0000e+00
     105127   4380.229    497.000     3.6600   3.234814     3.6624   3.235037      98.63     0.0188     2.8363     2.4950  33.618004  3.6439910   48.49956  -46.71416    34.8485    34.8486     3.6253     3.6277    27.7041    27.7039    6.66189    6.64808         14 0.0000e+00
     105141   4380.850    496.000     3.6592   3.234691     3.6600   3.234737      98.08     0.0176     2.8360     2.4947  33.618134  3.6440775   48.49956  -46.71416    34.8484    34.8480     3.6246     3.6254    27.7041    27.7037    6.66560    6.64482         16 0.0000e+00
     105158   4381.526    495.000     3.6591   3.234627     3.6589   3.234568      98.36     0.0158     2.8369     2.4947  33.613129  3.6446750   48.49956  -46.71416    34.8482    34.8478     3.6246     3.6243    27.7040    27.7036    6.66721    6.64316         17 0.0000e+00
     105178   4382.354    494.000     3.6586   3.234516     3.6564   3.234265      98.63     0.0167     2.8368     2.4943  33.612389  3.6446886   48.49956  -46.71416    34.8480    34.8473     3.6241     3.6220    27.7038    27.7035    6.66202    6.64621         22 0.0000e+00
     105200   4383.294    493.000     3.6569   3.234321     3.6550   3.234085      98.63     0.0178     2.8368     2.4948  33.618431  3.6515033   48.49956  -46.71414    34.8480    34.8472     3.6225     3.6207    27.7040    27.7035    6.66249    6.65394         23 0.0000e+00
     105222   4384.218    492.000     3.6566   3.234250     3.6545   3.233977      98.63     0.0178     2.8370     2.4954  33.619041  3.6544223   48.49956  -46.71414    34.8480    34.8469     3.6223     3.6202    27.7040    27.7034    6.66520    6.64891         22 0.0000e+00
