data/CTD/2014/CNV/u017a029.cnv
* Sea-Bird SBE 9 Data File:
* FileName = C:\CTD_ACQUISITION\2014017HUD\ctddata\017A029.hdr
* Software Version Seasave V 7.22.2
* Temperature SN = 5081
* Conductivity SN = 3561
* Number of Bytes Per Scan = 37
* Number of Voltage Words = 4
* Number of Scans Averaged by the Deck Unit = 1
* NMEA Latitude = 48 48.41 N
* NMEA Longitude = 045 41.69 W
* NMEA UTC (Time) = Jul 07 2014 04:13:45
* NMEA baud rate = 9600
** Ship: Hudson
** Cruise: HUD2014017
** Chief_Scientist: Blair Greenan
** Organization: BIO
** Area_of_Operation: Sackville Spur
** Station: 029
** Sounding:  1758
** Event_Comments: SS_025, 403166
# nquan = 25
# nvalues = 1818                        
# units = specified
# name 0 = scan: Scan Count
# name 1 = timeS: Time, Elapsed [seconds]
# name 2 = prDM: Pressure, Digiquartz [db]
# name 3 = t068C: Temperature [ITS-68, deg C]
# name 4 = c0S/m: Conductivity [S/m]
# name 5 = t168C: Temperature, 2 [ITS-68, deg C]
# name 6 = c1S/m: Conductivity, 2 [S/m]
# name 7 = altM: Altimeter [m]
# name 8 = flC: Fluorescence, Chelsea Aqua 3 Chl Con [ug/l]
# name 9 = sbeox0V: Oxygen raw, SBE 43 [V]
# name 10 = sbeox1V: Oxygen raw, SBE 43, 2 [V]
# name 11 = upoly0: Upoly 0, Optode 4330F - O2 D-Phase
# name 12 = upoly1: Upoly 1, Optode 4330F - O2 Temp
# name 13 = latitude: Latitude [deg]
# name 14 = longitude: Longitude [deg]
# name 15 = sal00: Salinity, Practical [PSU]
# name 16 = sal11: Salinity, Practical, 2 [PSU]
# name 17 = potemp068C: Potential Temperature [ITS-68, deg C]
# name 18 = potemp168C: Potential Temperature, 2 [ITS-68, deg C]
# name 19 = sigma-é00: Density [sigma-theta, Kg/m^3]
# name 20 = sigma-é11: Density, 2 [sigma-theta, Kg/m^3]
# name 21 = sbeox0ML/L: Oxygen, SBE 43 [ml/l], WS = 2
# name 22 = sbeox1ML/L: Oxygen, SBE 43, 2 [ml/l], WS = 2
# name 23 = nbin: number of scans per bin
# name 24 = flag: flag
# span 0 =      52722,     110200       
# span 1 =   2196.714,   4591.631       
# span 2 =      1.000,   1818.000       
# span 3 =     2.9132,     9.0580       
# span 4 =   3.121327,   3.616662       
# span 5 =     2.8905,     9.0562       
# span 6 =   3.121151,   3.616408       
# span 7 =       4.90,     102.24       
# span 8 =     0.0073,     0.2495       
# span 9 =     2.3479,     3.5701       
# span 10 =     2.0784,     3.1560      
# span 11 =  29.531065,  35.116817      
# span 12 =  2.9411192,  9.0755587      
# span 13 =   48.81124,   48.81481      
# span 14 =  -45.69360,  -45.69105      
# span 15 =    33.9009,    34.9163      
# span 16 =    33.9003,    34.9159      
# span 17 =     2.9084,     9.0560      
# span 18 =     2.8856,     9.0542      
# span 19 =    26.2538,    27.8208      
# span 20 =    26.2533,    27.8204      
# span 21 =    6.22864,    8.13983      
# span 22 =    6.15695,    8.24596      
# span 23 =         12,        101      
# span 24 = 0.0000e+00, 0.0000e+00      
# interval = decibars: 1                
# start_time = Jul 07 2014 04:13:45 [NMEA time, header]
# bad_flag = -9.990e-29
*END*
[from data line 290]
      59883   2495.081   1528.000     3.4416   3.265499     3.4431   3.265604      84.67     0.0176     2.4191     2.1331  34.923077  3.4297924   48.81126  -45.69292    34.9154    34.9151     3.3254     3.3269    27.7869    27.7865    6.28884    6.24132         17 0.0000e+00
      59899   2495.765   1527.000     3.4441   3.265698     3.4458   3.265804      94.43     0.0168     2.4192     2.1327  34.923077  3.4303980   48.81126  -45.69291    34.9156    34.9151     3.3280     3.3296    27.7868    27.7863    6.29656    6.24058         16 0.0000e+00
      59916   2496.451   1526.000     3.4467   3.265885     3.4477   3.265939      98.59     0.0173     2.4200     2.1329  34.923077  3.4303675   48.81126  -45.69290    34.9156    34.9152     3.3306     3.3316    27.7866    27.7861    6.30109    6.24491         17 0.0000e+00
      59933   2497.174   1525.000     3.4485   3.265995     3.4489   3.265994      98.64     0.0160     2.4202     2.1330  34.923077  3.4319329   48.81126  -45.69290    34.9155    34.9150     3.3325     3.3329    27.7863    27.7859    6.29337    6.24408         18 0.0000e+00
      59952   2497.970   1524.000     3.4491   3.266022     3.4490   3.265969      87.52     0.0138     2.4204     2.1330  34.923077  3.4365776   48.81126  -45.69290    34.9156    34.9151     3.3332     3.3331    27.7864    27.7860    6.29426    6.24159         20 0.0000e+00
      59974   2498.875   1523.000     3.4492   3.265991     3.4491   3.265933      76.33     0.0171     2.4212     2.1331  34.923077  3.4394944   48.81126  -45.69290    34.9157    34.9151     3.3334     3.3332    27.7864    27.7860    6.29985    6.24013         24 0.0000e+00
      60005   2500.175   1522.000     3.4491   3.265939     3.4490   3.265893      81.94     0.0157     2.4216     2.1330  34.922176  3.4395604   48.81126  -45.69290    34.9157    34.9152     3.3333     3.3351    27.7864    27.7860    6.29438    6.23932         44 0.0000e+00
      60058   2502.366   1521.000     3.4480   3.265788     3.4479   3.265733      96.17     0.0164     2.4218     2.1335  34.921532  3.4395604   48.81128  -45.69290    34.9156    34.9150     3.3323     3.3319    27.7864    27.7859    6.29225    6.24663         40 0.0000e+00
      60080   2503.281   1520.000     3.4486   3.265790     3.4493   3.265817      98.67     0.0184     2.4223     2.1335  34.923088  3.4401076   48.81128  -45.69290    34.9154    34.9151     3.3330     3.3337    27.7862    27.7858    6.28967    6.23882         18 0.0000e+00
      60096   2503.967   1519.000     3.4501   3.265881     3.4503   3.265871      86.97     0.0166     2.4216     2.1337  34.923077  3.4395533   48.81128  -45.69290    34.9155    34.9151     3.3346     3.3348    27.7861    27.7857    6.28806    6.23629         15 0.0000e+00
      60111   2504.603   1518.000     3.4513   3.265961     3.4513   3.265927      88.49     0.0158     2.4222     2.1334  34.923077  3.4395604   48.81128  -45.69290    34.9156    34.9152     3.3358     3.3359    27.7861    27.7857    6.30053    6.23305         16 0.0000e+00
      60127   2505.248   1517.000     3.4524   3.266015     3.4524   3.265986      98.29     0.0146     2.4229     2.1333  34.923077  3.4395604   48.81126  -45.69290    34.9156    34.9152     3.3371     3.3370    27.7859    27.7857    6.29610    6.23473         16 0.0000e+00
      60144   2505.957   1516.000     3.4529   3.266022     3.4528   3.265975      98.64     0.0145     2.4228     2.1334  34.917557  3.4442928   48.81128  -45.69290    34.9156    34.9152     3.3376     3.3375    27.7859    27.7856    6.29221    6.23497         18 0.0000e+00
      60164   2506.779   1515.000     3.4532   3.266017     3.4529   3.265948      98.64     0.0140     2.4232     2.1332  34.914745  3.4487936   48.81128  -45.69290    34.9157    34.9152     3.3380     3.3377    27.7859    27.7856    6.29142    6.23512         21 0.0000e+00
      60185   2507.673   1514.000     3.4532   3.265974     3.4531   3.265916      98.64     0.0134     2.4230     2.1335  34.918217  3.4488633   48.81128  -45.69289    34.9157    34.9152     3.3381     3.3380    27.7859    27.7855    6.28818    6.24299         21 0.0000e+00
      60206   2508.559   1513.000     3.4533   3.265941     3.4533   3.265903      97.80     0.0161     2.4235     2.1343  34.921036  3.4493375   48.81128  -45.69288    34.9157    34.9153     3.3383     3.3383    27.7859    27.7856    6.28998    6.24477         21 0.0000e+00
      60229   2509.488   1512.000     3.4532   3.265896     3.4539   3.265912      85.35     0.0147     2.4232     2.1345  34.920734  3.4493284   48.81128  -45.69288    34.9158    34.9152     3.3383     3.3390    27.7860    27.7855    6.28775    6.24447         25 0.0000e+00
      60260   2510.781   1511.000     3.4537   3.265895     3.4552   3.265986      97.91     0.0165     2.4236     2.1352  34.909088  3.4493284   48.81128  -45.69288    34.9158    34.9152     3.3388     3.3403    27.7859    27.7853    6.29018    6.24089         40 0.0000e+00
      60300   2512.449   1510.000     3.4546   3.265928     3.4558   3.265994      86.56     0.0173     2.4238     2.1353  34.908424  3.4493284   48.81128  -45.69288    34.9157    34.9152     3.3398     3.3411    27.7857    27.7852    6.28952    6.24097         32 0.0000e+00
      60325   2513.500   1509.000     3.4561   3.266003     3.4567   3.266047      98.78     0.0165     2.4241     2.1357  34.908424  3.4497809   48.81128  -45.69288    34.9155    34.9153     3.3414     3.3420    27.7855    27.7853    6.29344    6.24129         22 0.0000e+00
      60346   2514.388   1508.000     3.4575   3.266096     3.4579   3.266108      80.81     0.0118     2.4245     2.1358  34.923286  3.4493220   48.81128  -45.69288    34.9156    34.9153     3.3429     3.3433    27.7854    27.7851    6.29038    6.24454         21 0.0000e+00
      60368   2515.289   1507.000     3.4590   3.266191     3.4591   3.266177      98.57     0.0130     2.4247     2.1366  34.923077  3.4493284   48.81128  -45.69288    34.9157    34.9153     3.3444     3.3446    27.7853    27.7850    6.29146    6.24996         23 0.0000e+00
      60392   2516.286   1506.000     3.4596   3.266216     3.4595   3.266163      98.63     0.0131     2.4250     2.1370  34.910683  3.4501548   48.81128  -45.69288    34.9158    34.9153     3.3452     3.3450    27.7853    27.7849    6.28649    6.24743         24 0.0000e+00
      60415   2517.261   1505.000     3.4598   3.266182     3.4596   3.266128      80.70     0.0168     2.4247     2.1375  34.908344  3.4493012   48.81128  -45.69288    34.9157    34.9153     3.3454     3.3452    27.7852    27.7849    6.28926    6.24926         22 0.0000e+00
      60436   2518.108   1504.000     3.4600   3.266158     3.4595   3.266081      99.17     0.0161     2.4257     2.1381  34.908424  3.4562068   48.81128  -45.69288    34.9157    34.9153     3.3457     3.3452    27.7852    27.7849    6.29428    6.24673         19 0.0000e+00
      60454   2518.874   1503.000     3.4598   3.266103     3.4591   3.265998      98.63     0.0142     2.4255     2.1381  34.908424  3.4591753   48.81128  -45.69288    34.9157    34.9152     3.3456     3.3449    27.7852    27.7849    6.28437    6.24443         18 0.0000e+00
      60472   2519.621   1502.000     3.4593   3.266028     3.4585   3.265910      98.63     0.0122     2.4255     2.1381  34.908424  3.4590964   48.81128  -45.69288    34.9159    34.9153     3.3452     3.3444    27.7854    27.7850    6.29285    6.24337         18 0.0000e+00
      60490   2520.379   1501.000     3.4592   3.265968     3.4589   3.265897      98.63     0.0131     2.4264     2.1383  34.908424  3.4590964   48.81128  -45.69288    34.9158    34.9153     3.3451     3.3448    27.7853    27.7850    6.30440    6.24401         19 0.0000e+00
      60510   2521.203   1500.000     3.4594   3.265946     3.4595   3.265917      98.63     0.0142     2.4270     2.1386  34.908424  3.4590964   48.81128  -45.69288    34.9158    34.9153     3.3454     3.3456    27.7853    27.7849    6.29507    6.24668         21 0.0000e+00
      60533   2522.185   1499.000     3.4597   3.265934     3.4607   3.265992      79.58     0.0165     2.4274     2.1391  34.908424  3.4590964   48.81128  -45.69288    34.9158    34.9155     3.3459     3.3500    27.7853    27.7849    6.29598    6.25174         27 0.0000e+00
      60568   2523.634   1498.000     3.4611   3.266004     3.4629   3.266149      86.18     0.0204     2.4278     2.1397  34.908424  3.4590964   48.81128  -45.69287    34.9157    34.9155     3.3473     3.3491    27.7850    27.7847    6.29133    6.24991         42 0.0000e+00
      60605   2525.157   1497.000     3.4634   3.266148     3.4659   3.266375      99.09     0.0166     2.4285     2.1404  34.908424  3.4590964   48.81129  -45.69286    34.9155    34.9155     3.3497     3.3554    27.7846    27.7844    6.29873    6.25020         28 0.0000e+00
      60628   2526.124   1496.000     3.4655   3.266310     3.4706   3.266749      98.64     0.0180     2.4287     2.1406  34.908424  3.4590964   48.81130  -45.69286    34.9156    34.9155     3.3518     3.3568    27.7846    27.7840    6.29124    6.24762         21 0.0000e+00
      60648   2526.958   1495.000     3.4714   3.266792     3.4726   3.266891      98.63     0.0144     2.4287     2.1408  34.908424  3.4590964   48.81130  -45.69286    34.9156    34.9155     3.3578     3.3590    27.7840    27.7838    6.28854    6.24499         19 0.0000e+00
      60668   2527.786   1494.000     3.4732   3.266922     3.4748   3.267045      89.74     0.0165     2.4288     2.1408  34.908424  3.4590964   48.81130  -45.69286    34.9158    34.9156     3.3596     3.3612    27.7840    27.7836    6.28620    6.24111         21 0.0000e+00
      60690   2528.708   1493.000     3.4746   3.267026     3.4784   3.267327      71.12     0.0185     2.4289     2.1406  34.908424  3.4590964   48.81130  -45.69286    34.9160    34.9156     3.3611     3.3648    27.7840    27.7833    6.28652    6.23710         24 0.0000e+00
      60714   2529.720   1492.000     3.4767   3.267164     3.4804   3.267456      82.13     0.0143     2.4289     2.1404  34.908424  3.4616745   48.81130  -45.69286    34.9160    34.9156     3.3632     3.3669    27.7837    27.7830    6.29077    6.23711         23 0.0000e+00
      60735   2530.600   1491.000     3.4801   3.267403     3.4817   3.267525      48.95     0.0130     2.4292     2.1404  34.908424  3.4690042   48.81130  -45.69286    34.9157    34.9155     3.3667     3.3683    27.7831    27.7828    6.29285    6.23979         19 0.0000e+00
      60753   2531.329   1490.000     3.4826   3.267586     3.4845   3.267756      99.71     0.0133     2.4298     2.1406  34.908424  3.4688644   48.81130  -45.69286    34.9157    34.9157     3.3693     3.3712    27.7829    27.7827    6.29447    6.23934         16 0.0000e+00
      60769   2532.000   1489.000     3.4857   3.267826     3.4894   3.268145      98.64     0.0120     2.4303     2.1407  34.889454  3.4688644   48.81130  -45.69286    34.9158    34.9157     3.3724     3.3761    27.7827    27.7822    6.28974    6.23616         17 0.0000e+00
      60786   2532.710   1488.000     3.4889   3.268089     3.4913   3.268267      98.64     0.0112     2.4301     2.1407  34.874645  3.4693925   48.81130  -45.69286    34.9161    34.9157     3.3756     3.3780    27.7826    27.7820    6.29155    6.23359         18 0.0000e+00
      60810   2533.716   1487.000     3.4914   3.268276     3.4922   3.268299      88.68     0.0125     2.4310     2.1407  34.878670  3.4725654   48.81130  -45.69286    34.9161    34.9156     3.3782     3.3790    27.7824    27.7819    6.29435    6.23511         34 0.0000e+00
      60878   2536.539   1486.000     3.4854   3.267678     3.4889   3.267936      75.13     0.0164     2.4319     2.1418  34.894135  3.4805865   48.81130  -45.69286    34.9159    34.9155     3.3723     3.3758    27.7828    27.7821    6.29055    6.24894         51 0.0000e+00
      60897   2537.337   1485.000     3.4867   3.267726     3.4876   3.267782      70.84     0.0172     2.4324     2.1424  34.884991  3.4786325   48.81130  -45.69286    34.9158    34.9152     3.3735     3.3747    27.7825    27.7820    6.28948    6.24287         17 0.0000e+00
      60912   2537.978   1484.000     3.4926   3.268205     3.4926   3.268238      99.56     0.0150     2.4319     2.1423  34.879951  3.4786325   48.81130  -45.69286    34.9155    34.9159     3.3797     3.3797    27.7817    27.7820    6.28270    6.23589         15 0.0000e+00
      60927   2538.584   1483.000     3.4974   3.268605     3.4984   3.268701      98.64     0.0160     2.4322     2.1424  34.880096  3.4786325   48.81130  -45.69286    34.9156    34.9157     3.3845     3.3855    27.7814    27.7814    6.28452    6.23265         15 0.0000e+00
      60942   2539.196   1482.000     3.4997   3.268783     3.5021   3.268980      71.45     0.0194     2.4318     2.1422  34.880096  3.4786325   48.81130  -45.69286    34.9159    34.9157     3.3868     3.3892    27.7813    27.7810    6.28622    6.22672         15 0.0000e+00
      60958   2539.865   1481.000     3.5021   3.268973     3.5041   3.269120      95.65     0.0205     2.4324     2.1417  34.878284  3.4786325   48.81130  -45.69286    34.9161    34.9158     3.3893     3.3913    27.7813    27.7808    6.28895    6.22020         17 0.0000e+00
      60977   2540.657   1480.000     3.5042   3.269109     3.5051   3.269165      98.60     0.0188     2.4327     2.1412  34.879799  3.4786325   48.81130  -45.69285    34.9160    34.9157     3.3914     3.3924    27.7810    27.7806    6.28275    6.21614         21 0.0000e+00
      60999   2541.566   1479.000     3.5052   3.269155     3.5057   3.269168      96.10     0.0173     2.4322     2.1408  34.875103  3.4795241   48.81130  -45.69284    34.9159    34.9156     3.3926     3.3930    27.7808    27.7805    6.28161    6.22350         22 0.0000e+00
      61020   2542.462   1478.000     3.5052   3.269118     3.5059   3.269141      50.60     0.0147     2.4331     2.1410  34.870029  3.4884326   48.81130  -45.69284    34.9161    34.9155     3.3926     3.3934    27.7809    27.7804    6.29338    6.23152         21 0.0000e+00
      61041   2543.346   1477.000     3.5058   3.269135     3.5064   3.269137      77.10     0.0184     2.4330     2.1416  34.876396  3.4884005   48.81130  -45.69284    34.9161    34.9155     3.3933     3.3939    27.7809    27.7804    6.28358    6.23659         22 0.0000e+00
      61074   2544.707   1476.000     3.5058   3.269105     3.5065   3.269108      95.41     0.0212     2.4336     2.1426  34.869099  3.4959085   48.81130  -45.69284    34.9162    34.9155     3.3934     3.3941    27.7809    27.7804    6.28821    6.24061         53 0.0000e+00
      61148   2547.812   1475.000     3.5004   3.268594     3.5019   3.268651      78.05     0.0195     2.4345     2.1445  34.864010  3.4981129   48.81130  -45.69284    34.9163    34.9153     3.3882     3.3951    27.7816    27.7806    6.28529    6.23549         40 0.0000e+00
      61163   2548.417   1474.000     3.5029   3.268719     3.5030   3.268727      98.92     0.0209     2.4345     2.1438  34.874405  3.4920962   48.81130  -45.69284    34.9157    34.9156     3.3907     3.3908    27.7808    27.7808    6.28768    6.22701         18 0.0000e+00
      61179   2549.087   1473.000     3.5076   3.269105     3.5077   3.269092      75.12     0.0182     2.4346     2.1434  34.870312  3.4909997   48.81130  -45.69284    34.9158    34.9156     3.3955     3.3955    27.7804    27.7802    6.28726    6.22773         15 0.0000e+00
      61194   2549.700   1472.000     3.5098   3.269266     3.5104   3.269290      88.49     0.0152     2.4354     2.1438  34.877167  3.4919076   48.81130  -45.69284    34.9159    34.9155     3.3977     3.3983    27.7803    27.7799    6.28610    6.23264         14 0.0000e+00
