data/CTD/2014/CNV/u017a013.cnv
* Sea-Bird SBE 9 Data File:
* FileName = C:\CTD_ACQUISITION\2014017HUD\ctddata\017A013.hdr
* Software Version Seasave V 7.22.2
* Temperature SN = 5081
* Conductivity SN = 3561
* Number of Bytes Per Scan = 37
* Number of Voltage Words = 4
* Number of Scans Averaged by the Deck Unit = 1
* NMEA Latitude = 52 49.18 N
* NMEA Longitude = 051 25.44 W
* NMEA UTC (Time) = Jul 03 2014 23:45:42
* NMEA baud rate = 9600
** Ship: Hudson
** Cruise: HUD2014017
** Chief_Scientist: Blair Greenan
** Organization: BIO
** Area_of_Operation: Sackville Spur
** Station: 013
** Sounding:  1581
** Event_Comments: K7, 403035
# nquan = 25
# nvalues = 1642                        
# units = specified
# name 0 = scan: Scan Count
# name 1 = timeS: Time, Elapsed [seconds]
# name 2 = prDM: Pressure, Digiquartz [db]
# name 3 = t068C: Temperature [ITS-68, deg C]
# name 4 = c0S/m: Conductivity [S/m]
# name 5 = t168C: Temperature, 2 [ITS-68, deg C]
# name 6 = c1S/m: Conductivity, 2 [S/m]
# name 7 = altM: Altimeter [m]
# name 8 = flC: Fluorescence, Chelsea Aqua 3 Chl Con [ug/l]
# name 9 = sbeox0V: Oxygen raw, SBE 43 [V]
# name 10 = sbeox1V: Oxygen raw, SBE 43, 2 [V]
# name 11 = upoly0: Upoly 0, Optode 4330F - O2 D-Phase
# name 12 = upoly1: Upoly 1, Optode 4330F - O2 Temp
# name 13 = latitude: Latitude [deg]
# name 14 = longitude: Longitude [deg]
# name 15 = sal00: Salinity, Practical [PSU]
# name 16 = sal11: Salinity, Practical, 2 [PSU]
# name 17 = potemp068C: Potential Temperature [ITS-68, deg C]
# name 18 = potemp168C: Potential Temperature, 2 [ITS-68, deg C]
# name 19 = sigma-é00: Density [sigma-theta, Kg/m^3]
# name 20 = sigma-é11: Density, 2 [sigma-theta, Kg/m^3]
# name 21 = sbeox0ML/L: Oxygen, SBE 43 [ml/l], WS = 2
# name 22 = sbeox1ML/L: Oxygen, SBE 43, 2 [ml/l], WS = 2
# name 23 = nbin: number of scans per bin
# name 24 = flag: flag
# span 0 =      47435,     103329       
# span 1 =   1976.408,   4305.327       
# span 2 =      1.000,   1642.000       
# span 3 =     3.3409,     6.1848       
# span 4 =   3.148436,   3.365908       
# span 5 =     3.3402,     6.2334       
# span 6 =   3.146631,   3.365874       
# span 7 =       3.11,     103.50       
# span 8 =     0.0065,     0.2955       
# span 9 =     2.3965,     3.5765       
# span 10 =     2.1198,     3.1459      
# span 11 =  30.168457,  34.940022      
# span 12 =  3.3319342,  6.0867348      
# span 13 =   52.81503,   52.81760      
# span 14 =  -51.41186,  -51.39827      
# span 15 =    32.7015,    34.9151      
# span 16 =    32.7016,    34.9145      
# span 17 =     3.2166,     6.1835      
# span 18 =     3.2154,     6.2321      
# span 19 =    25.8378,    27.7960      
# span 20 =    25.8382,    27.7955      
# span 21 =    6.29719,    8.06322      
# span 22 =    6.25489,    8.13352      
# span 23 =          9,         69      
# span 24 = 0.0000e+00, 0.0000e+00      
# interval = decibars: 1                
# start_time = Jul 03 2014 23:45:42 [NMEA time, header]
# bad_flag = -9.990e-29
*END*
[from data line 1392]
      83345   3472.661    250.000     3.5277   3.210364     3.5272   3.210186      79.40     0.0157     2.9619     2.6003  33.230736  3.5257480   52.81569  -51.40310    34.8299    34.8283     3.5110     3.5105    27.7006    27.6994    6.82875    6.82039         60 0.0000e+00
      83832   3492.971    249.000     3.5242   3.209953     3.5235   3.209739      63.11     0.0153     2.9636     2.6041  33.220432  3.5201223   52.81570  -51.40301    34.8292    34.8274     3.5076     3.5069    27.7004    27.6990    6.83212    6.82778         36 0.0000e+00
      84637   3526.513    248.000     3.5188   3.209324     3.5186   3.209179      98.09     0.0138     2.9659     2.6099  33.209782  3.5188153   52.81570  -51.40284    34.8280    34.8264     3.5023     3.5021    27.6999    27.6987    6.84037    6.84143         18 0.0000e+00
      84670   3527.860    247.000     3.5183   3.209236     3.5179   3.209056      51.62     0.0129     2.9663     2.6105  33.208824  3.5198753   52.81570  -51.40284    34.8280    34.8263     3.5018     3.5014    27.7000    27.6987    6.84054    6.84277         22 0.0000e+00
      84700   3529.105    246.000     3.5181   3.209173     3.5180   3.209016      95.77     0.0090     2.9674     2.6098  33.208790  3.5185273   52.81570  -51.40284    34.8280    34.8262     3.5017     3.5016    27.7000    27.6986    6.84779    6.82956         39 0.0000e+00
      84740   3530.773    245.000     3.5186   3.209169     3.5181   3.208975      98.18     0.0072     2.9682     2.6088  33.210693  3.5176511   52.81570  -51.40283    34.8280    34.8262     3.5022     3.5018    27.7000    27.6986    6.84073    6.83500         33 0.0000e+00
      84765   3531.847    244.000     3.5183   3.209081     3.5183   3.208932      98.65     0.0085     2.9685     2.6091  33.215595  3.5181618   52.81570  -51.40282    34.8278    34.8260     3.5020     3.5020    27.6998    27.6984    6.83971    6.82912         22 0.0000e+00
      84785   3532.648    243.000     3.5179   3.208995     3.5179   3.208868      67.22     0.0129     2.9686     2.6083  33.215302  3.5204234   52.81570  -51.40281    34.8277    34.8262     3.5017     3.5017    27.6998    27.6986    6.83981    6.82131         18 0.0000e+00
      84803   3533.416    242.000     3.5180   3.208974     3.5192   3.208949      69.29     0.0094     2.9684     2.6076  33.208797  3.5248959   52.81570  -51.40280    34.8279    34.8263     3.5019     3.5030    27.6999    27.6986    6.83293    6.81378         19 0.0000e+00
      84822   3534.213    241.000     3.5211   3.209192     3.5243   3.209413      98.04     0.0093     2.9680     2.6065  33.208790  3.5255065   52.81570  -51.40280    34.8278    34.8270     3.5050     3.5082    27.6995    27.6986    6.83540    6.81949         20 0.0000e+00
      84843   3535.065    240.000     3.5241   3.209452     3.5282   3.209725      98.63     0.0077     2.9686     2.6072  33.203644  3.5201273   52.81570  -51.40280    34.8282    34.8271     3.5082     3.5122    27.6995    27.6983    6.83726    6.82834         20 0.0000e+00
      84863   3535.900    239.000     3.5264   3.209620     3.5295   3.209784      45.95     0.0104     2.9684     2.6072  33.205872  3.5181820   52.81570  -51.40280    34.8283    34.8270     3.5105     3.5135    27.6994    27.6981    6.83519    6.83237         20 0.0000e+00
      84881   3536.678    238.000     3.5280   3.209726     3.5303   3.209805      93.22     0.0141     2.9688     2.6086  33.199108  3.5214622   52.81570  -51.40279    34.8284    34.8269     3.5121     3.5144    27.6994    27.6979    6.83774    6.83262         18 0.0000e+00
      84900   3537.450    237.000     3.5298   3.209848     3.5314   3.209847      98.58     0.0170     2.9694     2.6086  33.197239  3.5274119   52.81570  -51.40278    34.8285    34.8268     3.5140     3.5156    27.6992    27.6977    6.83640    6.82554         19 0.0000e+00
      84922   3538.378    236.000     3.5307   3.209877     3.5333   3.209963      59.91     0.0174     2.9692     2.6086  33.195305  3.5274725   52.81570  -51.40278    34.8284    34.8267     3.5150     3.5176    27.6991    27.6974    6.83146    6.82249         27 0.0000e+00
      84965   3540.155    235.000     3.5300   3.209763     3.5329   3.209848      87.36     0.0191     2.9692     2.6086  33.196762  3.5278232   52.81570  -51.40278    34.8284    34.8263     3.5143     3.5175    27.6991    27.6972    6.82959    6.82140         56 0.0000e+00
      85007   3541.931    234.000     3.5284   3.209565     3.5323   3.209769      51.15     0.0163     2.9686     2.6084  33.195847  3.5324130   52.81570  -51.40277    34.8283    34.8266     3.5128     3.5167    27.6992    27.6974    6.82702    6.82214         25 0.0000e+00
      85026   3542.689    233.000     3.5329   3.209907     3.5347   3.209955      97.26     0.0123     2.9691     2.6088  33.197803  3.5311332   52.81570  -51.40276    34.8281    34.8268     3.5174     3.5192    27.6985    27.6973    6.83075    6.82475         16 0.0000e+00
      85040   3543.312    232.000     3.5382   3.210341     3.5381   3.210217      98.63     0.0141     2.9686     2.6089  33.208782  3.5274746   52.81570  -51.40276    34.8282    34.8269     3.5227     3.5226    27.6981    27.6971    6.82457    6.82588         14 0.0000e+00
      85055   3543.906    231.000     3.5395   3.210393     3.5398   3.210291      98.63     0.0161     2.9685     2.6094  33.208790  3.5274725   52.81570  -51.40276    34.8279    34.8264     3.5241     3.5244    27.6978    27.6965    6.82672    6.83072         15 0.0000e+00
      85070   3544.557    230.000     3.5401   3.210388     3.5413   3.210365      73.28     0.0164     2.9692     2.6104  33.208790  3.5274725   52.81570  -51.40276    34.8278    34.8262     3.5248     3.5260    27.6976    27.6962    6.83009    6.83438         17 0.0000e+00
      85093   3545.489    229.000     3.5404   3.210366     3.5418   3.210361      54.38     0.0171     2.9698     2.6112  33.208790  3.5277736   52.81570  -51.40274    34.8279    34.8262     3.5251     3.5266    27.6976    27.6962    6.83094    6.82887         30 0.0000e+00
      85129   3546.990    228.000     3.5398   3.210290     3.5408   3.210222      78.73     0.0114     2.9704     2.6114  33.208790  3.5333366   52.81570  -51.40274    34.8280    34.8262     3.5246     3.5256    27.6978    27.6962    6.83480    6.82332         35 0.0000e+00
      85155   3548.089    227.000     3.5397   3.210228     3.5407   3.210141      38.27     0.0132     2.9716     2.6115  33.208790  3.5373375   52.81570  -51.40274    34.8279    34.8259     3.5246     3.5255    27.6977    27.6960    6.83497    6.82132         20 0.0000e+00
      85173   3548.839    226.000     3.5398   3.210156     3.5401   3.210001      96.32     0.0165     2.9720     2.6112  33.207054  3.5372405   52.81570  -51.40273    34.8275    34.8254     3.5248     3.5251    27.6974    27.6956    6.83346    6.81861         17 0.0000e+00
      85190   3549.543    225.000     3.5390   3.209985     3.5387   3.209800      94.36     0.0173     2.9722     2.6112  33.203197  3.5372405   52.81570  -51.40272    34.8269    34.8250     3.5240     3.5237    27.6970    27.6955    6.83429    6.81981         18 0.0000e+00
      85210   3550.387    224.000     3.5384   3.209862     3.5383   3.209707      80.36     0.0162     2.9723     2.6112  33.200409  3.5372405   52.81570  -51.40272    34.8266    34.8248     3.5235     3.5234    27.6967    27.6954    6.83446    6.82099         24 0.0000e+00
      85242   3551.689    223.000     3.5381   3.209780     3.5380   3.209634      77.98     0.0133     2.9738     2.6118  33.192097  3.5372405   52.81570  -51.40272    34.8265    34.8248     3.5232     3.5231    27.6967    27.6954    6.83781    6.82977         36 0.0000e+00
      85274   3553.049    222.000     3.5381   3.209733     3.5378   3.209571      99.40     0.0140     2.9742     2.6134  33.204346  3.5372405   52.81570  -51.40271    34.8265    34.8248     3.5233     3.5230    27.6967    27.6954    6.83879    6.83369         27 0.0000e+00
      85297   3553.994    221.000     3.5379   3.209666     3.5382   3.209543      36.87     0.0173     2.9750     2.6137  33.208866  3.5372405   52.81570  -51.40270    34.8264    34.8247     3.5232     3.5234    27.6967    27.6953    6.84010    6.83196         20 0.0000e+00
      85316   3554.810    220.000     3.5389   3.209687     3.5396   3.209615      98.48     0.0167     2.9753     2.6146  33.208061  3.5372405   52.81570  -51.40270    34.8262    34.8245     3.5242     3.5250    27.6964    27.6950    6.83496    6.83948         20 0.0000e+00
      85337   3555.662    219.000     3.5402   3.209737     3.5412   3.209686      98.63     0.0118     2.9753     2.6158  33.208767  3.5372405   52.81570  -51.40270    34.8259    34.8242     3.5256     3.5266    27.6960    27.6946    6.83664    6.84068         22 0.0000e+00
      85362   3556.714    218.000     3.5410   3.209758     3.5419   3.209686      58.96     0.0116     2.9761     2.6164  33.203632  3.5372405   52.81570  -51.40269    34.8258    34.8240     3.5265     3.5274    27.6959    27.6943    6.83796    6.83629         28 0.0000e+00
      85390   3557.880    217.000     3.5412   3.209712     3.5418   3.209604      96.12     0.0116     2.9765     2.6171  33.195572  3.5372405   52.81569  -51.40268    34.8257    34.8237     3.5267     3.5273    27.6957    27.6941    6.84226    6.83360         25 0.0000e+00
      85411   3558.761    216.000     3.5412   3.209629     3.5409   3.209428      98.68     0.0143     2.9776     2.6168  33.194897  3.5414028   52.81568  -51.40268    34.8252    34.8231     3.5268     3.5265    27.6953    27.6937    6.83583    6.83240         19 0.0000e+00
      85428   3559.471    215.000     3.5402   3.209438     3.5401   3.209243      83.04     0.0143     2.9765     2.6174  33.193241  3.5469441   52.81568  -51.40268    34.8245    34.8222     3.5259     3.5258    27.6949    27.6931    6.82856    6.83629         16 0.0000e+00
      85445   3560.147    214.000     3.5400   3.209300     3.5406   3.209136      36.59     0.0136     2.9773     2.6175  33.194138  3.5482316   52.81568  -51.40266    34.8236    34.8210     3.5257     3.5263    27.6942    27.6920    6.84176    6.83885         16 0.0000e+00
      85463   3560.907    213.000     3.5401   3.209179     3.5389   3.208833      97.89     0.0185     2.9781     2.6184  33.196205  3.5470240   52.81568  -51.40266    34.8226    34.8197     3.5259     3.5248    27.6934    27.6911    6.84410    6.84020         21 0.0000e+00
      85492   3562.106    212.000     3.5398   3.209086     3.5383   3.208725      85.13     0.0165     2.9786     2.6191  33.200317  3.5458169   52.81569  -51.40266    34.8223    34.8196     3.5257     3.5242    27.6932    27.6911    6.84089    6.84282         39 0.0000e+00
      85531   3563.767    211.000     3.5394   3.209018     3.5395   3.208873      76.88     0.0115     2.9799     2.6205  33.179974  3.5395126   52.81569  -51.40265    34.8225    34.8207     3.5254     3.5255    27.6933    27.6918    6.84176    6.84243         33 0.0000e+00
      85557   3564.835    210.000     3.5392   3.208955     3.5381   3.208608      28.90     0.0151     2.9798     2.6206  33.180141  3.5390701   52.81570  -51.40264    34.8225    34.8195     3.5253     3.5241    27.6933    27.6910    6.84188    6.83116         21 0.0000e+00
      85576   3565.621    209.000     3.5365   3.208488     3.5354   3.208196      65.21     0.0178     2.9808     2.6194  33.177956  3.5372503   52.81570  -51.40264    34.8204    34.8179     3.5226     3.5216    27.6919    27.6901    6.85009    6.81100         19 0.0000e+00
      85595   3566.409    208.000     3.5350   3.208221     3.5345   3.207997      66.87     0.0180     2.9813     2.6172  33.178017  3.5372405   52.81570  -51.40264    34.8193    34.8171     3.5211     3.5206    27.6912    27.6895    6.85243    6.81064         20 0.0000e+00
      85618   3567.373    207.000     3.5343   3.208077     3.5340   3.207886      93.73     0.0150     2.9826     2.6172  33.175602  3.5372405   52.81570  -51.40262    34.8188    34.8169     3.5205     3.5202    27.6909    27.6893    6.85445    6.83293         26 0.0000e+00
      85646   3568.558    206.000     3.5339   3.207977     3.5338   3.207803      65.97     0.0137     2.9834     2.6187  33.172882  3.5372405   52.81569  -51.40262    34.8186    34.8167     3.5202     3.5201    27.6907    27.6892    6.84584    6.83871         29 0.0000e+00
      85672   3569.609    205.000     3.5337   3.207894     3.5333   3.207683      79.90     0.0168     2.9839     2.6197  33.166138  3.5372405   52.81568  -51.40262    34.8184    34.8162     3.5200     3.5197    27.6906    27.6889    6.85135    6.84532         22 0.0000e+00
      85692   3570.467    204.000     3.5331   3.207754     3.5326   3.207527      98.83     0.0160     2.9844     2.6209  33.166382  3.5372405   52.81568  -51.40262    34.8178    34.8157     3.5196     3.5190    27.6902    27.6885    6.84993    6.84747         19 0.0000e+00
      85711   3571.261    203.000     3.5324   3.207598     3.5318   3.207370      98.63     0.0167     2.9845     2.6218  33.188282  3.5372405   52.81568  -51.40262    34.8173    34.8151     3.5189     3.5184    27.6898    27.6881    6.84817    6.84573         19 0.0000e+00
      85730   3572.048    202.000     3.5318   3.207461     3.5315   3.207276      29.76     0.0173     2.9847     2.6223  33.189522  3.5372405   52.81568  -51.40260    34.8168    34.8149     3.5184     3.5181    27.6895    27.6880    6.84887    6.83936         19 0.0000e+00
      85750   3572.858    201.000     3.5315   3.207365     3.5313   3.207217      99.08     0.0165     2.9853     2.6221  33.177971  3.5372405   52.81568  -51.40260    34.8166    34.8149     3.5181     3.5180    27.6893    27.6880    6.85232    6.83629         20 0.0000e+00
      85771   3573.769    200.000     3.5313   3.207295     3.5313   3.207147      98.63     0.0164     2.9858     2.6224  33.165478  3.5372405   52.81568  -51.40260    34.8165    34.8147     3.5180     3.5180    27.6892    27.6879    6.85091    6.84403         24 0.0000e+00
      85799   3574.911    199.000     3.5311   3.207232     3.5313   3.207097      51.10     0.0179     2.9867     2.6234  33.165310  3.5372405   52.81568  -51.40259    34.8164    34.8147     3.5179     3.5181    27.6892    27.6878    6.85628    6.84304         31 0.0000e+00
      85832   3576.271    198.000     3.5312   3.207189     3.5313   3.207054      84.79     0.0185     2.9873     2.6235  33.164829  3.5372405   52.81568  -51.40258    34.8164    34.8147     3.5180     3.5181    27.6892    27.6878    6.85121    6.84386         33 0.0000e+00
      85862   3577.562    197.000     3.5312   3.207144     3.5314   3.207015      67.57     0.0141     2.9874     2.6252  33.169968  3.5372405   52.81568  -51.40258    34.8164    34.8147     3.5182     3.5183    27.6891    27.6878    6.84787    6.85544         29 0.0000e+00
      85888   3578.636    196.000     3.5313   3.207105     3.5313   3.206962      80.15     0.0153     2.9876     2.6259  33.169933  3.5376694   52.81568  -51.40257    34.8164    34.8146     3.5183     3.5183    27.6891    27.6877    6.85377    6.84072         23 0.0000e+00
      85910   3579.526    195.000     3.5313   3.207047     3.5312   3.206911      99.19     0.0184     2.9886     2.6248  33.164684  3.5377574   52.81568  -51.40256    34.8163    34.8147     3.5183     3.5183    27.6890    27.6878    6.85748    6.83328         19 0.0000e+00
      85927   3580.270    194.000     3.5313   3.206993     3.5312   3.206858      98.63     0.0151     2.9887     2.6249  33.164837  3.5389957   52.81568  -51.40256    34.8162    34.8146     3.5184     3.5183    27.6890    27.6878    6.85540    6.84256         17 0.0000e+00
