data/CTD/2014/CNV/u017a002.cnv
* Sea-Bird SBE 9 Data File:
* FileName = C:\CTD_ACQUISITION\2014017HUD\ctddata\017A002.hdr
* Software Version Seasave V 7.22.2
* Temperature SN = 5081
* Conductivity SN = 3561
* Number of Bytes Per Scan = 37
* Number of Voltage Words = 4
* Number of Scans Averaged by the Deck Unit = 1
* NMEA Latitude = 52 39.92 N
* NMEA Longitude = 052 06.18 W
* NMEA UTC (Time) = Jul 03 2014 10:10:16
* NMEA baud rate = 9600
** Ship: Hudson
** Cruise: HUD2014017
** Chief_Scientist: Blair Greenan
** Organization: BIO
** Area_of_Operation: Sackville Spur
** Station: 002
** Sounding:  298
** Event_Comments: C1 403001
# nquan = 25
# nvalues = 294                         
# units = specified
# name 0 = scan: Scan Count
# name 1 = timeS: Time, Elapsed [seconds]
# name 2 = prDM: Pressure, Digiquartz [db]
# name 3 = t068C: Temperature [ITS-68, deg C]
# name 4 = c0S/m: Conductivity [S/m]
# name 5 = t168C: Temperature, 2 [ITS-68, deg C]
# name 6 = c1S/m: Conductivity, 2 [S/m]
# name 7 = altM: Altimeter [m]
# name 8 = flC: Fluorescence, Chelsea Aqua 3 Chl Con [ug/l]
# name 9 = sbeox0V: Oxygen raw, SBE 43 [V]
# name 10 = sbeox1V: Oxygen raw, SBE 43, 2 [V]
# name 11 = upoly0: Upoly 0, Optode 4330F - O2 D-Phase
# name 12 = upoly1: Upoly 1, Optode 4330F - O2 Temp
# name 13 = latitude: Latitude [deg]
# name 14 = longitude: Longitude [deg]
# name 15 = sal00: Salinity, Practical [PSU]
# name 16 = sal11: Salinity, Practical, 2 [PSU]
# name 17 = potemp068C: Potential Temperature [ITS-68, deg C]
# name 18 = potemp168C: Potential Temperature, 2 [ITS-68, deg C]
# name 19 = sigma-é00: Density [sigma-theta, Kg/m^3]
# name 20 = sigma-é11: Density, 2 [sigma-theta, Kg/m^3]
# name 21 = sbeox0ML/L: Oxygen, SBE 43 [ml/l], WS = 2
# name 22 = sbeox1ML/L: Oxygen, SBE 43, 2 [ml/l], WS = 2
# name 23 = nbin: number of scans per bin
# name 24 = flag: flag
# span 0 =      23852,      49918       
# span 1 =    993.774,   2079.864       
# span 2 =      1.000,    294.000       
# span 3 =    -1.4386,     5.3525       
# span 4 =   2.640142,   3.134211       
# span 5 =    -1.4363,     5.3434       
# span 6 =   2.640061,   3.133980       
# span 7 =       3.90,     100.51       
# span 8 =     0.0178,     2.6358       
# span 9 =     2.8926,     3.9076       
# span 10 =     2.5494,     3.4497      
# span 11 =  26.252096,  32.111534      
# span 12 = -1.4629771,  3.8970680      
# span 13 =   52.66493,   52.66522      
# span 14 =  -52.10050,  -52.09944      
# span 15 =    31.9115,    34.5915      
# span 16 =    31.9157,    34.5889      
# span 17 =    -1.4393,     5.3523      
# span 18 =    -1.4370,     5.3431      
# span 19 =    25.1885,    27.5729      
# span 20 =    25.1929,    27.5708      
# span 21 =    6.79900,   11.15128      
# span 22 =    6.80769,   11.44612      
# span 23 =         15,         91      
# span 24 = 0.0000e+00, 0.0000e+00      
# interval = decibars: 1                
# start_time = Jul 03 2014 10:10:16 [NMEA time, header]
# bad_flag = -9.990e-29
*END*
      23852    993.774    294.000     2.8655   3.134211     2.8653   3.133980       4.33     0.0301     2.8926     2.5505  30.327194  2.0321274   52.66518  -52.10050    34.5915    34.5889     2.8474     2.8473    27.5729    27.5708    6.79971    6.81469         40 0.0000e+00
      24248   1010.302    293.000     2.8653   3.134136     2.8650   3.133898       5.34     0.0358     2.8935     2.5501  30.313158  2.0779207   52.66516  -52.10048    34.5914    34.5887     2.8473     2.8470    27.5728    27.5707    6.80127    6.80913         29 0.0000e+00
      24253   1010.488    292.000     2.8653   3.134096     2.8651   3.133864       5.98     0.0332     2.8937     2.5495  30.317715  2.0814109   52.66516  -52.10048    34.5914    34.5888     2.8474     2.8471    27.5728    27.5708    6.80835    6.80769         22 0.0000e+00
      24276   1011.465    291.000     2.8654   3.134062     2.8653   3.133840       6.92     0.0343     2.8946     2.5494  30.322096  2.0870678   52.66516  -52.10048    34.5914    34.5888     2.8476     2.8475    27.5728    27.5707    6.80413    6.81250         28 0.0000e+00
      24345   1014.327    290.000     2.8653   3.134009     2.8652   3.133790       8.49     0.0320     2.8947     2.5508  30.316187  2.0849023   52.66516  -52.10048    34.5914    34.5888     2.8475     2.8475    27.5728    27.5707    6.79900    6.82454         65 0.0000e+00
      24395   1016.400    289.000     2.8654   3.133962     2.8652   3.133731       9.24     0.0260     2.8952     2.5529  30.314726  2.0974963   52.66516  -52.10046    34.5913    34.5886     2.8477     2.8475    27.5727    27.5706    6.80479    6.82266         27 0.0000e+00
      24420   1017.452    288.000     2.8651   3.133864     2.8648   3.133652      10.03     0.0273     2.8951     2.5526  30.315561  2.0942841   52.66516  -52.10046    34.5909    34.5886     2.8475     2.8472    27.5724    27.5706    6.80343    6.81958         26 0.0000e+00
      24461   1019.164    287.000     2.8631   3.133624     2.8619   3.133301      11.11     0.0321     2.8963     2.5528  30.314980  2.1009486   52.66516  -52.10046    34.5908    34.5881     2.8454     2.8443    27.5725    27.5704    6.80893    6.82283         65 0.0000e+00
      24526   1021.891    286.000     2.8627   3.133559     2.8626   3.133294      12.34     0.0248     2.8980     2.5541  30.315922  2.1034441   52.66516  -52.10045    34.5909    34.5879     2.8452     2.8455    27.5726    27.5702    6.81510    6.82810         45 0.0000e+00
      24561   1023.323    285.000     2.8604   3.133250     2.8574   3.132703      13.28     0.0323     2.8992     2.5550  30.316895  2.0994134   52.66516  -52.10044    34.5902    34.5867     2.8429     2.8399    27.5723    27.5697    6.81774    6.83246         35 0.0000e+00
      24601   1025.009    284.000     2.8570   3.132854     2.8541   3.132321      14.37     0.0400     2.8998     2.5553  30.315498  2.1048460   52.66516  -52.10044    34.5896    34.5861     2.8396     2.8367    27.5720    27.5695    6.80963    6.82604         45 0.0000e+00
      24641   1026.652    283.000     2.8518   3.132277     2.8512   3.131946      15.29     0.0329     2.9000     2.5556  30.317493  2.1067023   52.66515  -52.10044    34.5886    34.5852     2.8344     2.8339    27.5718    27.5691    6.81825    6.83100         33 0.0000e+00
      24672   1027.961    282.000     2.8467   3.131657     2.8470   3.131455      16.27     0.0296     2.9006     2.5561  30.315535  2.1265888   52.66514  -52.10044    34.5870    34.5842     2.8295     2.8298    27.5709    27.5686    6.81612    6.83384         34 0.0000e+00
      24729   1030.325    281.000     2.8447   3.131381     2.8436   3.131042      17.53     0.0236     2.9013     2.5575  30.314886  2.1153102   52.66514  -52.10043    34.5864    34.5834     2.8275     2.8265    27.5706    27.5683    6.81971    6.83763         71 0.0000e+00
      24778   1032.390    280.000     2.8370   3.130529     2.8355   3.130109      18.36     0.0228     2.9015     2.5575  30.313322  2.1265082   52.66514  -52.10042    34.5848    34.5810     2.8199     2.8184    27.5700    27.5671    6.81166    6.83611         31 0.0000e+00
      24807   1033.565    279.000     2.8276   3.129410     2.8270   3.129121      19.15     0.0199     2.9016     2.5577  30.303606  2.1301959   52.66514  -52.10042    34.5817    34.5788     2.8106     2.8100    27.5684    27.5661    6.81593    6.83355         30 0.0000e+00
      24857   1035.682    278.000     2.8268   3.129302     2.8252   3.128886      20.47     0.0235     2.9015     2.5580  30.307571  2.1200991   52.66514  -52.10042    34.5818    34.5783     2.8098     2.8085    27.5685    27.5659    6.82084    6.84015         77 0.0000e+00
      24922   1038.371    277.000     2.8287   3.129565     2.8272   3.128929      21.47     0.0332     2.9031     2.5588  30.292023  2.1407311   52.66514  -52.10040    34.5834    34.5774     2.8119     2.8103    27.5696    27.5649    6.81701    6.83399         37 0.0000e+00
      24950   1039.544    276.000     2.8098   3.127451     2.8097   3.127107      22.17     0.0274     2.9024     2.5578  30.293041  2.1362274   52.66514  -52.10040    34.5785    34.5744     2.7930     2.7929    27.5674    27.5641    6.81569    6.82804         26 0.0000e+00
      24975   1040.583    275.000     2.7959   3.125855     2.7966   3.125603      23.04     0.0235     2.9017     2.5573  30.295652  2.1259856   52.66514  -52.10040    34.5744    34.5706     2.7792     2.7799    27.5654    27.5623    6.81242    6.83422         27 0.0000e+00
      25040   1043.288    274.000     2.8019   3.126459     2.8002   3.125956      24.39     0.0244     2.9018     2.5589  30.301100  2.1256366   52.66513  -52.10039    34.5759    34.5716     2.7853     2.7836    27.5660    27.5627    6.82642    6.85109         37 0.0000e+00
      25097   1045.652    273.000     2.7997   3.126160     2.8008   3.125984      25.11     0.0292     2.9037     2.5606  30.298382  2.1434493   52.66512  -52.10038    34.5752    34.5718     2.7831     2.7843    27.5656    27.5628    6.82240    6.84243         19 0.0000e+00
      25113   1046.331    272.000     2.7764   3.123617     2.7777   3.123369      25.76     0.0266     2.9032     2.5600  30.298212  2.1518829   52.66512  -52.10038    34.5696    34.5652     2.7600     2.7613    27.5632    27.5595    6.81654    6.83671         17 0.0000e+00
      25133   1047.165    271.000     2.7636   3.122134     2.7557   3.120927      26.83     0.0252     2.9024     2.5590  30.294458  2.1279848   52.66512  -52.10038    34.5657    34.5594     2.7473     2.7394    27.5612    27.5569    6.82192    6.83554         26 0.0000e+00
      25209   1050.322    270.000     2.7689   3.122750     2.7650   3.122042      28.41     0.0274     2.9045     2.5573  30.292070  2.1384797   52.66512  -52.10038    34.5683    34.5633     2.7525     2.7487    27.5628    27.5592    6.82440    6.82927         43 0.0000e+00
      25248   1051.976    269.000     2.7703   3.122746     2.7704   3.122355      29.11     0.0297     2.9040     2.5553  30.292343  2.1704674   52.66512  -52.10036    34.5671    34.5623     2.7541     2.7541    27.5617    27.5579    6.80446    6.81016         21 0.0000e+00
      25271   1052.899    268.000     2.7407   3.119542     2.7223   3.117126      30.05     0.0289     2.9018     2.5536  30.295181  2.1144891   52.66512  -52.10037    34.5602    34.5503     2.7246     2.7063    27.5588    27.5525    6.81851    6.82087         26 0.0000e+00
      25346   1056.050    267.000     2.7333   3.118750     2.7224   3.117202      31.49     0.0243     2.9086     2.5599  30.290115  2.1495728   52.66512  -52.10036    34.5590    34.5517     2.7173     2.7064    27.5585    27.5536    6.86724    6.86380         40 0.0000e+00
      25387   1057.741    266.000     2.7245   3.117761     2.7309   3.117929      32.10     0.0277     2.9121     2.5617  30.286810  2.1664598   52.66512  -52.10036    34.5568    34.5521     2.7086     2.7149    27.5575    27.5532    6.85613    6.85069         19 0.0000e+00
      25404   1058.453    265.000     2.6708   3.111930     2.6700   3.111164      32.83     0.0245     2.9111     2.5613  30.285295  2.1485891   52.66512  -52.10036    34.5436    34.5350     2.6550     2.6542    27.5516    27.5448    6.84955    6.86424         17 0.0000e+00
      25436   1059.776    264.000     2.6369   3.108050     2.6338   3.107375      33.99     0.0235     2.9104     2.5617  30.291119  2.1479361   52.66511  -52.10036    34.5324    34.5278     2.6213     2.6182    27.5457    27.5422    6.86213    6.87649         42 0.0000e+00
      25522   1063.369    263.000     2.6722   3.111532     2.6972   3.114098      35.58     0.0245     2.9125     2.5648  30.286879  2.1305459   52.66510  -52.10034    34.5383    34.5429     2.6566     2.6815    27.5472    27.5488    6.86624    6.88683         32 0.0000e+00
      25547   1064.418    262.000     2.6427   3.108678     2.6410   3.108037      36.27     0.0222     2.9123     2.5662  30.289064  2.1439683   52.66510  -52.10034    34.5355    34.5294     2.6272     2.6255    27.5476    27.5429    6.86946    6.90361         26 0.0000e+00
      25577   1065.680    261.000     2.6146   3.105509     2.5942   3.102959      37.29     0.0208     2.9134     2.5682  30.292772  2.1504912   52.66510  -52.10034    34.5266    34.5178     2.5992     2.5789    27.5429    27.5376    6.89575    6.91822         38 0.0000e+00
      25637   1068.162    260.000     2.6041   3.104300     2.5817   3.101525      38.58     0.0212     2.9209     2.5738  30.292803  2.1321013   52.66510  -52.10034    34.5244    34.5141     2.5887     2.5665    27.5420    27.5357    6.93600    6.94321         67 0.0000e+00
      25680   1069.957    259.000     2.5673   3.100170     2.5515   3.098147      39.45     0.0197     2.9257     2.5762  30.292492  2.1638117   52.66510  -52.10032    34.5135    34.5056     2.5521     2.5364    27.5365    27.5315    6.93184    6.93733         27 0.0000e+00
      25704   1070.960    258.000     2.5316   3.096269     2.5309   3.095774      40.35     0.0209     2.9258     2.5765  30.293032  2.1132634   52.66510  -52.10032    34.5044    34.4990     2.5166     2.5159    27.5322    27.5280    6.92534    6.94857         24 0.0000e+00
      25746   1072.719    257.000     2.5187   3.094737     2.5166   3.094251      41.56     0.0200     2.9262     2.5784  30.293041  2.1387756   52.66510  -52.10032    34.4999    34.4962     2.5038     2.5017    27.5298    27.5270    6.93334    6.95923         75 0.0000e+00
      25817   1075.685    256.000     2.5387   3.096865     2.5449   3.097546      42.59     0.0194     2.9287     2.5808  30.293041  2.1302891   52.66510  -52.10030    34.5053    34.5069     2.5237     2.5300    27.5323    27.5331    6.94314    6.95668         39 0.0000e+00
      25844   1076.805    255.000     2.5124   3.094153     2.5089   3.093299      43.52     0.0197     2.9291     2.5802  30.287560  2.1127322   52.66510  -52.10030    34.5006    34.4939     2.4976     2.4941    27.5308    27.5257    6.93055    6.93470         27 0.0000e+00
      25874   1078.053    254.000     2.4900   3.091632     2.4930   3.091581      44.58     0.0209     2.9284     2.5777  30.285789  2.1359501   52.66510  -52.10030    34.4942    34.4903     2.4753     2.4783    27.5276    27.5242    6.93215    6.93987         36 0.0000e+00
      25932   1080.439    253.000     2.4827   3.090767     2.4860   3.090757      45.90     0.0192     2.9297     2.5789  30.297688  2.1253173   52.66510  -52.10030    34.4919    34.4883     2.4681     2.4714    27.5263    27.5232    6.95129    6.95654         81 0.0000e+00
      25998   1083.218    252.000     2.4952   3.092195     2.4794   3.090048      46.91     0.0203     2.9321     2.5793  30.311262  2.1063013   52.66510  -52.10030    34.4967    34.4872     2.4806     2.4648    27.5291    27.5229    6.95236    6.96839         34 0.0000e+00
      26030   1084.533    251.000     2.4499   3.087193     2.4529   3.087227      47.76     0.0207     2.9317     2.5813  30.312109  2.1101620   52.66510  -52.10028    34.4842    34.4814     2.4355     2.4385    27.5230    27.5205    6.94934    6.97626         39 0.0000e+00
      26304   1095.969    250.000     2.4542   3.087621     2.4550   3.087399      48.80     0.0235     2.9325     2.5837  30.320358  2.0829625   52.66509  -52.10025    34.4854    34.4819     2.4399     2.4406    27.5235    27.5207    6.95895    6.97967         43 0.0000e+00
      27559   1148.259    249.000     2.4049   3.082314     2.4009   3.081688      49.73     0.0242     2.9357     2.5860  30.368782  1.9655972   52.66512  -52.10014    34.4735    34.4700     2.3907     2.3867    27.5182    27.5157    6.97537    6.98944         28 0.0000e+00
      27649   1151.997    248.000     2.3997   3.081757     2.3927   3.080774      51.21     0.0214     2.9359     2.5864  30.374325  1.9373605   52.66512  -52.10014    34.4727    34.4682     2.3856     2.3786    27.5180    27.5149    6.96800    6.99380         65 0.0000e+00
      27706   1154.382    247.000     2.3988   3.081581     2.3911   3.080567      52.27     0.0196     2.9347     2.5858  30.381155  1.9382155   52.66512  -52.10012    34.4721    34.4678     2.3847     2.3771    27.5175    27.5148    6.96972    6.98443         44 0.0000e+00
      27748   1156.126    246.000     2.3933   3.081078     2.3829   3.079679      53.18     0.0207     2.9362     2.5861  30.380611  1.9343764   52.66512  -52.10012    34.4724    34.4663     2.3793     2.3689    27.5182    27.5142    6.98013    6.99347         43 0.0000e+00
      27793   1157.998    245.000     2.3815   3.079674     2.3609   3.077576      54.22     0.0244     2.9375     2.5856  30.379026  1.9271466   52.66512  -52.10012    34.4683    34.4645     2.3676     2.3471    27.5159    27.5146    6.98394    6.98629         46 0.0000e+00
      27834   1159.695    244.000     2.3341   3.074754     2.3339   3.074524      55.17     0.0228     2.9381     2.5858  30.380962  1.9301448   52.66514  -52.10012    34.4583    34.4563     2.3204     2.3202    27.5118    27.5103    6.98672    7.00497         36 0.0000e+00
      27868   1161.107    243.000     2.3035   3.071259     2.3085   3.071552      56.10     0.0249     2.9374     2.5861  30.380953  1.9103782   52.66514  -52.10012    34.4492    34.4477     2.2898     2.2949    27.5071    27.5055    6.98436    7.00390         33 0.0000e+00
      27905   1162.686    242.000     2.2862   3.069459     2.2893   3.069469      57.17     0.0197     2.9369     2.5850  30.380640  1.9169900   52.66514  -52.10010    34.4461    34.4428     2.2726     2.2758    27.5060    27.5031    6.98507    6.99096         45 0.0000e+00
      27954   1164.694    241.000     2.2779   3.068552     2.2788   3.068305      58.38     0.0186     2.9347     2.5814  30.380955  1.9159496   52.66514  -52.10010    34.4444    34.4403     2.2644     2.2654    27.5053    27.5020    6.96894    6.97705         48 0.0000e+00
      28007   1166.898    240.000     2.2796   3.068701     2.2719   3.067642      59.39     0.0196     2.9313     2.5794  30.380953  1.9177229   52.66514  -52.10010    34.4449    34.4400     2.2662     2.2593    27.5056    27.5023    6.96161    6.97688         59 0.0000e+00
      28057   1169.008    239.000     2.2724   3.067990     2.2624   3.066634      60.30     0.0235     2.9297     2.5779  30.379232  1.8984354   52.66514  -52.10010    34.4450    34.4384     2.2591     2.2490    27.5062    27.5018    6.96855    6.97527         36 0.0000e+00
      28086   1170.205    238.000     2.2455   3.065041     2.2498   3.065195      61.01     0.0260     2.9303     2.5775  30.381491  1.9178798   52.66514  -52.10010    34.4368    34.4346     2.2323     2.2366    27.5019    27.4998    6.97793    6.98648         27 0.0000e+00
