data/CTD/2014/CNV/u017a046.cnv
* Sea-Bird SBE 9 Data File:
* FileName = C:\CTD_ACQUISITION\2014017HUD\ctddata\017A046.hdr
* Software Version Seasave V 7.22.2
* Temperature SN = 5081
* Conductivity SN = 3561
* Number of Bytes Per Scan = 37
* Number of Voltage Words = 4
* Number of Scans Averaged by the Deck Unit = 1
* NMEA Latitude = 47 54.02 N
* NMEA Longitude = 046 03.59 W
* NMEA UTC (Time) = Jul 10 2014 22:46:18
* NMEA baud rate = 9600
** Ship: Hudson
** Cruise: HUD2014017
** Chief_Scientist: Blair Greenan
** Organization: BIO
** Area_of_Operation: Sackville Spur
** Station: 046
** Sounding:  892
** Event_Comments: SS_18,403262
# nquan = 25
# nvalues = 908                         
# units = specified
# name 0 = scan: Scan Count
# name 1 = timeS: Time, Elapsed [seconds]
# name 2 = prDM: Pressure, Digiquartz [db]
# name 3 = t068C: Temperature [ITS-68, deg C]
# name 4 = c0S/m: Conductivity [S/m]
# name 5 = t168C: Temperature, 2 [ITS-68, deg C]
# name 6 = c1S/m: Conductivity, 2 [S/m]
# name 7 = altM: Altimeter [m]
# name 8 = flC: Fluorescence, Chelsea Aqua 3 Chl Con [ug/l]
# name 9 = sbeox0V: Oxygen raw, SBE 43 [V]
# name 10 = sbeox1V: Oxygen raw, SBE 43, 2 [V]
# name 11 = upoly0: Upoly 0, Optode 4330F - O2 D-Phase
# name 12 = upoly1: Upoly 1, Optode 4330F - O2 Temp
# name 13 = latitude: Latitude [deg]
# name 14 = longitude: Longitude [deg]
# name 15 = sal00: Salinity, Practical [PSU]
# name 16 = sal11: Salinity, Practical, 2 [PSU]
# name 17 = potemp068C: Potential Temperature [ITS-68, deg C]
# name 18 = potemp168C: Potential Temperature, 2 [ITS-68, deg C]
# name 19 = sigma-é00: Density [sigma-theta, Kg/m^3]
# name 20 = sigma-é11: Density, 2 [sigma-theta, Kg/m^3]
# name 21 = sbeox0ML/L: Oxygen, SBE 43 [ml/l], WS = 2
# name 22 = sbeox1ML/L: Oxygen, SBE 43, 2 [ml/l], WS = 2
# name 23 = nbin: number of scans per bin
# name 24 = flag: flag
# span 0 =      31862,      71278       
# span 1 =   1327.530,   2969.857       
# span 2 =      1.000,    908.000       
# span 3 =     1.1834,     8.1941       
# span 4 =   2.933282,   3.468076       
# span 5 =     1.1755,     8.1942       
# span 6 =   2.932669,   3.484598       
# span 7 =       5.42,     100.60       
# span 8 =     0.0076,     0.2369       
# span 9 =     2.5761,     3.5608       
# span 10 =     2.2737,     3.1213      
# span 11 =  29.883430,  34.630169      
# span 12 =  1.3783113,  8.2357273      
# span 13 =   47.90297,   47.90788      
# span 14 =  -46.06556,  -46.06187      
# span 15 =    33.1364,    34.9085      
# span 16 =    33.1359,    34.9078      
# span 17 =     1.1805,     8.1939      
# span 18 =     1.1726,     8.1941      
# span 19 =    25.8092,    27.7511      
# span 20 =    25.8087,    27.7505      
# span 21 =    6.23060,    7.79911      
# span 22 =    6.21921,    7.82698      
# span 23 =         14,         97      
# span 24 = 0.0000e+00, 0.0000e+00      
# interval = decibars: 1                
# start_time = Jul 10 2014 22:46:18 [NMEA time, header]
# bad_flag = -9.990e-29
*END*
[from data line 580]
      47479   1978.263    328.000     3.7308   3.230397     3.7281   3.230066      32.14     0.0192     2.8816     2.5298  33.521511  3.7325704   47.90486  -46.06314    34.8110    34.8100     3.7082     3.7055    27.6659    27.6654    6.65222    6.62153         26 0.0000e+00
      47506   1979.384    327.000     3.7229   3.229517     3.7218   3.229311      97.94     0.0172     2.8839     2.5304  33.520679  3.7326007   47.90486  -46.06314    34.8095    34.8082     3.7004     3.6993    27.6655    27.6646    6.65855    6.62001         28 0.0000e+00
      47534   1980.541    326.000     3.7149   3.228527     3.7160   3.228644      75.86     0.0140     2.8853     2.5320  33.520824  3.7326007   47.90486  -46.06314    34.8067    34.8069     3.6925     3.6936    27.6641    27.6641    6.65981    6.63521         27 0.0000e+00
      47559   1981.574    325.000     3.7060   3.227503     3.7105   3.227991      89.32     0.0162     2.8868     2.5338  33.521149  3.7303560   47.90486  -46.06314    34.8045    34.8055     3.6836     3.6882    27.6632    27.6635    6.66315    6.64582         22 0.0000e+00
      47581   1982.479    324.000     3.7020   3.226995     3.7053   3.227339      98.85     0.0152     2.8879     2.5358  33.532085  3.7226560   47.90487  -46.06314    34.8032    34.8038     3.6797     3.6830    27.6626    27.6627    6.67349    6.64997         21 0.0000e+00
      47601   1983.315    323.000     3.7002   3.226750     3.7022   3.226933      80.30     0.0204     2.8899     2.5369  33.526726  3.7228327   47.90488  -46.06314    34.8027    34.8028     3.6780     3.6800    27.6624    27.6622    6.67634    6.65035         20 0.0000e+00
      47620   1984.133    322.000     3.6982   3.226502     3.7005   3.226673      88.22     0.0216     2.8904     2.5382  33.521690  3.7136946   47.90488  -46.06316    34.8024    34.8020     3.6761     3.6784    27.6623    27.6618    6.66678    6.64966         20 0.0000e+00
      47640   1984.974    321.000     3.6939   3.226004     3.6978   3.226346      95.05     0.0208     2.8911     2.5386  33.518700  3.7125828   47.90488  -46.06316    34.8015    34.8015     3.6719     3.6758    27.6620    27.6616    6.67144    6.64114         20 0.0000e+00
      47662   1985.880    320.000     3.6889   3.225429     3.6931   3.225752      76.41     0.0210     2.8921     2.5387  33.521595  3.7075155   47.90488  -46.06316    34.8005    34.8000     3.6670     3.6711    27.6617    27.6609    6.67522    6.64396         23 0.0000e+00
      47686   1986.855    319.000     3.6844   3.224864     3.6876   3.225129      91.83     0.0202     2.8929     2.5393  33.518925  3.7032933   47.90489  -46.06316    34.7991    34.7989     3.6626     3.6665    27.6610    27.6606    6.67478    6.64990         24 0.0000e+00
      47710   1987.875    318.000     3.6815   3.224494     3.6843   3.224732      84.05     0.0180     2.8938     2.5405  33.522930  3.7032967   47.90490  -46.06316    34.7984    34.7982     3.6597     3.6625    27.6607    27.6603    6.67891    6.65717         25 0.0000e+00
      47735   1988.908    317.000     3.6789   3.224165     3.6815   3.224374      77.96     0.0190     2.8945     2.5412  33.519444  3.7032967   47.90490  -46.06316    34.7976    34.7974     3.6573     3.6598    27.6604    27.6600    6.67274    6.65043         25 0.0000e+00
      47760   1989.956    316.000     3.6775   3.223973     3.6794   3.224115      99.01     0.0142     2.8947     2.5412  33.518295  3.6974950   47.90490  -46.06317    34.7974    34.7971     3.6559     3.6578    27.6603    27.6599    6.67989    6.64521         24 0.0000e+00
      47783   1990.922    315.000     3.6766   3.223795     3.6774   3.223857      98.63     0.0140     2.8960     2.5410  33.516434  3.6934166   47.90490  -46.06318    34.7968    34.7966     3.6550     3.6559    27.6600    27.6597    6.68280    6.64749         22 0.0000e+00
      47804   1991.785    314.000     3.6747   3.223531     3.6761   3.223640      98.63     0.0180     2.8967     2.5417  33.516483  3.6935287   47.90491  -46.06318    34.7962    34.7961     3.6532     3.6546    27.6597    27.6594    6.68351    6.66154         20 0.0000e+00
      47824   1992.607    313.000     3.6737   3.223387     3.6744   3.223407      98.63     0.0184     2.8970     2.5432  33.516483  3.6935287   47.90492  -46.06318    34.7961    34.7955     3.6523     3.6530    27.6596    27.6591    6.68404    6.67390         20 0.0000e+00
      47844   1993.464    312.000     3.6728   3.223249     3.6733   3.223244      72.57     0.0151     2.8981     2.5452  33.516483  3.6926563   47.90492  -46.06318    34.7959    34.7953     3.6515     3.6520    27.6596    27.6591    6.68642    6.67542         22 0.0000e+00
      47868   1994.470    311.000     3.6707   3.222958     3.6720   3.223054      96.95     0.0155     2.8987     2.5459  33.516483  3.6840205   47.90492  -46.06318    34.7953    34.7950     3.6494     3.6507    27.6593    27.6590    6.68538    6.66150         27 0.0000e+00
      47897   1995.660    310.000     3.6680   3.222623     3.6695   3.222714      98.63     0.0162     2.8995     2.5463  33.510956  3.6837606   47.90492  -46.06319    34.7946    34.7941     3.6469     3.6483    27.6590    27.6585    6.68478    6.66848         29 0.0000e+00
      47923   1996.766    309.000     3.6662   3.222373     3.6672   3.222420      62.70     0.0172     2.8999     2.5474  33.501694  3.6837606   47.90493  -46.06320    34.7940    34.7936     3.6451     3.6461    27.6587    27.6583    6.68464    6.66770         23 0.0000e+00
      47945   1997.665    308.000     3.6659   3.222281     3.6660   3.222252      99.48     0.0171     2.8999     2.5472  33.502579  3.6837606   47.90494  -46.06320    34.7938    34.7934     3.6449     3.6450    27.6586    27.6582    6.68050    6.66276         20 0.0000e+00
      47964   1998.454    307.000     3.6656   3.222194     3.6656   3.222152      71.36     0.0140     2.9000     2.5477  33.501835  3.6837606   47.90494  -46.06320    34.7937    34.7932     3.6446     3.6446    27.6585    27.6581    6.68559    6.66844         19 0.0000e+00
      47983   1999.230    306.000     3.6651   3.222095     3.6650   3.222052      87.82     0.0092     2.9008     2.5481  33.501831  3.6837606   47.90494  -46.06320    34.7936    34.7931     3.6442     3.6442    27.6585    27.6581    6.68312    6.66666         19 0.0000e+00
      48002   2000.050    305.000     3.6644   3.221990     3.6645   3.221942      79.14     0.0111     2.9007     2.5481  33.501110  3.6770320   47.90494  -46.06320    34.7936    34.7929     3.6435     3.6437    27.6586    27.6580    6.68916    6.66868         20 0.0000e+00
      48024   2000.954    304.000     3.6637   3.221863     3.6637   3.221817      93.29     0.0114     2.9019     2.5493  33.499290  3.6748524   47.90494  -46.06320    34.7933    34.7927     3.6430     3.6430    27.6584    27.6579    6.68698    6.67549         23 0.0000e+00
      48048   2001.953    303.000     3.6635   3.221761     3.6633   3.221709      77.98     0.0113     2.9013     2.5498  33.478500  3.6774948   47.90495  -46.06320    34.7928    34.7925     3.6429     3.6426    27.6580    27.6578    6.68089    6.67128         25 0.0000e+00
      48074   2003.024    302.000     3.6636   3.221714     3.6633   3.221637      89.16     0.0154     2.9023     2.5503  33.466297  3.6796334   47.90496  -46.06322    34.7927    34.7921     3.6431     3.6427    27.6579    27.6575    6.68742    6.67270         26 0.0000e+00
      48100   2004.144    301.000     3.6637   3.221667     3.6634   3.221597      84.35     0.0179     2.9025     2.5507  33.469379  3.6753967   47.90496  -46.06322    34.7926    34.7921     3.6432     3.6429    27.6578    27.6574    6.68379    6.66843         28 0.0000e+00
      48127   2005.253    300.000     3.6635   3.221577     3.6633   3.221524      97.52     0.0171     2.9026     2.5508  33.463131  3.6739883   47.90496  -46.06322    34.7924    34.7919     3.6430     3.6429    27.6576    27.6572    6.68388    6.67312         25 0.0000e+00
      48152   2006.299    299.000     3.6633   3.221498     3.6630   3.221426      62.47     0.0182     2.9030     2.5518  33.461967  3.6739926   47.90496  -46.06322    34.7921    34.7915     3.6430     3.6427    27.6574    27.6570    6.68253    6.67725         25 0.0000e+00
      48176   2007.286    298.000     3.6634   3.221437     3.6630   3.221362      91.70     0.0189     2.9030     2.5521  33.461063  3.6739926   47.90498  -46.06322    34.7919    34.7913     3.6431     3.6427    27.6572    27.6568    6.68306    6.67057         23 0.0000e+00
      48198   2008.222    297.000     3.6634   3.221378     3.6630   3.221312      98.58     0.0211     2.9032     2.5519  33.463184  3.6713498   47.90498  -46.06322    34.7916    34.7912     3.6432     3.6428    27.6570    27.6567    6.68479    6.66289         22 0.0000e+00
      48220   2009.126    296.000     3.6633   3.221302     3.6631   3.221243      98.63     0.0189     2.9038     2.5514  33.463455  3.6716673   47.90498  -46.06322    34.7913    34.7909     3.6432     3.6429    27.6568    27.6565    6.69171    6.66749         21 0.0000e+00
      48242   2010.028    295.000     3.6630   3.221207     3.6629   3.221153      98.63     0.0161     2.9051     2.5522  33.461857  3.6708782   47.90498  -46.06322    34.7911    34.7906     3.6429     3.6428    27.6566    27.6562    6.69343    6.67625         22 0.0000e+00
      48263   2010.933    294.000     3.6619   3.221024     3.6619   3.220972      94.82     0.0149     2.9052     2.5530  33.462532  3.6691177   47.90498  -46.06322    34.7906    34.7900     3.6419     3.6419    27.6563    27.6558    6.68827    6.67840         22 0.0000e+00
      48285   2011.847    293.000     3.6605   3.220799     3.6602   3.220716      60.65     0.0144     2.9060     2.5536  33.459232  3.6695492   47.90498  -46.06322    34.7900    34.7893     3.6406     3.6402    27.6559    27.6555    6.68933    6.67888         22 0.0000e+00
      48308   2012.804    292.000     3.6589   3.220560     3.6587   3.220488      90.28     0.0198     2.9061     2.5546  33.457886  3.6707261   47.90499  -46.06323    34.7894    34.7887     3.6390     3.6389    27.6556    27.6551    6.69611    6.68300         24 0.0000e+00
      48333   2013.830    291.000     3.6580   3.220376     3.6575   3.220267      96.96     0.0166     2.9077     2.5554  33.460213  3.6665828   47.90500  -46.06324    34.7886    34.7879     3.6382     3.6377    27.6551    27.6546    6.70111    6.68776         25 0.0000e+00
      48358   2014.875    290.000     3.6580   3.220320     3.6573   3.220201      72.71     0.0147     2.9087     2.5570  33.461979  3.6661782   47.90500  -46.06324    34.7885    34.7879     3.6382     3.6376    27.6550    27.6546    6.69657    6.69344         25 0.0000e+00
      48383   2015.917    289.000     3.6582   3.220314     3.6576   3.220206      93.32     0.0158     2.9093     2.5576  33.461975  3.6646154   47.90500  -46.06324    34.7888    34.7881     3.6385     3.6380    27.6552    27.6547    6.69862    6.68424         25 0.0000e+00
      48408   2016.954    288.000     3.6575   3.220183     3.6574   3.220140      74.83     0.0157     2.9101     2.5578  33.463390  3.6642182   47.90501  -46.06325    34.7884    34.7880     3.6380     3.6379    27.6550    27.6547    6.69764    6.68471         24 0.0000e+00
      48431   2017.935    287.000     3.6559   3.219915     3.6562   3.219916      89.48     0.0207     2.9099     2.5586  33.460369  3.6642246   47.90502  -46.06326    34.7875    34.7872     3.6364     3.6367    27.6544    27.6542    6.69761    6.69302         23 0.0000e+00
      48454   2018.855    286.000     3.6546   3.219684     3.6547   3.219649      84.59     0.0201     2.9112     2.5594  33.455872  3.6642246   47.90502  -46.06326    34.7867    34.7862     3.6352     3.6352    27.6539    27.6535    6.69706    6.69103         22 0.0000e+00
      48475   2019.747    285.000     3.6533   3.219447     3.6530   3.219366      65.35     0.0162     2.9104     2.5597  33.455780  3.6642246   47.90502  -46.06326    34.7857    34.7851     3.6340     3.6337    27.6532    27.6528    6.69156    6.68966         21 0.0000e+00
      48496   2020.626    284.000     3.6522   3.219239     3.6518   3.219131      98.66     0.0163     2.9111     2.5602  33.457878  3.6642246   47.90502  -46.06326    34.7850    34.7841     3.6329     3.6325    27.6528    27.6521    6.69924    6.69286         21 0.0000e+00
      48518   2021.549    283.000     3.6510   3.219033     3.6507   3.218934      98.63     0.0168     2.9116     2.5606  33.454662  3.6642246   47.90502  -46.06326    34.7843    34.7835     3.6318     3.6315    27.6523    27.6517    6.70331    6.68994         23 0.0000e+00
      48542   2022.552    282.000     3.6493   3.218777     3.6489   3.218684      98.63     0.0124     2.9127     2.5608  33.443344  3.6642246   47.90503  -46.06326    34.7837    34.7829     3.6301     3.6298    27.6520    27.6514    6.70438    6.68942         26 0.0000e+00
      48569   2023.647    281.000     3.6466   3.218434     3.6469   3.218415      98.63     0.0129     2.9131     2.5611  33.447487  3.6642246   47.90504  -46.06326    34.7829    34.7824     3.6276     3.6278    27.6516    27.6512    6.69831    6.68917         27 0.0000e+00
      48595   2024.766    280.000     3.6450   3.218199     3.6450   3.218161      70.76     0.0120     2.9129     2.5610  33.451656  3.6642246   47.90504  -46.06327    34.7824    34.7820     3.6260     3.6260    27.6514    27.6510    6.69864    6.68809         26 0.0000e+00
      48620   2025.783    279.000     3.6442   3.218060     3.6441   3.218012      98.40     0.0148     2.9135     2.5614  33.447716  3.6638033   47.90504  -46.06328    34.7821    34.7817     3.6253     3.6252    27.6512    27.6509    6.70717    6.69335         23 0.0000e+00
      48642   2026.702    278.000     3.6435   3.217936     3.6432   3.217864      98.63     0.0183     2.9150     2.5619  33.443253  3.6632979   47.90504  -46.06328    34.7819    34.7813     3.6247     3.6244    27.6511    27.6507    6.71411    6.69213         21 0.0000e+00
      48663   2027.567    277.000     3.6431   3.217827     3.6428   3.217748      61.51     0.0138     2.9158     2.5621  33.444592  3.6610124   47.90504  -46.06328    34.7816    34.7809     3.6243     3.6240    27.6509    27.6504    6.70636    6.69320         21 0.0000e+00
      48684   2028.469    276.000     3.6419   3.217648     3.6414   3.217546      90.25     0.0139     2.9156     2.5627  33.446346  3.6546736   47.90504  -46.06328    34.7813    34.7805     3.6232     3.6227    27.6508    27.6502    6.70911    6.69708         23 0.0000e+00
      48710   2029.524    275.000     3.6405   3.217444     3.6404   3.217384      71.29     0.0163     2.9172     2.5633  33.444878  3.6544566   47.90504  -46.06328    34.7808    34.7802     3.6219     3.6218    27.6505    27.6500    6.71750    6.69479         27 0.0000e+00
      48737   2030.668    274.000     3.6391   3.217214     3.6389   3.217150      77.74     0.0130     2.9186     2.5637  33.443192  3.6544566   47.90506  -46.06328    34.7802    34.7796     3.6205     3.6203    27.6501    27.6497    6.72316    6.69627         26 0.0000e+00
      48761   2031.647    273.000     3.6378   3.216998     3.6377   3.216948      98.60     0.0121     2.9200     2.5642  33.443222  3.6544566   47.90506  -46.06328    34.7795    34.7790     3.6193     3.6192    27.6497    27.6493    6.72047    6.69766         22 0.0000e+00
      48781   2032.505    272.000     3.6348   3.216601     3.6347   3.216526      63.36     0.0118     2.9206     2.5646  33.443222  3.6544566   47.90506  -46.06328    34.7784    34.7777     3.6164     3.6162    27.6492    27.6486    6.72410    6.69812         20 0.0000e+00
