data/CTD/2014/CNV/u017a014.cnv
* Sea-Bird SBE 9 Data File:
* FileName = C:\CTD_ACQUISITION\2014017HUD\ctddata\017A014.hdr
* Software Version Seasave V 7.22.2
* Temperature SN = 5081
* Conductivity SN = 3561
* Number of Bytes Per Scan = 37
* Number of Voltage Words = 4
* Number of Scans Averaged by the Deck Unit = 1
* NMEA Latitude = 52 56.40 N
* NMEA Longitude = 051 13.45 W
* NMEA UTC (Time) = Jul 04 2014 02:09:23
* NMEA baud rate = 9600
** Ship: Hudson
** Cruise: HUD2014017
** Chief_Scientist: Blair Greenan
** Organization: BIO
** Area_of_Operation: Sackville Spur
** Station: 014
** Sounding:  2230
** Event_Comments: K8, 403048
# nquan = 25
# nvalues = 2426                        
# units = specified
# name 0 = scan: Scan Count
# name 1 = timeS: Time, Elapsed [seconds]
# name 2 = prDM: Pressure, Digiquartz [db]
# name 3 = t068C: Temperature [ITS-68, deg C]
# name 4 = c0S/m: Conductivity [S/m]
# name 5 = t168C: Temperature, 2 [ITS-68, deg C]
# name 6 = c1S/m: Conductivity, 2 [S/m]
# name 7 = altM: Altimeter [m]
# name 8 = flC: Fluorescence, Chelsea Aqua 3 Chl Con [ug/l]
# name 9 = sbeox0V: Oxygen raw, SBE 43 [V]
# name 10 = sbeox1V: Oxygen raw, SBE 43, 2 [V]
# name 11 = upoly0: Upoly 0, Optode 4330F - O2 D-Phase
# name 12 = upoly1: Upoly 1, Optode 4330F - O2 Temp
# name 13 = latitude: Latitude [deg]
# name 14 = longitude: Longitude [deg]
# name 15 = sal00: Salinity, Practical [PSU]
# name 16 = sal11: Salinity, Practical, 2 [PSU]
# name 17 = potemp068C: Potential Temperature [ITS-68, deg C]
# name 18 = potemp168C: Potential Temperature, 2 [ITS-68, deg C]
# name 19 = sigma-é00: Density [sigma-theta, Kg/m^3]
# name 20 = sigma-é11: Density, 2 [sigma-theta, Kg/m^3]
# name 21 = sbeox0ML/L: Oxygen, SBE 43 [ml/l], WS = 2
# name 22 = sbeox1ML/L: Oxygen, SBE 43, 2 [ml/l], WS = 2
# name 23 = nbin: number of scans per bin
# name 24 = flag: flag
# span 0 =      67716,     146639       
# span 1 =   2821.450,   6109.907       
# span 2 =      1.000,   2426.000       
# span 3 =     2.8610,     7.2567       
# span 4 =   3.192852,   3.462897       
# span 5 =     2.8599,     7.3491       
# span 6 =   3.192473,   3.478098       
# span 7 =       3.23,     106.24       
# span 8 =     0.0050,     0.2944       
# span 9 =     2.2155,     3.5043       
# span 10 =     1.9600,     3.0971      
# span 11 =  30.274582,  35.401077      
# span 12 =  2.8509533,  7.4434037      
# span 13 =   52.94004,   52.94390      
# span 14 =  -51.21547,  -51.21436      
# span 15 =    33.6342,    34.9158      
# span 16 =    33.6325,    34.9155      
# span 17 =     2.6710,     7.2552      
# span 18 =     2.6698,     7.3473      
# span 19 =    26.3156,    27.8444      
# span 20 =    26.3137,    27.8442      
# span 21 =    6.31710,    7.76261      
# span 22 =    6.26050,    7.86709      
# span 23 =          9,         92      
# span 24 = 0.0000e+00, 0.0000e+00      
# interval = decibars: 1                
# start_time = Jul 04 2014 02:09:23 [NMEA time, header]
# bad_flag = -9.990e-29
*END*
[from data line 290]
      74672   3111.289   2136.000     2.9199   3.243794     2.9202   3.243786      97.14     0.0178     2.2825     2.0097  35.256599  2.9120879   52.94054  -51.21510    34.9123    34.9118     2.7561     2.7564    27.8374    27.8370    6.41532    6.33043         21 0.0000e+00
      74692   3112.144   2135.000     2.9218   3.243913     2.9231   3.244005      42.52     0.0196     2.2834     2.0096  35.236671  2.9120879   52.94054  -51.21510    34.9122    34.9119     2.7581     2.7594    27.8371    27.8368    6.42032    6.33672         20 0.0000e+00
      74713   3113.005   2134.000     2.9223   3.243927     2.9256   3.244183      98.98     0.0211     2.2831     2.0100  35.245476  2.9120879   52.94054  -51.21510    34.9123    34.9119     2.7587     2.7619    27.8371    27.8365    6.41471    6.35049         21 0.0000e+00
      74733   3113.831   2133.000     2.9246   3.244102     2.9270   3.244275      98.63     0.0178     2.2840     2.0110  35.254654  2.9120879   52.94054  -51.21510    34.9124    34.9119     2.7611     2.7763    27.8370    27.8364    6.41935    6.35270         19 0.0000e+00
      74753   3114.646   2132.000     2.9269   3.244247     2.9277   3.244300      69.01     0.0175     2.2835     2.0112  35.253483  2.9120879   52.94054  -51.21510    34.9122    34.9120     2.7635     2.7642    27.8366    27.8364    6.41320    6.34638         20 0.0000e+00
      74775   3115.574   2131.000     2.9280   3.244318     2.9278   3.244263      46.57     0.0161     2.2841     2.0115  35.254410  2.9186358   52.94054  -51.21510    34.9124    34.9119     2.7646     2.7643    27.8367    27.8364    6.41191    6.34461         26 0.0000e+00
      74806   3116.895   2130.000     2.9276   3.244235     2.9278   3.244218      97.78     0.0168     2.2843     2.0119  35.252972  2.9210279   52.94054  -51.21510    34.9123    34.9118     2.7643     2.7645    27.8367    27.8363    6.41554    6.34450         37 0.0000e+00
      74839   3118.237   2129.000     2.9282   3.244231     2.9281   3.244200      47.47     0.0207     2.2842     2.0125  35.227367  2.9218869   52.94054  -51.21512    34.9120    34.9118     2.7650     2.7648    27.8364    27.8362    6.40703    6.34399         24 0.0000e+00
      74858   3119.047   2128.000     2.9288   3.244247     2.9287   3.244213      98.95     0.0126     2.2846     2.0123  35.229919  2.9218559   52.94054  -51.21512    34.9121    34.9118     2.7656     2.7655    27.8364    27.8361    6.41808    6.34162         17 0.0000e+00
      74874   3119.695   2127.000     2.9302   3.244343     2.9298   3.244276      98.63     0.0156     2.2848     2.0127  35.218311  2.9218559   52.94055  -51.21511    34.9122    34.9119     2.7671     2.7667    27.8363    27.8361    6.41156    6.34360         15 0.0000e+00
      74888   3120.302   2126.000     2.9314   3.244410     2.9312   3.244370      98.63     0.0181     2.2846     2.0127  35.226433  2.9218559   52.94056  -51.21510    34.9122    34.9120     2.7684     2.7682    27.8362    27.8360    6.41616    6.34436         14 0.0000e+00
      74903   3120.927   2125.000     2.9322   3.244448     2.9325   3.244441      39.56     0.0168     2.2855     2.0129  35.225300  2.9218559   52.94056  -51.21511    34.9123    34.9119     2.7693     2.7696    27.8363    27.8359    6.41969    6.34956         16 0.0000e+00
      74921   3121.651   2124.000     2.9331   3.244491     2.9333   3.244475      84.66     0.0143     2.2855     2.0134  35.218651  2.9218559   52.94056  -51.21512    34.9124    34.9120     2.7702     2.7704    27.8362    27.8359    6.41138    6.35286         20 0.0000e+00
      74952   3122.948   2123.000     2.9332   3.244461     2.9336   3.244456      58.38     0.0125     2.2859     2.0141  35.224506  2.9218559   52.94056  -51.21512    34.9124    34.9119     2.7704     2.7708    27.8362    27.8358    6.41667    6.34621         48 0.0000e+00
      74999   3124.920   2122.000     2.9318   3.244299     2.9307   3.244164      84.50     0.0151     2.2864     2.0142  35.238117  2.9218559   52.94056  -51.21512    34.9124    34.9119     2.7692     2.7681    27.8363    27.8360    6.40738    6.34142         31 0.0000e+00
      75019   3125.755   2121.000     2.9324   3.244286     2.9334   3.244349      98.72     0.0131     2.2861     2.0142  35.226406  2.9218559   52.94056  -51.21512    34.9121    34.9118     2.7698     2.7708    27.8360    27.8357    6.41250    6.34145         17 0.0000e+00
      75036   3126.458   2120.000     2.9347   3.244456     2.9348   3.244448      71.28     0.0096     2.2867     2.0142  35.226460  2.9218559   52.94056  -51.21512    34.9122    34.9120     2.7722     2.7723    27.8358    27.8357    6.41530    6.34034         17 0.0000e+00
      75052   3127.134   2119.000     2.9362   3.244545     2.9358   3.244492      34.08     0.0087     2.2865     2.0144  35.225296  2.9218559   52.94056  -51.21512    34.9122    34.9119     2.7737     2.7733    27.8357    27.8356    6.41118    6.34000         16 0.0000e+00
      75069   3127.815   2118.000     2.9366   3.244562     2.9361   3.244485      99.01     0.0095     2.2866     2.0143  35.230789  2.9218559   52.94056  -51.21512    34.9124    34.9120     2.7742     2.7738    27.8359    27.8355    6.41465    6.33790         16 0.0000e+00
      75086   3128.521   2117.000     2.9367   3.244527     2.9360   3.244426      98.64     0.0118     2.2873     2.0144  35.241352  2.9218559   52.94056  -51.21512    34.9123    34.9119     2.7745     2.7737    27.8358    27.8355    6.41437    6.33914         18 0.0000e+00
      75103   3129.263   2116.000     2.9367   3.244490     2.9358   3.244376      98.63     0.0140     2.2874     2.0144  35.225243  2.9218559   52.94056  -51.21512    34.9124    34.9120     2.7745     2.7737    27.8358    27.8356    6.41552    6.34212         18 0.0000e+00
      75123   3130.069   2115.000     2.9366   3.244439     2.9358   3.244334      40.87     0.0134     2.2878     2.0149  35.217644  2.9218559   52.94056  -51.21512    34.9124    34.9119     2.7745     2.7738    27.8358    27.8355    6.42112    6.34567         21 0.0000e+00
      75146   3131.048   2114.000     2.9365   3.244388     2.9361   3.244321      96.61     0.0135     2.2882     2.0151  35.220879  2.9246488   52.94056  -51.21512    34.9124    34.9119     2.7745     2.7742    27.8358    27.8355    6.41068    6.34266         27 0.0000e+00
      75180   3132.457   2113.000     2.9365   3.244353     2.9363   3.244296      73.00     0.0136     2.2884     2.0155  35.226635  2.9311180   52.94056  -51.21513    34.9124    34.9119     2.7746     2.7745    27.8358    27.8354    6.41822    6.34221         39 0.0000e+00
      75213   3133.840   2112.000     2.9364   3.244298     2.9364   3.244255      66.51     0.0189     2.2892     2.0157  35.221203  2.9316418   52.94056  -51.21514    34.9123    34.9118     2.7746     2.7746    27.8357    27.8353    6.42012    6.33969         25 0.0000e+00
      75235   3134.735   2111.000     2.9371   3.244317     2.9368   3.244260      77.48     0.0205     2.2895     2.0157  35.219032  2.9316239   52.94057  -51.21514    34.9123    34.9119     2.7754     2.7751    27.8357    27.8354    6.41653    6.33750         20 0.0000e+00
      75253   3135.511   2110.000     2.9375   3.244309     2.9366   3.244209      79.90     0.0174     2.2896     2.0157  35.222588  2.9316239   52.94058  -51.21514    34.9123    34.9119     2.7758     2.7750    27.8356    27.8354    6.41380    6.33561         18 0.0000e+00
      75272   3136.283   2109.000     2.9375   3.244282     2.9365   3.244159      50.38     0.0152     2.2899     2.0156  35.226868  2.9316239   52.94058  -51.21514    34.9123    34.9120     2.7760     2.7750    27.8357    27.8354    6.41328    6.33460         19 0.0000e+00
      75293   3137.172   2108.000     2.9377   3.244258     2.9368   3.244147      97.79     0.0148     2.2899     2.0156  35.223503  2.9316239   52.94058  -51.21514    34.9124    34.9120     2.7762     2.7754    27.8357    27.8354    6.41350    6.33632         24 0.0000e+00
      75318   3138.204   2107.000     2.9379   3.244222     2.9373   3.244145      97.15     0.0161     2.2902     2.0160  35.220234  2.9316239   52.94058  -51.21514    34.9122    34.9119     2.7765     2.7760    27.8355    27.8353    6.40957    6.34793         25 0.0000e+00
      75341   3139.156   2106.000     2.9390   3.244258     2.9403   3.244373      36.26     0.0173     2.2899     2.0168  35.223476  2.9316239   52.94058  -51.21514    34.9119    34.9120     2.7778     2.7790    27.8351    27.8351    6.41005    6.35201         20 0.0000e+00
      75360   3139.945   2105.000     2.9435   3.244628     2.9467   3.244925      99.19     0.0176     2.2903     2.0172  35.224266  2.9316239   52.94058  -51.21514    34.9121    34.9122     2.7822     2.7854    27.8349    27.8347    6.42257    6.34392         18 0.0000e+00
      75377   3140.677   2104.000     2.9492   3.245106     2.9511   3.245270      98.63     0.0192     2.2909     2.0173  35.227470  2.9316239   52.94058  -51.21514    34.9123    34.9122     2.7879     2.7898    27.8345    27.8343    6.41210    6.33809         18 0.0000e+00
      75396   3141.450   2103.000     2.9517   3.245304     2.9525   3.245345      75.16     0.0224     2.2908     2.0173  35.222179  2.9316239   52.94058  -51.21514    34.9125    34.9122     2.7905     2.7912    27.8345    27.8341    6.40610    6.34064         20 0.0000e+00
      75419   3142.402   2102.000     2.9531   3.245388     2.9523   3.245281      54.21     0.0216     2.2907     2.0176  35.217964  2.9316239   52.94058  -51.21514    34.9125    34.9120     2.7920     2.7912    27.8343    27.8340    6.40930    6.33437         26 0.0000e+00
      75448   3143.626   2101.000     2.9526   3.245306     2.9517   3.245191     100.31     0.0177     2.2915     2.0176  35.217102  2.9382610   52.94058  -51.21514    34.9125    34.9120     2.7916     2.7907    27.8344    27.8341    6.41623    6.33852         29 0.0000e+00
      75473   3144.682   2100.000     2.9521   3.245218     2.9512   3.245097      64.29     0.0200     2.2918     2.0178  35.216774  2.9415061   52.94058  -51.21514    34.9124    34.9119     2.7912     2.7903    27.8344    27.8340    6.40769    6.34167         22 0.0000e+00
      75493   3145.501   2099.000     2.9519   3.245153     2.9509   3.245031      68.77     0.0152     2.2913     2.0182  35.216118  2.9413919   52.94058  -51.21514    34.9123    34.9119     2.7911     2.7901    27.8343    27.8341    6.40237    6.34151         19 0.0000e+00
      75512   3146.289   2098.000     2.9518   3.245110     2.9511   3.245014      98.51     0.0162     2.2915     2.0184  35.216118  2.9413919   52.94058  -51.21514    34.9124    34.9121     2.7911     2.7903    27.8343    27.8341    6.41101    6.33924         19 0.0000e+00
      75534   3147.196   2097.000     2.9519   3.245080     2.9519   3.245044      94.45     0.0153     2.2919     2.0186  35.216118  2.9413919   52.94058  -51.21514    34.9125    34.9120     2.7912     2.7912    27.8344    27.8340    6.40734    6.33925         26 0.0000e+00
      75566   3148.524   2096.000     2.9523   3.245073     2.9522   3.245030      65.25     0.0192     2.2922     2.0185  35.216526  2.9413919   52.94060  -51.21514    34.9124    34.9120     2.7917     2.7916    27.8343    27.8340    6.41705    6.33397         36 0.0000e+00
      75596   3149.784   2095.000     2.9530   3.245071     2.9527   3.245021     100.14     0.0141     2.2928     2.0188  35.216099  2.9413919   52.94060  -51.21514    34.9122    34.9118     2.7925     2.7922    27.8340    27.8338    6.40936    6.34436         22 0.0000e+00
      75615   3150.567   2094.000     2.9535   3.245087     2.9529   3.245025      74.50     0.0160     2.2933     2.0194  35.216118  2.9413919   52.94060  -51.21514    34.9122    34.9121     2.7931     2.7926    27.8340    27.8340    6.42383    6.34864         18 0.0000e+00
      75631   3151.246   2093.000     2.9557   3.245223     2.9545   3.245124      39.31     0.0129     2.2940     2.0198  35.218060  2.9413919   52.94060  -51.21514    34.9122    34.9122     2.7953     2.7941    27.8338    27.8339    6.41181    6.35116         15 0.0000e+00
      75647   3151.908   2092.000     2.9560   3.245235     2.9553   3.245154      97.84     0.0098     2.2932     2.0202  35.216995  2.9413919   52.94060  -51.21514    34.9124    34.9121     2.7957     2.7951    27.8339    27.8338    6.40552    6.35044         17 0.0000e+00
      75664   3152.643   2091.000     2.9564   3.245235     2.9565   3.245221      57.80     0.0120     2.2938     2.0206  35.216892  2.9413919   52.94060  -51.21514    34.9124    34.9121     2.7962     2.7964    27.8339    27.8336    6.41884    6.34748         19 0.0000e+00
      75687   3153.593   2090.000     2.9570   3.245245     2.9578   3.245288      56.59     0.0168     2.2945     2.0210  35.217194  2.9431400   52.94060  -51.21515    34.9124    34.9121     2.7969     2.7977    27.8338    27.8335    6.41280    6.34348         27 0.0000e+00
      75716   3154.811   2089.000     2.9584   3.245319     2.9586   3.245323      70.25     0.0200     2.2943     2.0209  35.216621  2.9456615   52.94060  -51.21516    34.9123    34.9121     2.7984     2.7986    27.8336    27.8334    6.40943    6.33316         28 0.0000e+00
      75741   3155.815   2088.000     2.9595   3.245365     2.9606   3.245456      50.83     0.0162     2.2949     2.0207  35.216106  2.9512894   52.94060  -51.21516    34.9121    34.9121     2.7996     2.8006    27.8333    27.8332    6.41213    6.33381         21 0.0000e+00
      75759   3156.592   2087.000     2.9637   3.245685     2.9645   3.245772      78.62     0.0143     2.2947     2.0207  35.216118  2.9511600   52.94060  -51.21516    34.9120    34.9122     2.8038     2.8046    27.8329    27.8330    6.40852    6.33378         18 0.0000e+00
      75777   3157.328   2086.000     2.9673   3.245989     2.9686   3.246106      98.49     0.0183     2.2953     2.0208  35.216118  2.9511600   52.94060  -51.21516    34.9123    34.9124     2.8074     2.8087    27.8328    27.8327    6.41153    6.33520         17 0.0000e+00
      75796   3158.123   2085.000     2.9690   3.246128     2.9720   3.246354      98.63     0.0215     2.2953     2.0209  35.218204  2.9511600   52.94060  -51.21516    34.9126    34.9122     2.8092     2.8121    27.8329    27.8323    6.41222    6.33852         21 0.0000e+00
      75822   3159.222   2084.000     2.9712   3.246285     2.9731   3.246418      60.34     0.0225     2.2958     2.0212  35.216209  2.9514349   52.94061  -51.21516    34.9126    34.9122     2.8115     2.8133    27.8327    27.8322    6.40569    6.33668         34 0.0000e+00
      75862   3160.861   2083.000     2.9722   3.246320     2.9734   3.246394      61.83     0.0183     2.2956     2.0219  35.216118  2.9531255   52.94062  -51.21516    34.9125    34.9122     2.8125     2.8171    27.8325    27.8321    6.40782    6.34241         37 0.0000e+00
      75889   3161.999   2082.000     2.9734   3.246367     2.9739   3.246397      99.93     0.0158     2.2962     2.0221  35.216118  2.9611914   52.94062  -51.21516    34.9123    34.9121     2.8138     2.8142    27.8322    27.8320    6.41327    6.34287         21 0.0000e+00
      75908   3162.774   2081.000     2.9748   3.246455     2.9745   3.246413      98.63     0.0155     2.2963     2.0226  35.216118  2.9609280   52.94062  -51.21516    34.9124    34.9122     2.8153     2.8149    27.8321    27.8320    6.40410    6.34405         17 0.0000e+00
      75924   3163.444   2080.000     2.9757   3.246503     2.9754   3.246456      91.03     0.0119     2.2959     2.0229  35.216118  2.9609280   52.94062  -51.21516    34.9125    34.9122     2.8162     2.8159    27.8321    27.8320    6.39822    6.34023         16 0.0000e+00
