data/CTD/2014/CNV/u017a028.cnv
* Sea-Bird SBE 9 Data File:
* FileName = C:\CTD_ACQUISITION\2014017HUD\ctddata\017A028.hdr
* Software Version Seasave V 7.22.2
* Temperature SN = 5081
* Conductivity SN = 3561
* Number of Bytes Per Scan = 37
* Number of Voltage Words = 4
* Number of Scans Averaged by the Deck Unit = 1
* NMEA Latitude = 48 50.76 N
* NMEA Longitude = 045 44.71 W
* NMEA UTC (Time) = Jul 07 2014 02:20:34
* NMEA baud rate = 9600
** Ship: Hudson
** Cruise: HUD2014017
** Chief_Scientist: Blair Greenan
** Organization: BIO
** Area_of_Operation: Sackville Spur
** Station: 028
** Sounding:  2020
** Event_Comments: SS_26, 403163
# nquan = 25
# nvalues = 2087                        
# units = specified
# name 0 = scan: Scan Count
# name 1 = timeS: Time, Elapsed [seconds]
# name 2 = prDM: Pressure, Digiquartz [db]
# name 3 = t068C: Temperature [ITS-68, deg C]
# name 4 = c0S/m: Conductivity [S/m]
# name 5 = t168C: Temperature, 2 [ITS-68, deg C]
# name 6 = c1S/m: Conductivity, 2 [S/m]
# name 7 = altM: Altimeter [m]
# name 8 = flC: Fluorescence, Chelsea Aqua 3 Chl Con [ug/l]
# name 9 = sbeox0V: Oxygen raw, SBE 43 [V]
# name 10 = sbeox1V: Oxygen raw, SBE 43, 2 [V]
# name 11 = upoly0: Upoly 0, Optode 4330F - O2 D-Phase
# name 12 = upoly1: Upoly 1, Optode 4330F - O2 Temp
# name 13 = latitude: Latitude [deg]
# name 14 = longitude: Longitude [deg]
# name 15 = sal00: Salinity, Practical [PSU]
# name 16 = sal11: Salinity, Practical, 2 [PSU]
# name 17 = potemp068C: Potential Temperature [ITS-68, deg C]
# name 18 = potemp168C: Potential Temperature, 2 [ITS-68, deg C]
# name 19 = sigma-é00: Density [sigma-theta, Kg/m^3]
# name 20 = sigma-é11: Density, 2 [sigma-theta, Kg/m^3]
# name 21 = sbeox0ML/L: Oxygen, SBE 43 [ml/l], WS = 2
# name 22 = sbeox1ML/L: Oxygen, SBE 43, 2 [ml/l], WS = 2
# name 23 = nbin: number of scans per bin
# name 24 = flag: flag
# span 0 =      58659,     109213       
# span 1 =   2444.079,   4550.519       
# span 2 =      1.000,   2087.000       
# span 3 =     2.7706,     8.6710       
# span 4 =   3.108510,   3.567461       
# span 5 =     2.7513,     8.6655       
# span 6 =   3.106606,   3.566868       
# span 7 =       0.58,     104.87       
# span 8 =     0.0069,     0.3051       
# span 9 =     2.2858,     3.5540       
# span 10 =     2.0237,     3.1362      
# span 11 =  30.043087,  35.280041      
# span 12 =  2.8827839,  8.6025152      
# span 13 =   48.84816,   48.85096      
# span 14 =  -45.74186,  -45.74042      
# span 15 =    33.7162,    34.9162      
# span 16 =    33.7192,    34.9157      
# span 17 =     2.7523,     8.6704      
# span 18 =     2.7471,     8.6649      
# span 19 =    26.1683,    27.8379      
# span 20 =    26.1697,    27.8375      
# span 21 =    6.28724,    8.27240      
# span 22 =    6.18097,    8.25435      
# span 23 =         11,         74      
# span 24 = 0.0000e+00, 0.0000e+00      
# interval = decibars: 1                
# start_time = Jul 07 2014 02:20:34 [NMEA time, header]
# bad_flag = -9.990e-29
*END*
[from data line 464]
      69594   2899.710   1623.000     3.3897   3.264776     3.3890   3.264679      95.25     0.0176     2.4009     2.1134  34.967033  3.3809524   48.84880  -45.74148    34.9147    34.9143     3.2658     3.2651    27.7921    27.7918    6.31650    6.25695         14 0.0000e+00
      69608   2900.279   1622.000     3.3908   3.264835     3.3903   3.264750      23.36     0.0189     2.4016     2.1136  34.967033  3.3809524   48.84880  -45.74148    34.9148    34.9143     3.2670     3.2664    27.7920    27.7917    6.32036    6.25759         14 0.0000e+00
      69621   2900.830   1621.000     3.3914   3.264841     3.3912   3.264790      72.41     0.0164     2.4018     2.1135  34.962555  3.3809524   48.84880  -45.74148    34.9147    34.9144     3.2676     3.2674    27.7919    27.7917    6.32516    6.25632         13 0.0000e+00
      69635   2901.409   1620.000     3.3917   3.264839     3.3920   3.264828      98.31     0.0182     2.4021     2.1138  34.960224  3.3809524   48.84880  -45.74148    34.9149    34.9144     3.2680     3.2683    27.7920    27.7916    6.32409    6.25753         15 0.0000e+00
      69651   2902.086   1619.000     3.3924   3.264865     3.3936   3.264929      87.05     0.0206     2.4023     2.1139  34.962097  3.3809524   48.84880  -45.74148    34.9150    34.9144     3.2687     3.2700    27.7920    27.7915    6.32021    6.25820         18 0.0000e+00
      69677   2903.186   1618.000     3.3927   3.264860     3.3941   3.264922      96.66     0.0211     2.4025     2.1143  34.937176  3.3809524   48.84880  -45.74148    34.9150    34.9143     3.2692     3.2705    27.7920    27.7913    6.32197    6.26233         39 0.0000e+00
      69725   2905.171   1617.000     3.3914   3.264697     3.3910   3.264608      92.83     0.0223     2.4035     2.1152  34.935505  3.3832836   48.84880  -45.74148    34.9150    34.9143     3.2680     3.2698    27.7921    27.7916    6.31982    6.26120         45 0.0000e+00
      69761   2906.659   1616.000     3.3907   3.264579     3.3912   3.264564      98.68     0.0160     2.4036     2.1154  34.933132  3.3815501   48.84880  -45.74148    34.9149    34.9141     3.2673     3.2679    27.7921    27.7914    6.32112    6.25778         32 0.0000e+00
      69789   2907.844   1615.000     3.3913   3.264582     3.3922   3.264615      91.32     0.0154     2.4037     2.1154  34.937180  3.3809469   48.84880  -45.74148    34.9147    34.9142     3.2680     3.2689    27.7919    27.7914    6.32109    6.25754         25 0.0000e+00
      69812   2908.781   1614.000     3.3934   3.264739     3.3945   3.264781      94.91     0.0144     2.4042     2.1154  34.930332  3.3809524   48.84880  -45.74148    34.9148    34.9142     3.2702     3.2713    27.7918    27.7912    6.32542    6.25772         20 0.0000e+00
      69831   2909.569   1613.000     3.3953   3.264858     3.3952   3.264810      98.67     0.0149     2.4045     2.1157  34.926300  3.3809524   48.84880  -45.74148    34.9148    34.9143     3.2721     3.2720    27.7915    27.7912    6.32057    6.25979         18 0.0000e+00
      69848   2910.310   1612.000     3.3959   3.264890     3.3958   3.264824      98.63     0.0147     2.4045     2.1158  34.927143  3.3825743   48.84880  -45.74148    34.9150    34.9143     3.2728     3.2727    27.7916    27.7911    6.31806    6.26163         18 0.0000e+00
      69866   2911.045   1611.000     3.3967   3.264915     3.3964   3.264845      67.50     0.0129     2.4046     2.1164  34.937489  3.3905354   48.84882  -45.74148    34.9149    34.9144     3.2737     3.2735    27.7915    27.7911    6.31597    6.25973         18 0.0000e+00
      69884   2911.798   1610.000     3.3968   3.264896     3.3967   3.264830      92.38     0.0180     2.4047     2.1162  34.944111  3.3907204   48.84882  -45.74148    34.9150    34.9144     3.2740     3.2739    27.7916    27.7910    6.31929    6.25379         18 0.0000e+00
      69903   2912.575   1609.000     3.3971   3.264875     3.3977   3.264884      98.57     0.0170     2.4049     2.1162  34.930939  3.3907204   48.84882  -45.74148    34.9150    34.9145     3.2743     3.2749    27.7915    27.7910    6.31814    6.25299         19 0.0000e+00
      69922   2913.381   1608.000     3.3974   3.264863     3.3995   3.265002      98.64     0.0193     2.4049     2.1162  34.930012  3.3907204   48.84882  -45.74148    34.9150    34.9145     3.2747     3.2768    27.7915    27.7908    6.31890    6.25484         19 0.0000e+00
      69942   2914.219   1607.000     3.3984   3.264904     3.4006   3.265055      85.25     0.0153     2.4054     2.1164  34.930759  3.3907204   48.84882  -45.74148    34.9150    34.9145     3.2758     3.2779    27.7913    27.7907    6.32515    6.25892         21 0.0000e+00
      69964   2915.136   1606.000     3.3993   3.264951     3.4013   3.265084      98.51     0.0154     2.4059     2.1169  34.932823  3.3907204   48.84882  -45.74148    34.9150    34.9145     3.2768     3.2788    27.7913    27.7907    6.32249    6.26107         24 0.0000e+00
      69991   2916.247   1605.000     3.4013   3.265084     3.4023   3.265122      98.63     0.0184     2.4066     2.1172  34.933800  3.3913579   48.84882  -45.74148    34.9150    34.9144     3.2788     3.2798    27.7911    27.7905    6.32436    6.25968         30 0.0000e+00
      70028   2917.771   1604.000     3.3996   3.264902     3.4026   3.265112      89.58     0.0171     2.4070     2.1181  34.925240  3.3943138   48.84882  -45.74148    34.9151    34.9144     3.2772     3.2823    27.7913    27.7905    6.31975    6.26385         43 0.0000e+00
      70067   2919.437   1603.000     3.3977   3.264690     3.4020   3.265001      56.60     0.0174     2.4069     2.1186  34.933147  3.4007294   48.84882  -45.74148    34.9151    34.9143     3.2755     3.2796    27.7915    27.7904    6.31866    6.25836         33 0.0000e+00
      70094   2920.553   1602.000     3.4001   3.264838     3.4031   3.265058      89.16     0.0131     2.4075     2.1183  34.929649  3.4004884   48.84882  -45.74148    34.9148    34.9143     3.2779     3.2808    27.7910    27.7903    6.32396    6.24917         22 0.0000e+00
      70114   2921.385   1601.000     3.4039   3.265143     3.4041   3.265120      98.28     0.0147     2.4077     2.1181  34.927681  3.4004884   48.84882  -45.74148    34.9149    34.9145     3.2818     3.2819    27.7907    27.7904    6.32373    6.25492         19 0.0000e+00
      70132   2922.120   1600.000     3.4051   3.265213     3.4044   3.265105      91.13     0.0164     2.4079     2.1184  34.923965  3.4004884   48.84882  -45.74148    34.9150    34.9145     3.2830     3.2823    27.7907    27.7903    6.31417    6.25685         17 0.0000e+00
      70149   2922.822   1599.000     3.4052   3.265188     3.4046   3.265084      90.72     0.0172     2.4077     2.1184  34.928177  3.4004884   48.84882  -45.74148    34.9151    34.9145     3.2832     3.2826    27.7907    27.7903    6.31074    6.25890         17 0.0000e+00
      70166   2923.538   1598.000     3.4053   3.265152     3.4054   3.265121      88.44     0.0143     2.4076     2.1189  34.929104  3.4004884   48.84882  -45.74148    34.9151    34.9145     3.2834     3.2835    27.7907    27.7903    6.31730    6.26250         17 0.0000e+00
      70184   2924.304   1597.000     3.4056   3.265132     3.4071   3.265230      98.52     0.0121     2.4079     2.1191  34.925316  3.4004884   48.84882  -45.74148    34.9150    34.9146     3.2837     3.2853    27.7906    27.7901    6.31685    6.25862         20 0.0000e+00
      70205   2925.160   1596.000     3.4064   3.265167     3.4084   3.265296      98.63     0.0131     2.4083     2.1195  34.929596  3.4004884   48.84882  -45.74148    34.9151    34.9145     3.2846     3.2866    27.7906    27.7899    6.32260    6.26012         22 0.0000e+00
      70228   2926.136   1595.000     3.4074   3.265207     3.4088   3.265297      85.47     0.0134     2.4085     2.1197  34.928585  3.4004884   48.84882  -45.74148    34.9150    34.9145     3.2857     3.2871    27.7904    27.7899    6.31326    6.25546         24 0.0000e+00
      70253   2927.171   1594.000     3.4081   3.265220     3.4090   3.265264      98.70     0.0125     2.4085     2.1198  34.926586  3.4004884   48.84882  -45.74148    34.9149    34.9145     3.2865     3.2874    27.7903    27.7898    6.31661    6.26182         25 0.0000e+00
      70277   2928.160   1593.000     3.4093   3.265283     3.4112   3.265426      98.64     0.0118     2.4089     2.1208  34.926895  3.4004884   48.84882  -45.74148    34.9149    34.9146     3.2878     3.2896    27.7901    27.7897    6.32566    6.26661         23 0.0000e+00
      70301   2929.147   1592.000     3.4119   3.265478     3.4162   3.265844      77.59     0.0158     2.4099     2.1209  34.927174  3.4089131   48.84882  -45.74148    34.9149    34.9147     3.2904     3.2947    27.7899    27.7893    6.32169    6.25617         25 0.0000e+00
      70329   2930.327   1591.000     3.4167   3.265872     3.4198   3.266118      82.26     0.0197     2.4095     2.1209  34.927643  3.4102294   48.84882  -45.74149    34.9151    34.9147     3.2952     3.2983    27.7896    27.7889    6.30922    6.25627         32 0.0000e+00
      70362   2931.700   1590.000     3.4208   3.266190     3.4228   3.266355      91.90     0.0212     2.4098     2.1214  34.924900  3.4102564   48.84882  -45.74150    34.9149    34.9148     3.2994     3.3014    27.7890    27.7887    6.31543    6.26151         31 0.0000e+00
      70389   2932.849   1589.000     3.4246   3.266478     3.4305   3.267003      93.71     0.0206     2.4101     2.1219  34.925426  3.4102564   48.84882  -45.74150    34.9149    34.9149     3.3032     3.3090    27.7886    27.7881    6.31690    6.26500         25 0.0000e+00
      70413   2933.836   1588.000     3.4329   3.267175     3.4361   3.267467      98.65     0.0173     2.4100     2.1228  34.926266  3.4102564   48.84882  -45.74150    34.9149    34.9150     3.3116     3.3147    27.7878    27.7876    6.30157    6.26785         23 0.0000e+00
      70436   2934.787   1587.000     3.4383   3.267649     3.4405   3.267815      90.02     0.0148     2.4098     2.1231  34.926895  3.4178629   48.84882  -45.74150    34.9153    34.9149     3.3169     3.3192    27.7876    27.7871    6.31220    6.25872         23 0.0000e+00
      70458   2935.727   1586.000     3.4416   3.267897     3.4420   3.267916      91.78     0.0188     2.4106     2.1233  34.924416  3.4200196   48.84882  -45.74150    34.9153    34.9151     3.3203     3.3207    27.7873    27.7871    6.31619    6.25537         22 0.0000e+00
      70480   2936.625   1585.000     3.4425   3.267952     3.4430   3.267955      98.64     0.0181     2.4106     2.1233  34.923775  3.4246762   48.84882  -45.74150    34.9155    34.9149     3.3212     3.3218    27.7874    27.7869    6.31112    6.25746         21 0.0000e+00
      70500   2937.441   1584.000     3.4437   3.268010     3.4435   3.267956      33.11     0.0131     2.4114     2.1236  34.923073  3.4287233   48.84882  -45.74150    34.9153    34.9149     3.3226     3.3224    27.7871    27.7868    6.31614    6.26026         18 0.0000e+00
      70518   2938.191   1583.000     3.4442   3.268017     3.4442   3.267977      67.49     0.0111     2.4114     2.1238  34.923077  3.4292521   48.84882  -45.74150    34.9154    34.9149     3.3231     3.3232    27.7871    27.7867    6.31520    6.25835         18 0.0000e+00
      70535   2938.925   1582.000     3.4451   3.268056     3.4451   3.268008      98.12     0.0118     2.4118     2.1240  34.925480  3.4297833   48.84882  -45.74150    34.9154    34.9149     3.3242     3.3241    27.7870    27.7866    6.31963    6.25740         18 0.0000e+00
      70553   2939.667   1581.000     3.4458   3.268077     3.4462   3.268073      98.63     0.0137     2.4126     2.1241  34.923141  3.4297924   48.84882  -45.74150    34.9155    34.9149     3.3249     3.3253    27.7870    27.7866    6.31608    6.25714         18 0.0000e+00
      70572   2940.460   1580.000     3.4466   3.268106     3.4473   3.268130      91.33     0.0142     2.4126     2.1245  34.923077  3.4297924   48.84882  -45.74150    34.9155    34.9149     3.3257     3.3265    27.7869    27.7864    6.31033    6.25892         20 0.0000e+00
      70594   2941.372   1579.000     3.4472   3.268123     3.4483   3.268168      83.20     0.0189     2.4128     2.1247  34.923077  3.4297924   48.84882  -45.74150    34.9155    34.9148     3.3265     3.3276    27.7869    27.7863    6.31652    6.25510         24 0.0000e+00
      70622   2942.538   1578.000     3.4474   3.268101     3.4488   3.268173      98.03     0.0188     2.4134     2.1247  34.923077  3.4343464   48.84882  -45.74150    34.9155    34.9149     3.3268     3.3281    27.7868    27.7863    6.31637    6.25559         33 0.0000e+00
      70662   2944.205   1577.000     3.4460   3.267922     3.4485   3.268100      90.17     0.0135     2.4137     2.1251  34.923077  3.4393344   48.84883  -45.74150    34.9154    34.9149     3.3254     3.3279    27.7869    27.7862    6.30961    6.25722         45 0.0000e+00
      70700   2945.802   1576.000     3.4466   3.267927     3.4478   3.267992      98.92     0.0107     2.4141     2.1253  34.922554  3.4395678   48.84884  -45.74150    34.9153    34.9147     3.3261     3.3274    27.7867    27.7862    6.31386    6.25346         29 0.0000e+00
      70723   2946.764   1575.000     3.4486   3.268056     3.4485   3.268013      90.14     0.0120     2.4139     2.1256  34.923073  3.4395604   48.84884  -45.74150    34.9152    34.9147     3.3281     3.3281    27.7865    27.7861    6.31527    6.26074         20 0.0000e+00
      70742   2947.531   1574.000     3.4492   3.268087     3.4487   3.267998      85.66     0.0127     2.4147     2.1258  34.923077  3.4395604   48.84884  -45.74150    34.9154    34.9148     3.3289     3.3284    27.7866    27.7862    6.31914    6.25841         17 0.0000e+00
      70759   2948.232   1573.000     3.4495   3.268069     3.4491   3.267983      55.95     0.0139     2.4147     2.1260  34.923077  3.4395604   48.84884  -45.74152    34.9154    34.9148     3.3293     3.3288    27.7865    27.7861    6.31303    6.25330         16 0.0000e+00
      70776   2948.953   1572.000     3.4497   3.268048     3.4493   3.267958      85.06     0.0152     2.4152     2.1258  34.923077  3.4395604   48.84884  -45.74152    34.9154    34.9147     3.3296     3.3292    27.7865    27.7860    6.30884    6.24967         19 0.0000e+00
      70795   2949.762   1571.000     3.4499   3.268025     3.4499   3.267978      88.86     0.0133     2.4149     2.1258  34.923077  3.4395604   48.84884  -45.74152    34.9154    34.9148     3.3298     3.3298    27.7865    27.7860    6.31061    6.24990         21 0.0000e+00
      70818   2950.727   1570.000     3.4502   3.268007     3.4506   3.268007      90.54     0.0141     2.4153     2.1257  34.913929  3.4407039   48.84884  -45.74152    34.9154    34.9149     3.3302     3.3306    27.7864    27.7860    6.31359    6.24820         25 0.0000e+00
      70843   2951.746   1569.000     3.4507   3.268003     3.4509   3.267989      98.60     0.0174     2.4154     2.1256  34.909714  3.4408340   48.84884  -45.74152    34.9153    34.9149     3.3308     3.3310    27.7863    27.7859    6.30258    6.24890         23 0.0000e+00
      70864   2952.615   1568.000     3.4510   3.267999     3.4514   3.267976      94.94     0.0185     2.4151     2.1258  34.908440  3.4446599   48.84884  -45.74152    34.9154    34.9148     3.3312     3.3315    27.7863    27.7858    6.31420    6.25310         19 0.0000e+00
      70882   2953.380   1567.000     3.4517   3.268019     3.4515   3.267952      79.87     0.0196     2.4158     2.1261  34.908424  3.4481692   48.84884  -45.74152    34.9154    34.9148     3.3320     3.3318    27.7863    27.7858    6.31273    6.25327         18 0.0000e+00
