data/CTD/2014/CNV/u017a026.cnv
* Sea-Bird SBE 9 Data File:
* FileName = C:\CTD_ACQUISITION\2014017HUD\ctddata\017A026.hdr
* Software Version Seasave V 7.22.2
* Temperature SN = 5081
* Conductivity SN = 3561
* Number of Bytes Per Scan = 37
* Number of Voltage Words = 4
* Number of Scans Averaged by the Deck Unit = 1
* NMEA Latitude = 48 56.21 N
* NMEA Longitude = 045 49.60 W
* NMEA UTC (Time) = Jul 06 2014 21:24:33
* NMEA baud rate = 9600
** Ship: Hudson
** Cruise: HUD2014017
** Chief_Scientist: Blair Greenan
** Organization: BIO
** Area_of_Operation: Sackville Spur
** Station: 026
** Sounding:  2396
** Event_Comments: SS_28, 403145
# nquan = 25
# nvalues = 2502                        
# units = specified
# name 0 = scan: Scan Count
# name 1 = timeS: Time, Elapsed [seconds]
# name 2 = prDM: Pressure, Digiquartz [db]
# name 3 = t068C: Temperature [ITS-68, deg C]
# name 4 = c0S/m: Conductivity [S/m]
# name 5 = t168C: Temperature, 2 [ITS-68, deg C]
# name 6 = c1S/m: Conductivity, 2 [S/m]
# name 7 = altM: Altimeter [m]
# name 8 = flC: Fluorescence, Chelsea Aqua 3 Chl Con [ug/l]
# name 9 = sbeox0V: Oxygen raw, SBE 43 [V]
# name 10 = sbeox1V: Oxygen raw, SBE 43, 2 [V]
# name 11 = upoly0: Upoly 0, Optode 4330F - O2 D-Phase
# name 12 = upoly1: Upoly 1, Optode 4330F - O2 Temp
# name 13 = latitude: Latitude [deg]
# name 14 = longitude: Longitude [deg]
# name 15 = sal00: Salinity, Practical [PSU]
# name 16 = sal11: Salinity, Practical, 2 [PSU]
# name 17 = potemp068C: Potential Temperature [ITS-68, deg C]
# name 18 = potemp168C: Potential Temperature, 2 [ITS-68, deg C]
# name 19 = sigma-é00: Density [sigma-theta, Kg/m^3]
# name 20 = sigma-é11: Density, 2 [sigma-theta, Kg/m^3]
# name 21 = sbeox0ML/L: Oxygen, SBE 43 [ml/l], WS = 2
# name 22 = sbeox1ML/L: Oxygen, SBE 43, 2 [ml/l], WS = 2
# name 23 = nbin: number of scans per bin
# name 24 = flag: flag
# span 0 =      69861,     147291       
# span 1 =   2910.842,   6137.085       
# span 2 =      1.000,   2502.000       
# span 3 =     2.1856,     8.1207       
# span 4 =   3.042185,   3.505780       
# span 5 =     2.1848,     8.1314       
# span 6 =   3.042169,   3.506004       
# span 7 =       0.81,     103.23       
# span 8 =     0.0053,     0.3893       
# span 9 =     2.1947,     3.6972       
# span 10 =     1.9438,     3.2588      
# span 11 =  29.856676,  35.546692      
# span 12 =  2.1869688,  8.1373158      
# span 13 =   48.93864,   48.94076      
# span 14 =  -45.81395,  -45.80169      
# span 15 =    33.6387,    34.9189      
# span 16 =    33.6374,    34.9186      
# span 17 =     2.1826,     8.1197      
# span 18 =     2.1817,     8.1309      
# span 19 =    26.1883,    27.8660      
# span 20 =    26.1846,    27.8658      
# span 21 =    6.26346,    8.60951      
# span 22 =    6.20860,    8.73752      
# span 23 =         11,         98      
# span 24 = 0.0000e+00, 0.0000e+00      
# interval = decibars: 1                
# start_time = Jul 06 2014 21:24:33 [NMEA time, header]
# bad_flag = -9.990e-29
*END*
[from data line 116]
      73028   3042.809   2386.000     2.5987   3.225006     2.5991   3.225032      92.09     0.0132     2.2185     1.9618  35.480633  2.5794401   48.93890  -45.81350    34.9081    34.9080     2.4170     2.4174    27.8637    27.8636    6.44629    6.39840         23 0.0000e+00
      73066   3044.392   2385.000     2.5981   3.224929     2.5983   3.224915      95.63     0.0143     2.2191     1.9623  35.490475  2.5837955   48.93892  -45.81350    34.9082    34.9080     2.4166     2.4167    27.8638    27.8636    6.44550    6.40109         57 0.0000e+00
      73116   3046.479   2384.000     2.5964   3.224711     2.5969   3.224747      98.82     0.0164     2.2192     1.9626  35.494732  2.5884941   48.93892  -45.81350    34.9079    34.9078     2.4150     2.4155    27.8637    27.8636    6.44401    6.40120         32 0.0000e+00
      73141   3047.483   2383.000     2.5968   3.224707     2.5973   3.224751      98.64     0.0167     2.2194     1.9630  35.494507  2.5870755   48.93892  -45.81350    34.9080    34.9079     2.4154     2.4284    27.8637    27.8636    6.45297    6.40357         22 0.0000e+00
      73161   3048.349   2382.000     2.5983   3.224806     2.5990   3.224862      98.63     0.0158     2.2199     1.9632  35.494507  2.5843873   48.93894  -45.81350    34.9081    34.9080     2.4170     2.4177    27.8636    27.8635    6.44031    6.40287         20 0.0000e+00
      73181   3049.169   2381.000     2.6000   3.224924     2.5997   3.224892      98.64     0.0181     2.2196     1.9635  35.494507  2.5830557   48.93894  -45.81350    34.9081    34.9080     2.4187     2.4185    27.8636    27.8635    6.44372    6.39820         19 0.0000e+00
      73200   3049.970   2380.000     2.6006   3.224938     2.5999   3.224871      98.63     0.0166     2.2199     1.9631  35.494507  2.5872347   48.93894  -45.81350    34.9081    34.9080     2.4195     2.4188    27.8635    27.8635    6.44616    6.39054         19 0.0000e+00
      73220   3050.771   2379.000     2.6007   3.224918     2.6000   3.224837      66.12     0.0154     2.2199     1.9632  35.494507  2.5897458   48.93894  -45.81350    34.9082    34.9080     2.4197     2.4190    27.8635    27.8634    6.44025    6.39180         20 0.0000e+00
      73239   3051.584   2378.000     2.6007   3.224888     2.6000   3.224789      79.86     0.0167     2.2200     1.9630  35.494507  2.5897436   48.93894  -45.81350    34.9083    34.9078     2.4198     2.4191    27.8636    27.8633    6.44317    6.39735         19 0.0000e+00
      73259   3052.426   2377.000     2.6008   3.224848     2.6000   3.224752      98.84     0.0165     2.2203     1.9636  35.493801  2.5897436   48.93894  -45.81350    34.9082    34.9079     2.4200     2.4191    27.8635    27.8634    6.45199    6.40383         21 0.0000e+00
      73281   3053.333   2376.000     2.6010   3.224818     2.6002   3.224749      98.63     0.0170     2.2209     1.9637  35.493870  2.5897436   48.93894  -45.81348    34.9081    34.9081     2.4203     2.4195    27.8634    27.8635    6.44716    6.39776         23 0.0000e+00
      73309   3054.480   2375.000     2.6013   3.224815     2.6010   3.224768      98.64     0.0186     2.2213     1.9640  35.494076  2.5908029   48.93894  -45.81348    34.9082    34.9081     2.4207     2.4203    27.8634    27.8634    6.45143    6.39961         35 0.0000e+00
      73361   3056.684   2374.000     2.6012   3.224769     2.6012   3.224732      98.63     0.0190     2.2216     1.9642  35.493992  2.5967019   48.93894  -45.81348    34.9082    34.9078     2.4206     2.4206    27.8635    27.8632    6.44371    6.39362         58 0.0000e+00
      73398   3058.201   2373.000     2.6015   3.224731     2.6019   3.224751      92.19     0.0218     2.2228     1.9643  35.484310  2.5948007   48.93894  -45.81348    34.9080    34.9078     2.4210     2.4214    27.8632    27.8630    6.45985    6.39757         21 0.0000e+00
      73415   3058.924   2372.000     2.6035   3.224868     2.6033   3.224853       0.81     0.0191     2.2221     1.9643  35.481575  2.5927210   48.93895  -45.81348    34.9080    34.9080     2.4231     2.4229    27.8631    27.8631    6.44354    6.40207         16 0.0000e+00
      73430   3059.542   2371.000     2.6052   3.224986     2.6045   3.224922      97.39     0.0203     2.2228     1.9650  35.484741  2.5929997   48.93896  -45.81348    34.9081    34.9080     2.4248     2.4242    27.8630    27.8630    6.44745    6.40500         15 0.0000e+00
      73444   3060.124   2370.000     2.6062   3.225040     2.6053   3.224949      98.63     0.0162     2.2226     1.9650  35.479862  2.5972524   48.93896  -45.81348    34.9082    34.9080     2.4259     2.4250    27.8630    27.8629    6.44123    6.39731         13 0.0000e+00
      73458   3060.702   2369.000     2.6062   3.225006     2.6055   3.224929      98.64     0.0169     2.2228     1.9649  35.479855  2.5981994   48.93896  -45.81348    34.9082    34.9081     2.4260     2.4253    27.8630    27.8629    6.44421    6.39028         15 0.0000e+00
      73473   3061.335   2368.000     2.6060   3.224973     2.6057   3.224909      95.32     0.0216     2.2229     1.9649  35.479855  2.5994732   48.93896  -45.81348    34.9085    34.9080     2.4259     2.4256    27.8632    27.8628    6.44423    6.38777         16 0.0000e+00
      73492   3062.118   2367.000     2.6062   3.224942     2.6062   3.224915      83.71     0.0219     2.2230     1.9648  35.487564  2.5990832   48.93896  -45.81348    34.9084    34.9081     2.4261     2.4262    27.8631    27.8629    6.43825    6.38346         22 0.0000e+00
      73525   3063.485   2366.000     2.6064   3.224918     2.6061   3.224860      98.23     0.0208     2.2228     1.9644  35.492710  2.5994999   48.93896  -45.81348    34.9083    34.9080     2.4265     2.4262    27.8630    27.8628    6.44057    6.38632         44 0.0000e+00
      73563   3065.070   2365.000     2.6057   3.224808     2.6058   3.224791      98.63     0.0218     2.2231     1.9646  35.494587  2.5995116   48.93898  -45.81348    34.9082    34.9079     2.4259     2.4260    27.8630    27.8627    6.43906    6.39701         27 0.0000e+00
      73585   3066.000   2364.000     2.6063   3.224826     2.6074   3.224897      98.64     0.0229     2.2231     1.9652  35.489620  2.5995116   48.93898  -45.81348    34.9083    34.9079     2.4266     2.4277    27.8630    27.8626    6.45281    6.40122         21 0.0000e+00
      73610   3067.024   2363.000     2.6082   3.224961     2.6084   3.224951      98.64     0.0225     2.2237     1.9656  35.486645  2.5995116   48.93898  -45.81348    34.9083    34.9080     2.4285     2.4287    27.8629    27.8626    6.44246    6.39824         31 0.0000e+00
      73673   3069.667   2362.000     2.6067   3.224778     2.6058   3.224668      88.64     0.0184     2.2246     1.9666  35.474361  2.5995116   48.93898  -45.81347    34.9082    34.9079     2.4272     2.4263    27.8629    27.8627    6.45468    6.39855         50 0.0000e+00
      73701   3070.833   2361.000     2.6085   3.224861     2.6067   3.224717      98.96     0.0196     2.2248     1.9666  35.472366  2.5995116   48.93898  -45.81346    34.9078    34.9080     2.4290     2.4272    27.8624    27.8627    6.43796    6.39443         16 0.0000e+00
      73715   3071.402   2360.000     2.6100   3.224979     2.6092   3.224900      98.64     0.0226     2.2251     1.9667  35.473118  2.5995116   48.93898  -45.81346    34.9080    34.9080     2.4306     2.4298    27.8625    27.8625    6.44654    6.39501         13 0.0000e+00
      73727   3071.919   2359.000     2.6110   3.225030     2.6105   3.224982      98.64     0.0236     2.2251     1.9668  35.479889  2.5995116   48.93898  -45.81346    34.9081    34.9080     2.4316     2.4312    27.8624    27.8624    6.45078    6.39484         13 0.0000e+00
      73739   3072.422   2358.000     2.6119   3.225071     2.6117   3.225048      98.64     0.0238     2.2256     1.9667  35.479855  2.5995116   48.93898  -45.81346    34.9082    34.9081     2.4326     2.4324    27.8624    27.8624    6.44748    6.39643         12 0.0000e+00
      73752   3072.946   2357.000     2.6127   3.225108     2.6129   3.225123      98.64     0.0216     2.2254     1.9673  35.482056  2.5995116   48.93898  -45.81346    34.9082    34.9082     2.4335     2.4337    27.8624    27.8623    6.44652    6.39633         13 0.0000e+00
      73766   3073.526   2356.000     2.6133   3.225142     2.6136   3.225136      98.64     0.0199     2.2259     1.9670  35.479916  2.5995116   48.93898  -45.81346    34.9084    34.9081     2.4342     2.4345    27.8625    27.8622    6.45303    6.39233         15 0.0000e+00
      73783   3074.256   2355.000     2.6140   3.225168     2.6137   3.225120      79.06     0.0185     2.2262     1.9672  35.481846  2.5995116   48.93900  -45.81346    34.9084    34.9082     2.4350     2.4347    27.8624    27.8622    6.43998    6.39085         21 0.0000e+00
      73812   3075.465   2354.000     2.6139   3.225116     2.6135   3.225048      97.61     0.0158     2.2261     1.9673  35.479950  2.6004934   48.93900  -45.81348    34.9085    34.9081     2.4349     2.4345    27.8624    27.8622    6.44969    6.39441         38 0.0000e+00
      73850   3077.025   2353.000     2.6127   3.224965     2.6137   3.225033      98.49     0.0210     2.2270     1.9678  35.476742  2.6070552   48.93900  -45.81348    34.9084    34.9081     2.4338     2.4349    27.8625    27.8622    6.44545    6.39668         30 0.0000e+00
      73875   3078.081   2352.000     2.6141   3.225051     2.6169   3.225274      98.48     0.0195     2.2272     1.9681  35.478661  2.6022890   48.93900  -45.81347    34.9084    34.9081     2.4354     2.4381    27.8623    27.8619    6.45135    6.39838         24 0.0000e+00
      73900   3079.130   2351.000     2.6192   3.225451     2.6222   3.225690      98.44     0.0148     2.2274     1.9684  35.476742  2.5995531   48.93900  -45.81346    34.9083    34.9080     2.4405     2.4434    27.8618    27.8613    6.44231    6.39621         28 0.0000e+00
      73936   3080.624   2350.000     2.6190   3.225428     2.6210   3.225554      89.23     0.0178     2.2276     1.9688  35.474705  2.5995116   48.93900  -45.81346    34.9087    34.9080     2.4404     2.4424    27.8621    27.8615    6.44484    6.39550         45 0.0000e+00
      73975   3082.252   2349.000     2.6204   3.225473     2.6205   3.225520      98.85     0.0245     2.2280     1.9692  35.474415  2.6083038   48.93900  -45.81346    34.9082    34.9087     2.4418     2.4472    27.8617    27.8620    6.44670    6.39846         27 0.0000e+00
      73996   3083.127   2348.000     2.6280   3.226134     2.6304   3.226336      98.29     0.0203     2.2285     1.9694  35.476776  2.6108298   48.93900  -45.81344    34.9085    34.9085     2.4494     2.4518    27.8612    27.8610    6.44625    6.39628         19 0.0000e+00
      74014   3083.859   2347.000     2.6346   3.226687     2.6336   3.226587      98.20     0.0167     2.2281     1.9695  35.470657  2.6098840   48.93900  -45.81344    34.9087    34.9086     2.4560     2.4550    27.8608    27.8608    6.44273    6.39228         16 0.0000e+00
      74030   3084.561   2346.000     2.6360   3.226780     2.6354   3.226715      98.33     0.0135     2.2288     1.9696  35.470089  2.6092811   48.93900  -45.81344    34.9088    34.9086     2.4574     2.4569    27.8608    27.8607    6.43989    6.38964         18 0.0000e+00
      74049   3085.340   2345.000     2.6366   3.226794     2.6362   3.226743      98.28     0.0141     2.2284     1.9697  35.473206  2.6092796   48.93900  -45.81344    34.9089    34.9087     2.4581     2.4577    27.8608    27.8607    6.43930    6.38808         20 0.0000e+00
      74073   3086.323   2344.000     2.6375   3.226837     2.6373   3.226809      98.16     0.0186     2.2289     1.9695  35.454021  2.6175082   48.93900  -45.81344    34.9088    34.9087     2.4591     2.4589    27.8606    27.8606    6.44181    6.38252         27 0.0000e+00
      74099   3087.437   2343.000     2.6396   3.226938     2.6405   3.227057      98.14     0.0155     2.2287     1.9695  35.451084  2.6190751   48.93900  -45.81344    34.9083    34.9088     2.4613     2.4622    27.8600    27.8603    6.43761    6.38520         25 0.0000e+00
      74122   3088.358   2342.000     2.6440   3.227284     2.6448   3.227395      98.22     0.0185     2.2295     1.9695  35.450535  2.6280248   48.93902  -45.81344    34.9083    34.9088     2.4657     2.4664    27.8596    27.8600    6.44642    6.38360         19 0.0000e+00
      74140   3089.120   2341.000     2.6482   3.227671     2.6507   3.227882      98.03     0.0200     2.2295     1.9696  35.450550  2.6282830   48.93900  -45.81344    34.9090    34.9089     2.4698     2.4723    27.8599    27.8596    6.43256    6.39269         18 0.0000e+00
      74158   3089.856   2340.000     2.6522   3.227989     2.6530   3.228046      98.64     0.0173     2.2289     1.9701  35.450550  2.6282730   48.93901  -45.81344    34.9091    34.9089     2.4739     2.4747    27.8596    27.8594    6.43672    6.39468         18 0.0000e+00
      74177   3090.667   2339.000     2.6536   3.228093     2.6544   3.228131      98.10     0.0129     2.2299     1.9705  35.450550  2.6288023   48.93902  -45.81344    34.9092    34.9089     2.4754     2.4761    27.8596    27.8593    6.45095    6.38980         22 0.0000e+00
      74215   3092.249   2338.000     2.6540   3.228087     2.6544   3.228098      98.27     0.0159     2.2304     1.9706  35.451370  2.6333270   48.93902  -45.81344    34.9093    34.9090     2.4759     2.4763    27.8596    27.8593    6.44045    6.38317         63 0.0000e+00
      74270   3094.541   2337.000     2.6500   3.227679     2.6535   3.227962      51.75     0.0195     2.2310     1.9702  35.450447  2.6382954   48.93902  -45.81342    34.9090    34.9088     2.4721     2.4755    27.8597    27.8592    6.43810    6.37668         27 0.0000e+00
      74288   3095.299   2336.000     2.6552   3.228086     2.6618   3.228671      98.12     0.0150     2.2304     1.9704  35.450550  2.6385734   48.93902  -45.81342    34.9089    34.9090     2.4772     2.4837    27.8592    27.8587    6.43507    6.38952         18 0.0000e+00
      74305   3096.019   2335.000     2.6654   3.228946     2.6691   3.229292      98.63     0.0128     2.2312     1.9708  35.450550  2.6379750   48.93902  -45.81342    34.9090    34.9092     2.4873     2.4910    27.8583    27.8582    6.45160    6.39105         16 0.0000e+00
      74322   3096.710   2334.000     2.6724   3.229553     2.6732   3.229630      98.63     0.0164     2.2314     1.9713  35.450550  2.6362817   48.93902  -45.81341    34.9093    34.9093     2.4943     2.4951    27.8580    27.8579    6.43945    6.38800         17 0.0000e+00
      74340   3097.455   2333.000     2.6752   3.229778     2.6766   3.229895      98.63     0.0127     2.2317     1.9713  35.450550  2.6370382   48.93902  -45.81340    34.9095    34.9094     2.4972     2.4985    27.8579    27.8577    6.42561    6.37443         19 0.0000e+00
      74361   3098.338   2332.000     2.6776   3.229957     2.6793   3.230097      97.38     0.0156     2.2313     1.9710  35.450550  2.6385555   48.93904  -45.81340    34.9096    34.9094     2.4996     2.5013    27.8578    27.8575    6.42305    6.36088         24 0.0000e+00
      74387   3099.412   2331.000     2.6803   3.230146     2.6805   3.230156      96.56     0.0141     2.2310     1.9703  35.450550  2.6389654   48.93904  -45.81340    34.9095    34.9094     2.5023     2.5026    27.8575    27.8573    6.42579    6.36840         26 0.0000e+00
      74411   3100.408   2330.000     2.6815   3.230208     2.6819   3.230239      61.92     0.0176     2.2312     1.9704  35.450550  2.6578093   48.93904  -45.81340    34.9094    34.9094     2.5036     2.5040    27.8573    27.8572    6.43111    6.37355         21 0.0000e+00
