data/CTD/2014/CNV/u017a052.cnv
* Sea-Bird SBE 9 Data File:
* FileName = C:\CTD_ACQUISITION\2014017HUD\ctddata\017A052.hdr
* Software Version Seasave V 7.22.2
* Temperature SN = 5081
* Conductivity SN = 3561
* Number of Bytes Per Scan = 37
* Number of Voltage Words = 4
* Number of Scans Averaged by the Deck Unit = 1
* NMEA Latitude = 43 42.60 N
* NMEA Longitude = 059 07.70 W
* NMEA UTC (Time) = Jul 13 2014 07:26:46
* NMEA baud rate = 9600
** Ship: Hudson
** Cruise: HUD2014017
** Chief_Scientist: Blair Greenan
** Organization: BIO
** Area_of_Operation: Sackville Spur
** Station: 052
** Sounding:  245
** Event_Comments: LC1, 0
** Microcat calibration. No bottles.
# nquan = 25
# nvalues = 231                         
# units = specified
# name 0 = scan: Scan Count
# name 1 = timeS: Time, Elapsed [seconds]
# name 2 = prDM: Pressure, Digiquartz [db]
# name 3 = t068C: Temperature [ITS-68, deg C]
# name 4 = c0S/m: Conductivity [S/m]
# name 5 = t168C: Temperature, 2 [ITS-68, deg C]
# name 6 = c1S/m: Conductivity, 2 [S/m]
# name 7 = altM: Altimeter [m]
# name 8 = flC: Fluorescence, Chelsea Aqua 3 Chl Con [ug/l]
# name 9 = sbeox0V: Oxygen raw, SBE 43 [V]
# name 10 = sbeox1V: Oxygen raw, SBE 43, 2 [V]
# name 11 = upoly0: Upoly 0, Optode 4330F - O2 D-Phase
# name 12 = upoly1: Upoly 1, Optode 4330F - O2 Temp
# name 13 = latitude: Latitude [deg]
# name 14 = longitude: Longitude [deg]
# name 15 = sal00: Salinity, Practical [PSU]
# name 16 = sal11: Salinity, Practical, 2 [PSU]
# name 17 = potemp068C: Potential Temperature [ITS-68, deg C]
# name 18 = potemp168C: Potential Temperature, 2 [ITS-68, deg C]
# name 19 = sigma-é00: Density [sigma-theta, Kg/m^3]
# name 20 = sigma-é11: Density, 2 [sigma-theta, Kg/m^3]
# name 21 = sbeox0ML/L: Oxygen, SBE 43 [ml/l], WS = 2
# name 22 = sbeox1ML/L: Oxygen, SBE 43, 2 [ml/l], WS = 2
# name 23 = nbin: number of scans per bin
# name 24 = flag: flag
# span 0 =      19887,     138225       
# span 1 =    828.579,   5759.327       
# span 2 =      1.000,    231.000       
# span 3 =     3.5344,    13.4075       
# span 4 =   3.041895,   4.107758       
# span 5 =     3.5327,    13.4732       
# span 6 =   3.041426,   4.107820       
# span 7 =      19.46,     101.03       
# span 8 =     0.0104,     0.1615       
# span 9 =     2.1586,     3.4790       
# span 10 =     1.8647,     3.0548      
# span 11 =  29.278467,  37.642605      
# span 12 =  3.5755672,  11.680053      
# span 13 =   43.70345,   43.70926      
# span 14 =  -59.13642,  -59.12973      
# span 15 =    31.8768,    35.4365      
# span 16 =    31.8986,    35.4520      
# span 17 =     3.5322,    13.4074      
# span 18 =     3.5305,    13.4731      
# span 19 =    23.8948,    27.1459      
# span 20 =    23.8987,    27.1449      
# span 21 =    4.01529,    7.90401      
# span 22 =    3.81976,    7.94717      
# span 23 =         15,        109      
# span 24 = 0.0000e+00, 0.0000e+00      
# interval = decibars: 1                
# start_time = Jul 13 2014 07:26:46 [NMEA time, header]
# bad_flag = -9.990e-29
*END*
      19887    828.579    231.000     9.1803   3.746786     9.1804   3.746224      19.46     0.0171     2.2310     1.9437  37.407974  8.7262249   43.70926  -59.12973    35.0513    35.0454     9.1548     9.1549    27.1337    27.1291    4.17095    4.01676         72 0.0000e+00
      25167   1048.588    230.000     9.1438   3.743171     9.1400   3.742277      20.27     0.0200     2.2038     1.9136  37.517609  8.8195105   43.70894  -59.13029    35.0499    35.0444     9.1185     9.1147    27.1385    27.1348    4.11086    3.94133        109 0.0000e+00
      48431   2017.917    229.000     9.0701   3.735645     9.0702   3.735374      22.89     0.0155     2.1586     1.8647  37.638378  9.1077089   43.70739  -59.13260    35.0442    35.0413     9.0450     9.0451    27.1459    27.1436    4.01529    3.81976         38 0.0000e+00
      48227   2009.424    228.000     9.0718   3.735746     9.0711   3.735327      23.85     0.0158     2.1604     1.8682  37.642605  9.1050043   43.70740  -59.13258    35.0441    35.0404     9.0468     9.0465    27.1455    27.1427    4.02623    3.84018         36 0.0000e+00
      48263   2010.918    227.000     9.0686   3.735276     9.0671   3.734758      24.78     0.0202     2.1638     1.8732  37.641876  9.1050062   43.70740  -59.13258    35.0428    35.0388     9.0438     9.0423    27.1450    27.1421    4.04331    3.85640         34 0.0000e+00
      48292   2012.106    226.000     9.0663   3.734947     9.0654   3.734533      25.65     0.0210     2.1684     1.8763  37.634087  9.1050062   43.70740  -59.13258    35.0421    35.0386     9.0416     9.0407    27.1448    27.1422    4.05929    3.86147         22 0.0000e+00
      48311   2012.931    225.000     9.0657   3.734821     9.0657   3.734524      26.41     0.0176     2.1710     1.8786  37.629772  9.1065741   43.70740  -59.13258    35.0418    35.0387     9.0411     9.0411    27.1446    27.1423    4.06148    3.85749         19 0.0000e+00
      48329   2013.652    224.000     9.0660   3.734797     9.0661   3.734526      27.21     0.0159     2.1733     1.8785  37.622639  9.1095438   43.70739  -59.13258    35.0417    35.0388     9.0415     9.0416    27.1445    27.1422    4.06373    3.84708         17 0.0000e+00
      48346   2014.365    223.000     9.0665   3.734806     9.0662   3.734402      28.10     0.0178     2.1749     1.8782  37.625046  9.1084700   43.70738  -59.13258    35.0418    35.0379     9.0421     9.0418    27.1445    27.1415    4.05755    3.84734         17 0.0000e+00
      48366   2015.222    222.000     9.0663   3.734656     9.0725   3.735349      29.20     0.0168     2.1756     1.8786  37.615837  9.1070070   43.70738  -59.13258    35.0409    35.0421     9.0420     9.0482    27.1438    27.1437    4.05537    3.84931         25 0.0000e+00
      48401   2016.655    221.000     9.1196   3.739804     9.1479   3.744032      30.60     0.0206     2.1770     1.8787  37.600418  9.1213236   43.70738  -59.13259    35.0428    35.0592     9.0954     9.1235    27.1366    27.1449    4.05312    3.84530         44 0.0000e+00
      48440   2018.303    220.000     9.2137   3.749261     9.2350   3.752556      31.72     0.0229     2.1782     1.8808  37.575424  9.1656361   43.70738  -59.13260    35.0496    35.0630     9.1894     9.2106    27.1267    27.1337    4.04910    3.85001         30 0.0000e+00
      48464   2019.286    219.000     9.2611   3.754035     9.2801   3.756351      32.52     0.0201     2.1801     1.8813  37.563927  9.1636143   43.70738  -59.13260    35.0533    35.0587     9.2368     9.2558    27.1218    27.1230    4.05218    3.84179         20 0.0000e+00
      48482   2020.049    218.000     9.2844   3.756325     9.2929   3.757194      33.30     0.0169     2.1812     1.8826  37.560402  9.0382442   43.70738  -59.13260    35.0550    35.0554     9.2599     9.2687    27.1194    27.1183    4.04881    3.84853         17 0.0000e+00
      48499   2020.745    217.000     9.2912   3.756970     9.2943   3.757143      34.18     0.0160     2.1813     1.8838  37.558731  9.0412130   43.70738  -59.13260    35.0552    35.0540     9.2671     9.2702    27.1184    27.1170    4.04895    3.85292         17 0.0000e+00
      48516   2021.464    216.000     9.2926   3.757038     9.2990   3.757751      35.15     0.0172     2.1831     1.8854  37.514145  9.0601187   43.70738  -59.13260    35.0551    35.0562     9.2686     9.2750    27.1181    27.1179    4.05314    3.86144         18 0.0000e+00
      48537   2022.342    215.000     9.3025   3.758001     9.3162   3.759767      36.25     0.0190     2.1838     1.8880  37.509022  9.0657358   43.70738  -59.13260    35.0558    35.0608     9.2786     9.2922    27.1170    27.1187    4.05247    3.86352         25 0.0000e+00
      48572   2023.784    214.000     9.3401   3.761797     9.3553   3.763684      37.56     0.0186     2.1867     1.8901  37.476185  9.1623306   43.70738  -59.13260    35.0589    35.0636     9.3162     9.3314    27.1133    27.1144    4.06585    3.86557         44 0.0000e+00
      48609   2025.353    213.000     9.3867   3.766424     9.4059   3.769427      38.59     0.0222     2.1917     1.8948  37.461662  9.1093197   43.70738  -59.13260    35.0618    35.0742     9.3629     9.3820    27.1078    27.1144    4.07770    3.88209         27 0.0000e+00
      48631   2026.243    212.000     9.4303   3.770859     9.4499   3.773291      39.36     0.0167     2.1948     1.8975  37.457809  9.2431087   43.70738  -59.13262    35.0657    35.0717     9.4065     9.4261    27.1036    27.1051    4.07750    3.88449         18 0.0000e+00
      48648   2026.946    211.000     9.4547   3.773314     9.4667   3.774637      40.16     0.0174     2.1964     1.9000  37.451382  9.3184242   43.70738  -59.13262    35.0677    35.0697     9.4310     9.4430    27.1012    27.1007    4.07857    3.88898         16 0.0000e+00
      48664   2027.605    210.000     9.4670   3.774496     9.4789   3.775787      41.07     0.0167     2.1986     1.9020  37.433117  8.9125977   43.70737  -59.13262    35.0684    35.0701     9.4434     9.4553    27.0997    27.0991    4.08381    3.88836         16 0.0000e+00
      48681   2028.349    209.000     9.4801   3.775748     9.4920   3.777128      42.05     0.0180     2.2009     1.9034  37.432240  8.8980379   43.70736  -59.13262    35.0690    35.0716     9.4566     9.4685    27.0980    27.0980    4.08545    3.88876         20 0.0000e+00
      48705   2029.331    208.000     9.5028   3.777977     9.5203   3.780119      43.26     0.0207     2.2035     1.9059  37.387760  8.9226665   43.70736  -59.13262    35.0703    35.0754     9.4794     9.4968    27.0952    27.0963    4.08704    3.89240         28 0.0000e+00
      48735   2030.578    207.000     9.5377   3.781448     9.5530   3.783407      44.43     0.0192     2.2067     1.9082  37.366287  8.9506922   43.70736  -59.13262    35.0727    35.0780     9.5143     9.5296    27.0912    27.0928    4.09487    3.89430         30 0.0000e+00
      48764   2031.772    206.000     9.5695   3.784625     9.5804   3.785831      45.41     0.0182     2.2106     1.9111  37.326672  8.8639278   43.70736  -59.13262    35.0749    35.0767     9.5462     9.5571    27.0877    27.0873    4.09862    3.90040         29 0.0000e+00
      48794   2033.038    205.000     9.5916   3.786808     9.6000   3.787982      46.42     0.0207     2.2138     1.9138  37.321518  8.8063564   43.70736  -59.13262    35.0763    35.0803     9.5684     9.5768    27.0851    27.0868    4.10045    3.90736         32 0.0000e+00
      48833   2034.655    204.000     9.6314   3.790858     9.6459   3.793196      47.60     0.0227     2.2170     1.9193  37.306946  9.3848391   43.70736  -59.13262    35.0798    35.0898     9.6082     9.6227    27.0811    27.0865    4.10680    3.92810         44 0.0000e+00
      48871   2036.231    203.000     9.7003   3.797935     9.7304   3.801789      48.58     0.0205     2.2225     1.9265  37.284679  9.5030241   43.70736  -59.13262    35.0860    35.0964     9.6771     9.7072    27.0744    27.0775    4.12132    3.94879         29 0.0000e+00
      48894   2037.221    202.000     9.7522   3.803222     9.7730   3.805704      49.32     0.0235     2.2267     1.9317  37.282715  9.5131207   43.70736  -59.13262    35.0903    35.0956     9.7291     9.7498    27.0691    27.0697    4.13562    3.95588         21 0.0000e+00
      48915   2038.090    201.000     9.7828   3.806225     9.8001   3.808330      50.19     0.0233     2.2322     1.9354  37.278130  9.5204687   43.70734  -59.13264    35.0919    35.0967     9.7597     9.7771    27.0651    27.0659    4.14661    3.95008         22 0.0000e+00
      48962   2040.044    200.000     9.8369   3.811365     9.8499   3.813100      51.37     0.0226     2.2392     1.9383  37.197136  9.5925198   43.70734  -59.13264    35.0925    35.0977     9.8139     9.8269    27.0564    27.0583    4.14718    3.93785         44 0.0000e+00
      61602   2566.696    199.000     9.7977   3.807142     9.7917   3.806203      53.47     0.0179     2.2280     1.9244  36.952511  9.4454412   43.70662  -59.13351    35.0877    35.0837     9.7749     9.7690    27.0592    27.0571    4.10299    3.90027         74 0.0000e+00
      78851   3285.419    198.000     9.7853   3.806127     9.7849   3.805801      56.93     0.0143     2.2245     1.9233  36.922970  9.8514433   43.70559  -59.13461    35.0899    35.0868     9.7626     9.7625    27.0631    27.0607    4.10944    3.91347         38 0.0000e+00
      78426   3267.706    197.000     9.7858   3.806129     9.7864   3.805956      57.62     0.0170     2.2289     1.9291  36.928638  9.8356628   43.70562  -59.13458    35.0898    35.0875     9.7632     9.7638    27.0629    27.0610    4.12729    3.95189         25 0.0000e+00
      78450   3268.719    196.000     9.7880   3.806332     9.7902   3.806437      58.51     0.0168     2.2337     1.9360  36.928398  9.8340025   43.70562  -59.13458    35.0903    35.0892     9.7655     9.7677    27.0629    27.0616    4.14769    3.96913         22 0.0000e+00
      78471   3269.576    195.000     9.7928   3.806797     9.7964   3.806999      59.29     0.0135     2.2391     1.9402  36.925545  9.8338871   43.70562  -59.13458    35.0908    35.0894     9.7704     9.7740    27.0625    27.0607    4.16136    3.97002         21 0.0000e+00
      78492   3270.438    194.000     9.7994   3.807405     9.8084   3.808383      60.06     0.0119     2.2441     1.9441  36.923477  9.8352480   43.70562  -59.13458    35.0911    35.0924     9.7772     9.7861    27.0615    27.0610    4.17378    3.98283         21 0.0000e+00
      78515   3271.412    193.000     9.8213   3.809493     9.8483   3.813004      60.88     0.0202     2.2498     1.9495  36.917595  9.8448687   43.70562  -59.13458    35.0917    35.1015     9.7991     9.8261    27.0583    27.0614    4.17731    3.99895         26 0.0000e+00
      78544   3272.615    192.000     9.8805   3.815384     9.9026   3.817952      62.11     0.0224     2.2553     1.9563  36.910316  9.8536367   43.70562  -59.13458    35.0950    35.0999     9.8584     9.8804    27.0508    27.0509    4.18491    4.01868         30 0.0000e+00
      78572   3273.807    191.000     9.9226   3.819002     9.9418   3.821131      63.41     0.0185     2.2626     1.9661  36.875244  9.8959904   43.70562  -59.13459    35.0917    35.0949     9.9005     9.9197    27.0411    27.0403    4.21451    4.06678         26 0.0000e+00
      78594   3274.725    190.000     9.9536   3.821655     9.9686   3.823377      64.28     0.0208     2.2708     1.9773  36.875462  9.8966951   43.70562  -59.13460    35.0892    35.0924     9.9316     9.9465    27.0338    27.0337    4.24921    4.09765         20 0.0000e+00
      78613   3275.495    189.000     9.9711   3.823346     9.9811   3.824377      65.03     0.0212     2.2798     1.9847  36.857262  9.9236212   43.70562  -59.13460    35.0900    35.0909     9.9492     9.9592    27.0315    27.0304    4.28560    4.10399         17 0.0000e+00
      78630   3276.225    188.000     9.9816   3.824293     9.9884   3.824741      65.95     0.0199     2.2904     1.9910  36.857143  9.7889700   43.70562  -59.13460    35.0900    35.0880     9.9598     9.9666    27.0296    27.0269    4.31624    4.12559         18 0.0000e+00
      78650   3277.033    187.000     9.9884   3.824705     9.9959   3.825270      66.66     0.0189     2.3016     2.0004  36.830215  9.5926857   43.70562  -59.13460    35.0883    35.0866     9.9664     9.9742    27.0271    27.0244    4.33694    4.15396         21 0.0000e+00
      78676   3278.110    186.000    10.0044   3.825980    10.0196   3.827632      77.09     0.0167     2.3161     2.0108  36.799545  9.5862265   43.70562  -59.13460    35.0861    35.0882     9.9828     9.9980    27.0226    27.0216    4.36258    4.17055         32 0.0000e+00
      78711   3279.577    185.000    10.0506   3.830080    10.0817   3.834028      89.59     0.0171     2.3321     2.0234  36.752785  9.5814457   43.70561  -59.13460    35.0837    35.0938    10.0290    10.0601    27.0128    27.0154    4.37748    4.19024         34 0.0000e+00
      78740   3280.780    184.000    10.1332   3.837022    10.1681   3.840535      69.92     0.0144     2.3436     2.0309  36.743763  9.6553907   43.70560  -59.13460    35.0749    35.0769    10.1117    10.1466    26.9917    26.9873    4.39272    4.19046         24 0.0000e+00
      78761   3281.651    183.000    10.1758   3.840525    10.1919   3.841958      71.34     0.0186     2.3507     2.0357  36.709660  9.6784449   43.70560  -59.13460    35.0699    35.0689    10.1543    10.1704    26.9805    26.9769    4.39500    4.19167         19 0.0000e+00
      78779   3282.428    182.000    10.1898   3.841644    10.2000   3.842651      71.83     0.0195     2.3561     2.0386  36.710621  9.7314110   43.70560  -59.13460    35.0682    35.0686    10.1685    10.1786    26.9766    26.9752    4.39199    4.19591         19 0.0000e+00
      78798   3283.215    181.000    10.1995   3.842482    10.2107   3.843674      72.50     0.0167     2.3593     2.0422  36.642235  9.7407255   43.70560  -59.13460    35.0678    35.0691    10.1782    10.1894    26.9747    26.9737    4.38836    4.20274         20 0.0000e+00
      78819   3284.088    180.000    10.2124   3.843650    10.2217   3.844276      73.16     0.0172     2.3621     2.0452  36.615196  9.7961836   43.70560  -59.13460    35.0677    35.0652    10.1912    10.2006    26.9723    26.9688    4.39223    4.20316         22 0.0000e+00
      78844   3285.138    179.000    10.2217   3.844116    10.2258   3.844230      74.49     0.0159     2.3666     2.0480  36.528149  9.8556404   43.70560  -59.13460    35.0639    35.0611    10.2006    10.2047    26.9678    26.9649    4.40550    4.20857         28 0.0000e+00
      78875   3286.410    178.000    10.2322   3.844788    10.2394   3.845701      75.66     0.0164     2.3721     2.0530  36.466824  10.069808   43.70560  -59.13460    35.0611    35.0634    10.2112    10.2185    26.9637    26.9642    4.42017    4.23601         32 0.0000e+00
      78905   3287.656    177.000    10.2489   3.846480    10.2544   3.847099      88.47     0.0205     2.3783     2.0600  36.380173  9.9023027   43.70560  -59.13460    35.0626    35.0636    10.2281    10.2335    26.9619    26.9617    4.43185    4.25234         27 0.0000e+00
      78928   3288.620    176.000    10.2589   3.847512    10.2650   3.848150      97.56     0.0144     2.3827     2.0648  36.378696  10.025113   43.70560  -59.13461    35.0639    35.0645    10.2382    10.2442    26.9612    26.9606    4.44263    4.26221         20 0.0000e+00
      78947   3289.407    175.000    10.2675   3.848382    10.2731   3.848991      79.24     0.0184     2.3871     2.0686  36.297619  10.180017   43.70560  -59.13462    35.0649    35.0656    10.2468    10.2525    26.9605    26.9601    4.45303    4.27267         18 0.0000e+00
