data/CTD/2014/CNV/u017a012.cnv
* Sea-Bird SBE 9 Data File:
* FileName = C:\CTD_ACQUISITION\2014017HUD\ctddata\017A012.hdr
* Software Version Seasave V 7.22.2
* Temperature SN = 5081
* Conductivity SN = 3561
* Number of Bytes Per Scan = 37
* Number of Voltage Words = 4
* Number of Scans Averaged by the Deck Unit = 1
* NMEA Latitude = 52 48.96 N
* NMEA Longitude = 051 41.79 W
* NMEA UTC (Time) = Jul 03 2014 21:58:08
* NMEA baud rate = 9600
** Ship: Hudson
** Cruise: HUD2014017
** Chief_Scientist: Blair Greenan
** Organization: BIO
** Area_of_Operation: Sackville Spur
** Station: 012
** Sounding:  783
** Event_Comments: C3, 403023
# nquan = 25
# nvalues = 815                         
# units = specified
# name 0 = scan: Scan Count
# name 1 = timeS: Time, Elapsed [seconds]
# name 2 = prDM: Pressure, Digiquartz [db]
# name 3 = t068C: Temperature [ITS-68, deg C]
# name 4 = c0S/m: Conductivity [S/m]
# name 5 = t168C: Temperature, 2 [ITS-68, deg C]
# name 6 = c1S/m: Conductivity, 2 [S/m]
# name 7 = altM: Altimeter [m]
# name 8 = flC: Fluorescence, Chelsea Aqua 3 Chl Con [ug/l]
# name 9 = sbeox0V: Oxygen raw, SBE 43 [V]
# name 10 = sbeox1V: Oxygen raw, SBE 43, 2 [V]
# name 11 = upoly0: Upoly 0, Optode 4330F - O2 D-Phase
# name 12 = upoly1: Upoly 1, Optode 4330F - O2 Temp
# name 13 = latitude: Latitude [deg]
# name 14 = longitude: Longitude [deg]
# name 15 = sal00: Salinity, Practical [PSU]
# name 16 = sal11: Salinity, Practical, 2 [PSU]
# name 17 = potemp068C: Potential Temperature [ITS-68, deg C]
# name 18 = potemp168C: Potential Temperature, 2 [ITS-68, deg C]
# name 19 = sigma-é00: Density [sigma-theta, Kg/m^3]
# name 20 = sigma-é11: Density, 2 [sigma-theta, Kg/m^3]
# name 21 = sbeox0ML/L: Oxygen, SBE 43 [ml/l], WS = 2
# name 22 = sbeox1ML/L: Oxygen, SBE 43, 2 [ml/l], WS = 2
# name 23 = nbin: number of scans per bin
# name 24 = flag: flag
# span 0 =      27306,      63594       
# span 1 =   1137.706,   2649.708       
# span 2 =      1.000,    815.000       
# span 3 =    -0.2680,     3.9042       
# span 4 =   2.783067,   3.244019       
# span 5 =    -0.2601,     3.9039       
# span 6 =   2.782294,   3.243864       
# span 7 =       4.40,     102.76       
# span 8 =     0.0084,     0.6125       
# span 9 =     2.7534,     3.6233       
# span 10 =     2.4353,     3.2054      
# span 11 =  30.607109,  34.077435      
# span 12 = -0.2462059,  3.8988295      
# span 13 =   52.81374,   52.81548      
# span 14 =  -51.69192,  -51.68723      
# span 15 =    32.3435,    34.8507      
# span 16 =    32.3511,    34.8490      
# span 17 =    -0.2688,     3.8921      
# span 18 =    -0.2609,     3.8918      
# span 19 =    25.8286,    27.7140      
# span 20 =    25.8360,    27.7126      
# span 21 =    6.66864,    9.46676      
# span 22 =    6.65022,    9.53606      
# span 23 =          9,         86      
# span 24 = 0.0000e+00, 0.0000e+00      
# interval = decibars: 1                
# start_time = Jul 03 2014 21:58:08 [NMEA time, header]
# bad_flag = -9.990e-29
*END*
[from data line 348]
      38238   1593.217    467.000     3.6558   3.231911     3.6561   3.231786      52.38     0.0175     2.8728     2.5292  33.351192  3.6544566   52.81424  -51.69084    34.8342    34.8324     3.6234     3.6237    27.6929    27.6915    6.74391    6.74723         28 0.0000e+00
      38269   1594.491    466.000     3.6558   3.231858     3.6560   3.231729      77.83     0.0219     2.8731     2.5303  33.348228  3.6550446   52.81424  -51.69084    34.8342    34.8324     3.6234     3.6236    27.6929    27.6914    6.74437    6.75068         33 0.0000e+00
      38300   1595.797    465.000     3.6560   3.231827     3.6561   3.231685      70.60     0.0143     2.8737     2.5306  33.347134  3.6544342   52.81424  -51.69084    34.8341    34.8323     3.6237     3.6238    27.6928    27.6914    6.74894    6.74203         27 0.0000e+00
      38323   1596.766    464.000     3.6562   3.231797     3.6565   3.231679      71.08     0.0124     2.8737     2.5302  33.344975  3.2083735   52.81424  -51.69084    34.8341    34.8323     3.6239     3.6243    27.6928    27.6913    6.74769    6.73343         20 0.0000e+00
      38342   1597.537    463.000     3.6567   3.231797     3.6569   3.231668      54.63     0.0161     2.8747     2.5296  33.344723  2.9930463   52.81424  -51.69084    34.8340    34.8323     3.6246     3.6248    27.6927    27.6912    6.75336    6.73864         18 0.0000e+00
      38360   1598.281    462.000     3.6572   3.231798     3.6576   3.231692      97.56     0.0159     2.8749     2.5302  33.343758  3.0602999   52.81424  -51.69084    34.8341    34.8324     3.6251     3.6255    27.6927    27.6913    6.74676    6.75025         19 0.0000e+00
      38380   1599.137    461.000     3.6576   3.231795     3.6582   3.231696      39.93     0.0148     2.8752     2.5312  33.348766  3.0295548   52.81424  -51.69084    34.8341    34.8323     3.6256     3.6273    27.6926    27.6911    6.75062    6.74696         23 0.0000e+00
      38407   1600.241    460.000     3.6577   3.231764     3.6584   3.231664      75.79     0.0151     2.8762     2.5309  33.349564  3.0907001   52.81426  -51.69084    34.8342    34.8323     3.6257     3.6264    27.6927    27.6911    6.75174    6.73687         28 0.0000e+00
      38433   1601.354    459.000     3.6577   3.231710     3.6582   3.231603      96.20     0.0167     2.8764     2.5311  33.350643  3.1555097   52.81426  -51.69084    34.8341    34.8323     3.6258     3.6263    27.6926    27.6911    6.74872    6.74454         25 0.0000e+00
      38456   1602.288    458.000     3.6576   3.231651     3.6572   3.231450      35.05     0.0173     2.8769     2.5315  33.349037  3.6623538   52.81426  -51.69084    34.8340    34.8320     3.6258     3.6255    27.6925    27.6910    6.75189    6.74743         21 0.0000e+00
      38477   1603.157    457.000     3.6568   3.231515     3.6565   3.231311      97.90     0.0196     2.8773     2.5323  33.349724  3.6642246   52.81426  -51.69084    34.8338    34.8317     3.6251     3.6248    27.6924    27.6908    6.74981    6.75170         21 0.0000e+00
      38498   1604.027    456.000     3.6563   3.231413     3.6564   3.231257      97.83     0.0200     2.8776     2.5330  33.349731  3.2532520   52.81426  -51.69084    34.8336    34.8316     3.6247     3.6248    27.6923    27.6907    6.75087    6.75186         21 0.0000e+00
      38520   1604.942    455.000     3.6562   3.231349     3.6565   3.231213      48.71     0.0185     2.8779     2.5337  33.348957  3.2312965   52.81426  -51.69084    34.8335    34.8316     3.6247     3.6249    27.6922    27.6907    6.75526    6.74883         23 0.0000e+00
      38544   1605.958    454.000     3.6562   3.231297     3.6563   3.231155      88.32     0.0149     2.8788     2.5335  33.346348  3.3609886   52.81426  -51.69084    34.8335    34.8316     3.6247     3.6259    27.6922    27.6907    6.75527    6.73737         26 0.0000e+00
      38572   1607.114    453.000     3.6561   3.231239     3.6562   3.231081      63.38     0.0157     2.8800     2.5329  33.342194  3.1604106   52.81426  -51.69084    34.8334    34.8314     3.6246     3.6247    27.6922    27.6906    6.75794    6.74319         28 0.0000e+00
      38598   1608.217    452.000     3.6559   3.231158     3.6557   3.230976      24.62     0.0201     2.8801     2.5339  33.340618  2.9634645   52.81426  -51.69084    34.8332    34.8312     3.6245     3.6244    27.6920    27.6904    6.75111    6.75951         24 0.0000e+00
      38620   1609.125    451.000     3.6555   3.231065     3.6551   3.230853      98.69     0.0219     2.8802     2.5354  33.340660  2.9409177   52.81428  -51.69084    34.8330    34.8309     3.6242     3.6238    27.6919    27.6902    6.76134    6.76387         21 0.0000e+00
      38640   1609.943    450.000     3.6547   3.230920     3.6544   3.230700      98.35     0.0193     2.8817     2.5367  33.337631  2.9636016   52.81428  -51.69084    34.8326    34.8304     3.6235     3.6232    27.6916    27.6899    6.76205    6.77156         19 0.0000e+00
      38660   1610.782    449.000     3.6541   3.230790     3.6532   3.230530      54.62     0.0153     2.8818     2.5385  33.339245  2.9674008   52.81428  -51.69084    34.8323    34.8301     3.6229     3.6221    27.6915    27.6898    6.75920    6.77569         21 0.0000e+00
      38684   1611.789    448.000     3.6533   3.230664     3.6506   3.230209      74.55     0.0178     2.8826     2.5395  33.340630  2.9617574   52.81428  -51.69084    34.8322    34.8296     3.6223     3.6196    27.6914    27.6896    6.75876    6.76881         28 0.0000e+00
      38714   1613.026    447.000     3.6523   3.230509     3.6477   3.229855      96.88     0.0174     2.8831     2.5404  33.345566  2.9651766   52.81428  -51.69084    34.8319    34.8290     3.6213     3.6167    27.6913    27.6895    6.76312    6.76321         30 0.0000e+00
      38740   1614.112    446.000     3.6488   3.230114     3.6455   3.229588      32.67     0.0131     2.8843     2.5401  33.349842  2.9928207   52.81428  -51.69084    34.8314    34.8287     3.6179     3.6146    27.6913    27.6894    6.76469    6.75521         21 0.0000e+00
      38759   1614.923    445.000     3.6462   3.229770     3.6443   3.229413      95.46     0.0125     2.8840     2.5398  33.343719  2.9565165   52.81428  -51.69084    34.8307    34.8284     3.6154     3.6135    27.6909    27.6893    6.76390    6.75955         18 0.0000e+00
      38776   1615.619    444.000     3.6442   3.229527     3.6439   3.229320      98.74     0.0138     2.8852     2.5401  33.340591  2.9323099   52.81428  -51.69084    34.8304    34.8283     3.6135     3.6131    27.6908    27.6892    6.76900    6.76901         16 0.0000e+00
      38793   1616.315    443.000     3.6438   3.229428     3.6436   3.229248      94.78     0.0195     2.8854     2.5410  33.340660  2.9844522   52.81428  -51.69084    34.8302    34.8282     3.6132     3.6130    27.6907    27.6892    6.76469    6.77474         18 0.0000e+00
      38812   1617.145    442.000     3.6435   3.229355     3.6434   3.229175      36.92     0.0171     2.8857     2.5420  33.344383  2.9449706   52.81428  -51.69084    34.8302    34.8281     3.6129     3.6128    27.6907    27.6891    6.76201    6.77293         23 0.0000e+00
      38843   1618.435    441.000     3.6433   3.229288     3.6433   3.229116      74.64     0.0185     2.8860     2.5422  33.345894  2.9650519   52.81428  -51.69084    34.8301    34.8281     3.6128     3.6128    27.6907    27.6891    6.76104    6.76231         39 0.0000e+00
      38880   1619.938    440.000     3.6435   3.229259     3.6434   3.229084      49.72     0.0167     2.8866     2.5421  33.346035  2.9323030   52.81428  -51.69084    34.8301    34.8281     3.6131     3.6138    27.6907    27.6891    6.77219    6.76763         30 0.0000e+00
      38904   1620.964    439.000     3.6435   3.229199     3.6437   3.229045      94.85     0.0173     2.8876     2.5429  33.339775  2.9225709   52.81430  -51.69084    34.8299    34.8279     3.6132     3.6133    27.6905    27.6889    6.77126    6.77408         20 0.0000e+00
      38923   1621.747    438.000     3.6445   3.229210     3.6448   3.229088      98.74     0.0181     2.8886     2.5438  33.327358  2.9340410   52.81430  -51.69084    34.8295    34.8277     3.6142     3.6145    27.6901    27.6886    6.77084    6.77287         18 0.0000e+00
      38940   1622.462    437.000     3.6454   3.229239     3.6458   3.229127      92.11     0.0146     2.8885     2.5438  33.326000  2.9783838   52.81430  -51.69084    34.8294    34.8277     3.6152     3.6156    27.6899    27.6885    6.76940    6.76940         17 0.0000e+00
      38958   1623.203    436.000     3.6458   3.229228     3.6461   3.229114      22.45     0.0130     2.8894     2.5443  33.328304  2.9314487   52.81430  -51.69084    34.8294    34.8277     3.6157     3.6160    27.6898    27.6885    6.77186    6.77266         19 0.0000e+00
      38979   1624.079    435.000     3.6459   3.229194     3.6461   3.229060      98.41     0.0119     2.8895     2.5447  33.326019  2.9603729   52.81430  -51.69084    34.8295    34.8276     3.6158     3.6161    27.6899    27.6884    6.76444    6.76717         23 0.0000e+00
      39005   1625.147    434.000     3.6459   3.229141     3.6461   3.229000      95.19     0.0157     2.8896     2.5444  33.325485  2.9368384   52.81430  -51.69084    34.8293    34.8274     3.6159     3.6161    27.6898    27.6882    6.76458    6.76145         28 0.0000e+00
      39032   1626.310    433.000     3.6458   3.229083     3.6459   3.228932      38.94     0.0201     2.8899     2.5444  33.324440  2.9500821   52.81430  -51.69084    34.8292    34.8273     3.6159     3.6160    27.6897    27.6882    6.76952    6.76559         28 0.0000e+00
      39059   1627.436    432.000     3.6458   3.229026     3.6457   3.228840      98.57     0.0174     2.8906     2.5446  33.325443  2.9068761   52.81430  -51.69084    34.8292    34.8270     3.6159     3.6159    27.6897    27.6879    6.77210    6.76776         26 0.0000e+00
      39086   1628.522    431.000     3.6456   3.228953     3.6459   3.228806      76.98     0.0157     2.8916     2.5452  33.326008  2.9482186   52.81430  -51.69084    34.8290    34.8269     3.6159     3.6161    27.6895    27.6878    6.76896    6.77209         26 0.0000e+00
      39110   1629.534    430.000     3.6458   3.228909     3.6463   3.228801      50.73     0.0124     2.8915     2.5461  33.326008  2.9170110   52.81432  -51.69084    34.8288    34.8270     3.6161     3.6166    27.6894    27.6879    6.76680    6.77552         22 0.0000e+00
      39130   1630.386    429.000     3.6462   3.228883     3.6461   3.228732      99.27     0.0128     2.8913     2.5466  33.326008  2.9688096   52.81432  -51.69084    34.8286    34.8269     3.6166     3.6165    27.6891    27.6878    6.76221    6.77356         19 0.0000e+00
      39148   1631.128    428.000     3.6459   3.228819     3.6453   3.228598      96.53     0.0126     2.8914     2.5471  33.315620  2.9303133   52.81432  -51.69084    34.8287    34.8267     3.6163     3.6158    27.6892    27.6877    6.76832    6.77697         17 0.0000e+00
      39165   1631.842    427.000     3.6453   3.228709     3.6443   3.228432      51.22     0.0135     2.8922     2.5477  33.306076  2.9455867   52.81432  -51.69084    34.8286    34.8263     3.6158     3.6148    27.6892    27.6875    6.76786    6.77917         17 0.0000e+00
      39183   1632.589    426.000     3.6443   3.228549     3.6429   3.228238      56.72     0.0145     2.8920     2.5484  33.294304  2.9662189   52.81432  -51.69084    34.8282    34.8260     3.6149     3.6135    27.6890    27.6873    6.76833    6.77325         19 0.0000e+00
      39204   1633.468    425.000     3.6435   3.228426     3.6421   3.228104      98.10     0.0176     2.8931     2.5478  33.324402  2.9240258   52.81432  -51.69084    34.8281    34.8259     3.6142     3.6127    27.6890    27.6873    6.77523    6.75800         24 0.0000e+00
      39234   1634.696    424.000     3.6428   3.228302     3.6410   3.227932      59.24     0.0208     2.8934     2.5463  33.318844  2.9464684   52.81432  -51.69082    34.8279    34.8254     3.6135     3.6118    27.6889    27.6871    6.76782    6.75271         36 0.0000e+00
      39271   1636.245    423.000     3.6422   3.228170     3.6404   3.227812      85.61     0.0210     2.8936     2.5463  33.300312  2.9483345   52.81432  -51.69082    34.8276    34.8252     3.6130     3.6112    27.6887    27.6869    6.76466    6.77125         34 0.0000e+00
      39298   1637.370    422.000     3.6403   3.227931     3.6374   3.227430      60.75     0.0224     2.8931     2.5474  33.297283  2.9128451   52.81432  -51.69082    34.8272    34.8243     3.6112     3.6083    27.6886    27.6866    6.76073    6.77410         21 0.0000e+00
      39316   1638.133    421.000     3.6369   3.227489     3.6358   3.227204      19.34     0.0209     2.8932     2.5480  33.302788  2.9718249   52.81432  -51.69082    34.8261    34.8239     3.6079     3.6068    27.6880    27.6864    6.76865    6.77346         17 0.0000e+00
      39332   1638.796    420.000     3.6356   3.227290     3.6352   3.227105      85.81     0.0183     2.8939     2.5483  33.299614  2.9457846   52.81433  -51.69082    34.8257    34.8238     3.6066     3.6063    27.6878    27.6864    6.77566    6.76686         15 0.0000e+00
      39348   1639.443    419.000     3.6352   3.227203     3.6351   3.227045      98.75     0.0181     2.8942     2.5480  33.314236  2.9185545   52.81434  -51.69082    34.8256    34.8238     3.6063     3.6062    27.6878    27.6863    6.77006    6.76246         16 0.0000e+00
      39366   1640.193    418.000     3.6349   3.227139     3.6350   3.226987      94.02     0.0151     2.8947     2.5479  33.305256  2.9605532   52.81434  -51.69082    34.8257    34.8238     3.6061     3.6062    27.6878    27.6863    6.77294    6.76195         21 0.0000e+00
      39392   1641.288    417.000     3.6347   3.227077     3.6347   3.226925      52.00     0.0110     2.8952     2.5478  33.300877  2.9260066   52.81434  -51.69082    34.8257    34.8238     3.6060     3.6060    27.6879    27.6864    6.76681    6.76652         33 0.0000e+00
      39424   1642.636    416.000     3.6347   3.227018     3.6346   3.226867      99.85     0.0154     2.8951     2.5486  33.296604  2.9378836   52.81434  -51.69082    34.8256    34.8238     3.6060     3.6060    27.6878    27.6864    6.76440    6.76509         28 0.0000e+00
      39449   1643.663    415.000     3.6344   3.226944     3.6329   3.226645      65.74     0.0154     2.8949     2.5478  33.288582  2.8949811   52.81434  -51.69082    34.8255    34.8234     3.6058     3.6043    27.6877    27.6862    6.76820    6.75194         22 0.0000e+00
      39470   1644.527    414.000     3.6321   3.226661     3.6307   3.226354       5.81     0.0169     2.8958     2.5472  33.289383  2.9323907   52.81434  -51.69082    34.8250    34.8229     3.6036     3.6022    27.6875    27.6860    6.76466    6.75613         20 0.0000e+00
      39490   1645.383    413.000     3.6304   3.226445     3.6297   3.226199      73.19     0.0193     2.8949     2.5474  33.297909  2.8835022   52.81434  -51.69082    34.8249    34.8227     3.6020     3.6013    27.6876    27.6859    6.75700    6.75568         22 0.0000e+00
      39514   1646.359    412.000     3.6296   3.226308     3.6288   3.226064      84.30     0.0175     2.8948     2.5466  33.297836  2.9284031   52.81434  -51.69081    34.8246    34.8225     3.6012     3.6005    27.6875    27.6859    6.76234    6.75160         26 0.0000e+00
      39543   1647.598    411.000     3.6288   3.226178     3.6283   3.225947      44.26     0.0195     2.8948     2.5467  33.289513  2.8940020   52.81436  -51.69080    34.8244    34.8223     3.6006     3.6000    27.6874    27.6857    6.76079    6.75714         31 0.0000e+00
