data/CTD/2014/CNV/u017a013.cnv
* Sea-Bird SBE 9 Data File:
* FileName = C:\CTD_ACQUISITION\2014017HUD\ctddata\017A013.hdr
* Software Version Seasave V 7.22.2
* Temperature SN = 5081
* Conductivity SN = 3561
* Number of Bytes Per Scan = 37
* Number of Voltage Words = 4
* Number of Scans Averaged by the Deck Unit = 1
* NMEA Latitude = 52 49.18 N
* NMEA Longitude = 051 25.44 W
* NMEA UTC (Time) = Jul 03 2014 23:45:42
* NMEA baud rate = 9600
** Ship: Hudson
** Cruise: HUD2014017
** Chief_Scientist: Blair Greenan
** Organization: BIO
** Area_of_Operation: Sackville Spur
** Station: 013
** Sounding:  1581
** Event_Comments: K7, 403035
# nquan = 25
# nvalues = 1642                        
# units = specified
# name 0 = scan: Scan Count
# name 1 = timeS: Time, Elapsed [seconds]
# name 2 = prDM: Pressure, Digiquartz [db]
# name 3 = t068C: Temperature [ITS-68, deg C]
# name 4 = c0S/m: Conductivity [S/m]
# name 5 = t168C: Temperature, 2 [ITS-68, deg C]
# name 6 = c1S/m: Conductivity, 2 [S/m]
# name 7 = altM: Altimeter [m]
# name 8 = flC: Fluorescence, Chelsea Aqua 3 Chl Con [ug/l]
# name 9 = sbeox0V: Oxygen raw, SBE 43 [V]
# name 10 = sbeox1V: Oxygen raw, SBE 43, 2 [V]
# name 11 = upoly0: Upoly 0, Optode 4330F - O2 D-Phase
# name 12 = upoly1: Upoly 1, Optode 4330F - O2 Temp
# name 13 = latitude: Latitude [deg]
# name 14 = longitude: Longitude [deg]
# name 15 = sal00: Salinity, Practical [PSU]
# name 16 = sal11: Salinity, Practical, 2 [PSU]
# name 17 = potemp068C: Potential Temperature [ITS-68, deg C]
# name 18 = potemp168C: Potential Temperature, 2 [ITS-68, deg C]
# name 19 = sigma-é00: Density [sigma-theta, Kg/m^3]
# name 20 = sigma-é11: Density, 2 [sigma-theta, Kg/m^3]
# name 21 = sbeox0ML/L: Oxygen, SBE 43 [ml/l], WS = 2
# name 22 = sbeox1ML/L: Oxygen, SBE 43, 2 [ml/l], WS = 2
# name 23 = nbin: number of scans per bin
# name 24 = flag: flag
# span 0 =      47435,     103329       
# span 1 =   1976.408,   4305.327       
# span 2 =      1.000,   1642.000       
# span 3 =     3.3409,     6.1848       
# span 4 =   3.148436,   3.365908       
# span 5 =     3.3402,     6.2334       
# span 6 =   3.146631,   3.365874       
# span 7 =       3.11,     103.50       
# span 8 =     0.0065,     0.2955       
# span 9 =     2.3965,     3.5765       
# span 10 =     2.1198,     3.1459      
# span 11 =  30.168457,  34.940022      
# span 12 =  3.3319342,  6.0867348      
# span 13 =   52.81503,   52.81760      
# span 14 =  -51.41186,  -51.39827      
# span 15 =    32.7015,    34.9151      
# span 16 =    32.7016,    34.9145      
# span 17 =     3.2166,     6.1835      
# span 18 =     3.2154,     6.2321      
# span 19 =    25.8378,    27.7960      
# span 20 =    25.8382,    27.7955      
# span 21 =    6.29719,    8.06322      
# span 22 =    6.25489,    8.13352      
# span 23 =          9,         69      
# span 24 = 0.0000e+00, 0.0000e+00      
# interval = decibars: 1                
# start_time = Jul 03 2014 23:45:42 [NMEA time, header]
# bad_flag = -9.990e-29
*END*
[from data line 1450]
      85958   3581.537    192.000     3.5312   3.206896     3.5313   3.206782      79.91     0.0116     2.9896     2.6256  33.164837  3.5372450   52.81568  -51.40256    34.8161    34.8147     3.5185     3.5186    27.6889    27.6878    6.85057    6.84369         15 0.0000e+00
      85973   3582.183    191.000     3.5312   3.206843     3.5314   3.206732      98.51     0.0166     2.9896     2.6258  33.164837  3.5372405   52.81568  -51.40254    34.8161    34.8145     3.5186     3.5187    27.6889    27.6876    6.85146    6.84552         16 0.0000e+00
      85993   3583.001    190.000     3.5311   3.206798     3.5313   3.206666      58.25     0.0160     2.9898     2.6266  33.163719  3.5372405   52.81568  -51.40254    34.8161    34.8144     3.5186     3.5187    27.6889    27.6875    6.85157    6.85037         25 0.0000e+00
      86038   3584.894    189.000     3.5309   3.206740     3.5310   3.206607      73.21     0.0140     2.9903     2.6273  33.156208  3.5372405   52.81568  -51.40253    34.8163    34.8145     3.5184     3.5185    27.6890    27.6876    6.84983    6.84303         60 0.0000e+00
      86080   3586.606    188.000     3.5309   3.206680     3.5309   3.206552      63.06     0.0190     2.9903     2.6273  33.156162  3.5363081   52.81566  -51.40252    34.8160    34.8145     3.5185     3.5185    27.6888    27.6876    6.85073    6.84198         22 0.0000e+00
      86097   3587.318    187.000     3.5312   3.206630     3.5310   3.206480      47.27     0.0167     2.9909     2.6272  33.165131  3.5271714   52.81566  -51.40252    34.8157    34.8141     3.5188     3.5186    27.6885    27.6873    6.85530    6.84040         15 0.0000e+00
      86111   3587.913    186.000     3.5311   3.206546     3.5309   3.206407     100.08     0.0159     2.9913     2.6273  33.164837  3.5274725   52.81566  -51.40252    34.8153    34.8139     3.5188     3.5186    27.6883    27.6871    6.84643    6.84227         14 0.0000e+00
      86125   3588.485    185.000     3.5310   3.206481     3.5311   3.206358      98.63     0.0167     2.9905     2.6275  33.164837  3.5274725   52.81566  -51.40252    34.8152    34.8137     3.5188     3.5188    27.6882    27.6869    6.84083    6.84468         14 0.0000e+00
      86139   3589.082    184.000     3.5310   3.206438     3.5311   3.206313      98.63     0.0170     2.9905     2.6279  33.164837  3.5320210   52.81566  -51.40250    34.8152    34.8136     3.5189     3.5189    27.6882    27.6869    6.85321    6.84815         15 0.0000e+00
      86156   3589.809    183.000     3.5309   3.206392     3.5309   3.206250      44.76     0.0155     2.9918     2.6286  33.164837  3.5330210   52.81566  -51.40250    34.8154    34.8136     3.5188     3.5188    27.6883    27.6869    6.85684    6.85601         21 0.0000e+00
      86188   3591.137    182.000     3.5307   3.206337     3.5307   3.206193      89.57     0.0187     2.9920     2.6301  33.156254  3.5351896   52.81566  -51.40249    34.8154    34.8137     3.5187     3.5191    27.6883    27.6870    6.85043    6.85122         48 0.0000e+00
      86237   3593.168    181.000     3.5306   3.206268     3.5306   3.206137      55.55     0.0216     2.9927     2.6302  33.151978  3.5368063   52.81567  -51.40248    34.8153    34.8137     3.5186     3.5185    27.6883    27.6870    6.85232    6.84494         35 0.0000e+00
      86260   3594.133    180.000     3.5307   3.206219     3.5307   3.206091      57.72     0.0183     2.9933     2.6305  33.149395  3.5362091   52.81566  -51.40248    34.8151    34.8136     3.5188     3.5188    27.6881    27.6868    6.85383    6.84628         19 0.0000e+00
      86277   3594.824    179.000     3.5303   3.206106     3.5303   3.205986      93.32     0.0131     2.9935     2.6305  33.152100  3.5308037   52.81566  -51.40247    34.8147    34.8134     3.5185     3.5184    27.6878    27.6867    6.84788    6.84297         15 0.0000e+00
      86292   3595.447    178.000     3.5297   3.205971     3.5296   3.205836      85.29     0.0114     2.9928     2.6304  33.151180  3.5275340   52.81566  -51.40246    34.8143    34.8128     3.5180     3.5178    27.6875    27.6863    6.84364    6.84235         15 0.0000e+00
      86307   3596.074    177.000     3.5293   3.205881     3.5292   3.205729      19.90     0.0133     2.9932     2.6304  33.150200  3.5274725   52.81566  -51.40246    34.8142    34.8125     3.5176     3.5175    27.6875    27.6861    6.84721    6.84168         15 0.0000e+00
      86324   3596.782    176.000     3.5289   3.205791     3.5289   3.205640      97.43     0.0146     2.9931     2.6303  33.150944  3.5279799   52.81566  -51.40246    34.8141    34.8123     3.5173     3.5173    27.6874    27.6860    6.85039    6.84304         19 0.0000e+00
      86345   3597.681    175.000     3.5286   3.205716     3.5284   3.205548      98.63     0.0122     2.9938     2.6305  33.150208  3.5293825   52.81566  -51.40245    34.8140    34.8122     3.5171     3.5169    27.6874    27.6860    6.85441    6.84105         25 0.0000e+00
      86377   3598.980    174.000     3.5287   3.205675     3.5282   3.205479      60.98     0.0140     2.9950     2.6305  33.150185  3.5285423   52.81566  -51.40244    34.8141    34.8122     3.5171     3.5167    27.6874    27.6860    6.85614    6.84074         37 0.0000e+00
      86411   3600.428    173.000     3.5284   3.205588     3.5284   3.205456     100.12     0.0188     2.9961     2.6306  33.150185  3.5284812   52.81564  -51.40242    34.8139    34.8122     3.5169     3.5170    27.6873    27.6860    6.86130    6.84290         29 0.0000e+00
      86436   3601.450    172.000     3.5281   3.205510     3.5278   3.205330      77.73     0.0236     2.9970     2.6313  33.150185  3.5336828   52.81564  -51.40242    34.8137    34.8120     3.5168     3.5164    27.6872    27.6858    6.85795    6.85002         21 0.0000e+00
      86455   3602.234    171.000     3.5266   3.205302     3.5262   3.205119      35.11     0.0187     2.9973     2.6321  33.150185  3.5367184   52.81564  -51.40242    34.8134    34.8117     3.5153     3.5149    27.6871    27.6857    6.85709    6.85268         18 0.0000e+00
      86471   3602.914    170.000     3.5249   3.205068     3.5244   3.204880      98.37     0.0159     2.9973     2.6327  33.150185  3.5365896   52.81565  -51.40240    34.8130    34.8112     3.5137     3.5132    27.6869    27.6855    6.85849    6.85267         15 0.0000e+00
      86486   3603.559    169.000     3.5235   3.204871     3.5219   3.204560      98.63     0.0143     2.9981     2.6331  33.150185  3.5366299   52.81566  -51.40240    34.8127    34.8106     3.5123     3.5107    27.6868    27.6853    6.85668    6.85438         16 0.0000e+00
      86503   3604.253    168.000     3.5215   3.204622     3.5191   3.204221      98.63     0.0133     2.9978     2.6339  33.150185  3.5351095   52.81566  -51.40240    34.8123    34.8101     3.5104     3.5080    27.6867    27.6851    6.85636    6.86187         18 0.0000e+00
      86538   3605.688    167.000     3.5210   3.204530     3.5194   3.204237      78.29     0.0161     2.9990     2.6359  33.150185  3.5292168   52.81565  -51.40240    34.8124    34.8104     3.5099     3.5084    27.6868    27.6854    6.86104    6.86445         61 0.0000e+00
      86592   3607.960    166.000     3.5224   3.204618     3.5238   3.204639      48.20     0.0134     3.0006     2.6377  33.150185  3.5273707   52.81564  -51.40238    34.8125    34.8112     3.5114     3.5128    27.6867    27.6856    6.86960    6.85559         26 0.0000e+00
      86607   3608.600    165.000     3.5206   3.204384     3.5203   3.204193      84.40     0.0139     3.0014     2.6371  33.150185  3.5274725   52.81564  -51.40238    34.8121    34.8101     3.5097     3.5094    27.6865    27.6850    6.87007    6.84679         15 0.0000e+00
      86620   3609.143    164.000     3.5160   3.203825     3.5159   3.203660      98.56     0.0173     3.0017     2.6367  33.150185  3.5177529   52.81564  -51.40236    34.8108    34.8090     3.5052     3.5051    27.6860    27.6845    6.87178    6.84244         12 0.0000e+00
      86632   3609.643    163.000     3.5127   3.203376     3.5123   3.203192      98.63     0.0158     3.0025     2.6358  33.150185  3.5177045   52.81564  -51.40236    34.8095    34.8078     3.5020     3.5015    27.6853    27.6839    6.87274    6.83985         12 0.0000e+00
      86645   3610.166    162.000     3.5111   3.203127     3.5105   3.202933      98.63     0.0133     3.0030     2.6355  33.150185  3.5184546   52.81564  -51.40236    34.8088    34.8070     3.5004     3.4999    27.6849    27.6835    6.86983    6.84096         13 0.0000e+00
      86659   3610.766    161.000     3.5103   3.203002     3.5097   3.202790      42.80     0.0109     3.0032     2.6350  33.141098  3.5177102   52.81564  -51.40236    34.8087    34.8067     3.4997     3.4991    27.6848    27.6833    6.86726    6.84599         16 0.0000e+00
      86681   3611.647    160.000     3.5099   3.202919     3.5091   3.202690      76.63     0.0119     3.0034     2.6354  33.135891  3.5180192   52.81564  -51.40235    34.8086    34.8067     3.4994     3.4986    27.6848    27.6834    6.86725    6.84892         29 0.0000e+00
      86726   3613.537    159.000     3.5111   3.203036     3.5109   3.202873      57.09     0.0147     3.0040     2.6367  33.135006  3.5173478   52.81564  -51.40234    34.8093    34.8076     3.5007     3.5004    27.6852    27.6839    6.86645    6.86385         57 0.0000e+00
      86769   3615.327    158.000     3.5112   3.202979     3.5110   3.202857     100.44     0.0112     3.0048     2.6392  33.133289  3.5090327   52.81564  -51.40234    34.8091    34.8078     3.5008     3.5006    27.6851    27.6840    6.87212    6.85984         27 0.0000e+00
      86790   3616.208    157.000     3.5109   3.202885     3.5105   3.202714      98.63     0.0135     3.0053     2.6387  33.133915  3.5079041   52.81564  -51.40232    34.8088    34.8072     3.5006     3.5001    27.6849    27.6837    6.87284    6.84742         18 0.0000e+00
      86806   3616.877    156.000     3.5072   3.202433     3.5078   3.202360      25.71     0.0120     3.0064     2.6380  33.132599  3.5079365   52.81563  -51.40231    34.8079    34.8063     3.4969     3.4976    27.6845    27.6832    6.87419    6.85171         15 0.0000e+00
      86820   3617.468    155.000     3.5052   3.202162     3.5052   3.202018      68.77     0.0147     3.0060     2.6382  33.133423  3.5079365   52.81562  -51.40230    34.8073    34.8056     3.4950     3.4950    27.6842    27.6828    6.87212    6.86493         14 0.0000e+00
      86834   3618.042    154.000     3.5046   3.202027     3.5048   3.201918      97.63     0.0156     3.0067     2.6397  33.135460  3.5079365   52.81562  -51.40230    34.8069    34.8053     3.4944     3.4947    27.6840    27.6827    6.87244    6.87384         14 0.0000e+00
      86849   3618.655    153.000     3.5046   3.201983     3.5051   3.201881      98.63     0.0172     3.0066     2.6403  33.133617  3.5079365   52.81562  -51.40230    34.8069    34.8051     3.4945     3.4950    27.6839    27.6825    6.87256    6.87039         15 0.0000e+00
      86867   3619.398    152.000     3.5047   3.201933     3.5049   3.201816      80.15     0.0180     3.0074     2.6411  33.130039  3.5079365   52.81562  -51.40230    34.8067    34.8051     3.4947     3.4949    27.6838    27.6824    6.86920    6.87033         21 0.0000e+00
      86892   3620.470    151.000     3.5047   3.201886     3.5048   3.201744      23.96     0.0225     3.0073     2.6421  33.131344  3.5079365   52.81562  -51.40228    34.8067    34.8050     3.4948     3.4948    27.6837    27.6823    6.87061    6.86528         32 0.0000e+00
      86933   3622.177    150.000     3.5043   3.201829     3.5045   3.201701      77.27     0.0192     3.0077     2.6417  33.130852  3.5079365   52.81562  -51.40228    34.8071    34.8053     3.4944     3.4946    27.6841    27.6826    6.86949    6.85982         47 0.0000e+00
      86974   3623.876    149.000     3.5044   3.201791     3.5044   3.201655      75.00     0.0172     3.0084     2.6421  33.131798  3.5079365   52.81562  -51.40227    34.8070    34.8053     3.4946     3.4946    27.6840    27.6827    6.87158    6.85798         31 0.0000e+00
      86997   3624.837    148.000     3.5050   3.201774     3.5051   3.201642      99.20     0.0186     3.0086     2.6415  33.124786  3.5079365   52.81562  -51.40226    34.8067    34.8050     3.4953     3.4954    27.6837    27.6823    6.87239    6.85866         18 0.0000e+00
      87013   3625.515    147.000     3.5074   3.201900     3.5071   3.201775      77.11     0.0175     3.0092     2.6421  33.116802  3.5079365   52.81562  -51.40226    34.8062    34.8050     3.4978     3.4975    27.6830    27.6821    6.87325    6.85974         15 0.0000e+00
      87027   3626.094    146.000     3.5098   3.202047     3.5108   3.202051       8.28     0.0202     3.0095     2.6420  33.115211  3.5079365   52.81562  -51.40224    34.8060    34.8050     3.5002     3.5012    27.6826    27.6817    6.87348    6.85394         13 0.0000e+00
      87040   3626.634    145.000     3.5104   3.202070     3.5107   3.201961      95.17     0.0231     3.0095     2.6415  33.116390  3.5079365   52.81562  -51.40224    34.8061    34.8045     3.5009     3.5012    27.6827    27.6814    6.87100    6.85302         13 0.0000e+00
      87053   3627.178    144.000     3.5089   3.201884     3.5084   3.201689      98.55     0.0195     3.0101     2.6419  33.106392  3.5079365   52.81560  -51.40222    34.8061    34.8043     3.4995     3.4989    27.6828    27.6814    6.86900    6.85694         14 0.0000e+00
      87068   3627.773    143.000     3.5085   3.201793     3.5098   3.201801      98.63     0.0160     3.0094     2.6421  33.106228  3.5079365   52.81560  -51.40222    34.8060    34.8046     3.4991     3.5004    27.6827    27.6815    6.86753    6.85677         15 0.0000e+00
      87086   3628.550    142.000     3.5090   3.201808     3.5106   3.201843      61.80     0.0147     3.0103     2.6423  33.106228  3.5079365   52.81561  -51.40222    34.8061    34.8049     3.4997     3.5013    27.6828    27.6816    6.86410    6.85695         24 0.0000e+00
      87149   3631.186    141.000     3.5094   3.201817     3.5102   3.201757      42.93     0.0176     3.0092     2.6437  33.109623  3.5079365   52.81561  -51.40222    34.8064    34.8048     3.5001     3.5009    27.6830    27.6816    6.85984    6.86111         44 0.0000e+00
      87190   3632.884    140.000     3.5097   3.201755     3.5097   3.201644      99.44     0.0175     3.0099     2.6445  33.109901  3.5079365   52.81560  -51.40221    34.8059    34.8046     3.5005     3.5005    27.6825    27.6815    6.86694    6.86132         16 0.0000e+00
      87204   3633.442    139.000     3.5113   3.201869     3.5105   3.201699      98.63     0.0186     3.0095     2.6446  33.106197  3.5079365   52.81560  -51.40220    34.8061    34.8049     3.5021     3.5014    27.6826    27.6817    6.86403    6.86349         12 0.0000e+00
      87215   3633.929    138.000     3.5133   3.202029     3.5127   3.201867      98.63     0.0195     3.0100     2.6449  33.106228  3.5079365   52.81560  -51.40218    34.8064    34.8052     3.5042     3.5036    27.6826    27.6816    6.86614    6.86667         12 0.0000e+00
      87227   3634.407    137.000     3.5142   3.202078     3.5144   3.201988      98.63     0.0199     3.0104     2.6456  33.106228  3.5079365   52.81560  -51.40218    34.8066    34.8053     3.5052     3.5054    27.6827    27.6816    6.86590    6.87069         11 0.0000e+00
      87239   3634.907    136.000     3.5145   3.202086     3.5152   3.202019      12.28     0.0191     3.0106     2.6460  33.106228  3.5079365   52.81560  -51.40218    34.8069    34.8054     3.5056     3.5062    27.6829    27.6816    6.86728    6.87095         13 0.0000e+00
