data/CTD/2014/CNV/u017a042.cnv
* Sea-Bird SBE 9 Data File:
* FileName = C:\CTD_ACQUISITION\2014017HUD\ctddata\017A042.hdr
* Software Version Seasave V 7.22.2
* Temperature SN = 5081
* Conductivity SN = 3561
* Number of Bytes Per Scan = 37
* Number of Voltage Words = 4
* Number of Scans Averaged by the Deck Unit = 1
* NMEA Latitude = 48 16.34 N
* NMEA Longitude = 046 30.28 W
* NMEA UTC (Time) = Jul 10 2014 07:21:15
* NMEA baud rate = 9600
** Ship: Hudson
** Cruise: HUD2014017
** Chief_Scientist: Blair Greenan
** Organization: BIO
** Area_of_Operation: Sackville Spur
** Station: 042
** Sounding:  851
** Event_Comments: SS_12, 403244
# nquan = 25
# nvalues = 864                         
# units = specified
# name 0 = scan: Scan Count
# name 1 = timeS: Time, Elapsed [seconds]
# name 2 = prDM: Pressure, Digiquartz [db]
# name 3 = t068C: Temperature [ITS-68, deg C]
# name 4 = c0S/m: Conductivity [S/m]
# name 5 = t168C: Temperature, 2 [ITS-68, deg C]
# name 6 = c1S/m: Conductivity, 2 [S/m]
# name 7 = altM: Altimeter [m]
# name 8 = flC: Fluorescence, Chelsea Aqua 3 Chl Con [ug/l]
# name 9 = sbeox0V: Oxygen raw, SBE 43 [V]
# name 10 = sbeox1V: Oxygen raw, SBE 43, 2 [V]
# name 11 = upoly0: Upoly 0, Optode 4330F - O2 D-Phase
# name 12 = upoly1: Upoly 1, Optode 4330F - O2 Temp
# name 13 = latitude: Latitude [deg]
# name 14 = longitude: Longitude [deg]
# name 15 = sal00: Salinity, Practical [PSU]
# name 16 = sal11: Salinity, Practical, 2 [PSU]
# name 17 = potemp068C: Potential Temperature [ITS-68, deg C]
# name 18 = potemp168C: Potential Temperature, 2 [ITS-68, deg C]
# name 19 = sigma-é00: Density [sigma-theta, Kg/m^3]
# name 20 = sigma-é11: Density, 2 [sigma-theta, Kg/m^3]
# name 21 = sbeox0ML/L: Oxygen, SBE 43 [ml/l], WS = 2
# name 22 = sbeox1ML/L: Oxygen, SBE 43, 2 [ml/l], WS = 2
# name 23 = nbin: number of scans per bin
# name 24 = flag: flag
# span 0 =      32854,      69449       
# span 1 =   1368.878,   2893.646       
# span 2 =      1.000,    864.000       
# span 3 =    -1.0551,     7.7850       
# span 4 =   2.687903,   3.391199       
# span 5 =    -1.0566,     7.7851       
# span 6 =   2.687899,   3.391188       
# span 7 =      -0.38,     100.81       
# span 8 =     0.0078,     0.0690       
# span 9 =     2.6535,     3.7514       
# span 10 =     2.3417,     3.3359      
# span 11 =  30.345547,  34.600018      
# span 12 = -1.0341773,  7.8059545      
# span 13 =   48.27508,   48.27752      
# span 14 =  -46.50194,  -46.50116      
# span 15 =    32.7090,    34.8890      
# span 16 =    32.7307,    34.8885      
# span 17 =    -1.0563,     7.7849      
# span 18 =    -1.0578,     7.7850      
# span 19 =    25.5061,    27.7332      
# span 20 =    25.5231,    27.7329      
# span 21 =    6.42625,   10.12776      
# span 22 =    6.15569,   10.27952      
# span 23 =         13,         84      
# span 24 = 0.0000e+00, 0.0000e+00      
# interval = decibars: 1                
# start_time = Jul 10 2014 07:21:15 [NMEA time, header]
# bad_flag = -9.990e-29
*END*
[from data line 348]
      42287   1761.922    516.000     3.8125   3.249930     3.8124   3.249894      98.65     0.0155     2.8107     2.4712  33.644138  3.8206248   48.27552  -46.50182    34.8566    34.8563     3.7758     3.7757    27.6954    27.6951    6.58064    6.55328         51 0.0000e+00
      42316   1763.110    515.000     3.8143   3.250022     3.8128   3.249925      98.63     0.0148     2.8115     2.4712  33.646183  3.8190067   48.27552  -46.50182    34.8563    34.8567     3.7777     3.7762    27.6949    27.6954    6.58677    6.56132         20 0.0000e+00
      42332   1763.795    514.000     3.8190   3.250427     3.8177   3.250353      98.63     0.0152     2.8121     2.4716  33.657188  3.8107085   48.27552  -46.50182    34.8566    34.8571     3.7824     3.7812    27.6947    27.6952    6.58254    6.55984         15 0.0000e+00
      42347   1764.402    513.000     3.8204   3.250522     3.8198   3.250468      98.63     0.0185     2.8118     2.4715  33.654602  3.8107448   48.27552  -46.50182    34.8568    34.8568     3.7839     3.7833    27.6947    27.6948    6.58041    6.55522         14 0.0000e+00
      42361   1764.989    512.000     3.8201   3.250444     3.8194   3.250359      98.63     0.0206     2.8116     2.4715  33.654629  3.8107448   48.27552  -46.50182    34.8568    34.8565     3.7836     3.7830    27.6947    27.6945    6.58075    6.55377         14 0.0000e+00
      42376   1765.617    511.000     3.8193   3.250320     3.8175   3.250083      98.63     0.0188     2.8124     2.4715  33.649277  3.8192577   48.27552  -46.50182    34.8567    34.8557     3.7829     3.7812    27.6947    27.6941    6.58836    6.55591         17 0.0000e+00
      42396   1766.448    510.000     3.8179   3.250106     3.8152   3.249780      98.39     0.0144     2.8130     2.4718  33.647850  3.8204446   48.27552  -46.50182    34.8561    34.8551     3.7816     3.7790    27.6944    27.6938    6.58309    6.55988         25 0.0000e+00
      42439   1768.248    509.000     3.8162   3.249877     3.8171   3.249974      98.63     0.0139     2.8135     2.4725  33.651718  3.8205128   48.27554  -46.50180    34.8557    34.8560     3.7800     3.7809    27.6942    27.6944    6.58651    6.55987         60 0.0000e+00
      42486   1770.206    508.000     3.8171   3.249910     3.8178   3.249994      98.63     0.0153     2.8146     2.4728  33.646618  3.8205128   48.27554  -46.50180    34.8557    34.8560     3.7810     3.7817    27.6941    27.6943    6.58926    6.55903         29 0.0000e+00
      42511   1771.254    507.000     3.8140   3.249557     3.8135   3.249449      98.63     0.0161     2.8146     2.4734  33.645889  3.8205128   48.27554  -46.50180    34.8553    34.8545     3.7780     3.7775    27.6941    27.6935    6.58013    6.56228         24 0.0000e+00
      42534   1772.193    506.000     3.8111   3.249123     3.8118   3.249206      98.57     0.0175     2.8145     2.4735  33.643005  3.8205128   48.27554  -46.50180    34.8538    34.8540     3.7751     3.7758    27.6932    27.6933    6.58402    6.55792         22 0.0000e+00
      42556   1773.124    505.000     3.8130   3.249251     3.8180   3.249757      98.58     0.0182     2.8150     2.4735  33.646435  3.8205128   48.27554  -46.50180    34.8538    34.8545     3.7771     3.7821    27.6930    27.6931    6.59019    6.55292         23 0.0000e+00
      42583   1774.259    504.000     3.8176   3.249662     3.8220   3.250074      98.63     0.0179     2.8153     2.4723  33.644562  3.8205128   48.27554  -46.50180    34.8543    34.8546     3.7818     3.7862    27.6929    27.6927    6.58348    6.53927         34 0.0000e+00
      42625   1776.005    503.000     3.8210   3.249947     3.8210   3.249923      98.63     0.0127     2.8151     2.4709  33.643234  3.8205128   48.27555  -46.50179    34.8546    34.8543     3.7853     3.7853    27.6929    27.6926    6.57499    6.54245         46 0.0000e+00
      42665   1777.672    502.000     3.8199   3.249788     3.8202   3.249800      98.63     0.0155     2.8143     2.4715  33.642841  3.8205128   48.27556  -46.50178    34.8544    34.8543     3.7842     3.7845    27.6928    27.6926    6.57334    6.55410         32 0.0000e+00
      42693   1778.815    501.000     3.8214   3.249850     3.8219   3.249938      98.53     0.0153     2.8142     2.4721  33.643280  3.8205128   48.27556  -46.50178    34.8541    34.8546     3.7858     3.7863    27.6924    27.6927    6.57425    6.55115         26 0.0000e+00
      42720   1779.946    500.000     3.8267   3.250314     3.8292   3.250586      98.63     0.0144     2.8141     2.4724  33.634308  3.8205128   48.27556  -46.50178    34.8546    34.8552     3.7911     3.7936    27.6922    27.6924    6.58164    6.55214         29 0.0000e+00
      43741   1822.490    499.000     3.8202   3.249603     3.8203   3.249624      98.63     0.0163     2.8178     2.4755  33.639542  3.8210039   48.27557  -46.50172    34.8538    34.8536     3.7848     3.7849    27.6922    27.6921    6.58693    6.56176         22 0.0000e+00
      44165   1840.165    498.000     3.8203   3.249568     3.8219   3.249748      86.52     0.0136     2.8199     2.4769  33.640564  3.8205211   48.27558  -46.50170    34.8535    34.8540     3.7849     3.7865    27.6920    27.6922    6.59293    6.56792         17 0.0000e+00
      44195   1841.414    497.000     3.8239   3.249902     3.8279   3.250290      94.03     0.0142     2.8196     2.4774  33.638500  3.8205128   48.27558  -46.50168    34.8542    34.8545     3.7886     3.7926    27.6922    27.6920    6.58704    6.56422         25 0.0000e+00
      44235   1843.096    496.000     3.8237   3.249824     3.8269   3.250105      96.40     0.0173     2.8195     2.4772  33.631435  3.8216271   48.27558  -46.50168    34.8540    34.8540     3.7885     3.7916    27.6920    27.6917    6.58410    6.55755         53 0.0000e+00
      44276   1844.809    495.000     3.8225   3.249651     3.8261   3.249981      98.79     0.0170     2.8189     2.4770  33.624500  3.8250086   48.27558  -46.50168    34.8538    34.8539     3.7873     3.7910    27.6920    27.6916    6.57997    6.56107         25 0.0000e+00
      44295   1845.604    494.000     3.8253   3.249859     3.8284   3.250146      98.63     0.0176     2.8192     2.4772  33.633026  3.8221760   48.27558  -46.50168    34.8538    34.8539     3.7902     3.7933    27.6917    27.6915    6.59048    6.55815         17 0.0000e+00
      44311   1846.258    493.000     3.8271   3.249932     3.8278   3.249998      98.30     0.0155     2.8194     2.4771  33.633713  3.8204918   48.27558  -46.50168    34.8533    34.8534     3.7920     3.7927    27.6911    27.6911    6.58660    6.55989         15 0.0000e+00
      44326   1846.891    492.000     3.8273   3.249899     3.8274   3.249891      90.95     0.0125     2.8194     2.4773  33.633701  3.8205128   48.27558  -46.50168    34.8533    34.8531     3.7923     3.7924    27.6910    27.6909    6.58459    6.56832         16 0.0000e+00
      44344   1847.643    491.000     3.8273   3.249847     3.8268   3.249778      98.41     0.0140     2.8200     2.4788  33.633701  3.8205128   48.27559  -46.50169    34.8532    34.8528     3.7924     3.7919    27.6910    27.6907    6.59358    6.57898         21 0.0000e+00
      44373   1848.850    490.000     3.8269   3.249752     3.8257   3.249603      71.96     0.0163     2.8214     2.4806  33.633701  3.8237562   48.27560  -46.50170    34.8530    34.8525     3.7921     3.7909    27.6909    27.6906    6.59484    6.57741         36 0.0000e+00
      44405   1850.182    489.000     3.8269   3.249698     3.8241   3.249375      94.50     0.0170     2.8225     2.4814  33.633701  3.8300781   48.27559  -46.50168    34.8529    34.8520     3.7921     3.7894    27.6908    27.6903    6.59320    6.57510         26 0.0000e+00
      44428   1851.115    488.000     3.8217   3.249130     3.8186   3.248695      98.69     0.0206     2.8225     2.4821  33.632961  3.8302853   48.27558  -46.50168    34.8520    34.8503     3.7871     3.7839    27.6906    27.6895    6.59242    6.57867         20 0.0000e+00
      44446   1851.884    487.000     3.8125   3.248006     3.8120   3.247891      98.63     0.0202     2.8231     2.4829  33.623245  3.8296995   48.27558  -46.50168    34.8490    34.8482     3.7780     3.7775    27.6891    27.6886    6.59907    6.57943         17 0.0000e+00
      44463   1852.601    486.000     3.8090   3.247540     3.8077   3.247356      92.72     0.0154     2.8236     2.4829  33.623119  3.8297379   48.27558  -46.50168    34.8477    34.8470     3.7746     3.7733    27.6884    27.6879    6.60331    6.57585         18 0.0000e+00
      44482   1853.379    485.000     3.8068   3.247251     3.8058   3.247096      96.49     0.0141     2.8247     2.4832  33.634911  3.8274009   48.27558  -46.50168    34.8472    34.8464     3.7725     3.7714    27.6882    27.6877    6.60077    6.57444         20 0.0000e+00
      44506   1854.387    484.000     3.8059   3.247097     3.8044   3.246900      98.57     0.0137     2.8248     2.4831  33.642082  3.8252904   48.27558  -46.50168    34.8468    34.8461     3.7716     3.7702    27.6880    27.6875    6.60173    6.57901         29 0.0000e+00
      44538   1855.693    483.000     3.8033   3.246771     3.8026   3.246671      71.15     0.0166     2.8259     2.4848  33.638721  3.8217201   48.27558  -46.50168    34.8463    34.8458     3.7691     3.7685    27.6879    27.6875    6.60100    6.59677         32 0.0000e+00
      44566   1856.892    482.000     3.8027   3.246656     3.7981   3.246141      62.46     0.0195     2.8263     2.4867  33.636600  3.8204951   48.27558  -46.50168    34.8461    34.8448     3.7686     3.7641    27.6877    27.6871    6.60349    6.59453         25 0.0000e+00
      44590   1857.885    481.000     3.7951   3.245800     3.7939   3.245639      98.99     0.0175     2.8267     2.4871  33.622734  3.8205128   48.27559  -46.50168    34.8445    34.8438     3.7611     3.7599    27.6872    27.6868    6.60491    6.58939         23 0.0000e+00
      44612   1858.793    480.000     3.7918   3.245395     3.7913   3.245317      88.47     0.0153     2.8275     2.4874  33.623238  3.8205128   48.27559  -46.50168    34.8437    34.8432     3.7579     3.7574    27.6869    27.6866    6.60385    6.58813         21 0.0000e+00
      44633   1859.665    479.000     3.7887   3.245018     3.7882   3.244925      86.29     0.0164     2.8272     2.4875  33.633682  3.8205128   48.27558  -46.50168    34.8430    34.8424     3.7549     3.7544    27.6867    27.6862    6.60340    6.59284         21 0.0000e+00
      44653   1860.495    478.000     3.7864   3.244703     3.7853   3.244565      98.56     0.0136     2.8280     2.4883  33.634468  3.8205128   48.27558  -46.50168    34.8422    34.8417     3.7526     3.7516    27.6863    27.6860    6.61078    6.59701         19 0.0000e+00
      44672   1861.293    477.000     3.7848   3.244480     3.7837   3.244328      96.33     0.0138     2.8287     2.4886  33.636017  3.8169091   48.27558  -46.50168    34.8418    34.8412     3.7511     3.7500    27.6861    27.6857    6.61420    6.59306         19 0.0000e+00
      44693   1862.153    476.000     3.7835   3.244288     3.7825   3.244138      92.83     0.0154     2.8296     2.4888  33.633739  3.8108423   48.27558  -46.50168    34.8414    34.8407     3.7499     3.7489    27.6859    27.6855    6.61846    6.59415         23 0.0000e+00
      44720   1863.297    475.000     3.7826   3.244134     3.7819   3.244007      98.56     0.0132     2.8311     2.4896  33.633701  3.8107448   48.27560  -46.50168    34.8411    34.8403     3.7491     3.7484    27.6858    27.6852    6.62247    6.60054         32 0.0000e+00
      44749   1864.518    474.000     3.7822   3.244026     3.7814   3.243879      92.79     0.0130     2.8327     2.4906  33.633701  3.8103242   48.27560  -46.50168    34.8407    34.8399     3.7488     3.7479    27.6855    27.6849    6.61762    6.60019         24 0.0000e+00
      44769   1865.350    473.000     3.7789   3.243592     3.7786   3.243498      95.67     0.0145     2.8322     2.4909  33.628033  3.8096628   48.27560  -46.50168    34.8396    34.8388     3.7456     3.7453    27.6849    27.6843    6.61157    6.60033         18 0.0000e+00
      44786   1866.051    472.000     3.7752   3.243104     3.7751   3.243052      98.59     0.0180     2.8326     2.4912  33.619190  3.8047197   48.27560  -46.50168    34.8383    34.8378     3.7419     3.7418    27.6842    27.6839    6.62025    6.60613         16 0.0000e+00
      44803   1866.741    471.000     3.7740   3.242923     3.7731   3.242795      79.47     0.0231     2.8336     2.4923  33.622448  3.8061275   48.27560  -46.50168    34.8380    34.8373     3.7408     3.7399    27.6841    27.6837    6.62678    6.60967         17 0.0000e+00
      44823   1867.583    470.000     3.7726   3.242727     3.7718   3.242591      65.54     0.0240     2.8345     2.4927  33.623302  3.8018982   48.27560  -46.50168    34.8376    34.8368     3.7395     3.7387    27.6839    27.6834    6.62606    6.60745         24 0.0000e+00
      44854   1868.862    469.000     3.7721   3.242616     3.7699   3.242323      98.39     0.0224     2.8351     2.4937  33.625164  3.7998800   48.27560  -46.50169    34.8373    34.8362     3.7391     3.7369    27.6838    27.6831    6.62103    6.61283         36 0.0000e+00
      44885   1870.148    468.000     3.7706   3.242368     3.7675   3.241956      97.14     0.0209     2.8357     2.4954  33.604027  3.7950306   48.27560  -46.50170    34.8365    34.8349     3.7377     3.7345    27.6832    27.6823    6.62341    6.61817         25 0.0000e+00
      44907   1871.075    467.000     3.7671   3.241872     3.7658   3.241688      89.93     0.0197     2.8365     2.4957  33.606625  3.7946210   48.27560  -46.50168    34.8349    34.8340     3.7342     3.7329    27.6823    27.6818    6.62910    6.61021         20 0.0000e+00
      44926   1871.869    466.000     3.7659   3.241678     3.7653   3.241596      98.57     0.0193     2.8368     2.4959  33.618954  3.7912347   48.27560  -46.50168    34.8343    34.8340     3.7332     3.7325    27.6819    27.6818    6.62419    6.60728         19 0.0000e+00
      44945   1872.669    465.000     3.7652   3.241553     3.7647   3.241465      98.63     0.0189     2.8371     2.4956  33.619049  3.7912087   48.27560  -46.50168    34.8341    34.8336     3.7325     3.7320    27.6818    27.6815    6.62536    6.60147         20 0.0000e+00
      44966   1873.527    464.000     3.7643   3.241417     3.7636   3.241304      91.28     0.0146     2.8376     2.4952  33.619049  3.7912087   48.27560  -46.50168    34.8339    34.8334     3.7317     3.7309    27.6818    27.6815    6.62801    6.60544         21 0.0000e+00
      44986   1874.384    463.000     3.7632   3.241251     3.7620   3.241087      95.47     0.0127     2.8385     2.4957  33.618328  3.7912087   48.27560  -46.50168    34.8337    34.8330     3.7307     3.7295    27.6817    27.6813    6.62469    6.61479         20 0.0000e+00
      45006   1875.214    462.000     3.7617   3.241038     3.7605   3.240892      96.62     0.0160     2.8375     2.4967  33.610401  3.7907290   48.27560  -46.50170    34.8333    34.8328     3.7293     3.7281    27.6815    27.6813    6.61869    6.61957         20 0.0000e+00
      45027   1876.083    461.000     3.7606   3.240877     3.7593   3.240724      90.32     0.0172     2.8385     2.4974  33.596733  3.7911971   48.27560  -46.50170    34.8331    34.8326     3.7282     3.7270    27.6815    27.6812    6.62857    6.61580         22 0.0000e+00
      45053   1877.187    460.000     3.7596   3.240725     3.7585   3.240594      98.32     0.0185     2.8391     2.4977  33.593960  3.7879770   48.27560  -46.50170    34.8329    34.8325     3.7273     3.7262    27.6814    27.6812    6.63306    6.61285         32 0.0000e+00
