data/CTD/2014/CNV/u017a022.cnv
* Sea-Bird SBE 9 Data File:
* FileName = C:\CTD_ACQUISITION\2014017HUD\ctddata\017A022.hdr
* Software Version Seasave V 7.22.2
* Temperature SN = 5081
* Conductivity SN = 3561
* Number of Bytes Per Scan = 37
* Number of Voltage Words = 4
* Number of Scans Averaged by the Deck Unit = 1
* NMEA Latitude = 53 23.40 N
* NMEA Longitude = 050 07.48 W
* NMEA UTC (Time) = Jul 05 2014 05:54:43
* NMEA baud rate = 9600
** Ship: Hudson
** Cruise: HUD2014017
** Chief_Scientist: Blair Greenan
** Organization: BIO
** Area_of_Operation: Sackville Spur
** Station: 022
** Sounding:  3370
** Event_Comments: K10, 403125
# nquan = 25
# nvalues = 3511                        
# units = specified
# name 0 = scan: Scan Count
# name 1 = timeS: Time, Elapsed [seconds]
# name 2 = prDM: Pressure, Digiquartz [db]
# name 3 = t068C: Temperature [ITS-68, deg C]
# name 4 = c0S/m: Conductivity [S/m]
# name 5 = t168C: Temperature, 2 [ITS-68, deg C]
# name 6 = c1S/m: Conductivity, 2 [S/m]
# name 7 = altM: Altimeter [m]
# name 8 = flC: Fluorescence, Chelsea Aqua 3 Chl Con [ug/l]
# name 9 = sbeox0V: Oxygen raw, SBE 43 [V]
# name 10 = sbeox1V: Oxygen raw, SBE 43, 2 [V]
# name 11 = upoly0: Upoly 0, Optode 4330F - O2 D-Phase
# name 12 = upoly1: Upoly 1, Optode 4330F - O2 Temp
# name 13 = latitude: Latitude [deg]
# name 14 = longitude: Longitude [deg]
# name 15 = sal00: Salinity, Practical [PSU]
# name 16 = sal11: Salinity, Practical, 2 [PSU]
# name 17 = potemp068C: Potential Temperature [ITS-68, deg C]
# name 18 = potemp168C: Potential Temperature, 2 [ITS-68, deg C]
# name 19 = sigma-é00: Density [sigma-theta, Kg/m^3]
# name 20 = sigma-é11: Density, 2 [sigma-theta, Kg/m^3]
# name 21 = sbeox0ML/L: Oxygen, SBE 43 [ml/l], WS = 2
# name 22 = sbeox1ML/L: Oxygen, SBE 43, 2 [ml/l], WS = 2
# name 23 = nbin: number of scans per bin
# name 24 = flag: flag
# span 0 =      92329,     196122       
# span 1 =   3847.018,   8171.721       
# span 2 =      1.000,   3511.000       
# span 3 =     1.7875,     8.9879       
# span 4 =   3.194471,   3.674341       
# span 5 =     1.7864,     8.9878       
# span 6 =   3.194440,   3.674285       
# span 7 =       1.45,     107.14       
# span 8 =     0.0048,     0.5654       
# span 9 =     2.0330,     3.4863       
# span 10 =     1.8009,     3.0647      
# span 11 =  29.880398,  35.868370      
# span 12 =  1.7784536,  9.0174618      
# span 13 =   53.39000,   53.39130      
# span 14 =  -50.12258,  -50.12048      
# span 15 =    34.5873,    34.9182      
# span 16 =    34.5864,    34.9187      
# span 17 =     1.5123,     8.9876      
# span 18 =     1.5111,     8.9875      
# span 19 =    26.7988,    27.9235      
# span 20 =    26.7981,    27.9240      
# span 21 =    6.26574,    7.17125      
# span 22 =    6.02036,    7.19199      
# span 23 =         11,         75      
# span 24 = 0.0000e+00, 0.0000e+00      
# interval = decibars: 1                
# start_time = Jul 05 2014 05:54:43 [NMEA time, header]
# bad_flag = -9.990e-29
*END*
[from data line 290]
      99344   4139.289   3221.000     2.2401   3.224310     2.2376   3.224153      82.27     0.0131     2.0737     1.8303  35.728939  2.2191772   53.39112  -50.12236    34.8969    34.8976     1.9835     1.9810    27.8905    27.8912    6.65143    6.55410         30 0.0000e+00
      99366   4140.229   3220.000     2.2431   3.224545     2.2436   3.224657      98.96     0.0098     2.0735     1.8304  35.726578  2.2185593   53.39112  -50.12236    34.8970    34.8979     1.9866     1.9870    27.8903    27.8910    6.63571    6.55209         19 0.0000e+00
      99384   4140.954   3219.000     2.2464   3.224812     2.2459   3.224836      94.47     0.0108     2.0738     1.8305  35.717785  2.2185593   53.39112  -50.12236    34.8972    34.8980     1.9898     1.9894    27.8902    27.8909    6.65661    6.54965         17 0.0000e+00
      99400   4141.633   3218.000     2.2494   3.225056     2.2499   3.225155      35.65     0.0094     2.0746     1.8305  35.724239  2.2185593   53.39112  -50.12237    34.8974    34.8981     1.9929     1.9933    27.8902    27.8906    6.66327    6.54596         16 0.0000e+00
      99417   4142.341   3217.000     2.2520   3.225253     2.2546   3.225550      97.50     0.0108     2.0746     1.8305  35.702484  2.2185593   53.39112  -50.12238    34.8975    34.8983     1.9955     1.9980    27.8900    27.8905    6.64929    6.54466         18 0.0000e+00
      99439   4143.250   3216.000     2.2555   3.225542     2.2607   3.226055      73.25     0.0146     2.0751     1.8305  35.700264  2.2185593   53.39112  -50.12238    34.8977    34.8984     1.9990     2.0041    27.8899    27.8900    6.64969    6.54355         27 0.0000e+00
      99478   4144.873   3215.000     2.2617   3.226045     2.2613   3.226060      96.82     0.0189     2.0753     1.8305  35.721142  2.2271707   53.39110  -50.12238    34.8976    34.8983     2.0052     2.0048    27.8893    27.8899    6.64723    6.54076         46 0.0000e+00
      99513   4146.342   3214.000     2.2627   3.226084     2.2634   3.226204      71.63     0.0203     2.0760     1.8306  35.703106  2.2348034   53.39110  -50.12238    34.8975    34.8982     2.0063     2.0070    27.8891    27.8896    6.65749    6.54221         24 0.0000e+00
      99534   4147.208   3213.000     2.2656   3.226298     2.2673   3.226526      73.70     0.0138     2.0764     1.8306  35.690559  2.2380965   53.39110  -50.12238    34.8975    34.8984     2.0092     2.0109    27.8889    27.8895    6.64280    6.54124         21 0.0000e+00
      99554   4148.056   3212.000     2.2686   3.226553     2.2690   3.226640      58.08     0.0141     2.0761     1.8307  35.701744  2.2376106   53.39110  -50.12238    34.8979    34.8984     2.0122     2.0127    27.8889    27.8894    6.63839    6.53713         20 0.0000e+00
      99576   4148.962   3211.000     2.2703   3.226669     2.2701   3.226702      98.79     0.0141     2.0761     1.8306  35.722645  2.2380972   53.39110  -50.12238    34.8979    34.8985     2.0140     2.0138    27.8888    27.8894    6.62513    6.53441         23 0.0000e+00
      99599   4149.915   3210.000     2.2720   3.226769     2.2735   3.226973      98.64     0.0163     2.0754     1.8306  35.714802  2.2403593   53.39110  -50.12238    34.8977    34.8986     2.0158     2.0173    27.8885    27.8891    6.63500    6.53546         22 0.0000e+00
      99620   4150.782   3209.000     2.2743   3.226932     2.2753   3.227092      98.64     0.0164     2.0762     1.8305  35.692017  2.2479608   53.39110  -50.12238    34.8977    34.8985     2.0181     2.0191    27.8883    27.8889    6.64495    6.53040         20 0.0000e+00
      99638   4151.536   3208.000     2.2760   3.227055     2.2761   3.227125      52.10     0.0197     2.0758     1.8304  35.691879  2.2478633   53.39110  -50.12238    34.8979    34.8986     2.0199     2.0199    27.8883    27.8889    6.62414    6.53134         17 0.0000e+00
      99655   4152.243   3207.000     2.2782   3.227241     2.2822   3.227655      93.56     0.0167     2.0758     1.8306  35.697849  2.2478633   53.39110  -50.12238    34.8982    34.8990     2.0221     2.0260    27.8885    27.8888    6.62938    6.53375         17 0.0000e+00
      99673   4152.981   3206.000     2.2829   3.227638     2.2885   3.228163      98.52     0.0100     2.0759     1.8306  35.705605  2.2478633   53.39108  -50.12238    34.8984    34.8989     2.0268     2.0323    27.8882    27.8881    6.63365    6.53231         19 0.0000e+00
      99695   4153.897   3205.000     2.2872   3.227984     2.2904   3.228284      53.90     0.0101     2.0758     1.8307  35.705616  2.2512519   53.39108  -50.12239    34.8985    34.8988     2.0311     2.0342    27.8880    27.8879    6.62932    6.53075         27 0.0000e+00
      99737   4155.680   3204.000     2.2870   3.227925     2.2873   3.227968      77.44     0.0117     2.0757     1.8306  35.694584  2.2576439   53.39108  -50.12240    34.8984    34.8987     2.0311     2.0314    27.8879    27.8880    6.61685    6.52368         53 0.0000e+00
      99775   4157.266   3203.000     2.2875   3.227878     2.2848   3.227709      85.75     0.0162     2.0747     1.8304  35.696503  2.2589581   53.39108  -50.12240    34.8979    34.8987     2.0316     2.0290    27.8874    27.8883    6.62217    6.51795         23 0.0000e+00
      99794   4158.030   3202.000     2.2914   3.228203     2.2912   3.228241      98.80     0.0157     2.0755     1.8301  35.692261  2.2588518   53.39108  -50.12240    34.8981    34.8988     2.0356     2.0353    27.8872    27.8878    6.63474    6.51476         16 0.0000e+00
      99810   4158.707   3201.000     2.2950   3.228478     2.2942   3.228467      98.64     0.0149     2.0755     1.8301  35.692307  2.2588522   53.39108  -50.12240    34.8980    34.8987     2.0392     2.0384    27.8869    27.8875    6.61311    6.50869         16 0.0000e+00
      99826   4159.367   3200.000     2.2954   3.228500     2.2952   3.228515      63.96     0.0127     2.0748     1.8296  35.692307  2.2582297   53.39108  -50.12240    34.8983    34.8987     2.0397     2.0395    27.8871    27.8874    6.60417    6.50592         16 0.0000e+00
      99842   4160.055   3199.000     2.2958   3.228501     2.2963   3.228583      33.80     0.0132     2.0749     1.8295  35.690697  2.2630093   53.39108  -50.12240    34.8984    34.8987     2.0401     2.0407    27.8871    27.8874    6.61455    6.51285         18 0.0000e+00
      99861   4160.850   3198.000     2.2967   3.228544     2.2970   3.228612      87.54     0.0143     2.0749     1.8296  35.694622  2.2672632   53.39107  -50.12240    34.8983    34.8988     2.0412     2.0415    27.8870    27.8874    6.61511    6.51567         21 0.0000e+00
      99888   4161.944   3197.000     2.2975   3.228573     2.2970   3.228569      98.17     0.0115     2.0751     1.8295  35.692219  2.2710545   53.39106  -50.12240    34.8983    34.8988     2.0420     2.0416    27.8869    27.8873    6.61593    6.51005         33 0.0000e+00
      99924   4163.447   3196.000     2.2978   3.228545     2.2970   3.228526      98.64     0.0092     2.0740     1.8294  35.692764  2.2773857   53.39106  -50.12240    34.8981    34.8987     2.0424     2.0417    27.8867    27.8872    6.60649    6.51232         34 0.0000e+00
      99951   4164.580   3195.000     2.2981   3.228524     2.2976   3.228530      55.68     0.0103     2.0747     1.8294  35.695683  2.2771673   53.39106  -50.12242    34.8979    34.8986     2.0429     2.0423    27.8865    27.8871    6.60810    6.50778         22 0.0000e+00
      99970   4165.395   3194.000     2.2995   3.228615     2.2989   3.228618      98.75     0.0102     2.0741     1.8292  35.690685  2.2771673   53.39106  -50.12242    34.8980    34.8987     2.0443     2.0437    27.8865    27.8871    6.59771    6.50254         18 0.0000e+00
      99988   4166.139   3193.000     2.3010   3.228719     2.3007   3.228739      56.49     0.0103     2.0742     1.8290  35.710030  2.2771673   53.39106  -50.12242    34.8981    34.8987     2.0459     2.0455    27.8865    27.8870    6.60312    6.50623         18 0.0000e+00
     100006   4166.891   3192.000     2.3015   3.228739     2.3042   3.229029      76.13     0.0156     2.0735     1.8291  35.728806  2.2771673   53.39105  -50.12242    34.8983    34.8989     2.0465     2.0491    27.8865    27.8868    6.59400    6.50920         18 0.0000e+00
     100026   4167.715   3191.000     2.3051   3.229032     2.3099   3.229496      43.78     0.0164     2.0736     1.8291  35.728939  2.2780402   53.39104  -50.12242    34.8985    34.8990     2.0500     2.0548    27.8864    27.8864    6.59666    6.49671         22 0.0000e+00
     100051   4168.740   3190.000     2.3104   3.229464     2.3137   3.229795      93.70     0.0120     2.0738     1.8286  35.729446  2.2863355   53.39104  -50.12242    34.8985    34.8991     2.0554     2.0585    27.8860    27.8862    6.61911    6.48937         28 0.0000e+00
     100082   4170.044   3189.000     2.3139   3.229729     2.3161   3.229981      72.77     0.0112     2.0738     1.8283  35.726715  2.2869360   53.39104  -50.12242    34.8985    34.8991     2.0588     2.0611    27.8857    27.8860    6.58084    6.48776         33 0.0000e+00
     100114   4171.361   3188.000     2.3147   3.229759     2.3170   3.230022      99.19     0.0123     2.0730     1.8278  35.720215  2.2869353   53.39104  -50.12242    34.8984    34.8991     2.0597     2.0684    27.8856    27.8859    6.59551    6.48660         29 0.0000e+00
     100139   4172.397   3187.000     2.3186   3.230034     2.3186   3.230126      54.84     0.0119     2.0732     1.8275  35.731258  2.2945344   53.39104  -50.12242    34.8980    34.8991     2.0638     2.0723    27.8849    27.8858    6.59491    6.48596         21 0.0000e+00
     100158   4173.213   3186.000     2.3199   3.230154     2.3196   3.230175      85.91     0.0125     2.0730     1.8274  35.732029  2.2967167   53.39104  -50.12242    34.8985    34.8991     2.0651     2.0647    27.8852    27.8857    6.59162    6.48063         19 0.0000e+00
     100176   4173.939   3185.000     2.3217   3.230278     2.3226   3.230407      98.53     0.0166     2.0729     1.8271  35.733521  2.2967033   53.39104  -50.12242    34.8986    34.8992     2.0669     2.0677    27.8851    27.8856    6.58437    6.48002         16 0.0000e+00
     100192   4174.642   3184.000     2.3237   3.230432     2.3256   3.230632      45.07     0.0171     2.0728     1.8271  35.742722  2.2967033   53.39103  -50.12242    34.8987    34.8992     2.0690     2.0708    27.8851    27.8853    6.58591    6.48383         18 0.0000e+00
     100210   4175.395   3183.000     2.3255   3.230554     2.3271   3.230735      97.25     0.0177     2.0727     1.8270  35.742069  2.2967033   53.39102  -50.12242    34.8988    34.8993     2.0708     2.0724    27.8850    27.8852    6.58447    6.47850         19 0.0000e+00
     100232   4176.311   3182.000     2.3273   3.230677     2.3289   3.230858      98.64     0.0145     2.0723     1.8267  35.743553  2.3020372   53.39102  -50.12242    34.8989    34.8993     2.0726     2.0742    27.8849    27.8851    6.58153    6.47090         25 0.0000e+00
     100262   4177.522   3181.000     2.3282   3.230725     2.3311   3.231028      67.94     0.0181     2.0723     1.8264  35.742676  2.3052533   53.39102  -50.12244    34.8989    34.8994     2.0737     2.0765    27.8848    27.8850    6.57487    6.46784         32 0.0000e+00
     100291   4178.738   3180.000     2.3296   3.230771     2.3331   3.231133      53.85     0.0196     2.0722     1.8258  35.728832  2.3064809   53.39102  -50.12244    34.8984    34.8991     2.0752     2.0785    27.8843    27.8846    6.58908    6.46666         26 0.0000e+00
     100314   4179.724   3179.000     2.3328   3.231019     2.3347   3.231262      98.47     0.0179     2.0718     1.8258  35.728939  2.3073552   53.39102  -50.12244    34.8984    34.8994     2.0784     2.0802    27.8841    27.8847    6.56580    6.47156         22 0.0000e+00
     100337   4180.665   3178.000     2.3348   3.231195     2.3364   3.231389      98.64     0.0137     2.0717     1.8257  35.739109  2.3162196   53.39102  -50.12245    34.8989    34.8995     2.0804     2.0820    27.8843    27.8847    6.58842    6.47111         23 0.0000e+00
     100362   4181.701   3177.000     2.3364   3.231311     2.3373   3.231427      98.55     0.0152     2.0720     1.8258  35.739788  2.3158801   53.39102  -50.12246    34.8991    34.8996     2.0821     2.0829    27.8843    27.8846    6.57714    6.47236         27 0.0000e+00
     100389   4182.817   3176.000     2.3375   3.231363     2.3380   3.231450      60.05     0.0142     2.0718     1.8258  35.744171  2.3162408   53.39102  -50.12246    34.8989    34.8995     2.0833     2.0838    27.8841    27.8845    6.57284    6.46997         26 0.0000e+00
     100413   4183.825   3175.000     2.3385   3.231411     2.3385   3.231448      99.12     0.0089     2.0719     1.8259  35.743584  2.3166890   53.39102  -50.12246    34.8989    34.8994     2.0844     2.0843    27.8840    27.8844    6.57470    6.47301         22 0.0000e+00
     100434   4184.694   3174.000     2.3390   3.231422     2.3388   3.231447      59.62     0.0135     2.0715     1.8259  35.745068  2.3186967   53.39102  -50.12246    34.8990    34.8995     2.0850     2.0847    27.8840    27.8844    6.56930    6.47212         20 0.0000e+00
     100453   4185.520   3173.000     2.3395   3.231429     2.3395   3.231481      34.24     0.0165     2.0717     1.8261  35.743591  2.3201451   53.39102  -50.12246    34.8990    34.8996     2.0855     2.0855    27.8840    27.8844    6.57992    6.46994         20 0.0000e+00
     100474   4186.374   3172.000     2.3404   3.231465     2.3413   3.231611      96.71     0.0133     2.0717     1.8261  35.744984  2.3246040   53.39100  -50.12246    34.8990    34.8997     2.0865     2.0874    27.8839    27.8844    6.57452    6.47226         21 0.0000e+00
     100496   4187.309   3171.000     2.3418   3.231583     2.3451   3.231894      65.59     0.0125     2.0718     1.8263  35.746029  2.3260019   53.39100  -50.12246    34.8994    34.8997     2.0879     2.0912    27.8840    27.8840    6.57035    6.46529         24 0.0000e+00
     100521   4188.329   3170.000     2.3432   3.231658     2.3490   3.232214      89.49     0.0106     2.0718     1.8260  35.747105  2.3260074   53.39100  -50.12246    34.8992    34.8998     2.0895     2.0951    27.8838    27.8838    6.57655    6.46328         25 0.0000e+00
     100545   4189.326   3169.000     2.3448   3.231753     2.3514   3.232401      98.77     0.0109     2.0724     1.8262  35.743542  2.3260074   53.39100  -50.12246    34.8991    34.8999     2.0911     2.0976    27.8836    27.8837    6.57661    6.46430         22 0.0000e+00
     100566   4190.220   3168.000     2.3497   3.232060     2.3538   3.232579      71.29     0.0151     2.0719     1.8261  35.751568  2.3318100   53.39100  -50.12246    34.8980    34.9000     2.0960     2.1000    27.8823    27.8835    6.56927    6.46435         20 0.0000e+00
     100586   4191.047   3167.000     2.3534   3.232441     2.3549   3.232646      28.20     0.0164     2.0721     1.8264  35.745090  2.3347661   53.39100  -50.12246    34.8991    34.9001     2.0998     2.1106    27.8829    27.8835    6.57306    6.47511         19 0.0000e+00
     100606   4191.884   3166.000     2.3549   3.232571     2.3553   3.232651      88.67     0.0147     2.0724     1.8267  35.745689  2.3353162   53.39100  -50.12247    34.8995    34.9001     2.1014     2.1016    27.8831    27.8835    6.57835    6.46934         21 0.0000e+00
     100630   4192.856   3165.000     2.3560   3.232629     2.3555   3.232618      98.22     0.0168     2.0728     1.8269  35.745296  2.3357573   53.39100  -50.12248    34.8995    34.9000     2.1025     2.1020    27.8830    27.8834    6.56850    6.47228         26 0.0000e+00
