data/CTD/2014/CNV/u017a034.cnv
* Sea-Bird SBE 9 Data File:
* FileName = C:\CTD_ACQUISITION\2014017HUD\ctddata\017A034.hdr
* Software Version Seasave V 7.22.2
* Temperature SN = 5081
* Conductivity SN = 3561
* Number of Bytes Per Scan = 37
* Number of Voltage Words = 4
* Number of Scans Averaged by the Deck Unit = 1
* NMEA Latitude = 48 20.63 N
* NMEA Longitude = 046 35.08 W
* NMEA UTC (Time) = Jul 09 2014 15:35:27
* NMEA baud rate = 9600
** Ship: Hudson
** Cruise: HUD2014017
** Chief_Scientist: Blair Greenan
** Organization: BIO
** Area_of_Operation: Sackville Spur
** Station: 034
** Sounding:  1364
** Event_Comments: SS-10 403200
# nquan = 25
# nvalues = 1420                        
# units = specified
# name 0 = scan: Scan Count
# name 1 = timeS: Time, Elapsed [seconds]
# name 2 = prDM: Pressure, Digiquartz [db]
# name 3 = t068C: Temperature [ITS-68, deg C]
# name 4 = c0S/m: Conductivity [S/m]
# name 5 = t168C: Temperature, 2 [ITS-68, deg C]
# name 6 = c1S/m: Conductivity, 2 [S/m]
# name 7 = altM: Altimeter [m]
# name 8 = flC: Fluorescence, Chelsea Aqua 3 Chl Con [ug/l]
# name 9 = sbeox0V: Oxygen raw, SBE 43 [V]
# name 10 = sbeox1V: Oxygen raw, SBE 43, 2 [V]
# name 11 = upoly0: Upoly 0, Optode 4330F - O2 D-Phase
# name 12 = upoly1: Upoly 1, Optode 4330F - O2 Temp
# name 13 = latitude: Latitude [deg]
# name 14 = longitude: Longitude [deg]
# name 15 = sal00: Salinity, Practical [PSU]
# name 16 = sal11: Salinity, Practical, 2 [PSU]
# name 17 = potemp068C: Potential Temperature [ITS-68, deg C]
# name 18 = potemp168C: Potential Temperature, 2 [ITS-68, deg C]
# name 19 = sigma-é00: Density [sigma-theta, Kg/m^3]
# name 20 = sigma-é11: Density, 2 [sigma-theta, Kg/m^3]
# name 21 = sbeox0ML/L: Oxygen, SBE 43 [ml/l], WS = 2
# name 22 = sbeox1ML/L: Oxygen, SBE 43, 2 [ml/l], WS = 2
# name 23 = nbin: number of scans per bin
# name 24 = flag: flag
# span 0 =      47998,      86108       
# span 1 =   1999.859,   3587.787       
# span 2 =      1.000,   1420.000       
# span 3 =    -1.2342,     7.5644       
# span 4 =   2.670025,   3.373375       
# span 5 =    -1.2344,     7.5691       
# span 6 =   2.669985,   3.373881       
# span 7 =       5.34,     102.53       
# span 8 =     0.0087,     0.0577       
# span 9 =     2.4490,     3.7383       
# span 10 =     2.1624,     3.2938      
# span 11 =  30.415649,  34.815277      
# span 12 = -1.1807368,  7.6883597      
# span 13 =   48.34850,   48.35198      
# span 14 =  -46.58240,  -46.57977      
# span 15 =    32.7573,    34.9111      
# span 16 =    32.7582,    34.9108      
# span 17 =    -1.2348,     7.5643      
# span 18 =    -1.2351,     7.5691      
# span 19 =    25.5753,    27.7649      
# span 20 =    25.5753,    27.7648      
# span 21 =    6.26044,    9.97279      
# span 22 =    6.21302,   10.19576      
# span 23 =         11,         84      
# span 24 = 0.0000e+00, 0.0000e+00      
# interval = decibars: 1                
# start_time = Jul 09 2014 15:35:27 [NMEA time, header]
# bad_flag = -9.990e-29
*END*
[from data line 638]
      62725   2613.517    782.000     3.7892   3.261365     3.7886   3.261288      98.63     0.0138     2.7157     2.3860  33.912067  3.7935009   48.34886  -46.58240    34.8774    34.8771     3.7321     3.7315    27.7164    27.7162    6.53857    6.49824         17 0.0000e+00
      62742   2614.201    781.000     3.7890   3.261298     3.7885   3.261218      98.63     0.0119     2.7164     2.3860  33.912086  3.7948985   48.34886  -46.58240    34.8774    34.8769     3.7319     3.7315    27.7164    27.7161    6.54153    6.49724         16 0.0000e+00
      62758   2614.882    780.000     3.7889   3.261244     3.7884   3.261164      98.63     0.0126     2.7167     2.3862  33.912086  3.8010399   48.34886  -46.58240    34.8773    34.8769     3.7319     3.7314    27.7163    27.7161    6.53535    6.49819         17 0.0000e+00
      62776   2615.609    779.000     3.7887   3.261184     3.7883   3.261113      72.57     0.0136     2.7164     2.3864  33.912086  3.8004732   48.34886  -46.58240    34.8773    34.8769     3.7319     3.7315    27.7163    27.7160    6.53448    6.49791         19 0.0000e+00
      62797   2616.481    778.000     3.7886   3.261131     3.7883   3.261065      57.15     0.0143     2.7167     2.3866  33.912086  3.8009541   48.34886  -46.58240    34.8773    34.8769     3.7319     3.7315    27.7163    27.7160    6.53787    6.49592         24 0.0000e+00
      62825   2617.654    777.000     3.7886   3.261083     3.7883   3.261019      98.16     0.0118     2.7174     2.3865  33.912086  3.8009768   48.34886  -46.58240    34.8772    34.8768     3.7319     3.7316    27.7163    27.7160    6.54291    6.49846         31 0.0000e+00
      62855   2618.920    776.000     3.7887   3.261029     3.7882   3.260960      91.18     0.0150     2.7186     2.3878  33.912086  3.8009768   48.34886  -46.58240    34.8771    34.8767     3.7320     3.7316    27.7161    27.7159    6.54834    6.51596         28 0.0000e+00
      62882   2620.061    775.000     3.7880   3.260900     3.7872   3.260775      98.38     0.0194     2.7190     2.3898  33.911041  3.8009768   48.34886  -46.58240    34.8768    34.8762     3.7314     3.7306    27.7160    27.7155    6.54372    6.52185         28 0.0000e+00
      62910   2621.207    774.000     3.7869   3.260726     3.7861   3.260600      98.63     0.0142     2.7204     2.3909  33.905582  3.8009768   48.34886  -46.58240    34.8764    34.8757     3.7304     3.7297    27.7157    27.7153    6.55195    6.51581         27 0.0000e+00
      62936   2622.285    773.000     3.7862   3.260587     3.7854   3.260496      98.63     0.0161     2.7209     2.3918  33.910934  3.8009768   48.34886  -46.58240    34.8760    34.8757     3.7298     3.7310    27.7155    27.7154    6.55242    6.51812         24 0.0000e+00
      62958   2623.204    772.000     3.7859   3.260504     3.7852   3.260416      98.63     0.0168     2.7217     2.3922  33.912109  3.8009768   48.34886  -46.58240    34.8759    34.8756     3.7296     3.7288    27.7154    27.7153    6.55149    6.51233         20 0.0000e+00
      62977   2624.005    771.000     3.7856   3.260437     3.7851   3.260358      98.63     0.0170     2.7225     2.3922  33.912086  3.8009768   48.34886  -46.58240    34.8759    34.8755     3.7294     3.7289    27.7155    27.7152    6.55247    6.50746         19 0.0000e+00
      62995   2624.765    770.000     3.7854   3.260369     3.7848   3.260283      98.63     0.0169     2.7228     2.3920  33.887840  3.8009768   48.34886  -46.58240    34.8758    34.8754     3.7293     3.7287    27.7154    27.7152    6.54845    6.50725         18 0.0000e+00
      63013   2625.517    769.000     3.7852   3.260307     3.7845   3.260212      98.63     0.0224     2.7226     2.3921  33.881191  3.8009768   48.34886  -46.58240    34.8758    34.8754     3.7292     3.7285    27.7154    27.7152    6.54766    6.50984         18 0.0000e+00
      63033   2626.316    768.000     3.7849   3.260230     3.7843   3.260143      90.65     0.0184     2.7234     2.3924  33.878376  3.7999954   48.34886  -46.58240    34.8757    34.8753     3.7290     3.7284    27.7153    27.7151    6.55417    6.51198         20 0.0000e+00
      63054   2627.224    767.000     3.7844   3.260117     3.7835   3.259988      63.77     0.0164     2.7240     2.3929  33.873653  3.7944961   48.34886  -46.58240    34.8755    34.8748     3.7285     3.7277    27.7152    27.7148    6.55447    6.51634         24 0.0000e+00
      63083   2628.402    766.000     3.7842   3.260052     3.7829   3.259858      98.20     0.0163     2.7250     2.3938  33.876534  3.7973883   48.34886  -46.58238    34.8754    34.8745     3.7284     3.7271    27.7152    27.7146    6.55541    6.51936         33 0.0000e+00
      63116   2629.788    765.000     3.7842   3.260010     3.7824   3.259736      98.63     0.0186     2.7256     2.3943  33.874516  3.7991676   48.34886  -46.58238    34.8755    34.8741     3.7284     3.7267    27.7152    27.7143    6.55632    6.51134         32 0.0000e+00
      63144   2630.973    764.000     3.7831   3.259804     3.7819   3.259608      98.63     0.0170     2.7260     2.3940  33.868053  3.7982306   48.34886  -46.58238    34.8747    34.8737     3.7275     3.7262    27.7147    27.7140    6.55220    6.51169         25 0.0000e+00
      63167   2631.915    763.000     3.7823   3.259629     3.7816   3.259538      98.63     0.0125     2.7262     2.3946  33.868134  3.8005331   48.34886  -46.58238    34.8740    34.8736     3.7267     3.7261    27.7142    27.7139    6.55575    6.51495         20 0.0000e+00
      63186   2632.693    762.000     3.7822   3.259562     3.7816   3.259480      78.07     0.0108     2.7270     2.3946  33.868134  3.7966092   48.34886  -46.58238    34.8738    34.8735     3.7267     3.7261    27.7141    27.7138    6.56521    6.50947         18 0.0000e+00
      63202   2633.382    761.000     3.7822   3.259515     3.7817   3.259445      54.11     0.0152     2.7280     2.3944  33.868134  3.7983899   48.34886  -46.58238    34.8737    34.8735     3.7268     3.7263    27.7140    27.7138    6.56276    6.50311         15 0.0000e+00
      63218   2634.042    760.000     3.7821   3.259469     3.7817   3.259408      98.63     0.0196     2.7281     2.3939  33.868134  3.7963798   48.34886  -46.58238    34.8738    34.8735     3.7268     3.7264    27.7140    27.7139    6.55925    6.50543         17 0.0000e+00
      63235   2634.756    759.000     3.7822   3.259431     3.7818   3.259360      98.63     0.0174     2.7286     2.3945  33.868134  3.7913148   48.34886  -46.58238    34.8738    34.8734     3.7269     3.7265    27.7140    27.7138    6.56228    6.51398         18 0.0000e+00
      63257   2635.646    758.000     3.7820   3.259375     3.7816   3.259310      98.63     0.0156     2.7293     2.3946  33.868134  3.7915676   48.34886  -46.58238    34.8738    34.8735     3.7269     3.7265    27.7141    27.7138    6.56386    6.51029         26 0.0000e+00
      63291   2637.103    757.000     3.7820   3.259328     3.7816   3.259263      98.63     0.0138     2.7301     2.3951  33.867462  3.7912145   48.34887  -46.58238    34.8739    34.8735     3.7269     3.7265    27.7141    27.7138    6.55813    6.51405         43 0.0000e+00
      63329   2638.655    756.000     3.7819   3.259275     3.7815   3.259204      98.63     0.0161     2.7300     2.3961  33.866085  3.7912087   48.34887  -46.58238    34.8738    34.8735     3.7269     3.7265    27.7140    27.7138    6.55271    6.51866         29 0.0000e+00
      63354   2639.693    755.000     3.7820   3.259235     3.7814   3.259164      98.63     0.0191     2.7296     2.3968  33.865467  3.7912087   48.34886  -46.58238    34.8738    34.8735     3.7271     3.7265    27.7140    27.7139    6.55438    6.52283         22 0.0000e+00
      63375   2640.586    754.000     3.7823   3.259216     3.7818   3.259144      98.63     0.0141     2.7303     2.3977  33.856945  3.7907422   48.34886  -46.58238    34.8737    34.8734     3.7275     3.7269    27.7139    27.7137    6.56339    6.52582         21 0.0000e+00
      63394   2641.393    753.000     3.7824   3.259179     3.7819   3.259120      98.63     0.0138     2.7312     2.3982  33.853493  3.7912073   48.34886  -46.58238    34.8737    34.8735     3.7276     3.7272    27.7139    27.7138    6.56805    6.51735         18 0.0000e+00
      63412   2642.142    752.000     3.7825   3.259150     3.7819   3.259081      98.63     0.0121     2.7319     2.3980  33.853481  3.7912087   48.34886  -46.58238    34.8738    34.8736     3.7278     3.7273    27.7140    27.7138    6.56816    6.51431         17 0.0000e+00
      63429   2642.831    751.000     3.7825   3.259107     3.7819   3.259027      98.63     0.0126     2.7324     2.3983  33.844082  3.7912087   48.34886  -46.58238    34.8738    34.8735     3.7279     3.7273    27.7139    27.7138    6.56514    6.52289         16 0.0000e+00
      63445   2643.493    750.000     3.7823   3.259038     3.7816   3.258935      98.63     0.0112     2.7325     2.3990  33.846191  3.7912087   48.34886  -46.58238    34.8737    34.8732     3.7278     3.7271    27.7139    27.7135    6.56361    6.52871         16 0.0000e+00
      63462   2644.201    749.000     3.7818   3.258941     3.7811   3.258831      98.63     0.0090     2.7331     2.3997  33.846539  3.7912087   48.34888  -46.58238    34.8736    34.8731     3.7273     3.7266    27.7139    27.7135    6.56478    6.52786         19 0.0000e+00
      63486   2645.193    748.000     3.7814   3.258862     3.7806   3.258737      98.63     0.0127     2.7336     2.4003  33.852852  3.7912087   48.34888  -46.58238    34.8736    34.8730     3.7270     3.7263    27.7139    27.7134    6.56267    6.52452         33 0.0000e+00
      63534   2647.191    747.000     3.7815   3.258826     3.7809   3.258731      98.63     0.0132     2.7344     2.4013  33.834927  3.7912087   48.34888  -46.58237    34.8736    34.8731     3.7272     3.7266    27.7139    27.7135    6.56768    6.52780         48 0.0000e+00
      63564   2648.472    746.000     3.7814   3.258738     3.7808   3.258652      98.63     0.0149     2.7352     2.4019  33.828754  3.7868605   48.34888  -46.58236    34.8732    34.8728     3.7272     3.7266    27.7135    27.7133    6.56848    6.52713         21 0.0000e+00
      63582   2649.206    745.000     3.7805   3.258562     3.7797   3.258449      98.63     0.0136     2.7353     2.4022  33.829685  3.7825587   48.34888  -46.58236    34.8725    34.8721     3.7264     3.7256    27.7131    27.7128    6.56384    6.52563         16 0.0000e+00
      63597   2649.821    744.000     3.7798   3.258416     3.7791   3.258332      98.63     0.0166     2.7359     2.4023  33.832588  3.7842519   48.34888  -46.58236    34.8721    34.8718     3.7258     3.7251    27.7128    27.7126    6.56267    6.52594         14 0.0000e+00
      63611   2650.399    743.000     3.7795   3.258345     3.7788   3.258258      98.63     0.0181     2.7355     2.4023  33.837814  3.7870395   48.34888  -46.58236    34.8721    34.8718     3.7255     3.7249    27.7129    27.7126    6.55968    6.52945         14 0.0000e+00
      63625   2651.006    742.000     3.7792   3.258273     3.7786   3.258188      98.63     0.0161     2.7355     2.4031  33.853115  3.7911115   48.34887  -46.58236    34.8721    34.8717     3.7253     3.7247    27.7128    27.7126    6.56245    6.53271         16 0.0000e+00
      63647   2651.926    741.000     3.7789   3.258211     3.7783   3.258112      98.63     0.0118     2.7356     2.4037  33.846397  3.7909465   48.34886  -46.58236    34.8722    34.8717     3.7251     3.7245    27.7130    27.7126    6.56203    6.53512         33 0.0000e+00
      63692   2653.772    740.000     3.7789   3.258166     3.7786   3.258104      98.63     0.0139     2.7362     2.4053  33.816948  3.7903569   48.34886  -46.58236    34.8721    34.8718     3.7252     3.7249    27.7129    27.7126    6.56626    6.53817         38 0.0000e+00
      63715   2654.759    739.000     3.7790   3.258112     3.7784   3.258041      98.63     0.0218     2.7373     2.4058  33.813747  3.7832232   48.34887  -46.58236    34.8719    34.8717     3.7254     3.7248    27.7127    27.7126    6.57310    6.53524         20 0.0000e+00
      63734   2655.540    738.000     3.7787   3.258039     3.7780   3.257960      98.63     0.0229     2.7376     2.4060  33.816460  3.7834969   48.34888  -46.58236    34.8720    34.8717     3.7251     3.7244    27.7128    27.7126    6.57735    6.52993         19 0.0000e+00
      63753   2656.333    737.000     3.7782   3.257953     3.7777   3.257861      98.63     0.0209     2.7389     2.4057  33.812561  3.7833972   48.34888  -46.58234    34.8719    34.8714     3.7247     3.7242    27.7128    27.7124    6.57402    6.52726         20 0.0000e+00
      63776   2657.284    736.000     3.7779   3.257872     3.7773   3.257777      98.63     0.0199     2.7390     2.4058  33.812248  3.7853189   48.34886  -46.58234    34.8718    34.8713     3.7245     3.7239    27.7127    27.7124    6.56615    6.52779         27 0.0000e+00
      63807   2658.578    735.000     3.7778   3.257800     3.7773   3.257726      98.63     0.0181     2.7392     2.4059  33.820152  3.7888083   48.34886  -46.58234    34.8716    34.8712     3.7245     3.7240    27.7126    27.7123    6.56640    6.53092         32 0.0000e+00
      63835   2659.759    734.000     3.7779   3.257752     3.7774   3.257680      98.63     0.0127     2.7392     2.4061  33.819275  3.7900190   48.34886  -46.58234    34.8715    34.8711     3.7246     3.7241    27.7124    27.7122    6.57045    6.52678         24 0.0000e+00
      63857   2660.674    733.000     3.7780   3.257705     3.7774   3.257629      98.63     0.0143     2.7402     2.4060  33.812969  3.7898121   48.34886  -46.58234    34.8714    34.8710     3.7248     3.7242    27.7123    27.7121    6.57325    6.52815         21 0.0000e+00
      63877   2661.483    732.000     3.7780   3.257658     3.7773   3.257586      98.63     0.0105     2.7403     2.4063  33.811142  3.7906702   48.34886  -46.58234    34.8713    34.8711     3.7249     3.7242    27.7123    27.7122    6.56894    6.53539         18 0.0000e+00
      63895   2662.252    731.000     3.7778   3.257607     3.7773   3.257539      98.63     0.0126     2.7406     2.4071  33.811840  3.7912104   48.34886  -46.58234    34.8714    34.8711     3.7248     3.7243    27.7124    27.7122    6.56766    6.54106         19 0.0000e+00
      63914   2663.037    730.000     3.7777   3.257550     3.7772   3.257489      98.63     0.0138     2.7406     2.4080  33.811069  3.7906976   48.34886  -46.58234    34.8714    34.8712     3.7248     3.7243    27.7123    27.7122    6.56979    6.54088         19 0.0000e+00
      63935   2663.903    729.000     3.7776   3.257497     3.7772   3.257441      98.63     0.0141     2.7410     2.4085  33.810802  3.7912009   48.34886  -46.58234    34.8713    34.8711     3.7247     3.7244    27.7123    27.7121    6.56520    6.53679         23 0.0000e+00
      63959   2664.931    728.000     3.7776   3.257452     3.7772   3.257391      98.58     0.0146     2.7410     2.4085  33.810085  3.7897995   48.34886  -46.58234    34.8713    34.8711     3.7248     3.7244    27.7123    27.7121    6.57034    6.53242         27 0.0000e+00
      63990   2666.192    727.000     3.7776   3.257405     3.7771   3.257338      98.58     0.0139     2.7421     2.4091  33.810440  3.7902949   48.34886  -46.58234    34.8713    34.8711     3.7249     3.7244    27.7123    27.7121    6.57347    6.53907         32 0.0000e+00
      64019   2667.417    726.000     3.7776   3.257356     3.7771   3.257279      98.47     0.0142     2.7424     2.4098  33.809509  3.7912252   48.34886  -46.58234    34.8713    34.8709     3.7249     3.7244    27.7122    27.7120    6.57210    6.53807         26 0.0000e+00
