data/CTD/2014/CNV/u017a031.cnv
* Sea-Bird SBE 9 Data File:
* FileName = C:\CTD_ACQUISITION\2014017HUD\ctddata\017A031.hdr
* Software Version Seasave V 7.22.2
* Temperature SN = 5081
* Conductivity SN = 3561
* Number of Bytes Per Scan = 37
* Number of Voltage Words = 4
* Number of Scans Averaged by the Deck Unit = 1
* NMEA Latitude = 48 42.12 N
* NMEA Longitude = 045 35.33 W
* NMEA UTC (Time) = Jul 07 2014 07:43:15
* NMEA baud rate = 9600
** Ship: Hudson
** Cruise: HUD2014017
** Chief_Scientist: Blair Greenan
** Organization: BIO
** Area_of_Operation: Sackville Spur
** Station: 031
** Sounding:  1094
** Event_Comments: SS_23, 403182
# nquan = 25
# nvalues = 1117                        
# units = specified
# name 0 = scan: Scan Count
# name 1 = timeS: Time, Elapsed [seconds]
# name 2 = prDM: Pressure, Digiquartz [db]
# name 3 = t068C: Temperature [ITS-68, deg C]
# name 4 = c0S/m: Conductivity [S/m]
# name 5 = t168C: Temperature, 2 [ITS-68, deg C]
# name 6 = c1S/m: Conductivity, 2 [S/m]
# name 7 = altM: Altimeter [m]
# name 8 = flC: Fluorescence, Chelsea Aqua 3 Chl Con [ug/l]
# name 9 = sbeox0V: Oxygen raw, SBE 43 [V]
# name 10 = sbeox1V: Oxygen raw, SBE 43, 2 [V]
# name 11 = upoly0: Upoly 0, Optode 4330F - O2 D-Phase
# name 12 = upoly1: Upoly 1, Optode 4330F - O2 Temp
# name 13 = latitude: Latitude [deg]
# name 14 = longitude: Longitude [deg]
# name 15 = sal00: Salinity, Practical [PSU]
# name 16 = sal11: Salinity, Practical, 2 [PSU]
# name 17 = potemp068C: Potential Temperature [ITS-68, deg C]
# name 18 = potemp168C: Potential Temperature, 2 [ITS-68, deg C]
# name 19 = sigma-é00: Density [sigma-theta, Kg/m^3]
# name 20 = sigma-é11: Density, 2 [sigma-theta, Kg/m^3]
# name 21 = sbeox0ML/L: Oxygen, SBE 43 [ml/l], WS = 2
# name 22 = sbeox1ML/L: Oxygen, SBE 43, 2 [ml/l], WS = 2
# name 23 = nbin: number of scans per bin
# name 24 = flag: flag
# span 0 =      34825,      63463       
# span 1 =   1451.006,   2644.257       
# span 2 =      1.000,   1117.000       
# span 3 =    -0.1011,     8.8970       
# span 4 =   2.795669,   3.594859       
# span 5 =    -0.2019,     8.9016       
# span 6 =   2.784890,   3.595459       
# span 7 =       3.13,     104.07       
# span 8 =     0.0083,     1.0945       
# span 9 =     2.5397,     3.6548       
# span 10 =     2.2446,     3.2130      
# span 11 =  30.227171,  34.595592      
# span 12 =  0.3223771,  8.8621645      
# span 13 =   48.70292,   48.70370      
# span 14 =  -45.58768,  -45.58616      
# span 15 =    33.4868,    34.9090      
# span 16 =    33.5143,    34.9083      
# span 17 =    -0.1021,     8.8969      
# span 18 =    -0.2028,     8.9015      
# span 19 =    26.2306,    27.7545      
# span 20 =    26.2314,    27.7541      
# span 21 =    6.08195,   10.19194      
# span 22 =    5.79814,   11.04084      
# span 23 =         10,         82      
# span 24 = 0.0000e+00, 0.0000e+00      
# interval = decibars: 1                
# start_time = Jul 07 2014 07:43:15 [NMEA time, header]
# bad_flag = -9.990e-29
*END*
[from data line 1044]
      60279   2511.603     73.000     2.1817   3.044701     2.1703   3.043393      52.46     0.0238     2.9378     2.5802  33.818848  2.3846734   48.70346  -45.58634    34.3465    34.3424     2.1778     2.1664    27.4340    27.4317    6.85343    6.85675         22 0.0000e+00
      60303   2512.574     72.000     2.1664   3.043188     2.1502   3.041253      99.22     0.0252     2.9366     2.5798  33.823006  2.3784359   48.70346  -45.58634    34.3445    34.3380     2.1625     2.1464    27.4336    27.4297    6.84451    6.85462         24 0.0000e+00
      60327   2513.578     71.000     2.1575   3.042132     2.1275   3.038780      98.63     0.0210     2.9347     2.5790  33.825436  2.3351262   48.70346  -45.58634    34.3417    34.3323     2.1538     2.1237    27.4320    27.4270    6.84788    6.85600         24 0.0000e+00
      60351   2514.570     70.000     2.1556   3.041780     2.0928   3.034845      58.02     0.0191     2.9343     2.5790  33.821877  2.3323033   48.70346  -45.58633    34.3399    34.3212     2.1519     2.0891    27.4308    27.4208    6.85701    6.86256         25 0.0000e+00
      60377   2515.676     69.000     2.1291   3.038817     2.0605   3.031276      97.46     0.0226     2.9349     2.5797  33.839329  2.3144042   48.70346  -45.58632    34.3322    34.3120     2.1254     2.0569    27.4267    27.4160    6.87549    6.87635         29 0.0000e+00
      60408   2516.948     68.000     2.0915   3.034809     2.0333   3.028278      83.02     0.0284     2.9368     2.5809  33.844734  2.2863646   48.70346  -45.58632    34.3233    34.3045     2.0879     2.0298    27.4226    27.4121    6.89738    6.89370         30 0.0000e+00
      60435   2518.101     67.000     2.0646   3.032029     2.0255   3.027240      42.47     0.0265     2.9395     2.5832  33.856594  2.2571769   48.70346  -45.58632    34.3182    34.3006     2.0611     2.0220    27.4206    27.4096    6.90620    6.90728         25 0.0000e+00
      60457   2519.003     66.000     2.0310   3.028129     2.0148   3.025768      98.96     0.0265     2.9401     2.5840  33.865852  2.2406058   48.70346  -45.58632    34.3063    34.2943     2.0275     2.0113    27.4138    27.4054    6.90007    6.91458         19 0.0000e+00
      60475   2519.756     65.000     1.9616   3.020501     1.9611   3.019896      98.63     0.0240     2.9406     2.5854  33.875095  2.2282364   48.70346  -45.58632    34.2863    34.2793     1.9583     1.9578    27.4032    27.3976    6.92544    6.94648         17 0.0000e+00
      60492   2520.450     64.000     1.9237   3.016171     1.9095   3.014228      49.03     0.0250     2.9422     2.5877  33.871620  2.2283273   48.70346  -45.58632    34.2736    34.2646     1.9204     1.9062    27.3959    27.3898    6.95423    6.97427         17 0.0000e+00
      60509   2521.186     63.000     1.8991   3.013427     1.8671   3.009621      86.93     0.0279     2.9448     2.5910  33.904911  2.1804221   48.70346  -45.58632    34.2664    34.2533     1.8959     1.8639    27.3920    27.3839    6.97617    6.99983         19 0.0000e+00
      60530   2522.050     62.000     1.8727   3.010352     1.8362   3.006330      98.24     0.0232     2.9485     2.5952  33.911854  2.1700675   48.70346  -45.58632    34.2569    34.2458     1.8695     1.8331    27.3864    27.3803    6.98960    7.01874         23 0.0000e+00
      60559   2523.241     61.000     1.8677   3.009743     1.8244   3.004929      67.04     0.0209     2.9527     2.6000  33.923107  2.0988994   48.70346  -45.58632    34.2553    34.2416     1.8646     1.8213    27.3855    27.3778    6.99818    7.02551         33 0.0000e+00
      60590   2524.537     60.000     1.8753   3.010739     1.8350   3.006077      99.48     0.0239     2.9567     2.6053  33.925724  2.0676644   48.70346  -45.58632    34.2602    34.2451     1.8722     1.8320    27.3888    27.3798    7.00747    7.05035         26 0.0000e+00
      60612   2525.456     59.000     1.8568   3.008452     1.8304   3.005170      71.31     0.0227     2.9610     2.6099  33.914070  2.0322859   48.70346  -45.58630    34.2519    34.2392     1.8538     1.8275    27.3836    27.3755    7.03126    7.04250         20 0.0000e+00
      60630   2526.193     58.000     1.8494   3.006732     1.8429   3.005653      17.88     0.0249     2.9636     2.6095  33.916355  2.0329671   48.70346  -45.58630    34.2389    34.2324     1.8465     1.8400    27.3738    27.3690    6.99916    6.98420         17 0.0000e+00
      60647   2526.900     57.000     1.8823   3.008883     1.9014   3.010357      62.36     0.0249     2.9620     2.6057  33.925659  2.0239851   48.70346  -45.58630    34.2309    34.2288     1.8794     1.8985    27.3648    27.3617    6.95633    6.98228         17 0.0000e+00
      60665   2527.670     56.000     1.9197   3.011714     1.9618   3.015544      97.86     0.0251     2.9604     2.6079  33.932453  2.0136588   48.70346  -45.58630    34.2266    34.2291     1.9168     1.9589    27.3585    27.3573    6.96428    7.06572         20 0.0000e+00
      60689   2528.685     55.000     1.9566   3.014740     2.0000   3.018873      85.29     0.0285     2.9625     2.6166  33.916229  2.0103130   48.70346  -45.58630    34.2252    34.2301     1.9538     1.9971    27.3545    27.3551    7.01964    7.08702         30 0.0000e+00
      60728   2530.273     54.000     1.9668   3.015944     2.0009   3.018672      75.40     0.0292     2.9746     2.6242  33.876125  2.0053670   48.70348  -45.58630    34.2298    34.2274     1.9641     1.9982    27.3574    27.3529    7.07605    7.08746         41 0.0000e+00
      60758   2531.560     53.000     1.9704   3.016428     2.0558   3.023490      99.32     0.0295     2.9815     2.6295  33.867844  2.0333297   48.70348  -45.58630    34.2315    34.2294     1.9677     2.0532    27.3585    27.3502    7.06633    7.09194         22 0.0000e+00
      60776   2532.298     52.000     2.0702   3.024103     2.1147   3.028298      61.18     0.0332     2.9854     2.6320  33.868134  2.0329709   48.70348  -45.58628    34.2214    34.2259     2.0675     2.1119    27.3426    27.3427    7.02428    7.02195         15 0.0000e+00
      60791   2532.909     51.000     1.9915   3.016003     2.0033   3.014726      59.59     0.0345     2.9851     2.6284  33.860649  2.0372446   48.70346  -45.58630    34.2056    34.1768     1.9889     2.0006    27.3360    27.3121    6.96921    6.94363         14 0.0000e+00
      60805   2533.507     50.000     1.8442   3.001022     1.7746   2.991967      99.07     0.0342     2.9790     2.6201  33.848461  2.0427980   48.70346  -45.58630    34.1772    34.1384     1.8417     1.7722    27.3247    27.2988    6.92707    6.90788         15 0.0000e+00
      60822   2534.190     49.000     1.7453   2.990354     1.6934   2.985079      98.63     0.0368     2.9719     2.6118  33.850349  2.0427351   48.70348  -45.58628    34.1504    34.1400     1.7429     1.6910    27.3106    27.3061    6.91997    6.91206         19 0.0000e+00
      60848   2535.271     48.000     1.7433   2.989466     1.9131   3.004788      71.14     0.0410     2.9633     2.6021  33.867279  2.0497115   48.70348  -45.58628    34.1420    34.1512     1.7409     1.9106    27.3039    27.2985    6.94930    6.92766         37 0.0000e+00
      60892   2537.143     47.000     1.8800   3.002911     1.8617   3.001538      76.18     0.0469     2.9606     2.5939  33.861843  1.9544708   48.70348  -45.58628    34.1640    34.1665     1.8776     1.8593    27.3113    27.3147    6.98443    6.92608         41 0.0000e+00
      60921   2538.349     46.000     1.8697   3.002300     1.9065   3.004932      58.89     0.0483     2.9620     2.5923  33.853374  1.8842481   48.70348  -45.58628    34.1680    34.1613     1.8674     1.9042    27.3153    27.3071    6.98425    6.93548         23 0.0000e+00
      60942   2539.208     45.000     1.8832   3.002162     1.9282   3.003670      87.04     0.0452     2.9625     2.5914  33.802616  1.9357708   48.70348  -45.58628    34.1522    34.1225     1.8809     1.9260    27.3016    27.2743    6.97684    6.96073         19 0.0000e+00
      60961   2539.982     44.000     1.5298   2.968470     1.4902   2.959279      98.68     0.0360     2.9623     2.5950  33.794846  1.9450881   48.70348  -45.58628    34.1100    34.0360     1.5277     1.4881    27.2938    27.2371    7.07830    7.08424         18 0.0000e+00
      60978   2540.721     43.000     1.2594   2.939764     1.0962   2.920535      98.63     0.0318     2.9670     2.5992  33.826271  1.9450549   48.70348  -45.58628    34.0388    33.9702     1.2575     1.0943    27.2555    27.2112    7.18097    7.13440         18 0.0000e+00
      60997   2541.486     42.000     1.0281   2.916120     0.9054   2.902234      44.10     0.0298     2.9713     2.5998  33.922615  1.9450549   48.70348  -45.58628    33.9825    33.9434     1.0263     0.9036    27.2255    27.2019    7.15567    7.10283         19 0.0000e+00
      61017   2542.335     41.000     0.9214   2.904517     0.8134   2.892873      93.59     0.0318     2.9642     2.5931  33.926689  1.9450549   48.70348  -45.58628    33.9558    33.9235     0.9197     0.8117    27.2109    27.1917    7.03191    7.03392         22 0.0000e+00
      61040   2543.285     40.000     0.8444   2.896831     0.7399   2.885325      98.61     0.0314     2.9496     2.5828  33.978615  1.6148351   48.70348  -45.58626    33.9383    33.9068     0.8428     0.7382    27.2017    27.1827    7.00439    7.02008         23 0.0000e+00
      61064   2544.279     39.000     0.8030   2.892369     0.6846   2.879410      46.19     0.0338     2.9418     2.5764  33.986015  1.5620545   48.70348  -45.58626    33.9296    33.8911     0.8014     0.6830    27.1972    27.1734    7.08888    7.07188         24 0.0000e+00
      61090   2545.374     38.000     0.7657   2.888100     0.6426   2.874965      84.41     0.0385     2.9419     2.5763  33.997330  1.4143636   48.70350  -45.58626    33.9156    33.8799     0.7642     0.6411    27.1882    27.1669    7.17264    7.15049         30 0.0000e+00
      61127   2546.924     37.000     0.8194   2.894067     0.7392   2.886844      77.85     0.0564     2.9515     2.5861  33.997204  1.3210139   48.70350  -45.58626    33.9346    33.9289     0.8179     0.7377    27.2001    27.2005    7.24699    7.24845         42 0.0000e+00
      61160   2548.305     36.000     0.9002   2.903253     0.6913   2.879719      85.91     0.0579     2.9622     2.5987  33.996799  1.2486203   48.70350  -45.58626    33.9656    33.8893     0.8987     0.6899    27.2200    27.1714    7.23484    7.24347         23 0.0000e+00
      61178   2549.047     35.000     0.4626   2.858418     0.3501   2.843797      98.72     0.0650     2.9650     2.6017  34.035408  1.1473258   48.70350  -45.58626    33.8633    33.7956     0.4613     0.3488    27.1638    27.1155    7.30231    7.30787         15 0.0000e+00
      61192   2549.632     34.000     0.1849   2.827745     0.1399   2.821618      98.63     0.0705     2.9661     2.6027  34.047474  1.0946479   48.70350  -45.58626    33.7670    33.7358     0.1837     0.1387    27.1014    27.0786    7.34629    7.37501         13 0.0000e+00
      61205   2550.167     33.000     0.0644   2.813773     0.0091   2.806952      74.70     0.0924     2.9655     2.6034  34.048466  1.0952381   48.70350  -45.58626    33.7159    33.6866     0.0633     0.0080    27.0664    27.0455    7.39062    7.44575         13 0.0000e+00
      61218   2550.716     32.000    -0.0216   2.804227    -0.1084   2.794268      37.37     0.1227     2.9672     2.6091  34.083893  1.0686877   48.70350  -45.58626    33.6850    33.6486    -0.0226    -0.1094    27.0457    27.0207    7.46127    7.51938         14 0.0000e+00
      61233   2551.334     31.000    -0.0866   2.797346    -0.1792   2.786922      96.76     0.1380     2.9737     2.6145  34.239334  0.8958722   48.70350  -45.58626    33.6661    33.6297    -0.0877    -0.1802    27.0337    27.0088    7.52944    7.57724         16 0.0000e+00
      61254   2552.210     30.000    -0.1011   2.795669    -0.2019   2.784890      98.64     0.1592     2.9818     2.6269  34.237053  0.8901099   48.70350  -45.58626    33.6604    33.6283    -0.1021    -0.2028    27.0298    27.0087    7.62874    7.81103         28 0.0000e+00
      61298   2554.054     29.000     0.0081   2.807709    -0.0505   2.802382      74.76     0.1696     3.0322     2.7074  34.238987  0.5304247   48.70350  -45.58626    33.7001    33.6892     0.0072    -0.0514    27.0565    27.0505    8.07686    8.44449         53 0.0000e+00
      61336   2555.639     28.000     0.0787   2.814733     0.0493   2.811782      60.07     0.1462     3.1082     2.7935  34.227432  0.3391297   48.70350  -45.58625    33.7159    33.7094     0.0777     0.0483    27.0657    27.0619    8.35316    8.57387         26 0.0000e+00
      61359   2556.570     27.000     0.0066   2.807341    -0.0102   2.805218      35.79     0.1843     3.1452     2.8213  34.224148  0.3426059   48.70350  -45.58624    33.6981    33.6859     0.0057    -0.0111    27.0550    27.0459    8.40933    8.55184         20 0.0000e+00
      61378   2557.357     26.000     0.1585   2.813288     0.1652   2.816320      82.61     0.3694     3.1770     2.8463  34.219643  0.3223771   48.70350  -45.58624    33.6103    33.6429     0.1576     0.1643    26.9763    27.0023    8.81234    9.30170         17 0.0000e+00
      61394   2558.044     25.000     0.3197   2.825916     0.3209   2.825467      84.09     0.8044     3.2395     2.9395  34.219780  0.3229907   48.70350  -45.58624    33.6004    33.5932     0.3188     0.3200    26.9599    26.9540    9.54519   10.56367         17 0.0000e+00
      61411   2558.732     24.000     0.2363   2.817456     0.1604   2.807230      42.91     1.0945     3.3388     3.0800  34.185360  0.3319460   48.70350  -45.58625    33.5811    33.5296     0.2354     0.1595    26.9488    26.9112   10.18478   11.04084         17 0.0000e+00
      61429   2559.496     23.000     0.2188   2.812047     0.3244   2.819987      96.78     0.8909     3.4474     3.1727  34.091053  0.3616474   48.70350  -45.58626    33.5288    33.5187     0.2188     0.3236    26.9075    26.8937   10.18911   10.02970         20 0.0000e+00
      61458   2560.725     22.000     0.2613   2.816500     0.4695   2.831679      80.01     0.5567     3.5110     3.1049  34.013359  0.3981107   48.70351  -45.58625    33.5423    33.5143     0.2606     0.4687    26.9161    26.8821    9.03779    8.26673         44 0.0000e+00
      61504   2562.611     21.000     0.2911   2.821718     0.2207   2.817254      89.85     0.3175     3.4334     3.0239  33.867847  0.4619663   48.70352  -45.58624    33.5790    33.5973     0.2903     0.2200    26.9441    26.9627    8.43994    9.55711         32 0.0000e+00
      61525   2563.521     20.000     0.3380   2.823598     0.4586   2.832587      37.78     0.3408     3.4781     3.1343  33.684776  0.5011154   48.70352  -45.58624    33.5530    33.5391     0.3373     0.4579    26.9206    26.9028   10.04836   10.44108         18 0.0000e+00
      61542   2564.191     19.000     1.1345   2.885085     1.2048   2.901703      88.02     0.2748     3.5705     3.1943  33.692307  0.4993895   48.70352  -45.58624    33.4868    33.6227     1.1336     1.2040    26.8187    26.9232   10.19194    9.85891         16 0.0000e+00
      61557   2564.822     18.000     3.0517   3.049955     3.9493   3.153838      80.76     0.2297     3.6338     3.2130  33.598225  0.4840289   48.70352  -45.58624    33.5158    33.7805     3.0507     3.9481    26.6926    26.8139    9.29847    8.85432         15 0.0000e+00
      61573   2565.518     17.000     4.7465   3.201411     6.5364   3.377667       8.56     0.1936     3.6548     3.2020  33.423740  0.4516572   48.70352  -45.58624    33.5779    33.8229     4.7452     6.5350    26.5749    26.5567    8.37027    8.09103         19 0.0000e+00
