data/CTD/2014/CNV/u017a033.cnv
* Sea-Bird SBE 9 Data File:
* FileName = C:\CTD_ACQUISITION\2014017HUD\ctddata\017A033.hdr
* Software Version Seasave V 7.22.2
* Temperature SN = 5081
* Conductivity SN = 3561
* Number of Bytes Per Scan = 37
* Number of Voltage Words = 4
* Number of Scans Averaged by the Deck Unit = 1
* NMEA Latitude = 48 32.64 N
* NMEA Longitude = 046 46.27 W
* NMEA UTC (Time) = Jul 09 2014 10:04:54
* NMEA baud rate = 9600
** Ship: Hudson
** Cruise: HUD2014017
** Chief_Scientist: Blair Greenan
** Organization: BIO
** Area_of_Operation: Sackville Spur
** Station: 033
** Sounding:  2397
** Event_Comments: SS-06 403185
# nquan = 25
# nvalues = 2469                        
# units = specified
# name 0 = scan: Scan Count
# name 1 = timeS: Time, Elapsed [seconds]
# name 2 = prDM: Pressure, Digiquartz [db]
# name 3 = t068C: Temperature [ITS-68, deg C]
# name 4 = c0S/m: Conductivity [S/m]
# name 5 = t168C: Temperature, 2 [ITS-68, deg C]
# name 6 = c1S/m: Conductivity, 2 [S/m]
# name 7 = altM: Altimeter [m]
# name 8 = flC: Fluorescence, Chelsea Aqua 3 Chl Con [ug/l]
# name 9 = sbeox0V: Oxygen raw, SBE 43 [V]
# name 10 = sbeox1V: Oxygen raw, SBE 43, 2 [V]
# name 11 = upoly0: Upoly 0, Optode 4330F - O2 D-Phase
# name 12 = upoly1: Upoly 1, Optode 4330F - O2 Temp
# name 13 = latitude: Latitude [deg]
# name 14 = longitude: Longitude [deg]
# name 15 = sal00: Salinity, Practical [PSU]
# name 16 = sal11: Salinity, Practical, 2 [PSU]
# name 17 = potemp068C: Potential Temperature [ITS-68, deg C]
# name 18 = potemp168C: Potential Temperature, 2 [ITS-68, deg C]
# name 19 = sigma-é00: Density [sigma-theta, Kg/m^3]
# name 20 = sigma-é11: Density, 2 [sigma-theta, Kg/m^3]
# name 21 = sbeox0ML/L: Oxygen, SBE 43 [ml/l], WS = 2
# name 22 = sbeox1ML/L: Oxygen, SBE 43, 2 [ml/l], WS = 2
# name 23 = nbin: number of scans per bin
# name 24 = flag: flag
# span 0 =      71662,     147754       
# span 1 =   2985.877,   6156.356       
# span 2 =      1.000,   2469.000       
# span 3 =     2.3769,     9.0358       
# span 4 =   3.144827,   3.606483       
# span 5 =     2.3763,     9.0357       
# span 6 =   3.144822,   3.606462       
# span 7 =      -3.54,     102.98       
# span 8 =     0.0056,     0.3785       
# span 9 =     2.2040,     3.5423       
# span 10 =     1.9502,     3.1332      
# span 11 =  29.948317,  35.568130      
# span 12 =  2.3752520,  9.0752583      
# span 13 =   48.54084,   48.54418      
# span 14 =  -46.75872,  -46.74688      
# span 15 =    33.8327,    34.9162      
# span 16 =    33.8325,    34.9164      
# span 17 =     2.1918,     9.0357      
# span 18 =     2.1913,     9.0356      
# span 19 =    26.1988,    27.8783      
# span 20 =    26.1986,    27.8787      
# span 21 =    6.30108,    7.78427      
# span 22 =    6.23673,    7.82227      
# span 23 =          9,         91      
# span 24 = 0.0000e+00, 0.0000e+00      
# interval = decibars: 1                
# start_time = Jul 09 2014 10:04:54 [NMEA time, header]
# bad_flag = -9.990e-29
*END*
[from data line 522]
      86102   3587.547   1947.000     3.0523   3.247954     3.0518   3.247944      98.87     0.0096     2.3249     2.0477  35.192928  3.0390720   48.54364  -46.75590    34.9128    34.9132     2.9039     2.9034    27.8244    27.8248    6.38063    6.31732         19 0.0000e+00
      86122   3588.370   1946.000     3.0525   3.247933     3.0524   3.247968      98.63     0.0098     2.3249     2.0480  35.180714  3.0390720   48.54364  -46.75588    34.9128    34.9133     2.9041     2.9041    27.8244    27.8248    6.39240    6.31696         20 0.0000e+00
      86142   3589.213   1945.000     3.0531   3.247950     3.0531   3.247982      19.59     0.0157     2.3261     2.0480  35.186146  3.0400076   48.54364  -46.75588    34.9128    34.9132     2.9049     2.9048    27.8244    27.8247    6.38996    6.32458         21 0.0000e+00
      86164   3590.142   1944.000     3.0537   3.247966     3.0535   3.247967      98.46     0.0150     2.3258     2.0487  35.183163  3.0475914   48.54364  -46.75588    34.9129    34.9132     2.9056     2.9053    27.8243    27.8246    6.38198    6.32612         24 0.0000e+00
      86191   3591.249   1943.000     3.0542   3.247970     3.0537   3.247947      25.73     0.0150     2.3260     2.0490  35.180752  3.0464830   48.54364  -46.75588    34.9129    34.9132     2.9061     2.9056    27.8243    27.8246    6.38841    6.32249         29 0.0000e+00
      86221   3592.513   1942.000     3.0545   3.247941     3.0539   3.247912     100.63     0.0176     2.3268     2.0495  35.182964  3.0479012   48.54364  -46.75587    34.9127    34.9131     2.9065     2.9059    27.8242    27.8245    6.38567    6.32139         30 0.0000e+00
      86249   3593.648   1941.000     3.0547   3.247917     3.0540   3.247890      76.89     0.0186     2.3270     2.0492  35.171108  3.0488782   48.54364  -46.75586    34.9127    34.9131     2.9068     2.9061    27.8241    27.8245    6.38757    6.31309         24 0.0000e+00
      86270   3594.528   1940.000     3.0549   3.247893     3.0541   3.247860      35.96     0.0180     2.3271     2.0493  35.165024  3.0488400   48.54364  -46.75586    34.9127    34.9132     2.9071     2.9062    27.8240    27.8245    6.38463    6.31735         19 0.0000e+00
      86287   3595.258   1939.000     3.0554   3.247896     3.0543   3.247837      99.31     0.0161     2.3273     2.0493  35.173981  3.0488400   48.54364  -46.75586    34.9127    34.9131     2.9076     2.9132    27.8240    27.8244    6.38175    6.31978         17 0.0000e+00
      86304   3595.945   1938.000     3.0555   3.247870     3.0545   3.247826      98.63     0.0159     2.3274     2.0496  35.181393  3.0488400   48.54364  -46.75586    34.9128    34.9133     2.9078     2.9068    27.8241    27.8245    6.38367    6.32443         16 0.0000e+00
      86321   3596.652   1937.000     3.0555   3.247844     3.0550   3.247828      81.05     0.0145     2.3275     2.0501  35.181934  3.0488400   48.54364  -46.75586    34.9129    34.9132     2.9079     2.9137    27.8242    27.8245    6.38617    6.32194         18 0.0000e+00
      86342   3597.542   1936.000     3.0559   3.247829     3.0554   3.247823      49.40     0.0114     2.3276     2.0501  35.171036  3.0488400   48.54364  -46.75586    34.9129    34.9132     2.9084     2.9082    27.8241    27.8244    6.38435    6.32025         27 0.0000e+00
      86386   3599.370   1935.000     3.0557   3.247771     3.0550   3.247738      76.60     0.0109     2.3280     2.0509  35.172794  3.0488400   48.54364  -46.75584    34.9128    34.9131     2.9083     2.9098    27.8241    27.8244    6.38384    6.32709         55 0.0000e+00
      86424   3600.949   1934.000     3.0555   3.247700     3.0546   3.247653      80.00     0.0139     2.3285     2.0515  35.181778  3.0488400   48.54364  -46.75584    34.9127    34.9131     2.9082     2.9072    27.8239    27.8244    6.38720    6.32591         22 0.0000e+00
      86443   3601.732   1933.000     3.0562   3.247725     3.0556   3.247708      98.71     0.0172     2.3284     2.0518  35.181931  3.0477505   48.54364  -46.75584    34.9127    34.9132     2.9090     2.9083    27.8239    27.8243    6.38359    6.32912         18 0.0000e+00
      86460   3602.473   1932.000     3.0581   3.247864     3.0578   3.247875      98.63     0.0196     2.3290     2.0523  35.180313  3.0477548   48.54364  -46.75584    34.9128    34.9133     2.9110     2.9106    27.8238    27.8242    6.38479    6.33310         18 0.0000e+00
      86480   3603.281   1931.000     3.0598   3.247981     3.0594   3.247971       6.53     0.0174     2.3289     2.0528  35.172958  3.0479076   48.54364  -46.75584    34.9129    34.9132     2.9127     2.9123    27.8237    27.8240    6.38276    6.32887         21 0.0000e+00
      86504   3604.273   1930.000     3.0609   3.248021     3.0600   3.247983      89.57     0.0148     2.3291     2.0528  35.162590  3.0488224   48.54364  -46.75584    34.9127    34.9132     2.9139     2.9130    27.8235    27.8239    6.38399    6.32377         27 0.0000e+00
      86532   3605.454   1929.000     3.0610   3.247989     3.0603   3.247958      33.23     0.0113     2.3297     2.0532  35.164074  3.0522053   48.54364  -46.75582    34.9127    34.9131     2.9141     2.9134    27.8234    27.8238    6.38604    6.32793         27 0.0000e+00
      86556   3606.445   1928.000     3.0613   3.247975     3.0611   3.247996      81.65     0.0117     2.3297     2.0535  35.178848  3.0587926   48.54364  -46.75582    34.9127    34.9131     2.9145     2.9143    27.8234    27.8237    6.38439    6.32558         21 0.0000e+00
      86574   3607.228   1927.000     3.0624   3.248038     3.0623   3.248070      98.70     0.0151     2.3304     2.0535  35.173794  3.0580659   48.54364  -46.75582    34.9128    34.9133     2.9156     2.9155    27.8234    27.8238    6.38915    6.32409         18 0.0000e+00
      86592   3607.969   1926.000     3.0646   3.248197     3.0645   3.248233      98.63     0.0144     2.3302     2.0540  35.163353  3.0586007   48.54364  -46.75582    34.9129    34.9134     2.9179     2.9178    27.8232    27.8236    6.38314    6.32679         18 0.0000e+00
      86613   3608.813   1925.000     3.0666   3.248342     3.0666   3.248379      98.63     0.0179     2.3308     2.0539  35.169998  3.0586081   48.54364  -46.75582    34.9130    34.9134     2.9199     2.9200    27.8231    27.8234    6.38272    6.32176         24 0.0000e+00
      86652   3610.469   1924.000     3.0666   3.248305     3.0670   3.248361      98.63     0.0197     2.3307     2.0539  35.163292  3.0586081   48.54364  -46.75582    34.9130    34.9132     2.9200     2.9205    27.8231    27.8232    6.38284    6.31828         52 0.0000e+00
      86689   3612.009   1923.000     3.0663   3.248196     3.0662   3.248248      98.63     0.0173     2.3314     2.0538  35.161064  3.0586081   48.54364  -46.75582    34.9125    34.9133     2.9198     2.9197    27.8228    27.8234    6.38701    6.32026         20 0.0000e+00
      86705   3612.655   1922.000     3.0676   3.248291     3.0675   3.248325      98.63     0.0179     2.3314     2.0540  35.163822  3.0586081   48.54364  -46.75582    34.9127    34.9133     2.9212     2.9211    27.8228    27.8233    6.37702    6.32006         14 0.0000e+00
      86719   3613.239   1921.000     3.0688   3.248361     3.0682   3.248355      98.63     0.0201     2.3311     2.0539  35.164852  3.0586081   48.54364  -46.75582    34.9128    34.9133     2.9225     2.9219    27.8227    27.8232    6.38652    6.31626         14 0.0000e+00
      86732   3613.809   1920.000     3.0697   3.248408     3.0690   3.248378      98.63     0.0170     2.3322     2.0539  35.164833  3.0586081   48.54364  -46.75582    34.9129    34.9132     2.9235     2.9228    27.8227    27.8230    6.39302    6.31295         14 0.0000e+00
      86747   3614.437   1919.000     3.0703   3.248425     3.0697   3.248390      98.63     0.0167     2.3320     2.0538  35.163006  3.0586081   48.54364  -46.75582    34.9129    34.9132     2.9242     2.9235    27.8227    27.8229    6.38304    6.31165         16 0.0000e+00
      86767   3615.255   1918.000     3.0704   3.248394     3.0697   3.248349      98.63     0.0178     2.3324     2.0537  35.163914  3.0586081   48.54364  -46.75582    34.9129    34.9132     2.9244     2.9236    27.8226    27.8229    6.38479    6.31230         25 0.0000e+00
      86812   3617.104   1917.000     3.0696   3.248286     3.0688   3.248231      98.63     0.0224     2.3330     2.0538  35.162571  3.0586081   48.54364  -46.75580    34.9129    34.9132     2.9237     2.9228    27.8227    27.8230    6.38281    6.31436         57 0.0000e+00
      86851   3618.755   1916.000     3.0695   3.248216     3.0684   3.248158      98.63     0.0180     2.3327     2.0538  35.163017  3.0586081   48.54366  -46.75580    34.9127    34.9132     2.9236     2.9225    27.8226    27.8230    6.38605    6.31437         24 0.0000e+00
      86872   3619.606   1915.000     3.0695   3.248180     3.0684   3.248112      98.63     0.0192     2.3339     2.0542  35.165573  3.0586081   48.54366  -46.75580    34.9127    34.9132     2.9238     2.9281    27.8226    27.8230    6.39412    6.32212         20 0.0000e+00
      86890   3620.392   1914.000     3.0693   3.248123     3.0681   3.248057      98.63     0.0188     2.3338     2.0546  35.161598  3.0586081   48.54366  -46.75580    34.9128    34.9133     2.9236     2.9286    27.8226    27.8231    6.37179    6.32042         18 0.0000e+00
      86909   3621.159   1913.000     3.0696   3.248106     3.0694   3.248128      98.63     0.0177     2.3330     2.0548  35.164421  3.0586081   48.54366  -46.75580    34.9128    34.9133     2.9240     2.9238    27.8226    27.8230    6.36813    6.31734         19 0.0000e+00
      86928   3621.968   1912.000     3.0713   3.248229     3.0725   3.248369      98.63     0.0163     2.3330     2.0549  35.172054  3.0586081   48.54366  -46.75580    34.9129    34.9133     2.9258     2.9269    27.8225    27.8228    6.38322    6.31518         20 0.0000e+00
      86951   3622.927   1911.000     3.0731   3.248336     3.0755   3.248592      98.63     0.0165     2.3339     2.0550  35.174393  3.0586081   48.54366  -46.75580    34.9128    34.9133     2.9276     2.9300    27.8223    27.8225    6.38744    6.31420         26 0.0000e+00
      86979   3624.063   1910.000     3.0771   3.248641     3.0774   3.248713      98.63     0.0192     2.3341     2.0551  35.162167  3.0678239   48.54366  -46.75580    34.9127    34.9132     2.9317     2.9320    27.8218    27.8222    6.37945    6.31517         27 0.0000e+00
      87003   3625.086   1909.000     3.0779   3.248677     3.0786   3.248785      98.63     0.0213     2.3341     2.0557  35.166252  3.0679383   48.54366  -46.75580    34.9128    34.9133     2.9325     2.9332    27.8218    27.8222    6.37308    6.32524         22 0.0000e+00
      87023   3625.920   1908.000     3.0791   3.248750     3.0790   3.248777      98.64     0.0206     2.3337     2.0561  35.157471  3.0683780   48.54366  -46.75580    34.9128    34.9132     2.9338     2.9337    27.8217    27.8221    6.37454    6.32127         19 0.0000e+00
      87043   3626.741   1907.000     3.0798   3.248785     3.0791   3.248755      98.63     0.0203     2.3340     2.0564  35.157509  3.0683761   48.54366  -46.75580    34.9130    34.9133     2.9346     2.9339    27.8218    27.8221    6.37687    6.31534         21 0.0000e+00
      87067   3627.735   1906.000     3.0800   3.248762     3.0792   3.248719      98.63     0.0192     2.3342     2.0563  35.160374  3.0686946   48.54366  -46.75580    34.9130    34.9133     2.9349     2.9341    27.8217    27.8221    6.37161    6.31149         29 0.0000e+00
      87102   3629.228   1905.000     3.0801   3.248722     3.0794   3.248679      98.63     0.0135     2.3342     2.0564  35.163166  3.0705676   48.54367  -46.75580    34.9129    34.9132     2.9350     2.9343    27.8217    27.8219    6.38270    6.31150         37 0.0000e+00
      87131   3630.425   1904.000     3.0798   3.248642     3.0790   3.248600      98.63     0.0123     2.3349     2.0563  35.157375  3.0737808   48.54368  -46.75580    34.9127    34.9131     2.9349     2.9340    27.8215    27.8219    6.37578    6.31243         22 0.0000e+00
      87150   3631.202   1903.000     3.0802   3.248642     3.0793   3.248600      98.63     0.0131     2.3347     2.0565  35.157509  3.0741186   48.54368  -46.75580    34.9128    34.9133     2.9353     2.9344    27.8216    27.8220    6.37961    6.31393         17 0.0000e+00
      87167   3631.923   1902.000     3.0807   3.248655     3.0799   3.248620      98.63     0.0142     2.3356     2.0565  35.157509  3.0770199   48.54368  -46.75580    34.9129    34.9134     2.9359     2.9351    27.8216    27.8220    6.38163    6.31065         17 0.0000e+00
      87186   3632.721   1901.000     3.0811   3.248650     3.0804   3.248615      98.63     0.0129     2.3352     2.0566  35.158184  3.0781040   48.54368  -46.75580    34.9129    34.9133     2.9364     2.9357    27.8216    27.8219    6.37901    6.30776         21 0.0000e+00
      87214   3633.877   1900.000     3.0813   3.248619     3.0804   3.248578      98.63     0.0151     2.3359     2.0565  35.157532  3.0765264   48.54368  -46.75580    34.9129    34.9133     2.9367     2.9358    27.8215    27.8219    6.38354    6.31060         35 0.0000e+00
      87247   3635.254   1899.000     3.0809   3.248547     3.0801   3.248505      98.63     0.0163     2.3368     2.0571  35.157509  3.0758595   48.54368  -46.75580    34.9129    34.9132     2.9364     2.9356    27.8215    27.8218    6.38346    6.31782         26 0.0000e+00
      87268   3636.130   1898.000     3.0810   3.248502     3.0801   3.248457      98.63     0.0155     2.3367     2.0572  35.157509  3.0782084   48.54368  -46.75580    34.9127    34.9132     2.9366     2.9357    27.8214    27.8218    6.37682    6.31213         18 0.0000e+00
      87285   3636.824   1897.000     3.0812   3.248483     3.0800   3.248418      98.64     0.0163     2.3371     2.0573  35.157509  3.0781441   48.54368  -46.75580    34.9128    34.9132     2.9369     2.9357    27.8214    27.8219    6.38275    6.31810         16 0.0000e+00
      87301   3637.496   1896.000     3.0811   3.248445     3.0801   3.248377      98.63     0.0163     2.3371     2.0580  35.157509  3.0781441   48.54368  -46.75580    34.9128    34.9132     2.9369     2.9358    27.8215    27.8218    6.38007    6.32122         17 0.0000e+00
      87319   3638.248   1895.000     3.0811   3.248406     3.0801   3.248347      98.63     0.0166     2.3374     2.0581  35.157509  3.0800400   48.54370  -46.75580    34.9129    34.9132     2.9370     2.9413    27.8215    27.8218    6.37426    6.31493         20 0.0000e+00
      87356   3639.798   1894.000     3.0810   3.248357     3.0802   3.248314      81.17     0.0194     2.3373     2.0585  35.157509  3.0783515   48.54370  -46.75580    34.9129    34.9133     2.9369     2.9383    27.8215    27.8219    6.37515    6.31178         62 0.0000e+00
      87407   3641.918   1893.000     3.0810   3.248302     3.0799   3.248230     100.62     0.0119     2.3373     2.0583  35.157509  3.0781441   48.54370  -46.75580    34.9127    34.9131     2.9371     2.9357    27.8213    27.8217    6.37697    6.31437         22 0.0000e+00
      87421   3642.500   1892.000     3.0815   3.248296     3.0807   3.248271      98.53     0.0121     2.3377     2.0587  35.157509  3.0787952   48.54370  -46.75580    34.9126    34.9132     2.9376     2.9368    27.8212    27.8218    6.37489    6.31529         15 0.0000e+00
      87434   3643.054   1891.000     3.0829   3.248379     3.0819   3.248347      98.63     0.0120     2.3375     2.0585  35.157509  3.0781536   48.54370  -46.75580    34.9126    34.9133     2.9391     2.9381    27.8211    27.8217    6.37211    6.31026         12 0.0000e+00
