data/CTD/2014/CNV/u017a027.cnv
* Sea-Bird SBE 9 Data File:
* FileName = C:\CTD_ACQUISITION\2014017HUD\ctddata\017A027.hdr
* Software Version Seasave V 7.22.2
* Temperature SN = 5081
* Conductivity SN = 3561
* Number of Bytes Per Scan = 37
* Number of Voltage Words = 4
* Number of Scans Averaged by the Deck Unit = 1
* NMEA Latitude = 48 53.74 N
* NMEA Longitude = 045 47.37 W
* NMEA UTC (Time) = Jul 07 2014 00:10:49
* NMEA baud rate = 9600
** Ship: Hudson
** Cruise: HUD2014017
** Chief_Scientist: Blair Greenan
** Organization: BIO
** Area_of_Operation: Sackville Spur
** Station: 027
** Sounding:  2297
** Event_Comments: SS_27, 403160
# nquan = 25
# nvalues = 2373                        
# units = specified
# name 0 = scan: Scan Count
# name 1 = timeS: Time, Elapsed [seconds]
# name 2 = prDM: Pressure, Digiquartz [db]
# name 3 = t068C: Temperature [ITS-68, deg C]
# name 4 = c0S/m: Conductivity [S/m]
# name 5 = t168C: Temperature, 2 [ITS-68, deg C]
# name 6 = c1S/m: Conductivity, 2 [S/m]
# name 7 = altM: Altimeter [m]
# name 8 = flC: Fluorescence, Chelsea Aqua 3 Chl Con [ug/l]
# name 9 = sbeox0V: Oxygen raw, SBE 43 [V]
# name 10 = sbeox1V: Oxygen raw, SBE 43, 2 [V]
# name 11 = upoly0: Upoly 0, Optode 4330F - O2 D-Phase
# name 12 = upoly1: Upoly 1, Optode 4330F - O2 Temp
# name 13 = latitude: Latitude [deg]
# name 14 = longitude: Longitude [deg]
# name 15 = sal00: Salinity, Practical [PSU]
# name 16 = sal11: Salinity, Practical, 2 [PSU]
# name 17 = potemp068C: Potential Temperature [ITS-68, deg C]
# name 18 = potemp168C: Potential Temperature, 2 [ITS-68, deg C]
# name 19 = sigma-é00: Density [sigma-theta, Kg/m^3]
# name 20 = sigma-é11: Density, 2 [sigma-theta, Kg/m^3]
# name 21 = sbeox0ML/L: Oxygen, SBE 43 [ml/l], WS = 2
# name 22 = sbeox1ML/L: Oxygen, SBE 43, 2 [ml/l], WS = 2
# name 23 = nbin: number of scans per bin
# name 24 = flag: flag
# span 0 =      66447,     123183       
# span 1 =   2768.594,   5132.590       
# span 2 =      1.000,   2373.000       
# span 3 =     2.0680,     8.5825       
# span 4 =   3.020642,   3.546088       
# span 5 =     2.0597,     8.5763       
# span 6 =   3.019743,   3.545568       
# span 7 =       2.25,     105.59       
# span 8 =     0.0046,     0.3537       
# span 9 =     2.2221,     3.6447       
# span 10 =     1.9672,     3.2128      
# span 11 =  29.825430,  35.466236      
# span 12 =  2.7264957,  8.5946531      
# span 13 =   48.89864,   48.90100      
# span 14 =  -45.78140,  -45.77382      
# span 15 =    33.6318,    34.9163      
# span 16 =    33.6328,    34.9159      
# span 17 =     2.0655,     8.5822      
# span 18 =     2.0572,     8.5761      
# span 19 =    26.1126,    27.8538      
# span 20 =    26.1138,    27.8535      
# span 21 =    6.28431,    8.58295      
# span 22 =    6.18743,    8.61128      
# span 23 =         11,         76      
# span 24 = 0.0000e+00, 0.0000e+00      
# interval = decibars: 1                
# start_time = Jul 07 2014 00:10:49 [NMEA time, header]
# bad_flag = -9.990e-29
*END*
[from data line 812]
      85143   3547.586   1561.000     3.5269   3.274503     3.5272   3.274488      98.63     0.0153     2.4177     2.1267  34.923077  3.5152926   48.89976  -45.77942    34.9160    34.9155     3.4068     3.4071    27.7795    27.7791    6.30147    6.23544         20 0.0000e+00
      85166   3548.554   1560.000     3.5276   3.274525     3.5273   3.274463      98.63     0.0157     2.4181     2.1269  34.922081  3.5175819   48.89976  -45.77941    34.9160    34.9155     3.4076     3.4073    27.7794    27.7791    6.30453    6.24041         28 0.0000e+00
      85208   3550.294   1559.000     3.5272   3.274448     3.5262   3.274322      98.63     0.0160     2.4185     2.1283  34.921753  3.5177045   48.89976  -45.77940    34.9160    34.9156     3.4073     3.4079    27.7795    27.7792    6.29902    6.24912         55 0.0000e+00
      85257   3552.324   1558.000     3.5259   3.274307     3.5255   3.274215      98.63     0.0154     2.4190     2.1291  34.923191  3.5177045   48.89976  -45.77938    34.9162    34.9155     3.4061     3.4055    27.7797    27.7792    6.30513    6.23742         33 0.0000e+00
      85280   3553.293   1557.000     3.5265   3.274291     3.5256   3.274167      47.16     0.0135     2.4191     2.1289  34.923077  3.5177045   48.89978  -45.77936    34.9159    34.9153     3.4068     3.4059    27.7794    27.7790    6.29417    6.22672         19 0.0000e+00
      85296   3553.956   1556.000     3.5281   3.274381     3.5277   3.274325      53.70     0.0162     2.4191     2.1279  34.923077  3.5177045   48.89978  -45.77936    34.9157    34.9155     3.4085     3.4080    27.7791    27.7790    6.29461    6.22593         15 0.0000e+00
      85309   3554.519   1555.000     3.5298   3.274496     3.5309   3.274575      98.51     0.0152     2.4190     2.1279  34.923077  3.5177045   48.89978  -45.77936    34.9158    34.9155     3.4102     3.4113    27.7790    27.7787    6.29955    6.23677         12 0.0000e+00
      85322   3555.027   1554.000     3.5321   3.274658     3.5329   3.274702      98.63     0.0147     2.4190     2.1285  34.915661  3.5177045   48.89978  -45.77934    34.9158    34.9155     3.4125     3.4133    27.7788    27.7784    6.30675    6.24114         12 0.0000e+00
      85333   3555.515   1553.000     3.5334   3.274741     3.5337   3.274738      98.63     0.0178     2.4196     2.1287  34.916958  3.5177045   48.89978  -45.77934    34.9159    34.9155     3.4140     3.4143    27.7787    27.7784    6.31069    6.23945         12 0.0000e+00
      85345   3556.005   1552.000     3.5343   3.274779     3.5341   3.274733      98.63     0.0182     2.4203     2.1287  34.911064  3.5177045   48.89978  -45.77934    34.9159    34.9156     3.4149     3.4147    27.7786    27.7784    6.30412    6.23794         12 0.0000e+00
      85358   3556.532   1551.000     3.5344   3.274758     3.5342   3.274700      81.67     0.0165     2.4209     2.1290  34.914001  3.5184424   48.89978  -45.77934    34.9160    34.9155     3.4151     3.4149    27.7787    27.7783    6.29822    6.23840         13 0.0000e+00
      85373   3557.182   1550.000     3.5346   3.274744     3.5343   3.274667      94.78     0.0172     2.4201     2.1292  34.922714  3.5256305   48.89978  -45.77932    34.9161    34.9156     3.4154     3.4151    27.7788    27.7783    6.29285    6.23702         19 0.0000e+00
      85428   3559.453   1549.000     3.5323   3.274503     3.5331   3.274515      98.92     0.0189     2.4207     2.1293  34.917450  3.5266707   48.89978  -45.77931    34.9161    34.9155     3.4132     3.4139    27.7790    27.7784    6.30513    6.23361         34 0.0000e+00
      85472   3561.298   1548.000     3.5311   3.274317     3.5318   3.274335      98.63     0.0228     2.4218     2.1294  34.923149  3.5188193   48.89978  -45.77930    34.9158    34.9152     3.4120     3.4128    27.7788    27.7782    6.30888    6.24157         16 0.0000e+00
      85487   3561.900   1547.000     3.5326   3.274412     3.5318   3.274318      98.63     0.0216     2.4220     2.1299  34.923077  3.5191011   48.89978  -45.77929    34.9157    34.9155     3.4137     3.4129    27.7786    27.7785    6.30559    6.24638         14 0.0000e+00
      85501   3562.495   1546.000     3.5345   3.274541     3.5349   3.274572      98.63     0.0170     2.4220     2.1304  34.923077  3.5183613   48.89978  -45.77928    34.9158    34.9157     3.4157     3.4161    27.7784    27.7784    6.30125    6.24755         15 0.0000e+00
      85516   3563.135   1545.000     3.5368   3.274735     3.5405   3.275027      98.63     0.0126     2.4225     2.1310  34.923077  3.5273244   48.89980  -45.77926    34.9161    34.9157     3.4180     3.4216    27.7785    27.7778    6.30249    6.24683         16 0.0000e+00
      85535   3563.929   1544.000     3.5398   3.274949     3.5443   3.275305      77.11     0.0116     2.4226     2.1315  34.923077  3.5262444   48.89980  -45.77925    34.9160    34.9156     3.4210     3.4254    27.7781    27.7773    6.30044    6.24184         23 0.0000e+00
      85564   3565.132   1543.000     3.5433   3.275218     3.5445   3.275280      85.57     0.0151     2.4230     2.1317  34.923077  3.5274575   48.89980  -45.77924    34.9160    34.9155     3.4246     3.4258    27.7778    27.7773    6.30167    6.23695         34 0.0000e+00
      85593   3566.331   1542.000     3.5391   3.274811     3.5454   3.275320      98.84     0.0154     2.4231     2.1318  34.923077  3.5274725   48.89980  -45.77924    34.9161    34.9155     3.4205     3.4309    27.7782    27.7771    6.29447    6.23316         22 0.0000e+00
      85611   3567.093   1541.000     3.5445   3.275224     3.5476   3.275481      98.63     0.0172     2.4232     2.1316  34.917141  3.5287914   48.89980  -45.77922    34.9158    34.9156     3.4259     3.4289    27.7775    27.7770    6.29788    6.23137         15 0.0000e+00
      85626   3567.720   1540.000     3.5486   3.275551     3.5492   3.275587      98.64     0.0140     2.4232     2.1318  34.918213  3.5307655   48.89980  -45.77922    34.9158    34.9156     3.4301     3.4307    27.7771    27.7768    6.29647    6.23609         15 0.0000e+00
      85641   3568.319   1539.000     3.5500   3.275633     3.5501   3.275618      98.63     0.0121     2.4236     2.1318  34.913612  3.5288494   48.89980  -45.77922    34.9159    34.9156     3.4316     3.4317    27.7770    27.7767    6.29693    6.23630         14 0.0000e+00
      85655   3568.937   1538.000     3.5504   3.275643     3.5508   3.275627      98.63     0.0140     2.4236     2.1321  34.909348  3.5360091   48.89980  -45.77921    34.9160    34.9155     3.4321     3.4324    27.7770    27.7766    6.29752    6.24064         16 0.0000e+00
      85673   3569.669   1537.000     3.5510   3.275650     3.5512   3.275628      98.63     0.0170     2.4237     2.1327  34.908447  3.5372105   48.89980  -45.77920    34.9160    34.9156     3.4327     3.4329    27.7770    27.7766    6.29130    6.24448         20 0.0000e+00
      85710   3571.200   1536.000     3.5506   3.275586     3.5504   3.275521      73.16     0.0196     2.4236     2.1336  34.908424  3.5372405   48.89980  -45.77919    34.9162    34.9156     3.4324     3.4323    27.7771    27.7766    6.29345    6.24067         58 0.0000e+00
      85756   3573.139   1535.000     3.5475   3.275250     3.5483   3.275273      97.55     0.0187     2.4245     2.1337  34.908424  3.5372405   48.89981  -45.77916    34.9159    34.9154     3.4294     3.4302    27.7772    27.7767    6.30890    6.23656         23 0.0000e+00
      85773   3573.826   1534.000     3.5502   3.275431     3.5498   3.275365      98.68     0.0147     2.4251     2.1339  34.908424  3.5378609   48.89982  -45.77916    34.9158    34.9154     3.4322     3.4318    27.7768    27.7765    6.29531    6.23699         16 0.0000e+00
      85788   3574.452   1533.000     3.5513   3.275510     3.5512   3.275463      98.64     0.0148     2.4247     2.1340  34.908424  3.5372460   48.89982  -45.77916    34.9159    34.9155     3.4334     3.4333    27.7768    27.7765    6.29516    6.23584         15 0.0000e+00
      85803   3575.063   1532.000     3.5520   3.275535     3.5522   3.275512      81.82     0.0127     2.4256     2.1340  34.917847  3.5372405   48.89982  -45.77914    34.9160    34.9155     3.4342     3.4344    27.7768    27.7764    6.30379    6.23492         14 0.0000e+00
      85818   3575.705   1531.000     3.5524   3.275531     3.5525   3.275492      92.26     0.0133     2.4255     2.1341  34.919621  3.5372405   48.89982  -45.77914    34.9160    34.9155     3.4347     3.4347    27.7768    27.7764    6.29834    6.23649         17 0.0000e+00
      85836   3576.468   1530.000     3.5528   3.275521     3.5525   3.275455      98.38     0.0177     2.4257     2.1344  34.912891  3.5394733   48.89982  -45.77914    34.9160    34.9155     3.4352     3.4349    27.7767    27.7764    6.29239    6.23807         21 0.0000e+00
      85871   3577.909   1529.000     3.5525   3.275459     3.5521   3.275378      98.63     0.0148     2.4257     2.1346  34.906830  3.5467582   48.89982  -45.77912    34.9161    34.9155     3.4349     3.4346    27.7768    27.7764    6.29180    6.23433         49 0.0000e+00
      85909   3579.515   1528.000     3.5516   3.275316     3.5504   3.275174      98.63     0.0184     2.4255     2.1349  34.908520  3.5470085   48.89982  -45.77910    34.9158    34.9154     3.4341     3.4329    27.7767    27.7765    6.29592    6.24124         22 0.0000e+00
      85926   3580.200   1527.000     3.5519   3.275289     3.5519   3.275262      98.63     0.0198     2.4261     2.1353  34.908424  3.5470085   48.89984  -45.77910    34.9157    34.9153     3.4345     3.4345    27.7765    27.7762    6.30152    6.24151         15 0.0000e+00
      85941   3580.814   1526.000     3.5524   3.275321     3.5524   3.275271      98.63     0.0177     2.4263     2.1354  34.908424  3.5463085   48.89984  -45.77909    34.9160    34.9155     3.4351     3.4351    27.7767    27.7763    6.29926    6.24481         14 0.0000e+00
      85955   3581.419   1525.000     3.5528   3.275313     3.5528   3.275268      98.63     0.0148     2.4270     2.1362  34.908424  3.5463576   48.89984  -45.77908    34.9160    34.9154     3.4356     3.4356    27.7767    27.7762    6.29926    6.24556         15 0.0000e+00
      85971   3582.076   1524.000     3.5532   3.275303     3.5532   3.275255      98.63     0.0162     2.4269     2.1363  34.908424  3.5464330   48.89984  -45.77906    34.9160    34.9154     3.4360     3.4412    27.7766    27.7762    6.29920    6.23816         17 0.0000e+00
      85991   3582.901   1523.000     3.5537   3.275301     3.5535   3.275251      58.60     0.0155     2.4275     2.1364  34.890312  3.5469837   48.89984  -45.77906    34.9159    34.9155     3.4366     3.4367    27.7765    27.7762    6.30492    6.23882         24 0.0000e+00
      86019   3584.100   1522.000     3.5536   3.275244     3.5539   3.275229      98.54     0.0147     2.4282     2.1366  34.886002  3.5470085   48.89984  -45.77905    34.9158    34.9154     3.4367     3.4369    27.7764    27.7761    6.29804    6.23773         32 0.0000e+00
      86048   3585.293   1521.000     3.5538   3.275215     3.5539   3.275184      98.63     0.0142     2.4285     2.1370  34.909275  3.5474494   48.89984  -45.77904    34.9157    34.9153     3.4369     3.4370    27.7763    27.7760    6.30257    6.23838         23 0.0000e+00
      86068   3586.137   1520.000     3.5542   3.275211     3.5549   3.275240      98.64     0.0131     2.4288     2.1369  34.908424  3.5470028   48.89986  -45.77904    34.9158    34.9154     3.4374     3.4381    27.7764    27.7760    6.29953    6.24074         19 0.0000e+00
      86086   3586.883   1519.000     3.5556   3.275300     3.5556   3.275271      98.63     0.0123     2.4293     2.1376  34.905811  3.5470085   48.89986  -45.77903    34.9159    34.9155     3.4389     3.4389    27.7762    27.7760    6.29667    6.24420         17 0.0000e+00
      86104   3587.618   1518.000     3.5563   3.275309     3.5564   3.275297      98.64     0.0176     2.4290     2.1378  34.908474  3.5475614   48.89986  -45.77902    34.9158    34.9155     3.4396     3.4398    27.7761    27.7759    6.29993    6.24291         18 0.0000e+00
      86122   3588.394   1517.000     3.5567   3.275322     3.5568   3.275304      98.63     0.0134     2.4298     2.1383  34.905502  3.5474970   48.89986  -45.77902    34.9159    34.9156     3.4402     3.4403    27.7762    27.7759    6.30297    6.24660         20 0.0000e+00
      86144   3589.303   1516.000     3.5573   3.275327     3.5578   3.275347      98.63     0.0101     2.4297     2.1386  34.876968  3.5478191   48.89986  -45.77900    34.9159    34.9156     3.4408     3.4413    27.7761    27.7758    6.29141    6.24072         24 0.0000e+00
      86171   3590.412   1515.000     3.5580   3.275356     3.5585   3.275354      98.64     0.0126     2.4303     2.1389  34.884998  3.5505373   48.89986  -45.77900    34.9160    34.9154     3.4416     3.4421    27.7761    27.7756    6.30596    6.24038         28 0.0000e+00
      86196   3591.471   1514.000     3.5581   3.275307     3.5588   3.275338      98.63     0.0177     2.4306     2.1390  34.899033  3.5559905   48.89986  -45.77898    34.9158    34.9154     3.4418     3.4425    27.7759    27.7755    6.30362    6.23585         23 0.0000e+00
      86217   3592.325   1513.000     3.5589   3.275335     3.5593   3.275342      98.64     0.0191     2.4315     2.1389  34.899933  3.5567684   48.89986  -45.77896    34.9158    34.9154     3.4426     3.4431    27.7758    27.7755    6.30482    6.23449         19 0.0000e+00
      86235   3593.081   1512.000     3.5593   3.275353     3.5603   3.275395      98.64     0.0192     2.4314     2.1388  34.907536  3.5567765   48.89986  -45.77896    34.9160    34.9155     3.4431     3.4442    27.7760    27.7754    6.29528    6.23317         17 0.0000e+00
      86253   3593.820   1511.000     3.5602   3.275391     3.5610   3.275416      98.63     0.0169     2.4316     2.1388  34.906788  3.5567765   48.89986  -45.77895    34.9160    34.9155     3.4442     3.4449    27.7758    27.7754    6.30195    6.23185         18 0.0000e+00
      86272   3594.640   1510.000     3.5607   3.275394     3.5613   3.275403      98.63     0.0129     2.4321     2.1387  34.894524  3.5567765   48.89986  -45.77894    34.9160    34.9155     3.4447     3.4453    27.7758    27.7753    6.30242    6.23433         22 0.0000e+00
      86297   3595.678   1509.000     3.5614   3.275409     3.5615   3.275374      98.63     0.0134     2.4320     2.1390  34.877705  3.5567765   48.89986  -45.77894    34.9159    34.9155     3.4455     3.4455    27.7757    27.7753    6.29340    6.23871         28 0.0000e+00
      86326   3596.859   1508.000     3.5613   3.275361     3.5616   3.275342      35.60     0.0135     2.4323     2.1398  34.878601  3.5567765   48.89986  -45.77893    34.9160    34.9154     3.4455     3.4458    27.7757    27.7752    6.30048    6.24380         27 0.0000e+00
      86349   3597.843   1507.000     3.5615   3.275337     3.5618   3.275314      99.40     0.0141     2.4326     2.1402  34.885464  3.5567765   48.89987  -45.77891    34.9160    34.9154     3.4458     3.4461    27.7757    27.7752    6.30139    6.23908         21 0.0000e+00
      86370   3598.704   1506.000     3.5621   3.275340     3.5623   3.275322      98.63     0.0170     2.4330     2.1403  34.879742  3.5567765   48.89988  -45.77890    34.9159    34.9155     3.4464     3.4467    27.7755    27.7752    6.29565    6.23745         20 0.0000e+00
      86390   3599.552   1505.000     3.5627   3.275349     3.5633   3.275364      90.51     0.0155     2.4328     2.1405  34.869934  3.5577178   48.89988  -45.77890    34.9159    34.9154     3.4471     3.4477    27.7755    27.7750    6.30259    6.23920         21 0.0000e+00
