data/CTD/2014/CNV/u017a028.cnv
* Sea-Bird SBE 9 Data File:
* FileName = C:\CTD_ACQUISITION\2014017HUD\ctddata\017A028.hdr
* Software Version Seasave V 7.22.2
* Temperature SN = 5081
* Conductivity SN = 3561
* Number of Bytes Per Scan = 37
* Number of Voltage Words = 4
* Number of Scans Averaged by the Deck Unit = 1
* NMEA Latitude = 48 50.76 N
* NMEA Longitude = 045 44.71 W
* NMEA UTC (Time) = Jul 07 2014 02:20:34
* NMEA baud rate = 9600
** Ship: Hudson
** Cruise: HUD2014017
** Chief_Scientist: Blair Greenan
** Organization: BIO
** Area_of_Operation: Sackville Spur
** Station: 028
** Sounding:  2020
** Event_Comments: SS_26, 403163
# nquan = 25
# nvalues = 2087                        
# units = specified
# name 0 = scan: Scan Count
# name 1 = timeS: Time, Elapsed [seconds]
# name 2 = prDM: Pressure, Digiquartz [db]
# name 3 = t068C: Temperature [ITS-68, deg C]
# name 4 = c0S/m: Conductivity [S/m]
# name 5 = t168C: Temperature, 2 [ITS-68, deg C]
# name 6 = c1S/m: Conductivity, 2 [S/m]
# name 7 = altM: Altimeter [m]
# name 8 = flC: Fluorescence, Chelsea Aqua 3 Chl Con [ug/l]
# name 9 = sbeox0V: Oxygen raw, SBE 43 [V]
# name 10 = sbeox1V: Oxygen raw, SBE 43, 2 [V]
# name 11 = upoly0: Upoly 0, Optode 4330F - O2 D-Phase
# name 12 = upoly1: Upoly 1, Optode 4330F - O2 Temp
# name 13 = latitude: Latitude [deg]
# name 14 = longitude: Longitude [deg]
# name 15 = sal00: Salinity, Practical [PSU]
# name 16 = sal11: Salinity, Practical, 2 [PSU]
# name 17 = potemp068C: Potential Temperature [ITS-68, deg C]
# name 18 = potemp168C: Potential Temperature, 2 [ITS-68, deg C]
# name 19 = sigma-é00: Density [sigma-theta, Kg/m^3]
# name 20 = sigma-é11: Density, 2 [sigma-theta, Kg/m^3]
# name 21 = sbeox0ML/L: Oxygen, SBE 43 [ml/l], WS = 2
# name 22 = sbeox1ML/L: Oxygen, SBE 43, 2 [ml/l], WS = 2
# name 23 = nbin: number of scans per bin
# name 24 = flag: flag
# span 0 =      58659,     109213       
# span 1 =   2444.079,   4550.519       
# span 2 =      1.000,   2087.000       
# span 3 =     2.7706,     8.6710       
# span 4 =   3.108510,   3.567461       
# span 5 =     2.7513,     8.6655       
# span 6 =   3.106606,   3.566868       
# span 7 =       0.58,     104.87       
# span 8 =     0.0069,     0.3051       
# span 9 =     2.2858,     3.5540       
# span 10 =     2.0237,     3.1362      
# span 11 =  30.043087,  35.280041      
# span 12 =  2.8827839,  8.6025152      
# span 13 =   48.84816,   48.85096      
# span 14 =  -45.74186,  -45.74042      
# span 15 =    33.7162,    34.9162      
# span 16 =    33.7192,    34.9157      
# span 17 =     2.7523,     8.6704      
# span 18 =     2.7471,     8.6649      
# span 19 =    26.1683,    27.8379      
# span 20 =    26.1697,    27.8375      
# span 21 =    6.28724,    8.27240      
# span 22 =    6.18097,    8.25435      
# span 23 =         11,         74      
# span 24 = 0.0000e+00, 0.0000e+00      
# interval = decibars: 1                
# start_time = Jul 07 2014 02:20:34 [NMEA time, header]
# bad_flag = -9.990e-29
*END*
[from data line 696]
      75029   3126.149   1391.000     3.6037   3.274175     3.6040   3.274156      99.60     0.0137     2.4634     2.1680  34.805862  3.5971673   48.84892  -45.74138    34.9153    34.9148     3.4976     3.4979    27.7700    27.7696    6.29548    6.24447         15 0.0000e+00
      75042   3126.728   1390.000     3.6052   3.274271     3.6050   3.274224      84.51     0.0145     2.4643     2.1680  34.806908  3.5965474   48.84892  -45.74138    34.9153    34.9150     3.4992     3.4990    27.7699    27.7696    6.29829    6.24068         14 0.0000e+00
      75055   3127.263   1389.000     3.6064   3.274344     3.6065   3.274306      33.24     0.0128     2.4638     2.1683  34.805878  3.5958588   48.84892  -45.74138    34.9154    34.9149     3.5005     3.5006    27.7698    27.7694    6.29139    6.23791         12 0.0000e+00
      75068   3127.796   1388.000     3.6072   3.274375     3.6073   3.274330      91.38     0.0111     2.4639     2.1681  34.805862  3.5958486   48.84892  -45.74139    34.9154    34.9148     3.5014     3.5014    27.7698    27.7693    6.29358    6.23287         13 0.0000e+00
      75083   3128.399   1387.000     3.6076   3.274364     3.6074   3.274301      98.42     0.0125     2.4638     2.1676  34.803349  3.5969653   48.84892  -45.74140    34.9154    34.9149     3.5018     3.5016    27.7697    27.7693    6.29519    6.22909         17 0.0000e+00
      75118   3129.870   1386.000     3.6073   3.274299     3.6069   3.274216      87.15     0.0134     2.4646     2.1679  34.794167  3.6001809   48.84893  -45.74140    34.9155    34.9149     3.5016     3.5012    27.7698    27.7693    6.29562    6.23905         43 0.0000e+00
      75182   3132.554   1385.000     3.6065   3.274179     3.6060   3.274074      99.65     0.0115     2.4657     2.1694  34.793823  3.6028013   48.84894  -45.74140    34.9153    34.9146     3.5010     3.5004    27.7697    27.7692    6.29878    6.25023         23 0.0000e+00
      75199   3133.261   1384.000     3.6062   3.274105     3.6060   3.274038      98.64     0.0124     2.4657     2.1696  34.791176  3.5957608   48.84894  -45.74140    34.9153    34.9147     3.5007     3.5005    27.7697    27.7693    6.29785    6.24838         19 0.0000e+00
      75218   3134.031   1383.000     3.6065   3.274093     3.6065   3.274042      98.64     0.0146     2.4659     2.1702  34.789688  3.5958486   48.84894  -45.74140    34.9154    34.9148     3.5010     3.5010    27.7698    27.7693    6.29870    6.25020         19 0.0000e+00
      75237   3134.824   1382.000     3.6068   3.274081     3.6067   3.274031      70.31     0.0168     2.4665     2.1705  34.801857  3.6024520   48.84894  -45.74140    34.9154    34.9149     3.5015     3.5014    27.7697    27.7693    6.29712    6.24670         19 0.0000e+00
      75257   3135.680   1381.000     3.6071   3.274071     3.6071   3.274021      55.70     0.0151     2.4660     2.1708  34.805214  3.6047208   48.84894  -45.74140    34.9154    34.9149     3.5019     3.5019    27.7697    27.7693    6.29663    6.24338         21 0.0000e+00
      75278   3136.552   1380.000     3.6076   3.274070     3.6076   3.274017      96.52     0.0138     2.4668     2.1708  34.798805  3.6042154   48.84894  -45.74140    34.9154    34.9147     3.5025     3.5025    27.7696    27.7691    6.29758    6.23769         21 0.0000e+00
      75298   3137.357   1379.000     3.6080   3.274060     3.6080   3.274010      98.64     0.0126     2.4670     2.1704  34.791180  3.6056223   48.84894  -45.74140    34.9154    34.9147     3.5029     3.5030    27.7696    27.7691    6.30122    6.23476         18 0.0000e+00
      75315   3138.080   1378.000     3.6085   3.274045     3.6080   3.273966      46.34     0.0120     2.4671     2.1704  34.791210  3.6056166   48.84894  -45.74140    34.9152    34.9147     3.5035     3.5030    27.7694    27.7690    6.30080    6.23971         17 0.0000e+00
      75331   3138.761   1377.000     3.6084   3.273998     3.6079   3.273911      82.79     0.0109     2.4674     2.1705  34.791210  3.6056166   48.84894  -45.74140    34.9152    34.9147     3.5035     3.5030    27.7694    27.7690    6.30420    6.24308         16 0.0000e+00
      75348   3139.450   1376.000     3.6082   3.273951     3.6072   3.273805      98.44     0.0121     2.4683     2.1709  34.791210  3.6056166   48.84894  -45.74140    34.9153    34.9147     3.5034     3.5024    27.7695    27.7691    6.30356    6.24531         17 0.0000e+00
      75366   3140.217   1375.000     3.6077   3.273870     3.6067   3.273723      46.24     0.0137     2.4682     2.1712  34.791210  3.6056166   48.84894  -45.74142    34.9154    34.9148     3.5030     3.5020    27.7696    27.7692    6.29714    6.24799         21 0.0000e+00
      75412   3142.114   1374.000     3.6074   3.273796     3.6067   3.273681      73.84     0.0150     2.4687     2.1724  34.792267  3.6056166   48.84894  -45.74142    34.9154    34.9148     3.5027     3.5021    27.7696    27.7692    6.29726    6.25336         41 0.0000e+00
      75471   3144.571   1373.000     3.6076   3.273746     3.6070   3.273658      55.09     0.0099     2.4688     2.1737  34.791180  3.6056166   48.84895  -45.74142    34.9151    34.9146     3.5030     3.5025    27.7693    27.7690    6.30154    6.25547         17 0.0000e+00
      75485   3145.187   1372.000     3.6078   3.273722     3.6070   3.273618      99.93     0.0085     2.4697     2.1738  34.790203  3.6049457   48.84896  -45.74142    34.9151    34.9147     3.5033     3.5025    27.7693    27.7691    6.30194    6.25141         15 0.0000e+00
      75500   3145.777   1371.000     3.6086   3.273765     3.6083   3.273700      78.09     0.0127     2.4692     2.1742  34.791222  3.6049185   48.84896  -45.74142    34.9152    34.9148     3.5042     3.5039    27.7693    27.7690    6.30083    6.25069         14 0.0000e+00
      75514   3146.354   1370.000     3.6099   3.273832     3.6111   3.273903      35.05     0.0137     2.4700     2.1742  34.790165  3.6042213   48.84896  -45.74142    34.9152    34.9147     3.5056     3.5068    27.7692    27.7687    6.30543    6.24605         14 0.0000e+00
      75528   3146.974   1369.000     3.6116   3.273941     3.6119   3.273926      98.30     0.0158     2.4703     2.1740  34.780300  3.6056054   48.84896  -45.74142    34.9152    34.9147     3.5074     3.5126    27.7690    27.7685    6.30429    6.24523         16 0.0000e+00
      75546   3147.696   1368.000     3.6122   3.273954     3.6125   3.273938      98.64     0.0156     2.4706     2.1744  34.775860  3.6056166   48.84896  -45.74142    34.9151    34.9146     3.5081     3.5084    27.7689    27.7684    6.30155    6.24737         19 0.0000e+00
      75568   3148.615   1367.000     3.6127   3.273954     3.6139   3.274012      81.62     0.0122     2.4710     2.1745  34.783508  3.6056166   48.84896  -45.74142    34.9151    34.9145     3.5087     3.5098    27.7688    27.7682    6.29597    6.24546         25 0.0000e+00
      75593   3149.662   1366.000     3.6142   3.274019     3.6169   3.274216      27.44     0.0119     2.4708     2.1745  34.789467  3.6056166   48.84896  -45.74142    34.9149    34.9143     3.5101     3.5129    27.7685    27.7677    6.30075    6.24159         24 0.0000e+00
      75615   3150.601   1365.000     3.6167   3.274183     3.6223   3.274659      63.70     0.0143     2.4714     2.1745  34.772770  3.6103530   48.84896  -45.74142    34.9146    34.9144     3.5128     3.5183    27.7680    27.7672    6.30504    6.24214         21 0.0000e+00
      75636   3151.463   1364.000     3.6218   3.274600     3.6293   3.275220      98.16     0.0168     2.4719     2.1746  34.759739  3.6154132   48.84896  -45.74144    34.9147    34.9142     3.5179     3.5253    27.7676    27.7664    6.30205    6.24605         21 0.0000e+00
      75659   3152.430   1363.000     3.6298   3.275236     3.6333   3.275530      56.00     0.0162     2.4727     2.1753  34.762375  3.6153846   48.84896  -45.74144    34.9143    34.9141     3.5259     3.5293    27.7664    27.7659    6.30385    6.24683         27 0.0000e+00
      75696   3153.939   1362.000     3.6317   3.275385     3.6346   3.275594      95.94     0.0134     2.4735     2.1757  34.757271  3.6170382   48.84896  -45.74144    34.9146    34.9140     3.5278     3.5323    27.7664    27.7657    6.30803    6.24742         46 0.0000e+00
      75737   3155.673   1361.000     3.6284   3.275061     3.6339   3.275499      59.96     0.0145     2.4743     2.1767  34.756184  3.6252694   48.84897  -45.74144    34.9147    34.9140     3.5247     3.5300    27.7668    27.7658    6.30076    6.25197         31 0.0000e+00
      75762   3156.707   1360.000     3.6343   3.275498     3.6355   3.275588      99.29     0.0143     2.4747     2.1772  34.752518  3.6228988   48.84898  -45.74144    34.9141    34.9139     3.5306     3.5318    27.7658    27.7655    6.30410    6.25032         22 0.0000e+00
      75782   3157.528   1359.000     3.6358   3.275606     3.6362   3.275609      98.63     0.0137     2.4751     2.1772  34.750492  3.6218874   48.84898  -45.74144    34.9143    34.9140     3.5322     3.5325    27.7658    27.7655    6.30524    6.25126         18 0.0000e+00
      75799   3158.236   1358.000     3.6369   3.275661     3.6372   3.275642      98.63     0.0178     2.4753     2.1780  34.750919  3.6233346   48.84898  -45.74144    34.9144    34.9138     3.5333     3.5336    27.7658    27.7653    6.30089    6.25381         16 0.0000e+00
      75815   3158.901   1357.000     3.6375   3.275683     3.6382   3.275693      98.63     0.0153     2.4750     2.1783  34.755531  3.6251674   48.84898  -45.74144    34.9144    34.9139     3.5341     3.5347    27.7657    27.7652    6.30526    6.25233         16 0.0000e+00
      75831   3159.566   1356.000     3.6385   3.275719     3.6387   3.275699      97.68     0.0175     2.4760     2.1785  34.752735  3.6251526   48.84898  -45.74144    34.9143    34.9138     3.5351     3.5353    27.7655    27.7651    6.30732    6.25443         16 0.0000e+00
      75847   3160.266   1355.000     3.6390   3.275724     3.6389   3.275666      31.34     0.0188     2.4758     2.1791  34.756184  3.6251526   48.84898  -45.74144    34.9144    34.9138     3.5357     3.5356    27.7655    27.7651    6.30471    6.25303         18 0.0000e+00
      75866   3161.052   1354.000     3.6392   3.275700     3.6388   3.275616      97.90     0.0148     2.4768     2.1792  34.754601  3.6265988   48.84898  -45.74144    34.9144    34.9138     3.5359     3.5356    27.7655    27.7651    6.30579    6.24700         20 0.0000e+00
      75890   3162.047   1353.000     3.6392   3.275659     3.6386   3.275556      98.64     0.0154     2.4765     2.1792  34.749950  3.6274786   48.84898  -45.74144    34.9144    34.9138     3.5361     3.5355    27.7655    27.7651    6.29824    6.24175         29 0.0000e+00
      75924   3163.458   1352.000     3.6391   3.275602     3.6385   3.275505      53.48     0.0196     2.4769     2.1784  34.747215  3.6350305   48.84898  -45.74144    34.9143    34.9138     3.5361     3.5354    27.7654    27.7651    6.30266    6.23703         36 0.0000e+00
      75956   3164.807   1351.000     3.6389   3.275530     3.6383   3.275445      71.49     0.0181     2.4775     2.1786  34.751781  3.6349206   48.84899  -45.74144    34.9142    34.9137     3.5359     3.5354    27.7654    27.7650    6.31083    6.24610         27 0.0000e+00
      75980   3165.790   1350.000     3.6390   3.275510     3.6388   3.275441      75.98     0.0146     2.4783     2.1788  34.748528  3.6349206   48.84900  -45.74145    34.9143    34.9137     3.5361     3.5359    27.7654    27.7650    6.30468    6.24714         22 0.0000e+00
      75999   3166.604   1349.000     3.6397   3.275520     3.6395   3.275461      98.62     0.0137     2.4780     2.1792  34.750507  3.6349206   48.84900  -45.74146    34.9142    34.9137     3.5369     3.5367    27.7653    27.7649    6.30680    6.24689         18 0.0000e+00
      76017   3167.336   1348.000     3.6402   3.275530     3.6407   3.275523      98.63     0.0130     2.4788     2.1794  34.749836  3.6349206   48.84900  -45.74146    34.9143    34.9137     3.5375     3.5379    27.7653    27.7648    6.31444    6.24809         17 0.0000e+00
      76035   3168.069   1347.000     3.6410   3.275555     3.6417   3.275571      43.82     0.0159     2.4796     2.1799  34.748051  3.6349206   48.84900  -45.74146    34.9142    34.9137     3.5384     3.5391    27.7651    27.7646    6.30288    6.24893         18 0.0000e+00
      76054   3168.889   1346.000     3.6422   3.275615     3.6425   3.275589      69.56     0.0156     2.4788     2.1799  34.747921  3.6349206   48.84900  -45.74146    34.9142    34.9136     3.5396     3.5399    27.7650    27.7645    6.30077    6.24311         22 0.0000e+00
      76081   3170.007   1345.000     3.6428   3.275635     3.6429   3.275585      60.29     0.0192     2.4799     2.1803  34.746841  3.6352077   48.84900  -45.74146    34.9142    34.9136     3.5403     3.5404    27.7650    27.7645    6.30773    6.24730         33 0.0000e+00
      76117   3171.486   1344.000     3.6434   3.275617     3.6434   3.275582      97.24     0.0178     2.4799     2.1807  34.746407  3.6349149   48.84900  -45.74146    34.9140    34.9135     3.5410     3.5410    27.7647    27.7643    6.30202    6.24816         35 0.0000e+00
      76147   3172.739   1343.000     3.6431   3.275553     3.6443   3.275621      71.70     0.0188     2.4800     2.1813  34.747261  3.6402206   48.84900  -45.74146    34.9140    34.9135     3.5408     3.5420    27.7647    27.7642    6.30352    6.25027         26 0.0000e+00
      76170   3173.709   1342.000     3.6451   3.275686     3.6452   3.275669      70.42     0.0165     2.4804     2.1815  34.747253  3.6442256   48.84900  -45.74146    34.9139    34.9136     3.5429     3.5430    27.7645    27.7642    6.30373    6.24725         21 0.0000e+00
      76190   3174.550   1341.000     3.6460   3.275731     3.6460   3.275698      98.92     0.0152     2.4805     2.1816  34.746475  3.6431353   48.84900  -45.74146    34.9140    34.9136     3.5438     3.5438    27.7644    27.7641    6.30652    6.24792         19 0.0000e+00
      76209   3175.323   1340.000     3.6471   3.275774     3.6472   3.275763      98.64     0.0148     2.4810     2.1820  34.741486  3.6425092   48.84902  -45.74146    34.9139    34.9136     3.5450     3.5451    27.7642    27.7640    6.30512    6.24521         18 0.0000e+00
      76227   3176.083   1339.000     3.6480   3.275825     3.6481   3.275796      41.45     0.0131     2.4812     2.1819  34.745708  3.6410911   48.84902  -45.74146    34.9141    34.9136     3.5459     3.5461    27.7643    27.7639    6.29997    6.24204         19 0.0000e+00
      76246   3176.868   1338.000     3.6485   3.275835     3.6489   3.275826      87.00     0.0162     2.4808     2.1819  34.734241  3.6436384   48.84902  -45.74146    34.9141    34.9136     3.5466     3.5470    27.7642    27.7638    6.30012    6.24678         19 0.0000e+00
      76267   3177.742   1337.000     3.6493   3.275852     3.6497   3.275855      98.52     0.0183     2.4813     2.1825  34.732616  3.6446788   48.84902  -45.74146    34.9140    34.9136     3.5474     3.5479    27.7641    27.7637    6.29843    6.25267         23 0.0000e+00
      76291   3178.747   1336.000     3.6501   3.275886     3.6512   3.275949      70.38     0.0154     2.4808     2.1830  34.732601  3.6446886   48.84902  -45.74146    34.9141    34.9137     3.5483     3.5494    27.7641    27.7636    6.29449    6.24730         25 0.0000e+00
      76317   3179.828   1335.000     3.6510   3.275913     3.6535   3.276120      75.43     0.0148     2.4815     2.1829  34.732601  3.6446886   48.84902  -45.74145    34.9140    34.9137     3.5492     3.5518    27.7639    27.7634    6.30835    6.24432         26 0.0000e+00
