data/CTD/2014/CNV/u017a042.cnv
* Sea-Bird SBE 9 Data File:
* FileName = C:\CTD_ACQUISITION\2014017HUD\ctddata\017A042.hdr
* Software Version Seasave V 7.22.2
* Temperature SN = 5081
* Conductivity SN = 3561
* Number of Bytes Per Scan = 37
* Number of Voltage Words = 4
* Number of Scans Averaged by the Deck Unit = 1
* NMEA Latitude = 48 16.34 N
* NMEA Longitude = 046 30.28 W
* NMEA UTC (Time) = Jul 10 2014 07:21:15
* NMEA baud rate = 9600
** Ship: Hudson
** Cruise: HUD2014017
** Chief_Scientist: Blair Greenan
** Organization: BIO
** Area_of_Operation: Sackville Spur
** Station: 042
** Sounding:  851
** Event_Comments: SS_12, 403244
# nquan = 25
# nvalues = 864                         
# units = specified
# name 0 = scan: Scan Count
# name 1 = timeS: Time, Elapsed [seconds]
# name 2 = prDM: Pressure, Digiquartz [db]
# name 3 = t068C: Temperature [ITS-68, deg C]
# name 4 = c0S/m: Conductivity [S/m]
# name 5 = t168C: Temperature, 2 [ITS-68, deg C]
# name 6 = c1S/m: Conductivity, 2 [S/m]
# name 7 = altM: Altimeter [m]
# name 8 = flC: Fluorescence, Chelsea Aqua 3 Chl Con [ug/l]
# name 9 = sbeox0V: Oxygen raw, SBE 43 [V]
# name 10 = sbeox1V: Oxygen raw, SBE 43, 2 [V]
# name 11 = upoly0: Upoly 0, Optode 4330F - O2 D-Phase
# name 12 = upoly1: Upoly 1, Optode 4330F - O2 Temp
# name 13 = latitude: Latitude [deg]
# name 14 = longitude: Longitude [deg]
# name 15 = sal00: Salinity, Practical [PSU]
# name 16 = sal11: Salinity, Practical, 2 [PSU]
# name 17 = potemp068C: Potential Temperature [ITS-68, deg C]
# name 18 = potemp168C: Potential Temperature, 2 [ITS-68, deg C]
# name 19 = sigma-é00: Density [sigma-theta, Kg/m^3]
# name 20 = sigma-é11: Density, 2 [sigma-theta, Kg/m^3]
# name 21 = sbeox0ML/L: Oxygen, SBE 43 [ml/l], WS = 2
# name 22 = sbeox1ML/L: Oxygen, SBE 43, 2 [ml/l], WS = 2
# name 23 = nbin: number of scans per bin
# name 24 = flag: flag
# span 0 =      32854,      69449       
# span 1 =   1368.878,   2893.646       
# span 2 =      1.000,    864.000       
# span 3 =    -1.0551,     7.7850       
# span 4 =   2.687903,   3.391199       
# span 5 =    -1.0566,     7.7851       
# span 6 =   2.687899,   3.391188       
# span 7 =      -0.38,     100.81       
# span 8 =     0.0078,     0.0690       
# span 9 =     2.6535,     3.7514       
# span 10 =     2.3417,     3.3359      
# span 11 =  30.345547,  34.600018      
# span 12 = -1.0341773,  7.8059545      
# span 13 =   48.27508,   48.27752      
# span 14 =  -46.50194,  -46.50116      
# span 15 =    32.7090,    34.8890      
# span 16 =    32.7307,    34.8885      
# span 17 =    -1.0563,     7.7849      
# span 18 =    -1.0578,     7.7850      
# span 19 =    25.5061,    27.7332      
# span 20 =    25.5231,    27.7329      
# span 21 =    6.42625,   10.12776      
# span 22 =    6.15569,   10.27952      
# span 23 =         13,         84      
# span 24 = 0.0000e+00, 0.0000e+00      
# interval = decibars: 1                
# start_time = Jul 10 2014 07:21:15 [NMEA time, header]
# bad_flag = -9.990e-29
*END*
[from data line 58]
      35426   1476.060    806.000     3.7299   3.257916     3.7296   3.257846      48.38     0.0221     2.6793     2.3622  34.117916  3.7241004   48.27546  -46.50169    34.8868    34.8863     3.6712     3.6709    27.7300    27.7296    6.45908    6.44628         30 0.0000e+00
      35464   1477.607    805.000     3.7299   3.257862     3.7295   3.257791      96.06     0.0183     2.6790     2.3623  34.108128  3.7305200   48.27546  -46.50170    34.8866    34.8862     3.6713     3.6710    27.7298    27.7295    6.45569    6.44612         42 0.0000e+00
      35499   1479.088    804.000     3.7300   3.257815     3.7293   3.257733      50.56     0.0144     2.6796     2.3631  34.102386  3.7326686   48.27546  -46.50170    34.8865    34.8862     3.6715     3.6709    27.7297    27.7296    6.45875    6.45437         27 0.0000e+00
      35522   1480.061    803.000     3.7300   3.257771     3.7294   3.257683      99.51     0.0162     2.6803     2.3638  34.101856  3.7321267   48.27544  -46.50170    34.8865    34.8861     3.6716     3.6710    27.7297    27.7295    6.46893    6.45228         21 0.0000e+00
      35543   1480.905    802.000     3.7298   3.257718     3.7293   3.257643      54.55     0.0141     2.6811     2.3641  34.102558  3.7316766   48.27544  -46.50170    34.8865    34.8862     3.6715     3.6710    27.7298    27.7296    6.46699    6.45436         21 0.0000e+00
      35565   1481.847    801.000     3.7297   3.257671     3.7295   3.257610      32.01     0.0165     2.6816     2.3648  34.091858  3.7325542   48.27544  -46.50170    34.8866    34.8861     3.6715     3.6712    27.7298    27.7295    6.46731    6.45109         26 0.0000e+00
      35599   1483.252    800.000     3.7299   3.257643     3.7303   3.257620      96.96     0.0219     2.6829     2.3646  34.095188  3.7326007   48.27544  -46.50172    34.8866    34.8859     3.6717     3.6722    27.7298    27.7292    6.47076    6.44519         40 0.0000e+00
      35634   1484.715    799.000     3.7320   3.257717     3.7319   3.257672      43.12     0.0141     2.6841     2.3645  34.097206  3.7326007   48.27544  -46.50172    34.8858    34.8853     3.6739     3.6738    27.7289    27.7286    6.47043    6.44567         27 0.0000e+00
      35656   1485.638    798.000     3.7330   3.257743     3.7323   3.257665      77.23     0.0111     2.6841     2.3645  34.094040  3.7326007   48.27543  -46.50172    34.8855    34.8853     3.6750     3.6743    27.7286    27.7285    6.46477    6.44531         19 0.0000e+00
      35675   1486.404    797.000     3.7335   3.257739     3.7329   3.257651      98.86     0.0161     2.6844     2.3647  34.090317  3.7326007   48.27542  -46.50172    34.8855    34.8851     3.6756     3.6749    27.7285    27.7283    6.46891    6.45274         18 0.0000e+00
      35694   1487.189    796.000     3.7335   3.257697     3.7331   3.257624      92.16     0.0194     2.6850     2.3657  34.090694  3.7326007   48.27542  -46.50172    34.8856    34.8851     3.6756     3.6752    27.7286    27.7282    6.46441    6.45934         21 0.0000e+00
      35725   1488.493    795.000     3.7333   3.257651     3.7331   3.257573      77.62     0.0194     2.6852     2.3667  34.091080  3.7326007   48.27542  -46.50174    34.8857    34.8850     3.6755     3.6753    27.7287    27.7282    6.46865    6.45712         50 0.0000e+00
      35778   1490.724    794.000     3.7337   3.257607     3.7332   3.257524      62.90     0.0198     2.6859     2.3670  34.091175  3.7326007   48.27542  -46.50174    34.8853    34.8849     3.6760     3.6755    27.7283    27.7280    6.46329    6.44424         36 0.0000e+00
      35800   1491.645    793.000     3.7343   3.257594     3.7337   3.257523      76.65     0.0207     2.6860     2.3665  34.090210  3.7326007   48.27541  -46.50174    34.8850    34.8848     3.6767     3.6786    27.7280    27.7279    6.46543    6.45037         19 0.0000e+00
      35818   1492.371    792.000     3.7344   3.257563     3.7338   3.257481      56.48     0.0154     2.6858     2.3673  34.089733  3.7326007   48.27540  -46.50174    34.8851    34.8847     3.6768     3.6762    27.7281    27.7278    6.46739    6.45846         16 0.0000e+00
      35834   1493.043    791.000     3.7343   3.257511     3.7339   3.257441      98.68     0.0145     2.6866     2.3677  34.088776  3.7326007   48.27540  -46.50174    34.8851    34.8847     3.6768     3.6764    27.7281    27.7278    6.47142    6.45648         17 0.0000e+00
      35852   1493.783    790.000     3.7342   3.257473     3.7343   3.257424      38.87     0.0157     2.6868     2.3681  34.072456  3.7326007   48.27540  -46.50175    34.8852    34.8845     3.6768     3.6769    27.7282    27.7276    6.47116    6.45880         20 0.0000e+00
      35879   1494.924    789.000     3.7345   3.257449     3.7347   3.257390      92.60     0.0130     2.6877     2.3690  34.070572  3.7328479   48.27540  -46.50176    34.8851    34.8843     3.6772     3.6774    27.7281    27.7274    6.47341    6.46238         37 0.0000e+00
      35918   1496.528    788.000     3.7350   3.257413     3.7345   3.257332      64.98     0.0144     2.6890     2.3706  34.069542  3.7335572   48.27540  -46.50176    34.8847    34.8843     3.6778     3.6773    27.7277    27.7274    6.47435    6.46630         32 0.0000e+00
      35943   1497.595    787.000     3.7356   3.257396     3.7353   3.257355      84.86     0.0171     2.6890     2.3709  34.064289  3.7325916   48.27539  -46.50176    34.8844    34.8842     3.6784     3.6782    27.7274    27.7272    6.47360    6.45908         23 0.0000e+00
      35966   1498.529    786.000     3.7366   3.257430     3.7364   3.257377      98.75     0.0156     2.6898     2.3710  34.064606  3.7326007   48.27538  -46.50176    34.8842    34.8839     3.6795     3.6814    27.7271    27.7269    6.47881    6.46461         22 0.0000e+00
      35988   1499.453    785.000     3.7369   3.257410     3.7369   3.257365      98.63     0.0147     2.6907     2.3721  34.064342  3.7351356   48.27538  -46.50176    34.8842    34.8837     3.6799     3.6799    27.7271    27.7266    6.48021    6.46703         23 0.0000e+00
      36011   1500.413    784.000     3.7373   3.257389     3.7373   3.257351      98.63     0.0143     2.6911     2.3723  34.061729  3.7409947   48.27538  -46.50176    34.8841    34.8836     3.6803     3.6804    27.7270    27.7265    6.48469    6.46696         24 0.0000e+00
      36038   1501.525    783.000     3.7377   3.257380     3.7383   3.257376      60.20     0.0160     2.6930     2.3736  34.061543  3.7410691   48.27538  -46.50176    34.8841    34.8834     3.6808     3.6814    27.7269    27.7263    6.48406    6.47448         30 0.0000e+00
      36072   1502.963    782.000     3.7388   3.257419     3.7398   3.257440      94.24     0.0165     2.6934     2.3743  34.055023  3.7423735   48.27538  -46.50177    34.8839    34.8830     3.6820     3.6830    27.7266    27.7258    6.48563    6.46557         37 0.0000e+00
      36104   1504.309    781.000     3.7405   3.257473     3.7412   3.257494      79.92     0.0161     2.6954     2.3744  34.043636  3.7423687   48.27536  -46.50178    34.8833    34.8827     3.6837     3.6845    27.7260    27.7254    6.49302    6.46484         26 0.0000e+00
      36127   1505.247    780.000     3.7427   3.257593     3.7432   3.257603      55.98     0.0142     2.6955     2.3746  34.048824  3.7423687   48.27536  -46.50178    34.8828    34.8824     3.6861     3.6866    27.7254    27.7250    6.49279    6.46833         21 0.0000e+00
      36147   1506.089    779.000     3.7439   3.257647     3.7448   3.257670      97.87     0.0166     2.6973     2.3751  34.055557  3.7423687   48.27536  -46.50178    34.8828    34.8821     3.6873     3.6882    27.7252    27.7246    6.49627    6.47161         20 0.0000e+00
      36170   1507.031    778.000     3.7448   3.257668     3.7454   3.257668      47.22     0.0135     2.6973     2.3757  34.051426  3.7434590   48.27536  -46.50178    34.8826    34.8819     3.6883     3.6889    27.7249    27.7244    6.48996    6.47163         26 0.0000e+00
      36204   1508.442    777.000     3.7458   3.257690     3.7454   3.257616      98.79     0.0135     2.6986     2.3767  34.034382  3.7457943   48.27534  -46.50178    34.8823    34.8818     3.6893     3.6890    27.7246    27.7243    6.49320    6.47811         40 0.0000e+00
      36238   1509.857    776.000     3.7461   3.257666     3.7456   3.257586      43.15     0.0122     2.6990     2.3780  34.025650  3.7480752   48.27534  -46.50178    34.8822    34.8817     3.6898     3.6893    27.7244    27.7242    6.49124    6.47846         26 0.0000e+00
      36260   1510.773    775.000     3.7475   3.257702     3.7472   3.257654      98.85     0.0185     2.6998     2.3784  34.027111  3.7496984   48.27534  -46.50178    34.8817    34.8814     3.6912     3.6910    27.7239    27.7237    6.49074    6.48069         20 0.0000e+00
      36279   1511.581    774.000     3.7489   3.257764     3.7491   3.257736      98.64     0.0210     2.6995     2.3793  34.030067  3.7459767   48.27534  -46.50178    34.8814    34.8809     3.6927     3.6928    27.7236    27.7232    6.48645    6.48369         19 0.0000e+00
      36298   1512.385    773.000     3.7493   3.257750     3.7500   3.257755      98.63     0.0214     2.6998     2.3797  34.030037  3.7457900   48.27534  -46.50178    34.8814    34.8807     3.6931     3.6938    27.7235    27.7229    6.48784    6.47193         20 0.0000e+00
      36320   1513.294    772.000     3.7502   3.257764     3.7503   3.257736      98.64     0.0223     2.7002     2.3790  34.023338  3.7484198   48.27534  -46.50178    34.8811    34.8806     3.6941     3.6943    27.7232    27.7228    6.49266    6.46165         24 0.0000e+00
      36346   1514.376    771.000     3.7505   3.257744     3.7503   3.257686      71.19     0.0250     2.7007     2.3788  34.016815  3.7521410   48.27532  -46.50178    34.8811    34.8806     3.6945     3.6943    27.7231    27.7227    6.49218    6.47419         27 0.0000e+00
      36373   1515.492    770.000     3.7503   3.257690     3.7503   3.257641      73.52     0.0228     2.7014     2.3795  34.014668  3.7521367   48.27532  -46.50178    34.8812    34.8806     3.6944     3.6944    27.7232    27.7228    6.49217    6.47852         27 0.0000e+00
      36401   1516.672    769.000     3.7502   3.257627     3.7504   3.257608      97.87     0.0158     2.7015     2.3806  34.014652  3.7521367   48.27532  -46.50178    34.8811    34.8806     3.6943     3.6946    27.7232    27.7227    6.49041    6.48280         31 0.0000e+00
      36442   1518.390    768.000     3.7506   3.257616     3.7503   3.257546      59.64     0.0151     2.7024     2.3818  34.007164  3.7521367   48.27531  -46.50180    34.8810    34.8805     3.6949     3.6945    27.7230    27.7226    6.49612    6.48623         48 0.0000e+00
      36479   1519.920    767.000     3.7509   3.257574     3.7503   3.257502      37.56     0.0197     2.7037     2.3830  33.988846  3.7597833   48.27530  -46.50180    34.8808    34.8805     3.6952     3.6946    27.7228    27.7226    6.50147    6.48071         24 0.0000e+00
      36498   1520.702    766.000     3.7512   3.257555     3.7507   3.257492      99.84     0.0200     2.7041     2.3824  33.988998  3.7582202   48.27530  -46.50180    34.8807    34.8805     3.6956     3.6951    27.7227    27.7226    6.49722    6.47578         16 0.0000e+00
      36514   1521.355    765.000     3.7518   3.257570     3.7515   3.257510      98.63     0.0219     2.7042     2.3828  33.989010  3.7564073   48.27530  -46.50180    34.8807    34.8804     3.6963     3.6960    27.7227    27.7224    6.49402    6.48258         16 0.0000e+00
      36529   1521.994    764.000     3.7522   3.257562     3.7523   3.257532      98.63     0.0207     2.7045     2.3832  33.985382  3.7528229   48.27530  -46.50180    34.8807    34.8803     3.6968     3.6968    27.7226    27.7223    6.49903    6.48226         15 0.0000e+00
      36546   1522.706    763.000     3.7526   3.257552     3.7530   3.257543      41.41     0.0173     2.7053     2.3833  33.985348  3.7526302   48.27530  -46.50180    34.8807    34.8802     3.6972     3.6976    27.7226    27.7221    6.49968    6.48042         20 0.0000e+00
      36580   1524.134    762.000     3.7527   3.257518     3.7528   3.257482      64.31     0.0190     2.7058     2.3837  33.985107  3.7523458   48.27529  -46.50180    34.8808    34.8802     3.6974     3.6975    27.7226    27.7221    6.50109    6.47865         55 0.0000e+00
      36628   1526.145    761.000     3.7527   3.257456     3.7520   3.257360     100.76     0.0204     2.7073     2.3836  33.985367  3.7558634   48.27528  -46.50180    34.8806    34.8801     3.6974     3.6968    27.7224    27.7221    6.49746    6.47745         28 0.0000e+00
      36649   1526.979    760.000     3.7530   3.257429     3.7527   3.257379      98.63     0.0218     2.7067     2.3838  33.985348  3.7586496   48.27528  -46.50180    34.8804    34.8801     3.6979     3.6976    27.7222    27.7220    6.49651    6.48519         18 0.0000e+00
      36666   1527.697    759.000     3.7544   3.257496     3.7541   3.257447      39.07     0.0180     2.7075     2.3847  33.985348  3.7520492   48.27528  -46.50180    34.8803    34.8800     3.6993     3.6991    27.7220    27.7218    6.49600    6.49095         16 0.0000e+00
      36682   1528.390    758.000     3.7553   3.257544     3.7558   3.257545      68.63     0.0171     2.7068     2.3853  33.985348  3.7521367   48.27528  -46.50180    34.8804    34.8799     3.7003     3.7032    27.7220    27.7215    6.49558    6.49200         18 0.0000e+00
      36702   1529.188    757.000     3.7560   3.257558     3.7565   3.257550      97.17     0.0185     2.7076     2.3862  33.983448  3.7538252   48.27528  -46.50182    34.8804    34.8797     3.7010     3.7017    27.7219    27.7213    6.49918    6.49231         22 0.0000e+00
      36737   1530.670    756.000     3.7561   3.257521     3.7562   3.257487      66.87     0.0182     2.7082     2.3871  33.978477  3.7610886   48.27526  -46.50182    34.8803    34.8798     3.7012     3.7014    27.7218    27.7214    6.49978    6.49148         47 0.0000e+00
      36774   1532.229    755.000     3.7559   3.257449     3.7556   3.257387      89.01     0.0150     2.7085     2.3878  33.972202  3.7611253   48.27526  -46.50182    34.8802    34.8797     3.7012     3.7009    27.7217    27.7214    6.49776    6.48614         25 0.0000e+00
      36796   1533.116    754.000     3.7568   3.257472     3.7566   3.257424      35.90     0.0122     2.7090     2.3880  33.972900  3.7614200   48.27526  -46.50182    34.8801    34.8797     3.7021     3.7019    27.7215    27.7213    6.50426    6.49131         20 0.0000e+00
      36816   1533.949    753.000     3.7577   3.257502     3.7574   3.257446      97.96     0.0109     2.7099     2.3886  33.970028  3.7618995   48.27526  -46.50182    34.8800    34.8796     3.7030     3.7028    27.7214    27.7211    6.49741    6.49560         21 0.0000e+00
      36837   1534.848    752.000     3.7580   3.257483     3.7580   3.257434      98.63     0.0087     2.7092     2.3893  33.966347  3.7619047   48.27525  -46.50182    34.8800    34.8793     3.7034     3.7035    27.7213    27.7208    6.49436    6.49501         23 0.0000e+00
      36862   1535.885    751.000     3.7583   3.257458     3.7584   3.257415      41.13     0.0125     2.7098     2.3897  33.948353  3.7619047   48.27524  -46.50182    34.8799    34.8792     3.7038     3.7039    27.7212    27.7207    6.51088    6.48955         26 0.0000e+00
      36888   1536.963    750.000     3.7589   3.257455     3.7590   3.257423      98.90     0.0146     2.7120     2.3897  33.949013  3.7619047   48.27524  -46.50182    34.8797    34.8792     3.7045     3.7046    27.7210    27.7206    6.51471    6.49068         25 0.0000e+00
