data/CTD/2014/CNV/u017a022.cnv
* Sea-Bird SBE 9 Data File:
* FileName = C:\CTD_ACQUISITION\2014017HUD\ctddata\017A022.hdr
* Software Version Seasave V 7.22.2
* Temperature SN = 5081
* Conductivity SN = 3561
* Number of Bytes Per Scan = 37
* Number of Voltage Words = 4
* Number of Scans Averaged by the Deck Unit = 1
* NMEA Latitude = 53 23.40 N
* NMEA Longitude = 050 07.48 W
* NMEA UTC (Time) = Jul 05 2014 05:54:43
* NMEA baud rate = 9600
** Ship: Hudson
** Cruise: HUD2014017
** Chief_Scientist: Blair Greenan
** Organization: BIO
** Area_of_Operation: Sackville Spur
** Station: 022
** Sounding:  3370
** Event_Comments: K10, 403125
# nquan = 25
# nvalues = 3511                        
# units = specified
# name 0 = scan: Scan Count
# name 1 = timeS: Time, Elapsed [seconds]
# name 2 = prDM: Pressure, Digiquartz [db]
# name 3 = t068C: Temperature [ITS-68, deg C]
# name 4 = c0S/m: Conductivity [S/m]
# name 5 = t168C: Temperature, 2 [ITS-68, deg C]
# name 6 = c1S/m: Conductivity, 2 [S/m]
# name 7 = altM: Altimeter [m]
# name 8 = flC: Fluorescence, Chelsea Aqua 3 Chl Con [ug/l]
# name 9 = sbeox0V: Oxygen raw, SBE 43 [V]
# name 10 = sbeox1V: Oxygen raw, SBE 43, 2 [V]
# name 11 = upoly0: Upoly 0, Optode 4330F - O2 D-Phase
# name 12 = upoly1: Upoly 1, Optode 4330F - O2 Temp
# name 13 = latitude: Latitude [deg]
# name 14 = longitude: Longitude [deg]
# name 15 = sal00: Salinity, Practical [PSU]
# name 16 = sal11: Salinity, Practical, 2 [PSU]
# name 17 = potemp068C: Potential Temperature [ITS-68, deg C]
# name 18 = potemp168C: Potential Temperature, 2 [ITS-68, deg C]
# name 19 = sigma-é00: Density [sigma-theta, Kg/m^3]
# name 20 = sigma-é11: Density, 2 [sigma-theta, Kg/m^3]
# name 21 = sbeox0ML/L: Oxygen, SBE 43 [ml/l], WS = 2
# name 22 = sbeox1ML/L: Oxygen, SBE 43, 2 [ml/l], WS = 2
# name 23 = nbin: number of scans per bin
# name 24 = flag: flag
# span 0 =      92329,     196122       
# span 1 =   3847.018,   8171.721       
# span 2 =      1.000,   3511.000       
# span 3 =     1.7875,     8.9879       
# span 4 =   3.194471,   3.674341       
# span 5 =     1.7864,     8.9878       
# span 6 =   3.194440,   3.674285       
# span 7 =       1.45,     107.14       
# span 8 =     0.0048,     0.5654       
# span 9 =     2.0330,     3.4863       
# span 10 =     1.8009,     3.0647      
# span 11 =  29.880398,  35.868370      
# span 12 =  1.7784536,  9.0174618      
# span 13 =   53.39000,   53.39130      
# span 14 =  -50.12258,  -50.12048      
# span 15 =    34.5873,    34.9182      
# span 16 =    34.5864,    34.9187      
# span 17 =     1.5123,     8.9876      
# span 18 =     1.5111,     8.9875      
# span 19 =    26.7988,    27.9235      
# span 20 =    26.7981,    27.9240      
# span 21 =    6.26574,    7.17125      
# span 22 =    6.02036,    7.19199      
# span 23 =         11,         75      
# span 24 = 0.0000e+00, 0.0000e+00      
# interval = decibars: 1                
# start_time = Jul 05 2014 05:54:43 [NMEA time, header]
# bad_flag = -9.990e-29
*END*
[from data line 3131]
     173131   7213.737    380.000     3.7858   3.238570     3.7845   3.238449      98.63     0.0137     2.8804     2.5342  33.519756  3.8009768   53.39026  -50.12112    34.8221    34.8221     3.7593     3.7580    27.6696    27.6697    6.66851    6.66193         18 0.0000e+00
     173148   7214.461    379.000     3.7815   3.238058     3.7798   3.237880      98.64     0.0160     2.8803     2.5339  33.516563  3.8009768   53.39026  -50.12112    34.8211    34.8208     3.7551     3.7534    27.6692    27.6692    6.66831    6.65776         18 0.0000e+00
     173169   7215.323    378.000     3.7790   3.237760     3.7773   3.237576      98.63     0.0137     2.8807     2.5344  33.517662  3.8009768   53.39026  -50.12112    34.8208    34.8204     3.7526     3.7509    27.6692    27.6691    6.67170    6.66634         24 0.0000e+00
     173200   7216.638    377.000     3.7786   3.237687     3.7776   3.237565      98.63     0.0168     2.8817     2.5352  33.517670  3.8009768   53.39026  -50.12112    34.8209    34.8205     3.7523     3.7525    27.6693    27.6691    6.67947    6.66495         37 0.0000e+00
     173234   7218.032    376.000     3.7794   3.237712     3.7778   3.237537      63.65     0.0185     2.8830     2.5359  33.516979  3.7977138   53.39026  -50.12112    34.8209    34.8205     3.7532     3.7515    27.6692    27.6691    6.67974    6.66823         28 0.0000e+00
     173257   7218.985    375.000     3.7775   3.237450     3.7765   3.237346      98.83     0.0149     2.8838     2.5364  33.516479  3.7946084   53.39026  -50.12112    34.8203    34.8201     3.7514     3.7504    27.6690    27.6689    6.68118    6.67094         20 0.0000e+00
     173275   7219.750    374.000     3.7757   3.237203     3.7749   3.237121      98.63     0.0162     2.8843     2.5372  33.516483  3.7935071   53.39026  -50.12112    34.8198    34.8197     3.7496     3.7489    27.6687    27.6687    6.68509    6.67783         17 0.0000e+00
     173293   7220.483    373.000     3.7743   3.237002     3.7729   3.236839      98.63     0.0155     2.8855     2.5383  33.516483  3.8010180   53.39026  -50.12112    34.8195    34.8190     3.7483     3.7469    27.6686    27.6684    6.68650    6.67966         18 0.0000e+00
     173312   7221.298    372.000     3.7725   3.236761     3.7701   3.236497      98.63     0.0141     2.8860     2.5388  33.516483  3.8005407   53.39028  -50.12112    34.8190    34.8184     3.7466     3.7442    27.6684    27.6682    6.68679    6.67627         22 0.0000e+00
     173339   7222.421    371.000     3.7705   3.236515     3.7679   3.236230      98.63     0.0151     2.8872     2.5399  33.516483  3.7934475   53.39028  -50.12112    34.8187    34.8181     3.7447     3.7421    27.6684    27.6682    6.69510    6.68488         32 0.0000e+00
     173370   7223.690    370.000     3.7690   3.236300     3.7665   3.236026      98.63     0.0125     2.8891     2.5412  33.516483  3.7911301   53.39028  -50.12114    34.8183    34.8177     3.7433     3.7407    27.6681    27.6680    6.70108    6.68434         26 0.0000e+00
     173391   7224.569    369.000     3.7666   3.235998     3.7640   3.235712      98.63     0.0128     2.8906     2.5417  33.515663  3.7912087   53.39028  -50.12114    34.8178    34.8171     3.7409     3.7384    27.6681    27.6677    6.70174    6.68545         18 0.0000e+00
     173407   7225.261    368.000     3.7611   3.235361     3.7583   3.235053      88.23     0.0139     2.8911     2.5424  33.514511  3.7912087   53.39028  -50.12112    34.8166    34.8158     3.7355     3.7328    27.6676    27.6673    6.69857    6.69213         15 0.0000e+00
     173422   7225.890    367.000     3.7547   3.234629     3.7504   3.234175       1.45     0.0139     2.8916     2.5433  33.514530  3.7912087   53.39028  -50.12112    34.8152    34.8144     3.7292     3.7249    27.6671    27.6669    6.69649    6.69572         15 0.0000e+00
     173438   7226.551    366.000     3.7491   3.234005     3.7440   3.233460      93.06     0.0158     2.8917     2.5440  33.516449  3.7912087   53.39028  -50.12112    34.8142    34.8131     3.7237     3.7186    27.6669    27.6666    6.69602    6.69593         18 0.0000e+00
     173463   7227.603    365.000     3.7447   3.233490     3.7424   3.233265      98.20     0.0163     2.8924     2.5448  33.516483  3.7868528   53.39026  -50.12117    34.8133    34.8130     3.7193     3.7171    27.6666    27.6666    6.70296    6.69777         38 0.0000e+00
     173509   7229.496    364.000     3.7454   3.233533     3.7486   3.233909      89.53     0.0133     2.8944     2.5469  33.516483  3.7714064   53.39025  -50.12120    34.8136    34.8146     3.7201     3.7234    27.6668    27.6673    6.70868    6.70827         38 0.0000e+00
     173535   7230.593    363.000     3.7481   3.233765     3.7489   3.233879      98.81     0.0124     2.8952     2.5483  33.501476  3.7620926   53.39026  -50.12117    34.8140    34.8145     3.7230     3.7237    27.6668    27.6671    6.71405    6.71221         22 0.0000e+00
     173554   7231.381    362.000     3.7425   3.233168     3.7424   3.233097      98.54     0.0131     2.8966     2.5495  33.501831  3.7619126   53.39026  -50.12116    34.8131    34.8127     3.7174     3.7173    27.6667    27.6663    6.71716    6.71624         18 0.0000e+00
     173573   7232.153    361.000     3.7373   3.232583     3.7336   3.232133      98.52     0.0129     2.8974     2.5505  33.501831  3.7674587   53.39026  -50.12118    34.8125    34.8110     3.7123     3.7086    27.6667    27.6659    6.71732    6.71579         19 0.0000e+00
     173593   7233.016    360.000     3.7321   3.231986     3.7273   3.231427      98.51     0.0160     2.8984     2.5511  33.501831  3.7716494   53.39028  -50.12116    34.8114    34.8098     3.7072     3.7024    27.6663    27.6656    6.72403    6.71782         22 0.0000e+00
     173617   7234.000    359.000     3.7285   3.231512     3.7251   3.231148      98.47     0.0160     2.8998     2.5524  33.501831  3.7679315   53.39028  -50.12116    34.8101    34.8094     3.7037     3.7002    27.6656    27.6654    6.72365    6.72537         24 0.0000e+00
     173641   7234.980    358.000     3.7264   3.231269     3.7238   3.230982      98.45     0.0141     2.9005     2.5534  33.501831  3.7617707   53.39030  -50.12114    34.8099    34.8093     3.7017     3.6991    27.6657    27.6655    6.72931    6.71783         23 0.0000e+00
     173662   7235.891    357.000     3.7240   3.230951     3.7202   3.230555      98.44     0.0157     2.9023     2.5534  33.496864  3.7614317   53.39030  -50.12114    34.8092    34.8086     3.6994     3.6955    27.6654    27.6653    6.73336    6.71710         21 0.0000e+00
     173683   7236.730    356.000     3.7201   3.230518     3.7158   3.230056      98.42     0.0172     2.9031     2.5540  33.480568  3.7604384   53.39030  -50.12114    34.8088    34.8078     3.6955     3.6912    27.6654    27.6651    6.73068    6.72424         20 0.0000e+00
     173701   7237.513    355.000     3.7163   3.230047     3.7128   3.229680      98.36     0.0161     2.9038     2.5545  33.479858  3.7608156   53.39030  -50.12114    34.8077    34.8071     3.6918     3.6883    27.6650    27.6648    6.73402    6.72744         18 0.0000e+00
     173720   7238.302    354.000     3.7133   3.229694     3.7111   3.229454      98.63     0.0167     2.9048     2.5556  33.473347  3.7565882   53.39030  -50.12116    34.8073    34.8067     3.6889     3.6867    27.6649    27.6647    6.73272    6.72982         20 0.0000e+00
     173742   7239.203    353.000     3.7112   3.229423     3.7085   3.229123      98.32     0.0147     2.9048     2.5562  33.474918  3.7562160   53.39030  -50.12116    34.8068    34.8061     3.6868     3.6841    27.6647    27.6644    6.72806    6.72878         24 0.0000e+00
     173769   7240.323    352.000     3.7087   3.229098     3.7050   3.228735      98.33     0.0165     2.9057     2.5569  33.463543  3.7461727   53.39030  -50.12116    34.8061    34.8056     3.6844     3.6815    27.6644    27.6644    6.73681    6.73335         29 0.0000e+00
     173798   7241.550    351.000     3.7071   3.228911     3.7009   3.228256      98.56     0.0144     2.9070     2.5584  33.457836  3.7416642   53.39030  -50.12117    34.8061    34.8049     3.6829     3.6767    27.6645    27.6642    6.73985    6.74131         29 0.0000e+00
     173825   7242.686    350.000     3.7059   3.228693     3.6962   3.227694      53.87     0.0200     2.9077     2.5597  33.457874  3.7423801   53.39030  -50.12115    34.8054    34.8037     3.6818     3.6721    27.6641    27.6637    6.74125    6.74422         25 0.0000e+00
     173850   7243.711    349.000     3.7013   3.228197     3.6926   3.227278      96.24     0.0186     2.9092     2.5610  33.457874  3.7411931   53.39031  -50.12116    34.8048    34.8030     3.6772     3.6686    27.6641    27.6636    6.74887    6.74954         25 0.0000e+00
     173874   7244.695    348.000     3.6956   3.227548     3.6904   3.227005      97.94     0.0156     2.9101     2.5622  33.457874  3.7327175   53.39032  -50.12118    34.8036    34.8027     3.6717     3.6665    27.6637    27.6635    6.74921    6.75174         23 0.0000e+00
     173896   7245.634    347.000     3.6921   3.227149     3.6893   3.226851      98.12     0.0181     2.9114     2.5630  33.457874  3.7326007   53.39032  -50.12118    34.8031    34.8025     3.6683     3.6655    27.6636    27.6635    6.75308    6.74939         22 0.0000e+00
     173919   7246.575    346.000     3.6903   3.226910     3.6887   3.226744      98.10     0.0199     2.9121     2.5635  33.457874  3.7326007   53.39032  -50.12118    34.8027    34.8024     3.6665     3.6649    27.6635    27.6635    6.75109    6.74548         23 0.0000e+00
     173941   7247.515    345.000     3.6893   3.226758     3.6882   3.226650      98.01     0.0200     2.9126     2.5634  33.457874  3.7326007   53.39032  -50.12118    34.8025    34.8024     3.6656     3.6645    27.6634    27.6634    6.75069    6.73831         22 0.0000e+00
     173962   7248.389    344.000     3.6885   3.226619     3.6870   3.226483      97.81     0.0196     2.9137     2.5626  33.445328  3.7242362   53.39032  -50.12116    34.8022    34.8022     3.6649     3.6634    27.6633    27.6634    6.74965    6.72764         19 0.0000e+00
     173980   7249.136    343.000     3.6869   3.226415     3.6853   3.226256      97.92     0.0177     2.9133     2.5617  33.443188  3.7228105   53.39032  -50.12116    34.8020    34.8019     3.6634     3.6617    27.6633    27.6633    6.74266    6.72040         17 0.0000e+00
     173996   7249.806    342.000     3.6846   3.226123     3.6830   3.225968      98.17     0.0163     2.9134     2.5607  33.443222  3.7228327   53.39032  -50.12116    34.8016    34.8014     3.6611     3.6595    27.6631    27.6631    6.74514    6.72386         16 0.0000e+00
     174013   7250.495    341.000     3.6818   3.225829     3.6797   3.225580      97.51     0.0145     2.9132     2.5605  33.443222  3.7216916   53.39032  -50.12116    34.8015    34.8008     3.6584     3.6563    27.6634    27.6630    6.74721    6.73975         17 0.0000e+00
     174036   7251.450    340.000     3.6800   3.225585     3.6773   3.225297      98.05     0.0141     2.9145     2.5623  33.442009  3.7205718   53.39032  -50.12116    34.8011    34.8005     3.6566     3.6539    27.6632    27.6630    6.76181    6.75547         33 0.0000e+00
     174085   7253.479    339.000     3.6820   3.225745     3.6824   3.225822      85.79     0.0125     2.9179     2.5664  33.432213  3.7086825   53.39032  -50.12116    34.8014    34.8019     3.6587     3.6592    27.6633    27.6636    6.77411    6.76620         49 0.0000e+00
     174115   7254.734    338.000     3.6820   3.225682     3.6833   3.225827      96.55     0.0111     2.9202     2.5677  33.410267  3.6995478   53.39032  -50.12116    34.8012    34.8015     3.6588     3.6601    27.6631    27.6632    6.77494    6.76588         20 0.0000e+00
     174132   7255.441    337.000     3.6739   3.224838     3.6735   3.224706      98.65     0.0123     2.9214     2.5690  33.419453  3.7002459   53.39032  -50.12116    34.8002    34.7991     3.6508     3.6504    27.6631    27.6623    6.78152    6.77318         16 0.0000e+00
     174147   7256.076    336.000     3.6603   3.223377     3.6586   3.223105      98.63     0.0157     2.9224     2.5697  33.411083  3.6981115   53.39034  -50.12116    34.7978    34.7964     3.6373     3.6356    27.6625    27.6615    6.78340    6.77726         15 0.0000e+00
     174163   7256.735    335.000     3.6539   3.222639     3.6475   3.221914      98.63     0.0177     2.9229     2.5707  33.399532  3.6975627   53.39034  -50.12116    34.7963    34.7944     3.6310     3.6246    27.6620    27.6611    6.78694    6.78235         17 0.0000e+00
     174184   7257.611    334.000     3.6476   3.221883     3.6419   3.221284      98.63     0.0150     2.9247     2.5725  33.403347  3.6964910   53.39034  -50.12116    34.7945    34.7933     3.6247     3.6191    27.6612    27.6608    6.79200    6.78958         27 0.0000e+00
     174215   7258.924    333.000     3.6484   3.221926     3.6426   3.221312      96.01     0.0148     2.9267     2.5738  33.400047  3.6830130   53.39034  -50.12116    34.7947    34.7935     3.6256     3.6199    27.6612    27.6608    6.79652    6.78063         30 0.0000e+00
     174240   7259.940    332.000     3.6443   3.221464     3.6428   3.221247      69.47     0.0142     2.9281     2.5746  33.399227  3.6812155   53.39034  -50.12116    34.7940    34.7931     3.6216     3.6202    27.6611    27.6604    6.79209    6.78366         20 0.0000e+00
     174257   7260.671    331.000     3.6420   3.221122     3.6403   3.220949      99.66     0.0124     2.9288     2.5748  33.399269  3.6724863   53.39034  -50.12117    34.7930    34.7927     3.6194     3.6177    27.6605    27.6604    6.78769    6.78071         16 0.0000e+00
     174273   7261.316    330.000     3.6409   3.220957     3.6391   3.220763      98.63     0.0161     2.9282     2.5752  33.399269  3.6733851   53.39034  -50.12118    34.7927    34.7923     3.6184     3.6166    27.6604    27.6602    6.78727    6.78660         16 0.0000e+00
     174289   7261.980    329.000     3.6376   3.220593     3.6322   3.219979      95.24     0.0193     2.9289     2.5759  33.398430  3.6739752   53.39034  -50.12116    34.7924    34.7908     3.6152     3.6098    27.6604    27.6597    6.79553    6.79514         17 0.0000e+00
     174312   7262.948    328.000     3.6328   3.220024     3.6272   3.219435      97.00     0.0208     2.9307     2.5778  33.398407  3.6739926   53.39034  -50.12117    34.7912    34.7902     3.6105     3.6048    27.6600    27.6597    6.81308    6.80833         34 0.0000e+00
     174358   7264.889    327.000     3.6345   3.220180     3.6356   3.220317      95.96     0.0149     2.9350     2.5819  33.393219  3.6650786   53.39034  -50.12118    34.7919    34.7922     3.6122     3.6134    27.6603    27.6605    6.81759    6.81907         45 0.0000e+00
     174388   7266.120    326.000     3.6354   3.220207     3.6349   3.220173      74.96     0.0182     2.9366     2.5840  33.372387  3.6592648   53.39034  -50.12118    34.7917    34.7918     3.6132     3.6127    27.6601    27.6602    6.81538    6.82103         22 0.0000e+00
     174407   7266.919    325.000     3.6236   3.218949     3.6257   3.219069      95.65     0.0188     2.9373     2.5852  33.357849  3.6544406   53.39034  -50.12118    34.7900    34.7889     3.6013     3.6036    27.6599    27.6588    6.81295    6.82643         17 0.0000e+00
     174424   7267.643    324.000     3.6118   3.217586     3.6113   3.217497      94.59     0.0180     2.9375     2.5864  33.358566  3.6544566   53.39034  -50.12118    34.7865    34.7860     3.5898     3.5893    27.6583    27.6579    6.81592    6.82838         18 0.0000e+00
