data/CTD/2014/CNV/u017a013.cnv
* Sea-Bird SBE 9 Data File:
* FileName = C:\CTD_ACQUISITION\2014017HUD\ctddata\017A013.hdr
* Software Version Seasave V 7.22.2
* Temperature SN = 5081
* Conductivity SN = 3561
* Number of Bytes Per Scan = 37
* Number of Voltage Words = 4
* Number of Scans Averaged by the Deck Unit = 1
* NMEA Latitude = 52 49.18 N
* NMEA Longitude = 051 25.44 W
* NMEA UTC (Time) = Jul 03 2014 23:45:42
* NMEA baud rate = 9600
** Ship: Hudson
** Cruise: HUD2014017
** Chief_Scientist: Blair Greenan
** Organization: BIO
** Area_of_Operation: Sackville Spur
** Station: 013
** Sounding:  1581
** Event_Comments: K7, 403035
# nquan = 25
# nvalues = 1642                        
# units = specified
# name 0 = scan: Scan Count
# name 1 = timeS: Time, Elapsed [seconds]
# name 2 = prDM: Pressure, Digiquartz [db]
# name 3 = t068C: Temperature [ITS-68, deg C]
# name 4 = c0S/m: Conductivity [S/m]
# name 5 = t168C: Temperature, 2 [ITS-68, deg C]
# name 6 = c1S/m: Conductivity, 2 [S/m]
# name 7 = altM: Altimeter [m]
# name 8 = flC: Fluorescence, Chelsea Aqua 3 Chl Con [ug/l]
# name 9 = sbeox0V: Oxygen raw, SBE 43 [V]
# name 10 = sbeox1V: Oxygen raw, SBE 43, 2 [V]
# name 11 = upoly0: Upoly 0, Optode 4330F - O2 D-Phase
# name 12 = upoly1: Upoly 1, Optode 4330F - O2 Temp
# name 13 = latitude: Latitude [deg]
# name 14 = longitude: Longitude [deg]
# name 15 = sal00: Salinity, Practical [PSU]
# name 16 = sal11: Salinity, Practical, 2 [PSU]
# name 17 = potemp068C: Potential Temperature [ITS-68, deg C]
# name 18 = potemp168C: Potential Temperature, 2 [ITS-68, deg C]
# name 19 = sigma-é00: Density [sigma-theta, Kg/m^3]
# name 20 = sigma-é11: Density, 2 [sigma-theta, Kg/m^3]
# name 21 = sbeox0ML/L: Oxygen, SBE 43 [ml/l], WS = 2
# name 22 = sbeox1ML/L: Oxygen, SBE 43, 2 [ml/l], WS = 2
# name 23 = nbin: number of scans per bin
# name 24 = flag: flag
# span 0 =      47435,     103329       
# span 1 =   1976.408,   4305.327       
# span 2 =      1.000,   1642.000       
# span 3 =     3.3409,     6.1848       
# span 4 =   3.148436,   3.365908       
# span 5 =     3.3402,     6.2334       
# span 6 =   3.146631,   3.365874       
# span 7 =       3.11,     103.50       
# span 8 =     0.0065,     0.2955       
# span 9 =     2.3965,     3.5765       
# span 10 =     2.1198,     3.1459      
# span 11 =  30.168457,  34.940022      
# span 12 =  3.3319342,  6.0867348      
# span 13 =   52.81503,   52.81760      
# span 14 =  -51.41186,  -51.39827      
# span 15 =    32.7015,    34.9151      
# span 16 =    32.7016,    34.9145      
# span 17 =     3.2166,     6.1835      
# span 18 =     3.2154,     6.2321      
# span 19 =    25.8378,    27.7960      
# span 20 =    25.8382,    27.7955      
# span 21 =    6.29719,    8.06322      
# span 22 =    6.25489,    8.13352      
# span 23 =          9,         69      
# span 24 = 0.0000e+00, 0.0000e+00      
# interval = decibars: 1                
# start_time = Jul 03 2014 23:45:42 [NMEA time, header]
# bad_flag = -9.990e-29
*END*
[from data line 174]
      51449   2143.677   1468.000     3.5089   3.268876     3.5086   3.268775      88.88     0.0167     2.4434     2.1524  34.792042  3.4981685   52.81670  -51.41166    34.9142    34.9133     3.3972     3.3969    27.7790    27.7783    6.30914    6.26833         18 0.0000e+00
      51469   2144.481   1467.000     3.5094   3.268872     3.5103   3.268909      98.42     0.0190     2.4427     2.1529  34.791912  3.4981685   52.81670  -51.41166    34.9141    34.9136     3.3977     3.3987    27.7789    27.7783    6.30747    6.27150         21 0.0000e+00
      51493   2145.512   1466.000     3.5106   3.268937     3.5136   3.269151      83.80     0.0176     2.4434     2.1535  34.800968  3.5022879   52.81670  -51.41166    34.9142    34.9135     3.3990     3.4020    27.7788    27.7780    6.31177    6.26828         31 0.0000e+00
      51536   2147.312   1465.000     3.5112   3.268961     3.5127   3.268991      69.62     0.0175     2.4434     2.1539  34.784599  3.5065489   52.81668  -51.41166    34.9143    34.9131     3.3997     3.4012    27.7788    27.7777    6.30203    6.26762         43 0.0000e+00
      51564   2148.466   1464.000     3.5121   3.268981     3.5139   3.269071      99.70     0.0187     2.4436     2.1545  34.775379  3.5080063   52.81668  -51.41164    34.9141    34.9132     3.4007     3.4025    27.7785    27.7777    6.31060    6.27398         19 0.0000e+00
      51580   2149.120   1463.000     3.5154   3.269242     3.5157   3.269198      98.63     0.0202     2.4439     2.1552  34.792072  3.5079365   52.81668  -51.41164    34.9141    34.9134     3.4041     3.4043    27.7783    27.7776    6.31542    6.27293         15 0.0000e+00
      51594   2149.708   1462.000     3.5171   3.269347     3.5163   3.269216      98.63     0.0170     2.4443     2.1552  34.791210  3.5079365   52.81668  -51.41163    34.9141    34.9134     3.4058     3.4050    27.7781    27.7776    6.31216    6.26753         13 0.0000e+00
      51608   2150.283   1461.000     3.5174   3.269342     3.5165   3.269202      98.64     0.0154     2.4447     2.1553  34.791210  3.5079365   52.81668  -51.41162    34.9142    34.9135     3.4062     3.4053    27.7781    27.7776    6.30629    6.26489         15 0.0000e+00
      51623   2150.916   1460.000     3.5174   3.269307     3.5165   3.269164      65.15     0.0144     2.4447     2.1553  34.791210  3.5079365   52.81668  -51.41161    34.9143    34.9135     3.4063     3.4105    27.7782    27.7777    6.30898    6.26467         16 0.0000e+00
      51644   2151.796   1459.000     3.5173   3.269262     3.5169   3.269155      88.49     0.0143     2.4451     2.1555  34.791672  3.5079365   52.81667  -51.41160    34.9144    34.9135     3.4063     3.4063    27.7783    27.7776    6.30919    6.26631         29 0.0000e+00
      51690   2153.689   1458.000     3.5170   3.269188     3.5165   3.269064      56.10     0.0146     2.4455     2.1557  34.792652  3.5079365   52.81666  -51.41160    34.9143    34.9134     3.4061     3.4055    27.7782    27.7775    6.30837    6.26043         45 0.0000e+00
      51715   2154.762   1457.000     3.5172   3.269146     3.5173   3.269079      78.33     0.0135     2.4457     2.1554  34.793682  3.5079365   52.81666  -51.41160    34.9141    34.9132     3.4064     3.4065    27.7780    27.7773    6.31051    6.26457         18 0.0000e+00
      51731   2155.407   1456.000     3.5191   3.269267     3.5190   3.269203      98.35     0.0150     2.4462     2.1557  34.792206  3.5079365   52.81666  -51.41160    34.9140    34.9134     3.4083     3.4082    27.7778    27.7773    6.30808    6.26798         15 0.0000e+00
      51745   2156.009   1455.000     3.5224   3.269519     3.5229   3.269526      55.36     0.0184     2.4460     2.1563  34.791229  3.5079365   52.81666  -51.41158    34.9140    34.9135     3.4116     3.4122    27.7775    27.7770    6.30519    6.26810         14 0.0000e+00
      51760   2156.624   1454.000     3.5252   3.269729     3.5257   3.269732      86.22     0.0170     2.4466     2.1563  34.791210  3.5079365   52.81666  -51.41158    34.9141    34.9135     3.4145     3.4151    27.7772    27.7767    6.30960    6.26265         15 0.0000e+00
      51777   2157.339   1453.000     3.5270   3.269861     3.5278   3.269879      98.37     0.0128     2.4468     2.1564  34.791927  3.5079365   52.81666  -51.41158    34.9142    34.9136     3.4164     3.4171    27.7771    27.7766    6.30873    6.26032         20 0.0000e+00
      51805   2158.518   1452.000     3.5278   3.269898     3.5290   3.269931      75.24     0.0150     2.4472     2.1565  34.791943  3.5097549   52.81665  -51.41156    34.9143    34.9135     3.4172     3.4184    27.7772    27.7764    6.31110    6.26435         40 0.0000e+00
      51844   2160.134   1451.000     3.5268   3.269766     3.5283   3.269810      98.88     0.0151     2.4483     2.1574  34.791153  3.5160680   52.81664  -51.41156    34.9143    34.9133     3.4164     3.4178    27.7772    27.7762    6.31605    6.26766         28 0.0000e+00
      51865   2161.012   1450.000     3.5276   3.269796     3.5296   3.269896      59.42     0.0115     2.4486     2.1575  34.792770  3.5156486   52.81664  -51.41156    34.9143    34.9134     3.4173     3.4192    27.7771    27.7762    6.30825    6.26480         19 0.0000e+00
      51884   2161.789   1449.000     3.5319   3.270128     3.5322   3.270097      93.91     0.0106     2.4486     2.1577  34.791214  3.5171859   52.81664  -51.41155    34.9142    34.9135     3.4216     3.4219    27.7766    27.7760    6.31249    6.26609         19 0.0000e+00
      51905   2162.686   1448.000     3.5352   3.270385     3.5354   3.270340      98.52     0.0137     2.4492     2.1581  34.787209  3.5199785   52.81664  -51.41154    34.9143    34.9135     3.4249     3.4252    27.7764    27.7757    6.30776    6.26668         25 0.0000e+00
      51935   2163.902   1447.000     3.5375   3.270538     3.5382   3.270546      72.29     0.0143     2.4495     2.1587  34.776501  3.5250568   52.81664  -51.41153    34.9142    34.9135     3.4273     3.4280    27.7760    27.7754    6.31377    6.26900         32 0.0000e+00
      51962   2165.049   1446.000     3.5387   3.270598     3.5398   3.270628      62.34     0.0120     2.4502     2.1592  34.778606  3.5275331   52.81664  -51.41152    34.9141    34.9133     3.4286     3.4296    27.7758    27.7751    6.31684    6.27277         22 0.0000e+00
      51982   2165.867   1445.000     3.5441   3.271008     3.5443   3.270973      82.14     0.0146     2.4507     2.1599  34.779007  3.5274725   52.81663  -51.41151    34.9137    34.9132     3.4340     3.4342    27.7750    27.7745    6.31823    6.27037         18 0.0000e+00
      51999   2166.574   1444.000     3.5502   3.271496     3.5489   3.271334      98.90     0.0186     2.4517     2.1600  34.777451  3.5274725   52.81662  -51.41150    34.9136    34.9130     3.4401     3.4389    27.7743    27.7740    6.32019    6.26186         16 0.0000e+00
      52015   2167.266   1443.000     3.5530   3.271702     3.5521   3.271561      98.63     0.0205     2.4519     2.1600  34.776535  3.5339394   52.81662  -51.41150    34.9137    34.9129     3.4429     3.4421    27.7741    27.7736    6.31380    6.26021         17 0.0000e+00
      52033   2168.009   1442.000     3.5538   3.271744     3.5528   3.271581      98.64     0.0189     2.4520     2.1598  34.774998  3.5352008   52.81662  -51.41150    34.9137    34.9128     3.4438     3.4429    27.7741    27.7734    6.31028    6.25822         19 0.0000e+00
      52054   2168.865   1441.000     3.5540   3.271719     3.5530   3.271557      68.04     0.0177     2.4525     2.1599  34.776543  3.5359578   52.81662  -51.41150    34.9137    34.9129     3.4441     3.4431    27.7740    27.7735    6.31069    6.25704         23 0.0000e+00
      52078   2169.857   1440.000     3.5538   3.271649     3.5533   3.271544      92.58     0.0190     2.4525     2.1598  34.772884  3.5372438   52.81662  -51.41149    34.9137    34.9129     3.4440     3.4435    27.7740    27.7734    6.31406    6.25763         24 0.0000e+00
      52102   2170.865   1439.000     3.5539   3.271611     3.5539   3.271545      86.93     0.0185     2.4532     2.1598  34.769192  3.5417678   52.81662  -51.41147    34.9136    34.9128     3.4442     3.4442    27.7739    27.7733    6.31032    6.25723         24 0.0000e+00
      52124   2171.795   1438.000     3.5544   3.271610     3.5553   3.271629      37.89     0.0141     2.4531     2.1598  34.764679  3.5470302   52.81662  -51.41146    34.9136    34.9128     3.4447     3.4457    27.7738    27.7732    6.31076    6.25796         21 0.0000e+00
      52145   2172.679   1437.000     3.5555   3.271688     3.5559   3.271660      84.45     0.0130     2.4536     2.1601  34.766113  3.5465367   52.81662  -51.41145    34.9138    34.9130     3.4460     3.4464    27.7739    27.7732    6.30814    6.25848         21 0.0000e+00
      52167   2173.595   1436.000     3.5572   3.271803     3.5564   3.271660      81.96     0.0135     2.4535     2.1602  34.766178  3.5470042   52.81661  -51.41144    34.9139    34.9130     3.4477     3.4469    27.7738    27.7732    6.30793    6.25521         24 0.0000e+00
      52193   2174.686   1435.000     3.5577   3.271818     3.5571   3.271685      82.14     0.0117     2.4539     2.1602  34.765457  3.5470085   52.81660  -51.41144    34.9140    34.9131     3.4483     3.4477    27.7738    27.7731    6.31179    6.25737         29 0.0000e+00
      52224   2175.978   1434.000     3.5581   3.271804     3.5578   3.271713      99.17     0.0163     2.4542     2.1607  34.758762  3.5470085   52.81660  -51.41144    34.9139    34.9131     3.4488     3.4485    27.7737    27.7731    6.31158    6.26288         30 0.0000e+00
      52250   2177.056   1433.000     3.5584   3.271774     3.5579   3.271665      54.97     0.0148     2.4550     2.1612  34.766129  3.5470085   52.81660  -51.41142    34.9138    34.9130     3.4491     3.4487    27.7736    27.7730    6.31659    6.26153         22 0.0000e+00
      52270   2177.878   1432.000     3.5593   3.271832     3.5586   3.271693      45.21     0.0125     2.4549     2.1614  34.768490  3.5470085   52.81660  -51.41141    34.9140    34.9131     3.4501     3.4494    27.7736    27.7730    6.30667    6.26265         18 0.0000e+00
      52287   2178.594   1431.000     3.5611   3.271945     3.5597   3.271749      99.37     0.0134     2.4554     2.1619  34.766186  3.5470085   52.81660  -51.41140    34.9139    34.9131     3.4520     3.4506    27.7734    27.7729    6.31165    6.26778         17 0.0000e+00
      52304   2179.281   1430.000     3.5622   3.271993     3.5609   3.271818      98.63     0.0143     2.4553     2.1625  34.761974  3.5470085   52.81660  -51.41140    34.9138    34.9131     3.4532     3.4519    27.7732    27.7728    6.31011    6.26400         17 0.0000e+00
      52321   2179.990   1429.000     3.5628   3.272006     3.5620   3.271869      98.63     0.0146     2.4557     2.1625  34.757660  3.5470085   52.81660  -51.41138    34.9139    34.9130     3.4538     3.4531    27.7732    27.7726    6.31034    6.25802         17 0.0000e+00
      52339   2180.750   1428.000     3.5634   3.272019     3.5625   3.271866      98.64     0.0118     2.4556     2.1626  34.761135  3.5500946   52.81660  -51.41138    34.9138    34.9130     3.4545     3.4537    27.7731    27.7725    6.31196    6.25965         19 0.0000e+00
      52360   2181.606   1427.000     3.5634   3.271971     3.5627   3.271843      82.28     0.0148     2.4565     2.1628  34.759907  3.5567899   52.81660  -51.41138    34.9138    34.9130     3.4547     3.4539    27.7730    27.7725    6.30944    6.26183         22 0.0000e+00
      52384   2182.607   1426.000     3.5634   3.271923     3.5635   3.271852      77.35     0.0202     2.4556     2.1633  34.757957  3.5560234   52.81660  -51.41138    34.9137    34.9128     3.4547     3.4548    27.7730    27.7722    6.30300    6.26656         26 0.0000e+00
      52411   2183.752   1425.000     3.5639   3.271911     3.5633   3.271784      58.65     0.0200     2.4567     2.1640  34.747738  3.5567782   52.81660  -51.41137    34.9135    34.9126     3.4553     3.4547    27.7728    27.7721    6.31607    6.26876         29 0.0000e+00
      52438   2184.891   1424.000     3.5632   3.271818     3.5617   3.271589      64.95     0.0177     2.4572     2.1646  34.747257  3.5582733   52.81659  -51.41136    34.9136    34.9125     3.4547     3.4596    27.7729    27.7722    6.31263    6.27035         26 0.0000e+00
      52464   2185.955   1423.000     3.5626   3.271707     3.5602   3.271398      85.70     0.0159     2.4575     2.1654  34.747253  3.5583391   52.81658  -51.41135    34.9135    34.9124     3.4542     3.4518    27.7729    27.7722    6.31673    6.27277         25 0.0000e+00
      52489   2186.991   1422.000     3.5609   3.271501     3.5594   3.271276      61.38     0.0158     2.4582     2.1660  34.747253  3.5567901   52.81658  -51.41134    34.9133    34.9122     3.4526     3.4511    27.7729    27.7722    6.31227    6.27406         25 0.0000e+00
      52512   2187.973   1421.000     3.5600   3.271351     3.5590   3.271186      98.52     0.0163     2.4587     2.1665  34.747253  3.5567765   52.81658  -51.41132    34.9130    34.9121     3.4518     3.4508    27.7727    27.7721    6.31147    6.27201         22 0.0000e+00
      52533   2188.836   1420.000     3.5595   3.271257     3.5587   3.271112      98.63     0.0149     2.4579     2.1668  34.747253  3.5567765   52.81658  -51.41131    34.9129    34.9120     3.4514     3.4506    27.7726    27.7721    6.30632    6.27446         19 0.0000e+00
      52552   2189.608   1419.000     3.5589   3.271171     3.5583   3.271053      79.87     0.0156     2.4586     2.1673  34.747253  3.5567765   52.81658  -51.41130    34.9130    34.9122     3.4509     3.4503    27.7728    27.7722    6.31287    6.27701         18 0.0000e+00
      52570   2190.357   1418.000     3.5587   3.271127     3.5584   3.271031      52.01     0.0166     2.4589     2.1677  34.747253  3.5567765   52.81658  -51.41130    34.9132    34.9123     3.4508     3.4505    27.7730    27.7723    6.31520    6.27285         18 0.0000e+00
      52589   2191.158   1417.000     3.5594   3.271159     3.5601   3.271128      98.16     0.0162     2.4589     2.1677  34.750706  3.5567765   52.81658  -51.41128    34.9133    34.9122     3.4516     3.4522    27.7730    27.7720    6.31286    6.26712         21 0.0000e+00
      52611   2192.102   1416.000     3.5605   3.271205     3.5611   3.271170      61.34     0.0146     2.4594     2.1677  34.753056  3.5567765   52.81656  -51.41128    34.9132    34.9122     3.4528     3.4533    27.7727    27.7719    6.30930    6.26964         25 0.0000e+00
      52637   2193.158   1415.000     3.5614   3.271233     3.5616   3.271175      99.09     0.0146     2.4597     2.1680  34.747803  3.5567765   52.81656  -51.41128    34.9131    34.9122     3.4537     3.4539    27.7726    27.7718    6.31764    6.26998         24 0.0000e+00
      52660   2194.107   1414.000     3.5626   3.271275     3.5621   3.271166      98.63     0.0163     2.4603     2.1682  34.747238  3.5567765   52.81656  -51.41128    34.9128    34.9121     3.4550     3.4544    27.7723    27.7717    6.31473    6.26984         21 0.0000e+00
      52679   2194.920   1413.000     3.5629   3.271271     3.5622   3.271137      59.70     0.0169     2.4604     2.1683  34.744930  3.5583251   52.81656  -51.41127    34.9130    34.9122     3.4553     3.4546    27.7724    27.7717    6.31275    6.26648         19 0.0000e+00
      52697   2195.685   1412.000     3.5629   3.271238     3.5622   3.271095      78.34     0.0133     2.4608     2.1683  34.745625  3.5616503   52.81656  -51.41125    34.9130    34.9121     3.4555     3.4547    27.7723    27.7717    6.31828    6.26334         18 0.0000e+00
