data/CTD/2014/CNV/u017a039.cnv
* Sea-Bird SBE 9 Data File:
* FileName = C:\CTD_ACQUISITION\2014017HUD\ctddata\017A039.hdr
* Software Version Seasave V 7.22.2
* Temperature SN = 5081
* Conductivity SN = 3561
* Number of Bytes Per Scan = 37
* Number of Voltage Words = 4
* Number of Scans Averaged by the Deck Unit = 1
* NMEA Latitude = 48 13.75 N
* NMEA Longitude = 046 27.83 W
* NMEA UTC (Time) = Jul 10 2014 01:54:16
* NMEA baud rate = 9600
** Ship: Hudson
** Cruise: HUD2014017
** Chief_Scientist: Blair Greenan
** Organization: BIO
** Area_of_Operation: Sackville Spur
** Station: 039
** Sounding:  938
** Event_Comments: SS_13, 403226
# nquan = 25
# nvalues = 960                         
# units = specified
# name 0 = scan: Scan Count
# name 1 = timeS: Time, Elapsed [seconds]
# name 2 = prDM: Pressure, Digiquartz [db]
# name 3 = t068C: Temperature [ITS-68, deg C]
# name 4 = c0S/m: Conductivity [S/m]
# name 5 = t168C: Temperature, 2 [ITS-68, deg C]
# name 6 = c1S/m: Conductivity, 2 [S/m]
# name 7 = altM: Altimeter [m]
# name 8 = flC: Fluorescence, Chelsea Aqua 3 Chl Con [ug/l]
# name 9 = sbeox0V: Oxygen raw, SBE 43 [V]
# name 10 = sbeox1V: Oxygen raw, SBE 43, 2 [V]
# name 11 = upoly0: Upoly 0, Optode 4330F - O2 D-Phase
# name 12 = upoly1: Upoly 1, Optode 4330F - O2 Temp
# name 13 = latitude: Latitude [deg]
# name 14 = longitude: Longitude [deg]
# name 15 = sal00: Salinity, Practical [PSU]
# name 16 = sal11: Salinity, Practical, 2 [PSU]
# name 17 = potemp068C: Potential Temperature [ITS-68, deg C]
# name 18 = potemp168C: Potential Temperature, 2 [ITS-68, deg C]
# name 19 = sigma-é00: Density [sigma-theta, Kg/m^3]
# name 20 = sigma-é11: Density, 2 [sigma-theta, Kg/m^3]
# name 21 = sbeox0ML/L: Oxygen, SBE 43 [ml/l], WS = 2
# name 22 = sbeox1ML/L: Oxygen, SBE 43, 2 [ml/l], WS = 2
# name 23 = nbin: number of scans per bin
# name 24 = flag: flag
# span 0 =      33016,      58706       
# span 1 =   1375.619,   2446.057       
# span 2 =      1.000,    960.000       
# span 3 =    -1.1586,     7.8962       
# span 4 =   2.675352,   3.398297       
# span 5 =    -1.1648,     7.8998       
# span 6 =   2.675412,   3.398446       
# span 7 =       4.37,     100.60       
# span 8 =     0.0084,     0.0814       
# span 9 =     2.6107,     3.7337       
# span 10 =     2.3049,     3.2625      
# span 11 =  30.321404,  34.664959      
# span 12 = -1.0048785,  7.8166318      
# span 13 =   48.22806,   48.22868      
# span 14 =  -46.46281,  -46.46194      
# span 15 =    32.7128,    34.8938      
# span 16 =    32.7109,    34.8932      
# span 17 =    -1.1595,     7.8961      
# span 18 =    -1.1657,     7.8998      
# span 19 =    25.4932,    27.7377      
# span 20 =    25.4912,    27.7372      
# span 21 =    6.37806,   10.20220      
# span 22 =    6.35944,   10.16841      
# span 23 =         11,         72      
# span 24 = 0.0000e+00, 0.0000e+00      
# interval = decibars: 1                
# start_time = Jul 10 2014 01:54:16 [NMEA time, header]
# bad_flag = -9.990e-29
*END*
[from data line 58]
      34630   1442.859    902.000     3.7294   3.262172     3.7288   3.262081      82.41     0.0230     2.6415     2.3325  34.219891  3.7327213   48.22828  -46.46266    34.8881    34.8876     3.6631     3.6626    27.7318    27.7315    6.42640    6.42463         38 0.0000e+00
      34648   1443.610    901.000     3.7297   3.262139     3.7290   3.262046      98.93     0.0206     2.6421     2.3321  34.215309  3.7326007   48.22828  -46.46266    34.8879    34.8875     3.6635     3.6628    27.7317    27.7314    6.43074    6.41113         17 0.0000e+00
      34663   1444.244    900.000     3.7298   3.262097     3.7291   3.262005      98.63     0.0191     2.6420     2.3318  34.213932  3.7287266   48.22828  -46.46266    34.8878    34.8874     3.6636     3.6630    27.7316    27.7314    6.42766    6.41405         15 0.0000e+00
      34677   1444.835    899.000     3.7300   3.262063     3.7294   3.261974      98.64     0.0179     2.6424     2.3321  34.217533  3.7243245   48.22829  -46.46265    34.8877    34.8873     3.6640     3.6633    27.7315    27.7312    6.43404    6.42053         13 0.0000e+00
      34691   1445.415    898.000     3.7301   3.262024     3.7299   3.261961      98.64     0.0188     2.6431     2.3325  34.213928  3.7228360   48.22830  -46.46264    34.8877    34.8871     3.6641     3.6710    27.7314    27.7310    6.42827    6.42015         15 0.0000e+00
      34706   1446.038    897.000     3.7301   3.261987     3.7305   3.261955      98.63     0.0179     2.6429     2.3326  34.211628  3.7251835   48.22830  -46.46264    34.8877    34.8869     3.6642     3.6680    27.7314    27.7308    6.42399    6.42222         16 0.0000e+00
      34726   1446.858    896.000     3.7304   3.261965     3.7307   3.261923      98.63     0.0200     2.6432     2.3330  34.208271  3.7319355   48.22830  -46.46264    34.8877    34.8868     3.6646     3.6652    27.7314    27.7307    6.42400    6.42467         26 0.0000e+00
      34803   1450.100    895.000     3.7295   3.261863     3.7289   3.261765      77.46     0.0224     2.6452     2.3346  34.198338  3.7288673   48.22830  -46.46264    34.8879    34.8873     3.6638     3.6632    27.7317    27.7313    6.44015    6.42055         32 0.0000e+00
      34826   1451.054    894.000     3.7299   3.261824     3.7290   3.261727      98.77     0.0200     2.6459     2.3345  34.192368  3.7227783   48.22830  -46.46262    34.8875    34.8873     3.6643     3.6634    27.7313    27.7312    6.43401    6.41731         15 0.0000e+00
      34839   1451.600    893.000     3.7305   3.261813     3.7296   3.261717      98.63     0.0186     2.6465     2.3343  34.192913  3.7228327   48.22830  -46.46262    34.8873    34.8871     3.6649     3.6640    27.7311    27.7310    6.43126    6.41151         12 0.0000e+00
      34851   1452.096    892.000     3.7310   3.261787     3.7305   3.261699      98.63     0.0187     2.6465     2.3341  34.190514  3.7236340   48.22830  -46.46262    34.8869    34.8865     3.6656     3.6650    27.7307    27.7304    6.42964    6.41007         12 0.0000e+00
      34863   1452.592    891.000     3.7315   3.261756     3.7311   3.261672      98.64     0.0203     2.6462     2.3334  34.190475  3.7292049   48.22830  -46.46262    34.8866    34.8860     3.6661     3.6657    27.7303    27.7299    6.42450    6.41146         12 0.0000e+00
      34876   1453.140    890.000     3.7317   3.261725     3.7318   3.261663      98.63     0.0206     2.6461     2.3339  34.190475  3.7318752   48.22830  -46.46262    34.8865    34.8857     3.6664     3.6664    27.7303    27.7296    6.42607    6.42156         14 0.0000e+00
      34906   1454.381    889.000     3.7316   3.261680     3.7317   3.261623      89.93     0.0197     2.6466     2.3349  34.184574  3.7319031   48.22831  -46.46262    34.8866    34.8858     3.6663     3.6665    27.7304    27.7297    6.43520    6.42636         42 0.0000e+00
      34972   1457.145    888.000     3.7302   3.261557     3.7298   3.261472      99.55     0.0249     2.6496     2.3362  34.182053  3.7326629   48.22832  -46.46261    34.8871    34.8866     3.6651     3.6646    27.7309    27.7305    6.45146    6.42991         30 0.0000e+00
      34992   1457.957    887.000     3.7308   3.261530     3.7303   3.261457      98.64     0.0236     2.6501     2.3371  34.178913  3.7305467   48.22832  -46.46260    34.8868    34.8863     3.6657     3.6653    27.7305    27.7303    6.44551    6.43638         19 0.0000e+00
      35009   1458.686    886.000     3.7315   3.261516     3.7309   3.261433      98.63     0.0189     2.6508     2.3380  34.176743  3.7228460   48.22832  -46.46260    34.8863    34.8860     3.6665     3.6659    27.7301    27.7299    6.44899    6.43714         16 0.0000e+00
      35025   1459.315    885.000     3.7320   3.261474     3.7315   3.261383      98.63     0.0173     2.6513     2.3384  34.176872  3.7228327   48.22832  -46.46260    34.8858    34.8852     3.6671     3.6666    27.7296    27.7292    6.44407    6.43950         14 0.0000e+00
      35039   1459.900    884.000     3.7320   3.261393     3.7315   3.261277      98.64     0.0151     2.6516     2.3394  34.181087  3.7228327   48.22832  -46.46260    34.8854    34.8845     3.6672     3.6667    27.7293    27.7286    6.44515    6.44415         14 0.0000e+00
      35053   1460.506    883.000     3.7317   3.261286     3.7311   3.261145      98.64     0.0144     2.6521     2.3398  34.162941  3.7313843   48.22832  -46.46260    34.8849    34.8839     3.6670     3.6664    27.7289    27.7282    6.45641    6.44804         15 0.0000e+00
      35071   1461.239    882.000     3.7315   3.261197     3.7311   3.261068      98.63     0.0142     2.6536     2.3413  34.161251  3.7325468   48.22834  -46.46260    34.8846    34.8835     3.6668     3.6664    27.7287    27.7279    6.46358    6.45789         22 0.0000e+00
      35119   1463.251    881.000     3.7314   3.261169     3.7310   3.261049      98.64     0.0173     2.6561     2.3441  34.160690  3.7326007   48.22834  -46.46258    34.8849    34.8839     3.6667     3.6664    27.7290    27.7282    6.46468    6.45377         66 0.0000e+00
      35159   1464.924    880.000     3.7314   3.261151     3.7310   3.261053      98.63     0.0163     2.6588     2.3456  34.153259  3.7326007   48.22834  -46.46258    34.8852    34.8845     3.6669     3.6665    27.7292    27.7286    6.48213    6.45910         19 0.0000e+00
      35176   1465.632    879.000     3.7315   3.261053     3.7310   3.260959      98.64     0.0123     2.6602     2.3460  34.151676  3.7326007   48.22834  -46.46258    34.8845    34.8839     3.6670     3.6665    27.7286    27.7282    6.47850    6.45634         17 0.0000e+00
      35192   1466.295    878.000     3.7312   3.260858     3.7307   3.260794      98.64     0.0153     2.6609     2.3465  34.152382  3.7326007   48.22834  -46.46258    34.8830    34.8827     3.6668     3.6664    27.7274    27.7272    6.47909    6.46231         15 0.0000e+00
      35208   1466.939    877.000     3.7311   3.260768     3.7311   3.260704      98.63     0.0185     2.6619     2.3475  34.148338  3.7326007   48.22834  -46.46258    34.8825    34.8818     3.6668     3.6668    27.7270    27.7265    6.48438    6.46756         16 0.0000e+00
      35224   1467.640    876.000     3.7323   3.260791     3.7330   3.260796      98.64     0.0170     2.6633     2.3482  34.151375  3.7326007   48.22834  -46.46257    34.8821    34.8813     3.6680     3.6688    27.7266    27.7259    6.47586    6.46747         18 0.0000e+00
      35245   1468.517    875.000     3.7333   3.260820     3.7365   3.261049      98.63     0.0158     2.6634     2.3491  34.133545  3.7326007   48.22834  -46.46256    34.8819    34.8811     3.6691     3.6724    27.7263    27.7254    6.47314    6.46410         25 0.0000e+00
      35281   1469.993    874.000     3.7326   3.260750     3.7371   3.261052      98.64     0.0214     2.6638     2.3495  34.130096  3.7326007   48.22836  -46.46256    34.8822    34.8811     3.6686     3.6730    27.7266    27.7253    6.46294    6.45240         47 0.0000e+00
      35324   1471.804    873.000     3.7322   3.260707     3.7320   3.260620      98.63     0.0203     2.6634     2.3480  34.130527  3.7326007   48.22836  -46.46256    34.8827    34.8818     3.6683     3.6681    27.7270    27.7263    6.46655    6.43638         32 0.0000e+00
      35349   1472.817    872.000     3.7339   3.260780     3.7356   3.260883      98.63     0.0160     2.6635     2.3475  34.124290  3.7326007   48.22836  -46.46255    34.8823    34.8817     3.6700     3.6717    27.7265    27.7259    6.46815    6.44671         20 0.0000e+00
      35366   1473.546    871.000     3.7410   3.261323     3.7413   3.261325      98.63     0.0176     2.6639     2.3477  34.127575  3.7326007   48.22836  -46.46254    34.8817    34.8814     3.6771     3.6774    27.7254    27.7251    6.46364    6.45522         17 0.0000e+00
      35382   1474.190    870.000     3.7439   3.261541     3.7437   3.261498      98.64     0.0139     2.6637     2.3484  34.121304  3.7326007   48.22836  -46.46254    34.8818    34.8814     3.6801     3.6799    27.7251    27.7249    6.46586    6.45996         15 0.0000e+00
      35397   1474.826    869.000     3.7444   3.261560     3.7445   3.261518      98.64     0.0140     2.6650     2.3493  34.120159  3.7326007   48.22836  -46.46254    34.8820    34.8813     3.6807     3.6808    27.7252    27.7247    6.46881    6.45771         15 0.0000e+00
      35414   1475.551    868.000     3.7446   3.261543     3.7445   3.261468      98.64     0.0140     2.6642     2.3494  34.120148  3.7326007   48.22836  -46.46254    34.8821    34.8813     3.6810     3.6808    27.7253    27.7247    6.46000    6.45063         20 0.0000e+00
      35451   1477.072    867.000     3.7445   3.261481     3.7442   3.261397      98.64     0.0155     2.6646     2.3497  34.108509  3.7405803   48.22836  -46.46254    34.8820    34.8813     3.6809     3.6806    27.7252    27.7247    6.46094    6.45149         58 0.0000e+00
      35500   1479.105    866.000     3.7434   3.261330     3.7440   3.261329      98.63     0.0180     2.6648     2.3503  34.102146  3.7424662   48.22838  -46.46252    34.8819    34.8812     3.6799     3.6805    27.7252    27.7246    6.46908    6.44777         27 0.0000e+00
      35520   1479.958    865.000     3.7439   3.261321     3.7438   3.261265      98.63     0.0167     2.6656     2.3497  34.101818  3.7423687   48.22838  -46.46252    34.8817    34.8812     3.6805     3.6804    27.7250    27.7246    6.47438    6.44621         20 0.0000e+00
      35538   1480.700    864.000     3.7445   3.261318     3.7440   3.261236      98.64     0.0199     2.6669     2.3501  34.094200  3.7423687   48.22838  -46.46252    34.8816    34.8812     3.6811     3.6807    27.7249    27.7246    6.46977    6.45616         16 0.0000e+00
      35554   1481.358    863.000     3.7446   3.261302     3.7443   3.261216      98.64     0.0187     2.6660     2.3507  34.097088  3.7423687   48.22838  -46.46252    34.8818    34.8811     3.6814     3.6810    27.7250    27.7245    6.46293    6.46129         16 0.0000e+00
      35569   1482.020    862.000     3.7447   3.261265     3.7444   3.261185      98.64     0.0197     2.6669     2.3514  34.096157  3.7423687   48.22838  -46.46252    34.8817    34.8811     3.6816     3.6812    27.7249    27.7245    6.47075    6.46019         16 0.0000e+00
      35588   1482.781    861.000     3.7447   3.261219     3.7447   3.261174      98.64     0.0202     2.6669     2.3518  34.094219  3.7423687   48.22838  -46.46252    34.8817    34.8812     3.6816     3.6816    27.7249    27.7245    6.46292    6.45504         21 0.0000e+00
      35617   1483.988    860.000     3.7450   3.261202     3.7452   3.261161      98.63     0.0160     2.6673     2.3516  34.085182  3.7455862   48.22838  -46.46251    34.8817    34.8811     3.6820     3.6821    27.7249    27.7244    6.47010    6.44399         40 0.0000e+00
      35656   1485.644    859.000     3.7448   3.261137     3.7449   3.261092      98.63     0.0189     2.6682     2.3509  34.072479  3.7522383   48.22838  -46.46250    34.8817    34.8811     3.6819     3.6855    27.7248    27.7244    6.46564    6.44109         31 0.0000e+00
      35680   1486.633    858.000     3.7452   3.261124     3.7454   3.261097      98.63     0.0193     2.6682     2.3506  34.095085  3.7431152   48.22838  -46.46250    34.8816    34.8811     3.6824     3.6825    27.7248    27.7243    6.46595    6.43960         20 0.0000e+00
      35699   1487.424    857.000     3.7466   3.261204     3.7464   3.261146      98.63     0.0195     2.6682     2.3504  34.094856  3.7423594   48.22838  -46.46250    34.8816    34.8811     3.6838     3.6836    27.7246    27.7243    6.45885    6.44255         19 0.0000e+00
      35717   1488.186    856.000     3.7477   3.261272     3.7476   3.261220      98.63     0.0193     2.6680     2.3506  34.092606  3.7463632   48.22840  -46.46250    34.8818    34.8813     3.6850     3.6849    27.7246    27.7242    6.46335    6.44404         19 0.0000e+00
      35741   1489.170    855.000     3.7482   3.261286     3.7487   3.261281      98.63     0.0135     2.6680     2.3505  34.084339  3.7517045   48.22840  -46.46250    34.8819    34.8814     3.6856     3.6860    27.7247    27.7242    6.45371    6.43912         31 0.0000e+00
      35781   1490.853    854.000     3.7491   3.261304     3.7492   3.261279      98.63     0.0150     2.6674     2.3506  34.074131  3.7521367   48.22840  -46.46247    34.8817    34.8813     3.6865     3.6866    27.7244    27.7241    6.45660    6.44181         37 0.0000e+00
      35805   1491.832    853.000     3.7524   3.261540     3.7531   3.261663      98.63     0.0157     2.6675     2.3508  34.073227  3.7521367   48.22840  -46.46248    34.8816    34.8820     3.6898     3.6963    27.7240    27.7242    6.45532    6.44297         18 0.0000e+00
      35821   1492.498    852.000     3.7584   3.262081     3.7594   3.262181      98.63     0.0157     2.6669     2.3511  34.073261  3.7521367   48.22840  -46.46248    34.8822    34.8823     3.6959     3.6969    27.7239    27.7238    6.45446    6.44508         15 0.0000e+00
      35835   1493.097    851.000     3.7632   3.262492     3.7634   3.262489      98.63     0.0151     2.6675     2.3514  34.073261  3.7521367   48.22840  -46.46248    34.8825    34.8823     3.7008     3.7009    27.7236    27.7234    6.45925    6.44598         14 0.0000e+00
      35850   1493.702    850.000     3.7652   3.262638     3.7657   3.262639      98.63     0.0153     2.6682     2.3521  34.073261  3.7521367   48.22840  -46.46248    34.8826    34.8821     3.7029     3.7033    27.7235    27.7230    6.45936    6.44557         15 0.0000e+00
      35868   1494.469    849.000     3.7659   3.262666     3.7668   3.262692      98.64     0.0143     2.6679     2.3522  34.065834  3.7521367   48.22840  -46.46248    34.8827    34.8821     3.7037     3.7045    27.7235    27.7229    6.45420    6.44402         24 0.0000e+00
      35927   1496.916    848.000     3.7623   3.262302     3.7639   3.262379      98.63     0.0186     2.6689     2.3526  34.068420  3.7604661   48.22842  -46.46246    34.8827    34.8820     3.7002     3.7017    27.7238    27.7231    6.45799    6.43708         52 0.0000e+00
      35957   1498.147    847.000     3.7619   3.262180     3.7618   3.262137      98.63     0.0209     2.6689     2.3524  34.072449  3.7619061   48.22842  -46.46246    34.8822    34.8818     3.6998     3.6997    27.7235    27.7232    6.45535    6.43671         18 0.0000e+00
      35973   1498.844    846.000     3.7650   3.262411     3.7642   3.262325      98.63     0.0220     2.6691     2.3522  34.072346  3.7619047   48.22842  -46.46246    34.8822    34.8820     3.7030     3.7021    27.7231    27.7231    6.44967    6.43314         16 0.0000e+00
