data/CTD/2014/CNV/u017a031.cnv
* Sea-Bird SBE 9 Data File:
* FileName = C:\CTD_ACQUISITION\2014017HUD\ctddata\017A031.hdr
* Software Version Seasave V 7.22.2
* Temperature SN = 5081
* Conductivity SN = 3561
* Number of Bytes Per Scan = 37
* Number of Voltage Words = 4
* Number of Scans Averaged by the Deck Unit = 1
* NMEA Latitude = 48 42.12 N
* NMEA Longitude = 045 35.33 W
* NMEA UTC (Time) = Jul 07 2014 07:43:15
* NMEA baud rate = 9600
** Ship: Hudson
** Cruise: HUD2014017
** Chief_Scientist: Blair Greenan
** Organization: BIO
** Area_of_Operation: Sackville Spur
** Station: 031
** Sounding:  1094
** Event_Comments: SS_23, 403182
# nquan = 25
# nvalues = 1117                        
# units = specified
# name 0 = scan: Scan Count
# name 1 = timeS: Time, Elapsed [seconds]
# name 2 = prDM: Pressure, Digiquartz [db]
# name 3 = t068C: Temperature [ITS-68, deg C]
# name 4 = c0S/m: Conductivity [S/m]
# name 5 = t168C: Temperature, 2 [ITS-68, deg C]
# name 6 = c1S/m: Conductivity, 2 [S/m]
# name 7 = altM: Altimeter [m]
# name 8 = flC: Fluorescence, Chelsea Aqua 3 Chl Con [ug/l]
# name 9 = sbeox0V: Oxygen raw, SBE 43 [V]
# name 10 = sbeox1V: Oxygen raw, SBE 43, 2 [V]
# name 11 = upoly0: Upoly 0, Optode 4330F - O2 D-Phase
# name 12 = upoly1: Upoly 1, Optode 4330F - O2 Temp
# name 13 = latitude: Latitude [deg]
# name 14 = longitude: Longitude [deg]
# name 15 = sal00: Salinity, Practical [PSU]
# name 16 = sal11: Salinity, Practical, 2 [PSU]
# name 17 = potemp068C: Potential Temperature [ITS-68, deg C]
# name 18 = potemp168C: Potential Temperature, 2 [ITS-68, deg C]
# name 19 = sigma-é00: Density [sigma-theta, Kg/m^3]
# name 20 = sigma-é11: Density, 2 [sigma-theta, Kg/m^3]
# name 21 = sbeox0ML/L: Oxygen, SBE 43 [ml/l], WS = 2
# name 22 = sbeox1ML/L: Oxygen, SBE 43, 2 [ml/l], WS = 2
# name 23 = nbin: number of scans per bin
# name 24 = flag: flag
# span 0 =      34825,      63463       
# span 1 =   1451.006,   2644.257       
# span 2 =      1.000,   1117.000       
# span 3 =    -0.1011,     8.8970       
# span 4 =   2.795669,   3.594859       
# span 5 =    -0.2019,     8.9016       
# span 6 =   2.784890,   3.595459       
# span 7 =       3.13,     104.07       
# span 8 =     0.0083,     1.0945       
# span 9 =     2.5397,     3.6548       
# span 10 =     2.2446,     3.2130      
# span 11 =  30.227171,  34.595592      
# span 12 =  0.3223771,  8.8621645      
# span 13 =   48.70292,   48.70370      
# span 14 =  -45.58768,  -45.58616      
# span 15 =    33.4868,    34.9090      
# span 16 =    33.5143,    34.9083      
# span 17 =    -0.1021,     8.8969      
# span 18 =    -0.2028,     8.9015      
# span 19 =    26.2306,    27.7545      
# span 20 =    26.2314,    27.7541      
# span 21 =    6.08195,   10.19194      
# span 22 =    5.79814,   11.04084      
# span 23 =         10,         82      
# span 24 = 0.0000e+00, 0.0000e+00      
# interval = decibars: 1                
# start_time = Jul 07 2014 07:43:15 [NMEA time, header]
# bad_flag = -9.990e-29
*END*
[from data line 928]
      57577   2398.999    189.000     3.4687   3.193647     3.4647   3.193107      83.36     0.0182     2.9492     2.5959  33.384659  3.5277755   48.70320  -45.58658    34.7251    34.7227     3.4563     3.4523    27.6224    27.6210    6.78787    6.78656         20 0.0000e+00
      57595   2399.738    188.000     3.4618   3.192796     3.4593   3.192468      98.82     0.0186     2.9521     2.5978  33.384617  3.5194359   48.70321  -45.58658    34.7227    34.7214     3.4494     3.4470    27.6212    27.6204    6.79232    6.78859         16 0.0000e+00
      57611   2400.404    187.000     3.4576   3.192272     3.4553   3.191913      85.91     0.0131     2.9540     2.5994  33.385544  3.5183001   48.70322  -45.58658    34.7213    34.7195     3.4454     3.4430    27.6205    27.6193    6.79062    6.78946         16 0.0000e+00
      57627   2401.078    186.000     3.4546   3.191831     3.4506   3.191306      89.57     0.0151     2.9555     2.6006  33.394894  3.5159974   48.70322  -45.58660    34.7198    34.7177     3.4425     3.4385    27.6196    27.6183    6.78794    6.78381         17 0.0000e+00
      57646   2401.866    185.000     3.4503   3.191273     3.4469   3.190795      79.47     0.0193     2.9567     2.6010  33.401035  3.5150747   48.70322  -45.58660    34.7183    34.7161     3.4382     3.4348    27.6188    27.6174    6.78707    6.77382         22 0.0000e+00
      57672   2402.952    184.000     3.4472   3.190856     3.4446   3.190505      98.14     0.0183     2.9580     2.6004  33.399796  3.5068476   48.70322  -45.58660    34.7170    34.7156     3.4352     3.4326    27.6181    27.6172    6.78266    6.76366         30 0.0000e+00
      57703   2404.265    183.000     3.4475   3.190828     3.4429   3.190245      80.24     0.0190     2.9592     2.5999  33.399254  3.4979258   48.70324  -45.58660    34.7170    34.7148     3.4355     3.4310    27.6180    27.6168    6.78165    6.76944         30 0.0000e+00
      57729   2405.344    182.000     3.4432   3.190284     3.4395   3.189821      96.46     0.0172     2.9584     2.6002  33.399269  3.4954281   48.70324  -45.58658    34.7156    34.7139     3.4313     3.4276    27.6173    27.6164    6.76985    6.77476         22 0.0000e+00
      57749   2406.164    181.000     3.4380   3.189641     3.4366   3.189446      98.69     0.0181     2.9588     2.6009  33.399269  3.4943447   48.70324  -45.58658    34.7139    34.7131     3.4262     3.4248    27.6165    27.6159    6.77470    6.77424         18 0.0000e+00
      57766   2406.887    180.000     3.4357   3.189353     3.4342   3.189131      98.63     0.0179     2.9583     2.6007  33.395763  3.4918067   48.70324  -45.58658    34.7134    34.7124     3.4240     3.4224    27.6163    27.6157    6.77703    6.76302         17 0.0000e+00
      57783   2407.601    179.000     3.4338   3.189085     3.4317   3.188802      59.47     0.0194     2.9593     2.5998  33.389526  3.4884140   48.70324  -45.58659    34.7128    34.7116     3.4221     3.4200    27.6160    27.6152    6.77544    6.74981         18 0.0000e+00
      57803   2408.405    178.000     3.4319   3.188835     3.4306   3.188644      67.15     0.0176     2.9583     2.5982  33.389286  3.4884005   48.70326  -45.58660    34.7123    34.7115     3.4203     3.4189    27.6158    27.6152    6.76939    6.74988         22 0.0000e+00
      57836   2409.810    177.000     3.4310   3.188684     3.4305   3.188587      69.40     0.0157     2.9579     2.5989  33.387451  3.4795210   48.70326  -45.58660    34.7120    34.7114     3.4194     3.4190    27.6157    27.6152    6.76700    6.77305         49 0.0000e+00
      57883   2411.734    176.000     3.4308   3.188580     3.4298   3.188455     101.65     0.0195     2.9572     2.6012  33.380024  3.4678271   48.70326  -45.58657    34.7115    34.7111     3.4193     3.4183    27.6152    27.6150    6.76597    6.78024         30 0.0000e+00
      57903   2412.592    175.000     3.4288   3.188303     3.4268   3.188055      98.63     0.0185     2.9569     2.6021  33.382217  3.4688644   48.70326  -45.58658    34.7109    34.7100     3.4174     3.4154    27.6149    27.6145    6.76620    6.77861         18 0.0000e+00
      57919   2413.252    174.000     3.4263   3.187957     3.4253   3.187814      79.58     0.0186     2.9570     2.6023  33.384624  3.4590709   48.70328  -45.58658    34.7099    34.7092     3.4150     3.4140    27.6144    27.6139    6.76959    6.77600         15 0.0000e+00
      57933   2413.837    173.000     3.4245   3.187693     3.4216   3.187292      72.23     0.0196     2.9574     2.6024  33.384617  3.4590964   48.70328  -45.58658    34.7092    34.7074     3.4132     3.4104    27.6140    27.6129    6.77252    6.77490         13 0.0000e+00
      57947   2414.418    172.000     3.4203   3.187174     3.4114   3.186027      98.69     0.0210     2.9579     2.6026  33.378742  3.4590964   48.70328  -45.58658    34.7080    34.7037     3.4091     3.4002    27.6134    27.6108    6.78027    6.78229         15 0.0000e+00
      57962   2415.059    171.000     3.4130   3.186296     3.4044   3.185169      98.63     0.0208     2.9584     2.6035  33.379421  3.4590964   48.70328  -45.58658    34.7057    34.7013     3.4019     3.3933    27.6123    27.6096    6.79172    6.79592         17 0.0000e+00
      57982   2415.878    170.000     3.4062   3.185405     3.4012   3.184721      32.44     0.0196     2.9610     2.6055  33.379517  3.4590964   48.70328  -45.58658    34.7028    34.6999     3.3952     3.3901    27.6106    27.6088    6.80393    6.80457         23 0.0000e+00
      58013   2417.173    169.000     3.4046   3.185168     3.3949   3.183941      83.44     0.0187     2.9636     2.6075  33.365459  3.4527833   48.70329  -45.58658    34.7022    34.6976     3.3936     3.3844    27.6103    27.6076    6.80453    6.80204         40 0.0000e+00
      58055   2418.911    168.000     3.4014   3.184724     3.3891   3.183261      84.10     0.0239     2.9663     2.6087  33.364948  3.4409769   48.70330  -45.58658    34.7008    34.6963     3.3905     3.3782    27.6095    27.6071    6.79684    6.78431         35 0.0000e+00
      58081   2420.003    167.000     3.3841   3.182654     3.3730   3.181304      79.56     0.0229     2.9660     2.6064  33.379578  3.4293318   48.70329  -45.58658    34.6948    34.6904     3.3733     3.3622    27.6064    27.6039    6.79428    6.76646         21 0.0000e+00
      58100   2420.771    166.000     3.3685   3.180830     3.3666   3.180507      99.14     0.0199     2.9663     2.6050  33.375916  3.4297924   48.70329  -45.58658    34.6900    34.6882     3.3578     3.3558    27.6040    27.6028    6.79484    6.77196         17 0.0000e+00
      58116   2421.467    165.000     3.3642   3.180242     3.3612   3.179795      98.63     0.0214     2.9660     2.6045  33.384727  3.4309561   48.70330  -45.58658    34.6880    34.6859     3.3536     3.3505    27.6029    27.6015    6.78874    6.77144         17 0.0000e+00
      58134   2422.189    164.000     3.3602   3.179708     3.3570   3.179265      81.91     0.0186     2.9651     2.6033  33.384617  3.4303339   48.70330  -45.58658    34.6864    34.6845     3.3497     3.3464    27.6019    27.6008    6.77901    6.76310         18 0.0000e+00
      58154   2423.032    163.000     3.3574   3.179337     3.3541   3.178878      82.89     0.0168     2.9636     2.6019  33.370129  3.4251790   48.70330  -45.58658    34.6855    34.6835     3.3469     3.3436    27.6015    27.6002    6.76658    6.75807         23 0.0000e+00
      58182   2424.208    162.000     3.3560   3.179113     3.3522   3.178633      98.09     0.0227     2.9607     2.6000  33.357437  3.4199314   48.70330  -45.58658    34.6849    34.6831     3.3455     3.3418    27.6011    27.6000    6.75762    6.74950         35 0.0000e+00
      58220   2425.804    161.000     3.3540   3.178850     3.3497   3.178288      77.86     0.0240     2.9576     2.5972  33.369339  3.4000850   48.70331  -45.58658    34.6844    34.6821     3.3436     3.3394    27.6009    27.5995    6.75376    6.74634         36 0.0000e+00
      58248   2426.969    160.000     3.3468   3.177909     3.3384   3.176870      56.48     0.0184     2.9561     2.5963  33.355453  3.3956103   48.70332  -45.58658    34.6812    34.6776     3.3365     3.3281    27.5991    27.5970    6.75469    6.75163         21 0.0000e+00
      58266   2427.724    159.000     3.3298   3.175911     3.3253   3.175347      99.47     0.0174     2.9548     2.5961  33.350903  3.3906162   48.70332  -45.58657    34.6758    34.6738     3.3196     3.3151    27.5964    27.5952    6.75330    6.74984         17 0.0000e+00
      58281   2428.353    158.000     3.3204   3.174855     3.3184   3.174551      70.28     0.0159     2.9545     2.5953  33.355309  3.3907204   48.70332  -45.58656    34.6736    34.6721     3.3103     3.3083    27.5955    27.5945    6.75381    6.74785         14 0.0000e+00
      58296   2428.942    157.000     3.3160   3.174317     3.3113   3.173717      78.12     0.0148     2.9531     2.5952  33.350044  3.3907204   48.70332  -45.58656    34.6724    34.6702     3.3059     3.3012    27.5950    27.5936    6.74872    6.75141         14 0.0000e+00
      58310   2429.547    156.000     3.3090   3.173509     3.3014   3.172544      98.82     0.0167     2.9525     2.5947  33.346489  3.3907204   48.70332  -45.58656    34.6706    34.6671     3.2990     3.2914    27.5942    27.5921    6.74794    6.74832         15 0.0000e+00
      58327   2430.254    155.000     3.3007   3.172514     3.2890   3.171090      98.63     0.0179     2.9520     2.5943  33.345806  3.3907204   48.70332  -45.58656    34.6680    34.6632     3.2908     3.2791    27.5929    27.5902    6.75322    6.74671         20 0.0000e+00
      58357   2431.519    154.000     3.2904   3.171295     3.2872   3.170902      85.85     0.0183     2.9510     2.5938  33.375690  3.3684916   48.70333  -45.58656    34.6648    34.6635     3.2806     3.2773    27.5914    27.5906    6.75214    6.75366         48 0.0000e+00
      58416   2433.958    153.000     3.2948   3.171732     3.2956   3.171782      78.21     0.0199     2.9500     2.5940  33.393894  3.3413115   48.70334  -45.58656    34.6660    34.6657     3.2850     3.2858    27.5918    27.5916    6.75493    6.75272         46 0.0000e+00
      58443   2435.071    152.000     3.2849   3.170562     3.2835   3.170301      62.32     0.0212     2.9503     2.5938  33.400291  3.3357084   48.70334  -45.58656    34.6629    34.6612     3.2752     3.2739    27.5903    27.5891    6.75951    6.75431         20 0.0000e+00
      58460   2435.776    151.000     3.2714   3.168982     3.2701   3.168729      98.86     0.0222     2.9508     2.5942  33.403870  3.3320875   48.70334  -45.58656    34.6588    34.6571     3.2618     3.2605    27.5883    27.5871    6.76130    6.75673         16 0.0000e+00
      58474   2436.384    150.000     3.2657   3.168264     3.2642   3.168049      98.63     0.0197     2.9506     2.5939  33.403461  3.3321123   48.70334  -45.58656    34.6567    34.6557     3.2562     3.2547    27.5872    27.5865    6.76001    6.75208         14 0.0000e+00
      58488   2436.960    149.000     3.2637   3.167981     3.2619   3.167737      98.63     0.0203     2.9509     2.5938  33.407169  3.3321123   48.70334  -45.58656    34.6559    34.6550     3.2543     3.2524    27.5868    27.5862    6.76333    6.74737         13 0.0000e+00
      58502   2437.550    148.000     3.2621   3.167761     3.2609   3.167592      55.09     0.0212     2.9509     2.5929  33.409061  3.3321123   48.70334  -45.58656    34.6556    34.6548     3.2527     3.2515    27.5867    27.5861    6.76399    6.74108         15 0.0000e+00
      58519   2438.240    147.000     3.2612   3.167619     3.2604   3.167493      94.10     0.0196     2.9515     2.5924  33.410809  3.3321123   48.70336  -45.58656    34.6554    34.6547     3.2519     3.2511    27.5866    27.5861    6.76069    6.74126         19 0.0000e+00
      58542   2439.225    146.000     3.2607   3.167519     3.2598   3.167398      91.50     0.0217     2.9508     2.5921  33.407249  3.3178051   48.70336  -45.58654    34.6553    34.6547     3.2514     3.2506    27.5865    27.5861    6.75000    6.74750         30 0.0000e+00
      58580   2440.808    145.000     3.2624   3.167671     3.2623   3.167648      73.12     0.0234     2.9499     2.5924  33.425362  3.3044875   48.70336  -45.58654    34.6558    34.6557     3.2532     3.2531    27.5867    27.5867    6.74252    6.74637         43 0.0000e+00
      58617   2442.353    144.000     3.2640   3.167772     3.2612   3.167451      99.30     0.0227     2.9483     2.5916  33.443703  3.2930670   48.70336  -45.58654    34.6559    34.6550     3.2549     3.2520    27.5867    27.5863    6.74550    6.73759         30 0.0000e+00
      58644   2443.441    143.000     3.2528   3.166556     3.2493   3.166023      67.07     0.0209     2.9485     2.5913  33.443222  3.2943354   48.70336  -45.58654    34.6537    34.6510     3.2437     3.2402    27.5860    27.5841    6.74549    6.73763         23 0.0000e+00
      58665   2444.344    142.000     3.2442   3.165510     3.2375   3.164617      97.40     0.0221     2.9474     2.5904  33.443222  3.2963185   48.70336  -45.58654    34.6508    34.6471     3.2352     3.2285    27.5845    27.5822    6.74044    6.72929         21 0.0000e+00
      58685   2445.165    141.000     3.2389   3.164846     3.2303   3.163771      60.14     0.0208     2.9474     2.5893  33.447838  3.2971511   48.70336  -45.58654    34.6489    34.6451     3.2300     3.2214    27.5835    27.5812    6.74477    6.72564         19 0.0000e+00
      58703   2445.926    140.000     3.2332   3.164160     3.2264   3.163290      82.41     0.0186     2.9471     2.5883  33.446499  3.2941725   48.70336  -45.58652    34.6473    34.6440     3.2243     3.2176    27.5827    27.5807    6.74211    6.72755         18 0.0000e+00
      58721   2446.682    139.000     3.2294   3.163633     3.2239   3.162952      59.85     0.0212     2.9467     2.5883  33.449711  3.2946644   48.70337  -45.58652    34.6455    34.6432     3.2206     3.2151    27.5816    27.5803    6.73735    6.73084         18 0.0000e+00
      58742   2447.532    138.000     3.2250   3.163072     3.2180   3.162236      98.19     0.0240     2.9461     2.5878  33.457779  3.2834044   48.70338  -45.58652    34.6440    34.6413     3.2163     3.2093    27.5808    27.5794    6.73787    6.73074         23 0.0000e+00
      58772   2448.784    137.000     3.2138   3.161819     3.2105   3.161435      88.50     0.0223     2.9455     2.5879  33.458252  3.2769918   48.70338  -45.58652    34.6413    34.6401     3.2052     3.2019    27.5797    27.5791    6.74201    6.73783         38 0.0000e+00
      58807   2450.256    136.000     3.2115   3.161501     3.2119   3.161544      85.21     0.0237     2.9455     2.5884  33.457855  3.2663779   48.70338  -45.58652    34.6405    34.6405     3.2029     3.2034    27.5793    27.5793    6.73756    6.73647         28 0.0000e+00
      58829   2451.175    135.000     3.1942   3.159658     3.1884   3.158707      98.74     0.0186     2.9448     2.5880  33.461761  3.2574911   48.70338  -45.58650    34.6372    34.6318     3.1857     3.1799    27.5783    27.5746    6.73865    6.72781         19 0.0000e+00
      58847   2451.908    134.000     3.1730   3.157199     3.1643   3.155958      97.83     0.0204     2.9446     2.5870  33.461327  3.2551463   48.70338  -45.58650    34.6305    34.6247     3.1646     3.1560    27.5750    27.5711    6.73922    6.72346         17 0.0000e+00
      58864   2452.631    133.000     3.1643   3.156047     3.1474   3.154037      51.06     0.0218     2.9437     2.5861  33.469109  3.2523963   48.70338  -45.58650    34.6264    34.6201     3.1560     3.1391    27.5725    27.5690    6.72923    6.71496         18 0.0000e+00
