data/CTD/2014/CNV/u017a054.cnv
* Sea-Bird SBE 9 Data File:
* FileName = C:\CTD_ACQUISITION\2014017HUD\ctddata\017A054.hdr
* Software Version Seasave V 7.22.2
* Temperature SN = 5081
* Conductivity SN = 3561
* Number of Bytes Per Scan = 37
* Number of Voltage Words = 4
* Number of Scans Averaged by the Deck Unit = 1
* NMEA Latitude = 43 42.54 N
* NMEA Longitude = 059 07.81 W
* NMEA UTC (Time) = Jul 13 2014 09:50:24
* NMEA baud rate = 9600
** Ship: Hudson
** Cruise: HUD2014017
** Chief_Scientist: Blair Greenan
** Organization: BIO
** Area_of_Operation: Sackville Spur
** Station: 054
** Sounding:  245
** Event_Comments: LC1
# nquan = 25
# nvalues = 244                         
# units = specified
# name 0 = scan: Scan Count
# name 1 = timeS: Time, Elapsed [seconds]
# name 2 = prDM: Pressure, Digiquartz [db]
# name 3 = t068C: Temperature [ITS-68, deg C]
# name 4 = c0S/m: Conductivity [S/m]
# name 5 = t168C: Temperature, 2 [ITS-68, deg C]
# name 6 = c1S/m: Conductivity, 2 [S/m]
# name 7 = altM: Altimeter [m]
# name 8 = flC: Fluorescence, Chelsea Aqua 3 Chl Con [ug/l]
# name 9 = sbeox0V: Oxygen raw, SBE 43 [V]
# name 10 = sbeox1V: Oxygen raw, SBE 43, 2 [V]
# name 11 = upoly0: Upoly 0, Optode 4330F - O2 D-Phase
# name 12 = upoly1: Upoly 1, Optode 4330F - O2 Temp
# name 13 = latitude: Latitude [deg]
# name 14 = longitude: Longitude [deg]
# name 15 = sal00: Salinity, Practical [PSU]
# name 16 = sal11: Salinity, Practical, 2 [PSU]
# name 17 = potemp068C: Potential Temperature [ITS-68, deg C]
# name 18 = potemp168C: Potential Temperature, 2 [ITS-68, deg C]
# name 19 = sigma-é00: Density [sigma-theta, Kg/m^3]
# name 20 = sigma-é11: Density, 2 [sigma-theta, Kg/m^3]
# name 21 = sbeox0ML/L: Oxygen, SBE 43 [ml/l], WS = 2
# name 22 = sbeox1ML/L: Oxygen, SBE 43, 2 [ml/l], WS = 2
# name 23 = nbin: number of scans per bin
# name 24 = flag: flag
# span 0 =      14507,      21074       
# span 1 =    604.403,    878.040       
# span 2 =      1.000,    244.000       
# span 3 =     3.9120,    12.8802       
# span 4 =   3.083265,   4.107940       
# span 5 =     3.7875,    12.9217       
# span 6 =   3.074109,   4.108817       
# span 7 =       5.89,      98.89       
# span 8 =     0.0102,     0.1707       
# span 9 =     2.0675,     3.5291       
# span 10 =     1.7924,     3.0842      
# span 11 =  29.237625,  38.452549      
# span 12 =  4.5141931,  12.715102      
# span 13 =   43.70834,   43.70862      
# span 14 =  -59.13152,  -59.13130      
# span 15 =    31.9033,    35.4302      
# span 16 =    31.9077,    35.4349      
# span 17 =     3.9083,    12.8798      
# span 18 =     3.7837,    12.9213      
# span 19 =    24.0195,    27.2515      
# span 20 =    24.0143,    27.2498      
# span 21 =    3.82696,    8.14844      
# span 22 =    3.64654,    8.01169      
# span 23 =         16,         82      
# span 24 = 0.0000e+00, 0.0000e+00      
# interval = decibars: 1                
# start_time = Jul 13 2014 09:50:24 [NMEA time, header]
# bad_flag = -9.990e-29
*END*
      14507    604.403    244.000     8.3045   3.662644     8.3003   3.662086       5.89     0.0172     2.0864     1.8090  38.380268  7.5858684   43.70862  -59.13130    35.0236    35.0219     8.2792     8.2749    27.2503    27.2496    3.89557    3.71369         39 0.0000e+00
      14515    604.758    243.000     8.3027   3.662536     8.3073   3.662772       6.72     0.0174     2.0848     1.8071  38.383305  7.6128998   43.70862  -59.13131    35.0248    35.0227     8.2774     8.2821    27.2515    27.2492    3.89885    3.71297         25 0.0000e+00
      14538    605.704    242.000     8.3148   3.663661     8.3116   3.663283       7.58     0.0194     2.0846     1.8062  38.382351  7.6341357   43.70862  -59.13132    35.0251    35.0243     8.2897     8.2865    27.2499    27.2498    3.90564    3.71272         21 0.0000e+00
      14557    606.518    241.000     8.3354   3.665773     8.3369   3.665967       8.42     0.0237     2.0855     1.8061  38.380955  7.7874203   43.70862  -59.13132    35.0276    35.0282     8.3104     8.3118    27.2487    27.2490    3.90128    3.71393         18 0.0000e+00
      14576    607.310    240.000     8.3643   3.668560     8.3774   3.670153       9.35     0.0221     2.0846     1.8059  38.371452  8.1204948   43.70862  -59.13132    35.0287    35.0330     8.3396     8.3524    27.2451    27.2464    3.88913    3.70579         20 0.0000e+00
      14600    608.289    239.000     8.3826   3.670568     8.4100   3.673364      10.45     0.0167     2.0834     1.8046  38.370388  8.3190365   43.70862  -59.13132    35.0327    35.0352     8.3577     8.3850    27.2454    27.2431    3.87718    3.69205         29 0.0000e+00
      14640    609.966    238.000     8.3833   3.670572     8.4108   3.673173      11.79     0.0132     2.0788     1.8014  38.369389  8.3562222   43.70862  -59.13132    35.0324    35.0328     8.3585     8.3859    27.2451    27.2411    3.86279    3.68329         47 0.0000e+00
      14677    611.497    237.000     8.3582   3.667795     8.4027   3.672471      12.68     0.0206     2.0766     1.7993  38.366135  8.3938875   43.70862  -59.13132    35.0284    35.0339     8.3335     8.3779    27.2457    27.2432    3.86933    3.68322         25 0.0000e+00
      14697    612.331    236.000     8.4109   3.673238     8.4245   3.674732      13.41     0.0180     2.0759     1.7983  38.367130  8.3919411   43.70862  -59.13132    35.0344    35.0368     8.3862     8.3998    27.2423    27.2421    3.86606    3.68007         18 0.0000e+00
      14714    613.038    235.000     8.4594   3.678296     8.4647   3.679044      14.23     0.0147     2.0760     1.7986  38.380016  8.3999414   43.70862  -59.13132    35.0405    35.0431     8.4347     8.4401    27.2396    27.2408    3.85892    3.68004         17 0.0000e+00
      14731    613.768    234.000     8.4922   3.681674     8.5005   3.682567      15.17     0.0170     2.0749     1.7986  38.380947  8.4011621   43.70862  -59.13132    35.0443    35.0454     8.4675     8.4759    27.2375    27.2371    3.84784    3.67342         18 0.0000e+00
      14754    614.708    233.000     8.5013   3.682636     8.5143   3.683878      16.32     0.0193     2.0736     1.7978  38.378532  8.4177990   43.70862  -59.13132    35.0459    35.0461     8.4767     8.4897    27.2373    27.2355    3.84358    3.66427         29 0.0000e+00
      14790    616.207    232.000     8.4991   3.682350     8.5132   3.683649      17.63     0.0235     2.0711     1.7954  38.377159  8.4421806   43.70862  -59.13132    35.0455    35.0452     8.4746     8.4888    27.2374    27.2349    3.83781    3.64972         39 0.0000e+00
      14822    617.553    231.000     8.4884   3.681166     8.5174   3.684034      18.55     0.0220     2.0701     1.7928  38.386230  8.4803762   43.70862  -59.13132    35.0440    35.0457     8.4641     8.4930    27.2378    27.2346    3.83638    3.65136         26 0.0000e+00
      14844    618.466    230.000     8.5111   3.683355     8.5184   3.684177      19.37     0.0180     2.0686     1.7927  38.387131  8.4793386   43.70862  -59.13132    35.0460    35.0466     8.4869     8.4942    27.2358    27.2352    3.83286    3.65851         19 0.0000e+00
      14863    619.262    229.000     8.5331   3.685683     8.5346   3.685807      20.22     0.0182     2.0679     1.7933  38.388687  8.4798613   43.70862  -59.13132    35.0485    35.0483     8.5090     8.5105    27.2344    27.2340    3.83259    3.65531         19 0.0000e+00
      14883    620.077    228.000     8.5441   3.686798     8.5484   3.687182      21.17     0.0189     2.0683     1.7929  38.387241  8.4803152   43.70862  -59.13132    35.0499    35.0497     8.5200     8.5244    27.2337    27.2329    3.83773    3.64875         21 0.0000e+00
      14904    620.966    227.000     8.5494   3.687267     8.5585   3.688152      22.20     0.0185     2.0687     1.7924  38.391541  8.4942894   43.70862  -59.13132    35.0501    35.0505     8.5254     8.5345    27.2331    27.2319    3.83212    3.64654         22 0.0000e+00
      14928    621.963    226.000     8.5565   3.687987     8.5655   3.688856      23.27     0.0164     2.0675     1.7925  38.397388  8.4994106   43.70862  -59.13132    35.0512    35.0515     8.5326     8.5416    27.2328    27.2316    3.82696    3.65269         25 0.0000e+00
      14955    623.070    225.000     8.5631   3.688603     8.5737   3.689645      24.34     0.0169     2.0679     1.7934  38.417591  8.5213547   43.70862  -59.13132    35.0517    35.0521     8.5393     8.5499    27.2321    27.2308    3.83293    3.65771         29 0.0000e+00
      14987    624.401    224.000     8.5689   3.689229     8.5787   3.690122      25.36     0.0174     2.0683     1.7953  38.428673  8.5327616   43.70861  -59.13132    35.0530    35.0527     8.5452     8.5550    27.2322    27.2305    3.83359    3.66535         33 0.0000e+00
      15015    625.579    223.000     8.5848   3.690540     8.6115   3.693252      26.34     0.0220     2.0691     1.7965  38.439919  8.5478611   43.70860  -59.13132    35.0515    35.0546     8.5612     8.5878    27.2286    27.2268    3.84119    3.66169         23 0.0000e+00
      15035    626.413    222.000     8.6156   3.693982     8.6500   3.697502      27.15     0.0186     2.0706     1.7972  38.439560  8.5476923   43.70860  -59.13134    35.0580    35.0610     8.5920     8.6264    27.2288    27.2258    3.84635    3.66342         18 0.0000e+00
      15052    627.113    221.000     8.6765   3.699983     8.6858   3.700879      27.99     0.0166     2.0724     1.7982  38.439560  8.5581303   43.70860  -59.13134    35.0616    35.0618     8.6529     8.6622    27.2220    27.2208    3.84451    3.66086         16 0.0000e+00
      15068    627.802    220.000     8.6919   3.701296     8.6962   3.701521      28.90     0.0170     2.0738     1.7989  38.440361  8.5579977   43.70860  -59.13133    35.0606    35.0587     8.6685     8.6728    27.2188    27.2167    3.84261    3.65882         18 0.0000e+00
      15087    628.597    219.000     8.6978   3.701683     8.7021   3.701888      29.95     0.0167     2.0745     1.7996  38.442284  8.5768681   43.70860  -59.13132    35.0595    35.0572     8.6745     8.6788    27.2170    27.2146    3.83859    3.65318         21 0.0000e+00
      15116    629.804    218.000     8.6971   3.701653     8.7078   3.702352      31.25     0.0174     2.0758     1.7988  38.442719  8.6156683   43.70860  -59.13133    35.0602    35.0570     8.6739     8.6845    27.2177    27.2135    3.84324    3.65214         37 0.0000e+00
      15152    631.300    217.000     8.7022   3.702029     8.7095   3.702464      32.33     0.0150     2.0774     1.8010  38.444530  8.6521845   43.70860  -59.13134    35.0596    35.0570     8.6791     8.6863    27.2164    27.2132    3.84811    3.67495         30 0.0000e+00
      15176    632.289    216.000     8.7039   3.702042     8.7038   3.701942      33.14     0.0174     2.0795     1.8040  38.443947  8.6557665   43.70860  -59.13134    35.0585    35.0575     8.6809     8.6808    27.2152    27.2145    3.86380    3.69379         20 0.0000e+00
      15194    633.047    215.000     8.7467   3.705985     8.7434   3.705951      33.96     0.0166     2.0824     1.8080  38.452549  8.6643591   43.70860  -59.13134    35.0583    35.0612     8.7237     8.7204    27.2083    27.2111    3.87464    3.70886         17 0.0000e+00
      15212    633.774    214.000     8.7795   3.709332     8.7807   3.709471      34.88     0.0186     2.0856     1.8119  38.447678  8.6654510   43.70860  -59.13134    35.0615    35.0619     8.7566     8.7577    27.2056    27.2058    3.88690    3.71525         18 0.0000e+00
      15231    634.603    213.000     8.7860   3.710029     8.7918   3.710379      35.94     0.0210     2.0905     1.8156  38.450317  8.6749573   43.70860  -59.13134    35.0630    35.0610     8.7631     8.7689    27.2057    27.2033    3.90349    3.71482         23 0.0000e+00
      15257    635.659    212.000     8.7891   3.710254     8.7864   3.709617      37.10     0.0172     2.0969     1.8186  38.440865  8.6942339   43.70860  -59.13134    35.0628    35.0588     8.7663     8.7636    27.2051    27.2023    3.91432    3.71648         28 0.0000e+00
      15285    636.826    211.000     8.7851   3.709690     8.7777   3.708674      38.16     0.0199     2.1026     1.8221  38.439548  8.7152748   43.70860  -59.13134    35.0614    35.0578     8.7625     8.7551    27.2046    27.2030    3.91834    3.72869         26 0.0000e+00
      15309    637.836    210.000     8.7675   3.707799     8.7646   3.706831      39.09     0.0202     2.1061     1.8254  38.439560  8.7328920   43.70860  -59.13134    35.0592    35.0518     8.7450     8.7421    27.2056    27.2003    3.92609    3.74360         22 0.0000e+00
      15330    638.716    209.000     8.7648   3.707021     8.7576   3.705664      39.10     0.0200     2.1099     1.8292  38.433228  8.7338333   43.70860  -59.13134    35.0541    35.0470     8.7424     8.7352    27.2021    27.1976    3.94001    3.75966         21 0.0000e+00
      15351    639.585    208.000     8.7628   3.706366     8.7677   3.706448      40.68     0.0174     2.1140     1.8331  38.425087  8.7338219   43.70860  -59.13134    35.0497    35.0457     8.7405     8.7455    27.1989    27.1950    3.94730    3.77084         22 0.0000e+00
      15374    640.549    207.000     8.7704   3.706820     8.7912   3.708751      41.92     0.0152     2.1177     1.8377  38.414070  8.7374344   43.70860  -59.13134    35.0474    35.0473     8.7483     8.7689    27.1959    27.1925    3.95452    3.78453         24 0.0000e+00
      15399    641.600    206.000     8.7770   3.707386     8.8038   3.709905      43.01     0.0166     2.1218     1.8426  38.386967  8.7436886   43.70860  -59.13134    35.0475    35.0474     8.7548     8.7817    27.1949    27.1906    3.95877    3.79372         25 0.0000e+00
      15422    642.560    205.000     8.7943   3.708794     8.8059   3.709943      44.00     0.0157     2.1251     1.8465  38.379639  8.7462473   43.70860  -59.13134    35.0456    35.0462     8.7723     8.7839    27.1907    27.1893    3.97484    3.80847         22 0.0000e+00
      15443    643.413    204.000     8.7996   3.709400     8.8071   3.709796      44.91     0.0153     2.1302     1.8517  38.367126  8.7533255   43.70860  -59.13134    35.0472    35.0440     8.7777     8.7852    27.1910    27.1873    3.99896    3.83573         19 0.0000e+00
      15463    644.232    203.000     8.8072   3.709813     8.8112   3.709876      45.79     0.0156     2.1360     1.8580  38.368500  8.7533579   43.70860  -59.13134    35.0445    35.0412     8.7854     8.7894    27.1877    27.1845    4.02214    3.85526         20 0.0000e+00
      15484    645.134    202.000     8.8111   3.709939     8.8149   3.709944      46.75     0.0142     2.1442     1.8641  38.327179  8.7790575   43.70860  -59.13134    35.0425    35.0389     8.7894     8.7932    27.1855    27.1821    4.04897    3.86021         24 0.0000e+00
      15511    646.235    201.000     8.8125   3.709991     8.8213   3.710348      47.99     0.0181     2.1541     1.8693  38.318420  8.7832804   43.70860  -59.13134    35.0421    35.0372     8.7910     8.7997    27.1849    27.1797    4.06250    3.86354         29 0.0000e+00
      15539    647.415    200.000     8.8133   3.709965     8.8256   3.710618      49.05     0.0199     2.1617     1.8738  38.265991  8.7942219   43.70860  -59.13134    35.0415    35.0363     8.7919     8.8041    27.1843    27.1783    4.06589    3.87538         27 0.0000e+00
      15563    648.437    199.000     8.8224   3.710539     8.8418   3.711947      49.96     0.0151     2.1672     1.8785  38.263737  8.7968693   43.70858  -59.13134    35.0391    35.0347     8.8010     8.8204    27.1810    27.1744    4.07607    3.88623         22 0.0000e+00
      15584    649.305    198.000     8.8538   3.713165     8.8720   3.714797      50.87     0.0150     2.1720     1.8811  38.247036  8.8040876   43.70858  -59.13134    35.0361    35.0353     8.8325     8.8507    27.1737    27.1701    4.08012    3.87386         20 0.0000e+00
      15604    650.107    197.000     8.9097   3.718208     8.9225   3.719379      51.75     0.0155     2.1752     1.8815  38.246773  8.8042517   43.70858  -59.13134    35.0344    35.0342     8.8885     8.9012    27.1634    27.1612    4.06419    3.86139         19 0.0000e+00
      15623    650.927    196.000     8.9442   3.721246     8.9658   3.723411      52.74     0.0226     2.1756     1.8820  38.180332  8.8219967   43.70858  -59.13135    35.0328    35.0343     8.9230     8.9445    27.1566    27.1543    4.04758    3.86202         20 0.0000e+00
      15646    651.883    195.000     8.9588   3.722493     8.9995   3.726636      53.68     0.0244     2.1755     1.8826  38.154755  8.8313742   43.70858  -59.13136    35.0320    35.0353     8.9377     8.9783    27.1536    27.1497    4.04015    3.85485         26 0.0000e+00
      15673    653.018    194.000     8.9795   3.724762     9.0175   3.728369      54.76     0.0225     2.1743     1.8823  38.094372  8.8725452   43.70858  -59.13136    35.0359    35.0363     8.9584     8.9963    27.1534    27.1476    4.03515    3.85467         28 0.0000e+00
      15700    654.108    193.000     9.0117   3.727876     9.0350   3.730030      55.84     0.0165     2.1742     1.8833  38.070816  8.8757410   43.70858  -59.13136    35.0373    35.0370     8.9907     9.0139    27.1493    27.1453    4.04182    3.86410         23 0.0000e+00
      15721    655.006    192.000     9.0258   3.729316     9.0850   3.735636      56.93     0.0118     2.1760     1.8858  37.992561  8.1363297   43.70858  -59.13136    35.0370    35.0469     9.0049     9.0640    27.1467    27.1450    4.06151    3.87942         20 0.0000e+00
      15740    655.800    191.000     9.1220   3.739186     9.1811   3.745549      57.76     0.0102     2.1800     1.8888  37.971218  8.2188129   43.70858  -59.13136    35.0482    35.0565     9.1010     9.1601    27.1399    27.1369    4.07018    3.87891         19 0.0000e+00
      15759    656.600    190.000     9.1958   3.746690     9.2213   3.749146      58.67     0.0135     2.1834     1.8910  37.937889  8.2117519   43.70858  -59.13136    35.0544    35.0550     9.1748     9.2003    27.1329    27.1291    4.06734    3.87669         20 0.0000e+00
      15781    657.509    189.000     9.2120   3.748298     9.2478   3.751855      59.77     0.0171     2.1867     1.8943  37.866611  8.2429810   43.70858  -59.13136    35.0557    35.0576     9.1912     9.2269    27.1312    27.1269    4.06390    3.88690         24 0.0000e+00
      15809    658.654    188.000     9.2203   3.749068     9.2847   3.755871      60.76     0.0178     2.1890     1.8984  37.839123  8.2828264   43.70858  -59.13136    35.0561    35.0638     9.1995     9.2638    27.1302    27.1257    4.06202    3.89623         30 0.0000e+00
