data/CTD/2014/CNV/u017a039.cnv
* Sea-Bird SBE 9 Data File:
* FileName = C:\CTD_ACQUISITION\2014017HUD\ctddata\017A039.hdr
* Software Version Seasave V 7.22.2
* Temperature SN = 5081
* Conductivity SN = 3561
* Number of Bytes Per Scan = 37
* Number of Voltage Words = 4
* Number of Scans Averaged by the Deck Unit = 1
* NMEA Latitude = 48 13.75 N
* NMEA Longitude = 046 27.83 W
* NMEA UTC (Time) = Jul 10 2014 01:54:16
* NMEA baud rate = 9600
** Ship: Hudson
** Cruise: HUD2014017
** Chief_Scientist: Blair Greenan
** Organization: BIO
** Area_of_Operation: Sackville Spur
** Station: 039
** Sounding:  938
** Event_Comments: SS_13, 403226
# nquan = 25
# nvalues = 960                         
# units = specified
# name 0 = scan: Scan Count
# name 1 = timeS: Time, Elapsed [seconds]
# name 2 = prDM: Pressure, Digiquartz [db]
# name 3 = t068C: Temperature [ITS-68, deg C]
# name 4 = c0S/m: Conductivity [S/m]
# name 5 = t168C: Temperature, 2 [ITS-68, deg C]
# name 6 = c1S/m: Conductivity, 2 [S/m]
# name 7 = altM: Altimeter [m]
# name 8 = flC: Fluorescence, Chelsea Aqua 3 Chl Con [ug/l]
# name 9 = sbeox0V: Oxygen raw, SBE 43 [V]
# name 10 = sbeox1V: Oxygen raw, SBE 43, 2 [V]
# name 11 = upoly0: Upoly 0, Optode 4330F - O2 D-Phase
# name 12 = upoly1: Upoly 1, Optode 4330F - O2 Temp
# name 13 = latitude: Latitude [deg]
# name 14 = longitude: Longitude [deg]
# name 15 = sal00: Salinity, Practical [PSU]
# name 16 = sal11: Salinity, Practical, 2 [PSU]
# name 17 = potemp068C: Potential Temperature [ITS-68, deg C]
# name 18 = potemp168C: Potential Temperature, 2 [ITS-68, deg C]
# name 19 = sigma-é00: Density [sigma-theta, Kg/m^3]
# name 20 = sigma-é11: Density, 2 [sigma-theta, Kg/m^3]
# name 21 = sbeox0ML/L: Oxygen, SBE 43 [ml/l], WS = 2
# name 22 = sbeox1ML/L: Oxygen, SBE 43, 2 [ml/l], WS = 2
# name 23 = nbin: number of scans per bin
# name 24 = flag: flag
# span 0 =      33016,      58706       
# span 1 =   1375.619,   2446.057       
# span 2 =      1.000,    960.000       
# span 3 =    -1.1586,     7.8962       
# span 4 =   2.675352,   3.398297       
# span 5 =    -1.1648,     7.8998       
# span 6 =   2.675412,   3.398446       
# span 7 =       4.37,     100.60       
# span 8 =     0.0084,     0.0814       
# span 9 =     2.6107,     3.7337       
# span 10 =     2.3049,     3.2625      
# span 11 =  30.321404,  34.664959      
# span 12 = -1.0048785,  7.8166318      
# span 13 =   48.22806,   48.22868      
# span 14 =  -46.46281,  -46.46194      
# span 15 =    32.7128,    34.8938      
# span 16 =    32.7109,    34.8932      
# span 17 =    -1.1595,     7.8961      
# span 18 =    -1.1657,     7.8998      
# span 19 =    25.4932,    27.7377      
# span 20 =    25.4912,    27.7372      
# span 21 =    6.37806,   10.20220      
# span 22 =    6.35944,   10.16841      
# span 23 =         11,         72      
# span 24 = 0.0000e+00, 0.0000e+00      
# interval = decibars: 1                
# start_time = Jul 10 2014 01:54:16 [NMEA time, header]
# bad_flag = -9.990e-29
*END*
[from data line 638]
      48590   2024.561    322.000     3.5998   3.213764     3.5992   3.213654      94.35     0.0239     2.9066     2.5557  33.457874  3.6339452   48.22852  -46.46236    34.7545    34.7538     3.5780     3.5774    27.6340    27.6335    6.73011    6.72397         20 0.0000e+00
      48612   2025.454    321.000     3.6008   3.213761     3.6008   3.213706      98.11     0.0212     2.9074     2.5558  33.457874  3.6344979   48.22852  -46.46236    34.7540    34.7533     3.5790     3.5791    27.6334    27.6329    6.74011    6.71312         24 0.0000e+00
      48640   2026.635    320.000     3.6010   3.213711     3.6013   3.213689      54.01     0.0169     2.9091     2.5554  33.446075  3.6270516   48.22852  -46.46236    34.7537    34.7531     3.5793     3.5797    27.6332    27.6327    6.74229    6.71286         32 0.0000e+00
      48672   2027.944    319.000     3.6017   3.213700     3.6014   3.213641     100.37     0.0161     2.9104     2.5558  33.438225  3.6250820   48.22852  -46.46236    34.7534    34.7530     3.5801     3.5798    27.6329    27.6326    6.73933    6.71757         28 0.0000e+00
      48696   2028.940    318.000     3.6008   3.213531     3.6005   3.213479      76.57     0.0195     2.9110     2.5564  33.412636  3.6242008   48.22852  -46.46236    34.7529    34.7525     3.5792     3.5790    27.6326    27.6323    6.74004    6.71974         21 0.0000e+00
      48715   2029.739    317.000     3.5993   3.213298     3.5990   3.213234      42.58     0.0196     2.9115     2.5565  33.418045  3.6246145   48.22852  -46.46236    34.7522    34.7517     3.5779     3.5776    27.6321    27.6318    6.73993    6.71878         18 0.0000e+00
      48732   2030.469    316.000     3.5987   3.213176     3.5982   3.213091      97.85     0.0187     2.9118     2.5571  33.436447  3.6213994   48.22852  -46.46236    34.7520    34.7514     3.5773     3.5768    27.6320    27.6316    6.73937    6.71683         18 0.0000e+00
      48751   2031.263    315.000     3.5982   3.213069     3.5977   3.212979      98.63     0.0186     2.9123     2.5569  33.434917  3.6227744   48.22852  -46.46238    34.7517    34.7512     3.5769     3.5764    27.6318    27.6314    6.74136    6.71433         21 0.0000e+00
      48777   2032.326    314.000     3.5977   3.212958     3.5973   3.212861      53.41     0.0155     2.9127     2.5574  33.421631  3.6181266   48.22854  -46.46238    34.7515    34.7507     3.5765     3.5760    27.6317    27.6311    6.73766    6.72150         31 0.0000e+00
      48810   2033.725    313.000     3.5969   3.212777     3.5968   3.212741      99.96     0.0175     2.9129     2.5580  33.415131  3.6153133   48.22853  -46.46238    34.7506    34.7504     3.5758     3.5756    27.6311    27.6309    6.73183    6.71785         32 0.0000e+00
      48837   2034.842    312.000     3.5963   3.212639     3.5953   3.212467      85.18     0.0215     2.9127     2.5581  33.426186  3.6153846   48.22852  -46.46237    34.7502    34.7493     3.5752     3.5742    27.6308    27.6301    6.73894    6.71659         22 0.0000e+00
      48858   2035.688    311.000     3.5941   3.212260     3.5937   3.212191      34.63     0.0176     2.9135     2.5583  33.427055  3.6153846   48.22852  -46.46237    34.7486    34.7481     3.5730     3.5727    27.6297    27.6294    6.73665    6.72044         19 0.0000e+00
      48876   2036.476    310.000     3.5933   3.212090     3.5929   3.212005      98.35     0.0171     2.9130     2.5586  33.424187  3.6153846   48.22852  -46.46238    34.7479    34.7473     3.5723     3.5720    27.6293    27.6288    6.73286    6.71677         20 0.0000e+00
      48898   2037.367    309.000     3.5927   3.211927     3.5920   3.211795      98.63     0.0153     2.9133     2.5584  33.423111  3.6153846   48.22854  -46.46238    34.7472    34.7463     3.5718     3.5711    27.6287    27.6280    6.73530    6.70919         24 0.0000e+00
      48924   2038.457    308.000     3.5913   3.211663     3.5905   3.211509      43.33     0.0135     2.9130     2.5577  33.415554  3.6117702   48.22854  -46.46238    34.7460    34.7450     3.5704     3.5697    27.6279    27.6272    6.72579    6.70697         27 0.0000e+00
      48950   2039.546    307.000     3.5899   3.211416     3.5882   3.211145      93.18     0.0155     2.9126     2.5572  33.409508  3.6113038   48.22854  -46.46238    34.7451    34.7436     3.5692     3.5675    27.6273    27.6263    6.73458    6.70667         24 0.0000e+00
      48972   2040.467    306.000     3.5871   3.210986     3.5860   3.210815      39.13     0.0168     2.9135     2.5574  33.408325  3.6140141   48.22854  -46.46238    34.7435    34.7426     3.5664     3.5653    27.6263    27.6257    6.73465    6.71523         21 0.0000e+00
      48993   2041.344    305.000     3.5854   3.210754     3.5845   3.210616      33.62     0.0171     2.9131     2.5578  33.405296  3.6140518   48.22854  -46.46238    34.7430    34.7423     3.5649     3.5639    27.6260    27.6256    6.72775    6.71785         22 0.0000e+00
      49018   2042.379    304.000     3.5836   3.210502     3.5826   3.210378      94.89     0.0204     2.9126     2.5586  33.406055  3.6095288   48.22854  -46.46238    34.7424    34.7420     3.5631     3.5621    27.6257    27.6255    6.72332    6.71580         28 0.0000e+00
      49047   2043.578    303.000     3.5783   3.209936     3.5745   3.209410      93.31     0.0144     2.9125     2.5581  33.409252  3.6066263   48.22854  -46.46238    34.7419    34.7395     3.5578     3.5541    27.6259    27.6243    6.73175    6.70157         28 0.0000e+00
      49072   2044.644    302.000     3.5646   3.208438     3.5608   3.207836      36.76     0.0148     2.9130     2.5571  33.402943  3.6056182   48.22854  -46.46238    34.7390    34.7358     3.5443     3.5405    27.6249    27.6227    6.73739    6.70514         24 0.0000e+00
      49095   2045.595    301.000     3.5485   3.206543     3.5464   3.206198      98.01     0.0134     2.9133     2.5571  33.399963  3.6056166   48.22854  -46.46238    34.7340    34.7320     3.5283     3.5262    27.6225    27.6211    6.73631    6.71433         22 0.0000e+00
      49118   2046.521    300.000     3.5407   3.205606     3.5390   3.205346      98.63     0.0137     2.9137     2.5572  33.399269  3.6056166   48.22854  -46.46238    34.7315    34.7302     3.5205     3.5189    27.6213    27.6204    6.74147    6.71401         22 0.0000e+00
      49140   2047.477    299.000     3.5366   3.205085     3.5344   3.204789      34.83     0.0169     2.9138     2.5575  33.399269  3.6056166   48.22854  -46.46238    34.7302    34.7290     3.5165     3.5143    27.6206    27.6199    6.73382    6.71895         24 0.0000e+00
      49165   2048.490    298.000     3.5323   3.204569     3.5293   3.204185      98.06     0.0190     2.9134     2.5580  33.408558  3.5912933   48.22854  -46.46238    34.7291    34.7276     3.5123     3.5094    27.6202    27.6193    6.73189    6.72359         25 0.0000e+00
      49191   2049.570    297.000     3.5285   3.204105     3.5246   3.203652      98.63     0.0174     2.9132     2.5593  33.407146  3.5860465   48.22854  -46.46238    34.7282    34.7268     3.5086     3.5047    27.6198    27.6191    6.73488    6.73341         26 0.0000e+00
      49215   2050.581    296.000     3.5232   3.203507     3.5210   3.203221      21.02     0.0160     2.9135     2.5603  33.407261  3.5779393   48.22854  -46.46238    34.7271    34.7260     3.5034     3.5012    27.6195    27.6188    6.74179    6.72726         22 0.0000e+00
      49236   2051.440    295.000     3.5179   3.202889     3.5167   3.202693      74.63     0.0214     2.9143     2.5601  33.406590  3.5763063   48.22854  -46.46238    34.7258    34.7248     3.4982     3.4970    27.6189    27.6183    6.74168    6.71832         20 0.0000e+00
      49254   2052.227    294.000     3.5118   3.202183     3.5106   3.201994      97.95     0.0221     2.9140     2.5597  33.406219  3.5718157   48.22854  -46.46238    34.7244    34.7234     3.4922     3.4910    27.6184    27.6177    6.72725    6.70929         19 0.0000e+00
      49276   2053.112    293.000     3.5086   3.201796     3.5061   3.201457      53.23     0.0173     2.9123     2.5581  33.404091  3.5668514   48.22854  -46.46238    34.7237    34.7223     3.4890     3.4865    27.6182    27.6173    6.71547    6.69575         25 0.0000e+00
      49311   2054.584    292.000     3.5072   3.201604     3.5012   3.200843      90.80     0.0163     2.9109     2.5548  33.407345  3.5596948   48.22854  -46.46238    34.7235    34.7207     3.4877     3.4821    27.6181    27.6165    6.71628    6.68202         42 0.0000e+00
      49345   2055.980    291.000     3.5048   3.201254     3.4942   3.199876      72.59     0.0216     2.9092     2.5523  33.406895  3.5548551   48.22854  -46.46238    34.7224    34.7171     3.4854     3.4748    27.6174    27.6143    6.71486    6.67940         23 0.0000e+00
      49363   2056.757    290.000     3.5096   3.201258     3.5069   3.200997      35.15     0.0242     2.9088     2.5510  33.399006  3.5454698   48.22854  -46.46238    34.7178    34.7176     3.4902     3.4876    27.6133    27.6134    6.71890    6.67776         16 0.0000e+00
      49378   2057.387    289.000     3.5270   3.202769     3.5278   3.202903      99.78     0.0254     2.9091     2.5506  33.399269  3.5463679   48.22854  -46.46238    34.7180    34.7187     3.5077     3.5085    27.6117    27.6123    6.71753    6.68457         15 0.0000e+00
      49393   2057.987    288.000     3.5334   3.203367     3.5342   3.203432      98.63     0.0242     2.9090     2.5511  33.400227  3.5457196   48.22854  -46.46238    34.7189    34.7188     3.5141     3.5150    27.6119    27.6117    6.71495    6.69052         15 0.0000e+00
      49409   2058.657    287.000     3.5351   3.203485     3.5344   3.203355      41.82     0.0207     2.9090     2.5514  33.413319  3.5376112   48.22854  -46.46238    34.7190    34.7182     3.5159     3.5152    27.6118    27.6112    6.71098    6.68800         18 0.0000e+00
      49439   2059.905    286.000     3.5339   3.203326     3.5318   3.203041      60.32     0.0177     2.9082     2.5513  33.412617  3.5405450   48.22854  -46.46238    34.7189    34.7177     3.5148     3.5127    27.6118    27.6111    6.70101    6.68164         49 0.0000e+00
      49494   2062.203    285.000     3.5272   3.202650     3.5290   3.202754      60.15     0.0214     2.9056     2.5510  33.415890  3.5438888   48.22854  -46.46238    34.7185    34.7179     3.5081     3.5099    27.6122    27.6115    6.69258    6.68614         39 0.0000e+00
      49516   2063.143    284.000     3.5281   3.202652     3.5243   3.202156      84.07     0.0185     2.9048     2.5514  33.413029  3.5370362   48.22854  -46.46238    34.7181    34.7162     3.5092     3.5053    27.6117    27.6106    6.69671    6.68446         18 0.0000e+00
      49533   2063.814    283.000     3.5218   3.201807     3.5184   3.201340      99.14     0.0194     2.9047     2.5515  33.408901  3.5372405   48.22854  -46.46238    34.7152    34.7133     3.5029     3.4995    27.6100    27.6088    6.70296    6.68396         15 0.0000e+00
      49547   2064.403    282.000     3.5172   3.201183     3.5159   3.200996      98.63     0.0188     2.9054     2.5515  33.411858  3.5372405   48.22854  -46.46238    34.7132    34.7123     3.4984     3.4971    27.6089    27.6083    6.70049    6.68373         14 0.0000e+00
      49561   2064.989    281.000     3.5163   3.201018     3.5188   3.201216      71.80     0.0203     2.9045     2.5515  33.413883  3.5372405   48.22854  -46.46238    34.7126    34.7124     3.4976     3.5000    27.6085    27.6081    6.69223    6.68422         15 0.0000e+00
      49577   2065.659    280.000     3.5199   3.201261     3.5218   3.201386      33.25     0.0211     2.9047     2.5516  33.415478  3.5372405   48.22854  -46.46238    34.7123    34.7118     3.5013     3.5031    27.6079    27.6073    6.69786    6.68124         18 0.0000e+00
      49598   2066.552    279.000     3.5210   3.201318     3.5191   3.201061      94.83     0.0240     2.9044     2.5513  33.436340  3.5372405   48.22854  -46.46238    34.7123    34.7113     3.5024     3.5005    27.6078    27.6071    6.69811    6.67941         26 0.0000e+00
      49632   2067.944    278.000     3.5201   3.201179     3.5184   3.200934      60.85     0.0208     2.9046     2.5520  33.448143  3.5372405   48.22854  -46.46238    34.7122    34.7111     3.5015     3.4998    27.6078    27.6070    6.69602    6.68619         41 0.0000e+00
      49672   2069.637    277.000     3.5169   3.200787     3.5160   3.200663      75.66     0.0154     2.9048     2.5516  33.458187  3.5369520   48.22854  -46.46238    34.7114    34.7109     3.4984     3.4976    27.6075    27.6071    6.69830    6.67405         35 0.0000e+00
      49702   2070.880    276.000     3.5124   3.200285     3.5069   3.199656      75.37     0.0180     2.9052     2.5516  33.459023  3.5272806   48.22854  -46.46238    34.7108    34.7090     3.4940     3.4885    27.6074    27.6065    6.70780    6.68798         26 0.0000e+00
      49726   2071.873    275.000     3.5043   3.199391     3.5031   3.199229      53.48     0.0186     2.9065     2.5527  33.461056  3.5274725   48.22854  -46.46238    34.7092    34.7084     3.4860     3.4849    27.6069    27.6064    6.71380    6.68694         23 0.0000e+00
      49748   2072.786    274.000     3.4991   3.198822     3.4973   3.198576      98.35     0.0176     2.9074     2.5521  33.464134  3.5274725   48.22854  -46.46238    34.7084    34.7074     3.4809     3.4791    27.6068    27.6061    6.70702    6.67711         21 0.0000e+00
      49768   2073.621    273.000     3.4944   3.198275     3.4905   3.197833      98.63     0.0192     2.9071     2.5520  33.459438  3.5274725   48.22854  -46.46238    34.7074    34.7063     3.4762     3.4723    27.6064    27.6059    6.70455    6.68553         19 0.0000e+00
      49787   2074.400    272.000     3.4898   3.197773     3.4873   3.197469      16.95     0.0199     2.9075     2.5524  33.463593  3.5274725   48.22854  -46.46238    34.7068    34.7058     3.4717     3.4693    27.6064    27.6058    6.70263    6.68751         18 0.0000e+00
      49806   2075.194    271.000     3.4843   3.197156     3.4734   3.195825      88.12     0.0209     2.9072     2.5527  33.464828  3.5274725   48.22854  -46.46238    34.7057    34.7014     3.4664     3.4554    27.6060    27.6037    6.70901    6.68864         21 0.0000e+00
      49830   2076.215    270.000     3.4710   3.195647     3.4463   3.192949      97.98     0.0208     2.9082     2.5531  33.462761  3.5222001   48.22854  -46.46238    34.7024    34.6962     3.4531     3.4285    27.6047    27.6021    6.71933    6.69189         31 0.0000e+00
      49871   2077.936    269.000     3.4692   3.195477     3.4423   3.192651      60.10     0.0234     2.9101     2.5537  33.464455  3.5141635   48.22854  -46.46238    34.7027    34.6972     3.4514     3.4245    27.6051    27.6033    6.72118    6.69236         45 0.0000e+00
      49906   2079.366    268.000     3.4539   3.193990     3.4339   3.191559     100.01     0.0197     2.9106     2.5542  33.464596  3.5076950   48.22854  -46.46238    34.7017    34.6937     3.4362     3.4163    27.6058    27.6014    6.71952    6.70019         24 0.0000e+00
      49927   2080.240    267.000     3.4256   3.190771     3.4174   3.189767      38.29     0.0196     2.9112     2.5551  33.474098  3.5034907   48.22854  -46.46238    34.6936    34.6903     3.4080     3.3999    27.6021    27.6002    6.72862    6.70477         20 0.0000e+00
      49946   2081.041    266.000     3.4117   3.189200     3.4063   3.188573      72.91     0.0196     2.9115     2.5550  33.467133  3.4981716   48.22854  -46.46238    34.6901    34.6883     3.3942     3.3889    27.6006    27.5996    6.72473    6.69304         19 0.0000e+00
