data/CTD/2014/CNV/u017a015.cnv
* Sea-Bird SBE 9 Data File:
* FileName = C:\CTD_ACQUISITION\2014017HUD\ctddata\017A015.hdr
* Software Version Seasave V 7.22.2
* Temperature SN = 5081
* Conductivity SN = 3561
* Number of Bytes Per Scan = 37
* Number of Voltage Words = 4
* Number of Scans Averaged by the Deck Unit = 1
* NMEA Latitude = 53 01.21 N
* NMEA Longitude = 051 02.46 W
* NMEA UTC (Time) = Jul 04 2014 04:48:08
* NMEA baud rate = 9600
** Ship: Hudson
** Cruise: HUD2014017
** Chief_Scientist: Blair Greenan
** Organization: BIO
** Area_of_Operation: Sackville Spur
** Station: 015
** Sounding:  2750
** Event_Comments: DSOW1, 403063
# nquan = 25
# nvalues = 2642                        
# units = specified
# name 0 = scan: Scan Count
# name 1 = timeS: Time, Elapsed [seconds]
# name 2 = prDM: Pressure, Digiquartz [db]
# name 3 = t068C: Temperature [ITS-68, deg C]
# name 4 = c0S/m: Conductivity [S/m]
# name 5 = t168C: Temperature, 2 [ITS-68, deg C]
# name 6 = c1S/m: Conductivity, 2 [S/m]
# name 7 = altM: Altimeter [m]
# name 8 = flC: Fluorescence, Chelsea Aqua 3 Chl Con [ug/l]
# name 9 = sbeox0V: Oxygen raw, SBE 43 [V]
# name 10 = sbeox1V: Oxygen raw, SBE 43, 2 [V]
# name 11 = upoly0: Upoly 0, Optode 4330F - O2 D-Phase
# name 12 = upoly1: Upoly 1, Optode 4330F - O2 Temp
# name 13 = latitude: Latitude [deg]
# name 14 = longitude: Longitude [deg]
# name 15 = sal00: Salinity, Practical [PSU]
# name 16 = sal11: Salinity, Practical, 2 [PSU]
# name 17 = potemp068C: Potential Temperature [ITS-68, deg C]
# name 18 = potemp168C: Potential Temperature, 2 [ITS-68, deg C]
# name 19 = sigma-é00: Density [sigma-theta, Kg/m^3]
# name 20 = sigma-é11: Density, 2 [sigma-theta, Kg/m^3]
# name 21 = sbeox0ML/L: Oxygen, SBE 43 [ml/l], WS = 2
# name 22 = sbeox1ML/L: Oxygen, SBE 43, 2 [ml/l], WS = 2
# name 23 = nbin: number of scans per bin
# name 24 = flag: flag
# span 0 =      73227,     158914       
# span 1 =   3051.073,   6621.388       
# span 2 =      1.000,   2642.000       
# span 3 =     2.4600,     8.1774       
# span 4 =   3.188525,   3.578016       
# span 5 =     2.4593,     8.1781       
# span 6 =   3.188392,   3.577932       
# span 7 =       4.24,     107.94       
# span 8 =     0.0062,     0.3861       
# span 9 =     2.1763,     3.4375       
# span 10 =     1.9253,     3.0191      
# span 11 =  30.195036,  35.515980      
# span 12 =  2.4528117,  8.1965199      
# span 13 =   53.01916,   53.02126      
# span 14 =  -51.03840,  -51.03224      
# span 15 =    34.3631,    34.9174      
# span 16 =    34.3616,    34.9170      
# span 17 =     2.2644,     8.1773      
# span 18 =     2.2638,     8.1780      
# span 19 =    26.7473,    27.8739      
# span 20 =    26.7460,    27.8735      
# span 21 =    6.31750,    7.54803      
# span 22 =    6.24982,    7.60928      
# span 23 =          9,         85      
# span 24 = 0.0000e+00, 0.0000e+00      
# interval = decibars: 1                
# start_time = Jul 04 2014 04:48:08 [NMEA time, header]
# bad_flag = -9.990e-29
*END*
[from data line 1624]
     115808   4825.275   1018.000     3.4686   3.241111     3.4685   3.241068      32.81     0.0181     2.7040     2.3790  33.742844  3.4688644   53.02004  -51.03674    34.8537    34.8533     3.3950     3.3949    27.7310    27.7307    6.76586    6.73439         33 0.0000e+00
     115840   4826.623   1017.000     3.4688   3.241086     3.4688   3.241043     101.81     0.0185     2.7045     2.3785  33.738686  3.4695954   53.02004  -51.03674    34.8538    34.8532     3.3953     3.3953    27.7310    27.7305    6.75892    6.73228         28 0.0000e+00
     115863   4827.582   1016.000     3.4691   3.241066     3.4690   3.241030      48.23     0.0180     2.7049     2.3792  33.736214  3.4733312   53.02004  -51.03674    34.8537    34.8534     3.3957     3.3956    27.7309    27.7306    6.77083    6.73950         20 0.0000e+00
     115880   4828.307   1015.000     3.4688   3.240998     3.4681   3.240900      69.43     0.0149     2.7056     2.3793  33.736263  3.4737451   53.02004  -51.03674    34.8537    34.8532     3.3955     3.3948    27.7309    27.7306    6.76830    6.73613         16 0.0000e+00
     115896   4828.954   1014.000     3.4677   3.240844     3.4664   3.240678      97.75     0.0155     2.7057     2.3797  33.736263  3.4773035   53.02004  -51.03674    34.8535    34.8529     3.3945     3.3932    27.7309    27.7305    6.76468    6.73891         15 0.0000e+00
     115911   4829.593   1013.000     3.4670   3.240734     3.4659   3.240579      98.62     0.0148     2.7061     2.3799  33.736263  3.4786105   53.02004  -51.03674    34.8535    34.8528     3.3938     3.3927    27.7309    27.7305    6.76445    6.73826         16 0.0000e+00
     115929   4830.325   1012.000     3.4665   3.240642     3.4655   3.240497      67.06     0.0123     2.7061     2.3802  33.735558  3.4748764   53.02004  -51.03674    34.8534    34.8528     3.3934     3.3924    27.7309    27.7305    6.76419    6.74241         20 0.0000e+00
     115966   4831.872   1011.000     3.4665   3.240604     3.4657   3.240488      71.71     0.0142     2.7064     2.3817  33.735130  3.4696589   53.02004  -51.03674    34.8535    34.8529     3.3935     3.3927    27.7310    27.7306    6.76268    6.74734         62 0.0000e+00
     116021   4834.167   1010.000     3.4677   3.240678     3.4666   3.240525      90.21     0.0199     2.7065     2.3827  33.733032  3.4688544   53.02006  -51.03674    34.8537    34.8530     3.3947     3.3937    27.7310    27.7305    6.76376    6.74081         33 0.0000e+00
     116047   4835.248   1009.000     3.4670   3.240543     3.4662   3.240439      69.91     0.0165     2.7074     2.3826  33.707790  3.4663842   53.02006  -51.03674    34.8533    34.8529     3.3941     3.3933    27.7307    27.7305    6.76110    6.73499         24 0.0000e+00
     116068   4836.143   1008.000     3.4663   3.240442     3.4657   3.240346      69.23     0.0185     2.7066     2.3823  33.712440  3.4657671   53.02006  -51.03672    34.8533    34.8528     3.3936     3.3929    27.7308    27.7305    6.76141    6.73821         19 0.0000e+00
     116086   4836.861   1007.000     3.4662   3.240386     3.4655   3.240279      98.93     0.0176     2.7076     2.3826  33.718929  3.4688957   53.02006  -51.03672    34.8533    34.8528     3.3935     3.3928    27.7308    27.7305    6.76503    6.74380         16 0.0000e+00
     116101   4837.500   1006.000     3.4659   3.240309     3.4652   3.240202      98.63     0.0167     2.7074     2.3830  33.720634  3.4688644   53.02006  -51.03672    34.8532    34.8527     3.3933     3.3926    27.7307    27.7304    6.76127    6.74050         15 0.0000e+00
     116116   4838.141   1005.000     3.4656   3.240241     3.4650   3.240140      98.63     0.0134     2.7078     2.3829  33.719784  3.4688644   53.02006  -51.03672    34.8532    34.8527     3.3931     3.3925    27.7308    27.7304    6.76385    6.73704         16 0.0000e+00
     116134   4838.869   1004.000     3.4655   3.240184     3.4650   3.240106      98.63     0.0123     2.7078     2.3830  33.710247  3.4688644   53.02006  -51.03672    34.8532    34.8527     3.3930     3.3926    27.7308    27.7304    6.76320    6.73904         20 0.0000e+00
     116184   4840.944   1003.000     3.4655   3.240145     3.4651   3.240075      65.95     0.0148     2.7082     2.3833  33.721561  3.4687002   53.02006  -51.03672    34.8532    34.8528     3.3931     3.3928    27.7308    27.7304    6.76144    6.73718         53 0.0000e+00
     116282   4845.037   1002.000     3.4658   3.240115     3.4653   3.240034      95.94     0.0151     2.7082     2.3833  33.736927  3.4685073   53.02006  -51.03672    34.8531    34.8526     3.3935     3.3930    27.7306    27.7303    6.76312    6.73113         28 0.0000e+00
     116302   4845.864   1001.000     3.4658   3.240082     3.4650   3.239980      47.35     0.0156     2.7088     2.3833  33.736263  3.4688606   53.02006  -51.03672    34.8532    34.8528     3.3936     3.3928    27.7307    27.7305    6.76105    6.73915         21 0.0000e+00
     116323   4846.742   1000.000     3.4657   3.240034     3.4649   3.239925      80.21     0.0151     2.7086     2.3838  33.729816  3.4684348   53.02006  -51.03672    34.8532    34.8528     3.3935     3.3928    27.7307    27.7305    6.75681    6.74656         22 0.0000e+00
     116526   4855.215    999.000     3.4656   3.239992     3.4647   3.239858      88.61     0.0132     2.7088     2.3853  33.725693  3.4688599   53.02007  -51.03671    34.8533    34.8527     3.3936     3.3926    27.7308    27.7304    6.76142    6.75715         29 0.0000e+00
     118094   4920.549    998.000     3.4669   3.240067     3.4664   3.239977      13.73     0.0166     2.7106     2.3873  33.736214  3.4688644   53.02010  -51.03664    34.8534    34.8528     3.3949     3.3944    27.7307    27.7303    6.75904    6.75314         10 0.0000e+00
     118112   4921.307    997.000     3.4671   3.240044     3.4664   3.239931      60.36     0.0159     2.7107     2.3876  33.736263  3.4688644   53.02010  -51.03664    34.8534    34.8528     3.3952     3.3945    27.7307    27.7303    6.76322    6.74873         12 0.0000e+00
     118125   4921.833    996.000     3.4668   3.239980     3.4659   3.239853      89.81     0.0117     2.7109     2.3874  33.736263  3.4688644   53.02010  -51.03664    34.8534    34.8529     3.3950     3.3941    27.7307    27.7304    6.76604    6.74543         14 0.0000e+00
     118149   4922.818    995.000     3.4665   3.239913     3.4652   3.239737      93.60     0.0127     2.7112     2.3876  33.720165  3.4681327   53.02010  -51.03663    34.8535    34.8528     3.3948     3.3935    27.7308    27.7304    6.76662    6.74779         34 0.0000e+00
     118225   4925.994    994.000     3.4655   3.239756     3.4651   3.239671      99.10     0.0155     2.7136     2.3887  33.710190  3.4676490   53.02009  -51.03664    34.8532    34.8526     3.3938     3.3935    27.7307    27.7302    6.78071    6.75250         25 0.0000e+00
     118237   4926.496    993.000     3.4662   3.239761     3.4655   3.239653      98.56     0.0161     2.7137     2.3891  33.721817  3.4632862   53.02008  -51.03664    34.8531    34.8525     3.3946     3.3939    27.7305    27.7301    6.76823    6.75481         16 0.0000e+00
     118252   4927.104    992.000     3.4659   3.239699     3.4648   3.239557      93.84     0.0154     2.7134     2.3892  33.736259  3.4590969   53.02008  -51.03662    34.8532    34.8526     3.3944     3.3933    27.7306    27.7302    6.76673    6.75523         14 0.0000e+00
     118265   4927.672    991.000     3.4648   3.239556     3.4637   3.239395       7.22     0.0152     2.7137     2.3896  33.736263  3.4590964   53.02009  -51.03662    34.8531    34.8524     3.3934     3.3923    27.7307    27.7302    6.77211    6.75610         13 0.0000e+00
     118279   4928.252    990.000     3.4639   3.239419     3.4629   3.239266      77.70     0.0143     2.7141     2.3898  33.730385  3.4590964   53.02010  -51.03662    34.8530    34.8522     3.3925     3.3916    27.7306    27.7301    6.77303    6.75439         15 0.0000e+00
     118295   4928.916    989.000     3.4633   3.239321     3.4629   3.239233      97.98     0.0185     2.7143     2.3902  33.706108  3.4617257   53.02010  -51.03662    34.8529    34.8523     3.3921     3.3948    27.7306    27.7302    6.76841    6.75425         18 0.0000e+00
     118317   4929.822    988.000     3.4633   3.239271     3.4628   3.239184      93.06     0.0185     2.7144     2.3904  33.704819  3.4612978   53.02010  -51.03662    34.8528    34.8523     3.3922     3.3939    27.7305    27.7302    6.76953    6.75187         27 0.0000e+00
     118350   4931.195    987.000     3.4635   3.239233     3.4632   3.239170      57.39     0.0164     2.7151     2.3902  33.700588  3.4653237   53.02010  -51.03662    34.8527    34.8523     3.3924     3.3937    27.7304    27.7301    6.76870    6.74651         35 0.0000e+00
     118379   4932.417    986.000     3.4638   3.239225     3.4634   3.239147      47.84     0.0177     2.7151     2.3906  33.703442  3.4653480   53.02010  -51.03662    34.8528    34.8523     3.3928     3.3947    27.7305    27.7301    6.76915    6.75504         25 0.0000e+00
     118404   4933.439    985.000     3.4643   3.239234     3.4641   3.239176      85.23     0.0153     2.7154     2.3910  33.710632  3.4676473   53.02010  -51.03662    34.8529    34.8524     3.3934     3.3932    27.7305    27.7301    6.76994    6.75005         24 0.0000e+00
     118426   4934.375    984.000     3.4651   3.239283     3.4651   3.239231      98.64     0.0119     2.7158     2.3909  33.701370  3.4683998   53.02010  -51.03660    34.8531    34.8526     3.3943     3.3942    27.7306    27.7301    6.76762    6.74450         21 0.0000e+00
     118447   4935.258    983.000     3.4655   3.239278     3.4652   3.239204      62.26     0.0151     2.7157     2.3907  33.698341  3.4675443   53.02010  -51.03660    34.8532    34.8526     3.3947     3.3944    27.7306    27.7302    6.76807    6.74583         22 0.0000e+00
     118469   4936.179    982.000     3.4658   3.239260     3.4658   3.239228      62.84     0.0163     2.7163     2.3908  33.698959  3.4670923   53.02010  -51.03660    34.8532    34.8528     3.3951     3.3951    27.7305    27.7303    6.76719    6.74729         22 0.0000e+00
     118492   4937.110    981.000     3.4666   3.239291     3.4669   3.239287      98.88     0.0185     2.7160     2.3910  33.705002  3.4693239   53.02010  -51.03660    34.8532    34.8528     3.3960     3.3963    27.7305    27.7302    6.76400    6.75144         22 0.0000e+00
     118512   4937.962    980.000     3.4673   3.239326     3.4673   3.239285      98.26     0.0189     2.7162     2.3917  33.704643  3.4688625   53.02010  -51.03660    34.8534    34.8529     3.3968     3.3967    27.7305    27.7302    6.76845    6.75629         19 0.0000e+00
     118531   4938.753    979.000     3.4675   3.239300     3.4671   3.239208      98.19     0.0231     2.7170     2.3922  33.699223  3.4688644   53.02010  -51.03660    34.8534    34.8528     3.3970     3.3966    27.7306    27.7301    6.76353    6.75568         19 0.0000e+00
     118552   4939.605    978.000     3.4673   3.239241     3.4666   3.239129      98.62     0.0174     2.7160     2.3927  33.696198  3.4692798   53.02010  -51.03660    34.8534    34.8528     3.3969     3.3962    27.7305    27.7301    6.75512    6.75483         23 0.0000e+00
     118580   4940.811    977.000     3.4670   3.239168     3.4662   3.239034      55.18     0.0120     2.7161     2.3932  33.701473  3.4688795   53.02010  -51.03660    34.8533    34.8526     3.3967     3.3959    27.7305    27.7300    6.76537    6.75334         36 0.0000e+00
     118616   4942.274    976.000     3.4668   3.239079     3.4661   3.238974     100.82     0.0160     2.7171     2.3935  33.700859  3.4688644   53.02010  -51.03658    34.8531    34.8526     3.3965     3.3958    27.7303    27.7300    6.76605    6.75169         29 0.0000e+00
     118639   4943.230    975.000     3.4666   3.239022     3.4660   3.238920      69.21     0.0146     2.7170     2.3937  33.706303  3.4688644   53.02010  -51.03658    34.8531    34.8525     3.3965     3.3959    27.7303    27.7299    6.76303    6.74899         19 0.0000e+00
     118656   4943.967    974.000     3.4668   3.238990     3.4660   3.238886      34.24     0.0119     2.7169     2.3935  33.704350  3.4694459   53.02010  -51.03658    34.8530    34.8526     3.3967     3.3960    27.7302    27.7300    6.76742    6.75032         17 0.0000e+00
     118672   4944.616    973.000     3.4668   3.238962     3.4661   3.238855      97.80     0.0146     2.7179     2.3940  33.702103  3.4688718   53.02010  -51.03658    34.8531    34.8526     3.3969     3.3962    27.7303    27.7300    6.76960    6.75739         15 0.0000e+00
     118687   4945.265    972.000     3.4667   3.238912     3.4662   3.238816      98.63     0.0145     2.7179     2.3944  33.701469  3.4688644   53.02010  -51.03658    34.8532    34.8526     3.3968     3.3963    27.7304    27.7300    6.76885    6.75649         16 0.0000e+00
     118705   4946.019    971.000     3.4664   3.238846     3.4658   3.238744      60.54     0.0136     2.7183     2.3947  33.700027  3.4688644   53.02010  -51.03656    34.8533    34.8526     3.3966     3.3960    27.7305    27.7300    6.76488    6.75642         21 0.0000e+00
     118742   4947.530    970.000     3.4663   3.238788     3.4656   3.238678      71.80     0.0185     2.7188     2.3955  33.693573  3.4688644   53.02010  -51.03656    34.8532    34.8526     3.3965     3.3991    27.7304    27.7300    6.76808    6.75535         52 0.0000e+00
     118780   4949.111    969.000     3.4664   3.238750     3.4657   3.238622      85.59     0.0213     2.7200     2.3955  33.692268  3.4688644   53.02010  -51.03658    34.8531    34.8524     3.3968     3.3959    27.7303    27.7298    6.77569    6.74805         20 0.0000e+00
     118796   4949.800    968.000     3.4662   3.238678     3.4654   3.238558       5.29     0.0189     2.7201     2.3954  33.692307  3.4688644   53.02010  -51.03657    34.8530    34.8524     3.3966     3.3958    27.7303    27.7299    6.76576    6.75111         15 0.0000e+00
     118812   4950.442    967.000     3.4661   3.238624     3.4655   3.238527      99.02     0.0159     2.7201     2.3958  33.692307  3.4688644   53.02010  -51.03656    34.8530    34.8524     3.3966     3.3960    27.7303    27.7298    6.76486    6.75262         16 0.0000e+00
     118827   4951.095    966.000     3.4662   3.238597     3.4658   3.238501      98.63     0.0144     2.7201     2.3957  33.692307  3.4688644   53.02010  -51.03656    34.8531    34.8524     3.3968     3.3963    27.7303    27.7298    6.76933    6.74818         16 0.0000e+00
     118846   4951.862    965.000     3.4662   3.238550     3.4655   3.238434      98.63     0.0171     2.7209     2.3956  33.694363  3.4684072   53.02010  -51.03656    34.8531    34.8524     3.3968     3.3961    27.7303    27.7298    6.77008    6.74673         21 0.0000e+00
     118870   4952.860    964.000     3.4660   3.238489     3.4650   3.238340      37.58     0.0163     2.7206     2.3957  33.692871  3.4688575   53.02009  -51.03656    34.8530    34.8523     3.3967     3.3958    27.7303    27.7298    6.76403    6.74930         27 0.0000e+00
     118896   4953.942    963.000     3.4657   3.238414     3.4649   3.238287      41.31     0.0194     2.7213     2.3960  33.692917  3.4688644   53.02008  -51.03656    34.8530    34.8524     3.3965     3.3957    27.7302    27.7298    6.76562    6.75410         24 0.0000e+00
     118918   4954.892    962.000     3.4653   3.238331     3.4646   3.238210      98.01     0.0194     2.7208     2.3967  33.692310  3.4693067   53.02008  -51.03656    34.8529    34.8522     3.3962     3.3955    27.7302    27.7297    6.76275    6.75768         22 0.0000e+00
