data/CTD/2014/CNV/u017a026.cnv
* Sea-Bird SBE 9 Data File:
* FileName = C:\CTD_ACQUISITION\2014017HUD\ctddata\017A026.hdr
* Software Version Seasave V 7.22.2
* Temperature SN = 5081
* Conductivity SN = 3561
* Number of Bytes Per Scan = 37
* Number of Voltage Words = 4
* Number of Scans Averaged by the Deck Unit = 1
* NMEA Latitude = 48 56.21 N
* NMEA Longitude = 045 49.60 W
* NMEA UTC (Time) = Jul 06 2014 21:24:33
* NMEA baud rate = 9600
** Ship: Hudson
** Cruise: HUD2014017
** Chief_Scientist: Blair Greenan
** Organization: BIO
** Area_of_Operation: Sackville Spur
** Station: 026
** Sounding:  2396
** Event_Comments: SS_28, 403145
# nquan = 25
# nvalues = 2502                        
# units = specified
# name 0 = scan: Scan Count
# name 1 = timeS: Time, Elapsed [seconds]
# name 2 = prDM: Pressure, Digiquartz [db]
# name 3 = t068C: Temperature [ITS-68, deg C]
# name 4 = c0S/m: Conductivity [S/m]
# name 5 = t168C: Temperature, 2 [ITS-68, deg C]
# name 6 = c1S/m: Conductivity, 2 [S/m]
# name 7 = altM: Altimeter [m]
# name 8 = flC: Fluorescence, Chelsea Aqua 3 Chl Con [ug/l]
# name 9 = sbeox0V: Oxygen raw, SBE 43 [V]
# name 10 = sbeox1V: Oxygen raw, SBE 43, 2 [V]
# name 11 = upoly0: Upoly 0, Optode 4330F - O2 D-Phase
# name 12 = upoly1: Upoly 1, Optode 4330F - O2 Temp
# name 13 = latitude: Latitude [deg]
# name 14 = longitude: Longitude [deg]
# name 15 = sal00: Salinity, Practical [PSU]
# name 16 = sal11: Salinity, Practical, 2 [PSU]
# name 17 = potemp068C: Potential Temperature [ITS-68, deg C]
# name 18 = potemp168C: Potential Temperature, 2 [ITS-68, deg C]
# name 19 = sigma-é00: Density [sigma-theta, Kg/m^3]
# name 20 = sigma-é11: Density, 2 [sigma-theta, Kg/m^3]
# name 21 = sbeox0ML/L: Oxygen, SBE 43 [ml/l], WS = 2
# name 22 = sbeox1ML/L: Oxygen, SBE 43, 2 [ml/l], WS = 2
# name 23 = nbin: number of scans per bin
# name 24 = flag: flag
# span 0 =      69861,     147291       
# span 1 =   2910.842,   6137.085       
# span 2 =      1.000,   2502.000       
# span 3 =     2.1856,     8.1207       
# span 4 =   3.042185,   3.505780       
# span 5 =     2.1848,     8.1314       
# span 6 =   3.042169,   3.506004       
# span 7 =       0.81,     103.23       
# span 8 =     0.0053,     0.3893       
# span 9 =     2.1947,     3.6972       
# span 10 =     1.9438,     3.2588      
# span 11 =  29.856676,  35.546692      
# span 12 =  2.1869688,  8.1373158      
# span 13 =   48.93864,   48.94076      
# span 14 =  -45.81395,  -45.80169      
# span 15 =    33.6387,    34.9189      
# span 16 =    33.6374,    34.9186      
# span 17 =     2.1826,     8.1197      
# span 18 =     2.1817,     8.1309      
# span 19 =    26.1883,    27.8660      
# span 20 =    26.1846,    27.8658      
# span 21 =    6.26346,    8.60951      
# span 22 =    6.20860,    8.73752      
# span 23 =         11,         98      
# span 24 = 0.0000e+00, 0.0000e+00      
# interval = decibars: 1                
# start_time = Jul 06 2014 21:24:33 [NMEA time, header]
# bad_flag = -9.990e-29
*END*
[from data line 1334]
     103410   4308.723   1168.000     3.5940   3.260350     3.5929   3.260195      98.63     0.0127     2.6165     2.3044  34.148994  3.6062329   48.93944  -45.80813    34.8735    34.8729     3.5070     3.5059    27.7358    27.7354    6.60797    6.58162         45 0.0000e+00
     103449   4310.347   1167.000     3.5942   3.260328     3.5931   3.260172      98.63     0.0130     2.6182     2.3062  34.145039  3.6055987   48.93944  -45.80812    34.8735    34.8729     3.5073     3.5062    27.7358    27.7354    6.61464    6.58459         24 0.0000e+00
     103468   4311.104   1166.000     3.5938   3.260235     3.5923   3.260049      98.63     0.0157     2.6192     2.3066  34.142857  3.6056166   48.93944  -45.80812    34.8734    34.8727     3.5070     3.5056    27.7357    27.7353    6.61273    6.58247         16 0.0000e+00
     103483   4311.735   1165.000     3.5920   3.260009     3.5910   3.259881      98.63     0.0162     2.6192     2.3070  34.135986  3.6056166   48.93944  -45.80812    34.8731    34.8726     3.5053     3.5044    27.7356    27.7353    6.60975    6.58291         14 0.0000e+00
     103496   4312.309   1164.000     3.5889   3.259643     3.5875   3.259439      98.63     0.0129     2.6198     2.3074  34.107975  3.6056166   48.93944  -45.80812    34.8726    34.8716     3.5023     3.5009    27.7355    27.7349    6.61666    6.58522         14 0.0000e+00
     103510   4312.877   1163.000     3.5862   3.259331     3.5837   3.259017      98.63     0.0122     2.6202     2.3078  34.104759  3.6056166   48.93944  -45.80812    34.8722    34.8710     3.4998     3.4973    27.7354    27.7348    6.61460    6.58511         14 0.0000e+00
     103525   4313.502   1162.000     3.5845   3.259093     3.5823   3.258836      98.63     0.0119     2.6209     2.3081  34.105293  3.6056166   48.93944  -45.80812    34.8717    34.8709     3.4981     3.4960    27.7352    27.7348    6.61177    6.58554         16 0.0000e+00
     103547   4314.403   1161.000     3.5835   3.258945     3.5819   3.258751      98.63     0.0179     2.6211     2.3086  34.102837  3.6013558   48.93944  -45.80812    34.8715    34.8709     3.4972     3.4956    27.7351    27.7348    6.61272    6.58565         31 0.0000e+00
     103598   4316.556   1160.000     3.5857   3.259154     3.5850   3.259051      98.63     0.0156     2.6226     2.3092  34.102566  3.5961754   48.93944  -45.80811    34.8722    34.8717     3.4995     3.4988    27.7355    27.7351    6.62047    6.58009         50 0.0000e+00
     103625   4317.648   1159.000     3.5852   3.259042     3.5845   3.258937      98.63     0.0131     2.6235     2.3094  34.100365  3.5943799   48.93944  -45.80810    34.8719    34.8713     3.4991     3.4984    27.7353    27.7349    6.61995    6.58284         20 0.0000e+00
     103644   4318.444   1158.000     3.5849   3.258964     3.5834   3.258780      98.63     0.0152     2.6241     2.3095  34.088131  3.5862246   48.93944  -45.80810    34.8717    34.8711     3.4989     3.4974    27.7351    27.7348    6.61261    6.58118         19 0.0000e+00
     103663   4319.257   1157.000     3.5839   3.258821     3.5831   3.258720      98.63     0.0120     2.6239     2.3097  34.087914  3.5860806   48.93944  -45.80810    34.8716    34.8713     3.4980     3.4972    27.7352    27.7350    6.61313    6.58053         20 0.0000e+00
     103685   4320.178   1156.000     3.5842   3.258803     3.5836   3.258733      98.63     0.0129     2.6243     2.3098  34.087914  3.5860806   48.93944  -45.80810    34.8716    34.8714     3.4984     3.4978    27.7351    27.7350    6.61606    6.58482         24 0.0000e+00
     103711   4321.250   1155.000     3.5844   3.258792     3.5839   3.258713      98.63     0.0154     2.6245     2.3105  34.087914  3.5860806   48.93944  -45.80808    34.8717    34.8714     3.4986     3.4981    27.7352    27.7349    6.61555    6.59007         26 0.0000e+00
     103734   4322.199   1154.000     3.5848   3.258792     3.5839   3.258676      98.63     0.0150     2.6249     2.3111  34.062698  3.5944848   48.93944  -45.80808    34.8718    34.8714     3.4991     3.4983    27.7352    27.7349    6.61331    6.58950         20 0.0000e+00
     103752   4322.952   1153.000     3.5848   3.258740     3.5840   3.258635      98.63     0.0161     2.6251     2.3117  34.061211  3.5918467   48.93944  -45.80808    34.8717    34.8714     3.4992     3.4984    27.7352    27.7349    6.61860    6.59182         17 0.0000e+00
     103768   4323.625   1152.000     3.5846   3.258693     3.5839   3.258586      98.63     0.0171     2.6259     2.3120  34.059586  3.5945449   48.93944  -45.80808    34.8719    34.8713     3.4991     3.4984    27.7353    27.7349    6.62141    6.58877         15 0.0000e+00
     103784   4324.298   1151.000     3.5844   3.258634     3.5840   3.258558      98.63     0.0176     2.6259     2.3121  34.061211  3.5958612   48.93944  -45.80808    34.8718    34.8714     3.4990     3.4985    27.7353    27.7350    6.61925    6.58734         17 0.0000e+00
     103802   4325.050   1150.000     3.5846   3.258599     3.5846   3.258582      98.63     0.0162     2.6264     2.3125  34.065857  3.5958486   48.93944  -45.80808    34.8718    34.8716     3.4992     3.4993    27.7352    27.7350    6.61619    6.58663         20 0.0000e+00
     103831   4326.245   1149.000     3.5846   3.258573     3.5848   3.258549      98.63     0.0149     2.6266     2.3125  34.051357  3.5909381   48.93944  -45.80808    34.8719    34.8715     3.4994     3.4995    27.7353    27.7349    6.61561    6.57964         43 0.0000e+00
     103877   4328.147   1148.000     3.5850   3.258549     3.5842   3.258454      98.63     0.0104     2.6269     2.3115  34.049931  3.5872316   48.93944  -45.80808    34.8718    34.8715     3.4998     3.4990    27.7351    27.7350    6.61656    6.56866         32 0.0000e+00
     103897   4329.007   1147.000     3.5852   3.258526     3.5852   3.258500      98.63     0.0120     2.6278     2.3113  34.047977  3.5860398   48.93946  -45.80808    34.8718    34.8715     3.5001     3.5000    27.7351    27.7349    6.61421    6.57152         18 0.0000e+00
     103913   4329.674   1146.000     3.5859   3.258560     3.5857   3.258512      98.63     0.0131     2.6271     2.3109  34.045887  3.5860806   48.93945  -45.80807    34.8719    34.8716     3.5009     3.5007    27.7351    27.7349    6.61073    6.57142         15 0.0000e+00
     103928   4330.291   1145.000     3.5864   3.258563     3.5860   3.258502      98.63     0.0129     2.6275     2.3110  34.043957  3.5860806   48.93944  -45.80806    34.8720    34.8717     3.5014     3.5010    27.7352    27.7349    6.61590    6.57724         15 0.0000e+00
     103943   4330.912   1144.000     3.5869   3.258577     3.5862   3.258483      98.64     0.0165     2.6278     2.3113  34.043957  3.5867267   48.93944  -45.80806    34.8721    34.8717     3.5020     3.5013    27.7352    27.7349    6.61480    6.58165         15 0.0000e+00
     103960   4331.607   1143.000     3.5869   3.258541     3.5865   3.258479      98.63     0.0160     2.6277     2.3118  34.043957  3.5860970   48.93944  -45.80806    34.8722    34.8719     3.5021     3.5017    27.7352    27.7351    6.61500    6.58413         19 0.0000e+00
     103992   4332.967   1142.000     3.5868   3.258504     3.5866   3.258445      98.63     0.0173     2.6284     2.3127  34.043957  3.5863898   48.93945  -45.80806    34.8724    34.8719     3.5021     3.5019    27.7354    27.7350    6.61389    6.58214         55 0.0000e+00
     104042   4335.062   1141.000     3.5862   3.258393     3.5857   3.258313      98.63     0.0199     2.6282     2.3127  34.043957  3.5880487   48.93946  -45.80806    34.8722    34.8717     3.5016     3.5011    27.7353    27.7350    6.60121    6.57563         27 0.0000e+00
     104061   4335.820   1140.000     3.5868   3.258390     3.5867   3.258353      98.63     0.0181     2.6280     2.3130  34.043957  3.5878017   48.93946  -45.80806    34.8721    34.8718     3.5022     3.5021    27.7351    27.7349    6.60583    6.58374         17 0.0000e+00
     104076   4336.476   1139.000     3.5877   3.258435     3.5876   3.258412      98.63     0.0168     2.6277     2.3135  34.043957  3.5860360   48.93946  -45.80806    34.8722    34.8720     3.5032     3.5031    27.7351    27.7350    6.60788    6.58510         15 0.0000e+00
     104090   4337.061   1138.000     3.5887   3.258504     3.5883   3.258460      98.63     0.0151     2.6281     2.3138  34.043957  3.5860806   48.93946  -45.80806    34.8724    34.8723     3.5044     3.5039    27.7351    27.7351    6.60690    6.58368         14 0.0000e+00
     104104   4337.630   1137.000     3.5896   3.258554     3.5893   3.258512      98.63     0.0156     2.6279     2.3141  34.043957  3.5860806   48.93946  -45.80806    34.8726    34.8724     3.5053     3.5050    27.7352    27.7351    6.60665    6.58366         14 0.0000e+00
     104118   4338.226   1136.000     3.5900   3.258560     3.5903   3.258565      98.63     0.0171     2.6281     2.3144  34.043957  3.5860806   48.93946  -45.80806    34.8727    34.8724     3.5058     3.5061    27.7353    27.7350    6.60038    6.58261         15 0.0000e+00
     104135   4338.922   1135.000     3.5906   3.258569     3.5912   3.258605      98.63     0.0188     2.6277     2.3146  34.043957  3.5860806   48.93946  -45.80806    34.8727    34.8725     3.5064     3.5070    27.7352    27.7350    6.59968    6.58004         19 0.0000e+00
     104166   4340.211   1134.000     3.5904   3.258519     3.5905   3.258498      98.63     0.0156     2.6277     2.3148  34.043957  3.5875423   48.93946  -45.80806    34.8728    34.8724     3.5063     3.5064    27.7353    27.7350    6.60193    6.57684         48 0.0000e+00
     104212   4342.130   1133.000     3.5890   3.258341     3.5895   3.258345      98.63     0.0137     2.6279     2.3144  34.043957  3.5923355   48.93948  -45.80804    34.8727    34.8723     3.5050     3.5055    27.7354    27.7349    6.60038    6.57283         30 0.0000e+00
     104234   4343.042   1132.000     3.5898   3.258353     3.5906   3.258399      98.63     0.0124     2.6278     2.3144  34.043957  3.5909445   48.93948  -45.80804    34.8725    34.8722     3.5059     3.5067    27.7351    27.7348    6.60312    6.57544         20 0.0000e+00
     104253   4343.831   1131.000     3.5933   3.258655     3.5937   3.258673      98.63     0.0141     2.6283     2.3146  34.043125  3.5904093   48.93948  -45.80804    34.8729    34.8727     3.5095     3.5098    27.7350    27.7349    6.59827    6.57461         18 0.0000e+00
     104271   4344.582   1130.000     3.5966   3.258946     3.5980   3.259073      98.63     0.0118     2.6276     2.3146  34.043186  3.5860910   48.93948  -45.80804    34.8734    34.8734     3.5128     3.5142    27.7351    27.7350    6.59021    6.57071         19 0.0000e+00
     104290   4345.376   1129.000     3.5990   3.259152     3.6003   3.259259      98.63     0.0121     2.6274     2.3145  34.043224  3.5860806   48.93948  -45.80804    34.8738    34.8737     3.5153     3.5165    27.7352    27.7350    6.59768    6.56886         20 0.0000e+00
     104315   4346.414   1128.000     3.6007   3.259264     3.6019   3.259358      98.63     0.0144     2.6278     2.3143  34.031052  3.5946732   48.93948  -45.80804    34.8739    34.8737     3.5170     3.5182    27.7351    27.7348    6.59437    6.56431         30 0.0000e+00
     104346   4347.711   1127.000     3.6005   3.259203     3.6021   3.259338      98.63     0.0139     2.6278     2.3142  34.029224  3.5959013   48.93948  -45.80804    34.8738    34.8737     3.5169     3.5185    27.7351    27.7348    6.59595    6.56710         28 0.0000e+00
     104368   4348.638   1126.000     3.6025   3.259336     3.6026   3.259339      98.63     0.0143     2.6274     2.3140  34.029305  3.5958486   48.93948  -45.80804    34.8738    34.8737     3.5190     3.5191    27.7348    27.7347    6.58606    6.56230         18 0.0000e+00
     104385   4349.329   1125.000     3.6038   3.259431     3.6039   3.259429      98.63     0.0169     2.6277     2.3141  34.029305  3.5958486   48.93948  -45.80804    34.8741    34.8740     3.5203     3.5204    27.7350    27.7348    6.59002    6.56222         16 0.0000e+00
     104400   4349.962   1124.000     3.6050   3.259521     3.6053   3.259533      98.63     0.0186     2.6273     2.3137  34.030285  3.6004305   48.93950  -45.80804    34.8743    34.8742     3.5217     3.5220    27.7350    27.7348    6.58024    6.56184         15 0.0000e+00
     104416   4350.610   1123.000     3.6063   3.259618     3.6068   3.259651      98.63     0.0158     2.6267     2.3141  34.034840  3.6032000   48.93950  -45.80804    34.8746    34.8745     3.5230     3.5235    27.7351    27.7349    6.57615    6.56189         16 0.0000e+00
     104434   4351.359   1122.000     3.6074   3.259684     3.6079   3.259709      98.63     0.0133     2.6264     2.3139  34.033516  3.6055670   48.93950  -45.80804    34.8748    34.8745     3.5242     3.5247    27.7351    27.7349    6.58132    6.56044         21 0.0000e+00
     104459   4352.408   1121.000     3.6079   3.259686     3.6083   3.259697      98.63     0.0104     2.6264     2.3140  34.040768  3.6050155   48.93950  -45.80804    34.8748    34.8746     3.5247     3.5251    27.7351    27.7348    6.58311    6.55919         31 0.0000e+00
     104492   4353.794   1120.000     3.6071   3.259557     3.6081   3.259635      98.63     0.0085     2.6270     2.3136  34.042587  3.6056383   48.93950  -45.80804    34.8746    34.8745     3.5240     3.5251    27.7350    27.7348    6.59427    6.55184         31 0.0000e+00
     104520   4354.966   1119.000     3.6076   3.259566     3.6077   3.259545      98.63     0.0093     2.6275     2.3134  34.043964  3.6056166   48.93950  -45.80804    34.8747    34.8744     3.5246     3.5247    27.7350    27.7347    6.58806    6.55441         27 0.0000e+00
     104548   4356.118   1118.000     3.6083   3.259596     3.6082   3.259559      98.63     0.0095     2.6278     2.3133  34.042526  3.6056166   48.93950  -45.80804    34.8749    34.8745     3.5254     3.5253    27.7351    27.7348    6.58535    6.55009         30 0.0000e+00
     104580   4357.468   1117.000     3.6086   3.259583     3.6084   3.259524      98.63     0.0113     2.6275     2.3125  34.040573  3.6056166   48.93950  -45.80804    34.8749    34.8744     3.5257     3.5255    27.7350    27.7347    6.58196    6.54594         31 0.0000e+00
     104605   4358.510   1116.000     3.6089   3.259563     3.6086   3.259501      98.63     0.0123     2.6279     2.3127  34.044052  3.6056166   48.93952  -45.80804    34.8748    34.8744     3.5262     3.5258    27.7349    27.7347    6.58763    6.55428         20 0.0000e+00
     104623   4359.234   1115.000     3.6104   3.259672     3.6097   3.259590      98.63     0.0131     2.6278     2.3129  34.043957  3.6062315   48.93952  -45.80804    34.8750    34.8748     3.5277     3.5270    27.7350    27.7348    6.58306    6.55506         16 0.0000e+00
     104638   4359.863   1114.000     3.6131   3.259903     3.6128   3.259866      98.63     0.0152     2.6280     2.3132  34.043957  3.6056077   48.93952  -45.80803    34.8754    34.8753     3.5305     3.5302    27.7350    27.7349    6.57848    6.55665         14 0.0000e+00
     104652   4360.459   1113.000     3.6147   3.260028     3.6148   3.260031      98.63     0.0167     2.6278     2.3135  34.043957  3.6069210   48.93952  -45.80802    34.8757    34.8756     3.5322     3.5323    27.7351    27.7350    6.57736    6.55193         15 0.0000e+00
     104667   4361.079   1112.000     3.6157   3.260082     3.6157   3.260070      98.63     0.0174     2.6279     2.3133  34.043957  3.6056266   48.93952  -45.80802    34.8759    34.8757     3.5332     3.5332    27.7351    27.7350    6.57433    6.54491         15 0.0000e+00
