data/CTD/2014/CNV/u017a037.cnv
* Sea-Bird SBE 9 Data File:
* FileName = C:\CTD_ACQUISITION\2014017HUD\ctddata\017A037.hdr
* Software Version Seasave V 7.22.2
* Temperature SN = 5081
* Conductivity SN = 3561
* Number of Bytes Per Scan = 37
* Number of Voltage Words = 4
* Number of Scans Averaged by the Deck Unit = 1
* NMEA Latitude = 48 23.51 N
* NMEA Longitude = 046 37.86 W
* NMEA UTC (Time) = Jul 09 2014 22:08:37
* NMEA baud rate = 9600
** Ship: Hudson
** Cruise: HUD2014017
** Chief_Scientist: Blair Greenan
** Organization: BIO
** Area_of_Operation: Sackville Spur
** Station: 037
** Sounding:  1815
** Event_Comments: SS_09, 403209
# nquan = 25
# nvalues = 1850                        
# units = specified
# name 0 = scan: Scan Count
# name 1 = timeS: Time, Elapsed [seconds]
# name 2 = prDM: Pressure, Digiquartz [db]
# name 3 = t068C: Temperature [ITS-68, deg C]
# name 4 = c0S/m: Conductivity [S/m]
# name 5 = t168C: Temperature, 2 [ITS-68, deg C]
# name 6 = c1S/m: Conductivity, 2 [S/m]
# name 7 = altM: Altimeter [m]
# name 8 = flC: Fluorescence, Chelsea Aqua 3 Chl Con [ug/l]
# name 9 = sbeox0V: Oxygen raw, SBE 43 [V]
# name 10 = sbeox1V: Oxygen raw, SBE 43, 2 [V]
# name 11 = upoly0: Upoly 0, Optode 4330F - O2 D-Phase
# name 12 = upoly1: Upoly 1, Optode 4330F - O2 Temp
# name 13 = latitude: Latitude [deg]
# name 14 = longitude: Longitude [deg]
# name 15 = sal00: Salinity, Practical [PSU]
# name 16 = sal11: Salinity, Practical, 2 [PSU]
# name 17 = potemp068C: Potential Temperature [ITS-68, deg C]
# name 18 = potemp168C: Potential Temperature, 2 [ITS-68, deg C]
# name 19 = sigma-é00: Density [sigma-theta, Kg/m^3]
# name 20 = sigma-é11: Density, 2 [sigma-theta, Kg/m^3]
# name 21 = sbeox0ML/L: Oxygen, SBE 43 [ml/l], WS = 2
# name 22 = sbeox1ML/L: Oxygen, SBE 43, 2 [ml/l], WS = 2
# name 23 = nbin: number of scans per bin
# name 24 = flag: flag
# span 0 =      59064,     118478       
# span 1 =   2460.964,   4936.542       
# span 2 =      1.000,   1850.000       
# span 3 =    -1.2252,     7.7736       
# span 4 =   2.676476,   3.395123       
# span 5 =    -1.2244,     7.7815       
# span 6 =   2.676923,   3.397531       
# span 7 =       2.68,     106.59       
# span 8 =     0.0071,     3.4554       
# span 9 =     2.3357,     3.7951       
# span 10 =     2.0651,     3.3424      
# span 11 =  30.121786,  35.165428      
# span 12 = -1.1931679,  7.7951326      
# span 13 =   48.39262,   48.39449      
# span 14 =  -46.62099,  -46.61319      
# span 15 =    32.7939,    34.9165      
# span 16 =    32.7990,    34.9162      
# span 17 =    -1.2259,     7.7735      
# span 18 =    -1.2251,     7.7814      
# span 19 =    25.5744,    27.8096      
# span 20 =    25.5773,    27.8096      
# span 21 =    6.27479,   10.17801      
# span 22 =    6.21564,   10.30054      
# span 23 =         11,         85      
# span 24 = 0.0000e+00, 0.0000e+00      
# interval = decibars: 1                
# start_time = Jul 09 2014 22:08:37 [NMEA time, header]
# bad_flag = -9.990e-29
*END*
[from data line 1102]
      87441   3643.316    748.000     3.6252   3.243083     3.6249   3.243025      72.65     0.0129     2.7595     2.4243  33.709064  3.6254420   48.39342  -46.61700    34.8514    34.8510     3.5717     3.5728    27.7118    27.7114    6.66670    6.62978         37 0.0000e+00
      87467   3644.413    747.000     3.6251   3.243022     3.6253   3.243006      98.97     0.0120     2.7594     2.4247  33.715046  3.6251490   48.39342  -46.61700    34.8513    34.8509     3.5718     3.5719    27.7116    27.7113    6.66429    6.62853         22 0.0000e+00
      87487   3645.256    746.000     3.6258   3.243031     3.6257   3.243012      56.70     0.0144     2.7596     2.4239  33.725536  3.6251526   48.39342  -46.61700    34.8512    34.8510     3.5725     3.5724    27.7115    27.7114    6.66300    6.61935         19 0.0000e+00
      87506   3646.040    745.000     3.6265   3.243056     3.6265   3.243032      83.74     0.0161     2.7596     2.4235  33.736240  3.6251526   48.39342  -46.61700    34.8513    34.8510     3.5733     3.5732    27.7115    27.7113    6.66060    6.61357         19 0.0000e+00
      87526   3646.866    744.000     3.6271   3.243068     3.6271   3.243038      98.12     0.0128     2.7597     2.4227  33.730476  3.6255813   48.39341  -46.61699    34.8513    34.8509     3.5740     3.5740    27.7114    27.7112    6.66212    6.61737         22 0.0000e+00
      87551   3647.936    743.000     3.6275   3.243052     3.6273   3.243006      76.05     0.0149     2.7599     2.4229  33.711903  3.6254916   48.39340  -46.61698    34.8512    34.8509     3.5744     3.5742    27.7113    27.7111    6.66142    6.62736         29 0.0000e+00
      87580   3649.137    742.000     3.6275   3.243000     3.6272   3.242951      82.80     0.0167     2.7603     2.4238  33.705666  3.6255295   48.39340  -46.61696    34.8511    34.8508     3.5746     3.5742    27.7112    27.7111    6.66528    6.63821         26 0.0000e+00
      87602   3650.055    741.000     3.6275   3.242956     3.6271   3.242891      98.86     0.0180     2.7604     2.4252  33.699936  3.6282756   48.39340  -46.61694    34.8511    34.8508     3.5746     3.5742    27.7113    27.7110    6.66453    6.64658         19 0.0000e+00
      87621   3650.829    740.000     3.6274   3.242882     3.6268   3.242827      49.22     0.0163     2.7611     2.4263  33.698792  3.6289666   48.39340  -46.61694    34.8509    34.8508     3.5745     3.5740    27.7111    27.7111    6.66392    6.64468         18 0.0000e+00
      87639   3651.587    739.000     3.6272   3.242841     3.6267   3.242778      44.93     0.0157     2.7609     2.4270  33.696926  3.6344335   48.39340  -46.61694    34.8511    34.8509     3.5744     3.5740    27.7112    27.7111    6.65564    6.64637         19 0.0000e+00
      87659   3652.406    738.000     3.6271   3.242795     3.6267   3.242735      97.98     0.0129     2.7609     2.4280  33.695808  3.6349144   48.39340  -46.61694    34.8512    34.8509     3.5744     3.5740    27.7113    27.7111    6.65778    6.64749         21 0.0000e+00
      87686   3653.552    737.000     3.6270   3.242745     3.6266   3.242681      88.08     0.0147     2.7608     2.4290  33.698097  3.6319447   48.39340  -46.61694    34.8512    34.8508     3.5744     3.5740    27.7113    27.7111    6.66042    6.64647         37 0.0000e+00
      87726   3655.208    736.000     3.6269   3.242686     3.6265   3.242622      76.71     0.0184     2.7616     2.4297  33.696136  3.6300511   48.39338  -46.61692    34.8511    34.8508     3.5744     3.5740    27.7113    27.7110    6.66390    6.64286         33 0.0000e+00
      87749   3656.183    735.000     3.6270   3.242634     3.6266   3.242573      99.36     0.0166     2.7621     2.4301  33.701431  3.6289086   48.39338  -46.61692    34.8509    34.8507     3.5746     3.5741    27.7111    27.7109    6.66595    6.64044         18 0.0000e+00
      87766   3656.869    734.000     3.6270   3.242596     3.6264   3.242520      93.70     0.0151     2.7624     2.4299  33.702404  3.6319277   48.39338  -46.61692    34.8510    34.8507     3.5746     3.5740    27.7112    27.7110    6.66573    6.63642         16 0.0000e+00
      87781   3657.497    733.000     3.6271   3.242565     3.6265   3.242491      31.04     0.0144     2.7629     2.4298  33.700134  3.6342568   48.39338  -46.61692    34.8510    34.8508     3.5749     3.5742    27.7111    27.7111    6.66469    6.63922         15 0.0000e+00
      87797   3658.168    732.000     3.6271   3.242524     3.6267   3.242469      63.62     0.0133     2.7628     2.4302  33.696484  3.6338477   48.39338  -46.61690    34.8511    34.8508     3.5749     3.5745    27.7112    27.7110    6.66491    6.64569         18 0.0000e+00
      87821   3659.152    731.000     3.6270   3.242480     3.6274   3.242478      65.76     0.0150     2.7638     2.4312  33.698544  3.6297534   48.39338  -46.61690    34.8512    34.8508     3.5749     3.5752    27.7113    27.7109    6.66687    6.65207         32 0.0000e+00
      87858   3660.700    730.000     3.6268   3.242414     3.6269   3.242388      62.85     0.0143     2.7640     2.4324  33.694172  3.6250484   48.39337  -46.61690    34.8511    34.8507     3.5748     3.5749    27.7112    27.7109    6.66467    6.64817         32 0.0000e+00
      87881   3661.682    729.000     3.6271   3.242380     3.6273   3.242362      84.92     0.0142     2.7648     2.4327  33.696014  3.6256471   48.39336  -46.61689    34.8510    34.8505     3.5751     3.5754    27.7111    27.7106    6.67294    6.64949         20 0.0000e+00
      87900   3662.466    728.000     3.6276   3.242352     3.6274   3.242299      98.83     0.0160     2.7657     2.4332  33.698502  3.6256669   48.39336  -46.61688    34.8506    34.8502     3.5757     3.5755    27.7107    27.7104    6.66636    6.65164         19 0.0000e+00
      87919   3663.271    727.000     3.6276   3.242284     3.6271   3.242181      53.03     0.0169     2.7653     2.4336  33.693039  3.6251526   48.39336  -46.61688    34.8503    34.8496     3.5758     3.5753    27.7105    27.7100    6.66368    6.64896         20 0.0000e+00
      87943   3664.232    726.000     3.6274   3.242184     3.6263   3.242001      89.19     0.0189     2.7658     2.4337  33.699245  3.6258626   48.39336  -46.61688    34.8499    34.8488     3.5756     3.5746    27.7102    27.7094    6.66724    6.64342         27 0.0000e+00
      87972   3665.455    725.000     3.6270   3.242075     3.6258   3.241887      98.76     0.0181     2.7662     2.4335  33.693192  3.6307595   48.39336  -46.61688    34.8495    34.8485     3.5753     3.5742    27.7099    27.7092    6.66624    6.64198         30 0.0000e+00
      87999   3666.595    724.000     3.6265   3.241962     3.6256   3.241820      48.85     0.0225     2.7662     2.4335  33.692280  3.6287618   48.39336  -46.61688    34.8492    34.8484     3.5749     3.5741    27.7097    27.7092    6.66453    6.64506         24 0.0000e+00
      88020   3667.476    723.000     3.6263   3.241868     3.6256   3.241770      99.58     0.0200     2.7671     2.4339  33.693092  3.6350408   48.39336  -46.61687    34.8489    34.8484     3.5747     3.5741    27.7094    27.7091    6.67031    6.64147         19 0.0000e+00
      88039   3668.270    722.000     3.6266   3.241847     3.6263   3.241792      98.63     0.0180     2.7671     2.4334  33.695232  3.6349206   48.39334  -46.61686    34.8487    34.8484     3.5752     3.5749    27.7093    27.7091    6.66450    6.63368         20 0.0000e+00
      88060   3669.105    721.000     3.6273   3.241871     3.6274   3.241850      65.15     0.0145     2.7672     2.4330  33.699188  3.6344664   48.39334  -46.61686    34.8488    34.8485     3.5760     3.5760    27.7093    27.7090    6.66680    6.63745         21 0.0000e+00
      88085   3670.149    720.000     3.6279   3.241862     3.6281   3.241854      82.65     0.0113     2.7676     2.4335  33.705338  3.6339195   48.39334  -46.61686    34.8487    34.8484     3.5766     3.5768    27.7091    27.7089    6.67021    6.64542         29 0.0000e+00
      88113   3671.334    719.000     3.6284   3.241853     3.6283   3.241826      98.93     0.0137     2.7691     2.4342  33.698948  3.6322601   48.39334  -46.61686    34.8486    34.8483     3.5771     3.5770    27.7090    27.7088    6.67901    6.64722         26 0.0000e+00
      88136   3672.312    718.000     3.6288   3.241843     3.6287   3.241815      49.47     0.0170     2.7696     2.4348  33.693588  3.6335509   48.39334  -46.61684    34.8485    34.8483     3.5776     3.5775    27.7089    27.7087    6.66418    6.64888         21 0.0000e+00
      88157   3673.169    717.000     3.6291   3.241847     3.6289   3.241799      90.38     0.0171     2.7693     2.4354  33.692303  3.6335251   48.39334  -46.61684    34.8487    34.8484     3.5781     3.5778    27.7090    27.7088    6.66638    6.65180         21 0.0000e+00
      88178   3674.038    716.000     3.6294   3.241825     3.6292   3.241782      98.60     0.0180     2.7697     2.4361  33.694389  3.6349149   48.39334  -46.61684    34.8487    34.8484     3.5784     3.5782    27.7090    27.7088    6.66403    6.64662         21 0.0000e+00
      88201   3674.984    715.000     3.6295   3.241791     3.6292   3.241746      73.87     0.0133     2.7693     2.4358  33.695366  3.6349206   48.39334  -46.61684    34.8488    34.8485     3.5785     3.5783    27.7090    27.7088    6.66597    6.64235         24 0.0000e+00
      88225   3675.985    714.000     3.6295   3.241750     3.6292   3.241709      73.30     0.0121     2.7699     2.4363  33.695358  3.6349206   48.39333  -46.61684    34.8488    34.8485     3.5786     3.5784    27.7090    27.7088    6.66657    6.64903         24 0.0000e+00
      88246   3676.889    713.000     3.6295   3.241717     3.6292   3.241650      52.40     0.0141     2.7698     2.4367  33.696693  3.6349206   48.39332  -46.61683    34.8489    34.8484     3.5788     3.5784    27.7090    27.7087    6.66420    6.64478         20 0.0000e+00
      88266   3677.696    712.000     3.6296   3.241667     3.6291   3.241597      60.09     0.0140     2.7703     2.4365  33.693134  3.6349206   48.39332  -46.61682    34.8487    34.8484     3.5789     3.5784    27.7089    27.7087    6.66853    6.63629         19 0.0000e+00
      88285   3678.493    711.000     3.6295   3.241618     3.6290   3.241552      34.97     0.0124     2.7704     2.4361  33.692314  3.6349206   48.39332  -46.61682    34.8488    34.8485     3.5789     3.5784    27.7089    27.7088    6.66961    6.63773         19 0.0000e+00
      88307   3679.410    710.000     3.6294   3.241567     3.6289   3.241495      96.85     0.0122     2.7714     2.4363  33.692852  3.6349206   48.39332  -46.61682    34.8488    34.8485     3.5788     3.5783    27.7090    27.7088    6.67314    6.64164         26 0.0000e+00
      88341   3680.833    709.000     3.6292   3.241513     3.6289   3.241447      65.71     0.0138     2.7719     2.4364  33.692657  3.6349206   48.39332  -46.61682    34.8488    34.8484     3.5788     3.5785    27.7090    27.7087    6.66858    6.64060         42 0.0000e+00
      88377   3682.342    708.000     3.6293   3.241454     3.6290   3.241400      93.02     0.0191     2.7723     2.4370  33.692284  3.6349206   48.39332  -46.61682    34.8486    34.8483     3.5789     3.5786    27.7088    27.7086    6.67199    6.64756         25 0.0000e+00
      88397   3683.161    707.000     3.6292   3.241397     3.6286   3.241311      98.76     0.0178     2.7727     2.4375  33.692307  3.6349206   48.39332  -46.61680    34.8485    34.8481     3.5789     3.5783    27.7088    27.7085    6.66854    6.64848         18 0.0000e+00
      88413   3683.832    706.000     3.6289   3.241316     3.6283   3.241248      97.03     0.0163     2.7730     2.4380  33.692307  3.6349206   48.39332  -46.61680    34.8484    34.8482     3.5787     3.5781    27.7087    27.7086    6.66902    6.64655         15 0.0000e+00
      88428   3684.466    705.000     3.6288   3.241276     3.6284   3.241214      26.69     0.0171     2.7729     2.4379  33.692307  3.6349206   48.39332  -46.61680    34.8485    34.8482     3.5787     3.5783    27.7088    27.7086    6.66956    6.64316         16 0.0000e+00
      88445   3685.161    704.000     3.6290   3.241243     3.6289   3.241206      93.78     0.0194     2.7736     2.4382  33.692307  3.6349206   48.39330  -46.61680    34.8485    34.8482     3.5789     3.5788    27.7087    27.7085    6.67321    6.64440         18 0.0000e+00
      88467   3686.092    703.000     3.6290   3.241210     3.6290   3.241179      98.51     0.0207     2.7738     2.4387  33.692307  3.6349206   48.39330  -46.61680    34.8486    34.8482     3.5790     3.5790    27.7088    27.7085    6.66958    6.64878         28 0.0000e+00
      88501   3687.498    702.000     3.6289   3.241143     3.6288   3.241108      46.70     0.0158     2.7745     2.4396  33.692738  3.6340580   48.39330  -46.61680    34.8484    34.8481     3.5790     3.5789    27.7087    27.7084    6.67183    6.65187         35 0.0000e+00
      88531   3688.741    701.000     3.6290   3.241106     3.6287   3.241050      84.53     0.0170     2.7747     2.4401  33.692898  3.6349428   48.39330  -46.61679    34.8484    34.8481     3.5792     3.5788    27.7086    27.7084    6.66901    6.64346         25 0.0000e+00
      88553   3689.655    700.000     3.6290   3.241064     3.6286   3.240999      98.78     0.0132     2.7750     2.4397  33.692299  3.6349206   48.39330  -46.61678    34.8484    34.8481     3.5793     3.5789    27.7086    27.7084    6.67032    6.64481         20 0.0000e+00
      88573   3690.497    699.000     3.6290   3.241024     3.6285   3.240944      98.63     0.0168     2.7753     2.4404  33.691612  3.6349206   48.39330  -46.61678    34.8485    34.8481     3.5793     3.5788    27.7087    27.7084    6.67062    6.65098         21 0.0000e+00
      88593   3691.348    698.000     3.6289   3.240972     3.6284   3.240901      98.63     0.0178     2.7758     2.4408  33.693027  3.6349206   48.39330  -46.61678    34.8485    34.8482     3.5793     3.5788    27.7087    27.7085    6.67180    6.64835         20 0.0000e+00
      88614   3692.212    697.000     3.6288   3.240916     3.6283   3.240853      54.29     0.0165     2.7759     2.4409  33.692303  3.6349206   48.39330  -46.61678    34.8485    34.8482     3.5792     3.5788    27.7087    27.7085    6.67184    6.64903         21 0.0000e+00
      88635   3693.088    696.000     3.6287   3.240862     3.6283   3.240801      82.48     0.0143     2.7763     2.4415  33.692307  3.6349206   48.39330  -46.61678    34.8485    34.8482     3.5792     3.5788    27.7087    27.7085    6.67153    6.65124         22 0.0000e+00
      88658   3694.052    695.000     3.6286   3.240822     3.6283   3.240765      54.73     0.0143     2.7764     2.4418  33.692307  3.6349206   48.39330  -46.61676    34.8486    34.8482     3.5793     3.5789    27.7088    27.7085    6.66349    6.64867         25 0.0000e+00
      88686   3695.197    694.000     3.6288   3.240787     3.6286   3.240746      54.02     0.0196     2.7765     2.4417  33.684303  3.6349206   48.39330  -46.61678    34.8485    34.8482     3.5795     3.5793    27.7087    27.7085    6.67333    6.64250         29 0.0000e+00
      88714   3696.368    693.000     3.6290   3.240761     3.6287   3.240710      83.18     0.0191     2.7767     2.4419  33.678143  3.6349206   48.39328  -46.61676    34.8485    34.8482     3.5798     3.5795    27.7087    27.7085    6.66480    6.65185         26 0.0000e+00
      88736   3697.311    692.000     3.6294   3.240743     3.6289   3.240695      43.97     0.0151     2.7774     2.4428  33.684971  3.6349206   48.39328  -46.61676    34.8485    34.8483     3.5802     3.5798    27.7086    27.7085    6.67431    6.65833         20 0.0000e+00
