data/CTD/2014/CNV/u017a033.cnv
* Sea-Bird SBE 9 Data File:
* FileName = C:\CTD_ACQUISITION\2014017HUD\ctddata\017A033.hdr
* Software Version Seasave V 7.22.2
* Temperature SN = 5081
* Conductivity SN = 3561
* Number of Bytes Per Scan = 37
* Number of Voltage Words = 4
* Number of Scans Averaged by the Deck Unit = 1
* NMEA Latitude = 48 32.64 N
* NMEA Longitude = 046 46.27 W
* NMEA UTC (Time) = Jul 09 2014 10:04:54
* NMEA baud rate = 9600
** Ship: Hudson
** Cruise: HUD2014017
** Chief_Scientist: Blair Greenan
** Organization: BIO
** Area_of_Operation: Sackville Spur
** Station: 033
** Sounding:  2397
** Event_Comments: SS-06 403185
# nquan = 25
# nvalues = 2469                        
# units = specified
# name 0 = scan: Scan Count
# name 1 = timeS: Time, Elapsed [seconds]
# name 2 = prDM: Pressure, Digiquartz [db]
# name 3 = t068C: Temperature [ITS-68, deg C]
# name 4 = c0S/m: Conductivity [S/m]
# name 5 = t168C: Temperature, 2 [ITS-68, deg C]
# name 6 = c1S/m: Conductivity, 2 [S/m]
# name 7 = altM: Altimeter [m]
# name 8 = flC: Fluorescence, Chelsea Aqua 3 Chl Con [ug/l]
# name 9 = sbeox0V: Oxygen raw, SBE 43 [V]
# name 10 = sbeox1V: Oxygen raw, SBE 43, 2 [V]
# name 11 = upoly0: Upoly 0, Optode 4330F - O2 D-Phase
# name 12 = upoly1: Upoly 1, Optode 4330F - O2 Temp
# name 13 = latitude: Latitude [deg]
# name 14 = longitude: Longitude [deg]
# name 15 = sal00: Salinity, Practical [PSU]
# name 16 = sal11: Salinity, Practical, 2 [PSU]
# name 17 = potemp068C: Potential Temperature [ITS-68, deg C]
# name 18 = potemp168C: Potential Temperature, 2 [ITS-68, deg C]
# name 19 = sigma-é00: Density [sigma-theta, Kg/m^3]
# name 20 = sigma-é11: Density, 2 [sigma-theta, Kg/m^3]
# name 21 = sbeox0ML/L: Oxygen, SBE 43 [ml/l], WS = 2
# name 22 = sbeox1ML/L: Oxygen, SBE 43, 2 [ml/l], WS = 2
# name 23 = nbin: number of scans per bin
# name 24 = flag: flag
# span 0 =      71662,     147754       
# span 1 =   2985.877,   6156.356       
# span 2 =      1.000,   2469.000       
# span 3 =     2.3769,     9.0358       
# span 4 =   3.144827,   3.606483       
# span 5 =     2.3763,     9.0357       
# span 6 =   3.144822,   3.606462       
# span 7 =      -3.54,     102.98       
# span 8 =     0.0056,     0.3785       
# span 9 =     2.2040,     3.5423       
# span 10 =     1.9502,     3.1332      
# span 11 =  29.948317,  35.568130      
# span 12 =  2.3752520,  9.0752583      
# span 13 =   48.54084,   48.54418      
# span 14 =  -46.75872,  -46.74688      
# span 15 =    33.8327,    34.9162      
# span 16 =    33.8325,    34.9164      
# span 17 =     2.1918,     9.0357      
# span 18 =     2.1913,     9.0356      
# span 19 =    26.1988,    27.8783      
# span 20 =    26.1986,    27.8787      
# span 21 =    6.30108,    7.78427      
# span 22 =    6.23673,    7.82227      
# span 23 =          9,         91      
# span 24 = 0.0000e+00, 0.0000e+00      
# interval = decibars: 1                
# start_time = Jul 09 2014 10:04:54 [NMEA time, header]
# bad_flag = -9.990e-29
*END*
[from data line 2377]
     136526   5688.539     92.000     3.2304   3.155665     3.2402   3.156657      98.63     0.0259     3.0886     2.7200  32.937641  3.1577063   48.54158  -46.74884    34.5738    34.5754     3.2246     3.2344    27.5241    27.5244    7.11359    7.13480         20 0.0000e+00
     136550   5689.536     91.000     3.2538   3.157636     3.2683   3.158627      98.63     0.0262     3.0899     2.7210  32.933617  3.1598754   48.54158  -46.74884    34.5732    34.5698     3.2481     3.2626    27.5214    27.5173    7.10120    7.13438         31 0.0000e+00
     136590   5691.211     90.000     3.2391   3.156236     3.2742   3.158798      76.82     0.0272     3.0907     2.7232  32.925552  3.1762626   48.54158  -46.74883    34.5726    34.5660     3.2334     3.2686    27.5222    27.5137    7.10638    7.13992         42 0.0000e+00
     136625   5692.656     89.000     3.2295   3.155308     3.2562   3.157570      99.38     0.0241     3.0915     2.7237  32.915390  3.2061841   48.54158  -46.74882    34.5727    34.5709     3.2233     3.2507    27.5233    27.5193    7.10462    7.13383         28 0.0000e+00
     136648   5693.630     88.000     3.2912   3.159659     3.3008   3.160637      98.63     0.0232     3.0915     2.7240  32.926270  3.2051282   48.54158  -46.74882    34.5595    34.5610     3.2857     3.2953    27.5068    27.5072    7.09221    7.12788         21 0.0000e+00
     136667   5694.434     87.000     3.3163   3.161603     3.3185   3.161923      98.63     0.0243     3.0914     2.7245  32.930389  3.2035067   48.54158  -46.74882    34.5568    34.5584     3.3108     3.3130    27.5023    27.5033    7.08929    7.12783         18 0.0000e+00
     136686   5695.216     86.000     3.3260   3.162340     3.3311   3.162815      98.63     0.0245     3.0921     2.7257  32.923199  3.2065425   48.54158  -46.74882    34.5559    34.5563     3.3206     3.3256    27.5007    27.5005    7.08942    7.13443         20 0.0000e+00
     136708   5696.115     85.000     3.3328   3.162849     3.3415   3.163605      98.63     0.0275     3.0922     2.7270  32.894772  3.2146139   48.54158  -46.74882    34.5553    34.5553     3.3275     3.3361    27.4996    27.4987    7.08219    7.12741         24 0.0000e+00
     136738   5697.356     84.000     3.3404   3.163458     3.3474   3.164033      98.63     0.0263     3.0925     2.7269  32.884499  3.2355084   48.54158  -46.74882    34.5552    34.5546     3.3351     3.3421    27.4987    27.4976    7.08732    7.11639         35 0.0000e+00
     136778   5699.025     83.000     3.3432   3.163608     3.3496   3.164148      56.58     0.0275     3.0933     2.7259  32.871094  3.2689083   48.54157  -46.74880    34.5546    34.5543     3.3379     3.3443    27.4980    27.4971    7.08277    7.10442         40 0.0000e+00
     136811   5700.408     82.000     3.3300   3.162561     3.3535   3.164381      98.96     0.0286     3.0927     2.7256  32.871796  3.2834039   48.54156  -46.74880    34.5565    34.5535     3.3248     3.3483    27.5007    27.4961    7.07520    7.12550         30 0.0000e+00
     136843   5701.729     81.000     3.3456   3.163611     3.3617   3.164836      91.93     0.0338     3.0928     2.7278  32.871796  3.2895787   48.54156  -46.74880    34.5532    34.5508     3.3404     3.3566    27.4966    27.4932    7.08317    7.13059         37 0.0000e+00
     137172   5715.468     80.000     3.3583   3.164087     3.3617   3.164366      96.02     0.0348     3.0963     2.7305  32.842525  3.3334897   48.54154  -46.74875    34.5460    34.5456     3.3532     3.3566    27.4896    27.4890    7.08567    7.12596         91 0.0000e+00
     137989   5749.515     79.000     3.3808   3.165101     3.3809   3.165156      98.62     0.0327     3.1016     2.7337  32.804672  3.3714840   48.54146  -46.74856    34.5348    34.5353     3.3757     3.3759    27.4786    27.4790    7.10838    7.13181         22 0.0000e+00
     138016   5750.624     78.000     3.3829   3.165112     3.3837   3.165173      98.63     0.0382     3.1032     2.7341  32.806065  3.3718960   48.54146  -46.74856    34.5332    34.5331     3.3779     3.3788    27.4771    27.4769    7.11460    7.14074         27 0.0000e+00
     138074   5753.058     77.000     3.3848   3.165123     3.3840   3.165107      86.96     0.0387     3.1079     2.7402  32.799213  3.3793826   48.54145  -46.74855    34.5319    34.5326     3.3799     3.3791    27.4758    27.4765    7.13196    7.17568         88 0.0000e+00
     138136   5755.616     76.000     3.3898   3.165251     3.3872   3.165178      99.08     0.0389     3.1146     2.7474  32.798508  3.3810124   48.54144  -46.74852    34.5286    34.5305     3.3850     3.3825    27.4727    27.4745    7.15576    7.19475         30 0.0000e+00
     138162   5756.693     75.000     3.4036   3.165689     3.4068   3.165851      98.63     0.0385     3.1175     2.7504  32.798534  3.3809524   48.54144  -46.74852    34.5198    34.5184     3.3988     3.4020    27.4644    27.4629    7.15993    7.20323         26 0.0000e+00
     138190   5757.871     74.000     3.4136   3.165882     3.4146   3.165931      98.63     0.0423     3.1211     2.7530  32.798534  3.3809524   48.54144  -46.74851    34.5120    34.5116     3.4089     3.4099    27.4572    27.4567    7.16949    7.19825         34 0.0000e+00
     138249   5760.318     73.000     3.4206   3.166247     3.4351   3.167061      85.34     0.0510     3.1286     2.7577  32.781456  3.3898885   48.54143  -46.74849    34.5096    34.5043     3.4159     3.4304    27.4546    27.4490    7.18456    7.21550         80 0.0000e+00
     138307   5762.758     72.000     3.4497   3.167932     3.4540   3.168346      99.15     0.0522     3.1344     2.7628  32.768753  3.4009006   48.54142  -46.74847    34.4995    34.4999     3.4451     3.4494    27.4437    27.4436    7.18375    7.22250         33 0.0000e+00
     138335   5763.905     71.000     3.4769   3.169730     3.4763   3.169767      98.63     0.0570     3.1360     2.7653  32.756325  3.4004884   48.54142  -46.74846    34.4928    34.4939     3.4723     3.4717    27.4358    27.4367    7.18217    7.22804         27 0.0000e+00
     138364   5765.114     70.000     3.4852   3.170287     3.4845   3.170283      69.18     0.0558     3.1388     2.7680  32.752388  3.4028680   48.54142  -46.74846    34.4913    34.4919     3.4807     3.4800    27.4337    27.4343    7.19804    7.23981         32 0.0000e+00
     138416   5767.310     69.000     3.4902   3.170548     3.4964   3.171018      95.88     0.0568     3.1444     2.7731  32.733074  3.4224820   48.54141  -46.74843    34.4897    34.4888     3.4858     3.4919    27.4319    27.4306    7.20822    7.24411         77 0.0000e+00
     138475   5769.758     68.000     3.5047   3.171458     3.5105   3.171889      98.72     0.0576     3.1504     2.7763  32.704510  3.4487438   48.54140  -46.74842    34.4858    34.4848     3.5003     3.5061    27.4274    27.4261    7.22447    7.24160         29 0.0000e+00
     138498   5770.689     67.000     3.5238   3.172680     3.5260   3.172928      98.63     0.0651     3.1532     2.7774  32.695751  3.4569769   48.54140  -46.74842    34.4808    34.4814     3.5194     3.5217    27.4216    27.4218    7.23363    7.25749         21 0.0000e+00
     138519   5771.582     66.000     3.5397   3.173706     3.5428   3.173965      55.13     0.0664     3.1564     2.7808  32.684052  3.4634125   48.54140  -46.74841    34.4768    34.4766     3.5354     3.5385    27.4169    27.4164    7.24195    7.28340         24 0.0000e+00
     138569   5773.667     65.000     3.5472   3.174126     3.5505   3.174349      95.06     0.0713     3.1650     2.7913  32.656696  3.4744313   48.54139  -46.74839    34.4744    34.4736     3.5430     3.5464    27.4142    27.4132    7.26849    7.31803         63 0.0000e+00
     138638   5776.559     64.000     3.5723   3.175630     3.5466   3.174047      98.63     0.0698     3.1776     2.8042  32.603989  3.4996250   48.54138  -46.74836    34.4665    34.4747     3.5681     3.5424    27.4054    27.4145    7.29430    7.33789         28 0.0000e+00
     138660   5777.461     63.000     3.5837   3.176189     3.5781   3.175952      74.77     0.0697     3.1806     2.8064  32.595921  3.5071135   48.54138  -46.74836    34.4617    34.4647     3.5796     3.5741    27.4005    27.4034    7.29442    7.33334         23 0.0000e+00
     138683   5778.437     62.000     3.6096   3.177534     3.6131   3.177770      77.20     0.0722     3.1840     2.8086  32.587570  3.5169048   48.54138  -46.74836    34.4509    34.4501     3.6055     3.6090    27.3894    27.3883    7.29993    7.33835         26 0.0000e+00
     138755   5781.404     61.000     3.6298   3.178601     3.6384   3.179096      96.15     0.0649     3.1919     2.8147  32.539577  3.5374064   48.54138  -46.74834    34.4429    34.4397     3.6258     3.6345    27.3809    27.3775    7.30286    7.34431         88 0.0000e+00
     139172   5798.805     60.000     3.6525   3.179408     3.6519   3.179435      72.36     0.0599     3.2012     2.8242  32.363075  3.6150148   48.54134  -46.74821    34.4291    34.4301     3.6486     3.6479    27.3677    27.3686    7.31450    7.36522         77 0.0000e+00
     139880   5828.302     59.000     3.6677   3.180103     3.6668   3.180134      95.97     0.0640     3.2144     2.8393  32.201084  3.6628635   48.54128  -46.74804    34.4219    34.4233     3.6639     3.6629    27.3605    27.3616    7.37533    7.42964         41 0.0000e+00
     139932   5830.471     58.000     3.6759   3.180671     3.6862   3.181553      94.58     0.0582     3.2228     2.8480  32.212715  3.6642385   48.54128  -46.74802    34.4207    34.4203     3.6720     3.6824    27.3587    27.3574    7.40786    7.48110         42 0.0000e+00
     139971   5832.098     57.000     3.6984   3.182423     3.7458   3.186682      97.91     0.0717     3.2345     2.8600  32.197090  3.6703701   48.54128  -46.74802    34.4184    34.4193     3.6946     3.7420    27.3546    27.3506    7.46246    7.54184         38 0.0000e+00
     140018   5834.052     56.000     3.7691   3.188219     3.8257   3.193114      97.78     0.0846     3.2492     2.8765  32.183239  3.6807513   48.54128  -46.74802    34.4137    34.4125     3.7654     3.8219    27.3438    27.3371    7.46916    7.55768         61 0.0000e+00
     140076   5836.472     55.000     3.8449   3.194395     3.8342   3.194077      96.34     0.0898     3.2626     2.8865  32.167706  3.7242789   48.54128  -46.74800    34.4081    34.4156     3.8412     3.8305    27.3317    27.3387    7.47390    7.51390         41 0.0000e+00
     140104   5837.627     54.000     3.9161   3.200315     3.9381   3.202747      95.30     0.0942     3.2665     2.8847  32.158932  3.7351673   48.54128  -46.74800    34.4043    34.4102     3.9124     3.9344    27.3214    27.3238    7.44498    7.47810         23 0.0000e+00
     140127   5838.578     53.000     4.0464   3.210782     4.0794   3.214358      68.62     0.1034     3.2686     2.8850  32.153984  3.7417767   48.54128  -46.74800    34.3924    34.4002     4.0428     4.0758    27.2985    27.3013    7.43398    7.47373         24 0.0000e+00
     140165   5840.167     52.000     4.1261   3.217678     4.2092   3.224532      93.26     0.1229     3.2762     2.8917  32.072628  3.8004875   48.54128  -46.74799    34.3911    34.3853     4.1225     4.2055    27.2892    27.2758    7.45950    7.51862         57 0.0000e+00
     140259   5844.070     51.000     4.1103   3.216318     4.0320   3.209872      98.26     0.1246     3.3007     2.9170  31.960793  3.9796467   48.54126  -46.74797    34.3922    34.3978     4.1067     4.0285    27.2917    27.3043    7.54471    7.61648         62 0.0000e+00
     140539   5855.769     50.000     4.4023   3.239472     4.3893   3.238655      90.15     0.1281     3.3383     2.9481  31.729605  4.2515397   48.54126  -46.74795    34.3602    34.3647     4.3992     4.3857    27.2349    27.2399    7.56734    7.62437         89 0.0000e+00
     141444   5893.463     49.000     4.7488   3.267326     4.7427   3.266870      91.16     0.1358     3.3775     2.9797  31.275402  4.6743383   48.54126  -46.74792    34.3275    34.3284     4.7452     4.7391    27.1711    27.1726    7.60163    7.64760         38 0.0000e+00
     141500   5895.785     48.000     4.7743   3.269381     4.7932   3.270891      78.45     0.1450     3.3855     2.9876  31.258179  4.6740575   48.54126  -46.74792    34.3256    34.3236     4.7707     4.7896    27.1667    27.1630    7.60301    7.65691         87 0.0000e+00
     141577   5899.012     47.000     4.8107   3.272122     4.8433   3.274811      89.90     0.1480     3.3927     2.9927  31.227615  4.7028885   48.54124  -46.74792    34.3203    34.3178     4.8072     4.8398    27.1584    27.1528    7.61263    7.66471         36 0.0000e+00
     141598   5899.871     46.000     4.8891   3.278305     4.8925   3.278908      98.60     0.1450     3.3957     2.9951  31.220345  4.7306771   48.54124  -46.74792    34.3117    34.3151     4.8856     4.8891    27.1427    27.1451    7.61999    7.66700         21 0.0000e+00
     141618   5900.727     45.000     4.9549   3.283718     4.9552   3.283952      98.63     0.1493     3.4003     2.9995  31.219625  4.7326088   48.54125  -46.74793    34.3071    34.3095     4.9515     4.9518    27.1316    27.1335    7.63130    7.69178         21 0.0000e+00
     141665   5902.650     44.000     4.9708   3.285290     4.9685   3.284907      68.09     0.1656     3.4148     3.0130  31.176668  4.7752194   48.54126  -46.74794    34.3090    34.3074     4.9679     4.9652    27.1312    27.1303    7.68940    7.73624         51 0.0000e+00
     141733   5905.508     43.000     4.9778   3.285675     4.9442   3.282877      90.96     0.1680     3.4409     3.0338  31.135086  4.8611493   48.54126  -46.74794    34.3072    34.3095     4.9746     4.9409    27.1290    27.1347    7.76794    7.81037         29 0.0000e+00
     141760   5906.638     42.000     5.0521   3.291242     5.0099   3.288222      98.31     0.1808     3.4527     3.0435  31.114443  4.8842020   48.54126  -46.74794    34.2956    34.3042     5.0489     5.0067    27.1113    27.1229    7.78427    7.82227         30 0.0000e+00
     141802   5908.359     41.000     5.1938   3.302077     5.2103   3.304106      92.11     0.2137     3.4667     3.0549  31.112700  4.9028707   48.54126  -46.74794    34.2755    34.2820     5.1906     5.2071    27.0789    27.0821    7.76678    7.80090         51 0.0000e+00
     142073   5919.652     40.000     5.4554   3.322447     5.4380   3.321347      88.50     0.2526     3.4854     3.0714  30.800165  5.2349014   48.54128  -46.74794    34.2452    34.2477     5.4522     5.4349    27.0237    27.0281    7.73285    7.77821         54 0.0000e+00
     142951   5956.239     39.000     5.9572   3.362061     5.9073   3.358950      62.27     0.2896     3.5103     3.0994  30.321831  6.0083504   48.54132  -46.74796    34.1830    34.1983     5.9540     5.9041    26.9130    26.9313    7.68799    7.77046         16 0.0000e+00
     142974   5957.211     38.000     6.1300   3.375556     6.1635   3.379098      98.76     0.3098     3.5131     3.1039  30.314619  6.0193634   48.54132  -46.74796    34.1612    34.1672     6.1267     6.1602    26.8739    26.8744    7.71859    7.78346         19 0.0000e+00
     142996   5958.144     37.000     6.2871   3.387430     6.4961   3.403955      98.63     0.3442     3.5242     3.1134  30.294430  6.0366607   48.54132  -46.74796    34.1368    34.1119     6.2840     6.4929    26.8345    26.7875    7.72971    7.79692         29 0.0000e+00
     143058   5960.721     36.000     6.3587   3.392710     6.2738   3.386331      88.94     0.3785     3.5339     3.1332  30.243193  6.1482162   48.54132  -46.74795    34.1246    34.1385     6.3556     6.2707    26.8155    26.8375    7.68363    7.77537         80 0.0000e+00
