data/CTD/2014/CNV/u017a018.cnv
* Sea-Bird SBE 9 Data File:
* FileName = C:\CTD_ACQUISITION\2014017HUD\ctddata\017A018.hdr
* Software Version Seasave V 7.22.2
* Temperature SN = 5081
* Conductivity SN = 3561
* Number of Bytes Per Scan = 37
* Number of Voltage Words = 4
* Number of Scans Averaged by the Deck Unit = 1
* NMEA Latitude = 52 56.12 N
* NMEA Longitude = 051 12.28 W
* NMEA UTC (Time) = Jul 04 2014 19:19:31
* NMEA baud rate = 9600
** Ship: Hudson
** Cruise: HUD2014017
** Chief_Scientist: Blair Greenan
** Organization: BIO
** Area_of_Operation: Sackville Spur
** Station: 018
** Sounding:  2361
** Event_Comments: K8 403079
# nquan = 25
# nvalues = 251                         
# units = specified
# name 0 = scan: Scan Count
# name 1 = timeS: Time, Elapsed [seconds]
# name 2 = prDM: Pressure, Digiquartz [db]
# name 3 = t068C: Temperature [ITS-68, deg C]
# name 4 = c0S/m: Conductivity [S/m]
# name 5 = t168C: Temperature, 2 [ITS-68, deg C]
# name 6 = c1S/m: Conductivity, 2 [S/m]
# name 7 = altM: Altimeter [m]
# name 8 = flC: Fluorescence, Chelsea Aqua 3 Chl Con [ug/l]
# name 9 = sbeox0V: Oxygen raw, SBE 43 [V]
# name 10 = sbeox1V: Oxygen raw, SBE 43, 2 [V]
# name 11 = upoly0: Upoly 0, Optode 4330F - O2 D-Phase
# name 12 = upoly1: Upoly 1, Optode 4330F - O2 Temp
# name 13 = latitude: Latitude [deg]
# name 14 = longitude: Longitude [deg]
# name 15 = sal00: Salinity, Practical [PSU]
# name 16 = sal11: Salinity, Practical, 2 [PSU]
# name 17 = potemp068C: Potential Temperature [ITS-68, deg C]
# name 18 = potemp168C: Potential Temperature, 2 [ITS-68, deg C]
# name 19 = sigma-é00: Density [sigma-theta, Kg/m^3]
# name 20 = sigma-é11: Density, 2 [sigma-theta, Kg/m^3]
# name 21 = sbeox0ML/L: Oxygen, SBE 43 [ml/l], WS = 2
# name 22 = sbeox1ML/L: Oxygen, SBE 43, 2 [ml/l], WS = 2
# name 23 = nbin: number of scans per bin
# name 24 = flag: flag
# span 0 =      16195,      35865       
# span 1 =    674.740,   1494.336       
# span 2 =      1.000,    251.000       
# span 3 =     3.4569,     8.0575       
# span 4 =   3.194827,   3.549389       
# span 5 =     3.4563,     8.0539       
# span 6 =   3.194511,   3.549071       
# span 7 =       8.65,     102.76       
# span 8 =     0.0084,     0.2812       
# span 9 =     2.9636,     3.4771       
# span 10 =     2.6143,     3.0567      
# span 11 =  30.013721,  33.188545      
# span 12 =  3.4687755,  8.0772762      
# span 13 =   52.93539,   52.93582      
# span 14 =  -51.20290,  -51.20220      
# span 15 =    34.1743,    34.8332      
# span 16 =    34.1744,    34.8334      
# span 17 =     3.4454,     8.0574      
# span 18 =     3.4451,     8.0538      
# span 19 =    26.6171,    27.7055      
# span 20 =    26.6177,    27.7057      
# span 21 =    6.62042,    7.59438      
# span 22 =    6.55090,    7.67772      
# span 23 =         14,        129      
# span 24 = 0.0000e+00, 0.0000e+00      
# interval = decibars: 1                
# start_time = Jul 04 2014 19:19:31 [NMEA time, header]
# bad_flag = -9.990e-29
*END*
[from data line 58]
      18707    779.408    193.000     3.4737   3.201167     3.4725   3.201010      83.73     0.0084     2.9983     2.6435  33.104004  3.4831307   52.93554  -51.20266    34.8081    34.8075     3.4610     3.4598    27.6882    27.6878    6.89462    6.91062         26 0.0000e+00
      18732    780.452    192.000     3.4733   3.201061     3.4720   3.200894      99.16     0.0097     2.9997     2.6439  33.106304  3.4797959   52.93554  -51.20266    34.8078    34.8072     3.4607     3.4594    27.6880    27.6876    6.89339    6.91812         23 0.0000e+00
      18752    781.311    191.000     3.4730   3.200963     3.4716   3.200780      80.22     0.0110     2.9995     2.6450  33.104763  3.4810729   52.93554  -51.20266    34.8075    34.8069     3.4604     3.4590    27.6878    27.6874    6.89080    6.92651         20 0.0000e+00
      18772    782.109    190.000     3.4723   3.200827     3.4708   3.200610      68.89     0.0147     3.0001     2.6457  33.105442  3.4837210   52.93554  -51.20266    34.8072    34.8062     3.4598     3.4583    27.6876    27.6869    6.89703    6.92353         19 0.0000e+00
      18793    783.004    189.000     3.4711   3.200613     3.4696   3.200388      97.41     0.0173     3.0014     2.6467  33.101700  3.4848382   52.93554  -51.20266    34.8064    34.8053     3.4587     3.4572    27.6870    27.6863    6.90679    6.93220         25 0.0000e+00
      18828    784.451    188.000     3.4705   3.200481     3.4687   3.200213      63.51     0.0149     3.0035     2.6486  33.090023  3.4874432   52.93554  -51.20266    34.8060    34.8048     3.4581     3.4563    27.6868    27.6860    6.90655    6.93143         45 0.0000e+00
      18870    786.188    187.000     3.4701   3.200348     3.4694   3.200274     101.05     0.0145     3.0049     2.6500  33.091705  3.4780416   52.93554  -51.20266    34.8055    34.8053     3.4578     3.4571    27.6864    27.6863    6.90630    6.93592         31 0.0000e+00
      18893    787.163    186.000     3.4688   3.200108     3.4666   3.199769      94.33     0.0170     3.0059     2.6507  33.087578  3.4796984   52.93554  -51.20266    34.8044    34.8027     3.4566     3.4544    27.6857    27.6845    6.90483    6.92838         19 0.0000e+00
      18910    787.869    185.000     3.4656   3.199558     3.4639   3.199299      42.16     0.0189     3.0054     2.6502  33.082314  3.4786122   52.93554  -51.20266    34.8018    34.8005     3.4535     3.4517    27.6838    27.6831    6.89974    6.92795         16 0.0000e+00
      18925    788.508    184.000     3.4634   3.199140     3.4626   3.199035      99.50     0.0200     3.0056     2.6508  33.082790  3.4786325   52.93554  -51.20266    34.7997    34.7993     3.4513     3.4505    27.6824    27.6821    6.90322    6.93254         15 0.0000e+00
      18941    789.187    183.000     3.4627   3.198986     3.4622   3.198891      98.64     0.0167     3.0063     2.6509  33.084248  3.4786325   52.93556  -51.20266    34.7991    34.7985     3.4507     3.4502    27.6820    27.6816    6.90666    6.93138         18 0.0000e+00
      18963    790.085    182.000     3.4624   3.198868     3.4614   3.198723      87.16     0.0169     3.0070     2.6513  33.091267  3.4786325   52.93556  -51.20266    34.7986    34.7978     3.4504     3.4495    27.6816    27.6811    6.91195    6.93500         27 0.0000e+00
      18995    791.429    181.000     3.4622   3.198793     3.4606   3.198579      79.93     0.0183     3.0080     2.6528  33.081009  3.4729977   52.93556  -51.20266    34.7984    34.7975     3.4503     3.4487    27.6815    27.6810    6.91535    6.94176         35 0.0000e+00
      19027    792.736    180.000     3.4617   3.198666     3.4607   3.198543      99.04     0.0212     3.0103     2.6535  33.074062  3.4687755   52.93556  -51.20266    34.7980    34.7976     3.4498     3.4489    27.6812    27.6810    6.92399    6.93728         27 0.0000e+00
      19050    793.703    179.000     3.4605   3.198480     3.4594   3.198328      52.22     0.0204     3.0114     2.6537  33.062336  3.4785786   52.93556  -51.20266    34.7976    34.7969     3.4487     3.4477    27.6810    27.6806    6.91924    6.93116         21 0.0000e+00
      19071    794.569    178.000     3.4583   3.198150     3.4573   3.198023      98.59     0.0171     3.0114     2.6533  33.062271  3.4786325   52.93556  -51.20266    34.7964    34.7960     3.4467     3.4456    27.6803    27.6800    6.91674    6.92450         20 0.0000e+00
      19091    795.430    177.000     3.4575   3.197984     3.4568   3.197904      57.73     0.0189     3.0123     2.6525  33.062271  3.4781599   52.93556  -51.20266    34.7959    34.7957     3.4459     3.4452    27.6800    27.6798    6.92128    6.91925         21 0.0000e+00
      19112    796.282    176.000     3.4569   3.197858     3.4566   3.197842      78.15     0.0189     3.0132     2.6521  33.062271  3.4786386   52.93556  -51.20266    34.7955    34.7957     3.4454     3.4451    27.6797    27.6798    6.91991    6.93160         20 0.0000e+00
      19131    797.095    175.000     3.4569   3.197804     3.4569   3.197827      98.94     0.0181     3.0130     2.6530  33.062271  3.4765470   52.93556  -51.20266    34.7955    34.7957     3.4454     3.4455    27.6796    27.6798    6.91531    6.93970         19 0.0000e+00
      19151    797.901    174.000     3.4571   3.197767     3.4572   3.197798      98.64     0.0167     3.0136     2.6538  33.062271  3.4688144   52.93557  -51.20266    34.7954    34.7956     3.4457     3.4458    27.6796    27.6797    6.91871    6.94101         20 0.0000e+00
      19171    798.757    173.000     3.4572   3.197733     3.4569   3.197668      53.40     0.0167     3.0138     2.6551  33.062271  3.4688644   52.93558  -51.20266    34.7954    34.7949     3.4458     3.4465    27.6796    27.6792    6.91929    6.94762         22 0.0000e+00
      19197    799.822    172.000     3.4570   3.197667     3.4563   3.197544      96.47     0.0181     3.0149     2.6561  33.049225  3.4688644   52.93558  -51.20266    34.7953    34.7946     3.4458     3.4451    27.6795    27.6790    6.92587    6.94795         31 0.0000e+00
      19237    801.511    171.000     3.4569   3.197585     3.4566   3.197515      75.97     0.0172     3.0166     2.6583  33.047600  3.4688644   52.93558  -51.20265    34.7950    34.7945     3.4457     3.4454    27.6792    27.6788    6.92986    6.95615         46 0.0000e+00
      19273    803.017    170.000     3.4571   3.197546     3.4567   3.197486      99.52     0.0160     3.0183     2.6612  33.047009  3.4688644   52.93558  -51.20264    34.7949    34.7946     3.4460     3.4456    27.6791    27.6789    6.93844    6.97143         25 0.0000e+00
      19294    803.870    169.000     3.4575   3.197423     3.4565   3.197319      98.64     0.0192     3.0198     2.6622  33.042660  3.4688644   52.93558  -51.20264    34.7935    34.7934     3.4465     3.4454    27.6780    27.6780    6.93592    6.96577         18 0.0000e+00
      19311    804.572    168.000     3.4608   3.197522     3.4600   3.197493      56.98     0.0179     3.0201     2.6634  33.045826  3.4688644   52.93558  -51.20264    34.7917    34.7922     3.4498     3.4490    27.6762    27.6767    6.94068    6.96775         16 0.0000e+00
      19326    805.228    167.000     3.4637   3.197670     3.4646   3.197760      75.01     0.0185     3.0215     2.6640  33.042133  3.4688644   52.93558  -51.20264    34.7910    34.7911     3.4527     3.4537    27.6754    27.6753    6.94419    6.96699         16 0.0000e+00
      19343    805.913    166.000     3.4661   3.197789     3.4678   3.197920      98.51     0.0175     3.0223     2.6648  33.034729  3.4688644   52.93558  -51.20264    34.7904    34.7901     3.4552     3.4569    27.6746    27.6742    6.93997    6.97064         17 0.0000e+00
      19363    806.733    165.000     3.4676   3.197839     3.4697   3.197965      98.64     0.0170     3.0232     2.6661  33.033627  3.4688644   52.93558  -51.20264    34.7899    34.7892     3.4568     3.4589    27.6741    27.6733    6.94626    6.98111         23 0.0000e+00
      19392    807.964    164.000     3.4686   3.197844     3.4709   3.197938      61.82     0.0167     3.0252     2.6684  33.019314  3.4688644   52.93558  -51.20264    34.7895    34.7881     3.4578     3.4602    27.6737    27.6723    6.95247    6.97540         36 0.0000e+00
      19426    809.390    163.000     3.4699   3.197845     3.4711   3.197869     100.20     0.0166     3.0279     2.6685  33.026176  3.4716713   52.93558  -51.20264    34.7887    34.7877     3.4592     3.4604    27.6729    27.6719    6.95677    6.97130         29 0.0000e+00
      19449    810.349    162.000     3.4700   3.197789     3.4718   3.197819      98.64     0.0173     3.0285     2.6701  33.031509  3.4745660   52.93558  -51.20264    34.7884    34.7869     3.4594     3.4612    27.6726    27.6712    6.95435    6.97681         19 0.0000e+00
      19467    811.075    161.000     3.4742   3.197827     3.4747   3.197849      98.64     0.0181     3.0299     2.6692  33.030197  3.4743562   52.93560  -51.20264    34.7850    34.7847     3.4636     3.4641    27.6695    27.6692    6.95653    6.96288         16 0.0000e+00
      19483    811.764    160.000     3.4780   3.197907     3.4784   3.197949      38.67     0.0194     3.0307     2.6698  33.018070  3.4752018   52.93560  -51.20264    34.7824    34.7825     3.4675     3.4679    27.6671    27.6671    6.95693    6.97542         17 0.0000e+00
      19503    812.564    159.000     3.4798   3.197951     3.4819   3.198066      94.44     0.0203     3.0316     2.6709  33.018314  3.4764779   52.93560  -51.20264    34.7815    34.7806     3.4694     3.4715    27.6662    27.6653    6.95888    6.98712         23 0.0000e+00
      19538    814.033    158.000     3.4809   3.197970     3.4822   3.198041      62.13     0.0198     3.0336     2.6730  33.005882  3.4779837   52.93560  -51.20264    34.7811    34.7806     3.4705     3.4719    27.6658    27.6652    6.96421    6.98390         49 0.0000e+00
      19581    815.817    157.000     3.4785   3.197796     3.4808   3.197911      99.15     0.0164     3.0356     2.6748  33.003517  3.4786806   52.93560  -51.20264    34.7821    34.7812     3.4683     3.4705    27.6668    27.6658    6.97026    6.99817         28 0.0000e+00
      19601    816.680    156.000     3.4815   3.197880     3.4841   3.198017      98.72     0.0166     3.0377     2.6770  33.003662  3.4786325   52.93560  -51.20264    34.7805    34.7794     3.4713     3.4739    27.6652    27.6640    6.97213    7.00533         18 0.0000e+00
      19617    817.341    155.000     3.4854   3.198030     3.4858   3.198069      78.76     0.0186     3.0371     2.6781  32.994774  3.4786325   52.93560  -51.20264    34.7787    34.7787     3.4753     3.4757    27.6633    27.6633    6.96503    7.00310         15 0.0000e+00
      19632    817.948    154.000     3.4871   3.198077     3.4875   3.198111      41.02     0.0190     3.0382     2.6787  32.988911  3.4786325   52.93560  -51.20264    34.7780    34.7780     3.4770     3.4774    27.6626    27.6625    6.96969    6.99619         14 0.0000e+00
      19646    818.558    153.000     3.4886   3.198107     3.4902   3.198201      98.34     0.0165     3.0392     2.6791  32.989010  3.4786325   52.93560  -51.20264    34.7773    34.7767     3.4786     3.4802    27.6619    27.6613    6.96915    6.99054         16 0.0000e+00
      19664    819.280    152.000     3.4901   3.198132     3.4924   3.198256      98.64     0.0181     3.0393     2.6791  32.981300  3.4828377   52.93562  -51.20264    34.7765    34.7756     3.4802     3.4824    27.6611    27.6602    6.96264    6.99094         20 0.0000e+00
      19691    820.402    151.000     3.4904   3.198102     3.4935   3.198246      69.94     0.0190     3.0400     2.6798  32.974792  3.4867792   52.93562  -51.20264    34.7764    34.7749     3.4805     3.4836    27.6610    27.6595    6.97256    6.99294         36 0.0000e+00
      19732    822.116    150.000     3.4902   3.198044     3.4923   3.198139      84.68     0.0225     3.0423     2.6805  32.949390  3.4884839   52.93562  -51.20264    34.7765    34.7754     3.4804     3.4825    27.6611    27.6600    6.97553    6.99719         38 0.0000e+00
      19762    823.366    149.000     3.4907   3.197999     3.4920   3.198066      76.73     0.0216     3.0430     2.6822  32.946709  3.4888010   52.93562  -51.20262    34.7760    34.7754     3.4809     3.4822    27.6606    27.6600    6.96885    7.00406         25 0.0000e+00
      19783    824.263    148.000     3.4920   3.197984     3.4927   3.198023      98.46     0.0200     3.0431     2.6825  32.945068  3.4884036   52.93562  -51.20262    34.7750    34.7747     3.4823     3.4830    27.6597    27.6594    6.96976    6.99660         20 0.0000e+00
      19803    825.099    147.000     3.4927   3.197953     3.4929   3.197965      93.85     0.0204     3.0434     2.6827  32.945053  3.4884005   52.93562  -51.20262    34.7743    34.7743     3.4831     3.4832    27.6591    27.6591    6.96993    6.99719         20 0.0000e+00
      19824    825.971    146.000     3.4931   3.197909     3.4930   3.197895      52.26     0.0206     3.0436     2.6831  32.945053  3.4884005   52.93562  -51.20264    34.7740    34.7739     3.4835     3.4834    27.6588    27.6587    6.96920    6.99724         22 0.0000e+00
      19848    826.964    145.000     3.4929   3.197820     3.4922   3.197711      97.93     0.0177     3.0447     2.6831  32.940060  3.4884005   52.93562  -51.20264    34.7737    34.7731     3.4834     3.4827    27.6585    27.6582    6.97554    6.98752         26 0.0000e+00
      19874    828.037    144.000     3.4919   3.197632     3.4902   3.197404      98.64     0.0167     3.0450     2.6822  32.922859  3.4884005   52.93562  -51.20263    34.7730    34.7721     3.4825     3.4807    27.6581    27.6576    6.97016    6.98437         25 0.0000e+00
      19899    829.065    143.000     3.4899   3.197360     3.4878   3.197115      98.64     0.0178     3.0450     2.6821  32.920021  3.4884005   52.93562  -51.20262    34.7724    34.7717     3.4805     3.4784    27.6578    27.6575    6.96998    6.98982         24 0.0000e+00
      19922    830.044    142.000     3.4887   3.197165     3.4864   3.196936      94.34     0.0204     3.0460     2.6825  32.918934  3.4892521   52.93563  -51.20262    34.7719    34.7716     3.4794     3.4771    27.6575    27.6575    6.98104    6.99253         23 0.0000e+00
      19944    830.977    141.000     3.4869   3.196927     3.4861   3.196844      51.07     0.0223     3.0468     2.6824  32.920410  3.4892883   52.93564  -51.20262    34.7715    34.7714     3.4777     3.4768    27.6574    27.6574    6.97615    6.97690         22 0.0000e+00
      19966    831.869    140.000     3.4865   3.196841     3.4860   3.196818      98.31     0.0225     3.0467     2.6806  32.927563  3.4888685   52.93564  -51.20262    34.7714    34.7718     3.4774     3.4768    27.6573    27.6577    6.97477    6.96851         21 0.0000e+00
      19987    832.742    139.000     3.4862   3.196783     3.4861   3.196792      98.63     0.0224     3.0478     2.6803  32.929688  3.4884048   52.93564  -51.20262    34.7716    34.7719     3.4771     3.4770    27.6575    27.6577    6.97200    6.98264         21 0.0000e+00
      20009    833.673    138.000     3.4862   3.196741     3.4860   3.196737      48.61     0.0206     3.0470     2.6815  32.927990  3.4884005   52.93564  -51.20262    34.7717    34.7718     3.4771     3.4770    27.6576    27.6577    6.96957    6.99971         24 0.0000e+00
      20036    834.809    137.000     3.4861   3.196694     3.4860   3.196687      87.78     0.0184     3.0475     2.6832  32.923416  3.4884005   52.93564  -51.20262    34.7718    34.7718     3.4772     3.4770    27.6576    27.6576    6.97225    6.99856         31 0.0000e+00
