data/CTD/2014/CNV/u017a040.cnv
* Sea-Bird SBE 9 Data File:
* FileName = C:\CTD_ACQUISITION\2014017HUD\ctddata\017A040.hdr
* Software Version Seasave V 7.22.2
* Temperature SN = 5081
* Conductivity SN = 3561
* Number of Bytes Per Scan = 37
* Number of Voltage Words = 4
* Number of Scans Averaged by the Deck Unit = 1
* NMEA Latitude = 48 09.86 N
* NMEA Longitude = 046 24.35 W
* NMEA UTC (Time) = Jul 10 2014 03:17:53
* NMEA baud rate = 9600
** Ship: Hudson
** Cruise: HUD2014017
** Chief_Scientist: Blair Greenan
** Organization: BIO
** Area_of_Operation: Sackville Spur
** Station: 040
** Sounding:  1106
** Event_Comments: SS_14, 403229
# nquan = 25
# nvalues = 1131                        
# units = specified
# name 0 = scan: Scan Count
# name 1 = timeS: Time, Elapsed [seconds]
# name 2 = prDM: Pressure, Digiquartz [db]
# name 3 = t068C: Temperature [ITS-68, deg C]
# name 4 = c0S/m: Conductivity [S/m]
# name 5 = t168C: Temperature, 2 [ITS-68, deg C]
# name 6 = c1S/m: Conductivity, 2 [S/m]
# name 7 = altM: Altimeter [m]
# name 8 = flC: Fluorescence, Chelsea Aqua 3 Chl Con [ug/l]
# name 9 = sbeox0V: Oxygen raw, SBE 43 [V]
# name 10 = sbeox1V: Oxygen raw, SBE 43, 2 [V]
# name 11 = upoly0: Upoly 0, Optode 4330F - O2 D-Phase
# name 12 = upoly1: Upoly 1, Optode 4330F - O2 Temp
# name 13 = latitude: Latitude [deg]
# name 14 = longitude: Longitude [deg]
# name 15 = sal00: Salinity, Practical [PSU]
# name 16 = sal11: Salinity, Practical, 2 [PSU]
# name 17 = potemp068C: Potential Temperature [ITS-68, deg C]
# name 18 = potemp168C: Potential Temperature, 2 [ITS-68, deg C]
# name 19 = sigma-é00: Density [sigma-theta, Kg/m^3]
# name 20 = sigma-é11: Density, 2 [sigma-theta, Kg/m^3]
# name 21 = sbeox0ML/L: Oxygen, SBE 43 [ml/l], WS = 2
# name 22 = sbeox1ML/L: Oxygen, SBE 43, 2 [ml/l], WS = 2
# name 23 = nbin: number of scans per bin
# name 24 = flag: flag
# span 0 =      32941,      63625       
# span 1 =   1372.498,   2651.021       
# span 2 =      1.000,   1131.000       
# span 3 =    -1.1420,     7.4959       
# span 4 =   2.676256,   3.364744       
# span 5 =    -1.1446,     7.4978       
# span 6 =   2.675710,   3.364944       
# span 7 =       3.52,     101.46       
# span 8 =     0.0088,     0.0867       
# span 9 =     2.5321,     3.6108       
# span 10 =     2.2358,     3.1837      
# span 11 =  30.517439,  34.628815      
# span 12 = -0.9660915,  7.4897909      
# span 13 =   48.16276,   48.16322      
# span 14 =  -46.40526,  -46.40498      
# span 15 =    32.6984,    34.9074      
# span 16 =    32.7278,    34.9071      
# span 17 =    -1.1430,     7.4958      
# span 18 =    -1.1455,     7.4977      
# span 19 =    25.5624,    27.7549      
# span 20 =    25.5625,    27.7547      
# span 21 =    6.28287,   10.12476      
# span 22 =    6.26160,   10.25922      
# span 23 =         13,         65      
# span 24 = 0.0000e+00, 0.0000e+00      
# interval = decibars: 1                
# start_time = Jul 10 2014 03:17:53 [NMEA time, header]
# bad_flag = -9.990e-29
*END*
[from data line 1044]
      60159   2506.602     87.000     0.2795   2.838936     0.2542   2.836389      98.63     0.0177     2.9092     2.5564  34.397324  0.7144213   48.16283  -46.40517    33.7784    33.7728     0.2764     0.2511    27.1057    27.1025    7.21327    7.23001         24 0.0000e+00
      60183   2507.589     86.000     0.2445   2.835448     0.2130   2.832147      98.63     0.0166     2.9108     2.5582  34.395592  0.7121500   48.16282  -46.40518    33.7716    33.7629     0.2414     0.2099    27.1021    27.0968    7.22529    7.23177         23 0.0000e+00
      60207   2508.564     85.000     0.1941   2.830415     0.1670   2.827275      98.63     0.0178     2.9116     2.5583  34.396255  0.6334906   48.16282  -46.40518    33.7616    33.7500     0.1910     0.1640    27.0967    27.0887    7.23191    7.23160         23 0.0000e+00
      60229   2509.520     84.000     0.1342   2.824486     0.1057   2.820913      98.63     0.0197     2.9126     2.5582  34.396214  0.6361407   48.16282  -46.40518    33.7499    33.7342     0.1312     0.1027    27.0904    27.0792    7.24120    7.23782         24 0.0000e+00
      60253   2510.484     83.000     0.0814   2.818683     0.0342   2.813418      98.63     0.0207     2.9125     2.5575  34.386211  0.5684513   48.16282  -46.40518    33.7321    33.7146     0.0785     0.0313    27.0787    27.0669    7.23905    7.24715         23 0.0000e+00
      60276   2511.453     82.000     0.0120   2.811816    -0.0337   2.806525      98.63     0.0208     2.9119     2.5577  34.387314  0.5677633   48.16282  -46.40518    33.7185    33.6988     0.0091    -0.0365    27.0712    27.0576    7.24885    7.27616         23 0.0000e+00
      60299   2512.429     81.000    -0.0330   2.806796    -0.0685   2.803016      98.63     0.0211     2.9111     2.5586  34.434868  0.4995812   48.16282  -46.40518    33.7022    33.6912    -0.0358    -0.0712    27.0603    27.0532    7.26365    7.29434         24 0.0000e+00
      60324   2513.440     80.000    -0.0616   2.803744    -0.0832   2.801368      98.63     0.0200     2.9116     2.5595  34.439484  0.4924720   48.16282  -46.40518    33.6938    33.6862    -0.0642    -0.0859    27.0550    27.0499    7.27902    7.29910         25 0.0000e+00
      60350   2514.533     79.000    -0.0851   2.801367    -0.1014   2.799397      98.63     0.0187     2.9122     2.5601  34.453556  0.4067546   48.16282  -46.40518    33.6883    33.6807    -0.0872    -0.1040    27.0516    27.0463    7.29119    7.30236         27 0.0000e+00
      60378   2515.729     78.000    -0.1034   2.799356    -0.1416   2.795343      96.06     0.0209     2.9139     2.5604  34.451653  0.3831327   48.16282  -46.40518    33.6830    33.6718    -0.1060    -0.1441    27.0482    27.0411    7.30350    7.29870         29 0.0000e+00
      60406   2516.884     77.000    -0.1620   2.793511    -0.2046   2.788441      98.70     0.0131     2.9147     2.5600  34.439247  0.3220268   48.16282  -46.40518    33.6707    33.6502    -0.1645    -0.2071    27.0411    27.0266    7.31195    7.30985         26 0.0000e+00
      60430   2517.889     76.000    -0.2211   2.786839    -0.2527   2.783282      95.58     0.0175     2.9159     2.5601  34.447956  0.3093596   48.16282  -46.40518    33.6477    33.6352    -0.2235    -0.2551    27.0253    27.0167    7.32339    7.32901         23 0.0000e+00
      60452   2518.785     75.000    -0.2594   2.782793    -0.2742   2.780946      38.43     0.0193     2.9155     2.5605  34.462475  0.2846828   48.16282  -46.40518    33.6367    33.6285    -0.2618    -0.2766    27.0182    27.0122    7.31800    7.33644         21 0.0000e+00
      60472   2519.639     74.000    -0.2735   2.781013    -0.2887   2.779243      98.16     0.0205     2.9147     2.5603  34.464455  0.2815852   48.16282  -46.40518    33.6292    33.6224    -0.2758    -0.2911    27.0128    27.0080    7.30877    7.32418         20 0.0000e+00
      60493   2520.500     73.000    -0.2913   2.779053    -0.3031   2.777560      98.63     0.0219     2.9138     2.5588  34.466774  0.1914252   48.16282  -46.40518    33.6233    33.6165    -0.2936    -0.3054    27.0089    27.0039    7.31142    7.31760         21 0.0000e+00
      60516   2521.455     72.000    -0.2992   2.777938    -0.3202   2.775482      90.48     0.0192     2.9125     2.5584  34.469440  0.1934476   48.16282  -46.40518    33.6178    33.6082    -0.3015    -0.3224    27.0048    26.9979    7.30827    7.34109         25 0.0000e+00
      60542   2522.546     71.000    -0.3152   2.775968    -0.3400   2.772965      97.98     0.0205     2.9125     2.5599  34.466812  0.0773330   48.16282  -46.40518    33.6098    33.5971    -0.3174    -0.3422    26.9990    26.9899    7.34036    7.36782         28 0.0000e+00
      60570   2523.717     70.000    -0.3386   2.773417    -0.3632   2.769676      98.64     0.0223     2.9145     2.5629  34.458488  0.0567913   48.16282  -46.40518    33.6022    33.5794    -0.3407    -0.3653    26.9939    26.9766    7.36692    7.40173         27 0.0000e+00
      60597   2524.813     69.000    -0.3576   2.770526    -0.3826   2.766860      98.63     0.0208     2.9182     2.5667  34.454128  0.0100906   48.16282  -46.40518    33.5856    33.5638    -0.3601    -0.3847    26.9813    26.9648    7.40073    7.41902         25 0.0000e+00
      60619   2525.770     68.000    -0.3865   2.766605    -0.4028   2.764510      98.63     0.0203     2.9216     2.5697  34.464855  0.0087717   48.16282  -46.40518    33.5653    33.5552    -0.3885    -0.4048    26.9662    26.9588    7.40625    7.43398         22 0.0000e+00
      60641   2526.667     67.000    -0.4385   2.761291    -0.4714   2.757314      98.63     0.0179     2.9236     2.5721  34.498203  0.0012135   48.16282  -46.40518    33.5523    33.5353    -0.4405    -0.4734    26.9580    26.9456    7.41080    7.44518         21 0.0000e+00
      60663   2527.568     66.000    -0.4977   2.755349    -0.5575   2.748564      98.63     0.0223     2.9253     2.5741  34.499508  0.0012210   48.16282  -46.40518    33.5387    33.5138    -0.4996    -0.5594    26.9495    26.9319    7.42263    7.45439         22 0.0000e+00
      60686   2528.554     65.000    -0.5493   2.749951    -0.5813   2.746009      98.63     0.0244     2.9262     2.5748  34.513271 -0.0654736   48.16282  -46.40518    33.5239    33.5064    -0.5511    -0.5832    26.9397    26.9269    7.43157    7.45736         26 0.0000e+00
      60712   2529.640     64.000    -0.5665   2.747694    -0.5723   2.746433      63.64     0.0238     2.9274     2.5753  34.515190 -0.0758866   48.16282  -46.40518    33.5133    33.5027    -0.5684    -0.5741    26.9319    26.9235    7.41631    7.44017         25 0.0000e+00
      60736   2530.629     63.000    -0.5638   2.747394    -0.5527   2.747833      99.52     0.0217     2.9251     2.5734  34.522324 -0.1470930   48.16282  -46.40518    33.5068    33.5005    -0.5656    -0.5546    26.9265    26.9209    7.38190    7.41741         22 0.0000e+00
      60756   2531.463     62.000    -0.5490   2.748141    -0.5428   2.748550      98.63     0.0210     2.9233     2.5717  34.518970 -0.1452992   48.16282  -46.40518    33.5011    33.4997    -0.5508    -0.5446    26.9212    26.9199    7.38399    7.42151         19 0.0000e+00
      60775   2532.258     61.000    -0.5399   2.748698    -0.5383   2.748822      98.63     0.0223     2.9226     2.5718  34.548981 -0.1977102   48.16280  -46.40518    33.4991    33.4990    -0.5416    -0.5400    26.9192    26.9191    7.40413    7.43904         20 0.0000e+00
      60799   2533.238     60.000    -0.5372   2.748887    -0.5373   2.748741      98.63     0.0207     2.9239     2.5733  34.555439 -0.2128852   48.16280  -46.40518    33.4993    33.4975    -0.5390    -0.5390    26.9193    26.9178    7.43090    7.47528         29 0.0000e+00
      60836   2534.806     59.000    -0.5399   2.748552    -0.5577   2.746431      98.63     0.0188     2.9290     2.5798  34.514778 -0.2700036   48.16280  -46.40520    33.4984    33.4896    -0.5416    -0.5594    26.9187    26.9123    7.47255    7.50337         40 0.0000e+00
      60866   2536.061     58.000    -0.5619   2.746096    -0.5958   2.742228      98.63     0.0242     2.9340     2.5815  34.514091 -0.3003165   48.16280  -46.40520    33.4904    33.4758    -0.5636    -0.5974    26.9131    26.9027    7.46471    7.45866         21 0.0000e+00
      60884   2536.812     57.000    -0.6498   2.736626    -0.6639   2.734374      67.28     0.0248     2.9338     2.5802  34.512787 -0.3317192   48.16280  -46.40519    33.4607    33.4461    -0.6513    -0.6655    26.8927    26.8814    7.45779    7.47286         17 0.0000e+00
      60901   2537.486     56.000    -0.7496   2.725417    -0.7602   2.723758      33.55     0.0211     2.9342     2.5799  34.513744 -0.3308913   48.16280  -46.40518    33.4207    33.4099    -0.7511    -0.7617    26.8642    26.8559    7.48682    7.51293         16 0.0000e+00
      60917   2538.173     55.000    -0.7985   2.719829    -0.8155   2.717847      99.26     0.0228     2.9345     2.5807  34.553719 -0.3511993   48.16280  -46.40518    33.3999    33.3920    -0.8000    -0.8170    26.8493    26.8435    7.50948    7.54703         17 0.0000e+00
      60937   2538.998     54.000    -0.8161   2.717885    -0.8518   2.713899      98.63     0.0225     2.9359     2.5829  34.570946 -0.3599492   48.16280  -46.40520    33.3937    33.3793    -0.8175    -0.8532    26.8449    26.8346    7.54183    7.58157         24 0.0000e+00
      60970   2540.355     53.000    -0.8483   2.714422    -0.8560   2.713853      92.76     0.0286     2.9415     2.5894  34.571430 -0.4401082   48.16282  -46.40520    33.3831    33.3839    -0.8497    -0.8573    26.8375    26.8384    7.58840    7.64457         42 0.0000e+00
      61009   2541.997     52.000    -0.8594   2.713210    -0.8265   2.716648      98.95     0.0250     2.9509     2.5998  34.564964 -0.5236877   48.16282  -46.40520    33.3796    33.3897    -0.8607    -0.8279    26.8351    26.8420    7.65250    7.69102         31 0.0000e+00
      61034   2543.052     51.000    -0.9276   2.706145    -0.9729   2.700474      98.63     0.0278     2.9582     2.6059  34.556541 -0.5843902   48.16282  -46.40520    33.3600    33.3332    -0.9289    -0.9741    26.8217    26.8015    7.68301    7.71829         22 0.0000e+00
      61055   2543.914     50.000    -1.0303   2.694704    -1.0433   2.692916      98.63     0.0243     2.9635     2.6103  34.559021 -0.5988587   48.16282  -46.40520    33.3191    33.3091    -1.0315    -1.0445    26.7921    26.7845    7.70897    7.74764         20 0.0000e+00
      61074   2544.702     49.000    -1.0604   2.690976    -1.0761   2.688849      98.63     0.0243     2.9671     2.6134  34.563374 -0.6293893   48.16282  -46.40520    33.3022    33.2906    -1.0615    -1.0772    26.7795    26.7706    7.73194    7.76041         18 0.0000e+00
      61092   2545.459     48.000    -1.0892   2.687274    -1.1143   2.683862      98.63     0.0274     2.9719     2.6164  34.563721 -0.6290731   48.16282  -46.40520    33.2844    33.2657    -1.0904    -1.1155    26.7660    26.7517    7.75299    7.77877         19 0.0000e+00
      61111   2546.240     47.000    -1.1085   2.684694    -1.1324   2.681458      98.63     0.0283     2.9757     2.6197  34.571327 -0.6686351   48.16282  -46.40520    33.2713    33.2536    -1.1096    -1.1335    26.7560    26.7424    7.75480    7.78929         19 0.0000e+00
      61131   2547.097     46.000    -1.1222   2.682877    -1.1386   2.680578      98.63     0.0269     2.9794     2.6224  34.572090 -0.6824316   48.16280  -46.40520    33.2623    33.2491    -1.1233    -1.1397    26.7491    26.7390    7.76121    7.80167         22 0.0000e+00
      61157   2548.175     45.000    -1.1325   2.681319    -1.1408   2.680155      71.02     0.0274     2.9835     2.6266  34.571449 -0.7546413   48.16282  -46.40520    33.2530    33.2463    -1.1335    -1.1418    26.7419    26.7368    7.77055    7.82165         31 0.0000e+00
      61192   2549.624     44.000    -1.1375   2.680474    -1.1400   2.680279      99.04     0.0255     2.9883     2.6326  34.568127 -0.8130193   48.16282  -46.40520    33.2476    33.2477    -1.1385    -1.1410    26.7378    26.7379    7.78857    7.85591         36 0.0000e+00
      61223   2550.901     43.000    -1.1331   2.680835    -1.1383   2.680140      98.63     0.0232     2.9935     2.6388  34.556355 -0.8600845   48.16282  -46.40520    33.2483    33.2446    -1.1341    -1.1393    26.7382    26.7353    7.80801    7.88328         24 0.0000e+00
      61244   2551.776     42.000    -1.1378   2.679906    -1.1432   2.679216      98.63     0.0246     2.9975     2.6435  34.549637 -0.8588928   48.16282  -46.40520    33.2414    33.2380    -1.1387    -1.1442    26.7327    26.7302    7.82886    7.90882         19 0.0000e+00
      61262   2552.536     41.000    -1.1402   2.679279    -1.1441   2.678746      98.63     0.0259     3.0011     2.6480  34.513847 -0.8675563   48.16282  -46.40520    33.2361    33.2332    -1.1411    -1.1450    26.7285    26.7262    7.84109    7.93329         19 0.0000e+00
      61281   2553.333     40.000    -1.1420   2.678848    -1.1446   2.678281      98.63     0.0257     3.0051     2.6531  34.512840 -0.8633587   48.16282  -46.40520    33.2329    33.2280    -1.1430    -1.1455    26.7260    26.7221    7.86255    7.94372         20 0.0000e+00
      61303   2554.233     39.000    -1.1412   2.678545    -1.1385   2.678104      98.63     0.0273     3.0104     2.6575  34.471573 -0.8976203   48.16282  -46.40520    33.2284    33.2194    -1.1421    -1.1394    26.7223    26.7149    7.87839    7.94916         23 0.0000e+00
      61327   2555.253     38.000    -1.1390   2.678340    -1.1325   2.677942      74.25     0.0289     3.0159     2.6629  34.454166 -0.9107553   48.16282  -46.40520    33.2238    33.2112    -1.1398    -1.1334    26.7185    26.7081    7.90337    7.98224         25 0.0000e+00
      61352   2556.292     37.000    -1.1327   2.678178    -1.1261   2.677752      57.10     0.0271     3.0226     2.6698  34.454800 -0.9310512   48.16282  -46.40520    33.2151    33.2021    -1.1335    -1.1270    26.7113    26.7005    7.92595    8.03330         25 0.0000e+00
      61376   2557.278     36.000    -1.1245   2.678255    -1.1120   2.678198      98.05     0.0275     3.0297     2.6793  34.454220 -0.9364311   48.16282  -46.40520    33.2076    33.1932    -1.1253    -1.1129    26.7049    26.6928    7.97428    8.11313         23 0.0000e+00
      61400   2558.289     35.000    -1.1152   2.678176    -1.1039   2.678389      94.23     0.0289     3.0393     2.6919  34.411285 -0.9387093   48.16280  -46.40520    33.1970    33.1874    -1.1160    -1.1047    26.6960    26.6879    8.04028    8.19351         26 0.0000e+00
      61428   2559.440     34.000    -1.1064   2.678341    -1.0929   2.678904      92.58     0.0295     3.0547     2.7100  34.395332 -0.9382010   48.16280  -46.40520    33.1902    33.1829    -1.1072    -1.0936    26.6902    26.6838    8.12122    8.29147         29 0.0000e+00
      61458   2560.695     33.000    -1.0941   2.678665    -1.0880   2.678507      98.67     0.0298     3.0737     2.7311  34.343052 -0.9371533   48.16280  -46.40521    33.1816    33.1727    -1.0949    -1.0888    26.6828    26.6754    8.21226    8.37904         30 0.0000e+00
      61485   2561.825     32.000    -1.0908   2.678195    -1.0960   2.676656      98.63     0.0348     3.0928     2.7508  34.334179 -0.9395510   48.16280  -46.40522    33.1722    33.1569    -1.0916    -1.0967    26.6751    26.6629    8.28458    8.45860         23 0.0000e+00
      61506   2562.701     31.000    -1.0960   2.676672    -1.1001   2.675710      98.63     0.0352     3.1091     2.7671  34.321873 -0.9465410   48.16280  -46.40522    33.1578    33.1492    -1.0967    -1.1008    26.6635    26.6567    8.35088    8.54512         19 0.0000e+00
