data/CTD/2014/CNV/u017a034.cnv
* Sea-Bird SBE 9 Data File:
* FileName = C:\CTD_ACQUISITION\2014017HUD\ctddata\017A034.hdr
* Software Version Seasave V 7.22.2
* Temperature SN = 5081
* Conductivity SN = 3561
* Number of Bytes Per Scan = 37
* Number of Voltage Words = 4
* Number of Scans Averaged by the Deck Unit = 1
* NMEA Latitude = 48 20.63 N
* NMEA Longitude = 046 35.08 W
* NMEA UTC (Time) = Jul 09 2014 15:35:27
* NMEA baud rate = 9600
** Ship: Hudson
** Cruise: HUD2014017
** Chief_Scientist: Blair Greenan
** Organization: BIO
** Area_of_Operation: Sackville Spur
** Station: 034
** Sounding:  1364
** Event_Comments: SS-10 403200
# nquan = 25
# nvalues = 1420                        
# units = specified
# name 0 = scan: Scan Count
# name 1 = timeS: Time, Elapsed [seconds]
# name 2 = prDM: Pressure, Digiquartz [db]
# name 3 = t068C: Temperature [ITS-68, deg C]
# name 4 = c0S/m: Conductivity [S/m]
# name 5 = t168C: Temperature, 2 [ITS-68, deg C]
# name 6 = c1S/m: Conductivity, 2 [S/m]
# name 7 = altM: Altimeter [m]
# name 8 = flC: Fluorescence, Chelsea Aqua 3 Chl Con [ug/l]
# name 9 = sbeox0V: Oxygen raw, SBE 43 [V]
# name 10 = sbeox1V: Oxygen raw, SBE 43, 2 [V]
# name 11 = upoly0: Upoly 0, Optode 4330F - O2 D-Phase
# name 12 = upoly1: Upoly 1, Optode 4330F - O2 Temp
# name 13 = latitude: Latitude [deg]
# name 14 = longitude: Longitude [deg]
# name 15 = sal00: Salinity, Practical [PSU]
# name 16 = sal11: Salinity, Practical, 2 [PSU]
# name 17 = potemp068C: Potential Temperature [ITS-68, deg C]
# name 18 = potemp168C: Potential Temperature, 2 [ITS-68, deg C]
# name 19 = sigma-é00: Density [sigma-theta, Kg/m^3]
# name 20 = sigma-é11: Density, 2 [sigma-theta, Kg/m^3]
# name 21 = sbeox0ML/L: Oxygen, SBE 43 [ml/l], WS = 2
# name 22 = sbeox1ML/L: Oxygen, SBE 43, 2 [ml/l], WS = 2
# name 23 = nbin: number of scans per bin
# name 24 = flag: flag
# span 0 =      47998,      86108       
# span 1 =   1999.859,   3587.787       
# span 2 =      1.000,   1420.000       
# span 3 =    -1.2342,     7.5644       
# span 4 =   2.670025,   3.373375       
# span 5 =    -1.2344,     7.5691       
# span 6 =   2.669985,   3.373881       
# span 7 =       5.34,     102.53       
# span 8 =     0.0087,     0.0577       
# span 9 =     2.4490,     3.7383       
# span 10 =     2.1624,     3.2938      
# span 11 =  30.415649,  34.815277      
# span 12 = -1.1807368,  7.6883597      
# span 13 =   48.34850,   48.35198      
# span 14 =  -46.58240,  -46.57977      
# span 15 =    32.7573,    34.9111      
# span 16 =    32.7582,    34.9108      
# span 17 =    -1.2348,     7.5643      
# span 18 =    -1.2351,     7.5691      
# span 19 =    25.5753,    27.7649      
# span 20 =    25.5753,    27.7648      
# span 21 =    6.26044,    9.97279      
# span 22 =    6.21302,   10.19576      
# span 23 =         11,         84      
# span 24 = 0.0000e+00, 0.0000e+00      
# interval = decibars: 1                
# start_time = Jul 09 2014 15:35:27 [NMEA time, header]
# bad_flag = -9.990e-29
*END*
[from data line 232]
      53411   2225.425   1188.000     3.6705   3.270880     3.6698   3.270771      78.27     0.0155     2.5237     2.2204  34.629948  3.6646850   48.34868  -46.58214    34.9075    34.9071     3.5812     3.5804    27.7556    27.7553    6.30832    6.26641         35 0.0000e+00
      53463   2227.566   1187.000     3.6703   3.270807     3.6695   3.270707      85.76     0.0117     2.5242     2.2211  34.613422  3.6644883   48.34868  -46.58214    34.9074    34.9071     3.5810     3.5803    27.7555    27.7553    6.31224    6.26260         45 0.0000e+00
      53486   2228.529   1186.000     3.6704   3.270758     3.6693   3.270636      76.68     0.0144     2.5245     2.2212  34.615360  3.6642196   48.34868  -46.58214    34.9073    34.9070     3.5812     3.5842    27.7554    27.7552    6.31045    6.26662         17 0.0000e+00
      53502   2229.197   1185.000     3.6702   3.270687     3.6690   3.270569      71.31     0.0129     2.5246     2.2216  34.615383  3.6642246   48.34868  -46.58214    34.9072    34.9070     3.5811     3.5798    27.7553    27.7553    6.31245    6.26578         16 0.0000e+00
      53517   2229.820   1184.000     3.6703   3.270660     3.6695   3.270571      98.07     0.0122     2.5249     2.2216  34.615383  3.6642246   48.34868  -46.58214    34.9072    34.9070     3.5813     3.5805    27.7553    27.7552    6.31574    6.26228         15 0.0000e+00
      53532   2230.447   1183.000     3.6708   3.270652     3.6702   3.270591      98.64     0.0116     2.5249     2.2215  34.615383  3.6642246   48.34868  -46.58214    34.9071    34.9070     3.5818     3.5813    27.7551    27.7551    6.31498    6.26516         15 0.0000e+00
      53548   2231.133   1182.000     3.6711   3.270644     3.6709   3.270598      98.63     0.0137     2.5259     2.2222  34.615383  3.6647568   48.34868  -46.58214    34.9072    34.9068     3.5822     3.5821    27.7552    27.7549    6.31493    6.27303         18 0.0000e+00
      53568   2231.956   1181.000     3.6714   3.270626     3.6713   3.270592      62.48     0.0145     2.5257     2.2229  34.615383  3.6646714   48.34868  -46.58214    34.9071    34.9069     3.5826     3.5825    27.7551    27.7549    6.31229    6.27323         22 0.0000e+00
      53595   2233.079   1180.000     3.6712   3.270569     3.6717   3.270581      97.15     0.0128     2.5265     2.2237  34.615383  3.6642423   48.34868  -46.58214    34.9072    34.9068     3.5825     3.5830    27.7551    27.7548    6.31434    6.27757         33 0.0000e+00
      53638   2234.870   1179.000     3.6715   3.270551     3.6722   3.270567      71.81     0.0137     2.5274     2.2252  34.601631  3.6682355   48.34868  -46.58214    34.9071    34.9066     3.5829     3.5849    27.7551    27.7546    6.32377    6.27826         51 0.0000e+00
      53679   2236.596   1178.000     3.6728   3.270596     3.6739   3.270667     100.22     0.0127     2.5291     2.2261  34.609299  3.6701171   48.34866  -46.58214    34.9068    34.9065     3.5843     3.5853    27.7547    27.7543    6.32994    6.27916         27 0.0000e+00
      53700   2237.473   1177.000     3.6755   3.270796     3.6754   3.270778      79.38     0.0151     2.5304     2.2267  34.615631  3.6673849   48.34866  -46.58214    34.9069    34.9067     3.5870     3.5869    27.7545    27.7543    6.32908    6.27977         18 0.0000e+00
      53716   2238.146   1176.000     3.6777   3.270922     3.6768   3.270845      64.30     0.0158     2.5302     2.2267  34.615383  3.6688221   48.34866  -46.58212    34.9066    34.9066     3.5892     3.5884    27.7540    27.7541    6.32600    6.27097         15 0.0000e+00
      53731   2238.739   1175.000     3.6780   3.270911     3.6772   3.270822      99.19     0.0121     2.5313     2.2266  34.615383  3.6648586   48.34866  -46.58212    34.9066    34.9064     3.5897     3.5889    27.7540    27.7538    6.33120    6.26875         14 0.0000e+00
      53744   2239.312   1174.000     3.6785   3.270909     3.6778   3.270832      98.63     0.0118     2.5314     2.2266  34.615383  3.6642251   48.34866  -46.58212    34.9065    34.9064     3.5903     3.5895    27.7538    27.7538    6.32261    6.26793         14 0.0000e+00
      53760   2239.943   1173.000     3.6787   3.270895     3.6784   3.270850      98.63     0.0142     2.5311     2.2266  34.614544  3.6642246   48.34866  -46.58212    34.9067    34.9065     3.5905     3.5902    27.7539    27.7538    6.32074    6.26906         17 0.0000e+00
      53779   2240.771   1172.000     3.6789   3.270873     3.6791   3.270870      66.90     0.0158     2.5321     2.2268  34.579956  3.6725678   48.34866  -46.58212    34.9067    34.9065     3.5908     3.5910    27.7540    27.7537    6.32589    6.27228         25 0.0000e+00
      53821   2242.479   1171.000     3.6784   3.270791     3.6788   3.270796     100.47     0.0142     2.5327     2.2270  34.575130  3.6738286   48.34866  -46.58212    34.9068    34.9064     3.5904     3.5908    27.7540    27.7537    6.32725    6.26953         50 0.0000e+00
      53856   2243.948   1170.000     3.6785   3.270742     3.6792   3.270791      60.19     0.0137     2.5333     2.2269  34.573952  3.6739967   48.34866  -46.58212    34.9066    34.9064     3.5906     3.5913    27.7539    27.7536    6.32500    6.25938         23 0.0000e+00
      53875   2244.766   1169.000     3.6800   3.270825     3.6809   3.270895      98.43     0.0158     2.5339     2.2263  34.573063  3.6734529   48.34866  -46.58212    34.9065    34.9064     3.5922     3.5930    27.7536    27.7534    6.33978    6.26408         18 0.0000e+00
      53893   2245.494   1168.000     3.6835   3.271086     3.6829   3.271033      66.33     0.0167     2.5354     2.2269  34.573154  3.6739879   48.34866  -46.58212    34.9065    34.9064     3.5957     3.5951    27.7533    27.7533    6.33909    6.27319         17 0.0000e+00
      53909   2246.184   1167.000     3.6847   3.271161     3.6844   3.271133      87.06     0.0151     2.5352     2.2271  34.572350  3.6739926   48.34866  -46.58212    34.9065    34.9065     3.5970     3.5967    27.7532    27.7532    6.32591    6.27358         16 0.0000e+00
      53926   2246.892   1166.000     3.6853   3.271193     3.6854   3.271174      49.84     0.0154     2.5352     2.2277  34.573864  3.6739926   48.34866  -46.58212    34.9068    34.9065     3.5977     3.5978    27.7533    27.7530    6.32939    6.27361         18 0.0000e+00
      53946   2247.697   1165.000     3.6860   3.271214     3.6858   3.271167      98.08     0.0144     2.5361     2.2280  34.573528  3.6739926   48.34866  -46.58212    34.9068    34.9065     3.5985     3.5982    27.7532    27.7530    6.33216    6.27274         21 0.0000e+00
      53970   2248.712   1164.000     3.6864   3.271207     3.6866   3.271203      98.63     0.0140     2.5361     2.2286  34.571980  3.6811945   48.34865  -46.58212    34.9068    34.9066     3.5990     3.5991    27.7532    27.7530    6.32317    6.27840         28 0.0000e+00
      54000   2249.948   1163.000     3.6873   3.271249     3.6881   3.271304      67.09     0.0162     2.5367     2.2300  34.571415  3.6838257   48.34865  -46.58212    34.9068    34.9067     3.5999     3.6007    27.7531    27.7529    6.33518    6.28838         29 0.0000e+00
      54026   2251.035   1162.000     3.6883   3.271277     3.6909   3.271528      99.64     0.0199     2.5374     2.2311  34.571430  3.6837606   48.34864  -46.58212    34.9067    34.9068     3.6009     3.6036    27.7529    27.7528    6.33034    6.28510         23 0.0000e+00
      54047   2251.904   1161.000     3.6929   3.271670     3.6927   3.271653      98.63     0.0162     2.5375     2.2316  34.571430  3.6837606   48.34864  -46.58212    34.9069    34.9069     3.6056     3.6054    27.7526    27.7527    6.32672    6.28195         20 0.0000e+00
      54066   2252.721   1160.000     3.6938   3.271733     3.6939   3.271729      57.67     0.0137     2.5376     2.2320  34.571430  3.6847279   48.34864  -46.58212    34.9072    34.9071     3.6066     3.6067    27.7528    27.7527    6.32560    6.28609         20 0.0000e+00
      54087   2253.574   1159.000     3.6945   3.271775     3.6944   3.271739      34.11     0.0132     2.5379     2.2329  34.571430  3.6846914   48.34864  -46.58212    34.9075    34.9071     3.6074     3.6073    27.7529    27.7526    6.33086    6.28651         21 0.0000e+00
      54111   2254.583   1158.000     3.6950   3.271782     3.6952   3.271773      98.61     0.0130     2.5386     2.2332  34.571430  3.6902711   48.34864  -46.58212    34.9075    34.9072     3.6080     3.6082    27.7529    27.7526    6.33015    6.28313         27 0.0000e+00
      54141   2255.815   1157.000     3.6960   3.271822     3.6960   3.271808      67.78     0.0136     2.5387     2.2335  34.570499  3.6919284   48.34864  -46.58212    34.9075    34.9073     3.6090     3.6091    27.7527    27.7526    6.32709    6.27840         31 0.0000e+00
      54172   2257.107   1156.000     3.6966   3.271829     3.6977   3.271935      95.64     0.0121     2.5389     2.2330  34.557240  3.6935320   48.34864  -46.58212    34.9074    34.9075     3.6097     3.6108    27.7526    27.7526    6.32610    6.26854         30 0.0000e+00
      54199   2258.249   1155.000     3.7025   3.272332     3.7034   3.272421      87.98     0.0123     2.5390     2.2328  34.558014  3.6935287   48.34864  -46.58212    34.9077    34.9078     3.6156     3.6165    27.7523    27.7523    6.33251    6.27074         24 0.0000e+00
      54221   2259.147   1154.000     3.7073   3.272729     3.7067   3.272675      64.84     0.0136     2.5403     2.2328  34.556778  3.6935287   48.34864  -46.58212    34.9078    34.9078     3.6205     3.6199    27.7518    27.7519    6.32809    6.27274         20 0.0000e+00
      54239   2259.914   1153.000     3.7085   3.272791     3.7081   3.272753      98.50     0.0168     2.5399     2.2328  34.556778  3.6935287   48.34864  -46.58212    34.9079    34.9078     3.6217     3.6213    27.7518    27.7517    6.31884    6.27243         17 0.0000e+00
      54256   2260.636   1152.000     3.7091   3.272816     3.7089   3.272784      98.63     0.0183     2.5400     2.2330  34.556778  3.6940639   48.34864  -46.58212    34.9079    34.9078     3.6225     3.6222    27.7518    27.7517    6.32617    6.27545         18 0.0000e+00
      54274   2261.396   1151.000     3.7096   3.272815     3.7092   3.272763      79.61     0.0136     2.5400     2.2335  34.556778  3.6975441   48.34864  -46.58212    34.9080    34.9077     3.6230     3.6226    27.7517    27.7516    6.32941    6.27936         19 0.0000e+00
      54296   2262.283   1150.000     3.7096   3.272774     3.7092   3.272718      75.07     0.0120     2.5408     2.2341  34.556778  3.6987813   48.34862  -46.58212    34.9080    34.9077     3.6230     3.6227    27.7517    27.7516    6.32931    6.28450         24 0.0000e+00
      54323   2263.396   1149.000     3.7097   3.272739     3.7091   3.272666      95.80     0.0144     2.5413     2.2353  34.556778  3.7032142   48.34862  -46.58210    34.9079    34.9077     3.6233     3.6227    27.7517    27.7515    6.32941    6.29049         29 0.0000e+00
      54351   2264.573   1148.000     3.7095   3.272682     3.7089   3.272599      44.17     0.0160     2.5417     2.2365  34.538582  3.7032967   48.34862  -46.58210    34.9080    34.9076     3.6232     3.6226    27.7517    27.7515    6.33057    6.28678         26 0.0000e+00
      54376   2265.624   1147.000     3.7094   3.272622     3.7087   3.272538      91.93     0.0160     2.5422     2.2367  34.528069  3.7032967   48.34862  -46.58210    34.9079    34.9076     3.6231     3.6224    27.7517    27.7515    6.33159    6.28540         25 0.0000e+00
      54401   2266.685   1146.000     3.7094   3.272580     3.7090   3.272519      98.62     0.0174     2.5430     2.2374  34.519604  3.7036715   48.34862  -46.58211    34.9079    34.9076     3.6232     3.6228    27.7516    27.7515    6.33112    6.28752         26 0.0000e+00
      54428   2267.789   1145.000     3.7097   3.272561     3.7093   3.272504      60.86     0.0208     2.5432     2.2377  34.525314  3.7048182   48.34862  -46.58212    34.9079    34.9076     3.6236     3.6232    27.7516    27.7514    6.33315    6.28403         26 0.0000e+00
      54451   2268.754   1144.000     3.7100   3.272538     3.7094   3.272472      98.87     0.0205     2.5437     2.2379  34.525379  3.7112308   48.34862  -46.58211    34.9078    34.9076     3.6240     3.6234    27.7515    27.7514    6.32966    6.28592         21 0.0000e+00
      54470   2269.549   1143.000     3.7103   3.272516     3.7095   3.272437      98.63     0.0182     2.5437     2.2382  34.530102  3.7125020   48.34862  -46.58210    34.9077    34.9077     3.6243     3.6235    27.7514    27.7514    6.32735    6.29046         17 0.0000e+00
      54487   2270.251   1142.000     3.7102   3.272479     3.7096   3.272399      93.79     0.0192     2.5437     2.2389  34.523151  3.7124901   48.34862  -46.58210    34.9079    34.9076     3.6243     3.6237    27.7515    27.7514    6.33216    6.29110         17 0.0000e+00
      54503   2270.931   1141.000     3.7103   3.272462     3.7100   3.272390      42.99     0.0162     2.5448     2.2392  34.529251  3.7130597   48.34862  -46.58210    34.9080    34.9076     3.6246     3.6242    27.7516    27.7513    6.33935    6.28436         16 0.0000e+00
      54521   2271.679   1140.000     3.7105   3.272420     3.7103   3.272370      57.42     0.0164     2.5450     2.2389  34.527496  3.7130647   48.34862  -46.58210    34.9079    34.9076     3.6248     3.6246    27.7514    27.7512    6.33657    6.27395         20 0.0000e+00
      54546   2272.729   1139.000     3.7106   3.272385     3.7103   3.272335      77.22     0.0121     2.5456     2.2383  34.527893  3.7125063   48.34862  -46.58210    34.9079    34.9076     3.6250     3.6247    27.7514    27.7512    6.33317    6.27695         33 0.0000e+00
      54584   2274.303   1138.000     3.7105   3.272324     3.7102   3.272266      68.76     0.0113     2.5459     2.2387  34.519852  3.7116156   48.34862  -46.58210    34.9077    34.9074     3.6250     3.6247    27.7513    27.7511    6.33356    6.27865         35 0.0000e+00
      54610   2275.390   1137.000     3.7106   3.272285     3.7105   3.272258      92.49     0.0131     2.5461     2.2383  34.515553  3.7130828   48.34862  -46.58210    34.9077    34.9074     3.6251     3.6251    27.7513    27.7511    6.33161    6.27153         21 0.0000e+00
      54630   2276.219   1136.000     3.7115   3.272317     3.7111   3.272261      94.19     0.0147     2.5467     2.2382  34.515129  3.7109818   48.34862  -46.58210    34.9077    34.9074     3.6261     3.6293    27.7512    27.7510    6.33966    6.27939         19 0.0000e+00
      54649   2276.995   1135.000     3.7123   3.272330     3.7118   3.272267      50.65     0.0153     2.5477     2.2386  34.513603  3.7053874   48.34862  -46.58210    34.9075    34.9072     3.6270     3.6265    27.7509    27.7508    6.33708    6.28487         19 0.0000e+00
      54668   2277.785   1134.000     3.7126   3.272318     3.7121   3.272241      98.25     0.0151     2.5473     2.2392  34.513592  3.7058632   48.34862  -46.58210    34.9076    34.9071     3.6273     3.6269    27.7510    27.7507    6.33923    6.28921         19 0.0000e+00
      54690   2278.693   1133.000     3.7127   3.272283     3.7122   3.272211      98.63     0.0157     2.5485     2.2401  34.513988  3.7114091   48.34861  -46.58210    34.9075    34.9071     3.6276     3.6271    27.7509    27.7506    6.34115    6.28934         25 0.0000e+00
      54719   2279.901   1132.000     3.7126   3.272227     3.7127   3.272205      68.32     0.0170     2.5488     2.2405  34.515026  3.7130439   48.34860  -46.58210    34.9074    34.9070     3.6276     3.6277    27.7508    27.7505    6.33398    6.28200         33 0.0000e+00
