data/CTD/2014/CNV/u017a047.cnv
* Sea-Bird SBE 9 Data File:
* FileName = C:\CTD_ACQUISITION\2014017HUD\ctddata\017A047.hdr
* Software Version Seasave V 7.22.2
* Temperature SN = 5081
* Conductivity SN = 3561
* Number of Bytes Per Scan = 37
* Number of Voltage Words = 4
* Number of Scans Averaged by the Deck Unit = 1
* NMEA Latitude = 47 48.52 N
* NMEA Longitude = 045 57.88 W
* NMEA UTC (Time) = Jul 11 2014 00:32:51
* NMEA baud rate = 9600
** Ship: Hudson
** Cruise: HUD2014017
** Chief_Scientist: Blair Greenan
** Organization: BIO
** Area_of_Operation: Sackville Spur
** Station: 047
** Sounding:  716
** Event_Comments: SS_18.5, 403274
# nquan = 25
# nvalues = 731                         
# units = specified
# name 0 = scan: Scan Count
# name 1 = timeS: Time, Elapsed [seconds]
# name 2 = prDM: Pressure, Digiquartz [db]
# name 3 = t068C: Temperature [ITS-68, deg C]
# name 4 = c0S/m: Conductivity [S/m]
# name 5 = t168C: Temperature, 2 [ITS-68, deg C]
# name 6 = c1S/m: Conductivity, 2 [S/m]
# name 7 = altM: Altimeter [m]
# name 8 = flC: Fluorescence, Chelsea Aqua 3 Chl Con [ug/l]
# name 9 = sbeox0V: Oxygen raw, SBE 43 [V]
# name 10 = sbeox1V: Oxygen raw, SBE 43, 2 [V]
# name 11 = upoly0: Upoly 0, Optode 4330F - O2 D-Phase
# name 12 = upoly1: Upoly 1, Optode 4330F - O2 Temp
# name 13 = latitude: Latitude [deg]
# name 14 = longitude: Longitude [deg]
# name 15 = sal00: Salinity, Practical [PSU]
# name 16 = sal11: Salinity, Practical, 2 [PSU]
# name 17 = potemp068C: Potential Temperature [ITS-68, deg C]
# name 18 = potemp168C: Potential Temperature, 2 [ITS-68, deg C]
# name 19 = sigma-é00: Density [sigma-theta, Kg/m^3]
# name 20 = sigma-é11: Density, 2 [sigma-theta, Kg/m^3]
# name 21 = sbeox0ML/L: Oxygen, SBE 43 [ml/l], WS = 2
# name 22 = sbeox1ML/L: Oxygen, SBE 43, 2 [ml/l], WS = 2
# name 23 = nbin: number of scans per bin
# name 24 = flag: flag
# span 0 =      27405,      49300       
# span 1 =   1141.818,   2054.135       
# span 2 =      1.000,    731.000       
# span 3 =     2.8444,     8.6631       
# span 4 =   3.094758,   3.521698       
# span 5 =     2.8473,     8.6661       
# span 6 =   3.091451,   3.518524       
# span 7 =      -5.56,     100.37       
# span 8 =     0.0082,     0.8814       
# span 9 =     2.6837,     3.7087       
# span 10 =     2.3658,     3.2421      
# span 11 =  29.882553,  34.102821      
# span 12 =  2.4452295,  8.6786041      
# span 13 =   47.81233,   47.81553      
# span 14 =  -45.96562,  -45.96514      
# span 15 =    33.1031,    34.8904      
# span 16 =    33.1025,    34.8898      
# span 17 =     2.8388,     8.6629      
# span 18 =     2.8418,     8.6659      
# span 19 =    25.6857,    27.7034      
# span 20 =    25.6845,    27.7028      
# span 21 =    6.25170,    8.69973      
# span 22 =    6.21217,    8.67334      
# span 23 =         14,        113      
# span 24 = 0.0000e+00, 0.0000e+00      
# interval = decibars: 1                
# start_time = Jul 11 2014 00:32:51 [NMEA time, header]
# bad_flag = -9.990e-29
*END*
[from data line 290]
      34832   1451.305    441.000     4.1266   3.276762     4.1262   3.276652      68.85     0.0182     2.7868     2.4477  33.828239  4.1249437   47.81366  -45.96546    34.8818    34.8809     4.0943     4.0940    27.6824    27.6817    6.39690    6.36510         18 0.0000e+00
      34852   1452.109    440.000     4.1267   3.276705     4.1264   3.276617      98.12     0.0121     2.7876     2.4477  33.833832  4.1238093   47.81364  -45.96546    34.8816    34.8808     4.0945     4.0943    27.6822    27.6816    6.39622    6.36036         21 0.0000e+00
      34874   1453.041    439.000     4.1279   3.276761     4.1277   3.276685      80.36     0.0137     2.7869     2.4476  33.829769  4.1237292   47.81366  -45.96546    34.8814    34.8808     4.0958     4.0956    27.6819    27.6814    6.39572    6.35843         24 0.0000e+00
      34898   1454.041    438.000     4.1285   3.276769     4.1284   3.276701      97.05     0.0124     2.7875     2.4475  33.829910  4.1267161   47.81366  -45.96546    34.8814    34.8807     4.0965     4.0964    27.6818    27.6813    6.39373    6.35942         23 0.0000e+00
      34921   1454.979    437.000     4.1305   3.276911     4.1305   3.276868      98.63     0.0144     2.7871     2.4477  33.829506  4.1264291   47.81366  -45.96546    34.8815    34.8810     4.0986     4.0986    27.6817    27.6813    6.39231    6.35480         22 0.0000e+00
      34941   1455.843    436.000     4.1350   3.277291     4.1349   3.277260      87.11     0.0143     2.7870     2.4470  33.827137  4.1320391   47.81367  -45.96546    34.8818    34.8815     4.1031     4.1030    27.6814    27.6812    6.38535    6.34043         20 0.0000e+00
      34961   1456.674    435.000     4.1377   3.277517     4.1392   3.277643      38.61     0.0131     2.7865     2.4458  33.827827  4.1330733   47.81368  -45.96546    34.8823    34.8820     4.1057     4.1074    27.6815    27.6811    6.38391    6.33917         20 0.0000e+00
      34982   1457.530    434.000     4.1422   3.277926     4.1447   3.278134      89.01     0.0157     2.7864     2.4455  33.826290  4.1330891   47.81368  -45.96546    34.8827    34.8827     4.1105     4.1154    27.6814    27.6811    6.38361    6.34220         21 0.0000e+00
      35003   1458.434    433.000     4.1474   3.278395     4.1486   3.278464      98.60     0.0217     2.7861     2.4451  33.826176  4.1330891   47.81370  -45.96546    34.8833    34.8829     4.1157     4.1169    27.6813    27.6809    6.38194    6.33748         22 0.0000e+00
      35025   1459.344    432.000     4.1509   3.278709     4.1516   3.278744      98.63     0.0222     2.7860     2.4446  33.824154  4.1330891   47.81370  -45.96546    34.8838    34.8835     4.1193     4.1200    27.6813    27.6810    6.37632    6.33588         21 0.0000e+00
      35046   1460.197    431.000     4.1574   3.279286     4.1587   3.279390      98.63     0.0192     2.7855     2.4443  33.824177  4.1330891   47.81372  -45.96546    34.8843    34.8842     4.1258     4.1271    27.6810    27.6808    6.37252    6.34106         20 0.0000e+00
      35064   1460.969    430.000     4.1656   3.280051     4.1666   3.280141      81.64     0.0182     2.7850     2.4453  33.824177  4.1330891   47.81372  -45.96546    34.8851    34.8852     4.1341     4.1351    27.6808    27.6807    6.37441    6.34715         18 0.0000e+00
      35082   1461.706    429.000     4.1719   3.280648     4.1741   3.280819      76.93     0.0208     2.7851     2.4457  33.830189  4.1342340   47.81373  -45.96546    34.8861    34.8859     4.1405     4.1426    27.6809    27.6805    6.36910    6.33642         17 0.0000e+00
      35101   1462.486    428.000     4.1761   3.281037     4.1774   3.281097      98.26     0.0179     2.7844     2.4451  33.831825  4.1344805   47.81374  -45.96546    34.8868    34.8861     4.1447     4.1460    27.6810    27.6803    6.36146    6.31799         21 0.0000e+00
      35123   1463.426    427.000     4.1784   3.281204     4.1790   3.281220      78.47     0.0219     2.7840     2.4430  33.831230  4.1395555   47.81374  -45.96546    34.8868    34.8864     4.1471     4.1477    27.6808    27.6804    6.36399    6.30583         25 0.0000e+00
      35150   1464.538    426.000     4.1809   3.281400     4.1815   3.281420      94.43     0.0241     2.7832     2.4416  33.829609  4.1518579   47.81376  -45.96546    34.8871    34.8867     4.1496     4.1502    27.6807    27.6803    6.35588    6.31201         27 0.0000e+00
      35175   1465.600    425.000     4.1835   3.281620     4.1844   3.281653      81.27     0.0242     2.7829     2.4412  33.831497  4.1558661   47.81376  -45.96546    34.8874    34.8869     4.1523     4.1532    27.6807    27.6801    6.35688    6.31601         24 0.0000e+00
      35197   1466.520    424.000     4.1861   3.281813     4.1862   3.281784      98.59     0.0208     2.7821     2.4414  33.832966  4.1623898   47.81376  -45.96546    34.8876    34.8870     4.1549     4.1551    27.6805    27.6801    6.35549    6.31418         20 0.0000e+00
      35217   1467.325    423.000     4.1897   3.282128     4.1903   3.282167      64.79     0.0170     2.7822     2.4406  33.830650  4.1601877   47.81378  -45.96546    34.8879    34.8877     4.1587     4.1593    27.6804    27.6802    6.35776    6.30679         18 0.0000e+00
      35234   1468.056    422.000     4.1939   3.282501     4.1946   3.282544      63.79     0.0159     2.7821     2.4404  33.826687  4.1624355   47.81378  -45.96546    34.8885    34.8882     4.1629     4.1636    27.6804    27.6801    6.35830    6.31191         17 0.0000e+00
      35251   1468.748    421.000     4.1972   3.282790     4.1975   3.282785      87.86     0.0202     2.7826     2.4410  33.826763  4.1623931   47.81378  -45.96546    34.8888    34.8885     4.1663     4.1666    27.6803    27.6800    6.35675    6.32101         17 0.0000e+00
      35268   1469.442    420.000     4.1992   3.282950     4.1999   3.282971      98.38     0.0228     2.7826     2.4417  33.828445  4.1657610   47.81378  -45.96546    34.8892    34.8887     4.1683     4.1691    27.6804    27.6799    6.35569    6.32041         17 0.0000e+00
      35285   1470.180    419.000     4.2015   3.283137     4.2016   3.283089      98.63     0.0217     2.7827     2.4421  33.828251  4.1720986   47.81378  -45.96546    34.8895    34.8889     4.1707     4.1722    27.6803    27.6799    6.35423    6.31244         18 0.0000e+00
      35305   1471.015    418.000     4.2051   3.283447     4.2063   3.283528      78.95     0.0168     2.7825     2.4418  33.830818  4.1721611   47.81380  -45.96546    34.8899    34.8895     4.1743     4.1756    27.6803    27.6799    6.34909    6.30820         22 0.0000e+00
      35330   1472.040    417.000     4.2087   3.283766     4.2098   3.283818      94.17     0.0164     2.7821     2.4419  33.837631  4.1810327   47.81382  -45.96546    34.8903    34.8898     4.1781     4.1792    27.6802    27.6797    6.34455    6.31400         28 0.0000e+00
      35359   1473.241    416.000     4.2113   3.283959     4.2123   3.283991      98.68     0.0186     2.7820     2.4427  33.838840  4.1840515   47.81382  -45.96546    34.8904    34.8897     4.1807     4.1817    27.6800    27.6794    6.35014    6.31472         28 0.0000e+00
      35385   1474.338    415.000     4.2128   3.284023     4.2126   3.283934      74.62     0.0172     2.7824     2.4431  33.838829  4.1918793   47.81382  -45.96546    34.8901    34.8893     4.1823     4.1821    27.6797    27.6790    6.34774    6.31045         24 0.0000e+00
      35406   1475.203    414.000     4.2118   3.283855     4.2116   3.283764      52.06     0.0209     2.7820     2.4428  33.838829  4.1916971   47.81384  -45.96546    34.8897    34.8889     4.1814     4.1811    27.6794    27.6788    6.34648    6.30171         19 0.0000e+00
      35424   1475.944    413.000     4.2112   3.283739     4.2109   3.283636      75.60     0.0225     2.7824     2.4420  33.837139  4.1928239   47.81384  -45.96546    34.8895    34.8886     4.1809     4.1806    27.6793    27.6786    6.35126    6.29711         17 0.0000e+00
      35440   1476.646    412.000     4.2106   3.283626     4.2102   3.283510      97.81     0.0215     2.7828     2.4417  33.838829  4.1916976   47.81385  -45.96546    34.8894    34.8885     4.1803     4.1799    27.6792    27.6786    6.35814    6.30188         16 0.0000e+00
      35457   1477.349    411.000     4.2100   3.283509     4.2094   3.283375      67.65     0.0185     2.7841     2.4418  33.841255  4.1938529   47.81386  -45.96546    34.8891    34.8882     4.1798     4.1792    27.6791    27.6784    6.36188    6.30370         18 0.0000e+00
      35476   1478.116    410.000     4.2092   3.283347     4.2085   3.283227      98.28     0.0186     2.7845     2.4418  33.852577  4.2013774   47.81386  -45.96546    34.8886    34.8879     4.1791     4.1784    27.6788    27.6783    6.35843    6.30782         19 0.0000e+00
      35497   1478.987    409.000     4.2084   3.283232     4.2078   3.283094      98.62     0.0206     2.7851     2.4426  33.852142  4.2014651   47.81386  -45.96546    34.8886    34.8876     4.1783     4.1778    27.6789    27.6781    6.35493    6.31983         22 0.0000e+00
      35519   1479.918    408.000     4.2071   3.283027     4.2061   3.282835      81.80     0.0222     2.7854     2.4444  33.858589  4.2014651   47.81386  -45.96546    34.8882    34.8870     4.1771     4.1761    27.6786    27.6778    6.35085    6.32642         23 0.0000e+00
      35541   1480.818    407.000     4.2037   3.282622     4.2025   3.282408      89.05     0.0190     2.7851     2.4453  33.863857  4.2014651   47.81387  -45.96546    34.8874    34.8862     4.1739     4.1726    27.6784    27.6775    6.34475    6.31489         21 0.0000e+00
      35562   1481.711    406.000     4.2015   3.282316     4.2007   3.282184      98.44     0.0168     2.7846     2.4449  33.862175  4.2014651   47.81388  -45.96546    34.8867    34.8860     4.1717     4.1709    27.6781    27.6775    6.34234    6.30531         22 0.0000e+00
      35585   1482.657    405.000     4.2010   3.282223     4.2008   3.282148      91.55     0.0158     2.7840     2.4445  33.862396  4.2014651   47.81388  -45.96546    34.8866    34.8860     4.1713     4.1711    27.6780    27.6775    6.34106    6.30827         23 0.0000e+00
      35608   1483.627    404.000     4.2035   3.282415     4.2042   3.282425      78.72     0.0169     2.7837     2.4448  33.861450  4.2014651   47.81389  -45.96546    34.8868    34.8862     4.1739     4.1745    27.6779    27.6773    6.34338    6.30766         22 0.0000e+00
      35629   1484.492    403.000     4.2080   3.282815     4.2096   3.282910      98.63     0.0164     2.7841     2.4443  33.854847  4.2014651   47.81390  -45.96546    34.8873    34.8868     4.1784     4.1800    27.6778    27.6772    6.34331    6.29971         20 0.0000e+00
      35648   1485.273    402.000     4.2126   3.283202     4.2143   3.283311      64.84     0.0180     2.7835     2.4440  33.858376  4.2014651   47.81390  -45.96546    34.8875    34.8871     4.1831     4.1847    27.6775    27.6770    6.34045    6.30210         18 0.0000e+00
      35666   1486.056    401.000     4.2181   3.283682     4.2202   3.283830      98.44     0.0190     2.7842     2.4441  33.858608  4.2014651   47.81390  -45.96546    34.8880    34.8874     4.1886     4.1907    27.6772    27.6766    6.34766    6.30292         20 0.0000e+00
      35687   1486.929    400.000     4.2212   3.283913     4.2220   3.283905      98.63     0.0195     2.7846     2.4444  33.854851  4.2014651   47.81391  -45.96546    34.8879    34.8870     4.1918     4.1926    27.6768    27.6760    6.34298    6.30705         22 0.0000e+00
      35711   1487.909    399.000     4.2219   3.283916     4.2220   3.283849      81.50     0.0196     2.7848     2.4452  33.865227  4.2097201   47.81392  -45.96546    34.8877    34.8868     4.1926     4.1927    27.6766    27.6759    6.34197    6.31168         24 0.0000e+00
      35734   1488.859    398.000     4.2222   3.283875     4.2219   3.283769      88.84     0.0183     2.7850     2.4459  33.866066  4.2108002   47.81393  -45.96546    34.8875    34.8865     4.1929     4.1926    27.6764    27.6757    6.34378    6.30838         21 0.0000e+00
      35754   1489.695    397.000     4.2208   3.283655     4.2202   3.283507      98.72     0.0166     2.7853     2.4462  33.868153  4.2161632   47.81394  -45.96546    34.8869    34.8857     4.1916     4.1910    27.6761    27.6752    6.34355    6.30767         20 0.0000e+00
      35772   1490.457    396.000     4.2192   3.283404     4.2185   3.283245      98.63     0.0161     2.7862     2.4462  33.868134  4.2204208   47.81394  -45.96546    34.8862    34.8850     4.1901     4.1894    27.6757    27.6748    6.34354    6.30459         17 0.0000e+00
      35790   1491.196    395.000     4.2178   3.283162     4.2166   3.282939      66.44     0.0211     2.7856     2.4462  33.868134  4.2204590   47.81394  -45.96546    34.8853    34.8839     4.1888     4.1876    27.6751    27.6742    6.34192    6.30164         18 0.0000e+00
      35808   1491.964    394.000     4.2148   3.282778     4.2131   3.282508      84.40     0.0190     2.7864     2.4461  33.868134  4.2210054   47.81395  -45.96546    34.8845    34.8830     4.1859     4.1842    27.6747    27.6738    6.34226    6.30431         19 0.0000e+00
      35827   1492.767    393.000     4.2123   3.282424     4.2114   3.282252      72.77     0.0165     2.7859     2.4465  33.868134  4.2210011   47.81396  -45.96546    34.8835    34.8824     4.1834     4.1826    27.6742    27.6734    6.33905    6.30493         20 0.0000e+00
      35847   1493.565    392.000     4.2112   3.282236     4.2107   3.282112      97.26     0.0154     2.7860     2.4462  33.877930  4.2210011   47.81396  -45.96546    34.8829    34.8820     4.1824     4.1819    27.6739    27.6732    6.34259    6.30300         19 0.0000e+00
      35866   1494.366    391.000     4.2119   3.282226     4.2122   3.282195      68.62     0.0159     2.7864     2.4466  33.887550  4.2210011   47.81396  -45.96546    34.8826    34.8819     4.1832     4.1835    27.6736    27.6730    6.34311    6.30662         20 0.0000e+00
      35888   1495.300    390.000     4.2140   3.282369     4.2147   3.282378      97.53     0.0170     2.7868     2.4468  33.884659  4.2210011   47.81398  -45.96546    34.8826    34.8819     4.1854     4.1861    27.6733    27.6727    6.34158    6.30174         25 0.0000e+00
      35918   1496.535    389.000     4.2168   3.282556     4.2177   3.282584      91.66     0.0156     2.7867     2.4463  33.883690  4.2210011   47.81399  -45.96546    34.8824    34.8817     4.1882     4.1892    27.6728    27.6722    6.33575    6.29011         32 0.0000e+00
      35946   1497.696    388.000     4.2194   3.282726     4.2194   3.282663      79.69     0.0202     2.7865     2.4451  33.884064  4.2210011   47.81400  -45.96546    34.8822    34.8814     4.1909     4.1909    27.6724    27.6718    6.33555    6.28482         23 0.0000e+00
      35965   1498.504    387.000     4.2192   3.282631     4.2187   3.282520      98.71     0.0206     2.7865     2.4444  33.883640  4.2210011   47.81400  -45.96546    34.8818    34.8810     4.1908     4.1903    27.6721    27.6715    6.33386    6.28221         17 0.0000e+00
      35981   1499.167    386.000     4.2176   3.282418     4.2173   3.282330      98.63     0.0203     2.7866     2.4439  33.882782  4.2210011   47.81400  -45.96546    34.8815    34.8807     4.1893     4.1890    27.6720    27.6715    6.32978    6.28055         15 0.0000e+00
      35996   1499.782    385.000     4.2176   3.282365     4.2178   3.282339      72.39     0.0184     2.7858     2.4434  33.870289  4.2210011   47.81401  -45.96546    34.8814    34.8809     4.1893     4.1895    27.6720    27.6715    6.31935    6.27751         15 0.0000e+00
