data/CTD/2014/CNV/u017a021.cnv
* Sea-Bird SBE 9 Data File:
* FileName = C:\CTD_ACQUISITION\2014017HUD\ctddata\017A021.hdr
* Software Version Seasave V 7.22.2
* Temperature SN = 5081
* Conductivity SN = 3561
* Number of Bytes Per Scan = 37
* Number of Voltage Words = 4
* Number of Scans Averaged by the Deck Unit = 1
* NMEA Latitude = 53 13.81 N
* NMEA Longitude = 050 28.39 W
* NMEA UTC (Time) = Jul 05 2014 02:20:47
* NMEA baud rate = 9600
** Ship: Hudson
** Cruise: HUD2014017
** Chief_Scientist: Blair Greenan
** Organization: BIO
** Area_of_Operation: Sackville Spur
** Station: 021
** Sounding:  3191
** Event_Comments: DSOW2, 403108
# nquan = 25
# nvalues = 3333                        
# units = specified
# name 0 = scan: Scan Count
# name 1 = timeS: Time, Elapsed [seconds]
# name 2 = prDM: Pressure, Digiquartz [db]
# name 3 = t068C: Temperature [ITS-68, deg C]
# name 4 = c0S/m: Conductivity [S/m]
# name 5 = t168C: Temperature, 2 [ITS-68, deg C]
# name 6 = c1S/m: Conductivity, 2 [S/m]
# name 7 = altM: Altimeter [m]
# name 8 = flC: Fluorescence, Chelsea Aqua 3 Chl Con [ug/l]
# name 9 = sbeox0V: Oxygen raw, SBE 43 [V]
# name 10 = sbeox1V: Oxygen raw, SBE 43, 2 [V]
# name 11 = upoly0: Upoly 0, Optode 4330F - O2 D-Phase
# name 12 = upoly1: Upoly 1, Optode 4330F - O2 Temp
# name 13 = latitude: Latitude [deg]
# name 14 = longitude: Longitude [deg]
# name 15 = sal00: Salinity, Practical [PSU]
# name 16 = sal11: Salinity, Practical, 2 [PSU]
# name 17 = potemp068C: Potential Temperature [ITS-68, deg C]
# name 18 = potemp168C: Potential Temperature, 2 [ITS-68, deg C]
# name 19 = sigma-é00: Density [sigma-theta, Kg/m^3]
# name 20 = sigma-é11: Density, 2 [sigma-theta, Kg/m^3]
# name 21 = sbeox0ML/L: Oxygen, SBE 43 [ml/l], WS = 2
# name 22 = sbeox1ML/L: Oxygen, SBE 43, 2 [ml/l], WS = 2
# name 23 = nbin: number of scans per bin
# name 24 = flag: flag
# span 0 =      87552,     188705       
# span 1 =   3647.953,   7862.654       
# span 2 =      1.000,   3333.000       
# span 3 =     1.7913,     9.1338       
# span 4 =   3.182746,   3.680538       
# span 5 =     1.7904,     9.1360       
# span 6 =   3.182706,   3.680673       
# span 7 =       1.07,     108.22       
# span 8 =     0.0061,     0.5206       
# span 9 =     2.0665,     3.4804       
# span 10 =     1.8310,     3.0608      
# span 11 =  29.959309,  35.729229      
# span 12 =  1.7789047,  9.1770334      
# span 13 =   53.22644,   53.23164      
# span 14 =  -50.47008,  -50.45936      
# span 15 =    34.5125,    34.9165      
# span 16 =    34.5115,    34.9166      
# span 17 =     1.5462,     9.1337      
# span 18 =     1.5451,     9.1357      
# span 19 =    26.7152,    27.9213      
# span 20 =    26.7145,    27.9216      
# span 21 =    6.28159,    7.41548      
# span 22 =    6.14591,    7.49118      
# span 23 =         11,         83      
# span 24 = 0.0000e+00, 0.0000e+00      
# interval = decibars: 1                
# start_time = Jul 05 2014 02:20:47 [NMEA time, header]
# bad_flag = -9.990e-29
*END*
[from data line 870]
     111560   4648.278   2463.000     2.8321   3.249240     2.8313   3.249178      75.34     0.0153     2.2007     1.9370  35.571175  2.8221607   53.22958  -50.46782    34.9159    34.9160     2.6389     2.6381    27.8507    27.8509    6.39541    6.31132         34 0.0000e+00
     111624   4650.958   2462.000     2.8308   3.249056     2.8289   3.248901      49.82     0.0120     2.2009     1.9379  35.575188  2.8198395   53.22956  -50.46780    34.9156    34.9157     2.6377     2.6359    27.8505    27.8508    6.40092    6.31238         16 0.0000e+00
     111637   4651.493   2461.000     2.8315   3.249064     2.8288   3.248874      63.07     0.0124     2.2008     1.9379  35.573841  2.8142796   53.22956  -50.46780    34.9153    34.9160     2.6385     2.6358    27.8503    27.8510    6.40237    6.30908         12 0.0000e+00
     111649   4651.996   2460.000     2.8328   3.249158     2.8306   3.249012      99.84     0.0122     2.2013     1.9380  35.571346  2.8152494   53.22956  -50.46780    34.9156    34.9162     2.6399     2.6377    27.8504    27.8510    6.39882    6.31098         12 0.0000e+00
     111661   4652.496   2459.000     2.8348   3.249297     2.8342   3.249305      98.63     0.0144     2.2011     1.9381  35.571148  2.8144145   53.22956  -50.46780    34.9156    34.9163     2.6419     2.6414    27.8502    27.8508    6.40658    6.31521         13 0.0000e+00
     111674   4653.022   2458.000     2.8362   3.249396     2.8374   3.249539      98.63     0.0180     2.2015     1.9385  35.571144  2.8209217   53.22956  -50.46780    34.9158    34.9162     2.6434     2.6446    27.8502    27.8504    6.40193    6.31862         13 0.0000e+00
     111688   4653.619   2457.000     2.8380   3.249518     2.8391   3.249651      78.13     0.0170     2.2019     1.9387  35.571415  2.8240426   53.22956  -50.46780    34.9158    34.9162     2.6453     2.6547    27.8501    27.8503    6.40209    6.31790         16 0.0000e+00
     111709   4654.499   2456.000     2.8384   3.249526     2.8393   3.249624      70.43     0.0140     2.2019     1.9391  35.573383  2.8241758   53.22956  -50.46780    34.9160    34.9162     2.6458     2.6476    27.8501    27.8502    6.39997    6.31423         30 0.0000e+00
     111774   4657.223   2455.000     2.8356   3.249251     2.8331   3.249037     106.91     0.0122     2.2026     1.9394  35.572178  2.8243690   53.22955  -50.46780    34.9161    34.9162     2.6431     2.6406    27.8505    27.8508    6.39569    6.30590         65 0.0000e+00
     111804   4658.466   2454.000     2.8353   3.249141     2.8339   3.249049      95.89     0.0106     2.2022     1.9393  35.569218  2.8247001   53.22954  -50.46780    34.9156    34.9159     2.6429     2.6415    27.8501    27.8505    6.40751    6.30914         19 0.0000e+00
     111820   4659.143   2453.000     2.8372   3.249256     2.8342   3.249055      25.73     0.0147     2.2038     1.9394  35.575062  2.8241782   53.22954  -50.46780    34.9154    34.9162     2.6448     2.6419    27.8498    27.8506    6.41413    6.30838         16 0.0000e+00
     111835   4659.771   2452.000     2.8415   3.249607     2.8387   3.249419      97.61     0.0160     2.2031     1.9395  35.569862  2.8241758   53.22954  -50.46780    34.9156    34.9163     2.6491     2.6464    27.8495    27.8503    6.39595    6.30550         14 0.0000e+00
     111850   4660.375   2451.000     2.8434   3.249754     2.8422   3.249683      98.64     0.0168     2.2032     1.9394  35.570694  2.8241758   53.22954  -50.46780    34.9158    34.9161     2.6511     2.6500    27.8495    27.8499    6.40034    6.31108         15 0.0000e+00
     111865   4660.988   2450.000     2.8438   3.249760     2.8440   3.249790      98.64     0.0165     2.2039     1.9398  35.568779  2.8280077   53.22954  -50.46778    34.9158    34.9160     2.6517     2.6518    27.8495    27.8497    6.40466    6.32069         15 0.0000e+00
     111881   4661.669   2449.000     2.8447   3.249800     2.8449   3.249838      71.52     0.0162     2.2039     1.9405  35.567791  2.8311446   53.22954  -50.46778    34.9158    34.9161     2.6526     2.6603    27.8494    27.8496    6.40548    6.31861         18 0.0000e+00
     111904   4662.619   2448.000     2.8453   3.249824     2.8450   3.249811      63.69     0.0199     2.2043     1.9406  35.569920  2.8319809   53.22954  -50.46778    34.9160    34.9161     2.6533     2.6537    27.8495    27.8496    6.40034    6.31173         31 0.0000e+00
     111958   4664.886   2447.000     2.8436   3.249636     2.8418   3.249483      78.83     0.0182     2.2045     1.9412  35.571060  2.8343251   53.22953  -50.46778    34.9159    34.9161     2.6518     2.6499    27.8496    27.8499    6.39238    6.31617         56 0.0000e+00
     111987   4666.098   2446.000     2.8426   3.249485     2.8416   3.249419      99.15     0.0185     2.2041     1.9418  35.567692  2.8339438   53.22952  -50.46778    34.9157    34.9159     2.6508     2.6499    27.8495    27.8497    6.39173    6.31478         18 0.0000e+00
     112003   4666.760   2445.000     2.8453   3.249664     2.8443   3.249623      64.12     0.0164     2.2042     1.9416  35.569748  2.8339438   53.22952  -50.46778    34.9155    34.9161     2.6536     2.6526    27.8490    27.8496    6.40191    6.30905         15 0.0000e+00
     112018   4667.381   2444.000     2.8487   3.249929     2.8480   3.249903      47.75     0.0140     2.2050     1.9419  35.570705  2.8339438   53.22952  -50.46778    34.9155    34.9160     2.6570     2.6563    27.8488    27.8492    6.40754    6.31119         15 0.0000e+00
     112033   4668.005   2443.000     2.8506   3.250051     2.8504   3.250061      99.04     0.0126     2.2054     1.9419  35.569710  2.8339438   53.22952  -50.46778    34.9155    34.9158     2.6590     2.6588    27.8486    27.8489    6.40018    6.31056         15 0.0000e+00
     112050   4668.691   2442.000     2.8512   3.250084     2.8512   3.250104      70.06     0.0137     2.2050     1.9421  35.570210  2.8339438   53.22952  -50.46778    34.9156    34.9159     2.6597     2.6597    27.8486    27.8488    6.39467    6.30818         18 0.0000e+00
     112072   4669.623   2441.000     2.8518   3.250109     2.8516   3.250101      72.99     0.0121     2.2054     1.9421  35.568836  2.8339438   53.22952  -50.46778    34.9158    34.9159     2.6604     2.6601    27.8487    27.8488    6.39606    6.30771         30 0.0000e+00
     112120   4671.642   2440.000     2.8505   3.249958     2.8487   3.249810      74.83     0.0159     2.2059     1.9422  35.567955  2.8416195   53.22951  -50.46778    34.9158    34.9159     2.6592     2.6575    27.8488    27.8490    6.40034    6.30620         54 0.0000e+00
     112153   4673.009   2439.000     2.8497   3.249823     2.8481   3.249701      99.20     0.0163     2.2061     1.9424  35.567760  2.8387895   53.22950  -50.46778    34.9155    34.9158     2.6585     2.6569    27.8486    27.8490    6.40549    6.30987         20 0.0000e+00
     112171   4673.734   2438.000     2.8512   3.249908     2.8503   3.249855      98.64     0.0132     2.2071     1.9424  35.567764  2.8339131   53.22950  -50.46777    34.9154    34.9157     2.6601     2.6592    27.8484    27.8488    6.39975    6.31259         16 0.0000e+00
     112187   4674.426   2437.000     2.8526   3.249997     2.8519   3.249964      98.64     0.0120     2.2066     1.9428  35.567764  2.8345265   53.22950  -50.46776    34.9155    34.9158     2.6615     2.6608    27.8483    27.8487    6.38802    6.31172         17 0.0000e+00
     112205   4675.149   2436.000     2.8530   3.249999     2.8525   3.249974      98.64     0.0119     2.2066     1.9429  35.567764  2.8415749   53.22950  -50.46776    34.9155    34.9158     2.6620     2.6615    27.8484    27.8486    6.40040    6.30803         18 0.0000e+00
     112224   4675.956   2435.000     2.8532   3.249990     2.8532   3.249998      98.64     0.0158     2.2071     1.9430  35.567764  2.8418503   53.22950  -50.46776    34.9156    34.9158     2.6624     2.6623    27.8484    27.8485    6.39934    6.30743         21 0.0000e+00
     112245   4676.854   2434.000     2.8540   3.250005     2.8544   3.250059      53.48     0.0174     2.2072     1.9431  35.567764  2.8423796   53.22950  -50.46776    34.9155    34.9158     2.6632     2.6635    27.8482    27.8484    6.39434    6.30506         22 0.0000e+00
     112267   4677.768   2433.000     2.8549   3.250039     2.8547   3.250046      83.94     0.0188     2.2071     1.9430  35.567764  2.8437071   53.22950  -50.46776    34.9154    34.9157     2.6642     2.6640    27.8480    27.8483    6.39423    6.30302         22 0.0000e+00
     112289   4678.660   2432.000     2.8549   3.250013     2.8546   3.249985      98.53     0.0183     2.2076     1.9432  35.567764  2.8437119   53.22950  -50.46776    34.9155    34.9156     2.6643     2.6639    27.8481    27.8482    6.40495    6.30376         21 0.0000e+00
     112311   4679.603   2431.000     2.8550   3.249984     2.8545   3.249945      73.23     0.0194     2.2079     1.9433  35.567764  2.8437119   53.22949  -50.46776    34.9156    34.9157     2.6644     2.6639    27.8482    27.8483    6.39835    6.30993         24 0.0000e+00
     112340   4680.780   2430.000     2.8552   3.249963     2.8547   3.249929      77.42     0.0151     2.2082     1.9437  35.561474  2.8467867   53.22948  -50.46776    34.9156    34.9157     2.6647     2.6643    27.8482    27.8483    6.39656    6.31119         34 0.0000e+00
     112378   4682.354   2429.000     2.8549   3.249894     2.8545   3.249866      63.06     0.0171     2.2083     1.9442  35.553280  2.8523436   53.22948  -50.46776    34.9156    34.9156     2.6645     2.6642    27.8482    27.8482    6.39728    6.30914         38 0.0000e+00
     112410   4683.709   2428.000     2.8551   3.249858     2.8545   3.249821     100.31     0.0173     2.2088     1.9446  35.553093  2.8535411   53.22948  -50.46776    34.9153    34.9156     2.6649     2.6642    27.8479    27.8482    6.39685    6.31173         26 0.0000e+00
     112432   4684.629   2427.000     2.8560   3.249893     2.8552   3.249854      74.97     0.0169     2.2092     1.9447  35.553864  2.8534799   53.22948  -50.46775    34.9153    34.9156     2.6658     2.6651    27.8478    27.8482    6.41351    6.30969         20 0.0000e+00
     112451   4685.406   2426.000     2.8580   3.250030     2.8578   3.250044      48.89     0.0142     2.2099     1.9450  35.553104  2.8534799   53.22948  -50.46774    34.9153    34.9157     2.6679     2.6677    27.8476    27.8480    6.39919    6.31323         18 0.0000e+00
     112468   4686.121   2425.000     2.8600   3.250168     2.8600   3.250197      98.34     0.0154     2.2094     1.9452  35.553112  2.8534799   53.22946  -50.46774    34.9153    34.9156     2.6700     2.6700    27.8475    27.8477    6.39025    6.31226         17 0.0000e+00
     112485   4686.847   2424.000     2.8614   3.250256     2.8624   3.250366      98.64     0.0200     2.2095     1.9455  35.553112  2.8529425   53.22946  -50.46775    34.9153    34.9156     2.6714     2.6724    27.8474    27.8475    6.39792    6.31097         18 0.0000e+00
     112505   4687.652   2423.000     2.8624   3.250305     2.8645   3.250500      98.64     0.0218     2.2102     1.9456  35.550369  2.8534703   53.22946  -50.46776    34.9153    34.9155     2.6725     2.6745    27.8473    27.8472    6.40279    6.30987         21 0.0000e+00
     112528   4688.620   2422.000     2.8632   3.250334     2.8651   3.250511      98.64     0.0219     2.2103     1.9459  35.548649  2.8534799   53.22946  -50.46776    34.9154    34.9154     2.6733     2.6753    27.8472    27.8471    6.39461    6.30952         26 0.0000e+00
     112555   4689.769   2421.000     2.8643   3.250397     2.8650   3.250466      58.88     0.0183     2.2105     1.9460  35.553104  2.8534799   53.22946  -50.46776    34.9154    34.9154     2.6746     2.6753    27.8471    27.8471    6.40467    6.30868         28 0.0000e+00
     112582   4690.889   2420.000     2.8650   3.250395     2.8649   3.250407      88.67     0.0165     2.2108     1.9463  35.553112  2.8550625   53.22946  -50.46776    34.9151    34.9153     2.6753     2.6752    27.8468    27.8470    6.39779    6.31134         25 0.0000e+00
     112605   4691.851   2419.000     2.8648   3.250352     2.8650   3.250376      98.60     0.0146     2.2115     1.9468  35.553112  2.8618910   53.22946  -50.46776    34.9152    34.9153     2.6753     2.6755    27.8469    27.8470    6.40219    6.31154         22 0.0000e+00
     112627   4692.742   2418.000     2.8654   3.250369     2.8652   3.250354      60.96     0.0178     2.2116     1.9467  35.553802  2.8600097   53.22946  -50.46775    34.9152    34.9153     2.6760     2.6758    27.8469    27.8469    6.39742    6.30933         21 0.0000e+00
     112649   4693.683   2417.000     2.8659   3.250369     2.8649   3.250294      59.58     0.0171     2.2119     1.9470  35.553131  2.8631623   53.22945  -50.46774    34.9152    34.9153     2.6765     2.6756    27.8468    27.8470    6.39961    6.30838         25 0.0000e+00
     112678   4694.894   2416.000     2.8658   3.250323     2.8647   3.250240      57.67     0.0160     2.2118     1.9471  35.553112  2.8632479   53.22944  -50.46774    34.9152    34.9154     2.6765     2.6754    27.8468    27.8471    6.39325    6.30766         34 0.0000e+00
     112714   4696.374   2415.000     2.8657   3.250265     2.8648   3.250195     100.47     0.0191     2.2119     1.9474  35.553112  2.8632479   53.22944  -50.46774    34.9151    34.9152     2.6765     2.6756    27.8468    27.8469    6.39241    6.30942         32 0.0000e+00
     112739   4697.438   2414.000     2.8656   3.250221     2.8648   3.250157      91.54     0.0213     2.2121     1.9475  35.553112  2.8632479   53.22944  -50.46774    34.9151    34.9153     2.6766     2.6757    27.8467    27.8469    6.40099    6.30514         21 0.0000e+00
     112759   4698.243   2413.000     2.8659   3.250198     2.8649   3.250133      27.37     0.0188     2.2124     1.9475  35.553112  2.8632479   53.22944  -50.46774    34.9151    34.9153     2.6769     2.6837    27.8467    27.8470    6.39376    6.29890         18 0.0000e+00
     112776   4698.968   2412.000     2.8659   3.250160     2.8649   3.250092      99.64     0.0147     2.2121     1.9472  35.544376  2.8632479   53.22944  -50.46774    34.9151    34.9153     2.6770     2.6759    27.8467    27.8469    6.39290    6.29976         17 0.0000e+00
     112793   4699.674   2411.000     2.8657   3.250113     2.8648   3.250048      69.99     0.0159     2.2128     1.9472  35.545364  2.8632479   53.22944  -50.46774    34.9152    34.9153     2.6769     2.6760    27.8468    27.8469    6.39977    6.30933         17 0.0000e+00
     112811   4700.412   2410.000     2.8656   3.250064     2.8647   3.249995      49.79     0.0145     2.2127     1.9477  35.539272  2.8632479   53.22944  -50.46774    34.9152    34.9153     2.6769     2.6760    27.8467    27.8469    6.39123    6.31044         19 0.0000e+00
     112831   4701.254   2409.000     2.8655   3.250020     2.8646   3.249956      97.67     0.0147     2.2125     1.9479  35.520847  2.8632479   53.22944  -50.46774    34.9152    34.9154     2.6769     2.6760    27.8468    27.8470    6.39301    6.30739         22 0.0000e+00
     112861   4702.493   2408.000     2.8653   3.249962     2.8644   3.249900      69.28     0.0171     2.2129     1.9480  35.522243  2.8632479   53.22943  -50.46774    34.9152    34.9154     2.6768     2.6759    27.8468    27.8470    6.39529    6.30086         40 0.0000e+00
     112901   4704.164   2407.000     2.8651   3.249893     2.8642   3.249834      94.57     0.0185     2.2135     1.9478  35.524956  2.8632479   53.22942  -50.46774    34.9151    34.9152     2.6767     2.6759    27.8467    27.8469    6.39796    6.30175         31 0.0000e+00
