data/CTD/2014/CNV/u017a001.cnv
* Sea-Bird SBE 9 Data File:
* FileName = C:\CTD_ACQUISITION\2014017HUD\ctddata\017A000.hdr
* Software Version Seasave V 7.22.2
* Temperature SN = 5081
* Conductivity SN = 3561
* Number of Bytes Per Scan = 37
* Number of Voltage Words = 4
* Number of Scans Averaged by the Deck Unit = 1
* NMEA Latitude = 44 41.86 N
* NMEA Longitude = 063 38.53 W
* NMEA UTC (Time) = Jun 30 2014 16:09:06
* NMEA baud rate = 9600
** Ship: Hudson
** Cruise: HUD2014017
** Chief_Scientist: Blair Greenan
** Organization: BIO
** Area_of_Operation: Sackville Spur Bedford Basin
** Station: 001
** Sounding:  62
** Event_Comments:
** Test station
# nquan = 25
# nvalues = 50                          
# units = specified
# name 0 = scan: Scan Count
# name 1 = timeS: Time, Elapsed [seconds]
# name 2 = prDM: Pressure, Digiquartz [db]
# name 3 = t068C: Temperature [ITS-68, deg C]
# name 4 = c0S/m: Conductivity [S/m]
# name 5 = t168C: Temperature, 2 [ITS-68, deg C]
# name 6 = c1S/m: Conductivity, 2 [S/m]
# name 7 = altM: Altimeter [m]
# name 8 = flC: Fluorescence, Chelsea Aqua 3 Chl Con [ug/l]
# name 9 = sbeox0V: Oxygen raw, SBE 43 [V]
# name 10 = sbeox1V: Oxygen raw, SBE 43, 2 [V]
# name 11 = upoly0: Upoly 0, Optode 4330F - O2 D-Phase
# name 12 = upoly1: Upoly 1, Optode 4330F - O2 Temp
# name 13 = latitude: Latitude [deg]
# name 14 = longitude: Longitude [deg]
# name 15 = sal00: Salinity, Practical [PSU]
# name 16 = sal11: Salinity, Practical, 2 [PSU]
# name 17 = potemp068C: Potential Temperature [ITS-68, deg C]
# name 18 = potemp168C: Potential Temperature, 2 [ITS-68, deg C]
# name 19 = sigma-é00: Density [sigma-theta, Kg/m^3]
# name 20 = sigma-é11: Density, 2 [sigma-theta, Kg/m^3]
# name 21 = sbeox0ML/L: Oxygen, SBE 43 [ml/l], WS = 2
# name 22 = sbeox1ML/L: Oxygen, SBE 43, 2 [ml/l], WS = 2
# name 23 = nbin: number of scans per bin
# name 24 = flag: flag
# span 0 =      15782,      17907       
# span 1 =    657.560,    746.092       
# span 2 =      1.000,     50.000       
# span 3 =     1.6391,    11.7322       
# span 4 =   2.735594,   3.399629       
# span 5 =     1.6351,    11.7885       
# span 6 =   2.735666,   3.407509       
# span 7 =       3.52,      98.73       
# span 8 =     0.0386,     0.8457       
# span 9 =     2.0134,     3.8481       
# span 10 =     1.7653,     3.3457      
# span 11 =  24.797472,  29.023951      
# span 12 =  2.9142327,  5.9181948      
# span 13 =   44.69818,   44.69832      
# span 14 =  -63.64136,  -63.64116      
# span 15 =    29.4297,    31.0796      
# span 16 =    29.4541,    31.0822      
# span 17 =     1.6370,    11.7320      
# span 18 =     1.6330,    11.7884      
# span 19 =    22.3146,    24.8557      
# span 20 =    22.3232,    24.8582      
# span 21 =    4.47401,    8.32960      
# span 22 =    4.39970,    8.18765      
# span 23 =         30,         48      
# span 24 = 0.0000e+00, 0.0000e+00      
# interval = decibars: 1                
# start_time = Jun 30 2014 16:09:06 [NMEA time, header]
# bad_flag = -9.990e-29
*END*
      15821    659.166     50.000     1.6433   2.737610     1.6375   2.737359      10.17     0.0502     2.0134     1.7653  27.228962  3.2028410   44.69818  -63.64135    31.0796    31.0822     1.6412     1.6353    24.8557    24.8582    4.47401    4.39970         32 0.0000e+00
      15782    657.560     49.000     1.6417   2.737276     1.6399   2.737228      10.89     0.0490     2.0241     1.7781  27.156857  3.2818244   44.69818  -63.64136    31.0776    31.0787     1.6396     1.6378    24.8542    24.8553    4.53329    4.44077         33 0.0000e+00
      15814    658.872     48.000     1.6391   2.736679     1.6351   2.736301      11.47     0.0481     2.0366     1.7886  27.186749  3.2571723   44.69818  -63.64136    31.0732    31.0724     1.6370     1.6330    24.8509    24.8505    4.58007    4.45482         31 0.0000e+00
      15845    660.179     47.000     1.6399   2.736310     1.6391   2.736042      12.18     0.0433     2.0482     1.7977  27.221176  3.2469378   44.69820  -63.64136    31.0683    31.0657     1.6379     1.6371    24.8469    24.8449    4.59464    4.49518         31 0.0000e+00
      15877    661.492     46.000     1.6403   2.735889     1.6408   2.735666       4.00     0.0456     2.0580     1.8082  27.242426  3.2392406   44.69820  -63.64136    31.0632    31.0599     1.6383     1.6388    24.8428    24.8400    4.61505    4.53707         32 0.0000e+00
      15909    662.820     45.000     1.6421   2.735594     1.6488   2.735826       3.52     0.0437     2.0683     1.8203  27.274904  3.2245831   44.69820  -63.64135    31.0583    31.0545     1.6402     1.6469    24.8387    24.8352    4.65784    4.59563         32 0.0000e+00
      15940    664.142     44.000     1.6481   2.735711     1.6598   2.736299       3.97     0.0447     2.0802     1.8342  27.297222  3.2099855   44.69820  -63.64134    31.0543    31.0501     1.6462     1.6579    24.8351    24.8310    4.70250    4.65671         31 0.0000e+00
      15971    665.437     43.000     1.6563   2.735953     1.6656   2.736351       4.14     0.0426     2.0929     1.8489  27.313267  3.1996050   44.69820  -63.64134    31.0498    31.0455     1.6545     1.6638    24.8310    24.8270    4.74531    4.71245         31 0.0000e+00
      16002    666.720     42.000     1.6639   2.736107     1.6751   2.736612       4.20     0.0427     2.1066     1.8640  27.348299  3.1762462   44.69820  -63.64134    31.0447    31.0400     1.6621     1.6732    24.8264    24.8220    4.80017    4.76756         31 0.0000e+00
      16033    668.012     41.000     1.6726   2.736344     1.6893   2.737030       4.58     0.0453     2.1220     1.8802  27.367538  3.1615119   44.69820  -63.64134    31.0397    31.0317     1.6708     1.6875    24.8218    24.8144    4.85737    4.82982         31 0.0000e+00
      16064    669.302     40.000     1.6826   2.736687     1.7180   2.738340       5.08     0.0424     2.1402     1.8965  27.382137  3.1502068   44.69820  -63.64134    31.0347    31.0204     1.6809     1.7162    24.8172    24.8035    4.93654    4.88271         31 0.0000e+00
      16095    670.600     39.000     1.7025   2.737441     1.7499   2.739847       5.99     0.0386     2.1610     1.9127  27.421112  3.1270640   44.69820  -63.64134    31.0249    31.0083     1.7008     1.7482    24.8081    24.7917    4.99469    4.93526         32 0.0000e+00
      16127    671.897     38.000     1.7336   2.738827     1.7821   2.741462      18.89     0.0415     2.1798     1.9297  27.444061  3.1133254   44.69820  -63.64133    31.0122    30.9973     1.7319     1.7805    24.7958    24.7807    5.03322    4.99911         31 0.0000e+00
      16158    673.208     37.000     1.7681   2.740565     1.8358   2.744163      23.21     0.0416     2.1989     1.9481  27.461420  3.1011465   44.69822  -63.64132    31.0005    30.9787     1.7665     1.8342    24.7842    24.7623    5.09004    5.06524         31 0.0000e+00
      16190    674.528     36.000     1.8392   2.744002     1.8799   2.746415      24.18     0.0393     2.2180     1.9663  27.479948  3.0777171   44.69822  -63.64132    30.9739    30.9640     1.8376     1.8783    24.7583    24.7476    5.12977    5.10307         32 0.0000e+00
      16221    675.842     35.000     1.8725   2.745787     1.9297   2.748963      25.22     0.0431     2.2373     1.9831  27.503166  3.0619700   44.69822  -63.64132    30.9640    30.9473     1.8709     1.9282    24.7481    24.7310    5.18572    5.15984         31 0.0000e+00
      16253    677.155     34.000     1.9166   2.747954     1.9796   2.751769      26.20     0.0387     2.2570     2.0018  27.524420  3.0487454   44.69822  -63.64132    30.9482    30.9338     1.9151     1.9781    24.7325    24.7168    5.24073    5.24361         32 0.0000e+00
      16284    678.464     33.000     1.9476   2.749819     2.0386   2.755163      27.27     0.0409     2.2780     2.0250  27.553232  3.0292246   44.69822  -63.64132    30.9416    30.9187     1.9461     2.0371    24.7251    24.7006    5.31303    5.36299         31 0.0000e+00
      16315    679.754     32.000     1.9936   2.752861     2.1369   2.761461      28.09     0.0419     2.3006     2.0537  27.573496  3.0204561   44.69822  -63.64131    30.9348    30.9012     1.9921     2.1355    24.7166    24.6798    5.39948    5.51085         31 0.0000e+00
      16346    681.053     31.000     2.1263   2.760305     2.2430   2.768137      29.11     0.0456     2.3288     2.0886  27.596899  3.0098450   44.69822  -63.64130    30.8978    30.8808     2.1249     2.2415    24.6779    24.6560    5.51130    5.63955         32 0.0000e+00
      16378    682.368     30.000     2.2141   2.766015     2.3682   2.776451      30.10     0.0486     2.3630     2.1267  27.624798  2.9915957   44.69822  -63.64130    30.8833    30.8607     2.2127     2.3668    24.6600    24.6309    5.63613    5.78139         31 0.0000e+00
      16409    683.676     29.000     2.3650   2.774176     2.6330   2.793518      31.02     0.0515     2.4022     2.1678  27.638287  2.9826055   44.69823  -63.64130    30.8377    30.8150     2.3636     2.6315    24.6127    24.5747    5.77022    5.93281         31 0.0000e+00
      16441    684.986     28.000     2.5865   2.789938     2.8597   2.809885      32.27     0.0492     2.4465     2.2162  27.655762  2.9703312   44.69824  -63.64130    30.8167    30.7960     2.5851     2.8583    24.5796    24.5420    5.89651    6.10921         32 0.0000e+00
      16472    686.283     27.000     2.7543   2.801537     3.1922   2.833955      33.30     0.0512     2.4962     2.2669  27.668358  2.9537883   44.69824  -63.64130    30.7967    30.7684     2.7529     3.1907    24.5508    24.4929    6.06791    6.23785         31 0.0000e+00
      16502    687.557     26.000     3.0886   2.824999     3.6815   2.869214      34.23     0.0503     2.5501     2.3142  27.679562  2.9456601   44.69824  -63.64129    30.7603    30.7270     3.0872     3.6800    24.4950    24.4180    6.15751    6.32175         30 0.0000e+00
      16533    688.842     25.000     3.4579   2.851569     4.0100   2.894623      43.90     0.0464     2.6025     2.3623  27.699772  2.9318454   44.69824  -63.64128    30.7273    30.7150     3.4565     4.0085    24.4377    24.3784    6.23753    6.40675         31 0.0000e+00
      16564    690.134     24.000     3.8788   2.884173     4.4400   2.925591      85.70     0.0500     2.6560     2.4088  27.722006  2.9246402   44.69824  -63.64128    30.7141    30.6747     3.8795     4.4385    24.3895    24.3051    6.30525    6.46174         31 0.0000e+00
      16595    691.430     23.000     4.2351   2.911081     4.9400   2.963950      56.69     0.0490     2.7082     2.4534  27.734262  2.9202352   44.69824  -63.64128    30.6977    30.6536     4.2336     4.9384    24.3433    24.2376    6.38185    6.51639         31 0.0000e+00
      16626    692.727     22.000     4.6951   2.944551     5.3437   2.996064      55.48     0.0487     2.7616     2.4950  27.758209  2.9142327   44.69824  -63.64128    30.6685    30.6485     4.6822     5.3421    24.2757    24.1905    6.44183    6.53903         32 0.0000e+00
      16658    694.035     21.000     5.1251   2.977623     5.5540   3.013107      28.72     0.0520     2.8118     2.5315  27.748365  2.9152339   44.69824  -63.64128    30.6403    30.6490     5.1236     5.5525    24.2076    24.1676    6.46555    6.52200         31 0.0000e+00
      16690    695.355     20.000     5.3402   2.996646     5.9020   3.040600      98.73     0.0570     2.8577     2.5603  27.729387  2.9212480   44.69824  -63.64126    30.6592    30.6409     5.3388     5.9004    24.1992    24.1216    6.50674    6.52039         32 0.0000e+00
      16721    696.678     19.000     5.7377   3.025718     6.1601   3.059935      98.61     0.0574     2.8948     2.5822  27.655062  2.9317107   44.69824  -63.64126    30.6242    30.6228     5.7363     6.1586    24.1273    24.0770    6.48263    6.48442         31 0.0000e+00
      16753    697.991     18.000     6.0173   3.047267     6.4389   3.080611      98.61     0.0664     2.9244     2.6003  27.543381  2.9454877   44.69824  -63.64126    30.6137    30.6004     6.0159     6.4375    24.0866    24.0257    6.47007    6.47656         32 0.0000e+00
      16784    699.300     17.000     6.3068   3.069149     6.6769   3.098247      98.61     0.0576     2.9475     2.6177  27.446613  2.9588084   44.69824  -63.64126    30.5933    30.5810     6.3055     6.6755    24.0361    23.9811    6.45394    6.48527         31 0.0000e+00
      16816    700.613     16.000     6.5090   3.085322     6.8191   3.107950      98.61     0.0583     2.9683     2.6361  27.184971  3.0002921   44.69826  -63.64126    30.5902    30.5605     6.5077     6.8178    24.0091    23.9470    6.46803    6.50858         32 0.0000e+00
      16847    701.933     15.000     6.6802   3.097595     6.9085   3.113520      98.61     0.0697     2.9890     2.6559  26.929844  3.0346887   44.69826  -63.64126    30.5719    30.5420     6.6790     6.9072    23.9735    23.9211    6.49953    6.56667         32 0.0000e+00
      16879    703.254     14.000     6.8024   3.105449     7.0181   3.120619      98.61     0.0776     3.0119     2.6846  26.721069  3.0627935   44.69826  -63.64124    30.5491    30.5221     6.8012     7.0169    23.9401    23.8914    6.58308    6.72152         31 0.0000e+00
      16911    704.584     13.000     6.9447   3.114903     7.1813   3.130950      98.61     0.1000     3.0511     2.7330  26.233841  3.1216741   44.69826  -63.64124    30.5258    30.4898     6.9436     7.1802    23.9037    23.8448    6.77096    6.94379         33 0.0000e+00
      16943    705.920     12.000     7.0814   3.123539     7.3365   3.140674      98.55     0.1189     3.1051     2.7926  25.857931  3.1594577   44.69826  -63.64124    30.4986    30.4581     7.0803     7.3354    23.8647    23.7996    6.93257    7.10265         32 0.0000e+00
      16975    707.250     11.000     7.2363   3.133815     7.5285   3.152871      98.36     0.1796     3.1609     2.8436  25.556181  3.1896889   44.69826  -63.64124    30.4730    30.4205     7.2353     7.5275    23.8245    23.7445    7.01058    7.14813         31 0.0000e+00
      17007    708.571     10.000     7.4238   3.145714     7.6992   3.164375      98.61     0.3156     3.2037     2.8804  24.955494  3.2540653   44.69826  -63.64124    30.4362    30.3943     7.4230     7.6983    23.7708    23.7008    7.03166    7.15930         32 0.0000e+00
      17039    709.907      9.000     7.6723   3.160831     8.0417   3.187464      98.61     0.4475     3.2427     2.9118  24.933851  3.2592044   44.69826  -63.64124    30.3806    30.3414     7.6715     8.0408    23.6936    23.6120    7.08032    7.23326         32 0.0000e+00
      17073    711.320      8.000     8.2188   3.197801     8.5137   3.219270      98.61     0.5357     3.2858     2.9637  24.891994  3.2744150   44.69827  -63.64124    30.2974    30.2682     8.2181     8.5129    23.5525    23.4875    7.12699    7.42443         37 0.0000e+00
      17111    712.907      7.000     8.4004   3.210065     8.6838   3.229962      98.52     0.5519     3.3460     3.0583  24.797472  3.3226900   44.69828  -63.64122    30.2699    30.2341     8.3997     8.6832    23.5052    23.4360    7.32369    7.81298         38 0.0000e+00
      17149    714.517      6.000     8.3614   3.205925     8.7422   3.234082      82.93     0.5990     3.4297     3.1677  25.044836  3.4015212   44.69828  -63.64122    30.2606    30.2274     8.3608     8.7416    23.5035    23.4222    7.64998    8.06188         40 0.0000e+00
      17189    716.168      5.000     8.6407   3.224630     8.9783   3.249766      98.62     0.7411     3.5357     3.2315  25.499920  3.4827008   44.69828  -63.64122    30.2170    30.1887     8.6396     8.9778    23.4291    23.3568    7.90810    7.92671         39 0.0000e+00
      17229    717.818      4.000     8.8672   3.241134     9.3145   3.271624      98.61     0.8219     3.6593     3.2615  26.059668  3.5687737   44.69828  -63.64122    30.1946    30.1288     8.8668     9.3140    23.3780    23.2591    8.21720    8.00386         40 0.0000e+00
      17272    719.608      3.000     9.1683   3.261393     9.6627   3.295523      98.44     0.8457     3.7752     3.3205  26.737719  3.6648631   44.69828  -63.64121    30.1480    30.0743     9.1680     9.6624    23.2963    23.1616    8.32960    8.18765         41 0.0000e+00
      17539    730.755      2.000     9.9917   3.310280    10.3415   3.332703      98.60     0.7152     3.8481     3.3457  28.053238  4.5797586   44.69830  -63.64119    29.9564    29.8912     9.9915    10.3413    23.0165    22.9096    7.93244    7.55428         44 0.0000e+00
      17907    746.092      1.000    11.7322   3.399629    11.7885   3.407509      80.95     0.4935     3.6543     3.0139  29.023951  5.9181948   44.69832  -63.64116    29.4297    29.4541    11.7320    11.7884    22.3146    22.3232    6.42875    5.71162         48 0.0000e+00
