data/CTD/2014/CNV/u017a012.cnv
* Sea-Bird SBE 9 Data File:
* FileName = C:\CTD_ACQUISITION\2014017HUD\ctddata\017A012.hdr
* Software Version Seasave V 7.22.2
* Temperature SN = 5081
* Conductivity SN = 3561
* Number of Bytes Per Scan = 37
* Number of Voltage Words = 4
* Number of Scans Averaged by the Deck Unit = 1
* NMEA Latitude = 52 48.96 N
* NMEA Longitude = 051 41.79 W
* NMEA UTC (Time) = Jul 03 2014 21:58:08
* NMEA baud rate = 9600
** Ship: Hudson
** Cruise: HUD2014017
** Chief_Scientist: Blair Greenan
** Organization: BIO
** Area_of_Operation: Sackville Spur
** Station: 012
** Sounding:  783
** Event_Comments: C3, 403023
# nquan = 25
# nvalues = 815                         
# units = specified
# name 0 = scan: Scan Count
# name 1 = timeS: Time, Elapsed [seconds]
# name 2 = prDM: Pressure, Digiquartz [db]
# name 3 = t068C: Temperature [ITS-68, deg C]
# name 4 = c0S/m: Conductivity [S/m]
# name 5 = t168C: Temperature, 2 [ITS-68, deg C]
# name 6 = c1S/m: Conductivity, 2 [S/m]
# name 7 = altM: Altimeter [m]
# name 8 = flC: Fluorescence, Chelsea Aqua 3 Chl Con [ug/l]
# name 9 = sbeox0V: Oxygen raw, SBE 43 [V]
# name 10 = sbeox1V: Oxygen raw, SBE 43, 2 [V]
# name 11 = upoly0: Upoly 0, Optode 4330F - O2 D-Phase
# name 12 = upoly1: Upoly 1, Optode 4330F - O2 Temp
# name 13 = latitude: Latitude [deg]
# name 14 = longitude: Longitude [deg]
# name 15 = sal00: Salinity, Practical [PSU]
# name 16 = sal11: Salinity, Practical, 2 [PSU]
# name 17 = potemp068C: Potential Temperature [ITS-68, deg C]
# name 18 = potemp168C: Potential Temperature, 2 [ITS-68, deg C]
# name 19 = sigma-é00: Density [sigma-theta, Kg/m^3]
# name 20 = sigma-é11: Density, 2 [sigma-theta, Kg/m^3]
# name 21 = sbeox0ML/L: Oxygen, SBE 43 [ml/l], WS = 2
# name 22 = sbeox1ML/L: Oxygen, SBE 43, 2 [ml/l], WS = 2
# name 23 = nbin: number of scans per bin
# name 24 = flag: flag
# span 0 =      27306,      63594       
# span 1 =   1137.706,   2649.708       
# span 2 =      1.000,    815.000       
# span 3 =    -0.2680,     3.9042       
# span 4 =   2.783067,   3.244019       
# span 5 =    -0.2601,     3.9039       
# span 6 =   2.782294,   3.243864       
# span 7 =       4.40,     102.76       
# span 8 =     0.0084,     0.6125       
# span 9 =     2.7534,     3.6233       
# span 10 =     2.4353,     3.2054      
# span 11 =  30.607109,  34.077435      
# span 12 = -0.2462059,  3.8988295      
# span 13 =   52.81374,   52.81548      
# span 14 =  -51.69192,  -51.68723      
# span 15 =    32.3435,    34.8507      
# span 16 =    32.3511,    34.8490      
# span 17 =    -0.2688,     3.8921      
# span 18 =    -0.2609,     3.8918      
# span 19 =    25.8286,    27.7140      
# span 20 =    25.8360,    27.7126      
# span 21 =    6.66864,    9.46676      
# span 22 =    6.65022,    9.53606      
# span 23 =          9,         86      
# span 24 = 0.0000e+00, 0.0000e+00      
# interval = decibars: 1                
# start_time = Jul 03 2014 21:58:08 [NMEA time, header]
# bad_flag = -9.990e-29
*END*
[from data line 754]
      52399   2183.270     61.000     1.0977   2.935363     1.1120   2.936463      99.32     0.0327     2.9962     2.6379  33.807812  1.2248185   52.81396  -51.68916    34.1486    34.1471     1.0950     1.1093    27.3547    27.3525    7.26785    7.29151         22 0.0000e+00
      52416   2183.952     60.000     1.0835   2.933288     1.0931   2.934122      98.63     0.0320     2.9973     2.6385  33.809456  1.2123742   52.81396  -51.68916    34.1381    34.1383     1.0809     1.0905    27.3471    27.3466    7.26875    7.29169         16 0.0000e+00
      52987   2207.753     59.000     1.1233   2.935686     1.1440   2.937259      61.20     0.0335     3.0123     2.6541  33.715096  1.1961663   52.81398  -51.68903    34.1259    34.1235     1.1207     1.1414    27.3347    27.3314    7.28257    7.32079         49 0.0000e+00
      53836   2243.130     58.000     1.1728   2.938753     1.1727   2.938676      68.56     0.0383     3.0299     2.6694  33.577271  1.1720877   52.81400  -51.68883    34.1117    34.1108     1.1702     1.1701    27.3200    27.3193    7.31919    7.31591         52 0.0000e+00
      53836   2243.108     57.000     1.1812   2.939333     1.2072   2.941681      89.21     0.0395     3.0293     2.6621  33.581253  1.1765639   52.81401  -51.68884    34.1108    34.1113     1.1784     1.2046    27.3187    27.3173    7.32634    7.32047         35 0.0000e+00
      53865   2244.322     56.000     1.2404   2.943631     1.2660   2.946118      45.77     0.0404     3.0295     2.6616  33.575542  1.1809102   52.81402  -51.68884    34.1015    34.1055     1.2379     1.2634    27.3073    27.3087    7.28760    7.29699         25 0.0000e+00
      53887   2245.258     55.000     1.2226   2.941675     1.1966   2.938582      99.92     0.0398     3.0266     2.6579  33.575073  1.1827191   52.81402  -51.68884    34.0965    34.0784     1.2202     1.1941    27.3044    27.2916    7.25123    7.26710         20 0.0000e+00
      53906   2246.029     54.000     1.0116   2.921391     0.9432   2.912543      36.52     0.0420     3.0227     2.6552  33.575092  1.1831549   52.81400  -51.68884    34.0672    34.0281     1.0092     0.9409    27.2948    27.2677    7.29624    7.31948         18 0.0000e+00
      53923   2246.735     53.000     0.8098   2.901547     0.7317   2.892866      85.85     0.0391     3.0215     2.6540  33.576782  1.1837130   52.81400  -51.68883    34.0327    34.0059     0.8076     0.7295    27.2797    27.2630    7.35923    7.36915         17 0.0000e+00
      53940   2247.460     52.000     0.7164   2.892260     0.6622   2.886112      92.51     0.0342     3.0210     2.6531  33.617916  1.2021775   52.81400  -51.68882    34.0154    33.9951     0.7143     0.6601    27.2716    27.2584    7.36549    7.36591         18 0.0000e+00
      53965   2248.481     51.000     0.6900   2.889231     0.6470   2.884484      69.07     0.0352     3.0167     2.6484  33.622513  1.1588101   52.81401  -51.68882    34.0057    33.9907     0.6879     0.6450    27.2653    27.2559    7.33088    7.35174         37 0.0000e+00
      54149   2256.155     50.000     0.6530   2.884708     0.6141   2.880868      69.90     0.0388     3.0083     2.6460  33.713280  0.7898296   52.81403  -51.68880    33.9879    33.9807     0.6510     0.6122    27.2531    27.2496    7.35635    7.39881         86 0.0000e+00
      55448   2310.308     49.000     0.3441   2.852929     0.3599   2.854324      35.21     0.0394     2.9890     2.6342  33.912704  0.4286786   52.81410  -51.68871    33.9139    33.9147     0.3423     0.3580    27.2115    27.2112    7.33927    7.39913         37 0.0000e+00
      55510   2312.865     48.000     0.3443   2.853201     0.3168   2.850214      75.99     0.0412     2.9823     2.6276  33.919498  0.4176826   52.81410  -51.68870    33.9176    33.9088     0.3426     0.3150    27.2143    27.2087    7.33866    7.39495         28 0.0000e+00
      55552   2314.615     47.000     0.3004   2.848685     0.2603   2.844768      56.35     0.0361     2.9818     2.6274  33.927036  0.4051895   52.81410  -51.68870    33.9073    33.9001     0.2987     0.2586    27.2084    27.2048    7.36457    7.40421         43 0.0000e+00
      55590   2316.212     46.000     0.2925   2.848038     0.2690   2.845485      99.95     0.0344     2.9817     2.6262  33.930290  0.3811811   52.81412  -51.68870    33.9082    33.9005     0.2908     0.2673    27.2096    27.2046    7.34209    7.37747         30 0.0000e+00
      55615   2317.237     45.000     0.2486   2.843812     0.2012   2.838479      90.30     0.0345     2.9781     2.6227  33.956890  0.3486465   52.81412  -51.68870    33.9017    33.8838     0.2470     0.1995    27.2066    27.1948    7.31660    7.36631         22 0.0000e+00
      55637   2318.184     44.000     0.1796   2.836734     0.1382   2.832109      32.94     0.0360     2.9749     2.6216  33.970348  0.3337196   52.81412  -51.68870    33.8853    33.8700     0.1780     0.1366    27.1972    27.1870    7.34264    7.42558         25 0.0000e+00
      55672   2319.613     43.000     0.1362   2.832220     0.1179   2.830066      75.08     0.0342     2.9770     2.6267  33.982956  0.3105635   52.81412  -51.68870    33.8743    33.8662     0.1347     0.1163    27.1906    27.1849    7.42043    7.48743         47 0.0000e+00
      55721   2321.663     42.000     0.1686   2.835058     0.1369   2.832090      48.57     0.0422     2.9820     2.6308  33.986309  0.2631344   52.81412  -51.68869    33.8765    33.8722     0.1671     0.1355    27.1906    27.1888    7.37725    7.42075         39 0.0000e+00
      55748   2322.780     41.000     0.1206   2.830364     0.1001   2.827873      99.77     0.0417     2.9798     2.6271  33.991760  0.2477660   52.81412  -51.68868    33.8682    33.8580     0.1192     0.0987    27.1864    27.1793    7.40473    7.44456         21 0.0000e+00
      55768   2323.606     40.000     0.0423   2.822135    -0.0012   2.816924      58.53     0.0396     2.9823     2.6297  34.028484  0.1977033   52.81412  -51.68868    33.8467    33.8258     0.0409    -0.0026    27.1731    27.1585    7.46238    7.51436         21 0.0000e+00
      56671   2361.229     39.000    -0.0947   2.807544    -0.1124   2.805499      80.43     0.0423     2.9876     2.6327  34.041100  0.0039072   52.81413  -51.68858    33.8055    33.7980    -0.0960    -0.1137    27.1467    27.1415    7.46812    7.51201         57 0.0000e+00
      57164   2381.772     38.000    -0.1349   2.803237    -0.1379   2.802869      84.23     0.0417     2.9872     2.6309  34.044552 -0.1055700   52.81414  -51.68854    33.7935    33.7919    -0.1361    -0.1391    27.1389    27.1378    7.46749    7.49938         50 0.0000e+00
      57156   2381.445     37.000    -0.1404   2.802720    -0.1443   2.802219      96.54     0.0374     2.9874     2.6294  34.044502 -0.0964829   52.81414  -51.68852    33.7933    33.7910    -0.1416    -0.1455    27.1390    27.1374    7.46988    7.50401         27 0.0000e+00
      57180   2382.468     36.000    -0.1633   2.800429    -0.1627   2.800211      98.61     0.0359     2.9871     2.6295  34.045170 -0.0964591   52.81414  -51.68852    33.7888    33.7853    -0.1645    -0.1639    27.1365    27.1336    7.47427    7.52154         24 0.0000e+00
      57207   2383.580     35.000    -0.1857   2.797988    -0.1936   2.797019      82.28     0.0386     2.9871     2.6306  34.056717 -0.0970644   52.81413  -51.68852    33.7817    33.7777    -0.1868    -0.1948    27.1319    27.1290    7.47660    7.54783         31 0.0000e+00
      57251   2385.403     34.000    -0.1931   2.797139    -0.2036   2.795991      93.68     0.0545     2.9878     2.6390  34.060890 -0.1152917   52.81412  -51.68852    33.7793    33.7756    -0.1942    -0.2047    27.1303    27.1278    7.50560    7.64152         56 0.0000e+00
      57301   2387.481     33.000    -0.1825   2.798191    -0.1920   2.797059      68.48     0.0585     2.9971     2.6570  34.066677 -0.1403120   52.81412  -51.68850    33.7822    33.7776    -0.1836    -0.1931    27.1321    27.1288    7.60648    7.73523         39 0.0000e+00
      57336   2388.945     32.000    -0.1961   2.796752    -0.2068   2.795213      87.78     0.0716     3.0093     2.6670  34.069931 -0.1417235   52.81412  -51.68850    33.7787    33.7700    -0.1971    -0.2078    27.1299    27.1234    7.62429    7.69857         36 0.0000e+00
      57375   2390.601     31.000    -0.2073   2.795019    -0.2130   2.793424      94.47     0.1241     3.0145     2.6682  34.077435 -0.1390253   52.81412  -51.68849    33.7687    33.7537    -0.2083    -0.2140    27.1223    27.1105    7.58376    7.65304         42 0.0000e+00
      57631   2401.232     30.000    -0.2090   2.793615    -0.2101   2.792752      85.57     0.1556     3.0441     2.6919  34.023811 -0.1578246   52.81411  -51.68845    33.7524    33.7419    -0.2099    -0.2110    27.1093    27.1009    7.70493    7.76463         54 0.0000e+00
      58788   2449.467     29.000    -0.2309   2.788595    -0.2241   2.789352      89.46     0.1708     3.0982     2.7374  33.673862 -0.1976044   52.81403  -51.68825    33.7104    33.7129    -0.2319    -0.2250    27.0764    27.0781    7.84278    7.92372         32 0.0000e+00
      58947   2456.093     28.000    -0.2516   2.786034    -0.2396   2.787110      98.77     0.1956     3.1000     2.7388  33.631516 -0.2040644   52.81402  -51.68822    33.6997    33.7009    -0.2525    -0.2405    27.0687    27.0691    7.86614    7.93554         15 0.0000e+00
      58957   2456.520     27.000    -0.2661   2.784206    -0.2584   2.784822      98.63     0.2225     3.1018     2.7397  33.630566 -0.2011197   52.81402  -51.68822    33.6921    33.6917    -0.2670    -0.2592    27.0632    27.0625    7.87536    7.94884         14 0.0000e+00
      58971   2457.097     26.000    -0.2680   2.783859    -0.2601   2.784677      88.94     0.2385     3.1031     2.7406  33.600559 -0.2038752   52.81402  -51.68822    33.6901    33.6923    -0.2688    -0.2609    27.0617    27.0631    7.88445    7.96377         14 0.0000e+00
      58988   2457.783     25.000    -0.2659   2.784072    -0.2579   2.784888      63.36     0.2407     3.1057     2.7430  33.576927 -0.2013685   52.81402  -51.68822    33.6913    33.6933    -0.2667    -0.2587    27.0625    27.0638    7.89396    7.97801         19 0.0000e+00
      59036   2459.792     24.000    -0.2634   2.784218    -0.2523   2.785194      80.91     0.3795     3.1191     2.7570  33.573608 -0.2169368   52.81402  -51.68822    33.6910    33.6918    -0.2641    -0.2530    27.0622    27.0624    7.96798    8.06883         40 0.0000e+00
      59122   2463.365     23.000    -0.2538   2.785006    -0.2496   2.785535      95.04     0.3320     3.1552     2.7945  33.534180 -0.2361275   52.81402  -51.68820    33.6916    33.6940    -0.2546    -0.2504    27.0622    27.0639    8.11335    8.22777         17 0.0000e+00
      59135   2463.933     22.000    -0.2386   2.786011    -0.2395   2.786211      98.73     0.3289     3.1589     2.7993  33.530029 -0.2331557   52.81400  -51.68818    33.6887    33.6923    -0.2393    -0.2402    27.0592    27.0621    8.10554    8.26324         15 0.0000e+00
      59150   2464.555     21.000    -0.2087   2.787751    -0.1810   2.789785      98.63     0.3235     3.1648     2.8068  33.530220 -0.2332112   52.81400  -51.68818    33.6794    33.6759    -0.2094    -0.1817    27.0503    27.0461    8.11502    8.29043         16 0.0000e+00
      59470   2477.864     20.000    -0.1975   2.784312    -0.1881   2.782793      76.27     0.3764     3.2170     2.8547  33.389160 -0.2309280   52.81396  -51.68813    33.6219    33.5912    -0.1982    -0.1887    27.0033    26.9780    8.33953    8.48084         27 0.0000e+00
      61061   2544.167     19.000    -0.0713   2.783067    -0.0968   2.782294      99.77     0.6125     3.4863     3.0861  32.678989 -0.2462059   52.81379  -51.68789    33.4670    33.4848    -0.0719    -0.0975    26.8722    26.8878    9.46676    9.53606         23 0.0000e+00
      61015   2542.239     18.000     0.1242   2.793653     0.0970   2.793330      67.16     0.6118     3.5114     3.1047  32.704712 -0.2429505   52.81382  -51.68790    33.3939    33.4193     0.1236     0.0964    26.8035    26.8254    9.42949    9.46345         20 0.0000e+00
      61042   2543.376     17.000     0.2483   2.796634     0.2873   2.797357      82.36     0.5592     3.5396     3.1250  32.579750 -0.2005910   52.81381  -51.68789    33.2987    33.2660     0.2477     0.2867    26.7204    26.6920    9.28449    9.37228         39 0.0000e+00
      61128   2546.943     16.000     0.3071   2.797885     0.3106   2.798082      64.74     0.4550     3.5582     3.1525  32.299187  0.0912847   52.81382  -51.68788    33.2520    33.2508     0.3065     0.3100    26.6797    26.6785    9.09003    9.26665         27 0.0000e+00
      61142   2547.560     15.000     0.4118   2.799944     0.4591   2.802730      99.22     0.4244     3.5619     3.1517  32.210243  0.1101327   52.81382  -51.68788    33.1665    33.1454     0.4112     0.4587    26.6052    26.5853    9.15697    9.27103         17 0.0000e+00
      61158   2548.224     14.000     0.7221   2.811777     0.7381   2.813749      68.06     0.3674     3.5667     3.1545  32.212456  0.1086735   52.81380  -51.68788    32.9884    32.9968     0.7215     0.7375    26.4445    26.4503    9.11107    9.23920         16 0.0000e+00
      61175   2548.911     13.000     0.9337   2.821892     0.9238   2.821789      60.35     0.3360     3.5730     3.1600  32.123924  0.1144145   52.81380  -51.68788    32.8945    32.9037     0.9332     0.9233    26.3566    26.3645    9.08256    9.22557         18 0.0000e+00
      61207   2550.244     12.000     0.9415   2.822762     0.9419   2.822604      91.02     0.2845     3.5814     3.1677  31.944832  0.1584241   52.81380  -51.68788    32.8981    32.8956     0.9410     0.9414    26.3589    26.3570    9.06861    9.21161         46 0.0000e+00
      61292   2553.812     11.000     0.6346   2.810082     0.8284   2.818182      57.13     0.3058     3.6167     3.1909  31.693359  0.5377274   52.81380  -51.68786    33.0615    32.9597     0.6342     0.8279    26.5083    26.4152    9.23225    9.40925         35 0.0000e+00
      61319   2554.897     10.000     0.7762   2.815261     0.8098   2.817138      98.68     0.3005     3.6112     3.1944  31.658764  0.5185835   52.81381  -51.68787    32.9780    32.9665     0.7759     0.8094    26.4330    26.4218    9.07610    9.28058         28 0.0000e+00
      61924   2580.109      9.000     1.2319   2.836195     1.2929   2.839018      85.54     0.2480     3.6067     3.1914  31.247168  0.9274555   52.81378  -51.68771    32.7669    32.7386     1.2315     1.2925    26.2346    26.2082    8.97474    9.13796         47 0.0000e+00
      62852   2618.811      8.000     1.8476   2.864913     1.8236   2.864179      86.15     0.2061     3.6004     3.1846  30.727873  1.5636575   52.81374  -51.68747    32.4888    32.5042     1.8472     1.8233    25.9711    25.9852    8.81169    8.96880         48 0.0000e+00
      62887   2620.250      7.000     1.8553   2.865344     1.8135   2.863623      67.97     0.1869     3.5983     3.1855  30.703033  1.5742445   52.81374  -51.68746    32.4868    32.5083     1.8550     1.8132    25.9690    25.9892    8.89636    9.03849         35 0.0000e+00
      62919   2621.564      6.000     1.8084   2.863415     1.7455   2.860240      93.40     0.1890     3.6097     3.1923  30.696779  1.6071123   52.81374  -51.68745    32.5115    32.5366     1.8081     1.7452    25.9921    26.0166    8.96999    9.10108         31 0.0000e+00
      62952   2622.958      5.000     1.7767   2.861870     1.7457   2.860201      45.24     0.1960     3.6132     3.1997  30.699188  1.6270237   52.81374  -51.68744    32.5255    32.5365     1.7764     1.7455    26.0055    26.0164    8.91169    9.08998         36 0.0000e+00
