data/CTD/2014/CNV/u017a038.cnv
* Sea-Bird SBE 9 Data File:
* FileName = C:\CTD_ACQUISITION\2014017HUD\ctddata\017A038.hdr
* Software Version Seasave V 7.22.2
* Temperature SN = 5081
* Conductivity SN = 3561
* Number of Bytes Per Scan = 37
* Number of Voltage Words = 4
* Number of Scans Averaged by the Deck Unit = 1
* NMEA Latitude = 48 18.52 N
* NMEA Longitude = 046 32.68 W
* NMEA UTC (Time) = Jul 10 2014 00:23:02
* NMEA baud rate = 9600
** Ship: Hudson
** Cruise: HUD2014017
** Chief_Scientist: Blair Greenan
** Organization: BIO
** Area_of_Operation: Sackville Spur
** Station: 038
** Sounding:  1034
** Event_Comments: SS_11, 403223
# nquan = 25
# nvalues = 1049                        
# units = specified
# name 0 = scan: Scan Count
# name 1 = timeS: Time, Elapsed [seconds]
# name 2 = prDM: Pressure, Digiquartz [db]
# name 3 = t068C: Temperature [ITS-68, deg C]
# name 4 = c0S/m: Conductivity [S/m]
# name 5 = t168C: Temperature, 2 [ITS-68, deg C]
# name 6 = c1S/m: Conductivity, 2 [S/m]
# name 7 = altM: Altimeter [m]
# name 8 = flC: Fluorescence, Chelsea Aqua 3 Chl Con [ug/l]
# name 9 = sbeox0V: Oxygen raw, SBE 43 [V]
# name 10 = sbeox1V: Oxygen raw, SBE 43, 2 [V]
# name 11 = upoly0: Upoly 0, Optode 4330F - O2 D-Phase
# name 12 = upoly1: Upoly 1, Optode 4330F - O2 Temp
# name 13 = latitude: Latitude [deg]
# name 14 = longitude: Longitude [deg]
# name 15 = sal00: Salinity, Practical [PSU]
# name 16 = sal11: Salinity, Practical, 2 [PSU]
# name 17 = potemp068C: Potential Temperature [ITS-68, deg C]
# name 18 = potemp168C: Potential Temperature, 2 [ITS-68, deg C]
# name 19 = sigma-é00: Density [sigma-theta, Kg/m^3]
# name 20 = sigma-é11: Density, 2 [sigma-theta, Kg/m^3]
# name 21 = sbeox0ML/L: Oxygen, SBE 43 [ml/l], WS = 2
# name 22 = sbeox1ML/L: Oxygen, SBE 43, 2 [ml/l], WS = 2
# name 23 = nbin: number of scans per bin
# name 24 = flag: flag
# span 0 =      35536,      63188       
# span 1 =   1480.644,   2632.779       
# span 2 =      1.000,   1049.000       
# span 3 =    -1.1879,     7.7616       
# span 4 =   2.671618,   3.389260       
# span 5 =    -1.1944,     7.7569       
# span 6 =   2.670629,   3.389115       
# span 7 =       3.98,     101.57       
# span 8 =     0.0092,     0.0863       
# span 9 =     2.5886,     3.7104       
# span 10 =     2.2857,     3.2512      
# span 11 =  30.500471,  34.615383      
# span 12 = -1.0437460,  7.7684445      
# span 13 =   48.30676,   48.30832      
# span 14 =  -46.53876,  -46.53633      
# span 15 =    32.7422,    34.8941      
# span 16 =    32.7452,    34.8936      
# span 17 =    -1.1887,     7.7615      
# span 18 =    -1.1952,     7.7568      
# span 19 =    25.5356,    27.7395      
# span 20 =    25.5386,    27.7391      
# span 21 =    6.22513,   10.23234      
# span 22 =    6.05183,   10.20186      
# span 23 =         12,        102      
# span 24 = 0.0000e+00, 0.0000e+00      
# interval = decibars: 1                
# start_time = Jul 10 2014 00:23:02 [NMEA time, header]
# bad_flag = -9.990e-29
*END*
[from data line 812]
      55922   2330.034    237.000     2.7546   3.115762     2.7488   3.115042      98.63     0.0170     2.8980     2.5484  33.700451  2.8224888   48.30754  -46.53708    34.5161    34.5135     2.7404     2.7346    27.5222    27.5206    6.78416    6.77436         31 0.0000e+00
      55949   2331.155    236.000     2.7391   3.113974     2.7351   3.113460      98.63     0.0175     2.8976     2.5475  33.703209  2.8141918   48.30754  -46.53708    34.5114    34.5093     2.7250     2.7210    27.5198    27.5185    6.78732    6.77778         23 0.0000e+00
      55970   2332.047    235.000     2.7285   3.112722     2.7265   3.112490      98.63     0.0150     2.8979     2.5472  33.707825  2.8144078   48.30753  -46.53708    34.5079    34.5072     2.7145     2.7125    27.5179    27.5175    6.79014    6.78152         20 0.0000e+00
      55990   2332.878    234.000     2.7236   3.112151     2.7213   3.111864      98.63     0.0160     2.8976     2.5471  33.709057  2.8055339   48.30752  -46.53707    34.5067    34.5057     2.7097     2.7073    27.5174    27.5168    6.78669    6.78414         21 0.0000e+00
      56013   2333.843    233.000     2.7194   3.111670     2.7160   3.111259      81.41     0.0142     2.8978     2.5474  33.703350  2.8060701   48.30752  -46.53707    34.5059    34.5045     2.7055     2.7021    27.5171    27.5163    6.78957    6.78939         27 0.0000e+00
      56045   2335.177    232.000     2.7150   3.111157     2.7134   3.110953      89.19     0.0183     2.8979     2.5482  33.737087  2.7845812   48.30752  -46.53708    34.5049    34.5041     2.7012     2.6996    27.5167    27.5161    6.78938    6.79228         34 0.0000e+00
      56074   2336.369    231.000     2.7135   3.110943     2.7115   3.110686      98.92     0.0213     2.8977     2.5485  33.734951  2.7807281   48.30752  -46.53706    34.5044    34.5034     2.6998     2.6978    27.5164    27.5158    6.79264    6.78797         23 0.0000e+00
      56093   2337.167    230.000     2.7059   3.110079     2.7047   3.109895      98.63     0.0202     2.8984     2.5484  33.734539  2.7753315   48.30752  -46.53706    34.5025    34.5016     2.6922     2.6910    27.5156    27.5149    6.79590    6.78707         17 0.0000e+00
      56109   2337.843    229.000     2.7003   3.109410     2.6986   3.109173      98.63     0.0194     2.8991     2.5484  33.729927  2.7753358   48.30752  -46.53706    34.5009    34.4997     2.6867     2.6851    27.5148    27.5140    6.79787    6.79014         16 0.0000e+00
      56125   2338.508    228.000     2.6952   3.108816     2.6911   3.108320      98.63     0.0191     2.8987     2.5486  33.735245  2.7687473   48.30752  -46.53706    34.4996    34.4979     2.6817     2.6776    27.5141    27.5131    6.79790    6.78922         16 0.0000e+00
      56145   2339.343    227.000     2.6911   3.108302     2.6853   3.107646      98.63     0.0188     2.8998     2.5485  33.746387  2.7656813   48.30752  -46.53706    34.4983    34.4964     2.6776     2.6718    27.5134    27.5125    6.79907    6.78790         25 0.0000e+00
      56178   2340.722    226.000     2.6876   3.107900     2.6845   3.107515      98.63     0.0219     2.8995     2.5483  33.751625  2.7522044   48.30752  -46.53706    34.4977    34.4962     2.6742     2.6711    27.5133    27.5124    6.78845    6.78438         40 0.0000e+00
      56216   2342.291    225.000     2.6820   3.107282     2.6832   3.107323      46.66     0.0257     2.8984     2.5478  33.752872  2.7387018   48.30752  -46.53706    34.4966    34.4959     2.6687     2.6698    27.5129    27.5122    6.78306    6.78181         31 0.0000e+00
      56242   2343.388    224.000     2.6811   3.107086     2.6798   3.106942     100.08     0.0248     2.8980     2.5476  33.751488  2.7261164   48.30752  -46.53706    34.4957    34.4953     2.6679     2.6666    27.5122    27.5120    6.78370    6.78967         24 0.0000e+00
      56265   2344.337    223.000     2.6796   3.106889     2.6788   3.106792      98.63     0.0245     2.8975     2.5482  33.751583  2.7264957   48.30752  -46.53706    34.4954    34.4951     2.6665     2.6656    27.5121    27.5120    6.79090    6.78524         22 0.0000e+00
      56286   2345.211    222.000     2.6778   3.106664     2.6765   3.106496      87.76     0.0243     2.8983     2.5474  33.752403  2.7264957   48.30752  -46.53706    34.4952    34.4946     2.6647     2.6633    27.5121    27.5117    6.78030    6.75446         20 0.0000e+00
      56305   2346.010    221.000     2.6751   3.106319     2.6736   3.106136      98.78     0.0222     2.8966     2.5442  33.751678  2.7264957   48.30752  -46.53706    34.4944    34.4938     2.6621     2.6605    27.5117    27.5114    6.76195    6.73802         19 0.0000e+00
      56323   2346.748    220.000     2.6685   3.105550     2.6631   3.104861      98.63     0.0210     2.8952     2.5426  33.754356  2.7264957   48.30752  -46.53706    34.4926    34.4899     2.6555     2.6501    27.5108    27.5092    6.76024    6.75305         17 0.0000e+00
      56340   2347.459    219.000     2.6464   3.103039     2.6303   3.101192      98.63     0.0181     2.8940     2.5424  33.751774  2.7264957   48.30752  -46.53706    34.4861    34.4806     2.6335     2.6174    27.5075    27.5045    6.77078    6.77096         17 0.0000e+00
      56359   2348.235    218.000     2.6206   3.100264     2.6034   3.098221      98.63     0.0161     2.8940     2.5428  33.751617  2.7233021   48.30752  -46.53706    34.4802    34.4735     2.6078     2.5907    27.5050    27.5012    6.78183    6.77789         21 0.0000e+00
      56392   2349.627    217.000     2.6153   3.099644     2.5914   3.096915      98.63     0.0191     2.8941     2.5431  33.752514  2.7119012   48.30751  -46.53705    34.4788    34.4709     2.6026     2.5787    27.5044    27.5001    6.78690    6.77920         52 0.0000e+00
      56444   2351.807    216.000     2.6314   3.101318     2.6073   3.098413      98.63     0.0199     2.8949     2.5427  33.760113  2.6845453   48.30750  -46.53704    34.4826    34.4728     2.6188     2.5946    27.5060    27.5003    6.78755    6.76118         35 0.0000e+00
      56467   2352.756    215.000     2.5454   3.092152     2.5063   3.087225      66.01     0.0151     2.8958     2.5419  33.758968  2.6789253   48.30750  -46.53704    34.4627    34.4440     2.5330     2.4939    27.4975    27.4859    6.80687    6.78537         20 0.0000e+00
      56484   2353.475    214.000     2.4893   3.085696     2.4808   3.084559      85.43     0.0160     2.8955     2.5422  33.753696  2.6776645   48.30750  -46.53704    34.4440    34.4391     2.4770     2.4685    27.4873    27.4841    6.81286    6.80305         16 0.0000e+00
      56500   2354.118    213.000     2.4782   3.084322     2.4739   3.083788      98.48     0.0179     2.8959     2.5427  33.756741  2.6782994   48.30750  -46.53704    34.4395    34.4375     2.4660     2.4617    27.4846    27.4834    6.81398    6.80933         15 0.0000e+00
      56515   2354.758    212.000     2.4735   3.083765     2.4704   3.083366      98.63     0.0190     2.8960     2.5435  33.799496  2.6872416   48.30750  -46.53704    34.4382    34.4367     2.4614     2.4582    27.4840    27.4830    6.81072    6.81287         16 0.0000e+00
      56533   2355.484    211.000     2.4700   3.083338     2.4670   3.082976      98.63     0.0166     2.8957     2.5440  33.798008  2.6874237   48.30750  -46.53704    34.4373    34.4360     2.4579     2.4550    27.4836    27.4828    6.80846    6.81278         19 0.0000e+00
      56554   2356.387    210.000     2.4675   3.083022     2.4647   3.082706      98.63     0.0174     2.8956     2.5445  33.806316  2.6393936   48.30750  -46.53704    34.4366    34.4357     2.4555     2.4527    27.4832    27.4827    6.81250    6.80427         25 0.0000e+00
      56585   2357.652    209.000     2.4662   3.082885     2.4623   3.082411      98.63     0.0196     2.8958     2.5437  33.811028  2.5905492   48.30750  -46.53704    34.4368    34.4352     2.4543     2.4507    27.4835    27.4826    6.81250    6.79805         36 0.0000e+00
      56621   2359.184    208.000     2.4684   3.083018     2.4590   3.081999      98.63     0.0174     2.8960     2.5439  33.811691  2.5596817   48.30750  -46.53704    34.4367    34.4343     2.4565     2.4471    27.4832    27.4820    6.81190    6.80509         34 0.0000e+00
      56651   2360.417    207.000     2.4602   3.082157     2.4517   3.081166      51.87     0.0166     2.8965     2.5441  33.812355  2.5501256   48.30748  -46.53704    34.4355    34.4324     2.4484     2.4399    27.4829    27.4811    6.81784    6.80088         26 0.0000e+00
      56675   2361.399    206.000     2.4471   3.080701     2.4433   3.080236      80.84     0.0177     2.8969     2.5438  33.812313  2.5397232   48.30748  -46.53704    34.4321    34.4304     2.4353     2.4316    27.4813    27.4803    6.81497    6.79317         21 0.0000e+00
      56694   2362.214    205.000     2.4416   3.080025     2.4382   3.079623      98.75     0.0193     2.8966     2.5425  33.817268  2.5409095   48.30748  -46.53702    34.4302    34.4290     2.4299     2.4265    27.4803    27.4795    6.80572    6.78524         19 0.0000e+00
      56712   2362.952    204.000     2.4354   3.079331     2.4330   3.079027      98.63     0.0212     2.8955     2.5419  33.815571  2.5505848   48.30748  -46.53702    34.4289    34.4277     2.4238     2.4214    27.4797    27.4790    6.79488    6.79195         17 0.0000e+00
      56730   2363.691    203.000     2.4315   3.078846     2.4273   3.078366      85.34     0.0219     2.8945     2.5418  33.816040  2.5506716   48.30748  -46.53702    34.4277    34.4262     2.4199     2.4158    27.4790    27.4782    6.79497    6.79780         18 0.0000e+00
      56749   2364.507    202.000     2.4259   3.078217     2.4215   3.077710      97.44     0.0219     2.8939     2.5419  33.838440  2.5327783   48.30748  -46.53702    34.4265    34.4249     2.4144     2.4101    27.4786    27.4776    6.80877    6.80020         22 0.0000e+00
      56778   2365.688    201.000     2.4205   3.077591     2.4181   3.077313      98.60     0.0186     2.8949     2.5420  33.852985  2.5209582   48.30748  -46.53702    34.4251    34.4243     2.4091     2.4067    27.4779    27.4774    6.81814    6.79870         36 0.0000e+00
      56815   2367.258    200.000     2.4201   3.077535     2.4152   3.076962      98.63     0.0211     2.8961     2.5427  33.847157  2.5009251   48.30748  -46.53702    34.4254    34.4236     2.4087     2.4039    27.4782    27.4771    6.82089    6.80889         34 0.0000e+00
      56841   2368.347    199.000     2.4132   3.076743     2.4013   3.075321      98.63     0.0212     2.8964     2.5435  33.853554  2.4938281   48.30748  -46.53702    34.4236    34.4188     2.4020     2.3901    27.4773    27.4744    6.82339    6.81125         21 0.0000e+00
      56861   2369.147    198.000     2.3821   3.073317     2.3690   3.071608      98.63     0.0220     2.8978     2.5441  33.853481  2.4822786   48.30748  -46.53702    34.4152    34.4081     2.3710     2.3579    27.4731    27.4686    6.83103    6.81858         18 0.0000e+00
      56878   2369.886    197.000     2.3420   3.068940     2.3232   3.066579      98.63     0.0225     2.8976     2.5447  33.853481  2.4822955   48.30747  -46.53702    34.4047    34.3957     2.3310     2.3122    27.4681    27.4624    6.82950    6.82418         18 0.0000e+00
      56897   2370.683    196.000     2.3136   3.065676     2.3032   3.064426      98.63     0.0211     2.8977     2.5446  33.858215  2.4822955   48.30746  -46.53702    34.3953    34.3911     2.3027     2.2923    27.4629    27.4603    6.84065    6.82416         21 0.0000e+00
      56923   2371.741    195.000     2.3043   3.064568     2.2899   3.062915      70.12     0.0209     2.8984     2.5446  33.863113  2.4822955   48.30746  -46.53702    34.3922    34.3872     2.2935     2.2791    27.4612    27.4584    6.83763    6.82343         30 0.0000e+00
      56955   2373.099    194.000     2.2960   3.063786     2.2762   3.061368      99.47     0.0193     2.8978     2.5437  33.872040  2.4424200   48.30746  -46.53701    34.3920    34.3834     2.2853     2.2654    27.4617    27.4564    6.82267    6.81098         32 0.0000e+00
      56982   2374.197    193.000     2.2818   3.062057     2.2645   3.060054      98.63     0.0201     2.8956     2.5424  33.869469  2.4341393   48.30746  -46.53700    34.3865    34.3802     2.2711     2.2538    27.4584    27.4549    6.81821    6.81163         21 0.0000e+00
      57001   2375.006    192.000     2.2609   3.059697     2.2572   3.059201      98.63     0.0218     2.8950     2.5421  33.869678  2.4039214   48.30746  -46.53700    34.3802    34.3780     2.2503     2.2466    27.4551    27.4537    6.82768    6.82930         19 0.0000e+00
      57020   2375.775    191.000     2.2501   3.058422     2.2434   3.057573      98.63     0.0214     2.8949     2.5432  33.868919  2.4041514   48.30746  -46.53700    34.3766    34.3732     2.2395     2.2329    27.4531    27.4509    6.83611    6.84386         19 0.0000e+00
      57041   2376.679    190.000     2.2376   3.057052     2.2257   3.055561      98.63     0.0183     2.8955     2.5443  33.874397  2.3965898   48.30746  -46.53700    34.3736    34.3679     2.2271     2.2153    27.4517    27.4481    6.84863    6.84761         25 0.0000e+00
      57072   2377.972    189.000     2.2296   3.056110     2.1962   3.052148      98.63     0.0156     2.8969     2.5460  33.875042  2.3869412   48.30745  -46.53700    34.3711    34.3577     2.2192     2.1859    27.4503    27.4423    6.85467    6.85601         34 0.0000e+00
      57102   2379.204    188.000     2.1973   3.052604     2.1629   3.048581      34.65     0.0179     2.8982     2.5478  33.871639  2.3529174   48.30744  -46.53700    34.3628    34.3498     2.1870     2.1527    27.4463    27.4387    6.86866    6.86926         24 0.0000e+00
      57122   2380.058    187.000     2.1445   3.046544     2.1175   3.043362      91.09     0.0186     2.8997     2.5491  33.875919  2.3527088   48.30744  -46.53700    34.3449    34.3343     2.1344     2.1074    27.4362    27.4299    6.87713    6.88304         19 0.0000e+00
      57141   2380.815    186.000     2.0984   3.041407     2.0803   3.039207      98.66     0.0176     2.9002     2.5501  33.912212  2.3182919   48.30744  -46.53700    34.3311    34.3232     2.0884     2.0703    27.4288    27.4240    6.89030    6.89394         18 0.0000e+00
      57159   2381.600    185.000     2.0711   3.038272     2.0609   3.037048      98.63     0.0207     2.9015     2.5510  33.912086  2.3167367   48.30744  -46.53700    34.3221    34.3178     2.0612     2.0510    27.4238    27.4211    6.89179    6.89560         20 0.0000e+00
      57182   2382.537    184.000     2.0624   3.037227     2.0498   3.035794      86.96     0.0212     2.9014     2.5515  33.925503  2.3041866   48.30744  -46.53699    34.3189    34.3147     2.0526     2.0400    27.4219    27.4195    6.89435    6.89714         25 0.0000e+00
      57209   2383.667    183.000     2.0535   3.036203     2.0427   3.034972      98.63     0.0188     2.9025     2.5526  33.927246  2.2967021   48.30744  -46.53698    34.3164    34.3127     2.0437     2.0329    27.4206    27.4184    6.89471    6.90621         29 0.0000e+00
      57236   2384.771    182.000     2.0480   3.035525     2.0399   3.034590      98.63     0.0181     2.9030     2.5536  33.929794  2.2445726   48.30744  -46.53698    34.3144    34.3114     2.0383     2.0302    27.4194    27.4177    6.89616    6.90171         24 0.0000e+00
      57257   2385.683    181.000     2.0404   3.034633     2.0355   3.034041      98.63     0.0140     2.9039     2.5538  33.931129  2.2356942   48.30744  -46.53698    34.3120    34.3099     2.0308     2.0259    27.4181    27.4168    6.90197    6.90212         20 0.0000e+00
