data/CTD/2014/CNV/u017a034.cnv
* Sea-Bird SBE 9 Data File:
* FileName = C:\CTD_ACQUISITION\2014017HUD\ctddata\017A034.hdr
* Software Version Seasave V 7.22.2
* Temperature SN = 5081
* Conductivity SN = 3561
* Number of Bytes Per Scan = 37
* Number of Voltage Words = 4
* Number of Scans Averaged by the Deck Unit = 1
* NMEA Latitude = 48 20.63 N
* NMEA Longitude = 046 35.08 W
* NMEA UTC (Time) = Jul 09 2014 15:35:27
* NMEA baud rate = 9600
** Ship: Hudson
** Cruise: HUD2014017
** Chief_Scientist: Blair Greenan
** Organization: BIO
** Area_of_Operation: Sackville Spur
** Station: 034
** Sounding:  1364
** Event_Comments: SS-10 403200
# nquan = 25
# nvalues = 1420                        
# units = specified
# name 0 = scan: Scan Count
# name 1 = timeS: Time, Elapsed [seconds]
# name 2 = prDM: Pressure, Digiquartz [db]
# name 3 = t068C: Temperature [ITS-68, deg C]
# name 4 = c0S/m: Conductivity [S/m]
# name 5 = t168C: Temperature, 2 [ITS-68, deg C]
# name 6 = c1S/m: Conductivity, 2 [S/m]
# name 7 = altM: Altimeter [m]
# name 8 = flC: Fluorescence, Chelsea Aqua 3 Chl Con [ug/l]
# name 9 = sbeox0V: Oxygen raw, SBE 43 [V]
# name 10 = sbeox1V: Oxygen raw, SBE 43, 2 [V]
# name 11 = upoly0: Upoly 0, Optode 4330F - O2 D-Phase
# name 12 = upoly1: Upoly 1, Optode 4330F - O2 Temp
# name 13 = latitude: Latitude [deg]
# name 14 = longitude: Longitude [deg]
# name 15 = sal00: Salinity, Practical [PSU]
# name 16 = sal11: Salinity, Practical, 2 [PSU]
# name 17 = potemp068C: Potential Temperature [ITS-68, deg C]
# name 18 = potemp168C: Potential Temperature, 2 [ITS-68, deg C]
# name 19 = sigma-é00: Density [sigma-theta, Kg/m^3]
# name 20 = sigma-é11: Density, 2 [sigma-theta, Kg/m^3]
# name 21 = sbeox0ML/L: Oxygen, SBE 43 [ml/l], WS = 2
# name 22 = sbeox1ML/L: Oxygen, SBE 43, 2 [ml/l], WS = 2
# name 23 = nbin: number of scans per bin
# name 24 = flag: flag
# span 0 =      47998,      86108       
# span 1 =   1999.859,   3587.787       
# span 2 =      1.000,   1420.000       
# span 3 =    -1.2342,     7.5644       
# span 4 =   2.670025,   3.373375       
# span 5 =    -1.2344,     7.5691       
# span 6 =   2.669985,   3.373881       
# span 7 =       5.34,     102.53       
# span 8 =     0.0087,     0.0577       
# span 9 =     2.4490,     3.7383       
# span 10 =     2.1624,     3.2938      
# span 11 =  30.415649,  34.815277      
# span 12 = -1.1807368,  7.6883597      
# span 13 =   48.34850,   48.35198      
# span 14 =  -46.58240,  -46.57977      
# span 15 =    32.7573,    34.9111      
# span 16 =    32.7582,    34.9108      
# span 17 =    -1.2348,     7.5643      
# span 18 =    -1.2351,     7.5691      
# span 19 =    25.5753,    27.7649      
# span 20 =    25.5753,    27.7648      
# span 21 =    6.26044,    9.97279      
# span 22 =    6.21302,   10.19576      
# span 23 =         11,         84      
# span 24 = 0.0000e+00, 0.0000e+00      
# interval = decibars: 1                
# start_time = Jul 09 2014 15:35:27 [NMEA time, header]
# bad_flag = -9.990e-29
*END*
[from data line 464]
      58741   2447.491    956.000     3.7471   3.266467     3.7467   3.266386      98.63     0.0163     2.6300     2.3099  34.219780  3.7582746   48.34870  -46.58230    34.8925    34.8920     3.6764     3.6759    27.7340    27.7337    6.43494    6.38342         24 0.0000e+00
      58771   2448.754    955.000     3.7471   3.266408     3.7466   3.266328      98.63     0.0137     2.6310     2.3102  34.219780  3.7532887   48.34870  -46.58230    34.8924    34.8919     3.6764     3.6759    27.7339    27.7336    6.44000    6.38334         36 0.0000e+00
      58803   2450.077    954.000     3.7471   3.266356     3.7465   3.266272      98.63     0.0190     2.6315     2.3105  34.219780  3.7521069   48.34870  -46.58230    34.8923    34.8919     3.6765     3.6759    27.7338    27.7336    6.43467    6.38209         25 0.0000e+00
      58824   2450.974    953.000     3.7470   3.266306     3.7463   3.266224      98.63     0.0198     2.6315     2.3105  34.217594  3.7521367   48.34870  -46.58230    34.8922    34.8920     3.6765     3.6758    27.7338    27.7337    6.43524    6.38470         20 0.0000e+00
      58843   2451.757    952.000     3.7470   3.266254     3.7463   3.266168      98.63     0.0182     2.6319     2.3110  34.217342  3.7521367   48.34870  -46.58230    34.8922    34.8919     3.6765     3.6759    27.7338    27.7336    6.44087    6.39360         18 0.0000e+00
      58861   2452.519    951.000     3.7468   3.266195     3.7462   3.266118      98.63     0.0156     2.6325     2.3119  34.209232  3.7521367   48.34870  -46.58230    34.8922    34.8919     3.6764     3.6759    27.7338    27.7336    6.43734    6.39531         19 0.0000e+00
      58883   2453.406    950.000     3.7467   3.266141     3.7462   3.266057      98.63     0.0155     2.6325     2.3125  34.205261  3.7521367   48.34870  -46.58230    34.8922    34.8917     3.6764     3.6759    27.7338    27.7334    6.43965    6.39193         24 0.0000e+00
      58914   2454.701    949.000     3.7466   3.266078     3.7461   3.265989      98.63     0.0151     2.6338     2.3128  34.205128  3.7523882   48.34868  -46.58230    34.8920    34.8915     3.6764     3.6759    27.7337    27.7333    6.44878    6.38741         38 0.0000e+00
      58947   2456.090    948.000     3.7468   3.266016     3.7463   3.265912      65.07     0.0147     2.6347     2.3132  34.205128  3.7521231   48.34868  -46.58230    34.8916    34.8909     3.6767     3.6762    27.7333    27.7328    6.44181    6.38945         24 0.0000e+00
      58967   2456.908    947.000     3.7471   3.265950     3.7465   3.265850      35.90     0.0134     2.6352     2.3132  34.205128  3.7521367   48.34868  -46.58230    34.8910    34.8905     3.6771     3.6764    27.7328    27.7324    6.44679    6.39212         18 0.0000e+00
      58982   2457.561    946.000     3.7473   3.265885     3.7466   3.265805      98.43     0.0117     2.6356     2.3140  34.205128  3.7521367   48.34868  -46.58230    34.8905    34.8904     3.6773     3.6766    27.7324    27.7323    6.45099    6.40149         14 0.0000e+00
      58997   2458.158    945.000     3.7474   3.265842     3.7467   3.265770      98.64     0.0123     2.6364     2.3147  34.205128  3.7521367   48.34868  -46.58230    34.8905    34.8903     3.6775     3.6769    27.7323    27.7322    6.45088    6.40571         14 0.0000e+00
      59012   2458.788    944.000     3.7474   3.265807     3.7469   3.265728      98.63     0.0143     2.6367     2.3156  34.205128  3.7521367   48.34868  -46.58230    34.8906    34.8901     3.6776     3.6771    27.7324    27.7320    6.44802    6.40978         17 0.0000e+00
      59032   2459.637    943.000     3.7473   3.265763     3.7469   3.265685      91.48     0.0166     2.6370     2.3168  34.205128  3.7521367   48.34868  -46.58230    34.8906    34.8901     3.6776     3.6772    27.7324    27.7320    6.44488    6.40839         27 0.0000e+00
      59076   2461.479    942.000     3.7470   3.265689     3.7468   3.265623      81.05     0.0159     2.6374     2.3184  34.178844  3.7521367   48.34868  -46.58229    34.8906    34.8900     3.6774     3.6771    27.7324    27.7320    6.44075    6.40951         48 0.0000e+00
      59106   2462.711    941.000     3.7471   3.265646     3.7470   3.265583      98.91     0.0177     2.6375     2.3192  34.175720  3.7521367   48.34868  -46.58228    34.8905    34.8899     3.6776     3.6774    27.7323    27.7318    6.44791    6.40663         20 0.0000e+00
      59124   2463.469    940.000     3.7476   3.265621     3.7471   3.265546      98.63     0.0185     2.6384     2.3195  34.183689  3.7521367   48.34868  -46.58228    34.8902    34.8898     3.6781     3.6776    27.7320    27.7318    6.45092    6.40454         17 0.0000e+00
      59141   2464.173    939.000     3.7481   3.265603     3.7475   3.265527      98.63     0.0184     2.6385     2.3195  34.174889  3.7521367   48.34868  -46.58228    34.8900    34.8896     3.6787     3.6781    27.7318    27.7316    6.44512    6.40192         17 0.0000e+00
      59158   2464.884    938.000     3.7482   3.265571     3.7478   3.265501      98.63     0.0170     2.6385     2.3197  34.174210  3.7521367   48.34868  -46.58228    34.8900    34.8895     3.6789     3.6785    27.7318    27.7314    6.45351    6.40312         18 0.0000e+00
      59178   2465.724    937.000     3.7482   3.265528     3.7479   3.265461      98.63     0.0171     2.6402     2.3199  34.178864  3.7521367   48.34868  -46.58228    34.8900    34.8895     3.6790     3.6787    27.7317    27.7314    6.45877    6.40448         23 0.0000e+00
      59205   2466.816    936.000     3.7483   3.265480     3.7478   3.265406      98.63     0.0174     2.6405     2.3204  34.169415  3.7521367   48.34868  -46.58228    34.8898    34.8895     3.6791     3.6787    27.7316    27.7314    6.44768    6.40965         29 0.0000e+00
      59232   2467.945    935.000     3.7485   3.265438     3.7481   3.265376      98.63     0.0159     2.6406     2.3216  34.164879  3.7521367   48.34867  -46.58228    34.8897    34.8894     3.6794     3.6790    27.7315    27.7313    6.44892    6.41689         23 0.0000e+00
      59253   2468.842    934.000     3.7492   3.265446     3.7489   3.265393      98.63     0.0186     2.6415     2.3220  34.164658  3.7596459   48.34866  -46.58228    34.8895    34.8891     3.6802     3.6799    27.7312    27.7310    6.45736    6.41473         21 0.0000e+00
      59273   2469.671    933.000     3.7497   3.265434     3.7495   3.265396      98.63     0.0161     2.6420     2.3230  34.166267  3.7594650   48.34866  -46.58228    34.8893    34.8890     3.6808     3.6806    27.7310    27.7309    6.45322    6.41967         20 0.0000e+00
      59295   2470.565    932.000     3.7502   3.265426     3.7499   3.265366      98.63     0.0123     2.6423     2.3235  34.162521  3.7560294   48.34866  -46.58228    34.8893    34.8889     3.6813     3.6810    27.7310    27.7307    6.44925    6.41755         23 0.0000e+00
      59322   2471.722    931.000     3.7503   3.265389     3.7502   3.265335      98.63     0.0152     2.6427     2.3243  34.161633  3.7521608   48.34866  -46.58228    34.8892    34.8887     3.6815     3.6814    27.7309    27.7305    6.45974    6.41936         32 0.0000e+00
      59352   2472.946    930.000     3.7507   3.265354     3.7503   3.265305      98.63     0.0150     2.6444     2.3253  34.162361  3.7605462   48.34866  -46.58227    34.8889    34.8887     3.6820     3.6817    27.7306    27.7305    6.46290    6.41974         25 0.0000e+00
      59374   2473.877    929.000     3.7514   3.265361     3.7509   3.265296      98.63     0.0172     2.6449     2.3256  34.161167  3.7605097   48.34866  -46.58226    34.8888    34.8884     3.6828     3.6823    27.7304    27.7302    6.45969    6.42081         21 0.0000e+00
      59394   2474.705    928.000     3.7522   3.265363     3.7515   3.265292      58.91     0.0152     2.6456     2.3262  34.161171  3.7618985   48.34866  -46.58226    34.8885    34.8883     3.6836     3.6830    27.7301    27.7300    6.46468    6.42547         19 0.0000e+00
      59414   2475.530    927.000     3.7523   3.265334     3.7518   3.265260      61.52     0.0150     2.6462     2.3269  34.161171  3.7619047   48.34866  -46.58226    34.8885    34.8882     3.6838     3.6833    27.7301    27.7299    6.46039    6.42011         21 0.0000e+00
      59436   2476.479    926.000     3.7523   3.265290     3.7518   3.265222      97.81     0.0170     2.6465     2.3269  34.159451  3.7611406   48.34866  -46.58226    34.8885    34.8882     3.6839     3.6835    27.7301    27.7299    6.46145    6.41705         25 0.0000e+00
      59465   2477.655    925.000     3.7522   3.265239     3.7518   3.265170      93.72     0.0196     2.6474     2.3271  34.160202  3.7619112   48.34866  -46.58226    34.8885    34.8881     3.6839     3.6835    27.7301    27.7298    6.46423    6.41528         30 0.0000e+00
      59491   2478.771    924.000     3.7524   3.265198     3.7517   3.265119      95.69     0.0170     2.6482     2.3270  34.161190  3.7619047   48.34866  -46.58226    34.8883    34.8881     3.6842     3.6835    27.7299    27.7298    6.46413    6.41351         23 0.0000e+00
      59512   2479.621    923.000     3.7525   3.265170     3.7520   3.265087      98.69     0.0165     2.6486     2.3270  34.161171  3.7619047   48.34866  -46.58226    34.8883    34.8880     3.6844     3.6838    27.7299    27.7297    6.46331    6.41288         18 0.0000e+00
      59529   2480.328    922.000     3.7532   3.265166     3.7527   3.265106      98.63     0.0200     2.6486     2.3269  34.159302  3.7619047   48.34866  -46.58226    34.8881    34.8879     3.6852     3.6847    27.7296    27.7295    6.46412    6.41500         16 0.0000e+00
      59544   2480.976    921.000     3.7541   3.265188     3.7537   3.265139      98.63     0.0206     2.6495     2.3272  34.152962  3.7619047   48.34864  -46.58226    34.8880    34.8877     3.6861     3.6858    27.7294    27.7293    6.46368    6.41673         16 0.0000e+00
      59560   2481.640    920.000     3.7545   3.265182     3.7542   3.265127      98.63     0.0194     2.6494     2.3276  34.153835  3.7619047   48.34864  -46.58226    34.8880    34.8877     3.6866     3.6862    27.7294    27.7292    6.45638    6.41780         16 0.0000e+00
      59578   2482.391    919.000     3.7546   3.265144     3.7545   3.265100      98.63     0.0130     2.6490     2.3279  34.152832  3.7619047   48.34864  -46.58226    34.8880    34.8875     3.6867     3.6866    27.7294    27.7290    6.46303    6.41809         21 0.0000e+00
      59623   2484.238    918.000     3.7545   3.265100     3.7542   3.265039      94.19     0.0126     2.6506     2.3284  34.149456  3.7619047   48.34864  -46.58226    34.8881    34.8876     3.6867     3.6864    27.7295    27.7291    6.46660    6.41554         57 0.0000e+00
      59670   2486.209    917.000     3.7545   3.265034     3.7538   3.264952      59.88     0.0157     2.6517     2.3284  34.146454  3.7603271   48.34864  -46.58226    34.8877    34.8875     3.6869     3.6862    27.7292    27.7291    6.46737    6.41948         19 0.0000e+00
      59686   2486.855    916.000     3.7549   3.265022     3.7543   3.264954      98.66     0.0175     2.6516     2.3290  34.146519  3.7521298   48.34864  -46.58226    34.8877    34.8876     3.6874     3.6867    27.7291    27.7291    6.46523    6.42509         14 0.0000e+00
      59699   2487.428    915.000     3.7564   3.265082     3.7554   3.264998      98.63     0.0178     2.6519     2.3294  34.146519  3.7521367   48.34864  -46.58226    34.8874    34.8874     3.6888     3.6879    27.7287    27.7288    6.46895    6.42616         13 0.0000e+00
      59712   2487.962    914.000     3.7567   3.265078     3.7561   3.265009      98.63     0.0161     2.6524     2.3299  34.145386  3.7521367   48.34864  -46.58226    34.8874    34.8873     3.6893     3.6887    27.7287    27.7287    6.47058    6.42748         13 0.0000e+00
      59725   2488.505    913.000     3.7570   3.265063     3.7566   3.264994      98.63     0.0166     2.6529     2.3307  34.146530  3.7582030   48.34864  -46.58226    34.8875    34.8872     3.6896     3.6892    27.7287    27.7285    6.46280    6.42522         13 0.0000e+00
      59740   2489.112    912.000     3.7571   3.265019     3.7566   3.264947      98.63     0.0160     2.6527     2.3306  34.146519  3.7612617   48.34864  -46.58226    34.8874    34.8870     3.6898     3.6894    27.7286    27.7284    6.46000    6.41089         17 0.0000e+00
      59761   2489.990    911.000     3.7570   3.264976     3.7566   3.264899      98.63     0.0171     2.6529     2.3298  34.139755  3.7615385   48.34864  -46.58226    34.8875    34.8871     3.6898     3.6894    27.7287    27.7284    6.46491    6.40435         28 0.0000e+00
      59800   2491.618    910.000     3.7565   3.264896     3.7560   3.264806      98.63     0.0236     2.6535     2.3294  34.111923  3.7614176   48.34864  -46.58225    34.8876    34.8871     3.6894     3.6889    27.7288    27.7285    6.46538    6.40847         41 0.0000e+00
      59831   2492.904    909.000     3.7565   3.264832     3.7556   3.264732      94.10     0.0199     2.6539     2.3294  34.102325  3.7603192   48.34864  -46.58224    34.8874    34.8872     3.6894     3.6885    27.7287    27.7286    6.46789    6.41088         25 0.0000e+00
      59856   2493.939    908.000     3.7565   3.264796     3.7559   3.264715      38.86     0.0147     2.6549     2.3294  34.104824  3.7619071   48.34864  -46.58224    34.8874    34.8871     3.6896     3.6890    27.7286    27.7285    6.46970    6.40760         26 0.0000e+00
      59881   2495.016    907.000     3.7566   3.264767     3.7561   3.264688      99.51     0.0170     2.6550     2.3293  34.113235  3.7619047   48.34864  -46.58226    34.8875    34.8871     3.6898     3.6893    27.7287    27.7284    6.46669    6.40803         25 0.0000e+00
      59905   2496.006    906.000     3.7568   3.264715     3.7561   3.264641      98.50     0.0156     2.6551     2.3296  34.120750  3.7614486   48.34864  -46.58226    34.8873    34.8871     3.6900     3.6893    27.7285    27.7284    6.46671    6.41653         22 0.0000e+00
      59925   2496.817    905.000     3.7568   3.264682     3.7562   3.264595      78.08     0.0151     2.6558     2.3305  34.102478  3.7619069   48.34864  -46.58226    34.8873    34.8870     3.6901     3.6895    27.7286    27.7283    6.47506    6.42019         18 0.0000e+00
      59941   2497.505    904.000     3.7572   3.264660     3.7568   3.264607      98.82     0.0148     2.6564     2.3308  34.102566  3.7619047   48.34864  -46.58226    34.8872    34.8869     3.6905     3.6902    27.7284    27.7282    6.47252    6.41644         15 0.0000e+00
      59957   2498.153    903.000     3.7576   3.264654     3.7575   3.264619      98.63     0.0148     2.6565     2.3314  34.102566  3.7619047   48.34864  -46.58224    34.8872    34.8869     3.6910     3.6909    27.7284    27.7281    6.46729    6.41606         16 0.0000e+00
      59973   2498.827    902.000     3.7580   3.264646     3.7578   3.264601      98.63     0.0135     2.6569     2.3313  34.102566  3.7619047   48.34864  -46.58224    34.8872    34.8868     3.6915     3.6914    27.7283    27.7280    6.46090    6.41346         17 0.0000e+00
      59993   2499.676    901.000     3.7582   3.264616     3.7581   3.264580      98.63     0.0130     2.6564     2.3315  34.102566  3.7619047   48.34864  -46.58225    34.8871    34.8868     3.6918     3.6917    27.7282    27.7280    6.46606    6.41359         26 0.0000e+00
      60041   2501.652    900.000     3.7581   3.264566     3.7573   3.264470      98.49     0.0152     2.6575     2.3321  34.102566  3.7619047   48.34864  -46.58226    34.8871    34.8868     3.6918     3.6910    27.7282    27.7280    6.46850    6.41346         57 0.0000e+00
