data/CTD/2014/CNV/u017a048.cnv
* Sea-Bird SBE 9 Data File:
* FileName = C:\CTD_ACQUISITION\2014017HUD\ctddata\017A048.hdr
* Software Version Seasave V 7.22.2
* Temperature SN = 5081
* Conductivity SN = 3561
* Number of Bytes Per Scan = 37
* Number of Voltage Words = 4
* Number of Scans Averaged by the Deck Unit = 1
* NMEA Latitude = 47 04.69 N
* NMEA Longitude = 047 16.88 W
* NMEA UTC (Time) = Jul 11 2014 07:27:43
* NMEA baud rate = 9600
** Ship: Hudson
** Cruise: HUD2014017
** Chief_Scientist: Blair Greenan
** Organization: BIO
** Area_of_Operation: Sackville Spur
** Station: 048
** Sounding:  405
** Event_Comments: CTD_1842, 403278
** CTD cast ~1 Nm south of Mooring_1842
# nquan = 25
# nvalues = 415                         
# units = specified
# name 0 = scan: Scan Count
# name 1 = timeS: Time, Elapsed [seconds]
# name 2 = prDM: Pressure, Digiquartz [db]
# name 3 = t068C: Temperature [ITS-68, deg C]
# name 4 = c0S/m: Conductivity [S/m]
# name 5 = t168C: Temperature, 2 [ITS-68, deg C]
# name 6 = c1S/m: Conductivity, 2 [S/m]
# name 7 = altM: Altimeter [m]
# name 8 = flC: Fluorescence, Chelsea Aqua 3 Chl Con [ug/l]
# name 9 = sbeox0V: Oxygen raw, SBE 43 [V]
# name 10 = sbeox1V: Oxygen raw, SBE 43, 2 [V]
# name 11 = upoly0: Upoly 0, Optode 4330F - O2 D-Phase
# name 12 = upoly1: Upoly 1, Optode 4330F - O2 Temp
# name 13 = latitude: Latitude [deg]
# name 14 = longitude: Longitude [deg]
# name 15 = sal00: Salinity, Practical [PSU]
# name 16 = sal11: Salinity, Practical, 2 [PSU]
# name 17 = potemp068C: Potential Temperature [ITS-68, deg C]
# name 18 = potemp168C: Potential Temperature, 2 [ITS-68, deg C]
# name 19 = sigma-é00: Density [sigma-theta, Kg/m^3]
# name 20 = sigma-é11: Density, 2 [sigma-theta, Kg/m^3]
# name 21 = sbeox0ML/L: Oxygen, SBE 43 [ml/l], WS = 2
# name 22 = sbeox1ML/L: Oxygen, SBE 43, 2 [ml/l], WS = 2
# name 23 = nbin: number of scans per bin
# name 24 = flag: flag
# span 0 =      20409,      33040       
# span 1 =    850.338,   1376.629       
# span 2 =      1.000,    415.000       
# span 3 =    -1.6665,     8.1450       
# span 4 =   2.626218,   3.419972       
# span 5 =    -1.6656,     8.1442       
# span 6 =   2.626245,   3.419965       
# span 7 =       2.57,      99.98       
# span 8 =     0.0116,     0.2747       
# span 9 =     2.7848,     3.6995       
# span 10 =     2.4537,     3.2754      
# span 11 =  30.502335,  34.630116      
# span 12 = -1.7722763,  8.1246271      
# span 13 =   47.07712,   47.07769      
# span 14 =  -47.28051,  -47.27989      
# span 15 =    32.7107,    34.6429      
# span 16 =    32.7107,    34.6427      
# span 17 =    -1.6674,     8.1447      
# span 18 =    -1.6665,     8.1440      
# span 19 =    25.4555,    27.5809      
# span 20 =    25.4556,    27.5808      
# span 21 =    6.51660,   10.46248      
# span 22 =    6.27909,   10.82256      
# span 23 =         16,         68      
# span 24 = 0.0000e+00, 0.0000e+00      
# interval = decibars: 1                
# start_time = Jul 11 2014 07:27:43 [NMEA time, header]
# bad_flag = -9.990e-29
*END*
[from data line 290]
      28796   1199.794    125.000    -0.1980   2.784608    -0.1968   2.784675      96.95     0.0197     2.9720     2.6183  34.356659 -0.7577034   47.07748  -47.28015    33.5632    33.5628    -0.2021    -0.2009    26.9561    26.9557    7.56369    7.59244         36 0.0000e+00
      28825   1200.983    124.000    -0.1956   2.784731    -0.1986   2.784324      98.69     0.0198     2.9742     2.6192  34.323074 -0.8041098   47.07748  -47.28016    33.5628    33.5606    -0.1996    -0.2026    26.9556    26.9540    7.55827    7.59912         22 0.0000e+00
      28844   1201.775    123.000    -0.2013   2.784015    -0.2042   2.783621      96.34     0.0201     2.9749     2.6202  34.324951 -0.7493154   47.07748  -47.28016    33.5601    33.5581    -0.2053    -0.2082    26.9537    26.9522    7.55098    7.59685         17 0.0000e+00
      28860   1202.453    122.000    -0.2136   2.782653    -0.2225   2.781626      95.60     0.0190     2.9750     2.6202  34.301682 -0.8083563   47.07748  -47.28016    33.5561    33.5522    -0.2175    -0.2264    26.9511    26.9483    7.54227    7.58640         16 0.0000e+00
      28876   1203.106    121.000    -0.2292   2.780943    -0.2370   2.780035      40.01     0.0190     2.9741     2.6197  34.284748 -0.7966717   47.07748  -47.28016    33.5512    33.5477    -0.2331    -0.2409    26.9478    26.9453    7.53545    7.58772         16 0.0000e+00
      28892   1203.803    120.000    -0.2358   2.780145    -0.2443   2.779133      76.33     0.0206     2.9737     2.6199  34.288113 -0.7552772   47.07748  -47.28016    33.5484    33.5443    -0.2396    -0.2481    26.9458    26.9429    7.53844    7.59964         18 0.0000e+00
      28913   1204.677    119.000    -0.2405   2.779546    -0.2509   2.778417      95.48     0.0233     2.9736     2.6207  34.271946 -0.8449268   47.07748  -47.28016    33.5463    33.5427    -0.2444    -0.2547    26.9443    26.9419    7.54468    7.60929         25 0.0000e+00
      28946   1206.045    118.000    -0.2379   2.779804    -0.2464   2.778839      97.43     0.0212     2.9742     2.6221  34.251904 -0.8230386   47.07748  -47.28015    33.5474    33.5440    -0.2417    -0.2498    26.9451    26.9428    7.56175    7.61049         40 0.0000e+00
      28984   1207.630    117.000    -0.2317   2.780502    -0.2421   2.779247      96.62     0.0182     2.9768     2.6235  34.216377 -0.8467997   47.07748  -47.28014    33.5505    33.5452    -0.2355    -0.2459    26.9473    26.9435    7.57367    7.62056         31 0.0000e+00
      29009   1208.658    116.000    -0.2559   2.777821    -0.2673   2.776341      96.48     0.0169     2.9787     2.6253  34.219105 -0.8951800   47.07748  -47.28014    33.5421    33.5356    -0.2596    -0.2706    26.9416    26.9369    7.58665    7.64069         21 0.0000e+00
      29028   1209.456    115.000    -0.3007   2.772856    -0.3163   2.770936      98.63     0.0184     2.9802     2.6271  34.219776 -0.8476952   47.07748  -47.28014    33.5258    33.5174    -0.3044    -0.3199    26.9306    26.9244    7.60313    7.66062         19 0.0000e+00
      29046   1210.202    114.000    -0.3310   2.769489    -0.3460   2.767625      98.63     0.0222     2.9814     2.6288  34.219780 -0.8713852   47.07748  -47.28014    33.5149    33.5066    -0.3346    -0.3496    26.9231    26.9170    7.62648    7.67298         17 0.0000e+00
      29064   1210.949    113.000    -0.3405   2.768177    -0.3558   2.766444      93.75     0.0233     2.9844     2.6304  34.219780 -0.9189233   47.07748  -47.28014    33.5084    33.5021    -0.3440    -0.3593    26.9183    26.9139    7.63347    7.67352         19 0.0000e+00
      29083   1211.764    112.000    -0.3504   2.767026    -0.3627   2.765593      96.03     0.0215     2.9859     2.6315  34.219055 -0.8753698   47.07748  -47.28014    33.5046    33.4990    -0.3539    -0.3662    26.9156    26.9116    7.62283    7.66677         20 0.0000e+00
      29105   1212.684    111.000    -0.3586   2.765969    -0.3654   2.765086      95.16     0.0205     2.9867     2.6318  34.208218 -0.9565672   47.07748  -47.28014    33.5001    33.4958    -0.3621    -0.3688    26.9124    26.9091    7.61595    7.65241         24 0.0000e+00
      29131   1213.761    110.000    -0.3614   2.765536    -0.3655   2.764749      96.74     0.0193     2.9875     2.6303  34.204121 -0.9197626   47.07748  -47.28014    33.4980    33.4920    -0.3648    -0.3687    26.9107    26.9061    7.60501    7.62282         28 0.0000e+00
      29161   1214.983    109.000    -0.3655   2.764735    -0.3726   2.763692      98.64     0.0208     2.9861     2.6271  34.178677 -0.9692214   47.07748  -47.28014    33.4924    33.4864    -0.3689    -0.3760    26.9064    26.9018    7.58928    7.60201         30 0.0000e+00
      29189   1216.171    108.000    -0.3707   2.763985    -0.3814   2.762544      93.64     0.0246     2.9839     2.6234  34.172543 -0.9392890   47.07748  -47.28014    33.4887    33.4813    -0.3740    -0.3847    26.9037    26.8981    7.56230    7.58061         27 0.0000e+00
      29215   1217.230    107.000    -0.3719   2.763968    -0.4105   2.759505      98.64     0.0232     2.9804     2.6194  34.153225 -0.9576797   47.07748  -47.28014    33.4904    33.4733    -0.3752    -0.4138    26.9051    26.8930    7.54305    7.56359         24 0.0000e+00
      29238   1218.198    106.000    -0.3932   2.761366    -0.4533   2.755332      98.39     0.0191     2.9775     2.6162  34.155197 -0.9546799   47.07748  -47.28014    33.4798    33.4653    -0.3965    -0.4565    26.8974    26.8883    7.54818    7.55992         22 0.0000e+00
      29260   1219.108    105.000    -0.4378   2.756980    -0.4884   2.752034      98.12     0.0248     2.9756     2.6133  34.152733 -0.9890646   47.07748  -47.28012    33.4709    33.4604    -0.4410    -0.4915    26.8921    26.8858    7.55517    7.55585         21 0.0000e+00
      29280   1219.958    104.000    -0.4792   2.753398    -0.5132   2.749662      98.65     0.0266     2.9733     2.6099  34.150867 -0.9537665   47.07748  -47.28012    33.4691    33.4566    -0.4823    -0.5163    26.8925    26.8838    7.53639    7.55028         20 0.0000e+00
      29300   1220.787    103.000    -0.5103   2.750253    -0.5461   2.746259      94.21     0.0237     2.9693     2.6071  34.159126 -0.8630160   47.07748  -47.28012    33.4619    33.4478    -0.5133    -0.5491    26.8880    26.8781    7.50957    7.54261         20 0.0000e+00
      29321   1221.657    102.000    -0.5313   2.747838    -0.5755   2.743322      95.80     0.0214     2.9639     2.6033  34.161148 -1.0185498   47.07748  -47.28012    33.4536    33.4415    -0.5343    -0.5785    26.8822    26.8742    7.49499    7.52727         23 0.0000e+00
      29345   1222.650    101.000    -0.5485   2.745971    -0.5913   2.741677      98.59     0.0220     2.9595     2.5987  34.173279 -0.9713124   47.07748  -47.28012    33.4478    33.4374    -0.5514    -0.5942    26.8781    26.8715    7.50512    7.51212         25 0.0000e+00
      29372   1223.798    100.000    -0.5731   2.743572    -0.6092   2.739809      93.53     0.0203     2.9548     2.5941  34.176853 -0.3961814   47.07748  -47.28012    33.4433    33.4327    -0.5760    -0.6121    26.8755    26.8684    7.48361    7.51125         29 0.0000e+00
      29401   1224.980     99.000    -0.6032   2.740460    -0.6369   2.736913      98.19     0.0167     2.9490     2.5899  34.176357 -0.4187913   47.07748  -47.28012    33.4354    33.4248    -0.6060    -0.6397    26.8703    26.8632    7.47771    7.50077         27 0.0000e+00
      29426   1226.023     98.000    -0.6096   2.739816    -0.6817   2.732168      84.92     0.0195     2.9444     2.5858  34.176464 -0.4205475   47.07748  -47.28012    33.4343    33.4111    -0.6124    -0.6844    26.8698    26.8538    7.45590    7.48087         23 0.0000e+00
      29448   1226.940     97.000    -0.6710   2.733812    -0.7594   2.724401      73.18     0.0190     2.9392     2.5818  34.206577 -0.4492903   47.07748  -47.28012    33.4220    33.3929    -0.6737    -0.7621    26.8622    26.8421    7.45043    7.47617         21 0.0000e+00
      29468   1227.792     96.000    -0.7487   2.725933    -0.8088   2.719556      97.34     0.0116     2.9354     2.5779  34.207222 -0.4481075   47.07748  -47.28012    33.4023    33.3826    -0.7513    -0.8114    26.8493    26.8357    7.46139    7.48832         21 0.0000e+00
      29489   1228.663     95.000    -0.8061   2.720134    -0.8371   2.716496      98.63     0.0158     2.9311     2.5753  34.242641 -0.5300621   47.07748  -47.28012    33.3881    33.3731    -0.8087    -0.8396    26.8400    26.8290    7.46035    7.49942         21 0.0000e+00
      29513   1229.646     94.000    -0.8183   2.718538    -0.8884   2.711169      94.63     0.0182     2.9266     2.5721  34.250214 -0.5164799   47.07748  -47.28012    33.3806    33.3585    -0.8208    -0.8909    26.8344    26.8191    7.46907    7.50410         26 0.0000e+00
      29541   1230.826     93.000    -0.8414   2.715450    -0.9310   2.707161      96.05     0.0204     2.9240     2.5709  34.295509 -0.5892703   47.07748  -47.28012    33.3650    33.3519    -0.8439    -0.9333    26.8226    26.8152    7.48672    7.53139         30 0.0000e+00
      29569   1231.996     92.000    -0.8823   2.712111    -0.9651   2.703781      98.67     0.0253     2.9228     2.5708  34.303871 -0.6099561   47.07748  -47.28012    33.3657    33.3445    -0.8847    -0.9675    26.8247    26.8104    7.50136    7.54232         26 0.0000e+00
      29592   1232.969     91.000    -0.9349   2.707169    -1.0118   2.698871      90.20     0.0283     2.9216     2.5707  34.329590 -0.6541624   47.07748  -47.28011    33.3573    33.3300    -0.9372    -1.0140    26.8198    26.8004    7.51689    7.55529         21 0.0000e+00
      29613   1233.822     90.000    -1.0148   2.698263    -1.0622   2.693469      69.76     0.0256     2.9217     2.5706  34.325974 -0.6542182   47.07748  -47.28010    33.3258    33.3131    -1.0170    -1.0644    26.7970    26.7884    7.53697    7.57361         20 0.0000e+00
      29633   1234.662     89.000    -1.0722   2.692451    -1.1040   2.689090      59.33     0.0205     2.9208     2.5706  34.381367 -0.7027580   47.07748  -47.28010    33.3109    33.3004    -1.0743    -1.1061    26.7869    26.7795    7.53860    7.58041         21 0.0000e+00
      29655   1235.564     88.000    -1.0994   2.689501    -1.1245   2.686985      94.64     0.0174     2.9201     2.5696  34.395313 -0.7183154   47.07748  -47.28010    33.3015    33.2950    -1.1015    -1.1266    26.7802    26.7758    7.54362    7.56572         23 0.0000e+00
      29680   1236.612     87.000    -1.1149   2.687877    -1.1328   2.686159      92.79     0.0158     2.9186     2.5673  34.423996 -0.8126451   47.07748  -47.28010    33.2972    33.2932    -1.1170    -1.1349    26.7772    26.7746    7.52538    7.55793         27 0.0000e+00
      29707   1237.765     86.000    -1.1137   2.687880    -1.1235   2.687114      95.09     0.0222     2.9165     2.5658  34.435368 -0.8593358   47.07748  -47.28010    33.2965    33.2970    -1.1158    -1.1256    26.7767    26.7773    7.53841    7.56876         27 0.0000e+00
      29733   1238.837     85.000    -1.1205   2.687111    -1.1365   2.685616      91.45     0.0263     2.9167     2.5657  34.452518 -0.8724796   47.07748  -47.28010    33.2941    33.2915    -1.1225    -1.1385    26.7749    26.7734    7.55159    7.57867         25 0.0000e+00
      29757   1239.821     84.000    -1.1269   2.686541    -1.1443   2.684830      97.07     0.0228     2.9173     2.5659  34.454189 -0.8761548   47.07748  -47.28010    33.2940    33.2901    -1.1288    -1.1463    26.7751    26.7724    7.55851    7.58908         23 0.0000e+00
      29780   1240.772     83.000    -1.1399   2.685197    -1.1547   2.683726      98.64     0.0212     2.9178     2.5669  34.480228 -0.8948024   47.07748  -47.28009    33.2908    33.2871    -1.1418    -1.1566    26.7729    26.7704    7.55639    7.59810         22 0.0000e+00
      29801   1241.683     82.000    -1.1669   2.682503    -1.1800   2.680666      93.92     0.0208     2.9174     2.5678  34.483578 -0.8974850   47.07748  -47.28009    33.2846    33.2741    -1.1688    -1.1819    26.7687    26.7606    7.55950    7.61204         21 0.0000e+00
      29822   1242.560     81.000    -1.2151   2.677596    -1.2418   2.674485      92.59     0.0220     2.9182     2.5690  34.503452 -0.9771776   47.07748  -47.28010    33.2717    33.2588    -1.2169    -1.2436    26.7598    26.7502    7.57549    7.62863         21 0.0000e+00
      29844   1243.454     80.000    -1.2614   2.672587    -1.2956   2.668940      98.61     0.0199     2.9181     2.5700  34.512775 -1.0098145   47.07748  -47.28010    33.2552    33.2433    -1.2632    -1.2974    26.7478    26.7392    7.58227    7.63446         23 0.0000e+00
      29868   1244.452     79.000    -1.2992   2.669046    -1.3335   2.665207      88.66     0.0203     2.9183     2.5705  34.539154 -0.9944121   47.07748  -47.28010    33.2493    33.2349    -1.3009    -1.3353    26.7442    26.7335    7.59993    7.64605         26 0.0000e+00
      29895   1245.594     78.000    -1.3148   2.667297    -1.3588   2.662344      80.75     0.0193     2.9196     2.5718  34.560253 -1.2858061   47.07748  -47.28010    33.2433    33.2242    -1.3165    -1.3605    26.7398    26.7256    7.61548    7.66079         28 0.0000e+00
      29923   1246.747     77.000    -1.3273   2.665740    -1.3839   2.659894      98.58     0.0207     2.9211     2.5734  34.570858 -1.7722763   47.07748  -47.28009    33.2359    33.2192    -1.3285    -1.3856    26.7341    26.7223    7.63012    7.67961         27 0.0000e+00
      29948   1247.809     76.000    -1.3595   2.662247    -1.4067   2.657572      90.83     0.0238     2.9242     2.5761  34.577511 -1.4565693   47.07748  -47.28008    33.2250    33.2132    -1.3611    -1.4083    26.7262    26.7180    7.67279    7.70394         24 0.0000e+00
      29973   1248.813     75.000    -1.4101   2.657090    -1.4250   2.655447      96.31     0.0242     2.9277     2.5786  34.594028 -1.6794454   47.07748  -47.28008    33.2109    33.2050    -1.4116    -1.4266    26.7163    26.7119    7.68486    7.72942         24 0.0000e+00
      29996   1249.781     74.000    -1.4385   2.653898    -1.4450   2.653016      98.52     0.0210     2.9306     2.5814  34.595417 -1.6945769   47.07748  -47.28008    33.1992    33.1943    -1.4400    -1.4465    26.7076    26.7038    7.70006    7.74345         22 0.0000e+00
      30017   1250.656     73.000    -1.4646   2.650852    -1.4727   2.649843      78.83     0.0168     2.9325     2.5833  34.614140 -1.2981474   47.07748  -47.28008    33.1870    33.1821    -1.4661    -1.4742    26.6984    26.6947    7.69219    7.74231         20 0.0000e+00
      30036   1251.463     72.000    -1.4870   2.648112    -1.4982   2.647008      89.13     0.0170     2.9333     2.5843  34.617718 -1.3268508   47.07748  -47.28008    33.1748    33.1720    -1.4884    -1.4996    26.6891    26.6872    7.69561    7.74693         19 0.0000e+00
      30055   1252.248     71.000    -1.5093   2.645779    -1.5165   2.645051      87.38     0.0200     2.9343     2.5853  34.621544 -1.4600308   47.07748  -47.28006    33.1681    33.1661    -1.5107    -1.5179    26.6843    26.6829    7.70197    7.75111         19 0.0000e+00
      30076   1253.115     70.000    -1.5204   2.644688    -1.5302   2.643631      44.30     0.0207     2.9358     2.5861  34.629936 -1.5386503   47.07748  -47.28006    33.1660    33.1624    -1.5218    -1.5316    26.6829    26.6802    7.71829    7.75836         23 0.0000e+00
      30102   1254.207     69.000    -1.5263   2.644116    -1.5386   2.642780      88.87     0.0238     2.9378     2.5877  34.630035 -1.2992885   47.07748  -47.28006    33.1654    33.1606    -1.5277    -1.5400    26.6825    26.6790    7.73017    7.77364         30 0.0000e+00
