data/CTD/2014/CNV/u017a020.cnv
* Sea-Bird SBE 9 Data File:
* FileName = C:\CTD_ACQUISITION\2014017HUD\017A020.hdr
* Software Version Seasave V 7.23.1
* Temperature SN = 5081
* Conductivity SN = 3561
* Number of Bytes Per Scan = 37
* Number of Voltage Words = 4
* Number of Scans Averaged by the Deck Unit = 1
* NMEA Latitude = 53 08.99 N
* NMEA Longitude = 050 44.43 W
* NMEA UTC (Time) = Jul 05 2014 00:39:02
* NMEA baud rate = 9600
** Ship: Hudson
** Cruise: HUD2014017
** Chief_Scientist: Blair Greenan
** Organization: BIO
** Area_of_Operation: Sackville Spur
** Station: 020
** Sounding:  3070
** Event_Comments: K9, 403105
** Windows 7 Test
# nquan = 25
# nvalues = 502                         
# units = specified
# name 0 = scan: Scan Count
# name 1 = timeS: Time, Elapsed [seconds]
# name 2 = prDM: Pressure, Digiquartz [db]
# name 3 = t068C: Temperature [ITS-68, deg C]
# name 4 = c0S/m: Conductivity [S/m]
# name 5 = t168C: Temperature, 2 [ITS-68, deg C]
# name 6 = c1S/m: Conductivity, 2 [S/m]
# name 7 = altM: Altimeter [m]
# name 8 = flC: Fluorescence, Chelsea Aqua 3 Chl Con [ug/l]
# name 9 = sbeox0V: Oxygen raw, SBE 43 [V]
# name 10 = sbeox1V: Oxygen raw, SBE 43, 2 [V]
# name 11 = upoly0: Upoly 0, Optode 4330F - O2 D-Phase
# name 12 = upoly1: Upoly 1, Optode 4330F - O2 Temp
# name 13 = latitude: Latitude [deg]
# name 14 = longitude: Longitude [deg]
# name 15 = sal00: Salinity, Practical [PSU]
# name 16 = sal11: Salinity, Practical, 2 [PSU]
# name 17 = potemp068C: Potential Temperature [ITS-68, deg C]
# name 18 = potemp168C: Potential Temperature, 2 [ITS-68, deg C]
# name 19 = sigma-é00: Density [sigma-theta, Kg/m^3]
# name 20 = sigma-é11: Density, 2 [sigma-theta, Kg/m^3]
# name 21 = sbeox0ML/L: Oxygen, SBE 43 [ml/l], WS = 2
# name 22 = sbeox1ML/L: Oxygen, SBE 43, 2 [ml/l], WS = 2
# name 23 = nbin: number of scans per bin
# name 24 = flag: flag
# span 0 =      24373,      39431       
# span 1 =   1015.516,   1642.929       
# span 2 =      1.000,    502.000       
# span 3 =     3.4354,     8.6574       
# span 4 =   3.188068,   3.634941       
# span 5 =     3.4350,     8.6555       
# span 6 =   3.187898,   3.634736       
# span 7 =      25.42,     102.77       
# span 8 =     0.0079,     0.2473       
# span 9 =     2.8233,     3.4153       
# span 10 =     2.4959,     2.9984      
# span 11 =  30.143942,  33.601864      
# span 12 =  2.7014062,  8.6151295      
# span 13 =   53.15078,   53.15110      
# span 14 =  -50.73534,  -50.73249      
# span 15 =    34.4982,    34.8643      
# span 16 =    34.4979,    34.8637      
# span 17 =     3.4284,     8.6573      
# span 18 =     3.4280,     8.6553      
# span 19 =    26.7797,    27.7157      
# span 20 =    26.7798,    27.7153      
# span 21 =    6.50285,    7.50030      
# span 22 =    6.26544,    7.53168      
# span 23 =         11,         75      
# span 24 = 0.0000e+00, 0.0000e+00      
# interval = decibars: 1                
# start_time = Jul 05 2014 00:39:02 [NMEA time, header]
# bad_flag = -9.990e-29
*END*
[from data line 116]
      27213   1133.819    386.000     3.5089   3.215150     3.5093   3.215175      98.63     0.0167     2.9014     2.5594  33.330166  3.5079403   53.15086  -50.73459    34.8335    34.8334     3.4828     3.4831    27.7063    27.7062    6.78467    6.79544         14 0.0000e+00
      27225   1134.340    385.000     3.5048   3.214668     3.5059   3.214774      98.27     0.0190     2.9009     2.5590  33.332066  3.5007954   53.15086  -50.73458    34.8327    34.8328     3.4787     3.4799    27.7060    27.7060    6.78161    6.79158         12 0.0000e+00
      27237   1134.835    384.000     3.5031   3.214507     3.5028   3.214410      97.77     0.0193     2.9020     2.5590  33.335342  3.5008333   53.15086  -50.73458    34.8330    34.8323     3.4772     3.4768    27.7065    27.7059    6.78512    6.79330         11 0.0000e+00
      27249   1135.344    383.000     3.5023   3.214394     3.4996   3.214056      98.66     0.0169     2.9022     2.5588  33.332718  3.4996467   53.15086  -50.73458    34.8331    34.8319     3.4764     3.4737    27.7066    27.7059    6.78326    6.79662         13 0.0000e+00
      27264   1135.957    382.000     3.5002   3.214143     3.4980   3.213854      98.63     0.0147     2.9019     2.5592  33.334103  3.5008407   53.15086  -50.73458    34.8329    34.8318     3.4744     3.4721    27.7066    27.7060    6.78094    6.80037         18 0.0000e+00
      27311   1137.933    381.000     3.4987   3.213949     3.4992   3.213943      98.63     0.0137     2.9044     2.5609  33.333427  3.5002253   53.15088  -50.73456    34.8327    34.8320     3.4730     3.4735    27.7066    27.7060    6.79749    6.81113         61 0.0000e+00
      27356   1139.793    380.000     3.4992   3.213919     3.4991   3.213888      98.63     0.0143     2.9060     2.5631  33.330772  3.4980726   53.15088  -50.73456    34.8323    34.8320     3.4736     3.4735    27.7062    27.7060    6.79483    6.81699         21 0.0000e+00
      27372   1140.472    379.000     3.4990   3.213861     3.4995   3.213866      98.36     0.0155     2.9067     2.5636  33.332405  3.4981685   53.15088  -50.73456    34.8323    34.8319     3.4734     3.4739    27.7063    27.7059    6.79871    6.81714         16 0.0000e+00
      27387   1141.102    378.000     3.4953   3.213458     3.4947   3.213315      98.01     0.0157     2.9073     2.5642  33.335419  3.4981685   53.15088  -50.73456    34.8320    34.8310     3.4698     3.4692    27.7064    27.7056    6.79979    6.82072         14 0.0000e+00
      27403   1141.742    377.000     3.4932   3.213192     3.4900   3.212789      98.65     0.0184     2.9081     2.5648  33.329552  3.4981685   53.15088  -50.73455    34.8316    34.8302     3.4677     3.4646    27.7063    27.7054    6.80358    6.81994         16 0.0000e+00
      27420   1142.461    376.000     3.4905   3.212880     3.4859   3.212324      98.63     0.0214     2.9085     2.5655  33.337536  3.4981685   53.15088  -50.73454    34.8312    34.8295     3.4651     3.4606    27.7062    27.7053    6.80225    6.81898         20 0.0000e+00
      27444   1143.455    375.000     3.4873   3.212479     3.4840   3.212067      98.63     0.0194     2.9094     2.5660  33.338116  3.4981685   53.15088  -50.73454    34.8305    34.8291     3.4620     3.4587    27.7059    27.7051    6.79713    6.81857         29 0.0000e+00
      27475   1144.760    374.000     3.4850   3.212191     3.4836   3.211992      98.63     0.0196     2.9094     2.5662  33.333714  3.4971669   53.15088  -50.73452    34.8300    34.8291     3.4598     3.4584    27.7057    27.7052    6.80111    6.81539         30 0.0000e+00
      27501   1145.829    373.000     3.4838   3.212022     3.4820   3.211768      98.63     0.0214     2.9103     2.5668  33.332649  3.4963803   53.15088  -50.73452    34.8297    34.8286     3.4587     3.4569    27.7056    27.7049    6.80336    6.82534         22 0.0000e+00
      27521   1146.653    372.000     3.4825   3.211827     3.4804   3.211565      98.63     0.0176     2.9106     2.5676  33.332520  3.4883282   53.15088  -50.73452    34.8294    34.8284     3.4574     3.4554    27.7055    27.7049    6.79698    6.82674         18 0.0000e+00
      27539   1147.407    371.000     3.4812   3.211640     3.4805   3.211521      98.63     0.0129     2.9108     2.5681  33.334171  3.4884005   53.15088  -50.73452    34.8291    34.8284     3.4562     3.4555    27.7054    27.7049    6.80238    6.82249         18 0.0000e+00
      27557   1148.183    370.000     3.4811   3.211576     3.4816   3.211574      86.71     0.0126     2.9112     2.5681  33.330425  3.4884005   53.15088  -50.73452    34.8289    34.8283     3.4562     3.4567    27.7052    27.7047    6.80216    6.81671         20 0.0000e+00
      27581   1149.155    369.000     3.4819   3.211609     3.4828   3.211636      84.83     0.0153     2.9113     2.5682  33.331505  3.4884005   53.15088  -50.73450    34.8289    34.8283     3.4571     3.4580    27.7052    27.7046    6.79549    6.81758         29 0.0000e+00
      27617   1150.674    368.000     3.4828   3.211631     3.4832   3.211614      99.11     0.0161     2.9115     2.5688  33.331257  3.4886596   53.15088  -50.73450    34.8288    34.8283     3.4581     3.4590    27.7050    27.7045    6.79936    6.83029         39 0.0000e+00
      27648   1151.946    367.000     3.4829   3.211589     3.4827   3.211514      98.63     0.0157     2.9120     2.5710  33.328571  3.4893134   53.15089  -50.73449    34.8288    34.8281     3.4582     3.4580    27.7050    27.7044    6.80599    6.84051         22 0.0000e+00
      27667   1152.750    366.000     3.4813   3.211383     3.4794   3.211101      98.63     0.0159     2.9130     2.5718  33.329277  3.4889348   53.15090  -50.73448    34.8286    34.8272     3.4566     3.4548    27.7049    27.7040    6.80866    6.83453         18 0.0000e+00
      27685   1153.481    365.000     3.4778   3.210974     3.4756   3.210682      98.63     0.0139     2.9137     2.5722  33.334976  3.4900315   53.15090  -50.73448    34.8280    34.8268     3.4532     3.4510    27.7048    27.7040    6.81197    6.83771         18 0.0000e+00
      27703   1154.260    364.000     3.4759   3.210722     3.4732   3.210383      98.63     0.0116     2.9147     2.5732  33.329025  3.4884236   53.15090  -50.73448    34.8275    34.8263     3.4514     3.4487    27.7045    27.7039    6.81866    6.84371         20 0.0000e+00
      27724   1155.139    363.000     3.4737   3.210454     3.4711   3.210130      98.63     0.0121     2.9162     2.5744  33.329334  3.4884005   53.15090  -50.73446    34.8272    34.8260     3.4493     3.4468    27.7045    27.7038    6.82524    6.84925         22 0.0000e+00
      27746   1156.038    362.000     3.4723   3.210269     3.4692   3.209869      61.47     0.0153     2.9177     2.5757  33.328800  3.4884005   53.15090  -50.73446    34.8269    34.8255     3.4480     3.4449    27.7044    27.7036    6.82563    6.84990         21 0.0000e+00
      27767   1156.922    361.000     3.4705   3.210047     3.4648   3.209376      66.77     0.0158     2.9189     2.5764  33.326054  3.4879639   53.15090  -50.73446    34.8268    34.8247     3.4462     3.4406    27.7045    27.7034    6.82676    6.85069         22 0.0000e+00
      27790   1157.870    360.000     3.4695   3.209889     3.4626   3.209107      97.76     0.0168     2.9203     2.5776  33.323631  3.4864089   53.15090  -50.73446    34.8264    34.8244     3.4454     3.4384    27.7043    27.7034    6.82951    6.85431         24 0.0000e+00
      27816   1158.969    359.000     3.4652   3.209378     3.4617   3.208968      94.95     0.0212     2.9210     2.5787  33.311234  3.4785559   53.15090  -50.73445    34.8255    34.8242     3.4411     3.4377    27.7040    27.7033    6.82501    6.85608         27 0.0000e+00
      27843   1160.071    358.000     3.4636   3.209180     3.4615   3.208908      94.98     0.0242     2.9219     2.5797  33.307140  3.4786325   53.15090  -50.73444    34.8253    34.8243     3.4396     3.4374    27.7040    27.7034    6.83368    6.85609         25 0.0000e+00
      27866   1161.035    357.000     3.4629   3.209063     3.4614   3.208849      98.69     0.0210     2.9238     2.5799  33.303982  3.4786325   53.15090  -50.73444    34.8251    34.8242     3.4390     3.4375    27.7039    27.7033    6.83573    6.85113         22 0.0000e+00
      27888   1161.959    356.000     3.4623   3.208961     3.4613   3.208786      98.63     0.0183     2.9237     2.5803  33.299885  3.4786325   53.15090  -50.73443    34.8252    34.8241     3.4384     3.4374    27.7040    27.7033    6.83140    6.85434         23 0.0000e+00
      27913   1162.984    355.000     3.4617   3.208848     3.4611   3.208724      98.63     0.0178     2.9256     2.5808  33.300087  3.4786325   53.15090  -50.73442    34.8249    34.8241     3.4379     3.4373    27.7038    27.7033    6.84380    6.85345         26 0.0000e+00
      27938   1164.050    354.000     3.4616   3.208780     3.4616   3.208728      98.63     0.0161     2.9266     2.5810  33.298492  3.4777956   53.15090  -50.73442    34.8248    34.8241     3.4379     3.4379    27.7037    27.7032    6.83431    6.85426         24 0.0000e+00
      27961   1164.995    353.000     3.4621   3.208780     3.4632   3.208819      98.63     0.0150     2.9266     2.5815  33.300735  3.4741328   53.15090  -50.73442    34.8248    34.8240     3.4385     3.4396    27.7037    27.7030    6.83508    6.85554         22 0.0000e+00
      27982   1165.891    352.000     3.4632   3.208835     3.4653   3.208983      98.63     0.0163     2.9274     2.5818  33.302025  3.4746342   53.15090  -50.73441    34.8249    34.8244     3.4396     3.4417    27.7036    27.7030    6.83042    6.85601         22 0.0000e+00
      28005   1166.842    351.000     3.4648   3.208936     3.4668   3.209077      78.36     0.0157     2.9269     2.5825  33.296772  3.4729562   53.15090  -50.73440    34.8249    34.8245     3.4413     3.4433    27.7035    27.7029    6.83066    6.86003         24 0.0000e+00
      28030   1167.870    350.000     3.4663   3.209030     3.4671   3.209052      85.60     0.0153     2.9279     2.5834  33.293201  3.4723835   53.15090  -50.73440    34.8249    34.8244     3.4429     3.4436    27.7034    27.7029    6.83580    6.85929         25 0.0000e+00
      28055   1168.896    349.000     3.4667   3.209032     3.4673   3.209028      98.64     0.0169     2.9281     2.5834  33.282047  3.4696774   53.15091  -50.73440    34.8250    34.8244     3.4434     3.4440    27.7034    27.7028    6.83026    6.85292         24 0.0000e+00
      28078   1169.878    348.000     3.4668   3.209004     3.4677   3.209020      98.63     0.0169     2.9283     2.5835  33.281410  3.4714189   53.15092  -50.73439    34.8252    34.8244     3.4435     3.4444    27.7035    27.7028    6.83343    6.84994         23 0.0000e+00
      28100   1170.812    347.000     3.4675   3.209004     3.4679   3.208984      98.63     0.0199     2.9289     2.5832  33.278057  3.4781859   53.15092  -50.73438    34.8250    34.8243     3.4442     3.4447    27.7033    27.7027    6.83515    6.84920         22 0.0000e+00
      28121   1171.679    346.000     3.4680   3.208986     3.4678   3.208904      98.63     0.0227     2.9294     2.5834  33.275482  3.4786282   53.15092  -50.73438    34.8248    34.8240     3.4448     3.4446    27.7031    27.7025    6.83697    6.85459         20 0.0000e+00
      28141   1172.496    345.000     3.4677   3.208902     3.4673   3.208804      98.63     0.0170     2.9301     2.5840  33.269741  3.4724927   53.15092  -50.73438    34.8246    34.8239     3.4446     3.4442    27.7030    27.7024    6.83327    6.85712         19 0.0000e+00
      28161   1173.351    344.000     3.4670   3.208792     3.4663   3.208661      98.63     0.0167     2.9299     2.5843  33.271389  3.4697623   53.15092  -50.73438    34.8246    34.8237     3.4440     3.4433    27.7030    27.7024    6.83096    6.85705         22 0.0000e+00
      28190   1174.532    343.000     3.4663   3.208652     3.4656   3.208521      61.19     0.0191     2.9302     2.5851  33.271263  3.4696424   53.15092  -50.73436    34.8243    34.8234     3.4433     3.4426    27.7028    27.7022    6.83136    6.85713         38 0.0000e+00
      28230   1176.188    342.000     3.4671   3.208703     3.4654   3.208435      99.70     0.0200     2.9309     2.5853  33.265697  3.4691267   53.15092  -50.73436    34.8245    34.8231     3.4442     3.4425    27.7029    27.7020    6.83691    6.85314         33 0.0000e+00
      28253   1177.166    341.000     3.4663   3.208543     3.4654   3.208365      98.66     0.0136     2.9313     2.5856  33.260788  3.4688587   53.15092  -50.73436    34.8240    34.8228     3.4435     3.4426    27.7025    27.7017    6.83770    6.85879         18 0.0000e+00
      28269   1177.843    340.000     3.4658   3.208405     3.4652   3.208305      89.45     0.0124     2.9319     2.5861  33.264519  3.4688644   53.15092  -50.73435    34.8234    34.8228     3.4431     3.4424    27.7021    27.7017    6.83619    6.85619         15 0.0000e+00
      28284   1178.460    339.000     3.4657   3.208338     3.4650   3.208241      91.47     0.0154     2.9321     2.5859  33.254673  3.4688644   53.15092  -50.73434    34.8233    34.8229     3.4430     3.4423    27.7020    27.7018    6.82713    6.84865         15 0.0000e+00
      28299   1179.098    338.000     3.4658   3.208318     3.4655   3.208249      98.56     0.0153     2.9314     2.5856  33.254578  3.4688644   53.15092  -50.73434    34.8235    34.8230     3.4431     3.4428    27.7022    27.7018    6.82105    6.83537         16 0.0000e+00
      28319   1179.908    337.000     3.4659   3.208291     3.4683   3.208473      98.63     0.0165     2.9308     2.5839  33.253990  3.4688644   53.15092  -50.73434    34.8236    34.8232     3.4433     3.4457    27.7022    27.7017    6.81887    6.82485         24 0.0000e+00
      28348   1181.111    336.000     3.4673   3.208372     3.4722   3.208784      98.63     0.0181     2.9297     2.5823  33.252739  3.4682503   53.15092  -50.73433    34.8236    34.8233     3.4448     3.4497    27.7021    27.7014    6.81022    6.82659         32 0.0000e+00
      28376   1182.281    335.000     3.4684   3.208426     3.4731   3.208807      98.63     0.0160     2.9287     2.5816  33.252747  3.4688694   53.15092  -50.73432    34.8236    34.8232     3.4460     3.4507    27.7020    27.7012    6.80546    6.82633         24 0.0000e+00
      28398   1183.188    334.000     3.4744   3.208928     3.4787   3.209315      98.63     0.0145     2.9274     2.5807  33.252747  3.4688644   53.15092  -50.73432    34.8238    34.8238     3.4520     3.4563    27.7015    27.7011    6.81060    6.81952         20 0.0000e+00
      28419   1184.094    333.000     3.4812   3.209544     3.4822   3.209638      98.63     0.0157     2.9282     2.5801  33.249912  3.4730196   53.15092  -50.73432    34.8244    34.8244     3.4589     3.4599    27.7014    27.7013    6.81554    6.82307         25 0.0000e+00
      28453   1185.487    332.000     3.4858   3.209973     3.4859   3.209934      76.66     0.0170     2.9279     2.5808  33.245396  3.4786654   53.15094  -50.73431    34.8252    34.8246     3.4635     3.4637    27.7016    27.7011    6.80858    6.83009         40 0.0000e+00
      28485   1186.838    331.000     3.4861   3.209944     3.4871   3.209980      99.48     0.0169     2.9280     2.5809  33.253006  3.4786325   53.15094  -50.73430    34.8251    34.8245     3.4639     3.4649    27.7014    27.7009    6.81185    6.82263         23 0.0000e+00
      28504   1187.628    330.000     3.4875   3.210028     3.4871   3.209952      98.63     0.0142     2.9283     2.5809  33.252747  3.4786325   53.15094  -50.73430    34.8252    34.8247     3.4654     3.4649    27.7014    27.7010    6.81109    6.82734         17 0.0000e+00
