data/CTD/2014/CNV/u017a044.cnv
* Sea-Bird SBE 9 Data File:
* FileName = C:\CTD_ACQUISITION\2014017HUD\ctddata\017A044.hdr
* Software Version Seasave V 7.22.2
* Temperature SN = 5081
* Conductivity SN = 3561
* Number of Bytes Per Scan = 37
* Number of Voltage Words = 4
* Number of Scans Averaged by the Deck Unit = 1
* NMEA Latitude = 48 02.26 N
* NMEA Longitude = 046 14.07 W
* NMEA UTC (Time) = Jul 10 2014 19:45:27
* NMEA baud rate = 9600
** Ship: Hudson
** Cruise: HUD2014017
** Chief_Scientist: Blair Greenan
** Organization: BIO
** Area_of_Operation: Sackville Spur
** Station: 044
** Sounding:  1144
** Event_Comments: SS-16 403256
# nquan = 25
# nvalues = 1168                        
# units = specified
# name 0 = scan: Scan Count
# name 1 = timeS: Time, Elapsed [seconds]
# name 2 = prDM: Pressure, Digiquartz [db]
# name 3 = t068C: Temperature [ITS-68, deg C]
# name 4 = c0S/m: Conductivity [S/m]
# name 5 = t168C: Temperature, 2 [ITS-68, deg C]
# name 6 = c1S/m: Conductivity, 2 [S/m]
# name 7 = altM: Altimeter [m]
# name 8 = flC: Fluorescence, Chelsea Aqua 3 Chl Con [ug/l]
# name 9 = sbeox0V: Oxygen raw, SBE 43 [V]
# name 10 = sbeox1V: Oxygen raw, SBE 43, 2 [V]
# name 11 = upoly0: Upoly 0, Optode 4330F - O2 D-Phase
# name 12 = upoly1: Upoly 1, Optode 4330F - O2 Temp
# name 13 = latitude: Latitude [deg]
# name 14 = longitude: Longitude [deg]
# name 15 = sal00: Salinity, Practical [PSU]
# name 16 = sal11: Salinity, Practical, 2 [PSU]
# name 17 = potemp068C: Potential Temperature [ITS-68, deg C]
# name 18 = potemp168C: Potential Temperature, 2 [ITS-68, deg C]
# name 19 = sigma-é00: Density [sigma-theta, Kg/m^3]
# name 20 = sigma-é11: Density, 2 [sigma-theta, Kg/m^3]
# name 21 = sbeox0ML/L: Oxygen, SBE 43 [ml/l], WS = 2
# name 22 = sbeox1ML/L: Oxygen, SBE 43, 2 [ml/l], WS = 2
# name 23 = nbin: number of scans per bin
# name 24 = flag: flag
# span 0 =      38831,      70859       
# span 1 =   1617.912,   2952.414       
# span 2 =      1.000,   1168.000       
# span 3 =     1.7087,     8.4248       
# span 4 =   2.987187,   3.514744       
# span 5 =     1.6979,     8.4250       
# span 6 =   2.986047,   3.516919       
# span 7 =       3.59,     102.45       
# span 8 =     0.0080,     0.4386       
# span 9 =     2.5297,     3.5449       
# span 10 =     2.2314,     3.1117      
# span 11 =  30.029680,  34.576759      
# span 12 =  1.9017378,  8.4302807      
# span 13 =   48.03872,   48.03980      
# span 14 =  -46.23536,  -46.23336      
# span 15 =    33.0376,    34.9078      
# span 16 =    33.0374,    34.9073      
# span 17 =     1.7061,     8.4247      
# span 18 =     1.6953,     8.4249      
# span 19 =    25.6703,    27.7520      
# span 20 =    25.6701,    27.7516      
# span 21 =    6.30141,    8.01103      
# span 22 =    6.08641,    8.07450      
# span 23 =         14,         92      
# span 24 = 0.0000e+00, 0.0000e+00      
# interval = decibars: 1                
# start_time = Jul 10 2014 19:45:27 [NMEA time, header]
# bad_flag = -9.990e-29
*END*
[from data line 464]
      50153   2089.675    704.000     3.7329   3.251610     3.7333   3.251671      81.46     0.0116     2.7549     2.4228  33.736263  3.7032840   48.03944  -46.23413    34.8618    34.8621     3.6823     3.6826    27.7090    27.7092    6.58701    6.56594         17 0.0000e+00
      50169   2090.353    703.000     3.7368   3.251987     3.7382   3.252130      98.61     0.0101     2.7551     2.4226  33.736263  3.7039063   48.03944  -46.23412    34.8627    34.8629     3.6862     3.6876    27.7093    27.7093    6.58377    6.56344         16 0.0000e+00
      50188   2091.125    702.000     3.7388   3.252178     3.7415   3.252424      45.60     0.0131     2.7539     2.4225  33.734966  3.7128303   48.03942  -46.23412    34.8633    34.8634     3.6883     3.6910    27.7096    27.7094    6.58750    6.55862         22 0.0000e+00
      50217   2092.340    701.000     3.7403   3.252276     3.7443   3.252639      85.86     0.0146     2.7551     2.4217  33.738918  3.7158859   48.03942  -46.23412    34.8634    34.8635     3.6899     3.6938    27.7095    27.7092    6.59441    6.55135         37 0.0000e+00
      50251   2093.737    700.000     3.7429   3.252453     3.7455   3.252707      66.77     0.0160     2.7547     2.4204  33.749611  3.7230930   48.03941  -46.23412    34.8633    34.8636     3.6925     3.6951    27.7091    27.7091    6.57997    6.54652         26 0.0000e+00
      50274   2094.693    699.000     3.7456   3.252710     3.7463   3.252747      98.80     0.0187     2.7544     2.4203  33.748917  3.7277436   48.03940  -46.23412    34.8641    34.8638     3.6952     3.6959    27.7095    27.7092    6.58171    6.55717         22 0.0000e+00
      50296   2095.616    698.000     3.7464   3.252765     3.7467   3.252739      70.27     0.0189     2.7543     2.4210  33.749634  3.7325542   48.03940  -46.23412    34.8643    34.8638     3.6962     3.6964    27.7096    27.7092    6.58933    6.56810         23 0.0000e+00
      50322   2096.728    697.000     3.7471   3.252779     3.7474   3.252776      69.87     0.0213     2.7559     2.4222  33.743938  3.7326007   48.03940  -46.23412    34.8643    34.8640     3.6969     3.6972    27.7095    27.7092    6.60833    6.56713         31 0.0000e+00
      50355   2098.089    696.000     3.7478   3.252807     3.7479   3.252766      99.20     0.0182     2.7588     2.4238  33.737045  3.7329121   48.03938  -46.23412    34.8644    34.8639     3.6977     3.6977    27.7095    27.7091    6.62417    6.58734         32 0.0000e+00
      50383   2099.265    695.000     3.7478   3.252759     3.7442   3.252315      98.63     0.0161     2.7618     2.4267  33.736252  3.7424901   48.03938  -46.23412    34.8644    34.8630     3.6978     3.6941    27.7095    27.7087    6.62575    6.59792         25 0.0000e+00
      50406   2100.219    694.000     3.7317   3.251087     3.7117   3.248873      98.63     0.0164     2.7635     2.4288  33.736263  3.7423687   48.03938  -46.23412    34.8621    34.8569     3.6818     3.6619    27.7093    27.7072    6.62944    6.60580         21 0.0000e+00
      50427   2101.095    693.000     3.7042   3.248232     3.6919   3.246820      45.71     0.0199     2.7649     2.4303  33.736263  3.7423687   48.03936  -46.23412    34.8578    34.8540     3.6546     3.6424    27.7086    27.7068    6.63896    6.60609         21 0.0000e+00
      50449   2102.011    692.000     3.6945   3.247155     3.6832   3.245879      77.68     0.0188     2.7663     2.4313  33.739285  3.7423687   48.03936  -46.23410    34.8557    34.8526     3.6450     3.6337    27.7079    27.7065    6.62846    6.60470         24 0.0000e+00
      50475   2103.084    691.000     3.6881   3.246423     3.6801   3.245537      98.65     0.0191     2.7664     2.4320  33.749836  3.7354898   48.03936  -46.23410    34.8544    34.8523     3.6387     3.6307    27.7075    27.7066    6.63316    6.60527         27 0.0000e+00
      50501   2104.164    690.000     3.6837   3.245918     3.6815   3.245646      47.89     0.0189     2.7678     2.4329  33.750912  3.7353361   48.03934  -46.23410    34.8535    34.8526     3.6344     3.6323    27.7072    27.7067    6.64126    6.61274         25 0.0000e+00
      50525   2105.160    689.000     3.6830   3.245786     3.6839   3.245836      98.36     0.0157     2.7689     2.4339  33.736366  3.7161741   48.03934  -46.23410    34.8532    34.8529     3.6338     3.6347    27.7070    27.7066    6.64396    6.60722         23 0.0000e+00
      50549   2106.164    688.000     3.6839   3.245845     3.6845   3.245860      47.56     0.0151     2.7701     2.4338  33.736847  3.7154107   48.03934  -46.23410    34.8535    34.8530     3.6347     3.6354    27.7072    27.7067    6.64253    6.60442         25 0.0000e+00
      50575   2107.255    687.000     3.6846   3.245884     3.6845   3.245814      95.43     0.0147     2.7709     2.4341  33.747623  3.7130973   48.03934  -46.23410    34.8537    34.8530     3.6356     3.6354    27.7072    27.7067    6.63811    6.59722         28 0.0000e+00
      50606   2108.544    686.000     3.6850   3.245869     3.6852   3.245845      66.75     0.0142     2.7709     2.4332  33.742470  3.7115822   48.03932  -46.23410    34.8537    34.8532     3.6360     3.6362    27.7072    27.7068    6.63531    6.59499         33 0.0000e+00
      50638   2109.862    685.000     3.6857   3.245891     3.6869   3.245974      73.79     0.0112     2.7714     2.4340  33.737652  3.7094979   48.03932  -46.23410    34.8538    34.8535     3.6367     3.6380    27.7072    27.7068    6.63398    6.61202         28 0.0000e+00
      50662   2110.886    684.000     3.6878   3.246043     3.6883   3.246050      98.88     0.0154     2.7713     2.4349  33.737534  3.7045205   48.03931  -46.23410    34.8538    34.8534     3.6390     3.6394    27.7069    27.7066    6.63395    6.61362         23 0.0000e+00
      50683   2111.749    683.000     3.6889   3.246103     3.6885   3.246024      98.63     0.0163     2.7717     2.4361  33.736263  3.7048388   48.03930  -46.23410    34.8539    34.8534     3.6401     3.6397    27.7069    27.7066    6.63662    6.61783         19 0.0000e+00
      50702   2112.553    682.000     3.6894   3.246101     3.6892   3.246045      98.63     0.0150     2.7719     2.4368  33.735481  3.7037954   48.03930  -46.23410    34.8539    34.8534     3.6407     3.6405    27.7069    27.7065    6.63243    6.61504         19 0.0000e+00
      50722   2113.373    681.000     3.6896   3.246086     3.6892   3.245993      98.63     0.0158     2.7719     2.4372  33.734871  3.7079356   48.03930  -46.23408    34.8540    34.8533     3.6409     3.6405    27.7070    27.7064    6.63254    6.61367         21 0.0000e+00
      50744   2114.284    680.000     3.6895   3.246025     3.6879   3.245807      45.58     0.0179     2.7722     2.4380  33.728523  3.7073843   48.03928  -46.23408    34.8539    34.8530     3.6409     3.6393    27.7069    27.7063    6.63222    6.61794         24 0.0000e+00
      50773   2115.501    679.000     3.6878   3.245809     3.6858   3.245540      96.82     0.0187     2.7726     2.4389  33.714546  3.7039707   48.03928  -46.23408    34.8537    34.8526     3.6393     3.6373    27.7068    27.7062    6.64142    6.61971         35 0.0000e+00
      50809   2116.999    678.000     3.6862   3.245585     3.6843   3.245337      55.94     0.0146     2.7741     2.4397  33.695652  3.7032721   48.03928  -46.23408    34.8532    34.8522     3.6378     3.6360    27.7066    27.7060    6.64493    6.61572         32 0.0000e+00
      50836   2118.135    677.000     3.6833   3.245244     3.6806   3.244871      82.93     0.0169     2.7755     2.4398  33.695332  3.7037144   48.03926  -46.23408    34.8528    34.8511     3.6350     3.6323    27.7065    27.7055    6.65163    6.61750         24 0.0000e+00
      50858   2119.032    676.000     3.6799   3.244831     3.6745   3.244176      48.15     0.0175     2.7759     2.4405  33.697460  3.6963716   48.03926  -46.23408    34.8520    34.8499     3.6317     3.6263    27.7062    27.7051    6.64411    6.62718         20 0.0000e+00
      50878   2119.856    675.000     3.6747   3.244251     3.6697   3.243646      77.31     0.0144     2.7765     2.4414  33.698902  3.6969488   48.03925  -46.23408    34.8511    34.8493     3.6266     3.6216    27.7060    27.7051    6.64779    6.62889         20 0.0000e+00
      50898   2120.693    674.000     3.6711   3.243815     3.6674   3.243370      75.65     0.0126     2.7767     2.4420  33.694481  3.6995292   48.03924  -46.23408    34.8502    34.8489     3.6231     3.6194    27.7057    27.7050    6.64246    6.62595         21 0.0000e+00
      50921   2121.680    673.000     3.6690   3.243555     3.6669   3.243286      73.06     0.0162     2.7767     2.4421  33.692894  3.7024882   48.03924  -46.23408    34.8499    34.8489     3.6211     3.6190    27.7056    27.7051    6.64550    6.62185         27 0.0000e+00
      50952   2122.964    672.000     3.6683   3.243428     3.6672   3.243273      78.77     0.0128     2.7773     2.4423  33.692303  3.6961613   48.03924  -46.23408    34.8497    34.8490     3.6204     3.6194    27.7056    27.7051    6.64390    6.62234         33 0.0000e+00
      50983   2124.255    671.000     3.6676   3.243308     3.6670   3.243196      49.57     0.0161     2.7774     2.4429  33.693909  3.6931183   48.03922  -46.23408    34.8496    34.8488     3.6198     3.6192    27.7055    27.7050    6.65030    6.62724         28 0.0000e+00
      51008   2125.296    670.000     3.6675   3.243248     3.6656   3.243017      98.81     0.0126     2.7784     2.4430  33.692299  3.6901195   48.03922  -46.23408    34.8494    34.8486     3.6198     3.6180    27.7054    27.7050    6.65137    6.62298         23 0.0000e+00
      51031   2126.234    669.000     3.6663   3.243090     3.6654   3.242955      85.01     0.0156     2.7790     2.4432  33.692974  3.6886370   48.03922  -46.23408    34.8494    34.8487     3.6187     3.6178    27.7055    27.7050    6.65374    6.61945         22 0.0000e+00
      51052   2127.140    668.000     3.6660   3.243021     3.6655   3.242920      28.62     0.0148     2.7797     2.4430  33.692310  3.6908510   48.03920  -46.23408    34.8494    34.8487     3.6185     3.6180    27.7055    27.7050    6.65600    6.62013         22 0.0000e+00
      51074   2128.056    667.000     3.6660   3.242977     3.6661   3.242928      96.94     0.0107     2.7805     2.4431  33.692307  3.6877792   48.03920  -46.23408    34.8493    34.8487     3.6186     3.6186    27.7054    27.7049    6.65116    6.62129         22 0.0000e+00
      51097   2129.005    666.000     3.6665   3.242975     3.6676   3.243042      98.64     0.0119     2.7804     2.4435  33.692307  3.6841645   48.03920  -46.23408    34.8494    34.8489     3.6191     3.6202    27.7054    27.7050    6.65186    6.62693         23 0.0000e+00
      51121   2129.982    665.000     3.6673   3.243009     3.6692   3.243149      98.63     0.0116     2.7810     2.4442  33.692307  3.6837592   48.03918  -46.23408    34.8494    34.8491     3.6201     3.6219    27.7053    27.7049    6.65213    6.62621         24 0.0000e+00
      51144   2130.978    664.000     3.6685   3.243088     3.6702   3.243211      98.63     0.0188     2.7814     2.4444  33.692307  3.6837606   48.03918  -46.23408    34.8496    34.8493     3.6213     3.6230    27.7054    27.7050    6.65165    6.61889         24 0.0000e+00
      51170   2132.047    663.000     3.6693   3.243119     3.6706   3.243198      49.13     0.0196     2.7816     2.4437  33.692307  3.6837606   48.03918  -46.23408    34.8496    34.8492     3.6222     3.6234    27.7053    27.7049    6.64653    6.61050         27 0.0000e+00
      51198   2133.220    662.000     3.6698   3.243132     3.6706   3.243144      79.36     0.0210     2.7817     2.4435  33.678528  3.6837606   48.03917  -46.23408    34.8498    34.8491     3.6227     3.6235    27.7054    27.7048    6.64990    6.61561         29 0.0000e+00
      51225   2134.350    661.000     3.6703   3.243126     3.6706   3.243102      98.92     0.0197     2.7823     2.4438  33.680019  3.6837606   48.03916  -46.23408    34.8497    34.8491     3.6233     3.6236    27.7053    27.7048    6.65270    6.62391         25 0.0000e+00
      51248   2135.305    660.000     3.6708   3.243124     3.6711   3.243102      30.62     0.0198     2.7826     2.4446  33.691776  3.6837606   48.03916  -46.23408    34.8497    34.8491     3.6239     3.6242    27.7052    27.7047    6.64791    6.62335         21 0.0000e+00
      51268   2136.142    659.000     3.6719   3.243176     3.6716   3.243114      98.42     0.0236     2.7824     2.4447  33.692303  3.6837606   48.03916  -46.23408    34.8497    34.8492     3.6250     3.6248    27.7051    27.7048    6.64774    6.61868         20 0.0000e+00
      51288   2136.961    658.000     3.6725   3.243208     3.6726   3.243171      98.55     0.0221     2.7831     2.4450  33.680122  3.6837606   48.03915  -46.23408    34.8499    34.8494     3.6257     3.6258    27.7052    27.7048    6.65038    6.62593         20 0.0000e+00
      51310   2137.886    657.000     3.6728   3.243195     3.6727   3.243125      98.47     0.0203     2.7831     2.4460  33.677723  3.6837606   48.03914  -46.23408    34.8500    34.8493     3.6261     3.6259    27.7052    27.7047    6.64956    6.62661         25 0.0000e+00
      51341   2139.186    656.000     3.6729   3.243164     3.6726   3.243067      62.37     0.0186     2.7831     2.4465  33.676907  3.6837606   48.03913  -46.23408    34.8500    34.8493     3.6263     3.6259    27.7052    27.7047    6.64405    6.62689         38 0.0000e+00
      51378   2140.690    655.000     3.6730   3.243111     3.6732   3.243087     100.37     0.0197     2.7834     2.4471  33.675575  3.6837606   48.03912  -46.23408    34.8499    34.8493     3.6264     3.6267    27.7051    27.7046    6.65087    6.61629         29 0.0000e+00
      51402   2141.699    654.000     3.6741   3.243160     3.6746   3.243176      79.02     0.0134     2.7841     2.4463  33.677715  3.6837606   48.03912  -46.23408    34.8498    34.8495     3.6276     3.6281    27.7049    27.7046    6.64556    6.61153         21 0.0000e+00
      51422   2142.523    653.000     3.6759   3.243288     3.6757   3.243224      42.99     0.0149     2.7838     2.4461  33.676071  3.6837606   48.03912  -46.23408    34.8499    34.8494     3.6295     3.6292    27.7048    27.7045    6.64672    6.61732         19 0.0000e+00
      51440   2143.282    652.000     3.6759   3.243248     3.6753   3.243132      99.34     0.0150     2.7843     2.4465  33.669418  3.6837606   48.03910  -46.23408    34.8500    34.8492     3.6296     3.6290    27.7049    27.7043    6.64747    6.62328         18 0.0000e+00
      51458   2144.057    651.000     3.6749   3.243099     3.6737   3.242908      40.89     0.0161     2.7842     2.4470  33.665958  3.6837606   48.03910  -46.23408    34.8498    34.8488     3.6286     3.6275    27.7048    27.7041    6.64644    6.62571         20 0.0000e+00
      51481   2144.994    650.000     3.6741   3.242965     3.6706   3.242538      86.35     0.0199     2.7847     2.4480  33.659798  3.6837606   48.03910  -46.23408    34.8496    34.8482     3.6279     3.6245    27.7047    27.7039    6.65182    6.63387         26 0.0000e+00
      51512   2146.292    649.000     3.6726   3.242772     3.6676   3.242184      91.94     0.0191     2.7857     2.4491  33.662167  3.6837606   48.03909  -46.23408    34.8494    34.8477     3.6265     3.6215    27.7047    27.7038    6.65508    6.63393         35 0.0000e+00
      51543   2147.594    648.000     3.6716   3.242632     3.6670   3.242068      50.49     0.0165     2.7870     2.4507  33.676300  3.6837606   48.03908  -46.23408    34.8493    34.8475     3.6256     3.6210    27.7047    27.7038    6.66433    6.64226         26 0.0000e+00
