data/CTD/2014/CNV/u017a048.cnv
* Sea-Bird SBE 9 Data File:
* FileName = C:\CTD_ACQUISITION\2014017HUD\ctddata\017A048.hdr
* Software Version Seasave V 7.22.2
* Temperature SN = 5081
* Conductivity SN = 3561
* Number of Bytes Per Scan = 37
* Number of Voltage Words = 4
* Number of Scans Averaged by the Deck Unit = 1
* NMEA Latitude = 47 04.69 N
* NMEA Longitude = 047 16.88 W
* NMEA UTC (Time) = Jul 11 2014 07:27:43
* NMEA baud rate = 9600
** Ship: Hudson
** Cruise: HUD2014017
** Chief_Scientist: Blair Greenan
** Organization: BIO
** Area_of_Operation: Sackville Spur
** Station: 048
** Sounding:  405
** Event_Comments: CTD_1842, 403278
** CTD cast ~1 Nm south of Mooring_1842
# nquan = 25
# nvalues = 415                         
# units = specified
# name 0 = scan: Scan Count
# name 1 = timeS: Time, Elapsed [seconds]
# name 2 = prDM: Pressure, Digiquartz [db]
# name 3 = t068C: Temperature [ITS-68, deg C]
# name 4 = c0S/m: Conductivity [S/m]
# name 5 = t168C: Temperature, 2 [ITS-68, deg C]
# name 6 = c1S/m: Conductivity, 2 [S/m]
# name 7 = altM: Altimeter [m]
# name 8 = flC: Fluorescence, Chelsea Aqua 3 Chl Con [ug/l]
# name 9 = sbeox0V: Oxygen raw, SBE 43 [V]
# name 10 = sbeox1V: Oxygen raw, SBE 43, 2 [V]
# name 11 = upoly0: Upoly 0, Optode 4330F - O2 D-Phase
# name 12 = upoly1: Upoly 1, Optode 4330F - O2 Temp
# name 13 = latitude: Latitude [deg]
# name 14 = longitude: Longitude [deg]
# name 15 = sal00: Salinity, Practical [PSU]
# name 16 = sal11: Salinity, Practical, 2 [PSU]
# name 17 = potemp068C: Potential Temperature [ITS-68, deg C]
# name 18 = potemp168C: Potential Temperature, 2 [ITS-68, deg C]
# name 19 = sigma-é00: Density [sigma-theta, Kg/m^3]
# name 20 = sigma-é11: Density, 2 [sigma-theta, Kg/m^3]
# name 21 = sbeox0ML/L: Oxygen, SBE 43 [ml/l], WS = 2
# name 22 = sbeox1ML/L: Oxygen, SBE 43, 2 [ml/l], WS = 2
# name 23 = nbin: number of scans per bin
# name 24 = flag: flag
# span 0 =      20409,      33040       
# span 1 =    850.338,   1376.629       
# span 2 =      1.000,    415.000       
# span 3 =    -1.6665,     8.1450       
# span 4 =   2.626218,   3.419972       
# span 5 =    -1.6656,     8.1442       
# span 6 =   2.626245,   3.419965       
# span 7 =       2.57,      99.98       
# span 8 =     0.0116,     0.2747       
# span 9 =     2.7848,     3.6995       
# span 10 =     2.4537,     3.2754      
# span 11 =  30.502335,  34.630116      
# span 12 = -1.7722763,  8.1246271      
# span 13 =   47.07712,   47.07769      
# span 14 =  -47.28051,  -47.27989      
# span 15 =    32.7107,    34.6429      
# span 16 =    32.7107,    34.6427      
# span 17 =    -1.6674,     8.1447      
# span 18 =    -1.6665,     8.1440      
# span 19 =    25.4555,    27.5809      
# span 20 =    25.4556,    27.5808      
# span 21 =    6.51660,   10.46248      
# span 22 =    6.27909,   10.82256      
# span 23 =         16,         68      
# span 24 = 0.0000e+00, 0.0000e+00      
# interval = decibars: 1                
# start_time = Jul 11 2014 07:27:43 [NMEA time, header]
# bad_flag = -9.990e-29
*END*
[from data line 232]
      27411   1142.083    183.000     0.9425   2.912407     0.9204   2.910126      86.15     0.0196     2.8386     2.4992  34.301041  0.6275285   47.07752  -47.28016    33.9517    33.9464     0.9345     0.9125    27.2067    27.2038    6.97414    6.98645         38 0.0000e+00
      27452   1143.795    182.000     0.9362   2.911705     0.9153   2.909446      99.29     0.0193     2.8461     2.5050  34.310566  0.5692373   47.07752  -47.28016    33.9501    33.9437     0.9283     0.9075    27.2058    27.2020    7.01605    7.00661         37 0.0000e+00
      27481   1145.016    181.000     0.8968   2.907578     0.8686   2.904312      98.63     0.0224     2.8517     2.5083  34.360245  0.4537868   47.07752  -47.28016    33.9404    33.9291     0.8890     0.8608    27.2004    27.1931    7.02285    7.01380         23 0.0000e+00
      27502   1145.855    180.000     0.8242   2.899866     0.8093   2.898068      98.63     0.0259     2.8540     2.5093  34.355442  0.4292569   47.07752  -47.28016    33.9207    33.9137     0.8166     0.8017    27.1891    27.1844    7.03473    7.01196         19 0.0000e+00
      27519   1146.587    179.000     0.7724   2.894415     0.7612   2.893021      98.63     0.0241     2.8561     2.5091  34.375008  0.4991298   47.07752  -47.28016    33.9074    33.9016     0.7649     0.7537    27.1815    27.1776    7.03763    7.00983         17 0.0000e+00
      27536   1147.272    178.000     0.7358   2.890687     0.7215   2.889002      50.05     0.0249     2.8566     2.5085  34.375458  0.5630309   47.07752  -47.28016    33.8996    33.8934     0.7284     0.7141    27.1775    27.1734    7.02964    7.01183         16 0.0000e+00
      27552   1147.977    177.000     0.7124   2.888076     0.6936   2.886015      77.20     0.0219     2.8564     2.5081  34.375252  0.7981899   47.07752  -47.28016    33.8920    33.8858     0.7050     0.6863    27.1728    27.1689    7.02483    7.01867         18 0.0000e+00
      27571   1148.767    176.000     0.6987   2.886540     0.6785   2.884291      97.99     0.0221     2.8560     2.5079  34.421383  0.9171372   47.07752  -47.28016    33.8876    33.8805     0.6914     0.6713    27.1701    27.1656    7.01418    7.02347         21 0.0000e+00
      27597   1149.825    175.000     0.6861   2.885109     0.6683   2.883144      98.63     0.0229     2.8542     2.5076  34.427967  0.7887255   47.07752  -47.28016    33.8834    33.8774     0.6790     0.6611    27.1674    27.1636    7.00364    7.01188         31 0.0000e+00
      27634   1151.382    174.000     0.6803   2.884553     0.6681   2.883111      98.63     0.0263     2.8515     2.5054  34.460293  0.8993350   47.07752  -47.28016    33.8831    33.8778     0.6732     0.6609    27.1675    27.1640    6.99724    7.01148         40 0.0000e+00
      27667   1152.770    173.000     0.6707   2.883319     0.6428   2.880000      98.63     0.0252     2.8493     2.5054  34.454628  0.7962524   47.07752  -47.28016    33.8782    33.8656     0.6636     0.6358    27.1641    27.1557    7.00350    7.02359         26 0.0000e+00
      27689   1153.683    172.000     0.6175   2.877177     0.5962   2.874717      36.18     0.0254     2.8492     2.5059  34.454201  0.4842769   47.07752  -47.28016    33.8572    33.8485     0.6105     0.5893    27.1504    27.1446    7.01525    7.03054         19 0.0000e+00
      27707   1154.429    171.000     0.5830   2.873421     0.5727   2.872219      99.74     0.0203     2.8484     2.5053  34.464733  0.8794177   47.07752  -47.28016    33.8468    33.8424     0.5761     0.5658    27.1440    27.1410    7.01002    7.02523         17 0.0000e+00
      27724   1155.117    170.000     0.5698   2.871956     0.5622   2.871060      98.63     0.0181     2.8475     2.5046  34.471367  0.8762790   47.07752  -47.28016    33.8427    33.8394     0.5630     0.5554    27.1415    27.1392    7.01099    7.03012         17 0.0000e+00
      27741   1155.817    169.000     0.5638   2.871233     0.5522   2.869950      98.63     0.0175     2.8464     2.5045  34.474815  0.8768809   47.07752  -47.28016    33.8404    33.8364     0.5571     0.5455    27.1400    27.1374    7.01374    7.03787         17 0.0000e+00
      27760   1156.605    168.000     0.5514   2.869957     0.5376   2.868263      98.63     0.0189     2.8463     2.5047  34.500996  0.8308086   47.07752  -47.28016    33.8379    33.8310     0.5447     0.5309    27.1387    27.1339    7.02683    7.04624         21 0.0000e+00
      27784   1157.622    167.000     0.5397   2.868575     0.5145   2.865804      98.63     0.0179     2.8468     2.5056  34.512348  0.8127165   47.07752  -47.28016    33.8333    33.8248     0.5331     0.5079    27.1356    27.1302    7.03226    7.05801         29 0.0000e+00
      27820   1159.125    166.000     0.5266   2.867161     0.5096   2.865312      42.69     0.0208     2.8487     2.5072  34.511749  0.7495538   47.07752  -47.28016    33.8296    33.8244     0.5200     0.5031    27.1334    27.1302    7.05767    7.06278         41 0.0000e+00
      27857   1160.654    165.000     0.5177   2.866120     0.5071   2.864748      85.67     0.0207     2.8507     2.5083  34.507046  0.5745476   47.07752  -47.28014    33.8267    33.8204     0.5111     0.5006    27.1316    27.1271    7.05717    7.06756         29 0.0000e+00
      27880   1161.644    164.000     0.4756   2.861839     0.4598   2.859676      98.91     0.0233     2.8520     2.5090  34.502266  0.0919664   47.07752  -47.28014    33.8176    33.8066     0.4691     0.4534    27.1266    27.1186    7.06522    7.07955         21 0.0000e+00
      27899   1162.433    163.000     0.4419   2.858071     0.4285   2.856449      98.63     0.0254     2.8521     2.5099  34.522488  0.0249457   47.07752  -47.28014    33.8058    33.7993     0.4356     0.4222    27.1190    27.1145    7.06296    7.09168         18 0.0000e+00
      27917   1163.155    162.000     0.4252   2.856082     0.4134   2.854871      98.63     0.0243     2.8523     2.5107  34.535866  0.0049998   47.07752  -47.28014    33.7988    33.7958     0.4189     0.4072    27.1143    27.1126    7.06377    7.09307         17 0.0000e+00
      27934   1163.861    161.000     0.4161   2.855128     0.4040   2.853839      98.63     0.0212     2.8523     2.5108  34.536938  0.0440974   47.07752  -47.28014    33.7968    33.7932     0.4099     0.3978    27.1132    27.1110    7.07378    7.09362         17 0.0000e+00
      27952   1164.616    160.000     0.4082   2.854240     0.3938   2.852682      98.64     0.0215     2.8534     2.5117  34.557304 -0.0795367   47.07752  -47.28014    33.7944    33.7899     0.4021     0.3877    27.1117    27.1088    7.08142    7.10187         19 0.0000e+00
      27974   1165.532    159.000     0.4001   2.853379     0.3687   2.849894      75.23     0.0220     2.8537     2.5125  34.562801 -0.0501519   47.07752  -47.28014    33.7927    33.7816     0.3940     0.3626    27.1108    27.1035    7.08611    7.10664         26 0.0000e+00
      28004   1166.786    158.000     0.3745   2.850636     0.3430   2.847176      70.28     0.0212     2.8560     2.5141  34.562393 -0.1409962   47.07752  -47.28014    33.7855    33.7747     0.3685     0.3371    27.1064    27.0994    7.11278    7.12924         34 0.0000e+00
      28039   1168.231    157.000     0.3548   2.848449     0.3297   2.845590      64.39     0.0242     2.8602     2.5183  34.570770 -0.1485207   47.07752  -47.28014    33.7791    33.7693     0.3488     0.3241    27.1023    27.0957    7.13825    7.16702         32 0.0000e+00
      28065   1169.344    156.000     0.3255   2.845317     0.2972   2.842053      98.94     0.0232     2.8635     2.5222  34.593288 -0.1576975   47.07752  -47.28014    33.7708    33.7590     0.3196     0.2914    27.0972    27.0892    7.15724    7.17928         23 0.0000e+00
      28086   1170.196    155.000     0.2836   2.840578     0.2664   2.838656      98.63     0.0256     2.8665     2.5242  34.584656 -0.1799497   47.07752  -47.28014    33.7552    33.7488     0.2778     0.2607    27.0869    27.0826    7.17063    7.18730         19 0.0000e+00
      28105   1170.979    154.000     0.2519   2.837198     0.2312   2.834678      98.63     0.0266     2.8685     2.5260  34.571426 -0.2408179   47.07752  -47.28014    33.7462    33.7358     0.2462     0.2256    27.0814    27.0740    7.17638    7.19825         18 0.0000e+00
      28124   1171.774    153.000     0.2267   2.834399     0.1923   2.830398      76.64     0.0253     2.8704     2.5275  34.571430 -0.1895531   47.07752  -47.28014    33.7377    33.7228     0.2211     0.1868    27.0758    27.0656    7.17237    7.20410         20 0.0000e+00
      28144   1172.634    152.000     0.1995   2.831404     0.1707   2.828134      62.44     0.0235     2.8707     2.5289  34.592461 -0.2790876   47.07752  -47.28014    33.7288    33.7173     0.1939     0.1652    27.0700    27.0623    7.17470    7.21108         22 0.0000e+00
      28169   1173.649    151.000     0.1842   2.829515     0.1571   2.826614      98.00     0.0211     2.8727     2.5302  34.596859 -0.2446934   47.07752  -47.28014    33.7213    33.7129     0.1787     0.1516    27.0648    27.0595    7.19278    7.21071         27 0.0000e+00
      28200   1174.959    150.000     0.1631   2.827353     0.1458   2.825385      98.63     0.0190     2.8749     2.5317  34.599895 -0.3097135   47.07752  -47.28014    33.7167    33.7097     0.1577     0.1404    27.0622    27.0575    7.20127    7.22629         35 0.0000e+00
      28233   1176.350    149.000     0.1539   2.826269     0.1494   2.825687      98.63     0.0232     2.8770     2.5336  34.597603 -0.3297059   47.07752  -47.28014    33.7128    33.7104     0.1485     0.1440    27.0596    27.0578    7.21433    7.23268         29 0.0000e+00
      28258   1177.384    148.000     0.1453   2.825471     0.1316   2.823717      98.61     0.0238     2.8799     2.5352  34.593285 -0.3396238   47.07752  -47.28014    33.7126    33.7046     0.1399     0.1263    27.0599    27.0541    7.22765    7.24000         22 0.0000e+00
      28277   1178.184    147.000     0.1269   2.823354     0.1116   2.821516      98.53     0.0250     2.8813     2.5361  34.593407 -0.3557898   47.07752  -47.28014    33.7055    33.6981     0.1216     0.1064    27.0551    27.0498    7.22294    7.25049         18 0.0000e+00
      28295   1178.903    146.000     0.1055   2.820908     0.0930   2.819476      98.52     0.0215     2.8821     2.5376  34.597214 -0.4041144   47.07752  -47.28014    33.6974    33.6923     0.1003     0.0878    27.0496    27.0461    7.22265    7.26947         17 0.0000e+00
      28312   1179.614    145.000     0.0939   2.819625     0.0768   2.817782      98.59     0.0215     2.8823     2.5396  34.598980 -0.3478771   47.07752  -47.28014    33.6939    33.6883     0.0887     0.0717    27.0473    27.0437    7.24351    7.29129         17 0.0000e+00
      28331   1180.414    144.000     0.0827   2.818393     0.0646   2.816433      98.63     0.0242     2.8861     2.5427  34.598640 -0.4180932   47.07752  -47.28014    33.6905    33.6846     0.0776     0.0595    27.0452    27.0413    7.28899    7.32153         21 0.0000e+00
      28356   1181.442    143.000     0.0626   2.816277     0.0456   2.814061      98.42     0.0262     2.8913     2.5484  34.596722 -0.4161447   47.07752  -47.28014    33.6852    33.6747     0.0576     0.0406    27.0420    27.0343    7.31521    7.36289         29 0.0000e+00
      28388   1182.773    142.000     0.0481   2.814549     0.0375   2.813315      98.55     0.0232     2.8985     2.5571  34.577808 -0.4845470   47.07752  -47.28013    33.6789    33.6743     0.0432     0.0326    27.0376    27.0344    7.34790    7.41384         32 0.0000e+00
      28416   1183.942    141.000     0.0428   2.813617     0.0263   2.811674      91.06     0.0195     2.9065     2.5658  34.572018 -0.4651260   47.07752  -47.28012    33.6731    33.6653     0.0379     0.0214    27.0332    27.0276    7.38863    7.43743         24 0.0000e+00
      28437   1184.834    140.000     0.0034   2.809119    -0.0163   2.806684      40.66     0.0177     2.9130     2.5709  34.588406 -0.5566484   47.07752  -47.28012    33.6593    33.6471    -0.0030    -0.0211    27.0240    27.0151    7.40456    7.44044         19 0.0000e+00
      28456   1185.605    139.000    -0.0327   2.804929    -0.0550   2.802262      98.62     0.0186     2.9169     2.5741  34.588524 -0.4946713   47.07752  -47.28012    33.6424    33.6317    -0.0374    -0.0598    27.0121    27.0046    7.41107    7.45158         18 0.0000e+00
      28474   1186.355    138.000    -0.0520   2.802664    -0.0831   2.798968      98.27     0.0200     2.9209     2.5773  34.577118 -0.5425729   47.07752  -47.28012    33.6343    33.6195    -0.0567    -0.0877    27.0066    26.9961    7.42815    7.47258         18 0.0000e+00
      28493   1187.182    137.000    -0.0748   2.800071    -0.1030   2.796562      98.63     0.0177     2.9256     2.5812  34.566830 -0.5356181   47.07752  -47.28012    33.6257    33.6101    -0.0795    -0.1076    27.0007    26.9895    7.45349    7.48944         22 0.0000e+00
      28519   1188.257    136.000    -0.0941   2.797700    -0.1123   2.795302      98.26     0.0181     2.9321     2.5860  34.556179 -0.5674316   47.07752  -47.28012    33.6151    33.6043    -0.0986    -0.1169    26.9930    26.9852    7.47919    7.51592         31 0.0000e+00
      28554   1189.724    135.000    -0.1063   2.796055    -0.1087   2.795738      88.10     0.0195     2.9407     2.5932  34.539967 -0.6088103   47.07751  -47.28012    33.6082    33.6067    -0.1108    -0.1132    26.9881    26.9870    7.50242    7.53807         37 0.0000e+00
      28586   1191.041    134.000    -0.1086   2.795679    -0.1118   2.795181      49.66     0.0206     2.9476     2.5986  34.506104 -0.6642303   47.07751  -47.28012    33.6064    33.6033    -0.1131    -0.1163    26.9867    26.9844    7.51251    7.55751         26 0.0000e+00
      28609   1191.996    133.000    -0.1273   2.793355    -0.1337   2.792374      98.89     0.0196     2.9520     2.6030  34.506966 -0.6326675   47.07750  -47.28012    33.5968    33.5908    -0.1318    -0.1381    26.9799    26.9753    7.52166    7.56932         20 0.0000e+00
      28629   1192.813    132.000    -0.1427   2.791237    -0.1516   2.790030      98.13     0.0205     2.9552     2.6056  34.483505 -0.7060164   47.07750  -47.28012    33.5862    33.5799    -0.1471    -0.1559    26.9720    26.9674    7.53027    7.57292         20 0.0000e+00
      28647   1193.598    131.000    -0.1494   2.790277    -0.1607   2.788883      98.17     0.0213     2.9582     2.6081  34.483517 -0.6429145   47.07750  -47.28012    33.5814    33.5754    -0.1537    -0.1651    26.9685    26.9642    7.53103    7.57917         18 0.0000e+00
      28666   1194.354    130.000    -0.1596   2.789013    -0.1723   2.787600      98.00     0.0210     2.9602     2.6102  34.470490 -0.7004657   47.07750  -47.28012    33.5764    33.5716    -0.1639    -0.1766    26.9649    26.9617    7.53170    7.58207         18 0.0000e+00
      28684   1195.121    129.000    -0.1700   2.787912    -0.1872   2.786070      98.63     0.0210     2.9624     2.6118  34.454304 -0.7112684   47.07750  -47.28012    33.5739    33.5683    -0.1743    -0.1914    26.9634    26.9597    7.54214    7.58372         19 0.0000e+00
      28703   1195.933    128.000    -0.1790   2.786951    -0.2020   2.784457      97.95     0.0217     2.9645     2.6134  34.454212 -0.6841533   47.07750  -47.28012    33.5716    33.5638    -0.1832    -0.2062    26.9620    26.9568    7.54009    7.58574         20 0.0000e+00
      28726   1196.875    127.000    -0.1976   2.784863    -0.2074   2.783743      98.53     0.0213     2.9664     2.6147  34.413986 -0.7564092   47.07750  -47.28012    33.5650    33.5608    -0.2018    -0.2115    26.9575    26.9545    7.54486    7.58862         26 0.0000e+00
