data/CTD/2014/CNV/u017a018.cnv
* Sea-Bird SBE 9 Data File:
* FileName = C:\CTD_ACQUISITION\2014017HUD\ctddata\017A018.hdr
* Software Version Seasave V 7.22.2
* Temperature SN = 5081
* Conductivity SN = 3561
* Number of Bytes Per Scan = 37
* Number of Voltage Words = 4
* Number of Scans Averaged by the Deck Unit = 1
* NMEA Latitude = 52 56.12 N
* NMEA Longitude = 051 12.28 W
* NMEA UTC (Time) = Jul 04 2014 19:19:31
* NMEA baud rate = 9600
** Ship: Hudson
** Cruise: HUD2014017
** Chief_Scientist: Blair Greenan
** Organization: BIO
** Area_of_Operation: Sackville Spur
** Station: 018
** Sounding:  2361
** Event_Comments: K8 403079
# nquan = 25
# nvalues = 251                         
# units = specified
# name 0 = scan: Scan Count
# name 1 = timeS: Time, Elapsed [seconds]
# name 2 = prDM: Pressure, Digiquartz [db]
# name 3 = t068C: Temperature [ITS-68, deg C]
# name 4 = c0S/m: Conductivity [S/m]
# name 5 = t168C: Temperature, 2 [ITS-68, deg C]
# name 6 = c1S/m: Conductivity, 2 [S/m]
# name 7 = altM: Altimeter [m]
# name 8 = flC: Fluorescence, Chelsea Aqua 3 Chl Con [ug/l]
# name 9 = sbeox0V: Oxygen raw, SBE 43 [V]
# name 10 = sbeox1V: Oxygen raw, SBE 43, 2 [V]
# name 11 = upoly0: Upoly 0, Optode 4330F - O2 D-Phase
# name 12 = upoly1: Upoly 1, Optode 4330F - O2 Temp
# name 13 = latitude: Latitude [deg]
# name 14 = longitude: Longitude [deg]
# name 15 = sal00: Salinity, Practical [PSU]
# name 16 = sal11: Salinity, Practical, 2 [PSU]
# name 17 = potemp068C: Potential Temperature [ITS-68, deg C]
# name 18 = potemp168C: Potential Temperature, 2 [ITS-68, deg C]
# name 19 = sigma-é00: Density [sigma-theta, Kg/m^3]
# name 20 = sigma-é11: Density, 2 [sigma-theta, Kg/m^3]
# name 21 = sbeox0ML/L: Oxygen, SBE 43 [ml/l], WS = 2
# name 22 = sbeox1ML/L: Oxygen, SBE 43, 2 [ml/l], WS = 2
# name 23 = nbin: number of scans per bin
# name 24 = flag: flag
# span 0 =      16195,      35865       
# span 1 =    674.740,   1494.336       
# span 2 =      1.000,    251.000       
# span 3 =     3.4569,     8.0575       
# span 4 =   3.194827,   3.549389       
# span 5 =     3.4563,     8.0539       
# span 6 =   3.194511,   3.549071       
# span 7 =       8.65,     102.76       
# span 8 =     0.0084,     0.2812       
# span 9 =     2.9636,     3.4771       
# span 10 =     2.6143,     3.0567      
# span 11 =  30.013721,  33.188545      
# span 12 =  3.4687755,  8.0772762      
# span 13 =   52.93539,   52.93582      
# span 14 =  -51.20290,  -51.20220      
# span 15 =    34.1743,    34.8332      
# span 16 =    34.1744,    34.8334      
# span 17 =     3.4454,     8.0574      
# span 18 =     3.4451,     8.0538      
# span 19 =    26.6171,    27.7055      
# span 20 =    26.6177,    27.7057      
# span 21 =    6.62042,    7.59438      
# span 22 =    6.55090,    7.67772      
# span 23 =         14,        129      
# span 24 = 0.0000e+00, 0.0000e+00      
# interval = decibars: 1                
# start_time = Jul 04 2014 19:19:31 [NMEA time, header]
# bad_flag = -9.990e-29
*END*
[from data line 116]
      20094    837.197    135.000     3.4864   3.196618     3.4863   3.196615      98.97     0.0212     3.0482     2.6849  32.903126  3.4897442   52.93566  -51.20262    34.7717    34.7717     3.4775     3.4774    27.6575    27.6576    6.97781    6.99411         22 0.0000e+00
      20113    838.017    134.000     3.4859   3.196531     3.4855   3.196510      98.64     0.0240     3.0488     2.6855  32.914890  3.4948914   52.93566  -51.20262    34.7716    34.7718     3.4772     3.4768    27.6575    27.6577    6.97805    7.00384         18 0.0000e+00
      20131    838.735    133.000     3.4844   3.196324     3.4838   3.196281      35.32     0.0226     3.0494     2.6867  32.914047  3.4941616   52.93566  -51.20262    34.7713    34.7714     3.4757     3.4751    27.6574    27.6576    6.98588    7.01125         17 0.0000e+00
      20148    839.463    132.000     3.4823   3.196056     3.4810   3.195928      92.66     0.0207     3.0512     2.6877  32.914917  3.4906502   52.93566  -51.20262    34.7709    34.7707     3.4737     3.4724    27.6573    27.6573    6.99299    7.00850         18 0.0000e+00
      20168    840.307    131.000     3.4801   3.195780     3.4786   3.195567      73.02     0.0233     3.0519     2.6882  32.915726  3.4888787   52.93566  -51.20262    34.7705    34.7696     3.4715     3.4700    27.6572    27.6566    6.98985    7.01256         23 0.0000e+00
      20199    841.582    130.000     3.4791   3.195585     3.4756   3.195113      83.52     0.0206     3.0537     2.6908  32.905643  3.4886534   52.93566  -51.20262    34.7698    34.7678     3.4706     3.4673    27.6567    27.6555    6.99215    7.02426         40 0.0000e+00
      20242    843.370    129.000     3.4763   3.195113     3.4740   3.194777      69.33     0.0160     3.0556     2.6929  32.900120  3.4855030   52.93566  -51.20262    34.7677    34.7660     3.4678     3.4656    27.6553    27.6541    7.00292    7.02650         39 0.0000e+00
      20271    844.603    128.000     3.4765   3.195054     3.4737   3.194604      95.23     0.0206     3.0577     2.6952  32.900463  3.4832685   52.93566  -51.20262    34.7672    34.7648     3.4682     3.4654    27.6549    27.6532    7.00221    7.03476         23 0.0000e+00
      20292    845.444    127.000     3.4777   3.194827     3.4749   3.194511      98.66     0.0217     3.0585     2.6957  32.901924  3.4851577   52.93566  -51.20262    34.7638    34.7629     3.4694     3.4666    27.6520    27.6516    7.00059    7.02408         18 0.0000e+00
      20309    846.162    126.000     3.4833   3.195104     3.4797   3.194831      98.64     0.0232     3.0589     2.6959  32.901104  3.4872365   52.93566  -51.20262    34.7617    34.7621     3.4751     3.4719    27.6498    27.6505    6.99894    7.01975         17 0.0000e+00
      20325    846.836    125.000     3.4867   3.195355     3.4866   3.195365      98.64     0.0238     3.0593     2.6956  32.901100  3.4883695   52.93566  -51.20262    34.7616    34.7619     3.4786     3.4784    27.6494    27.6496    7.00649    7.02411         16 0.0000e+00
      20341    847.510    124.000     3.4901   3.195594     3.4957   3.196070      98.64     0.0238     3.0608     2.6970  32.889385  3.4823930   52.93566  -51.20262    34.7615    34.7612     3.4820     3.4875    27.6489    27.6482    7.01772    7.03247         16 0.0000e+00
      20359    848.242    123.000     3.4960   3.196031     3.5072   3.196981      81.38     0.0267     3.0629     2.6976  32.886475  3.4801967   52.93566  -51.20262    34.7609    34.7603     3.4880     3.4992    27.6479    27.6464    7.02226    7.04343         19 0.0000e+00
      20380    849.121    122.000     3.5019   3.196483     3.5200   3.198034      61.89     0.0270     3.0647     2.7007  32.881699  3.4826319   52.93566  -51.20262    34.7606    34.7599     3.4940     3.5120    27.6470    27.6447    7.02233    7.05616         24 0.0000e+00
      20411    850.398    121.000     3.5087   3.197009     3.5269   3.198519      96.92     0.0296     3.0675     2.7031  32.871887  3.4881375   52.93568  -51.20262    34.7602    34.7591     3.5008     3.5189    27.6461    27.6435    7.03058    7.05084         39 0.0000e+00
      20456    852.272    120.000     3.5054   3.196704     3.5271   3.198436      69.10     0.0300     3.0726     2.7063  32.856449  3.5086560   52.93568  -51.20262    34.7606    34.7582     3.4975     3.5193    27.6467    27.6427    7.04707    7.06022         44 0.0000e+00
      20489    853.663    119.000     3.5082   3.196902     3.5269   3.198423      49.09     0.0284     3.0767     2.7085  32.855942  3.5159638   52.93568  -51.20262    34.7605    34.7589     3.5004     3.5191    27.6464    27.6433    7.05388    7.06578         25 0.0000e+00
      20510    854.544    118.000     3.5514   3.200133     3.5459   3.199904      98.60     0.0294     3.0779     2.7100  32.855503  3.5177562   52.93568  -51.20262    34.7538    34.7570     3.5437     3.5381    27.6368    27.6399    7.04755    7.06461         18 0.0000e+00
      20527    855.262    117.000     3.5793   3.202243     3.5644   3.201305      98.66     0.0262     3.0805     2.7118  32.845779  3.5212088   52.93568  -51.20262    34.7500    34.7547     3.5716     3.5567    27.6310    27.6362    7.04449    7.05968         17 0.0000e+00
      20544    855.944    116.000     3.5878   3.202908     3.5819   3.202576      98.63     0.0267     3.0806     2.7122  32.828217  3.5262158   52.93568  -51.20262    34.7495    34.7517     3.5802     3.5743    27.6297    27.6321    7.03396    7.05740         17 0.0000e+00
      20562    856.689    115.000     3.5914   3.203177     3.5937   3.203359      38.93     0.0290     3.0818     2.7136  32.827839  3.5269418   52.93568  -51.20262    34.7494    34.7491     3.5838     3.5861    27.6293    27.6288    7.03577    7.06185         19 0.0000e+00
      20585    857.661    114.000     3.5942   3.203335     3.5977   3.203605      93.66     0.0267     3.0829     2.7147  32.815105  3.5434196   52.93568  -51.20262    34.7488    34.7484     3.5867     3.5901    27.6286    27.6279    7.03752    7.06297         28 0.0000e+00
      20615    858.919    113.000     3.5953   3.203357     3.5993   3.203653      98.70     0.0272     3.0832     2.7169  32.810173  3.5503850   52.93568  -51.20262    34.7485    34.7478     3.5878     3.5919    27.6282    27.6272    7.03011    7.06744         30 0.0000e+00
      20641    859.998    112.000     3.5949   3.203270     3.5992   3.203564      98.63     0.0293     3.0848     2.7182  32.798336  3.5663698   52.93568  -51.20262    34.7484    34.7474     3.5875     3.5918    27.6281    27.6269    7.04573    7.07114         22 0.0000e+00
      20661    860.821    111.000     3.5994   3.203496     3.6014   3.203685      98.64     0.0323     3.0854     2.7192  32.798534  3.5665493   52.93568  -51.20262    34.7469    34.7470     3.5920     3.5941    27.6265    27.6263    7.04319    7.05692         18 0.0000e+00
      20679    861.589    110.000     3.6025   3.203700     3.6036   3.203791      47.96     0.0355     3.0870     2.7178  32.786102  3.5670626   52.93568  -51.20262    34.7466    34.7465     3.5952     3.5963    27.6259    27.6258    7.04738    7.04276         19 0.0000e+00
      20702    862.524    109.000     3.6054   3.203846     3.6083   3.204059      85.41     0.0318     3.0882     2.7178  32.783974  3.5665646   52.93568  -51.20262    34.7458    34.7453     3.5982     3.6010    27.6250    27.6243    7.05011    7.05710         28 0.0000e+00
      20742    864.214    108.000     3.6065   3.203880     3.6095   3.204086      70.65     0.0312     3.0900     2.7196  32.770031  3.5759847   52.93568  -51.20262    34.7456    34.7449     3.5994     3.6023    27.6247    27.6238    7.04549    7.06922         49 0.0000e+00
      20780    865.808    107.000     3.6075   3.203868     3.6099   3.204046      87.51     0.0344     3.0910     2.7221  32.763000  3.5853326   52.93568  -51.20262    34.7449    34.7445     3.6004     3.6029    27.6241    27.6235    7.04282    7.07764         27 0.0000e+00
      20802    866.713    106.000     3.6107   3.204040     3.6128   3.204201      35.06     0.0322     3.0908     2.7233  32.766933  3.5860860   52.93568  -51.20262    34.7441    34.7438     3.6037     3.6058    27.6231    27.6226    7.03877    7.07864         19 0.0000e+00
      20822    867.534    105.000     3.6157   3.204355     3.6159   3.204396      94.41     0.0311     3.0910     2.7240  32.729805  3.5860806   52.93568  -51.20262    34.7431    34.7434     3.6088     3.6090    27.6218    27.6220    7.03755    7.06447         20 0.0000e+00
      20843    868.401    104.000     3.6194   3.204577     3.6191   3.204591      98.79     0.0340     3.0911     2.7232  32.725117  3.5860806   52.93568  -51.20262    34.7424    34.7429     3.6126     3.6122    27.6208    27.6213    7.03975    7.05490         21 0.0000e+00
      20863    869.233    103.000     3.6211   3.204669     3.6221   3.204748      83.55     0.0321     3.0914     2.7227  32.726067  3.5903170   52.93570  -51.20262    34.7422    34.7422     3.6143     3.6160    27.6205    27.6205    7.03923    7.05499         19 0.0000e+00
      20883    870.069    102.000     3.6230   3.204759     3.6248   3.204895      53.85     0.0346     3.0920     2.7226  32.725285  3.5957572   52.93570  -51.20262    34.7418    34.7415     3.6163     3.6181    27.6200    27.6196    7.04331    7.06276         23 0.0000e+00
      20906    871.023    101.000     3.6261   3.204940     3.6305   3.205245      82.33     0.0324     3.0928     2.7240  32.725273  3.5986149   52.93570  -51.20262    34.7413    34.7402     3.6194     3.6238    27.6193    27.6180    7.04251    7.07182         26 0.0000e+00
      21665    902.672    100.000     3.6532   3.206688     3.6566   3.206965      64.80     0.0372     3.1016     2.7306  32.639286  3.6469359   52.93568  -51.20269    34.7339    34.7336     3.6466     3.6500    27.6107    27.6101    7.06191    7.07572         46 0.0000e+00
      22700    945.786     99.000     3.6699   3.207798     3.6703   3.207844      98.57     0.0398     3.1076     2.7362  32.606224  3.6637597   52.93562  -51.20279    34.7300    34.7301     3.6633     3.6637    27.6059    27.6060    7.07586    7.10362         23 0.0000e+00
      22727    946.919     98.000     3.6715   3.207866     3.6724   3.207950      87.37     0.0400     3.1085     2.7377  32.606571  3.6642015   52.93562  -51.20280    34.7296    34.7297     3.6650     3.6658    27.6054    27.6054    7.07881    7.10529         30 0.0000e+00
      22778    949.046     97.000     3.6743   3.208030     3.6740   3.208020      65.79     0.0411     3.1109     2.7384  32.601532  3.6694593   52.93562  -51.20280    34.7292    34.7294     3.6678     3.6676    27.6048    27.6050    7.08482    7.09447         68 0.0000e+00
      22828    951.129     96.000     3.6743   3.207966     3.6759   3.208098      39.55     0.0414     3.1132     2.7386  32.593052  3.6741924   52.93562  -51.20280    34.7289    34.7288     3.6680     3.6695    27.6046    27.6043    7.08942    7.09641         29 0.0000e+00
      22852    952.104     95.000     3.6831   3.208474     3.6838   3.208593      98.64     0.0458     3.1139     2.7392  32.593407  3.6739926   52.93562  -51.20280    34.7262    34.7269     3.6768     3.6775    27.6015    27.6020    7.07985    7.10788         22 0.0000e+00
      22875    953.076     94.000     3.6933   3.209138     3.6975   3.209492      81.46     0.0492     3.1141     2.7410  32.593407  3.6739926   52.93562  -51.20282    34.7238    34.7236     3.6871     3.6913    27.5986    27.5980    7.08364    7.11097         26 0.0000e+00
      22935    955.569     93.000     3.7044   3.209869     3.7070   3.210066      68.78     0.0451     3.1166     2.7434  32.584080  3.6802115   52.93560  -51.20282    34.7213    34.7210     3.6982     3.7008    27.5955    27.5949    7.09192    7.10844         42 0.0000e+00
      23018    959.022     92.000     3.7040   3.209789     3.6968   3.209334      98.76     0.0344     3.1206     2.7461  32.563972  3.6936150   52.93560  -51.20282    34.7214    34.7236     3.6979     3.6907    27.5956    27.5980    7.09550    7.11166         21 0.0000e+00
      23036    959.800     91.000     3.7152   3.210422     3.7095   3.210153       8.65     0.0391     3.1203     2.7465  32.564102  3.6940632   52.93560  -51.20282    34.7176    34.7204     3.7091     3.7035    27.5914    27.5942    7.08636    7.11011         18 0.0000e+00
      23055    960.590     90.000     3.7253   3.211069     3.7281   3.211285      96.49     0.0440     3.1206     2.7465  32.564102  3.6940181   52.93560  -51.20282    34.7152    34.7148     3.7192     3.7220    27.5885    27.5879    7.08784    7.10397         20 0.0000e+00
      23081    961.655     89.000     3.7320   3.211465     3.7366   3.211787      98.60     0.0450     3.1209     2.7463  32.553230  3.7016137   52.93560  -51.20282    34.7132    34.7123     3.7261     3.7306    27.5863    27.5850    7.08896    7.10183         34 0.0000e+00
      23132    963.799     88.000     3.7316   3.211413     3.7283   3.211191      98.64     0.0475     3.1219     2.7467  32.546410  3.7171938   52.93560  -51.20282    34.7136    34.7146     3.7258     3.7225    27.5866    27.5877    7.09132    7.10662         62 0.0000e+00
      23182    965.855     87.000     3.7259   3.210972     3.7227   3.210765      98.64     0.0415     3.1236     2.7476  32.537029  3.7225401   52.93560  -51.20283    34.7150    34.7159     3.7200     3.7170    27.5883    27.5893    7.09983    7.10492         41 0.0000e+00
      23249    968.652     86.000     3.7333   3.211414     3.7325   3.211373      65.89     0.0465     3.1272     2.7507  32.540123  3.7227273   52.93558  -51.20284    34.7130    34.7133     3.7275     3.7267    27.5859    27.5863    7.11005    7.13005         97 0.0000e+00
      23324    971.775     85.000     3.7356   3.211491     3.7388   3.211776      95.17     0.0474     3.1310     2.7561  32.523602  3.7300594   52.93558  -51.20284    34.7120    34.7119     3.7299     3.7333    27.5849    27.5845    7.12178    7.13802         39 0.0000e+00
      23353    972.995     84.000     3.7443   3.211967     3.7498   3.212451      92.03     0.0467     3.1328     2.7567  32.522209  3.7347519   52.93558  -51.20284    34.7090    34.7089     3.7387     3.7442    27.5816    27.5810    7.11937    7.13591         28 0.0000e+00
      23380    974.138     83.000     3.7668   3.213520     3.7669   3.213640      98.71     0.0501     3.1334     2.7581  32.529453  3.7424586   52.93558  -51.20284    34.7041    34.7055     3.7613     3.7614    27.5754    27.5765    7.11233    7.13885         27 0.0000e+00
      23407    975.263     82.000     3.7753   3.214125     3.7776   3.214306      98.63     0.0519     3.1342     2.7589  32.517250  3.7470505   52.93558  -51.20284    34.7029    34.7026     3.7698     3.7721    27.5736    27.5731    7.11057    7.13481         30 0.0000e+00
      23586    982.727     81.000     3.7777   3.214247     3.7793   3.214373      96.21     0.0459     3.1355     2.7611  32.482925  3.7654762   52.93557  -51.20285    34.7023    34.7022     3.7723     3.7738    27.5729    27.5726    7.11066    7.13663         75 0.0000e+00
      24377   1015.649     80.000     3.7792   3.214298     3.7791   3.214281      99.03     0.0510     3.1416     2.7638  32.427811  3.8014312   52.93554  -51.20288    34.7019    34.7020     3.7738     3.7739    27.5724    27.5725    7.12812    7.14797         82 0.0000e+00
      24852   1035.472     79.000     3.7918   3.215102     3.7953   3.215395      98.63     0.0535     3.1466     2.7725  32.417511  3.8028197   52.93552  -51.20290    34.6987    34.6985     3.7865     3.7899    27.5686    27.5681    7.13858    7.16688         43 0.0000e+00
