data/CTD/2014/CNV/u017a055.cnv
* Sea-Bird SBE 9 Data File:
* FileName = C:\CTD_ACQUISITION\2014017HUD\ctddata\017A055.hdr
* Software Version Seasave V 7.22.2
* Temperature SN = 5081
* Conductivity SN = 3561
* Number of Bytes Per Scan = 37
* Number of Voltage Words = 4
* Number of Scans Averaged by the Deck Unit = 1
* NMEA Latitude = 43 29.83 N
* NMEA Longitude = 059 16.64 W
* NMEA UTC (Time) = Jul 13 2014 12:05:02
* NMEA baud rate = 9600
** Ship: Hudson
** Cruise: HUD2014017
** Chief_Scientist: Blair Greenan
** Organization: BIO
** Area_of_Operation: Sackville Spur
** Station: 055
** Sounding:  1445
** Event_Comments: LC2 , 0
# nquan = 25
# nvalues = 1675                        
# units = specified
# name 0 = scan: Scan Count
# name 1 = timeS: Time, Elapsed [seconds]
# name 2 = prDM: Pressure, Digiquartz [db]
# name 3 = t068C: Temperature [ITS-68, deg C]
# name 4 = c0S/m: Conductivity [S/m]
# name 5 = t168C: Temperature, 2 [ITS-68, deg C]
# name 6 = c1S/m: Conductivity, 2 [S/m]
# name 7 = altM: Altimeter [m]
# name 8 = flC: Fluorescence, Chelsea Aqua 3 Chl Con [ug/l]
# name 9 = sbeox0V: Oxygen raw, SBE 43 [V]
# name 10 = sbeox1V: Oxygen raw, SBE 43, 2 [V]
# name 11 = upoly0: Upoly 0, Optode 4330F - O2 D-Phase
# name 12 = upoly1: Upoly 1, Optode 4330F - O2 Temp
# name 13 = latitude: Latitude [deg]
# name 14 = longitude: Longitude [deg]
# name 15 = sal00: Salinity, Practical [PSU]
# name 16 = sal11: Salinity, Practical, 2 [PSU]
# name 17 = potemp068C: Potential Temperature [ITS-68, deg C]
# name 18 = potemp168C: Potential Temperature, 2 [ITS-68, deg C]
# name 19 = sigma-é00: Density [sigma-theta, Kg/m^3]
# name 20 = sigma-é11: Density, 2 [sigma-theta, Kg/m^3]
# name 21 = sbeox0ML/L: Oxygen, SBE 43 [ml/l], WS = 2
# name 22 = sbeox1ML/L: Oxygen, SBE 43, 2 [ml/l], WS = 2
# name 23 = nbin: number of scans per bin
# name 24 = flag: flag
# span 0 =      51322,      91387       
# span 1 =   2138.395,   3807.766       
# span 2 =      1.000,   1675.000       
# span 3 =     3.7532,    15.3984       
# span 4 =   3.301643,   4.035419       
# span 5 =     3.7513,    15.4055       
# span 6 =   3.301485,   4.036119       
# span 7 =       7.12,     100.37       
# span 8 =     0.0084,     0.3459       
# span 9 =     2.0933,     3.6119       
# span 10 =     1.8041,     3.1416      
# span 11 =  29.002604,  38.360729      
# span 12 =  3.7574327,  14.612697      
# span 13 =   43.49703,   43.49812      
# span 14 =  -59.28651,  -59.28359      
# span 15 =    32.3075,    35.1832      
# span 16 =    32.2884,    35.1967      
# span 17 =     3.6199,    15.3980      
# span 18 =     3.6181,    15.4051      
# span 19 =    23.8115,    27.7798      
# span 20 =    23.7950,    27.7801      
# span 21 =    3.86756,    8.07178      
# span 22 =    3.65480,    7.93864      
# span 23 =         15,         74      
# span 24 = 0.0000e+00, 0.0000e+00      
# interval = decibars: 1                
# start_time = Jul 13 2014 12:05:02 [NMEA time, header]
# bad_flag = -9.990e-29
*END*
[from data line 290]
      59325   2471.830   1385.000     4.0782   3.319153     4.0773   3.319080      98.63     0.0126     2.4184     2.1209  35.025696  4.0740566   43.49762  -59.28416    34.9491    34.9492     3.9676     3.9667    27.7492    27.7494    6.07086    5.97531         25 0.0000e+00
      59350   2472.857   1384.000     4.0787   3.319142     4.0779   3.319085      68.66     0.0139     2.4185     2.1210  35.025642  4.0740738   43.49762  -59.28416    34.9490    34.9492     3.9682     3.9673    27.7491    27.7493    6.06555    5.98453         24 0.0000e+00
      59373   2473.833   1383.000     4.0798   3.319194     4.0788   3.319134      98.21     0.0129     2.4183     2.1218  35.025642  4.0744805   43.49762  -59.28416    34.9489    34.9492     3.9694     3.9684    27.7489    27.7493    6.06516    5.99180         23 0.0000e+00
      59394   2474.724   1382.000     4.0813   3.319278     4.0802   3.319215      62.40     0.0170     2.4187     2.1225  35.027828  4.0744810   43.49762  -59.28416    34.9489    34.9493     3.9709     3.9698    27.7487    27.7491    6.07417    5.98649         20 0.0000e+00
      59414   2475.556   1381.000     4.0824   3.319337     4.0815   3.319289      98.36     0.0139     2.4193     2.1228  35.038021  4.0744810   43.49762  -59.28416    34.9489    34.9492     3.9721     3.9713    27.7486    27.7489    6.06786    5.98559         20 0.0000e+00
      59434   2476.394   1380.000     4.0832   3.319360     4.0823   3.319312      98.63     0.0164     2.4192     2.1230  35.038879  4.0744810   43.49764  -59.28418    34.9488    34.9491     3.9730     3.9721    27.7485    27.7488    6.06818    5.98534         21 0.0000e+00
      59457   2477.332   1379.000     4.0834   3.319338     4.0827   3.319292      80.92     0.0168     2.4198     2.1235  35.031319  4.0756736   43.49764  -59.28418    34.9488    34.9490     3.9733     3.9726    27.7484    27.7487    6.07186    5.98708         24 0.0000e+00
      59485   2478.507   1378.000     4.0838   3.319329     4.0832   3.319295      89.09     0.0144     2.4200     2.1238  35.026611  4.0754004   43.49764  -59.28418    34.9488    34.9490     3.9738     3.9756    27.7483    27.7486    6.07003    5.98723         32 0.0000e+00
      59516   2479.785   1377.000     4.0842   3.319319     4.0837   3.319293      98.78     0.0149     2.4207     2.1244  35.025616  4.0818954   43.49764  -59.28418    34.9487    34.9489     3.9743     3.9737    27.7482    27.7484    6.07189    5.98639         27 0.0000e+00
      59541   2480.813   1376.000     4.0850   3.319340     4.0841   3.319275      98.33     0.0122     2.4212     2.1244  35.025642  4.0830011   43.49764  -59.28418    34.9486    34.9488     3.9752     3.9743    27.7481    27.7483    6.07463    5.98113         23 0.0000e+00
      59562   2481.699   1375.000     4.0858   3.319359     4.0848   3.319295      98.64     0.0124     2.4213     2.1243  35.025642  4.0842652   43.49764  -59.28418    34.9485    34.9488     3.9760     3.9750    27.7479    27.7482    6.07247    5.97886         20 0.0000e+00
      59582   2482.561   1374.000     4.0887   3.319565     4.0879   3.319523      69.75     0.0155     2.4221     2.1243  35.025642  4.0842490   43.49764  -59.28418    34.9483    34.9488     3.9790     3.9781    27.7474    27.7479    6.07025    5.98147         22 0.0000e+00
      59605   2483.495   1373.000     4.0904   3.319688     4.0902   3.319671      93.28     0.0138     2.4217     2.1245  35.025642  4.0842490   43.49764  -59.28418    34.9485    34.9486     3.9808     3.9805    27.7474    27.7474    6.06586    5.98436         23 0.0000e+00
      59629   2484.510   1372.000     4.0914   3.319715     4.0910   3.319688      98.69     0.0149     2.4220     2.1249  35.026829  4.0842490   43.49764  -59.28418    34.9483    34.9484     3.9818     3.9814    27.7471    27.7473    6.06971    5.97930         25 0.0000e+00
      59654   2485.526   1371.000     4.0921   3.319729     4.0914   3.319688      71.60     0.0176     2.4221     2.1244  35.025635  4.0850673   43.49765  -59.28418    34.9483    34.9484     3.9826     3.9819    27.7470    27.7472    6.06632    5.96860         24 0.0000e+00
      59676   2486.476   1370.000     4.0926   3.319731     4.0918   3.319673      92.98     0.0165     2.4225     2.1239  35.025642  4.0842519   43.49766  -59.28420    34.9482    34.9484     3.9832     3.9824    27.7469    27.7471    6.07117    5.96767         22 0.0000e+00
      59698   2487.386   1369.000     4.0928   3.319718     4.0921   3.319668      98.57     0.0158     2.4228     2.1236  35.025642  4.0917192   43.49766  -59.28420    34.9483    34.9485     3.9835     3.9828    27.7469    27.7471    6.07079    5.97564         22 0.0000e+00
      59720   2488.291   1368.000     4.0930   3.319685     4.0924   3.319640      56.76     0.0147     2.4232     2.1242  35.024342  4.0952654   43.49766  -59.28420    34.9482    34.9484     3.9838     3.9831    27.7468    27.7470    6.07107    5.98362         22 0.0000e+00
      59743   2489.229   1367.000     4.0933   3.319656     4.0925   3.319613      79.91     0.0130     2.4235     2.1250  35.018757  4.0948768   43.49766  -59.28420    34.9481    34.9484     3.9841     3.9834    27.7467    27.7470    6.07162    5.98290         23 0.0000e+00
      59767   2490.244   1366.000     4.0943   3.319695     4.0937   3.319675      98.53     0.0127     2.4239     2.1251  35.011032  4.0947990   43.49766  -59.28420    34.9480    34.9484     3.9852     3.9846    27.7465    27.7469    6.07341    5.97814         25 0.0000e+00
      59793   2491.347   1365.000     4.0984   3.320018     4.0995   3.320151      79.30     0.0163     2.4245     2.1253  35.010990  4.0951061   43.49766  -59.28420    34.9480    34.9483     3.9894     3.9905    27.7461    27.7462    6.07114    5.98008         27 0.0000e+00
      59819   2492.407   1364.000     4.1021   3.320300     4.1025   3.320357      87.20     0.0186     2.4248     2.1260  35.010990  4.0940061   43.49766  -59.28420    34.9479    34.9481     3.9931     3.9936    27.7456    27.7457    6.07091    5.98847         24 0.0000e+00
      59842   2493.380   1363.000     4.1040   3.320430     4.1035   3.320397      98.69     0.0173     2.4250     2.1271  35.010349  4.0978589   43.49766  -59.28420    34.9479    34.9481     3.9951     3.9946    27.7454    27.7456    6.06844    5.99539         23 0.0000e+00
      59865   2494.315   1362.000     4.1043   3.320409     4.1035   3.320359      81.65     0.0169     2.4252     2.1277  35.010990  4.0975680   43.49766  -59.28420    34.9478    34.9481     3.9955     3.9947    27.7453    27.7456    6.06637    5.98695         22 0.0000e+00
      59887   2495.266   1361.000     4.1046   3.320405     4.1040   3.320358      68.56     0.0176     2.4251     2.1282  35.010990  4.0992985   43.49766  -59.28422    34.9479    34.9480     3.9959     3.9953    27.7453    27.7455    6.06798    5.98543         24 0.0000e+00
      59911   2496.248   1360.000     4.1051   3.320408     4.1045   3.320358      51.22     0.0131     2.4257     2.1283  35.010990  4.1029291   43.49766  -59.28422    34.9479    34.9480     3.9965     3.9959    27.7453    27.7454    6.07177    5.98176         23 0.0000e+00
      59934   2497.222   1359.000     4.1053   3.320380     4.1047   3.320330      87.13     0.0143     2.4257     2.1284  35.018101  4.1037974   43.49766  -59.28422    34.9479    34.9480     3.9968     3.9961    27.7452    27.7454    6.06762    5.98278         23 0.0000e+00
      59957   2498.168   1358.000     4.1055   3.320347     4.1047   3.320288      75.14     0.0153     2.4262     2.1286  35.025654  4.1037850   43.49766  -59.28422    34.9479    34.9479     3.9970     3.9963    27.7452    27.7453    6.06915    5.98885         23 0.0000e+00
      59980   2499.106   1357.000     4.1058   3.320335     4.1056   3.320325      93.79     0.0159     2.4261     2.1293  35.015636  4.1037850   43.49766  -59.28422    34.9479    34.9480     3.9974     3.9972    27.7451    27.7453    6.06586    5.98957         22 0.0000e+00
      60003   2500.082   1356.000     4.1074   3.320425     4.1074   3.320441      91.55     0.0153     2.4266     2.1296  34.996368  4.1037850   43.49766  -59.28422    34.9477    34.9479     3.9991     3.9991    27.7448    27.7450    6.07374    5.98643         25 0.0000e+00
      60028   2501.135   1355.000     4.1085   3.320494     4.1085   3.320493      73.75     0.0141     2.4273     2.1299  34.999126  4.1041570   43.49768  -59.28422    34.9479    34.9479     4.0003     4.0003    27.7448    27.7448    6.07092    5.98722         26 0.0000e+00
      60055   2502.241   1354.000     4.1093   3.320519     4.1093   3.320525      98.43     0.0175     2.4276     2.1303  34.999592  4.1048646   43.49768  -59.28422    34.9478    34.9478     4.0012     4.0012    27.7447    27.7447    6.07297    5.98203         27 0.0000e+00
      60081   2503.317   1353.000     4.1104   3.320576     4.1102   3.320564      80.17     0.0156     2.4279     2.1297  34.999390  4.1099124   43.49768  -59.28424    34.9479    34.9479     4.0023     4.0022    27.7446    27.7446    6.06883    5.98245         24 0.0000e+00
      60104   2504.289   1352.000     4.1127   3.320735     4.1121   3.320688      80.49     0.0172     2.4284     2.1306  34.996281  4.1136217   43.49768  -59.28424    34.9477    34.9478     4.0047     4.0041    27.7443    27.7444    6.06930    5.98915         22 0.0000e+00
      60125   2505.177   1351.000     4.1136   3.320765     4.1141   3.320822      98.83     0.0174     2.4281     2.1307  34.996338  4.1135530   43.49768  -59.28424    34.9476    34.9478     4.0057     4.0062    27.7441    27.7442    6.06669    5.98567         21 0.0000e+00
      60146   2506.049   1350.000     4.1148   3.320817     4.1158   3.320930      95.37     0.0170     2.4286     2.1312  34.996338  4.1135530   43.49768  -59.28424    34.9475    34.9478     4.0069     4.0080    27.7439    27.7439    6.07305    5.99428         22 0.0000e+00
      60169   2506.992   1349.000     4.1164   3.320922     4.1169   3.320988      67.04     0.0128     2.4292     2.1321  34.996338  4.1135530   43.49768  -59.28424    34.9476    34.9478     4.0086     4.0092    27.7437    27.7438    6.06901    5.99615         24 0.0000e+00
      60194   2508.057   1348.000     4.1176   3.320986     4.1178   3.321011      97.83     0.0102     2.4290     2.1326  34.994751  4.1135530   43.49768  -59.28424    34.9476    34.9477     4.0099     4.0101    27.7436    27.7436    6.06482    5.98928         27 0.0000e+00
      60222   2509.192   1347.000     4.1183   3.321006     4.1181   3.321005      85.28     0.0153     2.4292     2.1327  34.992382  4.1135530   43.49768  -59.28424    34.9475    34.9477     4.0107     4.0135    27.7435    27.7436    6.06687    5.98302         26 0.0000e+00
      60246   2510.222   1346.000     4.1190   3.321020     4.1187   3.321018      75.97     0.0180     2.4294     2.1325  34.986061  4.1139836   43.49768  -59.28424    34.9475    34.9477     4.0114     4.0112    27.7434    27.7435    6.06827    5.98258         23 0.0000e+00
      60267   2511.100   1345.000     4.1203   3.321082     4.1198   3.321067      98.52     0.0188     2.4295     2.1325  34.988270  4.1164703   43.49768  -59.28426    34.9474    34.9476     4.0128     4.0124    27.7431    27.7434    6.06168    5.98620         20 0.0000e+00
      60287   2511.911   1344.000     4.1210   3.321112     4.1203   3.321069      98.63     0.0195     2.4294     2.1330  34.987091  4.1222539   43.49768  -59.28426    34.9474    34.9476     4.0136     4.0130    27.7431    27.7433    6.06615    5.98647         19 0.0000e+00
      60307   2512.736   1343.000     4.1211   3.321096     4.1204   3.321037      57.47     0.0181     2.4301     2.1329  34.988636  4.1228466   43.49768  -59.28426    34.9476    34.9476     4.0139     4.0132    27.7432    27.7433    6.07543    5.98377         21 0.0000e+00
      60329   2513.671   1342.000     4.1212   3.321057     4.1206   3.321017      97.99     0.0180     2.4307     2.1331  34.982410  4.1229129   43.49768  -59.28426    34.9476    34.9477     4.0140     4.0135    27.7432    27.7433    6.06699    5.98364         24 0.0000e+00
      60357   2514.822   1341.000     4.1212   3.321012     4.1207   3.320971      52.40     0.0147     2.4307     2.1332  34.984032  4.1233172   43.49768  -59.28426    34.9476    34.9476     4.0141     4.0136    27.7431    27.7432    6.06662    5.98598         31 0.0000e+00
      60386   2516.060   1340.000     4.1212   3.320974     4.1208   3.320937      66.89     0.0161     2.4311     2.1338  34.983303  4.1233211   43.49768  -59.28426    34.9476    34.9476     4.0142     4.0138    27.7431    27.7432    6.06823    5.98981         27 0.0000e+00
      60411   2517.098   1339.000     4.1221   3.320998     4.1226   3.321067      96.59     0.0149     2.4309     2.1341  34.983601  4.1233211   43.49768  -59.28428    34.9474    34.9477     4.0151     4.0157    27.7429    27.7431    6.06473    5.98596         23 0.0000e+00
      60432   2517.977   1338.000     4.1241   3.321133     4.1239   3.321142      94.28     0.0186     2.4315     2.1342  34.981689  4.1233211   43.49768  -59.28428    34.9474    34.9477     4.0173     4.0170    27.7427    27.7430    6.06423    5.98202         20 0.0000e+00
      60452   2518.795   1337.000     4.1244   3.321137     4.1240   3.321110      50.87     0.0202     2.4311     2.1340  34.981686  4.1233211   43.49768  -59.28428    34.9476    34.9477     4.0177     4.0173    27.7428    27.7429    6.06269    5.98421         19 0.0000e+00
      60472   2519.616   1336.000     4.1246   3.321109     4.1242   3.321077      98.23     0.0193     2.4313     2.1345  34.988583  4.1237812   43.49768  -59.28428    34.9475    34.9476     4.0179     4.0175    27.7427    27.7428    6.06441    5.98889         21 0.0000e+00
      60493   2520.519   1335.000     4.1248   3.321081     4.1241   3.321029      98.64     0.0193     2.4321     2.1349  34.989315  4.1237469   43.49768  -59.28428    34.9476    34.9476     4.0182     4.0176    27.7427    27.7428    6.07162    5.98910         23 0.0000e+00
      60520   2521.613   1334.000     4.1247   3.321038     4.1237   3.320945      67.44     0.0166     2.4321     2.1353  34.983273  4.1243248   43.49768  -59.28428    34.9476    34.9475     4.0182     4.0172    27.7427    27.7428    6.06248    5.98448         29 0.0000e+00
      60550   2522.868   1333.000     4.1246   3.320988     4.1239   3.320911      99.58     0.0161     2.4325     2.1349  34.981644  4.1250243   43.49768  -59.28428    34.9476    34.9475     4.0182     4.0175    27.7428    27.7427    6.06699    5.97632         29 0.0000e+00
      60576   2523.938   1332.000     4.1247   3.320938     4.1240   3.320889      98.63     0.0157     2.4325     2.1347  34.981037  4.1315193   43.49768  -59.28429    34.9475    34.9476     4.0184     4.0176    27.7426    27.7428    6.06203    5.97751         23 0.0000e+00
      60596   2524.794   1331.000     4.1249   3.320915     4.1240   3.320849      47.36     0.0150     2.4328     2.1347  34.981686  4.1310320   43.49768  -59.28430    34.9474    34.9476     4.0187     4.0178    27.7426    27.7428    6.07700    5.98291         19 0.0000e+00
      60615   2525.575   1330.000     4.1245   3.320837     4.1235   3.320758      65.35     0.0161     2.4341     2.1351  34.983974  4.1325583   43.49768  -59.28430    34.9475    34.9476     4.0183     4.0173    27.7426    27.7428    6.07301    5.98546         19 0.0000e+00
      60634   2526.366   1329.000     4.1241   3.320767     4.1233   3.320703      98.28     0.0155     2.4336     2.1352  34.981709  4.1330838   43.49768  -59.28430    34.9476    34.9477     4.0180     4.0172    27.7427    27.7429    6.06985    5.97569         19 0.0000e+00
