data/CTD/2014/CNV/u017a036.cnv
* Sea-Bird SBE 9 Data File:
* FileName = C:\CTD_ACQUISITION\2014017HUD\ctddata\017A036.hdr
* Software Version Seasave V 7.22.2
* Temperature SN = 5081
* Conductivity SN = 3561
* Number of Bytes Per Scan = 37
* Number of Voltage Words = 4
* Number of Scans Averaged by the Deck Unit = 1
* NMEA Latitude = 48 26.48 N
* NMEA Longitude = 046 40.75 W
* NMEA UTC (Time) = Jul 09 2014 20:04:18
* NMEA baud rate = 9600
** Ship: Hudson
** Cruise: HUD2014017
** Chief_Scientist: Blair Greenan
** Organization: BIO
** Area_of_Operation: Sackville Spur
** Station: 036
** Sounding:  2091
** Event_Comments: SS-08 403206
# nquan = 25
# nvalues = 2164                        
# units = specified
# name 0 = scan: Scan Count
# name 1 = timeS: Time, Elapsed [seconds]
# name 2 = prDM: Pressure, Digiquartz [db]
# name 3 = t068C: Temperature [ITS-68, deg C]
# name 4 = c0S/m: Conductivity [S/m]
# name 5 = t168C: Temperature, 2 [ITS-68, deg C]
# name 6 = c1S/m: Conductivity, 2 [S/m]
# name 7 = altM: Altimeter [m]
# name 8 = flC: Fluorescence, Chelsea Aqua 3 Chl Con [ug/l]
# name 9 = sbeox0V: Oxygen raw, SBE 43 [V]
# name 10 = sbeox1V: Oxygen raw, SBE 43, 2 [V]
# name 11 = upoly0: Upoly 0, Optode 4330F - O2 D-Phase
# name 12 = upoly1: Upoly 1, Optode 4330F - O2 Temp
# name 13 = latitude: Latitude [deg]
# name 14 = longitude: Longitude [deg]
# name 15 = sal00: Salinity, Practical [PSU]
# name 16 = sal11: Salinity, Practical, 2 [PSU]
# name 17 = potemp068C: Potential Temperature [ITS-68, deg C]
# name 18 = potemp168C: Potential Temperature, 2 [ITS-68, deg C]
# name 19 = sigma-é00: Density [sigma-theta, Kg/m^3]
# name 20 = sigma-é11: Density, 2 [sigma-theta, Kg/m^3]
# name 21 = sbeox0ML/L: Oxygen, SBE 43 [ml/l], WS = 2
# name 22 = sbeox1ML/L: Oxygen, SBE 43, 2 [ml/l], WS = 2
# name 23 = nbin: number of scans per bin
# name 24 = flag: flag
# span 0 =      65024,     118201       
# span 1 =   2709.282,   4924.983       
# span 2 =      1.000,   2164.000       
# span 3 =    -0.3691,     8.3236       
# span 4 =   2.769592,   3.475631       
# span 5 =    -0.3714,     8.3217       
# span 6 =   2.769843,   3.475491       
# span 7 =       2.05,     110.20       
# span 8 =     0.0061,     1.2048       
# span 9 =     2.2664,     3.8192       
# span 10 =     2.0049,     3.3884      
# span 11 =  29.824846,  35.345711      
# span 12 = -0.1164409,  8.2983027      
# span 13 =   48.44478,   48.44666      
# span 14 =  -46.66666,  -46.66045      
# span 15 =    33.0481,    34.9159      
# span 16 =    33.0948,    34.9158      
# span 17 =    -0.3703,     8.3235      
# span 18 =    -0.3726,     8.3216      
# span 19 =    25.7605,    27.8349      
# span 20 =    25.7607,    27.8349      
# span 21 =    6.28716,   10.64197      
# span 22 =    6.21739,   10.50960      
# span 23 =         11,         73      
# span 24 = 0.0000e+00, 0.0000e+00      
# interval = decibars: 1                
# start_time = Jul 09 2014 20:04:18 [NMEA time, header]
# bad_flag = -9.990e-29
*END*
[from data line 812]
      84978   3540.720   1352.000     3.6331   3.275067     3.6328   3.275028      98.63     0.0165     2.4751     2.1755  34.762688  3.6345091   48.44544  -46.66312    34.9143    34.9141     3.5301     3.5298    27.7660    27.7659    6.29925    6.23640         24 0.0000e+00
      84998   3541.545   1351.000     3.6338   3.275090     3.6333   3.275030      98.63     0.0147     2.4754     2.1755  34.761036  3.6331911   48.44544  -46.66312    34.9143    34.9142     3.5309     3.5304    27.7660    27.7659    6.29769    6.23572         17 0.0000e+00
      85013   3542.183   1350.000     3.6342   3.275072     3.6333   3.274995      98.63     0.0181     2.4749     2.1759  34.786827  3.6314452   48.44544  -46.66312    34.9142    34.9143     3.5313     3.5305    27.7659    27.7659    6.29695    6.23689         14 0.0000e+00
      85027   3542.740   1349.000     3.6342   3.275032     3.6333   3.274951      98.63     0.0168     2.4761     2.1762  34.791138  3.6319067   48.44544  -46.66312    34.9142    34.9142     3.5315     3.5306    27.7658    27.7659    6.30369    6.23504         13 0.0000e+00
      85039   3543.266   1348.000     3.6344   3.275013     3.6336   3.274933      98.63     0.0155     2.4762     2.1759  34.791210  3.6324737   48.44544  -46.66312    34.9142    34.9142     3.5318     3.5309    27.7658    27.7658    6.29014    6.23478         12 0.0000e+00
      85052   3543.807   1347.000     3.6350   3.275026     3.6344   3.274964      98.63     0.0144     2.4757     2.1767  34.791210  3.6314423   48.44545  -46.66312    34.9143    34.9142     3.5324     3.5318    27.7658    27.7658    6.29251    6.24195         14 0.0000e+00
      85067   3544.405   1346.000     3.6354   3.275025     3.6351   3.274988      98.63     0.0130     2.4760     2.1768  34.791210  3.6342151   48.44546  -46.66312    34.9143    34.9142     3.5329     3.5326    27.7658    27.7657    6.29539    6.24116         15 0.0000e+00
      85094   3545.550   1345.000     3.6353   3.274973     3.6352   3.274948      98.64     0.0134     2.4764     2.1774  34.788586  3.6333528   48.44546  -46.66312    34.9144    34.9141     3.5329     3.5328    27.7658    27.7656    6.29981    6.23847         35 0.0000e+00
      85172   3548.791   1344.000     3.6340   3.274798     3.6343   3.274802      98.63     0.0085     2.4776     2.1774  34.756657  3.6245117   48.44546  -46.66312    34.9142    34.9139     3.5316     3.5319    27.7658    27.7655    6.30655    6.22662         20 0.0000e+00
      85184   3549.282   1343.000     3.6349   3.274833     3.6347   3.274818      98.64     0.0115     2.4784     2.1770  34.755573  3.6251526   48.44546  -46.66312    34.9142    34.9141     3.5326     3.5325    27.7656    27.7656    6.30114    6.22641         14 0.0000e+00
      85197   3549.838   1342.000     3.6361   3.274894     3.6360   3.274895      98.64     0.0143     2.4780     2.1770  34.764236  3.6251526   48.44546  -46.66312    34.9141    34.9141     3.5339     3.5339    27.7655    27.7655    6.29831    6.22994         13 0.0000e+00
      85209   3550.350   1341.000     3.6383   3.275043     3.6380   3.275028      98.63     0.0148     2.4788     2.1772  34.790989  3.6251526   48.44546  -46.66312    34.9140    34.9142     3.5362     3.5359    27.7652    27.7654    6.30362    6.23049         12 0.0000e+00
      85222   3550.855   1340.000     3.6405   3.275203     3.6414   3.275269      98.63     0.0155     2.4779     2.1772  34.791210  3.6251526   48.44546  -46.66312    34.9141    34.9140     3.5385     3.5393    27.7650    27.7648    6.29766    6.23396         12 0.0000e+00
      85235   3551.409   1339.000     3.6430   3.275373     3.6433   3.275389      98.63     0.0148     2.4792     2.1776  34.791210  3.6251526   48.44546  -46.66312    34.9140    34.9139     3.5410     3.5413    27.7647    27.7646    6.30269    6.23571         15 0.0000e+00
      85252   3552.114   1338.000     3.6435   3.275388     3.6439   3.275402      98.64     0.0139     2.4789     2.1780  34.774334  3.6312106   48.44546  -46.66312    34.9141    34.9139     3.5416     3.5420    27.7647    27.7645    6.29927    6.23610         21 0.0000e+00
      85308   3554.448   1337.000     3.6428   3.275275     3.6436   3.275319      89.29     0.0159     2.4799     2.1786  34.758633  3.6348102   48.44546  -46.66312    34.9141    34.9137     3.5410     3.5418    27.7647    27.7643    6.30400    6.23095         47 0.0000e+00
      85345   3556.004   1336.000     3.6429   3.275221     3.6428   3.275212      98.75     0.0157     2.4808     2.1788  34.770187  3.6327250   48.44548  -46.66312    34.9137    34.9137     3.5412     3.5411    27.7645    27.7645    6.29929    6.23341         18 0.0000e+00
      85362   3556.706   1335.000     3.6435   3.275231     3.6436   3.275242      98.63     0.0137     2.4802     2.1788  34.791752  3.6280887   48.44548  -46.66312    34.9137    34.9138     3.5419     3.5420    27.7644    27.7644    6.29498    6.23548         16 0.0000e+00
      85378   3557.366   1334.000     3.6457   3.275380     3.6453   3.275354      98.63     0.0123     2.4804     2.1795  34.791210  3.6288266   48.44548  -46.66312    34.9137    34.9138     3.5441     3.5438    27.7642    27.7642    6.29807    6.23852         16 0.0000e+00
      85393   3558.019   1333.000     3.6468   3.275442     3.6466   3.275416      98.63     0.0133     2.4811     2.1798  34.791210  3.6324666   48.44548  -46.66312    34.9137    34.9137     3.5453     3.5451    27.7641    27.7640    6.30493    6.24013         16 0.0000e+00
      85410   3558.725   1332.000     3.6473   3.275445     3.6472   3.275422      98.64     0.0145     2.4815     2.1803  34.791210  3.6349065   48.44548  -46.66312    34.9138    34.9136     3.5459     3.5458    27.7640    27.7639    6.30337    6.24194         18 0.0000e+00
      85429   3559.488   1331.000     3.6477   3.275452     3.6474   3.275400      98.64     0.0155     2.4816     2.1808  34.791210  3.6349206   48.44548  -46.66312    34.9139    34.9136     3.5464     3.5461    27.7641    27.7639    6.29361    6.23807         19 0.0000e+00
      85449   3560.328   1330.000     3.6479   3.275416     3.6474   3.275358      98.63     0.0141     2.4812     2.1809  34.762787  3.6423149   48.44548  -46.66312    34.9139    34.9137     3.5466     3.5461    27.7640    27.7639    6.29143    6.23449         21 0.0000e+00
      85473   3561.352   1329.000     3.6483   3.275409     3.6477   3.275341      95.05     0.0141     2.4819     2.1813  34.762402  3.6436555   48.44548  -46.66312    34.9138    34.9136     3.5471     3.5466    27.7639    27.7638    6.30521    6.23886         30 0.0000e+00
      85514   3563.060   1328.000     3.6479   3.275321     3.6482   3.275333      73.26     0.0158     2.4830     2.1821  34.751171  3.6447382   48.44549  -46.66312    34.9137    34.9135     3.5468     3.5471    27.7639    27.7637    6.30366    6.23834         46 0.0000e+00
      85548   3564.458   1327.000     3.6495   3.275393     3.6493   3.275373      99.70     0.0183     2.4835     2.1822  34.760963  3.6446886   48.44550  -46.66312    34.9134    34.9133     3.5485     3.5483    27.7635    27.7634    6.30232    6.23810         22 0.0000e+00
      85566   3565.212   1326.000     3.6504   3.275435     3.6496   3.275363      98.38     0.0161     2.4839     2.1827  34.761047  3.6446886   48.44550  -46.66312    34.9134    34.9134     3.5495     3.5487    27.7634    27.7635    6.30360    6.24399         17 0.0000e+00
      85582   3565.867   1325.000     3.6509   3.275451     3.6500   3.275353      98.58     0.0173     2.4843     2.1832  34.760929  3.6446886   48.44550  -46.66312    34.9136    34.9133     3.5501     3.5492    27.7634    27.7634    6.30230    6.24176         15 0.0000e+00
      85597   3566.513   1324.000     3.6509   3.275415     3.6502   3.275331      98.63     0.0145     2.4840     2.1832  34.748329  3.6446886   48.44550  -46.66312    34.9137    34.9134     3.5501     3.5494    27.7635    27.7634    6.30160    6.23564         16 0.0000e+00
      85615   3567.235   1323.000     3.6507   3.275357     3.6501   3.275271      98.63     0.0095     2.4845     2.1832  34.751801  3.6446886   48.44552  -46.66314    34.9136    34.9133     3.5501     3.5494    27.7635    27.7633    6.30692    6.23426         19 0.0000e+00
      85637   3568.150   1322.000     3.6506   3.275310     3.6499   3.275219      98.63     0.0120     2.4854     2.1833  34.749065  3.6446886   48.44552  -46.66314    34.9137    34.9133     3.5500     3.5494    27.7636    27.7633    6.30547    6.24030         25 0.0000e+00
      85665   3569.342   1321.000     3.6506   3.275246     3.6499   3.275176      98.63     0.0193     2.4857     2.1844  34.747707  3.6446886   48.44552  -46.66314    34.9135    34.9133     3.5501     3.5495    27.7634    27.7633    6.30511    6.25053         30 0.0000e+00
      85692   3570.450   1320.000     3.6509   3.275234     3.6502   3.275157      98.63     0.0166     2.4861     2.1853  34.751572  3.6459234   48.44552  -46.66312    34.9135    34.9133     3.5505     3.5498    27.7633    27.7633    6.31304    6.24762         24 0.0000e+00
      85713   3571.343   1319.000     3.6529   3.275357     3.6521   3.275288      98.63     0.0156     2.4874     2.1854  34.748753  3.6466329   48.44552  -46.66312    34.9134    34.9133     3.5525     3.5518    27.7631    27.7631    6.31476    6.24251         20 0.0000e+00
      85734   3572.196   1318.000     3.6564   3.275625     3.6570   3.275665      98.63     0.0155     2.4876     2.1857  34.750027  3.6451747   48.44554  -46.66314    34.9133    34.9131     3.5561     3.5567    27.7626    27.7624    6.30680    6.24339         21 0.0000e+00
      85758   3573.220   1317.000     3.6589   3.275795     3.6595   3.275829      79.57     0.0181     2.4878     2.1862  34.750641  3.6475010   48.44554  -46.66314    34.9132    34.9130     3.5587     3.5617    27.7623    27.7621    6.29966    6.24329         30 0.0000e+00
      85795   3574.759   1316.000     3.6600   3.275835     3.6604   3.275863      99.96     0.0189     2.4881     2.1863  34.748714  3.6537828   48.44554  -46.66314    34.9131    34.9129     3.5598     3.5600    27.7621    27.7620    6.31035    6.23862         37 0.0000e+00
      85822   3575.881   1315.000     3.6623   3.275973     3.6618   3.275934      98.64     0.0182     2.4885     2.1866  34.751202  3.6534295   48.44554  -46.66314    34.9127    34.9128     3.5622     3.5617    27.7616    27.7617    6.30629    6.24110         19 0.0000e+00
      85839   3576.568   1314.000     3.6647   3.276139     3.6640   3.276067      98.63     0.0140     2.4891     2.1865  34.750149  3.6544955   48.44555  -46.66314    34.9126    34.9126     3.5647     3.5639    27.7613    27.7613    6.31315    6.23390         15 0.0000e+00
      85853   3577.152   1313.000     3.6658   3.276199     3.6654   3.276152      98.63     0.0169     2.4895     2.1858  34.749340  3.6544566   48.44556  -46.66314    34.9127    34.9126     3.5659     3.5654    27.7612    27.7612    6.30749    6.23717         14 0.0000e+00
      85866   3577.707   1312.000     3.6668   3.276238     3.6663   3.276178      97.83     0.0188     2.4893     2.1871  34.747261  3.6544566   48.44556  -46.66314    34.9126    34.9125     3.5669     3.5722    27.7610    27.7610    6.30247    6.25220         13 0.0000e+00
      85880   3578.307   1311.000     3.6673   3.276239     3.6671   3.276208      98.53     0.0201     2.4897     2.1874  34.747253  3.6544566   48.44556  -46.66314    34.9126    34.9124     3.5675     3.5674    27.7610    27.7608    6.30290    6.25365         16 0.0000e+00
      85910   3579.561   1310.000     3.6675   3.276223     3.6673   3.276179      98.62     0.0172     2.4899     2.1886  34.747253  3.6562064   48.44556  -46.66314    34.9127    34.9124     3.5677     3.5675    27.7610    27.7608    6.30424    6.25335         47 0.0000e+00
      85970   3582.057   1309.000     3.6672   3.276118     3.6662   3.276026      98.63     0.0090     2.4902     2.1905  34.747253  3.6603768   48.44558  -46.66314    34.9123    34.9122     3.5675     3.5666    27.7607    27.7607    6.30736    6.25070         25 0.0000e+00
      85985   3582.665   1308.000     3.6670   3.276064     3.6668   3.276041      98.63     0.0115     2.4909     2.1903  34.747253  3.6549566   48.44558  -46.66314    34.9124    34.9123     3.5674     3.5672    27.7608    27.7607    6.30968    6.24551         16 0.0000e+00
      86000   3583.293   1307.000     3.6683   3.276137     3.6678   3.276078      98.63     0.0123     2.4908     2.1904  34.747253  3.6544554   48.44558  -46.66314    34.9123    34.9122     3.5688     3.5683    27.7606    27.7606    6.30336    6.24564         15 0.0000e+00
      86014   3583.872   1306.000     3.6693   3.276169     3.6685   3.276099      98.14     0.0143     2.4912     2.1902  34.747253  3.6559522   48.44558  -46.66314    34.9122    34.9121     3.5699     3.5691    27.7604    27.7604    6.30810    6.24883         13 0.0000e+00
      86028   3584.445   1305.000     3.6698   3.276171     3.6696   3.276141      98.54     0.0192     2.4913     2.1908  34.745132  3.6600959   48.44558  -46.66314    34.9122    34.9120     3.5704     3.5703    27.7603    27.7602    6.31676    6.24935         14 0.0000e+00
      86042   3585.056   1304.000     3.6710   3.276235     3.6716   3.276272      98.63     0.0208     2.4924     2.1908  34.747231  3.6587439   48.44560  -46.66316    34.9121    34.9120     3.5718     3.5723    27.7601    27.7600    6.31746    6.24637         16 0.0000e+00
      86062   3585.860   1303.000     3.6722   3.276303     3.6737   3.276402      98.64     0.0178     2.4923     2.1910  34.747253  3.6609409   48.44560  -46.66316    34.9122    34.9118     3.5730     3.5745    27.7601    27.7596    6.30590    6.24873         25 0.0000e+00
      86109   3587.848   1302.000     3.6718   3.276220     3.6723   3.276230      98.63     0.0147     2.4939     2.1916  34.741699  3.6647201   48.44562  -46.66316    34.9122    34.9117     3.5727     3.5732    27.7601    27.7597    6.31280    6.24854         55 0.0000e+00
      86139   3589.073   1301.000     3.6717   3.276146     3.6728   3.276223      98.63     0.0182     2.4936     2.1921  34.732666  3.6642246   48.44562  -46.66316    34.9118    34.9116     3.5727     3.5738    27.7598    27.7596    6.31078    6.25263         17 0.0000e+00
      86155   3589.737   1300.000     3.6747   3.276354     3.6749   3.276355      98.63     0.0176     2.4940     2.1922  34.732601  3.6642246   48.44562  -46.66316    34.9116    34.9115     3.5758     3.5760    27.7594    27.7592    6.31398    6.25312         15 0.0000e+00
      86169   3590.343   1299.000     3.6765   3.276464     3.6762   3.276419      98.63     0.0184     2.4948     2.1930  34.721302  3.6642246   48.44562  -46.66316    34.9115    34.9113     3.5777     3.5773    27.7591    27.7590    6.31410    6.25591         14 0.0000e+00
      86184   3590.955   1298.000     3.6772   3.276475     3.6766   3.276413      98.63     0.0171     2.4948     2.1928  34.722824  3.6642246   48.44564  -46.66316    34.9115    34.9113     3.5784     3.5778    27.7590    27.7589    6.31181    6.25371         15 0.0000e+00
      86201   3591.680   1297.000     3.6773   3.276440     3.6766   3.276364      69.03     0.0140     2.4953     2.1935  34.728207  3.6642246   48.44564  -46.66316    34.9114    34.9113     3.5786     3.5779    27.7589    27.7589    6.30744    6.25800         21 0.0000e+00
      86237   3593.150   1296.000     3.6768   3.276365     3.6763   3.276293      97.07     0.0174     2.4955     2.1945  34.731316  3.6651151   48.44564  -46.66316    34.9115    34.9112     3.5782     3.5777    27.7590    27.7589    6.31409    6.25722         52 0.0000e+00
