data/CTD/2014/CNV/u017a031.cnv
* Sea-Bird SBE 9 Data File:
* FileName = C:\CTD_ACQUISITION\2014017HUD\ctddata\017A031.hdr
* Software Version Seasave V 7.22.2
* Temperature SN = 5081
* Conductivity SN = 3561
* Number of Bytes Per Scan = 37
* Number of Voltage Words = 4
* Number of Scans Averaged by the Deck Unit = 1
* NMEA Latitude = 48 42.12 N
* NMEA Longitude = 045 35.33 W
* NMEA UTC (Time) = Jul 07 2014 07:43:15
* NMEA baud rate = 9600
** Ship: Hudson
** Cruise: HUD2014017
** Chief_Scientist: Blair Greenan
** Organization: BIO
** Area_of_Operation: Sackville Spur
** Station: 031
** Sounding:  1094
** Event_Comments: SS_23, 403182
# nquan = 25
# nvalues = 1117                        
# units = specified
# name 0 = scan: Scan Count
# name 1 = timeS: Time, Elapsed [seconds]
# name 2 = prDM: Pressure, Digiquartz [db]
# name 3 = t068C: Temperature [ITS-68, deg C]
# name 4 = c0S/m: Conductivity [S/m]
# name 5 = t168C: Temperature, 2 [ITS-68, deg C]
# name 6 = c1S/m: Conductivity, 2 [S/m]
# name 7 = altM: Altimeter [m]
# name 8 = flC: Fluorescence, Chelsea Aqua 3 Chl Con [ug/l]
# name 9 = sbeox0V: Oxygen raw, SBE 43 [V]
# name 10 = sbeox1V: Oxygen raw, SBE 43, 2 [V]
# name 11 = upoly0: Upoly 0, Optode 4330F - O2 D-Phase
# name 12 = upoly1: Upoly 1, Optode 4330F - O2 Temp
# name 13 = latitude: Latitude [deg]
# name 14 = longitude: Longitude [deg]
# name 15 = sal00: Salinity, Practical [PSU]
# name 16 = sal11: Salinity, Practical, 2 [PSU]
# name 17 = potemp068C: Potential Temperature [ITS-68, deg C]
# name 18 = potemp168C: Potential Temperature, 2 [ITS-68, deg C]
# name 19 = sigma-é00: Density [sigma-theta, Kg/m^3]
# name 20 = sigma-é11: Density, 2 [sigma-theta, Kg/m^3]
# name 21 = sbeox0ML/L: Oxygen, SBE 43 [ml/l], WS = 2
# name 22 = sbeox1ML/L: Oxygen, SBE 43, 2 [ml/l], WS = 2
# name 23 = nbin: number of scans per bin
# name 24 = flag: flag
# span 0 =      34825,      63463       
# span 1 =   1451.006,   2644.257       
# span 2 =      1.000,   1117.000       
# span 3 =    -0.1011,     8.8970       
# span 4 =   2.795669,   3.594859       
# span 5 =    -0.2019,     8.9016       
# span 6 =   2.784890,   3.595459       
# span 7 =       3.13,     104.07       
# span 8 =     0.0083,     1.0945       
# span 9 =     2.5397,     3.6548       
# span 10 =     2.2446,     3.2130      
# span 11 =  30.227171,  34.595592      
# span 12 =  0.3223771,  8.8621645      
# span 13 =   48.70292,   48.70370      
# span 14 =  -45.58768,  -45.58616      
# span 15 =    33.4868,    34.9090      
# span 16 =    33.5143,    34.9083      
# span 17 =    -0.1021,     8.8969      
# span 18 =    -0.2028,     8.9015      
# span 19 =    26.2306,    27.7545      
# span 20 =    26.2314,    27.7541      
# span 21 =    6.08195,   10.19194      
# span 22 =    5.79814,   11.04084      
# span 23 =         10,         82      
# span 24 = 0.0000e+00, 0.0000e+00      
# interval = decibars: 1                
# start_time = Jul 07 2014 07:43:15 [NMEA time, header]
# bad_flag = -9.990e-29
*END*
[from data line 754]
      52435   2184.770    363.000     3.6823   3.229507     3.6812   3.229318      97.99     0.0192     2.8769     2.5285  33.491749  3.6837606   48.70298  -45.58697    34.8332    34.8321     3.6573     3.6562    27.6887    27.6879    6.66256    6.65461         16 0.0000e+00
      52452   2185.457    362.000     3.6812   3.229327     3.6809   3.229237      98.40     0.0239     2.8775     2.5292  33.501511  3.6837606   48.70298  -45.58698    34.8328    34.8319     3.6562     3.6560    27.6885    27.6878    6.66234    6.65357         18 0.0000e+00
      52476   2186.465    361.000     3.6809   3.229243     3.6807   3.229157      98.62     0.0279     2.8772     2.5296  33.501831  3.6837606   48.70298  -45.58698    34.8325    34.8317     3.6561     3.6559    27.6883    27.6877    6.66006    6.64522         32 0.0000e+00
      52512   2187.969    360.000     3.6813   3.229240     3.6807   3.229127      98.63     0.0212     2.8780     2.5293  33.501377  3.6837606   48.70298  -45.58698    34.8326    34.8320     3.6565     3.6559    27.6883    27.6879    6.66444    6.64535         34 0.0000e+00
      52540   2189.108    359.000     3.6809   3.229154     3.6795   3.228956      98.63     0.0223     2.8782     2.5301  33.501839  3.6837606   48.70298  -45.58698    34.8326    34.8317     3.6562     3.6548    27.6883    27.6878    6.66001    6.65692         23 0.0000e+00
      52560   2189.947    358.000     3.6773   3.228669     3.6753   3.228413      98.63     0.0213     2.8786     2.5313  33.501831  3.6837606   48.70298  -45.58698    34.8313    34.8302     3.6526     3.6507    27.6877    27.6870    6.66191    6.65645         19 0.0000e+00
      52578   2190.710    357.000     3.6742   3.228257     3.6738   3.228172      98.41     0.0210     2.8782     2.5312  33.501831  3.6837606   48.70298  -45.58697    34.8301    34.8295     3.6497     3.6493    27.6870    27.6865    6.66612    6.64995         18 0.0000e+00
      52596   2191.458    356.000     3.6738   3.228148     3.6744   3.228144      98.26     0.0198     2.8796     2.5317  33.501831  3.6837606   48.70298  -45.58696    34.8297    34.8291     3.6493     3.6499    27.6868    27.6862    6.66878    6.65328         17 0.0000e+00
      52614   2192.210    355.000     3.6745   3.228144     3.6758   3.228220      98.63     0.0177     2.8791     2.5318  33.501831  3.6837606   48.70298  -45.58696    34.8295    34.8290     3.6501     3.6514    27.6865    27.6859    6.66284    6.65154         19 0.0000e+00
      52634   2193.031    354.000     3.6750   3.228148     3.6766   3.228233      98.63     0.0180     2.8801     2.5320  33.492188  3.6837606   48.70298  -45.58696    34.8295    34.8288     3.6507     3.6523    27.6864    27.6857    6.66756    6.64993         21 0.0000e+00
      52659   2194.074    353.000     3.6764   3.228210     3.6764   3.228153      98.63     0.0211     2.8800     2.5321  33.480667  3.6837606   48.70298  -45.58696    34.8294    34.8286     3.6521     3.6521    27.6862    27.6856    6.66301    6.64815         30 0.0000e+00
      52692   2195.466    352.000     3.6764   3.228148     3.6755   3.228008      98.63     0.0210     2.8808     2.5322  33.497013  3.6837606   48.70298  -45.58698    34.8291    34.8284     3.6522     3.6519    27.6860    27.6855    6.66466    6.64694         34 0.0000e+00
      52721   2196.665    351.000     3.6756   3.228028     3.6739   3.227768      98.57     0.0160     2.8811     2.5322  33.501911  3.6837606   48.70298  -45.58698    34.8291    34.8278     3.6515     3.6497    27.6860    27.6852    6.67081    6.64831         24 0.0000e+00
      52742   2197.562    350.000     3.6738   3.227769     3.6714   3.227449      98.06     0.0135     2.8822     2.5325  33.501831  3.6837606   48.70298  -45.58698    34.8284    34.8271     3.6498     3.6484    27.6856    27.6849    6.66731    6.64793         20 0.0000e+00
      52761   2198.343    349.000     3.6718   3.227458     3.6715   3.227372      98.62     0.0169     2.8820     2.5325  33.501831  3.6837606   48.70298  -45.58698    34.8274    34.8267     3.6478     3.6476    27.6850    27.6845    6.66331    6.64462         18 0.0000e+00
      52779   2199.095    348.000     3.6720   3.227413     3.6729   3.227446      98.63     0.0179     2.8820     2.5322  33.501831  3.6837606   48.70298  -45.58698    34.8271    34.8266     3.6481     3.6490    27.6848    27.6843    6.66717    6.64904         18 0.0000e+00
      52799   2199.897    347.000     3.6729   3.227447     3.6740   3.227510      98.63     0.0173     2.8825     2.5332  33.501831  3.6837606   48.70298  -45.58698    34.8271    34.8267     3.6491     3.6502    27.6847    27.6843    6.66763    6.65436         21 0.0000e+00
      52821   2200.852    346.000     3.6736   3.227464     3.6744   3.227502      98.63     0.0151     2.8831     2.5334  33.490959  3.6837606   48.70298  -45.58698    34.8272    34.8268     3.6498     3.6506    27.6847    27.6843    6.67000    6.64936         25 0.0000e+00
      52848   2201.979    345.000     3.6741   3.227466     3.6748   3.227508      98.63     0.0202     2.8837     2.5342  33.477764  3.6837606   48.70298  -45.58698    34.8272    34.8270     3.6504     3.6511    27.6846    27.6844    6.66611    6.66182         28 0.0000e+00
      52874   2203.051    344.000     3.6754   3.227539     3.6775   3.227740      98.63     0.0218     2.8839     2.5359  33.479549  3.6837606   48.70298  -45.58698    34.8272    34.8274     3.6518     3.6539    27.6845    27.6844    6.67243    6.66627         23 0.0000e+00
      52895   2203.926    343.000     3.6775   3.227674     3.6791   3.227798      98.63     0.0192     2.8849     2.5368  33.481026  3.6837606   48.70298  -45.58698    34.8272    34.8269     3.6539     3.6555    27.6842    27.6839    6.67612    6.66104         19 0.0000e+00
      52913   2204.664    342.000     3.6756   3.227437     3.6730   3.227079      86.43     0.0201     2.8859     2.5370  33.480286  3.6837606   48.70298  -45.58698    34.8268    34.8254     3.6522     3.6495    27.6841    27.6833    6.66493    6.65572         17 0.0000e+00
      52929   2205.330    341.000     3.6720   3.227012     3.6664   3.226352      67.75     0.0195     2.8844     2.5370  33.483257  3.6837606   48.70298  -45.58698    34.8262    34.8242     3.6486     3.6430    27.6840    27.6830    6.66097    6.65380         15 0.0000e+00
      52944   2205.970    340.000     3.6685   3.226579     3.6595   3.225581      98.20     0.0154     2.8853     2.5369  33.472675  3.6837606   48.70298  -45.58698    34.8252    34.8228     3.6452     3.6363    27.6835    27.6826    6.67084    6.65108         16 0.0000e+00
      52961   2206.671    339.000     3.6621   3.225874     3.6505   3.224585      98.63     0.0126     2.8853     2.5367  33.486050  3.6837606   48.70298  -45.58698    34.8241    34.8211     3.6389     3.6273    27.6833    27.6821    6.67218    6.65011         18 0.0000e+00
      52983   2207.591    338.000     3.6565   3.225247     3.6463   3.224103      98.63     0.0107     2.8861     2.5368  33.501446  3.6837606   48.70298  -45.58698    34.8232    34.8204     3.6334     3.6232    27.6831    27.6819    6.67267    6.66051         28 0.0000e+00
      53023   2209.230    337.000     3.6573   3.225290     3.6518   3.224665      98.63     0.0167     2.8873     2.5386  33.490955  3.6744890   48.70298  -45.58698    34.8234    34.8217     3.6342     3.6287    27.6832    27.6824    6.67995    6.67070         45 0.0000e+00
      53058   2210.719    336.000     3.6653   3.226095     3.6579   3.225328      98.63     0.0188     2.8888     2.5398  33.482834  3.6680379   48.70298  -45.58697    34.8250    34.8237     3.6423     3.6349    27.6837    27.6834    6.68760    6.66581         26 0.0000e+00
      53080   2211.634    335.000     3.6538   3.224879     3.6484   3.224132      98.63     0.0205     2.8902     2.5405  33.480618  3.6642756   48.70298  -45.58696    34.8232    34.8200     3.6309     3.6255    27.6834    27.6814    6.69116    6.67494         20 0.0000e+00
      53100   2212.458    334.000     3.6415   3.223486     3.6384   3.223050      69.13     0.0203     2.8916     2.5415  33.478699  3.6642246   48.70298  -45.58696    34.8202    34.8183     3.6187     3.6156    27.6822    27.6810    6.70039    6.68161         19 0.0000e+00
      53120   2213.278    333.000     3.6374   3.222955     3.6320   3.222352      57.21     0.0197     2.8927     2.5424  33.471733  3.6652100   48.70298  -45.58696    34.8188    34.8173     3.6147     3.6093    27.6815    27.6808    6.69884    6.68115         20 0.0000e+00
      53140   2214.110    332.000     3.6330   3.222472     3.6301   3.222107      98.92     0.0167     2.8934     2.5430  33.467369  3.6681523   48.70298  -45.58696    34.8182    34.8169     3.6104     3.6074    27.6815    27.6807    6.69129    6.68025         20 0.0000e+00
      53159   2214.900    331.000     3.6313   3.222221     3.6292   3.221956      98.64     0.0152     2.8936     2.5434  33.471737  3.6658401   48.70298  -45.58696    34.8176    34.8167     3.6087     3.6066    27.6811    27.6806    6.69052    6.67610         18 0.0000e+00
      53177   2215.652    330.000     3.6297   3.222026     3.6274   3.221731      95.39     0.0148     2.8939     2.5434  33.482380  3.6642113   48.70299  -45.58696    34.8175    34.8164     3.6072     3.6049    27.6812    27.6806    6.68859    6.67223         18 0.0000e+00
      53195   2216.408    329.000     3.6276   3.221771     3.6256   3.221484      96.41     0.0170     2.8937     2.5432  33.474926  3.6642246   48.70300  -45.58696    34.8171    34.8159     3.6052     3.6032    27.6811    27.6804    6.68842    6.66599         19 0.0000e+00
      53215   2217.241    328.000     3.6261   3.221560     3.6255   3.221456      98.61     0.0158     2.8938     2.5422  33.480145  3.6559410   48.70300  -45.58696    34.8168    34.8162     3.6038     3.6032    27.6810    27.6806    6.68246    6.65346         21 0.0000e+00
      53239   2218.261    327.000     3.6270   3.221545     3.6368   3.222559      98.63     0.0102     2.8930     2.5408  33.477783  3.6544702   48.70300  -45.58696    34.8162    34.8179     3.6047     3.6145    27.6805    27.6808    6.67367    6.65480         28 0.0000e+00
      53270   2219.562    326.000     3.6377   3.222563     3.6455   3.223370      98.63     0.0145     2.8920     2.5406  33.468834  3.6529529   48.70300  -45.58696    34.8175    34.8189     3.6155     3.6233    27.6804    27.6807    6.66950    6.66040         33 0.0000e+00
      53299   2220.750    325.000     3.6498   3.223595     3.6563   3.224350      98.63     0.0143     2.8914     2.5409  33.468239  3.6495137   48.70300  -45.58696    34.8176    34.8197     3.6276     3.6340    27.6792    27.6803    6.66908    6.66695         24 0.0000e+00
      53320   2221.627    324.000     3.6578   3.224492     3.6661   3.225315      98.63     0.0180     2.8910     2.5421  33.468670  3.6446795   48.70300  -45.58696    34.8203    34.8213     3.6357     3.6439    27.6806    27.6806    6.67989    6.67365         19 0.0000e+00
      53339   2222.427    323.000     3.6670   3.225378     3.6719   3.225836      98.63     0.0179     2.8924     2.5432  33.466328  3.6446886   48.70300  -45.58696    34.8216    34.8219     3.6449     3.6498    27.6807    27.6805    6.68641    6.66618         19 0.0000e+00
      53359   2223.270    322.000     3.6728   3.225860     3.6731   3.225822      82.29     0.0172     2.8939     2.5431  33.464535  3.6460195   48.70300  -45.58696    34.8219    34.8210     3.6508     3.6511    27.6803    27.6796    6.68478    6.65568         22 0.0000e+00
      53383   2224.268    321.000     3.6722   3.225762     3.6638   3.224766      83.21     0.0164     2.8947     2.5427  33.464073  3.6465657   48.70300  -45.58696    34.8218    34.8188     3.6502     3.6418    27.6804    27.6788    6.68217    6.64963         26 0.0000e+00
      53408   2225.297    320.000     3.6634   3.224847     3.6530   3.223588      98.72     0.0195     2.8947     2.5422  33.466167  3.6626117   48.70300  -45.58696    34.8208    34.8167     3.6415     3.6312    27.6804    27.6782    6.67592    6.65707         23 0.0000e+00
      53430   2226.205    319.000     3.6566   3.224146     3.6458   3.222760      98.63     0.0204     2.8951     2.5429  33.463467  3.6642184   48.70300  -45.58696    34.8201    34.8150     3.6348     3.6241    27.6805    27.6776    6.67982    6.66230         21 0.0000e+00
      53450   2227.036    318.000     3.6484   3.223089     3.6429   3.222398      98.63     0.0179     2.8954     2.5429  33.467102  3.6642246   48.70300  -45.58694    34.8168    34.8143     3.6266     3.6212    27.6788    27.6773    6.68328    6.65971         19 0.0000e+00
      53470   2227.863    317.000     3.6453   3.222699     3.6470   3.222761      98.63     0.0162     2.8957     2.5431  33.466660  3.6642246   48.70300  -45.58694    34.8159    34.8150     3.6237     3.6253    27.6783    27.6775    6.67950    6.66065         20 0.0000e+00
      53491   2228.730    316.000     3.6471   3.222727     3.6549   3.223474      98.63     0.0150     2.8956     2.5432  33.463863  3.6642246   48.70300  -45.58694    34.8149    34.8156     3.6255     3.6333    27.6774    27.6771    6.68186    6.65815         22 0.0000e+00
      53515   2229.730    315.000     3.6525   3.223211     3.6573   3.223676      98.63     0.0131     2.8966     2.5434  33.464638  3.6642246   48.70300  -45.58694    34.8154    34.8160     3.6310     3.6358    27.6772    27.6771    6.68979    6.66150         26 0.0000e+00
      53540   2230.780    314.000     3.6563   3.223514     3.6584   3.223738      89.51     0.0173     2.8976     2.5440  33.467667  3.6634035   48.70300  -45.58694    34.8156    34.8160     3.6348     3.6370    27.6770    27.6771    6.68474    6.66247         24 0.0000e+00
      53562   2231.718    313.000     3.6577   3.223649     3.6591   3.223762      38.08     0.0201     2.8977     2.5443  33.468346  3.6632931   48.70300  -45.58694    34.8163    34.8161     3.6363     3.6378    27.6773    27.6770    6.67920    6.66198         21 0.0000e+00
      53583   2232.574    312.000     3.6587   3.223697     3.6600   3.223780      97.98     0.0195     2.8977     2.5449  33.466270  3.6637545   48.70300  -45.58694    34.8164    34.8160     3.6374     3.6387    27.6773    27.6769    6.67981    6.66455         21 0.0000e+00
      53606   2233.532    311.000     3.6606   3.223823     3.6621   3.223922      98.63     0.0184     2.8980     2.5455  33.459332  3.6642010   48.70299  -45.58694    34.8163    34.8160     3.6394     3.6408    27.6771    27.6766    6.67717    6.66530         27 0.0000e+00
      53643   2235.074    310.000     3.6606   3.223778     3.6635   3.223972      94.34     0.0170     2.8975     2.5461  33.460827  3.6642246   48.70298  -45.58694    34.8163    34.8156     3.6395     3.6423    27.6770    27.6762    6.67199    6.66196         41 0.0000e+00
      53674   2236.390    309.000     3.6622   3.223839     3.6662   3.224151      98.75     0.0186     2.8972     2.5463  33.462402  3.6642246   48.70300  -45.58694    34.8159    34.8154     3.6411     3.6451    27.6766    27.6758    6.67186    6.65730         23 0.0000e+00
      53693   2237.163    308.000     3.6680   3.224300     3.6692   3.224377      98.59     0.0163     2.8974     2.5459  33.460587  3.6642246   48.70300  -45.58692    34.8157    34.8154     3.6470     3.6482    27.6758    27.6754    6.66903    6.65613         16 0.0000e+00
      53708   2237.785    307.000     3.6711   3.224524     3.6710   3.224478      98.54     0.0153     2.8969     2.5461  33.464233  3.6642246   48.70300  -45.58692    34.8157    34.8153     3.6501     3.6500    27.6755    27.6752    6.66186    6.66012         14 0.0000e+00
