data/CTD/2014/CNV/u017a055.cnv
* Sea-Bird SBE 9 Data File:
* FileName = C:\CTD_ACQUISITION\2014017HUD\ctddata\017A055.hdr
* Software Version Seasave V 7.22.2
* Temperature SN = 5081
* Conductivity SN = 3561
* Number of Bytes Per Scan = 37
* Number of Voltage Words = 4
* Number of Scans Averaged by the Deck Unit = 1
* NMEA Latitude = 43 29.83 N
* NMEA Longitude = 059 16.64 W
* NMEA UTC (Time) = Jul 13 2014 12:05:02
* NMEA baud rate = 9600
** Ship: Hudson
** Cruise: HUD2014017
** Chief_Scientist: Blair Greenan
** Organization: BIO
** Area_of_Operation: Sackville Spur
** Station: 055
** Sounding:  1445
** Event_Comments: LC2 , 0
# nquan = 25
# nvalues = 1675                        
# units = specified
# name 0 = scan: Scan Count
# name 1 = timeS: Time, Elapsed [seconds]
# name 2 = prDM: Pressure, Digiquartz [db]
# name 3 = t068C: Temperature [ITS-68, deg C]
# name 4 = c0S/m: Conductivity [S/m]
# name 5 = t168C: Temperature, 2 [ITS-68, deg C]
# name 6 = c1S/m: Conductivity, 2 [S/m]
# name 7 = altM: Altimeter [m]
# name 8 = flC: Fluorescence, Chelsea Aqua 3 Chl Con [ug/l]
# name 9 = sbeox0V: Oxygen raw, SBE 43 [V]
# name 10 = sbeox1V: Oxygen raw, SBE 43, 2 [V]
# name 11 = upoly0: Upoly 0, Optode 4330F - O2 D-Phase
# name 12 = upoly1: Upoly 1, Optode 4330F - O2 Temp
# name 13 = latitude: Latitude [deg]
# name 14 = longitude: Longitude [deg]
# name 15 = sal00: Salinity, Practical [PSU]
# name 16 = sal11: Salinity, Practical, 2 [PSU]
# name 17 = potemp068C: Potential Temperature [ITS-68, deg C]
# name 18 = potemp168C: Potential Temperature, 2 [ITS-68, deg C]
# name 19 = sigma-é00: Density [sigma-theta, Kg/m^3]
# name 20 = sigma-é11: Density, 2 [sigma-theta, Kg/m^3]
# name 21 = sbeox0ML/L: Oxygen, SBE 43 [ml/l], WS = 2
# name 22 = sbeox1ML/L: Oxygen, SBE 43, 2 [ml/l], WS = 2
# name 23 = nbin: number of scans per bin
# name 24 = flag: flag
# span 0 =      51322,      91387       
# span 1 =   2138.395,   3807.766       
# span 2 =      1.000,   1675.000       
# span 3 =     3.7532,    15.3984       
# span 4 =   3.301643,   4.035419       
# span 5 =     3.7513,    15.4055       
# span 6 =   3.301485,   4.036119       
# span 7 =       7.12,     100.37       
# span 8 =     0.0084,     0.3459       
# span 9 =     2.0933,     3.6119       
# span 10 =     1.8041,     3.1416      
# span 11 =  29.002604,  38.360729      
# span 12 =  3.7574327,  14.612697      
# span 13 =   43.49703,   43.49812      
# span 14 =  -59.28651,  -59.28359      
# span 15 =    32.3075,    35.1832      
# span 16 =    32.2884,    35.1967      
# span 17 =     3.6199,    15.3980      
# span 18 =     3.6181,    15.4051      
# span 19 =    23.8115,    27.7798      
# span 20 =    23.7950,    27.7801      
# span 21 =    3.86756,    8.07178      
# span 22 =    3.65480,    7.93864      
# span 23 =         15,         74      
# span 24 = 0.0000e+00, 0.0000e+00      
# interval = decibars: 1                
# start_time = Jul 13 2014 12:05:02 [NMEA time, header]
# bad_flag = -9.990e-29
*END*
[from data line 1276]
      81977   3415.662    399.000     6.0832   3.460003     6.0839   3.459898      97.30     0.0116     2.3202     2.0155  36.706341  6.0573425   43.49804  -59.28606    34.9755    34.9736     6.0481     6.0488    27.5274    27.5258    4.80709    4.64935         17 0.0000e+00
      81996   3416.474    398.000     6.0853   3.459987     6.0961   3.460948      98.60     0.0111     2.3190     2.0143  36.705551  6.0573869   43.49804  -59.28606    34.9737    34.9733     6.0502     6.0610    27.5257    27.5240    4.80342    4.64392         23 0.0000e+00
      82024   3417.635    397.000     6.0907   3.460397     6.1068   3.461893      98.63     0.0154     2.3174     2.0127  36.721455  6.0718956   43.49804  -59.28606    34.9732    34.9735     6.0557     6.0718    27.5246    27.5227    4.79498    4.63851         32 0.0000e+00
      82055   3418.916    396.000     6.0892   3.460252     6.1090   3.461977      98.63     0.0156     2.3155     2.0113  36.725460  6.0767779   43.49803  -59.28606    34.9736    34.9728     6.0543     6.0750    27.5251    27.5219    4.79358    4.64004         26 0.0000e+00
      82077   3419.831    395.000     6.1015   3.461264     6.1181   3.462904      98.63     0.0146     2.3152     2.0110  36.725273  6.0769300   43.49802  -59.28606    34.9729    34.9742     6.0666     6.0833    27.5230    27.5218    4.79819    4.63649         20 0.0000e+00
      82094   3420.556    394.000     6.1249   3.463371     6.1321   3.464163      98.63     0.0154     2.3149     2.0103  36.725273  6.0769229   43.49802  -59.28606    34.9730    34.9745     6.0901     6.0973    27.5200    27.5203    4.78783    4.62829         16 0.0000e+00
      82110   3421.226    393.000     6.1383   3.464651     6.1413   3.464932      98.63     0.0189     2.3139     2.0098  36.725273  6.0817809   43.49802  -59.28606    34.9741    34.9742     6.1036     6.1066    27.5191    27.5188    4.77565    4.61730         16 0.0000e+00
      82127   3421.925    392.000     6.1445   3.465179     6.1477   3.465477      98.63     0.0188     2.3125     2.0078  36.725273  6.0866013   43.49802  -59.28606    34.9742    34.9742     6.1098     6.1130    27.5184    27.5180    4.76519    4.60495         18 0.0000e+00
      82148   3422.790    391.000     6.1477   3.465432     6.1527   3.465875      37.18     0.0186     2.3102     2.0060  36.726463  6.0882764   43.49802  -59.28606    34.9742    34.9741     6.1131     6.1180    27.5180    27.5173    4.75197    4.60584         24 0.0000e+00
      82176   3423.963    390.000     6.1486   3.465485     6.1553   3.466005      98.86     0.0188     2.3067     2.0052  36.739975  6.1160998   43.49803  -59.28606    34.9744    34.9734     6.1141     6.1208    27.5180    27.5163    4.75172    4.61409         31 0.0000e+00
      82204   3425.133    389.000     6.1484   3.465410     6.1583   3.466158      65.36     0.0143     2.3057     2.0057  36.742287  6.1218953   43.49802  -59.28608    34.9743    34.9725     6.1140     6.1239    27.5179    27.5152    4.76650    4.62745         25 0.0000e+00
      82227   3426.075    388.000     6.1562   3.466023     6.1697   3.467280      90.85     0.0122     2.3060     2.0072  36.747555  6.1294203   43.49802  -59.28608    34.9737    34.9740     6.1218     6.1353    27.5165    27.5149    4.77390    4.64249         21 0.0000e+00
      82247   3426.910    387.000     6.1757   3.467840     6.1879   3.469003      98.57     0.0138     2.3075     2.0098  36.748402  6.1324224   43.49802  -59.28608    34.9746    34.9751     6.1413     6.1535    27.5146    27.5134    4.78504    4.65545         19 0.0000e+00
      82267   3427.731    386.000     6.1911   3.469273     6.1971   3.469777      98.63     0.0146     2.3094     2.0127  36.754593  6.1355391   43.49802  -59.28608    34.9753    34.9748     6.1569     6.1628    27.5132    27.5120    4.78867    4.65861         20 0.0000e+00
      82287   3428.591    385.000     6.1963   3.469692     6.1991   3.469868      98.63     0.0147     2.3112     2.0143  36.754578  6.1355309   43.49802  -59.28608    34.9752    34.9743     6.1621     6.1649    27.5124    27.5113    4.79282    4.63274         21 0.0000e+00
      82308   3429.467    384.000     6.1963   3.469539     6.1924   3.468857      98.63     0.0159     2.3131     2.0124  36.765854  6.1500978   43.49802  -59.28608    34.9739    34.9704     6.1622     6.1583    27.5114    27.5091    4.78340    4.60070         21 0.0000e+00
      82330   3430.359    383.000     6.1869   3.468317     6.1784   3.467031      98.63     0.0167     2.3123     2.0088  36.770588  6.1550951   43.49802  -59.28608    34.9704    34.9647     6.1530     6.1445    27.5098    27.5064    4.74980    4.57882         22 0.0000e+00
      82353   3431.344    382.000     6.1737   3.466513     6.1633   3.465161      98.63     0.0189     2.3078     2.0042  36.784866  6.1625071   43.49802  -59.28608    34.9642    34.9598     6.1399     6.1294    27.5066    27.5045    4.72551    4.56656         26 0.0000e+00
      82380   3432.473    381.000     6.1684   3.465943     6.1457   3.463094      98.63     0.0197     2.3030     1.9998  36.798466  6.1665592   43.49802  -59.28608    34.9637    34.9551     6.1347     6.1120    27.5069    27.5030    4.71527    4.55726         28 0.0000e+00
      82406   3433.560    380.000     6.1442   3.463312     6.1313   3.461337      63.61     0.0177     2.2988     1.9957  36.809551  6.1652369   43.49804  -59.28608    34.9596    34.9507     6.1106     6.0987    27.5068    27.5014    4.71284    4.55221         23 0.0000e+00
      82427   3434.419    379.000     6.1411   3.462340     6.1354   3.461363      98.80     0.0197     2.2961     1.9933  36.813194  6.1648340   43.49802  -59.28608    34.9524    34.9472     6.1076     6.1019    27.5014    27.4981    4.71134    4.55019         19 0.0000e+00
      82445   3435.162    378.000     6.1406   3.461709     6.1389   3.461265      98.63     0.0173     2.2943     1.9915  36.813187  6.1631217   43.49802  -59.28608    34.9463    34.9431     6.1072     6.1055    27.4967    27.4944    4.70648    4.54690         17 0.0000e+00
      82462   3435.883    377.000     6.1353   3.460788     6.1299   3.460003      98.63     0.0175     2.2922     1.9898  36.813187  6.1594739   43.49802  -59.28608    34.9419    34.9386     6.1020     6.0967    27.4939    27.4920    4.69889    4.54298         18 0.0000e+00
      82481   3436.668    376.000     6.1314   3.460251     6.1245   3.459287      98.63     0.0174     2.2899     1.9883  36.813187  6.1589851   43.49803  -59.28608    34.9404    34.9366     6.0982     6.0913    27.4932    27.4911    4.68894    4.53905         20 0.0000e+00
      82504   3437.628    375.000     6.1279   3.459763     6.1200   3.458704      98.63     0.0159     2.2867     1.9862  36.813187  6.1555076   43.49804  -59.28608    34.9390    34.9352     6.0948     6.0870    27.4925    27.4905    4.69179    4.53685         26 0.0000e+00
      82532   3438.798    374.000     6.1247   3.459326     6.1179   3.458425      98.63     0.0170     2.2850     1.9846  36.816742  6.1543875   43.49804  -59.28609    34.9378    34.9347     6.0918     6.0849    27.4920    27.4904    4.68999    4.53233         29 0.0000e+00
      82558   3439.882    373.000     6.1224   3.458992     6.1171   3.458242      98.63     0.0214     2.2826     1.9831  36.840099  6.1452379   43.49803  -59.28610    34.9370    34.9340     6.0895     6.0842    27.4916    27.4899    4.68382    4.53625         23 0.0000e+00
      82579   3440.768    372.000     6.1222   3.458773     6.1200   3.458479      79.52     0.0197     2.2819     1.9829  36.839561  6.1467586   43.49802  -59.28610    34.9352    34.9340     6.0894     6.0883    27.4902    27.4896    4.68439    4.53333         20 0.0000e+00
      82599   3441.563    371.000     6.1267   3.459082     6.1266   3.459040      32.76     0.0167     2.2801     1.9819  36.856327  6.1452990   43.49802  -59.28610    34.9345    34.9342     6.0940     6.0939    27.4891    27.4888    4.67540    4.51758         18 0.0000e+00
      82618   3442.377    370.000     6.1287   3.459203     6.1297   3.459247      98.77     0.0184     2.2792     1.9796  36.857143  6.1457653   43.49802  -59.28610    34.9344    34.9338     6.0961     6.0971    27.4887    27.4881    4.66507    4.49730         21 0.0000e+00
      82640   3443.302    369.000     6.1303   3.459278     6.1311   3.459278      98.63     0.0167     2.2757     1.9760  36.874050  6.1453042   43.49802  -59.28610    34.9341    34.9333     6.0978     6.0986    27.4883    27.4875    4.64984    4.48357         24 0.0000e+00
      82665   3444.340    368.000     6.1310   3.459270     6.1315   3.459255      89.31     0.0148     2.2730     1.9725  36.886532  6.1452990   43.49802  -59.28610    34.9338    34.9331     6.0986     6.0990    27.4879    27.4874    4.65071    4.48261         25 0.0000e+00
      82688   3445.303    367.000     6.1315   3.459249     6.1321   3.459252      98.75     0.0145     2.2714     1.9710  36.903389  6.1500044   43.49802  -59.28610    34.9335    34.9329     6.0992     6.0998    27.4876    27.4871    4.65661    4.49157         21 0.0000e+00
      82708   3446.141    366.000     6.1340   3.459390     6.1353   3.459495      98.63     0.0153     2.2712     1.9706  36.916000  6.1530709   43.49802  -59.28610    34.9330    34.9329     6.1017     6.1031    27.4869    27.4866    4.65259    4.48731         19 0.0000e+00
      82727   3446.917    365.000     6.1433   3.460202     6.1494   3.460813      98.63     0.0144     2.2695     1.9693  36.915752  6.1514678   43.49803  -59.28610    34.9331    34.9338     6.1111     6.1172    27.4858    27.4855    4.63596    4.46905         19 0.0000e+00
      82746   3447.703    364.000     6.1613   3.461848     6.1721   3.462954      98.63     0.0119     2.2672     1.9667  36.925705  6.1550407   43.49804  -59.28610    34.9337    34.9349     6.1291     6.1400    27.4839    27.4835    4.61702    4.45417         19 0.0000e+00
      82767   3448.595    363.000     6.1704   3.462599     6.1846   3.464086      98.63     0.0120     2.2635     1.9640  36.925522  6.1550670   43.49804  -59.28610    34.9332    34.9354     6.1383     6.1525    27.4823    27.4822    4.59962    4.43400         24 0.0000e+00
      82794   3449.714    362.000     6.1739   3.463035     6.1957   3.465118      98.63     0.0132     2.2586     1.9586  36.956326  6.1594682   43.49804  -59.28610    34.9350    34.9361     6.1419     6.1636    27.4833    27.4813    4.58637    4.41904         29 0.0000e+00
      82823   3450.906    361.000     6.1959   3.464855     6.2068   3.466253      98.63     0.0172     2.2538     1.9559  36.967037  6.1638627   43.49804  -59.28610    34.9334    34.9379     6.1639     6.1748    27.4792    27.4813    4.58177    4.43217         27 0.0000e+00
      82846   3451.870    360.000     6.2151   3.466716     6.2322   3.468758      72.12     0.0212     2.2523     1.9552  36.994587  6.1747804   43.49804  -59.28610    34.9352    34.9405     6.1831     6.2002    27.4780    27.4800    4.59083    4.42784         20 0.0000e+00
      82865   3452.665    359.000     6.2581   3.471120     6.2656   3.472082      79.87     0.0176     2.2515     1.9543  36.993053  6.1746030   43.49803  -59.28610    34.9409    34.9440     6.2261     6.2336    27.4770    27.4784    4.57058    4.40850         18 0.0000e+00
      82883   3453.406    358.000     6.2865   3.473976     6.2922   3.474671      98.37     0.0183     2.2485     1.9517  37.009602  6.1817017   43.49802  -59.28610    34.9443    34.9462     6.2545     6.2603    27.4760    27.4767    4.54611    4.38712         19 0.0000e+00
      82902   3454.228    357.000     6.3020   3.475531     6.3120   3.476645      98.63     0.0207     2.2446     1.9489  37.016048  6.1843023   43.49804  -59.28610    34.9464    34.9485     6.2700     6.2801    27.4755    27.4759    4.52937    4.37281         21 0.0000e+00
      82929   3455.350    356.000     6.3042   3.475784     6.3255   3.477961      98.63     0.0176     2.2395     1.9451  37.026508  6.2086453   43.49804  -59.28610    34.9474    34.9499     6.2724     6.2936    27.4760    27.4752    4.51393    4.36614         34 0.0000e+00
      82964   3456.799    355.000     6.3100   3.476269     6.3320   3.478524      98.63     0.0152     2.2335     1.9407  37.039551  6.2285113   43.49804  -59.28610    34.9473    34.9501     6.2783     6.3002    27.4752    27.4745    4.51238    4.35214         31 0.0000e+00
      82989   3457.826    354.000     6.3301   3.478214     6.3461   3.479986      98.63     0.0204     2.2310     1.9378  37.077415  6.2580185   43.49804  -59.28610    34.9492    34.9525     6.2983     6.3154    27.4740    27.4746    4.51409    4.34846         20 0.0000e+00
      83007   3458.572    353.000     6.4009   3.485121     6.4036   3.485856      98.63     0.0190     2.2306     1.9368  37.076923  6.2563949   43.49804  -59.28610    34.9543    34.9598     6.3691     6.3717    27.4687    27.4727    4.50363    4.34434         16 0.0000e+00
      83022   3459.219    352.000     6.4360   3.488712     6.4403   3.489225      98.63     0.0183     2.2284     1.9361  37.089836  6.2612939   43.49804  -59.28610    34.9589    34.9603     6.4042     6.4084    27.4678    27.4683    4.49525    4.34308         15 0.0000e+00
      83038   3459.870    351.000     6.4431   3.489433     6.4458   3.489668      17.78     0.0196     2.2283     1.9359  37.105259  6.2722068   43.49804  -59.28610    34.9602    34.9601     6.4114     6.4140    27.4678    27.4674    4.50135    4.34598         17 0.0000e+00
      83057   3460.656    350.000     6.4451   3.489589     6.4454   3.489499      84.87     0.0190     2.2277     1.9360  37.106194  6.2756982   43.49804  -59.28610    34.9605    34.9592     6.4134     6.4137    27.4678    27.4667    4.49914    4.34759         22 0.0000e+00
      83087   3461.896    349.000     6.4445   3.489449     6.4390   3.488729      98.44     0.0184     2.2271     1.9363  37.139702  6.3348818   43.49804  -59.28610    34.9600    34.9577     6.4129     6.4075    27.4674    27.4664    4.50105    4.34665         37 0.0000e+00
      83122   3463.356    348.000     6.4352   3.488401     6.4345   3.488206      87.73     0.0162     2.2272     1.9360  37.179737  6.3609877   43.49804  -59.28610    34.9583    34.9569     6.4038     6.4030    27.4673    27.4663    4.50739    4.34415         28 0.0000e+00
      83144   3464.295    347.000     6.4314   3.487837     6.4286   3.487346      98.88     0.0154     2.2276     1.9358  37.209538  6.3762121   43.49804  -59.28610    34.9564    34.9538     6.4001     6.3972    27.4663    27.4647    4.50581    4.34453         20 0.0000e+00
      83162   3465.026    346.000     6.4230   3.486531     6.4217   3.486256      98.63     0.0156     2.2275     1.9357  37.215240  6.3785276   43.49804  -59.28610    34.9510    34.9492     6.3918     6.3905    27.4631    27.4619    4.50230    4.33748         16 0.0000e+00
      83178   3465.715    345.000     6.4205   3.485987     6.4201   3.485847      98.63     0.0171     2.2271     1.9347  37.253101  6.3797426   43.49804  -59.28610    34.9479    34.9468     6.3894     6.3889    27.4610    27.4602    4.49306    4.32674         17 0.0000e+00
      83197   3466.497    344.000     6.4198   3.485767     6.4189   3.485547      98.63     0.0178     2.2256     1.9330  37.252747  6.3818865   43.49804  -59.28610    34.9467    34.9452     6.3888     6.3879    27.4601    27.4591    4.48019    4.31653         22 0.0000e+00
      83226   3467.727    343.000     6.4195   3.485656     6.4213   3.485710      98.63     0.0203     2.2226     1.9292  37.299259  6.3879948   43.49804  -59.28612    34.9462    34.9450     6.3886     6.3904    27.4598    27.4586    4.46836    4.28910         38 0.0000e+00
