data/CTD/2014/CNV/u017a044.cnv
* Sea-Bird SBE 9 Data File:
* FileName = C:\CTD_ACQUISITION\2014017HUD\ctddata\017A044.hdr
* Software Version Seasave V 7.22.2
* Temperature SN = 5081
* Conductivity SN = 3561
* Number of Bytes Per Scan = 37
* Number of Voltage Words = 4
* Number of Scans Averaged by the Deck Unit = 1
* NMEA Latitude = 48 02.26 N
* NMEA Longitude = 046 14.07 W
* NMEA UTC (Time) = Jul 10 2014 19:45:27
* NMEA baud rate = 9600
** Ship: Hudson
** Cruise: HUD2014017
** Chief_Scientist: Blair Greenan
** Organization: BIO
** Area_of_Operation: Sackville Spur
** Station: 044
** Sounding:  1144
** Event_Comments: SS-16 403256
# nquan = 25
# nvalues = 1168                        
# units = specified
# name 0 = scan: Scan Count
# name 1 = timeS: Time, Elapsed [seconds]
# name 2 = prDM: Pressure, Digiquartz [db]
# name 3 = t068C: Temperature [ITS-68, deg C]
# name 4 = c0S/m: Conductivity [S/m]
# name 5 = t168C: Temperature, 2 [ITS-68, deg C]
# name 6 = c1S/m: Conductivity, 2 [S/m]
# name 7 = altM: Altimeter [m]
# name 8 = flC: Fluorescence, Chelsea Aqua 3 Chl Con [ug/l]
# name 9 = sbeox0V: Oxygen raw, SBE 43 [V]
# name 10 = sbeox1V: Oxygen raw, SBE 43, 2 [V]
# name 11 = upoly0: Upoly 0, Optode 4330F - O2 D-Phase
# name 12 = upoly1: Upoly 1, Optode 4330F - O2 Temp
# name 13 = latitude: Latitude [deg]
# name 14 = longitude: Longitude [deg]
# name 15 = sal00: Salinity, Practical [PSU]
# name 16 = sal11: Salinity, Practical, 2 [PSU]
# name 17 = potemp068C: Potential Temperature [ITS-68, deg C]
# name 18 = potemp168C: Potential Temperature, 2 [ITS-68, deg C]
# name 19 = sigma-é00: Density [sigma-theta, Kg/m^3]
# name 20 = sigma-é11: Density, 2 [sigma-theta, Kg/m^3]
# name 21 = sbeox0ML/L: Oxygen, SBE 43 [ml/l], WS = 2
# name 22 = sbeox1ML/L: Oxygen, SBE 43, 2 [ml/l], WS = 2
# name 23 = nbin: number of scans per bin
# name 24 = flag: flag
# span 0 =      38831,      70859       
# span 1 =   1617.912,   2952.414       
# span 2 =      1.000,   1168.000       
# span 3 =     1.7087,     8.4248       
# span 4 =   2.987187,   3.514744       
# span 5 =     1.6979,     8.4250       
# span 6 =   2.986047,   3.516919       
# span 7 =       3.59,     102.45       
# span 8 =     0.0080,     0.4386       
# span 9 =     2.5297,     3.5449       
# span 10 =     2.2314,     3.1117      
# span 11 =  30.029680,  34.576759      
# span 12 =  1.9017378,  8.4302807      
# span 13 =   48.03872,   48.03980      
# span 14 =  -46.23536,  -46.23336      
# span 15 =    33.0376,    34.9078      
# span 16 =    33.0374,    34.9073      
# span 17 =     1.7061,     8.4247      
# span 18 =     1.6953,     8.4249      
# span 19 =    25.6703,    27.7520      
# span 20 =    25.6701,    27.7516      
# span 21 =    6.30141,    8.01103      
# span 22 =    6.08641,    8.07450      
# span 23 =         14,         92      
# span 24 = 0.0000e+00, 0.0000e+00      
# interval = decibars: 1                
# start_time = Jul 10 2014 19:45:27 [NMEA time, header]
# bad_flag = -9.990e-29
*END*
[from data line 638]
      54350   2264.536    530.000     3.5805   3.227502     3.5768   3.227002      98.49     0.0167     2.8430     2.4984  33.555588  3.6223876   48.03874  -46.23420    34.8280    34.8258     3.5437     3.5400    27.6959    27.6945    6.73736    6.70554         21 0.0000e+00
      54371   2265.401    529.000     3.5760   3.226965     3.5746   3.226728      98.63     0.0180     2.8443     2.4984  33.541855  3.6155114   48.03874  -46.23420    34.8265    34.8255     3.5394     3.5379    27.6951    27.6945    6.73950    6.69679         21 0.0000e+00
      54393   2266.319    528.000     3.5758   3.226854     3.5781   3.227032      98.63     0.0182     2.8444     2.4972  33.546978  3.6137118   48.03874  -46.23420    34.8262    34.8260     3.5392     3.5415    27.6949    27.6945    6.72711    6.68952         23 0.0000e+00
      54418   2267.356    527.000     3.5765   3.226879     3.5826   3.227461      98.63     0.0150     2.8437     2.4969  33.560467  3.6056001   48.03874  -46.23422    34.8264    34.8268     3.5399     3.5460    27.6950    27.6947    6.72003    6.70365         26 0.0000e+00
      54445   2268.492    526.000     3.5802   3.227219     3.5889   3.228046      92.51     0.0117     2.8438     2.4979  33.550915  3.6052637   48.03874  -46.23422    34.8270    34.8277     3.5437     3.5524    27.6951    27.6948    6.72834    6.70980         28 0.0000e+00
      54473   2269.667    525.000     3.5811   3.227287     3.5964   3.228752      66.26     0.0173     2.8440     2.4984  33.529610  3.6039319   48.03874  -46.23422    34.8274    34.8287     3.5447     3.5600    27.6953    27.6948    6.72708    6.70135         29 0.0000e+00
      54501   2270.822    524.000     3.5874   3.227751     3.6024   3.229345      98.89     0.0179     2.8444     2.4978  33.522060  3.6052511   48.03874  -46.23422    34.8268    34.8299     3.5510     3.5660    27.6942    27.6952    6.72851    6.68413         26 0.0000e+00
      54525   2271.827    523.000     3.6000   3.229110     3.6083   3.229870      98.63     0.0194     2.8450     2.4966  33.516399  3.6056221   48.03874  -46.23422    34.8302    34.8305     3.5636     3.5719    27.6957    27.6951    6.72502    6.69040         22 0.0000e+00
      54546   2272.695    522.000     3.5975   3.228835     3.5973   3.228584      98.63     0.0225     2.8452     2.4977  33.517960  3.6066012   48.03874  -46.23422    34.8301    34.8273     3.5612     3.5610    27.6958    27.6936    6.72457    6.70956         20 0.0000e+00
      54565   2273.516    521.000     3.5835   3.227343     3.5775   3.226615      98.63     0.0204     2.8453     2.4988  33.525227  3.6065934   48.03874  -46.23422    34.8275    34.8253     3.5475     3.5415    27.6952    27.6939    6.72970    6.70475         20 0.0000e+00
      54586   2274.358    520.000     3.5813   3.227010     3.5821   3.227061      98.63     0.0184     2.8460     2.4984  33.527599  3.6079147   48.03874  -46.23422    34.8265    34.8263     3.5453     3.5461    27.6946    27.6943    6.73307    6.69558         21 0.0000e+00
      54607   2275.258    519.000     3.5848   3.227314     3.5911   3.227895      57.38     0.0198     2.8467     2.4987  33.526489  3.6152806   48.03874  -46.23422    34.8270    34.8272     3.5489     3.5551    27.6946    27.6941    6.73555    6.70536         22 0.0000e+00
      54631   2276.236    518.000     3.5893   3.227674     3.5880   3.227500      90.99     0.0200     2.8477     2.4998  33.529324  3.6149747   48.03874  -46.23422    34.8271    34.8263     3.5534     3.5521    27.6942    27.6937    6.74105    6.70460         24 0.0000e+00
      54656   2277.289    517.000     3.5884   3.227578     3.5772   3.226373      98.61     0.0203     2.8486     2.4998  33.517063  3.6056435   48.03874  -46.23424    34.8274    34.8249     3.5526     3.5414    27.6945    27.6936    6.73087    6.69935         27 0.0000e+00
      54683   2278.400    516.000     3.5837   3.226984     3.5710   3.225704      98.63     0.0175     2.8484     2.5002  33.516491  3.6056166   48.03874  -46.23424    34.8258    34.8240     3.5479     3.5353    27.6937    27.6936    6.73111    6.70475         27 0.0000e+00
      54711   2279.570    515.000     3.5757   3.226210     3.5689   3.225443      98.63     0.0206     2.8490     2.5008  33.516483  3.6042852   48.03874  -46.23424    34.8256    34.8236     3.5401     3.5333    27.6944    27.6934    6.72874    6.70444         29 0.0000e+00
      54738   2280.721    514.000     3.5723   3.225842     3.5698   3.225498      98.63     0.0177     2.8483     2.5008  33.516483  3.5997028   48.03874  -46.23424    34.8253    34.8239     3.5368     3.5343    27.6945    27.6936    6.72844    6.70397         25 0.0000e+00
      54761   2281.663    513.000     3.5746   3.225939     3.5749   3.225970      41.36     0.0146     2.8487     2.5012  33.516483  3.5957763   48.03874  -46.23424    34.8246    34.8247     3.5391     3.5394    27.6936    27.6937    6.72724    6.70323         20 0.0000e+00
      54780   2282.462    512.000     3.5783   3.226286     3.5793   3.226359      98.69     0.0142     2.8482     2.5011  33.516483  3.5958486   48.03874  -46.23424    34.8253    34.8251     3.5429     3.5439    27.6938    27.6936    6.72426    6.70324         19 0.0000e+00
      54799   2283.235    511.000     3.5811   3.226521     3.5815   3.226528      98.63     0.0126     2.8484     2.5016  33.516483  3.5958486   48.03874  -46.23424    34.8257    34.8253     3.5457     3.5462    27.6939    27.6935    6.72182    6.70852         19 0.0000e+00
      54819   2284.101    510.000     3.5819   3.226561     3.5837   3.226701      98.63     0.0134     2.8479     2.5024  33.516483  3.5958486   48.03874  -46.23424    34.8259    34.8256     3.5466     3.5484    27.6940    27.6935    6.72027    6.70697         23 0.0000e+00
      54846   2285.206    509.000     3.5826   3.226598     3.5865   3.226922      98.63     0.0152     2.8482     2.5024  33.502613  3.5955298   48.03874  -46.23424    34.8261    34.8259     3.5474     3.5512    27.6940    27.6934    6.72641    6.69900         30 0.0000e+00
      54877   2286.484    508.000     3.5850   3.226785     3.5885   3.227099      98.63     0.0147     2.8485     2.5020  33.506981  3.5924160   48.03874  -46.23425    34.8263    34.8263     3.5499     3.5534    27.6939    27.6936    6.72300    6.69141         29 0.0000e+00
      54903   2287.602    507.000     3.5880   3.226996     3.5889   3.227051      61.75     0.0153     2.8488     2.5012  33.516830  3.5951266   48.03874  -46.23426    34.8262    34.8259     3.5529     3.5538    27.6935    27.6932    6.71947    6.69224         24 0.0000e+00
      54925   2288.502    506.000     3.5882   3.226959     3.5873   3.226822      83.35     0.0147     2.8484     2.5015  33.514980  3.5958688   48.03874  -46.23426    34.8261    34.8254     3.5532     3.5522    27.6934    27.6930    6.71453    6.69664         20 0.0000e+00
      54944   2289.290    505.000     3.5877   3.226863     3.5874   3.226782      98.60     0.0171     2.8480     2.5015  33.508781  3.5958486   48.03874  -46.23426    34.8259    34.8253     3.5528     3.5525    27.6934    27.6929    6.71243    6.69717         19 0.0000e+00
      54963   2290.083    504.000     3.5889   3.226925     3.5906   3.227061      98.63     0.0165     2.8477     2.5021  33.506290  3.5958486   48.03874  -46.23426    34.8260    34.8258     3.5540     3.5557    27.6933    27.6930    6.70934    6.69832         20 0.0000e+00
      54987   2291.087    503.000     3.5900   3.226998     3.5932   3.227259      98.63     0.0176     2.8473     2.5023  33.514061  3.5958486   48.03874  -46.23426    34.8263    34.8259     3.5552     3.5584    27.6934    27.6928    6.71033    6.69043         30 0.0000e+00
      55028   2292.801    502.000     3.5912   3.227073     3.5922   3.227099      98.63     0.0179     2.8464     2.4993  33.508499  3.5958486   48.03874  -46.23426    34.8264    34.8256     3.5564     3.5574    27.6933    27.6927    6.69982    6.65079         43 0.0000e+00
      55059   2294.069    501.000     3.5912   3.227000     3.5917   3.226995      43.17     0.0190     2.8451     2.4962  33.501575  3.5958486   48.03874  -46.23426    34.8261    34.8255     3.5565     3.5570    27.6931    27.6926    6.69854    6.66102         22 0.0000e+00
      55077   2294.829    500.000     3.5915   3.226963     3.5910   3.226880      99.82     0.0179     2.8452     2.4962  33.506504  3.5958486   48.03874  -46.23426    34.8258    34.8254     3.5569     3.5564    27.6928    27.6926    6.71032    6.66757         16 0.0000e+00
      55092   2295.475    499.000     3.5919   3.226947     3.5911   3.226846      98.63     0.0178     2.8456     2.4959  33.506721  3.5958486   48.03874  -46.23426    34.8258    34.8254     3.5573     3.5566    27.6928    27.6925    6.70995    6.66022         15 0.0000e+00
      55107   2296.088    498.000     3.5934   3.227071     3.5952   3.227262      98.63     0.0175     2.8461     2.4953  33.505730  3.5951924   48.03874  -46.23428    34.8263    34.8265     3.5590     3.5607    27.6930    27.6930    6.70545    6.64948         15 0.0000e+00
      55124   2296.795    497.000     3.6005   3.227727     3.6171   3.229468      98.63     0.0156     2.8460     2.4941  33.502640  3.5953562   48.03874  -46.23428    34.8269    34.8302     3.5661     3.5826    27.6928    27.6938    6.68667    6.64108         20 0.0000e+00
      55151   2297.928    496.000     3.6027   3.227882     3.6318   3.230804      98.63     0.0149     2.8434     2.4931  33.501877  3.5960672   48.03874  -46.23428    34.8270    34.8310     3.5684     3.5974    27.6927    27.6930    6.67520    6.65179         37 0.0000e+00
      55189   2299.479    495.000     3.6096   3.228481     3.6211   3.229691      90.44     0.0157     2.8413     2.4937  33.499947  3.6036944   48.03874  -46.23428    34.8274    34.8297     3.5753     3.5888    27.6923    27.6930    6.67376    6.65848         32 0.0000e+00
      55216   2300.610    494.000     3.6104   3.228534     3.6195   3.229569      56.75     0.0152     2.8405     2.4937  33.505135  3.6008852   48.03874  -46.23428    34.8277    34.8304     3.5762     3.5852    27.6924    27.6936    6.67322    6.65236         23 0.0000e+00
      55237   2301.482    493.000     3.6327   3.230654     3.6433   3.231799      99.76     0.0176     2.8397     2.4938  33.516796  3.5962372   48.03874  -46.23428    34.8299    34.8323     3.5984     3.6090    27.6920    27.6929    6.66940    6.64869         19 0.0000e+00
      55255   2302.242    492.000     3.6455   3.231953     3.6463   3.232059      98.63     0.0169     2.8397     2.4937  33.516483  3.5958397   48.03874  -46.23428    34.8324    34.8327     3.6112     3.6121    27.6927    27.6929    6.67526    6.64475         18 0.0000e+00
      55273   2303.012    491.000     3.6456   3.231966     3.6460   3.231964      98.63     0.0174     2.8401     2.4937  33.504162  3.6040618   48.03874  -46.23428    34.8329    34.8325     3.6114     3.6133    27.6931    27.6927    6.67718    6.64233         20 0.0000e+00
      55296   2303.952    490.000     3.6456   3.231928     3.6432   3.231618      98.63     0.0172     2.8406     2.4936  33.502987  3.6037500   48.03874  -46.23429    34.8330    34.8318     3.6115     3.6092    27.6932    27.6924    6.67435    6.64904         26 0.0000e+00
      55325   2305.182    489.000     3.6450   3.231818     3.6415   3.231402      98.63     0.0177     2.8405     2.4949  33.509953  3.6235104   48.03874  -46.23430    34.8329    34.8316     3.6110     3.6075    27.6931    27.6924    6.67509    6.65623         31 0.0000e+00
      55353   2306.337    488.000     3.6429   3.231557     3.6401   3.231200      43.66     0.0198     2.8413     2.4956  33.514153  3.6279004   48.03874  -46.23430    34.8325    34.8312     3.6090     3.6062    27.6930    27.6922    6.67997    6.64795         25 0.0000e+00
      55377   2307.320    487.000     3.6400   3.231208     3.6384   3.230968      98.40     0.0193     2.8416     2.4951  33.516502  3.6349728   48.03874  -46.23430    34.8319    34.8308     3.6062     3.6045    27.6928    27.6921    6.67543    6.63793         22 0.0000e+00
      55399   2308.237    486.000     3.6381   3.230957     3.6363   3.230693      98.64     0.0200     2.8418     2.4942  33.516483  3.6349206   48.03874  -46.23430    34.8314    34.8303     3.6044     3.6025    27.6926    27.6919    6.68078    6.63488         22 0.0000e+00
      55421   2309.147    485.000     3.6366   3.230728     3.6355   3.230551      95.73     0.0232     2.8426     2.4940  33.516483  3.6349206   48.03874  -46.23430    34.8309    34.8300     3.6029     3.6018    27.6924    27.6917    6.68052    6.65022         22 0.0000e+00
      55444   2310.105    484.000     3.6358   3.230592     3.6350   3.230447      96.80     0.0229     2.8427     2.4956  33.517704  3.6349206   48.03874  -46.23430    34.8307    34.8297     3.6022     3.6014    27.6922    27.6915    6.67783    6.66065         24 0.0000e+00
      55468   2311.136    483.000     3.6355   3.230505     3.6358   3.230460      98.62     0.0173     2.8433     2.4966  33.524311  3.6349206   48.03874  -46.23430    34.8305    34.8296     3.6019     3.6023    27.6921    27.6914    6.68156    6.65921         26 0.0000e+00
      55495   2312.232    482.000     3.6359   3.230464     3.6369   3.230465      98.63     0.0139     2.8438     2.4973  33.528893  3.6349206   48.03874  -46.23432    34.8301    34.8291     3.6024     3.6034    27.6918    27.6908    6.68034    6.65565         26 0.0000e+00
      55519   2313.256    481.000     3.6366   3.230449     3.6368   3.230364      98.63     0.0141     2.8441     2.4979  33.540764  3.6349206   48.03874  -46.23432    34.8297    34.8285     3.6032     3.6034    27.6914    27.6904    6.68521    6.65692         23 0.0000e+00
      55542   2314.190    480.000     3.6366   3.230373     3.6360   3.230191      98.63     0.0150     2.8450     2.4982  33.544468  3.6349206   48.03876  -46.23432    34.8293    34.8278     3.6033     3.6027    27.6910    27.6899    6.68269    6.65236         22 0.0000e+00
      55563   2315.077    479.000     3.6361   3.230225     3.6352   3.230050      98.63     0.0176     2.8452     2.4980  33.534691  3.6349206   48.03876  -46.23432    34.8286    34.8274     3.6029     3.6020    27.6905    27.6897    6.68038    6.65036         21 0.0000e+00
      55584   2315.939    478.000     3.6354   3.230081     3.6347   3.229941      98.63     0.0180     2.8451     2.4984  33.535988  3.6349206   48.03876  -46.23432    34.8282    34.8273     3.6022     3.6015    27.6903    27.6896    6.68084    6.65665         21 0.0000e+00
      55605   2316.844    477.000     3.6350   3.229988     3.6344   3.229865      82.95     0.0187     2.8461     2.4989  33.537457  3.6349206   48.03876  -46.23432    34.8281    34.8272     3.6019     3.6037    27.6902    27.6896    6.68357    6.65751         23 0.0000e+00
      55631   2317.920    476.000     3.6347   3.229905     3.6340   3.229782      87.53     0.0170     2.8460     2.4996  33.543549  3.6349206   48.03876  -46.23432    34.8279    34.8271     3.6017     3.6011    27.6901    27.6895    6.68325    6.66065         29 0.0000e+00
      55664   2319.272    475.000     3.6344   3.229833     3.6336   3.229691      98.82     0.0166     2.8473     2.5002  33.527309  3.6349206   48.03876  -46.23432    34.8278    34.8270     3.6015     3.6007    27.6900    27.6894    6.69062    6.65643         33 0.0000e+00
      55692   2320.464    474.000     3.6340   3.229734     3.6329   3.229561      98.63     0.0110     2.8480     2.5004  33.530563  3.6349206   48.03876  -46.23432    34.8277    34.8268     3.6011     3.6000    27.6899    27.6893    6.68874    6.65998         25 0.0000e+00
