data/CTD/2014/CNV/u017a048.cnv
* Sea-Bird SBE 9 Data File:
* FileName = C:\CTD_ACQUISITION\2014017HUD\ctddata\017A048.hdr
* Software Version Seasave V 7.22.2
* Temperature SN = 5081
* Conductivity SN = 3561
* Number of Bytes Per Scan = 37
* Number of Voltage Words = 4
* Number of Scans Averaged by the Deck Unit = 1
* NMEA Latitude = 47 04.69 N
* NMEA Longitude = 047 16.88 W
* NMEA UTC (Time) = Jul 11 2014 07:27:43
* NMEA baud rate = 9600
** Ship: Hudson
** Cruise: HUD2014017
** Chief_Scientist: Blair Greenan
** Organization: BIO
** Area_of_Operation: Sackville Spur
** Station: 048
** Sounding:  405
** Event_Comments: CTD_1842, 403278
** CTD cast ~1 Nm south of Mooring_1842
# nquan = 25
# nvalues = 415                         
# units = specified
# name 0 = scan: Scan Count
# name 1 = timeS: Time, Elapsed [seconds]
# name 2 = prDM: Pressure, Digiquartz [db]
# name 3 = t068C: Temperature [ITS-68, deg C]
# name 4 = c0S/m: Conductivity [S/m]
# name 5 = t168C: Temperature, 2 [ITS-68, deg C]
# name 6 = c1S/m: Conductivity, 2 [S/m]
# name 7 = altM: Altimeter [m]
# name 8 = flC: Fluorescence, Chelsea Aqua 3 Chl Con [ug/l]
# name 9 = sbeox0V: Oxygen raw, SBE 43 [V]
# name 10 = sbeox1V: Oxygen raw, SBE 43, 2 [V]
# name 11 = upoly0: Upoly 0, Optode 4330F - O2 D-Phase
# name 12 = upoly1: Upoly 1, Optode 4330F - O2 Temp
# name 13 = latitude: Latitude [deg]
# name 14 = longitude: Longitude [deg]
# name 15 = sal00: Salinity, Practical [PSU]
# name 16 = sal11: Salinity, Practical, 2 [PSU]
# name 17 = potemp068C: Potential Temperature [ITS-68, deg C]
# name 18 = potemp168C: Potential Temperature, 2 [ITS-68, deg C]
# name 19 = sigma-é00: Density [sigma-theta, Kg/m^3]
# name 20 = sigma-é11: Density, 2 [sigma-theta, Kg/m^3]
# name 21 = sbeox0ML/L: Oxygen, SBE 43 [ml/l], WS = 2
# name 22 = sbeox1ML/L: Oxygen, SBE 43, 2 [ml/l], WS = 2
# name 23 = nbin: number of scans per bin
# name 24 = flag: flag
# span 0 =      20409,      33040       
# span 1 =    850.338,   1376.629       
# span 2 =      1.000,    415.000       
# span 3 =    -1.6665,     8.1450       
# span 4 =   2.626218,   3.419972       
# span 5 =    -1.6656,     8.1442       
# span 6 =   2.626245,   3.419965       
# span 7 =       2.57,      99.98       
# span 8 =     0.0116,     0.2747       
# span 9 =     2.7848,     3.6995       
# span 10 =     2.4537,     3.2754      
# span 11 =  30.502335,  34.630116      
# span 12 = -1.7722763,  8.1246271      
# span 13 =   47.07712,   47.07769      
# span 14 =  -47.28051,  -47.27989      
# span 15 =    32.7107,    34.6429      
# span 16 =    32.7107,    34.6427      
# span 17 =    -1.6674,     8.1447      
# span 18 =    -1.6665,     8.1440      
# span 19 =    25.4555,    27.5809      
# span 20 =    25.4556,    27.5808      
# span 21 =    6.51660,   10.46248      
# span 22 =    6.27909,   10.82256      
# span 23 =         16,         68      
# span 24 = 0.0000e+00, 0.0000e+00      
# interval = decibars: 1                
# start_time = Jul 11 2014 07:27:43 [NMEA time, header]
# bad_flag = -9.990e-29
*END*
[from data line 116]
      23207    966.900    299.000     2.6012   3.101269     2.5918   3.100345      98.63     0.0216     2.7995     2.4652  34.269714  1.9855918   47.07760  -47.28034    34.4683    34.4670     2.5835     2.5742    27.4977    27.4974    6.60444    6.59266         22 0.0000e+00
      23228    967.772    298.000     2.5928   3.100459     2.5883   3.099923      98.63     0.0218     2.8000     2.4660  34.272533  2.0252080   47.07760  -47.28034    34.4679    34.4662     2.5752     2.5707    27.4981    27.4970    6.60471    6.60807         20 0.0000e+00
      23248    968.637    297.000     2.5897   3.100050     2.5867   3.099726      98.63     0.0185     2.8016     2.4677  34.273716  1.9630014   47.07760  -47.28034    34.4668    34.4660     2.5722     2.5692    27.4974    27.4971    6.61442    6.63087         22 0.0000e+00
      23271    969.598    296.000     2.5875   3.099811     2.5866   3.099679      98.63     0.0205     2.8031     2.4712  34.275982  2.0055716   47.07760  -47.28034    34.4667    34.4661     2.5701     2.5699    27.4975    27.4971    6.62281    6.65399         25 0.0000e+00
      23300    970.771    295.000     2.5871   3.099704     2.5867   3.099627      98.63     0.0212     2.8074     2.4756  34.272530  1.9584018   47.07760  -47.28034    34.4664    34.4659     2.5697     2.5693    27.4973    27.4969    6.66330    6.65760         30 0.0000e+00
      23330    972.039    294.000     2.5884   3.099786     2.5874   3.099649      98.63     0.0171     2.8139     2.4782  34.269192  1.9898132   47.07760  -47.28032    34.4666    34.4660     2.5711     2.5701    27.4973    27.4970    6.67925    6.64328         29 0.0000e+00
      23356    973.143    293.000     2.5895   3.099830     2.5920   3.100027      98.63     0.0171     2.8178     2.4786  34.270199  1.9927852   47.07760  -47.28032    34.4665    34.4663     2.5723     2.5747    27.4971    27.4968    6.67010    6.63386         25 0.0000e+00
      23380    974.110    292.000     2.5957   3.100267     2.5982   3.100474      98.63     0.0145     2.8202     2.4789  34.273079  2.0157819   47.07760  -47.28032    34.4657    34.4657     2.5785     2.5809    27.4960    27.4958    6.66042    6.63772         22 0.0000e+00
      23401    975.004    291.000     2.5882   3.099305     2.5823   3.098486      98.63     0.0161     2.8208     2.4797  34.273060  1.9964737   47.07760  -47.28032    34.4625    34.4587     2.5711     2.5652    27.4941    27.4916    6.64811    6.64079         22 0.0000e+00
      23424    975.941    290.000     2.5690   3.097313     2.5594   3.095980      98.63     0.0179     2.8211     2.4800  34.273914  2.0181196   47.07760  -47.28032    34.4592    34.4531     2.5519     2.5424    27.4931    27.4890    6.64445    6.63886         23 0.0000e+00
      23449    976.994    289.000     2.5641   3.096552     2.5473   3.094686      24.44     0.0174     2.8198     2.4800  34.272427  2.0238914   47.07760  -47.28032    34.4556    34.4507     2.5471     2.5303    27.4906    27.4881    6.63891    6.63760         27 0.0000e+00
      23478    978.223    288.000     2.5579   3.095722     2.5418   3.094049      95.79     0.0194     2.8194     2.4799  34.264694  2.0180416   47.07760  -47.28032    34.4527    34.4493     2.5410     2.5250    27.4888    27.4875    6.63975    6.63744         32 0.0000e+00
      23510    979.531    287.000     2.5482   3.094793     2.5334   3.093122      92.80     0.0190     2.8193     2.4798  34.253391  2.0383339   47.07760  -47.28032    34.4521    34.4474     2.5314     2.5167    27.4892    27.4867    6.64541    6.63315         30 0.0000e+00
      23537    980.647    286.000     2.5383   3.093720     2.5201   3.091650      89.43     0.0194     2.8190     2.4789  34.248348  2.0112059   47.07760  -47.28032    34.4501    34.4441     2.5216     2.5034    27.4884    27.4852    6.63941    6.63204         23 0.0000e+00
      23558    981.553    285.000     2.5194   3.091615     2.5116   3.090701      55.66     0.0260     2.8186     2.4789  34.249092  2.0525160   47.07760  -47.28032    34.4451    34.4421     2.5028     2.4950    27.4860    27.4843    6.64045    6.64298         21 0.0000e+00
      23578    982.383    284.000     2.5107   3.090563     2.5054   3.089975      83.25     0.0280     2.8179     2.4796  34.244755  2.0279677   47.07760  -47.28032    34.4420    34.4404     2.4942     2.4889    27.4842    27.4834    6.64316    6.66368         20 0.0000e+00
      23599    983.252    283.000     2.5038   3.089794     2.4979   3.089139      98.32     0.0228     2.8184     2.4819  34.246384  2.0085166   47.07760  -47.28032    34.4405    34.4387     2.4873     2.4815    27.4836    27.4827    6.66060    6.68783         22 0.0000e+00
      23625    984.353    282.000     2.4997   3.089332     2.4865   3.087900      98.63     0.0211     2.8208     2.4863  34.239765  1.9679290   47.07760  -47.28032    34.4397    34.4362     2.4833     2.4702    27.4833    27.4817    6.69276    6.71566         31 0.0000e+00
      23659    985.758    281.000     2.4995   3.089293     2.4873   3.087790      98.63     0.0210     2.8281     2.4922  34.242245  1.9351881   47.07760  -47.28031    34.4400    34.4345     2.4832     2.4711    27.4836    27.4802    6.74357    6.72117         34 0.0000e+00
      23691    987.074    280.000     2.4973   3.088903     2.4655   3.085349      98.63     0.0210     2.8352     2.4947  34.240971  1.8658848   47.07760  -47.28030    34.4381    34.4279     2.4810     2.4493    27.4823    27.4767    6.73704    6.70239         29 0.0000e+00
      23718    988.198    279.000     2.4664   3.085645     2.4384   3.082056      98.63     0.0190     2.8384     2.4949  34.240627  1.8403531   47.07760  -47.28030    34.4316    34.4173     2.4503     2.4230    27.4796    27.4706    6.73247    6.69855         26 0.0000e+00
      23741    989.186    278.000     2.4386   3.081966     2.4287   3.080669      98.63     0.0210     2.8399     2.4947  34.241093  1.8105708   47.07760  -47.28030    34.4167    34.4112     2.4226     2.4128    27.4700    27.4665    6.73031    6.69857         22 0.0000e+00
      23763    990.087    277.000     2.4315   3.080897     2.4269   3.080270      98.63     0.0205     2.8406     2.4940  34.240009  1.8166977   47.07760  -47.28030    34.4117    34.4088     2.4155     2.4110    27.4667    27.4647    6.72394    6.69158         21 0.0000e+00
      23784    990.959    276.000     2.4294   3.080363     2.4275   3.079998      98.63     0.0217     2.8404     2.4934  34.244202  1.7654908   47.07760  -47.28030    34.4078    34.4053     2.4136     2.4117    27.4637    27.4619    6.71134    6.69169         21 0.0000e+00
      23805    991.843    275.000     2.4284   3.079826     2.4263   3.079362      98.64     0.0236     2.8394     2.4928  34.241787  1.8016415   47.07760  -47.28030    34.4029    34.3993     2.4126     2.4106    27.4599    27.4571    6.70087    6.69751         22 0.0000e+00
      23828    992.801    274.000     2.4236   3.079024     2.4064   3.076792      98.63     0.0240     2.8379     2.4934  34.215813  1.7418627   47.07760  -47.28030    34.3986    34.3895     2.4079     2.3907    27.4568    27.4510    6.69884    6.70798         24 0.0000e+00
      23856    993.944    273.000     2.4114   3.077614     2.3739   3.073446      98.63     0.0254     2.8372     2.4947  34.208527  1.7713648   47.07760  -47.28030    34.3948    34.3836     2.3958     2.3584    27.4548    27.4489    6.70665    6.72071         31 0.0000e+00
      23889    995.347    272.000     2.4085   3.077470     2.3684   3.072794      48.72     0.0226     2.8370     2.4962  34.190018  1.7632747   47.07758  -47.28030    34.3968    34.3820     2.3929     2.3529    27.4566    27.4481    6.71208    6.71285         34 0.0000e+00
      23920    996.615    271.000     2.3924   3.075504     2.3586   3.071501      99.74     0.0240     2.8373     2.4959  34.184914  1.7285862   47.07758  -47.28029    34.3903    34.3769     2.3769     2.3439    27.4528    27.4448    6.71360    6.70797         27 0.0000e+00
      23943    997.587    270.000     2.3549   3.071054     2.3440   3.069676      98.63     0.0207     2.8370     2.4957  34.181393  1.7684351   47.07758  -47.28028    34.3761    34.3707     2.3396     2.3288    27.4444    27.4411    6.71999    6.71702         21 0.0000e+00
      23964    998.453    269.000     2.3257   3.067695     2.3209   3.066899      85.28     0.0185     2.8376     2.4959  34.186256  1.7239355   47.07758  -47.28028    34.3664    34.3617     2.3106     2.3057    27.4391    27.4358    6.72772    6.72149         21 0.0000e+00
      23985    999.335    268.000     2.3060   3.065380     2.2982   3.064391      95.83     0.0208     2.8371     2.4954  34.187778  1.7443613   47.07758  -47.28028    34.3595    34.3556     2.2909     2.2831    27.4352    27.4327    6.72024    6.72130         22 0.0000e+00
      24008   1000.300    267.000     2.2990   3.064526     2.2893   3.063370      98.60     0.0194     2.8367     2.4952  34.199482  1.7134718   47.07758  -47.28028    34.3570    34.3531     2.2840     2.2744    27.4337    27.4314    6.72373    6.72302         24 0.0000e+00
      24033   1001.339    266.000     2.2932   3.063844     2.2846   3.062773      98.63     0.0208     2.8361     2.4954  34.213375  1.6977047   47.07758  -47.28028    34.3554    34.3513     2.2783     2.2697    27.4329    27.4304    6.72215    6.72698         26 0.0000e+00
      24059   1002.430    265.000     2.2883   3.063255     2.2830   3.062527      98.63     0.0195     2.8361     2.4954  34.198475  1.6620413   47.07758  -47.28028    34.3538    34.3506     2.2735     2.2681    27.4321    27.4299    6.72267    6.72642         26 0.0000e+00
      24085   1003.509    264.000     2.2855   3.062773     2.2820   3.062356      98.63     0.0178     2.8360     2.4953  34.182198  1.6785074   47.07758  -47.28028    34.3514    34.3500     2.2708     2.2672    27.4304    27.4296    6.72692    6.72412         26 0.0000e+00
      24112   1004.612    263.000     2.2841   3.062535     2.2814   3.062216      98.63     0.0190     2.8364     2.4956  34.187691  1.6337547   47.07758  -47.28028    34.3505    34.3495     2.2694     2.2667    27.4298    27.4292    6.73177    6.73070         27 0.0000e+00
      24141   1005.829    262.000     2.2822   3.062311     2.2807   3.062089      83.32     0.0174     2.8370     2.4964  34.190514  1.6737447   47.07758  -47.28028    34.3503    34.3492     2.2676     2.2661    27.4298    27.4290    6.73165    6.74001         30 0.0000e+00
      24170   1007.032    261.000     2.2823   3.062240     2.2811   3.062040      79.00     0.0178     2.8377     2.4980  34.180447  1.6328778   47.07758  -47.28028    34.3499    34.3487     2.2677     2.2665    27.4294    27.4286    6.73624    6.74040         27 0.0000e+00
      24194   1008.054    260.000     2.2828   3.062141     2.2821   3.062036      99.26     0.0179     2.8381     2.4979  34.185978  1.6530563   47.07758  -47.28026    34.3487    34.3482     2.2682     2.2675    27.4284    27.4281    6.73354    6.72932         22 0.0000e+00
      24215   1008.921    259.000     2.2848   3.062149     2.2840   3.062064      98.63     0.0179     2.8392     2.4980  34.197510  1.6113511   47.07757  -47.28026    34.3472    34.3471     2.2704     2.2695    27.4270    27.4270    6.73989    6.73195         21 0.0000e+00
      24235   1009.754    258.000     2.2850   3.061882     2.2824   3.061475      98.63     0.0204     2.8391     2.4981  34.195641  1.6780380   47.07756  -47.28026    34.3443    34.3420     2.2705     2.2680    27.4247    27.4231    6.72009    6.72714         20 0.0000e+00
      24257   1010.667    257.000     2.2795   3.061079     2.2708   3.059802      98.64     0.0194     2.8378     2.4976  34.189991  1.6772956   47.07756  -47.28026    34.3408    34.3343     2.2651     2.2565    27.4224    27.4178    6.70931    6.72164         24 0.0000e+00
      24286   1011.875    256.000     2.2724   3.060137     2.2470   3.056954      82.74     0.0233     2.8364     2.4970  34.186882  1.7400711   47.07756  -47.28026    34.3373    34.3251     2.2581     2.2327    27.4201    27.4125    6.71345    6.72498         38 0.0000e+00
      24331   1013.769    255.000     2.2560   3.058372     2.2420   3.056463      91.44     0.0287     2.8366     2.4975  34.181694  1.7123476   47.07756  -47.28026    34.3336    34.3258     2.2418     2.2278    27.4185    27.4134    6.73179    6.73235         47 0.0000e+00
      24375   1015.587    254.000     2.2661   3.059490     2.2054   3.052520      98.73     0.0254     2.8376     2.4975  34.182053  1.6888163   47.07756  -47.28026    34.3372    34.3159     2.2519     2.1914    27.4205    27.4084    6.73639    6.73710         40 0.0000e+00
      24412   1017.136    253.000     2.2128   3.053888     2.1728   3.049331      98.63     0.0264     2.8408     2.5003  34.183170  1.6354233   47.07756  -47.28026    34.3245    34.3119     2.1988     2.1589    27.4147    27.4078    6.76848    6.76971         34 0.0000e+00
      24444   1018.471    252.000     2.1469   3.046245     2.1430   3.045850      69.33     0.0246     2.8426     2.5013  34.199535  1.5948727   47.07756  -47.28026    34.3019    34.3012     2.1332     2.1292    27.4018    27.4016    6.76880    6.75388         32 0.0000e+00
      24481   1019.999    251.000     2.1198   3.043388     2.1304   3.044323      96.05     0.0260     2.8427     2.4998  34.214333  1.5883809   47.07756  -47.28026    34.2961    34.2963     2.1061     2.1167    27.3994    27.3987    6.76032    6.76466         42 0.0000e+00
      24954   1039.707    250.000     2.1032   3.041382     2.0992   3.040914      98.65     0.0226     2.8420     2.5031  34.205856  1.5531567   47.07755  -47.28024    34.2895    34.2880     2.0896     2.0857    27.3954    27.3945    6.76103    6.78312         55 0.0000e+00
      25794   1074.709    249.000     2.0825   3.039104     2.0810   3.038942      67.12     0.0215     2.8462     2.5072  34.188110  1.3927832   47.07754  -47.28020    34.2840    34.2836     2.0690     2.0675    27.3926    27.3924    6.79883    6.80457         43 0.0000e+00
      25838   1076.524    248.000     2.0820   3.038970     2.0790   3.038656      98.31     0.0187     2.8487     2.5089  34.190453  1.3824730   47.07754  -47.28020    34.2834    34.2827     2.0686     2.0656    27.3922    27.3919    6.80281    6.80902         43 0.0000e+00
      25877   1078.173    247.000     2.0786   3.038541     2.0774   3.038384      98.15     0.0222     2.8507     2.5109  34.189560  1.4052359   47.07754  -47.28020    34.2823    34.2816     2.0652     2.0641    27.3916    27.3911    6.80448    6.82508         33 0.0000e+00
      25907   1079.413    246.000     2.0775   3.038230     2.0769   3.038159      98.64     0.0189     2.8518     2.5128  34.182529  1.4135176   47.07754  -47.28020    34.2802    34.2799     2.0642     2.0636    27.3900    27.3897    6.81377    6.83155         28 0.0000e+00
      25933   1080.484    245.000     2.0779   3.038065     2.0774   3.037992      98.64     0.0241     2.8541     2.5145  34.186897  1.3809432   47.07754  -47.28020    34.2782    34.2778     2.0646     2.0642    27.3884    27.3880    6.81810    6.82852         25 0.0000e+00
      25957   1081.518    244.000     2.0802   3.038045     2.0824   3.038226      98.63     0.0256     2.8547     2.5152  34.185596  1.4187057   47.07754  -47.28020    34.2760    34.2760     2.0670     2.0692    27.3864    27.3862    6.81270    6.82601         24 0.0000e+00
      25983   1082.587    243.000     2.0866   3.038481     2.0932   3.038964      98.63     0.0221     2.8559     2.5161  34.188313  1.3595101   47.07754  -47.28020    34.2751    34.2740     2.0734     2.0801    27.3852    27.3838    6.81918    6.83300         27 0.0000e+00
