data/CTD/2014/CNV/u017a060.cnv
* Sea-Bird SBE 9 Data File:
* FileName = C:\CTD_ACQUISITION\2014017HUD\ctddata\017A060.hdr
* Software Version Seasave V 7.23.1
* Temperature SN = 5081
* Conductivity SN = 3561
* Number of Bytes Per Scan = 37
* Number of Voltage Words = 4
* Number of Scans Averaged by the Deck Unit = 1
* NMEA Latitude = 43 28.22 N
* NMEA Longitude = 059 59.72 W
* NMEA UTC (Time) = Jul 13 2014 23:31:59
* NMEA baud rate = 9600
** Ship: Hudson
** Cruise: HUD2014017
** Chief_Scientist: Blair Greenan
** Organization: BIO
** Area_of_Operation: Sackville Spur
** Station: 060
** Sounding:  998
** Event_Comments: LC3 0
** Test of Windows 7
# nquan = 25
# nvalues = 252                         
# units = specified
# name 0 = scan: Scan Count
# name 1 = timeS: Time, Elapsed [seconds]
# name 2 = prDM: Pressure, Digiquartz [db]
# name 3 = t068C: Temperature [ITS-68, deg C]
# name 4 = c0S/m: Conductivity [S/m]
# name 5 = t168C: Temperature, 2 [ITS-68, deg C]
# name 6 = c1S/m: Conductivity, 2 [S/m]
# name 7 = altM: Altimeter [m]
# name 8 = flC: Fluorescence, Chelsea Aqua 3 Chl Con [ug/l]
# name 9 = sbeox0V: Oxygen raw, SBE 43 [V]
# name 10 = sbeox1V: Oxygen raw, SBE 43, 2 [V]
# name 11 = upoly0: Upoly 0, Optode 4330F - O2 D-Phase
# name 12 = upoly1: Upoly 1, Optode 4330F - O2 Temp
# name 13 = latitude: Latitude [deg]
# name 14 = longitude: Longitude [deg]
# name 15 = sal00: Salinity, Practical [PSU]
# name 16 = sal11: Salinity, Practical, 2 [PSU]
# name 17 = potemp068C: Potential Temperature [ITS-68, deg C]
# name 18 = potemp168C: Potential Temperature, 2 [ITS-68, deg C]
# name 19 = sigma-é00: Density [sigma-theta, Kg/m^3]
# name 20 = sigma-é11: Density, 2 [sigma-theta, Kg/m^3]
# name 21 = sbeox0ML/L: Oxygen, SBE 43 [ml/l], WS = 2
# name 22 = sbeox1ML/L: Oxygen, SBE 43, 2 [ml/l], WS = 2
# name 23 = nbin: number of scans per bin
# name 24 = flag: flag
# span 0 =      23615,      30607       
# span 1 =    983.930,   1275.230       
# span 2 =      1.000,    252.000       
# span 3 =     3.8730,    15.2557       
# span 4 =   3.045663,   3.993760       
# span 5 =     3.8589,    15.3586       
# span 6 =   3.044098,   3.994301       
# span 7 =      35.39,      99.80       
# span 8 =     0.0131,     0.3264       
# span 9 =     1.9167,     3.5582       
# span 10 =     1.6599,     3.1002      
# span 11 =  28.508099,  39.809540      
# span 12 =  4.2798409,  15.362769      
# span 13 =   43.47388,   43.47438      
# span 14 =  -59.99704,  -59.99664      
# span 15 =    31.6629,    35.3268      
# span 16 =    31.6437,    35.3279      
# span 17 =     3.8693,    15.2580      
# span 18 =     3.8552,    15.3585      
# span 19 =    23.3460,    27.1969      
# span 20 =    23.3095,    27.1979      
# span 21 =    3.37174,    8.21793      
# span 22 =    3.17517,    8.11724      
# span 23 =         15,         89      
# span 24 = 0.0000e+00, 0.0000e+00      
# interval = decibars: 1                
# start_time = Jul 13 2014 23:31:59 [NMEA time, header]
# bad_flag = -9.990e-29
*END*
[from data line 232]
      28906   1204.370     20.000    12.6059   3.761426    12.7729   3.773768      69.51     0.1082     3.4634     3.0094  29.562809  11.218456   43.47414  -59.99665    32.1521    32.1270    12.6033    12.7703    24.2649    24.2133    6.64220    6.48138         45 0.0000e+00
      28943   1205.897     19.000    12.6337   3.761575    12.6654   3.764532      92.82     0.1014     3.4686     3.0132  29.531355  11.281995   43.47415  -59.99664    32.1303    32.1313    12.6312    12.6630    24.2426    24.2373    6.64263    6.48191         28 0.0000e+00
      28967   1206.907     18.000    13.0434   3.785326    12.9019   3.777342      43.06     0.1024     3.4693     3.0135  29.477266  11.263559   43.47416  -59.99665    32.0078    32.0522    13.0410    12.8995    24.0684    24.1303    6.58034    6.41567         22 0.0000e+00
      28989   1207.823     17.000    13.2837   3.799475    13.0512   3.786417      98.01     0.1049     3.4680     3.0121  29.415895  11.508139   43.47416  -59.99666    31.9387    32.0119    13.2814    13.0489    23.9677    24.0700    6.55035    6.38286         23 0.0000e+00
      29013   1208.813     16.000    13.4022   3.806487    13.2273   3.796898      97.62     0.1052     3.4685     3.0124  29.335827  11.865661   43.47416  -59.99666    31.9053    31.9623    13.4000    13.2252    23.9184    23.9971    6.54849    6.38444         25 0.0000e+00
      29040   1209.954     15.000    13.4677   3.810706    13.3781   3.805021      51.28     0.1026     3.4719     3.0180  29.326042  12.031039   43.47416  -59.99666    31.8903    31.9132    13.4657    13.3761    23.8937    23.9295    6.55703    6.40512         29 0.0000e+00
      29069   1211.183     14.000    13.5712   3.816516    13.4922   3.811761      67.54     0.1008     3.4760     3.0241  29.326008  12.171988   43.47416  -59.99664    31.8584    31.8801    13.5693    13.4903    23.8484    23.8809    6.54277    6.39277         30 0.0000e+00
      29098   1212.388     13.000    13.7233   3.827086    13.6212   3.819930      81.31     0.0968     3.4752     3.0253  29.270920  12.321488   43.47416  -59.99664    31.8303    31.8489    13.7215    13.6194    23.7960    23.8310    6.50589    6.36133         28 0.0000e+00
      29129   1213.663     12.000    13.8257   3.834379    13.7071   3.825511      97.78     0.0999     3.4717     3.0230  29.233315  12.442079   43.47417  -59.99666    31.8131    31.8296    13.8241    13.7054    23.7621    23.7987    6.48153    6.33109         33 0.0000e+00
      29161   1215.012     11.000    13.8530   3.836251    13.7610   3.829051      50.82     0.0931     3.4694     3.0204  29.163147  12.675960   43.47418  -59.99666    31.8083    31.8179    13.8514    13.7595    23.7527    23.7788    6.48278    6.32381         30 0.0000e+00
      29188   1216.123     10.000    14.0090   3.847562    13.8525   3.835729      99.43     0.0861     3.4689     3.0172  29.138132  12.792041   43.47418  -59.99666    31.7838    31.8042    14.0076    13.8511    23.7021    23.7497    6.47258    6.29278         24 0.0000e+00
      29210   1217.032      9.000    14.1005   3.854597    13.9843   3.845899      98.63     0.0875     3.4721     3.0175  29.130724  12.845601   43.47418  -59.99666    31.7733    31.7893    14.0993    13.9830    23.6752    23.7113    6.48254    6.30691         21 0.0000e+00
      29230   1217.887      8.000    14.1815   3.860902    14.1131   3.856050      98.63     0.0906     3.4765     3.0217  29.062250  13.010015   43.47418  -59.99666    31.7648    31.7767    14.1804    14.1120    23.6519    23.6752    6.47935    6.30143         20 0.0000e+00
      29253   1218.841      7.000    14.1988   3.862826    14.2198   3.864653      94.78     0.0906     3.4785     3.0216  28.990004  13.195257   43.47418  -59.99666    31.7686    31.7680    14.1978    14.2188    23.6513    23.6465    6.46793    6.28816         26 0.0000e+00
      29290   1220.368      6.000    14.1934   3.862011    14.2753   3.868903      74.21     0.0903     3.4799     3.0200  28.997675  13.328716   43.47418  -59.99666    31.7668    31.7617    14.1915    14.2744    23.6512    23.6301    6.47088    6.27897         52 0.0000e+00
      29339   1222.427      5.000    14.1852   3.860745    14.2689   3.867751      57.98     0.0839     3.4843     3.0190  28.961330  13.473416   43.47418  -59.99666    31.7615    31.7568    14.1845    14.2682    23.6485    23.6276    6.48321    6.29659         35 0.0000e+00
      29366   1223.526      4.000    14.2132   3.862918    14.2553   3.866604      95.61     0.0845     3.4831     3.0296  28.951725  13.491761   43.47420  -59.99666    31.7588    31.7579    14.2126    14.2547    23.6406    23.6313    6.45675    6.35802         24 0.0000e+00
      29390   1224.557      3.000    14.3692   3.875972    14.3902   3.877767      98.49     0.0863     3.4815     3.0367  28.943848  13.509560   43.47420  -59.99666    31.7502    31.7494    14.3688    14.3898    23.6017    23.5967    6.44720    6.30562         28 0.0000e+00
      29496   1228.963      2.000    14.5783   3.892643    14.4830   3.885210      79.49     0.0853     3.4825     3.0309  28.869055  13.842448   43.47421  -59.99667    31.7312    31.7415    14.5780    14.4827    23.5432    23.5711    6.42616    6.25002         89 0.0000e+00
      30607   1275.230      1.000    15.2557   3.946310    15.3586   3.953220      98.76     0.0898     3.3795     2.8739  28.508099  15.362769   43.47438  -59.99676    31.6629    31.6437    15.2580    15.3585    23.3460    23.3095    6.02720    5.35715         47 0.0000e+00
