data/CTD/2014/CNV/u017a029.cnv
* Sea-Bird SBE 9 Data File:
* FileName = C:\CTD_ACQUISITION\2014017HUD\ctddata\017A029.hdr
* Software Version Seasave V 7.22.2
* Temperature SN = 5081
* Conductivity SN = 3561
* Number of Bytes Per Scan = 37
* Number of Voltage Words = 4
* Number of Scans Averaged by the Deck Unit = 1
* NMEA Latitude = 48 48.41 N
* NMEA Longitude = 045 41.69 W
* NMEA UTC (Time) = Jul 07 2014 04:13:45
* NMEA baud rate = 9600
** Ship: Hudson
** Cruise: HUD2014017
** Chief_Scientist: Blair Greenan
** Organization: BIO
** Area_of_Operation: Sackville Spur
** Station: 029
** Sounding:  1758
** Event_Comments: SS_025, 403166
# nquan = 25
# nvalues = 1818                        
# units = specified
# name 0 = scan: Scan Count
# name 1 = timeS: Time, Elapsed [seconds]
# name 2 = prDM: Pressure, Digiquartz [db]
# name 3 = t068C: Temperature [ITS-68, deg C]
# name 4 = c0S/m: Conductivity [S/m]
# name 5 = t168C: Temperature, 2 [ITS-68, deg C]
# name 6 = c1S/m: Conductivity, 2 [S/m]
# name 7 = altM: Altimeter [m]
# name 8 = flC: Fluorescence, Chelsea Aqua 3 Chl Con [ug/l]
# name 9 = sbeox0V: Oxygen raw, SBE 43 [V]
# name 10 = sbeox1V: Oxygen raw, SBE 43, 2 [V]
# name 11 = upoly0: Upoly 0, Optode 4330F - O2 D-Phase
# name 12 = upoly1: Upoly 1, Optode 4330F - O2 Temp
# name 13 = latitude: Latitude [deg]
# name 14 = longitude: Longitude [deg]
# name 15 = sal00: Salinity, Practical [PSU]
# name 16 = sal11: Salinity, Practical, 2 [PSU]
# name 17 = potemp068C: Potential Temperature [ITS-68, deg C]
# name 18 = potemp168C: Potential Temperature, 2 [ITS-68, deg C]
# name 19 = sigma-é00: Density [sigma-theta, Kg/m^3]
# name 20 = sigma-é11: Density, 2 [sigma-theta, Kg/m^3]
# name 21 = sbeox0ML/L: Oxygen, SBE 43 [ml/l], WS = 2
# name 22 = sbeox1ML/L: Oxygen, SBE 43, 2 [ml/l], WS = 2
# name 23 = nbin: number of scans per bin
# name 24 = flag: flag
# span 0 =      52722,     110200       
# span 1 =   2196.714,   4591.631       
# span 2 =      1.000,   1818.000       
# span 3 =     2.9132,     9.0580       
# span 4 =   3.121327,   3.616662       
# span 5 =     2.8905,     9.0562       
# span 6 =   3.121151,   3.616408       
# span 7 =       4.90,     102.24       
# span 8 =     0.0073,     0.2495       
# span 9 =     2.3479,     3.5701       
# span 10 =     2.0784,     3.1560      
# span 11 =  29.531065,  35.116817      
# span 12 =  2.9411192,  9.0755587      
# span 13 =   48.81124,   48.81481      
# span 14 =  -45.69360,  -45.69105      
# span 15 =    33.9009,    34.9163      
# span 16 =    33.9003,    34.9159      
# span 17 =     2.9084,     9.0560      
# span 18 =     2.8856,     9.0542      
# span 19 =    26.2538,    27.8208      
# span 20 =    26.2533,    27.8204      
# span 21 =    6.22864,    8.13983      
# span 22 =    6.15695,    8.24596      
# span 23 =         12,        101      
# span 24 = 0.0000e+00, 0.0000e+00      
# interval = decibars: 1                
# start_time = Jul 07 2014 04:13:45 [NMEA time, header]
# bad_flag = -9.990e-29
*END*
[from data line 1508]
      90142   3755.891    310.000     3.7414   3.231226     3.7410   3.231140      98.07     0.0174     2.8963     2.5498  33.461990  3.7475646   48.81262  -45.69214    34.8194    34.8188     3.7200     3.7196    27.6714    27.6710    6.66424    6.65975         32 0.0000e+00
      90173   3757.164    309.000     3.7414   3.231193     3.7408   3.231087      97.99     0.0150     2.8977     2.5499  33.461662  3.7463098   48.81262  -45.69214    34.8195    34.8189     3.7201     3.7195    27.6715    27.6711    6.66526    6.66124         27 0.0000e+00
      90195   3758.089    308.000     3.7408   3.231050     3.7402   3.230948      98.64     0.0162     2.8978     2.5507  33.461731  3.7511365   48.81262  -45.69214    34.8190    34.8184     3.7196     3.7190    27.6712    27.6707    6.66353    6.66082         19 0.0000e+00
      90212   3758.808    307.000     3.7404   3.230962     3.7399   3.230867      98.63     0.0151     2.8980     2.5503  33.460629  3.7521298   48.81262  -45.69214    34.8189    34.8183     3.7193     3.7188    27.6711    27.6707    6.66438    6.65422         16 0.0000e+00
      90228   3759.461    306.000     3.7402   3.230875     3.7397   3.230797      98.63     0.0157     2.8982     2.5503  33.463749  3.7521367   48.81262  -45.69214    34.8187    34.8182     3.7191     3.7187    27.6709    27.6706    6.66502    6.65527         15 0.0000e+00
      90244   3760.134    305.000     3.7398   3.230802     3.7394   3.230703      94.19     0.0197     2.8988     2.5504  33.466778  3.7505364   48.81262  -45.69214    34.8187    34.8180     3.7188     3.7184    27.6710    27.6704    6.66145    6.65820         18 0.0000e+00
      90276   3761.444    304.000     3.7396   3.230726     3.7392   3.230633      92.00     0.0211     2.8989     2.5508  33.468281  3.7494824   48.81262  -45.69215    34.8186    34.8180     3.7186     3.7182    27.6709    27.6704    6.66483    6.65732         48 0.0000e+00
      90339   3764.086    303.000     3.7398   3.230707     3.7396   3.230645      97.99     0.0183     2.9007     2.5509  33.464947  3.7428062   48.81263  -45.69216    34.8187    34.8182     3.7189     3.7187    27.6710    27.6706    6.67041    6.65448         29 0.0000e+00
      90354   3764.700    302.000     3.7398   3.230629     3.7392   3.230544      98.69     0.0223     2.9010     2.5509  33.469746  3.7423203   48.81263  -45.69216    34.8183    34.8179     3.7190     3.7184    27.6706    27.6704    6.66783    6.65016         15 0.0000e+00
      90367   3765.256    301.000     3.7390   3.230478     3.7384   3.230392      98.63     0.0244     2.9009     2.5503  33.475967  3.7423687   48.81262  -45.69216    34.8179    34.8175     3.7182     3.7177    27.6704    27.6701    6.66811    6.65115         13 0.0000e+00
      90379   3765.766    300.000     3.7383   3.230335     3.7379   3.230274      96.14     0.0239     2.9018     2.5507  33.472557  3.7423687   48.81262  -45.69216    34.8175    34.8172     3.7177     3.7172    27.6701    27.6699    6.67123    6.65591         12 0.0000e+00
      90392   3766.271    299.000     3.7381   3.230264     3.7378   3.230202      92.73     0.0227     2.9016     2.5511  33.467640  3.7423687   48.81262  -45.69216    34.8173    34.8169     3.7176     3.7172    27.6700    27.6697    6.66315    6.65740         12 0.0000e+00
      90405   3766.843    298.000     3.7379   3.230207     3.7376   3.230137      98.54     0.0196     2.9014     2.5510  33.474228  3.7423687   48.81262  -45.69216    34.8174    34.8169     3.7174     3.7171    27.6701    27.6697    6.66443    6.65385         16 0.0000e+00
      90428   3767.802    297.000     3.7377   3.230149     3.7372   3.230049      98.64     0.0168     2.9019     2.5516  33.468365  3.7423687   48.81262  -45.69217    34.8175    34.8168     3.7173     3.7168    27.6702    27.6697    6.66439    6.66142         37 0.0000e+00
      90480   3769.966    296.000     3.7376   3.230104     3.7373   3.230049      56.98     0.0123     2.9017     2.5534  33.460041  3.7418756   48.81262  -45.69218    34.8177    34.8172     3.7172     3.7170    27.6703    27.6700    6.66337    6.65983         46 0.0000e+00
      90507   3771.103    295.000     3.7377   3.230043     3.7372   3.229962      98.73     0.0166     2.9030     2.5534  33.471352  3.7423811   48.81262  -45.69218    34.8173    34.8169     3.7174     3.7169    27.6700    27.6697    6.67487    6.66202         20 0.0000e+00
      90525   3771.837    294.000     3.7370   3.229918     3.7364   3.229818      94.56     0.0158     2.9031     2.5540  33.463879  3.7394838   48.81262  -45.69219    34.8171    34.8165     3.7168     3.7162    27.6699    27.6695    6.67421    6.66690         17 0.0000e+00
      90541   3772.498    293.000     3.7357   3.229701     3.7352   3.229611      95.20     0.0156     2.9046     2.5546  33.460815  3.7378159   48.81262  -45.69220    34.8164    34.8159     3.7156     3.7151    27.6695    27.6691    6.67764    6.66370         15 0.0000e+00
      90557   3773.178    292.000     3.7352   3.229587     3.7347   3.229473      86.85     0.0186     2.9045     2.5545  33.459518  3.7364187   48.81262  -45.69220    34.8162    34.8154     3.7151     3.7146    27.6693    27.6687    6.67186    6.65658         18 0.0000e+00
      90576   3773.972    291.000     3.7349   3.229492     3.7346   3.229395      96.65     0.0190     2.9051     2.5543  33.463322  3.7394698   48.81263  -45.69220    34.8158    34.8150     3.7149     3.7146    27.6691    27.6684    6.67428    6.65767         21 0.0000e+00
      90601   3774.997    290.000     3.7346   3.229381     3.7346   3.229335      93.80     0.0200     2.9060     2.5548  33.476288  3.7416394   48.81264  -45.69220    34.8154    34.8149     3.7146     3.7146    27.6688    27.6684    6.67279    6.66717         27 0.0000e+00
      90626   3776.045    289.000     3.7336   3.229208     3.7333   3.229130      98.66     0.0181     2.9060     2.5561  33.462929  3.7423708   48.81264  -45.69220    34.8149    34.8143     3.7138     3.7135    27.6685    27.6680    6.67176    6.67560         23 0.0000e+00
      90647   3776.927    288.000     3.7334   3.229131     3.7316   3.228870      98.63     0.0156     2.9064     2.5572  33.459373  3.7423687   48.81264  -45.69221    34.8148    34.8136     3.7136     3.7118    27.6684    27.6676    6.66774    6.66964         19 0.0000e+00
      90666   3777.715    287.000     3.7321   3.228931     3.7308   3.228736      95.39     0.0163     2.9061     2.5572  33.457863  3.7423687   48.81264  -45.69222    34.8144    34.8134     3.7124     3.7111    27.6682    27.6675    6.66503    6.66300         19 0.0000e+00
      90686   3778.528    286.000     3.7313   3.228793     3.7306   3.228677      94.86     0.0139     2.9060     2.5572  33.457874  3.7423687   48.81264  -45.69222    34.8141    34.8134     3.7117     3.7110    27.6680    27.6676    6.66696    6.66460         21 0.0000e+00
      90712   3779.620    285.000     3.7309   3.228698     3.7304   3.228587      98.41     0.0119     2.9064     2.5575  33.459496  3.7423687   48.81264  -45.69222    34.8139    34.8131     3.7113     3.7108    27.6679    27.6673    6.67005    6.66398         34 0.0000e+00
      90751   3781.244    284.000     3.7310   3.228674     3.7305   3.228557      72.36     0.0147     2.9074     2.5576  33.458202  3.7423687   48.81264  -45.69224    34.8141    34.8132     3.7115     3.7110    27.6680    27.6674    6.67709    6.66486         37 0.0000e+00
      90778   3782.391    283.000     3.7309   3.228600     3.7304   3.228480      98.96     0.0180     2.9083     2.5581  33.457870  3.7423687   48.81264  -45.69224    34.8137    34.8129     3.7115     3.7110    27.6678    27.6671    6.67368    6.66428         21 0.0000e+00
      90797   3783.152    282.000     3.7303   3.228435     3.7295   3.228279      98.63     0.0168     2.9084     2.5579  33.457874  3.7423687   48.81264  -45.69224    34.8130    34.8120     3.7110     3.7102    27.6672    27.6665    6.67586    6.66461         16 0.0000e+00
      90813   3783.829    281.000     3.7292   3.228208     3.7281   3.227992      93.28     0.0175     2.9091     2.5582  33.457874  3.7423687   48.81264  -45.69224    34.8120    34.8106     3.7099     3.7088    27.6666    27.6656    6.67928    6.67169         17 0.0000e+00
      90830   3784.550    280.000     3.7281   3.228006     3.7269   3.227776      94.93     0.0184     2.9095     2.5593  33.458611  3.7423687   48.81264  -45.69224    34.8113    34.8098     3.7089     3.7077    27.6661    27.6650    6.67448    6.67561         19 0.0000e+00
      90857   3785.657    279.000     3.7272   3.227824     3.7262   3.227645      98.40     0.0201     2.9098     2.5596  33.458687  3.7393174   48.81264  -45.69225    34.8106    34.8095     3.7081     3.7071    27.6656    27.6649    6.67608    6.66452         36 0.0000e+00
      90893   3787.151    278.000     3.7276   3.227825     3.7266   3.227662      92.45     0.0182     2.9106     2.5593  33.457832  3.7322738   48.81264  -45.69226    34.8108    34.8098     3.7085     3.7082    27.6657    27.6651    6.67862    6.66558         29 0.0000e+00
      90915   3788.080    277.000     3.7269   3.227685     3.7263   3.227542      98.74     0.0183     2.9115     2.5598  33.457874  3.7326007   48.81264  -45.69226    34.8103    34.8093     3.7079     3.7073    27.6654    27.6646    6.68582    6.67094         18 0.0000e+00
      90931   3788.749    276.000     3.7260   3.227475     3.7253   3.227360      19.77     0.0162     2.9121     2.5604  33.457874  3.7326007   48.81264  -45.69226    34.8094    34.8087     3.7071     3.7064    27.6647    27.6643    6.68448    6.66908         15 0.0000e+00
      90945   3789.344    275.000     3.7255   3.227355     3.7250   3.227262      67.72     0.0150     2.9127     2.5602  33.457874  3.7326007   48.81264  -45.69226    34.8090    34.8084     3.7067     3.7061    27.6644    27.6641    6.67907    6.67028         14 0.0000e+00
      90959   3789.932    274.000     3.7252   3.227271     3.7247   3.227181      90.20     0.0183     2.9125     2.5609  33.457874  3.7326007   48.81264  -45.69226    34.8088    34.8083     3.7065     3.7060    27.6644    27.6639    6.67558    6.67721         14 0.0000e+00
      90976   3790.626    273.000     3.7248   3.227191     3.7242   3.227069      95.22     0.0162     2.9127     2.5617  33.458588  3.7326007   48.81264  -45.69227    34.8088    34.8080     3.7061     3.7055    27.6644    27.6638    6.67466    6.67813         20 0.0000e+00
      91008   3791.969    272.000     3.7247   3.227137     3.7241   3.227023      90.79     0.0150     2.9127     2.5623  33.456367  3.7326007   48.81264  -45.69228    34.8089    34.8081     3.7061     3.7055    27.6644    27.6639    6.67545    6.66685         46 0.0000e+00
      91050   3793.711    271.000     3.7247   3.227097     3.7243   3.227003      93.96     0.0130     2.9133     2.5614  33.456940  3.7322531   48.81266  -45.69228    34.8089    34.8082     3.7061     3.7058    27.6645    27.6639    6.68236    6.66489         30 0.0000e+00
      91073   3794.686    270.000     3.7246   3.227019     3.7242   3.226927      98.82     0.0161     2.9143     2.5617  33.457912  3.7321060   48.81266  -45.69228    34.8086    34.8080     3.7061     3.7057    27.6642    27.6638    6.68139    6.66551         20 0.0000e+00
      91092   3795.452    269.000     3.7239   3.226886     3.7234   3.226779      98.32     0.0149     2.9143     2.5617  33.457874  3.7315767   48.81266  -45.69228    34.8083    34.8076     3.7055     3.7050    27.6641    27.6635    6.67651    6.66629         19 0.0000e+00
      91112   3796.271    268.000     3.7234   3.226767     3.7223   3.226578      89.57     0.0112     2.9143     2.5620  33.455833  3.7325759   48.81266  -45.69230    34.8080    34.8069     3.7050     3.7040    27.6639    27.6631    6.67496    6.67040         21 0.0000e+00
      91141   3797.481    267.000     3.7226   3.226614     3.7215   3.226428      97.90     0.0120     2.9143     2.5630  33.456390  3.7326007   48.81266  -45.69231    34.8075    34.8065     3.7043     3.7032    27.6635    27.6628    6.67500    6.67595         41 0.0000e+00
      91188   3799.462    266.000     3.7227   3.226589     3.7216   3.226412      70.91     0.0141     2.9149     2.5646  33.457615  3.7326007   48.81266  -45.69232    34.8077    34.8067     3.7045     3.7035    27.6637    27.6630    6.68068    6.67780         43 0.0000e+00
      91219   3800.769    265.000     3.7221   3.226451     3.7211   3.226270      99.36     0.0158     2.9156     2.5651  33.457886  3.7326007   48.81266  -45.69232    34.8072    34.8061     3.7040     3.7030    27.6633    27.6625    6.68327    6.67583         24 0.0000e+00
      91239   3801.596    264.000     3.7190   3.226028     3.7186   3.225914      96.48     0.0137     2.9164     2.5655  33.457874  3.7326007   48.81266  -45.69232    34.8060    34.8050     3.7009     3.7006    27.6627    27.6619    6.68271    6.68157         17 0.0000e+00
      91256   3802.296    263.000     3.7154   3.225560     3.7136   3.225291      87.68     0.0167     2.9166     2.5663  33.454403  3.7326007   48.81266  -45.69232    34.8048    34.8035     3.6974     3.6956    27.6621    27.6612    6.68446    6.68716         17 0.0000e+00
      91273   3802.980    262.000     3.7127   3.225201     3.7109   3.224950      98.65     0.0147     2.9169     2.5670  33.454212  3.7326007   48.81266  -45.69232    34.8039    34.8028     3.6948     3.6931    27.6616    27.6609    6.68077    6.68765         16 0.0000e+00
      91290   3803.724    261.000     3.7114   3.225006     3.7095   3.224729      98.63     0.0142     2.9167     2.5676  33.453484  3.7301762   48.81266  -45.69232    34.8035    34.8022     3.6936     3.6916    27.6614    27.6606    6.67320    6.68289         20 0.0000e+00
      91316   3804.792    260.000     3.7103   3.224823     3.7077   3.224459      92.19     0.0179     2.9164     2.5676  33.457630  3.7232413   48.81266  -45.69232    34.8030    34.8014     3.6925     3.6900    27.6612    27.6601    6.67084    6.67827         34 0.0000e+00
      91357   3806.494    259.000     3.7113   3.224905     3.7093   3.224616      98.70     0.0149     2.9158     2.5674  33.445438  3.7228327   48.81267  -45.69233    34.8035    34.8022     3.6936     3.6920    27.6614    27.6605    6.68052    6.67655         44 0.0000e+00
      91394   3808.042    258.000     3.7105   3.224747     3.7072   3.224301      98.63     0.0147     2.9177     2.5678  33.443676  3.7228327   48.81268  -45.69234    34.8030    34.8011     3.6929     3.6896    27.6611    27.6599    6.68467    6.67657         29 0.0000e+00
      91423   3809.251    257.000     3.7035   3.223894     3.6971   3.223028      97.88     0.0123     2.9180     2.5671  33.443695  3.7228327   48.81266  -45.69234    34.8007    34.7972     3.6860     3.6796    27.6600    27.6578    6.68294    6.66592         31 0.0000e+00
      91458   3810.711    256.000     3.6986   3.223203     3.6910   3.222252      93.27     0.0143     2.9184     2.5655  33.447411  3.7149420   48.81267  -45.69234    34.7983    34.7949     3.6811     3.6740    27.6585    27.6566    6.68150    6.66218         41 0.0000e+00
      91500   3812.466    255.000     3.6912   3.222302     3.6887   3.221964      94.84     0.0156     2.9187     2.5645  33.444244  3.7132616   48.81268  -45.69236    34.7958    34.7946     3.6739     3.6713    27.6573    27.6565    6.68368    6.66827         38 0.0000e+00
      91531   3813.734    254.000     3.6906   3.222235     3.6877   3.221802      90.34     0.0140     2.9183     2.5658  33.445080  3.7130554   48.81268  -45.69236    34.7963    34.7942     3.6733     3.6705    27.6577    27.6563    6.68130    6.68622         24 0.0000e+00
