data/CTD/2014/CNV/u017a058.cnv
* Sea-Bird SBE 9 Data File:
* FileName = C:\CTD_ACQUISITION\2014017HUD\ctddata\017A058.hdr
* Software Version Seasave V 7.22.2
* Temperature SN = 5081
* Conductivity SN = 3561
* Number of Bytes Per Scan = 37
* Number of Voltage Words = 4
* Number of Scans Averaged by the Deck Unit = 1
* NMEA Latitude = 43 26.99 N
* NMEA Longitude = 059 56.99 W
* NMEA UTC (Time) = Jul 13 2014 18:09:25
* NMEA baud rate = 9600
** Ship: Hudson
** Cruise: HUD2014017
** Chief_Scientist: Blair Greenan
** Organization: BIO
** Area_of_Operation: Sackville Spur
** Station: 058
** Sounding:  1450
** Event_Comments: LC3, 403281
# nquan = 25
# nvalues = 1570                        
# units = specified
# name 0 = scan: Scan Count
# name 1 = timeS: Time, Elapsed [seconds]
# name 2 = prDM: Pressure, Digiquartz [db]
# name 3 = t068C: Temperature [ITS-68, deg C]
# name 4 = c0S/m: Conductivity [S/m]
# name 5 = t168C: Temperature, 2 [ITS-68, deg C]
# name 6 = c1S/m: Conductivity, 2 [S/m]
# name 7 = altM: Altimeter [m]
# name 8 = flC: Fluorescence, Chelsea Aqua 3 Chl Con [ug/l]
# name 9 = sbeox0V: Oxygen raw, SBE 43 [V]
# name 10 = sbeox1V: Oxygen raw, SBE 43, 2 [V]
# name 11 = upoly0: Upoly 0, Optode 4330F - O2 D-Phase
# name 12 = upoly1: Upoly 1, Optode 4330F - O2 Temp
# name 13 = latitude: Latitude [deg]
# name 14 = longitude: Longitude [deg]
# name 15 = sal00: Salinity, Practical [PSU]
# name 16 = sal11: Salinity, Practical, 2 [PSU]
# name 17 = potemp068C: Potential Temperature [ITS-68, deg C]
# name 18 = potemp168C: Potential Temperature, 2 [ITS-68, deg C]
# name 19 = sigma-é00: Density [sigma-theta, Kg/m^3]
# name 20 = sigma-é11: Density, 2 [sigma-theta, Kg/m^3]
# name 21 = sbeox0ML/L: Oxygen, SBE 43 [ml/l], WS = 2
# name 22 = sbeox1ML/L: Oxygen, SBE 43, 2 [ml/l], WS = 2
# name 23 = nbin: number of scans per bin
# name 24 = flag: flag
# span 0 =      53080,     276534       
# span 1 =   2211.639,  11522.195       
# span 2 =      1.000,   1570.000       
# span 3 =     3.9030,    15.8819       
# span 4 =   3.041857,   4.050527       
# span 5 =     3.8972,    15.9043       
# span 6 =   3.041421,   4.051750       
# span 7 =       4.16,     100.93       
# span 8 =     0.0076,     0.3340       
# span 9 =     1.9265,     3.5828       
# span 10 =     1.6567,     3.1687      
# span 11 =  28.430983,  39.721455      
# span 12 =  3.9084249,  15.823172      
# span 13 =   43.45026,   43.45173      
# span 14 =  -59.97905,  -59.95222      
# span 15 =    31.6115,    35.3825      
# span 16 =    31.6114,    35.3843      
# span 17 =     3.7853,    15.8818      
# span 18 =     3.7846,    15.9042      
# span 19 =    23.1698,    27.7659      
# span 20 =    23.1648,    27.7657      
# span 21 =    3.39799,    7.95393      
# span 22 =    3.16462,    7.95180      
# span 23 =         12,        117      
# span 24 = 0.0000e+00, 0.0000e+00      
# interval = decibars: 1                
# start_time = Jul 13 2014 18:09:25 [NMEA time, header]
# bad_flag = -9.990e-29
*END*
[from data line 754]
     157516   6563.131    816.000     4.5481   3.337556     4.5491   3.337607      83.91     0.0179     2.5348     2.2225  34.893772  4.5452995   43.45076  -59.96342    34.9564    34.9559     4.4834     4.4844    27.6996    27.6991    5.90193    5.83119         29 0.0000e+00
     157549   6564.502    815.000     4.5489   3.337573     4.5499   3.337622      89.66     0.0173     2.5350     2.2220  34.894230  4.5530691   43.45076  -59.96342    34.9562    34.9558     4.4843     4.4852    27.6994    27.6989    5.90908    5.82374         33 0.0000e+00
     157578   6565.693    814.000     4.5502   3.337620     4.5511   3.337672      99.00     0.0208     2.5351     2.2222  34.895660  4.5531254   43.45076  -59.96343    34.9560    34.9556     4.4856     4.4866    27.6990    27.6986    5.90056    5.82322         24 0.0000e+00
     157599   6566.586    813.000     4.5521   3.337747     4.5521   3.337726      98.63     0.0204     2.5346     2.2213  34.899738  4.5531135   43.45076  -59.96344    34.9559    34.9557     4.4877     4.4877    27.6988    27.6986    5.90045    5.81114         20 0.0000e+00
     157618   6567.367    812.000     4.5531   3.337802     4.5528   3.337749      98.63     0.0201     2.5344     2.2208  34.897816  4.5531135   43.45076  -59.96344    34.9561    34.9558     4.4887     4.4884    27.6987    27.6985    5.90262    5.81646         18 0.0000e+00
     157635   6568.099    811.000     4.5533   3.337783     4.5533   3.337745      98.63     0.0196     2.5349     2.2208  34.908356  4.5531135   43.45076  -59.96344    34.9561    34.9557     4.4890     4.4890    27.6987    27.6984    5.90756    5.82566         18 0.0000e+00
     157654   6568.857    810.000     4.5535   3.337762     4.5534   3.337709      98.63     0.0198     2.5355     2.2215  34.908424  4.5531135   43.45076  -59.96344    34.9561    34.9557     4.4893     4.4892    27.6987    27.6984    5.90795    5.83137         19 0.0000e+00
     157674   6569.699    809.000     4.5537   3.337736     4.5535   3.337667      98.63     0.0172     2.5355     2.2223  34.908424  4.5531135   43.45076  -59.96344    34.9562    34.9556     4.4896     4.4894    27.6987    27.6983    5.90225    5.82941         22 0.0000e+00
     157700   6570.784    808.000     4.5537   3.337690     4.5537   3.337639      77.14     0.0189     2.5357     2.2227  34.908424  4.5537152   43.45076  -59.96344    34.9562    34.9556     4.4896     4.4897    27.6987    27.6982    5.90727    5.82761         31 0.0000e+00
     157734   6572.228    807.000     4.5537   3.337634     4.5541   3.337631      77.34     0.0174     2.5365     2.2227  34.899994  4.5631514   43.45076  -59.96344    34.9560    34.9556     4.4898     4.4902    27.6986    27.6982    5.90457    5.81918         34 0.0000e+00
     157762   6573.386    806.000     4.5544   3.337636     4.5548   3.337645      98.84     0.0154     2.5361     2.2226  34.902714  4.5645967   43.45076  -59.96344    34.9558    34.9555     4.4906     4.4909    27.6983    27.6981    5.90153    5.82001         23 0.0000e+00
     157782   6574.223    805.000     4.5556   3.337709     4.5557   3.337676      93.84     0.0187     2.5366     2.2223  34.908386  4.5634322   43.45076  -59.96346    34.9559    34.9555     4.4918     4.4919    27.6983    27.6979    5.90367    5.82056         18 0.0000e+00
     157800   6574.943    804.000     4.5564   3.337748     4.5564   3.337717      95.20     0.0170     2.5361     2.2226  34.908424  4.5622611   43.45076  -59.96346    34.9560    34.9556     4.4927     4.4927    27.6982    27.6979    5.89707    5.82149         16 0.0000e+00
     157816   6575.642    803.000     4.5569   3.337757     4.5570   3.337723      98.61     0.0122     2.5366     2.2227  34.897903  4.5650358   43.45077  -59.96346    34.9561    34.9557     4.4933     4.4933    27.6983    27.6979    5.89279    5.81605         18 0.0000e+00
     157835   6576.402    802.000     4.5572   3.337740     4.5581   3.337783      98.63     0.0128     2.5356     2.2222  34.893848  4.5639305   43.45078  -59.96346    34.9562    34.9557     4.4936     4.4945    27.6983    27.6978    5.88603    5.81088         19 0.0000e+00
     157858   6577.372    801.000     4.5578   3.337754     4.5599   3.337901      98.63     0.0146     2.5349     2.2218  34.899899  4.5676708   43.45076  -59.96346    34.9562    34.9557     4.4943     4.4964    27.6982    27.6976    5.88947    5.81188         28 0.0000e+00
     157889   6578.647    800.000     4.5583   3.337757     4.5625   3.338067      98.63     0.0150     2.5347     2.2214  34.908573  4.5669637   43.45076  -59.96346    34.9562    34.9554     4.4950     4.4991    27.6981    27.6971    5.88938    5.80364         31 0.0000e+00
     157917   6579.829    799.000     4.5598   3.337822     4.5642   3.338196      98.63     0.0134     2.5345     2.2203  34.910843  4.5655727   43.45076  -59.96347    34.9559    34.9556     4.4965     4.5009    27.6978    27.6970    5.88920    5.80087         25 0.0000e+00
     157940   6580.791    798.000     4.5645   3.338199     4.5660   3.338311      98.63     0.0153     2.5344     2.2202  34.913132  4.5687137   43.45076  -59.96348    34.9559    34.9556     4.5013     4.5027    27.6972    27.6968    5.88129    5.80019         22 0.0000e+00
     157961   6581.646    797.000     4.5667   3.338369     4.5672   3.338382      93.96     0.0149     2.5334     2.2196  34.909889  4.5682535   43.45076  -59.96348    34.9560    34.9557     4.5036     4.5040    27.6970    27.6967    5.88046    5.79572         20 0.0000e+00
     157980   6582.463    796.000     4.5677   3.338422     4.5677   3.338382      65.36     0.0159     2.5336     2.2192  34.908451  4.5677748   43.45076  -59.96348    34.9562    34.9557     4.5046     4.5046    27.6970    27.6967    5.88239    5.79446         20 0.0000e+00
     158001   6583.330    795.000     4.5680   3.338399     4.5679   3.338355      97.70     0.0161     2.5335     2.2187  34.912312  4.5690608   43.45076  -59.96348    34.9561    34.9557     4.5049     4.5048    27.6970    27.6966    5.88044    5.79015         22 0.0000e+00
     158025   6584.334    794.000     4.5680   3.338366     4.5696   3.338474      98.63     0.0153     2.5331     2.2182  34.921764  4.5722117   43.45078  -59.96348    34.9562    34.9557     4.5051     4.5067    27.6970    27.6965    5.87998    5.79204         26 0.0000e+00
     158054   6585.531    793.000     4.5698   3.338467     4.5719   3.338638      98.63     0.0157     2.5330     2.2181  34.920624  4.5726528   43.45078  -59.96348    34.9560    34.9558     4.5069     4.5090    27.6966    27.6962    5.87966    5.79783         30 0.0000e+00
     158081   6586.677    792.000     4.5726   3.338652     4.5746   3.338856      98.63     0.0155     2.5331     2.2192  34.919552  4.5726495   43.45077  -59.96348    34.9557    34.9560     4.5098     4.5118    27.6961    27.6961    5.88058    5.80857         25 0.0000e+00
     158105   6587.658    791.000     4.5758   3.338936     4.5771   3.339041      98.63     0.0164     2.5335     2.2199  34.923119  4.5726495   43.45076  -59.96348    34.9561    34.9560     4.5131     4.5144    27.6961    27.6958    5.88104    5.80072         22 0.0000e+00
     158126   6588.551    790.000     4.5781   3.339107     4.5787   3.339149      98.63     0.0152     2.5337     2.2201  34.923077  4.5726495   43.45076  -59.96348    34.9563    34.9561     4.5154     4.5161    27.6960    27.6957    5.87991    5.80172         21 0.0000e+00
     158147   6589.431    789.000     4.5793   3.339201     4.5799   3.339217      82.87     0.0143     2.5335     2.2205  34.920433  4.5766177   43.45076  -59.96349    34.9566    34.9562     4.5167     4.5173    27.6960    27.6957    5.87700    5.80695         22 0.0000e+00
     158170   6590.365    788.000     4.5805   3.339250     4.5810   3.339291      48.85     0.0145     2.5338     2.2216  34.915485  4.5823565   43.45078  -59.96350    34.9564    34.9563     4.5180     4.5185    27.6958    27.6956    5.87992    5.81270         23 0.0000e+00
     158194   6591.381    787.000     4.5815   3.339301     4.5826   3.339374      98.93     0.0157     2.5338     2.2224  34.920174  4.5824175   43.45078  -59.96350    34.9565    34.9562     4.5190     4.5201    27.6957    27.6954    5.87849    5.80702         25 0.0000e+00
     158218   6592.390    786.000     4.5825   3.339355     4.5834   3.339405      98.30     0.0177     2.5344     2.2226  34.936695  4.5824175   43.45078  -59.96350    34.9566    34.9562     4.5202     4.5210    27.6957    27.6953    5.88013    5.80040         23 0.0000e+00
     158240   6593.283    785.000     4.5840   3.339463     4.5852   3.339541      88.91     0.0161     2.5343     2.2222  34.932549  4.5824175   43.45078  -59.96350    34.9568    34.9564     4.5217     4.5230    27.6957    27.6952    5.87684    5.79562         20 0.0000e+00
     158259   6594.088    784.000     4.5864   3.339633     4.5868   3.339637      98.69     0.0141     2.5345     2.2220  34.923023  4.5829344   43.45076  -59.96350    34.9568    34.9563     4.5242     4.5247    27.6954    27.6949    5.87752    5.79408         19 0.0000e+00
     158278   6594.874    783.000     4.5870   3.339646     4.5870   3.339614      98.63     0.0124     2.5349     2.2219  34.923077  4.5824184   43.45077  -59.96351    34.9568    34.9564     4.5248     4.5249    27.6953    27.6949    5.87910    5.79599         19 0.0000e+00
     158299   6595.733    782.000     4.5869   3.339595     4.5866   3.339528      98.63     0.0164     2.5351     2.2218  34.923077  4.5890803   43.45078  -59.96352    34.9568    34.9564     4.5248     4.5245    27.6953    27.6950    5.87540    5.79361         23 0.0000e+00
     158325   6596.835    781.000     4.5869   3.339559     4.5884   3.339648      98.63     0.0159     2.5350     2.2215  34.923077  4.5921340   43.45078  -59.96352    34.9569    34.9564     4.5250     4.5264    27.6953    27.6948    5.87389    5.78770         30 0.0000e+00
     158356   6598.127    780.000     4.5886   3.339654     4.5928   3.340017      98.63     0.0144     2.5346     2.2205  34.923077  4.5921855   43.45078  -59.96352    34.9567    34.9566     4.5267     4.5309    27.6950    27.6945    5.86983    5.78528         29 0.0000e+00
     158382   6599.199    779.000     4.5926   3.339978     4.5969   3.340365      98.63     0.0183     2.5348     2.2207  34.923077  4.5921855   43.45078  -59.96352    34.9568    34.9568     4.5308     4.5351    27.6947    27.6941    5.86372    5.79101         24 0.0000e+00
     158405   6600.171    778.000     4.5988   3.340513     4.6002   3.340628      95.44     0.0201     2.5339     2.2208  34.923077  4.5921855   43.45078  -59.96352    34.9571    34.9569     4.5370     4.5384    27.6942    27.6939    5.86222    5.78882         23 0.0000e+00
     158428   6601.116    777.000     4.6010   3.340700     4.6028   3.340819      65.31     0.0164     2.5335     2.2212  34.923077  4.5921855   43.45078  -59.96354    34.9574    34.9570     4.5393     4.5411    27.6942    27.6936    5.86447    5.79508         22 0.0000e+00
     158450   6602.026    776.000     4.6031   3.340835     4.6038   3.340869      98.82     0.0171     2.5340     2.2218  34.923077  4.5935254   43.45078  -59.96354    34.9573    34.9570     4.5415     4.5463    27.6939    27.6936    5.87457    5.79409         22 0.0000e+00
     158470   6602.894    775.000     4.6046   3.340936     4.6052   3.340955      98.63     0.0160     2.5351     2.2222  34.923077  4.5941377   43.45078  -59.96354    34.9574    34.9570     4.5431     4.5437    27.6938    27.6934    5.87906    5.79251         20 0.0000e+00
     158491   6603.752    774.000     4.6050   3.340942     4.6059   3.340977      98.63     0.0119     2.5358     2.2222  34.927277  4.6005778   43.45078  -59.96354    34.9576    34.9571     4.5436     4.5444    27.6938    27.6933    5.87136    5.79160         21 0.0000e+00
     158513   6604.677    773.000     4.6062   3.341008     4.6072   3.341056      98.63     0.0113     2.5356     2.2229  34.930367  4.6019373   43.45078  -59.96354    34.9576    34.9572     4.5448     4.5458    27.6937    27.6933    5.86993    5.79468         24 0.0000e+00
     158539   6605.758    772.000     4.6073   3.341055     4.6080   3.341088      98.63     0.0156     2.5364     2.2229  34.934540  4.6019535   43.45078  -59.96354    34.9576    34.9572     4.5460     4.5467    27.6936    27.6932    5.87106    5.78957         28 0.0000e+00
     158569   6606.985    771.000     4.6080   3.341074     4.6091   3.341145      98.63     0.0156     2.5362     2.2232  34.938316  4.6022978   43.45078  -59.96354    34.9575    34.9572     4.5468     4.5478    27.6934    27.6931    5.86724    5.79072         29 0.0000e+00
     158595   6608.087    770.000     4.6102   3.341228     4.6119   3.341370      77.06     0.0154     2.5363     2.2234  34.949577  4.6102686   43.45078  -59.96355    34.9575    34.9573     4.5491     4.5545    27.6931    27.6928    5.86596    5.79112         24 0.0000e+00
     158617   6609.012    769.000     4.6142   3.341554     4.6153   3.341650      47.83     0.0150     2.5367     2.2238  34.946060  4.6108003   43.45078  -59.96356    34.9576    34.9576     4.5531     4.5542    27.6928    27.6926    5.86882    5.79085         21 0.0000e+00
     158637   6609.852    768.000     4.6180   3.341864     4.6188   3.341932      98.51     0.0134     2.5364     2.2237  34.937752  4.6112318   43.45078  -59.96356    34.9577    34.9576     4.5570     4.5578    27.6925    27.6923    5.86475    5.78390         20 0.0000e+00
     158658   6610.691    767.000     4.6198   3.341999     4.6205   3.342036      98.63     0.0150     2.5370     2.2235  34.937046  4.6117115   43.45078  -59.96356    34.9580    34.9576     4.5588     4.5596    27.6924    27.6921    5.86834    5.78506         21 0.0000e+00
     158680   6611.621    766.000     4.6208   3.342057     4.6212   3.342046      89.04     0.0129     2.5368     2.2237  34.937710  4.6125140   43.45078  -59.96356    34.9581    34.9576     4.5599     4.5603    27.6925    27.6920    5.86299    5.78628         24 0.0000e+00
     158706   6612.719    765.000     4.6212   3.342054     4.6213   3.342017      98.55     0.0123     2.5373     2.2237  34.937729  4.6117291   43.45078  -59.96356    34.9581    34.9576     4.5604     4.5606    27.6924    27.6919    5.86506    5.78683         28 0.0000e+00
     158733   6613.843    764.000     4.6216   3.342027     4.6216   3.341991      98.63     0.0136     2.5375     2.2243  34.935955  4.6196036   43.45078  -59.96356    34.9580    34.9575     4.5609     4.5609    27.6922    27.6919    5.86946    5.78677         25 0.0000e+00
     158757   6614.829    763.000     4.6220   3.342022     4.6219   3.341979      98.63     0.0107     2.5378     2.2241  34.937080  4.6215219   43.45078  -59.96357    34.9579    34.9576     4.5614     4.5612    27.6921    27.6919    5.86176    5.78210         22 0.0000e+00
     158779   6615.753    762.000     4.6225   3.342027     4.6224   3.341986      98.63     0.0132     2.5377     2.2241  34.937092  4.6214895   43.45078  -59.96358    34.9580    34.9576     4.5619     4.5619    27.6922    27.6918    5.86517    5.78689         23 0.0000e+00
     158803   6616.751    761.000     4.6228   3.342011     4.6227   3.341965      98.63     0.0132     2.5379     2.2250  34.937717  4.6214895   43.45078  -59.96358    34.9580    34.9576     4.5624     4.5622    27.6921    27.6918    5.85925    5.79354         26 0.0000e+00
     158831   6617.907    760.000     4.6228   3.341969     4.6227   3.341920      98.63     0.0153     2.5376     2.2252  34.936726  4.6281691   43.45078  -59.96358    34.9580    34.9575     4.5624     4.5624    27.6921    27.6917    5.85842    5.78129         29 0.0000e+00
