data/CTD/2014/CNV/u017a022.cnv
* Sea-Bird SBE 9 Data File:
* FileName = C:\CTD_ACQUISITION\2014017HUD\ctddata\017A022.hdr
* Software Version Seasave V 7.22.2
* Temperature SN = 5081
* Conductivity SN = 3561
* Number of Bytes Per Scan = 37
* Number of Voltage Words = 4
* Number of Scans Averaged by the Deck Unit = 1
* NMEA Latitude = 53 23.40 N
* NMEA Longitude = 050 07.48 W
* NMEA UTC (Time) = Jul 05 2014 05:54:43
* NMEA baud rate = 9600
** Ship: Hudson
** Cruise: HUD2014017
** Chief_Scientist: Blair Greenan
** Organization: BIO
** Area_of_Operation: Sackville Spur
** Station: 022
** Sounding:  3370
** Event_Comments: K10, 403125
# nquan = 25
# nvalues = 3511                        
# units = specified
# name 0 = scan: Scan Count
# name 1 = timeS: Time, Elapsed [seconds]
# name 2 = prDM: Pressure, Digiquartz [db]
# name 3 = t068C: Temperature [ITS-68, deg C]
# name 4 = c0S/m: Conductivity [S/m]
# name 5 = t168C: Temperature, 2 [ITS-68, deg C]
# name 6 = c1S/m: Conductivity, 2 [S/m]
# name 7 = altM: Altimeter [m]
# name 8 = flC: Fluorescence, Chelsea Aqua 3 Chl Con [ug/l]
# name 9 = sbeox0V: Oxygen raw, SBE 43 [V]
# name 10 = sbeox1V: Oxygen raw, SBE 43, 2 [V]
# name 11 = upoly0: Upoly 0, Optode 4330F - O2 D-Phase
# name 12 = upoly1: Upoly 1, Optode 4330F - O2 Temp
# name 13 = latitude: Latitude [deg]
# name 14 = longitude: Longitude [deg]
# name 15 = sal00: Salinity, Practical [PSU]
# name 16 = sal11: Salinity, Practical, 2 [PSU]
# name 17 = potemp068C: Potential Temperature [ITS-68, deg C]
# name 18 = potemp168C: Potential Temperature, 2 [ITS-68, deg C]
# name 19 = sigma-é00: Density [sigma-theta, Kg/m^3]
# name 20 = sigma-é11: Density, 2 [sigma-theta, Kg/m^3]
# name 21 = sbeox0ML/L: Oxygen, SBE 43 [ml/l], WS = 2
# name 22 = sbeox1ML/L: Oxygen, SBE 43, 2 [ml/l], WS = 2
# name 23 = nbin: number of scans per bin
# name 24 = flag: flag
# span 0 =      92329,     196122       
# span 1 =   3847.018,   8171.721       
# span 2 =      1.000,   3511.000       
# span 3 =     1.7875,     8.9879       
# span 4 =   3.194471,   3.674341       
# span 5 =     1.7864,     8.9878       
# span 6 =   3.194440,   3.674285       
# span 7 =       1.45,     107.14       
# span 8 =     0.0048,     0.5654       
# span 9 =     2.0330,     3.4863       
# span 10 =     1.8009,     3.0647      
# span 11 =  29.880398,  35.868370      
# span 12 =  1.7784536,  9.0174618      
# span 13 =   53.39000,   53.39130      
# span 14 =  -50.12258,  -50.12048      
# span 15 =    34.5873,    34.9182      
# span 16 =    34.5864,    34.9187      
# span 17 =     1.5123,     8.9876      
# span 18 =     1.5111,     8.9875      
# span 19 =    26.7988,    27.9235      
# span 20 =    26.7981,    27.9240      
# span 21 =    6.26574,    7.17125      
# span 22 =    6.02036,    7.19199      
# span 23 =         11,         75      
# span 24 = 0.0000e+00, 0.0000e+00      
# interval = decibars: 1                
# start_time = Jul 05 2014 05:54:43 [NMEA time, header]
# bad_flag = -9.990e-29
*END*
[from data line 754]
     111392   4641.312   2757.000     2.8267   3.260128     2.8264   3.260129      96.39     0.0138     2.1406     1.8841  35.690403  2.8144338   53.39116  -50.12208    34.9163    34.9167     2.6046     2.6043    27.8540    27.8543    6.41296    6.30755         33 0.0000e+00
     111431   4642.916   2756.000     2.8270   3.260099     2.8255   3.260005      95.13     0.0135     2.1410     1.8842  35.691143  2.8152802   53.39116  -50.12208    34.9162    34.9166     2.6050     2.6035    27.8539    27.8544    6.41533    6.30591         36 0.0000e+00
     111459   4644.072   2755.000     2.8273   3.260077     2.8260   3.260014      90.12     0.0120     2.1408     1.8841  35.690708  2.8187406   53.39116  -50.12208    34.9160    34.9167     2.6054     2.6041    27.8537    27.8543    6.41079    6.30791         23 0.0000e+00
     111480   4644.950   2754.000     2.8296   3.260246     2.8293   3.260300      95.73     0.0151     2.1411     1.8843  35.690567  2.8218226   53.39116  -50.12208    34.9161    34.9171     2.6077     2.6074    27.8536    27.8544    6.41018    6.30575         21 0.0000e+00
     111501   4645.829   2753.000     2.8315   3.260418     2.8336   3.260660      89.96     0.0107     2.1407     1.8842  35.690563  2.8227754   53.39116  -50.12208    34.9166    34.9173     2.6097     2.6117    27.8538    27.8542    6.39360    6.30462         21 0.0000e+00
     111523   4646.750   2752.000     2.8341   3.260638     2.8359   3.260862      98.63     0.0091     2.1401     1.8842  35.690079  2.8241756   53.39116  -50.12208    34.9169    34.9176     2.6124     2.6141    27.8538    27.8543    6.40225    6.29644         23 0.0000e+00
     111546   4647.691   2751.000     2.8359   3.260775     2.8370   3.260923      98.64     0.0103     2.1404     1.8838  35.689644  2.8241758   53.39116  -50.12208    34.9171    34.9177     2.6142     2.6153    27.8538    27.8542    6.40165    6.28610         22 0.0000e+00
     111566   4648.558   2750.000     2.8371   3.260835     2.8373   3.260903      85.00     0.0104     2.1401     1.8832  35.689610  2.8241758   53.39116  -50.12208    34.9170    34.9176     2.6155     2.6157    27.8536    27.8541    6.40052    6.29020         19 0.0000e+00
     111585   4649.331   2749.000     2.8373   3.260835     2.8377   3.260910      99.00     0.0151     2.1405     1.8835  35.686539  2.8241758   53.39116  -50.12208    34.9172    34.9178     2.6158     2.6161    27.8538    27.8542    6.40750    6.29463         18 0.0000e+00
     111602   4650.036   2748.000     2.8382   3.260878     2.8380   3.260899      98.64     0.0162     2.1404     1.8831  35.688416  2.8275945   53.39116  -50.12208    34.9173    34.9177     2.6167     2.6166    27.8537    27.8541    6.39726    6.28992         17 0.0000e+00
     111618   4650.723   2747.000     2.8388   3.260894     2.8383   3.260889      98.64     0.0182     2.1400     1.8833  35.691364  2.8296518   53.39116  -50.12208    34.9173    34.9177     2.6174     2.6170    27.8537    27.8541    6.39258    6.29584         16 0.0000e+00
     111636   4651.465   2746.000     2.8393   3.260905     2.8388   3.260896      55.34     0.0191     2.1401     1.8833  35.689415  2.8324273   53.39116  -50.12208    34.9174    34.9177     2.6180     2.6176    27.8537    27.8540    6.39696    6.29884         20 0.0000e+00
     111670   4652.873   2745.000     2.8394   3.260881     2.8386   3.260841      89.83     0.0143     2.1400     1.8837  35.689915  2.8328953   53.39114  -50.12208    34.9174    34.9178     2.6182     2.6175    27.8537    27.8541    6.39716    6.29834         61 0.0000e+00
     111732   4655.453   2744.000     2.8386   3.260764     2.8371   3.260648      91.37     0.0086     2.1402     1.8842  35.688068  2.8341415   53.39114  -50.12208    34.9173    34.9175     2.6176     2.6161    27.8537    27.8539    6.39912    6.30014         30 0.0000e+00
     111746   4656.058   2743.000     2.8389   3.260720     2.8376   3.260658      98.74     0.0107     2.1404     1.8843  35.691059  2.8304384   53.39114  -50.12208    34.9169    34.9175     2.6180     2.6167    27.8533    27.8539    6.39564    6.29498         17 0.0000e+00
     111761   4656.678   2742.000     2.8400   3.260795     2.8389   3.260742      98.64     0.0106     2.1401     1.8841  35.688164  2.8242676   53.39115  -50.12208    34.9171    34.9177     2.6192     2.6180    27.8534    27.8539    6.39751    6.29445         14 0.0000e+00
     111776   4657.274   2741.000     2.8420   3.260936     2.8413   3.260914      88.13     0.0104     2.1400     1.8844  35.689175  2.8241758   53.39116  -50.12208    34.9172    34.9177     2.6212     2.6205    27.8533    27.8537    6.40035    6.29771         14 0.0000e+00
     111790   4657.889   2740.000     2.8427   3.260972     2.8429   3.261024      89.98     0.0131     2.1408     1.8844  35.686840  2.8259869   53.39116  -50.12208    34.9173    34.9177     2.6219     2.6222    27.8533    27.8536    6.40055    6.29581         16 0.0000e+00
     111807   4658.576   2739.000     2.8433   3.260999     2.8436   3.261049      98.29     0.0136     2.1404     1.8846  35.690525  2.8336246   53.39116  -50.12208    34.9174    34.9177     2.6227     2.6230    27.8533    27.8535    6.39876    6.29590         18 0.0000e+00
     111829   4659.481   2738.000     2.8441   3.261032     2.8442   3.261079      88.68     0.0157     2.1411     1.8846  35.690426  2.8339438   53.39116  -50.12208    34.9175    34.9179     2.6235     2.6237    27.8533    27.8536    6.39643    6.29015         27 0.0000e+00
     111864   4660.956   2737.000     2.8432   3.260909     2.8431   3.260922      98.78     0.0194     2.1409     1.8846  35.689735  2.8339438   53.39115  -50.12208    34.9174    34.9177     2.6227     2.6226    27.8533    27.8535    6.39836    6.29764         40 0.0000e+00
     111896   4662.281   2736.000     2.8430   3.260840     2.8423   3.260815      88.15     0.0193     2.1415     1.8853  35.696606  2.8339438   53.39114  -50.12208    34.9172    34.9176     2.6227     2.6220    27.8532    27.8535    6.39944    6.30638         23 0.0000e+00
     111916   4663.112   2735.000     2.8450   3.260982     2.8446   3.260985      95.02     0.0195     2.1414     1.8857  35.689804  2.8339438   53.39114  -50.12208    34.9172    34.9178     2.6248     2.6243    27.8530    27.8535    6.38959    6.30205         18 0.0000e+00
     111934   4663.866   2734.000     2.8467   3.261096     2.8469   3.261142      98.70     0.0204     2.1414     1.8858  35.696484  2.8339438   53.39114  -50.12208    34.9173    34.9177     2.6265     2.6267    27.8529    27.8532    6.40106    6.30442         18 0.0000e+00
     111953   4664.647   2733.000     2.8485   3.261206     2.8489   3.261273      98.64     0.0204     2.1419     1.8864  35.692303  2.8339438   53.39114  -50.12208    34.9172    34.9176     2.6283     2.6287    27.8527    27.8529    6.40156    6.30152         20 0.0000e+00
     111975   4665.592   2732.000     2.8495   3.261257     2.8500   3.261327      98.64     0.0209     2.1421     1.8863  35.689526  2.8339438   53.39114  -50.12208    34.9172    34.9175     2.6294     2.6299    27.8526    27.8527    6.39693    6.29122         26 0.0000e+00
     112005   4666.813   2731.000     2.8505   3.261311     2.8503   3.261306      95.34     0.0186     2.1425     1.8864  35.689232  2.8361888   53.39114  -50.12208    34.9172    34.9174     2.6305     2.6304    27.8525    27.8526    6.39667    6.29388         31 0.0000e+00
     112031   4667.914   2730.000     2.8518   3.261374     2.8510   3.261339      88.57     0.0151     2.1425     1.8863  35.691006  2.8393223   53.39114  -50.12208    34.9171    34.9176     2.6319     2.6311    27.8522    27.8527    6.39738    6.29087         22 0.0000e+00
     112050   4668.723   2729.000     2.8528   3.261417     2.8528   3.261471      98.81     0.0129     2.1426     1.8864  35.690140  2.8437893   53.39114  -50.12208    34.9170    34.9176     2.6330     2.6330    27.8521    27.8526    6.39493    6.29313         17 0.0000e+00
     112067   4669.424   2728.000     2.8543   3.261519     2.8540   3.261537      98.64     0.0138     2.1426     1.8865  35.689281  2.8437119   53.39114  -50.12208    34.9171    34.9176     2.6345     2.6342    27.8520    27.8525    6.40449    6.29495         17 0.0000e+00
     112084   4670.117   2727.000     2.8550   3.261552     2.8546   3.261546      91.35     0.0131     2.1438     1.8866  35.688438  2.8437119   53.39114  -50.12210    34.9172    34.9175     2.6353     2.6350    27.8520    27.8523    6.39975    6.29513         17 0.0000e+00
     112102   4670.893   2726.000     2.8553   3.261541     2.8549   3.261523      88.99     0.0128     2.1430     1.8870  35.691177  2.8437119   53.39114  -50.12210    34.9172    34.9174     2.6357     2.6353    27.8520    27.8522    6.39143    6.29537         21 0.0000e+00
     112135   4672.266   2725.000     2.8553   3.261508     2.8546   3.261466      91.72     0.0140     2.1437     1.8870  35.689747  2.8437119   53.39114  -50.12210    34.9173    34.9175     2.6358     2.6351    27.8520    27.8523    6.39727    6.29099         51 0.0000e+00
     112184   4674.273   2724.000     2.8542   3.261368     2.8539   3.261353      99.39     0.0155     2.1443     1.8872  35.691776  2.8437119   53.39114  -50.12210    34.9172    34.9174     2.6349     2.6345    27.8521    27.8522    6.39584    6.28963         29 0.0000e+00
     112202   4675.052   2723.000     2.8550   3.261372     2.8542   3.261345      93.52     0.0098     2.1439     1.8870  35.688396  2.8437119   53.39114  -50.12210    34.9169    34.9174     2.6357     2.6350    27.8518    27.8522    6.39953    6.29255         17 0.0000e+00
     112218   4675.708   2722.000     2.8557   3.261405     2.8545   3.261352      81.24     0.0087     2.1443     1.8873  35.689865  2.8437119   53.39114  -50.12210    34.9170    34.9176     2.6365     2.6354    27.8518    27.8523    6.40538    6.29661         15 0.0000e+00
     112233   4676.334   2721.000     2.8560   3.261410     2.8552   3.261369      98.68     0.0113     2.1450     1.8876  35.689865  2.8437119   53.39114  -50.12210    34.9172    34.9175     2.6369     2.6362    27.8519    27.8522    6.40743    6.29705         15 0.0000e+00
     112248   4676.974   2720.000     2.8563   3.261398     2.8557   3.261361      98.64     0.0150     2.1451     1.8877  35.692287  2.8437119   53.39114  -50.12210    34.9172    34.9174     2.6373     2.6367    27.8519    27.8521    6.40117    6.29724         16 0.0000e+00
     112266   4677.699   2719.000     2.8564   3.261372     2.8558   3.261350      98.64     0.0155     2.1453     1.8881  35.689644  2.8437119   53.39114  -50.12210    34.9172    34.9175     2.6376     2.6370    27.8518    27.8522    6.40130    6.30207         19 0.0000e+00
     112290   4678.709   2718.000     2.8565   3.261340     2.8563   3.261347      98.64     0.0163     2.1457     1.8886  35.689133  2.8437119   53.39114  -50.12210    34.9172    34.9175     2.6377     2.6375    27.8518    27.8521    6.39521    6.30230         32 0.0000e+00
     112331   4680.437   2717.000     2.8561   3.261271     2.8554   3.261227      89.25     0.0158     2.1457     1.8889  35.689552  2.8497436   53.39114  -50.12210    34.9173    34.9174     2.6374     2.6368    27.8519    27.8521    6.39821    6.28996         42 0.0000e+00
     112360   4681.627   2716.000     2.8565   3.261252     2.8557   3.261217      98.79     0.0163     2.1464     1.8891  35.688629  2.8515658   53.39114  -50.12210    34.9170    34.9174     2.6379     2.6372    27.8516    27.8520    6.39739    6.29534         20 0.0000e+00
     112378   4682.358   2715.000     2.8598   3.261500     2.8592   3.261518      98.64     0.0169     2.1459     1.8889  35.689568  2.8442829   53.39114  -50.12210    34.9170    34.9178     2.6413     2.6407    27.8513    27.8520    6.39668    6.28416         16 0.0000e+00
     112393   4683.001   2714.000     2.8628   3.261748     2.8627   3.261786      95.81     0.0159     2.1467     1.8887  35.688889  2.8437104   53.39114  -50.12212    34.9173    34.9178     2.6443     2.6442    27.8513    27.8517    6.40883    6.28961         15 0.0000e+00
     112408   4683.632   2713.000     2.8641   3.261844     2.8643   3.261886      73.52     0.0155     2.1469     1.8892  35.687901  2.8437119   53.39114  -50.12212    34.9175    34.9178     2.6457     2.6458    27.8514    27.8516    6.40236    6.29576         15 0.0000e+00
     112425   4684.323   2712.000     2.8652   3.261897     2.8648   3.261892      94.16     0.0173     2.1468     1.8891  35.686546  2.8492842   53.39114  -50.12210    34.9174    34.9177     2.6469     2.6465    27.8511    27.8515    6.38734    6.29396         19 0.0000e+00
     112462   4685.880   2711.000     2.8649   3.261843     2.8641   3.261792      91.19     0.0180     2.1469     1.8899  35.686481  2.8510916   53.39116  -50.12210    34.9175    34.9178     2.6467     2.6459    27.8513    27.8516    6.39394    6.29873         49 0.0000e+00
     112519   4688.264   2710.000     2.8639   3.261700     2.8627   3.261610      91.20     0.0198     2.1476     1.8904  35.692089  2.8537002   53.39116  -50.12210    34.9173    34.9176     2.6458     2.6530    27.8512    27.8515    6.39175    6.29021         20 0.0000e+00
     112532   4688.778   2709.000     2.8648   3.261731     2.8637   3.261676      81.11     0.0191     2.1471     1.8905  35.690201  2.8534799   53.39116  -50.12211    34.9172    34.9178     2.6468     2.6456    27.8510    27.8516    6.39504    6.28859         14 0.0000e+00
     112544   4689.306   2708.000     2.8654   3.261746     2.8643   3.261697      98.42     0.0172     2.1471     1.8903  35.688663  2.8534799   53.39116  -50.12212    34.9172    34.9178     2.6474     2.6464    27.8510    27.8515    6.40361    6.28973         12 0.0000e+00
     112556   4689.800   2707.000     2.8657   3.261733     2.8647   3.261686      98.64     0.0160     2.1483     1.8906  35.689835  2.8534799   53.39116  -50.12212    34.9172    34.9176     2.6478     2.6469    27.8510    27.8514    6.40484    6.29142         12 0.0000e+00
     112568   4690.295   2706.000     2.8657   3.261696     2.8648   3.261637      82.34     0.0158     2.1480     1.8906  35.688690  2.8534799   53.39116  -50.12212    34.9173    34.9175     2.6479     2.6470    27.8510    27.8512    6.38975    6.29108         12 0.0000e+00
     112581   4690.824   2705.000     2.8656   3.261649     2.8646   3.261581      83.69     0.0152     2.1479     1.8904  35.689476  2.8534799   53.39116  -50.12212    34.9173    34.9174     2.6479     2.6470    27.8510    27.8512    6.39043    6.28867         13 0.0000e+00
     112596   4691.459   2704.000     2.8654   3.261585     2.8642   3.261495      98.18     0.0146     2.1481     1.8906  35.686699  2.8534799   53.39116  -50.12212    34.9172    34.9174     2.6478     2.6466    27.8509    27.8512    6.39143    6.29094         18 0.0000e+00
     112638   4693.193   2703.000     2.8649   3.261514     2.8638   3.261433      98.64     0.0148     2.1485     1.8912  35.688156  2.8534799   53.39116  -50.12212    34.9172    34.9175     2.6475     2.6464    27.8510    27.8513    6.39844    6.29881         49 0.0000e+00
     112700   4695.771   2702.000     2.8648   3.261452     2.8639   3.261390      98.63     0.0156     2.1497     1.8922  35.686256  2.8534799   53.39116  -50.12212    34.9171    34.9173     2.6475     2.6465    27.8509    27.8512    6.41034    6.29701         21 0.0000e+00
     112715   4696.408   2701.000     2.8650   3.261408     2.8640   3.261363      98.64     0.0175     2.1498     1.8921  35.684959  2.8534799   53.39116  -50.12212    34.9168    34.9174     2.6477     2.6467    27.8507    27.8512    6.40723    6.29817         16 0.0000e+00
