data/CTD/2014/CNV/u017a030.cnv
* Sea-Bird SBE 9 Data File:
* FileName = C:\CTD_ACQUISITION\2014017HUD\ctddata\017A030.hdr
* Software Version Seasave V 7.22.2
* Temperature SN = 5081
* Conductivity SN = 3561
* Number of Bytes Per Scan = 37
* Number of Voltage Words = 4
* Number of Scans Averaged by the Deck Unit = 1
* NMEA Latitude = 48 45.33 N
* NMEA Longitude = 045 38.35 W
* NMEA UTC (Time) = Jul 07 2014 06:14:51
* NMEA baud rate = 9600
** Ship: Hudson
** Cruise: HUD2014017
** Chief_Scientist: Blair Greenan
** Organization: BIO
** Area_of_Operation: Sackville Spur
** Station: 030
** Sounding:  1323
** Event_Comments: SS_24, 403179
# nquan = 25
# nvalues = 1363                        
# units = specified
# name 0 = scan: Scan Count
# name 1 = timeS: Time, Elapsed [seconds]
# name 2 = prDM: Pressure, Digiquartz [db]
# name 3 = t068C: Temperature [ITS-68, deg C]
# name 4 = c0S/m: Conductivity [S/m]
# name 5 = t168C: Temperature, 2 [ITS-68, deg C]
# name 6 = c1S/m: Conductivity, 2 [S/m]
# name 7 = altM: Altimeter [m]
# name 8 = flC: Fluorescence, Chelsea Aqua 3 Chl Con [ug/l]
# name 9 = sbeox0V: Oxygen raw, SBE 43 [V]
# name 10 = sbeox1V: Oxygen raw, SBE 43, 2 [V]
# name 11 = upoly0: Upoly 0, Optode 4330F - O2 D-Phase
# name 12 = upoly1: Upoly 1, Optode 4330F - O2 Temp
# name 13 = latitude: Latitude [deg]
# name 14 = longitude: Longitude [deg]
# name 15 = sal00: Salinity, Practical [PSU]
# name 16 = sal11: Salinity, Practical, 2 [PSU]
# name 17 = potemp068C: Potential Temperature [ITS-68, deg C]
# name 18 = potemp168C: Potential Temperature, 2 [ITS-68, deg C]
# name 19 = sigma-é00: Density [sigma-theta, Kg/m^3]
# name 20 = sigma-é11: Density, 2 [sigma-theta, Kg/m^3]
# name 21 = sbeox0ML/L: Oxygen, SBE 43 [ml/l], WS = 2
# name 22 = sbeox1ML/L: Oxygen, SBE 43, 2 [ml/l], WS = 2
# name 23 = nbin: number of scans per bin
# name 24 = flag: flag
# span 0 =      41209,      75304       
# span 1 =   1717.007,   3137.615       
# span 2 =      1.000,   1363.000       
# span 3 =     1.8472,     8.6261       
# span 4 =   3.004605,   3.564310       
# span 5 =     1.8398,     8.6305       
# span 6 =   3.003706,   3.566934       
# span 7 =      -9.03,     107.89       
# span 8 =     0.0081,     0.2751       
# span 9 =     2.4639,     3.5719       
# span 10 =     2.1789,     3.1645      
# span 11 =  30.273191,  34.800533      
# span 12 =  2.2676368,  8.6649389      
# span 13 =   48.75832,   48.76087      
# span 14 =  -45.63732,  -45.63647      
# span 15 =    33.7656,    34.9157      
# span 16 =    33.7663,    34.9151      
# span 17 =     1.8448,     8.6255      
# span 18 =     1.8375,     8.6304      
# span 19 =    26.2109,    27.7719      
# span 20 =    26.2101,    27.7714      
# span 21 =    6.26947,    9.01649      
# span 22 =    5.85771,    9.16638      
# span 23 =         10,         89      
# span 24 = 0.0000e+00, 0.0000e+00      
# interval = decibars: 1                
# start_time = Jul 07 2014 06:14:51 [NMEA time, header]
# bad_flag = -9.990e-29
*END*
[from data line 812]
      60073   2502.995    551.000     3.7034   3.241617     3.7025   3.241474      98.82     0.0151     2.8170     2.4784  33.622292  3.7132351   48.76034  -45.63710    34.8548    34.8540     3.6645     3.6637    27.7052    27.7046    6.65487    6.63554         23 0.0000e+00
      60093   2503.821    550.000     3.7017   3.241361     3.6992   3.241063      67.97     0.0152     2.8171     2.4785  33.620663  3.7125165   48.76034  -45.63710    34.8541    34.8532     3.6629     3.6604    27.7048    27.7043    6.65121    6.63492         18 0.0000e+00
      60109   2504.515    549.000     3.6976   3.240888     3.6959   3.240548      82.01     0.0134     2.8177     2.4787  33.618156  3.7130601   48.76034  -45.63710    34.8533    34.8511     3.6589     3.6592    27.7046    27.7029    6.65330    6.63364         16 0.0000e+00
      60125   2505.161    548.000     3.6953   3.240596     3.6941   3.240382      97.33     0.0128     2.8178     2.4784  33.613228  3.7130647   48.76034  -45.63710    34.8528    34.8515     3.6567     3.6555    27.7044    27.7035    6.64937    6.62927         15 0.0000e+00
      60141   2505.822    547.000     3.6943   3.240434     3.6933   3.240296       6.39     0.0135     2.8175     2.4784  33.612171  3.7130647   48.76034  -45.63710    34.8525    34.8518     3.6558     3.6548    27.7042    27.7038    6.65169    6.63516         17 0.0000e+00
      60159   2506.574    546.000     3.6937   3.240330     3.6931   3.240217      76.16     0.0134     2.8186     2.4791  33.620186  3.7050884   48.76034  -45.63710    34.8524    34.8517     3.6552     3.6546    27.7042    27.7037    6.65618    6.64059         20 0.0000e+00
      60185   2507.661    545.000     3.6935   3.240268     3.6929   3.240166      84.07     0.0170     2.8189     2.4794  33.617413  3.7033591   48.76034  -45.63709    34.8524    34.8518     3.6551     3.6546    27.7042    27.7038    6.64926    6.63325         33 0.0000e+00
      60221   2509.163    544.000     3.6936   3.240236     3.6929   3.240114      83.52     0.0224     2.8189     2.4794  33.586781  3.7032967   48.76034  -45.63708    34.8524    34.8517     3.6553     3.6546    27.7042    27.7038    6.65704    6.63332         34 0.0000e+00
      60250   2510.355    543.000     3.6936   3.240181     3.6927   3.240049      68.68     0.0205     2.8204     2.4798  33.586197  3.7032967   48.76034  -45.63708    34.8523    34.8517     3.6554     3.6545    27.7041    27.7037    6.66080    6.64116         25 0.0000e+00
      60271   2511.264    542.000     3.6921   3.239970     3.6912   3.239847      98.42     0.0150     2.8209     2.4807  33.593357  3.7032967   48.76034  -45.63708    34.8519    34.8514     3.6539     3.6531    27.7040    27.7036    6.66349    6.64382         20 0.0000e+00
      60291   2512.073    541.000     3.6905   3.239757     3.6902   3.239682      98.64     0.0128     2.8222     2.4812  33.587509  3.7032967   48.76034  -45.63708    34.8516    34.8511     3.6525     3.6521    27.7038    27.7035    6.66276    6.64437         19 0.0000e+00
      60310   2512.879    540.000     3.6893   3.239581     3.6889   3.239490      98.64     0.0134     2.8220     2.4818  33.587543  3.7032967   48.76034  -45.63708    34.8513    34.8507     3.6513     3.6509    27.7037    27.7033    6.66227    6.64475         20 0.0000e+00
      60332   2513.795    539.000     3.6884   3.239436     3.6877   3.239318      98.64     0.0150     2.8231     2.4824  33.584911  3.7032967   48.76034  -45.63708    34.8511    34.8504     3.6505     3.6499    27.7036    27.7031    6.66406    6.64600         24 0.0000e+00
      60360   2514.956    538.000     3.6878   3.239321     3.6872   3.239206      72.48     0.0149     2.8237     2.4830  33.581120  3.6997070   48.76034  -45.63708    34.8509    34.8502     3.6500     3.6493    27.7035    27.7030    6.66394    6.64406         32 0.0000e+00
      60392   2516.287    537.000     3.6878   3.239267     3.6867   3.239101      99.41     0.0127     2.8246     2.4834  33.578560  3.6982038   48.76034  -45.63708    34.8508    34.8499     3.6500     3.6490    27.7034    27.7029    6.66921    6.64848         29 0.0000e+00
      60416   2517.307    536.000     3.6873   3.239164     3.6862   3.238986      98.63     0.0140     2.8257     2.4844  33.576485  3.6974068   48.76034  -45.63706    34.8505    34.8496     3.6497     3.6485    27.7033    27.7027    6.66816    6.64820         20 0.0000e+00
      60434   2518.058    535.000     3.6862   3.238978     3.6856   3.238877      47.56     0.0131     2.8257     2.4844  33.577702  3.6963797   48.76034  -45.63706    34.8501    34.8495     3.6486     3.6480    27.7030    27.7027    6.66307    6.64500         17 0.0000e+00
      60450   2518.702    534.000     3.6854   3.238847     3.6850   3.238765      80.13     0.0155     2.8256     2.4847  33.578987  3.6935568   48.76034  -45.63706    34.8499    34.8493     3.6479     3.6475    27.7029    27.7025    6.66239    6.65015         15 0.0000e+00
      60464   2519.306    533.000     3.6851   3.238755     3.6846   3.238674      98.43     0.0157     2.8259     2.4851  33.580311  3.6935287   48.76034  -45.63706    34.8497    34.8492     3.6476     3.6472    27.7028    27.7025    6.66659    6.65090         14 0.0000e+00
      60479   2519.925    532.000     3.6848   3.238697     3.6844   3.238613      55.33     0.0165     2.8267     2.4856  33.577991  3.6935287   48.76034  -45.63706    34.8498    34.8492     3.6474     3.6470    27.7029    27.7025    6.66954    6.64602         15 0.0000e+00
      60496   2520.609    531.000     3.6846   3.238630     3.6841   3.238537      83.85     0.0125     2.8270     2.4853  33.578926  3.6935287   48.76034  -45.63706    34.8497    34.8492     3.6473     3.6468    27.7029    27.7025    6.66374    6.64048         19 0.0000e+00
      60519   2521.566    530.000     3.6845   3.238575     3.6838   3.238455      84.58     0.0124     2.8272     2.4853  33.577194  3.6935287   48.76035  -45.63706    34.8498    34.8491     3.6473     3.6466    27.7029    27.7024    6.66659    6.64325         30 0.0000e+00
      60557   2523.150    529.000     3.6844   3.238533     3.6837   3.238402      73.92     0.0172     2.8279     2.4857  33.579208  3.6935287   48.76036  -45.63706    34.8498    34.8490     3.6473     3.6466    27.7030    27.7024    6.66829    6.64601         37 0.0000e+00
      60584   2524.291    528.000     3.6844   3.238466     3.6838   3.238352      99.43     0.0206     2.8285     2.4863  33.577122  3.6920865   48.76036  -45.63706    34.8496    34.8489     3.6473     3.6467    27.7028    27.7023    6.66908    6.64501         21 0.0000e+00
      60603   2525.070    527.000     3.6836   3.238329     3.6829   3.238222      48.41     0.0198     2.8289     2.4860  33.575893  3.6902559   48.76036  -45.63704    34.8494    34.8489     3.6465     3.6459    27.7027    27.7023    6.67235    6.63868         18 0.0000e+00
      60621   2525.817    526.000     3.6826   3.238176     3.6817   3.238049      97.67     0.0196     2.8298     2.4859  33.575108  3.6899371   48.76036  -45.63704    34.8492    34.8486     3.6456     3.6448    27.7026    27.7022    6.67314    6.64234         19 0.0000e+00
      60643   2526.743    525.000     3.6814   3.238000     3.6805   3.237870      93.57     0.0173     2.8302     2.4865  33.575092  3.6932728   48.76036  -45.63704    34.8489    34.8482     3.6445     3.6437    27.7025    27.7021    6.67381    6.65348         28 0.0000e+00
      60681   2528.341    524.000     3.6808   3.237884     3.6800   3.237761      69.48     0.0177     2.8315     2.4880  33.571293  3.6935287   48.76036  -45.63704    34.8486    34.8480     3.6441     3.6432    27.7023    27.7019    6.67758    6.65582         41 0.0000e+00
      60711   2529.594    523.000     3.6807   3.237843     3.6795   3.237638      99.30     0.0143     2.8322     2.4897  33.564266  3.6935287   48.76036  -45.63704    34.8487    34.8476     3.6441     3.6428    27.7024    27.7017    6.67405    6.66520         22 0.0000e+00
      60730   2530.356    522.000     3.6793   3.237631     3.6782   3.237456      98.64     0.0151     2.8321     2.4901  33.563183  3.6904671   48.76036  -45.63704    34.8483    34.8473     3.6427     3.6417    27.7022    27.7015    6.67150    6.65979         16 0.0000e+00
      60745   2530.982    521.000     3.6778   3.237398     3.6772   3.237298      98.63     0.0169     2.8325     2.4906  33.561478  3.6900382   48.76036  -45.63704    34.8476    34.8470     3.6412     3.6407    27.7018    27.7014    6.67000    6.66261         14 0.0000e+00
      60759   2531.565    520.000     3.6772   3.237279     3.6766   3.237190      98.63     0.0159     2.8327     2.4912  33.560436  3.6893392   48.76036  -45.63704    34.8474    34.8469     3.6407     3.6402    27.7017    27.7013    6.66956    6.65946         14 0.0000e+00
      60773   2532.158    519.000     3.6768   3.237201     3.6763   3.237112      98.63     0.0163     2.8324     2.4914  33.565254  3.6876915   48.76036  -45.63702    34.8474    34.8468     3.6404     3.6399    27.7017    27.7013    6.66720    6.65093         15 0.0000e+00
      60789   2532.822    518.000     3.6765   3.237138     3.6761   3.237044      62.82     0.0126     2.8323     2.4906  33.575768  3.6838295   48.76036  -45.63702    34.8474    34.8468     3.6402     3.6398    27.7018    27.7013    6.67195    6.65338         17 0.0000e+00
      60809   2533.658    517.000     3.6763   3.237063     3.6758   3.236972      68.16     0.0145     2.8330     2.4916  33.575123  3.6837606   48.76036  -45.63702    34.8473    34.8468     3.6401     3.6396    27.7017    27.7013    6.67265    6.66254         24 0.0000e+00
      60836   2534.776    516.000     3.6762   3.237012     3.6755   3.236896      98.20     0.0128     2.8337     2.4922  33.550190  3.6837606   48.76036  -45.63702    34.8473    34.8467     3.6401     3.6394    27.7017    27.7013    6.67936    6.65793         29 0.0000e+00
      60865   2536.014    515.000     3.6764   3.236996     3.6754   3.236839      67.51     0.0132     2.8348     2.4926  33.552608  3.6837606   48.76036  -45.63702    34.8474    34.8466     3.6404     3.6394    27.7017    27.7012    6.68059    6.65934         30 0.0000e+00
      60896   2537.299    514.000     3.6762   3.236914     3.6754   3.236783      89.60     0.0154     2.8351     2.4930  33.560482  3.6837606   48.76036  -45.63702    34.8473    34.8465     3.6402     3.6394    27.7016    27.7011    6.67397    6.65573         31 0.0000e+00
      60925   2538.495    513.000     3.6750   3.236734     3.6744   3.236619      72.89     0.0184     2.8359     2.4929  33.560440  3.6837606   48.76036  -45.63700    34.8469    34.8462     3.6391     3.6385    27.7015    27.7009    6.67941    6.65586         26 0.0000e+00
      60949   2539.490    512.000     3.6736   3.236541     3.6731   3.236437      86.17     0.0170     2.8362     2.4932  33.560440  3.6837606   48.76034  -45.63700    34.8467    34.8459     3.6377     3.6373    27.7014    27.7009    6.67659    6.65514         22 0.0000e+00
      60969   2540.343    511.000     3.6714   3.236259     3.6720   3.236269      87.44     0.0160     2.8363     2.4930  33.559662  3.6837606   48.76034  -45.63700    34.8461    34.8456     3.6356     3.6363    27.7012    27.7007    6.67466    6.65271         19 0.0000e+00
      60989   2541.165    510.000     3.6693   3.235993     3.6696   3.235963      53.35     0.0142     2.8365     2.4932  33.559742  3.6837606   48.76034  -45.63700    34.8457    34.8451     3.6336     3.6339    27.7011    27.7005    6.67713    6.66305         21 0.0000e+00
      61010   2542.045    509.000     3.6674   3.235741     3.6651   3.235459      97.75     0.0175     2.8370     2.4943  33.555202  3.6837606   48.76034  -45.63700    34.8453    34.8443     3.6318     3.6296    27.7009    27.7003    6.68106    6.67016         22 0.0000e+00
      61033   2543.004    508.000     3.6639   3.235324     3.6602   3.234906      98.63     0.0166     2.8376     2.4952  33.560463  3.6837606   48.76036  -45.63700    34.8445    34.8435     3.6284     3.6247    27.7006    27.7002    6.68197    6.66271         23 0.0000e+00
      61055   2543.921    507.000     3.6592   3.234826     3.6565   3.234473      98.63     0.0130     2.8380     2.4949  33.560440  3.6832931   48.76036  -45.63699    34.8441    34.8427     3.6238     3.6211    27.7008    27.6999    6.68472    6.65399         21 0.0000e+00
      61074   2544.722    506.000     3.6540   3.234214     3.6531   3.234071      98.63     0.0131     2.8388     2.4945  33.545101  3.6762223   48.76036  -45.63698    34.8429    34.8421     3.6187     3.6178    27.7003    27.6998    6.69160    6.66223         18 0.0000e+00
      61092   2545.452    505.000     3.6514   3.233919     3.6506   3.233779      92.19     0.0163     2.8396     2.4954  33.549194  3.6762898   48.76036  -45.63698    34.8426    34.8418     3.6162     3.6154    27.7003    27.6998    6.68946    6.67085         17 0.0000e+00
      61110   2546.191    504.000     3.6503   3.233755     3.6498   3.233654      53.82     0.0148     2.8397     2.4959  33.551140  3.6745474   48.76034  -45.63698    34.8423    34.8417     3.6152     3.6147    27.7002    27.6997    6.68677    6.67043         19 0.0000e+00
      61131   2547.068    503.000     3.6510   3.233776     3.6518   3.233821      96.80     0.0167     2.8403     2.4966  33.560070  3.6669800   48.76034  -45.63698    34.8424    34.8420     3.6159     3.6168    27.7002    27.6998    6.68456    6.67053         24 0.0000e+00
      61161   2548.317    502.000     3.6534   3.233961     3.6550   3.234082      86.29     0.0108     2.8403     2.4975  33.543133  3.6662340   48.76034  -45.63698    34.8426    34.8424     3.6183     3.6200    27.7001    27.6998    6.68178    6.67117         34 0.0000e+00
      61191   2549.575    501.000     3.6551   3.234076     3.6568   3.234216      63.44     0.0121     2.8411     2.4981  33.525391  3.6641703   48.76035  -45.63698    34.8427    34.8426     3.6201     3.6219    27.7000    27.6997    6.68565    6.67222         25 0.0000e+00
      61213   2550.510    500.000     3.6576   3.234254     3.6588   3.234363      84.60     0.0145     2.8407     2.4988  33.522022  3.6642246   48.76036  -45.63698    34.8427    34.8427     3.6228     3.6240    27.6997    27.6996    6.67810    6.67157         21 0.0000e+00
      61232   2551.296    499.000     3.6631   3.234761     3.6624   3.234679      57.32     0.0197     2.8413     2.4989  33.525120  3.6642246   48.76036  -45.63698    34.8434    34.8432     3.6283     3.6276    27.6997    27.6997    6.68938    6.66980         17 0.0000e+00
      61250   2552.033    498.000     3.6657   3.234995     3.6660   3.234998      80.59     0.0194     2.8420     2.4994  33.531239  3.6642246   48.76035  -45.63698    34.8440    34.8437     3.6310     3.6313    27.7000    27.6997    6.68891    6.67291         18 0.0000e+00
      61269   2552.815    497.000     3.6670   3.235079     3.6671   3.235049      90.10     0.0200     2.8424     2.5000  33.516438  3.6642246   48.76035  -45.63698    34.8441    34.8437     3.6323     3.6324    27.6999    27.6996    6.68450    6.67201         20 0.0000e+00
      61290   2553.724    496.000     3.6672   3.235048     3.6667   3.234951      68.13     0.0207     2.8429     2.5003  33.516483  3.6642246   48.76036  -45.63697    34.8441    34.8435     3.6326     3.6321    27.6999    27.6995    6.68080    6.66853         24 0.0000e+00
      61316   2554.771    495.000     3.6667   3.234950     3.6657   3.234807      88.01     0.0225     2.8425     2.5004  33.518173  3.6721172   48.76036  -45.63696    34.8440    34.8434     3.6321     3.6311    27.6999    27.6995    6.67604    6.65938         26 0.0000e+00
