data/CTD/2014/CNV/u017a030.cnv
* Sea-Bird SBE 9 Data File:
* FileName = C:\CTD_ACQUISITION\2014017HUD\ctddata\017A030.hdr
* Software Version Seasave V 7.22.2
* Temperature SN = 5081
* Conductivity SN = 3561
* Number of Bytes Per Scan = 37
* Number of Voltage Words = 4
* Number of Scans Averaged by the Deck Unit = 1
* NMEA Latitude = 48 45.33 N
* NMEA Longitude = 045 38.35 W
* NMEA UTC (Time) = Jul 07 2014 06:14:51
* NMEA baud rate = 9600
** Ship: Hudson
** Cruise: HUD2014017
** Chief_Scientist: Blair Greenan
** Organization: BIO
** Area_of_Operation: Sackville Spur
** Station: 030
** Sounding:  1323
** Event_Comments: SS_24, 403179
# nquan = 25
# nvalues = 1363                        
# units = specified
# name 0 = scan: Scan Count
# name 1 = timeS: Time, Elapsed [seconds]
# name 2 = prDM: Pressure, Digiquartz [db]
# name 3 = t068C: Temperature [ITS-68, deg C]
# name 4 = c0S/m: Conductivity [S/m]
# name 5 = t168C: Temperature, 2 [ITS-68, deg C]
# name 6 = c1S/m: Conductivity, 2 [S/m]
# name 7 = altM: Altimeter [m]
# name 8 = flC: Fluorescence, Chelsea Aqua 3 Chl Con [ug/l]
# name 9 = sbeox0V: Oxygen raw, SBE 43 [V]
# name 10 = sbeox1V: Oxygen raw, SBE 43, 2 [V]
# name 11 = upoly0: Upoly 0, Optode 4330F - O2 D-Phase
# name 12 = upoly1: Upoly 1, Optode 4330F - O2 Temp
# name 13 = latitude: Latitude [deg]
# name 14 = longitude: Longitude [deg]
# name 15 = sal00: Salinity, Practical [PSU]
# name 16 = sal11: Salinity, Practical, 2 [PSU]
# name 17 = potemp068C: Potential Temperature [ITS-68, deg C]
# name 18 = potemp168C: Potential Temperature, 2 [ITS-68, deg C]
# name 19 = sigma-é00: Density [sigma-theta, Kg/m^3]
# name 20 = sigma-é11: Density, 2 [sigma-theta, Kg/m^3]
# name 21 = sbeox0ML/L: Oxygen, SBE 43 [ml/l], WS = 2
# name 22 = sbeox1ML/L: Oxygen, SBE 43, 2 [ml/l], WS = 2
# name 23 = nbin: number of scans per bin
# name 24 = flag: flag
# span 0 =      41209,      75304       
# span 1 =   1717.007,   3137.615       
# span 2 =      1.000,   1363.000       
# span 3 =     1.8472,     8.6261       
# span 4 =   3.004605,   3.564310       
# span 5 =     1.8398,     8.6305       
# span 6 =   3.003706,   3.566934       
# span 7 =      -9.03,     107.89       
# span 8 =     0.0081,     0.2751       
# span 9 =     2.4639,     3.5719       
# span 10 =     2.1789,     3.1645      
# span 11 =  30.273191,  34.800533      
# span 12 =  2.2676368,  8.6649389      
# span 13 =   48.75832,   48.76087      
# span 14 =  -45.63732,  -45.63647      
# span 15 =    33.7656,    34.9157      
# span 16 =    33.7663,    34.9151      
# span 17 =     1.8448,     8.6255      
# span 18 =     1.8375,     8.6304      
# span 19 =    26.2109,    27.7719      
# span 20 =    26.2101,    27.7714      
# span 21 =    6.26947,    9.01649      
# span 22 =    5.85771,    9.16638      
# span 23 =         10,         89      
# span 24 = 0.0000e+00, 0.0000e+00      
# interval = decibars: 1                
# start_time = Jul 07 2014 06:14:51 [NMEA time, header]
# bad_flag = -9.990e-29
*END*
[from data line 1044]
      65142   2714.217    319.000     3.7565   3.233824     3.7565   3.233789      97.99     0.0209     2.8895     2.5393  33.485256  3.7557447   48.76048  -45.63692    34.8296    34.8291     3.7344     3.7345    27.6780    27.6776    6.64196    6.62539         16 0.0000e+00
      65159   2714.929    318.000     3.7569   3.233800     3.7571   3.233771      98.63     0.0228     2.8895     2.5391  33.475899  3.7612944   48.76048  -45.63692    34.8294    34.8288     3.7349     3.7352    27.6779    27.6773    6.64148    6.62356         18 0.0000e+00
      65180   2715.783    317.000     3.7572   3.233777     3.7576   3.233757      98.63     0.0212     2.8894     2.5390  33.473190  3.7614789   48.76049  -45.63692    34.8293    34.8286     3.7353     3.7357    27.6778    27.6771    6.63982    6.62383         23 0.0000e+00
      65205   2716.819    316.000     3.7573   3.233725     3.7582   3.233739      98.63     0.0190     2.8892     2.5388  33.465885  3.7619164   48.76050  -45.63692    34.8291    34.8283     3.7355     3.7364    27.6776    27.6768    6.64255    6.62306         25 0.0000e+00
      65228   2717.772    315.000     3.7578   3.233693     3.7590   3.233704      85.83     0.0180     2.8896     2.5393  33.471962  3.7619047   48.76050  -45.63691    34.8288    34.8276     3.7360     3.7372    27.6773    27.6762    6.64072    6.63448         21 0.0000e+00
      65246   2718.526    314.000     3.7587   3.233676     3.7593   3.233646      87.13     0.0164     2.8897     2.5403  33.465160  3.7619047   48.76050  -45.63690    34.8281    34.8271     3.7370     3.7376    27.6766    27.6758    6.64116    6.63863         16 0.0000e+00
      65261   2719.177    313.000     3.7594   3.233641     3.7593   3.233582      98.82     0.0170     2.8899     2.5411  33.471653  3.7619047   48.76050  -45.63690    34.8275    34.8269     3.7377     3.7377    27.6761    27.6756    6.63936    6.63486         15 0.0000e+00
      65276   2719.786    312.000     3.7594   3.233581     3.7590   3.233481      98.63     0.0162     2.8894     2.5412  33.467674  3.7619047   48.76049  -45.63690    34.8273    34.8265     3.7378     3.7374    27.6759    27.6753    6.63955    6.62622         15 0.0000e+00
      65292   2720.444    311.000     3.7592   3.233509     3.7586   3.233375      86.98     0.0175     2.8902     2.5409  33.468204  3.7619047   48.76048  -45.63690    34.8272    34.8262     3.7377     3.7372    27.6758    27.6751    6.64137    6.61967         17 0.0000e+00
      65323   2721.739    310.000     3.7590   3.233447     3.7584   3.233327      67.86     0.0170     2.8903     2.5408  33.472065  3.7619047   48.76048  -45.63690    34.8272    34.8264     3.7376     3.7370    27.6759    27.6753    6.63993    6.62635         56 0.0000e+00
      65382   2724.210    309.000     3.7589   3.233389     3.7586   3.233352      89.69     0.0198     2.8910     2.5419  33.469856  3.7619047   48.76048  -45.63690    34.8272    34.8270     3.7376     3.7373    27.6758    27.6757    6.64590    6.63279         38 0.0000e+00
      65404   2725.129    308.000     3.7590   3.233327     3.7586   3.233266      98.97     0.0183     2.8920     2.5426  33.469250  3.7613506   48.76048  -45.63690    34.8268    34.8266     3.7378     3.7373    27.6755    27.6754    6.64420    6.63858         18 0.0000e+00
      65421   2725.831    307.000     3.7587   3.233250     3.7581   3.233151      98.63     0.0181     2.8917     2.5434  33.470730  3.7619188   48.76048  -45.63690    34.8268    34.8262     3.7375     3.7369    27.6755    27.6751    6.64319    6.64069         16 0.0000e+00
      65437   2726.496    306.000     3.7580   3.233113     3.7574   3.232994      98.63     0.0193     2.8921     2.5440  33.494781  3.7619047   48.76048  -45.63690    34.8265    34.8256     3.7368     3.7363    27.6754    27.6747    6.64945    6.63903         17 0.0000e+00
      65455   2727.249    305.000     3.7574   3.232980     3.7569   3.232843      98.63     0.0205     2.8932     2.5444  33.501633  3.7619047   48.76048  -45.63690    34.8260    34.8250     3.7364     3.7358    27.6750    27.6742    6.65099    6.63884         20 0.0000e+00
      65478   2728.191    304.000     3.7570   3.232858     3.7565   3.232752      98.63     0.0185     2.8936     2.5450  33.487736  3.7619047   48.76048  -45.63690    34.8256    34.8248     3.7360     3.7355    27.6747    27.6741    6.64564    6.63730         24 0.0000e+00
      65501   2729.178    303.000     3.7568   3.232790     3.7563   3.232683      98.63     0.0167     2.8943     2.5453  33.462364  3.7619047   48.76048  -45.63690    34.8255    34.8248     3.7359     3.7354    27.6747    27.6741    6.65095    6.63497         22 0.0000e+00
      65522   2730.049    302.000     3.7567   3.232727     3.7561   3.232614      86.73     0.0215     2.8946     2.5451  33.469090  3.7619047   48.76048  -45.63688    34.8254    34.8247     3.7358     3.7353    27.6746    27.6740    6.65186    6.63068         21 0.0000e+00
      65543   2730.903    301.000     3.7564   3.232649     3.7556   3.232510      74.26     0.0249     2.8954     2.5453  33.466293  3.7632778   48.76048  -45.63688    34.8253    34.8245     3.7356     3.7348    27.6745    27.6740    6.64629    6.63687         21 0.0000e+00
      65566   2731.881    300.000     3.7558   3.232538     3.7550   3.232391      98.27     0.0227     2.8954     2.5457  33.471321  3.7634058   48.76048  -45.63688    34.8252    34.8243     3.7351     3.7343    27.6745    27.6739    6.64466    6.63369         26 0.0000e+00
      65594   2733.050    299.000     3.7553   3.232424     3.7547   3.232297      98.63     0.0197     2.8954     2.5459  33.465408  3.7690187   48.76048  -45.63688    34.8249    34.8241     3.7347     3.7340    27.6743    27.6737    6.64322    6.63705         29 0.0000e+00
      65623   2734.247    298.000     3.7549   3.232339     3.7543   3.232208      98.63     0.0158     2.8956     2.5466  33.459885  3.7667561   48.76048  -45.63688    34.8248    34.8239     3.7344     3.7338    27.6743    27.6736    6.64657    6.63902         28 0.0000e+00
      65651   2735.410    297.000     3.7545   3.232243     3.7536   3.232075      98.63     0.0143     2.8964     2.5471  33.459831  3.7620149   48.76048  -45.63688    34.8247    34.8236     3.7340     3.7331    27.6742    27.6735    6.65299    6.63958         30 0.0000e+00
      65685   2736.853    296.000     3.7537   3.232103     3.7530   3.231967      98.63     0.0116     2.8973     2.5478  33.469093  3.7675271   48.76048  -45.63688    34.8244    34.8235     3.7333     3.7326    27.6740    27.6734    6.65297    6.63877         37 0.0000e+00
      65717   2738.164    295.000     3.7521   3.231840     3.7507   3.231618      98.63     0.0137     2.8986     2.5476  33.467804  3.7681777   48.76048  -45.63688    34.8235    34.8223     3.7318     3.7304    27.6735    27.6727    6.65735    6.63112         25 0.0000e+00
      65737   2739.003    294.000     3.7477   3.231214     3.7462   3.230920      98.63     0.0156     2.8990     2.5474  33.460438  3.7705305   48.76048  -45.63688    34.8212    34.8193     3.7274     3.7259    27.6721    27.6707    6.65254    6.63310         17 0.0000e+00
      65753   2739.666    293.000     3.7437   3.230582     3.7427   3.230391      98.63     0.0155     2.8991     2.5474  33.457878  3.7710209   48.76048  -45.63687    34.8184    34.8172     3.7236     3.7225    27.6703    27.6694    6.65323    6.63615         15 0.0000e+00
      65768   2740.274    292.000     3.7423   3.230322     3.7415   3.230160      98.63     0.0171     2.8991     2.5476  33.463139  3.7667646   48.76048  -45.63686    34.8174    34.8163     3.7222     3.7214    27.6696    27.6688    6.65203    6.63722         14 0.0000e+00
      65783   2740.897    291.000     3.7414   3.230155     3.7407   3.229996      98.38     0.0161     2.8992     2.5478  33.472542  3.7618966   48.76048  -45.63686    34.8169    34.8157     3.7214     3.7207    27.6692    27.6684    6.65225    6.63995         16 0.0000e+00
      65800   2741.614    290.000     3.7409   3.230031     3.7402   3.229882      98.12     0.0165     2.8995     2.5484  33.465694  3.7619047   48.76048  -45.63686    34.8165    34.8155     3.7209     3.7203    27.6690    27.6682    6.65445    6.64089         19 0.0000e+00
      65822   2742.561    289.000     3.7405   3.229930     3.7399   3.229804      98.62     0.0176     2.9003     2.5486  33.492500  3.7551930   48.76048  -45.63686    34.8162    34.8153     3.7206     3.7201    27.6688    27.6682    6.65695    6.63794         27 0.0000e+00
      65855   2743.914    288.000     3.7410   3.229986     3.7398   3.229756      98.63     0.0180     2.9007     2.5488  33.486794  3.7521424   48.76048  -45.63686    34.8169    34.8155     3.7212     3.7200    27.6693    27.6683    6.65420    6.63765         37 0.0000e+00
      65890   2745.359    287.000     3.7409   3.229913     3.7399   3.229733      98.63     0.0171     2.9012     2.5492  33.463600  3.7521367   48.76048  -45.63686    34.8167    34.8156     3.7211     3.7202    27.6692    27.6684    6.65517    6.63854         31 0.0000e+00
      65919   2746.570    286.000     3.7407   3.229846     3.7403   3.229738      98.63     0.0167     2.9017     2.5498  33.463627  3.7521367   48.76048  -45.63686    34.8167    34.8159     3.7210     3.7206    27.6692    27.6685    6.65246    6.64065         28 0.0000e+00
      65949   2747.827    285.000     3.7400   3.229700     3.7388   3.229489      98.11     0.0157     2.9015     2.5503  33.469391  3.7521367   48.76048  -45.63686    34.8162    34.8149     3.7204     3.7192    27.6688    27.6679    6.65440    6.64642         33 0.0000e+00
      65981   2749.177    284.000     3.7389   3.229531     3.7371   3.229221      98.65     0.0168     2.9020     2.5517  33.476856  3.7521367   48.76048  -45.63686    34.8158    34.8141     3.7195     3.7176    27.6686    27.6674    6.65261    6.64634         29 0.0000e+00
      66006   2750.199    283.000     3.7362   3.229120     3.7349   3.228867      98.63     0.0136     2.9020     2.5514  33.467365  3.7526164   48.76048  -45.63686    34.8144    34.8128     3.7168     3.7155    27.6677    27.6666    6.65570    6.64130         21 0.0000e+00
      66024   2750.962    282.000     3.7320   3.228501     3.7312   3.228333      98.63     0.0135     2.9029     2.5520  33.458508  3.7521219   48.76048  -45.63686    34.8120    34.8109     3.7126     3.7118    27.6663    27.6654    6.66245    6.64697         16 0.0000e+00
      66039   2751.600    281.000     3.7292   3.228060     3.7280   3.227875      98.63     0.0135     2.9032     2.5521  33.459854  3.7528048   48.76048  -45.63686    34.8103    34.8092     3.7099     3.7088    27.6652    27.6645    6.66378    6.64377         15 0.0000e+00
      66054   2752.196    280.000     3.7272   3.227757     3.7259   3.227541      98.63     0.0127     2.9035     2.5522  33.458908  3.7535422   48.76048  -45.63686    34.8093    34.8081     3.7080     3.7067    27.6646    27.6638    6.66160    6.64041         14 0.0000e+00
      66068   2752.792    279.000     3.7256   3.227504     3.7245   3.227316      98.63     0.0127     2.9042     2.5519  33.461781  3.7521372   48.76048  -45.63686    34.8085    34.8074     3.7065     3.7054    27.6641    27.6634    6.66157    6.63817         15 0.0000e+00
      66084   2753.449    278.000     3.7246   3.227338     3.7228   3.227062      98.63     0.0134     2.9043     2.5519  33.460476  3.7521367   48.76048  -45.63686    34.8081    34.8068     3.7056     3.7037    27.6638    27.6630    6.65498    6.63734         17 0.0000e+00
      66108   2754.476    277.000     3.7240   3.227226     3.7214   3.226873      98.63     0.0172     2.9044     2.5515  33.459972  3.7463522   48.76048  -45.63686    34.8080    34.8065     3.7050     3.7025    27.6639    27.6629    6.65985    6.63619         36 0.0000e+00
      66163   2756.735    276.000     3.7252   3.227354     3.7233   3.227086      68.29     0.0193     2.9058     2.5519  33.459160  3.7355275   48.76048  -45.63684    34.8088    34.8076     3.7063     3.7044    27.6643    27.6636    6.66380    6.64058         53 0.0000e+00
      66194   2758.030    275.000     3.7257   3.227345     3.7247   3.227184      99.14     0.0179     2.9060     2.5521  33.459270  3.7325187   48.76048  -45.63684    34.8087    34.8078     3.7069     3.7058    27.6642    27.6636    6.66341    6.64665         21 0.0000e+00
      66213   2758.840    274.000     3.7236   3.227049     3.7226   3.226865      98.63     0.0191     2.9073     2.5531  33.459419  3.7326007   48.76048  -45.63684    34.8078    34.8068     3.7049     3.7038    27.6637    27.6630    6.66964    6.65179         19 0.0000e+00
      66233   2759.660    273.000     3.7196   3.226509     3.7177   3.226211      92.03     0.0209     2.9076     2.5538  33.459965  3.7326007   48.76047  -45.63684    34.8062    34.8046     3.7009     3.6991    27.6628    27.6618    6.66218    6.65287         21 0.0000e+00
      66257   2760.682    272.000     3.7167   3.226112     3.7150   3.225860      96.94     0.0162     2.9076     2.5547  33.458927  3.7326007   48.76046  -45.63684    34.8051    34.8039     3.6981     3.6965    27.6622    27.6614    6.66645    6.65503         28 0.0000e+00
      66284   2761.787    271.000     3.7154   3.225905     3.7139   3.225682      98.66     0.0189     2.9081     2.5562  33.457859  3.7326007   48.76046  -45.63684    34.8046    34.8035     3.6969     3.6954    27.6619    27.6612    6.66610    6.66166         24 0.0000e+00
      66306   2762.690    270.000     3.7141   3.225708     3.7109   3.225281      98.63     0.0174     2.9087     2.5567  33.457874  3.7326007   48.76046  -45.63684    34.8041    34.8024     3.6957     3.6925    27.6617    27.6606    6.67128    6.65152         20 0.0000e+00
      66324   2763.475    269.000     3.7099   3.225168     3.7074   3.224757      98.63     0.0163     2.9096     2.5564  33.458683  3.7326007   48.76046  -45.63684    34.8027    34.8004     3.6915     3.6890    27.6610    27.6594    6.67299    6.64655         18 0.0000e+00
      66343   2764.233    268.000     3.7071   3.224717     3.7052   3.224441      98.63     0.0163     2.9097     2.5561  33.459507  3.7326007   48.76046  -45.63684    34.8009    34.7995     3.6888     3.6870    27.6598    27.6589    6.66858    6.64910         18 0.0000e+00
      66362   2765.042    267.000     3.7055   3.224463     3.7037   3.224192      98.63     0.0199     2.9101     2.5566  33.459270  3.7326007   48.76046  -45.63684    34.8001    34.7987     3.6872     3.6855    27.6593    27.6584    6.66863    6.65899         21 0.0000e+00
      66385   2766.014    266.000     3.7044   3.224280     3.7026   3.224017      98.63     0.0203     2.9104     2.5577  33.459496  3.7304895   48.76046  -45.63684    34.7996    34.7983     3.6862     3.6845    27.6590    27.6582    6.67184    6.66088         27 0.0000e+00
      66415   2767.237    265.000     3.7037   3.224162     3.7023   3.223942      78.64     0.0150     2.9116     2.5582  33.458355  3.7231104   48.76046  -45.63684    34.7994    34.7983     3.6857     3.6847    27.6589    27.6582    6.67972    6.65645         30 0.0000e+00
      66443   2768.428    264.000     3.7032   3.224040     3.7015   3.223798      88.72     0.0149     2.9124     2.5590  33.459019  3.7228236   48.76046  -45.63682    34.7990    34.7980     3.6852     3.6835    27.6587    27.6580    6.68326    6.67109         26 0.0000e+00
      66467   2769.430    263.000     3.7026   3.223923     3.6994   3.223512      98.56     0.0158     2.9143     2.5608  33.458488  3.7228327   48.76046  -45.63682    34.7989    34.7973     3.6846     3.6815    27.6586    27.6577    6.68923    6.67446         24 0.0000e+00
