data/CTD/2014/CNV/u017a037.cnv
* Sea-Bird SBE 9 Data File:
* FileName = C:\CTD_ACQUISITION\2014017HUD\ctddata\017A037.hdr
* Software Version Seasave V 7.22.2
* Temperature SN = 5081
* Conductivity SN = 3561
* Number of Bytes Per Scan = 37
* Number of Voltage Words = 4
* Number of Scans Averaged by the Deck Unit = 1
* NMEA Latitude = 48 23.51 N
* NMEA Longitude = 046 37.86 W
* NMEA UTC (Time) = Jul 09 2014 22:08:37
* NMEA baud rate = 9600
** Ship: Hudson
** Cruise: HUD2014017
** Chief_Scientist: Blair Greenan
** Organization: BIO
** Area_of_Operation: Sackville Spur
** Station: 037
** Sounding:  1815
** Event_Comments: SS_09, 403209
# nquan = 25
# nvalues = 1850                        
# units = specified
# name 0 = scan: Scan Count
# name 1 = timeS: Time, Elapsed [seconds]
# name 2 = prDM: Pressure, Digiquartz [db]
# name 3 = t068C: Temperature [ITS-68, deg C]
# name 4 = c0S/m: Conductivity [S/m]
# name 5 = t168C: Temperature, 2 [ITS-68, deg C]
# name 6 = c1S/m: Conductivity, 2 [S/m]
# name 7 = altM: Altimeter [m]
# name 8 = flC: Fluorescence, Chelsea Aqua 3 Chl Con [ug/l]
# name 9 = sbeox0V: Oxygen raw, SBE 43 [V]
# name 10 = sbeox1V: Oxygen raw, SBE 43, 2 [V]
# name 11 = upoly0: Upoly 0, Optode 4330F - O2 D-Phase
# name 12 = upoly1: Upoly 1, Optode 4330F - O2 Temp
# name 13 = latitude: Latitude [deg]
# name 14 = longitude: Longitude [deg]
# name 15 = sal00: Salinity, Practical [PSU]
# name 16 = sal11: Salinity, Practical, 2 [PSU]
# name 17 = potemp068C: Potential Temperature [ITS-68, deg C]
# name 18 = potemp168C: Potential Temperature, 2 [ITS-68, deg C]
# name 19 = sigma-é00: Density [sigma-theta, Kg/m^3]
# name 20 = sigma-é11: Density, 2 [sigma-theta, Kg/m^3]
# name 21 = sbeox0ML/L: Oxygen, SBE 43 [ml/l], WS = 2
# name 22 = sbeox1ML/L: Oxygen, SBE 43, 2 [ml/l], WS = 2
# name 23 = nbin: number of scans per bin
# name 24 = flag: flag
# span 0 =      59064,     118478       
# span 1 =   2460.964,   4936.542       
# span 2 =      1.000,   1850.000       
# span 3 =    -1.2252,     7.7736       
# span 4 =   2.676476,   3.395123       
# span 5 =    -1.2244,     7.7815       
# span 6 =   2.676923,   3.397531       
# span 7 =       2.68,     106.59       
# span 8 =     0.0071,     3.4554       
# span 9 =     2.3357,     3.7951       
# span 10 =     2.0651,     3.3424      
# span 11 =  30.121786,  35.165428      
# span 12 = -1.1931679,  7.7951326      
# span 13 =   48.39262,   48.39449      
# span 14 =  -46.62099,  -46.61319      
# span 15 =    32.7939,    34.9165      
# span 16 =    32.7990,    34.9162      
# span 17 =    -1.2259,     7.7735      
# span 18 =    -1.2251,     7.7814      
# span 19 =    25.5744,    27.8096      
# span 20 =    25.5773,    27.8096      
# span 21 =    6.27479,   10.17801      
# span 22 =    6.21564,   10.30054      
# span 23 =         11,         85      
# span 24 = 0.0000e+00, 0.0000e+00      
# interval = decibars: 1                
# start_time = Jul 09 2014 22:08:37 [NMEA time, header]
# bad_flag = -9.990e-29
*END*
[from data line 638]
      75398   3141.539   1212.000     3.7307   3.277204     3.7304   3.277137      76.76     0.0125     2.5297     2.2216  34.571430  3.7325368   48.39280  -46.61882    34.9068    34.9064     3.6388     3.6384    27.7492    27.7489    6.33608    6.28148         20 0.0000e+00
      75421   3142.516   1211.000     3.7307   3.277161     3.7303   3.277091      97.22     0.0168     2.5297     2.2226  34.570957  3.7326007   48.39281  -46.61882    34.9068    34.9064     3.6388     3.6385    27.7492    27.7489    6.34119    6.28785         29 0.0000e+00
      75466   3144.387   1210.000     3.7302   3.277073     3.7300   3.277016      98.63     0.0135     2.5304     2.2241  34.556385  3.7326007   48.39282  -46.61882    34.9068    34.9063     3.6385     3.6382    27.7492    27.7489    6.34380    6.29243         50 0.0000e+00
      75499   3145.747   1209.000     3.7302   3.277016     3.7298   3.276956      98.63     0.0083     2.5316     2.2253  34.568943  3.7326007   48.39282  -46.61882    34.9066    34.9063     3.6385     3.6381    27.7491    27.7489    6.34530    6.29962         20 0.0000e+00
      75517   3146.482   1208.000     3.7305   3.276986     3.7298   3.276906      98.63     0.0081     2.5319     2.2263  34.570633  3.7326007   48.39282  -46.61882    34.9065    34.9063     3.6389     3.6382    27.7490    27.7489    6.34970    6.29940         17 0.0000e+00
      75533   3147.171   1207.000     3.7304   3.276937     3.7298   3.276868      98.63     0.0087     2.5326     2.2266  34.562767  3.7320228   48.39282  -46.61882    34.9065    34.9064     3.6389     3.6383    27.7490    27.7489    6.35163    6.29052         17 0.0000e+00
      75550   3147.859   1206.000     3.7303   3.276891     3.7298   3.276815      98.63     0.0101     2.5326     2.2265  34.556911  3.7325878   48.39283  -46.61882    34.9065    34.9062     3.6389     3.6384    27.7490    27.7488    6.34825    6.28615         17 0.0000e+00
      75567   3148.584   1205.000     3.7303   3.276848     3.7298   3.276771      98.63     0.0093     2.5335     2.2265  34.556778  3.7326007   48.39284  -46.61882    34.9065    34.9062     3.6390     3.6385    27.7490    27.7487    6.34990    6.29243         18 0.0000e+00
      75587   3149.396   1204.000     3.7305   3.276810     3.7300   3.276731      98.63     0.0126     2.5338     2.2273  34.560177  3.7326007   48.39284  -46.61882    34.9064    34.9060     3.6392     3.6387    27.7489    27.7486    6.34770    6.30114         21 0.0000e+00
      75611   3150.436   1203.000     3.7313   3.276804     3.7311   3.276741      98.63     0.0125     2.5341     2.2285  34.560543  3.7326007   48.39284  -46.61882    34.9061    34.9055     3.6401     3.6399    27.7485    27.7480    6.35584    6.30906         31 0.0000e+00
      75653   3152.169   1202.000     3.7310   3.276738     3.7315   3.276710      98.64     0.0155     2.5365     2.2305  34.522591  3.7326007   48.39285  -46.61882    34.9061    34.9052     3.6399     3.6404    27.7485    27.7477    6.36305    6.31009         45 0.0000e+00
      75686   3153.534   1201.000     3.7306   3.276663     3.7326   3.276710      98.63     0.0149     2.5378     2.2313  34.555283  3.7326007   48.39286  -46.61882    34.9061    34.9045     3.6396     3.6415    27.7486    27.7471    6.36512    6.31050         22 0.0000e+00
      75705   3154.320   1200.000     3.7331   3.276726     3.7339   3.276722      98.64     0.0141     2.5384     2.2321  34.556801  3.7326007   48.39286  -46.61882    34.9047    34.9038     3.6421     3.6430    27.7472    27.7464    6.36008    6.31167         18 0.0000e+00
      75721   3155.008   1199.000     3.7350   3.276751     3.7345   3.276696      98.64     0.0161     2.5384     2.2325  34.554977  3.7326007   48.39286  -46.61882    34.9035    34.9034     3.6441     3.6436    27.7461    27.7460    6.36077    6.31055         16 0.0000e+00
      75737   3155.669   1198.000     3.7352   3.276711     3.7348   3.276639      98.64     0.0190     2.5393     2.2329  34.555836  3.7326007   48.39286  -46.61882    34.9033    34.9029     3.6445     3.6440    27.7458    27.7455    6.36220    6.31352         16 0.0000e+00
      75754   3156.373   1197.000     3.7353   3.276655     3.7348   3.276571      98.64     0.0164     2.5392     2.2335  34.547291  3.7326007   48.39286  -46.61882    34.9030    34.9025     3.6446     3.6441    27.7456    27.7453    6.35971    6.31234         18 0.0000e+00
      75776   3157.309   1196.000     3.7354   3.276600     3.7348   3.276502      98.63     0.0170     2.5401     2.2337  34.528324  3.7326007   48.39286  -46.61882    34.9028    34.9023     3.6448     3.6442    27.7454    27.7450    6.36074    6.30656         29 0.0000e+00
      75816   3158.967   1195.000     3.7351   3.276547     3.7346   3.276452      98.63     0.0194     2.5407     2.2342  34.515038  3.7328608   48.39288  -46.61880    34.9029    34.9024     3.6446     3.6440    27.7455    27.7452    6.36632    6.31094         41 0.0000e+00
      75843   3160.103   1194.000     3.7352   3.276485     3.7346   3.276382      98.64     0.0163     2.5419     2.2347  34.516685  3.7325969   48.39288  -46.61880    34.9026    34.9021     3.6447     3.6441    27.7453    27.7449    6.37169    6.31496         19 0.0000e+00
      75861   3160.816   1193.000     3.7352   3.276414     3.7345   3.276317      51.88     0.0162     2.5426     2.2354  34.514641  3.7338278   48.39288  -46.61880    34.9023    34.9019     3.6448     3.6442    27.7450    27.7448    6.37113    6.31634         16 0.0000e+00
      75877   3161.485   1192.000     3.7352   3.276354     3.7345   3.276274      20.80     0.0111     2.5429     2.2354  34.517426  3.7332056   48.39288  -46.61880    34.9021    34.9019     3.6449     3.6442    27.7448    27.7448    6.36879    6.31528         16 0.0000e+00
      75894   3162.204   1191.000     3.7351   3.276303     3.7345   3.276222      98.26     0.0086     2.5435     2.2361  34.516682  3.7326043   48.39290  -46.61880    34.9021    34.9018     3.6449     3.6443    27.7449    27.7447    6.36936    6.31574         19 0.0000e+00
      75917   3163.186   1190.000     3.7350   3.276257     3.7344   3.276173      98.64     0.0108     2.5440     2.2365  34.513504  3.7370358   48.39290  -46.61880    34.9021    34.9018     3.6449     3.6443    27.7449    27.7447    6.37012    6.31842         31 0.0000e+00
      75957   3164.815   1189.000     3.7348   3.276192     3.7342   3.276113      98.63     0.0140     2.5449     2.2375  34.512787  3.7413950   48.39291  -46.61880    34.9021    34.9018     3.6448     3.6442    27.7449    27.7447    6.36991    6.31795         39 0.0000e+00
      75986   3166.021   1188.000     3.7348   3.276150     3.7341   3.276056      98.63     0.0142     2.5456     2.2379  34.512821  3.7414927   48.39292  -46.61880    34.9021    34.9017     3.6449     3.6442    27.7449    27.7446    6.36892    6.31731         22 0.0000e+00
      76006   3166.858   1187.000     3.7347   3.276084     3.7340   3.276010      69.52     0.0141     2.5455     2.2382  34.512821  3.7413914   48.39292  -46.61880    34.9019    34.9018     3.6449     3.6442    27.7447    27.7447    6.36568    6.31931         20 0.0000e+00
      76024   3167.640   1186.000     3.7346   3.276032     3.7340   3.275952      44.74     0.0089     2.5458     2.2385  34.503124  3.7380517   48.39292  -46.61880    34.9020    34.9017     3.6448     3.6442    27.7447    27.7446    6.37217    6.31808         18 0.0000e+00
      76043   3168.419   1185.000     3.7344   3.275980     3.7339   3.275898      98.77     0.0091     2.5461     2.2387  34.500477  3.7372255   48.39292  -46.61880    34.9021    34.9016     3.6447     3.6442    27.7448    27.7445    6.36836    6.31199         19 0.0000e+00
      76063   3169.249   1184.000     3.7344   3.275930     3.7338   3.275848      98.63     0.0129     2.5465     2.2382  34.508629  3.7349286   48.39292  -46.61880    34.9020    34.9017     3.6448     3.6442    27.7447    27.7446    6.36225    6.30437         21 0.0000e+00
      76085   3170.173   1183.000     3.7343   3.275880     3.7337   3.275791      88.05     0.0165     2.5459     2.2381  34.512154  3.7334390   48.39294  -46.61880    34.9020    34.9016     3.6448     3.6442    27.7448    27.7445    6.36851    6.31205         24 0.0000e+00
      76111   3171.237   1182.000     3.7342   3.275825     3.7336   3.275740      98.13     0.0157     2.5470     2.2386  34.503738  3.7394092   48.39294  -46.61880    34.9020    34.9016     3.6447     3.6441    27.7448    27.7445    6.36202    6.31831         26 0.0000e+00
      76137   3172.314   1181.000     3.7341   3.275772     3.7335   3.275685      98.65     0.0140     2.5460     2.2393  34.498047  3.7424331   48.39294  -46.61880    34.9019    34.9016     3.6448     3.6441    27.7447    27.7445    6.36248    6.32450         25 0.0000e+00
      76159   3173.238   1180.000     3.7341   3.275720     3.7334   3.275624      98.63     0.0097     2.5469     2.2400  34.497429  3.7423687   48.39294  -46.61880    34.9018    34.9014     3.6448     3.6441    27.7446    27.7444    6.37739    6.32316         20 0.0000e+00
      76178   3174.041   1179.000     3.7340   3.275662     3.7333   3.275574      98.63     0.0111     2.5479     2.2407  34.495087  3.7423687   48.39296  -46.61880    34.9018    34.9014     3.6448     3.6442    27.7446    27.7444    6.37710    6.32772         19 0.0000e+00
      76197   3174.813   1178.000     3.7339   3.275614     3.7333   3.275532      98.63     0.0088     2.5485     2.2412  34.492081  3.7423687   48.39296  -46.61880    34.9017    34.9014     3.6448     3.6442    27.7446    27.7444    6.37027    6.32423         19 0.0000e+00
      76217   3175.671   1177.000     3.7338   3.275567     3.7332   3.275481      98.63     0.0113     2.5484     2.2415  34.464352  3.7423687   48.39297  -46.61880    34.9018    34.9014     3.6448     3.6442    27.7446    27.7444    6.37225    6.32434         23 0.0000e+00
      76246   3176.858   1176.000     3.7337   3.275507     3.7331   3.275422      98.64     0.0171     2.5493     2.2422  34.458626  3.7423687   48.39298  -46.61880    34.9017    34.9014     3.6448     3.6442    27.7446    27.7444    6.37491    6.32566         35 0.0000e+00
      76280   3178.307   1175.000     3.7337   3.275451     3.7330   3.275362      66.61     0.0165     2.5501     2.2425  34.464569  3.7423687   48.39298  -46.61880    34.9016    34.9013     3.6449     3.6442    27.7444    27.7443    6.37366    6.31539         29 0.0000e+00
      76305   3179.333   1174.000     3.7336   3.275394     3.7329   3.275305      99.22     0.0158     2.5505     2.2420  34.457413  3.7423687   48.39298  -46.61880    34.9016    34.9011     3.6448     3.6442    27.7444    27.7442    6.37547    6.31228         22 0.0000e+00
      76325   3180.167   1173.000     3.7335   3.275326     3.7328   3.275239      98.63     0.0159     2.5505     2.2418  34.454983  3.7423687   48.39300  -46.61878    34.9013    34.9010     3.6449     3.6441    27.7442    27.7441    6.37101    6.31532         19 0.0000e+00
      76343   3180.931   1172.000     3.7334   3.275269     3.7327   3.275185      98.64     0.0161     2.5510     2.2420  34.456642  3.7423687   48.39300  -46.61878    34.9012    34.9010     3.6448     3.6442    27.7442    27.7440    6.37207    6.31869         18 0.0000e+00
      76362   3181.708   1171.000     3.7333   3.275220     3.7327   3.275137      98.63     0.0146     2.5508     2.2423  34.461411  3.7423687   48.39300  -46.61878    34.9013    34.9010     3.6448     3.6442    27.7442    27.7440    6.36984    6.32093         20 0.0000e+00
      76384   3182.606   1170.000     3.7332   3.275168     3.7326   3.275085      98.63     0.0121     2.5516     2.2428  34.465042  3.7423687   48.39300  -46.61878    34.9013    34.9010     3.6448     3.6442    27.7442    27.7440    6.37558    6.32600         24 0.0000e+00
      76412   3183.790   1169.000     3.7331   3.275103     3.7324   3.275023      98.63     0.0117     2.5514     2.2434  34.456223  3.7411716   48.39300  -46.61879    34.9011    34.9009     3.6448     3.6441    27.7441    27.7439    6.36993    6.32206         32 0.0000e+00
      76443   3185.082   1168.000     3.7331   3.275048     3.7323   3.274951      97.81     0.0132     2.5525     2.2436  34.459198  3.7420352   48.39302  -46.61879    34.9010    34.9006     3.6448     3.6441    27.7440    27.7438    6.38369    6.31855         27 0.0000e+00
      76467   3186.077   1167.000     3.7329   3.274987     3.7322   3.274887      18.47     0.0162     2.5530     2.2436  34.455486  3.7423816   48.39302  -46.61878    34.9010    34.9006     3.6447     3.6440    27.7440    27.7437    6.37785    6.31831         21 0.0000e+00
      76486   3186.885   1166.000     3.7328   3.274923     3.7320   3.274833      99.52     0.0138     2.5537     2.2437  34.454975  3.7423687   48.39302  -46.61878    34.9008    34.9006     3.6447     3.6440    27.7439    27.7437    6.38278    6.31860         19 0.0000e+00
      76504   3187.622   1165.000     3.7327   3.274872     3.7320   3.274781      98.63     0.0129     2.5540     2.2438  34.455074  3.7423687   48.39302  -46.61878    34.9009    34.9005     3.6447     3.6440    27.7439    27.7437    6.38224    6.32408         17 0.0000e+00
      76522   3188.355   1164.000     3.7325   3.274812     3.7319   3.274723      97.92     0.0124     2.5547     2.2446  34.455025  3.7423687   48.39304  -46.61878    34.9008    34.9004     3.6446     3.6440    27.7438    27.7436    6.37819    6.32999         18 0.0000e+00
      76542   3189.227   1163.000     3.7323   3.274754     3.7317   3.274651      87.13     0.0151     2.5547     2.2452  34.455948  3.7419879   48.39304  -46.61878    34.9008    34.9003     3.6445     3.6439    27.7439    27.7435    6.38191    6.33138         25 0.0000e+00
      76577   3190.651   1162.000     3.7323   3.274681     3.7316   3.274592      98.86     0.0141     2.5561     2.2462  34.454906  3.7406766   48.39304  -46.61878    34.9005    34.9002     3.6446     3.6439    27.7436    27.7434    6.38647    6.32789         41 0.0000e+00
      76608   3191.966   1161.000     3.7323   3.274621     3.7315   3.274519      98.63     0.0121     2.5569     2.2465  34.454197  3.7324264   48.39305  -46.61878    34.9003    34.8999     3.6446     3.6439    27.7435    27.7432    6.38201    6.33083         22 0.0000e+00
      76627   3192.740   1160.000     3.7321   3.274544     3.7313   3.274445      98.63     0.0123     2.5565     2.2473  34.455063  3.7326007   48.39306  -46.61878    34.9001    34.8997     3.6446     3.6438    27.7433    27.7431    6.37572    6.33428         17 0.0000e+00
      76643   3193.422   1159.000     3.7319   3.274469     3.7312   3.274381      98.63     0.0123     2.5568     2.2474  34.454231  3.7343905   48.39306  -46.61878    34.9000    34.8996     3.6444     3.6437    27.7432    27.7430    6.38103    6.33433         16 0.0000e+00
      76659   3194.084   1158.000     3.7317   3.274405     3.7311   3.274327      98.63     0.0126     2.5570     2.2483  34.455101  3.7344322   48.39306  -46.61878    34.8999    34.8996     3.6443     3.6437    27.7432    27.7430    6.38366    6.33902         16 0.0000e+00
      76676   3194.796   1157.000     3.7316   3.274346     3.7310   3.274260      98.63     0.0168     2.5575     2.2487  34.454231  3.7347636   48.39307  -46.61878    34.8998    34.8995     3.6443     3.6437    27.7431    27.7429    6.38337    6.33862         18 0.0000e+00
      76698   3195.688   1156.000     3.7314   3.274286     3.7307   3.274190      98.63     0.0149     2.5578     2.2493  34.454212  3.7330563   48.39308  -46.61878    34.8998    34.8994     3.6442     3.6435    27.7431    27.7428    6.38417    6.33679         26 0.0000e+00
