data/CTD/2014/CNV/u017a046.cnv
* Sea-Bird SBE 9 Data File:
* FileName = C:\CTD_ACQUISITION\2014017HUD\ctddata\017A046.hdr
* Software Version Seasave V 7.22.2
* Temperature SN = 5081
* Conductivity SN = 3561
* Number of Bytes Per Scan = 37
* Number of Voltage Words = 4
* Number of Scans Averaged by the Deck Unit = 1
* NMEA Latitude = 47 54.02 N
* NMEA Longitude = 046 03.59 W
* NMEA UTC (Time) = Jul 10 2014 22:46:18
* NMEA baud rate = 9600
** Ship: Hudson
** Cruise: HUD2014017
** Chief_Scientist: Blair Greenan
** Organization: BIO
** Area_of_Operation: Sackville Spur
** Station: 046
** Sounding:  892
** Event_Comments: SS_18,403262
# nquan = 25
# nvalues = 908                         
# units = specified
# name 0 = scan: Scan Count
# name 1 = timeS: Time, Elapsed [seconds]
# name 2 = prDM: Pressure, Digiquartz [db]
# name 3 = t068C: Temperature [ITS-68, deg C]
# name 4 = c0S/m: Conductivity [S/m]
# name 5 = t168C: Temperature, 2 [ITS-68, deg C]
# name 6 = c1S/m: Conductivity, 2 [S/m]
# name 7 = altM: Altimeter [m]
# name 8 = flC: Fluorescence, Chelsea Aqua 3 Chl Con [ug/l]
# name 9 = sbeox0V: Oxygen raw, SBE 43 [V]
# name 10 = sbeox1V: Oxygen raw, SBE 43, 2 [V]
# name 11 = upoly0: Upoly 0, Optode 4330F - O2 D-Phase
# name 12 = upoly1: Upoly 1, Optode 4330F - O2 Temp
# name 13 = latitude: Latitude [deg]
# name 14 = longitude: Longitude [deg]
# name 15 = sal00: Salinity, Practical [PSU]
# name 16 = sal11: Salinity, Practical, 2 [PSU]
# name 17 = potemp068C: Potential Temperature [ITS-68, deg C]
# name 18 = potemp168C: Potential Temperature, 2 [ITS-68, deg C]
# name 19 = sigma-é00: Density [sigma-theta, Kg/m^3]
# name 20 = sigma-é11: Density, 2 [sigma-theta, Kg/m^3]
# name 21 = sbeox0ML/L: Oxygen, SBE 43 [ml/l], WS = 2
# name 22 = sbeox1ML/L: Oxygen, SBE 43, 2 [ml/l], WS = 2
# name 23 = nbin: number of scans per bin
# name 24 = flag: flag
# span 0 =      31862,      71278       
# span 1 =   1327.530,   2969.857       
# span 2 =      1.000,    908.000       
# span 3 =     1.1834,     8.1941       
# span 4 =   2.933282,   3.468076       
# span 5 =     1.1755,     8.1942       
# span 6 =   2.932669,   3.484598       
# span 7 =       5.42,     100.60       
# span 8 =     0.0076,     0.2369       
# span 9 =     2.5761,     3.5608       
# span 10 =     2.2737,     3.1213      
# span 11 =  29.883430,  34.630169      
# span 12 =  1.3783113,  8.2357273      
# span 13 =   47.90297,   47.90788      
# span 14 =  -46.06556,  -46.06187      
# span 15 =    33.1364,    34.9085      
# span 16 =    33.1359,    34.9078      
# span 17 =     1.1805,     8.1939      
# span 18 =     1.1726,     8.1941      
# span 19 =    25.8092,    27.7511      
# span 20 =    25.8087,    27.7505      
# span 21 =    6.23060,    7.79911      
# span 22 =    6.21921,    7.82698      
# span 23 =         14,         97      
# span 24 = 0.0000e+00, 0.0000e+00      
# interval = decibars: 1                
# start_time = Jul 10 2014 22:46:18 [NMEA time, header]
# bad_flag = -9.990e-29
*END*
[from data line 522]
      46136   1922.289    386.000     3.7214   3.233604     3.7302   3.234471      34.14     0.0151     2.8613     2.5127  33.560822  3.7326148   47.90460  -46.06298    34.8282    34.8291     3.6946     3.7034    27.6810    27.6808    6.62675    6.60184         22 0.0000e+00
      46160   1923.277    385.000     3.7315   3.234521     3.7449   3.235855      86.71     0.0153     2.8611     2.5124  33.560440  3.7329855   47.90460  -46.06298    34.8290    34.8305     3.7046     3.7182    27.6806    27.6805    6.62348    6.59964         25 0.0000e+00
      46186   1924.354    384.000     3.7416   3.235551     3.7524   3.236526      95.66     0.0193     2.8609     2.5127  33.562695  3.7329764   47.90460  -46.06300    34.8310    34.8311     3.7149     3.7257    27.6812    27.6802    6.62652    6.60290         26 0.0000e+00
      46211   1925.406    383.000     3.7484   3.236085     3.7531   3.236537      91.81     0.0166     2.8619     2.5135  33.561649  3.7338302   47.90462  -46.06300    34.8307    34.8310     3.7218     3.7265    27.6802    27.6800    6.62811    6.61026         24 0.0000e+00
      46235   1926.420    382.000     3.7472   3.235942     3.7511   3.236261      84.40     0.0157     2.8621     2.5146  33.560436  3.7518032   47.90462  -46.06300    34.8308    34.8304     3.7206     3.7245    27.6804    27.6798    6.62540    6.61291         25 0.0000e+00
      46260   1927.446    381.000     3.7464   3.235849     3.7473   3.235789      98.13     0.0151     2.8622     2.5155  33.562176  3.7521319   47.90462  -46.06300    34.8311    34.8294     3.7199     3.7208    27.6807    27.6793    6.62411    6.60658         25 0.0000e+00
      46285   1928.483    380.000     3.7469   3.235804     3.7416   3.235176      98.63     0.0191     2.8626     2.5152  33.575146  3.7521367   47.90462  -46.06300    34.8304    34.8286     3.7205     3.7161    27.6801    27.6792    6.63115    6.60060         24 0.0000e+00
      46308   1929.470    379.000     3.7436   3.235448     3.7359   3.234551      82.58     0.0190     2.8635     2.5155  33.573158  3.7521367   47.90462  -46.06300    34.8303    34.8278     3.7173     3.7096    27.6804    27.6791    6.62994    6.60775         23 0.0000e+00
      46330   1930.391    378.000     3.7358   3.234615     3.7304   3.233903      98.15     0.0179     2.8641     2.5160  33.560505  3.7521367   47.90464  -46.06300    34.8292    34.8264     3.7095     3.7042    27.6803    27.6786    6.63481    6.61289         22 0.0000e+00
      46353   1931.354    377.000     3.7292   3.233819     3.7258   3.233358      98.63     0.0152     2.8644     2.5167  33.560440  3.7521367   47.90464  -46.06300    34.8272    34.8254     3.7031     3.6997    27.6793    27.6782    6.63188    6.61703         24 0.0000e+00
      46379   1932.402    376.000     3.7258   3.233394     3.7220   3.232919      84.00     0.0148     2.8649     2.5178  33.557434  3.7437165   47.90464  -46.06300    34.8263    34.8247     3.6998     3.6959    27.6790    27.6781    6.63048    6.62409         25 0.0000e+00
      46402   1933.378    375.000     3.7221   3.232984     3.7184   3.232474      63.78     0.0159     2.8649     2.5189  33.560513  3.7436950   47.90464  -46.06302    34.8258    34.8237     3.6962     3.6925    27.6789    27.6776    6.63316    6.62517         22 0.0000e+00
      46423   1934.230    374.000     3.7162   3.232296     3.7139   3.231954      98.68     0.0169     2.8655     2.5197  33.568512  3.7423668   47.90464  -46.06302    34.8245    34.8228     3.6903     3.6880    27.6785    27.6774    6.63918    6.62113         20 0.0000e+00
      46443   1935.077    373.000     3.7118   3.231758     3.7102   3.231482      92.70     0.0154     2.8662     2.5195  33.572277  3.7423687   47.90466  -46.06302    34.8234    34.8217     3.6860     3.6844    27.6780    27.6768    6.64105    6.62012         21 0.0000e+00
      46466   1936.030    372.000     3.7092   3.231407     3.7070   3.231077      87.90     0.0163     2.8668     2.5203  33.565216  3.7354198   47.90466  -46.06302    34.8224    34.8208     3.6835     3.6813    27.6775    27.6764    6.64127    6.62396         25 0.0000e+00
      46491   1937.080    371.000     3.7074   3.231151     3.7048   3.230806      98.60     0.0158     2.8678     2.5205  33.561039  3.7326095   47.90466  -46.06302    34.8218    34.8204     3.6817     3.6792    27.6772    27.6763    6.64505    6.62236         25 0.0000e+00
      46516   1938.144    370.000     3.7058   3.230939     3.7025   3.230513      90.11     0.0153     2.8684     2.5209  33.560429  3.7306106   47.90466  -46.06302    34.8215    34.8199     3.6802     3.6770    27.6771    27.6761    6.64518    6.62051         25 0.0000e+00
      46541   1939.146    369.000     3.7026   3.230565     3.7001   3.230196      90.05     0.0160     2.8690     2.5207  33.560440  3.7313406   47.90466  -46.06302    34.8210    34.8192     3.6771     3.6746    27.6770    27.6758    6.64095    6.61437         23 0.0000e+00
      46563   1940.094    368.000     3.6990   3.230087     3.6979   3.229923      98.72     0.0150     2.8694     2.5201  33.560440  3.7240300   47.90467  -46.06302    34.8196    34.8188     3.6736     3.6725    27.6763    27.6757    6.64939    6.61585         23 0.0000e+00
      46586   1941.047    367.000     3.6972   3.229845     3.6951   3.229563      30.49     0.0131     2.8701     2.5205  33.560440  3.7228262   47.90468  -46.06302    34.8191    34.8179     3.6719     3.6698    27.6760    27.6752    6.64848    6.62858         23 0.0000e+00
      46610   1942.058    366.000     3.6932   3.229364     3.6924   3.229212      87.42     0.0139     2.8709     2.5219  33.560440  3.7161002   47.90468  -46.06304    34.8182    34.8172     3.6680     3.6672    27.6757    27.6750    6.65003    6.63615         26 0.0000e+00
      46635   1943.089    365.000     3.6915   3.229122     3.6901   3.228886      98.69     0.0147     2.8717     2.5233  33.559158  3.7130485   47.90468  -46.06304    34.8176    34.8163     3.6664     3.6650    27.6754    27.6745    6.65375    6.64278         23 0.0000e+00
      46657   1944.008    364.000     3.6898   3.228848     3.6894   3.228741      86.93     0.0134     2.8724     2.5247  33.558212  3.7125604   47.90470  -46.06304    34.8168    34.8159     3.6647     3.6643    27.6749    27.6743    6.65669    6.64198         20 0.0000e+00
      46676   1944.804    363.000     3.6893   3.228711     3.6888   3.228606      78.66     0.0155     2.8732     2.5252  33.560474  3.7125502   47.90470  -46.06304    34.8162    34.8154     3.6643     3.6638    27.6744    27.6739    6.65846    6.63674         19 0.0000e+00
      46695   1945.575    362.000     3.6885   3.228548     3.6881   3.228452      98.43     0.0181     2.8738     2.5254  33.559677  3.7110236   47.90470  -46.06304    34.8156    34.8149     3.6636     3.6632    27.6740    27.6735    6.65991    6.63449         19 0.0000e+00
      46715   1946.430    361.000     3.6877   3.228394     3.6872   3.228280      98.63     0.0159     2.8747     2.5257  33.557949  3.7035477   47.90470  -46.06304    34.8151    34.8143     3.6629     3.6624    27.6738    27.6732    6.65674    6.63967         23 0.0000e+00
      46744   1947.624    360.000     3.6874   3.228324     3.6863   3.228126      86.54     0.0123     2.8754     2.5271  33.553886  3.7032967   47.90470  -46.06304    34.8152    34.8139     3.6626     3.6616    27.6739    27.6730    6.65950    6.64581         35 0.0000e+00
      46781   1949.149    359.000     3.6875   3.228277     3.6866   3.228081      99.21     0.0144     2.8760     2.5278  33.550068  3.7032967   47.90470  -46.06304    34.8151    34.8137     3.6628     3.6618    27.6737    27.6727    6.65858    6.63310         33 0.0000e+00
      46807   1950.263    358.000     3.6872   3.228170     3.6866   3.228037      86.44     0.0150     2.8774     2.5267  33.536053  3.7032967   47.90472  -46.06306    34.8147    34.8137     3.6625     3.6619    27.6734    27.6727    6.66075    6.62514         22 0.0000e+00
      46827   1951.083    357.000     3.6866   3.228014     3.6861   3.227925      88.14     0.0157     2.8770     2.5266  33.525993  3.7032967   47.90472  -46.06306    34.8140    34.8134     3.6620     3.6615    27.6729    27.6725    6.65636    6.63346         18 0.0000e+00
      46844   1951.804    356.000     3.6865   3.227940     3.6860   3.227851      50.51     0.0147     2.8773     2.5269  33.526836  3.7032967   47.90472  -46.06306    34.8137    34.8132     3.6620     3.6615    27.6728    27.6724    6.65944    6.63194         17 0.0000e+00
      46861   1952.520    355.000     3.6865   3.227894     3.6861   3.227806      97.66     0.0148     2.8779     2.5266  33.526253  3.7032967   47.90472  -46.06306    34.8137    34.8131     3.6621     3.6617    27.6727    27.6722    6.66378    6.62829         18 0.0000e+00
      46880   1953.299    354.000     3.6867   3.227852     3.6864   3.227768      84.03     0.0170     2.8788     2.5267  33.523849  3.7028162   47.90474  -46.06306    34.8136    34.8128     3.6623     3.6621    27.6726    27.6720    6.66439    6.63286         20 0.0000e+00
      46903   1954.267    353.000     3.6867   3.227801     3.6867   3.227739      92.33     0.0188     2.8788     2.5274  33.522488  3.6955242   47.90474  -46.06306    34.8135    34.8127     3.6624     3.6625    27.6725    27.6718    6.65563    6.64015         27 0.0000e+00
      46936   1955.643    352.000     3.6868   3.227782     3.6871   3.227716      96.31     0.0187     2.8786     2.5285  33.523037  3.6976373   47.90474  -46.06306    34.8137    34.8125     3.6626     3.6629    27.6726    27.6717    6.64930    6.64098         38 0.0000e+00
      46973   1957.158    351.000     3.6873   3.227759     3.6872   3.227686      86.30     0.0187     2.8781     2.5292  33.520988  3.7022383   47.90475  -46.06308    34.8134    34.8126     3.6631     3.6631    27.6724    27.6717    6.65535    6.63240         32 0.0000e+00
      46999   1958.261    350.000     3.6878   3.227736     3.6876   3.227663      98.97     0.0170     2.8785     2.5284  33.525257  3.7033310   47.90476  -46.06308    34.8131    34.8124     3.6638     3.6636    27.6721    27.6715    6.65300    6.62392         22 0.0000e+00
      47018   1959.041    349.000     3.6888   3.227752     3.6881   3.227648      78.75     0.0208     2.8786     2.5279  33.524242  3.7032967   47.90476  -46.06308    34.8128    34.8123     3.6648     3.6641    27.6717    27.6714    6.65581    6.62714         17 0.0000e+00
      47034   1959.716    348.000     3.6893   3.227745     3.6886   3.227642      16.98     0.0205     2.8791     2.5283  33.526276  3.7019799   47.90476  -46.06308    34.8127    34.8122     3.6653     3.6647    27.6716    27.6713    6.66135    6.63483         15 0.0000e+00
      47050   1960.363    347.000     3.6896   3.227729     3.6892   3.227648      99.91     0.0194     2.8799     2.5286  33.520992  3.6996014   47.90476  -46.06308    34.8127    34.8121     3.6658     3.6654    27.6716    27.6711    6.66385    6.63636         16 0.0000e+00
      47066   1961.050    346.000     3.6901   3.227733     3.6899   3.227672      98.64     0.0154     2.8803     2.5291  33.519764  3.6973674   47.90478  -46.06308    34.8128    34.8122     3.6663     3.6661    27.6716    27.6711    6.65573    6.63872         18 0.0000e+00
      47087   1961.898    345.000     3.6904   3.227720     3.6903   3.227640      94.96     0.0147     2.8803     2.5299  33.520126  3.6948650   47.90478  -46.06308    34.8129    34.8120     3.6667     3.6666    27.6716    27.6709    6.65395    6.63692         24 0.0000e+00
      47122   1963.395    344.000     3.6906   3.227686     3.6903   3.227596      90.40     0.0143     2.8809     2.5299  33.521629  3.6947496   47.90478  -46.06310    34.8128    34.8120     3.6669     3.6671    27.6715    27.6709    6.65571    6.63078         48 0.0000e+00
      47167   1965.239    343.000     3.6908   3.227645     3.6906   3.227562      87.24     0.0125     2.8809     2.5301  33.519035  3.6983786   47.90478  -46.06310    34.8126    34.8118     3.6672     3.6670    27.6713    27.6707    6.65229    6.63217         32 0.0000e+00
      47190   1966.214    342.000     3.6931   3.227793     3.6923   3.227660      91.00     0.0171     2.8808     2.5302  33.521999  3.6965468   47.90480  -46.06310    34.8125    34.8118     3.6696     3.6687    27.6710    27.6705    6.65347    6.62889         19 0.0000e+00
      47207   1966.908    341.000     3.6973   3.228111     3.6947   3.227837      98.76     0.0192     2.8817     2.5302  33.521980  3.6959600   47.90480  -46.06310    34.8123    34.8118     3.6739     3.6713    27.6704    27.6703    6.65325    6.62314         16 0.0000e+00
      47222   1967.533    340.000     3.6995   3.228272     3.6972   3.228020      98.63     0.0205     2.8810     2.5295  33.519577  3.6949041   47.90480  -46.06310    34.8124    34.8119     3.6761     3.6738    27.6703    27.6701    6.64646    6.61672         14 0.0000e+00
      47236   1968.135    339.000     3.7020   3.228460     3.7009   3.228327      92.08     0.0222     2.8812     2.5293  33.517426  3.6935055   47.90480  -46.06310    34.8126    34.8122     3.6787     3.6776    27.6701    27.6699    6.65019    6.61025         15 0.0000e+00
      47252   1968.792    338.000     3.7046   3.228664     3.7054   3.228702      73.97     0.0216     2.8814     2.5282  33.517345  3.6935287   47.90480  -46.06310    34.8128    34.8124     3.6814     3.6822    27.6701    27.6696    6.64097    6.60337         17 0.0000e+00
      47271   1969.603    337.000     3.7097   3.229086     3.7108   3.229140      96.85     0.0212     2.8803     2.5274  33.517128  3.6964233   47.90481  -46.06311    34.8129    34.8124     3.6865     3.6876    27.6696    27.6691    6.62417    6.60242         23 0.0000e+00
      47299   1970.764    336.000     3.7092   3.228989     3.7169   3.229684      68.59     0.0206     2.8780     2.5266  33.518990  3.7019160   47.90482  -46.06312    34.8129    34.8129     3.6861     3.6938    27.6696    27.6689    6.62089    6.60392         34 0.0000e+00
      47335   1972.234    335.000     3.7113   3.229133     3.7228   3.230132      88.08     0.0147     2.8770     2.5260  33.517342  3.7068067   47.90482  -46.06312    34.8129    34.8126     3.6883     3.6997    27.6694    27.6681    6.62689    6.60194         32 0.0000e+00
      47361   1973.351    334.000     3.7196   3.229869     3.7231   3.230188      99.02     0.0157     2.8769     2.5253  33.516453  3.7086921   47.90482  -46.06312    34.8135    34.8135     3.6966     3.7001    27.6690    27.6687    6.63061    6.59499         22 0.0000e+00
      47381   1974.159    333.000     3.7367   3.231382     3.7355   3.231282      88.98     0.0177     2.8771     2.5252  33.516483  3.7153368   47.90484  -46.06312    34.8139    34.8140     3.7137     3.7125    27.6677    27.6679    6.63144    6.59969         18 0.0000e+00
      47398   1974.884    332.000     3.7387   3.231471     3.7389   3.231492      76.88     0.0188     2.8778     2.5256  33.516483  3.7142007   47.90484  -46.06312    34.8133    34.8134     3.7158     3.7159    27.6670    27.6670    6.63265    6.60412         17 0.0000e+00
      47416   1975.618    331.000     3.7379   3.231323     3.7382   3.231337      99.05     0.0155     2.8778     2.5260  33.516483  3.7174673   47.90484  -46.06312    34.8129    34.8128     3.7150     3.7154    27.6668    27.6666    6.63772    6.60845         18 0.0000e+00
      47434   1976.395    330.000     3.7362   3.231108     3.7369   3.231121      98.63     0.0121     2.8796     2.5271  33.516483  3.7316165   47.90484  -46.06312    34.8127    34.8121     3.7134     3.7141    27.6668    27.6662    6.64675    6.61555         20 0.0000e+00
