data/CTD/2014/CNV/u017a025.cnv
* Sea-Bird SBE 9 Data File:
* FileName = C:\CTD_ACQUISITION\2014017HUD\ctddata\017A025.hdr
* Software Version Seasave V 7.22.2
* Temperature SN = 5081
* Conductivity SN = 3561
* Number of Bytes Per Scan = 37
* Number of Voltage Words = 4
* Number of Scans Averaged by the Deck Unit = 1
* NMEA Latitude = 48 58.39 N
* NMEA Longitude = 045 52.48 W
* NMEA UTC (Time) = Jul 06 2014 19:01:08
* NMEA baud rate = 9600
** Ship: Hudson 8
** Cruise: HUD2014017
** Chief_Scientist: Blair Greenan
** Organization: BIO
** Area_of_Operation: Sackville Spur
** Station: 025
** Sounding:  2478
** Event_Comments: SS-29 403142
# nquan = 25
# nvalues = 2571                        
# units = specified
# name 0 = scan: Scan Count
# name 1 = timeS: Time, Elapsed [seconds]
# name 2 = prDM: Pressure, Digiquartz [db]
# name 3 = t068C: Temperature [ITS-68, deg C]
# name 4 = c0S/m: Conductivity [S/m]
# name 5 = t168C: Temperature, 2 [ITS-68, deg C]
# name 6 = c1S/m: Conductivity, 2 [S/m]
# name 7 = altM: Altimeter [m]
# name 8 = flC: Fluorescence, Chelsea Aqua 3 Chl Con [ug/l]
# name 9 = sbeox0V: Oxygen raw, SBE 43 [V]
# name 10 = sbeox1V: Oxygen raw, SBE 43, 2 [V]
# name 11 = upoly0: Upoly 0, Optode 4330F - O2 D-Phase
# name 12 = upoly1: Upoly 1, Optode 4330F - O2 Temp
# name 13 = latitude: Latitude [deg]
# name 14 = longitude: Longitude [deg]
# name 15 = sal00: Salinity, Practical [PSU]
# name 16 = sal11: Salinity, Practical, 2 [PSU]
# name 17 = potemp068C: Potential Temperature [ITS-68, deg C]
# name 18 = potemp168C: Potential Temperature, 2 [ITS-68, deg C]
# name 19 = sigma-é00: Density [sigma-theta, Kg/m^3]
# name 20 = sigma-é11: Density, 2 [sigma-theta, Kg/m^3]
# name 21 = sbeox0ML/L: Oxygen, SBE 43 [ml/l], WS = 2
# name 22 = sbeox1ML/L: Oxygen, SBE 43, 2 [ml/l], WS = 2
# name 23 = nbin: number of scans per bin
# name 24 = flag: flag
# span 0 =      75205,     138617       
# span 1 =   3133.500,   5775.685       
# span 2 =      1.000,   2571.000       
# span 3 =     2.4692,     8.1511       
# span 4 =   3.103441,   3.509338       
# span 5 =     2.4682,     8.1496       
# span 6 =   3.103485,   3.509165       
# span 7 =       1.43,     102.26       
# span 8 =     0.0060,     0.4302       
# span 9 =     2.1833,     3.5937       
# span 10 =     1.9333,     3.1638      
# span 11 =  30.121141,  35.569786      
# span 12 =  2.4627595,  8.0631676      
# span 13 =   48.97782,   48.98305      
# span 14 =  -45.87368,  -45.87154      
# span 15 =    33.6553,    34.9171      
# span 16 =    33.6551,    34.9166      
# span 17 =     2.2752,     8.1509      
# span 18 =     2.2743,     8.1495      
# span 19 =    26.1958,    27.8731      
# span 20 =    26.1960,    27.8728      
# span 21 =    6.27835,    8.22438      
# span 22 =    6.21588,    8.39773      
# span 23 =         11,         86      
# span 24 = 0.0000e+00, 0.0000e+00      
# interval = decibars: 1                
# start_time = Jul 06 2014 19:01:08 [NMEA time, header]
# bad_flag = -9.990e-29
*END*
[from data line 812]
      94505   3937.673   1759.000     3.3419   3.266108     3.3411   3.266015      98.63     0.0151     2.3746     2.0888  35.025642  3.3419416   48.98004  -45.87286    34.9145    34.9142     3.2064     3.2056    27.7976    27.7975    6.35318    6.27533         17 0.0000e+00
      94521   3938.323   1758.000     3.3428   3.266164     3.3419   3.266047      94.22     0.0169     2.3754     2.0887  35.025642  3.3397541   48.98004  -45.87286    34.9147    34.9143     3.2074     3.2065    27.7976    27.7974    6.35489    6.27747         14 0.0000e+00
      94535   3938.912   1757.000     3.3437   3.266211     3.3434   3.266153      45.04     0.0201     2.3749     2.0891  35.025642  3.3397872   48.98006  -45.87286    34.9148    34.9144     3.2084     3.2081    27.7976    27.7973    6.34541    6.28137         14 0.0000e+00
      94549   3939.490   1756.000     3.3451   3.266296     3.3451   3.266266      96.53     0.0190     2.3756     2.0893  35.024574  3.3369427   48.98006  -45.87286    34.9148    34.9145     3.2099     3.2098    27.7975    27.7972    6.34597    6.28189         14 0.0000e+00
      94564   3940.105   1755.000     3.3460   3.266336     3.3468   3.266373      98.64     0.0170     2.3751     2.0894  35.024727  3.3376081   48.98006  -45.87286    34.9149    34.9144     3.2108     3.2116    27.7975    27.7970    6.34843    6.28128         16 0.0000e+00
      94581   3940.818   1754.000     3.3472   3.266407     3.3477   3.266405      98.63     0.0145     2.3758     2.0896  35.022602  3.3372607   48.98006  -45.87286    34.9149    34.9143     3.2121     3.2126    27.7974    27.7969    6.35199    6.28112         19 0.0000e+00
      94603   3941.760   1753.000     3.3477   3.266416     3.3482   3.266398      98.63     0.0173     2.3756     2.0899  35.010326  3.3375294   48.98007  -45.87286    34.9149    34.9142     3.2127     3.2132    27.7973    27.7967    6.34188    6.28074         27 0.0000e+00
      94631   3942.931   1752.000     3.3473   3.266320     3.3477   3.266313      98.63     0.0186     2.3757     2.0903  35.011005  3.3401027   48.98008  -45.87286    34.9147    34.9142     3.2124     3.2128    27.7972    27.7967    6.34789    6.28035         27 0.0000e+00
      94655   3943.930   1751.000     3.3478   3.266324     3.3482   3.266294      57.33     0.0127     2.3758     2.0905  35.010990  3.3419039   48.98008  -45.87286    34.9147    34.9140     3.2130     3.2133    27.7971    27.7965    6.34115    6.28104         21 0.0000e+00
      94676   3944.792   1750.000     3.3488   3.266375     3.3489   3.266339      98.66     0.0115     2.3758     2.0908  35.013783  3.3418803   48.98008  -45.87286    34.9147    34.9142     3.2141     3.2142    27.7970    27.7966    6.34527    6.28168         21 0.0000e+00
      94698   3945.724   1749.000     3.3498   3.266434     3.3493   3.266349      98.63     0.0126     2.3763     2.0911  35.023045  3.3418803   48.98009  -45.87286    34.9149    34.9144     3.2152     3.2146    27.7970    27.7967    6.34701    6.27699         25 0.0000e+00
      94730   3947.058   1748.000     3.3503   3.266432     3.3502   3.266373      70.30     0.0124     2.3762     2.0910  35.016014  3.3421261   48.98010  -45.87286    34.9148    34.9143     3.2157     3.2206    27.7970    27.7966    6.34302    6.27931         39 0.0000e+00
      94766   3948.545   1747.000     3.3504   3.266389     3.3504   3.266335      73.93     0.0156     2.3769     2.0917  35.009792  3.3418725   48.98011  -45.87286    34.9146    34.9141     3.2159     3.2157    27.7968    27.7963    6.34282    6.28339         29 0.0000e+00
      94790   3949.521   1746.000     3.3509   3.266376     3.3506   3.266318      90.83     0.0185     2.3762     2.0916  35.010990  3.3462780   48.98012  -45.87286    34.9146    34.9141     3.2164     3.2162    27.7967    27.7963    6.34270    6.27465         20 0.0000e+00
      94808   3950.301   1745.000     3.3517   3.266405     3.3509   3.266297      98.72     0.0185     2.3771     2.0917  35.010990  3.3482237   48.98012  -45.87286    34.9145    34.9141     3.2173     3.2165    27.7966    27.7963    6.35064    6.27354         17 0.0000e+00
      94825   3950.997   1744.000     3.3520   3.266390     3.3512   3.266278      98.63     0.0181     2.3772     2.0915  35.013809  3.3479798   48.98012  -45.87286    34.9144    34.9140     3.2178     3.2169    27.7965    27.7962    6.34475    6.27366         16 0.0000e+00
      94841   3951.654   1743.000     3.3523   3.266359     3.3514   3.266249      62.95     0.0181     2.3774     2.0916  35.023930  3.3516910   48.98013  -45.87285    34.9143    34.9139     3.2181     3.2172    27.7964    27.7961    6.33353    6.27249         16 0.0000e+00
      94856   3952.293   1742.000     3.3522   3.266319     3.3515   3.266217      77.06     0.0179     2.3764     2.0915  35.023689  3.3516483   48.98014  -45.87284    34.9144    34.9139     3.2182     3.2174    27.7964    27.7961    6.32683    6.27228         15 0.0000e+00
      94872   3952.941   1741.000     3.3521   3.266268     3.3515   3.266175      98.77     0.0123     2.3766     2.0916  35.021046  3.3498056   48.98014  -45.87284    34.9144    34.9139     3.2181     3.2175    27.7964    27.7961    6.34027    6.27414         16 0.0000e+00
      94888   3953.635   1740.000     3.3521   3.266234     3.3515   3.266132      64.44     0.0102     2.3769     2.0917  35.011139  3.3441362   48.98015  -45.87284    34.9145    34.9139     3.2182     3.2176    27.7964    27.7960    6.33978    6.27005         18 0.0000e+00
      94908   3954.441   1739.000     3.3521   3.266190     3.3516   3.266095      85.23     0.0108     2.3769     2.0915  35.010990  3.3432922   48.98016  -45.87284    34.9145    34.9139     3.2183     3.2178    27.7964    27.7960    6.34052    6.26761         21 0.0000e+00
      94929   3955.353   1738.000     3.3522   3.266152     3.3517   3.266063      98.62     0.0141     2.3773     2.0914  35.010990  3.3503070   48.98016  -45.87286    34.9143    34.9139     3.2185     3.2180    27.7963    27.7960    6.34348    6.26682         22 0.0000e+00
      94951   3956.233   1737.000     3.3521   3.266107     3.3518   3.266024      92.30     0.0166     2.3778     2.0914  35.010990  3.3511636   48.98016  -45.87284    34.9144    34.9138     3.2185     3.2182    27.7963    27.7959    6.34239    6.26733         20 0.0000e+00
      94970   3957.032   1736.000     3.3523   3.266073     3.3519   3.265996      57.86     0.0161     2.3779     2.0914  35.016323  3.3511345   48.98016  -45.87284    34.9143    34.9138     3.2187     3.2183    27.7963    27.7959    6.34032    6.26648         19 0.0000e+00
      94989   3957.848   1735.000     3.3525   3.266052     3.3524   3.265999      97.31     0.0171     2.3782     2.0914  35.025345  3.3516319   48.98016  -45.87284    34.9143    34.9138     3.2190     3.2189    27.7963    27.7959    6.34674    6.26465         21 0.0000e+00
      95015   3958.911   1734.000     3.3528   3.266044     3.3527   3.265986      98.63     0.0148     2.3786     2.0913  35.020485  3.3516483   48.98017  -45.87285    34.9144    34.9138     3.2195     3.2193    27.7962    27.7958    6.33948    6.26643         32 0.0000e+00
      95055   3960.595   1733.000     3.3525   3.265974     3.3530   3.265956      98.63     0.0169     2.3788     2.0917  35.011070  3.3516483   48.98018  -45.87285    34.9144    34.9136     3.2192     3.2197    27.7963    27.7956    6.34064    6.27264         40 0.0000e+00
      95085   3961.819   1732.000     3.3524   3.265905     3.3531   3.265908      55.20     0.0165     2.3791     2.0923  35.010963  3.3516483   48.98019  -45.87284    34.9142    34.9134     3.2192     3.2199    27.7961    27.7954    6.33959    6.27560         22 0.0000e+00
      95104   3962.637   1731.000     3.3548   3.266059     3.3543   3.265988      98.77     0.0120     2.3791     2.0928  35.009426  3.3516483   48.98020  -45.87284    34.9141    34.9136     3.2216     3.2212    27.7958    27.7955    6.33853    6.27350         19 0.0000e+00
      95122   3963.373   1730.000     3.3562   3.266161     3.3552   3.266043      98.63     0.0095     2.3793     2.0928  35.009266  3.3516483   48.98020  -45.87284    34.9141    34.9138     3.2232     3.2222    27.7957    27.7955    6.33467    6.27253         17 0.0000e+00
      95139   3964.080   1729.000     3.3566   3.266157     3.3558   3.266044      98.63     0.0096     2.3792     2.0933  35.010983  3.3516483   48.98020  -45.87284    34.9142    34.9137     3.2236     3.2228    27.7957    27.7954    6.32993    6.27793         17 0.0000e+00
      95155   3964.769   1728.000     3.3567   3.266128     3.3559   3.266024      50.63     0.0123     2.3789     2.0935  35.010078  3.3516483   48.98021  -45.87284    34.9142    34.9138     3.2238     3.2231    27.7957    27.7954    6.33613    6.27835         16 0.0000e+00
      95172   3965.440   1727.000     3.3569   3.266102     3.3565   3.266030      88.04     0.0135     2.3794     2.0941  35.025703  3.3516483   48.98022  -45.87284    34.9142    34.9138     3.2241     3.2237    27.7956    27.7954    6.34333    6.28251         16 0.0000e+00
      95187   3966.099   1726.000     3.3579   3.266152     3.3579   3.266114      98.54     0.0168     2.3799     2.0948  35.025642  3.3516483   48.98022  -45.87284    34.9142    34.9138     3.2252     3.2251    27.7955    27.7953    6.34262    6.28336         16 0.0000e+00
      95204   3966.772   1725.000     3.3588   3.266180     3.3609   3.266359      50.06     0.0192     2.3796     2.0950  35.025642  3.3516483   48.98022  -45.87284    34.9141    34.9140     3.2261     3.2282    27.7954    27.7951    6.34546    6.27592         16 0.0000e+00
      95221   3967.510   1724.000     3.3623   3.266412     3.3669   3.266895      89.40     0.0168     2.3811     2.0950  35.022030  3.3516483   48.98022  -45.87284    34.9139    34.9146     3.2297     3.2342    27.7949    27.7950    6.34357    6.27097         20 0.0000e+00
      95244   3968.462   1723.000     3.3661   3.266764     3.3720   3.267313      98.12     0.0126     2.3807     2.0952  35.019516  3.3516483   48.98024  -45.87284    34.9143    34.9145     3.2335     3.2394    27.7949    27.7945    6.33571    6.26976         28 0.0000e+00
      95281   3969.996   1722.000     3.3645   3.266599     3.3737   3.267396      74.55     0.0117     2.3813     2.0952  35.025806  3.3516483   48.98024  -45.87284    34.9145    34.9143     3.2321     3.2412    27.7952    27.7941    6.34141    6.27205         41 0.0000e+00
      95313   3971.319   1721.000     3.3645   3.266556     3.3716   3.267157      99.49     0.0178     2.3821     2.0958  35.011147  3.3590105   48.98024  -45.87284    34.9145    34.9141     3.2322     3.2392    27.7951    27.7942    6.34741    6.28086         22 0.0000e+00
      95332   3972.113   1720.000     3.3737   3.267322     3.3790   3.267794      98.63     0.0190     2.3825     2.0963  35.002922  3.3615143   48.98026  -45.87284    34.9146    34.9144     3.2413     3.2466    27.7944    27.7937    6.33851    6.28352         17 0.0000e+00
      95348   3972.793   1719.000     3.3812   3.267977     3.3814   3.267983      98.63     0.0183     2.3821     2.0970  35.006115  3.3614163   48.98026  -45.87284    34.9148    34.9146     3.2488     3.2490    27.7938    27.7936    6.34025    6.28196         15 0.0000e+00
      95364   3973.461   1718.000     3.3831   3.268138     3.3826   3.268063      98.53     0.0165     2.3834     2.0974  35.007549  3.3700705   48.98026  -45.87284    34.9152    34.9147     3.2507     3.2503    27.7939    27.7936    6.34516    6.27800         17 0.0000e+00
      95382   3974.224   1717.000     3.3838   3.268170     3.3832   3.268065      89.40     0.0158     2.3831     2.0976  35.010201  3.3706963   48.98028  -45.87284    34.9153    34.9147     3.2515     3.2509    27.7939    27.7935    6.34103    6.27520         21 0.0000e+00
      95412   3975.453   1716.000     3.3836   3.268117     3.3832   3.268030      79.57     0.0127     2.3838     2.0978  35.010258  3.3709283   48.98028  -45.87284    34.9153    34.9147     3.2515     3.2511    27.7939    27.7935    6.33737    6.27293         40 0.0000e+00
      95448   3976.974   1715.000     3.3832   3.268019     3.3830   3.267945     100.07     0.0150     2.3842     2.0979  35.005383  3.3712022   48.98028  -45.87284    34.9150    34.9144     3.2512     3.2509    27.7937    27.7933    6.35109    6.27285         25 0.0000e+00
      95466   3977.700   1714.000     3.3834   3.267976     3.3829   3.267909      53.16     0.0137     2.3853     2.0981  34.994499  3.3711843   48.98029  -45.87284    34.9149    34.9146     3.2514     3.2509    27.7936    27.7934    6.34344    6.27556         15 0.0000e+00
      95479   3978.270   1713.000     3.3840   3.267994     3.3832   3.267904      73.01     0.0088     2.3847     2.0983  34.995113  3.3719964   48.98030  -45.87284    34.9150    34.9147     3.2521     3.2513    27.7936    27.7935    6.33865    6.27509         12 0.0000e+00
      95491   3978.768   1712.000     3.3844   3.268007     3.3839   3.267911      98.50     0.0095     2.3852     2.0985  34.995117  3.3711886   48.98030  -45.87284    34.9151    34.9145     3.2526     3.2521    27.7936    27.7933    6.34277    6.27773         12 0.0000e+00
      95503   3979.253   1711.000     3.3848   3.267994     3.3842   3.267891      98.63     0.0083     2.3857     2.0988  34.985703  3.3782439   48.98030  -45.87284    34.9150    34.9145     3.2531     3.2524    27.7936    27.7932    6.34454    6.27854         12 0.0000e+00
      95515   3979.752   1710.000     3.3848   3.267960     3.3841   3.267850      98.63     0.0098     2.3855     2.0991  34.986523  3.3777270   48.98030  -45.87284    34.9151    34.9145     3.2532     3.2525    27.7936    27.7932    6.34439    6.28049         12 0.0000e+00
      95529   3980.322   1709.000     3.3847   3.267911     3.3839   3.267787      89.38     0.0111     2.3858     2.0994  34.992313  3.3776963   48.98030  -45.87284    34.9151    34.9145     3.2532     3.2523    27.7936    27.7932    6.34937    6.27998         15 0.0000e+00
      95551   3981.243   1708.000     3.3844   3.267855     3.3834   3.267710      64.51     0.0121     2.3864     2.0997  34.990200  3.3769991   48.98032  -45.87284    34.9153    34.9146     3.2529     3.2520    27.7938    27.7933    6.33675    6.27532         36 0.0000e+00
      95620   3984.107   1707.000     3.3839   3.267756     3.3834   3.267664      78.71     0.0102     2.3869     2.1000  34.991966  3.3813193   48.98033  -45.87284    34.9151    34.9146     3.2526     3.2520    27.7937    27.7933    6.34433    6.27449         42 0.0000e+00
      95635   3984.755   1706.000     3.3842   3.267727     3.3834   3.267608      99.15     0.0114     2.3865     2.1001  34.994774  3.3798592   48.98034  -45.87284    34.9149    34.9143     3.2530     3.2522    27.7935    27.7931    6.33654    6.27069         18 0.0000e+00
      95652   3985.451   1705.000     3.3839   3.267665     3.3831   3.267557      98.63     0.0109     2.3872     2.1000  34.994614  3.3712699   48.98034  -45.87284    34.9150    34.9145     3.2528     3.2520    27.7935    27.7933    6.34334    6.27091         17 0.0000e+00
      95669   3986.150   1704.000     3.3841   3.267634     3.3836   3.267560      98.63     0.0123     2.3871     2.1002  34.993774  3.3711843   48.98034  -45.87284    34.9150    34.9146     3.2530     3.2525    27.7935    27.7933    6.33446    6.27029         17 0.0000e+00
      95687   3986.900   1703.000     3.3848   3.267652     3.3851   3.267656      45.36     0.0118     2.3872     2.1000  34.994770  3.3711843   48.98035  -45.87284    34.9149    34.9146     3.2538     3.2541    27.7934    27.7931    6.33920    6.26803         19 0.0000e+00
