data/CTD/2014/CNV/u017a012.cnv
* Sea-Bird SBE 9 Data File:
* FileName = C:\CTD_ACQUISITION\2014017HUD\ctddata\017A012.hdr
* Software Version Seasave V 7.22.2
* Temperature SN = 5081
* Conductivity SN = 3561
* Number of Bytes Per Scan = 37
* Number of Voltage Words = 4
* Number of Scans Averaged by the Deck Unit = 1
* NMEA Latitude = 52 48.96 N
* NMEA Longitude = 051 41.79 W
* NMEA UTC (Time) = Jul 03 2014 21:58:08
* NMEA baud rate = 9600
** Ship: Hudson
** Cruise: HUD2014017
** Chief_Scientist: Blair Greenan
** Organization: BIO
** Area_of_Operation: Sackville Spur
** Station: 012
** Sounding:  783
** Event_Comments: C3, 403023
# nquan = 25
# nvalues = 815                         
# units = specified
# name 0 = scan: Scan Count
# name 1 = timeS: Time, Elapsed [seconds]
# name 2 = prDM: Pressure, Digiquartz [db]
# name 3 = t068C: Temperature [ITS-68, deg C]
# name 4 = c0S/m: Conductivity [S/m]
# name 5 = t168C: Temperature, 2 [ITS-68, deg C]
# name 6 = c1S/m: Conductivity, 2 [S/m]
# name 7 = altM: Altimeter [m]
# name 8 = flC: Fluorescence, Chelsea Aqua 3 Chl Con [ug/l]
# name 9 = sbeox0V: Oxygen raw, SBE 43 [V]
# name 10 = sbeox1V: Oxygen raw, SBE 43, 2 [V]
# name 11 = upoly0: Upoly 0, Optode 4330F - O2 D-Phase
# name 12 = upoly1: Upoly 1, Optode 4330F - O2 Temp
# name 13 = latitude: Latitude [deg]
# name 14 = longitude: Longitude [deg]
# name 15 = sal00: Salinity, Practical [PSU]
# name 16 = sal11: Salinity, Practical, 2 [PSU]
# name 17 = potemp068C: Potential Temperature [ITS-68, deg C]
# name 18 = potemp168C: Potential Temperature, 2 [ITS-68, deg C]
# name 19 = sigma-é00: Density [sigma-theta, Kg/m^3]
# name 20 = sigma-é11: Density, 2 [sigma-theta, Kg/m^3]
# name 21 = sbeox0ML/L: Oxygen, SBE 43 [ml/l], WS = 2
# name 22 = sbeox1ML/L: Oxygen, SBE 43, 2 [ml/l], WS = 2
# name 23 = nbin: number of scans per bin
# name 24 = flag: flag
# span 0 =      27306,      63594       
# span 1 =   1137.706,   2649.708       
# span 2 =      1.000,    815.000       
# span 3 =    -0.2680,     3.9042       
# span 4 =   2.783067,   3.244019       
# span 5 =    -0.2601,     3.9039       
# span 6 =   2.782294,   3.243864       
# span 7 =       4.40,     102.76       
# span 8 =     0.0084,     0.6125       
# span 9 =     2.7534,     3.6233       
# span 10 =     2.4353,     3.2054      
# span 11 =  30.607109,  34.077435      
# span 12 = -0.2462059,  3.8988295      
# span 13 =   52.81374,   52.81548      
# span 14 =  -51.69192,  -51.68723      
# span 15 =    32.3435,    34.8507      
# span 16 =    32.3511,    34.8490      
# span 17 =    -0.2688,     3.8921      
# span 18 =    -0.2609,     3.8918      
# span 19 =    25.8286,    27.7140      
# span 20 =    25.8360,    27.7126      
# span 21 =    6.66864,    9.46676      
# span 22 =    6.65022,    9.53606      
# span 23 =          9,         86      
# span 24 = 0.0000e+00, 0.0000e+00      
# interval = decibars: 1                
# start_time = Jul 03 2014 21:58:08 [NMEA time, header]
# bad_flag = -9.990e-29
*END*
[from data line 580]
      45313   1888.009    235.000     3.6414   3.215034     3.6510   3.215945      78.49     0.0118     2.9479     2.5916  33.282051  3.6084962   52.81466  -51.69010    34.7727    34.7735     3.6256     3.6351    27.6437    27.6434    6.75450    6.75089         17 0.0000e+00
      45330   1888.726    234.000     3.6691   3.217727     3.6797   3.218711      35.62     0.0154     2.9484     2.5923  33.281242  3.6061566   52.81466  -51.69010    34.7761    34.7766     3.6532     3.6638    27.6436    27.6429    6.74942    6.75116         18 0.0000e+00
      45349   1889.483    233.000     3.6862   3.219360     3.7006   3.220699      97.32     0.0184     2.9478     2.5926  33.267708  3.6056287   52.81466  -51.69011    34.7780    34.7787     3.6704     3.6848    27.6434    27.6425    6.74515    6.74318         19 0.0000e+00
      45369   1890.345    232.000     3.6965   3.220389     3.7147   3.222006      98.63     0.0196     2.9485     2.5923  33.267399  3.6056166   52.81468  -51.69012    34.7799    34.7798     3.6807     3.6990    27.6439    27.6420    6.74822    6.73121         22 0.0000e+00
      45394   1891.380    231.000     3.7073   3.221313     3.7204   3.222444      98.63     0.0178     2.9483     2.5917  33.266884  3.6427200   52.81467  -51.69012    34.7799    34.7795     3.6916     3.7047    27.6428    27.6412    6.73506    6.73081         28 0.0000e+00
      45426   1892.708    230.000     3.7148   3.222019     3.7212   3.222456      93.51     0.0174     2.9468     2.5916  33.267399  3.4751046   52.81466  -51.69012    34.7810    34.7794     3.6992     3.7056    27.6429    27.6410    6.72705    6.72939         35 0.0000e+00
      45459   1894.081    229.000     3.7202   3.222436     3.7210   3.222357      52.87     0.0178     2.9472     2.5909  33.267399  3.1014428   52.81466  -51.69012    34.7807    34.7789     3.7047     3.7054    27.6421    27.6407    6.73946    6.71732         30 0.0000e+00
      45484   1895.127    228.000     3.7235   3.222679     3.7344   3.223614      99.70     0.0154     2.9474     2.5901  33.244198  3.4043519   52.81466  -51.69010    34.7807    34.7803     3.7079     3.7189    27.6418    27.6404    6.73547    6.71654         20 0.0000e+00
      45502   1895.877    227.000     3.7373   3.223864     3.7415   3.224245      98.63     0.0168     2.9474     2.5898  33.232231  3.6918275   52.81466  -51.69010    34.7807    34.7808     3.7218     3.7261    27.6404    27.6400    6.73836    6.70961         16 0.0000e+00
      45517   1896.483    226.000     3.7416   3.224266     3.7428   3.224242      44.00     0.0161     2.9493     2.5890  33.231808  3.6837647   52.81466  -51.69010    34.7815    34.7799     3.7262     3.7274    27.6406    27.6392    6.73937    6.70274         14 0.0000e+00
      45530   1897.026    225.000     3.7392   3.223983     3.7377   3.223603      63.72     0.0169     2.9481     2.5883  33.232441  3.6881442   52.81466  -51.69012    34.7812    34.7782     3.7239     3.7224    27.6406    27.6384    6.73130    6.70669         13 0.0000e+00
      45543   1897.568    224.000     3.7330   3.223278     3.7291   3.222649      97.69     0.0174     2.9486     2.5885  33.223690  3.6933842   52.81466  -51.69012    34.7800    34.7765     3.7177     3.7159    27.6402    27.6378    6.73318    6.71609         13 0.0000e+00
      45557   1898.175    223.000     3.7295   3.222812     3.7277   3.222367      78.46     0.0170     2.9491     2.5890  33.228825  3.6935287   52.81466  -51.69012    34.7786    34.7752     3.7143     3.7126    27.6395    27.6369    6.73149    6.72080         16 0.0000e+00
      45590   1899.525    222.000     3.7292   3.222702     3.7306   3.222573      73.63     0.0165     2.9486     2.5898  33.247662  3.6992650   52.81466  -51.69012    34.7781    34.7751     3.7141     3.7155    27.6391    27.6366    6.73074    6.72250         35 0.0000e+00
      45671   1902.908    221.000     3.7355   3.223312     3.7368   3.223333      98.73     0.0137     2.9506     2.5923  33.244488  3.7051489   52.81465  -51.69011    34.7793    34.7782     3.7205     3.7217    27.6394    27.6384    6.73783    6.72832         16 0.0000e+00
      45684   1903.455    220.000     3.7335   3.222999     3.7350   3.223071      98.63     0.0137     2.9504     2.5924  33.267273  3.7130213   52.81464  -51.69010    34.7782    34.7775     3.7185     3.7200    27.6388    27.6380    6.73380    6.73185         11 0.0000e+00
      45694   1903.892    219.000     3.7335   3.222852     3.7344   3.222841      98.63     0.0132     2.9504     2.5931  33.265945  3.7130647   52.81464  -51.69010    34.7770    34.7760     3.7186     3.7195    27.6377    27.6369    6.73575    6.73602         10 0.0000e+00
      45704   1904.296    218.000     3.7341   3.222729     3.7340   3.222507      69.14     0.0143     2.9506     2.5938  33.265770  3.7130647   52.81464  -51.69010    34.7754    34.7729     3.7193     3.7192    27.6365    27.6345    6.74181    6.74333          9 0.0000e+00
      45714   1904.698    217.000     3.7332   3.222476     3.7333   3.222280      23.47     0.0138     2.9507     2.5944  33.265938  3.7130647   52.81464  -51.69011    34.7739    34.7715     3.7184     3.7185    27.6354    27.6334    6.74834    6.74459         10 0.0000e+00
      45724   1905.126    216.000     3.7327   3.222341     3.7361   3.222465      76.96     0.0136     2.9521     2.5958  33.244713  3.7130647   52.81464  -51.69012    34.7734    34.7713     3.7180     3.7214    27.6350    27.6329    6.75165    6.74254         11 0.0000e+00
      45737   1905.663    215.000     3.7339   3.222378     3.7424   3.223022      97.70     0.0163     2.9531     2.5960  33.240131  3.7130647   52.81465  -51.69012    34.7731    34.7718     3.7192     3.7277    27.6346    27.6327    6.74994    6.72552         16 0.0000e+00
      45794   1908.045    214.000     3.7412   3.223112     3.7401   3.222851      72.12     0.0160     2.9531     2.5932  33.236080  3.7182949   52.81465  -51.69012    34.7749    34.7727     3.7264     3.7255    27.6353    27.6336    6.73413    6.70993         27 0.0000e+00
      45841   1909.994    213.000     3.7398   3.222921     3.7375   3.222597      28.07     0.0167     2.9532     2.5919  33.235996  3.7221646   52.81464  -51.69012    34.7744    34.7729     3.7253     3.7230    27.6350    27.6341    6.72985    6.71805         14 0.0000e+00
      45853   1910.511    212.000     3.7393   3.222790     3.7378   3.222592     100.38     0.0196     2.9520     2.5922  33.242214  3.7228470   52.81464  -51.69012    34.7739    34.7732     3.7249     3.7233    27.6347    27.6343    6.72747    6.71828         11 0.0000e+00
      45865   1910.979    211.000     3.7451   3.223284     3.7493   3.223837      98.36     0.0231     2.9516     2.5925  33.242981  3.7301643   52.81464  -51.69012    34.7743    34.7759     3.7307     3.7361    27.6344    27.6352    6.73090    6.71775         12 0.0000e+00
      45876   1911.453    210.000     3.7573   3.224443     3.7867   3.227322      40.32     0.0243     2.9532     2.5928  33.267155  3.7466419   52.81464  -51.69012    34.7756    34.7787     3.7430     3.7724    27.6342    27.6337    6.73858    6.71413         11 0.0000e+00
      45889   1911.991    209.000     3.7862   3.227167     3.8166   3.229955      56.64     0.0233     2.9530     2.5929  33.267399  3.7456450   52.81464  -51.69012    34.7780    34.7789     3.7719     3.8023    27.6331    27.6308    6.73186    6.70926         15 0.0000e+00
      45907   1912.766    208.000     3.8072   3.229045     3.8260   3.230702      80.08     0.0205     2.9540     2.5935  33.254463  3.7444272   52.81464  -51.69012    34.7789    34.7784     3.7930     3.8117    27.6318    27.6295    6.72182    6.70494         25 0.0000e+00
      45953   1914.651    207.000     3.7899   3.227412     3.7922   3.227415      75.59     0.0200     2.9531     2.5937  33.223999  3.7504473   52.81464  -51.69012    34.7781    34.7757     3.7757     3.7783    27.6328    27.6307    6.71263    6.70443         57 0.0000e+00
      45993   1916.329    206.000     3.7995   3.228172     3.8086   3.228974      65.76     0.0201     2.9522     2.5937  33.235596  3.4967923   52.81464  -51.69012    34.7774    34.7773     3.7854     3.7945    27.6313    27.6303    6.70650    6.69818         25 0.0000e+00
      46013   1917.182    205.000     3.7904   3.227279     3.7922   3.227402      73.30     0.0157     2.9513     2.5934  33.227161  3.4660988   52.81464  -51.69012    34.7770    34.7765     3.7764     3.7782    27.6319    27.6314    6.70751    6.69878         19 0.0000e+00
      46032   1917.941    204.000     3.8172   3.229697     3.8253   3.230598      95.43     0.0179     2.9512     2.5932  33.230316  3.6623895   52.81464  -51.69012    34.7779    34.7801     3.8032     3.8113    27.6299    27.6308    6.70337    6.69250         19 0.0000e+00
      46052   1918.811    203.000     3.8469   3.232543     3.8563   3.233325      45.15     0.0209     2.9509     2.5931  33.229206  3.7040310   52.81463  -51.69012    34.7809    34.7802     3.8329     3.8423    27.6293    27.6277    6.69649    6.69168         23 0.0000e+00
      46076   1919.776    202.000     3.8595   3.233566     3.8667   3.234177      97.34     0.0208     2.9510     2.5939  33.226044  3.7116783   52.81462  -51.69012    34.7802    34.7799     3.8456     3.8527    27.6274    27.6265    6.69654    6.69756         23 0.0000e+00
      46098   1920.713    201.000     3.8636   3.233921     3.8700   3.234385      35.71     0.0180     2.9507     2.5950  33.226936  3.7415979   52.81462  -51.69012    34.7807    34.7794     3.8497     3.8561    27.6274    27.6257    6.69492    6.69475         21 0.0000e+00
      46120   1921.606    200.000     3.8664   3.234184     3.8717   3.234469      98.57     0.0177     2.9511     2.5948  33.224770  3.7828627   52.81462  -51.69012    34.7813    34.7791     3.8526     3.8579    27.6276    27.6253    6.69809    6.68302         22 0.0000e+00
      46143   1922.569    199.000     3.8692   3.234347     3.8725   3.234480      46.22     0.0204     2.9518     2.5945  33.224617  3.7791514   52.81462  -51.69012    34.7809    34.7789     3.8555     3.8588    27.6269    27.6251    6.69908    6.68729         25 0.0000e+00
      46171   1923.732    198.000     3.8715   3.234490     3.8728   3.234448      93.67     0.0231     2.9516     2.5949  33.225788  3.8192658   52.81462  -51.69012    34.7807    34.7788     3.8578     3.8591    27.6266    27.6249    6.69650    6.68277         31 0.0000e+00
      46201   1924.987    197.000     3.8722   3.234484     3.8727   3.234364      38.22     0.0191     2.9528     2.5942  33.224495  3.8257146   52.81462  -51.69012    34.7805    34.7785     3.8586     3.8591    27.6263    27.6246    6.69883    6.67921         27 0.0000e+00
      46226   1926.032    196.000     3.8716   3.234341     3.8722   3.234195      79.15     0.0185     2.9523     2.5942  33.224663  3.8319764   52.81462  -51.69012    34.7799    34.7776     3.8580     3.8586    27.6259    27.6240    6.69430    6.68297         24 0.0000e+00
      46248   1926.965    195.000     3.8715   3.234231     3.8750   3.234301      54.64     0.0173     2.9533     2.5945  33.224773  3.8364296   52.81462  -51.69012    34.7793    34.7763     3.8580     3.8616    27.6254    27.6227    6.70114    6.68436         22 0.0000e+00
      46273   1927.985    194.000     3.8739   3.234318     3.8783   3.234509      97.99     0.0176     2.9530     2.5948  33.224529  3.8399973   52.81461  -51.69012    34.7783    34.7758     3.8605     3.8650    27.6243    27.6219    6.68967    6.68159         27 0.0000e+00
      46300   1929.137    193.000     3.8768   3.234511     3.8810   3.234686      70.56     0.0135     2.9534     2.5946  33.226173  3.8451669   52.81460  -51.69012    34.7780    34.7756     3.8635     3.8677    27.6238    27.6215    6.69777    6.67962         27 0.0000e+00
      46325   1930.170    192.000     3.8791   3.234580     3.8819   3.234691      68.26     0.0126     2.9539     2.5950  33.225422  3.8499269   52.81460  -51.69012    34.7769    34.7753     3.8659     3.8686    27.6227    27.6211    6.69050    6.67524         22 0.0000e+00
      46345   1931.016    191.000     3.8804   3.234640     3.8816   3.234549      88.82     0.0151     2.9529     2.5940  33.224190  3.8498168   52.81460  -51.69012    34.7768    34.7745     3.8672     3.8684    27.6225    27.6205    6.68610    6.66825         19 0.0000e+00
      46364   1931.791    190.000     3.8807   3.234567     3.8815   3.234436      74.95     0.0150     2.9532     2.5939  33.224983  3.8498168   52.81460  -51.69012    34.7761    34.7738     3.8676     3.8684    27.6219    27.6200    6.69125    6.67127         19 0.0000e+00
      46384   1932.606    189.000     3.8808   3.234489     3.8811   3.234294      31.76     0.0177     2.9534     2.5937  33.224842  3.8498168   52.81460  -51.69012    34.7756    34.7730     3.8678     3.8681    27.6215    27.6194    6.68749    6.67203         21 0.0000e+00
      46407   1933.585    188.000     3.8809   3.234384     3.8805   3.234091      27.22     0.0225     2.9533     2.5941  33.224575  3.8593922   52.81460  -51.69012    34.7749    34.7718     3.8679     3.8676    27.6209    27.6184    6.69262    6.67633         26 0.0000e+00
      46436   1934.775    187.000     3.8807   3.234249     3.8807   3.234011      98.92     0.0241     2.9548     2.5943  33.223438  3.8595848   52.81460  -51.69012    34.7740    34.7712     3.8678     3.8678    27.6202    27.6179    6.70278    6.67187         30 0.0000e+00
      46464   1935.952    186.000     3.8807   3.234147     3.8818   3.234020      81.70     0.0204     2.9555     2.5944  33.227760  3.8603046   52.81460  -51.69012    34.7733    34.7706     3.8679     3.8690    27.6196    27.6174    6.69577    6.67786         27 0.0000e+00
      46492   1937.125    185.000     3.8807   3.234107     3.8827   3.234027      63.85     0.0176     2.9558     2.5954  33.225464  3.8653128   52.81458  -51.69012    34.7733    34.7703     3.8680     3.8699    27.6197    27.6171    6.69299    6.67948         29 0.0000e+00
      46520   1938.307    184.000     3.8817   3.234082     3.8834   3.234039      98.91     0.0172     2.9563     2.5956  33.223415  3.8694048   52.81458  -51.69012    34.7726    34.7702     3.8690     3.8708    27.6190    27.6169    6.69495    6.67579         27 0.0000e+00
      46544   1939.274    183.000     3.8834   3.234107     3.8851   3.234134      58.78     0.0177     2.9564     2.5959  33.225647  3.8688631   52.81458  -51.69012    34.7716    34.7701     3.8708     3.8725    27.6180    27.6167    6.69506    6.68009         20 0.0000e+00
      46562   1940.039    182.000     3.8877   3.234417     3.8903   3.234553      58.01     0.0166     2.9569     2.5967  33.228603  3.8693509   52.81458  -51.69012    34.7713    34.7701     3.8751     3.8778    27.6173    27.6161    6.69889    6.68348         17 0.0000e+00
      46578   1940.721    181.000     3.8925   3.234819     3.8950   3.234925      98.13     0.0142     2.9574     2.5972  33.226219  3.8693528   52.81458  -51.69012    34.7715    34.7702     3.8800     3.8825    27.6170    27.6156    6.69617    6.68233         16 0.0000e+00
      46595   1941.410    180.000     3.8949   3.235015     3.8980   3.235132      98.63     0.0125     2.9576     2.5978  33.224323  3.8761840   52.81458  -51.69012    34.7718    34.7700     3.8825     3.8855    27.6169    27.6152    6.69305    6.68387         17 0.0000e+00
      46614   1942.218    179.000     3.8978   3.235227     3.9002   3.235298      61.17     0.0145     2.9581     2.5986  33.225925  3.8769681   52.81458  -51.69012    34.7718    34.7702     3.8855     3.8878    27.6166    27.6151    6.69115    6.68475         23 0.0000e+00
