data/CTD/2014/CNV/u017a035.cnv
* Sea-Bird SBE 9 Data File:
* FileName = C:\CTD_ACQUISITION\2014017HUD\ctddata\017A035.hdr
* Software Version Seasave V 7.22.2
* Temperature SN = 5081
* Conductivity SN = 3561
* Number of Bytes Per Scan = 37
* Number of Voltage Words = 4
* Number of Scans Averaged by the Deck Unit = 1
* NMEA Latitude = 48 29.67 N
* NMEA Longitude = 046 43.65 W
* NMEA UTC (Time) = Jul 09 2014 18:03:36
* NMEA baud rate = 9600
** Ship: Hudson
** Cruise: HUD2014017
** Chief_Scientist: Blair Greenan
** Organization: BIO
** Area_of_Operation: Sackville Spur
** Station: 035
** Sounding:
** Event_Comments: SS-07 403203
# nquan = 25
# nvalues = 2346                        
# units = specified
# name 0 = scan: Scan Count
# name 1 = timeS: Time, Elapsed [seconds]
# name 2 = prDM: Pressure, Digiquartz [db]
# name 3 = t068C: Temperature [ITS-68, deg C]
# name 4 = c0S/m: Conductivity [S/m]
# name 5 = t168C: Temperature, 2 [ITS-68, deg C]
# name 6 = c1S/m: Conductivity, 2 [S/m]
# name 7 = altM: Altimeter [m]
# name 8 = flC: Fluorescence, Chelsea Aqua 3 Chl Con [ug/l]
# name 9 = sbeox0V: Oxygen raw, SBE 43 [V]
# name 10 = sbeox1V: Oxygen raw, SBE 43, 2 [V]
# name 11 = upoly0: Upoly 0, Optode 4330F - O2 D-Phase
# name 12 = upoly1: Upoly 1, Optode 4330F - O2 Temp
# name 13 = latitude: Latitude [deg]
# name 14 = longitude: Longitude [deg]
# name 15 = sal00: Salinity, Practical [PSU]
# name 16 = sal11: Salinity, Practical, 2 [PSU]
# name 17 = potemp068C: Potential Temperature [ITS-68, deg C]
# name 18 = potemp168C: Potential Temperature, 2 [ITS-68, deg C]
# name 19 = sigma-é00: Density [sigma-theta, Kg/m^3]
# name 20 = sigma-é11: Density, 2 [sigma-theta, Kg/m^3]
# name 21 = sbeox0ML/L: Oxygen, SBE 43 [ml/l], WS = 2
# name 22 = sbeox1ML/L: Oxygen, SBE 43, 2 [ml/l], WS = 2
# name 23 = nbin: number of scans per bin
# name 24 = flag: flag
# span 0 =      61564,     120876       
# span 1 =   2565.118,   5036.461       
# span 2 =      1.000,   2346.000       
# span 3 =     2.6815,     8.6452       
# span 4 =   3.084636,   3.536988       
# span 5 =     2.6543,     8.6442       
# span 6 =   3.081401,   3.537123       
# span 7 =       1.42,     106.77       
# span 8 =     0.0063,     0.4154       
# span 9 =     2.2227,     3.6268       
# span 10 =     1.9655,     3.2215      
# span 11 =  30.027660,  35.509209      
# span 12 =  2.7718782,  8.6768169      
# span 13 =   48.49778,   48.50086      
# span 14 =  -46.71974,  -46.71238      
# span 15 =    33.4748,    34.9168      
# span 16 =    33.4742,    34.9167      
# span 17 =     2.5946,     8.6451      
# span 18 =     2.5935,     8.6438      
# span 19 =    25.9794,    27.8507      
# span 20 =    25.9792,    27.8509      
# span 21 =    6.28604,    8.89639      
# span 22 =    5.95859,    9.12804      
# span 23 =         11,         87      
# span 24 = 0.0000e+00, 0.0000e+00      
# interval = decibars: 1                
# start_time = Jul 09 2014 18:03:36 [NMEA time, header]
# bad_flag = -9.990e-29
*END*
[from data line 2203]
     114604   4775.121    143.000     3.3406   3.178950     3.3354   3.178347      73.15     0.0147     3.0039     2.6392  33.295246  3.4140484   48.50038  -46.71318    34.7098    34.7081     3.3314     3.3262    27.6224    27.6215    6.86377    6.88187         34 0.0000e+00
     114636   4776.465    142.000     3.3407   3.178905     3.3399   3.178792      99.18     0.0152     3.0011     2.6402  33.281780  3.4002109   48.50038  -46.71318    34.7097    34.7092     3.3316     3.3308    27.6223    27.6219    6.86131    6.89089         28 0.0000e+00
     114660   4777.477    141.000     3.3393   3.178694     3.3400   3.178704      65.16     0.0175     2.9998     2.6408  33.282051  3.3916273   48.50038  -46.71318    34.7092    34.7086     3.3303     3.3310    27.6220    27.6214    6.86663    6.88548         22 0.0000e+00
     114682   4778.363    140.000     3.3441   3.179031     3.3528   3.179840      88.82     0.0159     3.0006     2.6405  33.282051  3.3911910   48.50038  -46.71318    34.7087    34.7092     3.3351     3.3438    27.6211    27.6207    6.88566    6.88468         21 0.0000e+00
     114702   4779.222    139.000     3.3545   3.180021     3.3721   3.181650      98.55     0.0135     3.0020     2.6414  33.271881  3.3907242   48.50038  -46.71318    34.7101    34.7110     3.3456     3.3631    27.6213    27.6203    6.89026    6.90049         20 0.0000e+00
     114723   4780.076    138.000     3.3676   3.181158     3.3735   3.181457      90.98     0.0185     3.0038     2.6435  33.267441  3.3907204   48.50038  -46.71318    34.7104    34.7080     3.3587     3.3654    27.6203    27.6177    6.89832    6.90569         21 0.0000e+00
     114743   4780.935    137.000     3.3701   3.181221     3.3515   3.179045      59.40     0.0192     3.0059     2.6447  33.267399  3.3931541   48.50039  -46.71318    34.7090    34.7026     3.3613     3.3427    27.6189    27.6155    6.90201    6.89993         20 0.0000e+00
     114763   4781.769    136.000     3.3607   3.179971     3.3258   3.176304      98.54     0.0184     3.0076     2.6456  33.265938  3.3999832   48.50040  -46.71318    34.7046    34.6975     3.3519     3.3171    27.6162    27.6139    6.89751    6.90125         20 0.0000e+00
     114782   4782.558    135.000     3.3420   3.177938     3.3129   3.174905      42.74     0.0176     3.0081     2.6464  33.267391  3.4004853   48.50040  -46.71318    34.7005    34.6950     3.3334     3.3042    27.6148    27.6132    6.88766    6.90401         18 0.0000e+00
     114801   4783.314    134.000     3.3209   3.175773     3.3066   3.174180      87.55     0.0213     3.0074     2.6466  33.278004  3.3923311   48.50040  -46.71318    34.6975    34.6934     3.3123     3.2981    27.6144    27.6125    6.88657    6.91228         18 0.0000e+00
     114819   4784.092    133.000     3.3114   3.174665     3.2990   3.173265      98.47     0.0193     3.0076     2.6481  33.278381  3.3912258   48.50040  -46.71318    34.6948    34.6911     3.3029     3.2905    27.6131    27.6113    6.90055    6.92729         20 0.0000e+00
     114845   4785.161    132.000     3.3004   3.173442     3.2846   3.171670      76.48     0.0163     3.0101     2.6506  33.271385  3.3794634   48.50042  -46.71318    34.6923    34.6877     3.2920     3.2762    27.6121    27.6100    6.92487    6.93957         36 0.0000e+00
     114908   4787.812    131.000     3.3165   3.175210     3.3086   3.174350     101.34     0.0225     3.0162     2.6541  33.262650  3.3479319   48.50042  -46.71318    34.6971    34.6950     3.3081     3.3003    27.6144    27.6136    6.92868    6.92362         59 0.0000e+00
     114934   4788.870    130.000     3.3069   3.174076     3.2946   3.172570      45.93     0.0222     3.0172     2.6539  33.263058  3.3421738   48.50042  -46.71318    34.6941    34.6890     3.2986     3.2864    27.6130    27.6101    6.92419    6.92816         17 0.0000e+00
     114947   4789.438    129.000     3.2822   3.171240     3.2784   3.170702      98.72     0.0212     3.0179     2.6541  33.267399  3.3418806   48.50042  -46.71318    34.6867    34.6842     3.2740     3.2703    27.6095    27.6078    6.93316    6.93863         12 0.0000e+00
     114959   4789.936    128.000     3.2686   3.169577     3.2664   3.169265      98.63     0.0216     3.0182     2.6549  33.267399  3.3410687   48.50042  -46.71317    34.6817    34.6803     3.2605     3.2583    27.6068    27.6058    6.93435    6.94766         12 0.0000e+00
     114971   4790.417    127.000     3.2638   3.168895     3.2614   3.168556      98.63     0.0206     3.0192     2.6556  33.267399  3.3409922   48.50042  -46.71316    34.6791    34.6776     3.2558     3.2534    27.6051    27.6041    6.93980    6.95285         11 0.0000e+00
     114983   4790.897    126.000     3.2614   3.168507     3.2587   3.168115      98.63     0.0171     3.0189     2.6565  33.258835  3.3378036   48.50043  -46.71316    34.6776    34.6757     3.2534     3.2508    27.6041    27.6028    6.93853    6.95397         12 0.0000e+00
     114994   4791.395    125.000     3.2599   3.168240     3.2577   3.167831      69.23     0.0149     3.0210     2.6573  33.230827  3.3199396   48.50044  -46.71316    34.6764    34.6739     3.2520     3.2497    27.6033    27.6016    6.94468    6.95199         12 0.0000e+00
     115008   4791.967    124.000     3.2585   3.167951     3.2549   3.167308      58.88     0.0164     3.0208     2.6577  33.232559  3.3210974   48.50044  -46.71318    34.6751    34.6711     3.2506     3.2471    27.6024    27.5995    6.94254    6.95066         16 0.0000e+00
     115031   4792.920    123.000     3.2574   3.167758     3.2529   3.167042      92.71     0.0178     3.0219     2.6588  33.229183  3.3122673   48.50044  -46.71318    34.6744    34.6706     3.2496     3.2451    27.6020    27.5993    6.94458    6.95723         37 0.0000e+00
     115123   4796.744    122.000     3.2495   3.166494     3.2495   3.166549      60.93     0.0141     3.0281     2.6643  33.222694  3.2913344   48.50047  -46.71316    34.6682    34.6688     3.2417     3.2417    27.5977    27.5982    6.96477    6.97477         26 0.0000e+00
     115135   4797.268    121.000     3.2570   3.167533     3.2551   3.167348      86.91     0.0133     3.0285     2.6649  33.210812  3.2769492   48.50046  -46.71316    34.6732    34.6730     3.2494     3.2475    27.6010    27.6010    6.96554    6.97431         13 0.0000e+00
     115148   4797.779    120.000     3.2541   3.166947     3.2546   3.167053      98.83     0.0164     3.0297     2.6652  33.208755  3.2734442   48.50046  -46.71316    34.6698    34.6706     3.2465     3.2470    27.5986    27.5991    6.96607    6.97787         12 0.0000e+00
     115159   4798.248    119.000     3.2501   3.166214     3.2495   3.166025      98.63     0.0202     3.0298     2.6662  33.208790  3.2735043   48.50046  -46.71316    34.6657    34.6641     3.2426     3.2420    27.5957    27.5944    6.96451    6.98480         11 0.0000e+00
     115170   4798.727    118.000     3.2487   3.165875     3.2462   3.165266      98.63     0.0215     3.0309     2.6671  33.208790  3.2735043   48.50046  -46.71316    34.6637    34.6589     3.2412     3.2388    27.5942    27.5906    6.96336    6.98709         12 0.0000e+00
     115183   4799.260    117.000     3.2461   3.165272     3.2425   3.164453      81.82     0.0200     3.0308     2.6682  33.207764  3.2762408   48.50046  -46.71316    34.6597    34.6536     3.2387     3.2352    27.5912    27.5867    6.96393    6.98581         14 0.0000e+00
     115201   4799.987    116.000     3.2438   3.164723     3.2419   3.164222      65.67     0.0188     3.0317     2.6688  33.208714  3.2764642   48.50048  -46.71316    34.6560    34.6520     3.2365     3.2346    27.5885    27.5855    6.96524    6.98298         23 0.0000e+00
     115245   4801.848    115.000     3.2449   3.164923     3.2445   3.164783      98.91     0.0182     3.0332     2.6698  33.176201  3.2741053   48.50048  -46.71316    34.6579    34.6566     3.2376     3.2373    27.5899    27.5889    6.96979    6.97957         63 0.0000e+00
     115292   4803.797    114.000     3.2438   3.164434     3.2434   3.164322      98.63     0.0145     3.0359     2.6708  33.165344  3.2631245   48.50050  -46.71316    34.6537    34.6528     3.2366     3.2362    27.5866    27.5859    6.97606    6.98655         26 0.0000e+00
     115312   4804.637    113.000     3.2451   3.164541     3.2446   3.164438      48.26     0.0138     3.0360     2.6716  33.166386  3.2637362   48.50050  -46.71316    34.6542    34.6534     3.2379     3.2374    27.5869    27.5864    6.97034    6.98740         19 0.0000e+00
     115330   4805.380    112.000     3.2433   3.163891     3.2427   3.163649      93.00     0.0169     3.0367     2.6721  33.164825  3.2637362   48.50050  -46.71316    34.6487    34.6464     3.2363     3.2356    27.5827    27.5809    6.97055    6.98757         17 0.0000e+00
     115347   4806.094    111.000     3.2425   3.163404     3.2418   3.163079      98.72     0.0174     3.0365     2.6726  33.164837  3.2637362   48.50050  -46.71316    34.6442    34.6410     3.2355     3.2348    27.5792    27.5767    6.97254    6.98562         17 0.0000e+00
     115365   4806.834    110.000     3.2419   3.163093     3.2395   3.162436      98.63     0.0212     3.0378     2.6725  33.164837  3.2637362   48.50050  -46.71316    34.6416    34.6363     3.2350     3.2326    27.5772    27.5731    6.96938    6.98664         19 0.0000e+00
     115386   4807.699    109.000     3.2400   3.162568     3.2343   3.161471      53.04     0.0218     3.0365     2.6736  33.164837  3.2637362   48.50051  -46.71315    34.6379    34.6307     3.2331     3.2274    27.5744    27.5692    6.95982    6.99153         23 0.0000e+00
     115415   4808.918    108.000     3.2371   3.162013     3.2332   3.161281      83.88     0.0221     3.0372     2.6741  33.158703  3.2637362   48.50052  -46.71314    34.6348    34.6301     3.2303     3.2264    27.5722    27.5688    6.97503    6.99372         37 0.0000e+00
     115453   4810.484    107.000     3.2396   3.162388     3.2322   3.161035      81.58     0.0244     3.0390     2.6760  33.149799  3.2631168   48.50052  -46.71314    34.6372    34.6288     3.2329     3.2254    27.5739    27.5678    6.98745    7.00708         33 0.0000e+00
     115479   4811.564    106.000     3.2346   3.161491     3.2290   3.160306      98.96     0.0250     3.0414     2.6782  33.150185  3.2537880   48.50052  -46.71314    34.6323    34.6238     3.2279     3.2224    27.5704    27.5642    7.00392    7.02118         21 0.0000e+00
     115498   4812.357    105.000     3.2279   3.160141     3.2247   3.159467      69.93     0.0233     3.0440     2.6800  33.150185  3.2539682   48.50054  -46.71314    34.6235    34.6188     3.2213     3.2181    27.5640    27.5606    7.01616    7.03149         18 0.0000e+00
     115515   4813.094    104.000     3.2247   3.159452     3.2205   3.158740      67.30     0.0221     3.0460     2.6823  33.150185  3.2539682   48.50054  -46.71314    34.6192    34.6150     3.2181     3.2140    27.5609    27.5579    7.01930    7.04109         18 0.0000e+00
     115534   4813.888    103.000     3.2214   3.158832     3.2219   3.158378      97.52     0.0195     3.0486     2.6844  33.150185  3.2539682   48.50054  -46.71314    34.6156    34.6097     3.2150     3.2155    27.5583    27.5535    7.02701    7.04732         21 0.0000e+00
     115561   4814.995    102.000     3.2254   3.158718     3.2359   3.159384      98.63     0.0218     3.0513     2.6878  33.137207  3.2493725   48.50054  -46.71314    34.6107    34.6075     3.2190     3.2295    27.5540    27.5505    7.02772    7.05372         34 0.0000e+00
     115597   4816.516    101.000     3.2377   3.159619     3.2441   3.160161      98.63     0.0175     3.0548     2.6900  33.124832  3.2439206   48.50055  -46.71314    34.6090    34.6086     3.2313     3.2378    27.5515    27.5506    7.03108    7.03544         32 0.0000e+00
     115622   4817.550    100.000     3.2445   3.160055     3.2584   3.161021      54.64     0.0184     3.0569     2.6899  33.119255  3.2442002   48.50056  -46.71313    34.6075    34.6040     3.2382     3.2524    27.5497    27.5455    7.02729    7.03072         20 0.0000e+00
     115640   4818.300     99.000     3.2556   3.160407     3.2627   3.160685      84.65     0.0210     3.0578     2.6904  33.124378  3.2442002   48.50056  -46.71312    34.6005    34.5963     3.2494     3.2565    27.5430    27.5390    7.02546    7.03510         17 0.0000e+00
     115658   4819.021     98.000     3.2583   3.160062     3.2605   3.160039      98.65     0.0252     3.0586     2.6909  33.115986  3.2528915   48.50056  -46.71312    34.5940    34.5913     3.2521     3.2543    27.5376    27.5352    7.02826    7.04058         18 0.0000e+00
     115677   4819.836     97.000     3.2608   3.160062     3.2678   3.160574      98.63     0.0241     3.0596     2.6922  33.106438  3.2635026   48.50057  -46.71312    34.5919    34.5906     3.2547     3.2617    27.5356    27.5340    7.02635    7.04465         22 0.0000e+00
     115707   4821.095     96.000     3.2646   3.160310     3.2730   3.160955      65.50     0.0216     3.0610     2.6934  33.098454  3.2637362   48.50058  -46.71312    34.5914    34.5902     3.2586     3.2669    27.5349    27.5331    7.02981    7.04538         41 0.0000e+00
     115750   4822.895     95.000     3.2629   3.160193     3.2698   3.160706      67.80     0.0214     3.0632     2.6958  33.076614  3.2669508   48.50058  -46.71312    34.5923    34.5911     3.2569     3.2639    27.5358    27.5341    7.03468    7.05422         36 0.0000e+00
     115778   4824.028     94.000     3.2709   3.160570     3.2727   3.160602      99.90     0.0180     3.0639     2.6973  33.051231  3.2737799   48.50058  -46.71312    34.5889    34.5873     3.2650     3.2668    27.5323    27.5308    7.02760    7.05419         22 0.0000e+00
     115803   4825.068     93.000     3.2709   3.160192     3.2651   3.159260      80.39     0.0207     3.0645     2.6976  33.048210  3.2735043   48.50060  -46.71312    34.5849    34.5797     3.2650     3.2593    27.5291    27.5255    7.02978    7.04472         32 0.0000e+00
     115834   4826.372     92.000     3.2661   3.159465     3.2600   3.158558      72.76     0.0254     3.0657     2.6977  33.047642  3.2735043   48.50060  -46.71310    34.5817    34.5773     3.2603     3.2544    27.5269    27.5240    7.03752    7.04770         32 0.0000e+00
     115912   4829.613     91.000     3.2635   3.158728     3.2645   3.158600     100.41     0.0221     3.0677     2.6985  33.032688  3.2683716   48.50061  -46.71310    34.5762    34.5734     3.2577     3.2589    27.5228    27.5205    7.03324    7.04456         67 0.0000e+00
     115977   4832.324     90.000     3.2635   3.158579     3.2648   3.158523      39.27     0.0223     3.0676     2.6976  33.011696  3.2712102   48.50062  -46.71310    34.5749    34.5728     3.2578     3.2591    27.5218    27.5200    7.02626    7.03799         29 0.0000e+00
     116002   4833.388     89.000     3.2781   3.159240     3.2780   3.159245      82.94     0.0244     3.0672     2.6973  32.998127  3.2731147   48.50062  -46.71308    34.5679    34.5680     3.2725     3.2724    27.5148    27.5149    7.02756    7.03596         26 0.0000e+00
     116031   4834.590     88.000     3.2838   3.159533     3.2838   3.159342      63.72     0.0258     3.0672     2.6972  32.993580  3.2740686   48.50062  -46.71308    34.5658    34.5636     3.2783     3.2782    27.5126    27.5108    7.02281    7.03598         33 0.0000e+00
     116105   4837.647     87.000     3.2775   3.158652     3.2751   3.158267      99.93     0.0270     3.0676     2.6989  32.988846  3.2771213   48.50063  -46.71308    34.5625    34.5603     3.2720     3.2697    27.5105    27.5090    7.03180    7.05034         64 0.0000e+00
