data/CTD/2014/CNV/u017a058.cnv
* Sea-Bird SBE 9 Data File:
* FileName = C:\CTD_ACQUISITION\2014017HUD\ctddata\017A058.hdr
* Software Version Seasave V 7.22.2
* Temperature SN = 5081
* Conductivity SN = 3561
* Number of Bytes Per Scan = 37
* Number of Voltage Words = 4
* Number of Scans Averaged by the Deck Unit = 1
* NMEA Latitude = 43 26.99 N
* NMEA Longitude = 059 56.99 W
* NMEA UTC (Time) = Jul 13 2014 18:09:25
* NMEA baud rate = 9600
** Ship: Hudson
** Cruise: HUD2014017
** Chief_Scientist: Blair Greenan
** Organization: BIO
** Area_of_Operation: Sackville Spur
** Station: 058
** Sounding:  1450
** Event_Comments: LC3, 403281
# nquan = 25
# nvalues = 1570                        
# units = specified
# name 0 = scan: Scan Count
# name 1 = timeS: Time, Elapsed [seconds]
# name 2 = prDM: Pressure, Digiquartz [db]
# name 3 = t068C: Temperature [ITS-68, deg C]
# name 4 = c0S/m: Conductivity [S/m]
# name 5 = t168C: Temperature, 2 [ITS-68, deg C]
# name 6 = c1S/m: Conductivity, 2 [S/m]
# name 7 = altM: Altimeter [m]
# name 8 = flC: Fluorescence, Chelsea Aqua 3 Chl Con [ug/l]
# name 9 = sbeox0V: Oxygen raw, SBE 43 [V]
# name 10 = sbeox1V: Oxygen raw, SBE 43, 2 [V]
# name 11 = upoly0: Upoly 0, Optode 4330F - O2 D-Phase
# name 12 = upoly1: Upoly 1, Optode 4330F - O2 Temp
# name 13 = latitude: Latitude [deg]
# name 14 = longitude: Longitude [deg]
# name 15 = sal00: Salinity, Practical [PSU]
# name 16 = sal11: Salinity, Practical, 2 [PSU]
# name 17 = potemp068C: Potential Temperature [ITS-68, deg C]
# name 18 = potemp168C: Potential Temperature, 2 [ITS-68, deg C]
# name 19 = sigma-é00: Density [sigma-theta, Kg/m^3]
# name 20 = sigma-é11: Density, 2 [sigma-theta, Kg/m^3]
# name 21 = sbeox0ML/L: Oxygen, SBE 43 [ml/l], WS = 2
# name 22 = sbeox1ML/L: Oxygen, SBE 43, 2 [ml/l], WS = 2
# name 23 = nbin: number of scans per bin
# name 24 = flag: flag
# span 0 =      53080,     276534       
# span 1 =   2211.639,  11522.195       
# span 2 =      1.000,   1570.000       
# span 3 =     3.9030,    15.8819       
# span 4 =   3.041857,   4.050527       
# span 5 =     3.8972,    15.9043       
# span 6 =   3.041421,   4.051750       
# span 7 =       4.16,     100.93       
# span 8 =     0.0076,     0.3340       
# span 9 =     1.9265,     3.5828       
# span 10 =     1.6567,     3.1687      
# span 11 =  28.430983,  39.721455      
# span 12 =  3.9084249,  15.823172      
# span 13 =   43.45026,   43.45173      
# span 14 =  -59.97905,  -59.95222      
# span 15 =    31.6115,    35.3825      
# span 16 =    31.6114,    35.3843      
# span 17 =     3.7853,    15.8818      
# span 18 =     3.7846,    15.9042      
# span 19 =    23.1698,    27.7659      
# span 20 =    23.1648,    27.7657      
# span 21 =    3.39799,    7.95393      
# span 22 =    3.16462,    7.95180      
# span 23 =         12,        117      
# span 24 = 0.0000e+00, 0.0000e+00      
# interval = decibars: 1                
# start_time = Jul 13 2014 18:09:25 [NMEA time, header]
# bad_flag = -9.990e-29
*END*
[from data line 1218]
     227441   9476.671    352.000     7.1560   3.561760     7.1551   3.561644      77.26     0.0209     2.1191     1.8425  37.692154  6.9379573   43.45132  -59.97420    35.0338    35.0335     7.1222     7.1213    27.4286    27.4285    4.15112    3.98558         24 0.0000e+00
     227465   9477.682    351.000     7.1608   3.562036     7.1613   3.562019      98.51     0.0188     2.1189     1.8422  37.753613  6.9822431   43.45132  -59.97420    35.0325    35.0318     7.1271     7.1276    27.4269    27.4262    4.14790    3.98275         24 0.0000e+00
     227489   9478.666    350.000     7.1621   3.562003     7.1625   3.561976      94.60     0.0171     2.1190     1.8419  37.780205  7.0018992   43.45132  -59.97420    35.0313    35.0306     7.1285     7.1289    27.4258    27.4252    4.14538    3.98120         23 0.0000e+00
     227512   9479.611    349.000     7.1588   3.561576     7.1593   3.561525      78.71     0.0174     2.1179     1.8417  37.826530  7.0049071   43.45132  -59.97420    35.0305    35.0294     7.1253     7.1258    27.4255    27.4246    4.13863    3.97937         22 0.0000e+00
     227534   9480.539    348.000     7.1566   3.561232     7.1563   3.561103      98.58     0.0152     2.1174     1.8410  37.851501  7.0048842   43.45132  -59.97420    35.0294    35.0283     7.1232     7.1229    27.4250    27.4242    4.13796    3.97297         23 0.0000e+00
     227557   9481.483    347.000     7.1540   3.560814     7.1532   3.560639      98.63     0.0139     2.1163     1.8403  37.884113  7.0290842   43.45132  -59.97421    35.0281    35.0269     7.1207     7.1199    27.4243    27.4234    4.13045    3.97639         23 0.0000e+00
     227580   9482.452    346.000     7.1534   3.560615     7.1526   3.560465      80.01     0.0150     2.1153     1.8406  37.913177  7.0535693   43.45132  -59.97422    35.0269    35.0261     7.1202     7.1194    27.4234    27.4229    4.13758    3.98262         23 0.0000e+00
     227603   9483.407    345.000     7.1618   3.561261     7.1599   3.561148      98.93     0.0171     2.1161     1.8411  37.937012  7.0582185   43.45132  -59.97422    35.0259    35.0266     7.1287     7.1268    27.4215    27.4223    4.14845    3.98671         22 0.0000e+00
     227625   9484.328    344.000     7.1673   3.561627     7.1683   3.561634      98.63     0.0174     2.1174     1.8426  37.971275  7.0649381   43.45132  -59.97422    35.0249    35.0240     7.1343     7.1352    27.4198    27.4190    4.15881    4.00135         22 0.0000e+00
     227647   9485.230    343.000     7.1684   3.561338     7.1686   3.561261      84.30     0.0169     2.1199     1.8448  37.980038  7.0674930   43.45132  -59.97422    35.0212    35.0200     7.1354     7.1357    27.4168    27.4158    4.17535    4.00944         22 0.0000e+00
     227668   9486.143    342.000     7.1701   3.561168     7.1720   3.561282      83.45     0.0153     2.1238     1.8475  38.014515  7.0741220   43.45132  -59.97422    35.0180    35.0173     7.1373     7.1392    27.4140    27.4132    4.19639    4.02832         22 0.0000e+00
     227691   9487.074    341.000     7.1562   3.559530     7.1532   3.558810      76.89     0.0149     2.1289     1.8519  38.017807  7.0753717   43.45132  -59.97424    35.0146    35.0098     7.1235     7.1205    27.4132    27.4099    4.22027    4.04903         23 0.0000e+00
     227714   9488.035    340.000     7.1207   3.555487     7.1111   3.553939      89.66     0.0163     2.1352     1.8560  38.058331  7.0926766   43.45132  -59.97424    35.0071    34.9995     7.0878     7.0787    27.4124    27.4077    4.24393    4.05918         23 0.0000e+00
     227737   9489.002    339.000     7.0864   3.551505     7.0759   3.549901      87.89     0.0199     2.1410     1.8599  38.059246  7.0927963   43.45132  -59.97424    34.9983    34.9914     7.0541     7.0436    27.4102    27.4062    4.24682    4.06899         23 0.0000e+00
     227761   9489.981    338.000     7.0410   3.546112     7.0331   3.544845      98.66     0.0187     2.1442     1.8621  38.120419  7.1005483   43.45132  -59.97424    34.9845    34.9796     7.0089     7.0010    27.4056    27.4029    4.24028    4.06583         24 0.0000e+00
     227785   9490.999    337.000     6.9827   3.539048     6.9771   3.538181      90.27     0.0168     2.1463     1.8635  38.119560  7.1006107   43.45132  -59.97424    34.9675    34.9636     6.9508     6.9453    27.4003    27.3980    4.24296    4.07137         25 0.0000e+00
     227810   9492.041    336.000     6.9289   3.532633     6.9254   3.531661      88.51     0.0198     2.1466     1.8645  38.146500  7.0732784   43.45132  -59.97424    34.9519    34.9447     6.8973     6.8939    27.3954    27.3902    4.24385    4.07420         25 0.0000e+00
     227834   9493.026    335.000     6.8976   3.528169     6.8964   3.527810      98.69     0.0185     2.1484     1.8645  38.146519  7.0732603   43.45132  -59.97424    34.9349    34.9322     6.8662     6.8650    27.3863    27.3843    4.25604    4.06535         22 0.0000e+00
     227855   9493.914    334.000     6.8910   3.526856     6.8882   3.526506      80.03     0.0186     2.1490     1.8628  38.175045  7.0236311   43.45132  -59.97425    34.9277    34.9267     6.8597     6.8569    27.3815    27.3811    4.23872    4.05253         21 0.0000e+00
     227875   9494.743    333.000     6.9011   3.527755     6.8975   3.527379      43.98     0.0229     2.1467     1.8616  38.175816  7.0244126   43.45132  -59.97426    34.9279    34.9273     6.8698     6.8663    27.3803    27.3804    4.20814    4.04086         19 0.0000e+00
     227895   9495.580    332.000     6.9145   3.529035     6.9125   3.528848      98.39     0.0239     2.1427     1.8584  38.175823  6.9896908   43.45132  -59.97426    34.9289    34.9288     6.8833     6.8814    27.3792    27.3794    4.18168    4.01975         21 0.0000e+00
     227917   9496.485    331.000     6.9242   3.530000     6.9300   3.530615      98.63     0.0188     2.1372     1.8549  38.174568  6.9661889   43.45132  -59.97426    34.9301    34.9311     6.8931     6.8989    27.3788    27.3788    4.14902    3.99604         23 0.0000e+00
     227941   9497.517    330.000     6.9352   3.531240     6.9537   3.533134      80.10     0.0184     2.1283     1.8481  38.158978  6.9609466   43.45132  -59.97426    34.9332    34.9352     6.9041     6.9227    27.3797    27.3788    4.11837    3.95879         26 0.0000e+00
     227968   9498.633    329.000     6.9640   3.534199     7.0013   3.537965      98.76     0.0189     2.1198     1.8407  38.146431  6.9560094   43.45132  -59.97426    34.9370    34.9407     6.9330     6.9702    27.3787    27.3765    4.10077    3.93946         27 0.0000e+00
     227993   9499.684    328.000     7.0595   3.543816     7.0659   3.544638      98.63     0.0190     2.1125     1.8343  38.136162  6.9694228   43.45132  -59.97426    34.9466    34.9491     7.0283     7.0348    27.3730    27.3741    4.07606    3.90787         23 0.0000e+00
     228016   9500.606    327.000     7.1572   3.553816     7.1234   3.550838      74.48     0.0179     2.1060     1.8281  38.131752  6.9747891   43.45132  -59.97426    34.9579    34.9594     7.1259     7.0922    27.3683    27.3742    4.05213    3.87963         21 0.0000e+00
     228036   9501.450    326.000     7.2273   3.561324     7.1879   3.557629      98.99     0.0168     2.1010     1.8231  38.114758  6.9929519   43.45132  -59.97426    34.9698    34.9691     7.1959     7.1566    27.3678    27.3728    4.02963    3.86468         20 0.0000e+00
     228056   9502.279    325.000     7.2853   3.567271     7.2816   3.567385      98.63     0.0185     2.0947     1.8188  38.096523  7.0148683   43.45132  -59.97426    34.9767    34.9817     7.2539     7.2502    27.3650    27.3694    4.01009    3.85128         20 0.0000e+00
     228076   9503.128    324.000     7.3429   3.573295     7.3604   3.575583      86.15     0.0191     2.0900     1.8153  38.094883  7.0230584   43.45132  -59.97426    34.9848    34.9921     7.3114     7.3288    27.3632    27.3665    4.00127    3.84602         21 0.0000e+00
     228097   9504.021    323.000     7.3804   3.577243     7.4036   3.579999      87.53     0.0183     2.0851     1.8125  38.087917  7.1229510   43.45132  -59.97426    34.9905    34.9972     7.3490     7.3721    27.3623    27.3642    3.99189    3.83714         22 0.0000e+00
     228120   9504.956    322.000     7.4256   3.582006     7.4436   3.584104      76.76     0.0151     2.0821     1.8097  38.087914  7.1221023   43.45132  -59.97427    34.9962    35.0020     7.3941     7.4120    27.3603    27.3623    3.99269    3.82218         23 0.0000e+00
     228144   9505.970    321.000     7.4763   3.587127     7.5026   3.590402      79.02     0.0186     2.0789     1.8061  38.128113  7.2181368   43.45132  -59.97428    35.0024    35.0116     7.4448     7.4710    27.3579    27.3613    3.97783    3.80363         26 0.0000e+00
     228171   9507.065    320.000     7.5230   3.592170     7.5432   3.594473      88.01     0.0164     2.0759     1.8024  38.135014  7.2300901   43.45132  -59.97428    35.0107    35.0154     7.4915     7.5117    27.3576    27.3584    3.96983    3.79410         27 0.0000e+00
     228197   9508.164    319.000     7.5380   3.593725     7.5434   3.594332      98.81     0.0147     2.0731     1.8003  38.159126  7.2742338   43.45132  -59.97428    35.0130    35.0142     7.5065     7.5119    27.3573    27.3574    3.96242    3.79434         24 0.0000e+00
     228220   9509.119    318.000     7.5505   3.594987     7.5458   3.594512      86.07     0.0201     2.0712     1.7986  38.160534  7.2789145   43.45132  -59.97428    35.0146    35.0142     7.5191     7.5144    27.3567    27.3571    3.95787    3.78720         22 0.0000e+00
     228240   9509.966    317.000     7.5667   3.596640     7.5581   3.595769      85.20     0.0240     2.0693     1.7970  38.177505  7.3556247   43.45132  -59.97428    35.0167    35.0159     7.5354     7.5268    27.3560    27.3567    3.94844    3.78143         19 0.0000e+00
     228260   9510.773    316.000     7.5836   3.598350     7.5783   3.597850      98.67     0.0217     2.0675     1.7960  38.175819  7.3555574   43.45132  -59.97428    35.0188    35.0187     7.5523     7.5470    27.3552    27.3559    3.94308    3.78075         20 0.0000e+00
     228280   9511.615    315.000     7.5981   3.599826     7.5998   3.600063      98.63     0.0242     2.0654     1.7950  38.224087  7.4052448   43.45132  -59.97428    35.0207    35.0215     7.5669     7.5686    27.3545    27.3549    3.93982    3.76798         21 0.0000e+00
     228302   9512.541    314.000     7.6136   3.601382     7.6169   3.601764      55.16     0.0231     2.0645     1.7925  38.249062  7.4346514   43.45132  -59.97428    35.0228    35.0233     7.5824     7.5858    27.3539    27.3538    3.93886    3.75982         23 0.0000e+00
     228326   9513.552    313.000     7.6200   3.602061     7.6251   3.602581      60.08     0.0221     2.0626     1.7913  38.284008  7.4504614   43.45132  -59.97428    35.0238    35.0244     7.5890     7.5940    27.3538    27.3535    3.92674    3.75407         25 0.0000e+00
     228352   9514.629    312.000     7.6384   3.603849     7.6429   3.604532      98.76     0.0176     2.0601     1.7877  38.308315  7.4640255   43.45132  -59.97428    35.0250    35.0281     7.6074     7.6119    27.3520    27.3538    3.90972    3.72714         27 0.0000e+00
     228378   9515.714    311.000     7.6676   3.606893     7.6669   3.606916      72.24     0.0184     2.0552     1.7830  38.350681  7.4777231   43.45131  -59.97428    35.0292    35.0302     7.6367     7.6360    27.3511    27.3520    3.87901    3.69827         25 0.0000e+00
     228403   9516.749    310.000     7.6844   3.608555     7.6765   3.607753      95.72     0.0155     2.0498     1.7767  38.366604  7.4836292   43.45130  -59.97428    35.0306    35.0300     7.6535     7.6456    27.3497    27.3504    3.86552    3.67696         24 0.0000e+00
     228425   9517.679    309.000     7.7126   3.611416     7.6954   3.609667      98.68     0.0174     2.0458     1.7725  38.377613  7.5188689   43.45130  -59.97429    35.0340    35.0324     7.6817     7.6646    27.3482    27.3495    3.86140    3.67308         21 0.0000e+00
     228445   9518.520    308.000     7.7425   3.614459     7.7307   3.613457      68.48     0.0169     2.0430     1.7697  38.381031  7.5347829   43.45130  -59.97430    35.0373    35.0383     7.7117     7.6999    27.3464    27.3489    3.85489    3.66801         19 0.0000e+00
     228464   9519.300    307.000     7.7772   3.618013     7.7732   3.617884      98.95     0.0203     2.0405     1.7674  38.396542  7.5479236   43.45130  -59.97430    35.0414    35.0440     7.7463     7.7424    27.3445    27.3471    3.84267    3.66306         19 0.0000e+00
     228483   9520.098    306.000     7.8151   3.621815     7.8317   3.623994      98.63     0.0185     2.0373     1.7657  38.438511  7.5906415   43.45130  -59.97430    35.0448    35.0517     7.7843     7.8009    27.3416    27.3445    3.82942    3.65462         20 0.0000e+00
     228505   9520.981    305.000     7.8501   3.625664     7.8930   3.630283      89.22     0.0190     2.0342     1.7634  38.439545  7.5909648   43.45130  -59.97430    35.0517    35.0583     7.8193     7.8621    27.3418    27.3406    3.81723    3.64260         23 0.0000e+00
     228530   9522.059    304.000     7.8887   3.629812     7.9243   3.633394      86.60     0.0164     2.0298     1.7604  38.482021  7.6373768   43.45130  -59.97430    35.0581    35.0612     7.8580     7.8940    27.3411    27.3383    3.80194    3.62331         29 0.0000e+00
     228561   9523.328    303.000     7.9085   3.631553     7.9380   3.634789      84.85     0.0128     2.0254     1.7559  38.501823  7.6599336   43.45130  -59.97430    35.0577    35.0626     7.8781     7.9077    27.3378    27.3372    3.79093    3.61277         30 0.0000e+00
     228588   9524.455    302.000     7.9363   3.634323     7.9510   3.635958      58.65     0.0170     2.0215     1.7537  38.534702  7.6957159   43.45130  -59.97430    35.0605    35.0628     7.9057     7.9203    27.3359    27.3355    3.79184    3.61048         24 0.0000e+00
     228609   9525.341    301.000     7.9779   3.638529     7.9644   3.637289      99.06     0.0192     2.0211     1.7517  38.539078  7.7103567   43.45130  -59.97430    35.0640    35.0642     7.9473     7.9338    27.3324    27.3346    3.79210    3.59712         19 0.0000e+00
     228627   9526.102    300.000     7.9912   3.639895     7.9830   3.639106      98.63     0.0199     2.0197     1.7500  38.555103  7.7482309   43.45130  -59.97430    35.0659    35.0656     7.9606     7.9524    27.3319    27.3329    3.77996    3.59184         18 0.0000e+00
     228645   9526.846    299.000     8.0165   3.642530     8.0116   3.642040      98.26     0.0192     2.0181     1.7486  38.556759  7.7504854   43.45130  -59.97430    35.0694    35.0689     7.9859     7.9811    27.3308    27.3312    3.76420    3.58592         18 0.0000e+00
     228665   9527.670    298.000     8.0431   3.645027     8.0508   3.645883      72.53     0.0174     2.0147     1.7467  38.597847  7.8190360   43.45130  -59.97430    35.0700    35.0715     8.0126     8.0202    27.3273    27.3273    3.74746    3.57174         22 0.0000e+00
     228690   9528.706    297.000     8.0547   3.646183     8.0722   3.647804      98.03     0.0185     2.0105     1.7434  38.615009  7.8495011   43.45130  -59.97430    35.0713    35.0712     8.0243     8.0417    27.3265    27.3238    3.73763    3.55350         28 0.0000e+00
     228720   9529.975    296.000     8.0675   3.647139     8.0712   3.647449      87.94     0.0167     2.0068     1.7382  38.677311  7.8884053   43.45130  -59.97430    35.0692    35.0688     8.0372     8.0408    27.3229    27.3221    3.73333    3.54067         30 0.0000e+00
