data/CTD/2014/CNV/u017a047.cnv
* Sea-Bird SBE 9 Data File:
* FileName = C:\CTD_ACQUISITION\2014017HUD\ctddata\017A047.hdr
* Software Version Seasave V 7.22.2
* Temperature SN = 5081
* Conductivity SN = 3561
* Number of Bytes Per Scan = 37
* Number of Voltage Words = 4
* Number of Scans Averaged by the Deck Unit = 1
* NMEA Latitude = 47 48.52 N
* NMEA Longitude = 045 57.88 W
* NMEA UTC (Time) = Jul 11 2014 00:32:51
* NMEA baud rate = 9600
** Ship: Hudson
** Cruise: HUD2014017
** Chief_Scientist: Blair Greenan
** Organization: BIO
** Area_of_Operation: Sackville Spur
** Station: 047
** Sounding:  716
** Event_Comments: SS_18.5, 403274
# nquan = 25
# nvalues = 731                         
# units = specified
# name 0 = scan: Scan Count
# name 1 = timeS: Time, Elapsed [seconds]
# name 2 = prDM: Pressure, Digiquartz [db]
# name 3 = t068C: Temperature [ITS-68, deg C]
# name 4 = c0S/m: Conductivity [S/m]
# name 5 = t168C: Temperature, 2 [ITS-68, deg C]
# name 6 = c1S/m: Conductivity, 2 [S/m]
# name 7 = altM: Altimeter [m]
# name 8 = flC: Fluorescence, Chelsea Aqua 3 Chl Con [ug/l]
# name 9 = sbeox0V: Oxygen raw, SBE 43 [V]
# name 10 = sbeox1V: Oxygen raw, SBE 43, 2 [V]
# name 11 = upoly0: Upoly 0, Optode 4330F - O2 D-Phase
# name 12 = upoly1: Upoly 1, Optode 4330F - O2 Temp
# name 13 = latitude: Latitude [deg]
# name 14 = longitude: Longitude [deg]
# name 15 = sal00: Salinity, Practical [PSU]
# name 16 = sal11: Salinity, Practical, 2 [PSU]
# name 17 = potemp068C: Potential Temperature [ITS-68, deg C]
# name 18 = potemp168C: Potential Temperature, 2 [ITS-68, deg C]
# name 19 = sigma-é00: Density [sigma-theta, Kg/m^3]
# name 20 = sigma-é11: Density, 2 [sigma-theta, Kg/m^3]
# name 21 = sbeox0ML/L: Oxygen, SBE 43 [ml/l], WS = 2
# name 22 = sbeox1ML/L: Oxygen, SBE 43, 2 [ml/l], WS = 2
# name 23 = nbin: number of scans per bin
# name 24 = flag: flag
# span 0 =      27405,      49300       
# span 1 =   1141.818,   2054.135       
# span 2 =      1.000,    731.000       
# span 3 =     2.8444,     8.6631       
# span 4 =   3.094758,   3.521698       
# span 5 =     2.8473,     8.6661       
# span 6 =   3.091451,   3.518524       
# span 7 =      -5.56,     100.37       
# span 8 =     0.0082,     0.8814       
# span 9 =     2.6837,     3.7087       
# span 10 =     2.3658,     3.2421      
# span 11 =  29.882553,  34.102821      
# span 12 =  2.4452295,  8.6786041      
# span 13 =   47.81233,   47.81553      
# span 14 =  -45.96562,  -45.96514      
# span 15 =    33.1031,    34.8904      
# span 16 =    33.1025,    34.8898      
# span 17 =     2.8388,     8.6629      
# span 18 =     2.8418,     8.6659      
# span 19 =    25.6857,    27.7034      
# span 20 =    25.6845,    27.7028      
# span 21 =    6.25170,    8.69973      
# span 22 =    6.21217,    8.67334      
# span 23 =         14,        113      
# span 24 = 0.0000e+00, 0.0000e+00      
# interval = decibars: 1                
# start_time = Jul 11 2014 00:32:51 [NMEA time, header]
# bad_flag = -9.990e-29
*END*
      27405   1141.818    731.000     4.0100   3.279881     4.0097   3.279778       5.91     0.0169     2.6837     2.3658  34.101196  4.0181355   47.81233  -45.96545    34.8897    34.8888     3.9556     3.9554    27.7032    27.7025    6.35756    6.34652        113 0.0000e+00
      28534   1188.885    730.000     4.0101   3.279840     4.0096   3.279734       7.21     0.0178     2.6843     2.3676  34.102821  4.0254474   47.81255  -45.96531    34.8897    34.8889     3.9558     3.9553    27.7031    27.7026    6.36271    6.35397         49 0.0000e+00
      28497   1187.338    729.000     4.0100   3.279795     4.0096   3.279690       7.85     0.0165     2.6843     2.3685  34.102566  4.0235023   47.81254  -45.96532    34.8897    34.8889     3.9558     3.9554    27.7032    27.7026    6.35804    6.35082         23 0.0000e+00
      28517   1188.173    728.000     4.0097   3.279722     4.0092   3.279608       8.70     0.0168     2.6847     2.3684  34.102566  4.0213799   47.81254  -45.96532    34.8897    34.8889     3.9556     3.9551    27.7032    27.7026    6.36063    6.34744         23 0.0000e+00
      28539   1189.067    727.000     4.0096   3.279667     4.0091   3.279552       9.62     0.0171     2.6843     2.3679  34.102566  4.0212445   47.81254  -45.96532    34.8897    34.8888     3.9555     3.9551    27.7032    27.7026    6.35425    6.34457         20 0.0000e+00
      28558   1189.856    726.000     4.0096   3.279615     4.0092   3.279515      10.55     0.0174     2.6845     2.3678  34.100933  4.0202112   47.81255  -45.96531    34.8896    34.8888     3.9556     3.9553    27.7031    27.7025    6.36094    6.35003         18 0.0000e+00
      28576   1190.621    725.000     4.0094   3.279560     4.0090   3.279452      11.50     0.0190     2.6845     2.3683  34.102558  4.0184526   47.81256  -45.96530    34.8896    34.8888     3.9556     3.9551    27.7032    27.7026    6.36040    6.35417         19 0.0000e+00
      28596   1191.448    724.000     4.0093   3.279509     4.0091   3.279415      12.55     0.0211     2.6850     2.3686  34.101189  4.0191207   47.81256  -45.96530    34.8897    34.8888     3.9555     3.9553    27.7032    27.7026    6.36500    6.35280         21 0.0000e+00
      28617   1192.333    723.000     4.0094   3.279475     4.0091   3.279374      13.58     0.0227     2.6856     2.3687  34.102535  4.0194182   47.81256  -45.96530    34.8897    34.8888     3.9557     3.9554    27.7032    27.7025    6.36544    6.34949         22 0.0000e+00
      28640   1193.273    722.000     4.0092   3.279422     4.0089   3.279315      14.62     0.0226     2.6859     2.3687  34.102566  4.0234346   47.81258  -45.96530    34.8898    34.8888     3.9556     3.9553    27.7033    27.7026    6.36367    6.34520         23 0.0000e+00
      28664   1194.284    721.000     4.0091   3.279358     4.0087   3.279252      15.64     0.0193     2.6866     2.3687  34.102566  4.0256257   47.81258  -45.96530    34.8897    34.8888     3.9555     3.9552    27.7032    27.7025    6.36511    6.35169         25 0.0000e+00
      28689   1195.316    720.000     4.0090   3.279311     4.0087   3.279208      16.63     0.0186     2.6870     2.3692  34.099953  4.0256410   47.81258  -45.96530    34.8897    34.8888     3.9556     3.9553    27.7032    27.7026    6.36016    6.34907         23 0.0000e+00
      28711   1196.230    719.000     4.0091   3.279273     4.0087   3.279159      17.56     0.0177     2.6867     2.3692  34.097626  4.0256410   47.81258  -45.96530    34.8897    34.8888     3.9557     3.9553    27.7032    27.7025    6.36220    6.34999         21 0.0000e+00
      28730   1197.052    718.000     4.0089   3.279206     4.0084   3.279081      18.50     0.0190     2.6873     2.3696  34.094040  4.0256410   47.81260  -45.96530    34.8897    34.8888     3.9556     3.9550    27.7032    27.7025    6.36357    6.35304         19 0.0000e+00
      28749   1197.821    717.000     4.0088   3.279144     4.0084   3.279042      19.43     0.0173     2.6874     2.3700  34.098541  4.0223508   47.81260  -45.96530    34.8896    34.8888     3.9556     3.9551    27.7031    27.7025    6.35667    6.35554         18 0.0000e+00
      28766   1198.551    716.000     4.0085   3.279078     4.0081   3.278974      20.37     0.0146     2.6870     2.3706  34.102619  4.0210271   47.81260  -45.96530    34.8896    34.8888     3.9554     3.9549    27.7031    27.7026    6.35494    6.35427         17 0.0000e+00
      28783   1199.264    715.000     4.0083   3.279020     4.0079   3.278917      21.31     0.0166     2.6872     2.3706  34.101688  4.0222158   47.81260  -45.96528    34.8896    34.8888     3.9553     3.9549    27.7032    27.7026    6.35883    6.34829         17 0.0000e+00
      28801   1200.001    714.000     4.0085   3.278993     4.0081   3.278898      22.33     0.0188     2.6873     2.3705  34.095615  4.0168920   47.81261  -45.96528    34.8897    34.8889     3.9555     3.9551    27.7032    27.7027    6.35836    6.34653         19 0.0000e+00
      28823   1200.901    713.000     4.0084   3.278949     4.0082   3.278845      23.45     0.0177     2.6875     2.3705  34.097965  4.0162740   47.81262  -45.96528    34.8897    34.8888     3.9555     3.9552    27.7032    27.7025    6.35768    6.34191         26 0.0000e+00
      28851   1202.101    712.000     4.0085   3.278907     4.0081   3.278800      24.68     0.0152     2.6878     2.3698  34.094604  4.0176635   47.81262  -45.96528    34.8897    34.8888     3.9556     3.9553    27.7032    27.7025    6.35929    6.34296         28 0.0000e+00
      28876   1203.119    711.000     4.0086   3.278869     4.0082   3.278762      25.60     0.0169     2.6879     2.3705  34.095924  4.0180998   47.81262  -45.96528    34.8897    34.8888     3.9558     3.9555    27.7032    27.7025    6.35873    6.35255         22 0.0000e+00
      28897   1203.981    710.000     4.0086   3.278821     4.0080   3.278693      26.47     0.0194     2.6885     2.3709  34.097439  4.0173368   47.81264  -45.96528    34.8896    34.8888     3.9559     3.9553    27.7031    27.7025    6.36515    6.34807         20 0.0000e+00
      28916   1204.804    709.000     4.0083   3.278754     4.0076   3.278619      27.42     0.0187     2.6892     2.3709  34.094536  4.0168548   47.81264  -45.96528    34.8896    34.8888     3.9557     3.9550    27.7031    27.7025    6.37545    6.34882         20 0.0000e+00
      28937   1205.662    708.000     4.0078   3.278676     4.0071   3.278544      28.33     0.0165     2.6912     2.3716  34.094196  4.0195785   47.81264  -45.96528    34.8897    34.8889     3.9553     3.9546    27.7033    27.7027    6.38230    6.35522         21 0.0000e+00
      28959   1206.572    707.000     4.0072   3.278579     4.0064   3.278435      29.40     0.0157     2.6918     2.3722  34.092560  4.0185261   47.81264  -45.96528    34.8898    34.8889     3.9547     3.9539    27.7034    27.7028    6.37749    6.35653         22 0.0000e+00
      28980   1207.459    706.000     4.0067   3.278490     4.0061   3.278366      30.44     0.0134     2.6934     2.3732  34.092796  4.0195951   47.81266  -45.96527    34.8898    34.8889     3.9543     3.9558    27.7034    27.7028    6.38051    6.36356         21 0.0000e+00
      29002   1208.362    705.000     4.0065   3.278424     4.0061   3.278316      31.45     0.0151     2.6938     2.3741  34.097275  4.0167365   47.81266  -45.96526    34.8897    34.8889     3.9543     3.9538    27.7033    27.7028    6.37708    6.36601         22 0.0000e+00
      29024   1209.284    704.000     4.0064   3.278357     4.0058   3.278247      32.46     0.0168     2.6950     2.3753  34.094940  4.0171437   47.81266  -45.96526    34.8896    34.8888     3.9542     3.9537    27.7033    27.7027    6.37900    6.37292         23 0.0000e+00
      29048   1210.302    703.000     4.0060   3.278277     4.0056   3.278156      33.44     0.0142     2.6954     2.3769  34.094677  4.0181170   47.81266  -45.96526    34.8896    34.8886     3.9539     3.9535    27.7033    27.7025    6.38355    6.37830         26 0.0000e+00
      29074   1211.379    702.000     4.0059   3.278217     4.0056   3.278121      34.47     0.0144     2.6970     2.3784  34.089653  4.0174332   47.81268  -45.96526    34.8894    34.8886     3.9539     3.9536    27.7032    27.7026    6.38887    6.37334         25 0.0000e+00
      29097   1212.319    701.000     4.0060   3.278169     4.0058   3.278085      35.34     0.0182     2.6979     2.3786  34.073139  4.0168452   47.81268  -45.96526    34.8893    34.8886     3.9540     3.9538    27.7031    27.7025    6.38404    6.36346         20 0.0000e+00
      29116   1213.104    700.000     4.0058   3.278099     4.0055   3.277997      35.96     0.0169     2.6982     2.3783  34.073261  4.0175014   47.81268  -45.96526    34.8892    34.8884     3.9540     3.9536    27.7030    27.7024    6.38743    6.36012         18 0.0000e+00
      29133   1213.819    699.000     4.0058   3.278029     4.0054   3.277932      36.90     0.0153     2.6994     2.3782  34.094528  4.0170898   47.81269  -45.96526    34.8889    34.8882     3.9540     3.9536    27.7027    27.7022    6.39148    6.36239         16 0.0000e+00
      29149   1214.505    698.000     4.0057   3.277979     4.0053   3.277872      37.99     0.0195     2.6998     2.3783  34.092209  4.0193362   47.81270  -45.96526    34.8889    34.8881     3.9540     3.9536    27.7028    27.7021    6.38658    6.36453         17 0.0000e+00
      29166   1215.205    697.000     4.0056   3.277916     4.0052   3.277815      38.61     0.0176     2.6998     2.3786  34.096512  4.0170326   47.81270  -45.96526    34.8888    34.8880     3.9540     3.9536    27.7027    27.7021    6.39141    6.36771         17 0.0000e+00
      29185   1215.982    696.000     4.0055   3.277860     4.0050   3.277735      39.54     0.0119     2.7011     2.3792  34.085381  4.0163536   47.81270  -45.96526    34.8888    34.8879     3.9540     3.9534    27.7027    27.7020    6.39125    6.37329         21 0.0000e+00
      29208   1216.968    695.000     4.0052   3.277788     4.0046   3.277647      40.90     0.0148     2.7016     2.3803  34.083622  4.0172887   47.81270  -45.96525    34.8888    34.8877     3.9538     3.9531    27.7027    27.7019    6.38973    6.37835         27 0.0000e+00
      29238   1218.194    694.000     4.0050   3.277715     4.0043   3.277557      42.28     0.0191     2.7024     2.3815  34.073021  4.0165286   47.81272  -45.96524    34.8887    34.8875     3.9536     3.9529    27.7026    27.7018    6.39017    6.37830         29 0.0000e+00
      29264   1219.304    693.000     4.0046   3.277604     4.0040   3.277470      43.20     0.0236     2.7031     2.3821  34.071373  4.0166912   47.81272  -45.96524    34.8883    34.8874     3.9533     3.9527    27.7023    27.7017    6.39332    6.37658         24 0.0000e+00
      29287   1220.240    692.000     4.0044   3.277525     4.0040   3.277410      44.12     0.0170     2.7034     2.3827  34.066113  4.0163264   47.81272  -45.96524    34.8881    34.8871     3.9532     3.9528    27.7022    27.7015    6.39268    6.38157         21 0.0000e+00
      29306   1221.042    691.000     4.0045   3.277491     4.0042   3.277385      74.52     0.0139     2.7042     2.3836  34.064255  4.0175314   47.81274  -45.96524    34.8881    34.8872     3.9534     3.9530    27.7022    27.7015    6.39293    6.38214         18 0.0000e+00
      29323   1221.750    690.000     4.0047   3.277460     4.0044   3.277363      53.23     0.0168     2.7042     2.3840  34.068092  4.0164466   47.81274  -45.96524    34.8880    34.8872     3.9537     3.9533    27.7020    27.7015    6.39480    6.38051         17 0.0000e+00
      29339   1222.419    689.000     4.0052   3.277448     4.0051   3.277382      47.42     0.0231     2.7056     2.3842  34.065994  4.0176702   47.81274  -45.96524    34.8879    34.8872     3.9542     3.9541    27.7019    27.7014    6.39408    6.38007         16 0.0000e+00
      29355   1223.094    688.000     4.0057   3.277456     4.0057   3.277393      47.89     0.0195     2.7045     2.3846  34.066837  4.0165019   47.81274  -45.96524    34.8880    34.8873     3.9548     3.9547    27.7019    27.7014    6.38618    6.37637         16 0.0000e+00
      29373   1223.839    687.000     4.0060   3.277445     4.0061   3.277388      48.59     0.0170     2.7054     2.3845  34.065235  4.0158854   47.81275  -45.96524    34.8881    34.8873     3.9552     3.9552    27.7020    27.7013    6.38696    6.37343         20 0.0000e+00
      29395   1224.739    686.000     4.0064   3.277439     4.0064   3.277364      49.51     0.0203     2.7051     2.3846  34.070034  4.0162659   47.81276  -45.96523    34.8881    34.8872     3.9556     3.9556    27.7020    27.7013    6.38503    6.37299         24 0.0000e+00
      29422   1225.871    685.000     4.0066   3.277412     4.0067   3.277353      94.09     0.0215     2.7048     2.3846  34.049305  4.0171556   47.81276  -45.96522    34.8880    34.8872     3.9560     3.9561    27.7018    27.7012    6.38577    6.37295         30 0.0000e+00
      29452   1227.140    684.000     4.0070   3.277402     4.0073   3.277362      95.46     0.0174     2.7060     2.3850  34.043896  4.0161982   47.81277  -45.96522    34.8881    34.8872     3.9564     3.9567    27.7018    27.7011    6.39216    6.38095         29 0.0000e+00
      29478   1228.195    683.000     4.0082   3.277458     4.0082   3.277392      98.47     0.0154     2.7060     2.3861  34.043957  4.0158639   47.81278  -45.96522    34.8880    34.8872     3.9577     3.9576    27.7016    27.7010    6.38608    6.38728         21 0.0000e+00
      29497   1229.004    682.000     4.0091   3.277500     4.0091   3.277437      98.64     0.0151     2.7062     2.3869  34.043957  4.0158730   47.81278  -45.96522    34.8880    34.8873     3.9586     3.9586    27.7016    27.7010    6.38855    6.38320         18 0.0000e+00
      29514   1229.705    681.000     4.0102   3.277554     4.0101   3.277477      98.64     0.0146     2.7066     2.3870  34.043957  4.0158730   47.81278  -45.96522    34.8880    34.8872     3.9598     3.9597    27.7014    27.7008    6.39062    6.37865         16 0.0000e+00
      29530   1230.377    680.000     4.0107   3.277548     4.0105   3.277452      98.63     0.0159     2.7069     2.3871  34.043957  4.0158730   47.81278  -45.96522    34.8879    34.8871     3.9604     3.9602    27.7013    27.7006    6.38925    6.37874         17 0.0000e+00
      29547   1231.063    679.000     4.0108   3.277500     4.0104   3.277394      93.55     0.0175     2.7071     2.3873  34.043041  4.0170956   47.81280  -45.96522    34.8878    34.8870     3.9606     3.9602    27.7012    27.7005    6.38634    6.38346         16 0.0000e+00
      29564   1231.789    678.000     4.0107   3.277445     4.0102   3.277324      70.03     0.0201     2.7070     2.3881  34.043953  4.0184379   47.81280  -45.96522    34.8878    34.8869     3.9605     3.9601    27.7012    27.7005    6.38512    6.38509         19 0.0000e+00
      29583   1232.586    677.000     4.0105   3.277376     4.0101   3.277261      98.01     0.0217     2.7074     2.3883  34.043957  4.0173621   47.81280  -45.96522    34.8877    34.8868     3.9604     3.9600    27.7011    27.7004    6.38645    6.37979         20 0.0000e+00
      29605   1233.516    676.000     4.0103   3.277308     4.0099   3.277199      98.64     0.0212     2.7075     2.3884  34.042816  4.0174332   47.81281  -45.96522    34.8876    34.8868     3.9603     3.9599    27.7011    27.7005    6.38709    6.37735         25 0.0000e+00
      29633   1234.680    675.000     4.0101   3.277244     4.0096   3.277126      84.74     0.0178     2.7080     2.3883  34.041523  4.0165300   47.81282  -45.96522    34.8876    34.8867     3.9602     3.9597    27.7011    27.7004    6.39056    6.37274         30 0.0000e+00
