data/CTD/2014/CNV/u017a054.cnv
* Sea-Bird SBE 9 Data File:
* FileName = C:\CTD_ACQUISITION\2014017HUD\ctddata\017A054.hdr
* Software Version Seasave V 7.22.2
* Temperature SN = 5081
* Conductivity SN = 3561
* Number of Bytes Per Scan = 37
* Number of Voltage Words = 4
* Number of Scans Averaged by the Deck Unit = 1
* NMEA Latitude = 43 42.54 N
* NMEA Longitude = 059 07.81 W
* NMEA UTC (Time) = Jul 13 2014 09:50:24
* NMEA baud rate = 9600
** Ship: Hudson
** Cruise: HUD2014017
** Chief_Scientist: Blair Greenan
** Organization: BIO
** Area_of_Operation: Sackville Spur
** Station: 054
** Sounding:  245
** Event_Comments: LC1
# nquan = 25
# nvalues = 244                         
# units = specified
# name 0 = scan: Scan Count
# name 1 = timeS: Time, Elapsed [seconds]
# name 2 = prDM: Pressure, Digiquartz [db]
# name 3 = t068C: Temperature [ITS-68, deg C]
# name 4 = c0S/m: Conductivity [S/m]
# name 5 = t168C: Temperature, 2 [ITS-68, deg C]
# name 6 = c1S/m: Conductivity, 2 [S/m]
# name 7 = altM: Altimeter [m]
# name 8 = flC: Fluorescence, Chelsea Aqua 3 Chl Con [ug/l]
# name 9 = sbeox0V: Oxygen raw, SBE 43 [V]
# name 10 = sbeox1V: Oxygen raw, SBE 43, 2 [V]
# name 11 = upoly0: Upoly 0, Optode 4330F - O2 D-Phase
# name 12 = upoly1: Upoly 1, Optode 4330F - O2 Temp
# name 13 = latitude: Latitude [deg]
# name 14 = longitude: Longitude [deg]
# name 15 = sal00: Salinity, Practical [PSU]
# name 16 = sal11: Salinity, Practical, 2 [PSU]
# name 17 = potemp068C: Potential Temperature [ITS-68, deg C]
# name 18 = potemp168C: Potential Temperature, 2 [ITS-68, deg C]
# name 19 = sigma-é00: Density [sigma-theta, Kg/m^3]
# name 20 = sigma-é11: Density, 2 [sigma-theta, Kg/m^3]
# name 21 = sbeox0ML/L: Oxygen, SBE 43 [ml/l], WS = 2
# name 22 = sbeox1ML/L: Oxygen, SBE 43, 2 [ml/l], WS = 2
# name 23 = nbin: number of scans per bin
# name 24 = flag: flag
# span 0 =      14507,      21074       
# span 1 =    604.403,    878.040       
# span 2 =      1.000,    244.000       
# span 3 =     3.9120,    12.8802       
# span 4 =   3.083265,   4.107940       
# span 5 =     3.7875,    12.9217       
# span 6 =   3.074109,   4.108817       
# span 7 =       5.89,      98.89       
# span 8 =     0.0102,     0.1707       
# span 9 =     2.0675,     3.5291       
# span 10 =     1.7924,     3.0842      
# span 11 =  29.237625,  38.452549      
# span 12 =  4.5141931,  12.715102      
# span 13 =   43.70834,   43.70862      
# span 14 =  -59.13152,  -59.13130      
# span 15 =    31.9033,    35.4302      
# span 16 =    31.9077,    35.4349      
# span 17 =     3.9083,    12.8798      
# span 18 =     3.7837,    12.9213      
# span 19 =    24.0195,    27.2515      
# span 20 =    24.0143,    27.2498      
# span 21 =    3.82696,    8.14844      
# span 22 =    3.64654,    8.01169      
# span 23 =         16,         82      
# span 24 = 0.0000e+00, 0.0000e+00      
# interval = decibars: 1                
# start_time = Jul 13 2014 09:50:24 [NMEA time, header]
# bad_flag = -9.990e-29
*END*
[from data line 58]
      15862    660.886    186.000     9.2784   3.754546     9.3961   3.766885      62.76     0.0194     2.1925     1.9046  37.763840  8.3462229   43.70858  -59.13136    35.0571    35.0701     9.2578     9.3753    27.1214    27.1122    4.07740    3.90232         21 0.0000e+00
      15882    661.695    185.000     9.4059   3.767462     9.5074   3.778777      63.66     0.0188     2.1968     1.9072  37.742584  8.3989153   43.70858  -59.13136    35.0669    35.0848     9.3852     9.4866    27.1081    27.1054    4.09655    3.91571         18 0.0000e+00
      15900    662.450    184.000     9.5676   3.784870     9.6171   3.790176      64.45     0.0191     2.2030     1.9129  37.744431  8.4050751   43.70858  -59.13136    35.0895    35.0960     9.5468     9.5962    27.0990    27.0958    4.11014    3.93385         18 0.0000e+00
      15919    663.246    183.000     9.6393   3.792357     9.7087   3.799196      65.45     0.0177     2.2107     1.9201  37.654343  8.4290428   43.70858  -59.13136    35.0973    35.1003     9.6186     9.6878    27.0931    27.0838    4.12638    3.94790         21 0.0000e+00
      15942    664.207    182.000     9.6997   3.798097     9.7465   3.802910      66.53     0.0183     2.2200     1.9271  37.649578  8.4735746   43.70858  -59.13136    35.0980    35.1020     9.6790     9.7257    27.0835    27.0788    4.13400    3.94480         26 0.0000e+00
      15971    665.432    181.000     9.6783   3.796033     9.7472   3.802594      78.56     0.0172     2.2282     1.9325  37.560219  8.6283808   43.70858  -59.13136    35.0981    35.0985     9.6577     9.7265    27.0871    27.0759    4.13122    3.94150         31 0.0000e+00
      15999    666.603    180.000     9.6957   3.797888     9.7300   3.800885      90.41     0.0141     2.2321     1.9347  37.555981  8.6668310   43.70858  -59.13136    35.1007    35.0981     9.6752     9.7094    27.0862    27.0785    4.12367    3.94132         24 0.0000e+00
      16021    667.493    179.000     9.7499   3.802996     9.7993   3.808155      69.58     0.0142     2.2345     1.9377  37.545628  8.7175102   43.70858  -59.13136    35.1009    35.1058     9.7295     9.7788    27.0772    27.0728    4.12859    3.95350         20 0.0000e+00
      16039    668.250    178.000     9.8579   3.813845     9.8948   3.818244      70.62     0.0132     2.2375     1.9405  37.545788  8.7551050   43.70858  -59.13136    35.1078    35.1169     9.8374     9.8743    27.0643    27.0652    4.13114    3.95433         17 0.0000e+00
      16056    668.967    177.000     9.9640   3.824838     9.9938   3.828349      71.29     0.0167     2.2408     1.9440  37.452972  8.7448530   43.70858  -59.13136    35.1178    35.1247     9.9435     9.9733    27.0541    27.0544    4.14878    3.98156         18 0.0000e+00
      16075    669.738    176.000     9.9961   3.828579    10.0375   3.832668      72.32     0.0195     2.2483     1.9538  37.429516  8.8044872   43.70857  -59.13136    35.1254    35.1269     9.9756    10.0171    27.0545    27.0486    4.20660    4.05780         20 0.0000e+00
      16098    670.708    175.000    10.0190   3.830650    10.0538   3.834245      73.15     0.0190     2.2670     1.9747  37.354832  8.8616076   43.70857  -59.13136    35.1252    35.1277     9.9987    10.0334    27.0505    27.0464    4.29466    4.14590         27 0.0000e+00
      16131    672.063    174.000    10.0096   3.829763    10.0686   3.835515      84.40     0.0192     2.2982     2.0035  37.273224  8.9736919   43.70857  -59.13136    35.1252    35.1268     9.9894    10.0483    27.0520    27.0431    4.36467    4.20287         35 0.0000e+00
      16161    673.333    173.000    10.0149   3.829987    10.0600   3.834405      75.49     0.0201     2.3203     2.0231  37.209656  9.0218086   43.70856  -59.13136    35.1229    35.1242     9.9948    10.0399    27.0493    27.0426    4.37367    4.21451         25 0.0000e+00
      16182    674.217    172.000    10.0551   3.833710    10.0692   3.835460      76.39     0.0189     2.3314     2.0322  37.218102  9.0642824   43.70856  -59.13136    35.1223    35.1265    10.0351    10.0492    27.0419    27.0428    4.37980    4.21584         19 0.0000e+00
      16200    674.955    171.000    10.0948   3.836311    10.1021   3.836827      92.31     0.0181     2.3396     2.0379  37.165043  9.0355921   43.70856  -59.13136    35.1109    35.1091    10.0748    10.0821    27.0262    27.0235    4.38590    4.21689         17 0.0000e+00
      16217    675.662    170.000    10.0989   3.833823    10.0997   3.832521      80.91     0.0191     2.3463     2.0429  37.150272  9.0840292   43.70856  -59.13136    35.0819    35.0679    10.0791    10.0799    27.0028    26.9917    4.39279    4.22865         17 0.0000e+00
      16235    676.420    169.000    10.0965   3.831282    10.0969   3.829820      79.39     0.0192     2.3524     2.0485  37.140888  9.1020021   43.70856  -59.13136    35.0588    35.0435    10.0767    10.0772    26.9852    26.9731    4.41358    4.25453         19 0.0000e+00
      16256    677.308    168.000    10.0980   3.830425    10.0994   3.829316      79.94     0.0151     2.3630     2.0578  37.033455  9.1394310   43.70856  -59.13138    35.0491    35.0364    10.0784    10.0798    26.9773    26.9671    4.45705    4.29260         24 0.0000e+00
      16283    678.434    167.000    10.0955   3.830099    10.1017   3.829306      73.08     0.0143     2.3785     2.0705  37.000835  9.1693792   43.70856  -59.13138    35.0486    35.0345    10.0760    10.0823    26.9773    26.9652    4.49393    4.33276         30 0.0000e+00
      16315    679.735    166.000    10.0913   3.829228    10.0981   3.829063      86.21     0.0186     2.3930     2.0851  36.898991  9.1869783   43.70856  -59.13138    35.0442    35.0360    10.0720    10.0787    26.9746    26.9670    4.50052    4.36429         31 0.0000e+00
      16344    680.946    165.000    10.0910   3.828717    10.0981   3.828975      91.60     0.0212     2.4001     2.0972  36.823261  9.1778755   43.70856  -59.13138    35.0398    35.0356    10.0717    10.0788    26.9712    26.9667    4.48253    4.38788         27 0.0000e+00
      16368    681.941    164.000    10.1008   3.829444    10.1128   3.830218      90.23     0.0207     2.4018     2.1044  36.782890  9.2413864   43.70856  -59.13138    35.0382    35.0345    10.0816    10.0936    26.9682    26.9633    4.49673    4.37711         21 0.0000e+00
      16387    682.758    163.000    10.1271   3.831914    10.1365   3.832926      98.71     0.0188     2.4090     2.1060  36.713028  9.2090740   43.70856  -59.13138    35.0384    35.0396    10.1080    10.1174    26.9638    26.9632    4.54680    4.37396         19 0.0000e+00
      16405    683.484    162.000    10.2067   3.840407    10.2361   3.844579      78.08     0.0134     2.4180     2.1096  36.636471  9.2292557   43.70856  -59.13138    35.0485    35.0625    10.1876    10.2170    26.9579    26.9637    4.58650    4.40689         17 0.0000e+00
      16422    684.188    161.000    10.3461   3.855553    10.4330   3.866808      30.01     0.0135     2.4303     2.1182  36.648178  9.2710085   43.70856  -59.13138    35.0682    35.0985    10.3271    10.4138    26.9490    26.9575    4.62662    4.44974         17 0.0000e+00
      16439    684.924    160.000    10.4813   3.871762    10.6985   3.896789      97.31     0.0176     2.4457     2.1304  36.489780  9.2476501   43.70856  -59.13138    35.1026    35.1460    10.4622    10.6791    26.9522    26.9475    4.66447    4.49263         18 0.0000e+00
      16460    685.790    159.000    10.5842   3.883188    10.9709   3.927769      98.63     0.0166     2.4661     2.1476  36.433620  9.3077412   43.70856  -59.13138    35.1194    35.1957    10.5650    10.9513    26.9471    26.9373    4.70709    4.53471         24 0.0000e+00
      16488    686.941    158.000    10.6208   3.887179    11.1719   3.949495      98.63     0.0156     2.4921     2.1693  36.251045  9.4521656   43.70856  -59.13137    35.1248    35.2206    10.6018    11.1522    26.9448    26.9200    4.74948    4.57353         32 0.0000e+00
      16522    688.377    157.000    10.5050   3.873971    11.3445   3.968613      98.63     0.0151     2.5180     2.1888  36.121601  9.6103039   43.70856  -59.13136    35.1034    35.2461    10.4862    11.3248    26.9485    26.9081    4.78391    4.59445         33 0.0000e+00
      16551    689.572    156.000    10.9236   3.918957    11.2376   3.956546      98.63     0.0164     2.5322     2.1978  36.001995  9.8389549   43.70856  -59.13136    35.1543    35.2288    10.9044    11.2181    26.9136    26.9144    4.73524    4.55038         25 0.0000e+00
      16572    690.474    155.000    11.3146   3.961232    11.4571   3.983104      98.57     0.0161     2.5383     2.2027  35.979118  9.8518057   43.70856  -59.13138    35.2291    35.2830    11.2952    11.4375    26.9003    26.9159    4.69148    4.51928         19 0.0000e+00
      16591    691.238    154.000    11.6550   4.004389    11.7956   4.021202      97.89     0.0106     2.5421     2.2075  35.800880  9.8121758   43.70854  -59.13138    35.3047    35.3366    11.6352    11.7757    26.8957    26.8940    4.66382    4.49913         18 0.0000e+00
      16608    691.959    153.000    11.9268   4.035387    11.9850   4.042030      97.48     0.0117     2.5464     2.2124  35.803059  9.8888454   43.70854  -59.13138    35.3516    35.3613    11.9068    11.9650    26.8807    26.8771    4.65958    4.48824         17 0.0000e+00
      16626    692.696    152.000    12.0115   4.044713    12.0634   4.050915      93.78     0.0160     2.5537     2.2184  35.646694  10.029105   43.70854  -59.13138    35.3653    35.3743    11.9916    12.0435    26.8751    26.8721    4.68142    4.49967         19 0.0000e+00
      16646    693.543    151.000    12.0483   4.049331    12.0835   4.052850      82.93     0.0162     2.5635     2.2259  35.454945  10.284172   43.70854  -59.13138    35.3737    35.3745    12.0285    12.0637    26.8745    26.8684    4.70054    4.51802         22 0.0000e+00
      16673    694.666    150.000    12.0676   4.051143    12.0846   4.052827      97.68     0.0166     2.5747     2.2366  35.352169  10.416370   43.70854  -59.13138    35.3734    35.3737    12.0479    12.0649    26.8706    26.8675    4.71689    4.54470         32 0.0000e+00
      16705    696.010    149.000    12.0389   4.047870    12.0807   4.052083      98.63     0.0189     2.5874     2.2476  35.229828  10.635550   43.70854  -59.13138    35.3691    35.3706    12.0194    12.0611    26.8727    26.8659    4.74344    4.56779         31 0.0000e+00
      16732    697.124    148.000    12.0382   4.047533    12.0674   4.050524      98.63     0.0206     2.5965     2.2568  35.114944  10.704339   43.70854  -59.13138    35.3669    35.3684    12.0189    12.0480    26.8711    26.8667    4.75313    4.59281         23 0.0000e+00
      16753    697.992    147.000    12.0888   4.053044    12.1071   4.055097      98.63     0.0204     2.6019     2.2631  35.102863  10.807831   43.70854  -59.13138    35.3732    35.3758    12.0695    12.0878    26.8663    26.8648    4.75392    4.59589         19 0.0000e+00
      16772    698.772    146.000    12.1795   4.062740    12.2049   4.066216      98.63     0.0182     2.6063     2.2679  35.005898  10.770370   43.70854  -59.13138    35.3822    35.3920    12.1602    12.1856    26.8558    26.8584    4.76063    4.59507         18 0.0000e+00
      16790    699.543    145.000    12.2344   4.069379    12.2844   4.075326      98.63     0.0161     2.6128     2.2725  34.922882  10.810389   43.70854  -59.13138    35.3953    35.4058    12.2152    12.2651    26.8553    26.8537    4.77732    4.60694         19 0.0000e+00
      16810    700.372    144.000    12.2788   4.074451    12.3669   4.084948      98.63     0.0180     2.6206     2.2798  34.909168  10.835719   43.70854  -59.13138    35.4030    35.4216    12.2597    12.3477    26.8526    26.8499    4.80082    4.63935         21 0.0000e+00
      16832    701.273    143.000    12.3024   4.077610    12.4364   4.092553      98.63     0.0205     2.6316     2.2909  34.706139  10.912653   43.70854  -59.13138    35.4119    35.4302    12.2834    12.4173    26.8549    26.8429    4.83991    4.67396         23 0.0000e+00
      16856    702.279    142.000    12.3991   4.088390    12.4606   4.095190      98.63     0.0175     2.6472     2.3029  34.694603  10.967661   43.70854  -59.13138    35.4255    35.4332    12.3801    12.4416    26.8465    26.8405    4.87217    4.68521         25 0.0000e+00
      16883    703.396    141.000    12.4274   4.091492    12.4759   4.096656      98.63     0.0143     2.6632     2.3128  34.509132  11.117587   43.70854  -59.13138    35.4292    35.4349    12.4086    12.4570    26.8438    26.8388    4.88865    4.69066         28 0.0000e+00
      16911    704.564    140.000    12.4371   4.092133    12.4861   4.097670      98.63     0.0166     2.6759     2.3211  34.471939  11.145250   43.70854  -59.13138    35.4267    35.4341    12.4184    12.4673    26.8400    26.8361    4.89760    4.70442         27 0.0000e+00
      16936    705.606    139.000    12.4788   4.095725    12.5090   4.099772      98.63     0.0168     2.6836     2.3265  34.394581  11.169557   43.70854  -59.13138    35.4226    35.4332    12.4602    12.4903    26.8286    26.8309    4.89579    4.70508         23 0.0000e+00
      16957    706.495    138.000    12.5058   4.099003    12.5262   4.101033      98.63     0.0190     2.6888     2.3310  34.367275  11.212703   43.70854  -59.13138    35.4292    35.4296    12.4873    12.5077    26.8284    26.8247    4.90088    4.71938         20 0.0000e+00
      16976    707.309    137.000    12.5164   4.099894    12.5297   4.100812      98.63     0.0201     2.6937     2.3363  34.235008  11.312629   43.70854  -59.13138    35.4283    35.4247    12.4980    12.5112    26.8256    26.8202    4.90902    4.73177         20 0.0000e+00
      16996    708.131    136.000    12.5206   4.099937    12.5273   4.100232      98.63     0.0183     2.6982     2.3410  34.238750  11.352396   43.70854  -59.13138    35.4252    35.4217    12.5023    12.5091    26.8223    26.8183    4.91863    4.73800         20 0.0000e+00
      17018    709.024    135.000    12.5239   4.100031    12.5391   4.101460      98.63     0.0179     2.7031     2.3452  34.119003  11.381649   43.70854  -59.13138    35.4235    35.4229    12.5057    12.5209    26.8203    26.8169    4.93025    4.74669         23 0.0000e+00
      17042    710.054    134.000    12.5339   4.100979    12.5629   4.104009      98.63     0.0199     2.7099     2.3503  34.088150  11.462929   43.70854  -59.13138    35.4237    35.4256    12.5158    12.5448    26.8184    26.8142    4.94402    4.75990         26 0.0000e+00
      17069    711.169    133.000    12.5526   4.102543    12.5769   4.105499      98.63     0.0187     2.7164     2.3563  33.951897  11.467791   43.70854  -59.13138    35.4228    35.4272    12.5347    12.5590    26.8141    26.8127    4.95244    4.76881         27 0.0000e+00
      17094    712.212    132.000    12.5518   4.102466    12.5860   4.106548      98.63     0.0187     2.7211     2.3593  33.934319  11.634257   43.70854  -59.13138    35.4219    35.4291    12.5341    12.5682    26.8135    26.8124    4.95413    4.76224         23 0.0000e+00
      17117    713.155    131.000    12.5662   4.104242    12.5998   4.107985      98.63     0.0205     2.7242     2.3608  33.817730  11.576654   43.70854  -59.13138    35.4272    35.4304    12.5485    12.5821    26.8147    26.8106    4.95033    4.75910         22 0.0000e+00
      17138    714.048    130.000    12.5960   4.107551    12.6094   4.108817      98.63     0.0223     2.7255     2.3608  33.809456  11.623637   43.70854  -59.13138    35.4302    35.4299    12.5785    12.5919    26.8112    26.8082    4.94124    4.74715         21 0.0000e+00
