data/CTD/2014/CNV/u017a025.cnv
* Sea-Bird SBE 9 Data File:
* FileName = C:\CTD_ACQUISITION\2014017HUD\ctddata\017A025.hdr
* Software Version Seasave V 7.22.2
* Temperature SN = 5081
* Conductivity SN = 3561
* Number of Bytes Per Scan = 37
* Number of Voltage Words = 4
* Number of Scans Averaged by the Deck Unit = 1
* NMEA Latitude = 48 58.39 N
* NMEA Longitude = 045 52.48 W
* NMEA UTC (Time) = Jul 06 2014 19:01:08
* NMEA baud rate = 9600
** Ship: Hudson 8
** Cruise: HUD2014017
** Chief_Scientist: Blair Greenan
** Organization: BIO
** Area_of_Operation: Sackville Spur
** Station: 025
** Sounding:  2478
** Event_Comments: SS-29 403142
# nquan = 25
# nvalues = 2571                        
# units = specified
# name 0 = scan: Scan Count
# name 1 = timeS: Time, Elapsed [seconds]
# name 2 = prDM: Pressure, Digiquartz [db]
# name 3 = t068C: Temperature [ITS-68, deg C]
# name 4 = c0S/m: Conductivity [S/m]
# name 5 = t168C: Temperature, 2 [ITS-68, deg C]
# name 6 = c1S/m: Conductivity, 2 [S/m]
# name 7 = altM: Altimeter [m]
# name 8 = flC: Fluorescence, Chelsea Aqua 3 Chl Con [ug/l]
# name 9 = sbeox0V: Oxygen raw, SBE 43 [V]
# name 10 = sbeox1V: Oxygen raw, SBE 43, 2 [V]
# name 11 = upoly0: Upoly 0, Optode 4330F - O2 D-Phase
# name 12 = upoly1: Upoly 1, Optode 4330F - O2 Temp
# name 13 = latitude: Latitude [deg]
# name 14 = longitude: Longitude [deg]
# name 15 = sal00: Salinity, Practical [PSU]
# name 16 = sal11: Salinity, Practical, 2 [PSU]
# name 17 = potemp068C: Potential Temperature [ITS-68, deg C]
# name 18 = potemp168C: Potential Temperature, 2 [ITS-68, deg C]
# name 19 = sigma-é00: Density [sigma-theta, Kg/m^3]
# name 20 = sigma-é11: Density, 2 [sigma-theta, Kg/m^3]
# name 21 = sbeox0ML/L: Oxygen, SBE 43 [ml/l], WS = 2
# name 22 = sbeox1ML/L: Oxygen, SBE 43, 2 [ml/l], WS = 2
# name 23 = nbin: number of scans per bin
# name 24 = flag: flag
# span 0 =      75205,     138617       
# span 1 =   3133.500,   5775.685       
# span 2 =      1.000,   2571.000       
# span 3 =     2.4692,     8.1511       
# span 4 =   3.103441,   3.509338       
# span 5 =     2.4682,     8.1496       
# span 6 =   3.103485,   3.509165       
# span 7 =       1.43,     102.26       
# span 8 =     0.0060,     0.4302       
# span 9 =     2.1833,     3.5937       
# span 10 =     1.9333,     3.1638      
# span 11 =  30.121141,  35.569786      
# span 12 =  2.4627595,  8.0631676      
# span 13 =   48.97782,   48.98305      
# span 14 =  -45.87368,  -45.87154      
# span 15 =    33.6553,    34.9171      
# span 16 =    33.6551,    34.9166      
# span 17 =     2.2752,     8.1509      
# span 18 =     2.2743,     8.1495      
# span 19 =    26.1958,    27.8731      
# span 20 =    26.1960,    27.8728      
# span 21 =    6.27835,    8.22438      
# span 22 =    6.21588,    8.39773      
# span 23 =         11,         86      
# span 24 = 0.0000e+00, 0.0000e+00      
# interval = decibars: 1                
# start_time = Jul 06 2014 19:01:08 [NMEA time, header]
# bad_flag = -9.990e-29
*END*
[from data line 1160]
     101912   4246.292   1411.000     3.7323   3.286432     3.7316   3.286321      43.46     0.0174     2.4646     2.1673  34.775043  3.7326007   48.98156  -45.87332    34.9148    34.9142     3.6232     3.6225    27.7571    27.7567    6.29385    6.23586         20 0.0000e+00
     101937   4247.315   1410.000     3.7321   3.286373     3.7314   3.286245      85.51     0.0164     2.4650     2.1675  34.778706  3.7326007   48.98156  -45.87334    34.9148    34.9141     3.6230     3.6223    27.7572    27.7567    6.30364    6.23197         31 0.0000e+00
     101976   4248.941   1409.000     3.7319   3.286309     3.7308   3.286148      96.25     0.0150     2.4662     2.1679  34.776806  3.7326007   48.98156  -45.87334    34.9148    34.9141     3.6229     3.6218    27.7572    27.7567    6.30438    6.24291         40 0.0000e+00
     102005   4250.177   1408.000     3.7316   3.286230     3.7304   3.286054      96.13     0.0112     2.4670     2.1690  34.776550  3.7326007   48.98156  -45.87334    34.9147    34.9139     3.6227     3.6215    27.7571    27.7566    6.30166    6.24689         22 0.0000e+00
     102025   4251.003   1407.000     3.7299   3.286015     3.7285   3.285833      98.64     0.0101     2.4670     2.1696  34.768822  3.7326007   48.98156  -45.87334    34.9144    34.9137     3.6211     3.6197    27.7570    27.7566    6.30117    6.24753         19 0.0000e+00
     102044   4251.783   1406.000     3.7283   3.285808     3.7277   3.285714      98.63     0.0138     2.4672     2.1700  34.761215  3.7326007   48.98156  -45.87334    34.9141    34.9136     3.6196     3.6191    27.7570    27.7566    6.30542    6.25190         19 0.0000e+00
     102065   4252.676   1405.000     3.7276   3.285700     3.7267   3.285569      98.63     0.0161     2.4681     2.1712  34.757923  3.7326007   48.98156  -45.87334    34.9141    34.9135     3.6190     3.6182    27.7570    27.7566    6.31445    6.25669         25 0.0000e+00
     102099   4254.075   1404.000     3.7272   3.285619     3.7250   3.285343      98.63     0.0168     2.4697     2.1721  34.756012  3.7326007   48.98156  -45.87334    34.9141    34.9131     3.6187     3.6165    27.7570    27.7565    6.31991    6.25291         42 0.0000e+00
     102136   4255.613   1403.000     3.7264   3.285474     3.7252   3.285309      98.63     0.0167     2.4712     2.1728  34.773594  3.7326007   48.98156  -45.87335    34.9137    34.9130     3.6179     3.6168    27.7568    27.7563    6.31704    6.25346         27 0.0000e+00
     102156   4256.471   1402.000     3.7243   3.285231     3.7237   3.285100      98.63     0.0191     2.4714     2.1730  34.774860  3.7326007   48.98156  -45.87336    34.9135    34.9126     3.6160     3.6155    27.7568    27.7561    6.31038    6.25462         17 0.0000e+00
     102173   4257.165   1401.000     3.7209   3.284824     3.7211   3.284794      62.06     0.0169     2.4715     2.1737  34.762497  3.7326007   48.98156  -45.87336    34.9128    34.9123     3.6127     3.6129    27.7566    27.7562    6.31766    6.25953         16 0.0000e+00
     102189   4257.826   1400.000     3.7196   3.284627     3.7190   3.284526      82.47     0.0169     2.4726     2.1740  34.758152  3.7326007   48.98156  -45.87336    34.9123    34.9118     3.6115     3.6109    27.7563    27.7560    6.31532    6.25852         16 0.0000e+00
     102206   4258.530   1399.000     3.7190   3.284528     3.7180   3.284383      98.36     0.0183     2.4719     2.1743  34.758053  3.7326007   48.98156  -45.87336    34.9123    34.9116     3.6110     3.6100    27.7564    27.7560    6.31208    6.26455         19 0.0000e+00
     102227   4259.417   1398.000     3.7185   3.284438     3.7176   3.284302      98.63     0.0150     2.4727     2.1755  34.755016  3.7243888   48.98156  -45.87336    34.9123    34.9116     3.6106     3.6097    27.7564    27.7560    6.31633    6.27004         25 0.0000e+00
     102260   4260.811   1397.000     3.7184   3.284393     3.7172   3.284220      98.63     0.0129     2.4729     2.1764  34.750954  3.7228158   48.98156  -45.87336    34.9123    34.9116     3.6106     3.6094    27.7564    27.7560    6.31273    6.26473         39 0.0000e+00
     102293   4262.167   1396.000     3.7181   3.284321     3.7174   3.284192      98.63     0.0139     2.4737     2.1773  34.747135  3.7228327   48.98156  -45.87336    34.9122    34.9115     3.6104     3.6097    27.7564    27.7558    6.32097    6.26955         25 0.0000e+00
     102315   4263.096   1395.000     3.7177   3.284238     3.7173   3.284130      98.63     0.0158     2.4743     2.1778  34.747253  3.7228327   48.98156  -45.87336    34.9122    34.9114     3.6101     3.6097    27.7564    27.7558    6.32195    6.27421         21 0.0000e+00
     102336   4263.952   1394.000     3.7162   3.284044     3.7164   3.284022      98.63     0.0143     2.4747     2.1787  34.747253  3.7228327   48.98154  -45.87336    34.9120    34.9116     3.6087     3.6088    27.7564    27.7560    6.32954    6.28311         21 0.0000e+00
     102358   4264.887   1393.000     3.7147   3.283836     3.7144   3.283769      44.23     0.0162     2.4763     2.1802  34.745548  3.7228327   48.98154  -45.87336    34.9116    34.9111     3.6073     3.6070    27.7562    27.7558    6.33707    6.28787         25 0.0000e+00
     102388   4266.124   1392.000     3.7141   3.283725     3.7121   3.283477      94.14     0.0162     2.4779     2.1817  34.744682  3.7228327   48.98154  -45.87336    34.9115    34.9106     3.6068     3.6048    27.7561    27.7556    6.34455    6.29305         34 0.0000e+00
     102420   4267.457   1391.000     3.7137   3.283646     3.7107   3.283275      96.79     0.0119     2.4797     2.1832  34.733482  3.7228327   48.98154  -45.87336    34.9114    34.9101     3.6065     3.6036    27.7561    27.7554    6.35015    6.29592         28 0.0000e+00
     102444   4268.466   1390.000     3.7105   3.283256     3.7083   3.282954      91.01     0.0175     2.4815     2.1845  34.732613  3.7228327   48.98154  -45.87336    34.9107    34.9094     3.6034     3.6012    27.7559    27.7550    6.35939    6.29621         22 0.0000e+00
     102466   4269.379   1389.000     3.7056   3.282613     3.7062   3.282655      98.49     0.0187     2.4831     2.1850  34.744373  3.7228327   48.98154  -45.87336    34.9088    34.9086     3.5986     3.5993    27.7548    27.7546    6.36150    6.29746         22 0.0000e+00
     102492   4270.438   1388.000     3.7026   3.282196     3.7029   3.282215      98.63     0.0138     2.4846     2.1860  34.746212  3.7228327   48.98154  -45.87336    34.9075    34.9073     3.5957     3.5961    27.7541    27.7539    6.36156    6.30537         29 0.0000e+00
     102523   4271.745   1387.000     3.7021   3.282091     3.7009   3.281920      98.63     0.0154     2.4865     2.1877  34.732201  3.7131033   48.98152  -45.87336    34.9073    34.9065     3.5953     3.5942    27.7539    27.7534    6.37021    6.31667         31 0.0000e+00
     102548   4272.808   1386.000     3.7007   3.281901     3.6986   3.281607      98.64     0.0170     2.4880     2.1895  34.729767  3.7130599   48.98152  -45.87336    34.9069    34.9057     3.5941     3.5920    27.7538    27.7530    6.36979    6.32144         21 0.0000e+00
     102568   4273.642   1385.000     3.6987   3.281619     3.6974   3.281428      98.63     0.0185     2.4890     2.1902  34.718002  3.7130647   48.98152  -45.87336    34.9062    34.9053     3.5922     3.5909    27.7534    27.7528    6.36880    6.31346         20 0.0000e+00
     102588   4274.473   1384.000     3.6968   3.281342     3.6965   3.281275      98.63     0.0174     2.4893     2.1908  34.717949  3.7130647   48.98152  -45.87336    34.9055    34.9050     3.5903     3.5901    27.7530    27.7526    6.36364    6.31224         21 0.0000e+00
     102614   4275.528   1383.000     3.6950   3.281097     3.6945   3.280991      75.25     0.0164     2.4904     2.1913  34.694618  3.7073812   48.98152  -45.87336    34.9049    34.9043     3.5887     3.5931    27.7527    27.7522    6.37269    6.31873         31 0.0000e+00
     102650   4277.048   1382.000     3.6952   3.281085     3.6928   3.280768      97.14     0.0166     2.4917     2.1928  34.689304  3.7064440   48.98152  -45.87337    34.9051    34.9038     3.5890     3.5865    27.7528    27.7520    6.37282    6.32313         37 0.0000e+00
     102682   4278.356   1381.000     3.6949   3.281012     3.6933   3.280765      98.67     0.0142     2.4926     2.1936  34.688629  3.7072899   48.98150  -45.87338    34.9050    34.9038     3.5888     3.5872    27.7528    27.7520    6.37447    6.32305         27 0.0000e+00
     102706   4279.379   1380.000     3.6935   3.280802     3.6925   3.280651      98.63     0.0101     2.4933     2.1944  34.688004  3.7054129   48.98150  -45.87338    34.9045    34.9038     3.5875     3.5865    27.7525    27.7520    6.37572    6.32933         23 0.0000e+00
     102730   4280.384   1379.000     3.6925   3.280652     3.6919   3.280547      98.63     0.0145     2.4941     2.1953  34.686874  3.7056429   48.98150  -45.87336    34.9043    34.9037     3.5866     3.5860    27.7524    27.7520    6.38052    6.32935         25 0.0000e+00
     102757   4281.508   1378.000     3.6919   3.280543     3.6914   3.280454      98.63     0.0162     2.4949     2.1958  34.675579  3.7036440   48.98149  -45.87336    34.9042    34.9036     3.5860     3.5856    27.7524    27.7520    6.37917    6.32743         30 0.0000e+00
     102789   4282.813   1377.000     3.6919   3.280509     3.6911   3.280365      96.84     0.0130     2.4959     2.1968  34.668892  3.7046320   48.98148  -45.87336    34.9042    34.9034     3.5862     3.5853    27.7524    27.7519    6.37991    6.33265         30 0.0000e+00
     102815   4283.899   1376.000     3.6920   3.280465     3.6907   3.280286      28.48     0.0124     2.4964     2.1974  34.653912  3.7037017   48.98148  -45.87336    34.9041    34.9033     3.5863     3.5851    27.7523    27.7518    6.37951    6.33380         23 0.0000e+00
     102835   4284.742   1375.000     3.6911   3.280322     3.6903   3.280207      97.99     0.0142     2.4968     2.1979  34.654709  3.7043192   48.98148  -45.87336    34.9039    34.9033     3.5855     3.5848    27.7522    27.7518    6.37956    6.32708         19 0.0000e+00
     102854   4285.528   1374.000     3.6904   3.280221     3.6898   3.280113      98.63     0.0130     2.4972     2.1976  34.644108  3.7053349   48.98148  -45.87336    34.9039    34.9033     3.5849     3.5843    27.7523    27.7518    6.37933    6.32085         19 0.0000e+00
     102875   4286.422   1373.000     3.6900   3.280141     3.6892   3.280007      89.66     0.0162     2.4975     2.1977  34.644093  3.7033777   48.98146  -45.87336    34.9038    34.9032     3.5846     3.5838    27.7523    27.7518    6.37915    6.32168         25 0.0000e+00
     102908   4287.807   1372.000     3.6898   3.280075     3.6887   3.279906      97.07     0.0125     2.4978     2.1975  34.641636  3.6947577   48.98146  -45.87336    34.9038    34.9030     3.5845     3.5834    27.7522    27.7517    6.37823    6.31970         42 0.0000e+00
     102949   4289.512   1371.000     3.6896   3.279999     3.6887   3.279869      98.66     0.0137     2.4984     2.1971  34.631878  3.6935096   48.98145  -45.87336    34.9036    34.9030     3.5844     3.5835    27.7521    27.7517    6.38210    6.31701         36 0.0000e+00
     102982   4290.870   1370.000     3.6895   3.279953     3.6889   3.279835      98.63     0.0165     2.4995     2.1974  34.630013  3.6948457   48.98144  -45.87336    34.9037    34.9030     3.5844     3.5838    27.7522    27.7516    6.38553    6.32723         30 0.0000e+00
     103011   4292.093   1369.000     3.6888   3.279835     3.6882   3.279727      98.63     0.0172     2.4996     2.1980  34.630035  3.6967149   48.98144  -45.87336    34.9035    34.9029     3.5838     3.5832    27.7521    27.7517    6.38017    6.32438         28 0.0000e+00
     103038   4293.193   1368.000     3.6883   3.279731     3.6878   3.279644      98.63     0.0187     2.5002     2.1981  34.628902  3.6942685   48.98144  -45.87336    34.9033    34.9028     3.5834     3.5829    27.7520    27.7516    6.38618    6.32735         26 0.0000e+00
     103062   4294.228   1367.000     3.6881   3.279670     3.6875   3.279572      69.07     0.0159     2.5006     2.1989  34.628815  3.6935296   48.98142  -45.87336    34.9033    34.9027     3.5833     3.5827    27.7520    27.7516    6.38645    6.33202         24 0.0000e+00
     103087   4295.250   1366.000     3.6878   3.279610     3.6873   3.279509      89.10     0.0161     2.5010     2.1994  34.620663  3.6935287   48.98142  -45.87336    34.9034    34.9028     3.5831     3.5825    27.7520    27.7516    6.38472    6.32778         25 0.0000e+00
     103112   4296.293   1365.000     3.6877   3.279552     3.6871   3.279453      98.64     0.0167     2.5016     2.1994  34.616550  3.6935287   48.98142  -45.87336    34.9033    34.9028     3.5831     3.5825    27.7520    27.7516    6.38903    6.33172         25 0.0000e+00
     103138   4297.361   1364.000     3.6875   3.279493     3.6868   3.279381      98.63     0.0145     2.5023     2.2007  34.605164  3.6935287   48.98141  -45.87334    34.9033    34.9028     3.5830     3.5822    27.7520    27.7517    6.40031    6.34209         26 0.0000e+00
     103163   4298.426   1363.000     3.6869   3.279380     3.6862   3.279263      98.63     0.0148     2.5039     2.2017  34.603054  3.6935287   48.98140  -45.87334    34.9032    34.9025     3.5824     3.5817    27.7519    27.7515    6.40279    6.34884         25 0.0000e+00
     103188   4299.445   1362.000     3.6859   3.279218     3.6852   3.279114      98.63     0.0170     2.5049     2.2029  34.594563  3.6935287   48.98140  -45.87334    34.9028    34.9023     3.5815     3.5808    27.7517    27.7514    6.40412    6.34955         24 0.0000e+00
     103210   4300.381   1361.000     3.6846   3.279029     3.6843   3.278971      98.63     0.0145     2.5059     2.2039  34.596558  3.6935287   48.98138  -45.87334    34.9024    34.9020     3.5803     3.5801    27.7516    27.7512    6.40403    6.35756         21 0.0000e+00
     103232   4301.271   1360.000     3.6833   3.278834     3.6831   3.278788      98.63     0.0161     2.5068     2.2052  34.600067  3.6935287   48.98138  -45.87334    34.9020    34.9016     3.5791     3.5790    27.7513    27.7510    6.41223    6.35683         22 0.0000e+00
     103254   4302.208   1359.000     3.6813   3.278593     3.6805   3.278441      30.83     0.0156     2.5078     2.2058  34.606689  3.6935287   48.98138  -45.87334    34.9017    34.9008     3.5773     3.5764    27.7513    27.7506    6.41380    6.35466         24 0.0000e+00
     103283   4303.399   1358.000     3.6796   3.278355     3.6779   3.278101      96.43     0.0157     2.5092     2.2067  34.588833  3.6910260   48.98138  -45.87334    34.9012    34.9000     3.5756     3.5739    27.7510    27.7503    6.40714    6.35830         34 0.0000e+00
     103327   4305.243   1357.000     3.6793   3.278269     3.6769   3.277945      93.59     0.0133     2.5095     2.2079  34.576691  3.6908402   48.98136  -45.87334    34.9010    34.8996     3.5754     3.5731    27.7509    27.7501    6.40600    6.35690         58 0.0000e+00
     103382   4307.537   1356.000     3.6783   3.278099     3.6778   3.277993      99.18     0.0159     2.5107     2.2090  34.570961  3.6917679   48.98136  -45.87334    34.9005    34.8998     3.5745     3.5740    27.7506    27.7501    6.41267    6.36696         37 0.0000e+00
     103407   4308.581   1355.000     3.6797   3.278179     3.6782   3.278004      98.63     0.0162     2.5112     2.2103  34.571430  3.6917539   48.98134  -45.87332    34.9005    34.9000     3.5760     3.5782    27.7505    27.7502    6.41560    6.37251         22 0.0000e+00
