data/CTD/2014/CNV/u017a044.cnv
* Sea-Bird SBE 9 Data File:
* FileName = C:\CTD_ACQUISITION\2014017HUD\ctddata\017A044.hdr
* Software Version Seasave V 7.22.2
* Temperature SN = 5081
* Conductivity SN = 3561
* Number of Bytes Per Scan = 37
* Number of Voltage Words = 4
* Number of Scans Averaged by the Deck Unit = 1
* NMEA Latitude = 48 02.26 N
* NMEA Longitude = 046 14.07 W
* NMEA UTC (Time) = Jul 10 2014 19:45:27
* NMEA baud rate = 9600
** Ship: Hudson
** Cruise: HUD2014017
** Chief_Scientist: Blair Greenan
** Organization: BIO
** Area_of_Operation: Sackville Spur
** Station: 044
** Sounding:  1144
** Event_Comments: SS-16 403256
# nquan = 25
# nvalues = 1168                        
# units = specified
# name 0 = scan: Scan Count
# name 1 = timeS: Time, Elapsed [seconds]
# name 2 = prDM: Pressure, Digiquartz [db]
# name 3 = t068C: Temperature [ITS-68, deg C]
# name 4 = c0S/m: Conductivity [S/m]
# name 5 = t168C: Temperature, 2 [ITS-68, deg C]
# name 6 = c1S/m: Conductivity, 2 [S/m]
# name 7 = altM: Altimeter [m]
# name 8 = flC: Fluorescence, Chelsea Aqua 3 Chl Con [ug/l]
# name 9 = sbeox0V: Oxygen raw, SBE 43 [V]
# name 10 = sbeox1V: Oxygen raw, SBE 43, 2 [V]
# name 11 = upoly0: Upoly 0, Optode 4330F - O2 D-Phase
# name 12 = upoly1: Upoly 1, Optode 4330F - O2 Temp
# name 13 = latitude: Latitude [deg]
# name 14 = longitude: Longitude [deg]
# name 15 = sal00: Salinity, Practical [PSU]
# name 16 = sal11: Salinity, Practical, 2 [PSU]
# name 17 = potemp068C: Potential Temperature [ITS-68, deg C]
# name 18 = potemp168C: Potential Temperature, 2 [ITS-68, deg C]
# name 19 = sigma-é00: Density [sigma-theta, Kg/m^3]
# name 20 = sigma-é11: Density, 2 [sigma-theta, Kg/m^3]
# name 21 = sbeox0ML/L: Oxygen, SBE 43 [ml/l], WS = 2
# name 22 = sbeox1ML/L: Oxygen, SBE 43, 2 [ml/l], WS = 2
# name 23 = nbin: number of scans per bin
# name 24 = flag: flag
# span 0 =      38831,      70859       
# span 1 =   1617.912,   2952.414       
# span 2 =      1.000,   1168.000       
# span 3 =     1.7087,     8.4248       
# span 4 =   2.987187,   3.514744       
# span 5 =     1.6979,     8.4250       
# span 6 =   2.986047,   3.516919       
# span 7 =       3.59,     102.45       
# span 8 =     0.0080,     0.4386       
# span 9 =     2.5297,     3.5449       
# span 10 =     2.2314,     3.1117      
# span 11 =  30.029680,  34.576759      
# span 12 =  1.9017378,  8.4302807      
# span 13 =   48.03872,   48.03980      
# span 14 =  -46.23536,  -46.23336      
# span 15 =    33.0376,    34.9078      
# span 16 =    33.0374,    34.9073      
# span 17 =     1.7061,     8.4247      
# span 18 =     1.6953,     8.4249      
# span 19 =    25.6703,    27.7520      
# span 20 =    25.6701,    27.7516      
# span 21 =    6.30141,    8.01103      
# span 22 =    6.08641,    8.07450      
# span 23 =         14,         92      
# span 24 = 0.0000e+00, 0.0000e+00      
# interval = decibars: 1                
# start_time = Jul 10 2014 19:45:27 [NMEA time, header]
# bad_flag = -9.990e-29
*END*
[from data line 232]
      44650   1860.393    936.000     3.7452   3.264803     3.7443   3.264661      88.13     0.0152     2.6520     2.3323  34.109142  3.7602589   48.03968  -46.23372    34.8851    34.8844     3.6761     3.6751    27.7282    27.7277    6.49153    6.45345         29 0.0000e+00
      44682   1861.703    935.000     3.7446   3.264692     3.7424   3.264411      98.95     0.0204     2.6528     2.3332  34.102375  3.7590353   48.03968  -46.23372    34.8849    34.8839     3.6755     3.6734    27.7281    27.7274    6.48910    6.45871         31 0.0000e+00
      44709   1862.843    934.000     3.7426   3.264427     3.7405   3.264155      73.08     0.0205     2.6537     2.3344  34.103157  3.7548366   48.03968  -46.23372    34.8844    34.8833     3.6736     3.6716    27.7279    27.7272    6.49530    6.46692         25 0.0000e+00
      44732   1863.812    933.000     3.7395   3.264051     3.7377   3.263805      86.22     0.0172     2.6543     2.3358  34.102566  3.7530260   48.03968  -46.23372    34.8837    34.8827     3.6707     3.6688    27.7276    27.7270    6.49199    6.46823         22 0.0000e+00
      44754   1864.693    932.000     3.7370   3.263740     3.7358   3.263570      98.71     0.0193     2.6545     2.3364  34.103302  3.7570467   48.03968  -46.23372    34.8832    34.8825     3.6682     3.6670    27.7275    27.7270    6.49402    6.46708         20 0.0000e+00
      44773   1865.509    931.000     3.7362   3.263607     3.7352   3.263471      98.63     0.0192     2.6556     2.3371  34.103336  3.7603981   48.03968  -46.23372    34.8830    34.8824     3.6675     3.6666    27.7273    27.7270    6.49573    6.46947         19 0.0000e+00
      44793   1866.325    930.000     3.7356   3.263505     3.7347   3.263371      82.95     0.0147     2.6557     2.3377  34.102573  3.7600472   48.03968  -46.23372    34.8829    34.8823     3.6670     3.6661    27.7273    27.7269    6.49377    6.47108         21 0.0000e+00
      44815   1867.245    929.000     3.7350   3.263408     3.7339   3.263255      98.19     0.0161     2.6562     2.3385  34.102566  3.7531483   48.03968  -46.23374    34.8829    34.8822     3.6665     3.6654    27.7274    27.7270    6.50242    6.46781         24 0.0000e+00
      44841   1868.337    928.000     3.7344   3.263306     3.7328   3.263088      98.63     0.0176     2.6575     2.3386  34.097668  3.7528601   48.03968  -46.23374    34.8828    34.8819     3.6660     3.6644    27.7274    27.7268    6.49927    6.46339         27 0.0000e+00
      44866   1869.384    927.000     3.7333   3.263137     3.7315   3.262904      83.56     0.0183     2.6578     2.3389  34.087826  3.7521303   48.03968  -46.23374    34.8825    34.8817     3.6650     3.6632    27.7272    27.7267    6.49756    6.46899         23 0.0000e+00
      44887   1870.240    926.000     3.7319   3.262934     3.7305   3.262749      96.72     0.0131     2.6580     2.3393  34.087914  3.7521367   48.03968  -46.23374    34.8821    34.8814     3.6636     3.6622    27.7271    27.7266    6.49701    6.46728         19 0.0000e+00
      44906   1871.029    925.000     3.7304   3.262732     3.7291   3.262553      15.41     0.0128     2.6584     2.3395  34.101563  3.7521367   48.03968  -46.23374    34.8818    34.8811     3.6622     3.6610    27.7270    27.7265    6.50430    6.46048         19 0.0000e+00
      44926   1871.855    924.000     3.7297   3.262612     3.7288   3.262470      86.68     0.0168     2.6596     2.3391  34.102547  3.7521367   48.03969  -46.23374    34.8817    34.8809     3.6616     3.6608    27.7269    27.7264    6.51159    6.45954         21 0.0000e+00
      44950   1872.889    923.000     3.7294   3.262534     3.7294   3.262482      93.72     0.0173     2.6607     2.3394  34.084854  3.7514808   48.03970  -46.23374    34.8815    34.8809     3.6614     3.6614    27.7268    27.7263    6.51159    6.46770         29 0.0000e+00
      44979   1874.099    922.000     3.7299   3.262527     3.7301   3.262498      82.95     0.0181     2.6616     2.3400  34.083012  3.7521460   48.03970  -46.23374    34.8815    34.8809     3.6620     3.6622    27.7267    27.7262    6.50228    6.46966         27 0.0000e+00
      45003   1875.102    921.000     3.7307   3.262552     3.7302   3.262466      98.97     0.0154     2.6616     2.3406  34.087296  3.7426581   48.03970  -46.23374    34.8814    34.8809     3.6629     3.6624    27.7266    27.7262    6.50225    6.47040         21 0.0000e+00
      45024   1875.954    920.000     3.7307   3.262512     3.7301   3.262410      98.63     0.0167     2.6617     2.3410  34.087910  3.7423708   48.03970  -46.23374    34.8814    34.8809     3.6630     3.6624    27.7266    27.7262    6.49956    6.46674         21 0.0000e+00
      45045   1876.827    919.000     3.7307   3.262460     3.7304   3.262387      51.89     0.0229     2.6619     2.3410  34.087269  3.7423687   48.03970  -46.23374    34.8813    34.8808     3.6631     3.6627    27.7265    27.7261    6.50076    6.46545         22 0.0000e+00
      45069   1877.851    918.000     3.7312   3.262464     3.7316   3.262464      77.47     0.0208     2.6620     2.3412  34.087898  3.7423687   48.03970  -46.23374    34.8814    34.8809     3.6636     3.6641    27.7265    27.7260    6.50268    6.46016         27 0.0000e+00
      45096   1878.967    917.000     3.7321   3.262521     3.7348   3.262747      98.80     0.0133     2.6626     2.3405  34.058960  3.7423687   48.03970  -46.23374    34.8815    34.8814     3.6646     3.6673    27.7264    27.7261    6.50525    6.45864         25 0.0000e+00
      45119   1879.924    916.000     3.7374   3.262957     3.7405   3.263266      86.26     0.0104     2.6631     2.3410  34.045250  3.7423687   48.03970  -46.23374    34.8817    34.8821     3.6699     3.6730    27.7261    27.7261    6.50831    6.46503         21 0.0000e+00
      45139   1880.739    915.000     3.7426   3.263436     3.7432   3.263479      91.98     0.0147     2.6641     2.3412  34.046257  3.7423687   48.03970  -46.23375    34.8824    34.8822     3.6752     3.6758    27.7261    27.7259    6.50615    6.45934         19 0.0000e+00
      45157   1881.513    914.000     3.7434   3.263487     3.7427   3.263370      98.56     0.0146     2.6640     2.3410  34.044785  3.7434428   48.03970  -46.23376    34.8826    34.8820     3.6761     3.6754    27.7262    27.7258    6.49650    6.45709         18 0.0000e+00
      45176   1882.303    913.000     3.7425   3.263351     3.7404   3.263083      98.63     0.0154     2.6637     2.3412  34.045414  3.7438293   48.03968  -46.23376    34.8825    34.8815     3.6753     3.6732    27.7262    27.7256    6.49809    6.45877         20 0.0000e+00
      45198   1883.193    912.000     3.7407   3.263113     3.7406   3.263076      81.81     0.0180     2.6638     2.3413  34.045235  3.7503231   48.03968  -46.23376    34.8821    34.8817     3.6736     3.6735    27.7260    27.7257    6.49557    6.45578         23 0.0000e+00
      45221   1884.182    911.000     3.7410   3.263078     3.7443   3.263364      98.55     0.0171     2.6644     2.3412  34.045784  3.7509131   48.03968  -46.23376    34.8819    34.8818     3.6739     3.6772    27.7258    27.7254    6.50510    6.46197         24 0.0000e+00
      45247   1885.235    910.000     3.7430   3.263229     3.7462   3.263499      98.63     0.0198     2.6643     2.3423  34.046780  3.7521434   48.03968  -46.23376    34.8821    34.8819     3.6760     3.6792    27.7258    27.7253    6.49846    6.47596         26 0.0000e+00
      45273   1886.345    909.000     3.7456   3.263431     3.7468   3.263505      83.50     0.0184     2.6653     2.3438  34.045025  3.7521367   48.03970  -46.23376    34.8823    34.8819     3.6787     3.6838    27.7256    27.7252    6.50882    6.47750         27 0.0000e+00
      45300   1887.441    908.000     3.7475   3.263569     3.7484   3.263606      84.47     0.0172     2.6663     2.3454  34.044533  3.7521367   48.03970  -46.23376    34.8824    34.8819     3.6807     3.6814    27.7255    27.7250    6.51701    6.49122         25 0.0000e+00
      45323   1888.414    907.000     3.7492   3.263686     3.7499   3.263720      71.18     0.0188     2.6677     2.3473  34.043945  3.7521367   48.03970  -46.23376    34.8825    34.8822     3.6824     3.6830    27.7255    27.7252    6.51983    6.49252         22 0.0000e+00
      45343   1889.265    906.000     3.7500   3.263724     3.7490   3.263569      77.80     0.0187     2.6688     2.3484  34.046139  3.7521367   48.03970  -46.23376    34.8826    34.8818     3.6833     3.6823    27.7254    27.7249    6.52582    6.49309         20 0.0000e+00
      45362   1890.060    905.000     3.7488   3.263555     3.7454   3.263112      98.58     0.0151     2.6705     2.3496  34.044777  3.7521367   48.03970  -46.23376    34.8824    34.8808     3.6821     3.6787    27.7254    27.7245    6.53232    6.49140         18 0.0000e+00
      45382   1890.866    904.000     3.7439   3.262980     3.7325   3.261671      98.63     0.0133     2.6718     2.3499  34.043945  3.7565994   48.03970  -46.23376    34.8813    34.8783     3.6774     3.6689    27.7250    27.7238    6.52886    6.48653         20 0.0000e+00
      45403   1891.756    903.000     3.7345   3.261994     3.7245   3.260872      89.77     0.0132     2.6725     2.3506  34.043957  3.7593760   48.03970  -46.23376    34.8800    34.8773     3.6681     3.6581    27.7249    27.7238    6.52705    6.49423         23 0.0000e+00
      45428   1892.782    902.000     3.7292   3.261374     3.7193   3.260293      71.47     0.0159     2.6732     2.3515  34.038830  3.7547169   48.03970  -46.23376    34.8788    34.8765     3.6629     3.6531    27.7245    27.7236    6.52320    6.50422         26 0.0000e+00
      45453   1893.821    901.000     3.7224   3.260627     3.7177   3.260090      91.99     0.0162     2.6735     2.3530  34.035995  3.7521148   48.03970  -46.23377    34.8777    34.8763     3.6562     3.6516    27.7242    27.7236    6.52801    6.50496         24 0.0000e+00
      45475   1894.746    900.000     3.7205   3.260384     3.7218   3.260484      98.61     0.0162     2.6744     2.3537  34.041145  3.7521367   48.03971  -46.23378    34.8773    34.8771     3.6544     3.6557    27.7241    27.7239    6.52796    6.49858         21 0.0000e+00
      45496   1895.616    899.000     3.7236   3.260643     3.7264   3.260885      94.20     0.0132     2.6742     2.3537  34.042549  3.7498341   48.03972  -46.23378    34.8776    34.8775     3.6576     3.6604    27.7240    27.7237    6.52073    6.49408         21 0.0000e+00
      45518   1896.526    898.000     3.7263   3.260864     3.7263   3.260816      83.72     0.0115     2.6747     2.3538  34.043934  3.7479219   48.03972  -46.23378    34.8779    34.8773     3.6603     3.6604    27.7240    27.7236    6.52309    6.49022         23 0.0000e+00
      45543   1897.587    897.000     3.7263   3.260828     3.7258   3.260724      98.39     0.0126     2.6744     2.3534  34.042412  3.7424581   48.03972  -46.23378    34.8779    34.8773     3.6605     3.6600    27.7240    27.7236    6.51388    6.48546         28 0.0000e+00
      45571   1898.765    896.000     3.7261   3.260766     3.7268   3.260788      88.37     0.0136     2.6743     2.3531  34.035179  3.7423687   48.03972  -46.23378    34.8779    34.8775     3.6604     3.6610    27.7240    27.7236    6.52060    6.48347         27 0.0000e+00
      45596   1899.787    895.000     3.7280   3.260916     3.7388   3.261988      80.60     0.0144     2.6749     2.3525  34.029209  3.7423687   48.03972  -46.23378    34.8782    34.8796     3.6623     3.6730    27.7241    27.7241    6.52101    6.48154         22 0.0000e+00
      45616   1900.633    894.000     3.7425   3.262311     3.7505   3.263106      56.73     0.0179     2.6742     2.3526  34.019188  3.7423687   48.03972  -46.23378    34.8800    34.8810     3.6768     3.6847    27.7240    27.7240    6.50880    6.48471         19 0.0000e+00
      45634   1901.393    893.000     3.7490   3.262898     3.7488   3.262840      98.47     0.0177     2.6748     2.3529  33.997639  3.7423687   48.03972  -46.23378    34.8806    34.8802     3.6833     3.6831    27.7239    27.7235    6.50853    6.48774         18 0.0000e+00
      45652   1902.127    892.000     3.7479   3.262766     3.7476   3.262700      75.28     0.0172     2.6738     2.3534  33.999939  3.7423687   48.03972  -46.23378    34.8807    34.8802     3.6823     3.6849    27.7240    27.7237    6.50924    6.48758         18 0.0000e+00
      45671   1902.918    891.000     3.7488   3.262807     3.7523   3.263142      96.45     0.0173     2.6747     2.3536  33.990711  3.7452269   48.03972  -46.23379    34.8807    34.8810     3.6833     3.6869    27.7240    27.7238    6.51561    6.47908         20 0.0000e+00
      45694   1903.855    890.000     3.7523   3.263101     3.7575   3.263608      98.60     0.0177     2.6747     2.3530  33.988323  3.7458730   48.03972  -46.23380    34.8811    34.8816     3.6868     3.6920    27.7239    27.7238    6.50491    6.47120         25 0.0000e+00
      45721   1904.987    889.000     3.7548   3.263315     3.7595   3.263742      81.80     0.0157     2.6737     2.3526  33.995342  3.7504258   48.03973  -46.23380    34.8815    34.8816     3.6894     3.6940    27.7239    27.7236    6.50010    6.47359         28 0.0000e+00
      45747   1906.101    888.000     3.7593   3.263704     3.7606   3.263829      98.64     0.0184     2.6741     2.3529  33.997097  3.7521644   48.03974  -46.23380    34.8819    34.8819     3.6939     3.6953    27.7238    27.7237    6.50852    6.48069         25 0.0000e+00
      45772   1907.106    887.000     3.7606   3.263787     3.7630   3.264022      98.64     0.0194     2.6743     2.3536  33.986546  3.7611098   48.03974  -46.23380    34.8820    34.8822     3.6953     3.6977    27.7238    27.7237    6.50915    6.48787         24 0.0000e+00
      45795   1908.081    886.000     3.7627   3.263962     3.7653   3.264192      98.63     0.0214     2.6750     2.3546  33.985985  3.7619026   48.03974  -46.23380    34.8824    34.8824     3.6975     3.7000    27.7238    27.7236    6.51523    6.48727         23 0.0000e+00
      45818   1909.058    885.000     3.7637   3.264030     3.7660   3.264219      98.63     0.0187     2.6757     2.3549  33.985336  3.7619047   48.03974  -46.23380    34.8826    34.8824     3.6986     3.7009    27.7239    27.7235    6.51049    6.47979         23 0.0000e+00
      45841   1909.996    884.000     3.7648   3.264091     3.7644   3.263974      80.46     0.0205     2.6762     2.3549  33.986702  3.7619047   48.03974  -46.23380    34.8826    34.8818     3.6998     3.6993    27.7238    27.7232    6.51648    6.47742         22 0.0000e+00
      45861   1910.830    883.000     3.7645   3.264010     3.7596   3.263423      93.32     0.0171     2.6770     2.3549  33.986889  3.7654881   48.03974  -46.23381    34.8826    34.8807     3.6995     3.6947    27.7238    27.7228    6.51321    6.47368         19 0.0000e+00
      45879   1911.592    882.000     3.7605   3.263544     3.7564   3.263059      98.55     0.0111     2.6769     2.3547  33.985371  3.7646317   48.03974  -46.23382    34.8818    34.8803     3.6956     3.6916    27.7236    27.7228    6.51174    6.46979         18 0.0000e+00
      45897   1912.334    881.000     3.7581   3.263266     3.7555   3.262916      98.63     0.0097     2.6776     2.3542  33.985348  3.7646182   48.03974  -46.23382    34.8815    34.8801     3.6934     3.6907    27.7236    27.7227    6.51954    6.47242         18 0.0000e+00
      45916   1913.124    880.000     3.7570   3.263077     3.7565   3.262977      74.49     0.0098     2.6781     2.3545  33.987484  3.7648292   48.03974  -46.23382    34.8810    34.8804     3.6923     3.6918    27.7233    27.7228    6.51614    6.48399         20 0.0000e+00
