data/CTD/2013/CNV/D021A019.CNV
* Sea-Bird SBE 9 Data File:
* FileName = C:\CTD_ACQUISITION\2013021HUD\ctddata\021A019.hdr
* Software Version Seasave V 7.22.2
* Temperature SN = 5081
* Conductivity SN = 3561
* Number of Bytes Per Scan = 37
* Number of Voltage Words = 4
* Number of Scans Averaged by the Deck Unit = 1
* NMEA Latitude = 47 00.00 N
* NMEA Longitude = 046 40.17 W
* NMEA UTC (Time) = Jul 02 2013 04:50:47
* NMEA baud rate = 9600
** Ship: Hudson
** Cruise: HUD2013021
** Chief_Scientist: Greenan
** Organization: BIO
** Area_of_Operation: Sackville Spur
** Station: 19
** Sounding:  919
** Event_Comments: FC19  393125
# nquan = 25
# nvalues = 941                         
# units = specified
# name 0 = scan: Scan Count
# name 1 = timeS: Time, Elapsed [seconds]
# name 2 = prDM: Pressure, Digiquartz [db]
# name 3 = t068C: Temperature [ITS-68, deg C]
# name 4 = c0S/m: Conductivity [S/m]
# name 5 = t168C: Temperature, 2 [ITS-68, deg C]
# name 6 = c1S/m: Conductivity, 2 [S/m]
# name 7 = altM: Altimeter [m]
# name 8 = flCUVA: Fluorescence, Chelsea UV Aquatracka [ug/l]
# name 9 = sbeox0V: Oxygen raw, SBE 43 [V]
# name 10 = sbeox1V: Oxygen raw, SBE 43, 2 [V]
# name 11 = upoly0: Upoly 0, Optode 4330F - O2 D-Phase
# name 12 = upoly1: Upoly 1, Optode 4330F - O2 Temp
# name 13 = latitude: Latitude [deg]
# name 14 = longitude: Longitude [deg]
# name 15 = sal00: Salinity, Practical [PSU]
# name 16 = sal11: Salinity, Practical, 2 [PSU]
# name 17 = potemp068C: Potential Temperature [ITS-68, deg C]
# name 18 = potemp168C: Potential Temperature, 2 [ITS-68, deg C]
# name 19 = sigma-é00: Density [sigma-theta, Kg/m^3]
# name 20 = sigma-é11: Density, 2 [sigma-theta, Kg/m^3]
# name 21 = sbeox0ML/L: Oxygen, SBE 43 [ml/l], WS = 2
# name 22 = sbeox1ML/L: Oxygen, SBE 43, 2 [ml/l], WS = 2
# name 23 = nbin: number of scans per bin
# name 24 = flag: flag
# span 0 =       8830,      31053       
# span 1 =    367.871,   1293.826       
# span 2 =      3.000,    943.000       
# span 3 =     0.9295,     6.2461       
# span 4 =   2.857867,   3.356310       
# span 5 =     0.9339,     6.2451       
# span 6 =   2.859972,   3.357593       
# span 7 =       6.30,      99.72       
# span 8 =     0.0058,     0.1521       
# span 9 =     2.6045,     3.3712       
# span 10 =     2.3407,     3.0031      
# span 11 =  1.7213909,  2.0565710      
# span 12 =  0.8060648,  1.4113976      
# span 13 =   47.00120,   47.00274      
# span 14 =  -46.66990,  -46.66890      
# span 15 =    32.7719,    34.9374      
# span 16 =    32.7864,    34.9529      
# span 17 =     0.9281,     6.2457      
# span 18 =     0.9325,     6.2446      
# span 19 =    25.7620,    27.7349      
# span 20 =    25.7736,    27.7475      
# span 21 =    5.29744,    7.59281      
# span 22 =    5.46595,    7.75117      
# span 23 =         11,         96      
# span 24 = 0.0000e+00, 0.0000e+00      
# interval = decibars: 1                
# start_time = Jul 02 2013 04:50:47 [NMEA time, header]
# bad_flag = -9.990e-29
*END*
[from data line 348]
      18629    776.163    351.000     4.4854   3.305851     4.4849   3.307100      96.42     0.0152     2.7424     2.4583  1.9865712  1.1744554   47.00136  -46.66966    34.8930    34.9082     4.4590     4.4585    27.6519    27.6640    5.87155    6.03512         25 0.0000e+00
      18653    777.176    352.000     4.4898   3.306356     4.4901   3.307687      96.01     0.0129     2.7447     2.4609  1.9865689  1.1794786   47.00136  -46.66966    34.8938    34.9092     4.4633     4.4636    27.6521    27.6642    5.87759    6.05093         23 0.0000e+00
      18676    778.126    353.000     4.4944   3.306906     4.4937   3.308141      96.72     0.0093     2.7465     2.4627  1.9865689  1.1819862   47.00136  -46.66966    34.8951    34.9101     4.4676     4.4671    27.6526    27.6646    5.88249    6.03831         22 0.0000e+00
      18696    778.960    354.000     4.5208   3.309755     4.5204   3.311011      83.60     0.0098     2.7489     2.4632  1.9861183  1.1830236   47.00136  -46.66966    34.8999    34.9150     4.4941     4.4937    27.6535    27.6656    5.88463    6.03337         19 0.0000e+00
      18714    779.708    355.000     4.5031   3.308017     4.5053   3.309552      84.11     0.0119     2.7501     2.4642  1.9856358  1.1843698   47.00136  -46.66966    34.8977    34.9134     4.4763     4.4785    27.6537    27.6659    5.88471    6.04831         17 0.0000e+00
      18732    780.444    356.000     4.4499   3.302880     4.4499   3.304215      96.24     0.0118     2.7511     2.4655  1.9858245  1.1843712   47.00136  -46.66966    34.8930    34.9086     4.4232     4.4232    27.6558    27.6682    5.90172    6.06820         18 0.0000e+00
      18751    781.236    357.000     4.4450   3.302426     4.4447   3.303743      96.32     0.0155     2.7529     2.4674  1.9865756  1.1862807   47.00136  -46.66966    34.8923    34.9080     4.4182     4.4179    27.6558    27.6683    5.90986    6.07485         20 0.0000e+00
      18771    782.083    358.000     4.4467   3.302673     4.4466   3.303984      79.23     0.0108     2.7548     2.4692  1.9867433  1.1869296   47.00136  -46.66966    34.8928    34.9084     4.4199     4.4197    27.6560    27.6684    5.91156    6.08782         21 0.0000e+00
      18791    782.904    359.000     4.4472   3.302770     4.4471   3.304079      84.05     0.0115     2.7557     2.4716  1.9861922  1.1849177   47.00136  -46.66966    34.8929    34.9084     4.4203     4.4201    27.6560    27.6684    5.90930    6.08921         19 0.0000e+00
      18809    783.671    360.000     4.4476   3.302875     4.4473   3.304167      94.07     0.0110     2.7567     2.4725  1.9852998  1.1819936   47.00136  -46.66966    34.8932    34.9086     4.4206     4.4203    27.6562    27.6686    5.89559    6.07525         18 0.0000e+00
      18827    784.415    361.000     4.4456   3.302746     4.4451   3.304029      71.36     0.0102     2.7557     2.4727  1.9852762  1.1819292   47.00136  -46.66966    34.8933    34.9089     4.4185     4.4180    27.6566    27.6690    5.88503    6.06569         17 0.0000e+00
      18845    785.184    362.000     4.4427   3.302555     4.4426   3.303857      95.99     0.0132     2.7550     2.4721  1.9861374  1.1811395   47.00136  -46.66966    34.8936    34.9090     4.4156     4.4154    27.6571    27.6694    5.88681    6.06498         20 0.0000e+00
      18866    786.044    363.000     4.4432   3.302698     4.4426   3.303943      95.77     0.0169     2.7544     2.4720  1.9865055  1.1809345   47.00136  -46.66966    34.8941    34.9094     4.4160     4.4154    27.6575    27.6697    5.88227    6.05634         22 0.0000e+00
      18890    787.030    364.000     4.4465   3.303102     4.4459   3.304374      80.18     0.0166     2.7528     2.4701  1.9865682  1.1808074   47.00136  -46.66966    34.8949    34.9104     4.4192     4.4186    27.6578    27.6702    5.87189    6.03751         25 0.0000e+00
      18915    788.068    365.000     4.4496   3.303499     4.4489   3.304728      93.40     0.0168     2.7510     2.4679  1.9865689  1.1807077   47.00136  -46.66966    34.8958    34.9109     4.4222     4.4215    27.6581    27.6702    5.87178    6.03956         24 0.0000e+00
      18938    789.046    366.000     4.4811   3.306984     4.4746   3.307492      80.50     0.0175     2.7502     2.4671  1.9847466  1.1807652   47.00136  -46.66966    34.9020    34.9157     4.4544     4.4470    27.6596    27.6713    5.86941    6.03874         22 0.0000e+00
      18958    789.891    367.000     4.4974   3.308629     4.4961   3.309806      90.07     0.0142     2.7494     2.4660  1.9833298  1.1808380   47.00137  -46.66966    34.9045    34.9197     4.4696     4.4684    27.6599    27.6721    5.85770    6.03078         19 0.0000e+00
      18976    790.621    368.000     4.4916   3.308134     4.4918   3.309469      95.80     0.0187     2.7482     2.4651  1.9831941  1.1810662   47.00138  -46.66966    34.9042    34.9196     4.4638     4.4640    27.6603    27.6725    5.85683    6.03301         17 0.0000e+00
      18992    791.288    369.000     4.4908   3.308124     4.4907   3.309434      96.03     0.0189     2.7474     2.4649  1.9829078  1.1834610   47.00138  -46.66966    34.9045    34.9199     4.4630     4.4629    27.6606    27.6728    5.85500    6.03706         15 0.0000e+00
      19008    791.947    370.000     4.4900   3.308103     4.4898   3.309399      83.55     0.0161     2.7453     2.4644  1.9829060  1.1833776   47.00138  -46.66966    34.9045    34.9199     4.4621     4.4619    27.6607    27.6729    5.85590    6.03597         16 0.0000e+00
      19025    792.648    371.000     4.4894   3.308116     4.4894   3.309434      80.31     0.0123     2.7460     2.4642  1.9828379  1.1834216   47.00138  -46.66966    34.9048    34.9203     4.4614     4.4614    27.6610    27.6734    5.86699    6.04213         18 0.0000e+00
      19044    793.456    372.000     4.4900   3.308252     4.4891   3.309479      95.79     0.0132     2.7454     2.4645  1.9816889  1.1855847   47.00138  -46.66966    34.9053    34.9206     4.4619     4.4610    27.6613    27.6736    5.87565    6.05717         21 0.0000e+00
      19067    794.400    373.000     4.4915   3.308464     4.4909   3.309735      95.85     0.0146     2.7469     2.4655  1.9816849  1.1855922   47.00138  -46.66966    34.9057    34.9211     4.4633     4.4628    27.6615    27.6738    5.89459    6.06001         24 0.0000e+00
      19089    795.328    374.000     4.4916   3.308537     4.4915   3.309855      95.93     0.0135     2.7489     2.4665  1.9827828  1.1855922   47.00138  -46.66968    34.9058    34.9214     4.4634     4.4633    27.6616    27.6740    5.90245    6.06278         21 0.0000e+00
      19109    796.174    375.000     4.4915   3.308588     4.4913   3.309888      95.86     0.0127     2.7507     2.4667  1.9829042  1.1855922   47.00138  -46.66968    34.9060    34.9214     4.4632     4.4630    27.6618    27.6740    5.90311    6.06074         20 0.0000e+00
      19129    797.008    376.000     4.4902   3.308506     4.4902   3.309822      80.21     0.0147     2.7512     2.4674  1.9829060  1.1855922   47.00138  -46.66968    34.9059    34.9213     4.4618     4.4618    27.6618    27.6741    5.90217    6.06415         20 0.0000e+00
      19151    797.917    377.000     4.4852   3.308054     4.4868   3.309535      89.04     0.0157     2.7529     2.4679  1.9829060  1.1855922   47.00138  -46.66968    34.9053    34.9210     4.4568     4.4584    27.6619    27.6742    5.90938    6.06759         23 0.0000e+00
      19175    798.920    378.000     4.4783   3.307467     4.4780   3.308759      96.45     0.0161     2.7535     2.4686  1.9823668  1.1855922   47.00138  -46.66968    34.9052    34.9206     4.4498     4.4495    27.6626    27.6749    5.89602    6.07611         25 0.0000e+00
      19197    799.852    379.000     4.4796   3.307695     4.4793   3.308986      86.51     0.0164     2.7527     2.4697  1.9816862  1.1855922   47.00138  -46.66968    34.9060    34.9214     4.4510     4.4507    27.6631    27.6754    5.90016    6.08036         20 0.0000e+00
      19216    800.604    380.000     4.4816   3.307955     4.4814   3.309258      77.52     0.0190     2.7540     2.4703  1.9816849  1.1855922   47.00138  -46.66968    34.9064    34.9219     4.4529     4.4527    27.6632    27.6756    5.91122    6.07716         16 0.0000e+00
      19231    801.253    381.000     4.4819   3.308042     4.4817   3.309337      96.02     0.0178     2.7542     2.4705  1.9831558  1.1853471   47.00138  -46.66968    34.9065    34.9220     4.4532     4.4529    27.6633    27.6756    5.90994    6.07506         15 0.0000e+00
      19246    801.875    382.000     4.4808   3.307994     4.4806   3.309285      86.78     0.0152     2.7547     2.4705  1.9829874  1.1851039   47.00138  -46.66968    34.9066    34.9220     4.4520     4.4517    27.6635    27.6758    5.91138    6.07517         15 0.0000e+00
      19263    802.565    383.000     4.4773   3.307706     4.4768   3.308993      77.11     0.0155     2.7550     2.4708  1.9833463  1.1852666   47.00138  -46.66968    34.9064    34.9220     4.4484     4.4479    27.6637    27.6762    5.90306    6.08159         19 0.0000e+00
      19287    803.588    384.000     4.4735   3.307370     4.4733   3.308687      94.96     0.0187     2.7544     2.4717  1.9818126  1.1848172   47.00138  -46.66968    34.9060    34.9216     4.4445     4.4443    27.6638    27.6763    5.90694    6.09188         32 0.0000e+00
      19319    804.905    385.000     4.4671   3.306813     4.4674   3.308166      84.37     0.0150     2.7549     2.4729  1.9810473  1.1845983   47.00139  -46.66968    34.9057    34.9212     4.4381     4.4384    27.6643    27.6766    5.91318    6.09098         26 0.0000e+00
      19339    805.751    386.000     4.4614   3.306299     4.4615   3.307640      83.15     0.0162     2.7555     2.4731  1.9800575  1.1843653   47.00140  -46.66968    34.9051    34.9207     4.4323     4.4324    27.6645    27.6768    5.91497    6.08803         16 0.0000e+00
      19354    806.368    387.000     4.4526   3.305469     4.4535   3.306889      96.19     0.0166     2.7554     2.4731  1.9801158  1.1843712   47.00140  -46.66968    34.9041    34.9198     4.4235     4.4244    27.6646    27.6770    5.91361    6.08939         14 0.0000e+00
      19367    806.908    388.000     4.4463   3.304932     4.4463   3.306271      96.23     0.0186     2.7548     2.4731  1.9804586  1.1843712   47.00140  -46.66968    34.9039    34.9196     4.4171     4.4171    27.6652    27.6776    5.91337    6.08937         13 0.0000e+00
      19380    807.441    389.000     4.4462   3.304976     4.4460   3.306309      96.93     0.0203     2.7555     2.4729  1.9816468  1.1841892   47.00140  -46.66968    34.9040    34.9198     4.4170     4.4168    27.6653    27.6778    5.91722    6.08656         13 0.0000e+00
      19394    808.037    390.000     4.4460   3.305007     4.4459   3.306342      96.60     0.0196     2.7552     2.4727  1.9816849  1.1842902   47.00140  -46.66968    34.9040    34.9198     4.4167     4.4166    27.6653    27.6778    5.91742    6.08686         16 0.0000e+00
      19418    809.059    391.000     4.4427   3.304727     4.4430   3.306081      96.62     0.0197     2.7555     2.4726  1.9810020  1.1830250   47.00140  -46.66968    34.9037    34.9193     4.4133     4.4136    27.6654    27.6778    5.92265    6.09357         38 0.0000e+00
      19458    810.692    392.000     4.4432   3.304877     4.4422   3.306098      77.08     0.0173     2.7556     2.4729  1.9802021  1.1818566   47.00140  -46.66968    34.9044    34.9198     4.4137     4.4127    27.6660    27.6783    5.91773    6.09159         29 0.0000e+00
      19480    811.627    393.000     4.4495   3.305626     4.4488   3.306871      97.06     0.0172     2.7552     2.4723  1.9792202  1.1819292   47.00140  -46.66968    34.9061    34.9214     4.4199     4.4192    27.6666    27.6789    5.90523    6.07079         20 0.0000e+00
      19497    812.351    394.000     4.4510   3.305862     4.4510   3.307168      96.00     0.0157     2.7543     2.4705  1.9791670  1.1819292   47.00140  -46.66968    34.9067    34.9220     4.4214     4.4213    27.6669    27.6791    5.89154    6.05367         16 0.0000e+00
      19513    812.997    395.000     4.4519   3.306003     4.4518   3.307310      79.83     0.0136     2.7524     2.4682  1.9780275  1.1819292   47.00142  -46.66968    34.9069    34.9223     4.4222     4.4221    27.6670    27.6792    5.87523    6.04394         15 0.0000e+00
      19528    813.630    396.000     4.4527   3.306150     4.4524   3.307436      67.04     0.0139     2.7499     2.4667  1.9767911  1.1819292   47.00142  -46.66968    34.9072    34.9226     4.4229     4.4226    27.6672    27.6794    5.86453    6.04214         15 0.0000e+00
      19544    814.311    397.000     4.4545   3.306394     4.4541   3.307675      96.05     0.0152     2.7472     2.4648  1.9768009  1.1819292   47.00142  -46.66968    34.9076    34.9231     4.4246     4.4242    27.6673    27.6796    5.86084    6.04400         18 0.0000e+00
      19564    815.132    398.000     4.4594   3.306977     4.4588   3.308226      74.59     0.0162     2.7451     2.4637  1.9776156  1.1819292   47.00142  -46.66968    34.9088    34.9241     4.4294     4.4288    27.6677    27.6799    5.87778    6.06667         23 0.0000e+00
      19593    816.338    399.000     4.4685   3.307994     4.4678   3.309235      95.76     0.0181     2.7454     2.4645  1.9778043  1.1819292   47.00142  -46.66968    34.9107    34.9259     4.4383     4.4376    27.6682    27.6804    5.89436    6.07207         34 0.0000e+00
      19623    817.572    400.000     4.4900   3.310369     4.4867   3.311317      96.70     0.0188     2.7455     2.4646  1.9740906  1.1819292   47.00142  -46.66968    34.9152    34.9299     4.4598     4.4564    27.6695    27.6815    5.89224    6.07163         22 0.0000e+00
      19641    818.329    401.000     4.4956   3.311033     4.4943   3.312207      62.45     0.0203     2.7456     2.4644  1.9749068  1.1819292   47.00144  -46.66968    34.9166    34.9317     4.4652     4.4640    27.6700    27.6821    5.89186    6.06796         16 0.0000e+00
      19655    818.905    402.000     4.4977   3.311329     4.4971   3.312586      96.34     0.0202     2.7451     2.4653  1.9750741  1.1826527   47.00144  -46.66968    34.9174    34.9327     4.4672     4.4667    27.6704    27.6826    5.89346    6.06710         12 0.0000e+00
      19667    819.405    403.000     4.4990   3.311571     4.4983   3.312822      96.63     0.0190     2.7463     2.4648  1.9768338  1.1844041   47.00144  -46.66968    34.9183    34.9337     4.4684     4.4678    27.6710    27.6833    5.89428    6.06741         12 0.0000e+00
      19678    819.883    404.000     4.4900   3.310671     4.4926   3.312266      88.64     0.0173     2.7455     2.4641  1.9768009  1.1843712   47.00144  -46.66968    34.9167    34.9327     4.4594     4.4620    27.6707    27.6831    5.88582    6.06653         11 0.0000e+00
      19690    820.382    405.000     4.4659   3.308336     4.4686   3.309916      61.06     0.0147     2.7454     2.4650  1.9768962  1.1843712   47.00144  -46.66968    34.9142    34.9299     4.4354     4.4380    27.6713    27.6836    5.88585    6.06510         13 0.0000e+00
      19705    820.991    406.000     4.4628   3.308095     4.4629   3.309442      94.15     0.0149     2.7447     2.4634  1.9780343  1.1849533   47.00144  -46.66968    34.9141    34.9298     4.4322     4.4322    27.6716    27.6841    5.88120    6.04960         18 0.0000e+00
      19743    822.598    407.000     4.4632   3.308165     4.4634   3.309491      85.19     0.0118     2.7424     2.4607  1.9793341  1.1849085   47.00144  -46.66968    34.9140    34.9294     4.4325     4.4326    27.6715    27.6837    5.88111    6.04846         45 0.0000e+00
