data/CTD/2013/CNV/D021A048.CNV
* Sea-Bird SBE 9 Data File:
* FileName = C:\CTD_ACQUISITION\2013021HUD\ctddata\021A048.hdr
* Software Version Seasave V 7.22.2
* Temperature SN = 5081
* Conductivity SN = 3561
* Number of Bytes Per Scan = 37
* Number of Voltage Words = 4
* Number of Scans Averaged by the Deck Unit = 1
* NMEA Latitude = 48 58.29 N
* NMEA Longitude = 045 52.31 W
* NMEA UTC (Time) = Jul 04 2013 20:38:06
* NMEA baud rate = 9600
** Ship: Hudson
** Cruise: HUD2013021
** Chief_Scientist: Greenan
** Organization: BIO
** Area_of_Operation: Sackville Spur
** Station: 48
** Sounding:  2567
** Event_Comments: SS29  393205
# nquan = 25
# nvalues = 2561                        
# units = specified
# name 0 = scan: Scan Count
# name 1 = timeS: Time, Elapsed [seconds]
# name 2 = prDM: Pressure, Digiquartz [db]
# name 3 = t068C: Temperature [ITS-68, deg C]
# name 4 = c0S/m: Conductivity [S/m]
# name 5 = t168C: Temperature, 2 [ITS-68, deg C]
# name 6 = c1S/m: Conductivity, 2 [S/m]
# name 7 = altM: Altimeter [m]
# name 8 = flCUVA: Fluorescence, Chelsea UV Aquatracka [ug/l]
# name 9 = sbeox0V: Oxygen raw, SBE 43 [V]
# name 10 = sbeox1V: Oxygen raw, SBE 43, 2 [V]
# name 11 = upoly0: Upoly 0, Optode 4330F - O2 D-Phase
# name 12 = upoly1: Upoly 1, Optode 4330F - O2 Temp
# name 13 = latitude: Latitude [deg]
# name 14 = longitude: Longitude [deg]
# name 15 = sal00: Salinity, Practical [PSU]
# name 16 = sal11: Salinity, Practical, 2 [PSU]
# name 17 = potemp068C: Potential Temperature [ITS-68, deg C]
# name 18 = potemp168C: Potential Temperature, 2 [ITS-68, deg C]
# name 19 = sigma-é00: Density [sigma-theta, Kg/m^3]
# name 20 = sigma-é11: Density, 2 [sigma-theta, Kg/m^3]
# name 21 = sbeox0ML/L: Oxygen, SBE 43 [ml/l], WS = 2
# name 22 = sbeox1ML/L: Oxygen, SBE 43, 2 [ml/l], WS = 2
# name 23 = nbin: number of scans per bin
# name 24 = flag: flag
# span 0 =      21398,      78721       
# span 1 =    891.537,   3279.993       
# span 2 =      3.000,   2563.000       
# span 3 =    -1.1682,     8.9492       
# span 4 =   3.162315,   3.625824       
# span 5 =     2.3208,     8.9489       
# span 6 =   3.163605,   3.627174       
# span 7 =       2.32,      99.77       
# span 8 =     0.0039,     0.8886       
# span 9 =     2.1762,     3.3872       
# span 10 =     1.9582,     3.0264      
# span 11 =  1.6630823,  2.1111143      
# span 12 =  0.9144790,  1.7490210      
# span 13 =   48.97214,   48.97364      
# span 14 =  -45.87459,  -45.87250      
# span 15 =    33.8300,    41.0421      
# span 16 =    33.8504,    34.9379      
# span 17 =    -1.2341,     8.9488      
# span 18 =     2.1299,     8.9484      
# span 19 =    26.4345,    33.0413      
# span 20 =    26.4458,    27.9001      
# span 21 =  -24.00507,    6.85705      
# span 22 =    6.09567,    6.98603      
# span 23 =         12,         87      
# span 24 = 0.0000e+00, 0.0000e+00      
# interval = decibars: 1                
# start_time = Jul 04 2013 20:38:06 [NMEA time, header]
# bad_flag = -9.990e-29
*END*
[from data line 1102]
      47035   1959.760   1105.000     3.7229   3.272465     3.7227   3.273790      97.08     0.0145     2.5419     2.2855  2.0183599  1.0903541   48.97248  -45.87328    34.9131    34.9290     3.6400     3.6398    27.7541    27.7668    5.94139    6.15134         28 0.0000e+00
      47059   1960.748   1106.000     3.7201   3.272274     3.7197   3.273592      79.12     0.0150     2.5409     2.2848  2.0183764  1.0903541   48.97248  -45.87328    34.9133    34.9293     3.6371     3.6368    27.7546    27.7673    5.94604    6.15505         20 0.0000e+00
      47077   1961.519   1107.000     3.7190   3.272234     3.7185   3.273541      96.01     0.0136     2.5410     2.2847  2.0184505  1.0903541   48.97248  -45.87328    34.9135    34.9295     3.6360     3.6354    27.7548    27.7676    5.94398    6.16154         18 0.0000e+00
      47094   1962.229   1108.000     3.7186   3.272236     3.7181   3.273554      96.52     0.0158     2.5402     2.2848  2.0185981  1.0903541   48.97248  -45.87328    34.9134    34.9296     3.6355     3.6350    27.7548    27.7677    5.94377    6.16550         17 0.0000e+00
      47112   1962.961   1109.000     3.7178   3.272224     3.7174   3.273539      96.53     0.0167     2.5404     2.2849  2.0195796  1.0899570   48.97248  -45.87328    34.9136    34.9296     3.6347     3.6342    27.7550    27.7678    5.94628    6.16736         18 0.0000e+00
      47132   1963.807   1110.000     3.7177   3.272259     3.7172   3.273562      91.27     0.0135     2.5399     2.2851  2.0209692  1.0891941   48.97248  -45.87328    34.9137    34.9296     3.6344     3.6339    27.7551    27.7679    5.94508    6.16251         22 0.0000e+00
      47157   1964.842   1111.000     3.7178   3.272310     3.7173   3.273615      96.59     0.0127     2.5394     2.2847  2.0204358  1.0891327   48.97248  -45.87329    34.9137    34.9296     3.6344     3.6339    27.7551    27.7679    5.94245    6.15578         27 0.0000e+00
      47185   1965.983   1112.000     3.7178   3.272355     3.7173   3.273664      96.42     0.0137     2.5386     2.2839  2.0184391  1.0891331   48.97248  -45.87330    34.9136    34.9297     3.6344     3.6339    27.7551    27.7679    5.93663    6.14992         28 0.0000e+00
      47211   1967.100   1113.000     3.7177   3.272391     3.7172   3.273705      91.92     0.0067     2.5379     2.2829  2.0191579  1.0891331   48.97248  -45.87330    34.9136    34.9298     3.6342     3.6337    27.7551    27.7680    5.93222    6.14844         26 0.0000e+00
      47235   1968.101   1114.000     3.7175   3.272426     3.7171   3.273734      78.13     0.0081     2.5369     2.2822  2.0195348  1.0891331   48.97248  -45.87330    34.9137    34.9297     3.6339     3.6335    27.7552    27.7680    5.93698    6.14027         22 0.0000e+00
      47255   1968.932   1115.000     3.7171   3.272438     3.7167   3.273750      64.84     0.0099     2.5367     2.2811  2.0198054  1.0891331   48.97248  -45.87330    34.9138    34.9298     3.6334     3.6330    27.7553    27.7681    5.94206    6.14040         18 0.0000e+00
      47272   1969.640   1116.000     3.7163   3.272424     3.7159   3.273736      90.59     0.0145     2.5365     2.2806  2.0202951  1.0891331   48.97248  -45.87330    34.9140    34.9300     3.6326     3.6321    27.7556    27.7684    5.94595    6.14032         16 0.0000e+00
      47288   1970.297   1117.000     3.7150   3.272363     3.7146   3.273691      91.09     0.0140     2.5369     2.2798  2.0204325  1.0891331   48.97248  -45.87330    34.9141    34.9303     3.6312     3.6308    27.7558    27.7687    5.94578    6.13818         15 0.0000e+00
      47304   1970.962   1118.000     3.7126   3.272216     3.7124   3.273544      96.54     0.0119     2.5365     2.2794  2.0209756  1.0891331   48.97248  -45.87330    34.9144    34.9304     3.6287     3.6284    27.7563    27.7691    5.94131    6.14259         17 0.0000e+00
      47322   1971.725   1119.000     3.7116   3.272169     3.7112   3.273491      90.29     0.0136     2.5362     2.2790  2.0219467  1.0891331   48.97248  -45.87330    34.9144    34.9305     3.6276     3.6273    27.7564    27.7692    5.93465    6.14243         21 0.0000e+00
      47348   1972.812   1120.000     3.7105   3.272106     3.7102   3.273437      96.27     0.0131     2.5349     2.2782  2.0223815  1.0887663   48.97248  -45.87330    34.9144    34.9305     3.6264     3.6261    27.7565    27.7693    5.92778    6.13724         32 0.0000e+00
      47380   1974.137   1121.000     3.7093   3.272053     3.7089   3.273382      87.03     0.0145     2.5338     2.2771  2.0232339  1.0881116   48.97248  -45.87332    34.9145    34.9306     3.6251     3.6273    27.7567    27.7696    5.92733    6.13804         27 0.0000e+00
      47403   1975.069   1122.000     3.7086   3.272045     3.7080   3.273358      55.75     0.0181     2.5325     2.2767  2.0226045  1.0884343   48.97248  -45.87330    34.9146    34.9308     3.6244     3.6237    27.7569    27.7699    5.91233    6.14386         19 0.0000e+00
      47421   1975.831   1123.000     3.7082   3.272072     3.7077   3.273385      97.44     0.0142     2.5311     2.2768  2.0219629  1.0890806   48.97248  -45.87331    34.9148    34.9310     3.6240     3.6234    27.7571    27.7700    5.92489    6.14465         18 0.0000e+00
      47439   1976.578   1124.000     3.7079   3.272103     3.7075   3.273417      91.16     0.0142     2.5315     2.2764  2.0219781  1.0891327   48.97248  -45.87332    34.9150    34.9310     3.6236     3.6231    27.7572    27.7701    5.93159    6.14520         19 0.0000e+00
      47458   1977.395   1125.000     3.7077   3.272134     3.7072   3.273441      94.32     0.0174     2.5307     2.2764  2.0219781  1.0880569   48.97248  -45.87332    34.9150    34.9311     3.6233     3.6227    27.7573    27.7702    5.93197    6.14828         21 0.0000e+00
      47481   1978.330   1126.000     3.7062   3.272047     3.7059   3.273377      96.49     0.0134     2.5310     2.2764  2.0219781  1.0880183   48.97248  -45.87332    34.9152    34.9312     3.6216     3.6214    27.7576    27.7704    5.93002    6.14594         23 0.0000e+00
      47505   1979.327   1127.000     3.7051   3.272007     3.7046   3.273312      93.74     0.0115     2.5299     2.2760  2.0227010  1.0879105   48.97248  -45.87332    34.9153    34.9314     3.6205     3.6200    27.7578    27.7707    5.92518    6.14217         24 0.0000e+00
      47527   1980.245   1128.000     3.7040   3.271951     3.7037   3.273289      91.46     0.0124     2.5298     2.2755  2.0230229  1.0879121   48.97248  -45.87332    34.9153    34.9314     3.6193     3.6191    27.7580    27.7708    5.92947    6.14017         21 0.0000e+00
      47548   1981.111   1129.000     3.7029   3.271905     3.7025   3.273227      49.67     0.0107     2.5292     2.2751  2.0230818  1.0879121   48.97248  -45.87332    34.9154    34.9315     3.6182     3.6177    27.7581    27.7710    5.93066    6.14053         21 0.0000e+00
      47569   1982.012   1130.000     3.7028   3.271938     3.7023   3.273251      96.02     0.0110     2.5294     2.2747  2.0231979  1.0879670   48.97248  -45.87332    34.9153    34.9315     3.6180     3.6175    27.7581    27.7710    5.93183    6.13787         22 0.0000e+00
      47593   1982.997   1131.000     3.7020   3.271914     3.7018   3.273253      96.48     0.0152     2.5288     2.2740  2.0231991  1.0878592   48.97248  -45.87332    34.9155    34.9315     3.6171     3.6169    27.7583    27.7711    5.91618    6.13447         24 0.0000e+00
      47616   1983.964   1132.000     3.7010   3.271877     3.7007   3.273201      96.48     0.0148     2.5269     2.2733  2.0234840  1.0877424   48.97248  -45.87332    34.9155    34.9316     3.6161     3.6157    27.7584    27.7713    5.91492    6.13263         22 0.0000e+00
      47636   1984.803   1133.000     3.7008   3.271912     3.7007   3.273248      87.70     0.0182     2.5271     2.2727  2.0237813  1.0872633   48.97248  -45.87332    34.9156    34.9316     3.6158     3.6157    27.7585    27.7713    5.92002    6.13787         19 0.0000e+00
      47655   1985.569   1134.000     3.7004   3.271918     3.7001   3.273242      96.57     0.0192     2.5257     2.2725  2.0240834  1.0870284   48.97248  -45.87332    34.9157    34.9317     3.6153     3.6149    27.7586    27.7715    5.90903    6.13840         18 0.0000e+00
      47673   1986.340   1135.000     3.6997   3.271905     3.6992   3.273221      96.48     0.0151     2.5253     2.2723  2.0242934  1.0874660   48.97248  -45.87332    34.9157    34.9319     3.6145     3.6140    27.7587    27.7716    5.91556    6.13347         19 0.0000e+00
      47694   1987.221   1136.000     3.6994   3.271918     3.6989   3.273233      54.06     0.0137     2.5244     2.2716  2.0238140  1.0869502   48.97248  -45.87332    34.9157    34.9318     3.6141     3.6136    27.7588    27.7717    5.91916    6.12925         24 0.0000e+00
      47721   1988.315   1137.000     3.6986   3.271905     3.6982   3.273217      92.22     0.0117     2.5243     2.2706  2.0235474  1.0866905   48.97248  -45.87333    34.9159    34.9319     3.6132     3.6128    27.7590    27.7718    5.91276    6.12480         28 0.0000e+00
      47746   1989.391   1138.000     3.6978   3.271891     3.6975   3.273213      92.70     0.0148     2.5234     2.2696  2.0245414  1.0866911   48.97248  -45.87334    34.9160    34.9321     3.6124     3.6120    27.7592    27.7720    5.91876    6.12171         23 0.0000e+00
      47767   1990.241   1139.000     3.6967   3.271846     3.6963   3.273168      91.50     0.0141     2.5231     2.2690  2.0248311  1.0866911   48.97248  -45.87334    34.9162    34.9323     3.6112     3.6108    27.7594    27.7723    5.91096    6.12733         18 0.0000e+00
      47785   1990.990   1140.000     3.6957   3.271813     3.6953   3.273125      96.56     0.0142     2.5223     2.2686  2.0257215  1.0866911   48.97248  -45.87334    34.9163    34.9324     3.6101     3.6134    27.7597    27.7725    5.91450    6.12815         18 0.0000e+00
      47803   1991.742   1141.000     3.6945   3.271752     3.6940   3.273065      96.48     0.0147     2.5221     2.2683  2.0268509  1.0866911   48.97248  -45.87334    34.9164    34.9325     3.6088     3.6084    27.7599    27.7727    5.91875    6.12840         19 0.0000e+00
      47824   1992.625   1142.000     3.6930   3.271677     3.6926   3.272995      86.28     0.0132     2.5216     2.2678  2.0265641  1.0866911   48.97248  -45.87334    34.9166    34.9326     3.6073     3.6069    27.7602    27.7729    5.91206    6.12670         24 0.0000e+00
      47852   1993.780   1143.000     3.6919   3.271620     3.6915   3.272937      65.40     0.0121     2.5210     2.2675  2.0234585  1.0866911   48.97248  -45.87334    34.9166    34.9326     3.6061     3.6056    27.7603    27.7731    5.90721    6.13226         30 0.0000e+00
      47878   1994.884   1144.000     3.6903   3.271540     3.6901   3.272866      97.33     0.0143     2.5197     2.2674  2.0239327  1.0866911   48.97248  -45.87334    34.9167    34.9328     3.6045     3.6042    27.7606    27.7734    5.90733    6.13722         22 0.0000e+00
      47898   1995.717   1145.000     3.6882   3.271411     3.6878   3.272726      96.47     0.0118     2.5196     2.2676  2.0259187  1.0866911   48.97248  -45.87334    34.9169    34.9330     3.6023     3.6018    27.7609    27.7738    5.91779    6.13371         19 0.0000e+00
      47916   1996.454   1146.000     3.6867   3.271333     3.6864   3.272652      96.47     0.0131     2.5196     2.2670  2.0260711  1.0866911   48.97248  -45.87334    34.9171    34.9331     3.6007     3.6003    27.7612    27.7740    5.92274    6.12875         17 0.0000e+00
      47934   1997.195   1147.000     3.6856   3.271283     3.6853   3.272601      95.64     0.0137     2.5198     2.2669  2.0267220  1.0858704   48.97248  -45.87334    34.9172    34.9332     3.5995     3.5991    27.7614    27.7742    5.91717    6.13282         19 0.0000e+00
      47954   1998.025   1148.000     3.6849   3.271264     3.6845   3.272583      88.09     0.0121     2.5193     2.2668  2.0268595  1.0854777   48.97248  -45.87334    34.9172    34.9333     3.5988     3.5983    27.7615    27.7744    5.91542    6.12973         21 0.0000e+00
      47977   1999.006   1149.000     3.6847   3.271285     3.6843   3.272604      82.00     0.0075     2.5192     2.2659  2.0268621  1.0854701   48.97248  -45.87334    34.9171    34.9333     3.5984     3.5980    27.7615    27.7744    5.91675    6.12227         25 0.0000e+00
      48002   2000.026   1150.000     3.6846   3.271318     3.6840   3.272627      68.31     0.0139     2.5189     2.2654  2.0268621  1.0854701   48.97248  -45.87334    34.9172    34.9333     3.5982     3.5977    27.7615    27.7744    5.91693    6.12905         24 0.0000e+00
      48024   2000.964   1151.000     3.6841   3.271324     3.6836   3.272645      83.77     0.0184     2.5182     2.2652  2.0268621  1.0854701   48.97248  -45.87334    34.9172    34.9334     3.5977     3.5972    27.7616    27.7746    5.91283    6.12415         21 0.0000e+00
      48046   2001.862   1152.000     3.6841   3.271367     3.6835   3.272680      96.60     0.0190     2.5183     2.2643  2.0268621  1.0854701   48.97248  -45.87334    34.9173    34.9335     3.5976     3.5970    27.7617    27.7746    5.92414    6.12389         22 0.0000e+00
      48067   2002.753   1153.000     3.6837   3.271379     3.6831   3.272690      86.58     0.0186     2.5184     2.2643  2.0268621  1.0854701   48.97248  -45.87334    34.9173    34.9335     3.5971     3.5965    27.7618    27.7747    5.91190    6.13171         21 0.0000e+00
      48088   2003.636   1154.000     3.6838   3.271429     3.6832   3.272738      96.58     0.0140     2.5176     2.2642  2.0268621  1.0854701   48.97248  -45.87335    34.9173    34.9334     3.5971     3.5965    27.7617    27.7746    5.91385    6.13316         21 0.0000e+00
      48109   2004.509   1155.000     3.6837   3.271461     3.6832   3.272780      96.46     0.0095     2.5175     2.2643  2.0269208  1.0854701   48.97248  -45.87336    34.9173    34.9334     3.5970     3.5965    27.7617    27.7746    5.91715    6.13436         21 0.0000e+00
      48131   2005.403   1156.000     3.6837   3.271518     3.6833   3.272826      70.06     0.0090     2.5172     2.2642  2.0280364  1.0851904   48.97248  -45.87336    34.9174    34.9334     3.5969     3.5964    27.7618    27.7746    5.91632    6.13131         22 0.0000e+00
      48153   2006.330   1157.000     3.6834   3.271524     3.6831   3.272859      75.31     0.0078     2.5173     2.2638  2.0281887  1.0851517   48.97248  -45.87336    34.9173    34.9335     3.5965     3.5962    27.7618    27.7747    5.92005    6.12399         23 0.0000e+00
      48175   2007.261   1158.000     3.6833   3.271556     3.6828   3.272876      93.40     0.0127     2.5168     2.2631  2.0280843  1.0850273   48.97248  -45.87336    34.9173    34.9335     3.5963     3.5958    27.7618    27.7747    5.91275    6.12152         22 0.0000e+00
      48196   2008.140   1159.000     3.6830   3.271582     3.6825   3.272893      88.72     0.0143     2.5164     2.2626  2.0280831  1.0848000   48.97246  -45.87336    34.9174    34.9335     3.5959     3.5954    27.7620    27.7748    5.91215    6.12310         20 0.0000e+00
      48215   2008.926   1160.000     3.6826   3.271595     3.6822   3.272909      96.37     0.0151     2.5160     2.2622  2.0281498  1.0851262   48.97246  -45.87336    34.9175    34.9335     3.5955     3.5950    27.7620    27.7749    5.90968    6.12561         18 0.0000e+00
      48232   2009.640   1161.000     3.6819   3.271578     3.6815   3.272890      96.48     0.0156     2.5152     2.2621  2.0280836  1.0847105   48.97246  -45.87336    34.9175    34.9335     3.5946     3.5942    27.7622    27.7750    5.91387    6.12840         16 0.0000e+00
