data/CTD/2013/CNV/D021A033.CNV
* Sea-Bird SBE 9 Data File:
* FileName = C:\CTD_ACQUISITION\2013021HUD\ctddata\021A033.hdr
* Software Version Seasave V 7.22.2
* Temperature SN = 5081
* Conductivity SN = 3561
* Number of Bytes Per Scan = 37
* Number of Voltage Words = 4
* Number of Scans Averaged by the Deck Unit = 1
* NMEA Latitude = 48 13.60 N
* NMEA Longitude = 046 27.66 W
* NMEA UTC (Time) = Jul 03 2013 09:29:10
* NMEA baud rate = 9600
** Ship: Hudson
** Cruise: HUD2013021
** Chief_Scientist: Greenan
** Organization: BIO
** Area_of_Operation: Sackville Spur
** Station: 33
** Sounding:  1150
** Event_Comments: SS13   393161
# nquan = 25
# nvalues = 980                         
# units = specified
# name 0 = scan: Scan Count
# name 1 = timeS: Time, Elapsed [seconds]
# name 2 = prDM: Pressure, Digiquartz [db]
# name 3 = t068C: Temperature [ITS-68, deg C]
# name 4 = c0S/m: Conductivity [S/m]
# name 5 = t168C: Temperature, 2 [ITS-68, deg C]
# name 6 = c1S/m: Conductivity, 2 [S/m]
# name 7 = altM: Altimeter [m]
# name 8 = flCUVA: Fluorescence, Chelsea UV Aquatracka [ug/l]
# name 9 = sbeox0V: Oxygen raw, SBE 43 [V]
# name 10 = sbeox1V: Oxygen raw, SBE 43, 2 [V]
# name 11 = upoly0: Upoly 0, Optode 4330F - O2 D-Phase
# name 12 = upoly1: Upoly 1, Optode 4330F - O2 Temp
# name 13 = latitude: Latitude [deg]
# name 14 = longitude: Longitude [deg]
# name 15 = sal00: Salinity, Practical [PSU]
# name 16 = sal11: Salinity, Practical, 2 [PSU]
# name 17 = potemp068C: Potential Temperature [ITS-68, deg C]
# name 18 = potemp168C: Potential Temperature, 2 [ITS-68, deg C]
# name 19 = sigma-é00: Density [sigma-theta, Kg/m^3]
# name 20 = sigma-é11: Density, 2 [sigma-theta, Kg/m^3]
# name 21 = sbeox0ML/L: Oxygen, SBE 43 [ml/l], WS = 2
# name 22 = sbeox1ML/L: Oxygen, SBE 43, 2 [ml/l], WS = 2
# name 23 = nbin: number of scans per bin
# name 24 = flag: flag
# span 0 =       8431,      34370       
# span 1 =    351.234,   1432.055       
# span 2 =      3.000,    982.000       
# span 3 =    -0.2103,     5.5590       
# span 4 =   2.761445,   3.272551       
# span 5 =    -0.2107,     5.5590       
# span 6 =   2.762726,   3.273878       
# span 7 =       3.50,     100.58       
# span 8 =     0.0062,     0.1206       
# span 9 =     2.5953,     3.3605       
# span 10 =     2.3355,     3.0139      
# span 11 =  1.7336848,  2.0051439      
# span 12 =  0.6031695,  1.3225022      
# span 13 =   48.22098,   48.22507      
# span 14 =  -46.45910,  -46.45770      
# span 15 =    32.7599,    34.9052      
# span 16 =    32.7752,    34.9217      
# span 17 =    -0.2118,     5.5581      
# span 18 =    -0.2122,     5.5581      
# span 19 =    25.8373,    27.7400      
# span 20 =    25.8494,    27.7532      
# span 21 =    5.99951,    7.82992      
# span 22 =    6.21373,    7.92289      
# span 23 =          9,         93      
# span 24 = 0.0000e+00, 0.0000e+00      
# interval = decibars: 1                
# start_time = Jul 03 2013 09:29:10 [NMEA time, header]
# bad_flag = -9.990e-29
*END*
[from data line 58]
      11277    469.854     61.000     1.0067   2.899534     1.0050   2.900780      96.45     0.0244     2.9434     2.6594  1.9719708  0.6704599   48.22476  -46.45826    33.7927    33.8049     1.0041     1.0024    27.0744    27.0843    6.87769    7.08064         23 0.0000e+00
      11304    470.942     62.000     1.0157   2.901472     1.0157   2.902600      96.39     0.0214     2.9459     2.6598  1.9685779  0.7006125   48.22476  -46.45826    33.8020    33.8162     1.0131     1.0130    27.0813    27.0927    6.86135    7.03942         32 0.0000e+00
      11412    475.477     63.000     1.0086   2.900921     1.0074   2.902092      96.25     0.0230     2.9402     2.6503  1.9731923  0.7260475   48.22475  -46.45823    33.8018    33.8181     1.0059     1.0047    27.0816    27.0948    6.82288    7.01534         26 0.0000e+00
      11462    477.561     64.000     0.9792   2.898875     0.9786   2.900062      96.28     0.0256     2.9371     2.6474  1.9768471  0.7276709   48.22474  -46.45822    33.8067    33.8227     0.9765     0.9759    27.0874    27.1003    6.82135    7.02247         15 0.0000e+00
      11479    478.243     65.000     0.9493   2.896724     0.9499   2.898033      96.37     0.0255     2.9366     2.6469  1.9769995  0.7277167   48.22474  -46.45820    33.8109    33.8271     0.9466     0.9472    27.0927    27.1057    6.82574    7.01617         18 0.0000e+00
      11531    480.431     66.000     0.9652   2.898651     0.9701   2.900506      96.40     0.0236     2.9336     2.6432  1.9809723  0.7348841   48.22474  -46.45819    33.8176    33.8365     0.9627     0.9673    27.0971    27.1120    6.80927    6.99706         55 0.0000e+00
      11632    484.623     67.000     1.0114   2.903418     1.0099   2.904541      96.35     0.0214     2.9307     2.6397  1.9845545  0.7351187   48.22474  -46.45816    33.8285    33.8445     1.0085     1.0070    27.1029    27.1159    6.82368    7.00922         41 0.0000e+00
      11661    485.813     68.000     1.0316   2.905574     1.0318   2.906868      96.37     0.0237     2.9320     2.6392  1.9847674  0.7375200   48.22473  -46.45816    33.8337    33.8501     1.0287     1.0289    27.1058    27.1190    6.80845    6.97515         25 0.0000e+00
      11685    486.842     69.000     0.9852   2.902431     0.9839   2.903618      95.86     0.0223     2.9316     2.6388  1.9849235  0.7405024   48.22472  -46.45815    33.8430    33.8597     0.9823     0.9810    27.1163    27.1298    6.81562    6.99777         26 0.0000e+00
      11729    488.673     70.000     0.9801   2.902455     0.9813   2.903818      96.32     0.0263     2.9312     2.6383  1.9858339  0.7424476   48.22472  -46.45814    33.8483    33.8646     0.9772     0.9783    27.1208    27.1338    6.81217    6.99595         69 0.0000e+00
      11788    491.128     71.000     1.0602   2.910588     1.0688   2.912812      96.29     0.0264     2.9305     2.6387  1.9868662  0.7416152   48.22472  -46.45812    33.8653    33.8845     1.0571     1.0657    27.1293    27.1442    6.80888    7.00489         35 0.0000e+00
      11816    492.293     72.000     1.0930   2.914587     1.0928   2.915848      96.26     0.0207     2.9322     2.6420  1.9868733  0.7422723   48.22472  -46.45812    33.8804    33.8968     1.0899     1.0897    27.1393    27.1526    6.82090    7.02898         28 0.0000e+00
      11867    494.419     73.000     1.1151   2.916998     1.1127   2.918033      90.20     0.0233     2.9340     2.6433  1.9861834  0.7498258   48.22471  -46.45811    33.8867    33.9026     1.1119     1.1095    27.1430    27.1560    6.80386    6.99018         70 0.0000e+00
      11944    497.615     74.000     1.1780   2.923749     1.1927   2.926537      96.92     0.0252     2.9323     2.6400  1.9852937  0.7573985   48.22470  -46.45808    33.9044    33.9242     1.1748     1.1894    27.1530    27.1680    6.76595    6.94092         35 0.0000e+00
      11969    498.679     75.000     1.2670   2.933587     1.2674   2.934883      96.28     0.0239     2.9318     2.6397  1.9857426  0.7591921   48.22470  -46.45808    33.9331    33.9492     1.2636     1.2640    27.1702    27.1831    6.76115    6.94273         25 0.0000e+00
      11994    499.712     76.000     1.3155   2.938695     1.3151   2.939901      96.55     0.0286     2.9314     2.6388  1.9862288  0.7619146   48.22470  -46.45808    33.9451    33.9610     1.3120     1.3116    27.1766    27.1893    6.75240    6.93139         25 0.0000e+00
      12024    500.957     77.000     1.3224   2.939667     1.3221   2.940914      96.44     0.0253     2.9314     2.6388  1.9832339  0.7697335   48.22470  -46.45807    33.9496    33.9657     1.3189     1.3186    27.1797    27.1926    6.74884    6.93577         39 0.0000e+00
      12111    504.591     78.000     1.3146   2.938920     1.3160   2.940351      78.07     0.0286     2.9309     2.6388  1.9820114  0.7796018   48.22469  -46.45805    33.9478    33.9645     1.3110     1.3124    27.1788    27.1921    6.75527    6.94121         93 0.0000e+00
      12163    506.751     79.000     1.3266   2.940332     1.3262   2.941586      96.72     0.0360     2.9316     2.6398  1.9822966  0.7802358   48.22468  -46.45804    33.9522    33.9687     1.3230     1.3225    27.1815    27.1948    6.76012    6.94371         26 0.0000e+00
      12192    507.957     80.000     1.3392   2.941941     1.3384   2.943117      96.58     0.0310     2.9312     2.6393  1.9828408  0.7815558   48.22468  -46.45804    33.9584    33.9743     1.3356     1.3348    27.1857    27.1985    6.74146    6.93147         40 0.0000e+00
      12256    510.645     81.000     1.3537   2.943657     1.3553   2.945178      96.65     0.0261     2.9291     2.6378  1.9825460  0.7848285   48.22468  -46.45802    33.9641    33.9817     1.3499     1.3516    27.1892    27.2032    6.73303    6.92039         56 0.0000e+00
      12283    511.730     82.000     1.4103   2.949880     1.4155   2.951727      96.55     0.0230     2.9282     2.6374  1.9816720  0.7851166   48.22467  -46.45802    33.9814    33.9993     1.4065     1.4116    27.1992    27.2132    6.73665    6.91670         21 0.0000e+00
      12303    512.570     83.000     1.4447   2.953707     1.4443   2.954956      85.94     0.0234     2.9299     2.6375  1.9811510  0.7868124   48.22466  -46.45802    33.9922    34.0086     1.4408     1.4404    27.2055    27.2186    6.73933    6.91411         22 0.0000e+00
      12369    515.346     84.000     1.4520   2.954864     1.4568   2.956653      88.05     0.0254     2.9281     2.6358  1.9803981  0.7936052   48.22465  -46.45801    33.9982    34.0161     1.4482     1.4528    27.2098    27.2238    6.70849    6.89529         58 0.0000e+00
      12457    519.003     85.000     1.4797   2.959270     1.4798   2.960635      97.25     0.0320     2.9233     2.6314  1.9804722  0.7989752   48.22464  -46.45800    34.0239    34.0410     1.4756     1.4758    27.2285    27.2422    6.67954    6.86995         31 0.0000e+00
      12477    519.848     86.000     1.4960   2.961909     1.4940   2.962983      96.47     0.0305     2.9223     2.6307  1.9804051  0.7985927   48.22464  -46.45799    34.0391    34.0549     1.4920     1.4900    27.2395    27.2523    6.69414    6.89110         21 0.0000e+00
      12497    520.654     87.000     1.5059   2.963246     1.5045   2.964390      49.24     0.0255     2.9223     2.6327  1.9803998  0.8002442   48.22464  -46.45798    34.0448    34.0608     1.5018     1.5003    27.2434    27.2564    6.72229    6.92159         19 0.0000e+00
      12520    521.630     88.000     1.5324   2.966029     1.5300   2.967083      78.69     0.0259     2.9265     2.6356  1.9804591  0.8021978   48.22464  -46.45798    34.0508    34.0668     1.5282     1.5258    27.2464    27.2593    6.74613    6.92552         31 0.0000e+00
      12623    525.929     89.000     1.5264   2.965125     1.5391   2.967827      99.00     0.0226     2.9192     2.6282  1.9800143  0.8073951   48.22462  -46.45798    34.0452    34.0659     1.5222     1.5350    27.2423    27.2580    6.64998    6.83542         41 0.0000e+00
      12673    527.998     90.000     1.6517   2.977919     1.6551   2.979520      96.46     0.0227     2.9112     2.6229  1.9804606  0.8080140   48.22462  -46.45796    34.0710    34.0876     1.6473     1.6507    27.2539    27.2670    6.60028    6.80834         22 0.0000e+00
      12695    528.919     91.000     1.6948   2.982228     1.6945   2.983462      96.52     0.0222     2.9090     2.6216  1.9792680  0.8132442   48.22462  -46.45796    34.0784    34.0942     1.6903     1.6901    27.2567    27.2694    6.59367    6.79052         22 0.0000e+00
      12726    530.204     92.000     1.7238   2.985060     1.7241   2.986371      96.65     0.0261     2.9065     2.6191  1.9787828  0.8178016   48.22461  -46.45796    34.0822    34.0983     1.7192     1.7196    27.2576    27.2705    6.58209    6.77408         44 0.0000e+00
      12787    532.751     93.000     1.7426   2.986917     1.7418   2.988211      84.30     0.0197     2.9014     2.6136  1.9791588  0.8276029   48.22460  -46.45796    34.0847    34.1019     1.7379     1.7372    27.2583    27.2721    6.57231    6.75947         65 0.0000e+00
      12841    534.981     94.000     1.7726   2.990029     1.7721   2.991272      96.38     0.0235     2.8985     2.6100  1.9804312  0.8300866   48.22460  -46.45795    34.0909    34.1071     1.7679     1.7674    27.2610    27.2740    6.56126    6.75164         53 0.0000e+00
      12894    537.215     95.000     1.7943   2.992245     1.7931   2.993424      96.69     0.0178     2.8965     2.6093  1.9804640  0.8338364   48.22459  -46.45794    34.0949    34.1110     1.7895     1.7884    27.2626    27.2756    6.57125    6.76006         47 0.0000e+00
      12933    538.836     96.000     1.7981   2.992689     1.7984   2.994009      77.27     0.0178     2.8978     2.6095  1.9811556  0.8370056   48.22458  -46.45794    34.0957    34.1120     1.7933     1.7936    27.2630    27.2760    6.58992    6.77180         34 0.0000e+00
      12965    540.172     97.000     1.8020   2.993229     1.8020   2.994519      72.92     0.0161     2.8999     2.6118  1.9816709  0.8387429   48.22458  -46.45794    34.0978    34.1141     1.7971     1.7972    27.2644    27.2774    6.59976    6.79602         33 0.0000e+00
      13002    541.697     98.000     1.8018   2.993318     1.8018   2.994623      95.80     0.0156     2.9023     2.6139  1.9816512  0.8413213   48.22458  -46.45794    34.0985    34.1150     1.7969     1.7968    27.2649    27.2782    6.59954    6.78593         37 0.0000e+00
      13032    542.959     99.000     1.8013   2.993434     1.8017   2.994791      90.10     0.0195     2.9030     2.6146  1.9816855  0.8419424   48.22458  -46.45794    34.1003    34.1167     1.7963     1.7967    27.2664    27.2795    6.59615    6.78919         24 0.0000e+00
      13053    543.824    100.000     1.7980   2.993309     1.7981   2.994633      96.77     0.0205     2.9034     2.6152  1.9818912  0.8422235   48.22458  -46.45794    34.1013    34.1179     1.7930     1.7931    27.2675    27.2808    6.60359    6.81068         18 0.0000e+00
      13071    544.576    101.000     1.8039   2.994163     1.8042   2.995514      96.66     0.0205     2.9043     2.6176  1.9826418  0.8422973   48.22458  -46.45794    34.1052    34.1219     1.7988     1.7991    27.2701    27.2835    6.61836    6.82355         19 0.0000e+00
      13091    545.406    102.000     1.8287   2.996930     1.8279   2.998166      96.60     0.0190     2.9065     2.6192  1.9845524  0.8424836   48.22458  -46.45794    34.1126    34.1291     1.8236     1.8227    27.2743    27.2875    6.62766    6.81566         22 0.0000e+00
      13120    546.612    103.000     1.8879   3.003444     1.8836   3.004264      96.62     0.0237     2.9088     2.6214  1.9850005  0.8433737   48.22456  -46.45792    34.1301    34.1450     1.8827     1.8783    27.2838    27.2961    6.60917    6.81146         37 0.0000e+00
      13158    548.189    104.000     1.9648   3.013279     1.9622   3.014217      96.73     0.0213     2.9103     2.6233  1.9853303  0.8445385   48.22456  -46.45792    34.1700    34.1845     1.9594     1.9569    27.3098    27.3217    6.59646    6.78833         31 0.0000e+00
      13180    549.121    105.000     1.9845   3.016130     1.9833   3.017292      96.53     0.0204     2.9117     2.6240  1.9816254  0.8510768   48.22456  -46.45792    34.1839    34.1997     1.9790     1.9779    27.3195    27.3322    6.60011    6.78619         18 0.0000e+00
      13195    549.768    106.000     2.0011   3.018275     2.0000   3.019454      96.77     0.0232     2.9122     2.6241  1.9815981  0.8510376   48.22456  -46.45792    34.1922    34.2083     1.9956     1.9945    27.3249    27.3378    6.60052    6.77957         14 0.0000e+00
      13209    550.337    107.000     2.0062   3.018928     2.0050   3.020110      96.58     0.0224     2.9136     2.6244  1.9815910  0.8510379   48.22456  -46.45792    34.1944    34.2105     2.0006     1.9995    27.3262    27.3392    6.60354    6.78775         13 0.0000e+00
      13223    550.912    108.000     2.0092   3.019317     2.0085   3.020542      96.62     0.0248     2.9142     2.6250  1.9807148  0.8588746   48.22456  -46.45792    34.1954    34.2116     2.0036     2.0029    27.3268    27.3398    6.60878    6.80188         15 0.0000e+00
      13239    551.596    109.000     2.0157   3.020087     2.0150   3.021311      51.61     0.0325     2.9156     2.6269  1.9804741  0.8607286   48.22456  -46.45792    34.1975    34.2136     2.0101     2.0093    27.3279    27.3409    6.61304    6.80979         19 0.0000e+00
      13270    552.873    110.000     2.0255   3.021203     2.0256   3.022509      81.10     0.0282     2.9178     2.6286  1.9804640  0.8642899   48.22455  -46.45792    34.2004    34.2166     2.0197     2.0198    27.3295    27.3425    6.61682    6.80960         44 0.0000e+00
      13311    554.579    111.000     2.0368   3.022572     2.0365   3.023847      93.09     0.0277     2.9204     2.6318  1.9800549  0.8670596   48.22454  -46.45792    34.2047    34.2210     2.0310     2.0307    27.3321    27.3452    6.62308    6.81763         29 0.0000e+00
      13333    555.508    112.000     2.0471   3.023863     2.0465   3.025114      92.50     0.0251     2.9222     2.6325  1.9791561  0.8681679   48.22452  -46.45792    34.2092    34.2255     2.0412     2.0406    27.3349    27.3480    6.62308    6.80500         20 0.0000e+00
      13352    556.310    113.000     2.0609   3.025629     2.0598   3.026802      96.45     0.0234     2.9231     2.6328  1.9791210  0.8681319   48.22452  -46.45792    34.2159    34.2317     2.0549     2.0538    27.3391    27.3520    6.61915    6.80678         20 0.0000e+00
      13374    557.204    114.000     2.0828   3.028189     2.0812   3.029330      96.43     0.0270     2.9237     2.6338  1.9768151  0.8705069   48.22452  -46.45792    34.2237    34.2397     2.0767     2.0751    27.3437    27.3566    6.61812    6.82379         24 0.0000e+00
      13400    558.304    115.000     2.1122   3.031595     2.1104   3.032709      96.56     0.0255     2.9257     2.6373  1.9766185  0.8708940   48.22452  -46.45790    34.2340    34.2498     2.1061     2.1043    27.3496    27.3625    6.63658    6.84049         27 0.0000e+00
      13426    559.377    116.000     2.1494   3.036212     2.1482   3.037383      96.61     0.0207     2.9282     2.6393  1.9755578  0.8735807   48.22452  -46.45792    34.2509    34.2668     2.1432     2.1420    27.3602    27.3730    6.62835    6.81951         24 0.0000e+00
      13447    560.263    117.000     2.1631   3.038091     2.1626   3.039335      96.55     0.0215     2.9298     2.6401  1.9755800  0.8733834   48.22452  -46.45792    34.2590    34.2751     2.1568     2.1563    27.3656    27.3785    6.62708    6.80180         20 0.0000e+00
