data/CTD/2013/CNV/D021A036.CNV
* Sea-Bird SBE 9 Data File:
* FileName = C:\CTD_ACQUISITION\2013021HUD\ctddata\021A036.hdr
* Software Version Seasave V 7.22.2
* Temperature SN = 5081
* Conductivity SN = 3561
* Number of Bytes Per Scan = 37
* Number of Voltage Words = 4
* Number of Scans Averaged by the Deck Unit = 1
* NMEA Latitude = 48 18.49 N
* NMEA Longitude = 046 32.56 W
* NMEA UTC (Time) = Jul 03 2013 17:07:39
* NMEA baud rate = 9600
** Ship: Hudson
** Cruise: HUD2013021
** Chief_Scientist: Greenan
** Organization: BIO
** Area_of_Operation: Sackville Spur
** Station: 36
** Sounding:  1047
** Event_Comments: SS11  393172
# nquan = 25
# nvalues = 1046                        
# units = specified
# name 0 = scan: Scan Count
# name 1 = timeS: Time, Elapsed [seconds]
# name 2 = prDM: Pressure, Digiquartz [db]
# name 3 = t068C: Temperature [ITS-68, deg C]
# name 4 = c0S/m: Conductivity [S/m]
# name 5 = t168C: Temperature, 2 [ITS-68, deg C]
# name 6 = c1S/m: Conductivity, 2 [S/m]
# name 7 = altM: Altimeter [m]
# name 8 = flCUVA: Fluorescence, Chelsea UV Aquatracka [ug/l]
# name 9 = sbeox0V: Oxygen raw, SBE 43 [V]
# name 10 = sbeox1V: Oxygen raw, SBE 43, 2 [V]
# name 11 = upoly0: Upoly 0, Optode 4330F - O2 D-Phase
# name 12 = upoly1: Upoly 1, Optode 4330F - O2 Temp
# name 13 = latitude: Latitude [deg]
# name 14 = longitude: Longitude [deg]
# name 15 = sal00: Salinity, Practical [PSU]
# name 16 = sal11: Salinity, Practical, 2 [PSU]
# name 17 = potemp068C: Potential Temperature [ITS-68, deg C]
# name 18 = potemp168C: Potential Temperature, 2 [ITS-68, deg C]
# name 19 = sigma-é00: Density [sigma-theta, Kg/m^3]
# name 20 = sigma-é11: Density, 2 [sigma-theta, Kg/m^3]
# name 21 = sbeox0ML/L: Oxygen, SBE 43 [ml/l], WS = 2
# name 22 = sbeox1ML/L: Oxygen, SBE 43, 2 [ml/l], WS = 2
# name 23 = nbin: number of scans per bin
# name 24 = flag: flag
# span 0 =       7277,      34909       
# span 1 =    303.168,   1454.517       
# span 2 =      3.000,   1048.000       
# span 3 =    -0.1071,     5.8252       
# span 4 =   2.764911,   3.285199       
# span 5 =    -0.1066,     5.8581       
# span 6 =   2.766249,   3.286538       
# span 7 =       4.19,     100.34       
# span 8 =     0.0061,     0.0865       
# span 9 =     2.5825,     3.3649       
# span 10 =     2.3207,     3.0162      
# span 11 =  1.7235114,  2.0059004      
# span 12 =  0.6273769,  1.3577989      
# span 13 =   48.30690,   48.30811      
# span 14 =  -46.54200,  -46.54056      
# span 15 =    32.6275,    34.9067      
# span 16 =    32.6408,    34.9230      
# span 17 =    -0.1086,     5.8250      
# span 18 =    -0.1081,     5.8578      
# span 19 =    25.6996,    27.7346      
# span 20 =    25.7061,    27.7477      
# span 21 =    5.98488,    7.67597      
# span 22 =    6.19591,    7.82691      
# span 23 =         11,         94      
# span 24 = 0.0000e+00, 0.0000e+00      
# interval = decibars: 1                
# start_time = Jul 03 2013 17:07:39 [NMEA time, header]
# bad_flag = -9.990e-29
*END*
[from data line 696]
      26477   1103.153    699.000     3.9668   3.274376     3.9665   3.275731      58.42     0.0136     2.7351     2.4596  1.9584898  1.1208792   48.30726  -46.54110    34.8869    34.9032     3.9152     3.9150    27.7052    27.7182    6.17919    6.38056         21 0.0000e+00
      26523   1105.099    700.000     3.9671   3.274445     3.9667   3.275774      81.65     0.0114     2.7354     2.4594  1.9594347  1.1208329   48.30726  -46.54109    34.8869    34.9031     3.9154     3.9150    27.7052    27.7181    6.18371    6.37147         53 0.0000e+00
      26569   1107.018    701.000     3.9671   3.274498     3.9668   3.275845      81.52     0.0147     2.7352     2.4583  1.9595879  1.1208801   48.30726  -46.54108    34.8870    34.9033     3.9154     3.9151    27.7053    27.7182    6.16583    6.36442         20 0.0000e+00
      26587   1107.741    702.000     3.9673   3.274569     3.9670   3.275918      96.57     0.0121     2.7336     2.4578  1.9593987  1.1208792   48.30726  -46.54108    34.8871    34.9034     3.9155     3.9151    27.7053    27.7184    6.15791    6.37010         16 0.0000e+00
      26602   1108.379    703.000     3.9673   3.274611     3.9670   3.275959      96.46     0.0142     2.7328     2.4579  1.9597089  1.1208792   48.30726  -46.54108    34.8871    34.9034     3.9154     3.9151    27.7053    27.7183    6.16026    6.37482         15 0.0000e+00
      26617   1108.999    704.000     3.9674   3.274681     3.9671   3.276028      96.58     0.0175     2.7321     2.4577  1.9597069  1.1208792   48.30726  -46.54108    34.8873    34.9036     3.9155     3.9151    27.7054    27.7184    6.16708    6.37269         15 0.0000e+00
      26633   1109.665    705.000     3.9676   3.274755     3.9673   3.276093      90.11     0.0186     2.7321     2.4577  1.9597069  1.1208792   48.30726  -46.54108    34.8874    34.9037     3.9156     3.9152    27.7056    27.7185    6.16843    6.36968         17 0.0000e+00
      26654   1110.547    706.000     3.9676   3.274780     3.9673   3.276119      71.37     0.0143     2.7315     2.4571  1.9607714  1.1208792   48.30726  -46.54108    34.8872    34.9034     3.9155     3.9151    27.7054    27.7183    6.16946    6.36435         28 0.0000e+00
      26693   1112.155    707.000     3.9678   3.274829     3.9674   3.276171      65.61     0.0189     2.7308     2.4555  1.9602844  1.1208792   48.30726  -46.54108    34.8871    34.9034     3.9156     3.9152    27.7053    27.7183    6.16987    6.35659         42 0.0000e+00
      26725   1113.498    708.000     3.9682   3.274934     3.9679   3.276278      62.02     0.0204     2.7306     2.4547  1.9596989  1.1208792   48.30725  -46.54108    34.8874    34.9036     3.9159     3.9156    27.7055    27.7184    6.16501    6.36613         26 0.0000e+00
      26749   1114.485    709.000     3.9681   3.274969     3.9678   3.276325      94.80     0.0165     2.7294     2.4547  1.9594837  1.1208792   48.30724  -46.54108    34.8874    34.9037     3.9157     3.9154    27.7055    27.7185    6.16504    6.37070         22 0.0000e+00
      26770   1115.358    710.000     3.9681   3.275023     3.9678   3.276360      83.23     0.0139     2.7296     2.4549  1.9595852  1.1208792   48.30724  -46.54106    34.8875    34.9036     3.9157     3.9153    27.7056    27.7185    6.17427    6.37265         20 0.0000e+00
      26788   1116.143    711.000     3.9682   3.275067     3.9678   3.276410      48.28     0.0104     2.7296     2.4548  1.9596388  1.1208792   48.30724  -46.54106    34.8874    34.9037     3.9157     3.9199    27.7055    27.7185    6.16757    6.37286         18 0.0000e+00
      26806   1116.886    712.000     3.9682   3.275117     3.9679   3.276457      88.17     0.0082     2.7290     2.4550  1.9597061  1.1208792   48.30724  -46.54106    34.8875    34.9037     3.9156     3.9176    27.7056    27.7185    6.16502    6.37226         18 0.0000e+00
      26825   1117.653    713.000     3.9680   3.275139     3.9676   3.276474      94.71     0.0094     2.7290     2.4550  1.9597069  1.1208792   48.30724  -46.54106    34.8874    34.9036     3.9153     3.9149    27.7056    27.7185    6.17051    6.37371         19 0.0000e+00
      26846   1118.545    714.000     3.9682   3.275199     3.9678   3.276537      88.49     0.0137     2.7286     2.4550  1.9608045  1.1208792   48.30724  -46.54106    34.8873    34.9036     3.9155     3.9151    27.7055    27.7185    6.16913    6.37322         24 0.0000e+00
      26876   1119.775    715.000     3.9683   3.275244     3.9680   3.276578      74.60     0.0146     2.7286     2.4548  1.9606040  1.1208792   48.30724  -46.54106    34.8872    34.9034     3.9155     3.9151    27.7054    27.7183    6.17754    6.37253         34 0.0000e+00
      26907   1121.067    716.000     3.9683   3.275290     3.9680   3.276623      94.86     0.0155     2.7291     2.4546  1.9597350  1.1208792   48.30724  -46.54106    34.8873    34.9034     3.9154     3.9150    27.7055    27.7184    6.17706    6.37071         27 0.0000e+00
      26931   1122.083    717.000     3.9683   3.275335     3.9680   3.276675      59.19     0.0149     2.7289     2.4541  1.9603970  1.1208792   48.30722  -46.54106    34.8873    34.9035     3.9153     3.9150    27.7055    27.7184    6.17034    6.36355         23 0.0000e+00
      26954   1123.050    718.000     3.9684   3.275382     3.9681   3.276730      91.64     0.0084     2.7282     2.4532  1.9609210  1.1208792   48.30722  -46.54106    34.8872    34.9035     3.9154     3.9150    27.7054    27.7184    6.16124    6.35828         24 0.0000e+00
      26979   1124.103    719.000     3.9686   3.275456     3.9683   3.276803      62.56     0.0105     2.7270     2.4523  1.9609280  1.1208792   48.30722  -46.54106    34.8874    34.9037     3.9154     3.9151    27.7055    27.7185    6.16028    6.35832         27 0.0000e+00
      27007   1125.234    720.000     3.9687   3.275515     3.9683   3.276849      94.78     0.0141     2.7265     2.4515  1.9609280  1.1208792   48.30722  -46.54106    34.8875    34.9036     3.9155     3.9151    27.7056    27.7185    6.17099    6.36089         26 0.0000e+00
      27032   1126.272    721.000     3.9687   3.275583     3.9684   3.276918      94.64     0.0100     2.7267     2.4512  1.9607109  1.1208792   48.30722  -46.54104    34.8878    34.9039     3.9153     3.9151    27.7059    27.7187    6.17638    6.36761         23 0.0000e+00
      27053   1127.187    722.000     3.9685   3.275627     3.9682   3.276970      52.64     0.0119     2.7267     2.4514  1.9605167  1.1208792   48.30722  -46.54104    34.8880    34.9041     3.9151     3.9169    27.7060    27.7189    6.17122    6.36898         21 0.0000e+00
      27074   1128.061    723.000     3.9686   3.275677     3.9685   3.277035      94.47     0.0119     2.7266     2.4511  1.9602625  1.1208792   48.30722  -46.54104    34.8879    34.9041     3.9151     3.9150    27.7060    27.7188    6.16877    6.36602         22 0.0000e+00
      27096   1128.971    724.000     3.9688   3.275728     3.9686   3.277079      94.69     0.0115     2.7261     2.4510  1.9597117  1.1208792   48.30722  -46.54104    34.8878    34.9040     3.9152     3.9150    27.7059    27.7188    6.17260    6.36798         22 0.0000e+00
      27121   1129.982    725.000     3.9686   3.275766     3.9683   3.277103      65.37     0.0131     2.7264     2.4509  1.9602250  1.1208792   48.30722  -46.54104    34.8879    34.9041     3.9150     3.9146    27.7060    27.7189    6.16860    6.36700         26 0.0000e+00
      27148   1131.105    726.000     3.9690   3.275827     3.9685   3.277164      91.36     0.0130     2.7257     2.4507  1.9609283  1.1208792   48.30722  -46.54104    34.8878    34.9040     3.9152     3.9148    27.7059    27.7188    6.17522    6.36802         28 0.0000e+00
      27175   1132.267    727.000     3.9690   3.275867     3.9686   3.277213      64.71     0.0131     2.7257     2.4507  1.9617078  1.1208792   48.30722  -46.54104    34.8877    34.9040     3.9152     3.9180    27.7058    27.7188    6.16586    6.37541         27 0.0000e+00
      27201   1133.318    728.000     3.9689   3.275915     3.9686   3.277258      47.47     0.0162     2.7247     2.4509  1.9623237  1.1208792   48.30722  -46.54104    34.8878    34.9041     3.9150     3.9146    27.7059    27.7189    6.16538    6.37057         23 0.0000e+00
      27222   1134.212    729.000     3.9688   3.275962     3.9684   3.277308      96.35     0.0183     2.7246     2.4508  1.9622072  1.1208792   48.30722  -46.54104    34.8880    34.9043     3.9148     3.9145    27.7061    27.7191    6.16603    6.36689         20 0.0000e+00
      27242   1135.024    730.000     3.9686   3.276007     3.9682   3.277350      95.19     0.0143     2.7240     2.4502  1.9622099  1.1208792   48.30722  -46.54104    34.8882    34.9045     3.9146     3.9141    27.7063    27.7193    6.16410    6.36418         20 0.0000e+00
      27261   1135.827    731.000     3.9684   3.276047     3.9680   3.277391      67.60     0.0157     2.7233     2.4499  1.9620218  1.1208792   48.30722  -46.54104    34.8883    34.9047     3.9143     3.9139    27.7064    27.7195    6.15963    6.36677         19 0.0000e+00
      27282   1136.689    732.000     3.9684   3.276090     3.9680   3.277431      73.05     0.0129     2.7230     2.4494  1.9609261  1.1208792   48.30722  -46.54104    34.8883    34.9046     3.9142     3.9138    27.7064    27.7194    6.16456    6.36110         22 0.0000e+00
      27305   1137.668    733.000     3.9681   3.276120     3.9679   3.277467      96.17     0.0144     2.7224     2.4487  1.9609280  1.1208792   48.30722  -46.54104    34.8885    34.9046     3.9138     3.9136    27.7066    27.7195    6.15932    6.35808         25 0.0000e+00
      27331   1138.745    734.000     3.9669   3.276071     3.9669   3.277445      96.36     0.0158     2.7210     2.4478  1.9609280  1.1208792   48.30722  -46.54104    34.8886    34.9049     3.9126     3.9125    27.7068    27.7198    6.15092    6.35834         26 0.0000e+00
      27356   1139.794    735.000     3.9665   3.276078     3.9662   3.277423      96.06     0.0152     2.7203     2.4473  1.9613686  1.1208792   48.30722  -46.54104    34.8886    34.9049     3.9121     3.9118    27.7069    27.7198    6.16589    6.35636         25 0.0000e+00
      27381   1140.813    736.000     3.9665   3.276129     3.9660   3.277456      73.59     0.0137     2.7208     2.4464  1.9631395  1.1208792   48.30722  -46.54104    34.8888    34.9049     3.9120     3.9115    27.7070    27.7199    6.16217    6.35204         25 0.0000e+00
      27410   1142.049    737.000     3.9667   3.276187     3.9664   3.277528      69.69     0.0148     2.7200     2.4454  1.9627199  1.1208792   48.30722  -46.54103    34.8886    34.9048     3.9121     3.9118    27.7069    27.7198    6.16478    6.35396         35 0.0000e+00
      27445   1143.520    738.000     3.9667   3.276224     3.9663   3.277559      89.16     0.0180     2.7198     2.4449  1.9621239  1.1208792   48.30722  -46.54102    34.8886    34.9048     3.9120     3.9116    27.7069    27.7198    6.15866    6.35990         31 0.0000e+00
      27470   1144.528    739.000     3.9664   3.276261     3.9662   3.277623      58.09     0.0149     2.7192     2.4449  1.9634023  1.1208792   48.30720  -46.54102    34.8888    34.9051     3.9117     3.9115    27.7071    27.7201    6.15487    6.36079         19 0.0000e+00
      27488   1145.272    740.000     3.9661   3.276314     3.9657   3.277657      97.41     0.0125     2.7181     2.4448  1.9635179  1.1208792   48.30720  -46.54102    34.8893    34.9056     3.9113     3.9108    27.7075    27.7205    6.15313    6.36097         17 0.0000e+00
      27503   1145.935    741.000     3.9663   3.276386     3.9660   3.277753      96.50     0.0114     2.7185     2.4447  1.9626863  1.1208792   48.30720  -46.54102    34.8894    34.9059     3.9114     3.9111    27.7076    27.7207    6.15951    6.36024         16 0.0000e+00
      27519   1146.586    742.000     3.9662   3.276421     3.9660   3.277788      95.65     0.0136     2.7177     2.4445  1.9609751  1.1208792   48.30721  -46.54102    34.8893    34.9058     3.9112     3.9110    27.7075    27.7206    6.15101    6.35959         16 0.0000e+00
      27536   1147.298    743.000     3.9662   3.276457     3.9659   3.277812      45.27     0.0144     2.7167     2.4444  1.9609280  1.1208792   48.30722  -46.54102    34.8893    34.9056     3.9111     3.9109    27.7075    27.7205    6.15687    6.35946         18 0.0000e+00
      27564   1148.438    744.000     3.9663   3.276494     3.9659   3.277837      89.85     0.0125     2.7168     2.4441  1.9618584  1.1208792   48.30722  -46.54102    34.8891    34.9054     3.9111     3.9108    27.7074    27.7204    6.15420    6.36102         43 0.0000e+00
      27612   1150.479    745.000     3.9676   3.276689     3.9668   3.277986      67.66     0.0123     2.7153     2.4431  1.9623865  1.1208792   48.30722  -46.54102    34.8896    34.9057     3.9123     3.9116    27.7076    27.7205    6.15029    6.34844         38 0.0000e+00
      27637   1151.500    746.000     3.9686   3.276862     3.9682   3.278201      95.50     0.0152     2.7149     2.4424  1.9622651  1.1208792   48.30722  -46.54102    34.8900    34.9062     3.9133     3.9129    27.7078    27.7208    6.15619    6.35435         21 0.0000e+00
      27656   1152.301    747.000     3.9686   3.276902     3.9680   3.278221      69.29     0.0139     2.7149     2.4423  1.9627525  1.1208792   48.30720  -46.54102    34.8899    34.9062     3.9132     3.9126    27.7078    27.7208    6.15180    6.35997         18 0.0000e+00
      27674   1153.038    748.000     3.9694   3.277041     3.9688   3.278359      37.57     0.0146     2.7142     2.4422  1.9630812  1.1208792   48.30720  -46.54102    34.8902    34.9064     3.9139     3.9133    27.7079    27.7209    6.15423    6.36202         17 0.0000e+00
      27691   1153.770    749.000     3.9696   3.277117     3.9690   3.278430      79.20     0.0144     2.7145     2.4425  1.9628953  1.1208792   48.30720  -46.54102    34.8904    34.9065     3.9140     3.9134    27.7081    27.7210    6.15541    6.36274         18 0.0000e+00
      27710   1154.551    750.000     3.9696   3.277160     3.9694   3.278514      92.43     0.0132     2.7139     2.4423  1.9613181  1.1208792   48.30720  -46.54102    34.8904    34.9066     3.9140     3.9137    27.7081    27.7210    6.15744    6.35908         20 0.0000e+00
      27731   1155.427    751.000     3.9703   3.277270     3.9698   3.278597      55.61     0.0138     2.7145     2.4420  1.9618644  1.1208792   48.30720  -46.54102    34.8905    34.9066     3.9145     3.9141    27.7081    27.7210    6.15376    6.35062         22 0.0000e+00
      27755   1156.429    752.000     3.9702   3.277313     3.9700   3.278661      95.72     0.0152     2.7134     2.4410  1.9631246  1.1208792   48.30721  -46.54102    34.8905    34.9066     3.9144     3.9142    27.7081    27.7210    6.15509    6.34374         26 0.0000e+00
      27783   1157.571    753.000     3.9702   3.277364     3.9698   3.278692      83.04     0.0119     2.7130     2.4394  1.9634924  1.1208792   48.30722  -46.54102    34.8906    34.9067     3.9143     3.9154    27.7082    27.7211    6.14508    6.33843         29 0.0000e+00
      27816   1158.950    754.000     3.9703   3.277395     3.9700   3.278749      42.97     0.0142     2.7120     2.4386  1.9633707  1.1208792   48.30722  -46.54102    34.8904    34.9067     3.9143     3.9140    27.7080    27.7211    6.14822    6.34845         37 0.0000e+00
      27849   1160.342    755.000     3.9708   3.277522     3.9704   3.278874      97.88     0.0177     2.7113     2.4382  1.9627130  1.1214422   48.30720  -46.54100    34.8908    34.9072     3.9147     3.9143    27.7084    27.7214    6.15305    6.34818         27 0.0000e+00
