data/CTD/2013/CNV/D021A037.CNV
* Sea-Bird SBE 9 Data File:
* FileName = C:\CTD_ACQUISITION\2013021HUD\ctddata\021A037.hdr
* Software Version Seasave V 7.22.2
* Temperature SN = 5081
* Conductivity SN = 3561
* Number of Bytes Per Scan = 37
* Number of Voltage Words = 4
* Number of Scans Averaged by the Deck Unit = 1
* NMEA Latitude = 48 20.72 N
* NMEA Longitude = 046 35.05 W
* NMEA UTC (Time) = Jul 03 2013 18:21:36
* NMEA baud rate = 9600
** Ship: Hudson
** Cruise: HUD2013021
** Chief_Scientist: Greenan
** Organization: BIO
** Area_of_Operation: Sackville Spur
** Station: 37
** Sounding:  1386
** Event_Comments: SS10  393174
# nquan = 25
# nvalues = 1402                        
# units = specified
# name 0 = scan: Scan Count
# name 1 = timeS: Time, Elapsed [seconds]
# name 2 = prDM: Pressure, Digiquartz [db]
# name 3 = t068C: Temperature [ITS-68, deg C]
# name 4 = c0S/m: Conductivity [S/m]
# name 5 = t168C: Temperature, 2 [ITS-68, deg C]
# name 6 = c1S/m: Conductivity, 2 [S/m]
# name 7 = altM: Altimeter [m]
# name 8 = flCUVA: Fluorescence, Chelsea UV Aquatracka [ug/l]
# name 9 = sbeox0V: Oxygen raw, SBE 43 [V]
# name 10 = sbeox1V: Oxygen raw, SBE 43, 2 [V]
# name 11 = upoly0: Upoly 0, Optode 4330F - O2 D-Phase
# name 12 = upoly1: Upoly 1, Optode 4330F - O2 Temp
# name 13 = latitude: Latitude [deg]
# name 14 = longitude: Longitude [deg]
# name 15 = sal00: Salinity, Practical [PSU]
# name 16 = sal11: Salinity, Practical, 2 [PSU]
# name 17 = potemp068C: Potential Temperature [ITS-68, deg C]
# name 18 = potemp168C: Potential Temperature, 2 [ITS-68, deg C]
# name 19 = sigma-é00: Density [sigma-theta, Kg/m^3]
# name 20 = sigma-é11: Density, 2 [sigma-theta, Kg/m^3]
# name 21 = sbeox0ML/L: Oxygen, SBE 43 [ml/l], WS = 2
# name 22 = sbeox1ML/L: Oxygen, SBE 43, 2 [ml/l], WS = 2
# name 23 = nbin: number of scans per bin
# name 24 = flag: flag
# span 0 =       8228,      43733       
# span 1 =    342.777,   1822.157       
# span 2 =      3.000,   1404.000       
# span 3 =     0.0355,     5.9177       
# span 4 =   2.778010,   3.286905       
# span 5 =     0.0357,     5.9302       
# span 6 =   2.779308,   3.288238       
# span 7 =       5.95,     109.48       
# span 8 =     0.0057,     0.0884       
# span 9 =     2.4525,     3.3618       
# span 10 =     2.2054,     3.0147      
# span 11 =  1.7263629,  2.0415142      
# span 12 =  0.6485524,  1.3662115      
# span 13 =   48.34621,   48.34723      
# span 14 =  -46.58225,  -46.57800      
# span 15 =    32.5982,    34.9154      
# span 16 =    32.6125,    34.9320      
# span 17 =     0.0340,     5.9172      
# span 18 =     0.0342,     5.9297      
# span 19 =    25.6654,    27.7589      
# span 20 =    25.6754,    27.7722      
# span 21 =    5.88609,    7.61517      
# span 22 =    6.09655,    7.76806      
# span 23 =         12,         91      
# span 24 = 0.0000e+00, 0.0000e+00      
# interval = decibars: 1                
# start_time = Jul 03 2013 18:21:36 [NMEA time, header]
# bad_flag = -9.990e-29
*END*
[from data line 638]
      25315   1054.750    641.000     3.9382   3.268029     3.9379   3.269370      82.70     0.0096     2.7607     2.4822  1.9529260  1.1179429   48.34688  -46.57978    34.8723    34.8886     3.8914     3.8910    27.6960    27.7090    6.20965    6.40354         22 0.0000e+00
      25336   1055.642    642.000     3.9379   3.268048     3.9377   3.269404      94.16     0.0085     2.7611     2.4817  1.9523832  1.1178271   48.34688  -46.57978    34.8724    34.8887     3.8909     3.8907    27.6961    27.7091    6.22467    6.39642         22 0.0000e+00
      25358   1056.544    643.000     3.9373   3.268060     3.9372   3.269420      96.20     0.0100     2.7616     2.4808  1.9528158  1.1176636   48.34688  -46.57978    34.8726    34.8889     3.8903     3.8902    27.6963    27.7093    6.22125    6.39160         22 0.0000e+00
      25383   1057.600    644.000     3.9366   3.268052     3.9363   3.269386      85.32     0.0105     2.7610     2.4800  1.9535840  1.1179256   48.34688  -46.57978    34.8727    34.8889     3.8896     3.8892    27.6965    27.7094    6.20925    6.39526         29 0.0000e+00
      25417   1058.985    645.000     3.9347   3.267938     3.9343   3.269271      95.90     0.0107     2.7606     2.4795  1.9538252  1.1175995   48.34688  -46.57978    34.8729    34.8891     3.8876     3.8872    27.6969    27.7098    6.21188    6.40166         34 0.0000e+00
      25446   1060.201    646.000     3.9353   3.268044     3.9350   3.269385      94.64     0.0141     2.7597     2.4797  1.9537517  1.1178364   48.34688  -46.57978    34.8730    34.8892     3.8881     3.8878    27.6969    27.7098    6.20831    6.40820         24 0.0000e+00
      25466   1061.058    647.000     3.9349   3.268047     3.9346   3.269392      76.91     0.0145     2.7594     2.4797  1.9545149  1.1179248   48.34688  -46.57978    34.8729    34.8892     3.8876     3.8873    27.6969    27.7099    6.20855    6.40970         19 0.0000e+00
      25483   1061.761    648.000     3.9348   3.268089     3.9345   3.269434      95.62     0.0144     2.7586     2.4803  1.9547434  1.1176772   48.34688  -46.57977    34.8729    34.8892     3.8875     3.8871    27.6969    27.7099    6.20623    6.40914         16 0.0000e+00
      25499   1062.411    649.000     3.9349   3.268136     3.9347   3.269491      91.35     0.0134     2.7585     2.4800  1.9544187  1.1179465   48.34688  -46.57976    34.8729    34.8892     3.8874     3.8897    27.6969    27.7099    6.21055    6.40302         15 0.0000e+00
      25515   1063.100    650.000     3.9350   3.268201     3.9350   3.269559      79.28     0.0129     2.7584     2.4797  1.9536066  1.1178273   48.34688  -46.57976    34.8731    34.8892     3.8875     3.8874    27.6970    27.7099    6.21496    6.40167         18 0.0000e+00
      25539   1064.075    651.000     3.9355   3.268343     3.9353   3.269664      94.30     0.0125     2.7583     2.4793  1.9536358  1.1176068   48.34688  -46.57976    34.8736    34.8896     3.8879     3.8876    27.6974    27.7102    6.21611    6.40048         33 0.0000e+00
      25581   1065.813    652.000     3.9360   3.268472     3.9356   3.269793      84.84     0.0157     2.7585     2.4781  1.9541560  1.1166468   48.34688  -46.57976    34.8741    34.8902     3.8883     3.8879    27.6978    27.7106    6.21088    6.39297         37 0.0000e+00
      25605   1066.823    653.000     3.9356   3.268442     3.9352   3.269781      96.32     0.0162     2.7577     2.4777  1.9533908  1.1174264   48.34688  -46.57976    34.8737    34.8900     3.8878     3.8874    27.6975    27.7105    6.20754    6.40370         19 0.0000e+00
      25622   1067.558    654.000     3.9360   3.268600     3.9357   3.269947      95.72     0.0096     2.7570     2.4777  1.9536061  1.1179459   48.34688  -46.57976    34.8746    34.8909     3.8882     3.8878    27.6982    27.7112    6.21296    6.40467         17 0.0000e+00
      25639   1068.230    655.000     3.9358   3.268650     3.9353   3.269979      96.05     0.0085     2.7575     2.4777  1.9535255  1.1178265   48.34688  -46.57976    34.8749    34.8911     3.8879     3.8874    27.6984    27.7114    6.21342    6.40771         16 0.0000e+00
      25655   1068.912    656.000     3.9355   3.268667     3.9352   3.270008      96.13     0.0133     2.7568     2.4779  1.9544574  1.1176482   48.34688  -46.57976    34.8749    34.8911     3.8875     3.8872    27.6985    27.7115    6.21133    6.41251         17 0.0000e+00
      25674   1069.695    657.000     3.9354   3.268693     3.9350   3.270025      96.20     0.0146     2.7571     2.4784  1.9547597  1.1179665   48.34688  -46.57976    34.8748    34.8910     3.8873     3.8869    27.6984    27.7114    6.22227    6.41679         21 0.0000e+00
      25702   1070.878    658.000     3.9351   3.268702     3.9350   3.270055      87.27     0.0158     2.7572     2.4784  1.9547899  1.1172358   48.34687  -46.57976    34.8747    34.8908     3.8870     3.8868    27.6983    27.7112    6.21597    6.40640         39 0.0000e+00
      25745   1072.684    659.000     3.9349   3.268731     3.9346   3.270065      96.97     0.0109     2.7568     2.4781  1.9543595  1.1173511   48.34686  -46.57976    34.8747    34.8908     3.8867     3.8864    27.6984    27.7113    6.21450    6.40857         39 0.0000e+00
      25776   1073.947    660.000     3.9347   3.268753     3.9344   3.270097      80.57     0.0132     2.7565     2.4775  1.9538839  1.1177127   48.34686  -46.57975    34.8747    34.8909     3.8864     3.8861    27.6984    27.7114    6.20909    6.39531         25 0.0000e+00
      25797   1074.831    661.000     3.9347   3.268806     3.9345   3.270156      95.78     0.0151     2.7553     2.4763  1.9544357  1.1178583   48.34687  -46.57974    34.8748    34.8910     3.8863     3.8861    27.6985    27.7114    6.19837    6.38575         19 0.0000e+00
      25815   1075.585    662.000     3.9345   3.268834     3.9344   3.270184      85.18     0.0179     2.7543     2.4752  1.9548237  1.1177906   48.34688  -46.57974    34.8748    34.8909     3.8860     3.8859    27.6986    27.7114    6.19414    6.38416         17 0.0000e+00
      25833   1076.316    663.000     3.9344   3.268873     3.9343   3.270236      85.11     0.0177     2.7533     2.4743  1.9548229  1.1176904   48.34686  -46.57974    34.8748    34.8911     3.8859     3.8858    27.6986    27.7115    6.19559    6.39026         18 0.0000e+00
      25851   1077.098    664.000     3.9350   3.268986     3.9351   3.270380      95.75     0.0163     2.7526     2.4741  1.9557917  1.1177649   48.34686  -46.57974    34.8750    34.8914     3.8863     3.8865    27.6987    27.7117    6.19880    6.39647         20 0.0000e+00
      25873   1077.991    665.000     3.9371   3.269257     3.9367   3.270580      96.35     0.0141     2.7519     2.4737  1.9559889  1.1175896   48.34686  -46.57974    34.8755    34.8916     3.8884     3.8880    27.6988    27.7117    6.19658    6.38875         23 0.0000e+00
      25897   1078.983    666.000     3.9409   3.269701     3.9402   3.271001      79.73     0.0168     2.7513     2.4728  1.9540516  1.1168569   48.34686  -46.57974    34.8762    34.8924     3.8921     3.8914    27.6990    27.7120    6.19486    6.39245         24 0.0000e+00
      25920   1079.945    667.000     3.9445   3.270147     3.9439   3.271459      96.60     0.0161     2.7498     2.4726  1.9535983  1.1173868   48.34686  -46.57974    34.8771    34.8933     3.8956     3.8950    27.6994    27.7124    6.18396    6.39145         22 0.0000e+00
      25940   1080.812    668.000     3.9521   3.271027     3.9515   3.272346      96.22     0.0180     2.7488     2.4721  1.9536020  1.1173993   48.34686  -46.57974    34.8791    34.8954     3.9030     3.9025    27.7002    27.7133    6.18117    6.38588         20 0.0000e+00
      25960   1081.643    669.000     3.9563   3.271519     3.9555   3.272799      82.64     0.0175     2.7478     2.4716  1.9536020  1.1179467   48.34686  -46.57973    34.8799    34.8960     3.9072     3.9063    27.7004    27.7133    6.18589    6.38281         20 0.0000e+00
      25984   1082.608    670.000     3.9584   3.271782     3.9581   3.273131      70.20     0.0137     2.7476     2.4706  1.9541055  1.1181669   48.34686  -46.57972    34.8803    34.8965     3.9091     3.9089    27.7005    27.7135    6.19141    6.37629         28 0.0000e+00
      26022   1084.192    671.000     3.9626   3.272273     3.9633   3.273713      90.50     0.0117     2.7468     2.4694  1.9548546  1.1184491   48.34686  -46.57972    34.8811    34.8974     3.9133     3.9139    27.7008    27.7137    6.18710    6.38184         43 0.0000e+00
      26055   1085.566    672.000     3.9653   3.272648     3.9653   3.274005      87.52     0.0165     2.7458     2.4690  1.9547117  1.1186041   48.34686  -46.57972    34.8821    34.8983     3.9159     3.9158    27.7013    27.7142    6.18073    6.38378         23 0.0000e+00
      26074   1086.371    673.000     3.9662   3.272811     3.9659   3.274157      96.13     0.0167     2.7457     2.4692  1.9548942  1.1185032   48.34686  -46.57972    34.8827    34.8988     3.9166     3.9164    27.7017    27.7146    6.18789    6.38901         18 0.0000e+00
      26090   1087.045    674.000     3.9666   3.272912     3.9664   3.274261      95.94     0.0148     2.7454     2.4692  1.9567853  1.1196635   48.34686  -46.57972    34.8829    34.8990     3.9170     3.9168    27.7018    27.7147    6.18861    6.38976         15 0.0000e+00
      26105   1087.674    675.000     3.9671   3.273015     3.9670   3.274370      79.03     0.0168     2.7454     2.4693  1.9570236  1.1196581   48.34686  -46.57972    34.8830    34.8992     3.9174     3.9173    27.7018    27.7148    6.18826    6.39036         15 0.0000e+00
      26121   1088.330    676.000     3.9670   3.273043     3.9665   3.274367      84.82     0.0196     2.7453     2.4694  1.9569778  1.1196581   48.34686  -46.57972    34.8829    34.8991     3.9173     3.9168    27.7018    27.7148    6.19041    6.38834         17 0.0000e+00
      26141   1089.185    677.000     3.9662   3.273000     3.9657   3.274322      95.33     0.0163     2.7452     2.4691  1.9560262  1.1196581   48.34686  -46.57972    34.8828    34.8989     3.9163     3.9159    27.7018    27.7147    6.19377    6.38704         27 0.0000e+00
      26192   1091.281    678.000     3.9660   3.273016     3.9659   3.274366      56.11     0.0150     2.7448     2.4684  1.9551380  1.1196581   48.34686  -46.57972    34.8827    34.8988     3.9161     3.9160    27.7017    27.7145    6.18404    6.38298         52 0.0000e+00
      26219   1092.401    679.000     3.9660   3.273075     3.9656   3.274401      94.97     0.0146     2.7442     2.4680  1.9548800  1.1197236   48.34684  -46.57972    34.8828    34.8990     3.9160     3.9156    27.7019    27.7148    6.18151    6.38382         19 0.0000e+00
      26235   1093.094    680.000     3.9653   3.273048     3.9651   3.274395      91.29     0.0112     2.7433     2.4678  1.9550496  1.1208633   48.34684  -46.57970    34.8828    34.8989     3.9152     3.9150    27.7019    27.7148    6.18636    6.38030         16 0.0000e+00
      26251   1093.741    681.000     3.9646   3.273025     3.9645   3.274387      73.95     0.0132     2.7437     2.4672  1.9549065  1.1208792   48.34684  -46.57970    34.8827    34.8989     3.9144     3.9143    27.7019    27.7148    6.18866    6.37679         15 0.0000e+00
      26267   1094.423    682.000     3.9642   3.273030     3.9642   3.274403      87.77     0.0139     2.7430     2.4667  1.9550903  1.1208128   48.34684  -46.57970    34.8826    34.8989     3.9140     3.9139    27.7019    27.7149    6.18278    6.37979         18 0.0000e+00
      26288   1095.295    683.000     3.9638   3.273023     3.9637   3.274380      95.56     0.0138     2.7429     2.4665  1.9560261  1.1198210   48.34686  -46.57970    34.8824    34.8986     3.9136     3.9134    27.7018    27.7147    6.19000    6.38279         26 0.0000e+00
      26321   1096.687    684.000     3.9617   3.272868     3.9618   3.274239      82.88     0.0162     2.7425     2.4657  1.9568465  1.1197633   48.34685  -46.57970    34.8823    34.8985     3.9114     3.9115    27.7019    27.7148    6.18364    6.37526         35 0.0000e+00
      26350   1097.869    685.000     3.9580   3.272580     3.9578   3.273923      96.63     0.0129     2.7423     2.4651  1.9576935  1.1196531   48.34684  -46.57970    34.8823    34.8984     3.9076     3.9074    27.7023    27.7151    6.19324    6.38531         22 0.0000e+00
      26370   1098.689    686.000     3.9568   3.272525     3.9566   3.273872      96.20     0.0129     2.7419     2.4654  1.9575845  1.1196581   48.34684  -46.57970    34.8824    34.8986     3.9064     3.9061    27.7025    27.7154    6.18811    6.39039         19 0.0000e+00
      26388   1099.456    687.000     3.9570   3.272590     3.9567   3.273931      88.12     0.0119     2.7418     2.4654  1.9572657  1.1196581   48.34684  -46.57970    34.8824    34.8986     3.9064     3.9061    27.7025    27.7155    6.18703    6.38968         19 0.0000e+00
      26407   1100.261    688.000     3.9572   3.272656     3.9569   3.274004      81.66     0.0160     2.7414     2.4656  1.9572649  1.1196581   48.34684  -46.57970    34.8825    34.8988     3.9065     3.9062    27.7026    27.7156    6.18725    6.39227         20 0.0000e+00
      26430   1101.201    689.000     3.9575   3.272741     3.9572   3.274077      69.68     0.0155     2.7414     2.4657  1.9577976  1.1196581   48.34684  -46.57968    34.8826    34.8988     3.9068     3.9064    27.7027    27.7156    6.19043    6.39229         25 0.0000e+00
      26457   1102.338    690.000     3.9576   3.272793     3.9572   3.274136      88.85     0.0099     2.7414     2.4660  1.9578546  1.1196581   48.34684  -46.57968    34.8827    34.8989     3.9068     3.9064    27.7027    27.7156    6.19894    6.39639         29 0.0000e+00
      26485   1103.482    691.000     3.9576   3.272846     3.9573   3.274186      87.04     0.0094     2.7417     2.4662  1.9577342  1.1196581   48.34684  -46.57968    34.8827    34.8989     3.9067     3.9064    27.7027    27.7157    6.18749    6.39353         26 0.0000e+00
      26511   1104.578    692.000     3.9576   3.272887     3.9574   3.274234      96.32     0.0115     2.7404     2.4659  1.9569724  1.1196581   48.34684  -46.57968    34.8827    34.8989     3.9066     3.9064    27.7027    27.7156    6.18458    6.38721         26 0.0000e+00
      26536   1105.642    693.000     3.9566   3.272859     3.9567   3.274229      81.05     0.0102     2.7407     2.4655  1.9560288  1.1196581   48.34684  -46.57968    34.8829    34.8990     3.9056     3.9056    27.7030    27.7158    6.19316    6.39171         25 0.0000e+00
      26560   1106.627    694.000     3.9566   3.272902     3.9564   3.274255      92.43     0.0146     2.7400     2.4654  1.9560440  1.1196581   48.34684  -46.57968    34.8829    34.8991     3.9055     3.9053    27.7030    27.7159    6.18713    6.38660         22 0.0000e+00
      26581   1107.482    695.000     3.9567   3.272954     3.9564   3.274298      96.34     0.0160     2.7399     2.4647  1.9561665  1.1196581   48.34684  -46.57968    34.8829    34.8991     3.9055     3.9052    27.7030    27.7159    6.19202    6.38490         20 0.0000e+00
      26599   1108.260    696.000     3.9570   3.273020     3.9567   3.274372      87.39     0.0127     2.7402     2.4644  1.9561125  1.1196581   48.34684  -46.57968    34.8828    34.8991     3.9057     3.9054    27.7029    27.7159    6.19049    6.38944         18 0.0000e+00
      26618   1109.031    697.000     3.9571   3.273073     3.9568   3.274424      34.51     0.0101     2.7393     2.4644  1.9571216  1.1196581   48.34684  -46.57968    34.8828    34.8991     3.9057     3.9055    27.7029    27.7159    6.18001    6.38948         19 0.0000e+00
