data/CTD/2013/CNV/D021A030.CNV
* Sea-Bird SBE 9 Data File:
* FileName = C:\CTD_ACQUISITION\2013021HUD\ctddata\021A030.hdr
* Software Version Seasave V 7.22.2
* Temperature SN = 5081
* Conductivity SN = 3561
* Number of Bytes Per Scan = 37
* Number of Voltage Words = 4
* Number of Scans Averaged by the Deck Unit = 1
* NMEA Latitude = 48 02.22 N
* NMEA Longitude = 046 13.89 W
* NMEA UTC (Time) = Jul 03 2013 03:47:18
* NMEA baud rate = 9600
** Ship: Hudson
** Cruise: HUD2013021
** Chief_Scientist: Greenan
** Organization: BIO
** Area_of_Operation: Sackville Spur
** Station: 30
** Sounding:  1179
** Event_Comments: SS16  393135
# nquan = 25
# nvalues = 1166                        
# units = specified
# name 0 = scan: Scan Count
# name 1 = timeS: Time, Elapsed [seconds]
# name 2 = prDM: Pressure, Digiquartz [db]
# name 3 = t068C: Temperature [ITS-68, deg C]
# name 4 = c0S/m: Conductivity [S/m]
# name 5 = t168C: Temperature, 2 [ITS-68, deg C]
# name 6 = c1S/m: Conductivity, 2 [S/m]
# name 7 = altM: Altimeter [m]
# name 8 = flCUVA: Fluorescence, Chelsea UV Aquatracka [ug/l]
# name 9 = sbeox0V: Oxygen raw, SBE 43 [V]
# name 10 = sbeox1V: Oxygen raw, SBE 43, 2 [V]
# name 11 = upoly0: Upoly 0, Optode 4330F - O2 D-Phase
# name 12 = upoly1: Upoly 1, Optode 4330F - O2 Temp
# name 13 = latitude: Latitude [deg]
# name 14 = longitude: Longitude [deg]
# name 15 = sal00: Salinity, Practical [PSU]
# name 16 = sal11: Salinity, Practical, 2 [PSU]
# name 17 = potemp068C: Potential Temperature [ITS-68, deg C]
# name 18 = potemp168C: Potential Temperature, 2 [ITS-68, deg C]
# name 19 = sigma-é00: Density [sigma-theta, Kg/m^3]
# name 20 = sigma-é11: Density, 2 [sigma-theta, Kg/m^3]
# name 21 = sbeox0ML/L: Oxygen, SBE 43 [ml/l], WS = 2
# name 22 = sbeox1ML/L: Oxygen, SBE 43, 2 [ml/l], WS = 2
# name 23 = nbin: number of scans per bin
# name 24 = flag: flag
# span 0 =      11794,      40899       
# span 1 =    491.394,   1704.066       
# span 2 =      2.000,   1167.000       
# span 3 =    -0.0533,     5.8806       
# span 4 =   2.777590,   3.279145       
# span 5 =    -0.0532,     5.8807       
# span 6 =   2.778876,   3.280452       
# span 7 =       4.06,     103.53       
# span 8 =     0.0055,     0.1072       
# span 9 =     2.5279,     3.3535       
# span 10 =     2.2742,     3.0047      
# span 11 =  1.7301460,  2.0210135      
# span 12 =  0.6469306,  1.3644771      
# span 13 =   48.03712,   48.03774      
# span 14 =  -46.23160,  -46.23058      
# span 15 =    32.7430,    34.9094      
# span 16 =    32.7638,    34.9257      
# span 17 =    -0.0545,     5.8803      
# span 18 =    -0.0543,     5.8800      
# span 19 =    25.7878,    27.7468      
# span 20 =    25.8007,    27.7599      
# span 21 =    5.92215,    7.88160      
# span 22 =    6.15941,    7.93193      
# span 23 =          9,         85      
# span 24 = 0.0000e+00, 0.0000e+00      
# interval = decibars: 1                
# start_time = Jul 03 2013 03:47:18 [NMEA time, header]
# bad_flag = -9.990e-29
*END*
[from data line 290]
      21129    880.337    292.000     3.8000   3.231680     3.7998   3.232995      91.94     0.0142     2.8621     2.5747  1.9462746  1.0964592   48.03750  -46.23104    34.7723    34.7881     3.7798     3.7796    27.6278    27.6405    6.25068    6.44105         27 0.0000e+00
      21156    881.469    293.000     3.8008   3.231807     3.8005   3.233117      45.62     0.0171     2.8617     2.5751  1.9462759  1.0972804   48.03750  -46.23104    34.7724    34.7883     3.7805     3.7803    27.6278    27.6405    6.24010    6.44137         26 0.0000e+00
      21179    882.425    294.000     3.8012   3.231902     3.8010   3.233219      96.95     0.0167     2.8605     2.5752  1.9462759  1.0975672   48.03750  -46.23104    34.7725    34.7885     3.7809     3.7806    27.6279    27.6406    6.23908    6.43994         20 0.0000e+00
      21197    883.169    295.000     3.8022   3.232067     3.8019   3.233376      16.94     0.0193     2.8602     2.5749  1.9469838  1.0974479   48.03752  -46.23104    34.7729    34.7888     3.7818     3.7815    27.6281    27.6408    6.24749    6.43690         16 0.0000e+00
      21212    883.809    296.000     3.8032   3.232225     3.8029   3.233538      87.40     0.0190     2.8606     2.5749  1.9475113  1.0976863   48.03751  -46.23104    34.7732    34.7891     3.7827     3.7825    27.6282    27.6410    6.24598    6.43669         15 0.0000e+00
      21227    884.425    297.000     3.8038   3.232337     3.8036   3.233651      96.51     0.0184     2.8603     2.5745  1.9474969  1.0976801   48.03750  -46.23104    34.7733    34.7893     3.7833     3.7830    27.6283    27.6410    6.24437    6.43693         15 0.0000e+00
      21243    885.074    298.000     3.8043   3.232447     3.8041   3.233761      96.60     0.0152     2.8599     2.5745  1.9471431  1.0976801   48.03750  -46.23104    34.7736    34.7895     3.7837     3.7834    27.6284    27.6412    6.24288    6.43531         17 0.0000e+00
      21261    885.825    299.000     3.8068   3.232766     3.8063   3.234057      56.35     0.0131     2.8596     2.5737  1.9467784  1.0976801   48.03750  -46.23104    34.7742    34.7901     3.7861     3.7856    27.6287    27.6415    6.23800    6.42625         20 0.0000e+00
      21285    886.821    300.000     3.8127   3.233455     3.8115   3.234661      75.68     0.0162     2.8586     2.5727  1.9470512  1.0980176   48.03750  -46.23104    34.7756    34.7912     3.7919     3.7907    27.6293    27.6418    6.23486    6.42606         28 0.0000e+00
      21314    888.027    301.000     3.8223   3.234614     3.8213   3.235831      96.01     0.0144     2.8576     2.5721  1.9475073  1.0987830   48.03750  -46.23104    34.7787    34.7943     3.8014     3.8004    27.6307    27.6433    6.23177    6.43002         27 0.0000e+00
      21339    889.073    302.000     3.8325   3.235857     3.8300   3.236909      37.64     0.0177     2.8568     2.5719  1.9472235  1.0997251   48.03750  -46.23104    34.7822    34.7974     3.8115     3.8090    27.6325    27.6448    6.23387    6.42315         23 0.0000e+00
      21360    889.961    303.000     3.8495   3.237882     3.8478   3.239052      61.03     0.0202     2.8571     2.5710  1.9467523  1.1004462   48.03750  -46.23104    34.7877    34.8032     3.8284     3.8267    27.6352    27.6477    6.23939    6.41526         20 0.0000e+00
      21379    890.757    304.000     3.8534   3.238383     3.8530   3.239690      96.62     0.0211     2.8572     2.5703  1.9468551  1.1003788   48.03750  -46.23104    34.7890    34.8050     3.8322     3.8318    27.6358    27.6486    6.23191    6.41736         19 0.0000e+00
      21397    891.491    305.000     3.8538   3.238496     3.8535   3.239800      94.94     0.0172     2.8565     2.5702  1.9462829  1.1013316   48.03750  -46.23104    34.7894    34.8052     3.8326     3.8322    27.6360    27.6487    6.23191    6.40834         17 0.0000e+00
      21413    892.167    306.000     3.8546   3.238635     3.8543   3.239937      14.44     0.0181     2.8570     2.5684  1.9462759  1.1013432   48.03750  -46.23104    34.7897    34.8055     3.8332     3.8329    27.6362    27.6489    6.23585    6.40391         15 0.0000e+00
      21428    892.794    307.000     3.8555   3.238786     3.8552   3.240089      86.09     0.0168     2.8563     2.5682  1.9462759  1.1013432   48.03750  -46.23104    34.7900    34.8059     3.8341     3.8337    27.6364    27.6490    6.23247    6.42087         15 0.0000e+00
      21442    893.391    308.000     3.8558   3.238861     3.8556   3.240182      96.17     0.0117     2.8565     2.5688  1.9462759  1.1039382   48.03750  -46.23104    34.7899    34.8060     3.8344     3.8341    27.6363    27.6491    6.23342    6.42584         14 0.0000e+00
      21457    893.991    309.000     3.8565   3.238986     3.8562   3.240292      96.29     0.0126     2.8557     2.5685  1.9462759  1.1041085   48.03750  -46.23104    34.7902    34.8061     3.8349     3.8346    27.6365    27.6491    6.23390    6.42109         15 0.0000e+00
      21473    894.646    310.000     3.8573   3.239124     3.8570   3.240425      76.53     0.0119     2.8564     2.5686  1.9462759  1.1037952   48.03750  -46.23104    34.7904    34.8062     3.8357     3.8354    27.6366    27.6492    6.23950    6.41822         17 0.0000e+00
      21497    895.646    311.000     3.8584   3.239265     3.8583   3.240587      67.24     0.0167     2.8560     2.5679  1.9463060  1.1050783   48.03750  -46.23104    34.7904    34.8063     3.8367     3.8366    27.6365    27.6491    6.23730    6.41611         36 0.0000e+00
      21548    897.789    312.000     3.8600   3.239486     3.8604   3.240881      39.62     0.0147     2.8557     2.5672  1.9472094  1.1055858   48.03750  -46.23104    34.7908    34.8070     3.8383     3.8386    27.6366    27.6495    6.23120    6.41276         48 0.0000e+00
      21576    898.977    313.000     3.8643   3.240021     3.8637   3.241323      93.78     0.0148     2.8550     2.5658  1.9473827  1.1056187   48.03750  -46.23106    34.7921    34.8082     3.8424     3.8419    27.6372    27.6501    6.22617    6.40461         20 0.0000e+00
      21593    899.668    314.000     3.8675   3.240479     3.8670   3.241786      96.42     0.0196     2.8537     2.5656  1.9474971  1.1055758   48.03750  -46.23106    34.7936    34.8097     3.8455     3.8451    27.6381    27.6509    6.22541    6.41271         15 0.0000e+00
      21607    900.238    315.000     3.8694   3.240801     3.8690   3.242104      92.12     0.0199     2.8546     2.5656  1.9474969  1.1057208   48.03750  -46.23106    34.7949    34.8108     3.8474     3.8470    27.6389    27.6517    6.23678    6.41491         12 0.0000e+00
      21619    900.751    316.000     3.8718   3.241165     3.8714   3.242470      62.93     0.0203     2.8538     2.5653  1.9474969  1.1056123   48.03750  -46.23106    34.7961    34.8121     3.8497     3.8493    27.6397    27.6524    6.23701    6.41816         12 0.0000e+00
      21631    901.246    317.000     3.8738   3.241485     3.8735   3.242794      10.44     0.0192     2.8550     2.5658  1.9465497  1.1060376   48.03750  -46.23106    34.7973    34.8132     3.8516     3.8513    27.6404    27.6531    6.23449    6.42012         12 0.0000e+00
      21643    901.757    318.000     3.8759   3.241848     3.8756   3.243150      84.45     0.0164     2.8537     2.5658  1.9462719  1.1062299   48.03750  -46.23106    34.7988    34.8146     3.8537     3.8534    27.6414    27.6540    6.23674    6.41853         13 0.0000e+00
      21656    902.307    319.000     3.8767   3.241998     3.8765   3.243325      95.94     0.0157     2.8551     2.5658  1.9462759  1.1062272   48.03750  -46.23106    34.7993    34.8152     3.8544     3.8542    27.6417    27.6544    6.23692    6.41559         14 0.0000e+00
      21672    902.949    320.000     3.8764   3.242043     3.8763   3.243366      96.20     0.0195     2.8541     2.5655  1.9466298  1.1065102   48.03750  -46.23106    34.7996    34.8154     3.8540     3.8539    27.6420    27.6546    6.22505    6.41599         17 0.0000e+00
      21693    903.844    321.000     3.8765   3.242157     3.8763   3.243476      52.79     0.0191     2.8528     2.5654  1.9474494  1.1073966   48.03750  -46.23106    34.8002    34.8162     3.8541     3.8538    27.6425    27.6552    6.22273    6.41928         28 0.0000e+00
      21728    905.287    322.000     3.8786   3.242443     3.8781   3.243739      93.06     0.0211     2.8525     2.5655  1.9474630  1.1074142   48.03750  -46.23106    34.8009    34.8169     3.8560     3.8555    27.6428    27.6556    6.23235    6.42044         37 0.0000e+00
      21758    906.553    323.000     3.8826   3.242925     3.8821   3.244220      78.55     0.0206     2.8527     2.5657  1.9474971  1.1074483   48.03750  -46.23106    34.8019    34.8179     3.8599     3.8594    27.6432    27.6560    6.24183    6.42285         25 0.0000e+00
      21781    907.484    324.000     3.8814   3.242865     3.8814   3.244220      44.92     0.0137     2.8538     2.5659  1.9474969  1.1076323   48.03749  -46.23106    34.8019    34.8180     3.8587     3.8587    27.6434    27.6562    6.25075    6.42565         20 0.0000e+00
      21801    908.313    325.000     3.8765   3.242454     3.8768   3.243825      59.51     0.0143     2.8545     2.5661  1.9474969  1.1075091   48.03748  -46.23106    34.8017    34.8177     3.8537     3.8540    27.6437    27.6564    6.24273    6.42559         20 0.0000e+00
      21820    909.129    326.000     3.8696   3.241811     3.8706   3.243252      93.20     0.0181     2.8540     2.5662  1.9468987  1.1082270   48.03748  -46.23106    34.8008    34.8169     3.8468     3.8478    27.6437    27.6564    6.22727    6.42341         20 0.0000e+00
      21840    909.951    327.000     3.8664   3.241545     3.8663   3.242871      42.18     0.0174     2.8524     2.5658  1.9462812  1.1086655   48.03749  -46.23106    34.8005    34.8164     3.8435     3.8434    27.6438    27.6565    6.22414    6.42017         19 0.0000e+00
      21858    910.703    328.000     3.8621   3.241180     3.8621   3.242532      70.45     0.0166     2.8516     2.5652  1.9462759  1.1086692   48.03750  -46.23107    34.8002    34.8162     3.8391     3.8392    27.6440    27.6568    6.22233    6.41989         17 0.0000e+00
      21873    911.353    329.000     3.8583   3.240915     3.8587   3.242288      96.00     0.0170     2.8508     2.5651  1.9474082  1.1075368   48.03750  -46.23108    34.8005    34.8164     3.8353     3.8357    27.6446    27.6573    6.21772    6.42393         14 0.0000e+00
      21887    911.934    330.000     3.8532   3.240527     3.8536   3.241895      96.23     0.0167     2.8498     2.5647  1.9474963  1.1074487   48.03750  -46.23108    34.8008    34.8167     3.8301     3.8305    27.6454    27.6580    6.22175    6.42666         14 0.0000e+00
      21901    912.492    331.000     3.8498   3.240409     3.8502   3.241788      96.72     0.0164     2.8494     2.5650  1.9474969  1.1074481   48.03750  -46.23108    34.8024    34.8184     3.8267     3.8271    27.6470    27.6597    6.22567    6.42891         13 0.0000e+00
      21915    913.074    332.000     3.8660   3.242208     3.8640   3.243382      21.81     0.0162     2.8485     2.5648  1.9474969  1.1072080   48.03750  -46.23108    34.8061    34.8223     3.8427     3.8407    27.6483    27.6614    6.22305    6.41758         15 0.0000e+00
      21932    913.778    333.000     3.8791   3.243591     3.8790   3.244930      76.48     0.0145     2.8483     2.5638  1.9474969  1.1066227   48.03749  -46.23108    34.8082    34.8242     3.8557     3.8556    27.6486    27.6614    6.22533    6.40954         20 0.0000e+00
      21965    915.154    334.000     3.8965   3.245496     3.8958   3.246733      84.44     0.0127     2.8482     2.5632  1.9473625  1.1069562   48.03748  -46.23108    34.8118    34.8273     3.8730     3.8724    27.6497    27.6621    6.22482    6.41761         45 0.0000e+00
      22002    916.697    335.000     3.9074   3.246768     3.9070   3.248065      58.99     0.0132     2.8477     2.5631  1.9472101  1.1074164   48.03748  -46.23108    34.8148    34.8307     3.8838     3.8834    27.6511    27.6637    6.22267    6.41512         26 0.0000e+00
      22022    917.558    336.000     3.9103   3.247155     3.9098   3.248451      95.72     0.0151     2.8478     2.5628  1.9462810  1.1100118   48.03748  -46.23108    34.8159    34.8318     3.8866     3.8862    27.6516    27.6643    6.22435    6.41261         18 0.0000e+00
      22039    918.239    337.000     3.9129   3.247489     3.9125   3.248787      95.69     0.0146     2.8474     2.5625  1.9462759  1.1100525   48.03748  -46.23108    34.8165    34.8324     3.8892     3.8887    27.6518    27.6646    6.22774    6.41411         15 0.0000e+00
      22053    918.845    338.000     3.9142   3.247682     3.9138   3.248984      52.54     0.0157     2.8481     2.5626  1.9462759  1.1101502   48.03748  -46.23108    34.8169    34.8328     3.8903     3.8900    27.6521    27.6648    6.23371    6.41731         14 0.0000e+00
      22068    919.459    339.000     3.9170   3.248030     3.9165   3.249321      38.21     0.0163     2.8484     2.5626  1.9462759  1.1111124   48.03748  -46.23108    34.8176    34.8334     3.8931     3.8926    27.6523    27.6649    6.22804    6.41463         15 0.0000e+00
      22085    920.177    340.000     3.9218   3.248576     3.9216   3.249876      95.87     0.0171     2.8480     2.5623  1.9462759  1.1111112   48.03748  -46.23108    34.8184    34.8342     3.8979     3.8976    27.6524    27.6650    6.22476    6.40709         20 0.0000e+00
      22111    921.269    341.000     3.9249   3.248918     3.9240   3.250160      90.71     0.0151     2.8479     2.5611  1.9462759  1.1118731   48.03748  -46.23108    34.8187    34.8344     3.9008     3.8999    27.6524    27.6650    6.22166    6.40385         32 0.0000e+00
      22141    922.508    342.000     3.9290   3.249436     3.9286   3.250728      20.36     0.0117     2.8469     2.5605  1.9462759  1.1123598   48.03748  -46.23108    34.8199    34.8357     3.9048     3.9044    27.6529    27.6656    6.21530    6.40806         24 0.0000e+00
      22161    923.327    343.000     3.9253   3.249171     3.9256   3.250539      99.63     0.0151     2.8465     2.5604  1.9462759  1.1133041   48.03748  -46.23110    34.8202    34.8361     3.9011     3.9014    27.6535    27.6662    6.21433    6.41328         17 0.0000e+00
      22176    923.963    344.000     3.9225   3.249006     3.9227   3.250349      36.47     0.0150     2.8455     2.5604  1.9461939  1.1135553   48.03748  -46.23110    34.8206    34.8364     3.8982     3.8984    27.6542    27.6667    6.21713    6.41245         15 0.0000e+00
      22190    924.531    345.000     3.9323   3.250160     3.9306   3.251333      48.66     0.0141     2.8458     2.5605  1.9461823  1.1135532   48.03748  -46.23110    34.8234    34.8392     3.9080     3.9062    27.6554    27.6682    6.23074    6.41086         13 0.0000e+00
      22203    925.083    346.000     3.9336   3.250361     3.9334   3.251683      89.67     0.0128     2.8465     2.5600  1.9461820  1.1137409   48.03748  -46.23110    34.8239    34.8398     3.9091     3.9089    27.6557    27.6684    6.23815    6.40987         13 0.0000e+00
      22217    925.664    347.000     3.9310   3.250158     3.9312   3.251522      84.94     0.0161     2.8470     2.5601  1.9462756  1.1137161   48.03748  -46.23110    34.8237    34.8397     3.9065     3.9066    27.6558    27.6685    6.23544    6.41274         15 0.0000e+00
      22234    926.371    348.000     3.9294   3.250099     3.9291   3.251411      96.30     0.0198     2.8471     2.5600  1.9462759  1.1138536   48.03748  -46.23110    34.8241    34.8401     3.9048     3.9045    27.6563    27.6690    6.22713    6.40890         20 0.0000e+00
