data/CTD/2013/CNV/D021A009.CNV
* Sea-Bird SBE 9 Data File:
* FileName = C:\CTD_ACQUISITION\2013021HUD\ctddata\021A009.hdr
* Software Version Seasave V 7.22.2
* Temperature SN = 5081
* Conductivity SN = 3561
* Number of Bytes Per Scan = 37
* Number of Voltage Words = 4
* Number of Scans Averaged by the Deck Unit = 1
* NMEA Latitude = 47 00.01 N
* NMEA Longitude = 047 29.87 W
* NMEA UTC (Time) = Jul 01 2013 18:20:11
* NMEA baud rate = 9600
** Ship: Hudson
** Cruise: HUD2013021
** Chief_Scientist: Greenan
** Organization: BIO
** Area_of_Operation: Sackville Spur
** Station: 9
** Sounding:  220
** Event_Comments: FC14
# nquan = 25
# nvalues = 209                         
# units = specified
# name 0 = scan: Scan Count
# name 1 = timeS: Time, Elapsed [seconds]
# name 2 = prDM: Pressure, Digiquartz [db]
# name 3 = t068C: Temperature [ITS-68, deg C]
# name 4 = c0S/m: Conductivity [S/m]
# name 5 = t168C: Temperature, 2 [ITS-68, deg C]
# name 6 = c1S/m: Conductivity, 2 [S/m]
# name 7 = altM: Altimeter [m]
# name 8 = flCUVA: Fluorescence, Chelsea UV Aquatracka [ug/l]
# name 9 = sbeox0V: Oxygen raw, SBE 43 [V]
# name 10 = sbeox1V: Oxygen raw, SBE 43, 2 [V]
# name 11 = upoly0: Upoly 0, Optode 4330F - O2 D-Phase
# name 12 = upoly1: Upoly 1, Optode 4330F - O2 Temp
# name 13 = latitude: Latitude [deg]
# name 14 = longitude: Longitude [deg]
# name 15 = sal00: Salinity, Practical [PSU]
# name 16 = sal11: Salinity, Practical, 2 [PSU]
# name 17 = potemp068C: Potential Temperature [ITS-68, deg C]
# name 18 = potemp168C: Potential Temperature, 2 [ITS-68, deg C]
# name 19 = sigma-é00: Density [sigma-theta, Kg/m^3]
# name 20 = sigma-é11: Density, 2 [sigma-theta, Kg/m^3]
# name 21 = sbeox0ML/L: Oxygen, SBE 43 [ml/l], WS = 2
# name 22 = sbeox1ML/L: Oxygen, SBE 43, 2 [ml/l], WS = 2
# name 23 = nbin: number of scans per bin
# name 24 = flag: flag
# span 0 =       8963,      16198       
# span 1 =    373.426,    674.876       
# span 2 =      1.000,    209.000       
# span 3 =    -0.8232,     6.5557       
# span 4 =   2.689980,   3.246201       
# span 5 =    -0.8412,     6.5553       
# span 6 =   2.683411,   3.247253       
# span 7 =       2.79,      98.14       
# span 8 =     0.0157,     0.2378       
# span 9 =     2.5764,     3.4240       
# span 10 =     2.3021,     3.0052      
# span 11 =  1.7127090,  2.1499442      
# span 12 =  0.5287369,  1.4499660      
# span 13 =   47.00026,   47.00050      
# span 14 =  -47.49630,  -47.49566      
# span 15 =    32.3127,    33.8823      
# span 16 =    32.3346,    33.9547      
# span 17 =    -0.8252,     6.5553      
# span 18 =    -0.8431,     6.5551      
# span 19 =    25.3606,    27.1140      
# span 20 =    25.3779,    27.1639      
# span 21 =    5.76740,    8.29823      
# span 22 =    5.90021,    7.97814      
# span 23 =         16,         90      
# span 24 = 0.0000e+00, 0.0000e+00      
# interval = decibars: 1                
# start_time = Jul 01 2013 18:20:11 [NMEA time, header]
# bad_flag = -9.990e-29
*END*
       8963    373.426      1.000     6.5547   3.246129     6.5542   3.247101       2.79     0.0657     3.3369     2.9990  1.7138485  1.4497708   47.00026  -47.49630    32.3237    32.3349     6.5546     6.5542    25.3694    25.3782    6.94437    7.08909         17 0.0000e+00
       8988    374.473      2.000     6.5552   3.245215     6.5537   3.247102       3.57     0.0626     3.3401     2.9988  1.7127090  1.4499660   47.00028  -47.49630    32.3127    32.3349     6.5550     6.5536    25.3606    25.3783    6.95111    7.09357         19 0.0000e+00
       9012    375.478      3.000     6.5555   3.245758     6.5553   3.247253       4.04     0.0654     3.3435     2.9995  1.7133855  1.4499415   47.00028  -47.49630    32.3179    32.3346     6.5553     6.5551    25.3647    25.3779    6.96858    7.10637         32 0.0000e+00
       9076    378.119      4.000     6.5546   3.245913     6.5512   3.246971       4.34     0.0675     3.3560     3.0018  1.7144508  1.4485208   47.00028  -47.49630    32.3201    32.3348     6.5543     6.5509    25.3665    25.3786    6.99733    7.10722         68 0.0000e+00
       9118    379.882      5.000     6.5549   3.246056     6.5507   3.246977       4.37     0.0693     3.3591     3.0031  1.7146431  1.4489297   47.00028  -47.49628    32.3208    32.3349     6.5545     6.5503    25.3671    25.3787    6.99078    7.11986         37 0.0000e+00
       9168    381.950      6.000     6.5549   3.246094     6.5404   3.246156       4.51     0.0635     3.3646     3.0041  1.7147781  1.4486065   47.00029  -47.49628    32.3207    32.3351     6.5544     6.5399    25.3671    25.3802    7.01497    7.11964         66 0.0000e+00
       9230    384.553      7.000     6.5557   3.246202     6.5408   3.246229       4.60     0.0697     3.3717     3.0052  1.7148483  1.4480840   47.00030  -47.49627    32.3207    32.3351     6.5551     6.5402    25.3670    25.3802    7.02280    7.11175         48 0.0000e+00
       9274    386.369      8.000     6.5550   3.246191     6.5426   3.246440       4.66     0.0723     3.3734     3.0032  1.7143652  1.4470725   47.00030  -47.49626    32.3208    32.3352     6.5543     6.5419    25.3671    25.3801    7.01541    7.09979         44 0.0000e+00
       9316    388.130      9.000     6.5522   3.245995     6.5492   3.247026       4.80     0.0731     3.3729     2.9999  1.7146438  1.4468859   47.00031  -47.49626    32.3208    32.3349     6.5514     6.5485    25.3675    25.3789    7.02064    7.08801         41 0.0000e+00
       9355    389.736     10.000     6.5468   3.245593     6.5511   3.247205       5.21     0.0720     3.3764     2.9986  1.7144886  1.4469886   47.00032  -47.49626    32.3210    32.3347     6.5459     6.5502    25.3683    25.3786    7.05382    7.09814         36 0.0000e+00
       9394    391.364     11.000     6.5437   3.245388     6.5491   3.247119       5.26     0.0735     3.3830     2.9986  1.7146338  1.4473627   47.00032  -47.49625    32.3211    32.3349     6.5428     6.5482    25.3688    25.3790    7.07762    7.09695         45 0.0000e+00
       9449    393.652     12.000     6.5431   3.245381     6.5378   3.246201      14.59     0.0784     3.3896     2.9956  1.7144613  1.4481028   47.00032  -47.49624    32.3211    32.3352     6.5421     6.5368    25.3689    25.3807    7.07742    7.09051         63 0.0000e+00
       9506    396.024     13.000     6.5443   3.245515     6.5465   3.246982      98.14     0.0841     3.3941     2.9988  1.7143341  1.4473357   47.00032  -47.49624    32.3210    32.3351     6.5432     6.5454    25.3687    25.3795    7.09513    7.12420         46 0.0000e+00
       9544    397.607     14.000     6.5453   3.245649     6.5287   3.245531      81.75     0.0794     3.3979     3.0000  1.7142856  1.4471015   47.00034  -47.49623    32.3211    32.3355     6.5441     6.5275    25.3687    25.3821    7.09965    7.10920         34 0.0000e+00
       9576    398.942     15.000     6.5440   3.245588     6.5038   3.243549      94.94     0.0824     3.3998     2.9995  1.7143246  1.4472393   47.00034  -47.49622    32.3212    32.3367     6.5427     6.5025    25.3689    25.3863    7.09621    7.11115         31 0.0000e+00
       9613    400.516     16.000     6.5415   3.245408     6.4714   3.240937      95.11     0.0851     3.4007     2.9968  1.7143328  1.4469177   47.00034  -47.49622    32.3211    32.3380     6.5401     6.4701    25.3691    25.3914    7.10288    7.08401         51 0.0000e+00
       9685    403.483     17.000     6.5366   3.245043     6.4784   3.241513      86.97     0.0984     3.4056     2.9862  1.7168643  1.4432745   47.00034  -47.49622    32.3212    32.3373     6.5352     6.4770    25.3698    25.3900    7.12238    7.07062         66 0.0000e+00
       9725    405.165     18.000     6.5286   3.244435     6.4717   3.241009      79.62     0.0983     3.4066     2.9895  1.7146028  1.4406018   47.00036  -47.49620    32.3216    32.3376     6.5271     6.4702    25.3712    25.3911    7.11658    7.12792         31 0.0000e+00
       9756    406.466     19.000     6.5104   3.242998     6.4347   3.238052      92.06     0.0994     3.4085     2.9934  1.7169914  1.4396069   47.00036  -47.49620    32.3225    32.3394     6.5088     6.4332    25.3742    25.3972    7.13570    7.12039         34 0.0000e+00
       9799    408.241     20.000     6.5017   3.242288     6.2160   3.220464      88.39     0.1063     3.4093     2.9907  1.7167825  1.4395835   47.00036  -47.49620    32.3223    32.3517     6.5000     6.2144    25.3753    25.4341    7.11909    7.11208         54 0.0000e+00
       9855    410.585     21.000     6.4960   3.241839     5.9204   3.196643      85.82     0.1106     3.4073     2.9744  1.7212698  1.4320196   47.00036  -47.49619    32.3223    32.3672     6.4943     5.9187    25.3759    25.4827    7.12215    7.03314         52 0.0000e+00
       9903    412.581     22.000     6.4761   3.240248     5.8324   3.189746      95.07     0.1156     3.4065     2.9378  1.7282382  1.4029810   47.00037  -47.49618    32.3231    32.3735     6.4743     5.8307    25.3791    25.4983    7.11994    6.84030         49 0.0000e+00
       9952    414.637     23.000     6.4186   3.235648     5.6608   3.176817      86.03     0.1229     3.4063     2.9155  1.7267723  1.3822142   47.00038  -47.49618    32.3263    32.3922     6.4166     5.6590    25.3889    25.5334    7.14001    7.06011         47 0.0000e+00
       9997    416.504     24.000     6.2966   3.225892     5.1356   3.138689      75.94     0.1413     3.4080     2.9344  1.7290841  1.3709235   47.00038  -47.49617    32.3334    32.4662     6.2946     5.1338    25.4098    25.6519    7.16570    7.25446         44 0.0000e+00
      10039    418.249     25.000     6.1891   3.217187     4.2148   3.071347      95.56     0.1705     3.4052     2.9434  1.7411928  1.3467721   47.00038  -47.49616    32.3383    32.5888     6.1870     4.2132    25.4271    25.8462    7.12223    7.41330         38 0.0000e+00
      10077    419.825     26.000     6.0408   3.205337     2.6315   2.940873      95.36     0.2134     3.3863     2.9537  1.7548323  1.2945932   47.00038  -47.49616    32.3470    32.6154     6.0387     2.6301    25.4522    26.0118    7.04454    7.78437         41 0.0000e+00
      10132    422.137     27.000     5.8255   3.188534     2.1566   2.899944      67.69     0.2378     3.3842     2.9608  1.7823678  1.1355551   47.00038  -47.49616    32.3641    32.5971     5.8234     2.1552    25.4916    26.0354    7.23463    7.80349         67 0.0000e+00
      10187    424.428     28.000     5.4451   3.160622     1.6659   2.864805      80.50     0.2243     3.3934     2.9592  1.7840637  1.0130562   47.00038  -47.49614    32.4142    32.6642     5.4430     1.6646    25.5759    26.1245    7.29285    7.89871         40 0.0000e+00
      10224    425.952     29.000     4.6460   3.099706     1.5933   2.860820      95.14     0.1795     3.3934     2.9616  1.7938699  0.9700742   47.00038  -47.49614    32.4926    32.6889     4.6439     1.5920    25.7258    26.1492    7.44394    7.95978         38 0.0000e+00
      10267    427.734     30.000     4.0412   3.051648     1.5284   2.856719      84.80     0.1468     3.4022     2.9638  1.7980057  0.9277309   47.00040  -47.49614    32.5272    32.7041     4.0393     1.5270    25.8155    26.1658    7.65500    7.97814         49 0.0000e+00
      10322    430.025     31.000     3.3127   2.994793     1.2829   2.837945      63.76     0.1377     3.4185     2.9584  1.7986687  0.8977406   47.00040  -47.49614    32.5778    32.7220     3.3108     1.2815    25.9243    26.1963    7.82289    7.92803         54 0.0000e+00
      10364    431.797     32.000     2.6575   2.942196     1.2718   2.839789      95.15     0.1338     3.4234     2.9497  1.8012602  0.8800247   47.00040  -47.49612    32.6027    32.7566     2.6558     1.2705    26.0004    26.2248    7.94074    7.92226         36 0.0000e+00
      10402    433.361     33.000     2.2523   2.910842     1.2778   2.841391      81.94     0.1133     3.4240     2.9450  1.8015805  0.8635254   47.00040  -47.49612    32.6305    32.7699     2.2507     1.2764    26.0548    26.2351    8.01754    7.92489         40 0.0000e+00
      10444    435.144     34.000     2.0544   2.896328     1.3113   2.846050      95.17     0.1004     3.4228     2.9404  1.7997854  0.8485824   47.00040  -47.49612    32.6535    32.7935     2.0527     1.3099    26.0881    26.2519    8.04199    7.89497         44 0.0000e+00
      10490    437.048     35.000     1.8427   2.881014     1.0983   2.830738      85.10     0.1004     3.4201     2.9351  1.8015290  0.8459941   47.00041  -47.49612    32.6804    32.8215     1.8410     1.0969    26.1251    26.2879    8.07909    7.94116         51 0.0000e+00
      10550    439.546     36.000     1.5941   2.861957     1.0676   2.829587      95.78     0.1035     3.4155     2.9292  1.8094677  0.8308797   47.00042  -47.49611    32.6984    32.8387     1.5925     1.0661    26.1568    26.3036    8.11785    7.89733         61 0.0000e+00
      10599    441.593     37.000     1.4475   2.852362     1.0528   2.829220      80.35     0.1052     3.4126     2.9188  1.8131897  0.8131202   47.00042  -47.49610    32.7294    32.8490     1.4459     1.0512    26.1916    26.3128    8.14968    7.86076         39 0.0000e+00
      10635    443.073     38.000     1.3918   2.849372     0.9966   2.825344      95.37     0.0940     3.4093     2.9135  1.8149886  0.8074354   47.00042  -47.49610    32.7492    32.8580     1.3902     0.9951    26.2111    26.3235    8.14124    7.87858         35 0.0000e+00
      10673    444.687     39.000     1.3116   2.844546     0.9767   2.824079      82.80     0.0867     3.4054     2.9094  1.8191301  0.7953441   47.00043  -47.49610    32.7713    32.8622     1.3099     0.9752    26.2341    26.3280    8.14941    7.88144         45 0.0000e+00
      10728    446.939     40.000     1.3022   2.844712     0.8012   2.810249      69.38     0.0869     3.4025     2.9038  1.8230715  0.7863246   47.00044  -47.49610    32.7827    32.8694     1.3005     0.7996    26.2438    26.3442    8.15297    7.86712         58 0.0000e+00
      10776    448.957     41.000     1.2456   2.841558     0.6587   2.798604      95.75     0.0846     3.3978     2.8897  1.8268685  0.7806832   47.00044  -47.49610    32.8013    32.8696     1.2439     0.6572    26.2624    26.3526    8.13508    7.80963         40 0.0000e+00
      10824    450.958     42.000     1.1630   2.836326     0.6382   2.797366      86.33     0.0744     3.3918     2.8771  1.8342314  0.7538782   47.00044  -47.49609    32.8208    32.8749     1.1613     0.6366    26.2833    26.3580    8.14497    7.78777         62 0.0000e+00
      10882    453.385     43.000     1.1755   2.837407     0.5710   2.792426      81.10     0.0712     3.3889     2.8602  1.8374001  0.7403854   47.00044  -47.49608    32.8209    32.8817     1.1737     0.5694    26.2826    26.3672    8.12959    7.74658         43 0.0000e+00
      10917    454.813     44.000     1.0668   2.829568     0.3085   2.771177      56.67     0.0725     3.3820     2.8524  1.8388284  0.7386286   47.00044  -47.49608    32.8346    32.8844     1.0650     0.3070    26.3004    26.3833    8.09660    7.80236         32 0.0000e+00
      10952    456.281     45.000     0.9879   2.823509     0.2038   2.762390      79.68     0.0787     3.3735     2.8459  1.8476745  0.7244181   47.00044  -47.49608    32.8397    32.8808     0.9861     0.2022    26.3093    26.3858    8.07753    7.81299         40 0.0000e+00
      11002    458.386     46.000     0.9800   2.822506     0.0207   2.747334      85.26     0.0745     3.3592     2.8380  1.8532345  0.6994280   47.00046  -47.49607    32.8346    32.8787     0.9781     0.0192    26.3057    26.3929    8.04170    7.86519         63 0.0000e+00
      11066    461.060     47.000     0.8091   2.809865    -0.2473   2.726899      96.57     0.0589     3.3470     2.8369  1.8623821  0.6784636   47.00046  -47.49606    32.8521    32.8965     0.8073    -0.2487    26.3299    26.4196    8.07178    7.94614         52 0.0000e+00
      11102    462.540     48.000     0.6331   2.796362    -0.3289   2.721328      72.72     0.0536     3.3382     2.8337  1.8706741  0.6663396   47.00046  -47.49606    32.8638    32.9100     0.6313    -0.3303    26.3493    26.4340    8.03669    7.93191         28 0.0000e+00
      11130    463.703     49.000     0.4973   2.785418    -0.4179   2.714380      83.98     0.0477     3.3286     2.8317  1.8747425  0.6487728   47.00046  -47.49606    32.8656    32.9131     0.4955    -0.4193    26.3582    26.4403    8.04192    7.95158         31 0.0000e+00
      11202    466.707     50.000     0.3084   2.769735    -0.4108   2.715519      82.43     0.0465     3.3185     2.8242  1.8831965  0.6202354   47.00046  -47.49605    32.8622    32.9199     0.3066    -0.4123    26.3654    26.4456    8.14330    7.90820         65 0.0000e+00
      11262    469.192     51.000     0.0292   2.749135    -0.4615   2.712065      95.92     0.0417     3.3167     2.8153  1.8884460  0.6153240   47.00046  -47.49604    32.8904    32.9283     0.0275    -0.4629    26.4020    26.4544    8.19275    7.86935         27 0.0000e+00
      11287    470.263     52.000    -0.1207   2.736996    -0.4726   2.711238      70.60     0.0369     3.3132     2.8110  1.8925220  0.6153846   47.00046  -47.49604    32.8907    32.9288    -0.1223    -0.4741    26.4093    26.4552    8.20035    7.85639         26 0.0000e+00
      11318    471.560     53.000    -0.1971   2.731046    -0.4828   2.710584      78.61     0.0318     3.3091     2.8057  1.8935459  0.6068736   47.00048  -47.49604    32.8937    32.9305    -0.1987    -0.4843    26.4151    26.4570    8.21445    7.84830         38 0.0000e+00
      11369    473.687     54.000    -0.1594   2.733972    -0.6095   2.701175      85.23     0.0349     3.3036     2.7988  1.8962187  0.5942481   47.00048  -47.49604    32.8913    32.9415    -0.1611    -0.6109    26.4115    26.4709    8.20611    7.86707         64 0.0000e+00
      11433    476.326     55.000    -0.2675   2.725773    -0.7142   2.693140      84.23     0.0327     3.2990     2.7937  1.9011610  0.5872634   47.00048  -47.49604    32.8985    32.9469    -0.2692    -0.7156    26.4221    26.4793    8.22151    7.90760         58 0.0000e+00
      11485    478.486     56.000    -0.3657   2.718497    -0.8034   2.685950      80.73     0.0262     3.2947     2.7908  1.9082716  0.5696220   47.00048  -47.49603    32.9074    32.9462    -0.3674    -0.8049    26.4335    26.4821    8.22074    7.90399         45 0.0000e+00
      11523    480.089     57.000    -0.4025   2.715795    -0.8375   2.683411      75.30     0.0252     3.2893     2.7888  1.9114068  0.5585162   47.00048  -47.49602    32.9106    32.9492    -0.4042    -0.8390    26.4377    26.4857    8.19192    7.92381         33 0.0000e+00
