data/CTD/2013/CNV/D021A037.CNV
* Sea-Bird SBE 9 Data File:
* FileName = C:\CTD_ACQUISITION\2013021HUD\ctddata\021A037.hdr
* Software Version Seasave V 7.22.2
* Temperature SN = 5081
* Conductivity SN = 3561
* Number of Bytes Per Scan = 37
* Number of Voltage Words = 4
* Number of Scans Averaged by the Deck Unit = 1
* NMEA Latitude = 48 20.72 N
* NMEA Longitude = 046 35.05 W
* NMEA UTC (Time) = Jul 03 2013 18:21:36
* NMEA baud rate = 9600
** Ship: Hudson
** Cruise: HUD2013021
** Chief_Scientist: Greenan
** Organization: BIO
** Area_of_Operation: Sackville Spur
** Station: 37
** Sounding:  1386
** Event_Comments: SS10  393174
# nquan = 25
# nvalues = 1402                        
# units = specified
# name 0 = scan: Scan Count
# name 1 = timeS: Time, Elapsed [seconds]
# name 2 = prDM: Pressure, Digiquartz [db]
# name 3 = t068C: Temperature [ITS-68, deg C]
# name 4 = c0S/m: Conductivity [S/m]
# name 5 = t168C: Temperature, 2 [ITS-68, deg C]
# name 6 = c1S/m: Conductivity, 2 [S/m]
# name 7 = altM: Altimeter [m]
# name 8 = flCUVA: Fluorescence, Chelsea UV Aquatracka [ug/l]
# name 9 = sbeox0V: Oxygen raw, SBE 43 [V]
# name 10 = sbeox1V: Oxygen raw, SBE 43, 2 [V]
# name 11 = upoly0: Upoly 0, Optode 4330F - O2 D-Phase
# name 12 = upoly1: Upoly 1, Optode 4330F - O2 Temp
# name 13 = latitude: Latitude [deg]
# name 14 = longitude: Longitude [deg]
# name 15 = sal00: Salinity, Practical [PSU]
# name 16 = sal11: Salinity, Practical, 2 [PSU]
# name 17 = potemp068C: Potential Temperature [ITS-68, deg C]
# name 18 = potemp168C: Potential Temperature, 2 [ITS-68, deg C]
# name 19 = sigma-é00: Density [sigma-theta, Kg/m^3]
# name 20 = sigma-é11: Density, 2 [sigma-theta, Kg/m^3]
# name 21 = sbeox0ML/L: Oxygen, SBE 43 [ml/l], WS = 2
# name 22 = sbeox1ML/L: Oxygen, SBE 43, 2 [ml/l], WS = 2
# name 23 = nbin: number of scans per bin
# name 24 = flag: flag
# span 0 =       8228,      43733       
# span 1 =    342.777,   1822.157       
# span 2 =      3.000,   1404.000       
# span 3 =     0.0355,     5.9177       
# span 4 =   2.778010,   3.286905       
# span 5 =     0.0357,     5.9302       
# span 6 =   2.779308,   3.288238       
# span 7 =       5.95,     109.48       
# span 8 =     0.0057,     0.0884       
# span 9 =     2.4525,     3.3618       
# span 10 =     2.2054,     3.0147      
# span 11 =  1.7263629,  2.0415142      
# span 12 =  0.6485524,  1.3662115      
# span 13 =   48.34621,   48.34723      
# span 14 =  -46.58225,  -46.57800      
# span 15 =    32.5982,    34.9154      
# span 16 =    32.6125,    34.9320      
# span 17 =     0.0340,     5.9172      
# span 18 =     0.0342,     5.9297      
# span 19 =    25.6654,    27.7589      
# span 20 =    25.6754,    27.7722      
# span 21 =    5.88609,    7.61517      
# span 22 =    6.09655,    7.76806      
# span 23 =         12,         91      
# span 24 = 0.0000e+00, 0.0000e+00      
# interval = decibars: 1                
# start_time = Jul 03 2013 18:21:36 [NMEA time, header]
# bad_flag = -9.990e-29
*END*
[from data line 348]
      18658    777.368    351.000     3.8100   3.236193     3.8096   3.237510      96.61     0.0125     2.8485     2.5627  1.9449972  1.0976734   48.34680  -46.58036    34.7837    34.7998     3.7855     3.7851    27.6363    27.6492    6.25557    6.42898         21 0.0000e+00
      18682    778.365    352.000     3.8122   3.236470     3.8102   3.237617      96.52     0.0166     2.8481     2.5609  1.9451885  1.0979038   48.34682  -46.58036    34.7841    34.7999     3.7877     3.7857    27.6364    27.6492    6.25042    6.42942         27 0.0000e+00
      18709    779.493    353.000     3.8130   3.236599     3.8126   3.237910      96.32     0.0178     2.8476     2.5601  1.9460446  1.0988951   48.34682  -46.58036    34.7843    34.8003     3.7883     3.7880    27.6365    27.6493    6.25490    6.43119         27 0.0000e+00
      18735    780.563    354.000     3.8160   3.236970     3.8161   3.238341      95.33     0.0197     2.8477     2.5595  1.9457160  1.0989012   48.34682  -46.58034    34.7849    34.8012     3.7913     3.7914    27.6367    27.6496    6.25025    6.43387         24 0.0000e+00
      18758    781.531    355.000     3.8177   3.237188     3.8197   3.238761      80.74     0.0133     2.8464     2.5595  1.9450476  1.0990133   48.34682  -46.58034    34.7852    34.8018     3.7930     3.7949    27.6367    27.6498    6.24149    6.44821         22 0.0000e+00
      18779    782.406    356.000     3.8197   3.237445     3.8203   3.238863      87.27     0.0156     2.8461     2.5604  1.9450549  1.0990851   48.34682  -46.58034    34.7857    34.8019     3.7948     3.7954    27.6370    27.6498    6.24950    6.44987         20 0.0000e+00
      18799    783.250    357.000     3.8210   3.237623     3.8209   3.238973      96.48     0.0205     2.8457     2.5607  1.9449967  1.1001226   48.34682  -46.58034    34.7859    34.8021     3.7960     3.7959    27.6370    27.6499    6.25049    6.44753         21 0.0000e+00
      18820    784.125    358.000     3.8208   3.237642     3.8205   3.238968      96.46     0.0188     2.8461     2.5609  1.9449993  1.1001221   48.34682  -46.58034    34.7857    34.8019     3.7958     3.7954    27.6369    27.6498    6.25895    6.44483         22 0.0000e+00
      18843    785.080    359.000     3.8228   3.237895     3.8231   3.239286      96.59     0.0151     2.8459     2.5604  1.9461449  1.1002213   48.34682  -46.58034    34.7861    34.8024     3.7977     3.7980    27.6370    27.6499    6.24282    6.44091         24 0.0000e+00
      18868    786.146    360.000     3.8253   3.238200     3.8258   3.239615      96.52     0.0150     2.8443     2.5601  1.9462759  1.1001691   48.34682  -46.58034    34.7865    34.8028     3.8001     3.8006    27.6371    27.6500    6.23350    6.43043         26 0.0000e+00
      18895    787.235    361.000     3.8287   3.238610     3.8279   3.239879      96.25     0.0126     2.8428     2.5584  1.9450744  1.1013725   48.34682  -46.58034    34.7873    34.8033     3.8035     3.8026    27.6373    27.6502    6.23678    6.42605         25 0.0000e+00
      18918    788.210    362.000     3.8414   3.240003     3.8395   3.241162      76.05     0.0127     2.8429     2.5580  1.9450548  1.1013432   48.34682  -46.58032    34.7898    34.8057     3.8161     3.8141    27.6381    27.6509    6.23526    6.43093         23 0.0000e+00
      18940    789.118    363.000     3.8524   3.241229     3.8510   3.242434      95.96     0.0142     2.8410     2.5574  1.9462669  1.1013432   48.34682  -46.58032    34.7922    34.8081     3.8269     3.8255    27.6389    27.6517    6.21956    6.42489         21 0.0000e+00
      18962    790.047    364.000     3.8661   3.242759     3.8647   3.243962      96.50     0.0151     2.8398     2.5567  1.9462759  1.1013432   48.34682  -46.58032    34.7954    34.8112     3.8406     3.8391    27.6400    27.6527    6.21509    6.41874         23 0.0000e+00
      18986    791.024    365.000     3.8803   3.244316     3.8800   3.245634      96.65     0.0150     2.8384     2.5561  1.9454079  1.1033347   48.34682  -46.58032    34.7983    34.8143     3.8546     3.8543    27.6409    27.6537    6.21182    6.41894         24 0.0000e+00
      19009    791.982    366.000     3.8835   3.244714     3.8835   3.246065      96.63     0.0165     2.8371     2.5554  1.9451652  1.1037865   48.34684  -46.58032    34.7991    34.8153     3.8577     3.8577    27.6413    27.6541    6.20757    6.40924         22 0.0000e+00
      19030    792.874    367.000     3.8939   3.245885     3.8929   3.247130      96.51     0.0125     2.8355     2.5539  1.9449390  1.1054685   48.34684  -46.58032    34.8015    34.8173     3.8680     3.8671    27.6421    27.6548    6.19870    6.40118         21 0.0000e+00
      19051    793.736    368.000     3.8999   3.246570     3.8991   3.247833      88.33     0.0111     2.8342     2.5530  1.9450531  1.1062152   48.34684  -46.58032    34.8028    34.8187     3.8739     3.8731    27.6425    27.6552    6.19784    6.40122         21 0.0000e+00
      19072    794.624    369.000     3.9119   3.247930     3.9095   3.248974      81.12     0.0098     2.8332     2.5518  1.9455420  1.1070931   48.34684  -46.58032    34.8057    34.8209     3.8858     3.8844    27.6435    27.6560    6.20097    6.39138         22 0.0000e+00
      19095    795.579    370.000     3.9282   3.249709     3.9266   3.250877      95.18     0.0126     2.8327     2.5505  1.9462197  1.1080278   48.34684  -46.58032    34.8090    34.8246     3.9020     3.9004    27.6445    27.6572    6.20313    6.38475         23 0.0000e+00
      19119    796.566    371.000     3.9389   3.250888     3.9367   3.252016      96.58     0.0132     2.8324     2.5486  1.9461740  1.1088246   48.34684  -46.58031    34.8112    34.8268     3.9125     3.9104    27.6452    27.6579    6.20148    6.38048         24 0.0000e+00
      19141    797.508    372.000     3.9478   3.251907     3.9470   3.253166      96.23     0.0129     2.8320     2.5478  1.9462746  1.1100953   48.34684  -46.58030    34.8132    34.8291     3.9214     3.9206    27.6459    27.6586    6.19251    6.38852         22 0.0000e+00
      19164    798.453    373.000     3.9496   3.252150     3.9492   3.253461      96.13     0.0146     2.8306     2.5478  1.9460119  1.1112645   48.34684  -46.58030    34.8138    34.8297     3.9231     3.9227    27.6461    27.6589    6.18622    6.38819         23 0.0000e+00
      19188    799.478    374.000     3.9527   3.252530     3.9514   3.253746      95.41     0.0169     2.8298     2.5468  1.9450563  1.1135497   48.34684  -46.58030    34.8144    34.8302     3.9261     3.9248    27.6464    27.6591    6.19395    6.38724         26 0.0000e+00
      19214    800.537    375.000     3.9545   3.252773     3.9541   3.254073      74.48     0.0159     2.8300     2.5470  1.9454924  1.1139420   48.34684  -46.58030    34.8148    34.8307     3.9279     3.9274    27.6465    27.6592    6.19681    6.38989         25 0.0000e+00
      19238    801.525    376.000     3.9572   3.253117     3.9570   3.254439      95.80     0.0156     2.8294     2.5463  1.9462793  1.1147776   48.34684  -46.58030    34.8156    34.8315     3.9305     3.9302    27.6468    27.6596    6.19449    6.38489         22 0.0000e+00
      19259    802.433    377.000     3.9575   3.253193     3.9574   3.254534      95.67     0.0118     2.8295     2.5462  1.9464535  1.1149517   48.34684  -46.58030    34.8156    34.8317     3.9307     3.9306    27.6469    27.6596    6.20044    6.38781         21 0.0000e+00
      19280    803.282    378.000     3.9599   3.253522     3.9597   3.254846      96.09     0.0134     2.8297     2.5457  1.9475101  1.1160084   48.34686  -46.58030    34.8164    34.8324     3.9330     3.9328    27.6472    27.6600    6.20099    6.38778         20 0.0000e+00
      19301    804.168    379.000     3.9611   3.253704     3.9610   3.255059      96.29     0.0152     2.8298     2.5457  1.9474969  1.1159952   48.34686  -46.58030    34.8168    34.8330     3.9341     3.9340    27.6475    27.6603    6.20072    6.38754         23 0.0000e+00
      19327    805.253    380.000     3.9621   3.253869     3.9618   3.255182      96.44     0.0151     2.8293     2.5451  1.9474969  1.1171346   48.34686  -46.58028    34.8172    34.8331     3.9350     3.9363    27.6476    27.6603    6.19094    6.38305         29 0.0000e+00
      19354    806.387    381.000     3.9634   3.254050     3.9632   3.255373      79.13     0.0161     2.8286     2.5450  1.9473397  1.1172186   48.34686  -46.58028    34.8174    34.8334     3.9362     3.9360    27.6477    27.6604    6.19347    6.39359         24 0.0000e+00
      19375    807.251    382.000     3.9645   3.254223     3.9641   3.255531      89.61     0.0155     2.8282     2.5452  1.9462495  1.1172161   48.34686  -46.58028    34.8177    34.8337     3.9373     3.9369    27.6478    27.6606    6.18872    6.39592         18 0.0000e+00
      19392    807.975    383.000     3.9654   3.254361     3.9653   3.255706      96.01     0.0171     2.8274     2.5457  1.9463494  1.1172161   48.34686  -46.58028    34.8179    34.8340     3.9381     3.9380    27.6479    27.6607    6.18519    6.38827         17 0.0000e+00
      19409    808.681    384.000     3.9659   3.254473     3.9656   3.255794      96.44     0.0156     2.8270     2.5445  1.9474189  1.1177536   48.34686  -46.58028    34.8181    34.8341     3.9386     3.9383    27.6480    27.6608    6.19159    6.36049         18 0.0000e+00
      19429    809.507    385.000     3.9664   3.254558     3.9665   3.255922      96.19     0.0181     2.8270     2.5418  1.9486661  1.1184099   48.34686  -46.58028    34.8181    34.8342     3.9390     3.9390    27.6479    27.6608    6.19532    6.34578         23 0.0000e+00
      19463    810.930    386.000     3.9677   3.254735     3.9674   3.256055      96.11     0.0184     2.8265     2.5399  1.9487180  1.1184372   48.34686  -46.58028    34.8183    34.8344     3.9402     3.9398    27.6480    27.6608    6.19281    6.37382         43 0.0000e+00
      19499    812.415    387.000     3.9704   3.255098     3.9701   3.256425      96.62     0.0195     2.8266     2.5400  1.9487180  1.1185840   48.34686  -46.58028    34.8192    34.8353     3.9428     3.9425    27.6484    27.6612    6.19822    6.38165         26 0.0000e+00
      19521    813.321    388.000     3.9705   3.255168     3.9704   3.256516      96.20     0.0208     2.8265     2.5401  1.9487180  1.1193609   48.34686  -46.58026    34.8195    34.8356     3.9428     3.9427    27.6486    27.6615    6.19708    6.38567         19 0.0000e+00
      19538    814.061    389.000     3.9724   3.255451     3.9723   3.256804      96.59     0.0155     2.8268     2.5410  1.9487180  1.1193718   48.34686  -46.58026    34.8202    34.8363     3.9447     3.9460    27.6490    27.6619    6.19395    6.38442         17 0.0000e+00
      19555    814.764    390.000     3.9753   3.255823     3.9750   3.257143      96.65     0.0148     2.8260     2.5407  1.9487180  1.1195904   48.34686  -46.58026    34.8210    34.8371     3.9475     3.9471    27.6494    27.6622    6.18957    6.37467         17 0.0000e+00
      19573    815.497    391.000     3.9763   3.255970     3.9762   3.257327      96.65     0.0158     2.8260     2.5400  1.9487180  1.1196579   48.34686  -46.58026    34.8212    34.8374     3.9483     3.9483    27.6495    27.6623    6.18816    6.37298         19 0.0000e+00
      19593    816.318    392.000     3.9772   3.256118     3.9770   3.257455      96.55     0.0195     2.8248     2.5398  1.9488891  1.1196581   48.34688  -46.58026    34.8215    34.8375     3.9492     3.9490    27.6496    27.6624    6.18645    6.37870         21 0.0000e+00
      19614    817.224    393.000     3.9780   3.256247     3.9778   3.257587      96.44     0.0164     2.8249     2.5397  1.9507606  1.1199340   48.34688  -46.58026    34.8216    34.8377     3.9500     3.9497    27.6496    27.6625    6.18949    6.37596         22 0.0000e+00
      19637    818.173    394.000     3.9788   3.256376     3.9786   3.257725      96.55     0.0122     2.8241     2.5392  1.9508954  1.1200839   48.34688  -46.58026    34.8218    34.8380     3.9506     3.9505    27.6497    27.6626    6.18838    6.37791         23 0.0000e+00
      19661    819.155    395.000     3.9826   3.256849     3.9823   3.258167      96.45     0.0110     2.8241     2.5393  1.9508543  1.1207843   48.34688  -46.58026    34.8228    34.8388     3.9544     3.9541    27.6501    27.6628    6.18704    6.38149         24 0.0000e+00
      19686    820.219    396.000     3.9853   3.257187     3.9851   3.258526      96.61     0.0133     2.8234     2.5392  1.9506819  1.1208782   48.34688  -46.58026    34.8235    34.8395     3.9569     3.9577    27.6504    27.6631    6.19035    6.37641         28 0.0000e+00
      19716    821.479    397.000     3.9854   3.257241     3.9852   3.258571      96.50     0.0146     2.8231     2.5387  1.9487870  1.1208792   48.34688  -46.58025    34.8234    34.8395     3.9570     3.9568    27.6503    27.6631    6.18559    6.37491         33 0.0000e+00
      19748    822.806    398.000     3.9854   3.257283     3.9853   3.258629      96.52     0.0149     2.8224     2.5383  1.9480362  1.1215605   48.34688  -46.58024    34.8234    34.8394     3.9569     3.9569    27.6503    27.6631    6.18068    6.37335         29 0.0000e+00
      19774    823.861    399.000     3.9865   3.257460     3.9862   3.258783      96.53     0.0129     2.8213     2.5376  1.9474936  1.1221035   48.34688  -46.58024    34.8238    34.8398     3.9580     3.9577    27.6505    27.6633    6.18676    6.36815         22 0.0000e+00
      19794    824.694    400.000     3.9894   3.257832     3.9888   3.259130      91.38     0.0140     2.8216     2.5367  1.9481121  1.1221001   48.34688  -46.58024    34.8246    34.8405     3.9608     3.9601    27.6508    27.6636    6.18787    6.36616         18 0.0000e+00
      19811    825.409    401.000     3.9932   3.258293     3.9930   3.259629      66.05     0.0170     2.8215     2.5365  1.9487295  1.1221001   48.34688  -46.58024    34.8255    34.8416     3.9645     3.9643    27.6512    27.6640    6.18334    6.37177         16 0.0000e+00
      19827    826.070    402.000     3.9938   3.258409     3.9935   3.259738      97.02     0.0185     2.8211     2.5365  1.9487180  1.1221001   48.34688  -46.58024    34.8257    34.8418     3.9650     3.9647    27.6513    27.6641    6.18047    6.37600         16 0.0000e+00
      19842    826.723    403.000     3.9944   3.258532     3.9942   3.259863      96.64     0.0172     2.8203     2.5366  1.9497012  1.1221001   48.34688  -46.58024    34.8260    34.8420     3.9656     3.9653    27.6515    27.6643    6.18255    6.37638         16 0.0000e+00
      19859    827.420    404.000     3.9959   3.258753     3.9956   3.260083      95.76     0.0171     2.8207     2.5365  1.9503305  1.1221001   48.34688  -46.58024    34.8265    34.8426     3.9670     3.9667    27.6517    27.6646    6.19276    6.37333         18 0.0000e+00
      19880    828.282    405.000     4.0028   3.259617     4.0015   3.260820      95.68     0.0175     2.8209     2.5359  1.9504226  1.1222382   48.34688  -46.58024    34.8290    34.8445     3.9737     3.9725    27.6530    27.6655    6.19179    6.36164         25 0.0000e+00
      19927    830.236    406.000     4.0102   3.260573     4.0098   3.261857      96.25     0.0188     2.8215     2.5340  1.9501430  1.1235543   48.34690  -46.58024    34.8319    34.8476     3.9811     3.9806    27.6545    27.6671    6.19138    6.35778         60 0.0000e+00
      19967    831.921    407.000     4.0097   3.260578     4.0096   3.261909      96.14     0.0165     2.8209     2.5325  1.9509315  1.1239275   48.34690  -46.58023    34.8319    34.8479     3.9805     3.9804    27.6546    27.6673    6.17953    6.35166         23 0.0000e+00
