data/CTD/2013/CNV/D021A039.CNV
* Sea-Bird SBE 9 Data File:
* FileName = C:\CTD_ACQUISITION\2013021HUD\ctddata\021A039.hdr
* Software Version Seasave V 7.22.2
* Temperature SN = 5081
* Conductivity SN = 3561
* Number of Bytes Per Scan = 37
* Number of Voltage Words = 4
* Number of Scans Averaged by the Deck Unit = 1
* NMEA Latitude = 48 26.55 N
* NMEA Longitude = 046 40.64 W
* NMEA UTC (Time) = Jul 03 2013 21:39:13
* NMEA baud rate = 9600
** Ship: Hudson
** Cruise: HUD2013021
** Chief_Scientist: Greenan
** Organization: BIO
** Area_of_Operation: Sackville Spur
** Station: 39
** Sounding:  2179
** Event_Comments: SS08  393178
# nquan = 25
# nvalues = 2159                        
# units = specified
# name 0 = scan: Scan Count
# name 1 = timeS: Time, Elapsed [seconds]
# name 2 = prDM: Pressure, Digiquartz [db]
# name 3 = t068C: Temperature [ITS-68, deg C]
# name 4 = c0S/m: Conductivity [S/m]
# name 5 = t168C: Temperature, 2 [ITS-68, deg C]
# name 6 = c1S/m: Conductivity, 2 [S/m]
# name 7 = altM: Altimeter [m]
# name 8 = flCUVA: Fluorescence, Chelsea UV Aquatracka [ug/l]
# name 9 = sbeox0V: Oxygen raw, SBE 43 [V]
# name 10 = sbeox1V: Oxygen raw, SBE 43, 2 [V]
# name 11 = upoly0: Upoly 0, Optode 4330F - O2 D-Phase
# name 12 = upoly1: Upoly 1, Optode 4330F - O2 Temp
# name 13 = latitude: Latitude [deg]
# name 14 = longitude: Longitude [deg]
# name 15 = sal00: Salinity, Practical [PSU]
# name 16 = sal11: Salinity, Practical, 2 [PSU]
# name 17 = potemp068C: Potential Temperature [ITS-68, deg C]
# name 18 = potemp168C: Potential Temperature, 2 [ITS-68, deg C]
# name 19 = sigma-é00: Density [sigma-theta, Kg/m^3]
# name 20 = sigma-é11: Density, 2 [sigma-theta, Kg/m^3]
# name 21 = sbeox0ML/L: Oxygen, SBE 43 [ml/l], WS = 2
# name 22 = sbeox1ML/L: Oxygen, SBE 43, 2 [ml/l], WS = 2
# name 23 = nbin: number of scans per bin
# name 24 = flag: flag
# span 0 =      13332,      63462       
# span 1 =    555.473,   2644.203       
# span 2 =      2.000,   2160.000       
# span 3 =     0.7730,     6.5291       
# span 4 =   2.872122,   3.288573       
# span 5 =     0.7758,     6.5284       
# span 6 =   2.873564,   3.289871       
# span 7 =       4.71,     103.76       
# span 8 =     0.0061,     0.6889       
# span 9 =     2.2534,     3.5601       
# span 10 =     2.0263,     3.1560      
# span 11 =  1.7118488,  2.0964874      
# span 12 =  0.7421770,  1.4444736      
# span 13 =   48.44260,   48.44472      
# span 14 =  -46.67596,  -46.66745      
# span 15 =    32.7759,    34.9222      
# span 16 =    32.7917,    34.9388      
# span 17 =     0.7709,     6.5289      
# span 18 =     0.7736,     6.5283      
# span 19 =    25.7613,    27.8496      
# span 20 =    25.7731,    27.8633      
# span 21 =    5.86064,    8.32230      
# span 22 =    6.08756,    8.38452      
# span 23 =         11,        105      
# span 24 = 0.0000e+00, 0.0000e+00      
# interval = decibars: 1                
# start_time = Jul 03 2013 21:39:13 [NMEA time, header]
# bad_flag = -9.990e-29
*END*
[from data line 1566]
      50819   2117.428   1568.000     3.4945   3.272400     3.4936   3.273731      96.18     0.0105     2.3992     2.1582  2.0569081  1.0610501   48.44372  -46.66902    34.9218    34.9386     3.3741     3.3732    27.7873    27.8008    5.87866    6.10039         20 0.0000e+00
      50840   2118.296   1569.000     3.4952   3.272507     3.4941   3.273816      96.35     0.0129     2.3986     2.1576  2.0570512  1.0610501   48.44372  -46.66902    34.9218    34.9385     3.3748     3.3736    27.7872    27.8007    5.87400    6.09720         22 0.0000e+00
      50863   2119.271   1570.000     3.4953   3.272550     3.4945   3.273896      95.93     0.0178     2.3985     2.1570  2.0563190  1.0610501   48.44372  -46.66902    34.9217    34.9385     3.3747     3.3739    27.7872    27.8007    5.88148    6.10123         24 0.0000e+00
      50887   2120.242   1571.000     3.4952   3.272590     3.4944   3.273925      96.24     0.0147     2.3979     2.1568  2.0563891  1.0610501   48.44374  -46.66900    34.9218    34.9385     3.3745     3.3737    27.7873    27.8007    5.87772    6.10647         22 0.0000e+00
      50908   2121.113   1572.000     3.4952   3.272635     3.4944   3.273969      96.33     0.0122     2.3981     2.1565  2.0574582  1.0610501   48.44374  -46.66900    34.9218    34.9385     3.3745     3.3737    27.7873    27.8007    5.88198    6.10786         20 0.0000e+00
      50927   2121.937   1573.000     3.4950   3.272660     3.4942   3.273995      95.81     0.0137     2.3980     2.1567  2.0575092  1.0610501   48.44374  -46.66900    34.9218    34.9386     3.3742     3.3733    27.7873    27.8008    5.88134    6.10879         20 0.0000e+00
      50948   2122.786   1574.000     3.4940   3.272616     3.4934   3.273963      96.35     0.0162     2.3978     2.1562  2.0575612  1.0610501   48.44374  -46.66900    34.9219    34.9385     3.3732     3.3725    27.7874    27.8008    5.87887    6.09885         21 0.0000e+00
      50970   2123.692   1575.000     3.4930   3.272560     3.4922   3.273895      96.34     0.0162     2.3975     2.1556  2.0577209  1.0610501   48.44374  -46.66900    34.9218    34.9385     3.3720     3.3712    27.7875    27.8009    5.88346    6.10053         22 0.0000e+00
      50992   2124.622   1576.000     3.4931   3.272615     3.4922   3.273934      95.51     0.0101     2.3978     2.1553  2.0578899  1.0610501   48.44374  -46.66900    34.9219    34.9384     3.3720     3.3712    27.7876    27.8008    5.88526    6.09723         22 0.0000e+00
      51013   2125.518   1577.000     3.4931   3.272650     3.4924   3.273993      96.32     0.0124     2.3976     2.1545  2.0573771  1.0610501   48.44374  -46.66900    34.9218    34.9385     3.3720     3.3712    27.7875    27.8009    5.88308    6.09779         21 0.0000e+00
      51034   2126.376   1578.000     3.4929   3.272679     3.4921   3.274006      95.82     0.0154     2.3975     2.1545  2.0573871  1.0610501   48.44374  -46.66900    34.9218    34.9385     3.3717     3.3708    27.7875    27.8009    5.88572    6.10195         21 0.0000e+00
      51054   2127.214   1579.000     3.4926   3.272689     3.4919   3.274036      95.83     0.0130     2.3973     2.1540  2.0572672  1.0610501   48.44374  -46.66900    34.9218    34.9385     3.3713     3.3706    27.7876    27.8010    5.87863    6.09956         20 0.0000e+00
      51074   2128.060   1580.000     3.4927   3.272727     3.4916   3.274053      96.35     0.0088     2.3970     2.1539  2.0573866  1.0610501   48.44374  -46.66898    34.9217    34.9385     3.3713     3.3702    27.7875    27.8010    5.88231    6.09912         20 0.0000e+00
      51096   2128.958   1581.000     3.4927   3.272777     3.4920   3.274122      95.67     0.0106     2.3969     2.1533  2.0565915  1.0610501   48.44375  -46.66898    34.9217    34.9384     3.3712     3.3705    27.7875    27.8009    5.88402    6.10112         23 0.0000e+00
      51120   2129.978   1582.000     3.4916   3.272720     3.4912   3.274085      96.35     0.0129     2.3968     2.1534  2.0563965  1.0610501   48.44376  -46.66898    34.9217    34.9384     3.3701     3.3696    27.7876    27.8010    5.88453    6.10606         27 0.0000e+00
      51148   2131.117   1583.000     3.4912   3.272730     3.4894   3.273969      96.34     0.0129     2.3966     2.1533  2.0577314  1.0610501   48.44376  -46.66898    34.9217    34.9384     3.3696     3.3677    27.7877    27.8012    5.88636    6.10803         26 0.0000e+00
      51172   2132.104   1584.000     3.4878   3.272466     3.4853   3.273646      96.03     0.0140     2.3967     2.1533  2.0579739  1.0610501   48.44376  -46.66898    34.9217    34.9384     3.3661     3.3636    27.7880    27.8016    5.88022    6.10772         21 0.0000e+00
      51190   2132.876   1585.000     3.4851   3.272273     3.4844   3.273618      96.08     0.0143     2.3960     2.1532  2.0581055  1.0610501   48.44376  -46.66898    34.9218    34.9385     3.3634     3.3627    27.7883    27.8017    5.87512    6.10853         17 0.0000e+00
      51206   2133.552   1586.000     3.4845   3.272255     3.4838   3.273613      96.31     0.0156     2.3956     2.1532  2.0581496  1.0610501   48.44376  -46.66898    34.9217    34.9386     3.3627     3.3619    27.7883    27.8019    5.88024    6.11284         16 0.0000e+00
      51222   2134.206   1587.000     3.4850   3.272346     3.4841   3.273679      95.96     0.0162     2.3953     2.1534  2.0581198  1.0610501   48.44376  -46.66898    34.9218    34.9386     3.3631     3.3622    27.7884    27.8018    5.87738    6.11524         15 0.0000e+00
      51239   2134.914   1588.000     3.4849   3.272367     3.4840   3.273701      96.35     0.0148     2.3949     2.1536  2.0577102  1.0602821   48.44376  -46.66897    34.9217    34.9385     3.3629     3.3620    27.7883    27.8018    5.87927    6.11543         19 0.0000e+00
      51266   2136.056   1589.000     3.4845   3.272361     3.4838   3.273705      96.33     0.0129     2.3946     2.1534  2.0574570  1.0598944   48.44376  -46.66896    34.9215    34.9383     3.3624     3.3616    27.7882    27.8017    5.88124    6.11191         45 0.0000e+00
      51323   2138.405   1590.000     3.4846   3.272411     3.4838   3.273744      95.94     0.0149     2.3939     2.1531  2.0581291  1.0598291   48.44376  -46.66896    34.9215    34.9382     3.3624     3.3616    27.7882    27.8016    5.87412    6.10837         37 0.0000e+00
      51339   2139.101   1591.000     3.4842   3.272438     3.4835   3.273779      96.04     0.0168     2.3935     2.1525  2.0583138  1.0608555   48.44376  -46.66896    34.9217    34.9384     3.3620     3.3612    27.7884    27.8018    5.88433    6.09774         16 0.0000e+00
      51354   2139.719   1592.000     3.4843   3.272488     3.4835   3.273831      96.34     0.0166     2.3937     2.1522  2.0578687  1.0610536   48.44377  -46.66896    34.9217    34.9386     3.3620     3.3611    27.7884    27.8020    5.89395    6.10123         15 0.0000e+00
      51368   2140.307   1593.000     3.4847   3.272564     3.4837   3.273893      96.33     0.0168     2.3941     2.1520  2.0579100  1.0610501   48.44378  -46.66896    34.9218    34.9386     3.3622     3.3612    27.7884    27.8019    5.88855    6.10208         14 0.0000e+00
      51383   2140.929   1594.000     3.4842   3.272556     3.4836   3.273921      96.17     0.0164     2.3936     2.1517  2.0583725  1.0601473   48.44378  -46.66896    34.9217    34.9385     3.3616     3.3611    27.7884    27.8019    5.87803    6.09768         16 0.0000e+00
      51401   2141.677   1595.000     3.4841   3.272591     3.4836   3.273956      96.33     0.0163     2.3932     2.1509  2.0584314  1.0598416   48.44378  -46.66896    34.9217    34.9384     3.3615     3.3610    27.7884    27.8018    5.88077    6.09929         21 0.0000e+00
      51431   2142.905   1596.000     3.4846   3.272669     3.4838   3.274007      96.33     0.0093     2.3933     2.1508  2.0584507  1.0597991   48.44378  -46.66895    34.9216    34.9383     3.3619     3.3611    27.7883    27.8017    5.88699    6.10693         39 0.0000e+00
      51464   2144.300   1597.000     3.4846   3.272720     3.4839   3.274058      95.66     0.0128     2.3933     2.1504  2.0582068  1.0598309   48.44378  -46.66894    34.9217    34.9384     3.3618     3.3611    27.7884    27.8018    5.89134    6.10144         22 0.0000e+00
      51482   2145.052   1598.000     3.4837   3.272676     3.4831   3.274038      95.81     0.0151     2.3936     2.1503  2.0573764  1.0598291   48.44378  -46.66894    34.9216    34.9385     3.3608     3.3602    27.7885    27.8020    5.88403    6.10505         17 0.0000e+00
      51498   2145.693   1599.000     3.4823   3.272595     3.4823   3.273995      96.15     0.0146     2.3930     2.1501  2.0573871  1.0598291   48.44378  -46.66894    34.9217    34.9384     3.3594     3.3593    27.7886    27.8020    5.87711    6.10524         14 0.0000e+00
      51512   2146.310   1600.000     3.4811   3.272529     3.4806   3.273897      96.13     0.0157     2.3926     2.1499  2.0573871  1.0598291   48.44378  -46.66894    34.9217    34.9385     3.3580     3.3576    27.7888    27.8022    5.88472    6.10482         16 0.0000e+00
      51529   2146.981   1601.000     3.4809   3.272559     3.4803   3.273904      96.34     0.0144     2.3929     2.1497  2.0580859  1.0598291   48.44380  -46.66894    34.9217    34.9384     3.3578     3.3571    27.7888    27.8022    5.88938    6.10519         17 0.0000e+00
      51550   2147.870   1602.000     3.4805   3.272550     3.4801   3.273921      96.34     0.0107     2.3924     2.1496  2.0580862  1.0598291   48.44380  -46.66894    34.9216    34.9383     3.3573     3.3569    27.7888    27.8021    5.88086    6.10686         28 0.0000e+00
      51593   2149.682   1603.000     3.4796   3.272511     3.4788   3.273839      96.33     0.0105     2.3914     2.1490  2.0588570  1.0587180   48.44380  -46.66893    34.9215    34.9382     3.3563     3.3555    27.7888    27.8022    5.87926    6.09830         46 0.0000e+00
      51622   2150.877   1604.000     3.4789   3.272491     3.4781   3.273829      96.28     0.0150     2.3912     2.1482  2.0581708  1.0594110   48.44380  -46.66892    34.9216    34.9384     3.3556     3.3547    27.7889    27.8024    5.87932    6.09423         20 0.0000e+00
      51640   2151.605   1605.000     3.4787   3.272518     3.4779   3.273853      96.08     0.0144     2.3904     2.1477  2.0575390  1.0598297   48.44380  -46.66892    34.9216    34.9383     3.3552     3.3544    27.7890    27.8024    5.88134    6.09629         16 0.0000e+00
      51656   2152.277   1606.000     3.4777   3.272477     3.4773   3.273854      96.33     0.0158     2.3908     2.1476  2.0576167  1.0598291   48.44380  -46.66892    34.9217    34.9385     3.3542     3.3537    27.7892    27.8026    5.89221    6.10358         16 0.0000e+00
      51672   2152.952   1607.000     3.4766   3.272418     3.4757   3.273752      96.32     0.0167     2.3910     2.1472  2.0580299  1.0597579   48.44380  -46.66892    34.9217    34.9384     3.3530     3.3521    27.7893    27.8027    5.89055    6.10459         17 0.0000e+00
      51689   2153.673   1608.000     3.4761   3.272406     3.4745   3.273676      96.32     0.0139     2.3909     2.1474  2.0581977  1.0597612   48.44380  -46.66892    34.9216    34.9384     3.3524     3.3508    27.7893    27.8028    5.87783    6.10496         18 0.0000e+00
      51708   2154.473   1609.000     3.4755   3.272399     3.4747   3.273738      95.45     0.0140     2.3897     2.1473  2.0582414  1.0596468   48.44380  -46.66892    34.9216    34.9383     3.3518     3.3509    27.7893    27.8027    5.87206    6.10447         20 0.0000e+00
      51730   2155.371   1610.000     3.4754   3.272431     3.4748   3.273784      96.35     0.0121     2.3897     2.1470  2.0582366  1.0586128   48.44380  -46.66892    34.9216    34.9383     3.3515     3.3509    27.7894    27.8027    5.87980    6.10278         23 0.0000e+00
      51753   2156.317   1611.000     3.4755   3.272478     3.4748   3.273824      96.33     0.0139     2.3890     2.1465  2.0579236  1.0586081   48.44380  -46.66890    34.9216    34.9383     3.3515     3.3508    27.7894    27.8027    5.87995    6.09788         23 0.0000e+00
      51776   2157.271   1612.000     3.4749   3.272472     3.4742   3.273814      96.00     0.0132     2.3888     2.1463  2.0593297  1.0586081   48.44380  -46.66890    34.9216    34.9383     3.3509     3.3502    27.7894    27.8028    5.87572    6.10553         22 0.0000e+00
      51800   2158.279   1613.000     3.4747   3.272492     3.4737   3.273808      95.85     0.0129     2.3884     2.1462  2.0589337  1.0586081   48.44380  -46.66890    34.9216    34.9383     3.3506     3.3496    27.7894    27.8028    5.88188    6.10653         26 0.0000e+00
      51827   2159.424   1614.000     3.4743   3.272489     3.4735   3.273822      96.29     0.0139     2.3879     2.1462  2.0589449  1.0586081   48.44380  -46.66890    34.9215    34.9382     3.3501     3.3493    27.7894    27.8028    5.87766    6.10720         29 0.0000e+00
      51855   2160.569   1615.000     3.4745   3.272554     3.4736   3.273875      96.33     0.0157     2.3874     2.1461  2.0596502  1.0586081   48.44380  -46.66890    34.9216    34.9383     3.3502     3.3493    27.7895    27.8028    5.87047    6.10931         25 0.0000e+00
      51877   2161.481   1616.000     3.4719   3.272358     3.4716   3.273739      96.32     0.0154     2.3868     2.1462  2.0590434  1.0586081   48.44380  -46.66890    34.9215    34.9383     3.3476     3.3472    27.7896    27.8030    5.88126    6.10627         19 0.0000e+00
      51895   2162.241   1617.000     3.4672   3.271984     3.4665   3.273329      96.32     0.0112     2.3872     2.1458  2.0590143  1.0586081   48.44380  -46.66890    34.9215    34.9383     3.3429     3.3421    27.7901    27.8035    5.88438    6.10817         18 0.0000e+00
      51912   2162.946   1618.000     3.4636   3.271700     3.4631   3.273068      96.01     0.0115     2.3867     2.1460  2.0584035  1.0586081   48.44382  -46.66890    34.9215    34.9383     3.3391     3.3386    27.7905    27.8039    5.87008    6.10987         17 0.0000e+00
      51929   2163.651   1619.000     3.4616   3.271559     3.4606   3.272887      95.55     0.0137     2.3861     2.1457  2.0580416  1.0586081   48.44382  -46.66889    34.9214    34.9382     3.3371     3.3361    27.7906    27.8041    5.87015    6.10519         17 0.0000e+00
      51947   2164.426   1620.000     3.4591   3.271369     3.4582   3.272707      96.15     0.0140     2.3857     2.1453  2.0583589  1.0585480   48.44382  -46.66888    34.9214    34.9381     3.3345     3.3337    27.7908    27.8042    5.87806    6.10411         20 0.0000e+00
      51970   2165.371   1621.000     3.4546   3.271002     3.4538   3.272353      96.09     0.0142     2.3855     2.1449  2.0609801  1.0574174   48.44382  -46.66888    34.9212    34.9380     3.3300     3.3292    27.7911    27.8046    5.88676    6.10715         26 0.0000e+00
      51999   2166.573   1622.000     3.4519   3.270794     3.4509   3.272125      96.33     0.0168     2.3857     2.1447  2.0602701  1.0570997   48.44382  -46.66888    34.9211    34.9379     3.3272     3.3263    27.7913    27.8048    5.88657    6.10814         30 0.0000e+00
      52027   2167.745   1623.000     3.4472   3.270422     3.4466   3.271781      96.31     0.0151     2.3856     2.1445  2.0589666  1.0562965   48.44382  -46.66888    34.9212    34.9379     3.3225     3.3219    27.7918    27.8052    5.88720    6.11297         26 0.0000e+00
      52050   2168.727   1624.000     3.4457   3.270327     3.4447   3.271653      96.30     0.0154     2.3856     2.1444  2.0597718  1.0562772   48.44382  -46.66888    34.9211    34.9379     3.3210     3.3200    27.7919    27.8054    5.88300    6.11137         22 0.0000e+00
