data/CTD/2013/CNV/D021A041.CNV
* Sea-Bird SBE 9 Data File:
* FileName = C:\CTD_ACQUISITION\2013021HUD\ctddata\021A041.hdr
* Software Version Seasave V 7.22.2
* Temperature SN = 5081
* Conductivity SN = 3561
* Number of Bytes Per Scan = 37
* Number of Voltage Words = 4
* Number of Scans Averaged by the Deck Unit = 1
* NMEA Latitude = 48 32.65 N
* NMEA Longitude = 046 46.20 W
* NMEA UTC (Time) = Jul 04 2013 01:12:23
* NMEA baud rate = 9600
** Ship: Hudson
** Cruise: HUD2013021
** Chief_Scientist: Greenan
** Organization: BIO
** Area_of_Operation: Sackville Spur
** Station: 41
** Sounding:  1896
** Event_Comments: SS06  393182
# nquan = 25
# nvalues = 2472                        
# units = specified
# name 0 = scan: Scan Count
# name 1 = timeS: Time, Elapsed [seconds]
# name 2 = prDM: Pressure, Digiquartz [db]
# name 3 = t068C: Temperature [ITS-68, deg C]
# name 4 = c0S/m: Conductivity [S/m]
# name 5 = t168C: Temperature, 2 [ITS-68, deg C]
# name 6 = c1S/m: Conductivity, 2 [S/m]
# name 7 = altM: Altimeter [m]
# name 8 = flCUVA: Fluorescence, Chelsea UV Aquatracka [ug/l]
# name 9 = sbeox0V: Oxygen raw, SBE 43 [V]
# name 10 = sbeox1V: Oxygen raw, SBE 43, 2 [V]
# name 11 = upoly0: Upoly 0, Optode 4330F - O2 D-Phase
# name 12 = upoly1: Upoly 1, Optode 4330F - O2 Temp
# name 13 = latitude: Latitude [deg]
# name 14 = longitude: Longitude [deg]
# name 15 = sal00: Salinity, Practical [PSU]
# name 16 = sal11: Salinity, Practical, 2 [PSU]
# name 17 = potemp068C: Potential Temperature [ITS-68, deg C]
# name 18 = potemp168C: Potential Temperature, 2 [ITS-68, deg C]
# name 19 = sigma-é00: Density [sigma-theta, Kg/m^3]
# name 20 = sigma-é11: Density, 2 [sigma-theta, Kg/m^3]
# name 21 = sbeox0ML/L: Oxygen, SBE 43 [ml/l], WS = 2
# name 22 = sbeox1ML/L: Oxygen, SBE 43, 2 [ml/l], WS = 2
# name 23 = nbin: number of scans per bin
# name 24 = flag: flag
# span 0 =       8176,      63486       
# span 1 =    340.638,   2645.193       
# span 2 =      3.000,   2474.000       
# span 3 =     2.6812,     7.4698       
# span 4 =   3.125356,   3.456177       
# span 5 =     2.6802,     7.4704       
# span 6 =   3.126706,   3.457646       
# span 7 =       3.29,     103.75       
# span 8 =     0.0050,     0.1633       
# span 9 =     2.1859,     3.3275       
# span 10 =     1.9662,     2.9759      
# span 11 =  1.7129617,  2.1098694      
# span 12 =  0.9597042,  1.5638924      
# span 13 =   48.54318,   48.54418      
# span 14 =  -46.77346,  -46.76956      
# span 15 =    33.7354,    34.9454      
# span 16 =    33.7506,    34.9388      
# span 17 =     2.4905,     7.4689      
# span 18 =     2.4894,     7.4695      
# span 19 =    26.3576,    27.8635      
# span 20 =    26.3695,    27.8773      
# span 21 =    5.86238,    7.02641      
# span 22 =    6.07419,    7.15290      
# span 23 =          6,         97      
# span 24 = 0.0000e+00, 0.0000e+00      
# interval = decibars: 1                
# start_time = Jul 04 2013 01:12:23 [NMEA time, header]
# bad_flag = -9.990e-29
*END*
[from data line 58]
      10500    437.463     61.000     4.0592   3.194087     4.0716   3.196282      96.55     0.1401     3.1754     2.8447  1.8033125  1.1609418   48.54402  -46.76958    34.1765    34.1897     4.0550     4.0674    27.1255    27.1347    6.83528    6.98151         71 0.0000e+00
      10558    439.887     62.000     4.0429   3.195985     4.0433   3.197363      96.10     0.1311     3.1603     2.8326  1.8073529  1.1608047   48.54402  -46.76958    34.2156    34.2315     4.0387     4.0391    27.1583    27.1709    6.79942    6.95798         57 0.0000e+00
      10612    442.126     63.000     4.0042   3.195242     4.0051   3.196717      96.15     0.1315     3.1480     2.8231  1.8099753  1.1517352   48.54402  -46.76958    34.2467    34.2632     3.9999     4.0008    27.1870    27.2001    6.78275    6.94126         45 0.0000e+00
      10650    443.711     64.000     3.9919   3.196026     3.9913   3.197341      73.23     0.1319     3.1416     2.8171  1.8132395  1.1475511   48.54402  -46.76959    34.2683    34.2845     3.9876     3.9870    27.2055    27.2184    6.78427    6.92489         37 0.0000e+00
      10700    445.789     65.000     3.9872   3.196990     3.9872   3.198372      95.44     0.1266     3.1362     2.8103  1.8181263  1.1424823   48.54402  -46.76960    34.2841    34.3006     3.9828     3.9828    27.2186    27.2317    6.78334    6.92848         64 0.0000e+00
      10755    448.070     66.000     3.9754   3.196882     3.9765   3.198342      96.18     0.1172     3.1313     2.8074  1.8222837  1.1387250   48.54402  -46.76960    34.2947    34.3108     3.9709     3.9721    27.2282    27.2408    6.75633    6.91662         38 0.0000e+00
      10787    449.421     67.000     3.9585   3.195775     3.9588   3.197225      96.19     0.1155     3.1250     2.8013  1.8247873  1.1370410   48.54402  -46.76960    34.2987    34.3157     3.9539     3.9542    27.2331    27.2466    6.73385    6.86962         34 0.0000e+00
      10868    452.775     68.000     3.9526   3.195287     3.9516   3.196631      71.13     0.1145     3.1212     2.7956  1.8316680  1.1336954   48.54402  -46.76960    34.2986    34.3156     3.9479     3.9470    27.2336    27.2472    6.75601    6.89121         55 0.0000e+00
      10922    455.037     69.000     3.9077   3.191598     3.9095   3.193164      96.12     0.1085     3.1197     2.7943  1.8339874  1.1330754   48.54402  -46.76960    34.3012    34.3179     3.9030     3.9048    27.2403    27.2534    6.74119    6.89438         25 0.0000e+00
      10948    456.124     70.000     3.7629   3.179090     3.7668   3.180920      96.22     0.1041     3.1162     2.7917  1.8373978  1.1287621   48.54402  -46.76960    34.3035    34.3212     3.7582     3.7622    27.2567    27.2704    6.76991    6.91198         31 0.0000e+00
      11014    458.874     71.000     3.6898   3.172750     3.7248   3.177167      96.21     0.1105     3.1113     2.7872  1.8440185  1.1164982   48.54402  -46.76962    34.3040    34.3202     3.6851     3.7201    27.2644    27.2736    6.77989    6.91797         88 0.0000e+00
      11076    461.438     72.000     3.6361   3.168882     3.6238   3.169413      80.44     0.1058     3.1083     2.7845  1.8487521  1.1057535   48.54402  -46.76962    34.3136    34.3329     3.6314     3.6191    27.2774    27.2940    6.78462    6.93438         30 0.0000e+00
      11102    462.534     73.000     3.6027   3.167313     3.6034   3.168813      81.05     0.1009     3.1067     2.7837  1.8485959  1.1062243   48.54402  -46.76962    34.3294    34.3467     3.5979     3.5986    27.2933    27.3070    6.78668    6.93545         28 0.0000e+00
      11139    464.100     74.000     3.5615   3.163922     3.5587   3.165119      95.20     0.0987     3.1049     2.7812  1.8507205  1.0954692   48.54402  -46.76962    34.3317    34.3489     3.5567     3.5539    27.2991    27.3131    6.78611    6.92072         51 0.0000e+00
      11207    466.929     75.000     3.5141   3.160443     3.5153   3.161873      96.17     0.0863     3.0991     2.7751  1.8553387  1.0870128   48.54402  -46.76962    34.3390    34.3553     3.5093     3.5104    27.3098    27.3225    6.76569    6.90919         79 0.0000e+00
      11281    469.993     76.000     3.4730   3.158102     3.4787   3.159889      96.16     0.0860     3.0899     2.7690  1.8585696  1.0793114   48.54402  -46.76964    34.3540    34.3695     3.4682     3.4738    27.3255    27.3374    6.76205    6.91679         62 0.0000e+00
      11329    472.001     77.000     3.4479   3.156595     3.4477   3.157985      96.14     0.0805     3.0892     2.7701  1.8606281  1.0734462   48.54402  -46.76964    34.3618    34.3791     3.4430     3.4429    27.3342    27.3480    6.77823    6.93870         37 0.0000e+00
      11360    473.300     78.000     3.4199   3.154916     3.4221   3.156441      96.10     0.0755     3.0876     2.7691  1.8610787  1.0712470   48.54402  -46.76964    34.3707    34.3868     3.4150     3.4171    27.3440    27.3566    6.74488    6.90162         28 0.0000e+00
      11386    474.396     79.000     3.3628   3.150634     3.3650   3.152268      96.15     0.0696     3.0823     2.7647  1.8632082  1.0672306   48.54402  -46.76964    34.3791    34.3964     3.3578     3.3600    27.3561    27.3697    6.72631    6.88507         27 0.0000e+00
      11447    476.934     80.000     3.3154   3.146432     3.3019   3.146780      96.09     0.0689     3.0791     2.7612  1.8660144  1.0617152   48.54402  -46.76965    34.3779    34.3965     3.3104     3.2969    27.3597    27.3758    6.76051    6.91076         42 0.0000e+00
      11532    480.447     81.000     3.2842   3.144200     3.2799   3.145268      96.08     0.0666     3.0825     2.7628  1.8684703  1.0586967   48.54402  -46.76966    34.3835    34.4010     3.2791     3.2748    27.3671    27.3815    6.75982    6.90440         19 0.0000e+00
      11547    481.104     82.000     3.2044   3.137267     3.2071   3.138958      96.09     0.0684     3.0796     2.7594  1.8686067  1.0592864   48.54402  -46.76966    34.3838    34.4014     3.1993     3.2020    27.3748    27.3886    6.75566    6.89422         18 0.0000e+00
      11577    482.320     83.000     3.1417   3.131661     3.1425   3.133202      96.07     0.0662     3.0750     2.7556  1.8740082  1.0508362   48.54402  -46.76966    34.3817    34.3997     3.1366     3.1374    27.3790    27.3933    6.76402    6.91459         37 0.0000e+00
      11693    487.185     84.000     3.2088   3.137655     3.1731   3.136050      96.06     0.0583     3.0657     2.7497  1.8779880  1.0375309   48.54402  -46.76966    34.3826    34.4011     3.2036     3.1680    27.3735    27.3916    6.74144    6.91681         20 0.0000e+00
      11708    487.812     85.000     3.0920   3.128461     3.0893   3.129721      96.07     0.0587     3.0643     2.7489  1.8794357  1.0388284   48.54402  -46.76966    34.3947    34.4129     3.0868     3.0841    27.3940    27.4088    6.76233    6.91405         17 0.0000e+00
      11731    488.758     86.000     3.0673   3.127322     3.0653   3.128637      95.97     0.0566     3.0625     2.7461  1.8802303  1.0394819   48.54402  -46.76966    34.4067    34.4248     3.0620     3.0600    27.4058    27.4205    6.75367    6.89141         34 0.0000e+00
      11842    493.375     87.000     3.1127   3.130582     3.0968   3.130793      95.94     0.0619     3.0486     2.7352  1.8829234  1.0231587   48.54402  -46.76968    34.3974    34.4169     3.1074     3.0915    27.3942    27.4113    6.71120    6.88899         24 0.0000e+00
      11862    494.215     88.000     3.0500   3.126645     3.0485   3.127923      95.94     0.0546     3.0470     2.7354  1.8832368  1.0204763   48.54402  -46.76968    34.4151    34.4329     3.0446     3.0431    27.4142    27.4285    6.72763    6.89755         19 0.0000e+00
      11885    495.155     89.000     3.0418   3.126104     3.0419   3.127522      95.94     0.0544     3.0461     2.7338  1.8838441  1.0204643   48.54404  -46.76968    34.4174    34.4345     3.0363     3.0365    27.4167    27.4304    6.72941    6.87622         29 0.0000e+00
      11970    498.708     90.000     3.0432   3.126295     3.0386   3.127364      95.86     0.0492     3.0372     2.7274  1.8886613  1.0136399   48.54403  -46.76969    34.4176    34.4355     3.0377     3.0332    27.4168    27.4315    6.69447    6.86518         40 0.0000e+00
      12020    500.794     91.000     3.0333   3.125670     3.0337   3.127083      95.88     0.0450     3.0328     2.7240  1.8882521  1.0170965   48.54403  -46.76970    34.4200    34.4368     3.0278     3.0282    27.4196    27.4330    6.69249    6.84289         23 0.0000e+00
      12054    502.194     92.000     3.0277   3.125411     3.0280   3.126823      95.83     0.0480     3.0284     2.7191  1.8914967  1.0131780   48.54404  -46.76970    34.4222    34.4391     3.0221     3.0224    27.4219    27.4354    6.66004    6.81700         43 0.0000e+00
      12145    505.985     93.000     3.0281   3.125619     3.0263   3.126915      95.87     0.0459     3.0129     2.7060  1.8953385  1.0094841   48.54404  -46.76970    34.4238    34.4415     3.0225     3.0207    27.4231    27.4374    6.62373    6.79419         26 0.0000e+00
      12163    506.763     94.000     3.0186   3.125356     3.0186   3.126706      95.96     0.0406     3.0112     2.7043  1.8951602  1.0105938   48.54404  -46.76970    34.4302    34.4467     3.0129     3.0129    27.4291    27.4422    6.63559    6.78128         22 0.0000e+00
      12192    507.957     95.000     3.0224   3.126419     3.0221   3.127725      95.88     0.0390     3.0088     2.6996  1.8981597  1.0084480   48.54404  -46.76970    34.4386    34.4548     3.0166     3.0163    27.4354    27.4485    6.60733    6.75391         41 0.0000e+00
      12269    511.173     96.000     3.0231   3.126724     3.0220   3.128091      95.76     0.0320     2.9920     2.6862  1.9028919  1.0065864   48.54404  -46.76971    34.4410    34.4588     3.0173     3.0162    27.4373    27.4517    6.53898    6.71523         95 0.0000e+00
      12331    513.749     97.000     3.0392   3.130689     3.0404   3.132232      95.80     0.0279     2.9806     2.6776  1.9049963  1.0070180   48.54404  -46.76972    34.4715    34.4891     3.0333     3.0345    27.4602    27.4741    6.53259    6.71648         34 0.0000e+00
      12357    514.833     98.000     3.0711   3.134497     3.0717   3.135925      95.89     0.0262     2.9783     2.6769  1.9049671  1.0066071   48.54404  -46.76972    34.4834    34.5001     3.0651     3.0657    27.4668    27.4800    6.53801    6.71419         24 0.0000e+00
      12381    515.847     99.000     3.0854   3.136313     3.0857   3.137701      78.12     0.0277     2.9777     2.6760  1.9078941  1.0070431   48.54404  -46.76972    34.4896    34.5062     3.0793     3.0796    27.4704    27.4837    6.54728    6.71443         27 0.0000e+00
      12450    518.697    100.000     3.0833   3.136001     3.0863   3.137783      95.34     0.0263     2.9757     2.6723  1.9120049  1.0089883   48.54405  -46.76972    34.4875    34.5060     3.0771     3.0801    27.4690    27.4835    6.53361    6.70036         54 0.0000e+00
      12518    521.547    101.000     3.0868   3.136616     3.0888   3.138278      95.94     0.0213     2.9716     2.6679  1.9154166  1.0111216   48.54406  -46.76974    34.4906    34.5088     3.0806     3.0826    27.4712    27.4854    6.51477    6.68871         25 0.0000e+00
      12543    522.571    102.000     3.0907   3.137233     3.0908   3.138617      95.92     0.0205     2.9698     2.6665  1.9170080  1.0120916   48.54406  -46.76974    34.4935    34.5103     3.0844     3.0845    27.4731    27.4864    6.51029    6.67607         28 0.0000e+00
      12589    524.500    103.000     3.1097   3.139914     3.1101   3.141292      95.93     0.0249     2.9673     2.6646  1.9193413  1.0111835   48.54406  -46.76974    34.5052    34.5216     3.1034     3.1038    27.4807    27.4937    6.50806    6.67577         72 0.0000e+00
      12653    527.167    104.000     3.1130   3.140536     3.1131   3.141832      95.73     0.0237     2.9655     2.6628  1.9220213  1.0120223   48.54406  -46.76974    34.5087    34.5244     3.1066     3.1067    27.4832    27.4956    6.51038    6.67167         39 0.0000e+00
      12684    528.474    105.000     3.1143   3.140918     3.1143   3.142270      95.86     0.0250     2.9653     2.6624  1.9218559  1.0133858   48.54406  -46.76975    34.5114    34.5279     3.1078     3.1078    27.4852    27.4983    6.51797    6.67989         34 0.0000e+00
      12741    530.818    106.000     3.1101   3.140512     3.1105   3.141930      95.92     0.0219     2.9695     2.6648  1.9244322  1.0134311   48.54408  -46.76976    34.5104    34.5273     3.1036     3.1039    27.4848    27.4983    6.55624    6.70405         82 0.0000e+00
      12808    533.611    107.000     3.1021   3.139820     3.0940   3.140503      95.85     0.0251     2.9758     2.6684  1.9264474  1.0134666   48.54406  -46.76976    34.5100    34.5270     3.0955     3.0874    27.4852    27.4995    6.55904    6.71759         37 0.0000e+00
      12835    534.756    108.000     3.0777   3.137769     3.0778   3.139158      95.95     0.0201     2.9766     2.6700  1.9267352  1.0134746   48.54407  -46.76976    34.5106    34.5274     3.0710     3.0712    27.4880    27.5013    6.56278    6.73147         28 0.0000e+00
      12880    536.610    109.000     3.0625   3.137078     3.0635   3.138465      95.86     0.0241     2.9771     2.6717  1.9280082  1.0114425   48.54408  -46.76976    34.5178    34.5336     3.0558     3.0568    27.4951    27.5076    6.56079    6.72856         73 0.0000e+00
      12951    539.598    110.000     3.0672   3.137670     3.0697   3.139231      95.77     0.0236     2.9761     2.6728  1.9265759  1.0086156   48.54408  -46.76978    34.5195    34.5358     3.0604     3.0630    27.4961    27.5088    6.55685    6.72100         35 0.0000e+00
      12974    540.557    111.000     3.0741   3.138942     3.0742   3.140339      95.97     0.0188     2.9762     2.6726  1.9267399  1.0097638   48.54408  -46.76978    34.5271    34.5440     3.0672     3.0674    27.5015    27.5149    6.55218    6.71967         24 0.0000e+00
      12999    541.596    112.000     3.0754   3.139190     3.0756   3.140586      95.97     0.0200     2.9757     2.6723  1.9267399  1.0092689   48.54408  -46.76978    34.5281    34.5449     3.0686     3.0687    27.5021    27.5156    6.54960    6.72176         28 0.0000e+00
      13035    543.066    113.000     3.0771   3.139437     3.0778   3.140880      95.95     0.0198     2.9748     2.6721  1.9267399  1.0088484   48.54408  -46.76978    34.5287    34.5456     3.0702     3.0708    27.5025    27.5159    6.55063    6.71688         42 0.0000e+00
      13078    544.877    114.000     3.0796   3.139773     3.0794   3.141132      95.77     0.0205     2.9750     2.6714  1.9267399  1.0097914   48.54409  -46.76978    34.5296    34.5463     3.0726     3.0724    27.5030    27.5163    6.54990    6.71446         41 0.0000e+00
      13113    546.333    115.000     3.0812   3.140032     3.0814   3.141414      95.84     0.0234     2.9730     2.6702  1.9253784  1.0097680   48.54410  -46.76978    34.5305    34.5471     3.0742     3.0743    27.5035    27.5168    6.52761    6.69681         30 0.0000e+00
      13142    547.529    116.000     3.0843   3.140497     3.0840   3.141815      95.88     0.0246     2.9699     2.6674  1.9257830  1.0097680   48.54410  -46.76980    34.5323    34.5487     3.0772     3.0768    27.5047    27.5178    6.50089    6.66977         28 0.0000e+00
      13169    548.649    117.000     3.0873   3.141073     3.0871   3.142405      95.88     0.0201     2.9652     2.6631  1.9267428  1.0097680   48.54410  -46.76980    34.5356    34.5520     3.0801     3.0799    27.5070    27.5202    6.47804    6.65369         26 0.0000e+00
