data/CTD/2013/CNV/D021A013.CNV
* Sea-Bird SBE 9 Data File:
* FileName = C:\CTD_ACQUISITION\2013021HUD\ctddata\021A013.hdr
* Software Version Seasave V 7.22.2
* Temperature SN = 5081
* Conductivity SN = 3561
* Number of Bytes Per Scan = 37
* Number of Voltage Words = 4
* Number of Scans Averaged by the Deck Unit = 1
* NMEA Latitude = 46 59.97 N
* NMEA Longitude = 047 10.01 W
* NMEA UTC (Time) = Jul 01 2013 21:27:00
* NMEA baud rate = 9600
** Ship: Hudson
** Cruise: HUD2013021
** Chief_Scientist: Greenan
** Organization: BIO
** Area_of_Operation: Sackville Spur
** Station: 13
** Sounding:  878
** Event_Comments: FC16  393113
# nquan = 25
# nvalues = 863                         
# units = specified
# name 0 = scan: Scan Count
# name 1 = timeS: Time, Elapsed [seconds]
# name 2 = prDM: Pressure, Digiquartz [db]
# name 3 = t068C: Temperature [ITS-68, deg C]
# name 4 = c0S/m: Conductivity [S/m]
# name 5 = t168C: Temperature, 2 [ITS-68, deg C]
# name 6 = c1S/m: Conductivity, 2 [S/m]
# name 7 = altM: Altimeter [m]
# name 8 = flCUVA: Fluorescence, Chelsea UV Aquatracka [ug/l]
# name 9 = sbeox0V: Oxygen raw, SBE 43 [V]
# name 10 = sbeox1V: Oxygen raw, SBE 43, 2 [V]
# name 11 = upoly0: Upoly 0, Optode 4330F - O2 D-Phase
# name 12 = upoly1: Upoly 1, Optode 4330F - O2 Temp
# name 13 = latitude: Latitude [deg]
# name 14 = longitude: Longitude [deg]
# name 15 = sal00: Salinity, Practical [PSU]
# name 16 = sal11: Salinity, Practical, 2 [PSU]
# name 17 = potemp068C: Potential Temperature [ITS-68, deg C]
# name 18 = potemp168C: Potential Temperature, 2 [ITS-68, deg C]
# name 19 = sigma-é00: Density [sigma-theta, Kg/m^3]
# name 20 = sigma-é11: Density, 2 [sigma-theta, Kg/m^3]
# name 21 = sbeox0ML/L: Oxygen, SBE 43 [ml/l], WS = 2
# name 22 = sbeox1ML/L: Oxygen, SBE 43, 2 [ml/l], WS = 2
# name 23 = nbin: number of scans per bin
# name 24 = flag: flag
# span 0 =      16141,      41175       
# span 1 =    672.518,   1715.578       
# span 2 =      2.000,    864.000       
# span 3 =     0.0735,     6.6022       
# span 4 =   2.778833,   3.283650       
# span 5 =     0.0733,     6.6013       
# span 6 =   2.780078,   3.284939       
# span 7 =       9.82,      99.12       
# span 8 =     0.0084,     0.2020       
# span 9 =     2.6376,     3.4477       
# span 10 =     2.3718,     2.9997      
# span 11 =  1.7136926,  2.0549593      
# span 12 =  0.6424633,  1.4532439      
# span 13 =   46.99858,   46.99922      
# span 14 =  -47.16702,  -47.16656      
# span 15 =    32.4927,    34.9003      
# span 16 =    32.5062,    34.9157      
# span 17 =     0.0711,     6.6019      
# span 18 =     0.0708,     6.6010      
# span 19 =    25.4965,    27.7147      
# span 20 =    25.5078,    27.7270      
# span 21 =    6.00321,    8.23139      
# span 22 =    6.19027,    7.98640      
# span 23 =         13,        115      
# span 24 = 0.0000e+00, 0.0000e+00      
# interval = decibars: 1                
# start_time = Jul 01 2013 21:27:00 [NMEA time, header]
# bad_flag = -9.990e-29
*END*
[from data line 348]
      28067   1169.426    350.000     3.2763   3.176545     3.2764   3.177819      96.74     0.0155     2.8525     2.5676  1.9536020  1.0280223   46.99889  -47.16668    34.6359    34.6512     3.2535     3.2536    27.5709    27.5831    6.37613    6.56497         35 0.0000e+00
      28106   1171.038    351.000     3.2770   3.176669     3.2770   3.177922      95.68     0.0181     2.8537     2.5683  1.9534167  1.0291634   46.99890  -47.16668    34.6362    34.6513     3.2541     3.2541    27.5710    27.5831    6.37048    6.56597         40 0.0000e+00
      28142   1172.526    352.000     3.2803   3.177104     3.2795   3.178257      96.50     0.0161     2.8524     2.5683  1.9534783  1.0297964   46.99890  -47.16668    34.6373    34.6522     3.2573     3.2565    27.5716    27.5835    6.34605    6.55562         29 0.0000e+00
      28166   1173.538    353.000     3.2861   3.177837     3.2848   3.178946      95.84     0.0190     2.8509     2.5673  1.9536066  1.0304325   46.99890  -47.16668    34.6395    34.6542     3.2631     3.2618    27.5728    27.5847    6.34626    6.54147         21 0.0000e+00
      28184   1174.310    354.000     3.2901   3.178360     3.2890   3.179495      96.55     0.0208     2.8498     2.5660  1.9536020  1.0304543   46.99890  -47.16668    34.6410    34.6558     3.2670     3.2659    27.5736    27.5856    6.33939    6.54350         17 0.0000e+00
      28201   1174.982    355.000     3.2964   3.179139     3.2949   3.180218      97.17     0.0257     2.8484     2.5660  1.9523755  1.0305254   46.99890  -47.16668    34.6432    34.6578     3.2731     3.2717    27.5748    27.5866    6.33702    6.55204         16 0.0000e+00
      28216   1175.636    356.000     3.3084   3.180570     3.3065   3.181610      97.13     0.0261     2.8480     2.5658  1.9523809  1.0305251   46.99890  -47.16668    34.6471    34.6616     3.2850     3.2832    27.5768    27.5886    6.33819    6.55172         16 0.0000e+00
      28234   1176.371    357.000     3.3269   3.182719     3.3236   3.183589      96.18     0.0226     2.8471     2.5659  1.9524990  1.0310564   46.99890  -47.16668    34.6528    34.6668     3.3034     3.3002    27.5796    27.5910    6.33845    6.55012         20 0.0000e+00
      28259   1177.418    358.000     3.3414   3.184406     3.3406   3.185538      96.29     0.0186     2.8470     2.5657  1.9533325  1.0328945   46.99890  -47.16668    34.6571    34.6718     3.3179     3.3184    27.5816    27.5934    6.35108    6.54277         31 0.0000e+00
      28293   1178.843    359.000     3.3432   3.184651     3.3434   3.185924      96.15     0.0204     2.8481     2.5649  1.9518443  1.0353178   46.99890  -47.16668    34.6576    34.6728     3.3196     3.3197    27.5818    27.5939    6.35368    6.53552         34 0.0000e+00
      28323   1180.096    360.000     3.3447   3.184866     3.3444   3.186077      96.39     0.0218     2.8483     2.5638  1.9510927  1.0366662   46.99890  -47.16668    34.6580    34.6730     3.3210     3.3207    27.5821    27.5941    6.35003    6.53414         26 0.0000e+00
      28347   1181.090    361.000     3.3460   3.185041     3.3460   3.186299      96.47     0.0226     2.8486     2.5633  1.9523356  1.0378054   46.99890  -47.16668    34.6583    34.6734     3.3222     3.3222    27.5822    27.5942    6.34962    6.54075         23 0.0000e+00
      28369   1182.006    362.000     3.3472   3.185224     3.3474   3.186494      96.22     0.0158     2.8481     2.5636  1.9523813  1.0378515   46.99890  -47.16666    34.6586    34.6738     3.3234     3.3235    27.5823    27.5944    6.33923    6.54200         21 0.0000e+00
      28391   1182.904    363.000     3.3521   3.185827     3.3522   3.187095      96.28     0.0136     2.8469     2.5633  1.9523809  1.0388033   46.99890  -47.16666    34.6602    34.6754     3.3281     3.3282    27.5831    27.5952    6.33063    6.53624         22 0.0000e+00
      28412   1183.804    364.000     3.3598   3.186776     3.3601   3.188065      95.93     0.0103     2.8461     2.5626  1.9523809  1.0391793   46.99890  -47.16666    34.6628    34.6781     3.3358     3.3361    27.5845    27.5966    6.33520    6.52485         22 0.0000e+00
      28434   1184.720    365.000     3.3684   3.187819     3.3672   3.188938      95.87     0.0084     2.8453     2.5613  1.9516664  1.0395678   46.99890  -47.16666    34.6658    34.6805     3.3442     3.3431    27.5860    27.5979    6.33392    6.52767         22 0.0000e+00
      28459   1185.754    366.000     3.3852   3.189791     3.3844   3.190947      96.37     0.0154     2.8452     2.5616  1.9511681  1.0401099   46.99890  -47.16666    34.6710    34.6858     3.3610     3.3602    27.5886    27.6005    6.33573    6.53491         28 0.0000e+00
      28489   1186.991    367.000     3.4025   3.191788     3.4013   3.192907      96.47     0.0162     2.8454     2.5610  1.9502605  1.0411912   46.99890  -47.16666    34.6761    34.6909     3.3781     3.3769    27.5910    27.6029    6.33786    6.51567         31 0.0000e+00
      28518   1188.211    368.000     3.4136   3.193068     3.4135   3.194307      96.55     0.0185     2.8449     2.5595  1.9500763  1.0418077   46.99890  -47.16666    34.6792    34.6942     3.3891     3.3890    27.5924    27.6044    6.32385    6.51706         26 0.0000e+00
      28542   1189.218    369.000     3.4231   3.194149     3.4230   3.195401      97.23     0.0214     2.8445     2.5599  1.9511925  1.0440210   46.99890  -47.16666    34.6815    34.6967     3.3985     3.3985    27.5934    27.6055    6.32611    6.52698         22 0.0000e+00
      28563   1190.069    370.000     3.4277   3.194707     3.4282   3.196015      97.05     0.0163     2.8437     2.5598  1.9511600  1.0439560   46.99890  -47.16666    34.6828    34.6981     3.4030     3.4035    27.5940    27.6061    6.31798    6.52371         20 0.0000e+00
      28582   1190.888    371.000     3.4351   3.195575     3.4358   3.196902      97.00     0.0146     2.8431     2.5600  1.9501323  1.0463138   46.99890  -47.16666    34.6849    34.7001     3.4104     3.4111    27.5949    27.6069    6.31602    6.52584         20 0.0000e+00
      28604   1191.796    372.000     3.4420   3.196348     3.4422   3.197639      97.11     0.0139     2.8422     2.5602  1.9499422  1.0470960   46.99890  -47.16666    34.6863    34.7016     3.4171     3.4174    27.5954    27.6075    6.30896    6.51943         24 0.0000e+00
      28632   1192.955    373.000     3.4461   3.196842     3.4452   3.197999      96.96     0.0129     2.8408     2.5591  1.9489965  1.0487562   46.99890  -47.16665    34.6873    34.7022     3.4212     3.4203    27.5958    27.6077    6.31008    6.51066         31 0.0000e+00
      28661   1194.184    374.000     3.4508   3.197388     3.4503   3.198603      97.22     0.0169     2.8401     2.5586  1.9488544  1.0497636   46.99890  -47.16664    34.6884    34.7035     3.4258     3.4253    27.5961    27.6082    6.31505    6.50750         26 0.0000e+00
      28684   1195.143    375.000     3.4538   3.197751     3.4538   3.199018      97.27     0.0187     2.8404     2.5572  1.9510845  1.0513110   46.99890  -47.16664    34.6890    34.7043     3.4287     3.4287    27.5964    27.6085    6.32035    6.49497         21 0.0000e+00
      28703   1195.924    376.000     3.4607   3.198545     3.4607   3.199801      97.13     0.0214     2.8402     2.5560  1.9510161  1.0512820   46.99890  -47.16664    34.6906    34.7058     3.4355     3.4355    27.5970    27.6091    6.31602    6.49594         17 0.0000e+00
      28721   1196.655    377.000     3.4637   3.198923     3.4634   3.200147      97.21     0.0204     2.8403     2.5556  1.9503373  1.0514882   46.99890  -47.16664    34.6914    34.7065     3.4385     3.4382    27.5973    27.6094    6.32286    6.50469         18 0.0000e+00
      28740   1197.441    378.000     3.4676   3.199384     3.4675   3.200618      97.18     0.0220     2.8405     2.5557  1.9499474  1.0521402   46.99890  -47.16664    34.6923    34.7073     3.4423     3.4421    27.5977    27.6097    6.32184    6.50627         21 0.0000e+00
      28764   1198.478    379.000     3.4742   3.200115     3.4744   3.201397      97.19     0.0188     2.8403     2.5548  1.9499389  1.0528796   46.99890  -47.16664    34.6935    34.7087     3.4488     3.4490    27.5980    27.6101    6.30851    6.49518         30 0.0000e+00
      28802   1200.039    380.000     3.4821   3.200986     3.4821   3.202247      97.24     0.0174     2.8387     2.5535  1.9499389  1.0545400   46.99890  -47.16664    34.6951    34.7102     3.4566     3.4566    27.5985    27.6106    6.29981    6.49408         41 0.0000e+00
      28835   1201.405    381.000     3.4842   3.201263     3.4838   3.202480      97.28     0.0185     2.8375     2.5531  1.9499389  1.0549549   46.99891  -47.16664    34.6956    34.7107     3.4586     3.4581    27.5987    27.6108    6.30181    6.49640         25 0.0000e+00
      28856   1202.305    382.000     3.4897   3.201886     3.4894   3.203120      97.28     0.0168     2.8367     2.5526  1.9499389  1.0551268   46.99892  -47.16664    34.6968    34.7118     3.4640     3.4637    27.5991    27.6112    6.29988    6.49439         20 0.0000e+00
      28876   1203.123    383.000     3.5032   3.203430     3.5014   3.204503      97.27     0.0182     2.8364     2.5525  1.9499389  1.0561633   46.99892  -47.16664    34.7003    34.7144     3.4774     3.4756    27.6007    27.6120    6.30008    6.49348         19 0.0000e+00
      28896   1203.959    384.000     3.5385   3.207389     3.5368   3.208459      97.17     0.0177     2.8362     2.5518  1.9499389  1.0561661   46.99892  -47.16664    34.7098    34.7245     3.5125     3.5108    27.6047    27.6166    6.28964    6.47543         21 0.0000e+00
      28917   1204.847    385.000     3.5508   3.208802     3.5511   3.210077      97.27     0.0167     2.8349     2.5506  1.9499389  1.0571016   46.99892  -47.16664    34.7131    34.7282     3.5247     3.5250    27.6062    27.6182    6.28056    6.46435         22 0.0000e+00
      28940   1205.806    386.000     3.5567   3.209508     3.5569   3.210783      96.73     0.0153     2.8344     2.5490  1.9499389  1.0573853   46.99892  -47.16664    34.7148    34.7299     3.5305     3.5307    27.6070    27.6190    6.28222    6.46036         24 0.0000e+00
      28967   1206.899    387.000     3.5641   3.210363     3.5633   3.211537      96.96     0.0179     2.8334     2.5481  1.9497640  1.0609727   46.99892  -47.16664    34.7166    34.7315     3.5378     3.5370    27.6077    27.6197    6.27854    6.47198         28 0.0000e+00
      28994   1208.058    388.000     3.5703   3.211089     3.5706   3.212383      96.90     0.0163     2.8323     2.5481  1.9498038  1.0622895   46.99892  -47.16664    34.7183    34.7334     3.5439     3.5450    27.6085    27.6205    6.27865    6.47862         27 0.0000e+00
      29020   1209.131    389.000     3.5776   3.211947     3.5774   3.213189      96.38     0.0150     2.8324     2.5485  1.9517083  1.0646784   46.99892  -47.16664    34.7202    34.7353     3.5511     3.5509    27.6093    27.6213    6.27990    6.47957         25 0.0000e+00
      29044   1210.124    390.000     3.5813   3.212408     3.5810   3.213632      96.59     0.0201     2.8316     2.5487  1.9512665  1.0647131   46.99892  -47.16664    34.7212    34.7363     3.5548     3.5544    27.6097    27.6217    6.27378    6.47676         23 0.0000e+00
      29067   1211.076    391.000     3.5831   3.212642     3.5831   3.213902      96.73     0.0247     2.8309     2.5483  1.9505956  1.0668520   46.99892  -47.16662    34.7216    34.7368     3.5565     3.5564    27.6098    27.6219    6.27651    6.46373         22 0.0000e+00
      29089   1211.993    392.000     3.5843   3.212809     3.5845   3.214097      97.16     0.0173     2.8308     2.5469  1.9504359  1.0669348   46.99892  -47.16662    34.7218    34.7370     3.5576     3.5578    27.6099    27.6220    6.28177    6.45152         22 0.0000e+00
      29110   1212.891    393.000     3.5861   3.213054     3.5860   3.214300      97.11     0.0153     2.8309     2.5456  1.9499969  1.0680367   46.99892  -47.16662    34.7222    34.7374     3.5594     3.5592    27.6101    27.6221    6.28335    6.45908         22 0.0000e+00
      29133   1213.820    394.000     3.5903   3.213555     3.5897   3.214746      97.21     0.0209     2.8309     2.5453  1.9499397  1.0684761   46.99892  -47.16662    34.7232    34.7382     3.5635     3.5628    27.6105    27.6225    6.28743    6.47074         23 0.0000e+00
      29158   1214.861    395.000     3.5933   3.213919     3.5930   3.215148      96.98     0.0193     2.8317     2.5459  1.9519475  1.0686007   46.99892  -47.16662    34.7239    34.7391     3.5663     3.5661    27.6107    27.6228    6.28384    6.47299         27 0.0000e+00
      29185   1216.006    396.000     3.5936   3.213999     3.5939   3.215295      97.27     0.0165     2.8310     2.5457  1.9525478  1.0689816   46.99892  -47.16662    34.7240    34.7392     3.5666     3.5669    27.6108    27.6229    6.27738    6.46747         28 0.0000e+00
      29212   1217.141    397.000     3.5943   3.214102     3.5945   3.215404      97.27     0.0178     2.8304     2.5457  1.9500905  1.0695945   46.99892  -47.16662    34.7240    34.7393     3.5672     3.5674    27.6107    27.6229    6.26852    6.47811         26 0.0000e+00
      29237   1218.183    398.000     3.5951   3.214243     3.5951   3.215511      97.26     0.0142     2.8288     2.5465  1.9500408  1.0696985   46.99892  -47.16662    34.7243    34.7395     3.5679     3.5680    27.6109    27.6229    6.26684    6.47913         24 0.0000e+00
      29260   1219.124    399.000     3.6006   3.214897     3.6002   3.216123      97.27     0.0155     2.8285     2.5465  1.9511588  1.0708169   46.99892  -47.16662    34.7257    34.7408     3.5733     3.5729    27.6115    27.6235    6.27886    6.47459         21 0.0000e+00
      29280   1219.973    400.000     3.6010   3.214983     3.6015   3.216311      97.26     0.0172     2.8287     2.5465  1.9511600  1.0708181   46.99892  -47.16662    34.7258    34.7412     3.5737     3.5741    27.6115    27.6237    6.27650    6.47771         20 0.0000e+00
      29300   1220.785    401.000     3.6028   3.215220     3.6023   3.216449      96.87     0.0162     2.8281     2.5469  1.9511600  1.0708181   46.99892  -47.16662    34.7262    34.7414     3.5753     3.5749    27.6117    27.6238    6.27744    6.48333         19 0.0000e+00
      29322   1221.707    402.000     3.6049   3.215497     3.6049   3.216762      97.26     0.0140     2.8287     2.5473  1.9511600  1.0708181   46.99892  -47.16662    34.7268    34.7419     3.5774     3.5774    27.6119    27.6240    6.28128    6.48278         26 0.0000e+00
      29352   1222.974    403.000     3.6106   3.216177     3.6110   3.217501      97.26     0.0185     2.8283     2.5475  1.9520537  1.0717477   46.99892  -47.16662    34.7283    34.7437     3.5830     3.5834    27.6126    27.6248    6.27072    6.47915         34 0.0000e+00
      29384   1224.275    404.000     3.6147   3.216707     3.6154   3.218050      97.23     0.0226     2.8274     2.5476  1.9520645  1.0721371   46.99892  -47.16662    34.7297    34.7452     3.5871     3.5877    27.6133    27.6255    6.27282    6.48365         27 0.0000e+00
      29407   1225.254    405.000     3.6202   3.217373     3.6208   3.218715      97.26     0.0246     2.8272     2.5479  1.9511564  1.0728559   46.99892  -47.16662    34.7314    34.7468     3.5924     3.5930    27.6141    27.6263    6.27543    6.48136         21 0.0000e+00
      29426   1226.061    406.000     3.6238   3.217832     3.6234   3.219069      97.26     0.0175     2.8276     2.5478  1.9511600  1.0725145   46.99892  -47.16662    34.7325    34.7477     3.5959     3.5956    27.6146    27.6267    6.28103    6.47638         18 0.0000e+00
