data/CTD/2013/CNV/D021A011.CNV
* Sea-Bird SBE 9 Data File:
* FileName = C:\CTD_ACQUISITION\2013021HUD\ctddata\021A011.hdr
* Software Version Seasave V 7.22.2
* Temperature SN = 5081
* Conductivity SN = 3561
* Number of Bytes Per Scan = 37
* Number of Voltage Words = 4
* Number of Scans Averaged by the Deck Unit = 1
* NMEA Latitude = 46 59.93 N
* NMEA Longitude = 047 21.52 W
* NMEA UTC (Time) = Jul 01 2013 19:37:40
* NMEA baud rate = 9600
** Ship: Hudson
** Cruise: HUD2013021
** Chief_Scientist: Greenan
** Organization: BIO
** Area_of_Operation: Sackville Spur
** Station: 11
** Sounding:  259
** Event_Comments: FC14.5  393109
# nquan = 25
# nvalues = 253                         
# units = specified
# name 0 = scan: Scan Count
# name 1 = timeS: Time, Elapsed [seconds]
# name 2 = prDM: Pressure, Digiquartz [db]
# name 3 = t068C: Temperature [ITS-68, deg C]
# name 4 = c0S/m: Conductivity [S/m]
# name 5 = t168C: Temperature, 2 [ITS-68, deg C]
# name 6 = c1S/m: Conductivity, 2 [S/m]
# name 7 = altM: Altimeter [m]
# name 8 = flCUVA: Fluorescence, Chelsea UV Aquatracka [ug/l]
# name 9 = sbeox0V: Oxygen raw, SBE 43 [V]
# name 10 = sbeox1V: Oxygen raw, SBE 43, 2 [V]
# name 11 = upoly0: Upoly 0, Optode 4330F - O2 D-Phase
# name 12 = upoly1: Upoly 1, Optode 4330F - O2 Temp
# name 13 = latitude: Latitude [deg]
# name 14 = longitude: Longitude [deg]
# name 15 = sal00: Salinity, Practical [PSU]
# name 16 = sal11: Salinity, Practical, 2 [PSU]
# name 17 = potemp068C: Potential Temperature [ITS-68, deg C]
# name 18 = potemp168C: Potential Temperature, 2 [ITS-68, deg C]
# name 19 = sigma-é00: Density [sigma-theta, Kg/m^3]
# name 20 = sigma-é11: Density, 2 [sigma-theta, Kg/m^3]
# name 21 = sbeox0ML/L: Oxygen, SBE 43 [ml/l], WS = 2
# name 22 = sbeox1ML/L: Oxygen, SBE 43, 2 [ml/l], WS = 2
# name 23 = nbin: number of scans per bin
# name 24 = flag: flag
# span 0 =       8658,      16804       
# span 1 =    360.701,    700.112       
# span 2 =      3.000,    255.000       
# span 3 =    -0.7901,     6.5129       
# span 4 =   2.689939,   3.244916       
# span 5 =    -0.7912,     6.5136       
# span 6 =   2.691408,   3.246250       
# span 7 =     -10.40,      97.82       
# span 8 =     0.0132,     0.1899       
# span 9 =     2.6088,     3.4473       
# span 10 =     2.3440,     3.0060      
# span 11 =  1.7134275,  2.1062272      
# span 12 =  0.5558858,  1.4426955      
# span 13 =   46.99924,   46.99968      
# span 14 =  -47.35668,  -47.35660      
# span 15 =    32.3490,    34.2710      
# span 16 =    32.3630,    34.2861      
# span 17 =    -0.7916,     6.5127      
# span 18 =    -0.7927,     6.5134      
# span 19 =    25.3947,    27.3620      
# span 20 =    25.4056,    27.3741      
# span 21 =    5.74876,    8.31215      
# span 22 =    5.92751,    8.05040      
# span 23 =         16,         81      
# span 24 = 0.0000e+00, 0.0000e+00      
# interval = decibars: 1                
# start_time = Jul 01 2013 19:37:40 [NMEA time, header]
# bad_flag = -9.990e-29
*END*
[from data line 116]
      13299    554.086    119.000     0.5430   2.843942     0.5417   2.844902      96.30     0.0132     3.2228     2.7043  1.9555601  0.6520221   46.99956  -47.35666    33.5372    33.5511     0.5384     0.5371    26.8968    26.9081    7.79170    7.30741         22 0.0000e+00
      13323    555.080    120.000     0.5668   2.846648     0.5654   2.847593      45.01     0.0156     3.2179     2.6996  1.9539242  0.6658083   46.99956  -47.35666    33.5460    33.5598     0.5621     0.5607    26.9026    26.9138    7.76582    7.27664         26 0.0000e+00
      13350    556.223    121.000     0.5883   2.849296     0.5873   2.850294      95.99     0.0172     3.2133     2.6940  1.9536903  0.6695691   46.99956  -47.35666    33.5565    33.5706     0.5835     0.5826    26.9098    26.9212    7.75456    7.26000         28 0.0000e+00
      13378    557.376    122.000     0.6080   2.851951     0.6058   2.852772      96.26     0.0217     3.2083     2.6901  1.9536003  0.6741748   46.99956  -47.35666    33.5690    33.5821     0.6032     0.6010    26.9187    26.9294    7.75874    7.27952         26 0.0000e+00
      13403    558.410    123.000     0.6248   2.854326     0.6234   2.855268      96.32     0.0237     3.2076     2.6888  1.9528285  0.6769306   46.99956  -47.35666    33.5811    33.5948     0.6199     0.6185    26.9275    26.9386    7.75618    7.27032         24 0.0000e+00
      13426    559.373    124.000     0.6354   2.855993     0.6349   2.857085      90.42     0.0212     3.2030     2.6852  1.9520640  0.6792433   46.99956  -47.35666    33.5907    33.6054     0.6304     0.6300    26.9346    26.9464    7.68060    7.19150         23 0.0000e+00
      13449    560.351    125.000     0.6400   2.856907     0.6394   2.857968      44.40     0.0181     3.1948     2.6764  1.9530389  0.6822746   46.99954  -47.35666    33.5969    33.6113     0.6351     0.6344    26.9393    26.9510    7.58442    7.09170         24 0.0000e+00
      13474    561.396    126.000     0.6465   2.857959     0.6460   2.859069      96.13     0.0184     3.1792     2.6628  1.9536020  0.6849816   46.99954  -47.35666    33.6029    33.6179     0.6415     0.6410    26.9438    26.9559    7.46954    7.00653         26 0.0000e+00
      13499    562.431    127.000     0.6502   2.858385     0.6499   2.859554      86.65     0.0168     3.1614     2.6485  1.9538172  0.6865966   46.99954  -47.35666    33.6043    33.6194     0.6452     0.6448    26.9447    26.9569    7.41162    6.97491         23 0.0000e+00
      13521    563.348    128.000     0.6678   2.860389     0.6656   2.861299      39.77     0.0156     3.1468     2.6380  1.9536577  0.6878502   46.99954  -47.35666    33.6102    33.6244     0.6627     0.6605    26.9484    26.9600    7.38227    6.96162         21 0.0000e+00
      13540    564.134    129.000     0.7198   2.866160     0.7158   2.866824      95.59     0.0169     3.1349     2.6297  1.9546056  0.6891009   46.99954  -47.35666    33.6279    33.6409     0.7146     0.7106    26.9596    26.9703    7.34851    6.93584         18 0.0000e+00
      13558    564.873    130.000     0.8044   2.875377     0.7997   2.875943      96.45     0.0182     3.1244     2.6223  1.9560406  0.6922285   46.99954  -47.35666    33.6549    33.6672     0.7990     0.7944    26.9763    26.9865    7.32308    6.89950         17 0.0000e+00
      13577    565.668    131.000     0.8560   2.880974     0.8543   2.881865      96.28     0.0186     3.1157     2.6142  1.9560440  0.6923078   46.99954  -47.35666    33.6707    33.6839     0.8505     0.8489    26.9858    26.9966    7.27171    6.82555         21 0.0000e+00
      13601    566.661    132.000     0.8968   2.885424     0.8951   2.886258      96.36     0.0213     3.0983     2.5988  1.9540044  0.7001259   46.99954  -47.35666    33.6825    33.6958     0.8919     0.8896    26.9928    27.0037    7.12207    6.68369         28 0.0000e+00
      13633    568.014    133.000     0.9324   2.889218     0.9299   2.890066      57.70     0.0261     3.0665     2.5717  1.9552236  0.7061168   46.99954  -47.35666    33.6930    33.7066     0.9268     0.9242    26.9991    27.0102    6.95457    6.55979         36 0.0000e+00
      13667    569.424    134.000     0.9869   2.895113     0.9828   2.895792      97.82     0.0263     3.0306     2.5443  1.9586475  0.7158455   46.99953  -47.35666    33.7093    33.7224     0.9811     0.9771    27.0088    27.0196    6.84518    6.48591         29 0.0000e+00
      13692    570.477    135.000     1.0262   2.899354     1.0246   2.900289      82.77     0.0225     3.0061     2.5266  1.9620491  0.7195566   46.99952  -47.35666    33.7207    33.7344     1.0203     1.0187    27.0154    27.0266    6.79924    6.46499         23 0.0000e+00
      13712    571.310    136.000     1.0545   2.902527     1.0519   2.903340      34.99     0.0230     2.9891     2.5149  1.9635687  0.7216053   46.99952  -47.35666    33.7302    33.7435     1.0486     1.0460    27.0213    27.0321    6.79090    6.45347         18 0.0000e+00
      13730    572.046    137.000     1.1026   2.907786     1.0981   2.908362      96.93     0.0262     2.9769     2.5060  1.9641637  0.7227681   46.99952  -47.35666    33.7450    33.7573     1.0966     1.0920    27.0301    27.0403    6.78706    6.43822         17 0.0000e+00
      13747    572.752    138.000     1.1285   2.910595     1.1281   2.911647      96.42     0.0262     2.9669     2.4984  1.9683365  0.7325539   46.99952  -47.35666    33.7524    33.7664     1.1224     1.1220    27.0344    27.0456    6.78901    6.42432         17 0.0000e+00
      13765    573.483    139.000     1.1353   2.911371     1.1319   2.912085      60.41     0.0284     2.9587     2.4910  1.9683812  0.7325991   46.99952  -47.35666    33.7545    33.7678     1.1291     1.1257    27.0356    27.0465    6.79742    6.43337         19 0.0000e+00
      13785    574.329    140.000     1.1589   2.913972     1.1512   2.914239      42.16     0.0263     2.9510     2.4857  1.9739155  0.7396055   46.99952  -47.35666    33.7617    33.7736     1.1527     1.1453    27.0399    27.0500    6.80610    6.45689         22 0.0000e+00
      13812    575.445    141.000     1.1604   2.914138     1.1575   2.914975      95.63     0.0300     2.9448     2.4819  1.9780529  0.7459577   46.99952  -47.35666    33.7615    33.7755     1.1542     1.1512    27.0397    27.0510    6.83349    6.48765         31 0.0000e+00
      13843    576.741    142.000     1.1613   2.914225     1.1617   2.915456      57.80     0.0301     2.9415     2.4808  1.9883758  0.7510858   46.99951  -47.35666    33.7612    33.7765     1.1549     1.1553    27.0393    27.0516    6.85905    6.51156         30 0.0000e+00
      13870    577.885    143.000     1.1714   2.915458     1.1664   2.916040      85.10     0.0326     2.9399     2.4806  1.9913331  0.7522449   46.99950  -47.35666    33.7654    33.7784     1.1650     1.1600    27.0421    27.0528    6.85020    6.51258         25 0.0000e+00
      13894    578.891    144.000     1.1829   2.916855     1.1836   2.918100      96.33     0.0353     2.9376     2.4805  2.0023873  0.7533522   46.99950  -47.35666    33.7706    33.7855     1.1765     1.1771    27.0454    27.0574    6.84207    6.50786         24 0.0000e+00
      13918    579.860    145.000     1.1814   2.916844     1.1822   2.918101      47.07     0.0341     2.9363     2.4803  2.0028603  0.7534623   46.99950  -47.35666    33.7713    33.7864     1.1749     1.1757    27.0461    27.0582    6.85353    6.51465         23 0.0000e+00
      13941    580.841    146.000     1.1782   2.916585     1.1800   2.917937      57.15     0.0364     2.9366     2.4811  2.0120828  0.7557679   46.99950  -47.35666    33.7708    33.7862     1.1717     1.1734    27.0459    27.0582    6.88669    6.55292         24 0.0000e+00
      13966    581.857    147.000     1.1760   2.916426     1.1769   2.917691      70.54     0.0375     2.9387     2.4853  2.0126185  0.7560039   46.99950  -47.35666    33.7706    33.7859     1.1695     1.1703    27.0459    27.0582    6.89731    6.59016         24 0.0000e+00
      13990    582.856    148.000     1.1771   2.916555     1.1769   2.917737      49.25     0.0365     2.9406     2.4891  2.0201337  0.7595443   46.99950  -47.35666    33.7705    33.7858     1.1705     1.1703    27.0457    27.0580    6.91209    6.61193         23 0.0000e+00
      14011    583.760    149.000     1.1776   2.916635     1.1793   2.917974      78.45     0.0373     2.9426     2.4939  2.0201192  0.7594628   46.99949  -47.35666    33.7704    33.7857     1.1709     1.1726    27.0457    27.0579    6.92422    6.64700         21 0.0000e+00
      14031    584.579    150.000     1.1759   2.916519     1.1782   2.917920      95.82     0.0328     2.9457     2.4995  2.0237572  0.7604853   46.99948  -47.35666    33.7702    33.7856     1.1691     1.1715    27.0456    27.0578    6.96151    6.69298         19 0.0000e+00
      14051    585.409    151.000     1.1732   2.916340     1.1753   2.917721      89.76     0.0324     2.9508     2.5065  2.0244141  0.7606820   46.99948  -47.35666    33.7702    33.7855     1.1665     1.1686    27.0458    27.0580    7.00729    6.72429         21 0.0000e+00
      14073    586.316    152.000     1.1701   2.916110     1.1706   2.917360      39.75     0.0294     2.9572     2.5137  2.0281718  0.7618822   46.99948  -47.35666    33.7700    33.7854     1.1633     1.1638    27.0459    27.0582    7.01298    6.73987         23 0.0000e+00
      14097    587.336    153.000     1.1692   2.916079     1.1687   2.917216      95.32     0.0284     2.9618     2.5206  2.0316834  0.7631039   46.99948  -47.35666    33.7700    33.7852     1.1624     1.1618    27.0459    27.0581    6.99772    6.73695         26 0.0000e+00
      14124    588.476    154.000     1.1681   2.916036     1.1680   2.917220      75.86     0.0294     2.9637     2.5253  2.0349643  0.7632563   46.99948  -47.35666    33.7701    33.7853     1.1612     1.1611    27.0460    27.0583    6.95173    6.70953         28 0.0000e+00
      14154    589.691    155.000     1.1725   2.916734     1.1722   2.917902      65.03     0.0341     2.9615     2.5277  2.0366645  0.7632090   46.99948  -47.35666    33.7736    33.7889     1.1656     1.1653    27.0486    27.0609    6.92249    6.71726         29 0.0000e+00
      14181    590.820    156.000     1.1761   2.917234     1.1758   2.918405      51.95     0.0351     2.9601     2.5315  2.0389330  0.7643253   46.99947  -47.35666    33.7756    33.7910     1.1691     1.1688    27.0500    27.0623    6.94806    6.75832         25 0.0000e+00
      14203    591.732    157.000     1.1838   2.918242     1.1824   2.919263      76.58     0.0325     2.9610     2.5368  2.0390770  0.7643480   46.99946  -47.35666    33.7796    33.7942     1.1768     1.1753    27.0527    27.0645    6.97903    6.81524         19 0.0000e+00
      14220    592.471    158.000     1.2112   2.921517     1.2074   2.922231      96.72     0.0303     2.9638     2.5430  2.0370994  0.7652236   46.99946  -47.35666    33.7913    33.8045     1.2041     1.2003    27.0602    27.0711    7.00374    6.86138         17 0.0000e+00
      14236    593.144    159.000     1.2263   2.923319     1.2251   2.924361      96.41     0.0305     2.9664     2.5501  2.0361753  0.7655666   46.99946  -47.35666    33.7975    33.8120     1.2191     1.2179    27.0642    27.0760    7.01834    6.89527         16 0.0000e+00
      14253    593.850    160.000     1.2304   2.923845     1.2295   2.924953      45.39     0.0265     2.9701     2.5575  2.0364926  0.7655678   46.99946  -47.35666    33.7994    33.8143     1.2229     1.2222    27.0655    27.0776    7.03036    6.90279         18 0.0000e+00
      14275    594.732    161.000     1.2451   2.925570     1.2441   2.926649      72.69     0.0264     2.9740     2.5643  2.0342340  0.7688226   46.99946  -47.35666    33.8048    33.8196     1.2377     1.2368    27.0688    27.0808    7.03068    6.90100         25 0.0000e+00
      14304    595.964    162.000     1.2651   2.927874     1.2632   2.928847      95.17     0.0273     2.9781     2.5730  2.0341508  0.7700875   46.99946  -47.35666    33.8120    33.8264     1.2577     1.2558    27.0733    27.0850    7.02055    6.90857         33 0.0000e+00
      14335    597.256    163.000     1.3216   2.934368     1.3149   2.934719      91.69     0.0307     2.9803     2.5806  2.0341444  0.7729531   46.99944  -47.35666    33.8331    33.8449     1.3141     1.3073    27.0865    27.0964    6.98111    6.90065         28 0.0000e+00
      14360    598.296    164.000     1.3938   2.942816     1.3899   2.943483      36.16     0.0305     2.9790     2.5843  2.0328844  0.7740967   46.99944  -47.35666    33.8621    33.8748     1.3861     1.3822    27.1048    27.1153    6.94902    6.87344         24 0.0000e+00
      14385    599.313    165.000     1.4190   2.945879     1.4168   2.946746      91.02     0.0258     2.9781     2.5876  2.0317688  0.7753111   46.99944  -47.35666    33.8734    33.8867     1.4112     1.4090    27.1121    27.1230    6.92418    6.87643         25 0.0000e+00
      14411    600.428    166.000     1.4480   2.949369     1.4470   2.950396      91.56     0.0227     2.9739     2.5899  2.0258691  0.7819043   46.99944  -47.35666    33.8858    33.9000     1.4401     1.4391    27.1201    27.1315    6.87254    6.84648         28 0.0000e+00
      14438    601.540    167.000     1.4565   2.950446     1.4555   2.951503      90.65     0.0203     2.9672     2.5894  2.0219603  0.7865074   46.99944  -47.35666    33.8897    33.9042     1.4486     1.4476    27.1227    27.1344    6.80781    6.80805         24 0.0000e+00
      14459    602.437    168.000     1.4788   2.953272     1.4753   2.953971      89.74     0.0183     2.9586     2.5868  2.0182972  0.7910537   46.99944  -47.35666    33.9010    33.9136     1.4708     1.4673    27.1301    27.1405    6.75036    6.77112         19 0.0000e+00
      14478    603.192    169.000     1.5202   2.958447     1.5176   2.959251      88.99     0.0184     2.9507     2.5839  2.0167449  0.7936676   46.99942  -47.35666    33.9214    33.9343     1.5121     1.5095    27.1436    27.1542    6.70903    6.74443         18 0.0000e+00
      14496    603.947    170.000     1.5350   2.960215     1.5342   2.961273      88.10     0.0211     2.9420     2.5804  2.0164561  0.7938406   46.99942  -47.35666    33.9272    33.9415     1.5268     1.5260    27.1472    27.1587    6.69050    6.72890         19 0.0000e+00
      14517    604.843    171.000     1.5611   2.963445     1.5569   2.964079      87.12     0.0244     2.9336     2.5768  2.0100467  0.7983723   46.99942  -47.35666    33.9394    33.9520     1.5528     1.5486    27.1552    27.1656    6.67298    6.72440         25 0.0000e+00
      14544    605.946    172.000     1.6265   2.971283     1.6239   2.972034      85.82     0.0230     2.9240     2.5740  2.0088210  0.7998129   46.99942  -47.35666    33.9674    33.9798     1.6181     1.6154    27.1729    27.1831    6.65070    6.72115         26 0.0000e+00
      14568    606.952    173.000     1.6813   2.977708     1.6798   2.978648      84.95     0.0216     2.9167     2.5717  2.0046027  0.8070729   46.99942  -47.35666    33.9889    34.0024     1.6728     1.6712    27.1862    27.1972    6.63653    6.70567         22 0.0000e+00
      14588    607.808    174.000     1.6945   2.979290     1.6932   2.980267      83.98     0.0199     2.9114     2.5703  2.0045185  0.8070813   46.99941  -47.35666    33.9941    34.0079     1.6859     1.6845    27.1894    27.2006    6.63104    6.70588         20 0.0000e+00
      14609    608.669    175.000     1.7023   2.980234     1.7034   2.981497      83.07     0.0174     2.9071     2.5689  2.0025394  0.8144733   46.99940  -47.35666    33.9970    34.0118     1.6936     1.6947    27.1912    27.2030    6.62140    6.69767         22 0.0000e+00
