data/CTD/2013/CNV/D021A041.CNV
* Sea-Bird SBE 9 Data File:
* FileName = C:\CTD_ACQUISITION\2013021HUD\ctddata\021A041.hdr
* Software Version Seasave V 7.22.2
* Temperature SN = 5081
* Conductivity SN = 3561
* Number of Bytes Per Scan = 37
* Number of Voltage Words = 4
* Number of Scans Averaged by the Deck Unit = 1
* NMEA Latitude = 48 32.65 N
* NMEA Longitude = 046 46.20 W
* NMEA UTC (Time) = Jul 04 2013 01:12:23
* NMEA baud rate = 9600
** Ship: Hudson
** Cruise: HUD2013021
** Chief_Scientist: Greenan
** Organization: BIO
** Area_of_Operation: Sackville Spur
** Station: 41
** Sounding:  1896
** Event_Comments: SS06  393182
# nquan = 25
# nvalues = 2472                        
# units = specified
# name 0 = scan: Scan Count
# name 1 = timeS: Time, Elapsed [seconds]
# name 2 = prDM: Pressure, Digiquartz [db]
# name 3 = t068C: Temperature [ITS-68, deg C]
# name 4 = c0S/m: Conductivity [S/m]
# name 5 = t168C: Temperature, 2 [ITS-68, deg C]
# name 6 = c1S/m: Conductivity, 2 [S/m]
# name 7 = altM: Altimeter [m]
# name 8 = flCUVA: Fluorescence, Chelsea UV Aquatracka [ug/l]
# name 9 = sbeox0V: Oxygen raw, SBE 43 [V]
# name 10 = sbeox1V: Oxygen raw, SBE 43, 2 [V]
# name 11 = upoly0: Upoly 0, Optode 4330F - O2 D-Phase
# name 12 = upoly1: Upoly 1, Optode 4330F - O2 Temp
# name 13 = latitude: Latitude [deg]
# name 14 = longitude: Longitude [deg]
# name 15 = sal00: Salinity, Practical [PSU]
# name 16 = sal11: Salinity, Practical, 2 [PSU]
# name 17 = potemp068C: Potential Temperature [ITS-68, deg C]
# name 18 = potemp168C: Potential Temperature, 2 [ITS-68, deg C]
# name 19 = sigma-é00: Density [sigma-theta, Kg/m^3]
# name 20 = sigma-é11: Density, 2 [sigma-theta, Kg/m^3]
# name 21 = sbeox0ML/L: Oxygen, SBE 43 [ml/l], WS = 2
# name 22 = sbeox1ML/L: Oxygen, SBE 43, 2 [ml/l], WS = 2
# name 23 = nbin: number of scans per bin
# name 24 = flag: flag
# span 0 =       8176,      63486       
# span 1 =    340.638,   2645.193       
# span 2 =      3.000,   2474.000       
# span 3 =     2.6812,     7.4698       
# span 4 =   3.125356,   3.456177       
# span 5 =     2.6802,     7.4704       
# span 6 =   3.126706,   3.457646       
# span 7 =       3.29,     103.75       
# span 8 =     0.0050,     0.1633       
# span 9 =     2.1859,     3.3275       
# span 10 =     1.9662,     2.9759      
# span 11 =  1.7129617,  2.1098694      
# span 12 =  0.9597042,  1.5638924      
# span 13 =   48.54318,   48.54418      
# span 14 =  -46.77346,  -46.76956      
# span 15 =    33.7354,    34.9454      
# span 16 =    33.7506,    34.9388      
# span 17 =     2.4905,     7.4689      
# span 18 =     2.4894,     7.4695      
# span 19 =    26.3576,    27.8635      
# span 20 =    26.3695,    27.8773      
# span 21 =    5.86238,    7.02641      
# span 22 =    6.07419,    7.15290      
# span 23 =          6,         97      
# span 24 = 0.0000e+00, 0.0000e+00      
# interval = decibars: 1                
# start_time = Jul 04 2013 01:12:23 [NMEA time, header]
# bad_flag = -9.990e-29
*END*
[from data line 928]
      29941   1247.512    931.000     3.7711   3.267716     3.7707   3.269096      93.58     0.0231     2.6303     2.3665  1.9892092  1.0964592   48.54374  -46.77112    34.8948    34.9116     3.7022     3.7017    27.7332    27.7467    6.06387    6.28219         19 0.0000e+00
      29972   1248.772    932.000     3.7711   3.267755     3.7707   3.269131      79.81     0.0168     2.6295     2.3656  1.9889659  1.0964321   48.54374  -46.77112    34.8947    34.9115     3.7021     3.7016    27.7332    27.7466    6.07747    6.27871         43 0.0000e+00
      30009   1250.336    933.000     3.7709   3.267798     3.7705   3.269185      69.30     0.0143     2.6293     2.3646  1.9890136  1.0964113   48.54374  -46.77114    34.8950    34.9118     3.7018     3.7014    27.7335    27.7469    6.07260    6.27690         26 0.0000e+00
      30030   1251.195    934.000     3.7706   3.267841     3.7703   3.269211      96.67     0.0162     2.6287     2.3641  1.9890109  1.0964595   48.54374  -46.77114    34.8952    34.9118     3.7015     3.7042    27.7337    27.7469    6.07831    6.27339         18 0.0000e+00
      30047   1251.926    935.000     3.7707   3.267891     3.7703   3.269264      96.59     0.0190     2.6288     2.3634  1.9890109  1.0964592   48.54374  -46.77114    34.8953    34.9120     3.7015     3.7009    27.7337    27.7471    6.07880    6.27597         17 0.0000e+00
      30064   1252.609    936.000     3.7706   3.267931     3.7702   3.269310      22.08     0.0205     2.6285     2.3635  1.9890109  1.0964592   48.54374  -46.77114    34.8953    34.9121     3.7013     3.7009    27.7338    27.7471    6.07765    6.28150         16 0.0000e+00
      30080   1253.294    937.000     3.7703   3.267954     3.7700   3.269329      75.83     0.0192     2.6285     2.3630  1.9890109  1.0964592   48.54372  -46.77114    34.8954    34.9121     3.7009     3.7005    27.7338    27.7472    6.07539    6.28324         17 0.0000e+00
      30098   1254.032    938.000     3.7703   3.267992     3.7698   3.269366      48.60     0.0152     2.6278     2.3634  1.9906600  1.0960152   48.54372  -46.77114    34.8953    34.9121     3.7008     3.7003    27.7338    27.7472    6.07343    6.28788         19 0.0000e+00
      30119   1254.899    939.000     3.7700   3.268021     3.7697   3.269394      95.59     0.0161     2.6275     2.3631  1.9905012  1.0960339   48.54372  -46.77114    34.8954    34.9121     3.7005     3.7001    27.7339    27.7473    6.06955    6.28142         23 0.0000e+00
      30144   1255.946    940.000     3.7692   3.267997     3.7689   3.269376      96.63     0.0184     2.6268     2.3629  1.9898983  1.0960364   48.54372  -46.77114    34.8956    34.9122     3.6995     3.6992    27.7341    27.7474    6.07425    6.28184         26 0.0000e+00
      30169   1257.008    941.000     3.7685   3.267992     3.7680   3.269360      83.01     0.0165     2.6266     2.3625  1.9903328  1.0961179   48.54372  -46.77114    34.8957    34.9124     3.6988     3.6983    27.7343    27.7477    6.08012    6.28262         25 0.0000e+00
      30193   1257.996    942.000     3.7684   3.268035     3.7679   3.269406      46.58     0.0168     2.6267     2.3624  1.9906554  1.0959818   48.54372  -46.77114    34.8958    34.9126     3.6986     3.6981    27.7344    27.7478    6.07859    6.28517         23 0.0000e+00
      30217   1259.000    943.000     3.7683   3.268085     3.7680   3.269457      95.01     0.0192     2.6264     2.3622  1.9910620  1.0961171   48.54372  -46.77114    34.8959    34.9126     3.6985     3.6981    27.7345    27.7479    6.07871    6.28247         25 0.0000e+00
      30242   1260.040    944.000     3.7684   3.268138     3.7680   3.269512      46.08     0.0199     2.6260     2.3619  1.9911493  1.0959473   48.54372  -46.77114    34.8960    34.9127     3.6984     3.6980    27.7346    27.7479    6.06852    6.27850         24 0.0000e+00
      30264   1260.941    945.000     3.7684   3.268196     3.7681   3.269562      34.84     0.0153     2.6255     2.3613  1.9909992  1.0956810   48.54372  -46.77116    34.8961    34.9127     3.6984     3.6980    27.7347    27.7480    6.06378    6.27990         19 0.0000e+00
      30281   1261.661    946.000     3.7685   3.268247     3.7681   3.269618      96.50     0.0183     2.6242     2.3612  1.9910728  1.0954624   48.54371  -46.77116    34.8962    34.9128     3.6984     3.6979    27.7347    27.7481    6.06767    6.28606         16 0.0000e+00
      30296   1262.285    947.000     3.7686   3.268294     3.7682   3.269670      64.69     0.0211     2.6241     2.3613  1.9911940  1.0954113   48.54370  -46.77116    34.8960    34.9129     3.6984     3.6979    27.7346    27.7481    6.07354    6.28754         14 0.0000e+00
      30310   1262.867    948.000     3.7688   3.268340     3.7682   3.269717      19.03     0.0232     2.6245     2.3612  1.9913695  1.0952343   48.54370  -46.77116    34.8959    34.9129     3.6985     3.6979    27.7345    27.7481    6.07292    6.28783         14 0.0000e+00
      30324   1263.456    949.000     3.7686   3.268385     3.7682   3.269763      94.90     0.0220     2.6237     2.3613  1.9915336  1.0954814   48.54370  -46.77116    34.8962    34.9129     3.6982     3.6978    27.7347    27.7481    6.06508    6.28884         15 0.0000e+00
      30340   1264.124    950.000     3.7686   3.268433     3.7683   3.269811      95.08     0.0209     2.6233     2.3613  1.9933593  1.0952460   48.54370  -46.77116    34.8961    34.9129     3.6982     3.6978    27.7347    27.7481    6.07241    6.28464         18 0.0000e+00
      30372   1265.460    951.000     3.7688   3.268472     3.7685   3.269848      58.25     0.0197     2.6230     2.3602  1.9924693  1.0952381   48.54370  -46.77116    34.8960    34.9126     3.6982     3.6979    27.7346    27.7479    6.06799    6.27437         54 0.0000e+00
      30420   1267.469    952.000     3.7689   3.268540     3.7685   3.269905      98.79     0.0180     2.6214     2.3588  1.9913820  1.0954335   48.54370  -46.77116    34.8962    34.9127     3.6982     3.6979    27.7347    27.7480    6.06665    6.27174         27 0.0000e+00
      30439   1268.253    953.000     3.7689   3.268610     3.7685   3.269970      96.15     0.0154     2.6209     2.3579  1.9914529  1.0963906   48.54370  -46.77116    34.8965    34.9130     3.6982     3.6978    27.7350    27.7482    6.05552    6.26700         17 0.0000e+00
      30455   1268.925    954.000     3.7690   3.268692     3.7687   3.270045      96.65     0.0135     2.6205     2.3576  1.9913706  1.0964601   48.54370  -46.77116    34.8967    34.9132     3.6983     3.6979    27.7352    27.7483    6.05249    6.27382         15 0.0000e+00
      30470   1269.537    955.000     3.7692   3.268741     3.7688   3.270119      96.66     0.0125     2.6193     2.3574  1.9918563  1.0962975   48.54370  -46.77116    34.8967    34.9134     3.6983     3.6979    27.7352    27.7485    6.05617    6.27768         15 0.0000e+00
      30484   1270.133    956.000     3.7691   3.268787     3.7688   3.270173      84.45     0.0096     2.6196     2.3574  1.9929985  1.0961995   48.54370  -46.77116    34.8967    34.9136     3.6982     3.6978    27.7352    27.7486    6.05986    6.27667         14 0.0000e+00
      30499   1270.752    957.000     3.7691   3.268838     3.7688   3.270210       8.68     0.0124     2.6183     2.3571  1.9932444  1.0960517   48.54370  -46.77117    34.8969    34.9135     3.6981     3.6977    27.7353    27.7486    6.05175    6.27647         15 0.0000e+00
      30516   1271.442    958.000     3.7688   3.268858     3.7685   3.270228      91.86     0.0157     2.6178     2.3570  1.9928753  1.0960730   48.54370  -46.77118    34.8969    34.9135     3.6977     3.6974    27.7354    27.7486    6.05535    6.27653         19 0.0000e+00
      30537   1272.335    959.000     3.7685   3.268876     3.7683   3.270259      57.46     0.0158     2.6177     2.3567  1.9922155  1.0952748   48.54370  -46.77118    34.8969    34.9136     3.6973     3.6992    27.7354    27.7487    6.06353    6.27603         25 0.0000e+00
      30567   1273.575    960.000     3.7684   3.268908     3.7681   3.270281      38.53     0.0143     2.6171     2.3564  1.9929490  1.0952381   48.54370  -46.77118    34.8969    34.9135     3.6971     3.6968    27.7354    27.7487    6.05798    6.27610         32 0.0000e+00
      30595   1274.746    961.000     3.7680   3.268932     3.7679   3.270313      92.70     0.0117     2.6164     2.3558  1.9931862  1.0952381   48.54370  -46.77118    34.8970    34.9136     3.6967     3.6965    27.7356    27.7488    6.05281    6.27288         24 0.0000e+00
      30617   1275.669    962.000     3.7674   3.268943     3.7672   3.270311      23.37     0.0172     2.6159     2.3554  1.9941880  1.0954711   48.54370  -46.77118    34.8974    34.9138     3.6959     3.6957    27.7359    27.7491    6.05940    6.27254         21 0.0000e+00
      30637   1276.491    963.000     3.7671   3.268968     3.7668   3.270342      95.49     0.0158     2.6160     2.3552  1.9956785  1.0956221   48.54370  -46.77118    34.8974    34.9141     3.6956     3.6953    27.7360    27.7493    6.06243    6.27398         19 0.0000e+00
      30656   1277.284    964.000     3.7670   3.269000     3.7666   3.270371      95.19     0.0143     2.6152     2.3550  1.9955671  1.0956874   48.54370  -46.77118    34.8974    34.9141     3.6954     3.6950    27.7361    27.7494    6.05366    6.27224         19 0.0000e+00
      30675   1278.078    965.000     3.7667   3.269032     3.7664   3.270401      82.19     0.0143     2.6151     2.3543  1.9954382  1.0952413   48.54370  -46.77118    34.8976    34.9142     3.6951     3.6947    27.7362    27.7494    6.06307    6.26536         19 0.0000e+00
      30694   1278.864    966.000     3.7668   3.269097     3.7665   3.270477      29.73     0.0168     2.6153     2.3536  1.9951839  1.0952381   48.54370  -46.77119    34.8978    34.9145     3.6950     3.6947    27.7364    27.7497    6.05901    6.25999         19 0.0000e+00
      30712   1279.644    967.000     3.7670   3.269163     3.7666   3.270524      95.87     0.0161     2.6142     2.3527  1.9947776  1.0952381   48.54370  -46.77120    34.8979    34.9144     3.6951     3.6947    27.7364    27.7497    6.05179    6.25852         18 0.0000e+00
      30732   1280.443    968.000     3.7671   3.269218     3.7668   3.270590      42.67     0.0170     2.6141     2.3520  1.9938883  1.0952381   48.54370  -46.77120    34.8978    34.9144     3.6952     3.6949    27.7364    27.7497    6.04670    6.26535         20 0.0000e+00
      30753   1281.323    969.000     3.7673   3.269277     3.7670   3.270651      75.26     0.0138     2.6131     2.3519  1.9940524  1.0952381   48.54370  -46.77120    34.8978    34.9144     3.6953     3.6950    27.7364    27.7496    6.05520    6.26751         23 0.0000e+00
      30777   1282.347    970.000     3.7675   3.269338     3.7671   3.270699      96.49     0.0143     2.6127     2.3515  1.9955285  1.0952381   48.54370  -46.77120    34.8978    34.9144     3.6954     3.6950    27.7364    27.7496    6.05336    6.26553         26 0.0000e+00
      30803   1283.432    971.000     3.7675   3.269387     3.7672   3.270755      45.78     0.0193     2.6125     2.3508  1.9958531  1.0952381   48.54370  -46.77120    34.8978    34.9144     3.6954     3.6950    27.7364    27.7496    6.05532    6.26435         25 0.0000e+00
      30826   1284.386    972.000     3.7673   3.269421     3.7671   3.270795      65.68     0.0203     2.6119     2.3505  1.9956368  1.0952381   48.54370  -46.77120    34.8979    34.9145     3.6951     3.6948    27.7365    27.7497    6.05454    6.25778         21 0.0000e+00
      30846   1285.225    973.000     3.7672   3.269455     3.7669   3.270836      60.60     0.0152     2.6119     2.3496  1.9957261  1.0952381   48.54368  -46.77120    34.8979    34.9147     3.6949     3.6946    27.7365    27.7499    6.05702    6.25673         20 0.0000e+00
      30866   1286.027    974.000     3.7673   3.269502     3.7669   3.270871      95.78     0.0160     2.6114     2.3492  1.9956318  1.0952381   48.54370  -46.77120    34.8979    34.9146     3.6949     3.6945    27.7365    27.7498    6.05635    6.26331         19 0.0000e+00
      30885   1286.845    975.000     3.7673   3.269546     3.7670   3.270919      96.62     0.0174     2.6117     2.3491  1.9957254  1.0952381   48.54370  -46.77121    34.8979    34.9146     3.6948     3.6944    27.7365    27.7498    6.05056    6.26622         20 0.0000e+00
      30906   1287.714    976.000     3.7673   3.269608     3.7670   3.270972      96.22     0.0124     2.6108     2.3490  1.9947610  1.0952381   48.54370  -46.77122    34.8981    34.9146     3.6948     3.6944    27.7366    27.7499    6.04651    6.26427         21 0.0000e+00
      30928   1288.606    977.000     3.7674   3.269654     3.7671   3.271028      26.24     0.0180     2.6098     2.3486  1.9939319  1.0952381   48.54369  -46.77122    34.8980    34.9147     3.6948     3.6944    27.7366    27.7499    6.04531    6.26441         21 0.0000e+00
      30948   1289.441    978.000     3.7674   3.269705     3.7670   3.271063      90.04     0.0200     2.6093     2.3485  1.9944466  1.0952381   48.54368  -46.77122    34.8981    34.9147     3.6947     3.6942    27.7367    27.7499    6.05077    6.26758         20 0.0000e+00
      30966   1290.215    979.000     3.7674   3.269757     3.7671   3.271119      96.39     0.0162     2.6093     2.3485  1.9959027  1.0952381   48.54368  -46.77122    34.8983    34.9147     3.6946     3.6943    27.7368    27.7499    6.05601    6.26934         18 0.0000e+00
      30984   1290.968    980.000     3.7673   3.269798     3.7670   3.271161      46.35     0.0145     2.6093     2.3484  1.9957296  1.0952381   48.54368  -46.77122    34.8984    34.9148     3.6944     3.6941    27.7369    27.7500    6.05741    6.26511         18 0.0000e+00
      31004   1291.773    981.000     3.7675   3.269857     3.7671   3.271224      21.43     0.0147     2.6093     2.3481  1.9960390  1.0952381   48.54368  -46.77122    34.8983    34.9149     3.6945     3.6941    27.7369    27.7501    6.05615    6.26487         21 0.0000e+00
      31028   1292.782    982.000     3.7680   3.269962     3.7677   3.271327      91.28     0.0154     2.6090     2.3477  1.9963282  1.0952381   48.54368  -46.77122    34.8985    34.9151     3.6949     3.6946    27.7370    27.7502    6.04906    6.25918         28 0.0000e+00
      31059   1294.086    983.000     3.7686   3.270066     3.7682   3.271434      43.64     0.0139     2.6081     2.3464  1.9962512  1.0952381   48.54368  -46.77122    34.8986    34.9153     3.6954     3.6950    27.7370    27.7503    6.04954    6.24882         30 0.0000e+00
      31083   1295.103    984.000     3.7692   3.270198     3.7688   3.271554      97.52     0.0122     2.6079     2.3455  1.9962792  1.0952381   48.54368  -46.77124    34.8990    34.9156     3.6960     3.6955    27.7372    27.7505    6.05248    6.25188         21 0.0000e+00
      31102   1295.860    985.000     3.7696   3.270288     3.7692   3.271645      96.59     0.0089     2.6076     2.3451  1.9964143  1.0952381   48.54368  -46.77124    34.8992    34.9157     3.6963     3.6958    27.7374    27.7506    6.04302    6.24791         16 0.0000e+00
      31118   1296.543    986.000     3.7703   3.270404     3.7699   3.271772      26.73     0.0154     2.6068     2.3441  1.9964087  1.0953820   48.54368  -46.77124    34.8993    34.9160     3.6969     3.6964    27.7374    27.7507    6.04160    6.24004         17 0.0000e+00
      31135   1297.241    987.000     3.7715   3.270583     3.7711   3.271937      19.28     0.0179     2.6063     2.3431  1.9964088  1.0953108   48.54368  -46.77124    34.8996    34.9162     3.6980     3.6975    27.7375    27.7507    6.04231    6.24515         17 0.0000e+00
