data/CTD/2013/CNV/D021A042.CNV
* Sea-Bird SBE 9 Data File:
* FileName = C:\CTD_ACQUISITION\2013021HUD\ctddata\021A042.hdr
* Software Version Seasave V 7.22.2
* Temperature SN = 5081
* Conductivity SN = 3561
* Number of Bytes Per Scan = 37
* Number of Voltage Words = 4
* Number of Scans Averaged by the Deck Unit = 1
* NMEA Latitude = 48 20.24 N
* NMEA Longitude = 046 21.03 W
* NMEA UTC (Time) = Jul 04 2013 04:23:37
* NMEA baud rate = 9600
** Ship: Hudson
** Cruise: HUD2013021
** Chief_Scientist: Greenan
** Organization: BIO
** Area_of_Operation: Sackville Spur
** Station: 42
** Sounding:  947
** Event_Comments: FP_BSR_5  393184
# nquan = 25
# nvalues = 930                         
# units = specified
# name 0 = scan: Scan Count
# name 1 = timeS: Time, Elapsed [seconds]
# name 2 = prDM: Pressure, Digiquartz [db]
# name 3 = t068C: Temperature [ITS-68, deg C]
# name 4 = c0S/m: Conductivity [S/m]
# name 5 = t168C: Temperature, 2 [ITS-68, deg C]
# name 6 = c1S/m: Conductivity, 2 [S/m]
# name 7 = altM: Altimeter [m]
# name 8 = flCUVA: Fluorescence, Chelsea UV Aquatracka [ug/l]
# name 9 = sbeox0V: Oxygen raw, SBE 43 [V]
# name 10 = sbeox1V: Oxygen raw, SBE 43, 2 [V]
# name 11 = upoly0: Upoly 0, Optode 4330F - O2 D-Phase
# name 12 = upoly1: Upoly 1, Optode 4330F - O2 Temp
# name 13 = latitude: Latitude [deg]
# name 14 = longitude: Longitude [deg]
# name 15 = sal00: Salinity, Practical [PSU]
# name 16 = sal11: Salinity, Practical, 2 [PSU]
# name 17 = potemp068C: Potential Temperature [ITS-68, deg C]
# name 18 = potemp168C: Potential Temperature, 2 [ITS-68, deg C]
# name 19 = sigma-é00: Density [sigma-theta, Kg/m^3]
# name 20 = sigma-é11: Density, 2 [sigma-theta, Kg/m^3]
# name 21 = sbeox0ML/L: Oxygen, SBE 43 [ml/l], WS = 2
# name 22 = sbeox1ML/L: Oxygen, SBE 43, 2 [ml/l], WS = 2
# name 23 = nbin: number of scans per bin
# name 24 = flag: flag
# span 0 =      11870,      37104       
# span 1 =    494.541,   1545.960       
# span 2 =      3.000,    932.000       
# span 3 =    -0.3387,     6.1138       
# span 4 =   2.752072,   3.277587       
# span 5 =    -0.3387,     6.1136       
# span 6 =   2.753544,   3.278971       
# span 7 =     -11.27,      98.85       
# span 8 =     0.0060,     0.1903       
# span 9 =     2.6200,     3.4630       
# span 10 =     2.3539,     3.0458      
# span 11 =  1.7248574,  2.0073493      
# span 12 =  0.6344082,  1.3930870      
# span 13 =   48.33558,   48.33645      
# span 14 =  -46.35110,  -46.34982      
# span 15 =    32.6383,    34.9038      
# span 16 =    32.6537,    34.9204      
# span 17 =    -0.3397,     6.1136      
# span 18 =    -0.3397,     6.1134      
# span 19 =    25.6730,    27.7301      
# span 20 =    25.6852,    27.7433      
# span 21 =    6.02601,    7.77961      
# span 22 =    6.22614,    7.80384      
# span 23 =         13,        105      
# span 24 = 0.0000e+00, 0.0000e+00      
# interval = decibars: 1                
# start_time = Jul 04 2013 04:23:37 [NMEA time, header]
# bad_flag = -9.990e-29
*END*
[from data line 696]
      29878   1244.856    699.000     3.8852   3.266508     3.8850   3.267891      61.27     0.0193     2.7411     2.4618  1.9585266  1.1098901   48.33596  -46.35046    34.8800    34.8967     3.8341     3.8338    27.7081    27.7214    6.21484    6.39643         34 0.0000e+00
      29905   1246.011    700.000     3.8853   3.266566     3.8849   3.267928      97.20     0.0146     2.7411     2.4618  1.9587691  1.1102892   48.33596  -46.35046    34.8801    34.8967     3.8341     3.8336    27.7082    27.7214    6.21083    6.39395         22 0.0000e+00
      29925   1246.848    701.000     3.8852   3.266607     3.8848   3.267982      42.70     0.0131     2.7411     2.4614  1.9590695  1.1107987   48.33596  -46.35047    34.8802    34.8969     3.8339     3.8335    27.7083    27.7216    6.21187    6.39605         19 0.0000e+00
      29943   1247.587    702.000     3.8838   3.266528     3.8836   3.267904      71.58     0.0153     2.7409     2.4614  1.9591327  1.1106797   48.33596  -46.35048    34.8802    34.8967     3.8324     3.8323    27.7084    27.7215    6.21379    6.40356         17 0.0000e+00
      29960   1248.296    703.000     3.8812   3.266311     3.8807   3.267675      96.00     0.0158     2.7411     2.4617  1.9597101  1.1105357   48.33596  -46.35048    34.8799    34.8965     3.8298     3.8293    27.7084    27.7217    6.22257    6.40718         17 0.0000e+00
      29977   1249.014    704.000     3.8782   3.266060     3.8773   3.267376      40.27     0.0160     2.7418     2.4620  1.9597069  1.1108370   48.33596  -46.35048    34.8795    34.8961     3.8267     3.8258    27.7084    27.7217    6.22041    6.40789         18 0.0000e+00
      29995   1249.759    705.000     3.8776   3.266045     3.8771   3.267406      86.39     0.0166     2.7411     2.4621  1.9593064  1.1103724   48.33596  -46.35048    34.8795    34.8961     3.8261     3.8256    27.7084    27.7217    6.21580    6.41080         18 0.0000e+00
      30015   1250.574    706.000     3.8782   3.266141     3.8776   3.267475      96.47     0.0135     2.7416     2.4625  1.9584955  1.1098957   48.33596  -46.35048    34.8795    34.8960     3.8265     3.8259    27.7084    27.7216    6.21994    6.41181         21 0.0000e+00
      30038   1251.557    707.000     3.8739   3.265760     3.8736   3.267123      61.35     0.0121     2.7411     2.4624  1.9587063  1.1098901   48.33595  -46.35050    34.8789    34.8955     3.8222     3.8219    27.7083    27.7216    6.22445    6.40411         27 0.0000e+00
      30067   1252.746    708.000     3.8726   3.265667     3.8716   3.266968      75.46     0.0169     2.7419     2.4620  1.9596775  1.1098459   48.33596  -46.35050    34.8787    34.8953     3.8208     3.8198    27.7084    27.7217    6.22291    6.41135         28 0.0000e+00
      30093   1253.844    709.000     3.8703   3.265494     3.8709   3.266945      96.48     0.0152     2.7413     2.4628  1.9603890  1.1098390   48.33596  -46.35050    34.8786    34.8952     3.8185     3.8191    27.7085    27.7217    6.22100    6.42334         24 0.0000e+00
      30116   1254.773    710.000     3.8694   3.265451     3.8696   3.266868      95.77     0.0111     2.7417     2.4635  1.9611796  1.1096532   48.33596  -46.35050    34.8785    34.8951     3.8175     3.8177    27.7086    27.7218    6.22570    6.42468         21 0.0000e+00
      30135   1255.599    711.000     3.8678   3.265352     3.8678   3.266738      95.79     0.0118     2.7414     2.4639  1.9610546  1.1097635   48.33596  -46.35050    34.8785    34.8950     3.8159     3.8158    27.7087    27.7218    6.22305    6.42403         19 0.0000e+00
      30153   1256.351    712.000     3.8673   3.265331     3.8672   3.266730      95.87     0.0153     2.7412     2.4643  1.9597118  1.1087407   48.33596  -46.35050    34.8783    34.8949     3.8153     3.8152    27.7086    27.7219    6.22471    6.42318         18 0.0000e+00
      30170   1257.060    713.000     3.8666   3.265319     3.8668   3.266741      31.79     0.0144     2.7417     2.4642  1.9597069  1.1088974   48.33596  -46.35052    34.8783    34.8950     3.8145     3.8146    27.7087    27.7220    6.22680    6.42449         16 0.0000e+00
      30187   1257.750    714.000     3.8655   3.265255     3.8654   3.266656      62.92     0.0165     2.7410     2.4645  1.9593477  1.1088846   48.33596  -46.35052    34.8782    34.8949     3.8133     3.8132    27.7087    27.7221    6.22728    6.42766         17 0.0000e+00
      30204   1258.475    715.000     3.8641   3.265158     3.8636   3.266520      96.11     0.0142     2.7414     2.4647  1.9584907  1.1086704   48.33596  -46.35052    34.8780    34.8947     3.8118     3.8113    27.7088    27.7221    6.22911    6.42604         18 0.0000e+00
      30225   1259.353    716.000     3.8629   3.265092     3.8624   3.266448      89.78     0.0141     2.7413     2.4647  1.9584860  1.1086692   48.33596  -46.35052    34.8779    34.8946     3.8106     3.8100    27.7088    27.7221    6.23670    6.42709         25 0.0000e+00
      30259   1260.735    717.000     3.8625   3.265091     3.8622   3.266451      69.34     0.0146     2.7419     2.4651  1.9587734  1.1081901   48.33596  -46.35052    34.8778    34.8944     3.8101     3.8097    27.7088    27.7220    6.23184    6.43095         39 0.0000e+00
      30292   1262.143    718.000     3.8617   3.265063     3.8608   3.266373      50.64     0.0121     2.7413     2.4650  1.9591814  1.1084535   48.33596  -46.35052    34.8778    34.8944     3.8093     3.8083    27.7089    27.7222    6.22920    6.41994         27 0.0000e+00
      30315   1263.073    719.000     3.8593   3.264871     3.8586   3.266205      96.83     0.0109     2.7415     2.4642  1.9593426  1.1085482   48.33596  -46.35052    34.8776    34.8942     3.8068     3.8061    27.7089    27.7222    6.22896    6.41703         20 0.0000e+00
      30333   1263.820    720.000     3.8590   3.264886     3.8586   3.266260      72.14     0.0154     2.7409     2.4636  1.9593252  1.1084392   48.33596  -46.35053    34.8776    34.8943     3.8064     3.8060    27.7089    27.7223    6.22861    6.41084         16 0.0000e+00
      30349   1264.490    721.000     3.8591   3.264936     3.8588   3.266307      87.36     0.0187     2.7411     2.4628  1.9597129  1.1082852   48.33596  -46.35054    34.8776    34.8942     3.8064     3.8060    27.7090    27.7222    6.23107    6.40815         16 0.0000e+00
      30364   1265.143    722.000     3.8589   3.264960     3.8586   3.266338      24.82     0.0191     2.7406     2.4621  1.9597069  1.1085914   48.33596  -46.35054    34.8776    34.8942     3.8061     3.8058    27.7090    27.7223    6.21838    6.41706         16 0.0000e+00
      30381   1265.822    723.000     3.8589   3.265003     3.8586   3.266381      24.42     0.0159     2.7394     2.4623  1.9587890  1.1082442   48.33596  -46.35054    34.8775    34.8942     3.8061     3.8057    27.7089    27.7223    6.21166    6.42428         17 0.0000e+00
      30399   1266.580    724.000     3.8589   3.265038     3.8585   3.266420      68.31     0.0156     2.7387     2.4621  1.9573714  1.1082417   48.33596  -46.35054    34.8774    34.8942     3.8059     3.8056    27.7089    27.7223    6.21793    6.42245         20 0.0000e+00
      30421   1267.506    725.000     3.8588   3.265081     3.8585   3.266458      77.21     0.0183     2.7381     2.4620  1.9574553  1.1078540   48.33596  -46.35054    34.8775    34.8941     3.8058     3.8055    27.7089    27.7222    6.22835    6.42467         25 0.0000e+00
      30449   1268.661    726.000     3.8586   3.265112     3.8583   3.266480      69.79     0.0141     2.7385     2.4622  1.9572657  1.1081206   48.33596  -46.35056    34.8775    34.8941     3.8055     3.8052    27.7090    27.7222    6.23518    6.42818         29 0.0000e+00
      30477   1269.834    727.000     3.8578   3.265095     3.8577   3.266478      96.55     0.0176     2.7387     2.4620  1.9582700  1.1079617   48.33596  -46.35056    34.8776    34.8942     3.8047     3.8045    27.7092    27.7224    6.22707    6.42480         26 0.0000e+00
      30502   1270.865    728.000     3.8571   3.265067     3.8568   3.266445      55.05     0.0146     2.7380     2.4620  1.9597216  1.1082652   48.33596  -46.35056    34.8776    34.8942     3.8038     3.8036    27.7092    27.7225    6.23082    6.42726         24 0.0000e+00
      30524   1271.781    729.000     3.8557   3.264996     3.8553   3.266367      23.07     0.0143     2.7388     2.4619  1.9589658  1.1079946   48.33597  -46.35056    34.8777    34.8944     3.8024     3.8019    27.7095    27.7228    6.23741    6.42283         20 0.0000e+00
      30543   1272.589    730.000     3.8551   3.264997     3.8550   3.266389      68.13     0.0163     2.7385     2.4613  1.9572537  1.1080914   48.33598  -46.35056    34.8778    34.8944     3.8017     3.8016    27.7096    27.7228    6.23584    6.42029         19 0.0000e+00
      30560   1273.311    731.000     3.8551   3.265033     3.8548   3.266408      96.46     0.0161     2.7386     2.4613  1.9572649  1.1081349   48.33598  -46.35058    34.8777    34.8943     3.8017     3.8014    27.7095    27.7228    6.23875    6.42412         16 0.0000e+00
      30577   1273.989    732.000     3.8549   3.265066     3.8547   3.266447      37.95     0.0146     2.7387     2.4610  1.9580389  1.1082124   48.33596  -46.35058    34.8778    34.8944     3.8014     3.8011    27.7096    27.7229    6.23473    6.42518         16 0.0000e+00
      30593   1274.668    733.000     3.8546   3.265080     3.8544   3.266460      76.88     0.0157     2.7387     2.4608  1.9585587  1.1081663   48.33596  -46.35058    34.8777    34.8944     3.8010     3.8007    27.7096    27.7229    6.23540    6.42661         17 0.0000e+00
      30611   1275.427    734.000     3.8543   3.265096     3.8540   3.266471      96.46     0.0142     2.7384     2.4608  1.9584869  1.1081805   48.33596  -46.35058    34.8778    34.8944     3.8006     3.8003    27.7097    27.7229    6.22960    6.42789         20 0.0000e+00
      30639   1276.583    735.000     3.8543   3.265130     3.8540   3.266507      67.46     0.0145     2.7370     2.4608  1.9585165  1.1072425   48.33597  -46.35058    34.8777    34.8943     3.8005     3.8002    27.7096    27.7229    6.21666    6.43276         38 0.0000e+00
      30677   1278.160    736.000     3.8543   3.265181     3.8541   3.266557      94.63     0.0110     2.7354     2.4612  1.9572655  1.1072918   48.33598  -46.35058    34.8777    34.8943     3.8004     3.8002    27.7097    27.7229    6.22736    6.43378         30 0.0000e+00
      30700   1279.123    737.000     3.8543   3.265237     3.8541   3.266617      96.28     0.0163     2.7357     2.4611  1.9565173  1.1078863   48.33598  -46.35058    34.8778    34.8944     3.8004     3.8002    27.7098    27.7230    6.23746    6.42892         20 0.0000e+00
      30718   1279.878    738.000     3.8542   3.265275     3.8541   3.266664      96.22     0.0167     2.7362     2.4608  1.9569073  1.1077349   48.33598  -46.35058    34.8778    34.8945     3.8002     3.8000    27.7098    27.7231    6.23198    6.42900         17 0.0000e+00
      30735   1280.566    739.000     3.8542   3.265322     3.8540   3.266705      95.76     0.0135     2.7354     2.4608  1.9571902  1.1078302   48.33598  -46.35058    34.8779    34.8946     3.8001     3.7999    27.7099    27.7232    6.22953    6.42369         16 0.0000e+00
      30751   1281.241    740.000     3.8542   3.265373     3.8539   3.266737      95.94     0.0144     2.7358     2.4598  1.9572662  1.1083734   48.33598  -46.35058    34.8780    34.8945     3.8001     3.7997    27.7099    27.7231    6.23166    6.41865         16 0.0000e+00
      30767   1281.936    741.000     3.8541   3.265403     3.8539   3.266775      44.42     0.0167     2.7353     2.4595  1.9580777  1.1075850   48.33598  -46.35058    34.8780    34.8945     3.7998     3.7996    27.7099    27.7231    6.23359    6.42323         18 0.0000e+00
      30785   1282.681    742.000     3.8537   3.265408     3.8534   3.266783      77.22     0.0128     2.7360     2.4592  1.9584826  1.1076511   48.33598  -46.35059    34.8779    34.8946     3.7993     3.7990    27.7100    27.7232    6.23817    6.42363         18 0.0000e+00
      30806   1283.531    743.000     3.8533   3.265412     3.8530   3.266780      96.18     0.0109     2.7352     2.4588  1.9587480  1.1076080   48.33598  -46.35060    34.8779    34.8944     3.7989     3.7986    27.7100    27.7232    6.23389    6.42726         23 0.0000e+00
      30831   1284.603    744.000     3.8534   3.265456     3.8532   3.266841      69.89     0.0144     2.7354     2.4588  1.9586563  1.1063372   48.33598  -46.35060    34.8778    34.8944     3.7989     3.7987    27.7099    27.7232    6.23289    6.43245         29 0.0000e+00
      30862   1285.886    745.000     3.8532   3.265488     3.8530   3.266858      67.44     0.0153     2.7346     2.4587  1.9584398  1.1067261   48.33598  -46.35060    34.8778    34.8943     3.7987     3.7984    27.7099    27.7231    6.22610    6.42685         30 0.0000e+00
      30887   1286.925    746.000     3.8520   3.265432     3.8519   3.266824      47.29     0.0142     2.7340     2.4583  1.9583105  1.1074537   48.33598  -46.35060    34.8779    34.8945     3.7974     3.7973    27.7101    27.7234    6.22685    6.42582         21 0.0000e+00
      30906   1287.728    747.000     3.8520   3.265474     3.8518   3.266856      81.53     0.0149     2.7335     2.4580  1.9584857  1.1072450   48.33598  -46.35060    34.8779    34.8945     3.7973     3.7970    27.7102    27.7234    6.22637    6.42293         18 0.0000e+00
      30924   1288.444    748.000     3.8523   3.265558     3.8515   3.266872      96.08     0.0180     2.7333     2.4574  1.9584155  1.1080077   48.33598  -46.35060    34.8780    34.8945     3.7976     3.7967    27.7102    27.7234    6.22977    6.42201         17 0.0000e+00
      30940   1289.144    749.000     3.8529   3.265651     3.8523   3.266994      95.81     0.0187     2.7330     2.4571  1.9586380  1.1077541   48.33598  -46.35060    34.8780    34.8945     3.7980     3.7974    27.7101    27.7234    6.22898    6.42472         16 0.0000e+00
      30958   1289.871    750.000     3.8534   3.265728     3.8530   3.267097      50.34     0.0170     2.7327     2.4570  1.9586146  1.1068745   48.33599  -46.35060    34.8779    34.8945     3.7984     3.7980    27.7100    27.7233    6.23592    6.42753         19 0.0000e+00
      30977   1290.687    751.000     3.8534   3.265759     3.8531   3.267143      59.19     0.0159     2.7332     2.4567  1.9587725  1.1062436   48.33599  -46.35060    34.8777    34.8945     3.7983     3.7980    27.7099    27.7232    6.24048    6.42229         21 0.0000e+00
      31003   1291.743    752.000     3.8533   3.265802     3.8531   3.267177      95.55     0.0127     2.7332     2.4561  1.9586521  1.1062272   48.33598  -46.35060    34.8778    34.8944     3.7982     3.7979    27.7100    27.7232    6.22902    6.42718         30 0.0000e+00
      31034   1293.056    753.000     3.8535   3.265868     3.8532   3.267237      96.20     0.0166     2.7321     2.4563  1.9582145  1.1062272   48.33598  -46.35062    34.8779    34.8944     3.7983     3.7980    27.7100    27.7232    6.22542    6.43268         29 0.0000e+00
      31058   1294.043    754.000     3.8537   3.265941     3.8536   3.267317      35.65     0.0142     2.7313     2.4564  1.9576808  1.1067259   48.33599  -46.35062    34.8780    34.8945     3.7985     3.7983    27.7101    27.7232    6.22496    6.42933         20 0.0000e+00
      31076   1294.774    755.000     3.8539   3.266001     3.8538   3.267393      89.28     0.0131     2.7312     2.4560  1.9572631  1.1067616   48.33599  -46.35062    34.8780    34.8946     3.7985     3.7985    27.7101    27.7233    6.22358    6.42621         16 0.0000e+00
