data/CTD/2013/CNV/D021A003.CNV
* Sea-Bird SBE 9 Data File:
* FileName = C:\CTD_ACQUISITION\2013021HUD\ctddata\021A003.hdr
* Software Version Seasave V 7.22.2
* Temperature SN = 5081
* Conductivity SN = 3561
* Number of Bytes Per Scan = 37
* Number of Voltage Words = 4
* Number of Scans Averaged by the Deck Unit = 1
* NMEA Latitude = 44 16.04 N
* NMEA Longitude = 063 19.10 W
* NMEA UTC (Time) = Jun 28 2013 23:37:56
* NMEA baud rate = 9600
** Ship: Hudson
** Cruise: HUD2013021
** Chief_Scientist: Greenan
** Organization: BIO
** Area_of_Operation: Sackville Spur
** Station: 3
** Sounding:  141
** Event_Comments: HL2  393103
# nquan = 25
# nvalues = 146                         
# units = specified
# name 0 = scan: Scan Count
# name 1 = timeS: Time, Elapsed [seconds]
# name 2 = prDM: Pressure, Digiquartz [db]
# name 3 = t068C: Temperature [ITS-68, deg C]
# name 4 = c0S/m: Conductivity [S/m]
# name 5 = t168C: Temperature, 2 [ITS-68, deg C]
# name 6 = c1S/m: Conductivity, 2 [S/m]
# name 7 = altM: Altimeter [m]
# name 8 = flCUVA: Fluorescence, Chelsea UV Aquatracka [ug/l]
# name 9 = sbeox0V: Oxygen raw, SBE 43 [V]
# name 10 = sbeox1V: Oxygen raw, SBE 43, 2 [V]
# name 11 = upoly0: Upoly 0, Optode 4330F - O2 D-Phase
# name 12 = upoly1: Upoly 1, Optode 4330F - O2 Temp
# name 13 = latitude: Latitude [deg]
# name 14 = longitude: Longitude [deg]
# name 15 = sal00: Salinity, Practical [PSU]
# name 16 = sal11: Salinity, Practical, 2 [PSU]
# name 17 = potemp068C: Potential Temperature [ITS-68, deg C]
# name 18 = potemp168C: Potential Temperature, 2 [ITS-68, deg C]
# name 19 = sigma-é00: Density [sigma-theta, Kg/m^3]
# name 20 = sigma-é11: Density, 2 [sigma-theta, Kg/m^3]
# name 21 = sbeox0ML/L: Oxygen, SBE 43 [ml/l], WS = 2
# name 22 = sbeox1ML/L: Oxygen, SBE 43, 2 [ml/l], WS = 2
# name 23 = nbin: number of scans per bin
# name 24 = flag: flag
# span 0 =      11559,      20104       
# span 1 =    481.569,    837.631       
# span 2 =      1.000,    146.000       
# span 3 =     3.4957,    13.1926       
# span 4 =   2.957489,   3.724154       
# span 5 =     3.4985,    13.1997       
# span 6 =   2.958992,   3.711993       
# span 7 =       8.80,      97.15       
# span 8 =     0.0218,     0.2230       
# span 9 =     2.0570,     3.5129       
# span 10 =     1.8473,     3.0547      
# span 11 =  1.5961133,  2.3390501      
# span 12 =  1.1211661,  2.2785620      
# span 13 =   44.26611,   44.26650      
# span 14 =  -63.32004,  -63.31945      
# span 15 =    31.0678,    34.5750      
# span 16 =    31.0795,    34.5495      
# span 17 =     3.4936,    13.1922      
# span 18 =     3.4964,    13.1994      
# span 19 =    23.3119,    26.7123      
# span 20 =    23.3195,    26.7093      
# span 21 =    3.43585,    7.80125      
# span 22 =    3.62275,    7.60195      
# span 23 =         18,        130      
# span 24 = 0.0000e+00, 0.0000e+00      
# interval = decibars: 1                
# start_time = Jun 28 2013 23:37:56 [NMEA time, header]
# bad_flag = -9.990e-29
*END*
[from data line 58]
      14325    596.836     59.000     3.9090   3.034479     3.9080   3.035560      90.82     0.1122     3.2259     2.7706  1.8241838  1.1324062   44.26640  -63.31964    32.4408    32.4545     3.9052     3.9042    25.7601    25.7711    7.11928    6.89793         63 0.0000e+00
      14380    599.119     60.000     3.9395   3.038992     3.9372   3.039933      92.15     0.1080     3.2213     2.7659  1.8300259  1.1285235   44.26640  -63.31964    32.4633    32.4767     3.9357     3.9333    25.7750    25.7859    7.09815    6.86867         37 0.0000e+00
      14408    600.293     61.000     3.9982   3.046167     3.9953   3.047119      89.73     0.1020     3.2154     2.7596  1.8316143  1.1279817   44.26640  -63.31964    32.4893    32.5034     3.9942     3.9913    25.7900    25.8015    7.03661    6.80264         26 0.0000e+00
      14449    602.001     62.000     4.0369   3.050525     4.0319   3.051181      88.97     0.1000     3.2019     2.7465  1.8341337  1.1290059   44.26640  -63.31965    32.5018    32.5146     4.0328     4.0279    25.7961    25.8068    6.96634    6.74179         69 0.0000e+00
      14530    605.362     63.000     4.0852   3.056193     4.0589   3.054383      88.13     0.1001     3.1729     2.7229  1.8384151  1.1373376   44.26640  -63.31966    32.5202    32.5249     4.0810     4.0548    25.8060    25.8123    6.90242    6.70138         44 0.0000e+00
      14554    606.385     64.000     3.9866   3.048659     3.9918   3.050237      88.27     0.1023     3.1690     2.7195  1.8392282  1.1383796   44.26640  -63.31966    32.5286    32.5421     3.9824     3.9877    25.8224    25.8326    6.93109    6.70654         25 0.0000e+00
      14582    607.531     65.000     3.9444   3.045509     3.9460   3.046866      91.32     0.1035     3.1647     2.7149  1.8400126  1.1391579   44.26640  -63.31966    32.5328    32.5473     3.9402     3.9418    25.8299    25.8412    6.93950    6.71294         33 0.0000e+00
      14642    610.058     66.000     3.9246   3.044405     3.9272   3.045754      85.93     0.1001     3.1596     2.7080  1.8506714  1.1309304   44.26640  -63.31966    32.5390    32.5524     3.9203     3.9229    25.8367    25.8471    6.94360    6.70374         80 0.0000e+00
      14697    612.354     67.000     3.9358   3.047055     3.9346   3.048134      85.61     0.0996     3.1550     2.7027  1.8541116  1.1281732   44.26640  -63.31966    32.5593    32.5726     3.9314     3.9302    25.8518    25.8625    6.92006    6.67921         32 0.0000e+00
      14727    613.601     68.000     3.9453   3.048879     3.9426   3.049871      84.58     0.0953     3.1509     2.6973  1.8551602  1.1286789   44.26640  -63.31967    32.5702    32.5846     3.9409     3.9382    25.8595    25.8712    6.90465    6.65028         33 0.0000e+00
      14768    615.296     69.000     4.0928   3.064136     4.0783   3.063962      83.58     0.0958     3.1469     2.6927  1.8610423  1.1262605   44.26638  -63.31968    32.6030    32.6153     4.0882     4.0738    25.8710    25.8823    6.87977    6.63717         52 0.0000e+00
      14827    617.741     70.000     4.2507   3.081086     4.2464   3.081838      82.49     0.1015     3.1422     2.6875  1.8647459  1.1311927   44.26638  -63.31968    32.6448    32.6578     4.2460     4.2417    25.8884    25.8992    6.80557    6.57100         57 0.0000e+00
      14874    619.727     71.000     4.2748   3.084158     4.2727   3.085177      48.96     0.0959     3.1263     2.6747  1.8663341  1.1432770   44.26638  -63.31968    32.6564    32.6705     4.2700     4.2679    25.8952    25.9065    6.68257    6.45773         39 0.0000e+00
      14909    621.178     72.000     4.3657   3.093782     4.3578   3.094284      78.54     0.0909     3.1060     2.6570  1.8691918  1.1520675   44.26638  -63.31968    32.6783    32.6920     4.3608     4.3529    25.9033    25.9150    6.58597    6.36664         34 0.0000e+00
      14949    622.828     73.000     4.4535   3.103619     4.4534   3.104799      79.26     0.0864     3.0875     2.6405  1.8708822  1.1556727   44.26638  -63.31969    32.7057    32.7195     4.4485     4.4484    25.9160    25.9270    6.58522    6.35783         49 0.0000e+00
      15003    625.075     74.000     4.3699   3.096648     4.3786   3.098652      78.83     0.0798     3.0807     2.6345  1.8735197  1.1666321   44.26638  -63.31970    32.7067    32.7214     4.3648     4.3735    25.9254    25.9362    6.69014    6.45868         50 0.0000e+00
      15043    626.760     75.000     4.2225   3.083028     4.2333   3.085156      78.10     0.0870     3.0913     2.6439  1.8764862  1.1705102   44.26638  -63.31970    32.6930    32.7072     4.2174     4.2282    25.9296    25.9398    6.81708    6.57629         35 0.0000e+00
      15080    628.308     76.000     4.0685   3.068603     4.0715   3.070131      76.17     0.0765     3.1045     2.6555  1.8812164  1.1667292   44.26638  -63.31970    32.6761    32.6911     4.0635     4.0665    25.9317    25.9433    6.84985    6.61331         43 0.0000e+00
      15128    630.296     77.000     4.1177   3.074164     4.1076   3.074532      74.53     0.0723     3.1076     2.6588  1.8891847  1.1538839   44.26638  -63.31970    32.6920    32.7055     4.1126     4.1026    25.9394    25.9510    6.75810    6.52387         46 0.0000e+00
      15167    631.923     78.000     4.3525   3.098429     4.3495   3.099544      74.39     0.0745     3.0983     2.6498  1.8938617  1.1429878   44.26638  -63.31970    32.7427    32.7586     4.3471     4.3442    25.9558    25.9688    6.64971    6.41388         35 0.0000e+00
      15206    633.557     79.000     4.7231   3.136285     4.7174   3.137027      73.89     0.0751     3.0927     2.6421  1.8962215  1.1470556   44.26638  -63.31970    32.8152    32.8294     4.7174     4.7117    25.9743    25.9862    6.61124    6.35594         50 0.0000e+00
      15271    636.252     80.000     4.8057   3.145948     4.8131   3.147767      72.94     0.0750     3.0865     2.6342  1.8894897  1.1832322   44.26638  -63.31971    32.8451    32.8588     4.7999     4.8073    25.9892    25.9992    6.57857    6.34178         61 0.0000e+00
      15312    637.963     81.000     4.6328   3.129749     4.6454   3.132011      71.63     0.0736     3.0818     2.6311  1.8901892  1.2026775   44.26636  -63.31972    32.8280    32.8417     4.6271     4.6397    25.9942    26.0038    6.57268    6.33887         31 0.0000e+00
      15342    639.200     82.000     4.5732   3.124592     4.5713   3.125744      71.17     0.0705     3.0725     2.6229  1.8937294  1.2062171   44.26636  -63.31972    32.8268    32.8420     4.5674     4.5655    25.9995    26.0118    6.50128    6.25626         32 0.0000e+00
      15386    641.038     83.000     4.6877   3.136608     4.6827   3.137314      70.16     0.0639     3.0407     2.5919  1.8966179  1.1958975   44.26636  -63.31972    32.8522    32.8653     4.6817     4.6768    26.0076    26.0185    6.27689    6.02732         60 0.0000e+00
      15446    643.531     84.000     4.6549   3.133929     4.6628   3.135945      69.17     0.0579     2.9816     2.5402  1.9011233  1.1985351   44.26636  -63.31972    32.8537    32.8686     4.6482     4.6569    26.0124    26.0233    6.14974    5.94239         47 0.0000e+00
      15482    645.051     85.000     4.5301   3.122523     4.5375   3.124367      68.33     0.0593     2.9611     2.5257  1.9042635  1.2021531   44.26636  -63.31974    32.8438    32.8579     4.5241     4.5315    26.0177    26.0281    6.20939    6.00287         33 0.0000e+00
      15517    646.514     86.000     4.3720   3.107993     4.3782   3.109848      67.24     0.0602     2.9501     2.5181  1.9071393  1.2007180   44.26636  -63.31974    32.8315    32.8465     4.3661     4.3723    26.0244    26.0357    6.25551    6.03736         40 0.0000e+00
      15567    648.581     87.000     4.4101   3.112873     4.4076   3.113908      66.28     0.0547     2.9435     2.5116  1.9139616  1.1893939   44.26636  -63.31974    32.8496    32.8641     4.4040     4.4016    26.0349    26.0466    6.27681    6.04132         54 0.0000e+00
      15610    650.363     88.000     4.5550   3.128491     4.5493   3.129185      65.50     0.0476     2.9449     2.5108  1.9193555  1.1799598   44.26636  -63.31974    32.8870    32.9007     4.5488     4.5432    26.0494    26.0609    6.28330    6.04135         33 0.0000e+00
      15646    651.876     89.000     4.5984   3.133267     4.5975   3.134417      64.49     0.0409     2.9477     2.5125  1.9229381  1.1819154   44.26636  -63.31974    32.8990    32.9132     4.5921     4.5912    26.0543    26.0656    6.29162    6.04971         46 0.0000e+00
      15710    654.533     90.000     4.6374   3.137761     4.6331   3.138465      63.25     0.0402     2.9497     2.5104  1.9321381  1.1959082   44.26634  -63.31976    32.9119    32.9244     4.6310     4.6267    26.0604    26.0707    6.24660    5.98606         62 0.0000e+00
      15749    656.157     91.000     4.7163   3.147194     4.7074   3.147545      62.64     0.0437     2.9459     2.5056  1.9369900  1.1982732   44.26634  -63.31976    32.9424    32.9553     4.7098     4.7009    26.0761    26.0873    6.22367    5.97418         30 0.0000e+00
      15781    657.499     92.000     4.8269   3.159273     4.8201   3.159822      61.55     0.0412     2.9412     2.5010  1.9388613  1.2001555   44.26634  -63.31976    32.9720    32.9850     4.8202     4.8134    26.0876    26.0987    6.16214    5.91692         38 0.0000e+00
      15830    659.556     93.000     4.8769   3.165244     4.8752   3.166275      60.51     0.0397     2.9293     2.4913  1.9436785  1.2110554   44.26634  -63.31976    32.9908    33.0045     4.8701     4.8684    26.0971    26.1081    6.11662    5.87998         56 0.0000e+00
      15878    661.562     94.000     4.9024   3.168445     4.8950   3.168897      59.59     0.0405     2.9197     2.4823  1.9463031  1.2214348   44.26634  -63.31978    33.0020    33.0145     4.8955     4.8881    26.1031    26.1138    6.09975    5.84865         41 0.0000e+00
      15918    663.224     95.000     5.0358   3.184015     5.0299   3.184584      58.68     0.0395     2.9128     2.4744  1.9507203  1.2246854   44.26634  -63.31978    33.0486    33.0609     5.0287     5.0229    26.1252    26.1357    6.05458    5.80755         40 0.0000e+00
      15959    664.896     96.000     5.0591   3.186913     5.0571   3.187933      57.78     0.0394     2.9071     2.4697  1.9520080  1.2315785   44.26634  -63.31978    33.0582    33.0719     5.0520     5.0500    26.1303    26.1414    6.06563    5.82222         41 0.0000e+00
      16002    666.717     97.000     5.1186   3.194007     5.1152   3.194887      56.67     0.0354     2.9020     2.4641  1.9560254  1.2393891   44.26634  -63.31978    33.0802    33.0937     5.1113     5.1079    26.1410    26.1521    6.00383    5.74741         48 0.0000e+00
      16055    668.932     98.000     5.2045   3.204167     5.1993   3.204853      55.60     0.0384     2.8846     2.4476  1.9618580  1.2471772   44.26634  -63.31978    33.1112    33.1241     5.1970     5.1919    26.1558    26.1667    5.91512    5.67422         51 0.0000e+00
      16095    670.604     99.000     5.2822   3.213021     5.2730   3.213313      54.78     0.0339     2.8710     2.4359  1.9635402  1.2529656   44.26634  -63.31978    33.1350    33.1474     5.2746     5.2654    26.1658    26.1767    5.84941    5.61000         33 0.0000e+00
      16130    672.021    100.000     5.4594   3.232699     5.4504   3.233047      53.84     0.0325     2.8527     2.4201  1.9644983  1.2583722   44.26634  -63.31979    33.1836    33.1965     5.4516     5.4426    26.1837    26.1949    5.74658    5.51166         38 0.0000e+00
      16177    674.000    101.000     5.5492   3.242962     5.5436   3.243602      52.80     0.0380     2.8332     2.4025  1.9679860  1.2729344   44.26633  -63.31980    33.2111    33.2239     5.5412     5.5356    26.1949    26.2057    5.74953    5.51632         57 0.0000e+00
      16231    676.269    102.000     5.6128   3.250783     5.6088   3.251426      51.76     0.0353     2.8287     2.4006  1.9715120  1.2905113   44.26632  -63.31980    33.2365    33.2485     5.6047     5.6009    26.2075    26.2175    5.80061    5.57489         46 0.0000e+00
      16273    678.001    103.000     5.6147   3.251905     5.6155   3.253228      50.84     0.0395     2.8329     2.4038  1.9760296  1.2959627   44.26632  -63.31980    33.2469    33.2612     5.6065     5.6073    26.2154    26.2266    5.81620    5.57314         41 0.0000e+00
      16316    679.809    104.000     5.7202   3.264070     5.6985   3.263077      49.90     0.0374     2.8343     2.4042  1.9789176  1.3045447   44.26632  -63.31980    33.2799    33.2901     5.7118     5.6902    26.2289    26.2395    5.78091    5.54879         45 0.0000e+00
      16358    681.551    105.000     6.0570   3.301619     6.0531   3.302535      48.99     0.0356     2.8324     2.4029  1.9867018  1.3088269   44.26632  -63.31980    33.3704    33.3845     6.0482     6.0444    26.2592    26.2708    5.71784    5.48397         38 0.0000e+00
      16394    683.059    106.000     6.1559   3.312856     6.1530   3.313788      48.06     0.0291     2.8303     2.4004  1.9855386  1.3219913   44.26632  -63.31980    33.3985    33.4117     6.1470     6.1441    26.2690    26.2798    5.69198    5.46001         38 0.0000e+00
      16442    685.050    107.000     6.2003   3.318005     6.1981   3.319032      46.90     0.0290     2.8287     2.3985  1.9880008  1.3484105   44.26632  -63.31980    33.4119    33.4255     6.1912     6.1891    26.2740    26.2850    5.70100    5.46474         55 0.0000e+00
      16490    687.036    108.000     6.2429   3.322932     6.2419   3.324110      45.99     0.0355     2.8305     2.3991  1.9928946  1.3636096   44.26632  -63.31980    33.4246    33.4387     6.2337     6.2327    26.2787    26.2899    5.69890    5.46467         40 0.0000e+00
      16530    688.692    109.000     6.2759   3.326773     6.2755   3.328024      45.06     0.0338     2.8287     2.3980  1.9946114  1.3700485   44.26631  -63.31982    33.4345    33.4488     6.2666     6.2662    26.2823    26.2937    5.66941    5.43870         42 0.0000e+00
      16577    690.657    110.000     6.3432   3.334584     6.3396   3.335486      42.73     0.0320     2.8259     2.3943  1.9971573  1.3783870   44.26630  -63.31982    33.4549    33.4685     6.3338     6.3302    26.2898    26.3010    5.66502    5.42449         50 0.0000e+00
      16625    692.683    111.000     6.5276   3.356222     6.5213   3.356857      39.92     0.0342     2.8261     2.3936  2.0001466  1.3856183   44.26630  -63.31982    33.5139    33.5271     6.5179     6.5116    26.3125    26.3238    5.64621    5.40930         48 0.0000e+00
      16670    694.536    112.000     6.6447   3.370248     6.6435   3.371394      39.52     0.0328     2.8268     2.3939  1.9998053  1.3960590   44.26630  -63.31982    33.5539    33.5677     6.6349     6.6337    26.3288    26.3398    5.63146    5.39455         39 0.0000e+00
      16706    696.033    113.000     6.6543   3.371425     6.6525   3.372508      38.71     0.0298     2.8269     2.3937  1.9985768  1.4072605   44.26630  -63.31982    33.5571    33.5707     6.6443     6.6426    26.3300    26.3410    5.62292    5.38836         35 0.0000e+00
      16746    697.719    114.000     6.6655   3.372779     6.6636   3.373841      37.78     0.0294     2.8252     2.3923  2.0003948  1.4240139   44.26630  -63.31982    33.5605    33.5741     6.6555     6.6535    26.3313    26.3422    5.61324    5.37666         49 0.0000e+00
      16799    699.913    115.000     6.6866   3.375283     6.6818   3.376040      36.74     0.0319     2.8244     2.3903  2.0037091  1.4324477   44.26628  -63.31982    33.5670    33.5800     6.6764     6.6717    26.3336    26.3445    5.60610    5.35685         49 0.0000e+00
