data/CTD/2013/CNV/D021A050.CNV
* Sea-Bird SBE 9 Data File:
* FileName = C:\CTD_ACQUISITION\2013021HUD\ctddata\021A050.hdr
* Software Version Seasave V 7.22.2
* Temperature SN = 5081
* Conductivity SN = 3561
* Number of Bytes Per Scan = 37
* Number of Voltage Words = 4
* Number of Scans Averaged by the Deck Unit = 1
* NMEA Latitude = 48 53.75 N
* NMEA Longitude = 045 47.27 W
* NMEA UTC (Time) = Jul 05 2013 00:34:42
* NMEA baud rate = 9600
** Ship: Hudson
** Cruise: HUD2013021
** Chief_Scientist: Greenan
** Organization: BIO
** Area_of_Operation: Sackville Spur
** Station: 50
** Sounding:  2200
** Event_Comments: SS27  393209
# nquan = 25
# nvalues = 2364                        
# units = specified
# name 0 = scan: Scan Count
# name 1 = timeS: Time, Elapsed [seconds]
# name 2 = prDM: Pressure, Digiquartz [db]
# name 3 = t068C: Temperature [ITS-68, deg C]
# name 4 = c0S/m: Conductivity [S/m]
# name 5 = t168C: Temperature, 2 [ITS-68, deg C]
# name 6 = c1S/m: Conductivity, 2 [S/m]
# name 7 = altM: Altimeter [m]
# name 8 = flCUVA: Fluorescence, Chelsea UV Aquatracka [ug/l]
# name 9 = sbeox0V: Oxygen raw, SBE 43 [V]
# name 10 = sbeox1V: Oxygen raw, SBE 43, 2 [V]
# name 11 = upoly0: Upoly 0, Optode 4330F - O2 D-Phase
# name 12 = upoly1: Upoly 1, Optode 4330F - O2 Temp
# name 13 = latitude: Latitude [deg]
# name 14 = longitude: Longitude [deg]
# name 15 = sal00: Salinity, Practical [PSU]
# name 16 = sal11: Salinity, Practical, 2 [PSU]
# name 17 = potemp068C: Potential Temperature [ITS-68, deg C]
# name 18 = potemp168C: Potential Temperature, 2 [ITS-68, deg C]
# name 19 = sigma-é00: Density [sigma-theta, Kg/m^3]
# name 20 = sigma-é11: Density, 2 [sigma-theta, Kg/m^3]
# name 21 = sbeox0ML/L: Oxygen, SBE 43 [ml/l], WS = 2
# name 22 = sbeox1ML/L: Oxygen, SBE 43, 2 [ml/l], WS = 2
# name 23 = nbin: number of scans per bin
# name 24 = flag: flag
# span 0 =      10769,      62475       
# span 1 =    448.667,   2603.102       
# span 2 =      3.000,   2366.000       
# span 3 =     2.7741,     7.6530       
# span 4 =   3.159195,   3.484802       
# span 5 =     2.7733,     7.6529       
# span 6 =   3.160528,   3.486150       
# span 7 =       4.83,      97.36       
# span 8 =     0.0044,     0.3117       
# span 9 =     2.2102,     3.3246       
# span 10 =     1.9886,     2.9721      
# span 11 =  1.7116810,  2.1032770      
# span 12 =  0.9706929,  1.5860842      
# span 13 =   48.89506,   48.89682      
# span 14 =  -45.78872,  -45.78742      
# span 15 =    33.8180,    34.9433      
# span 16 =    33.8330,    34.9382      
# span 17 =     2.5921,     7.6505      
# span 18 =     2.5912,     7.6504      
# span 19 =    26.3973,    27.8561      
# span 20 =    26.4091,    27.8694      
# span 21 =    5.86368,    6.70219      
# span 22 =    6.08548,    6.81943      
# span 23 =         14,         86      
# span 24 = 0.0000e+00, 0.0000e+00      
# interval = decibars: 1                
# start_time = Jul 05 2013 00:34:42 [NMEA time, header]
# bad_flag = -9.990e-29
*END*
[from data line 696]
      28259   1177.431    699.000     3.8505   3.264523     3.8503   3.265848      94.96     0.0184     2.7181     2.4440  1.9694645  1.1078200   48.89522  -45.78782    34.8932    34.9092     3.7996     3.7993    27.7221    27.7349    6.15181    6.33947         23 0.0000e+00
      28289   1178.665    700.000     3.8527   3.264797     3.8522   3.266096      49.45     0.0188     2.7175     2.4436  1.9701685  1.1073691   48.89522  -45.78782    34.8937    34.9096     3.8017     3.8012    27.7223    27.7350    6.13581    6.33806         34 0.0000e+00
      28319   1179.909    701.000     3.8547   3.265056     3.8543   3.266361      96.64     0.0166     2.7163     2.4429  1.9712633  1.1062453   48.89522  -45.78782    34.8941    34.9100     3.8035     3.8032    27.7224    27.7351    6.13368    6.33038         25 0.0000e+00
      28340   1180.798    702.000     3.8547   3.265108     3.8545   3.266432      94.22     0.0162     2.7158     2.4420  1.9712746  1.1062268   48.89522  -45.78782    34.8942    34.9102     3.8035     3.8032    27.7225    27.7352    6.13288    6.32613         19 0.0000e+00
      28359   1181.589    703.000     3.8545   3.265152     3.8544   3.266469      82.06     0.0131     2.7146     2.4412  1.9712743  1.1062272   48.89522  -45.78782    34.8944    34.9102     3.8032     3.8031    27.7227    27.7353    6.12708    6.32371         19 0.0000e+00
      28378   1182.378    704.000     3.8545   3.265195     3.8543   3.266517      95.61     0.0118     2.7144     2.4403  1.9710809  1.1064851   48.89522  -45.78782    34.8944    34.9103     3.8032     3.8029    27.7227    27.7354    6.13298    6.32259         19 0.0000e+00
      28398   1183.219    705.000     3.8544   3.265242     3.8542   3.266569      95.56     0.0145     2.7135     2.4397  1.9694533  1.1062237   48.89522  -45.78782    34.8945    34.9105     3.8030     3.8028    27.7228    27.7355    6.13565    6.32741         21 0.0000e+00
      28420   1184.113    706.000     3.8546   3.265292     3.8543   3.266623      95.57     0.0174     2.7137     2.4394  1.9694749  1.1063392   48.89522  -45.78782    34.8944    34.9105     3.8030     3.8028    27.7227    27.7355    6.13927    6.32501         22 0.0000e+00
      28441   1185.018    707.000     3.8543   3.265334     3.8541   3.266654      95.49     0.0171     2.7137     2.4382  1.9705818  1.1062275   48.89522  -45.78782    34.8947    34.9106     3.8027     3.8024    27.7229    27.7357    6.13814    6.31527         22 0.0000e+00
      28463   1185.930    708.000     3.8542   3.265363     3.8539   3.266695      95.57     0.0149     2.7128     2.4374  1.9711354  1.1062272   48.89522  -45.78782    34.8947    34.9107     3.8025     3.8022    27.7230    27.7358    6.12622    6.31936         22 0.0000e+00
      28486   1186.864    709.000     3.8545   3.265436     3.8540   3.266747      95.57     0.0149     2.7119     2.4367  1.9712521  1.1062272   48.89522  -45.78782    34.8946    34.9107     3.8027     3.8023    27.7229    27.7358    6.12297    6.31936         22 0.0000e+00
      28507   1187.763    710.000     3.8558   3.265629     3.8552   3.266913      95.58     0.0166     2.7108     2.4363  1.9712188  1.1062272   48.89522  -45.78783    34.8950    34.9109     3.8039     3.8033    27.7231    27.7358    6.13120    6.32497         21 0.0000e+00
      28527   1188.571    711.000     3.8562   3.265716     3.8560   3.267055      90.53     0.0129     2.7109     2.4363  1.9713758  1.1062272   48.89522  -45.78784    34.8951    34.9112     3.8043     3.8041    27.7231    27.7359    6.13449    6.32789         18 0.0000e+00
      28544   1189.308    712.000     3.8566   3.265813     3.8563   3.267140      44.93     0.0120     2.7112     2.4361  1.9711949  1.1063740   48.89522  -45.78784    34.8953    34.9114     3.8046     3.8043    27.7233    27.7361    6.12930    6.32679         17 0.0000e+00
      28562   1190.028    713.000     3.8567   3.265883     3.8565   3.267207      96.16     0.0102     2.7099     2.4361  1.9713761  1.1060201   48.89522  -45.78784    34.8955    34.9114     3.8046     3.8044    27.7234    27.7361    6.12739    6.32381         18 0.0000e+00
      28580   1190.810    714.000     3.8562   3.265871     3.8561   3.267202      95.56     0.0134     2.7098     2.4355  1.9725852  1.1062266   48.89522  -45.78783    34.8954    34.9113     3.8041     3.8039    27.7234    27.7361    6.11539    6.32074         20 0.0000e+00
      28603   1191.755    715.000     3.8552   3.265813     3.8549   3.267128      95.49     0.0151     2.7075     2.4351  1.9736805  1.1063253   48.89522  -45.78783    34.8953    34.9111     3.8029     3.8027    27.7234    27.7360    6.10451    6.32409         25 0.0000e+00
      28628   1192.799    716.000     3.8550   3.265843     3.8548   3.267164      95.14     0.0139     2.7064     2.4350  1.9728619  1.1063290   48.89522  -45.78784    34.8952    34.9112     3.8027     3.8025    27.7234    27.7361    6.12019    6.33094         24 0.0000e+00
      28650   1193.702    717.000     3.8551   3.265897     3.8550   3.267233      95.50     0.0151     2.7061     2.4353  1.9717772  1.1060394   48.89522  -45.78784    34.8952    34.9112     3.8028     3.8026    27.7234    27.7361    6.12483    6.33287         20 0.0000e+00
      28669   1194.496    718.000     3.8552   3.265941     3.8547   3.267249      95.57     0.0141     2.7061     2.4352  1.9718524  1.1062263   48.89522  -45.78784    34.8952    34.9113     3.8027     3.8066    27.7234    27.7362    6.12928    6.32919         19 0.0000e+00
      28688   1195.283    719.000     3.8557   3.266023     3.8551   3.267328      95.58     0.0124     2.7063     2.4351  1.9722340  1.1062272   48.89522  -45.78784    34.8951    34.9112     3.8032     3.8026    27.7232    27.7361    6.13067    6.32723         19 0.0000e+00
      28708   1196.136    720.000     3.8558   3.266082     3.8554   3.267395      94.74     0.0106     2.7063     2.4347  1.9722497  1.1060625   48.89522  -45.78784    34.8952    34.9112     3.8032     3.8028    27.7233    27.7361    6.13051    6.32371         22 0.0000e+00
      28731   1197.082    721.000     3.8553   3.266081     3.8551   3.267408      27.53     0.0143     2.7064     2.4341  1.9717052  1.1062269   48.89522  -45.78784    34.8951    34.9111     3.8026     3.8024    27.7233    27.7361    6.12907    6.32199         23 0.0000e+00
      28754   1198.054    722.000     3.8546   3.266061     3.8543   3.267390      96.36     0.0154     2.7061     2.4337  1.9712745  1.1062272   48.89522  -45.78784    34.8951    34.9112     3.8019     3.8015    27.7234    27.7362    6.12928    6.32633         23 0.0000e+00
      28777   1198.996    723.000     3.8545   3.266084     3.8542   3.267418      95.57     0.0139     2.7060     2.4337  1.9718153  1.1062272   48.89522  -45.78784    34.8950    34.9112     3.8016     3.8013    27.7233    27.7362    6.13123    6.32273         22 0.0000e+00
      28798   1199.889    724.000     3.8545   3.266131     3.8541   3.267459      80.65     0.0126     2.7061     2.4326  1.9720368  1.1062272   48.89522  -45.78784    34.8951    34.9112     3.8015     3.8012    27.7234    27.7363    6.13192    6.31061         21 0.0000e+00
      28818   1200.723    725.000     3.8545   3.266182     3.8542   3.267499      94.52     0.0128     2.7059     2.4317  1.9726992  1.1062272   48.89522  -45.78784    34.8951    34.9111     3.8015     3.8011    27.7234    27.7362    6.13126    6.30963         19 0.0000e+00
      28837   1201.499    726.000     3.8539   3.266180     3.8537   3.267490      95.61     0.0133     2.7059     2.4308  1.9741228  1.1062272   48.89522  -45.78784    34.8952    34.9110     3.8008     3.8030    27.7236    27.7361    6.13238    6.31123         18 0.0000e+00
      28855   1202.249    727.000     3.8535   3.266195     3.8533   3.267527      95.58     0.0163     2.7058     2.4303  1.9741019  1.1062272   48.89522  -45.78784    34.8952    34.9113     3.8004     3.8002    27.7236    27.7364    6.12982    6.31979         19 0.0000e+00
      28873   1203.014    728.000     3.8535   3.266251     3.8532   3.267571      95.58     0.0173     2.7054     2.4306  1.9722733  1.1062272   48.89522  -45.78784    34.8954    34.9114     3.8003     3.7999    27.7238    27.7366    6.12563    6.32493         18 0.0000e+00
      28893   1203.830    729.000     3.8538   3.266321     3.8534   3.267640      95.59     0.0165     2.7046     2.4304  1.9719183  1.1062272   48.89522  -45.78784    34.8955    34.9115     3.8005     3.8001    27.7238    27.7366    6.12187    6.32089         21 0.0000e+00
      28915   1204.751    730.000     3.8536   3.266360     3.8533   3.267678      95.59     0.0155     2.7039     2.4300  1.9728628  1.1062272   48.89522  -45.78784    34.8955    34.9115     3.8002     3.7999    27.7239    27.7366    6.11864    6.31955         24 0.0000e+00
      28940   1205.773    731.000     3.8530   3.266358     3.8529   3.267688      87.40     0.0142     2.7030     2.4297  1.9739009  1.1062272   48.89522  -45.78784    34.8956    34.9116     3.7996     3.7994    27.7240    27.7367    6.11327    6.31494         25 0.0000e+00
      28964   1206.775    732.000     3.8516   3.266284     3.8516   3.267625      89.51     0.0122     2.7017     2.4289  1.9738592  1.1060600   48.89522  -45.78784    34.8958    34.9117     3.7981     3.7980    27.7243    27.7370    6.11339    6.30761         22 0.0000e+00
      28984   1207.645    733.000     3.8508   3.266266     3.8507   3.267605      95.35     0.0132     2.7008     2.4278  1.9738705  1.1060441   48.89522  -45.78784    34.8958    34.9118     3.7972     3.7971    27.7244    27.7372    6.11602    6.30653         20 0.0000e+00
      29004   1208.438    734.000     3.8508   3.266305     3.8506   3.267645      94.36     0.0127     2.7005     2.4272  1.9736127  1.1062273   48.89522  -45.78784    34.8958    34.9119     3.7971     3.7969    27.7244    27.7372    6.11665    6.31175         18 0.0000e+00
      29022   1209.216    735.000     3.8507   3.266350     3.8504   3.267673      95.33     0.0145     2.7000     2.4271  1.9741070  1.1062272   48.89522  -45.78784    34.8960    34.9119     3.7969     3.7966    27.7246    27.7373    6.11281    6.31403         19 0.0000e+00
      29042   1210.044    736.000     3.8506   3.266380     3.8504   3.267709      95.57     0.0115     2.6994     2.4268  1.9738350  1.1060523   48.89522  -45.78784    34.8959    34.9118     3.7968     3.7966    27.7245    27.7372    6.12044    6.31776         21 0.0000e+00
      29065   1210.998    737.000     3.8506   3.266422     3.8504   3.267746      95.58     0.0129     2.6993     2.4268  1.9742115  1.1062267   48.89522  -45.78784    34.8959    34.9118     3.7966     3.7964    27.7245    27.7372    6.11582    6.32092         25 0.0000e+00
      29091   1212.099    738.000     3.8506   3.266463     3.8503   3.267784      95.58     0.0123     2.6986     2.4267  1.9743609  1.1062272   48.89522  -45.78784    34.8958    34.9118     3.7965     3.7963    27.7245    27.7372    6.11678    6.31676         27 0.0000e+00
      29116   1213.121    739.000     3.8504   3.266502     3.8504   3.267839      95.59     0.0115     2.6982     2.4266  1.9736818  1.1062272   48.89522  -45.78784    34.8959    34.9119     3.7963     3.7963    27.7246    27.7373    6.12179    6.32014         22 0.0000e+00
      29136   1213.971    740.000     3.8504   3.266538     3.8502   3.267874      45.09     0.0165     2.6987     2.4264  1.9739774  1.1062272   48.89522  -45.78784    34.8959    34.9119     3.7962     3.7960    27.7246    27.7374    6.12958    6.31771         19 0.0000e+00
      29154   1214.709    741.000     3.8511   3.266658     3.8508   3.267982      94.65     0.0174     2.6985     2.4262  1.9746466  1.1062272   48.89522  -45.78784    34.8960    34.9120     3.7968     3.7966    27.7246    27.7374    6.13353    6.31989         17 0.0000e+00
      29170   1215.387    742.000     3.8505   3.266655     3.8503   3.267984      95.56     0.0169     2.6997     2.4264  1.9761705  1.1062272   48.89522  -45.78784    34.8961    34.9121     3.7961     3.7960    27.7248    27.7375    6.14236    6.31772         16 0.0000e+00
      29186   1216.045    743.000     3.8483   3.266482     3.8487   3.267867      95.58     0.0162     2.7002     2.4259  1.9763390  1.1062272   48.89522  -45.78784    34.8959    34.9119     3.7939     3.7943    27.7248    27.7375    6.13820    6.31298         16 0.0000e+00
      29202   1216.729    744.000     3.8448   3.266191     3.8454   3.267602      95.57     0.0145     2.7004     2.4253  1.9763691  1.1062272   48.89522  -45.78784    34.8956    34.9117     3.7903     3.7909    27.7250    27.7377    6.14019    6.31638         17 0.0000e+00
      29221   1217.508    745.000     3.8429   3.266039     3.8436   3.267469      95.14     0.0124     2.7008     2.4254  1.9760134  1.1062272   48.89522  -45.78784    34.8952    34.9115     3.7884     3.7891    27.7249    27.7377    6.14694    6.32396         20 0.0000e+00
      29245   1218.480    746.000     3.8391   3.265690     3.8400   3.267141      93.86     0.0155     2.7015     2.4255  1.9761436  1.1058980   48.89522  -45.78784    34.8946    34.9109     3.7845     3.7854    27.7248    27.7376    6.13299    6.32915         26 0.0000e+00
      29271   1219.578    747.000     3.8344   3.265296     3.8333   3.266515      80.00     0.0151     2.7003     2.4258  1.9762863  1.1054223   48.89522  -45.78784    34.8944    34.9101     3.7798     3.7804    27.7251    27.7377    6.12642    6.32431         26 0.0000e+00
      29295   1220.570    748.000     3.8357   3.265468     3.8350   3.266747      64.22     0.0150     2.6994     2.4254  1.9762456  1.1053385   48.89522  -45.78784    34.8945    34.9105     3.7810     3.7802    27.7251    27.7379    6.12674    6.32004         22 0.0000e+00
      29316   1221.460    749.000     3.8372   3.265655     3.8373   3.267012      94.62     0.0145     2.6993     2.4249  1.9761029  1.1050054   48.89522  -45.78784    34.8946    34.9107     3.7824     3.7824    27.7250    27.7378    6.13162    6.31954         21 0.0000e+00
      29336   1222.298    750.000     3.8356   3.265536     3.8349   3.266815      95.38     0.0169     2.6990     2.4245  1.9760940  1.1050061   48.89522  -45.78784    34.8944    34.9104     3.7807     3.7800    27.7250    27.7378    6.13198    6.31833         19 0.0000e+00
      29356   1223.125    751.000     3.8331   3.265332     3.8322   3.266587      95.58     0.0184     2.6989     2.4241  1.9760451  1.1050061   48.89522  -45.78784    34.8941    34.9100     3.7782     3.7772    27.7250    27.7378    6.13326    6.31972         21 0.0000e+00
      29378   1224.028    752.000     3.8358   3.265651     3.8339   3.266808      95.56     0.0170     2.6986     2.4238  1.9761099  1.1049016   48.89522  -45.78784    34.8945    34.9103     3.7808     3.7788    27.7251    27.7379    6.13276    6.32509         23 0.0000e+00
      29403   1225.089    753.000     3.8358   3.265691     3.8357   3.267033      94.14     0.0165     2.6987     2.4241  1.9749866  1.1045521   48.89522  -45.78784    34.8945    34.9106     3.7807     3.7806    27.7250    27.7379    6.13571    6.32854         27 0.0000e+00
      29428   1226.123    754.000     3.8353   3.265664     3.8344   3.266950      61.03     0.0137     2.6983     2.4241  1.9745169  1.1044493   48.89522  -45.78784    34.8942    34.9105     3.7801     3.7792    27.7249    27.7379    6.13506    6.32355         22 0.0000e+00
      29448   1226.961    755.000     3.8470   3.265484     3.8322   3.266780      79.28     0.0128     2.6980     2.4237  1.9756099  1.1048126   48.89522  -45.78784    34.8791    34.9102     3.7917     3.7769    27.7117    27.7379    6.13398    6.31583         18 0.0000e+00
