data/CTD/2013/CNV/D021A021.CNV
* Sea-Bird SBE 9 Data File:
* FileName = C:\CTD_ACQUISITION\2013021HUD\ctddata\021A021.hdr
* Software Version Seasave V 7.22.2
* Temperature SN = 5081
* Conductivity SN = 3561
* Number of Bytes Per Scan = 37
* Number of Voltage Words = 4
* Number of Scans Averaged by the Deck Unit = 1
* NMEA Latitude = 46 59.98 N
* NMEA Longitude = 046 29.00 W
* NMEA UTC (Time) = Jul 02 2013 07:03:49
* NMEA baud rate = 9600
** Ship: Hudson
** Cruise: HUD2013021
** Chief_Scientist: Greenan
** Organization: BIO
** Area_of_Operation: Sackville Spur
** Station: 21
** Sounding:  416
** Event_Comments: FC20  393129
# nquan = 25
# nvalues = 342                         
# units = specified
# name 0 = scan: Scan Count
# name 1 = timeS: Time, Elapsed [seconds]
# name 2 = prDM: Pressure, Digiquartz [db]
# name 3 = t068C: Temperature [ITS-68, deg C]
# name 4 = c0S/m: Conductivity [S/m]
# name 5 = t168C: Temperature, 2 [ITS-68, deg C]
# name 6 = c1S/m: Conductivity, 2 [S/m]
# name 7 = altM: Altimeter [m]
# name 8 = flCUVA: Fluorescence, Chelsea UV Aquatracka [ug/l]
# name 9 = sbeox0V: Oxygen raw, SBE 43 [V]
# name 10 = sbeox1V: Oxygen raw, SBE 43, 2 [V]
# name 11 = upoly0: Upoly 0, Optode 4330F - O2 D-Phase
# name 12 = upoly1: Upoly 1, Optode 4330F - O2 Temp
# name 13 = latitude: Latitude [deg]
# name 14 = longitude: Longitude [deg]
# name 15 = sal00: Salinity, Practical [PSU]
# name 16 = sal11: Salinity, Practical, 2 [PSU]
# name 17 = potemp068C: Potential Temperature [ITS-68, deg C]
# name 18 = potemp168C: Potential Temperature, 2 [ITS-68, deg C]
# name 19 = sigma-é00: Density [sigma-theta, Kg/m^3]
# name 20 = sigma-é11: Density, 2 [sigma-theta, Kg/m^3]
# name 21 = sbeox0ML/L: Oxygen, SBE 43 [ml/l], WS = 2
# name 22 = sbeox1ML/L: Oxygen, SBE 43, 2 [ml/l], WS = 2
# name 23 = nbin: number of scans per bin
# name 24 = flag: flag
# span 0 =       8826,      19503       
# span 1 =    367.716,    812.592       
# span 2 =      3.000,    344.000       
# span 3 =     2.8230,     7.9081       
# span 4 =   3.096969,   3.487697       
# span 5 =     2.8227,     7.9147       
# span 6 =   3.098287,   3.490031       
# span 7 =       3.05,      97.78       
# span 8 =     0.0098,     0.3924       
# span 9 =     2.6409,     3.3798       
# span 10 =     2.3717,     3.0247      
# span 11 =  1.6860453,  2.0390890      
# span 12 =  0.9831388,  1.5983196      
# span 13 =   46.99938,   46.99990      
# span 14 =  -46.48392,  -46.48324      
# span 15 =    32.7802,    34.9461      
# span 16 =    32.7948,    34.9614      
# span 17 =     2.8172,     7.9052      
# span 18 =     2.8169,     7.9119      
# span 19 =    25.7154,    27.6704      
# span 20 =    25.7269,    27.6827      
# span 21 =    5.41105,    7.16364      
# span 22 =    5.59229,    7.26064      
# span 23 =         13,         98      
# span 24 = 0.0000e+00, 0.0000e+00      
# interval = decibars: 1                
# start_time = Jul 02 2013 07:03:49 [NMEA time, header]
# bad_flag = -9.990e-29
*END*
[from data line 290]
      18152    756.296    293.000     4.6271   3.316991     4.6259   3.318289      56.39     0.0168     2.7269     2.4404  2.0298395  1.2206559   46.99984  -46.48350    34.9052    34.9214     4.6046     4.6036    27.6455    27.6584    5.77987    5.93661         28 0.0000e+00
      18180    757.466    294.000     4.6145   3.315805     4.6122   3.316944      46.79     0.0182     2.7311     2.4449  2.0292552  1.2193651   46.99982  -46.48348    34.9037    34.9195     4.5922     4.5899    27.6457    27.6585    5.78536    5.94398         27 0.0000e+00
      18205    758.491    295.000     4.5824   3.312642     4.5845   3.314224      56.15     0.0144     2.7334     2.4477  2.0263050  1.2137268   46.99982  -46.48348    34.9000    34.9164     4.5601     4.5622    27.6463    27.6590    5.78870    5.94366         23 0.0000e+00
      18227    759.409    296.000     4.5578   3.310302     4.5578   3.311681      56.08     0.0134     2.7357     2.4490  2.0265114  1.2136753   46.99982  -46.48348    34.8980    34.9141     4.5355     4.5364    27.6474    27.6602    5.79397    5.94581         21 0.0000e+00
      18250    760.356    297.000     4.5538   3.309980     4.5536   3.311352      55.16     0.0170     2.7367     2.4502  2.0256901  1.2081693   46.99982  -46.48346    34.8979    34.9143     4.5314     4.5312    27.6478    27.6608    5.78943    5.94158         24 0.0000e+00
      18274    761.395    298.000     4.5535   3.310060     4.5533   3.311407      54.26     0.0225     2.7379     2.4507  2.0256400  1.2076578   46.99981  -46.48346    34.8987    34.9147     4.5310     4.5308    27.6484    27.6612    5.78842    5.94476         25 0.0000e+00
      18298    762.371    299.000     4.5534   3.310143     4.5532   3.311479      53.20     0.0172     2.7375     2.4514  2.0216908  1.2028848   46.99974  -46.48342    34.8992    34.9151     4.5308     4.5306    27.6489    27.6615    5.78257    5.95270         22 0.0000e+00
      18317    763.161    300.000     4.5531   3.310211     4.5529   3.311548      52.23     0.0140     2.7378     2.4527  2.0217626  1.2026882   46.99974  -46.48342    34.8998    34.9156     4.5305     4.5303    27.6494    27.6620    5.78609    5.95096         17 0.0000e+00
      18333    763.835    301.000     4.5522   3.310257     4.5522   3.311604      51.26     0.0135     2.7381     2.4526  2.0201833  1.2022781   46.99974  -46.48342    34.9007    34.9165     4.5295     4.5295    27.6502    27.6628    5.78408    5.93978         15 0.0000e+00
      18348    764.473    302.000     4.5508   3.310228     4.5507   3.311564      50.69     0.0159     2.7375     2.4522  2.0171225  1.2014728   46.99974  -46.48342    34.9014    34.9171     4.5280     4.5279    27.6509    27.6635    5.78114    5.93328         16 0.0000e+00
      18365    765.162    303.000     4.5502   3.310341     4.5500   3.311672      49.63     0.0188     2.7373     2.4512  2.0170941  1.2014652   46.99974  -46.48342    34.9027    34.9186     4.5274     4.5281    27.6521    27.6647    5.78723    5.93074         18 0.0000e+00
      18390    766.226    304.000     4.5490   3.310323     4.5490   3.311664      47.50     0.0191     2.7377     2.4509  2.0147920  1.1998209   46.99974  -46.48340    34.9033    34.9190     4.5261     4.5262    27.6527    27.6652    5.78516    5.93935         37 0.0000e+00
      18437    768.153    305.000     4.5371   3.309319     4.5377   3.310719      45.78     0.0194     2.7370     2.4508  2.0114377  1.1989659   46.99975  -46.48341    34.9035    34.9193     4.5142     4.5147    27.6542    27.6667    5.78281    5.94420         43 0.0000e+00
      18468    769.455    306.000     4.5257   3.308339     4.5259   3.309672      45.16     0.0178     2.7358     2.4510  2.0096858  1.1990232   46.99976  -46.48340    34.9036    34.9191     4.5026     4.5037    27.6555    27.6678    5.78013    5.94920         24 0.0000e+00
      18488    770.305    307.000     4.5176   3.307651     4.5178   3.309015      44.48     0.0203     2.7359     2.4511  2.0087252  1.1985669   46.99974  -46.48340    34.9035    34.9193     4.4945     4.4947    27.6563    27.6688    5.78818    5.94821         19 0.0000e+00
      18506    771.051    308.000     4.5131   3.307292     4.5129   3.308624      43.64     0.0180     2.7353     2.4509  2.0087628  1.1983744   46.99974  -46.48340    34.9035    34.9193     4.4899     4.4898    27.6569    27.6694    5.78450    5.94762         17 0.0000e+00
      18524    771.784    309.000     4.5106   3.307117     4.5103   3.308439      42.92     0.0177     2.7353     2.4508  2.0077147  1.1976540   46.99974  -46.48339    34.9036    34.9193     4.4874     4.4871    27.6572    27.6697    5.78045    5.95091         18 0.0000e+00
      18542    772.559    310.000     4.5084   3.306974     4.5083   3.308307      41.91     0.0144     2.7345     2.4509  2.0048962  1.1943367   46.99974  -46.48338    34.9037    34.9194     4.4851     4.4850    27.6575    27.6700    5.77099    5.95272         20 0.0000e+00
      18562    773.385    311.000     4.5060   3.306817     4.5060   3.308142      41.03     0.0130     2.7325     2.4509  2.0048840  1.1942621   46.99974  -46.48338    34.9038    34.9194     4.4827     4.4826    27.6579    27.6703    5.77587    5.95153         20 0.0000e+00
      18583    774.250    312.000     4.5055   3.306820     4.5053   3.308140      39.88     0.0131     2.7329     2.4505  2.0028501  1.1932093   46.99974  -46.48338    34.9039    34.9195     4.4821     4.4818    27.6580    27.6705    5.77980    5.94985         21 0.0000e+00
      18605    775.155    313.000     4.5051   3.306856     4.5050   3.308169      38.85     0.0153     2.7316     2.4505  2.0024381  1.1929153   46.99974  -46.48338    34.9041    34.9197     4.4816     4.4814    27.6583    27.6706    5.77590    5.95271         22 0.0000e+00
      18627    776.083    314.000     4.5033   3.306751     4.5033   3.308085      37.93     0.0141     2.7316     2.4503  2.0024421  1.1921221   46.99974  -46.48336    34.9042    34.9199     4.4798     4.4797    27.6586    27.6710    5.78527    5.95239         23 0.0000e+00
      18649    777.010    315.000     4.5012   3.306601     4.5008   3.307889      36.77     0.0160     2.7315     2.4499  2.0023324  1.1917020   46.99974  -46.48336    34.9042    34.9198     4.4776     4.4771    27.6588    27.6712    5.78092    5.95126         22 0.0000e+00
      18672    777.942    316.000     4.5017   3.306703     4.5014   3.308008      35.78     0.0117     2.7309     2.4503  2.0019965  1.1916414   46.99973  -46.48336    34.9044    34.9200     4.4780     4.4776    27.6588    27.6713    5.77993    5.95687         22 0.0000e+00
      18695    778.898    317.000     4.5008   3.306677     4.5007   3.308006      34.87     0.0127     2.7306     2.4497  2.0013721  1.1916974   46.99972  -46.48335    34.9045    34.9201     4.4770     4.4769    27.6590    27.6715    5.78208    5.94874         24 0.0000e+00
      18719    779.899    318.000     4.4990   3.306561     4.4990   3.307895      33.91     0.0151     2.7304     2.4491  2.0012717  1.1911215   46.99972  -46.48334    34.9044    34.9201     4.4752     4.4751    27.6592    27.6717    5.77893    5.94396         25 0.0000e+00
      18746    781.035    319.000     4.4960   3.306339     4.4963   3.307697      32.83     0.0173     2.7297     2.4481  2.0012221  1.1904913   46.99972  -46.48334    34.9045    34.9201     4.4720     4.4723    27.6596    27.6720    5.78022    5.94014         30 0.0000e+00
      18778    782.368    320.000     4.4917   3.305981     4.4918   3.307339      31.70     0.0203     2.7295     2.4460  2.0002093  1.1903952   46.99972  -46.48332    34.9044    34.9201     4.4676     4.4678    27.6600    27.6725    5.78188    5.92534         31 0.0000e+00
      18805    783.495    321.000     4.4904   3.305936     4.4901   3.307235      30.82     0.0162     2.7283     2.4441  1.9999923  1.1902595   46.99972  -46.48332    34.9046    34.9202     4.4664     4.4660    27.6603    27.6728    5.77332    5.92786         23 0.0000e+00
      18824    784.304    322.000     4.4908   3.306032     4.4904   3.307327      30.11     0.0156     2.7284     2.4434  1.9983238  1.1892405   46.99972  -46.48332    34.9048    34.9204     4.4666     4.4663    27.6605    27.6728    5.77725    5.93648         17 0.0000e+00
      18840    784.962    323.000     4.4916   3.306171     4.4911   3.307462      29.28     0.0168     2.7272     2.4433  1.9985358  1.1892552   46.99972  -46.48332    34.9051    34.9207     4.4673     4.4669    27.6606    27.6730    5.77085    5.94016         15 0.0000e+00
      18855    785.564    324.000     4.4892   3.306019     4.4896   3.307376      28.57     0.0150     2.7269     2.4433  1.9983423  1.1892552   46.99972  -46.48332    34.9053    34.9208     4.4649     4.4652    27.6610    27.6733    5.77146    5.94288         14 0.0000e+00
      18869    786.173    325.000     4.4709   3.304442     4.4722   3.305885      27.71     0.0181     2.7265     2.4434  1.9977143  1.1881860   46.99972  -46.48332    34.9056    34.9211     4.4465     4.4478    27.6633    27.6755    5.77526    5.94572         15 0.0000e+00
      18886    786.877    326.000     4.4415   3.301884     4.4424   3.303346      26.77     0.0172     2.7258     2.4432  1.9975622  1.1880383   46.99972  -46.48332    34.9060    34.9222     4.4171     4.4180    27.6669    27.6796    5.77786    5.95187         20 0.0000e+00
      18911    787.929    327.000     4.4296   3.300938     4.4296   3.302286      25.53     0.0169     2.7252     2.4435  1.9988312  1.1873430   46.99972  -46.48331    34.9069    34.9228     4.4052     4.4052    27.6688    27.6815    5.78472    5.95621         32 0.0000e+00
      18944    789.275    328.000     4.4277   3.300817     4.4276   3.302150      24.28     0.0177     2.7252     2.4434  2.0000222  1.1866745   46.99970  -46.48330    34.9069    34.9228     4.4033     4.4031    27.6691    27.6817    5.78917    5.95236         29 0.0000e+00
      18970    790.395    329.000     4.4268   3.300788     4.4265   3.302108      23.20     0.0203     2.7247     2.4430  1.9998012  1.1833847   46.99970  -46.48330    34.9070    34.9228     4.4023     4.4020    27.6693    27.6819    5.77979    5.94487         25 0.0000e+00
      18994    791.396    330.000     4.4260   3.300773     4.4257   3.302081      22.43     0.0159     2.7242     2.4417  1.9996439  1.1831502   46.99970  -46.48330    34.9072    34.9229     4.4013     4.4011    27.6695    27.6820    5.78420    5.94271         24 0.0000e+00
      19017    792.333    331.000     4.4254   3.300777     4.4252   3.302090      22.22     0.0199     2.7235     2.4417  2.0000000  1.1819873   46.99970  -46.48328    34.9073    34.9230     4.4007     4.4004    27.6697    27.6822    5.77982    5.96151         21 0.0000e+00
      19037    793.184    332.000     4.4252   3.300811     4.4249   3.302126      21.11     0.0248     2.7234     2.4427  2.0000000  1.1819295   46.99970  -46.48328    34.9074    34.9232     4.4004     4.4001    27.6698    27.6823    5.78608    5.96627         20 0.0000e+00
      19057    793.989    333.000     4.4250   3.300849     4.4249   3.302166      20.00     0.0233     2.7229     2.4430  2.0000000  1.1812950   46.99970  -46.48328    34.9075    34.9231     4.4001     4.4000    27.6699    27.6823    5.78103    5.95524         19 0.0000e+00
      19077    794.844    334.000     4.4247   3.300869     4.4243   3.302172      19.00     0.0199     2.7226     2.4423  2.0000000  1.1807150   46.99970  -46.48328    34.9075    34.9232     4.3998     4.3994    27.6699    27.6825    5.78655    5.94517         22 0.0000e+00
      19102    795.874    335.000     4.4244   3.300879     4.4241   3.302196      17.89     0.0171     2.7230     2.4412  1.9994451  1.1807082   46.99970  -46.48327    34.9075    34.9232     4.3994     4.3991    27.6700    27.6825    5.78863    5.94714         28 0.0000e+00
      19130    797.058    336.000     4.4243   3.300926     4.4241   3.302237      17.16     0.0148     2.7225     2.4409  1.9987816  1.1807082   46.99970  -46.48326    34.9076    34.9232     4.3993     4.3990    27.6700    27.6824    5.78325    5.95198         28 0.0000e+00
      19157    798.169    337.000     4.4244   3.300983     4.4242   3.302294      16.36     0.0157     2.7223     2.4409  1.9996601  1.1807082   46.99970  -46.48326    34.9076    34.9232     4.3993     4.3991    27.6701    27.6825    5.78704    5.95862         25 0.0000e+00
      19180    799.137    338.000     4.4245   3.301046     4.4243   3.302356      15.48     0.0200     2.7218     2.4411  2.0000045  1.1807082   46.99968  -46.48326    34.9077    34.9234     4.3993     4.3990    27.6702    27.6826    5.78161    5.95609         21 0.0000e+00
      19201    799.997    339.000     4.4245   3.301103     4.4244   3.302410      14.51     0.0181     2.7217     2.4410  1.9993144  1.1805835   46.99968  -46.48326    34.9078    34.9233     4.3992     4.3991    27.6702    27.6826    5.78790    5.95298         20 0.0000e+00
      19220    800.795    340.000     4.4246   3.301157     4.4244   3.302463      13.69     0.0215     2.7218     2.4408  1.9987764  1.1805797   46.99968  -46.48326    34.9079    34.9234     4.3992     4.3990    27.6703    27.6826    5.79081    5.95398         19 0.0000e+00
      19238    801.556    341.000     4.4246   3.301211     4.4245   3.302521      12.73     0.0219     2.7217     2.4404  1.9987789  1.1805726   46.99968  -46.48326    34.9079    34.9235     4.3992     4.3990    27.6704    27.6827    5.79168    5.95740         18 0.0000e+00
      19256    802.285    342.000     4.4247   3.301266     4.4245   3.302573      11.74     0.0226     2.7219     2.4408  1.9987789  1.1794976   46.99968  -46.48324    34.9080    34.9235     4.3992     4.3990    27.6704    27.6827    5.79600    5.95834         17 0.0000e+00
      19273    803.011    343.000     4.4248   3.301311     4.4246   3.302625      10.84     0.0184     2.7223     2.4405  1.9987789  1.1794872   46.99968  -46.48324    34.9078    34.9235     4.3992     4.3990    27.6703    27.6827    5.79314    5.95459         18 0.0000e+00
      19503    812.592    344.000     4.4252   3.301353     4.4249   3.302664       9.14     0.0168     2.7210     2.4393  1.9995745  1.1795421   46.99969  -46.48325    34.9074    34.9231     4.3995     4.3992    27.6699    27.6824    5.78371    5.95116         42 0.0000e+00
