data/CTD/2013/CNV/D021A049.CNV
* Sea-Bird SBE 9 Data File:
* FileName = C:\CTD_ACQUISITION\2013021HUD\ctddata\021A049.hdr
* Software Version Seasave V 7.22.2
* Temperature SN = 5081
* Conductivity SN = 3561
* Number of Bytes Per Scan = 37
* Number of Voltage Words = 4
* Number of Scans Averaged by the Deck Unit = 1
* NMEA Latitude = 48 56.14 N
* NMEA Longitude = 045 49.78 W
* NMEA UTC (Time) = Jul 04 2013 22:48:08
* NMEA baud rate = 9600
** Ship: Hudson
** Cruise: HUD2013021
** Chief_Scientist: Greenan
** Organization: BIO
** Area_of_Operation: Sackville Spur
** Station: 49
** Sounding:  2572
** Event_Comments: SS28  393207
# nquan = 25
# nvalues = 2480                        
# units = specified
# name 0 = scan: Scan Count
# name 1 = timeS: Time, Elapsed [seconds]
# name 2 = prDM: Pressure, Digiquartz [db]
# name 3 = t068C: Temperature [ITS-68, deg C]
# name 4 = c0S/m: Conductivity [S/m]
# name 5 = t168C: Temperature, 2 [ITS-68, deg C]
# name 6 = c1S/m: Conductivity, 2 [S/m]
# name 7 = altM: Altimeter [m]
# name 8 = flCUVA: Fluorescence, Chelsea UV Aquatracka [ug/l]
# name 9 = sbeox0V: Oxygen raw, SBE 43 [V]
# name 10 = sbeox1V: Oxygen raw, SBE 43, 2 [V]
# name 11 = upoly0: Upoly 0, Optode 4330F - O2 D-Phase
# name 12 = upoly1: Upoly 1, Optode 4330F - O2 Temp
# name 13 = latitude: Latitude [deg]
# name 14 = longitude: Longitude [deg]
# name 15 = sal00: Salinity, Practical [PSU]
# name 16 = sal11: Salinity, Practical, 2 [PSU]
# name 17 = potemp068C: Potential Temperature [ITS-68, deg C]
# name 18 = potemp168C: Potential Temperature, 2 [ITS-68, deg C]
# name 19 = sigma-é00: Density [sigma-theta, Kg/m^3]
# name 20 = sigma-é11: Density, 2 [sigma-theta, Kg/m^3]
# name 21 = sbeox0ML/L: Oxygen, SBE 43 [ml/l], WS = 2
# name 22 = sbeox1ML/L: Oxygen, SBE 43, 2 [ml/l], WS = 2
# name 23 = nbin: number of scans per bin
# name 24 = flag: flag
# span 0 =       8008,      63560       
# span 1 =    333.629,   2648.308       
# span 2 =      2.000,   2481.000       
# span 3 =     2.4940,     8.2907       
# span 4 =   3.158422,   3.550355       
# span 5 =     2.4932,     8.2898       
# span 6 =   3.159712,   3.551657       
# span 7 =       2.19,      98.23       
# span 8 =     0.0049,     0.5085       
# span 9 =     2.1878,     3.3502       
# span 10 =     1.9680,     2.9969      
# span 11 =  1.6882242,  2.1111471      
# span 12 =  0.9352900,  1.6654816      
# span 13 =   48.93602,   48.93754      
# span 14 =  -45.83040,  -45.82962      
# span 15 =    33.8557,    35.1418      
# span 16 =    33.8746,    34.9381      
# span 17 =     2.3059,     8.2902      
# span 18 =     2.3050,     8.2894      
# span 19 =    26.4108,    27.9285      
# span 20 =    26.4228,    27.8896      
# span 21 =    5.87891,    6.71721      
# span 22 =    6.08766,    6.84905      
# span 23 =         13,         82      
# span 24 = 0.0000e+00, 0.0000e+00      
# interval = decibars: 1                
# start_time = Jul 04 2013 22:48:08 [NMEA time, header]
# bad_flag = -9.990e-29
*END*
[from data line 1276]
      38214   1592.204   1278.000     3.5877   3.268487     3.5875   3.269825      69.57     0.0162     2.4765     2.2279  2.0427346  1.0744811   48.93688  -45.83016    34.9213    34.9374     3.4915     3.4912    27.7754    27.7883    5.89526    6.12049         17 0.0000e+00
      38232   1592.976   1279.000     3.5857   3.268353     3.5853   3.269681      95.22     0.0106     2.4763     2.2281  2.0427351  1.0743595   48.93688  -45.83016    34.9213    34.9375     3.4894     3.4890    27.7756    27.7886    5.89270    6.12114         20 0.0000e+00
      38255   1593.920   1280.000     3.5850   3.268326     3.5845   3.269642      95.90     0.0067     2.4761     2.2280  2.0431962  1.0732801   48.93688  -45.83016    34.9212    34.9375     3.4887     3.4881    27.7756    27.7886    5.90413    6.11947         26 0.0000e+00
      38284   1595.144   1281.000     3.5845   3.268318     3.5840   3.269633      95.12     0.0100     2.4760     2.2273  2.0429678  1.0732601   48.93688  -45.83016    34.9212    34.9373     3.4880     3.4876    27.7757    27.7886    5.90581    6.11038         31 0.0000e+00
      38312   1596.304   1282.000     3.5841   3.268328     3.5835   3.269639      70.85     0.0154     2.4768     2.2268  2.0426235  1.0729460   48.93688  -45.83016    34.9212    34.9374     3.4876     3.4870    27.7757    27.7887    5.91151    6.11288         24 0.0000e+00
      38334   1597.223   1283.000     3.5828   3.268265     3.5824   3.269590      67.75     0.0160     2.4772     2.2266  2.0422645  1.0732647   48.93688  -45.83016    34.9213    34.9375     3.4862     3.4896    27.7759    27.7889    5.90831    6.11241         21 0.0000e+00
      38354   1598.028   1284.000     3.5792   3.267999     3.5789   3.269321      96.13     0.0158     2.4772     2.2260  2.0415070  1.0731916   48.93688  -45.83016    34.9214    34.9376     3.4826     3.4821    27.7764    27.7893    5.90113    6.11282         18 0.0000e+00
      38372   1598.795   1285.000     3.5776   3.267902     3.5775   3.269247      95.83     0.0109     2.4762     2.2259  2.0415142  1.0732603   48.93688  -45.83016    34.9215    34.9376     3.4809     3.4807    27.7766    27.7895    5.89840    6.11745         19 0.0000e+00
      38390   1599.560   1286.000     3.5755   3.267766     3.5754   3.269099      49.03     0.0098     2.4764     2.2259  2.0425954  1.0722464   48.93688  -45.83016    34.9215    34.9376     3.4788     3.4869    27.7768    27.7897    5.90150    6.11994         18 0.0000e+00
      38410   1600.359   1287.000     3.5726   3.267542     3.5722   3.268861      63.36     0.0123     2.4757     2.2259  2.0427358  1.0720381   48.93688  -45.83016    34.9215    34.9376     3.4758     3.4753    27.7771    27.7900    5.90324    6.12345         20 0.0000e+00
      38431   1601.258   1288.000     3.5718   3.267513     3.5714   3.268835      71.83     0.0121     2.4761     2.2259  2.0429859  1.0720391   48.93688  -45.83016    34.9215    34.9377     3.4749     3.4745    27.7772    27.7901    5.90553    6.12331         24 0.0000e+00
      38457   1602.351   1289.000     3.5710   3.267472     3.5705   3.268789      67.92     0.0114     2.4749     2.2259  2.0432141  1.0720391   48.93688  -45.83016    34.9214    34.9376     3.4740     3.4735    27.7772    27.7902    5.89815    6.12442         28 0.0000e+00
      38485   1603.500   1290.000     3.5707   3.267490     3.5702   3.268809      85.54     0.0087     2.4751     2.2259  2.0419571  1.0713804   48.93690  -45.83016    34.9214    34.9377     3.4736     3.4730    27.7772    27.7903    5.89936    6.12382         25 0.0000e+00
      38507   1604.404   1291.000     3.5706   3.267542     3.5701   3.268860      63.06     0.0095     2.4745     2.2258  2.0413249  1.0709360   48.93690  -45.83018    34.9216    34.9378     3.4735     3.4729    27.7774    27.7904    5.90189    6.12208         20 0.0000e+00
      38525   1605.160   1292.000     3.5706   3.267596     3.5702   3.268905      63.88     0.0105     2.4742     2.2255  2.0418687  1.0710328   48.93690  -45.83018    34.9217    34.9378     3.4734     3.4773    27.7775    27.7904    5.90422    6.11862         17 0.0000e+00
      38542   1605.872   1293.000     3.5704   3.267608     3.5698   3.268919      95.77     0.0110     2.4744     2.2253  2.0427320  1.0708189   48.93690  -45.83018    34.9216    34.9378     3.4730     3.4725    27.7775    27.7904    5.90806    6.12161         17 0.0000e+00
      38560   1606.624   1294.000     3.5697   3.267581     3.5692   3.268903      43.79     0.0134     2.4744     2.2252  2.0427351  1.0708823   48.93690  -45.83018    34.9215    34.9377     3.4723     3.4718    27.7775    27.7905    5.90568    6.11987         19 0.0000e+00
      38583   1607.570   1295.000     3.5689   3.267556     3.5684   3.268871      87.67     0.0117     2.4741     2.2247  2.0426931  1.0708624   48.93690  -45.83018    34.9216    34.9378     3.4714     3.4709    27.7776    27.7906    5.90876    6.11690         28 0.0000e+00
      38615   1608.907   1296.000     3.5685   3.267560     3.5680   3.268868      78.42     0.0120     2.4742     2.2243  2.0419815  1.0708163   48.93690  -45.83019    34.9215    34.9376     3.4710     3.4704    27.7776    27.7905    5.90249    6.12017         32 0.0000e+00
      38641   1609.993   1297.000     3.5680   3.267564     3.5675   3.268883      45.48     0.0163     2.4736     2.2239  2.0396388  1.0708181   48.93690  -45.83018    34.9216    34.9378     3.4704     3.4698    27.7777    27.7907    5.90265    6.11627         21 0.0000e+00
      38659   1610.762   1298.000     3.5673   3.267550     3.5668   3.268860      96.53     0.0158     2.4732     2.2235  2.0395727  1.0708181   48.93690  -45.83018    34.9217    34.9378     3.4696     3.4690    27.7778    27.7908    5.90363    6.11551         17 0.0000e+00
      38676   1611.452   1299.000     3.5668   3.267552     3.5663   3.268861      95.89     0.0162     2.4733     2.2233  2.0419226  1.0708181   48.93690  -45.83018    34.9217    34.9379     3.4690     3.4684    27.7779    27.7909    5.90534    6.11835         17 0.0000e+00
      38693   1612.156   1300.000     3.5663   3.267550     3.5658   3.268863      95.90     0.0128     2.4731     2.2231  2.0425823  1.0708181   48.93690  -45.83018    34.9217    34.9379     3.4684     3.4679    27.7780    27.7910    5.89654    6.11404         17 0.0000e+00
      38713   1613.006   1301.000     3.5660   3.267552     3.5655   3.268871      95.70     0.0133     2.4720     2.2225  2.0426354  1.0708181   48.93689  -45.83018    34.9216    34.9378     3.4680     3.4675    27.7780    27.7909    5.89731    6.11429         25 0.0000e+00
      38750   1614.552   1302.000     3.5654   3.267536     3.5648   3.268837      64.63     0.0165     2.4717     2.2221  2.0428185  1.0708181   48.93690  -45.83018    34.9215    34.9376     3.4674     3.4667    27.7779    27.7908    5.90134    6.11744         46 0.0000e+00
      38784   1615.944   1303.000     3.5649   3.267543     3.5644   3.268861      87.59     0.0173     2.4709     2.2217  2.0429707  1.0708181   48.93690  -45.83018    34.9216    34.9378     3.4668     3.4663    27.7781    27.7910    5.89051    6.11796         21 0.0000e+00
      38802   1616.688   1304.000     3.5648   3.267586     3.5644   3.268897      95.89     0.0181     2.4701     2.2216  2.0431929  1.0708181   48.93690  -45.83018    34.9217    34.9378     3.4666     3.4661    27.7782    27.7911    5.89918    6.12188         16 0.0000e+00
      38817   1617.334   1305.000     3.5648   3.267624     3.5642   3.268947      71.36     0.0186     2.4709     2.2216  2.0430605  1.0708181   48.93690  -45.83018    34.9217    34.9380     3.4665     3.4659    27.7782    27.7913    5.90472    6.12343         15 0.0000e+00
      38832   1617.966   1306.000     3.5648   3.267673     3.5643   3.268986      39.45     0.0153     2.4700     2.2218  2.0432255  1.0708181   48.93690  -45.83018    34.9218    34.9379     3.4664     3.4659    27.7783    27.7912    5.89703    6.12198         15 0.0000e+00
      38848   1618.634   1307.000     3.5647   3.267703     3.5644   3.269029      96.02     0.0172     2.4699     2.2215  2.0431652  1.0708181   48.93690  -45.83018    34.9218    34.9378     3.4662     3.4659    27.7783    27.7911    5.90040    6.12035         17 0.0000e+00
      38867   1619.417   1308.000     3.5648   3.267752     3.5646   3.269081      61.11     0.0146     2.4698     2.2214  2.0423863  1.0700624   48.93690  -45.83018    34.9217    34.9378     3.4663     3.4660    27.7782    27.7910    5.90477    6.12003         21 0.0000e+00
      38891   1620.406   1309.000     3.5647   3.267781     3.5645   3.269116      77.44     0.0153     2.4698     2.2211  2.0418372  1.0695924   48.93690  -45.83018    34.9217    34.9378     3.4661     3.4658    27.7782    27.7911    5.89736    6.11488         26 0.0000e+00
      38915   1621.434   1310.000     3.5639   3.267753     3.5635   3.269073      77.21     0.0130     2.4691     2.2203  2.0430741  1.0695971   48.93690  -45.83018    34.9217    34.9378     3.4652     3.4647    27.7783    27.7912    5.90057    6.11566         23 0.0000e+00
      38936   1622.278   1311.000     3.5628   3.267699     3.5625   3.269034      73.70     0.0102     2.4692     2.2204  2.0435534  1.0695971   48.93690  -45.83018    34.9217    34.9379     3.4640     3.4637    27.7785    27.7914    5.90596    6.11961         18 0.0000e+00
      38954   1623.052   1312.000     3.5600   3.267498     3.5598   3.268831      50.77     0.0088     2.4692     2.2200  2.0434406  1.0695971   48.93690  -45.83018    34.9217    34.9379     3.4612     3.4609    27.7787    27.7916    5.89862    6.11445         19 0.0000e+00
      38974   1623.882   1313.000     3.5583   3.267378     3.5578   3.268689      94.59     0.0072     2.4685     2.2196  2.0427465  1.0695971   48.93690  -45.83018    34.9217    34.9377     3.4593     3.4589    27.7789    27.7917    5.90224    6.11602         22 0.0000e+00
      39003   1625.100   1314.000     3.5571   3.267302     3.5567   3.268620      95.58     0.0091     2.4681     2.2190  2.0427351  1.0695971   48.93692  -45.83020    34.9215    34.9376     3.4581     3.4576    27.7788    27.7918    5.89449    6.11046         39 0.0000e+00
      39042   1626.710   1315.000     3.5544   3.267094     3.5542   3.268446      95.93     0.0118     2.4665     2.2178  2.0427351  1.0695534   48.93692  -45.83020    34.9214    34.9377     3.4553     3.4551    27.7790    27.7920    5.88550    6.10237         30 0.0000e+00
      39064   1627.630   1316.000     3.5505   3.266811     3.5500   3.268123      41.01     0.0164     2.4658     2.2168  2.0427351  1.0695982   48.93692  -45.83020    34.9216    34.9378     3.4514     3.4509    27.7796    27.7925    5.89398    6.09998         18 0.0000e+00
      39081   1628.344   1317.000     3.5491   3.266738     3.5487   3.268048      80.27     0.0133     2.4661     2.2163  2.0428081  1.0695971   48.93690  -45.83020    34.9217    34.9378     3.4500     3.4495    27.7798    27.7927    5.88970    6.10570         17 0.0000e+00
      39098   1629.027   1318.000     3.5487   3.266740     3.5482   3.268051      95.55     0.0120     2.4648     2.2160  2.0428069  1.0694563   48.93692  -45.83020    34.9217    34.9378     3.4495     3.4489    27.7799    27.7928    5.88812    6.10629         17 0.0000e+00
      39116   1629.776   1319.000     3.5482   3.266729     3.5478   3.268053      95.89     0.0099     2.4649     2.2156  2.0427365  1.0683982   48.93692  -45.83021    34.9216    34.9377     3.4489     3.4485    27.7798    27.7928    5.89585    6.10579         19 0.0000e+00
      39141   1630.823   1320.000     3.5474   3.266695     3.5470   3.268014      49.68     0.0115     2.4645     2.2155  2.0429463  1.0683761   48.93692  -45.83022    34.9215    34.9377     3.4480     3.4475    27.7799    27.7928    5.89538    6.11675         33 0.0000e+00
      39176   1632.276   1321.000     3.5462   3.266631     3.5457   3.267942      75.09     0.0149     2.4635     2.2155  2.0436761  1.0683761   48.93692  -45.83022    34.9216    34.9377     3.4467     3.4462    27.7800    27.7929    5.88306    6.11518         30 0.0000e+00
      39199   1633.250   1322.000     3.5449   3.266573     3.5444   3.267882      66.82     0.0138     2.4632     2.2154  2.0437758  1.0683761   48.93692  -45.83022    34.9217    34.9378     3.4454     3.4448    27.7803    27.7931    5.88438    6.11204         20 0.0000e+00
      39216   1633.967   1323.000     3.5441   3.266543     3.5435   3.267846      64.23     0.0120     2.4619     2.2151  2.0436287  1.0683761   48.93692  -45.83022    34.9218    34.9379     3.4444     3.4438    27.7804    27.7933    5.88157    6.11364         15 0.0000e+00
      39231   1634.603   1324.000     3.5430   3.266500     3.5426   3.267820      92.68     0.0124     2.4620     2.2151  2.0434625  1.0683761   48.93692  -45.83022    34.9218    34.9380     3.4433     3.4482    27.7806    27.7935    5.88395    6.11280         15 0.0000e+00
      39246   1635.223   1325.000     3.5427   3.266513     3.5422   3.267825      85.33     0.0122     2.4610     2.2148  2.0443845  1.0680426   48.93692  -45.83022    34.9218    34.9379     3.4429     3.4479    27.7806    27.7935    5.89078    6.10991         15 0.0000e+00
      39262   1635.876   1326.000     3.5424   3.266525     3.5419   3.267836      30.57     0.0110     2.4618     2.2145  2.0448186  1.0675852   48.93692  -45.83022    34.9218    34.9379     3.4425     3.4420    27.7807    27.7935    5.89789    6.10882         17 0.0000e+00
      39280   1636.620   1327.000     3.5406   3.266404     3.5402   3.267721      95.57     0.0134     2.4612     2.2140  2.0448554  1.0676048   48.93692  -45.83022    34.9218    34.9378     3.4406     3.4402    27.7808    27.7936    5.88807    6.10785         19 0.0000e+00
      39302   1637.543   1328.000     3.5389   3.266297     3.5385   3.267620      95.06     0.0135     2.4608     2.2136  2.0446644  1.0672104   48.93692  -45.83022    34.9217    34.9379     3.4389     3.4385    27.7809    27.7938    5.88948    6.10457         26 0.0000e+00
      39331   1638.745   1329.000     3.5378   3.266239     3.5375   3.267565      94.66     0.0157     2.4609     2.2128  2.0447042  1.0671554   48.93692  -45.83023    34.9217    34.9379     3.4378     3.4374    27.7810    27.7939    5.89475    6.10698         31 0.0000e+00
      39360   1639.954   1330.000     3.5366   3.266174     3.5363   3.267505      46.20     0.0130     2.4604     2.2124  2.0447075  1.0671551   48.93692  -45.83024    34.9217    34.9379     3.4364     3.4361    27.7812    27.7941    5.88935    6.10560         26 0.0000e+00
      39383   1640.921   1331.000     3.5355   3.266122     3.5351   3.267449      96.05     0.0130     2.4600     2.2118  2.0448871  1.0671551   48.93692  -45.83024    34.9218    34.9380     3.4353     3.4349    27.7813    27.7943    5.88020    6.10403         21 0.0000e+00
      39403   1641.733   1332.000     3.5350   3.266132     3.5346   3.267442      95.89     0.0143     2.4588     2.2115  2.0462682  1.0671551   48.93692  -45.83024    34.9219    34.9380     3.4347     3.4343    27.7815    27.7943    5.88879    6.10629         18 0.0000e+00
      39421   1642.480   1333.000     3.5342   3.266093     3.5339   3.267435      52.93     0.0125     2.4594     2.2112  2.0460587  1.0671551   48.93692  -45.83024    34.9218    34.9381     3.4338     3.4335    27.7815    27.7945    5.89496    6.10346         18 0.0000e+00
      39439   1643.235   1334.000     3.5334   3.266068     3.5331   3.267401      68.38     0.0095     2.4588     2.2108  2.0453203  1.0666510   48.93694  -45.83024    34.9218    34.9380     3.4330     3.4326    27.7816    27.7945    5.89314    6.10661         19 0.0000e+00
