data/CTD/2013/CNV/D021A009.CNV
* Sea-Bird SBE 9 Data File:
* FileName = C:\CTD_ACQUISITION\2013021HUD\ctddata\021A009.hdr
* Software Version Seasave V 7.22.2
* Temperature SN = 5081
* Conductivity SN = 3561
* Number of Bytes Per Scan = 37
* Number of Voltage Words = 4
* Number of Scans Averaged by the Deck Unit = 1
* NMEA Latitude = 47 00.01 N
* NMEA Longitude = 047 29.87 W
* NMEA UTC (Time) = Jul 01 2013 18:20:11
* NMEA baud rate = 9600
** Ship: Hudson
** Cruise: HUD2013021
** Chief_Scientist: Greenan
** Organization: BIO
** Area_of_Operation: Sackville Spur
** Station: 9
** Sounding:  220
** Event_Comments: FC14
# nquan = 25
# nvalues = 209                         
# units = specified
# name 0 = scan: Scan Count
# name 1 = timeS: Time, Elapsed [seconds]
# name 2 = prDM: Pressure, Digiquartz [db]
# name 3 = t068C: Temperature [ITS-68, deg C]
# name 4 = c0S/m: Conductivity [S/m]
# name 5 = t168C: Temperature, 2 [ITS-68, deg C]
# name 6 = c1S/m: Conductivity, 2 [S/m]
# name 7 = altM: Altimeter [m]
# name 8 = flCUVA: Fluorescence, Chelsea UV Aquatracka [ug/l]
# name 9 = sbeox0V: Oxygen raw, SBE 43 [V]
# name 10 = sbeox1V: Oxygen raw, SBE 43, 2 [V]
# name 11 = upoly0: Upoly 0, Optode 4330F - O2 D-Phase
# name 12 = upoly1: Upoly 1, Optode 4330F - O2 Temp
# name 13 = latitude: Latitude [deg]
# name 14 = longitude: Longitude [deg]
# name 15 = sal00: Salinity, Practical [PSU]
# name 16 = sal11: Salinity, Practical, 2 [PSU]
# name 17 = potemp068C: Potential Temperature [ITS-68, deg C]
# name 18 = potemp168C: Potential Temperature, 2 [ITS-68, deg C]
# name 19 = sigma-é00: Density [sigma-theta, Kg/m^3]
# name 20 = sigma-é11: Density, 2 [sigma-theta, Kg/m^3]
# name 21 = sbeox0ML/L: Oxygen, SBE 43 [ml/l], WS = 2
# name 22 = sbeox1ML/L: Oxygen, SBE 43, 2 [ml/l], WS = 2
# name 23 = nbin: number of scans per bin
# name 24 = flag: flag
# span 0 =       8963,      16198       
# span 1 =    373.426,    674.876       
# span 2 =      1.000,    209.000       
# span 3 =    -0.8232,     6.5557       
# span 4 =   2.689980,   3.246201       
# span 5 =    -0.8412,     6.5553       
# span 6 =   2.683411,   3.247253       
# span 7 =       2.79,      98.14       
# span 8 =     0.0157,     0.2378       
# span 9 =     2.5764,     3.4240       
# span 10 =     2.3021,     3.0052      
# span 11 =  1.7127090,  2.1499442      
# span 12 =  0.5287369,  1.4499660      
# span 13 =   47.00026,   47.00050      
# span 14 =  -47.49630,  -47.49566      
# span 15 =    32.3127,    33.8823      
# span 16 =    32.3346,    33.9547      
# span 17 =    -0.8252,     6.5553      
# span 18 =    -0.8431,     6.5551      
# span 19 =    25.3606,    27.1140      
# span 20 =    25.3779,    27.1639      
# span 21 =    5.76740,    8.29823      
# span 22 =    5.90021,    7.97814      
# span 23 =         16,         90      
# span 24 = 0.0000e+00, 0.0000e+00      
# interval = decibars: 1                
# start_time = Jul 01 2013 18:20:11 [NMEA time, header]
# bad_flag = -9.990e-29
*END*
[from data line 116]
      13878    578.206    117.000    -0.2137   2.759261    -0.0922   2.774019      57.95     0.0251     3.2894     2.7444  1.9391593  0.6066250   47.00042  -47.49584    33.2483    33.3116    -0.2174    -0.0961    26.7024    26.7479    8.27632    7.62956         24 0.0000e+00
      13905    579.336    118.000    -0.1907   2.761724    -0.1145   2.772910      95.96     0.0233     3.2905     2.7432  1.9391526  0.6073164   47.00042  -47.49584    33.2554    33.3206    -0.1944    -0.1183    26.7070    26.7562    8.25678    7.63434         30 0.0000e+00
      13936    580.620    119.000    -0.1773   2.763149    -0.1477   2.770670      96.19     0.0220     3.2906     2.7406  1.9389474  0.6080678   47.00040  -47.49584    33.2591    33.3266    -0.1811    -0.1516    26.7095    26.7626    8.24497    7.59892         30 0.0000e+00
      13963    581.756    120.000    -0.1648   2.764602    -0.1434   2.771592      95.51     0.0237     3.2898     2.7350  1.9413983  0.6070168   47.00040  -47.49584    33.2642    33.3331    -0.1687    -0.1473    26.7130    26.7677    8.22792    7.53950         24 0.0000e+00
      13985    582.663    121.000    -0.1498   2.766267    -0.1286   2.773375      94.63     0.0217     3.2888     2.7290  1.9430718  0.6063169   47.00040  -47.49584    33.2693    33.3404    -0.1537    -0.1326    26.7164    26.7729    8.21362    7.49691         21 0.0000e+00
      14005    583.489    122.000    -0.1349   2.767941    -0.1122   2.775090      93.89     0.0257     3.2872     2.7227  1.9429362  0.6060065   47.00040  -47.49584    33.2747    33.3446    -0.1389    -0.1162    26.7201    26.7755    8.20191    7.46281         19 0.0000e+00
      14025    584.341    123.000    -0.1228   2.769444    -0.0715   2.779277      54.73     0.0295     3.2858     2.7158  1.9420714  0.6044203   47.00040  -47.49584    33.2808    33.3550    -0.1268    -0.0756    26.7244    26.7819    8.19675    7.42762         22 0.0000e+00
      14050    585.355    124.000    -0.1165   2.770627    -0.0088   2.785929      40.53     0.0253     3.2837     2.7079  1.9422030  0.6051934   47.00040  -47.49584    33.2890    33.3740    -0.1206    -0.0130    26.7308    26.7942    8.18276    7.40030         27 0.0000e+00
      14080    586.622    125.000    -0.1229   2.770452     0.0501   2.793530      90.77     0.0190     3.2806     2.6998  1.9426961  0.6080988   47.00038  -47.49584    33.2931    33.4095    -0.1270     0.0458    26.7344    26.8201    8.16591    7.38621         32 0.0000e+00
      14108    587.812    126.000    -0.1218   2.770774     0.0529   2.794250      89.54     0.0198     3.2770     2.6941  1.9419661  0.6141672   47.00038  -47.49583    33.2956    33.4154    -0.1259     0.0486    26.7363    26.8246    8.14292    7.39499         25 0.0000e+00
      14130    588.717    127.000    -0.1228   2.771077     0.0551   2.794652      88.69     0.0202     3.2725     2.6915  1.9422299  0.6181884   47.00038  -47.49582    33.3000    33.4177    -0.1269     0.0507    26.7400    26.8264    8.13336    7.39610         19 0.0000e+00
      14148    589.464    128.000    -0.1268   2.771358     0.0600   2.795329      87.88     0.0228     3.2714     2.6888  1.9427609  0.6191998   47.00038  -47.49582    33.3076    33.4206    -0.1310     0.0556    26.7463    26.8285    8.15367    7.38317         17 0.0000e+00
      14166    590.189    129.000    -0.1256   2.771979     0.0633   2.795744      86.96     0.0278     3.2698     2.6866  1.9438366  0.6239431   47.00038  -47.49582    33.3139    33.4219    -0.1298     0.0588    26.7513    26.8294    8.14207    7.38340         18 0.0000e+00
      14185    591.017    130.000    -0.1135   2.773667     0.0639   2.795838      86.11     0.0327     3.2673     2.6847  1.9438339  0.6239316   47.00038  -47.49582    33.3225    33.4219    -0.1178     0.0594    26.7577    26.8294    8.11508    7.41162         23 0.0000e+00
      14213    592.177    131.000    -0.0793   2.777997     0.0649   2.795954      84.69     0.0289     3.2619     2.6862  1.9478526  0.6266451   47.00038  -47.49582    33.3419    33.4218    -0.0837     0.0603    26.7718    26.8292    8.05740    7.46014         34 0.0000e+00
      14252    593.774    132.000    -0.0723   2.778696     0.0688   2.796407      75.07     0.0269     3.2508     2.6895  1.9515605  0.6274280   47.00038  -47.49582    33.3429    33.4229    -0.0767     0.0642    26.7723    26.8299    7.98709    7.46420         36 0.0000e+00
      14280    594.968    133.000    -0.0526   2.781399     0.0885   2.798725      68.80     0.0233     3.2403     2.6907  1.9543866  0.6275997   47.00038  -47.49582    33.3566    33.4314    -0.0570     0.0838    26.7823    26.8358    7.95563    7.44657         24 0.0000e+00
      14301    595.824    134.000    -0.0160   2.785967     0.1186   2.803070      81.46     0.0237     3.2346     2.6908  1.9563437  0.6283576   47.00038  -47.49582    33.3764    33.4552    -0.0205     0.1138    26.7966    26.8535    7.94141    7.42913         19 0.0000e+00
      14320    596.605    135.000     0.0097   2.788898     0.1506   2.807547      80.88     0.0237     3.2286     2.6900  1.9572654  0.6286802   47.00038  -47.49582    33.3865    33.4786     0.0051     0.1458    26.8035    26.8707    7.92215    7.40961         18 0.0000e+00
      14339    597.410    136.000     0.0261   2.790876     0.1916   2.812254      80.16     0.0250     3.2243     2.6893  1.9574513  0.6293153   47.00038  -47.49582    33.3941    33.4952     0.0215     0.1867    26.8088    26.8820    7.93266    7.39273         20 0.0000e+00
      14359    598.257    137.000     0.0360   2.792099     0.2914   2.822275      78.99     0.0251     3.2212     2.6879  1.9584945  0.6337359   47.00036  -47.49580    33.3989    33.5199     0.0313     0.2864    26.8122    26.8967    7.95115    7.36275         21 0.0000e+00
      14379    599.103    138.000     0.0420   2.792771     0.3619   2.829613      77.95     0.0257     3.2191     2.6867  1.9584860  0.6336997   47.00036  -47.49580    33.4007    33.5360     0.0372     0.3568    26.8133    26.9059    7.95223    7.34868         20 0.0000e+00
      14399    599.931    139.000     0.0471   2.793355     0.3856   2.832237      77.07     0.0206     3.2178     2.6858  1.9566078  0.6418788   47.00036  -47.49580    33.4022    33.5439     0.0423     0.3804    26.8143    26.9110    7.96393    7.33539         20 0.0000e+00
      14423    600.936    140.000     0.0567   2.794553     0.3944   2.833467      75.93     0.0163     3.2162     2.6835  1.9560665  0.6445760   47.00036  -47.49580    33.4069    33.5498     0.0519     0.3891    26.8176    26.9153    7.94941    7.31152         30 0.0000e+00
      14462    602.553    141.000     0.0690   2.796032     0.3947   2.833684      74.55     0.0166     3.2151     2.6775  1.9573189  0.6586564   47.00036  -47.49580    33.4125    33.5517     0.0641     0.3894    26.8215    26.9168    7.96871    7.25375         44 0.0000e+00
      14498    604.026    142.000     0.0907   2.799309     0.4060   2.835054      73.71     0.0193     3.2146     2.6690  1.9591553  0.6612779   47.00036  -47.49580    33.4313    33.5568     0.0858     0.4006    26.8356    26.9203    7.94629    7.23258         25 0.0000e+00
      14517    604.836    143.000     0.1242   2.803842     0.4090   2.836131      72.78     0.0183     3.2135     2.6668  1.9597092  0.6617849   47.00036  -47.49580    33.4539    33.5670     0.1192     0.4036    26.8522    26.9283    7.94065    7.26056         17 0.0000e+00
      14533    605.513    144.000     0.1627   2.808104     0.4258   2.838736      72.13     0.0166     3.2138     2.6656  1.9597069  0.6621596   47.00036  -47.49580    33.4674    33.5821     0.1576     0.4204    26.8611    26.9396    7.93162    7.23578         16 0.0000e+00
      14549    606.182    145.000     0.2065   2.812910     0.4440   2.840816      71.24     0.0157     3.2126     2.6626  1.9598582  0.6642069   47.00036  -47.49580    33.4822    33.5889     0.2013     0.4384    26.8708    26.9440    7.92047    7.16143         16 0.0000e+00
      14568    606.944    146.000     0.2546   2.818190     0.4895   2.845471      70.18     0.0191     3.2126     2.6547  1.9597669  0.6642247   47.00036  -47.49578    33.4986    33.5995     0.2493     0.4838    26.8815    26.9501    7.90878    7.03141         21 0.0000e+00
      14591    607.907    147.000     0.2992   2.823002     0.5241   2.849464      69.15     0.0190     3.2113     2.6377  1.9597542  0.6684577   47.00036  -47.49578    33.5125    33.6133     0.2938     0.5183    26.8903    26.9592    7.87716    6.85726         26 0.0000e+00
      14620    609.136    148.000     0.3131   2.824471     0.5494   2.852224      67.89     0.0203     3.2082     2.6084  1.9598655  0.6710615   47.00034  -47.49578    33.5160    33.6211     0.3076     0.5436    26.8925    26.9641    7.84203    6.69408         31 0.0000e+00
      14650    610.379    149.000     0.3151   2.824558     0.5636   2.853777      66.82     0.0205     3.2029     2.5787  1.9634408  0.6790351   47.00034  -47.49578    33.5144    33.6260     0.3096     0.5577    26.8910    26.9672    7.80764    6.63954         28 0.0000e+00
      14675    611.402    150.000     0.3336   2.826802     0.6782   2.865226      65.86     0.0239     3.1981     2.5590  1.9636492  0.6793233   47.00034  -47.49578    33.5230    33.6488     0.3280     0.6721    26.8970    26.9789    7.79139    6.61314         22 0.0000e+00
      14696    612.300    151.000     0.3594   2.830096     0.8014   2.877175      64.89     0.0262     3.1939     2.5442  1.9654806  0.6825707   47.00034  -47.49578    33.5375    33.6691     0.3537     0.7952    26.9072    26.9880    7.76798    6.57444         21 0.0000e+00
      14718    613.228    152.000     0.3833   2.833183     0.8969   2.886606      63.89     0.0304     3.1895     2.5310  1.9651508  0.6826922   47.00034  -47.49578    33.5512    33.6868     0.3775     0.8904    26.9170    26.9964    7.74437    6.55759         24 0.0000e+00
      14744    614.272    153.000     0.4084   2.836224     1.0014   2.897734      62.61     0.0315     3.1829     2.5197  1.9633687  0.6972024   47.00034  -47.49578    33.5630    33.7162     0.4026     0.9948    26.9251    27.0135    7.67969    6.52796         26 0.0000e+00
      14768    615.288    154.000     0.4334   2.839052     1.0403   2.902120      61.82     0.0339     3.1728     2.5088  1.9635392  0.6974739   47.00034  -47.49578    33.5721    33.7299     0.4275     1.0336    26.9311    27.0220    7.57289    6.48085         22 0.0000e+00
      14789    616.184    155.000     0.4587   2.841824     1.0549   2.903808      59.87     0.0333     3.1590     2.4988  1.9708352  0.7207771   47.00034  -47.49578    33.5802    33.7352     0.4528     1.0482    26.9362    27.0253    7.45766    6.46354         21 0.0000e+00
      14810    617.056    156.000     0.4853   2.844707     1.0819   2.906907      58.38     0.0322     3.1413     2.4902  1.9706960  0.7203903   47.00034  -47.49578    33.5883    33.7452     0.4792     1.0750    26.9413    27.0317    7.33619    6.43903         22 0.0000e+00
      14833    618.007    157.000     0.5211   2.848585     1.1048   2.909480      57.28     0.0321     3.1187     2.4821  1.9790151  0.7312157   47.00034  -47.49578    33.5992    33.7529     0.5150     1.0978    26.9481    27.0363    7.21322    6.42269         24 0.0000e+00
      14858    619.053    158.000     0.5736   2.854064     1.1268   2.911995      56.23     0.0371     3.0912     2.4737  1.9814178  0.7340968   47.00034  -47.49577    33.6129    33.7607     0.5673     1.1198    26.9561    27.0412    7.11756    6.39574         25 0.0000e+00
      14882    620.052    159.000     0.6431   2.861237     1.1429   2.913826      55.34     0.0387     3.0664     2.4657  1.9923630  0.7405245   47.00034  -47.49576    33.6299    33.7662     0.6367     1.1358    26.9658    27.0446    7.05016    6.36257         23 0.0000e+00
      14905    620.985    160.000     0.7217   2.869439     1.1726   2.917157      54.55     0.0373     3.0452     2.4579  1.9944967  0.7414507   47.00034  -47.49576    33.6503    33.7761     0.7152     1.1654    26.9776    27.0506    7.00064    6.33175         23 0.0000e+00
      14929    622.000    161.000     0.8028   2.877824     1.1859   2.918654      53.78     0.0339     3.0240     2.4498  2.0025592  0.7464462   47.00034  -47.49576    33.6702    33.7803     0.7961     1.1786    26.9888    27.0531    6.93954    6.31610         26 0.0000e+00
      14957    623.182    162.000     0.8756   2.885319     1.2032   2.920625      52.51     0.0312     3.0003     2.4413  2.0054245  0.7484565   47.00034  -47.49576    33.6874    33.7863     0.8688     1.1959    26.9982    27.0568    6.86437    6.26889         29 0.0000e+00
      14984    624.310    163.000     0.9297   2.891068     1.2295   2.923582      51.56     0.0371     2.9784     2.4297  2.0162969  0.7547964   47.00032  -47.49576    33.7024    33.7950     0.9227     1.2221    27.0069    27.0620    6.80577    6.18173         24 0.0000e+00
      15006    625.218    164.000     0.9699   2.895358     1.2406   2.924900      50.75     0.0357     2.9631     2.4185  2.0158713  0.7545788   47.00032  -47.49576    33.7135    33.7992     0.9628     1.2332    27.0133    27.0647    6.78235    6.13878         20 0.0000e+00
      15025    626.019    165.000     1.0054   2.899122     1.2494   2.925948      49.88     0.0335     2.9499     2.4094  2.0233059  0.7587827   47.00032  -47.49576    33.7228    33.8026     0.9983     1.2418    27.0186    27.0669    6.74097    6.12551         20 0.0000e+00
      15045    626.851    166.000     1.0443   2.903260     1.2524   2.926333      49.01     0.0302     2.9373     2.4009  2.0243897  0.7594442   47.00032  -47.49576    33.7333    33.8037     1.0371     1.2448    27.0245    27.0675    6.70907    6.11423         21 0.0000e+00
      15068    627.811    167.000     1.0829   2.907464     1.2561   2.926792      47.97     0.0296     2.9229     2.3922  2.0318635  0.7638047   47.00032  -47.49576    33.7449    33.8050     1.0756     1.2485    27.0313    27.0683    6.65359    6.10174         25 0.0000e+00
      15094    628.874    168.000     1.0995   2.909262     1.2685   2.928287      46.85     0.0374     2.9062     2.3842  2.0366266  0.7667377   47.00033  -47.49576    33.7495    33.8101     1.0921     1.2608    27.0340    27.0716    6.59615    6.10472         25 0.0000e+00
      15119    629.916    169.000     1.1105   2.910566     1.2860   2.930367      45.80     0.0426     2.8900     2.3786  2.0439427  0.7684493   47.00034  -47.49576    33.7537    33.8172     1.1030     1.2782    27.0367    27.0761    6.55473    6.12291         24 0.0000e+00
      15142    630.886    170.000     1.1278   2.912504     1.2897   2.930834      44.82     0.0423     2.8757     2.3766  2.0470710  0.7692398   47.00034  -47.49576    33.7592    33.8185     1.1203     1.2819    27.0400    27.0769    6.51001    6.14712         23 0.0000e+00
      15165    631.843    171.000     1.1505   2.914987     1.2927   2.931211      43.86     0.0412     2.8605     2.3753  2.0536463  0.7718455   47.00034  -47.49575    33.7659    33.8195     1.1429     1.2848    27.0439    27.0775    6.43503    6.15297         24 0.0000e+00
      15191    632.903    172.000     1.1750   2.917667     1.3093   2.933133      43.01     0.0407     2.8421     2.3746  2.0573392  0.7736392   47.00034  -47.49574    33.7731    33.8256     1.1673     1.3013    27.0481    27.0813    6.36090    6.14013         27 0.0000e+00
      15217    634.003    173.000     1.1916   2.919510     1.3312   2.935668      41.81     0.0421     2.8210     2.3716  2.0659730  0.7748536   47.00034  -47.49574    33.7782    33.8336     1.1838     1.3232    27.0511    27.0862    6.28234    6.08016         24 0.0000e+00
