data/CTD/2013/CNV/D021A014.CNV
* Sea-Bird SBE 9 Data File:
* FileName = C:\CTD_ACQUISITION\2013021HUD\ctddata\021A014.hdr
* Software Version Seasave V 7.22.2
* Temperature SN = 5081
* Conductivity SN = 3561
* Number of Bytes Per Scan = 37
* Number of Voltage Words = 4
* Number of Scans Averaged by the Deck Unit = 1
* NMEA Latitude = 46 59.97 N
* NMEA Longitude = 047 04.95 W
* NMEA UTC (Time) = Jul 01 2013 22:38:05
* NMEA baud rate = 9600
** Ship: Hudson
** Cruise: HUD2013021
** Chief_Scientist: Greenan
** Organization: BIO
** Area_of_Operation: Sackville Spur
** Station: 14
** Sounding:  1105
** Event_Comments: FC16.5  393115
# nquan = 25
# nvalues = 1090                        
# units = specified
# name 0 = scan: Scan Count
# name 1 = timeS: Time, Elapsed [seconds]
# name 2 = prDM: Pressure, Digiquartz [db]
# name 3 = t068C: Temperature [ITS-68, deg C]
# name 4 = c0S/m: Conductivity [S/m]
# name 5 = t168C: Temperature, 2 [ITS-68, deg C]
# name 6 = c1S/m: Conductivity, 2 [S/m]
# name 7 = altM: Altimeter [m]
# name 8 = flCUVA: Fluorescence, Chelsea UV Aquatracka [ug/l]
# name 9 = sbeox0V: Oxygen raw, SBE 43 [V]
# name 10 = sbeox1V: Oxygen raw, SBE 43, 2 [V]
# name 11 = upoly0: Upoly 0, Optode 4330F - O2 D-Phase
# name 12 = upoly1: Upoly 1, Optode 4330F - O2 Temp
# name 13 = latitude: Latitude [deg]
# name 14 = longitude: Longitude [deg]
# name 15 = sal00: Salinity, Practical [PSU]
# name 16 = sal11: Salinity, Practical, 2 [PSU]
# name 17 = potemp068C: Potential Temperature [ITS-68, deg C]
# name 18 = potemp168C: Potential Temperature, 2 [ITS-68, deg C]
# name 19 = sigma-é00: Density [sigma-theta, Kg/m^3]
# name 20 = sigma-é11: Density, 2 [sigma-theta, Kg/m^3]
# name 21 = sbeox0ML/L: Oxygen, SBE 43 [ml/l], WS = 2
# name 22 = sbeox1ML/L: Oxygen, SBE 43, 2 [ml/l], WS = 2
# name 23 = nbin: number of scans per bin
# name 24 = flag: flag
# span 0 =       9652,      39005       
# span 1 =    402.116,   1625.163       
# span 2 =      1.000,   1090.000       
# span 3 =    -0.0285,     6.7191       
# span 4 =   2.774192,   3.286011       
# span 5 =    -0.0287,     6.7193       
# span 6 =   2.775429,   3.287277       
# span 7 =       1.90,      99.91       
# span 8 =     0.0057,     0.2066       
# span 9 =     2.5374,     3.3730       
# span 10 =     2.2844,     3.0116      
# span 11 =  1.7143066,  2.0292985      
# span 12 =  0.6337256,  1.4676158      
# span 13 =   46.99906,   46.99954      
# span 14 =  -47.08382,  -47.08291      
# span 15 =    32.4931,    34.9082      
# span 16 =    32.5078,    34.9239      
# span 17 =    -0.0306,     6.7184      
# span 18 =    -0.0309,     6.7185      
# span 19 =    25.4817,    27.7447      
# span 20 =    25.4933,    27.7573      
# span 21 =    5.91049,    7.88780      
# span 22 =    6.13137,    8.01617      
# span 23 =          4,        103      
# span 24 = 0.0000e+00, 0.0000e+00      
# interval = decibars: 1                
# start_time = Jul 01 2013 22:38:05 [NMEA time, header]
# bad_flag = -9.990e-29
*END*
[from data line 290]
      19237    801.490    291.000     3.1747   3.162646     3.1722   3.163624      96.94     0.0179     2.8716     2.5854  1.9548229  1.0134078   46.99930  -47.08318    34.6083    34.6228     3.1561     3.1537    27.5580    27.5698    6.38555    6.57951         33 0.0000e+00
      19269    802.817    292.000     3.1973   3.165174     3.1964   3.166322      43.48     0.0152     2.8701     2.5852  1.9541001  1.0141087   46.99930  -47.08319    34.6143    34.6292     3.1786     3.1777    27.5607    27.5727    6.36827    6.57945         28 0.0000e+00
      19293    803.846    293.000     3.2060   3.166240     3.2057   3.167450      89.82     0.0194     2.8694     2.5850  1.9535958  1.0146587   46.99930  -47.08319    34.6173    34.6323     3.1873     3.1876    27.5623    27.5743    6.37394    6.57315         23 0.0000e+00
      19314    804.714    294.000     3.2082   3.166574     3.2077   3.167783      88.22     0.0241     2.8690     2.5847  1.9536020  1.0158815   46.99930  -47.08318    34.6185    34.6337     3.1894     3.1888    27.5630    27.5752    6.37119    6.56914         19 0.0000e+00
      19333    805.519    295.000     3.2142   3.167278     3.2132   3.168430      76.20     0.0204     2.8685     2.5837  1.9536020  1.0181769   46.99930  -47.08318    34.6200    34.6351     3.1953     3.1943    27.5637    27.5758    6.37198    6.56615         19 0.0000e+00
      19352    806.312    296.000     3.2277   3.168798     3.2263   3.169904      96.90     0.0174     2.8680     2.5837  1.9534800  1.0176439   46.99930  -47.08318    34.6235    34.6384     3.2086     3.2073    27.5652    27.5772    6.37240    6.57299         20 0.0000e+00
      19373    807.160    297.000     3.2386   3.170071     3.2379   3.171245      96.47     0.0175     2.8680     2.5837  1.9512334  1.0206585   46.99930  -47.08318    34.6268    34.6417     3.2195     3.2188    27.5668    27.5788    6.37217    6.57445         22 0.0000e+00
      19397    808.175    298.000     3.2443   3.170769     3.2438   3.171980      62.05     0.0202     2.8681     2.5843  1.9511600  1.0209322   46.99930  -47.08318    34.6286    34.6437     3.2251     3.2246    27.5677    27.5799    6.37234    6.57830         27 0.0000e+00
      19426    809.374    299.000     3.2458   3.171013     3.2462   3.172314      73.98     0.0188     2.8680     2.5841  1.9511600  1.0231965   46.99930  -47.08318    34.6293    34.6447     3.2265     3.2269    27.5682    27.5804    6.37368    6.56369         29 0.0000e+00
      19455    810.565    300.000     3.2511   3.171670     3.2508   3.172887      97.10     0.0190     2.8676     2.5827  1.9511600  1.0240731   46.99930  -47.08318    34.6311    34.6462     3.2317     3.2314    27.5691    27.5812    6.36752    6.55664         28 0.0000e+00
      19483    811.731    301.000     3.2612   3.172858     3.2593   3.173908      97.20     0.0168     2.8669     2.5821  1.9511600  1.0256432   46.99930  -47.08318    34.6342    34.6489     3.2417     3.2399    27.5706    27.5825    6.36169    6.55993         28 0.0000e+00
      19511    812.911    302.000     3.2767   3.174703     3.2751   3.175758      79.00     0.0149     2.8665     2.5812  1.9501120  1.0266891   46.99930  -47.08318    34.6394    34.6540     3.2572     3.2555    27.5733    27.5851    6.35731    6.54817         29 0.0000e+00
      19538    814.050    303.000     3.2924   3.176582     3.2917   3.177749      88.80     0.0163     2.8655     2.5802  1.9498392  1.0272076   46.99930  -47.08318    34.6448    34.6597     3.2727     3.2720    27.5762    27.5881    6.35120    6.54907         25 0.0000e+00
      19561    814.980    304.000     3.2998   3.177491     3.2993   3.178690      76.67     0.0196     2.8643     2.5797  1.9499413  1.0286967   46.99930  -47.08318    34.6474    34.6624     3.2800     3.2795    27.5775    27.5896    6.34886    6.54666         19 0.0000e+00
      19579    815.729    305.000     3.3086   3.178554     3.3079   3.179728      86.64     0.0216     2.8643     2.5795  1.9499389  1.0291743   46.99930  -47.08318    34.6503    34.6652     3.2887     3.2880    27.5790    27.5910    6.34459    6.54568         17 0.0000e+00
      19595    816.396    306.000     3.3154   3.179353     3.3149   3.180551      97.16     0.0194     2.8631     2.5791  1.9500152  1.0290751   46.99930  -47.08318    34.6521    34.6671     3.2955     3.2950    27.5798    27.5918    6.34443    6.54670         16 0.0000e+00
      19610    817.033    307.000     3.3200   3.179905     3.3197   3.181124      97.17     0.0153     2.8633     2.5791  1.9511453  1.0322745   46.99930  -47.08318    34.6533    34.6684     3.3000     3.2997    27.5803    27.5924    6.35305    6.54141         15 0.0000e+00
      19626    817.689    308.000     3.3215   3.180104     3.3215   3.181361      91.43     0.0153     2.8633     2.5782  1.9511600  1.0322802   46.99930  -47.08318    34.6536    34.6688     3.3014     3.3014    27.5804    27.5925    6.35047    6.53518         16 0.0000e+00
      19644    818.449    309.000     3.3286   3.180894     3.3282   3.182100      74.36     0.0156     2.8630     2.5775  1.9507003  1.0327291   46.99930  -47.08318    34.6550    34.6700     3.3085     3.3080    27.5808    27.5929    6.34926    6.53300         21 0.0000e+00
      19677    819.816    310.000     3.3352   3.181597     3.3355   3.182886      88.92     0.0163     2.8624     2.5760  1.9495800  1.0347446   46.99930  -47.08318    34.6559    34.6711     3.3150     3.3153    27.5810    27.5931    6.34331    6.52935         52 0.0000e+00
      19738    822.357    311.000     3.3386   3.181967     3.3385   3.183228      76.61     0.0149     2.8604     2.5739  1.9511522  1.0374200   46.99930  -47.08320    34.6562    34.6715     3.3183     3.3182    27.5809    27.5931    6.33332    6.51980         47 0.0000e+00
      19764    823.474    312.000     3.3429   3.182460     3.3426   3.183698      97.15     0.0168     2.8594     2.5728  1.9497515  1.0370364   46.99930  -47.08318    34.6571    34.6724     3.3225     3.3221    27.5812    27.5934    6.33173    6.51562         21 0.0000e+00
      19782    824.217    313.000     3.3439   3.182624     3.3438   3.183881      60.04     0.0164     2.8589     2.5713  1.9497763  1.0370370   46.99932  -47.08318    34.6574    34.6727     3.3234     3.3233    27.5813    27.5936    6.32915    6.50957         15 0.0000e+00
      19797    824.832    314.000     3.3461   3.182912     3.3457   3.184129      95.11     0.0125     2.8583     2.5709  1.9494038  1.0374274   46.99932  -47.08318    34.6580    34.6731     3.3256     3.3251    27.5816    27.5937    6.32243    6.51388         14 0.0000e+00
      19811    825.396    315.000     3.3562   3.184005     3.3549   3.185139      97.13     0.0123     2.8571     2.5703  1.9495902  1.0378515   46.99932  -47.08318    34.6599    34.6750     3.3355     3.3342    27.5822    27.5943    6.31541    6.51167         14 0.0000e+00
      19824    825.966    316.000     3.3683   3.185339     3.3669   3.186459      97.24     0.0143     2.8563     2.5702  1.9495049  1.0378511   46.99932  -47.08318    34.6626    34.6775     3.3475     3.3462    27.5832    27.5952    6.31093    6.50427         14 0.0000e+00
      19840    826.623    317.000     3.3787   3.186474     3.3781   3.187669      91.93     0.0153     2.8548     2.5687  1.9490726  1.0383095   46.99932  -47.08318    34.6646    34.6797     3.3578     3.3572    27.5838    27.5959    6.30431    6.49984         18 0.0000e+00
      19870    827.890    318.000     3.3870   3.187396     3.3857   3.188520      86.17     0.0163     2.8532     2.5682  1.9487097  1.0393422   46.99932  -47.08318    34.6664    34.6813     3.3660     3.3647    27.5844    27.5964    6.31015    6.50845         45 0.0000e+00
      19910    829.554    319.000     3.4124   3.190095     3.4093   3.191016      92.53     0.0155     2.8527     2.5675  1.9487193  1.0428983   46.99932  -47.08318    34.6713    34.6856     3.3913     3.3882    27.5859    27.5976    6.31774    6.50500         28 0.0000e+00
      19932    830.470    320.000     3.4253   3.191473     3.4246   3.192656      72.16     0.0145     2.8529     2.5676  1.9489779  1.0429301   46.99932  -47.08318    34.6736    34.6886     3.4041     3.4034    27.5865    27.5985    6.30628    6.50663         19 0.0000e+00
      19951    831.248    321.000     3.4427   3.193355     3.4401   3.194347      97.17     0.0167     2.8519     2.5674  1.9499359  1.0439529   46.99932  -47.08318    34.6776    34.6918     3.4214     3.4188    27.5880    27.5996    6.28988    6.49313         19 0.0000e+00
      19971    832.097    322.000     3.4526   3.194444     3.4521   3.195643      64.64     0.0157     2.8499     2.5663  1.9499389  1.0439560   46.99932  -47.08318    34.6792    34.6941     3.4312     3.4307    27.5883    27.6002    6.28105    6.48042         23 0.0000e+00
      20000    833.273    323.000     3.4605   3.195326     3.4594   3.196459      97.37     0.0205     2.8483     2.5644  1.9488300  1.0483917   46.99932  -47.08318    34.6809    34.6957     3.4390     3.4379    27.5889    27.6008    6.28070    6.47123         32 0.0000e+00
      20030    834.530    324.000     3.4858   3.198111     3.4836   3.199120      91.93     0.0202     2.8463     2.5621  1.9491783  1.0497775   46.99932  -47.08318    34.6868    34.7013     3.4642     3.4620    27.5912    27.6030    6.27914    6.45818         27 0.0000e+00
      20054    835.554    325.000     3.5034   3.200060     3.5018   3.201133      76.05     0.0137     2.8466     2.5606  1.9502168  1.0517304   46.99932  -47.08318    34.6910    34.7056     3.4817     3.4800    27.5928    27.6046    6.27931    6.46580         23 0.0000e+00
      20076    836.455    326.000     3.5354   3.203594     3.5332   3.204581      96.87     0.0128     2.8454     2.5605  1.9499978  1.0520366   46.99932  -47.08318    34.6989    34.7131     3.5135     3.5112    27.5960    27.6075    6.26910    6.46683         21 0.0000e+00
      20098    837.356    327.000     3.5455   3.204727     3.5455   3.205957      68.59     0.0143     2.8445     2.5603  1.9499388  1.0549525   46.99932  -47.08318    34.7011    34.7160     3.5235     3.5235    27.5968    27.6086    6.26027    6.46760         22 0.0000e+00
      20120    838.312    328.000     3.5486   3.205108     3.5483   3.206322      97.25     0.0145     2.8435     2.5604  1.9501424  1.0555047   46.99932  -47.08318    34.7019    34.7169     3.5266     3.5262    27.5971    27.6090    6.26617    6.46702         24 0.0000e+00
      20144    839.284    329.000     3.5501   3.205308     3.5498   3.206531      97.25     0.0133     2.8434     2.5601  1.9518368  1.0603752   46.99932  -47.08320    34.7022    34.7172     3.5280     3.5276    27.5972    27.6092    6.27326    6.46832         23 0.0000e+00
      20169    840.313    330.000     3.5512   3.205455     3.5509   3.206693      72.76     0.0170     2.8435     2.5603  1.9514886  1.0606275   46.99932  -47.08320    34.7022    34.7174     3.5290     3.5287    27.5971    27.6092    6.27231    6.47149         26 0.0000e+00
      20194    841.385    331.000     3.5538   3.205777     3.5534   3.207011      97.49     0.0202     2.8435     2.5605  1.9511569  1.0622869   46.99934  -47.08318    34.7028    34.7180     3.5315     3.5311    27.5974    27.6095    6.27817    6.47031         25 0.0000e+00
      20218    842.393    332.000     3.5581   3.206278     3.5578   3.207509      97.15     0.0206     2.8439     2.5606  1.9514841  1.0624332   46.99932  -47.08318    34.7037    34.7188     3.5357     3.5354    27.5977    27.6097    6.27721    6.47537         23 0.0000e+00
      20241    843.347    333.000     3.5652   3.207187     3.5648   3.208373      97.15     0.0176     2.8440     2.5609  1.9532009  1.0635068   46.99934  -47.08318    34.7062    34.7212     3.5428     3.5423    27.5989    27.6109    6.27581    6.47506         23 0.0000e+00
      20264    844.297    334.000     3.5722   3.208072     3.5721   3.209327      97.25     0.0155     2.8442     2.5612  1.9530705  1.0635455   46.99934  -47.08318    34.7093    34.7243     3.5497     3.5495    27.6007    27.6127    6.27137    6.47143         23 0.0000e+00
      20287    845.245    335.000     3.5727   3.208176     3.5725   3.209425      68.48     0.0155     2.8433     2.5610  1.9514867  1.0648127   46.99932  -47.08318    34.7093    34.7245     3.5501     3.5499    27.6007    27.6128    6.26210    6.46633         23 0.0000e+00
      20310    846.206    336.000     3.5765   3.208668     3.5761   3.209883      95.62     0.0144     2.8423     2.5604  1.9514256  1.0648193   46.99932  -47.08320    34.7106    34.7256     3.5538     3.5534    27.6014    27.6134    6.25399    6.45955         23 0.0000e+00
      20333    847.177    337.000     3.5859   3.209774     3.5858   3.211005      96.13     0.0153     2.8408     2.5595  1.9535713  1.0668579   46.99932  -47.08320    34.7133    34.7283     3.5631     3.5630    27.6026    27.6145    6.24486    6.45247         23 0.0000e+00
      20357    848.178    338.000     3.6020   3.211605     3.6009   3.212739      71.22     0.0163     2.8392     2.5583  1.9535550  1.0668730   46.99934  -47.08318    34.7177    34.7324     3.5791     3.5780    27.6045    27.6163    6.24864    6.44607         26 0.0000e+00
      20384    849.306    339.000     3.6225   3.213862     3.6215   3.214997      95.53     0.0163     2.8386     2.5570  1.9523877  1.0679338   46.99934  -47.08318    34.7223    34.7371     3.5995     3.5984    27.6062    27.6180    6.24549    6.44003         28 0.0000e+00
      20412    850.445    340.000     3.6445   3.216325     3.6429   3.217400      53.98     0.0149     2.8379     2.5561  1.9521805  1.0686882   46.99934  -47.08318    34.7279    34.7425     3.6213     3.6197    27.6084    27.6202    6.24846    6.44434         25 0.0000e+00
      20434    851.382    341.000     3.6628   3.218387     3.6623   3.219589      66.08     0.0156     2.8384     2.5561  1.9513867  1.0711267   46.99934  -47.08318    34.7327    34.7476     3.6395     3.6390    27.6104    27.6224    6.24460    6.44045         21 0.0000e+00
      20454    852.214    342.000     3.6640   3.218596     3.6639   3.219843      96.01     0.0146     2.8376     2.5556  1.9514818  1.0710102   46.99934  -47.08318    34.7333    34.7484     3.6406     3.6405    27.6108    27.6229    6.23991    6.42995         19 0.0000e+00
      20475    853.078    343.000     3.6645   3.218708     3.6644   3.219955      95.78     0.0202     2.8373     2.5540  1.9511619  1.0751994   46.99934  -47.08318    34.7336    34.7486     3.6411     3.6410    27.6110    27.6230    6.22873    6.40875         23 0.0000e+00
      20501    854.165    344.000     3.6648   3.218786     3.6649   3.220069      72.71     0.0188     2.8352     2.5511  1.9511600  1.0759957   46.99934  -47.08318    34.7338    34.7490     3.6412     3.6413    27.6111    27.6232    6.23231    6.41318         29 0.0000e+00
      20529    855.352    345.000     3.6685   3.219244     3.6683   3.220487      96.24     0.0173     2.8359     2.5508  1.9514356  1.0778561   46.99934  -47.08318    34.7347    34.7498     3.6449     3.6447    27.6115    27.6235    6.25505    6.43106         27 0.0000e+00
      20553    856.339    346.000     3.6684   3.219305     3.6686   3.220602      95.84     0.0138     2.8368     2.5511  1.9513923  1.0777950   46.99934  -47.08318    34.7350    34.7503     3.6447     3.6449    27.6118    27.6239    6.26224    6.45031         21 0.0000e+00
      20574    857.210    347.000     3.6745   3.220035     3.6735   3.221199      63.37     0.0148     2.8384     2.5530  1.9511595  1.0781449   46.99934  -47.08318    34.7367    34.7517     3.6507     3.6497    27.6125    27.6246    6.27092    6.46139         21 0.0000e+00
