data/CTD/2013/CNV/D021A003.CNV
* Sea-Bird SBE 9 Data File:
* FileName = C:\CTD_ACQUISITION\2013021HUD\ctddata\021A003.hdr
* Software Version Seasave V 7.22.2
* Temperature SN = 5081
* Conductivity SN = 3561
* Number of Bytes Per Scan = 37
* Number of Voltage Words = 4
* Number of Scans Averaged by the Deck Unit = 1
* NMEA Latitude = 44 16.04 N
* NMEA Longitude = 063 19.10 W
* NMEA UTC (Time) = Jun 28 2013 23:37:56
* NMEA baud rate = 9600
** Ship: Hudson
** Cruise: HUD2013021
** Chief_Scientist: Greenan
** Organization: BIO
** Area_of_Operation: Sackville Spur
** Station: 3
** Sounding:  141
** Event_Comments: HL2  393103
# nquan = 25
# nvalues = 146                         
# units = specified
# name 0 = scan: Scan Count
# name 1 = timeS: Time, Elapsed [seconds]
# name 2 = prDM: Pressure, Digiquartz [db]
# name 3 = t068C: Temperature [ITS-68, deg C]
# name 4 = c0S/m: Conductivity [S/m]
# name 5 = t168C: Temperature, 2 [ITS-68, deg C]
# name 6 = c1S/m: Conductivity, 2 [S/m]
# name 7 = altM: Altimeter [m]
# name 8 = flCUVA: Fluorescence, Chelsea UV Aquatracka [ug/l]
# name 9 = sbeox0V: Oxygen raw, SBE 43 [V]
# name 10 = sbeox1V: Oxygen raw, SBE 43, 2 [V]
# name 11 = upoly0: Upoly 0, Optode 4330F - O2 D-Phase
# name 12 = upoly1: Upoly 1, Optode 4330F - O2 Temp
# name 13 = latitude: Latitude [deg]
# name 14 = longitude: Longitude [deg]
# name 15 = sal00: Salinity, Practical [PSU]
# name 16 = sal11: Salinity, Practical, 2 [PSU]
# name 17 = potemp068C: Potential Temperature [ITS-68, deg C]
# name 18 = potemp168C: Potential Temperature, 2 [ITS-68, deg C]
# name 19 = sigma-é00: Density [sigma-theta, Kg/m^3]
# name 20 = sigma-é11: Density, 2 [sigma-theta, Kg/m^3]
# name 21 = sbeox0ML/L: Oxygen, SBE 43 [ml/l], WS = 2
# name 22 = sbeox1ML/L: Oxygen, SBE 43, 2 [ml/l], WS = 2
# name 23 = nbin: number of scans per bin
# name 24 = flag: flag
# span 0 =      11559,      20104       
# span 1 =    481.569,    837.631       
# span 2 =      1.000,    146.000       
# span 3 =     3.4957,    13.1926       
# span 4 =   2.957489,   3.724154       
# span 5 =     3.4985,    13.1997       
# span 6 =   2.958992,   3.711993       
# span 7 =       8.80,      97.15       
# span 8 =     0.0218,     0.2230       
# span 9 =     2.0570,     3.5129       
# span 10 =     1.8473,     3.0547      
# span 11 =  1.5961133,  2.3390501      
# span 12 =  1.1211661,  2.2785620      
# span 13 =   44.26611,   44.26650      
# span 14 =  -63.32004,  -63.31945      
# span 15 =    31.0678,    34.5750      
# span 16 =    31.0795,    34.5495      
# span 17 =     3.4936,    13.1922      
# span 18 =     3.4964,    13.1994      
# span 19 =    23.3119,    26.7123      
# span 20 =    23.3195,    26.7093      
# span 21 =    3.43585,    7.80125      
# span 22 =    3.62275,    7.60195      
# span 23 =         18,        130      
# span 24 = 0.0000e+00, 0.0000e+00      
# interval = decibars: 1                
# start_time = Jun 28 2013 23:37:56 [NMEA time, header]
# bad_flag = -9.990e-29
*END*
      11559    481.569      1.000    13.1582   3.694797    13.1505   3.695414      38.22     0.1472     3.3935     2.9944  1.5961132  2.2717960   44.26650  -63.31945    31.0698    31.0819    13.1580    13.1504    23.3202    23.3309    6.11654    6.18493         71 0.0000e+00
      11807    491.917      2.000    13.1744   3.696051    13.1798   3.697896      97.15     0.1464     3.3929     2.9942  1.5984542  2.2785621   44.26650  -63.31948    31.0679    31.0808    13.1741    13.1795    23.3155    23.3244    6.10633    6.17751         29 0.0000e+00
      11825    492.677      3.000    13.1926   3.697671    13.1997   3.699545      57.99     0.1434     3.3901     2.9928  1.5989403  2.2782557   44.26650  -63.31948    31.0678    31.0795    13.1922    13.1994    23.3119    23.3195    6.09486    6.18059         28 0.0000e+00
      11865    494.339      4.000    13.1535   3.694463    13.1643   3.696733      76.99     0.1468     3.3936     2.9955  1.5994320  2.2779639   44.26650  -63.31948    31.0694    31.0818    13.1529    13.1638    23.3208    23.3282    6.12920    6.19032         61 0.0000e+00
      11930    497.029      5.000    13.1138   3.691070    13.1149   3.692629      58.64     0.1482     3.3999     2.9918  1.5987097  2.2779772   44.26650  -63.31948    31.0698    31.0833    13.1131    13.1142    23.3288    23.3392    6.13080    6.16998         47 0.0000e+00
      11963    498.436      6.000    13.0957   3.689825    13.1272   3.693732      45.71     0.1392     3.3966     2.9912  1.5982970  2.2781637   44.26650  -63.31948    31.0725    31.0833    13.0949    13.1264    23.3344    23.3367    6.13228    6.18394         33 0.0000e+00
      12010    500.370      7.000    13.0296   3.683939    13.1133   3.692257      61.86     0.1417     3.4061     2.9927  1.5999086  2.2775826   44.26650  -63.31950    31.0711    31.0805    13.0287    13.1124    23.3462    23.3372    6.18175    6.19992         65 0.0000e+00
      12074    503.034      8.000    13.0355   3.684163    13.0536   3.687237      96.25     0.1438     3.4140     3.0012  1.6011891  2.2701936   44.26648  -63.31950    31.0680    31.0820    13.0345    13.0526    23.3427    23.3500    6.19827    6.24558         47 0.0000e+00
      12108    504.475      9.000    12.8588   3.669259    12.9436   3.677930      93.68     0.1522     3.4153     3.0001  1.6000923  2.2652962   44.26648  -63.31950    31.0752    31.0840    12.8544    12.9424    23.3829    23.3728    6.15085    6.16507         31 0.0000e+00
      12141    505.831     10.000    12.8198   3.665879    12.8019   3.665764      82.93     0.1521     3.3989     2.9879  1.5995996  2.2628579   44.26648  -63.31950    31.0725    31.0860    12.8183    12.8006    23.3878    23.4016    6.16594    6.22206         38 0.0000e+00
      12190    507.872     11.000    12.7864   3.663205    12.7491   3.661153      65.18     0.1492     3.4160     3.0011  1.5999950  2.2578497   44.26648  -63.31950    31.0743    31.0856    12.7849    12.7477    23.3955    23.4114    6.27218    6.30238         56 0.0000e+00
      12239    509.913     12.000    12.7253   3.658129    12.7763   3.663805      95.05     0.1512     3.4253     3.0041  1.6008171  2.2533197   44.26648  -63.31950    31.0762    31.0878    12.7238    12.7748    23.4087    23.4080    6.17687    6.19221         40 0.0000e+00
      12275    511.413     13.000    12.3203   3.625310    12.3708   3.630193      94.29     0.1566     3.3877     2.9820  1.6019665  2.2474747   44.26648  -63.31950    31.0990    31.1035    12.3186    12.3692    23.5024    23.4963    6.13970    6.24725         34 0.0000e+00
      12310    512.865     14.000    11.9152   3.591075    11.8775   3.589376      94.25     0.1626     3.4034     2.9986  1.6081527  2.2422237   44.26648  -63.31950    31.1078    31.1229    11.9135    11.8758    23.5843    23.6029    6.43012    6.45051         38 0.0000e+00
      12355    514.735     15.000    11.7160   3.574727    11.6832   3.573355      94.24     0.1733     3.4274     3.0113  1.6140552  2.1964762   44.26648  -63.31952    31.1162    31.1304    11.7142    11.6814    23.6270    23.6440    6.43490    6.44575         54 0.0000e+00
      12411    517.068     16.000    10.6847   3.492864    10.6445   3.490621      52.75     0.1769     3.4485     3.0215  1.6174300  2.1426370   44.26648  -63.31952    31.1855    31.1976    10.6829    10.6427    23.8596    23.8762    6.66644    6.63725         49 0.0000e+00
      12450    518.691     17.000     9.5254   3.403950     9.5176   3.404755      93.78     0.1929     3.4630     3.0296  1.6303583  2.1161132   44.26648  -63.31952    31.2919    31.3070     9.5236     9.5158    24.1347    24.1477    6.83925    6.79866         35 0.0000e+00
      12489    520.340     18.000     8.8620   3.353200     8.9112   3.358226      94.09     0.2067     3.4764     3.0380  1.6433524  2.0438302   44.26648  -63.31952    31.3599    31.3607     8.8508     8.9093    24.2914    24.2831    7.02633    6.93738         45 0.0000e+00
      12539    522.405     19.000     7.8614   3.275494     7.8824   3.278389      94.03     0.2064     3.5038     3.0547  1.6546187  1.9175495   44.26646  -63.31952    31.4276    31.4396     7.8598     7.8806    24.4895    24.4959    7.23726    7.13284         51 0.0000e+00
      12585    524.349     20.000     7.2953   3.232675     7.3090   3.234925      94.01     0.2118     3.5037     3.0526  1.6609714  1.8394017   44.26646  -63.31952    31.4809    31.4927     7.2935     7.3072    24.6089    24.6164    7.22400    7.13653         42 0.0000e+00
      12625    525.981     21.000     6.7849   3.192484     6.7867   3.193775      94.01     0.2230     3.4983     3.0485  1.6646532  1.7721475   44.26646  -63.31952    31.5106    31.5230     6.7831     6.7850    24.6994    24.7089    7.33793    7.24980         40 0.0000e+00
      12669    527.838     22.000     6.5640   3.181373     6.5659   3.182821      94.02     0.2126     3.5059     3.0540  1.6721921  1.6938745   44.26646  -63.31954    31.5919    31.6060     6.5621     6.5641    24.7917    24.8025    7.45864    7.33240         50 0.0000e+00
      12720    529.940     23.000     6.1707   3.153044     6.1855   3.155238      94.03     0.2079     3.5129     3.0543  1.6714230  1.6311920   44.26646  -63.31954    31.6431    31.6537     6.1688     6.1837    24.8805    24.8870    7.46405    7.32537         46 0.0000e+00
      12761    531.675     24.000     5.6105   3.108900     5.6235   3.111015      82.37     0.2036     3.5020     3.0436  1.6694145  1.6123650   44.26646  -63.31954    31.6734    31.6850     5.6086     5.6216    24.9709    24.9785    7.51924    7.38997         41 0.0000e+00
      12809    533.652     25.000     5.2092   3.078726     5.2169   3.080432      81.47     0.2150     3.4997     3.0403  1.6797934  1.5377671   44.26646  -63.31954    31.7102    31.7224     5.2074     5.2150    25.0453    25.0542    7.65417    7.49949         54 0.0000e+00
      12858    535.688     26.000     4.9943   3.065142     5.0057   3.067067      94.08     0.2147     3.4992     3.0378  1.6801697  1.4833926   44.26646  -63.31954    31.7589    31.7701     4.9925     5.0039    25.1074    25.1150    7.62145    7.47608         38 0.0000e+00
      12891    537.091     27.000     4.6976   3.043257     4.7104   3.045332      80.09     0.2065     3.4864     3.0269  1.6856852  1.4506185   44.26646  -63.31954    31.7904    31.8020     4.6957     4.7086    25.1639    25.1718    7.61644    7.46602         34 0.0000e+00
      12940    539.109     28.000     4.3620   3.016487     4.3687   3.018176      93.77     0.1974     3.4711     3.0113  1.6915040  1.4070232   44.26645  -63.31954    31.8023    31.8154     4.3601     4.3669    25.2078    25.2176    7.67763    7.50342         65 0.0000e+00
      12994    541.380     29.000     4.2641   3.010931     4.2706   3.012293      94.21     0.1902     3.4635     3.0008  1.6896533  1.3640760   44.26644  -63.31954    31.8277    31.8405     4.2652     4.2687    25.2383    25.2478    7.70119    7.51972         37 0.0000e+00
      13030    542.891     30.000     3.9490   2.987576     3.9577   2.989286      80.12     0.1902     3.4564     2.9944  1.7002270  1.3344548   44.26644  -63.31956    31.8626    31.8744     3.9472     3.9558    25.2962    25.3048    7.72295    7.54695         42 0.0000e+00
      13077    544.838     31.000     3.6752   2.965376     3.6814   2.967001      91.29     0.1988     3.4459     2.9841  1.7070858  1.2912209   44.26644  -63.31956    31.8669    31.8801     3.6733     3.6795    25.3255    25.3354    7.75821    7.56711         46 0.0000e+00
      13115    546.423     32.000     3.6279   2.964023     3.6265   2.965064      94.04     0.2069     3.4424     2.9791  1.7132372  1.2621392   44.26644  -63.31956    31.8966    31.9104     3.6259     3.6245    25.3535    25.3645    7.80125    7.60195         33 0.0000e+00
      13148    547.807     33.000     3.6596   2.969254     3.6606   2.970437      93.97     0.1992     3.4414     2.9762  1.7202867  1.2434139   44.26644  -63.31956    31.9272    31.9402     3.6576     3.6586    25.3749    25.3852    7.76059    7.55302         36 0.0000e+00
      13200    549.966     34.000     3.5342   2.959722     3.5420   2.961486      94.00     0.1868     3.4242     2.9606  1.7239834  1.2062887   44.26644  -63.31956    31.9363    31.9497     3.5322     3.5399    25.3936    25.4036    7.67476    7.48831         69 0.0000e+00
      13258    552.362     35.000     3.4957   2.957489     3.4985   2.958992      93.92     0.1881     3.4049     2.9453  1.7256691  1.2024391   44.26644  -63.31956    31.9470    31.9622     3.4936     3.4964    25.4056    25.4175    7.69577    7.51718         36 0.0000e+00
      13285    553.519     36.000     3.6008   2.969279     3.5926   2.969671      94.09     0.1917     3.4066     2.9466  1.7350301  1.2011853   44.26644  -63.31956    31.9837    31.9964     3.5986     3.5904    25.4253    25.4361    7.77277    7.57295         26 0.0000e+00
      13321    554.985     37.000     3.6719   2.977056     3.6712   2.978118      85.57     0.1878     3.4138     2.9508  1.7372580  1.1744593   44.26644  -63.31957    32.0057    32.0190     3.6697     3.6689    25.4362    25.4469    7.72660    7.51553         55 0.0000e+00
      13397    558.151     38.000     3.6747   2.978628     3.6621   2.978068      96.69     0.1925     3.4030     2.9384  1.7341803  1.1620183   44.26644  -63.31958    32.0211    32.0269     3.6723     3.6597    25.4483    25.4540    7.62946    7.43459         56 0.0000e+00
      13422    559.207     39.000     3.7436   2.986403     3.7395   2.987305      93.90     0.1945     3.4005     2.9360  1.7460222  1.1880134   44.26644  -63.31958    32.0452    32.0599     3.7412     3.7371    25.4610    25.4731    7.60229    7.39057         25 0.0000e+00
      13449    560.345     40.000     3.9758   3.010453     3.9635   3.010545      94.06     0.1939     3.3885     2.9250  1.7478255  1.1729869   44.26644  -63.31958    32.1008    32.1139     3.9732     3.9609    25.4830    25.4946    7.45987    7.27244         34 0.0000e+00
      13510    562.896     41.000     4.2167   3.035961     4.2298   3.038227      75.99     0.1874     3.3583     2.9006  1.7482285  1.1556141   44.26644  -63.31958    32.1644    32.1783     4.2140     4.2271    25.5101    25.5199    7.33747    7.15578         72 0.0000e+00
      13556    564.784     42.000     4.2672   3.041863     4.2647   3.043008      94.32     0.1859     3.3404     2.8826  1.7483498  1.1811341   44.26644  -63.31959    32.1844    32.1994     4.2635     4.2619    25.5210    25.5330    7.29028    7.08997         29 0.0000e+00
      13587    566.096     43.000     4.2811   3.045871     4.2825   3.047085      71.48     0.1876     3.3294     2.8727  1.7502788  1.1870356   44.26644  -63.31960    32.2164    32.2291     4.2781     4.2797    25.5449    25.5548    7.28446    7.10008         41 0.0000e+00
      13651    568.759     44.000     4.0850   3.028910     4.1031   3.031515      96.94     0.1793     3.3196     2.8642  1.7549672  1.1840508   44.26643  -63.31960    32.2084    32.2229     4.0829     4.1002    25.5580    25.5678    7.35699    7.15654         69 0.0000e+00
      13696    570.620     45.000     3.9649   3.018910     3.9685   3.020298      94.21     0.1716     3.3198     2.8629  1.7617667  1.1809887   44.26644  -63.31960    32.2089    32.2217     3.9620     3.9656    25.5702    25.5800    7.42799    7.21336         32 0.0000e+00
      13727    571.929     46.000     3.8687   3.010182     3.8684   3.011382      94.10     0.1578     3.3268     2.8675  1.7662427  1.1757214   44.26643  -63.31961    32.2001    32.2145     3.8658     3.8655    25.5724    25.5840    7.48370    7.26102         33 0.0000e+00
      13779    574.096     47.000     3.8974   3.012952     3.8833   3.012801      94.03     0.1620     3.3274     2.8660  1.7774647  1.1503923   44.26642  -63.31962    32.2040    32.2161     3.8944     3.8803    25.5728    25.5838    7.40268    7.19077         74 0.0000e+00
      13839    576.596     48.000     3.9680   3.020717     3.9667   3.021730      89.52     0.1563     3.3131     2.8535  1.7828410  1.1427480   44.26642  -63.31962    32.2256    32.2389     3.9649     3.9636    25.5832    25.5939    7.24787    7.05110         34 0.0000e+00
      13865    577.687     49.000     4.1393   3.041162     4.1284   3.041644      94.15     0.1529     3.2948     2.8384  1.7860373  1.1452630   44.26642  -63.31962    32.2957    32.3094     4.1374     4.1253    25.6219    25.6336    7.11949    6.94069         27 0.0000e+00
      13903    579.234     50.000     4.3206   3.060510     4.3168   3.061365      94.22     0.1474     3.2765     2.8232  1.7870736  1.1435747   44.26642  -63.31962    32.3450    32.3584     4.3174     4.3134    25.6430    25.6541    7.11207    6.92049         55 0.0000e+00
      13975    582.235     51.000     4.3390   3.063198     4.3464   3.065033      94.57     0.1423     3.2630     2.8083  1.7868726  1.1701211   44.26642  -63.31962    32.3580    32.3722     4.3355     4.3430    25.6516    25.6621    7.15532    6.93624         62 0.0000e+00
      14013    583.829     52.000     3.9885   3.031677     4.0023   3.033930      94.33     0.1261     3.2628     2.8071  1.7887820  1.1759012   44.26642  -63.31963    32.3326    32.3454     3.9851     3.9990    25.6662    25.6750    7.23429    7.01121         32 0.0000e+00
      14046    585.204     53.000     3.7430   3.009848     3.7504   3.011712      94.13     0.1136     3.2641     2.8065  1.7963414  1.1732788   44.26642  -63.31964    32.3166    32.3314     3.7397     3.7471    25.6771    25.6881    7.29686    7.06152         38 0.0000e+00
      14101    587.521     54.000     3.7463   3.010990     3.7430   3.011904      94.56     0.1199     3.2617     2.8025  1.8080547  1.1368771   44.26642  -63.31964    32.3264    32.3405     3.7430     3.7396    25.6846    25.6962    7.24266    7.01423         64 0.0000e+00
      14150    589.530     55.000     3.8493   3.021955     3.8484   3.023148      94.32     0.1317     3.2531     2.7939  1.8120757  1.1216938   44.26642  -63.31964    32.3538    32.3688     3.8458     3.8450    25.6966    25.7086    7.19383    6.95425         36 0.0000e+00
      14186    591.042     56.000     3.9313   3.031282     3.9291   3.032282      93.74     0.1391     3.2469     2.7867  1.8155817  1.1211661   44.26642  -63.31964    32.3824    32.3964     3.9277     3.9255    25.7115    25.7228    7.14898    6.91837         40 0.0000e+00
      14230    592.894     57.000     4.0000   3.039911     4.0024   3.041328      80.96     0.1300     3.2382     2.7801  1.8177890  1.1249455   44.26642  -63.31964    32.4158    32.4302     3.9963     3.9987    25.7313    25.7425    7.12296    6.90739         48 0.0000e+00
