data/CTD/2013/CNV/D021A020.CNV
* Sea-Bird SBE 9 Data File:
* FileName = C:\CTD_ACQUISITION\2013021HUD\ctddata\021A020.hdr
* Software Version Seasave V 7.22.2
* Temperature SN = 5081
* Conductivity SN = 3561
* Number of Bytes Per Scan = 37
* Number of Voltage Words = 4
* Number of Scans Averaged by the Deck Unit = 1
* NMEA Latitude = 47 00.01 N
* NMEA Longitude = 046 33.55 W
* NMEA UTC (Time) = Jul 02 2013 06:15:01
* NMEA baud rate = 9600
** Ship: Hudson
** Cruise: HUD2013021
** Chief_Scientist: Greenan
** Organization: BIO
** Area_of_Operation: Sackville Spur
** Station: 20
** Sounding:  440
** Event_Comments: FC19.5  393127
# nquan = 25
# nvalues = 422                         
# units = specified
# name 0 = scan: Scan Count
# name 1 = timeS: Time, Elapsed [seconds]
# name 2 = prDM: Pressure, Digiquartz [db]
# name 3 = t068C: Temperature [ITS-68, deg C]
# name 4 = c0S/m: Conductivity [S/m]
# name 5 = t168C: Temperature, 2 [ITS-68, deg C]
# name 6 = c1S/m: Conductivity, 2 [S/m]
# name 7 = altM: Altimeter [m]
# name 8 = flCUVA: Fluorescence, Chelsea UV Aquatracka [ug/l]
# name 9 = sbeox0V: Oxygen raw, SBE 43 [V]
# name 10 = sbeox1V: Oxygen raw, SBE 43, 2 [V]
# name 11 = upoly0: Upoly 0, Optode 4330F - O2 D-Phase
# name 12 = upoly1: Upoly 1, Optode 4330F - O2 Temp
# name 13 = latitude: Latitude [deg]
# name 14 = longitude: Longitude [deg]
# name 15 = sal00: Salinity, Practical [PSU]
# name 16 = sal11: Salinity, Practical, 2 [PSU]
# name 17 = potemp068C: Potential Temperature [ITS-68, deg C]
# name 18 = potemp168C: Potential Temperature, 2 [ITS-68, deg C]
# name 19 = sigma-é00: Density [sigma-theta, Kg/m^3]
# name 20 = sigma-é11: Density, 2 [sigma-theta, Kg/m^3]
# name 21 = sbeox0ML/L: Oxygen, SBE 43 [ml/l], WS = 2
# name 22 = sbeox1ML/L: Oxygen, SBE 43, 2 [ml/l], WS = 2
# name 23 = nbin: number of scans per bin
# name 24 = flag: flag
# span 0 =       8859,      20931       
# span 1 =    369.069,    872.091       
# span 2 =      3.000,    424.000       
# span 3 =     2.7221,     6.5771       
# span 4 =   3.066748,   3.347639       
# span 5 =     2.7219,     6.5775       
# span 6 =   3.067945,   3.349006       
# span 7 =       4.56,      99.03       
# span 8 =     0.0111,     0.2565       
# span 9 =     2.6297,     3.4004       
# span 10 =     2.3651,     3.0152      
# span 11 =  1.7179014,  2.0427541      
# span 12 =  0.9731476,  1.4519898      
# span 13 =   47.00082,   47.00146      
# span 14 =  -46.55889,  -46.55786      
# span 15 =    32.7638,    34.9237      
# span 16 =    32.7783,    34.9390      
# span 17 =     2.7161,     6.5766      
# span 18 =     2.7159,     6.5771      
# span 19 =    25.7139,    27.6717      
# span 20 =    25.7248,    27.6841      
# span 21 =    5.38352,    7.56559      
# span 22 =    5.57151,    7.70275      
# span 23 =         13,         95      
# span 24 = 0.0000e+00, 0.0000e+00      
# interval = decibars: 1                
# start_time = Jul 02 2013 06:15:01 [NMEA time, header]
# bad_flag = -9.990e-29
*END*
[from data line 406]
      20187    841.072    409.000     4.4210   3.303919     4.4211   3.305246      24.44     0.0202     2.6940     2.4166  2.0061049  1.1782662   47.00128  -46.55816    34.9076    34.9231     4.3902     4.3903    27.6711    27.6834    5.76331    5.93639         57 0.0000e+00
      20257    843.979    410.000     4.4201   3.303880     4.4198   3.305176      23.63     0.0224     2.6932     2.4153  2.0057664  1.1785836   47.00128  -46.55816    34.9075    34.9231     4.3893     4.3890    27.6711    27.6835    5.75772    5.91579         63 0.0000e+00
      20297    845.683    411.000     4.4193   3.303861     4.4192   3.305168      22.73     0.0170     2.6928     2.4123  2.0050900  1.1794780   47.00128  -46.55816    34.9076    34.9231     4.3885     4.3883    27.6713    27.6836    5.75866    5.91170         26 0.0000e+00
      20320    846.606    412.000     4.4178   3.303770     4.4178   3.305087      22.27     0.0166     2.6924     2.4120  2.0051615  1.1791537   47.00128  -46.55816    34.9077    34.9231     4.3868     4.3868    27.6715    27.6837    5.75609    5.92285         22 0.0000e+00
      20341    847.509    413.000     4.4176   3.303792     4.4173   3.305090      21.29     0.0162     2.6918     2.4119  2.0052011  1.1791170   47.00128  -46.55816    34.9076    34.9231     4.3865     4.3863    27.6715    27.6838    5.75463    5.92313         23 0.0000e+00
      20388    849.439    414.000     4.4184   3.303900     4.4181   3.305186      19.90     0.0173     2.6913     2.4116  2.0057213  1.1785082   47.00128  -46.55816    34.9074    34.9229     4.3873     4.3869    27.6713    27.6836    5.75727    5.92405         85 0.0000e+00
      20475    853.067    415.000     4.4184   3.303944     4.4183   3.305255      18.83     0.0155     2.6907     2.4115  2.0059612  1.1790880   47.00128  -46.55818    34.9075    34.9229     4.3872     4.3871    27.6713    27.6836    5.75345    5.92600         53 0.0000e+00
      20506    854.364    416.000     4.4174   3.303912     4.4172   3.305208      18.28     0.0208     2.6899     2.4120  2.0055795  1.1794901   47.00129  -46.55818    34.9076    34.9230     4.3862     4.3859    27.6715    27.6838    5.76127    5.93251         28 0.0000e+00
      20533    855.498    417.000     4.4167   3.303884     4.4164   3.305186      17.15     0.0218     2.6898     2.4125  2.0049095  1.1794872   47.00130  -46.55818    34.9075    34.9231     4.3854     4.3859    27.6715    27.6839    5.75555    5.93278         29 0.0000e+00
      20577    857.324    418.000     4.4169   3.303944     4.4166   3.305234      15.87     0.0218     2.6906     2.4125  2.0054393  1.1784689   47.00130  -46.55818    34.9074    34.9229     4.3855     4.3852    27.6714    27.6838    5.76608    5.93031         62 0.0000e+00
      20636    859.810    419.000     4.4161   3.303907     4.4156   3.305187      14.34     0.0218     2.6900     2.4121  2.0061331  1.1782871   47.00129  -46.55818    34.9074    34.9229     4.3846     4.3841    27.6715    27.6839    5.74892    5.93026         47 0.0000e+00
      20675    861.427    420.000     4.4153   3.303881     4.4148   3.305170      13.81     0.0228     2.6896     2.4123  2.0061049  1.1788058   47.00129  -46.55818    34.9074    34.9230     4.3837     4.3832    27.6716    27.6840    5.76132    5.93034         36 0.0000e+00
      20716    863.111    421.000     4.4153   3.303925     4.4150   3.305228      13.15     0.0155     2.6881     2.4116  2.0073459  1.1783870   47.00130  -46.55818    34.9074    34.9229     4.3836     4.3834    27.6716    27.6840    5.74606    5.92493         48 0.0000e+00
      20777    865.655    422.000     4.4151   3.303957     4.4152   3.305279      12.22     0.0153     2.6866     2.4097  2.0072846  1.1782622   47.00130  -46.55818    34.9074    34.9229     4.3834     4.3834    27.6716    27.6839    5.75060    5.91565         66 0.0000e+00
      20828    867.801    423.000     4.4147   3.303971     4.4147   3.305287      11.29     0.0195     2.6865     2.4092  2.0061400  1.1782662   47.00130  -46.55818    34.9075    34.9230     4.3829     4.3834    27.6717    27.6841    5.75282    5.92875         42 0.0000e+00
      20931    872.091    424.000     4.4150   3.304036     4.4144   3.305308       9.78     0.0182     2.6866     2.4105  2.0066197  1.1787012   47.00130  -46.55818    34.9074    34.9229     4.3831     4.3825    27.6717    27.6841    5.75521    5.92883         65 0.0000e+00
