data/CTD/2013/CNV/D021A038.CNV
* Sea-Bird SBE 9 Data File:
* FileName = C:\CTD_ACQUISITION\2013021HUD\ctddata\021A038.hdr
* Software Version Seasave V 7.22.2
* Temperature SN = 5081
* Conductivity SN = 3561
* Number of Bytes Per Scan = 37
* Number of Voltage Words = 4
* Number of Scans Averaged by the Deck Unit = 1
* NMEA Latitude = 48 23.61 N
* NMEA Longitude = 046 37.83 W
* NMEA UTC (Time) = Jul 03 2013 19:56:09
* NMEA baud rate = 9600
** Ship: Hudson
** Cruise: HUD2013021
** Chief_Scientist: Greenan
** Organization: BIO
** Area_of_Operation: Sackville Spur
** Station: 38
** Sounding:  1840
** Event_Comments: SS09  393176
# nquan = 25
# nvalues = 1863                        
# units = specified
# name 0 = scan: Scan Count
# name 1 = timeS: Time, Elapsed [seconds]
# name 2 = prDM: Pressure, Digiquartz [db]
# name 3 = t068C: Temperature [ITS-68, deg C]
# name 4 = c0S/m: Conductivity [S/m]
# name 5 = t168C: Temperature, 2 [ITS-68, deg C]
# name 6 = c1S/m: Conductivity, 2 [S/m]
# name 7 = altM: Altimeter [m]
# name 8 = flCUVA: Fluorescence, Chelsea UV Aquatracka [ug/l]
# name 9 = sbeox0V: Oxygen raw, SBE 43 [V]
# name 10 = sbeox1V: Oxygen raw, SBE 43, 2 [V]
# name 11 = upoly0: Upoly 0, Optode 4330F - O2 D-Phase
# name 12 = upoly1: Upoly 1, Optode 4330F - O2 Temp
# name 13 = latitude: Latitude [deg]
# name 14 = longitude: Longitude [deg]
# name 15 = sal00: Salinity, Practical [PSU]
# name 16 = sal11: Salinity, Practical, 2 [PSU]
# name 17 = potemp068C: Potential Temperature [ITS-68, deg C]
# name 18 = potemp168C: Potential Temperature, 2 [ITS-68, deg C]
# name 19 = sigma-é00: Density [sigma-theta, Kg/m^3]
# name 20 = sigma-é11: Density, 2 [sigma-theta, Kg/m^3]
# name 21 = sbeox0ML/L: Oxygen, SBE 43 [ml/l], WS = 2
# name 22 = sbeox1ML/L: Oxygen, SBE 43, 2 [ml/l], WS = 2
# name 23 = nbin: number of scans per bin
# name 24 = flag: flag
# span 0 =       8291,      53791       
# span 1 =    345.425,   2241.261       
# span 2 =      4.000,   1866.000       
# span 3 =    -0.2443,     6.2169       
# span 4 =   2.757862,   3.287074       
# span 5 =    -0.2446,     6.2035       
# span 6 =   2.759091,   3.288382       
# span 7 =       2.30,     100.09       
# span 8 =     0.0063,     0.1309       
# span 9 =     2.3228,     3.3688       
# span 10 =     2.0874,     3.0209      
# span 11 =  1.7177627,  2.0769217      
# span 12 =  0.6186467,  1.4014372      
# span 13 =   48.39422,   48.39512      
# span 14 =  -46.62855,  -46.62228      
# span 15 =    32.5992,    34.9211      
# span 16 =    32.6147,    34.9379      
# span 17 =    -0.2456,     6.2164      
# span 18 =    -0.2459,     6.2028      
# span 19 =    25.6311,    27.8085      
# span 20 =    25.6445,    27.8220      
# span 21 =    5.84698,    7.75055      
# span 22 =    6.06626,    7.85361      
# span 23 =         11,        101      
# span 24 = 0.0000e+00, 0.0000e+00      
# interval = decibars: 1                
# start_time = Jul 03 2013 19:56:09 [NMEA time, header]
# bad_flag = -9.990e-29
*END*
[from data line 1392]
      42669   1777.852   1396.000     3.7376   3.286349     3.7373   3.287726      96.95     0.0110     2.4594     2.2113  2.0350540  1.0927975   48.39432  -46.62571    34.9157    34.9322     3.6297     3.6294    27.7572    27.7704    5.90472    6.13058         21 0.0000e+00
      42688   1778.644   1397.000     3.7360   3.286252     3.7343   3.287524      94.17     0.0128     2.4594     2.2112  2.0350022  1.0927961   48.39432  -46.62570    34.9157    34.9325     3.6280     3.6263    27.7574    27.7710    5.90090    6.13285         18 0.0000e+00
      42705   1779.354   1398.000     3.7338   3.286117     3.7332   3.287477      96.03     0.0121     2.4585     2.2114  2.0347223  1.0927198   48.39432  -46.62570    34.9160    34.9327     3.6257     3.6251    27.7579    27.7712    5.89778    6.13232         16 0.0000e+00
      42722   1780.052   1399.000     3.7339   3.286165     3.7329   3.287497      96.26     0.0124     2.4577     2.2112  2.0340343  1.0926515   48.39434  -46.62570    34.9160    34.9328     3.6257     3.6247    27.7578    27.7713    5.89460    6.12615         17 0.0000e+00
      42740   1780.811   1400.000     3.7332   3.286154     3.7321   3.287474      95.33     0.0136     2.4576     2.2107  2.0341268  1.0925521   48.39434  -46.62570    34.9160    34.9328     3.6250     3.6238    27.7580    27.7714    5.89575    6.12008         20 0.0000e+00
      42764   1781.771   1401.000     3.7326   3.286135     3.7316   3.287459      54.89     0.0136     2.4567     2.2102  2.0368609  1.0916991   48.39434  -46.62569    34.9160    34.9327     3.6243     3.6232    27.7580    27.7714    5.89897    6.12619         28 0.0000e+00
      42798   1783.197   1402.000     3.7326   3.286179     3.7316   3.287508      96.53     0.0129     2.4563     2.2100  2.0364337  1.0915422   48.39434  -46.62568    34.9160    34.9327     3.6242     3.6232    27.7580    27.7714    5.90213    6.12376         38 0.0000e+00
      42830   1784.525   1403.000     3.7323   3.286202     3.7315   3.287539      50.70     0.0074     2.4561     2.2089  2.0352900  1.0915260   48.39434  -46.62568    34.9161    34.9328     3.6238     3.6230    27.7581    27.7715    5.90740    6.11569         25 0.0000e+00
      42852   1785.453   1404.000     3.7314   3.286171     3.7308   3.287533      90.76     0.0103     2.4562     2.2086  2.0359690  1.0915760   48.39434  -46.62566    34.9162    34.9329     3.6228     3.6222    27.7583    27.7717    5.90664    6.11576         20 0.0000e+00
      42871   1786.255   1405.000     3.7314   3.286221     3.7303   3.287537      68.72     0.0143     2.4560     2.2076  2.0365698  1.0915751   48.39434  -46.62566    34.9163    34.9329     3.6228     3.6217    27.7583    27.7718    5.90451    6.11050         19 0.0000e+00
      42889   1787.018   1406.000     3.7292   3.286074     3.7281   3.287386      55.26     0.0142     2.4560     2.2074  2.0366299  1.0915751   48.39434  -46.62566    34.9163    34.9330     3.6205     3.6194    27.7586    27.7720    5.90341    6.11790         18 0.0000e+00
      42908   1787.785   1407.000     3.7267   3.285907     3.7254   3.287208      95.47     0.0162     2.4553     2.2071  2.0365665  1.0915115   48.39435  -46.62565    34.9165    34.9332     3.6179     3.6166    27.7590    27.7725    5.89986    6.11948         19 0.0000e+00
      42928   1788.605   1408.000     3.7245   3.285757     3.7237   3.287100      96.18     0.0152     2.4553     2.2067  2.0366287  1.0915736   48.39436  -46.62564    34.9166    34.9332     3.6156     3.6149    27.7593    27.7727    5.89844    6.11981         21 0.0000e+00
      42951   1789.598   1409.000     3.7218   3.285571     3.7227   3.287053      53.04     0.0135     2.4543     2.2064  2.0367181  1.0906512   48.39436  -46.62564    34.9167    34.9333     3.6129     3.6138    27.7597    27.7728    5.89323    6.12020         27 0.0000e+00
      42984   1790.946   1410.000     3.7219   3.285622     3.7217   3.287007      97.21     0.0116     2.4533     2.2060  2.0367708  1.0903479   48.39436  -46.62563    34.9167    34.9333     3.6129     3.6127    27.7597    27.7729    5.89549    6.11790         35 0.0000e+00
      43014   1792.222   1411.000     3.7223   3.285693     3.7215   3.287034      71.20     0.0127     2.4531     2.2055  2.0371087  1.0903541   48.39436  -46.62562    34.9166    34.9333     3.6132     3.6124    27.7596    27.7730    5.89786    6.11722         26 0.0000e+00
      43037   1793.179   1412.000     3.7200   3.285548     3.7193   3.286896      46.86     0.0148     2.4520     2.2052  2.0377896  1.0903541   48.39436  -46.62562    34.9168    34.9335     3.6110     3.6102    27.7599    27.7733    5.89909    6.11848         22 0.0000e+00
      43059   1794.086   1413.000     3.7182   3.285447     3.7184   3.286862      94.36     0.0149     2.4528     2.2049  2.0388286  1.0903541   48.39436  -46.62562    34.9170    34.9336     3.6090     3.6091    27.7603    27.7735    5.90128    6.12068         22 0.0000e+00
      43082   1795.025   1414.000     3.7169   3.285380     3.7161   3.286717      86.10     0.0164     2.4515     2.2047  2.0387385  1.0903541   48.39436  -46.62560    34.9171    34.9338     3.6076     3.6068    27.7605    27.7739    5.87833    6.11628         22 0.0000e+00
      43103   1795.937   1415.000     3.7163   3.285370     3.7157   3.286718      47.07     0.0145     2.4501     2.2042  2.0372956  1.0898783   48.39436  -46.62560    34.9171    34.9338     3.6069     3.6103    27.7606    27.7740    5.88960    6.11400         21 0.0000e+00
      43122   1796.725   1416.000     3.7145   3.285262     3.7137   3.286604      95.93     0.0164     2.4505     2.2038  2.0371735  1.0899469   48.39436  -46.62560    34.9173    34.9340     3.6050     3.6043    27.7610    27.7743    5.89953    6.12202         18 0.0000e+00
      43139   1797.423   1417.000     3.7142   3.285288     3.7134   3.286625      95.97     0.0133     2.4501     2.2040  2.0376127  1.0893743   48.39436  -46.62560    34.9174    34.9340     3.6047     3.6039    27.7611    27.7744    5.89151    6.12309         16 0.0000e+00
      43155   1798.096   1418.000     3.7139   3.285306     3.7132   3.286648      95.71     0.0111     2.4497     2.2038  2.0378482  1.0891360   48.39436  -46.62558    34.9174    34.9341     3.6043     3.6035    27.7611    27.7745    5.89878    6.11812         16 0.0000e+00
      43173   1798.835   1419.000     3.7133   3.285295     3.7127   3.286644      95.96     0.0121     2.4498     2.2035  2.0378511  1.0891331   48.39437  -46.62558    34.9174    34.9340     3.6037     3.6030    27.7612    27.7745    5.90741    6.11543         20 0.0000e+00
      43214   1800.545   1420.000     3.7125   3.285258     3.7126   3.286668      64.70     0.0134     2.4499     2.2025  2.0395277  1.0887738   48.39437  -46.62557    34.9174    34.9339     3.6027     3.6028    27.7612    27.7744    5.89630    6.11220         40 0.0000e+00
      43269   1802.841   1421.000     3.7131   3.285357     3.7120   3.286665      28.76     0.0169     2.4493     2.2014  2.0385666  1.0883749   48.39436  -46.62555    34.9174    34.9341     3.6032     3.6021    27.7612    27.7746    5.89384    6.11885         18 0.0000e+00
      43284   1803.442   1422.000     3.7123   3.285348     3.7115   3.286682      94.12     0.0123     2.4490     2.2017  2.0388994  1.0890502   48.39436  -46.62554    34.9176    34.9343     3.6024     3.6015    27.7615    27.7748    5.89462    6.12229         14 0.0000e+00
      43297   1804.000   1423.000     3.7125   3.285408     3.7116   3.286739      93.15     0.0142     2.4487     2.2016  2.0392599  1.0895090   48.39438  -46.62554    34.9176    34.9344     3.6025     3.6015    27.7615    27.7749    5.89041    6.11994         13 0.0000e+00
      43310   1804.550   1424.000     3.7126   3.285454     3.7118   3.286801      33.07     0.0175     2.4487     2.2015  2.0390692  1.0896996   48.39438  -46.62554    34.9176    34.9344     3.6025     3.6016    27.7614    27.7749    5.89829    6.11854         13 0.0000e+00
      43324   1805.134   1425.000     3.7123   3.285463     3.7117   3.286824      66.95     0.0178     2.4480     2.2016  2.0393200  1.0894550   48.39438  -46.62554    34.9175    34.9342     3.6021     3.6015    27.7614    27.7748    5.90170    6.11139         15 0.0000e+00
      43341   1805.842   1426.000     3.7113   3.285414     3.7105   3.286752      95.67     0.0172     2.4487     2.2006  2.0389562  1.0882386   48.39438  -46.62554    34.9175    34.9341     3.6010     3.6002    27.7615    27.7748    5.90792    6.10084         20 0.0000e+00
      43384   1807.634   1427.000     3.7113   3.285451     3.7106   3.286795      81.22     0.0151     2.4483     2.1992  2.0396452  1.0879580   48.39438  -46.62553    34.9174    34.9340     3.6009     3.6002    27.7615    27.7748    5.89785    6.10726         55 0.0000e+00
      43426   1809.384   1428.000     3.7113   3.285504     3.7103   3.286829      96.46     0.0149     2.4476     2.1988  2.0400558  1.0885323   48.39438  -46.62552    34.9175    34.9343     3.6009     3.5998    27.7615    27.7750    5.89674    6.11108         20 0.0000e+00
      43444   1810.131   1429.000     3.7103   3.285468     3.7099   3.286847      95.50     0.0132     2.4477     2.1986  2.0400777  1.0891379   48.39438  -46.62550    34.9177    34.9344     3.5998     3.5993    27.7618    27.7752    5.88891    6.10543         17 0.0000e+00
      43461   1810.816   1430.000     3.7097   3.285454     3.7084   3.286764      95.89     0.0143     2.4464     2.1979  2.0399106  1.0891331   48.39438  -46.62550    34.9178    34.9345     3.5990     3.5978    27.7619    27.7754    5.88325    6.10451         16 0.0000e+00
      43477   1811.503   1431.000     3.7069   3.285267     3.7062   3.286612      96.22     0.0122     2.4465     2.1979  2.0390682  1.0884117   48.39438  -46.62550    34.9179    34.9346     3.5963     3.5955    27.7623    27.7757    5.88932    6.11187         17 0.0000e+00
      43495   1812.232   1432.000     3.7061   3.285240     3.7053   3.286577      71.94     0.0099     2.4454     2.1977  2.0388680  1.0879784   48.39438  -46.62548    34.9179    34.9346     3.5954     3.5945    27.7624    27.7758    5.88605    6.11331         18 0.0000e+00
      43513   1813.014   1433.000     3.7052   3.285200     3.7047   3.286582      53.09     0.0102     2.4453     2.1978  2.0388887  1.0879732   48.39438  -46.62548    34.9179    34.9347     3.5944     3.5939    27.7625    27.7760    5.89117    6.11576         20 0.0000e+00
      43533   1813.854   1434.000     3.7038   3.285123     3.7038   3.286533      93.07     0.0125     2.4448     2.1976  2.0390675  1.0879136   48.39438  -46.62548    34.9179    34.9347     3.5929     3.5929    27.7627    27.7760    5.88943    6.11155         21 0.0000e+00
      43556   1814.774   1435.000     3.7004   3.284861     3.7002   3.286265      94.18     0.0133     2.4440     2.1974  2.0390720  1.0879121   48.39439  -46.62548    34.9180    34.9348     3.5894     3.5892    27.7631    27.7765    5.88465    6.11004         23 0.0000e+00
      43584   1815.949   1436.000     3.6972   3.284625     3.6965   3.285981      60.87     0.0157     2.4439     2.1966  2.0413771  1.0878118   48.39440  -46.62548    34.9181    34.9348     3.5862     3.5855    27.7635    27.7769    5.89472    6.10399         35 0.0000e+00
      43625   1817.651   1437.000     3.6955   3.284520     3.6961   3.285983      80.83     0.0207     2.4429     2.1955  2.0406451  1.0870793   48.39439  -46.62546    34.9181    34.9348     3.5844     3.5849    27.7637    27.7769    5.88390    6.10321         40 0.0000e+00
      43654   1818.880   1438.000     3.6912   3.284197     3.6924   3.285717      38.29     0.0198     2.4422     2.1951  2.0401149  1.0866824   48.39438  -46.62545    34.9183    34.9350     3.5801     3.5812    27.7643    27.7775    5.88266    6.10571         22 0.0000e+00
      43674   1819.709   1439.000     3.6878   3.283953     3.6874   3.285335      97.40     0.0165     2.4416     2.1947  2.0409236  1.0871086   48.39438  -46.62544    34.9185    34.9353     3.5766     3.5762    27.7648    27.7781    5.87825    6.10405         18 0.0000e+00
      43692   1820.440   1440.000     3.6872   3.283946     3.6864   3.285297      96.11     0.0175     2.4407     2.1943  2.0411077  1.0870981   48.39438  -46.62544    34.9186    34.9354     3.5760     3.5752    27.7649    27.7783    5.88261    6.10773         18 0.0000e+00
      43709   1821.170   1441.000     3.6867   3.283939     3.6860   3.285296      75.92     0.0165     2.4405     2.1943  2.0412397  1.0867668   48.39438  -46.62544    34.9186    34.9354     3.5753     3.5746    27.7649    27.7784    5.88949    6.11023         18 0.0000e+00
      43728   1821.976   1442.000     3.6869   3.284004     3.6859   3.285326      52.77     0.0175     2.4407     2.1941  2.0415623  1.0866932   48.39439  -46.62542    34.9186    34.9352     3.5755     3.5745    27.7649    27.7783    5.89093    6.11010         21 0.0000e+00
      43752   1822.968   1443.000     3.6857   3.283941     3.6850   3.285284      94.75     0.0198     2.4402     2.1939  2.0411658  1.0864285   48.39440  -46.62542    34.9186    34.9353     3.5742     3.5735    27.7651    27.7784    5.88897    6.10713         27 0.0000e+00
      43780   1824.133   1444.000     3.6855   3.283962     3.6848   3.285306      73.83     0.0203     2.4402     2.1936  2.0402865  1.0852807   48.39440  -46.62542    34.9186    34.9353     3.5739     3.5731    27.7651    27.7785    5.89040    6.10653         27 0.0000e+00
      43805   1825.182   1445.000     3.6852   3.283979     3.6841   3.285297      58.00     0.0210     2.4397     2.1930  2.0409396  1.0854728   48.39440  -46.62542    34.9186    34.9354     3.5735     3.5724    27.7652    27.7786    5.88367    6.10328         23 0.0000e+00
      43828   1826.106   1446.000     3.6842   3.283947     3.6831   3.285250      41.46     0.0159     2.4392     2.1927  2.0420709  1.0852478   48.39440  -46.62540    34.9188    34.9354     3.5725     3.5713    27.7654    27.7788    5.88272    6.10672         22 0.0000e+00
      43850   1827.032   1447.000     3.6835   3.283922     3.6824   3.285232      82.93     0.0141     2.4390     2.1924  2.0420978  1.0853628   48.39440  -46.62540    34.9188    34.9354     3.5716     3.5705    27.7655    27.7788    5.88680    6.10727         23 0.0000e+00
      43874   1828.056   1448.000     3.6839   3.283992     3.6831   3.285336      56.64     0.0129     2.4383     2.1923  2.0427308  1.0850962   48.39440  -46.62540    34.9187    34.9354     3.5720     3.5712    27.7653    27.7787    5.87924    6.10390         26 0.0000e+00
      43901   1829.166   1449.000     3.6836   3.284011     3.6827   3.285336      90.03     0.0153     2.4376     2.1915  2.0423045  1.0854771   48.39440  -46.62539    34.9187    34.9353     3.5716     3.5707    27.7654    27.7788    5.88479    6.09542         26 0.0000e+00
      43925   1830.158   1450.000     3.6830   3.284003     3.6823   3.285349      73.92     0.0147     2.4374     2.1907  2.0415604  1.0854701   48.39440  -46.62538    34.9187    34.9354     3.5709     3.5702    27.7655    27.7789    5.88961    6.09489         22 0.0000e+00
      43945   1831.018   1451.000     3.6821   3.283971     3.6814   3.285321      52.68     0.0176     2.4379     2.1902  2.0416360  1.0854701   48.39440  -46.62538    34.9188    34.9355     3.5699     3.5692    27.7656    27.7790    5.88662    6.09739         20 0.0000e+00
      43965   1831.845   1452.000     3.6815   3.283962     3.6803   3.285266      95.63     0.0220     2.4369     2.1899  2.0426021  1.0852287   48.39440  -46.62537    34.9188    34.9355     3.5692     3.5681    27.7658    27.7791    5.88287    6.10350         20 0.0000e+00
