data/CTD/2013/CNV/D021A010.CNV
* Sea-Bird SBE 9 Data File:
* FileName = C:\CTD_ACQUISITION\2013021HUD\ctddata\021A010.hdr
* Software Version Seasave V 7.22.2
* Temperature SN = 5081
* Conductivity SN = 3561
* Number of Bytes Per Scan = 37
* Number of Voltage Words = 4
* Number of Scans Averaged by the Deck Unit = 1
* NMEA Latitude = 46 59.91 N
* NMEA Longitude = 047 29.66 W
* NMEA UTC (Time) = Jul 01 2013 18:46:23
* NMEA baud rate = 9600
** Ship: Hudson
** Cruise: HUD2013021
** Chief_Scientist: Greenan
** Organization: BIO
** Area_of_Operation: Sackville Spur
** Station: 10
** Sounding:  220
** Event_Comments: FC14  393107
# nquan = 25
# nvalues = 210                         
# units = specified
# name 0 = scan: Scan Count
# name 1 = timeS: Time, Elapsed [seconds]
# name 2 = prDM: Pressure, Digiquartz [db]
# name 3 = t068C: Temperature [ITS-68, deg C]
# name 4 = c0S/m: Conductivity [S/m]
# name 5 = t168C: Temperature, 2 [ITS-68, deg C]
# name 6 = c1S/m: Conductivity, 2 [S/m]
# name 7 = altM: Altimeter [m]
# name 8 = flCUVA: Fluorescence, Chelsea UV Aquatracka [ug/l]
# name 9 = sbeox0V: Oxygen raw, SBE 43 [V]
# name 10 = sbeox1V: Oxygen raw, SBE 43, 2 [V]
# name 11 = upoly0: Upoly 0, Optode 4330F - O2 D-Phase
# name 12 = upoly1: Upoly 1, Optode 4330F - O2 Temp
# name 13 = latitude: Latitude [deg]
# name 14 = longitude: Longitude [deg]
# name 15 = sal00: Salinity, Practical [PSU]
# name 16 = sal11: Salinity, Practical, 2 [PSU]
# name 17 = potemp068C: Potential Temperature [ITS-68, deg C]
# name 18 = potemp168C: Potential Temperature, 2 [ITS-68, deg C]
# name 19 = sigma-é00: Density [sigma-theta, Kg/m^3]
# name 20 = sigma-é11: Density, 2 [sigma-theta, Kg/m^3]
# name 21 = sbeox0ML/L: Oxygen, SBE 43 [ml/l], WS = 2
# name 22 = sbeox1ML/L: Oxygen, SBE 43, 2 [ml/l], WS = 2
# name 23 = nbin: number of scans per bin
# name 24 = flag: flag
# span 0 =       7825,      15496       
# span 1 =    325.988,    645.626       
# span 2 =      2.000,    211.000       
# span 3 =    -0.8696,     6.5638       
# span 4 =   2.679856,   3.246931       
# span 5 =    -0.8715,     6.5635       
# span 6 =   2.681137,   3.248174       
# span 7 =       2.90,     126.72       
# span 8 =     0.0181,     0.1953       
# span 9 =     2.5667,     3.4065       
# span 10 =     2.3112,     3.0141      
# span 11 =  1.7125163,  2.1489623      
# span 12 =  0.5355106,  1.4493965      
# span 13 =   46.99811,   46.99862      
# span 14 =  -47.49369,  -47.49304      
# span 15 =    32.3210,    34.0200      
# span 16 =    32.3351,    34.0360      
# span 17 =    -0.8712,     6.5636      
# span 18 =    -0.8731,     6.5629      
# span 19 =    25.3664,    27.2057      
# span 20 =    25.3773,    27.2185      
# span 21 =    5.68756,    8.30812      
# span 22 =    5.92034,    8.03207      
# span 23 =         13,         93      
# span 24 = 0.0000e+00, 0.0000e+00      
# interval = decibars: 1                
# start_time = Jul 01 2013 18:46:23 [NMEA time, header]
# bad_flag = -9.990e-29
*END*
       7825    325.988      2.000     6.5638   3.246740     6.5625   3.247863     126.72     0.0672     3.3286     3.0141  1.7125163  1.4487218   46.99862  -47.49369    32.3214    32.3352     6.5636     6.5623    25.3664    25.3774    6.88211    7.14721         30 0.0000e+00
       8098    337.363      3.000     6.5544   3.245945     6.5558   3.247371      18.04     0.0803     3.3370     3.0087  1.7136818  1.4493965   46.99862  -47.49366    32.3210    32.3354     6.5542     6.5556    25.3673    25.3784    6.93254    7.10548         66 0.0000e+00
       8222    342.549      4.000     6.5560   3.246157     6.5539   3.247270       2.90     0.0805     3.3444     3.0005  1.7147039  1.4488748   46.99862  -47.49366    32.3213    32.3356     6.5557     6.5536    25.3674    25.3789    6.94412    7.08873         75 0.0000e+00
       8285    345.176      5.000     6.5557   3.246172     6.5570   3.247548       4.78     0.0812     3.3476     3.0005  1.7143936  1.4486483   46.99862  -47.49365    32.3213    32.3352     6.5552     6.5566    25.3674    25.3782    6.95896    7.10149         85 0.0000e+00
       8377    348.999      6.000     6.5620   3.246734     6.5578   3.247655       4.42     0.0839     3.3529     3.0036  1.7132083  1.4488409   46.99862  -47.49364    32.3211    32.3352     6.5615     6.5573    25.3664    25.3781    6.96910    7.12050         82 0.0000e+00
       8466    352.694      7.000     6.5636   3.246931     6.5635   3.248174      57.70     0.0831     3.3589     3.0051  1.7135333  1.4491954   46.99862  -47.49364    32.3213    32.3351     6.5630     6.5629    25.3664    25.3773    6.99135    7.11137         91 0.0000e+00
       8526    355.199      8.000     6.5596   3.246652     6.5587   3.247844      86.57     0.0748     3.3648     3.0039  1.7147856  1.4493586   46.99862  -47.49364    32.3215    32.3355     6.5589     6.5580    25.3670    25.3782    7.01392    7.11270         38 0.0000e+00
       8572    357.117      9.000     6.5583   3.246576     6.5581   3.247809      94.39     0.0762     3.3695     3.0049  1.7151240  1.4487621   46.99862  -47.49363    32.3214    32.3353     6.5575     6.5573    25.3672    25.3782    7.02637    7.11622         56 0.0000e+00
       8627    359.436     10.000     6.5567   3.246485     6.5562   3.247721      67.09     0.0834     3.3752     3.0038  1.7145171  1.4484078   46.99860  -47.49362    32.3214    32.3355     6.5559     6.5554    25.3674    25.3786    7.03455    7.11071         46 0.0000e+00
       8664    360.955     11.000     6.5582   3.246665     6.5591   3.248010      74.56     0.0830     3.3770     3.0038  1.7143601  1.4484035   46.99860  -47.49362    32.3216    32.3355     6.5572     6.5581    25.3674    25.3782    7.03557    7.11567         33 0.0000e+00
       8703    362.570     12.000     6.5479   3.245824     6.5517   3.247438      93.03     0.0812     3.3800     3.0046  1.7142907  1.4481276   46.99860  -47.49362    32.3215    32.3358     6.5469     6.5506    25.3686    25.3794    7.05692    7.12377         50 0.0000e+00
       8760    364.973     13.000     6.5361   3.244920     6.5382   3.246378      88.20     0.0827     3.3855     3.0051  1.7143637  1.4481075   46.99860  -47.49362    32.3222    32.3364     6.5350     6.5371    25.3707    25.3816    7.06392    7.12043         51 0.0000e+00
       8798    366.541     14.000     6.4952   3.241593     6.4939   3.242770      92.31     0.0851     3.3867     3.0041  1.7143227  1.4480705   46.99860  -47.49362    32.3237    32.3380     6.4940     6.4927    25.3771    25.3885    7.07713    7.12491         33 0.0000e+00
       8836    368.115     15.000     6.4700   3.239517     6.4762   3.241331      90.14     0.0912     3.3892     3.0027  1.7143369  1.4469773   46.99860  -47.49361    32.3242    32.3383     6.4687     6.4750    25.3807    25.3910    7.07976    7.11974         47 0.0000e+00
       8897    370.656     16.000     6.4608   3.238807     6.4438   3.238733      80.22     0.0939     3.3912     3.0041  1.7165241  1.4409884   46.99860  -47.49360    32.3245    32.3398     6.4595     6.4425    25.3821    25.3963    7.09333    7.15023         64 0.0000e+00
       8941    372.494     17.000     6.3831   3.232655     6.3817   3.233766      95.58     0.0972     3.3895     3.0024  1.7153454  1.4395083   46.99860  -47.49360    32.3297    32.3432     6.3816     6.3803    25.3960    25.4069    7.04960    7.10302         28 0.0000e+00
       8966    373.529     18.000     6.3646   3.230944     6.3709   3.232853      81.60     0.0975     3.3848     2.9973  1.7166152  1.4385470   46.99860  -47.49360    32.3286    32.3429     6.3631     6.3694    25.3974    25.4080    7.02101    7.03528         25 0.0000e+00
       8996    374.795     19.000     6.3168   3.227151     6.2994   3.227300      93.78     0.0997     3.3608     2.9721  1.7174745  1.4354891   46.99860  -47.49358    32.3307    32.3475     6.3152     6.2978    25.4051    25.4206    6.80665    6.85252         42 0.0000e+00
       9086    378.526     20.000     6.1702   3.215743     6.2050   3.219650      65.60     0.1056     3.2735     2.9004  1.7194679  1.4275595   46.99858  -47.49358    32.3414    32.3533     6.1686     6.2034    25.4318    25.4369    6.83916    6.86886         68 0.0000e+00
       9122    380.030     21.000     5.9199   3.195771     5.9247   3.197325      90.22     0.1093     3.3079     2.9209  1.7193370  1.4299136   46.99858  -47.49358    32.3579    32.3707     5.9182     5.9230    25.4754    25.4850    7.16953    7.10410         29 0.0000e+00
       9153    381.348     22.000     4.9349   3.124735     4.9591   3.127155      92.01     0.1085     3.3342     2.9333  1.7243323  1.4175634   46.99858  -47.49356    32.5024    32.5067     4.9334     4.9575    25.7021    25.7028    7.38325    7.28579         35 0.0000e+00
       9195    383.065     23.000     3.2275   2.991360     3.3100   2.998542      88.29     0.1318     3.3598     2.9480  1.7392242  1.3715940   46.99858  -47.49356    32.6244    32.6277     3.2262     3.3086    25.9660    25.9612    7.77330    7.64271         48 0.0000e+00
       9249    385.316     24.000     2.0437   2.889703     2.0380   2.890690      88.70     0.1953     3.3874     2.9650  1.7677591  1.2438954   46.99858  -47.49356    32.5876    32.6058     2.0426     2.0368    26.0362    26.0512    8.07041    7.94602         57 0.0000e+00
       9297    387.332     25.000     1.7697   2.870969     1.7285   2.869298      94.04     0.1820     3.4009     2.9740  1.7836089  1.1057565   46.99858  -47.49356    32.6357    32.6574     1.7685     1.7273    26.0943    26.1146    8.07906    7.97092         40 0.0000e+00
       9340    389.107     26.000     1.5922   2.859146     1.5815   2.859699      74.82     0.1515     3.4005     2.9741  1.7908142  1.0340537   46.99856  -47.49354    32.6705    32.6887     1.5911     1.5803    26.1346    26.1498    8.09565    7.98804         49 0.0000e+00
       9392    391.296     27.000     1.5628   2.858185     1.5628   2.859264      87.70     0.1378     3.4035     2.9740  1.7941772  0.9913265   46.99856  -47.49354    32.6884    32.7021     1.5616     1.5616    26.1509    26.1619    8.12335    7.98472         47 0.0000e+00
       9428    392.793     28.000     1.5632   2.858562     1.5575   2.859204      95.34     0.1255     3.4057     2.9738  1.7938524  0.9764795   46.99856  -47.49354    32.6922    32.7063     1.5620     1.5562    26.1540    26.1656    8.12993    7.99813         30 0.0000e+00
       9459    394.102     29.000     1.4611   2.850925     1.4433   2.850608      84.99     0.1208     3.4065     2.9744  1.7994828  0.9616583   46.99856  -47.49354    32.7015    32.7161     1.4598     1.4420    26.1682    26.1811    8.12261    8.00353         37 0.0000e+00
       9522    396.712     30.000     1.3057   2.839651     1.3119   2.841189      76.87     0.1108     3.3940     2.9630  1.8030357  0.9288420   46.99856  -47.49352    32.7203    32.7333     1.3044     1.3107    26.1935    26.2036    8.07470    7.93865         77 0.0000e+00
       9576    398.978     31.000     1.2709   2.839675     1.2672   2.840258      95.61     0.1014     3.3883     2.9549  1.8010112  0.9250348   46.99855  -47.49352    32.7565    32.7678     1.2696     1.2659    26.2248    26.2341    8.12414    7.96387         38 0.0000e+00
       9614    400.526     32.000     1.3054   2.844414     1.3079   2.845495      84.81     0.1054     3.3875     2.9510  1.8073344  0.9112506   46.99854  -47.49352    32.7800    32.7912     1.3041     1.3065    26.2415    26.2503    8.09377    7.92909         39 0.0000e+00
       9655    402.255     33.000     1.1341   2.832177     1.1647   2.835483      92.64     0.0967     3.3814     2.9458  1.8075134  0.8771856   46.99854  -47.49350    32.8034    32.8134     1.1328     1.1634    26.2710    26.2772    8.09537    7.94981         45 0.0000e+00
       9704    404.296     34.000     1.0685   2.828020     1.0666   2.828785      89.14     0.0833     3.3774     2.9411  1.8079418  0.8678041   46.99854  -47.49350    32.8187    32.8305     1.0671     1.0652    26.2875    26.2971    8.13666    7.96849         50 0.0000e+00
       9747    406.085     35.000     1.0677   2.828749     1.0715   2.830090      83.33     0.0805     3.3779     2.9383  1.8141102  0.8495929   46.99852  -47.49350    32.8284    32.8415     1.0662     1.0700    26.2953    26.3057    8.15283    7.95227         36 0.0000e+00
       9781    407.488     36.000     0.9954   2.823683     1.0090   2.825728      82.94     0.0795     3.3767     2.9334  1.8161889  0.8379210   46.99852  -47.49348    32.8391    32.8509     0.9940     1.0076    26.3083    26.3170    8.11691    7.90815         34 0.0000e+00
       9841    409.994     37.000     0.9425   2.819782     0.9466   2.821245      86.96     0.0862     3.3676     2.9225  1.8205023  0.8198958   46.99852  -47.49348    32.8443    32.8588     0.9410     0.9452    26.3157    26.3271    8.12312    7.93369         85 0.0000e+00
       9901    412.503     38.000     0.9503   2.820563     0.9493   2.821632      80.36     0.0861     3.3668     2.9227  1.8217887  0.8090597   46.99852  -47.49348    32.8456    32.8603     0.9488     0.9478    26.3163    26.3282    8.11812    7.93659         30 0.0000e+00
       9925    413.514     39.000     0.9180   2.818415     0.9287   2.820256      95.50     0.0844     3.3626     2.9175  1.8262354  0.8062868   46.99852  -47.49348    32.8515    32.8639     0.9165     0.9271    26.3230    26.3323    8.08113    7.87819         24 0.0000e+00
       9952    414.620     40.000     0.7409   2.804407     0.7584   2.806803      89.98     0.0798     3.3581     2.9122  1.8274347  0.8034967   46.99850  -47.49346    32.8580    32.8704     0.7394     0.7568    26.3385    26.3475    8.12099    7.90482         31 0.0000e+00
      10017    417.329     41.000     0.7243   2.802866     0.7384   2.805206      71.14     0.0841     3.3465     2.8987  1.8327748  0.7770727   46.99850  -47.49346    32.8543    32.8705     0.7227     0.7368    26.3365    26.3487    8.07523    7.85784         93 0.0000e+00
      10084    420.140     42.000     0.5748   2.791246     0.6080   2.794974      96.12     0.0826     3.3336     2.8856  1.8339682  0.7763754   46.99850  -47.49346    32.8629    32.8759     0.5733     0.6065    26.3518    26.3604    8.08924    7.87631         37 0.0000e+00
      10122    421.728     43.000     0.4999   2.785146     0.4866   2.785111      84.84     0.0747     3.3316     2.8827  1.8400252  0.7634392   46.99850  -47.49344    32.8629    32.8765     0.4984     0.4851    26.3558    26.3676    8.14561    7.91546         43 0.0000e+00
      10165    423.482     44.000     0.3556   2.773474     0.3675   2.775441      94.30     0.0778     3.3291     2.8784  1.8446857  0.7453446   46.99848  -47.49344    32.8640    32.8770     0.3540     0.3660    26.3645    26.3743    8.12994    7.88178         36 0.0000e+00
      10194    424.711     45.000     0.2284   2.763180     0.2307   2.764426      80.12     0.0702     3.3230     2.8705  1.8469284  0.7371925   46.99848  -47.49344    32.8648    32.8786     0.2269     0.2292    26.3716    26.3826    8.10030    7.84876         27 0.0000e+00
      10229    426.149     46.000     0.1467   2.756440     0.1683   2.759238      76.54     0.0694     3.3142     2.8614  1.8529502  0.7217478   46.99848  -47.49343    32.8633    32.8769     0.1452     0.1667    26.3745    26.3844    8.11635    7.86289         52 0.0000e+00
      10305    429.325     47.000     0.1213   2.754567     0.1075   2.754463      95.73     0.0648     3.3063     2.8515  1.8574849  0.6942263   46.99848  -47.49342    32.8659    32.8788     0.1192     0.1060    26.3778    26.3888    8.16797    7.91244         64 0.0000e+00
      10339    430.761     48.000    -0.0713   2.739589    -0.0666   2.741222      81.81     0.0647     3.3066     2.8514  1.8600168  0.6992590   46.99848  -47.49342    32.8742    32.8879    -0.0728    -0.0681    26.3936    26.4045    8.22104    7.96244         33 0.0000e+00
      10382    432.537     49.000    -0.2722   2.723809    -0.2687   2.725182      86.26     0.0561     3.3080     2.8512  1.8665769  0.6850141   46.99848  -47.49341    32.8810    32.8955    -0.2736    -0.2702    26.4082    26.4197    8.28540    8.00947         53 0.0000e+00
      10431    434.592     50.000    -0.3010   2.722215    -0.3018   2.723291      57.72     0.0526     3.3107     2.8515  1.8719797  0.6647745   46.99846  -47.49340    32.8900    32.9052    -0.3025    -0.3032    26.4167    26.4290    8.30812    8.03207         40 0.0000e+00
      10470    436.189     51.000    -0.3046   2.722269    -0.3033   2.723506      82.74     0.0506     3.3123     2.8522  1.8799405  0.6478071   46.99846  -47.49340    32.8945    32.9094    -0.3062    -0.3048    26.4204    26.4325    8.29245    8.01437         44 0.0000e+00
      10528    438.630     52.000    -0.3166   2.721516    -0.3163   2.722658      83.35     0.0470     3.3079     2.8469  1.8803419  0.6343313   46.99846  -47.49340    32.8968    32.9117    -0.3181    -0.3179    26.4228    26.4349    8.24690    7.96533         62 0.0000e+00
      10574    440.556     53.000    -0.2986   2.723292    -0.3010   2.724245      95.47     0.0427     3.3037     2.8422  1.8813565  0.6344481   46.99846  -47.49340    32.9004    32.9156    -0.3002    -0.3026    26.4249    26.4374    8.24472    7.95619         40 0.0000e+00
      10624    442.615     54.000    -0.2852   2.725129    -0.2812   2.726526      85.94     0.0430     3.3002     2.8372  1.8860325  0.6268750   46.99846  -47.49339    32.9096    32.9240    -0.2869    -0.2828    26.4318    26.4433    8.22746    7.93084         55 0.0000e+00
      10671    444.595     55.000    -0.3977   2.716191    -0.3914   2.717796      84.17     0.0393     3.2963     2.8325  1.8876956  0.6249366   46.99846  -47.49338    32.9118    32.9264    -0.3993    -0.3930    26.4384    26.4499    8.23824    7.94329         40 0.0000e+00
      10713    446.346     56.000    -0.4364   2.713390    -0.4353   2.714642      87.17     0.0385     3.2927     2.8275  1.8881965  0.6227469   46.99846  -47.49338    32.9158    32.9311    -0.4380    -0.4369    26.4433    26.4556    8.23716    7.92484         46 0.0000e+00
      10758    448.209     57.000    -0.4648   2.711234    -0.4613   2.712639      82.29     0.0376     3.2883     2.8225  1.8929584  0.6089652   46.99846  -47.49338    32.9172    32.9322    -0.4664    -0.4629    26.4455    26.4575    8.22835    7.92677         41 0.0000e+00
      10799    449.915     58.000    -0.5156   2.707347    -0.5126   2.708697      95.44     0.0380     3.2826     2.8168  1.8970077  0.6042485   46.99846  -47.49337    32.9197    32.9346    -0.5172    -0.5142    26.4497    26.4615    8.19630    7.88412         45 0.0000e+00
