data/CTD/2013/CNV/D021A019.CNV
* Sea-Bird SBE 9 Data File:
* FileName = C:\CTD_ACQUISITION\2013021HUD\ctddata\021A019.hdr
* Software Version Seasave V 7.22.2
* Temperature SN = 5081
* Conductivity SN = 3561
* Number of Bytes Per Scan = 37
* Number of Voltage Words = 4
* Number of Scans Averaged by the Deck Unit = 1
* NMEA Latitude = 47 00.00 N
* NMEA Longitude = 046 40.17 W
* NMEA UTC (Time) = Jul 02 2013 04:50:47
* NMEA baud rate = 9600
** Ship: Hudson
** Cruise: HUD2013021
** Chief_Scientist: Greenan
** Organization: BIO
** Area_of_Operation: Sackville Spur
** Station: 19
** Sounding:  919
** Event_Comments: FC19  393125
# nquan = 25
# nvalues = 941                         
# units = specified
# name 0 = scan: Scan Count
# name 1 = timeS: Time, Elapsed [seconds]
# name 2 = prDM: Pressure, Digiquartz [db]
# name 3 = t068C: Temperature [ITS-68, deg C]
# name 4 = c0S/m: Conductivity [S/m]
# name 5 = t168C: Temperature, 2 [ITS-68, deg C]
# name 6 = c1S/m: Conductivity, 2 [S/m]
# name 7 = altM: Altimeter [m]
# name 8 = flCUVA: Fluorescence, Chelsea UV Aquatracka [ug/l]
# name 9 = sbeox0V: Oxygen raw, SBE 43 [V]
# name 10 = sbeox1V: Oxygen raw, SBE 43, 2 [V]
# name 11 = upoly0: Upoly 0, Optode 4330F - O2 D-Phase
# name 12 = upoly1: Upoly 1, Optode 4330F - O2 Temp
# name 13 = latitude: Latitude [deg]
# name 14 = longitude: Longitude [deg]
# name 15 = sal00: Salinity, Practical [PSU]
# name 16 = sal11: Salinity, Practical, 2 [PSU]
# name 17 = potemp068C: Potential Temperature [ITS-68, deg C]
# name 18 = potemp168C: Potential Temperature, 2 [ITS-68, deg C]
# name 19 = sigma-é00: Density [sigma-theta, Kg/m^3]
# name 20 = sigma-é11: Density, 2 [sigma-theta, Kg/m^3]
# name 21 = sbeox0ML/L: Oxygen, SBE 43 [ml/l], WS = 2
# name 22 = sbeox1ML/L: Oxygen, SBE 43, 2 [ml/l], WS = 2
# name 23 = nbin: number of scans per bin
# name 24 = flag: flag
# span 0 =       8830,      31053       
# span 1 =    367.871,   1293.826       
# span 2 =      3.000,    943.000       
# span 3 =     0.9295,     6.2461       
# span 4 =   2.857867,   3.356310       
# span 5 =     0.9339,     6.2451       
# span 6 =   2.859972,   3.357593       
# span 7 =       6.30,      99.72       
# span 8 =     0.0058,     0.1521       
# span 9 =     2.6045,     3.3712       
# span 10 =     2.3407,     3.0031      
# span 11 =  1.7213909,  2.0565710      
# span 12 =  0.8060648,  1.4113976      
# span 13 =   47.00120,   47.00274      
# span 14 =  -46.66990,  -46.66890      
# span 15 =    32.7719,    34.9374      
# span 16 =    32.7864,    34.9529      
# span 17 =     0.9281,     6.2457      
# span 18 =     0.9325,     6.2446      
# span 19 =    25.7620,    27.7349      
# span 20 =    25.7736,    27.7475      
# span 21 =    5.29744,    7.59281      
# span 22 =    5.46595,    7.75117      
# span 23 =         11,         96      
# span 24 = 0.0000e+00, 0.0000e+00      
# interval = decibars: 1                
# start_time = Jul 02 2013 04:50:47 [NMEA time, header]
# bad_flag = -9.990e-29
*END*
[from data line 464]
      20967    873.598    467.000     4.3765   3.303601     4.3765   3.304936      90.58     0.0076     2.7286     2.4490  1.9780220  1.1746074   47.00168  -46.66962    34.9203    34.9359     4.3413     4.3413    27.6865    27.6989    5.88719    6.06549         20 0.0000e+00
      20987    874.399    468.000     4.3859   3.304642     4.3843   3.305810      31.80     0.0130     2.7268     2.4478  1.9780848  1.1746032   47.00168  -46.66962    34.9221    34.9374     4.3506     4.3490    27.6869    27.6993    5.88011    6.05744         19 0.0000e+00
      21006    875.204    469.000     4.3858   3.304684     4.3862   3.306041      96.55     0.0151     2.7250     2.4457  1.9789170  1.1737086   47.00168  -46.66962    34.9221    34.9377     4.3505     4.3508    27.6869    27.6993    5.87588    6.05832         19 0.0000e+00
      21026    876.023    470.000     4.3885   3.305014     4.3908   3.306573      95.98     0.0149     2.7234     2.4453  1.9790601  1.1733814   47.00170  -46.66962    34.9226    34.9385     4.3531     4.3553    27.6870    27.6994    5.88000    6.06588         20 0.0000e+00
      21045    876.849    471.000     4.3951   3.305765     4.3948   3.307053      83.02     0.0165     2.7225     2.4443  1.9794843  1.1733822   47.00170  -46.66961    34.9240    34.9394     4.3596     4.3593    27.6874    27.6997    5.88666    6.07515         20 0.0000e+00
      21065    877.685    472.000     4.4047   3.306820     4.3995   3.307575      75.45     0.0174     2.7223     2.4454  1.9804006  1.1733822   47.00170  -46.66960    34.9257    34.9401     4.3690     4.3638    27.6878    27.6997    5.89095    6.08784         20 0.0000e+00
      21085    878.492    473.000     4.4093   3.307371     4.4064   3.308359      95.73     0.0156     2.7222     2.4455  1.9802724  1.1733822   47.00170  -46.66960    34.9267    34.9415     4.3736     4.3706    27.6880    27.7001    5.89858    6.08210         19 0.0000e+00
      21103    879.254    474.000     4.4088   3.307357     4.4087   3.308670      96.51     0.0165     2.7232     2.4460  1.9793813  1.1743938   47.00170  -46.66960    34.9266    34.9421     4.3730     4.3729    27.6881    27.7004    5.90632    6.09760         17 0.0000e+00
      21121    879.984    475.000     4.4115   3.307725     4.4102   3.308910      76.03     0.0173     2.7234     2.4477  1.9792421  1.1746045   47.00172  -46.66960    34.9275    34.9428     4.3756     4.3743    27.6885    27.7008    5.91128    6.10413         18 0.0000e+00
      21138    880.724    476.000     4.4075   3.307374     4.4078   3.308731      77.60     0.0145     2.7245     2.4481  1.9794450  1.1747379   47.00172  -46.66960    34.9271    34.9428     4.3716     4.3718    27.6886    27.7010    5.92077    6.09413         18 0.0000e+00
      21158    881.545    477.000     4.3843   3.305115     4.3883   3.306849      96.03     0.0170     2.7262     2.4484  1.9804422  1.1758009   47.00172  -46.66960    34.9245    34.9406     4.3483     4.3523    27.6891    27.7015    5.92650    6.09746         22 0.0000e+00
      21182    882.544    478.000     4.3759   3.304307     4.3771   3.305769      92.42     0.0198     2.7270     2.4488  1.9806021  1.1757320   47.00172  -46.66960    34.9234    34.9393     4.3399     4.3411    27.6891    27.7016    5.92592    6.09914         26 0.0000e+00
      21209    883.676    479.000     4.3715   3.303895     4.3726   3.305341      73.18     0.0172     2.7281     2.4488  1.9816943  1.1745934   47.00172  -46.66960    34.9227    34.9385     4.3354     4.3365    27.6890    27.7015    5.92847    6.09523         27 0.0000e+00
      21237    884.816    480.000     4.3675   3.303513     4.3678   3.304878      68.37     0.0119     2.7283     2.4485  1.9812913  1.1742096   47.00173  -46.66960    34.9219    34.9377     4.3313     4.3316    27.6889    27.7013    5.92307    6.09722         28 0.0000e+00
      21262    885.868    481.000     4.3601   3.302824     4.3598   3.304107      75.48     0.0138     2.7286     2.4485  1.9804692  1.1733874   47.00174  -46.66960    34.9210    34.9365     4.3239     4.3236    27.6890    27.7013    5.93133    6.10213         23 0.0000e+00
      21283    886.752    482.000     4.3585   3.302696     4.3582   3.303981      78.39     0.0159     2.7292     2.4487  1.9809150  1.1731889   47.00174  -46.66960    34.9207    34.9362     4.3222     4.3219    27.6889    27.7012    5.92871    6.10610         19 0.0000e+00
      21301    887.506    483.000     4.3572   3.302610     4.3571   3.303942      96.75     0.0141     2.7289     2.4489  1.9826317  1.1721534   47.00174  -46.66960    34.9206    34.9363     4.3208     4.3208    27.6889    27.7014    5.93467    6.11266         17 0.0000e+00
      21317    888.169    484.000     4.3562   3.302557     4.3565   3.303924      95.92     0.0117     2.7300     2.4497  1.9825802  1.1721612   47.00176  -46.66960    34.9205    34.9362     4.3198     4.3201    27.6890    27.7015    5.94210    6.12009         15 0.0000e+00
      21331    888.771    485.000     4.3553   3.302523     4.3554   3.303854      92.34     0.0136     2.7298     2.4502  1.9827316  1.1719868   47.00176  -46.66960    34.9206    34.9361     4.3188     4.3189    27.6891    27.7015    5.94193    6.12009         14 0.0000e+00
      21345    889.344    486.000     4.3547   3.302515     4.3546   3.303835      51.28     0.0161     2.7309     2.4503  1.9829031  1.1709574   47.00176  -46.66960    34.9205    34.9362     4.3181     4.3180    27.6892    27.7016    5.94953    6.11690         14 0.0000e+00
      21359    889.933    487.000     4.3541   3.302496     4.3541   3.303836      94.66     0.0151     2.7316     2.4508  1.9829060  1.1709402   47.00176  -46.66960    34.9204    34.9362     4.3175     4.3174    27.6891    27.7017    5.94490    6.12182         14 0.0000e+00
      21376    890.615    488.000     4.3489   3.302001     4.3493   3.303384      96.97     0.0130     2.7314     2.4513  1.9829060  1.1708769   47.00176  -46.66960    34.9196    34.9354     4.3122     4.3125    27.6891    27.7016    5.94101    6.13007         19 0.0000e+00
      21404    891.797    489.000     4.3372   3.300889     4.3373   3.302248      75.16     0.0114     2.7319     2.4527  1.9821203  1.1697732   47.00176  -46.66960    34.9183    34.9341     4.3004     4.3006    27.6894    27.7019    5.94921    6.13327         40 0.0000e+00
      21439    893.259    490.000     4.3334   3.300568     4.3331   3.301872      44.37     0.0099     2.7325     2.4531  1.9816701  1.1689086   47.00178  -46.66960    34.9180    34.9336     4.2966     4.2975    27.6895    27.7020    5.95553    6.12516         25 0.0000e+00
      21460    894.133    491.000     4.3295   3.300230     4.3294   3.301557      96.57     0.0139     2.7331     2.4529  1.9814255  1.1684941   47.00178  -46.66960    34.9176    34.9333     4.2927     4.2925    27.6896    27.7021    5.96145    6.12684         19 0.0000e+00
      21478    894.885    492.000     4.3251   3.299841     4.3249   3.301152      81.63     0.0131     2.7343     2.4531  1.9810332  1.1684982   47.00178  -46.66960    34.9172    34.9328     4.2882     4.2879    27.6898    27.7022    5.96938    6.13043         17 0.0000e+00
      21496    895.614    493.000     4.3218   3.299540     4.3217   3.300884      60.59     0.0098     2.7348     2.4530  1.9804562  1.1684982   47.00178  -46.66959    34.9166    34.9325     4.2848     4.2847    27.6896    27.7023    5.96094    6.13141         18 0.0000e+00
      21515    896.420    494.000     4.3207   3.299475     4.3204   3.300813      88.91     0.0124     2.7345     2.4531  1.9804640  1.1684982   47.00178  -46.66958    34.9164    34.9325     4.2837     4.2833    27.6896    27.7025    5.94458    6.12732         22 0.0000e+00
      21539    897.431    495.000     4.3231   3.299806     4.3225   3.301081      96.40     0.0143     2.7327     2.4520  1.9815840  1.1666316   47.00179  -46.66958    34.9173    34.9329     4.2859     4.2854    27.6901    27.7026    5.93069    6.10711         26 0.0000e+00
      21565    898.485    496.000     4.3241   3.299971     4.3238   3.301268      63.07     0.0095     2.7305     2.4498  1.9816874  1.1660960   47.00180  -46.66958    34.9176    34.9332     4.2869     4.2866    27.6903    27.7027    5.92737    6.09874         23 0.0000e+00
      21584    899.287    497.000     4.3240   3.300005     4.3238   3.301315      96.65     0.0088     2.7298     2.4487  1.9794286  1.1660551   47.00180  -46.66958    34.9177    34.9332     4.2867     4.2865    27.6903    27.7027    5.93136    6.10825         16 0.0000e+00
      21600    899.943    498.000     4.3242   3.300084     4.3239   3.301393      96.51     0.0135     2.7284     2.4483  1.9792413  1.1660562   47.00180  -46.66958    34.9178    34.9335     4.2868     4.2865    27.6904    27.7029    5.92817    6.11196         16 0.0000e+00
      21614    900.561    499.000     4.3252   3.300262     4.3248   3.301560      97.02     0.0168     2.7283     2.4480  1.9792429  1.1660562   47.00180  -46.66958    34.9183    34.9340     4.2877     4.2873    27.6907    27.7032    5.92741    6.10472         14 0.0000e+00
      21630    901.204    500.000     4.3297   3.300873     4.3290   3.302119      59.92     0.0114     2.7267     2.4470  1.9802412  1.1660562   47.00180  -46.66958    34.9203    34.9356     4.2921     4.2914    27.6918    27.7041    5.92398    6.10018         17 0.0000e+00
      21648    901.955    501.000     4.3372   3.301723     4.3369   3.303019      88.95     0.0078     2.7264     2.4463  1.9804571  1.1660562   47.00182  -46.66958    34.9219    34.9373     4.2995     4.2992    27.6923    27.7046    5.91800    6.10354         20 0.0000e+00
      21672    902.960    502.000     4.3388   3.301939     4.3384   3.303225      88.60     0.0133     2.7240     2.4454  1.9804640  1.1660562   47.00182  -46.66958    34.9221    34.9377     4.3010     4.3006    27.6923    27.7047    5.90827    6.09263         28 0.0000e+00
      21701    904.166    503.000     4.3395   3.302067     4.3391   3.303359      46.27     0.0160     2.7215     2.4430  1.9804640  1.1660562   47.00182  -46.66958    34.9224    34.9379     4.3017     4.3013    27.6924    27.7048    5.89291    6.07416         28 0.0000e+00
      21727    905.249    504.000     4.3405   3.302246     4.3402   3.303535      97.17     0.0155     2.7185     2.4403  1.9804640  1.1669370   47.00182  -46.66958    34.9228    34.9384     4.3026     4.3022    27.6927    27.7051    5.88881    6.06441         24 0.0000e+00
      21750    906.206    505.000     4.3440   3.302680     4.3435   3.303950      96.24     0.0156     2.7162     2.4383  1.9804640  1.1672840   47.00184  -46.66958    34.9237    34.9392     4.3060     4.3055    27.6931    27.7054    5.87677    6.05923         22 0.0000e+00
      21772    907.106    506.000     4.3499   3.303373     4.3491   3.304628      67.49     0.0154     2.7136     2.4356  1.9804640  1.1678334   47.00184  -46.66958    34.9251    34.9404     4.3118     4.3110    27.6935    27.7058    5.86599    6.04553         22 0.0000e+00
      21792    907.965    507.000     4.3601   3.304543     4.3593   3.305794      90.21     0.0119     2.7107     2.4336  1.9804640  1.1675968   47.00184  -46.66958    34.9276    34.9431     4.3218     4.3211    27.6944    27.7068    5.85364    6.04280         19 0.0000e+00
      21811    908.748    508.000     4.3652   3.305146     4.3646   3.306411      97.06     0.0102     2.7080     2.4315  1.9801861  1.1681030   47.00184  -46.66959    34.9288    34.9443     4.3268     4.3262    27.6949    27.7072    5.84916    6.03508         18 0.0000e+00
      21828    909.455    509.000     4.3706   3.305776     4.3697   3.307002      95.97     0.0112     2.7061     2.4297  1.9781258  1.1685079   47.00184  -46.66960    34.9300    34.9453     4.3321     4.3313    27.6952    27.7074    5.84896    6.03769         16 0.0000e+00
      21844    910.107    510.000     4.3782   3.306654     4.3769   3.307822      65.02     0.0148     2.7042     2.4290  1.9784045  1.1684982   47.00186  -46.66958    34.9317    34.9469     4.3396     4.3383    27.6957    27.7079    5.85388    6.03893         16 0.0000e+00
      21859    910.737    511.000     4.3810   3.306994     4.3803   3.308251      77.15     0.0181     2.7038     2.4277  1.9788271  1.1685779   47.00186  -46.66958    34.9323    34.9477     4.3423     4.3416    27.6959    27.7083    5.86330    6.03389         15 0.0000e+00
      21874    911.391    512.000     4.3809   3.307068     4.3804   3.308334      17.04     0.0178     2.7033     2.4267  1.9804515  1.1697104   47.00186  -46.66958    34.9327    34.9481     4.3422     4.3417    27.6962    27.7085    5.86049    6.03893         16 0.0000e+00
      21893    912.155    513.000     4.3881   3.307896     4.3864   3.309026      79.58     0.0169     2.7023     2.4264  1.9804640  1.1697192   47.00186  -46.66958    34.9343    34.9494     4.3492     4.3475    27.6968    27.7089    5.85077    6.04619         21 0.0000e+00
      21921    913.324    514.000     4.3965   3.308843     4.3951   3.310013      74.84     0.0153     2.7003     2.4255  1.9813231  1.1706114   47.00186  -46.66958    34.9361    34.9513     4.3575     4.3561    27.6973    27.7095    5.84477    6.03845         36 0.0000e+00
      21954    914.725    515.000     4.4011   3.309416     4.3998   3.310587      85.51     0.0166     2.6984     2.4249  1.9817393  1.1714419   47.00186  -46.66958    34.9374    34.9525     4.3620     4.3607    27.6978    27.7100    5.84840    6.04269         28 0.0000e+00
      21978    915.719    516.000     4.4000   3.309364     4.3993   3.310616      88.70     0.0145     2.6976     2.4242  1.9816844  1.1732860   47.00187  -46.66958    34.9374    34.9529     4.3608     4.3601    27.6980    27.7103    5.85483    6.03576         21 0.0000e+00
      21998    916.535    517.000     4.3967   3.309086     4.3970   3.310446      60.97     0.0134     2.6983     2.4238  1.9816849  1.1733842   47.00188  -46.66958    34.9371    34.9527     4.3575     4.3578    27.6981    27.7105    5.86516    6.03749         18 0.0000e+00
      22016    917.276    518.000     4.3957   3.309036     4.3954   3.310332      96.52     0.0143     2.6985     2.4232  1.9838697  1.1733822   47.00188  -46.66958    34.9370    34.9526     4.3564     4.3561    27.6981    27.7106    5.86278    6.04145         18 0.0000e+00
      22033    917.996    519.000     4.3940   3.308906     4.3937   3.310207      95.89     0.0161     2.6984     2.4235  1.9841968  1.1733822   47.00188  -46.66958    34.9368    34.9523     4.3546     4.3544    27.6982    27.7105    5.86199    6.05332         17 0.0000e+00
      22051    918.731    520.000     4.3926   3.308804     4.3924   3.310119      90.14     0.0135     2.6984     2.4242  1.9843308  1.1733822   47.00188  -46.66958    34.9366    34.9522     4.3531     4.3529    27.6982    27.7106    5.86041    6.05591         18 0.0000e+00
      22070    919.532    521.000     4.3905   3.308643     4.3905   3.309984      64.05     0.0132     2.6980     2.4242  1.9853359  1.1733822   47.00188  -46.66958    34.9364    34.9520     4.3510     4.3510    27.6982    27.7106    5.85433    6.05314         21 0.0000e+00
      22091    920.401    522.000     4.3892   3.308564     4.3890   3.309868      96.14     0.0124     2.6971     2.4245  1.9853480  1.1733822   47.00190  -46.66958    34.9363    34.9518     4.3496     4.3494    27.6983    27.7106    5.85620    6.05498         21 0.0000e+00
      22112    921.273    523.000     4.3852   3.308205     4.3853   3.309538      96.66     0.0135     2.6974     2.4245  1.9854091  1.1733822   47.00190  -46.66958    34.9358    34.9513     4.3455     4.3456    27.6983    27.7107    5.86983    6.05249         20 0.0000e+00
