data/CTD/2013/CNV/D021A055.CNV
* Sea-Bird SBE 9 Data File:
* FileName = C:\CTD_ACQUISITION\2013021HUD\ctddata\021A055.hdr
* Software Version Seasave V 7.22.2
* Temperature SN = 5081
* Conductivity SN = 3561
* Number of Bytes Per Scan = 37
* Number of Voltage Words = 4
* Number of Scans Averaged by the Deck Unit = 1
* NMEA Latitude = 48 38.94 N
* NMEA Longitude = 045 31.50 W
* NMEA UTC (Time) = Jul 05 2013 08:04:59
* NMEA baud rate = 9600
** Ship: Hudson
** Cruise: HUD2013021
** Chief_Scientist: Greenan
** Organization: BIO
** Area_of_Operation: Sackville Spur
** Station: 55
** Sounding:  1100
** Event_Comments: SS22  393219
# nquan = 25
# nvalues = 1129                        
# units = specified
# name 0 = scan: Scan Count
# name 1 = timeS: Time, Elapsed [seconds]
# name 2 = prDM: Pressure, Digiquartz [db]
# name 3 = t068C: Temperature [ITS-68, deg C]
# name 4 = c0S/m: Conductivity [S/m]
# name 5 = t168C: Temperature, 2 [ITS-68, deg C]
# name 6 = c1S/m: Conductivity, 2 [S/m]
# name 7 = altM: Altimeter [m]
# name 8 = flCUVA: Fluorescence, Chelsea UV Aquatracka [ug/l]
# name 9 = sbeox0V: Oxygen raw, SBE 43 [V]
# name 10 = sbeox1V: Oxygen raw, SBE 43, 2 [V]
# name 11 = upoly0: Upoly 0, Optode 4330F - O2 D-Phase
# name 12 = upoly1: Upoly 1, Optode 4330F - O2 Temp
# name 13 = latitude: Latitude [deg]
# name 14 = longitude: Longitude [deg]
# name 15 = sal00: Salinity, Practical [PSU]
# name 16 = sal11: Salinity, Practical, 2 [PSU]
# name 17 = potemp068C: Potential Temperature [ITS-68, deg C]
# name 18 = potemp168C: Potential Temperature, 2 [ITS-68, deg C]
# name 19 = sigma-é00: Density [sigma-theta, Kg/m^3]
# name 20 = sigma-é11: Density, 2 [sigma-theta, Kg/m^3]
# name 21 = sbeox0ML/L: Oxygen, SBE 43 [ml/l], WS = 2
# name 22 = sbeox1ML/L: Oxygen, SBE 43, 2 [ml/l], WS = 2
# name 23 = nbin: number of scans per bin
# name 24 = flag: flag
# span 0 =       8117,      33523       
# span 1 =    338.174,   1396.744       
# span 2 =      2.000,   1130.000       
# span 3 =     1.8130,     7.0559       
# span 4 =   2.989112,   3.398276       
# span 5 =     1.8123,     7.0575       
# span 6 =   2.990504,   3.399613       
# span 7 =     -16.26,      97.26       
# span 8 =     0.0046,     0.5150       
# span 9 =     2.5166,     3.3542       
# span 10 =     2.2619,     3.0024      
# span 11 =  1.7090392,  2.0355376      
# span 12 =  0.8757019,  1.5115077      
# span 13 =   48.64758,   48.64902      
# span 14 =  -45.52502,  -45.52353      
# span 15 =    33.4159,    36.1913      
# span 16 =    33.4366,    34.9309      
# span 17 =     1.8109,     7.0556      
# span 18 =     1.8103,     7.0572      
# span 19 =    26.2293,    28.8632      
# span 20 =    26.2402,    27.7703      
# span 21 =    5.88408,    6.96576      
# span 22 =    6.09440,    7.04333      
# span 23 =          8,         94      
# span 24 = 0.0000e+00, 0.0000e+00      
# interval = decibars: 1                
# start_time = Jul 05 2013 08:04:59 [NMEA time, header]
# bad_flag = -9.990e-29
*END*
[from data line 1102]
      31788   1324.452   1104.000     3.7276   3.272732     3.7272   3.274076      33.15     0.0100     2.5309     2.2769  2.0261304  1.0918850   48.64792  -45.52490    34.9118    34.9282     3.6448     3.6443    27.7526    27.7657    5.91588    6.12646         39 0.0000e+00
      31865   1327.655   1105.000     3.7276   3.272782     3.7273   3.274124      32.31     0.0097     2.5306     2.2754  2.0275090  1.0915411   48.64793  -45.52490    34.9119    34.9281     3.6447     3.6443    27.7526    27.7657    5.91480    6.11991         94 0.0000e+00
      31976   1332.280   1106.000     3.7272   3.272809     3.7268   3.274141      31.80     0.0121     2.5290     2.2742  2.0278628  1.0919176   48.64794  -45.52492    34.9121    34.9284     3.6442     3.6437    27.7529    27.7659    5.91175    6.11869         26 0.0000e+00
      31994   1333.056   1107.000     3.7263   3.272783     3.7259   3.274119      31.32     0.0145     2.5297     2.2739  2.0280213  1.0925487   48.64794  -45.52492    34.9122    34.9285     3.6432     3.6428    27.7531    27.7661    5.91321    6.11821         19 0.0000e+00
      32013   1333.844   1108.000     3.7259   3.272797     3.7255   3.274130      29.56     0.0153     2.5291     2.2737  2.0279536  1.0919526   48.64795  -45.52492    34.9123    34.9286     3.6428     3.6423    27.7532    27.7662    5.90701    6.11733         19 0.0000e+00
      32034   1334.708   1109.000     3.7256   3.272817     3.7252   3.274143      28.60     0.0129     2.5288     2.2733  2.0276330  1.0915843   48.64796  -45.52492    34.9123    34.9285     3.6424     3.6419    27.7533    27.7662    5.90655    6.11092         24 0.0000e+00
      32093   1337.161   1110.000     3.7257   3.272847     3.7254   3.274197      26.99     0.0140     2.5269     2.2714  2.0276914  1.0911305   48.64797  -45.52492    34.9121    34.9285     3.6424     3.6420    27.7531    27.7661    5.89699    6.10524         59 0.0000e+00
      32147   1339.421   1111.000     3.7244   3.272789     3.7240   3.274135      26.48     0.0175     2.5261     2.2703  2.0274913  1.0915840   48.64798  -45.52492    34.9123    34.9286     3.6410     3.6406    27.7534    27.7664    5.90874    6.11058         27 0.0000e+00
      32172   1340.476   1112.000     3.7234   3.272761     3.7231   3.274105      25.84     0.0162     2.5258     2.2700  2.0274971  1.0915751   48.64798  -45.52492    34.9125    34.9288     3.6399     3.6396    27.7536    27.7666    5.90627    6.10638         25 0.0000e+00
      32197   1341.499   1113.000     3.7235   3.272810     3.7230   3.274139      24.32     0.0164     2.5261     2.2694  2.0276434  1.0915751   48.64798  -45.52492    34.9125    34.9288     3.6399     3.6394    27.7536    27.7667    5.90839    6.10874         25 0.0000e+00
      32222   1342.541   1114.000     3.7232   3.272827     3.7228   3.274159      23.91     0.0181     2.5255     2.2696  2.0280740  1.0904254   48.64799  -45.52492    34.9125    34.9288     3.6395     3.6391    27.7537    27.7667    5.89896    6.11301         26 0.0000e+00
      32251   1343.743   1115.000     3.7223   3.272791     3.7218   3.274124      23.53     0.0148     2.5250     2.2690  2.0285449  1.0903560   48.64800  -45.52492    34.9126    34.9289     3.6385     3.6380    27.7538    27.7669    5.89871    6.10777         33 0.0000e+00
      32314   1346.389   1116.000     3.7217   3.272775     3.7213   3.274116      22.04     0.0181     2.5236     2.2688  2.0297940  1.0903541   48.64801  -45.52493    34.9125    34.9288     3.6379     3.6375    27.7538    27.7669    5.89541    6.11294         82 0.0000e+00
      32368   1348.617   1117.000     3.7176   3.272490     3.7173   3.273840      21.51     0.0173     2.5224     2.2686  2.0293388  1.0914700   48.64802  -45.52494    34.9129    34.9292     3.6338     3.6382    27.7546    27.7676    5.89721    6.10500         28 0.0000e+00
      32394   1349.693   1118.000     3.7159   3.272398     3.7154   3.273726      19.93     0.0158     2.5221     2.2678  2.0295398  1.0913870   48.64802  -45.52494    34.9131    34.9294     3.6320     3.6314    27.7549    27.7680    5.89616    6.09669         26 0.0000e+00
      32421   1350.843   1119.000     3.7153   3.272384     3.7149   3.273731      19.68     0.0181     2.5214     2.2666  2.0295019  1.0903816   48.64802  -45.52494    34.9131    34.9295     3.6313     3.6309    27.7550    27.7681    5.88739    6.09709         31 0.0000e+00
      32468   1352.781   1120.000     3.7145   3.272359     3.7142   3.273705      18.54     0.0160     2.5204     2.2656  2.0312715  1.0898259   48.64804  -45.52494    34.9131    34.9294     3.6305     3.6301    27.7550    27.7681    5.89384    6.09970         63 0.0000e+00
      32520   1354.956   1121.000     3.7136   3.272342     3.7131   3.273662      17.64     0.0105     2.5199     2.2653  2.0304935  1.0903755   48.64804  -45.52494    34.9133    34.9296     3.6295     3.6289    27.7553    27.7683    5.89087    6.10783         35 0.0000e+00
      32549   1356.185   1122.000     3.7118   3.272252     3.7114   3.273586      16.64     0.0119     2.5194     2.2655  2.0314827  1.0902671   48.64804  -45.52494    34.9136    34.9299     3.6276     3.6272    27.7558    27.7688    5.89091    6.10822         28 0.0000e+00
      32578   1357.377   1123.000     3.7089   3.272058     3.7084   3.273394      14.51     0.0147     2.5186     2.2651  2.0319026  1.0901924   48.64806  -45.52494    34.9140    34.9303     3.6246     3.6241    27.7563    27.7694    5.88408    6.09831         30 0.0000e+00
      32622   1359.213   1124.000     3.7074   3.271981     3.7070   3.273321      14.49     0.0122     2.5182     2.2638  2.0320864  1.0892684   48.64806  -45.52494    34.9141    34.9304     3.6230     3.6226    27.7566    27.7696    5.89284    6.09440         70 0.0000e+00
      32698   1362.374   1125.000     3.7078   3.272070     3.7071   3.273384      13.51     0.0111     2.5182     2.2630  2.0325778  1.0891331   48.64806  -45.52494    34.9142    34.9305     3.6233     3.6226    27.7567    27.7697    5.89424    6.10687         52 0.0000e+00
      32733   1363.852   1126.000     3.7074   3.272085     3.7069   3.273417      13.00     0.0099     2.5173     2.2631  2.0321257  1.0891331   48.64807  -45.52496    34.9143    34.9306     3.6229     3.6224    27.7568    27.7698    5.88567    6.09810         35 0.0000e+00
      32770   1365.380   1127.000     3.7075   3.272142     3.7070   3.273474      11.86     0.0107     2.5172     2.2627  2.0308027  1.0891018   48.64808  -45.52496    34.9144    34.9307     3.6229     3.6223    27.7569    27.7699    5.89491    6.10290         39 0.0000e+00
      32808   1366.951   1128.000     3.7044   3.271936     3.7052   3.273361      11.13     0.0103     2.5168     2.2628  2.0330157  1.0888485   48.64808  -45.52496    34.9146    34.9309     3.6198     3.6205    27.7574    27.7702    5.89233    6.10199         35 0.0000e+00
      33082   1378.359   1129.000     3.7053   3.272042     3.7045   3.273349       9.95     0.0138     2.5166     2.2619  2.0336258  1.0890352   48.64809  -45.52498    34.9146    34.9309     3.6205     3.6197    27.7572    27.7703    5.89695    6.10136         70 0.0000e+00
      33523   1396.744   1130.000     3.7087   3.272361     3.7090   3.273779       9.00     0.0132     2.5172     2.2642  2.0355377  1.0892124   48.64811  -45.52502    34.9141    34.9307     3.6239     3.6241    27.7565    27.7697    5.90907    6.11751          8 0.0000e+00
