data/CTD/2013/CNV/D021A052.CNV
* Sea-Bird SBE 9 Data File:
* FileName = C:\CTD_ACQUISITION\2013021HUD\ctddata\021A052.hdr
* Software Version Seasave V 7.22.2
* Temperature SN = 5081
* Conductivity SN = 3561
* Number of Bytes Per Scan = 37
* Number of Voltage Words = 4
* Number of Scans Averaged by the Deck Unit = 1
* NMEA Latitude = 48 48.44 N
* NMEA Longitude = 045 41.76 W
* NMEA UTC (Time) = Jul 05 2013 04:01:06
* NMEA baud rate = 9600
** Ship: Hudson
** Cruise: HUD2013021
** Chief_Scientist: Greenan
** Organization: BIO
** Area_of_Operation: Sackville Spur
** Station: 52
** Sounding:  1600
** Event_Comments: SS25  393213
# nquan = 25
# nvalues = 1809                        
# units = specified
# name 0 = scan: Scan Count
# name 1 = timeS: Time, Elapsed [seconds]
# name 2 = prDM: Pressure, Digiquartz [db]
# name 3 = t068C: Temperature [ITS-68, deg C]
# name 4 = c0S/m: Conductivity [S/m]
# name 5 = t168C: Temperature, 2 [ITS-68, deg C]
# name 6 = c1S/m: Conductivity, 2 [S/m]
# name 7 = altM: Altimeter [m]
# name 8 = flCUVA: Fluorescence, Chelsea UV Aquatracka [ug/l]
# name 9 = sbeox0V: Oxygen raw, SBE 43 [V]
# name 10 = sbeox1V: Oxygen raw, SBE 43, 2 [V]
# name 11 = upoly0: Upoly 0, Optode 4330F - O2 D-Phase
# name 12 = upoly1: Upoly 1, Optode 4330F - O2 Temp
# name 13 = latitude: Latitude [deg]
# name 14 = longitude: Longitude [deg]
# name 15 = sal00: Salinity, Practical [PSU]
# name 16 = sal11: Salinity, Practical, 2 [PSU]
# name 17 = potemp068C: Potential Temperature [ITS-68, deg C]
# name 18 = potemp168C: Potential Temperature, 2 [ITS-68, deg C]
# name 19 = sigma-é00: Density [sigma-theta, Kg/m^3]
# name 20 = sigma-é11: Density, 2 [sigma-theta, Kg/m^3]
# name 21 = sbeox0ML/L: Oxygen, SBE 43 [ml/l], WS = 2
# name 22 = sbeox1ML/L: Oxygen, SBE 43, 2 [ml/l], WS = 2
# name 23 = nbin: number of scans per bin
# name 24 = flag: flag
# span 0 =       9018,      49715       
# span 1 =    375.728,   2071.403       
# span 2 =      2.000,   1810.000       
# span 3 =     2.1871,     8.8239       
# span 4 =   3.109222,   3.612885       
# span 5 =     2.9202,     8.8238       
# span 6 =   3.110472,   3.614322       
# span 7 =     -79.05,      97.34       
# span 8 =     0.0056,     0.9892       
# span 9 =     2.3357,     3.3781       
# span 10 =     2.0992,     3.0185      
# span 11 =  1.6703296,  2.0766298      
# span 12 =  1.0100815,  1.7301616      
# span 13 =   48.80720,   48.80810      
# span 14 =  -45.69658,  -45.69454      
# span 15 =    34.0054,    36.7362      
# span 16 =    34.0272,    34.9383      
# span 17 =     2.1396,     8.8221      
# span 18 =     2.9166,     8.8220      
# span 19 =    26.4259,    29.3436      
# span 20 =    26.4381,    27.8284      
# span 21 =    5.86080,    6.79868      
# span 22 =    6.07593,    6.94242      
# span 23 =          2,         87      
# span 24 = 0.0000e+00, 0.0000e+00      
# interval = decibars: 1                
# start_time = Jul 05 2013 04:01:06 [NMEA time, header]
# bad_flag = -9.990e-29
*END*
[from data line 696]
      25458   1060.692    698.000     3.8544   3.264798     3.8543   3.266146      94.37     0.0135     2.7094     2.4349  1.9760699  1.1078755   48.80768  -45.69530    34.8929    34.9090     3.8035     3.8034    27.7215    27.7343    6.12622    6.31496         20 0.0000e+00
      25477   1061.499    699.000     3.8549   3.264902     3.8547   3.266230      95.21     0.0140     2.7097     2.4349  1.9753879  1.1073203   48.80768  -45.69530    34.8930    34.9091     3.8040     3.8059    27.7215    27.7343    6.11972    6.31300         19 0.0000e+00
      25496   1062.277    700.000     3.8549   3.264938     3.8545   3.266248      94.84     0.0110     2.7088     2.4347  1.9743785  1.1070044   48.80768  -45.69530    34.8930    34.9090     3.8038     3.8034    27.7215    27.7343    6.09995    6.31528         19 0.0000e+00
      25515   1063.097    701.000     3.8543   3.264935     3.8541   3.266265      94.19     0.0124     2.7072     2.4349  1.9743589  1.1075045   48.80768  -45.69530    34.8931    34.9091     3.8032     3.8030    27.7216    27.7344    6.10282    6.31835         20 0.0000e+00
      25537   1063.993    702.000     3.8540   3.264939     3.8537   3.266276      50.87     0.0151     2.7066     2.4350  1.9743589  1.1064481   48.80768  -45.69530    34.8930    34.9091     3.8028     3.8025    27.7216    27.7344    6.10932    6.31531         23 0.0000e+00
      25559   1064.931    703.000     3.8541   3.265013     3.8539   3.266338      81.11     0.0137     2.7062     2.4346  1.9743589  1.1064491   48.80768  -45.69530    34.8931    34.9091     3.8029     3.8026    27.7217    27.7344    6.11281    6.31118         22 0.0000e+00
      25581   1065.851    704.000     3.8543   3.265069     3.8540   3.266395      95.27     0.0119     2.7061     2.4342  1.9759070  1.1067809   48.80769  -45.69530    34.8931    34.9091     3.8029     3.8027    27.7217    27.7345    6.11507    6.30810         22 0.0000e+00
      25604   1066.793    705.000     3.8544   3.265112     3.8543   3.266454      93.09     0.0096     2.7061     2.4337  1.9761111  1.1067580   48.80770  -45.69531    34.8930    34.9090     3.8030     3.8028    27.7216    27.7344    6.11673    6.30855         23 0.0000e+00
      25629   1067.817    706.000     3.8530   3.265017     3.8535   3.266416      91.05     0.0123     2.7059     2.4329  1.9759078  1.1066021   48.80770  -45.69532    34.8929    34.9089     3.8015     3.8019    27.7216    27.7344    6.11515    6.30343         26 0.0000e+00
      25653   1068.851    707.000     3.8519   3.264970     3.8517   3.266306      94.88     0.0122     2.7054     2.4322  1.9758983  1.1068146   48.80770  -45.69532    34.8929    34.9089     3.8004     3.8001    27.7217    27.7346    6.11204    6.29990         23 0.0000e+00
      25675   1069.737    708.000     3.8512   3.264942     3.8510   3.266275      95.49     0.0104     2.7052     2.4312  1.9759014  1.1066064   48.80770  -45.69532    34.8928    34.9088     3.7995     3.7993    27.7218    27.7346    6.11641    6.29510         19 0.0000e+00
      25693   1070.483    709.000     3.8509   3.264972     3.8506   3.266291      95.26     0.0120     2.7052     2.4306  1.9757179  1.1063629   48.80770  -45.69532    34.8929    34.9089     3.7992     3.8040    27.7219    27.7346    6.11509    6.29824         17 0.0000e+00
      25709   1071.174    710.000     3.8500   3.264918     3.8498   3.266246      94.71     0.0152     2.7050     2.4300  1.9759413  1.1063708   48.80770  -45.69530    34.8928    34.9088     3.7982     3.7979    27.7219    27.7346    6.11839    6.29960         17 0.0000e+00
      25726   1071.890    711.000     3.8493   3.264892     3.8491   3.266229      95.44     0.0122     2.7052     2.4296  1.9767271  1.1062282   48.80770  -45.69530    34.8927    34.9087     3.7974     3.7972    27.7219    27.7347    6.11956    6.29486         18 0.0000e+00
      25748   1072.791    712.000     3.8490   3.264905     3.8489   3.266252      95.32     0.0098     2.7046     2.4285  1.9766684  1.1062272   48.80770  -45.69530    34.8926    34.9087     3.7970     3.7969    27.7219    27.7347    6.10734    6.29234         27 0.0000e+00
      25782   1074.216    713.000     3.8486   3.264910     3.8487   3.266265      91.72     0.0105     2.7032     2.4279  1.9762723  1.1062272   48.80770  -45.69532    34.8926    34.9085     3.7965     3.7967    27.7219    27.7346    6.10668    6.30137         36 0.0000e+00
      25810   1075.378    714.000     3.8473   3.264844     3.8473   3.266182      67.56     0.0119     2.7023     2.4276  1.9760357  1.1062272   48.80770  -45.69532    34.8927    34.9086     3.7952     3.7951    27.7221    27.7348    6.10442    6.29752         21 0.0000e+00
      25828   1076.141    715.000     3.8468   3.264852     3.8467   3.266187      94.36     0.0148     2.7019     2.4271  1.9763764  1.1062272   48.80772  -45.69532    34.8927    34.9087     3.7946     3.7945    27.7222    27.7349    6.10362    6.29281         17 0.0000e+00
      25844   1076.807    716.000     3.8466   3.264874     3.8464   3.266213      94.83     0.0154     2.7011     2.4265  1.9762676  1.1062272   48.80772  -45.69532    34.8927    34.9088     3.7943     3.7941    27.7222    27.7351    6.10272    6.29116         16 0.0000e+00
      25860   1077.451    717.000     3.8465   3.264917     3.8463   3.266256      94.62     0.0144     2.7008     2.4261  1.9761511  1.1062272   48.80772  -45.69532    34.8927    34.9089     3.7942     3.7940    27.7223    27.7351    6.10224    6.29080         15 0.0000e+00
      25876   1078.128    718.000     3.8463   3.264945     3.8461   3.266280      95.45     0.0143     2.6999     2.4254  1.9765877  1.1062272   48.80772  -45.69532    34.8928    34.9088     3.7939     3.7937    27.7223    27.7351    6.10792    6.29195         17 0.0000e+00
      25895   1078.921    719.000     3.8457   3.264950     3.8456   3.266276      95.11     0.0134     2.7005     2.4252  1.9765791  1.1062272   48.80772  -45.69532    34.8929    34.9088     3.7932     3.7931    27.7225    27.7352    6.11120    6.29720         22 0.0000e+00
      25920   1079.953    720.000     3.8449   3.264920     3.8448   3.266253      95.26     0.0177     2.6998     2.4251  1.9767953  1.1052495   48.80772  -45.69532    34.8930    34.9089     3.7923     3.7922    27.7226    27.7353    6.10783    6.30091         28 0.0000e+00
      25948   1081.126    721.000     3.8441   3.264896     3.8441   3.266247      94.31     0.0105     2.6997     2.4251  1.9769925  1.1050977   48.80772  -45.69532    34.8930    34.9090     3.7915     3.7915    27.7227    27.7355    6.11395    6.30034         26 0.0000e+00
      25973   1082.146    722.000     3.8418   3.264734     3.8418   3.266087      87.05     0.0082     2.6998     2.4247  1.9784771  1.1053293   48.80772  -45.69532    34.8929    34.9090     3.7891     3.7891    27.7230    27.7358    6.11981    6.29604         23 0.0000e+00
      25995   1083.064    723.000     3.8408   3.264686     3.8408   3.266034      40.07     0.0095     2.7001     2.4243  1.9785773  1.1054504   48.80772  -45.69532    34.8930    34.9090     3.7880     3.7880    27.7231    27.7358    6.10622    6.29534         22 0.0000e+00
      26016   1083.947    724.000     3.8394   3.264599     3.8392   3.265931      94.06     0.0118     2.6989     2.4241  1.9792345  1.1051265   48.80772  -45.69532    34.8929    34.9089     3.7866     3.7864    27.7232    27.7359    6.10723    6.30156         21 0.0000e+00
      26036   1084.808    725.000     3.8383   3.264545     3.8384   3.265900      95.43     0.0114     2.6989     2.4241  1.9792429  1.1050067   48.80772  -45.69532    34.8928    34.9089     3.7854     3.7854    27.7232    27.7360    6.10489    6.30490         20 0.0000e+00
      26056   1085.633    726.000     3.8391   3.264659     3.8387   3.265976      89.55     0.0102     2.6977     2.4242  1.9776198  1.1050061   48.80772  -45.69532    34.8929    34.9089     3.7861     3.7857    27.7232    27.7360    6.09660    6.30416         19 0.0000e+00
      26075   1086.424    727.000     3.8393   3.264730     3.8391   3.266049      92.23     0.0109     2.6970     2.4240  1.9767932  1.1050061   48.80772  -45.69532    34.8930    34.9089     3.7862     3.7860    27.7233    27.7360    6.10371    6.30102         19 0.0000e+00
      26094   1087.225    728.000     3.8391   3.264753     3.8388   3.266083      94.98     0.0128     2.6969     2.4238  1.9771045  1.1050061   48.80772  -45.69532    34.8929    34.9090     3.7859     3.7857    27.7233    27.7361    6.11006    6.30146         20 0.0000e+00
      26115   1088.093    729.000     3.8387   3.264757     3.8384   3.266082      94.57     0.0135     2.6968     2.4237  1.9785577  1.1050061   48.80772  -45.69532    34.8929    34.9090     3.7855     3.7851    27.7233    27.7361    6.10613    6.29539         22 0.0000e+00
      26139   1089.064    730.000     3.8386   3.264788     3.8380   3.266088      94.78     0.0156     2.6964     2.4227  1.9784287  1.1050061   48.80772  -45.69532    34.8929    34.9089     3.7853     3.7847    27.7233    27.7361    6.10858    6.28938         24 0.0000e+00
      26163   1090.101    731.000     3.8382   3.264798     3.8383   3.266165      95.25     0.0173     2.6963     2.4219  1.9787105  1.1050061   48.80772  -45.69532    34.8928    34.9090     3.7848     3.7849    27.7233    27.7362    6.11105    6.29592         25 0.0000e+00
      26188   1091.119    732.000     3.8363   3.264673     3.8363   3.266013      94.76     0.0129     2.6962     2.4217  1.9785281  1.1050061   48.80774  -45.69534    34.8928    34.9088     3.7829     3.7828    27.7235    27.7362    6.11143    6.30205         24 0.0000e+00
      26211   1092.065    733.000     3.8358   3.264665     3.8353   3.265978      94.99     0.0153     2.6959     2.4221  1.9782431  1.1050061   48.80774  -45.69534    34.8928    34.9088     3.7822     3.7818    27.7235    27.7364    6.10965    6.31009         22 0.0000e+00
      26231   1092.922    734.000     3.8348   3.264620     3.8345   3.265944      94.58     0.0196     2.6959     2.4225  1.9784732  1.1050061   48.80774  -45.69534    34.8928    34.9088     3.7812     3.7832    27.7236    27.7364    6.11265    6.30653         19 0.0000e+00
      26250   1093.713    735.000     3.8340   3.264587     3.8339   3.265932      55.71     0.0168     2.6958     2.4221  1.9785365  1.1048768   48.80774  -45.69534    34.8927    34.9088     3.7803     3.7802    27.7237    27.7365    6.10762    6.29428         19 0.0000e+00
      26269   1094.496    736.000     3.8333   3.264576     3.8330   3.265894      93.58     0.0162     2.6949     2.4212  1.9787279  1.1047497   48.80774  -45.69534    34.8927    34.9088     3.7796     3.7792    27.7238    27.7366    6.10244    6.29592         19 0.0000e+00
      26290   1095.357    737.000     3.8330   3.264587     3.8328   3.265916      94.28     0.0112     2.6947     2.4212  1.9799082  1.1045849   48.80774  -45.69534    34.8927    34.9087     3.7792     3.7790    27.7237    27.7365    6.10668    6.30367         23 0.0000e+00
      26315   1096.406    738.000     3.8325   3.264577     3.8324   3.265913      94.07     0.0141     2.6943     2.4211  1.9814880  1.1037933   48.80774  -45.69534    34.8926    34.9086     3.7786     3.7784    27.7238    27.7365    6.10379    6.29757         27 0.0000e+00
      26341   1097.492    739.000     3.8321   3.264585     3.8320   3.265928      95.06     0.0179     2.6928     2.4200  1.9803202  1.1037852   48.80774  -45.69534    34.8926    34.9087     3.7781     3.7780    27.7238    27.7366    6.08980    6.28722         23 0.0000e+00
      26361   1098.342    740.000     3.8305   3.264496     3.8304   3.265834      95.09     0.0133     2.6923     2.4193  1.9793446  1.1037852   48.80774  -45.69534    34.8927    34.9087     3.7765     3.7763    27.7240    27.7368    6.09335    6.29389         18 0.0000e+00
      26378   1099.053    741.000     3.8303   3.264516     3.8301   3.265851      95.13     0.0099     2.6905     2.4191  1.9796785  1.1037852   48.80774  -45.69534    34.8927    34.9087     3.7761     3.7759    27.7241    27.7369    6.08499    6.29930         17 0.0000e+00
      26395   1099.737    742.000     3.8300   3.264538     3.8298   3.265869      95.45     0.0108     2.6903     2.4192  1.9793211  1.1037852   48.80774  -45.69534    34.8926    34.9087     3.7758     3.7756    27.7241    27.7369    6.08878    6.30131         17 0.0000e+00
      26413   1100.483    743.000     3.8299   3.264572     3.8297   3.265902      95.46     0.0125     2.6891     2.4190  1.9792446  1.1037852   48.80774  -45.69534    34.8926    34.9086     3.7756     3.7754    27.7241    27.7369    6.08429    6.30166         19 0.0000e+00
      26434   1101.376    744.000     3.8297   3.264593     3.8295   3.265918      31.31     0.0165     2.6883     2.4188  1.9799891  1.1037852   48.80774  -45.69534    34.8926    34.9086     3.7753     3.7751    27.7241    27.7369    6.09163    6.29799         24 0.0000e+00
      26459   1102.418    745.000     3.8297   3.264657     3.8295   3.265979      95.11     0.0159     2.6876     2.4185  1.9808562  1.1037852   48.80774  -45.69536    34.8928    34.9088     3.7753     3.7750    27.7243    27.7370    6.08742    6.29051         25 0.0000e+00
      26483   1103.412    746.000     3.8293   3.264674     3.8291   3.266010      94.63     0.0175     2.6870     2.4173  1.9804127  1.1037852   48.80774  -45.69536    34.8930    34.9090     3.7748     3.7746    27.7244    27.7372    6.09252    6.28758         23 0.0000e+00
      26505   1104.344    747.000     3.8298   3.264789     3.8295   3.266096      80.09     0.0138     2.6866     2.4168  1.9793649  1.1037852   48.80774  -45.69536    34.8932    34.9091     3.7752     3.7749    27.7246    27.7373    6.09422    6.29306         22 0.0000e+00
      26529   1105.345    748.000     3.8303   3.264887     3.8300   3.266200      94.57     0.0126     2.6866     2.4162  1.9793370  1.1037852   48.80774  -45.69536    34.8933    34.9093     3.7757     3.7753    27.7247    27.7374    6.09644    6.28704         26 0.0000e+00
      26556   1106.470    749.000     3.8244   3.264919     3.8302   3.266271      95.47     0.0171     2.6865     2.4155  1.9792876  1.1037852   48.80774  -45.69536    34.8997    34.9094     3.7697     3.7755    27.7302    27.7374    6.09749    6.28805         27 0.0000e+00
      26580   1107.476    750.000     2.1871   3.260740     3.8302   3.266319      95.04     0.0165     2.6862     2.4148  1.9800707  1.1037852   48.80774  -45.69536    36.7362    34.9094     2.1396     3.7754    29.3436    27.7375    6.30718    6.28617         21 0.0000e+00
      26600   1108.284    751.000     3.2283   3.264093     3.8302   3.266356      95.46     0.0182     2.6859     2.4146  1.9807459  1.1037852   48.80774  -45.69536    35.5430    34.9094     3.1761     3.7752    28.3005    27.7375    6.16611    6.28817         18 0.0000e+00
      26617   1109.002    752.000     3.8279   3.265744     3.8304   3.266436      95.48     0.0189     2.6854     2.4141  1.9808233  1.1037852   48.80774  -45.69536    34.9039    34.9096     3.7729     3.7754    27.7334    27.7376    6.09112    6.28804         17 0.0000e+00
      26634   1109.718    753.000     3.8308   3.265749     3.8306   3.266508      95.47     0.0188     2.6851     2.4140  1.9796010  1.1037852   48.80774  -45.69536    34.9005    34.9097     3.7757     3.7755    27.7304    27.7377    6.09348    6.28633         18 0.0000e+00
      26654   1110.524    754.000     3.8312   3.265782     3.8309   3.266599      94.34     0.0166     2.6851     2.4133  1.9792504  1.1037852   48.80774  -45.69536    34.8999    34.9099     3.7761     3.7757    27.7298    27.7378    6.09179    6.28395         21 0.0000e+00
