data/CTD/2013/CNV/D021A031.CNV
* Sea-Bird SBE 9 Data File:
* FileName = C:\CTD_ACQUISITION\2013021HUD\ctddata\021A031.hdr
* Software Version Seasave V 7.22.2
* Temperature SN = 5081
* Conductivity SN = 3561
* Number of Bytes Per Scan = 37
* Number of Voltage Words = 4
* Number of Scans Averaged by the Deck Unit = 1
* NMEA Latitude = 48 06.04 N
* NMEA Longitude = 046 18.73 W
* NMEA UTC (Time) = Jul 03 2013 05:51:30
* NMEA baud rate = 9600
** Ship: Hudson
** Cruise: HUD2013021
** Chief_Scientist: Greenan
** Organization: BIO
** Area_of_Operation: Sackville Spur
** Station: 31
** Sounding:  1179
** Event_Comments: SS15  393147
# nquan = 25
# nvalues = 1163                        
# units = specified
# name 0 = scan: Scan Count
# name 1 = timeS: Time, Elapsed [seconds]
# name 2 = prDM: Pressure, Digiquartz [db]
# name 3 = t068C: Temperature [ITS-68, deg C]
# name 4 = c0S/m: Conductivity [S/m]
# name 5 = t168C: Temperature, 2 [ITS-68, deg C]
# name 6 = c1S/m: Conductivity, 2 [S/m]
# name 7 = altM: Altimeter [m]
# name 8 = flCUVA: Fluorescence, Chelsea UV Aquatracka [ug/l]
# name 9 = sbeox0V: Oxygen raw, SBE 43 [V]
# name 10 = sbeox1V: Oxygen raw, SBE 43, 2 [V]
# name 11 = upoly0: Upoly 0, Optode 4330F - O2 D-Phase
# name 12 = upoly1: Upoly 1, Optode 4330F - O2 Temp
# name 13 = latitude: Latitude [deg]
# name 14 = longitude: Longitude [deg]
# name 15 = sal00: Salinity, Practical [PSU]
# name 16 = sal11: Salinity, Practical, 2 [PSU]
# name 17 = potemp068C: Potential Temperature [ITS-68, deg C]
# name 18 = potemp168C: Potential Temperature, 2 [ITS-68, deg C]
# name 19 = sigma-é00: Density [sigma-theta, Kg/m^3]
# name 20 = sigma-é11: Density, 2 [sigma-theta, Kg/m^3]
# name 21 = sbeox0ML/L: Oxygen, SBE 43 [ml/l], WS = 2
# name 22 = sbeox1ML/L: Oxygen, SBE 43, 2 [ml/l], WS = 2
# name 23 = nbin: number of scans per bin
# name 24 = flag: flag
# span 0 =      11506,      39905       
# span 1 =    479.388,   1662.673       
# span 2 =      2.000,   1164.000       
# span 3 =     0.5860,     6.2145       
# span 4 =   2.854734,   3.277917       
# span 5 =     0.5872,     6.2145       
# span 6 =   2.856862,   3.279251       
# span 7 =       0.88,     103.52       
# span 8 =     0.0045,     0.3297       
# span 9 =     2.5132,     3.4300       
# span 10 =     2.2636,     3.0342      
# span 11 =  1.7253807,  2.0300997      
# span 12 =  0.7399759,  1.4068791      
# span 13 =   48.10066,   48.10150      
# span 14 =  -46.31436,  -46.31294      
# span 15 =    32.8907,    34.9134      
# span 16 =    32.9054,    34.9298      
# span 17 =     0.5844,     6.2139      
# span 18 =     0.5855,     6.2138      
# span 19 =    25.8597,    27.7545      
# span 20 =    25.8714,    27.7677      
# span 21 =    5.89991,    7.55975      
# span 22 =    6.11664,    7.52012      
# span 23 =         10,        114      
# span 24 = 0.0000e+00, 0.0000e+00      
# interval = decibars: 1                
# start_time = Jul 03 2013 05:51:30 [NMEA time, header]
# bad_flag = -9.990e-29
*END*
[from data line 986]
      35792   1491.307    988.000     3.8221   3.275160     3.8217   3.276496      94.22     0.0139     2.6179     2.3549  1.9928218  1.1025659   48.10150  -46.31372    34.8998    34.9162     3.7482     3.7477    27.7326    27.7457    6.07324    6.28537         16 0.0000e+00
      35810   1492.045    989.000     3.8222   3.275214     3.8217   3.276545      96.26     0.0136     2.6178     2.3548  1.9929160  1.1025641   48.10150  -46.31372    34.8999    34.9162     3.7481     3.7476    27.7327    27.7457    6.07126    6.28394         20 0.0000e+00
      35863   1494.246    990.000     3.8230   3.275333     3.8224   3.276651      55.77     0.0148     2.6149     2.3535  1.9916306  1.1025641   48.10150  -46.31374    34.8999    34.9162     3.7489     3.7483    27.7326    27.7456    6.05107    6.27815         28 0.0000e+00
      35920   1496.608    991.000     3.8224   3.275352     3.8218   3.276652      75.37     0.0101     2.6101     2.3522  1.9911468  1.1028697   48.10150  -46.31374    34.9003    34.9163     3.7482     3.7475    27.7330    27.7458    6.03604    6.27152         12 0.0000e+00
      35931   1497.087    992.000     3.8199   3.275180     3.8193   3.276502      96.88     0.0056     2.6099     2.3516  1.9915674  1.1035689   48.10148  -46.31376    34.9004    34.9166     3.7456     3.7450    27.7333    27.7463    6.04936    6.27072         11 0.0000e+00
      35942   1497.521    993.000     3.8192   3.275161     3.8188   3.276511      96.72     0.0045     2.6108     2.3513  1.9915750  1.1034188   48.10148  -46.31376    34.9004    34.9168     3.7448     3.7444    27.7334    27.7465    6.05921    6.27129         10 0.0000e+00
      35951   1497.937    994.000     3.8189   3.275173     3.8184   3.276516      96.01     0.0059     2.6096     2.3513  1.9915750  1.1028095   48.10148  -46.31374    34.9003    34.9168     3.7444     3.7439    27.7334    27.7465    6.05409    6.27367         10 0.0000e+00
      35962   1498.359    995.000     3.8187   3.275190     3.8182   3.276538      65.75     0.0067     2.6096     2.3510  1.9914515  1.1028084   48.10148  -46.31374    34.9003    34.9168     3.7441     3.7436    27.7334    27.7466    6.05436    6.27336         10 0.0000e+00
      35972   1498.806    996.000     3.8180   3.275196     3.8176   3.276540      46.83     0.0077     2.6096     2.3505  1.9909946  1.1025562   48.10148  -46.31374    34.9005    34.9169     3.7434     3.7430    27.7336    27.7467    6.06974    6.26898         11 0.0000e+00
      35984   1499.302    997.000     3.8166   3.275149     3.8162   3.276479      46.13     0.0075     2.6104     2.3501  1.9905038  1.1025641   48.10148  -46.31374    34.9009    34.9171     3.7420     3.7415    27.7341    27.7471    6.06816    6.26691         14 0.0000e+00
      36001   1499.995    998.000     3.8160   3.275125     3.8155   3.276451      90.79     0.0078     2.6097     2.3496  1.9908258  1.1025641   48.10149  -46.31374    34.9007    34.9170     3.7413     3.7407    27.7340    27.7471    6.06115    6.27116         23 0.0000e+00
      36073   1502.985    999.000     3.8172   3.275264     3.8179   3.276678      94.69     0.0109     2.6097     2.3480  1.9917966  1.1017337   48.10150  -46.31376    34.9006    34.9167     3.7424     3.7430    27.7338    27.7466    6.06643    6.26716         22 0.0000e+00
      36088   1503.640   1000.000     3.8160   3.275221     3.8158   3.276572      96.67     0.0129     2.6097     2.3480  1.9911190  1.1023271   48.10150  -46.31376    34.9009    34.9171     3.7411     3.7409    27.7342    27.7471    6.06864    6.26790         15 0.0000e+00
      36102   1504.211   1001.000     3.8157   3.275245     3.8153   3.276583      95.86     0.0149     2.6099     2.3471  1.9909828  1.1019050   48.10150  -46.31376    34.9010    34.9173     3.7407     3.7403    27.7343    27.7473    6.06834    6.26500         13 0.0000e+00
      36116   1504.776   1002.000     3.8157   3.275286     3.8152   3.276621      77.58     0.0129     2.6099     2.3471  1.9920738  1.1025703   48.10149  -46.31376    34.9010    34.9173     3.7406     3.7401    27.7343    27.7473    6.06623    6.26901         14 0.0000e+00
      36130   1505.363   1003.000     3.8157   3.275331     3.8153   3.276668      53.17     0.0098     2.6096     2.3469  1.9925020  1.1025641   48.10148  -46.31376    34.9010    34.9173     3.7405     3.7401    27.7343    27.7473    6.06356    6.27180         15 0.0000e+00
      36145   1505.987   1004.000     3.8157   3.275378     3.8152   3.276704      59.33     0.0094     2.6095     2.3467  1.9924314  1.1025641   48.10148  -46.31376    34.9010    34.9172     3.7404     3.7400    27.7344    27.7473    6.06454    6.27358         15 0.0000e+00
      36162   1506.688   1005.000     3.8157   3.275415     3.8153   3.276750      47.59     0.0133     2.6092     2.3467  1.9932170  1.1017498   48.10148  -46.31376    34.9009    34.9172     3.7404     3.7399    27.7343    27.7473    6.06329    6.27974         18 0.0000e+00
      36182   1507.537   1006.000     3.8158   3.275460     3.8153   3.276792      87.66     0.0130     2.6088     2.3471  1.9933105  1.1013454   48.10148  -46.31376    34.9009    34.9171     3.7404     3.7399    27.7342    27.7472    6.06614    6.28367         23 0.0000e+00
      36208   1508.620   1007.000     3.8159   3.275510     3.8154   3.276836      70.84     0.0096     2.6089     2.3470  1.9940600  1.1013432   48.10148  -46.31376    34.9009    34.9171     3.7404     3.7419    27.7342    27.7472    6.06367    6.27169         29 0.0000e+00
      36240   1509.944   1008.000     3.8160   3.275565     3.8156   3.276892      91.92     0.0138     2.6080     2.3461  1.9948575  1.1013762   48.10149  -46.31376    34.9009    34.9171     3.7404     3.7400    27.7342    27.7472    6.05789    6.26982         36 0.0000e+00
      36279   1511.603   1009.000     3.8162   3.275632     3.8158   3.276958      72.80     0.0153     2.6071     2.3455  1.9941827  1.1013736   48.10149  -46.31378    34.9010    34.9171     3.7405     3.7401    27.7343    27.7472    6.05538    6.26836         40 0.0000e+00
      36311   1512.931   1010.000     3.8161   3.275675     3.8157   3.277007      97.66     0.0116     2.6057     2.3448  1.9938818  1.1023936   48.10148  -46.31378    34.9011    34.9173     3.7404     3.7426    27.7344    27.7474    6.04492    6.26381         23 0.0000e+00
      36330   1513.712   1011.000     3.8160   3.275728     3.8155   3.277052      83.46     0.0139     2.6048     2.3442  1.9938164  1.1024919   48.10148  -46.31378    34.9013    34.9174     3.7402     3.7396    27.7346    27.7475    6.05059    6.25899         16 0.0000e+00
      36345   1514.325   1012.000     3.8161   3.275772     3.8156   3.277106      42.07     0.0133     2.6049     2.3435  1.9937185  1.1023877   48.10148  -46.31378    34.9012    34.9175     3.7402     3.7397    27.7345    27.7476    6.05562    6.25949         14 0.0000e+00
      36358   1514.865   1013.000     3.8161   3.275815     3.8156   3.277158      96.14     0.0130     2.6043     2.3433  1.9928610  1.1019452   48.10147  -46.31378    34.9012    34.9176     3.7401     3.7396    27.7345    27.7476    6.05312    6.26426         12 0.0000e+00
      36370   1515.379   1014.000     3.8161   3.275862     3.8156   3.277199      94.98     0.0143     2.6046     2.3429  1.9933350  1.1021903   48.10146  -46.31378    34.9013    34.9176     3.7400     3.7395    27.7346    27.7477    6.05752    6.26927         13 0.0000e+00
      36383   1515.901   1015.000     3.8157   3.275873     3.8153   3.277208      96.16     0.0160     2.6043     2.3432  1.9931489  1.1020972   48.10146  -46.31378    34.9013    34.9175     3.7395     3.7391    27.7347    27.7476    6.05439    6.27392         13 0.0000e+00
      36396   1516.469   1016.000     3.8141   3.275766     3.8138   3.277107      96.62     0.0185     2.6039     2.3433  1.9936248  1.1017847   48.10146  -46.31378    34.9012    34.9175     3.7378     3.7458    27.7348    27.7478    6.05141    6.27500         14 0.0000e+00
      36413   1517.169   1017.000     3.8130   3.275714     3.8124   3.277046      50.07     0.0192     2.6035     2.3431  1.9938288  1.1013544   48.10146  -46.31378    34.9012    34.9176     3.7367     3.7363    27.7349    27.7480    6.04650    6.26827         20 0.0000e+00
      36448   1518.622   1018.000     3.8127   3.275725     3.8122   3.277050      95.62     0.0120     2.6017     2.3425  1.9943177  1.1013432   48.10148  -46.31379    34.9012    34.9174     3.7363     3.7358    27.7349    27.7479    6.04424    6.26848         49 0.0000e+00
      36485   1520.163   1019.000     3.8126   3.275779     3.8122   3.277114      50.50     0.0094     2.6009     2.3420  1.9951476  1.1013432   48.10146  -46.31380    34.9013    34.9177     3.7362     3.7357    27.7350    27.7481    6.04509    6.26619         22 0.0000e+00
      36504   1520.967   1020.000     3.8127   3.275843     3.8122   3.277161      95.18     0.0085     2.6005     2.3416  1.9956355  1.1019276   48.10146  -46.31380    34.9015    34.9177     3.7362     3.7356    27.7352    27.7481    6.04810    6.26082         19 0.0000e+00
      36522   1521.717   1021.000     3.8127   3.275890     3.8123   3.277222      95.16     0.0121     2.6000     2.3410  1.9956582  1.1020865   48.10146  -46.31380    34.9016    34.9178     3.7361     3.7356    27.7352    27.7482    6.04094    6.25671         18 0.0000e+00
      36541   1522.484   1022.000     3.8128   3.275944     3.8123   3.277277      93.91     0.0123     2.5989     2.3402  1.9958193  1.1017992   48.10146  -46.31380    34.9016    34.9179     3.7361     3.7356    27.7352    27.7483    6.03876    6.25266         19 0.0000e+00
      36560   1523.309   1023.000     3.8130   3.276018     3.8125   3.277340      39.96     0.0107     2.5988     2.3393  1.9952494  1.1013563   48.10144  -46.31380    34.9018    34.9179     3.7362     3.7357    27.7354    27.7483    6.04675    6.24945         21 0.0000e+00
      36582   1524.224   1024.000     3.8136   3.276129     3.8129   3.277433      95.43     0.0135     2.5987     2.3384  1.9953372  1.1013432   48.10144  -46.31380    34.9020    34.9182     3.7367     3.7360    27.7355    27.7484    6.04121    6.24819         22 0.0000e+00
      36605   1525.179   1025.000     3.8140   3.276213     3.8136   3.277553      52.37     0.0160     2.5975     2.3375  1.9938759  1.1013432   48.10144  -46.31380    34.9020    34.9183     3.7370     3.7366    27.7355    27.7485    6.03599    6.25343         23 0.0000e+00
      36628   1526.115   1026.000     3.8141   3.276272     3.8136   3.277598      95.48     0.0178     2.5970     2.3372  1.9940071  1.1013432   48.10144  -46.31380    34.9021    34.9182     3.7371     3.7366    27.7355    27.7485    6.04103    6.25301         22 0.0000e+00
      36650   1527.032   1027.000     3.8142   3.276329     3.8138   3.277662      95.07     0.0170     2.5967     2.3365  1.9963650  1.1013432   48.10144  -46.31382    34.9021    34.9184     3.7371     3.7366    27.7355    27.7486    6.03934    6.24898         22 0.0000e+00
      36671   1527.933   1028.000     3.8142   3.276382     3.8138   3.277708      61.52     0.0168     2.5961     2.3361  1.9963369  1.1013432   48.10144  -46.31382    34.9022    34.9184     3.7370     3.7365    27.7356    27.7486    6.03297    6.25555         21 0.0000e+00
      36691   1528.767   1029.000     3.8143   3.276423     3.8139   3.277758      80.19     0.0136     2.5952     2.3360  1.9963369  1.1013432   48.10144  -46.31382    34.9022    34.9184     3.7370     3.7366    27.7356    27.7485    6.03429    6.25647         19 0.0000e+00
      36709   1529.502   1030.000     3.8140   3.276448     3.8135   3.277777      95.01     0.0117     2.5946     2.3357  1.9963369  1.1013432   48.10144  -46.31382    34.9022    34.9184     3.7367     3.7361    27.7356    27.7487    6.04502    6.25628         17 0.0000e+00
      36725   1530.171   1031.000     3.8131   3.276423     3.8126   3.277744      95.11     0.0111     2.5957     2.3356  1.9963369  1.1013432   48.10144  -46.31382    34.9023    34.9186     3.7357     3.7351    27.7359    27.7489    6.04220    6.25836         15 0.0000e+00
      36741   1530.832   1032.000     3.8129   3.276455     3.8124   3.277781      49.22     0.0111     2.5940     2.3356  1.9963369  1.1013432   48.10143  -46.31382    34.9024    34.9187     3.7354     3.7348    27.7360    27.7490    6.03562    6.25400         17 0.0000e+00
      36758   1531.559   1033.000     3.8128   3.276492     3.8123   3.277829      52.61     0.0161     2.5947     2.3351  1.9963369  1.1013432   48.10142  -46.31382    34.9025    34.9188     3.7351     3.7347    27.7361    27.7491    6.04282    6.25057         19 0.0000e+00
      36785   1532.665   1034.000     3.8103   3.276295     3.8100   3.277640      90.72     0.0144     2.5940     2.3345  1.9967012  1.1013432   48.10142  -46.31384    34.9022    34.9185     3.7327     3.7323    27.7361    27.7491    6.03314    6.25110         39 0.0000e+00
      36833   1534.658   1035.000     3.8093   3.276246     3.8088   3.277568      67.16     0.0075     2.5915     2.3336  1.9977018  1.1013432   48.10140  -46.31384    34.9022    34.9184     3.7316     3.7310    27.7362    27.7491    6.03054    6.25294         40 0.0000e+00
      36858   1535.717   1036.000     3.8093   3.276310     3.8089   3.277639      95.89     0.0081     2.5918     2.3335  1.9979947  1.1013432   48.10140  -46.31384    34.9025    34.9187     3.7314     3.7310    27.7364    27.7494    6.03769    6.25183         20 0.0000e+00
      36876   1536.467   1037.000     3.8085   3.276276     3.8081   3.277610      95.41     0.0115     2.5916     2.3329  1.9979889  1.1013432   48.10140  -46.31384    34.9024    34.9187     3.7306     3.7301    27.7365    27.7495    6.02903    6.24334         17 0.0000e+00
      36892   1537.114   1038.000     3.8074   3.276215     3.8069   3.277553      40.66     0.0121     2.5906     2.3322  1.9983482  1.1013432   48.10140  -46.31386    34.9023    34.9187     3.7294     3.7289    27.7365    27.7496    6.02856    6.24202         14 0.0000e+00
      36906   1537.700   1039.000     3.8063   3.276172     3.8058   3.277503      79.59     0.0148     2.5912     2.3320  1.9983429  1.1013432   48.10140  -46.31386    34.9024    34.9187     3.7283     3.7278    27.7367    27.7497    6.03653    6.24399         14 0.0000e+00
      36919   1538.261   1040.000     3.8058   3.276179     3.8053   3.277510      96.47     0.0134     2.5903     2.3314  1.9983087  1.1013432   48.10140  -46.31386    34.9026    34.9188     3.7277     3.7272    27.7369    27.7499    6.03125    6.24383         13 0.0000e+00
      36933   1538.831   1041.000     3.8050   3.276141     3.8046   3.277475      96.25     0.0127     2.5901     2.3313  1.9989392  1.1010188   48.10140  -46.31386    34.9024    34.9187     3.7268     3.7264    27.7368    27.7499    6.03694    6.24863         15 0.0000e+00
      36948   1539.464   1042.000     3.8034   3.276016     3.8030   3.277356      95.89     0.0154     2.5903     2.3309  1.9988574  1.1011864   48.10140  -46.31386    34.9022    34.9185     3.7251     3.7247    27.7369    27.7499    6.04216    6.24834         16 0.0000e+00
      36969   1540.344   1043.000     3.8015   3.275872     3.8013   3.277217      63.06     0.0156     2.5903     2.3305  1.9996393  1.1008264   48.10139  -46.31386    34.9020    34.9182     3.7232     3.7229    27.7368    27.7498    6.04259    6.24618         29 0.0000e+00
      37017   1542.320   1044.000     3.8011   3.275883     3.8005   3.277197      71.25     0.0109     2.5901     2.3289  2.0006886  1.0999967   48.10138  -46.31387    34.9020    34.9182     3.7226     3.7221    27.7370    27.7499    6.03885    6.23196         48 0.0000e+00
