data/CTD/2013/CNV/D021A018.CNV
* Sea-Bird SBE 9 Data File:
* FileName = C:\CTD_ACQUISITION\2013021HUD\ctddata\021A018.hdr
* Software Version Seasave V 7.22.2
* Temperature SN = 5081
* Conductivity SN = 3561
* Number of Bytes Per Scan = 37
* Number of Voltage Words = 4
* Number of Scans Averaged by the Deck Unit = 1
* NMEA Latitude = 47 00.01 N
* NMEA Longitude = 046 44.51 W
* NMEA UTC (Time) = Jul 02 2013 03:43:13
* NMEA baud rate = 9600
** Ship: Hudson
** Cruise: HUD2013021
** Chief_Scientist: Greenan
** Organization: BIO
** Area_of_Operation: Sackville Spur
** Station: 18
** Sounding:  1161
** Event_Comments: FC18.5  393123
# nquan = 25
# nvalues = 1148                        
# units = specified
# name 0 = scan: Scan Count
# name 1 = timeS: Time, Elapsed [seconds]
# name 2 = prDM: Pressure, Digiquartz [db]
# name 3 = t068C: Temperature [ITS-68, deg C]
# name 4 = c0S/m: Conductivity [S/m]
# name 5 = t168C: Temperature, 2 [ITS-68, deg C]
# name 6 = c1S/m: Conductivity, 2 [S/m]
# name 7 = altM: Altimeter [m]
# name 8 = flCUVA: Fluorescence, Chelsea UV Aquatracka [ug/l]
# name 9 = sbeox0V: Oxygen raw, SBE 43 [V]
# name 10 = sbeox1V: Oxygen raw, SBE 43, 2 [V]
# name 11 = upoly0: Upoly 0, Optode 4330F - O2 D-Phase
# name 12 = upoly1: Upoly 1, Optode 4330F - O2 Temp
# name 13 = latitude: Latitude [deg]
# name 14 = longitude: Longitude [deg]
# name 15 = sal00: Salinity, Practical [PSU]
# name 16 = sal11: Salinity, Practical, 2 [PSU]
# name 17 = potemp068C: Potential Temperature [ITS-68, deg C]
# name 18 = potemp168C: Potential Temperature, 2 [ITS-68, deg C]
# name 19 = sigma-é00: Density [sigma-theta, Kg/m^3]
# name 20 = sigma-é11: Density, 2 [sigma-theta, Kg/m^3]
# name 21 = sbeox0ML/L: Oxygen, SBE 43 [ml/l], WS = 2
# name 22 = sbeox1ML/L: Oxygen, SBE 43, 2 [ml/l], WS = 2
# name 23 = nbin: number of scans per bin
# name 24 = flag: flag
# span 0 =      10303,      37147       
# span 1 =    429.264,   1547.733       
# span 2 =      2.000,   1149.000       
# span 3 =     0.6986,     5.8520       
# span 4 =   2.870539,   3.301245       
# span 5 =     0.6794,     5.8534       
# span 6 =   2.870345,   3.302438       
# span 7 =       2.41,     103.20       
# span 8 =     0.0066,     0.4761       
# span 9 =     2.5114,     3.4419       
# span 10 =     2.2600,     3.0748      
# span 11 =  1.7104135,  2.0306625      
# span 12 =  0.7694128,  1.3570464      
# span 13 =   47.00079,   47.00203      
# span 14 =  -46.74172,  -46.74020      
# span 15 =    32.7273,    34.9241      
# span 16 =    32.7417,    34.9392      
# span 17 =     0.6962,     5.8506      
# span 18 =     0.6771,     5.8520      
# span 19 =    25.7824,    27.7498      
# span 20 =    25.7937,    27.7627      
# span 21 =    5.87444,    7.52128      
# span 22 =    6.08991,    7.70464      
# span 23 =         10,         82      
# span 24 = 0.0000e+00, 0.0000e+00      
# interval = decibars: 1                
# start_time = Jul 02 2013 03:43:13 [NMEA time, header]
# bad_flag = -9.990e-29
*END*
[from data line 464]
      22247    926.919    466.000     4.1186   3.277281     4.1190   3.278651      96.64     0.0153     2.7922     2.5104  1.9559113  1.1428527   47.00120  -46.74097    34.8829    34.8989     4.0845     4.0849    27.6843    27.6970    6.13502    6.31855         20 0.0000e+00
      22268    927.773    467.000     4.1181   3.277275     4.1178   3.278576      80.82     0.0166     2.7927     2.5107  1.9549611  1.1422887   47.00120  -46.74096    34.8831    34.8988     4.0839     4.0836    27.6845    27.6970    6.13221    6.32803         21 0.0000e+00
      22289    928.681    468.000     4.1200   3.277519     4.1196   3.278814      96.33     0.0172     2.7915     2.5109  1.9536120  1.1414206   47.00121  -46.74096    34.8834    34.8991     4.0857     4.0853    27.6846    27.6970    6.11758    6.32546         22 0.0000e+00
      22313    929.654    469.000     4.1208   3.277662     4.1204   3.278943      97.02     0.0187     2.7905     2.5103  1.9536020  1.1411762   47.00122  -46.74096    34.8837    34.8993     4.0865     4.0860    27.6847    27.6971    6.11870    6.32076         24 0.0000e+00
      22337    930.665    470.000     4.1182   3.277448     4.1182   3.278769      96.24     0.0176     2.7895     2.5104  1.9536020  1.1400893   47.00122  -46.74096    34.8834    34.8990     4.0838     4.0838    27.6848    27.6972    6.12289    6.33435         24 0.0000e+00
      22358    931.557    471.000     4.1155   3.277224     4.1154   3.278536      97.09     0.0171     2.7885     2.5114  1.9536020  1.1400936   47.00122  -46.74096    34.8831    34.8987     4.0810     4.0809    27.6848    27.6973    6.11382    6.32944         19 0.0000e+00
      22377    932.336    472.000     4.1203   3.277792     4.1177   3.278838      89.97     0.0191     2.7882     2.5101  1.9536020  1.1399004   47.00122  -46.74094    34.8842    34.8993     4.0857     4.0831    27.6852    27.6975    6.12039    6.31238         19 0.0000e+00
      22396    933.130    473.000     4.1274   3.278579     4.1262   3.279770      85.65     0.0208     2.7876     2.5096  1.9536020  1.1399862   47.00122  -46.74094    34.8854    34.9007     4.0928     4.0916    27.6854    27.6977    6.12709    6.31976         20 0.0000e+00
      22422    934.201    474.000     4.1260   3.278474     4.1260   3.279786      96.08     0.0197     2.7881     2.5090  1.9536020  1.1394770   47.00122  -46.74094    34.8852    34.9007     4.0912     4.0912    27.6854    27.6977    6.12539    6.31054         33 0.0000e+00
      22458    935.704    475.000     4.1279   3.278729     4.1266   3.279919      85.02     0.0192     2.7866     2.5072  1.9540323  1.1396097   47.00122  -46.74093    34.8857    34.9011     4.0931     4.0918    27.6856    27.6979    6.10839    6.30994         33 0.0000e+00
      22483    936.743    476.000     4.1318   3.279222     4.1311   3.280462      97.44     0.0140     2.7855     2.5071  1.9548492  1.1404415   47.00122  -46.74092    34.8868    34.9022     4.0969     4.0962    27.6860    27.6984    6.10664    6.31872         19 0.0000e+00
      22500    937.440    477.000     4.1340   3.279497     4.1336   3.280774      97.07     0.0167     2.7848     2.5070  1.9548229  1.1404152   47.00122  -46.74092    34.8872    34.9027     4.0990     4.0985    27.6862    27.6986    6.10787    6.31846         15 0.0000e+00
      22513    938.016    478.000     4.1352   3.279686     4.1353   3.281012      65.85     0.0186     2.7837     2.5071  1.9551126  1.1404152   47.00122  -46.74092    34.8876    34.9032     4.1001     4.1002    27.6864    27.6988    6.10964    6.31769         13 0.0000e+00
      22526    938.539    479.000     4.1372   3.279951     4.1384   3.281389      65.30     0.0169     2.7839     2.5066  1.9554447  1.1404152   47.00122  -46.74092    34.8881    34.9039     4.1021     4.1032    27.6865    27.6990    6.11462    6.31754         12 0.0000e+00
      22538    939.052    480.000     4.1399   3.280258     4.1398   3.281584      81.41     0.0150     2.7842     2.5070  1.9552897  1.1404152   47.00122  -46.74092    34.8884    34.9041     4.1046     4.1046    27.6865    27.6990    6.11702    6.32205         13 0.0000e+00
      22552    939.612    481.000     4.1417   3.280496     4.1417   3.281820      96.69     0.0161     2.7835     2.5069  1.9552313  1.1404152   47.00122  -46.74092    34.8887    34.9044     4.1064     4.1063    27.6866    27.6991    6.11447    6.31695         15 0.0000e+00
      22584    940.976    482.000     4.1467   3.281050     4.1454   3.282230      97.04     0.0155     2.7832     2.5054  1.9548570  1.1413174   47.00122  -46.74092    34.8895    34.9048     4.1112     4.1108    27.6867    27.6990    6.10992    6.29995         31 0.0000e+00
      22651    943.765    483.000     4.1500   3.281464     4.1492   3.282698      96.14     0.0087     2.7805     2.5020  1.9547590  1.1419668   47.00124  -46.74090    34.8904    34.9058     4.1144     4.1136    27.6871    27.6994    6.09498    6.29927         20 0.0000e+00
      22666    944.366    484.000     4.1588   3.282444     4.1582   3.283715      89.12     0.0124     2.7802     2.5021  1.9539369  1.1428728   47.00124  -46.74090    34.8921    34.9077     4.1232     4.1226    27.6875    27.7000    6.09701    6.29431         14 0.0000e+00
      22679    944.925    485.000     4.1604   3.282667     4.1603   3.283980      73.30     0.0142     2.7796     2.5013  1.9537874  1.1428572   47.00124  -46.74088    34.8925    34.9081     4.1246     4.1245    27.6877    27.7001    6.09580    6.28785         13 0.0000e+00
      22691    945.421    486.000     4.1614   3.282829     4.1614   3.284150      92.05     0.0138     2.7793     2.5005  1.9543839  1.1428572   47.00124  -46.74088    34.8928    34.9084     4.1256     4.1256    27.6878    27.7002    6.09743    6.28642         11 0.0000e+00
      22702    945.887    487.000     4.1635   3.283088     4.1632   3.284394      16.86     0.0143     2.7781     2.5002  1.9550619  1.1428572   47.00124  -46.74088    34.8932    34.9089     4.1276     4.1272    27.6879    27.7004    6.10004    6.28920         11 0.0000e+00
      22713    946.352    488.000     4.1652   3.283325     4.1649   3.284616      62.54     0.0126     2.7795     2.5001  1.9554319  1.1428572   47.00124  -46.74088    34.8936    34.9092     4.1292     4.1289    27.6881    27.7005    6.10244    6.29145         12 0.0000e+00
      22725    946.847    489.000     4.1652   3.283378     4.1650   3.284685      96.57     0.0137     2.7786     2.4993  1.9554334  1.1428572   47.00124  -46.74088    34.8937    34.9093     4.1291     4.1290    27.6882    27.7006    6.09849    6.29148         12 0.0000e+00
      22739    947.436    490.000     4.1652   3.283436     4.1648   3.284712      85.75     0.0155     2.7778     2.4992  1.9556756  1.1428572   47.00124  -46.74088    34.8939    34.9094     4.1290     4.1286    27.6883    27.7007    6.09983    6.29967         17 0.0000e+00
      22783    949.234    491.000     4.1664   3.283598     4.1656   3.284821      91.38     0.0176     2.7770     2.4987  1.9552082  1.1440736   47.00123  -46.74087    34.8940    34.9093     4.1302     4.1294    27.6882    27.7005    6.09208    6.29178         49 0.0000e+00
      22829    951.172    492.000     4.1683   3.283869     4.1678   3.285111      83.33     0.0193     2.7751     2.4974  1.9559655  1.1441276   47.00124  -46.74086    34.8946    34.9099     4.1320     4.1314    27.6886    27.7008    6.09360    6.28643         25 0.0000e+00
      22851    952.079    493.000     4.1691   3.283998     4.1688   3.285293      97.29     0.0158     2.7750     2.4967  1.9555488  1.1450088   47.00124  -46.74086    34.8948    34.9104     4.1327     4.1324    27.6887    27.7011    6.09864    6.29050         20 0.0000e+00
      22869    952.853    494.000     4.1694   3.284088     4.1692   3.285381      97.06     0.0161     2.7752     2.4969  1.9553659  1.1452310   47.00124  -46.74086    34.8950    34.9105     4.1329     4.1327    27.6888    27.7011    6.09670    6.29784         18 0.0000e+00
      22886    953.556    495.000     4.1697   3.284173     4.1694   3.285462      80.91     0.0149     2.7744     2.4971  1.9555085  1.1452986   47.00124  -46.74086    34.8952    34.9107     4.1331     4.1329    27.6889    27.7012    6.09218    6.29867         16 0.0000e+00
      22903    954.242    496.000     4.1706   3.284323     4.1705   3.285631      88.23     0.0172     2.7745     2.4971  1.9560380  1.1452992   47.00124  -46.74084    34.8954    34.9110     4.1340     4.1339    27.6890    27.7014    6.09965    6.29775         17 0.0000e+00
      22920    954.970    497.000     4.1715   3.284468     4.1713   3.285774      96.92     0.0204     2.7747     2.4971  1.9560440  1.1452992   47.00124  -46.74084    34.8957    34.9113     4.1348     4.1346    27.6891    27.7016    6.10018    6.29531         18 0.0000e+00
      22942    955.858    498.000     4.1714   3.284505     4.1717   3.285860      97.07     0.0143     2.7742     2.4969  1.9567150  1.1452992   47.00124  -46.74083    34.8957    34.9114     4.1346     4.1349    27.6892    27.7016    6.08860    6.29121         25 0.0000e+00
      22967    956.925    499.000     4.1701   3.284437     4.1702   3.285757      69.87     0.0153     2.7734     2.4961  1.9572693  1.1452992   47.00124  -46.74082    34.8958    34.9113     4.1332     4.1333    27.6893    27.7017    6.09399    6.28607         25 0.0000e+00
      22990    957.877    500.000     4.1703   3.284502     4.1699   3.285784      97.67     0.0159     2.7733     2.4954  1.9572649  1.1452992   47.00125  -46.74082    34.8958    34.9113     4.1334     4.1329    27.6893    27.7018    6.10029    6.28901         20 0.0000e+00
      23009    958.672    501.000     4.1692   3.284439     4.1686   3.285701      97.05     0.0179     2.7735     2.4951  1.9572649  1.1452992   47.00126  -46.74082    34.8957    34.9112     4.1322     4.1316    27.6894    27.7018    6.09974    6.28553         19 0.0000e+00
      23027    959.425    502.000     4.1639   3.283977     4.1640   3.285301      85.34     0.0193     2.7734     2.4943  1.9572649  1.1452992   47.00126  -46.74082    34.8953    34.9109     4.1268     4.1269    27.6897    27.7020    6.09858    6.28128         18 0.0000e+00
      23046    960.202    503.000     4.1621   3.283847     4.1620   3.285151      85.94     0.0180     2.7729     2.4936  1.9584118  1.1452992   47.00126  -46.74082    34.8951    34.9107     4.1250     4.1248    27.6897    27.7021    6.09371    6.28006         19 0.0000e+00
      23067    961.083    504.000     4.1625   3.283917     4.1623   3.285219      96.79     0.0141     2.7726     2.4927  1.9584844  1.1452992   47.00126  -46.74080    34.8951    34.9106     4.1252     4.1251    27.6896    27.7020    6.10050    6.28275         24 0.0000e+00
      23095    962.268    505.000     4.1628   3.283987     4.1627   3.285294      87.17     0.0148     2.7726     2.4928  1.9580508  1.1451905   47.00126  -46.74080    34.8950    34.9106     4.1255     4.1254    27.6896    27.7020    6.09924    6.29516         33 0.0000e+00
      23128    963.607    506.000     4.1644   3.284233     4.1640   3.285511      93.63     0.0114     2.7722     2.4929  1.9584140  1.1452098   47.00126  -46.74080    34.8957    34.9111     4.1270     4.1266    27.6899    27.7023    6.09625    6.28944         27 0.0000e+00
      23150    964.530    507.000     4.1654   3.284410     4.1653   3.285708      27.00     0.0126     2.7719     2.4926  1.9584888  1.1452358   47.00126  -46.74080    34.8962    34.9116     4.1279     4.1278    27.6903    27.7026    6.09998    6.28917         19 0.0000e+00
      23167    965.243    508.000     4.1642   3.284364     4.1641   3.285672      91.32     0.0161     2.7717     2.4924  1.9584860  1.1452227   47.00126  -46.74078    34.8964    34.9119     4.1267     4.1266    27.6905    27.7029    6.09618    6.28911         16 0.0000e+00
      23182    965.872    509.000     4.1617   3.284155     4.1619   3.285490      70.89     0.0192     2.7715     2.4923  1.9584860  1.1452988   47.00126  -46.74078    34.8960    34.9116     4.1241     4.1243    27.6905    27.7029    6.09555    6.29076         15 0.0000e+00
      23197    966.483    510.000     4.1563   3.283655     4.1564   3.284995      96.36     0.0193     2.7714     2.4922  1.9584860  1.1452992   47.00126  -46.74078    34.8953    34.9110     4.1187     4.1187    27.6905    27.7030    6.09557    6.29225         15 0.0000e+00
      23212    967.142    511.000     4.1528   3.283350     4.1526   3.284670      94.14     0.0176     2.7707     2.4918  1.9584860  1.1452992   47.00126  -46.74078    34.8949    34.9107     4.1150     4.1149    27.6906    27.7031    6.09568    6.29676         17 0.0000e+00
      23233    967.996    512.000     4.1516   3.283285     4.1512   3.284575      91.27     0.0141     2.7701     2.4923  1.9585322  1.1445118   47.00126  -46.74078    34.8948    34.9105     4.1138     4.1134    27.6907    27.7032    6.09244    6.30111         25 0.0000e+00
      23267    969.411    513.000     4.1538   3.283543     4.1528   3.284755      86.71     0.0158     2.7691     2.4924  1.9586133  1.1440996   47.00126  -46.74076    34.8951    34.9104     4.1159     4.1149    27.6906    27.7030    6.09265    6.29641         39 0.0000e+00
      23299    970.753    514.000     4.1558   3.283812     4.1550   3.285044      97.22     0.0174     2.7684     2.4915  1.9584818  1.1440771   47.00126  -46.74076    34.8956    34.9109     4.1178     4.1171    27.6908    27.7031    6.09138    6.27900         25 0.0000e+00
      23321    971.662    515.000     4.1555   3.283833     4.1548   3.285085      76.39     0.0155     2.7677     2.4902  1.9584860  1.1440781   47.00126  -46.74075    34.8957    34.9112     4.1174     4.1167    27.6909    27.7034    6.09225    6.28022         20 0.0000e+00
      23339    972.422    516.000     4.1589   3.284266     4.1583   3.285518      94.37     0.0123     2.7680     2.4897  1.9584860  1.1440781   47.00126  -46.74074    34.8966    34.9121     4.1208     4.1201    27.6913    27.7037    6.09924    6.28108         17 0.0000e+00
      23357    973.156    517.000     4.1621   3.284654     4.1617   3.285933      97.11     0.0134     2.7681     2.4889  1.9584860  1.1440781   47.00126  -46.74074    34.8973    34.9128     4.1239     4.1234    27.6916    27.7040    6.09470    6.27268         18 0.0000e+00
      23376    973.966    518.000     4.1618   3.284700     4.1618   3.286008      97.04     0.0137     2.7671     2.4878  1.9584860  1.1440781   47.00126  -46.74074    34.8976    34.9131     4.1235     4.1235    27.6919    27.7042    6.07832    6.27077         22 0.0000e+00
      23400    974.960    519.000     4.1605   3.284616     4.1603   3.285923      59.49     0.0166     2.7653     2.4865  1.9584860  1.1440781   47.00126  -46.74074    34.8975    34.9131     4.1221     4.1219    27.6919    27.7043    6.06989    6.26542         26 0.0000e+00
      23428    976.131    520.000     4.1600   3.284616     4.1597   3.285911      88.21     0.0141     2.7635     2.4854  1.9584860  1.1442567   47.00128  -46.74072    34.8975    34.9131     4.1215     4.1212    27.6920    27.7044    6.07650    6.27700         28 0.0000e+00
      23453    977.178    521.000     4.1600   3.284668     4.1599   3.285983      92.04     0.0116     2.7627     2.4853  1.9584860  1.1443446   47.00128  -46.74072    34.8976    34.9132     4.1215     4.1213    27.6920    27.7045    6.07763    6.27810         23 0.0000e+00
      23474    978.049    522.000     4.1628   3.285024     4.1628   3.286342      78.12     0.0130     2.7624     2.4850  1.9585507  1.1442056   47.00128  -46.74072    34.8982    34.9139     4.1242     4.1241    27.6923    27.7047    6.06556    6.26365         19 0.0000e+00
