data/CTD/2013/CNV/D021A021.CNV
* Sea-Bird SBE 9 Data File:
* FileName = C:\CTD_ACQUISITION\2013021HUD\ctddata\021A021.hdr
* Software Version Seasave V 7.22.2
* Temperature SN = 5081
* Conductivity SN = 3561
* Number of Bytes Per Scan = 37
* Number of Voltage Words = 4
* Number of Scans Averaged by the Deck Unit = 1
* NMEA Latitude = 46 59.98 N
* NMEA Longitude = 046 29.00 W
* NMEA UTC (Time) = Jul 02 2013 07:03:49
* NMEA baud rate = 9600
** Ship: Hudson
** Cruise: HUD2013021
** Chief_Scientist: Greenan
** Organization: BIO
** Area_of_Operation: Sackville Spur
** Station: 21
** Sounding:  416
** Event_Comments: FC20  393129
# nquan = 25
# nvalues = 342                         
# units = specified
# name 0 = scan: Scan Count
# name 1 = timeS: Time, Elapsed [seconds]
# name 2 = prDM: Pressure, Digiquartz [db]
# name 3 = t068C: Temperature [ITS-68, deg C]
# name 4 = c0S/m: Conductivity [S/m]
# name 5 = t168C: Temperature, 2 [ITS-68, deg C]
# name 6 = c1S/m: Conductivity, 2 [S/m]
# name 7 = altM: Altimeter [m]
# name 8 = flCUVA: Fluorescence, Chelsea UV Aquatracka [ug/l]
# name 9 = sbeox0V: Oxygen raw, SBE 43 [V]
# name 10 = sbeox1V: Oxygen raw, SBE 43, 2 [V]
# name 11 = upoly0: Upoly 0, Optode 4330F - O2 D-Phase
# name 12 = upoly1: Upoly 1, Optode 4330F - O2 Temp
# name 13 = latitude: Latitude [deg]
# name 14 = longitude: Longitude [deg]
# name 15 = sal00: Salinity, Practical [PSU]
# name 16 = sal11: Salinity, Practical, 2 [PSU]
# name 17 = potemp068C: Potential Temperature [ITS-68, deg C]
# name 18 = potemp168C: Potential Temperature, 2 [ITS-68, deg C]
# name 19 = sigma-é00: Density [sigma-theta, Kg/m^3]
# name 20 = sigma-é11: Density, 2 [sigma-theta, Kg/m^3]
# name 21 = sbeox0ML/L: Oxygen, SBE 43 [ml/l], WS = 2
# name 22 = sbeox1ML/L: Oxygen, SBE 43, 2 [ml/l], WS = 2
# name 23 = nbin: number of scans per bin
# name 24 = flag: flag
# span 0 =       8826,      19503       
# span 1 =    367.716,    812.592       
# span 2 =      3.000,    344.000       
# span 3 =     2.8230,     7.9081       
# span 4 =   3.096969,   3.487697       
# span 5 =     2.8227,     7.9147       
# span 6 =   3.098287,   3.490031       
# span 7 =       3.05,      97.78       
# span 8 =     0.0098,     0.3924       
# span 9 =     2.6409,     3.3798       
# span 10 =     2.3717,     3.0247      
# span 11 =  1.6860453,  2.0390890      
# span 12 =  0.9831388,  1.5983196      
# span 13 =   46.99938,   46.99990      
# span 14 =  -46.48392,  -46.48324      
# span 15 =    32.7802,    34.9461      
# span 16 =    32.7948,    34.9614      
# span 17 =     2.8172,     7.9052      
# span 18 =     2.8169,     7.9119      
# span 19 =    25.7154,    27.6704      
# span 20 =    25.7269,    27.6827      
# span 21 =    5.41105,    7.16364      
# span 22 =    5.59229,    7.26064      
# span 23 =         13,         98      
# span 24 = 0.0000e+00, 0.0000e+00      
# interval = decibars: 1                
# start_time = Jul 02 2013 07:03:49 [NMEA time, header]
# bad_flag = -9.990e-29
*END*
[from data line 116]
      14363    598.398    119.000     2.9601   3.120963     2.9556   3.121718      74.26     0.0153     2.9061     2.6131  1.9562619  0.9919333   46.99976  -46.48384    34.4252    34.4401     2.9529     2.9487    27.4305    27.4426    6.39288    6.57218         31 0.0000e+00
      14387    599.435    120.000     3.0211   3.127350     3.0201   3.128516      96.14     0.0165     2.9074     2.6142  1.9560446  0.9915653   46.99976  -46.48384    34.4374    34.4527     3.0138     3.0128    27.4348    27.4471    6.42189    6.58478         22 0.0000e+00
      14408    600.310    121.000     3.0403   3.129426     3.0400   3.130668      75.52     0.0158     2.9115     2.6163  1.9571764  0.9928150   46.99976  -46.48384    34.4416    34.4571     3.0329     3.0326    27.4364    27.4488    6.43886    6.59320         21 0.0000e+00
      14434    601.371    122.000     3.0527   3.131073     3.0524   3.132319      68.41     0.0180     2.9146     2.6180  1.9572635  0.9934729   46.99976  -46.48384    34.4480    34.4637     3.0452     3.0449    27.4403    27.4529    6.40906    6.57084         30 0.0000e+00
      14465    602.665    123.000     3.0443   3.130617     3.0440   3.131890      62.67     0.0226     2.9117     2.6149  1.9572649  1.0000982   46.99978  -46.48386    34.4508    34.4666     3.0367     3.0365    27.4434    27.4560    6.33371    6.49606         30 0.0000e+00
      14490    603.701    124.000     3.0163   3.128291     3.0164   3.129592      96.65     0.0192     2.9041     2.6076  1.9569557  1.0006802   46.99978  -46.48386    34.4517    34.4675     3.0088     3.0088    27.4467    27.4593    6.28278    6.46183         20 0.0000e+00
      14508    604.438    125.000     2.9803   3.125080     2.9795   3.126305      96.56     0.0185     2.8978     2.6034  1.9560436  1.0033588   46.99978  -46.48386    34.4505    34.4662     2.9727     2.9720    27.4490    27.4617    6.27736    6.47088         16 0.0000e+00
      14524    605.128    126.000     2.9781   3.124983     2.9781   3.126296      94.97     0.0178     2.8929     2.5998  1.9560440  1.0035923   46.99978  -46.48386    34.4511    34.4672     2.9705     2.9704    27.4497    27.4625    6.28030    6.47984         17 0.0000e+00
      14542    605.885    127.000     3.0309   3.130491     3.0313   3.131766      35.35     0.0163     2.8887     2.5976  1.9560440  1.0013742   46.99978  -46.48386    34.4614    34.4765     3.0231     3.0235    27.4531    27.4651    6.28096    6.47304         20 0.0000e+00
      14565    606.849    128.000     3.1347   3.141311     3.1290   3.141780      92.91     0.0187     2.8849     2.5944  1.9560440  0.9988481   46.99978  -46.48386    34.4792    34.4934     3.1291     3.1211    27.4575    27.4696    6.25165    6.44120         27 0.0000e+00
      14595    608.095    129.000     3.2743   3.155636     3.2619   3.155568      96.28     0.0180     2.8787     2.5896  1.9557656  1.0002503   46.99978  -46.48386    34.5061    34.5184     3.2661     3.2538    27.4661    27.4771    6.22015    6.40911         31 0.0000e+00
      14624    609.295    130.000     3.3188   3.160446     3.3189   3.161692      76.05     0.0185     2.8753     2.5866  1.9554266  1.0012411   46.99980  -46.48388    34.5164    34.5313     3.3105     3.3107    27.4701    27.4820    6.21556    6.40217         26 0.0000e+00
      14646    610.223    131.000     3.3149   3.160177     3.3143   3.161363      71.32     0.0246     2.8726     2.5843  1.9507037  1.0175930   46.99980  -46.48388    34.5167    34.5317     3.3065     3.3060    27.4708    27.4827    6.20600    6.38578         20 0.0000e+00
      14665    611.007    132.000     3.3287   3.161773     3.3270   3.162878      96.63     0.0263     2.8698     2.5814  1.9499323  1.0207846   46.99980  -46.48388    34.5208    34.5359     3.3203     3.3186    27.4727    27.4849    6.18897    6.37243         17 0.0000e+00
      14682    611.728    133.000     3.3384   3.163000     3.3392   3.164309      75.14     0.0217     2.8668     2.5791  1.9510231  1.0227221   46.99980  -46.48388    34.5247    34.5402     3.3299     3.3312    27.4749    27.4872    6.18001    6.36390         18 0.0000e+00
      14700    612.461    134.000     3.3635   3.165658     3.3634   3.166904      32.07     0.0198     2.8646     2.5763  1.9547296  1.0302674   46.99980  -46.48388    34.5296    34.5447     3.3549     3.3549    27.4764    27.4885    6.16907    6.35644         18 0.0000e+00
      14719    613.270    135.000     3.3789   3.167264     3.3771   3.168345      73.51     0.0192     2.8608     2.5745  1.9548229  1.0304667   46.99980  -46.48388    34.5321    34.5470     3.3702     3.3684    27.4769    27.4890    6.15323    6.35246         21 0.0000e+00
      14743    614.233    136.000     3.3889   3.168284     3.3880   3.169484      77.85     0.0160     2.8567     2.5710  1.9569812  1.0333537   46.99980  -46.48388    34.5332    34.5486     3.3801     3.3793    27.4769    27.4892    6.13001    6.32172         25 0.0000e+00
      14769    615.324    137.000     3.4198   3.171468     3.4173   3.172482      74.19     0.0127     2.8505     2.5658  1.9576474  1.0341966   46.99980  -46.48388    34.5382    34.5531     3.4110     3.4084    27.4779    27.4900    6.10694    6.29964         26 0.0000e+00
      14793    616.332    138.000     3.4763   3.177357     3.4740   3.178365      97.05     0.0148     2.8463     2.5616  1.9572577  1.0375253   46.99980  -46.48388    34.5486    34.5631     3.4673     3.4650    27.4807    27.4925    6.11232    6.29571         22 0.0000e+00
      14814    617.206    139.000     3.4823   3.178217     3.4825   3.179495      85.66     0.0155     2.8444     2.5600  1.9572649  1.0378594   46.99980  -46.48390    34.5520    34.5671     3.4733     3.4735    27.4828    27.4949    6.10084    6.29318         20 0.0000e+00
      14834    618.028    140.000     3.5091   3.181134     3.5077   3.182260      32.21     0.0209     2.8405     2.5567  1.9592357  1.0433322   46.99980  -46.48390    34.5580    34.5732     3.5000     3.4985    27.4850    27.4973    6.07836    6.25874         20 0.0000e+00
      14854    618.880    141.000     3.5257   3.182894     3.5238   3.183978      46.40     0.0198     2.8372     2.5525  1.9600254  1.0468884   46.99981  -46.48390    34.5611    34.5761     3.5165     3.5146    27.4858    27.4980    6.05125    6.23581         22 0.0000e+00
      14876    619.808    142.000     3.5702   3.187525     3.5685   3.188565      96.29     0.0188     2.8304     2.5475  1.9611996  1.0489413   46.99982  -46.48390    34.5690    34.5838     3.5608     3.5595    27.4878    27.4998    6.01587    6.21323         22 0.0000e+00
      14899    620.742    143.000     3.5776   3.188594     3.5807   3.190146      47.51     0.0161     2.8257     2.5426  1.9634012  1.0525545   46.99982  -46.48390    34.5734    34.5888     3.5682     3.5712    27.4906    27.5026    6.01715    6.20102         22 0.0000e+00
      14920    621.619    144.000     3.5659   3.187638     3.5653   3.188844      97.65     0.0158     2.8212     2.5388  1.9637426  1.0531242   46.99982  -46.48390    34.5738    34.5890     3.5564     3.5558    27.4921    27.5042    6.01555    6.20612         20 0.0000e+00
      14939    622.437    145.000     3.5706   3.188263     3.5693   3.189416      96.59     0.0162     2.8181     2.5362  1.9670298  1.0598228   46.99982  -46.48390    34.5758    34.5910     3.5610     3.5598    27.4932    27.5054    6.02929    6.21289         20 0.0000e+00
      14959    623.242    146.000     3.6193   3.193440     3.6184   3.194682      81.71     0.0165     2.8173     2.5346  1.9670329  1.0598291   46.99982  -46.48390    34.5856    34.6018     3.6097     3.6088    27.4962    27.5089    6.02913    6.20379         19 0.0000e+00
      14980    624.130    147.000     3.6911   3.200771     3.6909   3.202013      64.16     0.0217     2.8157     2.5324  1.9687814  1.0611279   46.99982  -46.48390    34.5969    34.6119     3.6812     3.6811    27.4981    27.5101    6.00573    6.18520         24 0.0000e+00
      15007    625.252    148.000     3.7077   3.202563     3.7081   3.203866      95.97     0.0235     2.8126     2.5296  1.9694641  1.0619725   46.99982  -46.48390    34.6002    34.6154     3.6978     3.6982    27.4990    27.5111    5.98573    6.16422         30 0.0000e+00
      15037    626.494    149.000     3.7117   3.203131     3.7116   3.204405      96.51     0.0221     2.8083     2.5253  1.9706861  1.0718286   46.99982  -46.48390    34.6022    34.6175     3.7017     3.7017    27.5003    27.5125    5.96082    6.15037         27 0.0000e+00
      15060    627.438    150.000     3.7029   3.202521     3.7015   3.203654      96.75     0.0189     2.8039     2.5223  1.9706969  1.0719844   46.99982  -46.48390    34.6031    34.6187     3.6935     3.6914    27.5017    27.5145    5.95431    6.14495         19 0.0000e+00
      15076    628.142    151.000     3.6882   3.201404     3.6860   3.202446      96.27     0.0231     2.8018     2.5203  1.9726977  1.0761278   46.99982  -46.48390    34.6054    34.6202     3.6780     3.6759    27.5052    27.5171    5.95654    6.14865         15 0.0000e+00
      15091    628.757    152.000     3.7163   3.204390     3.7153   3.205605      33.08     0.0263     2.7992     2.5187  1.9731438  1.0770985   46.99983  -46.48390    34.6107    34.6264     3.7061     3.7051    27.5066    27.5192    5.94966    6.14369         15 0.0000e+00
      15106    629.368    153.000     3.7211   3.205000     3.7208   3.206270      86.16     0.0236     2.7980     2.5175  1.9732184  1.0770054   46.99984  -46.48390    34.6124    34.6280     3.7108     3.7105    27.5075    27.5199    5.95103    6.14516         15 0.0000e+00
      15123    630.068    154.000     3.7330   3.206347     3.7327   3.207616      96.48     0.0230     2.7961     2.5165  1.9764092  1.0777422   46.99984  -46.48392    34.6153    34.6309     3.7227     3.7224    27.5086    27.5210    5.95658    6.15270         19 0.0000e+00
      15147    631.088    155.000     3.7780   3.211057     3.7766   3.212210      81.60     0.0261     2.7958     2.5163  1.9779298  1.0781305   46.99984  -46.48392    34.6235    34.6387     3.7675     3.7661    27.5106    27.5229    5.96045    6.14951         31 0.0000e+00
      15181    632.513    156.000     3.7930   3.212711     3.7929   3.213984      68.15     0.0215     2.7948     2.5148  1.9780622  1.0819575   46.99984  -46.48392    34.6268    34.6421     3.7824     3.7823    27.5117    27.5239    5.94737    6.11691         33 0.0000e+00
      15209    633.668    157.000     3.7952   3.213001     3.7949   3.214268      51.43     0.0229     2.7919     2.5097  1.9786812  1.0832936   46.99984  -46.48392    34.6274    34.6428     3.7846     3.7843    27.5120    27.5243    5.91318    6.07387         23 0.0000e+00
      15229    634.483    158.000     3.7942   3.212968     3.7939   3.214241      92.45     0.0249     2.7886     2.5057  1.9804720  1.0879328   46.99984  -46.48392    34.6275    34.6430     3.7835     3.7832    27.5122    27.5245    5.91428    6.08203         18 0.0000e+00
      15245    635.179    159.000     3.7921   3.212799     3.7921   3.214118      96.22     0.0224     2.7870     2.5042  1.9804640  1.0879121   46.99984  -46.48392    34.6272    34.6429     3.7813     3.7813    27.5122    27.5247    5.93810    6.11941         16 0.0000e+00
      15261    635.854    160.000     3.7843   3.212136     3.7842   3.213438      96.69     0.0231     2.7883     2.5057  1.9817605  1.0892849   46.99984  -46.48392    34.6270    34.6426     3.7734     3.7733    27.5128    27.5253    5.97534    6.16172         16 0.0000e+00
      15279    636.581    161.000     3.7918   3.213123     3.7909   3.214345      52.96     0.0232     2.7908     2.5086  1.9841189  1.0915674   46.99984  -46.48392    34.6303    34.6458     3.7809     3.7800    27.5147    27.5271    6.01780    6.18939         19 0.0000e+00
      15301    637.490    162.000     3.8204   3.216279     3.8183   3.217354      72.08     0.0202     2.7976     2.5135  1.9842632  1.0915751   46.99984  -46.48392    34.6371    34.6522     3.8094     3.8073    27.5171    27.5294    6.04381    6.21357         26 0.0000e+00
      15330    638.719    163.000     3.8449   3.218892     3.8432   3.220006      95.88     0.0204     2.8049     2.5202  1.9853387  1.0915751   46.99985  -46.48392    34.6418    34.6569     3.8337     3.8320    27.5185    27.5307    6.03463    6.20526         32 0.0000e+00
      15360    639.963    164.000     3.8011   3.214796     3.8075   3.216726      95.33     0.0228     2.8076     2.5218  1.9859715  1.0936855   46.99986  -46.48392    34.6388    34.6550     3.7899     3.7964    27.5205    27.5328    5.98967    6.16083         26 0.0000e+00
      15383    640.904    165.000     3.7193   3.207002     3.7233   3.208730      37.22     0.0218     2.8046     2.5196  1.9865876  1.0960820   46.99986  -46.48392    34.6317    34.6482     3.7082     3.7122    27.5231    27.5359    5.95669    6.13832         19 0.0000e+00
      15400    641.632    166.000     3.6913   3.204316     3.6938   3.205900      96.88     0.0220     2.8007     2.5163  1.9868591  1.0957383   46.99986  -46.48392    34.6287    34.6451     3.6802     3.6827    27.5236    27.5363    5.94562    6.12404         17 0.0000e+00
      15416    642.294    167.000     3.6871   3.204077     3.6859   3.205320      96.66     0.0227     2.7974     2.5132  1.9907371  1.0955486   46.99986  -46.48392    34.6298    34.6460     3.6759     3.6747    27.5248    27.5378    5.93216    6.11336         16 0.0000e+00
      15432    642.976    168.000     3.7142   3.207319     3.7126   3.208493      49.17     0.0220     2.7932     2.5101  1.9910852  1.0958728   46.99986  -46.48392    34.6393    34.6551     3.7029     3.7013    27.5297    27.5425    5.91069    6.09912         17 0.0000e+00
      15451    643.758    169.000     3.7487   3.211282     3.7469   3.212427      29.27     0.0188     2.7886     2.5065  1.9907264  1.0930860   46.99986  -46.48392    34.6495    34.6652     3.7373     3.7355    27.5344    27.5470    5.89057    6.08895         20 0.0000e+00
      15474    644.689    170.000     3.8292   3.219958     3.8250   3.220819      96.48     0.0183     2.7827     2.5027  1.9902312  1.0858650   46.99986  -46.48392    34.6673    34.6821     3.8176     3.8134    27.5404    27.5526    5.87218    6.06092         24 0.0000e+00
      15498    645.711    171.000     3.9174   3.229260     3.9154   3.230318      50.88     0.0199     2.7779     2.4975  1.9894975  1.0874275   46.99986  -46.48392    34.6843    34.6990     3.9056     3.9036    27.5449    27.5568    5.84229    6.03096         25 0.0000e+00
      15523    646.758    172.000     3.9519   3.232999     3.9511   3.234169      97.14     0.0160     2.7714     2.4933  1.9877775  1.0908675   46.99986  -46.48392    34.6917    34.7065     3.9400     3.9392    27.5472    27.5591    5.82894    6.02223         25 0.0000e+00
      15546    647.716    173.000     3.9754   3.235538     3.9738   3.236650      96.70     0.0127     2.7683     2.4895  1.9874970  1.0944519   46.99986  -46.48392    34.6968    34.7114     3.9634     3.9618    27.5489    27.5607    5.82833    6.00359         21 0.0000e+00
      15567    648.575    174.000     3.9895   3.237078     3.9887   3.238277      53.73     0.0132     2.7641     2.4857  1.9865555  1.1062745   46.99986  -46.48392    34.6998    34.7147     3.9773     3.9766    27.5498    27.5618    5.81749    5.99328         20 0.0000e+00
      15586    649.389    175.000     4.0033   3.238644     4.0008   3.239616      28.18     0.0175     2.7626     2.4830  1.9865689  1.1061051   46.99986  -46.48392    34.7025    34.7170     3.9914     3.9886    27.5506    27.5624    5.85097    6.02071         20 0.0000e+00
