data/CTD/2013/CNV/D021A056.CNV
* Sea-Bird SBE 9 Data File:
* FileName = C:\CTD_ACQUISITION\2013021HUD\ctddata\021A056.hdr
* Software Version Seasave V 7.22.2
* Temperature SN = 5081
* Conductivity SN = 3561
* Number of Bytes Per Scan = 37
* Number of Voltage Words = 4
* Number of Scans Averaged by the Deck Unit = 1
* NMEA Latitude = 48 36.11 N
* NMEA Longitude = 045 27.91 W
* NMEA UTC (Time) = Jul 05 2013 09:14:21
* NMEA baud rate = 9600
** Ship: Hudson
** Cruise: HUD2013021
** Chief_Scientist: Greenan
** Organization: BIO
** Area_of_Operation: Sackville Spur
** Station: 56
** Sounding:  1028
** Event_Comments: SS21   393221
# nquan = 25
# nvalues = 1031                        
# units = specified
# name 0 = scan: Scan Count
# name 1 = timeS: Time, Elapsed [seconds]
# name 2 = prDM: Pressure, Digiquartz [db]
# name 3 = t068C: Temperature [ITS-68, deg C]
# name 4 = c0S/m: Conductivity [S/m]
# name 5 = t168C: Temperature, 2 [ITS-68, deg C]
# name 6 = c1S/m: Conductivity, 2 [S/m]
# name 7 = altM: Altimeter [m]
# name 8 = flCUVA: Fluorescence, Chelsea UV Aquatracka [ug/l]
# name 9 = sbeox0V: Oxygen raw, SBE 43 [V]
# name 10 = sbeox1V: Oxygen raw, SBE 43, 2 [V]
# name 11 = upoly0: Upoly 0, Optode 4330F - O2 D-Phase
# name 12 = upoly1: Upoly 1, Optode 4330F - O2 Temp
# name 13 = latitude: Latitude [deg]
# name 14 = longitude: Longitude [deg]
# name 15 = sal00: Salinity, Practical [PSU]
# name 16 = sal11: Salinity, Practical, 2 [PSU]
# name 17 = potemp068C: Potential Temperature [ITS-68, deg C]
# name 18 = potemp168C: Potential Temperature, 2 [ITS-68, deg C]
# name 19 = sigma-é00: Density [sigma-theta, Kg/m^3]
# name 20 = sigma-é11: Density, 2 [sigma-theta, Kg/m^3]
# name 21 = sbeox0ML/L: Oxygen, SBE 43 [ml/l], WS = 2
# name 22 = sbeox1ML/L: Oxygen, SBE 43, 2 [ml/l], WS = 2
# name 23 = nbin: number of scans per bin
# name 24 = flag: flag
# span 0 =       8064,      35200       
# span 1 =    335.971,   1466.627       
# span 2 =      2.000,   1032.000       
# span 3 =     1.4797,     6.4613       
# span 4 =   2.956512,   3.326960       
# span 5 =     1.4800,     6.4613       
# span 6 =   2.957751,   3.328277       
# span 7 =       5.81,      99.36       
# span 8 =     0.0037,     0.8256       
# span 9 =     2.5310,     3.3940       
# span 10 =     2.2762,     3.0424      
# span 11 =  1.7055144,  2.0349364      
# span 12 =  0.8181562,  1.4347132      
# span 13 =   48.60173,   48.60255      
# span 14 =  -45.46242,  -45.46024      
# span 15 =    33.2594,    37.0519      
# span 16 =    33.2739,    34.9307      
# span 17 =     1.4771,     6.4600      
# span 18 =     1.4774,     6.4599      
# span 19 =    26.1258,    29.5957      
# span 20 =    26.1372,    27.7710      
# span 21 =    5.80605,    7.51554      
# span 22 =    5.98668,    7.59223      
# span 23 =         14,         91      
# span 24 = 0.0000e+00, 0.0000e+00      
# interval = decibars: 1                
# start_time = Jul 05 2013 09:14:21 [NMEA time, header]
# bad_flag = -9.990e-29
*END*
[from data line 986]
      34039   1418.258    988.000     3.7588   3.270183     3.7586   3.271490      85.22     0.0157     2.5727     2.3128  2.0102899  1.0952381   48.60244  -45.46052    34.9078    34.9235     3.6853     3.6851    27.7453    27.7579    5.93533    6.14442         26 0.0000e+00
      34068   1419.460    989.000     3.7571   3.270091     3.7569   3.271388      70.14     0.0151     2.5715     2.3114  2.0125177  1.0952005   48.60242  -45.46050    34.9080    34.9236     3.6836     3.6833    27.7456    27.7581    5.93307    6.13407         32 0.0000e+00
      34098   1420.700    990.000     3.7558   3.270029     3.7555   3.271332      58.61     0.0137     2.5703     2.3101  2.0130131  1.0952384   48.60242  -45.46050    34.9081    34.9239     3.6822     3.6819    27.7459    27.7585    5.93667    6.13395         26 0.0000e+00
      34120   1421.644    991.000     3.7549   3.270005     3.7547   3.271315      72.14     0.0137     2.5697     2.3091  2.0129428  1.0951772   48.60242  -45.46050    34.9082    34.9240     3.6812     3.6810    27.7461    27.7587    5.93667    6.12793         20 0.0000e+00
      34140   1422.446    992.000     3.7538   3.269958     3.7535   3.271256      91.85     0.0167     2.5691     2.3080  2.0129564  1.0951016   48.60242  -45.46050    34.9084    34.9241     3.6800     3.6797    27.7464    27.7589    5.93067    6.12641         18 0.0000e+00
      34158   1423.221    993.000     3.7523   3.269883     3.7520   3.271183      95.55     0.0186     2.5679     2.3074  2.0146155  1.0946523   48.60242  -45.46050    34.9086    34.9243     3.6784     3.6781    27.7467    27.7592    5.92758    6.13414         19 0.0000e+00
      34178   1424.038    994.000     3.7512   3.269839     3.7508   3.271134      60.57     0.0190     2.5678     2.3073  2.0149410  1.0946567   48.60242  -45.46050    34.9087    34.9245     3.6773     3.6769    27.7468    27.7595    5.92928    6.14339         21 0.0000e+00
      34200   1424.953    995.000     3.7504   3.269817     3.7501   3.271117      42.78     0.0218     2.5667     2.3072  2.0149703  1.0943904   48.60242  -45.46050    34.9087    34.9245     3.6764     3.6761    27.7470    27.7596    5.92971    6.14054         23 0.0000e+00
      34225   1426.007    996.000     3.7486   3.269708     3.7484   3.271021      40.11     0.0216     2.5664     2.3069  2.0148776  1.0940148   48.60242  -45.46050    34.9089    34.9246     3.6745     3.6743    27.7473    27.7598    5.93896    6.13698         27 0.0000e+00
      34252   1427.110    997.000     3.7466   3.269599     3.7464   3.270907      44.86     0.0163     2.5658     2.3059  2.0155478  1.0940171   48.60242  -45.46050    34.9091    34.9249     3.6725     3.6722    27.7476    27.7603    5.92394    6.12466         26 0.0000e+00
      34276   1428.139    998.000     3.7448   3.269500     3.7446   3.270804      38.75     0.0133     2.5647     2.3049  2.0158706  1.0940171   48.60242  -45.46050    34.9094    34.9251     3.6706     3.6703    27.7481    27.7606    5.92540    6.12648         24 0.0000e+00
      34300   1429.106    999.000     3.7422   3.269346     3.7421   3.270663      37.80     0.0128     2.5642     2.3040  2.0163178  1.0939615   48.60241  -45.46050    34.9098    34.9256     3.6679     3.6678    27.7487    27.7612    5.92927    6.12369         22 0.0000e+00
      34322   1430.053   1000.000     3.7392   3.269166     3.7391   3.270485      36.84     0.0142     2.5634     2.3031  2.0161362  1.0939641   48.60240  -45.46050    34.9103    34.9261     3.6649     3.6647    27.7494    27.7620    5.91972    6.11865         23 0.0000e+00
      34345   1430.986   1001.000     3.7376   3.269073     3.7375   3.270392      36.15     0.0157     2.5624     2.3020  2.0169330  1.0934029   48.60240  -45.46050    34.9104    34.9262     3.6632     3.6631    27.7496    27.7622    5.92231    6.11142         22 0.0000e+00
      34367   1431.920   1002.000     3.7363   3.269001     3.7359   3.270300      34.99     0.0185     2.5618     2.3008  2.0172544  1.0928475   48.60240  -45.46050    34.9105    34.9262     3.6618     3.6614    27.7498    27.7624    5.92418    6.11808         23 0.0000e+00
      34389   1432.828   1003.000     3.7323   3.268730     3.7325   3.270058      33.10     0.0160     2.5616     2.3004  2.0184820  1.0927386   48.60240  -45.46049    34.9109    34.9265     3.6578     3.6580    27.7506    27.7629    5.91885    6.12054         21 0.0000e+00
      34409   1433.686   1004.000     3.7300   3.268584     3.7297   3.269889      31.67     0.0155     2.5602     2.2997  2.0201433  1.0926132   48.60240  -45.46048    34.9111    34.9269     3.6554     3.6551    27.7510    27.7636    5.91269    6.11757         20 0.0000e+00
      34429   1434.504   1005.000     3.7292   3.268558     3.7288   3.269854      30.39     0.0146     2.5594     2.2991  2.0200496  1.0926032   48.60240  -45.46048    34.9112    34.9270     3.6545     3.6541    27.7511    27.7637    5.90648    6.10838         19 0.0000e+00
      34448   1435.312   1006.000     3.7276   3.268478     3.7274   3.269770      30.01     0.0169     2.5576     2.2978  2.0200243  1.0915760   48.60238  -45.46048    34.9114    34.9270     3.6529     3.6526    27.7514    27.7639    5.89690    6.09486         20 0.0000e+00
      34469   1436.156   1007.000     3.7267   3.268454     3.7264   3.269752      29.53     0.0171     2.5565     2.2961  2.0198867  1.0915751   48.60238  -45.46048    34.9115    34.9273     3.6519     3.6515    27.7516    27.7643    5.88631    6.09202         21 0.0000e+00
      34492   1437.144   1008.000     3.7254   3.268386     3.7254   3.269711      27.79     0.0115     2.5529     2.2945  2.0202508  1.0908684   48.60238  -45.46048    34.9116    34.9273     3.6505     3.6505    27.7518    27.7644    5.87062    6.09217         27 0.0000e+00
      34526   1438.539   1009.000     3.7193   3.267928     3.7193   3.269249      27.68     0.0116     2.5506     2.2923  2.0204747  1.0906363   48.60238  -45.46048    34.9121    34.9277     3.6443     3.6444    27.7529    27.7653    5.88666    6.08134         39 0.0000e+00
      34561   1440.001   1010.000     3.7176   3.267836     3.7173   3.269142      27.05     0.0140     2.5491     2.2899  2.0199037  1.0903413   48.60238  -45.46048    34.9123    34.9281     3.6426     3.6423    27.7532    27.7658    5.88334    6.08200         28 0.0000e+00
      34584   1440.962   1011.000     3.7162   3.267766     3.7161   3.269084      25.83     0.0141     2.5472     2.2888  2.0212779  1.0903541   48.60238  -45.46048    34.9124    34.9282     3.6411     3.6410    27.7535    27.7661    5.86732    6.07456         20 0.0000e+00
      34603   1441.746   1012.000     3.7146   3.267682     3.7144   3.268995      24.77     0.0111     2.5457     2.2874  2.0224090  1.0903541   48.60237  -45.46048    34.9126    34.9284     3.6395     3.6392    27.7537    27.7664    5.86885    6.07076         18 0.0000e+00
      34621   1442.481   1013.000     3.7142   3.267684     3.7138   3.268992      24.03     0.0098     2.5441     2.2863  2.0221133  1.0903541   48.60236  -45.46048    34.9126    34.9285     3.6389     3.6386    27.7538    27.7665    5.86846    6.07255         18 0.0000e+00
      34639   1443.237   1014.000     3.7119   3.267533     3.7122   3.268873      23.79     0.0109     2.5438     2.2855  2.0244436  1.0899751   48.60236  -45.46048    34.9127    34.9283     3.6366     3.6369    27.7541    27.7665    5.87545    6.07419         19 0.0000e+00
      34659   1444.065   1015.000     3.7051   3.267026     3.7054   3.268363      22.89     0.0158     2.5427     2.2847  2.0245919  1.0901182   48.60236  -45.46048    34.9133    34.9289     3.6298     3.6301    27.7553    27.7677    5.87120    6.07825         21 0.0000e+00
      34681   1444.994   1016.000     3.7019   3.266800     3.7021   3.268144      21.88     0.0211     2.5417     2.2840  2.0248430  1.0896143   48.60236  -45.46048    34.9136    34.9293     3.6265     3.6267    27.7558    27.7683    5.87379    6.07445         23 0.0000e+00
      34705   1446.001   1017.000     3.6988   3.266589     3.6988   3.267915      20.82     0.0191     2.5409     2.2828  2.0248108  1.0891327   48.60236  -45.46048    34.9138    34.9295     3.6234     3.6234    27.7563    27.7688    5.86883    6.06529         25 0.0000e+00
      34730   1447.058   1018.000     3.6962   3.266429     3.6963   3.267760      19.84     0.0150     2.5396     2.2816  2.0253100  1.0883850   48.60236  -45.46048    34.9141    34.9298     3.6208     3.6208    27.7568    27.7693    5.87054    6.07014         26 0.0000e+00
      34756   1448.126   1019.000     3.6955   3.266412     3.6952   3.267719      18.86     0.0158     2.5391     2.2810  2.0256412  1.0879117   48.60236  -45.46048    34.9142    34.9300     3.6199     3.6197    27.7570    27.7696    5.87216    6.07677         25 0.0000e+00
      34779   1449.098   1020.000     3.6939   3.266330     3.6936   3.267625      17.90     0.0163     2.5380     2.2806  2.0272937  1.0878531   48.60236  -45.46046    34.9143    34.9300     3.6183     3.6180    27.7573    27.7698    5.85960    6.07573         21 0.0000e+00
      34800   1449.959   1021.000     3.6919   3.266210     3.6917   3.267513      16.82     0.0168     2.5369     2.2803  2.0279782  1.0877883   48.60234  -45.46046    34.9145    34.9302     3.6162     3.6160    27.7576    27.7702    5.86109    6.07628         20 0.0000e+00
      34820   1450.788   1022.000     3.6904   3.266121     3.6900   3.267422      15.62     0.0133     2.5363     2.2801  2.0283141  1.0873904   48.60234  -45.46046    34.9146    34.9304     3.6146     3.6142    27.7579    27.7705    5.86710    6.07666         21 0.0000e+00
      34842   1451.697   1023.000     3.6902   3.266153     3.6898   3.267450      14.65     0.0151     2.5358     2.2796  2.0294664  1.0865679   48.60234  -45.46046    34.9146    34.9305     3.6143     3.6140    27.7579    27.7705    5.86593    6.07059         24 0.0000e+00
      34869   1452.839   1024.000     3.6898   3.266160     3.6895   3.267459      13.26     0.0158     2.5352     2.2787  2.0295076  1.0858462   48.60234  -45.46046    34.9146    34.9304     3.6139     3.6135    27.7579    27.7706    5.86341    6.07076         30 0.0000e+00
      34899   1454.103   1025.000     3.6884   3.266090     3.6880   3.267385      12.67     0.0130     2.5336     2.2781  2.0298381  1.0856380   48.60234  -45.46046    34.9148    34.9306     3.6124     3.6120    27.7582    27.7708    5.85620    6.06938         28 0.0000e+00
      34924   1455.136   1026.000     3.6883   3.266134     3.6880   3.267435      11.90     0.0147     2.5326     2.2777  2.0298128  1.0860767   48.60234  -45.46046    34.9149    34.9306     3.6122     3.6119    27.7583    27.7709    5.85028    6.07361         24 0.0000e+00
      34949   1456.177   1027.000     3.6886   3.266205     3.6882   3.267483      11.00     0.0163     2.5320     2.2775  2.0301089  1.0857515   48.60234  -45.46046    34.9149    34.9306     3.6124     3.6120    27.7583    27.7708    5.86705    6.07589         27 0.0000e+00
      34984   1457.617   1028.000     3.6884   3.266225     3.6880   3.267524      10.11     0.0159     2.5319     2.2770  2.0325680  1.0852875   48.60233  -45.46046    34.9148    34.9307     3.6122     3.6117    27.7583    27.7709    5.86506    6.06877         43 0.0000e+00
      35028   1459.464   1029.000     3.6882   3.266259     3.6878   3.267547       8.95     0.0136     2.5317     2.2762  2.0342906  1.0861789   48.60232  -45.46046    34.9150    34.9307     3.6119     3.6115    27.7584    27.7710    5.86531    6.07283         41 0.0000e+00
      35067   1461.101   1030.000     3.6879   3.266280     3.6876   3.267577       7.65     0.0151     2.5315     2.2763  2.0333703  1.0856050   48.60232  -45.46045    34.9150    34.9307     3.6115     3.6112    27.7584    27.7710    5.86925    6.07693         43 0.0000e+00
      35132   1463.799   1031.000     3.6880   3.266324     3.6876   3.267622       6.49     0.0143     2.5317     2.2769  2.0331328  1.0859851   48.60232  -45.46044    34.9149    34.9307     3.6115     3.6111    27.7584    27.7710    5.86728    6.08409         75 0.0000e+00
      35200   1466.627   1032.000     3.6880   3.266375     3.6877   3.267664       5.81     0.0156     2.5310     2.2768  2.0349364  1.0864557   48.60231  -45.46044    34.9150    34.9306     3.6115     3.6111    27.7584    27.7710    5.86477    6.07558         58 0.0000e+00
