data/CTD/2013/CNV/D021A001.CNV
* Sea-Bird SBE 9 Data File:
* FileName = C:\CTD_ACQUISITION\2013021HUD\ctddata\021A001.hdr
* Software Version Seasave V 7.22.2
* Temperature SN = 5081
* Conductivity SN = 3561
* Number of Bytes Per Scan = 37
* Number of Voltage Words = 4
* Number of Scans Averaged by the Deck Unit = 1
* NMEA Latitude = 44 41.81 N
* NMEA Longitude = 063 38.72 W
* NMEA UTC (Time) = Jun 28 2013 19:07:59
* NMEA baud rate = 9600
** Ship: Hudson
** Cruise: HUD2013021
** Chief_Scientist: Greenan
** Organization: BIO
** Area_of_Operation: Sackville Spur
** Station: 1
** Sounding:  64
** Event_Comments: BB
# nquan = 25
# nvalues = 55                          
# units = specified
# name 0 = scan: Scan Count
# name 1 = timeS: Time, Elapsed [seconds]
# name 2 = prDM: Pressure, Digiquartz [db]
# name 3 = t068C: Temperature [ITS-68, deg C]
# name 4 = c0S/m: Conductivity [S/m]
# name 5 = t168C: Temperature, 2 [ITS-68, deg C]
# name 6 = c1S/m: Conductivity, 2 [S/m]
# name 7 = altM: Altimeter [m]
# name 8 = flCUVA: Fluorescence, Chelsea UV Aquatracka [ug/l]
# name 9 = sbeox0V: Oxygen raw, SBE 43 [V]
# name 10 = sbeox1V: Oxygen raw, SBE 43, 2 [V]
# name 11 = upoly0: Upoly 0, Optode 4330F - O2 D-Phase
# name 12 = upoly1: Upoly 1, Optode 4330F - O2 Temp
# name 13 = latitude: Latitude [deg]
# name 14 = longitude: Longitude [deg]
# name 15 = sal00: Salinity, Practical [PSU]
# name 16 = sal11: Salinity, Practical, 2 [PSU]
# name 17 = potemp068C: Potential Temperature [ITS-68, deg C]
# name 18 = potemp168C: Potential Temperature, 2 [ITS-68, deg C]
# name 19 = sigma-é00: Density [sigma-theta, Kg/m^3]
# name 20 = sigma-é11: Density, 2 [sigma-theta, Kg/m^3]
# name 21 = sbeox0ML/L: Oxygen, SBE 43 [ml/l], WS = 2
# name 22 = sbeox1ML/L: Oxygen, SBE 43, 2 [ml/l], WS = 2
# name 23 = nbin: number of scans per bin
# name 24 = flag: flag
# span 0 =          3,       9300       
# span 1 =      0.068,    387.440       
# span 2 =      8.000,     62.000       
# span 3 =     2.7277,     6.0649       
# span 4 =   2.834271,   3.065375       
# span 5 =     2.7207,     6.0640       
# span 6 =   2.834862,   3.066513       
# span 7 =      10.86,      98.52       
# span 8 =     0.0425,     0.1093       
# span 9 =     2.2580,     2.9452       
# span 10 =     1.9526,     2.6005      
# span 11 =  1.9010988,  2.2809528      
# span 12 =  0.9801603,  1.3966010      
# span 13 =   44.69682,   44.69759      
# span 14 =  -63.64567,  -63.64532      
# span 15 =    30.7726,    31.2014      
# span 16 =    30.7863,    31.2156      
# span 17 =     2.7245,     6.0642      
# span 18 =     2.7174,     6.0634      
# span 19 =    24.2065,    24.8760      
# span 20 =    24.2173,    24.8878      
# span 21 =    4.59209,    6.07100      
# span 22 =    4.54213,    6.10042      
# span 23 =          1,         98      
# span 24 = 0.0000e+00, 0.0000e+00      
# interval = decibars: 1                
# start_time = Jun 28 2013 19:07:59 [NMEA time, header]
# bad_flag = -9.990e-29
*END*
          3      0.068      8.000     6.0648   3.065375     6.0640   3.066511      98.52     0.1093     2.9452     2.5992  1.9010988  1.3956044   44.69682  -63.64532    30.7743 -9.990e-29     6.0642     6.0634    24.2077    24.2183    6.04992    6.09379          1 0.0000e+00
          4      0.110      9.000     6.0649   3.065375     6.0640   3.066509      97.89     0.1090     2.9452     2.6005  1.9010988  1.3956044   44.69682  -63.64532    30.7738    30.7870     6.0642     6.0633    24.2073    24.2180    6.05071    6.09811          1 0.0000e+00
          5      0.159     10.000     6.0649   3.065373     6.0640   3.066509      97.56     0.1088     2.9442     2.5999  1.9010988  1.3966010   44.69682  -63.64532    30.7733    30.7867     6.0641     6.0632    24.2070    24.2176    6.04890    6.09733          1 0.0000e+00
          7      0.240     11.000     6.0648   3.065368     6.0639   3.066509      97.54     0.1083     2.9430     2.6000  1.9010988  1.3957567   44.69682  -63.64532    30.7728    30.7863     6.0640     6.0631    24.2066    24.2173    6.04631    6.09852          3 0.0000e+00
         14      0.547     12.000     6.0643   3.065351     6.0634   3.066513      97.57     0.1078     2.9441     2.6004  1.9010988  1.3961383   44.69685  -63.64534    30.7726    30.7864     6.0634     6.0625    24.2065    24.2175    6.05018    6.10042         12 0.0000e+00
       7339    305.753     13.000     6.0481   3.064506     6.0498   3.065807      90.81     0.0986     2.9449     2.5907  1.9111998  1.3938626   44.69748  -63.64567    30.7771    30.7899     6.0471     6.0487    24.2123    24.2221    6.05065    6.05923         98 0.0000e+00
       6739    280.754     14.000     5.9882   3.061229     5.9853   3.062234      95.80     0.1040     2.9400     2.5848  1.9108287  1.3907465   44.69742  -63.64564    30.7950    30.8089     5.9872     5.9842    24.2332    24.2445    6.04097    6.05183         42 0.0000e+00
       6775    282.249     15.000     5.9839   3.060900     5.9846   3.062178      72.08     0.1004     2.9412     2.5861  1.9130197  1.3873912   44.69744  -63.64564    30.7949    30.8084     5.9827     5.9834    24.2336    24.2442    6.07100    6.07983         42 0.0000e+00
       6819    284.063     16.000     5.9632   3.059356     5.9680   3.060965      90.05     0.1017     2.9409     2.5826  1.9145302  1.3819504   44.69744  -63.64564    30.7963    30.8095     5.9616     5.9668    24.2372    24.2470    6.02370    6.01012         44 0.0000e+00
       6863    285.899     17.000     5.8445   3.051160     5.8463   3.052510      75.06     0.1040     2.9269     2.5678  1.9147245  1.3803672   44.69744  -63.64564    30.8138    30.8256     5.8416     5.8450    24.2650    24.2739    5.93209    5.93140         44 0.0000e+00
       6907    287.731     18.000     5.8515   3.054202     5.8515   3.055358      71.12     0.1007     2.8979     2.5394  1.9169742  1.3785084   44.69744  -63.64564    30.8394    30.8523     5.8501     5.8501    24.2842    24.2944    5.77314    5.75156         44 0.0000e+00
       6951    289.573     19.000     5.7394   3.044697     5.7366   3.045600      65.62     0.1003     2.8615     2.5081  1.9169719  1.3675448   44.69744  -63.64564    30.8351    30.8484     5.7380     5.7352    24.2937    24.3046    5.78859    5.82604         44 0.0000e+00
       6995    291.413     20.000     5.6329   3.037393     5.6364   3.038803      39.14     0.0962     2.8695     2.5201  1.9214137  1.3642173   44.69744  -63.64564    30.8505    30.8628     5.6314     5.6349    24.3178    24.3273    6.04442    6.04106         45 0.0000e+00
       7039    293.263     21.000     5.3492   3.015619     5.3601   3.017685      85.26     0.0920     2.8905     2.5335  1.9238986  1.3557645   44.69744  -63.64564    30.8650    30.8783     5.3476     5.3585    24.3611    24.3704    6.06809    6.02497         44 0.0000e+00
       7084    295.105     22.000     5.2529   3.011080     5.2463   3.011655      75.90     0.0876     2.8815     2.5212  1.9316272  1.3414859   44.69744  -63.64564    30.9019    30.9145     5.2513     5.2447    24.4009    24.4116    5.87663    5.83870         44 0.0000e+00
       7128    296.946     23.000     5.2338   3.015363     5.2371   3.016691      56.54     0.0822     2.8492     2.4892  1.9437512  1.3186591   44.69744  -63.64564    30.9672    30.9797     5.2327     5.2355    24.4545    24.4641    5.76413    5.72675         44 0.0000e+00
       7172    298.794     24.000     5.0855   3.006040     5.0892   3.007485      57.68     0.0866     2.8233     2.4643  1.9494308  1.3091452   44.69746  -63.64564    30.9988    31.0118     5.0838     5.0875    24.4957    24.5056    5.76206    5.71966         45 0.0000e+00
       7216    300.634     25.000     4.6738   2.974380     4.6898   2.976717      78.03     0.0822     2.8060     2.4481  1.9505421  1.3016369   44.69746  -63.64564    31.0195    31.0313     4.6721     4.6881    24.5549    24.5627    5.83326    5.78922         44 0.0000e+00
       7261    302.481     26.000     4.0939   2.932164     4.1056   2.934206      71.35     0.0798     2.7993     2.4420  1.9567151  1.2821183   44.69746  -63.64564    31.0750    31.0878     4.0922     4.1039    24.6564    24.6655    5.94774    5.90678         44 0.0000e+00
       7305    304.327     27.000     3.9087   2.918878     3.9108   2.920322      95.51     0.0698     2.7989     2.4427  1.9693484  1.2450382   44.69746  -63.64564    31.0944    31.1094     3.9070     3.9091    24.6894    24.7011    6.01187    5.96381         45 0.0000e+00
       7349    306.169     28.000     3.8240   2.913554     3.8262   2.914950      49.50     0.0570     2.8018     2.4417  1.9815876  1.1958340   44.69746  -63.64564    31.1118    31.1261     3.8223     3.8245    24.7110    24.7222    6.01462    5.92462         43 0.0000e+00
       7393    307.980     29.000     3.7797   2.910821     3.7813   2.912168      41.49     0.0504     2.7960     2.4331  1.9911139  1.1701177   44.69746  -63.64564    31.1212    31.1357     3.7780     3.7795    24.7226    24.7340    5.96471    5.89655         43 0.0000e+00
       7435    309.738     30.000     3.7139   2.906719     3.7154   2.908106      56.74     0.0460     2.7916     2.4294  2.0002470  1.1567470   44.69746  -63.64564    31.1351    31.1501     3.7121     3.7136    24.7396    24.7514    5.99344    5.91090         42 0.0000e+00
       7477    311.492     31.000     3.6192   2.900539     3.6219   2.901919      38.90     0.0457     2.7835     2.4179  2.0072901  1.1471188   44.69747  -63.64564    31.1519    31.1658     3.6174     3.6200    24.7616    24.7724    5.89648    5.80234         42 0.0000e+00
       7519    313.254     32.000     3.5721   2.897263     3.5729   2.898525      38.65     0.0485     2.7626     2.3987  2.0130465  1.1363590   44.69748  -63.64564    31.1577    31.1719     3.5702     3.5710    24.7704    24.7816    5.81791    5.74661         43 0.0000e+00
       7561    315.014     33.000     3.5528   2.895945     3.5532   2.897153      37.89     0.0509     2.7449     2.3854  2.0196867  1.1232231   44.69748  -63.64564    31.1600    31.1740     3.5509     3.5513    24.7739    24.7851    5.84082    5.78293         42 0.0000e+00
       7603    316.767     34.000     3.5370   2.894972     3.5383   2.896247      36.51     0.0476     2.7398     2.3801  2.0240316  1.1143885   44.69748  -63.64564    31.1631    31.1771     3.5350     3.5363    24.7779    24.7888    5.86156    5.77331         42 0.0000e+00
       7646    318.523     35.000     3.4686   2.890191     3.4699   2.891447      35.74     0.0477     2.7321     2.3713  2.0291662  1.1085734   44.69748  -63.64564    31.1714    31.1850     3.4666     3.4679    24.7905    24.8012    5.82089    5.73288         42 0.0000e+00
       7688    320.282     36.000     3.4052   2.885875     3.4061   2.887108      34.72     0.0496     2.7220     2.3616  2.0367651  1.1022921   44.69748  -63.64564    31.1803    31.1942     3.4032     3.4041    24.8031    24.8141    5.81033    5.72397         42 0.0000e+00
       7730    322.038     37.000     3.3544   2.881932     3.3555   2.883196      33.59     0.0522     2.7132     2.3524  2.0452616  1.0943744   44.69748  -63.64564    31.1817    31.1957     3.3523     3.3534    24.8086    24.8197    5.77618    5.68101         42 0.0000e+00
       7772    323.807     38.000     3.3160   2.879139     3.3164   2.880337      32.69     0.0507     2.6986     2.3384  2.0528414  1.0839747   44.69748  -63.64564    31.1847    31.1987     3.3139     3.3142    24.8143    24.8255    5.71383    5.62008         44 0.0000e+00
       7816    325.636     39.000     3.2732   2.876096     3.2739   2.877312      31.74     0.0466     2.6810     2.3220  2.0599558  1.0752236   44.69748  -63.64564    31.1891    31.2030     3.2709     3.2717    24.8215    24.8325    5.66345    5.57496         44 0.0000e+00
       7861    327.486     40.000     3.2260   2.872461     3.2264   2.873680      30.74     0.0502     2.6662     2.3093  2.0671539  1.0678215   44.69749  -63.64564    31.1906    31.2046     3.2237     3.2243    24.8267    24.8378    5.67952    5.58983         44 0.0000e+00
       7905    329.339     41.000     3.2113   2.871365     3.2114   2.872537      29.81     0.0483     2.6610     2.3038  2.0735798  1.0608916   44.69750  -63.64564    31.1912    31.2051     3.2090     3.2091    24.8284    24.8395    5.71764    5.61742         45 0.0000e+00
       7949    331.177     42.000     3.1788   2.868922     3.1794   2.870134      29.79     0.0520     2.6610     2.3021  2.0802987  1.0550610   44.69750  -63.64564    31.1927    31.2067     3.1765     3.1770    24.8323    24.8435    5.72695    5.61168         44 0.0000e+00
       7993    333.003     43.000     3.1546   2.867141     3.1546   2.868316      29.33     0.0606     2.6568     2.2959  2.0891490  1.0497108   44.69750  -63.64564    31.1942    31.2083     3.1522     3.1522    24.8356    24.8468    5.67581    5.56255         43 0.0000e+00
       8037    334.829     44.000     3.1192   2.864499     3.1192   2.865676      28.19     0.0515     2.6454     2.2853  2.0976472  1.0447710   44.69750  -63.64564    31.1962    31.2103     3.1167     3.1168    24.8401    24.8514    5.61206    5.50143         44 0.0000e+00
       8081    336.656     45.000     3.0970   2.862829     3.0969   2.863981      26.64     0.0489     2.6290     2.2698  2.1050744  1.0399058   44.69750  -63.64564    31.1970    31.2109     3.0945     3.0944    24.8427    24.8538    5.54437    5.43135         44 0.0000e+00
       8124    338.478     46.000     3.0697   2.860723     3.0698   2.861903      25.45     0.0483     2.6097     2.2513  2.1114397  1.0352736   44.69750  -63.64564    31.1976    31.2116     3.0672     3.0673    24.8454    24.8566    5.47392    5.36323         44 0.0000e+00
       8168    340.307     47.000     3.0551   2.859607     3.0550   2.860763      25.52     0.0455     2.5881     2.2328  2.1172535  1.0313975   44.69750  -63.64564    31.1978    31.2118     3.0525     3.0524    24.8467    24.8579    5.42092    5.31878         44 0.0000e+00
       8212    342.135     48.000     3.0325   2.857878     3.0327   2.859043      24.51     0.0425     2.5698     2.2169  2.1231751  1.0272474   44.69751  -63.64564    31.1983    31.2122     3.0299     3.0300    24.8490    24.8601    5.39608    5.29898         44 0.0000e+00
       8257    343.991     49.000     3.0134   2.856425     3.0134   2.857589      22.75     0.0500     2.5548     2.2044  2.1318779  1.0238135   44.69752  -63.64564    31.1988    31.2128     3.0107     3.0107    24.8510    24.8622    5.37456    5.26742         45 0.0000e+00
       8301    345.849     50.000     2.9985   2.855315     2.9986   2.856492      21.88     0.0526     2.5392     2.1885  2.1399212  1.0204334   44.69752  -63.64564    31.1993    31.2134     2.9958     2.9959    24.8526    24.8638    5.30264    5.18156         44 0.0000e+00
       8346    347.702     51.000     2.9816   2.854035     2.9818   2.855226      21.48     0.0537     2.5177     2.1695  2.1502626  1.0170403   44.69752  -63.64564    31.1997    31.2139     2.9788     2.9791    24.8544    24.8656    5.23295    5.14175         44 0.0000e+00
       8390    349.542     52.000     2.9633   2.852625     2.9638   2.853833      20.58     0.0538     2.5013     2.1552  2.1620419  1.0135392   44.69752  -63.64564    31.1999    31.2140     2.9605     2.9610    24.8560    24.8672    5.21103    5.09153         45 0.0000e+00
       8435    351.400     53.000     2.9321   2.850167     2.9329   2.851398      19.60     0.0532     2.4776     2.1311  2.1701629  1.0106617   44.69752  -63.64564    31.2000    31.2141     2.9292     2.9300    24.8586    24.8698    5.06787    4.94768         45 0.0000e+00
       8480    353.282     54.000     2.9038   2.847957     2.9037   2.849106      18.70     0.0457     2.4561     2.1041  2.1802142  1.0078640   44.69754  -63.64564    31.2002    31.2142     2.9009     2.9008    24.8611    24.8723    5.11420    4.91047         44 0.0000e+00
       8523    355.100     55.000     2.8540   2.844017     2.8542   2.845201      17.67     0.0515     2.4209     2.0890  2.1910603  1.0041393   44.69754  -63.64564    31.2004    31.2145     2.8511     2.8513    24.8652    24.8765    4.89778    4.95053         43 0.0000e+00
       8566    356.865     56.000     2.8373   2.842699     2.8373   2.843878      16.72     0.0505     2.4153     2.0818  2.2003582  0.9996242   44.69754  -63.64564    31.2002    31.2144     2.8343     2.8343    24.8664    24.8777    5.05019    4.92253         42 0.0000e+00
       8607    358.598     57.000     2.8287   2.842067     2.8288   2.843247      15.82     0.0515     2.3969     2.0609  2.2105856  0.9953061   44.69754  -63.64564    31.2003    31.2145     2.8257     2.8258    24.8672    24.8785    4.84791    4.69822         42 0.0000e+00
       8649    360.344     58.000     2.8197   2.841383     2.8196   2.842550      14.83     0.0536     2.3600     2.0247  2.2235742  0.9920236   44.69754  -63.64564    31.2003    31.2145     2.8166     2.8165    24.8679    24.8792    4.66032    4.56870         42 0.0000e+00
       8693    362.150     59.000     2.8128   2.840895     2.8127   2.842049      13.84     0.0540     2.3206     1.9936  2.2379909  0.9899792   44.69754  -63.64564    31.2005    31.2147     2.8097     2.8095    24.8686    24.8799    4.60498    4.54213         45 0.0000e+00
       8742    364.196     60.000     2.7616   2.836924     2.7623   2.838130      12.23     0.0543     2.2939     1.9718  2.2483075  0.9879584   44.69755  -63.64564    31.2013    31.2156     2.7584     2.7592    24.8733    24.8846    4.66506    4.55939         54 0.0000e+00
       8796    366.465     61.000     2.7420   2.835369     2.7421   2.836550      11.51     0.0569     2.2725     1.9594  2.2601371  0.9848244   44.69756  -63.64564    31.2013    31.2156     2.7388     2.7389    24.8748    24.8863    4.59209    4.58017         54 0.0000e+00
       9300    387.440     62.000     2.7277   2.834271     2.7207   2.834862      10.86     0.0508     2.2580     1.9526  2.2809529  0.9801603   44.69759  -63.64565    31.2014    31.2154     2.7245     2.7174    24.8760    24.8878    4.68208    4.59502         21 0.0000e+00
