data/CTD/2013/CNV/D021A031.CNV
* Sea-Bird SBE 9 Data File:
* FileName = C:\CTD_ACQUISITION\2013021HUD\ctddata\021A031.hdr
* Software Version Seasave V 7.22.2
* Temperature SN = 5081
* Conductivity SN = 3561
* Number of Bytes Per Scan = 37
* Number of Voltage Words = 4
* Number of Scans Averaged by the Deck Unit = 1
* NMEA Latitude = 48 06.04 N
* NMEA Longitude = 046 18.73 W
* NMEA UTC (Time) = Jul 03 2013 05:51:30
* NMEA baud rate = 9600
** Ship: Hudson
** Cruise: HUD2013021
** Chief_Scientist: Greenan
** Organization: BIO
** Area_of_Operation: Sackville Spur
** Station: 31
** Sounding:  1179
** Event_Comments: SS15  393147
# nquan = 25
# nvalues = 1163                        
# units = specified
# name 0 = scan: Scan Count
# name 1 = timeS: Time, Elapsed [seconds]
# name 2 = prDM: Pressure, Digiquartz [db]
# name 3 = t068C: Temperature [ITS-68, deg C]
# name 4 = c0S/m: Conductivity [S/m]
# name 5 = t168C: Temperature, 2 [ITS-68, deg C]
# name 6 = c1S/m: Conductivity, 2 [S/m]
# name 7 = altM: Altimeter [m]
# name 8 = flCUVA: Fluorescence, Chelsea UV Aquatracka [ug/l]
# name 9 = sbeox0V: Oxygen raw, SBE 43 [V]
# name 10 = sbeox1V: Oxygen raw, SBE 43, 2 [V]
# name 11 = upoly0: Upoly 0, Optode 4330F - O2 D-Phase
# name 12 = upoly1: Upoly 1, Optode 4330F - O2 Temp
# name 13 = latitude: Latitude [deg]
# name 14 = longitude: Longitude [deg]
# name 15 = sal00: Salinity, Practical [PSU]
# name 16 = sal11: Salinity, Practical, 2 [PSU]
# name 17 = potemp068C: Potential Temperature [ITS-68, deg C]
# name 18 = potemp168C: Potential Temperature, 2 [ITS-68, deg C]
# name 19 = sigma-é00: Density [sigma-theta, Kg/m^3]
# name 20 = sigma-é11: Density, 2 [sigma-theta, Kg/m^3]
# name 21 = sbeox0ML/L: Oxygen, SBE 43 [ml/l], WS = 2
# name 22 = sbeox1ML/L: Oxygen, SBE 43, 2 [ml/l], WS = 2
# name 23 = nbin: number of scans per bin
# name 24 = flag: flag
# span 0 =      11506,      39905       
# span 1 =    479.388,   1662.673       
# span 2 =      2.000,   1164.000       
# span 3 =     0.5860,     6.2145       
# span 4 =   2.854734,   3.277917       
# span 5 =     0.5872,     6.2145       
# span 6 =   2.856862,   3.279251       
# span 7 =       0.88,     103.52       
# span 8 =     0.0045,     0.3297       
# span 9 =     2.5132,     3.4300       
# span 10 =     2.2636,     3.0342      
# span 11 =  1.7253807,  2.0300997      
# span 12 =  0.7399759,  1.4068791      
# span 13 =   48.10066,   48.10150      
# span 14 =  -46.31436,  -46.31294      
# span 15 =    32.8907,    34.9134      
# span 16 =    32.9054,    34.9298      
# span 17 =     0.5844,     6.2139      
# span 18 =     0.5855,     6.2138      
# span 19 =    25.8597,    27.7545      
# span 20 =    25.8714,    27.7677      
# span 21 =    5.89991,    7.55975      
# span 22 =    6.11664,    7.52012      
# span 23 =         10,        114      
# span 24 = 0.0000e+00, 0.0000e+00      
# interval = decibars: 1                
# start_time = Jul 03 2013 05:51:30 [NMEA time, header]
# bad_flag = -9.990e-29
*END*
[from data line 348]
      22111    921.247    350.000     4.0180   3.259602     4.0176   3.260909      95.81     0.0178     2.8409     2.5531  1.9462154  1.1241734   48.10102  -46.31372    34.8420    34.8580     3.9930     3.9925    27.6614    27.6741    6.19202    6.36477         16 0.0000e+00
      22127    921.901    351.000     4.0230   3.260180     4.0205   3.261278      95.90     0.0148     2.8399     2.5517  1.9461226  1.1242375   48.10102  -46.31371    34.8430    34.8587     3.9979     3.9954    27.6616    27.6744    6.19111    6.35583         16 0.0000e+00
      22143    922.566    352.000     4.0245   3.260406     4.0236   3.261646      95.81     0.0153     2.8405     2.5509  1.9462721  1.1242543   48.10102  -46.31370    34.8435    34.8593     3.9994     3.9984    27.6619    27.6746    6.19277    6.35362         17 0.0000e+00
      22164    923.439    353.000     4.0199   3.259993     4.0202   3.261374      44.78     0.0145     2.8394     2.5492  1.9462759  1.1245569   48.10102  -46.31370    34.8430    34.8591     3.9947     3.9950    27.6620    27.6747    6.18738    6.34985         28 0.0000e+00
      22209    925.313    354.000     4.0194   3.259967     4.0195   3.261327     103.52     0.0141     2.8384     2.5479  1.9466503  1.1256019   48.10102  -46.31370    34.8427    34.8588     3.9941     3.9941    27.6618    27.6746    6.19027    6.36789         48 0.0000e+00
      22239    926.583    355.000     4.0247   3.260586     4.0242   3.261892      83.10     0.0147     2.8380     2.5482  1.9466851  1.1257712   48.10104  -46.31370    34.8439    34.8599     3.9993     3.9988    27.6622    27.6750    6.18395    6.37018         21 0.0000e+00
      22256    927.299    356.000     4.0338   3.261633     4.0339   3.262996      94.52     0.0144     2.8375     2.5486  1.9467651  1.1257632   48.10104  -46.31370    34.8462    34.8622     4.0083     4.0084    27.6631    27.6758    6.18198    6.37322         15 0.0000e+00
      22271    927.898    357.000     4.0305   3.261386     4.0301   3.262692      96.03     0.0153     2.8369     2.5487  1.9466243  1.1257632   48.10104  -46.31370    34.8461    34.8622     4.0051     4.0046    27.6633    27.6762    6.18468    6.37293         14 0.0000e+00
      22284    928.462    358.000     4.0273   3.261135     4.0270   3.262466      96.54     0.0141     2.8371     2.5490  1.9466518  1.1257632   48.10104  -46.31370    34.8461    34.8622     4.0017     4.0014    27.6637    27.6765    6.18366    6.37251         13 0.0000e+00
      22298    929.046    359.000     4.0256   3.261043     4.0256   3.262386      96.32     0.0144     2.8361     2.5488  1.9462731  1.1257632   48.10104  -46.31370    34.8463    34.8622     3.9999     3.9999    27.6640    27.6767    6.17786    6.36805         15 0.0000e+00
      22314    929.714    360.000     4.0254   3.261077     4.0247   3.262365      96.23     0.0156     2.8354     2.5485  1.9462759  1.1257632   48.10104  -46.31370    34.8463    34.8623     3.9996     3.9990    27.6641    27.6769    6.18482    6.36739         18 0.0000e+00
      22335    930.565    361.000     4.0258   3.261164     4.0254   3.262471      96.55     0.0141     2.8356     2.5482  1.9456528  1.1264381   48.10104  -46.31370    34.8463    34.8623     4.0000     3.9996    27.6641    27.6768    6.18867    6.36876         23 0.0000e+00
      22359    931.602    362.000     4.0268   3.261304     4.0266   3.262626      96.37     0.0139     2.8353     2.5480  1.9450561  1.1269830   48.10104  -46.31370    34.8464    34.8624     4.0009     4.0006    27.6640    27.6768    6.18261    6.37078         26 0.0000e+00
      22385    932.656    363.000     4.0255   3.261211     4.0247   3.262483      96.54     0.0163     2.8343     2.5479  1.9465535  1.1269841   48.10104  -46.31370    34.8462    34.8622     3.9995     3.9987    27.6640    27.6768    6.17936    6.36828         25 0.0000e+00
      22409    933.661    364.000     4.0206   3.260760     4.0204   3.262099      96.33     0.0163     2.8337     2.5472  1.9474920  1.1269841   48.10104  -46.31370    34.8455    34.8616     3.9945     3.9943    27.6640    27.6768    6.17908    6.36106         23 0.0000e+00
      22431    934.586    365.000     4.0157   3.260331     4.0155   3.261673      52.74     0.0158     2.8326     2.5464  1.9467969  1.1269841   48.10104  -46.31371    34.8451    34.8612     3.9895     3.9894    27.6642    27.6770    6.17251    6.36615         21 0.0000e+00
      22453    935.481    366.000     4.0087   3.259693     4.0091   3.261084      96.82     0.0144     2.8317     2.5463  1.9462749  1.1269841   48.10104  -46.31372    34.8443    34.8605     3.9826     3.9829    27.6643    27.6771    6.17799    6.37228         22 0.0000e+00
      22475    936.417    367.000     4.0031   3.259223     4.0028   3.260544      96.42     0.0159     2.8312     2.5463  1.9466475  1.1267718   48.10104  -46.31372    34.8442    34.8603     3.9769     3.9775    27.6648    27.6777    6.18173    6.37151         23 0.0000e+00
      22498    937.363    368.000     4.0075   3.259772     4.0072   3.261094      96.96     0.0182     2.8308     2.5458  1.9472246  1.1260900   48.10104  -46.31372    34.8455    34.8616     3.9812     3.9808    27.6654    27.6782    6.18305    6.37182         22 0.0000e+00
      22518    938.216    369.000     4.0099   3.260090     4.0093   3.261394      96.57     0.0140     2.8308     2.5461  1.9473048  1.1263437   48.10104  -46.31372    34.8462    34.8623     3.9835     3.9829    27.6657    27.6786    6.19171    6.37792         19 0.0000e+00
      22536    938.951    370.000     4.0132   3.260516     4.0126   3.261807      96.96     0.0133     2.8315     2.5462  1.9483560  1.1257521   48.10106  -46.31372    34.8472    34.8632     3.9867     3.9861    27.6662    27.6789    6.19562    6.38228         16 0.0000e+00
      22552    939.610    371.000     4.0153   3.260806     4.0148   3.262105      96.36     0.0156     2.8319     2.5465  1.9481055  1.1256862   48.10106  -46.31372    34.8479    34.8638     3.9887     3.9883    27.6665    27.6792    6.19529    6.39212         16 0.0000e+00
      22567    940.257    372.000     4.0157   3.260903     4.0153   3.262215      96.78     0.0182     2.8321     2.5480  1.9481821  1.1257616   48.10106  -46.31374    34.8481    34.8641     3.9891     3.9887    27.6666    27.6794    6.19272    6.39100         16 0.0000e+00
      22585    941.001    373.000     4.0152   3.260917     4.0146   3.262210      96.44     0.0192     2.8322     2.5476  1.9486899  1.1257632   48.10108  -46.31372    34.8483    34.8642     3.9885     3.9879    27.6668    27.6796    6.19735    6.36881         21 0.0000e+00
      22630    942.857    374.000     4.0168   3.261137     4.0159   3.262393      70.16     0.0170     2.8332     2.5455  1.9474516  1.1257632   48.10108  -46.31373    34.8487    34.8645     3.9900     3.9891    27.6670    27.6797    6.19844    6.36883         63 0.0000e+00
      22672    944.628    375.000     4.0173   3.261304     4.0169   3.262621      97.82     0.0132     2.8331     2.5456  1.9470699  1.1264342   48.10108  -46.31374    34.8496    34.8656     3.9904     3.9901    27.6677    27.6804    6.19663    6.38139         21 0.0000e+00
      22688    945.303    376.000     4.0178   3.261433     4.0174   3.262766      75.99     0.0155     2.8334     2.5455  1.9475031  1.1269929   48.10106  -46.31372    34.8501    34.8663     3.9909     3.9905    27.6680    27.6809    6.20142    6.37861         15 0.0000e+00
      22702    945.866    377.000     4.0180   3.261557     4.0176   3.262884      95.26     0.0168     2.8334     2.5457  1.9474969  1.1269841   48.10106  -46.31373    34.8508    34.8669     3.9910     3.9906    27.6685    27.6814    6.20033    6.37923         13 0.0000e+00
      22714    946.377    378.000     4.0184   3.261671     4.0184   3.263035      96.46     0.0164     2.8341     2.5456  1.9477913  1.1269841   48.10106  -46.31374    34.8511    34.8674     3.9913     3.9913    27.6688    27.6817    6.19846    6.37529         12 0.0000e+00
      22726    946.876    379.000     4.0190   3.261790     4.0192   3.263174      96.37     0.0171     2.8336     2.5453  1.9486821  1.1269841   48.10106  -46.31374    34.8514    34.8676     3.9919     3.9920    27.6689    27.6818    6.19386    6.37595         12 0.0000e+00
      22739    947.406    380.000     4.0204   3.261974     4.0205   3.263340      96.56     0.0146     2.8325     2.5457  1.9487180  1.1269841   48.10106  -46.31374    34.8516    34.8677     3.9931     3.9932    27.6690    27.6818    6.18940    6.37717         13 0.0000e+00
      22754    948.022    381.000     4.0206   3.262044     4.0204   3.263367      96.67     0.0137     2.8329     2.5451  1.9487180  1.1269841   48.10106  -46.31374    34.8516    34.8676     3.9933     3.9930    27.6690    27.6817    6.19004    6.37327         17 0.0000e+00
      22774    948.855    382.000     4.0165   3.261678     4.0167   3.263054      96.76     0.0149     2.8317     2.5446  1.9487180  1.1265967   48.10106  -46.31374    34.8511    34.8672     3.9891     3.9893    27.6690    27.6818    6.18696    6.37243         24 0.0000e+00
      22801    950.018    383.000     4.0146   3.261548     4.0146   3.262903      96.78     0.0140     2.8307     2.5443  1.9486773  1.1266583   48.10107  -46.31374    34.8511    34.8672     3.9871     3.9871    27.6692    27.6820    6.18509    6.38013         30 0.0000e+00
      22833    951.343    384.000     4.0130   3.261461     4.0128   3.262789      96.45     0.0137     2.8299     2.5441  1.9486488  1.1269764   48.10106  -46.31374    34.8511    34.8672     3.9855     3.9853    27.6694    27.6822    6.18904    6.37225         35 0.0000e+00
      22869    952.819    385.000     4.0124   3.261446     4.0121   3.262773      67.47     0.0134     2.8291     2.5428  1.9487193  1.1269841   48.10106  -46.31376    34.8512    34.8672     3.9848     3.9845    27.6695    27.6823    6.18963    6.36625         33 0.0000e+00
      22897    953.996    386.000     4.0122   3.261509     4.0120   3.262836      97.50     0.0178     2.8291     2.5422  1.9487180  1.1269841   48.10106  -46.31376    34.8515    34.8675     3.9846     3.9843    27.6698    27.6826    6.19854    6.37756         23 0.0000e+00
      22917    954.848    387.000     4.0145   3.261806     4.0135   3.263062      96.80     0.0184     2.8296     2.5426  1.9476724  1.1269841   48.10106  -46.31376    34.8521    34.8681     3.9867     3.9882    27.6701    27.6829    6.20117    6.38366         19 0.0000e+00
      22934    955.542    388.000     4.0133   3.261764     4.0132   3.263116      96.51     0.0155     2.8299     2.5428  1.9474968  1.1269841   48.10106  -46.31376    34.8524    34.8684     3.9854     3.9854    27.6704    27.6832    6.19952    6.38508         15 0.0000e+00
      22948    956.141    389.000     4.0085   3.261344     4.0085   3.262693      95.98     0.0160     2.8297     2.5440  1.9474969  1.1269841   48.10106  -46.31376    34.8520    34.8679     3.9806     3.9806    27.6706    27.6833    6.19387    6.38887         14 0.0000e+00
      22961    956.681    390.000     4.0016   3.260681     4.0011   3.262005      96.25     0.0182     2.8295     2.5423  1.9485025  1.1264814   48.10106  -46.31376    34.8511    34.8673     3.9734     3.9752    27.6707    27.6836    6.19759    6.38270         12 0.0000e+00
      22974    957.196    391.000     3.9960   3.260195     3.9964   3.261616      96.82     0.0159     2.8293     2.5440  1.9487215  1.1266825   48.10106  -46.31376    34.8505    34.8669     3.9680     3.9684    27.6707    27.6837    6.19700    6.38635         12 0.0000e+00
      22986    957.710    392.000     3.9909   3.259719     3.9922   3.261207      96.59     0.0132     2.8294     2.5428  1.9487180  1.1267024   48.10106  -46.31377    34.8497    34.8660     3.9628     3.9641    27.6706    27.6834    6.20233    6.37463         13 0.0000e+00
      22999    958.263    393.000     3.9873   3.259405     3.9875   3.260775      96.36     0.0110     2.8288     2.5423  1.9488040  1.1268082   48.10106  -46.31378    34.8492    34.8653     3.9592     3.9593    27.6706    27.6834    6.20378    6.37576         14 0.0000e+00
      23024    959.304    394.000     3.9827   3.258982     3.9825   3.260317      96.70     0.0101     2.8292     2.5420  1.9507914  1.1250888   48.10106  -46.31378    34.8486    34.8646     3.9545     3.9550    27.6706    27.6834    6.21173    6.38923         29 0.0000e+00
      23112    962.941    395.000     3.9889   3.259645     3.9946   3.261573      96.75     0.0136     2.8273     2.5391  1.9488944  1.1241308   48.10106  -46.31376    34.8493    34.8661     3.9607     3.9663    27.6705    27.6833    6.18178    6.37227         20 0.0000e+00
      23124    963.457    396.000     3.9840   3.259255     3.9844   3.260681      90.24     0.0146     2.8257     2.5390  1.9487184  1.1244603   48.10106  -46.31376    34.8494    34.8659     3.9556     3.9560    27.6711    27.6842    6.18711    6.37347         15 0.0000e+00
      23137    964.016    397.000     3.9822   3.259177     3.9821   3.260535      75.00     0.0178     2.8264     2.5386  1.9487180  1.1244406   48.10106  -46.31378    34.8499    34.8660     3.9538     3.9537    27.6717    27.6845    6.18977    6.37421         12 0.0000e+00
      23150    964.524    398.000     3.9820   3.259230     3.9815   3.260534      96.77     0.0218     2.8260     2.5386  1.9492298  1.1245427   48.10106  -46.31378    34.8502    34.8661     3.9535     3.9530    27.6720    27.6847    6.18243    6.37982         12 0.0000e+00
      23161    965.016    399.000     3.9857   3.259657     3.9849   3.260943      96.85     0.0218     2.8241     2.5389  1.9499314  1.1245421   48.10106  -46.31378    34.8508    34.8669     3.9571     3.9563    27.6721    27.6850    6.17251    6.38035         12 0.0000e+00
      23173    965.513    400.000     3.9918   3.260343     3.9907   3.261592      96.54     0.0196     2.8233     2.5389  1.9499389  1.1245421   48.10106  -46.31378    34.8518    34.8679     3.9632     3.9620    27.6723    27.6852    6.17152    6.37759         12 0.0000e+00
      23186    966.050    401.000     3.9968   3.260910     3.9962   3.262212      96.79     0.0173     2.8230     2.5383  1.9499389  1.1245421   48.10106  -46.31376    34.8528    34.8688     3.9680     3.9675    27.6726    27.6853    6.17101    6.37465         14 0.0000e+00
      23201    966.679    402.000     3.9957   3.260865     3.9955   3.262190      96.92     0.0203     2.8213     2.5383  1.9482251  1.1235139   48.10106  -46.31377    34.8528    34.8688     3.9669     3.9667    27.6727    27.6854    6.16669    6.37949         17 0.0000e+00
      23221    967.496    403.000     3.9935   3.260703     3.9938   3.262084      96.43     0.0202     2.8206     2.5384  1.9475164  1.1232717   48.10106  -46.31378    34.8527    34.8688     3.9646     3.9649    27.6728    27.6856    6.18157    6.38114         22 0.0000e+00
      23247    968.573    404.000     3.9896   3.260373     3.9900   3.261757      96.62     0.0173     2.8204     2.5384  1.9487895  1.1233206   48.10108  -46.31378    34.8524    34.8685     3.9607     3.9610    27.6730    27.6857    6.18854    6.38190         29 0.0000e+00
      23280    969.963    405.000     3.9839   3.259872     3.9840   3.261223      96.66     0.0152     2.8206     2.5379  1.9498343  1.1234969   48.10108  -46.31378    34.8520    34.8679     3.9549     3.9550    27.6732    27.6860    6.18950    6.37116         40 0.0000e+00
      23321    971.676    406.000     3.9853   3.260070     3.9847   3.261364      65.66     0.0156     2.8205     2.5362  1.9499434  1.1233077   48.10106  -46.31378    34.8524    34.8683     3.9562     3.9556    27.6734    27.6861    6.18844    6.37031         34 0.0000e+00
