data/CTD/2013/CNV/D021A028.CNV
* Sea-Bird SBE 9 Data File:
* FileName = C:\CTD_ACQUISITION\2013021HUD\ctddata\021A028.hdr
* Software Version Seasave V 7.22.2
* Temperature SN = 5081
* Conductivity SN = 3561
* Number of Bytes Per Scan = 37
* Number of Voltage Words = 4
* Number of Scans Averaged by the Deck Unit = 1
* NMEA Latitude = 47 53.98 N
* NMEA Longitude = 046 03.76 W
* NMEA UTC (Time) = Jul 03 2013 00:44:40
* NMEA baud rate = 9600
** Ship: Hudson
** Cruise: HUD2013021
** Chief_Scientist: Greenan
** Organization: BIO
** Area_of_Operation: Sackville Spur
** Station: 28
** Sounding:  925
** Event_Comments: SS18  393131
# nquan = 25
# nvalues = 905                         
# units = specified
# name 0 = scan: Scan Count
# name 1 = timeS: Time, Elapsed [seconds]
# name 2 = prDM: Pressure, Digiquartz [db]
# name 3 = t068C: Temperature [ITS-68, deg C]
# name 4 = c0S/m: Conductivity [S/m]
# name 5 = t168C: Temperature, 2 [ITS-68, deg C]
# name 6 = c1S/m: Conductivity, 2 [S/m]
# name 7 = altM: Altimeter [m]
# name 8 = flCUVA: Fluorescence, Chelsea UV Aquatracka [ug/l]
# name 9 = sbeox0V: Oxygen raw, SBE 43 [V]
# name 10 = sbeox1V: Oxygen raw, SBE 43, 2 [V]
# name 11 = upoly0: Upoly 0, Optode 4330F - O2 D-Phase
# name 12 = upoly1: Upoly 1, Optode 4330F - O2 Temp
# name 13 = latitude: Latitude [deg]
# name 14 = longitude: Longitude [deg]
# name 15 = sal00: Salinity, Practical [PSU]
# name 16 = sal11: Salinity, Practical, 2 [PSU]
# name 17 = potemp068C: Potential Temperature [ITS-68, deg C]
# name 18 = potemp168C: Potential Temperature, 2 [ITS-68, deg C]
# name 19 = sigma-é00: Density [sigma-theta, Kg/m^3]
# name 20 = sigma-é11: Density, 2 [sigma-theta, Kg/m^3]
# name 21 = sbeox0ML/L: Oxygen, SBE 43 [ml/l], WS = 2
# name 22 = sbeox1ML/L: Oxygen, SBE 43, 2 [ml/l], WS = 2
# name 23 = nbin: number of scans per bin
# name 24 = flag: flag
# span 0 =      11503,      34204       
# span 1 =    479.267,   1425.135       
# span 2 =      1.000,    905.000       
# span 3 =     1.7898,     6.6281       
# span 4 =   2.963342,   3.386815       
# span 5 =     1.7902,     6.6291       
# span 6 =   2.965046,   3.387631       
# span 7 =       3.07,     102.09       
# span 8 =     0.0055,     0.5961       
# span 9 =     2.6095,     3.4477       
# span 10 =     2.3460,     3.0886      
# span 11 =  1.6970698,  2.0392323      
# span 12 =  0.8661109,  1.4236283      
# span 13 =   47.89924,   47.89952      
# span 14 =  -46.06200,  -46.06066      
# span 15 =    32.7596,    34.9146      
# span 16 =    32.7742,    34.9301      
# span 17 =     1.7873,     6.6255      
# span 18 =     1.7877,     6.6266      
# span 19 =    25.7694,    27.7380      
# span 20 =    25.7809,    27.7507      
# span 21 =    5.52777,    7.43210      
# span 22 =    5.71292,    7.59874      
# span 23 =          9,         91      
# span 24 = 0.0000e+00, 0.0000e+00      
# interval = decibars: 1                
# start_time = Jul 03 2013 00:44:40 [NMEA time, header]
# bad_flag = -9.990e-29
*END*
[from data line 580]
      26620   1109.106    581.000     4.0589   3.278283     4.0591   3.279660      96.43     0.0162     2.7530     2.4701  1.9706212  1.1369958   47.89924  -46.06136    34.8975    34.9136     4.0161     4.0163    27.7031    27.7158    6.12456    6.30468         21 0.0000e+00
      26637   1109.850    582.000     4.0563   3.278085     4.0563   3.279424      79.19     0.0164     2.7533     2.4707  1.9702405  1.1367538   47.89924  -46.06136    34.8974    34.9132     4.0135     4.0135    27.7032    27.7159    6.12662    6.31242         16 0.0000e+00
      26652   1110.476    583.000     4.0520   3.277698     4.0516   3.278999      92.52     0.0146     2.7536     2.4712  1.9701730  1.1366653   47.89924  -46.06136    34.8968    34.9127     4.0091     4.0086    27.7033    27.7160    6.12781    6.31018         14 0.0000e+00
      26666   1111.052    584.000     4.0510   3.277655     4.0507   3.278978      96.85     0.0153     2.7528     2.4712  1.9705143  1.1342671   47.89924  -46.06136    34.8969    34.9128     4.0080     4.0077    27.7034    27.7162    6.11695    6.30045         13 0.0000e+00
      26680   1111.615    585.000     4.0519   3.277805     4.0515   3.279108      26.38     0.0141     2.7528     2.4710  1.9701664  1.1343101   47.89924  -46.06136    34.8971    34.9130     4.0089     4.0084    27.7036    27.7162    6.11394    6.29325         14 0.0000e+00
      26694   1112.229    586.000     4.0526   3.277916     4.0525   3.279249      72.53     0.0147     2.7518     2.4700  1.9703143  1.1343101   47.89924  -46.06134    34.8972    34.9131     4.0094     4.0093    27.7036    27.7162    6.10781    6.28728         16 0.0000e+00
      26715   1113.073    587.000     4.0533   3.278025     4.0530   3.279336      83.51     0.0167     2.7510     2.4692  1.9688588  1.1332260   47.89924  -46.06134    34.8972    34.9130     4.0101     4.0098    27.7035    27.7161    6.11223    6.29180         28 0.0000e+00
      26756   1114.784    588.000     4.0548   3.278231     4.0542   3.279507      94.74     0.0141     2.7505     2.4687  1.9673722  1.1324720   47.89925  -46.06134    34.8976    34.9132     4.0115     4.0109    27.7036    27.7162    6.12080    6.29961         41 0.0000e+00
      26782   1115.870    589.000     4.0558   3.278399     4.0554   3.279691      80.31     0.0106     2.7503     2.4685  1.9659139  1.1321687   47.89926  -46.06134    34.8979    34.9136     4.0125     4.0120    27.7038    27.7164    6.11868    6.29992         20 0.0000e+00
      26799   1116.584    590.000     4.0563   3.278496     4.0561   3.279814      95.75     0.0084     2.7499     2.4687  1.9658933  1.1323566   47.89926  -46.06134    34.8981    34.9138     4.0128     4.0127    27.7039    27.7164    6.11452    6.30386         15 0.0000e+00
      26814   1117.202    591.000     4.0601   3.278961     4.0586   3.280137      96.76     0.0115     2.7497     2.4687  1.9653635  1.1331067   47.89926  -46.06134    34.8990    34.9145     4.0165     4.0151    27.7042    27.7167    6.11622    6.30575         14 0.0000e+00
      26827   1117.771    592.000     4.0680   3.279825     4.0673   3.281076      96.49     0.0135     2.7495     2.4690  1.9649401  1.1330892   47.89926  -46.06134    34.9003    34.9159     4.0244     4.0236    27.7044    27.7170    6.12234    6.31089         14 0.0000e+00
      26841   1118.319    593.000     4.0645   3.279442     4.0639   3.280781      95.96     0.0132     2.7499     2.4695  1.9651490  1.1330892   47.89926  -46.06134    34.8995    34.9151     4.0207     4.0228    27.7041    27.7166    6.13077    6.31579         13 0.0000e+00
      26854   1118.876    594.000     4.0534   3.278425     4.0522   3.279674      75.75     0.0098     2.7503     2.4698  1.9652486  1.1328068   47.89925  -46.06134    34.8982    34.9142     4.0096     4.0084    27.7043    27.7172    6.13670    6.31567         13 0.0000e+00
      26869   1119.480    595.000     4.0517   3.278357     4.0513   3.279658      90.67     0.0110     2.7509     2.4700  1.9652778  1.1327075   47.89924  -46.06134    34.8987    34.9145     4.0079     4.0075    27.7049    27.7175    6.14171    6.31256         16 0.0000e+00
      26887   1120.261    596.000     4.0458   3.277807     4.0460   3.279162      95.80     0.0131     2.7515     2.4700  1.9652538  1.1329225   47.89924  -46.06134    34.8979    34.9136     4.0019     4.0021    27.7049    27.7174    6.14030    6.31154         24 0.0000e+00
      26939   1122.410    597.000     4.0449   3.277742     4.0465   3.279222      78.51     0.0150     2.7514     2.4691  1.9647608  1.1317412   47.89927  -46.06133    34.8975    34.9133     4.0010     4.0025    27.7047    27.7171    6.12308    6.30167         66 0.0000e+00
      26979   1124.064    598.000     4.0419   3.277521     4.0429   3.278953      96.38     0.0171     2.7496     2.4678  1.9634393  1.1318681   47.89926  -46.06132    34.8975    34.9134     3.9979     3.9989    27.7050    27.7176    6.11236    6.29847         21 0.0000e+00
      26997   1124.813    599.000     4.0402   3.277410     4.0401   3.278738      79.47     0.0157     2.7486     2.4676  1.9641783  1.1324583   47.89926  -46.06132    34.8975    34.9133     3.9961     3.9960    27.7052    27.7178    6.11551    6.30307         17 0.0000e+00
      27011   1125.437    600.000     4.0400   3.277447     4.0397   3.278756      89.49     0.0178     2.7478     2.4674  1.9645908  1.1330891   47.89926  -46.06132    34.8976    34.9135     3.9958     3.9955    27.7053    27.7180    6.11422    6.29917         14 0.0000e+00
      27025   1126.001    601.000     4.0413   3.277638     4.0409   3.278950      95.89     0.0168     2.7476     2.4666  1.9646851  1.1329008   47.89926  -46.06132    34.8981    34.9139     3.9970     3.9966    27.7055    27.7182    6.10639    6.29460         13 0.0000e+00
      27038   1126.545    602.000     4.0446   3.278041     4.0443   3.279357      95.84     0.0170     2.7469     2.4666  1.9645903  1.1324286   47.89926  -46.06132    34.8988    34.9146     4.0002     4.0054    27.7058    27.7184    6.10045    6.29488         13 0.0000e+00
      27051   1127.102    603.000     4.0451   3.278126     4.0448   3.279438      95.96     0.0161     2.7452     2.4656  1.9645909  1.1306548   47.89926  -46.06132    34.8987    34.9146     4.0006     4.0003    27.7057    27.7183    6.09559    6.29040         14 0.0000e+00
      27066   1127.712    604.000     4.0444   3.278113     4.0442   3.279429      82.10     0.0180     2.7444     2.4653  1.9645909  1.1306472   47.89926  -46.06131    34.8987    34.9146     3.9999     3.9996    27.7058    27.7184    6.09622    6.29216         16 0.0000e+00
      27085   1128.493    605.000     4.0456   3.278279     4.0454   3.279598      89.77     0.0174     2.7428     2.4646  1.9643768  1.1306472   47.89926  -46.06130    34.8989    34.9147     4.0010     4.0008    27.7058    27.7184    6.09797    6.29699         22 0.0000e+00
      27116   1129.784    606.000     4.0477   3.278548     4.0473   3.279842      65.56     0.0163     2.7421     2.4641  1.9635003  1.1306472   47.89926  -46.06130    34.8994    34.9151     4.0030     4.0026    27.7060    27.7185    6.10528    6.29229         39 0.0000e+00
      27150   1131.221    607.000     4.0472   3.278553     4.0469   3.279857      78.31     0.0151     2.7411     2.4626  1.9615813  1.1306472   47.89926  -46.06132    34.8994    34.9152     4.0024     4.0021    27.7061    27.7186    6.09981    6.27951         28 0.0000e+00
      27175   1132.260    608.000     4.0506   3.278966     4.0497   3.280202      96.55     0.0148     2.7399     2.4614  1.9610214  1.1306472   47.89926  -46.06132    34.9002    34.9158     4.0058     4.0048    27.7063    27.7188    6.09777    6.28185         22 0.0000e+00
      27195   1133.081    609.000     4.0541   3.279368     4.0550   3.280785      91.59     0.0163     2.7400     2.4606  1.9639066  1.1316870   47.89926  -46.06130    34.9008    34.9166     4.0091     4.0100    27.7064    27.7189    6.10249    6.28429         18 0.0000e+00
      27212   1133.800    610.000     4.0497   3.278972     4.0499   3.280313      76.16     0.0158     2.7392     2.4607  1.9643815  1.1317252   47.89926  -46.06130    34.9001    34.9158     4.0047     4.0049    27.7064    27.7189    6.10008    6.29056         17 0.0000e+00
      27229   1134.491    611.000     4.0429   3.278346     4.0430   3.279685      90.93     0.0135     2.7390     2.4604  1.9642335  1.1318663   47.89926  -46.06130    34.8994    34.9151     3.9978     3.9980    27.7065    27.7190    6.11522    6.29434         17 0.0000e+00
      27246   1135.203    612.000     4.0435   3.278466     4.0438   3.279830      96.55     0.0129     2.7401     2.4605  1.9633763  1.1318681   47.89926  -46.06130    34.8997    34.9155     3.9984     3.9987    27.7067    27.7192    6.12234    6.29561         17 0.0000e+00
      27264   1135.960    613.000     4.0495   3.279140     4.0505   3.280569      96.38     0.0123     2.7402     2.4605  1.9633700  1.1318038   47.89926  -46.06130    34.9007    34.9167     4.0043     4.0052    27.7069    27.7195    6.11949    6.29686         19 0.0000e+00
      27283   1136.767    614.000     4.0536   3.279604     4.0529   3.280845      80.49     0.0149     2.7409     2.4609  1.9640381  1.1311996   47.89926  -46.06130    34.9014    34.9169     4.0083     4.0075    27.7070    27.7194    6.11609    6.30020         20 0.0000e+00
      27304   1137.609    615.000     4.0505   3.279320     4.0503   3.280636      92.92     0.0165     2.7408     2.4608  1.9645805  1.1306576   47.89926  -46.06130    34.9008    34.9165     4.0051     4.0049    27.7069    27.7194    6.11071    6.29172         21 0.0000e+00
      27325   1138.517    616.000     4.0394   3.278244     4.0389   3.279526      96.29     0.0126     2.7401     2.4600  1.9645909  1.1307505   47.89926  -46.06130    34.8993    34.9150     3.9939     3.9934    27.7069    27.7194    6.10711    6.28608         23 0.0000e+00
      27352   1139.604    617.000     4.0311   3.277469     4.0311   3.278796      84.66     0.0190     2.7392     2.4592  1.9645909  1.1309797   47.89926  -46.06130    34.8984    34.9141     3.9857     3.9856    27.7070    27.7195    6.10614    6.29135         29 0.0000e+00
      27381   1140.823    618.000     4.0318   3.277599     4.0311   3.278862      72.43     0.0147     2.7386     2.4590  1.9650749  1.1307762   47.89927  -46.06130    34.8986    34.9143     3.9863     3.9856    27.7071    27.7197    6.10561    6.29783         28 0.0000e+00
      27406   1141.882    619.000     4.0369   3.278201     4.0364   3.279490      91.50     0.0120     2.7375     2.4592  1.9652619  1.1306436   47.89928  -46.06130    34.8999    34.9156     3.9912     3.9924    27.7076    27.7201    6.09879    6.29947         22 0.0000e+00
      27426   1142.722    620.000     4.0373   3.278300     4.0370   3.279604      81.99     0.0112     2.7368     2.4591  1.9653637  1.1301248   47.89928  -46.06129    34.9001    34.9159     3.9916     3.9932    27.7077    27.7203    6.09645    6.29544         19 0.0000e+00
      27444   1143.444    621.000     4.0414   3.278795     4.0409   3.280066      88.13     0.0116     2.7358     2.4590  1.9652770  1.1294198   47.89928  -46.06128    34.9011    34.9167     3.9956     3.9950    27.7081    27.7205    6.09111    6.28857         16 0.0000e+00
      27460   1144.116    622.000     4.0428   3.278978     4.0425   3.280281      96.24     0.0102     2.7349     2.4581  1.9650449  1.1294261   47.89928  -46.06128    34.9013    34.9170     3.9969     3.9965    27.7081    27.7207    6.09788    6.28184         16 0.0000e+00
      27476   1144.789    623.000     4.0412   3.278876     4.0409   3.280175      96.63     0.0122     2.7353     2.4575  1.9650220  1.1294261   47.89928  -46.06128    34.9012    34.9169     3.9952     3.9949    27.7082    27.7207    6.10126    6.27744         17 0.0000e+00
      27494   1145.529    624.000     4.0410   3.278903     4.0408   3.280221      87.14     0.0118     2.7344     2.4563  1.9645981  1.1294261   47.89928  -46.06128    34.9012    34.9170     3.9949     3.9947    27.7083    27.7208    6.09088    6.26896         19 0.0000e+00
      27515   1146.416    625.000     4.0419   3.279042     4.0415   3.280328      86.34     0.0098     2.7332     2.4548  1.9645909  1.1294261   47.89928  -46.06128    34.9014    34.9171     3.9957     3.9953    27.7083    27.7208    6.08320    6.26652         24 0.0000e+00
      27539   1147.429    626.000     4.0438   3.279293     4.0435   3.280601      95.83     0.0122     2.7312     2.4532  1.9650955  1.1294261   47.89928  -46.06128    34.9019    34.9176     3.9975     3.9973    27.7085    27.7211    6.07005    6.26244         24 0.0000e+00
      27562   1148.365    627.000     4.0464   3.279625     4.0461   3.280919      77.26     0.0130     2.7294     2.4520  1.9649554  1.1294261   47.89928  -46.06128    34.9024    34.9181     4.0001     3.9997    27.7087    27.7212    6.06547    6.26140         20 0.0000e+00
      27582   1149.198    628.000     4.0482   3.279859     4.0481   3.281177      41.62     0.0139     2.7273     2.4507  1.9654518  1.1298589   47.89928  -46.06128    34.9028    34.9185     4.0018     4.0017    27.7088    27.7213    6.06619    6.25906         20 0.0000e+00
      27602   1150.040    629.000     4.0491   3.279998     4.0488   3.281306      95.92     0.0165     2.7267     2.4499  1.9651729  1.1302395   47.89928  -46.06128    34.9030    34.9187     4.0026     4.0023    27.7089    27.7214    6.07134    6.26330         21 0.0000e+00
      27625   1151.008    630.000     4.0495   3.280115     4.0493   3.281424      95.86     0.0125     2.7254     2.4493  1.9667525  1.1304535   47.89928  -46.06128    34.9034    34.9191     4.0029     4.0027    27.7092    27.7217    6.07481    6.25978         25 0.0000e+00
      27650   1152.046    631.000     4.0486   3.280103     4.0484   3.281409      77.57     0.0110     2.7254     2.4481  1.9674053  1.1306521   47.89928  -46.06126    34.9037    34.9194     4.0020     4.0017    27.7095    27.7220    6.07968    6.25739         24 0.0000e+00
      27673   1152.981    632.000     4.0447   3.279766     4.0444   3.281078      96.36     0.0125     2.7249     2.4474  1.9660126  1.1306472   47.89930  -46.06126    34.9034    34.9189     3.9979     3.9977    27.7097    27.7221    6.08130    6.25566         21 0.0000e+00
      27692   1153.811    633.000     4.0407   3.279423     4.0406   3.280737      95.88     0.0128     2.7248     2.4464  1.9656091  1.1306472   47.89930  -46.06126    34.9030    34.9186     3.9939     3.9938    27.7098    27.7222    6.08448    6.25339         19 0.0000e+00
      27711   1154.583    634.000     4.0390   3.279312     4.0388   3.280611      85.43     0.0113     2.7251     2.4457  1.9654689  1.1306472   47.89930  -46.06126    34.9029    34.9185     3.9922     3.9962    27.7099    27.7224    6.08062    6.26097         18 0.0000e+00
      27729   1155.318    635.000     4.0373   3.279196     4.0370   3.280504      82.55     0.0101     2.7243     2.4458  1.9655410  1.1306472   47.89930  -46.06126    34.9028    34.9186     3.9904     3.9900    27.7100    27.7226    6.07892    6.26585         18 0.0000e+00
      27746   1156.041    636.000     4.0362   3.279148     4.0359   3.280453      96.21     0.0108     2.7242     2.4455  1.9654529  1.1306472   47.89930  -46.06126    34.9029    34.9187     3.9892     3.9889    27.7102    27.7228    6.08784    6.26430         17 0.0000e+00
      27764   1156.787    637.000     4.0375   3.279345     4.0371   3.280633      96.20     0.0162     2.7245     2.4454  1.9679823  1.1300082   47.89930  -46.06126    34.9034    34.9190     3.9904     3.9900    27.7104    27.7230    6.08641    6.25977         19 0.0000e+00
