data/CTD/2013/CNV/D021A004.CNV
* Sea-Bird SBE 9 Data File:
* FileName = C:\CTD_ACQUISITION\2013021HUD\ctddata\021A004.hdr
* Software Version Seasave V 7.22.2
* Temperature SN = 5081
* Conductivity SN = 3561
* Number of Bytes Per Scan = 37
* Number of Voltage Words = 4
* Number of Scans Averaged by the Deck Unit = 1
* NMEA Latitude = 47 06.01 N
* NMEA Longitude = 047 16.83 W
* NMEA UTC (Time) = Jul 01 2013 09:01:01
* NMEA baud rate = 9600
** Ship: Hudson
** Cruise: HUD2013021
** Chief_Scientist: Greenan
** Organization: BIO
** Area_of_Operation: Sackville Spur
** Station: 4
** Sounding:  410
** Event_Comments: M1842    393105
# nquan = 25
# nvalues = 409                         
# units = specified
# name 0 = scan: Scan Count
# name 1 = timeS: Time, Elapsed [seconds]
# name 2 = prDM: Pressure, Digiquartz [db]
# name 3 = t068C: Temperature [ITS-68, deg C]
# name 4 = c0S/m: Conductivity [S/m]
# name 5 = t168C: Temperature, 2 [ITS-68, deg C]
# name 6 = c1S/m: Conductivity, 2 [S/m]
# name 7 = altM: Altimeter [m]
# name 8 = flCUVA: Fluorescence, Chelsea UV Aquatracka [ug/l]
# name 9 = sbeox0V: Oxygen raw, SBE 43 [V]
# name 10 = sbeox1V: Oxygen raw, SBE 43, 2 [V]
# name 11 = upoly0: Upoly 0, Optode 4330F - O2 D-Phase
# name 12 = upoly1: Upoly 1, Optode 4330F - O2 Temp
# name 13 = latitude: Latitude [deg]
# name 14 = longitude: Longitude [deg]
# name 15 = sal00: Salinity, Practical [PSU]
# name 16 = sal11: Salinity, Practical, 2 [PSU]
# name 17 = potemp068C: Potential Temperature [ITS-68, deg C]
# name 18 = potemp168C: Potential Temperature, 2 [ITS-68, deg C]
# name 19 = sigma-é00: Density [sigma-theta, Kg/m^3]
# name 20 = sigma-é11: Density, 2 [sigma-theta, Kg/m^3]
# name 21 = sbeox0ML/L: Oxygen, SBE 43 [ml/l], WS = 2
# name 22 = sbeox1ML/L: Oxygen, SBE 43, 2 [ml/l], WS = 2
# name 23 = nbin: number of scans per bin
# name 24 = flag: flag
# span 0 =       6700,      23124       
# span 1 =    279.118,    963.454       
# span 2 =      3.000,    411.000       
# span 3 =    -0.6922,     6.1852       
# span 4 =   2.700426,   3.227503       
# span 5 =    -0.6928,     6.1852       
# span 6 =   2.701417,   3.228751       
# span 7 =      -8.07,      98.78       
# span 8 =     0.0130,     0.1101       
# span 9 =     2.7410,     3.4489       
# span 10 =     2.4301,     3.0133      
# span 11 =  1.7125368,  2.0671682      
# span 12 =  0.5610160,  1.4090872      
# span 13 =   47.09941,   47.09998      
# span 14 =  -47.27948,  -47.27844      
# span 15 =    32.4656,    34.7316      
# span 16 =    32.4797,    34.7469      
# span 17 =    -0.6936,     6.1848      
# span 18 =    -0.6941,     6.1848      
# span 19 =    25.5279,    27.6139      
# span 20 =    25.5390,    27.6261      
# span 21 =    6.05199,    8.27367      
# span 22 =    6.16320,    7.87678      
# span 23 =         14,        119      
# span 24 = 0.0000e+00, 0.0000e+00      
# interval = decibars: 1                
# start_time = Jul 01 2013 09:01:01 [NMEA time, header]
# bad_flag = -9.990e-29
*END*
[from data line 116]
      13494    562.215    119.000     0.9524   2.891599     0.9520   2.892787      70.56     0.0144     3.1780     2.6529  1.9689040  0.7327188   47.09984  -47.27852    33.7101    33.7258     0.9474     0.9470    27.0115    27.0242    7.59849    7.09393         50 0.0000e+00
      13531    563.749    120.000     0.9597   2.892490     0.9589   2.893641      96.88     0.0193     3.1761     2.6524  1.9682542  0.7326007   47.09984  -47.27852    33.7131    33.7288     0.9546     0.9538    27.0135    27.0262    7.60042    7.10012         33 0.0000e+00
      13565    565.153    121.000     0.9676   2.893509     0.9671   2.894690      96.72     0.0171     3.1758     2.6517  1.9693797  0.7348524   47.09984  -47.27852    33.7171    33.7328     0.9625     0.9619    27.0162    27.0289    7.59895    7.08429         36 0.0000e+00
      13603    566.750    122.000     0.9758   2.894600     0.9761   2.895859      96.92     0.0176     3.1745     2.6492  1.9690524  0.7367275   47.09986  -47.27852    33.7217    33.7375     0.9705     0.9711    27.0194    27.0321    7.58596    7.06394         40 0.0000e+00
      13652    568.783    123.000     0.9829   2.895563     0.9823   2.896720      96.94     0.0158     3.1699     2.6439  1.9697944  0.7385011   47.09986  -47.27851    33.7257    33.7413     0.9777     0.9770    27.0222    27.0348    7.54609    7.02783         60 0.0000e+00
      13707    571.072    124.000     1.0100   2.898882     1.0091   2.900023      96.66     0.0220     3.1636     2.6375  1.9697387  0.7400949   47.09986  -47.27850    33.7385    33.7542     1.0046     1.0037    27.0308    27.0434    7.53562    7.01529         41 0.0000e+00
      13740    572.467    125.000     1.0419   2.902660     1.0403   2.903733      96.95     0.0230     3.1611     2.6347  1.9695530  0.7411599   47.09986  -47.27850    33.7519    33.7674     1.0365     1.0349    27.0395    27.0521    7.51217    6.99726         33 0.0000e+00
      13789    574.497    126.000     1.0767   2.906985     1.0752   2.908059      96.97     0.0217     3.1537     2.6288  1.9701773  0.7447618   47.09986  -47.27849    33.7692    33.7845     1.0711     1.0697    27.0512    27.0636    7.46322    6.96034         68 0.0000e+00
      13846    576.866    127.000     1.1000   2.909796     1.0985   2.910867      96.92     0.0211     3.1438     2.6219  1.9714915  0.7495789   47.09986  -47.27850    33.7794    33.7948     1.0945     1.0929    27.0579    27.0703    7.43442    6.94763         34 0.0000e+00
      13871    577.935    128.000     1.1286   2.913313     1.1273   2.914420      96.74     0.0201     3.1405     2.6202  1.9718117  0.7503585   47.09986  -47.27850    33.7930    33.8086     1.1229     1.1216    27.0670    27.0796    7.43182    6.93928         25 0.0000e+00
      13903    579.239    129.000     1.1541   2.916359     1.1536   2.917536      96.96     0.0253     3.1381     2.6175  1.9719075  0.7519423   47.09986  -47.27850    33.8038    33.8194     1.1484     1.1478    27.0740    27.0866    7.43153    6.93139         43 0.0000e+00
      13969    582.002    130.000     1.1647   2.917698     1.1646   2.918913      96.99     0.0253     3.1331     2.6146  1.9752845  0.7589723   47.09986  -47.27848    33.8090    33.8246     1.1589     1.1588    27.0774    27.0900    7.41720    6.93238         70 0.0000e+00
      14017    584.012    131.000     1.1680   2.918134     1.1677   2.919340      96.65     0.0236     3.1311     2.6136  1.9757848  0.7608816   47.09986  -47.27848    33.8104    33.8261     1.1622     1.1619    27.0784    27.0910    7.41844    6.92875         38 0.0000e+00
      14053    585.521    132.000     1.1709   2.918488     1.1708   2.919708      96.99     0.0227     3.1282     2.6117  1.9768007  0.7619046   47.09986  -47.27848    33.8112    33.8269     1.1650     1.1649    27.0788    27.0914    7.39353    6.90428         36 0.0000e+00
      14091    587.099    133.000     1.1746   2.918903     1.1743   2.920105      97.00     0.0238     3.1230     2.6070  1.9798511  0.7639100   47.09986  -47.27848    33.8119    33.8276     1.1686     1.1683    27.0791    27.0918    7.35196    6.86920         42 0.0000e+00
      14138    589.030    134.000     1.1892   2.920493     1.1876   2.921566      96.87     0.0209     3.1136     2.6005  1.9801028  0.7654086   47.09986  -47.27848    33.8158    33.8313     1.1832     1.1816    27.0813    27.0939    7.31812    6.85121         47 0.0000e+00
      14181    590.847    135.000     1.2209   2.923990     1.2197   2.925109      96.84     0.0239     3.1068     2.5961  1.9819971  0.7664882   47.09986  -47.27847    33.8257    33.8413     1.2148     1.2136    27.0872    27.0998    7.30426    6.84432         43 0.0000e+00
      14230    592.871    136.000     1.2592   2.928178     1.2582   2.929306      97.01     0.0171     3.0993     2.5907  1.9828813  0.7684438   47.09988  -47.27846    33.8372    33.8526     1.2530     1.2520    27.0939    27.1063    7.26795    6.80137         53 0.0000e+00
      14280    594.950    137.000     1.2913   2.931759     1.2900   2.932846      97.03     0.0174     3.0896     2.5832  1.9846740  0.7727649   47.09988  -47.27846    33.8476    33.8629     1.2850     1.2837    27.1000    27.1125    7.22144    6.77337         43 0.0000e+00
      14317    596.479    138.000     1.3409   2.937383     1.3385   2.938382      97.03     0.0197     3.0827     2.5793  1.9859163  0.7756830   47.09988  -47.27846    33.8650    33.8803     1.3345     1.3322    27.1107    27.1232    7.19986    6.76269         32 0.0000e+00
      14347    597.742    139.000     1.3749   2.941233     1.3737   2.942340      76.51     0.0205     3.0768     2.5750  1.9865649  0.7777259   47.09988  -47.27846    33.8767    33.8922     1.3685     1.3672    27.1178    27.1302    7.16331    6.71423         31 0.0000e+00
      14387    599.433    140.000     1.3995   2.943880     1.3985   2.944999      95.78     0.0217     3.0653     2.5659  1.9879038  0.7824476   47.09988  -47.27845    33.8833    33.8986     1.3930     1.3920    27.1213    27.1337    7.09120    6.65989         55 0.0000e+00
      14447    601.904    141.000     1.4272   2.946762     1.4248   2.947757      97.03     0.0235     3.0455     2.5516  1.9906448  0.7883162   47.09988  -47.27844    33.8895    33.9046     1.4206     1.4182    27.1244    27.1367    7.03324    6.61814         51 0.0000e+00
      14486    603.530    142.000     1.4792   2.952364     1.4769   2.953378      97.03     0.0212     3.0347     2.5433  1.9914579  0.7900704   47.09988  -47.27844    33.9039    33.9192     1.4724     1.4702    27.1324    27.1448    6.98620    6.57195         34 0.0000e+00
      14525    605.157    143.000     1.5244   2.957380     1.5221   2.958368      71.57     0.0233     3.0188     2.5319  1.9944211  0.7942848   47.09988  -47.27845    33.9182    33.9332     1.5175     1.5152    27.1407    27.1529    6.88358    6.49802         50 0.0000e+00
      14585    607.661    144.000     1.5637   2.961662     1.5620   2.962716      98.78     0.0243     2.9862     2.5087  1.9989324  0.8010375   47.09988  -47.27844    33.9294    33.9447     1.5568     1.5550    27.1469    27.1593    6.75310    6.39285         54 0.0000e+00
      14621    609.150    145.000     1.5980   2.965315     1.5964   2.966390      94.41     0.0284     2.9683     2.4962  2.0025394  0.8050002   47.09988  -47.27844    33.9381    33.9534     1.5910     1.5894    27.1514    27.1638    6.73299    6.38264         28 0.0000e+00
      14649    610.348    146.000     1.6376   2.969564     1.6341   2.970446      95.86     0.0292     2.9575     2.4891  2.0033259  0.8071114   47.09988  -47.27844    33.9485    33.9635     1.6305     1.6270    27.1569    27.1692    6.71905    6.37776         32 0.0000e+00
      14703    612.603    147.000     1.6695   2.973037     1.6676   2.974047      95.18     0.0275     2.9402     2.4787  2.0070827  0.8131083   47.09988  -47.27844    33.9575    33.9723     1.6623     1.6603    27.1618    27.1738    6.67676    6.35266         80 0.0000e+00
      14768    615.293    148.000     1.6876   2.975175     1.6871   2.976360      95.59     0.0244     2.9212     2.4690  2.0132208  0.8182057   47.09990  -47.27844    33.9645    33.9799     1.6803     1.6798    27.1661    27.1785    6.64124    6.35033         34 0.0000e+00
      14791    616.259    149.000     1.6929   2.975863     1.6924   2.977053      63.05     0.0264     2.9171     2.4676  2.0141392  0.8187281   47.09990  -47.27844    33.9669    33.9824     1.6855     1.6850    27.1676    27.1801    6.64182    6.34716         22 0.0000e+00
      14814    617.203    150.000     1.7121   2.978197     1.7099   2.979210      93.87     0.0278     2.9126     2.4653  2.0179288  0.8204274   47.09990  -47.27844    33.9750    33.9902     1.7046     1.7025    27.1728    27.1851    6.60860    6.31373         25 0.0000e+00
      14868    619.479    151.000     1.7274   2.980120     1.7195   2.980442      95.76     0.0287     2.8955     2.4559  2.0232248  0.8247588   47.09990  -47.27844    33.9822    33.9948     1.7199     1.7120    27.1774    27.1881    6.53386    6.27695         74 0.0000e+00
      14939    622.397    152.000     1.7481   2.982525     1.7441   2.983346      95.88     0.0290     2.8730     2.4454  2.0293489  0.8279487   47.09990  -47.27844    33.9897    34.0043     1.7405     1.7365    27.1818    27.1939    6.46941    6.26001         35 0.0000e+00
      14970    623.717    153.000     1.7606   2.984172     1.7603   2.985389      59.51     0.0274     2.8642     2.4429  2.0310118  0.8278388   47.09990  -47.27844    33.9964    34.0120     1.7529     1.7527    27.1863    27.1989    6.45854    6.26618         34 0.0000e+00
      15005    625.162    154.000     1.7625   2.984461     1.7621   2.985656      91.41     0.0311     2.8567     2.4419  2.0351171  0.8324294   47.09990  -47.27844    33.9974    34.0129     1.7548     1.7544    27.1870    27.1994    6.44571    6.27013         35 0.0000e+00
      15039    626.594    155.000     1.7685   2.985239     1.7677   2.986394      92.67     0.0287     2.8492     2.4407  2.0379040  0.8340408   47.09990  -47.27844    34.0002    34.0156     1.7607     1.7599    27.1888    27.2012    6.42679    6.26776         34 0.0000e+00
      15078    628.198    156.000     1.7807   2.986856     1.7800   2.988020      95.05     0.0282     2.8414     2.4400  2.0415354  0.8355479   47.09990  -47.27844    34.0069    34.0222     1.7728     1.7722    27.1932    27.2056    6.40885    6.26979         46 0.0000e+00
      15133    630.519    157.000     1.7896   2.988045     1.7895   2.989279      96.29     0.0278     2.8319     2.4400  2.0470426  0.8375393   47.09990  -47.27844    34.0116    34.0272     1.7817     1.7816    27.1964    27.2089    6.38565    6.27382         60 0.0000e+00
      15186    632.707    158.000     1.7936   2.988597     1.7932   2.989797      96.31     0.0265     2.8232     2.4411  2.0503197  0.8395783   47.09990  -47.27844    34.0137    34.0292     1.7857     1.7853    27.1978    27.2103    6.36550    6.28783         44 0.0000e+00
      15230    634.524    159.000     1.7995   2.989398     1.7989   2.990572      80.87     0.0291     2.8171     2.4426  2.0537429  0.8407903   47.09990  -47.27844    34.0168    34.0323     1.7915     1.7909    27.1998    27.2123    6.34854    6.28832         47 0.0000e+00
      15274    636.392    160.000     1.8080   2.990506     1.8076   2.991704      97.26     0.0253     2.8104     2.4434  2.0568588  0.8420935   47.09990  -47.27844    34.0212    34.0366     1.7999     1.7995    27.2027    27.2151    6.33120    6.28838         39 0.0000e+00
      15306    637.690    161.000     1.8178   2.991797     1.8170   2.992942      96.80     0.0259     2.8069     2.4443  2.0579524  0.8430559   47.09992  -47.27844    34.0262    34.0415     1.8096     1.8088    27.2060    27.2184    6.32733    6.29599         26 0.0000e+00
      15331    638.761    162.000     1.8359   2.994070     1.8348   2.995209      96.78     0.0273     2.8039     2.4450  2.0591609  0.8441768   47.09992  -47.27844    34.0348    34.0502     1.8276     1.8266    27.2115    27.2240    6.31173    6.28606         27 0.0000e+00
      15389    641.169    163.000     1.8543   2.996385     1.8440   2.996373      79.54     0.0298     2.7953     2.4452  2.0613530  0.8465973   47.09992  -47.27844    34.0434    34.0546     1.8460     1.8358    27.2171    27.2268    6.27138    6.28259         88 0.0000e+00
      15461    644.169    164.000     1.8647   2.997749     1.8637   2.998833      97.73     0.0292     2.7825     2.4437  2.0621004  0.8486977   47.09992  -47.27844    34.0489    34.0635     1.8563     1.8553    27.2207    27.2325    6.21962    6.25088         36 0.0000e+00
      15490    645.372    165.000     1.8737   2.998885     1.8732   3.000075      88.98     0.0296     2.7758     2.4413  2.0610528  0.8487638   47.09992  -47.27844    34.0529    34.0683     1.8652     1.8647    27.2232    27.2356    6.19729    6.24530         29 0.0000e+00
      15522    646.706    166.000     1.8771   2.999335     1.8767   3.000539      94.94     0.0309     2.7696     2.4397  2.0629029  0.8507736   47.09992  -47.27844    34.0543    34.0698     1.8685     1.8682    27.2241    27.2366    6.18503    6.24564         37 0.0000e+00
      15563    648.397    167.000     1.8870   3.000621     1.8862   3.001748      96.80     0.0289     2.7633     2.4382  2.0632598  0.8529294   47.09992  -47.27844    34.0592    34.0745     1.8785     1.8776    27.2272    27.2396    6.19039    6.24974         42 0.0000e+00
      15603    650.065    168.000     1.9061   3.003078     1.9052   3.004208      96.92     0.0236     2.7595     2.4377  2.0625298  0.8541858   47.09992  -47.27845    34.0689    34.0841     1.8975     1.8968    27.2336    27.2459    6.18769    6.24429         39 0.0000e+00
      15654    652.203    169.000     1.9122   3.003902     1.9118   3.005101      85.08     0.0248     2.7547     2.4356  2.0639398  0.8556697   47.09993  -47.27845    34.0721    34.0876     1.9035     1.9031    27.2357    27.2482    6.15683    6.22454         72 0.0000e+00
      15724    655.122    170.000     1.9204   3.004956     1.9196   3.006097      97.34     0.0281     2.7440     2.4310  2.0653424  0.8582010   47.09994  -47.27844    34.0758    34.0911     1.9118     1.9108    27.2380    27.2504    6.12078    6.21165         46 0.0000e+00
      15754    656.365    171.000     1.9333   3.006523     1.9321   3.007650      96.98     0.0321     2.7410     2.4301  2.0649459  0.8583668   47.09994  -47.27846    34.0813    34.0967     1.9244     1.9233    27.2415    27.2539    6.13624    6.22493         26 0.0000e+00
      15780    657.445    172.000     1.9438   3.007835     1.9433   3.009035      97.03     0.0304     2.7410     2.4313  2.0647604  0.8583639   47.09994  -47.27846    34.0857    34.1013     1.9349     1.9344    27.2442    27.2567    6.16387    6.25157         27 0.0000e+00
      15812    658.792    173.000     1.9554   3.009331     1.9549   3.010506      97.00     0.0307     2.7431     2.4350  2.0655954  0.8600346   47.09994  -47.27846    34.0914    34.1067     1.9464     1.9462    27.2479    27.2602    6.17871    6.28057         39 0.0000e+00
      15870    661.197    174.000     1.9605   3.010033     1.9596   3.011151      77.93     0.0287     2.7516     2.4455  2.0667779  0.8630422   47.09994  -47.27846    34.0942    34.1091     1.9514     1.9505    27.2497    27.2618    6.25807    6.35784         80 0.0000e+00
      15939    664.066    175.000     1.9916   3.013887     1.9893   3.014882      90.15     0.0225     2.7766     2.4689  2.0671682  0.8645212   47.09994  -47.27846    34.1084    34.1233     1.9824     1.9802    27.2587    27.2708    6.37956    6.45897         47 0.0000e+00
