data/CTD/2013/CNV/D021A028.CNV
* Sea-Bird SBE 9 Data File:
* FileName = C:\CTD_ACQUISITION\2013021HUD\ctddata\021A028.hdr
* Software Version Seasave V 7.22.2
* Temperature SN = 5081
* Conductivity SN = 3561
* Number of Bytes Per Scan = 37
* Number of Voltage Words = 4
* Number of Scans Averaged by the Deck Unit = 1
* NMEA Latitude = 47 53.98 N
* NMEA Longitude = 046 03.76 W
* NMEA UTC (Time) = Jul 03 2013 00:44:40
* NMEA baud rate = 9600
** Ship: Hudson
** Cruise: HUD2013021
** Chief_Scientist: Greenan
** Organization: BIO
** Area_of_Operation: Sackville Spur
** Station: 28
** Sounding:  925
** Event_Comments: SS18  393131
# nquan = 25
# nvalues = 905                         
# units = specified
# name 0 = scan: Scan Count
# name 1 = timeS: Time, Elapsed [seconds]
# name 2 = prDM: Pressure, Digiquartz [db]
# name 3 = t068C: Temperature [ITS-68, deg C]
# name 4 = c0S/m: Conductivity [S/m]
# name 5 = t168C: Temperature, 2 [ITS-68, deg C]
# name 6 = c1S/m: Conductivity, 2 [S/m]
# name 7 = altM: Altimeter [m]
# name 8 = flCUVA: Fluorescence, Chelsea UV Aquatracka [ug/l]
# name 9 = sbeox0V: Oxygen raw, SBE 43 [V]
# name 10 = sbeox1V: Oxygen raw, SBE 43, 2 [V]
# name 11 = upoly0: Upoly 0, Optode 4330F - O2 D-Phase
# name 12 = upoly1: Upoly 1, Optode 4330F - O2 Temp
# name 13 = latitude: Latitude [deg]
# name 14 = longitude: Longitude [deg]
# name 15 = sal00: Salinity, Practical [PSU]
# name 16 = sal11: Salinity, Practical, 2 [PSU]
# name 17 = potemp068C: Potential Temperature [ITS-68, deg C]
# name 18 = potemp168C: Potential Temperature, 2 [ITS-68, deg C]
# name 19 = sigma-é00: Density [sigma-theta, Kg/m^3]
# name 20 = sigma-é11: Density, 2 [sigma-theta, Kg/m^3]
# name 21 = sbeox0ML/L: Oxygen, SBE 43 [ml/l], WS = 2
# name 22 = sbeox1ML/L: Oxygen, SBE 43, 2 [ml/l], WS = 2
# name 23 = nbin: number of scans per bin
# name 24 = flag: flag
# span 0 =      11503,      34204       
# span 1 =    479.267,   1425.135       
# span 2 =      1.000,    905.000       
# span 3 =     1.7898,     6.6281       
# span 4 =   2.963342,   3.386815       
# span 5 =     1.7902,     6.6291       
# span 6 =   2.965046,   3.387631       
# span 7 =       3.07,     102.09       
# span 8 =     0.0055,     0.5961       
# span 9 =     2.6095,     3.4477       
# span 10 =     2.3460,     3.0886      
# span 11 =  1.6970698,  2.0392323      
# span 12 =  0.8661109,  1.4236283      
# span 13 =   47.89924,   47.89952      
# span 14 =  -46.06200,  -46.06066      
# span 15 =    32.7596,    34.9146      
# span 16 =    32.7742,    34.9301      
# span 17 =     1.7873,     6.6255      
# span 18 =     1.7877,     6.6266      
# span 19 =    25.7694,    27.7380      
# span 20 =    25.7809,    27.7507      
# span 21 =    5.52777,    7.43210      
# span 22 =    5.71292,    7.59874      
# span 23 =          9,         91      
# span 24 = 0.0000e+00, 0.0000e+00      
# interval = decibars: 1                
# start_time = Jul 03 2013 00:44:40 [NMEA time, header]
# bad_flag = -9.990e-29
*END*
[from data line 58]
      14525    605.166     59.000     2.1938   3.008130     2.1941   3.009402      97.17     0.0741     3.0336     2.7234  1.8959641  0.9388990   47.89930  -46.06176    33.8854    33.9009     2.1907     2.1910    27.0638    27.0762    6.90260    7.09084         16 0.0000e+00
      14540    605.809     60.000     1.9880   2.990082     1.9831   2.990876      37.23     0.0704     3.0361     2.7255  1.8958333  0.9386458   47.89930  -46.06176    33.8793    33.8945     1.9850     1.9800    27.0749    27.0875    6.94589    7.08667         16 0.0000e+00
      14562    606.724     61.000     2.2379   3.015451     2.2170   3.014633      76.82     0.0624     3.0361     2.7230  1.9015440  0.9304541   47.89930  -46.06176    33.9278    33.9400     2.2347     2.2137    27.0939    27.1054    6.84694    6.97356         34 0.0000e+00
      14670    611.218     62.000     2.1645   3.005888     2.2185   3.013581      44.34     0.0667     3.0125     2.7003  1.9081533  0.9142523   47.89930  -46.06176    33.8869    33.9251     2.1613     2.2152    27.0673    27.0935    6.72102    6.86474         27 0.0000e+00
      14699    612.433     63.000     2.2463   3.017167     2.2769   3.021690      94.25     0.0597     3.0028     2.6933  1.9077836  0.9149766   47.89930  -46.06174    33.9395    33.9632     2.2430     2.2735    27.1030    27.1194    6.71336    6.87847         36 0.0000e+00
      14756    614.783     64.000     2.1419   3.008549     2.1423   3.009609      69.06     0.0483     3.0013     2.6923  1.9099132  0.9158530   47.89930  -46.06174    33.9432    33.9561     2.1386     2.1389    27.1142    27.1245    6.79524    6.93791         60 0.0000e+00
      14792    616.309     65.000     2.0577   3.002243     2.0568   3.003335      85.66     0.0477     2.9993     2.6890  1.9136906  0.9155536   47.89930  -46.06174    33.9562    33.9687     2.0524     2.0534    27.1313    27.1413    6.74724    6.88898         25 0.0000e+00
      14816    617.272     66.000     2.1219   3.009421     2.1232   3.010813      45.38     0.0484     2.9937     2.6845  1.9181035  0.9111154   47.89932  -46.06174    33.9744    33.9904     2.1184     2.1197    27.1407    27.1534    6.69512    6.84596         23 0.0000e+00
      14865    619.321     67.000     1.9378   2.992609     1.9612   2.995967      80.38     0.0412     2.9844     2.6755  1.9210538  0.9041348   47.89930  -46.06172    33.9608    33.9778     1.9344     1.9578    27.1440    27.1559    6.72553    6.86892         42 0.0000e+00
      14958    623.199     68.000     2.0269   3.000974     1.9170   2.992563      17.23     0.0433     2.9746     2.6678  1.9268819  0.8956699   47.89932  -46.06170    33.9715    33.9821     2.0215     1.9135    27.1460    27.1628    6.73572    6.91894         18 0.0000e+00
      14973    623.838     69.000     1.8932   2.990113     1.9005   2.991982      97.80     0.0405     2.9756     2.6692  1.9267399  0.8963614   47.89932  -46.06171    33.9763    33.9919     1.8897     1.8970    27.1599    27.1719    6.80120    6.95021         17 0.0000e+00
      14992    624.623     70.000     1.8322   2.985582     1.8343   2.987046      97.15     0.0347     2.9791     2.6718  1.9292045  0.8893316   47.89931  -46.06171    33.9843    34.0005     1.8287     1.8308    27.1710    27.1839    6.80754    6.95278         23 0.0000e+00
      15072    627.967     71.000     1.9097   2.991681     1.8958   2.991891      61.25     0.0358     2.9659     2.6626  1.9375079  0.8742722   47.89931  -46.06169    33.9771    33.9946     1.9061     1.8922    27.1594    27.1745    6.67544    6.84891         40 0.0000e+00
      15132    630.440     72.000     2.0132   3.003668     1.9742   3.001280      97.49     0.0355     2.9529     2.6539  1.9404147  0.8743321   47.89932  -46.06168    34.0156    34.0275     2.0095     1.9705    27.1823    27.1948    6.61176    6.79255         20 0.0000e+00
      15150    631.203     73.000     2.1239   3.015504     2.1216   3.016454      97.14     0.0333     2.9479     2.6491  1.9429173  0.8754507   47.89932  -46.06168    34.0442    34.0585     2.1201     2.1178    27.1965    27.2082    6.56561    6.72543         19 0.0000e+00
      15175    632.235     74.000     2.1260   3.015872     2.1285   3.017310      56.72     0.0313     2.9420     2.6429  1.9427047  0.8775272   47.89930  -46.06166    34.0460    34.0613     2.1221     2.1246    27.1979    27.2099    6.55897    6.72312         35 0.0000e+00
      15271    636.253     75.000     2.0994   3.012781     2.1048   3.014769     102.09     0.0301     2.9345     2.6333  1.9440203  0.8925624   47.89930  -46.06166    34.0354    34.0545     2.0955     2.1008    27.1914    27.2063    6.61102    6.76488         51 0.0000e+00
      15307    637.753     76.000     1.9454   2.999294     1.9601   3.001944      26.54     0.0290     2.9364     2.6349  1.9463040  0.8925783   47.89930  -46.06165    34.0351    34.0531     1.9416     1.9562    27.2029    27.2161    6.69761    6.85615         22 0.0000e+00
      15329    638.660     77.000     1.8490   2.991074     1.8485   2.992380      76.68     0.0289     2.9427     2.6412  1.9496375  0.8900307   47.89930  -46.06164    34.0315    34.0485     1.8451     1.8446    27.2076    27.2212    6.76104    6.92790         24 0.0000e+00
      15379    640.732     78.000     1.8517   2.991264     1.8563   2.992978      89.11     0.0311     2.9455     2.6444  1.9550096  0.8810905   47.89930  -46.06164    34.0303    34.0469     1.8478     1.8523    27.2064    27.2194    6.69900    6.86421         54 0.0000e+00
      15461    644.184     79.000     1.9123   2.997228     1.8962   2.997126      24.18     0.0320     2.9355     2.6384  1.9586713  0.8661109   47.89930  -46.06162    34.0394    34.0554     1.9083     1.8922    27.2091    27.2232    6.68511    6.88043         23 0.0000e+00
      15478    644.881     80.000     2.1433   3.021197     2.1317   3.021228      59.31     0.0280     2.9402     2.6432  1.9609438  0.8669109   47.89930  -46.06162    34.0904    34.1033     2.1391     2.1275    27.2320    27.2433    6.64405    6.82248         19 0.0000e+00
      15500    645.798     81.000     2.3227   3.039124     2.3133   3.039323      74.29     0.0255     2.9396     2.6427  1.9620548  0.8669109   47.89930  -46.06162    34.1206    34.1331     2.3183     2.3089    27.2417    27.2525    6.57282    6.74239         29 0.0000e+00
      15586    649.391     82.000     2.2734   3.034330     2.2414   3.032352      26.01     0.0298     2.9303     2.6349  1.9537278  0.9020507   47.89930  -46.06160    34.1132    34.1229     2.2690     2.2370    27.2398    27.2501    6.54170    6.72989         42 0.0000e+00
      15627    651.087     83.000     2.4187   3.049361     2.4191   3.050235      98.36     0.0307     2.9283     2.6335  1.9546988  0.9033326   47.89930  -46.06158    34.1382    34.1541     2.4192     2.4145    27.2475    27.2606    6.53045    6.70016         21 0.0000e+00
      15648    651.943     84.000     2.4159   3.050187     2.4169   3.051417      97.08     0.0301     2.9267     2.6319  1.9548184  0.9023536   47.89930  -46.06158    34.1562    34.1706     2.4115     2.4122    27.2625    27.2740    6.50251    6.67236         24 0.0000e+00
      15708    654.468     85.000     2.3913   3.047942     2.3984   3.049811      43.70     0.0284     2.9242     2.6273  1.9569916  0.9165871   47.89930  -46.06158    34.1543    34.1716     2.3867     2.3938    27.2631    27.2764    6.51543    6.67402         45 0.0000e+00
      15776    657.296     86.000     2.4224   3.051269     2.4210   3.052324      98.23     0.0247     2.9243     2.6262  1.9607087  0.9158102   47.89930  -46.06156    34.1616    34.1762     2.4177     2.4162    27.2664    27.2782    6.51635    6.68572         20 0.0000e+00
      15792    657.976     87.000     2.4191   3.051647     2.4198   3.052958      97.07     0.0237     2.9236     2.6259  1.9606987  0.9157512   47.89930  -46.06156    34.1694    34.1848     2.4143     2.4150    27.2729    27.2852    6.50775    6.67276         16 0.0000e+00
      15810    658.718     88.000     2.3826   3.048388     2.3842   3.049806      44.86     0.0279     2.9225     2.6244  1.9608042  0.9183354   47.89930  -46.06156    34.1675    34.1833     2.3778     2.3794    27.2744    27.2869    6.50982    6.68122         20 0.0000e+00
      15872    661.281     89.000     2.3637   3.046397     2.3672   3.048115      80.67     0.0271     2.9238     2.6274  1.9613241  0.9196964   47.89930  -46.06155    34.1625    34.1801     2.3588     2.3623    27.2720    27.2857    6.54955    6.72766         37 0.0000e+00
      15966    665.206     90.000     2.3571   3.046450     2.3706   3.048786      19.48     0.0234     2.9324     2.6339  1.9621618  0.9193490   47.89930  -46.06154    34.1696    34.1842     2.3522     2.3656    27.2782    27.2888    6.61772    6.76616         20 0.0000e+00
      15985    665.984     91.000     2.3858   3.051333     2.3835   3.052350      95.57     0.0204     2.9358     2.6367  1.9621489  0.9194127   47.89930  -46.06154    34.1989    34.2140     2.3808     2.3785    27.2993    27.3115    6.61964    6.77874         21 0.0000e+00
      16010    667.032     92.000     2.4135   3.054749     2.4129   3.055935      88.48     0.0179     2.9408     2.6409  1.9648142  0.9167863   47.89930  -46.06154    34.2110    34.2263     2.4084     2.4078    27.3067    27.3190    6.62303    6.80183         31 0.0000e+00
      16053    668.822     93.000     2.4493   3.058839     2.4505   3.060106      71.54     0.0204     2.9478     2.6507  1.9644356  0.9191231   47.89930  -46.06154    34.2227    34.2371     2.4441     2.4453    27.3130    27.3244    6.64543    6.83958         58 0.0000e+00
      16120    671.605     94.000     2.5043   3.064423     2.5002   3.065723      74.10     0.0224     2.9666     2.6698  1.9631602  0.9254866   47.89930  -46.06153    34.2322    34.2511     2.4991     2.4949    27.3160    27.3315    6.72057    6.89842         70 0.0000e+00
      16195    674.768     95.000     2.6165   3.075610     2.6200   3.077222      86.10     0.0211     2.9702     2.6698  1.9610085  0.9297491   47.89930  -46.06152    34.2492    34.2659     2.6109     2.6145    27.3201    27.3332    6.52672    6.69718         65 0.0000e+00
      16231    676.261     96.000     2.6888   3.083060     2.6882   3.084203      97.28     0.0262     2.9558     2.6596  1.9609222  0.9341512   47.89930  -46.06152    34.2634    34.2781     2.6833     2.6827    27.3252    27.3370    6.51586    6.74070         22 0.0000e+00
      16251    677.070     97.000     2.7198   3.086427     2.7173   3.087408      97.06     0.0299     2.9542     2.6606  1.9565014  0.9367219   47.89930  -46.06152    34.2711    34.2859     2.7142     2.7116    27.3287    27.3407    6.58613    6.80349         19 0.0000e+00
      16271    677.908     98.000     2.8412   3.098896     2.8382   3.099775      97.07     0.0254     2.9602     2.6671  1.9560574  0.9371597   47.89930  -46.06152    34.2939    34.3079     2.8354     2.8324    27.3362    27.3477    6.63850    6.81073         22 0.0000e+00
      16317    679.850     99.000     2.9550   3.110311     2.9563   3.111497      97.05     0.0260     2.9651     2.6666  1.9501836  0.9516904   47.89930  -46.06152    34.3116    34.3254     2.9490     2.9504    27.3402    27.3512    6.55003    6.69564         51 0.0000e+00
      16429    684.480    100.000     2.8982   3.104878     2.9429   3.110333      97.07     0.0233     2.9680     2.6668  1.9474027  0.9739365   47.89930  -46.06152    34.3052    34.3241     2.8922     2.9369    27.3401    27.3512    6.61666    6.74674         20 0.0000e+00
      16443    685.068    101.000     3.0262   3.117698     3.0305   3.119284      97.07     0.0217     2.9714     2.6688  1.9468822  0.9617671   47.89930  -46.06152    34.3248    34.3395     3.0201     3.0244    27.3443    27.3557    6.58682    6.73298         16 0.0000e+00
      16459    685.762    102.000     2.9366   3.109541     2.9387   3.110980      97.07     0.0216     2.9725     2.6686  1.9469534  0.9612070   47.89930  -46.06152    34.3202    34.3353     2.9305     2.9325    27.3488    27.3608    6.54828    6.68283         18 0.0000e+00
      16501    687.518    103.000     2.8939   3.105665     2.8985   3.107358      97.05     0.0211     2.9555     2.6532  1.9438139  0.9736033   47.89930  -46.06152    34.3178    34.3336     2.8877     2.8923    27.3507    27.3629    6.41150    6.57872         46 0.0000e+00
      16580    690.803    104.000     2.9677   3.113274     2.9717   3.115019      94.48     0.0162     2.9179     2.6234  1.9400668  0.9772729   47.89930  -46.06152    34.3315    34.3484     2.9614     2.9655    27.3549    27.3681    6.28356    6.46307         38 0.0000e+00
      16638    693.201    105.000     3.1246   3.129995     3.1250   3.131211      80.76     0.0237     2.8940     2.6042  1.9380816  0.9814828   47.89930  -46.06152    34.3674    34.3820     3.1183     3.1185    27.3693    27.3809    6.22985    6.42722         68 0.0000e+00
      16682    695.040    106.000     3.1893   3.136801     3.1846   3.137523      97.53     0.0203     2.8825     2.5944  1.9394463  0.9914628   47.89931  -46.06152    34.3809    34.3946     3.1827     3.1780    27.3740    27.3855    6.22604    6.41216         24 0.0000e+00
      16701    695.841    107.000     3.2636   3.144771     3.2593   3.145577      97.05     0.0168     2.8800     2.5914  1.9401056  0.9939210   47.89932  -46.06152    34.3980    34.4123     3.2569     3.2526    27.3808    27.3925    6.22456    6.40171         17 0.0000e+00
      16719    696.581    108.000     3.3041   3.149544     3.3044   3.150750      97.06     0.0204     2.8779     2.5894  1.9399785  0.9971637   47.89932  -46.06152    34.4122    34.4265     3.2972     3.2975    27.3883    27.3997    6.22260    6.40413         19 0.0000e+00
      16743    697.589    109.000     3.2974   3.149247     3.2983   3.150531      97.06     0.0202     2.8771     2.5888  1.9392376  1.0052791   47.89931  -46.06152    34.4151    34.4297     3.2906     3.2915    27.3912    27.4028    6.23413    6.42185         34 0.0000e+00
      16846    701.887    110.000     3.2810   3.147327     3.2722   3.147483      97.17     0.0216     2.8803     2.5898  1.9461378  1.0172015   47.89931  -46.06152    34.4092    34.4200     3.2740     3.2653    27.3881    27.3975    6.27292    6.44703         39 0.0000e+00
      16877    703.182    111.000     3.2864   3.148483     3.2847   3.149553      97.05     0.0224     2.8824     2.5912  1.9512136  1.0171846   47.89932  -46.06152    34.4164    34.4313     3.2794     3.2777    27.3934    27.4054    6.27092    6.44295         20 0.0000e+00
      16896    703.955    112.000     3.2992   3.150461     3.2986   3.151631      79.40     0.0227     2.8824     2.5907  1.9511613  1.0170927   47.89932  -46.06152    34.4262    34.4411     3.2922     3.2915    27.4000    27.4119    6.26245    6.42518         18 0.0000e+00
      16913    704.651    113.000     3.3085   3.151995     3.3086   3.153253      93.51     0.0225     2.8828     2.5899  1.9515440  1.0188609   47.89932  -46.06152    34.4344    34.4495     3.3014     3.3015    27.4056    27.4176    6.26720    6.42403         16 0.0000e+00
      16928    705.300    114.000     3.2981   3.151317     3.2983   3.152593      97.11     0.0217     2.8833     2.5899  1.9522268  1.0220182   47.89932  -46.06152    34.4367    34.4519     3.2909     3.2911    27.4084    27.4205    6.27010    6.43443         15 0.0000e+00
      16944    705.947    115.000     3.2938   3.151317     3.2937   3.152569      97.07     0.0226     2.8832     2.5900  1.9523059  1.0219780   47.89932  -46.06152    34.4407    34.4561     3.2866     3.2864    27.4120    27.4243    6.27578    6.43639         16 0.0000e+00
