data/CTD/2013/CNV/D021A014.CNV
* Sea-Bird SBE 9 Data File:
* FileName = C:\CTD_ACQUISITION\2013021HUD\ctddata\021A014.hdr
* Software Version Seasave V 7.22.2
* Temperature SN = 5081
* Conductivity SN = 3561
* Number of Bytes Per Scan = 37
* Number of Voltage Words = 4
* Number of Scans Averaged by the Deck Unit = 1
* NMEA Latitude = 46 59.97 N
* NMEA Longitude = 047 04.95 W
* NMEA UTC (Time) = Jul 01 2013 22:38:05
* NMEA baud rate = 9600
** Ship: Hudson
** Cruise: HUD2013021
** Chief_Scientist: Greenan
** Organization: BIO
** Area_of_Operation: Sackville Spur
** Station: 14
** Sounding:  1105
** Event_Comments: FC16.5  393115
# nquan = 25
# nvalues = 1090                        
# units = specified
# name 0 = scan: Scan Count
# name 1 = timeS: Time, Elapsed [seconds]
# name 2 = prDM: Pressure, Digiquartz [db]
# name 3 = t068C: Temperature [ITS-68, deg C]
# name 4 = c0S/m: Conductivity [S/m]
# name 5 = t168C: Temperature, 2 [ITS-68, deg C]
# name 6 = c1S/m: Conductivity, 2 [S/m]
# name 7 = altM: Altimeter [m]
# name 8 = flCUVA: Fluorescence, Chelsea UV Aquatracka [ug/l]
# name 9 = sbeox0V: Oxygen raw, SBE 43 [V]
# name 10 = sbeox1V: Oxygen raw, SBE 43, 2 [V]
# name 11 = upoly0: Upoly 0, Optode 4330F - O2 D-Phase
# name 12 = upoly1: Upoly 1, Optode 4330F - O2 Temp
# name 13 = latitude: Latitude [deg]
# name 14 = longitude: Longitude [deg]
# name 15 = sal00: Salinity, Practical [PSU]
# name 16 = sal11: Salinity, Practical, 2 [PSU]
# name 17 = potemp068C: Potential Temperature [ITS-68, deg C]
# name 18 = potemp168C: Potential Temperature, 2 [ITS-68, deg C]
# name 19 = sigma-é00: Density [sigma-theta, Kg/m^3]
# name 20 = sigma-é11: Density, 2 [sigma-theta, Kg/m^3]
# name 21 = sbeox0ML/L: Oxygen, SBE 43 [ml/l], WS = 2
# name 22 = sbeox1ML/L: Oxygen, SBE 43, 2 [ml/l], WS = 2
# name 23 = nbin: number of scans per bin
# name 24 = flag: flag
# span 0 =       9652,      39005       
# span 1 =    402.116,   1625.163       
# span 2 =      1.000,   1090.000       
# span 3 =    -0.0285,     6.7191       
# span 4 =   2.774192,   3.286011       
# span 5 =    -0.0287,     6.7193       
# span 6 =   2.775429,   3.287277       
# span 7 =       1.90,      99.91       
# span 8 =     0.0057,     0.2066       
# span 9 =     2.5374,     3.3730       
# span 10 =     2.2844,     3.0116      
# span 11 =  1.7143066,  2.0292985      
# span 12 =  0.6337256,  1.4676158      
# span 13 =   46.99906,   46.99954      
# span 14 =  -47.08382,  -47.08291      
# span 15 =    32.4931,    34.9082      
# span 16 =    32.5078,    34.9239      
# span 17 =    -0.0306,     6.7184      
# span 18 =    -0.0309,     6.7185      
# span 19 =    25.4817,    27.7447      
# span 20 =    25.4933,    27.7573      
# span 21 =    5.91049,    7.88780      
# span 22 =    6.13137,    8.01617      
# span 23 =          4,        103      
# span 24 = 0.0000e+00, 0.0000e+00      
# interval = decibars: 1                
# start_time = Jul 01 2013 22:38:05 [NMEA time, header]
# bad_flag = -9.990e-29
*END*
[from data line 58]
      12473    519.677     59.000     0.1185   2.781590     0.1172   2.782973      96.25     0.1069     3.1428     2.8238  1.8799320  0.6574269   46.99926  -47.08292    33.2168    33.2365     0.1165     0.1152    26.6611    26.6769    7.59545    7.76152         64 0.0000e+00
      12524    521.771     60.000     0.1349   2.784902     0.1349   2.786182      96.21     0.1103     3.1333     2.8160  1.8835307  0.6635124   46.99926  -47.08292    33.2421    33.2589     0.1328     0.1328    26.6806    26.6942    7.56104    7.73249         31 0.0000e+00
      12555    523.071     61.000     0.1152   2.783898     0.1152   2.785148      96.26     0.1375     3.1274     2.8108  1.8853582  0.6566756   46.99926  -47.08292    33.2496    33.2661     0.1131     0.1131    26.6876    26.7010    7.53988    7.71177         34 0.0000e+00
      12602    525.040     62.000     0.0750   2.780787     0.0738   2.781942      94.74     0.1241     3.1169     2.8016  1.8900430  0.6537810   46.99926  -47.08292    33.2517    33.2683     0.0729     0.0717    26.6914    26.7047    7.52159    7.69077         63 0.0000e+00
      12666    527.702     63.000     0.0551   2.780023     0.0540   2.781216      70.72     0.1379     3.1049     2.7923  1.8955961  0.6493980   46.99926  -47.08292    33.2626    33.2796     0.0530     0.0519    26.7011    26.7149    7.50692    7.69187         55 0.0000e+00
      12710    529.538     64.000     0.0011   2.776358     0.0008   2.777588      91.23     0.1788     3.0996     2.7892  1.8979084  0.6483081   46.99927  -47.08292    33.2723    33.2890    -0.0010    -0.0014    26.7116    26.7251    7.53705    7.72203         38 0.0000e+00
      12754    531.381     65.000    -0.0285   2.774192    -0.0287   2.775429      95.97     0.1645     3.0984     2.7888  1.9014349  0.6415569   46.99927  -47.08292    33.2753    33.2920    -0.0306    -0.0309    26.7155    26.7289    7.55024    7.73628         56 0.0000e+00
      12814    533.860     66.000    -0.0158   2.776113    -0.0166   2.777247      96.23     0.2066     3.0976     2.7901  1.9054637  0.6358370   46.99926  -47.08292    33.2863    33.3022    -0.0179    -0.0188    26.7237    26.7366    7.56120    7.77383         48 0.0000e+00
      12847    535.232     67.000     0.0254   2.780447     0.0240   2.781500      96.20     0.1823     3.0977     2.7927  1.9094784  0.6339139   46.99926  -47.08292    33.2988    33.3142     0.0232     0.0218    26.7318    26.7443    7.52794    7.72662         28 0.0000e+00
      12886    536.863     68.000     0.0996   2.787739     0.0951   2.788476      84.80     0.1630     3.0946     2.7893  1.9100131  0.6337256   46.99926  -47.08292    33.3130    33.3277     0.0973     0.0928    26.7396    26.7517    7.49648    7.68641         61 0.0000e+00
      12955    539.751     69.000     0.2251   2.799381     0.1920   2.797518      97.74     0.1536     3.0895     2.7844  1.9125923  0.6393148   46.99927  -47.08292    33.3292    33.3407     0.2227     0.1895    26.7462    26.7572    7.45451    7.65200         54 0.0000e+00
      12994    541.388     70.000     0.2612   2.803625     0.2631   2.804947      96.22     0.1702     3.0878     2.7814  1.9125234  0.6432115   46.99928  -47.08292    33.3452    33.3604     0.2587     0.2606    26.7573    26.7694    7.46031    7.63009         39 0.0000e+00
      13042    543.363     71.000     0.2386   2.802649     0.2382   2.803805      96.20     0.1183     3.0861     2.7796  1.9125454  0.6538427   46.99926  -47.08292    33.3562    33.3718     0.2361     0.2357    26.7674    26.7800    7.43717    7.62951         56 0.0000e+00
      13092    545.453     72.000     0.2893   2.807687     0.2876   2.808705      55.95     0.1050     3.0800     2.7742  1.9167893  0.6570127   46.99926  -47.08292    33.3670    33.3819     0.2865     0.2850    26.7734    26.7855    7.37579    7.55086         39 0.0000e+00
      13131    547.087     73.000     0.2938   2.809065     0.2917   2.810056      92.11     0.0932     3.0710     2.7648  1.9171034  0.6572820   46.99928  -47.08292    33.3793    33.3946     0.2911     0.2891    26.7831    26.7955    7.33111    7.50489         50 0.0000e+00
      13201    550.014     74.000     0.3773   2.817788     0.3622   2.817491      93.70     0.0567     3.0543     2.7499  1.9194924  0.6588402   46.99928  -47.08292    33.4022    33.4148     0.3746     0.3595    26.7971    26.8081    7.25187    7.45675         64 0.0000e+00
      13240    551.618     75.000     0.3075   2.812781     0.3096   2.814162      96.20     0.0523     3.0451     2.7433  1.9197081  0.6633950   46.99928  -47.08292    33.4119    33.4278     0.3048     0.3068    26.8086    26.8213    7.26453    7.45309         33 0.0000e+00
      13275    553.100     76.000     0.2077   2.804440     0.2089   2.805802      96.24     0.0409     3.0392     2.7379  1.9214202  0.6648578   46.99928  -47.08292    33.4104    33.4270     0.2051     0.2062    26.8127    26.8260    7.27486    7.46951         39 0.0000e+00
      13319    554.897     77.000     0.2172   2.806257     0.2157   2.807312      92.52     0.0350     3.0332     2.7328  1.9250689  0.6610924   46.99928  -47.08291    33.4233    33.4390     0.2145     0.2130    26.8226    26.8352    7.26961    7.46188         49 0.0000e+00
      13384    557.616     78.000     0.2340   2.808627     0.2337   2.809816      86.76     0.0242     3.0264     2.7277  1.9306639  0.6554995   46.99928  -47.08292    33.4356    33.4515     0.2313     0.2310    26.8316    26.8445    7.25430    7.45572         74 0.0000e+00
      13438    559.870     79.000     0.2425   2.810147     0.2421   2.811313      96.57     0.0213     3.0219     2.7249  1.9341904  0.6569403   46.99927  -47.08292    33.4457    33.4615     0.2397     0.2393    26.8393    26.8521    7.25133    7.45760         35 0.0000e+00
      13469    561.147     80.000     0.2564   2.811887     0.2556   2.813011      96.27     0.0281     3.0202     2.7245  1.9360851  0.6568987   46.99926  -47.08292    33.4528    33.4684     0.2536     0.2528    26.8443    26.8570    7.25638    7.47104         31 0.0000e+00
      13509    562.830     81.000     0.3140   2.817973     0.3160   2.819327      76.83     0.0218     3.0223     2.7267  1.9380360  0.6571988   46.99926  -47.08292    33.4693    33.4849     0.3110     0.3130    26.8546    26.8671    7.28434    7.48226         56 0.0000e+00
      13586    566.062     82.000     0.3806   2.824372     0.3842   2.825893      89.70     0.0194     3.0232     2.7263  1.9414406  0.6624367   46.99926  -47.08292    33.4801    33.4961     0.3775     0.3811    26.8597    26.8724    7.20809    7.40543         83 0.0000e+00
      13643    568.430     83.000     0.4366   2.829902     0.4354   2.830937      96.76     0.0173     3.0127     2.7187  1.9424908  0.6671501   46.99928  -47.08292    33.4909    33.5057     0.4335     0.4323    26.8654    26.8774    7.13574    7.37036         34 0.0000e+00
      13668    569.478     84.000     0.4985   2.836526     0.4964   2.837425      96.43     0.0203     3.0084     2.7166  1.9439986  0.6682191   46.99928  -47.08292    33.5094    33.5234     0.4953     0.4932    26.8769    26.8882    7.13446    7.37483         22 0.0000e+00
      13689    570.349     85.000     0.5653   2.844139     0.5644   2.845168      96.51     0.0209     3.0060     2.7167  1.9438956  0.6684359   46.99928  -47.08292    33.5355    33.5498     0.5620     0.5611    26.8941    26.9057    7.15511    7.38022         20 0.0000e+00
      13714    571.395     86.000     0.5677   2.845649     0.5673   2.846749      96.26     0.0228     3.0090     2.7173  1.9418744  0.6756084   46.99928  -47.08292    33.5519    33.5667     0.5644     0.5640    26.9072    26.9191    7.19656    7.37734         35 0.0000e+00
      13840    576.613     87.000     0.5236   2.840240     0.5537   2.845013      96.33     0.0261     3.0072     2.7108  1.9459170  0.6846209   46.99926  -47.08292    33.5288    33.5583     0.5203     0.5503    26.8911    26.9131    7.15362    7.33589         32 0.0000e+00
      13873    577.994     88.000     0.5973   2.849220     0.5977   2.850495      96.35     0.0275     3.0045     2.7085  1.9463260  0.6849773   46.99928  -47.08292    33.5651    33.5812     0.5939     0.5943    26.9161    26.9290    7.13005    7.31730         23 0.0000e+00
      13896    578.975     89.000     0.6420   2.853843     0.6408   2.854892      96.33     0.0227     3.0040     2.7073  1.9471343  0.6868384   46.99926  -47.08292    33.5760    33.5909     0.6385     0.6373    26.9223    26.9344    7.12743    7.31156         25 0.0000e+00
      13926    580.225     90.000     0.6669   2.856383     0.6663   2.857482      96.46     0.0179     3.0031     2.7060  1.9470725  0.6891170   46.99926  -47.08292    33.5814    33.5963     0.6634     0.6627    26.9252    26.9372    7.11861    7.30872         37 0.0000e+00
      13990    582.860     91.000     0.6820   2.857955     0.6817   2.859117      78.56     0.0205     3.0010     2.7042  1.9476963  0.6980537   46.99926  -47.08292    33.5849    33.6003     0.6784     0.6780    26.9271    26.9395    7.10132    7.29457         88 0.0000e+00
      14081    586.658     92.000     0.7050   2.860744     0.7064   2.862091      98.65     0.0165     2.9928     2.6972  1.9503042  0.7019867   46.99926  -47.08292    33.5955    33.6114     0.7013     0.7027    26.9343    26.9470    7.05121    7.24825         73 0.0000e+00
      14122    588.392     93.000     0.7620   2.866826     0.7611   2.867891      55.47     0.0181     2.9887     2.6934  1.9513991  0.7037535   46.99926  -47.08292    33.6118    33.6266     0.7582     0.7573    26.9441    26.9560    7.04196    7.23101         26 0.0000e+00
      14144    589.305     94.000     0.7996   2.870832     0.7994   2.871969      70.25     0.0197     2.9869     2.6924  1.9487388  0.7064381   46.99926  -47.08292    33.6223    33.6372     0.7958     0.7955    26.9503    26.9623    7.03229    7.23644         22 0.0000e+00
      14170    590.358     95.000     0.8058   2.871575     0.8061   2.872784      94.91     0.0236     2.9852     2.6911  1.9488298  0.7083125   46.99926  -47.08292    33.6246    33.6399     0.8019     0.8022    26.9517    26.9640    7.01935    7.21409         31 0.0000e+00
      14230    592.876     96.000     0.8052   2.871633     0.8047   2.872810      92.26     0.0208     2.9788     2.6850  1.9514034  0.7155614   46.99926  -47.08292    33.6255    33.6411     0.8012     0.8008    26.9525    26.9651    6.99319    7.18564         88 0.0000e+00
      14300    595.772     97.000     0.7999   2.871323     0.8006   2.872631      96.17     0.0192     2.9701     2.6770  1.9537742  0.7167528   46.99926  -47.08292    33.6266    33.6428     0.7959     0.7966    26.9537    26.9667    6.95603    7.16045         50 0.0000e+00
      14354    598.060     98.000     0.7395   2.866243     0.7341   2.867063      96.07     0.0185     2.9632     2.6710  1.9560624  0.7178750   46.99926  -47.08292    33.6258    33.6422     0.7355     0.7302    26.9567    26.9702    6.97025    7.16020         59 0.0000e+00
      14403    600.079     99.000     0.7150   2.864190     0.7165   2.865562      96.21     0.0173     2.9604     2.6676  1.9560440  0.7189986   46.99926  -47.08292    33.6252    33.6413     0.7110     0.7126    26.9576    26.9705    6.97458    7.16726         36 0.0000e+00
      14437    601.497    100.000     0.7191   2.864617     0.7200   2.865952      96.37     0.0191     2.9574     2.6650  1.9584143  0.7144231   46.99926  -47.08292    33.6257    33.6420     0.7151     0.7160    26.9578    26.9709    6.95345    7.14900         37 0.0000e+00
      14484    603.465    101.000     0.7258   2.865308     0.7258   2.866551      96.27     0.0204     2.9527     2.6620  1.9605738  0.7132992   46.99926  -47.08294    33.6268    33.6428     0.7217     0.7218    26.9583    26.9712    6.94407    7.15204         54 0.0000e+00
      14530    605.369    102.000     0.7530   2.868064     0.7526   2.869228      70.26     0.0229     2.9497     2.6600  1.9630355  0.7141752   46.99926  -47.08294    33.6324    33.6479     0.7489     0.7484    26.9612    26.9737    6.93397    7.14007         36 0.0000e+00
      14564    606.796    103.000     0.7699   2.870153     0.7681   2.871189      93.31     0.0239     2.9476     2.6586  1.9633598  0.7156017   46.99926  -47.08294    33.6405    33.6558     0.7657     0.7639    26.9667    26.9792    6.94577    7.15242         37 0.0000e+00
      14627    609.419    104.000     0.7870   2.872074     0.7860   2.873197      95.94     0.0229     2.9513     2.6624  1.9638715  0.7181848   46.99926  -47.08294    33.6462    33.6618     0.7827     0.7817    26.9703    26.9829    6.97819    7.17610         86 0.0000e+00
      14694    612.224    105.000     0.8035   2.874332     0.8029   2.875461      95.92     0.0214     2.9519     2.6621  1.9664092  0.7204369   46.99926  -47.08294    33.6569    33.6721     0.7992     0.7986    26.9779    26.9902    6.93553    7.14024         47 0.0000e+00
      14735    613.935    106.000     0.8441   2.879261     0.8416   2.880169      96.16     0.0183     2.9514     2.6623  1.9683204  0.7203907   46.99926  -47.08294    33.6760    33.6904     0.8397     0.8372    26.9908    27.0026    6.96190    7.17760         35 0.0000e+00
      14766    615.201    107.000     0.8989   2.885183     0.8973   2.886191      94.06     0.0196     2.9531     2.6657  1.9690497  0.7225686   46.99926  -47.08294    33.6924    33.7071     0.8944     0.8928    27.0006    27.0125    6.95870    7.17592         29 0.0000e+00
      14817    617.337    108.000     0.9425   2.889990     0.9415   2.891073      94.64     0.0179     2.9511     2.6639  1.9686953  0.7282123   46.99925  -47.08294    33.7065    33.7215     0.9379     0.9371    27.0093    27.0213    6.90200    7.11279         67 0.0000e+00
      14895    620.603    109.000     1.0231   2.898389     1.0003   2.897420      93.99     0.0178     2.9430     2.6569  1.9683354  0.7359118   46.99924  -47.08294    33.7267    33.7358     1.0184     0.9958    27.0204    27.0290    6.84320    7.05514         34 0.0000e+00
      14917    621.495    110.000     1.0993   2.906565     1.0980   2.907571      96.45     0.0176     2.9396     2.6538  1.9683648  0.7362434   46.99924  -47.08294    33.7486    33.7628     1.0945     1.0932    27.0331    27.0446    6.81450    7.02296         22 0.0000e+00
      14942    622.531    111.000     1.1454   2.911548     1.1452   2.912679      95.17     0.0189     2.9367     2.6506  1.9673787  0.7389058   46.99924  -47.08295    33.7619    33.7767     1.1405     1.1403    27.0408    27.0527    6.80544    7.00338         29 0.0000e+00
      14979    624.094    112.000     1.1823   2.915444     1.1804   2.916422      70.51     0.0191     2.9325     2.6457  1.9657803  0.7451690   46.99924  -47.08296    33.7713    33.7859     1.1773     1.1755    27.0460    27.0578    6.78708    6.98406         42 0.0000e+00
      15014    625.546    113.000     1.2473   2.922278     1.2463   2.923324      96.85     0.0196     2.9282     2.6418  1.9659894  0.7559859   46.99924  -47.08296    33.7880    33.8023     1.2422     1.2412    27.0550    27.0666    6.75556    6.96282         28 0.0000e+00
      15041    626.649    114.000     1.2639   2.924357     1.2634   2.925483      96.39     0.0186     2.9249     2.6386  1.9659057  0.7583435   46.99924  -47.08296    33.7960    33.8108     1.2587     1.2583    27.0604    27.0723    6.74111    6.95382         26 0.0000e+00
      15069    627.824    115.000     1.2772   2.925916     1.2769   2.927074      93.45     0.0188     2.9212     2.6359  1.9658159  0.7617554   46.99924  -47.08296    33.8009    33.8160     1.2720     1.2717    27.0634    27.0756    6.73129    6.94088         33 0.0000e+00
