data/CTD/2013/CNV/D021A058.CNV
* Sea-Bird SBE 9 Data File:
* FileName = C:\CTD_ACQUISITION\2013021HUD\ctddata\021A058.hdr
* Software Version Seasave V 7.22.2
* Temperature SN = 5081
* Conductivity SN = 3561
* Number of Bytes Per Scan = 37
* Number of Voltage Words = 4
* Number of Scans Averaged by the Deck Unit = 1
* NMEA Latitude = 48 28.99 N
* NMEA Longitude = 045 20.33 W
* NMEA UTC (Time) = Jul 05 2013 11:38:36
* NMEA baud rate = 9600
** Ship: Hudson
** Cruise: HUD2013021
** Chief_Scientist: Greenan
** Organization: BIO
** Area_of_Operation: Sackville Spur
** Station: 58
** Sounding:  775
** Event_Comments: SS19  393225
# nquan = 25
# nvalues = 773                         
# units = specified
# name 0 = scan: Scan Count
# name 1 = timeS: Time, Elapsed [seconds]
# name 2 = prDM: Pressure, Digiquartz [db]
# name 3 = t068C: Temperature [ITS-68, deg C]
# name 4 = c0S/m: Conductivity [S/m]
# name 5 = t168C: Temperature, 2 [ITS-68, deg C]
# name 6 = c1S/m: Conductivity, 2 [S/m]
# name 7 = altM: Altimeter [m]
# name 8 = flCUVA: Fluorescence, Chelsea UV Aquatracka [ug/l]
# name 9 = sbeox0V: Oxygen raw, SBE 43 [V]
# name 10 = sbeox1V: Oxygen raw, SBE 43, 2 [V]
# name 11 = upoly0: Upoly 0, Optode 4330F - O2 D-Phase
# name 12 = upoly1: Upoly 1, Optode 4330F - O2 Temp
# name 13 = latitude: Latitude [deg]
# name 14 = longitude: Longitude [deg]
# name 15 = sal00: Salinity, Practical [PSU]
# name 16 = sal11: Salinity, Practical, 2 [PSU]
# name 17 = potemp068C: Potential Temperature [ITS-68, deg C]
# name 18 = potemp168C: Potential Temperature, 2 [ITS-68, deg C]
# name 19 = sigma-é00: Density [sigma-theta, Kg/m^3]
# name 20 = sigma-é11: Density, 2 [sigma-theta, Kg/m^3]
# name 21 = sbeox0ML/L: Oxygen, SBE 43 [ml/l], WS = 2
# name 22 = sbeox1ML/L: Oxygen, SBE 43, 2 [ml/l], WS = 2
# name 23 = nbin: number of scans per bin
# name 24 = flag: flag
# span 0 =       8000,      27679       
# span 1 =    333.295,   1153.236       
# span 2 =      3.000,    775.000       
# span 3 =     2.8327,     6.2004       
# span 4 =   3.081462,   3.305142       
# span 5 =     2.8303,     6.2027       
# span 6 =   3.083089,   3.306484       
# span 7 =       5.60,     102.07       
# span 8 =     0.0030,     0.5772       
# span 9 =     2.6333,     3.4195       
# span 10 =     2.3442,     3.0439      
# span 11 =  1.7021000,  2.0071169      
# span 12 =  1.0113984,  1.4019062      
# span 13 =   48.48170,   48.48293      
# span 14 =  -45.33910,  -45.33806      
# span 15 =    33.1677,    34.9139      
# span 16 =    33.1838,    34.9306      
# span 17 =     2.8298,     6.2001      
# span 18 =     2.8274,     6.2024      
# span 19 =    26.0810,    27.7386      
# span 20 =    26.0925,    27.7522      
# span 21 =    5.72091,    7.17850      
# span 22 =    5.88376,    7.25406      
# span 23 =         13,         86      
# span 24 = 0.0000e+00, 0.0000e+00      
# interval = decibars: 1                
# start_time = Jul 05 2013 11:38:36 [NMEA time, header]
# bad_flag = -9.990e-29
*END*
[from data line 754]
      27199   1133.249    757.000     3.8750   3.269862     3.8746   3.271288      23.26     0.0135     2.6441     2.3558  1.9928328  1.1122260   48.48174  -45.33810    34.9003    34.9177     3.8194     3.8189    27.7257    27.7396    5.94731    6.06780         23 0.0000e+00
      27220   1134.125    758.000     3.8698   3.269449     3.8696   3.270920      22.57     0.0148     2.6430     2.3536  1.9938951  1.1122036   48.48174  -45.33812    34.9005    34.9181     3.8141     3.8139    27.7264    27.7404    5.95288    6.06324         19 0.0000e+00
      27239   1134.921    759.000     3.8381   3.266754     3.8410   3.268800      21.83     0.0149     2.6422     2.3524  1.9938949  1.1122682   48.48174  -45.33812    34.9016    34.9228     3.7825     3.7854    27.7305    27.7471    5.95819    6.07959         19 0.0000e+00
      27259   1135.744    760.000     3.8075   3.264196     3.8081   3.265933      21.06     0.0130     2.6413     2.3520  1.9940103  1.1108890   48.48174  -45.33812    34.9030    34.9230     3.7520     3.7526    27.7348    27.7506    5.95620    6.08976         21 0.0000e+00
      27281   1136.671    761.000     3.8012   3.263704     3.8009   3.265247      19.95     0.0152     2.6395     2.3512  1.9939970  1.1106073   48.48174  -45.33812    34.9035    34.9220     3.7456     3.7454    27.7358    27.7506    5.95181    6.08046         24 0.0000e+00
      27306   1137.714    762.000     3.8023   3.263871     3.8017   3.265296      18.53     0.0155     2.6386     2.3500  1.9973683  1.1072153   48.48174  -45.33812    34.9037    34.9213     3.7467     3.7460    27.7358    27.7499    5.96240    6.08323         26 0.0000e+00
      27332   1138.783    763.000     3.7986   3.263594     3.7985   3.265084      17.31     0.0196     2.6383     2.3494  1.9987680  1.1060408   48.48174  -45.33812    34.9038    34.9217     3.7430     3.7427    27.7363    27.7506    5.97102    6.08542         25 0.0000e+00
      27359   1139.935    764.000     3.7966   3.263466     3.7961   3.264910      16.75     0.0189     2.6384     2.3484  2.0007868  1.1041383   48.48174  -45.33812    34.9039    34.9216     3.7408     3.7403    27.7366    27.7507    5.96398    6.07761         31 0.0000e+00
      27396   1141.451    765.000     3.7961   3.263469     3.7948   3.264826      15.43     0.0171     2.6377     2.3474  2.0015030  1.1037397   48.48174  -45.33812    34.9039    34.9214     3.7403     3.7390    27.7366    27.7507    5.96918    6.08450         38 0.0000e+00
      27427   1142.749    766.000     3.7922   3.263199     3.7924   3.264680      14.82     0.0191     2.6372     2.3472  2.0019684  1.1035848   48.48172  -45.33812    34.9043    34.9217     3.7363     3.7365    27.7374    27.7512    5.96067    6.08976         25 0.0000e+00
      27448   1143.640    767.000     3.7905   3.263096     3.7903   3.264559      13.66     0.0216     2.6364     2.3474  2.0021234  1.1028740   48.48172  -45.33812    34.9044    34.9219     3.7345     3.7344    27.7377    27.7516    5.95497    6.09601         19 0.0000e+00
      27467   1144.435    768.000     3.7876   3.262906     3.7881   3.264413      12.87     0.0204     2.6356     2.3477  2.0017717  1.1025652   48.48172  -45.33812    34.9047    34.9220     3.7316     3.7321    27.7382    27.7519    5.95831    6.09762         20 0.0000e+00
      27487   1145.262    769.000     3.7876   3.262970     3.7878   3.264410      12.23     0.0176     2.6355     2.3477  2.0023067  1.1022834   48.48172  -45.33814    34.9048    34.9218     3.7316     3.7317    27.7382    27.7518    5.95846    6.08559         21 0.0000e+00
      27510   1146.223    770.000     3.7897   3.263177     3.7887   3.264526      11.16     0.0151     2.6341     2.3462  2.0035784  1.1013690   48.48172  -45.33814    34.9047    34.9217     3.7335     3.7325    27.7379    27.7516    5.95821    6.06442         25 0.0000e+00
      27538   1147.361    771.000     3.7883   3.263097     3.7878   3.264507       9.75     0.0165     2.6344     2.3447  2.0031369  1.1012115   48.48172  -45.33814    34.9047    34.9220     3.7320     3.7315    27.7381    27.7520    5.96945    6.07859         28 0.0000e+00
      27564   1148.455    772.000     3.7856   3.262916     3.7852   3.264329       8.70     0.0157     2.6346     2.3447  2.0026379  1.1008800   48.48172  -45.33814    34.9048    34.9220     3.7293     3.7289    27.7385    27.7522    5.96637    6.08717         24 0.0000e+00
      27592   1149.631    773.000     3.7854   3.262942     3.7848   3.264323       7.36     0.0137     2.6342     2.3442  2.0044694  1.1005404   48.48172  -45.33814    34.9048    34.9219     3.7290     3.7284    27.7385    27.7522    5.96161    6.08080         37 0.0000e+00
      27637   1151.497    774.000     3.7844   3.262896     3.7850   3.264383       6.14     0.0110     2.6333     2.3451  2.0061026  1.1002457   48.48170  -45.33814    34.9048    34.9219     3.7279     3.7285    27.7386    27.7522    5.96260    6.11193         46 0.0000e+00
      27679   1153.236    775.000     3.7853   3.263015     3.7849   3.264406       5.60     0.0135     2.6337     2.3481  2.0061147  1.1000979   48.48170  -45.33814    34.9048    34.9218     3.7287     3.7283    27.7385    27.7521    5.97414    6.11626         27 0.0000e+00
