data/CTD/2013/CNV/D021A039.CNV
* Sea-Bird SBE 9 Data File:
* FileName = C:\CTD_ACQUISITION\2013021HUD\ctddata\021A039.hdr
* Software Version Seasave V 7.22.2
* Temperature SN = 5081
* Conductivity SN = 3561
* Number of Bytes Per Scan = 37
* Number of Voltage Words = 4
* Number of Scans Averaged by the Deck Unit = 1
* NMEA Latitude = 48 26.55 N
* NMEA Longitude = 046 40.64 W
* NMEA UTC (Time) = Jul 03 2013 21:39:13
* NMEA baud rate = 9600
** Ship: Hudson
** Cruise: HUD2013021
** Chief_Scientist: Greenan
** Organization: BIO
** Area_of_Operation: Sackville Spur
** Station: 39
** Sounding:  2179
** Event_Comments: SS08  393178
# nquan = 25
# nvalues = 2159                        
# units = specified
# name 0 = scan: Scan Count
# name 1 = timeS: Time, Elapsed [seconds]
# name 2 = prDM: Pressure, Digiquartz [db]
# name 3 = t068C: Temperature [ITS-68, deg C]
# name 4 = c0S/m: Conductivity [S/m]
# name 5 = t168C: Temperature, 2 [ITS-68, deg C]
# name 6 = c1S/m: Conductivity, 2 [S/m]
# name 7 = altM: Altimeter [m]
# name 8 = flCUVA: Fluorescence, Chelsea UV Aquatracka [ug/l]
# name 9 = sbeox0V: Oxygen raw, SBE 43 [V]
# name 10 = sbeox1V: Oxygen raw, SBE 43, 2 [V]
# name 11 = upoly0: Upoly 0, Optode 4330F - O2 D-Phase
# name 12 = upoly1: Upoly 1, Optode 4330F - O2 Temp
# name 13 = latitude: Latitude [deg]
# name 14 = longitude: Longitude [deg]
# name 15 = sal00: Salinity, Practical [PSU]
# name 16 = sal11: Salinity, Practical, 2 [PSU]
# name 17 = potemp068C: Potential Temperature [ITS-68, deg C]
# name 18 = potemp168C: Potential Temperature, 2 [ITS-68, deg C]
# name 19 = sigma-é00: Density [sigma-theta, Kg/m^3]
# name 20 = sigma-é11: Density, 2 [sigma-theta, Kg/m^3]
# name 21 = sbeox0ML/L: Oxygen, SBE 43 [ml/l], WS = 2
# name 22 = sbeox1ML/L: Oxygen, SBE 43, 2 [ml/l], WS = 2
# name 23 = nbin: number of scans per bin
# name 24 = flag: flag
# span 0 =      13332,      63462       
# span 1 =    555.473,   2644.203       
# span 2 =      2.000,   2160.000       
# span 3 =     0.7730,     6.5291       
# span 4 =   2.872122,   3.288573       
# span 5 =     0.7758,     6.5284       
# span 6 =   2.873564,   3.289871       
# span 7 =       4.71,     103.76       
# span 8 =     0.0061,     0.6889       
# span 9 =     2.2534,     3.5601       
# span 10 =     2.0263,     3.1560      
# span 11 =  1.7118488,  2.0964874      
# span 12 =  0.7421770,  1.4444736      
# span 13 =   48.44260,   48.44472      
# span 14 =  -46.67596,  -46.66745      
# span 15 =    32.7759,    34.9222      
# span 16 =    32.7917,    34.9388      
# span 17 =     0.7709,     6.5289      
# span 18 =     0.7736,     6.5283      
# span 19 =    25.7613,    27.8496      
# span 20 =    25.7731,    27.8633      
# span 21 =    5.86064,    8.32230      
# span 22 =    6.08756,    8.38452      
# span 23 =         11,        105      
# span 24 = 0.0000e+00, 0.0000e+00      
# interval = decibars: 1                
# start_time = Jul 03 2013 21:39:13 [NMEA time, header]
# bad_flag = -9.990e-29
*END*
[from data line 406]
      26139   1089.095    408.000     3.9906   3.261880     3.9912   3.263284      96.76     0.0172     2.8177     2.5319  1.9484396  1.1210908   48.44378  -46.67282    34.8671    34.8832     3.9613     3.9619    27.6847    27.6974    6.16429    6.35029         16 0.0000e+00
      26157   1089.835    409.000     3.9912   3.261976     3.9920   3.263410      96.75     0.0174     2.8166     2.5314  1.9487120  1.1210635   48.44378  -46.67282    34.8670    34.8832     3.9619     3.9627    27.6845    27.6973    6.17128    6.35182         20 0.0000e+00
      26182   1090.887    410.000     3.9929   3.262204     3.9930   3.263553      69.61     0.0162     2.8161     2.5302  1.9481723  1.1217242   48.44378  -46.67282    34.8674    34.8834     3.9635     3.9635    27.6846    27.6974    6.16753    6.34359         32 0.0000e+00
      26215   1092.231    411.000     3.9946   3.262431     3.9946   3.263764      91.26     0.0135     2.8145     2.5281  1.9476999  1.1221120   48.44378  -46.67282    34.8678    34.8837     3.9651     3.9651    27.6848    27.6974    6.16419    6.33539         28 0.0000e+00
      26239   1093.252    412.000     3.9957   3.262584     3.9958   3.263952      96.30     0.0183     2.8137     2.5269  1.9487396  1.1231774   48.44378  -46.67280    34.8680    34.8841     3.9661     3.9662    27.6848    27.6976    6.16204    6.33996         22 0.0000e+00
      26258   1094.046    413.000     3.9961   3.262684     3.9959   3.264008      96.34     0.0189     2.8127     2.5264  1.9487180  1.1231776   48.44378  -46.67280    34.8682    34.8841     3.9664     3.9662    27.6849    27.6976    6.16387    6.34853         17 0.0000e+00
      26275   1094.745    414.000     3.9967   3.262802     3.9963   3.264108      96.72     0.0157     2.8128     2.5265  1.9491862  1.1232464   48.44377  -46.67280    34.8684    34.8843     3.9670     3.9666    27.6850    27.6977    6.16617    6.35528         16 0.0000e+00
      26291   1095.401    415.000     3.9972   3.262883     3.9972   3.264237      96.18     0.0147     2.8121     2.5268  1.9499447  1.1233218   48.44376  -46.67280    34.8683    34.8844     3.9673     3.9673    27.6850    27.6978    6.15647    6.35603         16 0.0000e+00
      26306   1096.054    416.000     3.9970   3.262914     3.9971   3.264271      95.97     0.0157     2.8114     2.5268  1.9499389  1.1233212   48.44378  -46.67280    34.8683    34.8843     3.9672     3.9672    27.6850    27.6977    6.15985    6.35121         16 0.0000e+00
      26323   1096.765    417.000     3.9967   3.262910     3.9968   3.264273      96.51     0.0170     2.8109     2.5264  1.9504769  1.1233212   48.44378  -46.67280    34.8681    34.8842     3.9667     3.9668    27.6849    27.6976    6.17000    6.34982         18 0.0000e+00
      26348   1097.776    418.000     3.9966   3.262931     3.9965   3.264269      66.27     0.0136     2.8110     2.5261  1.9511108  1.1233212   48.44378  -46.67280    34.8679    34.8839     3.9666     3.9671    27.6847    27.6975    6.16819    6.34551         34 0.0000e+00
      26387   1099.418    419.000     3.9977   3.263097     3.9974   3.264408      98.49     0.0088     2.8103     2.5251  1.9516329  1.1233212   48.44378  -46.67278    34.8681    34.8841     3.9676     3.9672    27.6848    27.6975    6.15755    6.35092         36 0.0000e+00
      26413   1100.514    420.000     3.9993   3.263360     3.9988   3.264639      95.60     0.0110     2.8091     2.5253  1.9515240  1.1233212   48.44378  -46.67278    34.8689    34.8848     3.9692     3.9686    27.6853    27.6979    6.14679    6.35330         20 0.0000e+00
      26431   1101.247    421.000     4.0035   3.263913     4.0039   3.265326      96.80     0.0136     2.8071     2.5256  1.9511511  1.1238682   48.44378  -46.67278    34.8707    34.8870     3.9732     3.9736    27.6862    27.6992    6.15203    6.34978         16 0.0000e+00
      26445   1101.853    422.000     4.0051   3.264141     4.0047   3.265460      96.25     0.0174     2.8080     2.5250  1.9511600  1.1235834   48.44378  -46.67278    34.8711    34.8872     3.9747     3.9743    27.6864    27.6993    6.15867    6.34689         14 0.0000e+00
      26459   1102.408    423.000     4.0073   3.264435     4.0071   3.265779      96.77     0.0188     2.8076     2.5248  1.9511600  1.1237878   48.44378  -46.67278    34.8717    34.8879     3.9769     3.9767    27.6867    27.6995    6.15239    6.34409         13 0.0000e+00
      26472   1102.965    424.000     4.0087   3.264616     4.0080   3.265902      96.33     0.0200     2.8061     2.5245  1.9511600  1.1243529   48.44378  -46.67278    34.8719    34.8878     3.9782     3.9775    27.6867    27.6994    6.14861    6.34466         14 0.0000e+00
      26487   1103.570    425.000     4.0085   3.264647     4.0083   3.265971      45.18     0.0179     2.8066     2.5242  1.9511600  1.1245383   48.44378  -46.67278    34.8719    34.8879     3.9780     3.9777    27.6867    27.6994    6.15763    6.33925         15 0.0000e+00
      26506   1104.356    426.000     4.0081   3.264647     4.0081   3.265995      80.05     0.0136     2.8056     2.5233  1.9512566  1.1245421   48.44378  -46.67276    34.8718    34.8877     3.9774     3.9775    27.6867    27.6994    6.14634    6.34200         24 0.0000e+00
      26536   1105.620    427.000     4.0080   3.264669     4.0082   3.266035      96.74     0.0124     2.8046     2.5231  1.9523953  1.1245421   48.44380  -46.67276    34.8716    34.8877     3.9772     3.9774    27.6866    27.6993    6.15207    6.34966         34 0.0000e+00
      26564   1106.810    428.000     4.0089   3.264807     4.0085   3.266122      96.63     0.0124     2.8042     2.5231  1.9529738  1.1245421   48.44380  -46.67276    34.8718    34.8878     3.9781     3.9777    27.6866    27.6994    6.14630    6.34996         23 0.0000e+00
      26585   1107.670    429.000     4.0088   3.264846     4.0083   3.266152      96.60     0.0115     2.8031     2.5231  1.9536042  1.1248001   48.44380  -46.67276    34.8719    34.8879     3.9779     3.9774    27.6867    27.6995    6.14787    6.34997         19 0.0000e+00
      26603   1108.410    430.000     4.0092   3.264935     4.0091   3.266277      96.09     0.0113     2.8031     2.5231  1.9536020  1.1248292   48.44380  -46.67276    34.8719    34.8880     3.9782     3.9781    27.6867    27.6995    6.15807    6.35449         17 0.0000e+00
      26620   1109.122    431.000     4.0087   3.264935     4.0089   3.266308      96.75     0.0138     2.8034     2.5234  1.9536020  1.1254015   48.44380  -46.67276    34.8719    34.8880     3.9777     3.9779    27.6868    27.6995    6.16050    6.35173         17 0.0000e+00
      26638   1109.870    432.000     4.0084   3.264941     4.0083   3.266279      39.27     0.0117     2.8036     2.5227  1.9536020  1.1252501   48.44380  -46.67276    34.8718    34.8878     3.9772     3.9771    27.6867    27.6994    6.16151    6.34193         19 0.0000e+00
      26658   1110.692    433.000     4.0069   3.264841     4.0057   3.266082      91.32     0.0134     2.8038     2.5221  1.9536020  1.1254110   48.44380  -46.67275    34.8717    34.8877     3.9757     3.9745    27.6868    27.6996    6.16444    6.34077         21 0.0000e+00
      26679   1111.596    434.000     4.0057   3.264779     4.0051   3.266083      95.31     0.0165     2.8040     2.5213  1.9536020  1.1255951   48.44380  -46.67274    34.8716    34.8877     3.9745     3.9739    27.6869    27.6997    6.16909    6.34258         22 0.0000e+00
      26702   1112.536    435.000     4.0054   3.264795     4.0058   3.266182      95.46     0.0206     2.8053     2.5209  1.9538275  1.1255403   48.44380  -46.67274    34.8716    34.8876     3.9741     3.9744    27.6869    27.6996    6.17933    6.35050         22 0.0000e+00
      26723   1113.422    436.000     4.0011   3.264423     4.0020   3.265865      96.34     0.0184     2.8058     2.5215  1.9548525  1.1247640   48.44380  -46.67274    34.8712    34.8874     3.9697     3.9706    27.6870    27.6998    6.17774    6.36008         20 0.0000e+00
      26743   1114.229    437.000     3.9967   3.264049     3.9964   3.265377      96.03     0.0207     2.8063     2.5217  1.9548229  1.1247252   48.44380  -46.67274    34.8709    34.8870     3.9652     3.9650    27.6873    27.7000    6.17045    6.35819         20 0.0000e+00
      26762   1115.044    438.000     3.9921   3.263657     3.9923   3.265040      94.99     0.0166     2.8058     2.5218  1.9538683  1.1247252   48.44380  -46.67274    34.8706    34.8868     3.9606     3.9608    27.6875    27.7004    6.17109    6.36017         20 0.0000e+00
      26785   1115.993    439.000     3.9902   3.263518     3.9917   3.265018      50.65     0.0147     2.8059     2.5220  1.9537008  1.1248343   48.44382  -46.67274    34.8705    34.8867     3.9586     3.9601    27.6876    27.7003    6.16787    6.35840         25 0.0000e+00
      26812   1117.106    440.000     3.9856   3.263129     3.9868   3.264585      96.24     0.0131     2.8050     2.5219  1.9545233  1.1246283   48.44382  -46.67274    34.8702    34.8864     3.9539     3.9551    27.6879    27.7006    6.16863    6.35927         27 0.0000e+00
      26836   1118.112    441.000     3.9803   3.262739     3.9803   3.264083      95.75     0.0170     2.8050     2.5218  1.9548320  1.1245395   48.44382  -46.67273    34.8706    34.8866     3.9486     3.9486    27.6887    27.7014    6.16845    6.35890         21 0.0000e+00
      26855   1118.923    442.000     3.9812   3.262938     3.9811   3.264282      96.50     0.0182     2.8044     2.5216  1.9548229  1.1237711   48.44382  -46.67272    34.8715    34.8875     3.9494     3.9493    27.6894    27.7021    6.17041    6.35092         18 0.0000e+00
      26872   1119.638    443.000     3.9810   3.262993     3.9809   3.264335      95.51     0.0140     2.8045     2.5205  1.9548229  1.1233127   48.44382  -46.67272    34.8719    34.8878     3.9491     3.9491    27.6897    27.7024    6.17169    6.34280         17 0.0000e+00
      26889   1120.321    444.000     3.9802   3.263018     3.9802   3.264362      95.63     0.0100     2.8041     2.5197  1.9548229  1.1233212   48.44382  -46.67272    34.8725    34.8885     3.9483     3.9482    27.6902    27.7030    6.17006    6.35152         16 0.0000e+00
      26906   1121.021    445.000     3.9794   3.263007     3.9793   3.264369      96.56     0.0106     2.8040     2.5201  1.9556370  1.1231855   48.44382  -46.67272    34.8726    34.8889     3.9474     3.9473    27.6905    27.7034    6.17716    6.35821         18 0.0000e+00
      26924   1121.812    446.000     3.9787   3.263003     3.9788   3.264372      76.78     0.0136     2.8043     2.5195  1.9559200  1.1233176   48.44382  -46.67272    34.8728    34.8890     3.9466     3.9467    27.6907    27.7036    6.17723    6.35600         21 0.0000e+00
      26949   1122.830    447.000     3.9778   3.262990     3.9777   3.264329      68.98     0.0142     2.8045     2.5196  1.9555479  1.1226454   48.44382  -46.67272    34.8730    34.8890     3.9457     3.9456    27.6910    27.7037    6.18055    6.35867         27 0.0000e+00
      26975   1123.921    448.000     3.9772   3.262988     3.9775   3.264364      96.35     0.0130     2.8043     2.5192  1.9553787  1.1220871   48.44382  -46.67272    34.8732    34.8891     3.9450     3.9453    27.6912    27.7038    6.17661    6.35670         24 0.0000e+00
      26996   1124.787    449.000     3.9761   3.262944     3.9763   3.264312      96.67     0.0140     2.8044     2.5192  1.9548900  1.1221001   48.44383  -46.67272    34.8732    34.8892     3.9438     3.9440    27.6913    27.7041    6.18864    6.35565         19 0.0000e+00
      27014   1125.529    450.000     3.9746   3.262857     3.9746   3.264216      96.52     0.0136     2.8054     2.5188  1.9539058  1.1221001   48.44384  -46.67272    34.8733    34.8894     3.9422     3.9422    27.6916    27.7044    6.18763    6.35245         17 0.0000e+00
      27031   1126.241    451.000     3.9743   3.262880     3.9743   3.264241      96.47     0.0129     2.8049     2.5182  1.9536057  1.1221001   48.44384  -46.67270    34.8733    34.8895     3.9419     3.9419    27.6916    27.7045    6.17425    6.35877         17 0.0000e+00
      27048   1126.970    452.000     3.9742   3.262913     3.9741   3.264265      95.95     0.0105     2.8044     2.5188  1.9537358  1.1221001   48.44384  -46.67270    34.8733    34.8894     3.9417     3.9416    27.6916    27.7044    6.17436    6.36817         18 0.0000e+00
      27067   1127.763    453.000     3.9738   3.262924     3.9739   3.264296      96.37     0.0103     2.8037     2.5188  1.9539055  1.1221001   48.44384  -46.67270    34.8733    34.8895     3.9412     3.9413    27.6917    27.7045    6.17018    6.35965         20 0.0000e+00
      27089   1128.655    454.000     3.9739   3.262977     3.9738   3.264320      96.54     0.0133     2.8032     2.5182  1.9540774  1.1219953   48.44384  -46.67270    34.8733    34.8894     3.9412     3.9411    27.6917    27.7045    6.17141    6.35144         23 0.0000e+00
      27113   1129.648    455.000     3.9742   3.263038     3.9740   3.264384      96.25     0.0133     2.8019     2.5175  1.9548246  1.1221004   48.44384  -46.67270    34.8733    34.8894     3.9414     3.9412    27.6916    27.7045    6.16601    6.35742         24 0.0000e+00
      27136   1130.645    456.000     3.9740   3.263072     3.9738   3.264417      96.37     0.0138     2.8016     2.5174  1.9547688  1.1219919   48.44384  -46.67270    34.8733    34.8895     3.9412     3.9409    27.6917    27.7046    6.17574    6.35628         23 0.0000e+00
      27159   1131.568    457.000     3.9741   3.263148     3.9740   3.264494      96.21     0.0135     2.8014     2.5170  1.9548231  1.1221007   48.44384  -46.67270    34.8735    34.8896     3.9413     3.9411    27.6918    27.7047    6.17504    6.35497         22 0.0000e+00
      27180   1132.455    458.000     3.9741   3.263212     3.9740   3.264556      96.70     0.0159     2.8012     2.5166  1.9546492  1.1220422   48.44384  -46.67270    34.8738    34.8899     3.9412     3.9410    27.6920    27.7049    6.18011    6.35885         21 0.0000e+00
      27201   1133.345    459.000     3.9740   3.263264     3.9739   3.264615      96.57     0.0162     2.8017     2.5168  1.9535875  1.1217473   48.44384  -46.67268    34.8740    34.8901     3.9410     3.9409    27.6922    27.7051    6.17479    6.36214         21 0.0000e+00
      27222   1134.199    460.000     3.9737   3.263302     3.9737   3.264655      96.59     0.0142     2.8006     2.5166  1.9536020  1.1219193   48.44386  -46.67268    34.8742    34.8903     3.9406     3.9405    27.6925    27.7053    6.16823    6.35784         20 0.0000e+00
      27240   1134.979    461.000     3.9718   3.263202     3.9716   3.264541      96.56     0.0140     2.8001     2.5164  1.9553649  1.1218966   48.44386  -46.67268    34.8745    34.8906     3.9386     3.9384    27.6929    27.7057    6.17233    6.35786         18 0.0000e+00
      27258   1135.708    462.000     3.9709   3.263180     3.9708   3.264524      96.74     0.0110     2.8004     2.5160  1.9560432  1.1219565   48.44386  -46.67268    34.8747    34.8908     3.9377     3.9375    27.6931    27.7059    6.18035    6.36355         17 0.0000e+00
      27276   1136.446    463.000     3.9708   3.263211     3.9707   3.264565      96.75     0.0106     2.7999     2.5165  1.9559808  1.1216553   48.44386  -46.67268    34.8747    34.8908     3.9374     3.9374    27.6931    27.7060    6.18090    6.36887         19 0.0000e+00
      27296   1137.286    464.000     3.9705   3.263239     3.9703   3.264574      96.48     0.0089     2.8004     2.5165  1.9548584  1.1209029   48.44386  -46.67268    34.8747    34.8908     3.9371     3.9369    27.6932    27.7060    6.18559    6.36457         22 0.0000e+00
