data/CTD/2013/CNV/D021A033.CNV
* Sea-Bird SBE 9 Data File:
* FileName = C:\CTD_ACQUISITION\2013021HUD\ctddata\021A033.hdr
* Software Version Seasave V 7.22.2
* Temperature SN = 5081
* Conductivity SN = 3561
* Number of Bytes Per Scan = 37
* Number of Voltage Words = 4
* Number of Scans Averaged by the Deck Unit = 1
* NMEA Latitude = 48 13.60 N
* NMEA Longitude = 046 27.66 W
* NMEA UTC (Time) = Jul 03 2013 09:29:10
* NMEA baud rate = 9600
** Ship: Hudson
** Cruise: HUD2013021
** Chief_Scientist: Greenan
** Organization: BIO
** Area_of_Operation: Sackville Spur
** Station: 33
** Sounding:  1150
** Event_Comments: SS13   393161
# nquan = 25
# nvalues = 980                         
# units = specified
# name 0 = scan: Scan Count
# name 1 = timeS: Time, Elapsed [seconds]
# name 2 = prDM: Pressure, Digiquartz [db]
# name 3 = t068C: Temperature [ITS-68, deg C]
# name 4 = c0S/m: Conductivity [S/m]
# name 5 = t168C: Temperature, 2 [ITS-68, deg C]
# name 6 = c1S/m: Conductivity, 2 [S/m]
# name 7 = altM: Altimeter [m]
# name 8 = flCUVA: Fluorescence, Chelsea UV Aquatracka [ug/l]
# name 9 = sbeox0V: Oxygen raw, SBE 43 [V]
# name 10 = sbeox1V: Oxygen raw, SBE 43, 2 [V]
# name 11 = upoly0: Upoly 0, Optode 4330F - O2 D-Phase
# name 12 = upoly1: Upoly 1, Optode 4330F - O2 Temp
# name 13 = latitude: Latitude [deg]
# name 14 = longitude: Longitude [deg]
# name 15 = sal00: Salinity, Practical [PSU]
# name 16 = sal11: Salinity, Practical, 2 [PSU]
# name 17 = potemp068C: Potential Temperature [ITS-68, deg C]
# name 18 = potemp168C: Potential Temperature, 2 [ITS-68, deg C]
# name 19 = sigma-é00: Density [sigma-theta, Kg/m^3]
# name 20 = sigma-é11: Density, 2 [sigma-theta, Kg/m^3]
# name 21 = sbeox0ML/L: Oxygen, SBE 43 [ml/l], WS = 2
# name 22 = sbeox1ML/L: Oxygen, SBE 43, 2 [ml/l], WS = 2
# name 23 = nbin: number of scans per bin
# name 24 = flag: flag
# span 0 =       8431,      34370       
# span 1 =    351.234,   1432.055       
# span 2 =      3.000,    982.000       
# span 3 =    -0.2103,     5.5590       
# span 4 =   2.761445,   3.272551       
# span 5 =    -0.2107,     5.5590       
# span 6 =   2.762726,   3.273878       
# span 7 =       3.50,     100.58       
# span 8 =     0.0062,     0.1206       
# span 9 =     2.5953,     3.3605       
# span 10 =     2.3355,     3.0139      
# span 11 =  1.7336848,  2.0051439      
# span 12 =  0.6031695,  1.3225022      
# span 13 =   48.22098,   48.22507      
# span 14 =  -46.45910,  -46.45770      
# span 15 =    32.7599,    34.9052      
# span 16 =    32.7752,    34.9217      
# span 17 =    -0.2118,     5.5581      
# span 18 =    -0.2122,     5.5581      
# span 19 =    25.8373,    27.7400      
# span 20 =    25.8494,    27.7532      
# span 21 =    5.99951,    7.82992      
# span 22 =    6.21373,    7.92289      
# span 23 =          9,         93      
# span 24 = 0.0000e+00, 0.0000e+00      
# interval = decibars: 1                
# start_time = Jul 03 2013 09:29:10 [NMEA time, header]
# bad_flag = -9.990e-29
*END*
       8431    351.234      3.000     5.5483   3.198876     5.5485   3.200279      92.48     0.1168     3.3602     3.0139  1.7336848  1.3225021   48.22507  -46.45910    32.7607    32.7764     5.5481     5.5483    25.8378    25.8502    7.13940    7.28632         30 0.0000e+00
       8502    354.217      4.000     5.5495   3.199044     5.5494   3.200408      95.65     0.1138     3.3604     3.0125  1.7340195  1.3215507   48.22506  -46.45908    32.7609    32.7765     5.5492     5.5491    25.8379    25.8502    7.13909    7.28302         55 0.0000e+00
       8626    359.376      5.000     5.5478   3.198856     5.5475   3.200175      78.42     0.1191     3.3588     3.0127  1.7338572  1.3211317   48.22504  -46.45907    32.7599    32.7752     5.5474     5.5471    25.8373    25.8494    7.12433    7.29623         38 0.0000e+00
       8667    361.068      6.000     5.5478   3.198902     5.5478   3.200267      95.96     0.1206     3.3580     3.0132  1.7346265  1.3211234   48.22503  -46.45906    32.7600    32.7755     5.5473     5.5473    25.8373    25.8496    7.13358    7.29187         37 0.0000e+00
       8699    362.407      7.000     5.5506   3.199342     5.5515   3.200828      95.71     0.1198     3.3587     3.0129  1.7349936  1.3211234   48.22502  -46.45904    32.7617    32.7778     5.5501     5.5510    25.8384    25.8510    7.14117    7.28612         30 0.0000e+00
       8736    363.973      8.000     5.5548   3.199974     5.5549   3.201356      95.76     0.1186     3.3595     3.0117  1.7347853  1.3211234   48.22502  -46.45902    32.7643    32.7799     5.5542     5.5543    25.8399    25.8523    7.14062    7.27650         52 0.0000e+00
       8814    367.203      9.000     5.5571   3.200302     5.5568   3.201670      69.31     0.1145     3.3605     3.0088  1.7344184  1.3218694   48.22502  -46.45898    32.7654    32.7811     5.5564     5.5561    25.8405    25.8530    7.13540    7.27912         62 0.0000e+00
       8850    368.699     10.000     5.5574   3.200518     5.5572   3.201920      95.35     0.1162     3.3596     3.0089  1.7348462  1.3218468   48.22500  -46.45898    32.7670    32.7831     5.5566     5.5564    25.8418    25.8545    7.13885    7.27983         32 0.0000e+00
       8885    370.172     11.000     5.5574   3.200648     5.5577   3.202070      92.12     0.1153     3.3594     3.0092  1.7347021  1.3216603   48.22500  -46.45897    32.7679    32.7838     5.5566     5.5568    25.8425    25.8551    7.13139    7.28954         39 0.0000e+00
       8933    372.148     12.000     5.5590   3.201017     5.5590   3.202409      88.36     0.1150     3.3579     3.0110  1.7345256  1.3214190   48.22499  -46.45895    32.7701    32.7859     5.5581     5.5581    25.8440    25.8566    7.13075    7.29465         62 0.0000e+00
       9000    374.965     13.000     5.5581   3.201133     5.5580   3.202473      75.10     0.1157     3.3568     3.0114  1.7342062  1.3222548   48.22498  -46.45893    32.7718    32.7871     5.5571     5.5570    25.8455    25.8576    7.12622    7.28680         49 0.0000e+00
       9030    376.206     14.000     5.5547   3.201075     5.5547   3.202431      91.27     0.1088     3.3564     3.0104  1.7350413  1.3223439   48.22498  -46.45892    32.7739    32.7893     5.5536     5.5536    25.8476    25.8598    7.13467    7.28239         27 0.0000e+00
       9069    377.840     15.000     5.5496   3.200782     5.5454   3.201876      93.56     0.1073     3.3541     3.0074  1.7349113  1.3220651   48.22497  -46.45891    32.7751    32.7915     5.5484     5.5443    25.8491    25.8626    7.07034    7.21440         64 0.0000e+00
       9141    380.833     16.000     5.5431   3.200368     5.5427   3.201690      96.04     0.0996     3.3090     2.9604  1.7350094  1.3213259   48.22496  -46.45889    32.7762    32.7916     5.5419     5.5414    25.8508    25.8630    6.84479    6.93397         51 0.0000e+00
       9176    382.300     17.000     5.5246   3.199002     5.5268   3.200551      95.88     0.1024     3.3040     2.9433  1.7353010  1.3216145   48.22496  -46.45888    32.7783    32.7937     5.5233     5.5255    25.8546    25.8666    7.05044    7.05454         37 0.0000e+00
       9224    384.272     18.000     5.4769   3.194937     5.4773   3.196383      80.71     0.1055     3.3292     2.9513  1.7346563  1.3193603   48.22495  -46.45887    32.7782    32.7942     5.4755     5.4759    25.8601    25.8727    7.17265    7.15726         58 0.0000e+00
       9276    386.438     19.000     4.5193   3.113047     4.4984   3.113316      96.60     0.1003     3.3158     2.9295  1.7348659  1.3162123   48.22494  -46.45886    32.7775    32.8014     4.5179     4.4971    25.9648    25.9861    7.01606    7.04121         39 0.0000e+00
       9309    387.845     20.000     3.6631   3.043591     3.6515   3.044734      95.86     0.1009     3.3012     2.9155  1.7374332  1.3131977   48.22494  -46.45885    32.8150    32.8402     3.6618     3.6503    26.0807    26.1019    7.33604    7.32957         35 0.0000e+00
       9360    389.961     21.000     3.2904   3.014230     3.3025   3.017437      77.63     0.0877     3.3102     2.9247  1.7660604  1.2080200   48.22494  -46.45883    32.8395    32.8659     3.2892     3.3013    26.1348    26.1549    7.51957    7.55600         72 0.0000e+00
       9425    392.677     22.000     2.2562   2.935847     2.2047   2.934361      56.70     0.0814     3.3213     2.9423  1.7770473  1.1172426   48.22492  -46.45881    32.9416    32.9768     2.2551     2.2036    26.3019    26.3345    7.57709    7.64672         42 0.0000e+00
       9456    393.977     23.000     1.6111   2.886336     1.6152   2.888652      96.30     0.0762     3.2992     2.9260  1.7852129  1.1134272   48.22492  -46.45880    32.9955    33.0204     1.6100     1.6141    26.3940    26.4137    7.58378    7.63882         29 0.0000e+00
       9496    395.636     24.000     1.4990   2.877720     1.5092   2.880394      91.73     0.0757     3.2800     2.9091  1.8056517  0.9992108   48.22492  -46.45880    33.0038    33.0268     1.4979     1.5081    26.4082    26.4260    7.60606    7.65796         61 0.0000e+00
       9600    399.953     25.000     1.3648   2.868067     1.3623   2.869895      96.93     0.0822     3.2569     2.8990  1.8147998  0.8953898   48.22492  -46.45876    33.0217    33.0478     1.3637     1.3612    26.4310    26.4521    7.69168    7.80155         52 0.0000e+00
       9621    400.853     26.000     0.7854   2.822747     0.7919   2.825101      95.99     0.0795     3.2524     2.8970  1.8199052  0.9022142   48.22491  -46.45876    33.0557    33.0791     0.7844     0.7909    26.4950    26.5135    7.72671    7.83811         25 0.0000e+00
       9646    401.857     27.000     0.5436   2.804993     0.5405   2.806577      95.99     0.0739     3.2467     2.8934  1.8230923  0.8963212   48.22490  -46.45875    33.0837    33.1075     0.5426     0.5395    26.5313    26.5507    7.78988    7.88261         25 0.0000e+00
       9684    403.455     28.000     0.3705   2.793103     0.3775   2.795454      83.73     0.0646     3.2411     2.8892  1.8326917  0.8239493   48.22490  -46.45874    33.1139    33.1371     0.3695     0.3765    26.5650    26.5833    7.82992    7.92289         65 0.0000e+00
       9766    406.860     29.000     0.3809   2.794809     0.4197   2.798975      98.92     0.0613     3.2295     2.8831  1.8422067  0.7479731   48.22490  -46.45872    33.1244    33.1370     0.3798     0.4187    26.5728    26.5808    7.77707    7.89543         59 0.0000e+00
       9801    408.316     30.000     0.1904   2.781127     0.1918   2.782765      96.01     0.0644     3.2221     2.8792  1.8459904  0.7496433   48.22488  -46.45870    33.1501    33.1701     0.1893     0.1908    26.6035    26.6196    7.78609    7.91597         38 0.0000e+00
       9856    410.640     31.000     0.1779   2.780644     0.1764   2.781995      96.06     0.0626     3.2108     2.8704  1.8533605  0.7239794   48.22488  -46.45869    33.1566    33.1760     0.1768     0.1753    26.6094    26.6252    7.76219    7.87428         72 0.0000e+00
       9913    412.993     32.000     0.1271   2.777334     0.1267   2.778708      96.11     0.0664     3.1970     2.8593  1.8569516  0.7008142   48.22488  -46.45868    33.1675    33.1860     0.1260     0.1256    26.6207    26.6357    7.69311    7.83459         36 0.0000e+00
       9943    414.264     33.000     0.0715   2.773817     0.0713   2.775215      96.15     0.0627     3.1875     2.8524  1.8584874  0.6985177   48.22488  -46.45866    33.1808    33.1994     0.0704     0.0702    26.6342    26.6493    7.68202    7.81367         31 0.0000e+00
       9982    415.885     34.000    -0.0116   2.768742    -0.0316   2.768921      96.18     0.0652     3.1748     2.8417  1.8616138  0.6855006   48.22486  -46.45866    33.2033    33.2274    -0.0127    -0.0327    26.6565    26.6769    7.64207    7.78597         54 0.0000e+00
      10063    419.262     35.000    -0.0117   2.769146    -0.0332   2.769222      96.21     0.0730     3.1462     2.8215  1.8734168  0.6646160   48.22486  -46.45863    33.2082    33.2325    -0.0128    -0.0343    26.6604    26.6811    7.57069    7.74705         77 0.0000e+00
      10105    420.990     36.000    -0.1180   2.762812    -0.1187   2.764118      96.24     0.0739     3.1348     2.8137  1.8791358  0.6623886   48.22486  -46.45862    33.2394    33.2575    -0.1191    -0.1199    26.6906    26.7053    7.57405    7.74559         27 0.0000e+00
      10129    422.017     37.000    -0.1267   2.763087    -0.1271   2.764394      96.28     0.0736     3.1285     2.8087  1.8799301  0.6617982   48.22486  -46.45862    33.2519    33.2697    -0.1279    -0.1283    26.7012    26.7156    7.55636    7.72097         25 0.0000e+00
      10181    424.154     38.000    -0.1217   2.763665    -0.1217   2.764971      96.31     0.0771     3.1126     2.7956  1.8882170  0.6415578   48.22485  -46.45860    33.2536    33.2708    -0.1229    -0.1229    26.7023    26.7162    7.49551    7.66850         65 0.0000e+00
      10259    427.402     39.000    -0.1481   2.762554    -0.1478   2.763896      96.36     0.0823     3.0884     2.7794  1.9003005  0.6380835   48.22484  -46.45858    33.2670    33.2844    -0.1493    -0.1490    26.7143    26.7284    7.45021    7.67485         29 0.0000e+00
      10279    428.270     40.000    -0.1805   2.761445    -0.1802   2.762726      96.37     0.0875     3.0855     2.7772  1.9000442  0.6384725   48.22484  -46.45856    33.2870    33.3038    -0.1817    -0.1815    26.7320    26.7456    7.48561    7.65786         22 0.0000e+00
      10307    429.400     41.000    -0.1932   2.761748    -0.1927   2.763012      96.38     0.0862     3.0816     2.7725  1.9068295  0.6309121   48.22484  -46.45856    33.3043    33.3206    -0.1945    -0.1940    26.7466    26.7597    7.46033    7.60663         38 0.0000e+00
      10425    434.341     42.000    -0.2030   2.763094    -0.2008   2.764351      96.49     0.0872     3.0488     2.7418  1.9201095  0.6240285   48.22484  -46.45854    33.3323    33.3467    -0.2043    -0.2021    26.7697    26.7811    7.35720    7.53115         22 0.0000e+00
      10447    435.264     43.000    -0.2016   2.763925    -0.2019   2.765190      96.50     0.0802     3.0456     2.7370  1.9243518  0.6261029   48.22484  -46.45852    33.3412    33.3584    -0.2029    -0.2033    26.7768    26.7907    7.37403    7.53022         13 0.0000e+00
      10460    435.803     44.000    -0.2029   2.765138    -0.2033   2.766397      96.50     0.0770     3.0439     2.7364  1.9242979  0.6255110   48.22484  -46.45852    33.3582    33.3754    -0.2043    -0.2047    26.7906    26.8045    7.36483    7.53266         14 0.0000e+00
      10477    436.482     45.000    -0.2013   2.766176    -0.2016   2.767431      96.51     0.0757     3.0419     2.7342  1.9267000  0.6222454   48.22483  -46.45852    33.3697    33.3867    -0.2027    -0.2030    26.7998    26.8135    7.35600    7.51164         21 0.0000e+00
      10571    440.404     46.000    -0.2067   2.766374    -0.2069   2.767659      96.53     0.0746     3.0266     2.7209  1.9396737  0.6146434   48.22482  -46.45848    33.3776    33.3949    -0.2081    -0.2083    26.8064    26.8204    7.30605    7.46581         30 0.0000e+00
      10631    442.906     47.000    -0.2099   2.766436    -0.2103   2.767701      96.55     0.0729     3.0175     2.7129  1.9452084  0.6113721   48.22482  -46.45847    33.3813    33.3986    -0.2114    -0.2117    26.8095    26.8235    7.28527    7.46880         28 0.0000e+00
      10689    445.348     48.000    -0.2079   2.766901    -0.2087   2.768240      89.65     0.0670     3.0108     2.7088  1.9511203  0.6074923   48.22481  -46.45845    33.3848    33.4035    -0.2094    -0.2102    26.8122    26.8274    7.27284    7.45246         81 0.0000e+00
      10751    447.924     49.000    -0.2103   2.767622    -0.2107   2.768943      96.54     0.0632     3.0035     2.7016  1.9585648  0.6074337   48.22480  -46.45843    33.3964    33.4144    -0.2118    -0.2122    26.8217    26.8363    7.22859    7.40443         43 0.0000e+00
      10796    449.782     50.000    -0.2064   2.768382    -0.2073   2.769545      96.52     0.0595     2.9960     2.6952  1.9597269  0.6074070   48.22480  -46.45842    33.4015    33.4181    -0.2080    -0.2089    26.8257    26.8392    7.21980    7.39363         45 0.0000e+00
      10835    451.431     51.000    -0.2027   2.769319    -0.2033   2.770594      79.58     0.0591     2.9945     2.6939  1.9646217  0.6042214   48.22480  -46.45840    33.4094    33.4271    -0.2043    -0.2050    26.8319    26.8462    7.28616    7.47270         34 0.0000e+00
      10868    452.787     52.000    -0.2050   2.770871    -0.2057   2.772166      95.43     0.0599     2.9982     2.6975  1.9660767  0.6042340   48.22480  -46.45839    33.4319    33.4500    -0.2066    -0.2074    26.8502    26.8648    7.28764    7.46242         37 0.0000e+00
      10941    455.820     53.000    -0.2067   2.771838    -0.2050   2.773173      96.39     0.0619     2.9838     2.6840  1.9698681  0.6034477   48.22478  -46.45839    33.4461    33.4619    -0.2084    -0.2066    26.8617    26.8745    7.09502    7.28354         71 0.0000e+00
      10985    457.655     54.000    -0.1590   2.779215    -0.1573   2.780702      96.36     0.0641     2.9677     2.6737  1.9744266  0.6031695   48.22478  -46.45837    33.4912    33.5090    -0.1607    -0.1590    26.8959    26.9103    7.13500    7.38689         25 0.0000e+00
      11007    458.574     55.000     0.0347   2.800329     0.0362   2.801694      60.00     0.0590     2.9703     2.6777  1.9744664  0.6033897   48.22478  -46.45836    33.5577    33.5740     0.0328     0.0344    26.9402    26.9533    7.18413    7.38110         22 0.0000e+00
      11036    459.773     56.000     0.2136   2.818113     0.2145   2.819360      83.40     0.0497     2.9756     2.6816  1.9745036  0.6043126   48.22478  -46.45835    33.5955    33.6109     0.2116     0.2125    26.9616    26.9739    7.16861    7.34689         41 0.0000e+00
      11162    465.062     57.000     0.3013   2.826789     0.3118   2.829029      97.58     0.0340     2.9742     2.6828  1.9752009  0.6478623   48.22476  -46.45830    33.6132    33.6310     0.2992     0.3098    26.9711    26.9848    6.98646    7.18868         45 0.0000e+00
      11199    466.566     58.000     0.4557   2.842453     0.4556   2.843628      96.47     0.0337     2.9614     2.6716  1.9776773  0.6487104   48.22476  -46.45828    33.6487    33.6642     0.4535     0.4534    26.9914    27.0039    6.89538    7.09992         28 0.0000e+00
      11227    467.760     59.000     0.7192   2.868188     0.7239   2.869766      96.24     0.0296     2.9512     2.6627  1.9792138  0.6520429   48.22476  -46.45828    33.6957    33.7110     0.7168     0.7215    27.0140    27.0260    6.80788    7.03867         29 0.0000e+00
