data/CTD/2013/CNV/D021A048.CNV
* Sea-Bird SBE 9 Data File:
* FileName = C:\CTD_ACQUISITION\2013021HUD\ctddata\021A048.hdr
* Software Version Seasave V 7.22.2
* Temperature SN = 5081
* Conductivity SN = 3561
* Number of Bytes Per Scan = 37
* Number of Voltage Words = 4
* Number of Scans Averaged by the Deck Unit = 1
* NMEA Latitude = 48 58.29 N
* NMEA Longitude = 045 52.31 W
* NMEA UTC (Time) = Jul 04 2013 20:38:06
* NMEA baud rate = 9600
** Ship: Hudson
** Cruise: HUD2013021
** Chief_Scientist: Greenan
** Organization: BIO
** Area_of_Operation: Sackville Spur
** Station: 48
** Sounding:  2567
** Event_Comments: SS29  393205
# nquan = 25
# nvalues = 2561                        
# units = specified
# name 0 = scan: Scan Count
# name 1 = timeS: Time, Elapsed [seconds]
# name 2 = prDM: Pressure, Digiquartz [db]
# name 3 = t068C: Temperature [ITS-68, deg C]
# name 4 = c0S/m: Conductivity [S/m]
# name 5 = t168C: Temperature, 2 [ITS-68, deg C]
# name 6 = c1S/m: Conductivity, 2 [S/m]
# name 7 = altM: Altimeter [m]
# name 8 = flCUVA: Fluorescence, Chelsea UV Aquatracka [ug/l]
# name 9 = sbeox0V: Oxygen raw, SBE 43 [V]
# name 10 = sbeox1V: Oxygen raw, SBE 43, 2 [V]
# name 11 = upoly0: Upoly 0, Optode 4330F - O2 D-Phase
# name 12 = upoly1: Upoly 1, Optode 4330F - O2 Temp
# name 13 = latitude: Latitude [deg]
# name 14 = longitude: Longitude [deg]
# name 15 = sal00: Salinity, Practical [PSU]
# name 16 = sal11: Salinity, Practical, 2 [PSU]
# name 17 = potemp068C: Potential Temperature [ITS-68, deg C]
# name 18 = potemp168C: Potential Temperature, 2 [ITS-68, deg C]
# name 19 = sigma-é00: Density [sigma-theta, Kg/m^3]
# name 20 = sigma-é11: Density, 2 [sigma-theta, Kg/m^3]
# name 21 = sbeox0ML/L: Oxygen, SBE 43 [ml/l], WS = 2
# name 22 = sbeox1ML/L: Oxygen, SBE 43, 2 [ml/l], WS = 2
# name 23 = nbin: number of scans per bin
# name 24 = flag: flag
# span 0 =      21398,      78721       
# span 1 =    891.537,   3279.993       
# span 2 =      3.000,   2563.000       
# span 3 =    -1.1682,     8.9492       
# span 4 =   3.162315,   3.625824       
# span 5 =     2.3208,     8.9489       
# span 6 =   3.163605,   3.627174       
# span 7 =       2.32,      99.77       
# span 8 =     0.0039,     0.8886       
# span 9 =     2.1762,     3.3872       
# span 10 =     1.9582,     3.0264      
# span 11 =  1.6630823,  2.1111143      
# span 12 =  0.9144790,  1.7490210      
# span 13 =   48.97214,   48.97364      
# span 14 =  -45.87459,  -45.87250      
# span 15 =    33.8300,    41.0421      
# span 16 =    33.8504,    34.9379      
# span 17 =    -1.2341,     8.9488      
# span 18 =     2.1299,     8.9484      
# span 19 =    26.4345,    33.0413      
# span 20 =    26.4458,    27.9001      
# span 21 =  -24.00507,    6.85705      
# span 22 =    6.09567,    6.98603      
# span 23 =         12,         87      
# span 24 = 0.0000e+00, 0.0000e+00      
# interval = decibars: 1                
# start_time = Jul 04 2013 20:38:06 [NMEA time, header]
# bad_flag = -9.990e-29
*END*
[from data line 812]
      40975   1707.267    815.000     3.7241   3.258394     3.7234   3.258538      96.82     0.0135     2.7057     2.4335  1.9644845  1.0903541   48.97218  -45.87358    34.8938    34.8964     3.6648     3.6640    27.7363    27.7384    6.21894    6.42021         19 0.0000e+00
      40995   1708.065    816.000     3.7237   3.258293     3.7232   3.258559      96.81     0.0135     2.7047     2.4333  1.9647751  1.0903541   48.97218  -45.87358    34.8926    34.8963     3.6643     3.6638    27.7354    27.7384    6.21215    6.42350         20 0.0000e+00
      41013   1708.853    817.000     3.7233   3.258190     3.7229   3.258584      96.82     0.0149     2.7043     2.4330  1.9647944  1.0903541   48.97218  -45.87357    34.8912    34.8964     3.6639     3.6634    27.7343    27.7384    6.22011    6.42192         18 0.0000e+00
      41032   1709.630    818.000     3.7226   3.258072     3.7223   3.258560      65.19     0.0112     2.7043     2.4326  1.9645895  1.0903541   48.97217  -45.87356    34.8900    34.8963     3.6631     3.6627    27.7334    27.7384    6.22222    6.41875         19 0.0000e+00
      41051   1710.429    819.000     3.7226   3.258021     3.7225   3.258629      92.10     0.0107     2.7039     2.4319  1.9645909  1.0903541   48.97216  -45.87356    34.8890    34.8963     3.6630     3.6628    27.7326    27.7384    6.22898    6.41857         20 0.0000e+00
      41071   1711.255    820.000     3.7228   3.258000     3.7224   3.258662      96.71     0.0093     2.7047     2.4318  1.9645909  1.0903541   48.97216  -45.87356    34.8880    34.8963     3.6631     3.6627    27.7318    27.7384    6.22797    6.42385         20 0.0000e+00
      41091   1712.064    821.000     3.7227   3.257965     3.7219   3.258661      96.80     0.0123     2.7041     2.4315  1.9645909  1.0903541   48.97216  -45.87354    34.8872    34.8962     3.6629     3.6622    27.7312    27.7384    6.21838    6.42230         18 0.0000e+00
      41109   1712.825    822.000     3.7223   3.257912     3.7218   3.258692      96.80     0.0139     2.7036     2.4313  1.9645909  1.0903541   48.97216  -45.87354    34.8864    34.8962     3.6624     3.6619    27.7306    27.7384    6.21909    6.42090         18 0.0000e+00
      41127   1713.565    823.000     3.7223   3.257892     3.7221   3.258770      96.80     0.0124     2.7033     2.4309  1.9645909  1.0903541   48.97216  -45.87354    34.8857    34.8963     3.6623     3.6622    27.7300    27.7385    6.22046    6.42007         18 0.0000e+00
      41145   1714.334    824.000     3.7225   3.257915     3.7222   3.258820      96.80     0.0168     2.7028     2.4306  1.9645909  1.0903541   48.97216  -45.87352    34.8852    34.8962     3.6625     3.6622    27.7296    27.7384    6.21295    6.42275         19 0.0000e+00
      41166   1715.213    825.000     3.7226   3.257906     3.7222   3.258856      96.80     0.0171     2.7021     2.4304  1.9645909  1.0903541   48.97216  -45.87352    34.8845    34.8962     3.6625     3.6621    27.7290    27.7384    6.21622    6.42214         23 0.0000e+00
      41191   1716.236    826.000     3.7229   3.257917     3.7227   3.258937      96.80     0.0114     2.7015     2.4300  1.9645909  1.0903068   48.97216  -45.87352    34.8838    34.8961     3.6627     3.6644    27.7285    27.7383    6.21493    6.42105         26 0.0000e+00
      41215   1717.239    827.000     3.7243   3.258078     3.7239   3.259121      50.40     0.0144     2.7010     2.4298  1.9647591  1.0903546   48.97216  -45.87350    34.8836    34.8965     3.6641     3.6636    27.7282    27.7385    6.21688    6.42073         22 0.0000e+00
      41236   1718.125    828.000     3.7262   3.258289     3.7262   3.259406      74.85     0.0141     2.7007     2.4292  1.9647745  1.0903541   48.97216  -45.87350    34.8836    34.8969     3.6659     3.6659    27.7280    27.7386    6.20723    6.41062         20 0.0000e+00
      41256   1718.940    829.000     3.7274   3.258445     3.7275   3.259576      96.83     0.0123     2.6991     2.4282  1.9645904  1.0903541   48.97216  -45.87349    34.8837    34.8971     3.6670     3.6670    27.7280    27.7387    6.19552    6.40032         20 0.0000e+00
      41275   1719.730    830.000     3.7307   3.258813     3.7302   3.259913      96.78     0.0125     2.6978     2.4270  1.9645909  1.0903541   48.97216  -45.87348    34.8841    34.8977     3.6701     3.6696    27.7280    27.7389    6.19142    6.39611         18 0.0000e+00
      41294   1720.524    831.000     3.7302   3.258798     3.7296   3.259909      84.74     0.0114     2.6968     2.4258  1.9645909  1.0903541   48.97216  -45.87348    34.8839    34.8978     3.6696     3.6689    27.7278    27.7390    6.18809    6.39898         20 0.0000e+00
      41313   1721.323    832.000     3.7297   3.258783     3.7293   3.259936      96.66     0.0118     2.6952     2.4254  1.9645909  1.0903541   48.97216  -45.87348    34.8837    34.8979     3.6690     3.6686    27.7278    27.7391    6.18175    6.40144         19 0.0000e+00
      41332   1722.117    833.000     3.7296   3.258816     3.7295   3.260018      96.78     0.0127     2.6938     2.4244  1.9645909  1.0903541   48.97216  -45.87346    34.8837    34.8981     3.6688     3.6687    27.7278    27.7393    6.18166    6.39695         19 0.0000e+00
      41351   1722.913    834.000     3.7304   3.258980     3.7296   3.260112      96.78     0.0122     2.6925     2.4237  1.9645269  1.0903541   48.97216  -45.87346    34.8843    34.8986     3.6696     3.6687    27.7282    27.7397    6.18787    6.39740         19 0.0000e+00
      41371   1723.738    835.000     3.7314   3.259103     3.7311   3.260320      96.78     0.0119     2.6918     2.4231  1.9647150  1.0903541   48.97216  -45.87346    34.8842    34.8989     3.6705     3.6702    27.7280    27.7398    6.19287    6.39428         20 0.0000e+00
      41391   1724.599    836.000     3.7346   3.259471     3.7343   3.260695      96.78     0.0121     2.6921     2.4220  1.9645888  1.0903541   48.97216  -45.87346    34.8846    34.8996     3.6736     3.6732    27.7280    27.7400    6.19637    6.38787         21 0.0000e+00
      41412   1725.464    837.000     3.7345   3.259501     3.7341   3.260722      96.78     0.0108     2.6912     2.4210  1.9645909  1.0903541   48.97216  -45.87344    34.8846    34.8995     3.6733     3.6730    27.7281    27.7399    6.19354    6.38736         21 0.0000e+00
      41432   1726.281    838.000     3.7345   3.259547     3.7342   3.260777      96.77     0.0072     2.6912     2.4202  1.9645909  1.0903541   48.97216  -45.87344    34.8846    34.8996     3.6733     3.6729    27.7281    27.7400    6.19281    6.38746         18 0.0000e+00
      41450   1727.036    839.000     3.7348   3.259624     3.7344   3.260864      96.77     0.0110     2.6906     2.4196  1.9647294  1.0906311   48.97215  -45.87344    34.8847    34.8998     3.6736     3.6731    27.7281    27.7402    6.18578    6.39123         18 0.0000e+00
      41467   1727.752    840.000     3.7346   3.259646     3.7342   3.260885      92.09     0.0155     2.6897     2.4194  1.9651668  1.0912898   48.97214  -45.87343    34.8847    34.8998     3.6732     3.6729    27.7281    27.7402    6.18149    6.38894         17 0.0000e+00
      41484   1728.465    841.000     3.7343   3.259663     3.7339   3.260914      51.16     0.0171     2.6889     2.4185  1.9656007  1.0914329   48.97214  -45.87342    34.8847    34.8999     3.6728     3.6725    27.7282    27.7404    6.17912    6.38630         17 0.0000e+00
      41502   1729.218    842.000     3.7344   3.259711     3.7341   3.260971      97.38     0.0147     2.6882     2.4182  1.9673761  1.0914468   48.97214  -45.87342    34.8846    34.8999     3.6728     3.6725    27.7281    27.7404    6.18674    6.39117         19 0.0000e+00
      41522   1730.060    843.000     3.7344   3.259745     3.7341   3.261014      96.75     0.0190     2.6880     2.4177  1.9682516  1.0913534   48.97214  -45.87341    34.8845    34.8999     3.6728     3.6724    27.7280    27.7404    6.18666    6.39143         22 0.0000e+00
      41546   1731.026    844.000     3.7347   3.259816     3.7343   3.261071      96.76     0.0145     2.6872     2.4175  1.9683020  1.0914273   48.97214  -45.87340    34.8845    34.8999     3.6730     3.6726    27.7280    27.7403    6.19208    6.39021         25 0.0000e+00
      41571   1732.078    845.000     3.7347   3.259856     3.7344   3.261129      96.76     0.0129     2.6877     2.4170  1.9684972  1.0914286   48.97214  -45.87340    34.8844    34.8999     3.6730     3.6726    27.7279    27.7403    6.18969    6.38946         25 0.0000e+00
      41595   1733.074    846.000     3.7350   3.259929     3.7346   3.261199      96.76     0.0122     2.6865     2.4161  1.9689249  1.0915207   48.97214  -45.87340    34.8844    34.9000     3.6732     3.6727    27.7279    27.7404    6.17393    6.38325         22 0.0000e+00
      41617   1733.984    847.000     3.7358   3.260054     3.7353   3.261319      96.75     0.0133     2.6852     2.4158  1.9694781  1.0915755   48.97214  -45.87339    34.8846    34.9002     3.6739     3.6733    27.7280    27.7405    6.17037    6.38329         22 0.0000e+00
      41637   1734.838    848.000     3.7362   3.260145     3.7357   3.261420      96.75     0.0136     2.6843     2.4150  1.9694103  1.0915751   48.97214  -45.87338    34.8847    34.9004     3.6742     3.6737    27.7280    27.7406    6.16782    6.38377         19 0.0000e+00
      41656   1735.606    849.000     3.7367   3.260259     3.7363   3.261538      77.83     0.0123     2.6828     2.4149  1.9687368  1.0915751   48.97214  -45.87338    34.8850    34.9007     3.6747     3.6742    27.7282    27.7408    6.16717    6.38854         17 0.0000e+00
      41672   1736.283    850.000     3.7382   3.260483     3.7378   3.261770      19.60     0.0131     2.6826     2.4146  1.9693321  1.0915751   48.97214  -45.87338    34.8856    34.9014     3.6760     3.6756    27.7286    27.7412    6.17506    6.39003         16 0.0000e+00
      41687   1736.910    851.000     3.7386   3.260583     3.7382   3.261886      96.19     0.0133     2.6824     2.4147  1.9689898  1.0915751   48.97214  -45.87338    34.8859    34.9018     3.6763     3.6759    27.7288    27.7415    6.17520    6.38568         15 0.0000e+00
      41702   1737.546    852.000     3.7381   3.260593     3.7378   3.261892      96.76     0.0114     2.6819     2.4141  1.9682729  1.0915751   48.97214  -45.87337    34.8860    34.9018     3.6758     3.6754    27.7289    27.7415    6.17480    6.37672         16 0.0000e+00
      41720   1738.286    853.000     3.7381   3.260629     3.7377   3.261925      96.75     0.0106     2.6817     2.4132  1.9682540  1.0915751   48.97214  -45.87336    34.8859    34.9018     3.6756     3.6752    27.7289    27.7415    6.18453    6.37278         20 0.0000e+00
      41751   1739.575    854.000     3.7383   3.260669     3.7379   3.261967      90.73     0.0140     2.6817     2.4117  1.9693191  1.0915751   48.97214  -45.87336    34.8857    34.9015     3.6758     3.6754    27.7286    27.7413    6.17808    6.36982         41 0.0000e+00
      41784   1740.943    855.000     3.7383   3.260719     3.7379   3.262026      96.97     0.0110     2.6808     2.4107  1.9694802  1.0915751   48.97214  -45.87335    34.8857    34.9017     3.6757     3.6753    27.7287    27.7414    6.16455    6.37401         22 0.0000e+00
      41802   1741.706    856.000     3.7383   3.260772     3.7379   3.262081      96.75     0.0116     2.6795     2.4101  1.9694749  1.0915751   48.97214  -45.87334    34.8858    34.9018     3.6756     3.6752    27.7288    27.7416    6.15676    6.37387         16 0.0000e+00
      41817   1742.351    857.000     3.7382   3.260825     3.7378   3.262128      96.75     0.0161     2.6790     2.4098  1.9695586  1.0915751   48.97214  -45.87334    34.8860    34.9019     3.6755     3.6751    27.7290    27.7417    6.15630    6.37488         15 0.0000e+00
      41832   1742.964    858.000     3.7383   3.260882     3.7379   3.262185      96.75     0.0159     2.6772     2.4098  1.9694742  1.0915751   48.97214  -45.87334    34.8861    34.9020     3.6755     3.6751    27.7290    27.7417    6.14518    6.36802         15 0.0000e+00
      41847   1743.602    859.000     3.7386   3.260969     3.7382   3.262272      96.76     0.0138     2.6761     2.4086  1.9696270  1.0915751   48.97214  -45.87334    34.8864    34.9022     3.6756     3.6753    27.7292    27.7419    6.15025    6.35767         16 0.0000e+00
      41865   1744.344    860.000     3.7398   3.261155     3.7394   3.262468      96.76     0.0115     2.6756     2.4077  1.9698987  1.0915751   48.97214  -45.87332    34.8867    34.9027     3.6768     3.6764    27.7294    27.7422    6.16108    6.35845         20 0.0000e+00
      41888   1745.306    861.000     3.7407   3.261303     3.7404   3.262613      96.75     0.0142     2.6750     2.4067  1.9700843  1.0915751   48.97214  -45.87332    34.8870    34.9029     3.6776     3.6773    27.7295    27.7422    6.15814    6.36224         26 0.0000e+00
      41913   1746.335    862.000     3.7407   3.261366     3.7404   3.262684      88.77     0.0150     2.6743     2.4062  1.9705963  1.0915751   48.97214  -45.87332    34.8872    34.9032     3.6776     3.6772    27.7297    27.7425    6.15930    6.36727         22 0.0000e+00
      41933   1747.167    863.000     3.7401   3.261367     3.7397   3.262678      59.44     0.0178     2.6738     2.4057  1.9702461  1.0915751   48.97214  -45.87332    34.8874    34.9034     3.6768     3.6764    27.7299    27.7427    6.15529    6.35959         19 0.0000e+00
      41951   1747.914    864.000     3.7398   3.261396     3.7395   3.262707      96.64     0.0190     2.6732     2.4050  1.9701934  1.0915751   48.97214  -45.87332    34.8875    34.9034     3.6765     3.6761    27.7300    27.7428    6.15444    6.35727         17 0.0000e+00
      41970   1748.694    865.000     3.7395   3.261417     3.7392   3.262736      96.78     0.0176     2.6729     2.4043  1.9701461  1.0915751   48.97214  -45.87331    34.8875    34.9036     3.6761     3.6758    27.7301    27.7429    6.15675    6.36147         20 0.0000e+00
      41991   1749.590    866.000     3.7394   3.261461     3.7387   3.262744      96.78     0.0135     2.6721     2.4041  1.9731619  1.0915751   48.97214  -45.87330    34.8877    34.9036     3.6759     3.6752    27.7302    27.7430    6.15919    6.35752         23 0.0000e+00
      42014   1750.530    867.000     3.7384   3.261413     3.7382   3.262737      96.78     0.0160     2.6719     2.4029  1.9730819  1.0915751   48.97214  -45.87330    34.8876    34.9036     3.6749     3.6747    27.7303    27.7430    6.15863    6.35739         22 0.0000e+00
      42034   1751.369    868.000     3.7380   3.261429     3.7377   3.262738      96.78     0.0144     2.6716     2.4029  1.9731376  1.0915751   48.97214  -45.87330    34.8877    34.9036     3.6744     3.6741    27.7304    27.7431    6.15695    6.35964         19 0.0000e+00
      42053   1752.148    869.000     3.7374   3.261406     3.7369   3.262713      96.78     0.0135     2.6712     2.4022  1.9731380  1.0915751   48.97214  -45.87330    34.8876    34.9036     3.6737     3.6732    27.7304    27.7432    6.15827    6.35067         19 0.0000e+00
      42072   1752.973    870.000     3.7359   3.261303     3.7355   3.262613      96.78     0.0146     2.6708     2.4012  1.9737570  1.0915751   48.97214  -45.87328    34.8875    34.9035     3.6721     3.6741    27.7305    27.7432    6.15747    6.35367         21 0.0000e+00
      42096   1753.976    871.000     3.7356   3.261321     3.7352   3.262633      83.03     0.0166     2.6704     2.4009  1.9743888  1.0915751   48.97214  -45.87328    34.8875    34.9035     3.6717     3.6714    27.7305    27.7433    6.15830    6.36168         27 0.0000e+00
