data/CTD/2013/CNV/D021A037.CNV
* Sea-Bird SBE 9 Data File:
* FileName = C:\CTD_ACQUISITION\2013021HUD\ctddata\021A037.hdr
* Software Version Seasave V 7.22.2
* Temperature SN = 5081
* Conductivity SN = 3561
* Number of Bytes Per Scan = 37
* Number of Voltage Words = 4
* Number of Scans Averaged by the Deck Unit = 1
* NMEA Latitude = 48 20.72 N
* NMEA Longitude = 046 35.05 W
* NMEA UTC (Time) = Jul 03 2013 18:21:36
* NMEA baud rate = 9600
** Ship: Hudson
** Cruise: HUD2013021
** Chief_Scientist: Greenan
** Organization: BIO
** Area_of_Operation: Sackville Spur
** Station: 37
** Sounding:  1386
** Event_Comments: SS10  393174
# nquan = 25
# nvalues = 1402                        
# units = specified
# name 0 = scan: Scan Count
# name 1 = timeS: Time, Elapsed [seconds]
# name 2 = prDM: Pressure, Digiquartz [db]
# name 3 = t068C: Temperature [ITS-68, deg C]
# name 4 = c0S/m: Conductivity [S/m]
# name 5 = t168C: Temperature, 2 [ITS-68, deg C]
# name 6 = c1S/m: Conductivity, 2 [S/m]
# name 7 = altM: Altimeter [m]
# name 8 = flCUVA: Fluorescence, Chelsea UV Aquatracka [ug/l]
# name 9 = sbeox0V: Oxygen raw, SBE 43 [V]
# name 10 = sbeox1V: Oxygen raw, SBE 43, 2 [V]
# name 11 = upoly0: Upoly 0, Optode 4330F - O2 D-Phase
# name 12 = upoly1: Upoly 1, Optode 4330F - O2 Temp
# name 13 = latitude: Latitude [deg]
# name 14 = longitude: Longitude [deg]
# name 15 = sal00: Salinity, Practical [PSU]
# name 16 = sal11: Salinity, Practical, 2 [PSU]
# name 17 = potemp068C: Potential Temperature [ITS-68, deg C]
# name 18 = potemp168C: Potential Temperature, 2 [ITS-68, deg C]
# name 19 = sigma-é00: Density [sigma-theta, Kg/m^3]
# name 20 = sigma-é11: Density, 2 [sigma-theta, Kg/m^3]
# name 21 = sbeox0ML/L: Oxygen, SBE 43 [ml/l], WS = 2
# name 22 = sbeox1ML/L: Oxygen, SBE 43, 2 [ml/l], WS = 2
# name 23 = nbin: number of scans per bin
# name 24 = flag: flag
# span 0 =       8228,      43733       
# span 1 =    342.777,   1822.157       
# span 2 =      3.000,   1404.000       
# span 3 =     0.0355,     5.9177       
# span 4 =   2.778010,   3.286905       
# span 5 =     0.0357,     5.9302       
# span 6 =   2.779308,   3.288238       
# span 7 =       5.95,     109.48       
# span 8 =     0.0057,     0.0884       
# span 9 =     2.4525,     3.3618       
# span 10 =     2.2054,     3.0147      
# span 11 =  1.7263629,  2.0415142      
# span 12 =  0.6485524,  1.3662115      
# span 13 =   48.34621,   48.34723      
# span 14 =  -46.58225,  -46.57800      
# span 15 =    32.5982,    34.9154      
# span 16 =    32.6125,    34.9320      
# span 17 =     0.0340,     5.9172      
# span 18 =     0.0342,     5.9297      
# span 19 =    25.6654,    27.7589      
# span 20 =    25.6754,    27.7722      
# span 21 =    5.88609,    7.61517      
# span 22 =    6.09655,    7.76806      
# span 23 =         12,         91      
# span 24 = 0.0000e+00, 0.0000e+00      
# interval = decibars: 1                
# start_time = Jul 03 2013 18:21:36 [NMEA time, header]
# bad_flag = -9.990e-29
*END*
[from data line 870]
      30745   1280.993    873.000     3.9152   3.277658     3.9167   3.279186      95.64     0.0165     2.6754     2.4088  1.9668986  1.1121978   48.34668  -46.57938    34.8901    34.9066     3.8500     3.8514    27.7145    27.7275    6.12293    6.33643         19 0.0000e+00
      30765   1281.846    874.000     3.9267   3.278883     3.9264   3.280227      54.10     0.0168     2.6740     2.4072  1.9670316  1.1123308   48.34668  -46.57938    34.8920    34.9082     3.8613     3.8610    27.7148    27.7277    6.11014    6.33056         22 0.0000e+00
      30790   1282.866    875.000     3.9305   3.279338     3.9304   3.280683      85.34     0.0185     2.6707     2.4056  1.9665847  1.1129596   48.34668  -46.57938    34.8927    34.9088     3.8651     3.8649    27.7150    27.7278    6.09438    6.32440         27 0.0000e+00
      30816   1283.961    876.000     3.9317   3.279504     3.9310   3.280798      58.66     0.0157     2.6685     2.4040  1.9660550  1.1135545   48.34668  -46.57938    34.8930    34.9090     3.8661     3.8654    27.7151    27.7279    6.11607    6.32965         25 0.0000e+00
      30842   1285.031    877.000     3.9354   3.279948     3.9344   3.281203      96.64     0.0189     2.6682     2.4030  1.9682760  1.1145017   48.34668  -46.57938    34.8938    34.9097     3.8697     3.8687    27.7153    27.7281    6.12344    6.33249         26 0.0000e+00
      30868   1286.121    878.000     3.9379   3.280299     3.9374   3.281603      94.80     0.0163     2.6679     2.4023  1.9687787  1.1147785   48.34668  -46.57938    34.8948    34.9108     3.8721     3.8715    27.7159    27.7287    6.12433    6.32991         26 0.0000e+00
      30892   1287.141    879.000     3.9383   3.280387     3.9380   3.281726      55.57     0.0162     2.6678     2.4017  1.9670591  1.1155292   48.34666  -46.57938    34.8949    34.9111     3.8724     3.8721    27.7160    27.7289    6.12657    6.33471         23 0.0000e+00
      30913   1288.009    880.000     3.9386   3.280456     3.9381   3.281783      96.72     0.0147     2.6675     2.4016  1.9670323  1.1154157   48.34666  -46.57936    34.8949    34.9111     3.8726     3.8722    27.7160    27.7289    6.12451    6.33844         19 0.0000e+00
      30932   1288.778    881.000     3.9369   3.280335     3.9362   3.281631      94.93     0.0136     2.6676     2.4016  1.9684701  1.1158634   48.34666  -46.57936    34.8948    34.9108     3.8709     3.8701    27.7160    27.7289    6.12748    6.33657         18 0.0000e+00
      30950   1289.530    882.000     3.9298   3.279669     3.9303   3.281097      73.85     0.0155     2.6674     2.4013  1.9694591  1.1159930   48.34666  -46.57936    34.8938    34.9102     3.8638     3.8643    27.7160    27.7290    6.13072    6.33214         19 0.0000e+00
      30971   1290.410    883.000     3.9284   3.279565     3.9285   3.280953      74.57     0.0152     2.6676     2.4006  1.9701228  1.1159952   48.34666  -46.57936    34.8935    34.9099     3.8623     3.8623    27.7159    27.7290    6.13085    6.33434         25 0.0000e+00
      31008   1291.943    884.000     3.9293   3.279688     3.9281   3.280945      76.40     0.0156     2.6669     2.4005  1.9711752  1.1159400   48.34666  -46.57936    34.8936    34.9097     3.8631     3.8619    27.7159    27.7288    6.12084    6.33825         45 0.0000e+00
      31042   1293.355    885.000     3.9282   3.279618     3.9280   3.280979      66.33     0.0160     2.6659     2.4000  1.9711967  1.1153107   48.34666  -46.57936    34.8934    34.9097     3.8619     3.8665    27.7159    27.7289    6.12120    6.33959         22 0.0000e+00
      31061   1294.156    886.000     3.9276   3.279603     3.9277   3.280989      96.68     0.0172     2.6657     2.4004  1.9713764  1.1155225   48.34666  -46.57934    34.8933    34.9097     3.8612     3.8612    27.7159    27.7289    6.12215    6.34241         18 0.0000e+00
      31078   1294.857    887.000     3.9272   3.279601     3.9270   3.280967      96.28     0.0192     2.6649     2.4000  1.9718425  1.1156906   48.34666  -46.57934    34.8932    34.9096     3.8607     3.8605    27.7158    27.7289    6.13403    6.33617         16 0.0000e+00
      31094   1295.555    888.000     3.9251   3.279443     3.9248   3.280798      70.75     0.0219     2.6663     2.3998  1.9719161  1.1159918   48.34666  -46.57934    34.8931    34.9094     3.8586     3.8583    27.7159    27.7289    6.14146    6.33497         18 0.0000e+00
      31113   1296.342    889.000     3.9251   3.279484     3.9245   3.280802      70.87     0.0197     2.6662     2.3993  1.9721959  1.1158836   48.34666  -46.57934    34.8931    34.9092     3.8585     3.8579    27.7159    27.7289    6.13359    6.33397         21 0.0000e+00
      31140   1297.478    890.000     3.9250   3.279516     3.9244   3.280826      94.80     0.0144     2.6662     2.3991  1.9736151  1.1150322   48.34666  -46.57934    34.8930    34.9091     3.8584     3.8578    27.7159    27.7288    6.13080    6.34175         35 0.0000e+00
      31176   1298.947    891.000     3.9249   3.279541     3.9255   3.280996      47.06     0.0160     2.6654     2.3991  1.9736403  1.1147628   48.34665  -46.57934    34.8929    34.9093     3.8581     3.8644    27.7159    27.7289    6.12421    6.34031         29 0.0000e+00
      31199   1299.911    892.000     3.9258   3.279691     3.9256   3.281052      54.55     0.0185     2.6651     2.3989  1.9738119  1.1147741   48.34664  -46.57934    34.8932    34.9095     3.8589     3.8587    27.7160    27.7290    6.12769    6.34268         20 0.0000e+00
      31217   1300.660    893.000     3.9257   3.279726     3.9251   3.281050      95.43     0.0187     2.6648     2.3991  1.9739982  1.1151302   48.34664  -46.57933    34.8932    34.9095     3.8587     3.8582    27.7161    27.7290    6.12663    6.35072         17 0.0000e+00
      31234   1301.359    894.000     3.9248   3.279679     3.9244   3.281027      88.13     0.0192     2.6647     2.3995  1.9737190  1.1156248   48.34664  -46.57932    34.8931    34.9095     3.8578     3.8574    27.7160    27.7291    6.12794    6.35084         17 0.0000e+00
      31251   1302.099    895.000     3.9226   3.279492     3.9211   3.280728      51.07     0.0153     2.6645     2.3995  1.9737781  1.1158584   48.34664  -46.57932    34.8927    34.9089     3.8555     3.8540    27.7159    27.7290    6.12763    6.34474         19 0.0000e+00
      31280   1303.289    896.000     3.9218   3.279455     3.9216   3.280823      87.30     0.0154     2.6640     2.3985  1.9742041  1.1150080   48.34664  -46.57932    34.8926    34.9090     3.8547     3.8544    27.7159    27.7290    6.12562    6.33042         47 0.0000e+00
      31336   1305.618    897.000     3.9233   3.279680     3.9223   3.280959      65.35     0.0156     2.6624     2.3958  1.9743742  1.1147588   48.34664  -46.57932    34.8931    34.9093     3.8561     3.8551    27.7162    27.7292    6.11641    6.31936         38 0.0000e+00
      31357   1306.498    898.000     3.9229   3.279709     3.9217   3.280974      95.60     0.0138     2.6618     2.3948  1.9742261  1.1149733   48.34664  -46.57932    34.8934    34.9096     3.8556     3.8544    27.7165    27.7295    6.12436    6.31578         19 0.0000e+00
      31374   1307.218    899.000     3.9215   3.279636     3.9218   3.281054      95.58     0.0108     2.6620     2.3938  1.9739969  1.1160082   48.34664  -46.57930    34.8935    34.9099     3.8541     3.8544    27.7167    27.7298    6.12455    6.31383         17 0.0000e+00
      31390   1307.874    900.000     3.9282   3.280406     3.9260   3.281553      41.96     0.0077     2.6611     2.3932  1.9737083  1.1159952   48.34664  -46.57930    34.8950    34.9108     3.8607     3.8585    27.7172    27.7301    6.11866    6.31412         15 0.0000e+00
      31405   1308.517    901.000     3.9288   3.280478     3.9296   3.281960      84.31     0.0057     2.6611     2.3925  1.9735205  1.1157675   48.34664  -46.57930    34.8947    34.9114     3.8612     3.8620    27.7169    27.7301    6.11686    6.31519         16 0.0000e+00
      31422   1309.205    902.000     3.9289   3.280527     3.9284   3.281872      95.93     0.0079     2.6607     2.3920  1.9738717  1.1148733   48.34664  -46.57930    34.8947    34.9111     3.8612     3.8607    27.7170    27.7301    6.11524    6.32003         18 0.0000e+00
      31442   1310.057    903.000     3.9295   3.280636     3.9297   3.282050      72.57     0.0116     2.6599     2.3918  1.9736115  1.1147778   48.34662  -46.57930    34.8948    34.9113     3.8617     3.8619    27.7169    27.7301    6.10736    6.32388         24 0.0000e+00
      31471   1311.257    904.000     3.9290   3.280623     3.9286   3.281952      62.51     0.0130     2.6581     2.3918  1.9742841  1.1158042   48.34662  -46.57930    34.8946    34.9108     3.8612     3.8607    27.7169    27.7298    6.10346    6.32804         31 0.0000e+00
      31499   1312.404    905.000     3.9298   3.280760     3.9292   3.282071      96.94     0.0139     2.6575     2.3916  1.9743609  1.1158913   48.34662  -46.57930    34.8949    34.9110     3.8619     3.8613    27.7170    27.7299    6.10715    6.31788         23 0.0000e+00
      31519   1313.265    906.000     3.9316   3.280988     3.9313   3.282331      92.32     0.0149     2.6563     2.3907  1.9750258  1.1159945   48.34662  -46.57928    34.8952    34.9114     3.8635     3.8632    27.7172    27.7301    6.10296    6.30378         20 0.0000e+00
      31540   1314.111    907.000     3.9343   3.281321     3.9344   3.282702      54.67     0.0166     2.6559     2.3891  1.9759312  1.1159952   48.34662  -46.57928    34.8958    34.9120     3.8661     3.8662    27.7173    27.7302    6.10549    6.29077         22 0.0000e+00
      31578   1315.727    908.000     3.9356   3.281480     3.9353   3.282835      79.04     0.0115     2.6547     2.3872  1.9761786  1.1160380   48.34661  -46.57928    34.8958    34.9121     3.8674     3.8671    27.7172    27.7302    6.10025    6.30364         54 0.0000e+00
      31627   1317.738    909.000     3.9443   3.282455     3.9438   3.283803      62.10     0.0100     2.6528     2.3860  1.9762831  1.1161159   48.34660  -46.57926    34.8976    34.9140     3.8759     3.8754    27.7178    27.7309    6.07762    6.29393         21 0.0000e+00
      31642   1318.389    910.000     3.9471   3.282806     3.9470   3.284180      37.01     0.0128     2.6510     2.3851  1.9760644  1.1159930   48.34660  -46.57926    34.8983    34.9146     3.8786     3.8785    27.7180    27.7311    6.06232    6.29374         15 0.0000e+00
      31656   1318.966    911.000     3.9449   3.282629     3.9457   3.284087      96.25     0.0162     2.6496     2.3850  1.9761444  1.1172316   48.34660  -46.57926    34.8979    34.9144     3.8764     3.8771    27.7180    27.7310    6.06693    6.29634         13 0.0000e+00
      31669   1319.497    912.000     3.9469   3.282891     3.9469   3.284283      78.36     0.0175     2.6486     2.3843  1.9759567  1.1173095   48.34660  -46.57926    34.8984    34.9149     3.8783     3.8782    27.7182    27.7313    6.08340    6.29551         13 0.0000e+00
      31682   1320.028    913.000     3.9482   3.283064     3.9478   3.284416      34.04     0.0155     2.6486     2.3841  1.9761388  1.1174017   48.34660  -46.57926    34.8986    34.9150     3.8795     3.8791    27.7182    27.7313    6.09306    6.29798         13 0.0000e+00
      31696   1320.609    914.000     3.9483   3.283109     3.9478   3.284431      92.45     0.0127     2.6488     2.3837  1.9764661  1.1172214   48.34660  -46.57926    34.8985    34.9147     3.8795     3.8789    27.7181    27.7311    6.09478    6.30048         15 0.0000e+00
      31721   1321.657    915.000     3.9477   3.283067     3.9470   3.284381      90.80     0.0130     2.6486     2.3834  1.9764274  1.1174808   48.34660  -46.57926    34.8982    34.9144     3.8788     3.8781    27.7179    27.7309    6.09529    6.29978         29 0.0000e+00
      31799   1324.921    916.000     3.9478   3.283123     3.9476   3.284490      96.54     0.0147     2.6482     2.3824  1.9775100  1.1182172   48.34659  -46.57924    34.8982    34.9146     3.8789     3.8786    27.7179    27.7310    6.09024    6.30195         20 0.0000e+00
      31814   1325.558    917.000     3.9490   3.283310     3.9485   3.284655      71.03     0.0156     2.6475     2.3823  1.9780949  1.1183599   48.34658  -46.57924    34.8987    34.9150     3.8799     3.8828    27.7182    27.7312    6.08529    6.29831         16 0.0000e+00
      31830   1326.194    918.000     3.9495   3.283414     3.9488   3.284739      48.67     0.0134     2.6475     2.3821  1.9774046  1.1184379   48.34658  -46.57922    34.8989    34.9152     3.8803     3.8796    27.7183    27.7314    6.08497    6.29203         14 0.0000e+00
      31844   1326.802    919.000     3.9503   3.283561     3.9499   3.284910      95.04     0.0121     2.6470     2.3811  1.9785295  1.1184372   48.34658  -46.57922    34.8992    34.9155     3.8810     3.8807    27.7185    27.7315    6.08214    6.28665         15 0.0000e+00
      31859   1327.412    920.000     3.9505   3.283611     3.9501   3.284968      95.70     0.0108     2.6461     2.3811  1.9788336  1.1184372   48.34658  -46.57922    34.8991    34.9155     3.8811     3.8808    27.7184    27.7315    6.07759    6.28719         15 0.0000e+00
      31874   1328.047    921.000     3.9502   3.283626     3.9498   3.284976      96.01     0.0120     2.6456     2.3800  1.9786372  1.1184372   48.34658  -46.57922    34.8990    34.9154     3.8808     3.8804    27.7184    27.7315    6.08281    6.28395         16 0.0000e+00
      31891   1328.766    922.000     3.9505   3.283704     3.9500   3.285035      52.37     0.0122     2.6455     2.3797  1.9788494  1.1184372   48.34658  -46.57922    34.8991    34.9154     3.8810     3.8805    27.7184    27.7315    6.08472    6.28997         19 0.0000e+00
      31918   1329.864    923.000     3.9505   3.283725     3.9501   3.285065      85.86     0.0160     2.6450     2.3791  1.9791161  1.1182705   48.34658  -46.57922    34.8988    34.9152     3.8810     3.8805    27.7182    27.7313    6.08650    6.28872         39 0.0000e+00
      31969   1331.997    924.000     3.9505   3.283761     3.9500   3.285085      68.09     0.0160     2.6439     2.3776  1.9792588  1.1184357   48.34658  -46.57922    34.8988    34.9150     3.8808     3.8803    27.7182    27.7312    6.08329    6.28400         43 0.0000e+00
      31994   1333.044    925.000     3.9503   3.283803     3.9499   3.285156      95.79     0.0158     2.6439     2.3773  1.9796157  1.1188104   48.34657  -46.57920    34.8989    34.9154     3.8806     3.8802    27.7183    27.7315    6.08977    6.29239         20 0.0000e+00
      32013   1333.840    926.000     3.9499   3.283808     3.9497   3.285187      94.84     0.0151     2.6441     2.3774  1.9796287  1.1188229   48.34656  -46.57920    34.8990    34.9154     3.8801     3.8799    27.7184    27.7316    6.08945    6.29421         19 0.0000e+00
      32032   1334.632    927.000     3.9495   3.283827     3.9490   3.285152      62.43     0.0134     2.6436     2.3774  1.9809303  1.1186237   48.34656  -46.57920    34.8990    34.9153     3.8797     3.8791    27.7185    27.7315    6.08196    6.29458         20 0.0000e+00
      32054   1335.538    928.000     3.9502   3.283928     3.9497   3.285261      77.79     0.0125     2.6432     2.3773  1.9830031  1.1184419   48.34656  -46.57920    34.8990    34.9153     3.8802     3.8797    27.7185    27.7315    6.08414    6.29334         24 0.0000e+00
      32084   1336.803    929.000     3.9502   3.283968     3.9498   3.285310      55.26     0.0136     2.6426     2.3770  1.9818636  1.1184372   48.34656  -46.57918    34.8989    34.9153     3.8802     3.8797    27.7184    27.7314    6.08108    6.28778         36 0.0000e+00
