data/CTD/2013/CNV/D021A037.CNV
* Sea-Bird SBE 9 Data File:
* FileName = C:\CTD_ACQUISITION\2013021HUD\ctddata\021A037.hdr
* Software Version Seasave V 7.22.2
* Temperature SN = 5081
* Conductivity SN = 3561
* Number of Bytes Per Scan = 37
* Number of Voltage Words = 4
* Number of Scans Averaged by the Deck Unit = 1
* NMEA Latitude = 48 20.72 N
* NMEA Longitude = 046 35.05 W
* NMEA UTC (Time) = Jul 03 2013 18:21:36
* NMEA baud rate = 9600
** Ship: Hudson
** Cruise: HUD2013021
** Chief_Scientist: Greenan
** Organization: BIO
** Area_of_Operation: Sackville Spur
** Station: 37
** Sounding:  1386
** Event_Comments: SS10  393174
# nquan = 25
# nvalues = 1402                        
# units = specified
# name 0 = scan: Scan Count
# name 1 = timeS: Time, Elapsed [seconds]
# name 2 = prDM: Pressure, Digiquartz [db]
# name 3 = t068C: Temperature [ITS-68, deg C]
# name 4 = c0S/m: Conductivity [S/m]
# name 5 = t168C: Temperature, 2 [ITS-68, deg C]
# name 6 = c1S/m: Conductivity, 2 [S/m]
# name 7 = altM: Altimeter [m]
# name 8 = flCUVA: Fluorescence, Chelsea UV Aquatracka [ug/l]
# name 9 = sbeox0V: Oxygen raw, SBE 43 [V]
# name 10 = sbeox1V: Oxygen raw, SBE 43, 2 [V]
# name 11 = upoly0: Upoly 0, Optode 4330F - O2 D-Phase
# name 12 = upoly1: Upoly 1, Optode 4330F - O2 Temp
# name 13 = latitude: Latitude [deg]
# name 14 = longitude: Longitude [deg]
# name 15 = sal00: Salinity, Practical [PSU]
# name 16 = sal11: Salinity, Practical, 2 [PSU]
# name 17 = potemp068C: Potential Temperature [ITS-68, deg C]
# name 18 = potemp168C: Potential Temperature, 2 [ITS-68, deg C]
# name 19 = sigma-é00: Density [sigma-theta, Kg/m^3]
# name 20 = sigma-é11: Density, 2 [sigma-theta, Kg/m^3]
# name 21 = sbeox0ML/L: Oxygen, SBE 43 [ml/l], WS = 2
# name 22 = sbeox1ML/L: Oxygen, SBE 43, 2 [ml/l], WS = 2
# name 23 = nbin: number of scans per bin
# name 24 = flag: flag
# span 0 =       8228,      43733       
# span 1 =    342.777,   1822.157       
# span 2 =      3.000,   1404.000       
# span 3 =     0.0355,     5.9177       
# span 4 =   2.778010,   3.286905       
# span 5 =     0.0357,     5.9302       
# span 6 =   2.779308,   3.288238       
# span 7 =       5.95,     109.48       
# span 8 =     0.0057,     0.0884       
# span 9 =     2.4525,     3.3618       
# span 10 =     2.2054,     3.0147      
# span 11 =  1.7263629,  2.0415142      
# span 12 =  0.6485524,  1.3662115      
# span 13 =   48.34621,   48.34723      
# span 14 =  -46.58225,  -46.57800      
# span 15 =    32.5982,    34.9154      
# span 16 =    32.6125,    34.9320      
# span 17 =     0.0340,     5.9172      
# span 18 =     0.0342,     5.9297      
# span 19 =    25.6654,    27.7589      
# span 20 =    25.6754,    27.7722      
# span 21 =    5.88609,    7.61517      
# span 22 =    6.09655,    7.76806      
# span 23 =         12,         91      
# span 24 = 0.0000e+00, 0.0000e+00      
# interval = decibars: 1                
# start_time = Jul 03 2013 18:21:36 [NMEA time, header]
# bad_flag = -9.990e-29
*END*
[from data line 1276]
      40355   1681.407   1279.000     3.7513   3.282422     3.7507   3.283764      95.32     0.0143     2.4911     2.2404  2.0294576  1.0940171   48.34696  -46.57828    34.9132    34.9297     3.6534     3.6528    27.7529    27.7660    5.91309    6.12818         25 0.0000e+00
      40376   1682.295   1280.000     3.7511   3.282463     3.7506   3.283798      96.21     0.0139     2.4907     2.2400  2.0293038  1.0940171   48.34696  -46.57828    34.9134    34.9297     3.6531     3.6526    27.7530    27.7661    5.91221    6.13092         19 0.0000e+00
      40394   1683.027   1281.000     3.7507   3.282462     3.7500   3.283799      96.19     0.0172     2.4902     2.2395  2.0301504  1.0940171   48.34696  -46.57828    34.9133    34.9299     3.6526     3.6519    27.7530    27.7663    5.91413    6.13191         16 0.0000e+00
      40410   1683.714   1282.000     3.7504   3.282481     3.7500   3.283841      96.19     0.0209     2.4902     2.2396  2.0298038  1.0940171   48.34696  -46.57827    34.9133    34.9299     3.6523     3.6518    27.7530    27.7663    5.91131    6.13513         17 0.0000e+00
      40427   1684.435   1283.000     3.7478   3.282302     3.7467   3.283590      96.19     0.0177     2.4895     2.2394  2.0302522  1.0940171   48.34696  -46.57826    34.9134    34.9299     3.6496     3.6484    27.7534    27.7667    5.91361    6.13223         18 0.0000e+00
      40449   1685.315   1284.000     3.7460   3.282192     3.7455   3.283544      69.19     0.0144     2.4894     2.2389  2.0305192  1.0940171   48.34696  -46.57826    34.9136    34.9301     3.6477     3.6472    27.7537    27.7669    5.91688    6.13067         25 0.0000e+00
      40478   1686.551   1285.000     3.7465   3.282262     3.7457   3.283592      96.24     0.0171     2.4892     2.2383  2.0301893  1.0935696   48.34696  -46.57827    34.9134    34.9300     3.6481     3.6473    27.7535    27.7668    5.92029    6.12539         33 0.0000e+00
      40507   1687.740   1286.000     3.7460   3.282273     3.7456   3.283632      94.58     0.0159     2.4890     2.2374  2.0294433  1.0927746   48.34697  -46.57827    34.9135    34.9301     3.6476     3.6471    27.7536    27.7669    5.91618    6.12598         23 0.0000e+00
      40528   1688.616   1287.000     3.7459   3.282310     3.7450   3.283630      96.04     0.0155     2.4893     2.2371  2.0300441  1.0932289   48.34698  -46.57826    34.9136    34.9301     3.6474     3.6465    27.7537    27.7670    5.91881    6.13037         20 0.0000e+00
      40547   1689.411   1288.000     3.7461   3.282372     3.7448   3.283659      95.97     0.0175     2.4883     2.2371  2.0305219  1.0935012   48.34698  -46.57826    34.9136    34.9302     3.6475     3.6462    27.7537    27.7671    5.92141    6.12852         19 0.0000e+00
      40567   1690.245   1289.000     3.7455   3.282365     3.7448   3.283697      96.03     0.0177     2.4893     2.2365  2.0305250  1.0936673   48.34698  -46.57826    34.9136    34.9301     3.6468     3.6461    27.7538    27.7671    5.92373    6.12885         21 0.0000e+00
      40590   1691.221   1290.000     3.7460   3.282450     3.7450   3.283749      96.18     0.0185     2.4884     2.2365  2.0293612  1.0928036   48.34696  -46.57826    34.9136    34.9301     3.6473     3.6462    27.7537    27.7670    5.91095    6.13225         26 0.0000e+00
      40616   1692.307   1291.000     3.7466   3.282545     3.7443   3.283743      96.18     0.0181     2.4878     2.2363  2.0294521  1.0927961   48.34696  -46.57826    34.9136    34.9302     3.6478     3.6455    27.7537    27.7671    5.91703    6.13319         25 0.0000e+00
      40639   1693.235   1292.000     3.7453   3.282477     3.7445   3.283801      28.64     0.0160     2.4881     2.2362  2.0305312  1.0927961   48.34698  -46.57826    34.9137    34.9302     3.6464     3.6455    27.7539    27.7672    5.91594    6.13453         20 0.0000e+00
      40657   1694.000   1293.000     3.7455   3.282537     3.7447   3.283870      96.41     0.0147     2.4871     2.2362  2.0305250  1.0927961   48.34698  -46.57826    34.9137    34.9303     3.6464     3.6456    27.7539    27.7673    5.90966    6.13447         17 0.0000e+00
      40674   1694.698   1294.000     3.7454   3.282574     3.7446   3.283911      95.67     0.0146     2.4870     2.2360  2.0302420  1.0927961   48.34698  -46.57826    34.9137    34.9304     3.6463     3.6498    27.7540    27.7674    5.91837    6.13286         17 0.0000e+00
      40691   1695.399   1295.000     3.7452   3.282597     3.7446   3.283952      93.60     0.0159     2.4870     2.2361  2.0298874  1.0927961   48.34698  -46.57826    34.9136    34.9304     3.6460     3.6454    27.7539    27.7674    5.91690    6.13132         17 0.0000e+00
      40709   1696.169   1296.000     3.7451   3.282631     3.7445   3.283977      86.98     0.0167     2.4866     2.2355  2.0297945  1.0927961   48.34698  -46.57824    34.9137    34.9303     3.6458     3.6452    27.7540    27.7673    5.91204    6.12823         20 0.0000e+00
      40734   1697.199   1297.000     3.7448   3.282643     3.7440   3.283970      94.03     0.0130     2.4863     2.2352  2.0304523  1.0927961   48.34698  -46.57824    34.9137    34.9302     3.6454     3.6446    27.7540    27.7673    5.91712    6.12883         31 0.0000e+00
      40770   1698.692   1298.000     3.7447   3.282681     3.7441   3.284020      94.72     0.0150     2.4857     2.2346  2.0314784  1.0927961   48.34698  -46.57824    34.9137    34.9302     3.6453     3.6446    27.7540    27.7672    5.91377    6.12797         35 0.0000e+00
      40797   1699.830   1299.000     3.7449   3.282744     3.7440   3.284061      93.96     0.0165     2.4851     2.2342  2.0323136  1.0927961   48.34698  -46.57824    34.9138    34.9303     3.6453     3.6444    27.7541    27.7674    5.90969    6.12564         22 0.0000e+00
      40817   1700.655   1300.000     3.7449   3.282788     3.7440   3.284102      94.67     0.0171     2.4849     2.2337  2.0315340  1.0927961   48.34698  -46.57824    34.9138    34.9303     3.6453     3.6443    27.7541    27.7674    5.90823    6.12464         18 0.0000e+00
      40835   1701.408   1301.000     3.7455   3.282873     3.7447   3.284214      95.14     0.0192     2.4842     2.2334  2.0305083  1.0927961   48.34698  -46.57824    34.9136    34.9303     3.6458     3.6450    27.7539    27.7673    5.90531    6.12196         18 0.0000e+00
      40853   1702.173   1302.000     3.7453   3.282907     3.7446   3.284246      95.87     0.0195     2.4838     2.2329  2.0305250  1.0928608   48.34700  -46.57824    34.9137    34.9303     3.6455     3.6447    27.7541    27.7674    5.90578    6.12152         19 0.0000e+00
      40874   1703.021   1303.000     3.7451   3.282924     3.7443   3.284255      94.89     0.0209     2.4832     2.2325  2.0300252  1.0927961   48.34700  -46.57824    34.9137    34.9303     3.6452     3.6444    27.7541    27.7673    5.90014    6.12126         22 0.0000e+00
      40897   1704.004   1304.000     3.7435   3.282823     3.7435   3.284225      67.48     0.0220     2.4821     2.2317  2.0300367  1.0927961   48.34700  -46.57824    34.9137    34.9303     3.6435     3.6435    27.7542    27.7674    5.90142    6.11458         25 0.0000e+00
      40921   1705.003   1305.000     3.7422   3.282767     3.7417   3.284113      96.53     0.0163     2.4817     2.2309  2.0313325  1.0927961   48.34700  -46.57824    34.9138    34.9304     3.6422     3.6416    27.7545    27.7677    5.91066    6.11482         22 0.0000e+00
      40942   1705.875   1306.000     3.7428   3.282854     3.7418   3.284168      95.05     0.0133     2.4819     2.2304  2.0317564  1.0927961   48.34700  -46.57824    34.9138    34.9304     3.6427     3.6416    27.7544    27.7677    5.91950    6.11643         20 0.0000e+00
      40961   1706.669   1307.000     3.7412   3.282760     3.7409   3.284144      95.74     0.0169     2.4820     2.2300  2.0320039  1.0927961   48.34700  -46.57823    34.9138    34.9305     3.6410     3.6407    27.7546    27.7679    5.92265    6.11667         19 0.0000e+00
      40980   1707.469   1308.000     3.7410   3.282779     3.7409   3.284172      96.17     0.0202     2.4830     2.2295  2.0322917  1.0927961   48.34700  -46.57822    34.9138    34.9304     3.6407     3.6405    27.7546    27.7678    5.91934    6.11436         20 0.0000e+00
      41002   1708.366   1309.000     3.7403   3.282770     3.7396   3.284110      95.55     0.0225     2.4818     2.2290  2.0321722  1.0926385   48.34700  -46.57822    34.9139    34.9305     3.6400     3.6392    27.7547    27.7680    5.90917    6.11798         23 0.0000e+00
      41027   1709.433   1310.000     3.7403   3.282814     3.7394   3.284130      96.20     0.0163     2.4819     2.2289  2.0319233  1.0916507   48.34702  -46.57822    34.9140    34.9304     3.6398     3.6389    27.7548    27.7680    5.91174    6.11734         27 0.0000e+00
      41053   1710.500   1311.000     3.7406   3.282887     3.7399   3.284220      96.18     0.0128     2.4816     2.2280  2.0318463  1.0916252   48.34702  -46.57822    34.9139    34.9305     3.6401     3.6393    27.7548    27.7680    5.91460    6.11225         24 0.0000e+00
      41074   1711.385   1312.000     3.7408   3.282947     3.7399   3.284274      65.68     0.0159     2.4811     2.2278  2.0322647  1.0919642   48.34702  -46.57822    34.9139    34.9306     3.6402     3.6393    27.7547    27.7681    5.90055    6.11768         19 0.0000e+00
      41093   1712.166   1313.000     3.7413   3.283031     3.7403   3.284350      47.91     0.0169     2.4802     2.2276  2.0321503  1.0919131   48.34702  -46.57822    34.9139    34.9306     3.6406     3.6395    27.7547    27.7681    5.89382    6.11649         18 0.0000e+00
      41111   1712.924   1314.000     3.7415   3.283086     3.7408   3.284434      96.60     0.0141     2.4793     2.2273  2.0327804  1.0923505   48.34702  -46.57822    34.9139    34.9306     3.6407     3.6400    27.7547    27.7680    5.90319    6.12062         19 0.0000e+00
      41131   1713.740   1315.000     3.7380   3.282828     3.7384   3.284260      96.04     0.0177     2.4791     2.2275  2.0329647  1.0925034   48.34702  -46.57822    34.9140    34.9305     3.6372     3.6375    27.7551    27.7683    5.90572    6.12810         21 0.0000e+00
      41154   1714.696   1316.000     3.7354   3.282649     3.7348   3.284004      89.15     0.0167     2.4788     2.2277  2.0335941  1.0920690   48.34702  -46.57822    34.9141    34.9308     3.6345     3.6338    27.7555    27.7688    5.90806    6.12771         25 0.0000e+00
      41179   1715.757   1317.000     3.7345   3.282614     3.7339   3.283964      96.19     0.0176     2.4782     2.2277  2.0341427  1.0915719   48.34702  -46.57822    34.9142    34.9308     3.6335     3.6328    27.7556    27.7689    5.89931    6.11924         25 0.0000e+00
      41202   1716.690   1318.000     3.7338   3.282595     3.7329   3.283921      95.46     0.0146     2.4776     2.2269  2.0343106  1.0915751   48.34702  -46.57822    34.9142    34.9308     3.6327     3.6356    27.7557    27.7691    5.91096    6.11424         20 0.0000e+00
      41220   1717.478   1319.000     3.7331   3.282589     3.7317   3.283867      95.93     0.0160     2.4782     2.2266  2.0342560  1.0915751   48.34702  -46.57822    34.9143    34.9310     3.6320     3.6347    27.7559    27.7693    5.90776    6.12017         18 0.0000e+00
      41238   1718.214   1320.000     3.7311   3.282455     3.7306   3.283808      95.76     0.0148     2.4774     2.2266  2.0340564  1.0915751   48.34704  -46.57820    34.9144    34.9309     3.6298     3.6294    27.7562    27.7694    5.89955    6.12380         18 0.0000e+00
      41257   1718.985   1321.000     3.7279   3.282222     3.7274   3.283584      95.75     0.0133     2.4766     2.2264  2.0343113  1.0915751   48.34704  -46.57820    34.9145    34.9311     3.6266     3.6261    27.7566    27.7698    5.90396    6.12580         19 0.0000e+00
      41281   1720.011   1322.000     3.7271   3.282191     3.7264   3.283539      95.59     0.0175     2.4765     2.2266  2.0342312  1.0915406   48.34703  -46.57820    34.9145    34.9311     3.6257     3.6272    27.7566    27.7700    5.90790    6.12882         33 0.0000e+00
      41324   1721.782   1323.000     3.7269   3.282211     3.7261   3.283547      92.69     0.0168     2.4761     2.2264  2.0351043  1.0902153   48.34702  -46.57820    34.9144    34.9311     3.6254     3.6243    27.7566    27.7700    5.90649    6.12542         40 0.0000e+00
      41351   1722.902   1324.000     3.7269   3.282268     3.7264   3.283622      62.96     0.0195     2.4761     2.2264  2.0330784  1.0906711   48.34703  -46.57820    34.9146    34.9312     3.6254     3.6248    27.7568    27.7700    5.90578    6.12541         20 0.0000e+00
      41368   1723.624   1325.000     3.7278   3.282388     3.7269   3.283712      97.02     0.0179     2.4753     2.2259  2.0318651  1.0906594   48.34704  -46.57820    34.9146    34.9312     3.6262     3.6252    27.7567    27.7700    5.89683    6.12106         16 0.0000e+00
      41383   1724.270   1326.000     3.7276   3.282422     3.7267   3.283751      93.80     0.0153     2.4747     2.2258  2.0322447  1.0909320   48.34704  -46.57820    34.9146    34.9313     3.6259     3.6250    27.7567    27.7701    5.89968    6.12261         15 0.0000e+00
      41399   1724.902   1327.000     3.7274   3.282449     3.7267   3.283783      93.78     0.0145     2.4747     2.2256  2.0331285  1.0904256   48.34704  -46.57820    34.9147    34.9313     3.6256     3.6248    27.7568    27.7701    5.90583    6.11896         16 0.0000e+00
      41415   1725.591   1328.000     3.7272   3.282465     3.7264   3.283808      95.71     0.0151     2.4745     2.2251  2.0332363  1.0903555   48.34704  -46.57820    34.9146    34.9313     3.6253     3.6245    27.7568    27.7702    5.90807    6.11657         18 0.0000e+00
      41435   1726.435   1329.000     3.7271   3.282500     3.7264   3.283840      96.17     0.0146     2.4746     2.2246  2.0338006  1.0903541   48.34704  -46.57820    34.9146    34.9312     3.6252     3.6244    27.7568    27.7701    5.90763    6.11649         23 0.0000e+00
      41463   1727.598   1330.000     3.7271   3.282540     3.7264   3.283878      93.80     0.0222     2.4741     2.2240  2.0351503  1.0903541   48.34704  -46.57820    34.9146    34.9312     3.6251     3.6243    27.7568    27.7701    5.90348    6.11247         31 0.0000e+00
      41490   1728.725   1331.000     3.7270   3.282576     3.7261   3.283900      93.53     0.0157     2.4739     2.2230  2.0353053  1.0903541   48.34704  -46.57820    34.9146    34.9313     3.6249     3.6239    27.7569    27.7702    5.91068    6.11443         23 0.0000e+00
      41511   1729.574   1332.000     3.7272   3.282642     3.7263   3.283955      93.50     0.0128     2.4738     2.2231  2.0354078  1.0903541   48.34704  -46.57819    34.9147    34.9312     3.6250     3.6240    27.7569    27.7701    5.90577    6.12242         19 0.0000e+00
      41529   1730.345   1333.000     3.7273   3.282689     3.7264   3.284022      20.81     0.0112     2.4737     2.2229  2.0353420  1.0903541   48.34704  -46.57818    34.9147    34.9314     3.6249     3.6241    27.7569    27.7703    5.90885    6.11898         18 0.0000e+00
      41548   1731.136   1334.000     3.7278   3.282770     3.7269   3.284100      86.70     0.0130     2.4736     2.2226  2.0342028  1.0903541   48.34704  -46.57818    34.9146    34.9313     3.6254     3.6245    27.7568    27.7701    5.90846    6.11933         20 0.0000e+00
      41570   1732.032   1335.000     3.7277   3.282804     3.7268   3.284137      96.07     0.0131     2.4735     2.2226  2.0340831  1.0903541   48.34704  -46.57818    34.9146    34.9313     3.6252     3.6243    27.7568    27.7702    5.90354    6.11922         23 0.0000e+00
