data/CTD/2013/CNV/D021A040.CNV
* Sea-Bird SBE 9 Data File:
* FileName = C:\CTD_ACQUISITION\2013021HUD\ctddata\021A040.hdr
* Software Version Seasave V 7.22.2
* Temperature SN = 5081
* Conductivity SN = 3561
* Number of Bytes Per Scan = 37
* Number of Voltage Words = 4
* Number of Scans Averaged by the Deck Unit = 1
* NMEA Latitude = 48 29.61 N
* NMEA Longitude = 046 43.71 W
* NMEA UTC (Time) = Jul 03 2013 23:36:18
* NMEA baud rate = 9600
** Ship: Hudson
** Cruise: HUD2013021
** Chief_Scientist: Greenan
** Organization: BIO
** Area_of_Operation: Sackville Spur
** Station: 40
** Sounding:  1744
** Event_Comments: SS07  393180
# nquan = 25
# nvalues = 1637                        
# units = specified
# name 0 = scan: Scan Count
# name 1 = timeS: Time, Elapsed [seconds]
# name 2 = prDM: Pressure, Digiquartz [db]
# name 3 = t068C: Temperature [ITS-68, deg C]
# name 4 = c0S/m: Conductivity [S/m]
# name 5 = t168C: Temperature, 2 [ITS-68, deg C]
# name 6 = c1S/m: Conductivity, 2 [S/m]
# name 7 = altM: Altimeter [m]
# name 8 = flCUVA: Fluorescence, Chelsea UV Aquatracka [ug/l]
# name 9 = sbeox0V: Oxygen raw, SBE 43 [V]
# name 10 = sbeox1V: Oxygen raw, SBE 43, 2 [V]
# name 11 = upoly0: Upoly 0, Optode 4330F - O2 D-Phase
# name 12 = upoly1: Upoly 1, Optode 4330F - O2 Temp
# name 13 = latitude: Latitude [deg]
# name 14 = longitude: Longitude [deg]
# name 15 = sal00: Salinity, Practical [PSU]
# name 16 = sal11: Salinity, Practical, 2 [PSU]
# name 17 = potemp068C: Potential Temperature [ITS-68, deg C]
# name 18 = potemp168C: Potential Temperature, 2 [ITS-68, deg C]
# name 19 = sigma-é00: Density [sigma-theta, Kg/m^3]
# name 20 = sigma-é11: Density, 2 [sigma-theta, Kg/m^3]
# name 21 = sbeox0ML/L: Oxygen, SBE 43 [ml/l], WS = 2
# name 22 = sbeox1ML/L: Oxygen, SBE 43, 2 [ml/l], WS = 2
# name 23 = nbin: number of scans per bin
# name 24 = flag: flag
# span 0 =      10171,      47575       
# span 1 =    423.766,   1982.269       
# span 2 =      2.000,   1638.000       
# span 3 =     3.1443,     7.1683       
# span 4 =   3.114601,   3.409971       
# span 5 =     3.1438,     7.1677       
# span 6 =   3.116022,   3.411424       
# span 7 =     -36.81,     101.49       
# span 8 =     0.0052,     0.5660       
# span 9 =     2.3824,     3.4496       
# span 10 =     2.1428,     3.0741      
# span 11 =  1.6998008,  2.0626963      
# span 12 =  1.0187565,  1.5251925      
# span 13 =   48.49368,   48.49424      
# span 14 =  -46.73144,  -46.72963      
# span 15 =    33.2796,    34.9218      
# span 16 =    33.2943,    34.9389      
# span 17 =     3.1381,     7.1679      
# span 18 =     3.1377,     7.1673      
# span 19 =    26.0428,    27.7986      
# span 20 =    26.0543,    27.8124      
# span 21 =    5.85853,    7.54683      
# span 22 =    6.09326,    7.65170      
# span 23 =         11,         98      
# span 24 = 0.0000e+00, 0.0000e+00      
# interval = decibars: 1                
# start_time = Jul 03 2013 23:36:18 [NMEA time, header]
# bad_flag = -9.990e-29
*END*
[from data line 1566]
      46033   1917.994   1568.000     3.4429   3.267756     3.4421   3.269125      95.40     0.0125     2.3982     2.1586  2.0596941  1.0549451   48.49406  -46.73004    34.9210    34.9382     3.3232     3.3223    27.7916    27.8054    5.88749    6.11395         16 0.0000e+00
      46049   1918.667   1569.000     3.4424   3.267748     3.4416   3.269117      82.13     0.0104     2.3984     2.1584  2.0595417  1.0549451   48.49406  -46.73004    34.9210    34.9382     3.3226     3.3218    27.7916    27.8054    5.89405    6.11403         17 0.0000e+00
      46065   1919.334   1570.000     3.4427   3.267812     3.4418   3.269174      85.55     0.0113     2.3985     2.1579  2.0593760  1.0549451   48.49406  -46.73004    34.9210    34.9382     3.3228     3.3218    27.7916    27.8054    5.88458    6.11221         16 0.0000e+00
      46081   1920.018   1571.000     3.4424   3.267822     3.4415   3.269187      19.81     0.0155     2.3978     2.1576  2.0596752  1.0549451   48.49406  -46.73004    34.9210    34.9382     3.3224     3.3214    27.7916    27.8055    5.88199    6.11834         16 0.0000e+00
      46099   1920.733   1572.000     3.4416   3.267788     3.4409   3.269178      94.30     0.0190     2.3977     2.1577  2.0594208  1.0549451   48.49406  -46.73004    34.9209    34.9382     3.3215     3.3208    27.7917    27.8055    5.88592    6.11875         18 0.0000e+00
      46117   1921.512   1573.000     3.4408   3.267762     3.4402   3.269144      95.28     0.0165     2.3974     2.1573  2.0588586  1.0539191   48.49406  -46.73004    34.9210    34.9380     3.3206     3.3200    27.7918    27.8055    5.88440    6.11308         20 0.0000e+00
      46138   1922.382   1574.000     3.4408   3.267799     3.4401   3.269180      77.15     0.0142     2.3974     2.1570  2.0586665  1.0537270   48.49406  -46.73004    34.9209    34.9380     3.3205     3.3198    27.7918    27.8055    5.88817    6.11680         22 0.0000e+00
      46162   1923.392   1575.000     3.4407   3.267830     3.4401   3.269223      60.53     0.0114     2.3971     2.1568  2.0585616  1.0537241   48.49406  -46.73004    34.9209    34.9380     3.3203     3.3198    27.7918    27.8055    5.88863    6.11946         26 0.0000e+00
      46188   1924.469   1576.000     3.4407   3.267868     3.4400   3.269248      96.01     0.0129     2.3970     2.1566  2.0585098  1.0537241   48.49406  -46.73002    34.9208    34.9379     3.3202     3.3196    27.7917    27.8054    5.89031    6.11952         25 0.0000e+00
      46211   1925.430   1577.000     3.4402   3.267874     3.4397   3.269265      75.60     0.0146     2.3970     2.1565  2.0587862  1.0537241   48.49406  -46.73002    34.9209    34.9380     3.3197     3.3192    27.7919    27.8055    5.89310    6.12101         21 0.0000e+00
      46231   1926.268   1578.000     3.4399   3.267895     3.4393   3.269276      30.63     0.0131     2.3971     2.1564  2.0587304  1.0537241   48.49406  -46.73002    34.9209    34.9380     3.3193     3.3187    27.7919    27.8056    5.89145    6.11819         20 0.0000e+00
      46250   1927.060   1579.000     3.4390   3.267853     3.4391   3.269292      77.96     0.0123     2.3965     2.1560  2.0587437  1.0537241   48.49406  -46.73002    34.9209    34.9379     3.3184     3.3184    27.7920    27.8055    5.88611    6.11712         18 0.0000e+00
      46270   1927.862   1580.000     3.4388   3.267869     3.4381   3.269243      94.55     0.0122     2.3968     2.1559  2.0587916  1.0537241   48.49406  -46.73002    34.9209    34.9380     3.3180     3.3173    27.7920    27.8057    5.88871    6.12129         20 0.0000e+00
      46290   1928.713   1581.000     3.4386   3.267898     3.4380   3.269268      49.21     0.0140     2.3962     2.1559  2.0588994  1.0537241   48.49406  -46.73001    34.9209    34.9379     3.3178     3.3171    27.7920    27.8057    5.89886    6.12081         21 0.0000e+00
      46312   1929.632   1582.000     3.4385   3.267927     3.4377   3.269289      79.55     0.0150     2.3972     2.1556  2.0595148  1.0537241   48.49406  -46.73000    34.9209    34.9379     3.3176     3.3167    27.7920    27.8057    5.89826    6.11695         23 0.0000e+00
      46334   1930.561   1583.000     3.4384   3.267955     3.4377   3.269330      94.49     0.0105     2.3964     2.1552  2.0598285  1.0537241   48.49406  -46.73000    34.9209    34.9380     3.3173     3.3166    27.7920    27.8058    5.89038    6.11276         22 0.0000e+00
      46355   1931.426   1584.000     3.4382   3.267979     3.4374   3.269351      74.93     0.0099     2.3965     2.1548  2.0591061  1.0537241   48.49406  -46.73000    34.9208    34.9380     3.3171     3.3163    27.7921    27.8058    5.88929    6.11584         20 0.0000e+00
      46375   1932.240   1585.000     3.4372   3.267933     3.4365   3.269309      47.73     0.0107     2.3960     2.1546  2.0586777  1.0537241   48.49406  -46.73000    34.9208    34.9379     3.3160     3.3153    27.7921    27.8059    5.88624    6.11492         19 0.0000e+00
      46394   1933.038   1586.000     3.4369   3.267947     3.4360   3.269311      95.86     0.0103     2.3955     2.1541  2.0586083  1.0537241   48.49406  -46.73000    34.9209    34.9380     3.3156     3.3147    27.7922    27.8060    5.88120    6.10512         19 0.0000e+00
      46413   1933.841   1587.000     3.4363   3.267942     3.4356   3.269308      72.50     0.0111     2.3948     2.1533  2.0584784  1.0537241   48.49406  -46.73000    34.9209    34.9379     3.3150     3.3142    27.7923    27.8060    5.88335    6.10607         19 0.0000e+00
      46432   1934.637   1588.000     3.4357   3.267930     3.4349   3.269295      10.50     0.0093     2.3944     2.1530  2.0584795  1.0537241   48.49406  -46.73000    34.9209    34.9380     3.3143     3.3135    27.7924    27.8061    5.88504    6.11385         19 0.0000e+00
      46451   1935.415   1589.000     3.4348   3.267882     3.4341   3.269258      63.49     0.0100     2.3944     2.1528  2.0598257  1.0537241   48.49406  -46.73000    34.9208    34.9379     3.3133     3.3125    27.7924    27.8061    5.88378    6.11753         19 0.0000e+00
      46469   1936.187   1590.000     3.4334   3.267801     3.4326   3.269174      94.87     0.0112     2.3936     2.1529  2.0599647  1.0537241   48.49406  -46.73000    34.9209    34.9380     3.3118     3.3110    27.7926    27.8063    5.87716    6.11773         18 0.0000e+00
      46489   1936.985   1591.000     3.4328   3.267775     3.4319   3.269144      89.13     0.0114     2.3930     2.1525  2.0603814  1.0536625   48.49406  -46.73000    34.9207    34.9379     3.3111     3.3102    27.7925    27.8063    5.88118    6.11420         20 0.0000e+00
      46509   1937.830   1592.000     3.4314   3.267698     3.4301   3.269030      32.74     0.0124     2.3927     2.1522  2.0594258  1.0535501   48.49406  -46.72999    34.9207    34.9379     3.3097     3.3084    27.7927    27.8065    5.88556    6.11452         21 0.0000e+00
      46530   1938.689   1593.000     3.4292   3.267547     3.4285   3.268919      89.13     0.0123     2.3926     2.1520  2.0589733  1.0534797   48.49406  -46.72998    34.9207    34.9379     3.3074     3.3067    27.7929    27.8066    5.88969    6.11733         20 0.0000e+00
      46549   1939.496   1594.000     3.4286   3.267527     3.4278   3.268909      96.51     0.0128     2.3924     2.1520  2.0594316  1.0526208   48.49406  -46.72998    34.9206    34.9379     3.3067     3.3059    27.7929    27.8068    5.88227    6.12009         18 0.0000e+00
      46567   1940.231   1595.000     3.4283   3.267552     3.4276   3.268929      96.35     0.0104     2.3921     2.1519  2.0591009  1.0524988   48.49406  -46.72998    34.9208    34.9379     3.3064     3.3056    27.7930    27.8068    5.88417    6.12068         17 0.0000e+00
      46583   1940.927   1596.000     3.4273   3.267504     3.4268   3.268897      23.24     0.0118     2.3915     2.1519  2.0595481  1.0525031   48.49406  -46.72998    34.9208    34.9378     3.3053     3.3048    27.7932    27.8068    5.89420    6.11892         17 0.0000e+00
      46600   1941.625   1597.000     3.4255   3.267379     3.4249   3.268770      87.49     0.0120     2.3926     2.1516  2.0596852  1.0525031   48.49406  -46.72998    34.9207    34.9379     3.3034     3.3027    27.7933    27.8071    5.89543    6.11884         17 0.0000e+00
      46618   1942.364   1598.000     3.4236   3.267247     3.4228   3.268620      96.15     0.0099     2.3916     2.1516  2.0591938  1.0525031   48.49406  -46.72998    34.9207    34.9379     3.3014     3.3006    27.7934    27.8072    5.88797    6.12358         19 0.0000e+00
      46637   1943.183   1599.000     3.4227   3.267202     3.4218   3.268566      94.55     0.0091     2.3918     2.1515  2.0602603  1.0525031   48.49406  -46.72998    34.9206    34.9378     3.3004     3.2995    27.7935    27.8073    5.89043    6.12231         21 0.0000e+00
      46659   1944.099   1600.000     3.4217   3.267158     3.4212   3.268548      33.89     0.0119     2.3913     2.1513  2.0611005  1.0525031   48.49406  -46.72998    34.9206    34.9377     3.2994     3.2989    27.7935    27.8072    5.88316    6.11527         22 0.0000e+00
      46682   1945.057   1601.000     3.4179   3.266854     3.4167   3.268185      51.64     0.0138     2.3906     2.1507  2.0604556  1.0522872   48.49406  -46.72998    34.9205    34.9376     3.2956     3.2943    27.7938    27.8077    5.88972    6.11836         23 0.0000e+00
      46705   1945.991   1602.000     3.4152   3.266655     3.4144   3.268022      94.03     0.0163     2.3910     2.1507  2.0590901  1.0523372   48.49406  -46.72998    34.9205    34.9376     3.2928     3.2919    27.7941    27.8079    5.88924    6.12527         22 0.0000e+00
      46727   1946.900   1603.000     3.4135   3.266539     3.4127   3.267916      96.26     0.0208     2.3903     2.1507  2.0589960  1.0521135   48.49406  -46.72997    34.9205    34.9377     3.2910     3.2902    27.7943    27.8081    5.88660    6.12475         22 0.0000e+00
      46748   1947.796   1604.000     3.4119   3.266436     3.4109   3.267786      96.43     0.0192     2.3899     2.1505  2.0595996  1.0512776   48.49406  -46.72996    34.9204    34.9376     3.2893     3.2883    27.7944    27.8082    5.89004    6.11739         21 0.0000e+00
      46769   1948.665   1605.000     3.4109   3.266382     3.4102   3.267773      53.71     0.0203     2.3900     2.1500  2.0595846  1.0512820   48.49406  -46.72996    34.9204    34.9376     3.2882     3.2876    27.7944    27.8082    5.88995    6.11545         20 0.0000e+00
      46788   1949.479   1606.000     3.4097   3.266329     3.4093   3.267728      67.07     0.0195     2.3893     2.1495  2.0597034  1.0512820   48.49406  -46.72996    34.9204    34.9376     3.2870     3.2865    27.7946    27.8084    5.87832    6.11922         19 0.0000e+00
      46806   1950.227   1607.000     3.4094   3.266339     3.4088   3.267732      96.26     0.0150     2.3889     2.1495  2.0588813  1.0512820   48.49406  -46.72996    34.9204    34.9376     3.2866     3.2860    27.7946    27.8085    5.89275    6.12461         18 0.0000e+00
      46823   1950.933   1608.000     3.4081   3.266263     3.4073   3.267639      76.23     0.0130     2.3892     2.1495  2.0597477  1.0512820   48.49406  -46.72996    34.9204    34.9376     3.2853     3.2844    27.7947    27.8086    5.89131    6.12559         16 0.0000e+00
      46840   1951.616   1609.000     3.4066   3.266166     3.4060   3.267565      24.14     0.0135     2.3887     2.1494  2.0622394  1.0511402   48.49406  -46.72996    34.9204    34.9376     3.2836     3.2830    27.7949    27.8087    5.88752    6.12319         17 0.0000e+00
      46856   1952.304   1610.000     3.4048   3.266061     3.4046   3.267474      50.28     0.0133     2.3886     2.1491  2.0622711  1.0511296   48.49408  -46.72996    34.9205    34.9376     3.2818     3.2815    27.7951    27.8088    5.89300    6.12170         16 0.0000e+00
      46874   1953.025   1611.000     3.4013   3.265780     3.4007   3.267171      96.57     0.0120     2.3883     2.1491  2.0615201  1.0508052   48.49408  -46.72996    34.9203    34.9375     3.2783     3.2776    27.7954    27.8092    5.89197    6.12149         18 0.0000e+00
      46893   1953.818   1612.000     3.3989   3.265613     3.3996   3.267110      37.56     0.0145     2.3884     2.1486  2.0596323  1.0500749   48.49408  -46.72996    34.9203    34.9375     3.2758     3.2765    27.7956    27.8092    5.89695    6.12348         21 0.0000e+00
      46915   1954.744   1613.000     3.3982   3.265579     3.3969   3.266905      87.65     0.0118     2.3882     2.1485  2.0596247  1.0500611   48.49408  -46.72996    34.9202    34.9374     3.2751     3.2737    27.7956    27.8094    5.90028    6.12284         24 0.0000e+00
      46941   1955.835   1614.000     3.3977   3.265574     3.3965   3.266905      96.06     0.0110     2.3885     2.1480  2.0597386  1.0494725   48.49408  -46.72996    34.9202    34.9374     3.2745     3.2732    27.7956    27.8095    5.88885    6.11532         27 0.0000e+00
      46966   1956.872   1615.000     3.3980   3.265641     3.3977   3.267058      34.67     0.0131     2.3875     2.1473  2.0599434  1.0492808   48.49408  -46.72995    34.9202    34.9374     3.2747     3.2743    27.7956    27.8094    5.89490    6.11893         22 0.0000e+00
      46986   1957.711   1616.000     3.3964   3.265550     3.3960   3.266952      40.48     0.0119     2.3881     2.1472  2.0623364  1.0488276   48.49408  -46.72994    34.9203    34.9373     3.2730     3.2726    27.7958    27.8095    5.89910    6.12507         18 0.0000e+00
      47003   1958.432   1617.000     3.3960   3.265548     3.3950   3.266902      96.09     0.0135     2.3875     2.1472  2.0622711  1.0489134   48.49408  -46.72994    34.9203    34.9374     3.2725     3.2714    27.7959    27.8097    5.89007    6.12574         17 0.0000e+00
      47020   1959.110   1618.000     3.3942   3.265439     3.3936   3.266825      94.80     0.0134     2.3875     2.1470  2.0618861  1.0488393   48.49408  -46.72994    34.9204    34.9375     3.2706     3.2700    27.7961    27.8099    5.89414    6.12676         16 0.0000e+00
      47036   1959.802   1619.000     3.3909   3.265182     3.3905   3.266587      94.04     0.0128     2.3872     2.1472  2.0611835  1.0488400   48.49408  -46.72994    34.9203    34.9375     3.2673     3.2668    27.7964    27.8102    5.89130    6.12913         17 0.0000e+00
      47054   1960.557   1620.000     3.3892   3.265072     3.3886   3.266454      95.15     0.0145     2.3866     2.1470  2.0611117  1.0488400   48.49408  -46.72994    34.9203    34.9374     3.2655     3.2649    27.7966    27.8103    5.89099    6.12987         20 0.0000e+00
      47076   1961.462   1621.000     3.3879   3.264988     3.3871   3.266353      67.65     0.0178     2.3865     2.1471  2.0619001  1.0488400   48.49408  -46.72994    34.9202    34.9373     3.2642     3.2710    27.7966    27.8103    5.89204    6.13197         24 0.0000e+00
      47104   1962.629   1622.000     3.3855   3.264808     3.3848   3.266190      72.22     0.0160     2.3858     2.1467  2.0620351  1.0487610   48.49410  -46.72994    34.9201    34.9373     3.2617     3.2609    27.7968    27.8105    5.88754    6.11892         31 0.0000e+00
      47134   1963.869   1623.000     3.3847   3.264779     3.3839   3.266160      53.78     0.0166     2.3855     2.1459  2.0610209  1.0477715   48.49410  -46.72994    34.9201    34.9373     3.2608     3.2600    27.7969    27.8107    5.90127    6.12401         27 0.0000e+00
      47158   1964.867   1624.000     3.3841   3.264774     3.3836   3.266168      34.02     0.0190     2.3857     2.1458  2.0612187  1.0478978   48.49410  -46.72994    34.9202    34.9373     3.2601     3.2595    27.7970    27.8107    5.89079    6.12784         22 0.0000e+00
