data/CTD/2013/CNV/D021A031.CNV
* Sea-Bird SBE 9 Data File:
* FileName = C:\CTD_ACQUISITION\2013021HUD\ctddata\021A031.hdr
* Software Version Seasave V 7.22.2
* Temperature SN = 5081
* Conductivity SN = 3561
* Number of Bytes Per Scan = 37
* Number of Voltage Words = 4
* Number of Scans Averaged by the Deck Unit = 1
* NMEA Latitude = 48 06.04 N
* NMEA Longitude = 046 18.73 W
* NMEA UTC (Time) = Jul 03 2013 05:51:30
* NMEA baud rate = 9600
** Ship: Hudson
** Cruise: HUD2013021
** Chief_Scientist: Greenan
** Organization: BIO
** Area_of_Operation: Sackville Spur
** Station: 31
** Sounding:  1179
** Event_Comments: SS15  393147
# nquan = 25
# nvalues = 1163                        
# units = specified
# name 0 = scan: Scan Count
# name 1 = timeS: Time, Elapsed [seconds]
# name 2 = prDM: Pressure, Digiquartz [db]
# name 3 = t068C: Temperature [ITS-68, deg C]
# name 4 = c0S/m: Conductivity [S/m]
# name 5 = t168C: Temperature, 2 [ITS-68, deg C]
# name 6 = c1S/m: Conductivity, 2 [S/m]
# name 7 = altM: Altimeter [m]
# name 8 = flCUVA: Fluorescence, Chelsea UV Aquatracka [ug/l]
# name 9 = sbeox0V: Oxygen raw, SBE 43 [V]
# name 10 = sbeox1V: Oxygen raw, SBE 43, 2 [V]
# name 11 = upoly0: Upoly 0, Optode 4330F - O2 D-Phase
# name 12 = upoly1: Upoly 1, Optode 4330F - O2 Temp
# name 13 = latitude: Latitude [deg]
# name 14 = longitude: Longitude [deg]
# name 15 = sal00: Salinity, Practical [PSU]
# name 16 = sal11: Salinity, Practical, 2 [PSU]
# name 17 = potemp068C: Potential Temperature [ITS-68, deg C]
# name 18 = potemp168C: Potential Temperature, 2 [ITS-68, deg C]
# name 19 = sigma-é00: Density [sigma-theta, Kg/m^3]
# name 20 = sigma-é11: Density, 2 [sigma-theta, Kg/m^3]
# name 21 = sbeox0ML/L: Oxygen, SBE 43 [ml/l], WS = 2
# name 22 = sbeox1ML/L: Oxygen, SBE 43, 2 [ml/l], WS = 2
# name 23 = nbin: number of scans per bin
# name 24 = flag: flag
# span 0 =      11506,      39905       
# span 1 =    479.388,   1662.673       
# span 2 =      2.000,   1164.000       
# span 3 =     0.5860,     6.2145       
# span 4 =   2.854734,   3.277917       
# span 5 =     0.5872,     6.2145       
# span 6 =   2.856862,   3.279251       
# span 7 =       0.88,     103.52       
# span 8 =     0.0045,     0.3297       
# span 9 =     2.5132,     3.4300       
# span 10 =     2.2636,     3.0342      
# span 11 =  1.7253807,  2.0300997      
# span 12 =  0.7399759,  1.4068791      
# span 13 =   48.10066,   48.10150      
# span 14 =  -46.31436,  -46.31294      
# span 15 =    32.8907,    34.9134      
# span 16 =    32.9054,    34.9298      
# span 17 =     0.5844,     6.2139      
# span 18 =     0.5855,     6.2138      
# span 19 =    25.8597,    27.7545      
# span 20 =    25.8714,    27.7677      
# span 21 =    5.89991,    7.55975      
# span 22 =    6.11664,    7.52012      
# span 23 =         10,        114      
# span 24 = 0.0000e+00, 0.0000e+00      
# interval = decibars: 1                
# start_time = Jul 03 2013 05:51:30 [NMEA time, header]
# bad_flag = -9.990e-29
*END*
[from data line 406]
      23363    973.397    408.000     3.9931   3.261026     3.9925   3.262329      95.89     0.0144     2.8203     2.5353  1.9497864  1.1233212   48.10106  -46.31378    34.8544    34.8704     3.9638     3.9633    27.6742    27.6870    6.18769    6.36467         16 0.0000e+00
      23377    974.005    409.000     3.9954   3.261334     3.9951   3.262656      96.96     0.0113     2.8196     2.5343  1.9493402  1.1233212   48.10106  -46.31378    34.8550    34.8711     3.9660     3.9657    27.6745    27.6873    6.18273    6.35968         14 0.0000e+00
      23392    974.605    410.000     3.9974   3.261600     3.9968   3.262883      96.79     0.0119     2.8195     2.5339  1.9503905  1.1233212   48.10106  -46.31378    34.8555    34.8714     3.9680     3.9674    27.6747    27.6874    6.18230    6.35625         15 0.0000e+00
      23408    975.281    411.000     4.0052   3.262475     4.0041   3.263700      96.82     0.0136     2.8189     2.5329  1.9511265  1.1233212   48.10106  -46.31378    34.8571    34.8728     3.9757     3.9746    27.6752    27.6878    6.18117    6.34985         18 0.0000e+00
      23430    976.212    412.000     4.0119   3.263211     4.0115   3.264506      96.41     0.0084     2.8190     2.5316  1.9511166  1.1234514   48.10106  -46.31378    34.8582    34.8739     3.9823     3.9819    27.6753    27.6879    6.18325    6.35373         27 0.0000e+00
      23458    977.360    413.000     4.0122   3.263308     4.0123   3.264655      77.94     0.0060     2.8180     2.5314  1.9511610  1.1244687   48.10106  -46.31380    34.8585    34.8743     3.9825     3.9826    27.6756    27.6882    6.17811    6.36740         25 0.0000e+00
      23478    978.227    414.000     4.0114   3.263278     4.0113   3.264614      64.38     0.0083     2.8184     2.5318  1.9510922  1.1244743   48.10108  -46.31380    34.8585    34.8744     3.9816     3.9815    27.6757    27.6883    6.18505    6.36897         18 0.0000e+00
      23495    978.923    415.000     4.0099   3.263191     4.0103   3.264575      97.15     0.0138     2.8181     2.5318  1.9499290  1.1257743   48.10108  -46.31380    34.8585    34.8745     3.9800     3.9804    27.6758    27.6885    6.17799    6.36811         15 0.0000e+00
      23511    979.579    416.000     4.0106   3.263346     4.0105   3.264687      96.54     0.0165     2.8173     2.5318  1.9499389  1.1257632   48.10108  -46.31380    34.8590    34.8751     3.9807     3.9805    27.6762    27.6890    6.17163    6.36758         16 0.0000e+00
      23528    980.283    417.000     4.0123   3.263554     4.0120   3.264893      96.73     0.0163     2.8164     2.5318  1.9499389  1.1257632   48.10108  -46.31380    34.8592    34.8753     3.9823     3.9820    27.6762    27.6890    6.16789    6.36595         19 0.0000e+00
      23549    981.186    418.000     4.0158   3.263963     4.0156   3.265300      96.86     0.0136     2.8153     2.5314  1.9499389  1.1257632   48.10106  -46.31380    34.8598    34.8758     3.9857     3.9855    27.6763    27.6890    6.16635    6.35957         26 0.0000e+00
      23578    982.387    419.000     4.0237   3.264852     4.0217   3.265985      96.70     0.0095     2.8140     2.5300  1.9494709  1.1257632   48.10106  -46.31380    34.8614    34.8770     3.9935     3.9915    27.6768    27.6894    6.15960    6.33965         29 0.0000e+00
      23606    983.527    420.000     4.0367   3.266242     4.0355   3.267456      78.58     0.0146     2.8123     2.5279  1.9487135  1.1257632   48.10106  -46.31380    34.8636    34.8792     4.0064     4.0052    27.6771    27.6897    6.15924    6.33956         26 0.0000e+00
      23631    984.575    421.000     4.0412   3.266783     4.0404   3.268041      73.93     0.0154     2.8117     2.5272  1.9493963  1.1263931   48.10107  -46.31380    34.8647    34.8804     4.0108     4.0100    27.6775    27.6901    6.15430    6.35129         25 0.0000e+00
      23655    985.599    422.000     4.0429   3.267014     4.0430   3.268355      96.81     0.0089     2.8104     2.5275  1.9499472  1.1269933   48.10108  -46.31380    34.8651    34.8809     4.0124     4.0125    27.6777    27.6902    6.16086    6.35289         23 0.0000e+00
      23677    986.490    423.000     4.0450   3.267325     4.0437   3.268531      96.37     0.0103     2.8109     2.5270  1.9504715  1.1274502   48.10108  -46.31380    34.8660    34.8817     4.0144     4.0131    27.6782    27.6908    6.16722    6.35844         19 0.0000e+00
      23694    987.200    424.000     4.0515   3.268081     4.0512   3.269394      96.98     0.0112     2.8103     2.5282  1.9511721  1.1282184   48.10108  -46.31382    34.8676    34.8835     4.0208     4.0205    27.6788    27.6915    6.16642    6.36915         16 0.0000e+00
      23708    987.802    425.000     4.0518   3.268173     4.0518   3.269509      96.22     0.0102     2.8111     2.5283  1.9511600  1.1282052   48.10108  -46.31382    34.8678    34.8836     4.0210     4.0210    27.6790    27.6916    6.17375    6.36108         13 0.0000e+00
      23722    988.360    426.000     4.0542   3.268498     4.0544   3.269864      96.48     0.0129     2.8110     2.5288  1.9510719  1.1283814   48.10108  -46.31382    34.8684    34.8846     4.0235     4.0236    27.6792    27.6920    6.17269    6.35564         14 0.0000e+00
      23735    988.930    427.000     4.0429   3.267376     4.0437   3.268789      96.07     0.0108     2.8118     2.5281  1.9509006  1.1294124   48.10108  -46.31382    34.8664    34.8827     4.0124     4.0129    27.6787    27.6916    6.18081    6.34866         14 0.0000e+00
      23752    989.625    428.000     4.0202   3.265198     4.0208   3.266612      85.54     0.0100     2.8120     2.5273  1.9509805  1.1294261   48.10108  -46.31382    34.8644    34.8805     3.9894     3.9900    27.6796    27.6923    6.17950    6.35039         21 0.0000e+00
      23803    991.766    429.000     4.0169   3.264893     4.0206   3.266590      79.74     0.0119     2.8117     2.5265  1.9513153  1.1297181   48.10106  -46.31382    34.8638    34.8800     3.9860     3.9897    27.6794    27.6919    6.17509    6.36158         52 0.0000e+00
      23838    993.203    430.000     4.0177   3.265035     4.0180   3.266407      96.23     0.0127     2.8115     2.5269  1.9524056  1.1269237   48.10106  -46.31382    34.8641    34.8801     3.9867     3.9870    27.6796    27.6923    6.17393    6.36994         19 0.0000e+00
      23854    993.884    431.000     4.0248   3.265838     4.0237   3.267072      95.86     0.0174     2.8111     2.5275  1.9523809  1.1271491   48.10106  -46.31382    34.8656    34.8815     3.9937     3.9926    27.6800    27.6928    6.17522    6.36884         15 0.0000e+00
      23869    994.495    432.000     4.0289   3.266304     4.0280   3.267561      96.26     0.0152     2.8113     2.5275  1.9517541  1.1275171   48.10106  -46.31382    34.8662    34.8820     3.9977     3.9968    27.6801    27.6928    6.17574    6.36208         14 0.0000e+00
      23883    995.087    433.000     4.0294   3.266405     4.0292   3.267727      95.84     0.0154     2.8105     2.5271  1.9511560  1.1282097   48.10106  -46.31382    34.8664    34.8823     3.9981     3.9979    27.6802    27.6929    6.17089    6.35464         15 0.0000e+00
      23898    995.729    434.000     4.0255   3.266047     4.0256   3.267406      96.43     0.0186     2.8108     2.5266  1.9511600  1.1282052   48.10106  -46.31382    34.8657    34.8817     3.9941     3.9942    27.6801    27.6928    6.17011    6.35533         17 0.0000e+00
      23917    996.513    435.000     4.0207   3.265620     4.0204   3.266943      47.93     0.0202     2.8100     2.5263  1.9517206  1.1282052   48.10106  -46.31382    34.8652    34.8811     3.9893     3.9890    27.6802    27.6929    6.16518    6.35501         21 0.0000e+00
      23939    997.430    436.000     4.0197   3.265562     4.0195   3.266893      96.45     0.0148     2.8090     2.5252  1.9523907  1.1281462   48.10108  -46.31384    34.8651    34.8810     3.9882     3.9880    27.6802    27.6929    6.16485    6.35174         21 0.0000e+00
      23959    998.265    437.000     4.0211   3.265771     4.0211   3.267123      96.43     0.0155     2.8084     2.5249  1.9523154  1.1280100   48.10108  -46.31384    34.8655    34.8814     3.9895     3.9895    27.6804    27.6930    6.16459    6.35781         19 0.0000e+00
      23978    999.023    438.000     4.0275   3.266487     4.0288   3.267967      96.83     0.0159     2.8077     2.5246  1.9514283  1.1269807   48.10106  -46.31384    34.8674    34.8832     3.9952     3.9987    27.6813    27.6937    6.15716    6.35073         18 0.0000e+00
      23998    999.857    439.000     4.0473   3.268635     4.0476   3.269989      96.24     0.0187     2.8064     2.5236  1.9515815  1.1269841   48.10106  -46.31384    34.8707    34.8865     4.0155     4.0158    27.6818    27.6943    6.15374    6.33542         23 0.0000e+00
      24030   1001.217    440.000     4.0518   3.269145     4.0517   3.270458      96.75     0.0150     2.8048     2.5216  1.9522585  1.1270130   48.10106  -46.31384    34.8713    34.8871     4.0200     4.0198    27.6818    27.6944    6.14312    6.33548         42 0.0000e+00
      24067   1002.740    441.000     4.0531   3.269320     4.0526   3.270612      57.98     0.0164     2.8023     2.5208  1.9515663  1.1286176   48.10106  -46.31385    34.8716    34.8873     4.0211     4.0207    27.6820    27.6945    6.13765    6.34521         29 0.0000e+00
      24091   1003.740    442.000     4.0663   3.270772     4.0635   3.271830      97.11     0.0131     2.8018     2.5208  1.9512173  1.1296200   48.10106  -46.31386    34.8742    34.8897     4.0343     4.0314    27.6826    27.6953    6.14874    6.34286         20 0.0000e+00
      24109   1004.480    443.000     4.0758   3.271820     4.0753   3.273093      96.69     0.0135     2.8013     2.5204  1.9516181  1.1300370   48.10106  -46.31386    34.8760    34.8916     4.0437     4.0431    27.6831    27.6956    6.15039    6.34403         16 0.0000e+00
      24123   1005.095    444.000     4.0758   3.271857     4.0756   3.273192      96.87     0.0116     2.8015     2.5207  1.9521121  1.1306385   48.10106  -46.31386    34.8759    34.8919     4.0435     4.0434    27.6830    27.6958    6.15168    6.34969         14 0.0000e+00
      24137   1005.657    445.000     4.0749   3.271827     4.0749   3.273168      96.71     0.0154     2.8017     2.5211  1.9522841  1.1306472   48.10106  -46.31386    34.8760    34.8918     4.0426     4.0426    27.6832    27.6958    6.14870    6.34954         13 0.0000e+00
      24150   1006.203    446.000     4.0742   3.271791     4.0741   3.273132      96.76     0.0179     2.8016     2.5210  1.9522870  1.1306472   48.10106  -46.31386    34.8758    34.8917     4.0417     4.0417    27.6832    27.6958    6.14014    6.34771         13 0.0000e+00
      24164   1006.771    447.000     4.0739   3.271805     4.0739   3.273149      96.07     0.0167     2.8000     2.5211  1.9534276  1.1321299   48.10106  -46.31386    34.8757    34.8917     4.0414     4.0414    27.6831    27.6958    6.13706    6.34279         14 0.0000e+00
      24179   1007.414    448.000     4.0725   3.271692     4.0723   3.273028      96.02     0.0144     2.7999     2.5203  1.9536011  1.1324413   48.10106  -46.31386    34.8754    34.8914     4.0399     4.0397    27.6830    27.6957    6.14299    6.33606         17 0.0000e+00
      24202   1008.389    449.000     4.0670   3.271179     4.0668   3.272510      68.28     0.0154     2.7994     2.5190  1.9530698  1.1327723   48.10106  -46.31386    34.8746    34.8905     4.0344     4.0342    27.6829    27.6957    6.14056    6.32584         35 0.0000e+00
      24254   1010.545    450.000     4.0686   3.271381     4.0668   3.272549     100.73     0.0130     2.7976     2.5164  1.9527913  1.1330196   48.10106  -46.31386    34.8747    34.8905     4.0359     4.0341    27.6829    27.6956    6.13861    6.32964         50 0.0000e+00
      24284   1011.812    451.000     4.0872   3.273400     4.0869   3.274695      95.66     0.0123     2.7969     2.5161  1.9536237  1.1326926   48.10106  -46.31387    34.8784    34.8940     4.0544     4.0541    27.6839    27.6963    6.13575    6.32965         22 0.0000e+00
      24303   1012.588    452.000     4.0906   3.273815     4.0902   3.275105      96.41     0.0155     2.7966     2.5156  1.9536742  1.1329468   48.10106  -46.31388    34.8792    34.8949     4.0577     4.0572    27.6841    27.6967    6.13930    6.32187         17 0.0000e+00
      24319   1013.240    453.000     4.0946   3.274324     4.0936   3.275523      96.89     0.0140     2.7971     2.5148  1.9536030  1.1330869   48.10106  -46.31388    34.8801    34.8958     4.0616     4.0605    27.6844    27.6971    6.13507    6.32001         15 0.0000e+00
      24333   1013.840    454.000     4.1042   3.275367     4.1044   3.276684      96.44     0.0134     2.7957     2.5147  1.9536871  1.1330892   48.10106  -46.31388    34.8820    34.8979     4.0711     4.0712    27.6850    27.6976    6.12347    6.32465         14 0.0000e+00
      24347   1014.434    455.000     4.1064   3.275623     4.1063   3.276947      96.74     0.0141     2.7956     2.5142  1.9536892  1.1334356   48.10106  -46.31388    34.8822    34.8981     4.0732     4.0730    27.6849    27.6975    6.12000    6.32048         14 0.0000e+00
      24362   1015.056    456.000     4.1055   3.275578     4.1055   3.276928      31.84     0.0166     2.7944     2.5140  1.9538293  1.1343005   48.10104  -46.31388    34.8821    34.8981     4.0722     4.0722    27.6850    27.6977    6.11733    6.31434         16 0.0000e+00
      24379   1015.740    457.000     4.1051   3.275578     4.1050   3.276918      91.00     0.0204     2.7933     2.5128  1.9542425  1.1343101   48.10104  -46.31388    34.8821    34.8980     4.0717     4.0716    27.6850    27.6977    6.11608    6.31245         17 0.0000e+00
      24399   1016.580    458.000     4.1048   3.275589     4.1047   3.276922      96.41     0.0205     2.7923     2.5125  1.9524332  1.1355463   48.10104  -46.31389    34.8819    34.8978     4.0714     4.0712    27.6849    27.6976    6.12246    6.32378         24 0.0000e+00
      24433   1018.002    459.000     4.1049   3.275637     4.1048   3.276961      96.58     0.0186     2.7924     2.5125  1.9519975  1.1366547   48.10104  -46.31390    34.8819    34.8977     4.0714     4.0713    27.6848    27.6974    6.13445    6.32471         44 0.0000e+00
      24470   1019.533    460.000     4.1057   3.275762     4.1057   3.277107      96.45     0.0157     2.7930     2.5123  1.9551759  1.1367564   48.10104  -46.31390    34.8820    34.8979     4.0721     4.0721    27.6849    27.6975    6.14279    6.32435         25 0.0000e+00
      24489   1020.350    461.000     4.1022   3.275473     4.1028   3.276878      96.91     0.0169     2.7934     2.5121  1.9552584  1.1367521   48.10104  -46.31390    34.8818    34.8977     4.0685     4.0691    27.6851    27.6977    6.13801    6.32635         17 0.0000e+00
      24505   1021.001    462.000     4.0948   3.274777     4.0963   3.276271      58.21     0.0176     2.7933     2.5121  1.9560450  1.1367521   48.10104  -46.31390    34.8809    34.8969     4.0611     4.0626    27.6851    27.6977    6.13795    6.33032         15 0.0000e+00
      24519   1021.600    463.000     4.0859   3.273941     4.0870   3.275391      58.29     0.0173     2.7933     2.5123  1.9560440  1.1367521   48.10104  -46.31390    34.8798    34.8958     4.0522     4.0532    27.6852    27.6978    6.14192    6.33197         14 0.0000e+00
      24534   1022.215    464.000     4.0776   3.273153     4.0780   3.274536      95.72     0.0156     2.7935     2.5120  1.9560440  1.1367521   48.10104  -46.31390    34.8787    34.8948     4.0438     4.0441    27.6853    27.6980    6.14411    6.33467         16 0.0000e+00
