data/CTD/2013/CNV/D021A038.CNV
* Sea-Bird SBE 9 Data File:
* FileName = C:\CTD_ACQUISITION\2013021HUD\ctddata\021A038.hdr
* Software Version Seasave V 7.22.2
* Temperature SN = 5081
* Conductivity SN = 3561
* Number of Bytes Per Scan = 37
* Number of Voltage Words = 4
* Number of Scans Averaged by the Deck Unit = 1
* NMEA Latitude = 48 23.61 N
* NMEA Longitude = 046 37.83 W
* NMEA UTC (Time) = Jul 03 2013 19:56:09
* NMEA baud rate = 9600
** Ship: Hudson
** Cruise: HUD2013021
** Chief_Scientist: Greenan
** Organization: BIO
** Area_of_Operation: Sackville Spur
** Station: 38
** Sounding:  1840
** Event_Comments: SS09  393176
# nquan = 25
# nvalues = 1863                        
# units = specified
# name 0 = scan: Scan Count
# name 1 = timeS: Time, Elapsed [seconds]
# name 2 = prDM: Pressure, Digiquartz [db]
# name 3 = t068C: Temperature [ITS-68, deg C]
# name 4 = c0S/m: Conductivity [S/m]
# name 5 = t168C: Temperature, 2 [ITS-68, deg C]
# name 6 = c1S/m: Conductivity, 2 [S/m]
# name 7 = altM: Altimeter [m]
# name 8 = flCUVA: Fluorescence, Chelsea UV Aquatracka [ug/l]
# name 9 = sbeox0V: Oxygen raw, SBE 43 [V]
# name 10 = sbeox1V: Oxygen raw, SBE 43, 2 [V]
# name 11 = upoly0: Upoly 0, Optode 4330F - O2 D-Phase
# name 12 = upoly1: Upoly 1, Optode 4330F - O2 Temp
# name 13 = latitude: Latitude [deg]
# name 14 = longitude: Longitude [deg]
# name 15 = sal00: Salinity, Practical [PSU]
# name 16 = sal11: Salinity, Practical, 2 [PSU]
# name 17 = potemp068C: Potential Temperature [ITS-68, deg C]
# name 18 = potemp168C: Potential Temperature, 2 [ITS-68, deg C]
# name 19 = sigma-é00: Density [sigma-theta, Kg/m^3]
# name 20 = sigma-é11: Density, 2 [sigma-theta, Kg/m^3]
# name 21 = sbeox0ML/L: Oxygen, SBE 43 [ml/l], WS = 2
# name 22 = sbeox1ML/L: Oxygen, SBE 43, 2 [ml/l], WS = 2
# name 23 = nbin: number of scans per bin
# name 24 = flag: flag
# span 0 =       8291,      53791       
# span 1 =    345.425,   2241.261       
# span 2 =      4.000,   1866.000       
# span 3 =    -0.2443,     6.2169       
# span 4 =   2.757862,   3.287074       
# span 5 =    -0.2446,     6.2035       
# span 6 =   2.759091,   3.288382       
# span 7 =       2.30,     100.09       
# span 8 =     0.0063,     0.1309       
# span 9 =     2.3228,     3.3688       
# span 10 =     2.0874,     3.0209      
# span 11 =  1.7177627,  2.0769217      
# span 12 =  0.6186467,  1.4014372      
# span 13 =   48.39422,   48.39512      
# span 14 =  -46.62855,  -46.62228      
# span 15 =    32.5992,    34.9211      
# span 16 =    32.6147,    34.9379      
# span 17 =    -0.2456,     6.2164      
# span 18 =    -0.2459,     6.2028      
# span 19 =    25.6311,    27.8085      
# span 20 =    25.6445,    27.8220      
# span 21 =    5.84698,    7.75055      
# span 22 =    6.06626,    7.85361      
# span 23 =         11,        101      
# span 24 = 0.0000e+00, 0.0000e+00      
# interval = decibars: 1                
# start_time = Jul 03 2013 19:56:09 [NMEA time, header]
# bad_flag = -9.990e-29
*END*
[from data line 1334]
      41329   1722.006   1338.000     3.7673   3.286292     3.7665   3.287633      94.16     0.0157     2.4801     2.2298  2.0281048  1.0963302   48.39424  -46.62603    34.9126    34.9292     3.6641     3.6634    27.7513    27.7646    5.91598    6.13921         28 0.0000e+00
      41356   1723.145   1339.000     3.7661   3.286247     3.7659   3.287617      94.62     0.0131     2.4791     2.2296  2.0286300  1.0960637   48.39422  -46.62602    34.9128    34.9293     3.6629     3.6626    27.7515    27.7647    5.91318    6.13761         25 0.0000e+00
      41378   1724.062   1340.000     3.7649   3.286180     3.7644   3.287544      85.64     0.0129     2.4787     2.2289  2.0294867  1.0953608   48.39422  -46.62602    34.9129    34.9295     3.6615     3.6610    27.7518    27.7650    5.91698    6.13718         20 0.0000e+00
      41397   1724.836   1341.000     3.7628   3.286060     3.7621   3.287407      46.81     0.0130     2.4780     2.2289  2.0295916  1.0955260   48.39423  -46.62602    34.9131    34.9298     3.6595     3.6587    27.7521    27.7655    5.91088    6.14465         17 0.0000e+00
      41415   1725.568   1342.000     3.7617   3.286012     3.7607   3.287339      96.59     0.0135     2.4775     2.2288  2.0302582  1.0953044   48.39424  -46.62601    34.9132    34.9299     3.6583     3.6572    27.7523    27.7658    5.91803    6.14877         18 0.0000e+00
      41433   1726.336   1343.000     3.7611   3.285987     3.7602   3.287329      95.58     0.0188     2.4772     2.2291  2.0303996  1.0952992   48.39424  -46.62600    34.9131    34.9299     3.6575     3.6566    27.7523    27.7658    5.91484    6.14996         20 0.0000e+00
      41456   1727.275   1344.000     3.7608   3.286006     3.7600   3.287350      69.16     0.0192     2.4767     2.2289  2.0293465  1.0952405   48.39424  -46.62600    34.9131    34.9298     3.6572     3.6563    27.7523    27.7658    5.91560    6.14450         26 0.0000e+00
      41488   1728.623   1345.000     3.7602   3.286009     3.7593   3.287343      79.02     0.0143     2.4770     2.2285  2.0281508  1.0952381   48.39424  -46.62599    34.9133    34.9299     3.6565     3.6598    27.7526    27.7659    5.93246    6.14171         37 0.0000e+00
      41520   1729.978   1346.000     3.7601   3.286050     3.7594   3.287391      59.71     0.0149     2.4764     2.2280  2.0294127  1.0952381   48.39424  -46.62598    34.9133    34.9299     3.6563     3.6555    27.7527    27.7660    5.91340    6.14416         27 0.0000e+00
      41544   1730.975   1347.000     3.7598   3.286069     3.7588   3.287392      96.83     0.0145     2.4769     2.2281  2.0295389  1.0952381   48.39424  -46.62598    34.9134    34.9301     3.6559     3.6549    27.7527    27.7661    5.92781    6.14625         21 0.0000e+00
      41564   1731.809   1348.000     3.7582   3.285984     3.7574   3.287318      96.24     0.0143     2.4759     2.2279  2.0297585  1.0952381   48.39424  -46.62597    34.9136    34.9302     3.6542     3.6534    27.7531    27.7664    5.92124    6.13743         19 0.0000e+00
      41583   1732.566   1349.000     3.7593   3.286131     3.7587   3.287477      47.47     0.0151     2.4765     2.2272  2.0297790  1.0952381   48.39424  -46.62596    34.9136    34.9302     3.6553     3.6546    27.7530    27.7662    5.91567    6.13411         18 0.0000e+00
      41600   1733.289   1350.000     3.7588   3.286124     3.7575   3.287416      68.10     0.0173     2.4749     2.2268  2.0300214  1.0952381   48.39424  -46.62596    34.9136    34.9303     3.6547     3.6533    27.7530    27.7664    5.90650    6.14237         17 0.0000e+00
      41617   1734.010   1351.000     3.7577   3.286071     3.7569   3.287412      95.78     0.0171     2.4749     2.2268  2.0303836  1.0950377   48.39424  -46.62596    34.9136    34.9303     3.6535     3.6527    27.7531    27.7665    5.92130    6.14666         18 0.0000e+00
      41636   1734.777   1352.000     3.7575   3.286095     3.7569   3.287449      96.25     0.0171     2.4750     2.2268  2.0303962  1.0951082   48.39424  -46.62596    34.9136    34.9302     3.6532     3.6526    27.7532    27.7665    5.91788    6.14257         19 0.0000e+00
      41659   1735.731   1353.000     3.7574   3.286120     3.7566   3.287461      96.08     0.0174     2.4744     2.2263  2.0312312  1.0942289   48.39424  -46.62595    34.9136    34.9302     3.6530     3.6522    27.7532    27.7665    5.91507    6.13740         28 0.0000e+00
      41699   1737.416   1354.000     3.7577   3.286177     3.7569   3.287524      72.93     0.0140     2.4736     2.2257  2.0317168  1.0940353   48.39424  -46.62594    34.9134    34.9301     3.6532     3.6525    27.7530    27.7664    5.91579    6.14280         47 0.0000e+00
      41733   1738.839   1355.000     3.7577   3.286233     3.7570   3.287583      60.69     0.0130     2.4732     2.2255  2.0319123  1.0940711   48.39424  -46.62594    34.9136    34.9302     3.6531     3.6525    27.7532    27.7665    5.91654    6.14017         23 0.0000e+00
      41753   1739.649   1356.000     3.7579   3.286297     3.7571   3.287630      30.74     0.0153     2.4731     2.2251  2.0305192  1.0952431   48.39424  -46.62593    34.9136    34.9302     3.6532     3.6524    27.7532    27.7665    5.93076    6.13590         18 0.0000e+00
      41769   1740.350   1357.000     3.7580   3.286350     3.7571   3.287692      90.71     0.0177     2.4740     2.2247  2.0305250  1.0952381   48.39424  -46.62592    34.9136    34.9304     3.6533     3.6524    27.7531    27.7666    5.93040    6.13533         16 0.0000e+00
      41785   1741.014   1358.000     3.7583   3.286425     3.7575   3.287767      93.58     0.0198     2.4735     2.2245  2.0304494  1.0952381   48.39424  -46.62592    34.9137    34.9304     3.6535     3.6527    27.7532    27.7666    5.91850    6.14013         16 0.0000e+00
      41802   1741.708   1359.000     3.7585   3.286482     3.7578   3.287829      33.92     0.0218     2.4734     2.2244  2.0321760  1.0947356   48.39425  -46.62592    34.9136    34.9303     3.6536     3.6529    27.7532    27.7665    5.92089    6.14078         17 0.0000e+00
      41821   1742.519   1360.000     3.7587   3.286535     3.7579   3.287873      94.39     0.0194     2.4731     2.2241  2.0318611  1.0949662   48.39426  -46.62592    34.9136    34.9302     3.6537     3.6529    27.7531    27.7665    5.91792    6.13839         23 0.0000e+00
      41851   1743.751   1361.000     3.7589   3.286585     3.7580   3.287911      86.08     0.0185     2.4725     2.2239  2.0318429  1.0941858   48.39426  -46.62590    34.9134    34.9301     3.6538     3.6529    27.7530    27.7664    5.91934    6.13865         38 0.0000e+00
      41889   1745.321   1362.000     3.7590   3.286634     3.7581   3.287965      27.62     0.0219     2.4728     2.2230  2.0308733  1.0941389   48.39426  -46.62590    34.9135    34.9301     3.6538     3.6529    27.7530    27.7664    5.92543    6.12978         30 0.0000e+00
      41912   1746.294   1363.000     3.7590   3.286687     3.7580   3.288004      81.89     0.0186     2.4721     2.2224  2.0293920  1.0946387   48.39426  -46.62590    34.9136    34.9302     3.6537     3.6527    27.7531    27.7664    5.91178    6.12516         20 0.0000e+00
      41930   1747.052   1364.000     3.7589   3.286727     3.7582   3.288079      93.45     0.0174     2.4717     2.2215  2.0293751  1.0946640   48.39426  -46.62589    34.9136    34.9303     3.6536     3.6529    27.7532    27.7665    5.91202    6.12489         17 0.0000e+00
      41947   1747.737   1365.000     3.7574   3.286639     3.7569   3.288011      31.63     0.0153     2.4714     2.2211  2.0321574  1.0952443   48.39426  -46.62588    34.9137    34.9304     3.6519     3.6515    27.7534    27.7667    5.91497    6.13621         16 0.0000e+00
      41963   1748.403   1366.000     3.7560   3.286587     3.7553   3.287931      96.60     0.0158     2.4709     2.2215  2.0318191  1.0952381   48.39426  -46.62588    34.9140    34.9307     3.6505     3.6498    27.7538    27.7671    5.91903    6.14640         16 0.0000e+00
      41980   1749.105   1367.000     3.7561   3.286637     3.7551   3.287957      95.77     0.0170     2.4711     2.2218  2.0319498  1.0948987   48.39426  -46.62588    34.9140    34.9307     3.6505     3.6495    27.7538    27.7672    5.91740    6.14808         18 0.0000e+00
      41999   1749.915   1368.000     3.7556   3.286630     3.7549   3.287979      94.05     0.0164     2.4705     2.2219  2.0321295  1.0940412   48.39426  -46.62587    34.9140    34.9307     3.6499     3.6492    27.7538    27.7672    5.91431    6.14337         22 0.0000e+00
      42027   1751.094   1369.000     3.7552   3.286642     3.7544   3.287973      69.74     0.0166     2.4699     2.2215  2.0321417  1.0940171   48.39426  -46.62586    34.9140    34.9307     3.6495     3.6486    27.7539    27.7672    5.91612    6.13534         37 0.0000e+00
      42068   1752.806   1370.000     3.7552   3.286687     3.7544   3.288019      97.37     0.0155     2.4698     2.2207  2.0315454  1.0940171   48.39428  -46.62586    34.9141    34.9307     3.6494     3.6486    27.7539    27.7672    5.92275    6.12977         37 0.0000e+00
      42097   1754.004   1371.000     3.7553   3.286733     3.7545   3.288073      94.11     0.0147     2.4696     2.2199  2.0317495  1.0940171   48.39428  -46.62584    34.9140    34.9307     3.6494     3.6485    27.7539    27.7673    5.91096    6.13216         24 0.0000e+00
      42119   1754.896   1372.000     3.7558   3.286816     3.7549   3.288157      94.30     0.0147     2.4690     2.2199  2.0317461  1.0940171   48.39428  -46.62584    34.9140    34.9307     3.6498     3.6489    27.7539    27.7673    5.91441    6.13871         20 0.0000e+00
      42137   1755.669   1373.000     3.7558   3.286863     3.7549   3.288207      33.79     0.0169     2.4683     2.2198  2.0321062  1.0940171   48.39428  -46.62584    34.9140    34.9308     3.6497     3.6488    27.7539    27.7673    5.91546    6.13776         17 0.0000e+00
      42154   1756.385   1374.000     3.7559   3.286914     3.7550   3.288254      93.87     0.0152     2.4688     2.2196  2.0319595  1.0940171   48.39428  -46.62584    34.9141    34.9308     3.6497     3.6488    27.7539    27.7673    5.91924    6.13860         17 0.0000e+00
      42171   1757.083   1375.000     3.7558   3.286962     3.7550   3.288298      96.23     0.0135     2.4684     2.2197  2.0322487  1.0940171   48.39428  -46.62584    34.9142    34.9308     3.6495     3.6487    27.7540    27.7674    5.90856    6.14342         17 0.0000e+00
      42188   1757.801   1376.000     3.7559   3.287009     3.7550   3.288350      96.25     0.0100     2.4675     2.2198  2.0329556  1.0940171   48.39428  -46.62583    34.9142    34.9309     3.6495     3.6487    27.7540    27.7674    5.90734    6.14211         18 0.0000e+00
      42208   1758.610   1377.000     3.7558   3.287039     3.7550   3.288382      43.81     0.0098     2.4674     2.2197  2.0329671  1.0940171   48.39429  -46.62582    34.9141    34.9308     3.6493     3.6486    27.7540    27.7673    5.91674    6.13623         21 0.0000e+00
      42237   1759.848   1378.000     3.7558   3.287074     3.7545   3.288367      68.32     0.0124     2.4669     2.2189  2.0329411  1.0940171   48.39430  -46.62582    34.9141    34.9307     3.6492     3.6479    27.7539    27.7674    5.91145    6.13098         43 0.0000e+00
      42282   1761.713   1379.000     3.7546   3.287027     3.7538   3.288355      88.14     0.0150     2.4663     2.2182  2.0319860  1.0940171   48.39430  -46.62580    34.9143    34.9308     3.6480     3.6471    27.7542    27.7675    5.90854    6.13312         33 0.0000e+00
      42305   1762.656   1380.000     3.7533   3.286965     3.7526   3.288311      96.52     0.0153     2.4653     2.2179  2.0315380  1.0940171   48.39430  -46.62580    34.9144    34.9311     3.6466     3.6459    27.7545    27.7678    5.90086    6.13483         19 0.0000e+00
      42322   1763.364   1381.000     3.7533   3.287005     3.7526   3.288357      62.81     0.0180     2.4647     2.2177  2.0323670  1.0940171   48.39430  -46.62580    34.9144    34.9311     3.6465     3.6458    27.7545    27.7679    5.90792    6.13468         16 0.0000e+00
      42337   1764.003   1382.000     3.7530   3.287034     3.7522   3.288366      34.17     0.0212     2.4642     2.2174  2.0329697  1.0940171   48.39430  -46.62578    34.9145    34.9311     3.6462     3.6453    27.7546    27.7679    5.91236    6.13433         15 0.0000e+00
      42353   1764.651   1383.000     3.7521   3.287000     3.7512   3.288329      96.92     0.0182     2.4651     2.2175  2.0329671  1.0940940   48.39430  -46.62578    34.9145    34.9313     3.6452     3.6442    27.7547    27.7682    5.90837    6.13393         16 0.0000e+00
      42370   1765.380   1384.000     3.7506   3.286908     3.7498   3.288248      60.32     0.0175     2.4638     2.2171  2.0329671  1.0940187   48.39430  -46.62578    34.9146    34.9313     3.6436     3.6428    27.7550    27.7683    5.90258    6.13018         20 0.0000e+00
      42394   1766.390   1385.000     3.7475   3.286700     3.7467   3.288034      81.84     0.0142     2.4635     2.2166  2.0329671  1.0940171   48.39430  -46.62578    34.9149    34.9314     3.6405     3.6444    27.7555    27.7687    5.90938    6.13106         31 0.0000e+00
      42433   1767.995   1386.000     3.7455   3.286575     3.7448   3.287909      82.96     0.0139     2.4627     2.2157  2.0342553  1.0934088   48.39430  -46.62578    34.9150    34.9316     3.6384     3.6372    27.7558    27.7691    5.90384    6.12607         37 0.0000e+00
      42461   1769.158   1387.000     3.7448   3.286560     3.7443   3.287924      66.54     0.0144     2.4629     2.2150  2.0340254  1.0935960   48.39430  -46.62576    34.9151    34.9317     3.6376     3.6371    27.7560    27.7692    5.92188    6.12637         23 0.0000e+00
      42481   1770.019   1388.000     3.7446   3.286593     3.7439   3.287934      96.14     0.0158     2.4628     2.2147  2.0329697  1.0938334   48.39432  -46.62576    34.9152    34.9318     3.6373     3.6366    27.7560    27.7693    5.89956    6.12980         20 0.0000e+00
      42501   1770.820   1389.000     3.7447   3.286638     3.7444   3.288021      96.23     0.0136     2.4615     2.2145  2.0329671  1.0936350   48.39432  -46.62575    34.9151    34.9318     3.6373     3.6369    27.7560    27.7693    5.89358    6.12886         19 0.0000e+00
      42520   1771.620   1390.000     3.7449   3.286700     3.7438   3.288013      96.24     0.0133     2.4612     2.2141  2.0341170  1.0929927   48.39432  -46.62574    34.9151    34.9318     3.6374     3.6363    27.7560    27.7694    5.90715    6.12506         19 0.0000e+00
      42540   1772.442   1391.000     3.7440   3.286669     3.7435   3.288032      96.03     0.0115     2.4611     2.2136  2.0343726  1.0927950   48.39432  -46.62574    34.9152    34.9319     3.6365     3.6359    27.7561    27.7695    5.91102    6.12268         20 0.0000e+00
      42560   1773.306   1392.000     3.7433   3.286651     3.7421   3.287955      64.17     0.0140     2.4611     2.2130  2.0342445  1.0927961   48.39432  -46.62574    34.9153    34.9319     3.6356     3.6345    27.7563    27.7697    5.90576    6.12249         22 0.0000e+00
      42583   1774.262   1393.000     3.7427   3.286645     3.7414   3.287939      76.00     0.0145     2.4606     2.2125  2.0342371  1.0927961   48.39432  -46.62574    34.9154    34.9320     3.6350     3.6337    27.7564    27.7698    5.91327    6.12148         25 0.0000e+00
      42612   1775.446   1394.000     3.7420   3.286621     3.7414   3.287978      94.78     0.0134     2.4609     2.2118  2.0348570  1.0926849   48.39432  -46.62572    34.9153    34.9319     3.6342     3.6336    27.7565    27.7697    5.90909    6.11984         32 0.0000e+00
