data/CTD/2013/CNV/D021A056.CNV
* Sea-Bird SBE 9 Data File:
* FileName = C:\CTD_ACQUISITION\2013021HUD\ctddata\021A056.hdr
* Software Version Seasave V 7.22.2
* Temperature SN = 5081
* Conductivity SN = 3561
* Number of Bytes Per Scan = 37
* Number of Voltage Words = 4
* Number of Scans Averaged by the Deck Unit = 1
* NMEA Latitude = 48 36.11 N
* NMEA Longitude = 045 27.91 W
* NMEA UTC (Time) = Jul 05 2013 09:14:21
* NMEA baud rate = 9600
** Ship: Hudson
** Cruise: HUD2013021
** Chief_Scientist: Greenan
** Organization: BIO
** Area_of_Operation: Sackville Spur
** Station: 56
** Sounding:  1028
** Event_Comments: SS21   393221
# nquan = 25
# nvalues = 1031                        
# units = specified
# name 0 = scan: Scan Count
# name 1 = timeS: Time, Elapsed [seconds]
# name 2 = prDM: Pressure, Digiquartz [db]
# name 3 = t068C: Temperature [ITS-68, deg C]
# name 4 = c0S/m: Conductivity [S/m]
# name 5 = t168C: Temperature, 2 [ITS-68, deg C]
# name 6 = c1S/m: Conductivity, 2 [S/m]
# name 7 = altM: Altimeter [m]
# name 8 = flCUVA: Fluorescence, Chelsea UV Aquatracka [ug/l]
# name 9 = sbeox0V: Oxygen raw, SBE 43 [V]
# name 10 = sbeox1V: Oxygen raw, SBE 43, 2 [V]
# name 11 = upoly0: Upoly 0, Optode 4330F - O2 D-Phase
# name 12 = upoly1: Upoly 1, Optode 4330F - O2 Temp
# name 13 = latitude: Latitude [deg]
# name 14 = longitude: Longitude [deg]
# name 15 = sal00: Salinity, Practical [PSU]
# name 16 = sal11: Salinity, Practical, 2 [PSU]
# name 17 = potemp068C: Potential Temperature [ITS-68, deg C]
# name 18 = potemp168C: Potential Temperature, 2 [ITS-68, deg C]
# name 19 = sigma-é00: Density [sigma-theta, Kg/m^3]
# name 20 = sigma-é11: Density, 2 [sigma-theta, Kg/m^3]
# name 21 = sbeox0ML/L: Oxygen, SBE 43 [ml/l], WS = 2
# name 22 = sbeox1ML/L: Oxygen, SBE 43, 2 [ml/l], WS = 2
# name 23 = nbin: number of scans per bin
# name 24 = flag: flag
# span 0 =       8064,      35200       
# span 1 =    335.971,   1466.627       
# span 2 =      2.000,   1032.000       
# span 3 =     1.4797,     6.4613       
# span 4 =   2.956512,   3.326960       
# span 5 =     1.4800,     6.4613       
# span 6 =   2.957751,   3.328277       
# span 7 =       5.81,      99.36       
# span 8 =     0.0037,     0.8256       
# span 9 =     2.5310,     3.3940       
# span 10 =     2.2762,     3.0424      
# span 11 =  1.7055144,  2.0349364      
# span 12 =  0.8181562,  1.4347132      
# span 13 =   48.60173,   48.60255      
# span 14 =  -45.46242,  -45.46024      
# span 15 =    33.2594,    37.0519      
# span 16 =    33.2739,    34.9307      
# span 17 =     1.4771,     6.4600      
# span 18 =     1.4774,     6.4599      
# span 19 =    26.1258,    29.5957      
# span 20 =    26.1372,    27.7710      
# span 21 =    5.80605,    7.51554      
# span 22 =    5.98668,    7.59223      
# span 23 =         14,         91      
# span 24 = 0.0000e+00, 0.0000e+00      
# interval = decibars: 1                
# start_time = Jul 05 2013 09:14:21 [NMEA time, header]
# bad_flag = -9.990e-29
*END*
[from data line 522]
      22972    957.140    524.000     4.1064   3.280420     4.1061   3.281721      79.07     0.0138     2.7566     2.4778  1.9661731  1.1390409   48.60248  -45.46026    34.9025    34.9182     4.0679     4.0675    27.7016    27.7142    6.08291    6.27165         24 0.0000e+00
      22997    958.166    525.000     4.1081   3.280665     4.1078   3.281955      74.13     0.0137     2.7577     2.4777  1.9658195  1.1391909   48.60248  -45.46026    34.9030    34.9187     4.0695     4.0691    27.7019    27.7144    6.08726    6.26618         26 0.0000e+00
      23023    959.261    526.000     4.1092   3.280844     4.1089   3.282146      95.58     0.0158     2.7576     2.4775  1.9658120  1.1391941   48.60246  -45.46026    34.9035    34.9192     4.0705     4.0702    27.7022    27.7147    6.08398    6.26611         25 0.0000e+00
      23047    960.253    527.000     4.1080   3.280780     4.1080   3.282108      95.48     0.0130     2.7578     2.4773  1.9657551  1.1391941   48.60246  -45.46026    34.9035    34.9192     4.0692     4.0692    27.7022    27.7147    6.08896    6.26466         22 0.0000e+00
      23067    961.075    528.000     4.1042   3.280454     4.1043   3.281784      95.49     0.0136     2.7580     2.4768  1.9658128  1.1391941   48.60246  -45.46026    34.9031    34.9187     4.0654     4.0655    27.7024    27.7148    6.09056    6.26371         18 0.0000e+00
      23085    961.823    529.000     4.1016   3.280272     4.1014   3.281579      95.45     0.0142     2.7580     2.4765  1.9658120  1.1391941   48.60246  -45.46026    34.9032    34.9189     4.0627     4.0625    27.7027    27.7152    6.09394    6.26549         18 0.0000e+00
      23104    962.619    530.000     4.1017   3.280334     4.1015   3.281641      95.48     0.0113     2.7590     2.4764  1.9658120  1.1391364   48.60247  -45.46026    34.9033    34.9190     4.0627     4.0625    27.7028    27.7153    6.09807    6.27069         21 0.0000e+00
      23128    963.641    531.000     4.1020   3.280396     4.1017   3.281708      62.89     0.0112     2.7587     2.4768  1.9658120  1.1382893   48.60248  -45.46026    34.9032    34.9190     4.0629     4.0627    27.7027    27.7153    6.09449    6.27740         29 0.0000e+00
      23159    964.912    532.000     4.1021   3.280519     4.1024   3.281818      96.56     0.0072     2.7590     2.4773  1.9663328  1.1380509   48.60248  -45.46026    34.9040    34.9191     4.0629     4.0632    27.7034    27.7153    6.09064    6.27477         29 0.0000e+00
      23184    965.960    533.000     3.7235   3.279558     4.1023   3.281858      95.51     0.0091     2.7586     2.4769  1.9670483  1.1379714   48.60248  -45.46027    35.3035    34.9191     3.6855     4.0660    28.0597    27.7153    6.13519    6.27104         22 0.0000e+00
      23205    966.821    534.000     2.1835   3.275665     4.0989   3.281556      95.33     0.0072     2.7584     2.4770  1.9666014  1.1379732   48.60248  -45.46028    37.0519    34.9187     2.1503     4.0611    29.5957    27.7154    6.33636    6.30112         20 0.0000e+00
      23224    967.641    535.000     4.0690   3.280632     4.0961   3.281349      94.15     0.0099     2.7578     2.4770  1.9658170  1.1379732   48.60247  -45.46028    34.9399    34.9186     4.0297     4.0567    27.7353    27.7156    6.08809    6.28035         20 0.0000e+00
      23246    968.532    536.000     4.0956   3.280637     4.0955   3.281359      95.00     0.0099     2.7575     2.4774  1.9658120  1.1380258   48.60246  -45.46028    34.9102    34.9188     4.0562     4.0561    27.7090    27.7158    6.08411    6.28041         23 0.0000e+00
      23271    969.569    537.000     4.0956   3.280576     4.0953   3.281378      76.25     0.0105     2.7562     2.4772  1.9658120  1.1379728   48.60246  -45.46028    34.9089    34.9188     4.0561     4.0557    27.7080    27.7158    6.08598    6.27080         26 0.0000e+00
      23296    970.636    538.000     4.0953   3.280536     4.0951   3.281418      74.40     0.0136     2.7566     2.4760  1.9659692  1.1379732   48.60246  -45.46028    34.9082    34.9189     4.0557     4.0555    27.7074    27.7160    6.09176    6.25934         24 0.0000e+00
      23318    971.561    539.000     4.0943   3.280437     4.0941   3.281376      95.91     0.0149     2.7567     2.4751  1.9670551  1.1379732   48.60246  -45.46028    34.9077    34.9189     4.0546     4.0544    27.7071    27.7161    6.09197    6.26989         21 0.0000e+00
      23338    972.367    540.000     4.0937   3.280393     4.0934   3.281358      95.49     0.0134     2.7561     2.4752  1.9670329  1.1379095   48.60246  -45.46028    34.9072    34.9189     4.0540     4.0537    27.7068    27.7162    6.08588    6.27323         19 0.0000e+00
      23357    973.150    541.000     4.0936   3.280385     4.0932   3.281382      95.44     0.0117     2.7554     2.4748  1.9660897  1.1376574   48.60246  -45.46028    34.9067    34.9189     4.0537     4.0533    27.7065    27.7162    6.07610    6.26766         19 0.0000e+00
      23378    974.030    542.000     4.0935   3.280390     4.0932   3.281427      93.52     0.0122     2.7544     2.4742  1.9658213  1.1375202   48.60246  -45.46028    34.9063    34.9189     4.0536     4.0533    27.7062    27.7162    6.08314    6.26438         24 0.0000e+00
      23409    975.344    543.000     4.0935   3.280380     4.0932   3.281467      84.99     0.0141     2.7540     2.4733  1.9666921  1.1374273   48.60246  -45.46028    34.9057    34.9188     4.0535     4.0532    27.7057    27.7162    6.08405    6.26356         40 0.0000e+00
      23449    977.002    544.000     4.0922   3.280258     4.0921   3.281414      75.69     0.0152     2.7539     2.4726  1.9669335  1.1372478   48.60246  -45.46028    34.9051    34.9188     4.0521     4.0521    27.7054    27.7163    6.09098    6.27042         34 0.0000e+00
      23476    978.130    545.000     4.0913   3.280205     4.0910   3.281374      94.30     0.0181     2.7535     2.4729  1.9668084  1.1375351   48.60246  -45.46028    34.9050    34.9190     4.0512     4.0509    27.7053    27.7165    6.08557    6.27914         22 0.0000e+00
      23496    978.938    546.000     4.0913   3.280257     4.0910   3.281430      94.48     0.0184     2.7533     2.4734  1.9663544  1.1376340   48.60246  -45.46028    34.9049    34.9192     4.0511     4.0508    27.7053    27.7167    6.08946    6.28496         18 0.0000e+00
      23512    979.634    547.000     4.0912   3.280278     4.0908   3.281455      95.41     0.0164     2.7533     2.4740  1.9658209  1.1373671   48.60246  -45.46028    34.9048    34.9191     4.0509     4.0505    27.7053    27.7167    6.08923    6.28987         16 0.0000e+00
      23529    980.313    548.000     4.0890   3.280105     4.0892   3.281335      95.46     0.0172     2.7533     2.4747  1.9658120  1.1374390   48.60246  -45.46028    34.9046    34.9189     4.0486     4.0488    27.7053    27.7167    6.08579    6.29129         16 0.0000e+00
      23546    981.037    549.000     4.0842   3.279691     4.0844   3.280909      95.48     0.0167     2.7526     2.4751  1.9665141  1.1371398   48.60246  -45.46028    34.9042    34.9184     4.0438     4.0440    27.7055    27.7168    6.08556    6.28518         19 0.0000e+00
      23566    981.894    550.000     4.0813   3.279422     4.0820   3.280728      80.72     0.0142     2.7524     2.4747  1.9670194  1.1371242   48.60246  -45.46028    34.9036    34.9183     4.0408     4.0429    27.7053    27.7170    6.08926    6.27523         23 0.0000e+00
      23593    982.982    551.000     4.0806   3.279389     4.0806   3.280640      71.13     0.0134     2.7523     2.4739  1.9665956  1.1361828   48.60246  -45.46029    34.9034    34.9182     4.0401     4.0400    27.7052    27.7170    6.08794    6.27393         28 0.0000e+00
      23620    984.143    552.000     4.0806   3.279418     4.0803   3.280651      96.29     0.0115     2.7515     2.4732  1.9660277  1.1356057   48.60246  -45.46030    34.9032    34.9181     4.0400     4.0396    27.7051    27.7170    6.08353    6.27659         26 0.0000e+00
      23645    985.149    553.000     4.0807   3.279475     4.0805   3.280725      95.43     0.0144     2.7511     2.4731  1.9658065  1.1357464   48.60246  -45.46030    34.9032    34.9183     4.0401     4.0398    27.7051    27.7171    6.08700    6.27711         23 0.0000e+00
      23667    986.089    554.000     4.0803   3.279472     4.0803   3.280753      93.19     0.0153     2.7504     2.4727  1.9658120  1.1355299   48.60246  -45.46030    34.9031    34.9182     4.0396     4.0395    27.7051    27.7171    6.08680    6.27683         23 0.0000e+00
      23691    987.074    555.000     4.0798   3.279468     4.0796   3.280726      94.67     0.0130     2.7506     2.4724  1.9659088  1.1356280   48.60246  -45.46030    34.9030    34.9182     4.0390     4.0387    27.7051    27.7172    6.08350    6.27876         25 0.0000e+00
      23715    988.085    556.000     4.0790   3.279429     4.0787   3.280692      81.40     0.0161     2.7496     2.4724  1.9660245  1.1355311   48.60246  -45.46030    34.9029    34.9181     4.0381     4.0378    27.7051    27.7172    6.08218    6.27597         23 0.0000e+00
      23738    989.050    557.000     4.0781   3.279380     4.0778   3.280646      61.91     0.0166     2.7494     2.4716  1.9659172  1.1355312   48.60246  -45.46030    34.9028    34.9181     4.0371     4.0368    27.7051    27.7173    6.09160    6.27255         23 0.0000e+00
      23761    990.010    558.000     4.0775   3.279373     4.0772   3.280634      94.50     0.0145     2.7497     2.4712  1.9658132  1.1355312   48.60246  -45.46030    34.9028    34.9180     4.0365     4.0361    27.7051    27.7173    6.09272    6.27428         24 0.0000e+00
      23785    991.006    559.000     4.0771   3.279372     4.0768   3.280649      93.09     0.0141     2.7494     2.4707  1.9658120  1.1355312   48.60246  -45.46030    34.9027    34.9181     4.0360     4.0357    27.7051    27.7174    6.09311    6.27015         24 0.0000e+00
      23810    992.032    560.000     4.0761   3.279322     4.0759   3.280611      93.67     0.0150     2.7501     2.4698  1.9657152  1.1355312   48.60246  -45.46032    34.9026    34.9181     4.0349     4.0347    27.7052    27.7175    6.09904    6.26298         25 0.0000e+00
      23835    993.083    561.000     4.0757   3.279346     4.0751   3.280604      94.31     0.0143     2.7505     2.4688  1.9649817  1.1354823   48.60246  -45.46032    34.9029    34.9183     4.0344     4.0338    27.7054    27.7178    6.10137    6.27067         25 0.0000e+00
      23860    994.116    562.000     4.0786   3.279687     4.0781   3.280965      93.00     0.0148     2.7507     2.4688  1.9645865  1.1355318   48.60246  -45.46032    34.9033    34.9189     4.0372     4.0367    27.7055    27.7179    6.10009    6.27515         24 0.0000e+00
      23883    995.066    563.000     4.0759   3.279480     4.0763   3.280823      50.18     0.0146     2.7507     2.4687  1.9653708  1.1351413   48.60246  -45.46032    34.9031    34.9185     4.0345     4.0349    27.7056    27.7179    6.09587    6.27442         22 0.0000e+00
      23903    995.933    564.000     4.0714   3.279070     4.0722   3.280449      95.19     0.0104     2.7508     2.4686  1.9658096  1.1346790   48.60246  -45.46032    34.9025    34.9180     4.0299     4.0307    27.7056    27.7178    6.10114    6.27358         20 0.0000e+00
      23923    996.765    565.000     4.0673   3.278705     4.0678   3.280057      95.33     0.0099     2.7502     2.4682  1.9659332  1.1348584   48.60246  -45.46032    34.9020    34.9175     4.0258     4.0262    27.7056    27.7180    6.09558    6.27822         20 0.0000e+00
      23945    997.656    566.000     4.0650   3.278514     4.0650   3.279831      94.33     0.0092     2.7502     2.4687  1.9660233  1.1347363   48.60246  -45.46032    34.9017    34.9172     4.0234     4.0234    27.7056    27.7180    6.09348    6.28434         23 0.0000e+00
      23971    998.755    567.000     4.0645   3.278505     4.0642   3.279800      93.97     0.0133     2.7490     2.4689  1.9659755  1.1347575   48.60246  -45.46032    34.9016    34.9172     4.0228     4.0225    27.7056    27.7181    6.08835    6.28370         30 0.0000e+00
      24003   1000.068    568.000     4.0633   3.278440     4.0632   3.279759      95.07     0.0130     2.7485     2.4688  1.9658059  1.1342933   48.60246  -45.46033    34.9015    34.9172     4.0216     4.0214    27.7057    27.7182    6.09372    6.28094         30 0.0000e+00
      24028   1001.138    569.000     4.0630   3.278463     4.0631   3.279784      44.25     0.0127     2.7479     2.4686  1.9663843  1.1343101   48.60246  -45.46034    34.9016    34.9172     4.0212     4.0212    27.7058    27.7182    6.09161    6.28231         22 0.0000e+00
      24049   1001.983    570.000     4.0626   3.278461     4.0624   3.279776      96.95     0.0094     2.7476     2.4687  1.9667215  1.1343101   48.60246  -45.46034    34.9015    34.9172     4.0206     4.0205    27.7058    27.7183    6.09336    6.28095         19 0.0000e+00
      24067   1002.743    571.000     4.0620   3.278454     4.0618   3.279756      95.47     0.0089     2.7475     2.4682  1.9668316  1.1341028   48.60246  -45.46034    34.9015    34.9171     4.0200     4.0198    27.7058    27.7183    6.09779    6.27585         18 0.0000e+00
      24085   1003.514    572.000     4.0618   3.278474     4.0617   3.279783      95.47     0.0097     2.7475     2.4680  1.9670312  1.1330975   48.60246  -45.46034    34.9014    34.9171     4.0197     4.0196    27.7058    27.7183    6.09745    6.27489         20 0.0000e+00
      24106   1004.374    573.000     4.0619   3.278534     4.0615   3.279808      95.36     0.0092     2.7471     2.4670  1.9670329  1.1330892   48.60246  -45.46034    34.9016    34.9170     4.0197     4.0193    27.7059    27.7183    6.09189    6.26463         22 0.0000e+00
      24131   1005.405    574.000     4.0629   3.278677     4.0624   3.279958      94.73     0.0133     2.7464     2.4657  1.9668988  1.1330892   48.60246  -45.46034    34.9016    34.9173     4.0207     4.0202    27.7059    27.7184    6.08199    6.26244         27 0.0000e+00
      24158   1006.530    575.000     4.0631   3.278745     4.0637   3.280131      89.19     0.0121     2.7451     2.4644  1.9668447  1.1330892   48.60246  -45.46034    34.9017    34.9174     4.0208     4.0213    27.7059    27.7184    6.08932    6.26591         26 0.0000e+00
      24183   1007.592    576.000     4.0653   3.279015     4.0653   3.280352      56.57     0.0127     2.7451     2.4647  1.9670343  1.1330892   48.60246  -45.46035    34.9020    34.9178     4.0229     4.0229    27.7060    27.7185    6.09139    6.28606         25 0.0000e+00
      24207   1008.587    577.000     4.0660   3.279148     4.0657   3.280436      95.53     0.0113     2.7446     2.4655  1.9669265  1.1330892   48.60246  -45.46036    34.9023    34.9179     4.0235     4.0232    27.7061    27.7186    6.09000    6.29143         23 0.0000e+00
      24230   1009.543    578.000     4.0718   3.279832     4.0703   3.281029      95.47     0.0122     2.7444     2.4663  1.9662354  1.1330892   48.60246  -45.46036    34.9037    34.9194     4.0293     4.0292    27.7066    27.7193    6.09249    6.28702         23 0.0000e+00
      24253   1010.486    579.000     4.0753   3.280238     4.0752   3.281547      95.40     0.0146     2.7449     2.4665  1.9663678  1.1330892   48.60244  -45.46036    34.9043    34.9199     4.0326     4.0325    27.7068    27.7192    6.09514    6.28151         22 0.0000e+00
      24276   1011.438    580.000     4.0654   3.279321     4.0665   3.280715      94.93     0.0149     2.7444     2.4662  1.9658120  1.1330892   48.60246  -45.46036    34.9031    34.9183     4.0226     4.0238    27.7068    27.7189    6.08597    6.28223         24 0.0000e+00
