data/CTD/2013/CNV/D021A016.CNV
* Sea-Bird SBE 9 Data File:
* FileName = C:\CTD_ACQUISITION\2013021HUD\ctddata\021A016.hdr
* Software Version Seasave V 7.22.2
* Temperature SN = 5081
* Conductivity SN = 3561
* Number of Bytes Per Scan = 37
* Number of Voltage Words = 4
* Number of Scans Averaged by the Deck Unit = 1
* NMEA Latitude = 46 59.94 N
* NMEA Longitude = 046 54.47 W
* NMEA UTC (Time) = Jul 02 2013 01:17:23
* NMEA baud rate = 9600
** Ship: Hudson
** Cruise: HUD2013021
** Chief_Scientist: Greenan
** Organization: BIO
** Area_of_Operation: Sackville Spur
** Station: 16
** Sounding:  1195
** Event_Comments: FC17.5  393119
# nquan = 25
# nvalues = 1181                        
# units = specified
# name 0 = scan: Scan Count
# name 1 = timeS: Time, Elapsed [seconds]
# name 2 = prDM: Pressure, Digiquartz [db]
# name 3 = t068C: Temperature [ITS-68, deg C]
# name 4 = c0S/m: Conductivity [S/m]
# name 5 = t168C: Temperature, 2 [ITS-68, deg C]
# name 6 = c1S/m: Conductivity, 2 [S/m]
# name 7 = altM: Altimeter [m]
# name 8 = flCUVA: Fluorescence, Chelsea UV Aquatracka [ug/l]
# name 9 = sbeox0V: Oxygen raw, SBE 43 [V]
# name 10 = sbeox1V: Oxygen raw, SBE 43, 2 [V]
# name 11 = upoly0: Upoly 0, Optode 4330F - O2 D-Phase
# name 12 = upoly1: Upoly 1, Optode 4330F - O2 Temp
# name 13 = latitude: Latitude [deg]
# name 14 = longitude: Longitude [deg]
# name 15 = sal00: Salinity, Practical [PSU]
# name 16 = sal11: Salinity, Practical, 2 [PSU]
# name 17 = potemp068C: Potential Temperature [ITS-68, deg C]
# name 18 = potemp168C: Potential Temperature, 2 [ITS-68, deg C]
# name 19 = sigma-é00: Density [sigma-theta, Kg/m^3]
# name 20 = sigma-é11: Density, 2 [sigma-theta, Kg/m^3]
# name 21 = sbeox0ML/L: Oxygen, SBE 43 [ml/l], WS = 2
# name 22 = sbeox1ML/L: Oxygen, SBE 43, 2 [ml/l], WS = 2
# name 23 = nbin: number of scans per bin
# name 24 = flag: flag
# span 0 =       9856,      38221       
# span 1 =    410.614,   1592.484       
# span 2 =      2.000,   1182.000       
# span 3 =     0.0789,     6.2799       
# span 4 =   2.783905,   3.291464       
# span 5 =     0.0806,     6.2848       
# span 6 =   2.785472,   3.292801       
# span 7 =       4.01,      99.42       
# span 8 =     0.0066,     0.1405       
# span 9 =     2.5120,     3.3747       
# span 10 =     2.2603,     3.0119      
# span 11 =  1.7192091,  2.0284187      
# span 12 =  0.6864739,  1.4106304      
# span 13 =   46.99680,   46.99876      
# span 14 =  -46.90946,  -46.90864      
# span 15 =    32.8108,    34.9120      
# span 16 =    32.8259,    34.9280      
# span 17 =     0.0770,     6.2796      
# span 18 =     0.0787,     6.2845      
# span 19 =    25.7921,    27.7511      
# span 20 =    25.8029,    27.7638      
# span 21 =    5.89154,    7.57641      
# span 22 =    6.10997,    7.69973      
# span 23 =         12,         94      
# span 24 = 0.0000e+00, 0.0000e+00      
# interval = decibars: 1                
# start_time = Jul 02 2013 01:17:23 [NMEA time, header]
# bad_flag = -9.990e-29
*END*
[from data line 696]
      28198   1174.881    698.000     4.0960   3.287390     4.0954   3.288640      90.54     0.0118     2.7000     2.4315  1.9661727  1.1356510   46.99766  -46.90872    34.9047    34.9203     4.0438     4.0431    27.7059    27.7184    6.04359    6.25317         20 0.0000e+00
      28219   1175.741    699.000     4.0872   3.286563     4.0874   3.287904      96.21     0.0091     2.6986     2.4306  1.9685785  1.1372591   46.99766  -46.90872    34.9038    34.9194     4.0349     4.0351    27.7061    27.7185    6.03833    6.24984         21 0.0000e+00
      28241   1176.679    700.000     4.0844   3.286316     4.0839   3.287594      96.33     0.0078     2.6981     2.4300  1.9687873  1.1369064   46.99765  -46.90872    34.9032    34.9189     4.0321     4.0316    27.7060    27.7185    6.04354    6.25023         23 0.0000e+00
      28263   1177.591    701.000     4.0815   3.286076     4.0810   3.287343      96.20     0.0115     2.6976     2.4290  1.9704181  1.1361649   46.99764  -46.90872    34.9030    34.9185     4.0291     4.0286    27.7061    27.7185    6.04641    6.24920         21 0.0000e+00
      28283   1178.417    702.000     4.0796   3.285942     4.0793   3.287224      96.79     0.0163     2.6975     2.4287  1.9708891  1.1356593   46.99764  -46.90872    34.9028    34.9183     4.0272     4.0268    27.7062    27.7186    6.05549    6.26025         19 0.0000e+00
      28302   1179.194    703.000     4.0800   3.286054     4.0793   3.287295      96.43     0.0123     2.6977     2.4290  1.9709679  1.1355301   46.99764  -46.90872    34.9033    34.9186     4.0275     4.0268    27.7065    27.7187    6.05192    6.26169         18 0.0000e+00
      28320   1179.960    704.000     4.0817   3.286281     4.0811   3.287536      97.06     0.0111     2.6974     2.4287  1.9716613  1.1353379   46.99764  -46.90872    34.9036    34.9190     4.0291     4.0285    27.7066    27.7189    6.05883    6.25865         19 0.0000e+00
      28339   1180.763    705.000     4.0802   3.286188     4.0799   3.287471      93.34     0.0090     2.6983     2.4287  1.9717331  1.1354084   46.99764  -46.90872    34.9035    34.9191     4.0275     4.0272    27.7067    27.7191    6.06497    6.25648         20 0.0000e+00
      28361   1181.678    706.000     4.0765   3.285851     4.0763   3.287151      97.00     0.0083     2.6983     2.4279  1.9709080  1.1344222   46.99764  -46.90872    34.9030    34.9185     4.0238     4.0236    27.7066    27.7190    6.05966    6.24688         24 0.0000e+00
      28389   1182.822    707.000     4.0748   3.285738     4.0746   3.287034      96.92     0.0066     2.6983     2.4268  1.9713097  1.1343093   46.99763  -46.90872    34.9029    34.9184     4.0220     4.0218    27.7068    27.7192    6.04928    6.25044         30 0.0000e+00
      28416   1183.979    708.000     4.0780   3.286131     4.0779   3.287436      93.90     0.0093     2.6968     2.4264  1.9735686  1.1343101   46.99762  -46.90872    34.9036    34.9192     4.0251     4.0249    27.7070    27.7194    6.04571    6.25359         25 0.0000e+00
      28438   1184.871    709.000     4.0789   3.286280     4.0787   3.287574      97.04     0.0137     2.6966     2.4261  1.9737155  1.1343101   46.99762  -46.90872    34.9039    34.9194     4.0259     4.0257    27.7072    27.7195    6.05191    6.24937         19 0.0000e+00
      28456   1185.604    710.000     4.0792   3.286352     4.0789   3.287642      97.06     0.0144     2.6963     2.4257  1.9732140  1.1343101   46.99762  -46.90872    34.9039    34.9195     4.0261     4.0258    27.7072    27.7195    6.04754    6.24943         16 0.0000e+00
      28471   1186.266    711.000     4.0794   3.286432     4.0793   3.287722      82.74     0.0149     2.6958     2.4253  1.9729872  1.1343101   46.99762  -46.90872    34.9041    34.9196     4.0263     4.0261    27.7073    27.7196    6.04835    6.25067         16 0.0000e+00
      28487   1186.907    712.000     4.0812   3.286669     4.0807   3.287932      71.16     0.0168     2.6957     2.4253  1.9732962  1.1343101   46.99760  -46.90872    34.9045    34.9199     4.0280     4.0275    27.7074    27.7198    6.05868    6.24546         15 0.0000e+00
      28503   1187.578    713.000     4.0828   3.286878     4.0824   3.288154      96.55     0.0175     2.6962     2.4243  1.9732817  1.1343101   46.99760  -46.90872    34.9048    34.9203     4.0294     4.0290    27.7075    27.7199    6.05827    6.23579         17 0.0000e+00
      28522   1188.364    714.000     4.0813   3.286775     4.0807   3.288051      97.00     0.0162     2.6957     2.4231  1.9733120  1.1343101   46.99760  -46.90872    34.9047    34.9204     4.0279     4.0273    27.7076    27.7201    6.05231    6.22850         21 0.0000e+00
      28546   1189.355    715.000     4.0778   3.286503     4.0776   3.287808      94.08     0.0116     2.6957     2.4217  1.9740777  1.1343101   46.99760  -46.90872    34.9046    34.9202     4.0244     4.0241    27.7079    27.7203    6.05481    6.23363         26 0.0000e+00
      28571   1190.428    716.000     4.0772   3.286489     4.0767   3.287766      96.06     0.0147     2.6952     2.4212  1.9743620  1.1343101   46.99760  -46.90872    34.9046    34.9201     4.0236     4.0232    27.7079    27.7204    6.04901    6.24581         25 0.0000e+00
      28595   1191.407    717.000     4.0760   3.286431     4.0757   3.287716      96.95     0.0139     2.6947     2.4213  1.9755152  1.1343101   46.99760  -46.90872    34.9046    34.9201     4.0224     4.0221    27.7081    27.7204    6.05075    6.25233         23 0.0000e+00
      28617   1192.342    718.000     4.0752   3.286399     4.0750   3.287691      92.91     0.0175     2.6941     2.4216  1.9761816  1.1343101   46.99758  -46.90872    34.9046    34.9201     4.0215     4.0212    27.7082    27.7205    6.04925    6.25917         22 0.0000e+00
      28639   1193.240    719.000     4.0742   3.286335     4.0738   3.287627      94.92     0.0172     2.6938     2.4224  1.9760051  1.1343101   46.99758  -46.90872    34.9044    34.9201     4.0204     4.0200    27.7081    27.7206    6.05231    6.26234         20 0.0000e+00
      28658   1194.061    720.000     4.0732   3.286300     4.0729   3.287588      64.24     0.0200     2.6939     2.4227  1.9759645  1.1343101   46.99758  -46.90872    34.9044    34.9200     4.0194     4.0190    27.7083    27.7207    6.05751    6.26286         19 0.0000e+00
      28676   1194.808    721.000     4.0722   3.286249     4.0720   3.287541      55.52     0.0187     2.6937     2.4231  1.9760119  1.1343101   46.99758  -46.90872    34.9044    34.9199     4.0183     4.0180    27.7083    27.7207    6.05650    6.26823         17 0.0000e+00
      28693   1195.511    722.000     4.0699   3.286058     4.0695   3.287349      92.19     0.0154     2.6936     2.4239  1.9763029  1.1343101   46.99758  -46.90872    34.9041    34.9197     4.0159     4.0155    27.7084    27.7208    6.06176    6.26879         17 0.0000e+00
      28710   1196.223    723.000     4.0699   3.286131     4.0696   3.287420      95.15     0.0124     2.6941     2.4238  1.9763931  1.1343101   46.99758  -46.90872    34.9044    34.9200     4.0159     4.0155    27.7086    27.7210    6.06688    6.26248         18 0.0000e+00
      28729   1196.991    724.000     4.0698   3.286163     4.0694   3.287458      95.25     0.0135     2.6944     2.4237  1.9761611  1.1343101   46.99758  -46.90872    34.9044    34.9201     4.0156     4.0153    27.7086    27.7211    6.06685    6.25962         19 0.0000e+00
      28751   1197.898    725.000     4.0681   3.286049     4.0678   3.287350      92.49     0.0156     2.6945     2.4234  1.9760222  1.1341666   46.99758  -46.90872    34.9043    34.9200     4.0139     4.0135    27.7088    27.7213    6.06061    6.25790         25 0.0000e+00
      28778   1199.029    726.000     4.0666   3.285953     4.0663   3.287242      96.20     0.0142     2.6940     2.4231  1.9756646  1.1338719   46.99757  -46.90872    34.9043    34.9198     4.0123     4.0120    27.7089    27.7213    6.05834    6.26555         28 0.0000e+00
      28804   1200.125    727.000     4.0662   3.285977     4.0659   3.287262      74.60     0.0111     2.6937     2.4236  1.9743071  1.1330581   46.99756  -46.90872    34.9044    34.9199     4.0118     4.0116    27.7090    27.7214    6.05784    6.26679         23 0.0000e+00
      28824   1200.979    728.000     4.0664   3.286046     4.0661   3.287330      50.39     0.0098     2.6936     2.4232  1.9745562  1.1332208   46.99756  -46.90872    34.9045    34.9200     4.0120     4.0116    27.7091    27.7215    6.06467    6.26029         19 0.0000e+00
      28842   1201.723    729.000     4.0661   3.286051     4.0656   3.287335      95.17     0.0142     2.6935     2.4231  1.9761091  1.1330903   46.99756  -46.90872    34.9044    34.9200     4.0115     4.0111    27.7091    27.7215    6.06122    6.26498         18 0.0000e+00
      28860   1202.459    730.000     4.0646   3.285950     4.0642   3.287237      95.54     0.0165     2.6927     2.4231  1.9761887  1.1330892   46.99756  -46.90872    34.9043    34.9199     4.0100     4.0096    27.7091    27.7216    6.04994    6.26444         18 0.0000e+00
      28879   1203.264    731.000     4.0645   3.285991     4.0641   3.287272      92.63     0.0194     2.6924     2.4229  1.9763114  1.1330892   46.99756  -46.90872    34.9043    34.9199     4.0098     4.0094    27.7092    27.7216    6.05274    6.26057         20 0.0000e+00
      28901   1204.186    732.000     4.0639   3.285981     4.0636   3.287281      92.56     0.0221     2.6917     2.4223  1.9762691  1.1330892   46.99756  -46.90872    34.9043    34.9200     4.0091     4.0088    27.7092    27.7217    6.04971    6.25722         23 0.0000e+00
      28924   1205.116    733.000     4.0629   3.285933     4.0625   3.287228      95.74     0.0194     2.6905     2.4217  1.9761575  1.1330892   46.99756  -46.90872    34.9043    34.9200     4.0081     4.0077    27.7093    27.7219    6.05477    6.26363         21 0.0000e+00
      28943   1205.904    734.000     4.0624   3.285928     4.0620   3.287228      95.85     0.0134     2.6912     2.4222  1.9760537  1.1330892   46.99756  -46.90872    34.9043    34.9200     4.0074     4.0071    27.7094    27.7220    6.07218    6.27668         18 0.0000e+00
      28959   1206.596    735.000     4.0618   3.285928     4.0614   3.287216      88.43     0.0108     2.6915     2.4226  1.9758872  1.1330892   46.99755  -46.90872    34.9044    34.9199     4.0068     4.0064    27.7095    27.7220    6.06491    6.27642         16 0.0000e+00
      28976   1207.280    736.000     4.0600   3.285797     4.0597   3.287098      94.57     0.0105     2.6912     2.4228  1.9760088  1.1330892   46.99754  -46.90872    34.9042    34.9198     4.0050     4.0046    27.7096    27.7221    6.06232    6.27204         17 0.0000e+00
      28994   1208.057    737.000     4.0581   3.285660     4.0579   3.286955      95.75     0.0143     2.6917     2.4227  1.9762688  1.1330892   46.99754  -46.90872    34.9040    34.9196     4.0030     4.0027    27.7096    27.7221    6.08005    6.27252         21 0.0000e+00
      29021   1209.169    738.000     4.0573   3.285621     4.0569   3.286911      92.73     0.0127     2.6932     2.4230  1.9759667  1.1326388   46.99757  -46.90875    34.9039    34.9195     4.0021     4.0057    27.7097    27.7221    6.08683    6.28157         32 0.0000e+00
      29052   1210.442    739.000     4.0566   3.285608     4.0563   3.286906      92.98     0.0120     2.6944     2.4240  1.9758680  1.1320317   46.99754  -46.90872    34.9040    34.9196     4.0013     4.0045    27.7098    27.7223    6.08826    6.28743         25 0.0000e+00
      29072   1211.307    740.000     4.0554   3.285542     4.0551   3.286842      92.19     0.0138     2.6954     2.4244  1.9758364  1.1321915   46.99754  -46.90872    34.9040    34.9196     4.0000     3.9997    27.7099    27.7224    6.08583    6.28438         19 0.0000e+00
      29090   1212.030    741.000     4.0535   3.285404     4.0531   3.286704      90.92     0.0150     2.6949     2.4243  1.9761950  1.1321732   46.99754  -46.90872    34.9039    34.9195     3.9980     3.9977    27.7101    27.7226    6.08364    6.28604         16 0.0000e+00
      29106   1212.704    742.000     4.0529   3.285407     4.0525   3.286686      97.01     0.0121     2.6959     2.4247  1.9759557  1.1322516   46.99754  -46.90873    34.9040    34.9195     3.9974     3.9969    27.7102    27.7226    6.09467    6.28778         16 0.0000e+00
      29122   1213.375    743.000     4.0524   3.285398     4.0520   3.286693      96.39     0.0146     2.6961     2.4247  1.9760827  1.1319401   46.99754  -46.90874    34.9039    34.9196     3.9968     3.9964    27.7102    27.7228    6.09414    6.28728         17 0.0000e+00
      29139   1214.076    744.000     4.0500   3.285223     4.0498   3.286534      96.08     0.0194     2.6968     2.4251  1.9760827  1.1318688   46.99756  -46.90876    34.9038    34.9195     3.9943     3.9941    27.7104    27.7229    6.09557    6.29374         17 0.0000e+00
      29157   1214.846    745.000     4.0482   3.285117     4.0480   3.286412      88.73     0.0177     2.6972     2.4254  1.9761893  1.1318681   46.99756  -46.90876    34.9039    34.9195     3.9925     3.9922    27.7107    27.7231    6.09429    6.29577         20 0.0000e+00
      29178   1215.689    746.000     4.0483   3.285163     4.0479   3.286443      95.53     0.0178     2.6969     2.4258  1.9760485  1.1317545   46.99754  -46.90875    34.9039    34.9194     3.9925     3.9921    27.7106    27.7230    6.09499    6.29579         21 0.0000e+00
      29199   1216.594    747.000     4.0473   3.285100     4.0474   3.286441      95.52     0.0164     2.6975     2.4258  1.9759145  1.1317570   46.99752  -46.90873    34.9037    34.9194     3.9914     3.9915    27.7106    27.7231    6.09187    6.28688         22 0.0000e+00
      29223   1217.599    748.000     4.0449   3.284908     4.0446   3.286214      69.25     0.0138     2.6969     2.4253  1.9757220  1.1308868   46.99752  -46.90872    34.9035    34.9192     3.9889     3.9886    27.7107    27.7232    6.08243    6.28797         26 0.0000e+00
      29250   1218.703    749.000     4.0423   3.284700     4.0421   3.286006      96.00     0.0135     2.6958     2.4249  1.9759114  1.1306438   46.99752  -46.90873    34.9032    34.9189     3.9863     3.9860    27.7107    27.7232    6.07214    6.27930         26 0.0000e+00
      29273   1219.676    750.000     4.0396   3.284479     4.0393   3.285780      95.72     0.0155     2.6942     2.4237  1.9739317  1.1306472   46.99752  -46.90874    34.9029    34.9186     3.9835     3.9832    27.7108    27.7234    6.07945    6.27514         20 0.0000e+00
      29292   1220.439    751.000     4.0363   3.284201     4.0359   3.285509      89.64     0.0124     2.6944     2.4231  1.9736307  1.1306472   46.99752  -46.90874    34.9026    34.9184     3.9802     3.9798    27.7109    27.7236    6.08555    6.27719         17 0.0000e+00
      29307   1221.093    752.000     4.0352   3.284163     4.0349   3.285467      91.15     0.0149     2.6942     2.4226  1.9744523  1.1306472   46.99752  -46.90874    34.9027    34.9186     3.9790     3.9786    27.7111    27.7238    6.07976    6.27420         15 0.0000e+00
      29322   1221.713    753.000     4.0352   3.284221     4.0349   3.285516      95.77     0.0159     2.6937     2.4219  1.9758351  1.1306472   46.99752  -46.90874    34.9029    34.9186     3.9790     3.9786    27.7113    27.7238    6.07755    6.27028         15 0.0000e+00
      29338   1222.375    754.000     4.0350   3.284258     4.0347   3.285548      95.83     0.0137     2.6928     2.4212  1.9764417  1.1306472   46.99752  -46.90874    34.9030    34.9187     3.9787     3.9783    27.7114    27.7239    6.07918    6.26984         17 0.0000e+00
