data/CTD/2013/CNV/D021A041.CNV
* Sea-Bird SBE 9 Data File:
* FileName = C:\CTD_ACQUISITION\2013021HUD\ctddata\021A041.hdr
* Software Version Seasave V 7.22.2
* Temperature SN = 5081
* Conductivity SN = 3561
* Number of Bytes Per Scan = 37
* Number of Voltage Words = 4
* Number of Scans Averaged by the Deck Unit = 1
* NMEA Latitude = 48 32.65 N
* NMEA Longitude = 046 46.20 W
* NMEA UTC (Time) = Jul 04 2013 01:12:23
* NMEA baud rate = 9600
** Ship: Hudson
** Cruise: HUD2013021
** Chief_Scientist: Greenan
** Organization: BIO
** Area_of_Operation: Sackville Spur
** Station: 41
** Sounding:  1896
** Event_Comments: SS06  393182
# nquan = 25
# nvalues = 2472                        
# units = specified
# name 0 = scan: Scan Count
# name 1 = timeS: Time, Elapsed [seconds]
# name 2 = prDM: Pressure, Digiquartz [db]
# name 3 = t068C: Temperature [ITS-68, deg C]
# name 4 = c0S/m: Conductivity [S/m]
# name 5 = t168C: Temperature, 2 [ITS-68, deg C]
# name 6 = c1S/m: Conductivity, 2 [S/m]
# name 7 = altM: Altimeter [m]
# name 8 = flCUVA: Fluorescence, Chelsea UV Aquatracka [ug/l]
# name 9 = sbeox0V: Oxygen raw, SBE 43 [V]
# name 10 = sbeox1V: Oxygen raw, SBE 43, 2 [V]
# name 11 = upoly0: Upoly 0, Optode 4330F - O2 D-Phase
# name 12 = upoly1: Upoly 1, Optode 4330F - O2 Temp
# name 13 = latitude: Latitude [deg]
# name 14 = longitude: Longitude [deg]
# name 15 = sal00: Salinity, Practical [PSU]
# name 16 = sal11: Salinity, Practical, 2 [PSU]
# name 17 = potemp068C: Potential Temperature [ITS-68, deg C]
# name 18 = potemp168C: Potential Temperature, 2 [ITS-68, deg C]
# name 19 = sigma-é00: Density [sigma-theta, Kg/m^3]
# name 20 = sigma-é11: Density, 2 [sigma-theta, Kg/m^3]
# name 21 = sbeox0ML/L: Oxygen, SBE 43 [ml/l], WS = 2
# name 22 = sbeox1ML/L: Oxygen, SBE 43, 2 [ml/l], WS = 2
# name 23 = nbin: number of scans per bin
# name 24 = flag: flag
# span 0 =       8176,      63486       
# span 1 =    340.638,   2645.193       
# span 2 =      3.000,   2474.000       
# span 3 =     2.6812,     7.4698       
# span 4 =   3.125356,   3.456177       
# span 5 =     2.6802,     7.4704       
# span 6 =   3.126706,   3.457646       
# span 7 =       3.29,     103.75       
# span 8 =     0.0050,     0.1633       
# span 9 =     2.1859,     3.3275       
# span 10 =     1.9662,     2.9759      
# span 11 =  1.7129617,  2.1098694      
# span 12 =  0.9597042,  1.5638924      
# span 13 =   48.54318,   48.54418      
# span 14 =  -46.77346,  -46.76956      
# span 15 =    33.7354,    34.9454      
# span 16 =    33.7506,    34.9388      
# span 17 =     2.4905,     7.4689      
# span 18 =     2.4894,     7.4695      
# span 19 =    26.3576,    27.8635      
# span 20 =    26.3695,    27.8773      
# span 21 =    5.86238,    7.02641      
# span 22 =    6.07419,    7.15290      
# span 23 =          6,         97      
# span 24 = 0.0000e+00, 0.0000e+00      
# interval = decibars: 1                
# start_time = Jul 04 2013 01:12:23 [NMEA time, header]
# bad_flag = -9.990e-29
*END*
[from data line 696]
      25078   1044.859    699.000     3.8562   3.264663     3.8560   3.266043      63.17     0.0114     2.7306     2.4586  1.9609280  1.1062272   48.54390  -46.77046    34.8889    34.9054     3.8052     3.8050    27.7181    27.7313    6.17737    6.38406         20 0.0000e+00
      25104   1045.952    700.000     3.8555   3.264642     3.8552   3.266012      94.76     0.0105     2.7305     2.4582  1.9609280  1.1062272   48.54390  -46.77046    34.8889    34.9054     3.8044     3.8042    27.7181    27.7313    6.18027    6.38261         33 0.0000e+00
      25136   1047.288    701.000     3.8573   3.264905     3.8572   3.266287      75.07     0.0139     2.7298     2.4567  1.9609280  1.1062272   48.54390  -46.77046    34.8895    34.9060     3.8062     3.8061    27.7185    27.7316    6.17753    6.36680         26 0.0000e+00
      25157   1048.160    702.000     3.8589   3.265129     3.8581   3.266441      77.86     0.0156     2.7294     2.4554  1.9609280  1.1062272   48.54388  -46.77048    34.8900    34.9064     3.8077     3.8069    27.7187    27.7319    6.17419    6.35979         18 0.0000e+00
      25174   1048.863    703.000     3.8596   3.265255     3.8595   3.266639      96.34     0.0151     2.7288     2.4539  1.9609280  1.1062272   48.54388  -46.77048    34.8902    34.9068     3.8083     3.8081    27.7188    27.7320    6.16499    6.35969         16 0.0000e+00
      25189   1049.516    704.000     3.8609   3.265449     3.8606   3.266804      96.73     0.0173     2.7275     2.4536  1.9609280  1.1062272   48.54388  -46.77048    34.8906    34.9071     3.8095     3.8092    27.7190    27.7321    6.16222    6.36392         16 0.0000e+00
      25206   1050.195    705.000     3.8631   3.265724     3.8624   3.267046      81.46     0.0168     2.7270     2.4526  1.9609280  1.1062272   48.54388  -46.77048    34.8910    34.9075     3.8116     3.8109    27.7191    27.7323    6.17020    6.35777         17 0.0000e+00
      25224   1050.977    706.000     3.8638   3.265831     3.8634   3.267190      68.39     0.0185     2.7267     2.4516  1.9609280  1.1062272   48.54388  -46.77048    34.8911    34.9076     3.8122     3.8118    27.7191    27.7323    6.16605    6.35285         21 0.0000e+00
      25248   1051.942    707.000     3.8640   3.265902     3.8638   3.267271      68.68     0.0149     2.7258     2.4500  1.9617916  1.1068510   48.54388  -46.77048    34.8911    34.9076     3.8124     3.8122    27.7191    27.7322    6.17116    6.35261         25 0.0000e+00
      25274   1053.043    708.000     3.8666   3.266219     3.8660   3.267565      59.12     0.0175     2.7252     2.4494  1.9621494  1.1073583   48.54388  -46.77050    34.8917    34.9081     3.8148     3.8173    27.7194    27.7324    6.15720    6.36366         27 0.0000e+00
      25301   1054.177    709.000     3.8678   3.266413     3.8676   3.267787      76.32     0.0165     2.7234     2.4492  1.9621489  1.1077684   48.54388  -46.77050    34.8922    34.9087     3.8159     3.8157    27.7196    27.7328    6.15897    6.36713         27 0.0000e+00
      25326   1055.219    710.000     3.8685   3.266550     3.8682   3.267908      92.18     0.0154     2.7234     2.4492  1.9622025  1.1078203   48.54388  -46.77050    34.8925    34.9090     3.8166     3.8163    27.7198    27.7329    6.16480    6.36667         23 0.0000e+00
      25346   1056.054    711.000     3.8698   3.266749     3.8695   3.268103      91.00     0.0171     2.7221     2.4490  1.9633869  1.1078070   48.54388  -46.77050    34.8930    34.9094     3.8178     3.8175    27.7200    27.7331    6.16103    6.36498         17 0.0000e+00
      25363   1056.746    712.000     3.8702   3.266856     3.8699   3.268222      42.06     0.0174     2.7227     2.4489  1.9633700  1.1081431   48.54387  -46.77050    34.8932    34.9098     3.8182     3.8178    27.7202    27.7334    6.16425    6.36070         16 0.0000e+00
      25378   1057.377    713.000     3.8699   3.266874     3.8697   3.268261      96.22     0.0140     2.7221     2.4482  1.9633700  1.1077725   48.54386  -46.77050    34.8933    34.9099     3.8177     3.8176    27.7203    27.7336    6.15841    6.35636         15 0.0000e+00
      25393   1058.005    714.000     3.8688   3.266805     3.8685   3.268175      96.72     0.0135     2.7216     2.4479  1.9644368  1.1077737   48.54386  -46.77050    34.8931    34.9097     3.8166     3.8162    27.7203    27.7335    6.15397    6.35463         15 0.0000e+00
      25410   1058.689    715.000     3.8689   3.266864     3.8686   3.268230      96.72     0.0153     2.7203     2.4471  1.9645911  1.1077873   48.54386  -46.77051    34.8932    34.9097     3.8166     3.8163    27.7203    27.7335    6.14618    6.35151         18 0.0000e+00
      25437   1059.816    716.000     3.8691   3.266911     3.8688   3.268271      79.62     0.0121     2.7190     2.4460  1.9638444  1.1079856   48.54386  -46.77052    34.8930    34.9095     3.8167     3.8164    27.7202    27.7333    6.14222    6.34779         45 0.0000e+00
      25490   1062.042    717.000     3.8720   3.267254     3.8718   3.268631      90.82     0.0099     2.7153     2.4438  1.9646993  1.1082664   48.54386  -46.77053    34.8936    34.9100     3.8194     3.8193    27.7204    27.7335    6.12647    6.34080         39 0.0000e+00
      25512   1062.938    718.000     3.8826   3.268435     3.8820   3.269757      45.99     0.0102     2.7135     2.4425  1.9656764  1.1086013   48.54386  -46.77054    34.8957    34.9121     3.8300     3.8293    27.7210    27.7341    6.12187    6.33389         18 0.0000e+00
      25528   1063.609    719.000     3.8862   3.268872     3.8855   3.270183      72.26     0.0126     2.7120     2.4420  1.9655493  1.1084939   48.54386  -46.77054    34.8966    34.9129     3.8335     3.8328    27.7213    27.7344    6.12238    6.33126         14 0.0000e+00
      25541   1064.180    720.000     3.8883   3.269153     3.8879   3.270503      97.19     0.0127     2.7114     2.4410  1.9658180  1.1086732   48.54386  -46.77054    34.8971    34.9136     3.8355     3.8351    27.7215    27.7347    6.11683    6.32556         13 0.0000e+00
      25554   1064.713    721.000     3.8905   3.269461     3.8902   3.270821      96.20     0.0129     2.7109     2.4402  1.9658120  1.1086692   48.54386  -46.77054    34.8980    34.9145     3.8376     3.8372    27.7220    27.7352    6.11619    6.32553         13 0.0000e+00
      25567   1065.249    722.000     3.8909   3.269561     3.8908   3.270959      78.86     0.0162     2.7093     2.4396  1.9658120  1.1086692   48.54386  -46.77054    34.8983    34.9149     3.8379     3.8378    27.7222    27.7354    6.11497    6.33036         13 0.0000e+00
      25581   1065.848    723.000     3.8911   3.269634     3.8907   3.270996      53.33     0.0157     2.7091     2.4393  1.9658120  1.1095004   48.54386  -46.77054    34.8983    34.9149     3.8381     3.8376    27.7222    27.7355    6.12478    6.33098         16 0.0000e+00
      25609   1067.021    724.000     3.8916   3.269722     3.8913   3.271084      89.77     0.0179     2.7080     2.4381  1.9661020  1.1098323   48.54386  -46.77054    34.8983    34.9148     3.8385     3.8381    27.7222    27.7354    6.11436    6.32453         50 0.0000e+00
      25657   1068.998    725.000     3.8931   3.269944     3.8925   3.271268      56.68     0.0166     2.7044     2.4359  1.9671358  1.1098901   48.54385  -46.77057    34.8989    34.9153     3.8399     3.8392    27.7225    27.7356    6.10626    6.31562         26 0.0000e+00
      25675   1069.736    726.000     3.8934   3.270039     3.8932   3.271409      97.80     0.0132     2.7044     2.4349  1.9670329  1.1104823   48.54384  -46.77056    34.8991    34.9156     3.8401     3.8399    27.7227    27.7358    6.11501    6.31982         17 0.0000e+00
      25690   1070.390    727.000     3.8935   3.270086     3.8932   3.271457      95.78     0.0111     2.7038     2.4348  1.9670329  1.1111255   48.54384  -46.77056    34.8991    34.9156     3.8401     3.8398    27.7227    27.7358    6.11858    6.32424         15 0.0000e+00
      25705   1071.001    728.000     3.8938   3.270173     3.8936   3.271554      15.94     0.0122     2.7041     2.4345  1.9670329  1.1111112   48.54384  -46.77058    34.8992    34.9159     3.8404     3.8458    27.7227    27.7360    6.12530    6.31859         15 0.0000e+00
      25720   1071.619    729.000     3.8941   3.270260     3.8939   3.271631      37.52     0.0135     2.7040     2.4338  1.9679193  1.1110306   48.54384  -46.77058    34.8994    34.9159     3.8406     3.8404    27.7228    27.7360    6.12628    6.30851         15 0.0000e+00
      25737   1072.322    730.000     3.8946   3.270361     3.8943   3.271722      88.38     0.0115     2.7042     2.4324  1.9694511  1.1111099   48.54384  -46.77058    34.8996    34.9160     3.8409     3.8407    27.7230    27.7361    6.12640    6.30404         19 0.0000e+00
      25762   1073.388    731.000     3.8948   3.270427     3.8947   3.271803      92.60     0.0112     2.7041     2.4315  1.9698675  1.1111112   48.54384  -46.77058    34.8996    34.9161     3.8411     3.8409    27.7229    27.7361    6.12168    6.31539         35 0.0000e+00
      25800   1074.946    732.000     3.8947   3.270463     3.8945   3.271843      63.37     0.0139     2.7035     2.4311  1.9707489  1.1111112   48.54384  -46.77059    34.8997    34.9162     3.8409     3.8407    27.7230    27.7362    6.11541    6.31729         32 0.0000e+00
      25823   1075.937    733.000     3.8947   3.270515     3.8944   3.271891      96.53     0.0165     2.7028     2.4306  1.9706960  1.1111112   48.54384  -46.77060    34.8998    34.9164     3.8408     3.8405    27.7231    27.7363    6.11335    6.31153         20 0.0000e+00
      25842   1076.695    734.000     3.8947   3.270568     3.8944   3.271936      96.73     0.0159     2.7021     2.4299  1.9706960  1.1111112   48.54383  -46.77060    34.8999    34.9164     3.8407     3.8404    27.7232    27.7364    6.11212    6.31399         16 0.0000e+00
      25858   1077.363    735.000     3.8942   3.270576     3.8941   3.271954      67.65     0.0171     2.7013     2.4299  1.9706960  1.1111112   48.54382  -46.77060    34.9000    34.9165     3.8401     3.8400    27.7234    27.7365    6.11385    6.31793         16 0.0000e+00
      25873   1078.020    736.000     3.8940   3.270601     3.8938   3.271980      65.85     0.0153     2.7012     2.4297  1.9707721  1.1111112   48.54382  -46.77060    34.9000    34.9166     3.8399     3.8396    27.7234    27.7366    6.11825    6.31805         16 0.0000e+00
      25891   1078.732    737.000     3.8939   3.270641     3.8937   3.272015      94.41     0.0122     2.7014     2.4296  1.9707606  1.1111112   48.54382  -46.77061    34.9000    34.9165     3.8397     3.8395    27.7234    27.7366    6.11293    6.32002         19 0.0000e+00
      25913   1079.653    738.000     3.8935   3.270644     3.8933   3.272017      96.36     0.0119     2.7003     2.4295  1.9718506  1.1111112   48.54382  -46.77062    34.8999    34.9164     3.8393     3.8390    27.7234    27.7366    6.11043    6.31871         27 0.0000e+00
      25947   1081.087    739.000     3.8935   3.270679     3.8933   3.272049      60.38     0.0099     2.6998     2.4284  1.9731992  1.1111112   48.54382  -46.77062    34.8999    34.9163     3.8392     3.8390    27.7233    27.7364    6.11290    6.30620         36 0.0000e+00
      25976   1082.272    740.000     3.8934   3.270718     3.8932   3.272101      67.38     0.0128     2.6989     2.4277  1.9732529  1.1111112   48.54382  -46.77064    34.8999    34.9165     3.8390     3.8388    27.7234    27.7366    6.11555    6.31210         22 0.0000e+00
      25995   1083.089    741.000     3.8931   3.270740     3.8929   3.272113      86.32     0.0104     2.6993     2.4273  1.9736547  1.1111112   48.54382  -46.77064    34.9000    34.9164     3.8386     3.8384    27.7235    27.7366    6.12038    6.31171         19 0.0000e+00
      26013   1083.827    742.000     3.8923   3.270706     3.8923   3.272108      50.69     0.0117     2.6992     2.4271  1.9739970  1.1111112   48.54382  -46.77064    34.8999    34.9165     3.8377     3.8377    27.7235    27.7368    6.10934    6.30750         17 0.0000e+00
      26030   1084.544    743.000     3.8917   3.270701     3.8915   3.272084      96.80     0.0148     2.6980     2.4262  1.9743601  1.1111112   48.54382  -46.77064    34.8999    34.9165     3.8371     3.8369    27.7236    27.7368    6.10367    6.29918         17 0.0000e+00
      26047   1085.264    744.000     3.8919   3.270757     3.8916   3.272133      96.64     0.0169     2.6976     2.4253  1.9743589  1.1111112   48.54382  -46.77064    34.8999    34.9166     3.8371     3.8368    27.7236    27.7369    6.11066    6.30227         18 0.0000e+00
      26065   1085.990    745.000     3.8919   3.270805     3.8916   3.272181      96.13     0.0153     2.6977     2.4251  1.9754932  1.1111112   48.54380  -46.77064    34.8999    34.9165     3.8371     3.8368    27.7236    27.7368    6.10864    6.31254         17 0.0000e+00
      26083   1086.731    746.000     3.8921   3.270861     3.8918   3.272237      42.69     0.0166     2.6964     2.4252  1.9755802  1.1111112   48.54380  -46.77065    34.8999    34.9165     3.8372     3.8369    27.7236    27.7368    6.10502    6.31906         18 0.0000e+00
      26102   1087.548    747.000     3.8921   3.270907     3.8919   3.272285      94.87     0.0173     2.6965     2.4255  1.9751983  1.1111112   48.54380  -46.77066    34.8999    34.9165     3.8371     3.8369    27.7235    27.7368    6.10596    6.31646         22 0.0000e+00
      26134   1088.885    748.000     3.8920   3.270930     3.8919   3.272316      95.16     0.0128     2.6954     2.4251  1.9746474  1.1111112   48.54380  -46.77067    34.8997    34.9163     3.8370     3.8368    27.7234    27.7367    6.10897    6.31404         49 0.0000e+00
      26183   1090.924    749.000     3.8918   3.270956     3.8917   3.272343      93.19     0.0124     2.6953     2.4249  1.9756949  1.1111112   48.54381  -46.77068    34.8997    34.9163     3.8367     3.8366    27.7235    27.7367    6.11797    6.31153         32 0.0000e+00
      26205   1091.814    750.000     3.8914   3.270985     3.8914   3.272376      45.58     0.0111     2.6953     2.4241  1.9755800  1.1111112   48.54380  -46.77068    34.9000    34.9164     3.8362     3.8362    27.7237    27.7368    6.10630    6.29893         19 0.0000e+00
      26221   1092.507    751.000     3.8901   3.270904     3.8901   3.272311      95.89     0.0117     2.6949     2.4233  1.9755800  1.1111934   48.54380  -46.77068    34.8998    34.9165     3.8348     3.8349    27.7238    27.7370    6.10733    6.29624         15 0.0000e+00
      26236   1093.115    752.000     3.8894   3.270894     3.8892   3.272269      95.36     0.0121     2.6946     2.4226  1.9755800  1.1111097   48.54380  -46.77070    34.8999    34.9165     3.8341     3.8338    27.7239    27.7371    6.11009    6.30093         14 0.0000e+00
      26250   1093.691    753.000     3.8895   3.270947     3.8891   3.272304      95.38     0.0138     2.6942     2.4223  1.9755800  1.1111112   48.54380  -46.77070    34.8999    34.9165     3.8341     3.8337    27.7239    27.7371    6.10616    6.30497         14 0.0000e+00
      26264   1094.275    754.000     3.8885   3.270894     3.8884   3.272292      73.76     0.0147     2.6936     2.4221  1.9755800  1.1111112   48.54380  -46.77070    34.8999    34.9165     3.8330     3.8329    27.7240    27.7373    6.09941    6.30481         14 0.0000e+00
      26279   1094.916    755.000     3.8873   3.270830     3.8874   3.272236      54.74     0.0107     2.6932     2.4217  1.9755800  1.1111112   48.54380  -46.77070    34.8999    34.9164     3.8317     3.8318    27.7241    27.7373    6.10595    6.30513         17 0.0000e+00
