data/CTD/2013/CNV/D021A013.CNV
* Sea-Bird SBE 9 Data File:
* FileName = C:\CTD_ACQUISITION\2013021HUD\ctddata\021A013.hdr
* Software Version Seasave V 7.22.2
* Temperature SN = 5081
* Conductivity SN = 3561
* Number of Bytes Per Scan = 37
* Number of Voltage Words = 4
* Number of Scans Averaged by the Deck Unit = 1
* NMEA Latitude = 46 59.97 N
* NMEA Longitude = 047 10.01 W
* NMEA UTC (Time) = Jul 01 2013 21:27:00
* NMEA baud rate = 9600
** Ship: Hudson
** Cruise: HUD2013021
** Chief_Scientist: Greenan
** Organization: BIO
** Area_of_Operation: Sackville Spur
** Station: 13
** Sounding:  878
** Event_Comments: FC16  393113
# nquan = 25
# nvalues = 863                         
# units = specified
# name 0 = scan: Scan Count
# name 1 = timeS: Time, Elapsed [seconds]
# name 2 = prDM: Pressure, Digiquartz [db]
# name 3 = t068C: Temperature [ITS-68, deg C]
# name 4 = c0S/m: Conductivity [S/m]
# name 5 = t168C: Temperature, 2 [ITS-68, deg C]
# name 6 = c1S/m: Conductivity, 2 [S/m]
# name 7 = altM: Altimeter [m]
# name 8 = flCUVA: Fluorescence, Chelsea UV Aquatracka [ug/l]
# name 9 = sbeox0V: Oxygen raw, SBE 43 [V]
# name 10 = sbeox1V: Oxygen raw, SBE 43, 2 [V]
# name 11 = upoly0: Upoly 0, Optode 4330F - O2 D-Phase
# name 12 = upoly1: Upoly 1, Optode 4330F - O2 Temp
# name 13 = latitude: Latitude [deg]
# name 14 = longitude: Longitude [deg]
# name 15 = sal00: Salinity, Practical [PSU]
# name 16 = sal11: Salinity, Practical, 2 [PSU]
# name 17 = potemp068C: Potential Temperature [ITS-68, deg C]
# name 18 = potemp168C: Potential Temperature, 2 [ITS-68, deg C]
# name 19 = sigma-é00: Density [sigma-theta, Kg/m^3]
# name 20 = sigma-é11: Density, 2 [sigma-theta, Kg/m^3]
# name 21 = sbeox0ML/L: Oxygen, SBE 43 [ml/l], WS = 2
# name 22 = sbeox1ML/L: Oxygen, SBE 43, 2 [ml/l], WS = 2
# name 23 = nbin: number of scans per bin
# name 24 = flag: flag
# span 0 =      16141,      41175       
# span 1 =    672.518,   1715.578       
# span 2 =      2.000,    864.000       
# span 3 =     0.0735,     6.6022       
# span 4 =   2.778833,   3.283650       
# span 5 =     0.0733,     6.6013       
# span 6 =   2.780078,   3.284939       
# span 7 =       9.82,      99.12       
# span 8 =     0.0084,     0.2020       
# span 9 =     2.6376,     3.4477       
# span 10 =     2.3718,     2.9997      
# span 11 =  1.7136926,  2.0549593      
# span 12 =  0.6424633,  1.4532439      
# span 13 =   46.99858,   46.99922      
# span 14 =  -47.16702,  -47.16656      
# span 15 =    32.4927,    34.9003      
# span 16 =    32.5062,    34.9157      
# span 17 =     0.0711,     6.6019      
# span 18 =     0.0708,     6.6010      
# span 19 =    25.4965,    27.7147      
# span 20 =    25.5078,    27.7270      
# span 21 =    6.00321,    8.23139      
# span 22 =    6.19027,    7.98640      
# span 23 =         13,        115      
# span 24 = 0.0000e+00, 0.0000e+00      
# interval = decibars: 1                
# start_time = Jul 01 2013 21:27:00 [NMEA time, header]
# bad_flag = -9.990e-29
*END*
[from data line 696]
      36427   1517.752    698.000     4.0314   3.280638     4.0317   3.281958      75.15     0.0163     2.7040     2.4317  1.9712698  1.1294261   46.99881  -47.16672    34.8932    34.9084     3.9795     3.9799    27.7035    27.7156    6.06845    6.26961         17 0.0000e+00
      36445   1518.520    699.000     4.0297   3.280547     4.0298   3.281847      92.19     0.0168     2.7036     2.4314  1.9712772  1.1293696   46.99882  -47.16672    34.8934    34.9087     3.9778     3.9778    27.7038    27.7160    6.07280    6.27296         21 0.0000e+00
      36473   1519.687    700.000     4.0285   3.280510     4.0285   3.281790      64.77     0.0124     2.7032     2.4314  1.9712580  1.1292666   46.99880  -47.16672    34.8937    34.9089     3.9765     3.9764    27.7042    27.7163    6.07182    6.27487         37 0.0000e+00
      36509   1521.150    701.000     4.0283   3.280543     4.0281   3.281822      75.49     0.0152     2.7032     2.4312  1.9719843  1.1282146   46.99880  -47.16672    34.8938    34.9091     3.9762     3.9760    27.7043    27.7166    6.07772    6.27255         28 0.0000e+00
      36532   1522.117    702.000     4.0281   3.280578     4.0279   3.281858      96.97     0.0178     2.7027     2.4308  1.9720904  1.1282055   46.99880  -47.16672    34.8939    34.9092     3.9759     3.9758    27.7045    27.7166    6.06082    6.26650         21 0.0000e+00
      36552   1522.977    703.000     4.0271   3.280572     4.0270   3.281854      90.57     0.0181     2.7013     2.4303  1.9713550  1.1289415   46.99880  -47.16672    34.8944    34.9097     3.9749     3.9747    27.7049    27.7171    6.06060    6.26733         21 0.0000e+00
      36576   1523.962    704.000     4.0268   3.280593     4.0266   3.281877      77.03     0.0164     2.7008     2.4296  1.9711553  1.1291039   46.99880  -47.16672    34.8944    34.9098     3.9745     3.9743    27.7050    27.7172    6.06174    6.26297         27 0.0000e+00
      36608   1525.292    705.000     4.0266   3.280631     4.0265   3.281913      97.04     0.0176     2.6995     2.4290  1.9729595  1.1281987   46.99880  -47.16672    34.8945    34.9098     3.9743     3.9741    27.7051    27.7173    6.05743    6.27103         32 0.0000e+00
      36633   1526.343    706.000     4.0262   3.280640     4.0261   3.281933      91.08     0.0144     2.6984     2.4290  1.9727061  1.1282041   46.99880  -47.16672    34.8946    34.9099     3.9737     3.9737    27.7052    27.7174    6.05918    6.27200         20 0.0000e+00
      36651   1527.075    707.000     4.0257   3.280659     4.0255   3.281940      72.42     0.0142     2.6982     2.4290  1.9719040  1.1282052   46.99880  -47.16672    34.8948    34.9101     3.9732     3.9730    27.7054    27.7176    6.06547    6.26326         16 0.0000e+00
      36667   1527.749    708.000     4.0251   3.280653     4.0244   3.281891      96.53     0.0155     2.6981     2.4280  1.9719169  1.1282052   46.99880  -47.16672    34.8948    34.9103     3.9725     3.9717    27.7055    27.7179    6.06746    6.25148         17 0.0000e+00
      36685   1528.513    709.000     4.0233   3.280551     4.0229   3.281818      96.58     0.0153     2.6983     2.4269  1.9728134  1.1282052   46.99880  -47.16672    34.8950    34.9104     3.9706     3.9702    27.7059    27.7182    6.06990    6.25112         21 0.0000e+00
      36722   1530.051    710.000     4.0215   3.280434     4.0213   3.281723      80.22     0.0147     2.6977     2.4253  1.9737135  1.1281785   46.99882  -47.16672    34.8950    34.9104     3.9688     3.9686    27.7061    27.7183    6.06375    6.25377         48 0.0000e+00
      36756   1531.451    711.000     4.0208   3.280428     4.0208   3.281729      70.59     0.0148     2.6973     2.4244  1.9736015  1.1282058   46.99882  -47.16672    34.8952    34.9105     3.9679     3.9680    27.7063    27.7185    6.06999    6.25993         21 0.0000e+00
      36774   1532.229    712.000     4.0205   3.280447     4.0203   3.281729      96.17     0.0185     2.6976     2.4246  1.9735450  1.1281374   46.99882  -47.16672    34.8952    34.9106     3.9675     3.9674    27.7064    27.7186    6.06625    6.27177         18 0.0000e+00
      36793   1533.000    713.000     4.0202   3.280471     4.0200   3.281756      72.65     0.0191     2.6970     2.4251  1.9739808  1.1282034   46.99882  -47.16672    34.8953    34.9106     3.9672     3.9691    27.7065    27.7187    6.06121    6.27446         20 0.0000e+00
      36816   1533.950    714.000     4.0200   3.280501     4.0199   3.281789      95.49     0.0214     2.6963     2.4254  1.9736965  1.1282052   46.99882  -47.16672    34.8953    34.9107     3.9669     3.9669    27.7065    27.7187    6.05975    6.27227         27 0.0000e+00
      36847   1535.237    715.000     4.0203   3.280573     4.0203   3.281863      90.07     0.0151     2.6956     2.4256  1.9719958  1.1273583   46.99882  -47.16672    34.8953    34.9106     3.9672     3.9671    27.7065    27.7186    6.06160    6.27001         31 0.0000e+00
      36874   1536.366    716.000     4.0206   3.280639     4.0202   3.281894      84.42     0.0140     2.6953     2.4256  1.9727380  1.1273398   46.99882  -47.16672    34.8953    34.9106     3.9673     3.9669    27.7064    27.7186    6.05912    6.27217         24 0.0000e+00
      36896   1537.277    717.000     4.0201   3.280652     4.0199   3.281927      97.22     0.0124     2.6943     2.4257  1.9743700  1.1272891   46.99882  -47.16672    34.8955    34.9108     3.9668     3.9665    27.7066    27.7188    6.05517    6.27602         20 0.0000e+00
      36915   1538.073    718.000     4.0198   3.280675     4.0194   3.281941      97.14     0.0136     2.6940     2.4259  1.9743589  1.1271175   46.99882  -47.16672    34.8955    34.9109     3.9664     3.9660    27.7067    27.7190    6.05591    6.27311         18 0.0000e+00
      36932   1538.802    719.000     4.0196   3.280708     4.0193   3.281991      15.70     0.0124     2.6932     2.4258  1.9755245  1.1272007   46.99882  -47.16672    34.8956    34.9110     3.9662     3.9659    27.7068    27.7191    6.06396    6.27026         17 0.0000e+00
      36950   1539.541    720.000     4.0194   3.280730     4.0191   3.282004      86.57     0.0104     2.6939     2.4254  1.9759009  1.1273054   46.99882  -47.16672    34.8956    34.9109     3.9658     3.9655    27.7068    27.7191    6.06662    6.27089         19 0.0000e+00
      36976   1540.644    721.000     4.0190   3.280736     4.0188   3.282022      94.15     0.0095     2.6930     2.4252  1.9750930  1.1271528   46.99882  -47.16672    34.8955    34.9109     3.9654     3.9652    27.7068    27.7191    6.05752    6.26911         42 0.0000e+00
      37027   1542.740    722.000     4.0189   3.280778     4.0186   3.282057      82.49     0.0133     2.6923     2.4244  1.9744062  1.1270778   46.99882  -47.16672    34.8956    34.9110     3.9652     3.9649    27.7069    27.7192    6.05671    6.27029         36 0.0000e+00
      37047   1543.575    723.000     4.0185   3.280796     4.0184   3.282095      97.20     0.0127     2.6914     2.4245  1.9749062  1.1271888   46.99882  -47.16672    34.8957    34.9112     3.9647     3.9646    27.7071    27.7194    6.06101    6.27657         18 0.0000e+00
      37064   1544.287    724.000     4.0170   3.280741     4.0167   3.282012      96.22     0.0153     2.6923     2.4248  1.9745805  1.1270574   46.99882  -47.16672    34.8962    34.9115     3.9631     3.9628    27.7076    27.7198    6.06891    6.28080         16 0.0000e+00
      37080   1544.955    725.000     4.0148   3.280653     4.0148   3.281940      63.44     0.0196     2.6919     2.4250  1.9751362  1.1277654   46.99882  -47.16672    34.8969    34.9121     3.9609     3.9609    27.7084    27.7205    6.05740    6.28141         16 0.0000e+00
      37097   1545.654    726.000     4.0147   3.280707     4.0147   3.281999      97.61     0.0195     2.6915     2.4253  1.9749676  1.1275243   46.99882  -47.16672    34.8971    34.9123     3.9607     3.9607    27.7085    27.7207    6.05567    6.27671         18 0.0000e+00
      37117   1546.501    727.000     4.0167   3.280970     4.0166   3.282278      97.14     0.0170     2.6909     2.4246  1.9753176  1.1274936   46.99882  -47.16672    34.8976    34.9130     3.9626     3.9643    27.7088    27.7210    6.06130    6.26611         24 0.0000e+00
      37147   1547.737    728.000     4.0197   3.281353     4.0191   3.282593      81.06     0.0221     2.6906     2.4235  1.9762322  1.1270170   46.99882  -47.16672    34.8985    34.9137     3.9655     3.9649    27.7092    27.7214    6.05420    6.25959         34 0.0000e+00
      37179   1549.104    729.000     4.0200   3.281491     4.0198   3.282764      82.41     0.0206     2.6897     2.4220  1.9738909  1.1271036   46.99880  -47.16672    34.8992    34.9145     3.9657     3.9655    27.7097    27.7219    6.04828    6.25463         31 0.0000e+00
      37208   1550.283    730.000     4.0197   3.281538     4.0194   3.282810      73.47     0.0142     2.6879     2.4209  1.9742684  1.1271253   46.99882  -47.16672    34.8996    34.9149     3.9653     3.9651    27.7101    27.7223    6.04021    6.25828         26 0.0000e+00
      37232   1551.273    731.000     4.0193   3.281546     4.0190   3.282820      79.24     0.0164     2.6871     2.4206  1.9760286  1.1271507   46.99882  -47.16672    34.8996    34.9150     3.9648     3.9646    27.7101    27.7224    6.04593    6.26421         22 0.0000e+00
      37252   1552.109    732.000     4.0192   3.281598     4.0192   3.282903      95.87     0.0153     2.6868     2.4204  1.9763280  1.1270514   46.99882  -47.16672    34.8998    34.9152     3.9647     3.9646    27.7103    27.7226    6.05235    6.26581         18 0.0000e+00
      37270   1552.886    733.000     4.0194   3.281672     4.0192   3.282954      95.72     0.0130     2.6870     2.4204  1.9747210  1.1271136   46.99882  -47.16672    34.8999    34.9153     3.9648     3.9646    27.7104    27.7227    6.05702    6.26865         19 0.0000e+00
      37290   1553.697    734.000     4.0193   3.281713     4.0190   3.282991      73.35     0.0092     2.6867     2.4205  1.9743639  1.1272154   46.99881  -47.16672    34.9000    34.9154     3.9647     3.9643    27.7104    27.7228    6.05491    6.26887         21 0.0000e+00
      37312   1554.630    735.000     4.0180   3.281632     4.0174   3.282884      92.01     0.0148     2.6869     2.4203  1.9754088  1.1271381   46.99880  -47.16673    34.8999    34.9154     3.9632     3.9626    27.7105    27.7229    6.05563    6.26463         24 0.0000e+00
      37337   1555.675    736.000     4.0133   3.281222     4.0151   3.282713      95.87     0.0152     2.6866     2.4198  1.9763197  1.1270322   46.99880  -47.16674    34.8995    34.9152     3.9585     3.9603    27.7107    27.7230    6.05556    6.26426         25 0.0000e+00
      37361   1556.663    737.000     4.0158   3.281517     4.0173   3.282983      75.11     0.0132     2.6865     2.4196  1.9761883  1.1270398   46.99880  -47.16674    34.8998    34.9155     3.9609     3.9624    27.7107    27.7231    6.05921    6.26561         22 0.0000e+00
      37382   1557.546    738.000     4.0180   3.281791     4.0178   3.283073      20.10     0.0151     2.6867     2.4194  1.9759275  1.1271591   46.99880  -47.16674    34.9002    34.9156     3.9630     3.9628    27.7108    27.7230    6.05934    6.26483         21 0.0000e+00
      37402   1558.386    739.000     4.0180   3.281838     4.0178   3.283125      95.04     0.0164     2.6864     2.4192  1.9760064  1.1269861   46.99880  -47.16674    34.9003    34.9157     3.9629     3.9627    27.7108    27.7231    6.05876    6.26490         20 0.0000e+00
      37423   1559.249    740.000     4.0178   3.281873     4.0175   3.283150      91.89     0.0155     2.6867     2.4189  1.9761031  1.1269841   46.99880  -47.16674    34.9003    34.9157     3.9627     3.9624    27.7109    27.7232    6.06106    6.26870         21 0.0000e+00
      37447   1560.248    741.000     4.0175   3.281878     4.0171   3.283148      68.85     0.0117     2.6866     2.4191  1.9762738  1.1270268   46.99880  -47.16674    34.9002    34.9156     3.9623     3.9619    27.7109    27.7232    6.05935    6.27118         28 0.0000e+00
      37486   1561.877    742.000     4.0166   3.281826     4.0172   3.283184      91.21     0.0149     2.6862     2.4186  1.9762924  1.1270351   46.99880  -47.16674    34.9000    34.9154     3.9613     3.9619    27.7108    27.7230    6.05861    6.25997         48 0.0000e+00
      37523   1563.399    743.000     4.0164   3.281860     4.0161   3.283138      81.07     0.0166     2.6858     2.4172  1.9761875  1.1270350   46.99880  -47.16674    34.9001    34.9155     3.9611     3.9607    27.7109    27.7232    6.05401    6.25588         24 0.0000e+00
      37543   1564.248    744.000     4.0137   3.281648     4.0144   3.283026      95.70     0.0172     2.6855     2.4168  1.9761584  1.1269842   46.99880  -47.16674    34.8999    34.9155     3.9583     3.9590    27.7111    27.7234    6.05871    6.25622         19 0.0000e+00
      37561   1564.983    745.000     4.0154   3.281855     4.0136   3.282983      95.71     0.0161     2.6853     2.4162  1.9759440  1.1271948   46.99880  -47.16674    34.9001    34.9153     3.9599     3.9580    27.7110    27.7234    6.05277    6.25310         17 0.0000e+00
      37578   1565.708    746.000     4.0093   3.281291     4.0100   3.282671      70.69     0.0154     2.6848     2.4156  1.9759197  1.1271880   46.99880  -47.16674    34.8994    34.9149     3.9537     3.9544    27.7111    27.7234    6.05011    6.25773         18 0.0000e+00
      37598   1566.530    747.000     4.0077   3.281173     4.0084   3.282562      89.16     0.0146     2.6841     2.4154  1.9764462  1.1270455   46.99880  -47.16674    34.8991    34.9147     3.9520     3.9528    27.7111    27.7234    6.05354    6.25676         22 0.0000e+00
      37623   1567.581    748.000     4.0073   3.281174     4.0073   3.282483      86.48     0.0128     2.6836     2.4146  1.9768001  1.1269842   46.99880  -47.16674    34.8990    34.9145     3.9516     3.9515    27.7111    27.7234    6.04835    6.25715         27 0.0000e+00
      37649   1568.650    749.000     4.0064   3.281133     4.0066   3.282462      47.55     0.0134     2.6824     2.4145  1.9764203  1.1265491   46.99880  -47.16674    34.8990    34.9145     3.9506     3.9508    27.7111    27.7234    6.04262    6.26056         23 0.0000e+00
      37671   1569.577    750.000     4.0049   3.281035     4.0046   3.282307      90.54     0.0107     2.6815     2.4141  1.9762430  1.1258069   46.99880  -47.16674    34.8989    34.9142     3.9491     3.9487    27.7112    27.7234    6.04837    6.25246         22 0.0000e+00
      37694   1570.559    751.000     4.0029   3.280878     4.0050   3.282397      95.55     0.0141     2.6812     2.4130  1.9760815  1.1257204   46.99880  -47.16674    34.8987    34.9143     3.9469     3.9491    27.7112    27.7235    6.04968    6.24504         27 0.0000e+00
      37728   1571.945    752.000     3.9956   3.280211     3.9953   3.281519      80.37     0.0179     2.6809     2.4119  1.9761119  1.1257627   46.99880  -47.16674    34.8980    34.9134     3.9396     3.9394    27.7115    27.7238    6.04956    6.25133         39 0.0000e+00
      37765   1573.516    753.000     3.9950   3.280210     3.9921   3.281233      96.19     0.0160     2.6792     2.4110  1.9768177  1.1253217   46.99880  -47.16674    34.8980    34.9133     3.9390     3.9360    27.7115    27.7240    6.03926    6.25009         34 0.0000e+00
      37795   1574.732    754.000     3.9961   3.280360     3.9930   3.281374      71.50     0.0196     2.6781     2.4102  1.9777964  1.1255723   46.99880  -47.16675    34.8982    34.9134     3.9399     3.9369    27.7116    27.7240    6.03404    6.24816         25 0.0000e+00
