data/CTD/2013/CNV/D021A042.CNV
* Sea-Bird SBE 9 Data File:
* FileName = C:\CTD_ACQUISITION\2013021HUD\ctddata\021A042.hdr
* Software Version Seasave V 7.22.2
* Temperature SN = 5081
* Conductivity SN = 3561
* Number of Bytes Per Scan = 37
* Number of Voltage Words = 4
* Number of Scans Averaged by the Deck Unit = 1
* NMEA Latitude = 48 20.24 N
* NMEA Longitude = 046 21.03 W
* NMEA UTC (Time) = Jul 04 2013 04:23:37
* NMEA baud rate = 9600
** Ship: Hudson
** Cruise: HUD2013021
** Chief_Scientist: Greenan
** Organization: BIO
** Area_of_Operation: Sackville Spur
** Station: 42
** Sounding:  947
** Event_Comments: FP_BSR_5  393184
# nquan = 25
# nvalues = 930                         
# units = specified
# name 0 = scan: Scan Count
# name 1 = timeS: Time, Elapsed [seconds]
# name 2 = prDM: Pressure, Digiquartz [db]
# name 3 = t068C: Temperature [ITS-68, deg C]
# name 4 = c0S/m: Conductivity [S/m]
# name 5 = t168C: Temperature, 2 [ITS-68, deg C]
# name 6 = c1S/m: Conductivity, 2 [S/m]
# name 7 = altM: Altimeter [m]
# name 8 = flCUVA: Fluorescence, Chelsea UV Aquatracka [ug/l]
# name 9 = sbeox0V: Oxygen raw, SBE 43 [V]
# name 10 = sbeox1V: Oxygen raw, SBE 43, 2 [V]
# name 11 = upoly0: Upoly 0, Optode 4330F - O2 D-Phase
# name 12 = upoly1: Upoly 1, Optode 4330F - O2 Temp
# name 13 = latitude: Latitude [deg]
# name 14 = longitude: Longitude [deg]
# name 15 = sal00: Salinity, Practical [PSU]
# name 16 = sal11: Salinity, Practical, 2 [PSU]
# name 17 = potemp068C: Potential Temperature [ITS-68, deg C]
# name 18 = potemp168C: Potential Temperature, 2 [ITS-68, deg C]
# name 19 = sigma-é00: Density [sigma-theta, Kg/m^3]
# name 20 = sigma-é11: Density, 2 [sigma-theta, Kg/m^3]
# name 21 = sbeox0ML/L: Oxygen, SBE 43 [ml/l], WS = 2
# name 22 = sbeox1ML/L: Oxygen, SBE 43, 2 [ml/l], WS = 2
# name 23 = nbin: number of scans per bin
# name 24 = flag: flag
# span 0 =      11870,      37104       
# span 1 =    494.541,   1545.960       
# span 2 =      3.000,    932.000       
# span 3 =    -0.3387,     6.1138       
# span 4 =   2.752072,   3.277587       
# span 5 =    -0.3387,     6.1136       
# span 6 =   2.753544,   3.278971       
# span 7 =     -11.27,      98.85       
# span 8 =     0.0060,     0.1903       
# span 9 =     2.6200,     3.4630       
# span 10 =     2.3539,     3.0458      
# span 11 =  1.7248574,  2.0073493      
# span 12 =  0.6344082,  1.3930870      
# span 13 =   48.33558,   48.33645      
# span 14 =  -46.35110,  -46.34982      
# span 15 =    32.6383,    34.9038      
# span 16 =    32.6537,    34.9204      
# span 17 =    -0.3397,     6.1136      
# span 18 =    -0.3397,     6.1134      
# span 19 =    25.6730,    27.7301      
# span 20 =    25.6852,    27.7433      
# span 21 =    6.02601,    7.77961      
# span 22 =    6.22614,    7.80384      
# span 23 =         13,        105      
# span 24 = 0.0000e+00, 0.0000e+00      
# interval = decibars: 1                
# start_time = Jul 04 2013 04:23:37 [NMEA time, header]
# bad_flag = -9.990e-29
*END*
[from data line 522]
      26174   1090.556    525.000     3.9936   3.268561     3.9932   3.269932      96.81     0.0107     2.7873     2.5057  1.9535601  1.1245400   48.33586  -46.34984    34.8810    34.8977     3.9555     3.9550    27.6963    27.7097    6.18450    6.36663         22 0.0000e+00
      26197   1091.521    526.000     3.9934   3.268588     3.9932   3.269974      86.48     0.0111     2.7874     2.5050  1.9536020  1.1245421   48.33586  -46.34984    34.8810    34.8977     3.9552     3.9550    27.6963    27.7096    6.18214    6.37090         24 0.0000e+00
      26222   1092.548    527.000     3.9934   3.268631     3.9932   3.270017      77.50     0.0123     2.7863     2.5049  1.9536020  1.1245421   48.33587  -46.34984    34.8810    34.8977     3.9551     3.9549    27.6963    27.7096    6.17889    6.37316         25 0.0000e+00
      26244   1093.476    528.000     3.9934   3.268681     3.9930   3.270051      96.43     0.0155     2.7859     2.5045  1.9536020  1.1245421   48.33588  -46.34984    34.8811    34.8978     3.9550     3.9546    27.6965    27.7097    6.17916    6.36995         20 0.0000e+00
      26263   1094.252    529.000     3.9930   3.268716     3.9928   3.270094      96.48     0.0157     2.7852     2.5041  1.9534580  1.1245421   48.33588  -46.34984    34.8814    34.8979     3.9546     3.9544    27.6967    27.7099    6.18526    6.36528         17 0.0000e+00
      26280   1094.939    530.000     3.9936   3.268828     3.9933   3.270190      22.49     0.0163     2.7856     2.5033  1.9533728  1.1245421   48.33588  -46.34986    34.8816    34.8981     3.9550     3.9547    27.6968    27.7100    6.18778    6.36148         16 0.0000e+00
      26295   1095.593    531.000     3.9938   3.268905     3.9936   3.270289      69.75     0.0169     2.7855     2.5028  1.9535230  1.1245421   48.33588  -46.34986    34.8818    34.8983     3.9552     3.9550    27.6970    27.7101    6.18243    6.36430         16 0.0000e+00
      26311   1096.257    532.000     3.9943   3.269006     3.9942   3.270393      96.18     0.0163     2.7850     2.5025  1.9536004  1.1243926   48.33588  -46.34986    34.8818    34.8985     3.9557     3.9555    27.6970    27.7102    6.17980    6.36578         16 0.0000e+00
      26329   1096.992    533.000     3.9949   3.269098     3.9946   3.270479      96.88     0.0147     2.7845     2.5020  1.9536020  1.1244768   48.33588  -46.34986    34.8818    34.8985     3.9562     3.9559    27.6969    27.7102    6.18481    6.37075         19 0.0000e+00
      26353   1097.981    534.000     3.9944   3.269095     3.9942   3.270475      72.68     0.0149     2.7847     2.5023  1.9536802  1.1243441   48.33588  -46.34986    34.8817    34.8983     3.9556     3.9554    27.6969    27.7101    6.17613    6.37817         30 0.0000e+00
      26384   1099.289    535.000     3.9947   3.269174     3.9944   3.270539      97.47     0.0150     2.7826     2.5026  1.9537296  1.1241143   48.33588  -46.34986    34.8818    34.8983     3.9558     3.9555    27.6969    27.7101    6.17285    6.37085         29 0.0000e+00
      26407   1100.269    536.000     3.9950   3.269244     3.9949   3.270633      96.60     0.0152     2.7825     2.5020  1.9535996  1.1245502   48.33588  -46.34988    34.8819    34.8984     3.9560     3.9559    27.6970    27.7101    6.17926    6.36748         19 0.0000e+00
      26425   1101.013    537.000     3.9956   3.269382     3.9956   3.270764      58.82     0.0190     2.7822     2.5016  1.9536020  1.1245421   48.33588  -46.34986    34.8823    34.8987     3.9565     3.9565    27.6972    27.7103    6.18252    6.36909         17 0.0000e+00
      26441   1101.683    538.000     3.9957   3.269436     3.9956   3.270822      88.90     0.0213     2.7824     2.5015  1.9536020  1.1245421   48.33588  -46.34986    34.8823    34.8988     3.9566     3.9564    27.6972    27.7104    6.18003    6.36947         16 0.0000e+00
      26458   1102.384    539.000     3.9957   3.269480     3.9956   3.270853      96.49     0.0207     2.7817     2.5010  1.9536020  1.1245421   48.33588  -46.34986    34.8823    34.8987     3.9565     3.9563    27.6972    27.7103    6.17791    6.36993         18 0.0000e+00
      26479   1103.242    540.000     3.9955   3.269504     3.9953   3.270879      96.62     0.0174     2.7816     2.5011  1.9536020  1.1245421   48.33588  -46.34988    34.8823    34.8987     3.9562     3.9560    27.6972    27.7104    6.17627    6.37490         24 0.0000e+00
      26507   1104.417    541.000     3.9953   3.269531     3.9954   3.270923      70.77     0.0152     2.7807     2.5009  1.9546382  1.1245421   48.33588  -46.34988    34.8823    34.8987     3.9560     3.9560    27.6972    27.7103    6.17346    6.36779         30 0.0000e+00
      26534   1105.558    542.000     3.9947   3.269516     3.9946   3.270904      71.73     0.0151     2.7796     2.4996  1.9546720  1.1244895   48.33588  -46.34986    34.8822    34.8988     3.9553     3.9551    27.6973    27.7105    6.16390    6.35233         24 0.0000e+00
      26555   1106.419    543.000     3.9945   3.269555     3.9944   3.270935      78.62     0.0148     2.7785     2.4987  1.9535995  1.1245422   48.33588  -46.34988    34.8824    34.8988     3.9550     3.9549    27.6974    27.7105    6.17024    6.36147         19 0.0000e+00
      26572   1107.132    544.000     3.9947   3.269625     3.9946   3.271009      50.35     0.0133     2.7788     2.4981  1.9536020  1.1245421   48.33588  -46.34988    34.8825    34.8990     3.9551     3.9549    27.6975    27.7107    6.18193    6.36414         16 0.0000e+00
      26588   1107.797    545.000     3.9948   3.269668     3.9946   3.271054      95.73     0.0129     2.7788     2.4980  1.9536765  1.1245421   48.33588  -46.34988    34.8824    34.8990     3.9551     3.9549    27.6974    27.7107    6.18277    6.36860         16 0.0000e+00
      26605   1108.505    546.000     3.9948   3.269711     3.9945   3.271082      96.55     0.0128     2.7789     2.4984  1.9536700  1.1245421   48.33588  -46.34988    34.8823    34.8989     3.9550     3.9547    27.6974    27.7106    6.18348    6.37234         18 0.0000e+00
      26627   1109.430    547.000     3.9949   3.269765     3.9947   3.271130      87.36     0.0127     2.7793     2.4982  1.9538233  1.1245421   48.33588  -46.34988    34.8823    34.8987     3.9551     3.9549    27.6974    27.7104    6.18951    6.36670         27 0.0000e+00
      26657   1110.666    548.000     3.9960   3.269939     3.9959   3.271319      78.73     0.0146     2.7799     2.4973  1.9548582  1.1244985   48.33589  -46.34988    34.8827    34.8991     3.9561     3.9560    27.6975    27.7107    6.18833    6.35646         29 0.0000e+00
      26681   1111.660    549.000     3.9965   3.270044     3.9965   3.271436      97.13     0.0175     2.7802     2.4962  1.9545134  1.1245427   48.33589  -46.34988    34.8829    34.8994     3.9565     3.9565    27.6977    27.7108    6.18442    6.35695         20 0.0000e+00
      26700   1112.463    550.000     3.9956   3.270004     3.9956   3.271399      93.30     0.0207     2.7794     2.4960  1.9534024  1.1245421   48.33588  -46.34988    34.8829    34.8994     3.9555     3.9555    27.6978    27.7109    6.17613    6.36431         19 0.0000e+00
      26718   1113.203    551.000     3.9956   3.270041     3.9956   3.271440      34.16     0.0208     2.7791     2.4960  1.9532441  1.1245421   48.33588  -46.34990    34.8828    34.8994     3.9554     3.9554    27.6977    27.7109    6.17840    6.36843         17 0.0000e+00
      26735   1113.908    552.000     3.9954   3.270079     3.9954   3.271459      32.02     0.0163     2.7787     2.4958  1.9543076  1.1245421   48.33589  -46.34990    34.8828    34.8992     3.9552     3.9552    27.6978    27.7108    6.18065    6.36559         17 0.0000e+00
      26751   1114.589    553.000     3.9955   3.270132     3.9953   3.271497      95.30     0.0185     2.7783     2.4959  1.9554093  1.1245421   48.33590  -46.34990    34.8828    34.8992     3.9552     3.9550    27.6978    27.7108    6.18147    6.36635         16 0.0000e+00
      26767   1115.265    554.000     3.9960   3.270213     3.9958   3.271587      96.90     0.0190     2.7787     2.4958  1.9551311  1.1245421   48.33590  -46.34990    34.8828    34.8992     3.9556     3.9554    27.6977    27.7108    6.18401    6.36634         16 0.0000e+00
      26785   1116.002    555.000     3.9964   3.270292     3.9961   3.271661      59.77     0.0188     2.7783     2.4954  1.9548899  1.1245421   48.33590  -46.34990    34.8828    34.8993     3.9559     3.9556    27.6977    27.7109    6.18210    6.36657         20 0.0000e+00
      26811   1117.076    556.000     3.9971   3.270399     3.9968   3.271761      84.81     0.0162     2.7779     2.4954  1.9548278  1.1245421   48.33590  -46.34990    34.8828    34.8992     3.9565     3.9562    27.6976    27.7107    6.18451    6.37020         35 0.0000e+00
      26849   1118.652    557.000     3.9973   3.270468     3.9970   3.271824      81.21     0.0181     2.7781     2.4955  1.9547803  1.1244996   48.33590  -46.34990    34.8828    34.8992     3.9567     3.9564    27.6976    27.7107    6.18680    6.36664         31 0.0000e+00
      26872   1119.638    558.000     3.9975   3.270531     3.9973   3.271906      80.23     0.0183     2.7778     2.4951  1.9546353  1.1245433   48.33590  -46.34990    34.8829    34.8993     3.9568     3.9566    27.6977    27.7108    6.18176    6.36413         20 0.0000e+00
      26891   1120.399    559.000     3.9977   3.270598     3.9976   3.271977      96.90     0.0195     2.7775     2.4946  1.9535984  1.1245421   48.33590  -46.34990    34.8829    34.8994     3.9569     3.9568    27.6977    27.7108    6.17993    6.36400         18 0.0000e+00
      26908   1121.105    560.000     3.9973   3.270609     3.9974   3.272002      47.94     0.0181     2.7771     2.4943  1.9536020  1.1245421   48.33590  -46.34990    34.8829    34.8993     3.9565     3.9586    27.6977    27.7108    6.17712    6.36761         16 0.0000e+00
      26925   1121.814    561.000     3.9977   3.270687     3.9975   3.272066      95.01     0.0182     2.7764     2.4945  1.9536020  1.1245421   48.33590  -46.34991    34.8829    34.8994     3.9568     3.9566    27.6977    27.7108    6.17703    6.37296         18 0.0000e+00
      26942   1122.543    562.000     3.9984   3.270812     3.9980   3.272156      88.01     0.0156     2.7759     2.4944  1.9536020  1.1245421   48.33590  -46.34991    34.8831    34.8994     3.9574     3.9570    27.6978    27.7108    6.17608    6.37119         17 0.0000e+00
      26960   1123.303    563.000     3.9987   3.270872     3.9985   3.272251      85.84     0.0144     2.7756     2.4945  1.9536020  1.1245421   48.33588  -46.34990    34.8830    34.8995     3.9576     3.9574    27.6977    27.7108    6.17841    6.36748         19 0.0000e+00
      26980   1124.133    564.000     3.9985   3.270890     3.9984   3.272279      59.85     0.0151     2.7754     2.4940  1.9545316  1.1245421   48.33588  -46.34990    34.8829    34.8994     3.9573     3.9573    27.6976    27.7108    6.17778    6.36312         22 0.0000e+00
      27004   1125.106    565.000     3.9986   3.270941     3.9984   3.272308      95.61     0.0135     2.7748     2.4933  1.9548177  1.1245421   48.33588  -46.34990    34.8829    34.8993     3.9573     3.9571    27.6976    27.7107    6.18133    6.36320         25 0.0000e+00
      27028   1126.129    566.000     3.9993   3.271091     3.9990   3.272437      96.83     0.0115     2.7747     2.4929  1.9557291  1.1245421   48.33588  -46.34990    34.8833    34.8997     3.9580     3.9576    27.6979    27.7109    6.18494    6.36702         23 0.0000e+00
      27049   1127.001    567.000     3.9997   3.271189     3.9996   3.272564      96.86     0.0122     2.7747     2.4930  1.9560443  1.1245421   48.33588  -46.34991    34.8835    34.9000     3.9583     3.9582    27.6980    27.7111    6.17939    6.37005         19 0.0000e+00
      27068   1127.780    568.000     3.9998   3.271237     3.9996   3.272617      96.96     0.0129     2.7744     2.4929  1.9560440  1.1245421   48.33588  -46.34992    34.8835    34.9000     3.9583     3.9581    27.6980    27.7112    6.17660    6.36983         18 0.0000e+00
      27087   1128.568    569.000     3.9999   3.271291     3.9997   3.272671      85.36     0.0133     2.7737     2.4928  1.9560440  1.1245421   48.33588  -46.34992    34.8835    34.9000     3.9583     3.9582    27.6980    27.7112    6.17380    6.36988         20 0.0000e+00
      27109   1129.481    570.000     4.0000   3.271340     3.9998   3.272719      72.99     0.0099     2.7730     2.4926  1.9560440  1.1245421   48.33588  -46.34992    34.8834    34.9000     3.9584     3.9582    27.6979    27.7111    6.17308    6.36702         25 0.0000e+00
      27136   1130.639    571.000     4.0001   3.271394     3.9999   3.272768      96.96     0.0099     2.7724     2.4920  1.9560440  1.1245421   48.33588  -46.34992    34.8834    34.8999     3.9584     3.9582    27.6979    27.7111    6.17466    6.36317         29 0.0000e+00
      27163   1131.752    572.000     4.0002   3.271447     4.0001   3.272842      73.62     0.0126     2.7716     2.4916  1.9556805  1.1245421   48.33588  -46.34992    34.8834    34.9001     3.9584     3.9583    27.6979    27.7112    6.16769    6.36837         24 0.0000e+00
      27184   1132.604    573.000     4.0003   3.271498     4.0001   3.272891      65.57     0.0159     2.7707     2.4913  1.9548228  1.1245421   48.33588  -46.34992    34.8835    34.9002     3.9584     3.9582    27.6980    27.7113    6.17035    6.36934         18 0.0000e+00
      27200   1133.309    574.000     4.0005   3.271569     4.0002   3.272947      95.97     0.0155     2.7705     2.4917  1.9548229  1.1245421   48.33588  -46.34992    34.8835    34.9002     3.9585     3.9582    27.6980    27.7113    6.17832    6.36966         16 0.0000e+00
      27216   1133.952    575.000     4.0007   3.271631     4.0004   3.273009      56.94     0.0145     2.7709     2.4913  1.9561932  1.1245421   48.33588  -46.34994    34.8836    34.9002     3.9586     3.9583    27.6980    27.7113    6.17813    6.36320         15 0.0000e+00
      27231   1134.592    576.000     4.0007   3.271684     4.0005   3.273060      80.81     0.0134     2.7704     2.4907  1.9572449  1.1245421   48.33588  -46.34994    34.8836    34.9001     3.9586     3.9584    27.6980    27.7112    6.17946    6.36069         16 0.0000e+00
      27248   1135.287    577.000     4.0008   3.271734     4.0006   3.273101      73.10     0.0148     2.7707     2.4902  1.9572649  1.1245421   48.33588  -46.34994    34.8836    34.9000     3.9586     3.9584    27.6980    27.7111    6.18552    6.35791         18 0.0000e+00
      27269   1136.175    578.000     4.0008   3.271772     4.0006   3.273152      95.36     0.0147     2.7710     2.4894  1.9554540  1.1245421   48.33588  -46.34994    34.8835    34.9000     3.9586     3.9584    27.6980    27.7112    6.17939    6.35760         26 0.0000e+00
      27302   1137.530    579.000     4.0007   3.271811     4.0006   3.273192      71.82     0.0141     2.7701     2.4888  1.9550964  1.1245421   48.33588  -46.34994    34.8836    34.9000     3.9583     3.9582    27.6981    27.7112    6.17115    6.36860         35 0.0000e+00
      27331   1138.748    580.000     4.0005   3.271865     4.0006   3.273240      73.76     0.0166     2.7689     2.4896  1.9560585  1.1245421   48.33588  -46.34995    34.8838    34.9000     3.9581     3.9582    27.6983    27.7112    6.17700    6.37792         24 0.0000e+00
      27352   1139.628    581.000     4.0005   3.271906     4.0003   3.273284      80.83     0.0188     2.7698     2.4897  1.9558505  1.1245421   48.33588  -46.34996    34.8839    34.9004     3.9580     3.9578    27.6983    27.7115    6.18484    6.35822         19 0.0000e+00
