data/CTD/2013/CNV/D021A055.CNV
* Sea-Bird SBE 9 Data File:
* FileName = C:\CTD_ACQUISITION\2013021HUD\ctddata\021A055.hdr
* Software Version Seasave V 7.22.2
* Temperature SN = 5081
* Conductivity SN = 3561
* Number of Bytes Per Scan = 37
* Number of Voltage Words = 4
* Number of Scans Averaged by the Deck Unit = 1
* NMEA Latitude = 48 38.94 N
* NMEA Longitude = 045 31.50 W
* NMEA UTC (Time) = Jul 05 2013 08:04:59
* NMEA baud rate = 9600
** Ship: Hudson
** Cruise: HUD2013021
** Chief_Scientist: Greenan
** Organization: BIO
** Area_of_Operation: Sackville Spur
** Station: 55
** Sounding:  1100
** Event_Comments: SS22  393219
# nquan = 25
# nvalues = 1129                        
# units = specified
# name 0 = scan: Scan Count
# name 1 = timeS: Time, Elapsed [seconds]
# name 2 = prDM: Pressure, Digiquartz [db]
# name 3 = t068C: Temperature [ITS-68, deg C]
# name 4 = c0S/m: Conductivity [S/m]
# name 5 = t168C: Temperature, 2 [ITS-68, deg C]
# name 6 = c1S/m: Conductivity, 2 [S/m]
# name 7 = altM: Altimeter [m]
# name 8 = flCUVA: Fluorescence, Chelsea UV Aquatracka [ug/l]
# name 9 = sbeox0V: Oxygen raw, SBE 43 [V]
# name 10 = sbeox1V: Oxygen raw, SBE 43, 2 [V]
# name 11 = upoly0: Upoly 0, Optode 4330F - O2 D-Phase
# name 12 = upoly1: Upoly 1, Optode 4330F - O2 Temp
# name 13 = latitude: Latitude [deg]
# name 14 = longitude: Longitude [deg]
# name 15 = sal00: Salinity, Practical [PSU]
# name 16 = sal11: Salinity, Practical, 2 [PSU]
# name 17 = potemp068C: Potential Temperature [ITS-68, deg C]
# name 18 = potemp168C: Potential Temperature, 2 [ITS-68, deg C]
# name 19 = sigma-é00: Density [sigma-theta, Kg/m^3]
# name 20 = sigma-é11: Density, 2 [sigma-theta, Kg/m^3]
# name 21 = sbeox0ML/L: Oxygen, SBE 43 [ml/l], WS = 2
# name 22 = sbeox1ML/L: Oxygen, SBE 43, 2 [ml/l], WS = 2
# name 23 = nbin: number of scans per bin
# name 24 = flag: flag
# span 0 =       8117,      33523       
# span 1 =    338.174,   1396.744       
# span 2 =      2.000,   1130.000       
# span 3 =     1.8130,     7.0559       
# span 4 =   2.989112,   3.398276       
# span 5 =     1.8123,     7.0575       
# span 6 =   2.990504,   3.399613       
# span 7 =     -16.26,      97.26       
# span 8 =     0.0046,     0.5150       
# span 9 =     2.5166,     3.3542       
# span 10 =     2.2619,     3.0024      
# span 11 =  1.7090392,  2.0355376      
# span 12 =  0.8757019,  1.5115077      
# span 13 =   48.64758,   48.64902      
# span 14 =  -45.52502,  -45.52353      
# span 15 =    33.4159,    36.1913      
# span 16 =    33.4366,    34.9309      
# span 17 =     1.8109,     7.0556      
# span 18 =     1.8103,     7.0572      
# span 19 =    26.2293,    28.8632      
# span 20 =    26.2402,    27.7703      
# span 21 =    5.88408,    6.96576      
# span 22 =    6.09440,    7.04333      
# span 23 =          8,         94      
# span 24 = 0.0000e+00, 0.0000e+00      
# interval = decibars: 1                
# start_time = Jul 05 2013 08:04:59 [NMEA time, header]
# bad_flag = -9.990e-29
*END*
[from data line 870]
      26570   1107.034    872.000     3.8566   3.273202     3.8563   3.274539      95.09     0.0127     2.6484     2.3829  1.9860216  1.1076320   48.64788  -45.52432    34.8998    34.9160     3.7919     3.7915    27.7281    27.7411    6.07398    6.27832         20 0.0000e+00
      26590   1107.887    873.000     3.8562   3.273205     3.8559   3.274544      69.32     0.0171     2.6481     2.3826  1.9861640  1.1074455   48.64788  -45.52432    34.8998    34.9160     3.7914     3.7910    27.7282    27.7411    6.07132    6.27227         21 0.0000e+00
      26610   1108.691    874.000     3.8555   3.273198     3.8553   3.274552      95.63     0.0144     2.6479     2.3817  1.9864343  1.1074481   48.64788  -45.52432    34.8999    34.9162     3.7906     3.7904    27.7283    27.7413    6.07399    6.27109         18 0.0000e+00
      26628   1109.440    875.000     3.8555   3.273267     3.8553   3.274617      95.56     0.0134     2.6478     2.3815  1.9862971  1.1074481   48.64788  -45.52432    34.9002    34.9165     3.7905     3.7902    27.7286    27.7416    6.07612    6.27873         18 0.0000e+00
      26646   1110.222    876.000     3.8556   3.273313     3.8552   3.274666      86.36     0.0128     2.6479     2.3815  1.9862034  1.1074481   48.64786  -45.52432    34.9001    34.9165     3.7905     3.7901    27.7285    27.7416    6.07796    6.28108         20 0.0000e+00
      26671   1111.241    877.000     3.8552   3.273314     3.8548   3.274655      83.14     0.0149     2.6478     2.3815  1.9860444  1.1074877   48.64786  -45.52432    34.9001    34.9164     3.7900     3.7896    27.7285    27.7416    6.07755    6.28589         30 0.0000e+00
      26704   1112.630    878.000     3.8546   3.273314     3.8541   3.274649      76.34     0.0128     2.6474     2.3815  1.9865161  1.1073256   48.64786  -45.52432    34.9002    34.9165     3.7893     3.7889    27.7287    27.7417    6.07031    6.27613         32 0.0000e+00
      26729   1113.682    879.000     3.8548   3.273394     3.8544   3.274734      53.04     0.0134     2.6464     2.3805  1.9865714  1.1072626   48.64786  -45.52431    34.9004    34.9167     3.7895     3.7891    27.7288    27.7419    6.06149    6.27473         20 0.0000e+00
      26747   1114.432    880.000     3.8553   3.273497     3.8547   3.274823      95.22     0.0128     2.6457     2.3805  1.9865689  1.1074518   48.64786  -45.52430    34.9006    34.9169     3.7899     3.7893    27.7290    27.7420    6.06752    6.28078         17 0.0000e+00
      26763   1115.094    881.000     3.8556   3.273582     3.8552   3.274907      95.57     0.0099     2.6457     2.3805  1.9864036  1.1074481   48.64784  -45.52430    34.9007    34.9169     3.7902     3.7897    27.7290    27.7419    6.06880    6.27703         15 0.0000e+00
      26779   1115.735    882.000     3.8561   3.273677     3.8556   3.275003      95.56     0.0109     2.6451     2.3800  1.9864935  1.1074481   48.64784  -45.52430    34.9009    34.9170     3.7905     3.7900    27.7291    27.7420    6.06573    6.27149         16 0.0000e+00
      26795   1116.428    883.000     3.8562   3.273743     3.8558   3.275073      76.90     0.0123     2.6448     2.3794  1.9885753  1.1073812   48.64784  -45.52430    34.9010    34.9171     3.7906     3.7902    27.7292    27.7421    6.07002    6.27404         18 0.0000e+00
      26816   1117.288    884.000     3.8563   3.273794     3.8560   3.275133      85.17     0.0104     2.6445     2.3794  1.9884061  1.1072483   48.64784  -45.52430    34.9009    34.9172     3.7906     3.7902    27.7292    27.7421    6.07267    6.28029         24 0.0000e+00
      26843   1118.436    885.000     3.8563   3.273829     3.8560   3.275170      95.48     0.0125     2.6445     2.3791  1.9862758  1.1065062   48.64784  -45.52430    34.9009    34.9171     3.7905     3.7901    27.7291    27.7421    6.06802    6.27312         28 0.0000e+00
      26867   1119.436    886.000     3.8563   3.273895     3.8560   3.275233      77.44     0.0137     2.6438     2.3784  1.9856886  1.1063418   48.64784  -45.52430    34.9011    34.9173     3.7904     3.7901    27.7293    27.7422    6.06567    6.27197         20 0.0000e+00
      26885   1120.167    887.000     3.8561   3.273924     3.8558   3.275260      80.47     0.0154     2.6431     2.3781  1.9864366  1.1070873   48.64784  -45.52430    34.9012    34.9173     3.7901     3.7898    27.7294    27.7423    6.06450    6.27420         16 0.0000e+00
      26900   1120.796    888.000     3.8555   3.273905     3.8552   3.275245      15.85     0.0164     2.6431     2.3780  1.9865699  1.1074505   48.64783  -45.52430    34.9010    34.9173     3.7895     3.7891    27.7294    27.7424    6.06845    6.27284         15 0.0000e+00
      26914   1121.391    889.000     3.8534   3.273747     3.8531   3.275091      67.28     0.0147     2.6427     2.3774  1.9865689  1.1074481   48.64782  -45.52430    34.9009    34.9172     3.7872     3.7907    27.7295    27.7425    6.07034    6.27485         14 0.0000e+00
      26929   1121.995    890.000     3.8526   3.273702     3.8521   3.275039      95.25     0.0161     2.6428     2.3774  1.9867302  1.1072061   48.64782  -45.52428    34.9007    34.9170     3.7864     3.7860    27.7294    27.7425    6.07378    6.28040         15 0.0000e+00
      26945   1122.657    891.000     3.8516   3.273643     3.8517   3.275015      64.54     0.0140     2.6430     2.3773  1.9879161  1.1069491   48.64782  -45.52428    34.9005    34.9167     3.7854     3.7854    27.7293    27.7423    6.07199    6.28298         17 0.0000e+00
      26965   1123.503    892.000     3.8501   3.273530     3.8506   3.274945      83.24     0.0143     2.6423     2.3777  1.9878896  1.1070991   48.64782  -45.52428    34.9002    34.9165     3.7838     3.7842    27.7293    27.7422    6.06998    6.28371         25 0.0000e+00
      26996   1124.772    893.000     3.8485   3.273407     3.8483   3.274753      91.59     0.0140     2.6419     2.3771  1.9889185  1.1060979   48.64781  -45.52428    34.9000    34.9162     3.7821     3.7835    27.7293    27.7422    6.07018    6.27204         33 0.0000e+00
      27024   1125.959    894.000     3.8475   3.273368     3.8473   3.274710      69.18     0.0094     2.6418     2.3761  1.9888499  1.1060661   48.64780  -45.52428    34.9000    34.9161     3.7811     3.7834    27.7294    27.7423    6.07148    6.26341         23 0.0000e+00
      27045   1126.826    895.000     3.8471   3.273374     3.8468   3.274719      95.93     0.0110     2.6410     2.3751  1.9890133  1.1058578   48.64780  -45.52428    34.9001    34.9163     3.7805     3.7802    27.7295    27.7424    6.06676    6.26474         20 0.0000e+00
      27064   1127.609    896.000     3.8461   3.273320     3.8460   3.274681      67.22     0.0134     2.6412     2.3745  1.9890109  1.1060246   48.64780  -45.52428    34.9000    34.9162     3.7795     3.7794    27.7295    27.7424    6.06592    6.26852         18 0.0000e+00
      27082   1128.392    897.000     3.8447   3.273236     3.8445   3.274582      90.58     0.0158     2.6400     2.3742  1.9890109  1.1058617   48.64780  -45.52428    34.8999    34.9160     3.7780     3.7778    27.7296    27.7425    6.05375    6.26984         20 0.0000e+00
      27102   1129.218    898.000     3.8438   3.273178     3.8435   3.274515      95.13     0.0168     2.6389     2.3739  1.9890109  1.1054997   48.64780  -45.52426    34.8997    34.9159     3.7770     3.7767    27.7296    27.7425    6.05931    6.27399         20 0.0000e+00
      27123   1130.083    899.000     3.8425   3.273094     3.8421   3.274424      75.70     0.0155     2.6386     2.3738  1.9886041  1.1061687   48.64779  -45.52426    34.8995    34.9158     3.7757     3.7752    27.7296    27.7426    6.06289    6.27551         21 0.0000e+00
      27143   1130.920    900.000     3.8412   3.273007     3.8412   3.274381      66.07     0.0144     2.6377     2.3736  1.9883028  1.1056466   48.64778  -45.52426    34.8994    34.9156     3.7743     3.7742    27.7296    27.7425    6.05881    6.27382         19 0.0000e+00
      27161   1131.675    901.000     3.8410   3.273041     3.8408   3.274389      93.80     0.0112     2.6377     2.3733  1.9883653  1.1059432   48.64778  -45.52426    34.8994    34.9156     3.7740     3.7738    27.7297    27.7426    6.06318    6.27170         17 0.0000e+00
      27178   1132.365    902.000     3.8384   3.272819     3.8386   3.274206      95.59     0.0088     2.6372     2.3730  1.9883236  1.1048369   48.64778  -45.52426    34.8990    34.9153     3.7713     3.7715    27.7296    27.7425    6.06404    6.27150         16 0.0000e+00
      27193   1133.015    903.000     3.8359   3.272613     3.8356   3.273961      95.51     0.0143     2.6370     2.3728  1.9885509  1.1043999   48.64778  -45.52426    34.8988    34.9150     3.7687     3.7685    27.7297    27.7426    6.06330    6.27234         16 0.0000e+00
      27209   1133.659    904.000     3.8347   3.272538     3.8347   3.273903      94.71     0.0189     2.6367     2.3726  1.9885229  1.1048381   48.64778  -45.52426    34.8986    34.9148     3.7675     3.7674    27.7297    27.7426    6.06324    6.27390         15 0.0000e+00
      27225   1134.322    905.000     3.8330   3.272425     3.8329   3.273770      93.38     0.0175     2.6364     2.3723  1.9908397  1.1050035   48.64778  -45.52426    34.8985    34.9146     3.7658     3.7656    27.7298    27.7426    6.06550    6.27487         17 0.0000e+00
      27242   1135.043    906.000     3.8310   3.272267     3.8310   3.273634      93.77     0.0167     2.6365     2.3723  1.9907113  1.1047419   48.64778  -45.52426    34.8983    34.9145     3.7637     3.7637    27.7298    27.7427    6.06470    6.28057         18 0.0000e+00
      27262   1135.893    907.000     3.8290   3.272108     3.8289   3.273478      61.78     0.0152     2.6355     2.3724  1.9900905  1.1046889   48.64778  -45.52426    34.8980    34.9143     3.7616     3.7615    27.7298    27.7428    6.06899    6.28416         23 0.0000e+00
      27288   1136.955    908.000     3.8277   3.272033     3.8274   3.273370      87.49     0.0106     2.6357     2.3724  1.9890354  1.1038059   48.64777  -45.52426    34.8980    34.9141     3.7602     3.7599    27.7299    27.7428    6.06833    6.27877         28 0.0000e+00
      27316   1138.138    909.000     3.8272   3.272032     3.8269   3.273365      85.56     0.0111     2.6354     2.3720  1.9900631  1.1039224   48.64776  -45.52426    34.8980    34.9141     3.7596     3.7593    27.7300    27.7429    6.06852    6.27877         27 0.0000e+00
      27342   1139.195    910.000     3.8272   3.272087     3.8268   3.273422      77.36     0.0102     2.6354     2.3716  1.9909458  1.1036179   48.64776  -45.52426    34.8981    34.9143     3.7595     3.7592    27.7301    27.7430    6.06964    6.27170         23 0.0000e+00
      27363   1140.072    911.000     3.8277   3.272201     3.8274   3.273550      93.14     0.0119     2.6351     2.3710  1.9909650  1.1035401   48.64774  -45.52426    34.8984    34.9147     3.7600     3.7597    27.7303    27.7433    6.06751    6.26923         20 0.0000e+00
      27381   1140.836    912.000     3.8279   3.272286     3.8275   3.273627      60.08     0.0115     2.6346     2.3704  1.9910222  1.1035697   48.64774  -45.52426    34.8987    34.9150     3.7601     3.7597    27.7305    27.7435    6.06690    6.26930         17 0.0000e+00
      27398   1141.544    913.000     3.8280   3.272344     3.8274   3.273658      95.41     0.0119     2.6349     2.3699  1.9908780  1.1036417   48.64774  -45.52426    34.8988    34.9150     3.7601     3.7595    27.7306    27.7435    6.06247    6.26510         17 0.0000e+00
      27415   1142.250    914.000     3.8273   3.272323     3.8270   3.273659      80.82     0.0179     2.6338     2.3692  1.9907347  1.1036415   48.64774  -45.52426    34.8987    34.9149     3.7593     3.7591    27.7306    27.7435    6.06810    6.26298         17 0.0000e+00
      27434   1143.030    915.000     3.8272   3.272374     3.8267   3.273664      83.16     0.0202     2.6346     2.3687  1.9908695  1.1033820   48.64774  -45.52426    34.8989    34.9149     3.7592     3.7637    27.7308    27.7435    6.06721    6.26933         21 0.0000e+00
      27457   1144.021    916.000     3.8291   3.272610     3.8288   3.273946      72.38     0.0144     2.6329     2.3685  1.9908652  1.1037323   48.64774  -45.52426    34.8993    34.9153     3.7609     3.7608    27.7309    27.7437    6.06269    6.27557         27 0.0000e+00
      27486   1145.216    917.000     3.8295   3.272697     3.8292   3.274037      96.57     0.0085     2.6333     2.3685  1.9908179  1.1033150   48.64774  -45.52426    34.8993    34.9155     3.7613     3.7610    27.7309    27.7438    6.06648    6.27257         27 0.0000e+00
      27509   1146.157    918.000     3.8305   3.272864     3.8300   3.274173      94.59     0.0125     2.6326     2.3680  1.9910092  1.1036675   48.64774  -45.52426    34.8997    34.9158     3.7622     3.7617    27.7311    27.7439    6.06913    6.26152         19 0.0000e+00
      27526   1146.879    919.000     3.8307   3.272941     3.8304   3.274282      94.88     0.0160     2.6329     2.3672  1.9907333  1.1035693   48.64774  -45.52426    34.8999    34.9161     3.7623     3.7620    27.7313    27.7442    6.06960    6.26554         17 0.0000e+00
      27542   1147.524    920.000     3.8300   3.272924     3.8296   3.274263      95.45     0.0170     2.6330     2.3672  1.9912755  1.1034625   48.64774  -45.52426    34.9000    34.9162     3.7615     3.7612    27.7314    27.7443    6.05281    6.27406         15 0.0000e+00
      27557   1148.149    921.000     3.8298   3.272960     3.8295   3.274298      92.60     0.0158     2.6309     2.3672  1.9913691  1.1036177   48.64772  -45.52426    34.9000    34.9163     3.7613     3.7609    27.7314    27.7444    6.04189    6.27597         15 0.0000e+00
      27572   1148.807    922.000     3.8304   3.273057     3.8300   3.274384      57.06     0.0184     2.6305     2.3673  1.9914522  1.1034056   48.64772  -45.52426    34.9001    34.9162     3.7618     3.7613    27.7314    27.7443    6.05488    6.27541         16 0.0000e+00
      27591   1149.573    923.000     3.8299   3.273054     3.8297   3.274399      94.78     0.0148     2.6303     2.3671  1.9914529  1.1032064   48.64772  -45.52426    34.9000    34.9162     3.7612     3.7610    27.7314    27.7443    6.06173    6.27583         21 0.0000e+00
      27614   1150.556    924.000     3.8276   3.272880     3.8274   3.274227      95.48     0.0153     2.6297     2.3671  1.9906132  1.1035948   48.64772  -45.52426    34.8999    34.9161     3.7588     3.7586    27.7316    27.7445    6.05944    6.27761         26 0.0000e+00
      27640   1151.613    925.000     3.8270   3.272877     3.8267   3.274204      66.87     0.0126     2.6294     2.3671  1.9908959  1.1034275   48.64772  -45.52426    34.9000    34.9161     3.7581     3.7578    27.7317    27.7446    6.05701    6.27370         24 0.0000e+00
      27661   1152.517    926.000     3.8268   3.272913     3.8265   3.274236      86.06     0.0093     2.6289     2.3665  1.9909035  1.1036013   48.64772  -45.52426    34.9001    34.9161     3.7578     3.7576    27.7318    27.7446    6.06162    6.27066         20 0.0000e+00
      27682   1153.362    927.000     3.8265   3.272928     3.8261   3.274250      76.85     0.0099     2.6288     2.3662  1.9911581  1.1033244   48.64772  -45.52426    34.9001    34.9161     3.7575     3.7571    27.7319    27.7447    6.06460    6.27023         21 0.0000e+00
      27704   1154.281    928.000     3.8257   3.272900     3.8255   3.274246      77.14     0.0157     2.6287     2.3658  1.9913939  1.1034253   48.64770  -45.52426    34.9001    34.9162     3.7566     3.7564    27.7319    27.7448    6.06404    6.27367         24 0.0000e+00
