data/CTD/2013/CNV/D021A050.CNV
* Sea-Bird SBE 9 Data File:
* FileName = C:\CTD_ACQUISITION\2013021HUD\ctddata\021A050.hdr
* Software Version Seasave V 7.22.2
* Temperature SN = 5081
* Conductivity SN = 3561
* Number of Bytes Per Scan = 37
* Number of Voltage Words = 4
* Number of Scans Averaged by the Deck Unit = 1
* NMEA Latitude = 48 53.75 N
* NMEA Longitude = 045 47.27 W
* NMEA UTC (Time) = Jul 05 2013 00:34:42
* NMEA baud rate = 9600
** Ship: Hudson
** Cruise: HUD2013021
** Chief_Scientist: Greenan
** Organization: BIO
** Area_of_Operation: Sackville Spur
** Station: 50
** Sounding:  2200
** Event_Comments: SS27  393209
# nquan = 25
# nvalues = 2364                        
# units = specified
# name 0 = scan: Scan Count
# name 1 = timeS: Time, Elapsed [seconds]
# name 2 = prDM: Pressure, Digiquartz [db]
# name 3 = t068C: Temperature [ITS-68, deg C]
# name 4 = c0S/m: Conductivity [S/m]
# name 5 = t168C: Temperature, 2 [ITS-68, deg C]
# name 6 = c1S/m: Conductivity, 2 [S/m]
# name 7 = altM: Altimeter [m]
# name 8 = flCUVA: Fluorescence, Chelsea UV Aquatracka [ug/l]
# name 9 = sbeox0V: Oxygen raw, SBE 43 [V]
# name 10 = sbeox1V: Oxygen raw, SBE 43, 2 [V]
# name 11 = upoly0: Upoly 0, Optode 4330F - O2 D-Phase
# name 12 = upoly1: Upoly 1, Optode 4330F - O2 Temp
# name 13 = latitude: Latitude [deg]
# name 14 = longitude: Longitude [deg]
# name 15 = sal00: Salinity, Practical [PSU]
# name 16 = sal11: Salinity, Practical, 2 [PSU]
# name 17 = potemp068C: Potential Temperature [ITS-68, deg C]
# name 18 = potemp168C: Potential Temperature, 2 [ITS-68, deg C]
# name 19 = sigma-é00: Density [sigma-theta, Kg/m^3]
# name 20 = sigma-é11: Density, 2 [sigma-theta, Kg/m^3]
# name 21 = sbeox0ML/L: Oxygen, SBE 43 [ml/l], WS = 2
# name 22 = sbeox1ML/L: Oxygen, SBE 43, 2 [ml/l], WS = 2
# name 23 = nbin: number of scans per bin
# name 24 = flag: flag
# span 0 =      10769,      62475       
# span 1 =    448.667,   2603.102       
# span 2 =      3.000,   2366.000       
# span 3 =     2.7741,     7.6530       
# span 4 =   3.159195,   3.484802       
# span 5 =     2.7733,     7.6529       
# span 6 =   3.160528,   3.486150       
# span 7 =       4.83,      97.36       
# span 8 =     0.0044,     0.3117       
# span 9 =     2.2102,     3.3246       
# span 10 =     1.9886,     2.9721      
# span 11 =  1.7116810,  2.1032770      
# span 12 =  0.9706929,  1.5860842      
# span 13 =   48.89506,   48.89682      
# span 14 =  -45.78872,  -45.78742      
# span 15 =    33.8180,    34.9433      
# span 16 =    33.8330,    34.9382      
# span 17 =     2.5921,     7.6505      
# span 18 =     2.5912,     7.6504      
# span 19 =    26.3973,    27.8561      
# span 20 =    26.4091,    27.8694      
# span 21 =    5.86368,    6.70219      
# span 22 =    6.08548,    6.81943      
# span 23 =         14,         86      
# span 24 = 0.0000e+00, 0.0000e+00      
# interval = decibars: 1                
# start_time = Jul 05 2013 00:34:42 [NMEA time, header]
# bad_flag = -9.990e-29
*END*
[from data line 1450]
      43838   1826.537   1453.000     3.4583   3.264317     3.4583   3.265694      78.04     0.0126     2.4253     2.1795  2.0536680  1.0573871   48.89576  -45.78778    34.9210    34.9373     3.3484     3.3484    27.7891    27.8022    5.87819    6.09878         20 0.0000e+00
      43856   1827.308   1454.000     3.4519   3.263799     3.4514   3.265117      86.01     0.0117     2.4255     2.1796  2.0561521  1.0573871   48.89574  -45.78780    34.9211    34.9373     3.3420     3.3415    27.7898    27.8028    5.88973    6.10623         18 0.0000e+00
      43874   1828.047   1455.000     3.4512   3.263777     3.4506   3.265094      78.21     0.0135     2.4252     2.1794  2.0561662  1.0573871   48.89574  -45.78780    34.9210    34.9373     3.3412     3.3406    27.7899    27.8029    5.87742    6.10400         17 0.0000e+00
      43892   1828.787   1456.000     3.4504   3.263734     3.4498   3.265062      34.62     0.0148     2.4244     2.1791  2.0561662  1.0568321   48.89574  -45.78780    34.9209    34.9373     3.3403     3.3397    27.7898    27.8030    5.88074    6.10368         18 0.0000e+00
      43910   1829.544   1457.000     3.4486   3.263612     3.4479   3.264927      80.52     0.0136     2.4244     2.1791  2.0561662  1.0561638   48.89574  -45.78780    34.9209    34.9372     3.3385     3.3378    27.7900    27.8031    5.88200    6.10531         19 0.0000e+00
      43929   1830.327   1458.000     3.4464   3.263458     3.4458   3.264770      95.49     0.0126     2.4238     2.1788  2.0561662  1.0561661   48.89574  -45.78780    34.9208    34.9371     3.3362     3.3356    27.7902    27.8032    5.87725    6.10145         19 0.0000e+00
      43948   1831.133   1459.000     3.4437   3.263251     3.4432   3.264574      95.46     0.0130     2.4231     2.1784  2.0561662  1.0561661   48.89574  -45.78780    34.9207    34.9371     3.3335     3.3329    27.7904    27.8035    5.87552    6.09908         20 0.0000e+00
      43968   1831.952   1460.000     3.4408   3.263032     3.4404   3.264362      95.55     0.0144     2.4226     2.1780  2.0561662  1.0561023   48.89574  -45.78780    34.9206    34.9370     3.3306     3.3300    27.7906    27.8037    5.87880    6.10504         19 0.0000e+00
      43987   1832.767   1461.000     3.4392   3.262921     3.4385   3.264235      95.56     0.0181     2.4226     2.1780  2.0561662  1.0556186   48.89576  -45.78779    34.9206    34.9370     3.3288     3.3281    27.7907    27.8039    5.87905    6.10822         20 0.0000e+00
      44007   1833.566   1462.000     3.4357   3.262651     3.4349   3.263960      56.08     0.0155     2.4215     2.1779  2.0561662  1.0549593   48.89578  -45.78778    34.9206    34.9370     3.3253     3.3245    27.7911    27.8042    5.87505    6.10471         19 0.0000e+00
      44025   1834.344   1463.000     3.4342   3.262568     3.4337   3.263887      61.63     0.0165     2.4216     2.1776  2.0561662  1.0549451   48.89578  -45.78778    34.9206    34.9370     3.3238     3.3232    27.7912    27.8043    5.88696    6.10227         18 0.0000e+00
      44043   1835.093   1464.000     3.4334   3.262525     3.4328   3.263849      95.09     0.0145     2.4213     2.1772  2.0561662  1.0547445   48.89578  -45.78778    34.9205    34.9370     3.3228     3.3222    27.7913    27.8044    5.88435    6.10205         18 0.0000e+00
      44061   1835.822   1465.000     3.4324   3.262478     3.4316   3.263788      95.52     0.0114     2.4212     2.1768  2.0561662  1.0548005   48.89578  -45.78778    34.9205    34.9369     3.3217     3.3210    27.7914    27.8045    5.88486    6.10758         17 0.0000e+00
      44078   1836.558   1466.000     3.4309   3.262396     3.4303   3.263711      57.47     0.0076     2.4212     2.1771  2.0561662  1.0545397   48.89578  -45.78778    34.9206    34.9369     3.3203     3.3196    27.7915    27.8046    5.88158    6.11370         18 0.0000e+00
      44097   1837.339   1467.000     3.4298   3.262345     3.4294   3.263673      41.62     0.0089     2.4206     2.1770  2.0564058  1.0537395   48.89578  -45.78778    34.9206    34.9370     3.3191     3.3186    27.7917    27.8048    5.88309    6.11118         20 0.0000e+00
      44118   1838.223   1468.000     3.4297   3.262366     3.4290   3.263678      81.50     0.0129     2.4203     2.1769  2.0562766  1.0537241   48.89578  -45.78778    34.9205    34.9369     3.3189     3.3181    27.7916    27.8048    5.88691    6.11039         23 0.0000e+00
      44143   1839.260   1469.000     3.4296   3.262397     3.4289   3.263706      53.50     0.0113     2.4206     2.1767  2.0576541  1.0537241   48.89580  -45.78778    34.9206    34.9369     3.3186     3.3179    27.7917    27.8048    5.88304    6.10350         26 0.0000e+00
      44169   1840.333   1470.000     3.4286   3.262352     3.4281   3.263670      74.37     0.0120     2.4199     2.1757  2.0576928  1.0537241   48.89580  -45.78778    34.9206    34.9368     3.3176     3.3170    27.7918    27.8048    5.88247    6.09531         24 0.0000e+00
      44191   1841.253   1471.000     3.4275   3.262308     3.4272   3.263645      89.07     0.0123     2.4195     2.1752  2.0573790  1.0524710   48.89572  -45.78784    34.9206    34.9369     3.3164     3.3160    27.7919    27.8050    5.88501    6.09672         20 0.0000e+00
      44210   1842.048   1472.000     3.4265   3.262263     3.4261   3.263593      27.35     0.0139     2.4196     2.1745  2.0573871  1.0526326   48.89575  -45.78782    34.9206    34.9369     3.3154     3.3149    27.7921    27.8051    5.88392    6.09570         19 0.0000e+00
      44228   1842.809   1473.000     3.4259   3.262240     3.4251   3.263540      95.33     0.0118     2.4192     2.1742  2.0575223  1.0526388   48.89576  -45.78781    34.9206    34.9369     3.3146     3.3138    27.7921    27.8052    5.87473    6.10447         18 0.0000e+00
      44247   1843.595   1474.000     3.4260   3.262294     3.4252   3.263592      52.86     0.0117     2.4182     2.1743  2.0576904  1.0525047   48.89576  -45.78779    34.9206    34.9369     3.3147     3.3138    27.7921    27.8052    5.88004    6.11002         20 0.0000e+00
      44268   1844.464   1475.000     3.4253   3.262270     3.4249   3.263606      68.59     0.0122     2.4186     2.1743  2.0575016  1.0525031   48.89578  -45.78776    34.9206    34.9369     3.3139     3.3135    27.7921    27.8052    5.87978    6.10336         22 0.0000e+00
      44290   1845.377   1476.000     3.4242   3.262210     3.4238   3.263543      93.17     0.0101     2.4176     2.1738  2.0575035  1.0525031   48.89580  -45.78776    34.9205    34.9368     3.3127     3.3123    27.7922    27.8053    5.87226    6.10340         21 0.0000e+00
      44310   1846.206   1477.000     3.4230   3.262143     3.4225   3.263473      68.57     0.0124     2.4171     2.1736  2.0573874  1.0525031   48.89580  -45.78776    34.9205    34.9368     3.3114     3.3109    27.7923    27.8054    5.87573    6.10594         19 0.0000e+00
      44327   1846.936   1478.000     3.4219   3.262097     3.4215   3.263421      11.47     0.0127     2.4163     2.1736  2.0573108  1.0525031   48.89580  -45.78776    34.9206    34.9369     3.3103     3.3098    27.7925    27.8055    5.87359    6.11233         16 0.0000e+00
      44344   1847.622   1479.000     3.4210   3.262062     3.4204   3.263370      89.79     0.0121     2.4165     2.1738  2.0573869  1.0525031   48.89580  -45.78776    34.9206    34.9369     3.3093     3.3086    27.7926    27.8056    5.87887    6.11204         17 0.0000e+00
      44360   1848.306   1480.000     3.4211   3.262106     3.4206   3.263425      94.47     0.0133     2.4160     2.1735  2.0573871  1.0525031   48.89580  -45.78776    34.9205    34.9368     3.3093     3.3087    27.7925    27.8056    5.88116    6.10646         16 0.0000e+00
      44378   1849.023   1481.000     3.4213   3.262165     3.4207   3.263490      94.86     0.0138     2.4161     2.1734  2.0575912  1.0522990   48.89580  -45.78776    34.9205    34.9369     3.3094     3.3088    27.7926    27.8057    5.89139    6.10400         18 0.0000e+00
      44396   1849.790   1482.000     3.4213   3.262213     3.4207   3.263527      32.29     0.0146     2.4164     2.1730  2.0575800  1.0525028   48.89581  -45.78777    34.9206    34.9369     3.3094     3.3087    27.7926    27.8057    5.88277    6.09890         19 0.0000e+00
      44415   1850.593   1483.000     3.4213   3.262249     3.4207   3.263568      84.82     0.0183     2.4158     2.1724  2.0576451  1.0521126   48.89582  -45.78778    34.9206    34.9370     3.3092     3.3086    27.7926    27.8057    5.87665    6.10054         19 0.0000e+00
      44435   1851.403   1484.000     3.4205   3.262217     3.4197   3.263528      95.73     0.0157     2.4154     2.1722  2.0577545  1.0512742   48.89582  -45.78776    34.9206    34.9369     3.3083     3.3076    27.7927    27.8058    5.88528    6.10876         20 0.0000e+00
      44454   1852.222   1485.000     3.4191   3.262142     3.4185   3.263458      89.51     0.0141     2.4158     2.1722  2.0579953  1.0512820   48.89582  -45.78776    34.9206    34.9369     3.3069     3.3063    27.7928    27.8059    5.88674    6.11003         20 0.0000e+00
      44475   1853.100   1486.000     3.4173   3.262012     3.4168   3.263341      36.42     0.0144     2.4152     2.1721  2.0576110  1.0512820   48.89582  -45.78776    34.9205    34.9368     3.3050     3.3045    27.7929    27.8060    5.87828    6.11487         22 0.0000e+00
      44500   1854.123   1487.000     3.4135   3.261712     3.4133   3.263060      46.50     0.0164     2.4151     2.1725  2.0573874  1.0512820   48.89582  -45.78776    34.9204    34.9367     3.3012     3.3010    27.7932    27.8062    5.88083    6.11859         27 0.0000e+00
      44527   1855.264   1488.000     3.4106   3.261494     3.4101   3.262815      81.99     0.0132     2.4145     2.1725  2.0573871  1.0512820   48.89582  -45.78776    34.9204    34.9366     3.2982     3.2977    27.7935    27.8065    5.88436    6.10975         26 0.0000e+00
      44551   1856.238   1489.000     3.4096   3.261433     3.4086   3.262726      44.00     0.0158     2.4143     2.1720  2.0574470  1.0512820   48.89584  -45.78776    34.9203    34.9367     3.2971     3.2962    27.7935    27.8067    5.87753    6.09926         21 0.0000e+00
      44569   1857.021   1490.000     3.4087   3.261404     3.4078   3.262691      91.22     0.0159     2.4136     2.1710  2.0576584  1.0509430   48.89584  -45.78776    34.9203    34.9367     3.2962     3.2952    27.7937    27.8068    5.87934    6.09910         18 0.0000e+00
      44586   1857.723   1491.000     3.4072   3.261307     3.4068   3.262645      94.54     0.0161     2.4138     2.1709  2.0578432  1.0512789   48.89584  -45.78775    34.9204    34.9367     3.2946     3.2941    27.7939    27.8069    5.88609    6.10906         16 0.0000e+00
      44603   1858.404   1492.000     3.4047   3.261115     3.4048   3.262496      76.73     0.0129     2.4131     2.1708  2.0575361  1.0512048   48.89584  -45.78774    34.9202    34.9365     3.2920     3.2921    27.7939    27.8070    5.88693    6.11062         16 0.0000e+00
      44620   1859.106   1493.000     3.4033   3.261024     3.4025   3.262336      31.45     0.0095     2.4139     2.1706  2.0575228  1.0501267   48.89584  -45.78774    34.9201    34.9366     3.2905     3.2897    27.7940    27.8072    5.88879    6.11152         18 0.0000e+00
      44638   1859.865   1494.000     3.4028   3.261028     3.4022   3.262344      94.69     0.0103     2.4131     2.1706  2.0573888  1.0500619   48.89584  -45.78774    34.9201    34.9365     3.2900     3.2893    27.7941    27.8072    5.87477    6.10840         19 0.0000e+00
      44658   1860.704   1495.000     3.4023   3.261024     3.4015   3.262320      95.65     0.0120     2.4127     2.1701  2.0577917  1.0500033   48.89584  -45.78774    34.9201    34.9364     3.2894     3.2886    27.7941    27.8072    5.88404    6.10342         21 0.0000e+00
      44679   1861.578   1496.000     3.4020   3.261034     3.4013   3.262346      53.26     0.0128     2.4128     2.1697  2.0581987  1.0497718   48.89584  -45.78774    34.9200    34.9364     3.2891     3.2883    27.7941    27.8073    5.88498    6.10639         21 0.0000e+00
      44699   1862.426   1497.000     3.4017   3.261042     3.4008   3.262342      66.77     0.0150     2.4124     2.1694  2.0585423  1.0498163   48.89584  -45.78774    34.9200    34.9364     3.2886     3.2878    27.7941    27.8073    5.87586    6.10247         20 0.0000e+00
      44718   1863.227   1498.000     3.4012   3.261048     3.4005   3.262351      95.32     0.0156     2.4112     2.1688  2.0610440  1.0489101   48.89586  -45.78774    34.9200    34.9363     3.2881     3.2874    27.7942    27.8072    5.88051    6.10054         18 0.0000e+00
      44737   1864.007   1499.000     3.4007   3.261037     3.4000   3.262347      93.86     0.0137     2.4120     2.1684  2.0609205  1.0491636   48.89586  -45.78774    34.9199    34.9364     3.2875     3.2867    27.7942    27.8074    5.88267    6.10601         19 0.0000e+00
      44756   1864.799   1500.000     3.3987   3.260891     3.3983   3.262233      28.38     0.0146     2.4106     2.1683  2.0593007  1.0489669   48.89586  -45.78774    34.9198    34.9363     3.2855     3.2850    27.7943    27.8074    5.87016    6.10091         19 0.0000e+00
      44776   1865.610   1501.000     3.3943   3.260522     3.3939   3.261856      82.97     0.0140     2.4106     2.1675  2.0577421  1.0488391   48.89586  -45.78774    34.9196    34.9360     3.2809     3.2805    27.7946    27.8076    5.88230    6.09577         20 0.0000e+00
      44795   1866.424   1502.000     3.3918   3.260337     3.3912   3.261656      94.78     0.0153     2.4103     2.1671  2.0575135  1.0489049   48.89586  -45.78774    34.9196    34.9360     3.2784     3.2777    27.7947    27.8079    5.87796    6.09985         19 0.0000e+00
      44815   1867.230   1503.000     3.3892   3.260145     3.3886   3.261464      89.05     0.0131     2.4097     2.1666  2.0576315  1.0488399   48.89586  -45.78774    34.9196    34.9359     3.2757     3.2751    27.7950    27.8081    5.87532    6.09919         20 0.0000e+00
      44834   1868.039   1504.000     3.3868   3.259973     3.3862   3.261294      24.69     0.0114     2.4094     2.1661  2.0577722  1.0488400   48.89586  -45.78772    34.9195    34.9359     3.2733     3.2726    27.7952    27.8084    5.88279    6.09892         19 0.0000e+00
      44854   1868.888   1505.000     3.3861   3.259953     3.3854   3.261265      96.41     0.0113     2.4090     2.1657  2.0589747  1.0483088   48.89587  -45.78773    34.9195    34.9359     3.2726     3.2718    27.7952    27.8084    5.87934    6.09979         21 0.0000e+00
      44876   1869.783   1506.000     3.3848   3.259875     3.3840   3.261184      95.44     0.0076     2.4088     2.1654  2.0606291  1.0478907   48.89588  -45.78774    34.9195    34.9359     3.2711     3.2703    27.7954    27.8086    5.88381    6.10183         22 0.0000e+00
      44898   1870.696   1507.000     3.3841   3.259857     3.3833   3.261161      42.11     0.0081     2.4087     2.1651  2.0608301  1.0478406   48.89588  -45.78774    34.9194    34.9359     3.2704     3.2695    27.7954    27.8086    5.88523    6.10637         22 0.0000e+00
      44919   1871.568   1508.000     3.3826   3.259757     3.3818   3.261069      79.76     0.0115     2.4086     2.1653  2.0611131  1.0476176   48.89588  -45.78773    34.9194    34.9358     3.2688     3.2680    27.7956    27.8087    5.88287    6.11334         20 0.0000e+00
      44939   1872.408   1509.000     3.3820   3.259747     3.3812   3.261054      54.94     0.0129     2.4083     2.1653  2.0612350  1.0476191   48.89588  -45.78772    34.9194    34.9359     3.2682     3.2673    27.7956    27.8088    5.87603    6.10908         20 0.0000e+00
