data/CTD/2013/CNV/D021A019.CNV
* Sea-Bird SBE 9 Data File:
* FileName = C:\CTD_ACQUISITION\2013021HUD\ctddata\021A019.hdr
* Software Version Seasave V 7.22.2
* Temperature SN = 5081
* Conductivity SN = 3561
* Number of Bytes Per Scan = 37
* Number of Voltage Words = 4
* Number of Scans Averaged by the Deck Unit = 1
* NMEA Latitude = 47 00.00 N
* NMEA Longitude = 046 40.17 W
* NMEA UTC (Time) = Jul 02 2013 04:50:47
* NMEA baud rate = 9600
** Ship: Hudson
** Cruise: HUD2013021
** Chief_Scientist: Greenan
** Organization: BIO
** Area_of_Operation: Sackville Spur
** Station: 19
** Sounding:  919
** Event_Comments: FC19  393125
# nquan = 25
# nvalues = 941                         
# units = specified
# name 0 = scan: Scan Count
# name 1 = timeS: Time, Elapsed [seconds]
# name 2 = prDM: Pressure, Digiquartz [db]
# name 3 = t068C: Temperature [ITS-68, deg C]
# name 4 = c0S/m: Conductivity [S/m]
# name 5 = t168C: Temperature, 2 [ITS-68, deg C]
# name 6 = c1S/m: Conductivity, 2 [S/m]
# name 7 = altM: Altimeter [m]
# name 8 = flCUVA: Fluorescence, Chelsea UV Aquatracka [ug/l]
# name 9 = sbeox0V: Oxygen raw, SBE 43 [V]
# name 10 = sbeox1V: Oxygen raw, SBE 43, 2 [V]
# name 11 = upoly0: Upoly 0, Optode 4330F - O2 D-Phase
# name 12 = upoly1: Upoly 1, Optode 4330F - O2 Temp
# name 13 = latitude: Latitude [deg]
# name 14 = longitude: Longitude [deg]
# name 15 = sal00: Salinity, Practical [PSU]
# name 16 = sal11: Salinity, Practical, 2 [PSU]
# name 17 = potemp068C: Potential Temperature [ITS-68, deg C]
# name 18 = potemp168C: Potential Temperature, 2 [ITS-68, deg C]
# name 19 = sigma-é00: Density [sigma-theta, Kg/m^3]
# name 20 = sigma-é11: Density, 2 [sigma-theta, Kg/m^3]
# name 21 = sbeox0ML/L: Oxygen, SBE 43 [ml/l], WS = 2
# name 22 = sbeox1ML/L: Oxygen, SBE 43, 2 [ml/l], WS = 2
# name 23 = nbin: number of scans per bin
# name 24 = flag: flag
# span 0 =       8830,      31053       
# span 1 =    367.871,   1293.826       
# span 2 =      3.000,    943.000       
# span 3 =     0.9295,     6.2461       
# span 4 =   2.857867,   3.356310       
# span 5 =     0.9339,     6.2451       
# span 6 =   2.859972,   3.357593       
# span 7 =       6.30,      99.72       
# span 8 =     0.0058,     0.1521       
# span 9 =     2.6045,     3.3712       
# span 10 =     2.3407,     3.0031      
# span 11 =  1.7213909,  2.0565710      
# span 12 =  0.8060648,  1.4113976      
# span 13 =   47.00120,   47.00274      
# span 14 =  -46.66990,  -46.66890      
# span 15 =    32.7719,    34.9374      
# span 16 =    32.7864,    34.9529      
# span 17 =     0.9281,     6.2457      
# span 18 =     0.9325,     6.2446      
# span 19 =    25.7620,    27.7349      
# span 20 =    25.7736,    27.7475      
# span 21 =    5.29744,    7.59281      
# span 22 =    5.46595,    7.75117      
# span 23 =         11,         96      
# span 24 = 0.0000e+00, 0.0000e+00      
# interval = decibars: 1                
# start_time = Jul 02 2013 04:50:47 [NMEA time, header]
# bad_flag = -9.990e-29
*END*
[from data line 638]
      24596   1024.796    641.000     4.1223   3.287799     4.1221   3.289131      84.39     0.0115     2.7005     2.4221  1.9828362  1.1440781   47.00234  -46.66976    34.9114    34.9274     4.0745     4.0743    27.7080    27.7207    5.99516    6.18641         18 0.0000e+00
      24613   1025.484    642.000     4.1214   3.287773     4.1210   3.289076      35.23     0.0128     2.7002     2.4222  1.9824022  1.1440781   47.00234  -46.66976    34.9116    34.9274     4.0735     4.0731    27.7082    27.7209    5.99877    6.18743         15 0.0000e+00
      24627   1026.079    643.000     4.1211   3.287799     4.1207   3.289096      98.83     0.0126     2.6997     2.4225  1.9824713  1.1440781   47.00236  -46.66976    34.9116    34.9274     4.0732     4.0727    27.7083    27.7209    6.00318    6.18898         14 0.0000e+00
      24640   1026.642    644.000     4.1190   3.287655     4.1187   3.288958      96.74     0.0141     2.7001     2.4226  1.9822965  1.1440781   47.00236  -46.66976    34.9116    34.9274     4.0710     4.0706    27.7086    27.7212    6.00684    6.18918         14 0.0000e+00
      24654   1027.218    645.000     4.1183   3.287632     4.1179   3.288947      78.30     0.0157     2.6995     2.4226  1.9828938  1.1421124   47.00236  -46.66976    34.9116    34.9275     4.0702     4.0725    27.7086    27.7213    6.00219    6.18864         14 0.0000e+00
      24670   1027.874    646.000     4.1178   3.287635     4.1176   3.288951      21.40     0.0176     2.6994     2.4227  1.9829060  1.1418474   47.00236  -46.66976    34.9116    34.9274     4.0696     4.0695    27.7087    27.7213    6.00287    6.18771         18 0.0000e+00
      24698   1029.059    647.000     4.1175   3.287635     4.1172   3.288949      74.85     0.0147     2.6989     2.4228  1.9826310  1.1410813   47.00237  -46.66976    34.9115    34.9273     4.0692     4.0689    27.7086    27.7213    6.00274    6.19503         44 0.0000e+00
      24740   1030.793    648.000     4.1173   3.287665     4.1169   3.288975      78.82     0.0142     2.6987     2.4236  1.9824412  1.1406599   47.00238  -46.66976    34.9115    34.9274     4.0689     4.0685    27.7087    27.7214    6.00954    6.19979         27 0.0000e+00
      24761   1031.653    649.000     4.1168   3.287675     4.1164   3.288973      55.37     0.0122     2.6989     2.4241  1.9816628  1.1416636   47.00238  -46.66976    34.9116    34.9274     4.0684     4.0679    27.7088    27.7214    6.00941    6.19798         19 0.0000e+00
      24779   1032.400    650.000     4.1164   3.287685     4.1161   3.288998      97.05     0.0149     2.6988     2.4241  1.9816849  1.1416361   47.00238  -46.66976    34.9117    34.9274     4.0679     4.0676    27.7089    27.7215    6.01438    6.19427         18 0.0000e+00
      24796   1033.141    651.000     4.1159   3.287683     4.1155   3.288986      96.92     0.0185     2.6995     2.4238  1.9815502  1.1411645   47.00238  -46.66976    34.9116    34.9274     4.0673     4.0669    27.7090    27.7216    6.01338    6.19654         18 0.0000e+00
      24816   1033.972    652.000     4.1142   3.287569     4.1139   3.288870      65.12     0.0178     2.6990     2.4240  1.9816837  1.1409169   47.00238  -46.66976    34.9116    34.9273     4.0655     4.0652    27.7091    27.7216    6.00738    6.20112         22 0.0000e+00
      24840   1034.965    653.000     4.1096   3.287179     4.1090   3.288467      79.54     0.0196     2.6989     2.4240  1.9816358  1.1407069   47.00239  -46.66976    34.9113    34.9271     4.0609     4.0603    27.7094    27.7220    6.01511    6.19068         25 0.0000e+00
      24864   1035.964    654.000     4.1080   3.287089     4.1077   3.288389      97.48     0.0209     2.6992     2.4227  1.9817433  1.1404072   47.00240  -46.66976    34.9114    34.9270     4.0593     4.0589    27.7096    27.7221    6.01395    6.18280         22 0.0000e+00
      24884   1036.793    655.000     4.1084   3.287165     4.1080   3.288471      81.35     0.0175     2.6988     2.4223  1.9816848  1.1404152   47.00240  -46.66976    34.9114    34.9271     4.0595     4.0592    27.7096    27.7221    6.00871    6.18810         19 0.0000e+00
      24901   1037.515    656.000     4.1085   3.287222     4.1081   3.288530      43.40     0.0165     2.6988     2.4218  1.9816849  1.1402638   47.00240  -46.66977    34.9114    34.9272     4.0596     4.0592    27.7096    27.7222    6.00894    6.18921         16 0.0000e+00
      24918   1038.190    657.000     4.1094   3.287378     4.1093   3.288722      76.10     0.0161     2.6978     2.4215  1.9816849  1.1403393   47.00240  -46.66978    34.9118    34.9277     4.0604     4.0603    27.7098    27.7225    6.00453    6.19138         16 0.0000e+00
      24934   1038.872    658.000     4.1128   3.287794     4.1126   3.289110      70.42     0.0132     2.6978     2.4216  1.9814703  1.1399857   47.00241  -46.66977    34.9126    34.9283     4.0637     4.0635    27.7101    27.7226    6.00290    6.18914         17 0.0000e+00
      24952   1039.610    659.000     4.1154   3.288109     4.1149   3.289397      95.20     0.0123     2.6968     2.4209  1.9804839  1.1392097   47.00242  -46.66976    34.9130    34.9287     4.0662     4.0657    27.7102    27.7227    5.99288    6.18090         19 0.0000e+00
      24972   1040.476    660.000     4.1167   3.288294     4.1163   3.289587      48.84     0.0143     2.6955     2.4200  1.9804640  1.1391941   47.00242  -46.66976    34.9133    34.9289     4.0674     4.0670    27.7103    27.7228    5.99556    6.18064         23 0.0000e+00
      24999   1041.576    661.000     4.1203   3.288702     4.1196   3.289968      95.30     0.0163     2.6953     2.4195  1.9816535  1.1391941   47.00242  -46.66976    34.9138    34.9294     4.0709     4.0702    27.7103    27.7228    6.00553    6.18718         30 0.0000e+00
      25032   1042.951    662.000     4.1258   3.289328     4.1254   3.290615      64.86     0.0174     2.6950     2.4194  1.9811772  1.1397381   47.00242  -46.66976    34.9148    34.9304     4.0763     4.0759    27.7105    27.7230    6.00242    6.18572         34 0.0000e+00
      25062   1044.208    663.000     4.1295   3.289769     4.1270   3.290847      93.88     0.0145     2.6943     2.4187  1.9805409  1.1404381   47.00244  -46.66976    34.9156    34.9309     4.0799     4.0774    27.7108    27.7232    5.99443    6.18194         25 0.0000e+00
      25083   1045.075    664.000     4.1306   3.289941     4.1300   3.291204      97.07     0.0113     2.6937     2.4187  1.9813566  1.1404152   47.00244  -46.66978    34.9159    34.9315     4.0809     4.0803    27.7109    27.7234    5.99675    6.18193         18 0.0000e+00
      25099   1045.758    665.000     4.1306   3.289969     4.1303   3.291288      87.06     0.0148     2.6940     2.4180  1.9817711  1.1404152   47.00244  -46.66978    34.9159    34.9317     4.0808     4.0805    27.7109    27.7235    5.99575    6.17928         15 0.0000e+00
      25114   1046.357    666.000     4.1295   3.289911     4.1296   3.291262      10.72     0.0146     2.6929     2.4177  1.9817722  1.1404152   47.00244  -46.66978    34.9157    34.9315     4.0797     4.0797    27.7109    27.7235    5.99217    6.18526         14 0.0000e+00
      25127   1046.918    667.000     4.1284   3.289835     4.1292   3.291270      87.61     0.0110     2.6924     2.4180  1.9812137  1.1404152   47.00244  -46.66977    34.9155    34.9315     4.0785     4.0793    27.7108    27.7235    6.00123    6.19493         13 0.0000e+00
      25140   1047.478    668.000     4.1273   3.289762     4.1274   3.291113      96.96     0.0105     2.6928     2.4183  1.9804655  1.1404152   47.00244  -46.66976    34.9152    34.9311     4.0773     4.0774    27.7108    27.7234    6.00784    6.19808         14 0.0000e+00
      25155   1048.082    669.000     4.1271   3.289786     4.1262   3.291032      96.99     0.0141     2.6931     2.4186  1.9804640  1.1404152   47.00244  -46.66976    34.9152    34.9309     4.0771     4.0761    27.7108    27.7233    6.01022    6.19984         15 0.0000e+00
      25173   1048.819    670.000     4.1260   3.289706     4.1255   3.290990      76.15     0.0153     2.6934     2.4191  1.9808630  1.1404152   47.00244  -46.66976    34.9149    34.9306     4.0758     4.0754    27.7107    27.7232    6.01610    6.20279         21 0.0000e+00
      25203   1050.074    671.000     4.1227   3.289406     4.1215   3.290607      78.38     0.0139     2.6943     2.4199  1.9816660  1.1404152   47.00245  -46.66977    34.9143    34.9298     4.0725     4.0713    27.7105    27.7230    6.01531    6.20660         40 0.0000e+00
      25237   1051.506    672.000     4.1176   3.288926     4.1175   3.290248      97.68     0.0094     2.6942     2.4203  1.9805220  1.1404152   47.00246  -46.66978    34.9135    34.9293     4.0674     4.0672    27.7104    27.7230    6.02009    6.20088         25 0.0000e+00
      25258   1052.388    673.000     4.1120   3.288408     4.1129   3.289828      32.86     0.0133     2.6955     2.4202  1.9805278  1.1404152   47.00246  -46.66978    34.9128    34.9286     4.0617     4.0626    27.7105    27.7230    6.02547    6.20277         19 0.0000e+00
      25276   1053.126    674.000     4.1014   3.287401     4.1020   3.288801      97.30     0.0129     2.6952     2.4202  1.9813986  1.1404152   47.00246  -46.66978    34.9117    34.9275     4.0510     4.0516    27.7107    27.7233    6.01860    6.20581         17 0.0000e+00
      25293   1053.832    675.000     4.0952   3.286808     4.0955   3.288198      97.01     0.0158     2.6953     2.4201  1.9817559  1.1404152   47.00246  -46.66978    34.9107    34.9267     4.0448     4.0451    27.7106    27.7233    6.02661    6.20582         17 0.0000e+00
      25311   1054.583    676.000     4.0911   3.286456     4.0905   3.287733      97.03     0.0172     2.6961     2.4202  1.9818134  1.1404152   47.00246  -46.66978    34.9103    34.9260     4.0407     4.0400    27.7107    27.7233    6.02962    6.20834         19 0.0000e+00
      25332   1055.475    677.000     4.0901   3.286391     4.0891   3.287630      47.00     0.0144     2.6954     2.4200  1.9816856  1.1381376   47.00246  -46.66978    34.9101    34.9258     4.0396     4.0385    27.7106    27.7232    6.02153    6.20344         24 0.0000e+00
      25357   1056.493    678.000     4.0923   3.286667     4.0917   3.287945      90.01     0.0097     2.6956     2.4191  1.9817365  1.1379710   47.00246  -46.66978    34.9105    34.9262     4.0417     4.0411    27.7107    27.7233    6.01706    6.19286         24 0.0000e+00
      25378   1057.359    679.000     4.0920   3.286690     4.0925   3.288078      59.81     0.0133     2.6942     2.4183  1.9820257  1.1371547   47.00248  -46.66978    34.9105    34.9264     4.0413     4.0418    27.7108    27.7234    6.00922    6.19274         18 0.0000e+00
      25394   1058.050    680.000     4.0891   3.286445     4.0899   3.287869      56.92     0.0168     2.6941     2.4177  1.9818455  1.1376536   47.00248  -46.66978    34.9102    34.9262     4.0384     4.0392    27.7108    27.7235    6.01590    6.19771         15 0.0000e+00
      25409   1058.660    681.000     4.0871   3.286296     4.0868   3.287612      52.77     0.0164     2.6933     2.4176  1.9818597  1.1375345   47.00248  -46.66978    34.9101    34.9259     4.0363     4.0360    27.7110    27.7236    6.01731    6.20492         14 0.0000e+00
      25423   1059.250    682.000     4.0874   3.286375     4.0873   3.287706      96.97     0.0151     2.6934     2.4177  1.9805453  1.1371591   47.00248  -46.66978    34.9102    34.9259     4.0365     4.0364    27.7110    27.7236    6.01501    6.20883         15 0.0000e+00
      25438   1059.870    683.000     4.0885   3.286532     4.0885   3.287876      97.00     0.0144     2.6929     2.4179  1.9804646  1.1375631   47.00248  -46.66978    34.9103    34.9262     4.0375     4.0375    27.7110    27.7236    6.00681    6.20983         15 0.0000e+00
      25455   1060.602    684.000     4.0896   3.286689     4.0893   3.287998      95.71     0.0148     2.6918     2.4179  1.9804640  1.1374242   47.00248  -46.66978    34.9105    34.9262     4.0385     4.0383    27.7111    27.7236    6.00710    6.20745         20 0.0000e+00
      25480   1061.619    685.000     4.0894   3.286719     4.0891   3.288019      55.91     0.0129     2.6910     2.4180  1.9814684  1.1365887   47.00248  -46.66978    34.9105    34.9262     4.0382     4.0379    27.7111    27.7236    6.00984    6.21425         29 0.0000e+00
      25508   1062.794    686.000     4.0879   3.286621     4.0880   3.287960      98.60     0.0123     2.6904     2.4184  1.9811856  1.1367080   47.00248  -46.66978    34.9103    34.9261     4.0367     4.0368    27.7111    27.7237    6.00854    6.21694         25 0.0000e+00
      25529   1063.661    687.000     4.0874   3.286609     4.0868   3.287890      95.53     0.0127     2.6898     2.4188  1.9804512  1.1370981   47.00248  -46.66978    34.9103    34.9261     4.0361     4.0355    27.7112    27.7238    6.01729    6.22093         18 0.0000e+00
      25546   1064.366    688.000     4.0870   3.286628     4.0866   3.287932      20.82     0.0111     2.6900     2.4191  1.9804640  1.1374446   47.00248  -46.66978    34.9104    34.9263     4.0356     4.0352    27.7113    27.7240    6.01851    6.21926         16 0.0000e+00
      25562   1065.034    689.000     4.0861   3.286595     4.0859   3.287912      20.41     0.0112     2.6899     2.4192  1.9811736  1.1370442   47.00249  -46.66978    34.9105    34.9262     4.0347     4.0344    27.7115    27.7240    6.02073    6.21649         17 0.0000e+00
      25580   1065.773    690.000     4.0828   3.286314     4.0828   3.287643      95.19     0.0113     2.6906     2.4191  1.9816722  1.1368221   47.00250  -46.66978    34.9101    34.9259     4.0313     4.0312    27.7115    27.7241    6.02571    6.21656         19 0.0000e+00
      25604   1066.808    691.000     4.0781   3.285893     4.0777   3.287176      70.76     0.0150     2.6903     2.4189  1.9813391  1.1363693   47.00250  -46.66979    34.9096    34.9253     4.0265     4.0261    27.7116    27.7241    6.01747    6.21917         31 0.0000e+00
      25634   1068.047    692.000     4.0741   3.285547     4.0740   3.286864      71.21     0.0153     2.6891     2.4192  1.9804125  1.1354820   47.00250  -46.66980    34.9093    34.9249     4.0224     4.0223    27.7118    27.7242    6.01253    6.22425         24 0.0000e+00
      25654   1068.859    693.000     4.0734   3.285542     4.0731   3.286846      97.72     0.0130     2.6896     2.4192  1.9808341  1.1355312   47.00250  -46.66980    34.9093    34.9250     4.0217     4.0214    27.7119    27.7244    6.02680    6.22198         17 0.0000e+00
      25668   1069.476    694.000     4.0726   3.285514     4.0722   3.286803      96.77     0.0124     2.6891     2.4192  1.9815941  1.1355312   47.00250  -46.66980    34.9094    34.9250     4.0208     4.0204    27.7120    27.7245    6.02420    6.21839         14 0.0000e+00
      25681   1070.018    695.000     4.0723   3.285527     4.0721   3.286849      58.25     0.0143     2.6893     2.4189  1.9817857  1.1355312   47.00250  -46.66980    34.9093    34.9251     4.0205     4.0203    27.7120    27.7246    6.02738    6.21667         12 0.0000e+00
      25694   1070.536    696.000     4.0720   3.285539     4.0717   3.286846      36.84     0.0163     2.6903     2.4186  1.9816859  1.1355312   47.00250  -46.66980    34.9092    34.9250     4.0201     4.0228    27.7120    27.7246    6.03386    6.21561         13 0.0000e+00
      25707   1071.075    697.000     4.0720   3.285578     4.0717   3.286882      96.11     0.0177     2.6899     2.4182  1.9801141  1.1346996   47.00250  -46.66980    34.9092    34.9249     4.0200     4.0197    27.7120    27.7245    6.03469    6.21613         13 0.0000e+00
