data/CTD/2013/CNV/D021A019.CNV
* Sea-Bird SBE 9 Data File:
* FileName = C:\CTD_ACQUISITION\2013021HUD\ctddata\021A019.hdr
* Software Version Seasave V 7.22.2
* Temperature SN = 5081
* Conductivity SN = 3561
* Number of Bytes Per Scan = 37
* Number of Voltage Words = 4
* Number of Scans Averaged by the Deck Unit = 1
* NMEA Latitude = 47 00.00 N
* NMEA Longitude = 046 40.17 W
* NMEA UTC (Time) = Jul 02 2013 04:50:47
* NMEA baud rate = 9600
** Ship: Hudson
** Cruise: HUD2013021
** Chief_Scientist: Greenan
** Organization: BIO
** Area_of_Operation: Sackville Spur
** Station: 19
** Sounding:  919
** Event_Comments: FC19  393125
# nquan = 25
# nvalues = 941                         
# units = specified
# name 0 = scan: Scan Count
# name 1 = timeS: Time, Elapsed [seconds]
# name 2 = prDM: Pressure, Digiquartz [db]
# name 3 = t068C: Temperature [ITS-68, deg C]
# name 4 = c0S/m: Conductivity [S/m]
# name 5 = t168C: Temperature, 2 [ITS-68, deg C]
# name 6 = c1S/m: Conductivity, 2 [S/m]
# name 7 = altM: Altimeter [m]
# name 8 = flCUVA: Fluorescence, Chelsea UV Aquatracka [ug/l]
# name 9 = sbeox0V: Oxygen raw, SBE 43 [V]
# name 10 = sbeox1V: Oxygen raw, SBE 43, 2 [V]
# name 11 = upoly0: Upoly 0, Optode 4330F - O2 D-Phase
# name 12 = upoly1: Upoly 1, Optode 4330F - O2 Temp
# name 13 = latitude: Latitude [deg]
# name 14 = longitude: Longitude [deg]
# name 15 = sal00: Salinity, Practical [PSU]
# name 16 = sal11: Salinity, Practical, 2 [PSU]
# name 17 = potemp068C: Potential Temperature [ITS-68, deg C]
# name 18 = potemp168C: Potential Temperature, 2 [ITS-68, deg C]
# name 19 = sigma-é00: Density [sigma-theta, Kg/m^3]
# name 20 = sigma-é11: Density, 2 [sigma-theta, Kg/m^3]
# name 21 = sbeox0ML/L: Oxygen, SBE 43 [ml/l], WS = 2
# name 22 = sbeox1ML/L: Oxygen, SBE 43, 2 [ml/l], WS = 2
# name 23 = nbin: number of scans per bin
# name 24 = flag: flag
# span 0 =       8830,      31053       
# span 1 =    367.871,   1293.826       
# span 2 =      3.000,    943.000       
# span 3 =     0.9295,     6.2461       
# span 4 =   2.857867,   3.356310       
# span 5 =     0.9339,     6.2451       
# span 6 =   2.859972,   3.357593       
# span 7 =       6.30,      99.72       
# span 8 =     0.0058,     0.1521       
# span 9 =     2.6045,     3.3712       
# span 10 =     2.3407,     3.0031      
# span 11 =  1.7213909,  2.0565710      
# span 12 =  0.8060648,  1.4113976      
# span 13 =   47.00120,   47.00274      
# span 14 =  -46.66990,  -46.66890      
# span 15 =    32.7719,    34.9374      
# span 16 =    32.7864,    34.9529      
# span 17 =     0.9281,     6.2457      
# span 18 =     0.9325,     6.2446      
# span 19 =    25.7620,    27.7349      
# span 20 =    25.7736,    27.7475      
# span 21 =    5.29744,    7.59281      
# span 22 =    5.46595,    7.75117      
# span 23 =         11,         96      
# span 24 = 0.0000e+00, 0.0000e+00      
# interval = decibars: 1                
# start_time = Jul 02 2013 04:50:47 [NMEA time, header]
# bad_flag = -9.990e-29
*END*
[from data line 696]
      25748   1072.810    699.000     4.0683   3.285284     4.0697   3.286736      70.32     0.0141     2.6898     2.4176  1.9802943  1.1342851   47.00251  -46.66980    34.9085    34.9243     4.0162     4.0175    27.7119    27.7243    6.02827    6.22049         43 0.0000e+00
      25792   1074.616    700.000     4.0629   3.284788     4.0633   3.286130      99.72     0.0133     2.6903     2.4176  1.9817086  1.1341796   47.00252  -46.66980    34.9079    34.9233     4.0107     4.0126    27.7119    27.7241    6.03414    6.22611         30 0.0000e+00
      25813   1075.491    701.000     4.0628   3.284832     4.0625   3.286124      66.70     0.0134     2.6898     2.4178  1.9804502  1.1343116   47.00252  -46.66980    34.9080    34.9236     4.0105     4.0102    27.7121    27.7245    6.03183    6.23134         18 0.0000e+00
      25830   1076.197    702.000     4.0583   3.284428     4.0582   3.285748      26.03     0.0157     2.6903     2.4183  1.9805413  1.1343101   47.00252  -46.66980    34.9075    34.9232     4.0060     4.0058    27.7121    27.7246    6.03586    6.23630         16 0.0000e+00
      25845   1076.832    703.000     4.0531   3.283950     4.0527   3.285262      73.78     0.0142     2.6900     2.4185  1.9804641  1.1340663   47.00252  -46.66980    34.9068    34.9227     4.0007     4.0003    27.7121    27.7248    6.03643    6.23279         15 0.0000e+00
      25860   1077.439    704.000     4.0509   3.283782     4.0507   3.285111      97.06     0.0143     2.6906     2.4183  1.9804640  1.1330860   47.00252  -46.66980    34.9067    34.9226     3.9984     3.9982    27.7122    27.7249    6.03455    6.22453         14 0.0000e+00
      25874   1078.056    705.000     4.0495   3.283695     4.0495   3.285026      95.43     0.0128     2.6896     2.4178  1.9804640  1.1330892   47.00252  -46.66980    34.9066    34.9223     3.9969     3.9970    27.7123    27.7248    6.02918    6.21788         16 0.0000e+00
      25890   1078.722    706.000     4.0476   3.283569     4.0476   3.284886      85.70     0.0120     2.6897     2.4170  1.9804640  1.1331581   47.00252  -46.66980    34.9064    34.9221     3.9950     3.9950    27.7124    27.7249    6.03173    6.21522         17 0.0000e+00
      25909   1079.494    707.000     4.0467   3.283517     4.0466   3.284825      41.95     0.0113     2.6893     2.4163  1.9804640  1.1325026   47.00252  -46.66980    34.9063    34.9220     3.9941     3.9939    27.7124    27.7249    6.03155    6.21149         20 0.0000e+00
      25931   1080.402    708.000     4.0449   3.283386     4.0449   3.284714      94.43     0.0130     2.6887     2.4150  1.9804640  1.1324525   47.00252  -46.66980    34.9062    34.9219     3.9922     3.9922    27.7125    27.7250    6.03028    6.20944         23 0.0000e+00
      25953   1081.342    709.000     4.0450   3.283453     4.0442   3.284695      95.36     0.0072     2.6887     2.4144  1.9814613  1.1320388   47.00252  -46.66980    34.9064    34.9220     3.9922     3.9913    27.7127    27.7251    6.03267    6.22126         21 0.0000e+00
      25974   1082.191    710.000     4.0474   3.283753     4.0477   3.285109      41.00     0.0064     2.6877     2.4143  1.9816860  1.1319900   47.00252  -46.66980    34.9069    34.9226     3.9945     3.9947    27.7128    27.7253    6.02941    6.22408         20 0.0000e+00
      25992   1082.960    711.000     4.0517   3.284268     4.0508   3.285497      67.57     0.0120     2.6879     2.4144  1.9810373  1.1314361   47.00252  -46.66980    34.9079    34.9233     3.9987     3.9978    27.7132    27.7256    6.02771    6.22614         17 0.0000e+00
      26009   1083.676    712.000     4.0560   3.284779     4.0558   3.286083      16.79     0.0123     2.6872     2.4144  1.9804564  1.1306366   47.00252  -46.66980    34.9089    34.9245     4.0029     4.0026    27.7135    27.7260    6.02088    6.22494         17 0.0000e+00
      26026   1084.380    713.000     4.0525   3.284487     4.0526   3.285818      95.90     0.0156     2.6864     2.4144  1.9804640  1.1307918   47.00252  -46.66980    34.9086    34.9242     3.9994     3.9994    27.7136    27.7261    6.02541    6.21690         17 0.0000e+00
      26044   1085.121    714.000     4.0489   3.284164     4.0491   3.285518      46.33     0.0197     2.6862     2.4134  1.9804640  1.1317990   47.00252  -46.66980    34.9081    34.9238     3.9956     3.9959    27.7137    27.7262    6.02238    6.21202         19 0.0000e+00
      26065   1085.992    715.000     4.0453   3.283859     4.0454   3.285201      75.66     0.0180     2.6850     2.4130  1.9804640  1.1322358   47.00252  -46.66982    34.9077    34.9234     3.9920     3.9921    27.7137    27.7262    6.02362    6.21911         23 0.0000e+00
      26090   1087.049    716.000     4.0422   3.283607     4.0422   3.284935      87.58     0.0156     2.6851     2.4127  1.9804640  1.1322298   47.00252  -46.66982    34.9075    34.9232     3.9889     3.9888    27.7139    27.7264    6.03112    6.21917         27 0.0000e+00
      26115   1088.066    717.000     4.0410   3.283535     4.0408   3.284842      52.42     0.0131     2.6849     2.4122  1.9804640  1.1319226   47.00252  -46.66982    34.9075    34.9231     3.9875     3.9873    27.7140    27.7265    6.03830    6.21572         22 0.0000e+00
      26134   1088.886    718.000     4.0403   3.283527     4.0401   3.284826      75.31     0.0134     2.6857     2.4115  1.9806650  1.1316679   47.00252  -46.66982    34.9075    34.9231     3.9868     3.9865    27.7141    27.7266    6.04976    6.21082         18 0.0000e+00
      26151   1089.592    719.000     4.0401   3.283569     4.0398   3.284861      94.99     0.0109     2.6867     2.4108  1.9806925  1.1306651   47.00252  -46.66982    34.9077    34.9233     3.9865     3.9862    27.7143    27.7268    6.05177    6.21404         16 0.0000e+00
      26167   1090.239    720.000     4.0396   3.283577     4.0394   3.284887      95.43     0.0098     2.6866     2.4107  1.9806279  1.1306472   47.00252  -46.66982    34.9078    34.9235     3.9860     3.9857    27.7145    27.7270    6.04463    6.22048         15 0.0000e+00
      26182   1090.873    721.000     4.0365   3.283307     4.0363   3.284619      73.35     0.0107     2.6870     2.4108  1.9805456  1.1304849   47.00252  -46.66982    34.9074    34.9231     3.9827     3.9826    27.7145    27.7270    6.04550    6.22377         15 0.0000e+00
      26198   1091.533    722.000     4.0334   3.283041     4.0329   3.284329      38.69     0.0105     2.6871     2.4108  1.9804651  1.1301486   47.00252  -46.66982    34.9071    34.9227     3.9796     3.9791    27.7145    27.7270    6.04320    6.22456         17 0.0000e+00
      26215   1092.268    723.000     4.0282   3.282565     4.0286   3.283931      93.66     0.0138     2.6865     2.4107  1.9804640  1.1298844   47.00252  -46.66982    34.9063    34.9221     3.9744     3.9747    27.7145    27.7270    6.04196    6.23193         19 0.0000e+00
      26238   1093.191    724.000     4.0237   3.282166     4.0236   3.283481      95.61     0.0138     2.6867     2.4115  1.9813269  1.1297221   47.00252  -46.66982    34.9059    34.9215     3.9698     3.9697    27.7146    27.7271    6.04067    6.23760         25 0.0000e+00
      26266   1094.376    725.000     4.0212   3.281962     4.0208   3.283250      50.89     0.0126     2.6856     2.4114  1.9819403  1.1294205   47.00252  -46.66982    34.9056    34.9212     3.9673     3.9668    27.7146    27.7271    6.03444    6.22981         30 0.0000e+00
      26295   1095.563    726.000     4.0200   3.281887     4.0195   3.283167      96.17     0.0141     2.6848     2.4115  1.9804837  1.1282293   47.00252  -46.66982    34.9055    34.9211     3.9659     3.9654    27.7147    27.7272    6.03804    6.23008         27 0.0000e+00
      26320   1096.634    727.000     4.0207   3.282027     4.0199   3.283283      85.16     0.0135     2.6844     2.4109  1.9804636  1.1282048   47.00252  -46.66982    34.9059    34.9215     3.9666     3.9658    27.7149    27.7275    6.03345    6.22497         25 0.0000e+00
      26342   1097.559    728.000     4.0242   3.282449     4.0236   3.283724      42.59     0.0158     2.6838     2.4107  1.9804640  1.1282052   47.00252  -46.66982    34.9067    34.9223     3.9699     3.9694    27.7152    27.7277    6.03530    6.22842         20 0.0000e+00
      26361   1098.321    729.000     4.0254   3.282635     4.0245   3.283866      96.39     0.0182     2.6836     2.4104  1.9804640  1.1282052   47.00252  -46.66982    34.9070    34.9226     3.9711     3.9701    27.7154    27.7278    6.03146    6.22653         16 0.0000e+00
      26376   1098.971    730.000     4.0270   3.282829     4.0256   3.284014      95.45     0.0180     2.6827     2.4104  1.9804640  1.1282052   47.00252  -46.66982    34.9072    34.9227     3.9725     3.9711    27.7154    27.7278    6.02913    6.22513         15 0.0000e+00
      26390   1099.558    731.000     4.0285   3.283047     4.0268   3.284199      95.55     0.0118     2.6827     2.4099  1.9804640  1.1281186   47.00252  -46.66982    34.9076    34.9230     3.9740     3.9723    27.7155    27.7280    6.02505    6.22372         14 0.0000e+00
      26404   1100.117    732.000     4.0295   3.283218     4.0287   3.284455      40.14     0.0122     2.6813     2.4098  1.9804640  1.1280187   47.00252  -46.66984    34.9080    34.9235     3.9750     3.9741    27.7158    27.7282    6.02199    6.22682         13 0.0000e+00
      26417   1100.676    733.000     4.0307   3.283395     4.0302   3.284668      51.96     0.0137     2.6812     2.4095  1.9806347  1.1279451   47.00252  -46.66984    34.9083    34.9239     3.9760     3.9756    27.7159    27.7283    6.02398    6.22763         14 0.0000e+00
      26431   1101.271    734.000     4.0308   3.283442     4.0305   3.284743      93.90     0.0153     2.6805     2.4096  1.9804701  1.1281961   47.00252  -46.66984    34.9083    34.9239     3.9760     3.9758    27.7159    27.7284    6.02565    6.22625         15 0.0000e+00
      26448   1101.975    735.000     4.0302   3.283426     4.0300   3.284726      28.32     0.0140     2.6802     2.4092  1.9804640  1.1282052   47.00252  -46.66984    34.9082    34.9238     3.9754     3.9751    27.7159    27.7283    6.02685    6.21726         19 0.0000e+00
      26486   1103.539    736.000     4.0295   3.283376     4.0291   3.284671      66.16     0.0135     2.6787     2.4066  1.9802014  1.1282052   47.00252  -46.66984    34.9079    34.9235     3.9746     3.9749    27.7157    27.7282    6.01859    6.19810         58 0.0000e+00
      26531   1105.422    737.000     4.0289   3.283370     4.0281   3.284624      81.84     0.0183     2.6769     2.4031  1.9804274  1.1288549   47.00252  -46.66984    34.9079    34.9235     3.9739     3.9731    27.7158    27.7283    6.01247    6.19482         24 0.0000e+00
      26550   1106.201    738.000     4.0271   3.283249     4.0266   3.284534      36.85     0.0206     2.6756     2.4027  1.9805336  1.1287467   47.00252  -46.66984    34.9078    34.9235     3.9720     3.9716    27.7159    27.7285    6.02239    6.21357         18 0.0000e+00
      26566   1106.858    739.000     4.0261   3.283207     4.0257   3.284492      74.78     0.0201     2.6766     2.4032  1.9808146  1.1292547   47.00252  -46.66984    34.9079    34.9235     3.9710     3.9705    27.7161    27.7285    6.03089    6.22155         14 0.0000e+00
      26580   1107.454    740.000     4.0260   3.283244     4.0256   3.284543      96.71     0.0200     2.6760     2.4032  1.9819788  1.1292517   47.00252  -46.66984    34.9079    34.9236     3.9708     3.9704    27.7161    27.7287    6.03163    6.22014         14 0.0000e+00
      26594   1108.041    741.000     4.0261   3.283307     4.0257   3.284589      96.42     0.0193     2.6767     2.4035  1.9821731  1.1294259   47.00252  -46.66984    34.9080    34.9236     3.9709     3.9704    27.7162    27.7286    6.03827    6.22288         15 0.0000e+00
      26609   1108.668    742.000     4.0259   3.283339     4.0256   3.284628      95.73     0.0177     2.6769     2.4037  1.9819957  1.1292781   47.00252  -46.66984    34.9080    34.9236     3.9706     3.9702    27.7162    27.7287    6.03756    6.22598         16 0.0000e+00
      26626   1109.380    743.000     4.0260   3.283411     4.0257   3.284698      95.98     0.0188     2.6774     2.4040  1.9818244  1.1282290   47.00252  -46.66984    34.9083    34.9239     3.9706     3.9702    27.7164    27.7289    6.03234    6.22742         18 0.0000e+00
      26646   1110.211    744.000     4.0237   3.283195     4.0241   3.284588      96.47     0.0164     2.6767     2.4045  1.9819762  1.1282052   47.00252  -46.66984    34.9078    34.9237     3.9682     3.9686    27.7163    27.7289    6.02991    6.22915         21 0.0000e+00
      26668   1111.111    745.000     4.0217   3.283064     4.0218   3.284401      47.63     0.0125     2.6771     2.4048  1.9822979  1.1282052   47.00252  -46.66984    34.9077    34.9234     3.9661     3.9662    27.7164    27.7290    6.04020    6.23091         22 0.0000e+00
      26688   1111.959    746.000     4.0210   3.283052     4.0205   3.284318      80.84     0.0153     2.6771     2.4051  1.9824562  1.1282052   47.00251  -46.66984    34.9077    34.9232     3.9654     3.9649    27.7165    27.7289    6.03393    6.23233         19 0.0000e+00
      26706   1112.725    747.000     4.0203   3.283021     4.0200   3.284309      96.09     0.0154     2.6771     2.4051  1.9823638  1.1282052   47.00250  -46.66984    34.9076    34.9231     3.9646     3.9643    27.7165    27.7289    6.03401    6.22686         18 0.0000e+00
      26724   1113.448    748.000     4.0203   3.283062     4.0199   3.284334      95.72     0.0137     2.6766     2.4050  1.9816239  1.1275680   47.00250  -46.66984    34.9075    34.9231     3.9645     3.9640    27.7165    27.7289    6.03572    6.22355         17 0.0000e+00
      26741   1114.187    749.000     4.0194   3.282993     4.0192   3.284308      37.07     0.0142     2.6771     2.4047  1.9818882  1.1276624   47.00250  -46.66984    34.9073    34.9230     3.9635     3.9633    27.7164    27.7289    6.04245    6.22582         18 0.0000e+00
      26762   1115.050    750.000     4.0186   3.282966     4.0183   3.284259      67.43     0.0134     2.6771     2.4046  1.9818884  1.1277461   47.00250  -46.66984    34.9072    34.9228     3.9626     3.9623    27.7164    27.7289    6.03335    6.23055         24 0.0000e+00
      26791   1116.270    751.000     4.0164   3.282779     4.0164   3.284111      57.42     0.0126     2.6760     2.4047  1.9819970  1.1275116   47.00250  -46.66984    34.9068    34.9226     3.9604     3.9603    27.7164    27.7289    6.03087    6.22969         35 0.0000e+00
      26823   1117.589    752.000     4.0143   3.282623     4.0141   3.283925      76.97     0.0124     2.6752     2.4042  1.9834468  1.1276740   47.00250  -46.66984    34.9067    34.9223     3.9582     3.9580    27.7165    27.7289    6.02369    6.22505         25 0.0000e+00
      26844   1118.464    753.000     4.0132   3.282570     4.0128   3.283859      96.91     0.0137     2.6744     2.4040  1.9836599  1.1273130   47.00250  -46.66984    34.9067    34.9224     3.9570     3.9566    27.7166    27.7291    6.02711    6.22333         18 0.0000e+00
      26861   1119.146    754.000     4.0127   3.282577     4.0123   3.283861      39.12     0.0146     2.6743     2.4035  1.9834703  1.1275611   47.00250  -46.66984    34.9068    34.9224     3.9565     3.9560    27.7167    27.7292    6.03464    6.22440         15 0.0000e+00
      26875   1119.750    755.000     4.0122   3.282569     4.0119   3.283872      59.89     0.0142     2.6743     2.4035  1.9832315  1.1277982   47.00250  -46.66984    34.9067    34.9224     3.9558     3.9556    27.7168    27.7293    6.03512    6.22654         15 0.0000e+00
