data/CTD/2013/CNV/D021A057.CNV
* Sea-Bird SBE 9 Data File:
* FileName = C:\CTD_ACQUISITION\2013021HUD\ctddata\021A057.hdr
* Software Version Seasave V 7.22.2
* Temperature SN = 5081
* Conductivity SN = 3561
* Number of Bytes Per Scan = 37
* Number of Voltage Words = 4
* Number of Scans Averaged by the Deck Unit = 1
* NMEA Latitude = 48 32.47 N
* NMEA Longitude = 045 23.87 W
* NMEA UTC (Time) = Jul 05 2013 10:27:43
* NMEA baud rate = 9600
** Ship: Hudson
** Cruise: HUD2013021
** Chief_Scientist: Greenan
** Organization: BIO
** Area_of_Operation: Sackville Spur
** Station: 57
** Sounding:  858
** Event_Comments: SS20  393223
# nquan = 25
# nvalues = 859                         
# units = specified
# name 0 = scan: Scan Count
# name 1 = timeS: Time, Elapsed [seconds]
# name 2 = prDM: Pressure, Digiquartz [db]
# name 3 = t068C: Temperature [ITS-68, deg C]
# name 4 = c0S/m: Conductivity [S/m]
# name 5 = t168C: Temperature, 2 [ITS-68, deg C]
# name 6 = c1S/m: Conductivity, 2 [S/m]
# name 7 = altM: Altimeter [m]
# name 8 = flCUVA: Fluorescence, Chelsea UV Aquatracka [ug/l]
# name 9 = sbeox0V: Oxygen raw, SBE 43 [V]
# name 10 = sbeox1V: Oxygen raw, SBE 43, 2 [V]
# name 11 = upoly0: Upoly 0, Optode 4330F - O2 D-Phase
# name 12 = upoly1: Upoly 1, Optode 4330F - O2 Temp
# name 13 = latitude: Latitude [deg]
# name 14 = longitude: Longitude [deg]
# name 15 = sal00: Salinity, Practical [PSU]
# name 16 = sal11: Salinity, Practical, 2 [PSU]
# name 17 = potemp068C: Potential Temperature [ITS-68, deg C]
# name 18 = potemp168C: Potential Temperature, 2 [ITS-68, deg C]
# name 19 = sigma-é00: Density [sigma-theta, Kg/m^3]
# name 20 = sigma-é11: Density, 2 [sigma-theta, Kg/m^3]
# name 21 = sbeox0ML/L: Oxygen, SBE 43 [ml/l], WS = 2
# name 22 = sbeox1ML/L: Oxygen, SBE 43, 2 [ml/l], WS = 2
# name 23 = nbin: number of scans per bin
# name 24 = flag: flag
# span 0 =       7914,      30147       
# span 1 =    329.724,   1256.071       
# span 2 =      3.000,    861.000       
# span 3 =     2.6052,     6.5206       
# span 4 =   3.032769,   3.332421       
# span 5 =     2.6050,     6.5198       
# span 6 =   3.034624,   3.333700       
# span 7 =       5.21,      99.85       
# span 8 =     0.0059,     0.5901       
# span 9 =     2.5856,     3.4036       
# span 10 =     2.3155,     3.0446      
# span 11 =  1.7040998,  2.0257089      
# span 12 =  0.9559607,  1.4432175      
# span 13 =   48.53974,   48.54116      
# span 14 =  -45.39760,  -45.39682      
# span 15 =    33.2724,    34.9135      
# span 16 =    33.2883,    34.9295      
# span 17 =     2.6009,     6.5203      
# span 18 =     2.6007,     6.5195      
# span 19 =    26.1514,    27.7545      
# span 20 =    26.1633,    27.7677      
# span 21 =    5.89199,    7.58635      
# span 22 =    6.06530,    7.72736      
# span 23 =         14,         85      
# span 24 = 0.0000e+00, 0.0000e+00      
# interval = decibars: 1                
# start_time = Jul 05 2013 10:27:43 [NMEA time, header]
# bad_flag = -9.990e-29
*END*
[from data line 58]
      10082    420.042     61.000     2.7446   3.086278     2.7453   3.087593      96.00     0.0470     3.0337     2.7224  1.8790164  0.9902319   48.54116  -45.39726    34.2632    34.2784     2.7407     2.7417    27.3200    27.3321    6.70617    6.86856         35 0.0000e+00
      10116    421.468     62.000     2.7347   3.085925     2.7351   3.087222      95.97     0.0447     3.0284     2.7183  1.8802600  0.9882014   48.54116  -45.39726    34.2683    34.2840     2.7314     2.7316    27.3249    27.3375    6.69184    6.86030         34 0.0000e+00
      10151    422.908     63.000     2.7202   3.085059     2.7214   3.086403      56.49     0.0419     3.0235     2.7155  1.8830229  0.9859030   48.54116  -45.39726    34.2729    34.2882     2.7166     2.7178    27.3300    27.3420    6.68903    6.85845         34 0.0000e+00
      10183    424.269     64.000     2.7041   3.084301     2.7042   3.085585      96.34     0.0411     3.0200     2.7113  1.8854972  0.9840216   48.54116  -45.39726    34.2802    34.2960     2.7004     2.7005    27.3372    27.3498    6.69188    6.83586         31 0.0000e+00
      10215    425.589     65.000     2.7012   3.084551     2.7013   3.085835      93.29     0.0450     3.0163     2.7068  1.8912653  0.9805040   48.54116  -45.39726    34.2859    34.3015     2.6975     2.6976    27.3420    27.3544    6.67111    6.83234         34 0.0000e+00
      10255    427.263     66.000     2.6965   3.084673     2.6966   3.085970      95.49     0.0384     3.0106     2.7020  1.8927879  0.9777967   48.54116  -45.39726    34.2919    34.3077     2.6927     2.6928    27.3472    27.3598    6.65146    6.81151         48 0.0000e+00
      10305    429.342     67.000     2.6922   3.084594     2.6923   3.085903      95.99     0.0358     3.0023     2.6959  1.8956205  0.9758363   48.54116  -45.39726    34.2950    34.3105     2.6883     2.6887    27.3500    27.3624    6.62860    6.80074         44 0.0000e+00
      10341    430.828     68.000     2.6778   3.083923     2.6782   3.085212      95.91     0.0360     2.9974     2.6910  1.8974164  0.9755765   48.54116  -45.39726    34.3015    34.3170     2.6739     2.6743    27.3565    27.3688    6.62031    6.77627         32 0.0000e+00
      10374    432.210     69.000     2.6713   3.083944     2.6714   3.085229      95.99     0.0350     2.9923     2.6859  1.8991746  0.9751786   48.54116  -45.39726    34.3082    34.3239     2.6673     2.6674    27.3624    27.3750    6.60317    6.76444         36 0.0000e+00
      10412    433.797     70.000     2.6624   3.083680     2.6628   3.084977      76.71     0.0340     2.9850     2.6807  1.9043653  0.9711108   48.54116  -45.39726    34.3139    34.3295     2.6584     2.6588    27.3677    27.3802    6.57473    6.75320         38 0.0000e+00
      10446    435.192     71.000     2.6541   3.083498     2.6542   3.084781      96.02     0.0366     2.9787     2.6758  1.9056621  0.9698367   48.54116  -45.39726    34.3199    34.3357     2.6501     2.6501    27.3733    27.3859    6.56634    6.73673         30 0.0000e+00
      10476    436.441     72.000     2.6473   3.083407     2.6475   3.084694      95.90     0.0350     2.9742     2.6719  1.9073439  0.9687819   48.54116  -45.39726    34.3256    34.3412     2.6432     2.6434    27.3784    27.3909    6.56737    6.73462         32 0.0000e+00
      10514    438.038     73.000     2.6294   3.082448     2.6297   3.083757      95.94     0.0358     2.9703     2.6677  1.9122604  0.9665408   48.54116  -45.39727    34.3326    34.3482     2.6252     2.6255    27.3856    27.3980    6.57382    6.73197         44 0.0000e+00
      10556    439.812     74.000     2.6088   3.081571     2.6091   3.082887      95.95     0.0281     2.9669     2.6631  1.9158078  0.9645206   48.54116  -45.39727    34.3433    34.3591     2.6044     2.6049    27.3959    27.4085    6.56591    6.71760         37 0.0000e+00
      10589    441.154     75.000     2.6053   3.081792     2.6051   3.083081      63.54     0.0267     2.9635     2.6595  1.9166093  0.9635758   48.54116  -45.39726    34.3491    34.3651     2.6010     2.6009    27.4008    27.4137    6.55282    6.71099         31 0.0000e+00
      10627    442.766     76.000     2.6052   3.081977     2.6050   3.083258      86.33     0.0334     2.9600     2.6569  1.9190562  0.9614774   48.54116  -45.39727    34.3508    34.3669     2.6009     2.6007    27.4022    27.4151    6.54928    6.71688         51 0.0000e+00
      10686    445.214     77.000     2.6055   3.082411     2.6058   3.083790      93.48     0.0272     2.9543     2.6536  1.9227390  0.9594230   48.54116  -45.39728    34.3554    34.3720     2.6011     2.6014    27.4058    27.4191    6.52587    6.71164         49 0.0000e+00
      10717    446.484     78.000     2.6091   3.083181     2.6090   3.084504      95.79     0.0260     2.9508     2.6531  1.9232510  0.9597082   48.54116  -45.39728    34.3605    34.3768     2.6046     2.6046    27.4096    27.4227    6.52921    6.71721         23 0.0000e+00
      10737    447.324     79.000     2.6095   3.083413     2.6094   3.084705      95.98     0.0255     2.9500     2.6525  1.9252408  0.9597070   48.54116  -45.39728    34.3623    34.3783     2.6050     2.6049    27.4110    27.4239    6.53230    6.71279         19 0.0000e+00
      10759    448.245     80.000     2.6093   3.083524     2.6091   3.084789      95.78     0.0303     2.9490     2.6516  1.9253772  0.9597070   48.54116  -45.39728    34.3633    34.3791     2.6047     2.6046    27.4119    27.4245    6.53049    6.70522         27 0.0000e+00
      10813    450.484     81.000     2.6112   3.084070     2.6108   3.085291      95.62     0.0328     2.9470     2.6489  1.9302943  0.9559607   48.54116  -45.39728    34.3675    34.3829     2.6066     2.6062    27.4150    27.4274    6.53200    6.70288         75 0.0000e+00
      10865    452.681     82.000     2.6166   3.084852     2.6159   3.086076      68.66     0.0280     2.9449     2.6484  1.9326589  0.9570546   48.54116  -45.39728    34.3707    34.3866     2.6120     2.6112    27.4171    27.4299    6.52001    6.70353         29 0.0000e+00
      10890    453.703     83.000     2.6269   3.086283     2.6258   3.087476      95.71     0.0187     2.9440     2.6471  1.9339613  0.9596450   48.54116  -45.39728    34.3768    34.3926     2.6221     2.6211    27.4212    27.4339    6.51412    6.67832         25 0.0000e+00
      10918    454.864     84.000     2.6410   3.088038     2.6399   3.089232      95.63     0.0194     2.9422     2.6441  1.9346633  0.9577936   48.54116  -45.39728    34.3827    34.3986     2.6362     2.6350    27.4246    27.4375    6.50668    6.67253         33 0.0000e+00
      10967    456.926     85.000     2.6448   3.088625     2.6451   3.089924      95.68     0.0227     2.9392     2.6412  1.9366578  0.9566988   48.54116  -45.39728    34.3853    34.4009     2.6399     2.6402    27.4264    27.4389    6.49691    6.66157         61 0.0000e+00
      11013    458.844     86.000     2.6359   3.087999     2.6361   3.089286      95.63     0.0259     2.9367     2.6381  1.9384876  0.9583720   48.54116  -45.39728    34.3865    34.4022     2.6310     2.6312    27.4282    27.4407    6.49033    6.66222         31 0.0000e+00
      11040    459.978     87.000     2.6336   3.087962     2.6335   3.089248      48.28     0.0244     2.9344     2.6360  1.9389495  0.9597055   48.54116  -45.39728    34.3881    34.4039     2.6286     2.6285    27.4296    27.4423    6.47309    6.64064         26 0.0000e+00
      11069    461.184     88.000     2.6318   3.088006     2.6318   3.089283      88.69     0.0190     2.9307     2.6332  1.9391675  0.9578937   48.54116  -45.39728    34.3899    34.4057     2.6268     2.6267    27.4312    27.4439    6.45870    6.63598         33 0.0000e+00
      11108    462.781     89.000     2.6342   3.088433     2.6340   3.089703      91.23     0.0199     2.9254     2.6296  1.9414045  0.9567334   48.54116  -45.39729    34.3920    34.4079     2.6291     2.6289    27.4327    27.4454    6.44385    6.63195         43 0.0000e+00
      11151    464.583     90.000     2.6321   3.088509     2.6322   3.089790      95.85     0.0185     2.9216     2.6276  1.9442563  0.9564547   48.54116  -45.39730    34.3947    34.4103     2.6269     2.6270    27.4350    27.4476    6.45774    6.63624         41 0.0000e+00
      11189    466.146     91.000     2.6304   3.088633     2.6304   3.089917      95.65     0.0219     2.9210     2.6256  1.9449872  0.9572651   48.54116  -45.39730    34.3975    34.4133     2.6251     2.6252    27.4375    27.4500    6.46252    6.61862         36 0.0000e+00
      11225    467.672     92.000     2.6300   3.088722     2.6299   3.090003      95.63     0.0164     2.9187     2.6226  1.9462808  0.9570331   48.54116  -45.39730    34.3985    34.4143     2.6247     2.6246    27.4383    27.4509    6.43881    6.60832         37 0.0000e+00
      11262    469.228     93.000     2.6298   3.088808     2.6295   3.090069      95.68     0.0133     2.9156     2.6192  1.9482145  0.9563655   48.54115  -45.39730    34.3992    34.4150     2.6245     2.6242    27.4388    27.4515    6.43686    6.60577         37 0.0000e+00
      11298    470.690     94.000     2.6373   3.089672     2.6361   3.090870      73.86     0.0223     2.9136     2.6178  1.9497036  0.9560387   48.54114  -45.39730    34.4012    34.4172     2.6319     2.6307    27.4398    27.4527    6.43376    6.60947         33 0.0000e+00
      11332    472.123     95.000     2.6649   3.092719     2.6626   3.093828      93.06     0.0196     2.9113     2.6165  1.9511778  0.9560440   48.54115  -45.39730    34.4085    34.4246     2.6594     2.6571    27.4433    27.4563    6.41963    6.59571         39 0.0000e+00
      11379    474.063     96.000     2.6803   3.094651     2.6796   3.095863      95.44     0.0185     2.9094     2.6145  1.9516677  0.9564798   48.54116  -45.39731    34.4152    34.4309     2.6747     2.6740    27.4473    27.4599    6.42709    6.59674         51 0.0000e+00
      11421    475.827     97.000     2.6869   3.095667     2.6864   3.096908      95.58     0.0198     2.9087     2.6140  1.9522821  0.9595832   48.54114  -45.39732    34.4201    34.4359     2.6812     2.6808    27.4506    27.4633    6.41859    6.59545         33 0.0000e+00
      11450    477.029     98.000     2.6901   3.096202     2.6898   3.097464      95.43     0.0223     2.9074     2.6132  1.9531857  0.9604662   48.54114  -45.39732    34.4228    34.4385     2.6844     2.6841    27.4525    27.4651    6.41480    6.59200         27 0.0000e+00
      11478    478.226     99.000     2.6910   3.096406     2.6909   3.097686      69.51     0.0221     2.9065     2.6130  1.9537097  0.9608418   48.54114  -45.39732    34.4236    34.4394     2.6853     2.6852    27.4531    27.4658    6.42120    6.60351         31 0.0000e+00
      11515    479.730    100.000     2.6933   3.096733     2.6929   3.097983      78.75     0.0185     2.9076     2.6150  1.9563783  0.9609259   48.54114  -45.39732    34.4247    34.4405     2.6874     2.6871    27.4538    27.4664    6.44495    6.63253         42 0.0000e+00
      11561    481.684    101.000     2.6966   3.097183     2.6964   3.098447      90.21     0.0194     2.9125     2.6198  1.9570926  0.9609280   48.54114  -45.39732    34.4260    34.4419     2.6908     2.6905    27.4545    27.4672    6.47183    6.65015         50 0.0000e+00
      11605    483.486    102.000     2.6975   3.097361     2.6974   3.098639      95.66     0.0228     2.9165     2.6231  1.9593112  0.9614282   48.54114  -45.39732    34.4267    34.4425     2.6916     2.6915    27.4550    27.4677    6.47342    6.64322         33 0.0000e+00
      11631    484.586    103.000     2.6994   3.097691     2.6993   3.098994      95.31     0.0208     2.9182     2.6240  1.9596015  0.9614589   48.54114  -45.39732    34.4281    34.4443     2.6935     2.6936    27.4559    27.4689    6.48495    6.64322         23 0.0000e+00
      11655    485.568    104.000     2.7248   3.100686     2.7236   3.101904      95.44     0.0182     2.9211     2.6243  1.9596092  0.9614651   48.54114  -45.39732    34.4366    34.4535     2.7193     2.7175    27.4605    27.4742    6.49323    6.64134         25 0.0000e+00
      11684    486.805    105.000     2.7460   3.103145     2.7457   3.104400      95.29     0.0152     2.9238     2.6261  1.9589535  0.9614704   48.54114  -45.39732    34.4440    34.4599     2.7399     2.7395    27.4646    27.4773    6.48698    6.65475         36 0.0000e+00
      11732    488.794    106.000     2.7497   3.103687     2.7492   3.104918      84.25     0.0203     2.9263     2.6287  1.9589324  0.9633311   48.54114  -45.39734    34.4462    34.4619     2.7435     2.7430    27.4660    27.4786    6.48347    6.65328         52 0.0000e+00
      11769    490.337    107.000     2.7565   3.104545     2.7557   3.105760      82.55     0.0174     2.9266     2.6298  1.9593849  0.9658510   48.54114  -45.39734    34.4489    34.4647     2.7502     2.7494    27.4676    27.4803    6.47271    6.65572         26 0.0000e+00
      11791    491.268    108.000     2.7805   3.107358     2.7767   3.108383      95.63     0.0189     2.9267     2.6304  1.9593858  0.9670564   48.54114  -45.39734    34.4571    34.4737     2.7742     2.7704    27.4720    27.4857    6.47121    6.65558         19 0.0000e+00
      11809    492.015    109.000     2.7986   3.109446     2.7979   3.110686      95.45     0.0195     2.9267     2.6313  1.9594935  0.9670330   48.54114  -45.39734    34.4627    34.4787     2.7922     2.7915    27.4749    27.4878    6.48216    6.66745         17 0.0000e+00
      11827    492.739    110.000     2.8212   3.111994     2.8190   3.113145      95.32     0.0207     2.9281     2.6331  1.9589437  0.9674764   48.54113  -45.39734    34.4691    34.4857     2.8147     2.8124    27.4781    27.4915    6.49340    6.68225         19 0.0000e+00
      11847    493.580    111.000     2.8357   3.113565     2.8350   3.114797      95.48     0.0203     2.9303     2.6359  1.9584986  0.9682324   48.54112  -45.39734    34.4724    34.4882     2.8291     2.8284    27.4794    27.4921    6.49621    6.69234         22 0.0000e+00
      11873    494.669    112.000     2.8415   3.114253     2.8410   3.115492      95.32     0.0217     2.9324     2.6387  1.9575741  0.9697738   48.54112  -45.39734    34.4740    34.4897     2.8349     2.8344    27.4801    27.4927    6.50955    6.69519         31 0.0000e+00
      11906    496.062    113.000     2.8466   3.114839     2.8462   3.116083      95.43     0.0211     2.9363     2.6424  1.9560589  0.9719110   48.54112  -45.39734    34.4751    34.4908     2.8399     2.8395    27.4806    27.4931    6.51745    6.69465         33 0.0000e+00
      11935    497.245    114.000     2.8509   3.115388     2.8505   3.116631      40.47     0.0251     2.9386     2.6434  1.9571375  0.9756402   48.54112  -45.39734    34.4767    34.4924     2.8441     2.8437    27.4815    27.4941    6.51993    6.68928         23 0.0000e+00
      11956    498.135    115.000     2.8580   3.116243     2.8566   3.117410      81.54     0.0232     2.9408     2.6449  1.9567966  0.9762267   48.54112  -45.39734    34.4790    34.4952     2.8511     2.8498    27.4827    27.4958    6.52668    6.70177         21 0.0000e+00
      11977    499.002    116.000     2.9067   3.121526     2.8980   3.122149      95.00     0.0263     2.9422     2.6462  1.9550810  0.9765716   48.54112  -45.39734    34.4909    34.5078     2.8997     2.8911    27.4879    27.5021    6.50913    6.68520         22 0.0000e+00
      12000    499.973    117.000     2.9787   3.129306     2.9739   3.130222      89.60     0.0226     2.9427     2.6459  1.9543064  0.9767949   48.54112  -45.39734    34.5083    34.5246     2.9716     2.9668    27.4953    27.5087    6.48347    6.65056         25 0.0000e+00
