data/CTD/2013/CNV/D021A014.CNV
* Sea-Bird SBE 9 Data File:
* FileName = C:\CTD_ACQUISITION\2013021HUD\ctddata\021A014.hdr
* Software Version Seasave V 7.22.2
* Temperature SN = 5081
* Conductivity SN = 3561
* Number of Bytes Per Scan = 37
* Number of Voltage Words = 4
* Number of Scans Averaged by the Deck Unit = 1
* NMEA Latitude = 46 59.97 N
* NMEA Longitude = 047 04.95 W
* NMEA UTC (Time) = Jul 01 2013 22:38:05
* NMEA baud rate = 9600
** Ship: Hudson
** Cruise: HUD2013021
** Chief_Scientist: Greenan
** Organization: BIO
** Area_of_Operation: Sackville Spur
** Station: 14
** Sounding:  1105
** Event_Comments: FC16.5  393115
# nquan = 25
# nvalues = 1090                        
# units = specified
# name 0 = scan: Scan Count
# name 1 = timeS: Time, Elapsed [seconds]
# name 2 = prDM: Pressure, Digiquartz [db]
# name 3 = t068C: Temperature [ITS-68, deg C]
# name 4 = c0S/m: Conductivity [S/m]
# name 5 = t168C: Temperature, 2 [ITS-68, deg C]
# name 6 = c1S/m: Conductivity, 2 [S/m]
# name 7 = altM: Altimeter [m]
# name 8 = flCUVA: Fluorescence, Chelsea UV Aquatracka [ug/l]
# name 9 = sbeox0V: Oxygen raw, SBE 43 [V]
# name 10 = sbeox1V: Oxygen raw, SBE 43, 2 [V]
# name 11 = upoly0: Upoly 0, Optode 4330F - O2 D-Phase
# name 12 = upoly1: Upoly 1, Optode 4330F - O2 Temp
# name 13 = latitude: Latitude [deg]
# name 14 = longitude: Longitude [deg]
# name 15 = sal00: Salinity, Practical [PSU]
# name 16 = sal11: Salinity, Practical, 2 [PSU]
# name 17 = potemp068C: Potential Temperature [ITS-68, deg C]
# name 18 = potemp168C: Potential Temperature, 2 [ITS-68, deg C]
# name 19 = sigma-é00: Density [sigma-theta, Kg/m^3]
# name 20 = sigma-é11: Density, 2 [sigma-theta, Kg/m^3]
# name 21 = sbeox0ML/L: Oxygen, SBE 43 [ml/l], WS = 2
# name 22 = sbeox1ML/L: Oxygen, SBE 43, 2 [ml/l], WS = 2
# name 23 = nbin: number of scans per bin
# name 24 = flag: flag
# span 0 =       9652,      39005       
# span 1 =    402.116,   1625.163       
# span 2 =      1.000,   1090.000       
# span 3 =    -0.0285,     6.7191       
# span 4 =   2.774192,   3.286011       
# span 5 =    -0.0287,     6.7193       
# span 6 =   2.775429,   3.287277       
# span 7 =       1.90,      99.91       
# span 8 =     0.0057,     0.2066       
# span 9 =     2.5374,     3.3730       
# span 10 =     2.2844,     3.0116      
# span 11 =  1.7143066,  2.0292985      
# span 12 =  0.6337256,  1.4676158      
# span 13 =   46.99906,   46.99954      
# span 14 =  -47.08382,  -47.08291      
# span 15 =    32.4931,    34.9082      
# span 16 =    32.5078,    34.9239      
# span 17 =    -0.0306,     6.7184      
# span 18 =    -0.0309,     6.7185      
# span 19 =    25.4817,    27.7447      
# span 20 =    25.4933,    27.7573      
# span 21 =    5.91049,    7.88780      
# span 22 =    6.13137,    8.01617      
# span 23 =          4,        103      
# span 24 = 0.0000e+00, 0.0000e+00      
# interval = decibars: 1                
# start_time = Jul 01 2013 22:38:05 [NMEA time, header]
# bad_flag = -9.990e-29
*END*
[from data line 116]
      15128    630.307    117.000     1.3266   2.931612     1.3259   2.932729      58.02     0.0224     2.9176     2.6326  1.9682449  0.7701328   46.99924  -47.08296    33.8191    33.8340     1.3212     1.3206    27.0747    27.0868    6.74313    6.95165         21 0.0000e+00
      15151    631.249    118.000     1.3334   2.932521     1.3325   2.933654      82.01     0.0183     2.9163     2.6317  1.9682540  0.7728306   46.99924  -47.08296    33.8231    33.8381     1.3279     1.3271    27.0775    27.0896    6.72849    6.92811         24 0.0000e+00
      15178    632.371    119.000     1.3364   2.932914     1.3366   2.934146      95.66     0.0146     2.9140     2.6288  1.9688112  0.7742869   46.99924  -47.08296    33.8240    33.8394     1.3309     1.3312    27.0780    27.0903    6.70510    6.90425         30 0.0000e+00
      15208    633.637    120.000     1.3488   2.934238     1.3486   2.935415      92.95     0.0189     2.9100     2.6246  1.9707469  0.7791262   46.99924  -47.08297    33.8268    33.8421     1.3433     1.3430    27.0794    27.0917    6.68316    6.88391         28 0.0000e+00
      15232    634.618    121.000     1.3583   2.935356     1.3578   2.936512      96.47     0.0194     2.9066     2.6220  1.9706960  0.7798033   46.99924  -47.08298    33.8303    33.8455     1.3527     1.3522    27.0816    27.0938    6.67449    6.87479         20 0.0000e+00
      15249    635.338    122.000     1.3664   2.936376     1.3656   2.937493      96.50     0.0164     2.9044     2.6191  1.9706960  0.7813701   46.99924  -47.08298    33.8339    33.8490     1.3607     1.3599    27.0839    27.0961    6.67109    6.86706         15 0.0000e+00
      15264    635.963    123.000     1.3911   2.939191     1.3896   2.940226      91.81     0.0186     2.9027     2.6177  1.9706960  0.7814415   46.99924  -47.08296    33.8425    33.8573     1.3853     1.3838    27.0892    27.1011    6.66390    6.86863         15 0.0000e+00
      15279    636.593    124.000     1.4120   2.941613     1.4113   2.942726      46.49     0.0224     2.9012     2.6164  1.9715958  0.7824906   46.99924  -47.08296    33.8502    33.8650     1.4062     1.4055    27.0939    27.1058    6.66079    6.86246         16 0.0000e+00
      15299    637.397    125.000     1.4597   2.947190     1.4586   2.948245      82.31     0.0236     2.8995     2.6147  1.9730632  0.7849283   46.99924  -47.08296    33.8690    33.8836     1.4538     1.4527    27.1057    27.1175    6.65339    6.85319         24 0.0000e+00
      15338    639.021    126.000     1.4819   2.949816     1.4816   2.950977      96.38     0.0218     2.8963     2.6118  1.9731380  0.7897432   46.99924  -47.08296    33.8778    33.8929     1.4760     1.4756    27.1111    27.1233    6.63589    6.83272         53 0.0000e+00
      15382    640.868    127.000     1.4868   2.950497     1.4864   2.951680      92.90     0.0211     2.8914     2.6065  1.9745337  0.7942328   46.99924  -47.08296    33.8806    33.8960     1.4808     1.4804    27.1131    27.1255    6.60610    6.80499         29 0.0000e+00
      15404    641.810    128.000     1.4931   2.951331     1.4925   2.952483      94.61     0.0197     2.8887     2.6038  1.9756868  0.7957945   46.99924  -47.08296    33.8839    33.8991     1.4870     1.4864    27.1153    27.1275    6.60029    6.79806         20 0.0000e+00
      15423    642.584    129.000     1.5173   2.954226     1.5157   2.955239      70.23     0.0205     2.8856     2.6015  1.9756480  0.7962418   46.99924  -47.08296    33.8939    33.9084     1.5111     1.5096    27.1216    27.1334    6.58446    6.78256         18 0.0000e+00
      15440    643.291    130.000     1.5383   2.956692     1.5375   2.957807      61.06     0.0234     2.8837     2.5991  1.9755800  0.7986045   46.99924  -47.08296    33.9019    33.9169     1.5321     1.5313    27.1265    27.1386    6.57225    6.77584         17 0.0000e+00
      15456    643.962    131.000     1.5457   2.957673     1.5450   2.958789      90.19     0.0222     2.8806     2.5977  1.9755800  0.7985366   46.99924  -47.08296    33.9057    33.9206     1.5395     1.5387    27.1291    27.1411    6.55658    6.76933         16 0.0000e+00
      15472    644.629    132.000     1.5577   2.959201     1.5566   2.960275      90.49     0.0238     2.8783     2.5951  1.9758775  0.8008408   46.99924  -47.08296    33.9116    33.9264     1.5513     1.5502    27.1330    27.1449    6.55765    6.75513         16 0.0000e+00
      15489    645.335    133.000     1.5827   2.962198     1.5814   2.963237      96.14     0.0209     2.8765     2.5931  1.9759842  0.8045372   46.99924  -47.08296    33.9221    33.9366     1.5762     1.5750    27.1396    27.1513    6.54469    6.73757         18 0.0000e+00
      15509    646.173    134.000     1.6034   2.964624     1.6024   2.965699      90.44     0.0181     2.8728     2.5894  1.9759021  0.8046398   46.99924  -47.08298    33.9299    33.9445     1.5969     1.5959    27.1444    27.1562    6.51609    6.70875         23 0.0000e+00
      15540    647.438    135.000     1.6285   2.967654     1.6271   2.968679      96.19     0.0190     2.8657     2.5828  1.9784566  0.8103030   46.99924  -47.08298    33.9406    33.9550     1.6219     1.6205    27.1511    27.1628    6.47384    6.67374         39 0.0000e+00
      15583    649.241    136.000     1.6537   2.970807     1.6517   2.971761      65.55     0.0186     2.8548     2.5734  1.9813017  0.8137069   46.99924  -47.08298    33.9527    33.9669     1.6470     1.6450    27.1590    27.1706    6.44034    6.64919         39 0.0000e+00
      15613    650.504    137.000     1.6770   2.973692     1.6756   2.974725      97.06     0.0194     2.8480     2.5684  1.9825128  0.8152981   46.99924  -47.08298    33.9634    33.9780     1.6703     1.6688    27.1660    27.1777    6.43383    6.64752         25 0.0000e+00
      15635    651.417    138.000     1.7058   2.977340     1.7036   2.978264      89.72     0.0208     2.8448     2.5657  1.9829062  0.8179557   46.99924  -47.08298    33.9778    33.9919     1.6990     1.6968    27.1754    27.1868    6.43001    6.64134         21 0.0000e+00
      15654    652.220    139.000     1.7290   2.980194     1.7274   2.981196      96.51     0.0186     2.8419     2.5636  1.9829060  0.8179353   46.99924  -47.08298    33.9883    34.0026     1.7221     1.7205    27.1821    27.1937    6.41290    6.62625         18 0.0000e+00
      15672    652.966    140.000     1.7491   2.982688     1.7479   2.983741      96.69     0.0235     2.8387     2.5609  1.9829060  0.8229984   46.99924  -47.08298    33.9975    34.0121     1.7421     1.7409    27.1880    27.1998    6.40272    6.61803         18 0.0000e+00
      15690    653.703    141.000     1.7559   2.983550     1.7554   2.984684      94.45     0.0235     2.8364     2.5595  1.9829060  0.8241687   46.99924  -47.08298    34.0004    34.0153     1.7489     1.7483    27.1899    27.2019    6.41000    6.62877         17 0.0000e+00
      15709    654.488    142.000     1.7674   2.985012     1.7666   2.986124      90.39     0.0241     2.8345     2.5584  1.9834620  0.8255966   46.99924  -47.08298    34.0059    34.0208     1.7603     1.7595    27.1934    27.2054    6.41507    6.63375         20 0.0000e+00
      15730    655.387    143.000     1.7766   2.986181     1.7762   2.987350      51.51     0.0205     2.8336     2.5576  1.9855809  0.8310901   46.99924  -47.08298    34.0102    34.0253     1.7694     1.7690    27.1962    27.2083    6.42107    6.62042         24 0.0000e+00
      15757    656.488    144.000     1.7822   2.986845     1.7815   2.987995      95.10     0.0221     2.8320     2.5548  1.9871340  0.8324797   46.99924  -47.08298    34.0120    34.0271     1.7749     1.7743    27.1972    27.2094    6.39235    6.59123         30 0.0000e+00
      15791    657.914    145.000     1.7976   2.988706     1.7966   2.989802      96.58     0.0226     2.8269     2.5496  1.9902264  0.8351600   46.99924  -47.08299    34.0181    34.0331     1.7903     1.7893    27.2010    27.2130    6.35809    6.55751         37 0.0000e+00
      15825    659.341    146.000     1.8093   2.990395     1.8082   2.991458      90.29     0.0239     2.8196     2.5430  1.9952025  0.8363857   46.99924  -47.08300    34.0263    34.0409     1.8019     1.8008    27.2066    27.2184    6.31592    6.52436         29 0.0000e+00
      15849    660.327    147.000     1.8246   2.992443     1.8235   2.993541      96.75     0.0257     2.8140     2.5382  1.9950553  0.8364484   46.99924  -47.08300    34.0350    34.0500     1.8171     1.8160    27.2125    27.2246    6.28515    6.50483         20 0.0000e+00
      15867    661.080    148.000     1.8416   2.994516     1.8400   2.995543      77.15     0.0272     2.8088     2.5345  1.9951158  0.8399619   46.99924  -47.08300    34.0422    34.0568     1.8341     1.8325    27.2170    27.2288    6.26897    6.48993         17 0.0000e+00
      15883    661.733    149.000     1.8575   2.996426     1.8570   2.997581      41.43     0.0277     2.8045     2.5310  1.9951160  0.8400471   46.99924  -47.08300    34.0485    34.0635     1.8499     1.8494    27.2209    27.2329    6.26089    6.47664         15 0.0000e+00
      15898    662.358    150.000     1.8611   2.996899     1.8608   2.998080      86.25     0.0238     2.8011     2.5278  1.9951952  0.8400488   46.99924  -47.08300    34.0500    34.0651     1.8535     1.8532    27.2218    27.2339    6.25570    6.47529         15 0.0000e+00
      15913    663.015    151.000     1.8657   2.997460     1.8653   2.998642      96.47     0.0215     2.7978     2.5255  1.9961538  0.8443252   46.99924  -47.08300    34.0515    34.0668     1.8580     1.8576    27.2226    27.2349    6.25376    6.47592         17 0.0000e+00
      15933    663.849    152.000     1.8837   2.999630     1.8822   3.000646      91.19     0.0212     2.7936     2.5224  1.9962329  0.8447650   46.99924  -47.08300    34.0588    34.0732     1.8760     1.8744    27.2271    27.2388    6.24763    6.46863         24 0.0000e+00
      15970    665.393    153.000     1.9102   3.002825     1.9084   3.003806      96.03     0.0208     2.7883     2.5174  2.0009456  0.8489031   46.99924  -47.08301    34.0698    34.0841     1.9024     1.9005    27.2339    27.2456    6.23763    6.45128         49 0.0000e+00
      16011    667.090    154.000     1.9268   3.004941     1.9257   3.006014      80.43     0.0211     2.7828     2.5120  2.0043223  0.8516271   46.99924  -47.08302    34.0779    34.0926     1.9189     1.9177    27.2392    27.2511    6.22042    6.43212         28 0.0000e+00
      16034    668.046    155.000     1.9379   3.006340     1.9373   3.007480      54.54     0.0208     2.7789     2.5090  2.0051210  0.8519703   46.99924  -47.08302    34.0830    34.0979     1.9299     1.9293    27.2424    27.2544    6.20723    6.42118         21 0.0000e+00
      16054    668.878    156.000     1.9486   3.007735     1.9477   3.008826      95.93     0.0237     2.7765     2.5065  2.0083542  0.8538657   46.99924  -47.08302    34.0883    34.1031     1.9406     1.9396    27.2459    27.2578    6.20437    6.41931         20 0.0000e+00
      16074    669.717    157.000     1.9605   3.009285     1.9597   3.010394      93.05     0.0234     2.7740     2.5047  2.0097487  0.8548098   46.99924  -47.08302    34.0944    34.1092     1.9523     1.9515    27.2498    27.2618    6.19716    6.41587         20 0.0000e+00
      16096    670.621    158.000     1.9767   3.011405     1.9750   3.012407      91.34     0.0231     2.7714     2.5024  2.0107198  0.8566574   46.99924  -47.08302    34.1030    34.1174     1.9685     1.9668    27.2555    27.2671    6.19063    6.41375         23 0.0000e+00
      16118    671.539    159.000     1.9904   3.013101     1.9894   3.014199      97.00     0.0220     2.7697     2.5015  2.0122058  0.8595762   46.99924  -47.08302    34.1089    34.1237     1.9821     1.9811    27.2592    27.2711    6.19905    6.41545         21 0.0000e+00
      16139    672.415    160.000     1.9976   3.014026     1.9974   3.015214      96.83     0.0212     2.7685     2.5000  2.0129063  0.8601071   46.99924  -47.08302    34.1122    34.1273     1.9892     1.9890    27.2612    27.2734    6.19282    6.40265         21 0.0000e+00
      16160    673.274    161.000     2.0039   3.014868     2.0031   3.015992      86.95     0.0215     2.7670     2.4984  2.0157552  0.8631836   46.99924  -47.08302    34.1154    34.1303     1.9955     1.9947    27.2633    27.2753    6.18631    6.39586         21 0.0000e+00
      16182    674.215    162.000     2.0110   3.015802     2.0106   3.016974      96.53     0.0224     2.7656     2.4967  2.0159650  0.8633891   46.99924  -47.08302    34.1188    34.1340     2.0025     2.0021    27.2655    27.2777    6.19247    6.40386         25 0.0000e+00
      16211    675.406    163.000     2.0183   3.016769     2.0177   3.017909      96.99     0.0233     2.7665     2.4974  2.0208306  0.8668789   46.99924  -47.08302    34.1225    34.1375     2.0098     2.0091    27.2679    27.2799    6.23768    6.45212         31 0.0000e+00
      16242    676.699    164.000     2.0234   3.017466     2.0230   3.018643      96.63     0.0273     2.7717     2.5031  2.0211427  0.8680336   46.99923  -47.08303    34.1251    34.1404     2.0148     2.0144    27.2696    27.2819    6.29621    6.51225         29 0.0000e+00
      16268    677.796    165.000     2.0276   3.018028     2.0275   3.019260      91.16     0.0252     2.7798     2.5095  2.0219812  0.8693578   46.99923  -47.08304    34.1272    34.1426     2.0189     2.0188    27.2709    27.2833    6.33563    6.52814         25 0.0000e+00
      16292    678.776    166.000     2.0309   3.018489     2.0303   3.019668      93.50     0.0247     2.7863     2.5139  2.0233893  0.8700324   46.99924  -47.08304    34.1287    34.1441     2.0222     2.0216    27.2719    27.2843    6.33085    6.52083         23 0.0000e+00
      16314    679.729    167.000     2.0329   3.018854     2.0329   3.020083      96.89     0.0213     2.7903     2.5166  2.0244200  0.8706294   46.99924  -47.08304    34.1306    34.1460     2.0241     2.0241    27.2733    27.2856    6.32968    6.52162         22 0.0000e+00
      16336    680.644    168.000     2.0245   3.018292     2.0251   3.019586      94.31     0.0230     2.7942     2.5199  2.0259635  0.8715819   46.99924  -47.08304    34.1321    34.1476     2.0157     2.0163    27.2751    27.2875    6.34413    6.53828         21 0.0000e+00
      16356    681.445    169.000     2.0238   3.018433     2.0231   3.019591      86.90     0.0205     2.7981     2.5222  2.0281029  0.8730292   46.99924  -47.08304    34.1340    34.1492     2.0149     2.0142    27.2767    27.2890    6.35208    6.54232         18 0.0000e+00
      16373    682.166    170.000     2.0317   3.019480     2.0305   3.020576      96.69     0.0199     2.8001     2.5245  2.0280831  0.8730159   46.99924  -47.08304    34.1381    34.1530     2.0227     2.0216    27.2794    27.2914    6.36170    6.54912         17 0.0000e+00
      16390    682.885    171.000     2.0401   3.020641     2.0391   3.021741      96.91     0.0183     2.8044     2.5264  2.0290182  0.8730159   46.99924  -47.08304    34.1430    34.1578     2.0311     2.0301    27.2826    27.2946    6.37676    6.55235         18 0.0000e+00
      16411    683.733    172.000     2.0513   3.022074     2.0507   3.023252      91.80     0.0194     2.8078     2.5288  2.0292985  0.8730159   46.99923  -47.08304    34.1483    34.1636     2.0422     2.0416    27.2860    27.2984    6.36686    6.54837         23 0.0000e+00
      16437    684.844    173.000     2.0595   3.023138     2.0583   3.024216      76.52     0.0225     2.8098     2.5303  2.0277722  0.8737435   46.99922  -47.08304    34.1522    34.1669     2.0503     2.0491    27.2885    27.3004    6.34766    6.53866         31 0.0000e+00
