data/CTD/2013/CNV/D021A032.CNV
* Sea-Bird SBE 9 Data File:
* FileName = C:\CTD_ACQUISITION\2013021HUD\ctddata\021A032.hdr
* Software Version Seasave V 7.22.2
* Temperature SN = 5081
* Conductivity SN = 3561
* Number of Bytes Per Scan = 37
* Number of Voltage Words = 4
* Number of Scans Averaged by the Deck Unit = 1
* NMEA Latitude = 48 09.81 N
* NMEA Longitude = 046 24.25 W
* NMEA UTC (Time) = Jul 03 2013 07:29:28
* NMEA baud rate = 9600
** Ship: Hudson
** Cruise: HUD2013021
** Chief_Scientist: Greenan
** Organization: BIO
** Area_of_Operation: Sackville Spur
** Station: 32
** Sounding:  1141
** Event_Comments: SS14  393149
# nquan = 25
# nvalues = 1126                        
# units = specified
# name 0 = scan: Scan Count
# name 1 = timeS: Time, Elapsed [seconds]
# name 2 = prDM: Pressure, Digiquartz [db]
# name 3 = t068C: Temperature [ITS-68, deg C]
# name 4 = c0S/m: Conductivity [S/m]
# name 5 = t168C: Temperature, 2 [ITS-68, deg C]
# name 6 = c1S/m: Conductivity, 2 [S/m]
# name 7 = altM: Altimeter [m]
# name 8 = flCUVA: Fluorescence, Chelsea UV Aquatracka [ug/l]
# name 9 = sbeox0V: Oxygen raw, SBE 43 [V]
# name 10 = sbeox1V: Oxygen raw, SBE 43, 2 [V]
# name 11 = upoly0: Upoly 0, Optode 4330F - O2 D-Phase
# name 12 = upoly1: Upoly 1, Optode 4330F - O2 Temp
# name 13 = latitude: Latitude [deg]
# name 14 = longitude: Longitude [deg]
# name 15 = sal00: Salinity, Practical [PSU]
# name 16 = sal11: Salinity, Practical, 2 [PSU]
# name 17 = potemp068C: Potential Temperature [ITS-68, deg C]
# name 18 = potemp168C: Potential Temperature, 2 [ITS-68, deg C]
# name 19 = sigma-é00: Density [sigma-theta, Kg/m^3]
# name 20 = sigma-é11: Density, 2 [sigma-theta, Kg/m^3]
# name 21 = sbeox0ML/L: Oxygen, SBE 43 [ml/l], WS = 2
# name 22 = sbeox1ML/L: Oxygen, SBE 43, 2 [ml/l], WS = 2
# name 23 = nbin: number of scans per bin
# name 24 = flag: flag
# span 0 =      13706,      41570       
# span 1 =    571.062,   1732.046       
# span 2 =      2.000,   1127.000       
# span 3 =     0.9609,     6.3192       
# span 4 =   2.874330,   3.296164       
# span 5 =     0.9660,     6.3184       
# span 6 =   2.876247,   3.297468       
# span 7 =     -14.88,      99.57       
# span 8 =     0.0086,     0.6981       
# span 9 =     2.5322,     3.4375       
# span 10 =     2.2776,     3.0438      
# span 11 =  1.7245810,  2.0235426      
# span 12 =  0.7946198,  1.4162405      
# span 13 =   48.16306,   48.16420      
# span 14 =  -46.40807,  -46.40534      
# span 15 =    33.0537,    34.9114      
# span 16 =    33.0700,    34.9278      
# span 17 =     0.9590,     6.3168      
# span 18 =     0.9642,     6.3163      
# span 19 =    25.9912,    27.7494      
# span 20 =    26.0031,    27.7626      
# span 21 =    5.92164,    8.14828      
# span 22 =    6.13638,    8.32304      
# span 23 =          9,         98      
# span 24 = 0.0000e+00, 0.0000e+00      
# interval = decibars: 1                
# start_time = Jul 03 2013 07:29:28 [NMEA time, header]
# bad_flag = -9.990e-29
*END*
[from data line 58]
      17070    711.210     60.000     1.3938   2.934897     1.3968   2.936569      47.69     0.1702     3.0753     2.7626  1.8564605  0.8354800   48.16418  -46.40550    33.8211    33.8392     1.3911     1.3941    27.0716    27.0859    7.08730    7.26909         36 0.0000e+00
      17103    712.568     61.000     1.3474   2.931340     1.3470   2.932676      86.47     0.1461     3.0699     2.7597  1.8684272  0.8195543   48.16418  -46.40550    33.8254    33.8429     1.3446     1.3442    27.0782    27.0923    7.11588    7.30501         31 0.0000e+00
      17151    714.594     62.000     1.3522   2.932112     1.3553   2.933710      80.22     0.1210     3.0748     2.7663  1.8763760  0.8125480   48.16418  -46.40549    33.8295    33.8465     1.3494     1.3525    27.0812    27.0946    7.18991    7.37651         79 0.0000e+00
      17237    718.152     63.000     1.3604   2.933158     1.3644   2.934854      55.54     0.1169     3.0765     2.7691  1.8913572  0.8062768   48.16418  -46.40548    33.8333    33.8507     1.3576     1.3615    27.0836    27.0973    7.12206    7.31081         61 0.0000e+00
      17274    719.701     64.000     1.4198   2.939392     1.4153   2.940237      95.31     0.1219     3.0724     2.7699  1.8975723  0.8071333   48.16418  -46.40548    33.8480    33.8636     1.4169     1.4124    27.0913    27.1042    7.20755    7.44187         28 0.0000e+00
      17297    720.670     65.000     1.7248   2.968745     1.7090   2.968347      38.83     0.1143     3.0827     2.7800  1.9030573  0.8046805   48.16419  -46.40548    33.8906    33.9024     1.7216     1.7059    27.1037    27.1144    7.21072    7.41343         22 0.0000e+00
      17321    721.650     66.000     1.9032   2.986093     1.9039   2.987261      93.83     0.0997     3.0868     2.7837  1.9019899  0.8064020   48.16420  -46.40547    33.9168    33.9306     1.8998     1.9006    27.1115    27.1225    7.09612    7.28694         26 0.0000e+00
      17370    723.692     67.000     1.9845   2.994424     1.9636   2.993698      69.79     0.0876     3.0793     2.7761  1.9000270  0.8274046   48.16420  -46.40546    33.9326    33.9460     1.9819     1.9602    27.1179    27.1302    6.98840    7.18665         80 0.0000e+00
      17441    726.683     68.000     2.2718   3.022735     2.3320   3.031207      65.73     0.0863     3.0621     2.7603  1.8998231  0.8557134   48.16420  -46.40546    33.9783    34.0042     2.2681     2.3285    27.1316    27.1465    6.85477    7.03611         45 0.0000e+00
      17475    728.078     69.000     2.5403   3.050361     2.5443   3.051852      95.87     0.0885     3.0520     2.7496  1.8920661  0.8658074   48.16420  -46.40546    34.0340    34.0481     2.5365     2.5405    27.1544    27.1653    6.76956    6.93915         31 0.0000e+00
      17516    729.773     70.000     2.4637   3.044079     2.4635   3.045319      74.66     0.0778     3.0393     2.7366  1.8916624  0.8929675   48.16420  -46.40545    34.0375    34.0531     2.4598     2.4596    27.1636    27.1761    6.74914    6.93407         58 0.0000e+00
      17578    732.388     71.000     2.3726   3.036678     2.3873   3.038889      64.64     0.0714     3.0245     2.7243  1.8955346  0.9203500   48.16420  -46.40542    34.0425    34.0542     2.3687     2.3834    27.1752    27.1833    6.78414    6.98099         45 0.0000e+00
      17606    733.559     72.000     2.2810   3.032005     2.2812   3.033313      96.36     0.0720     3.0243     2.7242  1.8961794  0.9156833   48.16420  -46.40542    34.0819    34.0980     2.2772     2.2773    27.2142    27.2270    6.82040    7.00091         25 0.0000e+00
      17632    734.625     73.000     2.2430   3.029721     2.2445   3.031096      75.36     0.0697     3.0233     2.7232  1.9020931  0.9112074   48.16420  -46.40542    34.0937    34.1092     2.2391     2.2406    27.2267    27.2390    6.81805    7.00413         29 0.0000e+00
      17685    736.830     74.000     2.2367   3.029966     2.2428   3.031486      72.15     0.0593     3.0195     2.7197  1.9066352  0.9036241   48.16420  -46.40542    34.1032    34.1153     2.2325     2.2389    27.2348    27.2440    6.80042    6.98926         78 0.0000e+00
      17744    739.286     75.000     2.3216   3.038856     2.3370   3.042103      71.22     0.0508     3.0158     2.7168  1.9098387  0.8989881   48.16420  -46.40542    34.1219    34.1457     2.3175     2.3330    27.2429    27.2606    6.77209    6.96328         31 0.0000e+00
      17769    740.336     76.000     2.3628   3.043418     2.3524   3.043687      95.49     0.0517     3.0119     2.7131  1.9120041  0.9020401   48.16420  -46.40541    34.1338    34.1482     2.3586     2.3483    27.2490    27.2614    6.71545    6.90206         26 0.0000e+00
      17811    742.099     77.000     2.3674   3.043976     2.3638   3.044895      64.56     0.0512     3.0022     2.7023  1.9134871  0.9071559   48.16419  -46.40540    34.1353    34.1505     2.3632     2.3596    27.2498    27.2623    6.68778    6.86071         72 0.0000e+00
      17889    745.313     78.000     2.3602   3.043281     2.3634   3.044903      64.90     0.0594     2.9903     2.6895  1.9166377  0.9129305   48.16418  -46.40540    34.1337    34.1505     2.3560     2.3591    27.2492    27.2623    6.71664    6.89251         44 0.0000e+00
      17909    746.161     79.000     2.3906   3.047592     2.3882   3.048370      96.61     0.0615     2.9922     2.6912  1.9169289  0.9128144   48.16418  -46.40540    34.1541    34.1663     2.3863     2.3839    27.2630    27.2730    6.72288    6.89526         19 0.0000e+00
      17927    746.901     80.000     2.2454   3.036140     2.2512   3.037594      88.62     0.0546     2.9924     2.6913  1.9169724  0.9130392   48.16419  -46.40540    34.1671    34.1790     2.2411     2.2469    27.2852    27.2943    6.75154    6.91233         18 0.0000e+00
      17945    747.666     81.000     2.1721   3.030464     2.1757   3.031969      33.53     0.0507     2.9928     2.6902  1.9187527  0.9138356   48.16420  -46.40540    34.1746    34.1895     2.1678     2.1714    27.2972    27.3088    6.74855    6.90200         20 0.0000e+00
      17996    749.802     82.000     2.1680   3.030375     2.1665   3.031614      96.49     0.0511     2.9856     2.6829  1.9259142  0.9150017   48.16420  -46.40540    34.1774    34.1944     2.1636     2.1622    27.2997    27.3134    6.71188    6.87212         36 0.0000e+00
      18114    754.690     83.000     2.2632   3.037280     2.2095   3.034353      95.92     0.0544     2.9676     2.6663  1.9318602  0.9068930   48.16418  -46.40538    34.1604    34.1817     2.2588     2.2050    27.2785    27.2999    6.65285    6.85477         15 0.0000e+00
      18124    755.115     84.000     2.1324   3.028737     2.1255   3.029415      95.89     0.0503     2.9674     2.6670  1.9316239  0.9072039   48.16418  -46.40538    34.1941    34.2100     2.1280     2.1211    27.3159    27.3292    6.68212    6.86894         14 0.0000e+00
      18137    755.675     85.000     2.1066   3.027837     2.1070   3.029171      95.96     0.0465     2.9668     2.6669  1.9323921  0.9060090   48.16418  -46.40538    34.2101    34.2263     2.1021     2.1026    27.3308    27.3437    6.68735    6.87191         14 0.0000e+00
      18152    756.286     86.000     2.0974   3.027287     2.0982   3.028668      42.55     0.0418     2.9660     2.6670  1.9364095  0.8976475   48.16418  -46.40538    34.2126    34.2290     2.0929     2.0937    27.3335    27.3466    6.71390    6.89399         16 0.0000e+00
      18195    758.076     87.000     2.0990   3.027672     2.0967   3.028845      64.87     0.0369     2.9719     2.6727  1.9377568  0.8966560   48.16418  -46.40538    34.2148    34.2322     2.0944     2.0921    27.3354    27.3493    6.76648    6.94921         35 0.0000e+00
      18314    763.028     88.000     2.1349   3.030025     2.1273   3.030793      59.68     0.0365     2.9843     2.6863  1.9438946  0.8948541   48.16418  -46.40538    34.2052    34.2230     2.1303     2.1226    27.3246    27.3395    6.76240    6.93899         20 0.0000e+00
      18332    763.806     89.000     2.3065   3.050043     2.2821   3.049749      94.83     0.0357     2.9848     2.6863  1.9448032  0.8928726   48.16418  -46.40538    34.2691    34.2911     2.3016     2.2776    27.3619    27.3814    6.71787    6.90019         20 0.0000e+00
      18358    764.863     90.000     2.4356   3.063604     2.4319   3.064573      69.14     0.0334     2.9849     2.6859  1.9461795  0.8902906   48.16417  -46.40538    34.2980    34.3140     2.4306     2.4270    27.3744    27.3875    6.69049    6.86432         34 0.0000e+00
      18415    767.233     91.000     2.4764   3.068033     2.4760   3.069283      87.27     0.0307     2.9839     2.6855  1.9388340  0.9105863   48.16416  -46.40538    34.3085    34.3244     2.4713     2.4709    27.3794    27.3921    6.67438    6.86837         63 0.0000e+00
      18457    768.983     92.000     2.5026   3.071085     2.5028   3.072429      57.94     0.0343     2.9836     2.6860  1.9389564  0.9193211   48.16416  -46.40538    34.3175    34.3339     2.4975     2.4977    27.3844    27.3975    6.67432    6.85615         35 0.0000e+00
      18495    770.566     93.000     2.5137   3.072500     2.5135   3.073763      86.00     0.0311     2.9832     2.6849  1.9374205  0.9226869   48.16416  -46.40538    34.3225    34.3383     2.5085     2.5083    27.3875    27.4001    6.67013    6.84918         40 0.0000e+00
      18531    772.089     94.000     2.5193   3.073170     2.5178   3.074287      43.54     0.0279     2.9829     2.6849  1.9368800  0.9268901   48.16416  -46.40538    34.3242    34.3397     2.5140     2.5125    27.3884    27.4009    6.66636    6.85189         32 0.0000e+00
      18562    773.355     95.000     2.5224   3.073543     2.5221   3.074811      93.61     0.0252     2.9823     2.6838  1.9366665  0.9292516   48.16416  -46.40538    34.3250    34.3410     2.5170     2.5167    27.3887    27.4015    6.66684    6.84100         33 0.0000e+00
      18640    776.643     96.000     2.5225   3.073586     2.5189   3.074494      40.13     0.0264     2.9803     2.6805  1.9367636  0.9312557   48.16416  -46.40538    34.3248    34.3400     2.5171     2.5134    27.3886    27.4010    6.65765    6.82575         60 0.0000e+00
      18692    778.780     97.000     2.5409   3.075728     2.5364   3.076584      97.05     0.0216     2.9792     2.6777  1.9365028  0.9312392   48.16416  -46.40538    34.3310    34.3464     2.5354     2.5309    27.3920    27.4047    6.65709    6.81958         22 0.0000e+00
      18710    779.543     98.000     2.5400   3.075796     2.5397   3.077076      61.19     0.0243     2.9792     2.6769  1.9365079  0.9306893   48.16416  -46.40538    34.3323    34.3483     2.5344     2.5342    27.3931    27.4060    6.65273    6.82485         17 0.0000e+00
      18728    780.287     99.000     2.5378   3.075742     2.5381   3.077080      11.44     0.0238     2.9782     2.6771  1.9365079  0.9327029   48.16416  -46.40540    34.3334    34.3495     2.5322     2.5325    27.3941    27.4070    6.64751    6.83724         19 0.0000e+00
      18750    781.219    100.000     2.5354   3.075643     2.5354   3.076941      75.27     0.0286     2.9774     2.6778  1.9365079  0.9328381   48.16416  -46.40540    34.3342    34.3502     2.5297     2.5297    27.3950    27.4078    6.64955    6.84017         28 0.0000e+00
      18823    784.264    101.000     2.5352   3.075664     2.5335   3.076725      63.96     0.0278     2.9757     2.6764  1.9366264  0.9364487   48.16415  -46.40541    34.3341    34.3490     2.5294     2.5279    27.3950    27.4070    6.64336    6.81958         98 0.0000e+00
      18918    788.224    102.000     2.5344   3.075603     2.5315   3.076514      98.37     0.0368     2.9702     2.6706  1.9365864  0.9372388   48.16415  -46.40541    34.3337    34.3479     2.5286     2.5257    27.3947    27.4063    6.61210    6.78748         30 0.0000e+00
      18937    789.013    103.000     2.5370   3.076241     2.5368   3.077523      74.13     0.0346     2.9678     2.6687  1.9365069  0.9376706   48.16416  -46.40540    34.3381    34.3541     2.5312     2.5310    27.3980    27.4108    6.60148    6.78578         19 0.0000e+00
      18956    789.789    104.000     2.5374   3.076467     2.5373   3.077757      37.11     0.0290     2.9659     2.6678  1.9365079  0.9377287   48.16415  -46.40540    34.3399    34.3560     2.5315     2.5314    27.3994    27.4123    6.60325    6.78994         19 0.0000e+00
      18977    790.668    105.000     2.5375   3.076691     2.5374   3.077983      62.01     0.0310     2.9645     2.6666  1.9365079  0.9377289   48.16414  -46.40541    34.3420    34.3581     2.5316     2.5314    27.4011    27.4140    6.59898    6.78490         25 0.0000e+00
      19008    791.940    106.000     2.5379   3.076974     2.5377   3.078260      66.31     0.0294     2.9611     2.6646  1.9378142  0.9383821   48.16414  -46.40542    34.3446    34.3607     2.5318     2.5317    27.4031    27.4160    6.58873    6.77433         35 0.0000e+00
      19047    793.591    107.000     2.5410   3.077712     2.5407   3.078969      84.34     0.0273     2.9577     2.6614  1.9388978  0.9389524   48.16414  -46.40542    34.3498    34.3659     2.5349     2.5346    27.4071    27.4199    6.58003    6.76048         43 0.0000e+00
      19100    795.806    108.000     2.5411   3.078022     2.5393   3.079166      71.21     0.0255     2.9527     2.6549  1.9388723  0.9395156   48.16414  -46.40543    34.3529    34.3690     2.5350     2.5331    27.4095    27.4226    6.55743    6.71888         63 0.0000e+00
      19150    797.891    109.000     2.5369   3.077971     2.5371   3.079256      78.19     0.0238     2.9448     2.6468  1.9389538  0.9402036   48.16414  -46.40543    34.3562    34.3719     2.5307     2.5309    27.4125    27.4251    6.52817    6.70579         33 0.0000e+00
      19175    798.908    110.000     2.5371   3.078269     2.5367   3.079551      44.24     0.0273     2.9421     2.6441  1.9389499  0.9401709   48.16414  -46.40544    34.3591    34.3754     2.5308     2.5304    27.4149    27.4279    6.53395    6.70158         19 0.0000e+00
      19192    799.624    111.000     2.5397   3.078784     2.5389   3.079996      97.44     0.0261     2.9399     2.6422  1.9389499  0.9401709   48.16414  -46.40544    34.3621    34.3780     2.5334     2.5326    27.4170    27.4298    6.53583    6.70062         16 0.0000e+00
      19206    800.226    112.000     2.5418   3.079122     2.5414   3.080398      96.22     0.0267     2.9400     2.6410  1.9390366  0.9401709   48.16414  -46.40544    34.3635    34.3797     2.5354     2.5350    27.4180    27.4309    6.53848    6.70283         14 0.0000e+00
      19220    800.791    113.000     2.5437   3.079411     2.5433   3.080690      96.03     0.0263     2.9385     2.6401  1.9390439  0.9401709   48.16414  -46.40544    34.3645    34.3807     2.5373     2.5368    27.4186    27.4316    6.52640    6.70826         13 0.0000e+00
      19234    801.363    114.000     2.5431   3.079541     2.5431   3.080842      26.07     0.0284     2.9363     2.6395  1.9391255  0.9401709   48.16414  -46.40544    34.3661    34.3823     2.5367     2.5366    27.4199    27.4329    6.52759    6.71774         14 0.0000e+00
      19249    801.987    115.000     2.5400   3.079653     2.5399   3.080943      59.51     0.0322     2.9363     2.6395  1.9418402  0.9401709   48.16414  -46.40544    34.3703    34.3864     2.5335     2.5334    27.4236    27.4364    6.54251    6.72528         17 0.0000e+00
      19268    802.808    116.000     2.5432   3.080420     2.5427   3.081712      94.33     0.0273     2.9356     2.6396  1.9432478  0.9401709   48.16414  -46.40545    34.3758    34.3923     2.5366     2.5361    27.4277    27.4409    6.54079    6.72263         24 0.0000e+00
