data/CTD/2013/CNV/D021A057.CNV
* Sea-Bird SBE 9 Data File:
* FileName = C:\CTD_ACQUISITION\2013021HUD\ctddata\021A057.hdr
* Software Version Seasave V 7.22.2
* Temperature SN = 5081
* Conductivity SN = 3561
* Number of Bytes Per Scan = 37
* Number of Voltage Words = 4
* Number of Scans Averaged by the Deck Unit = 1
* NMEA Latitude = 48 32.47 N
* NMEA Longitude = 045 23.87 W
* NMEA UTC (Time) = Jul 05 2013 10:27:43
* NMEA baud rate = 9600
** Ship: Hudson
** Cruise: HUD2013021
** Chief_Scientist: Greenan
** Organization: BIO
** Area_of_Operation: Sackville Spur
** Station: 57
** Sounding:  858
** Event_Comments: SS20  393223
# nquan = 25
# nvalues = 859                         
# units = specified
# name 0 = scan: Scan Count
# name 1 = timeS: Time, Elapsed [seconds]
# name 2 = prDM: Pressure, Digiquartz [db]
# name 3 = t068C: Temperature [ITS-68, deg C]
# name 4 = c0S/m: Conductivity [S/m]
# name 5 = t168C: Temperature, 2 [ITS-68, deg C]
# name 6 = c1S/m: Conductivity, 2 [S/m]
# name 7 = altM: Altimeter [m]
# name 8 = flCUVA: Fluorescence, Chelsea UV Aquatracka [ug/l]
# name 9 = sbeox0V: Oxygen raw, SBE 43 [V]
# name 10 = sbeox1V: Oxygen raw, SBE 43, 2 [V]
# name 11 = upoly0: Upoly 0, Optode 4330F - O2 D-Phase
# name 12 = upoly1: Upoly 1, Optode 4330F - O2 Temp
# name 13 = latitude: Latitude [deg]
# name 14 = longitude: Longitude [deg]
# name 15 = sal00: Salinity, Practical [PSU]
# name 16 = sal11: Salinity, Practical, 2 [PSU]
# name 17 = potemp068C: Potential Temperature [ITS-68, deg C]
# name 18 = potemp168C: Potential Temperature, 2 [ITS-68, deg C]
# name 19 = sigma-é00: Density [sigma-theta, Kg/m^3]
# name 20 = sigma-é11: Density, 2 [sigma-theta, Kg/m^3]
# name 21 = sbeox0ML/L: Oxygen, SBE 43 [ml/l], WS = 2
# name 22 = sbeox1ML/L: Oxygen, SBE 43, 2 [ml/l], WS = 2
# name 23 = nbin: number of scans per bin
# name 24 = flag: flag
# span 0 =       7914,      30147       
# span 1 =    329.724,   1256.071       
# span 2 =      3.000,    861.000       
# span 3 =     2.6052,     6.5206       
# span 4 =   3.032769,   3.332421       
# span 5 =     2.6050,     6.5198       
# span 6 =   3.034624,   3.333700       
# span 7 =       5.21,      99.85       
# span 8 =     0.0059,     0.5901       
# span 9 =     2.5856,     3.4036       
# span 10 =     2.3155,     3.0446      
# span 11 =  1.7040998,  2.0257089      
# span 12 =  0.9559607,  1.4432175      
# span 13 =   48.53974,   48.54116      
# span 14 =  -45.39760,  -45.39682      
# span 15 =    33.2724,    34.9135      
# span 16 =    33.2883,    34.9295      
# span 17 =     2.6009,     6.5203      
# span 18 =     2.6007,     6.5195      
# span 19 =    26.1514,    27.7545      
# span 20 =    26.1633,    27.7677      
# span 21 =    5.89199,    7.58635      
# span 22 =    6.06530,    7.72736      
# span 23 =         14,         85      
# span 24 = 0.0000e+00, 0.0000e+00      
# interval = decibars: 1                
# start_time = Jul 05 2013 10:27:43 [NMEA time, header]
# bad_flag = -9.990e-29
*END*
[from data line 464]
      20268    844.447    467.000     4.2330   3.289391     4.2329   3.290732      95.43     0.0093     2.7779     2.4893  1.9596382  1.1526252   48.54048  -45.39748    34.9045    34.9205     4.1984     4.1983    27.6894    27.7021    6.06648    6.23073         18 0.0000e+00
      20285    845.184    468.000     4.2326   3.289398     4.2323   3.290724      78.08     0.0082     2.7766     2.4891  1.9608543  1.1535028   48.54048  -45.39748    34.9047    34.9205     4.1978     4.1976    27.6895    27.7021    6.06283    6.23712         18 0.0000e+00
      20304    845.952    469.000     4.2346   3.289667     4.2340   3.290957      41.10     0.0111     2.7765     2.4892  1.9609274  1.1534610   48.54048  -45.39750    34.9051    34.9209     4.1999     4.1992    27.6896    27.7023    6.07027    6.23365         19 0.0000e+00
      20325    846.819    470.000     4.2346   3.289716     4.2339   3.291005      85.22     0.0124     2.7767     2.4882  1.9603534  1.1537355   48.54048  -45.39750    34.9051    34.9211     4.1998     4.1990    27.6897    27.7024    6.07094    6.22780         23 0.0000e+00
      20354    848.023    471.000     4.2352   3.289815     4.2346   3.291115      94.61     0.0098     2.7763     2.4879  1.9597477  1.1538393   48.54048  -45.39750    34.9052    34.9211     4.2002     4.1997    27.6897    27.7024    6.07123    6.23360         38 0.0000e+00
      20396    849.807    472.000     4.2354   3.289882     4.2347   3.291178      86.07     0.0111     2.7758     2.4872  1.9598029  1.1538461   48.54048  -45.39750    34.9052    34.9212     4.2004     4.1997    27.6896    27.7025    6.07028    6.23138         40 0.0000e+00
      20427    851.086    473.000     4.2347   3.289884     4.2345   3.291234      80.88     0.0078     2.7755     2.4872  1.9592912  1.1545191   48.54046  -45.39750    34.9054    34.9215     4.1996     4.1994    27.6899    27.7027    6.06898    6.23609         24 0.0000e+00
      20448    851.959    474.000     4.2338   3.289855     4.2336   3.291205      67.28     0.0115     2.7755     2.4872  1.9590642  1.1550032   48.54046  -45.39750    34.9055    34.9216     4.1986     4.1984    27.6901    27.7030    6.07370    6.23571         19 0.0000e+00
      20466    852.715    475.000     4.2333   3.289852     4.2328   3.291182      65.39     0.0151     2.7755     2.4870  1.9591625  1.1546663   48.54046  -45.39750    34.9055    34.9217     4.1980     4.1975    27.6902    27.7031    6.07436    6.22557         18 0.0000e+00
      20484    853.475    476.000     4.2334   3.289915     4.2328   3.291213      60.78     0.0140     2.7754     2.4858  1.9596890  1.1539352   48.54046  -45.39750    34.9056    34.9216     4.1981     4.1974    27.6903    27.7030    6.07328    6.22089         19 0.0000e+00
      20505    854.341    477.000     4.2337   3.290000     4.2334   3.291322      85.05     0.0099     2.7754     2.4851  1.9597069  1.1540017   48.54046  -45.39752    34.9057    34.9217     4.1983     4.1980    27.6903    27.7031    6.06887    6.22256         23 0.0000e+00
      20530    855.391    478.000     4.2338   3.290038     4.2335   3.291379      69.29     0.0088     2.7744     2.4842  1.9605949  1.1538469   48.54046  -45.39752    34.9055    34.9217     4.1983     4.1980    27.6902    27.7030    6.06515    6.22223         26 0.0000e+00
      20554    856.385    479.000     4.2343   3.290124     4.2340   3.291468      95.62     0.0104     2.7736     2.4838  1.9606376  1.1538461   48.54046  -45.39752    34.9055    34.9217     4.1987     4.1984    27.6901    27.7030    6.06497    6.21980         21 0.0000e+00
      20574    857.202    480.000     4.2352   3.290282     4.2349   3.291614      95.13     0.0133     2.7736     2.4829  1.9609332  1.1539152   48.54046  -45.39752    34.9059    34.9219     4.1995     4.1992    27.6904    27.7031    6.06800    6.22308         18 0.0000e+00
      20592    857.943    481.000     4.2357   3.290380     4.2355   3.291735      83.91     0.0149     2.7728     2.4829  1.9609280  1.1539823   48.54046  -45.39752    34.9060    34.9221     4.2000     4.1998    27.6904    27.7032    6.06117    6.22868         18 0.0000e+00
      20610    858.719    482.000     4.2359   3.290450     4.2362   3.291829      46.03     0.0162     2.7724     2.4830  1.9611690  1.1539081   48.54046  -45.39752    34.9060    34.9221     4.2001     4.2003    27.6904    27.7031    6.06257    6.22960         20 0.0000e+00
      20635    859.742    483.000     4.2406   3.290987     4.2411   3.292388      91.95     0.0152     2.7717     2.4829  1.9612292  1.1538501   48.54046  -45.39752    34.9069    34.9229     4.2047     4.2052    27.6906    27.7033    6.06392    6.22786         32 0.0000e+00
      20676    861.445    484.000     4.2438   3.291376     4.2436   3.292693      77.80     0.0116     2.7714     2.4824  1.9599867  1.1542155   48.54046  -45.39752    34.9076    34.9234     4.2078     4.2076    27.6908    27.7034    6.06539    6.22645         42 0.0000e+00
      20707    862.766    485.000     4.2491   3.291995     4.2485   3.293272      95.90     0.0150     2.7707     2.4823  1.9603245  1.1546205   48.54046  -45.39752    34.9087    34.9245     4.2131     4.2124    27.6911    27.7037    6.05077    6.22326         24 0.0000e+00
      20728    863.629    486.000     4.2482   3.291942     4.2480   3.293297      95.48     0.0143     2.7692     2.4817  1.9613181  1.1550694   48.54046  -45.39752    34.9086    34.9247     4.2121     4.2118    27.6912    27.7040    6.05347    6.21095         19 0.0000e+00
      20746    864.368    487.000     4.2464   3.291823     4.2461   3.293156      64.67     0.0101     2.7694     2.4803  1.9611450  1.1550672   48.54046  -45.39752    34.9085    34.9245     4.2102     4.2099    27.6913    27.7040    6.06006    6.20960         17 0.0000e+00
      20763    865.080    488.000     4.2452   3.291746     4.2449   3.293093      82.10     0.0122     2.7687     2.4802  1.9611434  1.1556392   48.54046  -45.39752    34.9084    34.9244     4.2089     4.2119    27.6913    27.7040    6.05449    6.22367         17 0.0000e+00
      20781    865.845    489.000     4.2416   3.291432     4.2411   3.292757      93.24     0.0172     2.7683     2.4803  1.9612924  1.1558580   48.54046  -45.39752    34.9081    34.9242     4.2052     4.2047    27.6914    27.7043    6.05448    6.21912         20 0.0000e+00
      20805    866.815    490.000     4.2397   3.291292     4.2395   3.292641      87.13     0.0195     2.7673     2.4788  1.9616127  1.1553915   48.54046  -45.39753    34.9078    34.9239     4.2033     4.2030    27.6914    27.7043    6.05371    6.20527         28 0.0000e+00
      20837    868.170    491.000     4.2391   3.291272     4.2388   3.292612      78.70     0.0133     2.7671     2.4772  1.9622319  1.1550615   48.54046  -45.39752    34.9077    34.9237     4.2026     4.2023    27.6914    27.7042    6.06142    6.20087         34 0.0000e+00
      20867    869.419    492.000     4.2375   3.291158     4.2377   3.292549      72.51     0.0154     2.7668     2.4754  1.9609042  1.1550672   48.54046  -45.39752    34.9075    34.9237     4.2009     4.2011    27.6914    27.7043    6.05557    6.20295         26 0.0000e+00
      20890    870.386    493.000     4.2352   3.290980     4.2368   3.292506      65.14     0.0154     2.7664     2.4749  1.9609280  1.1550672   48.54046  -45.39752    34.9073    34.9236     4.1985     4.2001    27.6916    27.7043    6.06493    6.21094         21 0.0000e+00
      20911    871.237    494.000     4.2344   3.290954     4.2343   3.292311      90.03     0.0156     2.7668     2.4752  1.9620987  1.1550672   48.54046  -45.39754    34.9073    34.9234     4.1977     4.1976    27.6916    27.7045    6.06447    6.21726         20 0.0000e+00
      20931    872.065    495.000     4.2340   3.290954     4.2337   3.292307      94.91     0.0136     2.7663     2.4753  1.9621490  1.1550672   48.54046  -45.39754    34.9072    34.9234     4.1971     4.1969    27.6917    27.7046    6.05934    6.21947         20 0.0000e+00
      20951    872.917    496.000     4.2337   3.290969     4.2335   3.292323      89.69     0.0136     2.7663     2.4755  1.9628466  1.1546602   48.54046  -45.39754    34.9072    34.9233     4.1968     4.1966    27.6917    27.7045    6.06372    6.22235         21 0.0000e+00
      20973    873.814    497.000     4.2328   3.290932     4.2326   3.292279      67.67     0.0141     2.7663     2.4758  1.9633709  1.1547344   48.54046  -45.39754    34.9072    34.9232     4.1958     4.1956    27.6917    27.7045    6.06193    6.21922         22 0.0000e+00
      20995    874.753    498.000     4.2338   3.291114     4.2332   3.292423      95.46     0.0121     2.7655     2.4754  1.9633700  1.1544825   48.54046  -45.39754    34.9078    34.9237     4.1967     4.1962    27.6921    27.7049    6.05104    6.21080         23 0.0000e+00
      21018    875.725    499.000     4.2354   3.291346     4.2351   3.292672      95.15     0.0123     2.7646     2.4744  1.9633700  1.1541023   48.54046  -45.39754    34.9082    34.9242     4.1983     4.1979    27.6923    27.7051    6.05567    6.20119         24 0.0000e+00
      21044    876.794    500.000     4.2422   3.292123     4.2409   3.293309      36.93     0.0135     2.7642     2.4734  1.9628128  1.1543219   48.54046  -45.39754    34.9097    34.9250     4.2050     4.2036    27.6927    27.7051    6.05727    6.20839         28 0.0000e+00
      21074    878.039    501.000     4.2553   3.293545     4.2545   3.294792      88.74     0.0144     2.7638     2.4733  1.9621506  1.1541617   48.54044  -45.39754    34.9120    34.9276     4.2180     4.2171    27.6932    27.7057    6.05111    6.21159         31 0.0000e+00
      21104    879.275    502.000     4.2554   3.293605     4.2554   3.294960      71.74     0.0162     2.7632     2.4732  1.9632565  1.1550397   48.54044  -45.39754    34.9121    34.9281     4.2180     4.2180    27.6933    27.7060    6.04755    6.20996         27 0.0000e+00
      21129    880.323    503.000     4.2532   3.293430     4.2532   3.294792      87.97     0.0177     2.7621     2.4732  1.9633740  1.1550685   48.54044  -45.39754    34.9119    34.9279     4.2157     4.2156    27.6933    27.7061    6.04543    6.21479         23 0.0000e+00
      21149    881.187    504.000     4.2504   3.293190     4.2510   3.294625      93.41     0.0142     2.7615     2.4733  1.9622524  1.1561847   48.54044  -45.39754    34.9115    34.9277     4.2128     4.2134    27.6934    27.7062    6.05151    6.21615         19 0.0000e+00
      21168    881.949    505.000     4.2454   3.292740     4.2457   3.294140      89.15     0.0147     2.7618     2.4734  1.9621470  1.1562901   48.54044  -45.39754    34.9109    34.9271     4.2077     4.2080    27.6935    27.7063    6.05577    6.21824         18 0.0000e+00
      21186    882.712    506.000     4.2443   3.292704     4.2442   3.294036      58.96     0.0171     2.7616     2.4734  1.9626008  1.1562881   48.54044  -45.39755    34.9111    34.9269     4.2066     4.2065    27.6937    27.7063    6.05146    6.22381         19 0.0000e+00
      21208    883.620    507.000     4.2483   3.293168     4.2478   3.294463      92.15     0.0145     2.7607     2.4742  1.9633491  1.1562881   48.54044  -45.39756    34.9118    34.9276     4.2105     4.2100    27.6939    27.7065    6.05310    6.22589         26 0.0000e+00
      21240    884.943    508.000     4.2505   3.293447     4.2503   3.294769      80.28     0.0130     2.7609     2.4746  1.9640172  1.1556070   48.54044  -45.39756    34.9123    34.9281     4.2126     4.2124    27.6940    27.7066    6.04909    6.22772         36 0.0000e+00
      21271    886.248    509.000     4.2506   3.293510     4.2504   3.294849      85.27     0.0182     2.7598     2.4750  1.9643571  1.1552516   48.54044  -45.39756    34.9124    34.9284     4.2126     4.2124    27.6941    27.7069    6.04510    6.22104         25 0.0000e+00
      21293    887.146    510.000     4.2501   3.293536     4.2500   3.294885      93.32     0.0163     2.7593     2.4744  1.9634787  1.1561806   48.54044  -45.39756    34.9127    34.9287     4.2121     4.2119    27.6944    27.7071    6.04735    6.21654         19 0.0000e+00
      21310    887.884    511.000     4.2494   3.293520     4.2494   3.294872      48.04     0.0151     2.7590     2.4742  1.9633684  1.1562897   48.54044  -45.39756    34.9127    34.9287     4.2113     4.2112    27.6945    27.7072    6.04421    6.21867         17 0.0000e+00
      21327    888.567    512.000     4.2493   3.293560     4.2490   3.294880      46.90     0.0113     2.7584     2.4740  1.9633700  1.1562881   48.54044  -45.39756    34.9127    34.9286     4.2111     4.2108    27.6945    27.7072    6.04587    6.21590         16 0.0000e+00
      21344    889.277    513.000     4.2502   3.293698     4.2499   3.295013      94.00     0.0111     2.7584     2.4733  1.9633700  1.1562881   48.54044  -45.39756    34.9129    34.9288     4.2119     4.2116    27.6946    27.7072    6.05385    6.21453         18 0.0000e+00
      21363    890.102    514.000     4.2506   3.293782     4.2504   3.295111      95.18     0.0135     2.7586     2.4731  1.9633700  1.1562881   48.54044  -45.39756    34.9129    34.9288     4.2123     4.2120    27.6946    27.7072    6.05787    6.21696         23 0.0000e+00
      21393    891.317    515.000     4.2502   3.293795     4.2501   3.295134      76.26     0.0157     2.7589     2.4725  1.9633700  1.1562881   48.54044  -45.39756    34.9130    34.9289     4.2118     4.2116    27.6947    27.7073    6.06091    6.21364         38 0.0000e+00
      21437    893.164    516.000     4.2501   3.293841     4.2498   3.295174      95.39     0.0142     2.7597     2.4704  1.9633700  1.1562881   48.54044  -45.39756    34.9132    34.9292     4.2116     4.2112    27.6948    27.7076    6.06138    6.19252         45 0.0000e+00
      21473    894.652    517.000     4.2503   3.293935     4.2500   3.295258      64.32     0.0124     2.7598     2.4679  1.9633700  1.1562881   48.54044  -45.39756    34.9135    34.9294     4.2117     4.2113    27.6951    27.7078    6.04957    6.19820         26 0.0000e+00
      21494    895.539    518.000     4.2496   3.293913     4.2482   3.295150      33.76     0.0104     2.7588     2.4678  1.9633700  1.1562881   48.54044  -45.39756    34.9135    34.9295     4.2109     4.2096    27.6952    27.7080    6.05315    6.20666         18 0.0000e+00
      21511    896.242    519.000     4.2476   3.293758     4.2472   3.295084      66.51     0.0110     2.7589     2.4675  1.9633700  1.1562881   48.54042  -45.39756    34.9132    34.9293     4.2089     4.2084    27.6952    27.7080    6.05527    6.21337         16 0.0000e+00
      21526    896.877    520.000     4.2460   3.293650     4.2457   3.294987      94.81     0.0096     2.7581     2.4682  1.9640229  1.1562881   48.54042  -45.39756    34.9131    34.9292     4.2072     4.2069    27.6952    27.7081    6.05513    6.21954         15 0.0000e+00
      21541    897.508    521.000     4.2433   3.293437     4.2430   3.294769      50.11     0.0105     2.7589     2.4684  1.9645048  1.1562881   48.54042  -45.39756    34.9129    34.9289     4.2045     4.2041    27.6954    27.7081    6.06522    6.21845         16 0.0000e+00
      21557    898.187    522.000     4.2426   3.293402     4.2421   3.294720      86.20     0.0107     2.7586     2.4686  1.9645885  1.1562881   48.54042  -45.39756    34.9127    34.9288     4.2036     4.2032    27.6953    27.7081    6.06094    6.21529         17 0.0000e+00
      21577    899.021    523.000     4.2413   3.293319     4.2414   3.294690      84.22     0.0114     2.7585     2.4683  1.9655102  1.1556592   48.54042  -45.39756    34.9125    34.9287     4.2023     4.2023    27.6953    27.7082    6.06515    6.20939         24 0.0000e+00
