data/CTD/2013/CNV/D021A015.CNV
* Sea-Bird SBE 9 Data File:
* FileName = C:\CTD_ACQUISITION\2013021HUD\ctddata\021A015.hdr
* Software Version Seasave V 7.22.2
* Temperature SN = 5081
* Conductivity SN = 3561
* Number of Bytes Per Scan = 37
* Number of Voltage Words = 4
* Number of Scans Averaged by the Deck Unit = 1
* NMEA Latitude = 46 59.86 N
* NMEA Longitude = 047 00.97 W
* NMEA UTC (Time) = Jul 01 2013 23:47:27
* NMEA baud rate = 9600
** Ship: Hudson
** Cruise: HUD2013021
** Chief_Scientist: Greenan
** Organization: BIO
** Area_of_Operation: Sackville Spur
** Station: 15
** Sounding:  1154
** Event_Comments: FC17  393117
# nquan = 25
# nvalues = 1141                        
# units = specified
# name 0 = scan: Scan Count
# name 1 = timeS: Time, Elapsed [seconds]
# name 2 = prDM: Pressure, Digiquartz [db]
# name 3 = t068C: Temperature [ITS-68, deg C]
# name 4 = c0S/m: Conductivity [S/m]
# name 5 = t168C: Temperature, 2 [ITS-68, deg C]
# name 6 = c1S/m: Conductivity, 2 [S/m]
# name 7 = altM: Altimeter [m]
# name 8 = flCUVA: Fluorescence, Chelsea UV Aquatracka [ug/l]
# name 9 = sbeox0V: Oxygen raw, SBE 43 [V]
# name 10 = sbeox1V: Oxygen raw, SBE 43, 2 [V]
# name 11 = upoly0: Upoly 0, Optode 4330F - O2 D-Phase
# name 12 = upoly1: Upoly 1, Optode 4330F - O2 Temp
# name 13 = latitude: Latitude [deg]
# name 14 = longitude: Longitude [deg]
# name 15 = sal00: Salinity, Practical [PSU]
# name 16 = sal11: Salinity, Practical, 2 [PSU]
# name 17 = potemp068C: Potential Temperature [ITS-68, deg C]
# name 18 = potemp168C: Potential Temperature, 2 [ITS-68, deg C]
# name 19 = sigma-é00: Density [sigma-theta, Kg/m^3]
# name 20 = sigma-é11: Density, 2 [sigma-theta, Kg/m^3]
# name 21 = sbeox0ML/L: Oxygen, SBE 43 [ml/l], WS = 2
# name 22 = sbeox1ML/L: Oxygen, SBE 43, 2 [ml/l], WS = 2
# name 23 = nbin: number of scans per bin
# name 24 = flag: flag
# span 0 =      10762,      46763       
# span 1 =    448.383,   1948.434       
# span 2 =      2.000,   1142.000       
# span 3 =    -0.4216,     6.8842       
# span 4 =   2.733994,   3.299102       
# span 5 =    -0.4206,     6.9087       
# span 6 =   2.735323,   3.301991       
# span 7 =       1.33,     132.24       
# span 8 =     0.0068,     0.1975       
# span 9 =     2.5123,     3.3735       
# span 10 =     2.2643,     3.0161      
# span 11 =  1.7128848,  2.0274835      
# span 12 =  0.5922542,  1.4850753      
# span 13 =   46.99547,   46.99679      
# span 14 =  -47.01636,  -47.01417      
# span 15 =    32.5921,    34.9127      
# span 16 =    32.6012,    34.9285      
# span 17 =    -0.4233,     6.8840      
# span 18 =    -0.4222,     6.9085      
# span 19 =    25.5390,    27.7519      
# span 20 =    25.5419,    27.7646      
# span 21 =    5.87064,    7.66603      
# span 22 =    6.09830,    7.80854      
# span 23 =          6,        103      
# span 24 = 0.0000e+00, 0.0000e+00      
# interval = decibars: 1                
# start_time = Jul 01 2013 23:47:27 [NMEA time, header]
# bad_flag = -9.990e-29
*END*
[from data line 638]
      36245   1510.156    640.000     4.0642   3.280999     4.0637   3.282262      34.12     0.0097     2.7442     2.4685  1.9616072  1.1329340   46.99586  -47.01586    34.8931    34.9086     4.0168     4.0162    27.6995    27.7119    6.14072    6.33345         16 0.0000e+00
      36261   1510.840    641.000     4.0663   3.281260     4.0659   3.282543      49.42     0.0122     2.7443     2.4681  1.9614290  1.1330906   46.99586  -47.01586    34.8934    34.9090     4.0188     4.0184    27.6996    27.7120    6.13837    6.33330         17 0.0000e+00
      36280   1511.620    642.000     4.0666   3.281346     4.0664   3.282628      94.93     0.0121     2.7436     2.4678  1.9617399  1.1327425   46.99586  -47.01586    34.8936    34.9089     4.0190     4.0224    27.6997    27.7119    6.13813    6.33830         21 0.0000e+00
      36304   1512.619    643.000     4.0633   3.281068     4.0636   3.282401      78.20     0.0133     2.7434     2.4678  1.9614724  1.1323680   46.99586  -47.01586    34.8932    34.9087     4.0157     4.0159    27.6998    27.7121    6.13508    6.34219         27 0.0000e+00
      36330   1513.704    644.000     4.0627   3.281063     4.0625   3.282357      66.23     0.0164     2.7426     2.4680  1.9619528  1.1324804   46.99586  -47.01586    34.8934    34.9089     4.0149     4.0147    27.6999    27.7123    6.13830    6.34661         24 0.0000e+00
      36352   1514.626    645.000     4.0630   3.281150     4.0628   3.282441      95.78     0.0161     2.7424     2.4682  1.9620327  1.1330898   46.99586  -47.01586    34.8935    34.9090     4.0152     4.0149    27.7000    27.7124    6.13697    6.34273         21 0.0000e+00
      36371   1515.430    646.000     4.0632   3.281216     4.0629   3.282515      95.55     0.0146     2.7423     2.4679  1.9618118  1.1330892   46.99586  -47.01586    34.8936    34.9092     4.0153     4.0150    27.7001    27.7125    6.13400    6.34090         18 0.0000e+00
      36389   1516.174    647.000     4.0623   3.281183     4.0621   3.282481      32.95     0.0140     2.7409     2.4678  1.9602671  1.1330892   46.99586  -47.01586    34.8936    34.9092     4.0143     4.0141    27.7002    27.7126    6.13318    6.34389         17 0.0000e+00
      36407   1516.923    648.000     4.0611   3.281136     4.0609   3.282429      88.40     0.0114     2.7415     2.4678  1.9598317  1.1330892   46.99586  -47.01586    34.8938    34.9093     4.0131     4.0148    27.7005    27.7128    6.13785    6.34612         19 0.0000e+00
      36428   1517.794    649.000     4.0609   3.281172     4.0606   3.282471      94.57     0.0154     2.7408     2.4678  1.9598092  1.1328399   46.99586  -47.01586    34.8939    34.9096     4.0128     4.0125    27.7006    27.7131    6.13873    6.34627         24 0.0000e+00
      36453   1518.825    650.000     4.0610   3.281246     4.0607   3.282526      18.14     0.0145     2.7410     2.4676  1.9597056  1.1326287   46.99586  -47.01586    34.8941    34.9096     4.0128     4.0141    27.7008    27.7131    6.14008    6.33968         24 0.0000e+00
      36475   1519.734    651.000     4.0611   3.281305     4.0608   3.282599      70.45     0.0146     2.7403     2.4669  1.9603677  1.1325074   46.99586  -47.01587    34.8942    34.9099     4.0128     4.0124    27.7008    27.7133    6.13838    6.32941         19 0.0000e+00
      36492   1520.463    652.000     4.0614   3.281400     4.0611   3.282688      95.73     0.0124     2.7407     2.4657  1.9612935  1.1319361   46.99586  -47.01588    34.8945    34.9101     4.0130     4.0149    27.7010    27.7135    6.14447    6.32102         17 0.0000e+00
      36508   1521.127    653.000     4.0615   3.281469     4.0612   3.282758      95.17     0.0100     2.7407     2.4647  1.9609267  1.1319495   46.99586  -47.01588    34.8947    34.9102     4.0131     4.0128    27.7012    27.7136    6.14068    6.32448         15 0.0000e+00
      36524   1521.795    654.000     4.0615   3.281521     4.0612   3.282809      64.78     0.0103     2.7402     2.4644  1.9611444  1.1320121   46.99586  -47.01588    34.8948    34.9104     4.0129     4.0126    27.7013    27.7137    6.13486    6.33534         17 0.0000e+00
      36542   1522.529    655.000     4.0618   3.281611     4.0615   3.282898      54.11     0.0100     2.7397     2.4643  1.9611211  1.1318705   46.99586  -47.01588    34.8950    34.9105     4.0132     4.0129    27.7014    27.7138    6.13599    6.33759         19 0.0000e+00
      36564   1523.440    656.000     4.0619   3.281661     4.0616   3.282955      95.49     0.0120     2.7394     2.4639  1.9608840  1.1318681   46.99586  -47.01588    34.8950    34.9106     4.0132     4.0129    27.7014    27.7138    6.13000    6.33191         25 0.0000e+00
      36591   1524.598    657.000     4.0621   3.281752     4.0618   3.283040      80.76     0.0136     2.7383     2.4633  1.9615593  1.1318681   46.99586  -47.01588    34.8953    34.9108     4.0133     4.0130    27.7016    27.7140    6.13683    6.33319         28 0.0000e+00
      36615   1525.590    658.000     4.0631   3.281916     4.0627   3.283195      54.69     0.0122     2.7382     2.4631  1.9616011  1.1319308   46.99586  -47.01588    34.8957    34.9112     4.0142     4.0138    27.7019    27.7143    6.13428    6.33847         20 0.0000e+00
      36633   1526.337    659.000     4.0628   3.281951     4.0623   3.283220      95.64     0.0134     2.7380     2.4631  1.9609970  1.1320843   46.99586  -47.01588    34.8959    34.9114     4.0139     4.0158    27.7020    27.7145    6.12861    6.33251         17 0.0000e+00
      36649   1527.000    660.000     4.0602   3.281755     4.0602   3.283079      95.70     0.0155     2.7368     2.4624  1.9609280  1.1321123   46.99586  -47.01588    34.8958    34.9114     4.0112     4.0112    27.7022    27.7147    6.13006    6.33191         15 0.0000e+00
      36665   1527.667    661.000     4.0602   3.281800     4.0601   3.283106      85.04     0.0156     2.7372     2.4626  1.9607124  1.1325145   46.99586  -47.01588    34.8958    34.9113     4.0112     4.0110    27.7022    27.7146    6.13395    6.33921         17 0.0000e+00
      36683   1528.425    662.000     4.0586   3.281680     4.0584   3.282979      44.39     0.0155     2.7361     2.4623  1.9597230  1.1328998   46.99586  -47.01588    34.8956    34.9111     4.0095     4.0092    27.7022    27.7147    6.12790    6.33543         20 0.0000e+00
      36709   1529.485    663.000     4.0569   3.281561     4.0567   3.282857      71.63     0.0176     2.7358     2.4616  1.9602894  1.1325817   46.99586  -47.01588    34.8954    34.9110     4.0077     4.0075    27.7023    27.7147    6.13398    6.32461         31 0.0000e+00
      36738   1530.720    664.000     4.0566   3.281598     4.0563   3.282874      76.03     0.0137     2.7354     2.4604  1.9615697  1.1318357   46.99586  -47.01588    34.8956    34.9111     4.0073     4.0070    27.7025    27.7149    6.13733    6.33162         25 0.0000e+00
      36759   1531.579    665.000     4.0581   3.281811     4.0575   3.283077      53.94     0.0148     2.7355     2.4605  1.9614006  1.1318681   46.99586  -47.01588    34.8961    34.9117     4.0087     4.0081    27.7028    27.7152    6.13725    6.33604         18 0.0000e+00
      36775   1532.253    666.000     4.0603   3.282095     4.0598   3.283362      96.49     0.0156     2.7353     2.4604  1.9596996  1.1318681   46.99586  -47.01588    34.8966    34.9121     4.0108     4.0103    27.7029    27.7153    6.14352    6.33704         15 0.0000e+00
      36790   1532.864    667.000     4.0602   3.282136     4.0599   3.283425      96.29     0.0127     2.7360     2.4605  1.9597069  1.1318681   46.99586  -47.01588    34.8967    34.9122     4.0106     4.0103    27.7030    27.7154    6.14470    6.33528         14 0.0000e+00
      36804   1533.478    668.000     4.0593   3.282091     4.0591   3.283404      96.67     0.0131     2.7356     2.4603  1.9598593  1.1318681   46.99586  -47.01588    34.8966    34.9122     4.0096     4.0095    27.7031    27.7155    6.13571    6.32854         16 0.0000e+00
      36822   1534.196    669.000     4.0529   3.281518     4.0534   3.282881      35.21     0.0132     2.7353     2.4595  1.9612304  1.1318681   46.99586  -47.01588    34.8960    34.9115     4.0032     4.0038    27.7032    27.7156    6.13344    6.32985         20 0.0000e+00
      36851   1535.412    670.000     4.0472   3.281024     4.0470   3.282327      95.22     0.0084     2.7347     2.4592  1.9614390  1.1318681   46.99586  -47.01588    34.8957    34.9113     3.9975     3.9973    27.7036    27.7161    6.13912    6.33439         38 0.0000e+00
      36883   1536.752    671.000     4.0446   3.280820     4.0447   3.282162      70.31     0.0098     2.7346     2.4588  1.9618436  1.1318681   46.99586  -47.01588    34.8955    34.9113     3.9948     3.9949    27.7037    27.7163    6.14210    6.33660         23 0.0000e+00
      36902   1537.526    672.000     4.0422   3.280645     4.0421   3.281963      42.66     0.0101     2.7344     2.4589  1.9615365  1.1318681   46.99586  -47.01588    34.8954    34.9111     3.9924     3.9923    27.7039    27.7164    6.14154    6.33822         16 0.0000e+00
      36917   1538.166    673.000     4.0408   3.280551     4.0409   3.281887      96.40     0.0120     2.7346     2.4587  1.9617418  1.1317054   46.99586  -47.01588    34.8953    34.9110     3.9909     3.9910    27.7040    27.7164    6.14280    6.33276         15 0.0000e+00
      36931   1538.769    674.000     4.0364   3.280148     4.0362   3.281469      96.89     0.0141     2.7341     2.4581  1.9615390  1.1316068   46.99586  -47.01588    34.8947    34.9103     3.9864     3.9893    27.7040    27.7164    6.14138    6.33442         14 0.0000e+00
      36946   1539.394    675.000     4.0308   3.279657     4.0308   3.280981      96.05     0.0116     2.7341     2.4582  1.9612340  1.1316391   46.99586  -47.01588    34.8942    34.9099     3.9808     3.9807    27.7042    27.7167    6.13401    6.34275         16 0.0000e+00
      36964   1540.131    676.000     4.0290   3.279527     4.0292   3.280864      38.36     0.0097     2.7328     2.4584  1.9612930  1.1307267   46.99586  -47.01588    34.8941    34.9097     3.9789     3.9791    27.7042    27.7167    6.13481    6.34942         20 0.0000e+00
      36988   1541.135    677.000     4.0251   3.279169     4.0247   3.280464      93.58     0.0100     2.7327     2.4589  1.9614725  1.1306466   46.99586  -47.01588    34.8935    34.9092     3.9749     3.9746    27.7042    27.7167    6.13753    6.35296         27 0.0000e+00
      37013   1542.166    678.000     4.0223   3.278936     4.0224   3.280277      97.06     0.0142     2.7318     2.4591  1.9615964  1.1295154   46.99586  -47.01588    34.8932    34.9089     3.9720     3.9722    27.7043    27.7167    6.13796    6.35028         22 0.0000e+00
      37032   1542.967    679.000     4.0211   3.278873     4.0209   3.280174      52.02     0.0178     2.7314     2.4592  1.9613388  1.1293609   46.99586  -47.01590    34.8931    34.9087     3.9708     3.9706    27.7044    27.7168    6.14203    6.35216         18 0.0000e+00
      37050   1543.712    680.000     4.0209   3.278888     4.0205   3.280182      69.46     0.0140     2.7318     2.4593  1.9617324  1.1288947   46.99586  -47.01590    34.8931    34.9087     3.9705     3.9702    27.7043    27.7168    6.14336    6.35207         18 0.0000e+00
      37070   1544.525    681.000     4.0213   3.278968     4.0210   3.280266      96.16     0.0133     2.7311     2.4594  1.9621975  1.1282191   46.99586  -47.01590    34.8930    34.9087     3.9708     3.9705    27.7043    27.7168    6.14300    6.35299         21 0.0000e+00
      37094   1545.535    682.000     4.0236   3.279255     4.0229   3.280501      83.52     0.0122     2.7314     2.4594  1.9620594  1.1282052   46.99586  -47.01590    34.8935    34.9090     3.9730     3.9723    27.7044    27.7168    6.14333    6.35070         27 0.0000e+00
      37120   1546.631    683.000     4.0228   3.279234     4.0224   3.280514      57.22     0.0119     2.7311     2.4589  1.9616297  1.1282052   46.99586  -47.01590    34.8935    34.9090     3.9722     3.9718    27.7045    27.7169    6.14400    6.34342         24 0.0000e+00
      37141   1547.517    684.000     4.0223   3.279239     4.0219   3.280516      87.91     0.0114     2.7307     2.4583  1.9616348  1.1282052   46.99586  -47.01590    34.8936    34.9091     3.9716     3.9712    27.7046    27.7170    6.14308    6.34135         19 0.0000e+00
      37159   1548.248    685.000     4.0186   3.278918     4.0182   3.280188      60.36     0.0104     2.7307     2.4577  1.9619328  1.1282052   46.99586  -47.01590    34.8932    34.9087     3.9679     3.9674    27.7047    27.7171    6.15120    6.33924         17 0.0000e+00
      37175   1548.911    686.000     4.0148   3.278578     4.0138   3.279808      56.89     0.0123     2.7312     2.4571  1.9613402  1.1282052   46.99586  -47.01590    34.8926    34.9082     3.9640     3.9630    27.7047    27.7172    6.15653    6.34255         15 0.0000e+00
      37191   1549.570    687.000     4.0134   3.278482     4.0132   3.279783      52.30     0.0130     2.7316     2.4570  1.9617723  1.1281279   46.99586  -47.01590    34.8925    34.9081     3.9625     3.9623    27.7047    27.7172    6.15466    6.35132         16 0.0000e+00
      37208   1550.289    688.000     4.0122   3.278409     4.0121   3.279716      96.77     0.0118     2.7314     2.4571  1.9613793  1.1280129   46.99586  -47.01590    34.8923    34.9080     3.9613     3.9611    27.7047    27.7172    6.15271    6.35935         19 0.0000e+00
      37229   1551.153    689.000     4.0081   3.278052     4.0076   3.279328      96.92     0.0101     2.7315     2.4578  1.9615620  1.1279931   46.99586  -47.01590    34.8920    34.9076     3.9571     3.9566    27.7049    27.7173    6.15378    6.36298         23 0.0000e+00
      37254   1552.188    690.000     4.0060   3.277921     4.0047   3.279116      42.54     0.0100     2.7311     2.4580  1.9621112  1.1270128   46.99586  -47.01590    34.8921    34.9077     3.9550     3.9536    27.7052    27.7177    6.14911    6.35431         25 0.0000e+00
      37277   1553.180    691.000     4.0039   3.277768     4.0035   3.279047      97.35     0.0156     2.7310     2.4574  1.9620420  1.1269834   46.99586  -47.01590    34.8920    34.9076     3.9528     3.9523    27.7053    27.7178    6.15320    6.34986         23 0.0000e+00
      37299   1554.092    692.000     4.0033   3.277758     4.0030   3.279054      95.55     0.0175     2.7305     2.4570  1.9615041  1.1263382   46.99586  -47.01590    34.8920    34.9076     3.9521     3.9518    27.7054    27.7179    6.14413    6.35145         21 0.0000e+00
      37320   1554.974    693.000     4.0038   3.277865     4.0034   3.279139      52.33     0.0150     2.7299     2.4567  1.9613317  1.1260486   46.99586  -47.01590    34.8922    34.9077     3.9525     3.9521    27.7055    27.7179    6.14602    6.34797         21 0.0000e+00
      37340   1555.802    694.000     4.0037   3.277904     4.0035   3.279200       6.13     0.0123     2.7292     2.4560  1.9616387  1.1259546   46.99586  -47.01590    34.8922    34.9078     3.9523     3.9521    27.7056    27.7179    6.14269    6.34710         19 0.0000e+00
      37358   1556.543    695.000     4.0036   3.277942     4.0034   3.279235      93.02     0.0105     2.7291     2.4558  1.9612865  1.1257629   46.99586  -47.01590    34.8923    34.9078     3.9522     3.9519    27.7056    27.7180    6.13886    6.35165         17 0.0000e+00
      37374   1557.222    696.000     4.0038   3.278018     4.0035   3.279304      96.05     0.0118     2.7277     2.4557  1.9613848  1.1257632   46.99586  -47.01592    34.8924    34.9079     3.9523     3.9520    27.7057    27.7181    6.12624    6.35483         16 0.0000e+00
