data/CTD/2013/CNV/D021A013.CNV
* Sea-Bird SBE 9 Data File:
* FileName = C:\CTD_ACQUISITION\2013021HUD\ctddata\021A013.hdr
* Software Version Seasave V 7.22.2
* Temperature SN = 5081
* Conductivity SN = 3561
* Number of Bytes Per Scan = 37
* Number of Voltage Words = 4
* Number of Scans Averaged by the Deck Unit = 1
* NMEA Latitude = 46 59.97 N
* NMEA Longitude = 047 10.01 W
* NMEA UTC (Time) = Jul 01 2013 21:27:00
* NMEA baud rate = 9600
** Ship: Hudson
** Cruise: HUD2013021
** Chief_Scientist: Greenan
** Organization: BIO
** Area_of_Operation: Sackville Spur
** Station: 13
** Sounding:  878
** Event_Comments: FC16  393113
# nquan = 25
# nvalues = 863                         
# units = specified
# name 0 = scan: Scan Count
# name 1 = timeS: Time, Elapsed [seconds]
# name 2 = prDM: Pressure, Digiquartz [db]
# name 3 = t068C: Temperature [ITS-68, deg C]
# name 4 = c0S/m: Conductivity [S/m]
# name 5 = t168C: Temperature, 2 [ITS-68, deg C]
# name 6 = c1S/m: Conductivity, 2 [S/m]
# name 7 = altM: Altimeter [m]
# name 8 = flCUVA: Fluorescence, Chelsea UV Aquatracka [ug/l]
# name 9 = sbeox0V: Oxygen raw, SBE 43 [V]
# name 10 = sbeox1V: Oxygen raw, SBE 43, 2 [V]
# name 11 = upoly0: Upoly 0, Optode 4330F - O2 D-Phase
# name 12 = upoly1: Upoly 1, Optode 4330F - O2 Temp
# name 13 = latitude: Latitude [deg]
# name 14 = longitude: Longitude [deg]
# name 15 = sal00: Salinity, Practical [PSU]
# name 16 = sal11: Salinity, Practical, 2 [PSU]
# name 17 = potemp068C: Potential Temperature [ITS-68, deg C]
# name 18 = potemp168C: Potential Temperature, 2 [ITS-68, deg C]
# name 19 = sigma-é00: Density [sigma-theta, Kg/m^3]
# name 20 = sigma-é11: Density, 2 [sigma-theta, Kg/m^3]
# name 21 = sbeox0ML/L: Oxygen, SBE 43 [ml/l], WS = 2
# name 22 = sbeox1ML/L: Oxygen, SBE 43, 2 [ml/l], WS = 2
# name 23 = nbin: number of scans per bin
# name 24 = flag: flag
# span 0 =      16141,      41175       
# span 1 =    672.518,   1715.578       
# span 2 =      2.000,    864.000       
# span 3 =     0.0735,     6.6022       
# span 4 =   2.778833,   3.283650       
# span 5 =     0.0733,     6.6013       
# span 6 =   2.780078,   3.284939       
# span 7 =       9.82,      99.12       
# span 8 =     0.0084,     0.2020       
# span 9 =     2.6376,     3.4477       
# span 10 =     2.3718,     2.9997      
# span 11 =  1.7136926,  2.0549593      
# span 12 =  0.6424633,  1.4532439      
# span 13 =   46.99858,   46.99922      
# span 14 =  -47.16702,  -47.16656      
# span 15 =    32.4927,    34.9003      
# span 16 =    32.5062,    34.9157      
# span 17 =     0.0711,     6.6019      
# span 18 =     0.0708,     6.6010      
# span 19 =    25.4965,    27.7147      
# span 20 =    25.5078,    27.7270      
# span 21 =    6.00321,    8.23139      
# span 22 =    6.19027,    7.98640      
# span 23 =         13,        115      
# span 24 = 0.0000e+00, 0.0000e+00      
# interval = decibars: 1                
# start_time = Jul 01 2013 21:27:00 [NMEA time, header]
# bad_flag = -9.990e-29
*END*
[from data line 580]
      33585   1399.314    582.000     4.0288   3.272698     4.0284   3.273973      97.24     0.0174     2.7604     2.4849  1.9568570  1.1298321   46.99858  -47.16668    34.8628    34.8782     3.9860     3.9857    27.6786    27.6909    6.15323    6.34600         18 0.0000e+00
      33606   1400.210    583.000     4.0285   3.272726     4.0283   3.274014      92.92     0.0136     2.7608     2.4842  1.9574862  1.1294347   46.99858  -47.16668    34.8629    34.8783     3.9857     3.9856    27.6788    27.6910    6.15759    6.34406         26 0.0000e+00
      33635   1401.425    584.000     4.0294   3.272875     4.0292   3.274160      87.46     0.0151     2.7612     2.4838  1.9588443  1.1281747   46.99858  -47.16668    34.8632    34.8786     3.9865     3.9863    27.6789    27.6912    6.15246    6.35194         30 0.0000e+00
      33665   1402.648    585.000     4.0315   3.273154     4.0312   3.274423      96.96     0.0151     2.7604     2.4840  1.9576755  1.1283216   46.99858  -47.16668    34.8637    34.8790     3.9886     3.9894    27.6791    27.6913    6.14624    6.35179         31 0.0000e+00
      33696   1403.970    586.000     4.0320   3.273251     4.0314   3.274489      89.31     0.0116     2.7595     2.4840  1.9565856  1.1282836   46.99858  -47.16668    34.8639    34.8791     3.9889     3.9884    27.6792    27.6913    6.13844    6.35080         31 0.0000e+00
      33727   1405.234    587.000     4.0323   3.273337     4.0319   3.274586      94.93     0.0136     2.7578     2.4832  1.9586539  1.1294068   46.99858  -47.16668    34.8640    34.8792     3.9892     3.9888    27.6793    27.6914    6.13460    6.33565         29 0.0000e+00
      33753   1406.332    588.000     4.0334   3.273496     4.0334   3.274795      91.11     0.0168     2.7574     2.4815  1.9582248  1.1294268   46.99858  -47.16668    34.8642    34.8796     3.9902     3.9902    27.6793    27.6915    6.14068    6.32233         24 0.0000e+00
      33775   1407.245    589.000     4.0347   3.273720     4.0345   3.274982      78.10     0.0183     2.7566     2.4798  1.9568068  1.1294261   46.99860  -47.16668    34.8649    34.8801     3.9915     3.9912    27.6797    27.6919    6.13302    6.32011         21 0.0000e+00
      33795   1408.100    590.000     4.0366   3.273982     4.0358   3.275186      95.26     0.0185     2.7559     2.4787  1.9566303  1.1293696   46.99860  -47.16668    34.8655    34.8806     3.9932     3.9924    27.6801    27.6921    6.13298    6.32603         21 0.0000e+00
      33819   1409.073    591.000     4.0376   3.274156     4.0371   3.275391      89.44     0.0176     2.7554     2.4779  1.9572445  1.1294242   46.99860  -47.16668    34.8659    34.8811     3.9942     3.9936    27.6803    27.6924    6.13739    6.32704         26 0.0000e+00
      33847   1410.240    592.000     4.0387   3.274338     4.0388   3.275643      93.95     0.0134     2.7544     2.4772  1.9571718  1.1294261   46.99860  -47.16670    34.8664    34.8818     3.9952     3.9953    27.6806    27.6927    6.12278    6.32261         27 0.0000e+00
      33871   1411.234    593.000     4.0401   3.274551     4.0401   3.275864      88.35     0.0134     2.7531     2.4762  1.9567577  1.1294261   46.99860  -47.16670    34.8670    34.8824     3.9965     3.9965    27.6809    27.6932    6.12581    6.32082         20 0.0000e+00
      33888   1411.967    594.000     4.0419   3.274825     4.0419   3.276114      96.19     0.0143     2.7526     2.4755  1.9566168  1.1294261   46.99860  -47.16670    34.8677    34.8830     3.9982     3.9982    27.6813    27.6935    6.12512    6.32120         17 0.0000e+00
      33903   1412.602    595.000     4.0440   3.275084     4.0439   3.276383      97.23     0.0125     2.7522     2.4752  1.9569149  1.1294261   46.99860  -47.16670    34.8681    34.8835     4.0002     4.0001    27.6814    27.6936    6.12636    6.31897         14 0.0000e+00
      33919   1413.235    596.000     4.0443   3.275165     4.0436   3.276391      73.69     0.0154     2.7514     2.4747  1.9572680  1.1294261   46.99860  -47.16670    34.8682    34.8834     4.0004     3.9998    27.6814    27.6936    6.12763    6.31677         16 0.0000e+00
      33941   1414.155    597.000     4.0462   3.275405     4.0466   3.276757      88.39     0.0172     2.7512     2.4739  1.9570910  1.1294261   46.99860  -47.16670    34.8685    34.8840     4.0022     4.0027    27.6815    27.6938    6.12595    6.32020         36 0.0000e+00
      34008   1416.954    598.000     4.0475   3.275603     4.0475   3.276877      98.02     0.0157     2.7496     2.4738  1.9568002  1.1300137   46.99860  -47.16670    34.8689    34.8840     4.0035     4.0035    27.6817    27.6937    6.12717    6.32980         38 0.0000e+00
      34026   1417.700    599.000     4.0528   3.276298     4.0524   3.277550      96.33     0.0122     2.7496     2.4739  1.9573427  1.1306680   46.99860  -47.16670    34.8710    34.8863     4.0087     4.0082    27.6828    27.6950    6.13303    6.33191         19 0.0000e+00
      34043   1418.411    600.000     4.0534   3.276455     4.0532   3.277738      93.42     0.0133     2.7507     2.4743  1.9572654  1.1306472   46.99860  -47.16670    34.8718    34.8871     4.0092     4.0089    27.6834    27.6956    6.13546    6.34165         17 0.0000e+00
      34059   1419.099    601.000     4.0539   3.276606     4.0537   3.277877      77.50     0.0142     2.7497     2.4752  1.9572649  1.1306472   46.99860  -47.16670    34.8724    34.8877     4.0097     4.0094    27.6838    27.6960    6.13282    6.34332         16 0.0000e+00
      34078   1419.860    602.000     4.0525   3.276517     4.0533   3.277883      85.20     0.0160     2.7509     2.4754  1.9572649  1.1306472   46.99860  -47.16670    34.8724    34.8877     4.0081     4.0089    27.6839    27.6960    6.13970    6.33564         21 0.0000e+00
      34102   1420.893    603.000     4.0490   3.276242     4.0493   3.277568      96.78     0.0141     2.7505     2.4753  1.9585814  1.1306472   46.99860  -47.16670    34.8723    34.8877     4.0046     4.0048    27.6843    27.6964    6.13271    6.33757         29 0.0000e+00
      34129   1421.997    604.000     4.0484   3.276228     4.0484   3.277543      86.57     0.0125     2.7504     2.4755  1.9591044  1.1306472   46.99860  -47.16670    34.8723    34.8878     4.0039     4.0038    27.6843    27.6967    6.13501    6.33481         22 0.0000e+00
      34149   1422.832    605.000     4.0485   3.276302     4.0487   3.277631      97.18     0.0133     2.7501     2.4751  1.9592568  1.1306472   46.99860  -47.16670    34.8724    34.8880     4.0040     4.0041    27.6844    27.6968    6.13417    6.32940         19 0.0000e+00
      34169   1423.676    606.000     4.0491   3.276418     4.0492   3.277734      87.91     0.0136     2.7504     2.4746  1.9591790  1.1306472   46.99860  -47.16670    34.8727    34.8881     4.0045     4.0046    27.6846    27.6968    6.14236    6.33340         23 0.0000e+00
      34206   1425.209    607.000     4.0500   3.276567     4.0499   3.277843      87.66     0.0156     2.7507     2.4750  1.9595078  1.1306472   46.99862  -47.16670    34.8729    34.8882     4.0053     4.0051    27.6847    27.6968    6.13793    6.34088         49 0.0000e+00
      34244   1426.780    608.000     4.0497   3.276583     4.0494   3.277861      87.61     0.0180     2.7504     2.4751  1.9592627  1.1306472   46.99862  -47.16670    34.8730    34.8884     4.0049     4.0046    27.6848    27.6970    6.13327    6.33591         25 0.0000e+00
      34265   1427.684    609.000     4.0491   3.276583     4.0489   3.277856      97.19     0.0204     2.7497     2.4746  1.9590970  1.1306472   46.99862  -47.16670    34.8730    34.8883     4.0043     4.0040    27.6849    27.6971    6.11650    6.33019         20 0.0000e+00
      34285   1428.493    610.000     4.0491   3.276634     4.0490   3.277911      97.19     0.0203     2.7472     2.4740  1.9588734  1.1306472   46.99862  -47.16670    34.8731    34.8884     4.0042     4.0040    27.6849    27.6971    6.10519    6.32854         19 0.0000e+00
      34305   1429.322    611.000     4.0501   3.276790     4.0500   3.278077      97.14     0.0185     2.7465     2.4736  1.9586060  1.1307619   46.99862  -47.16670    34.8735    34.8888     4.0050     4.0049    27.6851    27.6973    6.11708    6.32712         21 0.0000e+00
      34327   1430.230    612.000     4.0517   3.276994     4.0517   3.278302      95.63     0.0201     2.7456     2.4729  1.9583749  1.1306471   46.99862  -47.16670    34.8737    34.8891     4.0065     4.0066    27.6851    27.6974    6.12993    6.32803         22 0.0000e+00
      34349   1431.151    613.000     4.0553   3.277439     4.0544   3.278644      94.83     0.0169     2.7467     2.4727  1.9597147  1.1306472   46.99862  -47.16670    34.8746    34.8898     4.0100     4.0091    27.6855    27.6977    6.13991    6.33438         22 0.0000e+00
      34370   1432.043    614.000     4.0577   3.277747     4.0577   3.279040      76.58     0.0174     2.7467     2.4727  1.9597069  1.1306472   46.99862  -47.16670    34.8751    34.8905     4.0124     4.0123    27.6857    27.6979    6.13258    6.33536         22 0.0000e+00
      34395   1433.065    615.000     4.0576   3.277785     4.0575   3.279062      94.90     0.0166     2.7464     2.4728  1.9592454  1.1306472   46.99862  -47.16670    34.8751    34.8904     4.0122     4.0120    27.6857    27.6979    6.12714    6.33576         28 0.0000e+00
      34426   1434.356    616.000     4.0583   3.277904     4.0581   3.279172      90.40     0.0150     2.7467     2.4725  1.9592344  1.1309681   46.99864  -47.16670    34.8753    34.8905     4.0128     4.0126    27.6858    27.6979    6.13234    6.33017         31 0.0000e+00
      34452   1435.459    617.000     4.0563   3.277763     4.0562   3.279059      87.88     0.0161     2.7459     2.4719  1.9595478  1.1318684   46.99864  -47.16670    34.8753    34.8907     4.0107     4.0106    27.6860    27.6982    6.12495    6.32808         23 0.0000e+00
      34473   1436.331    618.000     4.0559   3.277786     4.0557   3.279062      92.65     0.0170     2.7454     2.4714  1.9595143  1.1318681   46.99864  -47.16670    34.8754    34.8907     4.0102     4.0100    27.6862    27.6983    6.12377    6.32755         19 0.0000e+00
      34492   1437.122    619.000     4.0568   3.277962     4.0566   3.279240      85.02     0.0185     2.7452     2.4710  1.9591942  1.1318681   46.99864  -47.16670    34.8760    34.8914     4.0111     4.0108    27.6865    27.6988    6.12645    6.32496         19 0.0000e+00
      34512   1437.945    620.000     4.0608   3.278454     4.0608   3.279747      75.19     0.0180     2.7449     2.4705  1.9590694  1.1318681   46.99864  -47.16670    34.8770    34.8923     4.0150     4.0150    27.6869    27.6991    6.12529    6.32054         21 0.0000e+00
      34538   1439.058    621.000     4.0625   3.278665     4.0619   3.279901      92.30     0.0154     2.7441     2.4692  1.9589919  1.1318681   46.99864  -47.16670    34.8772    34.8925     4.0166     4.0160    27.6869    27.6991    6.12220    6.31411         34 0.0000e+00
      34574   1440.545    622.000     4.0670   3.279188     4.0690   3.280705      90.89     0.0163     2.7439     2.4675  1.9595813  1.1319081   46.99864  -47.16670    34.8781    34.8938     4.0210     4.0242    27.6872    27.6994    6.12506    6.30285         32 0.0000e+00
      34602   1441.693    623.000     4.0690   3.279528     4.0690   3.280818      85.63     0.0148     2.7430     2.4656  1.9609816  1.1318679   46.99864  -47.16670    34.8795    34.8947     4.0229     4.0229    27.6880    27.7002    6.10820    6.29997         26 0.0000e+00
      34627   1442.766    624.000     4.0658   3.279336     4.0655   3.280606      96.82     0.0215     2.7413     2.4643  1.9612087  1.1326631   46.99865  -47.16670    34.8801    34.8954     4.0197     4.0194    27.6889    27.7011    6.10773    6.29353         26 0.0000e+00
      34655   1443.919    625.000     4.0617   3.278969     4.0617   3.280272      82.10     0.0211     2.7400     2.4626  1.9612782  1.1330981   46.99866  -47.16670    34.8796    34.8950     4.0155     4.0169    27.6889    27.7012    6.10290    6.29563         28 0.0000e+00
      34681   1444.993    626.000     4.0607   3.278942     4.0604   3.280218      80.55     0.0205     2.7386     2.4617  1.9595317  1.1330892   46.99866  -47.16670    34.8798    34.8951     4.0144     4.0141    27.6892    27.7014    6.09962    6.30118         24 0.0000e+00
      34702   1445.861    627.000     4.0632   3.279274     4.0625   3.280503      96.10     0.0181     2.7374     2.4614  1.9594347  1.1330892   46.99866  -47.16670    34.8806    34.8958     4.0168     4.0161    27.6896    27.7017    6.10263    6.30453         18 0.0000e+00
      34719   1446.569    628.000     4.0674   3.279848     4.0666   3.281052      96.65     0.0168     2.7368     2.4613  1.9596325  1.1327039   46.99866  -47.16670    34.8824    34.8974     4.0209     4.0201    27.6906    27.7026    6.11030    6.30873         16 0.0000e+00
      34734   1447.211    629.000     4.0716   3.280397     4.0710   3.281629      96.90     0.0172     2.7374     2.4613  1.9597073  1.1319462   46.99866  -47.16670    34.8839    34.8991     4.0250     4.0244    27.6914    27.7035    6.11603    6.31308         15 0.0000e+00
      34750   1447.864    630.000     4.0716   3.280419     4.0713   3.281705      97.06     0.0184     2.7371     2.4617  1.9597069  1.1319401   46.99866  -47.16670    34.8837    34.8991     4.0249     4.0247    27.6912    27.7035    6.10992    6.31425         17 0.0000e+00
      34770   1448.688    631.000     4.0711   3.280365     4.0706   3.281618      96.85     0.0162     2.7366     2.4618  1.9597069  1.1326903   46.99866  -47.16670    34.8831    34.8983     4.0243     4.0239    27.6907    27.7029    6.10078    6.31171         25 0.0000e+00
      34818   1450.729    632.000     4.0707   3.280299     4.0708   3.281652      81.78     0.0100     2.7349     2.4612  1.9610466  1.1331184   46.99866  -47.16671    34.8821    34.8980     4.0239     4.0239    27.6900    27.7027    6.10072    6.29879         57 0.0000e+00
      34854   1452.188    633.000     4.0704   3.280302     4.0705   3.281623      96.45     0.0184     2.7338     2.4594  1.9619727  1.1330898   46.99868  -47.16672    34.8819    34.8975     4.0235     4.0236    27.6899    27.7023    6.10249    6.29213         24 0.0000e+00
      34876   1453.120    634.000     4.0708   3.280402     4.0700   3.281597      84.39     0.0182     2.7335     2.4587  1.9596701  1.1343302   46.99868  -47.16670    34.8822    34.8972     4.0239     4.0230    27.6901    27.7021    6.09893    6.29351         22 0.0000e+00
      34898   1454.024    635.000     4.0722   3.280656     4.0720   3.281957      97.12     0.0213     2.7330     2.4581  1.9597069  1.1343101   46.99868  -47.16670    34.8832    34.8988     4.0251     4.0249    27.6908    27.7032    6.09582    6.29953         22 0.0000e+00
      34920   1454.957    636.000     4.0722   3.280729     4.0720   3.282021      83.06     0.0212     2.7325     2.4583  1.9614556  1.1334094   46.99868  -47.16670    34.8835    34.8990     4.0251     4.0249    27.6910    27.7033    6.10185    6.30453         23 0.0000e+00
      34942   1455.874    637.000     4.0696   3.280613     4.0689   3.281870      97.07     0.0174     2.7323     2.4581  1.9619161  1.1332057   46.99868  -47.16670    34.8844    34.9000     4.0224     4.0217    27.6920    27.7045    6.10477    6.30375         21 0.0000e+00
      34962   1456.699    638.000     4.0681   3.280576     4.0680   3.281858      67.48     0.0161     2.7323     2.4582  1.9627713  1.1332939   46.99868  -47.16670    34.8850    34.9003     4.0208     4.0207    27.6927    27.7048    6.10426    6.30739         18 0.0000e+00
