data/CTD/2013/CNV/D021A016.CNV
* Sea-Bird SBE 9 Data File:
* FileName = C:\CTD_ACQUISITION\2013021HUD\ctddata\021A016.hdr
* Software Version Seasave V 7.22.2
* Temperature SN = 5081
* Conductivity SN = 3561
* Number of Bytes Per Scan = 37
* Number of Voltage Words = 4
* Number of Scans Averaged by the Deck Unit = 1
* NMEA Latitude = 46 59.94 N
* NMEA Longitude = 046 54.47 W
* NMEA UTC (Time) = Jul 02 2013 01:17:23
* NMEA baud rate = 9600
** Ship: Hudson
** Cruise: HUD2013021
** Chief_Scientist: Greenan
** Organization: BIO
** Area_of_Operation: Sackville Spur
** Station: 16
** Sounding:  1195
** Event_Comments: FC17.5  393119
# nquan = 25
# nvalues = 1181                        
# units = specified
# name 0 = scan: Scan Count
# name 1 = timeS: Time, Elapsed [seconds]
# name 2 = prDM: Pressure, Digiquartz [db]
# name 3 = t068C: Temperature [ITS-68, deg C]
# name 4 = c0S/m: Conductivity [S/m]
# name 5 = t168C: Temperature, 2 [ITS-68, deg C]
# name 6 = c1S/m: Conductivity, 2 [S/m]
# name 7 = altM: Altimeter [m]
# name 8 = flCUVA: Fluorescence, Chelsea UV Aquatracka [ug/l]
# name 9 = sbeox0V: Oxygen raw, SBE 43 [V]
# name 10 = sbeox1V: Oxygen raw, SBE 43, 2 [V]
# name 11 = upoly0: Upoly 0, Optode 4330F - O2 D-Phase
# name 12 = upoly1: Upoly 1, Optode 4330F - O2 Temp
# name 13 = latitude: Latitude [deg]
# name 14 = longitude: Longitude [deg]
# name 15 = sal00: Salinity, Practical [PSU]
# name 16 = sal11: Salinity, Practical, 2 [PSU]
# name 17 = potemp068C: Potential Temperature [ITS-68, deg C]
# name 18 = potemp168C: Potential Temperature, 2 [ITS-68, deg C]
# name 19 = sigma-é00: Density [sigma-theta, Kg/m^3]
# name 20 = sigma-é11: Density, 2 [sigma-theta, Kg/m^3]
# name 21 = sbeox0ML/L: Oxygen, SBE 43 [ml/l], WS = 2
# name 22 = sbeox1ML/L: Oxygen, SBE 43, 2 [ml/l], WS = 2
# name 23 = nbin: number of scans per bin
# name 24 = flag: flag
# span 0 =       9856,      38221       
# span 1 =    410.614,   1592.484       
# span 2 =      2.000,   1182.000       
# span 3 =     0.0789,     6.2799       
# span 4 =   2.783905,   3.291464       
# span 5 =     0.0806,     6.2848       
# span 6 =   2.785472,   3.292801       
# span 7 =       4.01,      99.42       
# span 8 =     0.0066,     0.1405       
# span 9 =     2.5120,     3.3747       
# span 10 =     2.2603,     3.0119      
# span 11 =  1.7192091,  2.0284187      
# span 12 =  0.6864739,  1.4106304      
# span 13 =   46.99680,   46.99876      
# span 14 =  -46.90946,  -46.90864      
# span 15 =    32.8108,    34.9120      
# span 16 =    32.8259,    34.9280      
# span 17 =     0.0770,     6.2796      
# span 18 =     0.0787,     6.2845      
# span 19 =    25.7921,    27.7511      
# span 20 =    25.8029,    27.7638      
# span 21 =    5.89154,    7.57641      
# span 22 =    6.10997,    7.69973      
# span 23 =         12,         94      
# span 24 = 0.0000e+00, 0.0000e+00      
# interval = decibars: 1                
# start_time = Jul 02 2013 01:17:23 [NMEA time, header]
# bad_flag = -9.990e-29
*END*
[from data line 1044]
      35351   1472.909   1046.000     3.8475   3.280113     3.8471   3.281415      96.42     0.0161     2.5875     2.3286  1.9985732  1.1052071   46.99720  -46.90896    34.9020    34.9179     3.7685     3.7681    27.7323    27.7450    6.01501    6.23270         18 0.0000e+00
      35367   1473.568   1047.000     3.8458   3.280012     3.8451   3.281283      96.89     0.0205     2.5862     2.3280  2.0004520  1.1059719   46.99720  -46.90896    34.9021    34.9179     3.7668     3.7660    27.7325    27.7452    6.01098    6.22924         14 0.0000e+00
      35381   1474.167   1048.000     3.8446   3.279939     3.8440   3.281230      91.27     0.0196     2.5865     2.3275  2.0004885  1.1059830   46.99720  -46.90896    34.9021    34.9179     3.7655     3.7649    27.7326    27.7453    6.01247    6.22509         15 0.0000e+00
      35395   1474.767   1049.000     3.8441   3.279947     3.8436   3.281242      46.14     0.0151     2.5853     2.3267  2.0005231  1.1062255   46.99720  -46.90896    34.9021    34.9180     3.7649     3.7644    27.7327    27.7454    5.99970    6.22195         14 0.0000e+00
      35411   1475.429   1050.000     3.8442   3.279992     3.8437   3.281285      94.23     0.0121     2.5845     2.3261  2.0002744  1.1055574   46.99720  -46.90896    34.9021    34.9179     3.7649     3.7644    27.7327    27.7454    6.00593    6.22395         18 0.0000e+00
      35432   1476.289   1051.000     3.8443   3.280034     3.8438   3.281324      67.31     0.0111     2.5834     2.3255  2.0003848  1.1048940   46.99720  -46.90896    34.9020    34.9178     3.7649     3.7644    27.7326    27.7453    6.00399    6.22594         25 0.0000e+00
      35464   1477.628   1052.000     3.8449   3.280147     3.8441   3.281407      90.52     0.0126     2.5820     2.3248  2.0006979  1.1035384   46.99720  -46.90896    34.9022    34.9179     3.7654     3.7647    27.7327    27.7453    6.00360    6.22810         34 0.0000e+00
      35491   1478.767   1053.000     3.8457   3.280294     3.8452   3.281579      96.03     0.0142     2.5813     2.3241  2.0003216  1.1037909   46.99719  -46.90896    34.9026    34.9183     3.7661     3.7656    27.7330    27.7455    6.00862    6.21894         22 0.0000e+00
      35511   1479.570   1054.000     3.8459   3.280369     3.8454   3.281657      58.73     0.0190     2.5814     2.3231  2.0001338  1.1051544   46.99718  -46.90896    34.9027    34.9184     3.7662     3.7658    27.7331    27.7456    6.01031    6.21503         18 0.0000e+00
      35528   1480.310   1055.000     3.8457   3.280399     3.8452   3.281686      86.90     0.0157     2.5803     2.3227  2.0003386  1.1048712   46.99718  -46.90896    34.9028    34.9185     3.7660     3.7654    27.7331    27.7457    6.00722    6.21623         18 0.0000e+00
      35546   1481.062   1056.000     3.8450   3.280382     3.8446   3.281672      96.94     0.0134     2.5805     2.3219  2.0005424  1.1043283   46.99718  -46.90896    34.9028    34.9185     3.7652     3.7647    27.7332    27.7458    6.00421    6.21515         18 0.0000e+00
      35566   1481.863   1057.000     3.8442   3.280376     3.8438   3.281665      96.38     0.0122     2.5794     2.3212  2.0006731  1.1040877   46.99718  -46.90896    34.9030    34.9188     3.7644     3.7639    27.7335    27.7461    5.99744    6.20990         20 0.0000e+00
      35587   1482.730   1058.000     3.8436   3.280381     3.8430   3.281664      58.58     0.0161     2.5789     2.3202  2.0006104  1.1046183   46.99718  -46.90896    34.9032    34.9190     3.7637     3.7630    27.7337    27.7464    6.00223    6.20660         22 0.0000e+00
      35607   1483.585   1059.000     3.8437   3.280432     3.8431   3.281718      96.89     0.0165     2.5782     2.3192  2.0007713  1.1037194   46.99718  -46.90896    34.9033    34.9190     3.7636     3.7631    27.7338    27.7464    6.00091    6.20660         19 0.0000e+00
      35626   1484.357   1060.000     3.8437   3.280496     3.8432   3.281774      95.51     0.0152     2.5781     2.3187  2.0004735  1.1035129   46.99718  -46.90896    34.9034    34.9192     3.7636     3.7630    27.7339    27.7465    5.99532    6.20974         18 0.0000e+00
      35643   1485.073   1061.000     3.8433   3.280498     3.8426   3.281775      93.91     0.0167     2.5765     2.3181  2.0012107  1.1038522   46.99718  -46.90896    34.9035    34.9193     3.7631     3.7624    27.7340    27.7467    5.99537    6.21259         17 0.0000e+00
      35660   1485.789   1062.000     3.8412   3.280382     3.8409   3.281692      49.13     0.0174     2.5768     2.3181  2.0025799  1.1040000   46.99718  -46.90896    34.9038    34.9195     3.7609     3.7607    27.7344    27.7470    6.00132    6.21813         17 0.0000e+00
      35679   1486.589   1063.000     3.8395   3.280273     3.8393   3.281588      96.21     0.0165     2.5759     2.3179  2.0028806  1.1034620   46.99718  -46.90896    34.9038    34.9195     3.7592     3.7589    27.7346    27.7472    6.00058    6.21694         22 0.0000e+00
      35704   1487.637   1064.000     3.8391   3.280281     3.8386   3.281564      96.95     0.0138     2.5761     2.3175  2.0028229  1.1032437   46.99717  -46.90896    34.9037    34.9195     3.7587     3.7581    27.7346    27.7473    6.00318    6.21255         29 0.0000e+00
      35733   1488.841   1065.000     3.8381   3.280233     3.8376   3.281515      50.24     0.0143     2.5748     2.3165  2.0026295  1.1032484   46.99716  -46.90896    34.9037    34.9195     3.7576     3.7570    27.7348    27.7474    5.99479    6.20988         25 0.0000e+00
      35755   1489.743   1066.000     3.8377   3.280252     3.8371   3.281535      98.33     0.0109     2.5747     2.3166  2.0049698  1.1030717   46.99716  -46.90896    34.9039    34.9197     3.7571     3.7565    27.7349    27.7476    5.99595    6.21867         19 0.0000e+00
      35772   1490.475   1067.000     3.8373   3.280269     3.8368   3.281561      65.67     0.0113     2.5739     2.3163  2.0047371  1.1032869   46.99716  -46.90896    34.9040    34.9198     3.7567     3.7561    27.7350    27.7477    5.98099    6.21698         17 0.0000e+00
      35789   1491.155   1068.000     3.8369   3.280252     3.8363   3.281569      75.59     0.0142     2.5723     2.3163  2.0037255  1.1030184   46.99716  -46.90896    34.9037    34.9200     3.7561     3.7555    27.7349    27.7479    5.97294    6.21292         16 0.0000e+00
      35805   1491.825   1069.000     3.8364   3.280290     3.8358   3.281571      97.28     0.0193     2.5713     2.3158  2.0029624  1.1036435   46.99716  -46.90896    34.9042    34.9200     3.7556     3.7549    27.7353    27.7480    5.97864    6.20835         16 0.0000e+00
      35821   1492.508   1070.000     3.8362   3.280336     3.8357   3.281614      96.05     0.0205     2.5707     2.3154  2.0027990  1.1032782   46.99716  -46.90896    34.9044    34.9201     3.7553     3.7548    27.7355    27.7481    5.98678    6.21012         17 0.0000e+00
      35838   1493.214   1071.000     3.8361   3.280363     3.8355   3.281648      82.81     0.0194     2.5702     2.3151  2.0031137  1.1030442   46.99716  -46.90896    34.9043    34.9201     3.7551     3.7545    27.7355    27.7481    5.98782    6.20847         18 0.0000e+00
      35856   1493.976   1072.000     3.8350   3.280309     3.8349   3.281640      64.85     0.0204     2.5701     2.3144  2.0036464  1.1028278   46.99716  -46.90896    34.9043    34.9202     3.7540     3.7538    27.7356    27.7482    5.99019    6.20333         19 0.0000e+00
      35877   1494.835   1073.000     3.8343   3.280295     3.8339   3.281605      96.17     0.0202     2.5695     2.3136  2.0036087  1.1032211   46.99716  -46.90896    34.9044    34.9203     3.7531     3.7528    27.7358    27.7484    5.99192    6.20035         22 0.0000e+00
      35901   1495.841   1074.000     3.8340   3.280318     3.8335   3.281596      94.63     0.0203     2.5693     2.3127  2.0036623  1.1028048   46.99715  -46.90896    34.9045    34.9202     3.7528     3.7570    27.7358    27.7484    5.99176    6.19786         26 0.0000e+00
      35926   1496.874   1075.000     3.8332   3.280280     3.8327   3.281571      31.67     0.0163     2.5694     2.3116  2.0037196  1.1027292   46.99714  -46.90896    34.9044    34.9202     3.7519     3.7513    27.7359    27.7485    5.99835    6.20121         22 0.0000e+00
      35947   1497.733   1076.000     3.8319   3.280214     3.8314   3.281506      98.09     0.0123     2.5689     2.3116  2.0054467  1.1026915   46.99714  -46.90896    34.9045    34.9202     3.7505     3.7534    27.7361    27.7487    5.98770    6.20585         19 0.0000e+00
      35964   1498.472   1077.000     3.8302   3.280119     3.8297   3.281409      96.94     0.0139     2.5686     2.3109  2.0050941  1.1027812   46.99714  -46.90896    34.9046    34.9204     3.7488     3.7482    27.7364    27.7490    5.99095    6.20195         17 0.0000e+00
      35981   1499.165   1078.000     3.8280   3.279959     3.8275   3.281252      88.18     0.0146     2.5687     2.3109  2.0050995  1.1027796   46.99714  -46.90896    34.9046    34.9204     3.7465     3.7460    27.7366    27.7492    5.98437    6.19767         17 0.0000e+00
      35998   1499.863   1079.000     3.8263   3.279850     3.8257   3.281139      53.98     0.0139     2.5670     2.3100  2.0053115  1.1026382   46.99714  -46.90896    34.9046    34.9204     3.7447     3.7441    27.7367    27.7494    5.97099    6.19324         17 0.0000e+00
      36015   1500.600   1080.000     3.8252   3.279804     3.8246   3.281080      96.65     0.0120     2.5664     2.3093  2.0055609  1.1027669   46.99714  -46.90896    34.9046    34.9203     3.7436     3.7430    27.7369    27.7495    5.98280    6.19859         18 0.0000e+00
      36035   1501.398   1081.000     3.8246   3.279787     3.8240   3.281069      96.71     0.0157     2.5665     2.3091  2.0051880  1.1027472   46.99714  -46.90896    34.9045    34.9204     3.7429     3.7422    27.7369    27.7496    5.98697    6.20166         20 0.0000e+00
      36054   1502.215   1082.000     3.8243   3.279798     3.8237   3.281090      81.99     0.0172     2.5656     2.3087  2.0052054  1.1026274   46.99714  -46.90896    34.9045    34.9205     3.7425     3.7419    27.7369    27.7497    5.98466    6.19653         19 0.0000e+00
      36072   1502.977   1083.000     3.8239   3.279814     3.8233   3.281097      61.63     0.0148     2.5652     2.3081  2.0052907  1.1025642   46.99712  -46.90896    34.9046    34.9205     3.7420     3.7414    27.7371    27.7497    5.98631    6.18818         18 0.0000e+00
      36090   1503.691   1084.000     3.8238   3.279853     3.8233   3.281144      96.33     0.0143     2.5652     2.3069  2.0061090  1.1025641   46.99712  -46.90896    34.9047    34.9205     3.7419     3.7413    27.7371    27.7497    5.98116    6.18689         16 0.0000e+00
      36107   1504.396   1085.000     3.8238   3.279904     3.8231   3.281185      96.60     0.0148     2.5645     2.3066  2.0061049  1.1025641   46.99712  -46.90896    34.9048    34.9206     3.7417     3.7410    27.7372    27.7499    5.98180    6.19227         18 0.0000e+00
      36124   1505.146   1086.000     3.8233   3.279907     3.8227   3.281186      86.22     0.0159     2.5641     2.3061  2.0068550  1.1025641   46.99712  -46.90896    34.9048    34.9206     3.7412     3.7405    27.7373    27.7500    5.98018    6.19178         19 0.0000e+00
      36145   1505.995   1087.000     3.8210   3.279756     3.8205   3.281040      63.57     0.0182     2.5631     2.3056  2.0079589  1.1025641   46.99712  -46.90896    34.9049    34.9208     3.7388     3.7442    27.7376    27.7503    5.97260    6.19276         21 0.0000e+00
      36167   1506.932   1088.000     3.8170   3.279447     3.8165   3.280756      84.45     0.0196     2.5620     2.3050  2.0078013  1.1025641   46.99712  -46.90896    34.9050    34.9211     3.7347     3.7341    27.7381    27.7509    5.96818    6.18873         23 0.0000e+00
      36188   1507.812   1089.000     3.8154   3.279365     3.8148   3.280653      48.60     0.0194     2.5610     2.3044  2.0079365  1.1025641   46.99711  -46.90896    34.9052    34.9211     3.7331     3.7325    27.7384    27.7511    5.96584    6.18914         20 0.0000e+00
      36207   1508.599   1090.000     3.8151   3.279392     3.8146   3.280679      96.62     0.0182     2.5600     2.3039  2.0076668  1.1025641   46.99710  -46.90896    34.9054    34.9211     3.7327     3.7322    27.7386    27.7512    5.97227    6.18401         18 0.0000e+00
      36225   1509.345   1091.000     3.8139   3.279331     3.8134   3.280621      96.79     0.0166     2.5598     2.3031  2.0083354  1.1025641   46.99710  -46.90896    34.9053    34.9212     3.7315     3.7309    27.7387    27.7514    5.97291    6.17936         18 0.0000e+00
      36243   1510.088   1092.000     3.8115   3.279170     3.8109   3.280464      91.73     0.0161     2.5593     2.3022  2.0086088  1.1025641   46.99710  -46.90896    34.9055    34.9215     3.7290     3.7283    27.7391    27.7519    5.96683    6.18301         18 0.0000e+00
      36261   1510.835   1093.000     3.8099   3.279097     3.8093   3.280378      47.76     0.0174     2.5582     2.3018  2.0085468  1.1025641   46.99710  -46.90896    34.9058    34.9216     3.7273     3.7267    27.7395    27.7522    5.95774    6.18407         17 0.0000e+00
      36278   1511.558   1094.000     3.8090   3.279057     3.8083   3.280354      96.74     0.0152     2.5569     2.3013  2.0075185  1.1014620   46.99710  -46.90896    34.9058    34.9219     3.7263     3.7256    27.7396    27.7525    5.95676    6.18133         17 0.0000e+00
      36295   1512.236   1095.000     3.8082   3.279043     3.8076   3.280338      96.34     0.0160     2.5562     2.3008  2.0076323  1.1013417   46.99710  -46.90896    34.9060    34.9219     3.7254     3.7249    27.7398    27.7525    5.96121    6.17880         16 0.0000e+00
      36310   1512.878   1096.000     3.8075   3.279032     3.8070   3.280323      96.80     0.0166     2.5554     2.3001  2.0077336  1.1013432   46.99710  -46.90896    34.9061    34.9219     3.7247     3.7241    27.7400    27.7527    5.96072    6.17681         15 0.0000e+00
      36325   1513.505   1097.000     3.8054   3.278892     3.8054   3.280227      57.58     0.0147     2.5557     2.2995  2.0083892  1.1013432   46.99710  -46.90896    34.9061    34.9220     3.7225     3.7224    27.7402    27.7529    5.96325    6.17062         15 0.0000e+00
      36340   1514.145   1098.000     3.8033   3.278758     3.8029   3.280060      72.52     0.0155     2.5542     2.2987  2.0082421  1.1013432   46.99708  -46.90896    34.9063    34.9221     3.7203     3.7199    27.7406    27.7532    5.96517    6.16385         16 0.0000e+00
      36357   1514.846   1099.000     3.7994   3.278453     3.7993   3.279787      96.63     0.0159     2.5550     2.2973  2.0080740  1.1013432   46.99708  -46.90896    34.9063    34.9223     3.7164     3.7197    27.7410    27.7537    5.95368    6.15772         18 0.0000e+00
      36380   1515.772   1100.000     3.7979   3.278374     3.7975   3.279676      65.00     0.0127     2.5520     2.2957  2.0101137  1.1002156   46.99708  -46.90896    34.9064    34.9222     3.7148     3.7145    27.7412    27.7539    5.94629    6.15723         28 0.0000e+00
      36414   1517.194   1101.000     3.7970   3.278337     3.7965   3.279624      98.96     0.0091     2.5512     2.2943  2.0096223  1.1001190   46.99708  -46.90896    34.9064    34.9222     3.7138     3.7133    27.7413    27.7540    5.95336    6.16601         34 0.0000e+00
      36438   1518.206   1102.000     3.7953   3.278253     3.7948   3.279542      84.70     0.0083     2.5498     2.2937  2.0088727  1.1001221   46.99708  -46.90894    34.9067    34.9225     3.7121     3.7116    27.7417    27.7543    5.94360    6.16711         18 0.0000e+00
