data/CTD/2013/CNV/D021A021.CNV
* Sea-Bird SBE 9 Data File:
* FileName = C:\CTD_ACQUISITION\2013021HUD\ctddata\021A021.hdr
* Software Version Seasave V 7.22.2
* Temperature SN = 5081
* Conductivity SN = 3561
* Number of Bytes Per Scan = 37
* Number of Voltage Words = 4
* Number of Scans Averaged by the Deck Unit = 1
* NMEA Latitude = 46 59.98 N
* NMEA Longitude = 046 29.00 W
* NMEA UTC (Time) = Jul 02 2013 07:03:49
* NMEA baud rate = 9600
** Ship: Hudson
** Cruise: HUD2013021
** Chief_Scientist: Greenan
** Organization: BIO
** Area_of_Operation: Sackville Spur
** Station: 21
** Sounding:  416
** Event_Comments: FC20  393129
# nquan = 25
# nvalues = 342                         
# units = specified
# name 0 = scan: Scan Count
# name 1 = timeS: Time, Elapsed [seconds]
# name 2 = prDM: Pressure, Digiquartz [db]
# name 3 = t068C: Temperature [ITS-68, deg C]
# name 4 = c0S/m: Conductivity [S/m]
# name 5 = t168C: Temperature, 2 [ITS-68, deg C]
# name 6 = c1S/m: Conductivity, 2 [S/m]
# name 7 = altM: Altimeter [m]
# name 8 = flCUVA: Fluorescence, Chelsea UV Aquatracka [ug/l]
# name 9 = sbeox0V: Oxygen raw, SBE 43 [V]
# name 10 = sbeox1V: Oxygen raw, SBE 43, 2 [V]
# name 11 = upoly0: Upoly 0, Optode 4330F - O2 D-Phase
# name 12 = upoly1: Upoly 1, Optode 4330F - O2 Temp
# name 13 = latitude: Latitude [deg]
# name 14 = longitude: Longitude [deg]
# name 15 = sal00: Salinity, Practical [PSU]
# name 16 = sal11: Salinity, Practical, 2 [PSU]
# name 17 = potemp068C: Potential Temperature [ITS-68, deg C]
# name 18 = potemp168C: Potential Temperature, 2 [ITS-68, deg C]
# name 19 = sigma-é00: Density [sigma-theta, Kg/m^3]
# name 20 = sigma-é11: Density, 2 [sigma-theta, Kg/m^3]
# name 21 = sbeox0ML/L: Oxygen, SBE 43 [ml/l], WS = 2
# name 22 = sbeox1ML/L: Oxygen, SBE 43, 2 [ml/l], WS = 2
# name 23 = nbin: number of scans per bin
# name 24 = flag: flag
# span 0 =       8826,      19503       
# span 1 =    367.716,    812.592       
# span 2 =      3.000,    344.000       
# span 3 =     2.8230,     7.9081       
# span 4 =   3.096969,   3.487697       
# span 5 =     2.8227,     7.9147       
# span 6 =   3.098287,   3.490031       
# span 7 =       3.05,      97.78       
# span 8 =     0.0098,     0.3924       
# span 9 =     2.6409,     3.3798       
# span 10 =     2.3717,     3.0247      
# span 11 =  1.6860453,  2.0390890      
# span 12 =  0.9831388,  1.5983196      
# span 13 =   46.99938,   46.99990      
# span 14 =  -46.48392,  -46.48324      
# span 15 =    32.7802,    34.9461      
# span 16 =    32.7948,    34.9614      
# span 17 =     2.8172,     7.9052      
# span 18 =     2.8169,     7.9119      
# span 19 =    25.7154,    27.6704      
# span 20 =    25.7269,    27.6827      
# span 21 =    5.41105,    7.16364      
# span 22 =    5.59229,    7.26064      
# span 23 =         13,         98      
# span 24 = 0.0000e+00, 0.0000e+00      
# interval = decibars: 1                
# start_time = Jul 02 2013 07:03:49 [NMEA time, header]
# bad_flag = -9.990e-29
*END*
[from data line 232]
      16877    703.157    235.000     4.8450   3.332787     4.8434   3.333956      90.60     0.0128     2.6425     2.3746  2.0109653  1.2210479   46.99990  -46.48380    34.8908    34.9061     4.8269     4.8253    27.6089    27.6212    5.42596    5.61047         19 0.0000e+00
      16895    703.901    236.000     4.8525   3.333655     4.8509   3.334764      28.41     0.0146     2.6426     2.3742  2.0131075  1.2210013   46.99990  -46.48380    34.8925    34.9071     4.8343     4.8326    27.6094    27.6212    5.42636    5.61005         18 0.0000e+00
      16911    704.597    237.000     4.8649   3.334999     4.8639   3.336198      95.39     0.0167     2.6418     2.3742  2.0158453  1.2210013   46.99990  -46.48380    34.8946    34.9096     4.8466     4.8456    27.6096    27.6216    5.42285    5.60309         16 0.0000e+00
      16928    705.307    238.000     4.8799   3.336594     4.8788   3.337772      95.77     0.0186     2.6413     2.3727  2.0158730  1.2210013   46.99990  -46.48380    34.8969    34.9117     4.8615     4.8604    27.6097    27.6216    5.42070    5.59229         18 0.0000e+00
      16948    706.129    239.000     4.8791   3.336733     4.8783   3.337953      84.36     0.0174     2.6409     2.3720  2.0193524  1.2223060   46.99990  -46.48378    34.8988    34.9138     4.8606     4.8598    27.6114    27.6233    5.42615    5.60056         22 0.0000e+00
      16973    707.149    240.000     4.8981   3.338911     4.8971   3.340098      57.67     0.0177     2.6413     2.3719  2.0207338  1.2228463   46.99990  -46.48378    34.9036    34.9185     4.8795     4.8785    27.6130    27.6249    5.43341    5.60263         27 0.0000e+00
      17000    708.276    241.000     4.9188   3.341237     4.9180   3.342458      97.02     0.0164     2.6429     2.3717  2.0257101  1.2263706   46.99990  -46.48378    34.9085    34.9234     4.9001     4.8993    27.6145    27.6264    5.43671    5.60115         26 0.0000e+00
      17025    709.351    242.000     4.9235   3.341862     4.9232   3.343149      66.91     0.0149     2.6425     2.3719  2.0268819  1.2271686   46.99988  -46.48376    34.9103    34.9255     4.9046     4.9044    27.6154    27.6275    5.42533    5.60313         25 0.0000e+00
      17048    710.289    243.000     4.9229   3.341862     4.9229   3.343177      68.55     0.0178     2.6433     2.3717  2.0280795  1.2294834   46.99988  -46.48376    34.9104    34.9257     4.9040     4.9040    27.6155    27.6277    5.43919    5.60171         21 0.0000e+00
      17068    711.133    244.000     4.9209   3.341750     4.9209   3.343050      96.49     0.0148     2.6439     2.3722  2.0280831  1.2296675   46.99988  -46.48376    34.9107    34.9257     4.9019     4.9019    27.6160    27.6279    5.43856    5.61002         20 0.0000e+00
      17088    711.955    245.000     4.9149   3.341269     4.9146   3.342558      96.92     0.0162     2.6441     2.3726  2.0294914  1.2310851   46.99988  -46.48376    34.9109    34.9262     4.8958     4.8955    27.6169    27.6290    5.43984    5.61409         19 0.0000e+00
      17108    712.797    246.000     4.9130   3.341184     4.9128   3.342486      32.51     0.0177     2.6450     2.3730  2.0305309  1.2324049   46.99988  -46.48375    34.9114    34.9267     4.8938     4.8936    27.6175    27.6296    5.44601    5.61253         21 0.0000e+00
      17129    713.670    247.000     4.9154   3.341563     4.9150   3.342837      97.39     0.0199     2.6453     2.3729  2.0312257  1.2326307   46.99988  -46.48374    34.9127    34.9279     4.8962     4.8957    27.6182    27.6304    5.44372    5.61301         21 0.0000e+00
      17151    714.568    248.000     4.9192   3.342058     4.9190   3.343372      96.93     0.0164     2.6464     2.3737  2.0340393  1.2333267   46.99988  -46.48374    34.9139    34.9293     4.8999     4.8997    27.6188    27.6311    5.45986    5.62224         22 0.0000e+00
      17173    715.484    249.000     4.9210   3.342341     4.9209   3.343653      55.69     0.0131     2.6479     2.3745  2.0340774  1.2332665   46.99988  -46.48374    34.9147    34.9301     4.9017     4.9015    27.6192    27.6315    5.46031    5.62111         22 0.0000e+00
      17194    716.380    250.000     4.9222   3.342549     4.9220   3.343850      75.71     0.0141     2.6491     2.3748  2.0354168  1.2344393   46.99988  -46.48374    34.9154    34.9307     4.9027     4.9025    27.6196    27.6318    5.45990    5.62877         21 0.0000e+00
      17215    717.235    251.000     4.9228   3.342721     4.9227   3.344030      60.03     0.0151     2.6495     2.3763  2.0354090  1.2344322   46.99988  -46.48372    34.9162    34.9316     4.9033     4.9031    27.6202    27.6324    5.46846    5.63315         20 0.0000e+00
      17235    718.090    252.000     4.9184   3.342443     4.9189   3.343826      48.69     0.0174     2.6516     2.3767  2.0361710  1.2352527   46.99988  -46.48372    34.9171    34.9327     4.8987     4.8992    27.6215    27.6338    5.47337    5.62978         21 0.0000e+00
      17258    719.046    253.000     4.9150   3.342210     4.9149   3.343530      96.04     0.0176     2.6519     2.3770  2.0365300  1.2356466   46.99988  -46.48372    34.9175    34.9329     4.8953     4.8952    27.6222    27.6344    5.46399    5.62769         26 0.0000e+00
      17287    720.260    254.000     4.9110   3.341906     4.9111   3.343254      69.32     0.0153     2.6525     2.3775  2.0375051  1.2365671   46.99988  -46.48372    34.9176    34.9331     4.8912     4.8913    27.6227    27.6350    5.47536    5.63954         31 0.0000e+00
      17316    721.462    255.000     4.9077   3.341732     4.9076   3.343051      74.70     0.0166     2.6547     2.3790  2.0378141  1.2368358   46.99988  -46.48370    34.9185    34.9339     4.8878     4.8877    27.6238    27.6361    5.49354    5.64848         25 0.0000e+00
      17337    722.324    256.000     4.9049   3.341610     4.9048   3.342934      95.95     0.0189     2.6566     2.3801  2.0390890  1.2365999   46.99988  -46.48370    34.9195    34.9349     4.8850     4.8849    27.6249    27.6372    5.50080    5.66167         18 0.0000e+00
      17353    723.021    257.000     4.9042   3.341642     4.9041   3.342988      95.67     0.0192     2.6584     2.3818  2.0390720  1.2368741   46.99988  -46.48370    34.9201    34.9358     4.8841     4.8841    27.6255    27.6380    5.50939    5.67160         16 0.0000e+00
      17369    723.665    258.000     4.9036   3.341635     4.9038   3.343006      29.16     0.0178     2.6597     2.3834  2.0390720  1.2366306   46.99988  -46.48369    34.9201    34.9358     4.8835     4.8837    27.6256    27.6380    5.51124    5.67877         15 0.0000e+00
      17385    724.326    259.000     4.9030   3.341632     4.9030   3.342982      73.02     0.0181     2.6615     2.3852  2.0390720  1.2367294   46.99988  -46.48368    34.9201    34.9358     4.8829     4.8828    27.6257    27.6381    5.52251    5.69734         17 0.0000e+00
      17402    725.061    260.000     4.8949   3.340911     4.8954   3.342314      95.60     0.0170     2.6639     2.3884  2.0390720  1.2365581   46.99988  -46.48368    34.9198    34.9354     4.8746     4.8752    27.6264    27.6387    5.53104    5.70734         19 0.0000e+00
      17424    725.967    261.000     4.8803   3.339612     4.8809   3.341022      91.97     0.0150     2.6661     2.3907  2.0390720  1.2368156   46.99988  -46.48368    34.9195    34.9351     4.8600     4.8607    27.6278    27.6401    5.54013    5.70986         25 0.0000e+00
      17454    727.191    262.000     4.8653   3.338287     4.8659   3.339696      57.65     0.0131     2.6700     2.3939  2.0390720  1.2369100   46.99988  -46.48367    34.9193    34.9349     4.8449     4.8456    27.6294    27.6417    5.55588    5.71364         33 0.0000e+00
      17487    728.587    263.000     4.8540   3.337250     4.8543   3.338634      49.39     0.0160     2.6734     2.3964  2.0390720  1.2351252   46.99988  -46.48366    34.9185    34.9343     4.8336     4.8339    27.6301    27.6425    5.55698    5.71811         32 0.0000e+00
      17514    729.724    264.000     4.8448   3.336404     4.8453   3.337802      47.60     0.0147     2.6758     2.3981  2.0390720  1.2349067   46.99988  -46.48366    34.9178    34.9335     4.8244     4.8249    27.6306    27.6430    5.56070    5.72544         23 0.0000e+00
      17534    730.548    265.000     4.8324   3.335241     4.8330   3.336653      68.30     0.0207     2.6771     2.3993  2.0390720  1.2331982   46.99988  -46.48366    34.9168    34.9325     4.8119     4.8125    27.6312    27.6436    5.56447    5.73149         17 0.0000e+00
      17550    731.228    266.000     4.8260   3.334666     4.8266   3.336074      88.76     0.0200     2.6774     2.4005  2.0390720  1.2332113   46.99988  -46.48364    34.9162    34.9320     4.8055     4.8060    27.6315    27.6440    5.56745    5.73776         15 0.0000e+00
      17565    731.847    267.000     4.8243   3.334575     4.8245   3.335959      13.10     0.0195     2.6788     2.4015  2.0386562  1.2327955   46.99987  -46.48364    34.9165    34.9323     4.8036     4.8039    27.6319    27.6444    5.57047    5.73522         15 0.0000e+00
      17580    732.472    268.000     4.8232   3.334536     4.8238   3.335914      91.69     0.0194     2.6797     2.4018  2.0378604  1.2319995   46.99986  -46.48364    34.9164    34.9321     4.8025     4.8030    27.6319    27.6443    5.56720    5.72849         16 0.0000e+00
      17598    733.202    269.000     4.8214   3.334383     4.8212   3.335708      85.27     0.0169     2.6794     2.4018  2.0378511  1.2319902   46.99988  -46.48364    34.9162    34.9318     4.8006     4.8004    27.6320    27.6444    5.55998    5.72683         20 0.0000e+00
      17628    734.465    270.000     4.8209   3.334388     4.8204   3.335679      53.49     0.0182     2.6792     2.4017  2.0358586  1.2300280   46.99986  -46.48362    34.9162    34.9318     4.8001     4.7996    27.6321    27.6445    5.55226    5.71770         40 0.0000e+00
      17665    736.005    271.000     4.8219   3.334561     4.8221   3.335925      92.60     0.0171     2.6763     2.3993  2.0347571  1.2295201   46.99986  -46.48362    34.9166    34.9323     4.8010     4.8011    27.6323    27.6447    5.51685    5.68797         29 0.0000e+00
      17688    736.960    272.000     4.8282   3.335300     4.8293   3.336756      96.72     0.0160     2.6721     2.3957  2.0341740  1.2295482   46.99986  -46.48360    34.9182    34.9339     4.8072     4.8083    27.6328    27.6452    5.49212    5.66800         20 0.0000e+00
      17706    737.715    273.000     4.8415   3.336817     4.8411   3.338106      25.80     0.0156     2.6686     2.3935  2.0339708  1.2295482   46.99986  -46.48360    34.9213    34.9367     4.8204     4.8200    27.6338    27.6461    5.47922    5.66421         17 0.0000e+00
      17724    738.469    274.000     4.8521   3.338006     4.8518   3.339302      68.80     0.0187     2.6645     2.3910  2.0328596  1.2295482   46.99986  -46.48360    34.9235    34.9389     4.8308     4.8305    27.6343    27.6466    5.47229    5.66156         20 0.0000e+00
      17746    739.396    275.000     4.8614   3.339046     4.8613   3.340373      74.74     0.0175     2.6617     2.3892  2.0327373  1.2295932   46.99986  -46.48360    34.9253    34.9408     4.8400     4.8400    27.6348    27.6470    5.47788    5.66319         26 0.0000e+00
      17775    740.602    276.000     4.8937   3.342548     4.8861   3.343040      39.14     0.0163     2.6587     2.3865  2.0305312  1.2307887   46.99986  -46.48358    34.9315    34.9453     4.8722     4.8646    27.6360    27.6478    5.48690    5.64741         29 0.0000e+00
      17802    741.691    277.000     4.9314   3.346609     4.9239   3.347118      74.91     0.0161     2.6582     2.3841  2.0307956  1.2312578   46.99986  -46.48358    34.9387    34.9525     4.9097     4.9022    27.6373    27.6491    5.48033    5.64793         23 0.0000e+00
      17822    742.522    278.000     4.9514   3.348877     4.9484   3.349856      73.65     0.0160     2.6572     2.3838  2.0309322  1.2332145   46.99986  -46.48358    34.9434    34.9580     4.9297     4.9266    27.6388    27.6507    5.47907    5.65811         18 0.0000e+00
      17839    743.233    279.000     4.9596   3.349860     4.9599   3.351202      72.83     0.0156     2.6567     2.3839  2.0309832  1.2332113   46.99986  -46.48358    34.9458    34.9610     4.9377     4.9380    27.6397    27.6518    5.49221    5.68808         16 0.0000e+00
      17855    743.918    280.000     4.9565   3.349655     4.9566   3.350983      72.25     0.0133     2.6579     2.3870  2.0293019  1.2354406   46.99986  -46.48357    34.9461    34.9614     4.9346     4.9346    27.6403    27.6524    5.52011    5.71562         17 0.0000e+00
      17873    744.659    281.000     4.9482   3.348896     4.9459   3.349998      73.58     0.0145     2.6613     2.3899  2.0277772  1.2380686   46.99985  -46.48356    34.9455    34.9606     4.9262     4.9239    27.6408    27.6531    5.54682    5.71999         19 0.0000e+00
      17896    745.608    282.000     4.9390   3.348022     4.9389   3.349345      45.46     0.0135     2.6658     2.3929  2.0280774  1.2388947   46.99984  -46.48356    34.9445    34.9599     4.9169     4.9168    27.6411    27.6533    5.57352    5.72906         27 0.0000e+00
      17927    746.897    283.000     4.9253   3.346678     4.9239   3.347894      72.18     0.0111     2.6736     2.3974  2.0293050  1.2417606   46.99984  -46.48355    34.9429    34.9583     4.9031     4.9018    27.6414    27.6538    5.60038    5.74144         34 0.0000e+00
      17959    748.239    284.000     4.8864   3.342836     4.8846   3.344007      42.74     0.0098     2.6807     2.4008  2.0303288  1.2408565   46.99984  -46.48354    34.9383    34.9539     4.8643     4.8625    27.6423    27.6548    5.61774    5.76398         30 0.0000e+00
      17985    749.346    285.000     4.8085   3.335098     4.8100   3.336628      66.47     0.0147     2.6865     2.4061  2.0307419  1.2405336   46.99984  -46.48354    34.9297    34.9459     4.7864     4.7879    27.6443    27.6570    5.64828    5.80993         23 0.0000e+00
      18007    750.248    286.000     4.7937   3.333651     4.7925   3.334898      65.66     0.0163     2.6909     2.4103  2.0308945  1.2386667   46.99984  -46.48352    34.9278    34.9436     4.7717     4.7704    27.6445    27.6572    5.66049    5.82355         20 0.0000e+00
      18027    751.068    287.000     4.7720   3.331460     4.7714   3.332770      64.96     0.0142     2.6949     2.4146  2.0310142  1.2387058   46.99984  -46.48352    34.9246    34.9405     4.7499     4.7493    27.6444    27.6571    5.68139    5.84193         20 0.0000e+00
      18046    751.872    288.000     4.7478   3.329144     4.7487   3.330508      64.06     0.0163     2.6999     2.4182  2.0312951  1.2344507   46.99984  -46.48351    34.9213    34.9374     4.7268     4.7265    27.6444    27.6573    5.70095    5.84861         19 0.0000e+00
      18065    752.676    289.000     4.7338   3.327641     4.7330   3.328948      63.13     0.0142     2.7041     2.4214  2.0317516  1.2285119   46.99984  -46.48350    34.9192    34.9352     4.7116     4.7109    27.6445    27.6573    5.72482    5.86347         19 0.0000e+00
      18085    753.482    290.000     4.7275   3.327031     4.7287   3.328524      62.28     0.0134     2.7101     2.4251  2.0317461  1.2285101   46.99984  -46.48350    34.9181    34.9344     4.7053     4.7064    27.6444    27.6571    5.75387    5.88792         20 0.0000e+00
      18104    754.311    291.000     4.7045   3.324756     4.6971   3.325382      60.79     0.0146     2.7164     2.4302  2.0307097  1.2243040   46.99984  -46.48350    34.9152    34.9303     4.6822     4.6749    27.6447    27.6574    5.77161    5.91961         20 0.0000e+00
