data/CTD/2013/CNV/D021A015.CNV
* Sea-Bird SBE 9 Data File:
* FileName = C:\CTD_ACQUISITION\2013021HUD\ctddata\021A015.hdr
* Software Version Seasave V 7.22.2
* Temperature SN = 5081
* Conductivity SN = 3561
* Number of Bytes Per Scan = 37
* Number of Voltage Words = 4
* Number of Scans Averaged by the Deck Unit = 1
* NMEA Latitude = 46 59.86 N
* NMEA Longitude = 047 00.97 W
* NMEA UTC (Time) = Jul 01 2013 23:47:27
* NMEA baud rate = 9600
** Ship: Hudson
** Cruise: HUD2013021
** Chief_Scientist: Greenan
** Organization: BIO
** Area_of_Operation: Sackville Spur
** Station: 15
** Sounding:  1154
** Event_Comments: FC17  393117
# nquan = 25
# nvalues = 1141                        
# units = specified
# name 0 = scan: Scan Count
# name 1 = timeS: Time, Elapsed [seconds]
# name 2 = prDM: Pressure, Digiquartz [db]
# name 3 = t068C: Temperature [ITS-68, deg C]
# name 4 = c0S/m: Conductivity [S/m]
# name 5 = t168C: Temperature, 2 [ITS-68, deg C]
# name 6 = c1S/m: Conductivity, 2 [S/m]
# name 7 = altM: Altimeter [m]
# name 8 = flCUVA: Fluorescence, Chelsea UV Aquatracka [ug/l]
# name 9 = sbeox0V: Oxygen raw, SBE 43 [V]
# name 10 = sbeox1V: Oxygen raw, SBE 43, 2 [V]
# name 11 = upoly0: Upoly 0, Optode 4330F - O2 D-Phase
# name 12 = upoly1: Upoly 1, Optode 4330F - O2 Temp
# name 13 = latitude: Latitude [deg]
# name 14 = longitude: Longitude [deg]
# name 15 = sal00: Salinity, Practical [PSU]
# name 16 = sal11: Salinity, Practical, 2 [PSU]
# name 17 = potemp068C: Potential Temperature [ITS-68, deg C]
# name 18 = potemp168C: Potential Temperature, 2 [ITS-68, deg C]
# name 19 = sigma-é00: Density [sigma-theta, Kg/m^3]
# name 20 = sigma-é11: Density, 2 [sigma-theta, Kg/m^3]
# name 21 = sbeox0ML/L: Oxygen, SBE 43 [ml/l], WS = 2
# name 22 = sbeox1ML/L: Oxygen, SBE 43, 2 [ml/l], WS = 2
# name 23 = nbin: number of scans per bin
# name 24 = flag: flag
# span 0 =      10762,      46763       
# span 1 =    448.383,   1948.434       
# span 2 =      2.000,   1142.000       
# span 3 =    -0.4216,     6.8842       
# span 4 =   2.733994,   3.299102       
# span 5 =    -0.4206,     6.9087       
# span 6 =   2.735323,   3.301991       
# span 7 =       1.33,     132.24       
# span 8 =     0.0068,     0.1975       
# span 9 =     2.5123,     3.3735       
# span 10 =     2.2643,     3.0161      
# span 11 =  1.7128848,  2.0274835      
# span 12 =  0.5922542,  1.4850753      
# span 13 =   46.99547,   46.99679      
# span 14 =  -47.01636,  -47.01417      
# span 15 =    32.5921,    34.9127      
# span 16 =    32.6012,    34.9285      
# span 17 =    -0.4233,     6.8840      
# span 18 =    -0.4222,     6.9085      
# span 19 =    25.5390,    27.7519      
# span 20 =    25.5419,    27.7646      
# span 21 =    5.87064,    7.66603      
# span 22 =    6.09830,    7.80854      
# span 23 =          6,        103      
# span 24 = 0.0000e+00, 0.0000e+00      
# interval = decibars: 1                
# start_time = Jul 01 2013 23:47:27 [NMEA time, header]
# bad_flag = -9.990e-29
*END*
[from data line 1044]
      44458   1852.370   1046.000     3.8165   3.277559     3.8160   3.278840      96.82     0.0148     2.5870     2.3305  1.9956411  1.1013432   46.99564  -47.01626    34.9045    34.9202     3.7378     3.7386    27.7374    27.7500    6.02637    6.24379         42 0.0000e+00
      44500   1854.133   1047.000     3.8140   3.277375     3.8138   3.278682      96.56     0.0158     2.5857     2.3293  1.9961139  1.1013432   46.99564  -47.01626    34.9045    34.9202     3.7352     3.7349    27.7376    27.7502    6.01774    6.24068         32 0.0000e+00
      44523   1855.092   1048.000     3.8119   3.277220     3.8114   3.278505      96.80     0.0109     2.5854     2.3288  1.9965981  1.1013432   46.99564  -47.01626    34.9044    34.9201     3.7330     3.7325    27.7378    27.7504    6.02195    6.24421         19 0.0000e+00
      44541   1855.821   1049.000     3.8114   3.277219     3.8109   3.278501      96.30     0.0150     2.5850     2.3284  1.9971062  1.1020381   46.99564  -47.01626    34.9044    34.9201     3.7324     3.7319    27.7379    27.7504    6.01557    6.24036         16 0.0000e+00
      44556   1856.478   1050.000     3.8104   3.277175     3.8099   3.278459       6.88     0.0164     2.5838     2.3279  1.9976336  1.1024109   46.99564  -47.01626    34.9044    34.9201     3.7314     3.7309    27.7379    27.7505    6.01893    6.24082         16 0.0000e+00
      44572   1857.116   1051.000     3.8093   3.277110     3.8088   3.278406      86.09     0.0172     2.5841     2.3277  1.9977999  1.1023211   46.99564  -47.01626    34.9043    34.9201     3.7302     3.7297    27.7380    27.7507    6.01775    6.24272         15 0.0000e+00
      44588   1857.775   1052.000     3.8082   3.277049     3.8077   3.278345      96.88     0.0166     2.5835     2.3273  1.9988614  1.1019515   46.99564  -47.01626    34.9042    34.9201     3.7290     3.7285    27.7381    27.7508    6.01690    6.24113         16 0.0000e+00
      44605   1858.486   1053.000     3.8067   3.276952     3.8063   3.278257      96.10     0.0157     2.5833     2.3269  1.9998744  1.1013371   46.99564  -47.01626    34.9042    34.9200     3.7275     3.7271    27.7382    27.7508    6.02344    6.24312         18 0.0000e+00
      44624   1859.285   1054.000     3.8048   3.276823     3.8044   3.278121      83.33     0.0141     2.5829     2.3267  1.9999988  1.1013432   46.99564  -47.01626    34.9042    34.9199     3.7255     3.7251    27.7384    27.7509    6.02522    6.24083         21 0.0000e+00
      44645   1860.178   1055.000     3.8032   3.276718     3.8027   3.278016      92.77     0.0132     2.5830     2.3261  1.9989017  1.1008489   46.99564  -47.01626    34.9041    34.9200     3.7238     3.7233    27.7385    27.7512    6.02036    6.23646         22 0.0000e+00
      44668   1861.119   1056.000     3.8028   3.276739     3.8023   3.278026      96.08     0.0131     2.5820     2.3253  1.9987797  1.1009179   46.99564  -47.01626    34.9042    34.9200     3.7234     3.7228    27.7386    27.7513    6.01001    6.23436         23 0.0000e+00
      44692   1862.144   1057.000     3.8027   3.276772     3.8022   3.278051      96.84     0.0082     2.5809     2.3245  1.9996195  1.1001837   46.99564  -47.01626    34.9042    34.9199     3.7231     3.7226    27.7387    27.7512    6.01006    6.23187         27 0.0000e+00
      44722   1863.376   1058.000     3.8022   3.276769     3.8017   3.278059      96.83     0.0125     2.5796     2.3232  1.9998064  1.1001228   46.99564  -47.01626    34.9042    34.9201     3.7226     3.7220    27.7387    27.7514    6.00235    6.22700         32 0.0000e+00
      44753   1864.656   1059.000     3.8039   3.277033     3.8031   3.278280      96.82     0.0155     2.5781     2.3225  2.0000081  1.1001221   46.99564  -47.01626    34.9050    34.9206     3.7242     3.7234    27.7392    27.7517    6.00825    6.22879         26 0.0000e+00
      44775   1865.565   1060.000     3.8076   3.277469     3.8070   3.278741      80.92     0.0121     2.5779     2.3215  1.9999341  1.1001221   46.99564  -47.01626    34.9058    34.9215     3.7277     3.7271    27.7394    27.7520    6.00587    6.22193         19 0.0000e+00
      44791   1866.258   1061.000     3.8075   3.277530     3.8072   3.278821      91.20     0.0106     2.5768     2.3212  1.9995067  1.1001221   46.99564  -47.01626    34.9061    34.9218     3.7276     3.7272    27.7397    27.7522    6.00426    6.22229         15 0.0000e+00
      44806   1866.870   1062.000     3.8060   3.277426     3.8057   3.278726      96.91     0.0146     2.5772     2.3202  1.9995652  1.1001221   46.99563  -47.01626    34.9059    34.9217     3.7260     3.7257    27.7397    27.7523    6.00651    6.21855         14 0.0000e+00
      44820   1867.458   1063.000     3.8045   3.277335     3.8038   3.278602      96.64     0.0158     2.5764     2.3199  1.9995116  1.1001221   46.99562  -47.01626    34.9059    34.9217     3.7245     3.7237    27.7399    27.7525    6.00580    6.21863         15 0.0000e+00
      44835   1868.078   1064.000     3.8053   3.277478     3.8048   3.278754      96.85     0.0155     2.5761     2.3193  2.0010457  1.1001221   46.99562  -47.01626    34.9062    34.9219     3.7252     3.7246    27.7400    27.7526    6.00373    6.22031         15 0.0000e+00
      44853   1868.816   1065.000     3.8055   3.277531     3.8049   3.278819      96.36     0.0201     2.5755     2.3189  2.0011036  1.1001221   46.99562  -47.01626    34.9062    34.9220     3.7252     3.7247    27.7400    27.7527    5.99627    6.22481         21 0.0000e+00
      44878   1869.868   1066.000     3.8047   3.277503     3.8043   3.278787      96.20     0.0178     2.5744     2.3185  2.0014956  1.1001221   46.99562  -47.01626    34.9062    34.9218     3.7244     3.7240    27.7401    27.7526    5.99854    6.22460         30 0.0000e+00
      44907   1871.092   1067.000     3.8045   3.277527     3.8040   3.278813      96.69     0.0135     2.5733     2.3179  2.0019732  1.1001221   46.99562  -47.01626    34.9062    34.9219     3.7241     3.7236    27.7401    27.7527    5.98641    6.21767         25 0.0000e+00
      44929   1871.987   1068.000     3.8037   3.277529     3.8033   3.278817      74.76     0.0169     2.5720     2.3169  2.0025237  1.1001221   46.99562  -47.01626    34.9065    34.9222     3.7233     3.7228    27.7405    27.7530    5.99011    6.20455         19 0.0000e+00
      44947   1872.745   1069.000     3.8020   3.277429     3.8016   3.278717      96.96     0.0176     2.5714     2.3156  2.0025101  1.1001221   46.99562  -47.01626    34.9066    34.9224     3.7215     3.7210    27.7407    27.7533    5.98983    6.19733         18 0.0000e+00
      44965   1873.496   1070.000     3.8015   3.277426     3.8010   3.278706      96.52     0.0193     2.5707     2.3144  2.0026343  1.1001221   46.99562  -47.01626    34.9066    34.9223     3.7209     3.7236    27.7408    27.7533    5.98921    6.19771         19 0.0000e+00
      44984   1874.302   1071.000     3.8014   3.277466     3.8007   3.278726      95.64     0.0173     2.5699     2.3134  2.0030470  1.1001221   46.99562  -47.01626    34.9066    34.9223     3.7207     3.7200    27.7408    27.7534    5.99461    6.20166         20 0.0000e+00
      45005   1875.182   1072.000     3.8011   3.277481     3.8006   3.278766      96.61     0.0175     2.5700     2.3126  2.0029423  1.1001221   46.99562  -47.01626    34.9067    34.9224     3.7203     3.7198    27.7409    27.7534    5.99598    6.19876         22 0.0000e+00
      45027   1876.094   1073.000     3.8008   3.277498     3.8001   3.278768      96.69     0.0129     2.5693     2.3115  2.0044231  1.1001221   46.99562  -47.01626    34.9066    34.9225     3.7200     3.7192    27.7409    27.7536    5.98634    6.20227         22 0.0000e+00
      45049   1876.992   1074.000     3.8005   3.277508     3.8000   3.278812      96.05     0.0146     2.5682     2.3113  2.0045342  1.1000645   46.99561  -47.01626    34.9067    34.9226     3.7195     3.7191    27.7410    27.7537    5.98612    6.21222         21 0.0000e+00
      45071   1877.909   1075.000     3.8008   3.277589     3.8001   3.278863      81.46     0.0163     2.5678     2.3113  2.0049336  1.1001216   46.99560  -47.01626    34.9068    34.9225     3.7197     3.7191    27.7410    27.7536    5.99152    6.21162         23 0.0000e+00
      45094   1878.874   1076.000     3.8011   3.277672     3.8006   3.278955      94.35     0.0156     2.5673     2.3109  2.0047250  1.1001221   46.99560  -47.01626    34.9069    34.9227     3.7200     3.7194    27.7411    27.7537    5.98181    6.20725         23 0.0000e+00
      45116   1879.804   1077.000     3.8011   3.277731     3.8006   3.279011      96.89     0.0189     2.5661     2.3106  2.0047684  1.1001221   46.99560  -47.01626    34.9071    34.9228     3.7199     3.7194    27.7412    27.7538    5.98549    6.20975         21 0.0000e+00
      45136   1880.609   1078.000     3.8011   3.277768     3.8005   3.279056      96.85     0.0186     2.5661     2.3105  2.0043387  1.1001221   46.99560  -47.01626    34.9070    34.9229     3.7198     3.7192    27.7412    27.7539    5.99150    6.21243         18 0.0000e+00
      45153   1881.326   1079.000     3.8010   3.277814     3.8005   3.279094      96.85     0.0211     2.5660     2.3104  2.0042386  1.1001221   46.99560  -47.01626    34.9072    34.9229     3.7196     3.7191    27.7413    27.7539    5.98239    6.21316         17 0.0000e+00
      45169   1882.007   1080.000     3.8008   3.277831     3.8004   3.279136      96.07     0.0219     2.5650     2.3103  2.0055444  1.1001221   46.99560  -47.01626    34.9071    34.9229     3.7193     3.7190    27.7413    27.7539    5.98156    6.21232         16 0.0000e+00
      45186   1882.711   1081.000     3.8007   3.277859     3.8001   3.279144      95.45     0.0202     2.5649     2.3102  2.0059588  1.1001221   46.99560  -47.01626    34.9070    34.9229     3.7192     3.7185    27.7413    27.7540    5.99013    6.20726         18 0.0000e+00
      45205   1883.509   1082.000     3.8002   3.277869     3.7997   3.279152      95.71     0.0170     2.5648     2.3095  2.0055416  1.1000663   46.99560  -47.01626    34.9071    34.9228     3.7186     3.7181    27.7414    27.7540    5.98829    6.20524         21 0.0000e+00
      45228   1884.472   1083.000     3.8000   3.277881     3.7996   3.279173      79.21     0.0130     2.5643     2.3093  2.0049500  1.1000255   46.99560  -47.01626    34.9070    34.9227     3.7183     3.7203    27.7414    27.7539    5.98500    6.21151         25 0.0000e+00
      45255   1885.567   1084.000     3.7998   3.277915     3.7992   3.279191      96.86     0.0145     2.5634     2.3091  2.0055909  1.0998868   46.99560  -47.01626    34.9071    34.9228     3.7180     3.7174    27.7415    27.7540    5.97181    6.20623         26 0.0000e+00
      45279   1886.564   1085.000     3.7995   3.277937     3.7990   3.279222      96.65     0.0177     2.5618     2.3083  2.0073836  1.0996224   46.99560  -47.01626    34.9072    34.9229     3.7176     3.7171    27.7416    27.7542    5.97570    6.20257         22 0.0000e+00
      45299   1887.434   1086.000     3.7983   3.277872     3.7978   3.279153      96.76     0.0113     2.5619     2.3079  2.0073264  1.0997554   46.99560  -47.01626    34.9071    34.9228     3.7164     3.7158    27.7416    27.7542    5.98096    6.19927         20 0.0000e+00
      45319   1888.245   1087.000     3.7975   3.277840     3.7969   3.279118      96.85     0.0122     2.5610     2.3071  2.0073261  1.1001198   46.99560  -47.01626    34.9071    34.9229     3.7155     3.7149    27.7417    27.7543    5.97182    6.19517         19 0.0000e+00
      45338   1889.028   1088.000     3.7980   3.277940     3.7973   3.279215      96.85     0.0178     2.5607     2.3064  2.0073261  1.1000537   46.99560  -47.01626    34.9073    34.9231     3.7159     3.7152    27.7418    27.7544    5.97943    6.19327         18 0.0000e+00
      45356   1889.810   1089.000     3.7981   3.278003     3.7975   3.279284      96.82     0.0188     2.5600     2.3056  2.0084443  1.0995975   46.99560  -47.01626    34.9074    34.9231     3.7159     3.7153    27.7419    27.7545    5.96838    6.18915         19 0.0000e+00
      45376   1890.611   1090.000     3.7980   3.278044     3.7975   3.279323      73.28     0.0186     2.5591     2.3047  2.0097792  1.0992646   46.99560  -47.01626    34.9074    34.9232     3.7158     3.7152    27.7420    27.7545    5.96217    6.18158         20 0.0000e+00
      45395   1891.433   1091.000     3.7980   3.278086     3.7974   3.279371      96.74     0.0202     2.5579     2.3033  2.0093429  1.0989637   46.99560  -47.01626    34.9075    34.9233     3.7156     3.7151    27.7420    27.7546    5.96250    6.18294         20 0.0000e+00
      45415   1892.258   1092.000     3.7977   3.278108     3.7974   3.279411      96.49     0.0230     2.5572     2.3028  2.0060737  1.0989006   46.99558  -47.01626    34.9075    34.9233     3.7153     3.7149    27.7421    27.7547    5.96120    6.19072         19 0.0000e+00
      45435   1893.065   1093.000     3.7975   3.278141     3.7970   3.279420      95.51     0.0209     2.5560     2.3025  2.0056765  1.0990236   46.99558  -47.01626    34.9076    34.9233     3.7150     3.7145    27.7422    27.7547    5.95916    6.19036         20 0.0000e+00
      45454   1893.865   1094.000     3.7970   3.278141     3.7966   3.279431      95.02     0.0180     2.5553     2.3020  2.0080040  1.0990295   46.99558  -47.01626    34.9076    34.9234     3.7144     3.7139    27.7422    27.7548    5.95972    6.19069         19 0.0000e+00
      45473   1894.661   1095.000     3.7964   3.278132     3.7958   3.279418      95.19     0.0184     2.5547     2.3017  2.0087352  1.0989020   46.99558  -47.01626    34.9077    34.9236     3.7137     3.7131    27.7424    27.7551    5.95517    6.19107         19 0.0000e+00
      45492   1895.472   1096.000     3.7960   3.278142     3.7953   3.279429      96.17     0.0206     2.5534     2.3013  2.0089118  1.0989012   46.99558  -47.01626    34.9077    34.9236     3.7132     3.7157    27.7424    27.7552    5.94466    6.18495         20 0.0000e+00
      45513   1896.338   1097.000     3.7959   3.278169     3.7952   3.279451      84.70     0.0189     2.5519     2.3003  2.0094798  1.0989012   46.99558  -47.01626    34.9077    34.9235     3.7130     3.7124    27.7424    27.7551    5.94389    6.17776         22 0.0000e+00
      45539   1897.398   1098.000     3.7958   3.278219     3.7953   3.279498      67.29     0.0163     2.5508     2.2992  2.0098460  1.0989012   46.99558  -47.01626    34.9078    34.9235     3.7129     3.7123    27.7425    27.7551    5.95351    6.17534         29 0.0000e+00
      45569   1898.663   1099.000     3.7955   3.278235     3.7950   3.279515      81.70     0.0170     2.5501     2.2981  2.0108626  1.0989012   46.99558  -47.01627    34.9077    34.9235     3.7126     3.7120    27.7425    27.7551    5.94528    6.17386         28 0.0000e+00
      45592   1899.633   1100.000     3.7948   3.278224     3.7943   3.279514      79.82     0.0124     2.5489     2.2968  2.0104287  1.0989012   46.99558  -47.01628    34.9079    34.9237     3.7118     3.7178    27.7427    27.7553    5.94068    6.16259         20 0.0000e+00
      45610   1900.361   1101.000     3.7930   3.278125     3.7925   3.279420      96.98     0.0144     2.5477     2.2959  2.0094533  1.0989012   46.99558  -47.01628    34.9081    34.9240     3.7098     3.7093    27.7431    27.7558    5.93876    6.16325         16 0.0000e+00
      45625   1901.015   1102.000     3.7920   3.278087     3.7916   3.279386      96.09     0.0149     2.5473     2.2950  2.0096917  1.0989844   46.99556  -47.01628    34.9082    34.9240     3.7088     3.7084    27.7432    27.7559    5.93908    6.16192         15 0.0000e+00
