data/CTD/2013/CNV/D021A011.CNV
* Sea-Bird SBE 9 Data File:
* FileName = C:\CTD_ACQUISITION\2013021HUD\ctddata\021A011.hdr
* Software Version Seasave V 7.22.2
* Temperature SN = 5081
* Conductivity SN = 3561
* Number of Bytes Per Scan = 37
* Number of Voltage Words = 4
* Number of Scans Averaged by the Deck Unit = 1
* NMEA Latitude = 46 59.93 N
* NMEA Longitude = 047 21.52 W
* NMEA UTC (Time) = Jul 01 2013 19:37:40
* NMEA baud rate = 9600
** Ship: Hudson
** Cruise: HUD2013021
** Chief_Scientist: Greenan
** Organization: BIO
** Area_of_Operation: Sackville Spur
** Station: 11
** Sounding:  259
** Event_Comments: FC14.5  393109
# nquan = 25
# nvalues = 253                         
# units = specified
# name 0 = scan: Scan Count
# name 1 = timeS: Time, Elapsed [seconds]
# name 2 = prDM: Pressure, Digiquartz [db]
# name 3 = t068C: Temperature [ITS-68, deg C]
# name 4 = c0S/m: Conductivity [S/m]
# name 5 = t168C: Temperature, 2 [ITS-68, deg C]
# name 6 = c1S/m: Conductivity, 2 [S/m]
# name 7 = altM: Altimeter [m]
# name 8 = flCUVA: Fluorescence, Chelsea UV Aquatracka [ug/l]
# name 9 = sbeox0V: Oxygen raw, SBE 43 [V]
# name 10 = sbeox1V: Oxygen raw, SBE 43, 2 [V]
# name 11 = upoly0: Upoly 0, Optode 4330F - O2 D-Phase
# name 12 = upoly1: Upoly 1, Optode 4330F - O2 Temp
# name 13 = latitude: Latitude [deg]
# name 14 = longitude: Longitude [deg]
# name 15 = sal00: Salinity, Practical [PSU]
# name 16 = sal11: Salinity, Practical, 2 [PSU]
# name 17 = potemp068C: Potential Temperature [ITS-68, deg C]
# name 18 = potemp168C: Potential Temperature, 2 [ITS-68, deg C]
# name 19 = sigma-é00: Density [sigma-theta, Kg/m^3]
# name 20 = sigma-é11: Density, 2 [sigma-theta, Kg/m^3]
# name 21 = sbeox0ML/L: Oxygen, SBE 43 [ml/l], WS = 2
# name 22 = sbeox1ML/L: Oxygen, SBE 43, 2 [ml/l], WS = 2
# name 23 = nbin: number of scans per bin
# name 24 = flag: flag
# span 0 =       8658,      16804       
# span 1 =    360.701,    700.112       
# span 2 =      3.000,    255.000       
# span 3 =    -0.7901,     6.5129       
# span 4 =   2.689939,   3.244916       
# span 5 =    -0.7912,     6.5136       
# span 6 =   2.691408,   3.246250       
# span 7 =     -10.40,      97.82       
# span 8 =     0.0132,     0.1899       
# span 9 =     2.6088,     3.4473       
# span 10 =     2.3440,     3.0060      
# span 11 =  1.7134275,  2.1062272      
# span 12 =  0.5558858,  1.4426955      
# span 13 =   46.99924,   46.99968      
# span 14 =  -47.35668,  -47.35660      
# span 15 =    32.3490,    34.2710      
# span 16 =    32.3630,    34.2861      
# span 17 =    -0.7916,     6.5127      
# span 18 =    -0.7927,     6.5134      
# span 19 =    25.3947,    27.3620      
# span 20 =    25.4056,    27.3741      
# span 21 =    5.74876,    8.31215      
# span 22 =    5.92751,    8.05040      
# span 23 =         16,         81      
# span 24 = 0.0000e+00, 0.0000e+00      
# interval = decibars: 1                
# start_time = Jul 01 2013 19:37:40 [NMEA time, header]
# bad_flag = -9.990e-29
*END*
[from data line 58]
      11239    468.243     61.000    -0.7073   2.701090    -0.7075   2.702281      83.53     0.0271     3.2562     2.7669  1.9157835  0.5851317   46.99960  -47.35660    33.0429    33.0589    -0.7089    -0.7091    26.5568    26.5698    8.15005    7.75618         48 0.0000e+00
      11275    469.744     62.000    -0.7036   2.702092    -0.7041   2.703232      66.53     0.0283     3.2480     2.7601  1.9170468  0.5786064   46.99960  -47.35660    33.0518    33.0677    -0.7053    -0.7058    26.5638    26.5767    8.12176    7.73866         29 0.0000e+00
      11303    470.904     63.000    -0.6857   2.704164    -0.6865   2.705256      47.71     0.0273     3.2437     2.7560  1.9217626  0.5692158   46.99960  -47.35660    33.0594    33.0751    -0.6874    -0.6882    26.5693    26.5820    8.12511    7.73344         29 0.0000e+00
      11335    472.261     64.000    -0.6603   2.706860    -0.6610   2.708004      71.79     0.0276     3.2383     2.7517  1.9230717  0.5672403   46.99960  -47.35660    33.0677    33.0835    -0.6623    -0.6627    26.5751    26.5879    8.10733    7.71897         39 0.0000e+00
      11393    474.671     65.000    -0.6555   2.707722    -0.6560   2.708862      75.31     0.0330     3.2289     2.7416  1.9263314  0.5675796   46.99960  -47.35660    33.0731    33.0889    -0.6573    -0.6577    26.5792    26.5921    8.03054    7.63634         75 0.0000e+00
      11463    477.588     66.000    -0.6538   2.708225    -0.6542   2.709369      91.01     0.0290     3.2072     2.7256  1.9307623  0.5714604   46.99960  -47.35660    33.0774    33.0932    -0.6556    -0.6560    26.5826    26.5955    7.97291    7.62502         54 0.0000e+00
      11502    479.223     67.000    -0.6358   2.710192    -0.6369   2.711250      58.77     0.0269     3.2017     2.7221  1.9316608  0.5676560   46.99960  -47.35660    33.0836    33.0989    -0.6377    -0.6387    26.5870    26.5994    8.01371    7.63894         31 0.0000e+00
      11531    480.422     68.000    -0.5961   2.714511    -0.5964   2.715616      95.65     0.0237     3.2025     2.7229  1.9352813  0.5634651   46.99958  -47.35660    33.0976    33.1127    -0.5980    -0.5983    26.5967    26.6090    8.06667    7.70015         30 0.0000e+00
      11568    481.941     69.000    -0.6012   2.714632    -0.6015   2.715764      71.79     0.0235     3.2089     2.7290  1.9396219  0.5613353   46.99958  -47.35660    33.1042    33.1197    -0.6031    -0.6034    26.6023    26.6148    8.12594    7.72933         45 0.0000e+00
      11632    484.631     70.000    -0.6096   2.714545    -0.6095   2.715712      81.95     0.0234     3.2193     2.7336  1.9452630  0.5642751   46.99960  -47.35660    33.1116    33.1270    -0.6116    -0.6113    26.6086    26.6211    8.13016    7.71553         81 0.0000e+00
      11694    487.190     71.000    -0.6092   2.715636    -0.6099   2.716728      95.55     0.0252     3.2247     2.7362  1.9502203  0.5639868   46.99960  -47.35660    33.1252    33.1407    -0.6112    -0.6119    26.6196    26.6321    8.12373    7.71501         36 0.0000e+00
      11722    488.391     72.000    -0.6212   2.715345    -0.6214   2.716515      54.43     0.0254     3.2261     2.7368  1.9513570  0.5619531   46.99960  -47.35660    33.1338    33.1497    -0.6231    -0.6234    26.6271    26.6399    8.13807    7.72508         27 0.0000e+00
      11751    489.592     73.000    -0.6232   2.715550    -0.6236   2.716669      48.68     0.0263     3.2277     2.7381  1.9523535  0.5604802   46.99959  -47.35660    33.1382    33.1537    -0.6252    -0.6256    26.6306    26.6432    8.12991    7.73174         33 0.0000e+00
      11799    491.581     74.000    -0.6217   2.715757    -0.6222   2.716887      74.68     0.0257     3.2290     2.7396  1.9523809  0.5573345   46.99958  -47.35660    33.1387    33.1544    -0.6237    -0.6242    26.6310    26.6438    8.13989    7.73329         66 0.0000e+00
      11870    494.551     75.000    -0.6124   2.716746    -0.6114   2.718016      75.74     0.0237     3.2331     2.7413  1.9530365  0.5585878   46.99960  -47.35660    33.1414    33.1581    -0.6144    -0.6132    26.6328    26.6463    8.15497    7.73074         62 0.0000e+00
      11915    496.397     76.000    -0.6008   2.718165    -0.6010   2.719309      84.15     0.0212     3.2346     2.7414  1.9535834  0.5580199   46.99960  -47.35660    33.1470    33.1626    -0.6029    -0.6032    26.6369    26.6495    8.15109    7.72457         33 0.0000e+00
      11943    497.594     77.000    -0.5938   2.719186    -0.5946   2.720259      68.20     0.0203     3.2355     2.7413  1.9536017  0.5569595   46.99960  -47.35660    33.1524    33.1677    -0.5959    -0.5968    26.6410    26.6534    8.14021    7.72312         28 0.0000e+00
      11976    498.974     78.000    -0.5735   2.721375    -0.5745   2.722418      88.47     0.0219     3.2354     2.7410  1.9546944  0.5558858   46.99960  -47.35660    33.1590    33.1742    -0.5757    -0.5767    26.6455    26.6579    8.13887    7.71168         42 0.0000e+00
      12031    501.245     79.000    -0.5661   2.722258    -0.5669   2.723339      66.96     0.0232     3.2353     2.7398  1.9537584  0.5577226   46.99960  -47.35660    33.1621    33.1775    -0.5683    -0.5691    26.6477    26.6602    8.12719    7.71069         60 0.0000e+00
      12089    503.668     80.000    -0.5621   2.723338    -0.5630   2.724421      75.38     0.0229     3.2344     2.7402  1.9537065  0.5604647   46.99960  -47.35662    33.1717    33.1872    -0.5644    -0.5653    26.6553    26.6679    8.13402    7.71906         58 0.0000e+00
      12137    505.681     81.000    -0.5737   2.722698    -0.5737   2.723872      66.11     0.0198     3.2365     2.7409  1.9541233  0.5603415   46.99960  -47.35662    33.1751    33.1909    -0.5760    -0.5760    26.6586    26.6713    8.16413    7.72785         38 0.0000e+00
      12173    507.160     82.000    -0.5753   2.722745    -0.5754   2.723913      93.33     0.0169     3.2381     2.7413  1.9560095  0.5592387   46.99960  -47.35662    33.1769    33.1928    -0.5776    -0.5778    26.6601    26.6729    8.16522    7.72487         36 0.0000e+00
      12212    508.773     83.000    -0.5709   2.723546    -0.5713   2.724662      31.16     0.0202     3.2401     2.7414  1.9550660  0.5582712   46.99960  -47.35662    33.1822    33.1977    -0.5732    -0.5737    26.6642    26.6768    8.16577    7.72409         40 0.0000e+00
      12252    510.438     84.000    -0.5654   2.725144    -0.5669   2.726139      95.88     0.0215     3.2408     2.7413  1.9547617  0.5574479   46.99960  -47.35662    33.1970    33.2121    -0.5677    -0.5693    26.6760    26.6882    8.15517    7.72126         40 0.0000e+00
      12298    512.364     85.000    -0.4951   2.732186    -0.4968   2.733162      72.27     0.0235     3.2409     2.7405  1.9554552  0.5569336   46.99960  -47.35662    33.2138    33.2288    -0.4975    -0.4992    26.6867    26.6988    8.13378    7.68520         58 0.0000e+00
      12364    515.128     86.000    -0.4615   2.735703    -0.4617   2.736836      75.77     0.0233     3.2372     2.7352  1.9548802  0.5609994   46.99960  -47.35662    33.2235    33.2389    -0.4640    -0.4641    26.6931    26.7056    8.08330    7.63978         60 0.0000e+00
      12406    516.880     87.000    -0.4762   2.735249    -0.4764   2.736395      96.35     0.0244     3.2335     2.7314  1.9526559  0.5662369   46.99960  -47.35662    33.2329    33.2485    -0.4787    -0.4789    26.7013    26.7140    8.08489    7.64392         32 0.0000e+00
      12437    518.151     88.000    -0.4672   2.736532    -0.4679   2.737634      56.31     0.0238     3.2311     2.7295  1.9526180  0.5665401   46.99960  -47.35662    33.2397    33.2552    -0.4697    -0.4704    26.7064    26.7190    8.07143    7.62953         31 0.0000e+00
      12471    519.587     89.000    -0.4522   2.738332    -0.4531   2.739393      71.42     0.0230     3.2284     2.7265  1.9526615  0.5665446   46.99960  -47.35662    33.2468    33.2619    -0.4548    -0.4557    26.7115    26.7238    8.06516    7.61178         39 0.0000e+00
      12527    521.912     90.000    -0.4446   2.739577    -0.4450   2.740721      78.51     0.0202     3.2227     2.7202  1.9547491  0.5676181   46.99960  -47.35662    33.2545    33.2702    -0.4473    -0.4476    26.7175    26.7302    8.02654    7.57820         72 0.0000e+00
      12585    524.330     91.000    -0.4447   2.740120    -0.4449   2.741272      62.05     0.0179     3.2162     2.7132  1.9560664  0.5690463   46.99960  -47.35664    33.2613    33.2768    -0.4474    -0.4474    26.7230    26.7355    8.02096    7.55624         38 0.0000e+00
      12618    525.699     92.000    -0.4343   2.741281    -0.4351   2.742375      95.89     0.0201     3.2136     2.7101  1.9561908  0.5690234   46.99960  -47.35664    33.2648    33.2803    -0.4371    -0.4379    26.7254    26.7379    8.02091    7.55476         33 0.0000e+00
      12651    527.099     93.000    -0.4184   2.742956    -0.4191   2.744049      96.09     0.0200     3.2117     2.7071  1.9584782  0.5701320   46.99960  -47.35664    33.2692    33.2845    -0.4212    -0.4219    26.7282    26.7407    8.01232    7.54855         34 0.0000e+00
      12687    528.579     94.000    -0.4089   2.743997    -0.4094   2.745116      69.07     0.0224     3.2105     2.7049  1.9589319  0.5703456   46.99960  -47.35664    33.2721    33.2876    -0.4117    -0.4122    26.7302    26.7427    8.02533    7.54841         36 0.0000e+00
      12720    529.944     95.000    -0.4038   2.744982    -0.4040   2.746116      85.53     0.0226     3.2118     2.7042  1.9595040  0.5706767   46.99959  -47.35664    33.2790    33.2944    -0.4066    -0.4069    26.7356    26.7480    8.05728    7.57044         31 0.0000e+00
      12749    531.182     96.000    -0.3926   2.746512    -0.3936   2.747558      95.96     0.0193     3.2148     2.7059  1.9609215  0.5715988   46.99958  -47.35664    33.2866    33.3017    -0.3955    -0.3965    26.7412    26.7535    8.09313    7.59601         28 0.0000e+00
      12777    532.325     97.000    -0.3673   2.749314    -0.3686   2.750339      51.15     0.0184     3.2186     2.7072  1.9612682  0.5724962   46.99958  -47.35664    33.2957    33.3108    -0.3702    -0.3715    26.7475    26.7597    8.07228    7.58325         28 0.0000e+00
      12803    533.421     98.000    -0.3487   2.751326    -0.3492   2.752437      83.89     0.0165     3.2197     2.7082  1.9615846  0.5730985   46.99960  -47.35664    33.3016    33.3169    -0.3517    -0.3522    26.7514    26.7639    8.05011    7.56875         24 0.0000e+00
      12828    534.463     99.000    -0.3426   2.752100    -0.3433   2.753194      57.50     0.0186     3.2195     2.7076  1.9633418  0.5759385   46.99960  -47.35664    33.3046    33.3200    -0.3456    -0.3463    26.7536    26.7660    8.04030    7.55640         26 0.0000e+00
      12854    535.557    100.000    -0.3178   2.754911    -0.3200   2.755817      95.90     0.0230     3.2196     2.7071  1.9638838  0.5775254   46.99958  -47.35666    33.3143    33.3289    -0.3209    -0.3231    26.7604    26.7722    8.03383    7.55431         26 0.0000e+00
      12881    536.646    101.000    -0.2587   2.761137    -0.2613   2.761979      67.41     0.0211     3.2187     2.7067  1.9641215  0.5795071   46.99958  -47.35665    33.3320    33.3461    -0.2619    -0.2645    26.7720    26.7835    8.00618    7.53266         26 0.0000e+00
      12905    537.678    102.000    -0.1524   2.772155    -0.1579   2.772643      71.82     0.0202     3.2173     2.7057  1.9640057  0.5799806   46.99958  -47.35664    33.3615    33.3740    -0.1557    -0.1612    26.7910    26.8013    7.97776    7.50926         23 0.0000e+00
      12928    538.646    103.000    -0.0802   2.779669    -0.0813   2.780620      96.62     0.0217     3.2173     2.7057  1.9642781  0.5850189   46.99958  -47.35664    33.3816    33.3954    -0.0836    -0.0847    26.8038    26.8150    7.98531    7.50381         23 0.0000e+00
      12951    539.574    104.000    -0.0501   2.783135    -0.0521   2.784013      96.10     0.0224     3.2187     2.7060  1.9638517  0.5860696   46.99958  -47.35665    33.3946    33.4084    -0.0536    -0.0556    26.8128    26.8241    7.98768    7.51175         23 0.0000e+00
      12974    540.551    105.000    -0.0221   2.786021    -0.0231   2.787016      96.19     0.0217     3.2199     2.7077  1.9624701  0.5969948   46.99958  -47.35666    33.4010    33.4152    -0.0256    -0.0266    26.8166    26.8282    7.99365    7.52952         24 0.0000e+00
      12999    541.593    106.000     0.0024   2.788639     0.0009   2.789591      70.44     0.0219     3.2222     2.7102  1.9620591  0.6005095   46.99958  -47.35666    33.4082    33.4224    -0.0012    -0.0026    26.8213    26.8329    8.00204    7.52468         26 0.0000e+00
      13025    542.674    107.000     0.0219   2.790823     0.0214   2.791890      70.36     0.0218     3.2240     2.7108  1.9615592  0.6079173   46.99958  -47.35666    33.4153    33.4299     0.0182     0.0178    26.8260    26.8378    7.98517    7.49926         25 0.0000e+00
      13050    543.701    108.000     0.0295   2.791750     0.0286   2.792785      96.56     0.0198     3.2244     2.7106  1.9614351  0.6093492   46.99958  -47.35666    33.4185    33.4332     0.0259     0.0249    26.8283    26.8402    7.99746    7.50146         24 0.0000e+00
      13072    544.632    109.000     0.0525   2.794064     0.0486   2.794810      69.15     0.0200     3.2278     2.7116  1.9627950  0.6144768   46.99958  -47.35666    33.4234    33.4375     0.0488     0.0449    26.8311    26.8427    8.04074    7.52843         22 0.0000e+00
      13094    545.539    110.000     0.0962   2.798364     0.0887   2.798693      46.62     0.0204     3.2320     2.7143  1.9633557  0.6155253   46.99958  -47.35666    33.4313    33.4444     0.0924     0.0849    26.8353    26.8462    8.03477    7.53421         22 0.0000e+00
      13117    546.505    111.000     0.1654   2.805138     0.1567   2.805348      77.08     0.0196     3.2344     2.7156  1.9619689  0.6180395   46.99958  -47.35666    33.4449    33.4573     0.1615     0.1527    26.8428    26.8532    8.00007    7.49536         24 0.0000e+00
      13142    547.552    112.000     0.2347   2.812044     0.2299   2.812635      62.00     0.0185     3.2356     2.7154  1.9614960  0.6190380   46.99958  -47.35666    33.4596    33.4726     0.2307     0.2259    26.8510    26.8617    7.95925    7.46431         26 0.0000e+00
      13169    548.655    113.000     0.2778   2.816502     0.2763   2.817453      96.52     0.0212     3.2347     2.7148  1.9604024  0.6269079   46.99957  -47.35666    33.4706    33.4846     0.2737     0.2722    26.8577    26.8690    7.93364    7.44198         26 0.0000e+00
      13195    549.730    114.000     0.2842   2.817257     0.2831   2.818256      61.53     0.0207     3.2336     2.7129  1.9601910  0.6288550   46.99956  -47.35666    33.4729    33.4872     0.2801     0.2789    26.8592    26.8708    7.93047    7.42992         25 0.0000e+00
      13218    550.720    115.000     0.3376   2.822783     0.3306   2.822999      74.44     0.0172     3.2324     2.7120  1.9585732  0.6389677   46.99956  -47.35666    33.4866    33.4989     0.3334     0.3264    26.8673    26.8777    7.89880    7.43131         23 0.0000e+00
      13240    551.617    116.000     0.4571   2.834833     0.4524   2.835376      73.41     0.0150     3.2307     2.7116  1.9584844  0.6399422   46.99956  -47.35666    33.5136    33.5258     0.4527     0.4480    26.8826    26.8927    7.86598    7.39185         20 0.0000e+00
      13260    552.438    117.000     0.5046   2.839817     0.5028   2.840684      51.09     0.0154     3.2285     2.7099  1.9573870  0.6444446   46.99956  -47.35666    33.5264    33.5396     0.5001     0.4983    26.8903    26.9010    7.83405    7.35470         20 0.0000e+00
