data/CTD/2013/CNV/D021A030.CNV
* Sea-Bird SBE 9 Data File:
* FileName = C:\CTD_ACQUISITION\2013021HUD\ctddata\021A030.hdr
* Software Version Seasave V 7.22.2
* Temperature SN = 5081
* Conductivity SN = 3561
* Number of Bytes Per Scan = 37
* Number of Voltage Words = 4
* Number of Scans Averaged by the Deck Unit = 1
* NMEA Latitude = 48 02.22 N
* NMEA Longitude = 046 13.89 W
* NMEA UTC (Time) = Jul 03 2013 03:47:18
* NMEA baud rate = 9600
** Ship: Hudson
** Cruise: HUD2013021
** Chief_Scientist: Greenan
** Organization: BIO
** Area_of_Operation: Sackville Spur
** Station: 30
** Sounding:  1179
** Event_Comments: SS16  393135
# nquan = 25
# nvalues = 1166                        
# units = specified
# name 0 = scan: Scan Count
# name 1 = timeS: Time, Elapsed [seconds]
# name 2 = prDM: Pressure, Digiquartz [db]
# name 3 = t068C: Temperature [ITS-68, deg C]
# name 4 = c0S/m: Conductivity [S/m]
# name 5 = t168C: Temperature, 2 [ITS-68, deg C]
# name 6 = c1S/m: Conductivity, 2 [S/m]
# name 7 = altM: Altimeter [m]
# name 8 = flCUVA: Fluorescence, Chelsea UV Aquatracka [ug/l]
# name 9 = sbeox0V: Oxygen raw, SBE 43 [V]
# name 10 = sbeox1V: Oxygen raw, SBE 43, 2 [V]
# name 11 = upoly0: Upoly 0, Optode 4330F - O2 D-Phase
# name 12 = upoly1: Upoly 1, Optode 4330F - O2 Temp
# name 13 = latitude: Latitude [deg]
# name 14 = longitude: Longitude [deg]
# name 15 = sal00: Salinity, Practical [PSU]
# name 16 = sal11: Salinity, Practical, 2 [PSU]
# name 17 = potemp068C: Potential Temperature [ITS-68, deg C]
# name 18 = potemp168C: Potential Temperature, 2 [ITS-68, deg C]
# name 19 = sigma-é00: Density [sigma-theta, Kg/m^3]
# name 20 = sigma-é11: Density, 2 [sigma-theta, Kg/m^3]
# name 21 = sbeox0ML/L: Oxygen, SBE 43 [ml/l], WS = 2
# name 22 = sbeox1ML/L: Oxygen, SBE 43, 2 [ml/l], WS = 2
# name 23 = nbin: number of scans per bin
# name 24 = flag: flag
# span 0 =      11794,      40899       
# span 1 =    491.394,   1704.066       
# span 2 =      2.000,   1167.000       
# span 3 =    -0.0533,     5.8806       
# span 4 =   2.777590,   3.279145       
# span 5 =    -0.0532,     5.8807       
# span 6 =   2.778876,   3.280452       
# span 7 =       4.06,     103.53       
# span 8 =     0.0055,     0.1072       
# span 9 =     2.5279,     3.3535       
# span 10 =     2.2742,     3.0047      
# span 11 =  1.7301460,  2.0210135      
# span 12 =  0.6469306,  1.3644771      
# span 13 =   48.03712,   48.03774      
# span 14 =  -46.23160,  -46.23058      
# span 15 =    32.7430,    34.9094      
# span 16 =    32.7638,    34.9257      
# span 17 =    -0.0545,     5.8803      
# span 18 =    -0.0543,     5.8800      
# span 19 =    25.7878,    27.7468      
# span 20 =    25.8007,    27.7599      
# span 21 =    5.92215,    7.88160      
# span 22 =    6.15941,    7.93193      
# span 23 =          9,         85      
# span 24 = 0.0000e+00, 0.0000e+00      
# interval = decibars: 1                
# start_time = Jul 03 2013 03:47:18 [NMEA time, header]
# bad_flag = -9.990e-29
*END*
[from data line 406]
      23463    977.585    408.000     4.1266   3.274790     4.1265   3.276121      89.44     0.0188     2.8186     2.5335  1.9479909  1.1404152   48.03734  -46.23118    34.8760    34.8918     4.0969     4.0968    27.6775    27.6901    6.14929    6.35080         24 0.0000e+00
      23485    978.508    409.000     4.1256   3.274747     4.1256   3.276083      95.69     0.0202     2.8171     2.5340  1.9483721  1.1404152   48.03734  -46.23118    34.8760    34.8918     4.0959     4.0958    27.6776    27.6901    6.14535    6.35000         21 0.0000e+00
      23504    979.309    410.000     4.1249   3.274741     4.1247   3.276052      95.46     0.0174     2.8166     2.5337  1.9486490  1.1404152   48.03734  -46.23118    34.8761    34.8918     4.0951     4.0949    27.6777    27.6903    6.14744    6.34610         18 0.0000e+00
      23522    980.046    411.000     4.1252   3.274822     4.1250   3.276148      95.89     0.0181     2.8159     2.5336  1.9487184  1.1403430   48.03734  -46.23118    34.8762    34.8921     4.0953     4.0951    27.6778    27.6905    6.14531    6.34591         17 0.0000e+00
      23539    980.740    412.000     4.1253   3.274887     4.1251   3.276210      95.79     0.0191     2.8151     2.5330  1.9487180  1.1404163   48.03734  -46.23118    34.8764    34.8922     4.0953     4.0951    27.6780    27.6905    6.15135    6.34566         16 0.0000e+00
      23555    981.403    413.000     4.1250   3.274923     4.1249   3.276252      96.17     0.0175     2.8151     2.5334  1.9491037  1.1397207   48.03734  -46.23118    34.8765    34.8924     4.0950     4.0948    27.6781    27.6907    6.16092    6.34110         16 0.0000e+00
      23570    982.051    414.000     4.1249   3.274978     4.1247   3.276293      95.45     0.0120     2.8157     2.5319  1.9488745  1.1397283   48.03734  -46.23118    34.8768    34.8926     4.0948     4.0945    27.6783    27.6909    6.16001    6.33497         16 0.0000e+00
      23586    982.716    415.000     4.1251   3.275052     4.1249   3.276377      96.20     0.0145     2.8154     2.5319  1.9489453  1.1396536   48.03734  -46.23118    34.8769    34.8928     4.0949     4.0947    27.6784    27.6911    6.15494    6.34445         16 0.0000e+00
      23604    983.461    416.000     4.1256   3.275154     4.1254   3.276466      96.20     0.0201     2.8152     2.5317  1.9510465  1.1396222   48.03734  -46.23118    34.8771    34.8928     4.0953     4.0951    27.6785    27.6910    6.15887    6.34625         20 0.0000e+00
      23630    984.553    417.000     4.1255   3.275196     4.1254   3.276521      96.06     0.0218     2.8153     2.5316  1.9508946  1.1393517   48.03734  -46.23119    34.8771    34.8929     4.0952     4.0950    27.6785    27.6911    6.15804    6.34777         35 0.0000e+00
      23667    986.068    418.000     4.1255   3.275263     4.1253   3.276582      96.33     0.0162     2.8146     2.5315  1.9498770  1.1397922   48.03734  -46.23119    34.8774    34.8932     4.0950     4.0948    27.6788    27.6914    6.14867    6.34203         30 0.0000e+00
      23690    987.047    419.000     4.1257   3.275341     4.1255   3.276657      96.56     0.0159     2.8133     2.5304  1.9498763  1.1402440   48.03734  -46.23120    34.8776    34.8933     4.0952     4.0950    27.6789    27.6915    6.14071    6.33150         20 0.0000e+00
      23709    987.840    420.000     4.1259   3.275410     4.1258   3.276730      96.17     0.0172     2.8123     2.5294  1.9496154  1.1404167   48.03733  -46.23120    34.8776    34.8934     4.0953     4.0951    27.6789    27.6915    6.15412    6.33231         19 0.0000e+00
      23728    988.612    421.000     4.1260   3.275469     4.1258   3.276792      96.23     0.0180     2.8132     2.5290  1.9494911  1.1404152   48.03732  -46.23120    34.8777    34.8936     4.0953     4.0951    27.6790    27.6917    6.16208    6.33611         19 0.0000e+00
      23747    989.406    422.000     4.1251   3.275432     4.1248   3.276741      96.20     0.0164     2.8133     2.5284  1.9499329  1.1401615   48.03732  -46.23120    34.8777    34.8935     4.0943     4.0940    27.6791    27.6917    6.15501    6.33595         19 0.0000e+00
      23766    990.201    423.000     4.1243   3.275399     4.1238   3.276685      96.29     0.0193     2.8126     2.5281  1.9499389  1.1403491   48.03732  -46.23120    34.8777    34.8934     4.0934     4.0942    27.6792    27.6917    6.15387    6.34274         19 0.0000e+00
      23784    990.973    424.000     4.1237   3.275400     4.1237   3.276730      96.64     0.0175     2.8129     2.5285  1.9499389  1.1402129   48.03732  -46.23120    34.8777    34.8935     4.0928     4.0928    27.6793    27.6918    6.15806    6.34578         18 0.0000e+00
      23802    991.721    425.000     4.1238   3.275469     4.1237   3.276795      95.97     0.0177     2.8123     2.5285  1.9498718  1.1403458   48.03732  -46.23120    34.8779    34.8937     4.0928     4.0927    27.6794    27.6920    6.15418    6.34230         18 0.0000e+00
      23820    992.472    426.000     4.1236   3.275500     4.1235   3.276831      96.68     0.0155     2.8124     2.5277  1.9498711  1.1402802   48.03732  -46.23120    34.8780    34.8938     4.0925     4.0924    27.6795    27.6921    6.15690    6.34461         18 0.0000e+00
      23839    993.234    427.000     4.1229   3.275482     4.1229   3.276817      96.05     0.0116     2.8121     2.5285  1.9499393  1.1400065   48.03732  -46.23120    34.8779    34.8937     4.0918     4.0918    27.6795    27.6921    6.15573    6.34572         18 0.0000e+00
      23857    994.018    428.000     4.1221   3.275450     4.1220   3.276783      96.71     0.0099     2.8118     2.5276  1.9499389  1.1401095   48.03732  -46.23120    34.8779    34.8937     4.0909     4.0908    27.6797    27.6922    6.15414    6.33519         20 0.0000e+00
      23877    994.850    429.000     4.1218   3.275472     4.1216   3.276792      95.49     0.0128     2.8113     2.5269  1.9496958  1.1398668   48.03732  -46.23120    34.8780    34.8938     4.0905     4.0903    27.6797    27.6923    6.15457    6.33660         20 0.0000e+00
      23899    995.736    430.000     4.1215   3.275496     4.1215   3.276826      96.49     0.0127     2.8113     2.5266  1.9487098  1.1393005   48.03732  -46.23120    34.8780    34.8938     4.0902     4.0901    27.6798    27.6923    6.15806    6.34369         22 0.0000e+00
      23921    996.647    431.000     4.1212   3.275511     4.1211   3.276834      95.55     0.0124     2.8110     2.5269  1.9487180  1.1393051   48.03732  -46.23121    34.8780    34.8938     4.0898     4.0896    27.6798    27.6924    6.16769    6.34908         22 0.0000e+00
      23942    997.545    432.000     4.1190   3.275348     4.1191   3.276684      96.30     0.0113     2.8123     2.5269  1.9499435  1.1394272   48.03732  -46.23122    34.8778    34.8936     4.0875     4.0888    27.6799    27.6925    6.17002    6.34604         21 0.0000e+00
      23963    998.431    433.000     4.1161   3.275130     4.1160   3.276459      96.71     0.0122     2.8120     2.5267  1.9498798  1.1392494   48.03732  -46.23122    34.8779    34.8937     4.0845     4.0844    27.6803    27.6929    6.16152    6.34472         21 0.0000e+00
      23984    999.309    434.000     4.1163   3.275214     4.1162   3.276542      95.87     0.0155     2.8118     2.5265  1.9508237  1.1392497   48.03730  -46.23122    34.8781    34.8939     4.0847     4.0846    27.6804    27.6930    6.15615    6.34714         22 0.0000e+00
      24007   1000.251    435.000     4.1156   3.275186     4.1156   3.276526      95.29     0.0212     2.8104     2.5264  1.9511530  1.1391953   48.03730  -46.23122    34.8780    34.8938     4.0838     4.0839    27.6804    27.6930    6.15396    6.34532         24 0.0000e+00
      24036   1001.464    436.000     4.1151   3.275192     4.1150   3.276515      96.11     0.0187     2.8101     2.5263  1.9511600  1.1391941   48.03730  -46.23122    34.8780    34.8937     4.0833     4.0832    27.6805    27.6930    6.16040    6.35257         34 0.0000e+00
      24066   1002.710    437.000     4.1153   3.275265     4.1152   3.276598      96.27     0.0166     2.8109     2.5266  1.9511049  1.1391941   48.03731  -46.23122    34.8782    34.8940     4.0834     4.0833    27.6806    27.6932    6.17369    6.34983         23 0.0000e+00
      24085   1003.501    438.000     4.1140   3.275192     4.1139   3.276504      96.11     0.0099     2.8110     2.5264  1.9499081  1.1391941   48.03732  -46.23122    34.8781    34.8938     4.0821     4.0836    27.6807    27.6932    6.17052    6.34475         16 0.0000e+00
      24099   1004.103    439.000     4.1119   3.275029     4.1119   3.276364      96.69     0.0087     2.8115     2.5261  1.9500359  1.1391941   48.03732  -46.23122    34.8779    34.8937     4.0799     4.0798    27.6808    27.6933    6.17260    6.33735         13 0.0000e+00
      24112   1004.635    440.000     4.1046   3.274373     4.1052   3.275754      96.11     0.0126     2.8112     2.5249  1.9499372  1.1391941   48.03732  -46.23122    34.8773    34.8931     4.0726     4.0731    27.6811    27.6936    6.16900    6.33430         13 0.0000e+00
      24125   1005.148    441.000     4.0978   3.273805     4.0983   3.275102      96.10     0.0163     2.8116     2.5247  1.9499389  1.1391941   48.03730  -46.23122    34.8773    34.8921     4.0657     4.0662    27.6818    27.6935    6.17048    6.34453         12 0.0000e+00
      24137   1005.685    442.000     4.0963   3.273736     4.0962   3.275071      96.73     0.0181     2.8105     2.5246  1.9499389  1.1391941   48.03730  -46.23122    34.8775    34.8934     4.0641     4.0640    27.6821    27.6948    6.16542    6.34943         14 0.0000e+00
      24152   1006.306    443.000     4.0960   3.273757     4.0959   3.275099      96.40     0.0195     2.8110     2.5245  1.9499389  1.1391941   48.03730  -46.23122    34.8776    34.8936     4.0637     4.0636    27.6822    27.6950    6.17096    6.35122         17 0.0000e+00
      24179   1007.414    444.000     4.0936   3.273587     4.0937   3.274950      74.68     0.0163     2.8108     2.5244  1.9498111  1.1375837   48.03730  -46.23122    34.8776    34.8936     4.0612     4.0619    27.6825    27.6952    6.17389    6.35298         42 0.0000e+00
      24224   1009.295    445.000     4.0910   3.273411     4.0907   3.274724      98.30     0.0118     2.8103     2.5243  1.9506664  1.1367033   48.03730  -46.23122    34.8777    34.8935     4.0586     4.0583    27.6829    27.6955    6.16943    6.35279         35 0.0000e+00
      24249   1010.338    446.000     4.0898   3.273356     4.0898   3.274693      96.75     0.0151     2.8101     2.5242  1.9511724  1.1367521   48.03730  -46.23122    34.8778    34.8936     4.0573     4.0573    27.6831    27.6957    6.17742    6.35433         20 0.0000e+00
      24267   1011.087    447.000     4.0867   3.273122     4.0868   3.274473      96.42     0.0145     2.8106     2.5241  1.9505825  1.1368243   48.03730  -46.23124    34.8778    34.8936     4.0541     4.0543    27.6834    27.6960    6.18614    6.35655         17 0.0000e+00
      24282   1011.728    448.000     4.0834   3.272872     4.0838   3.274258      96.73     0.0147     2.8113     2.5242  1.9499402  1.1367522   48.03730  -46.23124    34.8778    34.8938     4.0508     4.0512    27.6838    27.6964    6.18760    6.35802         14 0.0000e+00
      24297   1012.320    449.000     4.0801   3.272642     4.0800   3.273979      96.70     0.0152     2.8112     2.5243  1.9498506  1.1371053   48.03730  -46.23124    34.8780    34.8939     4.0474     4.0473    27.6843    27.6970    6.17931    6.35808         14 0.0000e+00
      24310   1012.894    450.000     4.0803   3.272749     4.0800   3.274073      95.82     0.0155     2.8111     2.5239  1.9499387  1.1370140   48.03730  -46.23124    34.8786    34.8946     4.0475     4.0472    27.6847    27.6975    6.17752    6.35453         14 0.0000e+00
      24324   1013.478    451.000     4.0795   3.272743     4.0794   3.274095      66.40     0.0159     2.8108     2.5237  1.9499389  1.1355330   48.03730  -46.23124    34.8788    34.8949     4.0467     4.0466    27.6850    27.6978    6.17479    6.35512         14 0.0000e+00
      24339   1014.103    452.000     4.0766   3.272508     4.0771   3.273885      37.24     0.0177     2.8104     2.5236  1.9499389  1.1356074   48.03730  -46.23124    34.8785    34.8944     4.0437     4.0442    27.6851    27.6977    6.17987    6.36440         16 0.0000e+00
      24356   1014.803    453.000     4.0715   3.272029     4.0712   3.273342      95.81     0.0189     2.8104     2.5243  1.9500058  1.1355991   48.03730  -46.23124    34.8778    34.8936     4.0386     4.0382    27.6850    27.6977    6.18501    6.37811         18 0.0000e+00
      24377   1015.649    454.000     4.0686   3.271779     4.0683   3.273100      95.83     0.0201     2.8104     2.5253  1.9507726  1.1353245   48.03730  -46.23124    34.8774    34.8933     4.0356     4.0353    27.6850    27.6977    6.18319    6.38252         23 0.0000e+00
      24416   1017.272    455.000     4.0661   3.271580     4.0660   3.272899      96.62     0.0145     2.8103     2.5263  1.9510330  1.1347466   48.03730  -46.23124    34.8770    34.8928     4.0331     4.0337    27.6850    27.6976    6.18796    6.37898         64 0.0000e+00
      24473   1019.686    456.000     4.0610   3.271153     4.0608   3.272469      96.73     0.0173     2.8109     2.5267  1.9501171  1.1342726   48.03730  -46.23124    34.8769    34.8927     4.0279     4.0275    27.6855    27.6981    6.18973    6.37454         32 0.0000e+00
      24494   1020.523    457.000     4.0579   3.270935     4.0579   3.272276      96.66     0.0125     2.8110     2.5264  1.9499329  1.1343101   48.03730  -46.23124    34.8770    34.8929     4.0247     4.0247    27.6859    27.6986    6.19233    6.37438         17 0.0000e+00
      24508   1021.139    458.000     4.0566   3.270879     4.0569   3.272240      96.73     0.0137     2.8108     2.5265  1.9507066  1.1343101   48.03730  -46.23124    34.8773    34.8931     4.0233     4.0236    27.6862    27.6988    6.18863    6.37729         13 0.0000e+00
      24520   1021.642    459.000     4.0551   3.270799     4.0552   3.272146      95.97     0.0140     2.8106     2.5266  1.9511563  1.1343101   48.03730  -46.23124    34.8774    34.8932     4.0217     4.0218    27.6865    27.6991    6.18219    6.37741         12 0.0000e+00
      24531   1022.094    460.000     4.0546   3.270817     4.0546   3.272160      96.56     0.0155     2.8106     2.5263  1.9511600  1.1343101   48.03730  -46.23124    34.8776    34.8935     4.0212     4.0211    27.6867    27.6994    6.17794    6.37331         10 0.0000e+00
      24541   1022.520    461.000     4.0537   3.270792     4.0536   3.272122      96.41     0.0158     2.8095     2.5262  1.9511600  1.1343101   48.03730  -46.23124    34.8777    34.8936     4.0202     4.0201    27.6869    27.6995    6.17345    6.36915         10 0.0000e+00
      24551   1022.933    462.000     4.0529   3.270757     4.0527   3.272086      96.47     0.0160     2.8089     2.5258  1.9510392  1.1341894   48.03730  -46.23124    34.8776    34.8936     4.0193     4.0191    27.6870    27.6997    6.17537    6.36563         10 0.0000e+00
      24562   1023.357    463.000     4.0521   3.270733     4.0519   3.272060      96.64     0.0178     2.8083     2.5251  1.9498087  1.1329589   48.03730  -46.23124    34.8776    34.8935     4.0185     4.0183    27.6870    27.6997    6.17932    6.36450         10 0.0000e+00
      24573   1023.818    464.000     4.0512   3.270689     4.0511   3.272034      96.39     0.0160     2.8085     2.5246  1.9497344  1.1327816   48.03730  -46.23124    34.8776    34.8936     4.0175     4.0173    27.6871    27.6999    6.18107    6.36802         12 0.0000e+00
