data/CTD/2013/CNV/D021A021.CNV
* Sea-Bird SBE 9 Data File:
* FileName = C:\CTD_ACQUISITION\2013021HUD\ctddata\021A021.hdr
* Software Version Seasave V 7.22.2
* Temperature SN = 5081
* Conductivity SN = 3561
* Number of Bytes Per Scan = 37
* Number of Voltage Words = 4
* Number of Scans Averaged by the Deck Unit = 1
* NMEA Latitude = 46 59.98 N
* NMEA Longitude = 046 29.00 W
* NMEA UTC (Time) = Jul 02 2013 07:03:49
* NMEA baud rate = 9600
** Ship: Hudson
** Cruise: HUD2013021
** Chief_Scientist: Greenan
** Organization: BIO
** Area_of_Operation: Sackville Spur
** Station: 21
** Sounding:  416
** Event_Comments: FC20  393129
# nquan = 25
# nvalues = 342                         
# units = specified
# name 0 = scan: Scan Count
# name 1 = timeS: Time, Elapsed [seconds]
# name 2 = prDM: Pressure, Digiquartz [db]
# name 3 = t068C: Temperature [ITS-68, deg C]
# name 4 = c0S/m: Conductivity [S/m]
# name 5 = t168C: Temperature, 2 [ITS-68, deg C]
# name 6 = c1S/m: Conductivity, 2 [S/m]
# name 7 = altM: Altimeter [m]
# name 8 = flCUVA: Fluorescence, Chelsea UV Aquatracka [ug/l]
# name 9 = sbeox0V: Oxygen raw, SBE 43 [V]
# name 10 = sbeox1V: Oxygen raw, SBE 43, 2 [V]
# name 11 = upoly0: Upoly 0, Optode 4330F - O2 D-Phase
# name 12 = upoly1: Upoly 1, Optode 4330F - O2 Temp
# name 13 = latitude: Latitude [deg]
# name 14 = longitude: Longitude [deg]
# name 15 = sal00: Salinity, Practical [PSU]
# name 16 = sal11: Salinity, Practical, 2 [PSU]
# name 17 = potemp068C: Potential Temperature [ITS-68, deg C]
# name 18 = potemp168C: Potential Temperature, 2 [ITS-68, deg C]
# name 19 = sigma-é00: Density [sigma-theta, Kg/m^3]
# name 20 = sigma-é11: Density, 2 [sigma-theta, Kg/m^3]
# name 21 = sbeox0ML/L: Oxygen, SBE 43 [ml/l], WS = 2
# name 22 = sbeox1ML/L: Oxygen, SBE 43, 2 [ml/l], WS = 2
# name 23 = nbin: number of scans per bin
# name 24 = flag: flag
# span 0 =       8826,      19503       
# span 1 =    367.716,    812.592       
# span 2 =      3.000,    344.000       
# span 3 =     2.8230,     7.9081       
# span 4 =   3.096969,   3.487697       
# span 5 =     2.8227,     7.9147       
# span 6 =   3.098287,   3.490031       
# span 7 =       3.05,      97.78       
# span 8 =     0.0098,     0.3924       
# span 9 =     2.6409,     3.3798       
# span 10 =     2.3717,     3.0247      
# span 11 =  1.6860453,  2.0390890      
# span 12 =  0.9831388,  1.5983196      
# span 13 =   46.99938,   46.99990      
# span 14 =  -46.48392,  -46.48324      
# span 15 =    32.7802,    34.9461      
# span 16 =    32.7948,    34.9614      
# span 17 =     2.8172,     7.9052      
# span 18 =     2.8169,     7.9119      
# span 19 =    25.7154,    27.6704      
# span 20 =    25.7269,    27.6827      
# span 21 =    5.41105,    7.16364      
# span 22 =    5.59229,    7.26064      
# span 23 =         13,         98      
# span 24 = 0.0000e+00, 0.0000e+00      
# interval = decibars: 1                
# start_time = Jul 02 2013 07:03:49 [NMEA time, header]
# bad_flag = -9.990e-29
*END*
       8826    367.716      3.000     6.6725   3.298184     6.6726   3.299566       3.24     0.0614     3.3509     2.9940  1.7162012  1.4619323   46.99966  -46.48379    32.7846    32.7997     6.6723     6.6724    25.7175    25.7294    6.91323    7.03906         81 0.0000e+00
       9020    375.808      4.000     6.6766   3.298877     6.6761   3.300177       3.30     0.0686     3.3531     2.9941  1.7170498  1.4612404   46.99964  -46.48378    32.7878    32.8027     6.6763     6.6757    25.7195    25.7313    6.92308    7.04032         42 0.0000e+00
       9101    379.155      5.000     6.6755   3.298787     6.6754   3.300117       3.05     0.0652     3.3532     2.9952  1.7166986  1.4609325   46.99964  -46.48376    32.7874    32.8022     6.6751     6.6750    25.7193    25.7310    6.91025    7.04420         69 0.0000e+00
       9158    381.536      6.000     6.6751   3.298699     6.6749   3.300082      13.66     0.0673     3.3512     2.9949  1.7167277  1.4610846   46.99964  -46.48376    32.7864    32.8018     6.6746     6.6744    25.7185    25.7307    6.91207    7.04172         35 0.0000e+00
       9218    384.058      7.000     6.6746   3.298683     6.6746   3.300056      43.28     0.0610     3.3520     2.9944  1.7166831  1.4601936   46.99963  -46.48375    32.7862    32.8013     6.6740     6.6740    25.7185    25.7304    6.91789    7.04340         81 0.0000e+00
       9280    386.644      8.000     6.6740   3.298535     6.6729   3.299761      16.83     0.0625     3.3517     2.9953  1.7167759  1.4608283   46.99962  -46.48374    32.7847    32.7992     6.6733     6.6722    25.7174    25.7290    6.90097    7.05075         28 0.0000e+00
       9305    387.667      9.000     6.6736   3.298527     6.6727   3.299717      79.37     0.0657     3.3495     2.9958  1.7166857  1.4602404   46.99962  -46.48374    32.7845    32.7985     6.6728     6.6719    25.7173    25.7284    6.89655    7.05324         28 0.0000e+00
       9370    390.395     10.000     6.6730   3.298491     6.6730   3.299840      86.13     0.0624     3.3480     2.9956  1.7167870  1.4604946   46.99960  -46.48373    32.7842    32.7991     6.6721     6.6721    25.7172    25.7289    6.90945    7.04988         63 0.0000e+00
       9435    393.073     11.000     6.6627   3.297286     6.6634   3.298692      95.63     0.0653     3.3493     2.9954  1.7167265  1.4621371   46.99958  -46.48372    32.7803    32.7950     6.6617     6.6624    25.7154    25.7269    6.91635    7.05382         28 0.0000e+00
       9462    394.227     12.000     6.6610   3.297182     6.6611   3.298508      85.05     0.0624     3.3485     2.9963  1.7173648  1.4601676   46.99958  -46.48372    32.7802    32.7948     6.6600     6.6600    25.7156    25.7271    6.90629    7.06536         34 0.0000e+00
       9524    396.800     13.000     6.6623   3.297347     6.6618   3.298646      88.48     0.0593     3.3479     2.9971  1.7174541  1.4596968   46.99958  -46.48372    32.7803    32.7950     6.6612     6.6608    25.7155    25.7272    6.91828    7.05710         76 0.0000e+00
       9577    399.007     14.000     6.6571   3.297023     6.6567   3.298334      87.23     0.0644     3.3572     3.0025  1.7165998  1.4601623   46.99958  -46.48370    32.7813    32.7961     6.6559     6.6555    25.7170    25.7287    7.02651    7.15316         39 0.0000e+00
       9624    400.975     15.000     6.6554   3.296939     6.6551   3.298246      91.94     0.0589     3.3696     3.0167  1.7168540  1.4594175   46.99956  -46.48370    32.7815    32.7962     6.6541     6.6538    25.7174    25.7290    6.99250    7.14852         61 0.0000e+00
       9690    403.701     16.000     6.6585   3.297288     6.6577   3.298521      84.33     0.0599     3.3692     3.0151  1.7177259  1.4592655   46.99958  -46.48368    32.7819    32.7962     6.6571     6.6563    25.7173    25.7287    6.94881    7.08540         55 0.0000e+00
       9731    405.407     17.000     6.9385   3.343031     6.8978   3.338005      86.69     0.0619     3.3626     3.0102  1.7170279  1.4592286   46.99958  -46.48366    33.0144    32.9986     6.9370     6.8963    25.8632    25.8562    6.87185    7.04088         37 0.0000e+00
       9781    407.490     18.000     7.2154   3.387351     7.2263   3.390033      88.88     0.0771     3.3613     3.0135  1.7122021  1.4746047   46.99957  -46.48366    33.2327    33.2513     7.2137     7.2247    25.9977    26.0109    6.83060    7.00430         72 0.0000e+00
       9851    410.436     19.000     7.2573   3.394167     7.1821   3.383621      96.26     0.1055     3.3664     3.0199  1.7039751  1.5113796   46.99956  -46.48364    33.2664    33.2246     7.2556     7.1804    26.0186    25.9954    6.89843    7.06099         49 0.0000e+00
       9889    411.987     20.000     7.1109   3.371316     7.0723   3.366693      88.48     0.1182     3.3749     3.0226  1.7057966  1.5185235   46.99956  -46.48364    33.1577    33.1444     7.1091     7.0705    25.9531    25.9479    6.92267    7.05832         39 0.0000e+00
       9947    414.422     21.000     7.0909   3.367478     7.1160   3.372876      88.02     0.1115     3.3788     3.0247  1.7057222  1.5136068   46.99955  -46.48364    33.1346    33.1694     7.0890     7.1141    25.9377    25.9617    6.90637    7.05144         75 0.0000e+00
      10018    417.374     22.000     7.3240   3.403089     7.3710   3.411161      87.17     0.1037     3.3752     3.0213  1.7038720  1.5088894   46.99954  -46.48362    33.2974    33.3399     7.3220     7.3689    26.0336    26.0605    6.84571    6.97835         69 0.0000e+00
      10076    419.793     23.000     7.5833   3.441620     7.5812   3.442549      95.12     0.1221     3.3740     3.0192  1.7001407  1.5170953   46.99954  -46.48360    33.4650    33.4770     7.5811     7.5790    26.1291    26.1389    6.80224    6.94631         40 0.0000e+00
      10112    421.285     24.000     7.6516   3.451945     7.6581   3.454192      84.24     0.1340     3.3738     3.0184  1.6966763  1.5319549   46.99954  -46.48360    33.5101    33.5280     7.6493     7.6558    26.1549    26.1680    6.78368    6.92330         39 0.0000e+00
      10166    423.553     25.000     7.6959   3.458292     7.7102   3.461697      95.83     0.1499     3.3740     3.0170  1.6923957  1.5619577   46.99954  -46.48360    33.5353    33.5581     7.6935     7.7078    26.1683    26.1843    6.79049    6.92633         67 0.0000e+00
      10227    426.063     26.000     7.7241   3.462356     7.7283   3.464176      72.39     0.1627     3.3798     3.0232  1.6912514  1.5713083   46.99952  -46.48359    33.5514    33.5669     7.7216     7.7258    26.1770    26.1886    6.80655    6.94800         55 0.0000e+00
      10293    428.852     27.000     7.7244   3.462356     7.7227   3.463467      96.18     0.1643     3.3739     3.0184  1.6891612  1.5772804   46.99952  -46.48358    33.5507    33.5643     7.7218     7.7201    26.1764    26.1873    6.74952    6.89737         76 0.0000e+00
      10353    431.320     28.000     7.7858   3.470765     7.7796   3.471158      83.11     0.1713     3.3629     3.0097  1.6882756  1.5783383   46.99952  -46.48358    33.5815    33.5917     7.7831     7.7769    26.1917    26.2006    6.68027    6.84285         40 0.0000e+00
      10389    432.813     29.000     7.9081   3.487697     7.9147   3.490031      73.22     0.1740     3.3581     3.0039  1.6875000  1.5811602   46.99950  -46.48357    33.6449    33.6635     7.9052     7.9119    26.2238    26.2375    6.71774    6.82531         37 0.0000e+00
      10439    434.937     30.000     7.8104   3.482169     7.8161   3.484047      80.25     0.1786     3.3559     2.9915  1.6860453  1.5951843   46.99950  -46.48356    33.6794    33.6942     7.8075     7.8132    26.2651    26.2760    6.69143    6.76220         71 0.0000e+00
      10508    437.775     31.000     7.4325   3.450157     7.3630   3.446144      84.94     0.1988     3.3563     2.9770  1.6892000  1.5983196   46.99948  -46.48354    33.6993    33.7235     7.4296     7.3601    26.3347    26.3636    6.83382    6.88375         49 0.0000e+00
      10546    439.360     32.000     7.0143   3.417794     7.0149   3.419519      81.65     0.2520     3.3645     2.9823  1.6936208  1.5790179   46.99948  -46.48354    33.7542    33.7726     7.0114     7.0120    26.4361    26.4505    6.89658    6.96098         37 0.0000e+00
      10587    441.103     33.000     6.5316   3.371890     6.5565   3.376382      73.07     0.3293     3.3756     2.9956  1.7020712  1.5516459   46.99948  -46.48354    33.7217    33.7470     6.5288     6.5537    26.4746    26.4913    7.01145    7.10014         47 0.0000e+00
      10631    442.909     34.000     5.7339   3.294694     5.7423   3.297529      80.44     0.3924     3.3674     2.9915  1.7020724  1.5153791   46.99948  -46.48354    33.6482    33.6719     5.7311     5.7396    26.5179    26.5356    7.04918    7.11976         36 0.0000e+00
      10662    444.192     35.000     5.6303   3.286615     5.6335   3.288530      95.66     0.3851     3.3682     2.9908  1.7181357  1.4759173   46.99948  -46.48352    33.6595    33.6780     5.6275     5.6307    26.5393    26.5536    7.16364    7.23336         29 0.0000e+00
      10707    446.082     36.000     5.4824   3.274297     5.5066   3.278329      76.36     0.3576     3.3703     2.9981  1.7221032  1.4170707   46.99946  -46.48352    33.6669    33.6885     5.4796     5.5038    26.5628    26.5770    7.14941    7.26064         76 0.0000e+00
      10784    449.278     37.000     5.2334   3.251959     5.3392   3.263396      83.17     0.3328     3.3581     2.9983  1.7325364  1.3525096   46.99946  -46.48352    33.6609    33.6855     5.2305     5.3363    26.5870    26.5941    7.12639    7.25425         46 0.0000e+00
      10812    450.443     38.000     5.2019   3.253372     5.1858   3.253122      96.01     0.3096     3.3525     2.9952  1.7313797  1.3671262   46.99946  -46.48352    33.7086    33.7220     5.1990     5.1829    26.6288    26.6412    7.07571    7.20932         26 0.0000e+00
      10839    451.577     39.000     5.2964   3.264644     5.2897   3.265263      76.83     0.2915     3.3352     2.9799  1.7313002  1.3541976   46.99946  -46.48350    33.7421    33.7560     5.2934     5.2867    26.6443    26.6561    6.94943    7.06797         30 0.0000e+00
      10892    453.774     40.000     5.3499   3.272076     5.3454   3.272930      87.78     0.2913     3.3161     2.9589  1.7303213  1.3173357   46.99945  -46.48350    33.7728    33.7871     5.3468     5.3423    26.6624    26.6743    6.98419    7.08209         87 0.0000e+00
      10964    456.776     41.000     5.3319   3.274982     5.3387   3.277038      84.47     0.3052     3.3084     2.9473  1.7314092  1.3216170   46.99944  -46.48350    33.8241    33.8410     5.3283     5.3355    26.7052    26.7178    7.02716    7.12015         33 0.0000e+00
      10986    457.725     42.000     5.0523   3.256247     5.0618   3.258492      57.36     0.3219     3.3069     2.9494  1.7320272  1.3227431   46.99944  -46.48350    33.8912    33.9074     5.0491     5.0586    26.7907    26.8024    7.03341    7.17591         23 0.0000e+00
      11010    458.706     43.000     4.7265   3.231528     4.7331   3.233655      95.30     0.3201     3.3026     2.9477  1.7337804  1.3271707   46.99944  -46.48350    33.9366    33.9547     4.7234     4.7299    26.8634    26.8770    7.06461    7.19236         26 0.0000e+00
      11045    460.174     44.000     4.6556   3.225862     4.6583   3.227716      84.17     0.2857     3.2972     2.9433  1.7429773  1.2999555   46.99944  -46.48350    33.9428    33.9615     4.6524     4.6551    26.8761    26.8907    7.08818    7.19993         48 0.0000e+00
      11108    462.787     45.000     4.4957   3.212832     4.4641   3.211999      87.28     0.2589     3.2898     2.9367  1.7526141  1.2588062   46.99943  -46.48348    33.9541    33.9769     4.4925     4.4609    26.9025    26.9240    7.08539    7.19638         69 0.0000e+00
      11167    465.250     46.000     4.3030   3.197043     4.3264   3.200419      69.64     0.2375     3.2773     2.9230  1.7566383  1.2379423   46.99942  -46.48348    33.9667    33.9829     4.2998     4.3231    26.9330    26.9435    7.07130    7.16487         50 0.0000e+00
      11210    467.033     47.000     4.1609   3.185065     4.1641   3.186881      79.09     0.2311     3.2697     2.9170  1.7607595  1.2172886   46.99942  -46.48348    33.9717    33.9899     4.1577     4.1609    26.9520    26.9661    7.09971    7.21936         37 0.0000e+00
      11241    468.352     48.000     4.0930   3.179746     4.1026   3.181927      92.90     0.2162     3.2638     2.9130  1.7658213  1.1936103   46.99942  -46.48348    33.9766    33.9944     4.0897     4.0993    26.9629    26.9761    7.02921    7.15208         28 0.0000e+00
      11270    469.554     49.000     4.0325   3.174742     4.0364   3.176522      75.04     0.2047     3.2465     2.8994  1.7669036  1.1864944   46.99942  -46.48348    33.9814    33.9985     4.0292     4.0331    26.9730    26.9861    6.94689    7.06967         30 0.0000e+00
      11307    471.094     50.000     3.9036   3.164050     3.8922   3.164637      94.83     0.1939     3.2279     2.8792  1.7690226  1.1740385   46.99942  -46.48347    33.9879    34.0066     3.9002     3.8888    26.9913    27.0073    6.93523    7.01925         49 0.0000e+00
      11385    474.335     51.000     3.8756   3.161828     3.8629   3.162329      86.30     0.1802     3.1812     2.8391  1.7806294  1.1543394   46.99940  -46.48348    33.9898    34.0090     3.8722     3.8595    26.9956    27.0122    6.80532    6.96425         77 0.0000e+00
      11424    475.976     52.000     3.4933   3.130502     3.4905   3.131772      67.24     0.1680     3.1643     2.8315  1.7845987  1.1452836   46.99938  -46.48348    34.0134    34.0316     3.4900     3.4872    27.0520    27.0667    6.89619    7.05801         24 0.0000e+00
      11447    476.914     53.000     3.3575   3.120219     3.3595   3.121944      95.63     0.1542     3.1592     2.8268  1.7856859  1.1408814   46.99939  -46.48348    34.0314    34.0501     3.3542     3.3562    27.0793    27.0940    6.90764    7.04121         24 0.0000e+00
      11488    478.642     54.000     3.3602   3.120956     3.3625   3.122567      88.45     0.1293     3.1421     2.8133  1.7979439  1.1104718   46.99940  -46.48348    34.0365    34.0539     3.3569     3.3592    27.0831    27.0967    6.82932    6.98925         72 0.0000e+00
      11557    481.491     55.000     3.3751   3.122439     3.3785   3.123996      80.51     0.1101     3.1161     2.7966  1.8075988  1.0877210   46.99938  -46.48348    34.0380    34.0541     3.3716     3.3750    27.0829    27.0952    6.79343    6.97259         38 0.0000e+00
      11582    482.525     56.000     3.3921   3.125081     3.3930   3.126562      83.71     0.1028     3.1091     2.7901  1.8143102  1.0975749   46.99938  -46.48348    34.0521    34.0691     3.3886     3.3895    27.0925    27.1059    6.76291    6.90338         25 0.0000e+00
      11622    484.210     57.000     3.4161   3.127985     3.4166   3.129373      85.54     0.0926     3.0971     2.7779  1.8189050  1.0870072   46.99938  -46.48348    34.0613    34.0774     3.4125     3.4130    27.0976    27.1104    6.72706    6.88007         65 0.0000e+00
      11701    487.518     58.000     3.4342   3.130398     3.4288   3.130795      78.13     0.0925     3.0751     2.7604  1.8253813  1.0813992   46.99938  -46.48348    34.0709    34.0814     3.4306     3.4251    27.1035    27.1124    6.68829    6.86806         40 0.0000e+00
      11722    488.386     59.000     3.4387   3.131945     3.4394   3.133290      96.37     0.0819     3.0732     2.7594  1.8315624  1.0914841   46.99938  -46.48348    34.0842    34.0997     3.4350     3.4357    27.1137    27.1260    6.70325    6.87585         21 0.0000e+00
