data/CTD/2013/CNV/D021A042.CNV
* Sea-Bird SBE 9 Data File:
* FileName = C:\CTD_ACQUISITION\2013021HUD\ctddata\021A042.hdr
* Software Version Seasave V 7.22.2
* Temperature SN = 5081
* Conductivity SN = 3561
* Number of Bytes Per Scan = 37
* Number of Voltage Words = 4
* Number of Scans Averaged by the Deck Unit = 1
* NMEA Latitude = 48 20.24 N
* NMEA Longitude = 046 21.03 W
* NMEA UTC (Time) = Jul 04 2013 04:23:37
* NMEA baud rate = 9600
** Ship: Hudson
** Cruise: HUD2013021
** Chief_Scientist: Greenan
** Organization: BIO
** Area_of_Operation: Sackville Spur
** Station: 42
** Sounding:  947
** Event_Comments: FP_BSR_5  393184
# nquan = 25
# nvalues = 930                         
# units = specified
# name 0 = scan: Scan Count
# name 1 = timeS: Time, Elapsed [seconds]
# name 2 = prDM: Pressure, Digiquartz [db]
# name 3 = t068C: Temperature [ITS-68, deg C]
# name 4 = c0S/m: Conductivity [S/m]
# name 5 = t168C: Temperature, 2 [ITS-68, deg C]
# name 6 = c1S/m: Conductivity, 2 [S/m]
# name 7 = altM: Altimeter [m]
# name 8 = flCUVA: Fluorescence, Chelsea UV Aquatracka [ug/l]
# name 9 = sbeox0V: Oxygen raw, SBE 43 [V]
# name 10 = sbeox1V: Oxygen raw, SBE 43, 2 [V]
# name 11 = upoly0: Upoly 0, Optode 4330F - O2 D-Phase
# name 12 = upoly1: Upoly 1, Optode 4330F - O2 Temp
# name 13 = latitude: Latitude [deg]
# name 14 = longitude: Longitude [deg]
# name 15 = sal00: Salinity, Practical [PSU]
# name 16 = sal11: Salinity, Practical, 2 [PSU]
# name 17 = potemp068C: Potential Temperature [ITS-68, deg C]
# name 18 = potemp168C: Potential Temperature, 2 [ITS-68, deg C]
# name 19 = sigma-é00: Density [sigma-theta, Kg/m^3]
# name 20 = sigma-é11: Density, 2 [sigma-theta, Kg/m^3]
# name 21 = sbeox0ML/L: Oxygen, SBE 43 [ml/l], WS = 2
# name 22 = sbeox1ML/L: Oxygen, SBE 43, 2 [ml/l], WS = 2
# name 23 = nbin: number of scans per bin
# name 24 = flag: flag
# span 0 =      11870,      37104       
# span 1 =    494.541,   1545.960       
# span 2 =      3.000,    932.000       
# span 3 =    -0.3387,     6.1138       
# span 4 =   2.752072,   3.277587       
# span 5 =    -0.3387,     6.1136       
# span 6 =   2.753544,   3.278971       
# span 7 =     -11.27,      98.85       
# span 8 =     0.0060,     0.1903       
# span 9 =     2.6200,     3.4630       
# span 10 =     2.3539,     3.0458      
# span 11 =  1.7248574,  2.0073493      
# span 12 =  0.6344082,  1.3930870      
# span 13 =   48.33558,   48.33645      
# span 14 =  -46.35110,  -46.34982      
# span 15 =    32.6383,    34.9038      
# span 16 =    32.6537,    34.9204      
# span 17 =    -0.3397,     6.1136      
# span 18 =    -0.3397,     6.1134      
# span 19 =    25.6730,    27.7301      
# span 20 =    25.6852,    27.7433      
# span 21 =    6.02601,    7.77961      
# span 22 =    6.22614,    7.80384      
# span 23 =         13,        105      
# span 24 = 0.0000e+00, 0.0000e+00      
# interval = decibars: 1                
# start_time = Jul 04 2013 04:23:37 [NMEA time, header]
# bad_flag = -9.990e-29
*END*
[from data line 754]
      31106   1296.059    757.000     3.8571   3.266367     3.8564   3.267702      75.17     0.0144     2.7299     2.4553  1.9572649  1.1066843   48.33598  -46.35062    34.8778    34.8945     3.8016     3.8009    27.7097    27.7230    6.22216    6.41861         16 0.0000e+00
      31123   1296.768    758.000     3.8577   3.266449     3.8574   3.267828      23.13     0.0168     2.7297     2.4548  1.9572649  1.1062418   48.33599  -46.35062    34.8777    34.8943     3.8021     3.8018    27.7095    27.7228    6.22712    6.42568         19 0.0000e+00
      31148   1297.776    759.000     3.8582   3.266531     3.8579   3.267897      73.64     0.0150     2.7300     2.4548  1.9572649  1.1063687   48.33600  -46.35062    34.8776    34.8942     3.8025     3.8022    27.7094    27.7226    6.23249    6.42818         32 0.0000e+00
      31185   1299.324    760.000     3.8582   3.266576     3.8580   3.267954      86.90     0.0142     2.7289     2.4547  1.9573752  1.1064762   48.33600  -46.35062    34.8776    34.8942     3.8024     3.8022    27.7094    27.7226    6.22451    6.42898         35 0.0000e+00
      31212   1300.447    761.000     3.8583   3.266636     3.8580   3.268009      48.68     0.0096     2.7291     2.4544  1.9580972  1.1080099   48.33600  -46.35062    34.8777    34.8944     3.8024     3.8021    27.7095    27.7227    6.22554    6.42564         21 0.0000e+00
      31230   1301.202    762.000     3.8585   3.266713     3.8582   3.268083      96.95     0.0078     2.7291     2.4541  1.9582604  1.1078269   48.33600  -46.35062    34.8779    34.8944     3.8026     3.8023    27.7096    27.7228    6.21108    6.42341         16 0.0000e+00
      31245   1301.835    763.000     3.8585   3.266754     3.8584   3.268138      95.99     0.0093     2.7267     2.4539  1.9579152  1.1076103   48.33600  -46.35062    34.8779    34.8944     3.8025     3.8083    27.7096    27.7228    6.21475    6.42304         15 0.0000e+00
      31259   1302.429    764.000     3.8579   3.266735     3.8579   3.268140      96.58     0.0096     2.7274     2.4536  1.9570165  1.1081381   48.33600  -46.35062    34.8778    34.8944     3.8018     3.8019    27.7096    27.7229    6.22578    6.42439         14 0.0000e+00
      31274   1303.042    765.000     3.8565   3.266651     3.8564   3.268040      26.17     0.0099     2.7272     2.4533  1.9572648  1.1079366   48.33600  -46.35062    34.8778    34.8943     3.8003     3.8002    27.7097    27.7229    6.22359    6.42297         15 0.0000e+00
      31292   1303.784    766.000     3.8536   3.266441     3.8539   3.267871      81.38     0.0090     2.7269     2.4528  1.9572649  1.1075733   48.33600  -46.35062    34.8778    34.8944     3.7974     3.7977    27.7100    27.7232    6.22778    6.42092         22 0.0000e+00
      31324   1305.116    767.000     3.8499   3.266153     3.8499   3.267548      96.17     0.0148     2.7271     2.4524  1.9573536  1.1068575   48.33600  -46.35062    34.8778    34.8943     3.7936     3.7936    27.7104    27.7236    6.23359    6.42690         41 0.0000e+00
      31358   1306.557    768.000     3.8488   3.266120     3.8488   3.267503      96.70     0.0135     2.7267     2.4520  1.9587362  1.1062013   48.33600  -46.35062    34.8780    34.8944     3.7924     3.7924    27.7107    27.7238    6.22806    6.42344         25 0.0000e+00
      31379   1307.418    769.000     3.8470   3.266019     3.8472   3.267426      96.01     0.0169     2.7272     2.4515  1.9589676  1.1062272   48.33600  -46.35062    34.8782    34.8947     3.7906     3.7907    27.7111    27.7242    6.23516    6.42383         18 0.0000e+00
      31396   1308.140    770.000     3.8460   3.265979     3.8459   3.267362      18.33     0.0181     2.7270     2.4513  1.9584764  1.1062272   48.33600  -46.35062    34.8782    34.8948     3.7896     3.7894    27.7112    27.7244    6.22555    6.42705         17 0.0000e+00
      31412   1308.805    771.000     3.8454   3.265957     3.8451   3.267347      92.34     0.0140     2.7262     2.4514  1.9583349  1.1062272   48.33600  -46.35062    34.8782    34.8949     3.7888     3.7885    27.7112    27.7246    6.22036    6.42850         16 0.0000e+00
      31428   1309.462    772.000     3.8450   3.265983     3.8447   3.267352      96.11     0.0170     2.7256     2.4513  1.9582590  1.1062272   48.33600  -46.35062    34.8783    34.8948     3.7884     3.7881    27.7114    27.7246    6.21726    6.42226         16 0.0000e+00
      31445   1310.150    773.000     3.8449   3.266009     3.8446   3.267380      96.26     0.0174     2.7249     2.4504  1.9589708  1.1060170   48.33600  -46.35062    34.8782    34.8948     3.7881     3.7879    27.7113    27.7246    6.21659    6.41593         17 0.0000e+00
      31463   1310.925    774.000     3.8449   3.266055     3.8447   3.267427      43.81     0.0166     2.7240     2.4499  1.9590347  1.1060435   48.33600  -46.35062    34.8782    34.8947     3.7881     3.7879    27.7113    27.7245    6.22113    6.41781         20 0.0000e+00
      31486   1311.861    775.000     3.8449   3.266096     3.8447   3.267471      83.37     0.0174     2.7240     2.4494  1.9588308  1.1056468   48.33600  -46.35062    34.8782    34.8947     3.7880     3.7878    27.7113    27.7245    6.22643    6.42302         25 0.0000e+00
      31512   1312.958    776.000     3.8443   3.266089     3.8442   3.267468      45.64     0.0172     2.7238     2.4493  1.9586669  1.1050066   48.33600  -46.35062    34.8782    34.8947     3.7874     3.7873    27.7114    27.7245    6.22823    6.43182         27 0.0000e+00
      31538   1314.034    777.000     3.8433   3.266041     3.8435   3.267456      97.18     0.0093     2.7234     2.4498  1.9587927  1.1054696   48.33600  -46.35062    34.8782    34.8947     3.7863     3.7865    27.7115    27.7247    6.22947    6.43514         24 0.0000e+00
      31560   1314.955    778.000     3.8402   3.265822     3.8401   3.267208      96.30     0.0116     2.7239     2.4499  1.9591022  1.1054329   48.33600  -46.35062    34.8784    34.8949     3.7831     3.7830    27.7120    27.7252    6.22940    6.43128         20 0.0000e+00
      31579   1315.766    779.000     3.8409   3.265934     3.8404   3.267285      59.47     0.0137     2.7232     2.4497  1.9586047  1.1053253   48.33600  -46.35062    34.8784    34.8950     3.7837     3.7832    27.7119    27.7252    6.22109    6.43480         19 0.0000e+00
      31598   1316.545    780.000     3.8415   3.266019     3.8413   3.267410      59.90     0.0148     2.7228     2.4501  1.9585500  1.1050047   48.33600  -46.35062    34.8783    34.8950     3.7842     3.7864    27.7118    27.7251    6.22423    6.43739         19 0.0000e+00
      31618   1317.370    781.000     3.8403   3.265957     3.8398   3.267309      96.35     0.0135     2.7224     2.4501  1.9585441  1.1050061   48.33600  -46.35062    34.8783    34.8949     3.7829     3.7824    27.7120    27.7252    6.21968    6.43435         21 0.0000e+00
      31640   1318.300    782.000     3.8381   3.265814     3.8379   3.267192      94.67     0.0140     2.7214     2.4499  1.9576839  1.1050061   48.33600  -46.35062    34.8784    34.8950     3.7807     3.7805    27.7122    27.7255    6.22009    6.43638         24 0.0000e+00
      31664   1319.296    783.000     3.8380   3.265846     3.8376   3.267204      28.75     0.0166     2.7216     2.4500  1.9578497  1.1050061   48.33600  -46.35062    34.8784    34.8949     3.7805     3.7801    27.7123    27.7255    6.23682    6.43527         23 0.0000e+00
      31686   1320.214    784.000     3.8378   3.265884     3.8376   3.267244      81.21     0.0162     2.7221     2.4497  1.9593669  1.1050061   48.33600  -46.35062    34.8785    34.8948     3.7802     3.7801    27.7124    27.7254    6.23188    6.42857         21 0.0000e+00
      31705   1321.019    785.000     3.8377   3.265916     3.8373   3.267271      96.81     0.0142     2.7213     2.4490  1.9597063  1.1050061   48.33600  -46.35062    34.8785    34.8950     3.7801     3.7797    27.7123    27.7255    6.22608    6.42852         18 0.0000e+00
      31724   1321.780    786.000     3.8371   3.265912     3.8371   3.267298      57.46     0.0103     2.7220     2.4488  1.9597069  1.1050061   48.33599  -46.35063    34.8785    34.8950     3.7794     3.7794    27.7125    27.7256    6.23597    6.43044         18 0.0000e+00
      31743   1322.572    787.000     3.8372   3.265967     3.8370   3.267337      62.37     0.0084     2.7216     2.4485  1.9597069  1.1050061   48.33598  -46.35064    34.8785    34.8950     3.7795     3.7792    27.7125    27.7256    6.23230    6.42715         21 0.0000e+00
      31764   1323.478    788.000     3.8375   3.266029     3.8373   3.267400      95.32     0.0115     2.7215     2.4478  1.9596033  1.1050061   48.33599  -46.35062    34.8785    34.8950     3.7796     3.7813    27.7124    27.7256    6.22873    6.42881         23 0.0000e+00
      31789   1324.515    789.000     3.8377   3.266086     3.8373   3.267454      77.88     0.0133     2.7213     2.4477  1.9589653  1.1048080   48.33598  -46.35062    34.8785    34.8950     3.7797     3.7793    27.7124    27.7256    6.23372    6.42904         25 0.0000e+00
      31813   1325.514    790.000     3.8377   3.266135     3.8374   3.267508      54.78     0.0113     2.7211     2.4470  1.9590174  1.1047935   48.33600  -46.35062    34.8784    34.8951     3.7797     3.7794    27.7124    27.7256    6.23221    6.42221         23 0.0000e+00
      31835   1326.404    791.000     3.8378   3.266192     3.8374   3.267545      97.17     0.0124     2.7211     2.4464  1.9578655  1.1049464   48.33600  -46.35062    34.8786    34.8950     3.7797     3.7793    27.7125    27.7256    6.23713    6.42510         20 0.0000e+00
      31855   1327.235    792.000     3.8378   3.266241     3.8376   3.267606      54.35     0.0137     2.7215     2.4460  1.9579984  1.1050066   48.33600  -46.35062    34.8786    34.8950     3.7796     3.7794    27.7125    27.7256    6.23125    6.42241         20 0.0000e+00
      31874   1328.030    793.000     3.8380   3.266304     3.8377   3.267663      16.92     0.0132     2.7204     2.4453  1.9584228  1.1049376   48.33600  -46.35062    34.8786    34.8951     3.7798     3.7794    27.7125    27.7256    6.22689    6.42343         18 0.0000e+00
      31892   1328.781    794.000     3.8385   3.266369     3.8382   3.267731      85.80     0.0141     2.7208     2.4454  1.9590372  1.1050071   48.33600  -46.35062    34.8784    34.8949     3.7801     3.7798    27.7123    27.7254    6.23067    6.42907         18 0.0000e+00
      31909   1329.499    795.000     3.8384   3.266401     3.8381   3.267771      96.72     0.0140     2.7200     2.4451  1.9589888  1.1050061   48.33600  -46.35062    34.8783    34.8948     3.7799     3.7797    27.7123    27.7254    6.22726    6.42655         17 0.0000e+00
      31926   1330.223    796.000     3.8384   3.266450     3.8382   3.267817      94.23     0.0141     2.7196     2.4449  1.9590282  1.1049389   48.33600  -46.35062    34.8784    34.8948     3.7799     3.7796    27.7123    27.7254    6.23161    6.42768         18 0.0000e+00
      31946   1331.044    797.000     3.8385   3.266504     3.8385   3.267895      32.24     0.0125     2.7196     2.4447  1.9588779  1.1050045   48.33598  -46.35062    34.8784    34.8949     3.7799     3.7799    27.7123    27.7255    6.22257    6.43340         22 0.0000e+00
      31974   1332.197    798.000     3.8385   3.266543     3.8385   3.267930      96.07     0.0131     2.7185     2.4452  1.9595522  1.1046398   48.33598  -46.35062    34.8783    34.8948     3.7798     3.7798    27.7123    27.7254    6.22749    6.43574         33 0.0000e+00
      32004   1333.469    799.000     3.8391   3.266637     3.8383   3.267966      82.24     0.0150     2.7178     2.4451  1.9596626  1.1048230   48.33598  -46.35062    34.8783    34.8949     3.7803     3.7795    27.7122    27.7255    6.22592    6.43265         26 0.0000e+00
      32026   1334.394    800.000     3.8388   3.266656     3.8387   3.268037      43.67     0.0169     2.7181     2.4449  1.9590974  1.1050057   48.33600  -46.35062    34.8783    34.8948     3.7799     3.7798    27.7123    27.7254    6.22991    6.42638         20 0.0000e+00
      32046   1335.209    801.000     3.8388   3.266705     3.8387   3.268086      95.99     0.0140     2.7176     2.4442  1.9592571  1.1050061   48.33600  -46.35062    34.8784    34.8948     3.7799     3.7823    27.7123    27.7254    6.22938    6.42599         19 0.0000e+00
      32065   1336.001    802.000     3.8388   3.266754     3.8385   3.268117      96.70     0.0130     2.7175     2.4442  1.9590640  1.1050061   48.33600  -46.35062    34.8784    34.8949     3.7798     3.7795    27.7124    27.7255    6.23224    6.43218         19 0.0000e+00
      32084   1336.785    803.000     3.8386   3.266788     3.8383   3.268154      55.43     0.0127     2.7177     2.4439  1.9591918  1.1050061   48.33600  -46.35062    34.8785    34.8950     3.7795     3.7792    27.7124    27.7256    6.24163    6.43344         19 0.0000e+00
      32103   1337.581    804.000     3.8386   3.266827     3.8382   3.268181      62.65     0.0131     2.7182     2.4440  1.9590646  1.1049420   48.33600  -46.35062    34.8785    34.8950     3.7794     3.7790    27.7124    27.7256    6.23387    6.43349         19 0.0000e+00
      32123   1338.434    805.000     3.8387   3.266880     3.8383   3.268237      65.72     0.0149     2.7175     2.4437  1.9586542  1.1049505   48.33600  -46.35062    34.8785    34.8950     3.7794     3.7791    27.7125    27.7256    6.21932    6.42580         22 0.0000e+00
      32146   1339.391    806.000     3.8386   3.266916     3.8384   3.268292      87.68     0.0163     2.7161     2.4433  1.9587399  1.1050057   48.33600  -46.35062    34.8785    34.8950     3.7793     3.7791    27.7124    27.7256    6.22313    6.43079         24 0.0000e+00
      32170   1340.369    807.000     3.8383   3.266929     3.8383   3.268334      39.20     0.0166     2.7163     2.4430  1.9610739  1.1047244   48.33600  -46.35062    34.8785    34.8951     3.7789     3.7789    27.7125    27.7257    6.23287    6.43122         22 0.0000e+00
      32190   1341.215    808.000     3.8381   3.266968     3.8380   3.268350      97.32     0.0162     2.7162     2.4429  1.9613156  1.1046845   48.33600  -46.35060    34.8786    34.8951     3.7786     3.7785    27.7126    27.7258    6.23618    6.42906         19 0.0000e+00
      32208   1341.979    809.000     3.8382   3.267024     3.8380   3.268390      96.70     0.0186     2.7162     2.4425  1.9605212  1.1049381   48.33600  -46.35060    34.8787    34.8951     3.7786     3.7784    27.7127    27.7257    6.23131    6.42757         18 0.0000e+00
      32227   1342.758    810.000     3.8385   3.267087     3.8382   3.268455      56.94     0.0156     2.7160     2.4422  1.9605609  1.1048849   48.33600  -46.35060    34.8785    34.8951     3.7789     3.7786    27.7125    27.7257    6.22755    6.43080         20 0.0000e+00
      32249   1343.651    811.000     3.8389   3.267165     3.8383   3.268498      67.84     0.0138     2.7154     2.4421  1.9602436  1.1048996   48.33600  -46.35060    34.8786    34.8950     3.7792     3.7785    27.7125    27.7257    6.22910    6.43187         23 0.0000e+00
      32273   1344.653    812.000     3.8382   3.267150     3.8380   3.268517      97.06     0.0144     2.7152     2.4418  1.9602156  1.1049044   48.33600  -46.35060    34.8786    34.8950     3.7784     3.7782    27.7127    27.7257    6.22687    6.42732         24 0.0000e+00
      32294   1345.561    813.000     3.8378   3.267160     3.8374   3.268519      77.67     0.0153     2.7144     2.4413  1.9600735  1.1047622   48.33600  -46.35060    34.8786    34.8951     3.7779     3.7776    27.7127    27.7259    6.22230    6.42274         20 0.0000e+00
