data/CTD/2013/CNV/D021A035.CNV
* Sea-Bird SBE 9 Data File:
* FileName = C:\CTD_ACQUISITION\2013021HUD\ctddata\021A035.hdr
* Software Version Seasave V 7.22.2
* Temperature SN = 5081
* Conductivity SN = 3561
* Number of Bytes Per Scan = 37
* Number of Voltage Words = 4
* Number of Scans Averaged by the Deck Unit = 1
* NMEA Latitude = 48 16.30 N
* NMEA Longitude = 046 30.22 W
* NMEA UTC (Time) = Jul 03 2013 15:36:29
* NMEA baud rate = 9600
** Ship: Hudson
** Cruise: HUD2013021
** Chief_Scientist: Greenan
** Organization: BIO
** Area_of_Operation: Sackville Spur
** Station: 35
** Sounding:  860
** Event_Comments: SS12  393163
# nquan = 25
# nvalues = 864                         
# units = specified
# name 0 = scan: Scan Count
# name 1 = timeS: Time, Elapsed [seconds]
# name 2 = prDM: Pressure, Digiquartz [db]
# name 3 = t068C: Temperature [ITS-68, deg C]
# name 4 = c0S/m: Conductivity [S/m]
# name 5 = t168C: Temperature, 2 [ITS-68, deg C]
# name 6 = c1S/m: Conductivity, 2 [S/m]
# name 7 = altM: Altimeter [m]
# name 8 = flCUVA: Fluorescence, Chelsea UV Aquatracka [ug/l]
# name 9 = sbeox0V: Oxygen raw, SBE 43 [V]
# name 10 = sbeox1V: Oxygen raw, SBE 43, 2 [V]
# name 11 = upoly0: Upoly 0, Optode 4330F - O2 D-Phase
# name 12 = upoly1: Upoly 1, Optode 4330F - O2 Temp
# name 13 = latitude: Latitude [deg]
# name 14 = longitude: Longitude [deg]
# name 15 = sal00: Salinity, Practical [PSU]
# name 16 = sal11: Salinity, Practical, 2 [PSU]
# name 17 = potemp068C: Potential Temperature [ITS-68, deg C]
# name 18 = potemp168C: Potential Temperature, 2 [ITS-68, deg C]
# name 19 = sigma-é00: Density [sigma-theta, Kg/m^3]
# name 20 = sigma-é11: Density, 2 [sigma-theta, Kg/m^3]
# name 21 = sbeox0ML/L: Oxygen, SBE 43 [ml/l], WS = 2
# name 22 = sbeox1ML/L: Oxygen, SBE 43, 2 [ml/l], WS = 2
# name 23 = nbin: number of scans per bin
# name 24 = flag: flag
# span 0 =      11067,      34603       
# span 1 =    461.069,   1441.759       
# span 2 =      3.000,    866.000       
# span 3 =    -0.1289,     5.8227       
# span 4 =   2.768265,   3.279425       
# span 5 =    -0.1290,     5.8203       
# span 6 =   2.769400,   3.280769       
# span 7 =       4.23,      99.43       
# span 8 =     0.0096,     0.0895       
# span 9 =     2.6166,     3.3655       
# span 10 =     2.3507,     3.0152      
# span 11 =  1.7274394,  2.0073443      
# span 12 =  0.6326419,  1.3536277      
# span 13 =   48.26882,   48.27082      
# span 14 =  -46.50344,  -46.50260      
# span 15 =    32.6319,    34.9102      
# span 16 =    32.6474,    34.9266      
# span 17 =    -0.1304,     5.8222      
# span 18 =    -0.1304,     5.8198      
# span 19 =    25.7042,    27.7454      
# span 20 =    25.7159,    27.7585      
# span 21 =    5.97923,    7.69938      
# span 22 =    6.17160,    7.80798      
# span 23 =         13,        107      
# span 24 = 0.0000e+00, 0.0000e+00      
# interval = decibars: 1                
# start_time = Jul 03 2013 15:36:29 [NMEA time, header]
# bad_flag = -9.990e-29
*END*
      11067    461.069      3.000     5.7976   3.208899     5.7921   3.209822       4.50     0.0492     3.3655     3.0152  1.7274394  1.3511121   48.27082  -46.50338    32.6319    32.6476     5.7973     5.7919    25.7064    25.7195    7.11087    7.25471         31 0.0000e+00
      11231    467.933      4.000     5.7931   3.208603     5.7948   3.210089       4.94     0.0377     3.3650     3.0139  1.7274479  1.3516365   48.27081  -46.50337    32.6324    32.6475     5.7928     5.7945    25.7073    25.7191    7.10691    7.24601         59 0.0000e+00
      11388    474.467      5.000     5.8103   3.210145     5.8032   3.210858      11.89     0.0393     3.3643     3.0102  1.7284343  1.3516490   48.27080  -46.50336    32.6327    32.6475     5.8099     5.8028    25.7055    25.7181    7.09872    7.23831         34 0.0000e+00
      11412    475.465      6.000     5.8227   3.211271     5.8141   3.211886      94.48     0.0314     3.3639     3.0119  1.7289227  1.3516483   48.27080  -46.50336    32.6329    32.6481     5.8222     5.8137    25.7042    25.7172    7.09963    7.26282         27 0.0000e+00
      11444    476.787      7.000     5.8186   3.210948     5.8203   3.212400      96.81     0.0352     3.3629     3.0131  1.7285385  1.3526131   48.27080  -46.50336    32.6324    32.6474     5.8183     5.8198    25.7043    25.7159    7.09125    7.24985         36 0.0000e+00
      11481    478.338      8.000     5.8009   3.209423     5.8090   3.211512      96.85     0.0356     3.3596     3.0102  1.7278063  1.3532183   48.27080  -46.50335    32.6322    32.6479     5.8002     5.8084    25.7063    25.7177    7.06700    7.20980         36 0.0000e+00
      11512    479.626      9.000     5.7919   3.208729     5.7934   3.210212      96.88     0.0306     3.3550     3.0052  1.7278105  1.3536277   48.27079  -46.50334    32.6325    32.6478     5.7912     5.7927    25.7076    25.7196    7.06368    7.20401         26 0.0000e+00
      11538    480.693     10.000     5.7871   3.208390     5.7754   3.208683      96.90     0.0331     3.3536     3.0032  1.7275842  1.3524785   48.27078  -46.50334    32.6326    32.6475     5.7863     5.7746    25.7083    25.7215    7.09029    7.21708         27 0.0000e+00
      11574    482.219     11.000     5.7857   3.208234     5.7834   3.209450      96.91     0.0384     3.3558     3.0017  1.7282442  1.3517585   48.27079  -46.50334    32.6319    32.6478     5.7849     5.7826    25.7079    25.7207    7.10749    7.22331         52 0.0000e+00
      11634    484.719     12.000     5.7285   3.203379     5.7223   3.204236      96.93     0.0398     3.3590     3.0030  1.7288203  1.3515584   48.27078  -46.50334    32.6322    32.6478     5.7276     5.7213    25.7149    25.7280    7.11718    7.25408         49 0.0000e+00
      11665    486.001     13.000     5.5992   3.192360     5.6006   3.193890      96.95     0.0416     3.3588     3.0037  1.7293794  1.3514321   48.27078  -46.50334    32.6324    32.6484     5.5982     5.5996    25.7305    25.7429    7.12268    7.25806         23 0.0000e+00
      11687    486.904     14.000     5.5827   3.191011     5.5825   3.192400      96.97     0.0474     3.3560     3.0014  1.7313976  1.3504184   48.27078  -46.50333    32.6326    32.6486     5.5816     5.5814    25.7326    25.7452    7.06017    7.18224         22 0.0000e+00
      11714    488.037     15.000     5.5747   3.190510     5.5743   3.191871      96.97     0.0563     3.3331     2.9781  1.7318493  1.3443233   48.27077  -46.50332    32.6342    32.6500     5.5735     5.5731    25.7348    25.7473    6.83643    6.94331         38 0.0000e+00
      11809    491.990     16.000     5.5799   3.191030     5.5789   3.192317      96.96     0.0567     3.3234     2.9441  1.7320374  1.3309373   48.27076  -46.50332    32.6344    32.6501     5.5788     5.5776    25.7343    25.7469    7.20581    7.18286         50 0.0000e+00
      11837    493.180     17.000     5.5340   3.187748     5.5331   3.189039      96.99     0.0646     3.3425     2.9569  1.7317370  1.3345478   48.27076  -46.50332    32.6415    32.6569     5.5327     5.5318    25.7453    25.7576    7.15664    7.18618         24 0.0000e+00
      11862    494.214     18.000     5.1723   3.159889     5.1712   3.161148      97.01     0.0760     3.3442     2.9594  1.7327023  1.3326761   48.27076  -46.50332    32.6760    32.6915     5.1710     5.1699    25.8137    25.8261    7.15948    7.20288         27 0.0000e+00
      11903    495.935     19.000     3.9365   3.066803     3.9416   3.068875      96.99     0.0895     3.3284     2.9437  1.7433020  1.3180361   48.27076  -46.50331    32.8160    32.8351     3.9353     3.9404    26.0540    26.0690    7.25952    7.26769         65 0.0000e+00
      11977    498.985     20.000     3.4538   3.030132     3.4545   3.031870      97.02     0.0878     3.3017     2.9137  1.7586143  1.2334954   48.27074  -46.50330    32.8657    32.8858     3.4526     3.4533    26.1410    26.1570    7.35421    7.33263         58 0.0000e+00
      12017    500.659     21.000     3.1631   3.007503     3.1650   3.009328      97.02     0.0800     3.2951     2.9056  1.7699349  1.1814280   48.27074  -46.50330    32.8880    32.9081     3.1619     3.1638    26.1851    26.2010    7.32465    7.33195         33 0.0000e+00
      12049    502.017     22.000     2.6557   2.967427     2.6684   2.970158      97.04     0.0645     3.2829     2.8975  1.7771816  1.1540362   48.27074  -46.50330    32.9189    32.9393     2.6545     2.6672    26.2530    26.2683    7.42765    7.45121         34 0.0000e+00
      12091    503.750     23.000     1.9353   2.912481     1.9511   2.915613      85.29     0.0612     3.2767     2.8959  1.7881947  1.0991119   48.27074  -46.50330    32.9843    33.0070     1.9342     1.9500    26.3613    26.3783    7.59105    7.63784         55 0.0000e+00
      12172    507.115     24.000     1.2671   2.861325     1.2564   2.862150      99.43     0.0633     3.2659     2.9010  1.7970995  1.0061330   48.27072  -46.50328    33.0378    33.0620     1.2661     1.2554    26.4510    26.4711    7.69938    7.80798         76 0.0000e+00
      12211    508.741     25.000     0.9707   2.839211     0.9718   2.841027      97.08     0.0607     3.2551     2.8945  1.8179629  0.9748507   48.27072  -46.50328    33.0710    33.0931     0.9696     0.9708    26.4963    26.5140    7.61433    7.69180         26 0.0000e+00
      12236    509.780     26.000     0.9506   2.837986     0.9510   2.839680      97.10     0.0489     3.2411     2.8822  1.8202496  0.9660484   48.27072  -46.50328    33.0760    33.0974     0.9496     0.9499    26.5015    26.5187    7.57310    7.63525         26 0.0000e+00
      12278    511.534     27.000     0.9391   2.837592     0.9440   2.839572      82.07     0.0484     3.2215     2.8647  1.8281436  0.8828570   48.27072  -46.50328    33.0826    33.1027     0.9380     0.9430    26.5075    26.5234    7.55108    7.62306         74 0.0000e+00
      12366    515.210     28.000     0.8495   2.831992     0.7848   2.828674      98.09     0.0549     3.1888     2.8416  1.8239874  0.8568060   48.27070  -46.50328    33.1053    33.1316     0.8484     0.7837    26.5309    26.5560    7.51600    7.65723         56 0.0000e+00
      12394    516.370     29.000     0.3520   2.796026     0.3549   2.797790      97.08     0.0526     3.1825     2.8389  1.8309791  0.8578601   48.27070  -46.50328    33.1715    33.1914     0.3510     0.3539    26.6124    26.6283    7.62036    7.75224         29 0.0000e+00
      12427    517.760     30.000     0.1624   2.782706     0.1640   2.784381      97.09     0.0495     3.1754     2.8361  1.8407798  0.8355746   48.27070  -46.50327    33.2011    33.2214     0.1614     0.1630    26.6461    26.6623    7.65617    7.79354         41 0.0000e+00
      12474    519.722     31.000     0.1240   2.780308     0.1239   2.781793      97.10     0.0566     3.1671     2.8331  1.8573271  0.7689749   48.27068  -46.50326    33.2105    33.2302     0.1230     0.1229    26.6556    26.6715    7.65360    7.80281         47 0.0000e+00
      12523    521.759     32.000     0.1167   2.780150     0.1168   2.781586      84.82     0.0554     3.1610     2.8301  1.8618429  0.7433245   48.27068  -46.50326    33.2158    33.2346     0.1156     0.1157    26.6603    26.6754    7.65629    7.79407         58 0.0000e+00
      12584    524.286     33.000     0.1104   2.780074     0.1105   2.781437      97.83     0.0520     3.1555     2.8271  1.8659370  0.7273341   48.27068  -46.50326    33.2210    33.2388     0.1093     0.1094    26.6648    26.6792    7.64317    7.78949         52 0.0000e+00
      12625    526.003     34.000     0.1073   2.780062     0.1073   2.781389      97.04     0.0514     3.1519     2.8252  1.8698206  0.7213382   48.27068  -46.50326    33.2236    33.2411     0.1062     0.1061    26.6670    26.6812    7.64355    7.78628         37 0.0000e+00
      12666    527.698     35.000     0.1035   2.780014     0.1034   2.781308      93.71     0.0461     3.1493     2.8236  1.8771546  0.7124045   48.27068  -46.50326    33.2265    33.2437     0.1023     0.1022    26.6696    26.6834    7.63294    7.78495         47 0.0000e+00
      12719    529.910     36.000     0.0965   2.779803     0.0966   2.781084      97.03     0.0504     3.1450     2.8211  1.8806753  0.7003713   48.27067  -46.50326    33.2308    33.2475     0.0953     0.0954    26.6734    26.6868    7.62407    7.77008         54 0.0000e+00
      12766    531.879     37.000     0.0884   2.779605     0.0884   2.780865      96.93     0.0489     3.1421     2.8185  1.8829881  0.6980309   48.27066  -46.50326    33.2363    33.2529     0.0872     0.0872    26.6782    26.6916    7.62614    7.77168         42 0.0000e+00
      12806    533.561     38.000     0.0781   2.779630     0.0782   2.780887      96.90     0.0459     3.1402     2.8169  1.8875490  0.6925868   48.27066  -46.50326    33.2472    33.2636     0.0769     0.0769    26.6875    26.7008    7.61606    7.76788         41 0.0000e+00
      12855    535.588     39.000     0.0746   2.779902     0.0746   2.781144      96.89     0.0391     3.1355     2.8135  1.8891770  0.6826259   48.27066  -46.50326    33.2540    33.2704     0.0733     0.0733    26.6932    26.7064    7.58287    7.73717         60 0.0000e+00
      12917    538.167     40.000     0.0766   2.780822     0.0764   2.782030      96.78     0.0366     3.1253     2.8061  1.8906405  0.6776120   48.27066  -46.50325    33.2634    33.2795     0.0753     0.0750    26.7007    26.7137    7.53070    7.69478         53 0.0000e+00
      12962    540.025     41.000     0.0639   2.780671     0.0648   2.781953      96.94     0.0405     3.1155     2.7966  1.8927046  0.6756859   48.27066  -46.50324    33.2747    33.2905     0.0625     0.0635    26.7104    26.7232    7.48237    7.62124         43 0.0000e+00
      13014    542.220     42.000     0.0414   2.779833     0.0417   2.781080      83.64     0.0355     3.1000     2.7816  1.8968115  0.6690717   48.27066  -46.50324    33.2875    33.3036     0.0400     0.0403    26.7218    26.7348    7.41149    7.56955         59 0.0000e+00
      13062    544.196     43.000     0.0126   2.778050     0.0146   2.779460      96.87     0.0378     3.0844     2.7691  1.8992627  0.6651757   48.27066  -46.50324    33.2946    33.3111     0.0112     0.0132    26.7290    26.7422    7.39423    7.56390         36 0.0000e+00
      13094    545.534     44.000    -0.0217   2.775716    -0.0156   2.777345      96.62     0.0380     3.0771     2.7637  1.8998643  0.6640589   48.27066  -46.50324    33.3006    33.3155    -0.0232    -0.0171    26.7355    26.7473    7.40070    7.56377         32 0.0000e+00
      13149    547.847     45.000    -0.1289   2.768265    -0.1290   2.769400      96.58     0.0371     3.0666     2.7551  1.9077067  0.6523473   48.27065  -46.50324    33.3179    33.3341    -0.1304    -0.1304    26.7545    26.7677    7.39465    7.57111         77 0.0000e+00
      13234    551.379     46.000    -0.1191   2.770362    -0.1229   2.771223      96.32     0.0364     3.0504     2.7441  1.9150250  0.6428400   48.27064  -46.50324    33.3347    33.3502    -0.1205    -0.1244    26.7677    26.7804    7.37968    7.55212         33 0.0000e+00
      13255    552.267     47.000    -0.1122   2.771823    -0.1125   2.773006      96.50     0.0321     3.0497     2.7424  1.9157467  0.6434677   48.27064  -46.50324    33.3459    33.3620    -0.1137    -0.1140    26.7764    26.7894    7.40412    7.56947         22 0.0000e+00
      13280    553.310     48.000    -0.0997   2.773793    -0.1018   2.774800      96.84     0.0253     3.0514     2.7437  1.9168999  0.6435418   48.27064  -46.50324    33.3579    33.3735    -0.1013    -0.1033    26.7855    26.7982    7.44142    7.60627         31 0.0000e+00
      13353    556.330     49.000    -0.0641   2.777566    -0.0615   2.779162      96.49     0.0223     3.0528     2.7450  1.9250751  0.6328345   48.27064  -46.50324    33.3684    33.3867    -0.0657    -0.0631    26.7923    26.8069    7.39834    7.56700         92 0.0000e+00
      13413    558.822     50.000     0.0120   2.785129     0.0058   2.785790      94.50     0.0266     3.0500     2.7423  1.9289234  0.6363445   48.27064  -46.50324    33.3847    33.4002     0.0103     0.0041    26.8017    26.8146    7.36286    7.54184         32 0.0000e+00
      13443    560.083     51.000     0.1756   2.800344     0.1641   2.800479      70.77     0.0265     3.0491     2.7426  1.9299299  0.6352361   48.27064  -46.50324    33.4063    33.4206     0.1738     0.1624    26.8109    26.8230    7.34209    7.52467         31 0.0000e+00
      13476    561.449     52.000     0.2356   2.806315     0.2367   2.807552      93.84     0.0206     3.0487     2.7422  1.9304494  0.6326419   48.27062  -46.50323    33.4189    33.4339     0.2337     0.2349    26.8181    26.8301    7.31961    7.49048         37 0.0000e+00
      13551    564.578     53.000     0.2194   2.805371     0.2140   2.806330      96.27     0.0210     3.0431     2.7364  1.9320639  0.6521025   48.27063  -46.50323    33.4235    33.4421     0.2175     0.2122    26.8226    26.8379    7.27681    7.44919        107 0.0000e+00
      13622    567.531     54.000     0.2701   2.811332     0.2695   2.812450      47.40     0.0225     3.0321     2.7272  1.9354644  0.6565636   48.27062  -46.50323    33.4460    33.4613     0.2682     0.2676    26.8381    26.8505    7.22072    7.39207         31 0.0000e+00
      13646    568.528     55.000     0.2588   2.811387     0.2598   2.812595      94.05     0.0206     3.0288     2.7242  1.9362593  0.6548551   48.27062  -46.50322    33.4584    33.4732     0.2569     0.2578    26.8487    26.8606    7.22444    7.40556         24 0.0000e+00
      13674    569.695     56.000     0.3072   2.817019     0.3052   2.817871      96.48     0.0191     3.0264     2.7223  1.9368632  0.6550414   48.27062  -46.50322    33.4781    33.4924     0.3060     0.3031    26.8619    26.8736    7.22498    7.40100         35 0.0000e+00
      13733    572.147     57.000     0.3050   2.817281     0.3073   2.818727      93.19     0.0189     3.0238     2.7197  1.9395733  0.6593705   48.27062  -46.50323    33.4844    33.5006     0.3028     0.3053    26.8672    26.8802    7.23158    7.40300         71 0.0000e+00
      13782    574.189     58.000     0.3007   2.817014     0.2988   2.818066      93.93     0.0176     3.0216     2.7179  1.9406873  0.6628709   48.27062  -46.50322    33.4848    33.5007     0.2987     0.2967    26.8678    26.8807    7.20338    7.38130         37 0.0000e+00
      13845    576.814     59.000     0.3234   2.819356     0.3204   2.820284      88.20     0.0209     3.0140     2.7107  1.9432921  0.6626414   48.27062  -46.50324    33.4903    33.5056     0.3212     0.3183    26.8710    26.8835    7.16714    7.34169         90 0.0000e+00
