data/CTD/2013/CNV/D021A020.CNV
* Sea-Bird SBE 9 Data File:
* FileName = C:\CTD_ACQUISITION\2013021HUD\ctddata\021A020.hdr
* Software Version Seasave V 7.22.2
* Temperature SN = 5081
* Conductivity SN = 3561
* Number of Bytes Per Scan = 37
* Number of Voltage Words = 4
* Number of Scans Averaged by the Deck Unit = 1
* NMEA Latitude = 47 00.01 N
* NMEA Longitude = 046 33.55 W
* NMEA UTC (Time) = Jul 02 2013 06:15:01
* NMEA baud rate = 9600
** Ship: Hudson
** Cruise: HUD2013021
** Chief_Scientist: Greenan
** Organization: BIO
** Area_of_Operation: Sackville Spur
** Station: 20
** Sounding:  440
** Event_Comments: FC19.5  393127
# nquan = 25
# nvalues = 422                         
# units = specified
# name 0 = scan: Scan Count
# name 1 = timeS: Time, Elapsed [seconds]
# name 2 = prDM: Pressure, Digiquartz [db]
# name 3 = t068C: Temperature [ITS-68, deg C]
# name 4 = c0S/m: Conductivity [S/m]
# name 5 = t168C: Temperature, 2 [ITS-68, deg C]
# name 6 = c1S/m: Conductivity, 2 [S/m]
# name 7 = altM: Altimeter [m]
# name 8 = flCUVA: Fluorescence, Chelsea UV Aquatracka [ug/l]
# name 9 = sbeox0V: Oxygen raw, SBE 43 [V]
# name 10 = sbeox1V: Oxygen raw, SBE 43, 2 [V]
# name 11 = upoly0: Upoly 0, Optode 4330F - O2 D-Phase
# name 12 = upoly1: Upoly 1, Optode 4330F - O2 Temp
# name 13 = latitude: Latitude [deg]
# name 14 = longitude: Longitude [deg]
# name 15 = sal00: Salinity, Practical [PSU]
# name 16 = sal11: Salinity, Practical, 2 [PSU]
# name 17 = potemp068C: Potential Temperature [ITS-68, deg C]
# name 18 = potemp168C: Potential Temperature, 2 [ITS-68, deg C]
# name 19 = sigma-é00: Density [sigma-theta, Kg/m^3]
# name 20 = sigma-é11: Density, 2 [sigma-theta, Kg/m^3]
# name 21 = sbeox0ML/L: Oxygen, SBE 43 [ml/l], WS = 2
# name 22 = sbeox1ML/L: Oxygen, SBE 43, 2 [ml/l], WS = 2
# name 23 = nbin: number of scans per bin
# name 24 = flag: flag
# span 0 =       8859,      20931       
# span 1 =    369.069,    872.091       
# span 2 =      3.000,    424.000       
# span 3 =     2.7221,     6.5771       
# span 4 =   3.066748,   3.347639       
# span 5 =     2.7219,     6.5775       
# span 6 =   3.067945,   3.349006       
# span 7 =       4.56,      99.03       
# span 8 =     0.0111,     0.2565       
# span 9 =     2.6297,     3.4004       
# span 10 =     2.3651,     3.0152      
# span 11 =  1.7179014,  2.0427541      
# span 12 =  0.9731476,  1.4519898      
# span 13 =   47.00082,   47.00146      
# span 14 =  -46.55889,  -46.55786      
# span 15 =    32.7638,    34.9237      
# span 16 =    32.7783,    34.9390      
# span 17 =     2.7161,     6.5766      
# span 18 =     2.7159,     6.5771      
# span 19 =    25.7139,    27.6717      
# span 20 =    25.7248,    27.6841      
# span 21 =    5.38352,    7.56559      
# span 22 =    5.57151,    7.70275      
# span 23 =         13,         95      
# span 24 = 0.0000e+00, 0.0000e+00      
# interval = decibars: 1                
# start_time = Jul 02 2013 06:15:01 [NMEA time, header]
# bad_flag = -9.990e-29
*END*
       8859    369.069      3.000     6.5759   3.289329     6.5751   3.289174       4.83     0.0650     2.9084     2.9902  1.7199694  1.4517084   47.00084  -46.55889    32.7794    32.7786     6.5757     6.5748    25.7259    25.7254    5.40387    7.04986         39 0.0000e+00
       9082    378.388      4.000     6.5769   3.291973     6.5775   3.289403       4.88     0.0681     3.0500     2.9934  1.7197043  1.4507232   47.00084  -46.55886    32.8073    32.7783     6.5765     6.5771    25.7478    25.7248    6.38946    7.06697         57 0.0000e+00
       9209    383.654      5.000     6.5765   3.288894     6.5771   3.289422       4.56     0.0660     3.2348     2.9946  1.7190853  1.4512973   47.00084  -46.55884    32.7732    32.7785     6.5761     6.5766    25.7209    25.7250    6.89107    7.06155         37 0.0000e+00
       9274    386.388      6.000     6.5771   3.288376     6.5775   3.289494      59.00     0.0691     3.2901     2.9939  1.7183871  1.4510652   47.00085  -46.55883    32.7664    32.7783     6.5766     6.5770    25.7155    25.7249    6.89822    7.05446         76 0.0000e+00
       9337    388.995      7.000     6.5765   3.288232     6.5773   3.289536      75.27     0.0637     3.3150     2.9922  1.7203116  1.4518882   47.00084  -46.55882    32.7649    32.7785     6.5759     6.5767    25.7145    25.7251    6.88798    7.05417         23 0.0000e+00
       9358    389.875      8.000     6.5739   3.288027     6.5738   3.289299      85.33     0.0667     3.3193     2.9922  1.7203883  1.4519898   47.00085  -46.55881    32.7646    32.7788     6.5733     6.5731    25.7145    25.7257    6.88892    7.05066         22 0.0000e+00
       9385    391.003      9.000     6.5727   3.287929     6.5730   3.289268      74.30     0.0718     3.3231     2.9909  1.7193027  1.4508563   47.00086  -46.55880    32.7642    32.7787     6.5719     6.5723    25.7144    25.7258    6.88755    7.04484         36 0.0000e+00
       9444    393.476     10.000     6.5742   3.288067     6.5741   3.289395      81.18     0.0647     3.3275     2.9907  1.7192628  1.4503405   47.00086  -46.55879    32.7638    32.7786     6.5733     6.5732    25.7139    25.7256    6.88317    7.05924         69 0.0000e+00
       9491    395.400     11.000     6.5716   3.287899     6.5718   3.289255      95.53     0.0646     3.3292     2.9923  1.7200105  1.4505498   47.00086  -46.55878    32.7640    32.7788     6.5706     6.5708    25.7144    25.7260    6.88256    7.06467         32 0.0000e+00
       9523    396.759     12.000     6.5710   3.287889     6.5683   3.289013      89.15     0.0665     3.3287     2.9928  1.7210284  1.4496729   47.00086  -46.55878    32.7640    32.7789     6.5699     6.5673    25.7145    25.7266    6.87594    7.06517         37 0.0000e+00
       9580    399.136     13.000     6.5638   3.287351     6.5643   3.288733      70.76     0.0662     3.3282     2.9943  1.7197912  1.4493186   47.00086  -46.55876    32.7644    32.7792     6.5627     6.5632    25.7158    25.7274    6.88040    7.07313         70 0.0000e+00
       9630    401.196     14.000     6.5573   3.286897     6.5614   3.288581      96.38     0.0668     3.3282     2.9947  1.7184498  1.4493284   47.00086  -46.55876    32.7651    32.7798     6.5561     6.5602    25.7171    25.7282    6.88512    7.06562         29 0.0000e+00
       9655    402.262     15.000     6.5570   3.286876     6.5590   3.288408      86.06     0.0662     3.3297     2.9938  1.7188848  1.4488626   47.00086  -46.55876    32.7648    32.7797     6.5557     6.5577    25.7169    25.7284    6.89715    7.05799         26 0.0000e+00
       9694    403.856     16.000     6.5613   3.287285     6.5625   3.288743      90.58     0.0675     3.3292     2.9904  1.7195233  1.4482090   47.00086  -46.55874    32.7646    32.7796     6.5599     6.5611    25.7163    25.7279    6.88634    7.04277         62 0.0000e+00
       9766    406.857     17.000     6.5638   3.287546     6.5641   3.288926      90.50     0.0696     3.3331     2.9893  1.7202935  1.4488487   47.00086  -46.55872    32.7646    32.7796     6.5624     6.5627    25.7159    25.7277    6.91862    7.07228         53 0.0000e+00
       9798    408.226     18.000     6.5634   3.287573     6.5630   3.288882      95.24     0.0682     3.3357     2.9914  1.7210813  1.4492056   47.00086  -46.55872    32.7648    32.7797     6.5619     6.5614    25.7162    25.7280    6.91125    7.04890         30 0.0000e+00
       9829    409.517     19.000     6.5406   3.285686     6.5426   3.287343      75.60     0.0701     3.3297     2.9808  1.7204143  1.4488734   47.00086  -46.55870    32.7649    32.7799     6.5389     6.5410    25.7194    25.7305    6.79365    6.93019         34 0.0000e+00
       9874    411.377     20.000     6.4463   3.277794     6.4415   3.278970      85.64     0.0692     3.3166     2.9705  1.7179015  1.4481741   47.00086  -46.55869    32.7680    32.7856     6.4446     6.4399    25.7337    25.7482    6.89033    7.03563         56 0.0000e+00
       9930    413.716     21.000     6.4619   3.279020     6.4602   3.280221      90.02     0.0694     3.3334     2.9793  1.7205490  1.4479759   47.00086  -46.55868    32.7655    32.7811     6.4604     6.4584    25.7298    25.7423    6.99306    7.06547         49 0.0000e+00
       9972    415.451     22.000     6.3621   3.271496     6.3138   3.268707      91.95     0.0661     3.3461     2.9776  1.7216382  1.4467038   47.00086  -46.55868    32.7760    32.7936     6.3603     6.3119    25.7506    25.7706    7.04568    7.08247         39 0.0000e+00
      10018    417.363     23.000     5.6466   3.219168     5.6575   3.220985      77.92     0.0686     3.3672     2.9867  1.7225459  1.4392579   47.00086  -46.55867    32.8846    32.8946     5.6448     5.6557    25.9241    25.9308    7.26021    7.27034         58 0.0000e+00
      10082    420.024     24.000     5.1309   3.189328     5.2477   3.197093      91.44     0.0788     3.4004     3.0124  1.7406305  1.3876570   47.00086  -46.55864    33.0514    33.0249     5.1291     5.2459    26.1162    26.0819    7.40796    7.44360         53 0.0000e+00
      10118    421.549     25.000     4.6732   3.162316     4.7354   3.167632      90.57     0.0908     3.3994     3.0152  1.7396110  1.3658824   47.00086  -46.55863    33.1949    33.1974     4.6714     4.7336    26.2805    26.2760    7.33623    7.42652         30 0.0000e+00
      10145    422.681     26.000     4.4441   3.146727     4.4580   3.149129      52.51     0.1094     3.3934     3.0142  1.7477208  1.3145287   47.00086  -46.55862    33.2428    33.2569     4.4423     4.4562    26.3431    26.3528    7.39918    7.49245         26 0.0000e+00
      10176    423.942     27.000     4.2379   3.132947     4.2398   3.134357      92.66     0.1396     3.3882     3.0122  1.7510604  1.2825705   47.00086  -46.55862    33.2890    33.3037     4.2360     4.2379    26.4013    26.4127    7.38210    7.46483         39 0.0000e+00
      10250    427.030     28.000     4.2088   3.130932     4.1608   3.129295      89.30     0.1695     3.3612     2.9887  1.7526571  1.2155327   47.00086  -46.55860    33.2943    33.3231     4.2069     4.1590    26.4082    26.4360    7.30299    7.39043         79 0.0000e+00
      10294    428.884     29.000     3.8503   3.106732     3.8522   3.108231      85.35     0.1688     3.3483     2.9793  1.7520959  1.2121654   47.00086  -46.55859    33.3721    33.3881     3.8484     3.8503    26.5065    26.5190    7.35080    7.45002         31 0.0000e+00
      10328    430.288     30.000     3.7108   3.096737     3.7242   3.099182      91.48     0.1712     3.3385     2.9752  1.7517110  1.1909769   47.00086  -46.55857    33.3953    33.4107     3.7089     3.7223    26.5385    26.5494    7.35277    7.48956         39 0.0000e+00
      10377    432.341     31.000     3.2987   3.067196     3.3269   3.070409      89.60     0.1850     3.3277     2.9735  1.7526329  1.1522484   47.00086  -46.55856    33.4645    33.4731     3.2968     3.3250    26.6327    26.6369    7.43882    7.58897         57 0.0000e+00
      10428    434.443     32.000     3.2865   3.066748     3.2842   3.067945      82.97     0.1679     3.3314     2.9820  1.7595304  1.1230998   47.00087  -46.55856    33.4712    33.4880     3.2845     3.2823    26.6391    26.6527    7.56559    7.70275         42 0.0000e+00
      10468    436.132     33.000     3.2949   3.067888     3.2964   3.069406      95.77     0.1594     3.3389     2.9900  1.7644986  1.0969449   47.00088  -46.55854    33.4757    33.4925     3.2929     3.2944    26.6419    26.6552    7.49389    7.64077         43 0.0000e+00
      10516    438.127     34.000     3.3250   3.071125     3.3204   3.071999      92.09     0.1572     3.3281     2.9846  1.7671024  1.0751077   47.00088  -46.55853    33.4831    33.4984     3.3229     3.3183    26.6451    26.6577    7.39874    7.58430         51 0.0000e+00
      10562    440.060     35.000     3.4352   3.085259     3.4361   3.086365      76.14     0.1714     3.3137     2.9775  1.7704831  1.0708078   47.00088  -46.55852    33.5373    33.5511     3.4331     3.4339    26.6779    26.6888    7.28474    7.46846         41 0.0000e+00
      10604    441.790     36.000     3.9144   3.140064     3.9077   3.140416      71.14     0.1733     3.2876     2.9539  1.7690542  1.0699689   47.00088  -46.55850    33.6986    33.7097     3.9120     3.9053    26.7598    26.7693    7.07177    7.25737         44 0.0000e+00
      10648    443.637     37.000     4.1915   3.171836     4.1845   3.172124      96.71     0.1852     3.2659     2.9379  1.7617197  1.0786371   47.00088  -46.55850    33.7892    33.7998     4.1890     4.1820    26.8037    26.8128    7.02610    7.20812         41 0.0000e+00
      10685    445.163     38.000     4.4519   3.201787     4.4428   3.201835      84.99     0.1994     3.2516     2.9235  1.7594352  1.1236405   47.00088  -46.55848    33.8733    33.8832     4.4492     4.4401    26.8429    26.8518    6.92487    7.09617         34 0.0000e+00
      10730    447.048     39.000     4.6011   3.220398     4.5687   3.217514      76.29     0.2153     3.2357     2.9082  1.7570517  1.1476536   47.00086  -46.55847    33.9374    33.9369     4.5983     4.5659    26.8777    26.8808    6.88222    7.05632         68 0.0000e+00
      10796    449.782     40.000     4.5570   3.217694     4.5609   3.219664      88.07     0.2391     3.2182     2.8906  1.7586457  1.1885711   47.00086  -46.55845    33.9510    33.9697     4.5538     4.5580    26.8934    26.9078    6.83486    6.98205         43 0.0000e+00
      10832    451.274     41.000     4.5167   3.216747     4.5185   3.218050      95.26     0.2479     3.2013     2.8726  1.7650926  1.1844513   47.00086  -46.55844    33.9805    33.9955     4.5137     4.5156    26.9212    26.9328    6.79478    6.94441         44 0.0000e+00
      10901    454.150     42.000     4.4750   3.213093     4.4671   3.214046      71.96     0.2488     3.2030     2.8689  1.7778043  1.1877460   47.00086  -46.55842    33.9800    33.9991     4.4720     4.4641    26.9254    26.9413    6.95738    7.06410         69 0.0000e+00
      10940    455.791     43.000     4.3972   3.207137     4.3964   3.208435      96.25     0.2541     3.2076     2.8697  1.7827513  1.1855582   47.00086  -46.55842    33.9898    34.0058     4.3942     4.3934    26.9414    26.9542    6.90118    7.03235         27 0.0000e+00
      10967    456.910     44.000     4.1592   3.186640     4.1625   3.188524      95.88     0.2565     3.2047     2.8667  1.7837342  1.1812980   47.00086  -46.55841    33.9935    34.0125     4.1562     4.1595    26.9694    26.9841    6.92263    7.04320         30 0.0000e+00
      11013    458.839     45.000     3.8431   3.159698     3.8497   3.161469      76.50     0.2475     3.1968     2.8598  1.7940834  1.1718019   47.00086  -46.55839    34.0014    34.0157     3.8402     3.8467    27.0080    27.0187    6.94805    7.07994         71 0.0000e+00
      11079    461.594     46.000     3.8187   3.157531     3.8076   3.158052      83.65     0.2124     3.1851     2.8497  1.8001851  1.1215042   47.00086  -46.55838    34.0005    34.0184     3.8157     3.8046    27.0098    27.0251    6.92597    7.06548         41 0.0000e+00
      11113    462.985     47.000     3.7025   3.148331     3.7018   3.149719      85.21     0.1772     3.1803     2.8457  1.8060478  1.1257622   47.00087  -46.55838    34.0113    34.0287     3.6994     3.6987    27.0299    27.0438    6.93593    7.06984         39 0.0000e+00
      11164    465.140     48.000     3.6438   3.143563     3.6603   3.146301      79.32     0.1527     3.1726     2.8412  1.8109777  1.1105856   47.00088  -46.55835    34.0150    34.0305     3.6406     3.6572    27.0387    27.0494    6.92239    7.07882         61 0.0000e+00
      11212    467.136     49.000     3.6017   3.140385     3.6003   3.141699      93.23     0.1423     3.1630     2.8353  1.8159456  1.0976319   47.00086  -46.55834    34.0204    34.0375     3.5985     3.5972    27.0471    27.0608    6.89119    7.03988         33 0.0000e+00
      11244    468.460     50.000     3.5605   3.137467     3.5601   3.138821      84.91     0.1334     3.1563     2.8278  1.8183186  1.0943316   47.00086  -46.55832    34.0279    34.0446     3.5573     3.5569    27.0570    27.0704    6.87828    7.00421         37 0.0000e+00
      11329    472.011     51.000     3.5625   3.137889     3.5652   3.139593      77.03     0.1267     3.1316     2.8052  1.8250215  1.0837233   47.00086  -46.55831    34.0301    34.0479     3.5594     3.5620    27.0586    27.0725    6.79424    6.95210         67 0.0000e+00
      11372    473.790     52.000     3.4355   3.128119     3.4331   3.129319      96.10     0.1193     3.1201     2.7967  1.8289481  1.0817777   47.00086  -46.55829    34.0453    34.0623     3.4322     3.4298    27.0830    27.0967    6.79358    6.93688         24 0.0000e+00
      11395    474.769     53.000     3.4202   3.127672     3.4198   3.129002      95.87     0.1119     3.1140     2.7905  1.8350374  1.0772179   47.00086  -46.55828    34.0555    34.0720     3.4168     3.4164    27.0925    27.1057    6.77957    6.92056         26 0.0000e+00
      11459    477.409     54.000     3.4186   3.128259     3.4185   3.129564      74.04     0.0997     3.0991     2.7768  1.8402519  1.0688062   47.00086  -46.55827    34.0633    34.0796     3.4154     3.4151    27.0989    27.1119    6.74783    6.90068         74 0.0000e+00
      11534    480.524     55.000     3.3109   3.119290     3.2999   3.119791      97.16     0.0841     3.0830     2.7659  1.8474652  1.0649973   47.00086  -46.55824    34.0681    34.0858     3.3075     3.2965    27.1129    27.1280    6.75555    6.94903         28 0.0000e+00
      11555    481.397     56.000     3.2481   3.113740     3.2485   3.115166      95.87     0.0771     3.0822     2.7675  1.8498772  1.0659504   47.00086  -46.55824    34.0665    34.0833     3.2446     3.2451    27.1175    27.1309    6.77573    6.94719         21 0.0000e+00
      11577    482.323     57.000     3.2457   3.113818     3.2452   3.115131      78.77     0.0715     3.0802     2.7650  1.8534532  1.0582523   47.00086  -46.55824    34.0694    34.0858     3.2422     3.2417    27.1201    27.1332    6.75779    6.90892         26 0.0000e+00
      11644    485.119     58.000     3.2945   3.118967     3.2836   3.119080      96.04     0.0669     3.0709     2.7577  1.8618902  1.0458652   47.00085  -46.55821    34.0800    34.0925     3.2909     3.2801    27.1240    27.1350    6.73419    6.90538         61 0.0000e+00
      11714    488.032     59.000     3.3241   3.122296     3.3209   3.123276      79.35     0.0628     3.0646     2.7538  1.8671789  1.0450410   47.00084  -46.55819    34.0883    34.1035     3.3204     3.3172    27.1279    27.1402    6.70320    6.86815         29 0.0000e+00
