data/CTD/2013/CNV/D021A018.CNV
* Sea-Bird SBE 9 Data File:
* FileName = C:\CTD_ACQUISITION\2013021HUD\ctddata\021A018.hdr
* Software Version Seasave V 7.22.2
* Temperature SN = 5081
* Conductivity SN = 3561
* Number of Bytes Per Scan = 37
* Number of Voltage Words = 4
* Number of Scans Averaged by the Deck Unit = 1
* NMEA Latitude = 47 00.01 N
* NMEA Longitude = 046 44.51 W
* NMEA UTC (Time) = Jul 02 2013 03:43:13
* NMEA baud rate = 9600
** Ship: Hudson
** Cruise: HUD2013021
** Chief_Scientist: Greenan
** Organization: BIO
** Area_of_Operation: Sackville Spur
** Station: 18
** Sounding:  1161
** Event_Comments: FC18.5  393123
# nquan = 25
# nvalues = 1148                        
# units = specified
# name 0 = scan: Scan Count
# name 1 = timeS: Time, Elapsed [seconds]
# name 2 = prDM: Pressure, Digiquartz [db]
# name 3 = t068C: Temperature [ITS-68, deg C]
# name 4 = c0S/m: Conductivity [S/m]
# name 5 = t168C: Temperature, 2 [ITS-68, deg C]
# name 6 = c1S/m: Conductivity, 2 [S/m]
# name 7 = altM: Altimeter [m]
# name 8 = flCUVA: Fluorescence, Chelsea UV Aquatracka [ug/l]
# name 9 = sbeox0V: Oxygen raw, SBE 43 [V]
# name 10 = sbeox1V: Oxygen raw, SBE 43, 2 [V]
# name 11 = upoly0: Upoly 0, Optode 4330F - O2 D-Phase
# name 12 = upoly1: Upoly 1, Optode 4330F - O2 Temp
# name 13 = latitude: Latitude [deg]
# name 14 = longitude: Longitude [deg]
# name 15 = sal00: Salinity, Practical [PSU]
# name 16 = sal11: Salinity, Practical, 2 [PSU]
# name 17 = potemp068C: Potential Temperature [ITS-68, deg C]
# name 18 = potemp168C: Potential Temperature, 2 [ITS-68, deg C]
# name 19 = sigma-é00: Density [sigma-theta, Kg/m^3]
# name 20 = sigma-é11: Density, 2 [sigma-theta, Kg/m^3]
# name 21 = sbeox0ML/L: Oxygen, SBE 43 [ml/l], WS = 2
# name 22 = sbeox1ML/L: Oxygen, SBE 43, 2 [ml/l], WS = 2
# name 23 = nbin: number of scans per bin
# name 24 = flag: flag
# span 0 =      10303,      37147       
# span 1 =    429.264,   1547.733       
# span 2 =      2.000,   1149.000       
# span 3 =     0.6986,     5.8520       
# span 4 =   2.870539,   3.301245       
# span 5 =     0.6794,     5.8534       
# span 6 =   2.870345,   3.302438       
# span 7 =       2.41,     103.20       
# span 8 =     0.0066,     0.4761       
# span 9 =     2.5114,     3.4419       
# span 10 =     2.2600,     3.0748      
# span 11 =  1.7104135,  2.0306625      
# span 12 =  0.7694128,  1.3570464      
# span 13 =   47.00079,   47.00203      
# span 14 =  -46.74172,  -46.74020      
# span 15 =    32.7273,    34.9241      
# span 16 =    32.7417,    34.9392      
# span 17 =     0.6962,     5.8506      
# span 18 =     0.6771,     5.8520      
# span 19 =    25.7824,    27.7498      
# span 20 =    25.7937,    27.7627      
# span 21 =    5.87444,    7.52128      
# span 22 =    6.08991,    7.70464      
# span 23 =         10,         82      
# span 24 = 0.0000e+00, 0.0000e+00      
# interval = decibars: 1                
# start_time = Jul 02 2013 03:43:13 [NMEA time, header]
# bad_flag = -9.990e-29
*END*
[from data line 58]
      12836    534.798     60.000     0.7132   2.872752     0.7186   2.874486      96.72     0.0573     2.9842     2.6801  1.9173521  0.7959647   47.00090  -46.74168    33.7610    33.7777     0.7108     0.7161    27.0670    27.0801    7.03345    7.21734         24 0.0000e+00
      12855    535.591     61.000     0.7172   2.873716     0.7165   2.874899      96.31     0.0476     2.9873     2.6837  1.9187213  0.7935036   47.00090  -46.74168    33.7685    33.7846     0.7148     0.7141    27.0728    27.0858    7.07185    7.24989         19 0.0000e+00
      12875    536.422     62.000     0.7619   2.878673     0.7582   2.879546      96.34     0.0467     2.9894     2.6863  1.9264032  0.7793026   47.00090  -46.74168    33.7835    33.7988     0.7593     0.7557    27.0822    27.0947    7.05482    7.22305         23 0.0000e+00
      12931    538.770     63.000     0.8157   2.884256     0.8088   2.884665      93.86     0.0460     2.9842     2.6835  1.9317503  0.7736645   47.00090  -46.74168    33.7963    33.8093     0.8134     0.8062    27.0891    27.1001    6.97274    7.15711         49 0.0000e+00
      13004    541.795     64.000     0.9337   2.896925     0.9421   2.898927      43.08     0.0435     2.9737     2.6776  1.9399176  0.7745304   47.00090  -46.74168    33.8310    33.8477     0.9310     0.9394    27.1098    27.1227    6.91314    7.11394         25 0.0000e+00
      13026    542.690     65.000     1.0450   2.909264     1.0421   2.910109      95.40     0.0414     2.9710     2.6762  1.9410485  0.7729226   47.00090  -46.74168    33.8683    33.8823     1.0422     1.0393    27.1327    27.1442    6.86920    7.07167         23 0.0000e+00
      13054    543.885     66.000     1.1549   2.920782     1.1514   2.921562      90.46     0.0412     2.9662     2.6724  1.9391072  0.7694128   47.00090  -46.74168    33.8961    33.9100     1.1520     1.1485    27.1479    27.1593    6.82983    7.02588         38 0.0000e+00
      13102    545.889     67.000     1.2420   2.929769     1.2400   2.930721      96.22     0.0325     2.9599     2.6671  1.9388920  0.7735556   47.00090  -46.74168    33.9161    33.9303     1.2390     1.2370    27.1582    27.1698    6.81537    7.01055         46 0.0000e+00
      13135    547.244     68.000     1.3049   2.936402     1.3023   2.937279      96.37     0.0351     2.9572     2.6647  1.9414163  0.7827541   47.00090  -46.74168    33.9320    33.9460     1.3018     1.2992    27.1667    27.1781    6.80005    6.98748         26 0.0000e+00
      13161    548.319     69.000     1.3783   2.944145     1.3771   2.945169      96.35     0.0393     2.9551     2.6623  1.9419831  0.7901361   47.00090  -46.74168    33.9506    33.9649     1.3751     1.3740    27.1766    27.1882    6.78023    6.96807         28 0.0000e+00
      13207    550.246     70.000     1.3910   2.945478     1.3907   2.946638      96.37     0.0326     2.9524     2.6594  1.9430736  0.7945687   47.00090  -46.74168    33.9534    33.9683     1.3877     1.3874    27.1780    27.1900    6.77473    6.96275         67 0.0000e+00
      13272    552.966     71.000     1.3969   2.946102     1.3966   2.947283      78.35     0.0307     2.9492     2.6564  1.9467957  0.8034320   47.00090  -46.74168    33.9541    33.9695     1.3936     1.3934    27.1782    27.1905    6.78622    6.97100         52 0.0000e+00
      13310    554.550     72.000     1.4036   2.946849     1.4029   2.948002      96.67     0.0321     2.9499     2.6563  1.9492098  0.8035514   47.00090  -46.74168    33.9559    33.9712     1.4002     1.3996    27.1791    27.1915    6.75832    6.93660         30 0.0000e+00
      13339    555.734     73.000     1.4295   2.949689     1.4283   2.950783      96.31     0.0349     2.9439     2.6499  1.9507736  0.8030682   47.00090  -46.74168    33.9634    33.9786     1.4261     1.4249    27.1834    27.1957    6.66639    6.84431         28 0.0000e+00
      13368    556.963     74.000     1.4472   2.951685     1.4464   2.952807      96.34     0.0412     2.9320     2.6397  1.9535644  0.8028118   47.00090  -46.74168    33.9690    33.9841     1.4438     1.4429    27.1866    27.1989    6.59664    6.79885         32 0.0000e+00
      13409    558.649     75.000     1.4865   2.955700     1.4803   2.956302      89.48     0.0325     2.9165     2.6277  1.9556665  0.8043252   47.00090  -46.74168    33.9769    33.9912     1.4829     1.4768    27.1902    27.2021    6.57678    6.78953         54 0.0000e+00
      13467    561.092     76.000     1.6576   2.973174     1.6506   2.973586      69.00     0.0387     2.9040     2.6177  1.9586465  0.8057498   47.00092  -46.74168    34.0128    34.0255     1.6539     1.6469    27.2068    27.2175    6.55344    6.74504         47 0.0000e+00
      13501    562.508     77.000     1.6796   2.975515     1.6785   2.976602      88.91     0.0318     2.8964     2.6105  1.9563277  0.8120747   47.00092  -46.74168    34.0183    34.0329     1.6758     1.6748    27.2096    27.2214    6.50409    6.70603         34 0.0000e+00
      13545    564.330     78.000     1.6969   2.977354     1.6963   2.978486      94.59     0.0265     2.8858     2.6021  1.9578667  0.8208402   47.00091  -46.74166    34.0220    34.0369     1.6930     1.6925    27.2113    27.2233    6.47923    6.69084         50 0.0000e+00
      13584    565.969     79.000     1.7439   2.982320     1.7402   2.983155      96.36     0.0242     2.8791     2.5976  1.9613655  0.8262017   47.00092  -46.74166    34.0333    34.0478     1.7400     1.7363    27.2169    27.2288    6.49243    6.69944         26 0.0000e+00
      13605    566.852     80.000     1.8036   2.988794     1.8015   2.989743      96.33     0.0272     2.8785     2.5957  1.9634879  0.8278354   47.00092  -46.74167    34.0499    34.0642     1.7997     1.7975    27.2257    27.2373    6.47880    6.65699         20 0.0000e+00
      13626    567.711     81.000     1.8266   2.991475     1.8256   2.992556      96.35     0.0260     2.8758     2.5921  1.9644411  0.8296658   47.00092  -46.74168    34.0583    34.0729     1.8225     1.8216    27.2308    27.2426    6.46500    6.64220         23 0.0000e+00
      13686    570.220     82.000     1.8284   2.991717     1.8229   2.992319      94.91     0.0259     2.8839     2.5974  1.9680527  0.8372896   47.00091  -46.74167    34.0588    34.0723     1.8243     1.8188    27.2311    27.2423    6.58520    6.76426         58 0.0000e+00
      13751    572.897     83.000     1.8432   2.993528     1.8444   2.994867      96.30     0.0254     2.9046     2.6158  1.9733121  0.8426180   47.00092  -46.74166    34.0650    34.0807     1.8391     1.8402    27.2349    27.2474    6.66882    6.85070         25 0.0000e+00
      13773    573.848     84.000     1.8077   2.990946     1.8090   2.992305      96.29     0.0263     2.9099     2.6192  1.9733295  0.8424909   47.00092  -46.74166    34.0703    34.0860     1.8035     1.8048    27.2418    27.2543    6.64076    6.80189         25 0.0000e+00
      13815    575.574     85.000     1.7797   2.988996     1.7795   2.990230      96.37     0.0287     2.9097     2.6181  1.9759181  0.8431156   47.00092  -46.74166    34.0754    34.0912     1.7755     1.7753    27.2480    27.2607    6.58964    6.77287         60 0.0000e+00
      13864    577.608     86.000     1.8046   2.991846     1.8015   2.992759      96.36     0.0258     2.9064     2.6174  1.9804550  0.8440124   47.00092  -46.74166    34.0838    34.0987     1.8003     1.7972    27.2529    27.2651    6.58004    6.79326         29 0.0000e+00
      13886    578.544     87.000     1.8741   2.999127     1.8721   3.000151      27.48     0.0252     2.9070     2.6190  1.9805228  0.8424882   47.00092  -46.74166    34.0998    34.1148     1.8697     1.8677    27.2605    27.2727    6.59544    6.80478         21 0.0000e+00
      13909    579.519     88.000     1.9018   3.002121     1.9012   3.003283      87.39     0.0226     2.9096     2.6227  1.9793223  0.8433202   47.00092  -46.74166    34.1070    34.1222     1.8973     1.8968    27.2641    27.2764    6.63489    6.83950         29 0.0000e+00
      13987    582.767     89.000     1.9011   3.002227     1.8904   3.002307      97.45     0.0287     2.9304     2.6404  1.9753228  0.8519415   47.00092  -46.74166    34.1086    34.1211     1.8966     1.8858    27.2654    27.2764    6.72775    6.90991         45 0.0000e+00
      14026    584.385     90.000     1.9211   3.005229     1.9200   3.006300      96.60     0.0323     2.9403     2.6487  1.9782051  0.8538163   47.00094  -46.74168    34.1242    34.1387     1.9165     1.9154    27.2764    27.2882    6.73438    6.92155         19 0.0000e+00
      14044    585.139     91.000     1.9585   3.009461     1.9551   3.010344      96.52     0.0309     2.9445     2.6522  1.9780231  0.8540875   47.00092  -46.74166    34.1363    34.1510     1.9538     1.9505    27.2833    27.2953    6.73252    6.92306         20 0.0000e+00
      14070    586.215     92.000     2.0069   3.014574     2.0055   3.015640      96.56     0.0305     2.9491     2.6563  1.9780841  0.8562030   47.00092  -46.74166    34.1476    34.1625     2.0021     2.0007    27.2886    27.3007    6.73331    6.91121         36 0.0000e+00
      14129    588.650     93.000     2.0498   3.019177     2.0483   3.020245      81.56     0.0272     2.9589     2.6639  1.9761025  0.8627317   47.00092  -46.74167    34.1585    34.1735     2.0449     2.0434    27.2940    27.3061    6.72763    6.91845         66 0.0000e+00
      14174    590.556     94.000     2.0675   3.021365     2.0698   3.022794      95.03     0.0266     2.9591     2.6646  1.9709948  0.8676977   47.00094  -46.74167    34.1662    34.1815     2.0626     2.0649    27.2987    27.3109    6.66861    6.84790         37 0.0000e+00
      14216    592.298     95.000     2.0621   3.021216     2.0616   3.022418      96.45     0.0279     2.9529     2.6586  1.9707515  0.8715873   47.00094  -46.74166    34.1696    34.1851     2.0571     2.0566    27.3019    27.3144    6.62594    6.81418         47 0.0000e+00
      14258    594.030     96.000     2.0912   3.024299     2.0878   3.025203      96.54     0.0266     2.9454     2.6525  1.9706944  0.8735691   47.00094  -46.74166    34.1762    34.1911     2.0862     2.0828    27.3049    27.3172    6.61785    6.82022         32 0.0000e+00
      14284    595.117     97.000     2.1773   3.033137     2.1730   3.033913      81.20     0.0259     2.9443     2.6528  1.9706960  0.8738627   47.00094  -46.74166    34.1933    34.2076     2.1721     2.1678    27.3118    27.3236    6.64337    6.85714         23 0.0000e+00
      14308    596.107     98.000     2.2241   3.038038     2.2225   3.039085      71.51     0.0293     2.9463     2.6564  1.9669932  0.8758482   47.00094  -46.74166    34.2035    34.2182     2.2188     2.2172    27.3162    27.3281    6.64658    6.85238         26 0.0000e+00
      14373    598.816     99.000     2.2302   3.038820     2.2149   3.038470      96.86     0.0309     2.9406     2.6503  1.9640006  0.8841718   47.00094  -46.74166    34.2060    34.2181     2.2249     2.2096    27.3177    27.3286    6.58202    6.78101         58 0.0000e+00
      14444    601.797    100.000     2.2678   3.043373     2.2498   3.042114      59.06     0.0240     2.9306     2.6417  1.9619960  0.8917134   47.00094  -46.74166    34.2152    34.2254     2.2640     2.2444    27.3219    27.3317    6.55163    6.75977         24 0.0000e+00
      14462    602.530    101.000     2.4057   3.056829     2.3996   3.057249      88.24     0.0255     2.9296     2.6411  1.9625605  0.8913309   47.00094  -46.74166    34.2400    34.2518     2.4001     2.3940    27.3306    27.3405    6.53510    6.73662         18 0.0000e+00
      14479    603.231    102.000     2.4232   3.058602     2.4241   3.059880      96.45     0.0243     2.9291     2.6406  1.9620715  0.8913309   47.00094  -46.74166    34.2427    34.2576     2.4176     2.4184    27.3312    27.3431    6.52798    6.73048         16 0.0000e+00
      14497    603.982    103.000     2.4088   3.057376     2.4095   3.058676      96.58     0.0266     2.9277     2.6395  1.9581749  0.8980269   47.00094  -46.74166    34.2423    34.2577     2.4031     2.4038    27.3322    27.3444    6.52425    6.72134         21 0.0000e+00
      14550    606.212    104.000     2.3968   3.056333     2.3979   3.057629      81.04     0.0221     2.9240     2.6354  1.9572519  0.9064487   47.00094  -46.74167    34.2419    34.2567     2.3910     2.3921    27.3328    27.3445    6.53855    6.72852         62 0.0000e+00
      14624    609.286    105.000     2.3939   3.056117     2.3813   3.055978      98.51     0.0198     2.9266     2.6365  1.9586285  0.9126343   47.00094  -46.74166    34.2417    34.2535     2.3880     2.3755    27.3329    27.3434    6.61279    6.82432         25 0.0000e+00
      14640    609.977    106.000     2.4085   3.057822     2.4073   3.058926      96.66     0.0240     2.9312     2.6432  1.9584860  0.9120879   47.00095  -46.74166    34.2464    34.2614     2.4027     2.4014    27.3355    27.3476    6.62355    6.85294         22 0.0000e+00
      14663    610.933    107.000     2.3957   3.056839     2.3970   3.058215      96.67     0.0263     2.9366     2.6501  1.9584860  0.9121385   47.00096  -46.74166    34.2475    34.2632     2.3898     2.3911    27.3374    27.3498    6.66700    6.88140         24 0.0000e+00
      14688    611.945    108.000     2.3975   3.057366     2.3957   3.058437      96.70     0.0252     2.9456     2.6580  1.9584860  0.9148737   47.00096  -46.74166    34.2516    34.2667     2.3915     2.3898    27.3405    27.3528    6.70716    6.90544         23 0.0000e+00
      14708    612.798    109.000     2.4087   3.058821     2.4083   3.060008      96.72     0.0247     2.9526     2.6638  1.9584860  0.9170409   47.00096  -46.74166    34.2570    34.2722     2.4027     2.4022    27.3439    27.3561    6.72045    6.91115         18 0.0000e+00
      14724    613.449    110.000     2.3572   3.054325     2.3580   3.055690      96.60     0.0203     2.9578     2.6677  1.9584860  0.9169719   47.00096  -46.74166    34.2560    34.2721     2.3511     2.3519    27.3474    27.3602    6.75784    6.94762         14 0.0000e+00
      14737    614.005    111.000     2.3875   3.057671     2.3857   3.058753      59.76     0.0212     2.9634     2.6729  1.9574432  0.9178251   47.00096  -46.74166    34.2644    34.2797     2.3814     2.3796    27.3516    27.3640    6.76135    6.95590         13 0.0000e+00
      14750    614.543    112.000     2.4599   3.065144     2.4569   3.066101      50.92     0.0260     2.9683     2.6767  1.9576411  0.9181939   47.00096  -46.74166    34.2786    34.2937     2.4537     2.4507    27.3570    27.3693    6.72507    6.91705         13 0.0000e+00
      14764    615.133    113.000     2.6250   3.081718     2.6177   3.082197      95.56     0.0289     2.9694     2.6777  1.9575717  0.9181929   47.00096  -46.74166    34.3057    34.3194     2.6185     2.6112    27.3646    27.3762    6.64012    6.83460         16 0.0000e+00
      14785    616.013    114.000     2.7544   3.094561     2.7485   3.095076      96.52     0.0262     2.9678     2.6752  1.9573268  0.9181929   47.00096  -46.74168    34.3246    34.3372     2.7477     2.7418    27.3685    27.3791    6.58507    6.76364         29 0.0000e+00
      14824    617.629    115.000     2.8247   3.101640     2.8175   3.102072      96.62     0.0238     2.9647     2.6696  1.9549539  0.9280979   47.00096  -46.74168    34.3356    34.3487     2.8179     2.8107    27.3711    27.3822    6.54893    6.71893         42 0.0000e+00
      14857    618.995    116.000     2.8834   3.107632     2.8792   3.108364      96.65     0.0245     2.9598     2.6631  1.9490911  0.9482656   47.00096  -46.74168    34.3458    34.3593     2.8765     2.8723    27.3740    27.3852    6.50570    6.67506         24 0.0000e+00
