data/CTD/2013/CNV/D021A050.CNV
* Sea-Bird SBE 9 Data File:
* FileName = C:\CTD_ACQUISITION\2013021HUD\ctddata\021A050.hdr
* Software Version Seasave V 7.22.2
* Temperature SN = 5081
* Conductivity SN = 3561
* Number of Bytes Per Scan = 37
* Number of Voltage Words = 4
* Number of Scans Averaged by the Deck Unit = 1
* NMEA Latitude = 48 53.75 N
* NMEA Longitude = 045 47.27 W
* NMEA UTC (Time) = Jul 05 2013 00:34:42
* NMEA baud rate = 9600
** Ship: Hudson
** Cruise: HUD2013021
** Chief_Scientist: Greenan
** Organization: BIO
** Area_of_Operation: Sackville Spur
** Station: 50
** Sounding:  2200
** Event_Comments: SS27  393209
# nquan = 25
# nvalues = 2364                        
# units = specified
# name 0 = scan: Scan Count
# name 1 = timeS: Time, Elapsed [seconds]
# name 2 = prDM: Pressure, Digiquartz [db]
# name 3 = t068C: Temperature [ITS-68, deg C]
# name 4 = c0S/m: Conductivity [S/m]
# name 5 = t168C: Temperature, 2 [ITS-68, deg C]
# name 6 = c1S/m: Conductivity, 2 [S/m]
# name 7 = altM: Altimeter [m]
# name 8 = flCUVA: Fluorescence, Chelsea UV Aquatracka [ug/l]
# name 9 = sbeox0V: Oxygen raw, SBE 43 [V]
# name 10 = sbeox1V: Oxygen raw, SBE 43, 2 [V]
# name 11 = upoly0: Upoly 0, Optode 4330F - O2 D-Phase
# name 12 = upoly1: Upoly 1, Optode 4330F - O2 Temp
# name 13 = latitude: Latitude [deg]
# name 14 = longitude: Longitude [deg]
# name 15 = sal00: Salinity, Practical [PSU]
# name 16 = sal11: Salinity, Practical, 2 [PSU]
# name 17 = potemp068C: Potential Temperature [ITS-68, deg C]
# name 18 = potemp168C: Potential Temperature, 2 [ITS-68, deg C]
# name 19 = sigma-é00: Density [sigma-theta, Kg/m^3]
# name 20 = sigma-é11: Density, 2 [sigma-theta, Kg/m^3]
# name 21 = sbeox0ML/L: Oxygen, SBE 43 [ml/l], WS = 2
# name 22 = sbeox1ML/L: Oxygen, SBE 43, 2 [ml/l], WS = 2
# name 23 = nbin: number of scans per bin
# name 24 = flag: flag
# span 0 =      10769,      62475       
# span 1 =    448.667,   2603.102       
# span 2 =      3.000,   2366.000       
# span 3 =     2.7741,     7.6530       
# span 4 =   3.159195,   3.484802       
# span 5 =     2.7733,     7.6529       
# span 6 =   3.160528,   3.486150       
# span 7 =       4.83,      97.36       
# span 8 =     0.0044,     0.3117       
# span 9 =     2.2102,     3.3246       
# span 10 =     1.9886,     2.9721      
# span 11 =  1.7116810,  2.1032770      
# span 12 =  0.9706929,  1.5860842      
# span 13 =   48.89506,   48.89682      
# span 14 =  -45.78872,  -45.78742      
# span 15 =    33.8180,    34.9433      
# span 16 =    33.8330,    34.9382      
# span 17 =     2.5921,     7.6505      
# span 18 =     2.5912,     7.6504      
# span 19 =    26.3973,    27.8561      
# span 20 =    26.4091,    27.8694      
# span 21 =    5.86368,    6.70219      
# span 22 =    6.08548,    6.81943      
# span 23 =         14,         86      
# span 24 = 0.0000e+00, 0.0000e+00      
# interval = decibars: 1                
# start_time = Jul 05 2013 00:34:42 [NMEA time, header]
# bad_flag = -9.990e-29
*END*
[from data line 2145]
      57973   2415.493   2148.000     2.8675   3.240145     2.8663   3.241430      94.13     0.0117     2.2595     2.0327  2.0921865  0.9829060   48.89680  -45.78848    34.9183    34.9349     2.7034     2.7023    27.8469    27.8603    5.95410    6.19458         16 0.0000e+00
      57989   2416.155   2149.000     2.8654   3.240009     2.8648   3.241332      95.85     0.0110     2.2601     2.0326  2.0922630  0.9829060   48.89680  -45.78846    34.9183    34.9349     2.7013     2.7006    27.8471    27.8604    5.93984    6.19204         16 0.0000e+00
      58005   2416.836   2150.000     2.8651   3.240031     2.8643   3.241326      70.13     0.0093     2.2590     2.0323  2.0928702  0.9829060   48.89680  -45.78846    34.9185    34.9349     2.7009     2.7000    27.8472    27.8605    5.93176    6.19054         17 0.0000e+00
      58023   2417.596   2151.000     2.8650   3.240045     2.8644   3.241367      93.51     0.0078     2.2589     2.0321  2.0938239  0.9829060   48.89680  -45.78846    34.9183    34.9348     2.7007     2.7000    27.8471    27.8604    5.94916    6.19102         20 0.0000e+00
      58046   2418.543   2152.000     2.8646   3.240036     2.8640   3.241368      92.98     0.0067     2.2591     2.0318  2.0933692  0.9825839   48.89680  -45.78847    34.9182    34.9348     2.7002     2.6996    27.8471    27.8604    5.94062    6.18614         26 0.0000e+00
      58074   2419.719   2153.000     2.8639   3.240020     2.8635   3.241366      78.85     0.0112     2.2586     2.0313  2.0915589  0.9816769   48.89680  -45.78848    34.9182    34.9348     2.6994     2.6990    27.8472    27.8605    5.94420    6.19026         29 0.0000e+00
      58099   2420.770   2154.000     2.8639   3.240069     2.8632   3.241381      92.58     0.0117     2.2585     2.0312  2.0915751  0.9816850   48.89680  -45.78848    34.9183    34.9349     2.6993     2.6986    27.8473    27.8606    5.94090    6.19418         22 0.0000e+00
      58119   2421.602   2155.000     2.8636   3.240090     2.8628   3.241388      93.38     0.0160     2.2584     2.0311  2.0916429  0.9816850   48.89680  -45.78848    34.9184    34.9348     2.6990     2.6981    27.8474    27.8606    5.95041    6.19317         18 0.0000e+00
      58137   2422.333   2156.000     2.8625   3.240037     2.8617   3.241338      85.40     0.0187     2.2584     2.0310  2.0916469  0.9816850   48.89680  -45.78848    34.9184    34.9349     2.6978     2.6970    27.8475    27.8607    5.94849    6.19681         17 0.0000e+00
      58154   2423.028   2157.000     2.8620   3.240027     2.8616   3.241369      63.19     0.0148     2.2584     2.0310  2.0919287  0.9816850   48.89680  -45.78846    34.9184    34.9350     2.6972     2.6967    27.8475    27.8608    5.93791    6.19483         17 0.0000e+00
      58171   2423.737   2158.000     2.8611   3.239986     2.8607   3.241331      94.22     0.0125     2.2577     2.0308  2.0920048  0.9816850   48.89680  -45.78846    34.9183    34.9349     2.6963     2.6958    27.8475    27.8609    5.94087    6.18996         17 0.0000e+00
      58189   2424.494   2159.000     2.8592   3.239854     2.8580   3.241095      94.52     0.0161     2.2579     2.0305  2.0922160  0.9816850   48.89680  -45.78846    34.9183    34.9345     2.6943     2.6930    27.8477    27.8608    5.94860    6.19399         19 0.0000e+00
      58209   2425.325   2160.000     2.8580   3.239784     2.8567   3.241039      89.37     0.0145     2.2579     2.0306  2.0930781  0.9816850   48.89680  -45.78846    34.9183    34.9347     2.6930     2.6917    27.8478    27.8611    5.95509    6.19960         21 0.0000e+00
      58230   2426.198   2161.000     2.8568   3.239718     2.8560   3.241022      78.74     0.0162     2.2581     2.0304  2.0934315  0.9816850   48.89680  -45.78848    34.9182    34.9347     2.6918     2.6909    27.8479    27.8611    5.94779    6.19512         21 0.0000e+00
      58250   2427.038   2162.000     2.8568   3.239756     2.8560   3.241058      92.88     0.0158     2.2573     2.0302  2.0919666  0.9813650   48.89680  -45.78848    34.9183    34.9348     2.6916     2.6908    27.8479    27.8612    5.93054    6.18754         19 0.0000e+00
      58269   2427.820   2163.000     2.8560   3.239722     2.8549   3.241011      94.11     0.0142     2.2568     2.0298  2.0915713  0.9816196   48.89680  -45.78848    34.9182    34.9348     2.6907     2.6896    27.8480    27.8613    5.94313    6.19497         18 0.0000e+00
      58287   2428.576   2164.000     2.8531   3.239511     2.8524   3.240819      81.23     0.0123     2.2569     2.0298  2.0915751  0.9815481   48.89680  -45.78848    34.9182    34.9348     2.6878     2.6870    27.8482    27.8615    5.94791    6.20046         18 0.0000e+00
      58306   2429.357   2165.000     2.8513   3.239383     2.8506   3.240696      83.71     0.0139     2.2565     2.0297  2.0915751  0.9805212   48.89680  -45.78846    34.9182    34.9347     2.6859     2.6852    27.8484    27.8616    5.93925    6.19632         20 0.0000e+00
      58326   2430.228   2166.000     2.8499   3.239303     2.8488   3.240579      62.27     0.0162     2.2560     2.0296  2.0915751  0.9808280   48.89680  -45.78846    34.9182    34.9347     2.6845     2.6833    27.8485    27.8618    5.94197    6.19773         23 0.0000e+00
      58351   2431.247   2167.000     2.8488   3.239244     2.8480   3.240543      68.63     0.0164     2.2560     2.0294  2.0924027  0.9805626   48.89680  -45.78848    34.9182    34.9347     2.6833     2.6824    27.8486    27.8619    5.94278    6.19419         25 0.0000e+00
      58376   2432.297   2168.000     2.8481   3.239227     2.8476   3.240554      81.50     0.0173     2.2554     2.0289  2.0928063  0.9806181   48.89680  -45.78848    34.9182    34.9347     2.6825     2.6820    27.8487    27.8619    5.94527    6.19334         24 0.0000e+00
      58397   2433.177   2169.000     2.8480   3.239261     2.8479   3.240627      94.48     0.0129     2.2554     2.0287  2.0950718  0.9805272   48.89680  -45.78848    34.9183    34.9348     2.6823     2.6822    27.8487    27.8619    5.94538    6.19205         19 0.0000e+00
      58415   2433.921   2170.000     2.8480   3.239304     2.8473   3.240611      91.21     0.0124     2.2552     2.0283  2.0952394  0.9804636   48.89680  -45.78846    34.9184    34.9348     2.6822     2.6815    27.8488    27.8620    5.94230    6.18267         17 0.0000e+00
      58432   2434.611   2171.000     2.8478   3.239317     2.8470   3.240634      78.29     0.0139     2.2550     2.0277  2.0944676  0.9803869   48.89680  -45.78846    34.9183    34.9349     2.6819     2.6811    27.8488    27.8621    5.94052    6.18215         16 0.0000e+00
      58448   2435.296   2172.000     2.8477   3.239357     2.8470   3.240670      82.82     0.0161     2.2545     2.0275  2.0924957  0.9799584   48.89680  -45.78846    34.9183    34.9349     2.6818     2.6810    27.8488    27.8621    5.93986    6.18188         17 0.0000e+00
      58466   2436.026   2173.000     2.8477   3.239390     2.8470   3.240720      95.22     0.0147     2.2545     2.0267  2.0928531  0.9800760   48.89680  -45.78846    34.9183    34.9349     2.6816     2.6810    27.8488    27.8622    5.94909    6.17911         19 0.0000e+00
      58485   2436.851   2174.000     2.8457   3.239259     2.8458   3.240645      95.77     0.0115     2.2544     2.0264  2.0929673  0.9797188   48.89680  -45.78846    34.9183    34.9348     2.6796     2.6797    27.8490    27.8622    5.93976    6.19113         21 0.0000e+00
      58509   2437.827   2175.000     2.8444   3.239185     2.8433   3.240465      76.32     0.0136     2.2539     2.0264  2.0930884  0.9792460   48.89680  -45.78847    34.9183    34.9349     2.6783     2.6771    27.8491    27.8625    5.94199    6.19635         25 0.0000e+00
      58533   2438.831   2176.000     2.8443   3.239216     2.8422   3.240398      95.84     0.0115     2.2533     2.0263  2.0932994  0.9792430   48.89680  -45.78848    34.9183    34.9347     2.6780     2.6820    27.8492    27.8625    5.93950    6.19643         22 0.0000e+00
      58553   2439.681   2177.000     2.8405   3.238915     2.8389   3.240150      95.78     0.0105     2.2532     2.0263  2.0933757  0.9792430   48.89680  -45.78848    34.9183    34.9348     2.6742     2.6725    27.8495    27.8628    5.94111    6.19481         19 0.0000e+00
      58571   2440.416   2178.000     2.8397   3.238889     2.8395   3.240249      85.98     0.0122     2.2528     2.0260  2.0935860  0.9792430   48.89680  -45.78848    34.9183    34.9349     2.6733     2.6731    27.8496    27.8629    5.94875    6.19462         17 0.0000e+00
      58587   2441.102   2179.000     2.8396   3.238928     2.8393   3.240268      59.48     0.0136     2.2534     2.0259  2.0929511  0.9792430   48.89680  -45.78846    34.9184    34.9348     2.6732     2.6728    27.8496    27.8628    5.95675    6.19926         16 0.0000e+00
      58604   2441.774   2180.000     2.8382   3.238836     2.8375   3.240145      71.01     0.0147     2.2530     2.0260  2.0937157  0.9792430   48.89680  -45.78846    34.9183    34.9348     2.6717     2.6709    27.8497    27.8630    5.94814    6.20333         16 0.0000e+00
      58620   2442.469   2181.000     2.8373   3.238784     2.8364   3.240086      94.74     0.0187     2.2529     2.0262  2.0931468  0.9792430   48.89680  -45.78846    34.9182    34.9348     2.6706     2.6697    27.8497    27.8631    5.93991    6.20311         17 0.0000e+00
      58638   2443.215   2182.000     2.8373   3.238834     2.8364   3.240134      93.94     0.0177     2.2522     2.0260  2.0935059  0.9791133   48.89680  -45.78846    34.9183    34.9349     2.6706     2.6697    27.8498    27.8631    5.93743    6.19689         19 0.0000e+00
      58659   2444.071   2183.000     2.8370   3.238837     2.8361   3.240143      74.97     0.0120     2.2521     2.0257  2.0931723  0.9791365   48.89680  -45.78846    34.9182    34.9348     2.6702     2.6693    27.8498    27.8631    5.93941    6.19151         23 0.0000e+00
      58683   2445.091   2184.000     2.8359   3.238779     2.8354   3.240117      95.15     0.0112     2.2516     2.0254  2.0934498  0.9783144   48.89680  -45.78846    34.9182    34.9347     2.6690     2.6685    27.8498    27.8631    5.94772    6.19915         26 0.0000e+00
      58709   2446.177   2185.000     2.8344   3.238692     2.8335   3.239990      92.39     0.0109     2.2516     2.0253  2.0933321  0.9780192   48.89680  -45.78846    34.9183    34.9348     2.6674     2.6665    27.8500    27.8633    5.94604    6.19646         25 0.0000e+00
      58732   2447.127   2186.000     2.8341   3.238700     2.8335   3.240028      74.84     0.0095     2.2512     2.0251  2.0932028  0.9780220   48.89680  -45.78846    34.9181    34.9347     2.6671     2.6665    27.8500    27.8633    5.93834    6.19648         21 0.0000e+00
      58752   2447.951   2187.000     2.8334   3.238681     2.8329   3.240016      95.59     0.0108     2.2509     2.0247  2.0937552  0.9780220   48.89680  -45.78846    34.9182    34.9348     2.6663     2.6657    27.8501    27.8634    5.94462    6.20034         19 0.0000e+00
      58770   2448.718   2188.000     2.8316   3.238561     2.8315   3.239923      75.70     0.0157     2.2510     2.0251  2.0934787  0.9780220   48.89680  -45.78846    34.9182    34.9347     2.6644     2.6643    27.8502    27.8635    5.94382    6.20141         18 0.0000e+00
      58788   2449.473   2189.000     2.8307   3.238515     2.8301   3.239846      32.93     0.0156     2.2502     2.0246  2.0938780  0.9780220   48.89680  -45.78846    34.9181    34.9347     2.6634     2.6628    27.8503    27.8636    5.94027    6.19702         18 0.0000e+00
      58807   2450.240   2190.000     2.8301   3.238500     2.8294   3.239820      79.31     0.0143     2.2503     2.0247  2.0938885  0.9780220   48.89680  -45.78846    34.9181    34.9347     2.6627     2.6620    27.8504    27.8637    5.95112    6.20357         19 0.0000e+00
      58826   2451.033   2191.000     2.8296   3.238496     2.8288   3.239804      94.00     0.0151     2.2504     2.0244  2.0940156  0.9780220   48.89680  -45.78846    34.9182    34.9347     2.6621     2.6613    27.8504    27.8637    5.94822    6.20045         19 0.0000e+00
      58845   2451.839   2192.000     2.8293   3.238510     2.8286   3.239827      93.28     0.0140     2.2499     2.0244  2.0946000  0.9780220   48.89680  -45.78846    34.9181    34.9347     2.6618     2.6610    27.8505    27.8638    5.95155    6.19767         19 0.0000e+00
      58865   2452.648   2193.000     2.8281   3.238442     2.8275   3.239772      72.47     0.0116     2.2502     2.0240  2.0948114  0.9780220   48.89680  -45.78846    34.9181    34.9347     2.6605     2.6599    27.8506    27.8639    5.94184    6.19709         20 0.0000e+00
      58884   2453.447   2194.000     2.8268   3.238370     2.8257   3.239651      88.50     0.0116     2.2490     2.0239  2.0952320  0.9778953   48.89680  -45.78846    34.9181    34.9347     2.6591     2.6580    27.8507    27.8640    5.94713    6.19687         19 0.0000e+00
      58902   2454.227   2195.000     2.8258   3.238335     2.8249   3.239617      95.71     0.0171     2.2501     2.0235  2.0952382  0.9779540   48.89680  -45.78846    34.9182    34.9346     2.6581     2.6572    27.8509    27.8640    5.95317    6.19372         18 0.0000e+00
      58921   2454.989   2196.000     2.8254   3.238338     2.8253   3.239692      95.76     0.0140     2.2493     2.0231  2.0925598  0.9770613   48.89680  -45.78846    34.9182    34.9346     2.6576     2.6575    27.8509    27.8640    5.94347    6.18579         18 0.0000e+00
      58939   2455.742   2197.000     2.8257   3.238389     2.8248   3.239686      71.56     0.0125     2.2492     2.0224  2.0919719  0.9768654   48.89680  -45.78846    34.9181    34.9347     2.6578     2.6568    27.8508    27.8641    5.95400    6.18955         18 0.0000e+00
      58957   2456.501   2198.000     2.8247   3.238337     2.8241   3.239664      90.44     0.0111     2.2493     2.0223  2.0921538  0.9769296   48.89680  -45.78846    34.9181    34.9346     2.6567     2.6561    27.8509    27.8642    5.95489    6.19302         19 0.0000e+00
      58976   2457.286   2199.000     2.8244   3.238356     2.8242   3.239710      95.71     0.0155     2.2496     2.0220  2.0938752  0.9768020   48.89680  -45.78846    34.9181    34.9346     2.6564     2.6561    27.8509    27.8641    5.95378    6.19648         19 0.0000e+00
      58996   2458.114   2200.000     2.8233   3.238290     2.8226   3.239603      95.76     0.0193     2.2492     2.0218  2.0937860  0.9768010   48.89680  -45.78846    34.9181    34.9345     2.6551     2.6544    27.8510    27.8642    5.95149    6.20027         21 0.0000e+00
      59017   2458.996   2201.000     2.8207   3.238102     2.8195   3.239365      70.31     0.0171     2.2491     2.0218  2.0945950  0.9768010   48.89680  -45.78846    34.9181    34.9345     2.6525     2.6512    27.8512    27.8645    5.95122    6.20213         21 0.0000e+00
      59039   2459.903   2202.000     2.8196   3.238046     2.8188   3.239348      65.38     0.0148     2.2490     2.0218  2.0951314  0.9768010   48.89680  -45.78846    34.9180    34.9345     2.6514     2.6505    27.8513    27.8645    5.95377    6.20222         22 0.0000e+00
      59060   2460.793   2203.000     2.8193   3.238053     2.8184   3.239351      91.79     0.0164     2.2486     2.0217  2.0951219  0.9768010   48.89680  -45.78846    34.9180    34.9345     2.6509     2.6500    27.8513    27.8646    5.94872    6.20536         21 0.0000e+00
      59081   2461.655   2204.000     2.8187   3.238044     2.8177   3.239324      75.32     0.0144     2.2483     2.0218  2.0952394  0.9768010   48.89680  -45.78846    34.9180    34.9345     2.6503     2.6492    27.8513    27.8647    5.95025    6.20512         20 0.0000e+00
