data/CTD/2013/CNV/D021A053.CNV
* Sea-Bird SBE 9 Data File:
* FileName = C:\CTD_ACQUISITION\2013021HUD\ctddata\021A053.hdr
* Software Version Seasave V 7.22.2
* Temperature SN = 5081
* Conductivity SN = 3561
* Number of Bytes Per Scan = 37
* Number of Voltage Words = 4
* Number of Scans Averaged by the Deck Unit = 1
* NMEA Latitude = 48 45.35 N
* NMEA Longitude = 045 38.39 W
* NMEA UTC (Time) = Jul 05 2013 05:32:39
* NMEA baud rate = 9600
** Ship: Hudson
** Cruise: HUD2013021
** Chief_Scientist: Greenan
** Organization: BIO
** Area_of_Operation: Sackville Spur
** Station: 53
** Sounding:  1400
** Event_Comments: SS24  393215
# nquan = 25
# nvalues = 1367                        
# units = specified
# name 0 = scan: Scan Count
# name 1 = timeS: Time, Elapsed [seconds]
# name 2 = prDM: Pressure, Digiquartz [db]
# name 3 = t068C: Temperature [ITS-68, deg C]
# name 4 = c0S/m: Conductivity [S/m]
# name 5 = t168C: Temperature, 2 [ITS-68, deg C]
# name 6 = c1S/m: Conductivity, 2 [S/m]
# name 7 = altM: Altimeter [m]
# name 8 = flCUVA: Fluorescence, Chelsea UV Aquatracka [ug/l]
# name 9 = sbeox0V: Oxygen raw, SBE 43 [V]
# name 10 = sbeox1V: Oxygen raw, SBE 43, 2 [V]
# name 11 = upoly0: Upoly 0, Optode 4330F - O2 D-Phase
# name 12 = upoly1: Upoly 1, Optode 4330F - O2 Temp
# name 13 = latitude: Latitude [deg]
# name 14 = longitude: Longitude [deg]
# name 15 = sal00: Salinity, Practical [PSU]
# name 16 = sal11: Salinity, Practical, 2 [PSU]
# name 17 = potemp068C: Potential Temperature [ITS-68, deg C]
# name 18 = potemp168C: Potential Temperature, 2 [ITS-68, deg C]
# name 19 = sigma-é00: Density [sigma-theta, Kg/m^3]
# name 20 = sigma-é11: Density, 2 [sigma-theta, Kg/m^3]
# name 21 = sbeox0ML/L: Oxygen, SBE 43 [ml/l], WS = 2
# name 22 = sbeox1ML/L: Oxygen, SBE 43, 2 [ml/l], WS = 2
# name 23 = nbin: number of scans per bin
# name 24 = flag: flag
# span 0 =       9483,      39491       
# span 1 =    395.067,   1645.432       
# span 2 =      3.000,   1369.000       
# span 3 =     2.0674,     7.7384       
# span 4 =   3.018046,   3.485131       
# span 5 =     2.0674,     7.7378       
# span 6 =   3.019342,   3.486596       
# span 7 =       4.37,      98.47       
# span 8 =     0.0058,     0.4454       
# span 9 =     2.4546,     3.3463       
# span 10 =     2.2068,     2.9913      
# span 11 =  1.7020301,  2.0435432      
# span 12 =  0.9013679,  1.5921856      
# span 13 =   48.75667,   48.75852      
# span 14 =  -45.64056,  -45.63915      
# span 15 =    33.6583,    34.9183      
# span 16 =    33.6787,    34.9346      
# span 17 =     2.0648,     7.7374      
# span 18 =     2.0648,     7.7367      
# span 19 =    26.3425,    27.7655      
# span 20 =    26.3557,    27.7785      
# span 21 =    5.87086,    7.21923      
# span 22 =    6.08546,    7.28482      
# span 23 =         13,         65      
# span 24 = 0.0000e+00, 0.0000e+00      
# interval = decibars: 1                
# start_time = Jul 05 2013 05:32:39 [NMEA time, header]
# bad_flag = -9.990e-29
*END*
[from data line 870]
      28770   1198.694    873.000     3.7758   3.265385     3.7755   3.266724      95.65     0.0135     2.6592     2.3914  1.9816374  1.0964592   48.75850  -45.64054    34.8921    34.9083     3.7116     3.7112    27.7301    27.7431    6.11560    6.32307         19 0.0000e+00
      28790   1199.541    874.000     3.7759   3.265433     3.7756   3.266772      53.54     0.0147     2.6585     2.3911  1.9818456  1.0964592   48.75850  -45.64054    34.8921    34.9083     3.7115     3.7112    27.7302    27.7431    6.11836    6.31506         22 0.0000e+00
      28814   1200.552    875.000     3.7759   3.265475     3.7757   3.266821      83.61     0.0111     2.6586     2.3902  1.9835448  1.0964592   48.75850  -45.64054    34.8920    34.9082     3.7115     3.7112    27.7301    27.7431    6.12515    6.31350         26 0.0000e+00
      28841   1201.667    876.000     3.7762   3.265543     3.7759   3.266884      80.65     0.0137     2.6591     2.3895  1.9835391  1.0964592   48.75850  -45.64054    34.8920    34.9083     3.7117     3.7113    27.7301    27.7431    6.12507    6.32192         27 0.0000e+00
      28868   1202.806    877.000     3.7742   3.265409     3.7739   3.266741      40.86     0.0151     2.6584     2.3899  1.9834017  1.0964592   48.75850  -45.64055    34.8920    34.9082     3.7096     3.7093    27.7303    27.7432    6.11976    6.32394         27 0.0000e+00
      28895   1203.912    878.000     3.7741   3.265452     3.7727   3.266679      96.40     0.0150     2.6579     2.3895  1.9835181  1.0964592   48.75850  -45.64056    34.8921    34.9082     3.7095     3.7080    27.7304    27.7433    6.10965    6.31723         26 0.0000e+00
      28918   1204.874    879.000     3.7744   3.265532     3.7739   3.266839      95.60     0.0142     2.6567     2.3888  1.9832672  1.0964592   48.75850  -45.64055    34.8922    34.9083     3.7097     3.7117    27.7304    27.7433    6.10930    6.30440         20 0.0000e+00
      28937   1205.666    880.000     3.7730   3.265451     3.7727   3.266780      40.73     0.0122     2.6561     2.3875  1.9833835  1.0964592   48.75850  -45.64054    34.8922    34.9083     3.7082     3.7078    27.7306    27.7435    6.10670    6.29711         18 0.0000e+00
      28953   1206.337    881.000     3.7732   3.265527     3.7728   3.266859      79.17     0.0133     2.6553     2.3864  1.9841313  1.0964592   48.75850  -45.64054    34.8924    34.9086     3.7083     3.7079    27.7308    27.7437    6.10521    6.30158         15 0.0000e+00
      28968   1206.942    882.000     3.7743   3.265707     3.7741   3.267057      95.73     0.0111     2.6549     2.3863  1.9841269  1.0964592   48.75850  -45.64054    34.8928    34.9091     3.7093     3.7091    27.7310    27.7439    6.10756    6.30457         14 0.0000e+00
      28981   1207.519    883.000     3.7750   3.265827     3.7743   3.267122      95.65     0.0130     2.6543     2.3856  1.9841269  1.0964592   48.75850  -45.64054    34.8930    34.9091     3.7099     3.7092    27.7310    27.7439    6.10156    6.29750         14 0.0000e+00
      28996   1208.114    884.000     3.7748   3.265851     3.7745   3.267183      95.65     0.0145     2.6535     2.3847  1.9841269  1.0964592   48.75852  -45.64054    34.8930    34.9092     3.7097     3.7093    27.7310    27.7440    6.09827    6.29591         15 0.0000e+00
      29012   1208.808    885.000     3.7749   3.265907     3.7746   3.267243      33.41     0.0175     2.6530     2.3841  1.9840029  1.0964592   48.75852  -45.64055    34.8930    34.9092     3.7097     3.7093    27.7311    27.7440    6.10291    6.29974         19 0.0000e+00
      29047   1210.268    886.000     3.7744   3.265891     3.7743   3.267244      64.37     0.0154     2.6521     2.3828  1.9837469  1.0964592   48.75852  -45.64056    34.8929    34.9090     3.7091     3.7090    27.7310    27.7439    6.09929    6.29520         53 0.0000e+00
      29087   1211.931    887.000     3.7741   3.265940     3.7740   3.267271      36.01     0.0152     2.6493     2.3817  1.9845631  1.0964592   48.75852  -45.64056    34.8932    34.9092     3.7088     3.7086    27.7313    27.7441    6.08052    6.30051         21 0.0000e+00
      29105   1212.654    888.000     3.7743   3.266000     3.7741   3.267334      87.13     0.0158     2.6485     2.3815  1.9860499  1.0964592   48.75852  -45.64056    34.8933    34.9093     3.7088     3.7086    27.7314    27.7442    6.09106    6.29882         16 0.0000e+00
      29120   1213.274    889.000     3.7744   3.266074     3.7741   3.267407      80.07     0.0124     2.6481     2.3810  1.9859581  1.0964592   48.75852  -45.64056    34.8935    34.9096     3.7088     3.7085    27.7316    27.7444    6.09721    6.29859         14 0.0000e+00
      29133   1213.849    890.000     3.7744   3.266124     3.7742   3.267480      92.79     0.0138     2.6478     2.3809  1.9858720  1.0964592   48.75852  -45.64055    34.8936    34.9098     3.7087     3.7086    27.7317    27.7446    6.10106    6.30058         14 0.0000e+00
      29147   1214.413    891.000     3.7744   3.266181     3.7744   3.267548      63.02     0.0122     2.6481     2.3807  1.9852577  1.0964592   48.75852  -45.64054    34.8937    34.9100     3.7087     3.7086    27.7317    27.7447    6.10527    6.30181         13 0.0000e+00
      29161   1214.999    892.000     3.7748   3.266272     3.7746   3.267614      37.72     0.0089     2.6480     2.3806  1.9855103  1.0964592   48.75852  -45.64054    34.8938    34.9100     3.7090     3.7087    27.7318    27.7447    6.10551    6.30465         15 0.0000e+00
      29177   1215.648    893.000     3.7750   3.266340     3.7747   3.267678      92.26     0.0081     2.6480     2.3806  1.9854224  1.0964592   48.75852  -45.64054    34.8940    34.9101     3.7091     3.7088    27.7319    27.7448    6.10371    6.30726         17 0.0000e+00
      29195   1216.432    894.000     3.7751   3.266399     3.7749   3.267735      95.19     0.0136     2.6478     2.3806  1.9860249  1.0963467   48.75852  -45.64054    34.8940    34.9101     3.7091     3.7089    27.7319    27.7448    6.10238    6.30736         21 0.0000e+00
      29224   1217.606    895.000     3.7752   3.266446     3.7749   3.267782      63.60     0.0140     2.6474     2.3804  1.9859159  1.0964533   48.75852  -45.64055    34.8940    34.9101     3.7092     3.7089    27.7319    27.7448    6.09964    6.30448         37 0.0000e+00
      29263   1219.250    896.000     3.7752   3.266495     3.7750   3.267826      96.64     0.0173     2.6468     2.3799  1.9858192  1.0964592   48.75852  -45.64056    34.8940    34.9101     3.7091     3.7088    27.7319    27.7448    6.10028    6.29799         36 0.0000e+00
      29292   1220.460    897.000     3.7752   3.266540     3.7749   3.267875      58.86     0.0159     2.6464     2.3792  1.9863752  1.0964592   48.75852  -45.64056    34.8940    34.9102     3.7090     3.7087    27.7320    27.7449    6.10085    6.29867         23 0.0000e+00
      29312   1221.309    898.000     3.7752   3.266597     3.7749   3.267928      70.04     0.0133     2.6462     2.3786  1.9865077  1.0964592   48.75852  -45.64056    34.8942    34.9103     3.7089     3.7086    27.7321    27.7450    6.09544    6.29025         19 0.0000e+00
      29329   1222.009    899.000     3.7752   3.266654     3.7749   3.267979      95.19     0.0139     2.6456     2.3778  1.9865680  1.0964592   48.75852  -45.64054    34.8943    34.9104     3.7089     3.7085    27.7322    27.7450    6.08486    6.28895         16 0.0000e+00
      29344   1222.643    900.000     3.7751   3.266689     3.7748   3.268015      95.59     0.0143     2.6448     2.3776  1.9865689  1.0964592   48.75852  -45.64054    34.8944    34.9104     3.7086     3.7083    27.7323    27.7451    6.07915    6.29165         14 0.0000e+00
      29359   1223.245    901.000     3.7750   3.266721     3.7747   3.268054      84.07     0.0154     2.6436     2.3770  1.9865689  1.0964592   48.75852  -45.64056    34.8944    34.9105     3.7084     3.7082    27.7323    27.7451    6.07731    6.29435         15 0.0000e+00
      29373   1223.852    902.000     3.7745   3.266719     3.7743   3.268066      20.96     0.0175     2.6425     2.3770  1.9863950  1.0964592   48.75852  -45.64056    34.8943    34.9106     3.7079     3.7076    27.7323    27.7453    6.07911    6.29694         14 0.0000e+00
      29389   1224.497    903.000     3.7742   3.266742     3.7739   3.268078      91.31     0.0180     2.6421     2.3766  1.9860675  1.0964592   48.75852  -45.64056    34.8944    34.9106     3.7075     3.7072    27.7324    27.7453    6.08299    6.29110         17 0.0000e+00
      29406   1225.227    904.000     3.7740   3.266769     3.7738   3.268107      95.41     0.0147     2.6414     2.3759  1.9858685  1.0964592   48.75852  -45.64056    34.8944    34.9106     3.7072     3.7070    27.7325    27.7453    6.09066    6.28769         19 0.0000e+00
      29428   1226.108    905.000     3.7735   3.266774     3.7733   3.268108      84.82     0.0135     2.6417     2.3752  1.9865034  1.0964592   48.75852  -45.64056    34.8945    34.9105     3.7067     3.7064    27.7326    27.7454    6.09240    6.28503         23 0.0000e+00
      29452   1227.121    906.000     3.7721   3.266698     3.7719   3.268031      52.59     0.0143     2.6409     2.3744  1.9865699  1.0964592   48.75852  -45.64056    34.8945    34.9106     3.7052     3.7050    27.7327    27.7456    6.09230    6.28795         24 0.0000e+00
      29475   1228.075    907.000     3.7727   3.266814     3.7724   3.268139      68.52     0.0146     2.6411     2.3739  1.9875251  1.0964592   48.75852  -45.64056    34.8948    34.9108     3.7057     3.7079    27.7329    27.7457    6.08958    6.28664         22 0.0000e+00
      29496   1228.964    908.000     3.7722   3.266808     3.7720   3.268143      49.18     0.0177     2.6407     2.3734  1.9887272  1.0964592   48.75852  -45.64056    34.8947    34.9108     3.7051     3.7049    27.7329    27.7458    6.09288    6.28516         21 0.0000e+00
      29518   1229.855    909.000     3.7718   3.266826     3.7716   3.268149      37.24     0.0174     2.6405     2.3726  1.9885112  1.0964036   48.75852  -45.64056    34.8948    34.9108     3.7047     3.7044    27.7330    27.7458    6.09348    6.27937         22 0.0000e+00
      29540   1230.799    910.000     3.7714   3.266835     3.7712   3.268160      96.06     0.0164     2.6400     2.3718  1.9888544  1.0962455   48.75852  -45.64056    34.8949    34.9108     3.7042     3.7039    27.7331    27.7459    6.08644    6.27822         23 0.0000e+00
      29564   1231.798    911.000     3.7714   3.266870     3.7712   3.268206      80.36     0.0167     2.6395     2.3709  1.9885205  1.0961164   48.75851  -45.64056    34.8948    34.9109     3.7041     3.7038    27.7331    27.7459    6.08036    6.28029         25 0.0000e+00
      29588   1232.807    912.000     3.7711   3.266895     3.7710   3.268236      38.01     0.0141     2.6378     2.3706  1.9876171  1.0955480   48.75850  -45.64056    34.8948    34.9109     3.7037     3.7036    27.7331    27.7460    6.07383    6.28280         23 0.0000e+00
      29610   1233.729    913.000     3.7705   3.266883     3.7702   3.268213      96.97     0.0133     2.6374     2.3703  1.9875557  1.0957661   48.75850  -45.64056    34.8948    34.9110     3.7030     3.7027    27.7332    27.7461    6.08239    6.28570         21 0.0000e+00
      29630   1234.542    914.000     3.7701   3.266893     3.7698   3.268228      95.64     0.0127     2.6369     2.3699  1.9886898  1.0954951   48.75850  -45.64056    34.8949    34.9110     3.7025     3.7023    27.7333    27.7462    6.08296    6.28145         19 0.0000e+00
      29648   1235.304    915.000     3.7697   3.266923     3.7695   3.268252      95.60     0.0100     2.6365     2.3695  1.9885378  1.0957105   48.75850  -45.64056    34.8951    34.9111     3.7021     3.7019    27.7335    27.7463    6.08521    6.27974         18 0.0000e+00
      29667   1236.076    916.000     3.7693   3.266951     3.7691   3.268277      95.57     0.0100     2.6365     2.3692  1.9888793  1.0953697   48.75850  -45.64056    34.8954    34.9113     3.7016     3.7014    27.7338    27.7465    6.08327    6.28276         19 0.0000e+00
      29687   1236.928    917.000     3.7677   3.266846     3.7677   3.268195      95.64     0.0130     2.6357     2.3690  1.9892291  1.0952944   48.75850  -45.64056    34.8953    34.9114     3.6999     3.6999    27.7339    27.7467    6.07768    6.29002         22 0.0000e+00
      29710   1237.882    918.000     3.7654   3.266681     3.7652   3.268017      38.39     0.0128     2.6352     2.3692  1.9898653  1.0953982   48.75850  -45.64056    34.8952    34.9113     3.6976     3.6974    27.7341    27.7469    6.07650    6.28782         23 0.0000e+00
      29733   1238.822    919.000     3.7651   3.266705     3.7648   3.268033      95.57     0.0138     2.6339     2.3688  1.9909090  1.0954046   48.75850  -45.64056    34.8953    34.9114     3.6972     3.6969    27.7342    27.7470    6.06880    6.28353         22 0.0000e+00
      29752   1239.634    920.000     3.7652   3.266788     3.7650   3.268115      95.51     0.0159     2.6333     2.3686  1.9905089  1.0955749   48.75850  -45.64055    34.8957    34.9117     3.6972     3.6969    27.7345    27.7473    6.06355    6.28053         18 0.0000e+00
      29769   1240.341    921.000     3.7647   3.266793     3.7645   3.268122      70.13     0.0164     2.6314     2.3679  1.9890376  1.0952442   48.75850  -45.64054    34.8958    34.9117     3.6966     3.6964    27.7346    27.7473    6.05724    6.27513         16 0.0000e+00
      29785   1240.991    922.000     3.7645   3.266816     3.7643   3.268147      18.96     0.0155     2.6312     2.3672  1.9890109  1.0952381   48.75850  -45.64054    34.8958    34.9118     3.6963     3.6961    27.7346    27.7474    6.06895    6.28008         15 0.0000e+00
      29800   1241.621    923.000     3.7645   3.266852     3.7640   3.268168      87.62     0.0134     2.6314     2.3673  1.9890109  1.0952381   48.75850  -45.64054    34.8957    34.9118     3.6962     3.6958    27.7346    27.7475    6.06989    6.28843         15 0.0000e+00
      29816   1242.283    924.000     3.7643   3.266878     3.7639   3.268196      75.78     0.0116     2.6301     2.3673  1.9907840  1.0952381   48.75850  -45.64054    34.8957    34.9117     3.6959     3.6956    27.7346    27.7474    6.07155    6.28800         17 0.0000e+00
      29835   1243.083    925.000     3.7642   3.266910     3.7639   3.268235      53.55     0.0106     2.6307     2.3671  1.9909163  1.0952381   48.75850  -45.64054    34.8957    34.9117     3.6958     3.6955    27.7346    27.7474    6.08582    6.28076         23 0.0000e+00
      29872   1244.630    926.000     3.7644   3.266951     3.7641   3.268287      78.63     0.0117     2.6306     2.3660  1.9909297  1.0952381   48.75850  -45.64054    34.8954    34.9116     3.6959     3.6967    27.7344    27.7473    6.08257    6.27928         49 0.0000e+00
      29909   1246.179    927.000     3.7641   3.266991     3.7639   3.268328      49.27     0.0109     2.6305     2.3655  1.9911879  1.0952381   48.75850  -45.64054    34.8957    34.9117     3.6955     3.6953    27.7347    27.7474    6.06098    6.27730         22 0.0000e+00
      29927   1246.919    928.000     3.7636   3.266996     3.7635   3.268341      96.94     0.0119     2.6291     2.3650  1.9913826  1.0952381   48.75848  -45.64054    34.8957    34.9118     3.6950     3.6948    27.7347    27.7476    6.06553    6.27682         16 0.0000e+00
      29942   1247.543    929.000     3.7632   3.267021     3.7629   3.268354      47.07     0.0131     2.6287     2.3649  1.9914556  1.0952381   48.75848  -45.64054    34.8960    34.9121     3.6945     3.6942    27.7350    27.7478    6.07085    6.27627         14 0.0000e+00
