data/CTD/2013/CNV/D021A010.CNV
* Sea-Bird SBE 9 Data File:
* FileName = C:\CTD_ACQUISITION\2013021HUD\ctddata\021A010.hdr
* Software Version Seasave V 7.22.2
* Temperature SN = 5081
* Conductivity SN = 3561
* Number of Bytes Per Scan = 37
* Number of Voltage Words = 4
* Number of Scans Averaged by the Deck Unit = 1
* NMEA Latitude = 46 59.91 N
* NMEA Longitude = 047 29.66 W
* NMEA UTC (Time) = Jul 01 2013 18:46:23
* NMEA baud rate = 9600
** Ship: Hudson
** Cruise: HUD2013021
** Chief_Scientist: Greenan
** Organization: BIO
** Area_of_Operation: Sackville Spur
** Station: 10
** Sounding:  220
** Event_Comments: FC14  393107
# nquan = 25
# nvalues = 210                         
# units = specified
# name 0 = scan: Scan Count
# name 1 = timeS: Time, Elapsed [seconds]
# name 2 = prDM: Pressure, Digiquartz [db]
# name 3 = t068C: Temperature [ITS-68, deg C]
# name 4 = c0S/m: Conductivity [S/m]
# name 5 = t168C: Temperature, 2 [ITS-68, deg C]
# name 6 = c1S/m: Conductivity, 2 [S/m]
# name 7 = altM: Altimeter [m]
# name 8 = flCUVA: Fluorescence, Chelsea UV Aquatracka [ug/l]
# name 9 = sbeox0V: Oxygen raw, SBE 43 [V]
# name 10 = sbeox1V: Oxygen raw, SBE 43, 2 [V]
# name 11 = upoly0: Upoly 0, Optode 4330F - O2 D-Phase
# name 12 = upoly1: Upoly 1, Optode 4330F - O2 Temp
# name 13 = latitude: Latitude [deg]
# name 14 = longitude: Longitude [deg]
# name 15 = sal00: Salinity, Practical [PSU]
# name 16 = sal11: Salinity, Practical, 2 [PSU]
# name 17 = potemp068C: Potential Temperature [ITS-68, deg C]
# name 18 = potemp168C: Potential Temperature, 2 [ITS-68, deg C]
# name 19 = sigma-é00: Density [sigma-theta, Kg/m^3]
# name 20 = sigma-é11: Density, 2 [sigma-theta, Kg/m^3]
# name 21 = sbeox0ML/L: Oxygen, SBE 43 [ml/l], WS = 2
# name 22 = sbeox1ML/L: Oxygen, SBE 43, 2 [ml/l], WS = 2
# name 23 = nbin: number of scans per bin
# name 24 = flag: flag
# span 0 =       7825,      15496       
# span 1 =    325.988,    645.626       
# span 2 =      2.000,    211.000       
# span 3 =    -0.8696,     6.5638       
# span 4 =   2.679856,   3.246931       
# span 5 =    -0.8715,     6.5635       
# span 6 =   2.681137,   3.248174       
# span 7 =       2.90,     126.72       
# span 8 =     0.0181,     0.1953       
# span 9 =     2.5667,     3.4065       
# span 10 =     2.3112,     3.0141      
# span 11 =  1.7125163,  2.1489623      
# span 12 =  0.5355106,  1.4493965      
# span 13 =   46.99811,   46.99862      
# span 14 =  -47.49369,  -47.49304      
# span 15 =    32.3210,    34.0200      
# span 16 =    32.3351,    34.0360      
# span 17 =    -0.8712,     6.5636      
# span 18 =    -0.8731,     6.5629      
# span 19 =    25.3664,    27.2057      
# span 20 =    25.3773,    27.2185      
# span 21 =    5.68756,    8.30812      
# span 22 =    5.92034,    8.03207      
# span 23 =         13,         93      
# span 24 = 0.0000e+00, 0.0000e+00      
# interval = decibars: 1                
# start_time = Jul 01 2013 18:46:23 [NMEA time, header]
# bad_flag = -9.990e-29
*END*
[from data line 174]
      14598    608.195    176.000     1.3261   2.933900     1.3252   2.935106      39.35     0.0425     2.6373     2.3714  2.0726423  0.7731594   46.99824  -47.49314    33.8149    33.8312     1.3179     1.3170    27.0716    27.0848    5.88901    6.07043         23 0.0000e+00
      14621    609.161    177.000     1.3441   2.936019     1.3435   2.937238      38.13     0.0432     2.6315     2.3656  2.0765979  0.7751459   46.99824  -47.49314    33.8219    33.8380     1.3358     1.3353    27.0760    27.0889    5.85915    6.04418         22 0.0000e+00
      14642    610.049    178.000     1.3604   2.937999     1.3596   2.939201      37.07     0.0396     2.6254     2.3604  2.0807145  0.7767914   46.99824  -47.49314    33.8289    33.8450     1.3521     1.3513    27.0805    27.0935    5.83551    6.02700         20 0.0000e+00
      14661    610.823    179.000     1.3781   2.940101     1.3771   2.941282      36.60     0.0384     2.6201     2.3561  2.0809987  0.7770356   46.99824  -47.49314    33.8360    33.8521     1.3697     1.3687    27.0850    27.0980    5.81857    6.01669         18 0.0000e+00
      14678    611.547    180.000     1.4019   2.942822     1.4005   2.943958      35.96     0.0393     2.6153     2.3525  2.0879612  0.7831357   46.99824  -47.49314    33.8444    33.8603     1.3934     1.3920    27.0901    27.1030    5.81090    6.00910         17 0.0000e+00
      14696    612.306    181.000     1.4185   2.944782     1.4177   2.945970      34.88     0.0426     2.6116     2.3490  2.0879121  0.7829682   46.99824  -47.49312    33.8508    33.8667     1.4099     1.4092    27.0941    27.1069    5.80713    5.99466         20 0.0000e+00
      14718    613.198    182.000     1.4254   2.945632     1.4253   2.946876      33.84     0.0381     2.6066     2.3444  2.0905166  0.7861612   46.99824  -47.49312    33.8536    33.8695     1.4168     1.4166    27.0958    27.1087    5.78914    5.96551         24 0.0000e+00
      14746    614.368    183.000     1.4297   2.946162     1.4299   2.947467      32.87     0.0399     2.6001     2.3370  2.0924695  0.7887515   46.99822  -47.49312    33.8551    33.8714     1.4210     1.4213    27.0968    27.1099    5.76034    5.93443         31 0.0000e+00
      14777    615.653    184.000     1.4340   2.946714     1.4339   2.947964      31.56     0.0426     2.5919     2.3296  2.0989575  0.7931567   46.99822  -47.49312    33.8568    33.8729     1.4253     1.4252    27.0979    27.1108    5.73751    5.92656         29 0.0000e+00
      14802    616.698    185.000     1.4370   2.947095     1.4367   2.948322      30.83     0.0424     2.5860     2.3246  2.0996308  0.7935447   46.99822  -47.49312    33.8579    33.8740     1.4282     1.4280    27.0985    27.1115    5.73604    5.92052         22 0.0000e+00
      14824    617.616    186.000     1.4443   2.947975     1.4442   2.949232      29.98     0.0381     2.5823     2.3210  2.1062589  0.7944959   46.99822  -47.49312    33.8606    33.8767     1.4355     1.4354    27.1002    27.1131    5.73621    5.92034         22 0.0000e+00
      14846    618.527    187.000     1.4559   2.949284     1.4552   2.950494      28.49     0.0386     2.5788     2.3183  2.1062276  0.7947068   46.99822  -47.49312    33.8642    33.8803     1.4470     1.4463    27.1023    27.1153    5.72645    5.92327         22 0.0000e+00
      14869    619.485    188.000     1.4656   2.950428     1.4656   2.951697      27.64     0.0375     2.5754     2.3161  2.1112931  0.7959474   46.99822  -47.49311    33.8677    33.8838     1.4566     1.4566    27.1044    27.1173    5.72894    5.92349         24 0.0000e+00
      14892    620.443    189.000     1.4676   2.950691     1.4675   2.951956      26.36     0.0420     2.5736     2.3141  2.1122823  0.7964286   46.99821  -47.49310    33.8683    33.8844     1.4586     1.4585    27.1048    27.1177    5.74329    5.92353         22 0.0000e+00
      14912    621.287    190.000     1.4705   2.951064     1.4702   2.952302      26.12     0.0471     2.5727     2.3134  2.1159742  0.7982674   46.99820  -47.49310    33.8694    33.8854     1.4614     1.4611    27.1054    27.1183    5.74921    5.93620         19 0.0000e+00
      14930    622.046    191.000     1.4722   2.951311     1.4722   2.952568      25.26     0.0532     2.5725     2.3132  2.1174555  0.7993922   46.99820  -47.49310    33.8701    33.8860     1.4630     1.4630    27.1059    27.1187    5.75425    5.94245         18 0.0000e+00
      14949    622.817    192.000     1.4741   2.951559     1.4743   2.952853      24.27     0.0534     2.5722     2.3130  2.1182284  0.7996228   46.99820  -47.49310    33.8706    33.8868     1.4649     1.4651    27.1062    27.1191    5.73914    5.94918         19 0.0000e+00
      14972    623.790    193.000     1.4786   2.952091     1.4786   2.953364      23.08     0.0466     2.5705     2.3136  2.1254401  0.8018859   46.99820  -47.49310    33.8719    33.8881     1.4694     1.4694    27.1069    27.1199    5.74385    5.95168         29 0.0000e+00
      15007    625.253    194.000     1.4858   2.952944     1.4856   2.954180      21.53     0.0428     2.5698     2.3138  2.1285405  0.8027242   46.99820  -47.49310    33.8744    33.8904     1.4765     1.4762    27.1084    27.1212    5.73949    5.94531         38 0.0000e+00
      15039    626.573    195.000     1.4899   2.953464     1.4899   2.954736      20.89     0.0438     2.5689     2.3136  2.1307869  0.8034474   46.99818  -47.49310    33.8760    33.8921     1.4806     1.4806    27.1094    27.1223    5.73796    5.94224         24 0.0000e+00
      15060    627.462    196.000     1.4909   2.953631     1.4909   2.954891      20.13     0.0440     2.5680     2.3133  2.1349068  0.8034188   46.99818  -47.49310    33.8765    33.8925     1.4815     1.4815    27.1097    27.1225    5.73909    5.93236         20 0.0000e+00
      15079    628.248    197.000     1.4915   2.953744     1.4914   2.954996      19.11     0.0391     2.5680     2.3120  2.1355293  0.8034188   46.99818  -47.49308    33.8767    33.8927     1.4820     1.4820    27.1099    27.1227    5.73890    5.92190         19 0.0000e+00
      15098    629.037    198.000     1.4920   2.953844     1.4921   2.955098      18.21     0.0384     2.5674     2.3112  2.1369374  0.8043136   46.99818  -47.49308    33.8769    33.8927     1.4825     1.4826    27.1100    27.1227    5.73901    5.93298         19 0.0000e+00
      15119    629.907    199.000     1.4925   2.953948     1.4927   2.955212      17.21     0.0406     2.5672     2.3112  2.1390631  0.8056855   46.99817  -47.49308    33.8770    33.8929     1.4830     1.4831    27.1101    27.1228    5.74586    5.94045         23 0.0000e+00
      15142    630.863    200.000     1.4932   2.954068     1.4932   2.955328      16.26     0.0435     2.5671     2.3112  2.1398222  0.8060161   46.99816  -47.49308    33.8773    33.8932     1.4836     1.4836    27.1102    27.1230    5.73697    5.94471         23 0.0000e+00
      15165    631.828    201.000     1.4937   2.954185     1.4937   2.955439      14.77     0.0416     2.5667     2.3120  2.1425755  0.8074450   46.99816  -47.49308    33.8776    33.8936     1.4840     1.4840    27.1105    27.1232    5.77068    5.97973         23 0.0000e+00
      15189    632.826    202.000     1.4945   2.954322     1.4945   2.955580      13.79     0.0456     2.5706     2.3157  2.1432428  0.8073754   46.99816  -47.49308    33.8780    33.8939     1.4848     1.4848    27.1107    27.1235    5.80252    6.00758         25 0.0000e+00
      15218    634.022    203.000     1.4947   2.954397     1.4948   2.955657      13.02     0.0424     2.5735     2.3191  2.1452663  0.8074506   46.99816  -47.49308    33.8781    33.8940     1.4849     1.4850    27.1108    27.1235    5.78526    6.00274         33 0.0000e+00
      15251    635.404    204.000     1.4955   2.954534     1.4955   2.955786      12.01     0.0414     2.5742     2.3217  2.1466675  0.8076372   46.99816  -47.49308    33.8785    33.8943     1.4857     1.4857    27.1110    27.1237    5.77634    6.00411         31 0.0000e+00
      15277    636.498    205.000     1.4978   2.954883     1.4977   2.956109      10.98     0.0421     2.5754     2.3235  2.1471958  0.8076369   46.99816  -47.49306    33.8798    33.8955     1.4880     1.4878    27.1119    27.1245    5.78821    6.00451         22 0.0000e+00
      15296    637.289    206.000     1.5021   2.955491     1.5020   2.956704      10.46     0.0418     2.5761     2.3244  2.1484551  0.8079427   46.99814  -47.49306    33.8823    33.8978     1.4922     1.4921    27.1136    27.1261    5.77471    6.00116         17 0.0000e+00
      15312    637.978    207.000     1.5137   2.956979     1.5128   2.958142       9.65     0.0437     2.5753     2.3250  2.1489613  0.8083022   46.99814  -47.49306    33.8880    33.9039     1.5037     1.5027    27.1174    27.1302    5.76887    5.99484         16 0.0000e+00
      15329    638.684    208.000     1.6503   2.974236     1.6425   2.974806       8.55     0.0462     2.5758     2.3250  2.1489623  0.8083028   46.99814  -47.49306    33.9585    33.9741     1.6400     1.6322    27.1642    27.1773    5.74683    5.96593         19 0.0000e+00
      15358    639.887    209.000     1.7470   2.986835     1.7458   2.987958       7.24     0.0445     2.5751     2.3243  2.1489623  0.8090038   46.99814  -47.49306    34.0127    34.0282     1.7365     1.7353    27.2006    27.2131    5.71480    5.92312         42 0.0000e+00
      15410    642.049    210.000     1.7574   2.988339     1.7587   2.989723       6.05     0.0435     2.5706     2.3211  2.1467955  0.8226401   46.99813  -47.49306    34.0200    34.0360     1.7467     1.7480    27.2057    27.2185    5.68756    5.92580         56 0.0000e+00
      15496    645.626    211.000     1.7486   2.987235     1.7566   2.989513       4.75     0.0415     2.5679     2.3211  2.1447735  0.8363827   46.99812  -47.49305    34.0149    34.0351     1.7380     1.7467    27.2023    27.2179    5.72405    5.93057         26 0.0000e+00
