data/CTD/2013/CNV/D021A043.CNV
* Sea-Bird SBE 9 Data File:
* FileName = C:\CTD_ACQUISITION\2013021HUD\ctddata\021A043.hdr
* Software Version Seasave V 7.22.2
* Temperature SN = 5081
* Conductivity SN = 3561
* Number of Bytes Per Scan = 37
* Number of Voltage Words = 4
* Number of Scans Averaged by the Deck Unit = 1
* NMEA Latitude = 48 24.11 N
* NMEA Longitude = 046 14.76 W
* NMEA UTC (Time) = Jul 04 2013 05:49:20
* NMEA baud rate = 9600
** Ship: Hudson
** Cruise: HUD2013021
** Chief_Scientist: Greenan
** Organization: BIO
** Area_of_Operation: Sackville Spur
** Station: 43
** Sounding:  1023
** Event_Comments: FP_BSR_3  393194
# nquan = 25
# nvalues = 1012                        
# units = specified
# name 0 = scan: Scan Count
# name 1 = timeS: Time, Elapsed [seconds]
# name 2 = prDM: Pressure, Digiquartz [db]
# name 3 = t068C: Temperature [ITS-68, deg C]
# name 4 = c0S/m: Conductivity [S/m]
# name 5 = t168C: Temperature, 2 [ITS-68, deg C]
# name 6 = c1S/m: Conductivity, 2 [S/m]
# name 7 = altM: Altimeter [m]
# name 8 = flCUVA: Fluorescence, Chelsea UV Aquatracka [ug/l]
# name 9 = sbeox0V: Oxygen raw, SBE 43 [V]
# name 10 = sbeox1V: Oxygen raw, SBE 43, 2 [V]
# name 11 = upoly0: Upoly 0, Optode 4330F - O2 D-Phase
# name 12 = upoly1: Upoly 1, Optode 4330F - O2 Temp
# name 13 = latitude: Latitude [deg]
# name 14 = longitude: Longitude [deg]
# name 15 = sal00: Salinity, Practical [PSU]
# name 16 = sal11: Salinity, Practical, 2 [PSU]
# name 17 = potemp068C: Potential Temperature [ITS-68, deg C]
# name 18 = potemp168C: Potential Temperature, 2 [ITS-68, deg C]
# name 19 = sigma-é00: Density [sigma-theta, Kg/m^3]
# name 20 = sigma-é11: Density, 2 [sigma-theta, Kg/m^3]
# name 21 = sbeox0ML/L: Oxygen, SBE 43 [ml/l], WS = 2
# name 22 = sbeox1ML/L: Oxygen, SBE 43, 2 [ml/l], WS = 2
# name 23 = nbin: number of scans per bin
# name 24 = flag: flag
# span 0 =       8688,      36977       
# span 1 =    361.942,   1540.664       
# span 2 =      2.000,   1013.000       
# span 3 =     0.7973,     6.7443       
# span 4 =   2.868343,   3.339007       
# span 5 =     0.7969,     6.7485       
# span 6 =   2.870385,   3.340595       
# span 7 =       3.78,     118.93       
# span 8 =     0.0066,     0.3394       
# span 9 =     2.5901,     3.4735       
# span 10 =     2.3321,     3.0792      
# span 11 =  1.7142641,  2.0019026      
# span 12 =  0.7460318,  1.4696512      
# span 13 =   48.40233,   48.40398      
# span 14 =  -46.24527,  -46.24144      
# span 15 =    33.0502,    35.9622      
# span 16 =    33.0709,    34.9205      
# span 17 =     0.7957,     6.7436      
# span 18 =     0.7954,     6.7478      
# span 19 =    25.9748,    28.6785      
# span 20 =    25.9887,    27.7510      
# span 21 =    6.00567,    8.02120      
# span 22 =    6.22528,    8.08109      
# span 23 =          2,         85      
# span 24 = 0.0000e+00, 0.0000e+00      
# interval = decibars: 1                
# start_time = Jul 04 2013 05:49:20 [NMEA time, header]
# bad_flag = -9.990e-29
*END*
[from data line 348]
      22933    955.481    350.000     3.9873   3.257110     3.9875   3.258504      61.61     0.0170     2.8426     2.5531  1.9474459  1.1231683   48.40334  -46.24338    34.8449    34.8614     3.9624     3.9625    27.6669    27.6799    6.19089    6.37742         24 0.0000e+00
      22955    956.429    351.000     3.9874   3.257163     3.9874   3.258552      96.20     0.0137     2.8414     2.5523  1.9462612  1.1232053   48.40334  -46.24336    34.8450    34.8615     3.9624     3.9624    27.6669    27.6800    6.19657    6.38173         21 0.0000e+00
      22975    957.267    352.000     3.9875   3.257214     3.9876   3.258613      96.75     0.0122     2.8410     2.5532  1.9463415  1.1227988   48.40334  -46.24336    34.8450    34.8614     3.9624     3.9625    27.6669    27.6800    6.20001    6.38681         19 0.0000e+00
      22993    958.008    353.000     3.9874   3.257256     3.9875   3.258653      96.79     0.0149     2.8408     2.5521  1.9470011  1.1231815   48.40334  -46.24336    34.8450    34.8615     3.9623     3.9623    27.6669    27.6801    6.20011    6.36677         17 0.0000e+00
      23010    958.688    354.000     3.9874   3.257306     3.9875   3.258703      70.69     0.0166     2.8404     2.5513  1.9473448  1.1232450   48.40334  -46.24336    34.8450    34.8616     3.9622     3.9623    27.6670    27.6801    6.20074    6.36896         16 0.0000e+00
      23026    959.358    355.000     3.9872   3.257340     3.9872   3.258729      95.80     0.0128     2.8403     2.5510  1.9474210  1.1232449   48.40334  -46.24336    34.8452    34.8617     3.9619     3.9619    27.6671    27.6803    6.20235    6.37731         16 0.0000e+00
      23043    960.091    356.000     3.9872   3.257378     3.9871   3.258770      96.01     0.0114     2.8401     2.5507  1.9471358  1.1232599   48.40334  -46.24336    34.8451    34.8617     3.9618     3.9617    27.6671    27.6803    6.19981    6.38077         20 0.0000e+00
      23067    961.065    357.000     3.9873   3.257432     3.9871   3.258810      89.44     0.0151     2.8394     2.5507  1.9470636  1.1231930   48.40334  -46.24336    34.8451    34.8616     3.9619     3.9617    27.6670    27.6802    6.20168    6.38345         28 0.0000e+00
      23096    962.306    358.000     3.9874   3.257477     3.9874   3.258868      60.81     0.0167     2.8396     2.5509  1.9469908  1.1232802   48.40334  -46.24336    34.8449    34.8615     3.9619     3.9619    27.6669    27.6801    6.20395    6.38411         29 0.0000e+00
      23122    963.387    359.000     3.9874   3.257529     3.9873   3.258910      68.66     0.0179     2.8393     2.5505  1.9468584  1.1231606   48.40334  -46.24336    34.8451    34.8615     3.9618     3.9617    27.6671    27.6801    6.20362    6.37974         23 0.0000e+00
      23144    964.291    360.000     3.9870   3.257565     3.9868   3.258947      86.70     0.0193     2.8390     2.5505  1.9473866  1.1233249   48.40334  -46.24338    34.8454    34.8619     3.9613     3.9612    27.6674    27.6805    6.20353    6.37982         20 0.0000e+00
      23163    965.075    361.000     3.9861   3.257584     3.9861   3.258976      84.45     0.0208     2.8390     2.5499  1.9474988  1.1233212   48.40336  -46.24338    34.8460    34.8625     3.9604     3.9603    27.6679    27.6811    6.20617    6.37382         18 0.0000e+00
      23179    965.762    362.000     3.9855   3.257617     3.9854   3.258998      87.13     0.0193     2.8391     2.5491  1.9471656  1.1233212   48.40336  -46.24338    34.8465    34.8630     3.9597     3.9596    27.6684    27.6815    6.20813    6.37602         15 0.0000e+00
      23194    966.384    363.000     3.9847   3.257643     3.9848   3.259043      92.66     0.0175     2.8391     2.5493  1.9462627  1.1233212   48.40336  -46.24338    34.8471    34.8637     3.9588     3.9589    27.6690    27.6821    6.21113    6.37918         15 0.0000e+00
      23209    966.993    364.000     3.9813   3.257454     3.9815   3.258857      95.60     0.0170     2.8392     2.5488  1.9462759  1.1232407   48.40336  -46.24336    34.8478    34.8642     3.9554     3.9555    27.6698    27.6829    6.21494    6.38181         15 0.0000e+00
      23224    967.638    365.000     3.9812   3.257516     3.9810   3.258892      70.12     0.0174     2.8395     2.5489  1.9464266  1.1233202   48.40336  -46.24336    34.8483    34.8648     3.9552     3.9550    27.6703    27.6834    6.22445    6.38636         16 0.0000e+00
      23245    968.480    366.000     3.9813   3.257595     3.9815   3.258987      93.46     0.0159     2.8406     2.5495  1.9476707  1.1230973   48.40336  -46.24336    34.8485    34.8649     3.9553     3.9554    27.6705    27.6835    6.23103    6.39872         26 0.0000e+00
      23278    969.871    367.000     3.9789   3.257437     3.9792   3.258854      91.03     0.0146     2.8420     2.5507  1.9476938  1.1226828   48.40336  -46.24336    34.8487    34.8652     3.9527     3.9530    27.6709    27.6840    6.22138    6.39926         37 0.0000e+00
      23310    971.218    368.000     3.9762   3.257309     3.9765   3.258721      84.67     0.0159     2.8412     2.5510  1.9473485  1.1220773   48.40336  -46.24336    34.8495    34.8660     3.9500     3.9502    27.6718    27.6849    6.21099    6.39285         27 0.0000e+00
      23332    972.138    369.000     3.9739   3.257237     3.9741   3.258636      95.64     0.0150     2.8406     2.5506  1.9468477  1.1221652   48.40336  -46.24336    34.8506    34.8669     3.9476     3.9478    27.6729    27.6859    6.21527    6.39418         19 0.0000e+00
      23349    972.849    370.000     3.9711   3.257150     3.9718   3.258597      95.54     0.0177     2.8402     2.5510  1.9470378  1.1221763   48.40336  -46.24336    34.8519    34.8684     3.9448     3.9454    27.6742    27.6873    6.21256    6.39785         16 0.0000e+00
      23365    973.481    371.000     3.9688   3.257012     3.9688   3.258414      60.25     0.0195     2.8399     2.5509  1.9472359  1.1222749   48.40336  -46.24336    34.8522    34.8689     3.9424     3.9424    27.6747    27.6880    6.21111    6.39606         14 0.0000e+00
      23379    974.102    372.000     3.9684   3.257032     3.9674   3.258326      77.70     0.0204     2.8398     2.5506  1.9464314  1.1221768   48.40336  -46.24336    34.8523    34.8688     3.9419     3.9409    27.6749    27.6881    6.21440    6.39800         16 0.0000e+00
      23396    974.775    373.000     3.9665   3.256918     3.9661   3.258145      95.05     0.0208     2.8391     2.5509  1.9462796  1.1221019   48.40336  -46.24336    34.8524    34.8674     3.9400     3.9408    27.6752    27.6872    6.21492    6.39955         17 0.0000e+00
      23415    975.586    374.000     3.9656   3.256876     3.9654   3.258252      95.44     0.0173     2.8389     2.5507  1.9462759  1.1219374   48.40337  -46.24336    34.8524    34.8689     3.9390     3.9388    27.6752    27.6884    6.21668    6.39284         22 0.0000e+00
      23439    976.592    375.000     3.9650   3.256881     3.9652   3.258287      76.84     0.0141     2.8386     2.5497  1.9462759  1.1208699   48.40338  -46.24336    34.8526    34.8690     3.9383     3.9385    27.6754    27.6885    6.20695    6.38792         25 0.0000e+00
      23464    977.620    376.000     3.9648   3.256910     3.9648   3.258301      95.87     0.0159     2.8370     2.5491  1.9462759  1.1208792   48.40338  -46.24337    34.8525    34.8691     3.9380     3.9380    27.6755    27.6886    6.21132    6.38756         24 0.0000e+00
      23486    978.551    377.000     3.9649   3.256972     3.9648   3.258349      95.59     0.0181     2.8375     2.5483  1.9462759  1.1208792   48.40338  -46.24338    34.8526    34.8691     3.9381     3.9379    27.6755    27.6887    6.22190    6.39026         21 0.0000e+00
      23506    979.392    378.000     3.9647   3.257000     3.9647   3.258395      79.71     0.0182     2.8374     2.5484  1.9462759  1.1208792   48.40338  -46.24336    34.8526    34.8692     3.9378     3.9378    27.6756    27.6887    6.22328    6.39665         20 0.0000e+00
      23525    980.183    379.000     3.9644   3.257024     3.9641   3.258380      87.00     0.0162     2.8381     2.5484  1.9462759  1.1208117   48.40338  -46.24336    34.8527    34.8691     3.9374     3.9371    27.6757    27.6887    6.22539    6.38682         18 0.0000e+00
      23544    980.958    380.000     3.9638   3.257012     3.9634   3.258376      67.56     0.0147     2.8380     2.5471  1.9462759  1.1208791   48.40338  -46.24336    34.8527    34.8693     3.9367     3.9363    27.6758    27.6890    6.22423    6.38130         19 0.0000e+00
      23563    981.748    381.000     3.9632   3.257014     3.9631   3.258389      45.19     0.0143     2.8383     2.5466  1.9464042  1.1208792   48.40338  -46.24336    34.8528    34.8692     3.9361     3.9360    27.6759    27.6889    6.22570    6.39269         19 0.0000e+00
      23583    982.599    382.000     3.9634   3.257070     3.9633   3.258442      73.74     0.0114     2.8379     2.5470  1.9463871  1.1208792   48.40338  -46.24336    34.8528    34.8692     3.9362     3.9360    27.6758    27.6889    6.21914    6.39526         22 0.0000e+00
      23607    983.568    383.000     3.9634   3.257109     3.9634   3.258505      95.99     0.0139     2.8375     2.5468  1.9462754  1.1206745   48.40338  -46.24336    34.8527    34.8692     3.9361     3.9361    27.6758    27.6889    6.22071    6.39551         24 0.0000e+00
      23630    984.560    384.000     3.9625   3.257076     3.9625   3.258466      86.26     0.0156     2.8379     2.5468  1.9450866  1.1204504   48.40338  -46.24336    34.8527    34.8692     3.9351     3.9351    27.6759    27.6890    6.22841    6.39695         23 0.0000e+00
      23651    985.417    385.000     3.9617   3.257062     3.9616   3.258440      78.23     0.0163     2.8380     2.5467  1.9450549  1.1204935   48.40338  -46.24336    34.8528    34.8693     3.9342     3.9342    27.6761    27.6892    6.22264    6.39655         19 0.0000e+00
      23669    986.154    386.000     3.9605   3.257017     3.9609   3.258434      86.21     0.0189     2.8371     2.5467  1.9463965  1.1205902   48.40338  -46.24336    34.8530    34.8695     3.9330     3.9334    27.6763    27.6894    6.22651    6.39536         17 0.0000e+00
      23686    986.857    387.000     3.9592   3.256952     3.9601   3.258411      95.26     0.0166     2.8380     2.5465  1.9464896  1.1205218   48.40338  -46.24336    34.8532    34.8695     3.9316     3.9325    27.6766    27.6895    6.23115    6.39668         17 0.0000e+00
      23704    987.624    388.000     3.9594   3.257040     3.9596   3.258431      95.55     0.0122     2.8374     2.5464  1.9464600  1.1202164   48.40338  -46.24337    34.8535    34.8698     3.9317     3.9319    27.6768    27.6898    6.22495    6.39965         20 0.0000e+00
      23727    988.568    389.000     3.9596   3.257185     3.9595   3.258568      76.32     0.0130     2.8376     2.5466  1.9462788  1.1196668   48.40338  -46.24338    34.8544    34.8709     3.9319     3.9318    27.6776    27.6907    6.22375    6.40058         25 0.0000e+00
      23753    989.660    390.000     3.9600   3.257272     3.9599   3.258661      96.24     0.0152     2.8365     2.5464  1.9462255  1.1196581   48.40338  -46.24338    34.8545    34.8710     3.9322     3.9321    27.6776    27.6908    6.21681    6.39715         25 0.0000e+00
      23775    990.587    391.000     3.9600   3.257323     3.9599   3.258702      95.52     0.0172     2.8357     2.5460  1.9462773  1.1196581   48.40338  -46.24338    34.8545    34.8710     3.9321     3.9320    27.6777    27.6908    6.22455    6.39790         20 0.0000e+00
      23794    991.357    392.000     3.9603   3.257396     3.9601   3.258766      80.28     0.0158     2.8363     2.5461  1.9461398  1.1196581   48.40338  -46.24338    34.8546    34.8711     3.9323     3.9321    27.6777    27.6908    6.23048    6.39602         18 0.0000e+00
      23810    992.062    393.000     3.9603   3.257460     3.9603   3.258833      48.81     0.0139     2.8364     2.5454  1.9462759  1.1196581   48.40340  -46.24338    34.8547    34.8711     3.9323     3.9322    27.6778    27.6909    6.22921    6.38657         16 0.0000e+00
      23828    992.780    394.000     3.9607   3.257550     3.9606   3.258922      79.88     0.0136     2.8361     2.5445  1.9462759  1.1196581   48.40340  -46.24338    34.8549    34.8713     3.9326     3.9324    27.6779    27.6910    6.22996    6.38627         18 0.0000e+00
      23847    993.596    395.000     3.9615   3.257681     3.9616   3.259071      96.10     0.0147     2.8364     2.5440  1.9462759  1.1196581   48.40340  -46.24338    34.8551    34.8715     3.9333     3.9334    27.6780    27.6910    6.22918    6.39200         22 0.0000e+00
      23872    994.628    396.000     3.9618   3.257750     3.9617   3.259130      77.71     0.0171     2.8358     2.5440  1.9462759  1.1196581   48.40340  -46.24338    34.8550    34.8715     3.9335     3.9335    27.6779    27.6910    6.22149    6.39945         27 0.0000e+00
      23899    995.734    397.000     3.9626   3.257908     3.9624   3.259264      97.24     0.0154     2.8350     2.5442  1.9462759  1.1196581   48.40340  -46.24337    34.8555    34.8718     3.9343     3.9341    27.6782    27.6912    6.21822    6.39852         25 0.0000e+00
      23920    996.634    398.000     3.9629   3.257999     3.9629   3.259379      96.80     0.0150     2.8341     2.5438  1.9462759  1.1196581   48.40340  -46.24337    34.8557    34.8722     3.9345     3.9345    27.6784    27.6915    6.21407    6.39566         19 0.0000e+00
      23938    997.365    399.000     3.9632   3.258088     3.9631   3.259469      81.03     0.0179     2.8334     2.5438  1.9462759  1.1196581   48.40340  -46.24338    34.8560    34.8724     3.9347     3.9346    27.6785    27.6917    6.20738    6.39883         16 0.0000e+00
      23954    998.023    400.000     3.9651   3.258405     3.9642   3.259679      80.09     0.0188     2.8320     2.5440  1.9470410  1.1196581   48.40340  -46.24338    34.8572    34.8732     3.9365     3.9356    27.6793    27.6922    6.21118    6.39657         16 0.0000e+00
      23969    998.673    401.000     3.9677   3.258790     3.9671   3.260105      96.19     0.0163     2.8323     2.5432  1.9474869  1.1196581   48.40340  -46.24338    34.8585    34.8747     3.9390     3.9385    27.6801    27.6930    6.22122    6.39125         16 0.0000e+00
      23986    999.379    402.000     3.9692   3.259013     3.9691   3.260396      88.00     0.0148     2.8321     2.5429  1.9474969  1.1196581   48.40340  -46.24338    34.8589    34.8755     3.9405     3.9404    27.6803    27.6935    6.22069    6.38139         18 0.0000e+00
      24006   1000.215    403.000     3.9699   3.259133     3.9697   3.260509      26.04     0.0136     2.8318     2.5415  1.9454793  1.1196581   48.40340  -46.24338    34.8592    34.8757     3.9410     3.9409    27.6804    27.6936    6.21123    6.37280         22 0.0000e+00
      24031   1001.252    404.000     3.9715   3.259369     3.9713   3.260730      85.79     0.0156     2.8306     2.5400  1.9450089  1.1197034   48.40340  -46.24338    34.8597    34.8761     3.9426     3.9424    27.6807    27.6938    6.21121    6.38042         27 0.0000e+00
      24058   1002.362    405.000     3.9751   3.259869     3.9747   3.261219      93.89     0.0164     2.8301     2.5395  1.9465212  1.1207454   48.40340  -46.24336    34.8612    34.8777     3.9462     3.9457    27.6815    27.6947    6.21318    6.38464         26 0.0000e+00
      24082   1003.391    406.000     3.9780   3.260268     3.9777   3.261624      68.33     0.0155     2.8299     2.5393  1.9467576  1.1208814   48.40342  -46.24336    34.8625    34.8788     3.9489     3.9486    27.6822    27.6953    6.21646    6.38861         23 0.0000e+00
