data/CTD/2013/CNV/D021A048.CNV
* Sea-Bird SBE 9 Data File:
* FileName = C:\CTD_ACQUISITION\2013021HUD\ctddata\021A048.hdr
* Software Version Seasave V 7.22.2
* Temperature SN = 5081
* Conductivity SN = 3561
* Number of Bytes Per Scan = 37
* Number of Voltage Words = 4
* Number of Scans Averaged by the Deck Unit = 1
* NMEA Latitude = 48 58.29 N
* NMEA Longitude = 045 52.31 W
* NMEA UTC (Time) = Jul 04 2013 20:38:06
* NMEA baud rate = 9600
** Ship: Hudson
** Cruise: HUD2013021
** Chief_Scientist: Greenan
** Organization: BIO
** Area_of_Operation: Sackville Spur
** Station: 48
** Sounding:  2567
** Event_Comments: SS29  393205
# nquan = 25
# nvalues = 2561                        
# units = specified
# name 0 = scan: Scan Count
# name 1 = timeS: Time, Elapsed [seconds]
# name 2 = prDM: Pressure, Digiquartz [db]
# name 3 = t068C: Temperature [ITS-68, deg C]
# name 4 = c0S/m: Conductivity [S/m]
# name 5 = t168C: Temperature, 2 [ITS-68, deg C]
# name 6 = c1S/m: Conductivity, 2 [S/m]
# name 7 = altM: Altimeter [m]
# name 8 = flCUVA: Fluorescence, Chelsea UV Aquatracka [ug/l]
# name 9 = sbeox0V: Oxygen raw, SBE 43 [V]
# name 10 = sbeox1V: Oxygen raw, SBE 43, 2 [V]
# name 11 = upoly0: Upoly 0, Optode 4330F - O2 D-Phase
# name 12 = upoly1: Upoly 1, Optode 4330F - O2 Temp
# name 13 = latitude: Latitude [deg]
# name 14 = longitude: Longitude [deg]
# name 15 = sal00: Salinity, Practical [PSU]
# name 16 = sal11: Salinity, Practical, 2 [PSU]
# name 17 = potemp068C: Potential Temperature [ITS-68, deg C]
# name 18 = potemp168C: Potential Temperature, 2 [ITS-68, deg C]
# name 19 = sigma-é00: Density [sigma-theta, Kg/m^3]
# name 20 = sigma-é11: Density, 2 [sigma-theta, Kg/m^3]
# name 21 = sbeox0ML/L: Oxygen, SBE 43 [ml/l], WS = 2
# name 22 = sbeox1ML/L: Oxygen, SBE 43, 2 [ml/l], WS = 2
# name 23 = nbin: number of scans per bin
# name 24 = flag: flag
# span 0 =      21398,      78721       
# span 1 =    891.537,   3279.993       
# span 2 =      3.000,   2563.000       
# span 3 =    -1.1682,     8.9492       
# span 4 =   3.162315,   3.625824       
# span 5 =     2.3208,     8.9489       
# span 6 =   3.163605,   3.627174       
# span 7 =       2.32,      99.77       
# span 8 =     0.0039,     0.8886       
# span 9 =     2.1762,     3.3872       
# span 10 =     1.9582,     3.0264      
# span 11 =  1.6630823,  2.1111143      
# span 12 =  0.9144790,  1.7490210      
# span 13 =   48.97214,   48.97364      
# span 14 =  -45.87459,  -45.87250      
# span 15 =    33.8300,    41.0421      
# span 16 =    33.8504,    34.9379      
# span 17 =    -1.2341,     8.9488      
# span 18 =     2.1299,     8.9484      
# span 19 =    26.4345,    33.0413      
# span 20 =    26.4458,    27.9001      
# span 21 =  -24.00507,    6.85705      
# span 22 =    6.09567,    6.98603      
# span 23 =         12,         87      
# span 24 = 0.0000e+00, 0.0000e+00      
# interval = decibars: 1                
# start_time = Jul 04 2013 20:38:06 [NMEA time, header]
# bad_flag = -9.990e-29
*END*
[from data line 1508]
      55887   2328.573   1511.000     3.3228   3.254595     3.3219   3.255892      62.24     0.0165     2.4147     2.1702  2.0573347  1.0402931   48.97250  -45.87404    34.9197    34.9361     3.2095     3.2085    27.8014    27.8146    5.91800    6.13545         23 0.0000e+00
      55910   2329.547   1512.000     3.3228   3.254635     3.3221   3.255949      84.48     0.0182     2.4142     2.1699  2.0561595  1.0402931   48.97250  -45.87404    34.9197    34.9361     3.2093     3.2086    27.8015    27.8146    5.90523    6.13721         23 0.0000e+00
      55932   2330.443   1513.000     3.3225   3.254650     3.3216   3.255955      96.24     0.0161     2.4140     2.1700  2.0561662  1.0402931   48.97250  -45.87404    34.9197    34.9361     3.2089     3.2081    27.8015    27.8147    5.91567    6.14571         20 0.0000e+00
      55951   2331.246   1514.000     3.3223   3.254683     3.3216   3.255994      54.02     0.0155     2.4133     2.1700  2.0570614  1.0402931   48.97250  -45.87404    34.9197    34.9362     3.2087     3.2079    27.8016    27.8147    5.90878    6.14118         19 0.0000e+00
      55969   2332.015   1515.000     3.3206   3.254568     3.3202   3.255900      45.06     0.0196     2.4129     2.1701  2.0573175  1.0402931   48.97250  -45.87404    34.9197    34.9360     3.2069     3.2162    27.8017    27.8148    5.90919    6.14272         18 0.0000e+00
      55989   2332.819   1516.000     3.3180   3.254380     3.3174   3.255701      96.60     0.0195     2.4129     2.1700  2.0573876  1.0402931   48.97250  -45.87404    34.9197    34.9361     3.2043     3.2036    27.8019    27.8151    5.91163    6.14031         20 0.0000e+00
      56010   2333.725   1517.000     3.3162   3.254253     3.3157   3.255582      96.17     0.0163     2.4123     2.1696  2.0573871  1.0401411   48.97250  -45.87404    34.9196    34.9360     3.2024     3.2019    27.8020    27.8152    5.91931    6.13128         24 0.0000e+00
      56036   2334.811   1518.000     3.3148   3.254164     3.3142   3.255488      57.70     0.0155     2.4127     2.1689  2.0573871  1.0397704   48.97250  -45.87404    34.9195    34.9359     3.2009     3.2003    27.8021    27.8153    5.91901    6.13483         28 0.0000e+00
      56065   2336.001   1519.000     3.3143   3.254160     3.3132   3.255431      96.89     0.0151     2.4125     2.1687  2.0573871  1.0395032   48.97250  -45.87404    34.9196    34.9359     3.2003     3.1992    27.8022    27.8154    5.92280    6.14277         28 0.0000e+00
      56092   2337.138   1520.000     3.3109   3.253896     3.3097   3.255161      88.03     0.0125     2.4127     2.1687  2.0573871  1.0392042   48.97250  -45.87404    34.9194    34.9359     3.1969     3.1957    27.8024    27.8157    5.91487    6.14636         27 0.0000e+00
      56117   2338.186   1521.000     3.3095   3.253813     3.3087   3.255109      59.94     0.0119     2.4120     2.1690  2.0573871  1.0394280   48.97250  -45.87404    34.9195    34.9358     3.1954     3.1945    27.8026    27.8157    5.91541    6.14560         24 0.0000e+00
      56140   2339.112   1522.000     3.3084   3.253762     3.3075   3.255057      23.14     0.0128     2.4120     2.1687  2.0571408  1.0393152   48.97250  -45.87404    34.9195    34.9359     3.1943     3.1934    27.8027    27.8159    5.91710    6.14338         20 0.0000e+00
      56159   2339.904   1523.000     3.3067   3.253641     3.3061   3.254981      97.12     0.0126     2.4117     2.1687  2.0569098  1.0392752   48.97250  -45.87405    34.9194    34.9360     3.1925     3.1919    27.8028    27.8161    5.91242    6.14514         18 0.0000e+00
      56176   2340.615   1524.000     3.3049   3.253533     3.3045   3.254872      57.17     0.0126     2.4108     2.1686  2.0569296  1.0392239   48.97250  -45.87406    34.9194    34.9359     3.1907     3.1902    27.8030    27.8162    5.91781    6.14451         16 0.0000e+00
      56192   2341.286   1525.000     3.3044   3.253532     3.3037   3.254853      66.24     0.0119     2.4115     2.1685  2.0571635  1.0390685   48.97250  -45.87406    34.9195    34.9361     3.1900     3.1893    27.8032    27.8164    5.91783    6.14049         16 0.0000e+00
      56208   2341.967   1526.000     3.3043   3.253570     3.3037   3.254895      86.96     0.0120     2.4107     2.1681  2.0571718  1.0381997   48.97250  -45.87406    34.9195    34.9360     3.1899     3.1892    27.8032    27.8164    5.90182    6.13385         17 0.0000e+00
      56226   2342.722   1527.000     3.3041   3.253583     3.3036   3.254917      93.98     0.0151     2.4097     2.1675  2.0571432  1.0385804   48.97250  -45.87406    34.9195    34.9359     3.1895     3.1890    27.8032    27.8163    5.90843    6.13098         20 0.0000e+00
      56251   2343.764   1528.000     3.3037   3.253589     3.3032   3.254915      63.09     0.0139     2.4099     2.1667  2.0565016  1.0378840   48.97250  -45.87406    34.9194    34.9359     3.1891     3.1885    27.8032    27.8163    5.91679    6.13339         32 0.0000e+00
      56286   2345.217   1529.000     3.3030   3.253559     3.3019   3.254844      98.59     0.0138     2.4091     2.1663  2.0570300  1.0378511   48.97250  -45.87406    34.9193    34.9358     3.1883     3.1872    27.8032    27.8164    5.91145    6.14254         31 0.0000e+00
      56310   2346.198   1530.000     3.3025   3.253568     3.3012   3.254831      94.84     0.0115     2.4088     2.1663  2.0573988  1.0378511   48.97250  -45.87406    34.9194    34.9359     3.1878     3.1864    27.8033    27.8166    5.91322    6.14646         19 0.0000e+00
      56327   2346.935   1531.000     3.3019   3.253559     3.3012   3.254870      30.44     0.0128     2.4087     2.1664  2.0573871  1.0378511   48.97250  -45.87406    34.9195    34.9359     3.1870     3.1863    27.8034    27.8166    5.91552    6.14479         17 0.0000e+00
      56344   2347.618   1532.000     3.3016   3.253577     3.3009   3.254898      95.67     0.0172     2.4088     2.1663  2.0573871  1.0378511   48.97250  -45.87406    34.9196    34.9361     3.1866     3.1859    27.8035    27.8167    5.91302    6.14173         17 0.0000e+00
      56361   2348.315   1533.000     3.2995   3.253435     3.2989   3.254749      96.17     0.0162     2.4081     2.1662  2.0573871  1.0378511   48.97248  -45.87406    34.9195    34.9359     3.1846     3.1839    27.8037    27.8168    5.91106    6.14292         17 0.0000e+00
      56379   2349.104   1534.000     3.2986   3.253391     3.2977   3.254684      95.02     0.0161     2.4080     2.1659  2.0585747  1.0376248   48.97248  -45.87406    34.9195    34.9359     3.1836     3.1826    27.8037    27.8169    5.90998    6.14322         21 0.0000e+00
      56405   2350.177   1535.000     3.2966   3.253242     3.2960   3.254560      63.42     0.0165     2.4071     2.1658  2.0596259  1.0374038   48.97248  -45.87406    34.9194    34.9358     3.1815     3.1808    27.8038    27.8170    5.91055    6.14545         32 0.0000e+00
      56440   2351.607   1536.000     3.2944   3.253085     3.2938   3.254407      97.32     0.0177     2.4071     2.1657  2.0575070  1.0366043   48.97248  -45.87406    34.9194    34.9358     3.1792     3.1786    27.8041    27.8172    5.91969    6.14759         32 0.0000e+00
      56466   2352.697   1537.000     3.2931   3.253022     3.2925   3.254333      51.99     0.0130     2.4069     2.1656  2.0573819  1.0366300   48.97248  -45.87406    34.9194    34.9358     3.1779     3.1772    27.8042    27.8173    5.91409    6.14908         21 0.0000e+00
      56485   2353.512   1538.000     3.2920   3.252972     3.2916   3.254296      84.61     0.0137     2.4067     2.1658  2.0573871  1.0366300   48.97248  -45.87406    34.9195    34.9358     3.1767     3.1762    27.8044    27.8174    5.91799    6.14783         19 0.0000e+00
      56503   2354.255   1539.000     3.2906   3.252879     3.2899   3.254204      96.25     0.0137     2.4070     2.1652  2.0573871  1.0366300   48.97248  -45.87406    34.9194    34.9360     3.1752     3.1744    27.8045    27.8178    5.92187    6.13315         17 0.0000e+00
      56521   2354.990   1540.000     3.2886   3.252748     3.2879   3.254061      96.17     0.0089     2.4066     2.1646  2.0577998  1.0366300   48.97248  -45.87406    34.9194    34.9359     3.1732     3.1724    27.8047    27.8179    5.92665    6.13237         18 0.0000e+00
      56539   2355.766   1541.000     3.2866   3.252606     3.2860   3.253923      44.18     0.0076     2.4073     2.1642  2.0583000  1.0366300   48.97248  -45.87406    34.9193    34.9358     3.1711     3.1704    27.8048    27.8180    5.91696    6.14281         20 0.0000e+00
      56560   2356.636   1542.000     3.2852   3.252521     3.2844   3.253819      91.31     0.0122     2.4063     2.1641  2.0582755  1.0365752   48.97248  -45.87406    34.9193    34.9357     3.1696     3.1768    27.8049    27.8181    5.91920    6.14289         22 0.0000e+00
      56585   2357.680   1543.000     3.2824   3.252296     3.2815   3.253590      55.60     0.0108     2.4064     2.1637  2.0585191  1.0354172   48.97248  -45.87406    34.9192    34.9356     3.1667     3.1658    27.8051    27.8183    5.91753    6.14611         28 0.0000e+00
      56614   2358.866   1544.000     3.2808   3.252203     3.2801   3.253512      96.62     0.0111     2.4060     2.1634  2.0581245  1.0354091   48.97248  -45.87407    34.9192    34.9356     3.1651     3.1643    27.8052    27.8184    5.91800    6.13978         28 0.0000e+00
      56639   2359.906   1545.000     3.2800   3.252172     3.2794   3.253490      96.16     0.0128     2.4057     2.1631  2.0573802  1.0354091   48.97248  -45.87408    34.9192    34.9356     3.1642     3.1636    27.8053    27.8185    5.91595    6.14140         22 0.0000e+00
      56659   2360.770   1546.000     3.2788   3.252114     3.2783   3.253445      43.32     0.0158     2.4051     2.1626  2.0576313  1.0354091   48.97248  -45.87408    34.9193    34.9357     3.1629     3.1624    27.8055    27.8186    5.91892    6.13405         20 0.0000e+00
      56678   2361.561   1547.000     3.2773   3.252023     3.2769   3.253363      90.67     0.0187     2.4054     2.1619  2.0596893  1.0354091   48.97248  -45.87408    34.9192    34.9357     3.1614     3.1609    27.8056    27.8188    5.92526    6.13583         18 0.0000e+00
      56697   2362.342   1548.000     3.2752   3.251874     3.2746   3.253195      96.22     0.0156     2.4052     2.1619  2.0597005  1.0354091   48.97248  -45.87408    34.9192    34.9357     3.1592     3.1585    27.8058    27.8190    5.91586    6.14433         19 0.0000e+00
      56717   2363.158   1549.000     3.2748   3.251881     3.2740   3.253177      96.16     0.0126     2.4046     2.1617  2.0605180  1.0347189   48.97248  -45.87408    34.9192    34.9356     3.1587     3.1579    27.8059    27.8190    5.91746    6.14625         21 0.0000e+00
      56739   2364.069   1550.000     3.2741   3.251851     3.2733   3.253161      96.16     0.0151     2.4045     2.1618  2.0610421  1.0343530   48.97248  -45.87408    34.9191    34.9356     3.1579     3.1571    27.8059    27.8191    5.91544    6.14748         23 0.0000e+00
      56763   2365.086   1551.000     3.2735   3.251843     3.2726   3.253137      92.65     0.0134     2.4039     2.1616  2.0600219  1.0341877   48.97247  -45.87408    34.9192    34.9356     3.1572     3.1563    27.8060    27.8192    5.92343    6.14510         25 0.0000e+00
      56787   2366.079   1552.000     3.2728   3.251820     3.2718   3.253112      46.26     0.0131     2.4042     2.1614  2.0593181  1.0341880   48.97246  -45.87408    34.9191    34.9356     3.1565     3.1554    27.8060    27.8193    5.91875    6.14180         22 0.0000e+00
      56808   2366.959   1553.000     3.2723   3.251827     3.2716   3.253132      96.21     0.0127     2.4035     2.1610  2.0593638  1.0341880   48.97246  -45.87408    34.9193    34.9356     3.1559     3.1551    27.8062    27.8193    5.91729    6.13493         21 0.0000e+00
      56828   2367.785   1554.000     3.2715   3.251800     3.2707   3.253105      96.16     0.0099     2.4034     2.1601  2.0595703  1.0341880   48.97246  -45.87408    34.9193    34.9357     3.1550     3.1542    27.8063    27.8194    5.91995    6.12894         19 0.0000e+00
      56848   2368.620   1555.000     3.2713   3.251821     3.2705   3.253120      55.21     0.0119     2.4033     2.1597  2.0592496  1.0341880   48.97246  -45.87408    34.9192    34.9357     3.1548     3.1539    27.8063    27.8195    5.91088    6.13940         21 0.0000e+00
      56869   2369.520   1556.000     3.2711   3.251843     3.2702   3.253139      81.92     0.0107     2.4021     2.1597  2.0599945  1.0333569   48.97246  -45.87408    34.9192    34.9356     3.1544     3.1536    27.8063    27.8195    5.91310    6.14661         22 0.0000e+00
      56893   2370.490   1557.000     3.2709   3.251859     3.2700   3.253161      65.65     0.0102     2.4023     2.1596  2.0601358  1.0333743   48.97246  -45.87408    34.9192    34.9356     3.1541     3.1532    27.8063    27.8195    5.92260    6.14296         24 0.0000e+00
      56916   2371.438   1558.000     3.2708   3.251899     3.2700   3.253208      75.45     0.0110     2.4026     2.1593  2.0595515  1.0329671   48.97246  -45.87408    34.9192    34.9357     3.1540     3.1531    27.8063    27.8196    5.92657    6.14697         22 0.0000e+00
      56936   2372.308   1559.000     3.2708   3.251945     3.2699   3.253238      96.06     0.0128     2.4019     2.1597  2.0593417  1.0330279   48.97246  -45.87408    34.9193    34.9356     3.1539     3.1665    27.8064    27.8195    5.91099    6.14643         20 0.0000e+00
      56956   2373.133   1560.000     3.2706   3.251962     3.2697   3.253268      94.87     0.0173     2.4016     2.1593  2.0597610  1.0329680   48.97246  -45.87408    34.9192    34.9357     3.1536     3.1529    27.8064    27.8196    5.92466    6.14212         20 0.0000e+00
      56976   2373.969   1561.000     3.2701   3.251966     3.2694   3.253278      38.57     0.0181     2.4023     2.1592  2.0598283  1.0329671   48.97246  -45.87408    34.9192    34.9357     3.1531     3.1523    27.8064    27.8196    5.92507    6.14692         20 0.0000e+00
      56999   2374.901   1562.000     3.2701   3.252007     3.2693   3.253307      95.16     0.0164     2.4014     2.1591  2.0598290  1.0329671   48.97246  -45.87408    34.9192    34.9356     3.1530     3.1521    27.8064    27.8196    5.91755    6.14849         25 0.0000e+00
      57025   2376.020   1563.000     3.2701   3.252041     3.2691   3.253326      96.15     0.0109     2.4015     2.1592  2.0597465  1.0329671   48.97246  -45.87408    34.9192    34.9356     3.1528     3.1518    27.8064    27.8196    5.92210    6.15105         29 0.0000e+00
      57054   2377.194   1564.000     3.2699   3.252064     3.2692   3.253379      96.15     0.0124     2.4010     2.1592  2.0594308  1.0329671   48.97246  -45.87408    34.9192    34.9357     3.1526     3.1518    27.8064    27.8197    5.90977    6.14721         25 0.0000e+00
      57076   2378.145   1565.000     3.2695   3.252078     3.2688   3.253394      94.87     0.0137     2.4004     2.1589  2.0594218  1.0329671   48.97246  -45.87408    34.9192    34.9358     3.1521     3.1513    27.8065    27.8198    5.90738    6.14432         21 0.0000e+00
      57096   2378.938   1566.000     3.2694   3.252111     3.2687   3.253427      30.35     0.0151     2.3993     2.1585  2.0599647  1.0329671   48.97246  -45.87410    34.9193    34.9358     3.1519     3.1512    27.8066    27.8198    5.89890    6.14860         18 0.0000e+00
      57113   2379.677   1567.000     3.2693   3.252146     3.2685   3.253448      97.34     0.0146     2.3986     2.1590  2.0610654  1.0329671   48.97246  -45.87409    34.9193    34.9357     3.1517     3.1508    27.8066    27.8198    5.90704    6.15856         17 0.0000e+00
