data/CTD/2013/CNV/D021A004.CNV
* Sea-Bird SBE 9 Data File:
* FileName = C:\CTD_ACQUISITION\2013021HUD\ctddata\021A004.hdr
* Software Version Seasave V 7.22.2
* Temperature SN = 5081
* Conductivity SN = 3561
* Number of Bytes Per Scan = 37
* Number of Voltage Words = 4
* Number of Scans Averaged by the Deck Unit = 1
* NMEA Latitude = 47 06.01 N
* NMEA Longitude = 047 16.83 W
* NMEA UTC (Time) = Jul 01 2013 09:01:01
* NMEA baud rate = 9600
** Ship: Hudson
** Cruise: HUD2013021
** Chief_Scientist: Greenan
** Organization: BIO
** Area_of_Operation: Sackville Spur
** Station: 4
** Sounding:  410
** Event_Comments: M1842    393105
# nquan = 25
# nvalues = 409                         
# units = specified
# name 0 = scan: Scan Count
# name 1 = timeS: Time, Elapsed [seconds]
# name 2 = prDM: Pressure, Digiquartz [db]
# name 3 = t068C: Temperature [ITS-68, deg C]
# name 4 = c0S/m: Conductivity [S/m]
# name 5 = t168C: Temperature, 2 [ITS-68, deg C]
# name 6 = c1S/m: Conductivity, 2 [S/m]
# name 7 = altM: Altimeter [m]
# name 8 = flCUVA: Fluorescence, Chelsea UV Aquatracka [ug/l]
# name 9 = sbeox0V: Oxygen raw, SBE 43 [V]
# name 10 = sbeox1V: Oxygen raw, SBE 43, 2 [V]
# name 11 = upoly0: Upoly 0, Optode 4330F - O2 D-Phase
# name 12 = upoly1: Upoly 1, Optode 4330F - O2 Temp
# name 13 = latitude: Latitude [deg]
# name 14 = longitude: Longitude [deg]
# name 15 = sal00: Salinity, Practical [PSU]
# name 16 = sal11: Salinity, Practical, 2 [PSU]
# name 17 = potemp068C: Potential Temperature [ITS-68, deg C]
# name 18 = potemp168C: Potential Temperature, 2 [ITS-68, deg C]
# name 19 = sigma-é00: Density [sigma-theta, Kg/m^3]
# name 20 = sigma-é11: Density, 2 [sigma-theta, Kg/m^3]
# name 21 = sbeox0ML/L: Oxygen, SBE 43 [ml/l], WS = 2
# name 22 = sbeox1ML/L: Oxygen, SBE 43, 2 [ml/l], WS = 2
# name 23 = nbin: number of scans per bin
# name 24 = flag: flag
# span 0 =       6700,      23124       
# span 1 =    279.118,    963.454       
# span 2 =      3.000,    411.000       
# span 3 =    -0.6922,     6.1852       
# span 4 =   2.700426,   3.227503       
# span 5 =    -0.6928,     6.1852       
# span 6 =   2.701417,   3.228751       
# span 7 =      -8.07,      98.78       
# span 8 =     0.0130,     0.1101       
# span 9 =     2.7410,     3.4489       
# span 10 =     2.4301,     3.0133      
# span 11 =  1.7125368,  2.0671682      
# span 12 =  0.5610160,  1.4090872      
# span 13 =   47.09941,   47.09998      
# span 14 =  -47.27948,  -47.27844      
# span 15 =    32.4656,    34.7316      
# span 16 =    32.4797,    34.7469      
# span 17 =    -0.6936,     6.1848      
# span 18 =    -0.6941,     6.1848      
# span 19 =    25.5279,    27.6139      
# span 20 =    25.5390,    27.6261      
# span 21 =    6.05199,    8.27367      
# span 22 =    6.16320,    7.87678      
# span 23 =         14,        119      
# span 24 = 0.0000e+00, 0.0000e+00      
# interval = decibars: 1                
# start_time = Jul 01 2013 09:01:01 [NMEA time, header]
# bad_flag = -9.990e-29
*END*
[from data line 58]
      11009    458.685     61.000    -0.5284   2.724782    -0.5294   2.725885      88.26     0.0244     3.2569     2.7656  1.9356587  0.5610160   47.09990  -47.27901    33.1657    33.1814    -0.5302    -0.5311    26.6491    26.6619    8.18763    7.79107         69 0.0000e+00
      11044    460.138     62.000    -0.5229   2.726084    -0.5233   2.727232      95.62     0.0261     3.2632     2.7714  1.9375975  0.5655888   47.09990  -47.27900    33.1764    33.1922    -0.5247    -0.5251    26.6576    26.6704    8.27367    7.84837         25 0.0000e+00
      11073    461.336     63.000    -0.4726   2.731233    -0.4740   2.732305      95.67     0.0243     3.2697     2.7750  1.9377176  0.5675964   47.09990  -47.27900    33.1897    33.2056    -0.4744    -0.4758    26.6662    26.6791    8.26677    7.85473         38 0.0000e+00
      11150    464.556     64.000    -0.4359   2.734853    -0.4488   2.734921      95.54     0.0214     3.2785     2.7826  1.9386160  0.5671616   47.09992  -47.27897    33.1979    33.2124    -0.4378    -0.4507    26.6713    26.6836    8.23422    7.82800         79 0.0000e+00
      11192    466.307     65.000    -0.2869   2.748945    -0.2972   2.749161      95.67     0.0224     3.2795     2.7829  1.9390465  0.5713180   47.09992  -47.27896    33.2220    33.2362    -0.2889    -0.2992    26.6843    26.6962    8.20442    7.79174         28 0.0000e+00
      11218    467.377     66.000    -0.1992   2.757446    -0.2005   2.758510      95.73     0.0198     3.2823     2.7839  1.9391822  0.5738260   47.09992  -47.27896    33.2388    33.2544    -0.2013    -0.2026    26.6940    26.7066    8.22195    7.78168         26 0.0000e+00
      11248    468.605     67.000    -0.1754   2.760102    -0.1758   2.761227      95.79     0.0247     3.2868     2.7854  1.9365053  0.5814708   47.09992  -47.27894    33.2475    33.2629    -0.1775    -0.1779    26.6999    26.7124    8.22933    7.78793         35 0.0000e+00
      11298    470.699     68.000    -0.1779   2.760166    -0.1795   2.761197      95.70     0.0264     3.2900     2.7871  1.9349457  0.5928227   47.09992  -47.27893    33.2505    33.2659    -0.1801    -0.1816    26.7025    26.7150    8.19543    7.77743         64 0.0000e+00
      11354    473.029     69.000    -0.1697   2.761375    -0.1729   2.762357      95.61     0.0225     3.2904     2.7887  1.9341210  0.5981780   47.09992  -47.27892    33.2576    33.2736    -0.1719    -0.1751    26.7078    26.7209    8.19954    7.77954         42 0.0000e+00
      11389    474.513     70.000    -0.0797   2.769912    -0.0816   2.770949      88.14     0.0231     3.2901     2.7865  1.9341017  0.5989017   47.09992  -47.27890    33.2715    33.2872    -0.0820    -0.0838    26.7148    26.7276    8.14612    7.71036         35 0.0000e+00
      11440    476.611     71.000     0.0121   2.779160     0.0088   2.780025      85.68     0.0277     3.2837     2.7803  1.9321202  0.6040491   47.09992  -47.27888    33.2932    33.3083     0.0097     0.0064    26.7279    26.7402    8.07904    7.66455         66 0.0000e+00
      11492    478.802     72.000     0.0311   2.781642     0.0510   2.784994      96.31     0.0278     3.2777     2.7755  1.9302484  0.6130265   47.09992  -47.27887    33.3048    33.3273     0.0286     0.0486    26.7363    26.7536    8.08776    7.65416         31 0.0000e+00
      11516    479.797     73.000     0.0745   2.786851     0.0739   2.788013      90.39     0.0213     3.2773     2.7736  1.9304031  0.6153995   47.09992  -47.27886    33.3256    33.3416     0.0720     0.0717    26.7511    26.7640    8.09401    7.65878         23 0.0000e+00
      11540    480.806     74.000     0.0731   2.787029     0.0717   2.788113      95.36     0.0222     3.2792     2.7747  1.9276133  0.6219634   47.09992  -47.27886    33.3289    33.3447     0.0706     0.0692    26.7538    26.7666    8.14894    7.71290         28 0.0000e+00
      11606    483.554     75.000     0.0655   2.786373     0.0645   2.787454      95.65     0.0249     3.2813     2.7741  1.9290946  0.6264461   47.09992  -47.27884    33.3279    33.3434     0.0630     0.0619    26.7534    26.7658    8.05314    7.61779         70 0.0000e+00
      11669    486.170     76.000     0.0719   2.787264     0.0700   2.788240      95.83     0.0257     3.2628     2.7571  1.9307280  0.6276359   47.09992  -47.27882    33.3321    33.3470     0.0694     0.0675    26.7564    26.7685    7.91032    7.48477         27 0.0000e+00
      11693    487.159     77.000     0.1123   2.791378     0.1125   2.792687      84.45     0.0234     3.2550     2.7503  1.9327810  0.6275946   47.09992  -47.27882    33.3418    33.3588     0.1096     0.1098    26.7622    26.7759    7.89556    7.47104         25 0.0000e+00
      11722    488.371     78.000     0.2442   2.804297     0.2409   2.805204      83.34     0.0205     3.2430     2.7403  1.9314989  0.6290733   47.09992  -47.27882    33.3677    33.3831     0.2414     0.2382    26.7763    26.7889    7.82360    7.40776         35 0.0000e+00
      11762    490.050     79.000     0.2613   2.806704     0.2585   2.807601      95.88     0.0237     3.2320     2.7292  1.9295979  0.6343238   47.09992  -47.27880    33.3801    33.3949     0.2585     0.2557    26.7854    26.7975    7.84180    7.39491         43 0.0000e+00
      11814    492.193     80.000    -0.0292   2.782402    -0.0158   2.784750      95.74     0.0252     3.2236     2.7199  1.9312057  0.6443679   47.09992  -47.27879    33.3757    33.3917    -0.0319    -0.0184    26.7965    26.8087    7.90806    7.45587         69 0.0000e+00
      11877    494.838     81.000    -0.2098   2.767240    -0.1891   2.770432      77.25     0.0261     3.2166     2.7122  1.9373097  0.6369292   47.09991  -47.27878    33.3716    33.3913    -0.2124    -0.1917    26.8017    26.8167    7.96314    7.50249         40 0.0000e+00
      11907    496.071     82.000    -0.2308   2.766092    -0.2310   2.767315      65.21     0.0262     3.2174     2.7124  1.9398077  0.6290184   47.09991  -47.27876    33.3788    33.3953    -0.2334    -0.2336    26.8085    26.8218    8.01113    7.54377         29 0.0000e+00
      11939    497.398     83.000    -0.2085   2.768598    -0.2100   2.769698      95.09     0.0231     3.2182     2.7120  1.9449046  0.6134033   47.09992  -47.27874    33.3870    33.4033    -0.2111    -0.2126    26.8141    26.8273    7.96052    7.50208         36 0.0000e+00
      11981    499.182     84.000    -0.1508   2.774438    -0.1521   2.775546      90.14     0.0204     3.2125     2.7061  1.9486450  0.6048192   47.09992  -47.27874    33.4008    33.4170    -0.1536    -0.1548    26.8226    26.8357    7.90168    7.44006         47 0.0000e+00
      12028    501.129     85.000    -0.0853   2.780699    -0.0868   2.781795      95.93     0.0205     3.2051     2.6993  1.9507221  0.6062165   47.09992  -47.27873    33.4116    33.4277    -0.0881    -0.0895    26.8282    26.8413    7.86810    7.40982         47 0.0000e+00
      12073    502.988     86.000     0.0579   2.794435     0.0536   2.795240      96.34     0.0239     3.2009     2.6947  1.9522864  0.6115372   47.09992  -47.27872    33.4357    33.4514     0.0550     0.0506    26.8410    26.8536    7.84268    7.39127         41 0.0000e+00
      12111    504.578     87.000    -0.0070   2.790471    -0.0062   2.791704      96.19     0.0240     3.1979     2.6923  1.9517558  0.6181326   47.09990  -47.27871    33.4540    33.4694    -0.0099    -0.0091    26.8587    26.8711    7.84505    7.39341         37 0.0000e+00
      12152    506.301     88.000    -0.0395   2.787970    -0.0398   2.789146      77.31     0.0248     3.1951     2.6898  1.9526241  0.6236194   47.09990  -47.27870    33.4559    33.4718    -0.0424    -0.0428    26.8618    26.8747    7.85727    7.39689         47 0.0000e+00
      12197    508.183     89.000    -0.0338   2.788755    -0.0345   2.789909      96.76     0.0238     3.1928     2.6873  1.9555911  0.6244107   47.09990  -47.27870    33.4595    33.4755    -0.0368    -0.0375    26.8644    26.8774    7.85195    7.39131         38 0.0000e+00
      12233    509.652     90.000    -0.0218   2.790128    -0.0225   2.791276      95.90     0.0272     3.1917     2.6853  1.9573811  0.6215552   47.09990  -47.27868    33.4639    33.4798    -0.0248    -0.0255    26.8674    26.8803    7.84964    7.37748         38 0.0000e+00
      12280    511.608     91.000    -0.0119   2.791245    -0.0125   2.792409      95.93     0.0288     3.1897     2.6826  1.9598767  0.6216297   47.09990  -47.27868    33.4673    33.4832    -0.0150    -0.0155    26.8696    26.8826    7.84582    7.37683         53 0.0000e+00
      12324    513.461     92.000    -0.0021   2.792464    -0.0026   2.793629      68.69     0.0284     3.1899     2.6818  1.9619865  0.6230424   47.09990  -47.27866    33.4721    33.4880    -0.0053    -0.0057    26.8731    26.8859    7.86708    7.38475         37 0.0000e+00
      12365    515.163     93.000     0.0067   2.793604     0.0062   2.794773      83.45     0.0238     3.1937     2.6829  1.9631369  0.6240782   47.09990  -47.27866    33.4769    33.4928     0.0035     0.0030    26.8765    26.8894    7.90726    7.40996         49 0.0000e+00
      12418    517.392     94.000     0.0119   2.794531     0.0115   2.795702      86.48     0.0228     3.2002     2.6865  1.9656918  0.6250861   47.09990  -47.27864    33.4829    33.4988     0.0087     0.0083    26.8811    26.8940    7.91386    7.42072         47 0.0000e+00
      12454    518.877     95.000     0.0320   2.797222     0.0309   2.798335      96.11     0.0228     3.2021     2.6873  1.9667192  0.6260991   47.09990  -47.27864    33.4959    33.5117     0.0287     0.0277    26.8906    26.9034    7.89767    7.40408         31 0.0000e+00
      12487    520.256     96.000     0.0739   2.801470     0.0687   2.802225      96.09     0.0249     3.2028     2.6875  1.9682860  0.6267949   47.09989  -47.27864    33.5055    33.5211     0.0705     0.0653    26.8962    26.9091    7.87937    7.39392         38 0.0000e+00
      12534    522.207     97.000     0.2354   2.816858     0.2345   2.817967      94.03     0.0181     3.2026     2.6869  1.9703709  0.6289583   47.09990  -47.27862    33.5309    33.5465     0.2319     0.2310    26.9084    26.9211    7.83557    7.34555         50 0.0000e+00
      12576    523.965     98.000     0.3419   2.827259     0.3384   2.828140      86.41     0.0176     3.2021     2.6853  1.9691073  0.6333869   47.09989  -47.27862    33.5506    33.5658     0.3382     0.3348    26.9187    26.9311    7.80778    7.30701         37 0.0000e+00
      12616    525.605     99.000     0.3931   2.832341     0.3933   2.833546      95.64     0.0187     3.2015     2.6827  1.9670565  0.6446291   47.09988  -47.27862    33.5606    33.5764     0.3894     0.3896    26.9239    26.9365    7.79715    7.29000         44 0.0000e+00
      12662    527.545    100.000     0.4200   2.835123     0.4204   2.836356      95.99     0.0194     3.2013     2.6811  1.9655493  0.6583275   47.09988  -47.27862    33.5671    33.5828     0.4163     0.4166    26.9277    26.9404    7.78987    7.28495         47 0.0000e+00
      12708    529.463    101.000     0.4271   2.835892     0.4267   2.837062      84.66     0.0221     3.2011     2.6801  1.9669964  0.6642475   47.09988  -47.27860    33.5688    33.5845     0.4233     0.4229    26.9287    26.9414    7.79333    7.29723         44 0.0000e+00
      12748    531.114    102.000     0.4333   2.836579     0.4325   2.837697      96.27     0.0200     3.2023     2.6818  1.9659417  0.6664425   47.09988  -47.27860    33.5704    33.5860     0.4295     0.4286    26.9297    26.9423    7.82822    7.33078         36 0.0000e+00
      12787    532.750    103.000     0.4370   2.836960     0.4367   2.838148      96.43     0.0196     3.2072     2.6861  1.9660411  0.6682871   47.09988  -47.27860    33.5711    33.5867     0.4331     0.4328    26.9300    26.9426    7.84805    7.34419         47 0.0000e+00
      12843    535.069    104.000     0.4410   2.837378     0.4405   2.838548      86.45     0.0225     3.2111     2.6875  1.9677435  0.6700913   47.09988  -47.27859    33.5714    33.5871     0.4370     0.4367    26.9300    26.9427    7.82212    7.30695         54 0.0000e+00
      12884    536.772    105.000     0.4548   2.838756     0.4539   2.839900      95.56     0.0232     3.2093     2.6848  1.9680732  0.6711973   47.09987  -47.27858    33.5737    33.5897     0.4509     0.4499    26.9311    26.9440    7.78988    7.28110         32 0.0000e+00
      12916    538.134    106.000     0.5379   2.847070     0.5348   2.848032      96.45     0.0209     3.2070     2.6831  1.9680612  0.6721866   47.09986  -47.27858    33.5911    33.6069     0.5338     0.5307    26.9404    26.9534    7.76684    7.26745         38 0.0000e+00
      12962    540.043    107.000     0.6668   2.860302     0.6660   2.861440      96.44     0.0159     3.2039     2.6809  1.9678468  0.6763183   47.09986  -47.27857    33.6224    33.6381     0.6625     0.6617    26.9582    26.9709    7.72889    7.23560         51 0.0000e+00
      13008    541.967    108.000     0.7266   2.866772     0.7258   2.867892      83.18     0.0165     3.2020     2.6793  1.9663073  0.6843103   47.09986  -47.27857    33.6408    33.6562     0.7223     0.7214    26.9695    26.9820    7.71670    7.21511         40 0.0000e+00
      13046    543.548    109.000     0.7489   2.869176     0.7484   2.870339      96.48     0.0169     3.1993     2.6768  1.9633960  0.6934468   47.09986  -47.27856    33.6471    33.6627     0.7445     0.7440    26.9733    26.9859    7.68635    7.19006         38 0.0000e+00
      13090    545.370    110.000     0.7970   2.874206     0.7957   2.875305      96.42     0.0189     3.1955     2.6727  1.9656092  0.7012576   47.09986  -47.27856    33.6594    33.6750     0.7925     0.7912    26.9803    26.9929    7.66445    7.16694         50 0.0000e+00
      13136    547.293    111.000     0.8518   2.880029     0.8506   2.881138      92.86     0.0159     3.1909     2.6693  1.9646211  0.7056571   47.09986  -47.27856    33.6746    33.6902     0.8472     0.8460    26.9892    27.0019    7.64277    7.15078         38 0.0000e+00
      13171    548.755    112.000     0.8907   2.884325     0.8899   2.885471      86.89     0.0164     3.1884     2.6674  1.9634323  0.7097192   47.09986  -47.27855    33.6873    33.7029     0.8860     0.8852    26.9971    27.0097    7.62971    7.14314         39 0.0000e+00
      13224    550.940    113.000     0.9141   2.886954     0.9134   2.888109      97.22     0.0178     3.1859     2.6649  1.9631218  0.7171139   47.09985  -47.27855    33.6953    33.7109     0.9093     0.9087    27.0020    27.0146    7.63012    7.13506         57 0.0000e+00
      13269    552.821    114.000     0.9304   2.888844     0.9300   2.890032      96.75     0.0194     3.1846     2.6632  1.9641767  0.7209912   47.09986  -47.27854    33.7014    33.7171     0.9255     0.9252    27.0059    27.0185    7.62218    7.12423         40 0.0000e+00
      13314    554.696    115.000     0.9314   2.889006     0.9312   2.890198      85.51     0.0196     3.1821     2.6614  1.9653087  0.7247074   47.09986  -47.27854    33.7017    33.7174     0.9266     0.9263    27.0061    27.0187    7.61114    7.12003         48 0.0000e+00
      13356    556.440    116.000     0.9342   2.889380     0.9338   2.890557      97.23     0.0158     3.1800     2.6592  1.9663310  0.7277564   47.09986  -47.27852    33.7030    33.7186     0.9293     0.9289    27.0069    27.0195    7.60950    7.10668         33 0.0000e+00
      13386    557.701    117.000     0.9419   2.890309     0.9416   2.891512      96.79     0.0187     3.1797     2.6581  1.9670286  0.7287345   47.09984  -47.27852    33.7060    33.7219     0.9369     0.9366    27.0089    27.0217    7.61594    7.11776         31 0.0000e+00
