data/CTD/2013/CNV/D021A028.CNV
* Sea-Bird SBE 9 Data File:
* FileName = C:\CTD_ACQUISITION\2013021HUD\ctddata\021A028.hdr
* Software Version Seasave V 7.22.2
* Temperature SN = 5081
* Conductivity SN = 3561
* Number of Bytes Per Scan = 37
* Number of Voltage Words = 4
* Number of Scans Averaged by the Deck Unit = 1
* NMEA Latitude = 47 53.98 N
* NMEA Longitude = 046 03.76 W
* NMEA UTC (Time) = Jul 03 2013 00:44:40
* NMEA baud rate = 9600
** Ship: Hudson
** Cruise: HUD2013021
** Chief_Scientist: Greenan
** Organization: BIO
** Area_of_Operation: Sackville Spur
** Station: 28
** Sounding:  925
** Event_Comments: SS18  393131
# nquan = 25
# nvalues = 905                         
# units = specified
# name 0 = scan: Scan Count
# name 1 = timeS: Time, Elapsed [seconds]
# name 2 = prDM: Pressure, Digiquartz [db]
# name 3 = t068C: Temperature [ITS-68, deg C]
# name 4 = c0S/m: Conductivity [S/m]
# name 5 = t168C: Temperature, 2 [ITS-68, deg C]
# name 6 = c1S/m: Conductivity, 2 [S/m]
# name 7 = altM: Altimeter [m]
# name 8 = flCUVA: Fluorescence, Chelsea UV Aquatracka [ug/l]
# name 9 = sbeox0V: Oxygen raw, SBE 43 [V]
# name 10 = sbeox1V: Oxygen raw, SBE 43, 2 [V]
# name 11 = upoly0: Upoly 0, Optode 4330F - O2 D-Phase
# name 12 = upoly1: Upoly 1, Optode 4330F - O2 Temp
# name 13 = latitude: Latitude [deg]
# name 14 = longitude: Longitude [deg]
# name 15 = sal00: Salinity, Practical [PSU]
# name 16 = sal11: Salinity, Practical, 2 [PSU]
# name 17 = potemp068C: Potential Temperature [ITS-68, deg C]
# name 18 = potemp168C: Potential Temperature, 2 [ITS-68, deg C]
# name 19 = sigma-é00: Density [sigma-theta, Kg/m^3]
# name 20 = sigma-é11: Density, 2 [sigma-theta, Kg/m^3]
# name 21 = sbeox0ML/L: Oxygen, SBE 43 [ml/l], WS = 2
# name 22 = sbeox1ML/L: Oxygen, SBE 43, 2 [ml/l], WS = 2
# name 23 = nbin: number of scans per bin
# name 24 = flag: flag
# span 0 =      11503,      34204       
# span 1 =    479.267,   1425.135       
# span 2 =      1.000,    905.000       
# span 3 =     1.7898,     6.6281       
# span 4 =   2.963342,   3.386815       
# span 5 =     1.7902,     6.6291       
# span 6 =   2.965046,   3.387631       
# span 7 =       3.07,     102.09       
# span 8 =     0.0055,     0.5961       
# span 9 =     2.6095,     3.4477       
# span 10 =     2.3460,     3.0886      
# span 11 =  1.6970698,  2.0392323      
# span 12 =  0.8661109,  1.4236283      
# span 13 =   47.89924,   47.89952      
# span 14 =  -46.06200,  -46.06066      
# span 15 =    32.7596,    34.9146      
# span 16 =    32.7742,    34.9301      
# span 17 =     1.7873,     6.6255      
# span 18 =     1.7877,     6.6266      
# span 19 =    25.7694,    27.7380      
# span 20 =    25.7809,    27.7507      
# span 21 =    5.52777,    7.43210      
# span 22 =    5.71292,    7.59874      
# span 23 =          9,         91      
# span 24 = 0.0000e+00, 0.0000e+00      
# interval = decibars: 1                
# start_time = Jul 03 2013 00:44:40 [NMEA time, header]
# bad_flag = -9.990e-29
*END*
[from data line 638]
      27809   1158.675    639.000     4.0388   3.279595     4.0380   3.280838      90.64     0.0192     2.7223     2.4439  1.9699246  1.1294261   47.89930  -46.06126    34.9038    34.9194     3.9916     3.9908    27.7107    27.7232    6.06130    6.25109         32 0.0000e+00
      27847   1160.242    640.000     4.0368   3.279429     4.0368   3.280766      66.78     0.0186     2.7195     2.4421  1.9701171  1.1294261   47.89930  -46.06126    34.9035    34.9193     3.9895     3.9895    27.7106    27.7233    6.05082    6.23997         35 0.0000e+00
      27872   1161.271    641.000     4.0368   3.279490     4.0365   3.280802      78.90     0.0160     2.7178     2.4403  1.9700143  1.1294261   47.89930  -46.06126    34.9037    34.9195     3.9894     3.9913    27.7108    27.7234    6.04460    6.23315         18 0.0000e+00
      27887   1161.936    642.000     4.0399   3.279892     4.0395   3.281174      97.24     0.0147     2.7156     2.4394  1.9697107  1.1294261   47.89930  -46.06126    34.9046    34.9203     3.9925     3.9919    27.7112    27.7237    6.03841    6.24099         15 0.0000e+00
      27901   1162.509    643.000     4.0438   3.280361     4.0431   3.281624      96.77     0.0158     2.7150     2.4392  1.9695666  1.1294261   47.89930  -46.06126    34.9056    34.9213     3.9962     3.9955    27.7116    27.7242    6.05068    6.24583         13 0.0000e+00
      27914   1163.050    644.000     4.0497   3.281046     4.0491   3.282325      96.30     0.0152     2.7146     2.4391  1.9699506  1.1294261   47.89930  -46.06126    34.9069    34.9226     4.0021     4.0014    27.7120    27.7246    6.05511    6.24374         13 0.0000e+00
      27928   1163.611    645.000     4.0528   3.281386     4.0524   3.282690      84.05     0.0160     2.7148     2.4385  1.9699106  1.1294261   47.89930  -46.06126    34.9071    34.9229     4.0050     4.0046    27.7119    27.7245    6.04857    6.23688         14 0.0000e+00
      27944   1164.284    646.000     4.0541   3.281578     4.0537   3.282869      81.35     0.0176     2.7133     2.4378  1.9695510  1.1294261   47.89930  -46.06126    34.9074    34.9231     4.0063     4.0058    27.7120    27.7246    6.04135    6.22883         20 0.0000e+00
      27989   1166.170    647.000     4.0547   3.281671     4.0543   3.282956      89.76     0.0158     2.7112     2.4357  1.9703261  1.1302549   47.89931  -46.06126    34.9074    34.9230     4.0068     4.0063    27.7120    27.7244    6.04041    6.23146         47 0.0000e+00
      28022   1167.548    648.000     4.0545   3.281709     4.0540   3.282988      10.69     0.0180     2.7098     2.4349  1.9698205  1.1306622   47.89932  -46.06124    34.9076    34.9232     4.0065     4.0059    27.7121    27.7246    6.04501    6.23550         17 0.0000e+00
      28037   1168.162    649.000     4.0544   3.281759     4.0540   3.283048      89.61     0.0186     2.7098     2.4348  1.9696449  1.1306472   47.89932  -46.06124    34.9077    34.9234     4.0063     4.0059    27.7123    27.7248    6.04680    6.23721         14 0.0000e+00
      28050   1168.706    650.000     4.0544   3.281816     4.0540   3.283118      96.06     0.0205     2.7095     2.4346  1.9700370  1.1311151   47.89932  -46.06124    34.9078    34.9237     4.0062     4.0058    27.7124    27.7250    6.04922    6.23875         13 0.0000e+00
      28062   1169.219    651.000     4.0543   3.281848     4.0540   3.283165      96.37     0.0209     2.7097     2.4347  1.9700845  1.1318535   47.89932  -46.06124    34.9078    34.9238     4.0061     4.0057    27.7124    27.7251    6.05581    6.23964         12 0.0000e+00
      28075   1169.730    652.000     4.0540   3.281864     4.0538   3.283187      77.20     0.0204     2.7097     2.4345  1.9709005  1.1318681   47.89932  -46.06125    34.9079    34.9237     4.0056     4.0054    27.7124    27.7251    6.04985    6.23713         12 0.0000e+00
      28088   1170.287    653.000     4.0538   3.281890     4.0536   3.283205      73.57     0.0184     2.7097     2.4342  1.9704551  1.1318681   47.89932  -46.06126    34.9078    34.9236     4.0054     4.0051    27.7124    27.7250    6.05129    6.23353         15 0.0000e+00
      28106   1171.028    654.000     4.0536   3.281908     4.0533   3.283207      90.13     0.0150     2.7095     2.4338  1.9735320  1.1308998   47.89932  -46.06126    34.9077    34.9234     4.0051     4.0048    27.7123    27.7249    6.05764    6.23158         24 0.0000e+00
      28168   1173.630    655.000     4.0539   3.281962     4.0537   3.283271      85.33     0.0105     2.7079     2.4322  1.9734681  1.1306159   47.89932  -46.06124    34.9075    34.9232     4.0053     4.0051    27.7122    27.7247    6.03078    6.22743         34 0.0000e+00
      28188   1174.448    656.000     4.0530   3.281937     4.0528   3.283244      96.88     0.0138     2.7062     2.4313  1.9737909  1.1307209   47.89932  -46.06124    34.9077    34.9234     4.0043     4.0041    27.7124    27.7249    6.03283    6.21466         17 0.0000e+00
      28203   1175.093    657.000     4.0520   3.281897     4.0516   3.283183      96.72     0.0190     2.7059     2.4300  1.9743671  1.1318846   47.89934  -46.06124    34.9077    34.9234     4.0033     4.0028    27.7125    27.7251    6.04441    6.21427         15 0.0000e+00
      28217   1175.681    658.000     4.0515   3.281890     4.0511   3.283191      79.92     0.0203     2.7061     2.4295  1.9743589  1.1318681   47.89934  -46.06124    34.9077    34.9234     4.0027     4.0023    27.7126    27.7252    6.04545    6.21961         14 0.0000e+00
      28231   1176.239    659.000     4.0514   3.281929     4.0511   3.283231      76.72     0.0170     2.7058     2.4292  1.9743589  1.1318681   47.89934  -46.06124    34.9077    34.9234     4.0025     4.0022    27.7127    27.7252    6.04073    6.22734         13 0.0000e+00
      28244   1176.789    660.000     4.0512   3.281952     4.0509   3.283258      96.48     0.0144     2.7055     2.4291  1.9751068  1.1313072   47.89934  -46.06124    34.9076    34.9234     4.0023     4.0019    27.7126    27.7252    6.04130    6.23617         13 0.0000e+00
      28258   1177.368    661.000     4.0510   3.281982     4.0508   3.283302      96.43     0.0163     2.7052     2.4299  1.9751722  1.1307355   47.89934  -46.06124    34.9076    34.9235     4.0020     4.0017    27.7126    27.7253    6.04518    6.24073         15 0.0000e+00
      28274   1178.025    662.000     4.0510   3.282036     4.0507   3.283348      69.51     0.0171     2.7052     2.4297  1.9753596  1.1307893   47.89934  -46.06124    34.9077    34.9236     4.0019     4.0016    27.7127    27.7254    6.04639    6.23399         17 0.0000e+00
      28306   1179.391    663.000     4.0509   3.282055     4.0507   3.283364      78.07     0.0154     2.7047     2.4292  1.9748870  1.1306857   47.89934  -46.06124    34.9076    34.9233     4.0017     4.0015    27.7126    27.7252    6.04209    6.23008         50 0.0000e+00
      28358   1181.558    664.000     4.0510   3.282112     4.0508   3.283419      90.57     0.0140     2.7038     2.4286  1.9747961  1.1306447   47.89934  -46.06124    34.9077    34.9233     4.0017     4.0015    27.7127    27.7252    6.03924    6.22913         25 0.0000e+00
      28375   1182.257    665.000     4.0505   3.282114     4.0501   3.283431      75.40     0.0157     2.7030     2.4284  1.9745023  1.1306472   47.89934  -46.06124    34.9077    34.9236     4.0011     4.0008    27.7128    27.7255    6.04125    6.23290         16 0.0000e+00
      28390   1182.856    666.000     4.0501   3.282131     4.0498   3.283439      96.38     0.0186     2.7036     2.4286  1.9748831  1.1314338   47.89934  -46.06124    34.9077    34.9236     4.0007     4.0004    27.7129    27.7255    6.04609    6.23256         14 0.0000e+00
      28403   1183.401    667.000     4.0491   3.282070     4.0490   3.283399      96.78     0.0131     2.7032     2.4286  1.9752862  1.1318556   47.89934  -46.06124    34.9076    34.9235     3.9996     3.9994    27.7129    27.7255    6.04959    6.22712         13 0.0000e+00
      28416   1183.945    668.000     4.0480   3.282007     4.0477   3.283328      96.51     0.0116     2.7035     2.4276  1.9751148  1.1318681   47.89934  -46.06124    34.9076    34.9235     3.9984     3.9981    27.7129    27.7256    6.04998    6.22282         13 0.0000e+00
      28430   1184.541    669.000     4.0477   3.282022     4.0474   3.283346      85.74     0.0124     2.7033     2.4274  1.9751953  1.1316472   47.89934  -46.06124    34.9075    34.9234     3.9980     3.9978    27.7129    27.7256    6.04782    6.22426         16 0.0000e+00
      28451   1185.414    670.000     4.0476   3.282058     4.0473   3.283368      62.70     0.0120     2.7033     2.4269  1.9770914  1.1307582   47.89934  -46.06124    34.9074    34.9232     3.9979     3.9976    27.7129    27.7255    6.04354    6.22573         30 0.0000e+00
      28492   1187.128    671.000     4.0477   3.282105     4.0473   3.283399      76.77     0.0135     2.7022     2.4262  1.9761168  1.1306472   47.89934  -46.06124    34.9074    34.9231     3.9978     3.9975    27.7129    27.7254    6.04258    6.22229         36 0.0000e+00
      28513   1188.010    672.000     4.0475   3.282144     4.0469   3.283422      65.63     0.0097     2.7024     2.4249  1.9752109  1.1306472   47.89934  -46.06124    34.9075    34.9233     3.9977     3.9970    27.7130    27.7256    6.03888    6.21373         17 0.0000e+00
      28529   1188.648    673.000     4.0473   3.282165     4.0464   3.283430      95.79     0.0112     2.7012     2.4247  1.9750562  1.1306472   47.89934  -46.06124    34.9075    34.9234     3.9973     3.9964    27.7130    27.7258    6.03509    6.21915         14 0.0000e+00
      28542   1189.225    674.000     4.0465   3.282154     4.0461   3.283463      79.59     0.0099     2.7013     2.4242  1.9755759  1.1309068   47.89934  -46.06124    34.9077    34.9236     3.9964     3.9961    27.7133    27.7259    6.04352    6.22269         14 0.0000e+00
      28556   1189.803    675.000     4.0464   3.282207     4.0461   3.283510      96.04     0.0090     2.7009     2.4241  1.9748938  1.1308230   47.89934  -46.06124    34.9079    34.9237     3.9963     3.9959    27.7134    27.7260    6.04091    6.22632         14 0.0000e+00
      28572   1190.443    676.000     4.0459   3.282197     4.0455   3.283494      89.99     0.0108     2.7007     2.4241  1.9756335  1.1307214   47.89934  -46.06124    34.9078    34.9235     3.9957     3.9953    27.7134    27.7260    6.03820    6.22980         17 0.0000e+00
      28599   1191.567    677.000     4.0452   3.282164     4.0448   3.283452      88.26     0.0133     2.7002     2.4245  1.9777949  1.1306593   47.89934  -46.06124    34.9076    34.9233     3.9950     3.9945    27.7133    27.7259    6.04225    6.23313         47 0.0000e+00
      28652   1193.775    678.000     4.0440   3.282089     4.0447   3.283468      83.23     0.0107     2.7001     2.4240  1.9789563  1.1306050   47.89934  -46.06124    34.9074    34.9231     3.9937     3.9943    27.7134    27.7257    6.05005    6.22054         34 0.0000e+00
      28671   1194.565    679.000     4.0416   3.281914     4.0414   3.283224      90.56     0.0148     2.7002     2.4234  1.9784442  1.1306480   47.89934  -46.06124    34.9075    34.9231     3.9912     3.9910    27.7136    27.7261    6.04756    6.22714         17 0.0000e+00
      28686   1195.215    680.000     4.0385   3.281663     4.0384   3.282985      96.84     0.0159     2.6998     2.4235  1.9780177  1.1311405   47.89934  -46.06124    34.9072    34.9229     3.9880     3.9879    27.7138    27.7263    6.04658    6.23421         15 0.0000e+00
      28700   1195.784    681.000     4.0365   3.281505     4.0362   3.282806      96.78     0.0165     2.7001     2.4237  1.9780220  1.1309317   47.89934  -46.06124    34.9070    34.9227     3.9859     3.9856    27.7138    27.7263    6.05256    6.23834         13 0.0000e+00
      28713   1196.325    682.000     4.0350   3.281405     4.0348   3.282730      96.83     0.0171     2.7004     2.4239  1.9781144  1.1306517   47.89934  -46.06124    34.9068    34.9227     3.9844     3.9841    27.7138    27.7265    6.05635    6.24278         13 0.0000e+00
      28726   1196.866    683.000     4.0338   3.281324     4.0336   3.282649      36.50     0.0151     2.7002     2.4242  1.9787629  1.1308320   47.89934  -46.06124    34.9066    34.9225     3.9831     3.9829    27.7138    27.7265    6.05706    6.24634         13 0.0000e+00
      28740   1197.452    684.000     4.0322   3.281200     4.0319   3.282528      78.71     0.0130     2.7009     2.4247  1.9789963  1.1304883   47.89934  -46.06124    34.9063    34.9223     3.9814     3.9812    27.7138    27.7265    6.05956    6.24833         15 0.0000e+00
      28757   1198.174    685.000     4.0305   3.281080     4.0303   3.282400      95.98     0.0140     2.7005     2.4249  1.9790099  1.1304733   47.89934  -46.06124    34.9062    34.9220     3.9797     3.9813    27.7138    27.7264    6.05314    6.24633         21 0.0000e+00
      28790   1199.527    686.000     4.0283   3.280910     4.0284   3.282244      84.31     0.0107     2.7008     2.4256  1.9780884  1.1293647   47.89935  -46.06122    34.9059    34.9217     3.9774     3.9775    27.7139    27.7264    6.06230    6.25338         45 0.0000e+00
      28830   1201.223    687.000     4.0260   3.280733     4.0256   3.282024      92.28     0.0104     2.7017     2.4275  1.9785918  1.1289407   47.89935  -46.06124    34.9058    34.9215     3.9750     3.9746    27.7140    27.7265    6.08571    6.28115         31 0.0000e+00
      28856   1202.305    688.000     4.0223   3.280404     4.0222   3.281734      76.93     0.0159     2.7054     2.4299  1.9787674  1.1290557   47.89934  -46.06124    34.9053    34.9211     3.9712     3.9711    27.7140    27.7266    6.11582    6.28942         23 0.0000e+00
      28878   1203.190    689.000     4.0193   3.280164     4.0188   3.281448      43.99     0.0163     2.7076     2.4316  1.9793669  1.1294273   47.89934  -46.06124    34.9051    34.9208     3.9682     3.9677    27.7142    27.7267    6.12102    6.29674         20 0.0000e+00
      28896   1203.945    690.000     4.0171   3.279990     4.0168   3.281298      96.81     0.0156     2.7104     2.4333  1.9793187  1.1294261   47.89936  -46.06124    34.9049    34.9207     3.9659     3.9656    27.7142    27.7268    6.12665    6.29607         16 0.0000e+00
      28911   1204.586    691.000     4.0159   3.279924     4.0155   3.281227      96.61     0.0162     2.7115     2.4338  1.9792426  1.1290990   47.89936  -46.06124    34.9049    34.9207     3.9646     3.9642    27.7143    27.7270    6.11588    6.28649         15 0.0000e+00
      28925   1205.149    692.000     4.0149   3.279873     4.0144   3.281161      96.63     0.0159     2.7122     2.4341  1.9795501  1.1281995   47.89936  -46.06124    34.9047    34.9205     3.9636     3.9631    27.7143    27.7269    6.11657    6.28437         12 0.0000e+00
      28937   1205.671    693.000     4.0079   3.279191     4.0079   3.280525      96.64     0.0156     2.7131     2.4340  1.9792407  1.1282052   47.89936  -46.06124    34.9035    34.9193     3.9566     3.9566    27.7141    27.7267    6.11501    6.28770         13 0.0000e+00
      28949   1206.178    694.000     3.9976   3.278192     3.9985   3.279635      96.29     0.0154     2.7135     2.4345  1.9792429  1.1282052   47.89936  -46.06124    34.9021    34.9182     3.9463     3.9472    27.7140    27.7268    6.11792    6.29425         12 0.0000e+00
      28962   1206.706    695.000     3.9850   3.276982     3.9850   3.278327      75.72     0.0151     2.7132     2.4346  1.9792429  1.1276445   47.89936  -46.06124    34.9006    34.9165     3.9336     3.9337    27.7142    27.7268    6.11385    6.29642         13 0.0000e+00
