data/CTD/2013/CNV/D021A035.CNV
* Sea-Bird SBE 9 Data File:
* FileName = C:\CTD_ACQUISITION\2013021HUD\ctddata\021A035.hdr
* Software Version Seasave V 7.22.2
* Temperature SN = 5081
* Conductivity SN = 3561
* Number of Bytes Per Scan = 37
* Number of Voltage Words = 4
* Number of Scans Averaged by the Deck Unit = 1
* NMEA Latitude = 48 16.30 N
* NMEA Longitude = 046 30.22 W
* NMEA UTC (Time) = Jul 03 2013 15:36:29
* NMEA baud rate = 9600
** Ship: Hudson
** Cruise: HUD2013021
** Chief_Scientist: Greenan
** Organization: BIO
** Area_of_Operation: Sackville Spur
** Station: 35
** Sounding:  860
** Event_Comments: SS12  393163
# nquan = 25
# nvalues = 864                         
# units = specified
# name 0 = scan: Scan Count
# name 1 = timeS: Time, Elapsed [seconds]
# name 2 = prDM: Pressure, Digiquartz [db]
# name 3 = t068C: Temperature [ITS-68, deg C]
# name 4 = c0S/m: Conductivity [S/m]
# name 5 = t168C: Temperature, 2 [ITS-68, deg C]
# name 6 = c1S/m: Conductivity, 2 [S/m]
# name 7 = altM: Altimeter [m]
# name 8 = flCUVA: Fluorescence, Chelsea UV Aquatracka [ug/l]
# name 9 = sbeox0V: Oxygen raw, SBE 43 [V]
# name 10 = sbeox1V: Oxygen raw, SBE 43, 2 [V]
# name 11 = upoly0: Upoly 0, Optode 4330F - O2 D-Phase
# name 12 = upoly1: Upoly 1, Optode 4330F - O2 Temp
# name 13 = latitude: Latitude [deg]
# name 14 = longitude: Longitude [deg]
# name 15 = sal00: Salinity, Practical [PSU]
# name 16 = sal11: Salinity, Practical, 2 [PSU]
# name 17 = potemp068C: Potential Temperature [ITS-68, deg C]
# name 18 = potemp168C: Potential Temperature, 2 [ITS-68, deg C]
# name 19 = sigma-é00: Density [sigma-theta, Kg/m^3]
# name 20 = sigma-é11: Density, 2 [sigma-theta, Kg/m^3]
# name 21 = sbeox0ML/L: Oxygen, SBE 43 [ml/l], WS = 2
# name 22 = sbeox1ML/L: Oxygen, SBE 43, 2 [ml/l], WS = 2
# name 23 = nbin: number of scans per bin
# name 24 = flag: flag
# span 0 =      11067,      34603       
# span 1 =    461.069,   1441.759       
# span 2 =      3.000,    866.000       
# span 3 =    -0.1289,     5.8227       
# span 4 =   2.768265,   3.279425       
# span 5 =    -0.1290,     5.8203       
# span 6 =   2.769400,   3.280769       
# span 7 =       4.23,      99.43       
# span 8 =     0.0096,     0.0895       
# span 9 =     2.6166,     3.3655       
# span 10 =     2.3507,     3.0152      
# span 11 =  1.7274394,  2.0073443      
# span 12 =  0.6326419,  1.3536277      
# span 13 =   48.26882,   48.27082      
# span 14 =  -46.50344,  -46.50260      
# span 15 =    32.6319,    34.9102      
# span 16 =    32.6474,    34.9266      
# span 17 =    -0.1304,     5.8222      
# span 18 =    -0.1304,     5.8198      
# span 19 =    25.7042,    27.7454      
# span 20 =    25.7159,    27.7585      
# span 21 =    5.97923,    7.69938      
# span 22 =    6.17160,    7.80798      
# span 23 =         13,        107      
# span 24 = 0.0000e+00, 0.0000e+00      
# interval = decibars: 1                
# start_time = Jul 03 2013 15:36:29 [NMEA time, header]
# bad_flag = -9.990e-29
*END*
[from data line 116]
      16395    683.087    119.000     1.9813   3.012451     1.9806   3.013646      88.94     0.0176     2.8487     2.5664  1.9930881  0.8490775   48.27044  -46.50328    34.1334    34.1490     1.9751     1.9745    27.2794    27.2918    6.39870    6.57940         33 0.0000e+00
      16429    684.500    120.000     1.9862   3.013071     1.9867   3.014387      84.36     0.0196     2.8477     2.5640  1.9960760  0.8555194   48.27044  -46.50328    34.1351    34.1511     1.9800     1.9805    27.2803    27.2931    6.39927    6.58077         31 0.0000e+00
      16455    685.599    121.000     1.9877   3.013267     1.9875   3.014511      97.50     0.0226     2.8462     2.5628  1.9976096  0.8585779   48.27042  -46.50328    34.1355    34.1513     1.9814     1.9812    27.2805    27.2932    6.39428    6.59138         22 0.0000e+00
      16475    686.397    122.000     1.9949   3.014183     1.9942   3.015361      97.09     0.0247     2.8455     2.5626  1.9975580  0.8600567   48.27042  -46.50326    34.1386    34.1542     1.9886     1.9878    27.2824    27.2950    6.40186    6.59145         17 0.0000e+00
      16491    687.069    123.000     2.0062   3.015655     2.0049   3.016787      97.08     0.0216     2.8456     2.5625  1.9975580  0.8608130   48.27042  -46.50326    34.1443    34.1599     1.9998     1.9985    27.2862    27.2987    6.40715    6.58156         16 0.0000e+00
      16506    687.703    124.000     2.0152   3.016791     2.0146   3.018003      73.47     0.0216     2.8461     2.5615  1.9975580  0.8608059   48.27042  -46.50326    34.1482    34.1641     2.0088     2.0081    27.2886    27.3013    6.41022    6.57351         15 0.0000e+00
      16522    688.369    125.000     2.0237   3.017888     2.0229   3.019080      94.55     0.0219     2.8464     2.5607  1.9983405  0.8631536   48.27042  -46.50326    34.1522    34.1681     2.0172     2.0163    27.2911    27.3039    6.40968    6.57779         17 0.0000e+00
      16547    689.399    126.000     2.0289   3.018578     2.0282   3.019775      72.76     0.0195     2.8467     2.5606  1.9987904  0.8644459   48.27042  -46.50328    34.1547    34.1704     2.0223     2.0216    27.2927    27.3054    6.40866    6.58607         38 0.0000e+00
      16609    691.982    127.000     2.0319   3.019017     2.0283   3.019844      88.90     0.0189     2.8475     2.5609  2.0006795  0.8704136   48.27042  -46.50328    34.1564    34.1706     2.0253     2.0217    27.2939    27.3055    6.40922    6.58652         55 0.0000e+00
      16634    693.025    128.000     2.0377   3.019871     2.0369   3.021061      93.33     0.0168     2.8472     2.5606  2.0020852  0.8681149   48.27042  -46.50328    34.1603    34.1760     2.0310     2.0302    27.2965    27.3092    6.40453    6.58212         19 0.0000e+00
      16650    693.722    129.000     2.0432   3.020643     2.0428   3.021887      71.98     0.0192     2.8476     2.5604  2.0016072  0.8681319   48.27041  -46.50328    34.1635    34.1795     2.0364     2.0360    27.2987    27.3115    6.40709    6.58014         16 0.0000e+00
      16666    694.356    130.000     2.0490   3.021492     2.0482   3.022673      95.38     0.0207     2.8470     2.5599  2.0014691  0.8690009   48.27040  -46.50328    34.1673    34.1829     2.0422     2.0413    27.3012    27.3138    6.41096    6.58372         15 0.0000e+00
      16681    695.008    131.000     2.0570   3.022589     2.0563   3.023795      97.07     0.0210     2.8477     2.5605  2.0012259  0.8694210   48.27040  -46.50327    34.1718    34.1877     2.0501     2.0494    27.3042    27.3170    6.42565    6.59982         16 0.0000e+00
      16699    695.744    132.000     2.0616   3.023233     2.0607   3.024421      97.09     0.0209     2.8495     2.5617  2.0012209  0.8694173   48.27040  -46.50326    34.1743    34.1901     2.0546     2.0538    27.3059    27.3186    6.43963    6.61242         19 0.0000e+00
      16720    696.621    133.000     2.0826   3.026023     2.0794   3.026872      78.92     0.0195     2.8515     2.5634  2.0011153  0.8735815   48.27040  -46.50326    34.1860    34.2004     2.0756     2.0731    27.3136    27.3254    6.43758    6.61533         23 0.0000e+00
      16745    697.653    134.000     2.0968   3.027887     2.0950   3.028937      96.84     0.0199     2.8531     2.5650  2.0012195  0.8742287   48.27040  -46.50327    34.1935    34.2085     2.0897     2.0879    27.3185    27.3307    6.43973    6.61474         27 0.0000e+00
      16772    698.796    135.000     2.1088   3.029471     2.1080   3.030650      97.09     0.0172     2.8558     2.5670  2.0022523  0.8765574   48.27040  -46.50328    34.1997    34.2153     2.1016     2.1008    27.3225    27.3351    6.44704    6.61586         28 0.0000e+00
      16803    700.085    136.000     2.1191   3.030805     2.1181   3.031967      79.59     0.0189     2.8568     2.5678  2.0019236  0.8780125   48.27040  -46.50328    34.2047    34.2203     2.1119     2.1109    27.3257    27.3383    6.42329    6.60216         33 0.0000e+00
      16835    701.403    137.000     2.1511   3.034938     2.1459   3.035573      78.45     0.0220     2.8557     2.5677  2.0012057  0.8803924   48.27040  -46.50328    34.2213    34.2348     2.1437     2.1385    27.3365    27.3477    6.38607    6.57906         29 0.0000e+00
      16860    702.445    138.000     2.2059   3.041954     2.2026   3.042800      83.29     0.0191     2.8518     2.5652  2.0012209  0.8819625   48.27040  -46.50328    34.2491    34.2633     2.1985     2.1951    27.3543    27.3660    6.33714    6.52992         22 0.0000e+00
      16879    703.261    139.000     2.2290   3.044916     2.2266   3.045881      89.76     0.0231     2.8480     2.5618  2.0012209  0.8827742   48.27040  -46.50328    34.2606    34.2752     2.2215     2.2190    27.3617    27.3736    6.31035    6.50473         18 0.0000e+00
      16897    703.982    140.000     2.2703   3.050045     2.2651   3.050710      96.91     0.0255     2.8430     2.5589  2.0008709  0.8834140   48.27038  -46.50328    34.2793    34.2932     2.2627     2.2575    27.3733    27.3849    6.29109    6.49049         17 0.0000e+00
      16914    704.713    141.000     2.2878   3.052132     2.2867   3.053257      97.09     0.0216     2.8402     2.5558  1.9988256  0.8889656   48.27038  -46.50328    34.2859    34.3011     2.2801     2.2790    27.3772    27.3894    6.29157    6.48451         18 0.0000e+00
      16935    705.583    142.000     2.3260   3.056698     2.3206   3.057352      79.10     0.0165     2.8363     2.5534  1.9987789  0.8890924   48.27038  -46.50327    34.3010    34.3149     2.3181     2.3128    27.3861    27.3977    6.27997    6.47874         24 0.0000e+00
      16963    706.753    143.000     2.3878   3.064094     2.3816   3.064617      97.06     0.0147     2.8325     2.5502  1.9969221  0.8983302   48.27038  -46.50327    34.3257    34.3388     2.3798     2.3737    27.4008    27.4118    6.27462    6.46809         31 0.0000e+00
      16991    707.934    144.000     2.4403   3.070332     2.4363   3.071116      92.53     0.0178     2.8297     2.5474  1.9963282  0.9009421   48.27038  -46.50328    34.3459    34.3599     2.4322     2.4282    27.4126    27.4241    6.25304    6.43860         25 0.0000e+00
      17013    708.854    145.000     2.4491   3.071364     2.4485   3.072546      33.51     0.0201     2.8267     2.5442  1.9951164  0.9072018   48.27038  -46.50328    34.3487    34.3640     2.4409     2.4403    27.4141    27.4264    6.23261    6.40858         20 0.0000e+00
      17034    709.698    146.000     2.4534   3.071866     2.4536   3.073156      96.31     0.0196     2.8229     2.5399  1.9951160  0.9072039   48.27038  -46.50328    34.3497    34.3655     2.4452     2.4453    27.4146    27.4272    6.21369    6.40090         21 0.0000e+00
      17058    710.705    147.000     2.4563   3.072188     2.4550   3.073354      97.08     0.0207     2.8184     2.5372  1.9961804  0.9148677   48.27038  -46.50328    34.3503    34.3659     2.4480     2.4467    27.4148    27.4273    6.21080    6.41040         28 0.0000e+00
      17089    711.996    148.000     2.4721   3.074047     2.4683   3.074896      81.84     0.0154     2.8147     2.5340  1.9967062  0.9171927   48.27038  -46.50328    34.3554    34.3700     2.4638     2.4600    27.4176    27.4295    6.21236    6.40837         31 0.0000e+00
      17116    713.136    149.000     2.4988   3.077161     2.4947   3.077962      97.50     0.0179     2.8120     2.5324  1.9975820  0.9207320   48.27038  -46.50328    34.3647    34.3791     2.4903     2.4862    27.4228    27.4346    6.21562    6.40548         24 0.0000e+00
      17137    714.013    150.000     2.5466   3.082809     2.5417   3.083521      97.09     0.0182     2.8119     2.5311  1.9979491  0.9209609   48.27036  -46.50328    34.3825    34.3966     2.5380     2.5331    27.4329    27.4446    6.21358    6.39727         19 0.0000e+00
      17157    714.814    151.000     2.5647   3.084977     2.5656   3.086353      73.74     0.0192     2.8106     2.5304  1.9993919  0.9228359   48.27036  -46.50328    34.3893    34.4053     2.5560     2.5569    27.4368    27.4496    6.20904    6.39002         20 0.0000e+00
      17177    715.668    152.000     2.5723   3.085907     2.5719   3.087127      96.58     0.0227     2.8109     2.5292  1.9996066  0.9229087   48.27036  -46.50328    34.3920    34.4075     2.5636     2.5631    27.4383    27.4508    6.21163    6.39140         22 0.0000e+00
      17201    716.676    153.000     2.5729   3.085998     2.5725   3.087221      97.09     0.0230     2.8099     2.5289  1.9988347  0.9305044   48.27036  -46.50328    34.3920    34.4076     2.5641     2.5637    27.4383    27.4508    6.21350    6.40266         26 0.0000e+00
      17229    717.832    154.000     2.5748   3.086251     2.5749   3.087560      79.85     0.0212     2.8108     2.5294  1.9992219  0.9320416   48.27036  -46.50328    34.3925    34.4085     2.5659     2.5660    27.4385    27.4513    6.22671    6.41303         28 0.0000e+00
      17256    718.974    155.000     2.5797   3.086869     2.5787   3.088044      84.66     0.0223     2.8117     2.5304  2.0021660  0.9353324   48.27036  -46.50328    34.3943    34.4098     2.5707     2.5698    27.4396    27.4521    6.23621    6.40657         27 0.0000e+00
      17283    720.073    156.000     2.5864   3.087708     2.5883   3.089213      76.26     0.0198     2.8134     2.5293  2.0027769  0.9356661   48.27036  -46.50328    34.3968    34.4133     2.5774     2.5793    27.4410    27.4541    6.23803    6.39577         26 0.0000e+00
      17308    721.134    157.000     2.5891   3.088053     2.5895   3.089417      82.48     0.0231     2.8144     2.5297  2.0033259  0.9365152   48.27036  -46.50328    34.3976    34.4140     2.5801     2.5805    27.4414    27.4545    6.23802    6.41619         25 0.0000e+00
      17331    722.078    158.000     2.6017   3.089619     2.6004   3.090790      97.32     0.0206     2.8146     2.5305  2.0038550  0.9370667   48.27036  -46.50328    34.4029    34.4186     2.5926     2.5918    27.4446    27.4572    6.23283    6.41420         20 0.0000e+00
      17350    722.875    159.000     2.6068   3.090286     2.6065   3.091544      97.07     0.0196     2.8157     2.5312  2.0049114  0.9390000   48.27036  -46.50328    34.4051    34.4209     2.5976     2.5973    27.4459    27.4586    6.23871    6.41921         18 0.0000e+00
      17367    723.565    160.000     2.6077   3.090434     2.6074   3.091702      75.76     0.0166     2.8158     2.5317  2.0048840  0.9389499   48.27036  -46.50328    34.4054    34.4213     2.5984     2.5981    27.4461    27.4588    6.23633    6.43158         16 0.0000e+00
      17382    724.205    161.000     2.6064   3.090316     2.6062   3.091600      87.05     0.0173     2.8162     2.5332  2.0052080  0.9399217   48.27034  -46.50328    34.4047    34.4208     2.5971     2.5969    27.4456    27.4585    6.24811    6.44715         15 0.0000e+00
      17398    724.864    162.000     2.6105   3.090879     2.6083   3.091918      96.91     0.0142     2.8171     2.5348  2.0055251  0.9413679   48.27034  -46.50328    34.4067    34.4218     2.6011     2.5989    27.4469    27.4592    6.26841    6.45762         17 0.0000e+00
      17421    725.815    163.000     2.6205   3.092138     2.6200   3.093372      93.13     0.0136     2.8211     2.5377  2.0054352  0.9419636   48.27034  -46.50328    34.4109    34.4267     2.6111     2.6108    27.4493    27.4620    6.29678    6.47758         34 0.0000e+00
      17498    729.062    164.000     2.6172   3.091799     2.6165   3.093046      88.40     0.0158     2.8392     2.5535  2.0069308  0.9452833   48.27034  -46.50328    34.4097    34.4258     2.6077     2.6073    27.4487    27.4616    6.36554    6.53657         40 0.0000e+00
      17519    729.934    165.000     2.6272   3.093041     2.6275   3.094407      68.06     0.0139     2.8429     2.5563  2.0073442  0.9449865   48.27034  -46.50328    34.4138    34.4302     2.6176     2.6179    27.4511    27.4642    6.36925    6.54077         16 0.0000e+00
      17533    730.519    166.000     2.6322   3.093723     2.6324   3.095081      85.82     0.0151     2.8467     2.5590  2.0073261  0.9438947   48.27034  -46.50328    34.4162    34.4327     2.6225     2.6227    27.4526    27.4658    6.37862    6.55025         13 0.0000e+00
      17546    731.042    167.000     2.6437   3.095306     2.6413   3.096360      97.09     0.0175     2.8489     2.5610  2.0073261  0.9438338   48.27034  -46.50328    34.4228    34.4383     2.6340     2.6316    27.4569    27.4695    6.37357    6.55979         13 0.0000e+00
      17559    731.565    168.000     2.6703   3.098714     2.6675   3.099751      97.04     0.0180     2.8502     2.5634  2.0073261  0.9438339   48.27034  -46.50328    34.4356    34.4513     2.6604     2.6577    27.4649    27.4777    6.36613    6.56118         13 0.0000e+00
      17572    732.143    169.000     2.6951   3.101778     2.6938   3.102955      95.65     0.0201     2.8530     2.5659  2.0061553  0.9450830   48.27034  -46.50328    34.4461    34.4620     2.6852     2.6839    27.4711    27.4839    6.36731    6.56447         15 0.0000e+00
      17591    732.907    170.000     2.7034   3.102827     2.7024   3.104005      76.99     0.0215     2.8549     2.5688  2.0039220  0.9473427   48.27034  -46.50328    34.4495    34.4651     2.6934     2.6924    27.4731    27.4856    6.37022    6.55873         23 0.0000e+00
      17619    734.097    171.000     2.7108   3.103767     2.7099   3.104957      96.90     0.0203     2.8586     2.5717  2.0020332  0.9502271   48.27034  -46.50328    34.4525    34.4682     2.7008     2.6998    27.4749    27.4875    6.37292    6.55510         32 0.0000e+00
      17649    735.346    172.000     2.7115   3.103965     2.7113   3.105256      83.56     0.0174     2.8612     2.5746  1.9993862  0.9548683   48.27032  -46.50328    34.4537    34.4698     2.7014     2.7012    27.4757    27.4886    6.37392    6.56681         27 0.0000e+00
      17674    736.381    173.000     2.7204   3.105113     2.7197   3.106346      90.27     0.0251     2.8631     2.5769  1.9977845  0.9560770   48.27032  -46.50328    34.4577    34.4736     2.7102     2.7095    27.4782    27.4910    6.37456    6.56601         24 0.0000e+00
      17706    737.691    174.000     2.7355   3.106955     2.7352   3.108235      76.17     0.0230     2.8648     2.5785  1.9960283  0.9569864   48.27032  -46.50328    34.4635    34.4796     2.7252     2.7249    27.4815    27.4943    6.37258    6.55829         41 0.0000e+00
      17748    739.455    175.000     2.7432   3.107915     2.7428   3.109172      86.08     0.0208     2.8672     2.5798  1.9923750  0.9585800   48.27032  -46.50328    34.4666    34.4824     2.7328     2.7324    27.4833    27.4959    6.37962    6.55249         34 0.0000e+00
