data/CTD/2013/CNV/D021A004.CNV
* Sea-Bird SBE 9 Data File:
* FileName = C:\CTD_ACQUISITION\2013021HUD\ctddata\021A004.hdr
* Software Version Seasave V 7.22.2
* Temperature SN = 5081
* Conductivity SN = 3561
* Number of Bytes Per Scan = 37
* Number of Voltage Words = 4
* Number of Scans Averaged by the Deck Unit = 1
* NMEA Latitude = 47 06.01 N
* NMEA Longitude = 047 16.83 W
* NMEA UTC (Time) = Jul 01 2013 09:01:01
* NMEA baud rate = 9600
** Ship: Hudson
** Cruise: HUD2013021
** Chief_Scientist: Greenan
** Organization: BIO
** Area_of_Operation: Sackville Spur
** Station: 4
** Sounding:  410
** Event_Comments: M1842    393105
# nquan = 25
# nvalues = 409                         
# units = specified
# name 0 = scan: Scan Count
# name 1 = timeS: Time, Elapsed [seconds]
# name 2 = prDM: Pressure, Digiquartz [db]
# name 3 = t068C: Temperature [ITS-68, deg C]
# name 4 = c0S/m: Conductivity [S/m]
# name 5 = t168C: Temperature, 2 [ITS-68, deg C]
# name 6 = c1S/m: Conductivity, 2 [S/m]
# name 7 = altM: Altimeter [m]
# name 8 = flCUVA: Fluorescence, Chelsea UV Aquatracka [ug/l]
# name 9 = sbeox0V: Oxygen raw, SBE 43 [V]
# name 10 = sbeox1V: Oxygen raw, SBE 43, 2 [V]
# name 11 = upoly0: Upoly 0, Optode 4330F - O2 D-Phase
# name 12 = upoly1: Upoly 1, Optode 4330F - O2 Temp
# name 13 = latitude: Latitude [deg]
# name 14 = longitude: Longitude [deg]
# name 15 = sal00: Salinity, Practical [PSU]
# name 16 = sal11: Salinity, Practical, 2 [PSU]
# name 17 = potemp068C: Potential Temperature [ITS-68, deg C]
# name 18 = potemp168C: Potential Temperature, 2 [ITS-68, deg C]
# name 19 = sigma-é00: Density [sigma-theta, Kg/m^3]
# name 20 = sigma-é11: Density, 2 [sigma-theta, Kg/m^3]
# name 21 = sbeox0ML/L: Oxygen, SBE 43 [ml/l], WS = 2
# name 22 = sbeox1ML/L: Oxygen, SBE 43, 2 [ml/l], WS = 2
# name 23 = nbin: number of scans per bin
# name 24 = flag: flag
# span 0 =       6700,      23124       
# span 1 =    279.118,    963.454       
# span 2 =      3.000,    411.000       
# span 3 =    -0.6922,     6.1852       
# span 4 =   2.700426,   3.227503       
# span 5 =    -0.6928,     6.1852       
# span 6 =   2.701417,   3.228751       
# span 7 =      -8.07,      98.78       
# span 8 =     0.0130,     0.1101       
# span 9 =     2.7410,     3.4489       
# span 10 =     2.4301,     3.0133      
# span 11 =  1.7125368,  2.0671682      
# span 12 =  0.5610160,  1.4090872      
# span 13 =   47.09941,   47.09998      
# span 14 =  -47.27948,  -47.27844      
# span 15 =    32.4656,    34.7316      
# span 16 =    32.4797,    34.7469      
# span 17 =    -0.6936,     6.1848      
# span 18 =    -0.6941,     6.1848      
# span 19 =    25.5279,    27.6139      
# span 20 =    25.5390,    27.6261      
# span 21 =    6.05199,    8.27367      
# span 22 =    6.16320,    7.87678      
# span 23 =         14,        119      
# span 24 = 0.0000e+00, 0.0000e+00      
# interval = decibars: 1                
# start_time = Jul 01 2013 09:01:01 [NMEA time, header]
# bad_flag = -9.990e-29
*END*
[from data line 348]
      20160    839.939    351.000     3.4082   3.190313     3.4081   3.191574      67.57     0.0247     2.9127     2.4768  2.0011652  1.0471189   47.09964  -47.27870    34.6610    34.6763     3.3849     3.3848    27.5783    27.5905    6.50281    6.24630         22 0.0000e+00
      20181    840.827    352.000     3.4090   3.190465     3.4085   3.191666      67.01     0.0243     2.9121     2.4766  1.9991183  1.0472813   47.09964  -47.27870    34.6614    34.6764     3.3856     3.3852    27.5786    27.5906    6.50306    6.24722         22 0.0000e+00
      20205    841.826    353.000     3.4072   3.190312     3.4071   3.191559      65.53     0.0244     2.9110     2.4766  1.9987867  1.0473359   47.09963  -47.27870    34.6609    34.6762     3.3838     3.3837    27.5783    27.5905    6.50207    6.24375         26 0.0000e+00
      20233    842.982    354.000     3.4069   3.190316     3.4072   3.191624      64.65     0.0283     2.9099     2.4756  1.9997844  1.0488000   47.09962  -47.27870    34.6607    34.6762     3.3835     3.3837    27.5782    27.5906    6.50034    6.23926         28 0.0000e+00
      20260    844.140    355.000     3.4089   3.190593     3.4096   3.191943      63.87     0.0260     2.9095     2.4753  1.9998195  1.0488406   47.09962  -47.27870    34.6614    34.6769     3.3854     3.3860    27.5786    27.5909    6.50846    6.24604         27 0.0000e+00
      20286    845.201    356.000     3.4080   3.190535     3.4089   3.191896      62.89     0.0216     2.9095     2.4755  2.0001566  1.0488915   47.09962  -47.27870    34.6611    34.6766     3.3844     3.3853    27.5785    27.5907    6.50243    6.24824         24 0.0000e+00
      20308    846.141    357.000     3.4099   3.190784     3.4093   3.191993      61.71     0.0222     2.9081     2.4753  1.9994063  1.0488392   47.09962  -47.27870    34.6615    34.6768     3.3862     3.3856    27.5786    27.5908    6.49247    6.24988         21 0.0000e+00
      20328    846.956    358.000     3.4091   3.190736     3.4092   3.192013      60.30     0.0257     2.9076     2.4756  1.9982041  1.0490963   47.09962  -47.27870    34.6614    34.6766     3.3853     3.3854    27.5785    27.5907    6.50047    6.25627         19 0.0000e+00
      20347    847.754    359.000     3.4098   3.190858     3.4098   3.192138      60.04     0.0251     2.9071     2.4761  1.9983485  1.0489051   47.09962  -47.27871    34.6615    34.6769     3.3859     3.3860    27.5786    27.5909    6.48791    6.25869         20 0.0000e+00
      20370    848.690    360.000     3.4102   3.190948     3.4108   3.192269      58.98     0.0208     2.9051     2.4766  1.9984913  1.0489777   47.09961  -47.27872    34.6616    34.6769     3.3863     3.3869    27.5786    27.5908    6.48522    6.26265         26 0.0000e+00
      20394    849.720    361.000     3.4115   3.191146     3.4135   3.192643      57.83     0.0206     2.9055     2.4773  1.9987707  1.0489988   47.09960  -47.27872    34.6620    34.6780     3.3876     3.3895    27.5789    27.5914    6.53945    6.26554         23 0.0000e+00
      20427    851.096    362.000     3.4142   3.191494     3.4172   3.193112      56.97     0.0184     2.9104     2.4784  1.9987789  1.0489001   47.09960  -47.27872    34.6629    34.6791     3.3901     3.3932    27.5793    27.5919    6.54595    6.27928         34 0.0000e+00
      20451    852.099    363.000     3.4175   3.191916     3.4178   3.193218      56.07     0.0204     2.9124     2.4801  1.9986684  1.0489509   47.09960  -47.27872    34.6639    34.6793     3.3934     3.3936    27.5798    27.5920    6.54544    6.29148         22 0.0000e+00
      20475    853.095    364.000     3.4178   3.192003     3.4178   3.193267      54.76     0.0228     2.9135     2.4823  1.9957058  1.0500513   47.09960  -47.27872    34.6641    34.6793     3.3936     3.3935    27.5799    27.5921    6.54070    6.30262         26 0.0000e+00
      20505    854.320    365.000     3.4183   3.192113     3.4183   3.193370      53.89     0.0241     2.9149     2.4847  1.9963025  1.0500611   47.09960  -47.27872    34.6643    34.6795     3.3941     3.3940    27.5800    27.5922    6.54530    6.30842         32 0.0000e+00
      20534    855.523    366.000     3.4299   3.193495     3.4289   3.194638      52.87     0.0252     2.9164     2.4871  1.9976325  1.0500611   47.09960  -47.27872    34.6676    34.6829     3.4056     3.4045    27.5816    27.5939    6.54759    6.31591         25 0.0000e+00
      20556    856.467    367.000     3.4518   3.196076     3.4484   3.196974      52.14     0.0222     2.9170     2.4889  1.9968532  1.0502372   47.09958  -47.27872    34.6752    34.6895     3.4273     3.4239    27.5855    27.5973    6.53188    6.31831         21 0.0000e+00
      20576    857.284    368.000     3.4555   3.196573     3.4547   3.197748      51.36     0.0214     2.9166     2.4906  1.9956414  1.0508268   47.09958  -47.27874    34.6767    34.6918     3.4309     3.4301    27.5864    27.5984    6.51809    6.32208         19 0.0000e+00
      20595    858.074    369.000     3.4672   3.198002     3.4672   3.199283      50.29     0.0206     2.9151     2.4919  1.9960110  1.0508323   47.09958  -47.27874    34.6810    34.6964     3.4425     3.4425    27.5886    27.6009    6.49568    6.32167         19 0.0000e+00
      20614    858.895    370.000     3.4736   3.198830     3.4732   3.200042      48.76     0.0231     2.9121     2.4932  1.9956491  1.0524030   47.09958  -47.27874    34.6836    34.6986     3.4488     3.4484    27.5901    27.6021    6.45569    6.32562         21 0.0000e+00
      20638    859.879    371.000     3.4770   3.199277     3.4765   3.200496      48.26     0.0239     2.9066     2.4947  1.9954838  1.0525010   47.09958  -47.27874    34.6848    34.7000     3.4521     3.4516    27.5908    27.6029    6.43653    6.32480         27 0.0000e+00
      20672    861.290    372.000     3.4867   3.200465     3.4873   3.201792      47.03     0.0217     2.8988     2.4957  1.9933839  1.0553705   47.09957  -47.27874    34.6882    34.7036     3.4617     3.4623    27.5926    27.6047    6.41315    6.31588         38 0.0000e+00
      20706    862.694    373.000     3.5004   3.202139     3.4998   3.203339      46.10     0.0197     2.8913     2.4961  1.9920183  1.0563513   47.09958  -47.27874    34.6933    34.7082     3.4754     3.4747    27.5952    27.6072    6.38506    6.31207         27 0.0000e+00
      20727    863.590    374.000     3.5082   3.203100     3.5089   3.204444      44.81     0.0194     2.8861     2.4956  1.9913193  1.0569415   47.09958  -47.27874    34.6960    34.7113     3.4830     3.4837    27.5967    27.6088    6.36130    6.30224         19 0.0000e+00
      20744    864.296    375.000     3.5068   3.202987     3.5086   3.204455      43.85     0.0195     2.8809     2.4955  1.9910442  1.0573080   47.09956  -47.27876    34.6955    34.7112     3.4815     3.4833    27.5964    27.6088    6.35231    6.30987         15 0.0000e+00
      20760    864.953    376.000     3.5071   3.203052     3.5080   3.204430      43.85     0.0186     2.8776     2.4958  1.9884942  1.0586388   47.09956  -47.27874    34.6954    34.7110     3.4818     3.4827    27.5963    27.6087    6.34648    6.31829         16 0.0000e+00
      20777    865.673    377.000     3.5096   3.203376     3.5091   3.204596      42.76     0.0202     2.8730     2.4961  1.9886429  1.0586680   47.09956  -47.27874    34.6962    34.7113     3.4842     3.4837    27.5967    27.6088    6.32075    6.32303         20 0.0000e+00
      20802    866.703    378.000     3.5110   3.203563     3.5107   3.204807      41.44     0.0203     2.8654     2.4970  1.9874139  1.0596646   47.09956  -47.27874    34.6964    34.7116     3.4855     3.4852    27.5967    27.6089    6.29858    6.32353         31 0.0000e+00
      20835    868.079    379.000     3.5123   3.203751     3.5127   3.205077      40.26     0.0204     2.8576     2.4973  1.9861413  1.0601566   47.09956  -47.27876    34.6967    34.7122     3.4867     3.4872    27.5969    27.6092    6.29818    6.31723         31 0.0000e+00
      20862    869.213    380.000     3.5151   3.204112     3.5147   3.205330      39.46     0.0165     2.8508     2.4973  1.9840808  1.0610704   47.09954  -47.27876    34.6975    34.7126     3.4895     3.4890    27.5972    27.6093    6.26748    6.31405         24 0.0000e+00
      20885    870.148    381.000     3.5147   3.204112     3.5144   3.205342      38.61     0.0147     2.8455     2.4967  1.9841269  1.0610501   47.09954  -47.27876    34.6973    34.7125     3.4891     3.4887    27.5971    27.6092    6.25954    6.30911         22 0.0000e+00
      20907    871.078    382.000     3.5152   3.204196     3.5153   3.205491      37.71     0.0130     2.8405     2.4961  1.9841269  1.0610501   47.09954  -47.27876    34.6974    34.7128     3.4894     3.4895    27.5971    27.6094    6.25623    6.30604         23 0.0000e+00
      20929    872.020    383.000     3.5161   3.204347     3.5158   3.205600      36.65     0.0169     2.8362     2.4954  1.9840161  1.0610501   47.09954  -47.27876    34.6978    34.7131     3.4902     3.4899    27.5974    27.6096    6.24025    6.30799         22 0.0000e+00
      20951    872.907    384.000     3.5158   3.204381     3.5158   3.205648      35.68     0.0209     2.8316     2.4950  1.9835507  1.0620277   47.09954  -47.27876    34.6978    34.7131     3.4899     3.4899    27.5975    27.6096    6.24047    6.31040         21 0.0000e+00
      20972    873.782    385.000     3.5181   3.204671     3.5181   3.205938      34.73     0.0210     2.8290     2.4951  1.9833730  1.0619235   47.09953  -47.27876    34.6983    34.7135     3.4921     3.4921    27.5976    27.6097    6.24693    6.32026         21 0.0000e+00
      20995    874.732    386.000     3.5232   3.205274     3.5224   3.206458      33.70     0.0212     2.8260     2.4958  1.9833639  1.0622723   47.09952  -47.27876    34.6996    34.7147     3.4972     3.4963    27.5981    27.6102    6.23166    6.33058         24 0.0000e+00
      21019    875.754    387.000     3.5241   3.205420     3.5241   3.206691      32.68     0.0213     2.8225     2.4971  1.9833945  1.0622711   47.09952  -47.27876    34.6998    34.7151     3.4980     3.4980    27.5983    27.6104    6.24214    6.34098         25 0.0000e+00
      21043    876.755    388.000     3.5258   3.205658     3.5248   3.206796      31.79     0.0193     2.8221     2.4990  1.9831140  1.0623212   47.09952  -47.27876    34.7004    34.7152     3.4996     3.4985    27.5985    27.6105    6.25689    6.35929         24 0.0000e+00
      21068    877.787    389.000     3.5248   3.205587     3.5237   3.206733      30.44     0.0148     2.8213     2.5014  1.9825444  1.0623182   47.09952  -47.27877    34.7000    34.7150     3.4985     3.4974    27.5984    27.6104    6.25008    6.36004         26 0.0000e+00
      21096    878.968    390.000     3.5303   3.206248     3.5344   3.207997      28.87     0.0154     2.8200     2.5029  1.9823782  1.0633600   47.09952  -47.27878    34.7017    34.7182     3.5039     3.5080    27.5991    27.6119    6.25159    6.35518         30 0.0000e+00
      21125    880.165    391.000     3.5464   3.208172     3.5434   3.209113      27.92     0.0155     2.8193     2.5041  1.9822463  1.0634941   47.09952  -47.27878    34.7070    34.7215     3.5199     3.5169    27.6018    27.6136    6.24393    6.34997         26 0.0000e+00
      21148    881.104    392.000     3.5664   3.210589     3.5632   3.211518      26.95     0.0163     2.8186     2.5040  1.9810742  1.0634921   47.09952  -47.27878    34.7142    34.7287     3.5398     3.5366    27.6056    27.6175    6.23787    6.34261         20 0.0000e+00
      21166    881.864    393.000     3.5754   3.211730     3.5756   3.213037      25.30     0.0188     2.8175     2.5044  1.9810390  1.0634921   47.09952  -47.27878    34.7178    34.7332     3.5487     3.5489    27.6075    27.6198    6.22964    6.34548         17 0.0000e+00
      21182    882.561    394.000     3.5771   3.212006     3.5772   3.213284      25.82     0.0198     2.8168     2.5048  1.9800084  1.0644058   47.09952  -47.27878    34.7187    34.7340     3.5503     3.5503    27.6082    27.6203    6.22851    6.34896         16 0.0000e+00
      21200    883.279    395.000     3.5799   3.212366     3.5798   3.213627      24.40     0.0218     2.8156     2.5051  1.9792563  1.0648971   47.09952  -47.27878    34.7195    34.7348     3.5530     3.5529    27.6085    27.6207    6.22043    6.35125         19 0.0000e+00
      21222    884.191    396.000     3.5823   3.212673     3.5815   3.213857      23.14     0.0213     2.8140     2.5055  1.9792429  1.0656217   47.09950  -47.27878    34.7202    34.7352     3.5553     3.5545    27.6088    27.6209    6.21701    6.34920         26 0.0000e+00
      21254    885.544    397.000     3.5823   3.212722     3.5819   3.213944      22.28     0.0213     2.8118     2.5055  1.9792429  1.0685973   47.09950  -47.27878    34.7202    34.7353     3.5553     3.5548    27.6088    27.6209    6.21033    6.33740         36 0.0000e+00
      21286    886.859    398.000     3.5958   3.214288     3.5979   3.215785      20.37     0.0220     2.8091     2.5040  1.9767064  1.0693413   47.09950  -47.27878    34.7241    34.7397     3.5686     3.5707    27.6106    27.6229    6.19626    6.32323         27 0.0000e+00
      21309    887.839    399.000     3.6002   3.214824     3.6039   3.216533      20.55     0.0227     2.8072     2.5027  1.9762167  1.0695986   47.09950  -47.27878    34.7253    34.7418     3.5729     3.5767    27.6112    27.6239    6.18859    6.31581         21 0.0000e+00
      21329    888.651    400.000     3.6055   3.215472     3.6055   3.216758      18.82     0.0241     2.8054     2.5014  1.9762585  1.0704167   47.09950  -47.27878    34.7269    34.7423     3.5781     3.5781    27.6119    27.6242    6.17930    6.31431         18 0.0000e+00
      21347    889.419    401.000     3.6060   3.215587     3.6063   3.216889      18.20     0.0241     2.8027     2.5007  1.9761580  1.0708190   47.09950  -47.27878    34.7272    34.7425     3.5786     3.5788    27.6121    27.6243    6.17930    6.31173         19 0.0000e+00
      21368    890.271    402.000     3.6066   3.215685     3.6066   3.216956      17.61     0.0253     2.8020     2.4993  1.9761637  1.0711291   47.09950  -47.27878    34.7272    34.7425     3.5791     3.5791    27.6121    27.6242    6.18613    6.30358         23 0.0000e+00
      21395    891.406    403.000     3.6139   3.216521     3.6148   3.217909      16.40     0.0209     2.8002     2.4974  1.9760927  1.0720309   47.09949  -47.27878    34.7289    34.7446     3.5863     3.5880    27.6127    27.6251    6.18077    6.30374         31 0.0000e+00
      21424    892.605    404.000     3.6221   3.217484     3.6226   3.218807      15.31     0.0207     2.7986     2.4963  1.9750228  1.0727358   47.09948  -47.27879    34.7312    34.7465     3.5944     3.5948    27.6137    27.6259    6.17701    6.30304         25 0.0000e+00
      21446    893.536    405.000     3.6229   3.217629     3.6232   3.218927      15.01     0.0251     2.7975     2.4956  1.9743630  1.0732569   47.09948  -47.27880    34.7316    34.7468     3.5951     3.5954    27.6139    27.6261    6.17745    6.30678         21 0.0000e+00
      21466    894.385    406.000     3.6233   3.217713     3.6237   3.219034      13.24     0.0252     2.7970     2.4954  1.9742987  1.0736818   47.09948  -47.27880    34.7316    34.7469     3.5955     3.5959    27.6139    27.6261    6.18004    6.30897         20 0.0000e+00
      21489    895.354    407.000     3.6242   3.217840     3.6241   3.219107      13.14     0.0212     2.7962     2.4948  1.9743576  1.0744642   47.09948  -47.27880    34.7316    34.7469     3.5963     3.5962    27.6138    27.6261    6.17787    6.30922         27 0.0000e+00
