data/CTD/2013/CNV/D021A039.CNV
* Sea-Bird SBE 9 Data File:
* FileName = C:\CTD_ACQUISITION\2013021HUD\ctddata\021A039.hdr
* Software Version Seasave V 7.22.2
* Temperature SN = 5081
* Conductivity SN = 3561
* Number of Bytes Per Scan = 37
* Number of Voltage Words = 4
* Number of Scans Averaged by the Deck Unit = 1
* NMEA Latitude = 48 26.55 N
* NMEA Longitude = 046 40.64 W
* NMEA UTC (Time) = Jul 03 2013 21:39:13
* NMEA baud rate = 9600
** Ship: Hudson
** Cruise: HUD2013021
** Chief_Scientist: Greenan
** Organization: BIO
** Area_of_Operation: Sackville Spur
** Station: 39
** Sounding:  2179
** Event_Comments: SS08  393178
# nquan = 25
# nvalues = 2159                        
# units = specified
# name 0 = scan: Scan Count
# name 1 = timeS: Time, Elapsed [seconds]
# name 2 = prDM: Pressure, Digiquartz [db]
# name 3 = t068C: Temperature [ITS-68, deg C]
# name 4 = c0S/m: Conductivity [S/m]
# name 5 = t168C: Temperature, 2 [ITS-68, deg C]
# name 6 = c1S/m: Conductivity, 2 [S/m]
# name 7 = altM: Altimeter [m]
# name 8 = flCUVA: Fluorescence, Chelsea UV Aquatracka [ug/l]
# name 9 = sbeox0V: Oxygen raw, SBE 43 [V]
# name 10 = sbeox1V: Oxygen raw, SBE 43, 2 [V]
# name 11 = upoly0: Upoly 0, Optode 4330F - O2 D-Phase
# name 12 = upoly1: Upoly 1, Optode 4330F - O2 Temp
# name 13 = latitude: Latitude [deg]
# name 14 = longitude: Longitude [deg]
# name 15 = sal00: Salinity, Practical [PSU]
# name 16 = sal11: Salinity, Practical, 2 [PSU]
# name 17 = potemp068C: Potential Temperature [ITS-68, deg C]
# name 18 = potemp168C: Potential Temperature, 2 [ITS-68, deg C]
# name 19 = sigma-é00: Density [sigma-theta, Kg/m^3]
# name 20 = sigma-é11: Density, 2 [sigma-theta, Kg/m^3]
# name 21 = sbeox0ML/L: Oxygen, SBE 43 [ml/l], WS = 2
# name 22 = sbeox1ML/L: Oxygen, SBE 43, 2 [ml/l], WS = 2
# name 23 = nbin: number of scans per bin
# name 24 = flag: flag
# span 0 =      13332,      63462       
# span 1 =    555.473,   2644.203       
# span 2 =      2.000,   2160.000       
# span 3 =     0.7730,     6.5291       
# span 4 =   2.872122,   3.288573       
# span 5 =     0.7758,     6.5284       
# span 6 =   2.873564,   3.289871       
# span 7 =       4.71,     103.76       
# span 8 =     0.0061,     0.6889       
# span 9 =     2.2534,     3.5601       
# span 10 =     2.0263,     3.1560      
# span 11 =  1.7118488,  2.0964874      
# span 12 =  0.7421770,  1.4444736      
# span 13 =   48.44260,   48.44472      
# span 14 =  -46.67596,  -46.66745      
# span 15 =    32.7759,    34.9222      
# span 16 =    32.7917,    34.9388      
# span 17 =     0.7709,     6.5289      
# span 18 =     0.7736,     6.5283      
# span 19 =    25.7613,    27.8496      
# span 20 =    25.7731,    27.8633      
# span 21 =    5.86064,    8.32230      
# span 22 =    6.08756,    8.38452      
# span 23 =         11,        105      
# span 24 = 0.0000e+00, 0.0000e+00      
# interval = decibars: 1                
# start_time = Jul 03 2013 21:39:13 [NMEA time, header]
# bad_flag = -9.990e-29
*END*
[from data line 1334]
      45801   1908.347   1336.000     3.6750   3.278531     3.6744   3.279890      53.53     0.0109     2.4665     2.2196  2.0391321  1.0830281   48.44374  -46.66944    34.9192    34.9359     3.5729     3.5723    27.7656    27.7790    5.89044    6.11338         20 0.0000e+00
      45821   1909.179   1337.000     3.6745   3.278539     3.6739   3.279890      95.83     0.0126     2.4670     2.2192  2.0394351  1.0830885   48.44374  -46.66944    34.9192    34.9358     3.5724     3.5718    27.7657    27.7791    5.90645    6.11591         20 0.0000e+00
      45841   1910.004   1338.000     3.6743   3.278564     3.6737   3.279910      96.25     0.0188     2.4670     2.2189  2.0391347  1.0830277   48.44373  -46.66944    34.9192    34.9358     3.5721     3.5714    27.7658    27.7791    5.90363    6.11739         19 0.0000e+00
      45861   1910.829   1339.000     3.6740   3.278579     3.6733   3.279921      96.27     0.0174     2.4673     2.2187  2.0393200  1.0830281   48.44372  -46.66944    34.9193    34.9359     3.5717     3.5710    27.7659    27.7792    5.89306    6.11387         20 0.0000e+00
      45881   1911.663   1340.000     3.6735   3.278579     3.6730   3.279934      43.80     0.0159     2.4661     2.2183  2.0396519  1.0830281   48.44372  -46.66943    34.9193    34.9359     3.5711     3.5705    27.7659    27.7792    5.89063    6.10787         21 0.0000e+00
      45902   1912.526   1341.000     3.6731   3.278584     3.6725   3.279936      77.87     0.0124     2.4662     2.2175  2.0392537  1.0830281   48.44372  -46.66942    34.9192    34.9359     3.5707     3.5700    27.7659    27.7793    5.89709    6.10684         21 0.0000e+00
      45923   1913.432   1342.000     3.6729   3.278608     3.6722   3.279939      96.15     0.0134     2.4657     2.2170  2.0396245  1.0830281   48.44372  -46.66942    34.9193    34.9358     3.5703     3.5696    27.7660    27.7792    5.89091    6.11188         22 0.0000e+00
      45946   1914.388   1343.000     3.6721   3.278580     3.6713   3.279912      30.34     0.0136     2.4651     2.2169  2.0397100  1.0830281   48.44372  -46.66942    34.9192    34.9359     3.5695     3.5686    27.7660    27.7794    5.89710    6.11880         23 0.0000e+00
      45970   1915.357   1344.000     3.6717   3.278595     3.6710   3.279930      59.16     0.0141     2.4653     2.2169  2.0391724  1.0830281   48.44372  -46.66942    34.9193    34.9359     3.5690     3.5682    27.7662    27.7795    5.89630    6.11949         24 0.0000e+00
      45993   1916.335   1345.000     3.6713   3.278593     3.6705   3.279928      74.04     0.0146     2.4647     2.2169  2.0390718  1.0830281   48.44372  -46.66942    34.9193    34.9359     3.5685     3.5677    27.7662    27.7795    5.89106    6.12154         23 0.0000e+00
      46017   1917.340   1346.000     3.6705   3.278567     3.6700   3.279935      55.77     0.0137     2.4642     2.2170  2.0395637  1.0830281   48.44372  -46.66942    34.9193    34.9361     3.5676     3.5671    27.7663    27.7797    5.89220    6.11902         25 0.0000e+00
      46041   1918.320   1347.000     3.6702   3.278587     3.6697   3.279943      94.25     0.0144     2.4638     2.2166  2.0393479  1.0830281   48.44372  -46.66942    34.9194    34.9360     3.5672     3.5667    27.7664    27.7797    5.88892    6.11468         22 0.0000e+00
      46062   1919.189   1348.000     3.6703   3.278635     3.6697   3.279995      90.21     0.0191     2.4635     2.2164  2.0402946  1.0830281   48.44372  -46.66942    34.9194    34.9360     3.5672     3.5666    27.7664    27.7797    5.89811    6.11175         20 0.0000e+00
      46081   1919.987   1349.000     3.6702   3.278675     3.6695   3.280025      14.09     0.0158     2.4633     2.2157  2.0402930  1.0830281   48.44372  -46.66942    34.9194    34.9361     3.5670     3.5664    27.7664    27.7798    5.89456    6.10469         19 0.0000e+00
      46100   1920.807   1350.000     3.6700   3.278697     3.6689   3.280004      55.62     0.0145     2.4632     2.2150  2.0413065  1.0830281   48.44372  -46.66942    34.9194    34.9360     3.5667     3.5656    27.7664    27.7798    5.89537    6.10991         21 0.0000e+00
      46124   1921.789   1351.000     3.6699   3.278734     3.6695   3.280090      93.12     0.0103     2.4628     2.2149  2.0419819  1.0830281   48.44372  -46.66941    34.9194    34.9359     3.5666     3.5662    27.7664    27.7797    5.88585    6.11089         27 0.0000e+00
      46154   1923.054   1352.000     3.6703   3.278806     3.6695   3.280140      96.21     0.0084     2.4618     2.2142  2.0416257  1.0830281   48.44372  -46.66940    34.9194    34.9360     3.5669     3.5661    27.7664    27.7797    5.89441    6.11137         30 0.0000e+00
      46179   1924.102   1353.000     3.6696   3.278793     3.6688   3.280118      95.47     0.0139     2.4623     2.2139  2.0413194  1.0830281   48.44372  -46.66940    34.9194    34.9360     3.5661     3.5653    27.7665    27.7798    5.88846    6.10881         20 0.0000e+00
      46197   1924.844   1354.000     3.6667   3.278593     3.6660   3.279932      18.46     0.0184     2.4610     2.2136  2.0407159  1.0830281   48.44372  -46.66940    34.9196    34.9362     3.5632     3.5624    27.7670    27.7803    5.87794    6.11100         17 0.0000e+00
      46213   1925.480   1355.000     3.6632   3.278351     3.6620   3.279648      80.69     0.0188     2.4607     2.2137  2.0397687  1.0830281   48.44372  -46.66940    34.9200    34.9366     3.5596     3.5584    27.7676    27.7810    5.88865    6.11545         14 0.0000e+00
      46227   1926.074   1356.000     3.6628   3.278354     3.6627   3.279756      95.00     0.0198     2.4600     2.2133  2.0400367  1.0830281   48.44372  -46.66940    34.9199    34.9366     3.5591     3.5590    27.7676    27.7809    5.88918    6.11204         14 0.0000e+00
      46241   1926.676   1357.000     3.6622   3.278340     3.6621   3.279731      32.82     0.0178     2.4606     2.2131  2.0404620  1.0830281   48.44372  -46.66940    34.9198    34.9365     3.5585     3.5583    27.7676    27.7809    5.89327    6.11147         15 0.0000e+00
      46257   1927.345   1358.000     3.6613   3.278294     3.6609   3.279676      67.00     0.0144     2.4602     2.2129  2.0414996  1.0830281   48.44372  -46.66940    34.9198    34.9366     3.5574     3.5570    27.7677    27.7811    5.89071    6.11384         18 0.0000e+00
      46288   1928.611   1359.000     3.6618   3.278366     3.6611   3.279714      47.85     0.0110     2.4597     2.2126  2.0410569  1.0824947   48.44372  -46.66940    34.9196    34.9363     3.5578     3.5571    27.7675    27.7809    5.88974    6.11118         53 0.0000e+00
      46342   1930.882   1360.000     3.6612   3.278368     3.6612   3.279767      85.40     0.0093     2.4590     2.2115  2.0401621  1.0820925   48.44372  -46.66938    34.9197    34.9363     3.5572     3.5572    27.7677    27.7809    5.89150    6.10516         27 0.0000e+00
      46359   1931.568   1361.000     3.6608   3.278393     3.6602   3.279745      95.62     0.0137     2.4588     2.2111  2.0402164  1.0827262   48.44372  -46.66938    34.9199    34.9366     3.5568     3.5561    27.7679    27.7812    5.88138    6.10597         16 0.0000e+00
      46374   1932.201   1362.000     3.6607   3.278423     3.6602   3.279780      95.81     0.0177     2.4577     2.2110  2.0401165  1.0827674   48.44372  -46.66938    34.9199    34.9366     3.5566     3.5560    27.7679    27.7812    5.87515    6.10331         14 0.0000e+00
      46388   1932.796   1363.000     3.6603   3.278437     3.6597   3.279776      17.59     0.0153     2.4576     2.2104  2.0410323  1.0826200   48.44372  -46.66938    34.9200    34.9365     3.5561     3.5554    27.7680    27.7812    5.88135    6.09801         15 0.0000e+00
      46403   1933.415   1364.000     3.6604   3.278487     3.6597   3.279829      69.61     0.0149     2.4572     2.2098  2.0420816  1.0823774   48.44372  -46.66938    34.9200    34.9366     3.5561     3.5554    27.7680    27.7813    5.88294    6.09732         15 0.0000e+00
      46420   1934.134   1365.000     3.6596   3.278456     3.6590   3.279801      95.18     0.0176     2.4568     2.2093  2.0419438  1.0827770   48.44372  -46.66938    34.9200    34.9366     3.5552     3.5545    27.7680    27.7814    5.88733    6.09932         20 0.0000e+00
      46446   1935.203   1366.000     3.6589   3.278430     3.6579   3.279746      53.85     0.0161     2.4565     2.2088  2.0406623  1.0818998   48.44372  -46.66938    34.9199    34.9366     3.5544     3.5534    27.7681    27.7814    5.88065    6.10446         34 0.0000e+00
      46479   1936.601   1367.000     3.6584   3.278425     3.6577   3.279773      98.46     0.0143     2.4553     2.2085  2.0410371  1.0818055   48.44372  -46.66938    34.9199    34.9366     3.5538     3.5531    27.7681    27.7815    5.88154    6.10582         27 0.0000e+00
      46501   1937.482   1368.000     3.6580   3.278443     3.6571   3.279768      61.72     0.0148     2.4553     2.2082  2.0427401  1.0818071   48.44372  -46.66938    34.9200    34.9367     3.5533     3.5524    27.7683    27.7817    5.88570    6.10672         18 0.0000e+00
      46518   1938.192   1369.000     3.6580   3.278479     3.6574   3.279841      37.61     0.0172     2.4551     2.2082  2.0427351  1.0818071   48.44370  -46.66938    34.9200    34.9368     3.5532     3.5526    27.7683    27.7817    5.88670    6.10960         16 0.0000e+00
      46534   1938.878   1370.000     3.6579   3.278519     3.6572   3.279874      52.37     0.0154     2.4551     2.2082  2.0421576  1.0818071   48.44370  -46.66938    34.9201    34.9368     3.5530     3.5524    27.7684    27.7818    5.89185    6.10893         17 0.0000e+00
      46552   1939.633   1371.000     3.6570   3.278491     3.6566   3.279853      73.23     0.0142     2.4554     2.2080  2.0420051  1.0818071   48.44370  -46.66937    34.9202    34.9367     3.5521     3.5517    27.7685    27.7817    5.89024    6.10846         20 0.0000e+00
      46575   1940.603   1372.000     3.6568   3.278511     3.6557   3.279813      95.54     0.0131     2.4549     2.2077  2.0420556  1.0818071   48.44370  -46.66936    34.9201    34.9367     3.5518     3.5507    27.7685    27.7818    5.88774    6.10022         27 0.0000e+00
      46604   1941.778   1373.000     3.6551   3.278411     3.6544   3.279740      95.87     0.0136     2.4548     2.2068  2.0415931  1.0816680   48.44370  -46.66936    34.9202    34.9368     3.5501     3.5493    27.7687    27.7820    5.88468    6.09963         27 0.0000e+00
      46626   1942.712   1374.000     3.6551   3.278452     3.6544   3.279794      34.63     0.0137     2.4541     2.2064  2.0421591  1.0817431   48.44370  -46.66936    34.9202    34.9368     3.5500     3.5493    27.7688    27.7821    5.88714    6.09490         19 0.0000e+00
      46644   1943.466   1375.000     3.6549   3.278479     3.6544   3.279834      72.29     0.0157     2.4544     2.2056  2.0428865  1.0818079   48.44370  -46.66936    34.9202    34.9368     3.5497     3.5491    27.7688    27.7821    5.88837    6.09295         17 0.0000e+00
      46661   1944.181   1376.000     3.6546   3.278494     3.6541   3.279857      95.75     0.0159     2.4540     2.2053  2.0428708  1.0818071   48.44370  -46.66936    34.9203    34.9369     3.5493     3.5488    27.7689    27.7822    5.88837    6.09776         18 0.0000e+00
      46680   1944.955   1377.000     3.6541   3.278495     3.6535   3.279839      63.25     0.0184     2.4538     2.2050  2.0427985  1.0816888   48.44370  -46.66936    34.9203    34.9369     3.5487     3.5480    27.7689    27.7822    5.88288    6.09992         20 0.0000e+00
      46704   1945.963   1378.000     3.6520   3.278349     3.6513   3.279692      32.95     0.0167     2.4534     2.2047  2.0427372  1.0815592   48.44370  -46.66936    34.9203    34.9369     3.5465     3.5485    27.7691    27.7825    5.88620    6.10261         29 0.0000e+00
      46736   1947.309   1379.000     3.6511   3.278314     3.6504   3.279658      98.16     0.0161     2.4527     2.2045  2.0441105  1.0807143   48.44370  -46.66936    34.9203    34.9369     3.5456     3.5448    27.7693    27.7826    5.87973    6.10443         32 0.0000e+00
      46763   1948.432   1380.000     3.6496   3.278228     3.6484   3.279522      64.32     0.0166     2.4522     2.2045  2.0443311  1.0805840   48.44370  -46.66936    34.9203    34.9370     3.5440     3.5427    27.7694    27.7829    5.88421    6.10387         23 0.0000e+00
      46784   1949.284   1381.000     3.6475   3.278093     3.6467   3.279427      50.78     0.0182     2.4517     2.2042  2.0438955  1.0814784   48.44370  -46.66934    34.9205    34.9371     3.5419     3.5410    27.7698    27.7831    5.87481    6.09738         19 0.0000e+00
      46802   1950.031   1382.000     3.6469   3.278084     3.6463   3.279441      95.31     0.0192     2.4509     2.2036  2.0435305  1.0808822   48.44370  -46.66934    34.9205    34.9372     3.5412     3.5405    27.7699    27.7832    5.88126    6.09662         17 0.0000e+00
      46819   1950.734   1383.000     3.6460   3.278044     3.6455   3.279399      94.30     0.0196     2.4513     2.2034  2.0438762  1.0810139   48.44370  -46.66934    34.9205    34.9372     3.5401     3.5396    27.7700    27.7833    5.88264    6.10007         17 0.0000e+00
      46836   1951.444   1384.000     3.6452   3.278018     3.6437   3.279296      63.74     0.0193     2.4502     2.2031  2.0443068  1.0805945   48.44370  -46.66934    34.9206    34.9372     3.5393     3.5378    27.7701    27.7835    5.87026    6.09691         17 0.0000e+00
      46854   1952.213   1385.000     3.6441   3.277958     3.6431   3.279290      43.32     0.0183     2.4499     2.2025  2.0439634  1.0805861   48.44370  -46.66934    34.9205    34.9373     3.5381     3.5371    27.7702    27.7836    5.88250    6.09199         20 0.0000e+00
      46876   1953.123   1386.000     3.6437   3.277963     3.6421   3.279234      93.36     0.0183     2.4497     2.2019  2.0445020  1.0804868   48.44368  -46.66934    34.9205    34.9372     3.5376     3.5360    27.7702    27.7837    5.87976    6.09091         24 0.0000e+00
      46904   1954.281   1387.000     3.6411   3.277781     3.6403   3.279110      96.09     0.0172     2.4489     2.2011  2.0444849  1.0803818   48.44368  -46.66934    34.9205    34.9372     3.5350     3.5341    27.7705    27.7839    5.87269    6.09361         30 0.0000e+00
      46933   1955.486   1388.000     3.6388   3.277625     3.6381   3.278962      96.25     0.0170     2.4480     2.2007  2.0442677  1.0800354   48.44368  -46.66934    34.9207    34.9373     3.5326     3.5318    27.7709    27.7841    5.86993    6.09552         27 0.0000e+00
      46956   1956.450   1389.000     3.6387   3.277667     3.6378   3.278986      63.98     0.0171     2.4469     2.2004  2.0441375  1.0802220   48.44368  -46.66934    34.9207    34.9374     3.5325     3.5315    27.7709    27.7843    5.87106    6.09919         20 0.0000e+00
      46975   1957.249   1390.000     3.6375   3.277602     3.6360   3.278877      41.35     0.0130     2.4470     2.2003  2.0444381  1.0793442   48.44368  -46.66934    34.9207    34.9374     3.5312     3.5296    27.7710    27.7845    5.87731    6.09627         18 0.0000e+00
      46992   1957.954   1391.000     3.6356   3.277486     3.6349   3.278826      97.20     0.0096     2.4465     2.2002  2.0437884  1.0793651   48.44368  -46.66934    34.9208    34.9375     3.5292     3.5285    27.7713    27.7846    5.86986    6.09849         16 0.0000e+00
      47008   1958.619   1392.000     3.6326   3.277260     3.6326   3.278670      96.20     0.0146     2.4463     2.1999  2.0445051  1.0793651   48.44368  -46.66934    34.9209    34.9376     3.5261     3.5261    27.7717    27.7850    5.87681    6.09900         16 0.0000e+00
