data/CTD/2013/CNV/D021A029.CNV
* Sea-Bird SBE 9 Data File:
* FileName = C:\CTD_ACQUISITION\2013021HUD\ctddata\021A029.hdr
* Software Version Seasave V 7.22.2
* Temperature SN = 5081
* Conductivity SN = 3561
* Number of Bytes Per Scan = 37
* Number of Voltage Words = 4
* Number of Scans Averaged by the Deck Unit = 1
* NMEA Latitude = 47 58.52 N
* NMEA Longitude = 046 09.24 W
* NMEA UTC (Time) = Jul 03 2013 02:14:03
* NMEA baud rate = 9600
** Ship: Hudson
** Cruise: HUD2013021
** Chief_Scientist: Greenan
** Organization: BIO
** Area_of_Operation: Sackville Spur
** Station: 29
** Sounding:  1088
** Event_Comments: SS17  393133
# nquan = 25
# nvalues = 1076                        
# units = specified
# name 0 = scan: Scan Count
# name 1 = timeS: Time, Elapsed [seconds]
# name 2 = prDM: Pressure, Digiquartz [db]
# name 3 = t068C: Temperature [ITS-68, deg C]
# name 4 = c0S/m: Conductivity [S/m]
# name 5 = t168C: Temperature, 2 [ITS-68, deg C]
# name 6 = c1S/m: Conductivity, 2 [S/m]
# name 7 = altM: Altimeter [m]
# name 8 = flCUVA: Fluorescence, Chelsea UV Aquatracka [ug/l]
# name 9 = sbeox0V: Oxygen raw, SBE 43 [V]
# name 10 = sbeox1V: Oxygen raw, SBE 43, 2 [V]
# name 11 = upoly0: Upoly 0, Optode 4330F - O2 D-Phase
# name 12 = upoly1: Upoly 1, Optode 4330F - O2 Temp
# name 13 = latitude: Latitude [deg]
# name 14 = longitude: Longitude [deg]
# name 15 = sal00: Salinity, Practical [PSU]
# name 16 = sal11: Salinity, Practical, 2 [PSU]
# name 17 = potemp068C: Potential Temperature [ITS-68, deg C]
# name 18 = potemp168C: Potential Temperature, 2 [ITS-68, deg C]
# name 19 = sigma-é00: Density [sigma-theta, Kg/m^3]
# name 20 = sigma-é11: Density, 2 [sigma-theta, Kg/m^3]
# name 21 = sbeox0ML/L: Oxygen, SBE 43 [ml/l], WS = 2
# name 22 = sbeox1ML/L: Oxygen, SBE 43, 2 [ml/l], WS = 2
# name 23 = nbin: number of scans per bin
# name 24 = flag: flag
# span 0 =      13021,      39397       
# span 1 =    542.480,   1641.489       
# span 2 =      2.000,   1077.000       
# span 3 =     0.2254,     5.8334       
# span 4 =   2.813377,   3.292251       
# span 5 =     0.2228,     5.8332       
# span 6 =   2.815063,   3.293578       
# span 7 =       2.32,     100.24       
# span 8 =     0.0043,     0.4148       
# span 9 =     2.5194,     3.3862       
# span 10 =     2.2661,     3.0331      
# span 11 =  1.7248918,  2.0370747      
# span 12 =  0.7266827,  1.3577852      
# span 13 =   47.97516,   47.97566      
# span 14 =  -46.15358,  -46.15198      
# span 15 =    32.5958,    34.9145      
# span 16 =    32.6107,    34.9307      
# span 17 =     0.2236,     5.8319      
# span 18 =     0.2210,     5.8317      
# span 19 =    25.6740,    27.7569      
# span 20 =    25.6858,    27.7698      
# span 21 =    5.85210,    7.73150      
# span 22 =    6.06779,    7.84168      
# span 23 =         10,        125      
# span 24 = 0.0000e+00, 0.0000e+00      
# interval = decibars: 1                
# start_time = Jul 03 2013 02:14:03 [NMEA time, header]
# bad_flag = -9.990e-29
*END*
[from data line 812]
      33584   1399.284    814.000     3.9431   3.278626     3.9440   3.280046      65.73     0.0115     2.6699     2.4027  1.9792472  1.1184368   47.97526  -46.15252    34.9026    34.9184     3.8825     3.8833    27.7210    27.7336    6.06313    6.28377         13 0.0000e+00
      33596   1399.811    815.000     3.9405   3.278419     3.9409   3.279810      81.79     0.0112     2.6708     2.4026  1.9792429  1.1184372   47.97526  -46.15252    34.9023    34.9184     3.8798     3.8802    27.7211    27.7338    6.08296    6.28671         12 0.0000e+00
      33608   1400.292    816.000     3.9380   3.278208     3.9379   3.279563      66.61     0.0105     2.6695     2.4023  1.9792429  1.1184372   47.97526  -46.15252    34.9020    34.9181     3.8772     3.8771    27.7211    27.7339    6.08765    6.28926         11 0.0000e+00
      33619   1400.756    817.000     3.9362   3.278081     3.9363   3.279452      39.55     0.0114     2.6707     2.4027  1.9808171  1.1184372   47.97526  -46.15252    34.9018    34.9180     3.8754     3.8754    27.7212    27.7340    6.07934    6.29123         11 0.0000e+00
      33630   1401.224    818.000     3.9355   3.278051     3.9351   3.279386      95.29     0.0138     2.6699     2.4026  1.9809707  1.1184372   47.97526  -46.15252    34.9018    34.9179     3.8745     3.8742    27.7212    27.7341    6.08182    6.28887         12 0.0000e+00
      33642   1401.712    819.000     3.9359   3.278163     3.9355   3.279479      96.16     0.0128     2.6694     2.4022  1.9807762  1.1184372   47.97525  -46.15252    34.9020    34.9181     3.8750     3.8745    27.7214    27.7342    6.07859    6.27947         12 0.0000e+00
      33655   1402.259    820.000     3.9372   3.278336     3.9366   3.279634      96.31     0.0123     2.6694     2.4016  1.9807266  1.1184372   47.97524  -46.15252    34.9023    34.9183     3.8761     3.8755    27.7214    27.7342    6.09621    6.27868         14 0.0000e+00
      33672   1402.963    821.000     3.9386   3.278530     3.9380   3.279804      96.50     0.0123     2.6709     2.4014  1.9812496  1.1173892   47.97524  -46.15252    34.9025    34.9184     3.8775     3.8811    27.7215    27.7342    6.09105    6.28534         21 0.0000e+00
      33706   1404.365    822.000     3.9383   3.278545     3.9382   3.279884      83.32     0.0150     2.6697     2.4012  1.9811287  1.1172711   47.97526  -46.15252    34.9025    34.9184     3.8771     3.8769    27.7215    27.7342    6.08657    6.28755         44 0.0000e+00
      33743   1405.915    823.000     3.9366   3.278438     3.9364   3.279761      91.98     0.0123     2.6698     2.4003  1.9809761  1.1172949   47.97526  -46.15252    34.9025    34.9184     3.8753     3.8751    27.7217    27.7344    6.08721    6.27854         31 0.0000e+00
      33778   1407.380    824.000     3.9354   3.278362     3.9352   3.279684      61.31     0.0114     2.6690     2.4000  1.9812547  1.1175795   47.97526  -46.15250    34.9024    34.9183     3.8740     3.8738    27.7217    27.7344    6.07552    6.28761         40 0.0000e+00
      33812   1408.780    825.000     3.9353   3.278401     3.9351   3.279726      93.50     0.0104     2.6681     2.3999  1.9808033  1.1176776   47.97526  -46.15250    34.9025    34.9184     3.8738     3.8736    27.7219    27.7345    6.08266    6.28766         24 0.0000e+00
      33831   1409.564    826.000     3.9341   3.278345     3.9352   3.279783      65.50     0.0111     2.6679     2.3999  1.9810749  1.1173682   47.97526  -46.15250    34.9024    34.9184     3.8726     3.8736    27.7219    27.7345    6.07891    6.28282         16 0.0000e+00
      33845   1410.167    827.000     3.9331   3.278288     3.9333   3.279658      96.35     0.0115     2.6674     2.3995  1.9811214  1.1173100   47.97526  -46.15250    34.9024    34.9184     3.8715     3.8717    27.7220    27.7347    6.07991    6.27370         13 0.0000e+00
      33858   1410.688    828.000     3.9321   3.278243     3.9319   3.279577      96.59     0.0097     2.6674     2.3985  1.9809726  1.1173179   47.97526  -46.15249    34.9024    34.9184     3.8704     3.8702    27.7221    27.7349    6.08394    6.27013         12 0.0000e+00
      33869   1411.163    829.000     3.9312   3.278197     3.9310   3.279531      96.07     0.0109     2.6674     2.3979  1.9812392  1.1173271   47.97526  -46.15248    34.9023    34.9183     3.8694     3.8692    27.7222    27.7349    6.08294    6.27211         11 0.0000e+00
      33880   1411.620    830.000     3.9301   3.278130     3.9292   3.279396      96.47     0.0086     2.6670     2.3980  1.9813507  1.1173271   47.97526  -46.15248    34.9022    34.9181     3.8682     3.8673    27.7222    27.7349    6.08164    6.27962         11 0.0000e+00
      33891   1412.073    831.000     3.9287   3.278034     3.9281   3.279352      80.63     0.0089     2.6670     2.3974  1.9811348  1.1173271   47.97526  -46.15248    34.9020    34.9182     3.8667     3.8662    27.7222    27.7351    6.07718    6.27996         11 0.0000e+00
      33902   1412.546    832.000     3.9274   3.277959     3.9270   3.279280      52.63     0.0133     2.6665     2.3975  1.9811746  1.1167287   47.97526  -46.15248    34.9019    34.9180     3.8654     3.8650    27.7223    27.7351    6.07437    6.27806         12 0.0000e+00
      33915   1413.070    833.000     3.9241   3.277678     3.9237   3.278986      33.66     0.0152     2.6658     2.3969  1.9810313  1.1160133   47.97526  -46.15248    34.9016    34.9174     3.8621     3.8617    27.7223    27.7350    6.07251    6.27510         13 0.0000e+00
      33933   1413.823    834.000     3.9213   3.277430     3.9215   3.278798      88.62     0.0137     2.6652     2.3963  1.9808483  1.1159952   47.97526  -46.15249    34.9011    34.9171     3.8592     3.8593    27.7223    27.7350    6.07936    6.27219         27 0.0000e+00
      34033   1418.001    835.000     3.9306   3.278376     3.9279   3.279467      73.13     0.0130     2.6600     2.3900  1.9821550  1.1159952   47.97526  -46.15247    34.9019    34.9177     3.8684     3.8657    27.7220    27.7348    6.05617    6.25237         16 0.0000e+00
      34042   1418.356    836.000     3.9238   3.277761     3.9234   3.279082      97.36     0.0139     2.6605     2.3902  1.9818656  1.1159952   47.97526  -46.15246    34.9013    34.9174     3.8615     3.8611    27.7222    27.7350    6.06338    6.25977         13 0.0000e+00
      34054   1418.858    837.000     3.9170   3.277141     3.9169   3.278487      68.61     0.0168     2.6592     2.3900  1.9792231  1.1169177   47.97526  -46.15246    34.9007    34.9167     3.8546     3.8546    27.7224    27.7351    6.06041    6.26076         12 0.0000e+00
      34065   1419.338    838.000     3.9122   3.276716     3.9122   3.278075      34.85     0.0176     2.6596     2.3897  1.9792429  1.1172187   47.97526  -46.15246    34.9002    34.9162     3.8498     3.8498    27.7225    27.7353    6.06860    6.26412         11 0.0000e+00
      34077   1419.819    839.000     3.9102   3.276569     3.9099   3.277911      96.05     0.0185     2.6596     2.3897  1.9792429  1.1171129   47.97526  -46.15246    34.9000    34.9162     3.8478     3.8475    27.7226    27.7355    6.07693    6.26787         12 0.0000e+00
      34089   1420.313    840.000     3.9088   3.276465     3.9086   3.277818      61.31     0.0160     2.6589     2.3895  1.9792429  1.1170125   47.97526  -46.15246    34.8998    34.9160     3.8462     3.8461    27.7226    27.7355    6.07006    6.27134         12 0.0000e+00
      34101   1420.844    841.000     3.9072   3.276365     3.9069   3.277690      68.67     0.0130     2.6598     2.3898  1.9832635  1.1149026   47.97526  -46.15246    34.8998    34.9158     3.8446     3.8443    27.7227    27.7355    6.07096    6.27331         14 0.0000e+00
      34116   1421.458    842.000     3.9060   3.276284     3.9052   3.277574      94.73     0.0115     2.6584     2.3895  1.9836582  1.1147770   47.97526  -46.15246    34.8996    34.9157     3.8433     3.8455    27.7227    27.7356    6.06518    6.27039         16 0.0000e+00
      34135   1422.257    843.000     3.9041   3.276152     3.9036   3.277455      70.02     0.0118     2.6584     2.3895  1.9831420  1.1145709   47.97526  -46.15246    34.8995    34.9155     3.8414     3.8410    27.7228    27.7356    6.06318    6.27953         23 0.0000e+00
      34163   1423.432    844.000     3.9038   3.276158     3.9034   3.277482      96.26     0.0131     2.6567     2.3902  1.9827434  1.1135397   47.97527  -46.15246    34.8994    34.9155     3.8409     3.8406    27.7228    27.7356    6.06285    6.28116         31 0.0000e+00
      34192   1424.611    845.000     3.9038   3.276216     3.9035   3.277542      91.09     0.0119     2.6564     2.3902  1.9830484  1.1135532   47.97528  -46.15245    34.8995    34.9156     3.8409     3.8406    27.7229    27.7357    6.06495    6.27694         26 0.0000e+00
      34221   1425.847    846.000     3.9040   3.276271     3.9036   3.277594      70.11     0.0140     2.6561     2.3900  1.9833057  1.1135532   47.97528  -46.15244    34.8995    34.9155     3.8410     3.8418    27.7228    27.7357    6.07222    6.27508         40 0.0000e+00
      34279   1428.229    847.000     3.9038   3.276295     3.9034   3.277616      85.60     0.0133     2.6567     2.3888  1.9835967  1.1136198   47.97528  -46.15243    34.8995    34.9155     3.8407     3.8400    27.7229    27.7357    6.07672    6.26353         46 0.0000e+00
      34299   1429.072    848.000     3.9014   3.276135     3.9009   3.277430      92.43     0.0177     2.6568     2.3882  1.9861407  1.1138018   47.97528  -46.15242    34.8996    34.9155     3.8382     3.8377    27.7232    27.7359    6.07021    6.25860         15 0.0000e+00
      34312   1429.634    849.000     3.9010   3.276146     3.9006   3.277462      95.24     0.0195     2.6563     2.3874  1.9860996  1.1138356   47.97528  -46.15242    34.8996    34.9157     3.8378     3.8374    27.7233    27.7361    6.06942    6.25739         13 0.0000e+00
      34324   1430.119    850.000     3.9006   3.276168     3.9002   3.277479      95.03     0.0187     2.6559     2.3868  1.9860151  1.1142142   47.97528  -46.15242    34.8997    34.9157     3.8374     3.8369    27.7234    27.7362    6.06471    6.25852         11 0.0000e+00
      34334   1430.560    851.000     3.8995   3.276098     3.8991   3.277419      94.75     0.0183     2.6560     2.3866  1.9851099  1.1136789   47.97528  -46.15242    34.8996    34.9157     3.8361     3.8357    27.7235    27.7363    6.06822    6.26312         10 0.0000e+00
      34344   1430.977    852.000     3.8983   3.276045     3.8979   3.277373      88.24     0.0185     2.6553     2.3863  1.9837683  1.1135539   47.97528  -46.15242    34.8997    34.9159     3.8349     3.8344    27.7237    27.7366    6.05810    6.26588         10 0.0000e+00
      34355   1431.396    853.000     3.8978   3.276055     3.8974   3.277387      53.49     0.0154     2.6553     2.3863  1.9836385  1.1135532   47.97528  -46.15242    34.8999    34.9161     3.8343     3.8339    27.7239    27.7368    6.05613    6.26919         10 0.0000e+00
      34365   1431.833    854.000     3.8974   3.276076     3.8971   3.277397      79.61     0.0103     2.6537     2.3860  1.9835719  1.1135532   47.97528  -46.15242    34.9000    34.9160     3.8339     3.8335    27.7240    27.7368    6.06354    6.27375         11 0.0000e+00
      34377   1432.321    855.000     3.8976   3.276134     3.8972   3.277464      94.26     0.0118     2.6542     2.3864  1.9833804  1.1134615   47.97528  -46.15242    34.9000    34.9161     3.8339     3.8335    27.7240    27.7369    6.07166    6.27866         13 0.0000e+00
      34392   1432.948    856.000     3.8982   3.276242     3.8979   3.277579      94.95     0.0134     2.6543     2.3866  1.9856672  1.1124204   47.97528  -46.15242    34.9000    34.9162     3.8345     3.8342    27.7240    27.7369    6.07711    6.27841         19 0.0000e+00
      34468   1436.117    857.000     3.8992   3.276349     3.8987   3.277665      94.07     0.0140     2.6544     2.3858  1.9845676  1.1128240   47.97528  -46.15240    34.8998    34.9159     3.8353     3.8349    27.7237    27.7365    6.07034    6.26677         20 0.0000e+00
      34500   1437.462    858.000     3.8987   3.276385     3.8983   3.277702      51.65     0.0151     2.6544     2.3853  1.9841106  1.1128993   47.97528  -46.15240    34.9003    34.9163     3.8348     3.8343    27.7241    27.7369    6.07069    6.26653         13 0.0000e+00
      34512   1437.954    859.000     3.8986   3.276441     3.8981   3.277750      89.60     0.0127     2.6541     2.3851  1.9841269  1.1128391   47.97528  -46.15239    34.9004    34.9165     3.8347     3.8385    27.7243    27.7371    6.06859    6.27198         12 0.0000e+00
      34524   1438.453    860.000     3.8975   3.276377     3.8972   3.277703      95.13     0.0116     2.6537     2.3854  1.9841269  1.1128409   47.97528  -46.15238    34.9003    34.9164     3.8335     3.8330    27.7243    27.7371    6.07154    6.27943         12 0.0000e+00
      34536   1438.946    861.000     3.8956   3.276240     3.8951   3.277549      96.48     0.0130     2.6532     2.3850  1.9841269  1.1123239   47.97528  -46.15238    34.9003    34.9162     3.8314     3.8310    27.7245    27.7372    6.07608    6.27835         12 0.0000e+00
      34548   1439.442    862.000     3.8947   3.276200     3.8942   3.277524      96.24     0.0138     2.6538     2.3858  1.9841269  1.1123321   47.97528  -46.15238    34.9002    34.9164     3.8305     3.8300    27.7245    27.7374    6.07165    6.27915         12 0.0000e+00
      34560   1439.965    863.000     3.8942   3.276191     3.8936   3.277510      86.85     0.0154     2.6535     2.3853  1.9841269  1.1123321   47.97528  -46.15238    34.9002    34.9163     3.8299     3.8293    27.7245    27.7375    6.06789    6.27758         13 0.0000e+00
      34574   1440.545    864.000     3.8928   3.276125     3.8925   3.277458      58.12     0.0141     2.6523     2.3851  1.9851100  1.1118406   47.97528  -46.15238    34.9002    34.9164     3.8285     3.8281    27.7247    27.7376    6.06830    6.28282         15 0.0000e+00
      34592   1441.307    865.000     3.8927   3.276164     3.8921   3.277468      93.56     0.0136     2.6526     2.3858  1.9858614  1.1111532   47.97528  -46.15238    34.9004    34.9164     3.8282     3.8277    27.7249    27.7377    6.07190    6.29130         24 0.0000e+00
      34660   1444.125    866.000     3.8935   3.276268     3.8937   3.277628      76.38     0.0149     2.6510     2.3865  1.9860080  1.1115271   47.97530  -46.15236    34.9002    34.9161     3.8290     3.8291    27.7246    27.7373    6.07246    6.28107         34 0.0000e+00
      34689   1445.349    867.000     3.8927   3.276274     3.8926   3.277606      95.17     0.0134     2.6510     2.3859  1.9858825  1.1123291   47.97530  -46.15234    34.9006    34.9165     3.8281     3.8280    27.7251    27.7378    6.06157    6.27825         16 0.0000e+00
      34704   1445.957    868.000     3.8925   3.276311     3.8919   3.277608      87.23     0.0138     2.6497     2.3860  1.9861925  1.1123321   47.97530  -46.15234    34.9007    34.9167     3.8278     3.8272    27.7252    27.7380    6.05845    6.28047         13 0.0000e+00
      34717   1446.491    869.000     3.8924   3.276356     3.8919   3.277659      53.92     0.0122     2.6486     2.3855  1.9861933  1.1123321   47.97530  -46.15234    34.9009    34.9168     3.8276     3.8271    27.7253    27.7381    6.06970    6.27352         13 0.0000e+00
      34729   1447.011    870.000     3.8921   3.276371     3.8917   3.277687      91.19     0.0120     2.6510     2.3851  1.9863621  1.1123321   47.97530  -46.15234    34.9008    34.9169     3.8273     3.8268    27.7253    27.7381    6.08397    6.26765         12 0.0000e+00
