data/CTD/2013/CNV/D021A016.CNV
* Sea-Bird SBE 9 Data File:
* FileName = C:\CTD_ACQUISITION\2013021HUD\ctddata\021A016.hdr
* Software Version Seasave V 7.22.2
* Temperature SN = 5081
* Conductivity SN = 3561
* Number of Bytes Per Scan = 37
* Number of Voltage Words = 4
* Number of Scans Averaged by the Deck Unit = 1
* NMEA Latitude = 46 59.94 N
* NMEA Longitude = 046 54.47 W
* NMEA UTC (Time) = Jul 02 2013 01:17:23
* NMEA baud rate = 9600
** Ship: Hudson
** Cruise: HUD2013021
** Chief_Scientist: Greenan
** Organization: BIO
** Area_of_Operation: Sackville Spur
** Station: 16
** Sounding:  1195
** Event_Comments: FC17.5  393119
# nquan = 25
# nvalues = 1181                        
# units = specified
# name 0 = scan: Scan Count
# name 1 = timeS: Time, Elapsed [seconds]
# name 2 = prDM: Pressure, Digiquartz [db]
# name 3 = t068C: Temperature [ITS-68, deg C]
# name 4 = c0S/m: Conductivity [S/m]
# name 5 = t168C: Temperature, 2 [ITS-68, deg C]
# name 6 = c1S/m: Conductivity, 2 [S/m]
# name 7 = altM: Altimeter [m]
# name 8 = flCUVA: Fluorescence, Chelsea UV Aquatracka [ug/l]
# name 9 = sbeox0V: Oxygen raw, SBE 43 [V]
# name 10 = sbeox1V: Oxygen raw, SBE 43, 2 [V]
# name 11 = upoly0: Upoly 0, Optode 4330F - O2 D-Phase
# name 12 = upoly1: Upoly 1, Optode 4330F - O2 Temp
# name 13 = latitude: Latitude [deg]
# name 14 = longitude: Longitude [deg]
# name 15 = sal00: Salinity, Practical [PSU]
# name 16 = sal11: Salinity, Practical, 2 [PSU]
# name 17 = potemp068C: Potential Temperature [ITS-68, deg C]
# name 18 = potemp168C: Potential Temperature, 2 [ITS-68, deg C]
# name 19 = sigma-é00: Density [sigma-theta, Kg/m^3]
# name 20 = sigma-é11: Density, 2 [sigma-theta, Kg/m^3]
# name 21 = sbeox0ML/L: Oxygen, SBE 43 [ml/l], WS = 2
# name 22 = sbeox1ML/L: Oxygen, SBE 43, 2 [ml/l], WS = 2
# name 23 = nbin: number of scans per bin
# name 24 = flag: flag
# span 0 =       9856,      38221       
# span 1 =    410.614,   1592.484       
# span 2 =      2.000,   1182.000       
# span 3 =     0.0789,     6.2799       
# span 4 =   2.783905,   3.291464       
# span 5 =     0.0806,     6.2848       
# span 6 =   2.785472,   3.292801       
# span 7 =       4.01,      99.42       
# span 8 =     0.0066,     0.1405       
# span 9 =     2.5120,     3.3747       
# span 10 =     2.2603,     3.0119      
# span 11 =  1.7192091,  2.0284187      
# span 12 =  0.6864739,  1.4106304      
# span 13 =   46.99680,   46.99876      
# span 14 =  -46.90946,  -46.90864      
# span 15 =    32.8108,    34.9120      
# span 16 =    32.8259,    34.9280      
# span 17 =     0.0770,     6.2796      
# span 18 =     0.0787,     6.2845      
# span 19 =    25.7921,    27.7511      
# span 20 =    25.8029,    27.7638      
# span 21 =    5.89154,    7.57641      
# span 22 =    6.10997,    7.69973      
# span 23 =         12,         94      
# span 24 = 0.0000e+00, 0.0000e+00      
# interval = decibars: 1                
# start_time = Jul 02 2013 01:17:23 [NMEA time, header]
# bad_flag = -9.990e-29
*END*
[from data line 406]
      22190    924.560    408.000     4.1775   3.278654     4.1783   3.280046      97.17     0.0195     2.8022     2.5190  1.9511600  1.1455280   46.99806  -46.90944    34.8678    34.8834     4.1476     4.1484    27.6656    27.6779    6.10671    6.29710         16 0.0000e+00
      22208    925.308    409.000     4.1839   3.279390     4.1846   3.280776      97.17     0.0225     2.8021     2.5192  1.9524945  1.1459073   46.99806  -46.90944    34.8692    34.8848     4.1539     4.1546    27.6660    27.6784    6.09993    6.30091         20 0.0000e+00
      22231    926.257    410.000     4.1909   3.280147     4.1907   3.281456      97.16     0.0251     2.8016     2.5200  1.9535861  1.1464651   46.99806  -46.90944    34.8703    34.8859     4.1608     4.1606    27.6662    27.6786    6.10542    6.30856         26 0.0000e+00
      22260    927.455    411.000     4.1916   3.280296     4.1907   3.281505      97.17     0.0196     2.8017     2.5213  1.9536020  1.1462058   46.99806  -46.90944    34.8707    34.8859     4.1615     4.1606    27.6664    27.6786    6.10578    6.31083         31 0.0000e+00
      22291    928.740    412.000     4.1844   3.279639     4.1842   3.280926      89.07     0.0196     2.8014     2.5218  1.9536020  1.1458805   46.99806  -46.90944    34.8700    34.8854     4.1542     4.1540    27.6666    27.6789    6.10609    6.30368         29 0.0000e+00
      22316    929.808    413.000     4.1695   3.278239     4.1698   3.279583      76.01     0.0173     2.8015     2.5213  1.9536020  1.1465296   46.99806  -46.90944    34.8687    34.8842     4.1393     4.1396    27.6672    27.6795    6.10305    6.29059         23 0.0000e+00
      22337    930.659    414.000     4.1717   3.278518     4.1713   3.279779      95.41     0.0185     2.8004     2.5195  1.9536020  1.1466475   46.99806  -46.90944    34.8691    34.8844     4.1414     4.1410    27.6673    27.6795    6.09815    6.27961         19 0.0000e+00
      22356    931.448    415.000     4.1738   3.278771     4.1733   3.280028      96.45     0.0178     2.7998     2.5184  1.9536020  1.1462681   46.99806  -46.90944    34.8694    34.8847     4.1434     4.1429    27.6673    27.6795    6.09868    6.27354         19 0.0000e+00
      22376    932.281    416.000     4.1747   3.278904     4.1741   3.280149      96.76     0.0179     2.7994     2.5165  1.9536594  1.1456555   46.99806  -46.90942    34.8695    34.8848     4.1442     4.1448    27.6673    27.6795    6.09802    6.26798         21 0.0000e+00
      22397    933.172    417.000     4.1810   3.279622     4.1811   3.280930      95.79     0.0126     2.7983     2.5148  1.9540696  1.1454725   46.99806  -46.90942    34.8708    34.8861     4.1504     4.1505    27.6676    27.6798    6.08845    6.26419         21 0.0000e+00
      22417    934.007    418.000     4.1951   3.281132     4.1952   3.282450      96.87     0.0130     2.7971     2.5134  1.9544406  1.1452976   46.99806  -46.90942    34.8731    34.8885     4.1644     4.1645    27.6680    27.6803    6.07932    6.26628         19 0.0000e+00
      22435    934.743    419.000     4.2044   3.282153     4.2010   3.283093      96.23     0.0169     2.7961     2.5128  1.9545346  1.1452992   46.99806  -46.90942    34.8748    34.8895     4.1736     4.1702    27.6684    27.6805    6.08059    6.27099         17 0.0000e+00
      22451    935.412    420.000     4.2076   3.282540     4.2051   3.283591      95.63     0.0155     2.7953     2.5126  1.9548209  1.1461076   46.99806  -46.90942    34.8754    34.8905     4.1767     4.1742    27.6686    27.6808    6.08447    6.28075         15 0.0000e+00
      22466    936.058    421.000     4.2149   3.283370     4.2135   3.284525      95.66     0.0144     2.7950     2.5129  1.9548229  1.1465170   46.99806  -46.90942    34.8770    34.8921     4.1839     4.1825    27.6690    27.6812    6.09987    6.29427         16 0.0000e+00
      22482    936.716    422.000     4.2148   3.283404     4.2145   3.284683      70.24     0.0140     2.7962     2.5141  1.9548229  1.1465201   46.99806  -46.90942    34.8771    34.8924     4.1837     4.1835    27.6691    27.6813    6.12217    6.30840         16 0.0000e+00
      22499    937.430    423.000     4.2121   3.283182     4.2118   3.284458      42.26     0.0145     2.7983     2.5157  1.9531457  1.1481973   46.99806  -46.90942    34.8767    34.8921     4.1810     4.1807    27.6691    27.6814    6.13588    6.31381         18 0.0000e+00
      22520    938.288    424.000     4.2081   3.282814     4.2085   3.284164      94.18     0.0159     2.8007     2.5169  1.9524014  1.1489416   46.99804  -46.90942    34.8761    34.8916     4.1769     4.1773    27.6690    27.6813    6.13051    6.30438         24 0.0000e+00
      22546    939.396    425.000     4.2014   3.282162     4.1998   3.283313      95.15     0.0154     2.8011     2.5168  1.9538265  1.1496644   46.99804  -46.90942    34.8749    34.8902     4.1701     4.1686    27.6688    27.6811    6.10695    6.28332         29 0.0000e+00
      22575    940.591    426.000     4.1769   3.279709     4.1784   3.281197      90.68     0.0185     2.7993     2.5143  1.9548292  1.1500955   46.99804  -46.90942    34.8714    34.8873     4.1456     4.1471    27.6686    27.6812    6.08696    6.26350         27 0.0000e+00
      22600    941.630    427.000     4.1493   3.276992     4.1516   3.278554      95.81     0.0198     2.7965     2.5119  1.9562626  1.1490638   46.99804  -46.90942    34.8679    34.8839     4.1181     4.1204    27.6688    27.6813    6.08616    6.26460         23 0.0000e+00
      22621    942.490    428.000     4.1340   3.275542     4.1344   3.276917      95.70     0.0174     2.7951     2.5101  1.9565909  1.1489608   46.99804  -46.90942    34.8664    34.8822     4.1028     4.1031    27.6692    27.6818    6.09199    6.27263         18 0.0000e+00
      22638    943.223    429.000     4.1508   3.277367     4.1533   3.278949      95.72     0.0173     2.7941     2.5097  1.9566925  1.1480091   46.99804  -46.90942    34.8697    34.8857     4.1194     4.1219    27.6701    27.6825    6.09036    6.28248         17 0.0000e+00
      22654    943.892    430.000     4.1728   3.279699     4.1756   3.281266      95.72     0.0149     2.7932     2.5098  1.9568064  1.1465286   46.99804  -46.90941    34.8735    34.8890     4.1412     4.1440    27.6708    27.6828    6.08662    6.28168         16 0.0000e+00
      22671    944.571    431.000     4.2050   3.283122     4.2021   3.284111      95.69     0.0124     2.7923     2.5095  1.9569746  1.1465201   46.99804  -46.90940    34.8793    34.8940     4.1733     4.1704    27.6720    27.6840    6.08331    6.27784         17 0.0000e+00
      22689    945.336    432.000     4.2143   3.284106     4.2171   3.285684      95.73     0.0128     2.7921     2.5098  1.9557078  1.1451486   46.99804  -46.90940    34.8805    34.8962     4.1825     4.1853    27.6719    27.6841    6.08567    6.27925         20 0.0000e+00
      22711    946.267    433.000     4.2098   3.283714     4.2078   3.284809      95.77     0.0140     2.7915     2.5098  1.9547762  1.1440829   46.99804  -46.90940    34.8801    34.8951     4.1779     4.1759    27.6721    27.6843    6.08408    6.28187         24 0.0000e+00
      22736    947.287    434.000     4.2053   3.283314     4.2067   3.284762      92.75     0.0197     2.7913     2.5101  1.9542032  1.1470774   46.99804  -46.90940    34.8797    34.8952     4.1733     4.1748    27.6723    27.6845    6.10228    6.28287         24 0.0000e+00
      22759    948.268    435.000     4.2056   3.283386     4.2048   3.284608      66.76     0.0172     2.7928     2.5099  1.9535909  1.1502402   46.99804  -46.90940    34.8796    34.8949     4.1736     4.1727    27.6722    27.6845    6.10745    6.28049         23 0.0000e+00
      22783    949.244    436.000     4.1999   3.282848     4.1990   3.284058      96.21     0.0142     2.7927     2.5096  1.9547386  1.1501832   46.99804  -46.90940    34.8788    34.8940     4.1678     4.1669    27.6722    27.6844    6.09195    6.27518         24 0.0000e+00
      22807    950.231    437.000     4.1991   3.282810     4.1984   3.284052      95.73     0.0134     2.7915     2.5089  1.9560740  1.1501832   46.99804  -46.90940    34.8786    34.8940     4.1670     4.1663    27.6721    27.6844    6.08117    6.27998         23 0.0000e+00
      22829    951.157    438.000     4.1958   3.282520     4.1959   3.283836      95.81     0.0138     2.7908     2.5091  1.9560440  1.1501271   46.99804  -46.90938    34.8782    34.8936     4.1635     4.1636    27.6722    27.6844    6.08785    6.28344         22 0.0000e+00
      22848    951.977    439.000     4.1960   3.282599     4.1958   3.283895      95.75     0.0123     2.7900     2.5088  1.9560440  1.1498448   46.99804  -46.90938    34.8784    34.8939     4.1637     4.1634    27.6723    27.6847    6.08574    6.28098         18 0.0000e+00
      22866    952.702    440.000     4.1967   3.282737     4.1961   3.283978      95.82     0.0141     2.7897     2.5089  1.9560440  1.1496106   46.99804  -46.90938    34.8787    34.8940     4.1643     4.1637    27.6725    27.6847    6.07348    6.27775         17 0.0000e+00
      22882    953.377    441.000     4.1967   3.282784     4.1961   3.284029      95.84     0.0163     2.7877     2.5081  1.9560440  1.1493510   46.99804  -46.90938    34.8787    34.8941     4.1643     4.1636    27.6725    27.6848    6.05853    6.26872         16 0.0000e+00
      22898    954.052    442.000     4.1978   3.282968     4.1972   3.284214      95.83     0.0177     2.7863     2.5071  1.9560440  1.1489683   46.99804  -46.90938    34.8792    34.8945     4.1653     4.1647    27.6728    27.6850    6.06187    6.26408         16 0.0000e+00
      22916    954.776    443.000     4.2063   3.283897     4.2054   3.285113      95.83     0.0185     2.7846     2.5063  1.9560440  1.1489621   46.99804  -46.90938    34.8807    34.8960     4.1736     4.1727    27.6731    27.6854    6.06496    6.25949         19 0.0000e+00
      22935    955.599    444.000     4.2259   3.285974     4.2254   3.287222      39.83     0.0188     2.7843     2.5049  1.9560440  1.1489621   46.99804  -46.90938    34.8840    34.8992     4.1931     4.1926    27.6736    27.6858    6.06977    6.25550         21 0.0000e+00
      22957    956.509    445.000     4.2300   3.286451     4.2303   3.287782      85.81     0.0150     2.7837     2.5042  1.9560440  1.1489621   46.99804  -46.90938    34.8847    34.9001     4.1971     4.1974    27.6738    27.6860    6.06237    6.25379         22 0.0000e+00
      22980    957.443    446.000     4.2489   3.288502     4.2512   3.290031      96.24     0.0138     2.7822     2.5028  1.9560440  1.1498557   46.99804  -46.90938    34.8884    34.9040     4.2159     4.2181    27.6747    27.6868    6.05511    6.24947         22 0.0000e+00
      23002    958.360    447.000     4.2635   3.290061     4.2638   3.291375      92.36     0.0159     2.7814     2.5025  1.9560440  1.1502413   46.99802  -46.90938    34.8908    34.9060     4.2303     4.2306    27.6751    27.6871    6.05617    6.25695         22 0.0000e+00
      23023    959.256    448.000     4.2627   3.290032     4.2630   3.291358      91.00     0.0148     2.7812     2.5025  1.9571564  1.1519393   46.99802  -46.90938    34.8908    34.9061     4.2294     4.2297    27.6751    27.6873    6.06168    6.25916         21 0.0000e+00
      23044    960.125    449.000     4.2570   3.289562     4.2569   3.290851      96.39     0.0160     2.7808     2.5023  1.9584858  1.1537880   46.99802  -46.90938    34.8906    34.9060     4.2238     4.2236    27.6756    27.6878    6.06612    6.25908         21 0.0000e+00
      23065    960.980    450.000     4.2519   3.289108     4.2518   3.290399      96.17     0.0172     2.7812     2.5022  1.9583027  1.1540905   46.99802  -46.90938    34.8903    34.9056     4.2185     4.2184    27.6759    27.6881    6.07867    6.26327         20 0.0000e+00
      23086    961.870    451.000     4.2514   3.289100     4.2512   3.290387      96.59     0.0182     2.7822     2.5023  1.9572703  1.1557487   46.99802  -46.90937    34.8902    34.9055     4.2180     4.2178    27.6758    27.6881    6.07893    6.25913         23 0.0000e+00
      23109    962.839    452.000     4.2513   3.289127     4.2512   3.290428      96.39     0.0147     2.7825     2.5016  1.9574152  1.1559794   46.99802  -46.90936    34.8900    34.9055     4.2178     4.2177    27.6758    27.6881    6.07520    6.25992         24 0.0000e+00
      23134    963.862    453.000     4.2497   3.289012     4.2496   3.290313      96.37     0.0156     2.7822     2.5019  1.9595189  1.1550604   46.99802  -46.90936    34.8899    34.9053     4.2161     4.2160    27.6758    27.6881    6.07712    6.26728         24 0.0000e+00
      23156    964.811    454.000     4.2479   3.288886     4.2477   3.290174      96.19     0.0126     2.7831     2.5019  1.9595925  1.1550672   46.99802  -46.90936    34.8897    34.9051     4.2143     4.2141    27.6759    27.6882    6.08162    6.25858         21 0.0000e+00
      23176    965.619    455.000     4.2463   3.288765     4.2457   3.290015      96.30     0.0133     2.7827     2.5011  1.9584653  1.1550672   46.99802  -46.90936    34.8895    34.9048     4.2125     4.2120    27.6759    27.6881    6.07002    6.25605         18 0.0000e+00
      23193    966.332    456.000     4.2442   3.288591     4.2445   3.289954      68.61     0.0123     2.7821     2.5008  1.9584860  1.1550672   46.99802  -46.90936    34.8892    34.9048     4.2104     4.2107    27.6759    27.6883    6.07393    6.25715         17 0.0000e+00
      23209    967.000    457.000     4.2364   3.287844     4.2366   3.289207      73.38     0.0121     2.7823     2.5002  1.9584045  1.1550672   46.99802  -46.90936    34.8883    34.9038     4.2022     4.2028    27.6761    27.6883    6.07241    6.24571         15 0.0000e+00
      23225    967.668    458.000     4.2401   3.288344     4.2398   3.289618      96.79     0.0131     2.7815     2.4991  1.9584861  1.1550672   46.99802  -46.90936    34.8895    34.9048     4.2062     4.2058    27.6766    27.6888    6.05701    6.23348         17 0.0000e+00
      23243    968.397    459.000     4.2464   3.289036     4.2462   3.290329      96.47     0.0121     2.7798     2.4973  1.9584860  1.1550672   46.99802  -46.90936    34.8905    34.9059     4.2123     4.2122    27.6767    27.6889    6.04624    6.22988         19 0.0000e+00
      23265    969.322    460.000     4.2479   3.289240     4.2476   3.290528      96.22     0.0129     2.7773     2.4956  1.9584860  1.1544325   46.99802  -46.90936    34.8907    34.9063     4.2138     4.2134    27.6767    27.6891    6.03567    6.22860         26 0.0000e+00
      23294    970.527    461.000     4.2528   3.289829     4.2525   3.291095      96.16     0.0134     2.7756     2.4944  1.9586904  1.1538434   46.99802  -46.90936    34.8919    34.9072     4.2186     4.2183    27.6772    27.6894    6.06233    6.25344         30 0.0000e+00
      23322    971.701    462.000     4.2598   3.290633     4.2586   3.291808      96.83     0.0175     2.7772     2.4966  1.9595759  1.1549385   46.99801  -46.90936    34.8935    34.9086     4.2255     4.2243    27.6777    27.6899    6.09111    6.28640         26 0.0000e+00
      23345    972.655    463.000     4.2655   3.291290     4.2650   3.292542      96.91     0.0166     2.7796     2.4994  1.9597082  1.1550685   46.99800  -46.90935    34.8947    34.9100     4.2311     4.2306    27.6780    27.6902    6.10372    6.29422         20 0.0000e+00
      23363    973.406    464.000     4.2667   3.291464     4.2670   3.292801      96.87     0.0154     2.7821     2.5007  1.9588559  1.1558409   46.99800  -46.90934    34.8950    34.9104     4.2322     4.2325    27.6782    27.6904    6.11490    6.28830         16 0.0000e+00
