data/CTD/2013/CNV/D021A018.CNV
* Sea-Bird SBE 9 Data File:
* FileName = C:\CTD_ACQUISITION\2013021HUD\ctddata\021A018.hdr
* Software Version Seasave V 7.22.2
* Temperature SN = 5081
* Conductivity SN = 3561
* Number of Bytes Per Scan = 37
* Number of Voltage Words = 4
* Number of Scans Averaged by the Deck Unit = 1
* NMEA Latitude = 47 00.01 N
* NMEA Longitude = 046 44.51 W
* NMEA UTC (Time) = Jul 02 2013 03:43:13
* NMEA baud rate = 9600
** Ship: Hudson
** Cruise: HUD2013021
** Chief_Scientist: Greenan
** Organization: BIO
** Area_of_Operation: Sackville Spur
** Station: 18
** Sounding:  1161
** Event_Comments: FC18.5  393123
# nquan = 25
# nvalues = 1148                        
# units = specified
# name 0 = scan: Scan Count
# name 1 = timeS: Time, Elapsed [seconds]
# name 2 = prDM: Pressure, Digiquartz [db]
# name 3 = t068C: Temperature [ITS-68, deg C]
# name 4 = c0S/m: Conductivity [S/m]
# name 5 = t168C: Temperature, 2 [ITS-68, deg C]
# name 6 = c1S/m: Conductivity, 2 [S/m]
# name 7 = altM: Altimeter [m]
# name 8 = flCUVA: Fluorescence, Chelsea UV Aquatracka [ug/l]
# name 9 = sbeox0V: Oxygen raw, SBE 43 [V]
# name 10 = sbeox1V: Oxygen raw, SBE 43, 2 [V]
# name 11 = upoly0: Upoly 0, Optode 4330F - O2 D-Phase
# name 12 = upoly1: Upoly 1, Optode 4330F - O2 Temp
# name 13 = latitude: Latitude [deg]
# name 14 = longitude: Longitude [deg]
# name 15 = sal00: Salinity, Practical [PSU]
# name 16 = sal11: Salinity, Practical, 2 [PSU]
# name 17 = potemp068C: Potential Temperature [ITS-68, deg C]
# name 18 = potemp168C: Potential Temperature, 2 [ITS-68, deg C]
# name 19 = sigma-é00: Density [sigma-theta, Kg/m^3]
# name 20 = sigma-é11: Density, 2 [sigma-theta, Kg/m^3]
# name 21 = sbeox0ML/L: Oxygen, SBE 43 [ml/l], WS = 2
# name 22 = sbeox1ML/L: Oxygen, SBE 43, 2 [ml/l], WS = 2
# name 23 = nbin: number of scans per bin
# name 24 = flag: flag
# span 0 =      10303,      37147       
# span 1 =    429.264,   1547.733       
# span 2 =      2.000,   1149.000       
# span 3 =     0.6986,     5.8520       
# span 4 =   2.870539,   3.301245       
# span 5 =     0.6794,     5.8534       
# span 6 =   2.870345,   3.302438       
# span 7 =       2.41,     103.20       
# span 8 =     0.0066,     0.4761       
# span 9 =     2.5114,     3.4419       
# span 10 =     2.2600,     3.0748      
# span 11 =  1.7104135,  2.0306625      
# span 12 =  0.7694128,  1.3570464      
# span 13 =   47.00079,   47.00203      
# span 14 =  -46.74172,  -46.74020      
# span 15 =    32.7273,    34.9241      
# span 16 =    32.7417,    34.9392      
# span 17 =     0.6962,     5.8506      
# span 18 =     0.6771,     5.8520      
# span 19 =    25.7824,    27.7498      
# span 20 =    25.7937,    27.7627      
# span 21 =    5.87444,    7.52128      
# span 22 =    6.08991,    7.70464      
# span 23 =         10,         82      
# span 24 = 0.0000e+00, 0.0000e+00      
# interval = decibars: 1                
# start_time = Jul 02 2013 03:43:13 [NMEA time, header]
# bad_flag = -9.990e-29
*END*
[from data line 638]
      26050   1085.376    640.000     4.1402   3.289334     4.1399   3.290655      61.77     0.0160     2.7029     2.4317  1.9787467  1.1440781   47.00148  -46.74020    34.9112    34.9271     4.0923     4.0920    27.7060    27.7187    6.00507    6.21717         22 0.0000e+00
      26070   1086.195    641.000     4.1308   3.288440     4.1307   3.289784      97.14     0.0145     2.7031     2.4321  1.9780154  1.1440781   47.00148  -46.74020    34.9101    34.9260     4.0829     4.0828    27.7061    27.7187    6.02144    6.21915         18 0.0000e+00
      26087   1086.905    642.000     4.1210   3.287493     4.1210   3.288863      97.01     0.0117     2.7038     2.4325  1.9780220  1.1440781   47.00148  -46.74020    34.9087    34.9248     4.0731     4.0731    27.7060    27.7188    6.02713    6.22488         17 0.0000e+00
      26104   1087.610    643.000     4.1150   3.286929     4.1147   3.288247      64.40     0.0138     2.7041     2.4329  1.9781626  1.1438673   47.00148  -46.74020    34.9079    34.9238     4.0671     4.0689    27.7060    27.7187    6.02819    6.23245         17 0.0000e+00
      26124   1088.446    644.000     4.1121   3.286677     4.1115   3.287978      86.80     0.0166     2.7047     2.4338  1.9786634  1.1428959   47.00148  -46.74020    34.9074    34.9234     4.0641     4.0636    27.7060    27.7187    6.02978    6.23431         24 0.0000e+00
      26156   1089.799    645.000     4.1105   3.286558     4.1101   3.287865      77.09     0.0143     2.7057     2.4344  1.9801595  1.1417550   47.00148  -46.74020    34.9071    34.9230     4.0625     4.0620    27.7059    27.7186    6.03827    6.22986         39 0.0000e+00
      26188   1091.139    646.000     4.1078   3.286338     4.1077   3.287666      84.93     0.0108     2.7068     2.4343  1.9817011  1.1404010   47.00148  -46.74022    34.9069    34.9228     4.0597     4.0626    27.7060    27.7186    6.03661    6.22822         25 0.0000e+00
      26211   1092.068    647.000     4.1047   3.286091     4.1046   3.287438      82.97     0.0093     2.7072     2.4347  1.9805800  1.1404152   47.00150  -46.74022    34.9068    34.9227     4.0565     4.0564    27.7062    27.7189    6.03345    6.22941         20 0.0000e+00
      26230   1092.864    648.000     4.1036   3.286070     4.1033   3.287382      53.42     0.0127     2.7067     2.4341  1.9803252  1.1404152   47.00150  -46.74022    34.9071    34.9229     4.0554     4.0550    27.7066    27.7192    6.02615    6.22388         18 0.0000e+00
      26247   1093.589    649.000     4.1042   3.286180     4.1037   3.287474      97.05     0.0103     2.7066     2.4340  1.9799582  1.1402704   47.00150  -46.74022    34.9073    34.9230     4.0559     4.0554    27.7067    27.7193    6.02675    6.22752         17 0.0000e+00
      26264   1094.276    650.000     4.1048   3.286294     4.1044   3.287603      96.35     0.0077     2.7059     2.4339  1.9792374  1.1391860   47.00150  -46.74022    34.9075    34.9233     4.0564     4.0560    27.7068    27.7194    6.02783    6.22658         16 0.0000e+00
      26280   1094.941    651.000     4.1053   3.286395     4.1049   3.287706      95.91     0.0094     2.7058     2.4336  1.9792429  1.1391941   47.00150  -46.74022    34.9076    34.9235     4.0568     4.0564    27.7069    27.7195    6.03246    6.22508         16 0.0000e+00
      26296   1095.622    652.000     4.1060   3.286515     4.1056   3.287837      97.07     0.0121     2.7061     2.4334  1.9792429  1.1391941   47.00150  -46.74022    34.9078    34.9237     4.0574     4.0570    27.7070    27.7196    6.02842    6.22618         17 0.0000e+00
      26314   1096.369    653.000     4.1063   3.286599     4.1059   3.287901      95.92     0.0111     2.7052     2.4332  1.9789240  1.1391941   47.00150  -46.74022    34.9079    34.9237     4.0576     4.0572    27.7070    27.7196    6.02606    6.23048         19 0.0000e+00
      26335   1097.259    654.000     4.1065   3.286664     4.1061   3.287963      83.07     0.0147     2.7051     2.4334  1.9786865  1.1391941   47.00150  -46.74022    34.9080    34.9237     4.0577     4.0573    27.7070    27.7196    6.02598    6.22545         24 0.0000e+00
      26360   1098.287    655.000     4.1062   3.286675     4.1059   3.287982      78.38     0.0149     2.7044     2.4323  1.9771019  1.1390970   47.00150  -46.74022    34.9079    34.9237     4.0574     4.0570    27.7070    27.7196    6.02671    6.21261         25 0.0000e+00
      26386   1099.378    656.000     4.1059   3.286690     4.1056   3.287989      96.28     0.0108     2.7045     2.4313  1.9771628  1.1391491   47.00150  -46.74022    34.9079    34.9236     4.0570     4.0566    27.7070    27.7196    6.03381    6.22122         27 0.0000e+00
      26412   1100.445    657.000     4.1058   3.286732     4.1054   3.288026      74.05     0.0140     2.7045     2.4311  1.9780279  1.1391945   47.00150  -46.74022    34.9079    34.9236     4.0568     4.0564    27.7071    27.7196    6.03636    6.22273         24 0.0000e+00
      26434   1101.362    658.000     4.1056   3.286755     4.1052   3.288059      83.47     0.0149     2.7050     2.4308  1.9780220  1.1391941   47.00152  -46.74022    34.9079    34.9237     4.0565     4.0561    27.7071    27.7197    6.03533    6.21799         20 0.0000e+00
      26452   1102.137    659.000     4.1052   3.286779     4.1049   3.288086      96.84     0.0114     2.7044     2.4300  1.9796265  1.1391941   47.00152  -46.74022    34.9081    34.9238     4.0561     4.0557    27.7073    27.7199    6.02731    6.22012         17 0.0000e+00
      26469   1102.853    660.000     4.1051   3.286808     4.1047   3.288111      95.80     0.0109     2.7041     2.4301  1.9797496  1.1391203   47.00152  -46.74022    34.9080    34.9238     4.0559     4.0555    27.7073    27.7199    6.01979    6.22724         17 0.0000e+00
      26486   1103.561    661.000     4.1051   3.286861     4.1047   3.288166      66.17     0.0114     2.7030     2.4303  1.9797179  1.1389232   47.00152  -46.74022    34.9081    34.9239     4.0558     4.0554    27.7074    27.7200    6.00872    6.22950         18 0.0000e+00
      26504   1104.308    662.000     4.1052   3.286921     4.1048   3.288225      81.19     0.0093     2.7015     2.4303  1.9780325  1.1379790   47.00152  -46.74022    34.9082    34.9240     4.0558     4.0554    27.7074    27.7200    6.00953    6.22979         18 0.0000e+00
      26524   1105.133    663.000     4.1053   3.286954     4.1049   3.288265      68.96     0.0096     2.7005     2.4302  1.9780220  1.1380825   47.00152  -46.74022    34.9080    34.9239     4.0558     4.0554    27.7073    27.7200    6.01564    6.22514         22 0.0000e+00
      26547   1106.103    664.000     4.1057   3.287056     4.1052   3.288344      64.30     0.0105     2.7001     2.4300  1.9780220  1.1379757   47.00152  -46.74022    34.9082    34.9239     4.0561     4.0557    27.7074    27.7199    6.02400    6.22924         25 0.0000e+00
      26573   1107.166    665.000     4.1067   3.287218     4.1062   3.288493      70.50     0.0140     2.7000     2.4302  1.9780220  1.1379732   47.00152  -46.74022    34.9085    34.9241     4.0571     4.0566    27.7075    27.7200    6.02405    6.22984         24 0.0000e+00
      26596   1108.117    666.000     4.1075   3.287366     4.1070   3.288643      97.11     0.0156     2.7003     2.4300  1.9780782  1.1379732   47.00152  -46.74022    34.9089    34.9245     4.0578     4.0573    27.7078    27.7203    6.02622    6.22739         22 0.0000e+00
      26617   1108.983    667.000     4.1065   3.287342     4.1062   3.288644      96.20     0.0174     2.6995     2.4299  1.9781371  1.1379732   47.00152  -46.74022    34.9092    34.9248     4.0567     4.0564    27.7081    27.7206    6.01903    6.22969         21 0.0000e+00
      26638   1109.881    668.000     4.1043   3.287180     4.1039   3.288485      60.01     0.0160     2.6993     2.4298  1.9780785  1.1380824   47.00152  -46.74023    34.9091    34.9249     4.0544     4.0540    27.7083    27.7209    6.01924    6.22306         22 0.0000e+00
      26661   1110.845    669.000     4.1037   3.287183     4.1032   3.288486      97.19     0.0192     2.6982     2.4286  1.9780213  1.1379718   47.00153  -46.74024    34.9092    34.9251     4.0538     4.0533    27.7084    27.7211    6.01010    6.21178         23 0.0000e+00
      26683   1111.757    670.000     4.1042   3.287282     4.1036   3.288566      96.60     0.0168     2.6971     2.4276  1.9778330  1.1379732   47.00154  -46.74024    34.9093    34.9251     4.0542     4.0536    27.7085    27.7211    6.00431    6.20940         20 0.0000e+00
      26702   1112.534    671.000     4.1065   3.287578     4.1049   3.288769      68.48     0.0198     2.6962     2.4266  1.9772661  1.1379732   47.00154  -46.74024    34.9099    34.9255     4.0564     4.0548    27.7087    27.7213    6.00834    6.20781         18 0.0000e+00
      26719   1113.234    672.000     4.1090   3.287889     4.1082   3.289140      75.81     0.0204     2.6956     2.4258  1.9774123  1.1379732   47.00154  -46.74024    34.9104    34.9260     4.0588     4.0579    27.7089    27.7214    6.00607    6.20609         16 0.0000e+00
      26735   1113.913    673.000     4.1095   3.288005     4.1090   3.289273      96.54     0.0166     2.6948     2.4252  1.9768045  1.1379732   47.00154  -46.74024    34.9107    34.9262     4.0593     4.0587    27.7090    27.7214    6.00293    6.20196         17 0.0000e+00
      26753   1114.656    674.000     4.1116   3.288285     4.1107   3.289513      97.06     0.0164     2.6942     2.4240  1.9765476  1.1379732   47.00154  -46.74024    34.9113    34.9267     4.0612     4.0603    27.7093    27.7217    5.99865    6.19620         19 0.0000e+00
      26778   1115.705    675.000     4.1215   3.289372     4.1208   3.290637      65.35     0.0162     2.6925     2.4225  1.9771235  1.1379732   47.00154  -46.74024    34.9130    34.9288     4.0711     4.0703    27.7097    27.7223    5.98845    6.19075         34 0.0000e+00
      26815   1117.245    676.000     4.1231   3.289574     4.1229   3.290893      89.93     0.0116     2.6902     2.4202  1.9779695  1.1379732   47.00154  -46.74024    34.9133    34.9291     4.0724     4.0722    27.7098    27.7223    5.99112    6.19001         31 0.0000e+00
      26838   1118.193    677.000     4.1232   3.289654     4.1225   3.290910      92.00     0.0135     2.6893     2.4198  1.9766415  1.1391588   47.00156  -46.74024    34.9136    34.9292     4.0725     4.0739    27.7099    27.7224    5.98480    6.20110         19 0.0000e+00
      26854   1118.878    678.000     4.1246   3.289861     4.1238   3.291118      46.04     0.0129     2.6883     2.4200  1.9767197  1.1392763   47.00156  -46.74024    34.9140    34.9296     4.0738     4.0730    27.7102    27.7226    5.98704    6.20259         15 0.0000e+00
      26869   1119.500    679.000     4.1348   3.290981     4.1338   3.292215      97.00     0.0128     2.6883     2.4196  1.9763124  1.1391941   47.00156  -46.74024    34.9160    34.9316     4.0838     4.0829    27.7107    27.7232    5.99015    6.20055         15 0.0000e+00
      26884   1120.132    680.000     4.1359   3.291127     4.1355   3.292414      96.84     0.0121     2.6874     2.4197  1.9800768  1.1399411   47.00156  -46.74024    34.9160    34.9316     4.0849     4.0845    27.7106    27.7230    5.98819    6.20117         16 0.0000e+00
      26901   1120.849    681.000     4.1346   3.291039     4.1335   3.292260      96.28     0.0117     2.6872     2.4194  1.9804531  1.1400270   47.00156  -46.74024    34.9158    34.9314     4.0836     4.0824    27.7105    27.7231    5.98735    6.19892         19 0.0000e+00
      26924   1121.793    682.000     4.1341   3.291015     4.1334   3.292272      96.94     0.0143     2.6865     2.4192  1.9792939  1.1402690   47.00156  -46.74024    34.9156    34.9311     4.0829     4.0822    27.7104    27.7229    5.98154    6.19918         27 0.0000e+00
      26952   1122.962    683.000     4.1349   3.291134     4.1335   3.292330      65.10     0.0154     2.6851     2.4186  1.9780178  1.1404157   47.00156  -46.74024    34.9156    34.9311     4.0836     4.0823    27.7104    27.7229    5.97955    6.19388         27 0.0000e+00
      26976   1123.957    684.000     4.1337   3.291057     4.1332   3.292343      96.98     0.0164     2.6839     2.4179  1.9784284  1.1408216   47.00156  -46.74024    34.9155    34.9311     4.0824     4.0819    27.7104    27.7229    5.98132    6.19473         21 0.0000e+00
      26996   1124.795    685.000     4.1334   3.291077     4.1331   3.292376      97.04     0.0178     2.6843     2.4178  1.9790524  1.1412522   47.00156  -46.74024    34.9155    34.9311     4.0820     4.0817    27.7104    27.7229    6.00198    6.20029         19 0.0000e+00
      27015   1125.602    686.000     4.1327   3.291044     4.1322   3.292339      62.96     0.0210     2.6852     2.4178  1.9793034  1.1413916   47.00156  -46.74025    34.9153    34.9311     4.0812     4.0807    27.7104    27.7230    6.00662    6.20352         20 0.0000e+00
      27036   1126.467    687.000     4.1329   3.291103     4.1323   3.292391      88.30     0.0194     2.6859     2.4180  1.9805579  1.1409211   47.00156  -46.74026    34.9153    34.9310     4.0813     4.0808    27.7104    27.7230    6.00317    6.21291         22 0.0000e+00
      27059   1127.418    688.000     4.1313   3.290989     4.1316   3.292362      73.33     0.0171     2.6861     2.4188  1.9804637  1.1411057   47.00158  -46.74026    34.9151    34.9309     4.0797     4.0800    27.7104    27.7230    6.00606    6.21441         23 0.0000e+00
      27081   1128.350    689.000     4.1208   3.289970     4.1215   3.291375      80.61     0.0160     2.6865     2.4189  1.9798129  1.1405212   47.00158  -46.74026    34.9136    34.9295     4.0692     4.0698    27.7103    27.7229    6.01283    6.21037         21 0.0000e+00
      27101   1129.167    690.000     4.1109   3.289003     4.1118   3.290447      96.50     0.0165     2.6874     2.4189  1.9796927  1.1405437   47.00158  -46.74026    34.9121    34.9282     4.0593     4.0601    27.7102    27.7229    6.01651    6.21203         19 0.0000e+00
      27119   1129.932    691.000     4.0974   3.287682     4.0982   3.289126      96.89     0.0186     2.6880     2.4188  1.9809970  1.1404161   47.00158  -46.74026    34.9103    34.9265     4.0457     4.0465    27.7102    27.7230    6.02253    6.21500         18 0.0000e+00
      27139   1130.736    692.000     4.0927   3.287265     4.0922   3.288560      55.63     0.0179     2.6885     2.4189  1.9817878  1.1404152   47.00158  -46.74026    34.9098    34.9257     4.0410     4.0405    27.7103    27.7229    6.02126    6.21940         21 0.0000e+00
      27161   1131.646    693.000     4.0881   3.286824     4.0876   3.288116      95.82     0.0170     2.6887     2.4190  1.9814281  1.1397407   47.00158  -46.74026    34.9090    34.9248     4.0363     4.0358    27.7101    27.7227    6.02267    6.21949         23 0.0000e+00
      27184   1132.618    694.000     4.0863   3.286676     4.0854   3.287945      97.04     0.0185     2.6891     2.4190  1.9809568  1.1379477   47.00158  -46.74026    34.9086    34.9245     4.0344     4.0336    27.7100    27.7227    6.02622    6.22350         22 0.0000e+00
      27205   1133.493    695.000     4.0862   3.286709     4.0857   3.288025      96.35     0.0161     2.6894     2.4193  1.9807043  1.1379732   47.00158  -46.74026    34.9086    34.9245     4.0342     4.0338    27.7100    27.7227    6.02588    6.22852         20 0.0000e+00
      27224   1134.271    696.000     4.0862   3.286767     4.0859   3.288073      96.40     0.0132     2.6900     2.4198  1.9812106  1.1374301   47.00160  -46.74026    34.9087    34.9245     4.0342     4.0338    27.7101    27.7227    6.03168    6.22894         18 0.0000e+00
