data/CTD/2013/CNV/D021A040.CNV
* Sea-Bird SBE 9 Data File:
* FileName = C:\CTD_ACQUISITION\2013021HUD\ctddata\021A040.hdr
* Software Version Seasave V 7.22.2
* Temperature SN = 5081
* Conductivity SN = 3561
* Number of Bytes Per Scan = 37
* Number of Voltage Words = 4
* Number of Scans Averaged by the Deck Unit = 1
* NMEA Latitude = 48 29.61 N
* NMEA Longitude = 046 43.71 W
* NMEA UTC (Time) = Jul 03 2013 23:36:18
* NMEA baud rate = 9600
** Ship: Hudson
** Cruise: HUD2013021
** Chief_Scientist: Greenan
** Organization: BIO
** Area_of_Operation: Sackville Spur
** Station: 40
** Sounding:  1744
** Event_Comments: SS07  393180
# nquan = 25
# nvalues = 1637                        
# units = specified
# name 0 = scan: Scan Count
# name 1 = timeS: Time, Elapsed [seconds]
# name 2 = prDM: Pressure, Digiquartz [db]
# name 3 = t068C: Temperature [ITS-68, deg C]
# name 4 = c0S/m: Conductivity [S/m]
# name 5 = t168C: Temperature, 2 [ITS-68, deg C]
# name 6 = c1S/m: Conductivity, 2 [S/m]
# name 7 = altM: Altimeter [m]
# name 8 = flCUVA: Fluorescence, Chelsea UV Aquatracka [ug/l]
# name 9 = sbeox0V: Oxygen raw, SBE 43 [V]
# name 10 = sbeox1V: Oxygen raw, SBE 43, 2 [V]
# name 11 = upoly0: Upoly 0, Optode 4330F - O2 D-Phase
# name 12 = upoly1: Upoly 1, Optode 4330F - O2 Temp
# name 13 = latitude: Latitude [deg]
# name 14 = longitude: Longitude [deg]
# name 15 = sal00: Salinity, Practical [PSU]
# name 16 = sal11: Salinity, Practical, 2 [PSU]
# name 17 = potemp068C: Potential Temperature [ITS-68, deg C]
# name 18 = potemp168C: Potential Temperature, 2 [ITS-68, deg C]
# name 19 = sigma-é00: Density [sigma-theta, Kg/m^3]
# name 20 = sigma-é11: Density, 2 [sigma-theta, Kg/m^3]
# name 21 = sbeox0ML/L: Oxygen, SBE 43 [ml/l], WS = 2
# name 22 = sbeox1ML/L: Oxygen, SBE 43, 2 [ml/l], WS = 2
# name 23 = nbin: number of scans per bin
# name 24 = flag: flag
# span 0 =      10171,      47575       
# span 1 =    423.766,   1982.269       
# span 2 =      2.000,   1638.000       
# span 3 =     3.1443,     7.1683       
# span 4 =   3.114601,   3.409971       
# span 5 =     3.1438,     7.1677       
# span 6 =   3.116022,   3.411424       
# span 7 =     -36.81,     101.49       
# span 8 =     0.0052,     0.5660       
# span 9 =     2.3824,     3.4496       
# span 10 =     2.1428,     3.0741      
# span 11 =  1.6998008,  2.0626963      
# span 12 =  1.0187565,  1.5251925      
# span 13 =   48.49368,   48.49424      
# span 14 =  -46.73144,  -46.72963      
# span 15 =    33.2796,    34.9218      
# span 16 =    33.2943,    34.9389      
# span 17 =     3.1381,     7.1679      
# span 18 =     3.1377,     7.1673      
# span 19 =    26.0428,    27.7986      
# span 20 =    26.0543,    27.8124      
# span 21 =    5.85853,    7.54683      
# span 22 =    6.09326,    7.65170      
# span 23 =         11,         98      
# span 24 = 0.0000e+00, 0.0000e+00      
# interval = decibars: 1                
# start_time = Jul 03 2013 23:36:18 [NMEA time, header]
# bad_flag = -9.990e-29
*END*
[from data line 348]
      20779    865.745    350.000     3.9665   3.257591     3.9663   3.259020      96.62     0.0155     2.8333     2.5449  1.9511535  1.1203036   48.49398  -46.73132    34.8728    34.8899     3.9416     3.9414    27.6912    27.7049    6.17810    6.35749         17 0.0000e+00
      20797    866.485    351.000     3.9667   3.257650     3.9666   3.259095      77.99     0.0135     2.8328     2.5449  1.9511600  1.1203009   48.49398  -46.73132    34.8727    34.8900     3.9418     3.9416    27.6911    27.7049    6.17800    6.36082         19 0.0000e+00
      20817    867.323    352.000     3.9670   3.257673     3.9668   3.259151      69.38     0.0110     2.8328     2.5450  1.9511600  1.1203233   48.49398  -46.73132    34.8722    34.8900     3.9419     3.9417    27.6907    27.7049    6.18602    6.36802         22 0.0000e+00
      20842    868.382    353.000     3.9670   3.257764     3.9669   3.259206      94.89     0.0145     2.8333     2.5453  1.9511600  1.1199681   48.49398  -46.73132    34.8726    34.8900     3.9419     3.9418    27.6911    27.7049    6.18335    6.36391         28 0.0000e+00
      20871    869.574    354.000     3.9670   3.257813     3.9667   3.259247      70.17     0.0170     2.8319     2.5451  1.9519503  1.1203470   48.49398  -46.73132    34.8728    34.8901     3.9418     3.9415    27.6912    27.7050    6.17472    6.36224         27 0.0000e+00
      20896    870.608    355.000     3.9664   3.257818     3.9662   3.259262      61.93     0.0146     2.8317     2.5449  1.9523373  1.1204573   48.49397  -46.73132    34.8729    34.8903     3.9412     3.9409    27.6913    27.7052    6.17775    6.37141         23 0.0000e+00
      20916    871.459    356.000     3.9664   3.257862     3.9659   3.259282      50.96     0.0146     2.8314     2.5457  1.9520595  1.1207508   48.49396  -46.73132    34.8729    34.8903     3.9411     3.9405    27.6914    27.7053    6.17532    6.37022         19 0.0000e+00
      20934    872.192    357.000     3.9661   3.257895     3.9656   3.259325      95.48     0.0174     2.8304     2.5453  1.9517688  1.1208031   48.49396  -46.73132    34.8730    34.8905     3.9407     3.9402    27.6915    27.7055    6.17265    6.35965         16 0.0000e+00
      20950    872.876    358.000     3.9654   3.257904     3.9652   3.259330      45.97     0.0202     2.8302     2.5447  1.9523096  1.1208074   48.49396  -46.73132    34.8733    34.8905     3.9400     3.9397    27.6918    27.7055    6.17652    6.35788         17 0.0000e+00
      20967    873.589    359.000     3.9651   3.257913     3.9650   3.259356      87.35     0.0160     2.8300     2.5443  1.9523795  1.1202134   48.49396  -46.73132    34.8733    34.8906     3.9395     3.9394    27.6918    27.7056    6.17823    6.35532         18 0.0000e+00
      20988    874.468    360.000     3.9647   3.257920     3.9644   3.259342      95.15     0.0152     2.8297     2.5433  1.9523338  1.1202898   48.49396  -46.73134    34.8732    34.8904     3.9391     3.9388    27.6918    27.7055    6.17667    6.35131         25 0.0000e+00
      21015    875.597    361.000     3.9635   3.257848     3.9634   3.259296      68.51     0.0113     2.8288     2.5418  1.9513741  1.1201538   48.49396  -46.73134    34.8731    34.8904     3.9378     3.9377    27.6919    27.7056    6.17682    6.33931         27 0.0000e+00
      21039    876.584    362.000     3.9621   3.257788     3.9620   3.259235      83.46     0.0156     2.8292     2.5403  1.9511551  1.1200216   48.49396  -46.73134    34.8734    34.8907     3.9363     3.9362    27.6922    27.7060    6.18239    6.35301         20 0.0000e+00
      21057    877.340    363.000     3.9618   3.257829     3.9616   3.259252      96.28     0.0170     2.8289     2.5406  1.9509426  1.1203793   48.49396  -46.73134    34.8736    34.8908     3.9360     3.9358    27.6924    27.7061    6.18198    6.36407         17 0.0000e+00
      21073    877.980    364.000     3.9611   3.257830     3.9609   3.259262      95.23     0.0124     2.8289     2.5409  1.9508983  1.1203558   48.49396  -46.73134    34.8738    34.8910     3.9352     3.9350    27.6927    27.7064    6.18308    6.36280         14 0.0000e+00
      21087    878.578    365.000     3.9601   3.257813     3.9599   3.259254      71.04     0.0129     2.8289     2.5409  1.9510771  1.1201483   48.49396  -46.73134    34.8742    34.8914     3.9341     3.9340    27.6931    27.7068    6.18418    6.36017         15 0.0000e+00
      21102    879.206    366.000     3.9590   3.257815     3.9588   3.259255      57.63     0.0154     2.8290     2.5405  1.9522598  1.1201171   48.49394  -46.73134    34.8748    34.8921     3.9330     3.9328    27.6937    27.7075    6.18165    6.35671         16 0.0000e+00
      21121    879.981    367.000     3.9595   3.257928     3.9593   3.259369      94.52     0.0148     2.8283     2.5403  1.9535359  1.1196815   48.49394  -46.73134    34.8751    34.8924     3.9334     3.9332    27.6939    27.7077    6.17345    6.35375         22 0.0000e+00
      21150    881.212    368.000     3.9593   3.257958     3.9590   3.259393      83.06     0.0146     2.8273     2.5396  1.9524125  1.1197281   48.49394  -46.73134    34.8751    34.8925     3.9331     3.9328    27.6939    27.7078    6.17193    6.35619         35 0.0000e+00
      21181    882.483    369.000     3.9597   3.258061     3.9594   3.259491      72.70     0.0164     2.8258     2.5392  1.9511136  1.1196555   48.49394  -46.73134    34.8754    34.8927     3.9335     3.9331    27.6941    27.7080    6.16547    6.35620         24 0.0000e+00
      21201    883.339    370.000     3.9606   3.258212     3.9602   3.259639      96.84     0.0158     2.8247     2.5390  1.9512998  1.1197979   48.49394  -46.73134    34.8757    34.8930     3.9342     3.9339    27.6943    27.7081    6.17149    6.36346         18 0.0000e+00
      21218    884.042    371.000     3.9612   3.258383     3.9610   3.259809      95.56     0.0184     2.8253     2.5394  1.9512345  1.1196541   48.49392  -46.73134    34.8765    34.8937     3.9348     3.9346    27.6949    27.7086    6.18040    6.36609         16 0.0000e+00
      21233    884.686    372.000     3.9592   3.258260     3.9591   3.259680      61.23     0.0174     2.8251     2.5396  1.9512362  1.1196581   48.49392  -46.73134    34.8766    34.8937     3.9328     3.9326    27.6952    27.7088    6.17981    6.36650         16 0.0000e+00
      21250    885.359    373.000     3.9551   3.257911     3.9546   3.259319      69.53     0.0137     2.8251     2.5396  1.9520738  1.1196581   48.49392  -46.73134    34.8764    34.8936     3.9285     3.9280    27.6954    27.7092    6.18217    6.36134         17 0.0000e+00
      21270    886.192    374.000     3.9537   3.257805     3.9535   3.259242      94.29     0.0132     2.8252     2.5390  1.9524657  1.1197067   48.49392  -46.73134    34.8761    34.8934     3.9271     3.9268    27.6953    27.7091    6.18261    6.35709         24 0.0000e+00
      21299    887.415    375.000     3.9530   3.257762     3.9527   3.259194      75.32     0.0181     2.8255     2.5386  1.9524549  1.1196581   48.49392  -46.73134    34.8757    34.8931     3.9263     3.9260    27.6951    27.7090    6.18143    6.36140         33 0.0000e+00
      21328    888.642    376.000     3.9519   3.257705     3.9516   3.259134      82.57     0.0185     2.8241     2.5383  1.9523785  1.1196055   48.49392  -46.73134    34.8757    34.8930     3.9251     3.9248    27.6953    27.7091    6.17065    6.36111         24 0.0000e+00
      21349    889.517    377.000     3.9513   3.257726     3.9511   3.259157      46.93     0.0142     2.8240     2.5381  1.9513984  1.1196591   48.49392  -46.73134    34.8760    34.8933     3.9245     3.9242    27.6955    27.7093    6.17719    6.36188         19 0.0000e+00
      21366    890.211    378.000     3.9517   3.257827     3.9515   3.259269      67.14     0.0141     2.8239     2.5379  1.9511590  1.1196581   48.49390  -46.73134    34.8763    34.8936     3.9248     3.9246    27.6957    27.7095    6.17247    6.35962         15 0.0000e+00
      21381    890.825    379.000     3.9522   3.257954     3.9521   3.259382      46.33     0.0148     2.8225     2.5377  1.9511600  1.1196581   48.49390  -46.73134    34.8767    34.8939     3.9253     3.9251    27.6960    27.7097    6.16917    6.35286         14 0.0000e+00
      21395    891.423    380.000     3.9525   3.258023     3.9523   3.259461      75.20     0.0138     2.8230     2.5368  1.9530520  1.1186709   48.49390  -46.73134    34.8767    34.8940     3.9255     3.9253    27.6960    27.7098    6.17337    6.35086         15 0.0000e+00
      21411    892.069    381.000     3.9529   3.258111     3.9526   3.259539      96.24     0.0122     2.8218     2.5365  1.9535893  1.1184425   48.49390  -46.73134    34.8768    34.8941     3.9258     3.9254    27.6960    27.7098    6.16956    6.35861         17 0.0000e+00
      21430    892.880    382.000     3.9539   3.258259     3.9536   3.259692      92.24     0.0142     2.8219     2.5363  1.9532465  1.1184372   48.49390  -46.73134    34.8770    34.8943     3.9267     3.9264    27.6961    27.7099    6.17376    6.36042         23 0.0000e+00
      21459    894.083    383.000     3.9554   3.258478     3.9551   3.259910      62.34     0.0174     2.8210     2.5363  1.9510846  1.1184372   48.49389  -46.73134    34.8774    34.8947     3.9281     3.9278    27.6963    27.7101    6.17089    6.36269         31 0.0000e+00
      21485    895.163    384.000     3.9555   3.258562     3.9553   3.259992      97.08     0.0139     2.8206     2.5362  1.9521182  1.1188880   48.49388  -46.73134    34.8777    34.8950     3.9282     3.9279    27.6965    27.7103    6.17085    6.36382         22 0.0000e+00
      21504    895.966    385.000     3.9558   3.258652     3.9555   3.260076      96.73     0.0171     2.8202     2.5362  1.9534452  1.1195793   48.49388  -46.73134    34.8780    34.8952     3.9284     3.9281    27.6967    27.7105    6.16646    6.36330         18 0.0000e+00
      21521    896.685    386.000     3.9562   3.258755     3.9559   3.260173      60.04     0.0175     2.8193     2.5362  1.9533890  1.1195865   48.49388  -46.73134    34.8783    34.8955     3.9287     3.9283    27.6969    27.7106    6.16190    6.35413         17 0.0000e+00
      21539    897.423    387.000     3.9561   3.258800     3.9558   3.260225      74.32     0.0182     2.8185     2.5350  1.9533982  1.1195236   48.49388  -46.73134    34.8784    34.8956     3.9285     3.9282    27.6970    27.7107    6.16254    6.34717         18 0.0000e+00
      21560    898.299    388.000     3.9564   3.258876     3.9561   3.260290      96.41     0.0184     2.8178     2.5342  1.9535488  1.1196561   48.49386  -46.73134    34.8784    34.8956     3.9287     3.9284    27.6970    27.7107    6.15764    6.35324         24 0.0000e+00
      21584    899.295    389.000     3.9570   3.258987     3.9568   3.260415      87.82     0.0146     2.8163     2.5341  1.9536021  1.1195515   48.49386  -46.73134    34.8786    34.8957     3.9292     3.9290    27.6971    27.7108    6.16156    6.35944         23 0.0000e+00
      21606    900.190    390.000     3.9574   3.259081     3.9569   3.260481      40.47     0.0153     2.8167     2.5339  1.9536020  1.1195972   48.49386  -46.73134    34.8787    34.8959     3.9296     3.9291    27.6971    27.7109    6.16682    6.35434         20 0.0000e+00
      21624    900.961    391.000     3.9579   3.259189     3.9576   3.260612      75.19     0.0161     2.8159     2.5332  1.9536020  1.1195862   48.49386  -46.73134    34.8790    34.8962     3.9300     3.9297    27.6973    27.7110    6.15881    6.35439         17 0.0000e+00
      21642    901.704    392.000     3.9589   3.259376     3.9586   3.260805      95.62     0.0095     2.8153     2.5334  1.9536020  1.1196576   48.49386  -46.73134    34.8796    34.8969     3.9309     3.9306    27.6977    27.7115    6.16176    6.36213         19 0.0000e+00
      21662    902.539    393.000     3.9589   3.259440     3.9587   3.260870      70.36     0.0084     2.8153     2.5333  1.9536020  1.1196581   48.49386  -46.73134    34.8798    34.8970     3.9309     3.9306    27.6979    27.7116    6.16805    6.36024         22 0.0000e+00
      21689    903.666    394.000     3.9590   3.259484     3.9587   3.260916      81.84     0.0111     2.8149     2.5329  1.9536020  1.1196581   48.49386  -46.73134    34.8797    34.8969     3.9309     3.9306    27.6978    27.7116    6.16190    6.35421         32 0.0000e+00
      21720    904.951    395.000     3.9566   3.259332     3.9565   3.260781      97.07     0.0144     2.8146     2.5325  1.9536020  1.1196581   48.49386  -46.73134    34.8799    34.8972     3.9284     3.9302    27.6982    27.7120    6.17472    6.36138         26 0.0000e+00
      21742    905.880    396.000     3.9562   3.259382     3.9558   3.260813      45.06     0.0152     2.8157     2.5325  1.9536020  1.1196581   48.49386  -46.73134    34.8804    34.8978     3.9279     3.9274    27.6987    27.7125    6.17524    6.35863         19 0.0000e+00
      21759    906.578    397.000     3.9584   3.259683     3.9581   3.261112      87.95     0.0166     2.8152     2.5323  1.9536020  1.1196581   48.49385  -46.73134    34.8812    34.8983     3.9300     3.9312    27.6991    27.7127    6.16361    6.35363         16 0.0000e+00
      21773    907.175    398.000     3.9587   3.259781     3.9584   3.261195      96.55     0.0201     2.8145     2.5317  1.9530889  1.1196581   48.49384  -46.73134    34.8814    34.8985     3.9303     3.9300    27.6992    27.7129    6.16413    6.35499         14 0.0000e+00
      21787    907.739    399.000     3.9569   3.259679     3.9567   3.261082      95.24     0.0206     2.8143     2.5317  1.9523944  1.1196581   48.49384  -46.73134    34.8814    34.8985     3.9285     3.9282    27.6994    27.7130    6.16695    6.36328         13 0.0000e+00
      21801    908.333    400.000     3.9546   3.259495     3.9545   3.260927      17.03     0.0198     2.8147     2.5320  1.9523809  1.1196581   48.49384  -46.73134    34.8813    34.8984     3.9260     3.9259    27.6996    27.7132    6.16999    6.37087         15 0.0000e+00
      21819    909.069    401.000     3.9535   3.259419     3.9534   3.260856      45.98     0.0180     2.8140     2.5325  1.9535993  1.1196581   48.49384  -46.73134    34.8810    34.8982     3.9249     3.9248    27.6995    27.7132    6.17380    6.37874         22 0.0000e+00
      21851    910.426    402.000     3.9516   3.259275     3.9514   3.260706      96.71     0.0158     2.8150     2.5330  1.9560683  1.1196269   48.49384  -46.73134    34.8807    34.8980     3.9229     3.9227    27.6995    27.7132    6.18268    6.36307         40 0.0000e+00
      21882    911.728    403.000     3.9489   3.259071     3.9487   3.260508      55.10     0.0130     2.8154     2.5323  1.9535828  1.1196018   48.49383  -46.73134    34.8807    34.8979     3.9202     3.9200    27.6997    27.7135    6.18369    6.36783         22 0.0000e+00
      21902    912.548    404.000     3.9465   3.258899     3.9461   3.260316      81.65     0.0108     2.8161     2.5324  1.9536002  1.1194497   48.49382  -46.73134    34.8806    34.8979     3.9177     3.9173    27.6999    27.7137    6.17983    6.37058         18 0.0000e+00
      21919    913.238    405.000     3.9453   3.258846     3.9450   3.260269      96.93     0.0097     2.8152     2.5326  1.9547614  1.1188878   48.49382  -46.73134    34.8807    34.8979     3.9164     3.9161    27.7001    27.7139    6.17524    6.37410         16 0.0000e+00
      21934    913.886    406.000     3.9431   3.258687     3.9429   3.260107      96.77     0.0099     2.8156     2.5326  1.9560244  1.1184441   48.49382  -46.73134    34.8807    34.8978     3.9141     3.9139    27.7003    27.7140    6.18312    6.37956         16 0.0000e+00
