data/CTD/2013/CNV/D021A014.CNV
* Sea-Bird SBE 9 Data File:
* FileName = C:\CTD_ACQUISITION\2013021HUD\ctddata\021A014.hdr
* Software Version Seasave V 7.22.2
* Temperature SN = 5081
* Conductivity SN = 3561
* Number of Bytes Per Scan = 37
* Number of Voltage Words = 4
* Number of Scans Averaged by the Deck Unit = 1
* NMEA Latitude = 46 59.97 N
* NMEA Longitude = 047 04.95 W
* NMEA UTC (Time) = Jul 01 2013 22:38:05
* NMEA baud rate = 9600
** Ship: Hudson
** Cruise: HUD2013021
** Chief_Scientist: Greenan
** Organization: BIO
** Area_of_Operation: Sackville Spur
** Station: 14
** Sounding:  1105
** Event_Comments: FC16.5  393115
# nquan = 25
# nvalues = 1090                        
# units = specified
# name 0 = scan: Scan Count
# name 1 = timeS: Time, Elapsed [seconds]
# name 2 = prDM: Pressure, Digiquartz [db]
# name 3 = t068C: Temperature [ITS-68, deg C]
# name 4 = c0S/m: Conductivity [S/m]
# name 5 = t168C: Temperature, 2 [ITS-68, deg C]
# name 6 = c1S/m: Conductivity, 2 [S/m]
# name 7 = altM: Altimeter [m]
# name 8 = flCUVA: Fluorescence, Chelsea UV Aquatracka [ug/l]
# name 9 = sbeox0V: Oxygen raw, SBE 43 [V]
# name 10 = sbeox1V: Oxygen raw, SBE 43, 2 [V]
# name 11 = upoly0: Upoly 0, Optode 4330F - O2 D-Phase
# name 12 = upoly1: Upoly 1, Optode 4330F - O2 Temp
# name 13 = latitude: Latitude [deg]
# name 14 = longitude: Longitude [deg]
# name 15 = sal00: Salinity, Practical [PSU]
# name 16 = sal11: Salinity, Practical, 2 [PSU]
# name 17 = potemp068C: Potential Temperature [ITS-68, deg C]
# name 18 = potemp168C: Potential Temperature, 2 [ITS-68, deg C]
# name 19 = sigma-é00: Density [sigma-theta, Kg/m^3]
# name 20 = sigma-é11: Density, 2 [sigma-theta, Kg/m^3]
# name 21 = sbeox0ML/L: Oxygen, SBE 43 [ml/l], WS = 2
# name 22 = sbeox1ML/L: Oxygen, SBE 43, 2 [ml/l], WS = 2
# name 23 = nbin: number of scans per bin
# name 24 = flag: flag
# span 0 =       9652,      39005       
# span 1 =    402.116,   1625.163       
# span 2 =      1.000,   1090.000       
# span 3 =    -0.0285,     6.7191       
# span 4 =   2.774192,   3.286011       
# span 5 =    -0.0287,     6.7193       
# span 6 =   2.775429,   3.287277       
# span 7 =       1.90,      99.91       
# span 8 =     0.0057,     0.2066       
# span 9 =     2.5374,     3.3730       
# span 10 =     2.2844,     3.0116      
# span 11 =  1.7143066,  2.0292985      
# span 12 =  0.6337256,  1.4676158      
# span 13 =   46.99906,   46.99954      
# span 14 =  -47.08382,  -47.08291      
# span 15 =    32.4931,    34.9082      
# span 16 =    32.5078,    34.9239      
# span 17 =    -0.0306,     6.7184      
# span 18 =    -0.0309,     6.7185      
# span 19 =    25.4817,    27.7447      
# span 20 =    25.4933,    27.7573      
# span 21 =    5.91049,    7.88780      
# span 22 =    6.13137,    8.01617      
# span 23 =          4,        103      
# span 24 = 0.0000e+00, 0.0000e+00      
# interval = decibars: 1                
# start_time = Jul 01 2013 22:38:05 [NMEA time, header]
# bad_flag = -9.990e-29
*END*
[from data line 812]
      31696   1320.618    813.000     4.0088   3.284502     4.0088   3.285819      97.28     0.0090     2.6813     2.4086  1.9733155  1.1270813   46.99936  -47.08368    34.9032    34.9187     3.9478     3.9517    27.7147    27.7271    6.10239    6.28537         25 0.0000e+00
      31718   1321.545    814.000     4.0060   3.284283     4.0058   3.285570      97.11     0.0111     2.6812     2.4082  1.9731374  1.1273921   46.99936  -47.08368    34.9029    34.9183     3.9450     3.9447    27.7148    27.7271    6.10187    6.29866         21 0.0000e+00
      31738   1322.380    815.000     4.0056   3.284287     4.0054   3.285570      97.08     0.0119     2.6808     2.4088  1.9732672  1.1270465   46.99936  -47.08368    34.9029    34.9183     3.9445     3.9442    27.7148    27.7271    6.09673    6.30581         19 0.0000e+00
      31758   1323.213    816.000     4.0057   3.284332     4.0052   3.285597      97.14     0.0115     2.6802     2.4091  1.9736634  1.1262236   46.99938  -47.08368    34.9028    34.9183     3.9445     3.9440    27.7148    27.7272    6.10060    6.31057         21 0.0000e+00
      31780   1324.128    817.000     4.0055   3.284356     4.0051   3.285629      97.07     0.0111     2.6805     2.4098  1.9736470  1.1260715   46.99938  -47.08368    34.9028    34.9182     3.9442     3.9438    27.7148    27.7271    6.10829    6.31079         24 0.0000e+00
      31807   1325.245    818.000     4.0053   3.284383     4.0051   3.285665      97.08     0.0143     2.6804     2.4101  1.9743029  1.1258497   46.99936  -47.08368    34.9028    34.9182     3.9440     3.9437    27.7148    27.7272    6.10123    6.30656         30 0.0000e+00
      31839   1326.575    819.000     4.0027   3.284171     4.0023   3.285449      51.91     0.0146     2.6805     2.4098  1.9740512  1.1257625   46.99936  -47.08368    34.9026    34.9181     3.9413     3.9423    27.7149    27.7274    6.10314    6.29750         32 0.0000e+00
      31867   1327.760    820.000     3.9956   3.283536     3.9954   3.284829      97.41     0.0147     2.6792     2.4090  1.9738690  1.1257632   46.99936  -47.08369    34.9020    34.9175     3.9342     3.9339    27.7152    27.7276    6.09057    6.30118         25 0.0000e+00
      31891   1328.730    821.000     3.9919   3.283207     3.9918   3.284526      97.13     0.0149     2.6784     2.4089  1.9728036  1.1257632   46.99937  -47.08369    34.9016    34.9172     3.9304     3.9303    27.7153    27.7278    6.10347    6.30779         22 0.0000e+00
      31911   1329.580    822.000     3.9889   3.282959     3.9889   3.284279      88.81     0.0105     2.6789     2.4093  1.9719205  1.1257632   46.99937  -47.08368    34.9012    34.9169     3.9273     3.9273    27.7153    27.7278    6.10166    6.31767         19 0.0000e+00
      31930   1330.377    823.000     3.9868   3.282809     3.9869   3.284137      97.17     0.0099     2.6778     2.4099  1.9721102  1.1256988   46.99936  -47.08370    34.9011    34.9168     3.9252     3.9252    27.7155    27.7279    6.09754    6.31976         19 0.0000e+00
      31949   1331.182    824.000     3.9837   3.282563     3.9839   3.283900      97.06     0.0107     2.6779     2.4100  1.9736171  1.1245492   46.99934  -47.08370    34.9010    34.9166     3.9220     3.9222    27.7157    27.7281    6.10160    6.31539         20 0.0000e+00
      31970   1332.057    825.000     3.9824   3.282482     3.9823   3.283782      97.12     0.0167     2.6774     2.4101  1.9737477  1.1245421   46.99936  -47.08368    34.9010    34.9164     3.9206     3.9205    27.7158    27.7281    6.09946    6.31455         22 0.0000e+00
      31995   1333.094    826.000     3.9818   3.282465     3.9814   3.283746      97.13     0.0153     2.6773     2.4099  1.9743527  1.1235495   46.99936  -47.08369    34.9009    34.9164     3.9199     3.9195    27.7158    27.7282    6.11029    6.30795         28 0.0000e+00
      32024   1334.296    827.000     3.9808   3.282419     3.9805   3.283700      97.08     0.0141     2.6774     2.4089  1.9741899  1.1233205   46.99936  -47.08370    34.9008    34.9163     3.9189     3.9185    27.7158    27.7283    6.10740    6.29789         29 0.0000e+00
      32053   1335.482    828.000     3.9802   3.282405     3.9799   3.283695      96.99     0.0209     2.6777     2.4075  1.9734415  1.1233212   46.99936  -47.08370    34.9008    34.9163     3.9182     3.9179    27.7159    27.7283    6.11196    6.29819         28 0.0000e+00
      32082   1336.694    829.000     3.9803   3.282456     3.9800   3.283741      85.42     0.0182     2.6777     2.4071  1.9737500  1.1233212   46.99936  -47.08370    34.9007    34.9163     3.9183     3.9179    27.7159    27.7283    6.10776    6.30876         30 0.0000e+00
      32109   1337.841    830.000     3.9799   3.282464     3.9796   3.283761      79.50     0.0101     2.6774     2.4074  1.9741137  1.1233212   46.99936  -47.08370    34.9008    34.9164     3.9178     3.9195    27.7159    27.7284    6.10531    6.31339         24 0.0000e+00
      32131   1338.760    831.000     3.9790   3.282439     3.9789   3.283745      96.94     0.0106     2.6768     2.4075  1.9740678  1.1233212   46.99936  -47.08370    34.9009    34.9165     3.9168     3.9166    27.7161    27.7286    6.09874    6.31297         21 0.0000e+00
      32150   1339.546    832.000     3.9775   3.282338     3.9773   3.283640      96.62     0.0149     2.6762     2.4075  1.9738878  1.1233212   46.99936  -47.08370    34.9008    34.9164     3.9152     3.9150    27.7162    27.7287    6.10396    6.31298         18 0.0000e+00
      32168   1340.280    833.000     3.9774   3.282379     3.9771   3.283663      96.80     0.0166     2.6763     2.4075  1.9737153  1.1233212   46.99936  -47.08370    34.9009    34.9163     3.9150     3.9147    27.7163    27.7287    6.10624    6.30972         17 0.0000e+00
      32185   1341.016    834.000     3.9766   3.282365     3.9761   3.283629      96.49     0.0176     2.6758     2.4070  1.9736134  1.1226469   46.99936  -47.08370    34.9010    34.9165     3.9141     3.9136    27.7165    27.7289    6.10003    6.30813         18 0.0000e+00
      32205   1341.835    835.000     3.9754   3.282320     3.9751   3.283609      96.91     0.0155     2.6751     2.4069  1.9737453  1.1226549   46.99936  -47.08370    34.9012    34.9168     3.9129     3.9125    27.7168    27.7293    6.09602    6.31184         22 0.0000e+00
      32234   1343.030    836.000     3.9746   3.282297     3.9745   3.283600      96.72     0.0129     2.6740     2.4069  1.9738996  1.1222237   46.99936  -47.08370    34.9013    34.9168     3.9120     3.9119    27.7169    27.7293    6.09860    6.31368         38 0.0000e+00
      32274   1344.721    837.000     3.9740   3.282294     3.9739   3.283590      60.20     0.0081     2.6744     2.4065  1.9737568  1.1220940   46.99936  -47.08370    34.9013    34.9168     3.9113     3.9112    27.7171    27.7294    6.11765    6.31040         35 0.0000e+00
      32304   1345.938    838.000     3.9737   3.282295     3.9735   3.283586      88.09     0.0085     2.6750     2.4065  1.9738631  1.1221001   46.99936  -47.08370    34.9012    34.9167     3.9109     3.9107    27.7170    27.7294    6.10983    6.31753         27 0.0000e+00
      32328   1346.975    839.000     3.9717   3.282142     3.9714   3.283431      96.97     0.0167     2.6750     2.4065  1.9733419  1.1221001   46.99936  -47.08371    34.9009    34.9165     3.9089     3.9085    27.7170    27.7295    6.11164    6.31507         23 0.0000e+00
      32350   1347.892    840.000     3.9669   3.281718     3.9664   3.282985      89.90     0.0203     2.6743     2.4064  1.9733709  1.1221001   46.99936  -47.08372    34.9006    34.9160     3.9040     3.9035    27.7172    27.7295    6.10426    6.31395         21 0.0000e+00
      32370   1348.699    841.000     3.9613   3.281190     3.9612   3.282513      94.13     0.0168     2.6744     2.4061  1.9737539  1.1221001   46.99936  -47.08372    34.8997    34.9154     3.8983     3.8983    27.7171    27.7296    6.10618    6.31000         18 0.0000e+00
      32387   1349.437    842.000     3.9597   3.281107     3.9594   3.282393      97.03     0.0180     2.6737     2.4056  1.9736806  1.1221001   46.99936  -47.08372    34.8999    34.9155     3.8967     3.8963    27.7175    27.7299    6.10462    6.30966         18 0.0000e+00
      32406   1350.189    843.000     3.9635   3.281558     3.9634   3.282878      97.06     0.0201     2.6737     2.4052  1.9737780  1.1221001   46.99936  -47.08372    34.9007    34.9164     3.9004     3.9003    27.7177    27.7302    6.11292    6.30639         19 0.0000e+00
      32426   1351.059    844.000     3.9635   3.281620     3.9631   3.282903      97.11     0.0184     2.6736     2.4043  1.9737235  1.1210680   46.99936  -47.08372    34.9009    34.9165     3.9003     3.8999    27.7179    27.7303    6.11023    6.30184         23 0.0000e+00
      32455   1352.250    845.000     3.9648   3.281809     3.9635   3.282983      97.11     0.0161     2.6734     2.4039  1.9735819  1.1208792   46.99936  -47.08372    34.9012    34.9165     3.9015     3.9002    27.7180    27.7303    6.10439    6.31455         33 0.0000e+00
      32486   1353.530    846.000     3.9658   3.281956     3.9654   3.283236      97.13     0.0192     2.6722     2.4041  1.9736366  1.1208792   46.99936  -47.08372    34.9014    34.9169     3.9024     3.9020    27.7180    27.7304    6.10972    6.31498         27 0.0000e+00
      32511   1354.576    847.000     3.9647   3.281890     3.9642   3.283168      97.10     0.0177     2.6726     2.4040  1.9738529  1.1208792   46.99936  -47.08372    34.9013    34.9169     3.9012     3.9007    27.7181    27.7306    6.09963    6.31570         24 0.0000e+00
      32534   1355.544    848.000     3.9617   3.281657     3.9614   3.282947      75.80     0.0173     2.6709     2.4040  1.9735621  1.1208792   46.99934  -47.08374    34.9012    34.9168     3.8982     3.8978    27.7183    27.7307    6.09675    6.31561         23 0.0000e+00
      32556   1356.475    849.000     3.9614   3.281688     3.9611   3.282973      82.88     0.0166     2.6708     2.4039  1.9738581  1.1208792   46.99936  -47.08372    34.9013    34.9169     3.8978     3.8975    27.7184    27.7309    6.10409    6.31859         22 0.0000e+00
      32579   1357.410    850.000     3.9589   3.281491     3.9584   3.282763      96.97     0.0147     2.6703     2.4039  1.9743551  1.1208792   46.99936  -47.08372    34.9011    34.9167     3.8953     3.8947    27.7185    27.7310    6.10074    6.31831         23 0.0000e+00
      32604   1358.441    851.000     3.9545   3.281097     3.9543   3.282396      97.10     0.0106     2.6703     2.4039  1.9740922  1.1208792   46.99936  -47.08372    34.9006    34.9162     3.8908     3.8905    27.7186    27.7310    6.10743    6.31961         27 0.0000e+00
      32632   1359.620    852.000     3.9514   3.280847     3.9509   3.282110      97.10     0.0111     2.6696     2.4038  1.9737290  1.1208372   46.99936  -47.08374    34.9004    34.9159     3.8877     3.8871    27.7188    27.7312    6.10724    6.32231         29 0.0000e+00
      32659   1360.755    853.000     3.9481   3.280562     3.9482   3.281903      97.03     0.0127     2.6700     2.4038  1.9742146  1.1202416   46.99936  -47.08374    34.9000    34.9157     3.8843     3.8844    27.7188    27.7313    6.12013    6.32015         25 0.0000e+00
      32684   1361.807    854.000     3.9459   3.280379     3.9453   3.281650      97.11     0.0132     2.6704     2.4037  1.9743611  1.1196495   46.99936  -47.08374    34.8997    34.9153     3.8820     3.8814    27.7188    27.7313    6.10963    6.32551         25 0.0000e+00
      32709   1362.841    855.000     3.9446   3.280306     3.9442   3.281585      96.90     0.0145     2.6691     2.4037  1.9754901  1.1196581   46.99936  -47.08374    34.8996    34.9152     3.8806     3.8802    27.7189    27.7313    6.09683    6.31829         25 0.0000e+00
      32732   1363.800    856.000     3.9445   3.280355     3.9443   3.281651      25.85     0.0140     2.6693     2.4030  1.9758154  1.1196581   46.99936  -47.08374    34.8998    34.9153     3.8805     3.8802    27.7190    27.7314    6.11210    6.30872         21 0.0000e+00
      32752   1364.630    857.000     3.9444   3.280395     3.9443   3.281701      97.45     0.0130     2.6684     2.4021  1.9751261  1.1192057   46.99936  -47.08374    34.8998    34.9154     3.8803     3.8801    27.7191    27.7315    6.10113    6.30910         19 0.0000e+00
      32770   1365.374    858.000     3.9444   3.280439     3.9441   3.281733      96.78     0.0122     2.6682     2.4017  1.9737142  1.1184381   46.99936  -47.08374    34.8999    34.9155     3.8802     3.8799    27.7191    27.7316    6.10645    6.31413         17 0.0000e+00
      32787   1366.098    859.000     3.9442   3.280494     3.9440   3.281792      96.27     0.0089     2.6681     2.4014  1.9736136  1.1184372   46.99936  -47.08374    34.9002    34.9158     3.8799     3.8797    27.7194    27.7319    6.10902    6.31698         18 0.0000e+00
      32806   1366.873    860.000     3.9435   3.280478     3.9432   3.281766      85.87     0.0102     2.6680     2.4013  1.9741005  1.1184372   46.99936  -47.08374    34.9003    34.9158     3.8791     3.8788    27.7196    27.7320    6.11063    6.31584         20 0.0000e+00
      32830   1367.870    861.000     3.9427   3.280439     3.9424   3.281733      94.95     0.0141     2.6680     2.4008  1.9743431  1.1184372   46.99936  -47.08374    34.9002    34.9157     3.8782     3.8780    27.7196    27.7320    6.11102    6.31235         30 0.0000e+00
      32880   1369.962    862.000     3.9422   3.280439     3.9417   3.281705      95.49     0.0129     2.6678     2.3996  1.9737656  1.1184372   46.99934  -47.08374    34.9001    34.9156     3.8777     3.8772    27.7196    27.7320    6.11208    6.30698         60 0.0000e+00
      32921   1371.653    863.000     3.9399   3.280262     3.9396   3.281562      95.55     0.0083     2.6676     2.3983  1.9741734  1.1184372   46.99936  -47.08376    34.8999    34.9156     3.8753     3.8750    27.7197    27.7322    6.11224    6.31529         24 0.0000e+00
      32940   1372.438    864.000     3.9394   3.280258     3.9390   3.281544      95.63     0.0083     2.6675     2.3991  1.9742168  1.1184372   46.99936  -47.08376    34.9000    34.9156     3.8747     3.8743    27.7198    27.7322    6.11233    6.32367         17 0.0000e+00
      32955   1373.095    865.000     3.9391   3.280286     3.9388   3.281576      95.60     0.0149     2.6674     2.3990  1.9756049  1.1184372   46.99936  -47.08376    34.9000    34.9157     3.8744     3.8740    27.7198    27.7323    6.10663    6.32000         15 0.0000e+00
      32970   1373.701    866.000     3.9388   3.280299     3.9384   3.281580      95.60     0.0135     2.6667     2.3992  1.9752582  1.1184372   46.99936  -47.08376    34.9000    34.9156     3.8740     3.8736    27.7199    27.7323    6.09830    6.32143         15 0.0000e+00
      32984   1374.310    867.000     3.9385   3.280317     3.9382   3.281599      58.78     0.0114     2.6659     2.3992  1.9754112  1.1184372   46.99936  -47.08376    34.9001    34.9155     3.8736     3.8733    27.7200    27.7323    6.10275    6.32293         15 0.0000e+00
      33001   1374.993    868.000     3.9379   3.280295     3.9377   3.281592      77.47     0.0164     2.6660     2.3993  1.9758339  1.1181767   46.99936  -47.08376    34.8999    34.9154     3.8730     3.8727    27.7199    27.7323    6.10700    6.32511         18 0.0000e+00
      33027   1376.066    869.000     3.9343   3.279980     3.9345   3.281312      93.89     0.0144     2.6654     2.3995  1.9760689  1.1178043   46.99935  -47.08376    34.8994    34.9150     3.8693     3.8694    27.7199    27.7323    6.10630    6.32344         38 0.0000e+00
