data/CTD/2013/CNV/D021A055.CNV
* Sea-Bird SBE 9 Data File:
* FileName = C:\CTD_ACQUISITION\2013021HUD\ctddata\021A055.hdr
* Software Version Seasave V 7.22.2
* Temperature SN = 5081
* Conductivity SN = 3561
* Number of Bytes Per Scan = 37
* Number of Voltage Words = 4
* Number of Scans Averaged by the Deck Unit = 1
* NMEA Latitude = 48 38.94 N
* NMEA Longitude = 045 31.50 W
* NMEA UTC (Time) = Jul 05 2013 08:04:59
* NMEA baud rate = 9600
** Ship: Hudson
** Cruise: HUD2013021
** Chief_Scientist: Greenan
** Organization: BIO
** Area_of_Operation: Sackville Spur
** Station: 55
** Sounding:  1100
** Event_Comments: SS22  393219
# nquan = 25
# nvalues = 1129                        
# units = specified
# name 0 = scan: Scan Count
# name 1 = timeS: Time, Elapsed [seconds]
# name 2 = prDM: Pressure, Digiquartz [db]
# name 3 = t068C: Temperature [ITS-68, deg C]
# name 4 = c0S/m: Conductivity [S/m]
# name 5 = t168C: Temperature, 2 [ITS-68, deg C]
# name 6 = c1S/m: Conductivity, 2 [S/m]
# name 7 = altM: Altimeter [m]
# name 8 = flCUVA: Fluorescence, Chelsea UV Aquatracka [ug/l]
# name 9 = sbeox0V: Oxygen raw, SBE 43 [V]
# name 10 = sbeox1V: Oxygen raw, SBE 43, 2 [V]
# name 11 = upoly0: Upoly 0, Optode 4330F - O2 D-Phase
# name 12 = upoly1: Upoly 1, Optode 4330F - O2 Temp
# name 13 = latitude: Latitude [deg]
# name 14 = longitude: Longitude [deg]
# name 15 = sal00: Salinity, Practical [PSU]
# name 16 = sal11: Salinity, Practical, 2 [PSU]
# name 17 = potemp068C: Potential Temperature [ITS-68, deg C]
# name 18 = potemp168C: Potential Temperature, 2 [ITS-68, deg C]
# name 19 = sigma-é00: Density [sigma-theta, Kg/m^3]
# name 20 = sigma-é11: Density, 2 [sigma-theta, Kg/m^3]
# name 21 = sbeox0ML/L: Oxygen, SBE 43 [ml/l], WS = 2
# name 22 = sbeox1ML/L: Oxygen, SBE 43, 2 [ml/l], WS = 2
# name 23 = nbin: number of scans per bin
# name 24 = flag: flag
# span 0 =       8117,      33523       
# span 1 =    338.174,   1396.744       
# span 2 =      2.000,   1130.000       
# span 3 =     1.8130,     7.0559       
# span 4 =   2.989112,   3.398276       
# span 5 =     1.8123,     7.0575       
# span 6 =   2.990504,   3.399613       
# span 7 =     -16.26,      97.26       
# span 8 =     0.0046,     0.5150       
# span 9 =     2.5166,     3.3542       
# span 10 =     2.2619,     3.0024      
# span 11 =  1.7090392,  2.0355376      
# span 12 =  0.8757019,  1.5115077      
# span 13 =   48.64758,   48.64902      
# span 14 =  -45.52502,  -45.52353      
# span 15 =    33.4159,    36.1913      
# span 16 =    33.4366,    34.9309      
# span 17 =     1.8109,     7.0556      
# span 18 =     1.8103,     7.0572      
# span 19 =    26.2293,    28.8632      
# span 20 =    26.2402,    27.7703      
# span 21 =    5.88408,    6.96576      
# span 22 =    6.09440,    7.04333      
# span 23 =          8,         94      
# span 24 = 0.0000e+00, 0.0000e+00      
# interval = decibars: 1                
# start_time = Jul 05 2013 08:04:59 [NMEA time, header]
# bad_flag = -9.990e-29
*END*
[from data line 58]
      10029    417.839     60.000     2.0732   3.024932     2.0704   3.025889      44.46     0.0242     2.9313     2.6334  1.9452077  0.8864469   48.64901  -45.52377    34.2241    34.2391     2.0700     2.0672    27.3445    27.3568    6.55628    6.73620         24 0.0000e+00
      10050    418.720     61.000     2.0866   3.026621     2.0851   3.027738      95.19     0.0271     2.9300     2.6324  1.9486821  0.8864469   48.64900  -45.52378    34.2301    34.2457     2.0834     2.0819    27.3483    27.3609    6.56551    6.72667         20 0.0000e+00
      10070    419.562     62.000     2.0921   3.027314     2.0921   3.028615      95.74     0.0244     2.9293     2.6312  1.9487180  0.8864469   48.64901  -45.52378    34.2323    34.2486     2.0888     2.0888    27.3497    27.3627    6.56828    6.72252         21 0.0000e+00
      10095    420.590     63.000     2.0962   3.027854     2.0958   3.029100      54.94     0.0281     2.9297     2.6299  1.9487180  0.8875865   48.64902  -45.52378    34.2340    34.2501     2.0929     2.0925    27.3507    27.3636    6.57714    6.72286         29 0.0000e+00
      10133    422.156     64.000     2.0997   3.028275     2.0992   3.029521      95.44     0.0249     2.9290     2.6297  1.9514395  0.8892305   48.64902  -45.52378    34.2350    34.2511     2.0963     2.0958    27.3512    27.3642    6.56839    6.74305         45 0.0000e+00
      10174    423.896     65.000     2.1013   3.028499     2.1009   3.029765      59.22     0.0209     2.9295     2.6310  1.9545509  0.8908663   48.64902  -45.52380    34.2355    34.2518     2.0979     2.0974    27.3515    27.3646    6.59442    6.74589         35 0.0000e+00
      10204    425.130     66.000     2.1015   3.028605     2.1012   3.029889      69.79     0.0241     2.9321     2.6314  1.9560771  0.8913417   48.64902  -45.52380    34.2360    34.2524     2.0980     2.0977    27.3519    27.3650    6.60977    6.74934         26 0.0000e+00
      10228    426.131     67.000     2.1031   3.028910     2.1027   3.030176      82.55     0.0263     2.9343     2.6320  1.9575920  0.8909572   48.64902  -45.52382    34.2376    34.2538     2.0996     2.0992    27.3530    27.3661    6.61184    6.75458         23 0.0000e+00
      10250    427.023     68.000     2.1092   3.029738     2.1085   3.030957      48.86     0.0259     2.9353     2.6329  1.9586715  0.8905363   48.64902  -45.52382    34.2407    34.2567     2.1056     2.1049    27.3551    27.3679    6.59900    6.76251         20 0.0000e+00
      10270    427.894     69.000     2.1148   3.030456     2.1142   3.031698      95.54     0.0239     2.9355     2.6339  1.9599816  0.8906093   48.64902  -45.52382    34.2431    34.2592     2.1111     2.1106    27.3565    27.3695    6.59700    6.76639         22 0.0000e+00
      10295    428.898     70.000     2.1222   3.031407     2.1217   3.032642      90.33     0.0231     2.9362     2.6353  1.9625278  0.8903806   48.64902  -45.52382    34.2464    34.2624     2.1185     2.1180    27.3586    27.3715    6.61881    6.77378         28 0.0000e+00
      10334    430.540     71.000     2.1364   3.033075     2.1356   3.034304      75.70     0.0230     2.9412     2.6388  1.9619762  0.8910419   48.64902  -45.52383    34.2513    34.2676     2.1327     2.1318    27.3614    27.3745    6.64600    6.80256         53 0.0000e+00
      10383    432.575     72.000     2.1601   3.035782     2.1599   3.037054      54.83     0.0202     2.9483     2.6467  1.9637877  0.8923935   48.64902  -45.52384    34.2590    34.2751     2.1562     2.1561    27.3657    27.3786    6.66398    6.84457         34 0.0000e+00
      10408    433.627     73.000     2.1748   3.037492     2.1742   3.038722      96.19     0.0203     2.9514     2.6511  1.9644958  0.8926133   48.64902  -45.52384    34.2639    34.2799     2.1709     2.1703    27.3684    27.3813    6.67465    6.84283         22 0.0000e+00
      10429    434.485     74.000     2.1929   3.039573     2.1919   3.040754      95.57     0.0199     2.9549     2.6540  1.9626256  0.8948861   48.64902  -45.52384    34.2698    34.2856     2.1889     2.1879    27.3717    27.3844    6.68783    6.86593         20 0.0000e+00
      10451    435.409     75.000     2.2289   3.043640     2.2260   3.044636      59.55     0.0234     2.9591     2.6599  1.9629279  0.8948476   48.64900  -45.52384    34.2811    34.2966     2.2248     2.2220    27.3779    27.3905    6.70849    6.89931         25 0.0000e+00
      10480    436.609     76.000     2.3181   3.053088     2.3139   3.053919      84.44     0.0242     2.9655     2.6670  1.9612830  0.8972192   48.64901  -45.52384    34.3019    34.3168     2.3140     2.3098    27.3872    27.3995    6.69907    6.88827         33 0.0000e+00
      10514    438.022     77.000     2.4447   3.066045     2.4427   3.067062      81.50     0.0245     2.9716     2.6725  1.9613738  0.9004842   48.64902  -45.52384    34.3259    34.3407     2.4404     2.4384    27.3959    27.4079    6.69211    6.85443         33 0.0000e+00
      10543    439.245     78.000     2.5751   3.079559     2.5689   3.080101      51.59     0.0271     2.9768     2.6761  1.9610199  0.9046983   48.64902  -45.52384    34.3522    34.3656     2.5707     2.5644    27.4059    27.4172    6.67053    6.83853         27 0.0000e+00
      10570    440.376     79.000     2.5633   3.078721     2.5638   3.079994      59.92     0.0281     2.9804     2.6793  1.9569440  0.9168893   48.64902  -45.52386    34.3540    34.3692     2.5588     2.5593    27.4084    27.4205    6.68825    6.85733         28 0.0000e+00
      10601    441.677     80.000     2.6029   3.083052     2.5979   3.083810      83.61     0.0291     2.9862     2.6838  1.9553741  0.9236328   48.64902  -45.52386    34.3643    34.3790     2.5983     2.5934    27.4132    27.4254    6.69726    6.86243         34 0.0000e+00
      10634    443.034     81.000     2.7075   3.093565     2.7065   3.094689      82.56     0.0258     2.9903     2.6870  1.9545298  0.9345399   48.64902  -45.52386    34.3810    34.3960     2.7028     2.7018    27.4175    27.4296    6.67694    6.83990         30 0.0000e+00
      10661    444.149     82.000     2.7079   3.093776     2.7083   3.095056      57.97     0.0269     2.9932     2.6895  1.9502819  0.9387088   48.64902  -45.52386    34.3826    34.3980     2.7032     2.7035    27.4188    27.4310    6.67910    6.85228         24 0.0000e+00
      10684    445.137     83.000     2.7026   3.093637     2.7011   3.094764      95.09     0.0253     2.9952     2.6920  1.9475203  0.9413695   48.64902  -45.52386    34.3861    34.4015     2.6978     2.6963    27.4220    27.4345    6.67735    6.85463         24 0.0000e+00
      10710    446.221     84.000     2.7552   3.099097     2.7520   3.100058      69.35     0.0270     2.9964     2.6929  1.9466773  0.9469652   48.64902  -45.52386    34.3963    34.4114     2.7503     2.7471    27.4256    27.4380    6.66225    6.82783         29 0.0000e+00
      10749    447.822     85.000     2.8632   3.110309     2.8610   3.111325      84.18     0.0250     2.9961     2.6922  1.9443115  0.9516069   48.64902  -45.52386    34.4175    34.4323     2.8582     2.8559    27.4329    27.4450    6.62689    6.79128         49 0.0000e+00
      10794    449.727     86.000     2.8983   3.114067     2.8978   3.115292      56.53     0.0256     2.9944     2.6887  1.9412266  0.9566995   48.64901  -45.52387    34.4254    34.4409     2.8931     2.8927    27.4361    27.4485    6.60362    6.75485         35 0.0000e+00
      10822    450.855     87.000     2.8984   3.114274     2.8985   3.115577      96.07     0.0297     2.9912     2.6861  1.9413919  0.9648448   48.64900  -45.52387    34.4273    34.4431     2.8932     2.8933    27.4376    27.4502    6.57590    6.75196         23 0.0000e+00
      10842    451.719     88.000     2.9204   3.116870     2.9190   3.118009      95.43     0.0301     2.9884     2.6841  1.9407279  0.9656183   48.64900  -45.52386    34.4349    34.4504     2.9152     2.9137    27.4417    27.4542    6.57431    6.74375         20 0.0000e+00
      10862    452.538     89.000     2.9229   3.117495     2.9234   3.118798      46.06     0.0282     2.9869     2.6826  1.9366338  0.9733873   48.64900  -45.52386    34.4393    34.4547     2.9176     2.9181    27.4450    27.4573    6.58462    6.75069         20 0.0000e+00
      10883    453.425     90.000     2.9125   3.117220     2.9122   3.118457      81.02     0.0356     2.9864     2.6822  1.9365079  0.9735140   48.64900  -45.52386    34.4466    34.4621     2.9071     2.9068    27.4518    27.4642    6.59594    6.76122         23 0.0000e+00
      10911    454.570     91.000     2.9156   3.117871     2.9152   3.119134      95.02     0.0375     2.9860     2.6819  1.9321389  0.9764443   48.64900  -45.52388    34.4506    34.4665     2.9101     2.9097    27.4547    27.4675    6.59127    6.76208         32 0.0000e+00
      10949    456.149     92.000     2.9080   3.117233     2.9076   3.118518      63.74     0.0303     2.9839     2.6805  1.9323223  0.9777046   48.64900  -45.52388    34.4504    34.4665     2.9025     2.9021    27.4552    27.4682    6.57334    6.74032         42 0.0000e+00
      10987    457.754     93.000     2.8964   3.116245     2.8976   3.117660      42.62     0.0311     2.9800     2.6765  1.9328532  0.9786838   48.64900  -45.52388    34.4501    34.4662     2.8909     2.8920    27.4561    27.4688    6.55349    6.72342         34 0.0000e+00
      11019    459.072     94.000     2.8916   3.116076     2.8914   3.117377      95.67     0.0265     2.9758     2.6738  1.9327629  0.9785503   48.64900  -45.52388    34.4527    34.4688     2.8860     2.8858    27.4586    27.4714    6.54261    6.72416         30 0.0000e+00
      11047    460.268     95.000     2.8884   3.116169     2.8886   3.117487      67.04     0.0273     2.9727     2.6718  1.9319748  0.9789802   48.64898  -45.52388    34.4567    34.4727     2.8827     2.8829    27.4620    27.4748    6.54358    6.72162         28 0.0000e+00
      11075    461.396     96.000     2.8849   3.116108     2.8853   3.117455      74.45     0.0280     2.9705     2.6702  1.9316238  0.9792430   48.64898  -45.52388    34.4591    34.4752     2.8792     2.8796    27.4643    27.4771    6.54848    6.72203         26 0.0000e+00
      11099    462.435     97.000     2.8466   3.112787     2.8488   3.114296      95.23     0.0215     2.9693     2.6688  1.9316239  0.9792430   48.64898  -45.52388    34.4590    34.4751     2.8408     2.8431    27.4676    27.4803    6.55657    6.72443         24 0.0000e+00
      11124    463.478     98.000     2.7953   3.108291     2.7966   3.109755      49.82     0.0195     2.9677     2.6675  1.9316239  0.9792430   48.64898  -45.52388    34.4583    34.4748     2.7895     2.7909    27.4717    27.4847    6.55441    6.72981         27 0.0000e+00
      11159    464.899     99.000     2.8022   3.109166     2.8002   3.110327      89.31     0.0208     2.9655     2.6650  1.9316239  0.9790331   48.64898  -45.52388    34.4612    34.4774     2.7964     2.7944    27.4734    27.4865    6.55044    6.71821         44 0.0000e+00
      11206    466.870    100.000     2.8442   3.113552     2.8453   3.114977      63.50     0.0218     2.9623     2.6623  1.9327971  0.9740705   48.64897  -45.52388    34.4693    34.4855     2.8382     2.8394    27.4761    27.4889    6.53660    6.71208         44 0.0000e+00
      11241    468.330    101.000     2.8398   3.113362     2.8402   3.114726      95.53     0.0261     2.9612     2.6611  1.9328899  0.9751103   48.64896  -45.52388    34.4711    34.4873     2.8338     2.8342    27.4779    27.4909    6.55040    6.71657         28 0.0000e+00
      11266    469.387    102.000     2.8354   3.113064     2.8355   3.114398      58.24     0.0258     2.9613     2.6611  1.9330975  0.9755760   48.64896  -45.52388    34.4716    34.4878     2.8293     2.8294    27.4787    27.4917    6.55103    6.72264         24 0.0000e+00
      11293    470.489    103.000     2.8280   3.112611     2.8287   3.113969      66.79     0.0247     2.9612     2.6609  1.9342844  0.9780598   48.64896  -45.52388    34.4734    34.4893     2.8219     2.8226    27.4808    27.4934    6.55490    6.72126         31 0.0000e+00
      11346    472.713    104.000     2.8250   3.112733     2.8247   3.114032      73.28     0.0228     2.9612     2.6596  1.9352148  0.9778024   48.64896  -45.52389    34.4775    34.4938     2.8189     2.8187    27.4844    27.4974    6.55443    6.71522         80 0.0000e+00
      11417    475.672    105.000     2.8274   3.113173     2.8266   3.114429      69.73     0.0250     2.9604     2.6584  1.9368200  0.9773907   48.64896  -45.52390    34.4798    34.4960     2.8212     2.8204    27.4860    27.4990    6.54981    6.72118         48 0.0000e+00
      11456    477.296    106.000     2.8312   3.113647     2.8311   3.114971      63.25     0.0244     2.9599     2.6591  1.9375024  0.9786500   48.64896  -45.52390    34.4809    34.4973     2.8249     2.8248    27.4865    27.4996    6.54356    6.71785         36 0.0000e+00
      11490    478.729    107.000     2.8384   3.114432     2.8408   3.116010      87.90     0.0232     2.9576     2.6578  1.9373816  0.9781339   48.64896  -45.52390    34.4823    34.4991     2.8320     2.8344    27.4871    27.5003    6.52699    6.70036         35 0.0000e+00
      11539    480.766    108.000     2.8522   3.115948     2.8511   3.117166      75.08     0.0203     2.9551     2.6547  1.9381608  0.9786153   48.64894  -45.52390    34.4856    34.5016     2.8457     2.8447    27.4884    27.5014    6.52313    6.68930         67 0.0000e+00
      11593    482.994    109.000     2.8564   3.116713     2.8560   3.117967      96.91     0.0227     2.9527     2.6525  1.9366133  0.9792924   48.64894  -45.52391    34.4898    34.5056     2.8499     2.8495    27.4914    27.5041    6.51696    6.68654         27 0.0000e+00
      11613    483.819    110.000     2.8631   3.117944     2.8624   3.119192      18.90     0.0248     2.9513     2.6515  1.9368320  0.9794412   48.64894  -45.52392    34.4972    34.5132     2.8565     2.8558    27.4968    27.5096    6.51078    6.68036         19 0.0000e+00
      11630    484.552    111.000     2.8646   3.118258     2.8642   3.119561      96.56     0.0209     2.9510     2.6505  1.9377408  0.9804776   48.64894  -45.52392    34.4989    34.5152     2.8579     2.8576    27.4980    27.5110    6.51373    6.68078         17 0.0000e+00
      11648    485.277    112.000     2.8649   3.118351     2.8641   3.119586      95.23     0.0205     2.9501     2.6502  1.9377289  0.9804010   48.64894  -45.52392    34.4991    34.5151     2.8583     2.8574    27.4981    27.5110    6.50823    6.67886         19 0.0000e+00
      11670    486.216    113.000     2.8652   3.118407     2.8647   3.119688      67.11     0.0268     2.9490     2.6489  1.9385525  0.9805428   48.64894  -45.52392    34.4990    34.5152     2.8584     2.8579    27.4980    27.5110    6.50977    6.67533         28 0.0000e+00
      11706    487.711    114.000     2.8720   3.119240     2.8700   3.120335      62.60     0.0233     2.9470     2.6475  1.9389455  0.9809244   48.64894  -45.52392    34.5013    34.5168     2.8651     2.8632    27.4993    27.5119    6.49649    6.67011         42 0.0000e+00
      11746    489.384    115.000     2.8842   3.120736     2.8833   3.121959      38.03     0.0253     2.9450     2.6455  1.9389499  0.9817087   48.64892  -45.52392    34.5060    34.5219     2.8773     2.8764    27.5019    27.5147    6.49670    6.65990         35 0.0000e+00
      11777    490.678    116.000     2.8953   3.122089     2.8949   3.123383      90.45     0.0237     2.9429     2.6436  1.9389499  0.9831150   48.64892  -45.52392    34.5100    34.5263     2.8884     2.8879    27.5041    27.5172    6.46835    6.64977         28 0.0000e+00
