data/CTD/2013/CNV/D021A030.CNV
* Sea-Bird SBE 9 Data File:
* FileName = C:\CTD_ACQUISITION\2013021HUD\ctddata\021A030.hdr
* Software Version Seasave V 7.22.2
* Temperature SN = 5081
* Conductivity SN = 3561
* Number of Bytes Per Scan = 37
* Number of Voltage Words = 4
* Number of Scans Averaged by the Deck Unit = 1
* NMEA Latitude = 48 02.22 N
* NMEA Longitude = 046 13.89 W
* NMEA UTC (Time) = Jul 03 2013 03:47:18
* NMEA baud rate = 9600
** Ship: Hudson
** Cruise: HUD2013021
** Chief_Scientist: Greenan
** Organization: BIO
** Area_of_Operation: Sackville Spur
** Station: 30
** Sounding:  1179
** Event_Comments: SS16  393135
# nquan = 25
# nvalues = 1166                        
# units = specified
# name 0 = scan: Scan Count
# name 1 = timeS: Time, Elapsed [seconds]
# name 2 = prDM: Pressure, Digiquartz [db]
# name 3 = t068C: Temperature [ITS-68, deg C]
# name 4 = c0S/m: Conductivity [S/m]
# name 5 = t168C: Temperature, 2 [ITS-68, deg C]
# name 6 = c1S/m: Conductivity, 2 [S/m]
# name 7 = altM: Altimeter [m]
# name 8 = flCUVA: Fluorescence, Chelsea UV Aquatracka [ug/l]
# name 9 = sbeox0V: Oxygen raw, SBE 43 [V]
# name 10 = sbeox1V: Oxygen raw, SBE 43, 2 [V]
# name 11 = upoly0: Upoly 0, Optode 4330F - O2 D-Phase
# name 12 = upoly1: Upoly 1, Optode 4330F - O2 Temp
# name 13 = latitude: Latitude [deg]
# name 14 = longitude: Longitude [deg]
# name 15 = sal00: Salinity, Practical [PSU]
# name 16 = sal11: Salinity, Practical, 2 [PSU]
# name 17 = potemp068C: Potential Temperature [ITS-68, deg C]
# name 18 = potemp168C: Potential Temperature, 2 [ITS-68, deg C]
# name 19 = sigma-é00: Density [sigma-theta, Kg/m^3]
# name 20 = sigma-é11: Density, 2 [sigma-theta, Kg/m^3]
# name 21 = sbeox0ML/L: Oxygen, SBE 43 [ml/l], WS = 2
# name 22 = sbeox1ML/L: Oxygen, SBE 43, 2 [ml/l], WS = 2
# name 23 = nbin: number of scans per bin
# name 24 = flag: flag
# span 0 =      11794,      40899       
# span 1 =    491.394,   1704.066       
# span 2 =      2.000,   1167.000       
# span 3 =    -0.0533,     5.8806       
# span 4 =   2.777590,   3.279145       
# span 5 =    -0.0532,     5.8807       
# span 6 =   2.778876,   3.280452       
# span 7 =       4.06,     103.53       
# span 8 =     0.0055,     0.1072       
# span 9 =     2.5279,     3.3535       
# span 10 =     2.2742,     3.0047      
# span 11 =  1.7301460,  2.0210135      
# span 12 =  0.6469306,  1.3644771      
# span 13 =   48.03712,   48.03774      
# span 14 =  -46.23160,  -46.23058      
# span 15 =    32.7430,    34.9094      
# span 16 =    32.7638,    34.9257      
# span 17 =    -0.0545,     5.8803      
# span 18 =    -0.0543,     5.8800      
# span 19 =    25.7878,    27.7468      
# span 20 =    25.8007,    27.7599      
# span 21 =    5.92215,    7.88160      
# span 22 =    6.15941,    7.93193      
# span 23 =          9,         85      
# span 24 = 0.0000e+00, 0.0000e+00      
# interval = decibars: 1                
# start_time = Jul 03 2013 03:47:18 [NMEA time, header]
# bad_flag = -9.990e-29
*END*
      11794    491.394      2.000     5.8801   3.226333     5.8802   3.227693       4.87     0.1030     3.3531     3.0003  1.7301461  1.3644772   48.03712  -46.23126    32.7487    32.7639     5.8800     5.8800    25.7888    25.8008    7.05116    7.19344         21 0.0000e+00
      11824    492.636      3.000     5.8805   3.226421     5.8802   3.227748       4.18     0.1067     3.3528     3.0004  1.7302123  1.3642814   48.03712  -46.23126    32.7488    32.7641     5.8803     5.8799    25.7888    25.8009    7.05836    7.19563         23 0.0000e+00
      11882    495.060      4.000     5.8804   3.226439     5.8801   3.227768       4.06     0.1072     3.3535     3.0012  1.7320510  1.3631262   48.03712  -46.23126    32.7487    32.7638     5.8801     5.8798    25.7887    25.8007    7.06200    7.20277         38 0.0000e+00
      12293    512.182      5.000     5.8801   3.226488     5.8799   3.227806      16.92     0.1031     3.3535     3.0036  1.7316751  1.3641473   48.03714  -46.23124    32.7490    32.7640     5.8797     5.8795    25.7890    25.8009    7.06182    7.21499         36 0.0000e+00
      12402    516.723      6.000     5.8802   3.226533     5.8799   3.227851     103.53     0.1004     3.3526     3.0046  1.7307870  1.3641936   48.03715  -46.23123    32.7490    32.7640     5.8797     5.8795    25.7890    25.8009    7.05428    7.20622         40 0.0000e+00
      12471    519.569      7.000     5.8802   3.226598     5.8801   3.227936      85.84     0.1030     3.3511     3.0047  1.7325835  1.3636421   48.03715  -46.23122    32.7491    32.7643     5.8797     5.8795    25.7891    25.8011    7.04114    7.21019         22 0.0000e+00
      12535    522.249      8.000     5.8805   3.226637     5.8803   3.227964      77.26     0.1036     3.3492     3.0044  1.7326007  1.3637812   48.03715  -46.23121    32.7489    32.7639     5.8798     5.8797    25.7889    25.8008    7.04291    7.20632         52 0.0000e+00
      12645    526.830      9.000     5.8802   3.226650     5.8804   3.228019      85.62     0.1016     3.3486     3.0030  1.7326186  1.3637286   48.03716  -46.23120    32.7487    32.7640     5.8795     5.8797    25.7888    25.8008    7.04739    7.19374         64 0.0000e+00
      12714    529.703     10.000     5.8803   3.226717     5.8807   3.228100      70.07     0.0969     3.3480     3.0003  1.7316698  1.3627936   48.03716  -46.23118    32.7489    32.7641     5.8795     5.8799    25.7890    25.8009    7.04576    7.19734         45 0.0000e+00
      12745    530.981     11.000     5.8806   3.226797     5.8807   3.228151      80.27     0.1006     3.3476     3.0002  1.7310102  1.3628068   48.03716  -46.23118    32.7490    32.7642     5.8797     5.8798    25.7890    25.8010    7.04876    7.20049         29 0.0000e+00
      12778    532.362     12.000     5.8804   3.226817     5.8805   3.228155      91.65     0.1008     3.3476     3.0002  1.7308540  1.3627598   48.03716  -46.23118    32.7489    32.7640     5.8795     5.8795    25.7890    25.8009    7.04934    7.20115         41 0.0000e+00
      12850    535.379     13.000     5.8804   3.226844     5.8798   3.228139      89.61     0.1023     3.3477     3.0001  1.7319489  1.3627549   48.03717  -46.23118    32.7487    32.7639     5.8794     5.8787    25.7888    25.8009    7.05474    7.20149         83 0.0000e+00
      12897    537.335     14.000     5.8773   3.226629     5.8767   3.227912      75.39     0.1033     3.3490     2.9998  1.7312421  1.3628062   48.03718  -46.23116    32.7489    32.7639     5.8762     5.8756    25.7893    25.8013    7.06424    7.19755         22 0.0000e+00
      12914    538.039     15.000     5.8799   3.226922     5.8787   3.228154      94.79     0.1024     3.3495     2.9991  1.7313794  1.3629243   48.03718  -46.23116    32.7491    32.7641     5.8787     5.8775    25.7892    25.8012    7.00197    7.13810         17 0.0000e+00
      12932    538.781     16.000     5.8774   3.226717     5.8774   3.228061      94.21     0.0993     3.3403     2.9899  1.7311456  1.3630590   48.03718  -46.23116    32.7488    32.7639     5.8761     5.8761    25.7893    25.8013    6.81215    7.00715         20 0.0000e+00
      12996    541.465     17.000     5.8782   3.226832     5.8800   3.228327      68.58     0.1043     3.2918     2.9338  1.7301642  1.3627192   48.03718  -46.23115    32.7488    32.7638     5.8768     5.8787    25.7892    25.8008    6.86366    7.01104         35 0.0000e+00
      13076    544.780     18.000     5.8535   3.224257     5.8558   3.226545      94.62     0.1054     3.2924     2.8839  1.7306052  1.3628172   48.03718  -46.23113    32.7430    32.7670     5.8521     5.8544    25.7878    25.8061    7.15751    7.01189         27 0.0000e+00
      13128    546.970     19.000     4.4765   3.107762     4.9427   3.148945      74.52     0.1037     3.3423     2.9276  1.7395509  1.3625040   48.03719  -46.23112    32.7696    32.7681     4.4624     4.9413    25.9642    25.9097    7.44682    7.32492         71 0.0000e+00
      13181    549.186     20.000     1.9612   2.905031     1.9451   2.907404      76.60     0.1044     3.3509     2.9452  1.7559525  1.3216786   48.03720  -46.23112    32.8664    32.9138     1.9607     1.9441    26.2663    26.3060    7.74327    7.77476         24 0.0000e+00
      13203    550.072     21.000     1.6472   2.882000     1.6593   2.885217      88.63     0.1052     3.3451     2.9440  1.7616918  1.2833862   48.03720  -46.23112    32.9040    32.9319     1.6463     1.6583    26.3180    26.3395    7.86119    7.87329         24 0.0000e+00
      13265    552.663     22.000     1.6353   2.881956     1.5807   2.879413      94.80     0.0970     3.3453     2.9554  1.7979168  1.0589182   48.03720  -46.23110    32.9152    32.9404     1.6343     1.5797    26.3275    26.3517    7.88160    7.93193         45 0.0000e+00
      13331    555.430     23.000     1.2612   2.854097     1.2564   2.855201      91.46     0.0950     3.3374     2.9590  1.8056036  0.9788499   48.03720  -46.23110    32.9549    32.9740     1.2602     1.2554    26.3847    26.4003    7.81718    7.86857         26 0.0000e+00
      13364    556.772     24.000     0.9688   2.834250     0.9739   2.836245      87.64     0.0988     3.3183     2.9441  1.8079131  0.9523249   48.03721  -46.23110    33.0098    33.0300     0.9678     0.9729    26.4471    26.4630    7.77344    7.84087         46 0.0000e+00
      13443    560.092     25.000     0.9013   2.831772     0.9985   2.841130      71.74     0.0934     3.2702     2.9107  1.8106569  0.8537564   48.03722  -46.23108    33.0494    33.0661     0.9000     0.9974    26.4831    26.4906    7.67220    7.76833         84 0.0000e+00
      13493    562.174     26.000     0.7730   2.827954     0.7788   2.829849      78.95     0.0877     3.2455     2.8929  1.8107533  0.8532078   48.03722  -46.23108    33.1362    33.1545     0.7719     0.7778    26.5605    26.5749    7.62229    7.73169         35 0.0000e+00
      13527    563.581     27.000     0.6357   2.817560     0.6478   2.819904      92.90     0.0873     3.2270     2.8786  1.8177261  0.8210393   48.03724  -46.23108    33.1480    33.1655     0.6347     0.6468    26.5779    26.5913    7.59078    7.69907         37 0.0000e+00
      13579    565.730     28.000     0.4931   2.807665     0.5012   2.809625      88.15     0.0888     3.1998     2.8552  1.8239794  0.7888666   48.03724  -46.23108    33.1720    33.1888     0.4920     0.5002    26.6052    26.6183    7.54756    7.65222         67 0.0000e+00
      13640    568.312     29.000     0.3514   2.798884     0.3572   2.800647      85.07     0.0863     3.1663     2.8273  1.8359761  0.7613824   48.03724  -46.23108    33.2095    33.2263     0.3503     0.3562    26.6431    26.6563    7.45756    7.57976         49 0.0000e+00
      13684    570.118     30.000     0.1883   2.788667     0.1949   2.790496      75.30     0.0786     3.1409     2.8071  1.8399841  0.7474415   48.03724  -46.23108    33.2514    33.2683     0.1873     0.1938    26.6854    26.6987    7.41936    7.56086         44 0.0000e+00
      13731    572.088     31.000     0.0952   2.782997     0.0976   2.784530      88.50     0.0641     3.1166     2.7893  1.8534038  0.7195893   48.03725  -46.23106    33.2772    33.2948     0.0942     0.0966    26.7109    26.7249    7.39829    7.55468         48 0.0000e+00
      13776    573.944     32.000     0.0402   2.780476     0.0430   2.781957      83.87     0.0612     3.0981     2.7749  1.8593305  0.7052675   48.03726  -46.23106    33.3032    33.3198     0.0392     0.0419    26.7346    26.7478    7.38172    7.52429         44 0.0000e+00
      13827    576.088     33.000    -0.0019   2.778440    -0.0007   2.779828      88.85     0.0591     3.0808     2.7604  1.8670211  0.6900436   48.03726  -46.23106    33.3215    33.3386    -0.0030    -0.0018    26.7514    26.7651    7.36384    7.51829         58 0.0000e+00
      13878    578.227     34.000    -0.0344   2.777590    -0.0340   2.778876      54.11     0.0570     3.0681     2.7516  1.8783299  0.6796436   48.03726  -46.23106    33.3452    33.3617    -0.0355    -0.0351    26.7721    26.7854    7.36937    7.53553         40 0.0000e+00
      13915    579.770     35.000    -0.0533   2.777724    -0.0532   2.779012      81.48     0.0586     3.0613     2.7473  1.8875430  0.6725791   48.03726  -46.23106    33.3670    33.3839    -0.0545    -0.0543    26.7906    26.8043    7.35549    7.51537         42 0.0000e+00
      13985    582.647     36.000    -0.0514   2.778456    -0.0469   2.779819      86.66     0.0562     3.0469     2.7351  1.8977000  0.6620685   48.03728  -46.23105    33.3740    33.3871    -0.0526    -0.0481    26.7962    26.8066    7.29450    7.46061         85 0.0000e+00
      14040    584.954     37.000    -0.0275   2.781586    -0.0286   2.782768      95.83     0.0486     3.0346     2.7263  1.9057720  0.6633272   48.03726  -46.23106    33.3888    33.4056    -0.0287    -0.0298    26.8069    26.8206    7.29138    7.46019         26 0.0000e+00
      14059    585.755     38.000    -0.0055   2.784492    -0.0066   2.785595      82.13     0.0449     3.0341     2.7255  1.9108982  0.6642299   48.03726  -46.23106    33.4025    33.4184    -0.0067    -0.0079    26.8170    26.8298    7.30720    7.44323         19 0.0000e+00
      14078    586.538     39.000    -0.0055   2.785359    -0.0046   2.786613      80.90     0.0428     3.0328     2.7223  1.9108669  0.6642247   48.03726  -46.23106    33.4134    33.4290    -0.0068    -0.0059    26.8258    26.8383    7.28016    7.40661         20 0.0000e+00
      14127    588.594     40.000    -0.0286   2.784633    -0.0279   2.785819      95.10     0.0438     3.0224     2.7134  1.9189711  0.6515313   48.03727  -46.23106    33.4286    33.4440    -0.0299    -0.0292    26.8392    26.8516    7.22677    7.39200         49 0.0000e+00
      14196    591.471     41.000    -0.0126   2.787117    -0.0251   2.787987      91.01     0.0483     3.0098     2.7054  1.9267507  0.6565481   48.03728  -46.23106    33.4432    33.4684    -0.0139    -0.0265    26.8502    26.8712    7.21870    7.38214         27 0.0000e+00
      14234    593.028     42.000     0.0160   2.791947     0.0107   2.792698      82.07     0.0476     3.0048     2.6997  1.9300944  0.6541152   48.03728  -46.23106    33.4752    33.4909     0.0146     0.0093    26.8746    26.8875    7.18059    7.34487         52 0.0000e+00
      14314    596.388     43.000     0.0501   2.795787     0.0550   2.797685      85.12     0.0443     2.9926     2.6899  1.9372432  0.6497139   48.03728  -46.23106    33.4880    33.5083     0.0486     0.0535    26.8833    26.8989    7.14067    7.31851         31 0.0000e+00
      14332    597.119     44.000     0.1137   2.803538     0.1144   2.804840      29.55     0.0405     2.9900     2.6879  1.9400986  0.6508026   48.03728  -46.23106    33.5201    33.5366     0.1122     0.1128    26.9060    26.9192    7.12552    7.30551         20 0.0000e+00
      14352    597.961     45.000     0.1183   2.805019     0.1180   2.806184      70.93     0.0349     2.9883     2.6871  1.9431558  0.6504135   48.03728  -46.23106    33.5340    33.5497     0.1168     0.1165    26.9169    26.9296    7.13228    7.31204         22 0.0000e+00
      14396    599.789     46.000     0.1167   2.805580     0.1176   2.806574      82.23     0.0365     2.9856     2.6838  1.9455061  0.6505167   48.03728  -46.23106    33.5426    33.5546     0.1151     0.1161    26.9239    26.9336    7.12912    7.29340         81 0.0000e+00
      14494    603.879     47.000     0.1152   2.804718     0.1140   2.805729      88.39     0.0379     2.9782     2.6766  1.9499230  0.6546949   48.03728  -46.23106    33.5322    33.5468     0.1137     0.1124    26.9156    26.9275    7.09420    7.26680         78 0.0000e+00
      14538    605.721     48.000     0.1028   2.805050     0.1006   2.806119      95.67     0.0393     2.9726     2.6721  1.9552754  0.6533380   48.03728  -46.23106    33.5496    33.5661     0.1011     0.0990    26.9303    26.9437    7.07460    7.26034         28 0.0000e+00
      14560    606.642     49.000     0.1010   2.805106     0.0995   2.806207      85.64     0.0376     2.9699     2.6714  1.9551280  0.6532362   48.03728  -46.23106    33.5517    33.5678     0.0993     0.0978    26.9321    26.9452    7.08199    7.27652         20 0.0000e+00
      14580    607.447     50.000     0.1304   2.808516     0.1269   2.809434      49.18     0.0404     2.9690     2.6713  1.9594542  0.6479114   48.03728  -46.23106    33.5639    33.5799     0.1286     0.1251    26.9405    26.9535    7.10075    7.27922         19 0.0000e+00
      14601    608.319     51.000     0.1535   2.811008     0.1520   2.812105      80.91     0.0399     2.9703     2.6716  1.9596015  0.6474030   48.03730  -46.23106    33.5708    33.5869     0.1517     0.1502    26.9448    26.9579    7.13335    7.29258         24 0.0000e+00
      14656    610.624     52.000     0.1586   2.811471     0.1586   2.812718      95.22     0.0403     2.9729     2.6723  1.9642369  0.6469306   48.03730  -46.23106    33.5707    33.5871     0.1568     0.1567    26.9445    26.9578    7.13842    7.30316         31 0.0000e+00
      14765    615.175     53.000     0.1573   2.811209     0.1616   2.813076      62.67     0.0388     2.9646     2.6641  1.9714203  0.6495088   48.03728  -46.23106    33.5681    33.5881     0.1555     0.1597    26.9424    26.9583    7.06587    7.22733         12 0.0000e+00
      14776    615.616     54.000     0.2181   2.817799     0.2146   2.818783      11.15     0.0424     2.9651     2.6640  1.9731073  0.6471698   48.03728  -46.23106    33.5877    33.6045     0.2161     0.2127    26.9551    26.9688    7.06396    7.23359         13 0.0000e+00
      14789    616.172     55.000     0.2564   2.821753     0.2557   2.822987      55.01     0.0452     2.9647     2.6638  1.9731380  0.6471307   48.03728  -46.23106    33.5978    33.6142     0.2545     0.2537    26.9612    26.9744    7.06625    7.23911         14 0.0000e+00
      14811    617.079     56.000     0.2821   2.824727     0.2797   2.825726      89.95     0.0445     2.9661     2.6656  1.9725289  0.6477396   48.03729  -46.23105    33.6076    33.6232     0.2801     0.2777    26.9677    26.9805    7.10995    7.27510         35 0.0000e+00
      14966    623.547     57.000     0.1853   2.813991     0.1905   2.815868      95.62     0.0367     2.9756     2.6797  1.9815264  0.6492977   48.03730  -46.23106    33.5717    33.5907     0.1833     0.1885    26.9439    26.9589    7.10008    7.32132         18 0.0000e+00
      14984    624.286     58.000     0.3222   2.829061     0.2983   2.827844      95.68     0.0409     2.9748     2.6803  1.9814838  0.6487125   48.03728  -46.23104    33.6192    33.6294     0.3201     0.2962    26.9749    26.9844    7.05682    7.27008         18 0.0000e+00
