data/CTD/2013/CNV/D021A051.CNV
* Sea-Bird SBE 9 Data File:
* FileName = C:\CTD_ACQUISITION\2013021HUD\ctddata\021A051.hdr
* Software Version Seasave V 7.22.2
* Temperature SN = 5081
* Conductivity SN = 3561
* Number of Bytes Per Scan = 37
* Number of Voltage Words = 4
* Number of Scans Averaged by the Deck Unit = 1
* NMEA Latitude = 48 50.70 N
* NMEA Longitude = 045 44.75 W
* NMEA UTC (Time) = Jul 05 2013 02:25:27
* NMEA baud rate = 9600
** Ship: Hudson
** Cruise: HUD2013021
** Chief_Scientist: Greenan
** Organization: BIO
** Area_of_Operation: Sackville Spur
** Station: 51
** Sounding:  2274
** Event_Comments: SS26  393211
# nquan = 25
# nvalues = 2088                        
# units = specified
# name 0 = scan: Scan Count
# name 1 = timeS: Time, Elapsed [seconds]
# name 2 = prDM: Pressure, Digiquartz [db]
# name 3 = t068C: Temperature [ITS-68, deg C]
# name 4 = c0S/m: Conductivity [S/m]
# name 5 = t168C: Temperature, 2 [ITS-68, deg C]
# name 6 = c1S/m: Conductivity, 2 [S/m]
# name 7 = altM: Altimeter [m]
# name 8 = flCUVA: Fluorescence, Chelsea UV Aquatracka [ug/l]
# name 9 = sbeox0V: Oxygen raw, SBE 43 [V]
# name 10 = sbeox1V: Oxygen raw, SBE 43, 2 [V]
# name 11 = upoly0: Upoly 0, Optode 4330F - O2 D-Phase
# name 12 = upoly1: Upoly 1, Optode 4330F - O2 Temp
# name 13 = latitude: Latitude [deg]
# name 14 = longitude: Longitude [deg]
# name 15 = sal00: Salinity, Practical [PSU]
# name 16 = sal11: Salinity, Practical, 2 [PSU]
# name 17 = potemp068C: Potential Temperature [ITS-68, deg C]
# name 18 = potemp168C: Potential Temperature, 2 [ITS-68, deg C]
# name 19 = sigma-é00: Density [sigma-theta, Kg/m^3]
# name 20 = sigma-é11: Density, 2 [sigma-theta, Kg/m^3]
# name 21 = sbeox0ML/L: Oxygen, SBE 43 [ml/l], WS = 2
# name 22 = sbeox1ML/L: Oxygen, SBE 43, 2 [ml/l], WS = 2
# name 23 = nbin: number of scans per bin
# name 24 = flag: flag
# span 0 =       9969,      61389       
# span 1 =    415.354,   2557.831       
# span 2 =      2.000,   2089.000       
# span 3 =     2.9297,     8.3635       
# span 4 =   3.126993,   3.570776       
# span 5 =     2.9289,     8.3647       
# span 6 =   3.128520,   3.572228       
# span 7 =      -7.76,      98.93       
# span 8 =     0.0042,     0.6107       
# span 9 =     2.2697,     3.3526       
# span 10 =     2.0387,     3.0000      
# span 11 =  1.6931758,  2.0916853      
# span 12 =  0.9902283,  1.6518573      
# span 13 =   48.84580,   48.84850      
# span 14 =  -45.74850,  -45.74625      
# span 15 =    33.8325,    34.9756      
# span 16 =    33.8475,    34.9382      
# span 17 =     2.7723,     8.3616      
# span 18 =     2.7716,     8.3628      
# span 19 =    26.3983,    27.8404      
# span 20 =    26.4101,    27.8536      
# span 21 =    5.85957,    6.92092      
# span 22 =    6.07002,    7.02799      
# span 23 =          7,        103      
# span 24 = 0.0000e+00, 0.0000e+00      
# interval = decibars: 1                
# start_time = Jul 05 2013 02:25:27 [NMEA time, header]
# bad_flag = -9.990e-29
*END*
[from data line 1160]
      38249   1593.664   1162.000     3.7046   3.273582     3.7041   3.274914      86.02     0.0118     2.5156     2.2625  2.0285451  1.0879704   48.84670  -45.74822    34.9167    34.9331     3.6171     3.6166    27.7593    27.7724    5.89939    6.11329         21 0.0000e+00
      38270   1594.531   1163.000     3.7026   3.273460     3.7021   3.274780      79.58     0.0123     2.5154     2.2617  2.0299923  1.0879114   48.84670  -45.74822    34.9169    34.9332     3.6150     3.6145    27.7597    27.7726    5.92322    6.11763         20 0.0000e+00
      38291   1595.405   1164.000     3.7010   3.273369     3.7005   3.274691      95.63     0.0144     2.5161     2.2614  2.0298579  1.0879121   48.84670  -45.74824    34.9170    34.9332     3.6134     3.6128    27.7599    27.7729    5.91455    6.12181         22 0.0000e+00
      38314   1596.391   1165.000     3.7011   3.273413     3.7006   3.274735      72.07     0.0129     2.5146     2.2608  2.0298207  1.0879121   48.84670  -45.74822    34.9170    34.9332     3.6133     3.6128    27.7599    27.7728    5.89586    6.11651         26 0.0000e+00
      38343   1597.578   1166.000     3.6999   3.273354     3.6996   3.274700      80.32     0.0108     2.5135     2.2600  2.0296199  1.0879121   48.84670  -45.74824    34.9170    34.9333     3.6121     3.6118    27.7600    27.7730    5.90479    6.11061         31 0.0000e+00
      38373   1598.821   1167.000     3.6990   3.273326     3.6986   3.274662      95.77     0.0132     2.5135     2.2587  2.0296969  1.0879121   48.84670  -45.74825    34.9171    34.9334     3.6112     3.6131    27.7602    27.7732    5.91258    6.11158         28 0.0000e+00
      38400   1599.944   1168.000     3.6986   3.273335     3.6982   3.274668      75.21     0.0138     2.5125     2.2584  2.0296795  1.0879121   48.84670  -45.74826    34.9171    34.9334     3.6106     3.6102    27.7603    27.7733    5.90386    6.12014         26 0.0000e+00
      38426   1601.046   1169.000     3.6984   3.273365     3.6979   3.274687      93.60     0.0163     2.5127     2.2583  2.0299835  1.0879121   48.84670  -45.74828    34.9172    34.9334     3.6104     3.6099    27.7603    27.7733    5.91112    6.12037         27 0.0000e+00
      38452   1602.138   1170.000     3.6979   3.273363     3.6974   3.274684      95.51     0.0154     2.5119     2.2582  2.0303831  1.0879121   48.84672  -45.74828    34.9172    34.9334     3.6098     3.6092    27.7604    27.7734    5.90010    6.12027         25 0.0000e+00
      38477   1603.147   1171.000     3.6977   3.273385     3.6971   3.274714      71.81     0.0121     2.5112     2.2579  2.0305283  1.0877494   48.84672  -45.74828    34.9171    34.9335     3.6095     3.6089    27.7604    27.7735    5.90148    6.11717         23 0.0000e+00
      38499   1604.083   1172.000     3.6974   3.273414     3.6970   3.274744      53.63     0.0104     2.5109     2.2577  2.0301003  1.0873281   48.84672  -45.74828    34.9173    34.9336     3.6092     3.6086    27.7605    27.7736    5.90368    6.11861         23 0.0000e+00
      38521   1604.998   1173.000     3.6970   3.273423     3.6966   3.274755      83.96     0.0097     2.5102     2.2574  2.0298278  1.0874467   48.84672  -45.74829    34.9173    34.9336     3.6087     3.6082    27.7606    27.7736    5.90592    6.11978         21 0.0000e+00
      38543   1605.923   1174.000     3.6954   3.273324     3.6950   3.274651      75.89     0.0079     2.5105     2.2573  2.0298350  1.0870067   48.84672  -45.74830    34.9174    34.9335     3.6069     3.6065    27.7608    27.7737    5.91444    6.11405         23 0.0000e+00
      38566   1606.874   1175.000     3.6944   3.273280     3.6939   3.274614      90.94     0.0114     2.5105     2.2564  2.0297289  1.0867447   48.84672  -45.74831    34.9174    34.9337     3.6059     3.6054    27.7609    27.7740    5.90987    6.10783         23 0.0000e+00
      38590   1607.872   1176.000     3.6915   3.273061     3.6912   3.274418      93.37     0.0168     2.5108     2.2557  2.0312531  1.0867400   48.84672  -45.74832    34.9174    34.9336     3.6028     3.6026    27.7613    27.7742    5.91883    6.10642         25 0.0000e+00
      38617   1608.989   1177.000     3.6903   3.273013     3.6898   3.274331      76.85     0.0151     2.5104     2.2549  2.0328672  1.0865666   48.84672  -45.74833    34.9176    34.9338     3.6016     3.6011    27.7615    27.7745    5.90883    6.11145         29 0.0000e+00
      38646   1610.206   1178.000     3.6891   3.272951     3.6887   3.274284      95.66     0.0167     2.5105     2.2548  2.0329669  1.0859343   48.84672  -45.74834    34.9175    34.9338     3.6004     3.6024    27.7616    27.7746    5.90959    6.11726         29 0.0000e+00
      38673   1611.349   1179.000     3.6880   3.272898     3.6876   3.274228      92.84     0.0162     2.5094     2.2543  2.0329204  1.0866878   48.84673  -45.74834    34.9176    34.9338     3.5992     3.5988    27.7618    27.7748    5.89587    6.10448         26 0.0000e+00
      38699   1612.410   1180.000     3.6871   3.272865     3.6868   3.274201      72.46     0.0122     2.5082     2.2533  2.0310748  1.0861089   48.84674  -45.74833    34.9176    34.9338     3.5982     3.5979    27.7619    27.7748    5.89751    6.09762         25 0.0000e+00
      38724   1613.462   1181.000     3.6862   3.272843     3.6859   3.274172      88.87     0.0111     2.5077     2.2521  2.0313072  1.0862520   48.84674  -45.74834    34.9178    34.9339     3.5973     3.5969    27.7621    27.7750    5.89953    6.09661         25 0.0000e+00
      38750   1614.537   1182.000     3.6859   3.272865     3.6857   3.274214      76.38     0.0115     2.5070     2.2513  2.0322773  1.0855534   48.84676  -45.74832    34.9179    34.9341     3.5969     3.5967    27.7622    27.7752    5.90256    6.10110         26 0.0000e+00
      38775   1615.594   1183.000     3.6861   3.272922     3.6857   3.274260      95.22     0.0154     2.5066     2.2509  2.0324810  1.0856665   48.84676  -45.74832    34.9178    34.9341     3.5970     3.5966    27.7622    27.7752    5.89966    6.10680         25 0.0000e+00
      38799   1616.585   1184.000     3.6862   3.272981     3.6857   3.274306      86.39     0.0133     2.5063     2.2511  2.0329146  1.0851508   48.84676  -45.74833    34.9180    34.9342     3.5970     3.5965    27.7623    27.7753    5.89252    6.11460         23 0.0000e+00
      38822   1617.528   1185.000     3.6848   3.272911     3.6843   3.274238      76.89     0.0138     2.5049     2.2512  2.0329115  1.0851929   48.84676  -45.74834    34.9181    34.9344     3.5955     3.5950    27.7626    27.7755    5.89289    6.11375         22 0.0000e+00
      38844   1618.458   1186.000     3.6826   3.272769     3.6821   3.274094      94.81     0.0165     2.5049     2.2512  2.0329139  1.0847269   48.84678  -45.74834    34.9182    34.9345     3.5932     3.5927    27.7629    27.7759    5.90554    6.11591         23 0.0000e+00
      38866   1619.390   1187.000     3.6814   3.272717     3.6810   3.274046      95.48     0.0170     2.5050     2.2515  2.0329115  1.0851347   48.84678  -45.74834    34.9184    34.9346     3.5920     3.5915    27.7631    27.7761    5.90183    6.11758         22 0.0000e+00
      38889   1620.339   1188.000     3.6805   3.272686     3.6799   3.274003      95.10     0.0158     2.5044     2.2515  2.0329673  1.0845110   48.84678  -45.74834    34.9184    34.9347     3.5910     3.5904    27.7633    27.7763    5.90326    6.11596         23 0.0000e+00
      38914   1621.369   1189.000     3.6805   3.272725     3.6800   3.274051      92.71     0.0144     2.5045     2.2515  2.0329671  1.0844754   48.84678  -45.74836    34.9184    34.9347     3.5909     3.5904    27.7633    27.7763    5.89959    6.11435         27 0.0000e+00
      38942   1622.555   1190.000     3.6802   3.272743     3.6797   3.274074      78.29     0.0149     2.5040     2.2509  2.0329671  1.0838459   48.84679  -45.74837    34.9184    34.9348     3.5906     3.5900    27.7633    27.7764    5.90142    6.10608         30 0.0000e+00
      38971   1623.750   1191.000     3.6795   3.272732     3.6789   3.274047      95.70     0.0175     2.5038     2.2502  2.0334451  1.0845432   48.84678  -45.74839    34.9186    34.9347     3.5898     3.5892    27.7635    27.7764    5.90132    6.11061         26 0.0000e+00
      38996   1624.784   1192.000     3.6779   3.272637     3.6773   3.273958      78.78     0.0098     2.5033     2.2502  2.0344553  1.0842454   48.84678  -45.74840    34.9186    34.9349     3.5881     3.5875    27.7637    27.7767    5.90250    6.10986         24 0.0000e+00
      39019   1625.749   1193.000     3.6775   3.272642     3.6771   3.273980      85.93     0.0074     2.5035     2.2497  2.0343473  1.0844613   48.84679  -45.74840    34.9186    34.9348     3.5876     3.5872    27.7637    27.7767    5.90907    6.10467         23 0.0000e+00
      39043   1626.759   1194.000     3.6771   3.272652     3.6767   3.273984      79.34     0.0120     2.5035     2.2490  2.0347931  1.0837413   48.84680  -45.74840    34.9186    34.9349     3.5872     3.5867    27.7638    27.7768    5.89343    6.10881         26 0.0000e+00
      39070   1627.873   1195.000     3.6771   3.272698     3.6766   3.274021      56.87     0.0130     2.5019     2.2492  2.0343697  1.0835259   48.84680  -45.74840    34.9186    34.9349     3.5871     3.5917    27.7638    27.7768    5.89603    6.11678         27 0.0000e+00
      39097   1629.009   1196.000     3.6768   3.272712     3.6763   3.274032      93.57     0.0094     2.5023     2.2491  2.0341866  1.0835712   48.84680  -45.74842    34.9186    34.9348     3.5867     3.5861    27.7638    27.7768    5.90560    6.11267         27 0.0000e+00
      39123   1630.068   1197.000     3.6760   3.272682     3.6752   3.273982      94.99     0.0116     2.5020     2.2490  2.0351086  1.0834343   48.84680  -45.74842    34.9186    34.9349     3.5858     3.5850    27.7639    27.7769    5.90015    6.11219         24 0.0000e+00
      39146   1631.028   1198.000     3.6744   3.272580     3.6740   3.273915      67.63     0.0101     2.5018     2.2485  2.0352993  1.0833606   48.84680  -45.74842    34.9186    34.9349     3.5841     3.5837    27.7641    27.7771    5.90645    6.10684         22 0.0000e+00
      39167   1631.912   1199.000     3.6735   3.272541     3.6729   3.273879      92.09     0.0086     2.5020     2.2485  2.0353506  1.0833191   48.84680  -45.74842    34.9186    34.9351     3.5831     3.5826    27.7642    27.7773    5.89625    6.11127         21 0.0000e+00
      39188   1632.781   1200.000     3.6722   3.272481     3.6719   3.273826      93.54     0.0079     2.5006     2.2479  2.0354083  1.0836636   48.84681  -45.74842    34.9187    34.9350     3.5818     3.5815    27.7644    27.7774    5.89369    6.10292         21 0.0000e+00
      39210   1633.714   1201.000     3.6712   3.272441     3.6707   3.273754      79.20     0.0100     2.5008     2.2471  2.0354090  1.0832887   48.84682  -45.74842    34.9188    34.9350     3.5807     3.5801    27.7646    27.7775    5.90213    6.10393         24 0.0000e+00
      39235   1634.761   1202.000     3.6710   3.272459     3.6706   3.273790      63.52     0.0123     2.5001     2.2470  2.0355487  1.0831234   48.84682  -45.74842    34.9187    34.9349     3.5804     3.5800    27.7645    27.7775    5.89580    6.11397         26 0.0000e+00
      39260   1635.803   1203.000     3.6712   3.272515     3.6707   3.273836      62.90     0.0131     2.5001     2.2471  2.0355148  1.0830271   48.84683  -45.74842    34.9187    34.9349     3.5805     3.5800    27.7645    27.7775    5.90169    6.11489         23 0.0000e+00
      39282   1636.693   1204.000     3.6708   3.272535     3.6704   3.273860      82.34     0.0123     2.4997     2.2470  2.0357156  1.0830281   48.84684  -45.74843    34.9188    34.9350     3.5801     3.5796    27.7646    27.7776    5.90407    6.11138         20 0.0000e+00
      39301   1637.502   1205.000     3.6701   3.272516     3.6697   3.273850      75.25     0.0166     2.5001     2.2467  2.0358591  1.0830281   48.84684  -45.74844    34.9188    34.9351     3.5793     3.5789    27.7647    27.7777    5.90539    6.11029         19 0.0000e+00
      39321   1638.349   1206.000     3.6684   3.272414     3.6681   3.273754      89.77     0.0143     2.4995     2.2466  2.0348046  1.0830281   48.84684  -45.74844    34.9189    34.9352     3.5775     3.5772    27.7650    27.7780    5.89961    6.11100         22 0.0000e+00
      39349   1639.512   1207.000     3.6677   3.272392     3.6673   3.273724      83.15     0.0140     2.4995     2.2462  2.0348961  1.0830281   48.84683  -45.74846    34.9189    34.9352     3.5768     3.5781    27.7650    27.7781    5.90746    6.11130         36 0.0000e+00
      39386   1641.052   1208.000     3.6675   3.272422     3.6670   3.273736      89.41     0.0136     2.4998     2.2460  2.0354011  1.0830281   48.84682  -45.74848    34.9189    34.9351     3.5765     3.5758    27.7651    27.7780    5.90336    6.11225         31 0.0000e+00
      39411   1642.082   1209.000     3.6674   3.272458     3.6669   3.273783      95.69     0.0142     2.4992     2.2458  2.0356355  1.0830281   48.84684  -45.74848    34.9189    34.9352     3.5763     3.5758    27.7651    27.7782    5.90248    6.11415         22 0.0000e+00
      39430   1642.894   1210.000     3.6674   3.272494     3.6669   3.273827      73.15     0.0115     2.4989     2.2457  2.0357478  1.0830281   48.84684  -45.74848    34.9189    34.9353     3.5762     3.5757    27.7651    27.7782    5.89845    6.11153         18 0.0000e+00
      39449   1643.656   1211.000     3.6675   3.272552     3.6670   3.273885      82.82     0.0083     2.4985     2.2454  2.0362375  1.0830281   48.84684  -45.74849    34.9189    34.9353     3.5762     3.5757    27.7651    27.7783    5.89672    6.11229         19 0.0000e+00
      39468   1644.455   1212.000     3.6676   3.272603     3.6671   3.273938      95.30     0.0083     2.4980     2.2454  2.0366781  1.0830281   48.84684  -45.74850    34.9189    34.9353     3.5762     3.5757    27.7651    27.7783    5.89836    6.10990         20 0.0000e+00
      39490   1645.383   1213.000     3.6675   3.272636     3.6670   3.273963      93.33     0.0107     2.4978     2.2446  2.0367815  1.0830281   48.84684  -45.74848    34.9190    34.9353     3.5760     3.5755    27.7652    27.7782    5.90144    6.10219         24 0.0000e+00
      39516   1646.473   1214.000     3.6671   3.272647     3.6667   3.273975      72.33     0.0139     2.4979     2.2442  2.0369949  1.0830281   48.84684  -45.74846    34.9190    34.9352     3.5755     3.5778    27.7653    27.7782    5.90376    6.10759         27 0.0000e+00
      39542   1647.526   1215.000     3.6670   3.272683     3.6665   3.274015      95.56     0.0130     2.4972     2.2437  2.0370021  1.0830281   48.84684  -45.74846    34.9190    34.9353     3.5754     3.5748    27.7653    27.7783    5.90120    6.10568         23 0.0000e+00
      39563   1648.403   1216.000     3.6667   3.272701     3.6662   3.274033      95.04     0.0132     2.4975     2.2435  2.0367503  1.0830281   48.84686  -45.74848    34.9190    34.9354     3.5750     3.5745    27.7653    27.7784    5.90143    6.10679         20 0.0000e+00
      39582   1649.193   1217.000     3.6663   3.272708     3.6658   3.274042      58.91     0.0142     2.4967     2.2432  2.0368342  1.0830281   48.84686  -45.74846    34.9190    34.9354     3.5745     3.5740    27.7654    27.7785    5.88605    6.11045         18 0.0000e+00
      39600   1649.978   1218.000     3.6660   3.272730     3.6654   3.274049      95.72     0.0153     2.4954     2.2432  2.0360205  1.0830281   48.84686  -45.74846    34.9192    34.9354     3.5741     3.5735    27.7655    27.7785    5.89007    6.11204         20 0.0000e+00
