data/CTD/2013/CNV/D021A018.CNV
* Sea-Bird SBE 9 Data File:
* FileName = C:\CTD_ACQUISITION\2013021HUD\ctddata\021A018.hdr
* Software Version Seasave V 7.22.2
* Temperature SN = 5081
* Conductivity SN = 3561
* Number of Bytes Per Scan = 37
* Number of Voltage Words = 4
* Number of Scans Averaged by the Deck Unit = 1
* NMEA Latitude = 47 00.01 N
* NMEA Longitude = 046 44.51 W
* NMEA UTC (Time) = Jul 02 2013 03:43:13
* NMEA baud rate = 9600
** Ship: Hudson
** Cruise: HUD2013021
** Chief_Scientist: Greenan
** Organization: BIO
** Area_of_Operation: Sackville Spur
** Station: 18
** Sounding:  1161
** Event_Comments: FC18.5  393123
# nquan = 25
# nvalues = 1148                        
# units = specified
# name 0 = scan: Scan Count
# name 1 = timeS: Time, Elapsed [seconds]
# name 2 = prDM: Pressure, Digiquartz [db]
# name 3 = t068C: Temperature [ITS-68, deg C]
# name 4 = c0S/m: Conductivity [S/m]
# name 5 = t168C: Temperature, 2 [ITS-68, deg C]
# name 6 = c1S/m: Conductivity, 2 [S/m]
# name 7 = altM: Altimeter [m]
# name 8 = flCUVA: Fluorescence, Chelsea UV Aquatracka [ug/l]
# name 9 = sbeox0V: Oxygen raw, SBE 43 [V]
# name 10 = sbeox1V: Oxygen raw, SBE 43, 2 [V]
# name 11 = upoly0: Upoly 0, Optode 4330F - O2 D-Phase
# name 12 = upoly1: Upoly 1, Optode 4330F - O2 Temp
# name 13 = latitude: Latitude [deg]
# name 14 = longitude: Longitude [deg]
# name 15 = sal00: Salinity, Practical [PSU]
# name 16 = sal11: Salinity, Practical, 2 [PSU]
# name 17 = potemp068C: Potential Temperature [ITS-68, deg C]
# name 18 = potemp168C: Potential Temperature, 2 [ITS-68, deg C]
# name 19 = sigma-é00: Density [sigma-theta, Kg/m^3]
# name 20 = sigma-é11: Density, 2 [sigma-theta, Kg/m^3]
# name 21 = sbeox0ML/L: Oxygen, SBE 43 [ml/l], WS = 2
# name 22 = sbeox1ML/L: Oxygen, SBE 43, 2 [ml/l], WS = 2
# name 23 = nbin: number of scans per bin
# name 24 = flag: flag
# span 0 =      10303,      37147       
# span 1 =    429.264,   1547.733       
# span 2 =      2.000,   1149.000       
# span 3 =     0.6986,     5.8520       
# span 4 =   2.870539,   3.301245       
# span 5 =     0.6794,     5.8534       
# span 6 =   2.870345,   3.302438       
# span 7 =       2.41,     103.20       
# span 8 =     0.0066,     0.4761       
# span 9 =     2.5114,     3.4419       
# span 10 =     2.2600,     3.0748      
# span 11 =  1.7104135,  2.0306625      
# span 12 =  0.7694128,  1.3570464      
# span 13 =   47.00079,   47.00203      
# span 14 =  -46.74172,  -46.74020      
# span 15 =    32.7273,    34.9241      
# span 16 =    32.7417,    34.9392      
# span 17 =     0.6962,     5.8506      
# span 18 =     0.6771,     5.8520      
# span 19 =    25.7824,    27.7498      
# span 20 =    25.7937,    27.7627      
# span 21 =    5.87444,    7.52128      
# span 22 =    6.08991,    7.70464      
# span 23 =         10,         82      
# span 24 = 0.0000e+00, 0.0000e+00      
# interval = decibars: 1                
# start_time = Jul 02 2013 03:43:13 [NMEA time, header]
# bad_flag = -9.990e-29
*END*
[from data line 1102]
      35816   1492.299   1104.000     3.8050   3.279241     3.8045   3.280535      96.62     0.0142     2.5506     2.2969  2.0110426  1.1001370   47.00196  -46.74072    34.9071    34.9229     3.7216     3.7210    27.7411    27.7538    5.96046    6.18312         23 0.0000e+00
      35848   1493.607   1105.000     3.8053   3.279296     3.8048   3.280592      96.73     0.0148     2.5504     2.2960  2.0116982  1.1001221   47.00197  -46.74070    34.9070    34.9229     3.7217     3.7212    27.7410    27.7537    5.95507    6.16817         39 0.0000e+00
      35880   1494.968   1106.000     3.8052   3.279356     3.8047   3.280645      95.17     0.0133     2.5488     2.2948  2.0126164  1.1001221   47.00198  -46.74070    34.9072    34.9231     3.7216     3.7210    27.7412    27.7539    5.93964    6.17097         23 0.0000e+00
      35900   1495.800   1107.000     3.8048   3.279350     3.8042   3.280647      95.18     0.0101     2.5478     2.2940  2.0128286  1.1004026   47.00198  -46.74071    34.9071    34.9231     3.7210     3.7205    27.7412    27.7539    5.94732    6.16449         18 0.0000e+00
      35917   1496.514   1108.000     3.8045   3.279367     3.8039   3.280658      95.31     0.0112     2.5473     2.2935  2.0127840  1.1009218   47.00198  -46.74072    34.9072    34.9230     3.7207     3.7201    27.7412    27.7539    5.94838    6.16290         17 0.0000e+00
      35934   1497.192   1109.000     3.8047   3.279443     3.8042   3.280743      95.74     0.0143     2.5468     2.2925  2.0125136  1.1009619   47.00198  -46.74072    34.9073    34.9232     3.7208     3.7203    27.7413    27.7540    5.94942    6.15929         16 0.0000e+00
      35950   1497.882   1110.000     3.8045   3.279470     3.8040   3.280766      96.23     0.0161     2.5465     2.2918  2.0130780  1.1004761   47.00198  -46.74072    34.9073    34.9232     3.7205     3.7200    27.7414    27.7541    5.95114    6.16368         17 0.0000e+00
      35968   1498.629   1111.000     3.8042   3.279490     3.8036   3.280781      96.45     0.0128     2.5462     2.2917  2.0134332  1.1001201   47.00198  -46.74072    34.9074    34.9232     3.7201     3.7195    27.7415    27.7542    5.95402    6.17353         19 0.0000e+00
      35989   1499.485   1112.000     3.8036   3.279489     3.8030   3.280784      96.94     0.0157     2.5463     2.2918  2.0134311  1.1001221   47.00198  -46.74072    34.9075    34.9234     3.7195     3.7188    27.7416    27.7544    5.95662    6.17671         22 0.0000e+00
      36011   1500.419   1113.000     3.8029   3.279472     3.8024   3.280775      96.75     0.0158     2.5458     2.2915  2.0134311  1.1001221   47.00198  -46.74072    34.9075    34.9234     3.7187     3.7182    27.7417    27.7544    5.95028    6.16950         23 0.0000e+00
      36033   1501.342   1114.000     3.8023   3.279455     3.8017   3.280750      96.93     0.0176     2.5454     2.2911  2.0134311  1.1001221   47.00198  -46.74072    34.9074    34.9234     3.7180     3.7174    27.7417    27.7545    5.95484    6.16802         21 0.0000e+00
      36054   1502.217   1115.000     3.8023   3.279501     3.8017   3.280796      96.54     0.0232     2.5455     2.2906  2.0152521  1.1001221   47.00198  -46.74072    34.9075    34.9234     3.7179     3.7173    27.7418    27.7545    5.95316    6.16568         21 0.0000e+00
      36075   1503.091   1116.000     3.8016   3.279493     3.8011   3.280795      96.59     0.0233     2.5448     2.2900  2.0152621  1.1001221   47.00198  -46.74072    34.9076    34.9235     3.7171     3.7166    27.7419    27.7547    5.94651    6.15470         22 0.0000e+00
      36098   1504.023   1117.000     3.8010   3.279480     3.8005   3.280776      88.02     0.0181     2.5442     2.2885  2.0154965  1.1001221   47.00198  -46.74072    34.9076    34.9235     3.7165     3.7159    27.7420    27.7547    5.94108    6.14533         23 0.0000e+00
      36121   1505.018   1118.000     3.8010   3.279529     3.8005   3.280827      44.13     0.0125     2.5427     2.2871  2.0151618  1.1001221   47.00198  -46.74072    34.9077    34.9236     3.7164     3.7158    27.7421    27.7548    5.93212    6.14620         24 0.0000e+00
      36143   1505.937   1119.000     3.8030   3.279799     3.8024   3.281090      69.54     0.0130     2.5417     2.2863  2.0153844  1.1001221   47.00198  -46.74072    34.9083    34.9241     3.7182     3.7177    27.7424    27.7551    5.93663    6.15161         20 0.0000e+00
      36162   1506.722   1120.000     3.8044   3.280003     3.8038   3.281289      37.64     0.0168     2.5413     2.2859  2.0156624  1.1001221   47.00198  -46.74072    34.9087    34.9246     3.7196     3.7189    27.7425    27.7553    5.93290    6.14965         17 0.0000e+00
      36179   1507.435   1121.000     3.8059   3.280210     3.8052   3.281493      37.63     0.0158     2.5402     2.2851  2.0154364  1.1001221   47.00198  -46.74072    34.9091    34.9250     3.7209     3.7202    27.7427    27.7555    5.93546    6.15127         17 0.0000e+00
      36197   1508.157   1122.000     3.8067   3.280346     3.8060   3.281642      36.98     0.0158     2.5399     2.2851  2.0152965  1.1001221   47.00198  -46.74072    34.9093    34.9253     3.7217     3.7210    27.7428    27.7557    5.93253    6.15813         19 0.0000e+00
      36217   1508.992   1123.000     3.8067   3.280395     3.8060   3.281693      35.67     0.0159     2.5392     2.2849  2.0152099  1.1001221   47.00198  -46.74072    34.9094    34.9255     3.7216     3.7209    27.7429    27.7558    5.93222    6.15735         22 0.0000e+00
      36243   1510.068   1124.000     3.8068   3.280449     3.8062   3.281749      34.51     0.0137     2.5383     2.2845  2.0157888  1.1001221   47.00198  -46.74074    34.9094    34.9254     3.7216     3.7210    27.7430    27.7557    5.92592    6.15175         28 0.0000e+00
      36268   1511.117   1125.000     3.8062   3.280452     3.8057   3.281756      33.21     0.0153     2.5371     2.2840  2.0158758  1.1001221   47.00198  -46.74074    34.9096    34.9255     3.7209     3.7204    27.7431    27.7559    5.92925    6.14744         21 0.0000e+00
      36286   1511.887   1126.000     3.8047   3.280361     3.8042   3.281661      32.50     0.0140     2.5367     2.2831  2.0158730  1.1001221   47.00198  -46.74074    34.9096    34.9254     3.7193     3.7188    27.7433    27.7560    5.92429    6.14092         17 0.0000e+00
      36302   1512.549   1127.000     3.8024   3.280179     3.8020   3.281495      31.60     0.0131     2.5360     2.2826  2.0156260  1.1001221   47.00198  -46.74074    34.9094    34.9254     3.7169     3.7165    27.7434    27.7562    5.90897    6.14215         15 0.0000e+00
      36318   1513.189   1128.000     3.8006   3.280056     3.8000   3.281349      30.72     0.0133     2.5343     2.2819  2.0157971  1.1001221   47.00198  -46.74074    34.9092    34.9252     3.7152     3.7145    27.7434    27.7563    5.90454    6.14045         16 0.0000e+00
      36334   1513.876   1129.000     3.8010   3.280153     3.8004   3.281433      29.75     0.0125     2.5332     2.2814  2.0167944  1.1001221   47.00198  -46.74074    34.9094    34.9253     3.7155     3.7148    27.7436    27.7563    5.91065    6.14180         18 0.0000e+00
      36354   1514.721   1130.000     3.8018   3.280266     3.8011   3.281560      28.67     0.0164     2.5323     2.2807  2.0179055  1.1001221   47.00199  -46.74074    34.9095    34.9255     3.7161     3.7182    27.7436    27.7564    5.91608    6.13985         23 0.0000e+00
      36382   1515.866   1131.000     3.8015   3.280302     3.8010   3.281594      27.38     0.0153     2.5316     2.2796  2.0189362  1.1000810   47.00200  -46.74074    34.9096    34.9256     3.7158     3.7152    27.7437    27.7565    5.91865    6.13311         30 0.0000e+00
      36410   1517.023   1132.000     3.8008   3.280294     3.8002   3.281591      25.75     0.0146     2.5308     2.2784  2.0202959  1.1001229   47.00198  -46.74074    34.9099    34.9258     3.7150     3.7144    27.7440    27.7567    5.90982    6.12848         25 0.0000e+00
      36432   1517.954   1133.000     3.8005   3.280316     3.7999   3.281610      24.87     0.0168     2.5297     2.2774  2.0184979  1.1001221   47.00198  -46.74073    34.9100    34.9259     3.7146     3.7140    27.7441    27.7568    5.90153    6.12450         21 0.0000e+00
      36453   1518.829   1134.000     3.7998   3.280325     3.7993   3.281617      23.95     0.0131     2.5283     2.2762  2.0176218  1.1001221   47.00198  -46.74073    34.9102    34.9261     3.7139     3.7133    27.7444    27.7570    5.89839    6.11856         21 0.0000e+00
      36476   1519.807   1135.000     3.7989   3.280289     3.7984   3.281594      23.25     0.0127     2.5270     2.2750  2.0189574  1.1001221   47.00198  -46.74074    34.9103    34.9263     3.7128     3.7123    27.7445    27.7573    5.89604    6.11937         27 0.0000e+00
      36507   1521.100   1136.000     3.7969   3.280172     3.7965   3.281488      22.06     0.0120     2.5253     2.2735  2.0200045  1.1001221   47.00200  -46.74074    34.9105    34.9265     3.7108     3.7104    27.7449    27.7577    5.89565    6.11157         35 0.0000e+00
      36544   1522.621   1137.000     3.7951   3.280070     3.7945   3.281364      20.02     0.0156     2.5239     2.2715  2.0199981  1.1001221   47.00200  -46.74074    34.9107    34.9266     3.7089     3.7083    27.7453    27.7580    5.89357    6.10741         37 0.0000e+00
      36586   1524.365   1138.000     3.7925   3.279904     3.7919   3.281194      19.16     0.0120     2.5220     2.2692  2.0202270  1.1001221   47.00200  -46.74074    34.9110    34.9269     3.7062     3.7056    27.7457    27.7585    5.88871    6.10102         49 0.0000e+00
      36629   1526.184   1139.000     3.7904   3.279799     3.7898   3.281090      18.40     0.0112     2.5204     2.2674  2.0207520  1.1000783   47.00200  -46.74074    34.9114    34.9273     3.7041     3.7034    27.7463    27.7591    5.88502    6.10247         30 0.0000e+00
      36652   1527.131   1140.000     3.7888   3.279708     3.7878   3.280976      17.39     0.0139     2.5193     2.2668  2.0207579  1.1001232   47.00200  -46.74074    34.9116    34.9276     3.7024     3.7014    27.7466    27.7594    5.88272    6.10185         20 0.0000e+00
      36671   1527.906   1141.000     3.7808   3.279063     3.7804   3.280387      16.81     0.0151     2.5184     2.2660  2.0218985  1.0994246   47.00200  -46.74074    34.9119    34.9280     3.6944     3.6939    27.7477    27.7605    5.88395    6.10290         19 0.0000e+00
      36691   1528.750   1142.000     3.7769   3.278777     3.7767   3.280103      15.60     0.0157     2.5179     2.2657  2.0221775  1.0989255   47.00200  -46.74074    34.9120    34.9280     3.6905     3.6902    27.7481    27.7609    5.88582    6.11195         23 0.0000e+00
      36786   1532.699   1143.000     3.7809   3.279158     3.7800   3.280423      14.61     0.0185     2.5139     2.2637  2.0231035  1.0987158   47.00200  -46.74074    34.9118    34.9278     3.6943     3.6934    27.7476    27.7604    5.88020    6.09482         49 0.0000e+00
      36852   1535.470   1144.000     3.7741   3.278619     3.7736   3.279929      13.90     0.0184     2.5123     2.2613  2.0240326  1.0989069   47.00200  -46.74074    34.9121    34.9282     3.6875     3.6870    27.7486    27.7614    5.87701    6.08991         35 0.0000e+00
      36881   1536.662   1145.000     3.7727   3.278544     3.7721   3.279844      13.37     0.0163     2.5118     2.2608  2.0273738  1.0988060   47.00200  -46.74074    34.9122    34.9283     3.6861     3.6854    27.7487    27.7616    5.87946    6.09351         26 0.0000e+00
      36905   1537.674   1146.000     3.7686   3.278233     3.7679   3.279526      12.21     0.0158     2.5117     2.2603  2.0268586  1.0983135   47.00200  -46.74075    34.9123    34.9284     3.6819     3.6811    27.7492    27.7622    5.87444    6.09361         23 0.0000e+00
      36929   1538.676   1147.000     3.7646   3.277937     3.7643   3.279257      11.14     0.0133     2.5115     2.2600  2.0256546  1.0976872   47.00200  -46.74076    34.9125    34.9286     3.6779     3.6775    27.7498    27.7626    5.87982    6.09611         26 0.0000e+00
      36988   1541.109   1148.000     3.7651   3.278015     3.7642   3.279281       9.64     0.0141     2.5114     2.2601  2.0269566  1.0971653   47.00200  -46.74076    34.9125    34.9284     3.6782     3.6773    27.7497    27.7626    5.88449    6.10293         42 0.0000e+00
      37147   1547.733   1149.000     3.7659   3.278141     3.7658   3.279472       8.81     0.0163     2.5123     2.2607  2.0306625  1.0981081   47.00203  -46.74076    34.9126    34.9285     3.6790     3.6788    27.7498    27.7625    5.88830    6.10363         26 0.0000e+00
