data/CTD/2013/CNV/D021A057.CNV
* Sea-Bird SBE 9 Data File:
* FileName = C:\CTD_ACQUISITION\2013021HUD\ctddata\021A057.hdr
* Software Version Seasave V 7.22.2
* Temperature SN = 5081
* Conductivity SN = 3561
* Number of Bytes Per Scan = 37
* Number of Voltage Words = 4
* Number of Scans Averaged by the Deck Unit = 1
* NMEA Latitude = 48 32.47 N
* NMEA Longitude = 045 23.87 W
* NMEA UTC (Time) = Jul 05 2013 10:27:43
* NMEA baud rate = 9600
** Ship: Hudson
** Cruise: HUD2013021
** Chief_Scientist: Greenan
** Organization: BIO
** Area_of_Operation: Sackville Spur
** Station: 57
** Sounding:  858
** Event_Comments: SS20  393223
# nquan = 25
# nvalues = 859                         
# units = specified
# name 0 = scan: Scan Count
# name 1 = timeS: Time, Elapsed [seconds]
# name 2 = prDM: Pressure, Digiquartz [db]
# name 3 = t068C: Temperature [ITS-68, deg C]
# name 4 = c0S/m: Conductivity [S/m]
# name 5 = t168C: Temperature, 2 [ITS-68, deg C]
# name 6 = c1S/m: Conductivity, 2 [S/m]
# name 7 = altM: Altimeter [m]
# name 8 = flCUVA: Fluorescence, Chelsea UV Aquatracka [ug/l]
# name 9 = sbeox0V: Oxygen raw, SBE 43 [V]
# name 10 = sbeox1V: Oxygen raw, SBE 43, 2 [V]
# name 11 = upoly0: Upoly 0, Optode 4330F - O2 D-Phase
# name 12 = upoly1: Upoly 1, Optode 4330F - O2 Temp
# name 13 = latitude: Latitude [deg]
# name 14 = longitude: Longitude [deg]
# name 15 = sal00: Salinity, Practical [PSU]
# name 16 = sal11: Salinity, Practical, 2 [PSU]
# name 17 = potemp068C: Potential Temperature [ITS-68, deg C]
# name 18 = potemp168C: Potential Temperature, 2 [ITS-68, deg C]
# name 19 = sigma-é00: Density [sigma-theta, Kg/m^3]
# name 20 = sigma-é11: Density, 2 [sigma-theta, Kg/m^3]
# name 21 = sbeox0ML/L: Oxygen, SBE 43 [ml/l], WS = 2
# name 22 = sbeox1ML/L: Oxygen, SBE 43, 2 [ml/l], WS = 2
# name 23 = nbin: number of scans per bin
# name 24 = flag: flag
# span 0 =       7914,      30147       
# span 1 =    329.724,   1256.071       
# span 2 =      3.000,    861.000       
# span 3 =     2.6052,     6.5206       
# span 4 =   3.032769,   3.332421       
# span 5 =     2.6050,     6.5198       
# span 6 =   3.034624,   3.333700       
# span 7 =       5.21,      99.85       
# span 8 =     0.0059,     0.5901       
# span 9 =     2.5856,     3.4036       
# span 10 =     2.3155,     3.0446      
# span 11 =  1.7040998,  2.0257089      
# span 12 =  0.9559607,  1.4432175      
# span 13 =   48.53974,   48.54116      
# span 14 =  -45.39760,  -45.39682      
# span 15 =    33.2724,    34.9135      
# span 16 =    33.2883,    34.9295      
# span 17 =     2.6009,     6.5203      
# span 18 =     2.6007,     6.5195      
# span 19 =    26.1514,    27.7545      
# span 20 =    26.1633,    27.7677      
# span 21 =    5.89199,    7.58635      
# span 22 =    6.06530,    7.72736      
# span 23 =         14,         85      
# span 24 = 0.0000e+00, 0.0000e+00      
# interval = decibars: 1                
# start_time = Jul 05 2013 10:27:43 [NMEA time, header]
# bad_flag = -9.990e-29
*END*
       7914    329.724      3.000     6.5206   3.332421     6.5198   3.333700      95.68     0.1706     3.3892     3.0354  1.7057748  1.4430072   48.54109  -45.39723    33.3100    33.3250     6.5203     6.5195    26.1514    26.1633    7.01157    7.15944         30 0.0000e+00
       7949    331.187      4.000     6.5180   3.332245     6.5179   3.333581      95.70     0.1812     3.3908     3.0358  1.7051774  1.4432174   48.54110  -45.39724    33.3101    33.3250     6.5177     6.5176    26.1518    26.1636    7.02668    7.15755         38 0.0000e+00
       8025    334.349      5.000     6.5148   3.331937     6.5148   3.333326      95.64     0.2144     3.3918     3.0346  1.7062443  1.4428962   48.54110  -45.39724    33.3093    33.3246     6.5143     6.5144    26.1517    26.1637    7.02267    7.16114         85 0.0000e+00
       8076    336.450      6.000     6.4992   3.330470     6.5054   3.332480      83.93     0.2193     3.3956     3.0386  1.7057368  1.4426112   48.54110  -45.39724    33.3077    33.3239     6.4987     6.5049    26.1524    26.1644    7.06288    7.19893         28 0.0000e+00
       8103    337.580      7.000     6.4930   3.329910     6.4970   3.331675      40.02     0.2273     3.3986     3.0404  1.7057387  1.4425927   48.54109  -45.39724    33.3071    33.3228     6.4924     6.4964    26.1528    26.1646    7.05079    7.18331         29 0.0000e+00
       8142    339.209      8.000     6.4647   3.327116     6.4517   3.327296      90.78     0.2471     3.3962     3.0413  1.7057594  1.4414101   48.54109  -45.39724    33.3032    33.3171     6.4640     6.4510    26.1534    26.1659    7.02590    7.18914         54 0.0000e+00
       8195    341.436      9.000     6.4047   3.321309     6.3960   3.321812      95.55     0.2623     3.3926     3.0390  1.7067909  1.4407240   48.54108  -45.39726    33.2968    33.3109     6.4039     6.3952    26.1561    26.1684    7.04316    7.18372         36 0.0000e+00
       8221    342.483     10.000     6.4051   3.321420     6.4014   3.322442      95.57     0.2977     3.3939     3.0385  1.7069651  1.4403484   48.54108  -45.39728    33.2971    33.3121     6.4043     6.4006    26.1563    26.1686    7.05991    7.19638         23 0.0000e+00
       8243    343.434     11.000     6.4470   3.325580     6.4693   3.329144      25.83     0.3139     3.3951     3.0395  1.7069597  1.4354831   48.54108  -45.39728    33.3020    33.3197     6.4460     6.4684    26.1547    26.1658    7.05529    7.19494         25 0.0000e+00
       8284    345.128     12.000     6.4697   3.327804     6.4617   3.328340      89.42     0.2968     3.3990     3.0428  1.7054543  1.4337511   48.54108  -45.39728    33.3040    33.3179     6.4687     6.4607    26.1534    26.1654    7.07579    7.21248         62 0.0000e+00
       8340    347.476     13.000     6.4106   3.322113     6.4074   3.323200      95.57     0.2660     3.4036     3.0446  1.7055520  1.4354210   48.54108  -45.39726    33.2980    33.3125     6.4095     6.4063    26.1563    26.1681    7.07603    7.20806         36 0.0000e+00
       8369    348.648     14.000     6.3838   3.319508     6.3876   3.321258      95.26     0.2935     3.4031     3.0442  1.7061512  1.4348093   48.54110  -45.39726    33.2948    33.3104     6.3826     6.3865    26.1572    26.1691    7.07449    7.21234         29 0.0000e+00
       8408    350.310     15.000     6.3635   3.317609     6.3739   3.320061      65.86     0.3264     3.3989     3.0415  1.7069230  1.4317878   48.54109  -45.39726    33.2929    33.3101     6.3622     6.3726    26.1584    26.1706    7.04751    7.19551         58 0.0000e+00
       8467    352.732     16.000     6.4307   3.324310     6.4324   3.325675      99.28     0.3146     3.3941     3.0394  1.7065011  1.4282380   48.54110  -45.39724    33.3013    33.3148     6.4294     6.4311    26.1563    26.1668    7.04974    7.19239         39 0.0000e+00
       8491    353.757     17.000     6.4241   3.323675     6.4158   3.324135      95.60     0.3068     3.3932     3.0381  1.7040998  1.4285715   48.54109  -45.39725    33.3002    33.3134     6.4227     6.4144    26.1563    26.1678    7.02956    7.16929         22 0.0000e+00
       8515    354.739     18.000     6.4425   3.325444     6.4291   3.325503      95.61     0.3040     3.3909     3.0348  1.7045945  1.4297537   48.54109  -45.39726    33.3014    33.3151     6.4409     6.4276    26.1549    26.1675    7.03334    7.17604         26 0.0000e+00
       8551    356.245     19.000     6.4066   3.322099     6.3870   3.321425      95.58     0.3165     3.3926     3.0357  1.7053173  1.4318165   48.54109  -45.39726    33.2988    33.3104     6.4049     6.3854    26.1575    26.1692    7.06651    7.19520         51 0.0000e+00
       8607    358.592     20.000     6.2952   3.311296     6.3032   3.313487      95.52     0.3417     3.3949     3.0358  1.7047836  1.4319664   48.54111  -45.39725    33.2870    33.3032     6.2935     6.3015    26.1625    26.1742    7.08374    7.22361         46 0.0000e+00
       8639    359.937     21.000     6.2185   3.304369     6.2053   3.304461      95.57     0.3653     3.3971     3.0387  1.7057384  1.4297930   48.54112  -45.39724    33.2842    33.2982     6.2168     6.2035    26.1700    26.1827    7.12683    7.25493         28 0.0000e+00
       8669    361.161     22.000     6.1084   3.294225     6.1073   3.295496      95.60     0.3954     3.3997     3.0396  1.7075818  1.4248121   48.54112  -45.39724    33.2782    33.2936     6.1066     6.1054    26.1791    26.1914    7.13807    7.25964         31 0.0000e+00
       8701    362.496     23.000     6.0648   3.290185     6.0658   3.291669      95.60     0.4288     3.3999     3.0389  1.7084590  1.4190340   48.54112  -45.39724    33.2752    33.2909     6.0629     6.0639    26.1822    26.1944    7.12741    7.25067         32 0.0000e+00
       8732    363.796     24.000     6.0074   3.285019     6.0081   3.286427      95.63     0.4220     3.3965     3.0352  1.7093903  1.4052362   48.54112  -45.39724    33.2724    33.2883     6.0062     6.0061    26.1870    26.1996    7.10260    7.22185         32 0.0000e+00
       8770    365.377     25.000     5.9560   3.280556     5.9582   3.282163      95.64     0.4330     3.3858     3.0252  1.7103541  1.3980370   48.54112  -45.39724    33.2729    33.2889     5.9540     5.9562    26.1939    26.2062    7.05165    7.17568         45 0.0000e+00
       8814    367.205     26.000     5.9435   3.279644     5.9446   3.281139      95.63     0.4682     3.3735     3.0109  1.7106280  1.3904045   48.54112  -45.39724    33.2745    33.2903     5.9414     5.9425    26.1967    26.2090    7.02499    7.10162         39 0.0000e+00
       8848    368.608     27.000     5.9175   3.277720     5.9235   3.279606      95.64     0.4991     3.3522     2.9851  1.7106227  1.3869267   48.54112  -45.39724    33.2780    33.2933     5.9153     5.9213    26.2026    26.2140    6.82647    6.86503         30 0.0000e+00
       8879    369.913     28.000     5.8490   3.272024     5.8538   3.273803      95.64     0.5007     3.3250     2.9495  1.7107333  1.3841795   48.54112  -45.39724    33.2808    33.2961     5.8467     5.8515    26.2132    26.2248    6.88067    6.85281         33 0.0000e+00
       8914    371.387     29.000     5.6267   3.253115     5.6301   3.254828      95.61     0.5214     3.3198     2.9318  1.7126851  1.3793275   48.54114  -45.39724    33.2859    33.3020     5.6244     5.6278    26.2441    26.2564    7.01250    6.96620         37 0.0000e+00
       8951    372.925     30.000     5.2739   3.222814     5.2720   3.224172      95.66     0.5302     3.3207     2.9271  1.7158542  1.3716700   48.54114  -45.39724    33.2902    33.3076     5.2716     5.2697    26.2889    26.3029    7.08288    7.09640         37 0.0000e+00
       8987    374.419     31.000     4.8572   3.186038     4.8584   3.187541      95.65     0.5755     3.3208     2.9345  1.7202072  1.3587003   48.54114  -45.39724    33.2823    33.2984     4.8549     4.8562    26.3295    26.3422    7.18863    7.28769         34 0.0000e+00
       9020    375.786     32.000     3.5763   3.076534     3.5750   3.077834      95.70     0.5436     3.3325     2.9559  1.7276458  1.3256452   48.54114  -45.39724    33.2901    33.3072     3.5743     3.5730    26.4672    26.4809    7.58635    7.72736         32 0.0000e+00
       9052    377.121     33.000     3.1231   3.040061     3.1236   3.041876      95.69     0.5257     3.3466     2.9779  1.7516589  1.2816440   48.54114  -45.39724    33.3166    33.3381     3.1212     3.1216    26.5306    26.5478    7.54682    7.68962         34 0.0000e+00
       9096    378.947     34.000     3.0292   3.032769     3.0304   3.034624      95.69     0.5901     3.3151     2.9598  1.7668452  1.1878279   48.54114  -45.39724    33.3247    33.3460     3.0272     3.0284    26.5455    26.5624    7.27113    7.44594         57 0.0000e+00
       9150    381.225     35.000     3.1831   3.049965     3.2001   3.053245      95.66     0.5834     3.2704     2.9289  1.7761546  1.0971820   48.54114  -45.39724    33.3734    33.3956     3.1811     3.1980    26.5705    26.5867    7.17566    7.33734         40 0.0000e+00
       9179    382.401     36.000     3.7336   3.108238     3.7388   3.110606      95.68     0.5746     3.2557     2.9169  1.7776330  1.0897949   48.54114  -45.39724    33.5058    33.5287     3.7312     3.7364    26.6242    26.6419    7.05197    7.20124         24 0.0000e+00
       9202    383.356     37.000     4.2516   3.165602     4.2500   3.167016      95.67     0.5414     3.2431     2.9057  1.7753797  1.0782642   48.54114  -45.39724    33.6538    33.6722     4.2491     4.2474    26.6897    26.7045    6.92465    7.07027         23 0.0000e+00
       9230    384.523     38.000     4.0954   3.164650     4.0966   3.165789      95.74     0.4226     3.2305     2.8937  1.7691571  1.0987011   48.54114  -45.39724    33.8028    33.8151     4.0929     4.0940    26.8244    26.8340    6.93803    7.06911         36 0.0000e+00
       9282    386.707     39.000     3.8042   3.142211     3.7976   3.143044      95.74     0.2573     3.2117     2.8744  1.7608185  1.1554686   48.54115  -45.39724    33.8367    33.8534     3.8016     3.7951    26.8808    26.8948    6.95357    7.08207         59 0.0000e+00
       9325    388.481     40.000     3.6791   3.132839     3.6782   3.134135      95.74     0.2153     3.1968     2.8602  1.7711648  1.1630466   48.54116  -45.39724    33.8541    33.8706     3.6765     3.6756    26.9070    26.9202    6.94025    7.07143         30 0.0000e+00
       9352    389.644     41.000     3.5394   3.122087     3.5402   3.123429      95.80     0.2298     3.1877     2.8520  1.7789859  1.1526414   48.54116  -45.39724    33.8701    33.8854     3.5368     3.5376    26.9333    26.9454    6.94116    7.05711         28 0.0000e+00
       9382    390.861     42.000     3.3811   3.110876     3.3842   3.112400      95.80     0.1916     3.1775     2.8405  1.7840989  1.1339766   48.54116  -45.39724    33.8999    33.9150     3.3785     3.3816    26.9721    26.9839    6.92466    7.04286         31 0.0000e+00
       9414    392.216     43.000     3.2406   3.102103     3.2398   3.103430      95.79     0.1572     3.1635     2.8289  1.7894331  1.1147455   48.54115  -45.39724    33.9405    33.9575     3.2380     3.2372    27.0177    27.0313    6.90339    7.03989         34 0.0000e+00
       9450    393.693     44.000     3.1379   3.096397     3.1422   3.098018      95.83     0.1340     3.1502     2.8177  1.7983191  1.0914955   48.54116  -45.39724    33.9788    33.9940     3.1352     3.1395    27.0577    27.0694    6.90859    7.03857         38 0.0000e+00
       9499    395.752     45.000     3.0313   3.092058     3.0328   3.093503      95.74     0.1157     3.1345     2.8046  1.8086040  1.0731122   48.54116  -45.39724    34.0379    34.0539     3.0286     3.0301    27.1145    27.1272    6.88626    7.03184         61 0.0000e+00
       9553    398.009     46.000     2.9471   3.088743     2.9473   3.090133      95.87     0.0988     3.1179     2.7927  1.8147100  1.0578451   48.54116  -45.39724    34.0860    34.1027     2.9444     2.9446    27.1605    27.1739    6.86688    7.02413         40 0.0000e+00
       9584    399.281     47.000     2.9148   3.087232     2.9154   3.088619      95.90     0.0941     3.1110     2.7878  1.8220270  1.0482913   48.54116  -45.39724    34.1013    34.1176     2.9120     2.9126    27.1756    27.1886    6.87632    7.02653         26 0.0000e+00
       9608    400.284     48.000     2.9049   3.086867     2.9053   3.088230      95.93     0.0907     3.1070     2.7849  1.8226840  1.0471505   48.54116  -45.39724    34.1067    34.1230     2.9021     2.9024    27.1808    27.1938    6.87311    7.03374         23 0.0000e+00
       9633    401.324     49.000     2.8832   3.086090     2.8848   3.087467      95.43     0.0834     3.1026     2.7818  1.8318417  1.0277408   48.54116  -45.39724    34.1197    34.1348     2.8804     2.8819    27.1931    27.2051    6.86024    7.02255         28 0.0000e+00
       9667    402.739     50.000     2.8538   3.084940     2.8541   3.086260      95.96     0.0753     3.0964     2.7777  1.8354554  1.0230279   48.54116  -45.39724    34.1358    34.1521     2.8510     2.8512    27.2086    27.2216    6.85069    7.01471         41 0.0000e+00
       9711    404.593     51.000     2.8432   3.084668     2.8432   3.085998      96.01     0.0703     3.0892     2.7721  1.8405786  1.0190260   48.54116  -45.39724    34.1437    34.1600     2.8402     2.8402    27.2158    27.2289    6.84294    6.99075         44 0.0000e+00
       9751    406.255     52.000     2.8328   3.084593     2.8329   3.085914      96.04     0.0699     3.0834     2.7646  1.8446815  1.0177500   48.54116  -45.39724    34.1532    34.1693     2.8298     2.8299    27.2244    27.2372    6.82383    6.96018         37 0.0000e+00
       9786    407.717     53.000     2.8217   3.084498     2.8217   3.085808      95.67     0.0708     3.0778     2.7587  1.8521587  1.0134678   48.54116  -45.39724    34.1634    34.1794     2.8186     2.8186    27.2335    27.2463    6.81147    6.95800         34 0.0000e+00
       9820    409.145     54.000     2.8097   3.084526     2.8102   3.085837      96.09     0.0652     3.0721     2.7555  1.8557283  1.0093770   48.54116  -45.39724    34.1759    34.1914     2.8066     2.8071    27.2445    27.2569    6.79146    6.96635         35 0.0000e+00
       9859    410.736     55.000     2.7959   3.084398     2.7963   3.085707      96.11     0.0692     3.0656     2.7509  1.8592951  1.0058148   48.54116  -45.39725    34.1885    34.2041     2.7927     2.7931    27.2558    27.2683    6.78624    6.94461         40 0.0000e+00
       9897    412.335     56.000     2.7812   3.084021     2.7818   3.085333      96.09     0.0683     3.0604     2.7465  1.8626162  1.0032884   48.54116  -45.39726    34.1989    34.2145     2.7780     2.7785    27.2654    27.2778    6.77784    6.94485         36 0.0000e+00
       9931    413.749     57.000     2.7677   3.083903     2.7678   3.085194      96.02     0.0624     3.0562     2.7433  1.8656883  1.0012221   48.54116  -45.39726    34.2114    34.2270     2.7644     2.7645    27.2766    27.2891    6.76986    6.92868         33 0.0000e+00
       9964    415.123     58.000     2.7631   3.083907     2.7632   3.085202      77.07     0.0532     3.0515     2.7397  1.8691165  0.9970171   48.54116  -45.39726    34.2157    34.2315     2.7598     2.7599    27.2805    27.2931    6.74840    6.91731         34 0.0000e+00
      10003    416.732     59.000     2.7614   3.084869     2.7608   3.086074      95.71     0.0519     3.0452     2.7345  1.8732543  0.9936197   48.54116  -45.39726    34.2289    34.2443     2.7579     2.7574    27.2911    27.3035    6.73670    6.89315         43 0.0000e+00
