data/CTD/2013/CNV/D021A058.CNV
* Sea-Bird SBE 9 Data File:
* FileName = C:\CTD_ACQUISITION\2013021HUD\ctddata\021A058.hdr
* Software Version Seasave V 7.22.2
* Temperature SN = 5081
* Conductivity SN = 3561
* Number of Bytes Per Scan = 37
* Number of Voltage Words = 4
* Number of Scans Averaged by the Deck Unit = 1
* NMEA Latitude = 48 28.99 N
* NMEA Longitude = 045 20.33 W
* NMEA UTC (Time) = Jul 05 2013 11:38:36
* NMEA baud rate = 9600
** Ship: Hudson
** Cruise: HUD2013021
** Chief_Scientist: Greenan
** Organization: BIO
** Area_of_Operation: Sackville Spur
** Station: 58
** Sounding:  775
** Event_Comments: SS19  393225
# nquan = 25
# nvalues = 773                         
# units = specified
# name 0 = scan: Scan Count
# name 1 = timeS: Time, Elapsed [seconds]
# name 2 = prDM: Pressure, Digiquartz [db]
# name 3 = t068C: Temperature [ITS-68, deg C]
# name 4 = c0S/m: Conductivity [S/m]
# name 5 = t168C: Temperature, 2 [ITS-68, deg C]
# name 6 = c1S/m: Conductivity, 2 [S/m]
# name 7 = altM: Altimeter [m]
# name 8 = flCUVA: Fluorescence, Chelsea UV Aquatracka [ug/l]
# name 9 = sbeox0V: Oxygen raw, SBE 43 [V]
# name 10 = sbeox1V: Oxygen raw, SBE 43, 2 [V]
# name 11 = upoly0: Upoly 0, Optode 4330F - O2 D-Phase
# name 12 = upoly1: Upoly 1, Optode 4330F - O2 Temp
# name 13 = latitude: Latitude [deg]
# name 14 = longitude: Longitude [deg]
# name 15 = sal00: Salinity, Practical [PSU]
# name 16 = sal11: Salinity, Practical, 2 [PSU]
# name 17 = potemp068C: Potential Temperature [ITS-68, deg C]
# name 18 = potemp168C: Potential Temperature, 2 [ITS-68, deg C]
# name 19 = sigma-é00: Density [sigma-theta, Kg/m^3]
# name 20 = sigma-é11: Density, 2 [sigma-theta, Kg/m^3]
# name 21 = sbeox0ML/L: Oxygen, SBE 43 [ml/l], WS = 2
# name 22 = sbeox1ML/L: Oxygen, SBE 43, 2 [ml/l], WS = 2
# name 23 = nbin: number of scans per bin
# name 24 = flag: flag
# span 0 =       8000,      27679       
# span 1 =    333.295,   1153.236       
# span 2 =      3.000,    775.000       
# span 3 =     2.8327,     6.2004       
# span 4 =   3.081462,   3.305142       
# span 5 =     2.8303,     6.2027       
# span 6 =   3.083089,   3.306484       
# span 7 =       5.60,     102.07       
# span 8 =     0.0030,     0.5772       
# span 9 =     2.6333,     3.4195       
# span 10 =     2.3442,     3.0439      
# span 11 =  1.7021000,  2.0071169      
# span 12 =  1.0113984,  1.4019062      
# span 13 =   48.48170,   48.48293      
# span 14 =  -45.33910,  -45.33806      
# span 15 =    33.1677,    34.9139      
# span 16 =    33.1838,    34.9306      
# span 17 =     2.8298,     6.2001      
# span 18 =     2.8274,     6.2024      
# span 19 =    26.0810,    27.7386      
# span 20 =    26.0925,    27.7522      
# span 21 =    5.72091,    7.17850      
# span 22 =    5.88376,    7.25406      
# span 23 =         13,         86      
# span 24 = 0.0000e+00, 0.0000e+00      
# interval = decibars: 1                
# start_time = Jul 05 2013 11:38:36 [NMEA time, header]
# bad_flag = -9.990e-29
*END*
[from data line 464]
      20178    840.693    467.000     4.2475   3.291417     4.2472   3.292782      57.70     0.0157     2.7573     2.4611  1.9706960  1.1575114   48.48242  -45.33879    34.9131    34.9295     4.2129     4.2138    27.6946    27.7077    6.01617    6.14601         22 0.0000e+00
      20198    841.542    468.000     4.2467   3.291393     4.2465   3.292762      94.09     0.0126     2.7574     2.4610  1.9712745  1.1569306   48.48242  -45.33878    34.9132    34.9295     4.2120     4.2118    27.6948    27.7078    6.00816    6.14697         19 0.0000e+00
      20217    842.320    469.000     4.2464   3.291402     4.2461   3.292768      95.46     0.0135     2.7565     2.4610  1.9719232  1.1566243   48.48242  -45.33878    34.9131    34.9295     4.2115     4.2113    27.6948    27.7078    6.00628    6.14669         18 0.0000e+00
      20234    843.052    470.000     4.2459   3.291406     4.2457   3.292773      94.87     0.0133     2.7565     2.4608  1.9719169  1.1565747   48.48242  -45.33878    34.9131    34.9295     4.2110     4.2107    27.6948    27.7079    6.01143    6.14488         17 0.0000e+00
      20252    843.789    471.000     4.2422   3.291100     4.2426   3.292563      95.42     0.0111     2.7562     2.4606  1.9710840  1.1562890   48.48242  -45.33878    34.9129    34.9297     4.2072     4.2076    27.6951    27.7084    6.01504    6.14534         19 0.0000e+00
      20272    844.636    472.000     4.2375   3.290702     4.2373   3.292108      61.75     0.0119     2.7563     2.4602  1.9708630  1.1562881   48.48242  -45.33878    34.9127    34.9294     4.2025     4.2022    27.6954    27.7088    6.01183    6.13811         23 0.0000e+00
      20304    845.940    473.000     4.2359   3.290591     4.2355   3.291960      94.85     0.0134     2.7554     2.4589  1.9717478  1.1561338   48.48242  -45.33878    34.9125    34.9290     4.2008     4.2004    27.6955    27.7086    6.00659    6.13864         39 0.0000e+00
      20339    847.435    474.000     4.2350   3.290564     4.2349   3.291950      68.98     0.0178     2.7544     2.4580  1.9716603  1.1556804   48.48242  -45.33878    34.9126    34.9290     4.1999     4.1997    27.6956    27.7087    6.01089    6.12314         29 0.0000e+00
      20364    848.457    475.000     4.2329   3.290404     4.2327   3.291790      92.54     0.0152     2.7546     2.4553  1.9711870  1.1550559   48.48240  -45.33878    34.9124    34.9290     4.1977     4.1974    27.6957    27.7089    6.00690    6.10940         22 0.0000e+00
      20384    849.280    476.000     4.2306   3.290236     4.2305   3.291643      75.80     0.0141     2.7534     2.4538  1.9713078  1.1550672   48.48240  -45.33878    34.9123    34.9291     4.1953     4.1967    27.6959    27.7092    5.99763    6.12284         18 0.0000e+00
      20401    850.008    477.000     4.2270   3.289942     4.2268   3.291348      65.54     0.0162     2.7528     2.4538  1.9706891  1.1550672   48.48240  -45.33876    34.9121    34.9289     4.1916     4.1914    27.6961    27.7095    6.00271    6.14023         17 0.0000e+00
      20418    850.702    478.000     4.2255   3.289849     4.2251   3.291226      93.73     0.0150     2.7522     2.4544  1.9706960  1.1550672   48.48240  -45.33876    34.9121    34.9288     4.1901     4.1896    27.6963    27.7096    6.00719    6.15562         17 0.0000e+00
      20435    851.415    479.000     4.2243   3.289781     4.2239   3.291151      93.62     0.0159     2.7521     2.4557  1.9711560  1.1546729   48.48240  -45.33876    34.9121    34.9286     4.1887     4.1884    27.6964    27.7096    6.01960    6.15927         18 0.0000e+00
      20455    852.244    480.000     4.2235   3.289740     4.2232   3.291109      75.98     0.0142     2.7533     2.4563  1.9718926  1.1540337   48.48240  -45.33876    34.9119    34.9284     4.1879     4.1875    27.6964    27.7095    6.02164    6.15224         22 0.0000e+00
      20489    853.649    481.000     4.2226   3.289701     4.2223   3.291063      86.88     0.0129     2.7530     2.4566  1.9718422  1.1538531   48.48240  -45.33876    34.9118    34.9282     4.1869     4.1866    27.6964    27.7095    6.01504    6.14693         47 0.0000e+00
      20531    855.410    482.000     4.2219   3.289688     4.2216   3.291053      94.80     0.0131     2.7522     2.4560  1.9717556  1.1538461   48.48238  -45.33876    34.9119    34.9283     4.1862     4.1859    27.6965    27.7096    6.00528    6.14376         31 0.0000e+00
      20555    856.429    483.000     4.2219   3.289748     4.2217   3.291108      95.42     0.0159     2.7517     2.4557  1.9712130  1.1538461   48.48238  -45.33876    34.9121    34.9284     4.1861     4.1858    27.6967    27.7097    6.00717    6.13935         21 0.0000e+00
      20574    857.191    484.000     4.2218   3.289788     4.2216   3.291147      83.52     0.0159     2.7507     2.4550  1.9710768  1.1538461   48.48238  -45.33876    34.9121    34.9284     4.1859     4.1857    27.6967    27.7097    6.00024    6.13240         16 0.0000e+00
      20590    857.861    485.000     4.2211   3.289764     4.2209   3.291142      54.73     0.0142     2.7500     2.4543  1.9719253  1.1538461   48.48238  -45.33875    34.9120    34.9285     4.1852     4.1849    27.6967    27.7099    6.00483    6.13913         16 0.0000e+00
      20605    858.513    486.000     4.2196   3.289661     4.2194   3.291051      94.89     0.0137     2.7501     2.4544  1.9719169  1.1538461   48.48238  -45.33874    34.9119    34.9285     4.1836     4.1834    27.6968    27.7100    6.00661    6.15528         16 0.0000e+00
      20622    859.211    487.000     4.2131   3.289063     4.2133   3.290550      95.37     0.0183     2.7498     2.4555  1.9718508  1.1537138   48.48238  -45.33874    34.9112    34.9285     4.1770     4.1772    27.6970    27.7107    6.01412    6.16066         18 0.0000e+00
      20644    860.118    488.000     4.2086   3.288681     4.2085   3.290091      79.55     0.0199     2.7504     2.4558  1.9716562  1.1528102   48.48238  -45.33874    34.9109    34.9276     4.1725     4.1723    27.6972    27.7105    6.02620    6.15588         27 0.0000e+00
      20681    861.672    489.000     4.2066   3.288528     4.2064   3.289910      85.03     0.0208     2.7506     2.4551  1.9718084  1.1525035   48.48237  -45.33874    34.9107    34.9272     4.1704     4.1702    27.6972    27.7104    6.01324    6.14318         43 0.0000e+00
      20714    863.059    490.000     4.2054   3.288467     4.2053   3.289851      61.21     0.0178     2.7501     2.4543  1.9719200  1.1525238   48.48236  -45.33874    34.9107    34.9272     4.1691     4.1690    27.6974    27.7105    6.02041    6.14475         24 0.0000e+00
      20735    863.898    491.000     4.2035   3.288342     4.2035   3.289743      56.57     0.0176     2.7504     2.4539  1.9720644  1.1526279   48.48236  -45.33874    34.9107    34.9273     4.1672     4.1671    27.6976    27.7108    6.02115    6.14742         17 0.0000e+00
      20751    864.574    492.000     4.2019   3.288225     4.2017   3.289625      95.76     0.0139     2.7502     2.4538  1.9719145  1.1526252   48.48236  -45.33874    34.9105    34.9272     4.1654     4.1652    27.6977    27.7110    6.01627    6.15052         16 0.0000e+00
      20766    865.206    493.000     4.2015   3.288244     4.2013   3.289626      95.43     0.0129     2.7503     2.4539  1.9719981  1.1526252   48.48236  -45.33872    34.9106    34.9272     4.1650     4.1647    27.6978    27.7110    6.01459    6.14934         15 0.0000e+00
      20782    865.868    494.000     4.2011   3.288257     4.2009   3.289650      95.47     0.0121     2.7491     2.4536  1.9729131  1.1514165   48.48236  -45.33872    34.9107    34.9273     4.1645     4.1643    27.6979    27.7111    6.01664    6.14611         17 0.0000e+00
      20802    866.717    495.000     4.2003   3.288227     4.2000   3.289598      64.39     0.0129     2.7499     2.4531  1.9730809  1.1514041   48.48235  -45.33872    34.9106    34.9272     4.1637     4.1633    27.6979    27.7111    6.02307    6.14817         26 0.0000e+00
      20839    868.230    496.000     4.1986   3.288108     4.1982   3.289462      95.35     0.0131     2.7493     2.4529  1.9729598  1.1502966   48.48234  -45.33872    34.9105    34.9269     4.1618     4.1621    27.6980    27.7111    6.01750    6.15091         42 0.0000e+00
      20873    869.671    497.000     4.1931   3.287633     4.1931   3.289034      63.48     0.0120     2.7484     2.4530  1.9730966  1.1508904   48.48234  -45.33872    34.9102    34.9268     4.1563     4.1562    27.6984    27.7116    6.01373    6.15049         28 0.0000e+00
      20899    870.729    498.000     4.1886   3.287240     4.1884   3.288644      40.77     0.0115     2.7485     2.4523  1.9731380  1.1513025   48.48234  -45.33872    34.9098    34.9265     4.1517     4.1516    27.6985    27.7119    6.02287    6.15079         24 0.0000e+00
      20922    871.693    499.000     4.1862   3.287058     4.1861   3.288454      94.13     0.0140     2.7485     2.4524  1.9731380  1.1504561   48.48234  -45.33871    34.9097    34.9263     4.1493     4.1491    27.6987    27.7119    6.02471    6.14832         22 0.0000e+00
      20944    872.620    500.000     4.1850   3.286993     4.1848   3.288372      54.98     0.0139     2.7485     2.4515  1.9731380  1.1501784   48.48234  -45.33870    34.9096    34.9261     4.1480     4.1478    27.6988    27.7119    6.02250    6.14463         22 0.0000e+00
      20965    873.482    501.000     4.1848   3.287020     4.1847   3.288404      92.68     0.0135     2.7481     2.4512  1.9737507  1.1496317   48.48234  -45.33870    34.9097    34.9261     4.1477     4.1476    27.6989    27.7119    6.01459    6.14983         20 0.0000e+00
      20983    874.259    502.000     4.1850   3.287088     4.1849   3.288471      91.71     0.0192     2.7473     2.4512  1.9742937  1.1489539   48.48232  -45.33870    34.9097    34.9261     4.1478     4.1477    27.6989    27.7120    6.01958    6.14775         17 0.0000e+00
      21000    874.978    503.000     4.1847   3.287103     4.1845   3.288485      95.52     0.0164     2.7478     2.4505  1.9743608  1.1489621   48.48232  -45.33868    34.9096    34.9261     4.1475     4.1473    27.6989    27.7120    6.02426    6.15424         17 0.0000e+00
      21017    875.687    504.000     4.1841   3.287102     4.1839   3.288468      46.38     0.0127     2.7472     2.4512  1.9734095  1.1489621   48.48232  -45.33868    34.9097    34.9261     4.1468     4.1466    27.6990    27.7120    6.01861    6.16154         18 0.0000e+00
      21036    876.452    505.000     4.1833   3.287060     4.1830   3.288430      93.55     0.0073     2.7471     2.4512  1.9731473  1.1489621   48.48232  -45.33868    34.9096    34.9260     4.1459     4.1456    27.6990    27.7121    6.02307    6.15373         20 0.0000e+00
      21061    877.490    506.000     4.1825   3.287024     4.1821   3.288379      95.35     0.0110     2.7469     2.4511  1.9737812  1.1487252   48.48232  -45.33868    34.9095    34.9259     4.1450     4.1446    27.6990    27.7121    6.02756    6.15794         33 0.0000e+00
      21107    879.437    507.000     4.1822   3.287030     4.1818   3.288387      74.46     0.0158     2.7474     2.4510  1.9739908  1.1487920   48.48232  -45.33868    34.9094    34.9257     4.1446     4.1450    27.6990    27.7120    6.02384    6.15198         48 0.0000e+00
      21140    880.794    508.000     4.1790   3.286780     4.1791   3.288203      96.05     0.0206     2.7469     2.4499  1.9733905  1.1489700   48.48231  -45.33867    34.9093    34.9259     4.1414     4.1415    27.6992    27.7125    6.02581    6.13843         22 0.0000e+00
      21159    881.575    509.000     4.1763   3.286576     4.1762   3.287974      52.40     0.0179     2.7463     2.4489  1.9732013  1.1489621   48.48230  -45.33866    34.9092    34.9257     4.1386     4.1386    27.6994    27.7126    6.01940    6.14528         17 0.0000e+00
      21174    882.226    510.000     4.1751   3.286498     4.1753   3.287929      82.95     0.0172     2.7460     2.4488  1.9731361  1.1489621   48.48230  -45.33866    34.9090    34.9257     4.1373     4.1375    27.6995    27.7127    6.02275    6.15317         15 0.0000e+00
      21189    882.838    511.000     4.1749   3.286533     4.1748   3.287924      94.58     0.0167     2.7462     2.4487  1.9731380  1.1489621   48.48230  -45.33866    34.9091    34.9256     4.1371     4.1369    27.6995    27.7127    6.02566    6.15756         15 0.0000e+00
      21205    883.484    512.000     4.1748   3.286563     4.1745   3.287940      94.08     0.0140     2.7457     2.4490  1.9737688  1.1484014   48.48230  -45.33866    34.9090    34.9256     4.1369     4.1366    27.6995    27.7127    6.02048    6.16412         17 0.0000e+00
      21225    884.338    513.000     4.1747   3.286585     4.1746   3.287967      67.35     0.0119     2.7451     2.4496  1.9743094  1.1477969   48.48230  -45.33864    34.9089    34.9253     4.1367     4.1366    27.6994    27.7125    6.01607    6.16251         27 0.0000e+00
      21273    886.327    514.000     4.1740   3.286561     4.1738   3.287927      98.48     0.0121     2.7437     2.4490  1.9743589  1.1467282   48.48228  -45.33864    34.9088    34.9252     4.1359     4.1357    27.6995    27.7125    6.02081    6.15061         51 0.0000e+00
      21304    887.605    515.000     4.1734   3.286555     4.1731   3.287925      54.23     0.0146     2.7436     2.4484  1.9739597  1.1473658   48.48228  -45.33864    34.9089    34.9253     4.1353     4.1350    27.6995    27.7126    6.01568    6.14534         22 0.0000e+00
      21322    888.370    516.000     4.1720   3.286471     4.1718   3.287855      93.23     0.0148     2.7425     2.4473  1.9733571  1.1477389   48.48228  -45.33864    34.9088    34.9253     4.1338     4.1336    27.6997    27.7128    6.00667    6.12726         17 0.0000e+00
      21338    889.041    517.000     4.1709   3.286406     4.1706   3.287796      67.75     0.0165     2.7419     2.4455  1.9737889  1.1477412   48.48228  -45.33864    34.9087    34.9253     4.1326     4.1344    27.6997    27.7130    6.00395    6.12339         15 0.0000e+00
      21353    889.687    518.000     4.1690   3.286269     4.1690   3.287680      37.31     0.0135     2.7406     2.4444  1.9741298  1.1476649   48.48227  -45.33863    34.9086    34.9252     4.1306     4.1307    27.6998    27.7130    6.00852    6.13586         16 0.0000e+00
      21370    890.379    519.000     4.1678   3.286199     4.1676   3.287576      64.13     0.0147     2.7405     2.4444  1.9744198  1.1477394   48.48226  -45.33862    34.9084    34.9249     4.1294     4.1292    27.6998    27.7129    6.01653    6.14532         18 0.0000e+00
      21391    891.242    520.000     4.1669   3.286148     4.1666   3.287513      78.77     0.0161     2.7404     2.4442  1.9743626  1.1473720   48.48226  -45.33862    34.9083    34.9247     4.1284     4.1281    27.6998    27.7129    6.01725    6.14718         25 0.0000e+00
      21422    892.544    521.000     4.1648   3.285978     4.1645   3.287343      91.43     0.0152     2.7396     2.4442  1.9741492  1.1465887   48.48226  -45.33862    34.9080    34.9244     4.1262     4.1259    27.6998    27.7129    6.00796    6.14913         35 0.0000e+00
      21454    893.866    522.000     4.1608   3.285627     4.1608   3.287044      61.88     0.0147     2.7386     2.4439  1.9744929  1.1465195   48.48226  -45.33861    34.9076    34.9242     4.1221     4.1222    27.6999    27.7131    6.00914    6.14722         28 0.0000e+00
      21480    894.949    523.000     4.1565   3.285257     4.1566   3.286679      93.93     0.0122     2.7380     2.4436  1.9745053  1.1465201   48.48226  -45.33860    34.9071    34.9238     4.1179     4.1179    27.7000    27.7133    6.01811    6.14355         25 0.0000e+00
