data/CTD/2013/CNV/D021A012.CNV
* Sea-Bird SBE 9 Data File:
* FileName = C:\CTD_ACQUISITION\2013021HUD\ctddata\021A012.hdr
* Software Version Seasave V 7.22.2
* Temperature SN = 5081
* Conductivity SN = 3561
* Number of Bytes Per Scan = 37
* Number of Voltage Words = 4
* Number of Scans Averaged by the Deck Unit = 1
* NMEA Latitude = 46 59.96 N
* NMEA Longitude = 047 14.97 W
* NMEA UTC (Time) = Jul 01 2013 20:26:26
* NMEA baud rate = 9600
** Ship: Hudson
** Cruise: HUD2013021
** Chief_Scientist: Greenan
** Organization: BIO
** Area_of_Operation: Sackville Spur
** Station: 12
** Sounding:  552
** Event_Comments: FC15  393111
# nquan = 25
# nvalues = 552                         
# units = specified
# name 0 = scan: Scan Count
# name 1 = timeS: Time, Elapsed [seconds]
# name 2 = prDM: Pressure, Digiquartz [db]
# name 3 = t068C: Temperature [ITS-68, deg C]
# name 4 = c0S/m: Conductivity [S/m]
# name 5 = t168C: Temperature, 2 [ITS-68, deg C]
# name 6 = c1S/m: Conductivity, 2 [S/m]
# name 7 = altM: Altimeter [m]
# name 8 = flCUVA: Fluorescence, Chelsea UV Aquatracka [ug/l]
# name 9 = sbeox0V: Oxygen raw, SBE 43 [V]
# name 10 = sbeox1V: Oxygen raw, SBE 43, 2 [V]
# name 11 = upoly0: Upoly 0, Optode 4330F - O2 D-Phase
# name 12 = upoly1: Upoly 1, Optode 4330F - O2 Temp
# name 13 = latitude: Latitude [deg]
# name 14 = longitude: Longitude [deg]
# name 15 = sal00: Salinity, Practical [PSU]
# name 16 = sal11: Salinity, Practical, 2 [PSU]
# name 17 = potemp068C: Potential Temperature [ITS-68, deg C]
# name 18 = potemp168C: Potential Temperature, 2 [ITS-68, deg C]
# name 19 = sigma-é00: Density [sigma-theta, Kg/m^3]
# name 20 = sigma-é11: Density, 2 [sigma-theta, Kg/m^3]
# name 21 = sbeox0ML/L: Oxygen, SBE 43 [ml/l], WS = 2
# name 22 = sbeox1ML/L: Oxygen, SBE 43, 2 [ml/l], WS = 2
# name 23 = nbin: number of scans per bin
# name 24 = flag: flag
# span 0 =       9265,      31808       
# span 1 =    386.003,   1325.278       
# span 2 =      1.000,    552.000       
# span 3 =    -0.7529,     6.3960       
# span 4 =   2.697329,   3.252502       
# span 5 =    -0.7532,     6.3937       
# span 6 =   2.698521,   3.253780       
# span 7 =       2.04,      99.71       
# span 8 =     0.0077,     0.1207       
# span 9 =     2.6749,     3.4270       
# span 10 =     2.3953,     3.0111      
# span 11 =  1.7152299,  2.0940148      
# span 12 =  0.5480216,  1.4260786      
# span 13 =   46.99736,   46.99942      
# span 14 =  -47.24838,  -47.24737      
# span 15 =    32.4663,    34.8064      
# span 16 =    32.4802,    34.8217      
# span 17 =    -0.7545,     6.3960      
# span 18 =    -0.7548,     6.3934      
# span 19 =    25.5023,    27.6498      
# span 20 =    25.5135,    27.6620      
# span 21 =    5.98316,    8.27774      
# span 22 =    6.14420,    7.91669      
# span 23 =         11,         94      
# span 24 = 0.0000e+00, 0.0000e+00      
# interval = decibars: 1                
# start_time = Jul 01 2013 20:26:26 [NMEA time, header]
# bad_flag = -9.990e-29
*END*
[from data line 116]
      14811    617.102    117.000     1.0040   2.898243     1.0035   2.899389      75.76     0.0243     3.0798     2.6313  1.9658552  0.7352379   46.99900  -47.24762    33.7408    33.7561     0.9990     0.9985    27.0330    27.0453    7.20631    6.95179         39 0.0000e+00
      14863    619.231    118.000     1.0510   2.903563     1.0475   2.904479      95.80     0.0214     3.0652     2.6226  1.9670757  0.7393899   46.99898  -47.24761    33.7583    33.7733     1.0458     1.0423    27.0440    27.0564    7.17047    6.92756         68 0.0000e+00
      14921    621.668    119.000     1.0792   2.906927     1.0866   2.908989      96.49     0.0169     3.0510     2.6135  1.9700387  0.7431906   46.99897  -47.24759    33.7698    33.7882     1.0740     1.0814    27.0515    27.0658    7.11040    6.89334         39 0.0000e+00
      14956    623.126    120.000     1.0941   2.908733     1.0935   2.909841      96.54     0.0209     3.0402     2.6086  1.9717016  0.7461216   46.99896  -47.24758    33.7762    33.7911     1.0889     1.0882    27.0557    27.0677    7.06196    6.88126         38 0.0000e+00
      14998    624.871    121.000     1.1044   2.909910     1.1040   2.911080      59.97     0.0232     3.0256     2.6022  1.9738245  0.7506825   46.99896  -47.24758    33.7799    33.7950     1.0991     1.0987    27.0580    27.0702    7.02587    6.86037         44 0.0000e+00
      15039    626.591    122.000     1.1301   2.912772     1.1280   2.913744      97.07     0.0220     3.0165     2.5990  1.9757729  0.7533050   46.99895  -47.24758    33.7879    33.8026     1.1247     1.1226    27.0627    27.0747    7.03194    6.85969         38 0.0000e+00
      15078    628.193    123.000     1.1539   2.915529     1.1529   2.916638      88.77     0.0225     3.0062     2.5908  1.9779186  0.7545191   46.99894  -47.24757    33.7969    33.8121     1.1484     1.1474    27.0684    27.0807    6.93137    6.76154         44 0.0000e+00
      15146    631.028    124.000     1.1716   2.917590     1.1738   2.919080      97.44     0.0226     2.9722     2.5698  1.9817880  0.7594674   46.99892  -47.24756    33.8035    33.8201     1.1661     1.1683    27.0726    27.0858    6.78582    6.69382         75 0.0000e+00
      15191    632.934    125.000     1.2353   2.924328     1.2370   2.925679      96.59     0.0215     2.9514     2.5601  1.9837840  0.7609169   46.99892  -47.24756    33.8201    33.8356     1.2297     1.2313    27.0817    27.0940    6.76555    6.68898         27 0.0000e+00
      15215    633.919    126.000     1.2573   2.926670     1.2566   2.927796      96.59     0.0251     2.9444     2.5566  1.9877198  0.7618868   46.99892  -47.24755    33.8258    33.8409     1.2515     1.2509    27.0848    27.0970    6.75703    6.67942         24 0.0000e+00
      15245    635.170    127.000     1.2645   2.927407     1.2645   2.928613      75.31     0.0229     2.9356     2.5526  1.9891719  0.7664296   46.99891  -47.24754    33.8268    33.8421     1.2587     1.2588    27.0851    27.0974    6.73806    6.67426         41 0.0000e+00
      15313    637.981    128.000     1.2602   2.927004     1.2636   2.928542      98.64     0.0291     2.9185     2.5452  1.9949285  0.7737937   46.99890  -47.24753    33.8257    33.8417     1.2544     1.2577    27.0846    27.0972    6.70461    6.65848         78 0.0000e+00
      15368    640.279    129.000     1.2683   2.927821     1.2682   2.929033      96.61     0.0238     2.9075     2.5412  2.0026040  0.7741323   46.99888  -47.24752    33.8268    33.8424     1.2625     1.2623    27.0848    27.0974    6.68269    6.66745         40 0.0000e+00
      15405    641.852    130.000     1.2712   2.928146     1.2713   2.929365      96.64     0.0244     2.8993     2.5392  2.0067427  0.7755590   46.99888  -47.24752    33.8272    33.8428     1.2653     1.2656    27.0850    27.0975    6.64099    6.64072         38 0.0000e+00
      15445    643.498    131.000     1.2728   2.928343     1.2729   2.929571      96.57     0.0310     2.8887     2.5342  2.0087528  0.7771800   46.99888  -47.24752    33.8274    33.8430     1.2669     1.2669    27.0851    27.0976    6.60800    6.61319         41 0.0000e+00
      15484    645.109    132.000     1.2735   2.928447     1.2735   2.929668      96.65     0.0255     2.8797     2.5292  2.0107231  0.7777794   46.99888  -47.24751    33.8274    33.8430     1.2675     1.2675    27.0851    27.0976    6.57816    6.58959         36 0.0000e+00
      15521    646.685    133.000     1.2938   2.930643     1.2878   2.931219      96.70     0.0246     2.8669     2.5220  2.0127859  0.7780724   46.99886  -47.24750    33.8329    33.8468     1.2878     1.2817    27.0881    27.0996    6.49645    6.54340         46 0.0000e+00
      15589    649.511    134.000     1.3093   2.932345     1.3091   2.933520      96.83     0.0258     2.8373     2.5057  2.0177195  0.7804276   46.99886  -47.24750    33.8372    33.8525     1.3032     1.3030    27.0905    27.1028    6.38368    6.46564         68 0.0000e+00
      15632    651.298    135.000     1.3506   2.936687     1.3502   2.937848      96.73     0.0240     2.8177     2.4933  2.0196440  0.7820757   46.99884  -47.24750    33.8475    33.8626     1.3443     1.3440    27.0960    27.1081    6.32567    6.42815         32 0.0000e+00
      15663    652.569    136.000     1.3760   2.939390     1.3752   2.940504      97.04     0.0245     2.8060     2.4876  2.0199447  0.7826649   46.99884  -47.24750    33.8538    33.8689     1.3697     1.3689    27.0993    27.1115    6.33135    6.43183         30 0.0000e+00
      15693    653.850    137.000     1.3984   2.941836     1.3980   2.942986      96.97     0.0247     2.7981     2.4826  2.0223022  0.7871622   46.99884  -47.24749    33.8603    33.8753     1.3920     1.3916    27.1029    27.1150    6.31094    6.40899         33 0.0000e+00
      15743    655.908    138.000     1.4312   2.945481     1.4289   2.946470      96.95     0.0256     2.7835     2.4725  2.0262601  0.7903938   46.99883  -47.24748    33.8705    33.8857     1.4247     1.4224    27.1089    27.1212    6.25750    6.36098         72 0.0000e+00
      15808    658.634    139.000     1.4302   2.945379     1.4367   2.947277      96.83     0.0244     2.7642     2.4593  2.0335844  0.7941098   46.99882  -47.24748    33.8698    33.8869     1.4237     1.4301    27.1084    27.1217    6.20566    6.32392         44 0.0000e+00
      15845    660.169    140.000     1.4681   2.949468     1.4682   2.950682      96.85     0.0245     2.7549     2.4533  2.0366342  0.7957650   46.99882  -47.24748    33.8802    33.8955     1.4615     1.4616    27.1141    27.1264    6.18637    6.31413         37 0.0000e+00
      15880    661.636    141.000     1.4804   2.950842     1.4800   2.952014      96.67     0.0286     2.7472     2.4495  2.0404699  0.7987421   46.99881  -47.24748    33.8839    33.8991     1.4737     1.4733    27.1162    27.1285    6.18112    6.33310         33 0.0000e+00
      15911    662.927    142.000     1.4889   2.951808     1.4890   2.953042      96.79     0.0289     2.7441     2.4492  2.0426764  0.8004742   46.99880  -47.24748    33.8864    33.9019     1.4821     1.4823    27.1177    27.1300    6.21105    6.34459         30 0.0000e+00
      15947    664.416    143.000     1.4950   2.952519     1.4946   2.953710      96.87     0.0270     2.7417     2.4474  2.0466740  0.8028533   46.99880  -47.24748    33.8883    33.9037     1.4882     1.4878    27.1187    27.1311    6.17961    6.30269         46 0.0000e+00
      16045    668.499    144.000     1.4926   2.952302     1.4969   2.953997      96.76     0.0330     2.7131     2.4246  2.0558612  0.8051503   46.99880  -47.24746    33.8875    33.9043     1.4857     1.4901    27.1183    27.1315    6.01659    6.17163         44 0.0000e+00
      16076    669.789    145.000     1.5307   2.956534     1.5312   2.957803      97.20     0.0288     2.7024     2.4167  2.0576260  0.8051707   46.99880  -47.24746    33.8995    33.9150     1.5238     1.5243    27.1252    27.1376    6.00786    6.16656         21 0.0000e+00
      16098    670.688    146.000     1.5685   2.960578     1.5656   2.961470      97.09     0.0305     2.6967     2.4126  2.0576775  0.8053201   46.99880  -47.24746    33.9094    33.9238     1.5615     1.5585    27.1305    27.1423    5.99162    6.15093         25 0.0000e+00
      16135    672.264    147.000     1.5811   2.961915     1.5797   2.962970      97.02     0.0310     2.6882     2.4065  2.0613925  0.8084853   46.99878  -47.24746    33.9122    33.9270     1.5740     1.5726    27.1318    27.1438    5.99361    6.15336         53 0.0000e+00
      16182    674.226    148.000     1.5925   2.963175     1.5924   2.964389      97.00     0.0335     2.6828     2.4026  2.0673058  0.8132815   46.99878  -47.24746    33.9153    33.9307     1.5853     1.5852    27.1335    27.1459    6.01228    6.16869         36 0.0000e+00
      16230    676.227    149.000     1.5939   2.963391     1.5933   2.964542      97.01     0.0329     2.6813     2.4021  2.0711417  0.8146387   46.99878  -47.24746    33.9160    33.9312     1.5866     1.5862    27.1340    27.1462    6.01271    6.17014         73 0.0000e+00
      16311    679.599    150.000     1.5955   2.963652     1.5949   2.964808      96.71     0.0303     2.6757     2.3974  2.0794158  0.8172922   46.99878  -47.24746    33.9170    33.9322     1.5882     1.5876    27.1346    27.1469    5.98316    6.14496         37 0.0000e+00
      16332    680.473    151.000     1.6152   2.966153     1.6151   2.967349      96.88     0.0305     2.6749     2.3969  2.0805757  0.8171268   46.99878  -47.24746    33.9267    33.9420     1.6079     1.6077    27.1411    27.1533    6.00655    6.14754         22 0.0000e+00
      16354    681.381    152.000     1.6267   2.967626     1.6263   2.968785      96.94     0.0312     2.6757     2.3959  2.0828846  0.8177797   46.99876  -47.24746    33.9324    33.9475     1.6193     1.6189    27.1448    27.1569    6.00827    6.14420         23 0.0000e+00
      16391    682.913    153.000     1.6422   2.969357     1.6420   2.970540      97.00     0.0324     2.6751     2.3953  2.0848808  0.8195324   46.99876  -47.24744    33.9371    33.9522     1.6347     1.6345    27.1474    27.1596    5.99950    6.14944         63 0.0000e+00
      16476    686.471    154.000     1.6377   2.968934     1.6432   2.970766      97.03     0.0292     2.6749     2.3971  2.0879378  0.8231528   46.99876  -47.24744    33.9360    33.9532     1.6301     1.6356    27.1469    27.1603    6.00459    6.17489         71 0.0000e+00
      16520    688.311    155.000     1.6760   2.973567     1.6740   2.974520      96.94     0.0282     2.6755     2.3989  2.0879219  0.8229623   46.99876  -47.24744    33.9527    33.9668     1.6684     1.6663    27.1575    27.1690    6.00252    6.16553         37 0.0000e+00
      16551    689.598    156.000     1.6820   2.974396     1.6817   2.975569      96.87     0.0324     2.6754     2.3993  2.0892622  0.8248835   46.99876  -47.24744    33.9561    33.9712     1.6743     1.6740    27.1598    27.1719    5.99839    6.16299         26 0.0000e+00
      16576    690.627    157.000     1.6895   2.975370     1.6890   2.976519      97.02     0.0286     2.6758     2.3995  2.0896711  0.8253978   46.99876  -47.24744    33.9598    33.9748     1.6817     1.6812    27.1622    27.1743    6.00371    6.16051         25 0.0000e+00
      16605    691.827    158.000     1.7002   2.976794     1.6992   2.977855      97.00     0.0335     2.6768     2.4002  2.0904140  0.8281031   46.99875  -47.24744    33.9654    33.9800     1.6925     1.6914    27.1660    27.1777    6.02070    6.18074         38 0.0000e+00
      16706    696.045    159.000     1.6970   2.976413     1.6960   2.977535      96.81     0.0323     2.6847     2.4060  2.0927711  0.8303646   46.99874  -47.24745    33.9637    33.9789     1.6890     1.6881    27.1649    27.1771    6.04236    6.19921         63 0.0000e+00
      16742    697.537    160.000     1.7199   2.979359     1.7195   2.980520      97.20     0.0306     2.6860     2.4076  2.0936980  0.8302827   46.99874  -47.24746    33.9755    33.9907     1.7120     1.7115    27.1726    27.1848    6.03235    6.19848         26 0.0000e+00
      16767    698.576    161.000     1.7321   2.980967     1.7319   2.982152      97.02     0.0328     2.6866     2.4088  2.0940149  0.8302808   46.99874  -47.24746    33.9821    33.9973     1.7241     1.7239    27.1770    27.1892    6.04630    6.19920         25 0.0000e+00
      16794    699.714    162.000     1.7391   2.981905     1.7388   2.983091      96.98     0.0376     2.6899     2.4105  2.0930002  0.8329682   46.99874  -47.24746    33.9858    34.0011     1.7310     1.7307    27.1795    27.1917    6.07726    6.23236         32 0.0000e+00
      16865    702.657    163.000     1.7428   2.982400     1.7400   2.983328      97.16     0.0321     2.7053     2.4263  2.0926626  0.8360389   46.99874  -47.24746    33.9876    34.0023     1.7346     1.7319    27.1806    27.1926    6.15495    6.31279         76 0.0000e+00
      16919    704.932    164.000     1.7645   2.985238     1.7631   2.986260      97.00     0.0269     2.7180     2.4352  2.0930634  0.8365712   46.99874  -47.24746    33.9993    34.0138     1.7563     1.7548    27.1884    27.2001    6.16247    6.30319         28 0.0000e+00
      16947    706.101    165.000     1.8105   2.991174     1.8069   2.991905      97.12     0.0284     2.7205     2.4377  2.0928056  0.8370174   46.99874  -47.24746    34.0239    34.0370     1.8022     1.7986    27.2048    27.2155    6.13648    6.28690         32 0.0000e+00
      16991    707.903    166.000     1.8344   2.994181     1.8344   2.995386      85.84     0.0273     2.7226     2.4398  2.0889506  0.8395895   46.99874  -47.24746    34.0355    34.0506     1.8259     1.8259    27.2122    27.2244    6.12436    6.29302         56 0.0000e+00
      17046    710.218    167.000     1.8499   2.996134     1.8473   2.997019      97.94     0.0279     2.7242     2.4440  2.0854030  0.8450937   46.99874  -47.24746    34.0428    34.0567     1.8414     1.8388    27.2169    27.2283    6.12798    6.30059         45 0.0000e+00
      17080    711.631    168.000     1.8580   2.997188     1.8569   2.998245      97.25     0.0250     2.7259     2.4457  2.0834701  0.8467558   46.99874  -47.24746    34.0467    34.0612     1.8495     1.8483    27.2194    27.2311    6.15172    6.31070         28 0.0000e+00
      17107    712.756    169.000     1.8705   2.998781     1.8695   2.999860      97.23     0.0286     2.7295     2.4486  2.0828381  0.8474780   46.99874  -47.24746    34.0527    34.0673     1.8618     1.8608    27.2233    27.2351    6.18428    6.34631         29 0.0000e+00
      17175    715.580    170.000     1.8844   3.000557     1.8850   3.001899      96.83     0.0261     2.7440     2.4615  2.0804574  0.8508661   46.99874  -47.24746    34.0595    34.0755     1.8757     1.8763    27.2277    27.2406    6.23257    6.39251         55 0.0000e+00
      17236    718.130    171.000     1.9226   3.005467     1.9172   3.005972      97.20     0.0287     2.7559     2.4706  2.0771940  0.8516210   46.99874  -47.24746    34.0794    34.0916     1.9138     1.9083    27.2407    27.2510    6.25108    6.39315         24 0.0000e+00
      17258    719.029    172.000     1.9402   3.007632     1.9387   3.008655      92.31     0.0273     2.7586     2.4727  2.0767708  0.8518310   46.99874  -47.24746    34.0871    34.1015     1.9312     1.9297    27.2456    27.2573    6.23653    6.39400         23 0.0000e+00
      17292    720.460    173.000     1.9509   3.008953     1.9509   3.010154      96.59     0.0281     2.7621     2.4759  2.0747585  0.8539107   46.99874  -47.24747    34.0915    34.1066     1.9419     1.9419    27.2483    27.2604    6.24534    6.39576         56 0.0000e+00
