data/CTD/2013/CNV/D021A056.CNV
* Sea-Bird SBE 9 Data File:
* FileName = C:\CTD_ACQUISITION\2013021HUD\ctddata\021A056.hdr
* Software Version Seasave V 7.22.2
* Temperature SN = 5081
* Conductivity SN = 3561
* Number of Bytes Per Scan = 37
* Number of Voltage Words = 4
* Number of Scans Averaged by the Deck Unit = 1
* NMEA Latitude = 48 36.11 N
* NMEA Longitude = 045 27.91 W
* NMEA UTC (Time) = Jul 05 2013 09:14:21
* NMEA baud rate = 9600
** Ship: Hudson
** Cruise: HUD2013021
** Chief_Scientist: Greenan
** Organization: BIO
** Area_of_Operation: Sackville Spur
** Station: 56
** Sounding:  1028
** Event_Comments: SS21   393221
# nquan = 25
# nvalues = 1031                        
# units = specified
# name 0 = scan: Scan Count
# name 1 = timeS: Time, Elapsed [seconds]
# name 2 = prDM: Pressure, Digiquartz [db]
# name 3 = t068C: Temperature [ITS-68, deg C]
# name 4 = c0S/m: Conductivity [S/m]
# name 5 = t168C: Temperature, 2 [ITS-68, deg C]
# name 6 = c1S/m: Conductivity, 2 [S/m]
# name 7 = altM: Altimeter [m]
# name 8 = flCUVA: Fluorescence, Chelsea UV Aquatracka [ug/l]
# name 9 = sbeox0V: Oxygen raw, SBE 43 [V]
# name 10 = sbeox1V: Oxygen raw, SBE 43, 2 [V]
# name 11 = upoly0: Upoly 0, Optode 4330F - O2 D-Phase
# name 12 = upoly1: Upoly 1, Optode 4330F - O2 Temp
# name 13 = latitude: Latitude [deg]
# name 14 = longitude: Longitude [deg]
# name 15 = sal00: Salinity, Practical [PSU]
# name 16 = sal11: Salinity, Practical, 2 [PSU]
# name 17 = potemp068C: Potential Temperature [ITS-68, deg C]
# name 18 = potemp168C: Potential Temperature, 2 [ITS-68, deg C]
# name 19 = sigma-é00: Density [sigma-theta, Kg/m^3]
# name 20 = sigma-é11: Density, 2 [sigma-theta, Kg/m^3]
# name 21 = sbeox0ML/L: Oxygen, SBE 43 [ml/l], WS = 2
# name 22 = sbeox1ML/L: Oxygen, SBE 43, 2 [ml/l], WS = 2
# name 23 = nbin: number of scans per bin
# name 24 = flag: flag
# span 0 =       8064,      35200       
# span 1 =    335.971,   1466.627       
# span 2 =      2.000,   1032.000       
# span 3 =     1.4797,     6.4613       
# span 4 =   2.956512,   3.326960       
# span 5 =     1.4800,     6.4613       
# span 6 =   2.957751,   3.328277       
# span 7 =       5.81,      99.36       
# span 8 =     0.0037,     0.8256       
# span 9 =     2.5310,     3.3940       
# span 10 =     2.2762,     3.0424      
# span 11 =  1.7055144,  2.0349364      
# span 12 =  0.8181562,  1.4347132      
# span 13 =   48.60173,   48.60255      
# span 14 =  -45.46242,  -45.46024      
# span 15 =    33.2594,    37.0519      
# span 16 =    33.2739,    34.9307      
# span 17 =     1.4771,     6.4600      
# span 18 =     1.4774,     6.4599      
# span 19 =    26.1258,    29.5957      
# span 20 =    26.1372,    27.7710      
# span 21 =    5.80605,    7.51554      
# span 22 =    5.98668,    7.59223      
# span 23 =         14,         91      
# span 24 = 0.0000e+00, 0.0000e+00      
# interval = decibars: 1                
# start_time = Jul 05 2013 09:14:21 [NMEA time, header]
# bad_flag = -9.990e-29
*END*
[from data line 580]
      24331   1013.735    582.000     4.0538   3.278211     4.0530   3.279465      59.31     0.0141     2.7431     2.4651  1.9670383  1.1343157   48.60246  -45.46036    34.9016    34.9172     4.0109     4.0102    27.7069    27.7194    6.09633    6.27178         32 0.0000e+00
      24360   1014.974    583.000     4.0526   3.278136     4.0527   3.279472      96.25     0.0164     2.7430     2.4644  1.9665976  1.1336812   48.60246  -45.46036    34.9014    34.9171     4.0097     4.0098    27.7069    27.7193    6.09836    6.28226         26 0.0000e+00
      24383   1015.918    584.000     4.0526   3.278178     4.0527   3.279517      95.47     0.0156     2.7433     2.4646  1.9662305  1.1329498   48.60246  -45.46037    34.9014    34.9171     4.0096     4.0097    27.7068    27.7193    6.09645    6.29275         20 0.0000e+00
      24402   1016.693    585.000     4.0516   3.278113     4.0516   3.279439      95.40     0.0150     2.7430     2.4654  1.9660140  1.1330217   48.60245  -45.46038    34.9012    34.9169     4.0085     4.0085    27.7068    27.7193    6.10143    6.29541         18 0.0000e+00
      24419   1017.406    586.000     4.0511   3.278128     4.0509   3.279431      95.42     0.0136     2.7439     2.4655  1.9670175  1.1324514   48.60244  -45.46038    34.9013    34.9169     4.0080     4.0078    27.7069    27.7194    6.10989    6.28792         17 0.0000e+00
      24436   1018.117    587.000     4.0512   3.278174     4.0510   3.279497      94.57     0.0144     2.7441     2.4654  1.9670329  1.1323006   48.60244  -45.46038    34.9013    34.9171     4.0079     4.0078    27.7069    27.7195    6.10287    6.28642         17 0.0000e+00
      24454   1018.865    588.000     4.0474   3.277843     4.0481   3.279223      93.53     0.0175     2.7436     2.4650  1.9670329  1.1321909   48.60244  -45.46038    34.9008    34.9164     4.0042     4.0048    27.7069    27.7193    6.10230    6.28325         19 0.0000e+00
      24474   1019.706    589.000     4.0402   3.277183     4.0407   3.278538      44.38     0.0167     2.7442     2.4645  1.9670329  1.1323628   48.60245  -45.46038    34.9001    34.9156     3.9969     3.9974    27.7071    27.7194    6.10919    6.28458         22 0.0000e+00
      24500   1020.791    590.000     4.0369   3.276896     4.0367   3.278208      93.33     0.0172     2.7439     2.4647  1.9665785  1.1318874   48.60246  -45.46038    34.8996    34.9154     3.9935     3.9933    27.7072    27.7197    6.10426    6.29331         31 0.0000e+00
      24537   1022.334    591.000     4.0364   3.276889     4.0362   3.278203      94.15     0.0159     2.7439     2.4645  1.9659560  1.1308771   48.60246  -45.46038    34.8996    34.9153     3.9929     3.9936    27.7072    27.7197    6.10756    6.29265         40 0.0000e+00
      24571   1023.770    592.000     4.0358   3.276882     4.0357   3.278196      95.23     0.0117     2.7437     2.4651  1.9669743  1.1306400   48.60245  -45.46040    34.8996    34.9153     3.9922     3.9921    27.7073    27.7197    6.10604    6.30176         28 0.0000e+00
      24595   1024.766    593.000     4.0351   3.276864     4.0349   3.278163      95.47     0.0112     2.7434     2.4652  1.9672116  1.1306472   48.60244  -45.46040    34.8996    34.9152     3.9915     3.9913    27.7073    27.7198    6.10134    6.28874         21 0.0000e+00
      24615   1025.586    594.000     4.0344   3.276849     4.0343   3.278163      58.84     0.0137     2.7428     2.4643  1.9682575  1.1306472   48.60244  -45.46040    34.8996    34.9153     3.9907     3.9906    27.7074    27.7199    6.09937    6.28469         19 0.0000e+00
      24633   1026.344    595.000     4.0336   3.276822     4.0334   3.278135      69.42     0.0109     2.7425     2.4641  1.9682540  1.1306472   48.60244  -45.46040    34.8996    34.9153     3.9899     3.9897    27.7075    27.7201    6.10245    6.29390         18 0.0000e+00
      24652   1027.130    596.000     4.0337   3.276886     4.0334   3.278183      94.94     0.0136     2.7422     2.4643  1.9687926  1.1298094   48.60244  -45.46040    34.8998    34.9154     3.9898     3.9896    27.7077    27.7201    6.10314    6.29566         20 0.0000e+00
      24674   1028.055    597.000     4.0335   3.276922     4.0333   3.278223      94.66     0.0155     2.7420     2.4640  1.9691230  1.1294373   48.60244  -45.46040    34.8998    34.9154     3.9896     3.9894    27.7077    27.7202    6.11177    6.29537         25 0.0000e+00
      24704   1029.281    598.000     4.0325   3.276872     4.0324   3.278185      95.32     0.0144     2.7428     2.4641  1.9675530  1.1294261   48.60244  -45.46040    34.8998    34.9154     3.9885     3.9884    27.7078    27.7203    6.11370    6.29712         32 0.0000e+00
      24733   1030.510    599.000     4.0323   3.276911     4.0320   3.278204      95.01     0.0164     2.7429     2.4639  1.9669713  1.1294261   48.60246  -45.46042    34.9000    34.9156     3.9882     3.9879    27.7080    27.7204    6.11102    6.29234         26 0.0000e+00
      24756   1031.442    600.000     4.0330   3.277040     4.0329   3.278342      87.77     0.0138     2.7424     2.4634  1.9658066  1.1294261   48.60246  -45.46042    34.9002    34.9157     3.9889     3.9888    27.7081    27.7205    6.11122    6.28360         20 0.0000e+00
      24775   1032.247    601.000     4.0322   3.276992     4.0322   3.278307      40.90     0.0088     2.7430     2.4624  1.9659400  1.1294261   48.60246  -45.46042    34.9000    34.9155     3.9880     3.9880    27.7080    27.7204    6.11069    6.28070         19 0.0000e+00
      24794   1033.047    602.000     4.0287   3.276697     4.0289   3.278038      94.34     0.0100     2.7421     2.4619  1.9664729  1.1294261   48.60244  -45.46042    34.8997    34.9153     3.9844     3.9846    27.7082    27.7206    6.10330    6.28849         20 0.0000e+00
      24816   1033.953    603.000     4.0280   3.276684     4.0281   3.278009      95.45     0.0126     2.7413     2.4617  1.9670174  1.1294261   48.60244  -45.46042    34.8997    34.9153     3.9837     3.9838    27.7082    27.7206    6.09079    6.29285         24 0.0000e+00
      24843   1035.084    604.000     4.0279   3.276713     4.0278   3.278017      95.23     0.0075     2.7393     2.4614  1.9669930  1.1294261   48.60244  -45.46042    34.8996    34.9152     3.9835     3.9833    27.7082    27.7206    6.08866    6.28565         30 0.0000e+00
      24872   1036.302    605.000     4.0280   3.276763     4.0278   3.278067      94.71     0.0092     2.7377     2.4602  1.9670333  1.1294261   48.60244  -45.46044    34.8997    34.9153     3.9835     3.9833    27.7082    27.7207    6.08454    6.27327         27 0.0000e+00
      24897   1037.344    606.000     4.0281   3.276845     4.0279   3.278135      95.35     0.0122     2.7366     2.4587  1.9680521  1.1294261   48.60244  -45.46044    34.8999    34.9155     3.9835     3.9833    27.7085    27.7208    6.09108    6.27171         23 0.0000e+00
      24920   1038.296    607.000     4.0287   3.276978     4.0284   3.278269      95.43     0.0161     2.7358     2.4579  1.9680417  1.1294261   48.60244  -45.46044    34.9004    34.9160     3.9840     3.9837    27.7088    27.7212    6.08514    6.27187         23 0.0000e+00
      24943   1039.254    608.000     4.0308   3.277257     4.0303   3.278539      95.36     0.0129     2.7351     2.4567  1.9671351  1.1294261   48.60244  -45.46044    34.9009    34.9165     3.9860     3.9856    27.7090    27.7214    6.08664    6.27439         23 0.0000e+00
      24967   1040.243    609.000     4.0319   3.277430     4.0320   3.278747      94.87     0.0090     2.7340     2.4569  1.9670314  1.1293745   48.60244  -45.46044    34.9012    34.9168     3.9871     3.9871    27.7091    27.7215    6.08152    6.28069         24 0.0000e+00
      24991   1041.230    610.000     4.0316   3.277443     4.0314   3.278744      93.41     0.0073     2.7333     2.4561  1.9680002  1.1294261   48.60244  -45.46044    34.9012    34.9168     3.9867     3.9865    27.7091    27.7216    6.08416    6.26668         24 0.0000e+00
      25014   1042.190    611.000     4.0311   3.277439     4.0311   3.278749      94.96     0.0093     2.7326     2.4550  1.9682491  1.1294261   48.60244  -45.46046    34.9011    34.9167     3.9861     3.9861    27.7091    27.7215    6.07794    6.26846         23 0.0000e+00
      25036   1043.143    612.000     4.0314   3.277520     4.0313   3.278829      95.45     0.0104     2.7314     2.4548  1.9682540  1.1294261   48.60244  -45.46046    34.9013    34.9169     3.9863     3.9862    27.7092    27.7217    6.07278    6.28060         23 0.0000e+00
      25060   1044.129    613.000     4.0315   3.277580     4.0314   3.278893      95.47     0.0156     2.7303     2.4551  1.9682540  1.1294261   48.60246  -45.46046    34.9014    34.9170     3.9863     3.9863    27.7093    27.7217    6.08223    6.28311         24 0.0000e+00
      25084   1045.140    614.000     4.0319   3.277675     4.0320   3.278997      95.45     0.0131     2.7303     2.4550  1.9683045  1.1294261   48.60246  -45.46046    34.9015    34.9171     3.9867     3.9867    27.7094    27.7218    6.08717    6.27788         24 0.0000e+00
      25109   1046.157    615.000     4.0336   3.277891     4.0333   3.279192      95.47     0.0129     2.7306     2.4549  1.9684479  1.1294261   48.60246  -45.46046    34.9019    34.9175     3.9882     3.9880    27.7095    27.7219    6.09284    6.28161         25 0.0000e+00
      25134   1047.211    616.000     4.0332   3.277919     4.0330   3.279210      95.20     0.0142     2.7307     2.4548  1.9683036  1.1294261   48.60244  -45.46046    34.9020    34.9175     3.9878     3.9876    27.7096    27.7220    6.08906    6.28027         26 0.0000e+00
      25160   1048.299    617.000     4.0323   3.277874     4.0322   3.279184      94.53     0.0097     2.7312     2.4547  1.9685328  1.1294261   48.60244  -45.46046    34.9019    34.9175     3.9868     3.9867    27.7097    27.7221    6.10364    6.28156         26 0.0000e+00
      25185   1049.344    618.000     4.0335   3.278049     4.0332   3.279341      93.61     0.0146     2.7320     2.4546  1.9694312  1.1294261   48.60244  -45.46048    34.9022    34.9178     3.9880     3.9876    27.7097    27.7222    6.09656    6.27913         23 0.0000e+00
      25208   1050.280    619.000     4.0400   3.278782     4.0391   3.280029      95.09     0.0157     2.7320     2.4541  1.9694754  1.1294261   48.60244  -45.46048    34.9035    34.9191     3.9943     3.9934    27.7101    27.7227    6.09504    6.27113         22 0.0000e+00
      25228   1051.144    620.000     4.0415   3.278984     4.0412   3.280279      93.99     0.0107     2.7316     2.4535  1.9704502  1.1294261   48.60246  -45.46048    34.9037    34.9193     3.9958     3.9955    27.7102    27.7226    6.08631    6.27225         20 0.0000e+00
      25249   1051.999    621.000     4.0397   3.278862     4.0396   3.280162      93.74     0.0110     2.7311     2.4533  1.9708120  1.1294261   48.60246  -45.46048    34.9036    34.9192     3.9939     3.9937    27.7103    27.7227    6.08990    6.27951         21 0.0000e+00
      25271   1052.934    622.000     4.0379   3.278718     4.0380   3.280046      93.68     0.0122     2.7311     2.4533  1.9705560  1.1294261   48.60246  -45.46048    34.9034    34.9190     3.9920     3.9920    27.7103    27.7227    6.09443    6.28236         25 0.0000e+00
      25301   1054.159    623.000     4.0379   3.278774     4.0375   3.280065      94.40     0.0160     2.7314     2.4534  1.9705561  1.1294261   48.60244  -45.46048    34.9035    34.9191     3.9919     3.9916    27.7104    27.7229    6.09958    6.28157         35 0.0000e+00
      25338   1055.708    624.000     4.0393   3.278979     4.0390   3.280268      75.40     0.0173     2.7317     2.4533  1.9707019  1.1294261   48.60244  -45.46048    34.9039    34.9195     3.9932     3.9929    27.7106    27.7230    6.09159    6.28254         34 0.0000e+00
      25365   1056.839    625.000     4.0394   3.279046     4.0392   3.280349      95.49     0.0146     2.7303     2.4534  1.9701849  1.1294261   48.60244  -45.46049    34.9040    34.9197     3.9933     3.9931    27.7107    27.7232    6.08195    6.28360         22 0.0000e+00
      25385   1057.662    626.000     4.0388   3.279031     4.0385   3.280323      95.39     0.0160     2.7297     2.4533  1.9691840  1.1294261   48.60244  -45.46050    34.9040    34.9197     3.9926     3.9922    27.7107    27.7232    6.08043    6.28333         18 0.0000e+00
      25402   1058.382    627.000     4.0375   3.278947     4.0369   3.280213      95.44     0.0161     2.7289     2.4533  1.9693326  1.1294261   48.60244  -45.46050    34.9039    34.9195     3.9912     3.9906    27.7108    27.7232    6.08126    6.28545         17 0.0000e+00
      25419   1059.084    628.000     4.0375   3.278999     4.0369   3.280272      95.33     0.0184     2.7285     2.4533  1.9693313  1.1294261   48.60246  -45.46050    34.9039    34.9196     3.9912     3.9906    27.7108    27.7234    6.08718    6.28421         17 0.0000e+00
      25437   1059.826    629.000     4.0364   3.278924     4.0364   3.280241      94.78     0.0204     2.7284     2.4531  1.9694735  1.1294261   48.60246  -45.46050    34.9037    34.9193     3.9899     3.9899    27.7108    27.7232    6.08537    6.28427         19 0.0000e+00
      25458   1060.694    630.000     4.0349   3.278817     4.0344   3.280091      95.42     0.0176     2.7275     2.4530  1.9697882  1.1294261   48.60246  -45.46050    34.9035    34.9191     3.9884     3.9879    27.7108    27.7233    6.08516    6.28677         23 0.0000e+00
      25484   1061.806    631.000     4.0344   3.278821     4.0340   3.280100      95.31     0.0153     2.7272     2.4529  1.9706910  1.1294261   48.60246  -45.46050    34.9036    34.9191     3.9878     3.9874    27.7109    27.7233    6.08692    6.28074         30 0.0000e+00
      25516   1063.106    632.000     4.0341   3.278834     4.0340   3.280137      95.30     0.0136     2.7273     2.4519  1.9706960  1.1294261   48.60246  -45.46050    34.9035    34.9190     3.9874     3.9873    27.7109    27.7233    6.09577    6.27942         31 0.0000e+00
      25544   1064.303    633.000     4.0337   3.278843     4.0337   3.280159      95.47     0.0138     2.7273     2.4518  1.9708407  1.1294261   48.60246  -45.46052    34.9035    34.9190     3.9870     3.9870    27.7109    27.7233    6.08592    6.28359         26 0.0000e+00
      25568   1065.283    634.000     4.0331   3.278828     4.0328   3.280106      93.36     0.0140     2.7263     2.4513  1.9696834  1.1294261   48.60244  -45.46052    34.9034    34.9189     3.9863     3.9860    27.7109    27.7233    6.08470    6.27892         22 0.0000e+00
      25589   1066.147    635.000     4.0327   3.278834     4.0323   3.280108      93.64     0.0135     2.7266     2.4510  1.9694746  1.1294261   48.60244  -45.46052    34.9034    34.9189     3.9858     3.9854    27.7110    27.7233    6.09566    6.28184         20 0.0000e+00
      25610   1067.025    636.000     4.0326   3.278870     4.0324   3.280166      88.09     0.0132     2.7270     2.4510  1.9688497  1.1294261   48.60244  -45.46052    34.9034    34.9190     3.9857     3.9854    27.7110    27.7234    6.10059    6.28853         23 0.0000e+00
      25637   1068.147    637.000     4.0325   3.278896     4.0324   3.280205      76.46     0.0148     2.7271     2.4513  1.9684950  1.1294261   48.60244  -45.46052    34.9033    34.9189     3.9854     3.9854    27.7109    27.7233    6.09800    6.28977         33 0.0000e+00
      25675   1069.745    638.000     4.0326   3.278950     4.0325   3.280256      96.70     0.0151     2.7274     2.4513  1.9692175  1.1293899   48.60245  -45.46052    34.9033    34.9189     3.9855     3.9854    27.7109    27.7233    6.09835    6.28487         36 0.0000e+00
