data/CTD/2013/CNV/D021A017.CNV
* Sea-Bird SBE 9 Data File:
* FileName = C:\CTD_ACQUISITION\2013021HUD\ctddata\021A017.hdr
* Software Version Seasave V 7.22.2
* Temperature SN = 5081
* Conductivity SN = 3561
* Number of Bytes Per Scan = 37
* Number of Voltage Words = 4
* Number of Scans Averaged by the Deck Unit = 1
* NMEA Latitude = 46 59.99 N
* NMEA Longitude = 046 50.02 W
* NMEA UTC (Time) = Jul 02 2013 02:27:57
* NMEA baud rate = 9600
** Ship: Hudson
** Cruise: HUD2013021
** Chief_Scientist: Greenan
** Organization: BIO
** Area_of_Operation: Sackville Spur
** Station: 17
** Sounding:  1194
** Event_Comments: FC18  393121
# nquan = 25
# nvalues = 1183                        
# units = specified
# name 0 = scan: Scan Count
# name 1 = timeS: Time, Elapsed [seconds]
# name 2 = prDM: Pressure, Digiquartz [db]
# name 3 = t068C: Temperature [ITS-68, deg C]
# name 4 = c0S/m: Conductivity [S/m]
# name 5 = t168C: Temperature, 2 [ITS-68, deg C]
# name 6 = c1S/m: Conductivity, 2 [S/m]
# name 7 = altM: Altimeter [m]
# name 8 = flCUVA: Fluorescence, Chelsea UV Aquatracka [ug/l]
# name 9 = sbeox0V: Oxygen raw, SBE 43 [V]
# name 10 = sbeox1V: Oxygen raw, SBE 43, 2 [V]
# name 11 = upoly0: Upoly 0, Optode 4330F - O2 D-Phase
# name 12 = upoly1: Upoly 1, Optode 4330F - O2 Temp
# name 13 = latitude: Latitude [deg]
# name 14 = longitude: Longitude [deg]
# name 15 = sal00: Salinity, Practical [PSU]
# name 16 = sal11: Salinity, Practical, 2 [PSU]
# name 17 = potemp068C: Potential Temperature [ITS-68, deg C]
# name 18 = potemp168C: Potential Temperature, 2 [ITS-68, deg C]
# name 19 = sigma-é00: Density [sigma-theta, Kg/m^3]
# name 20 = sigma-é11: Density, 2 [sigma-theta, Kg/m^3]
# name 21 = sbeox0ML/L: Oxygen, SBE 43 [ml/l], WS = 2
# name 22 = sbeox1ML/L: Oxygen, SBE 43, 2 [ml/l], WS = 2
# name 23 = nbin: number of scans per bin
# name 24 = flag: flag
# span 0 =       8764,      38295       
# span 1 =    365.138,   1595.600       
# span 2 =      1.000,   1183.000       
# span 3 =     0.9564,     6.1329       
# span 4 =   2.856177,   3.329182       
# span 5 =     0.9571,     6.1324       
# span 6 =   2.857717,   3.330497       
# span 7 =       5.44,      99.43       
# span 8 =     0.0049,     0.3983       
# span 9 =     2.4904,     3.3689       
# span 10 =     2.2397,     3.0041      
# span 11 =  1.7240636,  2.0412579      
# span 12 =  0.7788575,  1.3956007      
# span 13 =   46.99948,   46.99988      
# span 14 =  -46.83484,  -46.83358      
# span 15 =    32.8167,    34.9219      
# span 16 =    32.8319,    34.9369      
# span 17 =     0.9542,     6.1324      
# span 18 =     0.9550,     6.1321      
# span 19 =    25.8123,    27.7583      
# span 20 =    25.8238,    27.7710      
# span 21 =    5.60444,    7.74148      
# span 22 =    5.80229,    7.93156      
# span 23 =         10,         97      
# span 24 = 0.0000e+00, 0.0000e+00      
# interval = decibars: 1                
# start_time = Jul 02 2013 02:27:57 [NMEA time, header]
# bad_flag = -9.990e-29
*END*
[from data line 696]
      26868   1119.456    697.000     4.0561   3.283287     4.0559   3.284591      96.97     0.0146     2.7164     2.4413  1.9660398  1.1330892   46.99984  -46.83482    34.8989    34.9146     4.0042     4.0039    27.7055    27.7180    6.10256    6.28108         16 0.0000e+00
      26884   1120.130    698.000     4.0557   3.283296     4.0553   3.284584      97.02     0.0152     2.7165     2.4400  1.9660996  1.1330892   46.99984  -46.83480    34.8989    34.9146     4.0037     4.0033    27.7055    27.7180    6.11291    6.28397         17 0.0000e+00
      26901   1120.853    699.000     4.0556   3.283335     4.0553   3.284625      96.98     0.0125     2.7171     2.4398  1.9662570  1.1330892   46.99984  -46.83480    34.8990    34.9146     4.0035     4.0032    27.7056    27.7180    6.11102    6.29994         19 0.0000e+00
      26922   1121.722    700.000     4.0557   3.283391     4.0553   3.284677      75.32     0.0115     2.7163     2.4405  1.9670080  1.1325754   46.99984  -46.83480    34.8990    34.9146     4.0036     4.0032    27.7056    27.7181    6.10243    6.31127         23 0.0000e+00
      26947   1122.764    701.000     4.0554   3.283402     4.0551   3.284710      96.92     0.0118     2.7159     2.4412  1.9670329  1.1324033   46.99984  -46.83481    34.8990    34.9147     4.0031     4.0029    27.7057    27.7182    6.11197    6.31165         25 0.0000e+00
      26969   1123.684    702.000     4.0560   3.283525     4.0555   3.284795      96.07     0.0156     2.7166     2.4417  1.9682120  1.1321198   46.99984  -46.83482    34.8992    34.9148     4.0037     4.0031    27.7058    27.7182    6.11453    6.30966         19 0.0000e+00
      26988   1124.465    703.000     4.0580   3.283783     4.0572   3.285009      96.79     0.0128     2.7160     2.4417  1.9682544  1.1319957   46.99984  -46.83482    34.8996    34.9150     4.0056     4.0047    27.7059    27.7182    6.10928    6.31009         19 0.0000e+00
      27008   1125.279    704.000     4.0542   3.283431     4.0543   3.284765      97.00     0.0120     2.7159     2.4419  1.9676139  1.1321932   46.99984  -46.83482    34.8989    34.9146     4.0017     4.0018    27.7057    27.7182    6.10801    6.31063         22 0.0000e+00
      27038   1126.526    705.000     4.0523   3.283264     4.0521   3.284580      95.83     0.0114     2.7154     2.4416  1.9670578  1.1322120   46.99984  -46.83482    34.8985    34.9143     3.9997     3.9995    27.7056    27.7182    6.10189    6.29975         39 0.0000e+00
      27073   1127.988    706.000     4.0505   3.283145     4.0503   3.284458      72.11     0.0181     2.7143     2.4402  1.9670329  1.1323340   46.99984  -46.83482    34.8985    34.9142     3.9979     3.9977    27.7058    27.7183    6.10343    6.29466         24 0.0000e+00
      27092   1128.782    707.000     4.0500   3.283150     4.0498   3.284458      95.40     0.0197     2.7142     2.4399  1.9670329  1.1321491   46.99984  -46.83482    34.8986    34.9142     3.9973     3.9971    27.7059    27.7184    6.10686    6.30274         17 0.0000e+00
      27107   1129.420    708.000     4.0499   3.283198     4.0497   3.284498      96.09     0.0199     2.7137     2.4399  1.9662964  1.1320302   46.99984  -46.83482    34.8987    34.9143     3.9971     3.9969    27.7061    27.7185    6.10231    6.30452         15 0.0000e+00
      27121   1130.013    709.000     4.0540   3.283700     4.0536   3.284995      96.36     0.0163     2.7130     2.4399  1.9660765  1.1318703   46.99984  -46.83482    34.8996    34.9153     4.0014     4.0037    27.7063    27.7188    6.10498    6.30037         14 0.0000e+00
      27136   1130.615    710.000     4.0587   3.284204     4.0583   3.285489      95.76     0.0181     2.7133     2.4394  1.9660565  1.1318681   46.99984  -46.83482    34.9003    34.9159     4.0057     4.0054    27.7064    27.7188    6.10148    6.29395         15 0.0000e+00
      27152   1131.296    711.000     4.0581   3.284181     4.0578   3.285492      95.60     0.0175     2.7127     2.4387  1.9664795  1.1314050   46.99982  -46.83482    34.9001    34.9159     4.0050     4.0048    27.7064    27.7189    6.09681    6.29515         18 0.0000e+00
      27180   1132.460    712.000     4.0539   3.283815     4.0537   3.285116      95.80     0.0173     2.7120     2.4385  1.9667751  1.1308992   46.99982  -46.83482    34.8997    34.9153     4.0008     4.0005    27.7064    27.7189    6.10024    6.30109         43 0.0000e+00
      27220   1134.139    713.000     4.0522   3.283704     4.0520   3.285001      73.74     0.0139     2.7107     2.4381  1.9663908  1.1322066   46.99982  -46.83482    34.8996    34.9152     3.9991     3.9988    27.7066    27.7190    6.08809    6.29742         26 0.0000e+00
      27239   1134.931    714.000     4.0522   3.283751     4.0519   3.285038      93.91     0.0133     2.7097     2.4375  1.9663130  1.1318645   46.99982  -46.83484    34.8997    34.9152     3.9990     3.9986    27.7066    27.7190    6.09490    6.30042         17 0.0000e+00
      27255   1135.572    715.000     4.0519   3.283765     4.0518   3.285077      97.00     0.0135     2.7096     2.4377  1.9660702  1.1321335   46.99982  -46.83484    34.8996    34.9153     3.9986     3.9984    27.7066    27.7191    6.10384    6.30248         14 0.0000e+00
      27269   1136.167    716.000     4.0518   3.283804     4.0515   3.285102      97.03     0.0142     2.7100     2.4375  1.9660561  1.1319494   46.99982  -46.83484    34.8997    34.9153     3.9984     3.9981    27.7067    27.7192    6.11485    6.30602         15 0.0000e+00
      27284   1136.789    717.000     4.0513   3.283786     4.0510   3.285093      96.87     0.0152     2.7105     2.4377  1.9660414  1.1319447   46.99982  -46.83483    34.8995    34.9152     3.9978     3.9975    27.7066    27.7192    6.11834    6.31423         16 0.0000e+00
      27303   1137.573    718.000     4.0500   3.283705     4.0498   3.285000      96.42     0.0137     2.7109     2.4383  1.9658763  1.1315254   46.99982  -46.83482    34.8993    34.9150     3.9965     3.9962    27.7066    27.7191    6.11366    6.31684         23 0.0000e+00
      27339   1139.091    719.000     4.0501   3.283767     4.0497   3.285058      96.80     0.0114     2.7113     2.4389  1.9661415  1.1313478   46.99982  -46.83482    34.8995    34.9152     3.9964     3.9961    27.7068    27.7192    6.11783    6.31437         43 0.0000e+00
      27370   1140.374    720.000     4.0511   3.283927     4.0508   3.285233      96.92     0.0092     2.7121     2.4388  1.9667082  1.1307496   46.99982  -46.83482    34.8998    34.9155     3.9973     4.0010    27.7069    27.7194    6.12127    6.30585         22 0.0000e+00
      27390   1141.196    721.000     4.0515   3.284033     4.0513   3.285336      96.86     0.0129     2.7126     2.4382  1.9662142  1.1311256   46.99982  -46.83482    34.9001    34.9158     3.9977     3.9974    27.7071    27.7196    6.10591    6.29848         18 0.0000e+00
      27407   1141.924    722.000     4.0516   3.284091     4.0513   3.285395      33.50     0.0177     2.7108     2.4375  1.9660255  1.1320208   46.99982  -46.83482    34.9002    34.9159     3.9977     3.9974    27.7072    27.7197    6.10737    6.30065         17 0.0000e+00
      27423   1142.602    723.000     4.0515   3.284115     4.0511   3.285412      79.14     0.0151     2.7118     2.4373  1.9661169  1.1320207   46.99982  -46.83482    34.9001    34.9158     3.9975     3.9971    27.7071    27.7196    6.12172    6.30652         16 0.0000e+00
      27439   1143.266    724.000     4.0519   3.284211     4.0515   3.285507      96.80     0.0154     2.7117     2.4371  1.9667995  1.1314143   46.99982  -46.83482    34.9003    34.9160     3.9978     3.9974    27.7072    27.7198    6.11242    6.30496         16 0.0000e+00
      27456   1143.964    725.000     4.0547   3.284561     4.0542   3.285851      97.01     0.0109     2.7113     2.4368  1.9670280  1.1308627   46.99984  -46.83482    34.9009    34.9165     4.0006     4.0001    27.7074    27.7199    6.10404    6.30207         18 0.0000e+00
      27476   1144.806    726.000     4.0581   3.284971     4.0577   3.286258      91.89     0.0123     2.7106     2.4365  1.9669815  1.1311677   46.99984  -46.83482    34.9016    34.9172     4.0039     4.0035    27.7076    27.7201    6.11323    6.31116         23 0.0000e+00
      27504   1145.973    727.000     4.0595   3.285165     4.0590   3.286443      95.55     0.0142     2.7110     2.4372  1.9659566  1.1309595   46.99984  -46.83483    34.9019    34.9175     4.0052     4.0047    27.7077    27.7202    6.11354    6.31017         31 0.0000e+00
      27533   1147.176    728.000     4.0607   3.285329     4.0603   3.286616      96.71     0.0146     2.7106     2.4362  1.9660969  1.1311207   46.99984  -46.83484    34.9021    34.9177     4.0062     4.0059    27.7078    27.7202    6.11900    6.29896         26 0.0000e+00
      27557   1148.172    729.000     4.0621   3.285524     4.0620   3.286846      97.02     0.0140     2.7109     2.4359  1.9659665  1.1321580   46.99984  -46.83484    34.9024    34.9181     4.0076     4.0075    27.7079    27.7203    6.12250    6.30495         24 0.0000e+00
      27582   1149.205    730.000     4.0620   3.285550     4.0605   3.286735      96.02     0.0133     2.7121     2.4357  1.9659098  1.1321613   46.99984  -46.83484    34.9023    34.9178     4.0074     4.0059    27.7078    27.7203    6.12568    6.30499         25 0.0000e+00
      27607   1150.248    731.000     4.0569   3.285090     4.0561   3.286335      95.55     0.0153     2.7118     2.4354  1.9659184  1.1320772   46.99984  -46.83484    34.9017    34.9173     4.0022     4.0014    27.7079    27.7204    6.11880    6.30633         23 0.0000e+00
      27627   1151.084    732.000     4.0509   3.284515     4.0509   3.285856      95.58     0.0124     2.7118     2.4353  1.9661571  1.1321410   46.99984  -46.83484    34.9009    34.9165     3.9962     3.9962    27.7079    27.7203    6.11265    6.30937         18 0.0000e+00
      27643   1151.747    733.000     4.0454   3.284028     4.0453   3.285358      95.57     0.0151     2.7103     2.4352  1.9669479  1.1323556   46.99984  -46.83484    34.9003    34.9161     3.9907     3.9934    27.7080    27.7205    6.10521    6.31002         15 0.0000e+00
      27657   1152.335    734.000     4.0443   3.283957     4.0436   3.285235      92.03     0.0140     2.7103     2.4351  1.9670331  1.1324319   46.99984  -46.83484    34.9001    34.9159     3.9895     3.9888    27.7080    27.7206    6.11133    6.30673         13 0.0000e+00
      27671   1152.905    735.000     4.0441   3.283988     4.0437   3.285278      49.10     0.0161     2.7099     2.4347  1.9670329  1.1321250   46.99984  -46.83484    34.9001    34.9158     3.9892     3.9888    27.7080    27.7205    6.11455    6.30562         14 0.0000e+00
      27685   1153.517    736.000     4.0456   3.284174     4.0450   3.285451      93.03     0.0164     2.7096     2.4345  1.9663501  1.1309592   46.99984  -46.83484    34.9003    34.9160     3.9906     3.9900    27.7080    27.7205    6.10829    6.31200         16 0.0000e+00
      27712   1154.617    737.000     4.0468   3.284329     4.0462   3.285601      95.57     0.0154     2.7082     2.4347  1.9663028  1.1307428   46.99982  -46.83484    34.9003    34.9159     3.9917     3.9911    27.7079    27.7204    6.10372    6.31348         43 0.0000e+00
      27764   1156.803    738.000     4.0459   3.284297     4.0458   3.285616      97.01     0.0100     2.7065     2.4342  1.9665393  1.1305897   46.99982  -46.83484    34.9003    34.9160     3.9908     3.9906    27.7080    27.7205    6.10877    6.30298         28 0.0000e+00
      27782   1157.531    739.000     4.0406   3.283803     4.0400   3.285082      96.82     0.0108     2.7065     2.4338  1.9648991  1.1310936   46.99982  -46.83484    34.8996    34.9153     3.9854     3.9848    27.7080    27.7205    6.11037    6.30012         17 0.0000e+00
      27798   1158.195    740.000     4.0375   3.283551     4.0371   3.284845      96.13     0.0122     2.7061     2.4328  1.9645872  1.1309512   46.99982  -46.83484    34.8994    34.9151     3.9822     3.9818    27.7081    27.7207    6.11342    6.29829         16 0.0000e+00
      27813   1158.829    741.000     4.0384   3.283707     4.0381   3.285011      96.98     0.0143     2.7061     2.4325  1.9645909  1.1312959   46.99982  -46.83484    34.8997    34.9154     3.9831     3.9828    27.7083    27.7208    6.11336    6.29938         15 0.0000e+00
      27829   1159.486    742.000     4.0372   3.283620     4.0369   3.284924      96.30     0.0154     2.7058     2.4317  1.9664890  1.1306610   46.99982  -46.83484    34.8995    34.9152     3.9818     3.9840    27.7082    27.7208    6.11472    6.29674         17 0.0000e+00
      27847   1160.244    743.000     4.0354   3.283473     4.0351   3.284782      59.72     0.0136     2.7063     2.4313  1.9670155  1.1306472   46.99982  -46.83484    34.8991    34.9149     3.9799     3.9797    27.7082    27.7208    6.12391    6.30336         20 0.0000e+00
      27872   1161.301    744.000     4.0341   3.283395     4.0338   3.284692      74.35     0.0121     2.7063     2.4309  1.9676819  1.1300364   46.99980  -46.83484    34.8990    34.9147     3.9785     3.9796    27.7082    27.7207    6.11528    6.30128         31 0.0000e+00
      27903   1162.582    745.000     4.0335   3.283374     4.0331   3.284675      97.30     0.0139     2.7055     2.4303  1.9682628  1.1294166   46.99981  -46.83484    34.8989    34.9146     3.9778     3.9775    27.7082    27.7208    6.10835    6.30439         28 0.0000e+00
      27927   1163.584    746.000     4.0316   3.283242     4.0313   3.284549      89.43     0.0170     2.7050     2.4301  1.9671937  1.1294261   46.99982  -46.83484    34.8989    34.9146     3.9759     3.9756    27.7084    27.7209    6.11222    6.30746         20 0.0000e+00
      27946   1164.375    747.000     4.0299   3.283132     4.0296   3.284431      96.55     0.0154     2.7046     2.4301  1.9670280  1.1294261   46.99982  -46.83484    34.8989    34.9145     3.9741     3.9738    27.7086    27.7210    6.11181    6.31119         18 0.0000e+00
      27963   1165.083    748.000     4.0286   3.283048     4.0283   3.284345      96.87     0.0174     2.7043     2.4303  1.9670329  1.1294261   46.99982  -46.83484    34.8987    34.9143     3.9728     3.9724    27.7086    27.7210    6.11033    6.31168         17 0.0000e+00
      27979   1165.769    749.000     4.0280   3.283047     4.0277   3.284343      97.02     0.0139     2.7039     2.4303  1.9670329  1.1294261   46.99981  -46.83484    34.8988    34.9144     3.9721     3.9718    27.7087    27.7212    6.11280    6.30954         16 0.0000e+00
      27997   1166.502    750.000     4.0279   3.283083     4.0276   3.284384      97.02     0.0091     2.7038     2.4300  1.9670329  1.1294261   46.99980  -46.83484    34.8988    34.9145     3.9719     3.9716    27.7087    27.7212    6.11221    6.30584         19 0.0000e+00
      28018   1167.394    751.000     4.0278   3.283115     4.0275   3.284417      97.01     0.0055     2.7031     2.4296  1.9670329  1.1287115   46.99980  -46.83484    34.8987    34.9145     3.9717     3.9748    27.7087    27.7213    6.11384    6.30878         25 0.0000e+00
      28045   1168.483    752.000     4.0276   3.283134     4.0273   3.284438      96.97     0.0051     2.7037     2.4296  1.9670329  1.1282033   46.99980  -46.83484    34.8987    34.9144     3.9714     3.9711    27.7087    27.7212    6.11797    6.31160         26 0.0000e+00
      28068   1169.478    753.000     4.0265   3.283075     4.0266   3.284409      96.52     0.0049     2.7028     2.4296  1.9669775  1.1282052   46.99980  -46.83484    34.8986    34.9143     3.9703     3.9723    27.7088    27.7213    6.10934    6.32036         22 0.0000e+00
