data/CTD/2013/CNV/D021A038.CNV
* Sea-Bird SBE 9 Data File:
* FileName = C:\CTD_ACQUISITION\2013021HUD\ctddata\021A038.hdr
* Software Version Seasave V 7.22.2
* Temperature SN = 5081
* Conductivity SN = 3561
* Number of Bytes Per Scan = 37
* Number of Voltage Words = 4
* Number of Scans Averaged by the Deck Unit = 1
* NMEA Latitude = 48 23.61 N
* NMEA Longitude = 046 37.83 W
* NMEA UTC (Time) = Jul 03 2013 19:56:09
* NMEA baud rate = 9600
** Ship: Hudson
** Cruise: HUD2013021
** Chief_Scientist: Greenan
** Organization: BIO
** Area_of_Operation: Sackville Spur
** Station: 38
** Sounding:  1840
** Event_Comments: SS09  393176
# nquan = 25
# nvalues = 1863                        
# units = specified
# name 0 = scan: Scan Count
# name 1 = timeS: Time, Elapsed [seconds]
# name 2 = prDM: Pressure, Digiquartz [db]
# name 3 = t068C: Temperature [ITS-68, deg C]
# name 4 = c0S/m: Conductivity [S/m]
# name 5 = t168C: Temperature, 2 [ITS-68, deg C]
# name 6 = c1S/m: Conductivity, 2 [S/m]
# name 7 = altM: Altimeter [m]
# name 8 = flCUVA: Fluorescence, Chelsea UV Aquatracka [ug/l]
# name 9 = sbeox0V: Oxygen raw, SBE 43 [V]
# name 10 = sbeox1V: Oxygen raw, SBE 43, 2 [V]
# name 11 = upoly0: Upoly 0, Optode 4330F - O2 D-Phase
# name 12 = upoly1: Upoly 1, Optode 4330F - O2 Temp
# name 13 = latitude: Latitude [deg]
# name 14 = longitude: Longitude [deg]
# name 15 = sal00: Salinity, Practical [PSU]
# name 16 = sal11: Salinity, Practical, 2 [PSU]
# name 17 = potemp068C: Potential Temperature [ITS-68, deg C]
# name 18 = potemp168C: Potential Temperature, 2 [ITS-68, deg C]
# name 19 = sigma-é00: Density [sigma-theta, Kg/m^3]
# name 20 = sigma-é11: Density, 2 [sigma-theta, Kg/m^3]
# name 21 = sbeox0ML/L: Oxygen, SBE 43 [ml/l], WS = 2
# name 22 = sbeox1ML/L: Oxygen, SBE 43, 2 [ml/l], WS = 2
# name 23 = nbin: number of scans per bin
# name 24 = flag: flag
# span 0 =       8291,      53791       
# span 1 =    345.425,   2241.261       
# span 2 =      4.000,   1866.000       
# span 3 =    -0.2443,     6.2169       
# span 4 =   2.757862,   3.287074       
# span 5 =    -0.2446,     6.2035       
# span 6 =   2.759091,   3.288382       
# span 7 =       2.30,     100.09       
# span 8 =     0.0063,     0.1309       
# span 9 =     2.3228,     3.3688       
# span 10 =     2.0874,     3.0209      
# span 11 =  1.7177627,  2.0769217      
# span 12 =  0.6186467,  1.4014372      
# span 13 =   48.39422,   48.39512      
# span 14 =  -46.62855,  -46.62228      
# span 15 =    32.5992,    34.9211      
# span 16 =    32.6147,    34.9379      
# span 17 =    -0.2456,     6.2164      
# span 18 =    -0.2459,     6.2028      
# span 19 =    25.6311,    27.8085      
# span 20 =    25.6445,    27.8220      
# span 21 =    5.84698,    7.75055      
# span 22 =    6.06626,    7.85361      
# span 23 =         11,        101      
# span 24 = 0.0000e+00, 0.0000e+00      
# interval = decibars: 1                
# start_time = Jul 03 2013 19:56:09 [NMEA time, header]
# bad_flag = -9.990e-29
*END*
[from data line 116]
      13114    546.383    120.000     1.8903   3.003694     1.8899   3.004951      83.95     0.0175     2.8585     2.5748  1.9886935  0.8435223   48.39434  -46.62790    34.1210    34.1372     1.8841     1.8837    27.2764    27.2894    6.43630    6.63205         20 0.0000e+00
      13131    547.097    121.000     1.9039   3.005280     1.9035   3.006540      88.01     0.0155     2.8572     2.5733  1.9886031  0.8438837   48.39434  -46.62790    34.1256    34.1419     1.8977     1.8973    27.2790    27.2921    6.43120    6.63111         15 0.0000e+00
      13146    547.729    122.000     1.9152   3.006594     1.9159   3.007953      96.32     0.0143     2.8555     2.5734  1.9889400  0.8487483   48.39433  -46.62789    34.1293    34.1457     1.9090     1.9096    27.2811    27.2942    6.43401    6.64279         15 0.0000e+00
      13162    548.370    123.000     1.9124   3.006634     1.9115   3.007833      96.07     0.0178     2.8554     2.5734  1.9890103  0.8485959   48.39432  -46.62788    34.1323    34.1484     1.9061     1.9052    27.2837    27.2967    6.44286    6.64060         17 0.0000e+00
      13181    549.178    124.000     1.9212   3.007739     1.9208   3.008972      87.59     0.0189     2.8551     2.5723  1.9904940  0.8499354   48.39432  -46.62788    34.1361    34.1521     1.9148     1.9144    27.2861    27.2990    6.42834    6.61076         24 0.0000e+00
      13215    550.602    125.000     1.9303   3.008779     1.9286   3.009949      78.87     0.0166     2.8506     2.5674  1.9931209  0.8523515   48.39445  -46.62786    34.1388    34.1553     1.9238     1.9221    27.2876    27.3010    6.38835    6.57864         44 0.0000e+00
      13255    552.232    126.000     1.9601   3.011915     1.9600   3.013200      89.17     0.0177     2.8441     2.5622  1.9926437  0.8535404   48.39446  -46.62786    34.1455    34.1616     1.9535     1.9535    27.2906    27.3036    6.36288    6.56774         28 0.0000e+00
      13276    553.143    127.000     1.9579   3.011972     1.9569   3.013186      88.05     0.0198     2.8412     2.5601  1.9930665  0.8540688   48.39444  -46.62784    34.1479    34.1642     1.9514     1.9503    27.2928    27.3059    6.37443    6.57677         19 0.0000e+00
      13293    553.842    128.000     1.9587   3.012212     1.9578   3.013452      96.21     0.0210     2.8404     2.5594  1.9948572  0.8558915   48.39444  -46.62784    34.1496    34.1660     1.9520     1.9512    27.2941    27.3073    6.38771    6.58591         16 0.0000e+00
      13309    554.502    129.000     2.0257   3.019185     2.0212   3.020048      96.06     0.0223     2.8398     2.5591  1.9947388  0.8559960   48.39444  -46.62784    34.1640    34.1798     2.0190     2.0144    27.3004    27.3134    6.37789    6.57100         16 0.0000e+00
      13327    555.257    130.000     2.0722   3.024302     2.0709   3.025437      85.95     0.0224     2.8392     2.5580  1.9953212  0.8579249   48.39444  -46.62784    34.1774    34.1930     2.0654     2.0640    27.3075    27.3202    6.36174    6.54724         21 0.0000e+00
      13354    556.356    131.000     2.1004   3.027730     2.0994   3.028867      91.20     0.0197     2.8376     2.5560  1.9963017  0.8608167   48.39444  -46.62784    34.1892    34.2046     2.0935     2.0924    27.3148    27.3272    6.35782    6.54932         32 0.0000e+00
      13387    557.762    132.000     2.1396   3.032703     2.1384   3.033818      56.07     0.0176     2.8372     2.5561  1.9970409  0.8687808   48.39444  -46.62784    34.2086    34.2238     2.1326     2.1313    27.3272    27.3395    6.36224    6.56346         32 0.0000e+00
      13413    558.853    133.000     2.1561   3.034872     2.1555   3.036092      79.00     0.0156     2.8378     2.5570  1.9973309  0.8706692   48.39444  -46.62783    34.2174    34.2332     2.1489     2.1484    27.3329    27.3456    6.37441    6.57383         21 0.0000e+00
      13432    559.630    134.000     2.1722   3.036960     2.1716   3.038183      95.76     0.0190     2.8391     2.5587  1.9975594  0.8765703   48.39444  -46.62782    34.2254    34.2414     2.1650     2.1644    27.3381    27.3509    6.37791    6.58069         17 0.0000e+00
      13448    560.297    135.000     2.1853   3.038550     2.1844   3.039759      95.66     0.0223     2.8397     2.5595  1.9975580  0.8770900   48.39444  -46.62782    34.2306    34.2467     2.1780     2.1771    27.3412    27.3541    6.38040    6.57645         15 0.0000e+00
      13464    560.963    136.000     2.2053   3.040946     2.2043   3.042130      91.17     0.0185     2.8414     2.5604  1.9975580  0.8774714   48.39442  -46.62782    34.2384    34.2542     2.1979     2.1969    27.3458    27.3586    6.38395    6.56766         17 0.0000e+00
      13483    561.770    137.000     2.2269   3.043793     2.2251   3.044852      80.14     0.0181     2.8421     2.5603  1.9975580  0.8845493   48.39442  -46.62782    34.2500    34.2651     2.2194     2.2177    27.3534    27.3656    6.36111    6.54929         24 0.0000e+00
      13517    563.160    138.000     2.2813   3.050871     2.2783   3.051790      95.95     0.0165     2.8403     2.5583  1.9993529  0.8871286   48.39442  -46.62782    34.2789    34.2936     2.2738     2.2708    27.3721    27.3841    6.32867    6.51587         42 0.0000e+00
      13555    564.736    139.000     2.3083   3.054355     2.3078   3.055575      80.38     0.0086     2.8388     2.5561  2.0020757  0.8903382   48.39442  -46.62782    34.2926    34.3083     2.3007     2.3002    27.3809    27.3934    6.32742    6.52082         28 0.0000e+00
      13576    565.644    140.000     2.3155   3.055324     2.3147   3.056536      96.54     0.0143     2.8378     2.5565  1.9996356  0.8944321   48.39442  -46.62782    34.2963    34.3122     2.3078     2.3070    27.3832    27.3960    6.32883    6.53510         19 0.0000e+00
      13595    566.398    141.000     2.3369   3.057978     2.3355   3.059138      96.57     0.0178     2.8381     2.5568  1.9992528  0.8950635   48.39442  -46.62782    34.3057    34.3216     2.3291     2.3277    27.3890    27.4019    6.33440    6.52996         18 0.0000e+00
      13613    567.158    142.000     2.3759   3.062584     2.3743   3.063700      89.80     0.0154     2.8385     2.5569  1.9991021  0.8969634   48.39442  -46.62782    34.3203    34.3359     2.3680     2.3663    27.3975    27.4101    6.32652    6.52141         19 0.0000e+00
      13634    568.026    143.000     2.3858   3.063779     2.3857   3.065056      83.78     0.0185     2.8380     2.5571  1.9987849  0.9022216   48.39442  -46.62782    34.3239    34.3398     2.3779     2.3777    27.3995    27.4123    6.32413    6.52608         23 0.0000e+00
      13657    569.009    144.000     2.3913   3.064450     2.3908   3.065694      63.11     0.0191     2.8388     2.5582  1.9990805  0.9036269   48.39441  -46.62782    34.3258    34.3417     2.3832     2.3828    27.4006    27.4134    6.33353    6.53949         24 0.0000e+00
      13680    569.955    145.000     2.4065   3.066357     2.4057   3.067569      94.97     0.0162     2.8394     2.5594  2.0006917  0.9091595   48.39440  -46.62782    34.3325    34.3484     2.3984     2.3976    27.4047    27.4175    6.33411    6.53698         21 0.0000e+00
      13700    570.799    146.000     2.4314   3.069520     2.4298   3.070652      75.16     0.0203     2.8402     2.5604  2.0006421  0.9091313   48.39440  -46.62782    34.3443    34.3600     2.4232     2.4216    27.4121    27.4248    6.32872    6.53270         19 0.0000e+00
      13721    571.651    147.000     2.4593   3.072949     2.4581   3.074116      96.20     0.0264     2.8403     2.5606  1.9991249  0.9114619   48.39441  -46.62782    34.3562    34.3719     2.4510     2.4498    27.4193    27.4319    6.33006    6.51959         23 0.0000e+00
      13749    572.849    148.000     2.4693   3.074159     2.4686   3.075388      91.00     0.0219     2.8421     2.5602  1.9986715  0.9135849   48.39442  -46.62781    34.3598    34.3758     2.4609     2.4602    27.4213    27.4342    6.33692    6.51081         37 0.0000e+00
      13789    574.507    149.000     2.4754   3.074898     2.4748   3.076154      90.30     0.0200     2.8440     2.5600  1.9976695  0.9198412   48.39440  -46.62780    34.3619    34.3781     2.4670     2.4663    27.4225    27.4355    6.34847    6.52663         34 0.0000e+00
      13814    575.533    150.000     2.4933   3.077138     2.4923   3.078347      96.77     0.0206     2.8463     2.5617  1.9976188  0.9215312   48.39440  -46.62780    34.3698    34.3857     2.4848     2.4838    27.4273    27.4401    6.35715    6.54958         19 0.0000e+00
      13830    576.211    151.000     2.5189   3.080237     2.5182   3.081473      63.44     0.0184     2.8476     2.5639  1.9975578  0.9220207   48.39440  -46.62780    34.3799    34.3960     2.5103     2.5096    27.4332    27.4462    6.36103    6.55676         15 0.0000e+00
      13844    576.798    152.000     2.5301   3.081630     2.5292   3.082860      26.28     0.0201     2.8494     2.5652  1.9975580  0.9219450   48.39440  -46.62780    34.3846    34.4007     2.5214     2.5205    27.4360    27.4490    6.36837    6.55929         14 0.0000e+00
      13858    577.382    153.000     2.5410   3.082975     2.5407   3.084266      95.07     0.0236     2.8512     2.5667  1.9982396  0.9250107   48.39440  -46.62780    34.3889    34.4052     2.5323     2.5319    27.4385    27.4516    6.36871    6.56602         14 0.0000e+00
      13875    578.064    154.000     2.5552   3.084729     2.5554   3.086056      96.58     0.0253     2.8524     2.5690  1.9987645  0.9268191   48.39440  -46.62780    34.3947    34.4110     2.5464     2.5465    27.4420    27.4550    6.36609    6.56348         19 0.0000e+00
      13904    579.284    155.000     2.5658   3.085985     2.5659   3.087315      86.52     0.0202     2.8548     2.5704  1.9974335  0.9296850   48.39440  -46.62780    34.3983    34.4146     2.5569     2.5570    27.4440    27.4570    6.36559    6.54374         42 0.0000e+00
      13948    581.107    156.000     2.5786   3.087549     2.5775   3.088705      97.59     0.0145     2.8556     2.5702  1.9957088  0.9335423   48.39440  -46.62780    34.4032    34.4190     2.5697     2.5685    27.4468    27.4595    6.33180    6.52144         35 0.0000e+00
      13972    582.115    157.000     2.6009   3.090251     2.6001   3.091504      92.20     0.0166     2.8543     2.5691  1.9950294  0.9345517   48.39440  -46.62780    34.4120    34.4283     2.5919     2.5911    27.4519    27.4650    6.32779    6.51435         19 0.0000e+00
      13989    582.817    158.000     2.6217   3.092749     2.6208   3.093973      73.35     0.0185     2.8537     2.5684  1.9949629  0.9349076   48.39440  -46.62780    34.4199    34.4360     2.6126     2.6116    27.4564    27.4694    6.32387    6.51048         16 0.0000e+00
      14004    583.439    159.000     2.6357   3.094438     2.6348   3.095656      96.69     0.0157     2.8532     2.5679  1.9932814  0.9373847   48.39440  -46.62780    34.4252    34.4412     2.6264     2.6255    27.4594    27.4723    6.32121    6.51339         14 0.0000e+00
      14019    584.066    160.000     2.6528   3.096478     2.6514   3.097646      96.63     0.0158     2.8525     2.5680  1.9926707  0.9391887   48.39440  -46.62780    34.4314    34.4472     2.6434     2.6421    27.4629    27.4757    6.31169    6.51319         16 0.0000e+00
      14036    584.793    161.000     2.6812   3.099759     2.6793   3.100856      96.67     0.0181     2.8513     2.5677  1.9926740  0.9389559   48.39440  -46.62780    34.4407    34.4562     2.6718     2.6698    27.4679    27.4805    6.29640    6.48688         20 0.0000e+00
      14064    585.968    162.000     2.7139   3.103424     2.7125   3.104579      85.03     0.0145     2.8478     2.5628  1.9905541  0.9442791   48.39440  -46.62780    34.4501    34.4657     2.7044     2.7030    27.4726    27.4852    6.24885    6.42244         39 0.0000e+00
      14109    587.821    163.000     2.7306   3.105357     2.7303   3.106655      71.07     0.0181     2.8353     2.5513  1.9891855  0.9489368   48.39439  -46.62778    34.4553    34.4716     2.7210     2.7207    27.4753    27.4884    6.16717    6.37303         39 0.0000e+00
      14136    588.968    164.000     2.7394   3.106393     2.7390   3.107680      77.81     0.0195     2.8271     2.5456  1.9887573  0.9500561   48.39438  -46.62778    34.4581    34.4743     2.7297     2.7293    27.4768    27.4897    6.16647    6.38496         21 0.0000e+00
      14154    589.695    165.000     2.7485   3.107493     2.7474   3.108715      95.92     0.0193     2.8222     2.5436  1.9890132  0.9540985   48.39438  -46.62778    34.4613    34.4774     2.7387     2.7377    27.4785    27.4915    6.16585    6.39157         16 0.0000e+00
      14168    590.304    166.000     2.7792   3.110996     2.7764   3.112036      95.99     0.0190     2.8201     2.5422  1.9890109  0.9540383   48.39438  -46.62778    34.4708    34.4865     2.7693     2.7665    27.4834    27.4962    6.18261    6.39082         14 0.0000e+00
      14182    590.874    167.000     2.8098   3.114459     2.8079   3.115578      96.21     0.0193     2.8193     2.5411  1.9890109  0.9538839   48.39438  -46.62778    34.4798    34.4956     2.7998     2.7979    27.4879    27.5007    6.19180    6.39445         13 0.0000e+00
      14196    591.471    168.000     2.8406   3.117912     2.8392   3.119079      75.62     0.0184     2.8184     2.5409  1.9881070  0.9578241   48.39438  -46.62778    34.4885    34.5043     2.8306     2.8292    27.4921    27.5049    6.20048    6.39716         16 0.0000e+00
      14214    592.209    169.000     2.8669   3.120899     2.8653   3.122006      88.71     0.0167     2.8192     2.5408  1.9878062  0.9595547   48.39440  -46.62778    34.4963    34.5117     2.8567     2.8551    27.4961    27.5085    6.21137    6.39740         21 0.0000e+00
      14245    593.510    170.000     2.8818   3.122606     2.8810   3.123803      95.68     0.0186     2.8211     2.5411  1.9870635  0.9649069   48.39440  -46.62778    34.5007    34.5164     2.8716     2.8707    27.4982    27.5108    6.21972    6.40271         41 0.0000e+00
      14285    595.184    171.000     2.9032   3.125130     2.9013   3.126212      37.30     0.0212     2.8232     2.5423  1.9874127  0.9705690   48.39438  -46.62778    34.5081    34.5234     2.8928     2.8910    27.5022    27.5146    6.21937    6.40653         34 0.0000e+00
      14313    596.320    172.000     2.9545   3.131252     2.9543   3.132538      97.63     0.0196     2.8247     2.5426  1.9890498  0.9734236   48.39438  -46.62778    34.5274    34.5433     2.9441     2.9438    27.5130    27.5257    6.21528    6.39457         23 0.0000e+00
      14333    597.166    173.000     2.9716   3.133369     2.9696   3.134469      89.60     0.0177     2.8253     2.5433  1.9890109  0.9741743   48.39438  -46.62778    34.5344    34.5499     2.9610     2.9591    27.5170    27.5296    6.20408    6.40016         18 0.0000e+00
      14350    597.874    174.000     2.9814   3.134581     2.9811   3.135876      67.46     0.0162     2.8254     2.5438  1.9890109  0.9783657   48.39438  -46.62778    34.5381    34.5543     2.9708     2.9704    27.5191    27.5321    6.20800    6.40148         16 0.0000e+00
      14366    598.532    175.000     2.9842   3.134986     2.9839   3.136265      83.99     0.0183     2.8265     2.5445  1.9890109  0.9784060   48.39438  -46.62778    34.5395    34.5555     2.9735     2.9731    27.5200    27.5328    6.21293    6.40529         16 0.0000e+00
      14381    599.187    176.000     2.9879   3.135458     2.9874   3.136729      96.07     0.0193     2.8264     2.5452  1.9893924  0.9805393   48.39438  -46.62778    34.5408    34.5568     2.9771     2.9766    27.5206    27.5335    6.21334    6.40364         16 0.0000e+00
