data/CTD/2013/CNV/D021A055.CNV
* Sea-Bird SBE 9 Data File:
* FileName = C:\CTD_ACQUISITION\2013021HUD\ctddata\021A055.hdr
* Software Version Seasave V 7.22.2
* Temperature SN = 5081
* Conductivity SN = 3561
* Number of Bytes Per Scan = 37
* Number of Voltage Words = 4
* Number of Scans Averaged by the Deck Unit = 1
* NMEA Latitude = 48 38.94 N
* NMEA Longitude = 045 31.50 W
* NMEA UTC (Time) = Jul 05 2013 08:04:59
* NMEA baud rate = 9600
** Ship: Hudson
** Cruise: HUD2013021
** Chief_Scientist: Greenan
** Organization: BIO
** Area_of_Operation: Sackville Spur
** Station: 55
** Sounding:  1100
** Event_Comments: SS22  393219
# nquan = 25
# nvalues = 1129                        
# units = specified
# name 0 = scan: Scan Count
# name 1 = timeS: Time, Elapsed [seconds]
# name 2 = prDM: Pressure, Digiquartz [db]
# name 3 = t068C: Temperature [ITS-68, deg C]
# name 4 = c0S/m: Conductivity [S/m]
# name 5 = t168C: Temperature, 2 [ITS-68, deg C]
# name 6 = c1S/m: Conductivity, 2 [S/m]
# name 7 = altM: Altimeter [m]
# name 8 = flCUVA: Fluorescence, Chelsea UV Aquatracka [ug/l]
# name 9 = sbeox0V: Oxygen raw, SBE 43 [V]
# name 10 = sbeox1V: Oxygen raw, SBE 43, 2 [V]
# name 11 = upoly0: Upoly 0, Optode 4330F - O2 D-Phase
# name 12 = upoly1: Upoly 1, Optode 4330F - O2 Temp
# name 13 = latitude: Latitude [deg]
# name 14 = longitude: Longitude [deg]
# name 15 = sal00: Salinity, Practical [PSU]
# name 16 = sal11: Salinity, Practical, 2 [PSU]
# name 17 = potemp068C: Potential Temperature [ITS-68, deg C]
# name 18 = potemp168C: Potential Temperature, 2 [ITS-68, deg C]
# name 19 = sigma-é00: Density [sigma-theta, Kg/m^3]
# name 20 = sigma-é11: Density, 2 [sigma-theta, Kg/m^3]
# name 21 = sbeox0ML/L: Oxygen, SBE 43 [ml/l], WS = 2
# name 22 = sbeox1ML/L: Oxygen, SBE 43, 2 [ml/l], WS = 2
# name 23 = nbin: number of scans per bin
# name 24 = flag: flag
# span 0 =       8117,      33523       
# span 1 =    338.174,   1396.744       
# span 2 =      2.000,   1130.000       
# span 3 =     1.8130,     7.0559       
# span 4 =   2.989112,   3.398276       
# span 5 =     1.8123,     7.0575       
# span 6 =   2.990504,   3.399613       
# span 7 =     -16.26,      97.26       
# span 8 =     0.0046,     0.5150       
# span 9 =     2.5166,     3.3542       
# span 10 =     2.2619,     3.0024      
# span 11 =  1.7090392,  2.0355376      
# span 12 =  0.8757019,  1.5115077      
# span 13 =   48.64758,   48.64902      
# span 14 =  -45.52502,  -45.52353      
# span 15 =    33.4159,    36.1913      
# span 16 =    33.4366,    34.9309      
# span 17 =     1.8109,     7.0556      
# span 18 =     1.8103,     7.0572      
# span 19 =    26.2293,    28.8632      
# span 20 =    26.2402,    27.7703      
# span 21 =    5.88408,    6.96576      
# span 22 =    6.09440,    7.04333      
# span 23 =          8,         94      
# span 24 = 0.0000e+00, 0.0000e+00      
# interval = decibars: 1                
# start_time = Jul 05 2013 08:04:59 [NMEA time, header]
# bad_flag = -9.990e-29
*END*
[from data line 696]
      23211    967.099    698.000     3.9528   3.273830     3.9525   3.275163      93.34     0.0142     2.7151     2.4427  1.9694834  1.1196581   48.64818  -45.52438    34.8958    34.9119     3.9014     3.9010    27.7137    27.7266    6.10633    6.30537         27 0.0000e+00
      23237    968.166    699.000     3.9528   3.273881     3.9526   3.275222      88.32     0.0155     2.7139     2.4418  1.9694749  1.1196029   48.64818  -45.52438    34.8959    34.9120     3.9013     3.9010    27.7137    27.7266    6.10582    6.31185         23 0.0000e+00
      23258    969.026    700.000     3.9530   3.273939     3.9526   3.275285      94.13     0.0134     2.7130     2.4413  1.9694088  1.1196597   48.64818  -45.52438    34.8958    34.9122     3.9014     3.9010    27.7137    27.7268    6.10037    6.30785         19 0.0000e+00
      23275    969.756    701.000     3.9530   3.273993     3.9525   3.275331      93.81     0.0122     2.7115     2.4405  1.9696202  1.1196581   48.64818  -45.52438    34.8960    34.9123     3.9013     3.9009    27.7138    27.7269    6.09150    6.30271         17 0.0000e+00
      23291    970.422    702.000     3.9528   3.274014     3.9523   3.275352      86.62     0.0112     2.7112     2.4398  1.9707050  1.1196581   48.64818  -45.52438    34.8958    34.9123     3.9011     3.9005    27.7137    27.7269    6.10198    6.30022         15 0.0000e+00
      23307    971.074    703.000     3.9520   3.273988     3.9515   3.275324      87.25     0.0093     2.7099     2.4388  1.9709288  1.1196581   48.64818  -45.52440    34.8960    34.9122     3.9001     3.8997    27.7139    27.7270    6.10416    6.30140         16 0.0000e+00
      23323    971.749    704.000     3.9516   3.274003     3.9513   3.275346      95.02     0.0076     2.7101     2.4385  1.9709115  1.1195863   48.64818  -45.52440    34.8960    34.9123     3.8997     3.8993    27.7141    27.7270    6.10535    6.30378         17 0.0000e+00
      23341    972.495    705.000     3.9518   3.274081     3.9516   3.275433      94.39     0.0078     2.7096     2.4378  1.9709527  1.1188918   48.64817  -45.52440    34.8961    34.9124     3.8999     3.8996    27.7141    27.7271    6.10033    6.30206         19 0.0000e+00
      23361    973.332    706.000     3.9540   3.274354     3.9535   3.275688      94.89     0.0093     2.7088     2.4373  1.9711608  1.1190764   48.64816  -45.52440    34.8966    34.9129     3.9020     3.9014    27.7142    27.7273    6.11795    6.30656         21 0.0000e+00
      23382    974.188    707.000     3.9549   3.274493     3.9544   3.275835      95.13     0.0079     2.7100     2.4371  1.9701457  1.1186200   48.64816  -45.52440    34.8968    34.9131     3.9027     3.9023    27.7143    27.7274    6.11533    6.31142         20 0.0000e+00
      23401    974.991    708.000     3.9552   3.274578     3.9546   3.275902      95.56     0.0120     2.7090     2.4373  1.9695460  1.1184392   48.64816  -45.52440    34.8969    34.9132     3.9029     3.9024    27.7144    27.7274    6.10731    6.31316         19 0.0000e+00
      23419    975.756    709.000     3.9557   3.274690     3.9551   3.276000      83.07     0.0155     2.7098     2.4371  1.9700081  1.1185702   48.64816  -45.52440    34.8972    34.9133     3.9034     3.9028    27.7146    27.7275    6.11541    6.31206         18 0.0000e+00
      23438    976.522    710.000     3.9551   3.274683     3.9547   3.276018      95.60     0.0178     2.7087     2.4370  1.9709685  1.1195916   48.64816  -45.52440    34.8972    34.9134     3.9027     3.9023    27.7147    27.7276    6.10035    6.31480         18 0.0000e+00
      23457    977.323    711.000     3.9545   3.274675     3.9543   3.276030      95.56     0.0156     2.7087     2.4372  1.9712491  1.1195972   48.64816  -45.52442    34.8972    34.9134     3.9021     3.9019    27.7147    27.7277    6.10158    6.31301         20 0.0000e+00
      23477    978.169    712.000     3.9507   3.274339     3.9510   3.275741      92.42     0.0127     2.7074     2.4366  1.9711609  1.1196584   48.64816  -45.52442    34.8968    34.9130     3.8981     3.8984    27.7148    27.7277    6.10208    6.30867         21 0.0000e+00
      23498    979.049    713.000     3.9476   3.274098     3.9476   3.275460      87.42     0.0171     2.7072     2.4365  1.9711611  1.1195995   48.64816  -45.52442    34.8966    34.9128     3.8951     3.8950    27.7150    27.7279    6.10471    6.31224         21 0.0000e+00
      23520    979.938    714.000     3.9462   3.274013     3.9461   3.275366      18.63     0.0169     2.7067     2.4362  1.9709228  1.1192425   48.64816  -45.52442    34.8966    34.9128     3.8936     3.8934    27.7151    27.7280    6.10709    6.31560         21 0.0000e+00
      23540    980.788    715.000     3.9455   3.273994     3.9453   3.275326      95.97     0.0160     2.7065     2.4363  1.9704424  1.1186702   48.64816  -45.52442    34.8966    34.9126     3.8928     3.8925    27.7152    27.7280    6.10967    6.31627         20 0.0000e+00
      23559    981.591    716.000     3.9456   3.274040     3.9452   3.275379      81.93     0.0169     2.7063     2.4361  1.9708278  1.1185647   48.64816  -45.52442    34.8966    34.9128     3.8928     3.8924    27.7152    27.7281    6.10909    6.31422         19 0.0000e+00
      23578    982.373    717.000     3.9454   3.274068     3.9451   3.275414      88.57     0.0154     2.7062     2.4359  1.9696060  1.1185015   48.64816  -45.52442    34.8966    34.9128     3.8925     3.8922    27.7152    27.7282    6.10881    6.30913         19 0.0000e+00
      23597    983.163    718.000     3.9451   3.274083     3.9448   3.275420      80.00     0.0144     2.7061     2.4353  1.9695395  1.1184374   48.64816  -45.52442    34.8965    34.9127     3.8921     3.8918    27.7152    27.7281    6.10968    6.30755         19 0.0000e+00
      23616    983.974    719.000     3.9446   3.274090     3.9443   3.275428      94.99     0.0157     2.7057     2.4349  1.9703856  1.1184372   48.64816  -45.52444    34.8966    34.9128     3.8916     3.8912    27.7153    27.7282    6.10984    6.31482         20 0.0000e+00
      23636    984.782    720.000     3.9446   3.274124     3.9442   3.275456      82.29     0.0185     2.7056     2.4351  1.9714541  1.1184372   48.64816  -45.52444    34.8965    34.9127     3.8914     3.8910    27.7153    27.7282    6.10911    6.31700         19 0.0000e+00
      23655    985.563    721.000     3.9450   3.274218     3.9443   3.275510      95.56     0.0179     2.7055     2.4349  1.9711705  1.1184372   48.64816  -45.52444    34.8966    34.9127     3.8918     3.8911    27.7153    27.7282    6.11420    6.31663         18 0.0000e+00
      23673    986.321    722.000     3.9447   3.274230     3.9436   3.275493      89.66     0.0178     2.7055     2.4349  1.9717880  1.1183686   48.64816  -45.52444    34.8966    34.9127     3.8914     3.8903    27.7153    27.7283    6.11883    6.31819         18 0.0000e+00
      23691    987.085    723.000     3.9438   3.274179     3.9434   3.275513      87.49     0.0143     2.7059     2.4348  1.9719172  1.1183729   48.64816  -45.52444    34.8965    34.9127     3.8904     3.8900    27.7154    27.7283    6.11846    6.31972         19 0.0000e+00
      23710    987.892    724.000     3.9434   3.274189     3.9431   3.275525      95.51     0.0134     2.7058     2.4349  1.9719169  1.1183761   48.64816  -45.52444    34.8964    34.9126     3.8900     3.8897    27.7153    27.7282    6.11658    6.32100         20 0.0000e+00
      23731    988.751    725.000     3.9436   3.274251     3.9434   3.275602      85.15     0.0134     2.7058     2.4350  1.9719169  1.1183790   48.64816  -45.52444    34.8965    34.9126     3.8901     3.8899    27.7154    27.7283    6.11427    6.32394         21 0.0000e+00
      23752    989.628    726.000     3.9442   3.274358     3.9439   3.275693      75.79     0.0151     2.7054     2.4351  1.9719169  1.1182623   48.64816  -45.52444    34.8966    34.9127     3.8906     3.8902    27.7154    27.7283    6.11539    6.32316         21 0.0000e+00
      23772    990.458    727.000     3.9448   3.274486     3.9445   3.275826      95.41     0.0134     2.7056     2.4350  1.9719812  1.1180518   48.64816  -45.52444    34.8969    34.9131     3.8911     3.8908    27.7157    27.7286    6.11837    6.31279         19 0.0000e+00
      23790    991.220    728.000     3.9430   3.274358     3.9428   3.275713      93.92     0.0149     2.7055     2.4340  1.9719888  1.1181513   48.64816  -45.52446    34.8968    34.9131     3.8892     3.8890    27.7158    27.7287    6.10964    6.30383         17 0.0000e+00
      23807    991.923    729.000     3.9409   3.274202     3.9407   3.275559      93.35     0.0136     2.7043     2.4334  1.9719888  1.1181499   48.64816  -45.52446    34.8966    34.9129     3.8871     3.8869    27.7158    27.7288    6.10025    6.29871         17 0.0000e+00
      23824    992.614    730.000     3.9392   3.274084     3.9390   3.275440      93.84     0.0107     2.7039     2.4318  1.9719888  1.1181499   48.64816  -45.52446    34.8966    34.9127     3.8853     3.8851    27.7160    27.7289    6.09756    6.29345         17 0.0000e+00
      23841    993.349    731.000     3.9381   3.274034     3.9378   3.275383      94.20     0.0128     2.7024     2.4310  1.9719194  1.1182411   48.64816  -45.52446    34.8966    34.9128     3.8841     3.8839    27.7161    27.7291    6.09220    6.29545         19 0.0000e+00
      23864    994.276    732.000     3.9373   3.274019     3.9371   3.275359      88.40     0.0147     2.7010     2.4297  1.9719169  1.1179333   48.64816  -45.52446    34.8967    34.9128     3.8833     3.8830    27.7162    27.7291    6.09024    6.29417         26 0.0000e+00
      23894    995.537    733.000     3.9363   3.273988     3.9361   3.275323      77.27     0.0115     2.6990     2.4284  1.9719169  1.1176939   48.64816  -45.52446    34.8969    34.9129     3.8822     3.8820    27.7165    27.7293    6.08725    6.29096         30 0.0000e+00
      23918    996.557    734.000     3.9113   3.274053     3.9364   3.275407      95.20     0.0106     2.6982     2.4271  1.9719169  1.1178941   48.64816  -45.52448    34.9234    34.9131     3.8572     3.8822    27.7402    27.7294    6.09422    6.28667         20 0.0000e+00
      23936    997.276    735.000     2.7435   3.272387     3.9428   3.276181      88.80     0.0130     2.6972     2.4261  1.9719169  1.1174423   48.64816  -45.52448    36.1913    34.9149     2.6945     3.8885    28.8632    27.7302    6.24229    6.28759         16 0.0000e+00
      23951    997.904    736.000     3.5178   3.274969     3.9506   3.277008      79.28     0.0113     2.6970     2.4257  1.9723583  1.1177430   48.64816  -45.52448    35.3222    34.9160     3.4993     3.8961    28.0937    27.7303    6.14603    6.29429         14 0.0000e+00
      23965    998.502    737.000     3.9415   3.275719     3.9478   3.276748      95.51     0.0091     2.6970     2.4259  1.9738767  1.1175410   48.64816  -45.52448    34.9099    34.9153     3.8869     3.8933    27.7264    27.7301    6.10257    6.30186         15 0.0000e+00
      23980    999.118    738.000     3.9372   3.274688     3.9364   3.275669      93.81     0.0101     2.6971     2.4260  1.9733878  1.1177831   48.64816  -45.52448    34.9016    34.9140     3.8827     3.8819    27.7203    27.7302    6.10421    6.30253         15 0.0000e+00
      23996    999.785    739.000     3.9351   3.274481     3.9343   3.275517      79.13     0.0133     2.6975     2.4256  1.9737092  1.1177907   48.64816  -45.52448    34.9009    34.9139     3.8805     3.8798    27.7199    27.7304    6.11012    6.29720         17 0.0000e+00
      24014   1000.554    740.000     3.9328   3.274268     3.9328   3.275400      93.98     0.0142     2.6976     2.4253  1.9735066  1.1182488   48.64816  -45.52448    34.9003    34.9136     3.8782     3.8782    27.7196    27.7303    6.10832    6.29531         20 0.0000e+00
      24036   1001.453    741.000     3.9266   3.273657     3.9265   3.274823      76.03     0.0140     2.6971     2.4246  1.9737206  1.1182778   48.64816  -45.52448    34.8991    34.9128     3.8719     3.8738    27.7194    27.7303    6.10371    6.29413         23 0.0000e+00
      24059   1002.409    742.000     3.9218   3.273219     3.9215   3.274372      85.91     0.0157     2.6972     2.4241  1.9743012  1.1176459   48.64816  -45.52448    34.8984    34.9124     3.8671     3.8667    27.7193    27.7305    6.10590    6.29963         23 0.0000e+00
      24081   1003.326    743.000     3.9211   3.273169     3.9210   3.274366      91.53     0.0165     2.6966     2.4241  1.9743584  1.1175656   48.64816  -45.52450    34.8981    34.9124     3.8663     3.8661    27.7191    27.7306    6.10014    6.30564         21 0.0000e+00
      24101   1004.158    744.000     3.9218   3.273273     3.9214   3.274471      95.39     0.0154     2.6962     2.4242  1.9743589  1.1167115   48.64816  -45.52450    34.8981    34.9126     3.8669     3.8688    27.7191    27.7307    6.10362    6.30509         19 0.0000e+00
      24119   1004.920    745.000     3.9220   3.273330     3.9217   3.274541      94.45     0.0098     2.6962     2.4241  1.9743589  1.1159917   48.64816  -45.52450    34.8980    34.9126     3.8670     3.8667    27.7190    27.7307    6.10536    6.30496         17 0.0000e+00
      24136   1005.641    746.000     3.9217   3.273343     3.9213   3.274561      94.77     0.0141     2.6958     2.4242  1.9743589  1.1159952   48.64816  -45.52450    34.8979    34.9127     3.8667     3.8663    27.7190    27.7308    6.10691    6.30938         18 0.0000e+00
      24154   1006.372    747.000     3.9214   3.273350     3.9210   3.274579      95.49     0.0167     2.6957     2.4244  1.9748842  1.1152073   48.64816  -45.52450    34.8978    34.9128     3.8663     3.8659    27.7189    27.7309    6.10787    6.30609         18 0.0000e+00
      24173   1007.169    748.000     3.9219   3.273445     3.9213   3.274670      89.83     0.0127     2.6958     2.4238  1.9750276  1.1150817   48.64816  -45.52450    34.8979    34.9130     3.8667     3.8661    27.7189    27.7310    6.10273    6.29450         20 0.0000e+00
      24195   1008.079    749.000     3.9215   3.273453     3.9212   3.274707      82.16     0.0101     2.6950     2.4229  1.9759997  1.1151454   48.64816  -45.52450    34.8979    34.9131     3.8662     3.8659    27.7190    27.7311    6.09525    6.29483         23 0.0000e+00
      24217   1009.019    750.000     3.9206   3.273408     3.9209   3.274731      93.54     0.0124     2.6935     2.4226  1.9767996  1.1148301   48.64816  -45.52450    34.8977    34.9131     3.8653     3.8655    27.7190    27.7312    6.09361    6.29804         22 0.0000e+00
      24238   1009.883    751.000     3.9190   3.273283     3.9186   3.274552      93.58     0.0125     2.6940     2.4217  1.9764767  1.1147736   48.64816  -45.52450    34.8975    34.9130     3.8636     3.8631    27.7189    27.7313    6.10485    6.29249         19 0.0000e+00
      24258   1010.689    752.000     3.9164   3.273071     3.9159   3.274338      76.85     0.0111     2.6931     2.4214  1.9763123  1.1147741   48.64816  -45.52450    34.8972    34.9128     3.8609     3.8604    27.7190    27.7314    6.09754    6.29295         20 0.0000e+00
      24277   1011.516    753.000     3.9159   3.273068     3.9155   3.274343      89.60     0.0138     2.6928     2.4207  1.9761659  1.1147741   48.64816  -45.52450    34.8971    34.9127     3.8604     3.8599    27.7190    27.7314    6.10456    6.29133         21 0.0000e+00
      24299   1012.430    754.000     3.9151   3.273024     3.9147   3.274312      83.43     0.0166     2.6929     2.4199  1.9759152  1.1147741   48.64816  -45.52450    34.8970    34.9127     3.8594     3.8590    27.7190    27.7315    6.10572    6.29176         22 0.0000e+00
