data/CTD/2013/CNV/D021A035.CNV
* Sea-Bird SBE 9 Data File:
* FileName = C:\CTD_ACQUISITION\2013021HUD\ctddata\021A035.hdr
* Software Version Seasave V 7.22.2
* Temperature SN = 5081
* Conductivity SN = 3561
* Number of Bytes Per Scan = 37
* Number of Voltage Words = 4
* Number of Scans Averaged by the Deck Unit = 1
* NMEA Latitude = 48 16.30 N
* NMEA Longitude = 046 30.22 W
* NMEA UTC (Time) = Jul 03 2013 15:36:29
* NMEA baud rate = 9600
** Ship: Hudson
** Cruise: HUD2013021
** Chief_Scientist: Greenan
** Organization: BIO
** Area_of_Operation: Sackville Spur
** Station: 35
** Sounding:  860
** Event_Comments: SS12  393163
# nquan = 25
# nvalues = 864                         
# units = specified
# name 0 = scan: Scan Count
# name 1 = timeS: Time, Elapsed [seconds]
# name 2 = prDM: Pressure, Digiquartz [db]
# name 3 = t068C: Temperature [ITS-68, deg C]
# name 4 = c0S/m: Conductivity [S/m]
# name 5 = t168C: Temperature, 2 [ITS-68, deg C]
# name 6 = c1S/m: Conductivity, 2 [S/m]
# name 7 = altM: Altimeter [m]
# name 8 = flCUVA: Fluorescence, Chelsea UV Aquatracka [ug/l]
# name 9 = sbeox0V: Oxygen raw, SBE 43 [V]
# name 10 = sbeox1V: Oxygen raw, SBE 43, 2 [V]
# name 11 = upoly0: Upoly 0, Optode 4330F - O2 D-Phase
# name 12 = upoly1: Upoly 1, Optode 4330F - O2 Temp
# name 13 = latitude: Latitude [deg]
# name 14 = longitude: Longitude [deg]
# name 15 = sal00: Salinity, Practical [PSU]
# name 16 = sal11: Salinity, Practical, 2 [PSU]
# name 17 = potemp068C: Potential Temperature [ITS-68, deg C]
# name 18 = potemp168C: Potential Temperature, 2 [ITS-68, deg C]
# name 19 = sigma-é00: Density [sigma-theta, Kg/m^3]
# name 20 = sigma-é11: Density, 2 [sigma-theta, Kg/m^3]
# name 21 = sbeox0ML/L: Oxygen, SBE 43 [ml/l], WS = 2
# name 22 = sbeox1ML/L: Oxygen, SBE 43, 2 [ml/l], WS = 2
# name 23 = nbin: number of scans per bin
# name 24 = flag: flag
# span 0 =      11067,      34603       
# span 1 =    461.069,   1441.759       
# span 2 =      3.000,    866.000       
# span 3 =    -0.1289,     5.8227       
# span 4 =   2.768265,   3.279425       
# span 5 =    -0.1290,     5.8203       
# span 6 =   2.769400,   3.280769       
# span 7 =       4.23,      99.43       
# span 8 =     0.0096,     0.0895       
# span 9 =     2.6166,     3.3655       
# span 10 =     2.3507,     3.0152      
# span 11 =  1.7274394,  2.0073443      
# span 12 =  0.6326419,  1.3536277      
# span 13 =   48.26882,   48.27082      
# span 14 =  -46.50344,  -46.50260      
# span 15 =    32.6319,    34.9102      
# span 16 =    32.6474,    34.9266      
# span 17 =    -0.1304,     5.8222      
# span 18 =    -0.1304,     5.8198      
# span 19 =    25.7042,    27.7454      
# span 20 =    25.7159,    27.7585      
# span 21 =    5.97923,    7.69938      
# span 22 =    6.17160,    7.80798      
# span 23 =         13,        107      
# span 24 = 0.0000e+00, 0.0000e+00      
# interval = decibars: 1                
# start_time = Jul 03 2013 15:36:29 [NMEA time, header]
# bad_flag = -9.990e-29
*END*
[from data line 406]
      23373    973.821    409.000     3.9658   3.256500     3.9662   3.257909      90.94     0.0131     2.8303     2.5419  1.9488623  1.1206402   48.26974  -46.50338    34.8290    34.8453     3.9366     3.9370    27.6569    27.6698    6.23230    6.40860         42 0.0000e+00
      23400    974.964    410.000     3.9471   3.254782     3.9436   3.255830      92.95     0.0150     2.8303     2.5425  1.9474927  1.1201590   48.26972  -46.50338    34.8279    34.8440     3.9179     3.9144    27.6579    27.6711    6.22475    6.41422         17 0.0000e+00
      23416    975.605    411.000     3.9526   3.255490     3.9517   3.256777      40.32     0.0148     2.8303     2.5428  1.9474969  1.1200068   48.26972  -46.50338    34.8300    34.8462     3.9232     3.9224    27.6590    27.6720    6.22669    6.41412         14 0.0000e+00
      23429    976.175    412.000     3.9568   3.255979     3.9565   3.257311      63.57     0.0157     2.8299     2.5430  1.9478785  1.1202250   48.26972  -46.50338    34.8308    34.8469     3.9273     3.9270    27.6593    27.6721    6.21890    6.41615         13 0.0000e+00
      23443    976.751    413.000     3.9585   3.256227     3.9579   3.257524      96.17     0.0153     2.8293     2.5434  1.9484751  1.1196568   48.26972  -46.50338    34.8313    34.8474     3.9290     3.9284    27.6595    27.6723    6.21442    6.41751         15 0.0000e+00
      23460    977.442    414.000     3.9612   3.256594     3.9608   3.257903      96.08     0.0156     2.8290     2.5435  1.9485897  1.1196581   48.26972  -46.50338    34.8323    34.8483     3.9316     3.9312    27.6600    27.6728    6.20819    6.41270         20 0.0000e+00
      23495    978.923    415.000     3.9631   3.257041     3.9630   3.258379      70.64     0.0133     2.8268     2.5428  1.9490314  1.1194767   48.26972  -46.50338    34.8351    34.8511     3.9334     3.9333    27.6620    27.6748    6.21201    6.40011         48 0.0000e+00
      23530    980.385    416.000     3.9628   3.257120     3.9627   3.258465      96.59     0.0126     2.8262     2.5412  1.9481444  1.1196619   48.26972  -46.50338    34.8358    34.8519     3.9331     3.9329    27.6627    27.6755    6.21365    6.39421         22 0.0000e+00
      23550    981.199    417.000     3.9626   3.257176     3.9625   3.258514      85.16     0.0159     2.8259     2.5406  1.9473503  1.1196581   48.26972  -46.50338    34.8361    34.8522     3.9328     3.9326    27.6629    27.6757    6.22217    6.40188         18 0.0000e+00
      23567    981.935    418.000     3.9633   3.257338     3.9631   3.258663      40.05     0.0148     2.8266     2.5408  1.9475641  1.1196581   48.26970  -46.50338    34.8368    34.8528     3.9334     3.9332    27.6634    27.6761    6.23085    6.40184         18 0.0000e+00
      23586    982.724    419.000     3.9655   3.257638     3.9652   3.258970      71.24     0.0131     2.8273     2.5401  1.9477806  1.1196581   48.26970  -46.50338    34.8375    34.8536     3.9355     3.9352    27.6638    27.6766    6.22876    6.39798         21 0.0000e+00
      23612    983.792    420.000     3.9666   3.257804     3.9664   3.259148      88.74     0.0139     2.8269     2.5396  1.9478111  1.1196581   48.26970  -46.50338    34.8378    34.8539     3.9366     3.9364    27.6639    27.6767    6.21398    6.39957         31 0.0000e+00
      23645    985.171    421.000     3.9674   3.257947     3.9671   3.259279      57.38     0.0141     2.8253     2.5396  1.9479344  1.1196581   48.26970  -46.50336    34.8381    34.8542     3.9373     3.9370    27.6640    27.6769    6.20937    6.40660         31 0.0000e+00
      23672    986.309    422.000     3.9709   3.258421     3.9706   3.259734      96.67     0.0152     2.8242     2.5394  1.9470940  1.1203026   48.26970  -46.50336    34.8394    34.8554     3.9407     3.9403    27.6648    27.6775    6.20100    6.39508         25 0.0000e+00
      23695    987.264    423.000     3.9756   3.259015     3.9753   3.260347      74.04     0.0136     2.8234     2.5385  1.9465021  1.1208752   48.26970  -46.50336    34.8411    34.8571     3.9453     3.9450    27.6656    27.6784    6.20853    6.39218         22 0.0000e+00
      23718    988.215    424.000     3.9785   3.259394     3.9783   3.260728      65.71     0.0128     2.8231     2.5381  1.9465799  1.1208792   48.26970  -46.50336    34.8419    34.8580     3.9481     3.9479    27.6660    27.6788    6.21589    6.39835         24 0.0000e+00
      23742    989.227    425.000     3.9797   3.259579     3.9795   3.260917      96.14     0.0125     2.8234     2.5381  1.9467843  1.1208792   48.26968  -46.50336    34.8423    34.8584     3.9492     3.9490    27.6661    27.6790    6.21375    6.40218         24 0.0000e+00
      23766    990.201    426.000     3.9809   3.259751     3.9807   3.261099      77.40     0.0138     2.8234     2.5382  1.9468316  1.1210480   48.26968  -46.50336    34.8426    34.8587     3.9503     3.9502    27.6663    27.6791    6.21222    6.40160         22 0.0000e+00
      23787    991.083    427.000     3.9829   3.260026     3.9826   3.261348      49.25     0.0161     2.8228     2.5380  1.9467992  1.1210536   48.26968  -46.50336    34.8432    34.8591     3.9523     3.9520    27.6665    27.6793    6.21299    6.39440         21 0.0000e+00
      23809    991.983    428.000     3.9862   3.260434     3.9854   3.261695      95.17     0.0150     2.8228     2.5372  1.9467546  1.1213515   48.26970  -46.50335    34.8439    34.8598     3.9555     3.9546    27.6668    27.6795    6.21212    6.38932         23 0.0000e+00
      23834    993.046    429.000     3.9871   3.260575     3.9863   3.261838      83.94     0.0141     2.8225     2.5365  1.9468844  1.1220887   48.26970  -46.50334    34.8441    34.8600     3.9563     3.9555    27.6669    27.6796    6.21245    6.39422         28 0.0000e+00
      23863    994.237    430.000     3.9886   3.260776     3.9882   3.262094      62.51     0.0168     2.8222     2.5363  1.9467242  1.1221001   48.26970  -46.50334    34.8445    34.8605     3.9577     3.9573    27.6670    27.6798    6.20528    6.39034         27 0.0000e+00
      23887    995.264    431.000     3.9900   3.260984     3.9897   3.262308      96.66     0.0196     2.8211     2.5354  1.9465927  1.1221001   48.26968  -46.50334    34.8449    34.8609     3.9590     3.9587    27.6672    27.6800    6.20367    6.38336         23 0.0000e+00
      23908    996.113    432.000     3.9914   3.261192     3.9910   3.262515      89.94     0.0191     2.8210     2.5343  1.9460900  1.1223538   48.26968  -46.50334    34.8453    34.8614     3.9603     3.9599    27.6674    27.6803    6.20372    6.38220         19 0.0000e+00
      23926    996.884    433.000     3.9946   3.261586     3.9941   3.262903      34.29     0.0196     2.8199     2.5341  1.9450704  1.1232399   48.26968  -46.50334    34.8461    34.8622     3.9634     3.9630    27.6677    27.6806    6.19648    6.38762         18 0.0000e+00
      23945    997.660    434.000     3.9965   3.261847     3.9960   3.263154      95.80     0.0173     2.8193     2.5339  1.9450549  1.1229382   48.26968  -46.50334    34.8466    34.8626     3.9653     3.9648    27.6679    27.6807    6.20255    6.38872         19 0.0000e+00
      23967    998.591    435.000     3.9970   3.261934     3.9967   3.263255      96.26     0.0170     2.8194     2.5333  1.9461894  1.1232640   48.26968  -46.50334    34.8466    34.8626     3.9657     3.9654    27.6679    27.6806    6.20913    6.38403         27 0.0000e+00
      24004   1000.125    436.000     3.9972   3.261983     3.9971   3.263326      67.27     0.0170     2.8189     2.5328  1.9470925  1.1233218   48.26967  -46.50334    34.8464    34.8625     3.9658     3.9657    27.6677    27.6805    6.20042    6.38923         44 0.0000e+00
      24040   1001.608    437.000     3.9971   3.262024     3.9968   3.263358      67.58     0.0164     2.8175     2.5328  1.9475162  1.1233212   48.26966  -46.50334    34.8465    34.8626     3.9657     3.9654    27.6678    27.6806    6.19447    6.38464         25 0.0000e+00
      24061   1002.482    438.000     3.9961   3.261964     3.9959   3.263311      57.67     0.0157     2.8171     2.5318  1.9474969  1.1239144   48.26966  -46.50334    34.8463    34.8624     3.9646     3.9644    27.6677    27.6806    6.20111    6.37692         19 0.0000e+00
      24078   1003.190    439.000     3.9952   3.261914     3.9953   3.263279      62.69     0.0136     2.8171     2.5314  1.9474969  1.1241612   48.26966  -46.50334    34.8461    34.8623     3.9637     3.9637    27.6677    27.6805    6.20211    6.37893         16 0.0000e+00
      24093   1003.851    440.000     3.9958   3.262020     3.9957   3.263368      96.07     0.0122     2.8164     2.5307  1.9474969  1.1241605   48.26966  -46.50334    34.8463    34.8623     3.9641     3.9641    27.6678    27.6805    6.20464    6.37778         16 0.0000e+00
      24110   1004.557    441.000     3.9963   3.262115     3.9962   3.263464      96.34     0.0131     2.8170     2.5302  1.9470257  1.1236640   48.26966  -46.50334    34.8463    34.8624     3.9646     3.9645    27.6677    27.6806    6.21171    6.38259         18 0.0000e+00
      24133   1005.502    442.000     3.9974   3.262278     3.9973   3.263618      54.52     0.0137     2.8170     2.5304  1.9469525  1.1234560   48.26966  -46.50333    34.8465    34.8626     3.9656     3.9654    27.6678    27.6806    6.20319    6.39159         29 0.0000e+00
      24166   1006.877    443.000     3.9982   3.262404     3.9979   3.263735      96.38     0.0162     2.8163     2.5310  1.9474697  1.1236477   48.26966  -46.50332    34.8467    34.8627     3.9663     3.9660    27.6679    27.6806    6.20247    6.39448         34 0.0000e+00
      24196   1008.121    444.000     3.9992   3.262560     3.9990   3.263896      80.15     0.0149     2.8158     2.5311  1.9474968  1.1238631   48.26966  -46.50332    34.8469    34.8630     3.9672     3.9670    27.6679    27.6808    6.20006    6.38835         27 0.0000e+00
      24223   1009.234    445.000     4.0003   3.262742     4.0000   3.264066      21.14     0.0187     2.8154     2.5307  1.9474969  1.1245327   48.26966  -46.50332    34.8473    34.8633     3.9683     3.9680    27.6682    27.6809    6.20385    6.38843         27 0.0000e+00
      24250   1010.367    446.000     4.0011   3.262894     4.0009   3.264236      97.37     0.0193     2.8157     2.5306  1.9474969  1.1245421   48.26966  -46.50332    34.8478    34.8639     3.9689     3.9688    27.6685    27.6813    6.21132    6.39384         26 0.0000e+00
      24273   1011.348    447.000     4.0003   3.262882     4.0000   3.264190      67.68     0.0145     2.8162     2.5310  1.9474969  1.1245421   48.26966  -46.50332    34.8480    34.8639     3.9682     3.9678    27.6687    27.6814    6.21346    6.39415         21 0.0000e+00
      24292   1012.106    448.000     3.9965   3.262612     3.9963   3.263944      48.93     0.0146     2.8163     2.5308  1.9477264  1.1245421   48.26966  -46.50332    34.8482    34.8643     3.9642     3.9640    27.6693    27.6821    6.21050    6.39315         16 0.0000e+00
      24307   1012.748    449.000     3.9957   3.262611     3.9956   3.263963      90.63     0.0133     2.8166     2.5308  1.9482279  1.1245421   48.26966  -46.50332    34.8486    34.8647     3.9634     3.9633    27.6697    27.6825    6.21177    6.39386         15 0.0000e+00
      24322   1013.356    450.000     3.9950   3.262609     3.9949   3.263963      96.16     0.0130     2.8161     2.5308  1.9482296  1.1245421   48.26966  -46.50332    34.8488    34.8649     3.9626     3.9624    27.6699    27.6828    6.20645    6.38749         15 0.0000e+00
      24338   1014.026    451.000     3.9922   3.262439     3.9924   3.263819      95.99     0.0143     2.8158     2.5300  1.9485633  1.1244780   48.26966  -46.50332    34.8491    34.8653     3.9598     3.9599    27.6704    27.6834    6.21001    6.38263         18 0.0000e+00
      24369   1015.346    452.000     3.9891   3.262211     3.9889   3.263549      73.56     0.0148     2.8159     2.5290  1.9490453  1.1243639   48.26966  -46.50330    34.8491    34.8653     3.9566     3.9563    27.6708    27.6837    6.21313    6.38318         51 0.0000e+00
      24416   1017.288    453.000     3.9894   3.262275     3.9887   3.263580      73.85     0.0141     2.8154     2.5275  1.9472288  1.1232599   48.26966  -46.50330    34.8491    34.8653     3.9568     3.9561    27.6708    27.6837    6.20922    6.38189         30 0.0000e+00
      24439   1018.270    454.000     3.9891   3.262308     3.9889   3.263655      65.71     0.0160     2.8154     2.5270  1.9474407  1.1237953   48.26964  -46.50332    34.8492    34.8654     3.9564     3.9562    27.6709    27.6838    6.21122    6.38659         21 0.0000e+00
      24460   1019.134    455.000     3.9896   3.262422     3.9893   3.263775      96.73     0.0180     2.8152     2.5272  1.9474975  1.1243150   48.26964  -46.50330    34.8496    34.8659     3.9568     3.9565    27.6712    27.6842    6.21084    6.38986         21 0.0000e+00
      24481   1020.001    456.000     3.9897   3.262532     3.9896   3.263874      64.75     0.0166     2.8146     2.5272  1.9474969  1.1242514   48.26966  -46.50330    34.8503    34.8663     3.9568     3.9567    27.6717    27.6845    6.20329    6.39095         21 0.0000e+00
      24503   1020.929    457.000     3.9899   3.262628     3.9898   3.263974      37.83     0.0153     2.8139     2.5272  1.9474969  1.1233083   48.26966  -46.50329    34.8507    34.8668     3.9570     3.9568    27.6720    27.6848    6.20462    6.39790         23 0.0000e+00
      24525   1021.821    458.000     3.9908   3.262770     3.9903   3.264089      96.94     0.0117     2.8136     2.5282  1.9474353  1.1233212   48.26966  -46.50328    34.8509    34.8671     3.9577     3.9573    27.6721    27.6850    6.20846    6.40448         20 0.0000e+00
      24543   1022.595    459.000     3.9920   3.262965     3.9916   3.264287      96.54     0.0140     2.8132     2.5283  1.9476304  1.1233212   48.26966  -46.50328    34.8514    34.8674     3.9589     3.9585    27.6724    27.6852    6.20169    6.39787         18 0.0000e+00
      24561   1023.319    460.000     3.9928   3.263128     3.9926   3.264463      70.54     0.0143     2.8126     2.5283  1.9474995  1.1233212   48.26966  -46.50328    34.8519    34.8680     3.9597     3.9594    27.6727    27.6855    6.20340    6.39384         17 0.0000e+00
      24579   1024.096    461.000     3.9925   3.263157     3.9923   3.264493      51.95     0.0145     2.8126     2.5280  1.9480405  1.1233212   48.26966  -46.50328    34.8520    34.8681     3.9593     3.9591    27.6728    27.6857    6.20651    6.39044         20 0.0000e+00
      24607   1025.268    462.000     3.9914   3.263084     3.9913   3.264433      93.03     0.0134     2.8120     2.5274  1.9490130  1.1233212   48.26966  -46.50328    34.8519    34.8680     3.9580     3.9579    27.6728    27.6857    6.20917    6.39111         40 0.0000e+00
      24650   1027.033    463.000     3.9912   3.263132     3.9911   3.264487      53.80     0.0151     2.8122     2.5268  1.9492353  1.1233212   48.26965  -46.50328    34.8521    34.8682     3.9578     3.9577    27.6730    27.6859    6.21003    6.38630         36 0.0000e+00
      24678   1028.223    464.000     3.9911   3.263186     3.9908   3.264514      43.41     0.0128     2.8117     2.5260  1.9484864  1.1238354   48.26964  -46.50328    34.8522    34.8683     3.9577     3.9573    27.6732    27.6860    6.20634    6.38919         26 0.0000e+00
      24703   1029.236    465.000     3.9911   3.263235     3.9909   3.264580      75.83     0.0136     2.8111     2.5259  1.9474345  1.1242115   48.26964  -46.50326    34.8523    34.8685     3.9576     3.9573    27.6732    27.6862    6.19951    6.39305         22 0.0000e+00
