data/CTD/2013/CNV/D021A032.CNV
* Sea-Bird SBE 9 Data File:
* FileName = C:\CTD_ACQUISITION\2013021HUD\ctddata\021A032.hdr
* Software Version Seasave V 7.22.2
* Temperature SN = 5081
* Conductivity SN = 3561
* Number of Bytes Per Scan = 37
* Number of Voltage Words = 4
* Number of Scans Averaged by the Deck Unit = 1
* NMEA Latitude = 48 09.81 N
* NMEA Longitude = 046 24.25 W
* NMEA UTC (Time) = Jul 03 2013 07:29:28
* NMEA baud rate = 9600
** Ship: Hudson
** Cruise: HUD2013021
** Chief_Scientist: Greenan
** Organization: BIO
** Area_of_Operation: Sackville Spur
** Station: 32
** Sounding:  1141
** Event_Comments: SS14  393149
# nquan = 25
# nvalues = 1126                        
# units = specified
# name 0 = scan: Scan Count
# name 1 = timeS: Time, Elapsed [seconds]
# name 2 = prDM: Pressure, Digiquartz [db]
# name 3 = t068C: Temperature [ITS-68, deg C]
# name 4 = c0S/m: Conductivity [S/m]
# name 5 = t168C: Temperature, 2 [ITS-68, deg C]
# name 6 = c1S/m: Conductivity, 2 [S/m]
# name 7 = altM: Altimeter [m]
# name 8 = flCUVA: Fluorescence, Chelsea UV Aquatracka [ug/l]
# name 9 = sbeox0V: Oxygen raw, SBE 43 [V]
# name 10 = sbeox1V: Oxygen raw, SBE 43, 2 [V]
# name 11 = upoly0: Upoly 0, Optode 4330F - O2 D-Phase
# name 12 = upoly1: Upoly 1, Optode 4330F - O2 Temp
# name 13 = latitude: Latitude [deg]
# name 14 = longitude: Longitude [deg]
# name 15 = sal00: Salinity, Practical [PSU]
# name 16 = sal11: Salinity, Practical, 2 [PSU]
# name 17 = potemp068C: Potential Temperature [ITS-68, deg C]
# name 18 = potemp168C: Potential Temperature, 2 [ITS-68, deg C]
# name 19 = sigma-é00: Density [sigma-theta, Kg/m^3]
# name 20 = sigma-é11: Density, 2 [sigma-theta, Kg/m^3]
# name 21 = sbeox0ML/L: Oxygen, SBE 43 [ml/l], WS = 2
# name 22 = sbeox1ML/L: Oxygen, SBE 43, 2 [ml/l], WS = 2
# name 23 = nbin: number of scans per bin
# name 24 = flag: flag
# span 0 =      13706,      41570       
# span 1 =    571.062,   1732.046       
# span 2 =      2.000,   1127.000       
# span 3 =     0.9609,     6.3192       
# span 4 =   2.874330,   3.296164       
# span 5 =     0.9660,     6.3184       
# span 6 =   2.876247,   3.297468       
# span 7 =     -14.88,      99.57       
# span 8 =     0.0086,     0.6981       
# span 9 =     2.5322,     3.4375       
# span 10 =     2.2776,     3.0438      
# span 11 =  1.7245810,  2.0235426      
# span 12 =  0.7946198,  1.4162405      
# span 13 =   48.16306,   48.16420      
# span 14 =  -46.40807,  -46.40534      
# span 15 =    33.0537,    34.9114      
# span 16 =    33.0700,    34.9278      
# span 17 =     0.9590,     6.3168      
# span 18 =     0.9642,     6.3163      
# span 19 =    25.9912,    27.7494      
# span 20 =    26.0031,    27.7626      
# span 21 =    5.92164,    8.14828      
# span 22 =    6.13638,    8.32304      
# span 23 =          9,         98      
# span 24 = 0.0000e+00, 0.0000e+00      
# interval = decibars: 1                
# start_time = Jul 03 2013 07:29:28 [NMEA time, header]
# bad_flag = -9.990e-29
*END*
[from data line 290]
      23121    963.323    292.000     3.8962   3.243738     3.8978   3.245235      79.54     0.0149     2.8500     2.5644  1.9572634  1.1086707   48.16414  -46.40576    34.8138    34.8300     3.8758     3.8773    27.6510    27.6638    6.19618    6.38079         20 0.0000e+00
      23138    964.051    293.000     3.8974   3.243917     3.8971   3.245242      95.65     0.0106     2.8502     2.5643  1.9562753  1.1088341   48.16414  -46.40576    34.8141    34.8302     3.8769     3.8766    27.6512    27.6641    6.20152    6.38424         15 0.0000e+00
      23153    964.680    294.000     3.9011   3.244361     3.9003   3.245641      95.38     0.0139     2.8499     2.5641  1.9560388  1.1090813   48.16414  -46.40577    34.8150    34.8310     3.8805     3.8797    27.6515    27.6644    6.20468    6.38919         15 0.0000e+00
      23168    965.281    295.000     3.9020   3.244501     3.9003   3.245679      95.52     0.0167     2.8510     2.5641  1.9560440  1.1089160   48.16414  -46.40578    34.8151    34.8309     3.8813     3.8797    27.6515    27.6643    6.20881    6.39595         15 0.0000e+00
      23182    965.895    296.000     3.8998   3.244310     3.8996   3.245636      95.47     0.0181     2.8509     2.5649  1.9560440  1.1093849   48.16415  -46.40577    34.8146    34.8307     3.8791     3.8788    27.6514    27.6642    6.20949    6.39919         15 0.0000e+00
      23198    966.558    297.000     3.8990   3.244256     3.8988   3.245610      95.66     0.0175     2.8515     2.5649  1.9560440  1.1100383   48.16416  -46.40577    34.8144    34.8306     3.8782     3.8780    27.6513    27.6642    6.20812    6.39668         16 0.0000e+00
      23216    967.290    298.000     3.8991   3.244312     3.8987   3.245639      95.54     0.0128     2.8513     2.5653  1.9560440  1.1100829   48.16414  -46.40580    34.8144    34.8305     3.8782     3.8778    27.6513    27.6642    6.20765    6.39957         19 0.0000e+00
      23236    968.111    299.000     3.8985   3.244315     3.8985   3.245664      95.39     0.0123     2.8516     2.5654  1.9550718  1.1102364   48.16416  -46.40580    34.8144    34.8305     3.8776     3.8776    27.6514    27.6642    6.21484    6.39754         21 0.0000e+00
      23260    969.124    300.000     3.8988   3.244387     3.8984   3.245694      95.54     0.0112     2.8524     2.5655  1.9548323  1.1103082   48.16414  -46.40578    34.8144    34.8305     3.8778     3.8774    27.6513    27.6642    6.21385    6.39698         29 0.0000e+00
      23294    970.533    301.000     3.8980   3.244359     3.8978   3.245696      51.44     0.0127     2.8518     2.5652  1.9525353  1.1105589   48.16414  -46.40580    34.8145    34.8305     3.8769     3.8767    27.6515    27.6643    6.20717    6.39409         35 0.0000e+00
      23322    971.726    302.000     3.8981   3.244434     3.8976   3.245751      97.23     0.0190     2.8521     2.5649  1.9527180  1.1104989   48.16413  -46.40580    34.8147    34.8309     3.8769     3.8765    27.6517    27.6646    6.21391    6.39857         22 0.0000e+00
      23341    972.508    303.000     3.8958   3.244246     3.8956   3.245587      96.06     0.0193     2.8522     2.5652  1.9536109  1.1109722   48.16412  -46.40580    34.8144    34.8305     3.8746     3.8744    27.6516    27.6645    6.21349    6.39979         17 0.0000e+00
      23357    973.148    304.000     3.8956   3.244281     3.8951   3.245606      93.22     0.0170     2.8521     2.5649  1.9536020  1.1108491   48.16412  -46.40582    34.8144    34.8307     3.8743     3.8738    27.6517    27.6647    6.21662    6.39763         14 0.0000e+00
      23370    973.726    305.000     3.8961   3.244386     3.8956   3.245698      81.79     0.0168     2.8523     2.5650  1.9536020  1.1109362   48.16412  -46.40582    34.8147    34.8308     3.8747     3.8742    27.6519    27.6648    6.21209    6.40058         14 0.0000e+00
      23384    974.293    306.000     3.8959   3.244424     3.8956   3.245764      95.94     0.0160     2.8517     2.5651  1.9536020  1.1111116   48.16412  -46.40582    34.8148    34.8310     3.8745     3.8742    27.6520    27.6649    6.20780    6.40118         13 0.0000e+00
      23398    974.895    307.000     3.8969   3.244604     3.8964   3.245903      95.64     0.0171     2.8516     2.5648  1.9536020  1.1110349   48.16412  -46.40582    34.8153    34.8313     3.8753     3.8749    27.6523    27.6651    6.21269    6.40205         16 0.0000e+00
      23416    975.636    308.000     3.8978   3.244807     3.8973   3.246110      95.73     0.0177     2.8518     2.5651  1.9533784  1.1108847   48.16412  -46.40582    34.8163    34.8323     3.8762     3.8757    27.6530    27.6658    6.22287    6.40549         21 0.0000e+00
      23445    976.846    309.000     3.8987   3.244956     3.8979   3.246229      96.12     0.0158     2.8523     2.5651  1.9527582  1.1106379   48.16412  -46.40582    34.8166    34.8325     3.8770     3.8763    27.6531    27.6659    6.21540    6.40197         36 0.0000e+00
      23478    978.197    310.000     3.8994   3.245108     3.8992   3.246452      95.57     0.0164     2.8518     2.5647  1.9514871  1.1110324   48.16412  -46.40584    34.8171    34.8332     3.8776     3.8775    27.6535    27.6663    6.21154    6.39161         26 0.0000e+00
      23500    979.135    311.000     3.9003   3.245257     3.9001   3.246600      96.06     0.0146     2.8506     2.5634  1.9511477  1.1111143   48.16412  -46.40584    34.8173    34.8335     3.8784     3.8783    27.6536    27.6665    6.19843    6.39094         20 0.0000e+00
      23518    979.887    312.000     3.9008   3.245358     3.9011   3.246763      95.59     0.0167     2.8499     2.5634  1.9511600  1.1111112   48.16411  -46.40584    34.8175    34.8339     3.8789     3.8792    27.6537    27.6667    6.19814    6.39760         17 0.0000e+00
      23535    980.575    313.000     3.9026   3.245608     3.9032   3.247045      96.52     0.0190     2.8486     2.5632  1.9511600  1.1111112   48.16410  -46.40585    34.8180    34.8344     3.8806     3.8812    27.6539    27.6669    6.19913    6.39483         16 0.0000e+00
      23551    981.267    314.000     3.9046   3.245869     3.9034   3.247097      57.19     0.0184     2.8484     2.5627  1.9511600  1.1111112   48.16410  -46.40586    34.8184    34.8344     3.8825     3.8813    27.6541    27.6669    6.20446    6.39728         18 0.0000e+00
      23570    982.035    315.000     3.9059   3.246055     3.9052   3.247343      87.69     0.0159     2.8481     2.5629  1.9503345  1.1111112   48.16410  -46.40588    34.8187    34.8348     3.8838     3.8831    27.6542    27.6670    6.21068    6.39871         20 0.0000e+00
      23593    982.994    316.000     3.9092   3.246446     3.9089   3.247772      95.87     0.0143     2.8489     2.5624  1.9499493  1.1111112   48.16410  -46.40588    34.8194    34.8354     3.8870     3.8867    27.6543    27.6671    6.21695    6.39485         26 0.0000e+00
      23620    984.136    317.000     3.9098   3.246570     3.9096   3.247887      96.14     0.0182     2.8490     2.5620  1.9505785  1.1119790   48.16410  -46.40586    34.8196    34.8356     3.8876     3.8873    27.6545    27.6672    6.21738    6.38855         27 0.0000e+00
      23645    985.185    318.000     3.9097   3.246596     3.9093   3.247913      96.25     0.0201     2.8493     2.5608  1.9509518  1.1123458   48.16408  -46.40586    34.8196    34.8356     3.8873     3.8870    27.6545    27.6672    6.21136    6.38905         22 0.0000e+00
      23665    986.012    319.000     3.9096   3.246640     3.9094   3.247978      96.52     0.0208     2.8486     2.5609  1.9501857  1.1123321   48.16408  -46.40588    34.8196    34.8357     3.8871     3.8870    27.6545    27.6674    6.20794    6.39840         19 0.0000e+00
      23682    986.705    320.000     3.9094   3.246672     3.9094   3.248015      95.99     0.0190     2.8485     2.5609  1.9499401  1.1123321   48.16408  -46.40589    34.8197    34.8357     3.8869     3.8869    27.6546    27.6673    6.21160    6.40219         15 0.0000e+00
      23697    987.332    321.000     3.9105   3.246844     3.9103   3.248183      95.73     0.0185     2.8487     2.5615  1.9499389  1.1123321   48.16408  -46.40590    34.8200    34.8362     3.8879     3.8877    27.6548    27.6676    6.21140    6.40788         15 0.0000e+00
      23712    987.944    322.000     3.9111   3.246968     3.9108   3.248292      96.69     0.0186     2.8481     2.5616  1.9506541  1.1123321   48.16408  -46.40590    34.8203    34.8364     3.8885     3.8881    27.6549    27.6678    6.20430    6.41279         15 0.0000e+00
      23727    988.584    323.000     3.9114   3.247058     3.9111   3.248374      96.52     0.0173     2.8470     2.5626  1.9511449  1.1123321   48.16408  -46.40590    34.8205    34.8365     3.8887     3.8895    27.6550    27.6678    6.20191    6.41384         16 0.0000e+00
      23745    989.321    324.000     3.9117   3.247136     3.9114   3.248461      96.38     0.0169     2.8469     2.5627  1.9511600  1.1123321   48.16408  -46.40592    34.8206    34.8366     3.8889     3.8887    27.6551    27.6679    6.20933    6.40469         19 0.0000e+00
      23766    990.216    325.000     3.9120   3.247211     3.9117   3.248534      96.16     0.0155     2.8470     2.5620  1.9499569  1.1124825   48.16408  -46.40592    34.8207    34.8367     3.8891     3.8888    27.6551    27.6679    6.21573    6.39203         24 0.0000e+00
      23791    991.267    326.000     3.9120   3.247261     3.9121   3.248616      96.66     0.0182     2.8472     2.5609  1.9496740  1.1123799   48.16406  -46.40592    34.8206    34.8366     3.8891     3.8892    27.6551    27.6679    6.21624    6.39459         27 0.0000e+00
      23821    992.487    327.000     3.9118   3.247273     3.9116   3.248598      96.13     0.0168     2.8471     2.5605  1.9498997  1.1135195   48.16406  -46.40592    34.8205    34.8365     3.8887     3.8885    27.6551    27.6678    6.21662    6.39489         30 0.0000e+00
      23849    993.675    328.000     3.9124   3.247395     3.9122   3.248715      96.62     0.0187     2.8478     2.5593  1.9496030  1.1135542   48.16405  -46.40593    34.8207    34.8367     3.8893     3.8891    27.6552    27.6680    6.22099    6.38192         26 0.0000e+00
      23872    994.619    329.000     3.9124   3.247446     3.9123   3.248788      96.41     0.0155     2.8476     2.5582  1.9487042  1.1135532   48.16404  -46.40594    34.8208    34.8369     3.8893     3.8891    27.6553    27.6681    6.21899    6.38917         20 0.0000e+00
      23891    995.419    330.000     3.9135   3.247628     3.9133   3.248965      95.84     0.0132     2.8477     2.5580  1.9487180  1.1135532   48.16404  -46.40594    34.8213    34.8374     3.8903     3.8901    27.6555    27.6684    6.22067    6.39385         18 0.0000e+00
      23909    996.148    331.000     3.9119   3.247595     3.9121   3.248952      96.72     0.0128     2.8481     2.5579  1.9489220  1.1135532   48.16404  -46.40596    34.8220    34.8381     3.8886     3.8887    27.6563    27.6690    6.22468    6.39591         18 0.0000e+00
      23926    996.857    332.000     3.9110   3.247569     3.9106   3.248884      96.63     0.0148     2.8479     2.5578  1.9489331  1.1135532   48.16404  -46.40596    34.8222    34.8382     3.8876     3.8872    27.6565    27.6693    6.22314    6.39988         17 0.0000e+00
      23943    997.592    333.000     3.9096   3.247475     3.9099   3.248856      96.77     0.0156     2.8481     2.5582  1.9491217  1.1135532   48.16404  -46.40596    34.8221    34.8382     3.8861     3.8864    27.6566    27.6694    6.23009    6.39892         18 0.0000e+00
      23962    998.396    334.000     3.9080   3.247380     3.9079   3.248711      96.25     0.0195     2.8489     2.5577  1.9499385  1.1135532   48.16404  -46.40596    34.8220    34.8380     3.8845     3.8843    27.6567    27.6695    6.23450    6.39891         20 0.0000e+00
      23984    999.300    335.000     3.9061   3.247240     3.9063   3.248603      96.61     0.0207     2.8492     2.5581  1.9499389  1.1135532   48.16404  -46.40598    34.8218    34.8378     3.8825     3.8827    27.6568    27.6695    6.22568    6.40740         23 0.0000e+00
      24008   1000.280    336.000     3.9024   3.246919     3.9028   3.248299      96.59     0.0188     2.8483     2.5586  1.9488603  1.1133476   48.16402  -46.40598    34.8215    34.8375     3.8787     3.8792    27.6569    27.6695    6.21724    6.41248         24 0.0000e+00
      24031   1001.235    337.000     3.9006   3.246802     3.9005   3.248137      95.69     0.0199     2.8475     2.5590  1.9487137  1.1134990   48.16402  -46.40598    34.8214    34.8374     3.8769     3.8768    27.6570    27.6698    6.21570    6.41166         21 0.0000e+00
      24050   1002.024    338.000     3.8987   3.246676     3.8989   3.248036      96.12     0.0192     2.8466     2.5593  1.9495318  1.1126671   48.16402  -46.40599    34.8214    34.8374     3.8749     3.8751    27.6572    27.6699    6.21748    6.41734         17 0.0000e+00
      24065   1002.682    339.000     3.8966   3.246562     3.8967   3.247929      96.88     0.0184     2.8469     2.5600  1.9499488  1.1123239   48.16401  -46.40600    34.8217    34.8379     3.8728     3.8728    27.6577    27.6706    6.22168    6.42293         15 0.0000e+00
      24080   1003.290    340.000     3.8961   3.246573     3.8960   3.247930      96.90     0.0179     2.8456     2.5605  1.9499389  1.1123321   48.16400  -46.40600    34.8218    34.8381     3.8722     3.8721    27.6578    27.6708    6.22652    6.42547         15 0.0000e+00
      24095   1003.934    341.000     3.8961   3.246610     3.8959   3.247964      96.15     0.0166     2.8468     2.5609  1.9492471  1.1122630   48.16400  -46.40600    34.8218    34.8381     3.8721     3.8719    27.6578    27.6708    6.23905    6.41863         17 0.0000e+00
      24123   1005.091    342.000     3.8956   3.246639     3.8954   3.247967      96.50     0.0163     2.8475     2.5604  1.9487861  1.1120937   48.16400  -46.40601    34.8221    34.8381     3.8715     3.8713    27.6581    27.6709    6.23578    6.41223         49 0.0000e+00
      24183   1007.568    343.000     3.8955   3.246707     3.8954   3.248046      96.26     0.0151     2.8473     2.5589  1.9484482  1.1111473   48.16400  -46.40602    34.8225    34.8385     3.8714     3.8712    27.6584    27.6712    6.22397    6.40780         42 0.0000e+00
      24205   1008.508    344.000     3.8957   3.246826     3.8955   3.248163      96.72     0.0158     2.8464     2.5593  1.9474739  1.1123565   48.16398  -46.40602    34.8232    34.8393     3.8714     3.8712    27.6590    27.6718    6.22443    6.42511         18 0.0000e+00
      24221   1009.161    345.000     3.8967   3.247026     3.8966   3.248375      96.33     0.0204     2.8464     2.5598  1.9474969  1.1123321   48.16398  -46.40604    34.8239    34.8401     3.8725     3.8723    27.6594    27.6723    6.22359    6.42546         14 0.0000e+00
      24234   1009.697    346.000     3.8983   3.247272     3.8981   3.248618      96.57     0.0214     2.8459     2.5602  1.9477040  1.1123321   48.16398  -46.40604    34.8246    34.8409     3.8739     3.8737    27.6598    27.6728    6.21704    6.42591         12 0.0000e+00
      24245   1010.180    347.000     3.9007   3.247620     3.9002   3.248940      96.88     0.0226     2.8451     2.5605  1.9498873  1.1123321   48.16398  -46.40604    34.8257    34.8419     3.8763     3.8757    27.6605    27.6735    6.22696    6.42276         11 0.0000e+00
      24257   1010.646    348.000     3.9023   3.247878     3.9021   3.249213      96.69     0.0205     2.8451     2.5605  1.9498372  1.1120268   48.16397  -46.40604    34.8265    34.8426     3.8778     3.8775    27.6609    27.6738    6.23270    6.41942         12 0.0000e+00
