data/CTD/2013/CNV/D021A009.CNV
* Sea-Bird SBE 9 Data File:
* FileName = C:\CTD_ACQUISITION\2013021HUD\ctddata\021A009.hdr
* Software Version Seasave V 7.22.2
* Temperature SN = 5081
* Conductivity SN = 3561
* Number of Bytes Per Scan = 37
* Number of Voltage Words = 4
* Number of Scans Averaged by the Deck Unit = 1
* NMEA Latitude = 47 00.01 N
* NMEA Longitude = 047 29.87 W
* NMEA UTC (Time) = Jul 01 2013 18:20:11
* NMEA baud rate = 9600
** Ship: Hudson
** Cruise: HUD2013021
** Chief_Scientist: Greenan
** Organization: BIO
** Area_of_Operation: Sackville Spur
** Station: 9
** Sounding:  220
** Event_Comments: FC14
# nquan = 25
# nvalues = 209                         
# units = specified
# name 0 = scan: Scan Count
# name 1 = timeS: Time, Elapsed [seconds]
# name 2 = prDM: Pressure, Digiquartz [db]
# name 3 = t068C: Temperature [ITS-68, deg C]
# name 4 = c0S/m: Conductivity [S/m]
# name 5 = t168C: Temperature, 2 [ITS-68, deg C]
# name 6 = c1S/m: Conductivity, 2 [S/m]
# name 7 = altM: Altimeter [m]
# name 8 = flCUVA: Fluorescence, Chelsea UV Aquatracka [ug/l]
# name 9 = sbeox0V: Oxygen raw, SBE 43 [V]
# name 10 = sbeox1V: Oxygen raw, SBE 43, 2 [V]
# name 11 = upoly0: Upoly 0, Optode 4330F - O2 D-Phase
# name 12 = upoly1: Upoly 1, Optode 4330F - O2 Temp
# name 13 = latitude: Latitude [deg]
# name 14 = longitude: Longitude [deg]
# name 15 = sal00: Salinity, Practical [PSU]
# name 16 = sal11: Salinity, Practical, 2 [PSU]
# name 17 = potemp068C: Potential Temperature [ITS-68, deg C]
# name 18 = potemp168C: Potential Temperature, 2 [ITS-68, deg C]
# name 19 = sigma-é00: Density [sigma-theta, Kg/m^3]
# name 20 = sigma-é11: Density, 2 [sigma-theta, Kg/m^3]
# name 21 = sbeox0ML/L: Oxygen, SBE 43 [ml/l], WS = 2
# name 22 = sbeox1ML/L: Oxygen, SBE 43, 2 [ml/l], WS = 2
# name 23 = nbin: number of scans per bin
# name 24 = flag: flag
# span 0 =       8963,      16198       
# span 1 =    373.426,    674.876       
# span 2 =      1.000,    209.000       
# span 3 =    -0.8232,     6.5557       
# span 4 =   2.689980,   3.246201       
# span 5 =    -0.8412,     6.5553       
# span 6 =   2.683411,   3.247253       
# span 7 =       2.79,      98.14       
# span 8 =     0.0157,     0.2378       
# span 9 =     2.5764,     3.4240       
# span 10 =     2.3021,     3.0052      
# span 11 =  1.7127090,  2.1499442      
# span 12 =  0.5287369,  1.4499660      
# span 13 =   47.00026,   47.00050      
# span 14 =  -47.49630,  -47.49566      
# span 15 =    32.3127,    33.8823      
# span 16 =    32.3346,    33.9547      
# span 17 =    -0.8252,     6.5553      
# span 18 =    -0.8431,     6.5551      
# span 19 =    25.3606,    27.1140      
# span 20 =    25.3779,    27.1639      
# span 21 =    5.76740,    8.29823      
# span 22 =    5.90021,    7.97814      
# span 23 =         16,         90      
# span 24 = 0.0000e+00, 0.0000e+00      
# interval = decibars: 1                
# start_time = Jul 01 2013 18:20:11 [NMEA time, header]
# bad_flag = -9.990e-29
*END*
[from data line 174]
      15259    635.756    175.000     1.2130   2.921921     1.3591   2.938937      40.07     0.0427     2.7900     2.3597  2.0731151  0.7776753   47.00034  -47.49574    33.7847    33.8440     1.2051     1.3510    27.0549    27.0927    6.21617    6.00272         20 0.0000e+00
      15282    636.713    176.000     1.2309   2.923889     1.3768   2.941056      39.06     0.0406     2.7743     2.3533  2.0767825  0.7792114   47.00034  -47.49574    33.7900    33.8513     1.2229     1.3685    27.0580    27.0973    6.18803    5.98601         27 0.0000e+00
      15314    638.054    177.000     1.2466   2.925679     1.3956   2.943249      37.85     0.0416     2.7555     2.3441  2.0831227  0.7826732   47.00034  -47.49574    33.7953    33.8583     1.2386     1.3873    27.0611    27.1017    6.15518    5.94324         36 0.0000e+00
      15346    639.382    178.000     1.2495   2.926153     1.4255   2.946709      36.91     0.0419     2.7385     2.3340  2.0863700  0.7844355   47.00034  -47.49574    33.7977    33.8695     1.2413     1.4170    27.0629    27.1086    6.13262    5.90921         25 0.0000e+00
      15367    640.255    179.000     1.2597   2.927265     1.4333   2.947670      36.21     0.0438     2.7300     2.3287  2.0917294  0.7883357   47.00034  -47.49574    33.8003    33.8727     1.2515     1.4248    27.0643    27.1106    6.12397    5.91198         18 0.0000e+00
      15384    640.952    180.000     1.2739   2.928820     1.4379   2.948239      35.54     0.0440     2.7227     2.3250  2.0915751  0.7880770   47.00034  -47.49574    33.8042    33.8744     1.2656     1.4293    27.0665    27.1117    6.10041    5.90894         16 0.0000e+00
      15400    641.641    181.000     1.2927   2.930907     1.4395   2.948462      34.53     0.0439     2.7156     2.3215  2.0935950  0.7899063   47.00034  -47.49573    33.8099    33.8749     1.2844     1.4309    27.0698    27.1120    6.08662    5.90757         18 0.0000e+00
      15420    642.467    182.000     1.3183   2.933814     1.4449   2.949121      33.50     0.0473     2.7086     2.3185  2.0963490  0.7926901   47.00034  -47.49572    33.8188    33.8769     1.3099     1.4362    27.0752    27.1132    6.05834    5.90927         23 0.0000e+00
      15449    643.653    183.000     1.3369   2.936120     1.4539   2.950164      32.19     0.0438     2.6967     2.3153  2.1009212  0.7948846   47.00034  -47.49572    33.8275    33.8798     1.3283     1.4452    27.0810    27.1149    6.00955    5.92403         33 0.0000e+00
      15481    644.999    184.000     1.3320   2.935745     1.4670   2.951656      30.74     0.0443     2.6833     2.3138  2.1063478  0.7974323   47.00034  -47.49572    33.8274    33.8841     1.3235     1.4582    27.0812    27.1174    5.97403    5.92522         29 0.0000e+00
      15506    646.026    185.000     1.3437   2.937154     1.4690   2.951936      30.05     0.0441     2.6721     2.3125  2.1114697  0.7976483   47.00034  -47.49572    33.8321    33.8849     1.3351     1.4602    27.0842    27.1180    5.92825    5.92073         22 0.0000e+00
      15526    646.894    186.000     1.3646   2.939525     1.4707   2.952156      29.15     0.0436     2.6630     2.3115  2.1123915  0.7980458   47.00034  -47.49572    33.8392    33.8853     1.3559     1.4618    27.0885    27.1182    5.90465    5.92284         20 0.0000e+00
      15547    647.755    187.000     1.3826   2.941602     1.4733   2.952492      27.88     0.0461     2.6537     2.3110  2.1164205  0.7992889   47.00034  -47.49572    33.8456    33.8862     1.3738     1.4644    27.0924    27.1187    5.86950    5.92698         22 0.0000e+00
      15570    648.705    188.000     1.3961   2.943184     1.4783   2.953097      26.88     0.0499     2.6442     2.3107  2.1195786  0.8002902   47.00035  -47.49572    33.8506    33.8878     1.3873     1.4693    27.0955    27.1197    5.85071    5.92784         24 0.0000e+00
      15594    649.729    189.000     1.4070   2.944460     1.4856   2.953958      26.05     0.0468     2.6340     2.3102  2.1227667  0.8014413   47.00036  -47.49572    33.8545    33.8903     1.3981     1.4765    27.0979    27.1212    5.83442    5.92507         25 0.0000e+00
      15620    650.787    190.000     1.4153   2.945418     1.4888   2.954365      25.17     0.0420     2.6263     2.3099  2.1256001  0.8026839   47.00036  -47.49571    33.8572    33.8915     1.4063     1.4797    27.0995    27.1219    5.83601    5.92125         26 0.0000e+00
      15648    651.965    191.000     1.4252   2.946535     1.4907   2.954622      24.15     0.0452     2.6187     2.3087  2.1282940  0.8032894   47.00036  -47.49570    33.8601    33.8922     1.4161     1.4815    27.1012    27.1223    5.82333    5.91125         30 0.0000e+00
      15678    653.196    192.000     1.4333   2.947478     1.4912   2.954726      23.31     0.0468     2.6115     2.3077  2.1294997  0.8035145   47.00036  -47.49570    33.8628    33.8923     1.4242     1.4820    27.1027    27.1224    5.80601    5.91158         27 0.0000e+00
      15702    654.203    193.000     1.4419   2.948446     1.4914   2.954789      22.33     0.0466     2.6060     2.3064  2.1317365  0.8046575   47.00036  -47.49570    33.8652    33.8924     1.4327     1.4821    27.1041    27.1224    5.79977    5.90905         22 0.0000e+00
      15722    655.024    194.000     1.4489   2.949211     1.4917   2.954880      21.51     0.0450     2.6027     2.3063  2.1316645  0.8046398   47.00036  -47.49570    33.8668    33.8927     1.4397     1.4823    27.1049    27.1226    5.80426    5.91550         18 0.0000e+00
      15740    655.803    195.000     1.4550   2.949873     1.4921   2.954965      20.73     0.0435     2.5998     2.3058  2.1354246  0.8053637   47.00036  -47.49570    33.8680    33.8927     1.4457     1.4827    27.1054    27.1227    5.80559    5.91082         20 0.0000e+00
      15763    656.734    196.000     1.4612   2.950588     1.4925   2.955051      19.69     0.0472     2.5978     2.3052  2.1380570  0.8058419   47.00036  -47.49570    33.8699    33.8928     1.4518     1.4831    27.1065    27.1227    5.81602    5.91510         26 0.0000e+00
      15793    657.983    197.000     1.4653   2.951116     1.4933   2.955191      18.36     0.0449     2.5959     2.3052  2.1387737  0.8069065   47.00036  -47.49570    33.8717    33.8931     1.4558     1.4838    27.1077    27.1229    5.81320    5.91897         31 0.0000e+00
      15819    659.095    198.000     1.4676   2.951427     1.4944   2.955387      17.67     0.0446     2.5941     2.3054  2.1392069  0.8074874   47.00036  -47.49570    33.8725    33.8939     1.4582     1.4848    27.1081    27.1235    5.80489    5.92583         22 0.0000e+00
      15839    659.928    199.000     1.4724   2.951963     1.4952   2.955557      16.81     0.0443     2.5924     2.3058  2.1411486  0.8074673   47.00036  -47.49570    33.8736    33.8946     1.4628     1.4856    27.1087    27.1240    5.79541    5.92986         19 0.0000e+00
      15859    660.733    200.000     1.4775   2.952538     1.4952   2.955606      15.88     0.0457     2.5908     2.3062  2.1416259  0.8075454   47.00037  -47.49570    33.8747    33.8946     1.4680     1.4856    27.1093    27.1240    5.79114    5.92937         21 0.0000e+00
      15884    661.778    201.000     1.4810   2.952920     1.4950   2.955628      14.68     0.0479     2.5891     2.3062  2.1427732  0.8077534   47.00038  -47.49570    33.8753    33.8945     1.4713     1.4854    27.1095    27.1239    5.80095    5.92301         32 0.0000e+00
      15923    663.431    202.000     1.4807   2.952965     1.4946   2.955637      13.27     0.0442     2.5880     2.3057  2.1445894  0.8082017   47.00038  -47.49569    33.8756    33.8945     1.4710     1.4849    27.1098    27.1239    5.79723    5.91690         40 0.0000e+00
      15954    664.688    203.000     1.4811   2.953062     1.4947   2.955709      12.63     0.0435     2.5866     2.3045  2.1465528  0.8083048   47.00038  -47.49568    33.8758    33.8947     1.4714     1.4850    27.1099    27.1241    5.78939    5.91452         23 0.0000e+00
      15973    665.520    204.000     1.4848   2.953464     1.4954   2.955844      12.05     0.0419     2.5847     2.3049  2.1466556  0.8083028   47.00038  -47.49568    33.8763    33.8952     1.4750     1.4856    27.1101    27.1244    5.78374    5.93819         18 0.0000e+00
      15992    666.282    205.000     1.4883   2.953850     1.4971   2.956097      11.25     0.0437     2.5845     2.3060  2.1474733  0.8083028   47.00038  -47.49568    33.8770    33.8960     1.4784     1.4872    27.1103    27.1250    5.78672    5.94026         19 0.0000e+00
      16012    667.119    206.000     1.4900   2.954091     1.5006   2.956583      10.07     0.0421     2.5828     2.3063  2.1473567  0.8083028   47.00038  -47.49568    33.8776    33.8978     1.4801     1.4907    27.1107    27.1262    5.78167    5.92815         22 0.0000e+00
      16046    668.544    207.000     1.4893   2.954106     1.5045   2.957113       8.77     0.0404     2.5816     2.3054  2.1487563  0.8086561   47.00038  -47.49568    33.8779    33.8997     1.4794     1.4946    27.1110    27.1274    5.78150    5.91144         49 0.0000e+00
      16099    670.742    208.000     1.4886   2.954104     1.5099   2.957811       7.72     0.0413     2.5799     2.3021  2.1477153  0.8095377   47.00039  -47.49568    33.8782    33.9022     1.4786     1.4999    27.1113    27.1290    5.77930    5.90021         48 0.0000e+00
      16198    674.876    209.000     1.4981   2.955288     1.6130   2.970808       6.70     0.0424     2.5764     2.3026  2.1499443  0.8121817   47.00041  -47.49566    33.8823    33.9547     1.4880     1.6029    27.1140    27.1639    5.76740    5.90873         74 0.0000e+00
