data/CTD/2013/CNV/D021A035.CNV
* Sea-Bird SBE 9 Data File:
* FileName = C:\CTD_ACQUISITION\2013021HUD\ctddata\021A035.hdr
* Software Version Seasave V 7.22.2
* Temperature SN = 5081
* Conductivity SN = 3561
* Number of Bytes Per Scan = 37
* Number of Voltage Words = 4
* Number of Scans Averaged by the Deck Unit = 1
* NMEA Latitude = 48 16.30 N
* NMEA Longitude = 046 30.22 W
* NMEA UTC (Time) = Jul 03 2013 15:36:29
* NMEA baud rate = 9600
** Ship: Hudson
** Cruise: HUD2013021
** Chief_Scientist: Greenan
** Organization: BIO
** Area_of_Operation: Sackville Spur
** Station: 35
** Sounding:  860
** Event_Comments: SS12  393163
# nquan = 25
# nvalues = 864                         
# units = specified
# name 0 = scan: Scan Count
# name 1 = timeS: Time, Elapsed [seconds]
# name 2 = prDM: Pressure, Digiquartz [db]
# name 3 = t068C: Temperature [ITS-68, deg C]
# name 4 = c0S/m: Conductivity [S/m]
# name 5 = t168C: Temperature, 2 [ITS-68, deg C]
# name 6 = c1S/m: Conductivity, 2 [S/m]
# name 7 = altM: Altimeter [m]
# name 8 = flCUVA: Fluorescence, Chelsea UV Aquatracka [ug/l]
# name 9 = sbeox0V: Oxygen raw, SBE 43 [V]
# name 10 = sbeox1V: Oxygen raw, SBE 43, 2 [V]
# name 11 = upoly0: Upoly 0, Optode 4330F - O2 D-Phase
# name 12 = upoly1: Upoly 1, Optode 4330F - O2 Temp
# name 13 = latitude: Latitude [deg]
# name 14 = longitude: Longitude [deg]
# name 15 = sal00: Salinity, Practical [PSU]
# name 16 = sal11: Salinity, Practical, 2 [PSU]
# name 17 = potemp068C: Potential Temperature [ITS-68, deg C]
# name 18 = potemp168C: Potential Temperature, 2 [ITS-68, deg C]
# name 19 = sigma-é00: Density [sigma-theta, Kg/m^3]
# name 20 = sigma-é11: Density, 2 [sigma-theta, Kg/m^3]
# name 21 = sbeox0ML/L: Oxygen, SBE 43 [ml/l], WS = 2
# name 22 = sbeox1ML/L: Oxygen, SBE 43, 2 [ml/l], WS = 2
# name 23 = nbin: number of scans per bin
# name 24 = flag: flag
# span 0 =      11067,      34603       
# span 1 =    461.069,   1441.759       
# span 2 =      3.000,    866.000       
# span 3 =    -0.1289,     5.8227       
# span 4 =   2.768265,   3.279425       
# span 5 =    -0.1290,     5.8203       
# span 6 =   2.769400,   3.280769       
# span 7 =       4.23,      99.43       
# span 8 =     0.0096,     0.0895       
# span 9 =     2.6166,     3.3655       
# span 10 =     2.3507,     3.0152      
# span 11 =  1.7274394,  2.0073443      
# span 12 =  0.6326419,  1.3536277      
# span 13 =   48.26882,   48.27082      
# span 14 =  -46.50344,  -46.50260      
# span 15 =    32.6319,    34.9102      
# span 16 =    32.6474,    34.9266      
# span 17 =    -0.1304,     5.8222      
# span 18 =    -0.1304,     5.8198      
# span 19 =    25.7042,    27.7454      
# span 20 =    25.7159,    27.7585      
# span 21 =    5.97923,    7.69938      
# span 22 =    6.17160,    7.80798      
# span 23 =         13,        107      
# span 24 = 0.0000e+00, 0.0000e+00      
# interval = decibars: 1                
# start_time = Jul 03 2013 15:36:29 [NMEA time, header]
# bad_flag = -9.990e-29
*END*
[from data line 348]
      21934    913.862    351.000     3.7548   3.230364     3.7547   3.231707      96.23     0.0153     2.8487     2.5589  1.9462754  1.0909107   48.26996  -46.50344    34.7728    34.7889     3.7305     3.7304    27.6332    27.6461    6.25436    6.44791         22 0.0000e+00
      21955    914.771    352.000     3.7556   3.230507     3.7555   3.231841      95.86     0.0163     2.8479     2.5593  1.9452217  1.0915749   48.26995  -46.50344    34.7730    34.7891     3.7313     3.7311    27.6333    27.6461    6.26206    6.44738         22 0.0000e+00
      21977    915.675    353.000     3.7558   3.230564     3.7555   3.231885      48.92     0.0158     2.8480     2.5589  1.9452761  1.0915751   48.26994  -46.50344    34.7730    34.7891     3.7313     3.7311    27.6333    27.6461    6.26894    6.43981         22 0.0000e+00
      22004    916.786    354.000     3.7573   3.230781     3.7574   3.232149      66.89     0.0206     2.8477     2.5583  1.9461361  1.0925751   48.26994  -46.50344    34.7734    34.7897     3.7328     3.7329    27.6335    27.6464    6.26047    6.43852         35 0.0000e+00
      22050    918.728    355.000     3.7589   3.231014     3.7588   3.232355      98.92     0.0191     2.8460     2.5574  1.9480335  1.0928117   48.26994  -46.50344    34.7740    34.7901     3.7343     3.7342    27.6338    27.6466    6.25432    6.43816         45 0.0000e+00
      22080    919.962    356.000     3.7617   3.231393     3.7616   3.232743      95.90     0.0174     2.8457     2.5570  1.9486265  1.0928562   48.26994  -46.50344    34.7750    34.7912     3.7370     3.7369    27.6344    27.6472    6.25921    6.43569         21 0.0000e+00
      22097    920.685    357.000     3.7626   3.231547     3.7626   3.232903      41.66     0.0179     2.8457     2.5564  1.9474702  1.0931282   48.26993  -46.50344    34.7754    34.7915     3.7378     3.7378    27.6345    27.6474    6.26381    6.43736         15 0.0000e+00
      22112    921.291    358.000     3.7640   3.231765     3.7638   3.233100      80.55     0.0123     2.8452     2.5567  1.9474969  1.0928754   48.26992  -46.50344    34.7759    34.7920     3.7392     3.7390    27.6348    27.6477    6.26758    6.44581         14 0.0000e+00
      22126    921.878    359.000     3.7662   3.232052     3.7660   3.233378      96.04     0.0120     2.8461     2.5567  1.9474969  1.0928775   48.26992  -46.50343    34.7764    34.7926     3.7413     3.7410    27.6350    27.6479    6.27525    6.44637         15 0.0000e+00
      22142    922.544    360.000     3.7728   3.232826     3.7724   3.234145      32.56     0.0151     2.8466     2.5569  1.9496077  1.0938538   48.26992  -46.50342    34.7782    34.7943     3.7478     3.7474    27.6358    27.6487    6.27236    6.44113         18 0.0000e+00
      22179    924.084    361.000     3.7780   3.233421     3.7794   3.234932      75.72     0.0140     2.8469     2.5563  1.9494343  1.0941279   48.26992  -46.50342    34.7792    34.7957     3.7529     3.7543    27.6361    27.6491    6.26634    6.43879         59 0.0000e+00
      22227    926.104    362.000     3.7778   3.233461     3.7811   3.235176      93.21     0.0171     2.8466     2.5566  1.9485140  1.0945939   48.26991  -46.50342    34.7794    34.7963     3.7526     3.7559    27.6362    27.6494    6.26161    6.44734         27 0.0000e+00
      22247    926.932    363.000     3.7837   3.234177     3.7833   3.235472      41.96     0.0188     2.8460     2.5566  1.9473847  1.0954051   48.26990  -46.50343    34.7811    34.7970     3.7585     3.7580    27.6370    27.6497    6.25809    6.45273         18 0.0000e+00
      22264    927.627    364.000     3.7897   3.234899     3.7887   3.236141      96.19     0.0167     2.8456     2.5578  1.9473530  1.0954537   48.26990  -46.50344    34.7828    34.7986     3.7643     3.7634    27.6378    27.6505    6.26201    6.46097         17 0.0000e+00
      22280    928.298    365.000     3.8044   3.236621     3.8025   3.237778      96.00     0.0139     2.8457     2.5584  1.9474192  1.0959899   48.26990  -46.50342    34.7872    34.8030     3.7789     3.7771    27.6398    27.6525    6.26224    6.45200         16 0.0000e+00
      22298    929.055    366.000     3.8203   3.238414     3.8197   3.239686      91.18     0.0158     2.8461     2.5582  1.9474941  1.0964423   48.26990  -46.50342    34.7911    34.8070     3.7947     3.7941    27.6413    27.6540    6.26433    6.43763         21 0.0000e+00
      22328    930.294    367.000     3.8266   3.239125     3.8259   3.240384      73.27     0.0169     2.8452     2.5571  1.9468280  1.0974188   48.26990  -46.50342    34.7925    34.8082     3.8009     3.8002    27.6417    27.6543    6.24385    6.42820         40 0.0000e+00
      22366    931.855    368.000     3.8326   3.239809     3.8321   3.241098      97.39     0.0189     2.8432     2.5556  1.9463376  1.0985242   48.26988  -46.50342    34.7937    34.8096     3.8068     3.8063    27.6421    27.6549    6.23738    6.42340         28 0.0000e+00
      22388    932.783    369.000     3.8377   3.240410     3.8369   3.241670      41.67     0.0134     2.8417     2.5549  1.9475106  1.1001421   48.26988  -46.50342    34.7948    34.8107     3.8119     3.8111    27.6425    27.6552    6.22993    6.42016         20 0.0000e+00
      22406    933.537    370.000     3.8450   3.241243     3.8447   3.242572      66.99     0.0134     2.8406     2.5538  1.9474969  1.1001221   48.26988  -46.50342    34.7965    34.8126     3.8191     3.8188    27.6431    27.6560    6.23500    6.41983         17 0.0000e+00
      22423    934.248    371.000     3.8712   3.244113     3.8699   3.245311      95.97     0.0145     2.8406     2.5537  1.9468524  1.1006950   48.26988  -46.50342    34.8023    34.8180     3.8451     3.8438    27.6451    27.6577    6.24246    6.42553         17 0.0000e+00
      22441    934.999    372.000     3.8949   3.246638     3.8940   3.247890      95.98     0.0148     2.8408     2.5539  1.9463406  1.1013427   48.26988  -46.50342    34.8068    34.8226     3.8686     3.8677    27.6462    27.6589    6.23686    6.42084         19 0.0000e+00
      22463    935.921    373.000     3.8996   3.247192     3.8994   3.248507      55.59     0.0206     2.8406     2.5534  1.9463232  1.1021276   48.26988  -46.50342    34.8078    34.8236     3.8733     3.8739    27.6465    27.6592    6.22628    6.41089         26 0.0000e+00
      22493    937.154    374.000     3.9078   3.248086     3.9068   3.249319      95.55     0.0218     2.8390     2.5522  1.9464229  1.1049770   48.26986  -46.50342    34.8092    34.8249     3.8814     3.8804    27.6468    27.6594    6.22138    6.40447         33 0.0000e+00
      22526    938.532    375.000     3.9112   3.248465     3.9110   3.249798      95.91     0.0195     2.8380     2.5514  1.9462748  1.1075830   48.26986  -46.50342    34.8095    34.8257     3.8847     3.8845    27.6467    27.6596    6.21858    6.40904         32 0.0000e+00
      22557    939.833    376.000     3.9115   3.248540     3.9118   3.249930      57.55     0.0192     2.8368     2.5509  1.9462759  1.1088355   48.26986  -46.50342    34.8096    34.8258     3.8849     3.8852    27.6468    27.6597    6.21903    6.41021         29 0.0000e+00
      22584    940.940    377.000     3.9187   3.249359     3.9205   3.250896      96.76     0.0159     2.8364     2.5507  1.9462759  1.1099126   48.26985  -46.50341    34.8111    34.8275     3.8920     3.8938    27.6473    27.6601    6.22128    6.40561         25 0.0000e+00
      22606    941.873    378.000     3.9263   3.250224     3.9260   3.251545      96.03     0.0153     2.8361     2.5500  1.9463382  1.1098901   48.26984  -46.50341    34.8129    34.8289     3.8995     3.8992    27.6479    27.6607    6.21936    6.39853         20 0.0000e+00
      22625    942.670    379.000     3.9316   3.250833     3.9319   3.252228      44.31     0.0146     2.8358     2.5493  1.9467636  1.1104497   48.26984  -46.50342    34.8140    34.8302     3.9047     3.9050    27.6482    27.6611    6.21973    6.39640         18 0.0000e+00
      22642    943.390    380.000     3.9320   3.250934     3.9320   3.252291      85.93     0.0160     2.8358     2.5486  1.9467793  1.1103921   48.26984  -46.50342    34.8142    34.8303     3.9051     3.9051    27.6483    27.6612    6.21932    6.39802         17 0.0000e+00
      22660    944.112    381.000     3.9326   3.251028     3.9321   3.252333      89.91     0.0172     2.8354     2.5485  1.9476739  1.1112249   48.26984  -46.50342    34.8142    34.8301     3.9055     3.9051    27.6483    27.6610    6.22100    6.39966         19 0.0000e+00
      22681    944.988    382.000     3.9356   3.251393     3.9348   3.252650      58.55     0.0154     2.8356     2.5479  1.9488411  1.1122676   48.26984  -46.50341    34.8148    34.8306     3.9085     3.9077    27.6485    27.6611    6.22337    6.40220         25 0.0000e+00
      22719    946.586    383.000     3.9375   3.251622     3.9369   3.252911      96.78     0.0150     2.8345     2.5479  1.9462988  1.1131634   48.26983  -46.50340    34.8150    34.8309     3.9103     3.9097    27.6484    27.6611    6.21096    6.40351         46 0.0000e+00
      22755    948.103    384.000     3.9437   3.252354     3.9427   3.253611      55.25     0.0160     2.8330     2.5472  1.9458002  1.1136173   48.26982  -46.50340    34.8165    34.8325     3.9164     3.9154    27.6490    27.6618    6.20219    6.39149         27 0.0000e+00
      22778    949.043    385.000     3.9506   3.253172     3.9513   3.254609      96.93     0.0112     2.8320     2.5464  1.9475344  1.1137394   48.26982  -46.50340    34.8184    34.8347     3.9232     3.9239    27.6499    27.6627    6.20927    6.38887         20 0.0000e+00
      22797    949.836    386.000     3.9553   3.253738     3.9550   3.255080      95.92     0.0149     2.8323     2.5456  1.9474969  1.1136171   48.26982  -46.50340    34.8196    34.8358     3.9278     3.9276    27.6503    27.6632    6.20894    6.38818         19 0.0000e+00
      22816    950.613    387.000     3.9608   3.254400     3.9603   3.255708      95.49     0.0193     2.8315     2.5453  1.9463574  1.1147569   48.26981  -46.50340    34.8211    34.8372     3.9333     3.9327    27.6509    27.6638    6.20085    6.39098         19 0.0000e+00
      22836    951.458    388.000     3.9621   3.254594     3.9619   3.255926      96.05     0.0176     2.8309     2.5449  1.9462759  1.1147741   48.26980  -46.50340    34.8215    34.8375     3.9345     3.9343    27.6512    27.6639    6.20524    6.38998         21 0.0000e+00
      22859    952.411    389.000     3.9628   3.254714     3.9629   3.256085      64.73     0.0151     2.8304     2.5446  1.9464215  1.1167638   48.26980  -46.50340    34.8216    34.8378     3.9351     3.9352    27.6512    27.6640    6.20263    6.39056         25 0.0000e+00
      22885    953.484    390.000     3.9642   3.254909     3.9640   3.256242      83.60     0.0177     2.8297     2.5442  1.9466791  1.1177442   48.26980  -46.50340    34.8219    34.8380     3.9364     3.9362    27.6512    27.6641    6.20588    6.39023         27 0.0000e+00
      22912    954.642    391.000     3.9655   3.255082     3.9650   3.256387      96.02     0.0173     2.8301     2.5435  1.9467989  1.1177394   48.26980  -46.50340    34.8221    34.8381     3.9376     3.9371    27.6513    27.6641    6.21000    6.38562         28 0.0000e+00
      22943    955.902    392.000     3.9661   3.255205     3.9660   3.256537      62.19     0.0164     2.8298     2.5430  1.9467208  1.1180634   48.26980  -46.50340    34.8224    34.8383     3.9382     3.9380    27.6514    27.6641    6.20815    6.38717         33 0.0000e+00
      22976    957.310    393.000     3.9673   3.255370     3.9673   3.256722      69.73     0.0169     2.8294     2.5423  1.9469450  1.1184423   48.26979  -46.50340    34.8226    34.8386     3.9392     3.9392    27.6515    27.6643    6.20351    6.38131         33 0.0000e+00
      23006    958.549    394.000     3.9684   3.255542     3.9682   3.256887      86.06     0.0161     2.8287     2.5412  1.9465032  1.1184372   48.26978  -46.50340    34.8229    34.8390     3.9403     3.9401    27.6516    27.6645    6.21101    6.37315         25 0.0000e+00
      23028    959.449    395.000     3.9694   3.255726     3.9692   3.257062      96.58     0.0164     2.8293     2.5399  1.9463338  1.1184372   48.26978  -46.50340    34.8235    34.8395     3.9412     3.9410    27.6520    27.6648    6.21155    6.37441         19 0.0000e+00
      23045    960.169    396.000     3.9700   3.255837     3.9699   3.257186      93.16     0.0182     2.8294     2.5397  1.9465889  1.1186734   48.26978  -46.50340    34.8236    34.8397     3.9417     3.9416    27.6521    27.6649    6.20435    6.39242         16 0.0000e+00
      23060    960.811    397.000     3.9713   3.256045     3.9712   3.257406      28.33     0.0211     2.8286     2.5407  1.9464289  1.1191231   48.26978  -46.50340    34.8241    34.8404     3.9430     3.9429    27.6523    27.6653    6.20046    6.40157         16 0.0000e+00
      23076    961.453    398.000     3.9732   3.256305     3.9731   3.257659      94.89     0.0235     2.8283     2.5416  1.9467615  1.1194922   48.26978  -46.50340    34.8247    34.8409     3.9448     3.9447    27.6526    27.6655    6.20673    6.39871         15 0.0000e+00
      23093    962.163    399.000     3.9744   3.256479     3.9743   3.257841      96.19     0.0203     2.8281     2.5413  1.9468539  1.1195294   48.26976  -46.50340    34.8250    34.8412     3.9459     3.9458    27.6527    27.6657    6.20925    6.39685         19 0.0000e+00
      23118    963.194    400.000     3.9763   3.256748     3.9758   3.258053      72.88     0.0171     2.8285     2.5419  1.9466919  1.1196514   48.26976  -46.50340    34.8256    34.8417     3.9477     3.9472    27.6530    27.6658    6.21553    6.39590         33 0.0000e+00
      23157    964.819    401.000     3.9769   3.256846     3.9767   3.258194      74.03     0.0154     2.8285     2.5417  1.9473902  1.1197793   48.26976  -46.50340    34.8257    34.8418     3.9482     3.9481    27.6530    27.6659    6.20831    6.39074         41 0.0000e+00
      23196    966.463    402.000     3.9769   3.256910     3.9766   3.258246      64.35     0.0146     2.8283     2.5412  1.9475003  1.1204695   48.26976  -46.50338    34.8258    34.8420     3.9482     3.9479    27.6531    27.6660    6.20733    6.38308         37 0.0000e+00
      23226    967.693    403.000     3.9757   3.256894     3.9757   3.258253      96.93     0.0185     2.8276     2.5396  1.9474969  1.1208881   48.26975  -46.50338    34.8264    34.8425     3.9469     3.9469    27.6537    27.6665    6.20334    6.37672         23 0.0000e+00
      23245    968.490    404.000     3.9743   3.256846     3.9743   3.258192      96.11     0.0193     2.8271     2.5394  1.9486563  1.1208792   48.26974  -46.50338    34.8267    34.8428     3.9455     3.9454    27.6541    27.6669    6.19176    6.39621         16 0.0000e+00
      23260    969.124    405.000     3.9739   3.256917     3.9736   3.258236      95.95     0.0172     2.8253     2.5400  1.9487991  1.1208792   48.26974  -46.50338    34.8275    34.8435     3.9449     3.9446    27.6549    27.6676    6.20165    6.40713         15 0.0000e+00
      23274    969.704    406.000     3.9754   3.257277     3.9752   3.258612      28.32     0.0149     2.8268     2.5410  1.9489982  1.1208792   48.26974  -46.50338    34.8296    34.8458     3.9464     3.9461    27.6564    27.6692    6.22489    6.40895         13 0.0000e+00
      23288    970.290    407.000     3.9743   3.257303     3.9750   3.258733      77.38     0.0153     2.8272     2.5415  1.9480698  1.1208792   48.26974  -46.50338    34.8306    34.8469     3.9452     3.9458    27.6572    27.6701    6.22931    6.40460         15 0.0000e+00
