data/CTD/2013/CNV/D021A036.CNV
* Sea-Bird SBE 9 Data File:
* FileName = C:\CTD_ACQUISITION\2013021HUD\ctddata\021A036.hdr
* Software Version Seasave V 7.22.2
* Temperature SN = 5081
* Conductivity SN = 3561
* Number of Bytes Per Scan = 37
* Number of Voltage Words = 4
* Number of Scans Averaged by the Deck Unit = 1
* NMEA Latitude = 48 18.49 N
* NMEA Longitude = 046 32.56 W
* NMEA UTC (Time) = Jul 03 2013 17:07:39
* NMEA baud rate = 9600
** Ship: Hudson
** Cruise: HUD2013021
** Chief_Scientist: Greenan
** Organization: BIO
** Area_of_Operation: Sackville Spur
** Station: 36
** Sounding:  1047
** Event_Comments: SS11  393172
# nquan = 25
# nvalues = 1046                        
# units = specified
# name 0 = scan: Scan Count
# name 1 = timeS: Time, Elapsed [seconds]
# name 2 = prDM: Pressure, Digiquartz [db]
# name 3 = t068C: Temperature [ITS-68, deg C]
# name 4 = c0S/m: Conductivity [S/m]
# name 5 = t168C: Temperature, 2 [ITS-68, deg C]
# name 6 = c1S/m: Conductivity, 2 [S/m]
# name 7 = altM: Altimeter [m]
# name 8 = flCUVA: Fluorescence, Chelsea UV Aquatracka [ug/l]
# name 9 = sbeox0V: Oxygen raw, SBE 43 [V]
# name 10 = sbeox1V: Oxygen raw, SBE 43, 2 [V]
# name 11 = upoly0: Upoly 0, Optode 4330F - O2 D-Phase
# name 12 = upoly1: Upoly 1, Optode 4330F - O2 Temp
# name 13 = latitude: Latitude [deg]
# name 14 = longitude: Longitude [deg]
# name 15 = sal00: Salinity, Practical [PSU]
# name 16 = sal11: Salinity, Practical, 2 [PSU]
# name 17 = potemp068C: Potential Temperature [ITS-68, deg C]
# name 18 = potemp168C: Potential Temperature, 2 [ITS-68, deg C]
# name 19 = sigma-é00: Density [sigma-theta, Kg/m^3]
# name 20 = sigma-é11: Density, 2 [sigma-theta, Kg/m^3]
# name 21 = sbeox0ML/L: Oxygen, SBE 43 [ml/l], WS = 2
# name 22 = sbeox1ML/L: Oxygen, SBE 43, 2 [ml/l], WS = 2
# name 23 = nbin: number of scans per bin
# name 24 = flag: flag
# span 0 =       7277,      34909       
# span 1 =    303.168,   1454.517       
# span 2 =      3.000,   1048.000       
# span 3 =    -0.1071,     5.8252       
# span 4 =   2.764911,   3.285199       
# span 5 =    -0.1066,     5.8581       
# span 6 =   2.766249,   3.286538       
# span 7 =       4.19,     100.34       
# span 8 =     0.0061,     0.0865       
# span 9 =     2.5825,     3.3649       
# span 10 =     2.3207,     3.0162      
# span 11 =  1.7235114,  2.0059004      
# span 12 =  0.6273769,  1.3577989      
# span 13 =   48.30690,   48.30811      
# span 14 =  -46.54200,  -46.54056      
# span 15 =    32.6275,    34.9067      
# span 16 =    32.6408,    34.9230      
# span 17 =    -0.1086,     5.8250      
# span 18 =    -0.1081,     5.8578      
# span 19 =    25.6996,    27.7346      
# span 20 =    25.7061,    27.7477      
# span 21 =    5.98488,    7.67597      
# span 22 =    6.19591,    7.82691      
# span 23 =         11,         94      
# span 24 = 0.0000e+00, 0.0000e+00      
# interval = decibars: 1                
# start_time = Jul 03 2013 17:07:39 [NMEA time, header]
# bad_flag = -9.990e-29
*END*
       7277    303.168      3.000     5.8252   3.210885     5.8581   3.214877       4.55     0.0367     3.3627     3.0158  1.7235113  1.3577989   48.30811  -46.54200    32.6275    32.6408     5.8250     5.8578    25.6996    25.7061    7.11090    7.24356         29 0.0000e+00
       7612    317.120      4.000     5.7746   3.206651     5.7773   3.208226       6.06     0.0422     3.3644     3.0154  1.7256241  1.3576216   48.30808  -46.54199    32.6283    32.6435     5.7743     5.7770    25.7063    25.7180    7.11053    7.26110         94 0.0000e+00
       7844    326.805      5.000     5.7557   3.205187     5.7593   3.206818       4.99     0.0425     3.3649     3.0162  1.7271794  1.3555093   48.30806  -46.54198    32.6296    32.6445     5.7553     5.7589    25.7096    25.7210    7.11664    7.26620         46 0.0000e+00
       7871    327.915      6.000     5.7587   3.205404     5.7394   3.205232      32.53     0.0428     3.3646     3.0161  1.7269790  1.3530959   48.30806  -46.54198    32.6287    32.6454     5.7582     5.7390    25.7085    25.7241    7.12062    7.27294         38 0.0000e+00
       7922    330.061      7.000     5.7771   3.207016     5.7769   3.208320      63.60     0.0409     3.3647     3.0152  1.7276838  1.3504982   48.30805  -46.54198    32.6286    32.6434     5.7765     5.7763    25.7063    25.7181    7.11189    7.25644         66 0.0000e+00
       7983    332.597      8.000     5.7735   3.206741     5.7766   3.208328      59.18     0.0448     3.3642     3.0141  1.7261581  1.3500291   48.30804  -46.54198    32.6285    32.6433     5.7728     5.7760    25.7066    25.7180    7.10778    7.26607         46 0.0000e+00
       8017    334.019      9.000     5.7469   3.204692     5.7563   3.206792      54.26     0.0518     3.3589     3.0127  1.7264559  1.3509431   48.30804  -46.54198    32.6305    32.6452     5.7462     5.7556    25.7115    25.7219    7.02231    7.20110         29 0.0000e+00
       8050    335.370     10.000     5.7542   3.205352     5.7646   3.207426      79.89     0.0493     3.3457     3.0003  1.7276403  1.3513253   48.30804  -46.54198    32.6301    32.6438     5.7538     5.7638    25.7102    25.7198    7.02239    7.15766         41 0.0000e+00
       8117    338.167     11.000     5.7437   3.204461     5.7488   3.206281      57.33     0.0445     3.3516     2.9975  1.7277167  1.3495797   48.30804  -46.54198    32.6302    32.6455     5.7428     5.7479    25.7116    25.7231    7.11795    7.23640         79 0.0000e+00
       8169    340.331     12.000     5.6526   3.196820     5.7202   3.203830      82.36     0.0467     3.3504     2.9965  1.7277167  1.3496869   48.30804  -46.54198    32.6315    32.6449     5.6516     5.7193    25.7234    25.7262    7.09636    7.19541         33 0.0000e+00
       8205    341.848     13.000     5.2887   3.167565     5.3065   3.170603      55.27     0.0507     3.3531     2.9963  1.7299926  1.3473666   48.30803  -46.54198    32.6526    32.6699     5.2877     5.3055    25.7823    25.7939    7.21790    7.33897         48 0.0000e+00
       8276    344.808     14.000     5.2299   3.162457     5.1309   3.156498      79.96     0.0592     3.3645     3.0068  1.7310133  1.3361530   48.30802  -46.54198    32.6512    32.6798     5.2289     5.1299    25.7879    25.8218    7.15048    7.28079         66 0.0000e+00
       8311    346.260     15.000     4.9957   3.144781     4.9945   3.146148      95.14     0.0643     3.3301     2.9751  1.7331042  1.3356944   48.30802  -46.54198    32.6773    32.6943     4.9946     4.9934    25.8349    25.8484    6.95157    7.06782         26 0.0000e+00
       8348    347.807     16.000     4.8561   3.134371     4.8683   3.136719      67.51     0.0774     3.3140     2.9527  1.7381599  1.3181233   48.30802  -46.54198    32.6941    32.7092     4.8549     4.8671    25.8635    25.8741    7.07014    7.10468         49 0.0000e+00
       8450    352.045     17.000     4.5671   3.112495     4.5301   3.111242      98.64     0.0824     3.3020     2.9153  1.7444770  1.2641704   48.30802  -46.54198    32.7251    32.7472     4.5659     4.5290    25.9187    25.9401    7.17929    7.17909         37 0.0000e+00
       8474    353.034     18.000     3.5542   3.036527     3.5927   3.041269      50.45     0.0865     3.3020     2.9173  1.7411216  1.2771215   48.30801  -46.54198    32.8416    32.8594     3.5531     3.5916    26.1123    26.1228    7.36584    7.38156         29 0.0000e+00
       8507    354.429     19.000     3.0433   2.997929     3.0905   3.003481      92.29     0.0743     3.3014     2.9201  1.7627733  1.2401841   48.30800  -46.54197    32.8951    32.9143     3.0423     3.0894    26.2009    26.2122    7.45177    7.50073         42 0.0000e+00
       8567    356.912     20.000     2.1418   2.928095     2.1760   2.932774      77.62     0.0609     3.2884     2.9164  1.7835460  1.1369123   48.30800  -46.54198    32.9658    32.9884     2.1408     2.1749    26.3314    26.3468    7.53857    7.61551         74 0.0000e+00
       8645    360.152     21.000     1.8445   2.905296     1.8452   2.907061      63.75     0.0635     3.2758     2.9168  1.7956771  1.0159138   48.30799  -46.54198    32.9906    33.0120     1.8435     1.8442    26.3735    26.3906    7.64205    7.75819         71 0.0000e+00
       8694    362.193     22.000     1.7443   2.898230     1.7575   2.900503      96.29     0.0566     3.2710     2.9176  1.8043255  0.9835045   48.30798  -46.54198    33.0019    33.0208     1.7433     1.7565    26.3897    26.4039    7.53815    7.65995         32 0.0000e+00
       8722    363.358     23.000     1.5095   2.879958     1.5191   2.882319      49.49     0.0509     3.2580     2.9059  1.8081614  0.9745028   48.30798  -46.54198    33.0216    33.0414     1.5084     1.5180    26.4218    26.4370    7.53664    7.62556         29 0.0000e+00
       8784    365.957     24.000     1.4475   2.875671     1.4498   2.877503      71.90     0.0533     3.2395     2.8886  1.8094786  0.9307079   48.30798  -46.54198    33.0304    33.0528     1.4480     1.4488    26.4329    26.4509    7.53940    7.62744         73 0.0000e+00
       8862    369.227     25.000     1.1715   2.855366     1.2518   2.862762      81.32     0.0604     3.2182     2.8714  1.8158762  0.9243488   48.30798  -46.54198    33.0648    33.0740     1.1704     1.2508    26.4787    26.4808    7.55116    7.63542         34 0.0000e+00
       8894    370.538     26.000     0.9406   2.838064     0.9494   2.840322      72.54     0.0532     3.2138     2.8678  1.8199582  0.9186271   48.30797  -46.54198    33.0877    33.1073     0.9395     0.9484    26.5115    26.5267    7.63839    7.75090         38 0.0000e+00
       8947    372.767     27.000     0.8319   2.830098     0.8350   2.831824      69.67     0.0490     3.2086     2.8676  1.8296269  0.8631646   48.30796  -46.54198    33.1003    33.1193     0.8309     0.8339    26.5282    26.5433    7.60285    7.74004         63 0.0000e+00
       8996    374.778     28.000     0.6231   2.814607     0.6323   2.816783      56.47     0.0512     3.1951     2.8577  1.8338243  0.8328113   48.30796  -46.54198    33.1227    33.1410     0.6220     0.6313    26.5582    26.5724    7.60292    7.72050         36 0.0000e+00
       9064    377.617     29.000     0.5777   2.811138     0.6144   2.815573      78.68     0.0512     3.1916     2.8550  1.8476884  0.7985739   48.30796  -46.54198    33.1257    33.1439     0.5766     0.6133    26.5632    26.5758    7.67597    7.79987         65 0.0000e+00
       9124    380.137     30.000     0.4208   2.799500     0.4699   2.804726      85.12     0.0514     3.1934     2.8590  1.8534938  0.7864124   48.30796  -46.54198    33.1421    33.1575     0.4197     0.4688    26.5851    26.5948    7.63342    7.79330         23 0.0000e+00
       9143    380.901     31.000     0.3527   2.794229     0.3562   2.795980      68.65     0.0491     3.1849     2.8543  1.8528063  0.7913544   48.30795  -46.54198    33.1461    33.1651     0.3516     0.3551    26.5919    26.6071    7.59193    7.76193         20 0.0000e+00
       9177    382.320     32.000     0.3191   2.791765     0.3222   2.793402      52.27     0.0479     3.1782     2.8489  1.8581165  0.7725327   48.30794  -46.54198    33.1498    33.1675     0.3176     0.3211    26.5967    26.6108    7.63728    7.77577         35 0.0000e+00
       9295    387.255     33.000     0.3544   2.794858     0.3679   2.797168      96.10     0.0542     3.1789     2.8450  1.8645015  0.7458178   48.30794  -46.54198    33.1513    33.1669     0.3532     0.3667    26.5960    26.6079    7.66464    7.80789         16 0.0000e+00
       9310    387.889     34.000     0.2522   2.787371     0.2562   2.789014      95.91     0.0570     3.1757     2.8450  1.8668104  0.7432362   48.30794  -46.54198    33.1628    33.1801     0.2510     0.2550    26.6107    26.6244    7.64414    7.82691         16 0.0000e+00
       9332    388.812     35.000     0.2324   2.785946     0.2338   2.787421      59.36     0.0569     3.1711     2.8431  1.8756670  0.7315001   48.30794  -46.54198    33.1650    33.1828     0.2312     0.2326    26.6134    26.6278    7.63346    7.79671         33 0.0000e+00
       9456    393.962     36.000     0.3840   2.797544     0.3586   2.796930      59.05     0.0574     3.1581     2.8306  1.8819194  0.7078393   48.30794  -46.54198    33.1524    33.1721     0.3827     0.3573    26.5955    26.6125    7.61666    7.75993         42 0.0000e+00
       9496    395.605     37.000     0.2232   2.785509     0.2478   2.788660      94.50     0.0553     3.1579     2.8307  1.8835881  0.7044700   48.30794  -46.54198    33.1680    33.1827     0.2219     0.2465    26.6163    26.6269    7.66144    7.80037         37 0.0000e+00
       9536    397.299     38.000     0.1764   2.782101     0.1773   2.783478      61.70     0.0578     3.1562     2.8301  1.8871434  0.6874650   48.30794  -46.54198    33.1731    33.1904     0.1751     0.1761    26.6228    26.6368    7.63495    7.77847         43 0.0000e+00
       9583    399.256     39.000     0.1492   2.780142     0.1501   2.781521      70.46     0.0665     3.1483     2.8227  1.8914028  0.6807844   48.30794  -46.54198    33.1763    33.1935     0.1478     0.1487    26.6268    26.6406    7.59407    7.72962         60 0.0000e+00
       9691    403.753     40.000     0.1732   2.782048     0.1755   2.783662      48.09     0.0682     3.1348     2.8101  1.8943793  0.6711540   48.30794  -46.54200    33.1749    33.1930     0.1718     0.1742    26.6244    26.6389    7.58638    7.73131         55 0.0000e+00
       9716    404.775     41.000     0.0356   2.771784     0.0275   2.772520      96.01     0.0650     3.1325     2.8102  1.8949965  0.6764432   48.30794  -46.54200    33.1881    33.2066     0.0342     0.0262    26.6419    26.6572    7.57806    7.76118         22 0.0000e+00
       9739    405.746     42.000    -0.0556   2.765275    -0.0563   2.766554      57.16     0.0685     3.1292     2.8089  1.8968511  0.6732386   48.30794  -46.54200    33.2005    33.2183    -0.0569    -0.0577    26.6563    26.6707    7.60182    7.76385         27 0.0000e+00
       9817    409.010     43.000    -0.0187   2.768043    -0.0479   2.767304      76.49     0.0674     3.1199     2.8001  1.9045027  0.6530405   48.30794  -46.54200    33.1980    33.2184    -0.0215    -0.0493    26.6526    26.6704    7.56727    7.72307         52 0.0000e+00
       9883    411.744     44.000    -0.0738   2.765210    -0.0728   2.766537      40.15     0.0651     3.1114     2.7941  1.9058852  0.6483634   48.30794  -46.54200    33.2183    33.2344    -0.0752    -0.0743    26.6716    26.6845    7.55404    7.71717         30 0.0000e+00
       9930    413.727     45.000    -0.0903   2.764991    -0.0831   2.766631      71.54     0.0579     3.1074     2.7909  1.9094239  0.6429774   48.30794  -46.54200    33.2327    33.2465    -0.0917    -0.0845    26.6840    26.6948    7.55709    7.71819         80 0.0000e+00
      10009    416.988     46.000    -0.0929   2.765177    -0.0886   2.766688      62.99     0.0434     3.1016     2.7863  1.9122202  0.6350758   48.30794  -46.54200    33.2375    33.2528    -0.0944    -0.0901    26.6879    26.7001    7.54616    7.71551         45 0.0000e+00
      10038    418.223     47.000    -0.1071   2.764911    -0.1066   2.766249      92.06     0.0407     3.1003     2.7868  1.9148839  0.6354920   48.30794  -46.54200    33.2488    33.2660    -0.1086    -0.1081    26.6978    26.7116    7.55929    7.73345         30 0.0000e+00
      10088    420.311     48.000    -0.0991   2.765839    -0.0982   2.767155      79.22     0.0314     3.0996     2.7863  1.9176552  0.6308630   48.30794  -46.54200    33.2518    33.2682    -0.1006    -0.0997    26.6998    26.7130    7.56048    7.72695         83 0.0000e+00
      10160    423.310     49.000    -0.0722   2.768486    -0.0769   2.769182      28.72     0.0322     3.0992     2.7857  1.9208490  0.6273769   48.30794  -46.54200    33.2569    33.2713    -0.0738    -0.0785    26.7027    26.7145    7.56650    7.72294         38 0.0000e+00
      10199    424.926     50.000    -0.0616   2.769834    -0.0612   2.771093      81.54     0.0283     3.0994     2.7856  1.9231470  0.6286877   48.30794  -46.54200    33.2626    33.2789    -0.0633    -0.0629    26.7068    26.7199    7.54931    7.71601         56 0.0000e+00
      10285    428.519     51.000    -0.0575   2.770414    -0.0571   2.771801      92.56     0.0331     3.0945     2.7818  1.9227039  0.6284740   48.30794  -46.54200    33.2653    33.2832    -0.0591    -0.0588    26.7087    26.7232    7.51018    7.67417         46 0.0000e+00
      10311    429.582     52.000    -0.0412   2.773428    -0.0418   2.774622      44.77     0.0327     3.0921     2.7802  1.9240255  0.6295835   48.30794  -46.54200    33.2868    33.3032    -0.0429    -0.0435    26.7253    26.7386    7.51188    7.68891         27 0.0000e+00
      10339    430.735     53.000     0.0062   2.778393     0.0055   2.779463      94.41     0.0335     3.0914     2.7797  1.9265792  0.6276546   48.30794  -46.54200    33.3008    33.3166     0.0039     0.0039    26.7344    26.7471    7.50778    7.67679         30 0.0000e+00
      10378    432.367     54.000     0.0413   2.782383     0.0418   2.783629      53.61     0.0276     3.0895     2.7772  1.9275283  0.6275946   48.30794  -46.54200    33.3141    33.3301     0.0395     0.0400    26.7434    26.7562    7.48233    7.63764         51 0.0000e+00
      10448    435.298     55.000     0.0774   2.785938     0.0766   2.787069      64.07     0.0266     3.0791     2.7674  1.9278843  0.6326093   48.30794  -46.54200    33.3210    33.3373     0.0757     0.0748    26.7471    26.7603    7.39266    7.56933         77 0.0000e+00
      10499    437.405     56.000     0.1189   2.790572     0.1188   2.791786      94.90     0.0290     3.0684     2.7604  1.9280168  0.6359327   48.30794  -46.54200    33.3365    33.3525     0.1170     0.1169    26.7575    26.7705    7.37371    7.57787         26 0.0000e+00
      10517    438.166     57.000     0.1202   2.791757     0.1212   2.793021      20.41     0.0278     3.0671     2.7605  1.9281045  0.6349211   48.30794  -46.54200    33.3508    33.3663     0.1182     0.1193    26.7691    26.7815    7.40013    7.58772         17 0.0000e+00
      10533    438.822     58.000     0.1150   2.793253     0.1118   2.794148      74.29     0.0289     3.0664     2.7597  1.9280432  0.6349207   48.30794  -46.54200    33.3749    33.3902     0.1130     0.1098    26.7887    26.8012    7.39829    7.57895         15 0.0000e+00
      10551    439.590     59.000     0.1311   2.795256     0.1306   2.796450      94.44     0.0303     3.0650     2.7584  1.9282508  0.6350154   48.30794  -46.54200    33.3831    33.3993     0.1291     0.1286    26.7945    26.8077    7.38480    7.55340         24 0.0000e+00
