data/CTD/2013/CNV/D021A033.CNV
* Sea-Bird SBE 9 Data File:
* FileName = C:\CTD_ACQUISITION\2013021HUD\ctddata\021A033.hdr
* Software Version Seasave V 7.22.2
* Temperature SN = 5081
* Conductivity SN = 3561
* Number of Bytes Per Scan = 37
* Number of Voltage Words = 4
* Number of Scans Averaged by the Deck Unit = 1
* NMEA Latitude = 48 13.60 N
* NMEA Longitude = 046 27.66 W
* NMEA UTC (Time) = Jul 03 2013 09:29:10
* NMEA baud rate = 9600
** Ship: Hudson
** Cruise: HUD2013021
** Chief_Scientist: Greenan
** Organization: BIO
** Area_of_Operation: Sackville Spur
** Station: 33
** Sounding:  1150
** Event_Comments: SS13   393161
# nquan = 25
# nvalues = 980                         
# units = specified
# name 0 = scan: Scan Count
# name 1 = timeS: Time, Elapsed [seconds]
# name 2 = prDM: Pressure, Digiquartz [db]
# name 3 = t068C: Temperature [ITS-68, deg C]
# name 4 = c0S/m: Conductivity [S/m]
# name 5 = t168C: Temperature, 2 [ITS-68, deg C]
# name 6 = c1S/m: Conductivity, 2 [S/m]
# name 7 = altM: Altimeter [m]
# name 8 = flCUVA: Fluorescence, Chelsea UV Aquatracka [ug/l]
# name 9 = sbeox0V: Oxygen raw, SBE 43 [V]
# name 10 = sbeox1V: Oxygen raw, SBE 43, 2 [V]
# name 11 = upoly0: Upoly 0, Optode 4330F - O2 D-Phase
# name 12 = upoly1: Upoly 1, Optode 4330F - O2 Temp
# name 13 = latitude: Latitude [deg]
# name 14 = longitude: Longitude [deg]
# name 15 = sal00: Salinity, Practical [PSU]
# name 16 = sal11: Salinity, Practical, 2 [PSU]
# name 17 = potemp068C: Potential Temperature [ITS-68, deg C]
# name 18 = potemp168C: Potential Temperature, 2 [ITS-68, deg C]
# name 19 = sigma-é00: Density [sigma-theta, Kg/m^3]
# name 20 = sigma-é11: Density, 2 [sigma-theta, Kg/m^3]
# name 21 = sbeox0ML/L: Oxygen, SBE 43 [ml/l], WS = 2
# name 22 = sbeox1ML/L: Oxygen, SBE 43, 2 [ml/l], WS = 2
# name 23 = nbin: number of scans per bin
# name 24 = flag: flag
# span 0 =       8431,      34370       
# span 1 =    351.234,   1432.055       
# span 2 =      3.000,    982.000       
# span 3 =    -0.2103,     5.5590       
# span 4 =   2.761445,   3.272551       
# span 5 =    -0.2107,     5.5590       
# span 6 =   2.762726,   3.273878       
# span 7 =       3.50,     100.58       
# span 8 =     0.0062,     0.1206       
# span 9 =     2.5953,     3.3605       
# span 10 =     2.3355,     3.0139      
# span 11 =  1.7336848,  2.0051439      
# span 12 =  0.6031695,  1.3225022      
# span 13 =   48.22098,   48.22507      
# span 14 =  -46.45910,  -46.45770      
# span 15 =    32.7599,    34.9052      
# span 16 =    32.7752,    34.9217      
# span 17 =    -0.2118,     5.5581      
# span 18 =    -0.2122,     5.5581      
# span 19 =    25.8373,    27.7400      
# span 20 =    25.8494,    27.7532      
# span 21 =    5.99951,    7.82992      
# span 22 =    6.21373,    7.92289      
# span 23 =          9,         93      
# span 24 = 0.0000e+00, 0.0000e+00      
# interval = decibars: 1                
# start_time = Jul 03 2013 09:29:10 [NMEA time, header]
# bad_flag = -9.990e-29
*END*
[from data line 174]
      14900    620.801    177.000     2.9443   3.130849     2.9445   3.132137      95.61     0.0206     2.8817     2.5947  1.9636244  0.9848105   48.22416  -46.45784    34.5307    34.5462     2.9335     2.9339    27.5166    27.5290    6.37721    6.56898         47 0.0000e+00
      14931    622.065    178.000     2.9462   3.131097     2.9459   3.132405      92.24     0.0232     2.8840     2.5960  1.9633627  0.9853697   48.22416  -46.45784    34.5311    34.5474     2.9354     2.9350    27.5167    27.5297    6.39703    6.57498         22 0.0000e+00
      14949    622.844    179.000     2.9475   3.131305     2.9471   3.132620      92.08     0.0219     2.8851     2.5960  1.9633700  0.9861484   48.22415  -46.45784    34.5316    34.5481     2.9366     2.9362    27.5170    27.5302    6.38362    6.56450         17 0.0000e+00
      14965    623.483    180.000     2.9479   3.131409     2.9475   3.132708      96.49     0.0189     2.8845     2.5965  1.9633700  0.9865717   48.22414  -46.45784    34.5319    34.5483     2.9370     2.9365    27.5172    27.5303    6.37452    6.55994         14 0.0000e+00
      14979    624.068    181.000     2.9488   3.131562     2.9490   3.132961      97.01     0.0148     2.8847     2.5954  1.9634579  0.9865690   48.22414  -46.45784    34.5324    34.5491     2.9377     2.9380    27.5175    27.5309    6.37932    6.55264         14 0.0000e+00
      14993    624.646    182.000     2.9527   3.132084     2.9535   3.133528      45.22     0.0128     2.8844     2.5950  1.9644169  0.9870052   48.22414  -46.45784    34.5340    34.5508     2.9416     2.9424    27.5185    27.5318    6.37906    6.55569         14 0.0000e+00
      15007    625.254    183.000     2.9550   3.132388     2.9554   3.133799      71.08     0.0148     2.8846     2.5949  1.9658217  0.9877955   48.22414  -46.45782    34.5347    34.5514     2.9438     2.9442    27.5188    27.5322    6.37930    6.55983         15 0.0000e+00
      15024    625.960    184.000     2.9620   3.133250     2.9648   3.134948      93.94     0.0199     2.8843     2.5949  1.9658120  0.9877900   48.22414  -46.45784    34.5371    34.5548     2.9507     2.9536    27.5202    27.5340    6.38113    6.56174         20 0.0000e+00
      15054    627.205    185.000     2.9674   3.133905     2.9680   3.135324      93.05     0.0221     2.8849     2.5952  1.9658120  0.9887026   48.22414  -46.45784    34.5388    34.5554     2.9560     2.9567    27.5210    27.5342    6.38266    6.57038         47 0.0000e+00
      15120    629.976    186.000     2.9660   3.133793     2.9648   3.135015      94.05     0.0221     2.8867     2.5977  1.9634752  0.9903287   48.22412  -46.45782    34.5384    34.5546     2.9546     2.9537    27.5208    27.5338    6.39704    6.58237         55 0.0000e+00
      15148    631.112    187.000     2.9706   3.134362     2.9704   3.135686      50.33     0.0190     2.8873     2.5982  1.9633673  0.9902329   48.22410  -46.45782    34.5398    34.5561     2.9592     2.9590    27.5215    27.5346    6.39602    6.58048         22 0.0000e+00
      15167    631.935    188.000     2.9720   3.134582     2.9722   3.135957      96.79     0.0232     2.8881     2.5985  1.9633700  0.9902320   48.22410  -46.45782    34.5404    34.5570     2.9605     2.9607    27.5219    27.5351    6.39876    6.57943         18 0.0000e+00
      15185    632.651    189.000     2.9756   3.135048     2.9758   3.136424      96.71     0.0209     2.8884     2.5988  1.9633700  0.9906164   48.22409  -46.45782    34.5417    34.5583     2.9640     2.9642    27.5226    27.5359    6.40410    6.58335         16 0.0000e+00
      15200    633.312    190.000     2.9808   3.135696     2.9803   3.136992      96.33     0.0198     2.8897     2.5993  1.9633700  0.9913763   48.22408  -46.45782    34.5435    34.5599     2.9691     2.9686    27.5236    27.5367    6.40861    6.58755         16 0.0000e+00
      15216    633.945    191.000     2.9858   3.136321     2.9867   3.137787      96.10     0.0180     2.8898     2.5997  1.9633700  0.9914514   48.22408  -46.45782    34.5452    34.5622     2.9741     2.9749    27.5245    27.5379    6.40454    6.58812         15 0.0000e+00
      15231    634.577    192.000     2.9896   3.136814     2.9898   3.138176      96.19     0.0205     2.8906     2.6002  1.9630475  0.9917755   48.22408  -46.45782    34.5466    34.5630     2.9778     2.9780    27.5253    27.5384    6.40451    6.59232         15 0.0000e+00
      15248    635.279    193.000     3.0022   3.138346     2.9968   3.139045      86.39     0.0187     2.8905     2.6010  1.9627961  0.9926581   48.22408  -46.45782    34.5507    34.5655     2.9908     2.9849    27.5273    27.5397    6.40107    6.60176         19 0.0000e+00
      15271    636.264    194.000     3.0128   3.139538     3.0097   3.140510      88.85     0.0182     2.8910     2.6028  1.9623390  0.9931517   48.22408  -46.45782    34.5538    34.5691     3.0009     2.9977    27.5289    27.5414    6.39958    6.60600         31 0.0000e+00
      15314    638.026    195.000     3.0164   3.139961     3.0179   3.141480      74.13     0.0181     2.8922     2.6041  1.9621730  0.9953909   48.22408  -46.45780    34.5546    34.5715     3.0044     3.0059    27.5292    27.5426    6.41303    6.59518         50 0.0000e+00
      15354    639.701    196.000     3.0347   3.142096     3.0309   3.142999      95.86     0.0167     2.8945     2.6048  1.9621933  0.9972707   48.22406  -46.45780    34.5605    34.5757     3.0226     3.0187    27.5322    27.5447    6.41436    6.60054         28 0.0000e+00
      15376    640.640    197.000     3.0559   3.144568     3.0556   3.145872      87.35     0.0157     2.8948     2.6060  1.9611695  0.9973676   48.22406  -46.45780    34.5674    34.5836     3.0436     3.0433    27.5358    27.5488    6.41231    6.60506         19 0.0000e+00
      15394    641.393    198.000     3.0602   3.145112     3.0582   3.146242      96.06     0.0198     2.8959     2.6066  1.9596457  0.9975572   48.22406  -46.45780    34.5689    34.5848     3.0479     3.0459    27.5366    27.5495    6.41631    6.60388         18 0.0000e+00
      15412    642.138    199.000     3.0601   3.145153     3.0602   3.146513      96.41     0.0182     2.8964     2.6072  1.9599746  0.9975580   48.22404  -46.45780    34.5689    34.5854     3.0478     3.0478    27.5366    27.5498    6.40943    6.59986         18 0.0000e+00
      15433    642.990    200.000     3.0615   3.145349     3.0607   3.146610      67.26     0.0211     2.8963     2.6072  1.9586079  1.0011269   48.22404  -46.45780    34.5692    34.5854     3.0491     3.0483    27.5368    27.5498    6.40542    6.59353         23 0.0000e+00
      15457    643.983    201.000     3.0635   3.145601     3.0626   3.146852      80.64     0.0207     2.8962     2.6069  1.9584877  1.0023726   48.22404  -46.45780    34.5696    34.5858     3.0510     3.0501    27.5369    27.5499    6.40739    6.59395         25 0.0000e+00
      15481    645.010    202.000     3.0636   3.145640     3.0650   3.147163      90.59     0.0224     2.8966     2.6069  1.9584860  1.0024414   48.22404  -46.45780    34.5694    34.5864     3.0510     3.0525    27.5367    27.5502    6.41813    6.59734         24 0.0000e+00
      15506    646.022    203.000     3.0734   3.146756     3.0718   3.147951      93.64     0.0187     2.8974     2.6071  1.9583423  1.0024420   48.22404  -46.45780    34.5719    34.5882     3.0608     3.0592    27.5379    27.5510    6.42165    6.59911         25 0.0000e+00
      15531    647.077    204.000     3.0805   3.147584     3.0789   3.148774      96.79     0.0150     2.8986     2.6073  1.9564461  1.0035101   48.22404  -46.45780    34.5739    34.5901     3.0678     3.0662    27.5388    27.5518    6.41820    6.59644         25 0.0000e+00
      15556    648.125    205.000     3.0794   3.147519     3.0796   3.148902      89.07     0.0168     2.8987     2.6074  1.9563993  1.0036660   48.22402  -46.45780    34.5737    34.5903     3.0666     3.0669    27.5387    27.5519    6.42714    6.60613         24 0.0000e+00
      15580    649.106    206.000     3.0797   3.147596     3.0797   3.148950      72.28     0.0213     2.9000     2.6083  1.9560359  1.0047491   48.22402  -46.45780    34.5738    34.5903     3.0668     3.0668    27.5388    27.5520    6.43385    6.61549         23 0.0000e+00
      15603    650.068    207.000     3.0806   3.147726     3.0805   3.149083      72.37     0.0274     2.9016     2.6096  1.9560440  1.0048850   48.22402  -46.45780    34.5739    34.5905     3.0677     3.0676    27.5388    27.5520    6.43670    6.62083         24 0.0000e+00
      15626    651.035    208.000     3.0861   3.148384     3.0875   3.149893      96.14     0.0275     2.9018     2.6107  1.9545801  1.0059538   48.22402  -46.45780    34.5754    34.5923     3.0731     3.0745    27.5395    27.5528    6.42845    6.61926         22 0.0000e+00
      15648    651.944    209.000     3.1029   3.150299     3.1032   3.151689      95.81     0.0254     2.9025     2.6110  1.9546568  1.0061061   48.22401  -46.45780    34.5802    34.5968     3.0898     3.0901    27.5418    27.5550    6.42556    6.61280         22 0.0000e+00
      15671    652.914    210.000     3.1269   3.153043     3.1279   3.154486      90.15     0.0260     2.9019     2.6112  1.9540801  1.0062782   48.22400  -46.45780    34.5873    34.6038     3.1138     3.1147    27.5452    27.5583    6.41169    6.60000         27 0.0000e+00
      15707    654.398    211.000     3.1456   3.155209     3.1450   3.156486      94.04     0.0239     2.9007     2.6103  1.9538670  1.0077362   48.22400  -46.45779    34.5931    34.6092     3.1323     3.1317    27.5481    27.5610    6.40590    6.59230         41 0.0000e+00
      15739    655.738    212.000     3.1535   3.156194     3.1526   3.157448      44.89     0.0184     2.9009     2.6097  1.9535340  1.0098470   48.22400  -46.45780    34.5961    34.6123     3.1401     3.1392    27.5498    27.5628    6.42276    6.59829         22 0.0000e+00
      15757    656.485    213.000     3.1649   3.157598     3.1641   3.158870      82.29     0.0198     2.9014     2.6101  1.9535254  1.0101526   48.22400  -46.45780    34.6004    34.6167     3.1514     3.1506    27.5521    27.5652    6.41691    6.60267         16 0.0000e+00
      15771    657.075    214.000     3.1882   3.160364     3.1867   3.161590      96.76     0.0433     2.9015     2.6105  1.9532304  1.0121814   48.22400  -46.45780    34.6085    34.6249     3.1746     3.1732    27.5565    27.5697    6.40367    6.59404         13 0.0000e+00
      15784    657.620    215.000     3.1986   3.161612     3.1975   3.162846      96.95     0.0500     2.9007     2.6099  1.9535056  1.0122100   48.22400  -46.45780    34.6119    34.6281     3.1850     3.1839    27.5582    27.5712    6.39122    6.58480         13 0.0000e+00
      15798    658.200    216.000     3.2036   3.162250     3.2026   3.163498      85.95     0.0397     2.9004     2.6097  1.9534402  1.0122100   48.22398  -46.45778    34.6138    34.6300     3.1899     3.1889    27.5593    27.5722    6.38568    6.58105         15 0.0000e+00
      15817    658.991    217.000     3.2083   3.162831     3.2080   3.164138      92.56     0.0314     2.8985     2.6090  1.9518669  1.0158252   48.22398  -46.45778    34.6152    34.6315     3.1946     3.1942    27.5599    27.5729    6.37508    6.57515         26 0.0000e+00
      15857    660.646    218.000     3.2126   3.163348     3.2124   3.164696      92.03     0.0206     2.8956     2.6073  1.9511366  1.0182421   48.22397  -46.45778    34.6164    34.6329     3.1987     3.1986    27.5605    27.5737    6.37708    6.57518         47 0.0000e+00
      15893    662.170    219.000     3.2298   3.165435     3.2285   3.166639      51.29     0.0179     2.8942     2.6070  1.9509150  1.0196447   48.22396  -46.45778    34.6227    34.6387     3.2158     3.2145    27.5639    27.5768    6.37665    6.58298         26 0.0000e+00
      15916    663.106    220.000     3.2634   3.169466     3.2609   3.170518      96.24     0.0221     2.8936     2.6072  1.9488246  1.0207039   48.22396  -46.45778    34.6351    34.6506     3.2493     3.2468    27.5706    27.5832    6.37221    6.57348         22 0.0000e+00
      15937    663.989    221.000     3.2778   3.171207     3.2765   3.172401      96.84     0.0219     2.8935     2.6069  1.9487194  1.0207564   48.22396  -46.45778    34.6402    34.6561     3.2637     3.2623    27.5733    27.5861    6.37640    6.56407         21 0.0000e+00
      15960    664.963    222.000     3.2851   3.172054     3.2843   3.173306      96.85     0.0201     2.8938     2.6058  1.9469517  1.0242896   48.22396  -46.45778    34.6422    34.6582     3.2708     3.2701    27.5742    27.5871    6.37264    6.55574         25 0.0000e+00
      15986    666.059    223.000     3.2899   3.172616     3.2888   3.173833      87.92     0.0210     2.8930     2.6051  1.9462652  1.0256624   48.22396  -46.45778    34.6433    34.6592     3.2756     3.2745    27.5747    27.5875    6.36826    6.56015         27 0.0000e+00
      16012    667.138    224.000     3.3016   3.174019     3.3005   3.175233      93.88     0.0197     2.8929     2.6048  1.9488955  1.0289030   48.22396  -46.45778    34.6472    34.6631     3.2872     3.2861    27.5767    27.5895    6.37420    6.56205         25 0.0000e+00
      16035    668.089    225.000     3.3311   3.177520     3.3298   3.178710      44.09     0.0176     2.8933     2.6045  1.9492435  1.0293068   48.22395  -46.45778    34.6575    34.6733     3.3166     3.3152    27.5821    27.5948    6.36312    6.54720         21 0.0000e+00
      16055    668.918    226.000     3.3539   3.180201     3.3544   3.181608      90.76     0.0208     2.8920     2.6034  1.9489102  1.0302050   48.22394  -46.45778    34.6650    34.6815     3.3392     3.3398    27.5859    27.5990    6.34429    6.52870         19 0.0000e+00
      16074    669.703    227.000     3.3637   3.181333     3.3638   3.182680      82.11     0.0221     2.8908     2.6016  1.9487191  1.0305231   48.22394  -46.45778    34.6677    34.6839     3.3490     3.3490    27.5871    27.6000    6.33603    6.51763         19 0.0000e+00
      16093    670.508    228.000     3.3779   3.182932     3.3780   3.184298      96.48     0.0215     2.8896     2.5999  1.9479972  1.0320866   48.22394  -46.45778    34.6713    34.6877     3.3631     3.3632    27.5886    27.6017    6.33290    6.51052         20 0.0000e+00
      16114    671.392    229.000     3.3919   3.184500     3.3917   3.185811      83.66     0.0200     2.8882     2.5981  1.9462843  1.0366080   48.22394  -46.45778    34.6747    34.6908     3.3770     3.3768    27.5900    27.6028    6.32919    6.50457         22 0.0000e+00
      16138    672.365    230.000     3.4009   3.185514     3.4005   3.186816      96.43     0.0185     2.8865     2.5960  1.9464302  1.0370929   48.22394  -46.45776    34.6768    34.6930     3.3859     3.3855    27.5908    27.6037    6.32059    6.50281         24 0.0000e+00
      16162    673.374    231.000     3.4334   3.189047     3.4315   3.190175      96.97     0.0176     2.8854     2.5952  1.9471031  1.0403054   48.22394  -46.45776    34.6842    34.6999     3.4183     3.4163    27.5935    27.6063    6.32146    6.51101         24 0.0000e+00
      16186    674.363    232.000     3.4743   3.193461     3.4728   3.194622      49.12     0.0195     2.8842     2.5950  1.9469873  1.0407039   48.22394  -46.45776    34.6932    34.7088     3.4590     3.4575    27.5968    27.6094    6.30129    6.50413         24 0.0000e+00
      16210    675.379    233.000     3.4930   3.195544     3.4926   3.196836      95.31     0.0183     2.8824     2.5944  1.9463010  1.0438418   48.22392  -46.45778    34.6979    34.7138     3.4776     3.4772    27.5987    27.6114    6.30915    6.49672         27 0.0000e+00
