data/CTD/2013/CNV/D021A051.CNV
* Sea-Bird SBE 9 Data File:
* FileName = C:\CTD_ACQUISITION\2013021HUD\ctddata\021A051.hdr
* Software Version Seasave V 7.22.2
* Temperature SN = 5081
* Conductivity SN = 3561
* Number of Bytes Per Scan = 37
* Number of Voltage Words = 4
* Number of Scans Averaged by the Deck Unit = 1
* NMEA Latitude = 48 50.70 N
* NMEA Longitude = 045 44.75 W
* NMEA UTC (Time) = Jul 05 2013 02:25:27
* NMEA baud rate = 9600
** Ship: Hudson
** Cruise: HUD2013021
** Chief_Scientist: Greenan
** Organization: BIO
** Area_of_Operation: Sackville Spur
** Station: 51
** Sounding:  2274
** Event_Comments: SS26  393211
# nquan = 25
# nvalues = 2088                        
# units = specified
# name 0 = scan: Scan Count
# name 1 = timeS: Time, Elapsed [seconds]
# name 2 = prDM: Pressure, Digiquartz [db]
# name 3 = t068C: Temperature [ITS-68, deg C]
# name 4 = c0S/m: Conductivity [S/m]
# name 5 = t168C: Temperature, 2 [ITS-68, deg C]
# name 6 = c1S/m: Conductivity, 2 [S/m]
# name 7 = altM: Altimeter [m]
# name 8 = flCUVA: Fluorescence, Chelsea UV Aquatracka [ug/l]
# name 9 = sbeox0V: Oxygen raw, SBE 43 [V]
# name 10 = sbeox1V: Oxygen raw, SBE 43, 2 [V]
# name 11 = upoly0: Upoly 0, Optode 4330F - O2 D-Phase
# name 12 = upoly1: Upoly 1, Optode 4330F - O2 Temp
# name 13 = latitude: Latitude [deg]
# name 14 = longitude: Longitude [deg]
# name 15 = sal00: Salinity, Practical [PSU]
# name 16 = sal11: Salinity, Practical, 2 [PSU]
# name 17 = potemp068C: Potential Temperature [ITS-68, deg C]
# name 18 = potemp168C: Potential Temperature, 2 [ITS-68, deg C]
# name 19 = sigma-é00: Density [sigma-theta, Kg/m^3]
# name 20 = sigma-é11: Density, 2 [sigma-theta, Kg/m^3]
# name 21 = sbeox0ML/L: Oxygen, SBE 43 [ml/l], WS = 2
# name 22 = sbeox1ML/L: Oxygen, SBE 43, 2 [ml/l], WS = 2
# name 23 = nbin: number of scans per bin
# name 24 = flag: flag
# span 0 =       9969,      61389       
# span 1 =    415.354,   2557.831       
# span 2 =      2.000,   2089.000       
# span 3 =     2.9297,     8.3635       
# span 4 =   3.126993,   3.570776       
# span 5 =     2.9289,     8.3647       
# span 6 =   3.128520,   3.572228       
# span 7 =      -7.76,      98.93       
# span 8 =     0.0042,     0.6107       
# span 9 =     2.2697,     3.3526       
# span 10 =     2.0387,     3.0000      
# span 11 =  1.6931758,  2.0916853      
# span 12 =  0.9902283,  1.6518573      
# span 13 =   48.84580,   48.84850      
# span 14 =  -45.74850,  -45.74625      
# span 15 =    33.8325,    34.9756      
# span 16 =    33.8475,    34.9382      
# span 17 =     2.7723,     8.3616      
# span 18 =     2.7716,     8.3628      
# span 19 =    26.3983,    27.8404      
# span 20 =    26.4101,    27.8536      
# span 21 =    5.85957,    6.92092      
# span 22 =    6.07002,    7.02799      
# span 23 =          7,        103      
# span 24 = 0.0000e+00, 0.0000e+00      
# interval = decibars: 1                
# start_time = Jul 05 2013 02:25:27 [NMEA time, header]
# bad_flag = -9.990e-29
*END*
[from data line 754]
      28968   1206.942    756.000     3.8298   3.265418     3.8297   3.266759      93.16     0.0105     2.6880     2.4182  1.9767957  1.1037852   48.84604  -45.74766    34.8960    34.9121     3.7745     3.7743    27.7269    27.7397    6.09544    6.29979         25 0.0000e+00
      28995   1208.092    757.000     3.8296   3.265445     3.8295   3.266804      93.28     0.0103     2.6872     2.4174  1.9773102  1.1037852   48.84604  -45.74766    34.8961    34.9122     3.7742     3.7772    27.7270    27.7398    6.09815    6.29945         29 0.0000e+00
      29023   1209.245    758.000     3.8298   3.265533     3.8297   3.266872      77.41     0.0094     2.6868     2.4169  1.9773391  1.1037852   48.84604  -45.74766    34.8963    34.9124     3.7744     3.7741    27.7272    27.7400    6.10195    6.30529         25 0.0000e+00
      29045   1210.165    759.000     3.8315   3.265770     3.8310   3.267067      93.91     0.0121     2.6864     2.4168  1.9777243  1.1037852   48.84604  -45.74766    34.8968    34.9128     3.7760     3.7754    27.7274    27.7402    6.09985    6.30369         20 0.0000e+00
      29063   1210.930    760.000     3.8317   3.265840     3.8315   3.267179      93.91     0.0125     2.6863     2.4165  1.9778811  1.1037852   48.84602  -45.74766    34.8970    34.9131     3.7761     3.7759    27.7275    27.7403    6.10036    6.30347         17 0.0000e+00
      29080   1211.641    761.000     3.8303   3.265758     3.8305   3.267136      93.82     0.0160     2.6857     2.4162  1.9777315  1.1037852   48.84602  -45.74766    34.8969    34.9131     3.7746     3.7747    27.7276    27.7405    6.09750    6.30213         17 0.0000e+00
      29098   1212.382    762.000     3.8294   3.265727     3.8294   3.267082      93.33     0.0174     2.6854     2.4158  1.9784784  1.1037852   48.84602  -45.74766    34.8970    34.9131     3.7736     3.7736    27.7278    27.7406    6.10135    6.30256         19 0.0000e+00
      29119   1213.257    763.000     3.8289   3.265712     3.8288   3.267059      93.66     0.0146     2.6851     2.4157  1.9785298  1.1037852   48.84602  -45.74766    34.8969    34.9130     3.7730     3.7729    27.7277    27.7406    6.10583    6.30195         24 0.0000e+00
      29146   1214.361    764.000     3.8282   3.265681     3.8280   3.267017      94.13     0.0130     2.6858     2.4150  1.9786332  1.1037852   48.84602  -45.74766    34.8967    34.9128     3.7723     3.7720    27.7277    27.7405    6.11344    6.29720         28 0.0000e+00
      29173   1215.511    765.000     3.8263   3.265534     3.8259   3.266855      76.33     0.0141     2.6858     2.4145  1.9783427  1.1037852   48.84602  -45.74766    34.8964    34.9126     3.7703     3.7698    27.7277    27.7406    6.11115    6.30563         26 0.0000e+00
      29198   1216.537    766.000     3.8242   3.265374     3.8242   3.266725      94.95     0.0145     2.6859     2.4146  1.9785335  1.1037852   48.84600  -45.74766    34.8962    34.9123     3.7682     3.7719    27.7277    27.7406    6.10923    6.31056         24 0.0000e+00
      29222   1217.525    767.000     3.8242   3.265417     3.8242   3.266783      93.72     0.0117     2.6860     2.4148  1.9788371  1.1037852   48.84600  -45.74765    34.8962    34.9124     3.7681     3.7680    27.7277    27.7406    6.11293    6.31125         24 0.0000e+00
      29245   1218.518    768.000     3.8238   3.265412     3.8236   3.266766      94.82     0.0142     2.6857     2.4147  1.9792925  1.1037852   48.84600  -45.74764    34.8961    34.9124     3.7675     3.7673    27.7277    27.7407    6.10597    6.30248         24 0.0000e+00
      29269   1219.520    769.000     3.8228   3.265363     3.8224   3.266691      95.24     0.0146     2.6848     2.4138  1.9792429  1.1037344   48.84600  -45.74764    34.8960    34.9122     3.7665     3.7661    27.7277    27.7406    6.09946    6.29199         24 0.0000e+00
      29293   1220.497    770.000     3.8205   3.265174     3.8207   3.266568      94.75     0.0113     2.6847     2.4128  1.9789252  1.1036792   48.84600  -45.74764    34.8957    34.9120     3.7641     3.7644    27.7277    27.7407    6.11531    6.29690         23 0.0000e+00
      29315   1221.428    771.000     3.8187   3.265045     3.8180   3.266340      74.03     0.0125     2.6853     2.4126  1.9788938  1.1037276   48.84600  -45.74764    34.8955    34.9117     3.7623     3.7615    27.7278    27.7407    6.11697    6.31034         21 0.0000e+00
      29336   1222.306    772.000     3.8173   3.264951     3.8168   3.266263      95.53     0.0167     2.6852     2.4134  1.9807850  1.1034316   48.84600  -45.74764    34.8954    34.9116     3.7608     3.7603    27.7278    27.7407    6.11968    6.32257         21 0.0000e+00
      29357   1223.164    773.000     3.8172   3.264996     3.8170   3.266343      94.68     0.0111     2.6854     2.4138  1.9809866  1.1033783   48.84600  -45.74764    34.8955    34.9117     3.7606     3.7604    27.7279    27.7408    6.12204    6.31824         21 0.0000e+00
      29378   1224.025    774.000     3.8171   3.265035     3.8166   3.266347      95.13     0.0126     2.6861     2.4141  1.9796753  1.1027507   48.84600  -45.74764    34.8956    34.9117     3.7604     3.7600    27.7280    27.7408    6.11932    6.30990         21 0.0000e+00
      29399   1224.906    775.000     3.8146   3.264826     3.8131   3.266041      95.17     0.0167     2.6856     2.4135  1.9792479  1.1025662   48.84600  -45.74764    34.8952    34.9112     3.7579     3.7564    27.7280    27.7409    6.11575    6.30713         21 0.0000e+00
      29420   1225.804    776.000     3.8072   3.264125     3.8076   3.265527      95.00     0.0154     2.6856     2.4133  1.9801221  1.1025641   48.84599  -45.74764    34.8942    34.9105     3.7505     3.7508    27.7279    27.7408    6.11706    6.31163         22 0.0000e+00
      29442   1226.725    777.000     3.8024   3.263697     3.8026   3.265074      95.46     0.0147     2.6852     2.4131  1.9807937  1.1025641   48.84598  -45.74764    34.8937    34.9099     3.7456     3.7457    27.7280    27.7409    6.11987    6.31444         22 0.0000e+00
      29465   1227.680    778.000     3.8024   3.263741     3.8021   3.265072      76.72     0.0144     2.6850     2.4132  1.9812236  1.1022109   48.84599  -45.74764    34.8937    34.9099     3.7455     3.7452    27.7280    27.7409    6.11449    6.31776         24 0.0000e+00
      29489   1228.656    779.000     3.8026   3.263793     3.8022   3.265127      95.19     0.0127     2.6847     2.4132  1.9809448  1.1013525   48.84599  -45.74763    34.8936    34.9098     3.7456     3.7453    27.7279    27.7409    6.12241    6.31260         23 0.0000e+00
      29512   1229.626    780.000     3.8024   3.263816     3.8021   3.265153      94.59     0.0126     2.6849     2.4125  1.9807823  1.1013432   48.84598  -45.74762    34.8936    34.9098     3.7453     3.7450    27.7279    27.7408    6.12028    6.30493         23 0.0000e+00
      29535   1230.576    781.000     3.8015   3.263774     3.8012   3.265118      95.45     0.0155     2.6845     2.4119  1.9819232  1.1013432   48.84598  -45.74762    34.8935    34.9097     3.7444     3.7463    27.7280    27.7409    6.11811    6.30743         22 0.0000e+00
      29557   1231.511    782.000     3.8004   3.263711     3.8001   3.265033      95.16     0.0156     2.6841     2.4114  1.9812529  1.1013432   48.84598  -45.74762    34.8934    34.9095     3.7432     3.7428    27.7280    27.7408    6.11284    6.30762         23 0.0000e+00
      29580   1232.472    783.000     3.8003   3.263746     3.8000   3.265088      94.15     0.0172     2.6834     2.4111  1.9822878  1.1013432   48.84598  -45.74762    34.8934    34.9097     3.7430     3.7427    27.7280    27.7410    6.11398    6.31033         24 0.0000e+00
      29605   1233.489    784.000     3.8002   3.263806     3.8000   3.265150      81.80     0.0169     2.6833     2.4109  1.9818364  1.1012465   48.84598  -45.74762    34.8936    34.9098     3.7429     3.7427    27.7282    27.7411    6.12252    6.30623         25 0.0000e+00
      29630   1234.546    785.000     3.7998   3.263823     3.7992   3.265137      89.21     0.0179     2.6831     2.4098  1.9792311  1.1004604   48.84598  -45.74762    34.8938    34.9100     3.7423     3.7418    27.7284    27.7414    6.11653    6.29418         25 0.0000e+00
      29655   1235.566    786.000     3.7997   3.263865     3.7993   3.265188      95.25     0.0151     2.6825     2.4086  1.9795492  1.1002741   48.84598  -45.74762    34.8939    34.9100     3.7422     3.7418    27.7285    27.7413    6.11432    6.30024         24 0.0000e+00
      29677   1236.506    787.000     3.7996   3.263904     3.7992   3.265219      95.57     0.0134     2.6823     2.4087  1.9808799  1.1001210   48.84598  -45.74762    34.8939    34.9099     3.7420     3.7416    27.7285    27.7413    6.11302    6.31144         21 0.0000e+00
      29698   1237.368    788.000     3.7992   3.263923     3.7989   3.265257      95.50     0.0156     2.6815     2.4087  1.9812640  1.1001221   48.84598  -45.74762    34.8941    34.9102     3.7415     3.7413    27.7287    27.7415    6.11452    6.31123         20 0.0000e+00
      29717   1238.160    789.000     3.7982   3.263892     3.7980   3.265221      95.35     0.0159     2.6815     2.4088  1.9810020  1.1001221   48.84598  -45.74762    34.8942    34.9102     3.7405     3.7403    27.7289    27.7417    6.11247    6.31478         18 0.0000e+00
      29735   1238.912    790.000     3.7977   3.263882     3.7973   3.265222      95.59     0.0153     2.6808     2.4089  1.9809374  1.1001221   48.84598  -45.74762    34.8941    34.9104     3.7399     3.7421    27.7289    27.7419    6.11124    6.31318         18 0.0000e+00
      29754   1239.691    791.000     3.7963   3.263804     3.7960   3.265138      82.69     0.0128     2.6807     2.4088  1.9807686  1.1001221   48.84597  -45.74762    34.8941    34.9103     3.7385     3.7381    27.7290    27.7420    6.11552    6.30838         20 0.0000e+00
      29775   1240.585    792.000     3.7962   3.263819     3.7958   3.265166      85.19     0.0154     2.6802     2.4084  1.9810681  1.1001221   48.84596  -45.74762    34.8940    34.9103     3.7382     3.7378    27.7289    27.7420    6.11454    6.30979         24 0.0000e+00
      29801   1241.666    793.000     3.7953   3.263790     3.7948   3.265112      95.55     0.0151     2.6797     2.4083  1.9812326  1.1001221   48.84596  -45.74761    34.8939    34.9102     3.7373     3.7368    27.7290    27.7420    6.10923    6.31191         27 0.0000e+00
      29827   1242.752    794.000     3.7941   3.263735     3.7938   3.265067      94.86     0.0161     2.6793     2.4080  1.9814901  1.1001221   48.84596  -45.74760    34.8941    34.9103     3.7360     3.7357    27.7292    27.7422    6.10855    6.30587         25 0.0000e+00
      29850   1243.718    795.000     3.7940   3.263774     3.7937   3.265103      95.54     0.0127     2.6779     2.4075  1.9811342  1.1001221   48.84596  -45.74760    34.8941    34.9103     3.7359     3.7355    27.7293    27.7422    6.09873    6.30684         22 0.0000e+00
      29872   1244.628    796.000     3.7940   3.263821     3.7937   3.265146      95.48     0.0105     2.6770     2.4069  1.9812200  1.1001221   48.84596  -45.74760    34.8942    34.9103     3.7358     3.7354    27.7294    27.7422    6.09357    6.30573         21 0.0000e+00
      29894   1245.534    797.000     3.7939   3.263852     3.7936   3.265185      94.32     0.0111     2.6754     2.4068  1.9812976  1.1000658   48.84596  -45.74760    34.8942    34.9103     3.7355     3.7352    27.7294    27.7423    6.09742    6.30818         22 0.0000e+00
      29917   1246.480    798.000     3.7937   3.263886     3.7934   3.265209      72.61     0.0126     2.6752     2.4064  1.9820930  1.0994090   48.84596  -45.74760    34.8942    34.9103     3.7353     3.7349    27.7295    27.7423    6.10392    6.30276         24 0.0000e+00
      29941   1247.494    799.000     3.7932   3.263888     3.7928   3.265207      95.15     0.0129     2.6746     2.4056  1.9817359  1.0997779   48.84596  -45.74760    34.8942    34.9103     3.7347     3.7343    27.7295    27.7424    6.10474    6.30216         25 0.0000e+00
      29966   1248.530    800.000     3.7929   3.263908     3.7925   3.265230      95.49     0.0142     2.6747     2.4053  1.9792206  1.0998172   48.84596  -45.74760    34.8943    34.9104     3.7343     3.7339    27.7296    27.7425    6.10204    6.30557         24 0.0000e+00
      29988   1249.462    801.000     3.7929   3.263959     3.7926   3.265285      95.57     0.0106     2.6739     2.4049  1.9792429  1.0999422   48.84596  -45.74760    34.8944    34.9104     3.7342     3.7340    27.7297    27.7425    6.09725    6.30281         20 0.0000e+00
      30007   1250.259    802.000     3.7927   3.263992     3.7924   3.265321      94.81     0.0104     2.6728     2.4044  1.9819083  1.0994742   48.84596  -45.74760    34.8945    34.9106     3.7340     3.7337    27.7298    27.7426    6.09630    6.29641         19 0.0000e+00
      30025   1250.994    803.000     3.7926   3.264025     3.7923   3.265357      95.58     0.0115     2.6731     2.4038  1.9813305  1.0992621   48.84596  -45.74760    34.8945    34.9106     3.7338     3.7335    27.7298    27.7427    6.09114    6.28688         17 0.0000e+00
      30043   1251.745    804.000     3.7924   3.264050     3.7921   3.265383      95.58     0.0101     2.6710     2.4023  1.9812357  1.0991589   48.84596  -45.74760    34.8945    34.9106     3.7335     3.7332    27.7298    27.7427    6.07335    6.27943         19 0.0000e+00
      30064   1252.635    805.000     3.7925   3.264093     3.7921   3.265425      75.23     0.0112     2.6698     2.4011  1.9807260  1.0989099   48.84596  -45.74759    34.8944    34.9106     3.7335     3.7331    27.7298    27.7427    6.08435    6.28353         25 0.0000e+00
      30095   1253.905    806.000     3.7926   3.264143     3.7922   3.265460      95.37     0.0126     2.6693     2.4000  1.9808601  1.0989012   48.84596  -45.74758    34.8943    34.9104     3.7335     3.7331    27.7297    27.7425    6.09571    6.28823         34 0.0000e+00
      30125   1255.148    807.000     3.7921   3.264143     3.7917   3.265473      95.58     0.0140     2.6684     2.3993  1.9811033  1.0989012   48.84596  -45.74758    34.8943    34.9105     3.7329     3.7326    27.7298    27.7427    6.08257    6.29003         25 0.0000e+00
      30146   1256.056    808.000     3.7913   3.264129     3.7909   3.265454      95.03     0.0148     2.6678     2.3992  1.9819548  1.0989012   48.84596  -45.74758    34.8945    34.9107     3.7321     3.7317    27.7300    27.7429    6.09180    6.29647         19 0.0000e+00
      30165   1256.835    809.000     3.7911   3.264177     3.7907   3.265504      95.33     0.0143     2.6677     2.3992  1.9823755  1.0989709   48.84596  -45.74758    34.8948    34.9109     3.7318     3.7314    27.7303    27.7431    6.09300    6.29539         18 0.0000e+00
      30183   1257.574    810.000     3.7909   3.264210     3.7907   3.265536      95.58     0.0166     2.6675     2.3989  1.9824321  1.0990378   48.84595  -45.74758    34.8948    34.9108     3.7316     3.7313    27.7303    27.7431    6.09506    6.29034         18 0.0000e+00
      30201   1258.343    811.000     3.7909   3.264248     3.7906   3.265582      95.17     0.0124     2.6675     2.3985  1.9828993  1.0989031   48.84594  -45.74758    34.8948    34.9110     3.7314     3.7311    27.7303    27.7432    6.09493    6.28671         20 0.0000e+00
      30223   1259.243    812.000     3.7908   3.264305     3.7905   3.265634      95.54     0.0139     2.6673     2.3978  1.9832513  1.0989012   48.84594  -45.74758    34.8950    34.9111     3.7313     3.7310    27.7305    27.7433    6.09690    6.28477         24 0.0000e+00
