data/CTD/2013/CNV/D021A043.CNV
* Sea-Bird SBE 9 Data File:
* FileName = C:\CTD_ACQUISITION\2013021HUD\ctddata\021A043.hdr
* Software Version Seasave V 7.22.2
* Temperature SN = 5081
* Conductivity SN = 3561
* Number of Bytes Per Scan = 37
* Number of Voltage Words = 4
* Number of Scans Averaged by the Deck Unit = 1
* NMEA Latitude = 48 24.11 N
* NMEA Longitude = 046 14.76 W
* NMEA UTC (Time) = Jul 04 2013 05:49:20
* NMEA baud rate = 9600
** Ship: Hudson
** Cruise: HUD2013021
** Chief_Scientist: Greenan
** Organization: BIO
** Area_of_Operation: Sackville Spur
** Station: 43
** Sounding:  1023
** Event_Comments: FP_BSR_3  393194
# nquan = 25
# nvalues = 1012                        
# units = specified
# name 0 = scan: Scan Count
# name 1 = timeS: Time, Elapsed [seconds]
# name 2 = prDM: Pressure, Digiquartz [db]
# name 3 = t068C: Temperature [ITS-68, deg C]
# name 4 = c0S/m: Conductivity [S/m]
# name 5 = t168C: Temperature, 2 [ITS-68, deg C]
# name 6 = c1S/m: Conductivity, 2 [S/m]
# name 7 = altM: Altimeter [m]
# name 8 = flCUVA: Fluorescence, Chelsea UV Aquatracka [ug/l]
# name 9 = sbeox0V: Oxygen raw, SBE 43 [V]
# name 10 = sbeox1V: Oxygen raw, SBE 43, 2 [V]
# name 11 = upoly0: Upoly 0, Optode 4330F - O2 D-Phase
# name 12 = upoly1: Upoly 1, Optode 4330F - O2 Temp
# name 13 = latitude: Latitude [deg]
# name 14 = longitude: Longitude [deg]
# name 15 = sal00: Salinity, Practical [PSU]
# name 16 = sal11: Salinity, Practical, 2 [PSU]
# name 17 = potemp068C: Potential Temperature [ITS-68, deg C]
# name 18 = potemp168C: Potential Temperature, 2 [ITS-68, deg C]
# name 19 = sigma-é00: Density [sigma-theta, Kg/m^3]
# name 20 = sigma-é11: Density, 2 [sigma-theta, Kg/m^3]
# name 21 = sbeox0ML/L: Oxygen, SBE 43 [ml/l], WS = 2
# name 22 = sbeox1ML/L: Oxygen, SBE 43, 2 [ml/l], WS = 2
# name 23 = nbin: number of scans per bin
# name 24 = flag: flag
# span 0 =       8688,      36977       
# span 1 =    361.942,   1540.664       
# span 2 =      2.000,   1013.000       
# span 3 =     0.7973,     6.7443       
# span 4 =   2.868343,   3.339007       
# span 5 =     0.7969,     6.7485       
# span 6 =   2.870385,   3.340595       
# span 7 =       3.78,     118.93       
# span 8 =     0.0066,     0.3394       
# span 9 =     2.5901,     3.4735       
# span 10 =     2.3321,     3.0792      
# span 11 =  1.7142641,  2.0019026      
# span 12 =  0.7460318,  1.4696512      
# span 13 =   48.40233,   48.40398      
# span 14 =  -46.24527,  -46.24144      
# span 15 =    33.0502,    35.9622      
# span 16 =    33.0709,    34.9205      
# span 17 =     0.7957,     6.7436      
# span 18 =     0.7954,     6.7478      
# span 19 =    25.9748,    28.6785      
# span 20 =    25.9887,    27.7510      
# span 21 =    6.00567,    8.02120      
# span 22 =    6.22528,    8.08109      
# span 23 =          2,         85      
# span 24 = 0.0000e+00, 0.0000e+00      
# interval = decibars: 1                
# start_time = Jul 04 2013 05:49:20 [NMEA time, header]
# bad_flag = -9.990e-29
*END*
[from data line 522]
      26461   1102.501    524.000     3.9254   3.261779     3.9260   3.263247      74.63     0.0127     2.7970     2.5127  1.9487635  1.1160169   48.40350  -46.24322    34.8734    34.8903     3.8876     3.8882    27.6973    27.7106    6.22314    6.40843         18 0.0000e+00
      26480   1103.298    525.000     3.9250   3.261791     3.9249   3.263189      95.10     0.0136     2.7964     2.5126  1.9487180  1.1159952   48.40350  -46.24322    34.8734    34.8901     3.8872     3.8871    27.6973    27.7106    6.21984    6.40555         20 0.0000e+00
      26503   1104.230    526.000     3.9252   3.261849     3.9253   3.263268      77.59     0.0121     2.7960     2.5119  1.9499134  1.1159952   48.40350  -46.24322    34.8734    34.8901     3.8872     3.8874    27.6973    27.7106    6.21610    6.40125         25 0.0000e+00
      26529   1105.332    527.000     3.9251   3.261880     3.9250   3.263283      83.88     0.0124     2.7948     2.5114  1.9502550  1.1159952   48.40350  -46.24322    34.8734    34.8901     3.8871     3.8870    27.6973    27.7106    6.21174    6.40848         27 0.0000e+00
      26555   1106.417    528.000     3.9250   3.261939     3.9250   3.263335      70.41     0.0153     2.7941     2.5118  1.9499326  1.1159952   48.40350  -46.24322    34.8736    34.8901     3.8870     3.8869    27.6975    27.7107    6.21735    6.41513         24 0.0000e+00
      26577   1107.314    529.000     3.9239   3.261918     3.9237   3.263298      86.81     0.0121     2.7937     2.5120  1.9499389  1.1159952   48.40350  -46.24322    34.8741    34.8906     3.8857     3.8855    27.6980    27.7112    6.20604    6.41370         19 0.0000e+00
      26594   1108.053    530.000     3.9230   3.261902     3.9226   3.263277      86.76     0.0106     2.7922     2.5120  1.9490637  1.1159952   48.40350  -46.24320    34.8742    34.8909     3.8848     3.8844    27.6982    27.7116    6.20867    6.41282         17 0.0000e+00
      26610   1108.710    531.000     3.9241   3.262088     3.9237   3.263456      71.30     0.0099     2.7924     2.5117  1.9487169  1.1159952   48.40350  -46.24320    34.8748    34.8914     3.8858     3.8854    27.6986    27.7118    6.21586    6.41258         15 0.0000e+00
      26625   1109.344    532.000     3.9261   3.262352     3.9260   3.263750      72.73     0.0094     2.7922     2.5119  1.9487180  1.1159952   48.40350  -46.24320    34.8752    34.8919     3.8877     3.8876    27.6987    27.7120    6.21396    6.41165         16 0.0000e+00
      26641   1110.016    533.000     3.9262   3.262413     3.9263   3.263814      70.67     0.0127     2.7918     2.5114  1.9495481  1.1159952   48.40350  -46.24320    34.8753    34.8919     3.8878     3.8878    27.6988    27.7120    6.20806    6.40741         17 0.0000e+00
      26661   1110.837    534.000     3.9266   3.262505     3.9266   3.263897      94.41     0.0134     2.7907     2.5112  1.9499227  1.1159952   48.40350  -46.24320    34.8754    34.8920     3.8881     3.8880    27.6988    27.7121    6.21180    6.40543         23 0.0000e+00
      26688   1111.961    535.000     3.9276   3.262661     3.9274   3.264043      95.73     0.0141     2.7908     2.5104  1.9499389  1.1159952   48.40350  -46.24320    34.8757    34.8923     3.8890     3.8888    27.6990    27.7122    6.21821    6.40336         29 0.0000e+00
      26714   1113.048    536.000     3.9282   3.262789     3.9281   3.264169      95.68     0.0126     2.7910     2.5094  1.9499389  1.1159952   48.40350  -46.24320    34.8760    34.8925     3.8895     3.8894    27.6992    27.7123    6.22308    6.39281         23 0.0000e+00
      26736   1113.947    537.000     3.9282   3.262823     3.9282   3.264226      95.13     0.0134     2.7914     2.5082  1.9493076  1.1159952   48.40350  -46.24320    34.8760    34.8927     3.8894     3.8894    27.6992    27.7124    6.22287    6.38892         21 0.0000e+00
      26757   1114.832    538.000     3.9280   3.262852     3.9279   3.264238      58.57     0.0150     2.7910     2.5072  1.9487189  1.1159952   48.40350  -46.24320    34.8760    34.8925     3.8892     3.8890    27.6992    27.7124    6.21515    6.39336         21 0.0000e+00
      26778   1115.714    539.000     3.9280   3.262897     3.9279   3.264285      96.10     0.0147     2.7908     2.5067  1.9490690  1.1159952   48.40350  -46.24320    34.8760    34.8926     3.8891     3.8890    27.6992    27.7124    6.21575    6.40069         21 0.0000e+00
      26797   1116.506    540.000     3.9283   3.262974     3.9281   3.264345      96.69     0.0116     2.7905     2.5068  1.9499459  1.1159952   48.40350  -46.24320    34.8760    34.8926     3.8893     3.8890    27.6992    27.7124    6.21428    6.40064         17 0.0000e+00
      26814   1117.222    541.000     3.9301   3.263220     3.9297   3.264584      82.21     0.0122     2.7899     2.5063  1.9499389  1.1159952   48.40350  -46.24320    34.8766    34.8931     3.8910     3.8906    27.6995    27.7127    6.21242    6.39234         17 0.0000e+00
      26832   1117.940    542.000     3.9316   3.263428     3.9314   3.264794      62.90     0.0143     2.7893     2.5056  1.9499389  1.1159952   48.40350  -46.24320    34.8769    34.8934     3.8925     3.8957    27.6995    27.7127    6.21151    6.38699         18 0.0000e+00
      26851   1118.729    543.000     3.9325   3.263571     3.9324   3.264948      96.40     0.0133     2.7891     2.5047  1.9499389  1.1159952   48.40351  -46.24320    34.8771    34.8936     3.8932     3.8931    27.6996    27.7128    6.21062    6.38810         20 0.0000e+00
      26871   1119.604    544.000     3.9329   3.263659     3.9328   3.265045      96.71     0.0145     2.7887     2.5040  1.9497725  1.1159952   48.40352  -46.24320    34.8772    34.8937     3.8936     3.8935    27.6997    27.7129    6.21338    6.39056         22 0.0000e+00
      26892   1120.466    545.000     3.9335   3.263765     3.9334   3.265146      64.54     0.0156     2.7881     2.5039  1.9487089  1.1159952   48.40352  -46.24320    34.8773    34.8938     3.8941     3.8939    27.6997    27.7129    6.20737    6.39468         19 0.0000e+00
      26911   1121.254    546.000     3.9341   3.263890     3.9340   3.265271      83.61     0.0172     2.7874     2.5035  1.9487180  1.1159952   48.40352  -46.24320    34.8776    34.8941     3.8946     3.8945    27.6999    27.7131    6.21019    6.39391         19 0.0000e+00
      26929   1122.005    547.000     3.9351   3.264044     3.9350   3.265429      72.96     0.0155     2.7875     2.5033  1.9503791  1.1159952   48.40352  -46.24320    34.8779    34.8944     3.8955     3.8954    27.7000    27.7132    6.21607    6.39545         18 0.0000e+00
      26948   1122.779    548.000     3.9360   3.264192     3.9362   3.265601      55.20     0.0140     2.7876     2.5034  1.9513378  1.1159952   48.40352  -46.24320    34.8781    34.8947     3.8964     3.8965    27.7001    27.7133    6.21448    6.39679         19 0.0000e+00
      26969   1123.652    549.000     3.9380   3.264444     3.9382   3.265873      59.05     0.0144     2.7868     2.5030  1.9512154  1.1160474   48.40351  -46.24320    34.8784    34.8952     3.8983     3.8985    27.7002    27.7135    6.20957    6.39430         23 0.0000e+00
      26993   1124.669    550.000     3.9410   3.264809     3.9413   3.266215      96.11     0.0197     2.7868     2.5029  1.9511609  1.1159961   48.40350  -46.24319    34.8791    34.8955     3.9012     3.9014    27.7004    27.7134    6.21088    6.39618         26 0.0000e+00
      27019   1125.747    551.000     3.9413   3.264875     3.9415   3.266267      95.47     0.0167     2.7858     2.5027  1.9515983  1.1163849   48.40351  -46.24318    34.8790    34.8954     3.9014     3.9016    27.7003    27.7134    6.20088    6.39081         25 0.0000e+00
      27042   1126.718    552.000     3.9410   3.264882     3.9408   3.266256      55.24     0.0165     2.7851     2.5016  1.9523888  1.1172245   48.40352  -46.24318    34.8789    34.8954     3.9010     3.9008    27.7003    27.7134    6.20331    6.38136         21 0.0000e+00
      27062   1127.558    553.000     3.9389   3.264718     3.9388   3.266110      97.38     0.0165     2.7842     2.5011  1.9523154  1.1172161   48.40352  -46.24318    34.8787    34.8952     3.8988     3.8988    27.7003    27.7135    6.19797    6.38648         19 0.0000e+00
      27081   1128.329    554.000     3.9399   3.264869     3.9400   3.266282      96.65     0.0158     2.7834     2.5003  1.9511662  1.1174079   48.40352  -46.24318    34.8788    34.8955     3.8998     3.8999    27.7003    27.7136    6.20284    6.37862         19 0.0000e+00
      27099   1129.099    555.000     3.9409   3.265026     3.9412   3.266441      88.58     0.0156     2.7830     2.4994  1.9511600  1.1173521   48.40352  -46.24318    34.8791    34.8956     3.9007     3.9009    27.7005    27.7136    6.21038    6.37837         18 0.0000e+00
      27118   1129.889    556.000     3.9416   3.265168     3.9420   3.266592      57.05     0.0164     2.7841     2.4991  1.9511600  1.1172791   48.40352  -46.24318    34.8795    34.8960     3.9013     3.9017    27.7007    27.7138    6.21877    6.39110         19 0.0000e+00
      27137   1130.677    557.000     3.9444   3.265509     3.9447   3.266927      96.99     0.0164     2.7839     2.4991  1.9511600  1.1172804   48.40352  -46.24318    34.8800    34.8966     3.9041     3.9043    27.7009    27.7140    6.21724    6.40919         19 0.0000e+00
      27155   1131.427    558.000     3.9450   3.265635     3.9448   3.267018      96.62     0.0155     2.7842     2.5013  1.9511600  1.1173508   48.40352  -46.24318    34.8805    34.8970     3.9045     3.9043    27.7012    27.7143    6.22373    6.41575         18 0.0000e+00
      27173   1132.167    559.000     3.9426   3.265490     3.9426   3.266883      83.34     0.0184     2.7851     2.5011  1.9520171  1.1172858   48.40352  -46.24318    34.8808    34.8973     3.9020     3.9020    27.7017    27.7148    6.22479    6.40400         18 0.0000e+00
      27192   1132.952    560.000     3.9385   3.265158     3.9385   3.266556      51.71     0.0161     2.7852     2.5017  1.9521924  1.1173953   48.40352  -46.24318    34.8806    34.8972     3.8979     3.8979    27.7019    27.7152    6.22443    6.40837         20 0.0000e+00
      27213   1133.844    561.000     3.9338   3.264740     3.9336   3.266114      86.01     0.0150     2.7856     2.5018  1.9517207  1.1173828   48.40352  -46.24318    34.8801    34.8966     3.8931     3.8929    27.7021    27.7152    6.22430    6.40804         22 0.0000e+00
      27236   1134.805    562.000     3.9264   3.264066     3.9262   3.265455      96.70     0.0129     2.7857     2.5020  1.9511517  1.1174291   48.40352  -46.24318    34.8795    34.8961     3.8857     3.8855    27.7023    27.7156    6.22340    6.40829         23 0.0000e+00
      27259   1135.738    563.000     3.9243   3.263907     3.9242   3.265295      56.16     0.0128     2.7849     2.5019  1.9511600  1.1173261   48.40352  -46.24318    34.8792    34.8958     3.8835     3.8834    27.7023    27.7156    6.21696    6.40946         22 0.0000e+00
      27280   1136.612    564.000     3.9234   3.263869     3.9236   3.265290      96.87     0.0138     2.7849     2.5022  1.9511600  1.1172150   48.40352  -46.24317    34.8791    34.8958     3.8826     3.8828    27.7024    27.7156    6.21662    6.41186         20 0.0000e+00
      27300   1137.438    565.000     3.9238   3.263947     3.9235   3.265317      96.50     0.0146     2.7840     2.5021  1.9511600  1.1169107   48.40352  -46.24316    34.8792    34.8957     3.8829     3.8826    27.7024    27.7156    6.21898    6.41038         20 0.0000e+00
      27319   1138.246    566.000     3.9220   3.263823     3.9227   3.265273      96.26     0.0147     2.7843     2.5022  1.9511600  1.1160638   48.40352  -46.24316    34.8791    34.8957     3.8810     3.8817    27.7025    27.7156    6.22227    6.41045         19 0.0000e+00
      27339   1139.076    567.000     3.9171   3.263384     3.9173   3.264799      89.87     0.0152     2.7838     2.5018  1.9511600  1.1159941   48.40352  -46.24316    34.8786    34.8952     3.8760     3.8762    27.7026    27.7158    6.22002    6.40998         20 0.0000e+00
      27359   1139.926    568.000     3.9146   3.263181     3.9146   3.264583      60.19     0.0175     2.7834     2.5017  1.9523944  1.1159364   48.40352  -46.24316    34.8783    34.8949     3.8735     3.8735    27.7026    27.7159    6.21837    6.41089         21 0.0000e+00
      27379   1140.766    569.000     3.9122   3.262997     3.9121   3.264400      96.52     0.0175     2.7832     2.5017  1.9535943  1.1158735   48.40352  -46.24316    34.8780    34.8948     3.8711     3.8709    27.7027    27.7160    6.22504    6.41141         20 0.0000e+00
      27399   1141.570    570.000     3.9112   3.262949     3.9112   3.264345      96.75     0.0159     2.7830     2.5014  1.9534756  1.1158036   48.40352  -46.24316    34.8780    34.8946     3.8700     3.8699    27.7028    27.7160    6.22915    6.40998         19 0.0000e+00
      27418   1142.359    571.000     3.9089   3.262769     3.9088   3.264160      69.34     0.0117     2.7835     2.5010  1.9519613  1.1147943   48.40352  -46.24316    34.8778    34.8945     3.8676     3.8674    27.7028    27.7161    6.22617    6.41328         19 0.0000e+00
      27438   1143.204    572.000     3.9065   3.262588     3.9065   3.263989      77.57     0.0095     2.7827     2.5012  1.9520315  1.1147741   48.40352  -46.24316    34.8776    34.8943     3.8652     3.8651    27.7030    27.7162    6.22042    6.41479         21 0.0000e+00
      27462   1144.217    573.000     3.9046   3.262444     3.9046   3.263836      95.20     0.0076     2.7823     2.5004  1.9513860  1.1146019   48.40352  -46.24316    34.8775    34.8940     3.8632     3.8631    27.7030    27.7162    6.21897    6.39934         28 0.0000e+00
      27490   1145.371    574.000     3.9038   3.262414     3.9036   3.263798      68.26     0.0103     2.7815     2.4988  1.9511567  1.1144907   48.40352  -46.24316    34.8775    34.8940     3.8623     3.8621    27.7031    27.7164    6.22215    6.39776         26 0.0000e+00
      27512   1146.304    575.000     3.9043   3.262517     3.9042   3.263908      84.70     0.0150     2.7817     2.4982  1.9525279  1.1136055   48.40352  -46.24316    34.8776    34.8942     3.8627     3.8626    27.7032    27.7165    6.23475    6.40482         19 0.0000e+00
      27530   1147.031    576.000     3.9049   3.262631     3.9046   3.264003      96.65     0.0179     2.7819     2.4982  1.9523790  1.1135522   48.40354  -46.24316    34.8778    34.8943     3.8632     3.8630    27.7033    27.7165    6.23532    6.41207         16 0.0000e+00
      27545   1147.675    577.000     3.9053   3.262733     3.9052   3.264110      96.51     0.0146     2.7824     2.4983  1.9523809  1.1135532   48.40354  -46.24316    34.8780    34.8945     3.8636     3.8634    27.7034    27.7166    6.23023    6.41994         15 0.0000e+00
      27560   1148.310    578.000     3.9080   3.263068     3.9072   3.264383      73.72     0.0133     2.7823     2.4988  1.9523809  1.1135532   48.40354  -46.24316    34.8786    34.8952     3.8661     3.8653    27.7037    27.7169    6.22442    6.42896         16 0.0000e+00
      27577   1148.993    579.000     3.9145   3.263803     3.9142   3.265167      63.80     0.0162     2.7814     2.4998  1.9523098  1.1135532   48.40354  -46.24314    34.8800    34.8964     3.8725     3.8722    27.7041    27.7172    6.22682    6.43146         17 0.0000e+00
      27596   1149.782    580.000     3.9060   3.263009     3.9102   3.264817      95.15     0.0159     2.7820     2.5007  1.9519204  1.1135532   48.40354  -46.24315    34.8788    34.8960     3.8640     3.8682    27.7040    27.7172    6.23508    6.43133         21 0.0000e+00
