data/CTD/2013/CNV/D021A016.CNV
* Sea-Bird SBE 9 Data File:
* FileName = C:\CTD_ACQUISITION\2013021HUD\ctddata\021A016.hdr
* Software Version Seasave V 7.22.2
* Temperature SN = 5081
* Conductivity SN = 3561
* Number of Bytes Per Scan = 37
* Number of Voltage Words = 4
* Number of Scans Averaged by the Deck Unit = 1
* NMEA Latitude = 46 59.94 N
* NMEA Longitude = 046 54.47 W
* NMEA UTC (Time) = Jul 02 2013 01:17:23
* NMEA baud rate = 9600
** Ship: Hudson
** Cruise: HUD2013021
** Chief_Scientist: Greenan
** Organization: BIO
** Area_of_Operation: Sackville Spur
** Station: 16
** Sounding:  1195
** Event_Comments: FC17.5  393119
# nquan = 25
# nvalues = 1181                        
# units = specified
# name 0 = scan: Scan Count
# name 1 = timeS: Time, Elapsed [seconds]
# name 2 = prDM: Pressure, Digiquartz [db]
# name 3 = t068C: Temperature [ITS-68, deg C]
# name 4 = c0S/m: Conductivity [S/m]
# name 5 = t168C: Temperature, 2 [ITS-68, deg C]
# name 6 = c1S/m: Conductivity, 2 [S/m]
# name 7 = altM: Altimeter [m]
# name 8 = flCUVA: Fluorescence, Chelsea UV Aquatracka [ug/l]
# name 9 = sbeox0V: Oxygen raw, SBE 43 [V]
# name 10 = sbeox1V: Oxygen raw, SBE 43, 2 [V]
# name 11 = upoly0: Upoly 0, Optode 4330F - O2 D-Phase
# name 12 = upoly1: Upoly 1, Optode 4330F - O2 Temp
# name 13 = latitude: Latitude [deg]
# name 14 = longitude: Longitude [deg]
# name 15 = sal00: Salinity, Practical [PSU]
# name 16 = sal11: Salinity, Practical, 2 [PSU]
# name 17 = potemp068C: Potential Temperature [ITS-68, deg C]
# name 18 = potemp168C: Potential Temperature, 2 [ITS-68, deg C]
# name 19 = sigma-é00: Density [sigma-theta, Kg/m^3]
# name 20 = sigma-é11: Density, 2 [sigma-theta, Kg/m^3]
# name 21 = sbeox0ML/L: Oxygen, SBE 43 [ml/l], WS = 2
# name 22 = sbeox1ML/L: Oxygen, SBE 43, 2 [ml/l], WS = 2
# name 23 = nbin: number of scans per bin
# name 24 = flag: flag
# span 0 =       9856,      38221       
# span 1 =    410.614,   1592.484       
# span 2 =      2.000,   1182.000       
# span 3 =     0.0789,     6.2799       
# span 4 =   2.783905,   3.291464       
# span 5 =     0.0806,     6.2848       
# span 6 =   2.785472,   3.292801       
# span 7 =       4.01,      99.42       
# span 8 =     0.0066,     0.1405       
# span 9 =     2.5120,     3.3747       
# span 10 =     2.2603,     3.0119      
# span 11 =  1.7192091,  2.0284187      
# span 12 =  0.6864739,  1.4106304      
# span 13 =   46.99680,   46.99876      
# span 14 =  -46.90946,  -46.90864      
# span 15 =    32.8108,    34.9120      
# span 16 =    32.8259,    34.9280      
# span 17 =     0.0770,     6.2796      
# span 18 =     0.0787,     6.2845      
# span 19 =    25.7921,    27.7511      
# span 20 =    25.8029,    27.7638      
# span 21 =    5.89154,    7.57641      
# span 22 =    6.10997,    7.69973      
# span 23 =         12,         94      
# span 24 = 0.0000e+00, 0.0000e+00      
# interval = decibars: 1                
# start_time = Jul 02 2013 01:17:23 [NMEA time, header]
# bad_flag = -9.990e-29
*END*
       9856    410.614      2.000     6.2588   3.265110     6.2601   3.266503       6.95     0.0870     3.3633     3.0119  1.7192091  1.4106135   46.99874  -46.90868    32.8162    32.8307     6.2587     6.2599    25.7953    25.8066    7.01577    7.16035         24 0.0000e+00
       9877    411.512      3.000     6.2605   3.265240     6.2625   3.266688      42.24     0.0879     3.3627     3.0104  1.7198977  1.4106303   46.99874  -46.90868    32.8157    32.8300     6.2603     6.2622    25.7947    25.8057    7.00003    7.14281         26 0.0000e+00
       9968    415.289      4.000     6.2799   3.266939     6.2848   3.268667      84.46     0.0873     3.3607     3.0100  1.7211856  1.4105778   46.99874  -46.90868    32.8155    32.8300     6.2796     6.2845    25.7921    25.8029    6.99715    7.14675         61 0.0000e+00
      10046    418.543      5.000     6.2654   3.265758     6.2624   3.266800      95.47     0.0935     3.3590     3.0101  1.7216312  1.4104970   46.99874  -46.90868    32.8158    32.8303     6.2650     6.2620    25.7942    25.8060    6.99971    7.15691         40 0.0000e+00
      10079    419.932      6.000     6.2543   3.264824     6.2560   3.266283      83.28     0.0930     3.3593     3.0101  1.7202623  1.4104611   46.99874  -46.90868    32.8156    32.8302     6.2538     6.2555    25.7955    25.8068    7.00579    7.15368         36 0.0000e+00
      10135    422.253      7.000     6.2517   3.264599     6.2536   3.266114      86.08     0.0913     3.3596     3.0094  1.7212843  1.4102918   46.99874  -46.90868    32.8151    32.8302     6.2511     6.2530    25.7954    25.8071    7.00595    7.15257         75 0.0000e+00
      10213    425.507      8.000     6.2563   3.265072     6.2563   3.266390      88.03     0.0889     3.3591     3.0080  1.7205172  1.4098845   46.99874  -46.90870    32.8155    32.8301     6.2556     6.2557    25.7951    25.8067    7.00895    7.14957         91 0.0000e+00
      10290    428.701      9.000     6.2597   3.265404     6.2595   3.266702      40.81     0.0953     3.3597     3.0072  1.7217761  1.4103137   46.99876  -46.90870    32.8154    32.8301     6.2590     6.2587    25.7946    25.8063    7.00214    7.13589         33 0.0000e+00
      10309    429.488     10.000     6.2607   3.265545     6.2601   3.266809      94.76     0.0932     3.3588     3.0055  1.7216117  1.4102564   46.99874  -46.90870    32.8155    32.8302     6.2599     6.2592    25.7946    25.8063    7.00204    7.14497         23 0.0000e+00
      10340    430.787     11.000     6.2594   3.265478     6.2600   3.266832      80.86     0.0928     3.3574     3.0075  1.7216117  1.4102564   46.99874  -46.90870    32.8155    32.8301     6.2585     6.2591    25.7948    25.8062    6.99334    7.16527         45 0.0000e+00
      10410    433.721     12.000     6.2612   3.265648     6.2576   3.266672      83.10     0.0926     3.3544     3.0073  1.7220498  1.4102564   46.99876  -46.90870    32.8153    32.8301     6.2602     6.2566    25.7944    25.8065    6.99129    7.13796         67 0.0000e+00
      10459    435.738     13.000     6.2460   3.264362     6.2263   3.264008      87.03     0.0890     3.3549     3.0056  1.7218314  1.4102564   46.99875  -46.90871    32.8151    32.8302     6.2449     6.2252    25.7961    25.8106    7.00812    7.15998         57 0.0000e+00
      10516    438.106     14.000     6.2325   3.263291     6.2387   3.265164      95.41     0.0927     3.3555     3.0083  1.7220259  1.4091105   46.99876  -46.90870    32.8157    32.8305     6.2314     6.2376    25.7983    25.8093    6.99793    7.16254         43 0.0000e+00
      10545    439.323     15.000     6.2083   3.261245     6.2054   3.262336      58.59     0.0883     3.3539     3.0064  1.7218138  1.4094442   46.99876  -46.90870    32.8158    32.8307     6.2070     6.2042    25.8015    25.8136    7.00076    7.14838         24 0.0000e+00
      10571    440.411     16.000     6.2001   3.260582     6.2044   3.262283      79.82     0.0903     3.3533     3.0055  1.7211672  1.4101093   46.99876  -46.90872    32.8158    32.8306     6.1988     6.2030    25.8025    25.8137    7.00377    7.15971         31 0.0000e+00
      10630    442.883     17.000     6.2028   3.260857     6.2042   3.262302      89.49     0.0978     3.3536     3.0074  1.7219373  1.4057431   46.99876  -46.90872    32.8158    32.8305     6.2014     6.2028    25.8021    25.8136    7.01244    7.17644         87 0.0000e+00
      10694    445.540     18.000     6.1534   3.256500     6.1439   3.256988      80.58     0.0873     3.3545     3.0092  1.7220690  1.4025179   46.99876  -46.90872    32.8144    32.8290     6.1519     6.1424    25.8072    25.8200    7.02738    7.17851         35 0.0000e+00
      10726    446.880     19.000     6.1095   3.252569     6.1115   3.254097      91.65     0.0914     3.3555     3.0066  1.7224271  1.4014089   46.99876  -46.90872    32.8124    32.8276     6.1079     6.1099    25.8112    25.8229    7.04095    7.16000         33 0.0000e+00
      10760    448.308     20.000     6.1024   3.251955     6.1008   3.253163      82.95     0.0876     3.3567     3.0048  1.7240252  1.3969058   46.99876  -46.90872    32.8119    32.8270     6.1008     6.0992    25.8116    25.8237    7.04684    7.17992         37 0.0000e+00
      10807    450.240     21.000     6.0834   3.250298     6.0841   3.251708      86.14     0.0871     3.3579     3.0052  1.7241305  1.3938487   46.99876  -46.90872    32.8113    32.8264     6.0817     6.0824    25.8135    25.8253    7.04357    7.18768         60 0.0000e+00
      10866    452.711     22.000     6.0781   3.249875     6.0734   3.250831      91.78     0.0915     3.3560     3.0062  1.7244128  1.3908927   46.99876  -46.90872    32.8112    32.8264     6.0763     6.0716    25.8141    25.8267    7.04014    7.19555         49 0.0000e+00
      10908    454.448     23.000     6.0625   3.248541     6.0631   3.249985      86.59     0.0962     3.3554     3.0057  1.7240517  1.3906219   46.99876  -46.90872    32.8108    32.8265     6.0607     6.0612    25.8157    25.8280    7.03992    7.18493         38 0.0000e+00
      10949    456.153     24.000     6.0799   3.250167     6.0795   3.251482      80.54     0.0902     3.3553     3.0054  1.7240537  1.3884276   46.99876  -46.90873    32.8118    32.8268     6.0779     6.0775    25.8143    25.8263    7.04354    7.19743         47 0.0000e+00
      11001    458.321     25.000     6.0234   3.245261     6.0280   3.246987      96.52     0.0892     3.3557     3.0076  1.7219741  1.3882740   46.99876  -46.90874    32.8110    32.8259     6.0214     6.0260    25.8207    25.8319    7.05006    7.20800         49 0.0000e+00
      11041    460.008     26.000     5.9896   3.242394     5.9880   3.243644      95.73     0.0848     3.3510     3.0043  1.7241997  1.3871297   46.99876  -46.90874    32.8111    32.8265     5.9875     5.9860    25.8250    25.8373    6.99633    7.15220         38 0.0000e+00
      11083    461.756     27.000     5.9475   3.238813     5.9465   3.240127      79.02     0.0867     3.3421     2.9937  1.7243397  1.3826237   46.99876  -46.90874    32.8113    32.8270     5.9453     5.9443    25.8303    25.8428    7.02773    7.15327         50 0.0000e+00
      11141    464.172     28.000     5.9221   3.236703     5.9165   3.237555      78.61     0.0880     3.3528     2.9967  1.7263962  1.3777014   46.99876  -46.90874    32.8118    32.8267     5.9198     5.9143    25.8337    25.8462    7.13055    7.23204         56 0.0000e+00
      11185    465.982     29.000     5.8121   3.227471     5.7935   3.227508      95.83     0.0951     3.3637     3.0035  1.7264960  1.3728056   46.99876  -46.90874    32.8143    32.8327     5.8097     5.7912    25.8490    25.8658    7.16814    7.29042         36 0.0000e+00
      11222    467.553     30.000     5.4494   3.196913     5.4563   3.199195      81.12     0.0909     3.3710     3.0112  1.7283252  1.3680177   46.99876  -46.90874    32.8214    32.8407     5.4471     5.4539    25.8975    25.9120    7.22728    7.34293         39 0.0000e+00
      11260    469.138     31.000     5.2478   3.180127     5.2479   3.181664      95.99     0.0989     3.3673     3.0079  1.7331680  1.3545089   46.99876  -46.90874    32.8271    32.8446     5.2455     5.2456    25.9253    25.9392    7.12708    7.26410         37 0.0000e+00
      11298    470.714     32.000     5.2032   3.176628     5.2036   3.178144      63.20     0.1057     3.3406     2.9863  1.7381483  1.3311772   46.99876  -46.90876    32.8304    32.8473     5.2008     5.2012    25.9331    25.9464    7.03003    7.15098         42 0.0000e+00
      11370    473.712     33.000     5.1815   3.175111     5.2025   3.178346      90.76     0.1103     3.3440     2.9769  1.7375202  1.2969915   46.99876  -46.90876    32.8339    32.8502     5.1790     5.2000    25.9383    25.9488    7.28771    7.34240         94 0.0000e+00
      11433    476.338     34.000     4.8108   3.145861     4.8087   3.147561      82.62     0.1134     3.3747     3.0055  1.7364892  1.2963803   46.99876  -46.90876    32.8622    32.8840     4.8084     4.8063    26.0016    26.0191    7.36428    7.46754         31 0.0000e+00
      11458    477.366     35.000     4.2107   3.098474     4.2189   3.100979      88.15     0.1213     3.3688     3.0014  1.7390876  1.2888941   46.99876  -46.90876    32.9068    32.9281     4.2083     4.2165    26.1004    26.1164    7.37914    7.47537         24 0.0000e+00
      11480    478.307     36.000     3.8189   3.067684     3.7131   3.061462      95.81     0.1292     3.3648     2.9978  1.7410908  1.2834278   46.99876  -46.90876    32.9362    32.9691     3.8166     3.7108    26.1626    26.1990    7.44878    7.56954         23 0.0000e+00
      11510    479.538     37.000     3.7223   3.060092     3.6950   3.059587      82.78     0.1405     3.3591     2.9951  1.7540647  1.2293169   46.99876  -46.90876    32.9431    32.9646     3.7199     3.6927    26.1775    26.1972    7.47593    7.59835         41 0.0000e+00
      11619    484.094     38.000     3.7808   3.065453     3.7998   3.068375      91.18     0.1311     3.3519     2.9928  1.7612418  1.1396909   46.99876  -46.90878    32.9458    32.9627     3.7797     3.7974    26.1739    26.1855    7.44472    7.54095         64 0.0000e+00
      11651    485.400     39.000     3.5531   3.047472     3.4939   3.044647      77.50     0.1354     3.3448     2.9842  1.7607397  1.1382073   46.99876  -46.90878    32.9627    32.9879     3.5507     3.4916    26.2092    26.2347    7.46240    7.57259         25 0.0000e+00
      11676    486.448     40.000     3.4550   3.040043     3.4228   3.038886      89.98     0.1336     3.3429     2.9834  1.7606843  1.1326017   46.99876  -46.90878    32.9727    32.9916     3.4526     3.4204    26.2263    26.2443    7.52890    7.65777         27 0.0000e+00
      11715    488.102     41.000     3.3571   3.032549     3.3157   3.030742      70.33     0.1246     3.3488     2.9916  1.7646891  1.1065826   46.99876  -46.90878    32.9817    33.0032     3.3546     3.3132    26.2425    26.2634    7.56443    7.69239         59 0.0000e+00
      11770    490.384     42.000     3.1451   3.015966     3.1649   3.019147      86.76     0.1228     3.3407     2.9854  1.7655320  1.0803031   46.99876  -46.90878    32.9974    33.0156     3.1426     3.1624    26.2742    26.2868    7.48733    7.59557         37 0.0000e+00
      11812    492.112     43.000     2.9066   2.997492     2.9169   2.999788      80.10     0.1135     3.3286     2.9719  1.7699260  1.0767121   46.99876  -46.90878    33.0171    33.0343     2.9041     2.9144    26.3106    26.3235    7.51881    7.60616         58 0.0000e+00
      11902    495.864     44.000     2.8455   2.992720     2.8420   2.994357      84.52     0.1036     3.3079     2.9496  1.7776271  1.0255752   46.99876  -46.90880    33.0211    33.0447     2.8431     2.8395    26.3190    26.3381    7.50012    7.58679         40 0.0000e+00
      11922    496.719     45.000     2.5780   2.971941     2.5781   2.973665      96.34     0.0975     3.3043     2.9456  1.7777869  1.0280478   46.99876  -46.90880    33.0420    33.0631     2.5756     2.5756    26.3581    26.3750    7.51716    7.59721         23 0.0000e+00
      11947    497.738     46.000     2.3472   2.954006     2.3507   2.956062      73.63     0.0947     3.2965     2.9381  1.7800174  1.0086457   46.99876  -46.90880    33.0595    33.0813     2.3448     2.3483    26.3906    26.4078    7.53443    7.61491         28 0.0000e+00
      11983    499.253     47.000     2.0940   2.934489     2.0938   2.936189      80.15     0.0863     3.2875     2.9291  1.7839154  0.9891047   46.99876  -46.90880    33.0802    33.1017     2.0917     2.0914    26.4268    26.4440    7.57641    7.65297         49 0.0000e+00
      12044    501.795     48.000     1.7900   2.911150     1.7832   2.912186      85.00     0.0799     3.2670     2.9105  1.7911808  0.9513645   46.99874  -46.90880    33.1060    33.1261     1.7877     1.7809    26.4700    26.4866    7.51056    7.59673         59 0.0000e+00
      12090    503.713     49.000     1.5815   2.895137     1.5854   2.897106      80.32     0.0776     3.2422     2.8881  1.7997444  0.9392948   46.99874  -46.90880    33.1230    33.1438     1.5792     1.5831    26.4983    26.5147    7.47231    7.56034         42 0.0000e+00
      12137    505.675     50.000     1.3845   2.880141     1.3820   2.881527      87.62     0.0775     3.2233     2.8723  1.8071034  0.9039421   46.99874  -46.90880    33.1406    33.1608     1.3822     1.3798    26.5258    26.5422    7.51078    7.60915         54 0.0000e+00
      12190    507.855     51.000     1.1355   2.861231     1.1327   2.862728      54.76     0.0749     3.2069     2.8612  1.8130834  0.8628181   46.99874  -46.90880    33.1630    33.1852     1.1333     1.1305    26.5600    26.5780    7.52723    7.65253         44 0.0000e+00
      12224    509.300     52.000     0.8057   2.835997     0.7974   2.837169      78.98     0.0708     3.1968     2.8538  1.8195822  0.8455426   46.99874  -46.90880    33.1900    33.2141     0.8037     0.7953    26.6019    26.6217    7.54462    7.66983         29 0.0000e+00
      12254    510.544     53.000     0.5600   2.817746     0.5609   2.819480      82.96     0.0676     3.1837     2.8443  1.8254050  0.8338588   46.99874  -46.90881    33.2166    33.2382     0.5580     0.5589    26.6374    26.6548    7.53181    7.66207         34 0.0000e+00
      12311    512.911     54.000     0.4888   2.812663     0.4876   2.814073      87.28     0.0591     3.1622     2.8264  1.8405839  0.7780611   46.99874  -46.90882    33.2265    33.2462     0.4868     0.4856    26.6494    26.6653    7.52481    7.65179         78 0.0000e+00
      12377    515.650     55.000     0.4095   2.807003     0.3878   2.806987      80.62     0.0633     3.1418     2.8132  1.8487082  0.7658402   46.99872  -46.90882    33.2376    33.2608     0.4075     0.3858    26.6627    26.6825    7.46899    7.64740         46 0.0000e+00
      12412    517.139     56.000     0.1817   2.790443     0.1824   2.792056      96.38     0.0634     3.1293     2.8064  1.8540025  0.7578514   46.99872  -46.90882    33.2665    33.2869     0.1798     0.1805    26.6979    26.7143    7.49427    7.68289         31 0.0000e+00
      12441    518.340     57.000     0.0789   2.783905     0.0806   2.785471      72.76     0.0626     3.1218     2.8022  1.8587959  0.7384238   46.99872  -46.90882    33.2915    33.3103     0.0770     0.0787    26.7232    26.7383    7.52478    7.69973         27 0.0000e+00
      12471    519.581     58.000     0.1250   2.789844     0.1230   2.790831      89.24     0.0635     3.1156     2.7978  1.8688002  0.7139621   46.99872  -46.90882    33.3189    33.3342     0.1231     0.1210    26.7431    26.7555    7.49852    7.66954         36 0.0000e+00
