data/CTD/2013/CNV/D021A003.CNV
* Sea-Bird SBE 9 Data File:
* FileName = C:\CTD_ACQUISITION\2013021HUD\ctddata\021A003.hdr
* Software Version Seasave V 7.22.2
* Temperature SN = 5081
* Conductivity SN = 3561
* Number of Bytes Per Scan = 37
* Number of Voltage Words = 4
* Number of Scans Averaged by the Deck Unit = 1
* NMEA Latitude = 44 16.04 N
* NMEA Longitude = 063 19.10 W
* NMEA UTC (Time) = Jun 28 2013 23:37:56
* NMEA baud rate = 9600
** Ship: Hudson
** Cruise: HUD2013021
** Chief_Scientist: Greenan
** Organization: BIO
** Area_of_Operation: Sackville Spur
** Station: 3
** Sounding:  141
** Event_Comments: HL2  393103
# nquan = 25
# nvalues = 146                         
# units = specified
# name 0 = scan: Scan Count
# name 1 = timeS: Time, Elapsed [seconds]
# name 2 = prDM: Pressure, Digiquartz [db]
# name 3 = t068C: Temperature [ITS-68, deg C]
# name 4 = c0S/m: Conductivity [S/m]
# name 5 = t168C: Temperature, 2 [ITS-68, deg C]
# name 6 = c1S/m: Conductivity, 2 [S/m]
# name 7 = altM: Altimeter [m]
# name 8 = flCUVA: Fluorescence, Chelsea UV Aquatracka [ug/l]
# name 9 = sbeox0V: Oxygen raw, SBE 43 [V]
# name 10 = sbeox1V: Oxygen raw, SBE 43, 2 [V]
# name 11 = upoly0: Upoly 0, Optode 4330F - O2 D-Phase
# name 12 = upoly1: Upoly 1, Optode 4330F - O2 Temp
# name 13 = latitude: Latitude [deg]
# name 14 = longitude: Longitude [deg]
# name 15 = sal00: Salinity, Practical [PSU]
# name 16 = sal11: Salinity, Practical, 2 [PSU]
# name 17 = potemp068C: Potential Temperature [ITS-68, deg C]
# name 18 = potemp168C: Potential Temperature, 2 [ITS-68, deg C]
# name 19 = sigma-é00: Density [sigma-theta, Kg/m^3]
# name 20 = sigma-é11: Density, 2 [sigma-theta, Kg/m^3]
# name 21 = sbeox0ML/L: Oxygen, SBE 43 [ml/l], WS = 2
# name 22 = sbeox1ML/L: Oxygen, SBE 43, 2 [ml/l], WS = 2
# name 23 = nbin: number of scans per bin
# name 24 = flag: flag
# span 0 =      11559,      20104       
# span 1 =    481.569,    837.631       
# span 2 =      1.000,    146.000       
# span 3 =     3.4957,    13.1926       
# span 4 =   2.957489,   3.724154       
# span 5 =     3.4985,    13.1997       
# span 6 =   2.958992,   3.711993       
# span 7 =       8.80,      97.15       
# span 8 =     0.0218,     0.2230       
# span 9 =     2.0570,     3.5129       
# span 10 =     1.8473,     3.0547      
# span 11 =  1.5961133,  2.3390501      
# span 12 =  1.1211661,  2.2785620      
# span 13 =   44.26611,   44.26650      
# span 14 =  -63.32004,  -63.31945      
# span 15 =    31.0678,    34.5750      
# span 16 =    31.0795,    34.5495      
# span 17 =     3.4936,    13.1922      
# span 18 =     3.4964,    13.1994      
# span 19 =    23.3119,    26.7123      
# span 20 =    23.3195,    26.7093      
# span 21 =    3.43585,    7.80125      
# span 22 =    3.62275,    7.60195      
# span 23 =         18,        130      
# span 24 = 0.0000e+00, 0.0000e+00      
# interval = decibars: 1                
# start_time = Jun 28 2013 23:37:56 [NMEA time, header]
# bad_flag = -9.990e-29
*END*
[from data line 116]
      16880    703.309    117.000     6.7439   3.382059     6.7429   3.383263      35.15     0.0277     2.7686     2.3353  2.0048840  1.4380170   44.26628  -63.31982    33.5847    33.5989     6.7335     6.7325    26.3400    26.3513    5.14868    4.89928         41 0.0000e+00
      16931    705.426    118.000     6.8324   3.392150     6.8244   3.392629      34.17     0.0264     2.6618     2.2445  2.0050976  1.4447877   44.26628  -63.31984    33.6086    33.6217     6.8218     6.8139    26.3470    26.3584    4.71372    4.54633         65 0.0000e+00
      16993    707.995    119.000     7.1729   3.432272     7.1626   3.432400      33.69     0.0317     2.5466     2.1621  2.0065973  1.4505714   44.26628  -63.31984    33.7152    33.7267     7.1619     7.1516    26.3848    26.3953    4.61635    4.52904         43 0.0000e+00
      17022    709.194    120.000     7.4135   3.461105     7.4003   3.461096      33.02     0.0332     2.5255     2.1482  2.0024242  1.4591364   44.26628  -63.31984    33.7936    33.8064     7.4022     7.3890    26.4129    26.4248    4.59394    4.46087         24 0.0000e+00
      17046    710.216    121.000     7.6215   3.487987     7.6140   3.488361      32.85     0.0301     2.5050     2.1293  2.0015662  1.4669793   44.26626  -63.31984    33.8816    33.8929     7.6098     7.6024    26.4526    26.4625    4.50005    4.34135         27 0.0000e+00
      17109    712.838    122.000     7.6676   3.494960     7.6405   3.492475      31.72     0.0319     2.4531     2.0804  2.0094268  1.5193684   44.26626  -63.31984    33.9119    33.9111     7.6555     7.6287    26.4698    26.4730    4.40712    4.25099         69 0.0000e+00
      17168    715.307    123.000     7.7198   3.502399     7.7067   3.501927      31.57     0.0290     2.4170     2.0471  2.0343292  1.5326877   44.26626  -63.31984    33.9404    33.9480     7.7079     7.6948    26.4846    26.4925    4.30661    4.15560         29 0.0000e+00
      17197    716.519    124.000     7.7404   3.507420     7.7396   3.508668      30.70     0.0336     2.3941     2.0273  2.0420578  1.5399276   44.26626  -63.31985    33.9740    33.9882     7.7283     7.7280    26.5081    26.5194    4.24119    4.09748         34 0.0000e+00
      17251    718.742    125.000     7.8012   3.515803     7.8013   3.517237      29.40     0.0304     2.3649     2.0034  2.0613942  1.5555176   44.26626  -63.31986    34.0044    34.0196     7.7890     7.7891    26.5231    26.5351    4.22907    4.08266         71 0.0000e+00
      17310    721.224    126.000     8.1253   3.555750     8.1005   3.554148      28.64     0.0279     2.3438     1.9826  2.0853744  1.5596777   44.26626  -63.31986    34.1160    34.1234     8.1127     8.0879    26.5633    26.5725    4.14346    3.99617         46 0.0000e+00
      17352    722.939    127.000     8.1731   3.561707     8.1735   3.563102      27.69     0.0291     2.3281     1.9718  2.0933957  1.5827729   44.26626  -63.31986    34.1330    34.1474     8.1603     8.1607    26.5693    26.5806    4.12353    4.00650         37 0.0000e+00
      17386    724.357    128.000     8.1943   3.564172     8.1991   3.566124      26.10     0.0313     2.3220     1.9690  2.1018186  1.5969850   44.26626  -63.31986    34.1382    34.1543     8.1814     8.1862    26.5702    26.5821    4.13249    4.00392         32 0.0000e+00
      17421    725.818    129.000     8.3162   3.578678     8.3268   3.581362      25.80     0.0307     2.3174     1.9650  2.1152062  1.6092477   44.26625  -63.31986    34.1736    34.1918     8.3030     8.3136    26.5796    26.5923    4.11258    3.98157         44 0.0000e+00
      17514    729.714    130.000     8.3800   3.586410     8.3285   3.581697      24.42     0.0263     2.3075     1.9552  2.1488159  1.6303890   44.26624  -63.31988    34.1933    34.1931     8.3666     8.3152    26.5854    26.5932    4.08385    3.95006         70 0.0000e+00
      17551    731.256    131.000     8.3876   3.587288     8.3881   3.588677      23.45     0.0250     2.3034     1.9507  2.1576886  1.6253240   44.26624  -63.31988    34.1947    34.2090     8.3742     8.3746    26.5854    26.5965    4.07468    3.93852         26 0.0000e+00
      17577    732.349    132.000     8.4012   3.588860     8.4002   3.590151      23.12     0.0276     2.3003     1.9492  2.1622808  1.6310391   44.26624  -63.31988    34.1978    34.2124     8.3877     8.3867    26.5857    26.5973    4.06788    3.94708         29 0.0000e+00
      17620    734.133    133.000     8.4675   3.596659     8.4611   3.597268      21.95     0.0251     2.2964     1.9466  2.1750979  1.6446410   44.26624  -63.31988    34.2155    34.2282     8.4538     8.4474    26.5895    26.6005    4.04558    3.91695         67 0.0000e+00
      17707    737.735    134.000     8.5101   3.601825     8.5110   3.603302      20.77     0.0218     2.2802     1.9331  2.1933041  1.6530830   44.26624  -63.31988    34.2285    34.2433     8.4962     8.4971    26.5932    26.6046    4.00042    3.88709         69 0.0000e+00
      17742    739.227    135.000     8.5220   3.603512     8.5223   3.604933      20.11     0.0272     2.2809     1.9366  2.1954532  1.6532594   44.26624  -63.31988    34.2343    34.2490     8.5080     8.5083    26.5959    26.6074    4.01199    3.89101         26 0.0000e+00
      17769    740.322    136.000     8.5951   3.612760     8.5952   3.614193      19.26     0.0277     2.2729     1.9279  2.1988595  1.6582400   44.26624  -63.31988    34.2606    34.2757     8.5809     8.5810    26.6053    26.6171    3.92159    3.79823         31 0.0000e+00
      17848    743.618    137.000     8.6430   3.618920     8.6133   3.616654      17.96     0.0290     2.2375     1.9010  2.2149298  1.6761419   44.26622  -63.31990    34.2788    34.2836     8.6286     8.5990    26.6121    26.6205    3.84539    3.75807         56 0.0000e+00
      17896    745.617    138.000     8.8940   3.650236     8.8996   3.652416      17.28     0.0299     2.2256     1.8936  2.2235916  1.6776564   44.26622  -63.31990    34.3644    34.3819     8.8793     8.8849    26.6399    26.6527    3.84140    3.74084         25 0.0000e+00
      17920    746.644    139.000     8.9657   3.659310     8.9716   3.661404      16.42     0.0303     2.2239     1.8914  2.2249098  1.6833942   44.26622  -63.31990    34.3897    34.4059     8.9508     8.9566    26.6484    26.6602    3.82286    3.72208         28 0.0000e+00
      17987    749.409    140.000     8.9916   3.662601     8.9776   3.662361      15.06     0.0297     2.2118     1.8818  2.2338297  1.7071207   44.26622  -63.31990    34.3986    34.4096     8.9765     8.9626    26.6513    26.6621    3.78222    3.69601         75 0.0000e+00
      18053    752.184    141.000     9.0408   3.668620     9.0290   3.668561      14.26     0.0326     2.2019     1.8765  2.2439196  1.7207857   44.26620  -63.31990    34.4135    34.4229     9.0256     9.0138    26.6551    26.6654    3.76970    3.69332         30 0.0000e+00
      18080    753.280    142.000     9.1090   3.677165     9.1001   3.677402      13.48     0.0281     2.1993     1.8752  2.2489376  1.7204331   44.26620  -63.31990    34.4363    34.4474     9.0936     9.0847    26.6621    26.6722    3.75408    3.67964         28 0.0000e+00
      18137    755.670    143.000     9.1171   3.678295     9.1009   3.677699      12.20     0.0263     2.1942     1.8723  2.2596624  1.7346637   44.26620  -63.31991    34.4398    34.4491     9.1016     9.0854    26.6635    26.6734    3.74421    3.67575         88 0.0000e+00
      18221    759.159    144.000     9.1198   3.678512     9.1168   3.679450      10.98     0.0256     2.1870     1.8689  2.2706385  1.7408834   44.26620  -63.31992    34.4389    34.4517     9.1042     9.1012    26.6624    26.6729    3.73117    3.66959         46 0.0000e+00
      18521    771.647    145.000     9.1242   3.679084     9.1209   3.680260      10.07     0.0259     2.1649     1.8664  2.2905571  1.7536083   44.26619  -63.31994    34.4398    34.4556     9.1088     9.1052    26.6624    26.6753    3.68248    3.66737        130 0.0000e+00
      20104    837.631    146.000     9.4700   3.724154     9.3653   3.711993       8.80     0.0283     2.0570     1.8473  2.3390501  1.7813625   44.26611  -63.32004    34.5750    34.5495     9.4535     9.3491    26.7123    26.7093    3.43585    3.62275         18 0.0000e+00
