data/CTD/2013/CNV/D021A029.CNV
* Sea-Bird SBE 9 Data File:
* FileName = C:\CTD_ACQUISITION\2013021HUD\ctddata\021A029.hdr
* Software Version Seasave V 7.22.2
* Temperature SN = 5081
* Conductivity SN = 3561
* Number of Bytes Per Scan = 37
* Number of Voltage Words = 4
* Number of Scans Averaged by the Deck Unit = 1
* NMEA Latitude = 47 58.52 N
* NMEA Longitude = 046 09.24 W
* NMEA UTC (Time) = Jul 03 2013 02:14:03
* NMEA baud rate = 9600
** Ship: Hudson
** Cruise: HUD2013021
** Chief_Scientist: Greenan
** Organization: BIO
** Area_of_Operation: Sackville Spur
** Station: 29
** Sounding:  1088
** Event_Comments: SS17  393133
# nquan = 25
# nvalues = 1076                        
# units = specified
# name 0 = scan: Scan Count
# name 1 = timeS: Time, Elapsed [seconds]
# name 2 = prDM: Pressure, Digiquartz [db]
# name 3 = t068C: Temperature [ITS-68, deg C]
# name 4 = c0S/m: Conductivity [S/m]
# name 5 = t168C: Temperature, 2 [ITS-68, deg C]
# name 6 = c1S/m: Conductivity, 2 [S/m]
# name 7 = altM: Altimeter [m]
# name 8 = flCUVA: Fluorescence, Chelsea UV Aquatracka [ug/l]
# name 9 = sbeox0V: Oxygen raw, SBE 43 [V]
# name 10 = sbeox1V: Oxygen raw, SBE 43, 2 [V]
# name 11 = upoly0: Upoly 0, Optode 4330F - O2 D-Phase
# name 12 = upoly1: Upoly 1, Optode 4330F - O2 Temp
# name 13 = latitude: Latitude [deg]
# name 14 = longitude: Longitude [deg]
# name 15 = sal00: Salinity, Practical [PSU]
# name 16 = sal11: Salinity, Practical, 2 [PSU]
# name 17 = potemp068C: Potential Temperature [ITS-68, deg C]
# name 18 = potemp168C: Potential Temperature, 2 [ITS-68, deg C]
# name 19 = sigma-é00: Density [sigma-theta, Kg/m^3]
# name 20 = sigma-é11: Density, 2 [sigma-theta, Kg/m^3]
# name 21 = sbeox0ML/L: Oxygen, SBE 43 [ml/l], WS = 2
# name 22 = sbeox1ML/L: Oxygen, SBE 43, 2 [ml/l], WS = 2
# name 23 = nbin: number of scans per bin
# name 24 = flag: flag
# span 0 =      13021,      39397       
# span 1 =    542.480,   1641.489       
# span 2 =      2.000,   1077.000       
# span 3 =     0.2254,     5.8334       
# span 4 =   2.813377,   3.292251       
# span 5 =     0.2228,     5.8332       
# span 6 =   2.815063,   3.293578       
# span 7 =       2.32,     100.24       
# span 8 =     0.0043,     0.4148       
# span 9 =     2.5194,     3.3862       
# span 10 =     2.2661,     3.0331      
# span 11 =  1.7248918,  2.0370747      
# span 12 =  0.7266827,  1.3577852      
# span 13 =   47.97516,   47.97566      
# span 14 =  -46.15358,  -46.15198      
# span 15 =    32.5958,    34.9145      
# span 16 =    32.6107,    34.9307      
# span 17 =     0.2236,     5.8319      
# span 18 =     0.2210,     5.8317      
# span 19 =    25.6740,    27.7569      
# span 20 =    25.6858,    27.7698      
# span 21 =    5.85210,    7.73150      
# span 22 =    6.06779,    7.84168      
# span 23 =         10,        125      
# span 24 = 0.0000e+00, 0.0000e+00      
# interval = decibars: 1                
# start_time = Jul 03 2013 02:14:03 [NMEA time, header]
# bad_flag = -9.990e-29
*END*
[from data line 928]
      36048   1501.949    930.000     3.8388   3.274215     3.8372   3.275438      71.36     0.0092     2.6288     2.3637  1.9931425  1.1047267   47.97542  -46.15208    34.9008    34.9170     3.7694     3.7678    27.7312    27.7443    6.06461    6.25745         17 0.0000e+00
      36060   1502.444    931.000     3.8353   3.273955     3.8342   3.275217      95.59     0.0107     2.6286     2.3634  1.9931093  1.1047447   47.97542  -46.15208    34.9009    34.9171     3.7659     3.7690    27.7317    27.7446    6.06676    6.26356         14 0.0000e+00
      36072   1502.960    932.000     3.8333   3.273842     3.8329   3.275155      96.49     0.0127     2.6288     2.3632  1.9914466  1.1044500   47.97542  -46.15208    34.9011    34.9172     3.7639     3.7634    27.7320    27.7449    6.06771    6.26410         11 0.0000e+00
      36083   1503.434    933.000     3.8318   3.273754     3.8315   3.275079      96.20     0.0136     2.6288     2.3631  1.9914529  1.1049011   47.97542  -46.15208    34.9012    34.9172     3.7623     3.7619    27.7322    27.7451    6.06653    6.26475         12 0.0000e+00
      36095   1503.904    934.000     3.8304   3.273673     3.8301   3.274996      92.81     0.0146     2.6284     2.3629  1.9914529  1.1042464   47.97542  -46.15207    34.9012    34.9172     3.7608     3.7604    27.7324    27.7452    6.06267    6.26577         11 0.0000e+00
      36106   1504.378    935.000     3.8300   3.273675     3.8296   3.275002      43.18     0.0133     2.6286     2.3626  1.9913412  1.1046760   47.97542  -46.15206    34.9011    34.9172     3.7603     3.7599    27.7324    27.7453    6.05684    6.26635         11 0.0000e+00
      36118   1504.894    936.000     3.8298   3.273696     3.8294   3.275024      78.68     0.0110     2.6275     2.3627  1.9908445  1.1035283   47.97542  -46.15206    34.9010    34.9172     3.7600     3.7596    27.7324    27.7453    6.05316    6.26836         14 0.0000e+00
      36133   1505.518    937.000     3.8297   3.273726     3.8292   3.275050      95.36     0.0097     2.6269     2.3624  1.9908770  1.1035680   47.97543  -46.15206    34.9010    34.9172     3.7599     3.7593    27.7323    27.7453    6.05984    6.26791         17 0.0000e+00
      36165   1506.846    938.000     3.8291   3.273711     3.8291   3.275058      81.17     0.0102     2.6267     2.3622  1.9925073  1.1034456   47.97544  -46.15206    34.9009    34.9169     3.7592     3.7592    27.7323    27.7451    6.06046    6.26830         52 0.0000e+00
      36211   1508.731    939.000     3.8286   3.273707     3.8287   3.275070      96.74     0.0148     2.6257     2.3613  1.9924116  1.1034926   47.97544  -46.15206    34.9009    34.9170     3.7586     3.7586    27.7324    27.7452    6.06160    6.26423         29 0.0000e+00
      36236   1509.786    940.000     3.8272   3.273627     3.8267   3.274945      85.15     0.0157     2.6258     2.3612  1.9914582  1.1033463   47.97544  -46.15206    34.9010    34.9171     3.7571     3.7566    27.7326    27.7455    6.05879    6.26530         25 0.0000e+00
      36261   1510.850    941.000     3.8268   3.273646     3.8263   3.274961      70.35     0.0130     2.6240     2.3606  1.9927429  1.1036433   47.97544  -46.15205    34.9011    34.9171     3.7566     3.7562    27.7327    27.7456    6.04196    6.26197         25 0.0000e+00
      36285   1511.822    942.000     3.8267   3.273683     3.8262   3.275002      60.04     0.0108     2.6236     2.3604  1.9933461  1.1033943   47.97544  -46.15204    34.9011    34.9173     3.7564     3.7560    27.7328    27.7457    6.04752    6.26851         22 0.0000e+00
      36304   1512.643    943.000     3.8266   3.273724     3.8262   3.275043      60.17     0.0132     2.6224     2.3601  1.9931494  1.1035135   47.97544  -46.15204    34.9012    34.9173     3.7563     3.7558    27.7329    27.7457    6.05224    6.26848         18 0.0000e+00
      36322   1513.362    944.000     3.8265   3.273775     3.8261   3.275082      49.36     0.0119     2.6228     2.3603  1.9932088  1.1032482   47.97544  -46.15204    34.9013    34.9173     3.7561     3.7557    27.7330    27.7458    6.05127    6.26805         16 0.0000e+00
      36338   1514.023    945.000     3.8265   3.273803     3.8260   3.275119      87.55     0.0103     2.6213     2.3599  1.9927485  1.1032510   47.97546  -46.15202    34.9012    34.9173     3.7560     3.7555    27.7329    27.7458    6.04471    6.26480         16 0.0000e+00
      36353   1514.658    946.000     3.8265   3.273854     3.8260   3.275173      95.13     0.0115     2.6220     2.3597  1.9931571  1.1033765   47.97546  -46.15202    34.9013    34.9174     3.7559     3.7555    27.7330    27.7459    6.04483    6.26394         15 0.0000e+00
      36368   1515.289    947.000     3.8261   3.273864     3.8258   3.275182      84.21     0.0118     2.6201     2.3593  1.9933245  1.1033782   47.97546  -46.15202    34.9013    34.9173     3.7554     3.7551    27.7331    27.7458    6.04766    6.26039         15 0.0000e+00
      36383   1515.930    948.000     3.8237   3.273702     3.8235   3.275028      83.99     0.0132     2.6208     2.3590  1.9930587  1.1034033   47.97546  -46.15202    34.9014    34.9173     3.7530     3.7528    27.7334    27.7461    6.05758    6.25990         16 0.0000e+00
      36399   1516.598    949.000     3.8212   3.273520     3.8208   3.274842      53.96     0.0106     2.6206     2.3583  1.9932069  1.1029496   47.97546  -46.15202    34.9014    34.9175     3.7504     3.7500    27.7337    27.7465    6.04901    6.25637         16 0.0000e+00
      36417   1517.329    950.000     3.8200   3.273461     3.8196   3.274786      95.70     0.0087     2.6197     2.3578  1.9929327  1.1029496   47.97546  -46.15202    34.9014    34.9176     3.7492     3.7487    27.7338    27.7467    6.04711    6.26228         19 0.0000e+00
      36439   1518.244    951.000     3.8196   3.273466     3.8192   3.274789      96.29     0.0076     2.6195     2.3576  1.9932882  1.1027982   47.97546  -46.15202    34.9014    34.9176     3.7487     3.7482    27.7338    27.7467    6.04446    6.25280         27 0.0000e+00
      36491   1520.416    952.000     3.8194   3.273482     3.8197   3.274855      81.70     0.0127     2.6137     2.3514  1.9939314  1.1025423   47.97546  -46.15203    34.9013    34.9173     3.7484     3.7486    27.7337    27.7465    5.98506    6.19087         66 0.0000e+00
      36532   1522.127    953.000     3.8184   3.273457     3.8180   3.274776      71.80     0.0075     2.6075     2.3451  1.9937806  1.1025641   47.97546  -46.15202    34.9015    34.9176     3.7473     3.7469    27.7340    27.7469    5.98317    6.18090         22 0.0000e+00
      36551   1522.899    954.000     3.8165   3.273340     3.8161   3.274658      41.02     0.0056     2.6049     2.3431  1.9936763  1.1033040   47.97546  -46.15202    34.9017    34.9177     3.7453     3.7449    27.7344    27.7472    5.97225    6.18625         17 0.0000e+00
      36566   1523.537    955.000     3.8163   3.273395     3.8159   3.274710      43.57     0.0076     2.6035     2.3417  1.9935427  1.1030824   47.97546  -46.15202    34.9020    34.9180     3.7451     3.7447    27.7346    27.7474    5.97441    6.18489         14 0.0000e+00
      36579   1524.099    956.000     3.8184   3.273669     3.8176   3.274947      85.19     0.0068     2.6020     2.3402  1.9938080  1.1030322   47.97546  -46.15202    34.9025    34.9185     3.7471     3.7462    27.7349    27.7477    5.96751    6.18291         13 0.0000e+00
      36592   1524.609    957.000     3.8224   3.274152     3.8215   3.275433      11.02     0.0077     2.6001     2.3396  1.9935876  1.1030732   47.97546  -46.15202    34.9035    34.9196     3.7510     3.7500    27.7352    27.7482    5.96192    6.18414         12 0.0000e+00
      36603   1525.102    958.000     3.8237   3.274331     3.8231   3.275639      72.65     0.0075     2.5991     2.3386  1.9930837  1.1025668   47.97548  -46.15200    34.9038    34.9199     3.7521     3.7515    27.7353    27.7483    5.96791    6.18078         12 0.0000e+00
      36615   1525.590    959.000     3.8235   3.274360     3.8231   3.275684      95.47     0.0087     2.5978     2.3377  1.9934763  1.1025641   47.97548  -46.15200    34.9038    34.9199     3.7519     3.7514    27.7354    27.7483    5.97211    6.17997         12 0.0000e+00
      36627   1526.096    960.000     3.8230   3.274372     3.8226   3.275690      69.32     0.0097     2.5980     2.3368  1.9935880  1.1025641   47.97548  -46.15200    34.9039    34.9200     3.7513     3.7509    27.7355    27.7484    5.98023    6.18162         12 0.0000e+00
      36641   1526.651    961.000     3.8233   3.274459     3.8228   3.275771      57.45     0.0090     2.5966     2.3360  1.9947568  1.1024849   47.97548  -46.15200    34.9042    34.9202     3.7515     3.7510    27.7357    27.7485    5.97512    6.17943         15 0.0000e+00
      36658   1527.390    962.000     3.8230   3.274472     3.8226   3.275791      84.47     0.0108     2.5959     2.3348  1.9957178  1.1024600   47.97548  -46.15200    34.9041    34.9202     3.7511     3.7507    27.7357    27.7486    5.97686    6.17790         23 0.0000e+00
      36732   1530.464    963.000     3.8229   3.274463     3.8229   3.275817      97.04     0.0106     2.5910     2.3323  1.9993194  1.1027340   47.97548  -46.15200    34.9036    34.9197     3.7509     3.7509    27.7353    27.7481    5.96463    6.18244         28 0.0000e+00
      36758   1531.542    964.000     3.8229   3.274568     3.8226   3.275884      96.56     0.0140     2.5917     2.3310  2.0005703  1.1026455   47.97548  -46.15200    34.9043    34.9202     3.7509     3.7506    27.7359    27.7486    5.97264    6.17118         15 0.0000e+00
      36772   1532.105    965.000     3.8229   3.274628     3.8225   3.275941      69.54     0.0136     2.5897     2.3307  2.0009160  1.1026659   47.97548  -46.15200    34.9045    34.9205     3.7508     3.7504    27.7360    27.7489    5.95538    6.16765         12 0.0000e+00
      36784   1532.607    966.000     3.8207   3.274460     3.8202   3.275773      45.94     0.0143     2.5897     2.3296  2.0009158  1.1029729   47.97548  -46.15200    34.9043    34.9204     3.7486     3.7481    27.7361    27.7490    5.96833    6.16725         12 0.0000e+00
      36795   1533.078    967.000     3.8194   3.274402     3.8190   3.275714      95.70     0.0141     2.5895     2.3291  2.0014369  1.1030077   47.97548  -46.15200    34.9045    34.9205     3.7472     3.7467    27.7364    27.7492    5.97195    6.17002         11 0.0000e+00
      36806   1533.532    968.000     3.8195   3.274443     3.8190   3.275761      96.55     0.0136     2.5894     2.3288  2.0016603  1.1027906   47.97548  -46.15200    34.9044    34.9205     3.7472     3.7466    27.7363    27.7493    5.97184    6.17537         11 0.0000e+00
      36817   1533.989    969.000     3.8194   3.274473     3.8189   3.275793      96.48     0.0159     2.5890     2.3287  2.0016649  1.1030029   47.97548  -46.15200    34.9044    34.9205     3.7470     3.7465    27.7363    27.7492    5.97243    6.17905         11 0.0000e+00
      36828   1534.472    970.000     3.8189   3.274470     3.8184   3.275790      96.34     0.0160     2.5887     2.3284  2.0029321  1.1027710   47.97548  -46.15200    34.9043    34.9205     3.7464     3.7459    27.7364    27.7493    5.97699    6.18056         12 0.0000e+00
      36841   1535.021    971.000     3.8183   3.274458     3.8181   3.275794      75.02     0.0135     2.5890     2.3283  2.0050461  1.1022584   47.97548  -46.15200    34.9043    34.9204     3.7457     3.7455    27.7364    27.7492    5.97838    6.18452         15 0.0000e+00
      36871   1536.237    972.000     3.8182   3.274474     3.8181   3.275812      68.82     0.0152     2.5888     2.3284  2.0055091  1.1020715   47.97548  -46.15200    34.9041    34.9201     3.7455     3.7454    27.7363    27.7490    5.97995    6.18818         31 0.0000e+00
      36933   1538.816    973.000     3.8180   3.274511     3.8188   3.275927      60.93     0.0139     2.5888     2.3282  2.0054581  1.1021844   47.97550  -46.15199    34.9042    34.9201     3.7453     3.7461    27.7364    27.7490    5.97639    6.18019         19 0.0000e+00
      36947   1539.437    974.000     3.8171   3.274457     3.8168   3.275794      96.52     0.0130     2.5881     2.3278  2.0052657  1.1025637   47.97550  -46.15198    34.9040    34.9201     3.7443     3.7440    27.7364    27.7492    5.97427    6.17380         16 0.0000e+00
      36962   1540.060    975.000     3.8170   3.274512     3.8166   3.275824      96.56     0.0114     2.5881     2.3269  2.0057545  1.1025641   47.97550  -46.15198    34.9042    34.9202     3.7442     3.7519    27.7365    27.7493    5.97243    6.16946         14 0.0000e+00
      36977   1540.676    976.000     3.8160   3.274444     3.8154   3.275747      96.56     0.0122     2.5876     2.3266  2.0059450  1.1025641   47.97549  -46.15198    34.9040    34.9200     3.7430     3.7423    27.7365    27.7493    5.97233    6.16860         15 0.0000e+00
      36993   1541.318    977.000     3.8144   3.274349     3.8143   3.275695      49.87     0.0136     2.5875     2.3257  2.0061064  1.1025641   47.97548  -46.15198    34.9040    34.9201     3.7414     3.7413    27.7366    27.7494    5.97119    6.16461         16 0.0000e+00
      37009   1542.010    978.000     3.8145   3.274407     3.8140   3.275709      82.85     0.0153     2.5870     2.3249  2.0061049  1.1025641   47.97548  -46.15200    34.9041    34.9201     3.7414     3.7408    27.7367    27.7495    5.96301    6.16950         17 0.0000e+00
      37026   1542.726    979.000     3.8149   3.274484     3.8144   3.275787      70.66     0.0138     2.5858     2.3247  2.0073559  1.1017547   47.97548  -46.15200    34.9041    34.9201     3.7417     3.7411    27.7367    27.7495    5.95643    6.17806         17 0.0000e+00
      37043   1543.414    980.000     3.8142   3.274481     3.8140   3.275807      23.02     0.0119     2.5847     2.3247  2.0078745  1.1013316   47.97548  -46.15200    34.9042    34.9202     3.7410     3.7407    27.7369    27.7496    5.96385    6.17955         16 0.0000e+00
      37059   1544.069    981.000     3.8107   3.274205     3.8104   3.275514      72.22     0.0125     2.5850     2.3244  2.0077832  1.1013432   47.97550  -46.15200    34.9042    34.9201     3.7374     3.7370    27.7372    27.7499    5.96648    6.17791         16 0.0000e+00
      37074   1544.729    982.000     3.8092   3.274099     3.8087   3.275408      61.08     0.0107     2.5839     2.3244  2.0080891  1.1013432   47.97550  -46.15200    34.9040    34.9201     3.7358     3.7353    27.7372    27.7500    5.96418    6.17755         16 0.0000e+00
      37092   1545.469    983.000     3.8081   3.274035     3.8077   3.275358      95.77     0.0089     2.5839     2.3241  2.0079989  1.1013432   47.97550  -46.15200    34.9039    34.9200     3.7346     3.7342    27.7372    27.7501    5.95957    6.17486         20 0.0000e+00
      37119   1546.595    984.000     3.8073   3.274007     3.8069   3.275324      76.55     0.0104     2.5826     2.3234  2.0082037  1.1013432   47.97550  -46.15198    34.9039    34.9199     3.7338     3.7333    27.7373    27.7501    5.95872    6.17437         37 0.0000e+00
      37156   1548.142    985.000     3.8069   3.274020     3.8067   3.275344      77.16     0.0091     2.5807     2.3227  2.0085711  1.1012980   47.97550  -46.15200    34.9040    34.9199     3.7333     3.7352    27.7374    27.7501    5.94401    6.17220         29 0.0000e+00
      37178   1549.039    986.000     3.8069   3.274070     3.8065   3.275384      94.95     0.0131     2.5794     2.3222  2.0085471  1.1013440   47.97550  -46.15200    34.9040    34.9201     3.7332     3.7327    27.7375    27.7503    5.95082    6.16963         18 0.0000e+00
