data/CTD/2013/CNV/D021A057.CNV
* Sea-Bird SBE 9 Data File:
* FileName = C:\CTD_ACQUISITION\2013021HUD\ctddata\021A057.hdr
* Software Version Seasave V 7.22.2
* Temperature SN = 5081
* Conductivity SN = 3561
* Number of Bytes Per Scan = 37
* Number of Voltage Words = 4
* Number of Scans Averaged by the Deck Unit = 1
* NMEA Latitude = 48 32.47 N
* NMEA Longitude = 045 23.87 W
* NMEA UTC (Time) = Jul 05 2013 10:27:43
* NMEA baud rate = 9600
** Ship: Hudson
** Cruise: HUD2013021
** Chief_Scientist: Greenan
** Organization: BIO
** Area_of_Operation: Sackville Spur
** Station: 57
** Sounding:  858
** Event_Comments: SS20  393223
# nquan = 25
# nvalues = 859                         
# units = specified
# name 0 = scan: Scan Count
# name 1 = timeS: Time, Elapsed [seconds]
# name 2 = prDM: Pressure, Digiquartz [db]
# name 3 = t068C: Temperature [ITS-68, deg C]
# name 4 = c0S/m: Conductivity [S/m]
# name 5 = t168C: Temperature, 2 [ITS-68, deg C]
# name 6 = c1S/m: Conductivity, 2 [S/m]
# name 7 = altM: Altimeter [m]
# name 8 = flCUVA: Fluorescence, Chelsea UV Aquatracka [ug/l]
# name 9 = sbeox0V: Oxygen raw, SBE 43 [V]
# name 10 = sbeox1V: Oxygen raw, SBE 43, 2 [V]
# name 11 = upoly0: Upoly 0, Optode 4330F - O2 D-Phase
# name 12 = upoly1: Upoly 1, Optode 4330F - O2 Temp
# name 13 = latitude: Latitude [deg]
# name 14 = longitude: Longitude [deg]
# name 15 = sal00: Salinity, Practical [PSU]
# name 16 = sal11: Salinity, Practical, 2 [PSU]
# name 17 = potemp068C: Potential Temperature [ITS-68, deg C]
# name 18 = potemp168C: Potential Temperature, 2 [ITS-68, deg C]
# name 19 = sigma-é00: Density [sigma-theta, Kg/m^3]
# name 20 = sigma-é11: Density, 2 [sigma-theta, Kg/m^3]
# name 21 = sbeox0ML/L: Oxygen, SBE 43 [ml/l], WS = 2
# name 22 = sbeox1ML/L: Oxygen, SBE 43, 2 [ml/l], WS = 2
# name 23 = nbin: number of scans per bin
# name 24 = flag: flag
# span 0 =       7914,      30147       
# span 1 =    329.724,   1256.071       
# span 2 =      3.000,    861.000       
# span 3 =     2.6052,     6.5206       
# span 4 =   3.032769,   3.332421       
# span 5 =     2.6050,     6.5198       
# span 6 =   3.034624,   3.333700       
# span 7 =       5.21,      99.85       
# span 8 =     0.0059,     0.5901       
# span 9 =     2.5856,     3.4036       
# span 10 =     2.3155,     3.0446      
# span 11 =  1.7040998,  2.0257089      
# span 12 =  0.9559607,  1.4432175      
# span 13 =   48.53974,   48.54116      
# span 14 =  -45.39760,  -45.39682      
# span 15 =    33.2724,    34.9135      
# span 16 =    33.2883,    34.9295      
# span 17 =     2.6009,     6.5203      
# span 18 =     2.6007,     6.5195      
# span 19 =    26.1514,    27.7545      
# span 20 =    26.1633,    27.7677      
# span 21 =    5.89199,    7.58635      
# span 22 =    6.06530,    7.72736      
# span 23 =         14,         85      
# span 24 = 0.0000e+00, 0.0000e+00      
# interval = decibars: 1                
# start_time = Jul 05 2013 10:27:43 [NMEA time, header]
# bad_flag = -9.990e-29
*END*
[from data line 754]
      27228   1134.449    757.000     3.9188   3.273852     3.9185   3.275214      28.82     0.0089     2.6714     2.3908  1.9841269  1.1176192   48.53994  -45.39702    34.9014    34.9178     3.8628     3.8625    27.7221    27.7352    6.02452    6.20476         18 0.0000e+00
      27245   1135.161    758.000     3.9183   3.273859     3.9181   3.275223      75.22     0.0110     2.6710     2.3908  1.9830588  1.1167923   48.53994  -45.39702    34.9013    34.9178     3.8623     3.8620    27.7221    27.7353    6.03333    6.19907         17 0.0000e+00
      27262   1135.855    759.000     3.9177   3.273840     3.9172   3.275180      93.23     0.0137     2.6702     2.3902  1.9830496  1.1165758   48.53994  -45.39702    34.9013    34.9176     3.8616     3.8612    27.7222    27.7352    6.02707    6.19170         17 0.0000e+00
      27280   1136.609    760.000     3.9166   3.273787     3.9163   3.275132      94.17     0.0147     2.6691     2.3892  1.9833492  1.1162591   48.53994  -45.39701    34.9013    34.9175     3.8605     3.8602    27.7223    27.7352    6.02470    6.18967         19 0.0000e+00
      27303   1137.566    761.000     3.9141   3.273588     3.9135   3.274904      44.27     0.0124     2.6683     2.3887  1.9840971  1.1160051   48.53994  -45.39700    34.9010    34.9173     3.8579     3.8572    27.7223    27.7354    6.02753    6.19479         28 0.0000e+00
      27334   1138.867    762.000     3.9127   3.273491     3.9125   3.274848      95.80     0.0108     2.6671     2.3873  1.9847821  1.1155326   48.53994  -45.39701    34.9009    34.9172     3.8564     3.8562    27.7224    27.7354    6.02694    6.18177         32 0.0000e+00
      27361   1140.018    763.000     3.9121   3.273484     3.9118   3.274838      74.11     0.0103     2.6664     2.3860  1.9854112  1.1150855   48.53994  -45.39702    34.9009    34.9173     3.8557     3.8554    27.7225    27.7355    6.01625    6.17954         23 0.0000e+00
      27384   1140.938    764.000     3.9097   3.273309     3.9101   3.274731      49.69     0.0114     2.6646     2.3849  1.9865700  1.1151072   48.53994  -45.39701    34.9008    34.9173     3.8533     3.8537    27.7226    27.7357    6.01374    6.17730         22 0.0000e+00
      27405   1141.829    765.000     3.9078   3.273183     3.9078   3.274559      94.15     0.0152     2.6637     2.3840  1.9872164  1.1150532   48.53994  -45.39700    34.9008    34.9172     3.8513     3.8513    27.7229    27.7359    6.01427    6.18377         22 0.0000e+00
      27429   1142.819    766.000     3.9021   3.272690     3.9026   3.274143      83.82     0.0152     2.6627     2.3835  1.9865921  1.1148291   48.53994  -45.39700    34.9006    34.9172     3.8455     3.8460    27.7232    27.7364    6.02333    6.18197         26 0.0000e+00
      27458   1144.056    767.000     3.8944   3.272036     3.8948   3.273470      58.47     0.0111     2.6627     2.3828  1.9859998  1.1147743   48.53994  -45.39700    34.9004    34.9170     3.8378     3.8382    27.7239    27.7370    6.02729    6.18696         32 0.0000e+00
      27488   1145.311    768.000     3.8932   3.271962     3.8928   3.273319      96.57     0.0128     2.6618     2.3822  1.9876555  1.1139493   48.53994  -45.39700    34.9003    34.9168     3.8365     3.8361    27.7240    27.7371    6.01847    6.18355         26 0.0000e+00
      27512   1146.279    769.000     3.8914   3.271848     3.8909   3.273188      47.68     0.0176     2.6611     2.3821  1.9877915  1.1138854   48.53994  -45.39700    34.9003    34.9167     3.8347     3.8342    27.7242    27.7373    6.01883    6.18887         22 0.0000e+00
      27532   1147.124    770.000     3.8893   3.271701     3.8895   3.273107      68.21     0.0170     2.6606     2.3815  1.9867630  1.1136819   48.53994  -45.39700    34.9003    34.9168     3.8325     3.8327    27.7244    27.7375    6.01727    6.18537         19 0.0000e+00
      27552   1147.975    771.000     3.8852   3.271372     3.8855   3.272800      56.38     0.0127     2.6597     2.3814  1.9865699  1.1135538   48.53994  -45.39700    34.9002    34.9168     3.8284     3.8287    27.7247    27.7379    6.01594    6.18253         22 0.0000e+00
      27577   1149.000    772.000     3.8794   3.270907     3.8790   3.272254      56.10     0.0143     2.6590     2.3804  1.9873780  1.1127845   48.53994  -45.39699    34.9003    34.9167     3.8226     3.8221    27.7254    27.7385    6.01083    6.17901         29 0.0000e+00
      27614   1150.547    773.000     3.8773   3.270753     3.8770   3.272106      88.31     0.0166     2.6572     2.3797  1.9886547  1.1119993   48.53994  -45.39700    34.9001    34.9166     3.8204     3.8200    27.7255    27.7386    6.01451    6.18850         42 0.0000e+00
      27651   1152.081    774.000     3.8761   3.270694     3.8757   3.272038      55.70     0.0150     2.6570     2.3798  1.9903538  1.1112497   48.53994  -45.39700    34.9002    34.9166     3.8191     3.8187    27.7257    27.7388    6.00916    6.18940         31 0.0000e+00
      27679   1153.261    775.000     3.8720   3.270369     3.8720   3.271755      95.51     0.0211     2.6549     2.3797  1.9913386  1.1111552   48.53992  -45.39698    34.9002    34.9167     3.8149     3.8149    27.7261    27.7392    6.00221    6.19237         26 0.0000e+00
      27703   1154.257    776.000     3.8663   3.269917     3.8660   3.271283      50.35     0.0196     2.6543     2.3796  1.9914569  1.1111099   48.53992  -45.39696    34.9004    34.9169     3.8092     3.8088    27.7268    27.7400    6.00247    6.18632         22 0.0000e+00
      27723   1155.093    777.000     3.8642   3.269778     3.8640   3.271144      63.62     0.0138     2.6530     2.3791  1.9906727  1.1107210   48.53992  -45.39696    34.9004    34.9169     3.8070     3.8067    27.7271    27.7402    5.99611    6.18305         19 0.0000e+00
      27741   1155.833    778.000     3.8625   3.269680     3.8623   3.271036      94.27     0.0108     2.6523     2.3784  1.9902325  1.1107520   48.53992  -45.39697    34.9005    34.9169     3.8052     3.8050    27.7274    27.7404    6.00696    6.17468         17 0.0000e+00
      27758   1156.542    779.000     3.8621   3.269696     3.8617   3.271031      93.31     0.0125     2.6523     2.3776  1.9907354  1.1105363   48.53992  -45.39698    34.9006    34.9169     3.8047     3.8044    27.7275    27.7404    6.01436    6.17321         17 0.0000e+00
      27777   1157.333    780.000     3.8610   3.269634     3.8606   3.270975      40.21     0.0126     2.6523     2.3767  1.9927319  1.1097447   48.53994  -45.39698    34.9005    34.9169     3.8036     3.8032    27.7275    27.7406    6.01162    6.17158         22 0.0000e+00
      27821   1159.183    781.000     3.8603   3.269605     3.8603   3.270984      78.25     0.0109     2.6516     2.3747  1.9928035  1.1090409   48.53993  -45.39698    34.9004    34.9167     3.8028     3.8028    27.7275    27.7405    6.00986    6.16947         66 0.0000e+00
      27869   1161.146    782.000     3.8599   3.269621     3.8596   3.270977      40.44     0.0111     2.6511     2.3735  1.9917110  1.1095146   48.53992  -45.39697    34.9005    34.9169     3.8023     3.8020    27.7276    27.7407    5.99822    6.17123         25 0.0000e+00
      27890   1162.041    783.000     3.8592   3.269609     3.8587   3.270939      69.65     0.0087     2.6491     2.3729  1.9913951  1.1098897   48.53992  -45.39696    34.9006    34.9169     3.8016     3.8010    27.7278    27.7408    5.99709    6.16740         21 0.0000e+00
      27911   1162.904    784.000     3.8588   3.269621     3.8584   3.270964      43.99     0.0118     2.6494     2.3724  1.9928840  1.1091455   48.53992  -45.39696    34.9007    34.9170     3.8011     3.8006    27.7279    27.7409    6.00596    6.17321         21 0.0000e+00
      27932   1163.794    785.000     3.8584   3.269630     3.8580   3.270975      76.94     0.0131     2.6486     2.3725  1.9938742  1.1086789   48.53992  -45.39696    34.9007    34.9170     3.8006     3.8002    27.7279    27.7410    6.00761    6.18273         22 0.0000e+00
      27956   1164.780    786.000     3.8537   3.269271     3.8535   3.270633      87.96     0.0128     2.6495     2.3725  1.9938949  1.1084279   48.53992  -45.39696    34.9008    34.9172     3.7959     3.7956    27.7285    27.7416    6.01365    6.17321         25 0.0000e+00
      27984   1165.942    787.000     3.8507   3.269045     3.8501   3.270374      46.75     0.0148     2.6485     2.3719  1.9938949  1.1077712   48.53992  -45.39696    34.9009    34.9172     3.7928     3.7922    27.7289    27.7419    6.00506    6.17666         30 0.0000e+00
      28013   1167.175    788.000     3.8494   3.268985     3.8492   3.270342      54.67     0.0188     2.6484     2.3721  1.9938949  1.1082088   48.53992  -45.39696    34.9010    34.9172     3.7914     3.7913    27.7291    27.7421    6.00946    6.18376         29 0.0000e+00
      28040   1168.302    789.000     3.8487   3.268969     3.8485   3.270318      77.03     0.0196     2.6480     2.3720  1.9938949  1.1081531   48.53990  -45.39694    34.9010    34.9172     3.7907     3.7905    27.7292    27.7421    6.00863    6.17794         26 0.0000e+00
      28066   1169.371    790.000     3.8487   3.269014     3.8483   3.270346      89.94     0.0144     2.6481     2.3718  1.9950136  1.1080834   48.53990  -45.39694    34.9010    34.9172     3.7906     3.7901    27.7292    27.7422    6.00612    6.17558         25 0.0000e+00
      28092   1170.443    791.000     3.8474   3.268940     3.8472   3.270293      25.51     0.0125     2.6469     2.3712  1.9953524  1.1079642   48.53990  -45.39694    34.9010    34.9173     3.7892     3.7889    27.7294    27.7424    6.00387    6.17251         26 0.0000e+00
      28117   1171.492    792.000     3.8472   3.268966     3.8468   3.270309      92.47     0.0119     2.6470     2.3707  1.9968629  1.1076459   48.53990  -45.39693    34.9010    34.9173     3.7889     3.7904    27.7294    27.7424    6.00464    6.17581         25 0.0000e+00
      28141   1172.499    793.000     3.8465   3.268962     3.8463   3.270303      95.07     0.0131     2.6462     2.3706  1.9967618  1.1070241   48.53990  -45.39692    34.9011    34.9173     3.7882     3.7880    27.7296    27.7424    6.00102    6.18009         23 0.0000e+00
      28164   1173.470    794.000     3.8454   3.268904     3.8452   3.270263      94.28     0.0121     2.6457     2.3706  1.9953111  1.1069697   48.53990  -45.39692    34.9011    34.9174     3.7869     3.7868    27.7297    27.7427    5.99669    6.17950         23 0.0000e+00
      28187   1174.416    795.000     3.8438   3.268804     3.8435   3.270153      95.20     0.0132     2.6448     2.3703  1.9953283  1.1064398   48.53990  -45.39692    34.9011    34.9175     3.7853     3.7850    27.7299    27.7429    6.00304    6.17572         23 0.0000e+00
      28211   1175.421    796.000     3.8425   3.268737     3.8423   3.270088      36.76     0.0149     2.6445     2.3697  1.9954427  1.1062307   48.53988  -45.39692    34.9012    34.9175     3.7839     3.7837    27.7300    27.7430    6.00366    6.17093         26 0.0000e+00
      28242   1176.718    797.000     3.8389   3.268465     3.8387   3.269824      83.67     0.0146     2.6445     2.3689  1.9963151  1.1062272   48.53988  -45.39692    34.9012    34.9176     3.7803     3.7801    27.7304    27.7435    6.00871    6.16770         37 0.0000e+00
      28277   1178.172    798.000     3.8370   3.268343     3.8367   3.269695      57.27     0.0121     2.6443     2.3675  1.9974258  1.1062272   48.53988  -45.39692    34.9013    34.9176     3.7783     3.7780    27.7307    27.7437    6.00700    6.16244         29 0.0000e+00
      28301   1179.149    799.000     3.8351   3.268235     3.8350   3.269600      67.63     0.0148     2.6445     2.3670  1.9968237  1.1062272   48.53988  -45.39692    34.9014    34.9178     3.7764     3.7762    27.7310    27.7440    6.00815    6.16955         20 0.0000e+00
      28319   1179.925    800.000     3.8336   3.268152     3.8334   3.269507      91.69     0.0160     2.6439     2.3666  1.9968399  1.1062272   48.53988  -45.39692    34.9016    34.9179     3.7747     3.7745    27.7313    27.7443    6.00246    6.16310         17 0.0000e+00
      28337   1180.649    801.000     3.8319   3.268048     3.8318   3.269403       8.27     0.0147     2.6434     2.3659  1.9973569  1.1059545   48.53988  -45.39692    34.9016    34.9178     3.7730     3.7728    27.7315    27.7444    6.00701    6.15548         18 0.0000e+00
      28355   1181.423    802.000     3.8299   3.267908     3.8296   3.269258      94.01     0.0128     2.6435     2.3647  1.9985727  1.1050237   48.53988  -45.39692    34.9015    34.9179     3.7710     3.7706    27.7316    27.7447    6.00442    6.15727         20 0.0000e+00
      28381   1182.504    803.000     3.8282   3.267796     3.8280   3.269154      80.41     0.0151     2.6426     2.3644  1.9985714  1.1049737   48.53988  -45.39692    34.9015    34.9178     3.7692     3.7689    27.7318    27.7448    5.99873    6.16750         35 0.0000e+00
      28421   1184.176    804.000     3.8271   3.267738     3.8263   3.269043      51.78     0.0158     2.6413     2.3641  1.9986124  1.1047533   48.53988  -45.39692    34.9015    34.9178     3.7680     3.7672    27.7319    27.7450    5.99414    6.16304         36 0.0000e+00
      28447   1185.250    805.000     3.8267   3.267756     3.8264   3.269103      95.73     0.0132     2.6401     2.3632  1.9987820  1.1050104   48.53988  -45.39692    34.9016    34.9179     3.7675     3.7672    27.7321    27.7451    5.99187    6.15301         20 0.0000e+00
      28466   1186.025    806.000     3.8260   3.267751     3.8259   3.269107      95.45     0.0118     2.6398     2.3623  1.9987789  1.1050061   48.53986  -45.39692    34.9018    34.9180     3.7667     3.7666    27.7323    27.7452    5.99843    6.15878         18 0.0000e+00
      28483   1186.735    807.000     3.8241   3.267629     3.8239   3.268990      94.70     0.0089     2.6394     2.3623  1.9993421  1.1045837   48.53986  -45.39691    34.9018    34.9181     3.7647     3.7646    27.7325    27.7455    5.98829    6.16476         17 0.0000e+00
      28500   1187.467    808.000     3.8212   3.267419     3.8210   3.268788      95.32     0.0120     2.6380     2.3621  2.0001228  1.1037983   48.53986  -45.39690    34.9019    34.9183     3.7618     3.7616    27.7329    27.7460    5.98209    6.16474         18 0.0000e+00
      28521   1188.346    809.000     3.8163   3.267043     3.8162   3.268419      41.28     0.0123     2.6373     2.3618  2.0002880  1.1037852   48.53986  -45.39690    34.9021    34.9185     3.7568     3.7567    27.7335    27.7466    5.98566    6.15811         25 0.0000e+00
      28552   1189.640    810.000     3.8134   3.266849     3.8131   3.268189      89.82     0.0137     2.6358     2.3608  2.0018580  1.1037852   48.53986  -45.39690    34.9023    34.9185     3.7539     3.7536    27.7340    27.7469    5.98033    6.15679         36 0.0000e+00
      28585   1191.008    811.000     3.8102   3.266634     3.8103   3.268012      95.45     0.0111     2.6342     2.3596  2.0016661  1.1033628   48.53986  -45.39690    34.9026    34.9188     3.7507     3.7507    27.7346    27.7475    5.97969    6.14756         27 0.0000e+00
      28609   1191.998    812.000     3.8070   3.266413     3.8068   3.267774      60.56     0.0140     2.6333     2.3585  2.0019476  1.1031709   48.53986  -45.39690    34.9029    34.9192     3.7474     3.7472    27.7351    27.7482    5.97008    6.14841         22 0.0000e+00
      28631   1192.920    813.000     3.8055   3.266319     3.8051   3.267669      87.75     0.0168     2.6311     2.3578  2.0014315  1.1026683   48.53986  -45.39690    34.9028    34.9193     3.7458     3.7454    27.7353    27.7484    5.96318    6.14380         23 0.0000e+00
