data/CTD/2013/CNV/D021A039.CNV
* Sea-Bird SBE 9 Data File:
* FileName = C:\CTD_ACQUISITION\2013021HUD\ctddata\021A039.hdr
* Software Version Seasave V 7.22.2
* Temperature SN = 5081
* Conductivity SN = 3561
* Number of Bytes Per Scan = 37
* Number of Voltage Words = 4
* Number of Scans Averaged by the Deck Unit = 1
* NMEA Latitude = 48 26.55 N
* NMEA Longitude = 046 40.64 W
* NMEA UTC (Time) = Jul 03 2013 21:39:13
* NMEA baud rate = 9600
** Ship: Hudson
** Cruise: HUD2013021
** Chief_Scientist: Greenan
** Organization: BIO
** Area_of_Operation: Sackville Spur
** Station: 39
** Sounding:  2179
** Event_Comments: SS08  393178
# nquan = 25
# nvalues = 2159                        
# units = specified
# name 0 = scan: Scan Count
# name 1 = timeS: Time, Elapsed [seconds]
# name 2 = prDM: Pressure, Digiquartz [db]
# name 3 = t068C: Temperature [ITS-68, deg C]
# name 4 = c0S/m: Conductivity [S/m]
# name 5 = t168C: Temperature, 2 [ITS-68, deg C]
# name 6 = c1S/m: Conductivity, 2 [S/m]
# name 7 = altM: Altimeter [m]
# name 8 = flCUVA: Fluorescence, Chelsea UV Aquatracka [ug/l]
# name 9 = sbeox0V: Oxygen raw, SBE 43 [V]
# name 10 = sbeox1V: Oxygen raw, SBE 43, 2 [V]
# name 11 = upoly0: Upoly 0, Optode 4330F - O2 D-Phase
# name 12 = upoly1: Upoly 1, Optode 4330F - O2 Temp
# name 13 = latitude: Latitude [deg]
# name 14 = longitude: Longitude [deg]
# name 15 = sal00: Salinity, Practical [PSU]
# name 16 = sal11: Salinity, Practical, 2 [PSU]
# name 17 = potemp068C: Potential Temperature [ITS-68, deg C]
# name 18 = potemp168C: Potential Temperature, 2 [ITS-68, deg C]
# name 19 = sigma-é00: Density [sigma-theta, Kg/m^3]
# name 20 = sigma-é11: Density, 2 [sigma-theta, Kg/m^3]
# name 21 = sbeox0ML/L: Oxygen, SBE 43 [ml/l], WS = 2
# name 22 = sbeox1ML/L: Oxygen, SBE 43, 2 [ml/l], WS = 2
# name 23 = nbin: number of scans per bin
# name 24 = flag: flag
# span 0 =      13332,      63462       
# span 1 =    555.473,   2644.203       
# span 2 =      2.000,   2160.000       
# span 3 =     0.7730,     6.5291       
# span 4 =   2.872122,   3.288573       
# span 5 =     0.7758,     6.5284       
# span 6 =   2.873564,   3.289871       
# span 7 =       4.71,     103.76       
# span 8 =     0.0061,     0.6889       
# span 9 =     2.2534,     3.5601       
# span 10 =     2.0263,     3.1560      
# span 11 =  1.7118488,  2.0964874      
# span 12 =  0.7421770,  1.4444736      
# span 13 =   48.44260,   48.44472      
# span 14 =  -46.67596,  -46.66745      
# span 15 =    32.7759,    34.9222      
# span 16 =    32.7917,    34.9388      
# span 17 =     0.7709,     6.5289      
# span 18 =     0.7736,     6.5283      
# span 19 =    25.7613,    27.8496      
# span 20 =    25.7731,    27.8633      
# span 21 =    5.86064,    8.32230      
# span 22 =    6.08756,    8.38452      
# span 23 =         11,        105      
# span 24 = 0.0000e+00, 0.0000e+00      
# interval = decibars: 1                
# start_time = Jul 03 2013 21:39:13 [NMEA time, header]
# bad_flag = -9.990e-29
*END*
[from data line 1508]
      49571   2065.398   1510.000     3.5420   3.274221     3.5412   3.275570      95.02     0.0118     2.4141     2.1717  2.0533845  1.0671532   48.44360  -46.66914    34.9219    34.9387     3.4262     3.4254    27.7823    27.7958    5.87401    6.09672         18 0.0000e+00
      49588   2066.110   1511.000     3.5417   3.274240     3.5409   3.275576      96.44     0.0111     2.4138     2.1716  2.0533421  1.0671551   48.44360  -46.66914    34.9220    34.9387     3.4258     3.4249    27.7824    27.7958    5.88061    6.09805         16 0.0000e+00
      49604   2066.787   1512.000     3.5414   3.274265     3.5407   3.275605      95.24     0.0124     2.4139     2.1711  2.0539353  1.0671551   48.44361  -46.66914    34.9220    34.9387     3.4255     3.4247    27.7824    27.7958    5.87302    6.09935         17 0.0000e+00
      49621   2067.488   1513.000     3.5414   3.274302     3.5407   3.275648      94.68     0.0132     2.4132     2.1707  2.0546458  1.0671551   48.44362  -46.66914    34.9220    34.9387     3.4253     3.4246    27.7825    27.7959    5.86758    6.09992         17 0.0000e+00
      49641   2068.328   1514.000     3.5415   3.274353     3.5408   3.275691      95.17     0.0129     2.4129     2.1704  2.0545909  1.0671551   48.44362  -46.66914    34.9219    34.9386     3.4254     3.4246    27.7824    27.7958    5.87684    6.09912         24 0.0000e+00
      49677   2069.853   1515.000     3.5415   3.274389     3.5408   3.275720      94.82     0.0117     2.4127     2.1699  2.0536599  1.0671024   48.44362  -46.66914    34.9219    34.9385     3.4253     3.4245    27.7824    27.7957    5.87914    6.09930         47 0.0000e+00
      49712   2071.307   1516.000     3.5416   3.274445     3.5408   3.275784      94.07     0.0090     2.4124     2.1691  2.0562668  1.0669757   48.44362  -46.66914    34.9220    34.9387     3.4252     3.4244    27.7825    27.7959    5.87345    6.09442         21 0.0000e+00
      49730   2072.059   1517.000     3.5415   3.274492     3.5408   3.275832      94.17     0.0085     2.4122     2.1689  2.0560193  1.0671588   48.44362  -46.66912    34.9221    34.9388     3.4251     3.4244    27.7826    27.7959    5.88437    6.09879         17 0.0000e+00
      49746   2072.714   1518.000     3.5416   3.274537     3.5409   3.275881      94.42     0.0121     2.4125     2.1687  2.0546892  1.0671551   48.44362  -46.66912    34.9221    34.9388     3.4251     3.4243    27.7826    27.7960    5.88561    6.09549         15 0.0000e+00
      49761   2073.348   1519.000     3.5412   3.274543     3.5405   3.275891      95.55     0.0101     2.4124     2.1682  2.0532031  1.0671551   48.44362  -46.66912    34.9221    34.9388     3.4246     3.4239    27.7826    27.7960    5.88034    6.09619         16 0.0000e+00
      49778   2074.023   1520.000     3.5406   3.274527     3.5400   3.275877      94.08     0.0098     2.4123     2.1682  2.0530806  1.0671551   48.44362  -46.66912    34.9220    34.9387     3.4240     3.4233    27.7826    27.7960    5.87807    6.10062         17 0.0000e+00
      49796   2074.812   1521.000     3.5397   3.274483     3.5393   3.275850      94.09     0.0106     2.4121     2.1680  2.0547824  1.0671551   48.44363  -46.66912    34.9220    34.9387     3.4229     3.4225    27.7827    27.7960    5.87674    6.10147         21 0.0000e+00
      49822   2075.882   1522.000     3.5375   3.274323     3.5356   3.275555      94.46     0.0147     2.4118     2.1679  2.0560853  1.0669645   48.44364  -46.66912    34.9219    34.9386     3.4207     3.4187    27.7829    27.7963    5.88232    6.10395         31 0.0000e+00
      49853   2077.177   1523.000     3.5346   3.274112     3.5332   3.275390      94.46     0.0152     2.4117     2.1678  2.0561671  1.0662662   48.44364  -46.66912    34.9220    34.9386     3.4177     3.4164    27.7832    27.7966    5.87922    6.10872         28 0.0000e+00
      49878   2078.204   1524.000     3.5330   3.274008     3.5323   3.275353      95.43     0.0084     2.4110     2.1680  2.0562227  1.0660412   48.44364  -46.66912    34.9220    34.9387     3.4161     3.4153    27.7833    27.7967    5.87266    6.10620         22 0.0000e+00
      49898   2079.056   1525.000     3.5325   3.274008     3.5319   3.275371      94.65     0.0084     2.4106     2.1677  2.0545962  1.0661283   48.44364  -46.66912    34.9219    34.9388     3.4155     3.4149    27.7834    27.7969    5.87165    6.10129         19 0.0000e+00
      49917   2079.849   1526.000     3.5316   3.273971     3.5306   3.275289      94.30     0.0125     2.4101     2.1675  2.0541651  1.0659304   48.44364  -46.66911    34.9220    34.9387     3.4145     3.4135    27.7835    27.7969    5.87348    6.09705         19 0.0000e+00
      49936   2080.619   1527.000     3.5288   3.273765     3.5287   3.275157      94.42     0.0155     2.4099     2.1669  2.0542376  1.0659341   48.44364  -46.66910    34.9220    34.9387     3.4116     3.4115    27.7838    27.7971    5.87278    6.09091         19 0.0000e+00
      49954   2081.386   1528.000     3.5269   3.273643     3.5263   3.274994      94.70     0.0164     2.4091     2.1661  2.0534630  1.0658002   48.44364  -46.66910    34.9221    34.9387     3.4097     3.4091    27.7840    27.7974    5.87563    6.08788         18 0.0000e+00
      49973   2082.163   1529.000     3.5274   3.273722     3.5265   3.275053      95.92     0.0145     2.4098     2.1654  2.0534670  1.0659333   48.44364  -46.66910    34.9220    34.9387     3.4101     3.4092    27.7839    27.7973    5.88675    6.08756         19 0.0000e+00
      49992   2082.973   1530.000     3.5274   3.273763     3.5263   3.275070      95.34     0.0167     2.4092     2.1650  2.0539649  1.0649641   48.44364  -46.66910    34.9220    34.9387     3.4100     3.4089    27.7840    27.7974    5.88109    6.09481         20 0.0000e+00
      50013   2083.844   1531.000     3.5274   3.273803     3.5264   3.275113      96.39     0.0151     2.4093     2.1647  2.0537269  1.0647161   48.44364  -46.66910    34.9220    34.9385     3.4099     3.4129    27.7840    27.7972    5.88275    6.10054         22 0.0000e+00
      50035   2084.767   1532.000     3.5258   3.273699     3.5242   3.274954      96.28     0.0130     2.4094     2.1648  2.0548296  1.0645473   48.44365  -46.66910    34.9219    34.9385     3.4082     3.4066    27.7841    27.7975    5.88265    6.10664         22 0.0000e+00
      50057   2085.659   1533.000     3.5236   3.273553     3.5229   3.274896      96.20     0.0125     2.4089     2.1650  2.0553479  1.0645964   48.44366  -46.66910    34.9221    34.9387     3.4059     3.4053    27.7844    27.7977    5.88072    6.10491         21 0.0000e+00
      50077   2086.504   1534.000     3.5229   3.273526     3.5219   3.274843      95.97     0.0149     2.4091     2.1647  2.0554321  1.0645312   48.44366  -46.66910    34.9220    34.9386     3.4052     3.4042    27.7844    27.7978    5.88267    6.10062         20 0.0000e+00
      50098   2087.359   1535.000     3.5184   3.273167     3.5197   3.274691      95.01     0.0148     2.4086     2.1645  2.0557530  1.0643103   48.44366  -46.66910    34.9219    34.9387     3.4007     3.4019    27.7847    27.7980    5.87323    6.09828         21 0.0000e+00
      50121   2088.348   1536.000     3.5161   3.272999     3.5158   3.274380      96.17     0.0141     2.4079     2.1641  2.0558031  1.0642620   48.44366  -46.66908    34.9219    34.9386     3.3983     3.3980    27.7850    27.7983    5.87640    6.10177         27 0.0000e+00
      50153   2089.685   1537.000     3.5170   3.273119     3.5166   3.274487      95.99     0.0115     2.4073     2.1639  2.0555222  1.0635275   48.44366  -46.66908    34.9218    34.9385     3.3991     3.3987    27.7849    27.7982    5.87915    6.10222         36 0.0000e+00
      50185   2090.980   1538.000     3.5167   3.273140     3.5165   3.274524      96.38     0.0141     2.4075     2.1638  2.0560827  1.0634909   48.44366  -46.66908    34.9219    34.9386     3.3988     3.3985    27.7850    27.7983    5.88099    6.10908         24 0.0000e+00
      50205   2091.846   1539.000     3.5164   3.273155     3.5156   3.274503      96.35     0.0183     2.4068     2.1640  2.0561676  1.0634921   48.44366  -46.66908    34.9220    34.9387     3.3983     3.3976    27.7851    27.7985    5.87107    6.10885         19 0.0000e+00
      50222   2092.544   1540.000     3.5162   3.273191     3.5156   3.274532      95.87     0.0186     2.4061     2.1639  2.0560029  1.0634921   48.44366  -46.66908    34.9221    34.9386     3.3981     3.3974    27.7852    27.7985    5.87601    6.10856         15 0.0000e+00
      50237   2093.163   1541.000     3.5161   3.273237     3.5154   3.274562      95.81     0.0165     2.4063     2.1639  2.0541966  1.0634921   48.44368  -46.66908    34.9222    34.9387     3.3978     3.3971    27.7853    27.7986    5.87665    6.10823         14 0.0000e+00
      50251   2093.749   1542.000     3.5157   3.273224     3.5150   3.274562      96.33     0.0148     2.4059     2.1638  2.0542939  1.0634921   48.44368  -46.66908    34.9220    34.9387     3.3974     3.3967    27.7852    27.7986    5.87464    6.10867         15 0.0000e+00
      50265   2094.339   1543.000     3.5139   3.273109     3.5139   3.274504      96.34     0.0158     2.4058     2.1638  2.0549288  1.0634921   48.44368  -46.66908    34.9221    34.9386     3.3955     3.3954    27.7854    27.7987    5.87768    6.11037         14 0.0000e+00
      50281   2094.979   1544.000     3.5120   3.272977     3.5112   3.274308      96.35     0.0134     2.4055     2.1639  2.0557792  1.0634921   48.44368  -46.66908    34.9219    34.9387     3.3938     3.3927    27.7854    27.7989    5.87684    6.10932         17 0.0000e+00
      50300   2095.786   1545.000     3.5062   3.272491     3.5057   3.273855      96.33     0.0117     2.4053     2.1637  2.0561457  1.0634921   48.44368  -46.66908    34.9218    34.9386     3.3878     3.3872    27.7860    27.7994    5.88219    6.10387         23 0.0000e+00
      50346   2097.695   1546.000     3.5033   3.272265     3.5028   3.273624      95.53     0.0161     2.4049     2.1627  2.0563633  1.0634921   48.44368  -46.66906    34.9217    34.9384     3.3848     3.3842    27.7862    27.7996    5.88085    6.10492         60 0.0000e+00
      50383   2099.268   1547.000     3.5019   3.272187     3.5014   3.273551      95.84     0.0195     2.4046     2.1624  2.0546629  1.0633671   48.44368  -46.66906    34.9218    34.9385     3.3833     3.3828    27.7864    27.7998    5.87839    6.10426         20 0.0000e+00
      50400   2099.949   1548.000     3.5007   3.272131     3.5002   3.273502      96.37     0.0148     2.4040     2.1619  2.0541384  1.0632495   48.44368  -46.66906    34.9219    34.9387     3.3821     3.3815    27.7866    27.8000    5.88060    6.10295         15 0.0000e+00
      50414   2100.554   1549.000     3.4997   3.272083     3.4999   3.273515      96.35     0.0141     2.4047     2.1618  2.0545037  1.0631447   48.44368  -46.66906    34.9219    34.9387     3.3809     3.3812    27.7867    27.8001    5.88647    6.10216         14 0.0000e+00
      50428   2101.132   1550.000     3.4991   3.272085     3.4988   3.273463      96.35     0.0135     2.4041     2.1617  2.0573175  1.0627177   48.44368  -46.66906    34.9220    34.9387     3.3803     3.3800    27.7869    27.8002    5.88357    6.10183         14 0.0000e+00
      50442   2101.728   1551.000     3.4988   3.272096     3.4980   3.273423      96.33     0.0134     2.4044     2.1611  2.0573871  1.0625224   48.44369  -46.66906    34.9220    34.9387     3.3799     3.3790    27.7869    27.8003    5.88178    6.10210         15 0.0000e+00
      50458   2102.389   1552.000     3.4980   3.272055     3.4973   3.273390      94.80     0.0131     2.4037     2.1612  2.0573871  1.0624877   48.44370  -46.66906    34.9219    34.9385     3.3790     3.3782    27.7869    27.8002    5.87276    6.10417         17 0.0000e+00
      50479   2103.237   1553.000     3.4972   3.272023     3.4964   3.273355      94.44     0.0125     2.4033     2.1606  2.0546849  1.0621929   48.44370  -46.66906    34.9218    34.9385     3.3782     3.3773    27.7869    27.8003    5.88841    6.10315         25 0.0000e+00
      50516   2104.799   1554.000     3.4971   3.272048     3.4966   3.273396      94.48     0.0110     2.4033     2.1605  2.0560174  1.0616452   48.44370  -46.66905    34.9217    34.9383     3.3780     3.3774    27.7868    27.8002    5.88005    6.10755         47 0.0000e+00
      50554   2106.364   1555.000     3.4974   3.272120     3.4967   3.273457      96.50     0.0137     2.4030     2.1602  2.0572996  1.0610214   48.44370  -46.66904    34.9218    34.9384     3.3781     3.3774    27.7869    27.8002    5.88568    6.10117         25 0.0000e+00
      50575   2107.251   1556.000     3.4973   3.272160     3.4970   3.273530      96.26     0.0179     2.4029     2.1595  2.0560787  1.0622995   48.44370  -46.66904    34.9219    34.9385     3.3780     3.3776    27.7870    27.8003    5.88008    6.10010         20 0.0000e+00
      50593   2108.018   1557.000     3.4972   3.272193     3.4969   3.273565      96.35     0.0166     2.4025     2.1595  2.0561676  1.0622711   48.44370  -46.66904    34.9219    34.9385     3.3777     3.3775    27.7870    27.8003    5.87514    6.10786         17 0.0000e+00
      50610   2108.712   1558.000     3.4963   3.272158     3.4958   3.273513      95.85     0.0149     2.4018     2.1594  2.0563829  1.0619822   48.44370  -46.66904    34.9219    34.9386     3.3768     3.3762    27.7871    27.8005    5.87078    6.10945         17 0.0000e+00
      50626   2109.379   1559.000     3.4960   3.272173     3.4952   3.273505      94.74     0.0123     2.4011     2.1595  2.0568199  1.0618634   48.44370  -46.66904    34.9219    34.9386     3.3764     3.3756    27.7872    27.8006    5.87762    6.11321         15 0.0000e+00
      50642   2110.028   1560.000     3.4957   3.272190     3.4951   3.273537      94.90     0.0096     2.4018     2.1598  2.0568533  1.0617354   48.44372  -46.66904    34.9219    34.9386     3.3761     3.3754    27.7872    27.8005    5.88203    6.11340         16 0.0000e+00
      50657   2110.684   1561.000     3.4955   3.272206     3.4948   3.273550      96.40     0.0116     2.4009     2.1595  2.0567770  1.0612818   48.44372  -46.66903    34.9218    34.9386     3.3758     3.3750    27.7872    27.8006    5.87673    6.10860         16 0.0000e+00
      50674   2111.386   1562.000     3.4953   3.272222     3.4946   3.273576      96.36     0.0131     2.4010     2.1594  2.0565090  1.0610530   48.44372  -46.66902    34.9218    34.9386     3.3755     3.3747    27.7871    27.8006    5.88052    6.10856         18 0.0000e+00
      50695   2112.238   1563.000     3.4950   3.272231     3.4942   3.273578      96.32     0.0108     2.4007     2.1593  2.0565217  1.0610501   48.44372  -46.66902    34.9217    34.9386     3.3751     3.3742    27.7871    27.8007    5.88085    6.11177         24 0.0000e+00
      50726   2113.524   1564.000     3.4944   3.272225     3.4937   3.273563      95.97     0.0104     2.4002     2.1592  2.0575707  1.0610501   48.44372  -46.66902    34.9218    34.9384     3.3744     3.3737    27.7872    27.8006    5.87944    6.11323         37 0.0000e+00
      50759   2114.933   1565.000     3.4947   3.272290     3.4939   3.273632      96.36     0.0092     2.4001     2.1592  2.0579727  1.0610501   48.44372  -46.66902    34.9218    34.9386     3.3746     3.3737    27.7872    27.8007    5.88040    6.11283         26 0.0000e+00
      50781   2115.840   1566.000     3.4952   3.272384     3.4941   3.273700      95.26     0.0124     2.4000     2.1591  2.0579362  1.0610501   48.44372  -46.66902    34.9218    34.9386     3.3751     3.3739    27.7872    27.8007    5.87722    6.11180         20 0.0000e+00
