data/CTD/2013/CNV/D021A040.CNV
* Sea-Bird SBE 9 Data File:
* FileName = C:\CTD_ACQUISITION\2013021HUD\ctddata\021A040.hdr
* Software Version Seasave V 7.22.2
* Temperature SN = 5081
* Conductivity SN = 3561
* Number of Bytes Per Scan = 37
* Number of Voltage Words = 4
* Number of Scans Averaged by the Deck Unit = 1
* NMEA Latitude = 48 29.61 N
* NMEA Longitude = 046 43.71 W
* NMEA UTC (Time) = Jul 03 2013 23:36:18
* NMEA baud rate = 9600
** Ship: Hudson
** Cruise: HUD2013021
** Chief_Scientist: Greenan
** Organization: BIO
** Area_of_Operation: Sackville Spur
** Station: 40
** Sounding:  1744
** Event_Comments: SS07  393180
# nquan = 25
# nvalues = 1637                        
# units = specified
# name 0 = scan: Scan Count
# name 1 = timeS: Time, Elapsed [seconds]
# name 2 = prDM: Pressure, Digiquartz [db]
# name 3 = t068C: Temperature [ITS-68, deg C]
# name 4 = c0S/m: Conductivity [S/m]
# name 5 = t168C: Temperature, 2 [ITS-68, deg C]
# name 6 = c1S/m: Conductivity, 2 [S/m]
# name 7 = altM: Altimeter [m]
# name 8 = flCUVA: Fluorescence, Chelsea UV Aquatracka [ug/l]
# name 9 = sbeox0V: Oxygen raw, SBE 43 [V]
# name 10 = sbeox1V: Oxygen raw, SBE 43, 2 [V]
# name 11 = upoly0: Upoly 0, Optode 4330F - O2 D-Phase
# name 12 = upoly1: Upoly 1, Optode 4330F - O2 Temp
# name 13 = latitude: Latitude [deg]
# name 14 = longitude: Longitude [deg]
# name 15 = sal00: Salinity, Practical [PSU]
# name 16 = sal11: Salinity, Practical, 2 [PSU]
# name 17 = potemp068C: Potential Temperature [ITS-68, deg C]
# name 18 = potemp168C: Potential Temperature, 2 [ITS-68, deg C]
# name 19 = sigma-é00: Density [sigma-theta, Kg/m^3]
# name 20 = sigma-é11: Density, 2 [sigma-theta, Kg/m^3]
# name 21 = sbeox0ML/L: Oxygen, SBE 43 [ml/l], WS = 2
# name 22 = sbeox1ML/L: Oxygen, SBE 43, 2 [ml/l], WS = 2
# name 23 = nbin: number of scans per bin
# name 24 = flag: flag
# span 0 =      10171,      47575       
# span 1 =    423.766,   1982.269       
# span 2 =      2.000,   1638.000       
# span 3 =     3.1443,     7.1683       
# span 4 =   3.114601,   3.409971       
# span 5 =     3.1438,     7.1677       
# span 6 =   3.116022,   3.411424       
# span 7 =     -36.81,     101.49       
# span 8 =     0.0052,     0.5660       
# span 9 =     2.3824,     3.4496       
# span 10 =     2.1428,     3.0741      
# span 11 =  1.6998008,  2.0626963      
# span 12 =  1.0187565,  1.5251925      
# span 13 =   48.49368,   48.49424      
# span 14 =  -46.73144,  -46.72963      
# span 15 =    33.2796,    34.9218      
# span 16 =    33.2943,    34.9389      
# span 17 =     3.1381,     7.1679      
# span 18 =     3.1377,     7.1673      
# span 19 =    26.0428,    27.7986      
# span 20 =    26.0543,    27.8124      
# span 21 =    5.85853,    7.54683      
# span 22 =    6.09326,    7.65170      
# span 23 =         11,         98      
# span 24 = 0.0000e+00, 0.0000e+00      
# interval = decibars: 1                
# start_time = Jul 03 2013 23:36:18 [NMEA time, header]
# bad_flag = -9.990e-29
*END*
[from data line 928]
      32828   1367.786    930.000     3.8006   3.270795     3.8003   3.272195      96.59     0.0178     2.6261     2.3625  1.9917758  1.1001233   48.49412  -46.73091    34.9007    34.9176     3.7315     3.7312    27.7350    27.7485    6.05547    6.26560         15 0.0000e+00
      32842   1368.374    931.000     3.8004   3.270824     3.8001   3.272222      96.61     0.0161     2.6269     2.3625  1.9916409  1.1001221   48.49412  -46.73090    34.9007    34.9176     3.7312     3.7309    27.7350    27.7485    6.05795    6.26900         13 0.0000e+00
      32856   1368.947    932.000     3.8001   3.270846     3.7998   3.272241      96.59     0.0157     2.6261     2.3624  1.9914497  1.1001221   48.49412  -46.73090    34.9007    34.9176     3.7309     3.7306    27.7351    27.7485    6.06334    6.26908         14 0.0000e+00
      32870   1369.548    933.000     3.7999   3.270872     3.7996   3.272259      96.19     0.0168     2.6260     2.3622  1.9914529  1.1001221   48.49412  -46.73090    34.9007    34.9175     3.7306     3.7303    27.7351    27.7485    6.06197    6.26540         15 0.0000e+00
      32887   1370.245    934.000     3.7997   3.270885     3.7995   3.272287      95.55     0.0153     2.6257     2.3616  1.9914529  1.1001221   48.49412  -46.73090    34.9006    34.9175     3.7303     3.7300    27.7350    27.7485    6.06370    6.26086         19 0.0000e+00
      32911   1371.242    935.000     3.7997   3.270919     3.7995   3.272322      96.46     0.0157     2.6260     2.3609  1.9923234  1.1000825   48.49412  -46.73090    34.9005    34.9174     3.7302     3.7300    27.7350    27.7484    6.06239    6.25949         30 0.0000e+00
      32941   1372.508    936.000     3.7993   3.270932     3.7991   3.272332      95.94     0.0169     2.6242     2.3603  1.9933473  1.0999825   48.49412  -46.73090    34.9006    34.9173     3.7297     3.7296    27.7351    27.7484    6.04308    6.26414         27 0.0000e+00
      32963   1373.430    937.000     3.7986   3.270913     3.7987   3.272348      95.42     0.0185     2.6235     2.3600  1.9932516  1.1001240   48.49412  -46.73090    34.9005    34.9175     3.7290     3.7290    27.7351    27.7486    6.05155    6.26768         19 0.0000e+00
      32982   1374.211    938.000     3.7980   3.270895     3.7977   3.272291      96.37     0.0190     2.6230     2.3600  1.9935101  1.1000576   48.49412  -46.73090    34.9005    34.9174     3.7283     3.7279    27.7351    27.7486    6.05842    6.27002         19 0.0000e+00
      33001   1374.995    939.000     3.7949   3.270637     3.7945   3.272029      96.53     0.0197     2.6234     2.3601  1.9931899  1.1001217   48.49412  -46.73090    34.9002    34.9171     3.7251     3.7247    27.7353    27.7488    6.05791    6.27138         19 0.0000e+00
      33022   1375.867    940.000     3.7943   3.270631     3.7940   3.272023      95.21     0.0179     2.6220     2.3600  1.9931520  1.1001221   48.49412  -46.73090    34.9002    34.9170     3.7245     3.7241    27.7353    27.7488    6.05286    6.27270         23 0.0000e+00
      33046   1376.858    941.000     3.7944   3.270679     3.7940   3.272065      95.80     0.0166     2.6224     2.3600  1.9934384  1.1000199   48.49412  -46.73089    34.9002    34.9170     3.7245     3.7241    27.7353    27.7487    6.06099    6.27461         24 0.0000e+00
      33070   1377.861    942.000     3.7937   3.270670     3.7935   3.272076      95.26     0.0118     2.6221     2.3601  1.9938983  1.0988929   48.49412  -46.73088    34.9002    34.9171     3.7237     3.7235    27.7354    27.7489    6.06144    6.27075         24 0.0000e+00
      33092   1378.784    943.000     3.7931   3.270650     3.7928   3.272052      95.82     0.0135     2.6220     2.3598  1.9938949  1.0989588   48.49412  -46.73088    34.9002    34.9171     3.7230     3.7227    27.7354    27.7489    6.05183    6.26695         21 0.0000e+00
      33113   1379.655    944.000     3.7922   3.270605     3.7919   3.272016      96.61     0.0178     2.6209     2.3592  1.9953866  1.0989019   48.49412  -46.73088    34.9001    34.9171     3.7220     3.7218    27.7355    27.7490    6.05056    6.26575         21 0.0000e+00
      33134   1380.531    945.000     3.7914   3.270591     3.7912   3.271990      95.13     0.0164     2.6209     2.3590  1.9953493  1.0989012   48.49412  -46.73088    34.9002    34.9171     3.7212     3.7209    27.7356    27.7491    6.05663    6.27191         21 0.0000e+00
      33156   1381.451    946.000     3.7916   3.270656     3.7914   3.272058      95.55     0.0137     2.6201     2.3589  1.9953811  1.0989012   48.49412  -46.73088    34.9003    34.9171     3.7213     3.7211    27.7357    27.7491    6.05045    6.26918         23 0.0000e+00
      33178   1382.382    947.000     3.7916   3.270701     3.7914   3.272101      96.49     0.0140     2.6200     2.3585  1.9954069  1.0989012   48.49412  -46.73088    34.9003    34.9172     3.7212     3.7210    27.7357    27.7492    6.05556    6.26366         21 0.0000e+00
      33199   1383.257    948.000     3.7918   3.270766     3.7915   3.272159      94.99     0.0161     2.6193     2.3577  1.9954847  1.0989012   48.49412  -46.73088    34.9003    34.9172     3.7213     3.7210    27.7357    27.7492    6.05089    6.25918         20 0.0000e+00
      33218   1384.058    949.000     3.7920   3.270827     3.7916   3.272213      95.45     0.0142     2.6192     2.3572  1.9956986  1.0989012   48.49412  -46.73088    34.9004    34.9172     3.7214     3.7210    27.7357    27.7492    6.05597    6.26047         19 0.0000e+00
      33237   1384.823    950.000     3.7919   3.270858     3.7915   3.272249      95.38     0.0119     2.6192     2.3567  1.9956582  1.0989012   48.49412  -46.73088    34.9003    34.9173     3.7212     3.7208    27.7357    27.7493    6.04914    6.25759         18 0.0000e+00
      33255   1385.597    951.000     3.7919   3.270908     3.7916   3.272301      95.44     0.0123     2.6180     2.3560  1.9939952  1.0989012   48.49412  -46.73088    34.9004    34.9173     3.7212     3.7208    27.7358    27.7493    6.04734    6.25850         19 0.0000e+00
      33275   1386.414    952.000     3.7920   3.270959     3.7917   3.272351      94.76     0.0140     2.6179     2.3557  1.9937795  1.0989012   48.49412  -46.73088    34.9004    34.9172     3.7212     3.7209    27.7358    27.7492    6.05596    6.26047         21 0.0000e+00
      33296   1387.305    953.000     3.7915   3.270957     3.7913   3.272358      95.12     0.0191     2.6177     2.3552  1.9948293  1.0989012   48.49412  -46.73088    34.9004    34.9172     3.7206     3.7204    27.7358    27.7492    6.05340    6.26128         22 0.0000e+00
      33320   1388.292    954.000     3.7914   3.270997     3.7912   3.272388      95.20     0.0221     2.6177     2.3551  1.9955066  1.0989012   48.49412  -46.73088    34.9004    34.9172     3.7205     3.7202    27.7359    27.7493    6.05778    6.26402         25 0.0000e+00
      33345   1389.347    955.000     3.7907   3.270978     3.7906   3.272388      95.49     0.0199     2.6175     2.3546  1.9959024  1.0989012   48.49412  -46.73086    34.9004    34.9173     3.7197     3.7195    27.7359    27.7494    6.05643    6.26175         25 0.0000e+00
      33369   1390.347    956.000     3.7907   3.271010     3.7904   3.272411      95.57     0.0149     2.6172     2.3545  1.9963428  1.0989012   48.49412  -46.73088    34.9003    34.9172     3.7196     3.7193    27.7359    27.7494    6.05443    6.26733         23 0.0000e+00
      33391   1391.242    957.000     3.7910   3.271088     3.7906   3.272483      95.18     0.0131     2.6170     2.3546  1.9959334  1.0989012   48.49412  -46.73088    34.9004    34.9173     3.7198     3.7194    27.7360    27.7495    6.05303    6.26562         21 0.0000e+00
      33411   1392.097    958.000     3.7908   3.271115     3.7905   3.272512      94.89     0.0115     2.6165     2.3541  1.9956071  1.0989012   48.49412  -46.73088    34.9004    34.9173     3.7195     3.7192    27.7360    27.7495    6.05062    6.26171         20 0.0000e+00
      33432   1392.974    959.000     3.7908   3.271159     3.7905   3.272559      96.31     0.0130     2.6162     2.3540  1.9956154  1.0989012   48.49412  -46.73087    34.9004    34.9174     3.7194     3.7191    27.7360    27.7495    6.04338    6.26450         22 0.0000e+00
      33454   1393.872    960.000     3.7908   3.271210     3.7906   3.272609      96.60     0.0156     2.6147     2.3537  1.9959290  1.0989012   48.49412  -46.73086    34.9005    34.9174     3.7194     3.7191    27.7361    27.7495    6.04899    6.26171         21 0.0000e+00
      33474   1394.728    961.000     3.7907   3.271248     3.7904   3.272653      96.59     0.0161     2.6151     2.3532  1.9957877  1.0988402   48.49412  -46.73086    34.9005    34.9175     3.7192     3.7189    27.7361    27.7497    6.04964    6.25663         20 0.0000e+00
      33494   1395.538    962.000     3.7908   3.271302     3.7904   3.272689      95.66     0.0130     2.6146     2.3526  1.9949912  1.0989009   48.49412  -46.73086    34.9006    34.9174     3.7192     3.7188    27.7361    27.7496    6.04890    6.25416         19 0.0000e+00
      33514   1396.360    963.000     3.7909   3.271361     3.7906   3.272752      95.25     0.0139     2.6142     2.3521  1.9949424  1.0989012   48.49412  -46.73086    34.9006    34.9175     3.7192     3.7189    27.7362    27.7496    6.04968    6.25560         21 0.0000e+00
      33536   1397.280    964.000     3.7913   3.271443     3.7909   3.272828      96.33     0.0081     2.6136     2.3515  1.9955857  1.0989012   48.49412  -46.73086    34.9007    34.9175     3.7195     3.7191    27.7362    27.7497    6.03875    6.25628         23 0.0000e+00
      33561   1398.331    965.000     3.7916   3.271523     3.7912   3.272912      96.42     0.0070     2.6124     2.3512  1.9961114  1.0989012   48.49412  -46.73086    34.9008    34.9177     3.7197     3.7194    27.7363    27.7497    6.03026    6.25964         26 0.0000e+00
      33584   1399.295    966.000     3.7905   3.271493     3.7904   3.272900      96.41     0.0081     2.6105     2.3510  1.9958127  1.0989012   48.49412  -46.73086    34.9011    34.9179     3.7186     3.7185    27.7366    27.7500    6.02216    6.25433         21 0.0000e+00
      33603   1400.082    967.000     3.7902   3.271518     3.7898   3.272918      96.33     0.0145     2.6095     2.3503  1.9956907  1.0989012   48.49412  -46.73086    34.9012    34.9182     3.7182     3.7178    27.7368    27.7503    6.03999    6.25220         17 0.0000e+00
      33620   1400.799    968.000     3.7901   3.271562     3.7897   3.272958      96.43     0.0164     2.6100     2.3499  1.9955454  1.0989012   48.49412  -46.73086    34.9013    34.9183     3.7180     3.7176    27.7369    27.7504    6.04304    6.25506         17 0.0000e+00
      33638   1401.553    969.000     3.7899   3.271591     3.7896   3.272982      95.50     0.0142     2.6093     2.3497  1.9957243  1.0989012   48.49412  -46.73086    34.9013    34.9182     3.7177     3.7203    27.7369    27.7504    6.03763    6.25601         20 0.0000e+00
      33663   1402.569    970.000     3.7891   3.271561     3.7889   3.272962      95.69     0.0112     2.6092     2.3492  1.9956331  1.0989012   48.49412  -46.73086    34.9013    34.9182     3.7169     3.7167    27.7370    27.7504    6.04371    6.25540         31 0.0000e+00
      33695   1403.918    971.000     3.7885   3.271551     3.7883   3.272949      96.24     0.0099     2.6090     2.3488  1.9956857  1.0985341   48.49412  -46.73086    34.9013    34.9181     3.7162     3.7159    27.7370    27.7505    6.03987    6.25276         28 0.0000e+00
      33717   1404.839    972.000     3.7875   3.271511     3.7872   3.272913      96.34     0.0125     2.6083     2.3482  1.9957974  1.0987016   48.49412  -46.73086    34.9014    34.9184     3.7151     3.7147    27.7372    27.7508    6.03200    6.24662         18 0.0000e+00
      33734   1405.532    973.000     3.7872   3.271533     3.7869   3.272935      95.86     0.0135     2.6080     2.3475  1.9962678  1.0988268   48.49412  -46.73086    34.9015    34.9184     3.7147     3.7144    27.7373    27.7508    6.03550    6.24477         16 0.0000e+00
      33749   1406.179    974.000     3.7870   3.271558     3.7866   3.272957      96.57     0.0174     2.6075     2.3470  1.9963360  1.0989002   48.49412  -46.73086    34.9015    34.9185     3.7144     3.7140    27.7374    27.7509    6.04423    6.24597         16 0.0000e+00
      33766   1406.864    975.000     3.7864   3.271546     3.7863   3.272963      96.32     0.0161     2.6077     2.3466  1.9963369  1.0989012   48.49412  -46.73086    34.9014    34.9184     3.7138     3.7136    27.7373    27.7509    6.04065    6.24936         17 0.0000e+00
      33789   1407.818    976.000     3.7861   3.271559     3.7858   3.272959      96.60     0.0112     2.6071     2.3464  1.9963369  1.0983727   48.49412  -46.73086    34.9014    34.9183     3.7134     3.7131    27.7374    27.7509    6.03996    6.25288         32 0.0000e+00
      33830   1409.524    977.000     3.7851   3.271517     3.7850   3.272932      95.49     0.0142     2.6064     2.3458  1.9973832  1.0984538   48.49412  -46.73086    34.9014    34.9183     3.7123     3.7139    27.7375    27.7510    6.02556    6.24731         37 0.0000e+00
      33853   1410.494    978.000     3.7845   3.271516     3.7842   3.272927      61.01     0.0119     2.6047     2.3453  1.9983175  1.0980827   48.49412  -46.73086    34.9016    34.9186     3.7116     3.7113    27.7377    27.7513    6.03173    6.24728         18 0.0000e+00
      33869   1411.160    979.000     3.7837   3.271500     3.7834   3.272905      96.27     0.0122     2.6052     2.3449  1.9981294  1.0984097   48.49412  -46.73086    34.9017    34.9186     3.7108     3.7105    27.7379    27.7514    6.03724    6.24116         15 0.0000e+00
      33883   1411.755    980.000     3.7835   3.271526     3.7831   3.272928      95.76     0.0101     2.6045     2.3441  1.9979975  1.0988036   48.49412  -46.73086    34.9017    34.9188     3.7105     3.7101    27.7379    27.7515    6.03043    6.23427         14 0.0000e+00
      33897   1412.331    981.000     3.7836   3.271580     3.7831   3.272977      95.17     0.0105     2.6046     2.3436  1.9983081  1.0989008   48.49412  -46.73086    34.9018    34.9188     3.7105     3.7100    27.7380    27.7516    6.03729    6.23840         13 0.0000e+00
      33911   1412.928    982.000     3.7836   3.271622     3.7832   3.273017      94.98     0.0095     2.6045     2.3430  1.9981241  1.0988181   48.49412  -46.73085    34.9017    34.9187     3.7104     3.7100    27.7379    27.7515    6.03933    6.24336         15 0.0000e+00
      33928   1413.613    983.000     3.7838   3.271667     3.7834   3.273068      95.56     0.0087     2.6040     2.3430  1.9978205  1.0983313   48.49412  -46.73084    34.9016    34.9186     3.7105     3.7101    27.7378    27.7514    6.03281    6.25079         19 0.0000e+00
      33953   1414.666    984.000     3.7832   3.271661     3.7828   3.273061      96.45     0.0102     2.6034     2.3429  1.9980747  1.0981394   48.49412  -46.73084    34.9015    34.9186     3.7099     3.7109    27.7379    27.7515    6.03237    6.24687         36 0.0000e+00
      33993   1416.347    985.000     3.7828   3.271685     3.7824   3.273077      95.85     0.0145     2.6028     2.3421  1.9983170  1.0979216   48.49412  -46.73084    34.9017    34.9187     3.7094     3.7088    27.7380    27.7516    6.03308    6.24293         33 0.0000e+00
      34018   1417.366    986.000     3.7826   3.271719     3.7822   3.273106      96.19     0.0131     2.6027     2.3418  1.9977757  1.0981513   48.49412  -46.73084    34.9019    34.9188     3.7091     3.7086    27.7382    27.7517    6.03553    6.24915         21 0.0000e+00
