data/CTD/2013/CNV/D021A043.CNV
* Sea-Bird SBE 9 Data File:
* FileName = C:\CTD_ACQUISITION\2013021HUD\ctddata\021A043.hdr
* Software Version Seasave V 7.22.2
* Temperature SN = 5081
* Conductivity SN = 3561
* Number of Bytes Per Scan = 37
* Number of Voltage Words = 4
* Number of Scans Averaged by the Deck Unit = 1
* NMEA Latitude = 48 24.11 N
* NMEA Longitude = 046 14.76 W
* NMEA UTC (Time) = Jul 04 2013 05:49:20
* NMEA baud rate = 9600
** Ship: Hudson
** Cruise: HUD2013021
** Chief_Scientist: Greenan
** Organization: BIO
** Area_of_Operation: Sackville Spur
** Station: 43
** Sounding:  1023
** Event_Comments: FP_BSR_3  393194
# nquan = 25
# nvalues = 1012                        
# units = specified
# name 0 = scan: Scan Count
# name 1 = timeS: Time, Elapsed [seconds]
# name 2 = prDM: Pressure, Digiquartz [db]
# name 3 = t068C: Temperature [ITS-68, deg C]
# name 4 = c0S/m: Conductivity [S/m]
# name 5 = t168C: Temperature, 2 [ITS-68, deg C]
# name 6 = c1S/m: Conductivity, 2 [S/m]
# name 7 = altM: Altimeter [m]
# name 8 = flCUVA: Fluorescence, Chelsea UV Aquatracka [ug/l]
# name 9 = sbeox0V: Oxygen raw, SBE 43 [V]
# name 10 = sbeox1V: Oxygen raw, SBE 43, 2 [V]
# name 11 = upoly0: Upoly 0, Optode 4330F - O2 D-Phase
# name 12 = upoly1: Upoly 1, Optode 4330F - O2 Temp
# name 13 = latitude: Latitude [deg]
# name 14 = longitude: Longitude [deg]
# name 15 = sal00: Salinity, Practical [PSU]
# name 16 = sal11: Salinity, Practical, 2 [PSU]
# name 17 = potemp068C: Potential Temperature [ITS-68, deg C]
# name 18 = potemp168C: Potential Temperature, 2 [ITS-68, deg C]
# name 19 = sigma-é00: Density [sigma-theta, Kg/m^3]
# name 20 = sigma-é11: Density, 2 [sigma-theta, Kg/m^3]
# name 21 = sbeox0ML/L: Oxygen, SBE 43 [ml/l], WS = 2
# name 22 = sbeox1ML/L: Oxygen, SBE 43, 2 [ml/l], WS = 2
# name 23 = nbin: number of scans per bin
# name 24 = flag: flag
# span 0 =       8688,      36977       
# span 1 =    361.942,   1540.664       
# span 2 =      2.000,   1013.000       
# span 3 =     0.7973,     6.7443       
# span 4 =   2.868343,   3.339007       
# span 5 =     0.7969,     6.7485       
# span 6 =   2.870385,   3.340595       
# span 7 =       3.78,     118.93       
# span 8 =     0.0066,     0.3394       
# span 9 =     2.5901,     3.4735       
# span 10 =     2.3321,     3.0792      
# span 11 =  1.7142641,  2.0019026      
# span 12 =  0.7460318,  1.4696512      
# span 13 =   48.40233,   48.40398      
# span 14 =  -46.24527,  -46.24144      
# span 15 =    33.0502,    35.9622      
# span 16 =    33.0709,    34.9205      
# span 17 =     0.7957,     6.7436      
# span 18 =     0.7954,     6.7478      
# span 19 =    25.9748,    28.6785      
# span 20 =    25.9887,    27.7510      
# span 21 =    6.00567,    8.02120      
# span 22 =    6.22528,    8.08109      
# span 23 =          2,         85      
# span 24 = 0.0000e+00, 0.0000e+00      
# interval = decibars: 1                
# start_time = Jul 04 2013 05:49:20 [NMEA time, header]
# bad_flag = -9.990e-29
*END*
[from data line 638]
      28832   1201.286    640.000     3.8921   3.264891     3.8924   3.266320      62.42     0.0134     2.7596     2.4785  1.9571060  1.1123321   48.40356  -46.24306    34.8845    34.9012     3.8455     3.8458    27.7104    27.7237    6.21978    6.40290         23 0.0000e+00
      28855   1202.269    641.000     3.8886   3.264595     3.8888   3.266012      65.69     0.0136     2.7595     2.4782  1.9567569  1.1122813   48.40356  -46.24306    34.8842    34.9008     3.8419     3.8421    27.7106    27.7238    6.21542    6.39765         24 0.0000e+00
      28880   1203.279    642.000     3.8868   3.264466     3.8867   3.265864      77.31     0.0112     2.7590     2.4780  1.9567561  1.1123325   48.40356  -46.24304    34.8841    34.9007     3.8401     3.8400    27.7107    27.7239    6.21484    6.40360         24 0.0000e+00
      28904   1204.288    643.000     3.8832   3.264158     3.8834   3.265585      96.81     0.0116     2.7591     2.4780  1.9561352  1.1114006   48.40356  -46.24304    34.8837    34.9004     3.8364     3.8366    27.7107    27.7240    6.21879    6.40362         24 0.0000e+00
      28927   1205.242    644.000     3.8816   3.264052     3.8813   3.265426      74.05     0.0091     2.7591     2.4780  1.9560425  1.1111633   48.40356  -46.24304    34.8835    34.9002     3.8348     3.8345    27.7108    27.7241    6.22261    6.40436         22 0.0000e+00
      28948   1206.145    645.000     3.8814   3.264078     3.8812   3.265451      69.55     0.0119     2.7590     2.4779  1.9577076  1.1111112   48.40358  -46.24304    34.8836    34.9001     3.8345     3.8360    27.7108    27.7240    6.21695    6.40330         22 0.0000e+00
      28969   1207.009    646.000     3.8814   3.264123     3.8809   3.265471      96.11     0.0144     2.7586     2.4776  1.9582343  1.1111112   48.40358  -46.24304    34.8836    34.9001     3.8344     3.8339    27.7109    27.7241    6.21428    6.40140         20 0.0000e+00
      28988   1207.800    647.000     3.8802   3.264069     3.8802   3.265466      96.60     0.0162     2.7579     2.4773  1.9576901  1.1111112   48.40358  -46.24304    34.8836    34.9002     3.8332     3.8332    27.7110    27.7242    6.21549    6.39965         17 0.0000e+00
      29005   1208.509    648.000     3.8805   3.264136     3.8807   3.265565      51.63     0.0159     2.7583     2.4769  1.9569682  1.1111112   48.40358  -46.24304    34.8836    34.9003     3.8334     3.8336    27.7110    27.7243    6.21777    6.39956         17 0.0000e+00
      29021   1209.177    649.000     3.8806   3.264191     3.8810   3.265627       9.03     0.0163     2.7577     2.4767  1.9570351  1.1111112   48.40358  -46.24304    34.8837    34.9003     3.8334     3.8363    27.7110    27.7242    6.21384    6.40269         16 0.0000e+00
      29037   1209.842    650.000     3.8797   3.264158     3.8797   3.265551      75.18     0.0160     2.7575     2.4767  1.9570360  1.1106616   48.40358  -46.24304    34.8837    34.9002     3.8324     3.8324    27.7111    27.7243    6.21644    6.40388         16 0.0000e+00
      29054   1210.535    651.000     3.8807   3.264294     3.8803   3.265650      96.36     0.0123     2.7570     2.4764  1.9571205  1.1098970   48.40358  -46.24304    34.8837    34.9002     3.8334     3.8329    27.7110    27.7243    6.21817    6.40043         17 0.0000e+00
      29073   1211.333    652.000     3.8808   3.264338     3.8802   3.265679      65.89     0.0144     2.7568     2.4761  1.9572611  1.1098901   48.40358  -46.24304    34.8836    34.9001     3.8333     3.8328    27.7110    27.7242    6.21491    6.40584         22 0.0000e+00
      29099   1212.405    653.000     3.8798   3.264281     3.8789   3.265599      73.10     0.0180     2.7566     2.4761  1.9575018  1.1098901   48.40358  -46.24302    34.8835    34.9001     3.8323     3.8314    27.7110    27.7243    6.21766    6.40459         30 0.0000e+00
      29129   1213.666    654.000     3.8783   3.264190     3.8782   3.265571      97.42     0.0148     2.7561     2.4757  1.9572097  1.1098901   48.40358  -46.24302    34.8834    34.9000     3.8307     3.8306    27.7111    27.7243    6.21421    6.40214         27 0.0000e+00
      29153   1214.651    655.000     3.8774   3.264150     3.8766   3.265471      43.18     0.0124     2.7556     2.4754  1.9560127  1.1098901   48.40358  -46.24302    34.8834    34.8999     3.8297     3.8289    27.7112    27.7245    6.21234    6.40352         21 0.0000e+00
      29172   1215.467    656.000     3.8770   3.264168     3.8767   3.265534      96.25     0.0152     2.7550     2.4752  1.9560440  1.1098901   48.40358  -46.24302    34.8834    34.9000     3.8293     3.8290    27.7113    27.7245    6.21073    6.39821         19 0.0000e+00
      29190   1216.222    657.000     3.8774   3.264257     3.8783   3.265729      96.13     0.0153     2.7547     2.4744  1.9572529  1.1098901   48.40358  -46.24302    34.8836    34.9001     3.8296     3.8305    27.7114    27.7245    6.21217    6.39531         18 0.0000e+00
      29208   1216.961    658.000     3.8785   3.264395     3.8797   3.265905      96.37     0.0140     2.7541     2.4741  1.9572649  1.1098901   48.40358  -46.24302    34.8835    34.9002     3.8306     3.8318    27.7112    27.7243    6.21472    6.39932         18 0.0000e+00
      29226   1217.717    659.000     3.8738   3.263989     3.8747   3.265461      34.44     0.0124     2.7543     2.4738  1.9573983  1.1098901   48.40358  -46.24302    34.8832    34.8998     3.8259     3.8267    27.7115    27.7245    6.22334    6.39827         18 0.0000e+00
      29245   1218.511    660.000     3.8726   3.263923     3.8725   3.265312      95.15     0.0123     2.7544     2.4734  1.9574474  1.1098901   48.40358  -46.24302    34.8832    34.8998     3.8246     3.8244    27.7116    27.7248    6.22077    6.40540         20 0.0000e+00
      29266   1219.376    661.000     3.8728   3.263982     3.8727   3.265372      90.92     0.0112     2.7540     2.4738  1.9573776  1.1098901   48.40358  -46.24302    34.8832    34.8998     3.8247     3.8246    27.7115    27.7248    6.21913    6.41211         22 0.0000e+00
      29289   1220.319    662.000     3.8728   3.264028     3.8729   3.265439      30.87     0.0135     2.7542     2.4740  1.9564826  1.1094720   48.40358  -46.24302    34.8832    34.8997     3.8246     3.8247    27.7115    27.7247    6.21594    6.41182         23 0.0000e+00
      29312   1221.287    663.000     3.8722   3.264014     3.8722   3.265417      78.78     0.0165     2.7534     2.4741  1.9562060  1.1094458   48.40358  -46.24300    34.8831    34.8997     3.8240     3.8240    27.7115    27.7248    6.22025    6.41100         22 0.0000e+00
      29333   1222.169    664.000     3.8688   3.263733     3.8679   3.265042      81.28     0.0180     2.7538     2.4740  1.9571053  1.1094005   48.40358  -46.24300    34.8828    34.8993     3.8205     3.8196    27.7117    27.7249    6.22508    6.41182         20 0.0000e+00
      29352   1222.969    665.000     3.8660   3.263501     3.8654   3.264852      52.56     0.0199     2.7536     2.4741  1.9572674  1.1096362   48.40358  -46.24300    34.8826    34.8992     3.8176     3.8170    27.7118    27.7251    6.22270    6.41384         19 0.0000e+00
      29372   1223.781    666.000     3.8663   3.263574     3.8653   3.264885      95.99     0.0136     2.7537     2.4742  1.9572074  1.1094850   48.40358  -46.24300    34.8825    34.8991     3.8179     3.8169    27.7117    27.7250    6.23028    6.41503         21 0.0000e+00
      29394   1224.711    667.000     3.8670   3.263680     3.8656   3.264944      96.62     0.0114     2.7539     2.4742  1.9569645  1.1090841   48.40358  -46.24300    34.8826    34.8991     3.8184     3.8170    27.7117    27.7250    6.22169    6.41281         24 0.0000e+00
      29419   1225.731    668.000     3.8658   3.263602     3.8653   3.264976      37.51     0.0090     2.7532     2.4739  1.9572178  1.1088769   48.40359  -46.24300    34.8824    34.8991     3.8172     3.8167    27.7117    27.7251    6.22225    6.40966         23 0.0000e+00
      29440   1226.608    669.000     3.8657   3.263644     3.8654   3.265025      28.59     0.0130     2.7533     2.4735  1.9577291  1.1086631   48.40360  -46.24300    34.8825    34.8991     3.8170     3.8167    27.7118    27.7250    6.22970    6.41010         19 0.0000e+00
      29458   1227.361    670.000     3.8656   3.263685     3.8651   3.265044      88.87     0.0178     2.7537     2.4733  1.9578084  1.1086692   48.40360  -46.24298    34.8825    34.8992     3.8168     3.8163    27.7118    27.7251    6.22761    6.41216         18 0.0000e+00
      29476   1228.110    671.000     3.8661   3.263783     3.8657   3.265129      84.14     0.0176     2.7532     2.4732  1.9574643  1.1086692   48.40360  -46.24298    34.8826    34.8991     3.8173     3.8168    27.7118    27.7250    6.21936    6.41127         19 0.0000e+00
      29496   1228.948    672.000     3.8663   3.263839     3.8660   3.265208      52.90     0.0163     2.7524     2.4729  1.9572673  1.1086692   48.40360  -46.24298    34.8825    34.8991     3.8174     3.8171    27.7118    27.7250    6.22181    6.41106         21 0.0000e+00
      29518   1229.875    673.000     3.8663   3.263889     3.8661   3.265256      96.11     0.0146     2.7526     2.4728  1.9569243  1.1084988   48.40360  -46.24298    34.8826    34.8991     3.8173     3.8171    27.7118    27.7250    6.22762    6.41454         22 0.0000e+00
      29538   1230.729    674.000     3.8669   3.263994     3.8668   3.265379      95.30     0.0166     2.7525     2.4727  1.9566808  1.1083442   48.40360  -46.24298    34.8827    34.8992     3.8179     3.8177    27.7118    27.7250    6.22250    6.41248         19 0.0000e+00
      29557   1231.489    675.000     3.8662   3.263964     3.8657   3.265311      50.80     0.0148     2.7517     2.4725  1.9567227  1.1083984   48.40360  -46.24298    34.8826    34.8990     3.8170     3.8166    27.7118    27.7250    6.21014    6.41187         18 0.0000e+00
      29575   1232.250    676.000     3.8605   3.263455     3.8609   3.264894      76.28     0.0161     2.7507     2.4722  1.9562368  1.1086690   48.40360  -46.24298    34.8820    34.8987     3.8113     3.8117    27.7120    27.7252    6.21520    6.41314         19 0.0000e+00
      29595   1233.102    677.000     3.8569   3.263162     3.8570   3.264588      95.25     0.0172     2.7505     2.4721  1.9564320  1.1085584   48.40360  -46.24298    34.8819    34.8986     3.8076     3.8078    27.7123    27.7256    6.22140    6.41854         22 0.0000e+00
      29619   1234.103    678.000     3.8572   3.263233     3.8568   3.264590      79.80     0.0165     2.7500     2.4723  1.9567337  1.1081232   48.40360  -46.24298    34.8819    34.8984     3.8078     3.8074    27.7122    27.7254    6.22832    6.42247         25 0.0000e+00
      29643   1235.083    679.000     3.8576   3.263326     3.8574   3.264701      59.03     0.0145     2.7507     2.4725  1.9569361  1.1080005   48.40360  -46.24297    34.8820    34.8986     3.8082     3.8079    27.7123    27.7255    6.23094    6.42776         22 0.0000e+00
      29664   1235.949    680.000     3.8564   3.263246     3.8563   3.264645      95.28     0.0140     2.7504     2.4730  1.9564654  1.1081212   48.40360  -46.24296    34.8818    34.8985     3.8069     3.8068    27.7123    27.7256    6.22585    6.42543         20 0.0000e+00
      29684   1236.800    681.000     3.8537   3.263039     3.8546   3.264522      39.38     0.0195     2.7505     2.4728  1.9562746  1.1080287   48.40360  -46.24296    34.8817    34.8984     3.8041     3.8050    27.7125    27.7257    6.22759    6.42066         21 0.0000e+00
      29706   1237.714    682.000     3.8549   3.263197     3.8546   3.264572      95.88     0.0206     2.7499     2.4723  1.9562027  1.1081924   48.40360  -46.24296    34.8817    34.8984     3.8053     3.8050    27.7124    27.7257    6.21700    6.41017         23 0.0000e+00
      29729   1238.661    683.000     3.8507   3.262844     3.8500   3.264174      95.87     0.0186     2.7489     2.4713  1.9562106  1.1079437   48.40360  -46.24296    34.8814    34.8980     3.8011     3.8003    27.7126    27.7258    6.23046    6.41030         22 0.0000e+00
      29750   1239.545    684.000     3.8465   3.262481     3.8455   3.263790      47.21     0.0160     2.7498     2.4708  1.9563529  1.1081244   48.40360  -46.24296    34.8812    34.8978     3.7967     3.7957    27.7128    27.7261    6.23602    6.40978         20 0.0000e+00
      29769   1240.352    685.000     3.8446   3.262357     3.8446   3.263766      84.85     0.0123     2.7497     2.4700  1.9585347  1.1076957   48.40360  -46.24296    34.8811    34.8978     3.7948     3.7970    27.7129    27.7262    6.23274    6.41236         19 0.0000e+00
      29788   1241.130    686.000     3.8429   3.262234     3.8427   3.263627      95.42     0.0110     2.7498     2.4698  1.9584860  1.1078992   48.40360  -46.24296    34.8810    34.8976     3.7930     3.7928    27.7130    27.7263    6.23251    6.42508         19 0.0000e+00
      29807   1241.921    687.000     3.8429   3.262280     3.8429   3.263679      95.09     0.0118     2.7497     2.4705  1.9578396  1.1069932   48.40360  -46.24296    34.8810    34.8976     3.7929     3.7929    27.7131    27.7263    6.23057    6.43061         19 0.0000e+00
      29827   1242.736    688.000     3.8430   3.262332     3.8431   3.263739      34.44     0.0172     2.7493     2.4705  1.9570749  1.1062202   48.40361  -46.24295    34.8809    34.8976     3.7930     3.7930    27.7130    27.7263    6.22992    6.42673         20 0.0000e+00
      29846   1243.536    689.000     3.8430   3.262377     3.8428   3.263771      69.39     0.0199     2.7490     2.4707  1.9571360  1.1062272   48.40362  -46.24294    34.8810    34.8977     3.7929     3.7927    27.7130    27.7264    6.22925    6.43092         19 0.0000e+00
      29864   1244.310    690.000     3.8383   3.261979     3.8399   3.263530      95.45     0.0193     2.7485     2.4712  1.9548316  1.1050783   48.40362  -46.24294    34.8807    34.8975     3.7881     3.7897    27.7133    27.7265    6.23254    6.43268         18 0.0000e+00
      29883   1245.091    691.000     3.8347   3.261703     3.8317   3.262830      83.14     0.0140     2.7492     2.4711  1.9548229  1.1051873   48.40362  -46.24294    34.8807    34.8973     3.7845     3.7815    27.7137    27.7272    6.24274    6.43036         20 0.0000e+00
      29904   1245.964    692.000     3.8312   3.261412     3.8300   3.262707      53.42     0.0133     2.7491     2.4711  1.9555316  1.1052275   48.40362  -46.24294    34.8804    34.8970     3.7810     3.7798    27.7138    27.7272    6.23705    6.43280         22 0.0000e+00
      29928   1246.949    693.000     3.8264   3.261019     3.8261   3.262393      95.90     0.0111     2.7490     2.4713  1.9560499  1.1050035   48.40362  -46.24294    34.8803    34.8970     3.7761     3.7757    27.7142    27.7275    6.23960    6.43815         24 0.0000e+00
      29951   1247.907    694.000     3.8259   3.261018     3.8257   3.262404      95.71     0.0124     2.7484     2.4714  1.9564931  1.1045569   48.40362  -46.24294    34.8803    34.8970     3.7755     3.7753    27.7143    27.7276    6.23644    6.42858         22 0.0000e+00
      29973   1248.840    695.000     3.8254   3.261018     3.8251   3.262389      43.02     0.0143     2.7490     2.4705  1.9570564  1.1041540   48.40362  -46.24294    34.8803    34.8970     3.7749     3.7746    27.7144    27.7276    6.24174    6.42372         23 0.0000e+00
      29996   1249.796    696.000     3.8247   3.261007     3.8245   3.262381      95.60     0.0150     2.7484     2.4704  1.9574794  1.1039968   48.40362  -46.24293    34.8804    34.8970     3.7742     3.7739    27.7145    27.7277    6.23340    6.43314         23 0.0000e+00
