data/CTD/2013/CNV/D021A011.CNV
* Sea-Bird SBE 9 Data File:
* FileName = C:\CTD_ACQUISITION\2013021HUD\ctddata\021A011.hdr
* Software Version Seasave V 7.22.2
* Temperature SN = 5081
* Conductivity SN = 3561
* Number of Bytes Per Scan = 37
* Number of Voltage Words = 4
* Number of Scans Averaged by the Deck Unit = 1
* NMEA Latitude = 46 59.93 N
* NMEA Longitude = 047 21.52 W
* NMEA UTC (Time) = Jul 01 2013 19:37:40
* NMEA baud rate = 9600
** Ship: Hudson
** Cruise: HUD2013021
** Chief_Scientist: Greenan
** Organization: BIO
** Area_of_Operation: Sackville Spur
** Station: 11
** Sounding:  259
** Event_Comments: FC14.5  393109
# nquan = 25
# nvalues = 253                         
# units = specified
# name 0 = scan: Scan Count
# name 1 = timeS: Time, Elapsed [seconds]
# name 2 = prDM: Pressure, Digiquartz [db]
# name 3 = t068C: Temperature [ITS-68, deg C]
# name 4 = c0S/m: Conductivity [S/m]
# name 5 = t168C: Temperature, 2 [ITS-68, deg C]
# name 6 = c1S/m: Conductivity, 2 [S/m]
# name 7 = altM: Altimeter [m]
# name 8 = flCUVA: Fluorescence, Chelsea UV Aquatracka [ug/l]
# name 9 = sbeox0V: Oxygen raw, SBE 43 [V]
# name 10 = sbeox1V: Oxygen raw, SBE 43, 2 [V]
# name 11 = upoly0: Upoly 0, Optode 4330F - O2 D-Phase
# name 12 = upoly1: Upoly 1, Optode 4330F - O2 Temp
# name 13 = latitude: Latitude [deg]
# name 14 = longitude: Longitude [deg]
# name 15 = sal00: Salinity, Practical [PSU]
# name 16 = sal11: Salinity, Practical, 2 [PSU]
# name 17 = potemp068C: Potential Temperature [ITS-68, deg C]
# name 18 = potemp168C: Potential Temperature, 2 [ITS-68, deg C]
# name 19 = sigma-é00: Density [sigma-theta, Kg/m^3]
# name 20 = sigma-é11: Density, 2 [sigma-theta, Kg/m^3]
# name 21 = sbeox0ML/L: Oxygen, SBE 43 [ml/l], WS = 2
# name 22 = sbeox1ML/L: Oxygen, SBE 43, 2 [ml/l], WS = 2
# name 23 = nbin: number of scans per bin
# name 24 = flag: flag
# span 0 =       8658,      16804       
# span 1 =    360.701,    700.112       
# span 2 =      3.000,    255.000       
# span 3 =    -0.7901,     6.5129       
# span 4 =   2.689939,   3.244916       
# span 5 =    -0.7912,     6.5136       
# span 6 =   2.691408,   3.246250       
# span 7 =     -10.40,      97.82       
# span 8 =     0.0132,     0.1899       
# span 9 =     2.6088,     3.4473       
# span 10 =     2.3440,     3.0060      
# span 11 =  1.7134275,  2.1062272      
# span 12 =  0.5558858,  1.4426955      
# span 13 =   46.99924,   46.99968      
# span 14 =  -47.35668,  -47.35660      
# span 15 =    32.3490,    34.2710      
# span 16 =    32.3630,    34.2861      
# span 17 =    -0.7916,     6.5127      
# span 18 =    -0.7927,     6.5134      
# span 19 =    25.3947,    27.3620      
# span 20 =    25.4056,    27.3741      
# span 21 =    5.74876,    8.31215      
# span 22 =    5.92751,    8.05040      
# span 23 =         16,         81      
# span 24 = 0.0000e+00, 0.0000e+00      
# interval = decibars: 1                
# start_time = Jul 01 2013 19:37:40 [NMEA time, header]
# bad_flag = -9.990e-29
*END*
[from data line 232]
      16157    673.178    235.000     2.3210   3.057595     2.3207   3.058805      24.65     0.0392     2.6219     2.3470  2.1036751  0.9108304   46.99924  -47.35666    34.2653    34.2805     2.3078     2.3076    27.3584    27.3706    5.78305    5.93197         34 0.0000e+00
      16198    674.870    236.000     2.3210   3.057636     2.3210   3.058873      23.36     0.0396     2.6218     2.3466  2.1036994  0.9109831   46.99924  -47.35666    34.2652    34.2806     2.3078     2.3078    27.3583    27.3706    5.78006    5.92918         43 0.0000e+00
      16233    676.334    237.000     2.3212   3.057716     2.3213   3.058965      22.44     0.0407     2.6205     2.3463  2.1037874  0.9114220   46.99924  -47.35666    34.2654    34.2808     2.3080     2.3080    27.3585    27.3708    5.76396    5.93380         27 0.0000e+00
      16256    677.286    238.000     2.3212   3.057761     2.3209   3.058964      21.79     0.0382     2.6200     2.3463  2.1037850  0.9117884   46.99924  -47.35666    34.2654    34.2807     2.3079     2.3076    27.3585    27.3707    5.76619    5.93500         20 0.0000e+00
      16276    678.137    239.000     2.3219   3.057889     2.3216   3.059102      20.98     0.0379     2.6181     2.3465  2.1042249  0.9120300   46.99924  -47.35666    34.2657    34.2810     2.3085     2.3082    27.3587    27.3710    5.75443    5.93900         22 0.0000e+00
      16300    679.109    240.000     2.3227   3.058035     2.3223   3.059229      19.96     0.0333     2.6174     2.3465  2.1049774  0.9120859   46.99924  -47.35666    34.2661    34.2813     2.3093     2.3089    27.3589    27.3712    5.76249    5.93615         26 0.0000e+00
      16329    680.317    241.000     2.3232   3.058137     2.3228   3.059328      18.97     0.0334     2.6166     2.3467  2.1050470  0.9120879   46.99924  -47.35666    34.2662    34.2814     2.3097     2.3093    27.3590    27.3712    5.76905    5.94142         30 0.0000e+00
      16357    681.499    242.000     2.3230   3.058161     2.3228   3.059386      17.85     0.0346     2.6166     2.3470  2.1053400  0.9120879   46.99924  -47.35668    34.2662    34.2816     2.3094     2.3093    27.3590    27.3713    5.77321    5.94063         26 0.0000e+00
      16381    682.493    243.000     2.3232   3.058230     2.3233   3.059482      16.78     0.0355     2.6165     2.3468  2.1051137  0.9120879   46.99924  -47.35668    34.2663    34.2816     2.3096     2.3097    27.3591    27.3713    5.76684    5.93406         23 0.0000e+00
      16405    683.506    244.000     2.3244   3.058404     2.3241   3.059621      15.84     0.0342     2.6162     2.3464  2.1050098  0.9120879   46.99924  -47.35668    34.2666    34.2820     2.3107     2.3104    27.3592    27.3716    5.76807    5.93090         27 0.0000e+00
      16437    684.818    245.000     2.3253   3.058568     2.3259   3.059896      14.34     0.0343     2.6151     2.3456  2.1057994  0.9123043   46.99924  -47.35668    34.2671    34.2828     2.3116     2.3122    27.3595    27.3721    5.75852    5.93149         34 0.0000e+00
      16468    686.117    246.000     2.3254   3.058629     2.3256   3.059902      13.77     0.0326     2.6151     2.3452  2.1055424  0.9127783   46.99924  -47.35668    34.2672    34.2827     2.3116     2.3119    27.3597    27.3720    5.77330    5.92898         27 0.0000e+00
      16491    687.103    247.000     2.3263   3.058797     2.3262   3.060014      12.95     0.0299     2.6150     2.3445  2.1050069  0.9132527   46.99924  -47.35668    34.2678    34.2829     2.3124     2.3123    27.3600    27.3722    5.76658    5.92897         22 0.0000e+00
      16514    688.021    248.000     2.3271   3.058931     2.3271   3.060171      12.05     0.0282     2.6144     2.3444  2.1052139  0.9133077   46.99924  -47.35668    34.2680    34.2833     2.3132     2.3132    27.3601    27.3724    5.76649    5.93425         23 0.0000e+00
      16540    689.129    249.000     2.3290   3.059205     2.3291   3.060463      11.00     0.0322     2.6144     2.3446  2.1062121  0.9133089   46.99924  -47.35668    34.2688    34.2842     2.3150     2.3152    27.3606    27.3730    5.76727    5.94155         30 0.0000e+00
      16574    690.532    250.000     2.3307   3.059466     2.3305   3.060680       9.85     0.0339     2.6138     2.3449  2.1054413  0.9133089   46.99924  -47.35668    34.2696    34.2849     2.3167     2.3165    27.3612    27.3734    5.75968    5.93617         35 0.0000e+00
      16605    691.841    251.000     2.3307   3.059512     2.3304   3.060711       8.91     0.0333     2.6128     2.3448  2.1050408  0.9135318   46.99924  -47.35668    34.2696    34.2849     2.3166     2.3169    27.3612    27.3734    5.76100    5.93565         28 0.0000e+00
      16630    692.864    252.000     2.3316   3.059674     2.3318   3.060931       7.95     0.0346     2.6129     2.3444  2.1062152  0.9145198   46.99924  -47.35668    34.2701    34.2855     2.3174     2.3177    27.3615    27.3738    5.76383    5.93440         23 0.0000e+00
      16653    693.851    253.000     2.3323   3.059796     2.3322   3.061022       7.21     0.0335     2.6120     2.3443  2.1062272  0.9145748   46.99924  -47.35668    34.2704    34.2856     2.3181     2.3180    27.3616    27.3739    5.74876    5.93528         26 0.0000e+00
      16701    695.829    254.000     2.3334   3.059967     2.3338   3.061246       5.90     0.0371     2.6098     2.3443  2.1062272  0.9147458   46.99924  -47.35668    34.2707    34.2861     2.3192     2.3195    27.3618    27.3741    5.75074    5.93868         71 0.0000e+00
      16804    700.112    255.000     2.3344   3.060122     2.3324   3.061121       4.51     0.0326     2.6088     2.3440  2.1056125  0.9154696   46.99924  -47.35668    34.2710    34.2855     2.3201     2.3181    27.3620    27.3738    5.75681    5.93856         21 0.0000e+00
