data/CTD/2013/CNV/D021A049.CNV
* Sea-Bird SBE 9 Data File:
* FileName = C:\CTD_ACQUISITION\2013021HUD\ctddata\021A049.hdr
* Software Version Seasave V 7.22.2
* Temperature SN = 5081
* Conductivity SN = 3561
* Number of Bytes Per Scan = 37
* Number of Voltage Words = 4
* Number of Scans Averaged by the Deck Unit = 1
* NMEA Latitude = 48 56.14 N
* NMEA Longitude = 045 49.78 W
* NMEA UTC (Time) = Jul 04 2013 22:48:08
* NMEA baud rate = 9600
** Ship: Hudson
** Cruise: HUD2013021
** Chief_Scientist: Greenan
** Organization: BIO
** Area_of_Operation: Sackville Spur
** Station: 49
** Sounding:  2572
** Event_Comments: SS28  393207
# nquan = 25
# nvalues = 2480                        
# units = specified
# name 0 = scan: Scan Count
# name 1 = timeS: Time, Elapsed [seconds]
# name 2 = prDM: Pressure, Digiquartz [db]
# name 3 = t068C: Temperature [ITS-68, deg C]
# name 4 = c0S/m: Conductivity [S/m]
# name 5 = t168C: Temperature, 2 [ITS-68, deg C]
# name 6 = c1S/m: Conductivity, 2 [S/m]
# name 7 = altM: Altimeter [m]
# name 8 = flCUVA: Fluorescence, Chelsea UV Aquatracka [ug/l]
# name 9 = sbeox0V: Oxygen raw, SBE 43 [V]
# name 10 = sbeox1V: Oxygen raw, SBE 43, 2 [V]
# name 11 = upoly0: Upoly 0, Optode 4330F - O2 D-Phase
# name 12 = upoly1: Upoly 1, Optode 4330F - O2 Temp
# name 13 = latitude: Latitude [deg]
# name 14 = longitude: Longitude [deg]
# name 15 = sal00: Salinity, Practical [PSU]
# name 16 = sal11: Salinity, Practical, 2 [PSU]
# name 17 = potemp068C: Potential Temperature [ITS-68, deg C]
# name 18 = potemp168C: Potential Temperature, 2 [ITS-68, deg C]
# name 19 = sigma-é00: Density [sigma-theta, Kg/m^3]
# name 20 = sigma-é11: Density, 2 [sigma-theta, Kg/m^3]
# name 21 = sbeox0ML/L: Oxygen, SBE 43 [ml/l], WS = 2
# name 22 = sbeox1ML/L: Oxygen, SBE 43, 2 [ml/l], WS = 2
# name 23 = nbin: number of scans per bin
# name 24 = flag: flag
# span 0 =       8008,      63560       
# span 1 =    333.629,   2648.308       
# span 2 =      2.000,   2481.000       
# span 3 =     2.4940,     8.2907       
# span 4 =   3.158422,   3.550355       
# span 5 =     2.4932,     8.2898       
# span 6 =   3.159712,   3.551657       
# span 7 =       2.19,      98.23       
# span 8 =     0.0049,     0.5085       
# span 9 =     2.1878,     3.3502       
# span 10 =     1.9680,     2.9969      
# span 11 =  1.6882242,  2.1111471      
# span 12 =  0.9352900,  1.6654816      
# span 13 =   48.93602,   48.93754      
# span 14 =  -45.83040,  -45.82962      
# span 15 =    33.8557,    35.1418      
# span 16 =    33.8746,    34.9381      
# span 17 =     2.3059,     8.2902      
# span 18 =     2.3050,     8.2894      
# span 19 =    26.4108,    27.9285      
# span 20 =    26.4228,    27.8896      
# span 21 =    5.87891,    6.71721      
# span 22 =    6.08766,    6.84905      
# span 23 =         13,         82      
# span 24 = 0.0000e+00, 0.0000e+00      
# interval = decibars: 1                
# start_time = Jul 04 2013 22:48:08 [NMEA time, header]
# bad_flag = -9.990e-29
*END*
[from data line 1508]
      42998   1791.552   1510.000     3.3525   3.257209     3.3517   3.258517      95.90     0.0178     2.4141     2.1706  2.0574672  1.0439560   48.93666  -45.83030    34.9199    34.9364     3.2389     3.2380    27.7988    27.8120    5.90278    6.13555         19 0.0000e+00
      43017   1792.351   1511.000     3.3510   3.257113     3.3502   3.258430      95.90     0.0159     2.4134     2.1707  2.0574481  1.0439560   48.93666  -45.83030    34.9199    34.9364     3.2373     3.2365    27.7989    27.8122    5.89825    6.13249         20 0.0000e+00
      43038   1793.191   1512.000     3.3502   3.257079     3.3495   3.258393      83.06     0.0110     2.4128     2.1703  2.0576732  1.0439560   48.93664  -45.83028    34.9198    34.9363     3.2364     3.2357    27.7990    27.8122    5.90746    6.13083         21 0.0000e+00
      43059   1794.078   1513.000     3.3493   3.257038     3.3485   3.258343      82.72     0.0090     2.4130     2.1701  2.0576200  1.0439560   48.93666  -45.83030    34.9198    34.9362     3.2354     3.2346    27.7990    27.8122    5.91133    6.13411         21 0.0000e+00
      43081   1794.990   1514.000     3.3483   3.256991     3.3475   3.258299      95.69     0.0072     2.4129     2.1699  2.0577214  1.0437875   48.93666  -45.83030    34.9197    34.9362     3.2344     3.2335    27.7991    27.8124    5.90638    6.12920         22 0.0000e+00
      43102   1795.893   1515.000     3.3480   3.257002     3.3472   3.258315      95.89     0.0069     2.4122     2.1694  2.0575540  1.0427933   48.93666  -45.83030    34.9198    34.9362     3.2340     3.2332    27.7992    27.8123    5.90177    6.12222         22 0.0000e+00
      43123   1796.763   1516.000     3.3474   3.256995     3.3468   3.258318      95.46     0.0124     2.4120     2.1687  2.0576911  1.0428566   48.93665  -45.83029    34.9198    34.9362     3.2333     3.2327    27.7992    27.8124    5.90288    6.12576         20 0.0000e+00
      43143   1797.594   1517.000     3.3466   3.256965     3.3458   3.258271      93.56     0.0139     2.4116     2.1685  2.0576923  1.0427969   48.93664  -45.83028    34.9198    34.9362     3.2324     3.2316    27.7993    27.8125    5.90622    6.13170         20 0.0000e+00
      43163   1798.402   1518.000     3.3461   3.256960     3.3453   3.258274      93.50     0.0144     2.4116     2.1685  2.0576451  1.0427362   48.93664  -45.83028    34.9197    34.9362     3.2319     3.2311    27.7993    27.8126    5.91241    6.13047         19 0.0000e+00
      43182   1799.196   1519.000     3.3458   3.256980     3.3450   3.258293      94.79     0.0136     2.4116     2.1680  2.0576441  1.0427351   48.93664  -45.83028    34.9197    34.9363     3.2315     3.2307    27.7994    27.8127    5.91257    6.12556         19 0.0000e+00
      43200   1799.976   1520.000     3.3457   3.257010     3.3449   3.258320      95.89     0.0120     2.4116     2.1678  2.0576584  1.0427351   48.93664  -45.83028    34.9198    34.9362     3.2313     3.2305    27.7994    27.8126    5.90735    6.12600         18 0.0000e+00
      43219   1800.737   1521.000     3.3456   3.257049     3.3448   3.258348      95.93     0.0133     2.4112     2.1672  2.0575213  1.0427351   48.93664  -45.83028    34.9198    34.9362     3.2311     3.2303    27.7995    27.8126    5.91074    6.12612         18 0.0000e+00
      43237   1801.490   1522.000     3.3454   3.257065     3.3446   3.258370      95.92     0.0141     2.4114     2.1672  2.0577292  1.0427351   48.93664  -45.83028    34.9197    34.9362     3.2308     3.2299    27.7994    27.8127    5.91237    6.12424         18 0.0000e+00
      43255   1802.257   1523.000     3.3441   3.256997     3.3430   3.258269      95.92     0.0126     2.4110     2.1665  2.0577083  1.0427351   48.93664  -45.83028    34.9198    34.9361     3.2295     3.2333    27.7996    27.8128    5.90389    6.12049         19 0.0000e+00
      43275   1803.069   1524.000     3.3431   3.256948     3.3421   3.258233      95.89     0.0136     2.4108     2.1661  2.0575693  1.0427351   48.93662  -45.83027    34.9197    34.9361     3.2284     3.2273    27.7997    27.8129    5.89796    6.12844         20 0.0000e+00
      43296   1803.965   1525.000     3.3425   3.256927     3.3419   3.258252      95.78     0.0120     2.4097     2.1662  2.0575461  1.0427351   48.93662  -45.83026    34.9197    34.9361     3.2277     3.2271    27.7997    27.8129    5.90158    6.13327         23 0.0000e+00
      43321   1804.996   1526.000     3.3421   3.256929     3.3413   3.258237      95.70     0.0129     2.4094     2.1660  2.0575678  1.0426450   48.93662  -45.83026    34.9196    34.9361     3.2272     3.2264    27.7997    27.8129    5.89818    6.12895         27 0.0000e+00
      43347   1806.081   1527.000     3.3413   3.256901     3.3409   3.258241      72.61     0.0115     2.4083     2.1658  2.0577774  1.0424912   48.93662  -45.83026    34.9196    34.9361     3.2264     3.2259    27.7998    27.8129    5.90054    6.13167         25 0.0000e+00
      43370   1807.059   1528.000     3.3397   3.256799     3.3391   3.258112      95.83     0.0132     2.4084     2.1658  2.0579414  1.0424024   48.93660  -45.83026    34.9196    34.9359     3.2247     3.2240    27.7999    27.8130    5.90146    6.12992         22 0.0000e+00
      43391   1807.922   1529.000     3.3389   3.256761     3.3381   3.258062      95.91     0.0128     2.4076     2.1652  2.0575128  1.0417024   48.93660  -45.83026    34.9195    34.9359     3.2238     3.2230    27.8000    27.8131    5.89819    6.12392         19 0.0000e+00
      43410   1808.718   1530.000     3.3385   3.256770     3.3379   3.258093      95.92     0.0135     2.4076     2.1650  2.0575807  1.0417068   48.93660  -45.83026    34.9195    34.9360     3.2233     3.2226    27.8000    27.8132    5.90501    6.12875         19 0.0000e+00
      43428   1809.463   1531.000     3.3383   3.256798     3.3377   3.258131      95.86     0.0126     2.4072     2.1649  2.0577474  1.0415127   48.93660  -45.83026    34.9196    34.9361     3.2230     3.2224    27.8001    27.8133    5.89829    6.12760         17 0.0000e+00
      43445   1810.163   1532.000     3.3382   3.256835     3.3376   3.258161      95.82     0.0113     2.4067     2.1646  2.0574565  1.0415140   48.93660  -45.83026    34.9196    34.9361     3.2229     3.2222    27.8001    27.8134    5.89742    6.12730         16 0.0000e+00
      43461   1810.828   1533.000     3.3383   3.256875     3.3374   3.258184      95.49     0.0131     2.4064     2.1643  2.0574634  1.0415140   48.93660  -45.83026    34.9195    34.9361     3.2228     3.2220    27.8000    27.8133    5.89955    6.12860         16 0.0000e+00
      43477   1811.490   1534.000     3.3375   3.256841     3.3369   3.258181      95.29     0.0135     2.4063     2.1643  2.0576961  1.0415140   48.93660  -45.83026    34.9194    34.9361     3.2220     3.2214    27.8000    27.8134    5.89917    6.12776         16 0.0000e+00
      43494   1812.189   1535.000     3.3336   3.256530     3.3329   3.257853      94.30     0.0142     2.4059     2.1639  2.0577943  1.0415140   48.93660  -45.83026    34.9194    34.9359     3.2180     3.2173    27.8004    27.8136    5.90232    6.12952         18 0.0000e+00
      43513   1813.014   1536.000     3.3321   3.256440     3.3313   3.257761      95.61     0.0157     2.4059     2.1638  2.0578625  1.0415140   48.93660  -45.83026    34.9194    34.9360     3.2165     3.2232    27.8006    27.8138    5.90154    6.13273         23 0.0000e+00
      43542   1814.227   1537.000     3.3320   3.256471     3.3312   3.257776      95.80     0.0170     2.4051     2.1635  2.0584226  1.0415140   48.93660  -45.83026    34.9193    34.9358     3.2163     3.2156    27.8005    27.8137    5.90260    6.12986         35 0.0000e+00
      43575   1815.574   1538.000     3.3316   3.256477     3.3310   3.257803      95.92     0.0125     2.4053     2.1633  2.0580771  1.0412694   48.93660  -45.83024    34.9194    34.9358     3.2158     3.2152    27.8006    27.8138    5.90532    6.13335         26 0.0000e+00
      43596   1816.451   1539.000     3.3307   3.256457     3.3301   3.257780      95.60     0.0115     2.4048     2.1632  2.0575144  1.0411733   48.93660  -45.83024    34.9196    34.9360     3.2149     3.2142    27.8008    27.8140    5.90352    6.13166         18 0.0000e+00
      43613   1817.170   1540.000     3.3299   3.256431     3.3292   3.257755      95.42     0.0116     2.4047     2.1630  2.0576751  1.0410827   48.93660  -45.83024    34.9196    34.9361     3.2139     3.2133    27.8010    27.8142    5.90686    6.13153         17 0.0000e+00
      43629   1817.843   1541.000     3.3286   3.256362     3.3279   3.257678      95.90     0.0150     2.4051     2.1630  2.0577672  1.0404563   48.93660  -45.83024    34.9197    34.9362     3.2126     3.2118    27.8011    27.8144    5.91053    6.13153         16 0.0000e+00
      43645   1818.512   1542.000     3.3274   3.256288     3.3267   3.257605      95.91     0.0127     2.4046     2.1626  2.0580697  1.0405210   48.93660  -45.83024    34.9196    34.9361     3.2113     3.2106    27.8012    27.8144    5.90247    6.12944         16 0.0000e+00
      43662   1819.229   1543.000     3.3266   3.256257     3.3260   3.257574      95.91     0.0092     2.4042     2.1624  2.0579298  1.0404289   48.93660  -45.83024    34.9195    34.9360     3.2105     3.2098    27.8012    27.8144    5.90599    6.12833         18 0.0000e+00
      43682   1820.024   1544.000     3.3260   3.256242     3.3253   3.257550      95.91     0.0138     2.4047     2.1620  2.0576301  1.0402925   48.93658  -45.83024    34.9195    34.9359     3.2098     3.2090    27.8012    27.8144    5.91276    6.13280         20 0.0000e+00
      43703   1820.909   1545.000     3.3258   3.256262     3.3250   3.257571      95.91     0.0123     2.4043     2.1621  2.0578339  1.0402931   48.93658  -45.83024    34.9195    34.9359     3.2095     3.2087    27.8013    27.8145    5.90443    6.13752         22 0.0000e+00
      43725   1821.838   1546.000     3.3257   3.256303     3.3250   3.257613      95.91     0.0113     2.4038     2.1621  2.0604796  1.0402931   48.93658  -45.83024    34.9196    34.9360     3.2093     3.2085    27.8014    27.8145    5.90267    6.13461         23 0.0000e+00
      43747   1822.756   1547.000     3.3251   3.256292     3.3245   3.257616      95.82     0.0105     2.4036     2.1618  2.0604103  1.0402931   48.93658  -45.83024    34.9196    34.9360     3.2086     3.2079    27.8014    27.8146    5.90525    6.12895         21 0.0000e+00
      43768   1823.639   1548.000     3.3232   3.256159     3.3226   3.257485      94.45     0.0117     2.4033     2.1613  2.0610011  1.0402931   48.93658  -45.83024    34.9196    34.9360     3.2066     3.2060    27.8016    27.8148    5.90186    6.12692         21 0.0000e+00
      43788   1824.467   1549.000     3.3220   3.256108     3.3211   3.257392      68.19     0.0123     2.4027     2.1610  2.0610509  1.0401632   48.93658  -45.83024    34.9197    34.9360     3.2054     3.2044    27.8018    27.8149    5.90594    6.12814         19 0.0000e+00
      43807   1825.238   1550.000     3.3208   3.256032     3.3198   3.257313      87.33     0.0135     2.4031     2.1606  2.0610502  1.0398145   48.93658  -45.83024    34.9196    34.9359     3.2041     3.2031    27.8019    27.8150    5.91154    6.12547         18 0.0000e+00
      43824   1825.978   1551.000     3.3203   3.256022     3.3193   3.257311      95.85     0.0122     2.4029     2.1601  2.0610502  1.0391409   48.93658  -45.83024    34.9195    34.9359     3.2035     3.2025    27.8019    27.8151    5.91733    6.12151         18 0.0000e+00
      43842   1826.722   1552.000     3.3185   3.255900     3.3177   3.257206      95.91     0.0121     2.4033     2.1595  2.0610502  1.0390726   48.93658  -45.83024    34.9194    34.9358     3.2016     3.2008    27.8020    27.8152    5.91709    6.12567         18 0.0000e+00
      43861   1827.505   1553.000     3.3176   3.255870     3.3171   3.257182      95.91     0.0121     2.4031     2.1594  2.0583577  1.0390720   48.93658  -45.83023    34.9195    34.9358     3.2007     3.2001    27.8021    27.8152    5.90906    6.12931         20 0.0000e+00
      43882   1828.370   1554.000     3.3172   3.255866     3.3165   3.257178      95.91     0.0136     2.4028     2.1591  2.0575762  1.0390720   48.93658  -45.83022    34.9194    34.9358     3.2002     3.1994    27.8021    27.8153    5.91079    6.12981         22 0.0000e+00
      43905   1829.320   1555.000     3.3169   3.255880     3.3161   3.257186      95.91     0.0140     2.4025     2.1590  2.0579128  1.0390720   48.93658  -45.83022    34.9194    34.9358     3.1998     3.1990    27.8021    27.8153    5.90253    6.13367         23 0.0000e+00
      43927   1830.258   1556.000     3.3167   3.255905     3.3159   3.257209      95.83     0.0132     2.4019     2.1589  2.0579689  1.0390720   48.93658  -45.83022    34.9194    34.9358     3.1995     3.1987    27.8022    27.8153    5.90476    6.13041         21 0.0000e+00
      43948   1831.104   1557.000     3.3165   3.255934     3.3157   3.257241      95.19     0.0140     2.4015     2.1586  2.0596461  1.0390720   48.93658  -45.83022    34.9195    34.9359     3.1992     3.1984    27.8022    27.8154    5.89936    6.12718         20 0.0000e+00
      43967   1831.907   1558.000     3.3162   3.255950     3.3155   3.257257      73.60     0.0142     2.4009     2.1582  2.0614154  1.0390720   48.93658  -45.83022    34.9194    34.9358     3.1989     3.2028    27.8023    27.8154    5.90675    6.12481         19 0.0000e+00
      43986   1832.725   1559.000     3.3162   3.255999     3.3156   3.257304      53.77     0.0139     2.4010     2.1578  2.0617809  1.0390720   48.93658  -45.83022    34.9195    34.9358     3.1988     3.1981    27.8023    27.8154    5.91075    6.12783         20 0.0000e+00
      44007   1833.601   1560.000     3.3160   3.256012     3.3153   3.257321      95.74     0.0131     2.4006     2.1577  2.0611079  1.0390167   48.93658  -45.83022    34.9195    34.9358     3.1985     3.1977    27.8023    27.8154    5.91128    6.12967         22 0.0000e+00
      44029   1834.518   1561.000     3.3157   3.256030     3.3150   3.257339      95.89     0.0176     2.4008     2.1574  2.0610504  1.0390719   48.93658  -45.83022    34.9195    34.9359     3.1981     3.1973    27.8024    27.8155    5.90811    6.13311         22 0.0000e+00
      44050   1835.390   1562.000     3.3157   3.256066     3.3149   3.257375      90.94     0.0193     2.4004     2.1575  2.0611107  1.0390720   48.93658  -45.83022    34.9194    34.9359     3.1980     3.1972    27.8023    27.8155    5.90250    6.13253         20 0.0000e+00
      44069   1836.183   1563.000     3.3152   3.256068     3.3144   3.257368      95.90     0.0166     2.3999     2.1573  2.0611179  1.0390720   48.93658  -45.83022    34.9195    34.9359     3.1974     3.1966    27.8024    27.8156    5.90751    6.12687         18 0.0000e+00
      44087   1836.930   1564.000     3.3143   3.256026     3.3137   3.257344      95.90     0.0135     2.3999     2.1568  2.0611851  1.0390720   48.93658  -45.83022    34.9194    34.9358     3.1965     3.1958    27.8024    27.8156    5.90718    6.12635         18 0.0000e+00
      44105   1837.675   1565.000     3.3139   3.256030     3.3132   3.257340      95.91     0.0166     2.3994     2.1566  2.0586498  1.0386716   48.93658  -45.83022    34.9194    34.9358     3.1959     3.1952    27.8025    27.8156    5.89616    6.13240         18 0.0000e+00
      44124   1838.471   1566.000     3.3133   3.256019     3.3126   3.257329      95.64     0.0143     2.3986     2.1567  2.0581245  1.0385240   48.93658  -45.83022    34.9194    34.9358     3.1953     3.1945    27.8026    27.8157    5.89396    6.13133         20 0.0000e+00
