data/CTD/2013/CNV/D021A052.CNV
* Sea-Bird SBE 9 Data File:
* FileName = C:\CTD_ACQUISITION\2013021HUD\ctddata\021A052.hdr
* Software Version Seasave V 7.22.2
* Temperature SN = 5081
* Conductivity SN = 3561
* Number of Bytes Per Scan = 37
* Number of Voltage Words = 4
* Number of Scans Averaged by the Deck Unit = 1
* NMEA Latitude = 48 48.44 N
* NMEA Longitude = 045 41.76 W
* NMEA UTC (Time) = Jul 05 2013 04:01:06
* NMEA baud rate = 9600
** Ship: Hudson
** Cruise: HUD2013021
** Chief_Scientist: Greenan
** Organization: BIO
** Area_of_Operation: Sackville Spur
** Station: 52
** Sounding:  1600
** Event_Comments: SS25  393213
# nquan = 25
# nvalues = 1809                        
# units = specified
# name 0 = scan: Scan Count
# name 1 = timeS: Time, Elapsed [seconds]
# name 2 = prDM: Pressure, Digiquartz [db]
# name 3 = t068C: Temperature [ITS-68, deg C]
# name 4 = c0S/m: Conductivity [S/m]
# name 5 = t168C: Temperature, 2 [ITS-68, deg C]
# name 6 = c1S/m: Conductivity, 2 [S/m]
# name 7 = altM: Altimeter [m]
# name 8 = flCUVA: Fluorescence, Chelsea UV Aquatracka [ug/l]
# name 9 = sbeox0V: Oxygen raw, SBE 43 [V]
# name 10 = sbeox1V: Oxygen raw, SBE 43, 2 [V]
# name 11 = upoly0: Upoly 0, Optode 4330F - O2 D-Phase
# name 12 = upoly1: Upoly 1, Optode 4330F - O2 Temp
# name 13 = latitude: Latitude [deg]
# name 14 = longitude: Longitude [deg]
# name 15 = sal00: Salinity, Practical [PSU]
# name 16 = sal11: Salinity, Practical, 2 [PSU]
# name 17 = potemp068C: Potential Temperature [ITS-68, deg C]
# name 18 = potemp168C: Potential Temperature, 2 [ITS-68, deg C]
# name 19 = sigma-é00: Density [sigma-theta, Kg/m^3]
# name 20 = sigma-é11: Density, 2 [sigma-theta, Kg/m^3]
# name 21 = sbeox0ML/L: Oxygen, SBE 43 [ml/l], WS = 2
# name 22 = sbeox1ML/L: Oxygen, SBE 43, 2 [ml/l], WS = 2
# name 23 = nbin: number of scans per bin
# name 24 = flag: flag
# span 0 =       9018,      49715       
# span 1 =    375.728,   2071.403       
# span 2 =      2.000,   1810.000       
# span 3 =     2.1871,     8.8239       
# span 4 =   3.109222,   3.612885       
# span 5 =     2.9202,     8.8238       
# span 6 =   3.110472,   3.614322       
# span 7 =     -79.05,      97.34       
# span 8 =     0.0056,     0.9892       
# span 9 =     2.3357,     3.3781       
# span 10 =     2.0992,     3.0185      
# span 11 =  1.6703296,  2.0766298      
# span 12 =  1.0100815,  1.7301616      
# span 13 =   48.80720,   48.80810      
# span 14 =  -45.69658,  -45.69454      
# span 15 =    34.0054,    36.7362      
# span 16 =    34.0272,    34.9383      
# span 17 =     2.1396,     8.8221      
# span 18 =     2.9166,     8.8220      
# span 19 =    26.4259,    29.3436      
# span 20 =    26.4381,    27.8284      
# span 21 =    5.86080,    6.79868      
# span 22 =    6.07593,    6.94242      
# span 23 =          2,         87      
# span 24 = 0.0000e+00, 0.0000e+00      
# interval = decibars: 1                
# start_time = Jul 05 2013 04:01:06 [NMEA time, header]
# bad_flag = -9.990e-29
*END*
[from data line 986]
      31703   1320.910    988.000     3.7737   3.270999     3.7734   3.272325      94.80     0.0198     2.5848     2.3234  2.0075457  1.0964592   48.80733  -45.69502    34.9017    34.9178     3.7001     3.6997    27.7389    27.7518    5.98013    6.17597         17 0.0000e+00
      31721   1321.646    989.000     3.7737   3.271041     3.7735   3.272367      94.78     0.0222     2.5842     2.3225  2.0092702  1.0964592   48.80732  -45.69502    34.9017    34.9177     3.7000     3.6997    27.7390    27.7518    5.98009    6.17164         19 0.0000e+00
      31745   1322.665    990.000     3.7734   3.271060     3.7732   3.272396      95.01     0.0198     2.5838     2.3214  2.0100887  1.0964592   48.80732  -45.69502    34.9017    34.9178     3.6996     3.6994    27.7390    27.7519    5.97466    6.17167         31 0.0000e+00
      31779   1324.067    991.000     3.7731   3.271079     3.7728   3.272404      94.68     0.0153     2.5831     2.3205  2.0104666  1.0964592   48.80733  -45.69502    34.9018    34.9178     3.6992     3.6989    27.7391    27.7520    5.97255    6.17111         32 0.0000e+00
      31805   1325.147    992.000     3.7730   3.271124     3.7726   3.272443      93.70     0.0144     2.5815     2.3195  2.0103474  1.0964592   48.80734  -45.69500    34.9019    34.9180     3.6991     3.6986    27.7392    27.7521    5.96131    6.16437         21 0.0000e+00
      31824   1325.974    993.000     3.7724   3.271142     3.7722   3.272481      94.78     0.0118     2.5806     2.3186  2.0101500  1.0964592   48.80732  -45.69500    34.9022    34.9183     3.6984     3.6982    27.7395    27.7524    5.96179    6.16831         19 0.0000e+00
      31842   1326.727    994.000     3.7719   3.271145     3.7715   3.272472      95.52     0.0124     2.5799     2.3185  2.0099044  1.0964592   48.80732  -45.69500    34.9023    34.9184     3.6978     3.6974    27.7397    27.7526    5.96332    6.17261         18 0.0000e+00
      31860   1327.467    995.000     3.7706   3.271093     3.7702   3.272413      95.53     0.0075     2.5792     2.3180  2.0104377  1.0964592   48.80732  -45.69500    34.9025    34.9186     3.6965     3.6960    27.7400    27.7529    5.96615    6.16988         18 0.0000e+00
      31879   1328.230    996.000     3.7701   3.271094     3.7697   3.272416      94.50     0.0082     2.5788     2.3177  2.0104115  1.0964592   48.80732  -45.69500    34.9026    34.9186     3.6958     3.6955    27.7401    27.7529    5.97332    6.17594         19 0.0000e+00
      31898   1329.050    997.000     3.7700   3.271132     3.7697   3.272462      92.83     0.0104     2.5790     2.3179  2.0103190  1.0964592   48.80732  -45.69498    34.9026    34.9187     3.6957     3.6953    27.7401    27.7530    5.98021    6.18825         20 0.0000e+00
      31921   1329.979    998.000     3.7701   3.271209     3.7698   3.272537      95.52     0.0125     2.5794     2.3186  2.0107856  1.0963573   48.80732  -45.69498    34.9029    34.9189     3.6957     3.6954    27.7404    27.7532    5.98863    6.18909         24 0.0000e+00
      31946   1331.026    999.000     3.7701   3.271255     3.7699   3.272586      95.12     0.0131     2.5801     2.3187  2.0107541  1.0964596   48.80732  -45.69498    34.9029    34.9190     3.6956     3.6954    27.7404    27.7532    5.98990    6.18782         26 0.0000e+00
      31970   1332.051   1000.000     3.7702   3.271313     3.7699   3.272638      59.88     0.0158     2.5809     2.3192  2.0101876  1.0964592   48.80732  -45.69498    34.9030    34.9190     3.6956     3.6953    27.7405    27.7533    5.99242    6.19486         23 0.0000e+00
      31993   1332.982   1001.000     3.7702   3.271362     3.7699   3.272690      84.01     0.0168     2.5809     2.3198  2.0104349  1.0964592   48.80732  -45.69497    34.9030    34.9191     3.6956     3.6953    27.7405    27.7533    5.99246    6.19651         22 0.0000e+00
      32013   1333.854   1002.000     3.7703   3.271428     3.7699   3.272755      93.62     0.0148     2.5819     2.3200  2.0101955  1.0963371   48.80732  -45.69496    34.9032    34.9194     3.6955     3.6952    27.7407    27.7535    6.00081    6.19048         20 0.0000e+00
      32033   1334.682   1003.000     3.7705   3.271500     3.7701   3.272825      95.19     0.0127     2.5822     2.3198  2.0103774  1.0962764   48.80732  -45.69496    34.9034    34.9195     3.6956     3.6952    27.7408    27.7537    5.99287    6.18848         20 0.0000e+00
      32053   1335.486   1004.000     3.7709   3.271599     3.7704   3.272904      95.52     0.0117     2.5819     2.3198  2.0105996  1.0959506   48.80732  -45.69496    34.9036    34.9196     3.6960     3.6955    27.7409    27.7537    5.99131    6.19105         19 0.0000e+00
      32072   1336.297   1005.000     3.7713   3.271673     3.7708   3.272993      93.69     0.0111     2.5825     2.3199  2.0109215  1.0957308   48.80732  -45.69496    34.9036    34.9198     3.6963     3.6957    27.7409    27.7538    5.99206    6.19137         20 0.0000e+00
      32093   1337.151   1006.000     3.7712   3.271718     3.7709   3.273048      92.11     0.0071     2.5818     2.3196  2.0111020  1.0958178   48.80732  -45.69494    34.9037    34.9198     3.6961     3.6958    27.7410    27.7538    5.98370    6.18589         21 0.0000e+00
      32116   1338.113   1007.000     3.7711   3.271755     3.7707   3.273074      67.46     0.0115     2.5810     2.3192  2.0125825  1.0963548   48.80732  -45.69494    34.9037    34.9198     3.6960     3.6955    27.7410    27.7538    5.97399    6.18852         25 0.0000e+00
      32142   1339.216   1008.000     3.7710   3.271790     3.7706   3.273110      80.15     0.0117     2.5800     2.3191  2.0121620  1.0964143   48.80732  -45.69494    34.9037    34.9198     3.6957     3.6954    27.7410    27.7538    5.97868    6.18865         27 0.0000e+00
      32168   1340.277   1009.000     3.7709   3.271832     3.7707   3.273158      92.13     0.0096     2.5795     2.3188  2.0101414  1.0964059   48.80732  -45.69494    34.9038    34.9198     3.6956     3.6953    27.7411    27.7539    5.98072    6.18918         23 0.0000e+00
      32189   1341.167   1010.000     3.7709   3.271867     3.7706   3.273198      94.20     0.0118     2.5789     2.3187  2.0105078  1.0964605   48.80732  -45.69494    34.9037    34.9198     3.6955     3.6952    27.7411    27.7539    5.97979    6.18567         20 0.0000e+00
      32208   1341.963   1011.000     3.7706   3.271889     3.7703   3.273223      90.22     0.0133     2.5787     2.3182  2.0128665  1.0962006   48.80732  -45.69492    34.9038    34.9199     3.6951     3.6948    27.7411    27.7540    5.98191    6.18142         19 0.0000e+00
      32227   1342.746   1012.000     3.7706   3.271940     3.7703   3.273268      95.15     0.0151     2.5783     2.3176  2.0125971  1.0964578   48.80732  -45.69492    34.9038    34.9199     3.6951     3.6947    27.7412    27.7540    5.98019    6.18411         19 0.0000e+00
      32247   1343.584   1013.000     3.7706   3.271986     3.7703   3.273310      94.34     0.0165     2.5782     2.3175  2.0116856  1.0959934   48.80732  -45.69492    34.9039    34.9199     3.6950     3.6947    27.7413    27.7540    5.97652    6.18705         21 0.0000e+00
      32270   1344.531   1014.000     3.7707   3.272032     3.7703   3.273360      55.54     0.0155     2.5775     2.3171  2.0109813  1.0956928   48.80732  -45.69492    34.9039    34.9200     3.6950     3.6946    27.7412    27.7541    5.98230    6.18188         24 0.0000e+00
      32293   1345.494   1015.000     3.7707   3.272081     3.7704   3.273408      91.11     0.0171     2.5775     2.3166  2.0109890  1.0961891   48.80732  -45.69492    34.9039    34.9200     3.6949     3.6973    27.7412    27.7541    5.97893    6.17831         22 0.0000e+00
      32313   1346.328   1016.000     3.7708   3.272133     3.7704   3.273462      92.50     0.0190     2.5769     2.3159  2.0109890  1.0963297   48.80732  -45.69490    34.9039    34.9201     3.6949     3.6945    27.7413    27.7542    5.98033    6.17647         19 0.0000e+00
      32331   1347.079   1017.000     3.7707   3.272181     3.7704   3.273507      91.28     0.0165     2.5768     2.3154  2.0109890  1.0961728   48.80732  -45.69490    34.9040    34.9201     3.6948     3.6945    27.7414    27.7542    5.98182    6.17872         17 0.0000e+00
      32349   1347.819   1018.000     3.7703   3.272197     3.7701   3.273537      94.85     0.0119     2.5766     2.3152  2.0109890  1.0960510   48.80732  -45.69490    34.9042    34.9202     3.6943     3.6940    27.7415    27.7544    5.97544    6.17700         18 0.0000e+00
      32369   1348.651   1019.000     3.7698   3.272203     3.7697   3.273535      93.46     0.0091     2.5759     2.3144  2.0109890  1.0961910   48.80732  -45.69490    34.9042    34.9202     3.6937     3.6935    27.7416    27.7544    5.97501    6.17393         23 0.0000e+00
      32396   1349.776   1020.000     3.7696   3.272224     3.7693   3.273550      91.42     0.0093     2.5752     2.3139  2.0109890  1.0960443   48.80732  -45.69490    34.9042    34.9203     3.6934     3.6931    27.7416    27.7545    5.97230    6.18088         32 0.0000e+00
      32428   1351.108   1021.000     3.7694   3.272253     3.7691   3.273579      56.31     0.0076     2.5744     2.3139  2.0110793  1.0956609   48.80730  -45.69489    34.9043    34.9203     3.6931     3.6928    27.7417    27.7545    5.97630    6.18505         28 0.0000e+00
      32452   1352.108   1022.000     3.7689   3.272257     3.7686   3.273589      95.07     0.0085     2.5744     2.3139  2.0120590  1.0956444   48.80730  -45.69488    34.9043    34.9204     3.6925     3.6923    27.7418    27.7546    5.98273    6.18286         21 0.0000e+00
      32471   1352.907   1023.000     3.7682   3.272253     3.7679   3.273589      95.53     0.0080     2.5744     2.3135  2.0122125  1.0957828   48.80730  -45.69488    34.9045    34.9206     3.6917     3.6914    27.7421    27.7549    5.97001    6.17806         18 0.0000e+00
      32488   1353.636   1024.000     3.7680   3.272284     3.7677   3.273607      95.51     0.0140     2.5731     2.3132  2.0114810  1.0955216   48.80730  -45.69488    34.9046    34.9206     3.6915     3.6911    27.7421    27.7549    5.96721    6.17459         17 0.0000e+00
      32505   1354.348   1025.000     3.7680   3.272328     3.7677   3.273654      92.56     0.0138     2.5727     2.3126  2.0109932  1.0952405   48.80730  -45.69488    34.9046    34.9206     3.6914     3.6911    27.7421    27.7549    5.97453    6.17348         18 0.0000e+00
      32523   1355.097   1026.000     3.7681   3.272380     3.7678   3.273702      91.11     0.0122     2.5732     2.3121  2.0109890  1.0952381   48.80730  -45.69488    34.9046    34.9206     3.6914     3.6910    27.7422    27.7549    5.96806    6.17201         18 0.0000e+00
      32544   1355.954   1027.000     3.7682   3.272424     3.7678   3.273747      95.49     0.0146     2.5712     2.3115  2.0124156  1.0952381   48.80730  -45.69487    34.9045    34.9206     3.6914     3.6910    27.7421    27.7549    5.96022    6.17231         23 0.0000e+00
      32570   1357.032   1028.000     3.7681   3.272457     3.7678   3.273791      58.24     0.0127     2.5711     2.3106  2.0125041  1.0952381   48.80730  -45.69486    34.9045    34.9206     3.6912     3.6909    27.7421    27.7549    5.96956    6.15795         29 0.0000e+00
      32598   1358.201   1029.000     3.7681   3.272500     3.7678   3.273835      91.64     0.0106     2.5704     2.3086  2.0110183  1.0952381   48.80730  -45.69486    34.9045    34.9206     3.6911     3.6908    27.7421    27.7550    5.96843    6.14714         26 0.0000e+00
      32621   1359.154   1030.000     3.7680   3.272548     3.7677   3.273880      94.61     0.0113     2.5697     2.3071  2.0112965  1.0952381   48.80730  -45.69486    34.9046    34.9208     3.6910     3.6906    27.7422    27.7551    5.95632    6.14522         20 0.0000e+00
      32640   1359.958   1031.000     3.7678   3.272576     3.7675   3.273910      88.89     0.0115     2.5686     2.3060  2.0129158  1.0952381   48.80730  -45.69486    34.9047    34.9208     3.6907     3.6904    27.7423    27.7552    5.95289    6.14904         19 0.0000e+00
      32658   1360.710   1032.000     3.7672   3.272582     3.7669   3.273917      95.35     0.0136     2.5674     2.3054  2.0128891  1.0952381   48.80730  -45.69486    34.9048    34.9210     3.6900     3.6897    27.7425    27.7554    5.95173    6.14951         18 0.0000e+00
      32676   1361.472   1033.000     3.7672   3.272618     3.7668   3.273954      95.53     0.0111     2.5671     2.3045  2.0119476  1.0952381   48.80730  -45.69485    34.9048    34.9210     3.6899     3.6895    27.7425    27.7554    5.94885    6.14515         18 0.0000e+00
      32696   1362.302   1034.000     3.7665   3.272613     3.7662   3.273938      92.60     0.0139     2.5656     2.3036  2.0109766  1.0952381   48.80730  -45.69484    34.9049    34.9209     3.6892     3.6889    27.7426    27.7554    5.94335    6.14524         21 0.0000e+00
      32718   1363.225   1035.000     3.7658   3.272584     3.7656   3.273922      44.27     0.0137     2.5646     2.3030  2.0118542  1.0952381   48.80730  -45.69484    34.9048    34.9209     3.6884     3.6881    27.7426    27.7555    5.94863    6.15401         23 0.0000e+00
      32741   1364.165   1036.000     3.7649   3.272558     3.7647   3.273889      95.61     0.0139     2.5637     2.3028  2.0156143  1.0952381   48.80730  -45.69484    34.9050    34.9210     3.6874     3.6871    27.7429    27.7556    5.94819    6.15001         22 0.0000e+00
      32762   1365.029   1037.000     3.7649   3.272605     3.7646   3.273933      95.51     0.0110     2.5630     2.3020  2.0148900  1.0952381   48.80730  -45.69484    34.9050    34.9210     3.6873     3.6870    27.7429    27.7557    5.94442    6.14447         20 0.0000e+00
      32782   1365.875   1038.000     3.7652   3.272659     3.7648   3.273988      95.51     0.0124     2.5623     2.3014  2.0150008  1.0952381   48.80730  -45.69484    34.9048    34.9210     3.6875     3.6871    27.7427    27.7556    5.94593    6.14774         21 0.0000e+00
      32806   1366.867   1039.000     3.7648   3.272676     3.7645   3.274005      95.05     0.0153     2.5612     2.3009  2.0149162  1.0952381   48.80730  -45.69483    34.9050    34.9210     3.6870     3.6867    27.7429    27.7557    5.94342    6.15058         28 0.0000e+00
      32837   1368.183   1040.000     3.7641   3.272678     3.7639   3.274010      90.34     0.0121     2.5611     2.3009  2.0149586  1.0952381   48.80730  -45.69482    34.9052    34.9212     3.6863     3.6880    27.7431    27.7559    5.94661    6.15466         32 0.0000e+00
      32864   1369.303   1041.000     3.7636   3.272682     3.7633   3.274019      56.97     0.0150     2.5595     2.3004  2.0148811  1.0952381   48.80730  -45.69482    34.9053    34.9214     3.6857     3.6853    27.7433    27.7562    5.94042    6.14495         21 0.0000e+00
      32883   1370.063   1042.000     3.7632   3.272706     3.7630   3.274052      76.08     0.0154     2.5595     2.2998  2.0156047  1.0952381   48.80730  -45.69482    34.9054    34.9216     3.6853     3.6850    27.7434    27.7564    5.95127    6.14259         17 0.0000e+00
      32898   1370.713   1043.000     3.7629   3.272736     3.7626   3.274067      85.59     0.0160     2.5595     2.2994  2.0152194  1.0952381   48.80730  -45.69481    34.9056    34.9217     3.6848     3.6845    27.7436    27.7565    5.94866    6.15142         15 0.0000e+00
      32913   1371.329   1044.000     3.7626   3.272761     3.7624   3.274101      89.75     0.0148     2.5592     2.2994  2.0156260  1.0952381   48.80730  -45.69480    34.9057    34.9218     3.6845     3.6843    27.7437    27.7566    5.94163    6.15648         15 0.0000e+00
