data/CTD/2013/CNV/D021A012.CNV
* Sea-Bird SBE 9 Data File:
* FileName = C:\CTD_ACQUISITION\2013021HUD\ctddata\021A012.hdr
* Software Version Seasave V 7.22.2
* Temperature SN = 5081
* Conductivity SN = 3561
* Number of Bytes Per Scan = 37
* Number of Voltage Words = 4
* Number of Scans Averaged by the Deck Unit = 1
* NMEA Latitude = 46 59.96 N
* NMEA Longitude = 047 14.97 W
* NMEA UTC (Time) = Jul 01 2013 20:26:26
* NMEA baud rate = 9600
** Ship: Hudson
** Cruise: HUD2013021
** Chief_Scientist: Greenan
** Organization: BIO
** Area_of_Operation: Sackville Spur
** Station: 12
** Sounding:  552
** Event_Comments: FC15  393111
# nquan = 25
# nvalues = 552                         
# units = specified
# name 0 = scan: Scan Count
# name 1 = timeS: Time, Elapsed [seconds]
# name 2 = prDM: Pressure, Digiquartz [db]
# name 3 = t068C: Temperature [ITS-68, deg C]
# name 4 = c0S/m: Conductivity [S/m]
# name 5 = t168C: Temperature, 2 [ITS-68, deg C]
# name 6 = c1S/m: Conductivity, 2 [S/m]
# name 7 = altM: Altimeter [m]
# name 8 = flCUVA: Fluorescence, Chelsea UV Aquatracka [ug/l]
# name 9 = sbeox0V: Oxygen raw, SBE 43 [V]
# name 10 = sbeox1V: Oxygen raw, SBE 43, 2 [V]
# name 11 = upoly0: Upoly 0, Optode 4330F - O2 D-Phase
# name 12 = upoly1: Upoly 1, Optode 4330F - O2 Temp
# name 13 = latitude: Latitude [deg]
# name 14 = longitude: Longitude [deg]
# name 15 = sal00: Salinity, Practical [PSU]
# name 16 = sal11: Salinity, Practical, 2 [PSU]
# name 17 = potemp068C: Potential Temperature [ITS-68, deg C]
# name 18 = potemp168C: Potential Temperature, 2 [ITS-68, deg C]
# name 19 = sigma-é00: Density [sigma-theta, Kg/m^3]
# name 20 = sigma-é11: Density, 2 [sigma-theta, Kg/m^3]
# name 21 = sbeox0ML/L: Oxygen, SBE 43 [ml/l], WS = 2
# name 22 = sbeox1ML/L: Oxygen, SBE 43, 2 [ml/l], WS = 2
# name 23 = nbin: number of scans per bin
# name 24 = flag: flag
# span 0 =       9265,      31808       
# span 1 =    386.003,   1325.278       
# span 2 =      1.000,    552.000       
# span 3 =    -0.7529,     6.3960       
# span 4 =   2.697329,   3.252502       
# span 5 =    -0.7532,     6.3937       
# span 6 =   2.698521,   3.253780       
# span 7 =       2.04,      99.71       
# span 8 =     0.0077,     0.1207       
# span 9 =     2.6749,     3.4270       
# span 10 =     2.3953,     3.0111      
# span 11 =  1.7152299,  2.0940148      
# span 12 =  0.5480216,  1.4260786      
# span 13 =   46.99736,   46.99942      
# span 14 =  -47.24838,  -47.24737      
# span 15 =    32.4663,    34.8064      
# span 16 =    32.4802,    34.8217      
# span 17 =    -0.7545,     6.3960      
# span 18 =    -0.7548,     6.3934      
# span 19 =    25.5023,    27.6498      
# span 20 =    25.5135,    27.6620      
# span 21 =    5.98316,    8.27774      
# span 22 =    6.14420,    7.91669      
# span 23 =         11,         94      
# span 24 = 0.0000e+00, 0.0000e+00      
# interval = decibars: 1                
# start_time = Jul 01 2013 20:26:26 [NMEA time, header]
# bad_flag = -9.990e-29
*END*
[from data line 406]
      26662   1110.873    407.000     3.6132   3.217419     3.6119   3.218527      96.74     0.0199     2.8300     2.5423  1.9498938  1.0705014   46.99840  -47.24788    34.7382    34.7529     3.5853     3.5840    27.6202    27.6321    6.28428    6.46335         27 0.0000e+00
      26688   1111.941    408.000     3.6143   3.217583     3.6132   3.218722      88.01     0.0164     2.8289     2.5420  1.9494797  1.0720440   46.99840  -47.24788    34.7385    34.7533     3.5863     3.5853    27.6204    27.6322    6.27410    6.46305         24 0.0000e+00
      26711   1112.908    409.000     3.6167   3.217891     3.6161   3.219094      64.17     0.0136     2.8287     2.5420  1.9490403  1.0720391   46.99840  -47.24788    34.7391    34.7541     3.5887     3.5881    27.6206    27.6326    6.28379    6.46561         23 0.0000e+00
      26733   1113.853    410.000     3.6194   3.218231     3.6190   3.219462      85.29     0.0120     2.8288     2.5420  1.9487252  1.0725579   46.99840  -47.24788    34.7398    34.7549     3.5913     3.5909    27.6209    27.6330    6.28257    6.46519         23 0.0000e+00
      26757   1114.834    411.000     3.6203   3.218379     3.6213   3.219764      76.47     0.0155     2.8290     2.5419  1.9486648  1.0724106   46.99840  -47.24788    34.7400    34.7556     3.5921     3.5931    27.6210    27.6333    6.29575    6.46565         23 0.0000e+00
      26780   1115.785    412.000     3.6260   3.219071     3.6268   3.220442      53.38     0.0137     2.8300     2.5420  1.9474796  1.0732726   46.99840  -47.24788    34.7418    34.7573     3.5977     3.5985    27.6218    27.6341    6.29580    6.46440         22 0.0000e+00
      26801   1116.673    413.000     3.6319   3.219816     3.6320   3.221090      97.40     0.0134     2.8304     2.5417  1.9474969  1.0732601   46.99840  -47.24788    34.7439    34.7590     3.6035     3.6036    27.6229    27.6350    6.29525    6.46350         21 0.0000e+00
      26823   1117.583    414.000     3.6412   3.220899     3.6400   3.222032      97.06     0.0141     2.8310     2.5419  1.9484519  1.0742681   46.99840  -47.24788    34.7464    34.7612     3.6128     3.6115    27.6240    27.6359    6.29088    6.46582         23 0.0000e+00
      26849   1118.681    415.000     3.6437   3.221203     3.6434   3.222433      65.62     0.0142     2.8310     2.5415  1.9487500  1.0745529   46.99840  -47.24788    34.7468    34.7619     3.6152     3.6148    27.6241    27.6362    6.28984    6.45285         31 0.0000e+00
      26883   1120.071    416.000     3.6443   3.221306     3.6427   3.222400      98.33     0.0152     2.8309     2.5408  1.9491127  1.0757461   46.99840  -47.24788    34.7469    34.7618     3.6157     3.6140    27.6241    27.6361    6.29411    6.47252         32 0.0000e+00
      26910   1121.203    417.000     3.6458   3.221525     3.6456   3.222783      73.45     0.0180     2.8316     2.5421  1.9487059  1.0761950   46.99840  -47.24788    34.7474    34.7626     3.6171     3.6169    27.6244    27.6365    6.28863    6.47090         23 0.0000e+00
      26930   1122.040    418.000     3.6634   3.223583     3.6629   3.224794      20.50     0.0172     2.8306     2.5418  1.9487180  1.0769396   46.99840  -47.24788    34.7528    34.7679     3.6346     3.6340    27.6269    27.6390    6.28221    6.45361         18 0.0000e+00
      26948   1122.774    419.000     3.6713   3.224535     3.6708   3.225743      78.36     0.0129     2.8308     2.5411  1.9487180  1.0769231   46.99840  -47.24788    34.7553    34.7703     3.6423     3.6418    27.6282    27.6401    6.27549    6.44214         18 0.0000e+00
      26966   1123.534    420.000     3.6801   3.225609     3.6788   3.226732      96.95     0.0124     2.8292     2.5397  1.9481453  1.0785136   46.99840  -47.24788    34.7583    34.7730     3.6510     3.6497    27.6296    27.6415    6.26024    6.44256         19 0.0000e+00
      26988   1124.445    421.000     3.6891   3.226642     3.6879   3.227785      57.64     0.0129     2.8277     2.5393  1.9480356  1.0783902   46.99840  -47.24788    34.7604    34.7754     3.6600     3.6588    27.6305    27.6425    6.25236    6.44255         25 0.0000e+00
      27015   1125.596    422.000     3.7055   3.228386     3.7048   3.229677      91.87     0.0127     2.8252     2.5379  1.9486405  1.0800146   46.99839  -47.24788    34.7648    34.7795     3.6762     3.6755    27.6322    27.6441    6.24075    6.43032         29 0.0000e+00
      27043   1126.770    423.000     3.7142   3.229503     3.7137   3.230724      95.82     0.0135     2.8231     2.5364  1.9486723  1.0806069   46.99838  -47.24788    34.7669    34.7820     3.6848     3.6843    27.6332    27.6452    6.25031    6.42469         26 0.0000e+00
      27066   1127.713    424.000     3.7237   3.230582     3.7200   3.231454      47.10     0.0125     2.8226     2.5351  1.9474912  1.0829816   46.99838  -47.24788    34.7692    34.7835     3.6942     3.6905    27.6341    27.6458    6.25235    6.41819         21 0.0000e+00
      27085   1128.514    425.000     3.7272   3.231004     3.7262   3.232184      95.43     0.0142     2.8223     2.5338  1.9473623  1.0830276   46.99838  -47.24788    34.7700    34.7851     3.6976     3.6966    27.6343    27.6464    6.24099    6.41392         18 0.0000e+00
      27104   1129.307    426.000     3.7456   3.233038     3.7451   3.234236      96.21     0.0120     2.8205     2.5328  1.9481019  1.0843005   46.99838  -47.24788    34.7742    34.7890     3.7158     3.7153    27.6358    27.6477    6.21273    6.40048         20 0.0000e+00
      27128   1130.288    427.000     3.7472   3.233241     3.7467   3.234447      63.84     0.0143     2.8172     2.5303  1.9486910  1.0854189   46.99838  -47.24788    34.7744    34.7893     3.7174     3.7186    27.6358    27.6478    6.21986    6.38768         29 0.0000e+00
      27162   1131.707    428.000     3.7476   3.233320     3.7479   3.234614      95.28     0.0150     2.8156     2.5273  1.9475679  1.0878420   46.99838  -47.24786    34.7743    34.7895     3.7178     3.7180    27.6357    27.6478    6.21250    6.38987         35 0.0000e+00
      27190   1132.856    429.000     3.7525   3.233887     3.7526   3.235188      64.21     0.0157     2.8128     2.5257  1.9473029  1.0886776   46.99838  -47.24786    34.7753    34.7908     3.7226     3.7227    27.6361    27.6483    6.20521    6.38646         20 0.0000e+00
      27207   1133.591    430.000     3.7581   3.234529     3.7587   3.235893      32.87     0.0175     2.8115     2.5244  1.9475038  1.0890723   46.99838  -47.24786    34.7768    34.7922     3.7278     3.7286    27.6367    27.6489    6.20529    6.38033         16 0.0000e+00
      27222   1134.220    431.000     3.7723   3.236102     3.7702   3.237170      88.96     0.0191     2.8105     2.5236  1.9474969  1.0891345   46.99838  -47.24786    34.7797    34.7947     3.7421     3.7400    27.6376    27.6497    6.20559    6.37724         15 0.0000e+00
      27237   1134.854    432.000     3.7785   3.236826     3.7780   3.238046      95.89     0.0194     2.8100     2.5225  1.9474969  1.0891331   46.99838  -47.24786    34.7813    34.7963     3.7482     3.7477    27.6382    27.6502    6.20443    6.37409         16 0.0000e+00
      27259   1135.760    433.000     3.7789   3.236903     3.7792   3.238211      85.82     0.0191     2.8088     2.5210  1.9474623  1.0901700   46.99838  -47.24786    34.7812    34.7965     3.7486     3.7488    27.6381    27.6502    6.20448    6.36790         32 0.0000e+00
      27304   1137.641    434.000     3.7803   3.237070     3.7801   3.238350      78.85     0.0177     2.8074     2.5190  1.9483114  1.0924548   46.99837  -47.24786    34.7812    34.7967     3.7498     3.7497    27.6380    27.6503    6.20831    6.37795         42 0.0000e+00
      27330   1138.698    435.000     3.7848   3.237657     3.7843   3.238891      96.57     0.0169     2.8075     2.5186  1.9487308  1.0938653   46.99836  -47.24786    34.7829    34.7981     3.7543     3.7538    27.6388    27.6510    6.21329    6.38323         19 0.0000e+00
      27347   1139.418    436.000     3.7902   3.238319     3.7897   3.239569      52.54     0.0170     2.8074     2.5190  1.9503698  1.0940231   46.99836  -47.24786    34.7845    34.7999     3.7596     3.7608    27.6396    27.6519    6.21394    6.38555         16 0.0000e+00
      27363   1140.079    437.000     3.7928   3.238670     3.7920   3.239875      73.09     0.0178     2.8074     2.5188  1.9511802  1.0940171   46.99836  -47.24786    34.7854    34.8006     3.7621     3.7613    27.6401    27.6522    6.20703    6.37761         16 0.0000e+00
      27380   1140.792    438.000     3.7943   3.238891     3.7938   3.240098      19.11     0.0196     2.8069     2.5182  1.9511600  1.0940171   46.99836  -47.24785    34.7859    34.8009     3.7636     3.7643    27.6403    27.6523    6.19811    6.37502         19 0.0000e+00
      27402   1141.701    439.000     3.7953   3.239036     3.7951   3.240292      95.26     0.0182     2.8059     2.5179  1.9512085  1.0951318   46.99836  -47.24784    34.7860    34.8013     3.7644     3.7642    27.6403    27.6525    6.20548    6.37621         25 0.0000e+00
      27427   1142.749    440.000     3.7951   3.239047     3.7948   3.240292      51.07     0.0184     2.8059     2.5175  1.9512109  1.0952400   46.99836  -47.24784    34.7858    34.8011     3.7642     3.7638    27.6402    27.6524    6.20379    6.38090         24 0.0000e+00
      27449   1143.683    441.000     3.7953   3.239108     3.7948   3.240342      88.04     0.0198     2.8050     2.5175  1.9511591  1.0964212   46.99836  -47.24784    34.7858    34.8011     3.7643     3.7638    27.6402    27.6524    6.20014    6.38248         21 0.0000e+00
      27470   1144.545    442.000     3.7980   3.239459     3.7967   3.240610      95.17     0.0185     2.8045     2.5177  1.9511600  1.0964594   46.99836  -47.24784    34.7867    34.8017     3.7669     3.7656    27.6406    27.6527    6.19975    6.38460         21 0.0000e+00
      27491   1145.411    443.000     3.7989   3.239609     3.7977   3.240762      54.46     0.0147     2.8039     2.5176  1.9503511  1.0964592   46.99834  -47.24784    34.7869    34.8019     3.7678     3.7666    27.6407    27.6527    6.19819    6.37908         21 0.0000e+00
      27513   1146.320    444.000     3.8002   3.239790     3.8004   3.241094      87.88     0.0172     2.8032     2.5169  1.9499353  1.0967951   46.99834  -47.24784    34.7871    34.8025     3.7690     3.7691    27.6407    27.6530    6.20615    6.37461         22 0.0000e+00
      27536   1147.274    445.000     3.8010   3.239929     3.8013   3.241243      96.16     0.0167     2.8040     2.5167  1.9512155  1.0973260   46.99834  -47.24784    34.7875    34.8028     3.7697     3.7699    27.6409    27.6531    6.21587    6.37744         24 0.0000e+00
      27560   1148.281    446.000     3.8025   3.240135     3.8027   3.241452      63.71     0.0161     2.8046     2.5161  1.9523690  1.0982566   46.99834  -47.24784    34.7877    34.8032     3.7711     3.7713    27.6410    27.6533    6.21367    6.37062         25 0.0000e+00
      27584   1149.312    447.000     3.8021   3.240136     3.8025   3.241459      85.54     0.0171     2.8045     2.5153  1.9519234  1.0982398   46.99834  -47.24782    34.7876    34.8031     3.7707     3.7710    27.6410    27.6532    6.20631    6.37532         24 0.0000e+00
      27608   1150.307    448.000     3.8060   3.240634     3.8017   3.241424      96.73     0.0172     2.8035     2.5154  1.9515254  1.0984801   46.99834  -47.24782    34.7889    34.8029     3.7744     3.7701    27.6416    27.6532    6.19511    6.37647         23 0.0000e+00
      27629   1151.183    449.000     3.8080   3.240908     3.8051   3.241852      73.33     0.0162     2.8030     2.5149  1.9524627  1.0984508   46.99832  -47.24782    34.7896    34.8039     3.7763     3.7734    27.6420    27.6536    6.19862    6.37384         19 0.0000e+00
      27648   1151.946    450.000     3.8100   3.241184     3.8093   3.242391      59.95     0.0151     2.8023     2.5147  1.9536148  1.0984946   46.99832  -47.24782    34.7902    34.8053     3.7783     3.7775    27.6422    27.6544    6.19774    6.37553         18 0.0000e+00
      27664   1152.643    451.000     3.8105   3.241284     3.8103   3.242542      96.18     0.0166     2.8018     2.5146  1.9536020  1.0985194   46.99832  -47.24782    34.7903    34.8057     3.7787     3.7784    27.6423    27.6545    6.19997    6.37647         16 0.0000e+00
      27681   1153.333    452.000     3.8104   3.241325     3.8100   3.242568      96.75     0.0144     2.8019     2.5145  1.9536020  1.0987573   46.99832  -47.24782    34.7904    34.8056     3.7785     3.7781    27.6424    27.6545    6.19614    6.38375         17 0.0000e+00
      27699   1154.100    453.000     3.8107   3.241395     3.8104   3.242661      76.37     0.0126     2.8008     2.5151  1.9536020  1.0988966   46.99832  -47.24782    34.7903    34.8057     3.7788     3.7785    27.6423    27.6546    6.19789    6.38850         21 0.0000e+00
      27726   1155.224    454.000     3.8111   3.241466     3.8107   3.242720      77.68     0.0121     2.8010     2.5152  1.9536020  1.0993284   46.99832  -47.24782    34.7903    34.8056     3.7791     3.7787    27.6422    27.6545    6.20531    6.38030         35 0.0000e+00
      27763   1156.743    455.000     3.8113   3.241522     3.8110   3.242797      94.37     0.0154     2.8007     2.5141  1.9538400  1.0997559   46.99832  -47.24780    34.7902    34.8056     3.7792     3.7789    27.6421    27.6545    6.20401    6.37121         32 0.0000e+00
      27789   1157.829    456.000     3.8111   3.241561     3.8109   3.242847      50.36     0.0132     2.8008     2.5139  1.9560770  1.1001278   46.99831  -47.24780    34.7903    34.8058     3.7790     3.7787    27.6422    27.6546    6.19961    6.37488         22 0.0000e+00
      27808   1158.644    457.000     3.8120   3.241709     3.8121   3.243027      96.59     0.0145     2.8001     2.5132  1.9560440  1.1001221   46.99830  -47.24779    34.7906    34.8061     3.7797     3.7799    27.6424    27.6548    6.19959    6.37495         18 0.0000e+00
      27825   1159.346    458.000     3.8138   3.241966     3.8136   3.243248      57.03     0.0185     2.8000     2.5133  1.9552891  1.1001221   46.99830  -47.24778    34.7912    34.8067     3.7815     3.7812    27.6427    27.6551    6.19964    6.38460         16 0.0000e+00
      27841   1160.010    459.000     3.8151   3.242169     3.8146   3.243408      67.52     0.0206     2.7996     2.5138  1.9548303  1.1001221   46.99830  -47.24778    34.7917    34.8070     3.7827     3.7822    27.6430    27.6552    6.19551    6.38822         16 0.0000e+00
      27858   1160.711    460.000     3.8150   3.242196     3.8151   3.243492      96.17     0.0207     2.7989     2.5139  1.9548229  1.1001221   46.99830  -47.24778    34.7915    34.8070     3.7826     3.7826    27.6429    27.6552    6.20061    6.37906         18 0.0000e+00
      27880   1161.617    461.000     3.8164   3.242387     3.8160   3.243638      96.90     0.0200     2.7995     2.5133  1.9546517  1.1001221   46.99830  -47.24778    34.7918    34.8072     3.7839     3.7835    27.6430    27.6552    6.20631    6.37506         27 0.0000e+00
      27917   1163.153    462.000     3.8174   3.242539     3.8174   3.243826      67.06     0.0179     2.7985     2.5129  1.9543471  1.1004145   46.99828  -47.24778    34.7920    34.8074     3.7848     3.7848    27.6430    27.6553    6.19645    6.37829         40 0.0000e+00
      27947   1164.426    463.000     3.8181   3.242671     3.8181   3.243964      98.23     0.0130     2.7985     2.5125  1.9535724  1.1008835   46.99828  -47.24778    34.7923    34.8078     3.7854     3.7866    27.6432    27.6556    6.20401    6.38186         23 0.0000e+00
