data/CTD/2013/CNV/D021A051.CNV
* Sea-Bird SBE 9 Data File:
* FileName = C:\CTD_ACQUISITION\2013021HUD\ctddata\021A051.hdr
* Software Version Seasave V 7.22.2
* Temperature SN = 5081
* Conductivity SN = 3561
* Number of Bytes Per Scan = 37
* Number of Voltage Words = 4
* Number of Scans Averaged by the Deck Unit = 1
* NMEA Latitude = 48 50.70 N
* NMEA Longitude = 045 44.75 W
* NMEA UTC (Time) = Jul 05 2013 02:25:27
* NMEA baud rate = 9600
** Ship: Hudson
** Cruise: HUD2013021
** Chief_Scientist: Greenan
** Organization: BIO
** Area_of_Operation: Sackville Spur
** Station: 51
** Sounding:  2274
** Event_Comments: SS26  393211
# nquan = 25
# nvalues = 2088                        
# units = specified
# name 0 = scan: Scan Count
# name 1 = timeS: Time, Elapsed [seconds]
# name 2 = prDM: Pressure, Digiquartz [db]
# name 3 = t068C: Temperature [ITS-68, deg C]
# name 4 = c0S/m: Conductivity [S/m]
# name 5 = t168C: Temperature, 2 [ITS-68, deg C]
# name 6 = c1S/m: Conductivity, 2 [S/m]
# name 7 = altM: Altimeter [m]
# name 8 = flCUVA: Fluorescence, Chelsea UV Aquatracka [ug/l]
# name 9 = sbeox0V: Oxygen raw, SBE 43 [V]
# name 10 = sbeox1V: Oxygen raw, SBE 43, 2 [V]
# name 11 = upoly0: Upoly 0, Optode 4330F - O2 D-Phase
# name 12 = upoly1: Upoly 1, Optode 4330F - O2 Temp
# name 13 = latitude: Latitude [deg]
# name 14 = longitude: Longitude [deg]
# name 15 = sal00: Salinity, Practical [PSU]
# name 16 = sal11: Salinity, Practical, 2 [PSU]
# name 17 = potemp068C: Potential Temperature [ITS-68, deg C]
# name 18 = potemp168C: Potential Temperature, 2 [ITS-68, deg C]
# name 19 = sigma-é00: Density [sigma-theta, Kg/m^3]
# name 20 = sigma-é11: Density, 2 [sigma-theta, Kg/m^3]
# name 21 = sbeox0ML/L: Oxygen, SBE 43 [ml/l], WS = 2
# name 22 = sbeox1ML/L: Oxygen, SBE 43, 2 [ml/l], WS = 2
# name 23 = nbin: number of scans per bin
# name 24 = flag: flag
# span 0 =       9969,      61389       
# span 1 =    415.354,   2557.831       
# span 2 =      2.000,   2089.000       
# span 3 =     2.9297,     8.3635       
# span 4 =   3.126993,   3.570776       
# span 5 =     2.9289,     8.3647       
# span 6 =   3.128520,   3.572228       
# span 7 =      -7.76,      98.93       
# span 8 =     0.0042,     0.6107       
# span 9 =     2.2697,     3.3526       
# span 10 =     2.0387,     3.0000      
# span 11 =  1.6931758,  2.0916853      
# span 12 =  0.9902283,  1.6518573      
# span 13 =   48.84580,   48.84850      
# span 14 =  -45.74850,  -45.74625      
# span 15 =    33.8325,    34.9756      
# span 16 =    33.8475,    34.9382      
# span 17 =     2.7723,     8.3616      
# span 18 =     2.7716,     8.3628      
# span 19 =    26.3983,    27.8404      
# span 20 =    26.4101,    27.8536      
# span 21 =    5.85957,    6.92092      
# span 22 =    6.07002,    7.02799      
# span 23 =          7,        103      
# span 24 = 0.0000e+00, 0.0000e+00      
# interval = decibars: 1                
# start_time = Jul 05 2013 02:25:27 [NMEA time, header]
# bad_flag = -9.990e-29
*END*
[from data line 1508]
      46199   1924.929   1510.000     3.4094   3.262272     3.4085   3.263576      77.45     0.0134     2.4101     2.1652  2.0582831  1.0512820   48.84788  -45.74775    34.9200    34.9365     3.2951     3.2942    27.7935    27.8068    5.88316    6.10234         31 0.0000e+00
      46230   1926.190   1511.000     3.4093   3.262302     3.4089   3.263652      96.25     0.0172     2.4096     2.1645  2.0584249  1.0511847   48.84788  -45.74776    34.9200    34.9365     3.2949     3.2945    27.7935    27.8067    5.88919    6.09373         26 0.0000e+00
      46252   1927.133   1512.000     3.4092   3.262344     3.4086   3.263669      26.62     0.0196     2.4100     2.1643  2.0581107  1.0512848   48.84790  -45.74776    34.9201    34.9365     3.2948     3.2986    27.7936    27.8068    5.88578    6.10011         20 0.0000e+00
      46271   1927.928   1513.000     3.4094   3.262401     3.4084   3.263696      91.02     0.0165     2.4090     2.1640  2.0579634  1.0512820   48.84790  -45.74775    34.9200    34.9366     3.2949     3.2937    27.7936    27.8068    5.87144    6.09836         19 0.0000e+00
      46291   1928.732   1514.000     3.4100   3.262498     3.4092   3.263814      95.55     0.0109     2.4084     2.1637  2.0573854  1.0512820   48.84790  -45.74774    34.9201    34.9366     3.2954     3.2945    27.7935    27.8068    5.88081    6.09566         20 0.0000e+00
      46313   1929.651   1515.000     3.4106   3.262591     3.4098   3.263908      69.18     0.0107     2.4084     2.1633  2.0579154  1.0509938   48.84790  -45.74774    34.9201    34.9366     3.2958     3.2950    27.7935    27.8067    5.88509    6.10025         25 0.0000e+00
      46340   1930.790   1516.000     3.4119   3.262748     3.4105   3.264006      42.63     0.0127     2.4082     2.1632  2.0588593  1.0503147   48.84790  -45.74774    34.9201    34.9365     3.2970     3.2957    27.7934    27.8066    5.88177    6.10555         29 0.0000e+00
      46367   1931.933   1517.000     3.4124   3.262841     3.4111   3.264109      62.21     0.0115     2.4076     2.1634  2.0587046  1.0509465   48.84790  -45.74774    34.9201    34.9366     3.2975     3.2962    27.7934    27.8066    5.88253    6.10439         24 0.0000e+00
      46389   1932.838   1518.000     3.4117   3.262821     3.4107   3.264121      55.34     0.0135     2.4075     2.1633  2.0582287  1.0512921   48.84790  -45.74774    34.9202    34.9366     3.2967     3.2957    27.7935    27.8067    5.88303    6.10477         20 0.0000e+00
      46408   1933.619   1519.000     3.4119   3.262887     3.4111   3.264199      56.60     0.0110     2.4077     2.1632  2.0586693  1.0512820   48.84790  -45.74774    34.9202    34.9367     3.2968     3.2960    27.7935    27.8067    5.88483    6.09593         19 0.0000e+00
      46426   1934.392   1520.000     3.4105   3.262813     3.4094   3.264083      74.62     0.0157     2.4072     2.1625  2.0594192  1.0512820   48.84790  -45.74774    34.9202    34.9366     3.2954     3.2942    27.7937    27.8069    5.88884    6.09591         19 0.0000e+00
      46448   1935.275   1521.000     3.4093   3.262735     3.4077   3.263986      93.19     0.0194     2.4072     2.1624  2.0592279  1.0512820   48.84790  -45.74774    34.9202    34.9367     3.2941     3.2925    27.7937    27.8071    5.87883    6.10018         24 0.0000e+00
      46482   1936.698   1522.000     3.4072   3.262584     3.4064   3.263889      60.12     0.0144     2.4068     2.1623  2.0590353  1.0504082   48.84790  -45.74774    34.9201    34.9365     3.2919     3.2910    27.7939    27.8071    5.88675    6.10803         43 0.0000e+00
      46516   1938.144   1523.000     3.4064   3.262562     3.4056   3.263870      96.94     0.0120     2.4066     2.1624  2.0591991  1.0507113   48.84790  -45.74774    34.9202    34.9366     3.2910     3.2902    27.7941    27.8072    5.88306    6.10574         23 0.0000e+00
      46535   1938.937   1524.000     3.4054   3.262504     3.4046   3.263823      44.06     0.0117     2.4060     2.1624  2.0592558  1.0510756   48.84790  -45.74774    34.9201    34.9366     3.2899     3.2892    27.7940    27.8073    5.87408    6.11409         17 0.0000e+00
      46552   1939.613   1525.000     3.4048   3.262489     3.4045   3.263853      56.70     0.0096     2.4058     2.1628  2.0593727  1.0512075   48.84790  -45.74774    34.9200    34.9366     3.2893     3.2889    27.7940    27.8073    5.88307    6.11654         16 0.0000e+00
      46568   1940.276   1526.000     3.4044   3.262494     3.4027   3.263730      95.96     0.0155     2.4054     2.1626  2.0595250  1.0500515   48.84790  -45.74774    34.9200    34.9366     3.2888     3.2870    27.7941    27.8075    5.88684    6.11019         16 0.0000e+00
      46585   1941.010   1527.000     3.3999   3.262145     3.3975   3.263324      95.71     0.0171     2.4055     2.1627  2.0591028  1.0500611   48.84790  -45.74774    34.9201    34.9366     3.2843     3.2819    27.7946    27.8080    5.88663    6.10847         20 0.0000e+00
      46610   1942.038   1528.000     3.3970   3.261928     3.3962   3.263231      51.91     0.0163     2.4057     2.1624  2.0611107  1.0500611   48.84790  -45.74774    34.9200    34.9365     3.2813     3.2804    27.7949    27.8081    5.89407    6.10802         32 0.0000e+00
      46644   1943.457   1529.000     3.3963   3.261916     3.3955   3.263220      89.05     0.0186     2.4055     2.1620  2.0621133  1.0499715   48.84790  -45.74774    34.9201    34.9365     3.2806     3.2797    27.7950    27.8082    5.88557    6.10709         29 0.0000e+00
      46666   1944.373   1530.000     3.3961   3.261943     3.3954   3.263264      25.67     0.0190     2.4054     2.1618  2.0610306  1.0489564   48.84790  -45.74774    34.9202    34.9367     3.2802     3.2795    27.7951    27.8083    5.89003    6.11189         18 0.0000e+00
      46683   1945.076   1531.000     3.3961   3.261987     3.3954   3.263306      96.92     0.0163     2.4052     2.1618  2.0610502  1.0488374   48.84790  -45.74774    34.9203    34.9367     3.2801     3.2794    27.7951    27.8084    5.89400    6.11646         16 0.0000e+00
      46699   1945.740   1532.000     3.3961   3.262026     3.3953   3.263346      95.70     0.0180     2.4054     2.1621  2.0610502  1.0488400   48.84790  -45.74774    34.9203    34.9368     3.2800     3.2793    27.7952    27.8084    5.88981    6.11501         16 0.0000e+00
      46716   1946.447   1533.000     3.3959   3.262058     3.3950   3.263360      94.94     0.0164     2.4052     2.1618  2.0610502  1.0488400   48.84790  -45.74774    34.9203    34.9368     3.2797     3.2789    27.7953    27.8084    5.88737    6.11029         19 0.0000e+00
      46736   1947.312   1534.000     3.3963   3.262134     3.3953   3.263426      36.27     0.0162     2.4049     2.1617  2.0610986  1.0488400   48.84790  -45.74774    34.9203    34.9367     3.2801     3.2791    27.7952    27.8084    5.89337    6.11114         24 0.0000e+00
      46766   1948.559   1535.000     3.3968   3.262213     3.3964   3.263554      63.17     0.0151     2.4049     2.1615  2.0594382  1.0488400   48.84788  -45.74774    34.9202    34.9367     3.2805     3.2800    27.7951    27.8082    5.88764    6.11584         34 0.0000e+00
      46797   1949.824   1536.000     3.3966   3.262230     3.3962   3.263580      96.35     0.0086     2.4039     2.1616  2.0594885  1.0488400   48.84788  -45.74774    34.9202    34.9367     3.2802     3.2797    27.7951    27.8083    5.88335    6.11744         25 0.0000e+00
      46819   1950.766   1537.000     3.3956   3.262197     3.3952   3.263529      95.56     0.0105     2.4045     2.1617  2.0594800  1.0488400   48.84788  -45.74774    34.9203    34.9366     3.2792     3.2787    27.7953    27.8083    5.89704    6.11331         21 0.0000e+00
      46840   1951.613   1538.000     3.3942   3.262114     3.3934   3.263435      77.68     0.0154     2.4040     2.1613  2.0595243  1.0488400   48.84788  -45.74774    34.9204    34.9369     3.2776     3.2769    27.7955    27.8087    5.88978    6.11610         20 0.0000e+00
      46860   1952.448   1539.000     3.3939   3.262140     3.3934   3.263469      40.24     0.0171     2.4040     2.1615  2.0610883  1.0488400   48.84788  -45.74774    34.9204    34.9368     3.2773     3.2767    27.7955    27.8087    5.88562    6.12198         21 0.0000e+00
      46880   1953.311   1540.000     3.3940   3.262185     3.3936   3.263536      94.29     0.0133     2.4036     2.1616  2.0611651  1.0488400   48.84788  -45.74774    34.9204    34.9368     3.2773     3.2769    27.7955    27.8087    5.88595    6.11786         21 0.0000e+00
      46902   1954.221   1541.000     3.3940   3.262228     3.3931   3.263541      67.05     0.0101     2.4029     2.1614  2.0600064  1.0488400   48.84788  -45.74772    34.9204    34.9370     3.2772     3.2763    27.7955    27.8088    5.88718    6.11347         22 0.0000e+00
      46926   1955.217   1542.000     3.3941   3.262274     3.3933   3.263587      26.92     0.0123     2.4030     2.1610  2.0595524  1.0488400   48.84788  -45.74772    34.9204    34.9369     3.2772     3.2764    27.7955    27.8087    5.89374    6.11614         26 0.0000e+00
      46953   1956.352   1543.000     3.3937   3.262288     3.3933   3.263626      83.93     0.0123     2.4031     2.1609  2.0594933  1.0488400   48.84788  -45.74772    34.9204    34.9368     3.2768     3.2763    27.7956    27.8088    5.89311    6.11876         29 0.0000e+00
      46982   1957.538   1544.000     3.3924   3.262220     3.3916   3.263535      43.94     0.0115     2.4029     2.1609  2.0596433  1.0488400   48.84788  -45.74772    34.9205    34.9371     3.2754     3.2745    27.7958    27.8091    5.89199    6.12087         26 0.0000e+00
      47006   1958.549   1545.000     3.3914   3.262177     3.3908   3.263505      94.65     0.0121     2.4027     2.1609  2.0591495  1.0488400   48.84788  -45.74772    34.9206    34.9370     3.2743     3.2736    27.7959    27.8092    5.89624    6.12012         22 0.0000e+00
      47026   1959.392   1546.000     3.3903   3.262127     3.3895   3.263448      93.33     0.0152     2.4029     2.1608  2.0594492  1.0488400   48.84786  -45.74772    34.9206    34.9372     3.2731     3.2723    27.7961    27.8094    5.89373    6.11841         19 0.0000e+00
      47045   1960.147   1547.000     3.3900   3.262142     3.3891   3.263438      16.03     0.0143     2.4029     2.1606  2.0596936  1.0488400   48.84786  -45.74772    34.9206    34.9370     3.2728     3.2718    27.7961    27.8093    5.89442    6.11769         18 0.0000e+00
      47062   1960.862   1548.000     3.3896   3.262149     3.3888   3.263460      30.10     0.0122     2.4022     2.1606  2.0594032  1.0488400   48.84786  -45.74772    34.9206    34.9371     3.2723     3.2714    27.7962    27.8095    5.89307    6.11652         17 0.0000e+00
      47079   1961.583   1549.000     3.3896   3.262184     3.3890   3.263523      93.77     0.0147     2.4026     2.1601  2.0592546  1.0487683   48.84786  -45.74772    34.9206    34.9371     3.2721     3.2715    27.7962    27.8094    5.89489    6.11134         17 0.0000e+00
      47098   1962.363   1550.000     3.3894   3.262218     3.3890   3.263558      94.29     0.0183     2.4024     2.1596  2.0593622  1.0476371   48.84786  -45.74772    34.9206    34.9371     3.2719     3.2714    27.7962    27.8094    5.89428    6.11260         21 0.0000e+00
      47121   1963.351   1551.000     3.3894   3.262244     3.3886   3.263556      94.65     0.0185     2.4021     2.1591  2.0595584  1.0476191   48.84786  -45.74772    34.9205    34.9370     3.2718     3.2709    27.7961    27.8094    5.89317    6.10610         28 0.0000e+00
      47154   1964.714   1552.000     3.3895   3.262284     3.3887   3.263598      61.92     0.0149     2.4018     2.1582  2.0594549  1.0476191   48.84785  -45.74772    34.9204    34.9369     3.2718     3.2709    27.7961    27.8093    5.89537    6.10653         33 0.0000e+00
      47181   1965.854   1553.000     3.3896   3.262347     3.3890   3.263680      73.79     0.0126     2.4016     2.1574  2.0601873  1.0476766   48.84784  -45.74771    34.9205    34.9370     3.2718     3.2712    27.7962    27.8094    5.88280    6.10546         22 0.0000e+00
      47201   1966.682   1554.000     3.3899   3.262424     3.3892   3.263745      59.03     0.0125     2.4005     2.1572  2.0611317  1.0478144   48.84784  -45.74770    34.9206    34.9371     3.2721     3.2713    27.7962    27.8094    5.88359    6.10603         19 0.0000e+00
      47220   1967.441   1555.000     3.3892   3.262394     3.3882   3.263683      64.29     0.0099     2.4001     2.1566  2.0610499  1.0476182   48.84784  -45.74770    34.9206    34.9369     3.2712     3.2702    27.7962    27.8094    5.88294    6.10168         18 0.0000e+00
      47238   1968.223   1556.000     3.3872   3.262257     3.3868   3.263588      17.12     0.0129     2.3996     2.1562  2.0595367  1.0476191   48.84784  -45.74770    34.9204    34.9368     3.2692     3.2687    27.7963    27.8094    5.87912    6.09646         20 0.0000e+00
      47260   1969.125   1557.000     3.3834   3.261920     3.3832   3.263287      94.04     0.0159     2.3990     2.1553  2.0591261  1.0476191   48.84784  -45.74770    34.9200    34.9365     3.2654     3.2651    27.7963    27.8096    5.87568    6.09720         24 0.0000e+00
      47289   1970.339   1558.000     3.3788   3.261510     3.3785   3.262871      76.40     0.0134     2.3980     2.1547  2.0605648  1.0476191   48.84784  -45.74770    34.9195    34.9361     3.2607     3.2603    27.7964    27.8096    5.88231    6.10721         34 0.0000e+00
      47322   1971.702   1559.000     3.3780   3.261478     3.3772   3.262792      56.27     0.0103     2.3975     2.1547  2.0610197  1.0476191   48.84783  -45.74770    34.9194    34.9359     3.2598     3.2590    27.7964    27.8097    5.88883    6.11397         29 0.0000e+00
      47347   1972.738   1560.000     3.3768   3.261407     3.3760   3.262720      95.82     0.0114     2.3975     2.1548  2.0610507  1.0476191   48.84782  -45.74770    34.9194    34.9359     3.2585     3.2577    27.7965    27.8097    5.88967    6.11529         22 0.0000e+00
      47367   1973.591   1561.000     3.3762   3.261386     3.3752   3.262682      80.02     0.0157     2.3973     2.1549  2.0610502  1.0474894   48.84782  -45.74770    34.9193    34.9358     3.2578     3.2569    27.7965    27.8098    5.88988    6.11707         19 0.0000e+00
      47386   1974.378   1562.000     3.3734   3.261185     3.3727   3.262494      24.11     0.0136     2.3974     2.1549  2.0612438  1.0463934   48.84782  -45.74770    34.9194    34.9357     3.2549     3.2591    27.7969    27.8100    5.89414    6.11518         19 0.0000e+00
      47405   1975.153   1563.000     3.3724   3.261163     3.3717   3.262474      92.09     0.0144     2.3974     2.1549  2.0610535  1.0463980   48.84782  -45.74770    34.9197    34.9360     3.2539     3.2533    27.7972    27.8103    5.89514    6.11739         19 0.0000e+00
      47424   1975.940   1564.000     3.3724   3.261215     3.3715   3.262528      93.53     0.0163     2.3974     2.1551  2.0619919  1.0463980   48.84782  -45.74770    34.9198    34.9364     3.2538     3.2530    27.7973    27.8106    5.90215    6.12026         19 0.0000e+00
      47443   1976.756   1565.000     3.3724   3.261264     3.3713   3.262553      58.58     0.0133     2.3981     2.1549  2.0627458  1.0463980   48.84782  -45.74770    34.9199    34.9364     3.2537     3.2526    27.7974    27.8106    5.90339    6.11845         20 0.0000e+00
      47464   1977.619   1566.000     3.3724   3.261307     3.3718   3.262636      23.02     0.0143     2.3981     2.1551  2.0626788  1.0463980   48.84781  -45.74770    34.9199    34.9364     3.2536     3.2530    27.7974    27.8106    5.89741    6.11567         21 0.0000e+00
