data/CTD/2013/CNV/D021A029.CNV
* Sea-Bird SBE 9 Data File:
* FileName = C:\CTD_ACQUISITION\2013021HUD\ctddata\021A029.hdr
* Software Version Seasave V 7.22.2
* Temperature SN = 5081
* Conductivity SN = 3561
* Number of Bytes Per Scan = 37
* Number of Voltage Words = 4
* Number of Scans Averaged by the Deck Unit = 1
* NMEA Latitude = 47 58.52 N
* NMEA Longitude = 046 09.24 W
* NMEA UTC (Time) = Jul 03 2013 02:14:03
* NMEA baud rate = 9600
** Ship: Hudson
** Cruise: HUD2013021
** Chief_Scientist: Greenan
** Organization: BIO
** Area_of_Operation: Sackville Spur
** Station: 29
** Sounding:  1088
** Event_Comments: SS17  393133
# nquan = 25
# nvalues = 1076                        
# units = specified
# name 0 = scan: Scan Count
# name 1 = timeS: Time, Elapsed [seconds]
# name 2 = prDM: Pressure, Digiquartz [db]
# name 3 = t068C: Temperature [ITS-68, deg C]
# name 4 = c0S/m: Conductivity [S/m]
# name 5 = t168C: Temperature, 2 [ITS-68, deg C]
# name 6 = c1S/m: Conductivity, 2 [S/m]
# name 7 = altM: Altimeter [m]
# name 8 = flCUVA: Fluorescence, Chelsea UV Aquatracka [ug/l]
# name 9 = sbeox0V: Oxygen raw, SBE 43 [V]
# name 10 = sbeox1V: Oxygen raw, SBE 43, 2 [V]
# name 11 = upoly0: Upoly 0, Optode 4330F - O2 D-Phase
# name 12 = upoly1: Upoly 1, Optode 4330F - O2 Temp
# name 13 = latitude: Latitude [deg]
# name 14 = longitude: Longitude [deg]
# name 15 = sal00: Salinity, Practical [PSU]
# name 16 = sal11: Salinity, Practical, 2 [PSU]
# name 17 = potemp068C: Potential Temperature [ITS-68, deg C]
# name 18 = potemp168C: Potential Temperature, 2 [ITS-68, deg C]
# name 19 = sigma-é00: Density [sigma-theta, Kg/m^3]
# name 20 = sigma-é11: Density, 2 [sigma-theta, Kg/m^3]
# name 21 = sbeox0ML/L: Oxygen, SBE 43 [ml/l], WS = 2
# name 22 = sbeox1ML/L: Oxygen, SBE 43, 2 [ml/l], WS = 2
# name 23 = nbin: number of scans per bin
# name 24 = flag: flag
# span 0 =      13021,      39397       
# span 1 =    542.480,   1641.489       
# span 2 =      2.000,   1077.000       
# span 3 =     0.2254,     5.8334       
# span 4 =   2.813377,   3.292251       
# span 5 =     0.2228,     5.8332       
# span 6 =   2.815063,   3.293578       
# span 7 =       2.32,     100.24       
# span 8 =     0.0043,     0.4148       
# span 9 =     2.5194,     3.3862       
# span 10 =     2.2661,     3.0331      
# span 11 =  1.7248918,  2.0370747      
# span 12 =  0.7266827,  1.3577852      
# span 13 =   47.97516,   47.97566      
# span 14 =  -46.15358,  -46.15198      
# span 15 =    32.5958,    34.9145      
# span 16 =    32.6107,    34.9307      
# span 17 =     0.2236,     5.8319      
# span 18 =     0.2210,     5.8317      
# span 19 =    25.6740,    27.7569      
# span 20 =    25.6858,    27.7698      
# span 21 =    5.85210,    7.73150      
# span 22 =    6.06779,    7.84168      
# span 23 =         10,        125      
# span 24 = 0.0000e+00, 0.0000e+00      
# interval = decibars: 1                
# start_time = Jul 03 2013 02:14:03 [NMEA time, header]
# bad_flag = -9.990e-29
*END*
[from data line 174]
      20519    854.934    176.000     3.3919   3.177869     3.3914   3.179099      95.42     0.0179     2.8988     2.6088  1.9475847  1.0370227   47.97560  -46.15304    34.6237    34.6391     3.3806     3.3801    27.5490    27.5613    6.34337    6.52161         19 0.0000e+00
      20537    855.661    177.000     3.3874   3.177614     3.3852   3.178704      94.87     0.0187     2.8989     2.6088  1.9477293  1.0371687   47.97560  -46.15304    34.6249    34.6405     3.3760     3.3737    27.5504    27.5630    6.34296    6.52301         16 0.0000e+00
      20552    856.308    178.000     3.3769   3.176633     3.3771   3.177984      23.14     0.0158     2.8996     2.6088  1.9476581  1.0375346   47.97560  -46.15304    34.6238    34.6398     3.3654     3.3656    27.5505    27.5633    6.34503    6.52473         15 0.0000e+00
      20567    856.932    179.000     3.3699   3.175985     3.3715   3.177464      59.97     0.0146     2.8997     2.6086  1.9487445  1.0406965   47.97560  -46.15304    34.6229    34.6390     3.3583     3.3599    27.5505    27.5632    6.34699    6.52712         15 0.0000e+00
      20582    857.560    180.000     3.3599   3.175252     3.3607   3.176575      94.71     0.0157     2.8996     2.6089  1.9487180  1.0409027   47.97560  -46.15304    34.6241    34.6397     3.3482     3.3491    27.5524    27.5648    6.34949    6.53382         16 0.0000e+00
      20598    858.204    181.000     3.3390   3.173725     3.3395   3.175069      94.81     0.0176     2.9002     2.6091  1.9487180  1.0410248   47.97560  -46.15302    34.6273    34.6431     3.3274     3.3279    27.5570    27.5695    6.35810    6.53800         15 0.0000e+00
      20614    858.873    182.000     3.3395   3.173928     3.3389   3.175201      80.86     0.0195     2.9004     2.6092  1.9498640  1.0419426   47.97560  -46.15302    34.6287    34.6447     3.3278     3.3272    27.5580    27.5709    6.35793    6.53872         17 0.0000e+00
      20631    859.575    183.000     3.3484   3.174957     3.3469   3.176123      13.56     0.0193     2.9009     2.6093  1.9499381  1.0415903   47.97561  -46.15302    34.6311    34.6469     3.3367     3.3351    27.5591    27.5718    6.35884    6.54291         17 0.0000e+00
      20649    860.354    184.000     3.3539   3.175654     3.3534   3.176922      93.60     0.0168     2.9011     2.6100  1.9502785  1.0408934   47.97562  -46.15302    34.6331    34.6490     3.3421     3.3415    27.5602    27.5729    6.35735    6.54394         21 0.0000e+00
      20685    861.817    185.000     3.3523   3.175573     3.3520   3.176872      96.33     0.0164     2.9009     2.6091  1.9504070  1.0386381   47.97561  -46.15300    34.6333    34.6494     3.3403     3.3400    27.5605    27.5734    6.34818    6.52503         60 0.0000e+00
      20745    864.354    186.000     3.3587   3.176374     3.3556   3.177377      96.13     0.0162     2.8994     2.6073  1.9486101  1.0392811   47.97562  -46.15298    34.6356    34.6510     3.3467     3.3436    27.5617    27.5743    6.35528    6.54339         35 0.0000e+00
      20764    865.118    187.000     3.3665   3.177450     3.3668   3.178792      96.67     0.0176     2.9008     2.6091  1.9495664  1.0399215   47.97562  -46.15298    34.6397    34.6557     3.3545     3.3547    27.5643    27.5770    6.36297    6.55383         16 0.0000e+00
      20778    865.718    188.000     3.3680   3.177737     3.3674   3.179010      96.72     0.0195     2.9007     2.6098  1.9497540  1.0395360   47.97562  -46.15297    34.6411    34.6571     3.3558     3.3552    27.5652    27.5780    6.36604    6.55331         13 0.0000e+00
      20790    866.220    189.000     3.3764   3.178690     3.3740   3.179778      96.72     0.0214     2.9019     2.6105  1.9497161  1.0396290   47.97562  -46.15296    34.6430    34.6587     3.3642     3.3618    27.5660    27.5787    6.37243    6.55561         11 0.0000e+00
      20802    866.688    190.000     3.3937   3.180559     3.3881   3.181331      96.72     0.0212     2.9027     2.6109  1.9490222  1.0412112   47.97562  -46.15296    34.6467    34.6620     3.3813     3.3757    27.5672    27.5800    6.37115    6.55554         12 0.0000e+00
      20813    867.159    191.000     3.4125   3.182667     3.4106   3.183789      96.71     0.0192     2.9030     2.6117  1.9487231  1.0418364   47.97562  -46.15296    34.6514    34.6671     3.4001     3.3982    27.5692    27.5818    6.36487    6.56163         11 0.0000e+00
      20825    867.658    192.000     3.4159   3.183164     3.4157   3.184438      96.22     0.0169     2.9034     2.6129  1.9487180  1.0419815   47.97562  -46.15296    34.6533    34.6689     3.4034     3.4032    27.5704    27.5828    6.37003    6.56848         13 0.0000e+00
      20839    868.247    193.000     3.3933   3.181160     3.3952   3.182631      94.92     0.0145     2.9046     2.6142  1.9486446  1.0417526   47.97562  -46.15296    34.6527    34.6684     3.3808     3.3827    27.5721    27.5844    6.38219    6.57526         16 0.0000e+00
      20864    869.275    194.000     3.3732   3.179339     3.3731   3.180661      94.88     0.0151     2.9058     2.6153  1.9475809  1.0448620   47.97562  -46.15296    34.6516    34.6676     3.3606     3.3606    27.5732    27.5859    6.37852    6.56166         36 0.0000e+00
      20907    871.103    195.000     3.3763   3.179800     3.3755   3.181023      91.83     0.0151     2.9052     2.6137  1.9484624  1.0451814   47.97562  -46.15294    34.6533    34.6690     3.3637     3.3628    27.5742    27.5868    6.35790    6.53692         43 0.0000e+00
      20938    872.376    196.000     3.3922   3.181680     3.3908   3.182850      52.49     0.0148     2.9040     2.6123  1.9488356  1.0448388   47.97562  -46.15294    34.6585    34.6740     3.3795     3.3781    27.5768    27.5894    6.36130    6.54800         22 0.0000e+00
      20958    873.196    197.000     3.4013   3.182840     3.4006   3.184087      67.40     0.0141     2.9043     2.6131  1.9489911  1.0439465   47.97562  -46.15292    34.6622    34.6780     3.3885     3.3878    27.5789    27.5916    6.36673    6.56083         18 0.0000e+00
      20974    873.894    198.000     3.4146   3.184355     3.4124   3.185450      29.53     0.0154     2.9043     2.6137  1.9491754  1.0439560   47.97562  -46.15293    34.6657    34.6813     3.4017     3.3995    27.5804    27.5931    6.36005    6.55551         16 0.0000e+00
      20990    874.550    199.000     3.4356   3.186616     3.4339   3.187752      93.70     0.0184     2.9041     2.6138  1.9479785  1.0450785   47.97562  -46.15294    34.6701    34.6856     3.4226     3.4209    27.5819    27.5944    6.35656    6.54843         16 0.0000e+00
      21006    875.206    200.000     3.4540   3.188686     3.4524   3.189829      95.28     0.0163     2.9043     2.6138  1.9469237  1.0467947   47.97562  -46.15292    34.6749    34.6903     3.4409     3.4393    27.5840    27.5964    6.35475    6.54594         16 0.0000e+00
      21023    875.904    201.000     3.4569   3.189124     3.4568   3.190410      95.14     0.0177     2.9039     2.6139  1.9469922  1.0464768   47.97562  -46.15291    34.6765    34.6921     3.4438     3.4436    27.5849    27.5974    6.34681    6.54537         17 0.0000e+00
      21043    876.731    202.000     3.4476   3.188333     3.4483   3.189725      85.35     0.0193     2.9032     2.6140  1.9464477  1.0487868   47.97562  -46.15290    34.6764    34.6923     3.4344     3.4351    27.5858    27.5984    6.35073    6.54594         23 0.0000e+00
      21069    877.850    203.000     3.4439   3.188118     3.4434   3.189375      96.33     0.0146     2.9031     2.6137  1.9462764  1.0500571   47.97563  -46.15289    34.6772    34.6929     3.4306     3.4301    27.5868    27.5993    6.35480    6.54658         30 0.0000e+00
      21098    879.050    204.000     3.4540   3.189311     3.4527   3.190480      96.16     0.0140     2.9025     2.6137  1.9459870  1.0522763   47.97564  -46.15288    34.6802    34.6957     3.4407     3.4393    27.5882    27.6007    6.35081    6.53877         26 0.0000e+00
      21121    879.985    205.000     3.4814   3.192288     3.4797   3.193408      95.06     0.0197     2.9021     2.6123  1.9461548  1.0522591   47.97564  -46.15288    34.6863    34.7016     3.4680     3.4662    27.5904    27.6028    6.33708    6.50855         20 0.0000e+00
      21139    880.769    206.000     3.4887   3.193143     3.4883   3.194417      95.08     0.0205     2.9012     2.6098  1.9452600  1.0524349   47.97564  -46.15288    34.6883    34.7040     3.4751     3.4748    27.5913    27.6039    6.32318    6.49566         18 0.0000e+00
      21157    881.510    207.000     3.4909   3.193462     3.4904   3.194733      96.59     0.0159     2.8991     2.6079  1.9450580  1.0525020   47.97564  -46.15288    34.6892    34.7050     3.4773     3.4768    27.5918    27.6045    6.31373    6.49234         18 0.0000e+00
      21176    882.307    208.000     3.4986   3.194326     3.4976   3.195531      96.31     0.0158     2.8975     2.6059  1.9451674  1.0532910   47.97562  -46.15288    34.6909    34.7064     3.4849     3.4839    27.5924    27.6049    6.31138    6.49083         21 0.0000e+00
      21199    883.248    209.000     3.5172   3.196405     3.5152   3.197483      96.18     0.0168     2.8953     2.6042  1.9459509  1.0565418   47.97562  -46.15288    34.6955    34.7106     3.5034     3.5014    27.5943    27.6065    6.29525    6.49383         24 0.0000e+00
      21223    884.247    210.000     3.5335   3.198169     3.5322   3.199361      95.00     0.0193     2.8925     2.6030  1.9454336  1.0567794   47.97564  -46.15286    34.6988    34.7143     3.5196     3.5183    27.5953    27.6078    6.28832    6.48008         22 0.0000e+00
      21244    885.105    211.000     3.5539   3.200350     3.5534   3.201610      95.24     0.0152     2.8903     2.6011  1.9437938  1.0585879   47.97564  -46.15286    34.7028    34.7184     3.5399     3.5394    27.5965    27.6090    6.27462    6.47031         19 0.0000e+00
      21261    885.837    212.000     3.5826   3.203360     3.5822   3.204617      95.79     0.0138     2.8880     2.5995  1.9438339  1.0585362   47.97564  -46.15286    34.7078    34.7233     3.5685     3.5681    27.5976    27.6101    6.26034    6.46171         17 0.0000e+00
      21278    886.549    213.000     3.5883   3.204019     3.5877   3.205259      96.46     0.0119     2.8855     2.5980  1.9427693  1.0602703   47.97564  -46.15285    34.7091    34.7246     3.5741     3.5735    27.5981    27.6106    6.25580    6.46383         18 0.0000e+00
      21297    887.334    214.000     3.5974   3.205085     3.5954   3.206179      96.20     0.0128     2.8838     2.5974  1.9415451  1.0622216   47.97564  -46.15284    34.7117    34.7270     3.5831     3.5811    27.5993    27.6117    6.26096    6.47139         20 0.0000e+00
      21320    888.272    215.000     3.6184   3.207371     3.6163   3.208485      95.81     0.0143     2.8826     2.5970  1.9416974  1.0631877   47.97564  -46.15284    34.7162    34.7314     3.6040     3.6019    27.6008    27.6132    6.26876    6.46305         24 0.0000e+00
      21342    889.220    216.000     3.6312   3.208781     3.6305   3.210019      96.38     0.0138     2.8814     2.5954  1.9426832  1.0672050   47.97564  -46.15284    34.7190    34.7346     3.6167     3.6160    27.6018    27.6143    6.25560    6.45035         21 0.0000e+00
      21363    890.095    217.000     3.6488   3.210709     3.6465   3.211765      86.53     0.0160     2.8803     2.5944  1.9426711  1.0671551   47.97564  -46.15284    34.7228    34.7379     3.6342     3.6319    27.6031    27.6154    6.26827    6.45421         21 0.0000e+00
      21385    890.999    218.000     3.6657   3.212557     3.6648   3.213759      64.77     0.0175     2.8814     2.5942  1.9449472  1.0709219   47.97564  -46.15282    34.7265    34.7418     3.6510     3.6501    27.6043    27.6167    6.28006    6.46058         23 0.0000e+00
      21409    892.010    219.000     3.6720   3.213297     3.6712   3.214524      96.32     0.0148     2.8822     2.5945  1.9450560  1.0710638   47.97564  -46.15282    34.7280    34.7436     3.6572     3.6564    27.6049    27.6174    6.28420    6.47047         25 0.0000e+00
      21434    893.033    220.000     3.6791   3.214119     3.6786   3.215384      95.92     0.0121     2.8836     2.5955  1.9450549  1.0756339   47.97564  -46.15282    34.7298    34.7455     3.6642     3.6637    27.6057    27.6182    6.27316    6.46568         23 0.0000e+00
      21454    893.895    221.000     3.6852   3.214810     3.6841   3.216012      95.91     0.0114     2.8826     2.5947  1.9449892  1.0758384   47.97564  -46.15282    34.7310    34.7466     3.6703     3.6692    27.6060    27.6185    6.24711    6.43791         19 0.0000e+00
      21472    894.632    222.000     3.6845   3.214816     3.6848   3.216174      96.25     0.0132     2.8804     2.5927  1.9455630  1.0772233   47.97564  -46.15282    34.7313    34.7472     3.6695     3.6698    27.6063    27.6190    6.22227    6.41879         17 0.0000e+00
      21488    895.312    223.000     3.6786   3.214291     3.6784   3.215588      95.64     0.0151     2.8774     2.5906  1.9459707  1.0781440   47.97564  -46.15280    34.7307    34.7465     3.6635     3.6633    27.6065    27.6190    6.20702    6.40630         16 0.0000e+00
      21505    896.000    224.000     3.6713   3.213652     3.6708   3.214927      95.73     0.0152     2.8737     2.5878  1.9459887  1.0781441   47.97564  -46.15280    34.7303    34.7461     3.6562     3.6557    27.6068    27.6195    6.20179    6.40105         17 0.0000e+00
      21523    896.745    225.000     3.6890   3.215530     3.6880   3.216771      95.63     0.0149     2.8711     2.5855  1.9471041  1.0794848   47.97565  -46.15280    34.7340    34.7494     3.6738     3.6728    27.6080    27.6204    6.19664    6.39690         19 0.0000e+00
      21543    897.579    226.000     3.7010   3.216871     3.6994   3.217989      95.12     0.0141     2.8678     2.5830  1.9474947  1.0800595   47.97565  -46.15280    34.7362    34.7513     3.6857     3.6841    27.6086    27.6208    6.19984    6.39386         21 0.0000e+00
      21565    898.489    227.000     3.7565   3.222707     3.7532   3.223480      27.40     0.0118     2.8666     2.5809  1.9474969  1.0805275   47.97564  -46.15280    34.7464    34.7612     3.7410     3.7377    27.6112    27.6232    6.21206    6.39268         23 0.0000e+00
      21590    899.527    228.000     3.8000   3.227344     3.7986   3.228444      94.86     0.0059     2.8669     2.5802  1.9473631  1.0807191   47.97564  -46.15279    34.7548    34.7697     3.7843     3.7830    27.6135    27.6255    6.21980    6.39856         27 0.0000e+00
      21618    900.715    229.000     3.8280   3.230353     3.8276   3.231604      94.49     0.0104     2.8679     2.5802  1.9459825  1.0849128   47.97564  -46.15278    34.7607    34.7761     3.8123     3.8118    27.6153    27.6276    6.22348    6.39814         28 0.0000e+00
      21643    901.736    230.000     3.8283   3.230451     3.8279   3.231726      79.91     0.0161     2.8695     2.5801  1.9450289  1.0879363   47.97564  -46.15278    34.7610    34.7766     3.8125     3.8121    27.6155    27.6280    6.21915    6.39308         21 0.0000e+00
      21662    902.522    231.000     3.8277   3.230454     3.8276   3.231771      95.94     0.0142     2.8686     2.5795  1.9450549  1.0908682   47.97564  -46.15278    34.7612    34.7770     3.8118     3.8117    27.6157    27.6283    6.20338    6.38337         17 0.0000e+00
      21677    903.187    232.000     3.8219   3.229929     3.8223   3.231308      95.87     0.0098     2.8676     2.5786  1.9450549  1.0955415   47.97564  -46.15278    34.7605    34.7765     3.8059     3.8064    27.6158    27.6285    6.20832    6.38609         15 0.0000e+00
