data/CTD/2013/CNV/D021A017.CNV
* Sea-Bird SBE 9 Data File:
* FileName = C:\CTD_ACQUISITION\2013021HUD\ctddata\021A017.hdr
* Software Version Seasave V 7.22.2
* Temperature SN = 5081
* Conductivity SN = 3561
* Number of Bytes Per Scan = 37
* Number of Voltage Words = 4
* Number of Scans Averaged by the Deck Unit = 1
* NMEA Latitude = 46 59.99 N
* NMEA Longitude = 046 50.02 W
* NMEA UTC (Time) = Jul 02 2013 02:27:57
* NMEA baud rate = 9600
** Ship: Hudson
** Cruise: HUD2013021
** Chief_Scientist: Greenan
** Organization: BIO
** Area_of_Operation: Sackville Spur
** Station: 17
** Sounding:  1194
** Event_Comments: FC18  393121
# nquan = 25
# nvalues = 1183                        
# units = specified
# name 0 = scan: Scan Count
# name 1 = timeS: Time, Elapsed [seconds]
# name 2 = prDM: Pressure, Digiquartz [db]
# name 3 = t068C: Temperature [ITS-68, deg C]
# name 4 = c0S/m: Conductivity [S/m]
# name 5 = t168C: Temperature, 2 [ITS-68, deg C]
# name 6 = c1S/m: Conductivity, 2 [S/m]
# name 7 = altM: Altimeter [m]
# name 8 = flCUVA: Fluorescence, Chelsea UV Aquatracka [ug/l]
# name 9 = sbeox0V: Oxygen raw, SBE 43 [V]
# name 10 = sbeox1V: Oxygen raw, SBE 43, 2 [V]
# name 11 = upoly0: Upoly 0, Optode 4330F - O2 D-Phase
# name 12 = upoly1: Upoly 1, Optode 4330F - O2 Temp
# name 13 = latitude: Latitude [deg]
# name 14 = longitude: Longitude [deg]
# name 15 = sal00: Salinity, Practical [PSU]
# name 16 = sal11: Salinity, Practical, 2 [PSU]
# name 17 = potemp068C: Potential Temperature [ITS-68, deg C]
# name 18 = potemp168C: Potential Temperature, 2 [ITS-68, deg C]
# name 19 = sigma-é00: Density [sigma-theta, Kg/m^3]
# name 20 = sigma-é11: Density, 2 [sigma-theta, Kg/m^3]
# name 21 = sbeox0ML/L: Oxygen, SBE 43 [ml/l], WS = 2
# name 22 = sbeox1ML/L: Oxygen, SBE 43, 2 [ml/l], WS = 2
# name 23 = nbin: number of scans per bin
# name 24 = flag: flag
# span 0 =       8764,      38295       
# span 1 =    365.138,   1595.600       
# span 2 =      1.000,   1183.000       
# span 3 =     0.9564,     6.1329       
# span 4 =   2.856177,   3.329182       
# span 5 =     0.9571,     6.1324       
# span 6 =   2.857717,   3.330497       
# span 7 =       5.44,      99.43       
# span 8 =     0.0049,     0.3983       
# span 9 =     2.4904,     3.3689       
# span 10 =     2.2397,     3.0041      
# span 11 =  1.7240636,  2.0412579      
# span 12 =  0.7788575,  1.3956007      
# span 13 =   46.99948,   46.99988      
# span 14 =  -46.83484,  -46.83358      
# span 15 =    32.8167,    34.9219      
# span 16 =    32.8319,    34.9369      
# span 17 =     0.9542,     6.1324      
# span 18 =     0.9550,     6.1321      
# span 19 =    25.8123,    27.7583      
# span 20 =    25.8238,    27.7710      
# span 21 =    5.60444,    7.74148      
# span 22 =    5.80229,    7.93156      
# span 23 =         10,         97      
# span 24 = 0.0000e+00, 0.0000e+00      
# interval = decibars: 1                
# start_time = Jul 02 2013 02:27:57 [NMEA time, header]
# bad_flag = -9.990e-29
*END*
[from data line 638]
      25624   1067.617    639.000     4.1393   3.288652     4.1388   3.289937      96.69     0.0170     2.7228     2.4482  1.9658120  1.1416361   46.99986  -46.83476    34.9046    34.9203     4.0916     4.0911    27.7008    27.7133    6.05820    6.25266         14 0.0000e+00
      25638   1068.203    640.000     4.1413   3.288905     4.1407   3.290185      95.85     0.0188     2.7231     2.4482  1.9658120  1.1416361   46.99986  -46.83478    34.9050    34.9207     4.0934     4.0929    27.7009    27.7134    6.05975    6.25338         14 0.0000e+00
      25651   1068.762    641.000     4.1429   3.289121     4.1420   3.290358      96.66     0.0165     2.7221     2.4476  1.9658120  1.1416361   46.99985  -46.83478    34.9053    34.9208     4.0950     4.0941    27.7010    27.7134    6.05779    6.24693         14 0.0000e+00
      25665   1069.324    642.000     4.1457   3.289457     4.1451   3.290730      96.97     0.0166     2.7221     2.4467  1.9665508  1.1416361   46.99984  -46.83478    34.9058    34.9214     4.0977     4.0971    27.7011    27.7136    6.06460    6.24949         13 0.0000e+00
      25679   1069.926    643.000     4.1492   3.289866     4.1488   3.291163      97.03     0.0154     2.7222     2.4467  1.9670242  1.1416361   46.99984  -46.83478    34.9066    34.9222     4.1011     4.1007    27.7014    27.7138    6.07486    6.25970         16 0.0000e+00
      25697   1070.674    644.000     4.1497   3.289968     4.1496   3.291268      96.70     0.0189     2.7228     2.4470  1.9670329  1.1416878   46.99984  -46.83478    34.9065    34.9220     4.1015     4.1014    27.7013    27.7136    6.07487    6.26154         22 0.0000e+00
      25762   1073.368    645.000     4.1486   3.289885     4.1488   3.291229      95.54     0.0139     2.7208     2.4455  1.9662910  1.1429058   46.99985  -46.83478    34.9062    34.9218     4.1003     4.1005    27.7011    27.7135    6.05058    6.25081         34 0.0000e+00
      25794   1074.716    646.000     4.1440   3.289489     4.1414   3.290562      95.85     0.0192     2.7203     2.4448  1.9667335  1.1429366   46.99986  -46.83478    34.9056    34.9209     4.0956     4.0931    27.7011    27.7136    6.06043    6.25209         16 0.0000e+00
      25808   1075.287    647.000     4.1309   3.288178     4.1308   3.289468      95.64     0.0170     2.7198     2.4447  1.9668441  1.1433237   46.99986  -46.83478    34.9037    34.9192     4.0826     4.0853    27.7010    27.7134    6.05387    6.25407         13 0.0000e+00
      25820   1075.794    648.000     4.1181   3.286951     4.1176   3.288255      95.63     0.0126     2.7188     2.4444  1.9670337  1.1438583   46.99986  -46.83478    34.9022    34.9181     4.0697     4.0693    27.7012    27.7139    6.05408    6.25403         11 0.0000e+00
      25832   1076.272    649.000     4.1172   3.286923     4.1172   3.288265      95.66     0.0118     2.7190     2.4443  1.9670329  1.1438746   46.99986  -46.83478    34.9023    34.9182     4.0688     4.0688    27.7014    27.7140    6.05617    6.25294         12 0.0000e+00
      25843   1076.743    650.000     4.1221   3.287490     4.1239   3.289027      95.63     0.0145     2.7179     2.4439  1.9670329  1.1436375   46.99985  -46.83478    34.9033    34.9195     4.0736     4.0754    27.7017    27.7144    6.05259    6.24957         11 0.0000e+00
      25855   1077.229    651.000     4.1346   3.288811     4.1343   3.290133      95.97     0.0157     2.7180     2.4434  1.9678471  1.1429588   46.99984  -46.83478    34.9051    34.9211     4.0860     4.0856    27.7018    27.7146    6.05324    6.24069         12 0.0000e+00
      25868   1077.774    652.000     4.1349   3.288883     4.1348   3.290225      95.77     0.0158     2.7176     2.4427  1.9693965  1.1416286   46.99985  -46.83478    34.9052    34.9211     4.0862     4.0861    27.7018    27.7145    6.05514    6.23264         14 0.0000e+00
      25891   1078.759    653.000     4.1263   3.288086     4.1269   3.289474      86.43     0.0145     2.7167     2.4409  1.9694611  1.1414740   46.99985  -46.83478    34.9043    34.9201     4.0776     4.0781    27.7020    27.7146    6.04999    6.23208         38 0.0000e+00
      25948   1081.126    654.000     4.1273   3.288227     4.1270   3.289525      97.50     0.0146     2.7144     2.4394  1.9694749  1.1405478   46.99984  -46.83479    34.9044    34.9201     4.0784     4.0781    27.7020    27.7145    6.05742    6.25296         30 0.0000e+00
      25966   1081.882    655.000     4.1281   3.288378     4.1278   3.289684      96.11     0.0173     2.7153     2.4401  1.9693456  1.1412545   46.99983  -46.83481    34.9049    34.9206     4.0791     4.0788    27.7023    27.7148    6.06459    6.26074         19 0.0000e+00
      25984   1082.623    656.000     4.1321   3.288860     4.1316   3.290134      96.06     0.0172     2.7153     2.4406  1.9693313  1.1411337   46.99982  -46.83482    34.9058    34.9212     4.0830     4.0849    27.7026    27.7150    6.05712    6.25980         17 0.0000e+00
      26002   1083.359    657.000     4.1277   3.288475     4.1275   3.289773      96.35     0.0120     2.7146     2.4409  1.9699535  1.1412979   46.99982  -46.83480    34.9053    34.9209     4.0786     4.0783    27.7027    27.7152    6.05993    6.25183         18 0.0000e+00
      26021   1084.171    658.000     4.1233   3.288076     4.1224   3.289310      87.95     0.0122     2.7151     2.4402  1.9702461  1.1414119   46.99984  -46.83480    34.9048    34.9203     4.0741     4.0732    27.7028    27.7153    6.06066    6.24330         22 0.0000e+00
      26045   1085.153    659.000     4.1183   3.287627     4.1193   3.289022      86.61     0.0168     2.7147     2.4395  1.9704971  1.1410552   46.99982  -46.83482    34.9038    34.9197     4.0691     4.0700    27.7026    27.7151    6.05758    6.24205         25 0.0000e+00
      26070   1086.213    660.000     4.1065   3.286461     4.1068   3.287815      96.96     0.0199     2.7146     2.4384  1.9707010  1.1403991   46.99984  -46.83480    34.9025    34.9181     4.0573     4.0576    27.7027    27.7151    6.06450    6.24477         24 0.0000e+00
      26091   1087.084    661.000     4.1047   3.286325     4.1043   3.287617      96.60     0.0156     2.7142     2.4383  1.9706960  1.1404152   46.99984  -46.83480    34.9022    34.9179     4.0554     4.0550    27.7027    27.7152    6.07299    6.25694         18 0.0000e+00
      26108   1087.799    662.000     4.1038   3.286278     4.1033   3.287555      97.02     0.0157     2.7156     2.4389  1.9706960  1.1401250   46.99984  -46.83480    34.9021    34.9177     4.0544     4.0539    27.7027    27.7152    6.08899    6.26668         17 0.0000e+00
      26124   1088.459    663.000     4.1025   3.286188     4.1022   3.287494      96.40     0.0135     2.7164     2.4392  1.9706960  1.1402526   46.99984  -46.83480    34.9019    34.9176     4.0531     4.0527    27.7027    27.7153    6.09529    6.27139         15 0.0000e+00
      26140   1089.133    664.000     4.1021   3.286197     4.1018   3.287499      96.99     0.0150     2.7176     2.4400  1.9706960  1.1395447   46.99984  -46.83480    34.9018    34.9176     4.0526     4.0522    27.7027    27.7153    6.10038    6.27666         17 0.0000e+00
      26159   1089.934    665.000     4.1004   3.286058     4.1004   3.287391      96.87     0.0177     2.7189     2.4407  1.9706444  1.1386889   46.99984  -46.83480    34.9015    34.9172     4.0508     4.0508    27.7026    27.7152    6.10010    6.27656         23 0.0000e+00
      26193   1091.331    666.000     4.0949   3.285539     4.0947   3.286847      85.47     0.0167     2.7208     2.4421  1.9706959  1.1383712   46.99984  -46.83480    34.9007    34.9164     4.0452     4.0450    27.7026    27.7151    6.10756    6.28868         43 0.0000e+00
      26228   1092.799    667.000     4.0808   3.284176     4.0817   3.285593      96.90     0.0136     2.7226     2.4442  1.9706960  1.1379595   46.99984  -46.83480    34.8989    34.9148     4.0312     4.0320    27.7026    27.7152    6.11020    6.29976         25 0.0000e+00
      26249   1093.666    668.000     4.0729   3.283424     4.0727   3.284743      96.66     0.0123     2.7232     2.4451  1.9717870  1.1379732   46.99984  -46.83480    34.8979    34.9137     4.0232     4.0230    27.7027    27.7153    6.10272    6.30297         19 0.0000e+00
      26267   1094.407    669.000     4.0686   3.283035     4.0684   3.284356      96.39     0.0120     2.7229     2.4461  1.9717026  1.1379732   46.99984  -46.83480    34.8973    34.9132     4.0189     4.0186    27.7026    27.7153    6.10435    6.31177         17 0.0000e+00
      26284   1095.115    670.000     4.0618   3.282392     4.0623   3.283781      96.67     0.0147     2.7230     2.4473  1.9711348  1.1376898   46.99984  -46.83480    34.8964    34.9123     4.0120     4.0124    27.7027    27.7153    6.11142    6.31410         17 0.0000e+00
      26301   1095.852    671.000     4.0579   3.282051     4.0577   3.283371      96.49     0.0177     2.7236     2.4479  1.9694796  1.1361459   46.99984  -46.83480    34.8959    34.9118     4.0081     4.0078    27.7027    27.7153    6.11388    6.31246         18 0.0000e+00
      26321   1096.670    672.000     4.0565   3.281962     4.0562   3.283271      84.19     0.0160     2.7239     2.4485  1.9694749  1.1369879   46.99984  -46.83480    34.8959    34.9116     4.0066     4.0063    27.7028    27.7154    6.11340    6.31287         21 0.0000e+00
      26342   1097.541    673.000     4.0588   3.282265     4.0586   3.283581      85.62     0.0152     2.7239     2.4490  1.9694749  1.1347768   46.99984  -46.83480    34.8965    34.9122     4.0088     4.0086    27.7030    27.7156    6.11471    6.31354         21 0.0000e+00
      26362   1098.371    674.000     4.0604   3.282491     4.0602   3.283800      96.75     0.0163     2.7244     2.4495  1.9694749  1.1343125   46.99986  -46.83480    34.8969    34.9127     4.0103     4.0101    27.7032    27.7158    6.11794    6.31238         19 0.0000e+00
      26381   1099.167    675.000     4.0603   3.282528     4.0600   3.283828      96.05     0.0119     2.7246     2.4495  1.9694749  1.1338599   46.99984  -46.83480    34.8970    34.9127     4.0102     4.0098    27.7033    27.7158    6.11256    6.30920         19 0.0000e+00
      26402   1100.033    676.000     4.0600   3.282551     4.0597   3.283845      96.65     0.0129     2.7243     2.4495  1.9694223  1.1330967   46.99984  -46.83480    34.8970    34.9127     4.0098     4.0094    27.7034    27.7159    6.11198    6.30564         23 0.0000e+00
      26429   1101.169    677.000     4.0602   3.282609     4.0600   3.283920      96.73     0.0107     2.7240     2.4489  1.9693990  1.1330892   46.99984  -46.83480    34.8970    34.9127     4.0099     4.0097    27.7033    27.7159    6.11026    6.30202         32 0.0000e+00
      26461   1102.494    678.000     4.0578   3.282433     4.0578   3.283756      95.34     0.0124     2.7237     2.4483  1.9694784  1.1330892   46.99984  -46.83480    34.8969    34.9126     4.0074     4.0074    27.7035    27.7160    6.10881    6.30385         28 0.0000e+00
      26484   1103.457    679.000     4.0554   3.282254     4.0550   3.283540      74.81     0.0154     2.7232     2.4482  1.9674208  1.1334004   46.99984  -46.83480    34.8968    34.9125     4.0049     4.0045    27.7037    27.7162    6.10099    6.30850         20 0.0000e+00
      26503   1104.234    680.000     4.0568   3.282463     4.0561   3.283714      97.05     0.0141     2.7216     2.4482  1.9662796  1.1336333   46.99984  -46.83480    34.8973    34.9129     4.0062     4.0055    27.7040    27.7164    6.10073    6.31067         18 0.0000e+00
      26520   1104.967    681.000     4.0580   3.282646     4.0567   3.283834      96.22     0.0143     2.7221     2.4484  1.9668235  1.1335188   46.99984  -46.83480    34.8977    34.9131     4.0073     4.0060    27.7042    27.7166    6.11327    6.31755         17 0.0000e+00
      26538   1105.704    682.000     4.0604   3.282945     4.0592   3.284150      96.65     0.0156     2.7219     2.4490  1.9678710  1.1330792   46.99984  -46.83480    34.8981    34.9137     4.0097     4.0084    27.7042    27.7168    6.11842    6.32243         18 0.0000e+00
      26556   1106.461    683.000     4.0567   3.282606     4.0574   3.284006      95.82     0.0143     2.7228     2.4494  1.9680620  1.1330892   46.99984  -46.83480    34.8976    34.9134     4.0059     4.0065    27.7042    27.7167    6.12376    6.31814         19 0.0000e+00
      26575   1107.258    684.000     4.0543   3.282416     4.0539   3.283704      96.55     0.0170     2.7231     2.4493  1.9674696  1.1330892   46.99984  -46.83480    34.8973    34.9130     4.0035     4.0030    27.7043    27.7168    6.11506    6.31063         20 0.0000e+00
      26598   1108.226    685.000     4.0535   3.282374     4.0531   3.283659      96.49     0.0165     2.7223     2.4484  1.9670522  1.1330892   46.99984  -46.83480    34.8971    34.9128     4.0026     4.0021    27.7042    27.7167    6.10421    6.29919         28 0.0000e+00
      26632   1109.616    686.000     4.0517   3.282236     4.0512   3.283509      80.80     0.0150     2.7206     2.4466  1.9670329  1.1326029   46.99984  -46.83480    34.8969    34.9125     4.0006     4.0002    27.7043    27.7167    6.09616    6.29176         34 0.0000e+00
      26658   1110.714    687.000     4.0503   3.282164     4.0496   3.283409      97.17     0.0160     2.7190     2.4453  1.9670329  1.1322252   46.99984  -46.83480    34.8970    34.9125     3.9992     3.9985    27.7044    27.7169    6.09382    6.29284         20 0.0000e+00
      26676   1111.461    688.000     4.0513   3.282291     4.0507   3.283569      97.00     0.0168     2.7185     2.4446  1.9652307  1.1326598   46.99984  -46.83480    34.8970    34.9127     4.0001     3.9995    27.7044    27.7169    6.09947    6.29783         17 0.0000e+00
      26692   1112.113    689.000     4.0554   3.282797     4.0543   3.283972      96.06     0.0140     2.7183     2.4446  1.9646024  1.1329217   46.99984  -46.83480    34.8981    34.9134     4.0041     4.0059    27.7048    27.7172    6.10413    6.30411         15 0.0000e+00
      26707   1112.744    690.000     4.0645   3.283789     4.0633   3.284973      95.96     0.0129     2.7181     2.4445  1.9645909  1.1330069   46.99984  -46.83480    34.8997    34.9152     4.0131     4.0120    27.7051    27.7176    6.10423    6.30674         15 0.0000e+00
      26723   1113.403    691.000     4.0647   3.283848     4.0644   3.285145      96.70     0.0147     2.7177     2.4448  1.9663509  1.1325244   46.99984  -46.83480    34.8996    34.9152     4.0132     4.0129    27.7051    27.7175    6.10602    6.31245         17 0.0000e+00
      26741   1114.178    692.000     4.0630   3.283727     4.0628   3.285027      96.73     0.0151     2.7184     2.4452  1.9670645  1.1320603   46.99984  -46.83480    34.8994    34.9151     4.0114     4.0112    27.7051    27.7176    6.11214    6.31081         21 0.0000e+00
      26770   1115.360    693.000     4.0616   3.283629     4.0613   3.284910      83.91     0.0117     2.7183     2.4449  1.9670671  1.1325370   46.99984  -46.83480    34.8992    34.9147     4.0100     4.0096    27.7051    27.7175    6.10809    6.30139         37 0.0000e+00
      26806   1116.891    694.000     4.0607   3.283590     4.0604   3.284876      96.87     0.0149     2.7177     2.4437  1.9668677  1.1329876   46.99984  -46.83480    34.8992    34.9147     4.0090     4.0087    27.7052    27.7175    6.10510    6.29242         31 0.0000e+00
      26832   1117.950    695.000     4.0588   3.283453     4.0586   3.284752      96.76     0.0134     2.7178     2.4427  1.9657795  1.1330928   46.99984  -46.83481    34.8991    34.9146     4.0070     4.0068    27.7053    27.7177    6.10730    6.29032         21 0.0000e+00
