data/CTD/2013/CNV/D021A011.CNV
* Sea-Bird SBE 9 Data File:
* FileName = C:\CTD_ACQUISITION\2013021HUD\ctddata\021A011.hdr
* Software Version Seasave V 7.22.2
* Temperature SN = 5081
* Conductivity SN = 3561
* Number of Bytes Per Scan = 37
* Number of Voltage Words = 4
* Number of Scans Averaged by the Deck Unit = 1
* NMEA Latitude = 46 59.93 N
* NMEA Longitude = 047 21.52 W
* NMEA UTC (Time) = Jul 01 2013 19:37:40
* NMEA baud rate = 9600
** Ship: Hudson
** Cruise: HUD2013021
** Chief_Scientist: Greenan
** Organization: BIO
** Area_of_Operation: Sackville Spur
** Station: 11
** Sounding:  259
** Event_Comments: FC14.5  393109
# nquan = 25
# nvalues = 253                         
# units = specified
# name 0 = scan: Scan Count
# name 1 = timeS: Time, Elapsed [seconds]
# name 2 = prDM: Pressure, Digiquartz [db]
# name 3 = t068C: Temperature [ITS-68, deg C]
# name 4 = c0S/m: Conductivity [S/m]
# name 5 = t168C: Temperature, 2 [ITS-68, deg C]
# name 6 = c1S/m: Conductivity, 2 [S/m]
# name 7 = altM: Altimeter [m]
# name 8 = flCUVA: Fluorescence, Chelsea UV Aquatracka [ug/l]
# name 9 = sbeox0V: Oxygen raw, SBE 43 [V]
# name 10 = sbeox1V: Oxygen raw, SBE 43, 2 [V]
# name 11 = upoly0: Upoly 0, Optode 4330F - O2 D-Phase
# name 12 = upoly1: Upoly 1, Optode 4330F - O2 Temp
# name 13 = latitude: Latitude [deg]
# name 14 = longitude: Longitude [deg]
# name 15 = sal00: Salinity, Practical [PSU]
# name 16 = sal11: Salinity, Practical, 2 [PSU]
# name 17 = potemp068C: Potential Temperature [ITS-68, deg C]
# name 18 = potemp168C: Potential Temperature, 2 [ITS-68, deg C]
# name 19 = sigma-é00: Density [sigma-theta, Kg/m^3]
# name 20 = sigma-é11: Density, 2 [sigma-theta, Kg/m^3]
# name 21 = sbeox0ML/L: Oxygen, SBE 43 [ml/l], WS = 2
# name 22 = sbeox1ML/L: Oxygen, SBE 43, 2 [ml/l], WS = 2
# name 23 = nbin: number of scans per bin
# name 24 = flag: flag
# span 0 =       8658,      16804       
# span 1 =    360.701,    700.112       
# span 2 =      3.000,    255.000       
# span 3 =    -0.7901,     6.5129       
# span 4 =   2.689939,   3.244916       
# span 5 =    -0.7912,     6.5136       
# span 6 =   2.691408,   3.246250       
# span 7 =     -10.40,      97.82       
# span 8 =     0.0132,     0.1899       
# span 9 =     2.6088,     3.4473       
# span 10 =     2.3440,     3.0060      
# span 11 =  1.7134275,  2.1062272      
# span 12 =  0.5558858,  1.4426955      
# span 13 =   46.99924,   46.99968      
# span 14 =  -47.35668,  -47.35660      
# span 15 =    32.3490,    34.2710      
# span 16 =    32.3630,    34.2861      
# span 17 =    -0.7916,     6.5127      
# span 18 =    -0.7927,     6.5134      
# span 19 =    25.3947,    27.3620      
# span 20 =    25.4056,    27.3741      
# span 21 =    5.74876,    8.31215      
# span 22 =    5.92751,    8.05040      
# span 23 =         16,         81      
# span 24 = 0.0000e+00, 0.0000e+00      
# interval = decibars: 1                
# start_time = Jul 01 2013 19:37:40 [NMEA time, header]
# bad_flag = -9.990e-29
*END*
       8658    360.701      3.000     6.5129   3.244916     6.5136   3.246250     -10.40     0.0782     3.3648     3.0060  1.7153156  1.4424467   46.99968  -47.35664    32.3490    32.3630     6.5127     6.5134    25.3947    25.4056    6.99276    7.12139         61 0.0000e+00
       8893    370.501      4.000     6.4911   3.243223     6.4953   3.244806      76.01     0.0820     3.3760     3.0023  1.7140870  1.4425515   46.99966  -47.35664    32.3504    32.3639     6.4908     6.4950    25.3986    25.4087    7.05358    7.12115         52 0.0000e+00
       8918    371.542      5.000     6.4914   3.243292     6.4907   3.244497      72.68     0.0793     3.3812     3.0039  1.7134275  1.4426955   46.99966  -47.35664    32.3504    32.3644     6.4910     6.4903    25.3985    25.4096    7.07458    7.11992         37 0.0000e+00
       8955    373.070      6.000     6.4880   3.243071     6.4875   3.244289      94.04     0.0762     3.3874     3.0043  1.7142671  1.4424576   46.99966  -47.35663    32.3507    32.3647     6.4875     6.4870    25.3992    25.4103    7.08759    7.12689         38 0.0000e+00
       8994    374.724      7.000     6.4758   3.242141     6.4775   3.243541      94.54     0.0753     3.3910     3.0050  1.7142857  1.4403814   46.99966  -47.35662    32.3515    32.3654     6.4752     6.4769    25.4014    25.4122    7.08774    7.12913         38 0.0000e+00
       9029    376.170      8.000     6.4671   3.241507     6.4697   3.242969      62.16     0.0796     3.3941     3.0052  1.7146565  1.4392992   46.99966  -47.35662    32.3523    32.3660     6.4664     6.4690    25.4031    25.4136    7.09772    7.13102         33 0.0000e+00
       9065    377.669      9.000     6.4662   3.241473     6.4644   3.242597      91.08     0.0799     3.3966     3.0054  1.7153827  1.4387455   46.99966  -47.35662    32.3523    32.3664     6.4654     6.4636    25.4033    25.4146    7.10129    7.13095         39 0.0000e+00
       9102    379.200     10.000     6.4771   3.242361     6.4767   3.243577      68.06     0.0838     3.3996     3.0047  1.7155112  1.4378897   46.99966  -47.35662    32.3513    32.3651     6.4762     6.4758    25.4011    25.4120    7.11966    7.12398         32 0.0000e+00
       9130    380.393     11.000     6.4806   3.242689     6.4794   3.243848      85.99     0.0827     3.4025     3.0043  1.7155067  1.4379469   46.99966  -47.35662    32.3511    32.3650     6.4797     6.4785    25.4005    25.4116    7.11779    7.12254         28 0.0000e+00
       9159    381.602     12.000     6.4806   3.242736     6.4810   3.244018      76.56     0.0807     3.4046     3.0033  1.7155067  1.4383256   46.99966  -47.35662    32.3512    32.3649     6.4796     6.4800    25.4006    25.4114    7.13039    7.11511         32 0.0000e+00
       9196    383.136     13.000     6.4818   3.242871     6.4805   3.244022      77.66     0.0802     3.4090     3.0009  1.7142766  1.4383395   46.99966  -47.35662    32.3511    32.3650     6.4807     6.4794    25.4004    25.4115    7.14706    7.10821         39 0.0000e+00
       9233    384.651     14.000     6.4646   3.241586     6.4724   3.243448      74.97     0.0922     3.4131     3.0003  1.7152270  1.4383395   46.99966  -47.35662    32.3527    32.3658     6.4634     6.4713    25.4038    25.4132    7.15682    7.12260         33 0.0000e+00
       9264    385.968     15.000     6.4461   3.240183     6.4466   3.241474      94.81     0.0872     3.4159     3.0009  1.7155088  1.4383395   46.99966  -47.35662    32.3542    32.3680     6.4448     6.4453    25.4074    25.4182    7.15075    7.12862         31 0.0000e+00
       9295    387.267     16.000     6.4275   3.238816     6.4187   3.239384      94.74     0.0890     3.4134     2.9990  1.7155067  1.4383395   46.99966  -47.35662    32.3561    32.3709     6.4262     6.4173    25.4112    25.4240    7.12599    7.09672         31 0.0000e+00
       9324    388.438     17.000     6.4062   3.237147     6.3976   3.237750      86.86     0.0915     3.4124     2.9949  1.7155067  1.4379914   46.99964  -47.35662    32.3575    32.3723     6.4047     6.3962    25.4151    25.4278    7.15045    7.09069         25 0.0000e+00
       9348    389.448     18.000     6.3837   3.235396     6.3772   3.236174      68.53     0.0964     3.4135     2.9916  1.7155067  1.4378041   46.99964  -47.35662    32.3589    32.3737     6.3822     6.3757    25.4190    25.4315    7.15593    7.07878         25 0.0000e+00
       9375    390.600     19.000     6.3780   3.234989     6.3644   3.235200      93.77     0.0967     3.4124     2.9879  1.7163869  1.4341012   46.99964  -47.35662    32.3593    32.3746     6.3765     6.3628    25.4201    25.4338    7.15059    7.10020         32 0.0000e+00
       9415    392.236     20.000     6.3656   3.234052     6.3621   3.235047      67.23     0.0970     3.4163     2.9918  1.7167373  1.4314609   46.99964  -47.35662    32.3603    32.3746     6.3640     6.3605    25.4223    25.4341    7.21844    7.15622         42 0.0000e+00
       9449    393.650     21.000     6.2370   3.223756     6.2569   3.226722      73.04     0.1018     3.4260     2.9964  1.7167277  1.4297702   46.99964  -47.35662    32.3678    32.3818     6.2352     6.2552    25.4444    25.4529    7.26456    7.16603         29 0.0000e+00
       9477    394.819     22.000     6.1577   3.217390     6.1592   3.218899      74.74     0.1021     3.4305     2.9959  1.7178887  1.4278717   46.99964  -47.35661    32.3719    32.3873     6.1560     6.1574    25.4574    25.4694    7.26149    7.15877         27 0.0000e+00
       9506    396.056     23.000     6.0067   3.205342     6.0089   3.206953      88.23     0.1012     3.4322     2.9954  1.7195799  1.4234452   46.99964  -47.35660    32.3810    32.3970     6.0049     6.0070    25.4831    25.4955    7.29804    7.19327         32 0.0000e+00
       9543    397.603     24.000     5.7769   3.187532     5.7744   3.188793      74.47     0.1056     3.4369     2.9955  1.7236540  1.4121238   46.99964  -47.35660    32.4009    32.4175     5.7750     5.7725    25.5265    25.5400    7.35631    7.23917         43 0.0000e+00
       9588    399.451     25.000     5.7295   3.184536     5.7295   3.185864      73.69     0.1102     3.4427     2.9991  1.7277814  1.3961742   46.99964  -47.35660    32.4117    32.4269     5.7275     5.7275    25.5407    25.5528    7.38722    7.28456         42 0.0000e+00
       9626    401.052     26.000     5.6623   3.180041     5.6651   3.181665      81.84     0.1082     3.4473     3.0040  1.7277834  1.3746064   46.99964  -47.35660    32.4260    32.4413     5.6600     5.6630    25.5600    25.5717    7.38296    7.28344         37 0.0000e+00
       9666    402.703     27.000     5.5660   3.173999     5.5665   3.175402      76.87     0.1133     3.4376     2.9942  1.7277200  1.3678392   46.99962  -47.35660    32.4498    32.4651     5.5639     5.5644    25.5900    25.6021    7.28878    7.18498         47 0.0000e+00
       9729    405.341     28.000     5.5322   3.172531     5.5320   3.173839      95.78     0.1135     3.4226     2.9798  1.7277167  1.3532401   46.99962  -47.35660    32.4653    32.4803     5.5300     5.5298    25.6062    25.6181    7.31465    7.19375         70 0.0000e+00
       9783    407.593     29.000     5.4903   3.170404     5.4915   3.171799      57.47     0.1181     3.4163     2.9693  1.7265520  1.3484625   46.99962  -47.35660    32.4811    32.4958     5.4881     5.4892    25.6236    25.6351    7.29391    7.14928         40 0.0000e+00
       9816    408.965     30.000     5.1861   3.149148     5.1977   3.151556      95.18     0.1230     3.4096     2.9599  1.7301749  1.3418496   46.99962  -47.35660    32.5337    32.5500     5.1839     5.1954    25.6999    25.7115    7.30383    7.14506         29 0.0000e+00
       9847    410.238     31.000     4.8256   3.123916     4.8316   3.125898      69.87     0.1416     3.4005     2.9485  1.7342105  1.3363887   46.99962  -47.35660    32.5957    32.6128     4.8234     4.8293    25.7889    25.8017    7.36782    7.17897         35 0.0000e+00
       9895    412.235     32.000     4.4377   3.096858     4.4524   3.099581      79.69     0.1795     3.3987     2.9416  1.7391262  1.3072730   46.99962  -47.35660    32.6634    32.6806     4.4355     4.4502    25.8835    25.8957    7.49795    7.30144         62 0.0000e+00
       9956    414.800     33.000     3.7244   3.039501     3.7341   3.042117      74.55     0.1899     3.4131     2.9478  1.7467910  1.2626038   46.99962  -47.35660    32.6982    32.7196     3.7223     3.7320    25.9821    25.9982    7.75848    7.52870         51 0.0000e+00
       9996    416.439     34.000     3.1235   2.991471     3.1336   2.994200      64.64     0.1857     3.4212     2.9536  1.7562029  1.2252059   46.99962  -47.35660    32.7274    32.7501     3.1216     3.1317    26.0605    26.0777    7.75021    7.53427         34 0.0000e+00
      10030    417.873     35.000     2.7841   2.963725     2.7940   2.966371      93.17     0.1635     3.3991     2.9346  1.7643551  1.1857343   46.99961  -47.35660    32.7352    32.7574     2.7822     2.7920    26.0959    26.1128    7.59468    7.40602         36 0.0000e+00
      10072    419.644     36.000     2.4842   2.940296     2.4917   2.942558      77.43     0.1474     3.3683     2.9077  1.7776067  1.1134586   46.99960  -47.35660    32.7545    32.7746     2.4823     2.4898    26.1358    26.1513    7.66295    7.42575         52 0.0000e+00
      10130    422.032     37.000     2.4562   2.940782     2.4560   2.942250      77.58     0.1364     3.3608     2.8924  1.7828280  1.0613295   46.99960  -47.35660    32.7886    32.8069     2.4543     2.4541    26.1654    26.1801    7.88194    7.59135         54 0.0000e+00
      10177    423.983     38.000     1.8191   2.885509     1.8382   2.889079      91.71     0.1292     3.3896     2.9125  1.7834681  1.0415549   46.99960  -47.35660    32.7588    32.7838     1.8173     1.8364    26.1890    26.2076    8.18091    7.86843         44 0.0000e+00
      10223    425.922     39.000     1.0482   2.818968     1.0613   2.821979      67.73     0.1154     3.4037     2.9238  1.7926068  1.0071886   46.99960  -47.35660    32.7211    32.7459     1.0466     1.0597    26.2100    26.2291    8.28672    8.00138         52 0.0000e+00
      10276    428.114     40.000     0.8193   2.800961     0.8188   2.802488      74.50     0.1015     3.4077     2.9298  1.8114480  0.9347211   46.99960  -47.35660    32.7306    32.7508     0.8177     0.8172    26.2316    26.2478    8.31215    8.05040         46 0.0000e+00
      10314    429.691     41.000     1.2706   2.844909     1.2615   2.845170      95.64     0.0885     3.4088     2.9318  1.8170526  0.8920819   46.99960  -47.35660    32.8177    32.8305     1.2688     1.2597    26.2739    26.2848    8.20974    7.93341         33 0.0000e+00
      10344    430.973     42.000     1.4218   2.860008     1.4112   2.860219      64.33     0.0868     3.4087     2.9309  1.8192452  0.8511383   46.99960  -47.35660    32.8503    32.8642     1.4200     1.4093    26.2903    26.3021    8.13987    7.85284         31 0.0000e+00
      10384    432.640     43.000     1.4759   2.865394     1.4744   2.866438      85.58     0.0981     3.4017     2.9222  1.8153275  0.8606505   46.99960  -47.35660    32.8613    32.8765     1.4740     1.4726    26.2956    26.3079    8.02462    7.73385         56 0.0000e+00
      10467    436.089     44.000     1.5379   2.871724     1.5439   2.873432      75.27     0.0977     3.3638     2.8859  1.8117276  0.8814682   46.99960  -47.35660    32.8758    32.8911     1.5359     1.5419    26.3030    26.3148    7.93227    7.63554         74 0.0000e+00
      10505    437.673     45.000     1.4933   2.869589     1.4928   2.870813      74.27     0.0986     3.3714     2.8899  1.8131986  0.8806366   46.99960  -47.35660    32.8950    32.9111     1.4913     1.4908    26.3214    26.3343    8.10750    7.78414         28 0.0000e+00
      10532    438.790     46.000     1.3851   2.862068     1.3879   2.863603      95.46     0.0986     3.3774     2.8927  1.8165290  0.8689154   46.99960  -47.35660    32.9127    32.9293     1.3831     1.3859    26.3428    26.3559    8.11530    7.78289         27 0.0000e+00
      10562    440.033     47.000     1.0814   2.836625     1.1025   2.839983      67.80     0.0959     3.3779     2.8928  1.8187811  0.8619286   46.99960  -47.35660    32.9076    32.9283     1.0795     1.1006    26.3579    26.3733    8.13873    7.83377         35 0.0000e+00
      10619    442.428     48.000     0.6759   2.802362     0.6701   2.803237      82.42     0.0902     3.3678     2.8845  1.8295003  0.8342001   46.99960  -47.35660    32.8960    32.9135     0.6741     0.6683    26.3728    26.3872    8.07871    7.76636         78 0.0000e+00
      10678    444.892     49.000     0.8395   2.820271     0.8497   2.822475      75.70     0.0884     3.3253     2.8462  1.8395286  0.7890425   46.99960  -47.35660    32.9529    32.9705     0.8376     0.8477    26.4092    26.4227    7.81367    7.49363         37 0.0000e+00
      10719    446.585     50.000     0.7620   2.815406     0.7648   2.816920      75.49     0.0769     3.3075     2.8259  1.8392372  0.7811169   46.99960  -47.35660    32.9719    32.9885     0.7601     0.7628    26.4290    26.4422    7.89759    7.54438         51 0.0000e+00
      10770    448.693     51.000     0.6439   2.807078     0.6464   2.808587      70.93     0.0667     3.2907     2.8086  1.8413937  0.7749374   46.99960  -47.35660    32.9895    33.0063     0.6419     0.6445    26.4499    26.4633    7.89942    7.55769         42 0.0000e+00
      10805    450.152     52.000     0.0474   2.758168     0.0742   2.761343      95.65     0.0595     3.2814     2.8003  1.8447165  0.7684427   46.99960  -47.35660    32.9791    33.0014     0.0457     0.0725    26.4705    26.4887    8.01291    7.67144         32 0.0000e+00
      10838    451.552     53.000    -0.4008   2.720103    -0.3994   2.721800      71.62     0.0479     3.2726     2.7922  1.8496344  0.7579250   46.99960  -47.35660    32.9682    32.9896    -0.4023    -0.4009    26.4840    26.5013    8.10476    7.75394         38 0.0000e+00
      10885    453.518     54.000    -0.4651   2.716022    -0.4641   2.717571      71.89     0.0354     3.2646     2.7848  1.8752562  0.6926290   46.99960  -47.35660    32.9833    33.0030    -0.4666    -0.4657    26.4990    26.5149    8.15604    7.78709         58 0.0000e+00
      10960    456.643     55.000    -0.6262   2.703250    -0.6273   2.704567      78.80     0.0296     3.2654     2.7828  1.8825017  0.6450216   46.99960  -47.35660    32.9869    33.0058    -0.6276    -0.6288    26.5084    26.5237    8.24825    7.87821         73 0.0000e+00
      11006    458.526     56.000    -0.7901   2.689939    -0.7894   2.691408      62.09     0.0283     3.2670     2.7841  1.8911982  0.6347134   46.99960  -47.35660    32.9862    33.0052    -0.7916    -0.7909    26.5139    26.5294    8.27306    7.90145         29 0.0000e+00
      11032    459.615     57.000    -0.7900   2.690325    -0.7912   2.691553      95.42     0.0256     3.2663     2.7832  1.8949589  0.6300807   46.99960  -47.35660    32.9907    33.0085    -0.7915    -0.7927    26.5176    26.5320    8.25274    7.87482         27 0.0000e+00
      11063    460.899     58.000    -0.7532   2.694283    -0.7568   2.695210      69.20     0.0254     3.2644     2.7808  1.9066592  0.5964006   46.99960  -47.35660    33.0032    33.0196    -0.7547    -0.7583    26.5263    26.5398    8.24455    7.86454         38 0.0000e+00
      11118    463.198     59.000    -0.6467   2.704635    -0.6484   2.705674      68.53     0.0255     3.2630     2.7768  1.9093343  0.5848481   46.99960  -47.35660    33.0256    33.0414    -0.6483    -0.6500    26.5404    26.5533    8.22308    7.82128         65 0.0000e+00
