data/CTD/2013/CNV/D021A048.CNV
* Sea-Bird SBE 9 Data File:
* FileName = C:\CTD_ACQUISITION\2013021HUD\ctddata\021A048.hdr
* Software Version Seasave V 7.22.2
* Temperature SN = 5081
* Conductivity SN = 3561
* Number of Bytes Per Scan = 37
* Number of Voltage Words = 4
* Number of Scans Averaged by the Deck Unit = 1
* NMEA Latitude = 48 58.29 N
* NMEA Longitude = 045 52.31 W
* NMEA UTC (Time) = Jul 04 2013 20:38:06
* NMEA baud rate = 9600
** Ship: Hudson
** Cruise: HUD2013021
** Chief_Scientist: Greenan
** Organization: BIO
** Area_of_Operation: Sackville Spur
** Station: 48
** Sounding:  2567
** Event_Comments: SS29  393205
# nquan = 25
# nvalues = 2561                        
# units = specified
# name 0 = scan: Scan Count
# name 1 = timeS: Time, Elapsed [seconds]
# name 2 = prDM: Pressure, Digiquartz [db]
# name 3 = t068C: Temperature [ITS-68, deg C]
# name 4 = c0S/m: Conductivity [S/m]
# name 5 = t168C: Temperature, 2 [ITS-68, deg C]
# name 6 = c1S/m: Conductivity, 2 [S/m]
# name 7 = altM: Altimeter [m]
# name 8 = flCUVA: Fluorescence, Chelsea UV Aquatracka [ug/l]
# name 9 = sbeox0V: Oxygen raw, SBE 43 [V]
# name 10 = sbeox1V: Oxygen raw, SBE 43, 2 [V]
# name 11 = upoly0: Upoly 0, Optode 4330F - O2 D-Phase
# name 12 = upoly1: Upoly 1, Optode 4330F - O2 Temp
# name 13 = latitude: Latitude [deg]
# name 14 = longitude: Longitude [deg]
# name 15 = sal00: Salinity, Practical [PSU]
# name 16 = sal11: Salinity, Practical, 2 [PSU]
# name 17 = potemp068C: Potential Temperature [ITS-68, deg C]
# name 18 = potemp168C: Potential Temperature, 2 [ITS-68, deg C]
# name 19 = sigma-é00: Density [sigma-theta, Kg/m^3]
# name 20 = sigma-é11: Density, 2 [sigma-theta, Kg/m^3]
# name 21 = sbeox0ML/L: Oxygen, SBE 43 [ml/l], WS = 2
# name 22 = sbeox1ML/L: Oxygen, SBE 43, 2 [ml/l], WS = 2
# name 23 = nbin: number of scans per bin
# name 24 = flag: flag
# span 0 =      21398,      78721       
# span 1 =    891.537,   3279.993       
# span 2 =      3.000,   2563.000       
# span 3 =    -1.1682,     8.9492       
# span 4 =   3.162315,   3.625824       
# span 5 =     2.3208,     8.9489       
# span 6 =   3.163605,   3.627174       
# span 7 =       2.32,      99.77       
# span 8 =     0.0039,     0.8886       
# span 9 =     2.1762,     3.3872       
# span 10 =     1.9582,     3.0264      
# span 11 =  1.6630823,  2.1111143      
# span 12 =  0.9144790,  1.7490210      
# span 13 =   48.97214,   48.97364      
# span 14 =  -45.87459,  -45.87250      
# span 15 =    33.8300,    41.0421      
# span 16 =    33.8504,    34.9379      
# span 17 =    -1.2341,     8.9488      
# span 18 =     2.1299,     8.9484      
# span 19 =    26.4345,    33.0413      
# span 20 =    26.4458,    27.9001      
# span 21 =  -24.00507,    6.85705      
# span 22 =    6.09567,    6.98603      
# span 23 =         12,         87      
# span 24 = 0.0000e+00, 0.0000e+00      
# interval = decibars: 1                
# start_time = Jul 04 2013 20:38:06 [NMEA time, header]
# bad_flag = -9.990e-29
*END*
[from data line 928]
      43319   1804.915    931.000     3.7559   3.266512     3.7557   3.267830      96.70     0.0101     2.6300     2.3638  1.9866481  1.0940171   48.97222  -45.87314    34.8966    34.9125     3.6871     3.6868    27.7362    27.7489    6.07640    6.27634         15 0.0000e+00
      43335   1805.590    932.000     3.7547   3.266470     3.7544   3.267780      96.70     0.0134     2.6295     2.3637  1.9878007  1.0940171   48.97222  -45.87314    34.8968    34.9127     3.6859     3.6855    27.7365    27.7492    6.07787    6.27726         17 0.0000e+00
      43354   1806.370    933.000     3.7548   3.266530     3.7544   3.267837      96.70     0.0157     2.6292     2.3632  1.9877900  1.0940171   48.97222  -45.87314    34.8970    34.9129     3.6858     3.6854    27.7366    27.7493    6.07877    6.28234         22 0.0000e+00
      43381   1807.480    934.000     3.7550   3.266587     3.7545   3.267888      96.70     0.0154     2.6289     2.3635  1.9870181  1.0940171   48.97222  -45.87314    34.8970    34.9128     3.6859     3.6855    27.7366    27.7493    6.07410    6.28258         32 0.0000e+00
      43411   1808.759    935.000     3.7547   3.266601     3.7543   3.267917      96.69     0.0144     2.6277     2.3625  1.9873286  1.0940171   48.97222  -45.87314    34.8969    34.9129     3.6856     3.6852    27.7366    27.7494    6.06490    6.26988         26 0.0000e+00
      43434   1809.699    936.000     3.7547   3.266660     3.7543   3.267965      96.69     0.0138     2.6267     2.3620  1.9888455  1.0940171   48.97222  -45.87314    34.8971    34.9130     3.6855     3.6850    27.7368    27.7495    6.06475    6.27804         20 0.0000e+00
      43452   1810.475    937.000     3.7549   3.266733     3.7545   3.268038      96.68     0.0161     2.6257     2.3616  1.9889425  1.0940171   48.97222  -45.87314    34.8972    34.9131     3.6856     3.6852    27.7369    27.7496    6.06181    6.27700         18 0.0000e+00
      43470   1811.210    938.000     3.7548   3.266758     3.7545   3.268078      96.68     0.0168     2.6255     2.3615  1.9888672  1.0940171   48.97222  -45.87314    34.8971    34.9131     3.6854     3.6851    27.7368    27.7496    6.06345    6.27836         17 0.0000e+00
      43488   1811.956    939.000     3.7547   3.266799     3.7544   3.268123      96.55     0.0170     2.6245     2.3614  1.9890745  1.0940171   48.97224  -45.87312    34.8972    34.9132     3.6852     3.6849    27.7369    27.7497    6.05997    6.27598         19 0.0000e+00
      43507   1812.739    940.000     3.7546   3.266835     3.7542   3.268153      96.68     0.0122     2.6239     2.3609  1.9890119  1.0940171   48.97224  -45.87312    34.8972    34.9133     3.6851     3.6846    27.7369    27.7497    6.06662    6.27263         19 0.0000e+00
      43527   1813.572    941.000     3.7547   3.266883     3.7542   3.268192      96.68     0.0143     2.6237     2.3604  1.9890109  1.0940171   48.97224  -45.87312    34.8971    34.9132     3.6851     3.6846    27.7368    27.7497    6.07241    6.27697         21 0.0000e+00
      43548   1814.461    942.000     3.7548   3.266933     3.7544   3.268236      96.68     0.0168     2.6237     2.3604  1.9890653  1.0940171   48.97224  -45.87312    34.8971    34.9130     3.6851     3.6846    27.7369    27.7496    6.07523    6.27894         22 0.0000e+00
      43571   1815.410    943.000     3.7551   3.266995     3.7546   3.268315      96.68     0.0138     2.6241     2.3601  1.9894328  1.0940171   48.97224  -45.87312    34.8971    34.9132     3.6853     3.6848    27.7368    27.7497    6.07548    6.27960         23 0.0000e+00
      43594   1816.355    944.000     3.7551   3.267047     3.7548   3.268373      96.68     0.0154     2.6238     2.3600  1.9904544  1.0940171   48.97224  -45.87312    34.8971    34.9132     3.6853     3.6849    27.7368    27.7496    6.07817    6.27727         22 0.0000e+00
      43614   1817.223    945.000     3.7548   3.267059     3.7546   3.268401      96.68     0.0137     2.6241     2.3597  1.9897488  1.0940171   48.97224  -45.87312    34.8971    34.9132     3.6848     3.6846    27.7368    27.7497    6.07218    6.28257         20 0.0000e+00
      43634   1818.039    946.000     3.7541   3.267038     3.7537   3.268363      96.68     0.0164     2.6235     2.3599  1.9900380  1.0940171   48.97224  -45.87312    34.8970    34.9132     3.6841     3.6837    27.7369    27.7497    6.06767    6.28597         19 0.0000e+00
      43653   1818.843    947.000     3.7540   3.267075     3.7536   3.268392      96.68     0.0168     2.6232     2.3599  1.9897476  1.0940171   48.97224  -45.87312    34.8970    34.9131     3.6839     3.6835    27.7369    27.7498    6.07579    6.27720         20 0.0000e+00
      43673   1819.673    948.000     3.7542   3.267140     3.7538   3.268454      70.79     0.0147     2.6233     2.3592  1.9894435  1.0940171   48.97224  -45.87312    34.8971    34.9132     3.6840     3.6835    27.7369    27.7498    6.07542    6.26866         20 0.0000e+00
      43694   1820.562    949.000     3.7542   3.267193     3.7538   3.268504      95.71     0.0156     2.6231     2.3583  1.9895658  1.0940171   48.97224  -45.87312    34.8972    34.9132     3.6840     3.6835    27.7370    27.7498    6.06900    6.26689         22 0.0000e+00
      43718   1821.552    950.000     3.7543   3.267245     3.7539   3.268551      96.69     0.0154     2.6221     2.3575  1.9925086  1.0940171   48.97226  -45.87312    34.8972    34.9131     3.6840     3.6836    27.7370    27.7497    6.06464    6.27150         25 0.0000e+00
      43743   1822.591    951.000     3.7546   3.267312     3.7542   3.268628      96.68     0.0133     2.6214     2.3574  1.9926273  1.0940171   48.97226  -45.87312    34.8972    34.9133     3.6841     3.6837    27.7370    27.7498    6.06175    6.27289         24 0.0000e+00
      43765   1823.512    952.000     3.7552   3.267437     3.7547   3.268735      96.68     0.0171     2.6205     2.3566  1.9894946  1.0940171   48.97226  -45.87312    34.8975    34.9135     3.6847     3.6841    27.7372    27.7500    6.05408    6.26453         21 0.0000e+00
      43784   1824.304    953.000     3.7560   3.267580     3.7554   3.268870      96.26     0.0167     2.6194     2.3560  1.9892849  1.0940171   48.97226  -45.87312    34.8979    34.9139     3.6854     3.6847    27.7374    27.7502    6.05207    6.26213         18 0.0000e+00
      43802   1825.050    954.000     3.7565   3.267686     3.7560   3.268991      96.64     0.0175     2.6188     2.3553  1.9912838  1.0940171   48.97226  -45.87312    34.8981    34.9141     3.6858     3.6852    27.7376    27.7504    6.05481    6.26047         18 0.0000e+00
      43821   1825.814    955.000     3.7569   3.267790     3.7564   3.269099      96.67     0.0147     2.6183     2.3547  1.9926395  1.0940171   48.97226  -45.87312    34.8984    34.9144     3.6861     3.6856    27.7378    27.7505    6.05420    6.25988         19 0.0000e+00
      43841   1826.667    956.000     3.7571   3.267869     3.7567   3.269178      96.68     0.0123     2.6172     2.3539  1.9926740  1.0940171   48.97227  -45.87312    34.8986    34.9145     3.6862     3.6859    27.7379    27.7506    6.04741    6.25827         22 0.0000e+00
      43865   1827.651    957.000     3.7571   3.267916     3.7564   3.269219      96.68     0.0119     2.6161     2.3531  1.9926740  1.0940171   48.97228  -45.87312    34.8987    34.9148     3.6861     3.6855    27.7380    27.7509    6.04595    6.25332         24 0.0000e+00
      43887   1828.601    958.000     3.7567   3.267930     3.7565   3.269268      96.68     0.0100     2.6149     2.3520  1.9926740  1.0940171   48.97228  -45.87312    34.8987    34.9148     3.6856     3.6854    27.7381    27.7509    6.04251    6.25007         21 0.0000e+00
      43907   1829.405    959.000     3.7561   3.267931     3.7559   3.269260      96.68     0.0106     2.6143     2.3513  1.9926740  1.0940171   48.97228  -45.87312    34.8988    34.9148     3.6850     3.6848    27.7382    27.7510    6.05370    6.25407         18 0.0000e+00
      43924   1830.145    960.000     3.7563   3.268004     3.7559   3.269316      96.61     0.0132     2.6143     2.3509  1.9926740  1.0940171   48.97228  -45.87312    34.8989    34.9150     3.6851     3.6847    27.7383    27.7511    6.05028    6.25908         18 0.0000e+00
      43943   1830.922    961.000     3.7569   3.268127     3.7563   3.269416      96.55     0.0132     2.6137     2.3509  1.9929731  1.0940171   48.97228  -45.87312    34.8993    34.9152     3.6856     3.6850    27.7385    27.7512    6.04560    6.25682         20 0.0000e+00
      43966   1831.870    962.000     3.7574   3.268284     3.7570   3.269587      96.66     0.0125     2.6128     2.3500  1.9929564  1.0940171   48.97228  -45.87312    34.9001    34.9160     3.6860     3.6856    27.7391    27.7518    6.04483    6.25181         26 0.0000e+00
      43993   1833.008    963.000     3.7574   3.268377     3.7571   3.269687      96.66     0.0127     2.6117     2.3493  1.9928997  1.0940171   48.97229  -45.87312    34.9007    34.9166     3.6860     3.6856    27.7396    27.7523    6.04238    6.24918         27 0.0000e+00
      44017   1834.009    964.000     3.7574   3.268440     3.7571   3.269749      96.66     0.0172     2.6115     2.3487  1.9927306  1.0940171   48.97230  -45.87312    34.9009    34.9168     3.6859     3.6855    27.7398    27.7525    6.04939    6.25346         21 0.0000e+00
      44037   1834.850    965.000     3.7575   3.268507     3.7571   3.269819      96.66     0.0179     2.6113     2.3483  1.9931601  1.0940171   48.97230  -45.87312    34.9011    34.9171     3.6859     3.6855    27.7399    27.7527    6.04060    6.25470         20 0.0000e+00
      44057   1835.659    966.000     3.7573   3.268540     3.7570   3.269855      96.66     0.0164     2.6101     2.3483  1.9938884  1.0940171   48.97230  -45.87312    34.9011    34.9172     3.6857     3.6853    27.7400    27.7528    6.03555    6.25765         19 0.0000e+00
      44077   1836.496    967.000     3.7578   3.268652     3.7574   3.269964      96.22     0.0148     2.6096     2.3480  1.9938949  1.0940171   48.97230  -45.87312    34.9015    34.9175     3.6860     3.6856    27.7402    27.7530    6.03787    6.24586         21 0.0000e+00
      44098   1837.371    968.000     3.7581   3.268728     3.7577   3.270049      96.44     0.0153     2.6086     2.3468  1.9938949  1.0940171   48.97230  -45.87312    34.9015    34.9176     3.6863     3.6858    27.7402    27.7531    6.03436    6.24067         21 0.0000e+00
      44119   1838.245    969.000     3.7582   3.268779     3.7578   3.270106      96.65     0.0128     2.6082     2.3463  1.9938949  1.0940171   48.97230  -45.87312    34.9015    34.9177     3.6863     3.6859    27.7402    27.7531    6.03636    6.24420         21 0.0000e+00
      44139   1839.093    970.000     3.7583   3.268844     3.7577   3.270131      96.65     0.0100     2.6072     2.3455  1.9942566  1.0940171   48.97230  -45.87312    34.9017    34.9176     3.6863     3.6857    27.7404    27.7531    6.02834    6.24366         20 0.0000e+00
      44159   1839.925    971.000     3.7584   3.268898     3.7579   3.270202      96.65     0.0105     2.6064     2.3453  1.9947426  1.0940171   48.97230  -45.87312    34.9017    34.9177     3.6863     3.6858    27.7403    27.7531    6.03468    6.24724         20 0.0000e+00
      44180   1840.780    972.000     3.7586   3.268956     3.7581   3.270257      96.65     0.0087     2.6064     2.3448  1.9945948  1.0940171   48.97231  -45.87312    34.9017    34.9176     3.6864     3.6859    27.7404    27.7531    6.04303    6.24350         21 0.0000e+00
      44202   1841.725    973.000     3.7590   3.269050     3.7587   3.270373      96.65     0.0100     2.6063     2.3441  1.9939994  1.0940171   48.97232  -45.87312    34.9018    34.9179     3.6868     3.6864    27.7404    27.7533    6.03766    6.24222         24 0.0000e+00
      44227   1842.749    974.000     3.7592   3.269115     3.7588   3.270437      96.65     0.0096     2.6056     2.3438  1.9947747  1.0940690   48.97232  -45.87312    34.9019    34.9180     3.6868     3.6864    27.7405    27.7533    6.03452    6.24454         24 0.0000e+00
      44250   1843.695    975.000     3.7594   3.269190     3.7590   3.270508      96.65     0.0129     2.6053     2.3434  1.9983029  1.0940756   48.97232  -45.87313    34.9020    34.9181     3.6870     3.6866    27.7406    27.7534    6.04308    6.24900         21 0.0000e+00
      44269   1844.505    976.000     3.7595   3.269261     3.7592   3.270582      65.70     0.0147     2.6055     2.3435  1.9981359  1.0941461   48.97232  -45.87314    34.9023    34.9183     3.6870     3.6866    27.7407    27.7536    6.03488    6.24570         19 0.0000e+00
      44287   1845.248    977.000     3.7597   3.269320     3.7593   3.270635      94.43     0.0139     2.6046     2.3430  1.9975592  1.0942324   48.97232  -45.87314    34.9022    34.9183     3.6871     3.6866    27.7407    27.7536    6.02998    6.24657         17 0.0000e+00
      44305   1845.983    978.000     3.7598   3.269377     3.7594   3.270690      96.67     0.0129     2.6042     2.3431  1.9975580  1.0943570   48.97232  -45.87314    34.9023    34.9183     3.6871     3.6867    27.7408    27.7536    6.03111    6.24523         18 0.0000e+00
      44324   1846.794    979.000     3.7600   3.269446     3.7595   3.270757      96.65     0.0147     2.6035     2.3423  1.9975580  1.0944046   48.97233  -45.87314    34.9025    34.9185     3.6872     3.6893    27.7409    27.7537    6.03199    6.23618         22 0.0000e+00
      44348   1847.812    980.000     3.7601   3.269490     3.7597   3.270802      96.65     0.0118     2.6033     2.3414  1.9975580  1.0940696   48.97234  -45.87314    34.9023    34.9183     3.6872     3.6869    27.7408    27.7535    6.03199    6.23275         27 0.0000e+00
      44376   1848.960    981.000     3.7603   3.269552     3.7599   3.270874      96.11     0.0104     2.6023     2.3402  1.9981807  1.0946389   48.97234  -45.87314    34.9024    34.9185     3.6873     3.6869    27.7408    27.7536    6.02160    6.22603         26 0.0000e+00
      44399   1849.901    982.000     3.7604   3.269626     3.7600   3.270933      96.58     0.0120     2.6008     2.3391  1.9988436  1.0951800   48.97234  -45.87314    34.9026    34.9185     3.6874     3.6869    27.7410    27.7537    6.01870    6.22407         20 0.0000e+00
      44418   1850.691    983.000     3.7605   3.269693     3.7601   3.270997      96.65     0.0132     2.6005     2.3384  1.9987787  1.0950340   48.97234  -45.87314    34.9027    34.9187     3.6874     3.6870    27.7411    27.7538    6.02337    6.22055         18 0.0000e+00
      44435   1851.426    984.000     3.7608   3.269758     3.7603   3.271075      96.65     0.0123     2.5999     2.3372  1.9987789  1.0952351   48.97234  -45.87314    34.9027    34.9188     3.6876     3.6871    27.7410    27.7539    6.01573    6.21882         18 0.0000e+00
      44453   1852.172    985.000     3.7611   3.269843     3.7606   3.271149      96.64     0.0114     2.5989     2.3368  1.9987789  1.0952381   48.97234  -45.87314    34.9029    34.9189     3.6878     3.6873    27.7412    27.7540    6.01408    6.22656         18 0.0000e+00
      44473   1852.995    986.000     3.7608   3.269888     3.7604   3.271186      96.65     0.0128     2.5980     2.3364  1.9987789  1.0951804   48.97234  -45.87314    34.9032    34.9190     3.6875     3.6871    27.7414    27.7541    6.01695    6.22869         21 0.0000e+00
      44496   1853.956    987.000     3.7593   3.269821     3.7589   3.271137      96.64     0.0112     2.5978     2.3359  1.9987789  1.0948480   48.97235  -45.87314    34.9035    34.9196     3.6859     3.6854    27.7418    27.7547    6.02026    6.22863         25 0.0000e+00
