data/CTD/2013/CNV/D021A020.CNV
* Sea-Bird SBE 9 Data File:
* FileName = C:\CTD_ACQUISITION\2013021HUD\ctddata\021A020.hdr
* Software Version Seasave V 7.22.2
* Temperature SN = 5081
* Conductivity SN = 3561
* Number of Bytes Per Scan = 37
* Number of Voltage Words = 4
* Number of Scans Averaged by the Deck Unit = 1
* NMEA Latitude = 47 00.01 N
* NMEA Longitude = 046 33.55 W
* NMEA UTC (Time) = Jul 02 2013 06:15:01
* NMEA baud rate = 9600
** Ship: Hudson
** Cruise: HUD2013021
** Chief_Scientist: Greenan
** Organization: BIO
** Area_of_Operation: Sackville Spur
** Station: 20
** Sounding:  440
** Event_Comments: FC19.5  393127
# nquan = 25
# nvalues = 422                         
# units = specified
# name 0 = scan: Scan Count
# name 1 = timeS: Time, Elapsed [seconds]
# name 2 = prDM: Pressure, Digiquartz [db]
# name 3 = t068C: Temperature [ITS-68, deg C]
# name 4 = c0S/m: Conductivity [S/m]
# name 5 = t168C: Temperature, 2 [ITS-68, deg C]
# name 6 = c1S/m: Conductivity, 2 [S/m]
# name 7 = altM: Altimeter [m]
# name 8 = flCUVA: Fluorescence, Chelsea UV Aquatracka [ug/l]
# name 9 = sbeox0V: Oxygen raw, SBE 43 [V]
# name 10 = sbeox1V: Oxygen raw, SBE 43, 2 [V]
# name 11 = upoly0: Upoly 0, Optode 4330F - O2 D-Phase
# name 12 = upoly1: Upoly 1, Optode 4330F - O2 Temp
# name 13 = latitude: Latitude [deg]
# name 14 = longitude: Longitude [deg]
# name 15 = sal00: Salinity, Practical [PSU]
# name 16 = sal11: Salinity, Practical, 2 [PSU]
# name 17 = potemp068C: Potential Temperature [ITS-68, deg C]
# name 18 = potemp168C: Potential Temperature, 2 [ITS-68, deg C]
# name 19 = sigma-é00: Density [sigma-theta, Kg/m^3]
# name 20 = sigma-é11: Density, 2 [sigma-theta, Kg/m^3]
# name 21 = sbeox0ML/L: Oxygen, SBE 43 [ml/l], WS = 2
# name 22 = sbeox1ML/L: Oxygen, SBE 43, 2 [ml/l], WS = 2
# name 23 = nbin: number of scans per bin
# name 24 = flag: flag
# span 0 =       8859,      20931       
# span 1 =    369.069,    872.091       
# span 2 =      3.000,    424.000       
# span 3 =     2.7221,     6.5771       
# span 4 =   3.066748,   3.347639       
# span 5 =     2.7219,     6.5775       
# span 6 =   3.067945,   3.349006       
# span 7 =       4.56,      99.03       
# span 8 =     0.0111,     0.2565       
# span 9 =     2.6297,     3.4004       
# span 10 =     2.3651,     3.0152      
# span 11 =  1.7179014,  2.0427541      
# span 12 =  0.9731476,  1.4519898      
# span 13 =   47.00082,   47.00146      
# span 14 =  -46.55889,  -46.55786      
# span 15 =    32.7638,    34.9237      
# span 16 =    32.7783,    34.9390      
# span 17 =     2.7161,     6.5766      
# span 18 =     2.7159,     6.5771      
# span 19 =    25.7139,    27.6717      
# span 20 =    25.7248,    27.6841      
# span 21 =    5.38352,    7.56559      
# span 22 =    5.57151,    7.70275      
# span 23 =         13,         95      
# span 24 = 0.0000e+00, 0.0000e+00      
# interval = decibars: 1                
# start_time = Jul 02 2013 06:15:01 [NMEA time, header]
# bad_flag = -9.990e-29
*END*
[from data line 232]
      16566    690.201    235.000     4.1691   3.261708     4.1685   3.262899      96.66     0.0200     2.7777     2.4951  1.9754053  1.1276332   47.00134  -46.55796    34.7686    34.7838     4.1523     4.1516    27.5862    27.5984    5.91241    6.08440         26 0.0000e+00
      16591    691.261    236.000     4.1705   3.261882     4.1709   3.263247      96.50     0.0179     2.7787     2.4957  1.9780481  1.1356099   47.00134  -46.55796    34.7687    34.7845     4.1536     4.1540    27.5861    27.5986    5.90823    6.07677         25 0.0000e+00
      16614    692.194    237.000     4.1850   3.263437     4.1849   3.264748      44.31     0.0180     2.7763     2.4926  1.9785752  1.1359614   47.00136  -46.55796    34.7712    34.7869     4.1680     4.1693    27.5866    27.5991    5.80938    5.98010         20 0.0000e+00
      16633    692.998    238.000     4.1926   3.264286     4.1914   3.265499      98.21     0.0184     2.7650     2.4826  1.9805088  1.1378820   47.00136  -46.55796    34.7727    34.7883     4.1756     4.1742    27.5870    27.5996    5.69819    5.88158         18 0.0000e+00
      16650    693.722    239.000     4.2099   3.266115     4.2106   3.267546      53.37     0.0199     2.7524     2.4718  1.9805372  1.1375368   47.00136  -46.55797    34.7756    34.7919     4.1926     4.1934    27.5875    27.6003    5.63825    5.82756         17 0.0000e+00
      16667    694.433    240.000     4.2205   3.267251     4.2197   3.268502      57.42     0.0197     2.7390     2.4604  1.9804645  1.1388471   47.00136  -46.55798    34.7772    34.7928     4.2032     4.2024    27.5877    27.6001    5.59735    5.79723         18 0.0000e+00
      16686    695.191    241.000     4.2362   3.268951     4.2327   3.269965      95.90     0.0222     2.7260     2.4499  1.9804640  1.1403797   47.00136  -46.55798    34.7802    34.7959     4.2188     4.2153    27.5883    27.6012    5.57593    5.78887         19 0.0000e+00
      16706    696.047    242.000     4.3048   3.276215     4.2994   3.277133      49.94     0.0233     2.7123     2.4397  1.9807366  1.1408514   47.00139  -46.55799    34.7930    34.8095     4.2872     4.2818    27.5911    27.6049    5.55336    5.76310         22 0.0000e+00
      16729    696.993    243.000     4.3828   3.284438     4.3692   3.284485      96.29     0.0191     2.6996     2.4289  1.9828901  1.1452665   47.00140  -46.55800    34.8070    34.8219     4.3649     4.3514    27.5939    27.6072    5.52174    5.73542         23 0.0000e+00
      16752    697.938    244.000     4.6054   3.308323     4.5827   3.307584      92.50     0.0189     2.6875     2.4200  1.9829060  1.1452992   47.00141  -46.55800    34.8523    34.8676     4.5871     4.5643    27.6053    27.6200    5.48094    5.69708         22 0.0000e+00
      16772    698.802    245.000     4.6867   3.317149     4.6830   3.318036      49.71     0.0221     2.6797     2.4130  1.9816703  1.1536233   47.00142  -46.55800    34.8695    34.8837     4.6680     4.6644    27.6100    27.6217    5.46485    5.67248         19 0.0000e+00
      16791    699.601    246.000     4.7070   3.319435     4.7062   3.320614      71.01     0.0259     2.6715     2.4068  1.9818164  1.1538535   47.00142  -46.55800    34.8744    34.8889     4.6882     4.6875    27.6116    27.6232    5.44328    5.65149         19 0.0000e+00
      16811    700.413    247.000     4.7346   3.322431     4.7335   3.323620      96.63     0.0233     2.6646     2.4002  1.9823221  1.1689500   47.00142  -46.55800    34.8796    34.8948     4.7158     4.7147    27.6127    27.6248    5.42824    5.62662         21 0.0000e+00
      16832    701.298    248.000     4.7584   3.324939     4.7554   3.325906      96.94     0.0214     2.6576     2.3935  1.9828966  1.1854891   47.00142  -46.55802    34.8835    34.8978     4.7394     4.7365    27.6130    27.6247    5.41207    5.61518         22 0.0000e+00
      16855    702.230    249.000     4.8024   3.329663     4.7912   3.329950      96.84     0.0183     2.6505     2.3876  1.9854060  1.1894255   47.00142  -46.55802    34.8918    34.9061     4.7832     4.7721    27.6146    27.6272    5.40044    5.60661         22 0.0000e+00
      16876    703.126    250.000     4.8283   3.332414     4.8248   3.333309      96.93     0.0171     2.6451     2.3826  1.9912833  1.1989728   47.00142  -46.55800    34.8961    34.9102     4.8090     4.8055    27.6151    27.6267    5.39974    5.59617         21 0.0000e+00
      16896    703.939    251.000     4.8337   3.333053     4.8278   3.333742      54.28     0.0179     2.6418     2.3790  1.9913174  1.1989554   47.00142  -46.55800    34.8973    34.9116     4.8144     4.8084    27.6154    27.6274    5.40594    5.59894         18 0.0000e+00
      16914    704.693    252.000     4.8714   3.337074     4.8663   3.337927      56.49     0.0195     2.6393     2.3762  1.9977387  1.2062649   47.00142  -46.55800    34.9040    34.9193     4.8519     4.8468    27.6165    27.6292    5.40273    5.58946         18 0.0000e+00
      16932    705.449    253.000     4.9016   3.340261     4.8980   3.341251      94.32     0.0183     2.6373     2.3737  1.9987655  1.2075533   47.00142  -46.55800    34.9088    34.9241     4.8819     4.8784    27.6169    27.6293    5.39074    5.57822         19 0.0000e+00
      16951    706.264    254.000     4.9272   3.343009     4.9251   3.344111      96.74     0.0167     2.6348     2.3707  2.0011408  1.2101742   47.00142  -46.55800    34.9133    34.9284     4.9074     4.9053    27.6175    27.6297    5.38628    5.57287         20 0.0000e+00
      16973    707.173    255.000     4.9369   3.344089     4.9361   3.345298      49.47     0.0183     2.6327     2.3687  2.0060880  1.2161609   47.00144  -46.55800    34.9153    34.9301     4.9170     4.9162    27.6179    27.6297    5.38352    5.57454         23 0.0000e+00
      16995    708.091    256.000     4.9388   3.344343     4.9381   3.345574      97.28     0.0167     2.6309     2.3666  2.0068676  1.2169967   47.00144  -46.55802    34.9156    34.9307     4.9188     4.9181    27.6180    27.6300    5.38598    5.57151         21 0.0000e+00
      17016    708.947    257.000     4.9452   3.345054     4.9443   3.346267      54.33     0.0137     2.6297     2.3654  2.0122702  1.2253060   47.00144  -46.55802    34.9167    34.9317     4.9251     4.9242    27.6181    27.6301    5.39148    5.57989         20 0.0000e+00
      17036    709.776    258.000     4.9511   3.345701     4.9500   3.346921      83.61     0.0140     2.6297     2.3651  2.0122101  1.2250909   47.00144  -46.55802    34.9178    34.9328     4.9310     4.9298    27.6183    27.6303    5.40891    5.58959         20 0.0000e+00
      17056    710.629    259.000     4.9532   3.345958     4.9525   3.347206      80.99     0.0119     2.6313     2.3654  2.0176418  1.2279330   47.00144  -46.55802    34.9178    34.9329     4.9329     4.9322    27.6180    27.6302    5.41803    5.60099         21 0.0000e+00
      17079    711.563    260.000     4.9551   3.346178     4.9554   3.347528      72.09     0.0118     2.6322     2.3668  2.0195377  1.2288368   47.00144  -46.55802    34.9177    34.9331     4.9348     4.9350    27.6178    27.6300    5.42275    5.61338         24 0.0000e+00
      17103    712.570    261.000     4.9598   3.346712     4.9595   3.347991      29.57     0.0121     2.6344     2.3687  2.0234816  1.2308345   47.00144  -46.55802    34.9185    34.9337     4.9394     4.9390    27.6179    27.6300    5.43771    5.61862         24 0.0000e+00
      17125    713.495    262.000     4.9611   3.346893     4.9611   3.348215      60.90     0.0156     2.6372     2.3697  2.0256791  1.2320106   47.00144  -46.55802    34.9187    34.9340     4.9406     4.9406    27.6179    27.6300    5.44909    5.61477         20 0.0000e+00
      17144    714.287    263.000     4.9575   3.346572     4.9574   3.347868      96.58     0.0141     2.6386     2.3705  2.0273018  1.2329590   47.00144  -46.55802    34.9182    34.9333     4.9369     4.9368    27.6179    27.6299    5.44158    5.60971         18 0.0000e+00
      17161    715.010    264.000     4.9444   3.345279     4.9449   3.346583      45.46     0.0164     2.6394     2.3702  2.0312977  1.2348895   47.00142  -46.55802    34.9164    34.9310     4.9238     4.9243    27.6180    27.6296    5.43192    5.60391         17 0.0000e+00
      17178    715.724    265.000     4.9217   3.343018     4.9223   3.344366      81.91     0.0134     2.6391     2.3696  2.0310690  1.2348394   47.00142  -46.55802    34.9135    34.9285     4.9010     4.9016    27.6183    27.6302    5.42608    5.60213         18 0.0000e+00
      17197    716.485    266.000     4.9155   3.342410     4.9157   3.343765      96.30     0.0133     2.6381     2.3690  2.0343788  1.2356373   47.00142  -46.55802    34.9124    34.9279     4.8947     4.8949    27.6182    27.6305    5.41429    5.59495         19 0.0000e+00
      17216    717.308    267.000     4.9140   3.342346     4.9136   3.343629      96.68     0.0132     2.6364     2.3674  2.0366185  1.2361391   47.00142  -46.55802    34.9127    34.9280     4.8932     4.8928    27.6186    27.6308    5.40979    5.59808         20 0.0000e+00
      17237    718.166    268.000     4.9183   3.342847     4.9172   3.344105      36.57     0.0112     2.6352     2.3678  2.0371530  1.2354794   47.00142  -46.55802    34.9135    34.9292     4.8974     4.8963    27.6188    27.6313    5.43474    5.63276         21 0.0000e+00
      17258    719.048    269.000     4.9311   3.344259     4.9294   3.345453      29.84     0.0134     2.6383     2.3710  2.0390408  1.2339033   47.00142  -46.55802    34.9160    34.9316     4.9100     4.9084    27.6193    27.6318    5.48775    5.67099         22 0.0000e+00
      17281    720.018    270.000     4.9474   3.346080     4.9462   3.347320      96.26     0.0150     2.6446     2.3764  2.0388184  1.2340755   47.00142  -46.55802    34.9194    34.9351     4.9263     4.9251    27.6201    27.6327    5.52223    5.69198         24 0.0000e+00
      17306    721.047    271.000     4.9602   3.347545     4.9591   3.348775      96.73     0.0149     2.6524     2.3813  2.0366180  1.2351710   47.00143  -46.55802    34.9225    34.9379     4.9390     4.9379    27.6211    27.6334    5.54331    5.69946         25 0.0000e+00
      17329    721.983    272.000     4.9596   3.347639     4.9602   3.349006      49.56     0.0202     2.6585     2.3859  2.0366302  1.2351035   47.00144  -46.55804    34.9237    34.9389     4.9383     4.9389    27.6221    27.6341    5.54883    5.71300         20 0.0000e+00
      17347    722.764    273.000     4.9491   3.346732     4.9496   3.348097      84.05     0.0188     2.6628     2.3893  2.0378730  1.2380027   47.00144  -46.55804    34.9236    34.9390     4.9277     4.9282    27.6233    27.6354    5.55710    5.72331         17 0.0000e+00
      17363    723.435    274.000     4.9300   3.344981     4.9327   3.346461      63.16     0.0138     2.6665     2.3923  2.0378511  1.2380947   47.00144  -46.55804    34.9228    34.9371     4.9086     4.9113    27.6249    27.6359    5.56527    5.73188         16 0.0000e+00
      17378    724.058    275.000     4.8710   3.339301     4.8754   3.340851      95.84     0.0132     2.6697     2.3947  2.0378511  1.2380953   47.00144  -46.55804    34.9182    34.9315     4.8497     4.8540    27.6279    27.6381    5.57795    5.74426         14 0.0000e+00
      17394    724.688    276.000     4.8413   3.336480     4.8425   3.337918      76.36     0.0181     2.6718     2.3971  2.0412123  1.2393175   47.00144  -46.55804    34.9161    34.9314     4.8199     4.8211    27.6297    27.6418    5.59023    5.75065         16 0.0000e+00
      17410    725.387    277.000     4.8299   3.335407     4.8305   3.336799      51.90     0.0232     2.6753     2.3989  2.0415103  1.2394501   47.00144  -46.55804    34.9149    34.9306     4.8085     4.8090    27.6301    27.6425    5.59910    5.75546         18 0.0000e+00
      17432    726.312    278.000     4.8185   3.334315     4.8191   3.335724      95.17     0.0200     2.6786     2.4019  2.0420001  1.2367131   47.00144  -46.55804    34.9137    34.9295     4.7970     4.7976    27.6304    27.6429    5.60591    5.77311         27 0.0000e+00
      17461    727.488    279.000     4.8078   3.333314     4.8081   3.334699      96.38     0.0175     2.6833     2.4059  2.0427542  1.2318680   47.00144  -46.55804    34.9127    34.9286     4.7863     4.7865    27.6309    27.6435    5.62022    5.78151         27 0.0000e+00
      17484    728.473    280.000     4.7958   3.332195     4.7967   3.333626      91.10     0.0119     2.6868     2.4084  2.0414369  1.2299839   47.00146  -46.55806    34.9118    34.9275     4.7742     4.7751    27.6316    27.6439    5.62576    5.78931         21 0.0000e+00
      17503    729.266    281.000     4.7826   3.330958     4.7834   3.332342      39.44     0.0126     2.6889     2.4108  2.0403669  1.2283366   47.00146  -46.55806    34.9107    34.9260     4.7610     4.7618    27.6322    27.6442    5.63137    5.80362         18 0.0000e+00
      17521    730.010    282.000     4.7658   3.329352     4.7666   3.330760      94.48     0.0138     2.6910     2.4132  2.0406282  1.2283273   47.00146  -46.55806    34.9092    34.9247     4.7441     4.7449    27.6329    27.6451    5.65122    5.82442         18 0.0000e+00
      17540    730.809    283.000     4.7572   3.328572     4.7579   3.329992      95.37     0.0172     2.6950     2.4171  2.0357349  1.2260150   47.00146  -46.55806    34.9085    34.9244     4.7355     4.7362    27.6333    27.6458    5.67927    5.85219         21 0.0000e+00
      17563    731.769    284.000     4.7460   3.327498     4.7471   3.328954      63.59     0.0166     2.7002     2.4224  2.0354130  1.2258867   47.00146  -46.55806    34.9073    34.9231     4.7242     4.7253    27.6337    27.6461    5.70094    5.87319         25 0.0000e+00
      17589    732.840    285.000     4.7307   3.326056     4.7313   3.327460      82.03     0.0155     2.7066     2.4278  2.0331964  1.2226400   47.00146  -46.55807    34.9060    34.9218     4.7089     4.7094    27.6344    27.6468    5.72349    5.88501         25 0.0000e+00
      17612    733.801    286.000     4.7181   3.324869     4.7191   3.326301      95.98     0.0197     2.7122     2.4322  2.0329592  1.2222080   47.00146  -46.55808    34.9049    34.9206     4.6962     4.6972    27.6349    27.6472    5.74006    5.88774         20 0.0000e+00
      17630    734.561    287.000     4.6991   3.323055     4.7001   3.324459      88.50     0.0188     2.7165     2.4343  2.0317149  1.2211174   47.00146  -46.55807    34.9031    34.9185     4.6772     4.6782    27.6356    27.6477    5.74937    5.89399         17 0.0000e+00
      17646    735.205    288.000     4.6838   3.321595     4.6850   3.323032      28.92     0.0117     2.7195     2.4368  2.0310984  1.2209210   47.00144  -46.55806    34.9017    34.9172     4.6619     4.6630    27.6362    27.6484    5.75463    5.90607         15 0.0000e+00
      17660    735.802    289.000     4.6584   3.319107     4.6618   3.320678      56.93     0.0127     2.7223     2.4385  2.0309634  1.2208285   47.00144  -46.55806    34.8989    34.9136     4.6364     4.6398    27.6368    27.6481    5.76445    5.90988         14 0.0000e+00
      17675    736.413    290.000     4.6210   3.315478     4.6239   3.316994      94.77     0.0136     2.7250     2.4401  2.0296383  1.2185739   47.00144  -46.55806    34.8952    34.9099     4.5990     4.6019    27.6381    27.6495    5.76597    5.91556         15 0.0000e+00
      17692    737.111    291.000     4.6081   3.314292     4.6084   3.315681      95.88     0.0135     2.7262     2.4417  2.0279882  1.2161664   47.00144  -46.55806    34.8944    34.9103     4.5860     4.5864    27.6390    27.6516    5.75410    5.91728         19 0.0000e+00
