data/CTD/2013/CNV/D021A053.CNV
* Sea-Bird SBE 9 Data File:
* FileName = C:\CTD_ACQUISITION\2013021HUD\ctddata\021A053.hdr
* Software Version Seasave V 7.22.2
* Temperature SN = 5081
* Conductivity SN = 3561
* Number of Bytes Per Scan = 37
* Number of Voltage Words = 4
* Number of Scans Averaged by the Deck Unit = 1
* NMEA Latitude = 48 45.35 N
* NMEA Longitude = 045 38.39 W
* NMEA UTC (Time) = Jul 05 2013 05:32:39
* NMEA baud rate = 9600
** Ship: Hudson
** Cruise: HUD2013021
** Chief_Scientist: Greenan
** Organization: BIO
** Area_of_Operation: Sackville Spur
** Station: 53
** Sounding:  1400
** Event_Comments: SS24  393215
# nquan = 25
# nvalues = 1367                        
# units = specified
# name 0 = scan: Scan Count
# name 1 = timeS: Time, Elapsed [seconds]
# name 2 = prDM: Pressure, Digiquartz [db]
# name 3 = t068C: Temperature [ITS-68, deg C]
# name 4 = c0S/m: Conductivity [S/m]
# name 5 = t168C: Temperature, 2 [ITS-68, deg C]
# name 6 = c1S/m: Conductivity, 2 [S/m]
# name 7 = altM: Altimeter [m]
# name 8 = flCUVA: Fluorescence, Chelsea UV Aquatracka [ug/l]
# name 9 = sbeox0V: Oxygen raw, SBE 43 [V]
# name 10 = sbeox1V: Oxygen raw, SBE 43, 2 [V]
# name 11 = upoly0: Upoly 0, Optode 4330F - O2 D-Phase
# name 12 = upoly1: Upoly 1, Optode 4330F - O2 Temp
# name 13 = latitude: Latitude [deg]
# name 14 = longitude: Longitude [deg]
# name 15 = sal00: Salinity, Practical [PSU]
# name 16 = sal11: Salinity, Practical, 2 [PSU]
# name 17 = potemp068C: Potential Temperature [ITS-68, deg C]
# name 18 = potemp168C: Potential Temperature, 2 [ITS-68, deg C]
# name 19 = sigma-é00: Density [sigma-theta, Kg/m^3]
# name 20 = sigma-é11: Density, 2 [sigma-theta, Kg/m^3]
# name 21 = sbeox0ML/L: Oxygen, SBE 43 [ml/l], WS = 2
# name 22 = sbeox1ML/L: Oxygen, SBE 43, 2 [ml/l], WS = 2
# name 23 = nbin: number of scans per bin
# name 24 = flag: flag
# span 0 =       9483,      39491       
# span 1 =    395.067,   1645.432       
# span 2 =      3.000,   1369.000       
# span 3 =     2.0674,     7.7384       
# span 4 =   3.018046,   3.485131       
# span 5 =     2.0674,     7.7378       
# span 6 =   3.019342,   3.486596       
# span 7 =       4.37,      98.47       
# span 8 =     0.0058,     0.4454       
# span 9 =     2.4546,     3.3463       
# span 10 =     2.2068,     2.9913      
# span 11 =  1.7020301,  2.0435432      
# span 12 =  0.9013679,  1.5921856      
# span 13 =   48.75667,   48.75852      
# span 14 =  -45.64056,  -45.63915      
# span 15 =    33.6583,    34.9183      
# span 16 =    33.6787,    34.9346      
# span 17 =     2.0648,     7.7374      
# span 18 =     2.0648,     7.7367      
# span 19 =    26.3425,    27.7655      
# span 20 =    26.3557,    27.7785      
# span 21 =    5.87086,    7.21923      
# span 22 =    6.08546,    7.28482      
# span 23 =         13,         65      
# span 24 = 0.0000e+00, 0.0000e+00      
# interval = decibars: 1                
# start_time = Jul 05 2013 05:32:39 [NMEA time, header]
# bad_flag = -9.990e-29
*END*
[from data line 174]
      14309    596.183    177.000     3.6437   3.211123     3.6402   3.212107      95.71     0.0185     2.8944     2.5981  1.9501102  1.0728126   48.75710  -45.63972    34.7550    34.7706     3.6318     3.6283    27.6290    27.6417    6.24840    6.41386         22 0.0000e+00
      14331    597.070    178.000     3.6798   3.214857     3.6806   3.216286      95.64     0.0170     2.8924     2.5970  1.9496549  1.0730816   48.75710  -45.63972    34.7608    34.7771     3.6678     3.6686    27.6300    27.6429    6.24545    6.42114         21 0.0000e+00
      14351    597.931    179.000     3.7061   3.217599     3.7080   3.219143      95.77     0.0146     2.8913     2.5963  1.9489677  1.0744092   48.75710  -45.63972    34.7651    34.7811     3.6940     3.6959    27.6308    27.6433    6.24404    6.41031         20 0.0000e+00
      14371    598.759    180.000     3.7390   3.221037     3.7402   3.222499      95.79     0.0129     2.8907     2.5950  1.9483905  1.0758460   48.75710  -45.63972    34.7706    34.7869     3.7268     3.7280    27.6319    27.6447    6.23721    6.40712         19 0.0000e+00
      14390    599.533    181.000     3.7453   3.221768     3.7452   3.223092      95.91     0.0141     2.8896     2.5950  1.9483784  1.0758379   48.75710  -45.63972    34.7722    34.7881     3.7330     3.7330    27.6325    27.6452    6.23602    6.41287         18 0.0000e+00
      14407    600.260    182.000     3.7498   3.222286     3.7486   3.223515      95.89     0.0166     2.8893     2.5945  1.9464651  1.0822544   48.75710  -45.63972    34.7731    34.7890     3.7374     3.7362    27.6327    27.6456    6.23350    6.40825         17 0.0000e+00
      14425    600.997    183.000     3.7543   3.222798     3.7542   3.224124      95.94     0.0162     2.8881     2.5941  1.9462769  1.0830240   48.75710  -45.63972    34.7739    34.7898     3.7418     3.7418    27.6329    27.6456    6.23398    6.40450         19 0.0000e+00
      14445    601.841    184.000     3.7479   3.222295     3.7482   3.223649      77.19     0.0176     2.8883     2.5933  1.9462759  1.0847230   48.75710  -45.63972    34.7743    34.7901     3.7352     3.7362    27.6339    27.6465    6.24642    6.40077         22 0.0000e+00
      14470    602.888    185.000     3.7488   3.222542     3.7470   3.223687      55.09     0.0192     2.8883     2.5925  1.9462759  1.0879521   48.75709  -45.63973    34.7755    34.7912     3.7363     3.7344    27.6348    27.6475    6.25118    6.41597         27 0.0000e+00
      14497    603.986    186.000     3.7703   3.224872     3.7694   3.226114      96.09     0.0205     2.8896     2.5938  1.9462759  1.0879121   48.75708  -45.63974    34.7800    34.7958     3.7576     3.7567    27.6362    27.6489    6.25973    6.43219         26 0.0000e+00
      14521    604.981    187.000     3.7637   3.224318     3.7636   3.225654      90.33     0.0176     2.8912     2.5959  1.9462759  1.0879121   48.75708  -45.63974    34.7799    34.7959     3.7509     3.7508    27.6368    27.6496    6.28160    6.44691         22 0.0000e+00
      14542    605.894    188.000     3.7643   3.224454     3.7663   3.226023      86.35     0.0162     2.8941     2.5976  1.9472734  1.0889649   48.75708  -45.63974    34.7803    34.7969     3.7515     3.7535    27.6371    27.6501    6.29883    6.44937         22 0.0000e+00
      14563    606.755    189.000     3.7464   3.222750     3.7506   3.224527      95.79     0.0182     2.8974     2.5993  1.9485722  1.0903891   48.75708  -45.63974    34.7784    34.7952     3.7335     3.7377    27.6374    27.6503    6.30980    6.45731         20 0.0000e+00
      14583    607.568    190.000     3.7275   3.220978     3.7277   3.222342      95.97     0.0196     2.8996     2.6007  1.9485896  1.0903553   48.75708  -45.63974    34.7767    34.7929     3.7146     3.7148    27.6380    27.6508    6.31207    6.46403         19 0.0000e+00
      14601    608.347    191.000     3.7166   3.219992     3.7160   3.221319      95.97     0.0170     2.9012     2.6018  1.9487166  1.0915632   48.75708  -45.63974    34.7761    34.7925     3.7036     3.7031    27.6386    27.6517    6.30049    6.45857         18 0.0000e+00
      14620    609.145    192.000     3.7002   3.218460     3.7033   3.220192      95.90     0.0159     2.9011     2.6018  1.9487180  1.0915751   48.75708  -45.63974    34.7746    34.7910     3.6873     3.6914    27.6390    27.6517    6.27506    6.44560         20 0.0000e+00
      14642    610.025    193.000     3.6804   3.216616     3.6808   3.218025      95.93     0.0127     2.8981     2.6005  1.9487180  1.0896232   48.75708  -45.63974    34.7731    34.7895     3.6674     3.6678    27.6398    27.6529    6.25610    6.42906         22 0.0000e+00
      14664    610.954    194.000     3.6824   3.216893     3.6804   3.218047      95.85     0.0162     2.8955     2.5982  1.9487180  1.0878819   48.75708  -45.63974    34.7737    34.7897     3.6693     3.6673    27.6401    27.6531    6.24183    6.41564         22 0.0000e+00
      14685    611.813    195.000     3.7024   3.218995     3.6953   3.219653      95.20     0.0169     2.8916     2.5957  1.9487180  1.0868740   48.75708  -45.63975    34.7771    34.7927     3.6892     3.6821    27.6408    27.6540    6.22695    6.40661         20 0.0000e+00
      14703    612.584    196.000     3.7284   3.221745     3.7225   3.222515      95.92     0.0148     2.8891     2.5941  1.9487180  1.0842476   48.75708  -45.63976    34.7817    34.7972     3.7151     3.7092    27.6419    27.6548    6.22826    6.40254         17 0.0000e+00
      14720    613.308    197.000     3.7754   3.226607     3.7730   3.227737      43.10     0.0148     2.8877     2.5922  1.9487180  1.0842491   48.75708  -45.63976    34.7893    34.8054     3.7619     3.7595    27.6432    27.6562    6.21722    6.38904         18 0.0000e+00
      14738    614.053    198.000     3.7981   3.229043     3.7948   3.230056      95.43     0.0165     2.8850     2.5906  1.9471781  1.0849855   48.75708  -45.63976    34.7937    34.8093     3.7846     3.7812    27.6444    27.6572    6.20254    6.38269         18 0.0000e+00
      14759    614.918    199.000     3.8638   3.235797     3.8596   3.236707      95.84     0.0194     2.8830     2.5891  1.9462745  1.0855241   48.75708  -45.63976    34.8039    34.8193     3.8501     3.8458    27.6458    27.6585    6.20293    6.37381         23 0.0000e+00
      14784    615.952    200.000     3.8802   3.237515     3.8790   3.238731      95.92     0.0212     2.8818     2.5876  1.9444664  1.0898979   48.75708  -45.63975    34.8064    34.8222     3.8664     3.8651    27.6462    27.6589    6.20621    6.37676         26 0.0000e+00
      14809    616.996    201.000     3.8891   3.238533     3.8897   3.239930      95.48     0.0188     2.8814     2.5875  1.9425818  1.0951205   48.75706  -45.63976    34.8086    34.8246     3.8751     3.8758    27.6470    27.6597    6.21621    6.38528         24 0.0000e+00
      14832    617.958    202.000     3.8951   3.239210     3.8948   3.240526      95.78     0.0199     2.8819     2.5875  1.9419894  1.0985867   48.75706  -45.63976    34.8098    34.8257     3.8811     3.8808    27.6473    27.6601    6.21938    6.38617         22 0.0000e+00
      14854    618.860    203.000     3.8965   3.239458     3.8964   3.240795      95.35     0.0161     2.8824     2.5879  1.9413884  1.1029228   48.75706  -45.63976    34.8106    34.8267     3.8824     3.8824    27.6479    27.6606    6.22748    6.39324         22 0.0000e+00
      14874    619.726    204.000     3.8980   3.239780     3.8978   3.241096      95.92     0.0148     2.8835     2.5883  1.9418179  1.1033561   48.75706  -45.63976    34.8123    34.8282     3.8839     3.8837    27.6490    27.6617    6.23513    6.39611         20 0.0000e+00
      14895    620.570    205.000     3.8865   3.238811     3.8862   3.240123      95.86     0.0181     2.8847     2.5890  1.9431133  1.1062540   48.75706  -45.63976    34.8124    34.8285     3.8723     3.8720    27.6503    27.6631    6.24216    6.40050         20 0.0000e+00
      14915    621.427    206.000     3.8842   3.238643     3.8846   3.240027      95.92     0.0213     2.8857     2.5895  1.9431955  1.1062272   48.75706  -45.63976    34.8124    34.8285     3.8699     3.8703    27.6506    27.6633    6.23342    6.39878         21 0.0000e+00
      14937    622.315    207.000     3.8811   3.238393     3.8825   3.239876      95.94     0.0218     2.8854     2.5894  1.9459493  1.1071728   48.75706  -45.63976    34.8122    34.8283     3.8667     3.8682    27.6507    27.6634    6.22883    6.39455         22 0.0000e+00
      14958    623.220    208.000     3.8793   3.238263     3.8804   3.239708      95.93     0.0206     2.8849     2.5890  1.9462725  1.1073903   48.75706  -45.63978    34.8119    34.8280     3.8650     3.8671    27.6507    27.6634    6.22369    6.38473         22 0.0000e+00
      14979    624.104    209.000     3.8759   3.237976     3.8773   3.239457      95.93     0.0209     2.8840     2.5877  1.9462759  1.1065937   48.75706  -45.63978    34.8116    34.8278     3.8615     3.8628    27.6508    27.6635    6.21421    6.37663         20 0.0000e+00
      15000    624.960    210.000     3.8739   3.237798     3.8753   3.239290      95.93     0.0195     2.8830     2.5866  1.9462759  1.1062264   48.75706  -45.63978    34.8111    34.8274     3.8594     3.8607    27.6506    27.6635    6.21153    6.37226         21 0.0000e+00
      15020    625.803    211.000     3.8749   3.237936     3.8749   3.239287      95.74     0.0153     2.8814     2.5850  1.9462759  1.1064686   48.75707  -45.63978    34.8112    34.8273     3.8603     3.8603    27.6506    27.6634    6.20335    6.37274         20 0.0000e+00
      15040    626.623    212.000     3.8768   3.238175     3.8771   3.239557      95.88     0.0162     2.8801     2.5846  1.9462759  1.1062919   48.75707  -45.63978    34.8114    34.8277     3.8621     3.8637    27.6506    27.6635    6.20532    6.37590         19 0.0000e+00
      15060    627.443    213.000     3.8819   3.238803     3.8819   3.240157      95.82     0.0204     2.8788     2.5834  1.9462759  1.1065340   48.75706  -45.63978    34.8130    34.8291     3.8671     3.8671    27.6513    27.6641    6.20518    6.37466         20 0.0000e+00
      15080    628.284    214.000     3.8841   3.239144     3.8838   3.240465      95.73     0.0252     2.8784     2.5833  1.9467723  1.1067805   48.75706  -45.63978    34.8141    34.8302     3.8693     3.8689    27.6519    27.6648    6.20972    6.39379         20 0.0000e+00
      15100    629.125    215.000     3.8877   3.239645     3.8866   3.240913      95.75     0.0224     2.8779     2.5847  1.9469156  1.1067504   48.75706  -45.63978    34.8158    34.8319     3.8728     3.8730    27.6529    27.6659    6.21133    6.39714         21 0.0000e+00
      15120    629.962    216.000     3.8930   3.240302     3.8924   3.241612      95.88     0.0196     2.8779     2.5848  1.9460495  1.1073145   48.75706  -45.63978    34.8174    34.8336     3.8780     3.8775    27.6537    27.6666    6.22104    6.39352         20 0.0000e+00
      15141    630.842    217.000     3.8963   3.240739     3.8958   3.242036      95.90     0.0180     2.8786     2.5855  1.9450687  1.1074463   48.75705  -45.63978    34.8185    34.8346     3.8813     3.8807    27.6542    27.6671    6.22484    6.40739         22 0.0000e+00
      15165    631.818    218.000     3.8944   3.240644     3.8942   3.241979      95.80     0.0152     2.8793     2.5872  1.9455359  1.1078811   48.75704  -45.63978    34.8188    34.8350     3.8793     3.8790    27.6547    27.6676    6.22693    6.41258         25 0.0000e+00
      15190    632.867    219.000     3.8916   3.240436     3.8913   3.241786      95.78     0.0130     2.8797     2.5884  1.9462855  1.1086793   48.75704  -45.63978    34.8188    34.8352     3.8764     3.8761    27.6550    27.6681    6.22966    6.41751         24 0.0000e+00
      15213    633.829    220.000     3.8900   3.240359     3.8894   3.241667      95.73     0.0150     2.8804     2.5895  1.9464453  1.1091208   48.75704  -45.63979    34.8190    34.8353     3.8748     3.8741    27.6553    27.6684    6.23794    6.40637         22 0.0000e+00
      15233    634.681    221.000     3.8897   3.240403     3.8893   3.241735      95.89     0.0146     2.8816     2.5885  1.9470043  1.1098844   48.75704  -45.63980    34.8194    34.8356     3.8744     3.8740    27.6556    27.6686    6.24039    6.38904         20 0.0000e+00
      15253    635.503    222.000     3.8917   3.240680     3.8916   3.242045      95.65     0.0168     2.8821     2.5876  1.9468538  1.1098901   48.75704  -45.63980    34.8200    34.8364     3.8763     3.8761    27.6559    27.6690    6.23429    6.39584         19 0.0000e+00
      15273    636.351    223.000     3.8969   3.241343     3.8964   3.242660      95.44     0.0168     2.8820     2.5877  1.9463336  1.1098348   48.75704  -45.63980    34.8218    34.8381     3.8814     3.8809    27.6569    27.6699    6.22191    6.39954         22 0.0000e+00
      15295    637.256    224.000     3.9003   3.241833     3.9000   3.243168      94.90     0.0175     2.8807     2.5871  1.9465499  1.1096708   48.75704  -45.63980    34.8235    34.8398     3.8847     3.8844    27.6579    27.6708    6.21942    6.39268         22 0.0000e+00
      15317    638.155    225.000     3.9008   3.241988     3.9006   3.243330      94.47     0.0196     2.8806     2.5865  1.9463369  1.1098872   48.75704  -45.63980    34.8243    34.8405     3.8852     3.8849    27.6584    27.6714    6.22331    6.38151         21 0.0000e+00
      15337    639.014    226.000     3.9016   3.242155     3.9014   3.243501      95.74     0.0197     2.8796     2.5848  1.9462764  1.1098901   48.75704  -45.63980    34.8249    34.8411     3.8859     3.8857    27.6589    27.6718    6.20933    6.37311         20 0.0000e+00
      15358    639.858    227.000     3.9035   3.242406     3.9028   3.243699      94.71     0.0144     2.8781     2.5833  1.9456012  1.1103195   48.75704  -45.63980    34.8253    34.8415     3.8877     3.8870    27.6590    27.6719    6.20486    6.36421         20 0.0000e+00
      15378    640.701    228.000     3.9055   3.242670     3.9050   3.243984      95.24     0.0137     2.8772     2.5811  1.9443638  1.1111239   48.75704  -45.63981    34.8258    34.8420     3.8896     3.8891    27.6592    27.6721    6.19958    6.35754         20 0.0000e+00
      15398    641.527    229.000     3.9109   3.243353     3.9102   3.244638      95.28     0.0122     2.8747     2.5797  1.9446294  1.1111112   48.75704  -45.63982    34.8276    34.8437     3.8950     3.8943    27.6601    27.6729    6.18391    6.35929         20 0.0000e+00
      15418    642.369    230.000     3.9186   3.244247     3.9183   3.245574      94.38     0.0162     2.8730     2.5782  1.9462059  1.1111112   48.75704  -45.63982    34.8296    34.8457     3.9025     3.9022    27.6609    27.6738    6.18019    6.35136         21 0.0000e+00
      15440    643.293    231.000     3.9255   3.245062     3.9252   3.246394      94.53     0.0159     2.8703     2.5763  1.9462748  1.1111112   48.75704  -45.63982    34.8314    34.8475     3.9094     3.9091    27.6616    27.6745    6.17098    6.34911         24 0.0000e+00
      15465    644.326    232.000     3.9436   3.247001     3.9431   3.248302      95.26     0.0196     2.8677     2.5752  1.9471971  1.1121292   48.75704  -45.63982    34.8347    34.8508     3.9274     3.9268    27.6624    27.6752    6.16487    6.35319         25 0.0000e+00
      15488    645.306    233.000     3.9639   3.249138     3.9630   3.250396      94.58     0.0198     2.8660     2.5748  1.9473296  1.1123309   48.75704  -45.63982    34.8381    34.8540     3.9475     3.9466    27.6629    27.6757    6.15927    6.35496         22 0.0000e+00
