data/CTD/2013/CNV/D021A033.CNV
* Sea-Bird SBE 9 Data File:
* FileName = C:\CTD_ACQUISITION\2013021HUD\ctddata\021A033.hdr
* Software Version Seasave V 7.22.2
* Temperature SN = 5081
* Conductivity SN = 3561
* Number of Bytes Per Scan = 37
* Number of Voltage Words = 4
* Number of Scans Averaged by the Deck Unit = 1
* NMEA Latitude = 48 13.60 N
* NMEA Longitude = 046 27.66 W
* NMEA UTC (Time) = Jul 03 2013 09:29:10
* NMEA baud rate = 9600
** Ship: Hudson
** Cruise: HUD2013021
** Chief_Scientist: Greenan
** Organization: BIO
** Area_of_Operation: Sackville Spur
** Station: 33
** Sounding:  1150
** Event_Comments: SS13   393161
# nquan = 25
# nvalues = 980                         
# units = specified
# name 0 = scan: Scan Count
# name 1 = timeS: Time, Elapsed [seconds]
# name 2 = prDM: Pressure, Digiquartz [db]
# name 3 = t068C: Temperature [ITS-68, deg C]
# name 4 = c0S/m: Conductivity [S/m]
# name 5 = t168C: Temperature, 2 [ITS-68, deg C]
# name 6 = c1S/m: Conductivity, 2 [S/m]
# name 7 = altM: Altimeter [m]
# name 8 = flCUVA: Fluorescence, Chelsea UV Aquatracka [ug/l]
# name 9 = sbeox0V: Oxygen raw, SBE 43 [V]
# name 10 = sbeox1V: Oxygen raw, SBE 43, 2 [V]
# name 11 = upoly0: Upoly 0, Optode 4330F - O2 D-Phase
# name 12 = upoly1: Upoly 1, Optode 4330F - O2 Temp
# name 13 = latitude: Latitude [deg]
# name 14 = longitude: Longitude [deg]
# name 15 = sal00: Salinity, Practical [PSU]
# name 16 = sal11: Salinity, Practical, 2 [PSU]
# name 17 = potemp068C: Potential Temperature [ITS-68, deg C]
# name 18 = potemp168C: Potential Temperature, 2 [ITS-68, deg C]
# name 19 = sigma-é00: Density [sigma-theta, Kg/m^3]
# name 20 = sigma-é11: Density, 2 [sigma-theta, Kg/m^3]
# name 21 = sbeox0ML/L: Oxygen, SBE 43 [ml/l], WS = 2
# name 22 = sbeox1ML/L: Oxygen, SBE 43, 2 [ml/l], WS = 2
# name 23 = nbin: number of scans per bin
# name 24 = flag: flag
# span 0 =       8431,      34370       
# span 1 =    351.234,   1432.055       
# span 2 =      3.000,    982.000       
# span 3 =    -0.2103,     5.5590       
# span 4 =   2.761445,   3.272551       
# span 5 =    -0.2107,     5.5590       
# span 6 =   2.762726,   3.273878       
# span 7 =       3.50,     100.58       
# span 8 =     0.0062,     0.1206       
# span 9 =     2.5953,     3.3605       
# span 10 =     2.3355,     3.0139      
# span 11 =  1.7336848,  2.0051439      
# span 12 =  0.6031695,  1.3225022      
# span 13 =   48.22098,   48.22507      
# span 14 =  -46.45910,  -46.45770      
# span 15 =    32.7599,    34.9052      
# span 16 =    32.7752,    34.9217      
# span 17 =    -0.2118,     5.5581      
# span 18 =    -0.2122,     5.5581      
# span 19 =    25.8373,    27.7400      
# span 20 =    25.8494,    27.7532      
# span 21 =    5.99951,    7.82992      
# span 22 =    6.21373,    7.92289      
# span 23 =          9,         93      
# span 24 = 0.0000e+00, 0.0000e+00      
# interval = decibars: 1                
# start_time = Jul 03 2013 09:29:10 [NMEA time, header]
# bad_flag = -9.990e-29
*END*
[from data line 580]
      24603   1025.092    583.000     3.8785   3.260111     3.8781   3.261453      78.14     0.0183     2.7837     2.5053  1.9499382  1.1098901   48.22258  -46.45778    34.8721    34.8885     3.8365     3.8360    27.7015    27.7146    6.23997    6.44381         29 0.0000e+00
      24636   1026.469    584.000     3.8784   3.260142     3.8781   3.261499      46.71     0.0202     2.7838     2.5052  1.9501330  1.1098901   48.22258  -46.45778    34.8721    34.8885     3.8363     3.8360    27.7015    27.7146    6.25022    6.44362         33 0.0000e+00
      24664   1027.645    585.000     3.8773   3.260097     3.8773   3.261476      44.59     0.0205     2.7843     2.5051  1.9511957  1.1098901   48.22257  -46.45778    34.8722    34.8886     3.8350     3.8350    27.7018    27.7148    6.25112    6.44103         24 0.0000e+00
      24687   1028.566    586.000     3.8765   3.260084     3.8762   3.261438      95.84     0.0150     2.7842     2.5048  1.9504355  1.1098901   48.22256  -46.45778    34.8724    34.8888     3.8342     3.8338    27.7019    27.7151    6.24567    6.44254         22 0.0000e+00
      24709   1029.496    587.000     3.8756   3.260067     3.8755   3.261429      84.20     0.0159     2.7843     2.5046  1.9494565  1.1098901   48.22256  -46.45778    34.8726    34.8889     3.8332     3.8331    27.7023    27.7153    6.24298    6.43891         24 0.0000e+00
      24736   1030.642    588.000     3.8746   3.260037     3.8744   3.261396      56.27     0.0150     2.7827     2.5037  1.9496197  1.1098901   48.22254  -46.45778    34.8727    34.8891     3.8322     3.8341    27.7025    27.7155    6.23679    6.43581         31 0.0000e+00
      24768   1031.953    589.000     3.8734   3.260010     3.8731   3.261360      97.68     0.0143     2.7823     2.5032  1.9499481  1.1098901   48.22254  -46.45778    34.8732    34.8895     3.8309     3.8305    27.7029    27.7160    6.23916    6.43993         29 0.0000e+00
      24793   1033.015    590.000     3.8726   3.260003     3.8723   3.261355      66.86     0.0095     2.7817     2.5031  1.9491851  1.1098901   48.22254  -46.45778    34.8734    34.8898     3.8301     3.8297    27.7032    27.7163    6.23517    6.43886         23 0.0000e+00
      24816   1033.975    591.000     3.8716   3.259976     3.8712   3.261325      71.14     0.0120     2.7804     2.5023  1.9490745  1.1098901   48.22254  -46.45778    34.8737    34.8901     3.8289     3.8285    27.7036    27.7166    6.23108    6.42510         24 0.0000e+00
      24842   1035.045    592.000     3.8711   3.259985     3.8709   3.261348      96.61     0.0151     2.7803     2.5010  1.9487623  1.1098448   48.22253  -46.45778    34.8737    34.8902     3.8284     3.8281    27.7036    27.7168    6.24628    6.42739         27 0.0000e+00
      24868   1036.125    593.000     3.8703   3.259990     3.8701   3.261348      59.39     0.0178     2.7807     2.5001  1.9487162  1.1098367   48.22252  -46.45778    34.8741    34.8905     3.8275     3.8273    27.7040    27.7171    6.23979    6.42930         23 0.0000e+00
      24888   1036.971    594.000     3.8694   3.259966     3.8691   3.261319      33.49     0.0149     2.7797     2.5001  1.9507399  1.1097604   48.22250  -46.45778    34.8743    34.8907     3.8265     3.8262    27.7043    27.7173    6.23612    6.44073         19 0.0000e+00
      24906   1037.695    595.000     3.8686   3.259938     3.8683   3.261301      89.78     0.0134     2.7796     2.5002  1.9511520  1.1098878   48.22250  -46.45778    34.8743    34.8908     3.8256     3.8253    27.7044    27.7175    6.24432    6.44448         17 0.0000e+00
      24923   1038.413    596.000     3.8678   3.259924     3.8676   3.261289      96.15     0.0132     2.7802     2.5007  1.9508979  1.1095625   48.22250  -46.45778    34.8745    34.8908     3.8247     3.8246    27.7046    27.7177    6.24726    6.44519         18 0.0000e+00
      24945   1039.313    597.000     3.8662   3.259828     3.8660   3.261186      54.42     0.0134     2.7799     2.5008  1.9500210  1.1087853   48.22250  -46.45778    34.8744    34.8908     3.8231     3.8228    27.7048    27.7178    6.25086    6.44482         28 0.0000e+00
      25005   1041.823    598.000     3.8665   3.259895     3.8666   3.261270      84.61     0.0138     2.7802     2.4991  1.9500059  1.1086593   48.22248  -46.45777    34.8743    34.8906     3.8234     3.8234    27.7046    27.7176    6.24501    6.42802         67 0.0000e+00
      25040   1043.294    599.000     3.8657   3.259876     3.8653   3.261228      92.66     0.0091     2.7794     2.4990  1.9499376  1.1098646   48.22246  -46.45776    34.8745    34.8910     3.8224     3.8220    27.7049    27.7180    6.24081    6.43624         23 0.0000e+00
      25060   1044.119    600.000     3.8655   3.259918     3.8651   3.261266      95.87     0.0141     2.7792     2.4988  1.9499389  1.1098220   48.22246  -46.45778    34.8746    34.8911     3.8222     3.8218    27.7050    27.7181    6.24237    6.44041         18 0.0000e+00
      25077   1044.830    601.000     3.8653   3.259952     3.8649   3.261303      95.29     0.0164     2.7790     2.4989  1.9499389  1.1091100   48.22246  -46.45777    34.8748    34.8912     3.8219     3.8215    27.7051    27.7183    6.24500    6.44848         16 0.0000e+00
      25093   1045.497    602.000     3.8650   3.259979     3.8647   3.261333      95.31     0.0115     2.7788     2.4997  1.9499389  1.1086568   48.22246  -46.45776    34.8749    34.8913     3.8215     3.8212    27.7052    27.7184    6.24475    6.45638         16 0.0000e+00
      25109   1046.177    603.000     3.8650   3.260014     3.8646   3.261379      95.43     0.0125     2.7784     2.5003  1.9498661  1.1086692   48.22246  -46.45776    34.8748    34.8914     3.8214     3.8211    27.7052    27.7184    6.24736    6.45932         17 0.0000e+00
      25128   1046.950    604.000     3.8649   3.260059     3.8646   3.261408      70.95     0.0136     2.7788     2.5008  1.9499382  1.1084965   48.22246  -46.45776    34.8749    34.8912     3.8212     3.8210    27.7053    27.7183    6.24951    6.45528         21 0.0000e+00
      25156   1048.130    605.000     3.8648   3.260082     3.8645   3.261434      75.61     0.0164     2.7781     2.5009  1.9499389  1.1086274   48.22245  -46.45776    34.8748    34.8911     3.8211     3.8207    27.7052    27.7183    6.24310    6.45052         40 0.0000e+00
      25204   1050.114    606.000     3.8648   3.260122     3.8645   3.261479      60.05     0.0157     2.7790     2.5006  1.9501065  1.1085590   48.22243  -46.45778    34.8747    34.8912     3.8210     3.8207    27.7052    27.7183    6.26149    6.44616         46 0.0000e+00
      25244   1051.779    607.000     3.8648   3.260176     3.8645   3.261529      73.36     0.0147     2.7794     2.5004  1.9511108  1.1086709   48.22241  -46.45776    34.8747    34.8912     3.8210     3.8206    27.7052    27.7184    6.24992    6.45066         37 0.0000e+00
      25275   1053.097    608.000     3.8639   3.260161     3.8635   3.261495      73.33     0.0155     2.7785     2.4997  1.9507552  1.1086692   48.22240  -46.45776    34.8751    34.8914     3.8199     3.8195    27.7056    27.7186    6.24066    6.42770         25 0.0000e+00
      25296   1053.969    609.000     3.8628   3.260127     3.8625   3.261474      96.54     0.0151     2.7776     2.4980  1.9506121  1.1086692   48.22240  -46.45776    34.8752    34.8916     3.8188     3.8184    27.7058    27.7189    6.24221    6.42787         18 0.0000e+00
      25313   1054.659    610.000     3.8629   3.260190     3.8624   3.261525      95.88     0.0124     2.7775     2.4976  1.9507813  1.1083583   48.22239  -46.45776    34.8754    34.8917     3.8188     3.8183    27.7059    27.7190    6.24850    6.43940         16 0.0000e+00
      25328   1055.273    611.000     3.8629   3.260247     3.8626   3.261590      35.63     0.0161     2.7778     2.4975  1.9511613  1.1078825   48.22238  -46.45776    34.8756    34.8919     3.8187     3.8184    27.7061    27.7191    6.24577    6.44475         14 0.0000e+00
      25342   1055.878    612.000     3.8630   3.260306     3.8625   3.261648      63.53     0.0157     2.7764     2.4976  1.9510781  1.1080186   48.22238  -46.45776    34.8756    34.8920     3.8188     3.8183    27.7061    27.7192    6.24401    6.44705         15 0.0000e+00
      25358   1056.536    613.000     3.8636   3.260401     3.8631   3.261740      95.82     0.0178     2.7769     2.4976  1.9511592  1.1078089   48.22238  -46.45776    34.8756    34.8921     3.8193     3.8187    27.7061    27.7192    6.25146    6.44725         17 0.0000e+00
      25383   1057.603    614.000     3.8644   3.260514     3.8640   3.261863      68.91     0.0172     2.7765     2.4973  1.9511600  1.1075221   48.22238  -46.45776    34.8756    34.8920     3.8200     3.8196    27.7060    27.7191    6.24328    6.44098         42 0.0000e+00
      25440   1059.978    615.000     3.8655   3.260669     3.8646   3.261957      75.80     0.0184     2.7746     2.4966  1.9511600  1.1074433   48.22237  -46.45776    34.8756    34.8920     3.8211     3.8201    27.7059    27.7190    6.23839    6.44172         49 0.0000e+00
      25471   1061.245    616.000     3.8660   3.260767     3.8656   3.262124      86.45     0.0223     2.7741     2.4959  1.9511600  1.1086341   48.22236  -46.45776    34.8759    34.8923     3.8214     3.8210    27.7060    27.7192    6.23887    6.43855         26 0.0000e+00
      25495   1062.252    617.000     3.8666   3.260898     3.8662   3.262244      96.32     0.0195     2.7740     2.4960  1.9511068  1.1086693   48.22234  -46.45776    34.8762    34.8926     3.8219     3.8216    27.7063    27.7193    6.24943    6.44694         23 0.0000e+00
      25517   1063.169    618.000     3.8666   3.260951     3.8663   3.262308      96.57     0.0178     2.7743     2.4962  1.9497446  1.1085060   48.22234  -46.45776    34.8763    34.8927     3.8219     3.8216    27.7064    27.7194    6.24295    6.44578         22 0.0000e+00
      25541   1064.149    619.000     3.8655   3.260884     3.8653   3.262252      96.30     0.0173     2.7736     2.4961  1.9498869  1.1086662   48.22232  -46.45776    34.8762    34.8926     3.8207     3.8205    27.7064    27.7195    6.24043    6.44512         25 0.0000e+00
      25569   1065.354    620.000     3.8652   3.260900     3.8648   3.262242      51.80     0.0140     2.7730     2.4960  1.9511423  1.1083485   48.22232  -46.45776    34.8762    34.8925     3.8203     3.8199    27.7064    27.7194    6.23806    6.44578         31 0.0000e+00
      25598   1066.528    621.000     3.8651   3.260947     3.8647   3.262291      97.42     0.0152     2.7727     2.4956  1.9511609  1.1085267   48.22232  -46.45776    34.8763    34.8926     3.8202     3.8198    27.7065    27.7195    6.24922    6.44318         25 0.0000e+00
      25619   1067.415    622.000     3.8651   3.260995     3.8646   3.262331      96.61     0.0167     2.7733     2.4957  1.9511600  1.1086048   48.22232  -46.45776    34.8763    34.8927     3.8201     3.8196    27.7065    27.7196    6.25066    6.44645         19 0.0000e+00
      25637   1068.160    623.000     3.8658   3.261127     3.8654   3.262466      50.85     0.0149     2.7731     2.4955  1.9511600  1.1085974   48.22230  -46.45778    34.8766    34.8930     3.8207     3.8202    27.7067    27.7198    6.24613    6.44280         17 0.0000e+00
      25654   1068.861    624.000     3.8664   3.261224     3.8660   3.262573      61.75     0.0166     2.7732     2.4952  1.9511600  1.1085973   48.22230  -46.45778    34.8766    34.8930     3.8212     3.8208    27.7067    27.7198    6.24631    6.44125         17 0.0000e+00
      25672   1069.639    625.000     3.8667   3.261304     3.8664   3.262644      95.19     0.0175     2.7727     2.4947  1.9511600  1.1084983   48.22230  -46.45778    34.8766    34.8930     3.8215     3.8211    27.7067    27.7197    6.24643    6.43392         21 0.0000e+00
      25728   1071.941    626.000     3.8670   3.261349     3.8666   3.262697      53.66     0.0150     2.7714     2.4930  1.9512905  1.1084425   48.22228  -46.45777    34.8764    34.8928     3.8216     3.8212    27.7065    27.7196    6.23651    6.43722         49 0.0000e+00
      25775   1073.929    627.000     3.8678   3.261477     3.8673   3.262810      60.54     0.0166     2.7700     2.4930  1.9513357  1.1086751   48.22226  -46.45776    34.8765    34.8930     3.8224     3.8237    27.7065    27.7196    6.24210    6.44447         21 0.0000e+00
      25793   1074.669    628.000     3.8699   3.261720     3.8693   3.263047      96.82     0.0160     2.7702     2.4928  1.9511594  1.1087412   48.22225  -46.45776    34.8768    34.8931     3.8244     3.8238    27.7065    27.7195    6.24966    6.43989         17 0.0000e+00
      25809   1075.335    629.000     3.8702   3.261814     3.8700   3.263163      96.74     0.0155     2.7710     2.4926  1.9511600  1.1086689   48.22224  -46.45776    34.8769    34.8932     3.8247     3.8244    27.7065    27.7196    6.24283    6.43141         15 0.0000e+00
      25825   1075.989    630.000     3.8710   3.261930     3.8705   3.263274      96.78     0.0133     2.7699     2.4919  1.9511600  1.1086692   48.22224  -46.45776    34.8770    34.8934     3.8253     3.8248    27.7065    27.7197    6.23160    6.42124         16 0.0000e+00
      25842   1076.707    631.000     3.8703   3.261906     3.8706   3.263322      96.42     0.0135     2.7696     2.4907  1.9516730  1.1086692   48.22224  -46.45776    34.8769    34.8934     3.8245     3.8248    27.7065    27.7196    6.22925    6.41960         19 0.0000e+00
      25864   1077.616    632.000     3.8698   3.261901     3.8702   3.263307      91.46     0.0161     2.7684     2.4898  1.9520403  1.1086692   48.22224  -46.45777    34.8768    34.8931     3.8240     3.8243    27.7065    27.7195    6.23182    6.42610         26 0.0000e+00
      25894   1078.855    633.000     3.8691   3.261858     3.8691   3.263234      58.89     0.0169     2.7679     2.4896  1.9515020  1.1086692   48.22223  -46.45778    34.8765    34.8929     3.8232     3.8232    27.7064    27.7194    6.23441    6.43948         33 0.0000e+00
      25929   1080.315    634.000     3.8694   3.261916     3.8691   3.263273      96.08     0.0153     2.7673     2.4899  1.9514899  1.1086692   48.22222  -46.45778    34.8764    34.8928     3.8234     3.8231    27.7063    27.7194    6.23691    6.43965         37 0.0000e+00
      25968   1081.938    635.000     3.8693   3.261958     3.8689   3.263300      47.80     0.0118     2.7672     2.4898  1.9524050  1.1086692   48.22221  -46.45778    34.8764    34.8928     3.8233     3.8239    27.7063    27.7194    6.23865    6.43191         38 0.0000e+00
      26000   1083.298    636.000     3.8691   3.261986     3.8686   3.263327      45.83     0.0144     2.7672     2.4889  1.9511356  1.1086692   48.22220  -46.45778    34.8765    34.8929     3.8230     3.8239    27.7064    27.7195    6.23729    6.43081         28 0.0000e+00
      26025   1084.336    637.000     3.8689   3.262026     3.8686   3.263378      96.79     0.0130     2.7666     2.4884  1.9512664  1.1086692   48.22218  -46.45778    34.8766    34.8930     3.8227     3.8224    27.7065    27.7196    6.23190    6.42963         23 0.0000e+00
      26046   1085.226    638.000     3.8683   3.262017     3.8680   3.263372      96.20     0.0137     2.7660     2.4882  1.9518902  1.1086692   48.22218  -46.45778    34.8767    34.8931     3.8220     3.8217    27.7066    27.7197    6.23172    6.43299         20 0.0000e+00
      26066   1086.062    639.000     3.8686   3.262100     3.8682   3.263442      60.26     0.0145     2.7657     2.4880  1.9522587  1.1086692   48.22218  -46.45778    34.8768    34.8931     3.8222     3.8218    27.7067    27.7198    6.23616    6.43402         20 0.0000e+00
