data/CTD/2013/CNV/D021A032.CNV
* Sea-Bird SBE 9 Data File:
* FileName = C:\CTD_ACQUISITION\2013021HUD\ctddata\021A032.hdr
* Software Version Seasave V 7.22.2
* Temperature SN = 5081
* Conductivity SN = 3561
* Number of Bytes Per Scan = 37
* Number of Voltage Words = 4
* Number of Scans Averaged by the Deck Unit = 1
* NMEA Latitude = 48 09.81 N
* NMEA Longitude = 046 24.25 W
* NMEA UTC (Time) = Jul 03 2013 07:29:28
* NMEA baud rate = 9600
** Ship: Hudson
** Cruise: HUD2013021
** Chief_Scientist: Greenan
** Organization: BIO
** Area_of_Operation: Sackville Spur
** Station: 32
** Sounding:  1141
** Event_Comments: SS14  393149
# nquan = 25
# nvalues = 1126                        
# units = specified
# name 0 = scan: Scan Count
# name 1 = timeS: Time, Elapsed [seconds]
# name 2 = prDM: Pressure, Digiquartz [db]
# name 3 = t068C: Temperature [ITS-68, deg C]
# name 4 = c0S/m: Conductivity [S/m]
# name 5 = t168C: Temperature, 2 [ITS-68, deg C]
# name 6 = c1S/m: Conductivity, 2 [S/m]
# name 7 = altM: Altimeter [m]
# name 8 = flCUVA: Fluorescence, Chelsea UV Aquatracka [ug/l]
# name 9 = sbeox0V: Oxygen raw, SBE 43 [V]
# name 10 = sbeox1V: Oxygen raw, SBE 43, 2 [V]
# name 11 = upoly0: Upoly 0, Optode 4330F - O2 D-Phase
# name 12 = upoly1: Upoly 1, Optode 4330F - O2 Temp
# name 13 = latitude: Latitude [deg]
# name 14 = longitude: Longitude [deg]
# name 15 = sal00: Salinity, Practical [PSU]
# name 16 = sal11: Salinity, Practical, 2 [PSU]
# name 17 = potemp068C: Potential Temperature [ITS-68, deg C]
# name 18 = potemp168C: Potential Temperature, 2 [ITS-68, deg C]
# name 19 = sigma-é00: Density [sigma-theta, Kg/m^3]
# name 20 = sigma-é11: Density, 2 [sigma-theta, Kg/m^3]
# name 21 = sbeox0ML/L: Oxygen, SBE 43 [ml/l], WS = 2
# name 22 = sbeox1ML/L: Oxygen, SBE 43, 2 [ml/l], WS = 2
# name 23 = nbin: number of scans per bin
# name 24 = flag: flag
# span 0 =      13706,      41570       
# span 1 =    571.062,   1732.046       
# span 2 =      2.000,   1127.000       
# span 3 =     0.9609,     6.3192       
# span 4 =   2.874330,   3.296164       
# span 5 =     0.9660,     6.3184       
# span 6 =   2.876247,   3.297468       
# span 7 =     -14.88,      99.57       
# span 8 =     0.0086,     0.6981       
# span 9 =     2.5322,     3.4375       
# span 10 =     2.2776,     3.0438      
# span 11 =  1.7245810,  2.0235426      
# span 12 =  0.7946198,  1.4162405      
# span 13 =   48.16306,   48.16420      
# span 14 =  -46.40807,  -46.40534      
# span 15 =    33.0537,    34.9114      
# span 16 =    33.0700,    34.9278      
# span 17 =     0.9590,     6.3168      
# span 18 =     0.9642,     6.3163      
# span 19 =    25.9912,    27.7494      
# span 20 =    26.0031,    27.7626      
# span 21 =    5.92164,    8.14828      
# span 22 =    6.13638,    8.32304      
# span 23 =          9,         98      
# span 24 = 0.0000e+00, 0.0000e+00      
# interval = decibars: 1                
# start_time = Jul 03 2013 07:29:28 [NMEA time, header]
# bad_flag = -9.990e-29
*END*
[from data line 638]
      30157   1256.484    640.000     3.8852   3.263712     3.8850   3.265055      78.51     0.0099     2.7630     2.4852  1.9536020  1.1108048   48.16318  -46.40630    34.8778    34.8940     3.8387     3.8385    27.7058    27.7187    6.22014    6.41920         16 0.0000e+00
      30173   1257.160    641.000     3.8856   3.263804     3.8852   3.265130      94.56     0.0111     2.7624     2.4848  1.9536020  1.1107526   48.16318  -46.40630    34.8779    34.8941     3.8390     3.8386    27.7059    27.7188    6.21899    6.41884         17 0.0000e+00
      30191   1257.905    642.000     3.8865   3.263959     3.8863   3.265289      95.59     0.0126     2.7620     2.4846  1.9546771  1.1103466   48.16317  -46.40630    34.8783    34.8943     3.8398     3.8396    27.7061    27.7189    6.22543    6.42618         19 0.0000e+00
      30212   1258.777    643.000     3.8873   3.264080     3.8870   3.265398      37.76     0.0125     2.7622     2.4849  1.9555019  1.1099079   48.16316  -46.40630    34.8784    34.8944     3.8406     3.8402    27.7061    27.7189    6.22893    6.42729         24 0.0000e+00
      30245   1260.173    644.000     3.8904   3.264453     3.8895   3.265725      86.99     0.0127     2.7626     2.4845  1.9527414  1.1101873   48.16316  -46.40630    34.8790    34.8950     3.8435     3.8427    27.7063    27.7191    6.23193    6.42079         46 0.0000e+00
      30289   1262.001    645.000     3.8925   3.264746     3.8923   3.266087      84.76     0.0114     2.7619     2.4836  1.9525808  1.1109272   48.16316  -46.40631    34.8798    34.8958     3.8455     3.8454    27.7067    27.7195    6.21768    6.41616         31 0.0000e+00
      30313   1262.986    646.000     3.8941   3.264980     3.8937   3.266295      90.17     0.0150     2.7611     2.4832  1.9539043  1.1111220   48.16316  -46.40632    34.8802    34.8963     3.8471     3.8466    27.7069    27.7197    6.21797    6.41922         20 0.0000e+00
      30330   1263.716    647.000     3.8941   3.265048     3.8937   3.266359      95.23     0.0129     2.7609     2.4833  1.9542264  1.1111112   48.16316  -46.40632    34.8805    34.8965     3.8470     3.8466    27.7071    27.7199    6.21371    6.42016         16 0.0000e+00
      30345   1264.328    648.000     3.8944   3.265121     3.8938   3.266416      96.11     0.0142     2.7597     2.4831  1.9541231  1.1111112   48.16316  -46.40632    34.8806    34.8966     3.8472     3.8466    27.7072    27.7200    6.21199    6.42183         14 0.0000e+00
      30358   1264.887    649.000     3.8944   3.265179     3.8941   3.266500      96.67     0.0123     2.7598     2.4829  1.9543580  1.1111112   48.16314  -46.40630    34.8807    34.8968     3.8472     3.8468    27.7073    27.7201    6.21770    6.42074         13 0.0000e+00
      30371   1265.427    650.000     3.8937   3.265146     3.8935   3.266488      78.13     0.0108     2.7592     2.4829  1.9545449  1.1111112   48.16314  -46.40630    34.8805    34.8968     3.8464     3.8461    27.7072    27.7201    6.21728    6.42326         13 0.0000e+00
      30385   1265.982    651.000     3.8935   3.265183     3.8931   3.266514      90.64     0.0113     2.7592     2.4827  1.9537731  1.1111112   48.16314  -46.40630    34.8807    34.8969     3.8461     3.8457    27.7074    27.7203    6.21852    6.42570         14 0.0000e+00
      30399   1266.592    652.000     3.8935   3.265243     3.8934   3.266587      95.93     0.0146     2.7586     2.4831  1.9536054  1.1111112   48.16314  -46.40630    34.8808    34.8969     3.8460     3.8459    27.7075    27.7203    6.21884    6.42671         16 0.0000e+00
      30417   1267.350    653.000     3.8934   3.265282     3.8932   3.266608      96.43     0.0140     2.7585     2.4826  1.9536020  1.1111112   48.16314  -46.40630    34.8809    34.8969     3.8459     3.8456    27.7075    27.7203    6.21261    6.42432         21 0.0000e+00
      30445   1268.499    654.000     3.8928   3.265264     3.8924   3.266584      87.34     0.0137     2.7572     2.4827  1.9547108  1.1111112   48.16314  -46.40632    34.8809    34.8969     3.8451     3.8448    27.7076    27.7204    6.21599    6.42691         33 0.0000e+00
      30475   1269.732    655.000     3.8903   3.265087     3.8908   3.266475      55.50     0.0138     2.7571     2.4826  1.9555657  1.1111112   48.16313  -46.40632    34.8808    34.8968     3.8426     3.8431    27.7078    27.7205    6.22357    6.42673         24 0.0000e+00
      30496   1270.635    656.000     3.8874   3.264862     3.8873   3.266201      96.69     0.0124     2.7576     2.4824  1.9571064  1.1111112   48.16312  -46.40632    34.8807    34.8967     3.8397     3.8395    27.7080    27.7208    6.23569    6.42325         21 0.0000e+00
      30517   1271.506    657.000     3.8868   3.264845     3.8866   3.266178      82.94     0.0167     2.7582     2.4818  1.9569346  1.1111112   48.16312  -46.40632    34.8806    34.8967     3.8390     3.8387    27.7080    27.7209    6.22558    6.41598         22 0.0000e+00
      30545   1272.653    658.000     3.8851   3.264714     3.8854   3.266105      95.34     0.0163     2.7574     2.4809  1.9560703  1.1111112   48.16312  -46.40632    34.8803    34.8965     3.8372     3.8375    27.7080    27.7208    6.21771    6.41838         34 0.0000e+00
      30577   1274.009    659.000     3.8831   3.264579     3.8836   3.265980      90.01     0.0182     2.7559     2.4801  1.9560440  1.1106147   48.16312  -46.40632    34.8803    34.8964     3.8352     3.8356    27.7082    27.7209    6.20544    6.40999         26 0.0000e+00
      30596   1274.809    660.000     3.8824   3.264569     3.8824   3.265910      84.92     0.0179     2.7549     2.4790  1.9559609  1.1105393   48.16312  -46.40632    34.8804    34.8964     3.8345     3.8343    27.7083    27.7211    6.20262    6.40775         15 0.0000e+00
      30610   1275.384    661.000     3.8804   3.264423     3.8801   3.265734      96.86     0.0165     2.7535     2.4785  1.9560452  1.1104524   48.16312  -46.40632    34.8802    34.8961     3.8323     3.8319    27.7084    27.7211    6.20591    6.41592         13 0.0000e+00
      30622   1275.868    662.000     3.8802   3.264449     3.8797   3.265759      96.50     0.0171     2.7538     2.4784  1.9556059  1.1100072   48.16312  -46.40632    34.8803    34.8964     3.8320     3.8315    27.7085    27.7213    6.21506    6.42056         11 0.0000e+00
      30633   1276.316    663.000     3.8808   3.264568     3.8804   3.265890      96.65     0.0164     2.7535     2.4785  1.9549391  1.1098891   48.16312  -46.40632    34.8805    34.8967     3.8326     3.8321    27.7086    27.7215    6.21542    6.42552         10 0.0000e+00
      30643   1276.755    664.000     3.8822   3.264762     3.8816   3.266059      96.71     0.0137     2.7535     2.4786  1.9551581  1.1098901   48.16312  -46.40632    34.8809    34.8969     3.8338     3.8332    27.7088    27.7216    6.22218    6.42726         11 0.0000e+00
      30654   1277.218    665.000     3.8832   3.264896     3.8825   3.266201      96.20     0.0112     2.7530     2.4786  1.9550294  1.1098901   48.16312  -46.40632    34.8809    34.8971     3.8347     3.8340    27.7087    27.7217    6.22577    6.42746         12 0.0000e+00
      30668   1277.773    666.000     3.8872   3.265352     3.8867   3.266691      96.66     0.0108     2.7539     2.4787  1.9554592  1.1098901   48.16312  -46.40632    34.8815    34.8979     3.8386     3.8382    27.7088    27.7219    6.22936    6.42692         15 0.0000e+00
      30730   1280.391    667.000     3.8871   3.265361     3.8863   3.266635      92.01     0.0114     2.7531     2.4762  1.9554274  1.1104501   48.16311  -46.40634    34.8812    34.8972     3.8385     3.8377    27.7086    27.7213    6.20442    6.40463         20 0.0000e+00
      30784   1282.605    668.000     3.8879   3.265535     3.8868   3.266790      75.59     0.0129     2.7498     2.4726  1.9548227  1.1109079   48.16310  -46.40636    34.8818    34.8980     3.8392     3.8381    27.7090    27.7219    6.18543    6.39132         12 0.0000e+00
      30794   1283.062    669.000     3.8911   3.265905     3.8908   3.267236      96.56     0.0149     2.7494     2.4726  1.9544573  1.1106232   48.16310  -46.40638    34.8824    34.8984     3.8423     3.8420    27.7091    27.7219    6.19076    6.39719         10 0.0000e+00
      30805   1283.485    670.000     3.8915   3.265987     3.8909   3.267297      96.68     0.0167     2.7487     2.4724  1.9547040  1.1111177   48.16310  -46.40638    34.8824    34.8986     3.8426     3.8420    27.7090    27.7221    6.19212    6.40298         10 0.0000e+00
      30814   1283.887    671.000     3.8926   3.266153     3.8919   3.267459      96.58     0.0173     2.7485     2.4721  1.9546869  1.1105520   48.16310  -46.40638    34.8826    34.8989     3.8436     3.8429    27.7092    27.7222    6.18905    6.40372          9 0.0000e+00
      30824   1284.281    672.000     3.8967   3.266647     3.8953   3.267885      81.13     0.0186     2.7473     2.4722  1.9548265  1.1098720   48.16310  -46.40638    34.8837    34.8999     3.8476     3.8462    27.7096    27.7226    6.19126    6.40389         10 0.0000e+00
      30833   1284.686    673.000     3.9017   3.267204     3.9011   3.268530      76.91     0.0211     2.7470     2.4722  1.9548229  1.1098901   48.16310  -46.40638    34.8844    34.9008     3.8525     3.8519    27.7097    27.7228    6.19323    6.40531         10 0.0000e+00
      30844   1285.112    674.000     3.9034   3.267417     3.9032   3.268765      96.16     0.0217     2.7471     2.4719  1.9548229  1.1098901   48.16310  -46.40638    34.8846    34.9009     3.8541     3.8539    27.7097    27.7226    6.20371    6.40113         11 0.0000e+00
      30855   1285.588    675.000     3.9031   3.267442     3.9031   3.268796      96.32     0.0186     2.7469     2.4718  1.9548229  1.1098901   48.16310  -46.40638    34.8847    34.9008     3.8538     3.8537    27.7098    27.7226    6.20702    6.39968         12 0.0000e+00
      30878   1286.533    676.000     3.9031   3.267466     3.9029   3.268808      96.55     0.0167     2.7463     2.4706  1.9559718  1.1110390   48.16310  -46.40638    34.8845    34.9006     3.8537     3.8535    27.7096    27.7225    6.19441    6.38600         23 0.0000e+00
      30974   1290.531    677.000     3.9021   3.267397     3.8999   3.268533      96.72     0.0165     2.7376     2.4623  1.9581984  1.1123289   48.16308  -46.40640    34.8842    34.9000     3.8526     3.8504    27.7095    27.7223    6.13497    6.33622         13 0.0000e+00
      30986   1291.061    678.000     3.9074   3.268022     3.9060   3.269251      96.58     0.0161     2.7354     2.4609  1.9579778  1.1123321   48.16308  -46.40640    34.8855    34.9016     3.8578     3.8563    27.7100    27.7230    6.13489    6.33940         12 0.0000e+00
      30998   1291.539    679.000     3.9142   3.268784     3.9123   3.269969      96.68     0.0148     2.7340     2.4594  1.9581519  1.1123321   48.16308  -46.40640    34.8868    34.9028     3.8645     3.8626    27.7103    27.7233    6.13034    6.33764         11 0.0000e+00
      31009   1291.990    680.000     3.9169   3.269098     3.9150   3.270273      95.29     0.0137     2.7336     2.4588  1.9575011  1.1122235   48.16308  -46.40640    34.8871    34.9031     3.8671     3.8652    27.7103    27.7232    6.13091    6.33845         11 0.0000e+00
      31019   1292.435    681.000     3.9170   3.269165     3.9164   3.270461      72.96     0.0154     2.7311     2.4581  1.9572662  1.1123314   48.16308  -46.40640    34.8873    34.9033     3.8672     3.8665    27.7104    27.7232    6.12423    6.33710         10 0.0000e+00
      31030   1292.886    682.000     3.9168   3.269190     3.9160   3.270462      72.12     0.0175     2.7301     2.4568  1.9572649  1.1122183   48.16308  -46.40641    34.8873    34.9032     3.8668     3.8660    27.7105    27.7233    6.12703    6.33199         11 0.0000e+00
      31042   1293.360    683.000     3.9247   3.270085     3.9214   3.271135      72.07     0.0161     2.7294     2.4559  1.9572649  1.1122304   48.16308  -46.40642    34.8890    34.9050     3.8746     3.8713    27.7111    27.7241    6.12538    6.32507         12 0.0000e+00
      31055   1293.916    684.000     3.9432   3.272030     3.9388   3.272976      87.53     0.0133     2.7279     2.4544  1.9586473  1.1128199   48.16308  -46.40642    34.8920    34.9079     3.8929     3.8885    27.7115    27.7246    6.10897    6.31236         15 0.0000e+00
      31085   1295.157    685.000     3.9599   3.273780     3.9591   3.275066      95.22     0.0140     2.7231     2.4504  1.9599555  1.1142061   48.16308  -46.40642    34.8945    34.9106     3.9095     3.9094    27.7118    27.7247    6.08835    6.29185         44 0.0000e+00
      31137   1297.325    686.000     3.9688   3.274730     3.9693   3.276152      96.14     0.0099     2.7162     2.4437  1.9609858  1.1161127   48.16308  -46.40644    34.8958    34.9121     3.9182     3.9186    27.7120    27.7249    6.07680    6.28170         28 0.0000e+00
      31157   1298.183    687.000     3.9760   3.275532     3.9762   3.276932      84.70     0.0113     2.7134     2.4423  1.9611712  1.1175760   48.16308  -46.40644    34.8971    34.9135     3.9254     3.9255    27.7122    27.7252    6.07224    6.27975         20 0.0000e+00
      31178   1299.032    688.000     3.9908   3.277122     3.9889   3.278302      70.68     0.0130     2.7116     2.4402  1.9611607  1.1177377   48.16308  -46.40644    34.8998    34.9157     3.9399     3.9381    27.7129    27.7258    6.07292    6.27652         21 0.0000e+00
      31199   1299.924    689.000     3.9987   3.278001     3.9974   3.279244      82.42     0.0116     2.7103     2.4393  1.9617513  1.1183172   48.16307  -46.40644    34.9013    34.9172     3.9477     3.9501    27.7132    27.7260    6.07473    6.28437         22 0.0000e+00
      31221   1300.838    690.000     3.9997   3.278146     3.9994   3.279461      49.60     0.0140     2.7093     2.4384  1.9622095  1.1184962   48.16306  -46.40644    34.9014    34.9173     3.9487     3.9483    27.7133    27.7260    6.07039    6.27757         21 0.0000e+00
      31241   1301.674    691.000     3.9989   3.278121     3.9986   3.279433      96.32     0.0170     2.7072     2.4372  1.9629266  1.1195391   48.16306  -46.40645    34.9015    34.9173     3.9478     3.9475    27.7134    27.7260    6.06067    6.26927         19 0.0000e+00
      31259   1302.399    692.000     3.9989   3.278156     3.9985   3.279473      96.17     0.0167     2.7058     2.4361  1.9655957  1.1221124   48.16306  -46.40646    34.9014    34.9173     3.9477     3.9473    27.7133    27.7261    6.06611    6.26659         16 0.0000e+00
      31274   1303.021    693.000     3.9988   3.278201     3.9984   3.279516      96.67     0.0180     2.7058     2.4348  1.9654630  1.1220129   48.16308  -46.40646    34.9015    34.9175     3.9475     3.9471    27.7134    27.7262    6.06954    6.26911         14 0.0000e+00
      31287   1303.575    694.000     3.9991   3.278286     3.9990   3.279630      96.61     0.0179     2.7050     2.4346  1.9655292  1.1218213   48.16308  -46.40646    34.9016    34.9177     3.9478     3.9476    27.7135    27.7263    6.07279    6.27696         13 0.0000e+00
      31299   1304.092    695.000     4.0000   3.278421     3.9998   3.279774      88.92     0.0166     2.7046     2.4343  1.9668975  1.1220933   48.16308  -46.40646    34.9017    34.9180     3.9486     3.9483    27.7135    27.7265    6.06913    6.27912         12 0.0000e+00
      31311   1304.594    696.000     4.0007   3.278548     4.0004   3.279876      71.46     0.0183     2.7041     2.4342  1.9670309  1.1221001   48.16307  -46.40646    34.9020    34.9181     3.9492     3.9488    27.7136    27.7265    6.06969    6.27800         12 0.0000e+00
