data/CTD/2013/CNV/D021A049.CNV
* Sea-Bird SBE 9 Data File:
* FileName = C:\CTD_ACQUISITION\2013021HUD\ctddata\021A049.hdr
* Software Version Seasave V 7.22.2
* Temperature SN = 5081
* Conductivity SN = 3561
* Number of Bytes Per Scan = 37
* Number of Voltage Words = 4
* Number of Scans Averaged by the Deck Unit = 1
* NMEA Latitude = 48 56.14 N
* NMEA Longitude = 045 49.78 W
* NMEA UTC (Time) = Jul 04 2013 22:48:08
* NMEA baud rate = 9600
** Ship: Hudson
** Cruise: HUD2013021
** Chief_Scientist: Greenan
** Organization: BIO
** Area_of_Operation: Sackville Spur
** Station: 49
** Sounding:  2572
** Event_Comments: SS28  393207
# nquan = 25
# nvalues = 2480                        
# units = specified
# name 0 = scan: Scan Count
# name 1 = timeS: Time, Elapsed [seconds]
# name 2 = prDM: Pressure, Digiquartz [db]
# name 3 = t068C: Temperature [ITS-68, deg C]
# name 4 = c0S/m: Conductivity [S/m]
# name 5 = t168C: Temperature, 2 [ITS-68, deg C]
# name 6 = c1S/m: Conductivity, 2 [S/m]
# name 7 = altM: Altimeter [m]
# name 8 = flCUVA: Fluorescence, Chelsea UV Aquatracka [ug/l]
# name 9 = sbeox0V: Oxygen raw, SBE 43 [V]
# name 10 = sbeox1V: Oxygen raw, SBE 43, 2 [V]
# name 11 = upoly0: Upoly 0, Optode 4330F - O2 D-Phase
# name 12 = upoly1: Upoly 1, Optode 4330F - O2 Temp
# name 13 = latitude: Latitude [deg]
# name 14 = longitude: Longitude [deg]
# name 15 = sal00: Salinity, Practical [PSU]
# name 16 = sal11: Salinity, Practical, 2 [PSU]
# name 17 = potemp068C: Potential Temperature [ITS-68, deg C]
# name 18 = potemp168C: Potential Temperature, 2 [ITS-68, deg C]
# name 19 = sigma-é00: Density [sigma-theta, Kg/m^3]
# name 20 = sigma-é11: Density, 2 [sigma-theta, Kg/m^3]
# name 21 = sbeox0ML/L: Oxygen, SBE 43 [ml/l], WS = 2
# name 22 = sbeox1ML/L: Oxygen, SBE 43, 2 [ml/l], WS = 2
# name 23 = nbin: number of scans per bin
# name 24 = flag: flag
# span 0 =       8008,      63560       
# span 1 =    333.629,   2648.308       
# span 2 =      2.000,   2481.000       
# span 3 =     2.4940,     8.2907       
# span 4 =   3.158422,   3.550355       
# span 5 =     2.4932,     8.2898       
# span 6 =   3.159712,   3.551657       
# span 7 =       2.19,      98.23       
# span 8 =     0.0049,     0.5085       
# span 9 =     2.1878,     3.3502       
# span 10 =     1.9680,     2.9969      
# span 11 =  1.6882242,  2.1111471      
# span 12 =  0.9352900,  1.6654816      
# span 13 =   48.93602,   48.93754      
# span 14 =  -45.83040,  -45.82962      
# span 15 =    33.8557,    35.1418      
# span 16 =    33.8746,    34.9381      
# span 17 =     2.3059,     8.2902      
# span 18 =     2.3050,     8.2894      
# span 19 =    26.4108,    27.9285      
# span 20 =    26.4228,    27.8896      
# span 21 =    5.87891,    6.71721      
# span 22 =    6.08766,    6.84905      
# span 23 =         13,         82      
# span 24 = 0.0000e+00, 0.0000e+00      
# interval = decibars: 1                
# start_time = Jul 04 2013 22:48:08 [NMEA time, header]
# bad_flag = -9.990e-29
*END*
[from data line 522]
      22041    918.351    524.000     3.9046   3.260879     3.9044   3.262188      96.32     0.0129     2.7881     2.5044  1.9536020  1.1135532   48.93664  -45.82964    34.8848    34.9005     3.8669     3.8667    27.7085    27.7210    6.19630    6.37618         18 0.0000e+00
      22059    919.069    525.000     3.9049   3.260956     3.9047   3.262278      95.96     0.0152     2.7875     2.5036  1.9538133  1.1135532   48.93664  -45.82964    34.8849    34.9007     3.8671     3.8669    27.7085    27.7212    6.19794    6.37833         17 0.0000e+00
      22077    919.820    526.000     3.9053   3.261054     3.9051   3.262360      95.64     0.0175     2.7873     2.5035  1.9548054  1.1135532   48.93664  -45.82964    34.8850    34.9008     3.8675     3.8672    27.7086    27.7212    6.20628    6.39130         19 0.0000e+00
      22098    920.727    527.000     3.9056   3.261125     3.9054   3.262436      75.14     0.0178     2.7877     2.5043  1.9548229  1.1135532   48.93664  -45.82964    34.8850    34.9009     3.8677     3.8674    27.7086    27.7212    6.21367    6.39963         25 0.0000e+00
      22127    921.904    528.000     3.9052   3.261142     3.9053   3.262479      92.72     0.0181     2.7887     2.5050  1.9531392  1.1134236   48.93664  -45.82964    34.8851    34.9010     3.8672     3.8672    27.7087    27.7213    6.21561    6.39564         29 0.0000e+00
      22151    922.935    529.000     3.9035   3.261014     3.9039   3.262393      94.79     0.0173     2.7890     2.5052  1.9533135  1.1133779   48.93664  -45.82964    34.8849    34.9008     3.8654     3.8658    27.7087    27.7214    6.21411    6.39410         21 0.0000e+00
      22170    923.715    530.000     3.9033   3.261052     3.9028   3.262345      94.75     0.0135     2.7892     2.5050  1.9548361  1.1135547   48.93664  -45.82964    34.8850    34.9009     3.8651     3.8647    27.7089    27.7215    6.21597    6.39440         17 0.0000e+00
      22186    924.389    531.000     3.9040   3.261178     3.9038   3.262501      94.71     0.0118     2.7893     2.5051  1.9548229  1.1135532   48.93664  -45.82964    34.8853    34.9012     3.8657     3.8656    27.7090    27.7217    6.21160    6.40043         16 0.0000e+00
      22202    925.041    532.000     3.8989   3.260717     3.8994   3.262124      94.73     0.0153     2.7887     2.5056  1.9546015  1.1134794   48.93664  -45.82964    34.8847    34.9009     3.8606     3.8630    27.7091    27.7219    6.21443    6.40530         16 0.0000e+00
      22219    925.736    533.000     3.8903   3.259930     3.8908   3.261330      94.87     0.0157     2.7895     2.5057  1.9536221  1.1131294   48.93664  -45.82964    34.8839    34.9000     3.8520     3.8525    27.7093    27.7221    6.22397    6.40712         17 0.0000e+00
      22239    926.566    534.000     3.8894   3.259887     3.8894   3.261225      94.82     0.0196     2.7897     2.5062  1.9536020  1.1132324   48.93664  -45.82964    34.8838    34.8998     3.8510     3.8510    27.7094    27.7221    6.22223    6.40216         23 0.0000e+00
      22265    927.657    535.000     3.8901   3.259997     3.8899   3.261321      94.96     0.0205     2.7899     2.5054  1.9554791  1.1124656   48.93664  -45.82964    34.8839    34.8998     3.8516     3.8514    27.7094    27.7220    6.22152    6.39328         29 0.0000e+00
      22293    928.816    536.000     3.8901   3.260037     3.8899   3.261368      42.53     0.0153     2.7892     2.5048  1.9560057  1.1121798   48.93664  -45.82964    34.8838    34.8998     3.8515     3.8513    27.7093    27.7221    6.21179    6.39391         25 0.0000e+00
      22316    929.797    537.000     3.8896   3.260032     3.8895   3.261366      96.40     0.0121     2.7888     2.5043  1.9535370  1.1110820   48.93664  -45.82964    34.8837    34.8997     3.8510     3.8509    27.7093    27.7220    6.21139    6.39572         22 0.0000e+00
      22337    930.660    538.000     3.8893   3.260049     3.8891   3.261369      95.17     0.0131     2.7879     2.5041  1.9536020  1.1111112   48.93664  -45.82964    34.8837    34.8996     3.8506     3.8504    27.7093    27.7220    6.21013    6.39529         20 0.0000e+00
      22356    931.473    539.000     3.8892   3.260084     3.8890   3.261407      93.33     0.0159     2.7879     2.5038  1.9536020  1.1111112   48.93664  -45.82964    34.8837    34.8996     3.8505     3.8502    27.7093    27.7220    6.21170    6.39980         19 0.0000e+00
      22376    932.279    540.000     3.8896   3.260167     3.8893   3.261472      92.85     0.0168     2.7870     2.5039  1.9536020  1.1111112   48.93664  -45.82964    34.8837    34.8996     3.8508     3.8504    27.7093    27.7220    6.20804    6.40128         20 0.0000e+00
      22396    933.106    541.000     3.8901   3.260264     3.8898   3.261574      95.52     0.0154     2.7866     2.5039  1.9539689  1.1111112   48.93666  -45.82964    34.8839    34.8997     3.8511     3.8509    27.7094    27.7220    6.21212    6.40496         20 0.0000e+00
      22416    933.977    542.000     3.8913   3.260448     3.8908   3.261732      95.84     0.0121     2.7862     2.5044  1.9548204  1.1111112   48.93666  -45.82964    34.8843    34.9000     3.8522     3.8518    27.7096    27.7222    6.21525    6.41150         22 0.0000e+00
      22439    934.917    543.000     3.8913   3.260490     3.8913   3.261838      95.52     0.0117     2.7868     2.5048  1.9545574  1.1111112   48.93666  -45.82964    34.8842    34.9002     3.8522     3.8537    27.7095    27.7222    6.22313    6.41543         23 0.0000e+00
      22462    935.880    544.000     3.8888   3.260303     3.8885   3.261618      95.60     0.0147     2.7866     2.5055  1.9523705  1.1111112   48.93666  -45.82964    34.8841    34.9000     3.8497     3.8493    27.7097    27.7224    6.21674    6.41650         23 0.0000e+00
      22483    936.761    545.000     3.8879   3.260259     3.8876   3.261573      95.54     0.0170     2.7867     2.5057  1.9523809  1.1111112   48.93666  -45.82964    34.8840    34.9000     3.8486     3.8483    27.7098    27.7225    6.22064    6.41167         19 0.0000e+00
      22502    937.547    546.000     3.8862   3.260133     3.8861   3.261470      96.27     0.0154     2.7866     2.5056  1.9536097  1.1111112   48.93666  -45.82964    34.8838    34.8998     3.8469     3.8468    27.7097    27.7225    6.22608    6.40868         19 0.0000e+00
      22520    938.287    547.000     3.8789   3.259450     3.8805   3.260956      96.29     0.0156     2.7873     2.5053  1.9538161  1.1111112   48.93666  -45.82964    34.8829    34.8991     3.8395     3.8412    27.7098    27.7225    6.22427    6.40865         17 0.0000e+00
      22538    939.037    548.000     3.8754   3.259172     3.8751   3.260503      90.61     0.0152     2.7868     2.5051  1.9537311  1.1111112   48.93666  -45.82964    34.8828    34.8989     3.8360     3.8357    27.7101    27.7229    6.22136    6.41230         19 0.0000e+00
      22558    939.869    549.000     3.8752   3.259220     3.8751   3.260547      71.02     0.0153     2.7866     2.5050  1.9536059  1.1111112   48.93666  -45.82964    34.8830    34.8989     3.8358     3.8356    27.7103    27.7229    6.22334    6.40938         22 0.0000e+00
      22581    940.851    550.000     3.8754   3.259281     3.8753   3.260596      95.89     0.0147     2.7864     2.5043  1.9537034  1.1110605   48.93666  -45.82964    34.8830    34.8988     3.8359     3.8357    27.7102    27.7228    6.22444    6.40329         24 0.0000e+00
      22606    941.865    551.000     3.8756   3.259342     3.8754   3.260661      96.27     0.0120     2.7868     2.5035  1.9548594  1.1098520   48.93666  -45.82964    34.8830    34.8989     3.8359     3.8358    27.7103    27.7229    6.22781    6.39978         23 0.0000e+00
      22627    942.755    552.000     3.8755   3.259383     3.8753   3.260700      96.02     0.0146     2.7862     2.5029  1.9548229  1.1098901   48.93666  -45.82964    34.8831    34.8989     3.8358     3.8356    27.7103    27.7229    6.22484    6.40588         21 0.0000e+00
      22647    943.573    553.000     3.8754   3.259417     3.8751   3.260719      96.21     0.0171     2.7864     2.5028  1.9547595  1.1098901   48.93666  -45.82964    34.8831    34.8989     3.8356     3.8353    27.7103    27.7229    6.22801    6.41260         19 0.0000e+00
      22667    944.430    554.000     3.8757   3.259490     3.8754   3.260797      96.03     0.0213     2.7862     2.5031  1.9547673  1.1098901   48.93666  -45.82962    34.8831    34.8989     3.8358     3.8355    27.7104    27.7230    6.22501    6.41959         22 0.0000e+00
      22691    945.419    555.000     3.8761   3.259572     3.8759   3.260883      95.95     0.0177     2.7860     2.5037  1.9535996  1.1098901   48.93666  -45.82962    34.8831    34.8989     3.8361     3.8359    27.7103    27.7229    6.23018    6.42770         25 0.0000e+00
      22714    946.390    556.000     3.8737   3.259378     3.8737   3.260717      95.55     0.0137     2.7863     2.5046  1.9532475  1.1098901   48.93668  -45.82964    34.8828    34.8988     3.8337     3.8336    27.7103    27.7230    6.23741    6.42724         21 0.0000e+00
      22734    947.223    557.000     3.8716   3.259229     3.8715   3.260557      41.53     0.0107     2.7870     2.5050  1.9534773  1.1098901   48.93668  -45.82964    34.8827    34.8986     3.8315     3.8314    27.7105    27.7232    6.23150    6.42737         19 0.0000e+00
      22753    948.001    558.000     3.8707   3.259185     3.8706   3.260529      77.38     0.0095     2.7863     2.5053  1.9536022  1.1098901   48.93668  -45.82964    34.8827    34.8987     3.8305     3.8304    27.7105    27.7233    6.23791    6.42955         19 0.0000e+00
      22772    948.810    559.000     3.8677   3.258970     3.8680   3.260339      96.12     0.0109     2.7874     2.5056  1.9536020  1.1098901   48.93668  -45.82964    34.8827    34.8987     3.8275     3.8278    27.7109    27.7236    6.24919    6.42780         20 0.0000e+00
      22794    949.723    560.000     3.8656   3.258821     3.8659   3.260186      95.68     0.0129     2.7876     2.5053  1.9536020  1.1093343   48.93668  -45.82964    34.8826    34.8985     3.8253     3.8256    27.7110    27.7237    6.23768    6.42061         24 0.0000e+00
      22819    950.753    561.000     3.8646   3.258766     3.8643   3.260078      91.05     0.0146     2.7874     2.5049  1.9536020  1.1092061   48.93668  -45.82964    34.8826    34.8985     3.8242     3.8239    27.7111    27.7238    6.23816    6.42136         25 0.0000e+00
      22844    951.772    562.000     3.8642   3.258778     3.8639   3.260089      95.84     0.0137     2.7876     2.5045  1.9536020  1.1086572   48.93668  -45.82964    34.8826    34.8985     3.8238     3.8235    27.7111    27.7238    6.23685    6.42408         23 0.0000e+00
      22865    952.667    563.000     3.8636   3.258765     3.8633   3.260085      94.72     0.0104     2.7867     2.5048  1.9536020  1.1086692   48.93668  -45.82964    34.8825    34.8985     3.8231     3.8228    27.7112    27.7239    6.23474    6.43235         20 0.0000e+00
      22884    953.450    564.000     3.8633   3.258794     3.8631   3.260119      95.95     0.0146     2.7869     2.5048  1.9534642  1.1086003   48.93668  -45.82964    34.8826    34.8986     3.8227     3.8225    27.7113    27.7241    6.23943    6.43058         18 0.0000e+00
      22901    954.175    565.000     3.8632   3.258829     3.8630   3.260154      96.05     0.0148     2.7869     2.5052  1.9535309  1.1086700   48.93670  -45.82964    34.8826    34.8986     3.8226     3.8224    27.7113    27.7240    6.23347    6.43393         17 0.0000e+00
      22919    954.899    566.000     3.8631   3.258871     3.8628   3.260180      96.02     0.0148     2.7860     2.5052  1.9535341  1.1086692   48.93670  -45.82964    34.8827    34.8986     3.8224     3.8221    27.7114    27.7241    6.23402    6.42898         18 0.0000e+00
      22938    955.693    567.000     3.8628   3.258887     3.8626   3.260196      96.28     0.0121     2.7860     2.5047  1.9524590  1.1080413   48.93670  -45.82964    34.8827    34.8985     3.8220     3.8217    27.7114    27.7241    6.23982    6.42726         21 0.0000e+00
      22961    956.663    568.000     3.8617   3.258831     3.8615   3.260148      96.22     0.0080     2.7860     2.5048  1.9523823  1.1080121   48.93670  -45.82964    34.8827    34.8986     3.8208     3.8206    27.7115    27.7242    6.23640    6.43433         26 0.0000e+00
      22988    957.787    569.000     3.8606   3.258776     3.8604   3.260103      79.08     0.0098     2.7853     2.5049  1.9535725  1.1079640   48.93670  -45.82964    34.8826    34.8986     3.8197     3.8195    27.7116    27.7244    6.23382    6.43031         26 0.0000e+00
      23012    958.800    570.000     3.8596   3.258744     3.8593   3.260060      81.85     0.0144     2.7847     2.5045  1.9535462  1.1081184   48.93670  -45.82964    34.8828    34.8987     3.8186     3.8183    27.7119    27.7246    6.23188    6.43030         22 0.0000e+00
      23032    959.640    571.000     3.8590   3.258755     3.8588   3.260076      96.53     0.0157     2.7841     2.5042  1.9524263  1.1081557   48.93670  -45.82964    34.8830    34.8990     3.8179     3.8177    27.7121    27.7248    6.23289    6.42385         19 0.0000e+00
      23050    960.369    572.000     3.8587   3.258777     3.8585   3.260103      96.05     0.0152     2.7841     2.5036  1.9523814  1.1080238   48.93670  -45.82964    34.8831    34.8991     3.8175     3.8173    27.7122    27.7249    6.23354    6.42107         17 0.0000e+00
      23066    961.050    573.000     3.8587   3.258814     3.8583   3.260137      96.27     0.0169     2.7835     2.5031  1.9524558  1.1079081   48.93672  -45.82964    34.8831    34.8992     3.8174     3.8171    27.7122    27.7250    6.23172    6.42381         16 0.0000e+00
      23083    961.738    574.000     3.8583   3.258836     3.8581   3.260155      96.25     0.0184     2.7832     2.5028  1.9531581  1.1081617   48.93672  -45.82964    34.8832    34.8991     3.8170     3.8167    27.7123    27.7250    6.23465    6.42605         17 0.0000e+00
      23101    962.505    575.000     3.8580   3.258858     3.8578   3.260176      96.17     0.0179     2.7832     2.5025  1.9533540  1.1081804   48.93672  -45.82964    34.8833    34.8992     3.8166     3.8164    27.7124    27.7251    6.23682    6.42305         20 0.0000e+00
      23126    963.547    576.000     3.8574   3.258865     3.8571   3.260186      96.07     0.0153     2.7828     2.5017  1.9526428  1.1078537   48.93672  -45.82964    34.8834    34.8994     3.8159     3.8157    27.7126    27.7254    6.23473    6.42394         31 0.0000e+00
      23162    965.031    577.000     3.8566   3.258848     3.8563   3.260168      91.87     0.0118     2.7820     2.5017  1.9520203  1.1078556   48.93672  -45.82964    34.8835    34.8995     3.8151     3.8148    27.7128    27.7255    6.22926    6.42883         36 0.0000e+00
      23191    966.239    578.000     3.8563   3.258877     3.8560   3.260191      35.15     0.0142     2.7811     2.5011  1.9511925  1.1079820   48.93672  -45.82964    34.8836    34.8996     3.8147     3.8144    27.7129    27.7256    6.22101    6.42271         23 0.0000e+00
      23211    967.086    579.000     3.8562   3.258920     3.8559   3.260235      96.56     0.0116     2.7796     2.5008  1.9514374  1.1079911   48.93672  -45.82964    34.8837    34.8997     3.8145     3.8142    27.7130    27.7257    6.22508    6.41256         18 0.0000e+00
      23228    967.785    580.000     3.8563   3.258981     3.8560   3.260303      95.18     0.0086     2.7801     2.4994  1.9523997  1.1081378   48.93673  -45.82964    34.8838    34.8998     3.8146     3.8143    27.7131    27.7259    6.23482    6.40690         16 0.0000e+00
