data/CTD/2013/CNV/D021A053.CNV
* Sea-Bird SBE 9 Data File:
* FileName = C:\CTD_ACQUISITION\2013021HUD\ctddata\021A053.hdr
* Software Version Seasave V 7.22.2
* Temperature SN = 5081
* Conductivity SN = 3561
* Number of Bytes Per Scan = 37
* Number of Voltage Words = 4
* Number of Scans Averaged by the Deck Unit = 1
* NMEA Latitude = 48 45.35 N
* NMEA Longitude = 045 38.39 W
* NMEA UTC (Time) = Jul 05 2013 05:32:39
* NMEA baud rate = 9600
** Ship: Hudson
** Cruise: HUD2013021
** Chief_Scientist: Greenan
** Organization: BIO
** Area_of_Operation: Sackville Spur
** Station: 53
** Sounding:  1400
** Event_Comments: SS24  393215
# nquan = 25
# nvalues = 1367                        
# units = specified
# name 0 = scan: Scan Count
# name 1 = timeS: Time, Elapsed [seconds]
# name 2 = prDM: Pressure, Digiquartz [db]
# name 3 = t068C: Temperature [ITS-68, deg C]
# name 4 = c0S/m: Conductivity [S/m]
# name 5 = t168C: Temperature, 2 [ITS-68, deg C]
# name 6 = c1S/m: Conductivity, 2 [S/m]
# name 7 = altM: Altimeter [m]
# name 8 = flCUVA: Fluorescence, Chelsea UV Aquatracka [ug/l]
# name 9 = sbeox0V: Oxygen raw, SBE 43 [V]
# name 10 = sbeox1V: Oxygen raw, SBE 43, 2 [V]
# name 11 = upoly0: Upoly 0, Optode 4330F - O2 D-Phase
# name 12 = upoly1: Upoly 1, Optode 4330F - O2 Temp
# name 13 = latitude: Latitude [deg]
# name 14 = longitude: Longitude [deg]
# name 15 = sal00: Salinity, Practical [PSU]
# name 16 = sal11: Salinity, Practical, 2 [PSU]
# name 17 = potemp068C: Potential Temperature [ITS-68, deg C]
# name 18 = potemp168C: Potential Temperature, 2 [ITS-68, deg C]
# name 19 = sigma-é00: Density [sigma-theta, Kg/m^3]
# name 20 = sigma-é11: Density, 2 [sigma-theta, Kg/m^3]
# name 21 = sbeox0ML/L: Oxygen, SBE 43 [ml/l], WS = 2
# name 22 = sbeox1ML/L: Oxygen, SBE 43, 2 [ml/l], WS = 2
# name 23 = nbin: number of scans per bin
# name 24 = flag: flag
# span 0 =       9483,      39491       
# span 1 =    395.067,   1645.432       
# span 2 =      3.000,   1369.000       
# span 3 =     2.0674,     7.7384       
# span 4 =   3.018046,   3.485131       
# span 5 =     2.0674,     7.7378       
# span 6 =   3.019342,   3.486596       
# span 7 =       4.37,      98.47       
# span 8 =     0.0058,     0.4454       
# span 9 =     2.4546,     3.3463       
# span 10 =     2.2068,     2.9913      
# span 11 =  1.7020301,  2.0435432      
# span 12 =  0.9013679,  1.5921856      
# span 13 =   48.75667,   48.75852      
# span 14 =  -45.64056,  -45.63915      
# span 15 =    33.6583,    34.9183      
# span 16 =    33.6787,    34.9346      
# span 17 =     2.0648,     7.7374      
# span 18 =     2.0648,     7.7367      
# span 19 =    26.3425,    27.7655      
# span 20 =    26.3557,    27.7785      
# span 21 =    5.87086,    7.21923      
# span 22 =    6.08546,    7.28482      
# span 23 =         13,         65      
# span 24 = 0.0000e+00, 0.0000e+00      
# interval = decibars: 1                
# start_time = Jul 05 2013 05:32:39 [NMEA time, header]
# bad_flag = -9.990e-29
*END*
[from data line 1276]
      37261   1552.491   1279.000     3.6781   3.276274     3.6777   3.277612      41.05     0.0195     2.4786     2.2271  2.0390244  1.0831345   48.75830  -45.64026    34.9177    34.9339     3.5809     3.5831    27.7637    27.7766    5.88816    6.09872         28 0.0000e+00
      37289   1553.668   1280.000     3.6768   3.276204     3.6766   3.277565      96.80     0.0184     2.4782     2.2269  2.0395999  1.0831221   48.75830  -45.64026    34.9177    34.9340     3.5796     3.5793    27.7638    27.7768    5.89163    6.10216         26 0.0000e+00
      37311   1554.601   1281.000     3.6764   3.276229     3.6760   3.277552      95.63     0.0171     2.4783     2.2270  2.0401688  1.0830284   48.75830  -45.64026    34.9179    34.9341     3.5791     3.5786    27.7640    27.7769    5.89256    6.10213         20 0.0000e+00
      37330   1555.366   1282.000     3.6751   3.276162     3.6749   3.277507      80.85     0.0172     2.4783     2.2266  2.0398655  1.0830281   48.75830  -45.64026    34.9180    34.9341     3.5777     3.5775    27.7642    27.7771    5.89819    6.10061         17 0.0000e+00
      37347   1556.083   1283.000     3.6740   3.276107     3.6737   3.277444      91.17     0.0176     2.4786     2.2267  2.0400057  1.0830281   48.75830  -45.64026    34.9180    34.9342     3.5765     3.5762    27.7644    27.7773    5.89259    6.10034         17 0.0000e+00
      37365   1556.826   1284.000     3.6737   3.276119     3.6729   3.277417      95.41     0.0138     2.4779     2.2262  2.0396540  1.0830281   48.75830  -45.64026    34.9179    34.9342     3.5762     3.5753    27.7643    27.7774    5.88272    6.10297         19 0.0000e+00
      37386   1557.691   1285.000     3.6730   3.276101     3.6725   3.277425      95.10     0.0145     2.4773     2.2264  2.0394998  1.0830802   48.75830  -45.64026    34.9180    34.9342     3.5754     3.5748    27.7644    27.7775    5.88684    6.10364         23 0.0000e+00
      37412   1558.799   1286.000     3.6728   3.276118     3.6723   3.277444      95.08     0.0123     2.4768     2.2260  2.0387726  1.0830277   48.75830  -45.64026    34.9179    34.9342     3.5751     3.5745    27.7644    27.7774    5.88790    6.10175         29 0.0000e+00
      37439   1559.897   1287.000     3.6727   3.276152     3.6722   3.277488      94.64     0.0155     2.4767     2.2258  2.0388613  1.0830281   48.75830  -45.64026    34.9179    34.9343     3.5749     3.5744    27.7645    27.7775    5.88794    6.10341         23 0.0000e+00
      37460   1560.783   1288.000     3.6706   3.276021     3.6697   3.277316      94.89     0.0160     2.4760     2.2257  2.0389512  1.0830281   48.75830  -45.64026    34.9181    34.9344     3.5727     3.5718    27.7648    27.7779    5.89303    6.10174         20 0.0000e+00
      37479   1561.595   1289.000     3.6696   3.275977     3.6698   3.277368      94.78     0.0146     2.4767     2.2253  2.0388896  1.0830281   48.75830  -45.64026    34.9181    34.9344     3.5716     3.5718    27.7649    27.7779    5.89137    6.09577         20 0.0000e+00
      37500   1562.449   1290.000     3.6715   3.276195     3.6708   3.277498      95.62     0.0162     2.4756     2.2248  2.0399332  1.0830281   48.75830  -45.64026    34.9181    34.9343     3.5735     3.5728    27.7648    27.7777    5.87698    6.10062         21 0.0000e+00
      37524   1563.447   1291.000     3.6722   3.276290     3.6710   3.277550      61.31     0.0145     2.4755     2.2248  2.0399313  1.0830281   48.75830  -45.64026    34.9180    34.9342     3.5741     3.5728    27.7646    27.7777    5.89612    6.10494         27 0.0000e+00
      37550   1564.559   1292.000     3.6711   3.276238     3.6698   3.277494      95.01     0.0146     2.4751     2.2247  2.0415390  1.0830281   48.75830  -45.64026    34.9181    34.9343     3.5729     3.5716    27.7648    27.7779    5.88581    6.10140         25 0.0000e+00
      37574   1565.523   1293.000     3.6708   3.276259     3.6698   3.277540      94.63     0.0109     2.4749     2.2242  2.0415142  1.0830281   48.75830  -45.64026    34.9182    34.9344     3.5725     3.5715    27.7649    27.7779    5.88238    6.09069         21 0.0000e+00
      37592   1566.304   1294.000     3.6703   3.276264     3.6700   3.277599      95.62     0.0093     2.4744     2.2234  2.0415142  1.0830281   48.75830  -45.64026    34.9183    34.9345     3.5719     3.5715    27.7650    27.7780    5.88066    6.09378         17 0.0000e+00
      37609   1566.998   1295.000     3.6705   3.276324     3.6697   3.277623      95.70     0.0104     2.4738     2.2233  2.0415142  1.0830281   48.75830  -45.64026    34.9183    34.9344     3.5720     3.5712    27.7650    27.7780    5.88391    6.10709         16 0.0000e+00
      37625   1567.662   1296.000     3.6703   3.276346     3.6699   3.277691      95.12     0.0154     2.4737     2.2237  2.0415142  1.0830281   48.75830  -45.64026    34.9182    34.9346     3.5717     3.5713    27.7650    27.7781    5.88288    6.10841         16 0.0000e+00
      37641   1568.342   1297.000     3.6703   3.276381     3.6699   3.277726      94.58     0.0156     2.4732     2.2234  2.0404959  1.0830281   48.75830  -45.64026    34.9182    34.9345     3.5716     3.5712    27.7650    27.7780    5.88234    6.10384         17 0.0000e+00
      37659   1569.076   1298.000     3.6702   3.276420     3.6699   3.277767      72.17     0.0169     2.4729     2.2235  2.0405498  1.0830281   48.75830  -45.64026    34.9182    34.9345     3.5715     3.5711    27.7650    27.7780    5.89094    6.10039         19 0.0000e+00
      37679   1569.905   1299.000     3.6700   3.276447     3.6697   3.277786      71.13     0.0157     2.4731     2.2230  2.0404687  1.0830281   48.75830  -45.64026    34.9182    34.9344     3.5712     3.5708    27.7651    27.7780    5.89095    6.09527         21 0.0000e+00
      37703   1570.898   1300.000     3.6701   3.276489     3.6696   3.277818      95.06     0.0185     2.4728     2.2222  2.0397637  1.0830281   48.75830  -45.64026    34.9181    34.9344     3.5712     3.5707    27.7650    27.7780    5.88592    6.09226         27 0.0000e+00
      37733   1572.163   1301.000     3.6700   3.276524     3.6695   3.277845      95.46     0.0162     2.4727     2.2218  2.0416942  1.0830281   48.75830  -45.64026    34.9181    34.9343     3.5710     3.5705    27.7650    27.7780    5.89215    6.10353         33 0.0000e+00
      37764   1573.468   1302.000     3.6701   3.276572     3.6698   3.277914      95.65     0.0134     2.4722     2.2221  2.0425811  1.0830281   48.75830  -45.64026    34.9181    34.9344     3.5710     3.5706    27.7650    27.7780    5.88802    6.10710         28 0.0000e+00
      37788   1574.450   1303.000     3.6701   3.276627     3.6698   3.277966      95.74     0.0123     2.4725     2.2219  2.0389063  1.0830281   48.75830  -45.64026    34.9182    34.9344     3.5710     3.5706    27.7651    27.7780    5.88758    6.09889         20 0.0000e+00
      37807   1575.234   1304.000     3.6702   3.276688     3.6699   3.278024      75.72     0.0148     2.4718     2.2217  2.0390046  1.0830281   48.75830  -45.64026    34.9183    34.9345     3.5710     3.5706    27.7652    27.7781    5.88712    6.09838         18 0.0000e+00
      37823   1575.926   1305.000     3.6708   3.276777     3.6703   3.278099      54.79     0.0161     2.4719     2.2213  2.0392210  1.0830281   48.75830  -45.64026    34.9183    34.9345     3.5714     3.5709    27.7651    27.7781    5.89591    6.09669         16 0.0000e+00
      37839   1576.586   1306.000     3.6708   3.276821     3.6704   3.278156      93.32     0.0166     2.4721     2.2212  2.0400414  1.0830281   48.75830  -45.64026    34.9183    34.9345     3.5714     3.5710    27.7651    27.7781    5.89589    6.09983         16 0.0000e+00
      37855   1577.271   1307.000     3.6710   3.276876     3.6704   3.278200      95.58     0.0171     2.4722     2.2208  2.0394506  1.0830281   48.75830  -45.64026    34.9183    34.9346     3.5715     3.5708    27.7651    27.7781    5.89414    6.10240         17 0.0000e+00
      37874   1578.062   1308.000     3.6712   3.276931     3.6707   3.278258      94.37     0.0184     2.4721     2.2209  2.0397041  1.0830281   48.75830  -45.64026    34.9182    34.9344     3.5716     3.5711    27.7650    27.7780    5.88690    6.10490         21 0.0000e+00
      37903   1579.253   1309.000     3.6721   3.277046     3.6719   3.278394      94.51     0.0155     2.4715     2.2208  2.0398271  1.0830281   48.75830  -45.64026    34.9181    34.9343     3.5724     3.5721    27.7649    27.7778    5.88868    6.10715         37 0.0000e+00
      37937   1580.658   1310.000     3.6725   3.277123     3.6723   3.278479      95.75     0.0143     2.4706     2.2210  2.0398030  1.0830281   48.75830  -45.64026    34.9181    34.9343     3.5727     3.5725    27.7648    27.7778    5.87577    6.10585         25 0.0000e+00
      37957   1581.492   1311.000     3.6724   3.277170     3.6724   3.278538      72.02     0.0152     2.4696     2.2210  2.0396121  1.0830281   48.75830  -45.64026    34.9182    34.9344     3.5726     3.5725    27.7649    27.7779    5.87854    6.10933         18 0.0000e+00
      37973   1582.161   1312.000     3.6727   3.277234     3.6722   3.278572      58.01     0.0141     2.4697     2.2211  2.0398030  1.0830281   48.75830  -45.64026    34.9182    34.9345     3.5727     3.5773    27.7649    27.7780    5.87871    6.11073         15 0.0000e+00
      37988   1582.773   1313.000     3.6727   3.277277     3.6722   3.278609      94.63     0.0180     2.4689     2.2211  2.0392444  1.0830281   48.75830  -45.64026    34.9182    34.9345     3.5726     3.5721    27.7649    27.7779    5.88219    6.10752         14 0.0000e+00
      38002   1583.389   1314.000     3.6728   3.277323     3.6723   3.278656      95.72     0.0213     2.4689     2.2209  2.0396774  1.0830281   48.75830  -45.64026    34.9181    34.9345     3.5727     3.5721    27.7648    27.7780    5.88736    6.10495         16 0.0000e+00
      38019   1584.073   1315.000     3.6736   3.277434     3.6731   3.278769      95.70     0.0204     2.4687     2.2207  2.0417573  1.0830281   48.75830  -45.64026    34.9181    34.9345     3.5734     3.5769    27.7648    27.7778    5.89220    6.10777         18 0.0000e+00
      38044   1585.127   1316.000     3.6738   3.277491     3.6735   3.278829      95.60     0.0196     2.4692     2.2205  2.0425699  1.0830281   48.75830  -45.64026    34.9180    34.9343     3.5735     3.5736    27.7647    27.7777    5.89218    6.10124         38 0.0000e+00
      38090   1587.037   1317.000     3.6738   3.277528     3.6734   3.278865      95.59     0.0177     2.4686     2.2189  2.0414493  1.0830281   48.75830  -45.64026    34.9180    34.9343     3.5734     3.5730    27.7647    27.7777    5.88292    6.08723         35 0.0000e+00
      38111   1587.901   1318.000     3.6739   3.277596     3.6732   3.278907      53.64     0.0178     2.4685     2.2182  2.0413773  1.0830281   48.75830  -45.64026    34.9182    34.9345     3.5734     3.5727    27.7648    27.7779    5.88268    6.08973         18 0.0000e+00
      38127   1588.581   1319.000     3.6743   3.277668     3.6733   3.278961      78.21     0.0195     2.4677     2.2177  2.0406215  1.0830281   48.75830  -45.64025    34.9182    34.9345     3.5737     3.5727    27.7648    27.7779    5.88532    6.09411         15 0.0000e+00
      38142   1589.204   1320.000     3.6745   3.277725     3.6736   3.279033      94.50     0.0185     2.4679     2.2175  2.0402954  1.0830281   48.75828  -45.64024    34.9181    34.9345     3.5738     3.5729    27.7647    27.7779    5.89268    6.10053         15 0.0000e+00
      38157   1589.822   1321.000     3.6744   3.277774     3.6741   3.279118      95.11     0.0168     2.4679     2.2175  2.0409329  1.0830281   48.75828  -45.64024    34.9182    34.9346     3.5737     3.5733    27.7648    27.7779    5.89588    6.10348         15 0.0000e+00
      38173   1590.488   1322.000     3.6744   3.277807     3.6740   3.279144      95.39     0.0173     2.4685     2.2177  2.0413628  1.0830281   48.75829  -45.64024    34.9182    34.9345     3.5736     3.5731    27.7648    27.7778    5.89625    6.10594         17 0.0000e+00
      38192   1591.305   1323.000     3.6744   3.277841     3.6740   3.279178      95.63     0.0174     2.4682     2.2176  2.0412529  1.0830281   48.75830  -45.64024    34.9180    34.9344     3.5735     3.5730    27.7647    27.7778    5.89098    6.10689         23 0.0000e+00
      38224   1592.609   1324.000     3.6744   3.277884     3.6739   3.279210      95.54     0.0177     2.4678     2.2178  2.0414829  1.0830281   48.75830  -45.64024    34.9181    34.9343     3.5734     3.5729    27.7647    27.7777    5.88764    6.10627         38 0.0000e+00
      38255   1593.906   1325.000     3.6745   3.277927     3.6739   3.279250      67.77     0.0178     2.4675     2.2177  2.0415149  1.0830281   48.75830  -45.64024    34.9180    34.9343     3.5734     3.5727    27.7646    27.7778    5.88715    6.10573         23 0.0000e+00
      38274   1594.714   1326.000     3.6745   3.277978     3.6741   3.279310      69.29     0.0165     2.4671     2.2176  2.0415142  1.0830281   48.75830  -45.64024    34.9181    34.9343     3.5733     3.5728    27.7647    27.7777    5.88444    6.10442         17 0.0000e+00
      38291   1595.414   1327.000     3.6746   3.278036     3.6741   3.279360      95.57     0.0134     2.4665     2.2176  2.0415142  1.0830281   48.75830  -45.64024    34.9182    34.9344     3.5733     3.5728    27.7648    27.7778    5.87894    6.10082         17 0.0000e+00
      38307   1596.097   1328.000     3.6746   3.278081     3.6741   3.279407      94.94     0.0160     2.4658     2.2170  2.0429478  1.0830281   48.75830  -45.64024    34.9182    34.9345     3.5733     3.5727    27.7648    27.7779    5.88148    6.10178         16 0.0000e+00
      38325   1596.823   1329.000     3.6747   3.278125     3.6742   3.279459      95.59     0.0139     2.4661     2.2170  2.0432451  1.0830281   48.75830  -45.64024    34.9181    34.9345     3.5733     3.5727    27.7648    27.7779    5.89237    6.09951         19 0.0000e+00
      38346   1597.691   1330.000     3.6748   3.278172     3.6744   3.279503      95.22     0.0143     2.4661     2.2164  2.0432656  1.0830281   48.75829  -45.64024    34.9180    34.9343     3.5733     3.5728    27.7647    27.7777    5.89081    6.09119         23 0.0000e+00
      38371   1598.737   1331.000     3.6748   3.278211     3.6744   3.279542      95.68     0.0152     2.4657     2.2153  2.0427308  1.0830281   48.75828  -45.64024    34.9180    34.9342     3.5732     3.5728    27.7647    27.7777    5.88025    6.08798         26 0.0000e+00
      38394   1599.726   1332.000     3.6749   3.278264     3.6746   3.279607      95.60     0.0175     2.4650     2.2147  2.0424984  1.0830281   48.75828  -45.64024    34.9180    34.9343     3.5732     3.5728    27.7647    27.7777    5.88234    6.09324         21 0.0000e+00
      38415   1600.563   1333.000     3.6752   3.278332     3.6747   3.279657      42.26     0.0177     2.4645     2.2142  2.0415742  1.0830281   48.75828  -45.64024    34.9181    34.9343     3.5734     3.5729    27.7647    27.7777    5.88553    6.09345         20 0.0000e+00
      38434   1601.376   1334.000     3.6752   3.278377     3.6748   3.279712      94.40     0.0192     2.4648     2.2141  2.0416348  1.0830281   48.75828  -45.64024    34.9180    34.9344     3.5733     3.5728    27.7647    27.7778    5.88852    6.09719         20 0.0000e+00
      38457   1602.313   1335.000     3.6753   3.278423     3.6749   3.279762      95.67     0.0178     2.4642     2.2137  2.0415168  1.0830281   48.75830  -45.64024    34.9180    34.9343     3.5733     3.5729    27.7647    27.7777    5.88563    6.09340         25 0.0000e+00
