data/CTD/2013/CNV/D021A032.CNV
* Sea-Bird SBE 9 Data File:
* FileName = C:\CTD_ACQUISITION\2013021HUD\ctddata\021A032.hdr
* Software Version Seasave V 7.22.2
* Temperature SN = 5081
* Conductivity SN = 3561
* Number of Bytes Per Scan = 37
* Number of Voltage Words = 4
* Number of Scans Averaged by the Deck Unit = 1
* NMEA Latitude = 48 09.81 N
* NMEA Longitude = 046 24.25 W
* NMEA UTC (Time) = Jul 03 2013 07:29:28
* NMEA baud rate = 9600
** Ship: Hudson
** Cruise: HUD2013021
** Chief_Scientist: Greenan
** Organization: BIO
** Area_of_Operation: Sackville Spur
** Station: 32
** Sounding:  1141
** Event_Comments: SS14  393149
# nquan = 25
# nvalues = 1126                        
# units = specified
# name 0 = scan: Scan Count
# name 1 = timeS: Time, Elapsed [seconds]
# name 2 = prDM: Pressure, Digiquartz [db]
# name 3 = t068C: Temperature [ITS-68, deg C]
# name 4 = c0S/m: Conductivity [S/m]
# name 5 = t168C: Temperature, 2 [ITS-68, deg C]
# name 6 = c1S/m: Conductivity, 2 [S/m]
# name 7 = altM: Altimeter [m]
# name 8 = flCUVA: Fluorescence, Chelsea UV Aquatracka [ug/l]
# name 9 = sbeox0V: Oxygen raw, SBE 43 [V]
# name 10 = sbeox1V: Oxygen raw, SBE 43, 2 [V]
# name 11 = upoly0: Upoly 0, Optode 4330F - O2 D-Phase
# name 12 = upoly1: Upoly 1, Optode 4330F - O2 Temp
# name 13 = latitude: Latitude [deg]
# name 14 = longitude: Longitude [deg]
# name 15 = sal00: Salinity, Practical [PSU]
# name 16 = sal11: Salinity, Practical, 2 [PSU]
# name 17 = potemp068C: Potential Temperature [ITS-68, deg C]
# name 18 = potemp168C: Potential Temperature, 2 [ITS-68, deg C]
# name 19 = sigma-é00: Density [sigma-theta, Kg/m^3]
# name 20 = sigma-é11: Density, 2 [sigma-theta, Kg/m^3]
# name 21 = sbeox0ML/L: Oxygen, SBE 43 [ml/l], WS = 2
# name 22 = sbeox1ML/L: Oxygen, SBE 43, 2 [ml/l], WS = 2
# name 23 = nbin: number of scans per bin
# name 24 = flag: flag
# span 0 =      13706,      41570       
# span 1 =    571.062,   1732.046       
# span 2 =      2.000,   1127.000       
# span 3 =     0.9609,     6.3192       
# span 4 =   2.874330,   3.296164       
# span 5 =     0.9660,     6.3184       
# span 6 =   2.876247,   3.297468       
# span 7 =     -14.88,      99.57       
# span 8 =     0.0086,     0.6981       
# span 9 =     2.5322,     3.4375       
# span 10 =     2.2776,     3.0438      
# span 11 =  1.7245810,  2.0235426      
# span 12 =  0.7946198,  1.4162405      
# span 13 =   48.16306,   48.16420      
# span 14 =  -46.40807,  -46.40534      
# span 15 =    33.0537,    34.9114      
# span 16 =    33.0700,    34.9278      
# span 17 =     0.9590,     6.3168      
# span 18 =     0.9642,     6.3163      
# span 19 =    25.9912,    27.7494      
# span 20 =    26.0031,    27.7626      
# span 21 =    5.92164,    8.14828      
# span 22 =    6.13638,    8.32304      
# span 23 =          9,         98      
# span 24 = 0.0000e+00, 0.0000e+00      
# interval = decibars: 1                
# start_time = Jul 03 2013 07:29:28 [NMEA time, header]
# bad_flag = -9.990e-29
*END*
[from data line 406]
      25552   1064.629    408.000     3.9205   3.254055     3.9199   3.255351      96.80     0.0154     2.8336     2.5464  1.9439155  1.1123352   48.16372  -46.40636    34.8486    34.8646     3.8915     3.8908    27.6771    27.6899    6.22746    6.42426         15 0.0000e+00
      25566   1065.199    409.000     3.9278   3.254883     3.9267   3.256151      96.84     0.0146     2.8334     2.5464  1.9440202  1.1123321   48.16370  -46.40636    34.8502    34.8663     3.8986     3.8976    27.6776    27.6906    6.22882    6.42313         13 0.0000e+00
      25578   1065.708    410.000     3.9226   3.254410     3.9225   3.255705      96.88     0.0135     2.8327     2.5464  1.9440559  1.1124430   48.16370  -46.40636    34.8495    34.8650     3.8934     3.8933    27.6776    27.6900    6.23922    6.42398         11 0.0000e+00
      25590   1066.197    411.000     3.9148   3.253694     3.9137   3.254906      89.09     0.0128     2.8333     2.5464  1.9456961  1.1134707   48.16370  -46.40636    34.8486    34.8643     3.8856     3.8845    27.6778    27.6903    6.24116    6.42631         12 0.0000e+00
      25602   1066.710    412.000     3.9113   3.253384     3.9090   3.254489      59.78     0.0135     2.8327     2.5464  1.9459008  1.1134592   48.16370  -46.40636    34.8482    34.8638     3.8820     3.8797    27.6778    27.6904    6.24704    6.42803         13 0.0000e+00
      25617   1067.321    413.000     3.9042   3.252722     3.9034   3.254002      95.08     0.0131     2.8334     2.5464  1.9459165  1.1134809   48.16370  -46.40636    34.8473    34.8633     3.8748     3.8741    27.6779    27.6907    6.23729    6.42833         17 0.0000e+00
      25658   1069.059    414.000     3.9033   3.252690     3.9033   3.254041      96.55     0.0151     2.8310     2.5460  1.9453288  1.1133343   48.16369  -46.40638    34.8474    34.8634     3.8738     3.8739    27.6780    27.6908    6.23181    6.42689         51 0.0000e+00
      25700   1070.789    415.000     3.9001   3.252446     3.9001   3.253800      96.82     0.0175     2.8310     2.5458  1.9462970  1.1123093   48.16368  -46.40638    34.8473    34.8634     3.8706     3.8706    27.6783    27.6911    6.24617    6.42939         23 0.0000e+00
      25720   1071.609    416.000     3.8999   3.252471     3.8997   3.253805      96.85     0.0184     2.8312     2.5457  1.9460032  1.1124003   48.16367  -46.40638    34.8473    34.8634     3.8703     3.8701    27.6783    27.6911    6.24623    6.42454         18 0.0000e+00
      25736   1072.310    417.000     3.8998   3.252520     3.8997   3.253869      96.56     0.0174     2.8314     2.5453  1.9438403  1.1123323   48.16366  -46.40640    34.8475    34.8635     3.8702     3.8701    27.6784    27.6912    6.24542    6.41636         16 0.0000e+00
      25752   1072.965    418.000     3.8998   3.252570     3.8999   3.253923      96.24     0.0186     2.8310     2.5441  1.9438339  1.1123321   48.16366  -46.40640    34.8475    34.8635     3.8701     3.8702    27.6784    27.6912    6.23806    6.41169         16 0.0000e+00
      25769   1073.668    419.000     3.8996   3.252582     3.8994   3.253918      96.41     0.0179     2.8306     2.5433  1.9444278  1.1123321   48.16366  -46.40640    34.8474    34.8634     3.8698     3.8697    27.6784    27.6912    6.23820    6.42019         18 0.0000e+00
      25790   1074.539    420.000     3.8994   3.252605     3.8994   3.253964      40.84     0.0195     2.8305     2.5437  1.9462259  1.1123321   48.16366  -46.40640    34.8472    34.8634     3.8696     3.8695    27.6783    27.6912    6.23668    6.42150         24 0.0000e+00
      25816   1075.630    421.000     3.8999   3.252720     3.8998   3.254062      97.83     0.0190     2.8291     2.5426  1.9462278  1.1123321   48.16366  -46.40640    34.8475    34.8637     3.8700     3.8698    27.6785    27.6914    6.22785    6.42474         26 0.0000e+00
      25839   1076.572    422.000     3.9023   3.253029     3.9020   3.254362      96.45     0.0146     2.8284     2.5434  1.9457214  1.1123321   48.16366  -46.40640    34.8482    34.8644     3.8723     3.8719    27.6788    27.6917    6.23395    6.43505         20 0.0000e+00
      25857   1077.325    423.000     3.9048   3.253346     3.9045   3.254673      90.41     0.0132     2.8280     2.5438  1.9458972  1.1122545   48.16366  -46.40640    34.8487    34.8648     3.8747     3.8744    27.6790    27.6918    6.23580    6.43611         16 0.0000e+00
      25873   1077.989    424.000     3.9082   3.253767     3.9076   3.255084      95.07     0.0115     2.8280     2.5440  1.9462816  1.1123332   48.16364  -46.40640    34.8496    34.8659     3.8780     3.8774    27.6794    27.6924    6.23990    6.43776         16 0.0000e+00
      25888   1078.628    425.000     3.9111   3.254156     3.9108   3.255481      96.78     0.0112     2.8283     2.5444  1.9461942  1.1123321   48.16364  -46.40641    34.8506    34.8667     3.8809     3.8805    27.6798    27.6927    6.24194    6.44073         15 0.0000e+00
      25904   1079.309    426.000     3.9124   3.254358     3.9120   3.255679      96.88     0.0123     2.8280     2.5449  1.9462080  1.1123321   48.16364  -46.40642    34.8511    34.8672     3.8821     3.8817    27.6801    27.6930    6.24306    6.43646         18 0.0000e+00
      25926   1080.190    427.000     3.9177   3.254961     3.9166   3.256196      96.64     0.0193     2.8285     2.5445  1.9462730  1.1123770   48.16362  -46.40642    34.8521    34.8680     3.8873     3.8861    27.6804    27.6931    6.23912    6.42001         26 0.0000e+00
      25958   1081.530    428.000     3.9215   3.255389     3.9208   3.256677      96.60     0.0225     2.8280     2.5424  1.9459398  1.1126291   48.16362  -46.40642    34.8527    34.8687     3.8909     3.8902    27.6805    27.6933    6.23498    6.40082         34 0.0000e+00
      25984   1082.636    429.000     3.9281   3.256170     3.9260   3.257334      96.20     0.0202     2.8271     2.5398  1.9448118  1.1135617   48.16362  -46.40642    34.8544    34.8704     3.8974     3.8966    27.6812    27.6941    6.21932    6.39744         21 0.0000e+00
      26004   1083.452    430.000     3.9310   3.256538     3.9311   3.257903      96.17     0.0202     2.8253     2.5391  1.9449899  1.1135532   48.16362  -46.40642    34.8551    34.8713     3.9003     3.9004    27.6814    27.6943    6.21542    6.41289         18 0.0000e+00
      26022   1084.189    431.000     3.9349   3.257017     3.9348   3.258376      96.73     0.0180     2.8251     2.5394  1.9461418  1.1145720   48.16362  -46.40642    34.8562    34.8725     3.9041     3.9040    27.6819    27.6948    6.21975    6.41704         18 0.0000e+00
      26040   1084.942    432.000     3.9456   3.258203     3.9450   3.259521      72.21     0.0175     2.8239     2.5392  1.9462731  1.1147698   48.16360  -46.40642    34.8584    34.8747     3.9147     3.9141    27.6825    27.6956    6.22015    6.41650         19 0.0000e+00
      26059   1085.744    433.000     3.9552   3.259254     3.9548   3.260579      83.13     0.0198     2.8238     2.5396  1.9462759  1.1148379   48.16360  -46.40642    34.8602    34.8763     3.9242     3.9238    27.6830    27.6958    6.21758    6.41700         19 0.0000e+00
      26079   1086.578    434.000     3.9571   3.259509     3.9569   3.260834      96.61     0.0216     2.8231     2.5392  1.9462759  1.1157061   48.16360  -46.40642    34.8606    34.8766     3.9260     3.9258    27.6831    27.6959    6.22035    6.41143         20 0.0000e+00
      26099   1087.430    435.000     3.9571   3.259555     3.9568   3.260879      96.72     0.0207     2.8231     2.5391  1.9462759  1.1156456   48.16360  -46.40642    34.8606    34.8767     3.9259     3.9256    27.6832    27.6960    6.22357    6.41567         21 0.0000e+00
      26121   1088.341    436.000     3.9570   3.259587     3.9567   3.260910      96.50     0.0183     2.8230     2.5393  1.9462759  1.1171753   48.16358  -46.40644    34.8606    34.8766     3.9258     3.9254    27.6831    27.6960    6.22313    6.41883         23 0.0000e+00
      26145   1089.338    437.000     3.9569   3.259628     3.9566   3.260956      96.87     0.0171     2.8225     2.5392  1.9462759  1.1172163   48.16358  -46.40644    34.8607    34.8767     3.9256     3.9253    27.6832    27.6960    6.22140    6.41474         25 0.0000e+00
      26169   1090.327    438.000     3.9568   3.259676     3.9565   3.261008      96.60     0.0184     2.8223     2.5389  1.9453752  1.1183983   48.16358  -46.40644    34.8608    34.8769     3.9254     3.9251    27.6834    27.6962    6.22073    6.40954         22 0.0000e+00
      26190   1091.190    439.000     3.9565   3.259710     3.9563   3.261045      96.46     0.0184     2.8218     2.5380  1.9452988  1.1184373   48.16358  -46.40644    34.8610    34.8771     3.9251     3.9248    27.6835    27.6964    6.22476    6.39948         20 0.0000e+00
      26208   1091.946    440.000     3.9566   3.259768     3.9564   3.261108      96.85     0.0157     2.8223     2.5371  1.9461890  1.1184372   48.16358  -46.40644    34.8611    34.8772     3.9250     3.9248    27.6836    27.6965    6.23306    6.40415         17 0.0000e+00
      26225   1092.647    441.000     3.9566   3.259829     3.9563   3.261163      59.07     0.0178     2.8226     2.5369  1.9465817  1.1184372   48.16358  -46.40644    34.8613    34.8774     3.9249     3.9247    27.6838    27.6966    6.22993    6.41141         16 0.0000e+00
      26241   1093.344    442.000     3.9562   3.259838     3.9559   3.261170      48.65     0.0147     2.8222     2.5367  1.9467088  1.1184372   48.16358  -46.40644    34.8613    34.8774     3.9245     3.9242    27.6838    27.6967    6.22216    6.41322         17 0.0000e+00
      26259   1094.102    443.000     3.9557   3.259845     3.9554   3.261171      96.57     0.0099     2.8218     2.5368  1.9466424  1.1184372   48.16356  -46.40644    34.8613    34.8774     3.9240     3.9236    27.6839    27.6967    6.22209    6.41759         20 0.0000e+00
      26282   1095.036    444.000     3.9555   3.259860     3.9551   3.261183      96.85     0.0100     2.8215     2.5372  1.9465601  1.1184372   48.16356  -46.40644    34.8611    34.8773     3.9237     3.9233    27.6838    27.6967    6.22097    6.42466         26 0.0000e+00
      26311   1096.256    445.000     3.9553   3.259879     3.9549   3.261205      90.45     0.0147     2.8205     2.5374  1.9462745  1.1184372   48.16356  -46.40644    34.8611    34.8772     3.9234     3.9230    27.6838    27.6967    6.21744    6.41144         31 0.0000e+00
      26340   1097.452    446.000     3.9551   3.259909     3.9548   3.261251      97.16     0.0139     2.8194     2.5366  1.9462759  1.1184372   48.16356  -46.40644    34.8611    34.8773     3.9231     3.9228    27.6838    27.6968    6.21758    6.41092         24 0.0000e+00
      26360   1098.296    447.000     3.9547   3.259925     3.9544   3.261266      96.86     0.0159     2.8195     2.5360  1.9481609  1.1184372   48.16356  -46.40644    34.8612    34.8774     3.9227     3.9224    27.6839    27.6969    6.22716    6.40733         18 0.0000e+00
      26376   1098.961    448.000     3.9543   3.259939     3.9541   3.261281      96.77     0.0176     2.8194     2.5359  1.9480666  1.1184372   48.16354  -46.40644    34.8612    34.8774     3.9222     3.9219    27.6840    27.6969    6.22691    6.40683         15 0.0000e+00
      26390   1099.549    449.000     3.9541   3.259967     3.9538   3.261314      95.84     0.0194     2.8198     2.5350  1.9481919  1.1184372   48.16354  -46.40644    34.8613    34.8776     3.9219     3.9216    27.6841    27.6971    6.22232    6.40504         14 0.0000e+00
      26404   1100.120    450.000     3.9530   3.259914     3.9529   3.261264      96.09     0.0157     2.8195     2.5347  1.9487131  1.1184372   48.16354  -46.40644    34.8613    34.8774     3.9207     3.9206    27.6842    27.6971    6.21982    6.40921         13 0.0000e+00
      26418   1100.724    451.000     3.9518   3.259840     3.9516   3.261188      96.55     0.0167     2.8184     2.5347  1.9487180  1.1184372   48.16354  -46.40644    34.8612    34.8773     3.9194     3.9192    27.6843    27.6972    6.22051    6.41292         16 0.0000e+00
      26436   1101.454    452.000     3.9498   3.259693     3.9500   3.261065      96.45     0.0132     2.8186     2.5345  1.9487180  1.1184372   48.16354  -46.40644    34.8609    34.8771     3.9174     3.9175    27.6843    27.6971    6.22548    6.41589         20 0.0000e+00
      26463   1102.566    453.000     3.9473   3.259486     3.9471   3.260832      96.39     0.0169     2.8178     2.5344  1.9487180  1.1184372   48.16352  -46.40644    34.8607    34.8769     3.9148     3.9146    27.6843    27.6973    6.21321    6.41168         33 0.0000e+00
      26493   1103.826    454.000     3.9469   3.259491     3.9465   3.260828      63.64     0.0199     2.8166     2.5336  1.9482157  1.1184372   48.16352  -46.40644    34.8606    34.8769     3.9143     3.9139    27.6843    27.6974    6.21384    6.40781         25 0.0000e+00
      26515   1104.757    455.000     3.9467   3.259552     3.9464   3.260877      96.72     0.0218     2.8157     2.5331  1.9474919  1.1184372   48.16352  -46.40644    34.8610    34.8771     3.9141     3.9138    27.6847    27.6975    6.20739    6.40232         21 0.0000e+00
      26535   1105.566    456.000     3.9467   3.259609     3.9463   3.260949      96.37     0.0201     2.8145     2.5319  1.9474969  1.1184372   48.16352  -46.40644    34.8612    34.8775     3.9139     3.9136    27.6848    27.6978    6.20432    6.39993         18 0.0000e+00
      26553   1106.319    457.000     3.9469   3.259691     3.9465   3.261027      96.15     0.0147     2.8137     2.5315  1.9474969  1.1183003   48.16352  -46.40644    34.8614    34.8777     3.9141     3.9137    27.6850    27.6980    6.19346    6.40472         18 0.0000e+00
      26570   1107.058    458.000     3.9480   3.259883     3.9475   3.261202      95.70     0.0115     2.8116     2.5312  1.9474294  1.1184365   48.16352  -46.40644    34.8619    34.8781     3.9152     3.9147    27.6853    27.6982    6.17939    6.40103         18 0.0000e+00
      26588   1107.810    459.000     3.9511   3.260262     3.9503   3.261562      96.40     0.0149     2.8094     2.5304  1.9472262  1.1183696   48.16351  -46.40644    34.8627    34.8789     3.9181     3.9174    27.6856    27.6986    6.18521    6.38899         18 0.0000e+00
      26608   1108.607    460.000     3.9555   3.260769     3.9545   3.262040      96.87     0.0177     2.8087     2.5289  1.9470690  1.1180699   48.16350  -46.40644    34.8635    34.8796     3.9224     3.9214    27.6858    27.6987    6.19099    6.37937         20 0.0000e+00
      26628   1109.451    461.000     3.9580   3.261079     3.9575   3.262394      96.84     0.0159     2.8078     2.5272  1.9469744  1.1182034   48.16350  -46.40644    34.8639    34.8801     3.9249     3.9243    27.6859    27.6988    6.19048    6.37913         21 0.0000e+00
      26648   1110.293    462.000     3.9600   3.261339     3.9595   3.262647      96.45     0.0145     2.8070     2.5263  1.9474976  1.1184374   48.16350  -46.40646    34.8644    34.8805     3.9268     3.9263    27.6860    27.6989    6.18990    6.38695         19 0.0000e+00
      26667   1111.085    463.000     3.9649   3.261912     3.9647   3.263264      72.11     0.0168     2.8065     2.5258  1.9474969  1.1184372   48.16350  -46.40644    34.8655    34.8817     3.9316     3.9314    27.6864    27.6994    6.19164    6.37941         19 0.0000e+00
      26685   1111.825    464.000     3.9681   3.262340     3.9673   3.263620      30.66     0.0202     2.8060     2.5245  1.9472840  1.1189340   48.16350  -46.40644    34.8667    34.8827     3.9347     3.9339    27.6870    27.6999    6.18939    6.37678         17 0.0000e+00
