data/CTD/2013/CNV/D021A036.CNV
* Sea-Bird SBE 9 Data File:
* FileName = C:\CTD_ACQUISITION\2013021HUD\ctddata\021A036.hdr
* Software Version Seasave V 7.22.2
* Temperature SN = 5081
* Conductivity SN = 3561
* Number of Bytes Per Scan = 37
* Number of Voltage Words = 4
* Number of Scans Averaged by the Deck Unit = 1
* NMEA Latitude = 48 18.49 N
* NMEA Longitude = 046 32.56 W
* NMEA UTC (Time) = Jul 03 2013 17:07:39
* NMEA baud rate = 9600
** Ship: Hudson
** Cruise: HUD2013021
** Chief_Scientist: Greenan
** Organization: BIO
** Area_of_Operation: Sackville Spur
** Station: 36
** Sounding:  1047
** Event_Comments: SS11  393172
# nquan = 25
# nvalues = 1046                        
# units = specified
# name 0 = scan: Scan Count
# name 1 = timeS: Time, Elapsed [seconds]
# name 2 = prDM: Pressure, Digiquartz [db]
# name 3 = t068C: Temperature [ITS-68, deg C]
# name 4 = c0S/m: Conductivity [S/m]
# name 5 = t168C: Temperature, 2 [ITS-68, deg C]
# name 6 = c1S/m: Conductivity, 2 [S/m]
# name 7 = altM: Altimeter [m]
# name 8 = flCUVA: Fluorescence, Chelsea UV Aquatracka [ug/l]
# name 9 = sbeox0V: Oxygen raw, SBE 43 [V]
# name 10 = sbeox1V: Oxygen raw, SBE 43, 2 [V]
# name 11 = upoly0: Upoly 0, Optode 4330F - O2 D-Phase
# name 12 = upoly1: Upoly 1, Optode 4330F - O2 Temp
# name 13 = latitude: Latitude [deg]
# name 14 = longitude: Longitude [deg]
# name 15 = sal00: Salinity, Practical [PSU]
# name 16 = sal11: Salinity, Practical, 2 [PSU]
# name 17 = potemp068C: Potential Temperature [ITS-68, deg C]
# name 18 = potemp168C: Potential Temperature, 2 [ITS-68, deg C]
# name 19 = sigma-é00: Density [sigma-theta, Kg/m^3]
# name 20 = sigma-é11: Density, 2 [sigma-theta, Kg/m^3]
# name 21 = sbeox0ML/L: Oxygen, SBE 43 [ml/l], WS = 2
# name 22 = sbeox1ML/L: Oxygen, SBE 43, 2 [ml/l], WS = 2
# name 23 = nbin: number of scans per bin
# name 24 = flag: flag
# span 0 =       7277,      34909       
# span 1 =    303.168,   1454.517       
# span 2 =      3.000,   1048.000       
# span 3 =    -0.1071,     5.8252       
# span 4 =   2.764911,   3.285199       
# span 5 =    -0.1066,     5.8581       
# span 6 =   2.766249,   3.286538       
# span 7 =       4.19,     100.34       
# span 8 =     0.0061,     0.0865       
# span 9 =     2.5825,     3.3649       
# span 10 =     2.3207,     3.0162      
# span 11 =  1.7235114,  2.0059004      
# span 12 =  0.6273769,  1.3577989      
# span 13 =   48.30690,   48.30811      
# span 14 =  -46.54200,  -46.54056      
# span 15 =    32.6275,    34.9067      
# span 16 =    32.6408,    34.9230      
# span 17 =    -0.1086,     5.8250      
# span 18 =    -0.1081,     5.8578      
# span 19 =    25.6996,    27.7346      
# span 20 =    25.7061,    27.7477      
# span 21 =    5.98488,    7.67597      
# span 22 =    6.19591,    7.82691      
# span 23 =         11,         94      
# span 24 = 0.0000e+00, 0.0000e+00      
# interval = decibars: 1                
# start_time = Jul 03 2013 17:07:39 [NMEA time, header]
# bad_flag = -9.990e-29
*END*
[from data line 290]
      16850    702.031    293.000     3.3978   3.187803     3.3973   3.189096      96.74     0.0133     2.8790     2.5889  1.9462759  1.0423714   48.30770  -46.54172    34.6733    34.6894     3.3785     3.3780    27.5888    27.6016    6.36794    6.55203         17 0.0000e+00
      16868    702.798    294.000     3.4074   3.188902     3.4071   3.190210      96.45     0.0126     2.8785     2.5885  1.9462759  1.0436268   48.30770  -46.54172    34.6758    34.6919     3.3881     3.3877    27.5898    27.6027    6.36227    6.53874         20 0.0000e+00
      16902    704.198    295.000     3.4226   3.190609     3.4218   3.191854      96.62     0.0137     2.8776     2.5860  1.9463193  1.0445182   48.30770  -46.54172    34.6796    34.6955     3.4032     3.4024    27.5914    27.6041    6.35790    6.52240         52 0.0000e+00
      16950    706.214    296.000     3.4374   3.192303     3.4366   3.193540      96.47     0.0185     2.8766     2.5837  1.9473084  1.0464305   48.30770  -46.54172    34.6837    34.6995     3.4178     3.4170    27.5932    27.6059    6.35805    6.53181         32 0.0000e+00
      16971    707.090    297.000     3.4506   3.193859     3.4494   3.195064      96.33     0.0204     2.8770     2.5837  1.9478178  1.0476555   48.30768  -46.54172    34.6878    34.7036     3.4309     3.4297    27.5952    27.6079    6.35812    6.53207         16 0.0000e+00
      16986    707.704    298.000     3.4621   3.195218     3.4616   3.196512      96.53     0.0215     2.8761     2.5838  1.9478469  1.0476191   48.30768  -46.54172    34.6914    34.7075     3.4423     3.4418    27.5970    27.6099    6.35006    6.52872         14 0.0000e+00
      16999    708.242    299.000     3.4715   3.196326     3.4703   3.197519      96.45     0.0219     2.8765     2.5836  1.9466684  1.0485451   48.30768  -46.54172    34.6942    34.7099     3.4517     3.4504    27.5983    27.6109    6.35233    6.52398         13 0.0000e+00
      17012    708.777    300.000     3.4787   3.197150     3.4779   3.198408      61.04     0.0223     2.8761     2.5834  1.9461949  1.0488324   48.30768  -46.54172    34.6959    34.7119     3.4587     3.4579    27.5990    27.6118    6.34722    6.51992         13 0.0000e+00
      17026    709.394    301.000     3.4828   3.197638     3.4824   3.198933      46.38     0.0171     2.8754     2.5826  1.9462034  1.0488400   48.30768  -46.54172    34.6968    34.7129     3.4628     3.4624    27.5993    27.6121    6.34655    6.51631         17 0.0000e+00
      17065    711.007    302.000     3.4837   3.197753     3.4819   3.198886      90.79     0.0141     2.8745     2.5814  1.9458041  1.0530808   48.30769  -46.54172    34.6968    34.7123     3.4636     3.4624    27.5992    27.6118    6.33954    6.51435         60 0.0000e+00
      17113    713.012    303.000     3.4846   3.197896     3.4836   3.199107      93.46     0.0167     2.8724     2.5804  1.9440662  1.0553650   48.30768  -46.54172    34.6969    34.7126     3.4644     3.4633    27.5992    27.6118    6.33937    6.52153         27 0.0000e+00
      17133    713.850    304.000     3.4866   3.198154     3.4862   3.199462      96.38     0.0132     2.8727     2.5805  1.9446458  1.0552167   48.30768  -46.54172    34.6974    34.7135     3.4663     3.4659    27.5994    27.6123    6.34550    6.52645         18 0.0000e+00
      17151    714.565    305.000     3.4907   3.198664     3.4897   3.199903      96.65     0.0177     2.8719     2.5809  1.9462823  1.0554804   48.30768  -46.54172    34.6986    34.7146     3.4704     3.4693    27.6000    27.6128    6.33656    6.53499         16 0.0000e+00
      17167    715.257    306.000     3.4940   3.199081     3.4937   3.200392      96.83     0.0199     2.8719     2.5818  1.9462759  1.0551572   48.30768  -46.54170    34.6995    34.7157     3.4736     3.4732    27.6004    27.6133    6.34192    6.53934         17 0.0000e+00
      17185    716.002    307.000     3.4954   3.199269     3.4953   3.200597      96.82     0.0191     2.8718     2.5824  1.9462759  1.0561689   48.30768  -46.54170    34.6997    34.7159     3.4750     3.4748    27.6004    27.6133    6.34631    6.53868         19 0.0000e+00
      17206    716.885    308.000     3.4967   3.199444     3.4965   3.200773      96.43     0.0172     2.8720     2.5829  1.9462759  1.0573719   48.30768  -46.54170    34.7000    34.7161     3.4761     3.4760    27.6005    27.6134    6.35151    6.53304         24 0.0000e+00
      17232    717.945    309.000     3.5010   3.199959     3.5006   3.201259      96.53     0.0170     2.8728     2.5827  1.9462759  1.0577891   48.30768  -46.54170    34.7010    34.7171     3.4804     3.4799    27.6009    27.6138    6.35200    6.52227         27 0.0000e+00
      17261    719.155    310.000     3.5068   3.200654     3.5052   3.201814      80.89     0.0172     2.8724     2.5814  1.9462759  1.0586004   48.30768  -46.54170    34.7026    34.7184     3.4861     3.4844    27.6017    27.6143    6.34049    6.51496         31 0.0000e+00
      17291    720.403    311.000     3.5105   3.201111     3.5098   3.202369      56.31     0.0175     2.8719     2.5809  1.9462759  1.0586081   48.30768  -46.54170    34.7037    34.7195     3.4897     3.4890    27.6021    27.6148    6.34035    6.52255         28 0.0000e+00
      17317    721.496    312.000     3.5147   3.201622     3.5136   3.202837      97.30     0.0167     2.8712     2.5805  1.9462759  1.0586081   48.30768  -46.54170    34.7048    34.7206     3.4938     3.4927    27.6027    27.6153    6.33848    6.52046         24 0.0000e+00
      17340    722.467    313.000     3.5223   3.202517     3.5210   3.203733      85.78     0.0157     2.8709     2.5805  1.9462759  1.0596795   48.30767  -46.54170    34.7069    34.7229     3.5013     3.5001    27.6036    27.6164    6.33090    6.52267         23 0.0000e+00
      17361    723.326    314.000     3.5382   3.204350     3.5368   3.205554      78.21     0.0154     2.8697     2.5804  1.9462759  1.0598278   48.30766  -46.54170    34.7118    34.7274     3.5171     3.5158    27.6059    27.6185    6.32835    6.52120         19 0.0000e+00
      17379    724.099    315.000     3.5541   3.206143     3.5537   3.207440      96.65     0.0213     2.8693     2.5806  1.9456692  1.0605032   48.30766  -46.54170    34.7155    34.7315     3.5330     3.5325    27.6073    27.6201    6.32693    6.52104         18 0.0000e+00
      17397    724.850    316.000     3.5665   3.207532     3.5662   3.208832      96.75     0.0187     2.8690     2.5806  1.9450585  1.0613840   48.30766  -46.54170    34.7185    34.7344     3.5452     3.5449    27.6085    27.6212    6.32435    6.51892         18 0.0000e+00
      17417    725.673    317.000     3.5773   3.208746     3.5792   3.210286      96.77     0.0215     2.8686     2.5806  1.9451094  1.0616559   48.30766  -46.54170    34.7210    34.7375     3.5559     3.5578    27.6094    27.6224    6.32142    6.51678         22 0.0000e+00
      17447    726.916    318.000     3.6071   3.212025     3.6068   3.213314      96.47     0.0216     2.8672     2.5806  1.9462016  1.0645183   48.30766  -46.54170    34.7281    34.7439     3.5856     3.5852    27.6121    27.6248    6.30050    6.50481         41 0.0000e+00
      17490    728.720    319.000     3.6330   3.214857     3.6333   3.216289      96.12     0.0189     2.8629     2.5777  1.9441100  1.0679269   48.30766  -46.54170    34.7339    34.7507     3.6113     3.6117    27.6142    27.6276    6.27331    6.46702         37 0.0000e+00
      17518    729.894    320.000     3.6631   3.218340     3.6615   3.219506      96.51     0.0171     2.8600     2.5745  1.9438784  1.0690266   48.30766  -46.54170    34.7432    34.7587     3.6412     3.6397    27.6186    27.6312    6.26954    6.45730         22 0.0000e+00
      17536    730.637    321.000     3.7001   3.222529     3.6989   3.223735      96.04     0.0165     2.8592     2.5734  1.9439100  1.0713269   48.30766  -46.54169    34.7534    34.7690     3.6781     3.6769    27.6230    27.6356    6.26582    6.45886         16 0.0000e+00
      17551    731.262    322.000     3.7221   3.225008     3.7217   3.226299      95.79     0.0155     2.8581     2.5727  1.9438350  1.0712556   48.30766  -46.54168    34.7591    34.7749     3.6999     3.6996    27.6254    27.6381    6.26326    6.46047         14 0.0000e+00
      17565    731.849    323.000     3.7323   3.226190     3.7319   3.227484      95.27     0.0178     2.8571     2.5726  1.9438339  1.0717723   48.30765  -46.54168    34.7618    34.7777     3.7101     3.7097    27.6266    27.6392    6.27285    6.46250         14 0.0000e+00
      17580    732.462    324.000     3.7453   3.227692     3.7438   3.228831      95.20     0.0160     2.8583     2.5720  1.9422024  1.0767781   48.30764  -46.54168    34.7654    34.7806     3.7230     3.7215    27.6281    27.6404    6.27812    6.45786         16 0.0000e+00
      17599    733.244    325.000     3.7718   3.230612     3.7699   3.231672      77.81     0.0154     2.8578     2.5715  1.9419215  1.0769231   48.30766  -46.54168    34.7709    34.7863     3.7500     3.7474    27.6297    27.6423    6.26608    6.44856         24 0.0000e+00
      17657    735.651    326.000     3.7766   3.231049     3.7632   3.230973      92.45     0.0144     2.8568     2.5697  1.9433682  1.0872552   48.30765  -46.54170    34.7714    34.7845     3.7539     3.7407    27.6297    27.6415    6.25747    6.44998         65 0.0000e+00
      17691    737.064    327.000     3.7755   3.230999     3.7762   3.232410      96.60     0.0138     2.8551     2.5691  1.9439406  1.0880353   48.30764  -46.54168    34.7713    34.7873     3.7529     3.7536    27.6297    27.6425    6.24895    6.45109         18 0.0000e+00
      17705    737.658    328.000     3.7786   3.231380     3.7784   3.232701      96.15     0.0171     2.8543     2.5690  1.9441878  1.0879121   48.30764  -46.54168    34.7720    34.7879     3.7558     3.7557    27.6300    27.6427    6.25733    6.44865         14 0.0000e+00
      17717    738.187    329.000     3.7794   3.231529     3.7792   3.232832      96.22     0.0207     2.8551     2.5688  1.9439361  1.0879121   48.30764  -46.54168    34.7723    34.7883     3.7566     3.7564    27.6302    27.6429    6.26364    6.44829         12 0.0000e+00
      17729    738.683    330.000     3.7811   3.231757     3.7809   3.233080      95.61     0.0203     2.8538     2.5683  1.9438349  1.0879121   48.30763  -46.54168    34.7727    34.7887     3.7582     3.7580    27.6304    27.6431    6.25866    6.44314         12 0.0000e+00
      17742    739.201    331.000     3.7840   3.232098     3.7839   3.233437      96.66     0.0190     2.8551     2.5683  1.9438339  1.0880047   48.30762  -46.54168    34.7732    34.7893     3.7611     3.7609    27.6304    27.6433    6.25812    6.44720         13 0.0000e+00
      17758    739.856    332.000     3.7860   3.232329     3.7861   3.233685      31.15     0.0182     2.8538     2.5677  1.9438339  1.0888954   48.30763  -46.54168    34.7733    34.7894     3.7630     3.7631    27.6303    27.6431    6.25151    6.43635         20 0.0000e+00
      17827    742.764    333.000     3.7825   3.231974     3.7804   3.233087      96.85     0.0153     2.8518     2.5654  1.9449723  1.0943557   48.30764  -46.54168    34.7723    34.7878     3.7594     3.7573    27.6299    27.6424    6.25414    6.44327         43 0.0000e+00
      17856    743.940    334.000     3.7933   3.233187     3.7925   3.234454      96.58     0.0182     2.8519     2.5652  1.9451319  1.0937518   48.30763  -46.54168    34.7748    34.7906     3.7701     3.7693    27.6308    27.6435    6.26037    6.43893         18 0.0000e+00
      17871    744.572    335.000     3.8070   3.234735     3.8054   3.235904      96.55     0.0138     2.8522     2.5648  1.9455843  1.0927832   48.30762  -46.54168    34.7781    34.7937     3.7837     3.7821    27.6321    27.6447    6.25681    6.43916         14 0.0000e+00
      17885    745.158    336.000     3.8122   3.235349     3.8114   3.236600      96.25     0.0165     2.8520     2.5650  1.9454892  1.0927961   48.30762  -46.54168    34.7794    34.7951     3.7888     3.7880    27.6325    27.6451    6.25189    6.44174         14 0.0000e+00
      17899    745.757    337.000     3.8213   3.236388     3.8203   3.237623      96.76     0.0146     2.8518     2.5650  1.9454377  1.0927961   48.30762  -46.54168    34.7815    34.7973     3.7978     3.7968    27.6333    27.6460    6.25006    6.43650         16 0.0000e+00
      17918    746.532    338.000     3.8308   3.237418     3.8307   3.238743      96.76     0.0138     2.8515     2.5643  1.9439731  1.0955837   48.30762  -46.54167    34.7832    34.7991     3.8072     3.8071    27.6337    27.6464    6.24352    6.42228         24 0.0000e+00
      17959    748.247    339.000     3.8379   3.238213     3.8370   3.239450      96.72     0.0148     2.8500     2.5617  1.9445024  1.0974642   48.30762  -46.54166    34.7846    34.8002     3.8142     3.8134    27.6341    27.6467    6.23791    6.41635         48 0.0000e+00
      17993    749.663    340.000     3.8457   3.239107     3.8456   3.240431      96.66     0.0165     2.8487     2.5610  1.9450879  1.0993223   48.30762  -46.54168    34.7864    34.8024     3.8219     3.8218    27.6348    27.6475    6.23249    6.42205         23 0.0000e+00
      18012    750.438    341.000     3.8515   3.239785     3.8504   3.241003      96.62     0.0165     2.8480     2.5606  1.9450549  1.1002930   48.30762  -46.54168    34.7878    34.8035     3.8277     3.8265    27.6353    27.6479    6.23656    6.41837         17 0.0000e+00
      18027    751.092    342.000     3.8587   3.240611     3.8578   3.241858      96.78     0.0154     2.8485     2.5604  1.9450549  1.0997902   48.30762  -46.54166    34.7894    34.8052     3.8348     3.8339    27.6359    27.6486    6.23921    6.41010         15 0.0000e+00
      18042    751.722    343.000     3.8653   3.241362     3.8649   3.242655      96.75     0.0151     2.8480     2.5591  1.9450549  1.1002696   48.30762  -46.54166    34.7909    34.8068     3.8412     3.8408    27.6364    27.6490    6.22909    6.40379         16 0.0000e+00
      18059    752.411    344.000     3.8699   3.241901     3.8692   3.243164      96.77     0.0164     2.8470     2.5585  1.9439453  1.1022819   48.30762  -46.54166    34.7919    34.8077     3.8458     3.8451    27.6367    27.6493    6.22159    6.40965         18 0.0000e+00
      18081    753.314    345.000     3.8729   3.242260     3.8731   3.243622      96.75     0.0166     2.8457     2.5582  1.9440165  1.1025102   48.30762  -46.54166    34.7924    34.8084     3.8487     3.8489    27.6368    27.6495    6.22310    6.41318         26 0.0000e+00
      18111    754.572    346.000     3.8762   3.242667     3.8761   3.243986      96.27     0.0139     2.8447     2.5580  1.9449598  1.1049881   48.30760  -46.54166    34.7932    34.8091     3.8519     3.8518    27.6371    27.6497    6.21631    6.41480         31 0.0000e+00
      18139    755.739    347.000     3.8798   3.243102     3.8791   3.244360      95.79     0.0153     2.8434     2.5576  1.9452926  1.1053857   48.30760  -46.54166    34.7941    34.8098     3.8554     3.8547    27.6374    27.6500    6.22046    6.40687         26 0.0000e+00
      18164    756.807    348.000     3.8837   3.243574     3.8838   3.244918      96.13     0.0198     2.8427     2.5561  1.9462521  1.1059419   48.30760  -46.54166    34.7950    34.8109     3.8593     3.8593    27.6378    27.6505    6.21269    6.39339         27 0.0000e+00
      18196    758.115    349.000     3.9070   3.246210     3.9073   3.247575      96.22     0.0187     2.8411     2.5543  1.9462759  1.1062207   48.30760  -46.54166    34.8011    34.8170     3.8824     3.8827    27.6402    27.6529    6.20454    6.38530         36 0.0000e+00
