data/CTD/2013/CNV/D021A012.CNV
* Sea-Bird SBE 9 Data File:
* FileName = C:\CTD_ACQUISITION\2013021HUD\ctddata\021A012.hdr
* Software Version Seasave V 7.22.2
* Temperature SN = 5081
* Conductivity SN = 3561
* Number of Bytes Per Scan = 37
* Number of Voltage Words = 4
* Number of Scans Averaged by the Deck Unit = 1
* NMEA Latitude = 46 59.96 N
* NMEA Longitude = 047 14.97 W
* NMEA UTC (Time) = Jul 01 2013 20:26:26
* NMEA baud rate = 9600
** Ship: Hudson
** Cruise: HUD2013021
** Chief_Scientist: Greenan
** Organization: BIO
** Area_of_Operation: Sackville Spur
** Station: 12
** Sounding:  552
** Event_Comments: FC15  393111
# nquan = 25
# nvalues = 552                         
# units = specified
# name 0 = scan: Scan Count
# name 1 = timeS: Time, Elapsed [seconds]
# name 2 = prDM: Pressure, Digiquartz [db]
# name 3 = t068C: Temperature [ITS-68, deg C]
# name 4 = c0S/m: Conductivity [S/m]
# name 5 = t168C: Temperature, 2 [ITS-68, deg C]
# name 6 = c1S/m: Conductivity, 2 [S/m]
# name 7 = altM: Altimeter [m]
# name 8 = flCUVA: Fluorescence, Chelsea UV Aquatracka [ug/l]
# name 9 = sbeox0V: Oxygen raw, SBE 43 [V]
# name 10 = sbeox1V: Oxygen raw, SBE 43, 2 [V]
# name 11 = upoly0: Upoly 0, Optode 4330F - O2 D-Phase
# name 12 = upoly1: Upoly 1, Optode 4330F - O2 Temp
# name 13 = latitude: Latitude [deg]
# name 14 = longitude: Longitude [deg]
# name 15 = sal00: Salinity, Practical [PSU]
# name 16 = sal11: Salinity, Practical, 2 [PSU]
# name 17 = potemp068C: Potential Temperature [ITS-68, deg C]
# name 18 = potemp168C: Potential Temperature, 2 [ITS-68, deg C]
# name 19 = sigma-é00: Density [sigma-theta, Kg/m^3]
# name 20 = sigma-é11: Density, 2 [sigma-theta, Kg/m^3]
# name 21 = sbeox0ML/L: Oxygen, SBE 43 [ml/l], WS = 2
# name 22 = sbeox1ML/L: Oxygen, SBE 43, 2 [ml/l], WS = 2
# name 23 = nbin: number of scans per bin
# name 24 = flag: flag
# span 0 =       9265,      31808       
# span 1 =    386.003,   1325.278       
# span 2 =      1.000,    552.000       
# span 3 =    -0.7529,     6.3960       
# span 4 =   2.697329,   3.252502       
# span 5 =    -0.7532,     6.3937       
# span 6 =   2.698521,   3.253780       
# span 7 =       2.04,      99.71       
# span 8 =     0.0077,     0.1207       
# span 9 =     2.6749,     3.4270       
# span 10 =     2.3953,     3.0111      
# span 11 =  1.7152299,  2.0940148      
# span 12 =  0.5480216,  1.4260786      
# span 13 =   46.99736,   46.99942      
# span 14 =  -47.24838,  -47.24737      
# span 15 =    32.4663,    34.8064      
# span 16 =    32.4802,    34.8217      
# span 17 =    -0.7545,     6.3960      
# span 18 =    -0.7548,     6.3934      
# span 19 =    25.5023,    27.6498      
# span 20 =    25.5135,    27.6620      
# span 21 =    5.98316,    8.27774      
# span 22 =    6.14420,    7.91669      
# span 23 =         11,         94      
# span 24 = 0.0000e+00, 0.0000e+00      
# interval = decibars: 1                
# start_time = Jul 01 2013 20:26:26 [NMEA time, header]
# bad_flag = -9.990e-29
*END*
[from data line 174]
      17408    725.271    175.000     1.9629   3.010464     1.9624   3.011636      97.28     0.0268     2.7697     2.4819  2.0671492  0.8614445   46.99874  -47.24748    34.0966    34.1116     1.9538     1.9533    27.2514    27.2636    6.25505    6.40645         44 0.0000e+00
      17453    727.155    176.000     1.9668   3.011009     1.9666   3.012202      79.69     0.0238     2.7716     2.4853  2.0643468  0.8625507   46.99874  -47.24748    34.0985    34.1136     1.9576     1.9574    27.2527    27.2648    6.24507    6.42501         42 0.0000e+00
      17488    728.644    177.000     1.9675   3.011138     1.9675   3.012359      97.26     0.0216     2.7714     2.4870  2.0621598  0.8632850   46.99874  -47.24748    34.0987    34.1141     1.9583     1.9583    27.2529    27.2651    6.23537    6.40895         32 0.0000e+00
      17524    730.114    178.000     1.9802   3.012800     1.9768   3.013588      97.29     0.0218     2.7706     2.4866  2.0603325  0.8648462   46.99874  -47.24748    34.1053    34.1188     1.9709     1.9677    27.2572    27.2682    6.23367    6.39888         44 0.0000e+00
      17597    733.165    179.000     2.0130   3.017014     2.0095   3.017791      91.33     0.0284     2.7709     2.4849  2.0547945  0.8671564   46.99876  -47.24749    34.1226    34.1357     2.0035     2.0000    27.2684    27.2793    6.23689    6.39012         83 0.0000e+00
      17649    735.330    180.000     2.0262   3.018778     2.0265   3.020040      65.95     0.0256     2.7719     2.4864  2.0524490  0.8681718   46.99876  -47.24750    34.1295    34.1450     2.0167     2.0170    27.2730    27.2853    6.23622    6.40572         31 0.0000e+00
      17677    736.496    181.000     2.0288   3.019163     2.0291   3.020424      97.14     0.0261     2.7719     2.4866  2.0512860  0.8681319   46.99876  -47.24750    34.1310    34.1465     2.0192     2.0195    27.2740    27.2864    6.23119    6.39330         29 0.0000e+00
      17711    737.905    182.000     2.0301   3.019392     2.0300   3.020597      97.18     0.0192     2.7711     2.4860  2.0482996  0.8713830   46.99876  -47.24750    34.1319    34.1471     2.0205     2.0204    27.2746    27.2867    6.22178    6.38977         40 0.0000e+00
      17753    739.666    183.000     2.0352   3.020082     2.0346   3.021222      97.15     0.0170     2.7693     2.4849  2.0458999  0.8726678   46.99876  -47.24750    34.1345    34.1494     2.0255     2.0249    27.2763    27.2883    6.21217    6.37471         44 0.0000e+00
      17811    742.096    184.000     2.0450   3.021313     2.0448   3.022513      97.06     0.0184     2.7648     2.4800  2.0440738  0.8741136   46.99876  -47.24750    34.1388    34.1540     2.0352     2.0350    27.2790    27.2911    6.18169    6.34156         75 0.0000e+00
      17876    744.787    185.000     2.0724   3.024681     2.0720   3.025841      97.14     0.0215     2.7586     2.4734  2.0424275  0.8759267   46.99877  -47.24750    34.1508    34.1657     2.0625     2.0621    27.2865    27.2985    6.16375    6.31371         47 0.0000e+00
      17916    746.466    186.000     2.0870   3.026441     2.0869   3.027636      72.92     0.0212     2.7556     2.4696  2.0415101  0.8761189   46.99878  -47.24750    34.1565    34.1716     2.0770     2.0769    27.2898    27.3020    6.15946    6.31008         37 0.0000e+00
      17954    748.060    187.000     2.0927   3.027101     2.0925   3.028307      84.26     0.0226     2.7534     2.4678  2.0392249  0.8789600   46.99878  -47.24750    34.1581    34.1733     2.0827     2.0825    27.2907    27.3029    6.15693    6.31743         41 0.0000e+00
      17999    749.902    188.000     2.0954   3.027461     2.0960   3.028746      92.87     0.0232     2.7510     2.4669  2.0399504  0.8807991   46.99878  -47.24751    34.1590    34.1745     2.0854     2.0860    27.2912    27.3036    6.14538    6.31873         46 0.0000e+00
      18044    751.791    189.000     2.0974   3.027715     2.0973   3.028930      96.99     0.0205     2.7484     2.4661  2.0412586  0.8815219   46.99878  -47.24752    34.1596    34.1748     2.0873     2.0872    27.2915    27.3037    6.14726    6.32235         43 0.0000e+00
      18082    753.356    190.000     2.0972   3.027744     2.0971   3.028949      96.81     0.0229     2.7480     2.4662  2.0415182  0.8822390   46.99878  -47.24752    34.1595    34.1747     2.0871     2.0869    27.2915    27.3037    6.15459    6.31779         33 0.0000e+00
      18118    754.866    191.000     2.0987   3.027937     2.0992   3.029221      96.76     0.0214     2.7466     2.4648  2.0413907  0.8827457   46.99878  -47.24752    34.1598    34.1753     2.0885     2.0892    27.2916    27.3040    6.14187    6.30546         46 0.0000e+00
      18201    758.343    192.000     2.0998   3.028105     2.1009   3.029445      96.84     0.0229     2.7430     2.4607  2.0414875  0.8836449   46.99879  -47.24752    34.1601    34.1757     2.0895     2.0906    27.2918    27.3041    6.12451    6.28602         82 0.0000e+00
      18246    760.190    193.000     2.1087   3.029179     2.1095   3.030496      96.86     0.0259     2.7387     2.4568  2.0439401  0.8840097   46.99880  -47.24754    34.1634    34.1789     2.0984     2.0992    27.2937    27.3061    6.10132    6.26546         31 0.0000e+00
      18276    761.448    194.000     2.1177   3.030247     2.1173   3.031430      96.74     0.0204     2.7363     2.4545  2.0435824  0.8846756   46.99880  -47.24754    34.1665    34.1817     2.1073     2.1069    27.2955    27.3077    6.09838    6.26490         32 0.0000e+00
      18311    762.926    195.000     2.1262   3.031286     2.1258   3.032455      96.95     0.0192     2.7342     2.4532  2.0430903  0.8852141   46.99880  -47.24754    34.1698    34.1848     2.1157     2.1153    27.2974    27.3095    6.10691    6.27657         39 0.0000e+00
      18355    764.740    196.000     2.1417   3.033293     2.1410   3.034416      80.78     0.0192     2.7332     2.4531  2.0423908  0.8866765   46.99880  -47.24754    34.1775    34.1923     2.1312     2.1304    27.3024    27.3143    6.10196    6.27615         48 0.0000e+00
      18410    767.044    197.000     2.1465   3.033946     2.1466   3.035173      95.59     0.0278     2.7321     2.4509  2.0443912  0.8881968   46.99880  -47.24754    34.1799    34.1952     2.1359     2.1359    27.3040    27.3162    6.10513    6.25978         65 0.0000e+00
      18474    769.726    198.000     2.1487   3.034261     2.1486   3.035482      95.67     0.0220     2.7321     2.4505  2.0451999  0.8902096   46.99880  -47.24755    34.1810    34.1963     2.1380     2.1379    27.3047    27.3169    6.10932    6.27257         52 0.0000e+00
      18515    771.406    199.000     2.1523   3.034760     2.1524   3.036002      62.08     0.0207     2.7322     2.4505  2.0459642  0.8906674   46.99880  -47.24756    34.1828    34.1981     2.1415     2.1417    27.3058    27.3181    6.10196    6.27014         37 0.0000e+00
      18558    773.192    200.000     2.1544   3.035064     2.1544   3.036290      90.30     0.0219     2.7313     2.4501  2.0470102  0.8910086   46.99880  -47.24756    34.1837    34.1990     2.1436     2.1436    27.3064    27.3186    6.10049    6.26219         51 0.0000e+00
      18610    775.354    201.000     2.1570   3.035443     2.1570   3.036676      87.01     0.0228     2.7302     2.4484  2.0471177  0.8912055   46.99880  -47.24756    34.1851    34.2005     2.1461     2.1461    27.3073    27.3196    6.10170    6.25955         46 0.0000e+00
      18647    776.925    202.000     2.1585   3.035684     2.1584   3.036911      97.48     0.0255     2.7303     2.4492  2.0472009  0.8913721   46.99880  -47.24756    34.1859    34.2013     2.1476     2.1475    27.3078    27.3202    6.10019    6.27815         32 0.0000e+00
      18677    778.183    203.000     2.1601   3.035931     2.1601   3.037164      97.29     0.0229     2.7298     2.4497  2.0487833  0.8913322   46.99880  -47.24756    34.1867    34.2021     2.1491     2.1491    27.3084    27.3207    6.10166    6.27140         32 0.0000e+00
      18722    780.044    204.000     2.1626   3.036288     2.1627   3.037524      90.66     0.0212     2.7297     2.4487  2.0486617  0.8923213   46.99880  -47.24756    34.1879    34.2032     2.1516     2.1516    27.3091    27.3214    6.10157    6.26080         59 0.0000e+00
      18776    782.310    205.000     2.1662   3.036811     2.1661   3.038013      94.92     0.0184     2.7295     2.4485  2.0488453  0.8925571   46.99880  -47.24758    34.1899    34.2051     2.1551     2.1549    27.3105    27.3226    6.10235    6.26707         43 0.0000e+00
      18827    784.429    206.000     2.1681   3.037077     2.1680   3.038310      95.29     0.0210     2.7295     2.4496  2.0494490  0.8928395   46.99880  -47.24758    34.1907    34.2061     2.1569     2.1570    27.3110    27.3233    6.10329    6.27923         68 0.0000e+00
      18889    786.989    207.000     2.1682   3.037148     2.1682   3.038377      93.70     0.0253     2.7288     2.4499  2.0510550  0.8938355   46.99880  -47.24758    34.1909    34.2063     2.1570     2.1569    27.3111    27.3234    6.09388    6.26022         41 0.0000e+00
      18920    788.295    208.000     2.1710   3.037576     2.1709   3.038800      82.74     0.0285     2.7293     2.4488  2.0501432  0.8937729   46.99880  -47.24758    34.1927    34.2079     2.1597     2.1596    27.3123    27.3245    6.11002    6.26672         29 0.0000e+00
      18950    789.561    209.000     2.1737   3.037967     2.1737   3.039191      75.67     0.0233     2.7295     2.4489  2.0509324  0.8939118   46.99880  -47.24758    34.1941    34.2094     2.1624     2.1623    27.3132    27.3254    6.10793    6.26681         34 0.0000e+00
      18994    791.391    210.000     2.1812   3.038962     2.1809   3.040153      93.51     0.0239     2.7292     2.4481  2.0498750  0.8945483   46.99880  -47.24758    34.1978    34.2130     2.1698     2.1694    27.3156    27.3278    6.09756    6.26131         56 0.0000e+00
      19054    793.863    211.000     2.1885   3.039943     2.1877   3.041062      93.63     0.0277     2.7283     2.4477  2.0488636  0.8955466   46.99880  -47.24758    34.2017    34.2165     2.1770     2.1762    27.3181    27.3300    6.09384    6.26520         53 0.0000e+00
      19097    795.665    212.000     2.1977   3.041230     2.1971   3.042372      72.21     0.0229     2.7273     2.4482  2.0488400  0.8960266   46.99878  -47.24758    34.2072    34.2221     2.1862     2.1855    27.3218    27.3337    6.08675    6.27127         39 0.0000e+00
      19137    797.335    213.000     2.2014   3.041725     2.2011   3.042923      97.01     0.0237     2.7261     2.4484  2.0501335  0.8964427   46.99878  -47.24758    34.2089    34.2241     2.1897     2.1895    27.3229    27.3350    6.08945    6.26327         42 0.0000e+00
      19178    799.061    214.000     2.2062   3.042365     2.2056   3.043519      93.46     0.0219     2.7265     2.4478  2.0508237  0.8972521   46.99878  -47.24759    34.2111    34.2261     2.1945     2.1939    27.3243    27.3363    6.10296    6.26055         40 0.0000e+00
      19218    800.707    215.000     2.2093   3.042802     2.2088   3.043972      76.99     0.0216     2.7290     2.4480  2.0502820  0.8976141   46.99878  -47.24759    34.2126    34.2277     2.1976     2.1970    27.3252    27.3374    6.11713    6.26624         40 0.0000e+00
      19263    802.582    216.000     2.2119   3.043147     2.2116   3.044352      88.05     0.0242     2.7296     2.4475  2.0508626  0.8984861   46.99878  -47.24758    34.2136    34.2288     2.2000     2.1998    27.3258    27.3380    6.10170    6.26079         52 0.0000e+00
      19321    805.006    217.000     2.2199   3.044219     2.2173   3.045110      94.54     0.0197     2.7294     2.4479  2.0504396  0.8993191   46.99878  -47.24759    34.2178    34.2317     2.2080     2.2054    27.3285    27.3398    6.10282    6.26912         54 0.0000e+00
      19363    806.732    218.000     2.2567   3.048912     2.2523   3.049564      84.88     0.0191     2.7297     2.4489  2.0492449  0.8999130   46.99878  -47.24760    34.2360    34.2489     2.2447     2.2402    27.3402    27.3508    6.09571    6.27578         36 0.0000e+00
      19400    808.304    219.000     2.2705   3.050758     2.2694   3.051828      80.92     0.0196     2.7309     2.4506  2.0513330  0.9003756   46.99876  -47.24760    34.2435    34.2581     2.2584     2.2573    27.3450    27.3568    6.12336    6.28532         41 0.0000e+00
      19441    810.008    220.000     2.2890   3.053186     2.2884   3.054343      92.77     0.0229     2.7360     2.4546  2.0477488  0.9034986   46.99876  -47.24760    34.2533    34.2682     2.2768     2.2762    27.3514    27.3634    6.15593    6.31553         38 0.0000e+00
      19480    811.645    221.000     2.3072   3.055626     2.3064   3.056745      94.31     0.0248     2.7421     2.4600  2.0476305  0.9050990   46.99876  -47.24760    34.2635    34.2782     2.2949     2.2941    27.3580    27.3698    6.17226    6.34110         47 0.0000e+00
      19544    814.297    222.000     2.3189   3.057280     2.3161   3.058117      79.66     0.0185     2.7530     2.4707  2.0476191  0.9080940   46.99876  -47.24760    34.2709    34.2842     2.3065     2.3037    27.3630    27.3739    6.21022    6.37137         68 0.0000e+00
      19594    816.359    223.000     2.3307   3.059031     2.3300   3.060163      97.78     0.0186     2.7610     2.4765  2.0476191  0.9086843   46.99874  -47.24760    34.2793    34.2941     2.3182     2.3175    27.3688    27.3807    6.21402    6.37300         33 0.0000e+00
      19621    817.494    224.000     2.3392   3.060308     2.3387   3.061472      88.48     0.0156     2.7644     2.4795  2.0467162  0.9099432   46.99874  -47.24760    34.2854    34.3004     2.3267     2.3267    27.3730    27.3850    6.22125    6.39337         26 0.0000e+00
      19649    818.653    225.000     2.3449   3.061145     2.3445   3.062330      95.96     0.0134     2.7682     2.4843  2.0461655  0.9105775   46.99874  -47.24760    34.2891    34.3043     2.3323     2.3319    27.3755    27.3876    6.25025    6.42499         33 0.0000e+00
      19705    820.992    226.000     2.3493   3.061815     2.3490   3.063003      79.23     0.0161     2.7790     2.4949  2.0429056  0.9125881   46.99873  -47.24760    34.2922    34.3073     2.3366     2.3363    27.3776    27.3897    6.28240    6.45641         77 0.0000e+00
      19768    823.638    227.000     2.3604   3.063519     2.3594   3.064597      95.26     0.0240     2.7887     2.5056  2.0404491  0.9136779   46.99872  -47.24760    34.3008    34.3153     2.3477     2.3466    27.3836    27.3952    6.28856    6.47401         43 0.0000e+00
      19802    825.062    228.000     2.3747   3.065531     2.3739   3.066663      92.26     0.0210     2.7921     2.5088  2.0392635  0.9144532   46.99872  -47.24760    34.3099    34.3248     2.3618     2.3610    27.3897    27.4016    6.28948    6.46522         32 0.0000e+00
      19840    826.633    229.000     2.3902   3.067558     2.3891   3.068634      74.39     0.0171     2.7949     2.5112  2.0369263  0.9157956   46.99872  -47.24760    34.3178    34.3323     2.3772     2.3761    27.3947    27.4064    6.28822    6.45807         48 0.0000e+00
      19895    828.896    230.000     2.4048   3.069458     2.4041   3.070600      98.19     0.0142     2.7981     2.5127  2.0322452  0.9177318   46.99871  -47.24760    34.3250    34.3399     2.3917     2.3911    27.3993    27.4113    6.29183    6.45652         51 0.0000e+00
      19940    830.786    231.000     2.4137   3.070617     2.4130   3.071762      92.33     0.0167     2.8003     2.5148  2.0298698  0.9197833   46.99870  -47.24760    34.3293    34.3442     2.4006     2.3999    27.4020    27.4139    6.29614    6.47152         46 0.0000e+00
