data/CTD/2013/CNV/D021A053.CNV
* Sea-Bird SBE 9 Data File:
* FileName = C:\CTD_ACQUISITION\2013021HUD\ctddata\021A053.hdr
* Software Version Seasave V 7.22.2
* Temperature SN = 5081
* Conductivity SN = 3561
* Number of Bytes Per Scan = 37
* Number of Voltage Words = 4
* Number of Scans Averaged by the Deck Unit = 1
* NMEA Latitude = 48 45.35 N
* NMEA Longitude = 045 38.39 W
* NMEA UTC (Time) = Jul 05 2013 05:32:39
* NMEA baud rate = 9600
** Ship: Hudson
** Cruise: HUD2013021
** Chief_Scientist: Greenan
** Organization: BIO
** Area_of_Operation: Sackville Spur
** Station: 53
** Sounding:  1400
** Event_Comments: SS24  393215
# nquan = 25
# nvalues = 1367                        
# units = specified
# name 0 = scan: Scan Count
# name 1 = timeS: Time, Elapsed [seconds]
# name 2 = prDM: Pressure, Digiquartz [db]
# name 3 = t068C: Temperature [ITS-68, deg C]
# name 4 = c0S/m: Conductivity [S/m]
# name 5 = t168C: Temperature, 2 [ITS-68, deg C]
# name 6 = c1S/m: Conductivity, 2 [S/m]
# name 7 = altM: Altimeter [m]
# name 8 = flCUVA: Fluorescence, Chelsea UV Aquatracka [ug/l]
# name 9 = sbeox0V: Oxygen raw, SBE 43 [V]
# name 10 = sbeox1V: Oxygen raw, SBE 43, 2 [V]
# name 11 = upoly0: Upoly 0, Optode 4330F - O2 D-Phase
# name 12 = upoly1: Upoly 1, Optode 4330F - O2 Temp
# name 13 = latitude: Latitude [deg]
# name 14 = longitude: Longitude [deg]
# name 15 = sal00: Salinity, Practical [PSU]
# name 16 = sal11: Salinity, Practical, 2 [PSU]
# name 17 = potemp068C: Potential Temperature [ITS-68, deg C]
# name 18 = potemp168C: Potential Temperature, 2 [ITS-68, deg C]
# name 19 = sigma-é00: Density [sigma-theta, Kg/m^3]
# name 20 = sigma-é11: Density, 2 [sigma-theta, Kg/m^3]
# name 21 = sbeox0ML/L: Oxygen, SBE 43 [ml/l], WS = 2
# name 22 = sbeox1ML/L: Oxygen, SBE 43, 2 [ml/l], WS = 2
# name 23 = nbin: number of scans per bin
# name 24 = flag: flag
# span 0 =       9483,      39491       
# span 1 =    395.067,   1645.432       
# span 2 =      3.000,   1369.000       
# span 3 =     2.0674,     7.7384       
# span 4 =   3.018046,   3.485131       
# span 5 =     2.0674,     7.7378       
# span 6 =   3.019342,   3.486596       
# span 7 =       4.37,      98.47       
# span 8 =     0.0058,     0.4454       
# span 9 =     2.4546,     3.3463       
# span 10 =     2.2068,     2.9913      
# span 11 =  1.7020301,  2.0435432      
# span 12 =  0.9013679,  1.5921856      
# span 13 =   48.75667,   48.75852      
# span 14 =  -45.64056,  -45.63915      
# span 15 =    33.6583,    34.9183      
# span 16 =    33.6787,    34.9346      
# span 17 =     2.0648,     7.7374      
# span 18 =     2.0648,     7.7367      
# span 19 =    26.3425,    27.7655      
# span 20 =    26.3557,    27.7785      
# span 21 =    5.87086,    7.21923      
# span 22 =    6.08546,    7.28482      
# span 23 =         13,         65      
# span 24 = 0.0000e+00, 0.0000e+00      
# interval = decibars: 1                
# start_time = Jul 05 2013 05:32:39 [NMEA time, header]
# bad_flag = -9.990e-29
*END*
[from data line 638]
      23851    993.744    641.000     3.8258   3.258692     3.8258   3.260030      90.88     0.0140     2.7620     2.4825  1.9540306  1.1036899   48.75796  -45.63982    34.8806    34.8966     3.7795     3.7794    27.7141    27.7268    6.23306    6.42671         26 0.0000e+00
      23875    994.759    642.000     3.8261   3.258751     3.8258   3.260090      63.86     0.0164     2.7616     2.4827  1.9548469  1.1036165   48.75796  -45.63983    34.8805    34.8967     3.7797     3.7794    27.7140    27.7269    6.23277    6.42781         22 0.0000e+00
      23895    995.602    643.000     3.8252   3.258723     3.8254   3.260090      95.30     0.0167     2.7616     2.4824  1.9548229  1.1037889   48.75796  -45.63984    34.8806    34.8966     3.7787     3.7790    27.7142    27.7269    6.23463    6.42365         19 0.0000e+00
      23913    996.347    644.000     3.8236   3.258641     3.8235   3.259976      81.79     0.0140     2.7614     2.4821  1.9548229  1.1030537   48.75796  -45.63984    34.8807    34.8967     3.7771     3.7770    27.7145    27.7272    6.22931    6.42319         17 0.0000e+00
      23930    997.053    645.000     3.8232   3.258640     3.8234   3.260004      70.23     0.0074     2.7602     2.4819  1.9548229  1.1031399   48.75796  -45.63984    34.8806    34.8967     3.7766     3.7768    27.7144    27.7272    6.23148    6.42674         17 0.0000e+00
      23948    997.773    646.000     3.8212   3.258477     3.8213   3.259840      95.63     0.0085     2.7609     2.4819  1.9551631  1.1028345   48.75796  -45.63984    34.8803    34.8964     3.7745     3.7746    27.7144    27.7272    6.24550    6.42429         18 0.0000e+00
      23966    998.562    647.000     3.8187   3.258290     3.8186   3.259634      89.29     0.0113     2.7616     2.4812  1.9563479  1.1025643   48.75796  -45.63984    34.8802    34.8963     3.7720     3.7719    27.7145    27.7274    6.24536    6.41610         20 0.0000e+00
      23989    999.505    648.000     3.8176   3.258226     3.8175   3.259571      54.60     0.0157     2.7610     2.4803  1.9560952  1.1025641   48.75796  -45.63986    34.8801    34.8962     3.7708     3.7706    27.7146    27.7275    6.23159    6.41470         26 0.0000e+00
      24015   1000.580    649.000     3.8166   3.258186     3.8164   3.259526      90.84     0.0149     2.7606     2.4795  1.9548266  1.1025641   48.75795  -45.63986    34.8802    34.8962     3.7697     3.7696    27.7148    27.7276    6.23358    6.41975         25 0.0000e+00
      24038   1001.555    650.000     3.8158   3.258175     3.8158   3.259523      93.65     0.0146     2.7599     2.4793  1.9548229  1.1025641   48.75794  -45.63986    34.8803    34.8964     3.7689     3.7688    27.7150    27.7278    6.24214    6.42641         21 0.0000e+00
      24059   1002.408    651.000     3.8153   3.258175     3.8151   3.259515      76.87     0.0106     2.7605     2.4794  1.9541417  1.1025641   48.75794  -45.63986    34.8804    34.8965     3.7682     3.7681    27.7151    27.7279    6.24093    6.42256         20 0.0000e+00
      24079   1003.232    652.000     3.8152   3.258212     3.8150   3.259560      79.12     0.0152     2.7600     2.4788  1.9541514  1.1024415   48.75794  -45.63986    34.8804    34.8966     3.7681     3.7679    27.7151    27.7280    6.23288    6.41756         20 0.0000e+00
      24100   1004.107    653.000     3.8153   3.258266     3.8151   3.259609      94.71     0.0171     2.7593     2.4783  1.9557167  1.1017847   48.75794  -45.63986    34.8804    34.8966     3.7681     3.7697    27.7151    27.7280    6.22933    6.41389         22 0.0000e+00
      24123   1005.091    654.000     3.8153   3.258320     3.8152   3.259660      88.87     0.0157     2.7585     2.4775  1.9564404  1.1013396   48.75794  -45.63988    34.8805    34.8966     3.7681     3.7679    27.7152    27.7280    6.22654    6.41601         25 0.0000e+00
      24147   1006.081    655.000     3.8150   3.258346     3.8148   3.259696      71.31     0.0156     2.7577     2.4769  1.9564323  1.1015129   48.75794  -45.63988    34.8806    34.8968     3.7676     3.7675    27.7153    27.7283    6.22982    6.41477         22 0.0000e+00
      24168   1006.957    656.000     3.8146   3.258369     3.8145   3.259712      32.34     0.0186     2.7570     2.4767  1.9568466  1.1015891   48.75794  -45.63988    34.8808    34.8969     3.7672     3.7671    27.7155    27.7283    6.23123    6.42131         20 0.0000e+00
      24188   1007.779    657.000     3.8144   3.258392     3.8142   3.259726      95.42     0.0229     2.7574     2.4768  1.9564062  1.1014642   48.75794  -45.63988    34.8808    34.8968     3.7669     3.7667    27.7155    27.7283    6.24080    6.43048         20 0.0000e+00
      24208   1008.633    658.000     3.8139   3.258397     3.8138   3.259734      65.78     0.0227     2.7574     2.4774  1.9560491  1.1013448   48.75794  -45.63989    34.8808    34.8968     3.7664     3.7662    27.7156    27.7283    6.24166    6.43405         22 0.0000e+00
      24231   1009.585    659.000     3.8135   3.258399     3.8133   3.259747      90.69     0.0163     2.7576     2.4774  1.9558446  1.1013432   48.75794  -45.63990    34.8807    34.8969     3.7659     3.7657    27.7156    27.7285    6.24161    6.42443         24 0.0000e+00
      24255   1010.587    660.000     3.8120   3.258310     3.8120   3.259663      93.99     0.0173     2.7575     2.4772  1.9548190  1.1013432   48.75794  -45.63990    34.8807    34.8968     3.7643     3.7643    27.7158    27.7286    6.23379    6.42417         23 0.0000e+00
      24277   1011.495    661.000     3.8100   3.258177     3.8099   3.259515      73.27     0.0185     2.7568     2.4769  1.9548229  1.1013432   48.75794  -45.63990    34.8807    34.8968     3.7622     3.7621    27.7160    27.7288    6.23310    6.42138         20 0.0000e+00
      24296   1012.289    662.000     3.8095   3.258173     3.8093   3.259507      82.51     0.0131     2.7565     2.4763  1.9565566  1.1013432   48.75794  -45.63990    34.8806    34.8967     3.7617     3.7615    27.7160    27.7288    6.22983    6.42262         18 0.0000e+00
      24314   1013.045    663.000     3.8091   3.258183     3.8089   3.259521      95.55     0.0118     2.7555     2.4764  1.9564291  1.1013432   48.75794  -45.63992    34.8807    34.8968     3.7612     3.7610    27.7160    27.7289    6.23509    6.42890         19 0.0000e+00
      24333   1013.834    664.000     3.8089   3.258210     3.8087   3.259544      95.10     0.0119     2.7562     2.4764  1.9565299  1.1013432   48.75794  -45.63992    34.8807    34.8968     3.7609     3.7607    27.7161    27.7289    6.23596    6.42855         20 0.0000e+00
      24354   1014.721    665.000     3.8088   3.258242     3.8086   3.259583      64.91     0.0136     2.7549     2.4762  1.9564333  1.1013432   48.75794  -45.63992    34.8807    34.8968     3.7608     3.7605    27.7161    27.7290    6.22653    6.42697         22 0.0000e+00
      24377   1015.672    666.000     3.8089   3.258293     3.8086   3.259619      95.83     0.0129     2.7547     2.4760  1.9564154  1.1013432   48.75794  -45.63993    34.8807    34.8968     3.7607     3.7604    27.7161    27.7289    6.23588    6.42025         23 0.0000e+00
      24399   1016.589    667.000     3.8088   3.258331     3.8086   3.259664      95.56     0.0121     2.7545     2.4751  1.9566265  1.1013432   48.75794  -45.63994    34.8806    34.8968     3.7606     3.7603    27.7161    27.7290    6.23306    6.42246         21 0.0000e+00
      24421   1017.486    668.000     3.8088   3.258370     3.8086   3.259718      73.07     0.0132     2.7535     2.4751  1.9566547  1.1013432   48.75794  -45.63994    34.8806    34.8969     3.7605     3.7603    27.7161    27.7290    6.22387    6.42774         22 0.0000e+00
      24443   1018.431    669.000     3.8083   3.258366     3.8082   3.259722      87.36     0.0157     2.7534     2.4751  1.9549356  1.1013432   48.75796  -45.63994    34.8806    34.8968     3.7599     3.7598    27.7161    27.7290    6.23408    6.43040         24 0.0000e+00
      24468   1019.438    670.000     3.8070   3.258301     3.8070   3.259652      95.57     0.0176     2.7531     2.4753  1.9548738  1.1013432   48.75796  -45.63994    34.8807    34.8967     3.7586     3.7585    27.7163    27.7291    6.23617    6.43045         24 0.0000e+00
      24491   1020.414    671.000     3.8052   3.258184     3.8051   3.259522      76.65     0.0188     2.7528     2.4750  1.9562352  1.1013432   48.75796  -45.63994    34.8806    34.8967     3.7567     3.7566    27.7164    27.7293    6.23350    6.42457         22 0.0000e+00
      24512   1021.305    672.000     3.8039   3.258112     3.8038   3.259457      82.11     0.0208     2.7526     2.4743  1.9562185  1.1013432   48.75796  -45.63996    34.8806    34.8967     3.7553     3.7552    27.7166    27.7294    6.23576    6.41650         21 0.0000e+00
      24533   1022.147    673.000     3.8037   3.258148     3.8035   3.259467      95.55     0.0199     2.7527     2.4734  1.9569603  1.1009154   48.75796  -45.63996    34.8807    34.8966     3.7551     3.7548    27.7167    27.7294    6.23506    6.41433         20 0.0000e+00
      24552   1022.966    674.000     3.8039   3.258198     3.8034   3.259504      95.58     0.0168     2.7522     2.4728  1.9572678  1.1005688   48.75796  -45.63996    34.8807    34.8967     3.7551     3.7547    27.7166    27.7294    6.23285    6.42161         19 0.0000e+00
      24572   1023.783    675.000     3.8033   3.258185     3.8031   3.259521      56.85     0.0170     2.7518     2.4727  1.9569551  1.1003631   48.75796  -45.63997    34.8806    34.8967     3.7545     3.7542    27.7167    27.7295    6.23563    6.42636         20 0.0000e+00
      24592   1024.639    676.000     3.8029   3.258196     3.8027   3.259533      87.11     0.0173     2.7523     2.4726  1.9563813  1.1001240   48.75796  -45.63998    34.8807    34.8967     3.7540     3.7538    27.7168    27.7296    6.24096    6.42498         22 0.0000e+00
      24614   1025.557    677.000     3.8027   3.258231     3.8025   3.259564      68.17     0.0092     2.7516     2.4724  1.9563769  1.1001221   48.75796  -45.63998    34.8807    34.8967     3.7538     3.7536    27.7168    27.7296    6.23373    6.42759         22 0.0000e+00
      24638   1026.539    678.000     3.8022   3.258221     3.8021   3.259570      91.28     0.0090     2.7516     2.4725  1.9566597  1.1001221   48.75796  -45.63998    34.8806    34.8967     3.7531     3.7531    27.7168    27.7296    6.23689    6.43133         24 0.0000e+00
      24662   1027.536    679.000     3.8017   3.258229     3.8017   3.259580      95.65     0.0143     2.7512     2.4727  1.9564995  1.1001221   48.75796  -45.63998    34.8807    34.8968     3.7526     3.7526    27.7169    27.7297    6.23207    6.43234         24 0.0000e+00
      24685   1028.489    680.000     3.8018   3.258275     3.8016   3.259619      72.15     0.0159     2.7503     2.4726  1.9564878  1.1001221   48.75796  -45.64000    34.8806    34.8969     3.7526     3.7524    27.7169    27.7298    6.22888    6.42531         22 0.0000e+00
      24706   1029.378    681.000     3.8014   3.258284     3.8013   3.259629      85.87     0.0161     2.7499     2.4718  1.9566841  1.1001221   48.75796  -45.64000    34.8806    34.8967     3.7522     3.7520    27.7169    27.7298    6.23233    6.41657         21 0.0000e+00
      24726   1030.211    682.000     3.8009   3.258291     3.8008   3.259629      95.61     0.0160     2.7498     2.4711  1.9565576  1.1001221   48.75796  -45.64002    34.8807    34.8968     3.7516     3.7514    27.7170    27.7298    6.24001    6.42019         19 0.0000e+00
      24745   1031.001    683.000     3.8009   3.258331     3.8008   3.259672      95.59     0.0161     2.7499     2.4709  1.9563006  1.1001221   48.75796  -45.64002    34.8806    34.8968     3.7515     3.7513    27.7170    27.7298    6.24408    6.41938         19 0.0000e+00
      24764   1031.796    684.000     3.8008   3.258375     3.8007   3.259714      29.61     0.0158     2.7507     2.4700  1.9566472  1.1001221   48.75796  -45.64002    34.8808    34.8968     3.7513     3.7512    27.7171    27.7299    6.25086    6.41591         20 0.0000e+00
      24785   1032.673    685.000     3.8000   3.258332     3.7999   3.259674      90.55     0.0168     2.7511     2.4696  1.9565270  1.1001221   48.75796  -45.64002    34.8806    34.8967     3.7504     3.7503    27.7171    27.7299    6.24786    6.41805         23 0.0000e+00
      24812   1033.810    686.000     3.7995   3.258337     3.7994   3.259672      93.77     0.0203     2.7511     2.4691  1.9561695  1.1001221   48.75797  -45.64003    34.8806    34.8967     3.7499     3.7497    27.7172    27.7299    6.23957    6.42514         31 0.0000e+00
      24843   1035.097    687.000     3.7991   3.258350     3.7990   3.259683      68.04     0.0135     2.7495     2.4693  1.9555180  1.1001221   48.75798  -45.64004    34.8807    34.8966     3.7494     3.7493    27.7172    27.7300    6.23023    6.42465         27 0.0000e+00
      24866   1036.053    688.000     3.7987   3.258355     3.7986   3.259695      96.44     0.0114     2.7496     2.4691  1.9571960  1.1001221   48.75798  -45.64004    34.8807    34.8968     3.7489     3.7487    27.7173    27.7301    6.22908    6.42490         20 0.0000e+00
      24884   1036.804    689.000     3.7986   3.258402     3.7984   3.259740      95.57     0.0137     2.7479     2.4689  1.9589454  1.1001221   48.75798  -45.64005    34.8808    34.8969     3.7487     3.7485    27.7174    27.7302    6.22587    6.42349         17 0.0000e+00
      24900   1037.474    690.000     3.7985   3.258445     3.7983   3.259785      71.35     0.0151     2.7483     2.4687  1.9591707  1.1001221   48.75798  -45.64006    34.8809    34.8970     3.7486     3.7483    27.7175    27.7304    6.24289    6.42686         16 0.0000e+00
      24916   1038.124    691.000     3.7991   3.258560     3.7987   3.259881      70.51     0.0151     2.7483     2.4687  1.9560471  1.1000408   48.75798  -45.64006    34.8811    34.8973     3.7490     3.7486    27.7176    27.7305    6.24107    6.42948         15 0.0000e+00
      24932   1038.811    692.000     3.7990   3.258599     3.7987   3.259926      94.57     0.0125     2.7477     2.4688  1.9548249  1.1000543   48.75798  -45.64006    34.8811    34.8972     3.7489     3.7486    27.7176    27.7305    6.22693    6.42510         18 0.0000e+00
      24952   1039.633    693.000     3.7987   3.258616     3.7986   3.259957      95.25     0.0102     2.7467     2.4683  1.9552821  1.0999154   48.75798  -45.64006    34.8811    34.8972     3.7486     3.7484    27.7177    27.7305    6.22968    6.42423         23 0.0000e+00
      24982   1040.860    694.000     3.7989   3.258674     3.7985   3.259984      74.53     0.0125     2.7472     2.4681  1.9572399  1.0991206   48.75798  -45.64007    34.8811    34.8971     3.7487     3.7482    27.7176    27.7305    6.24063    6.42792         35 0.0000e+00
      25014   1042.228    695.000     3.7983   3.258662     3.7981   3.259993      75.97     0.0142     2.7463     2.4681  1.9572200  1.0995240   48.75798  -45.64008    34.8810    34.8971     3.7480     3.7477    27.7176    27.7305    6.23326    6.43204         28 0.0000e+00
      25039   1043.247    696.000     3.7962   3.258504     3.7963   3.259869      77.77     0.0168     2.7464     2.4685  1.9571527  1.1001323   48.75800  -45.64010    34.8809    34.8971     3.7458     3.7458    27.7178    27.7306    6.23802    6.43892         22 0.0000e+00
      25060   1044.132    697.000     3.7953   3.258468     3.7950   3.259796      95.71     0.0185     2.7462     2.4688  1.9565043  1.1000049   48.75800  -45.64010    34.8809    34.8970     3.7448     3.7445    27.7179    27.7307    6.23424    6.43714         21 0.0000e+00
