data/CTD/2013/CNV/D021A015.CNV
* Sea-Bird SBE 9 Data File:
* FileName = C:\CTD_ACQUISITION\2013021HUD\ctddata\021A015.hdr
* Software Version Seasave V 7.22.2
* Temperature SN = 5081
* Conductivity SN = 3561
* Number of Bytes Per Scan = 37
* Number of Voltage Words = 4
* Number of Scans Averaged by the Deck Unit = 1
* NMEA Latitude = 46 59.86 N
* NMEA Longitude = 047 00.97 W
* NMEA UTC (Time) = Jul 01 2013 23:47:27
* NMEA baud rate = 9600
** Ship: Hudson
** Cruise: HUD2013021
** Chief_Scientist: Greenan
** Organization: BIO
** Area_of_Operation: Sackville Spur
** Station: 15
** Sounding:  1154
** Event_Comments: FC17  393117
# nquan = 25
# nvalues = 1141                        
# units = specified
# name 0 = scan: Scan Count
# name 1 = timeS: Time, Elapsed [seconds]
# name 2 = prDM: Pressure, Digiquartz [db]
# name 3 = t068C: Temperature [ITS-68, deg C]
# name 4 = c0S/m: Conductivity [S/m]
# name 5 = t168C: Temperature, 2 [ITS-68, deg C]
# name 6 = c1S/m: Conductivity, 2 [S/m]
# name 7 = altM: Altimeter [m]
# name 8 = flCUVA: Fluorescence, Chelsea UV Aquatracka [ug/l]
# name 9 = sbeox0V: Oxygen raw, SBE 43 [V]
# name 10 = sbeox1V: Oxygen raw, SBE 43, 2 [V]
# name 11 = upoly0: Upoly 0, Optode 4330F - O2 D-Phase
# name 12 = upoly1: Upoly 1, Optode 4330F - O2 Temp
# name 13 = latitude: Latitude [deg]
# name 14 = longitude: Longitude [deg]
# name 15 = sal00: Salinity, Practical [PSU]
# name 16 = sal11: Salinity, Practical, 2 [PSU]
# name 17 = potemp068C: Potential Temperature [ITS-68, deg C]
# name 18 = potemp168C: Potential Temperature, 2 [ITS-68, deg C]
# name 19 = sigma-é00: Density [sigma-theta, Kg/m^3]
# name 20 = sigma-é11: Density, 2 [sigma-theta, Kg/m^3]
# name 21 = sbeox0ML/L: Oxygen, SBE 43 [ml/l], WS = 2
# name 22 = sbeox1ML/L: Oxygen, SBE 43, 2 [ml/l], WS = 2
# name 23 = nbin: number of scans per bin
# name 24 = flag: flag
# span 0 =      10762,      46763       
# span 1 =    448.383,   1948.434       
# span 2 =      2.000,   1142.000       
# span 3 =    -0.4216,     6.8842       
# span 4 =   2.733994,   3.299102       
# span 5 =    -0.4206,     6.9087       
# span 6 =   2.735323,   3.301991       
# span 7 =       1.33,     132.24       
# span 8 =     0.0068,     0.1975       
# span 9 =     2.5123,     3.3735       
# span 10 =     2.2643,     3.0161      
# span 11 =  1.7128848,  2.0274835      
# span 12 =  0.5922542,  1.4850753      
# span 13 =   46.99547,   46.99679      
# span 14 =  -47.01636,  -47.01417      
# span 15 =    32.5921,    34.9127      
# span 16 =    32.6012,    34.9285      
# span 17 =    -0.4233,     6.8840      
# span 18 =    -0.4222,     6.9085      
# span 19 =    25.5390,    27.7519      
# span 20 =    25.5419,    27.7646      
# span 21 =    5.87064,    7.66603      
# span 22 =    6.09830,    7.80854      
# span 23 =          6,        103      
# span 24 = 0.0000e+00, 0.0000e+00      
# interval = decibars: 1                
# start_time = Jul 01 2013 23:47:27 [NMEA time, header]
# bad_flag = -9.990e-29
*END*
[from data line 580]
      35078   1461.543    582.000     4.1245   3.283691     4.1243   3.284976      96.43     0.0183     2.7409     2.4676  1.9567765  1.1374037   46.99590  -47.01584    34.8915    34.9069     4.0814     4.0811    27.6914    27.7037    6.06724    6.27060         15 0.0000e+00
      35094   1462.190    583.000     4.1246   3.283731     4.1243   3.285025      95.95     0.0188     2.7408     2.4673  1.9589511  1.1384345   46.99590  -47.01584    34.8914    34.9069     4.0813     4.0811    27.6914    27.7038    6.07142    6.27633         16 0.0000e+00
      35110   1462.872    584.000     4.1241   3.283739     4.1239   3.285043      67.06     0.0194     2.7399     2.4672  1.9591316  1.1383327   46.99590  -47.01584    34.8915    34.9071     4.0808     4.0806    27.6915    27.7039    6.07269    6.27046         17 0.0000e+00
      35128   1463.638    585.000     4.1226   3.283673     4.1225   3.284975      68.25     0.0168     2.7403     2.4661  1.9594595  1.1389440   46.99589  -47.01584    34.8917    34.9072     4.0793     4.0791    27.6918    27.7042    6.07376    6.26077         20 0.0000e+00
      35151   1464.582    586.000     4.1212   3.283595     4.1210   3.284887      94.98     0.0157     2.7395     2.4649  1.9597012  1.1391884   46.99588  -47.01584    34.8918    34.9073     4.0778     4.0775    27.6921    27.7044    6.06953    6.26507         26 0.0000e+00
      35179   1465.758    587.000     4.1205   3.283586     4.1203   3.284867      96.42     0.0171     2.7389     2.4648  1.9606397  1.1391941   46.99588  -47.01584    34.8919    34.9073     4.0770     4.0767    27.6922    27.7045    6.07305    6.28166         29 0.0000e+00
      35206   1466.885    588.000     4.1198   3.283564     4.1197   3.284873      96.29     0.0140     2.7388     2.4653  1.9617679  1.1391941   46.99588  -47.01584    34.8918    34.9074     4.0762     4.0761    27.6922    27.7046    6.07710    6.28725         25 0.0000e+00
      35229   1467.814    589.000     4.1192   3.283548     4.1191   3.284860      71.43     0.0130     2.7387     2.4660  1.9623333  1.1391941   46.99588  -47.01584    34.8918    34.9073     4.0755     4.0754    27.6923    27.7047    6.07609    6.28753         20 0.0000e+00
      35248   1468.610    590.000     4.1173   3.283417     4.1173   3.284731      64.49     0.0132     2.7388     2.4661  1.9625574  1.1391941   46.99588  -47.01584    34.8917    34.9072     4.0736     4.0735    27.6924    27.7048    6.07646    6.27993         18 0.0000e+00
      35265   1469.313    591.000     4.1162   3.283356     4.1161   3.284663      96.80     0.0129     2.7383     2.4656  1.9632182  1.1391941   46.99588  -47.01584    34.8917    34.9072     4.0723     4.0722    27.6925    27.7049    6.08475    6.28092         16 0.0000e+00
      35280   1469.950    592.000     4.1144   3.283229     4.1149   3.284595      96.29     0.0104     2.7393     2.4658  1.9620011  1.1391941   46.99588  -47.01584    34.8915    34.9071     4.0705     4.0710    27.6926    27.7050    6.09447    6.28855         15 0.0000e+00
      35294   1470.551    593.000     4.1124   3.283081     4.1128   3.284444      95.61     0.0104     2.7394     2.4660  1.9617181  1.1391941   46.99588  -47.01584    34.8913    34.9070     4.0684     4.0688    27.6927    27.7051    6.09344    6.28994         14 0.0000e+00
      35309   1471.154    594.000     4.1107   3.282958     4.1107   3.284284      37.70     0.0111     2.7397     2.4661  1.9615022  1.1391941   46.99588  -47.01584    34.8912    34.9068     4.0666     4.0667    27.6928    27.7052    6.09896    6.29483         15 0.0000e+00
      35325   1471.830    595.000     4.1076   3.282712     4.1075   3.284028      83.17     0.0141     2.7412     2.4667  1.9631089  1.1388667   46.99588  -47.01584    34.8910    34.9066     4.0635     4.0634    27.6929    27.7054    6.10062    6.29832         18 0.0000e+00
      35358   1473.217    596.000     4.1041   3.282419     4.1049   3.283809      75.40     0.0132     2.7414     2.4669  1.9641248  1.1384697   46.99588  -47.01584    34.8907    34.9063     4.0600     4.0620    27.6930    27.7054    6.09629    6.29570         52 0.0000e+00
      35399   1474.931    597.000     4.1025   3.282308     4.1027   3.283654      98.40     0.0130     2.7414     2.4671  1.9646165  1.1379430   46.99588  -47.01584    34.8906    34.9062     4.0582     4.0584    27.6932    27.7056    6.09395    6.29848         21 0.0000e+00
      35416   1475.622    598.000     4.0963   3.281747     4.0964   3.283092      93.44     0.0135     2.7415     2.4674  1.9651371  1.1379732   46.99588  -47.01584    34.8900    34.9058     4.0520     4.0521    27.6933    27.7059    6.10420    6.30049         16 0.0000e+00
      35430   1476.206    599.000     4.0916   3.281360     4.0915   3.282676      30.05     0.0136     2.7422     2.4675  1.9662762  1.1379732   46.99588  -47.01584    34.8898    34.9055     4.0473     4.0472    27.6937    27.7062    6.11054    6.29665         13 0.0000e+00
      35443   1476.750    600.000     4.0903   3.281266     4.0899   3.282569      82.76     0.0101     2.7425     2.4670  1.9665632  1.1380671   46.99588  -47.01584    34.8896    34.9054     4.0459     4.0455    27.6937    27.7063    6.10492    6.29187         13 0.0000e+00
      35456   1477.311    601.000     4.0902   3.281305     4.0895   3.282581      97.00     0.0089     2.7422     2.4669  1.9664228  1.1379734   46.99588  -47.01584    34.8896    34.9054     4.0457     4.0450    27.6937    27.7064    6.10759    6.28779         14 0.0000e+00
      35472   1477.959    602.000     4.0898   3.281312     4.0892   3.282584      97.03     0.0107     2.7429     2.4661  1.9664881  1.1371186   46.99588  -47.01584    34.8896    34.9053     4.0452     4.0446    27.6938    27.7063    6.11140    6.28538         18 0.0000e+00
      35494   1478.879    603.000     4.0886   3.281239     4.0887   3.282567      64.57     0.0158     2.7428     2.4653  1.9665337  1.1368092   46.99588  -47.01584    34.8895    34.9051     4.0440     4.0441    27.6938    27.7062    6.10007    6.29107         27 0.0000e+00
      35522   1480.022    604.000     4.0882   3.281247     4.0881   3.282559      68.06     0.0224     2.7422     2.4654  1.9663119  1.1359032   46.99588  -47.01584    34.8895    34.9051     4.0435     4.0433    27.6939    27.7063    6.10197    6.30198         24 0.0000e+00
      35542   1480.891    605.000     4.0882   3.281305     4.0879   3.282588      97.55     0.0176     2.7421     2.4658  1.9664570  1.1355238   46.99588  -47.01584    34.8896    34.9051     4.0434     4.0431    27.6939    27.7063    6.10328    6.31109         19 0.0000e+00
      35561   1481.670    606.000     4.0871   3.281237     4.0868   3.282529      83.79     0.0179     2.7420     2.4667  1.9656157  1.1355957   46.99588  -47.01584    34.8895    34.9050     4.0423     4.0420    27.6940    27.7064    6.10983    6.31876         19 0.0000e+00
      35581   1482.503    607.000     4.0866   3.281238     4.0865   3.282546      58.42     0.0181     2.7425     2.4674  1.9639610  1.1356955   46.99588  -47.01584    34.8895    34.9050     4.0417     4.0416    27.6940    27.7064    6.10842    6.31365         22 0.0000e+00
      35604   1483.459    608.000     4.0851   3.281143     4.0853   3.282479      96.11     0.0162     2.7420     2.4675  1.9643279  1.1356841   46.99588  -47.01584    34.8894    34.9050     4.0401     4.0403    27.6941    27.7065    6.09606    6.30844         24 0.0000e+00
      35627   1484.424    609.000     4.0817   3.280868     4.0819   3.282207      96.26     0.0178     2.7406     2.4676  1.9664681  1.1355300   46.99588  -47.01584    34.8893    34.9049     4.0366     4.0368    27.6944    27.7068    6.09723    6.31223         21 0.0000e+00
      35647   1485.234    610.000     4.0821   3.280951     4.0817   3.282247      96.86     0.0181     2.7405     2.4678  1.9662176  1.1355312   46.99588  -47.01586    34.8893    34.9050     4.0369     4.0366    27.6944    27.7069    6.11322    6.31427         18 0.0000e+00
      35664   1485.950    611.000     4.0801   3.280827     4.0799   3.282127      58.31     0.0152     2.7418     2.4680  1.9649512  1.1355312   46.99588  -47.01586    34.8894    34.9050     4.0349     4.0347    27.6947    27.7071    6.12228    6.31823         16 0.0000e+00
      35680   1486.631    612.000     4.0772   3.280601     4.0770   3.281902      64.78     0.0148     2.7419     2.4683  1.9645878  1.1355312   46.99588  -47.01586    34.8893    34.9048     4.0319     4.0317    27.6949    27.7073    6.12159    6.32133         17 0.0000e+00
      35697   1487.342    613.000     4.0759   3.280516     4.0756   3.281807      96.33     0.0156     2.7424     2.4685  1.9645909  1.1355312   46.99588  -47.01586    34.8891    34.9047     4.0306     4.0303    27.6949    27.7073    6.12570    6.31784         18 0.0000e+00
      35718   1488.205    614.000     4.0743   3.280404     4.0741   3.281702      96.58     0.0182     2.7436     2.4682  1.9645909  1.1352838   46.99588  -47.01584    34.8890    34.9046     4.0289     4.0286    27.6950    27.7074    6.13410    6.31028         24 0.0000e+00
      35746   1489.379    615.000     4.0726   3.280288     4.0724   3.281595      58.45     0.0143     2.7443     2.4676  1.9644661  1.1352040   46.99588  -47.01584    34.8889    34.9045     4.0271     4.0269    27.6951    27.7075    6.12261    6.31643         30 0.0000e+00
      35773   1490.503    616.000     4.0710   3.280205     4.0706   3.281491      96.73     0.0152     2.7439     2.4682  1.9639332  1.1342741   46.99588  -47.01586    34.8890    34.9046     4.0255     4.0251    27.6954    27.7078    6.11716    6.32253         23 0.0000e+00
      35793   1491.346    617.000     4.0708   3.280242     4.0705   3.281544      95.21     0.0159     2.7437     2.4679  1.9638830  1.1343101   46.99588  -47.01586    34.8892    34.9049     4.0252     4.0249    27.6955    27.7080    6.11691    6.31491         19 0.0000e+00
      35810   1492.058    618.000     4.0708   3.280290     4.0705   3.281579      45.57     0.0205     2.7434     2.4677  1.9645103  1.1343101   46.99588  -47.01586    34.8893    34.9048     4.0250     4.0293    27.6956    27.7080    6.11856    6.31670         16 0.0000e+00
      35826   1492.705    619.000     4.0703   3.280296     4.0700   3.281595      72.97     0.0200     2.7434     2.4676  1.9645905  1.1343101   46.99588  -47.01586    34.8893    34.9050     4.0245     4.0242    27.6957    27.7082    6.12132    6.31947         15 0.0000e+00
      35841   1493.333    620.000     4.0699   3.280315     4.0696   3.281612      95.50     0.0180     2.7429     2.4677  1.9645909  1.1343101   46.99588  -47.01586    34.8894    34.9050     4.0241     4.0237    27.6958    27.7083    6.12173    6.32190         15 0.0000e+00
      35857   1493.997    621.000     4.0695   3.280330     4.0694   3.281633      95.60     0.0186     2.7431     2.4678  1.9645909  1.1343101   46.99588  -47.01586    34.8895    34.9050     4.0236     4.0234    27.6959    27.7083    6.12439    6.32432         17 0.0000e+00
      35876   1494.781    622.000     4.0691   3.280330     4.0689   3.281627      70.98     0.0174     2.7431     2.4678  1.9645909  1.1342528   46.99588  -47.01586    34.8894    34.9049     4.0231     4.0229    27.6959    27.7083    6.13127    6.32403         21 0.0000e+00
      35900   1495.781    623.000     4.0688   3.280344     4.0686   3.281644      72.88     0.0184     2.7442     2.4678  1.9642115  1.1337416   46.99588  -47.01586    34.8893    34.9049     4.0227     4.0225    27.6959    27.7083    6.13720    6.32316         26 0.0000e+00
      35925   1496.834    624.000     4.0685   3.280355     4.0681   3.281649      97.16     0.0147     2.7440     2.4677  1.9639755  1.1330756   46.99588  -47.01586    34.8893    34.9050     4.0223     4.0219    27.6960    27.7084    6.12714    6.32498         24 0.0000e+00
      35949   1497.820    625.000     4.0676   3.280330     4.0674   3.281630      68.27     0.0101     2.7445     2.4678  1.9643391  1.1333455   46.99588  -47.01586    34.8894    34.9050     4.0213     4.0211    27.6961    27.7085    6.13673    6.32906         24 0.0000e+00
      35973   1498.813    626.000     4.0657   3.280212     4.0657   3.281521      75.58     0.0075     2.7442     2.4681  1.9645911  1.1335982   46.99588  -47.01586    34.8895    34.9050     4.0194     4.0194    27.6964    27.7087    6.13312    6.33069         24 0.0000e+00
      35995   1499.757    627.000     4.0629   3.280003     4.0627   3.281303      52.60     0.0082     2.7449     2.4680  1.9640636  1.1333783   46.99588  -47.01586    34.8895    34.9050     4.0165     4.0163    27.6967    27.7091    6.13876    6.32589         21 0.0000e+00
      36015   1500.585    628.000     4.0619   3.279961     4.0616   3.281254      71.83     0.0088     2.7447     2.4679  1.9638386  1.1330811   46.99588  -47.01586    34.8895    34.9051     4.0154     4.0152    27.6968    27.7092    6.13480    6.32775         18 0.0000e+00
      36032   1501.298    629.000     4.0615   3.279980     4.0613   3.281280      26.17     0.0126     2.7448     2.4677  1.9635895  1.1330892   46.99588  -47.01586    34.8897    34.9052     4.0150     4.0147    27.6970    27.7094    6.13661    6.33271         16 0.0000e+00
      36047   1501.937    630.000     4.0616   3.280052     4.0612   3.281334      98.21     0.0129     2.7447     2.4681  1.9636146  1.1330892   46.99588  -47.01586    34.8899    34.9054     4.0150     4.0146    27.6971    27.7095    6.13734    6.34212         15 0.0000e+00
      36062   1502.542    631.000     4.0628   3.280252     4.0626   3.281541      96.01     0.0148     2.7447     2.4687  1.9636141  1.1330892   46.99588  -47.01586    34.8904    34.9059     4.0161     4.0158    27.6975    27.7098    6.13732    6.34419         15 0.0000e+00
      36077   1503.157    632.000     4.0644   3.280497     4.0642   3.281796      91.09     0.0171     2.7447     2.4690  1.9636141  1.1330892   46.99588  -47.01586    34.8911    34.9067     4.0176     4.0173    27.6979    27.7103    6.13634    6.33980         15 0.0000e+00
      36093   1503.844    633.000     4.0644   3.280557     4.0641   3.281845      66.80     0.0155     2.7444     2.4690  1.9638413  1.1326883   46.99588  -47.01586    34.8913    34.9068     4.0175     4.0172    27.6980    27.7104    6.13420    6.33840         18 0.0000e+00
      36117   1504.819    634.000     4.0650   3.280718     4.0649   3.282016      75.84     0.0126     2.7442     2.4690  1.9639543  1.1325829   46.99587  -47.01586    34.8920    34.9075     4.0181     4.0179    27.6985    27.7109    6.13854    6.33681         31 0.0000e+00
      36151   1506.255    635.000     4.0634   3.280626     4.0632   3.281939      97.50     0.0137     2.7447     2.4688  1.9624567  1.1329551   46.99586  -47.01586    34.8922    34.9079     4.0163     4.0161    27.6988    27.7113    6.14280    6.33827         32 0.0000e+00
      36176   1507.297    636.000     4.0626   3.280607     4.0620   3.281872      39.27     0.0126     2.7445     2.4690  1.9620885  1.1329731   46.99586  -47.01586    34.8923    34.9078     4.0155     4.0149    27.6990    27.7114    6.13840    6.34018         21 0.0000e+00
      36196   1508.111    637.000     4.0621   3.280603     4.0617   3.281880      96.22     0.0096     2.7443     2.4690  1.9622862  1.1330901   46.99588  -47.01586    34.8922    34.9077     4.0149     4.0145    27.6990    27.7114    6.14151    6.33977         18 0.0000e+00
      36213   1508.827    638.000     4.0618   3.280626     4.0615   3.281919      95.52     0.0119     2.7444     2.4689  1.9622213  1.1330892   46.99587  -47.01586    34.8923    34.9079     4.0145     4.0142    27.6991    27.7115    6.14273    6.33992         17 0.0000e+00
