data/CTD/2013/CNV/D021A052.CNV
* Sea-Bird SBE 9 Data File:
* FileName = C:\CTD_ACQUISITION\2013021HUD\ctddata\021A052.hdr
* Software Version Seasave V 7.22.2
* Temperature SN = 5081
* Conductivity SN = 3561
* Number of Bytes Per Scan = 37
* Number of Voltage Words = 4
* Number of Scans Averaged by the Deck Unit = 1
* NMEA Latitude = 48 48.44 N
* NMEA Longitude = 045 41.76 W
* NMEA UTC (Time) = Jul 05 2013 04:01:06
* NMEA baud rate = 9600
** Ship: Hudson
** Cruise: HUD2013021
** Chief_Scientist: Greenan
** Organization: BIO
** Area_of_Operation: Sackville Spur
** Station: 52
** Sounding:  1600
** Event_Comments: SS25  393213
# nquan = 25
# nvalues = 1809                        
# units = specified
# name 0 = scan: Scan Count
# name 1 = timeS: Time, Elapsed [seconds]
# name 2 = prDM: Pressure, Digiquartz [db]
# name 3 = t068C: Temperature [ITS-68, deg C]
# name 4 = c0S/m: Conductivity [S/m]
# name 5 = t168C: Temperature, 2 [ITS-68, deg C]
# name 6 = c1S/m: Conductivity, 2 [S/m]
# name 7 = altM: Altimeter [m]
# name 8 = flCUVA: Fluorescence, Chelsea UV Aquatracka [ug/l]
# name 9 = sbeox0V: Oxygen raw, SBE 43 [V]
# name 10 = sbeox1V: Oxygen raw, SBE 43, 2 [V]
# name 11 = upoly0: Upoly 0, Optode 4330F - O2 D-Phase
# name 12 = upoly1: Upoly 1, Optode 4330F - O2 Temp
# name 13 = latitude: Latitude [deg]
# name 14 = longitude: Longitude [deg]
# name 15 = sal00: Salinity, Practical [PSU]
# name 16 = sal11: Salinity, Practical, 2 [PSU]
# name 17 = potemp068C: Potential Temperature [ITS-68, deg C]
# name 18 = potemp168C: Potential Temperature, 2 [ITS-68, deg C]
# name 19 = sigma-é00: Density [sigma-theta, Kg/m^3]
# name 20 = sigma-é11: Density, 2 [sigma-theta, Kg/m^3]
# name 21 = sbeox0ML/L: Oxygen, SBE 43 [ml/l], WS = 2
# name 22 = sbeox1ML/L: Oxygen, SBE 43, 2 [ml/l], WS = 2
# name 23 = nbin: number of scans per bin
# name 24 = flag: flag
# span 0 =       9018,      49715       
# span 1 =    375.728,   2071.403       
# span 2 =      2.000,   1810.000       
# span 3 =     2.1871,     8.8239       
# span 4 =   3.109222,   3.612885       
# span 5 =     2.9202,     8.8238       
# span 6 =   3.110472,   3.614322       
# span 7 =     -79.05,      97.34       
# span 8 =     0.0056,     0.9892       
# span 9 =     2.3357,     3.3781       
# span 10 =     2.0992,     3.0185      
# span 11 =  1.6703296,  2.0766298      
# span 12 =  1.0100815,  1.7301616      
# span 13 =   48.80720,   48.80810      
# span 14 =  -45.69658,  -45.69454      
# span 15 =    34.0054,    36.7362      
# span 16 =    34.0272,    34.9383      
# span 17 =     2.1396,     8.8221      
# span 18 =     2.9166,     8.8220      
# span 19 =    26.4259,    29.3436      
# span 20 =    26.4381,    27.8284      
# span 21 =    5.86080,    6.79868      
# span 22 =    6.07593,    6.94242      
# span 23 =          2,         87      
# span 24 = 0.0000e+00, 0.0000e+00      
# interval = decibars: 1                
# start_time = Jul 05 2013 04:01:06 [NMEA time, header]
# bad_flag = -9.990e-29
*END*
[from data line 1450]
      41380   1724.129   1452.000     3.5006   3.268087     3.5000   3.269405      94.56     0.0153     2.4254     2.1784  2.0537186  1.0622166   48.80772  -45.69470    34.9215    34.9379     3.3904     3.3897    27.7855    27.7986    5.87312    6.09011         22 0.0000e+00
      41402   1725.047   1453.000     3.5006   3.268123     3.4999   3.269443      91.17     0.0133     2.4247     2.1785  2.0538330  1.0622702   48.80772  -45.69470    34.9215    34.9379     3.3902     3.3895    27.7855    27.7987    5.87437    6.09876         22 0.0000e+00
      41424   1725.957   1454.000     3.5005   3.268168     3.4999   3.269491      32.09     0.0146     2.4247     2.1786  2.0556977  1.0620389   48.80772  -45.69470    34.9216    34.9380     3.3901     3.3894    27.7856    27.7987    5.87981    6.09199         21 0.0000e+00
      41446   1726.893   1455.000     3.5006   3.268216     3.5000   3.269537      95.10     0.0118     2.4246     2.1783  2.0557590  1.0622197   48.80772  -45.69470    34.9216    34.9380     3.3901     3.3894    27.7856    27.7987    5.87556    6.09108         24 0.0000e+00
      41471   1727.919   1456.000     3.5005   3.268246     3.4999   3.269560      94.46     0.0132     2.4245     2.1779  2.0561588  1.0621319   48.80772  -45.69471    34.9215    34.9378     3.3899     3.3893    27.7855    27.7986    5.88158    6.08680         26 0.0000e+00
      41497   1728.997   1457.000     3.5007   3.268310     3.5001   3.269630      93.32     0.0168     2.4243     2.1774  2.0561662  1.0622220   48.80772  -45.69472    34.9216    34.9380     3.3900     3.3894    27.7856    27.7987    5.87542    6.08088         25 0.0000e+00
      41521   1729.979   1458.000     3.5008   3.268358     3.5002   3.269681      48.33     0.0139     2.4239     2.1764  2.0561106  1.0622711   48.80772  -45.69472    34.9216    34.9379     3.3900     3.3894    27.7856    27.7987    5.87781    6.08083         22 0.0000e+00
      41541   1730.837   1459.000     3.5005   3.268371     3.4999   3.269690      95.02     0.0113     2.4240     2.1763  2.0560374  1.0622066   48.80772  -45.69472    34.9216    34.9379     3.3896     3.3890    27.7856    27.7987    5.87733    6.08802         19 0.0000e+00
      41560   1731.627   1460.000     3.5004   3.268414     3.5000   3.269743      84.57     0.0120     2.4233     2.1760  2.0561666  1.0621424   48.80772  -45.69472    34.9216    34.9379     3.3895     3.3890    27.7857    27.7987    5.87764    6.08274         19 0.0000e+00
      41579   1732.403   1461.000     3.5005   3.268457     3.4999   3.269777      32.93     0.0141     2.4235     2.1756  2.0561662  1.0621426   48.80772  -45.69472    34.9216    34.9380     3.3894     3.3888    27.7856    27.7988    5.87041    6.09035         19 0.0000e+00
      41598   1733.198   1462.000     3.5006   3.268515     3.4999   3.269827      65.71     0.0155     2.4227     2.1759  2.0561028  1.0620792   48.80772  -45.69472    34.9216    34.9380     3.3895     3.3888    27.7857    27.7988    5.86731    6.09485         19 0.0000e+00
      41618   1734.042   1463.000     3.5007   3.268554     3.5001   3.269879      94.24     0.0164     2.4221     2.1759  2.0555844  1.0613402   48.80772  -45.69474    34.9215    34.9379     3.3895     3.3888    27.7856    27.7987    5.86350    6.09699         21 0.0000e+00
      41639   1734.928   1464.000     3.5008   3.268610     3.5001   3.269933      45.41     0.0163     2.4215     2.1760  2.0556657  1.0613827   48.80772  -45.69474    34.9216    34.9381     3.3895     3.3888    27.7856    27.7988    5.87386    6.09517         22 0.0000e+00
      41660   1735.811   1465.000     3.5009   3.268659     3.5002   3.269975      94.97     0.0156     2.4215     2.1760  2.0559216  1.0611117   48.80772  -45.69474    34.9216    34.9379     3.3895     3.3888    27.7856    27.7987    5.88277    6.09252         20 0.0000e+00
      41681   1736.660   1466.000     3.5006   3.268676     3.5000   3.270001      95.54     0.0169     2.4220     2.1757  2.0561702  1.0610491   48.80772  -45.69475    34.9216    34.9380     3.3891     3.3885    27.7856    27.7988    5.88466    6.09234         20 0.0000e+00
      41701   1737.492   1467.000     3.5005   3.268708     3.4997   3.270014      61.16     0.0170     2.4218     2.1758  2.0548651  1.0612359   48.80772  -45.69476    34.9216    34.9380     3.3889     3.3881    27.7857    27.7988    5.88099    6.10218         20 0.0000e+00
      41722   1738.358   1468.000     3.4999   3.268696     3.4993   3.270024      28.23     0.0172     2.4220     2.1762  2.0539975  1.0613279   48.80772  -45.69476    34.9216    34.9380     3.3882     3.3876    27.7858    27.7989    5.88196    6.10723         22 0.0000e+00
      41745   1739.336   1469.000     3.4986   3.268621     3.4982   3.269963      70.89     0.0142     2.4218     2.1766  2.0544088  1.0611962   48.80772  -45.69476    34.9216    34.9380     3.3868     3.3864    27.7859    27.7990    5.88151    6.10827         25 0.0000e+00
      41771   1740.424   1470.000     3.4974   3.268569     3.4968   3.269894      66.68     0.0113     2.4222     2.1769  2.0550077  1.0610461   48.80772  -45.69476    34.9217    34.9381     3.3856     3.3850    27.7861    27.7992    5.88923    6.10399         26 0.0000e+00
      41795   1741.421   1471.000     3.4962   3.268509     3.4956   3.269835      76.78     0.0073     2.4216     2.1766  2.0553422  1.0610501   48.80772  -45.69476    34.9218    34.9381     3.3843     3.3838    27.7863    27.7994    5.87173    6.09194         22 0.0000e+00
      41815   1742.258   1472.000     3.4959   3.268538     3.4954   3.269861      95.73     0.0088     2.4213     2.1759  2.0561743  1.0610501   48.80772  -45.69476    34.9219    34.9382     3.3840     3.3834    27.7864    27.7995    5.87386    6.09149         19 0.0000e+00
      41833   1743.013   1473.000     3.4954   3.268534     3.4948   3.269854      95.56     0.0092     2.4208     2.1758  2.0561662  1.0610501   48.80772  -45.69477    34.9220    34.9382     3.3833     3.3828    27.7865    27.7995    5.87913    6.09481         18 0.0000e+00
      41851   1743.752   1474.000     3.4948   3.268522     3.4942   3.269844      36.81     0.0097     2.4210     2.1753  2.0561662  1.0610501   48.80772  -45.69478    34.9220    34.9383     3.3827     3.3820    27.7866    27.7997    5.88716    6.09800         18 0.0000e+00
      41870   1744.545   1475.000     3.4941   3.268487     3.4934   3.269819      91.03     0.0086     2.4211     2.1754  2.0561662  1.0610501   48.80772  -45.69478    34.9218    34.9383     3.3819     3.3812    27.7865    27.7998    5.88799    6.09817         20 0.0000e+00
      41893   1745.506   1476.000     3.4920   3.268354     3.4914   3.269667      95.30     0.0108     2.4208     2.1751  2.0561225  1.0610501   48.80772  -45.69478    34.9218    34.9381     3.3797     3.3791    27.7867    27.7998    5.87995    6.09993         27 0.0000e+00
      41924   1746.786   1477.000     3.4900   3.268195     3.4892   3.269512      94.49     0.0157     2.4205     2.1749  2.0557609  1.0610501   48.80772  -45.69479    34.9216    34.9381     3.3777     3.3769    27.7868    27.8000    5.88088    6.10111         33 0.0000e+00
      41953   1748.020   1478.000     3.4895   3.268203     3.4889   3.269528      94.41     0.0124     2.4200     2.1748  2.0546539  1.0610501   48.80772  -45.69480    34.9217    34.9381     3.3771     3.3802    27.7869    27.8001    5.87619    6.10183         24 0.0000e+00
      41974   1748.885   1479.000     3.4887   3.268173     3.4882   3.269510      34.76     0.0107     2.4197     2.1748  2.0548828  1.0610501   48.80772  -45.69480    34.9217    34.9382     3.3763     3.3756    27.7870    27.8002    5.88719    6.10307         19 0.0000e+00
      41991   1749.592   1480.000     3.4874   3.268099     3.4869   3.269435      94.65     0.0086     2.4201     2.1746  2.0538929  1.0610501   48.80772  -45.69480    34.9217    34.9381     3.3749     3.3743    27.7872    27.8003    5.88192    6.10210         16 0.0000e+00
      42007   1750.234   1481.000     3.4857   3.267987     3.4853   3.269331      95.21     0.0103     2.4193     2.1747  2.0532510  1.0610501   48.80772  -45.69480    34.9217    34.9382     3.3731     3.3726    27.7873    27.8005    5.87202    6.10505         15 0.0000e+00
      42022   1750.861   1482.000     3.4850   3.267961     3.4843   3.269296      93.52     0.0099     2.4187     2.1746  2.0531561  1.0610501   48.80772  -45.69480    34.9217    34.9383     3.3723     3.3715    27.7874    27.8007    5.88119    6.10605         15 0.0000e+00
      42038   1751.523   1483.000     3.4844   3.267954     3.4837   3.269289      54.68     0.0122     2.4195     2.1746  2.0533590  1.0604222   48.80772  -45.69480    34.9216    34.9383     3.3717     3.3709    27.7874    27.8007    5.87769    6.10653         17 0.0000e+00
      42057   1752.316   1484.000     3.4838   3.267941     3.4832   3.269268      58.71     0.0131     2.4178     2.1746  2.0536013  1.0599622   48.80772  -45.69480    34.9216    34.9380     3.3710     3.3704    27.7875    27.8006    5.88006    6.10737         22 0.0000e+00
      42087   1753.584   1485.000     3.4809   3.267710     3.4803   3.269039      64.73     0.0169     2.4189     2.1744  2.0535083  1.0598327   48.80772  -45.69482    34.9214    34.9380     3.3680     3.3695    27.7876    27.8009    5.88851    6.10771         39 0.0000e+00
      42122   1755.031   1486.000     3.4789   3.267576     3.4783   3.268907      94.76     0.0115     2.4182     2.1743  2.0532210  1.0598291   48.80772  -45.69482    34.9215    34.9380     3.3659     3.3652    27.7879    27.8011    5.87636    6.10860         25 0.0000e+00
      42143   1755.904   1487.000     3.4778   3.267515     3.4770   3.268832      92.80     0.0108     2.4178     2.1744  2.0534081  1.0598291   48.80772  -45.69482    34.9215    34.9380     3.3647     3.3639    27.7880    27.8012    5.87522    6.10707         19 0.0000e+00
      42161   1756.648   1488.000     3.4769   3.267487     3.4762   3.268804      43.04     0.0097     2.4170     2.1740  2.0535891  1.0598291   48.80772  -45.69482    34.9216    34.9380     3.3638     3.3630    27.7881    27.8013    5.87682    6.10256         18 0.0000e+00
      42177   1757.351   1489.000     3.4756   3.267419     3.4750   3.268743      55.55     0.0149     2.4171     2.1737  2.0542555  1.0598291   48.80772  -45.69482    34.9216    34.9380     3.3624     3.3618    27.7883    27.8014    5.87859    6.10228         16 0.0000e+00
      42194   1758.052   1490.000     3.4734   3.267251     3.4728   3.268582      94.39     0.0135     2.4166     2.1734  2.0561962  1.0596832   48.80772  -45.69482    34.9215    34.9380     3.3601     3.3595    27.7884    27.8016    5.88041    6.10346         17 0.0000e+00
      42212   1758.793   1491.000     3.4723   3.267188     3.4716   3.268513      93.14     0.0114     2.4165     2.1733  2.0561662  1.0597650   48.80773  -45.69482    34.9214    34.9380     3.3590     3.3582    27.7885    27.8017    5.89068    6.10555         19 0.0000e+00
      42232   1759.620   1492.000     3.4707   3.267076     3.4700   3.268405      93.42     0.0130     2.4171     2.1729  2.0561662  1.0590198   48.80774  -45.69483    34.9213    34.9379     3.3573     3.3565    27.7885    27.8018    5.89166    6.09877         21 0.0000e+00
      42256   1760.605   1493.000     3.4682   3.266901     3.4675   3.268224      50.30     0.0097     2.4168     2.1719  2.0561662  1.0586077   48.80774  -45.69484    34.9213    34.9378     3.3548     3.3540    27.7888    27.8020    5.88483    6.09326         26 0.0000e+00
      42283   1761.737   1494.000     3.4668   3.266810     3.4660   3.268130      92.77     0.0150     2.4164     2.1713  2.0561662  1.0586081   48.80774  -45.69484    34.9213    34.9378     3.3532     3.3524    27.7889    27.8021    5.87971    6.09918         27 0.0000e+00
      42307   1762.747   1495.000     3.4656   3.266745     3.4648   3.268065      71.15     0.0158     2.4157     2.1711  2.0561662  1.0586081   48.80774  -45.69484    34.9213    34.9378     3.3520     3.3512    27.7890    27.8023    5.87975    6.10513         22 0.0000e+00
      42327   1763.572   1496.000     3.4642   3.266673     3.4632   3.267966      24.10     0.0181     2.4154     2.1710  2.0563722  1.0584707   48.80774  -45.69484    34.9213    34.9378     3.3505     3.3495    27.7892    27.8025    5.88667    6.10462         18 0.0000e+00
      42345   1764.315   1497.000     3.4628   3.266590     3.4622   3.267917      70.53     0.0170     2.4158     2.1708  2.0562334  1.0585405   48.80774  -45.69484    34.9214    34.9378     3.3490     3.3484    27.7894    27.8026    5.88558    6.10029         18 0.0000e+00
      42362   1765.036   1498.000     3.4621   3.266568     3.4612   3.267880      92.94     0.0154     2.4148     2.1703  2.0561666  1.0585363   48.80774  -45.69484    34.9213    34.9379     3.3483     3.3474    27.7894    27.8027    5.87936    6.10124         17 0.0000e+00
      42380   1765.784   1499.000     3.4598   3.266397     3.4592   3.267736      33.12     0.0112     2.4149     2.1703  2.0562298  1.0575255   48.80774  -45.69484    34.9213    34.9378     3.3459     3.3453    27.7896    27.8028    5.89085    6.10817         19 0.0000e+00
      42399   1766.597   1500.000     3.4586   3.266337     3.4579   3.267656      92.98     0.0131     2.4153     2.1705  2.0562272  1.0573883   48.80774  -45.69484    34.9213    34.9378     3.3446     3.3482    27.7898    27.8030    5.89009    6.11050         20 0.0000e+00
      42421   1767.496   1501.000     3.4581   3.266325     3.4574   3.267655      95.60     0.0116     2.4147     2.1703  2.0567477  1.0573871   48.80774  -45.69484    34.9212    34.9378     3.3440     3.3433    27.7898    27.8030    5.88491    6.11467         23 0.0000e+00
      42444   1768.438   1502.000     3.4573   3.266299     3.4566   3.267624      63.08     0.0101     2.4148     2.1707  2.0568321  1.0573871   48.80774  -45.69484    34.9212    34.9378     3.3432     3.3424    27.7898    27.8031    5.88680    6.11410         22 0.0000e+00
      42466   1769.358   1503.000     3.4565   3.266276     3.4559   3.267604      23.48     0.0146     2.4143     2.1705  2.0572221  1.0573313   48.80774  -45.69484    34.9213    34.9377     3.3423     3.3417    27.7899    27.8031    5.88426    6.10458         22 0.0000e+00
      42487   1770.233   1504.000     3.4558   3.266253     3.4551   3.267573      62.96     0.0149     2.4139     2.1700  2.0573878  1.0573261   48.80774  -45.69484    34.9213    34.9377     3.3415     3.3408    27.7900    27.8032    5.88497    6.10538         20 0.0000e+00
      42507   1771.078   1505.000     3.4551   3.266232     3.4544   3.267551      95.19     0.0137     2.4141     2.1699  2.0573871  1.0572017   48.80774  -45.69484    34.9212    34.9378     3.3408     3.3400    27.7901    27.8033    5.89113    6.10649         20 0.0000e+00
      42527   1771.916   1506.000     3.4539   3.266163     3.4533   3.267503      95.54     0.0135     2.4137     2.1695  2.0573289  1.0562245   48.80774  -45.69484    34.9212    34.9378     3.3394     3.3388    27.7902    27.8035    5.88820    6.10143         21 0.0000e+00
      42547   1772.762   1507.000     3.4533   3.266162     3.4527   3.267482      95.49     0.0182     2.4136     2.1688  2.0572658  1.0562271   48.80775  -45.69484    34.9213    34.9377     3.3388     3.3381    27.7903    27.8035    5.88741    6.09934         20 0.0000e+00
      42568   1773.605   1508.000     3.4530   3.266174     3.4525   3.267510      95.56     0.0175     2.4133     2.1686  2.0570207  1.0561661   48.80776  -45.69484    34.9213    34.9378     3.3384     3.3378    27.7903    27.8036    5.88112    6.10102         20 0.0000e+00
