data/CTD/2013/CNV/D021A009.CNV
* Sea-Bird SBE 9 Data File:
* FileName = C:\CTD_ACQUISITION\2013021HUD\ctddata\021A009.hdr
* Software Version Seasave V 7.22.2
* Temperature SN = 5081
* Conductivity SN = 3561
* Number of Bytes Per Scan = 37
* Number of Voltage Words = 4
* Number of Scans Averaged by the Deck Unit = 1
* NMEA Latitude = 47 00.01 N
* NMEA Longitude = 047 29.87 W
* NMEA UTC (Time) = Jul 01 2013 18:20:11
* NMEA baud rate = 9600
** Ship: Hudson
** Cruise: HUD2013021
** Chief_Scientist: Greenan
** Organization: BIO
** Area_of_Operation: Sackville Spur
** Station: 9
** Sounding:  220
** Event_Comments: FC14
# nquan = 25
# nvalues = 209                         
# units = specified
# name 0 = scan: Scan Count
# name 1 = timeS: Time, Elapsed [seconds]
# name 2 = prDM: Pressure, Digiquartz [db]
# name 3 = t068C: Temperature [ITS-68, deg C]
# name 4 = c0S/m: Conductivity [S/m]
# name 5 = t168C: Temperature, 2 [ITS-68, deg C]
# name 6 = c1S/m: Conductivity, 2 [S/m]
# name 7 = altM: Altimeter [m]
# name 8 = flCUVA: Fluorescence, Chelsea UV Aquatracka [ug/l]
# name 9 = sbeox0V: Oxygen raw, SBE 43 [V]
# name 10 = sbeox1V: Oxygen raw, SBE 43, 2 [V]
# name 11 = upoly0: Upoly 0, Optode 4330F - O2 D-Phase
# name 12 = upoly1: Upoly 1, Optode 4330F - O2 Temp
# name 13 = latitude: Latitude [deg]
# name 14 = longitude: Longitude [deg]
# name 15 = sal00: Salinity, Practical [PSU]
# name 16 = sal11: Salinity, Practical, 2 [PSU]
# name 17 = potemp068C: Potential Temperature [ITS-68, deg C]
# name 18 = potemp168C: Potential Temperature, 2 [ITS-68, deg C]
# name 19 = sigma-é00: Density [sigma-theta, Kg/m^3]
# name 20 = sigma-é11: Density, 2 [sigma-theta, Kg/m^3]
# name 21 = sbeox0ML/L: Oxygen, SBE 43 [ml/l], WS = 2
# name 22 = sbeox1ML/L: Oxygen, SBE 43, 2 [ml/l], WS = 2
# name 23 = nbin: number of scans per bin
# name 24 = flag: flag
# span 0 =       8963,      16198       
# span 1 =    373.426,    674.876       
# span 2 =      1.000,    209.000       
# span 3 =    -0.8232,     6.5557       
# span 4 =   2.689980,   3.246201       
# span 5 =    -0.8412,     6.5553       
# span 6 =   2.683411,   3.247253       
# span 7 =       2.79,      98.14       
# span 8 =     0.0157,     0.2378       
# span 9 =     2.5764,     3.4240       
# span 10 =     2.3021,     3.0052      
# span 11 =  1.7127090,  2.1499442      
# span 12 =  0.5287369,  1.4499660      
# span 13 =   47.00026,   47.00050      
# span 14 =  -47.49630,  -47.49566      
# span 15 =    32.3127,    33.8823      
# span 16 =    32.3346,    33.9547      
# span 17 =    -0.8252,     6.5553      
# span 18 =    -0.8431,     6.5551      
# span 19 =    25.3606,    27.1140      
# span 20 =    25.3779,    27.1639      
# span 21 =    5.76740,    8.29823      
# span 22 =    5.90021,    7.97814      
# span 23 =         16,         90      
# span 24 = 0.0000e+00, 0.0000e+00      
# interval = decibars: 1                
# start_time = Jul 01 2013 18:20:11 [NMEA time, header]
# bad_flag = -9.990e-29
*END*
[from data line 58]
      11598    483.200     59.000    -0.4793   2.710121    -0.8081   2.687159      87.57     0.0302     3.2768     2.7859  1.9173189  0.5449690   47.00048  -47.49602    32.9169    32.9664    -0.4810    -0.8096    26.4459    26.4986    8.18830    7.89370         74 0.0000e+00
      11680    486.621     60.000    -0.6201   2.699610    -0.7968   2.688890      81.22     0.0246     3.2689     2.7795  1.9219147  0.5458326   47.00049  -47.49602    32.9284    32.9769    -0.6217    -0.7984    26.4608    26.5067    8.22524    7.87396         50 0.0000e+00
      11705    487.667     61.000    -0.7113   2.692693    -0.7496   2.694039      89.70     0.0277     3.2677     2.7787  1.9229800  0.5450059   47.00050  -47.49602    32.9342    32.9941    -0.7129    -0.7512    26.4689    26.5189    8.24903    7.85615         25 0.0000e+00
      11732    488.796     62.000    -0.7480   2.689980    -0.7431   2.694865      77.95     0.0295     3.2673     2.7762  1.9246367  0.5422173   47.00050  -47.49602    32.9370    32.9976    -0.7496    -0.7447    26.4726    26.5214    8.26287    7.83207         31 0.0000e+00
      11788    491.110     63.000    -0.7417   2.690592    -0.7526   2.694161      82.87     0.0303     3.2645     2.7715  1.9273014  0.5434235   47.00050  -47.49601    32.9378    32.9979    -0.7433    -0.7543    26.4730    26.5221    8.24520    7.84229         90 0.0000e+00
      11864    494.283     64.000    -0.7490   2.691063    -0.7642   2.693295      82.00     0.0361     3.2598     2.7726  1.9312027  0.5473867   47.00050  -47.49600    32.9516    32.9981    -0.7507    -0.7659    26.4844    26.5227    8.23479    7.88988         39 0.0000e+00
      11891    495.397     65.000    -0.7460   2.692432    -0.7805   2.692155      95.57     0.0307     3.2586     2.7726  1.9317654  0.5463976   47.00050  -47.49600    32.9661    33.0001    -0.7476    -0.7822    26.4960    26.5249    8.23342    7.85936         26 0.0000e+00
      11917    496.481     66.000    -0.7370   2.693671    -0.8166   2.689434      70.44     0.0291     3.2580     2.7715  1.9320916  0.5410983   47.00050  -47.49600    32.9724    33.0022    -0.7387    -0.8183    26.5008    26.5279    8.23435    7.86044         28 0.0000e+00
      11951    497.937     67.000    -0.7301   2.694502    -0.8254   2.688964      94.07     0.0328     3.2564     2.7691  1.9352914  0.5378916   47.00050  -47.49600    32.9754    33.0049    -0.7319    -0.8271    26.5030    26.5304    8.21679    7.83194         44 0.0000e+00
      12006    500.219     68.000    -0.7312   2.694291    -0.7413   2.697140      83.32     0.0335     3.2527     2.7629  1.9370362  0.5343413   47.00050  -47.49600    32.9732    33.0226    -0.7330    -0.7430    26.5013    26.5416    8.20976    7.79242         61 0.0000e+00
      12065    502.667     69.000    -0.7448   2.693673    -0.7227   2.699160      81.57     0.0285     3.2512     2.7582  1.9369427  0.5368890   47.00050  -47.49599    32.9792    33.0289    -0.7466    -0.7245    26.5066    26.5460    8.22643    7.78808         53 0.0000e+00
      12108    504.477     70.000    -0.7686   2.692027    -0.7580   2.696432      74.49     0.0269     3.2514     2.7563  1.9383001  0.5408534   47.00050  -47.49598    32.9823    33.0302    -0.7704    -0.7598    26.5101    26.5484    8.23489    7.80304         36 0.0000e+00
      12142    505.856     71.000    -0.7796   2.691399    -0.8147   2.691971      94.69     0.0325     3.2504     2.7557  1.9401259  0.5401287   47.00050  -47.49598    32.9853    33.0318    -0.7814    -0.8163    26.5128    26.5518    8.22076    7.81845         35 0.0000e+00
      12192    507.962     72.000    -0.7738   2.692293    -0.8327   2.690706      83.49     0.0273     3.2473     2.7549  1.9428697  0.5353521   47.00050  -47.49598    32.9904    33.0335    -0.7757    -0.8346    26.5168    26.5538    8.19703    7.82190         63 0.0000e+00
      12240    509.957     73.000    -0.7682   2.693116    -0.8410   2.690409      61.38     0.0293     3.2435     2.7541  1.9438753  0.5317016   47.00050  -47.49598    32.9948    33.0380    -0.7701    -0.8427    26.5201    26.5578    8.19387    7.82814         29 0.0000e+00
      12264    510.954     74.000    -0.7513   2.695005    -0.8412   2.690791      75.63     0.0288     3.2429     2.7546  1.9437842  0.5316987   47.00050  -47.49598    33.0012    33.0427    -0.7532    -0.8431    26.5247    26.5616    8.19569    7.84976         24 0.0000e+00
      12316    513.140     75.000    -0.7587   2.694985    -0.8407   2.691049      94.71     0.0267     3.2407     2.7567  1.9464712  0.5299093   47.00050  -47.49597    33.0084    33.0451    -0.7607    -0.8426    26.5308    26.5635    8.18783    7.84840         52 0.0000e+00
      12402    516.728     76.000    -0.8017   2.692170    -0.8271   2.692495      65.16     0.0221     3.2384     2.7547  1.9499891  0.5299186   47.00050  -47.49596    33.0169    33.0491    -0.8037    -0.8291    26.5392    26.5663    8.20120    7.80161         27 0.0000e+00
      12423    517.584     77.000    -0.8164   2.691284    -0.7929   2.695909      95.01     0.0234     3.2384     2.7539  1.9503723  0.5294793   47.00050  -47.49596    33.0203    33.0571    -0.8184    -0.7949    26.5426    26.5715    8.21537    7.81353         22 0.0000e+00
      12449    518.647     78.000    -0.8232   2.691018    -0.7351   2.701091      84.48     0.0233     3.2388     2.7542  1.9510795  0.5287369   47.00050  -47.49596    33.0236    33.0631    -0.8252    -0.7372    26.5454    26.5742    8.22988    7.81716         31 0.0000e+00
      12497    520.678     79.000    -0.8203   2.691279    -0.6978   2.704494      74.41     0.0258     3.2414     2.7553  1.9507123  0.5308373   47.00050  -47.49596    33.0234    33.0675    -0.8223    -0.6999    26.5452    26.5764    8.24307    7.81190         68 0.0000e+00
      12570    523.725     80.000    -0.8140   2.692095    -0.7324   2.702957      83.74     0.0308     3.2434     2.7562  1.9478664  0.5388188   47.00050  -47.49595    33.0269    33.0840    -0.8160    -0.7345    26.5478    26.5910    8.22966    7.81378         65 0.0000e+00
      12618    525.713     81.000    -0.7954   2.694527    -0.7213   2.704250      95.99     0.0261     3.2432     2.7551  1.9483545  0.5386407   47.00050  -47.49594    33.0388    33.0887    -0.7975    -0.7234    26.5567    26.5944    8.22550    7.79331         36 0.0000e+00
      12651    527.068     82.000    -0.7720   2.696789    -0.6993   2.706607      70.88     0.0238     3.2436     2.7537  1.9498855  0.5372552   47.00050  -47.49594    33.0430    33.0961    -0.7741    -0.7014    26.5593    26.5996    8.22702    7.78433         33 0.0000e+00
      12691    528.770     83.000    -0.7623   2.697532    -0.6914   2.708085      95.28     0.0207     3.2445     2.7523  1.9510208  0.5373390   47.00050  -47.49594    33.0419    33.1064    -0.7645    -0.6936    26.5580    26.6076    8.23817    7.78488         49 0.0000e+00
      12738    530.702     84.000    -0.7572   2.698315    -0.6931   2.708153      74.99     0.0213     3.2472     2.7515  1.9486743  0.5397267   47.00049  -47.49594    33.0462    33.1087    -0.7594    -0.6954    26.5614    26.6095    8.24976    7.78289         41 0.0000e+00
      12785    532.661     85.000    -0.7352   2.701162    -0.7039   2.707384      78.79     0.0203     3.2482     2.7500  1.9503565  0.5403446   47.00048  -47.49594    33.0599    33.1095    -0.7374    -0.7062    26.5716    26.6106    8.23236    7.77672         66 0.0000e+00
      12865    536.014     86.000    -0.7111   2.704419    -0.7118   2.706865      80.99     0.0233     3.2472     2.7477  1.9496934  0.5403975   47.00048  -47.49591    33.0768    33.1105    -0.7134    -0.7141    26.5844    26.6117    8.21304    7.79176         56 0.0000e+00
      12893    537.167     87.000    -0.7036   2.705564    -0.7006   2.708463      96.16     0.0216     3.2471     2.7494  1.9514426  0.5409160   47.00048  -47.49592    33.0835    33.1192    -0.7060    -0.7030    26.5895    26.6183    8.20931    7.80760         25 0.0000e+00
      12918    538.203     88.000    -0.6995   2.706174    -0.7026   2.708583      66.04     0.0222     3.2465     2.7506  1.9514638  0.5397964   47.00048  -47.49592    33.0867    33.1224    -0.7019    -0.7050    26.5919    26.6210    8.21757    7.81590         28 0.0000e+00
      12958    539.892     89.000    -0.6984   2.706544    -0.6887   2.709973      84.62     0.0222     3.2466     2.7529  1.9523051  0.5396708   47.00048  -47.49592    33.0898    33.1254    -0.7008    -0.6911    26.5944    26.6229    8.21691    7.82218         59 0.0000e+00
      13023    542.596     90.000    -0.6990   2.706641    -0.6407   2.714532      80.30     0.0193     3.2470     2.7557  1.9534503  0.5407316   47.00048  -47.49592    33.0911    33.1334    -0.7015    -0.6431    26.5955    26.6275    8.22028    7.81167         60 0.0000e+00
      13081    544.987     91.000    -0.7014   2.707089    -0.5578   2.722403      80.57     0.0251     3.2466     2.7581  1.9514250  0.5442680   47.00048  -47.49591    33.0991    33.1477    -0.7038    -0.5603    26.6021    26.6358    8.21906    7.81281         56 0.0000e+00
      13129    546.996     92.000    -0.6987   2.707703    -0.5306   2.725417      74.44     0.0198     3.2474     2.7612  1.9512149  0.5487297   47.00046  -47.49590    33.1039    33.1578    -0.7012    -0.5332    26.6058    26.6429    8.23880    7.81710         41 0.0000e+00
      13165    548.501     93.000    -0.6943   2.708195    -0.5155   2.727598      96.45     0.0197     3.2489     2.7634  1.9498818  0.5533715   47.00046  -47.49590    33.1051    33.1699    -0.6969    -0.5182    26.6067    26.6520    8.24407    7.82035         32 0.0000e+00
      13195    549.751     94.000    -0.6888   2.708840    -0.4854   2.730477      80.12     0.0218     3.2509     2.7647  1.9492887  0.5545321   47.00046  -47.49590    33.1071    33.1750    -0.6913    -0.4881    26.6081    26.6549    8.26168    7.80568         31 0.0000e+00
      13243    551.763     95.000    -0.6644   2.711320    -0.4266   2.736072      75.98     0.0199     3.2546     2.7649  1.9487725  0.5573909   47.00046  -47.49590    33.1132    33.1849    -0.6670    -0.4294    26.6120    26.6605    8.26481    7.78168         74 0.0000e+00
      13323    555.078     96.000    -0.5743   2.720336    -0.3840   2.740213      82.17     0.0213     3.2576     2.7605  1.9474469  0.5647681   47.00046  -47.49588    33.1351    33.1931    -0.5770    -0.3869    26.6262    26.6653    8.22535    7.71043         62 0.0000e+00
      13364    556.802     97.000    -0.5456   2.723562    -0.3790   2.740765      96.94     0.0210     3.2581     2.7542  1.9459741  0.5673105   47.00046  -47.49588    33.1463    33.1944    -0.5483    -0.3819    26.6342    26.6661    8.24532    7.67186         30 0.0000e+00
      13388    557.799     98.000    -0.5316   2.725049    -0.3947   2.739651      84.66     0.0239     3.2605     2.7501  1.9454578  0.5692922   47.00046  -47.49588    33.1504    33.1961    -0.5344    -0.3976    26.6369    26.6681    8.26800    7.67832         21 0.0000e+00
      13408    558.626     99.000    -0.5154   2.726597    -0.3584   2.743161      63.63     0.0238     3.2632     2.7481  1.9450642  0.5708428   47.00046  -47.49588    33.1528    33.2027    -0.5183    -0.3614    26.6382    26.6719    8.26243    7.68390         20 0.0000e+00
      13433    559.678    100.000    -0.4901   2.729231    -0.3895   2.741149      94.81     0.0206     3.2652     2.7472  1.9444734  0.5713298   47.00045  -47.49588    33.1599    33.2092    -0.4930    -0.3925    26.6429    26.6785    8.27283    7.71933         32 0.0000e+00
      13474    561.363    101.000    -0.4877   2.729379    -0.3754   2.742874      76.17     0.0207     3.2693     2.7483  1.9446045  0.5719627   47.00044  -47.49588    33.1586    33.2162    -0.4906    -0.3784    26.6417    26.6836    8.27453    7.72890         46 0.0000e+00
      13513    562.996    102.000    -0.4766   2.730602    -0.3401   2.746380      97.21     0.0212     3.2721     2.7496  1.9463375  0.5730125   47.00044  -47.49588    33.1622    33.2238    -0.4795    -0.3432    26.6442    26.6882    8.27262    7.74094         30 0.0000e+00
      13540    564.109    103.000    -0.4362   2.734668    -0.3331   2.747345      65.34     0.0226     3.2734     2.7519  1.9456769  0.5743895   47.00044  -47.49588    33.1718    33.2284    -0.4392    -0.3362    26.6503    26.6916    8.25902    7.77364         25 0.0000e+00
      13565    565.163    104.000    -0.4186   2.736423    -0.2833   2.752240      80.32     0.0226     3.2734     2.7556  1.9458791  0.5749900   47.00044  -47.49586    33.1754    33.2387    -0.4216    -0.2865    26.6525    26.6977    8.23139    7.77625         28 0.0000e+00
      13596    566.452    105.000    -0.4050   2.737969    -0.2580   2.754779      69.01     0.0211     3.2715     2.7591  1.9462677  0.5786763   47.00044  -47.49586    33.1807    33.2443    -0.4081    -0.2613    26.6561    26.7011    8.20494    7.76933         34 0.0000e+00
      13629    567.839    106.000    -0.3976   2.738775    -0.2405   2.756644      97.41     0.0166     3.2686     2.7617  1.9456651  0.5823759   47.00044  -47.49586    33.1828    33.2493    -0.4008    -0.2438    26.6575    26.7044    8.20023    7.76602         29 0.0000e+00
      13653    568.849    107.000    -0.3927   2.739437    -0.2145   2.759397      81.55     0.0197     3.2675     2.7632  1.9453404  0.5851358   47.00044  -47.49586    33.1856    33.2570    -0.3959    -0.2179    26.6596    26.7094    8.21489    7.75704         21 0.0000e+00
      13673    569.676    108.000    -0.3860   2.740446    -0.1875   2.762280      63.12     0.0235     3.2675     2.7641  1.9448569  0.5867410   47.00044  -47.49586    33.1912    33.2652    -0.3892    -0.1909    26.6638    26.7148    8.22557    7.74292         19 0.0000e+00
      13692    570.474    109.000    -0.3748   2.741808    -0.1640   2.764777      96.26     0.0266     3.2681     2.7638  1.9438398  0.5885123   47.00043  -47.49586    33.1965    33.2721    -0.3781    -0.1675    26.6677    26.7194    8.24302    7.72421         20 0.0000e+00
      13713    571.344    110.000    -0.3615   2.743385    -0.1461   2.766697      96.47     0.0266     3.2702     2.7633  1.9437242  0.5890713   47.00042  -47.49586    33.2025    33.2775    -0.3648    -0.1496    26.6719    26.7228    8.26435    7.71436         22 0.0000e+00
      13737    572.344    111.000    -0.3421   2.745637    -0.1352   2.767788      35.91     0.0252     3.2733     2.7623  1.9433681  0.5945702   47.00042  -47.49586    33.2108    33.2795    -0.3455    -0.1388    26.6777    26.7240    8.27289    7.69483         26 0.0000e+00
      13765    573.491    112.000    -0.3257   2.747329    -0.1274   2.768865      96.04     0.0237     3.2764     2.7600  1.9429529  0.5962154   47.00042  -47.49586    33.2148    33.2847    -0.3292    -0.1311    26.6803    26.7278    8.28070    7.67220         29 0.0000e+00
      13793    574.685    113.000    -0.3108   2.748971    -0.1133   2.770752      88.86     0.0263     3.2799     2.7564  1.9425527  0.5996252   47.00042  -47.49586    33.2198    33.2937    -0.3143    -0.1170    26.6837    26.7344    8.28380    7.64000         26 0.0000e+00
      13817    575.668    114.000    -0.2900   2.751163    -0.0970   2.772464      61.41     0.0242     3.2828     2.7525  1.9420469  0.6008160   47.00042  -47.49585    33.2258    33.2980    -0.2936    -0.1007    26.6876    26.7371    8.29426    7.61416         22 0.0000e+00
      13837    576.490    115.000    -0.2673   2.753524    -0.0937   2.773051      96.22     0.0235     3.2853     2.7490  1.9413998  0.6021938   47.00042  -47.49584    33.2318    33.3016    -0.2709    -0.0974    26.6915    26.7398    8.29823    7.60549         19 0.0000e+00
