data/CTD/2013/CNV/D021A013.CNV
* Sea-Bird SBE 9 Data File:
* FileName = C:\CTD_ACQUISITION\2013021HUD\ctddata\021A013.hdr
* Software Version Seasave V 7.22.2
* Temperature SN = 5081
* Conductivity SN = 3561
* Number of Bytes Per Scan = 37
* Number of Voltage Words = 4
* Number of Scans Averaged by the Deck Unit = 1
* NMEA Latitude = 46 59.97 N
* NMEA Longitude = 047 10.01 W
* NMEA UTC (Time) = Jul 01 2013 21:27:00
* NMEA baud rate = 9600
** Ship: Hudson
** Cruise: HUD2013021
** Chief_Scientist: Greenan
** Organization: BIO
** Area_of_Operation: Sackville Spur
** Station: 13
** Sounding:  878
** Event_Comments: FC16  393113
# nquan = 25
# nvalues = 863                         
# units = specified
# name 0 = scan: Scan Count
# name 1 = timeS: Time, Elapsed [seconds]
# name 2 = prDM: Pressure, Digiquartz [db]
# name 3 = t068C: Temperature [ITS-68, deg C]
# name 4 = c0S/m: Conductivity [S/m]
# name 5 = t168C: Temperature, 2 [ITS-68, deg C]
# name 6 = c1S/m: Conductivity, 2 [S/m]
# name 7 = altM: Altimeter [m]
# name 8 = flCUVA: Fluorescence, Chelsea UV Aquatracka [ug/l]
# name 9 = sbeox0V: Oxygen raw, SBE 43 [V]
# name 10 = sbeox1V: Oxygen raw, SBE 43, 2 [V]
# name 11 = upoly0: Upoly 0, Optode 4330F - O2 D-Phase
# name 12 = upoly1: Upoly 1, Optode 4330F - O2 Temp
# name 13 = latitude: Latitude [deg]
# name 14 = longitude: Longitude [deg]
# name 15 = sal00: Salinity, Practical [PSU]
# name 16 = sal11: Salinity, Practical, 2 [PSU]
# name 17 = potemp068C: Potential Temperature [ITS-68, deg C]
# name 18 = potemp168C: Potential Temperature, 2 [ITS-68, deg C]
# name 19 = sigma-é00: Density [sigma-theta, Kg/m^3]
# name 20 = sigma-é11: Density, 2 [sigma-theta, Kg/m^3]
# name 21 = sbeox0ML/L: Oxygen, SBE 43 [ml/l], WS = 2
# name 22 = sbeox1ML/L: Oxygen, SBE 43, 2 [ml/l], WS = 2
# name 23 = nbin: number of scans per bin
# name 24 = flag: flag
# span 0 =      16141,      41175       
# span 1 =    672.518,   1715.578       
# span 2 =      2.000,    864.000       
# span 3 =     0.0735,     6.6022       
# span 4 =   2.778833,   3.283650       
# span 5 =     0.0733,     6.6013       
# span 6 =   2.780078,   3.284939       
# span 7 =       9.82,      99.12       
# span 8 =     0.0084,     0.2020       
# span 9 =     2.6376,     3.4477       
# span 10 =     2.3718,     2.9997      
# span 11 =  1.7136926,  2.0549593      
# span 12 =  0.6424633,  1.4532439      
# span 13 =   46.99858,   46.99922      
# span 14 =  -47.16702,  -47.16656      
# span 15 =    32.4927,    34.9003      
# span 16 =    32.5062,    34.9157      
# span 17 =     0.0711,     6.6019      
# span 18 =     0.0708,     6.6010      
# span 19 =    25.4965,    27.7147      
# span 20 =    25.5078,    27.7270      
# span 21 =    6.00321,    8.23139      
# span 22 =    6.19027,    7.98640      
# span 23 =         13,        115      
# span 24 = 0.0000e+00, 0.0000e+00      
# interval = decibars: 1                
# start_time = Jul 01 2013 21:27:00 [NMEA time, header]
# bad_flag = -9.990e-29
*END*
[from data line 116]
      22462    935.885    118.000     0.9062   2.887230     0.9050   2.888243      97.19     0.0246     3.0528     2.6128  1.9670393  0.7167373   46.99906  -47.16684    33.7045    33.7189     0.9012     0.9000    27.0099    27.0216    7.05328    6.83973         23 0.0000e+00
      22485    936.843    119.000     0.9795   2.894554     0.9755   2.895294      96.26     0.0228     3.0401     2.6047  1.9670329  0.7201992   46.99906  -47.16683    33.7188    33.7326     0.9744     0.9704    27.0168    27.0282    7.03225    6.83100         24 0.0000e+00
      22512    937.954    120.000     1.0430   2.900912     1.0424   2.901950      96.35     0.0202     3.0282     2.5973  1.9670329  0.7215810   46.99906  -47.16682    33.7308    33.7451     1.0378     1.0372    27.0224    27.0340    7.00803    6.81502         30 0.0000e+00
      22544    939.284    121.000     1.0940   2.906145     1.0933   2.907223      73.23     0.0234     3.0161     2.5901  1.9682472  0.7340487   46.99906  -47.16682    33.7425    33.7571     1.0887     1.0880    27.0286    27.0404    6.99042    6.79968         33 0.0000e+00
      22576    940.629    122.000     1.1074   2.907644     1.1080   2.908894      60.91     0.0279     3.0060     2.5843  1.9701498  0.7396269   46.99906  -47.16682    33.7467    33.7620     1.1021     1.1027    27.0311    27.0434    6.96523    6.78705         31 0.0000e+00
      22605    941.815    123.000     1.1123   2.908214     1.1119   2.909353      96.48     0.0259     2.9970     2.5786  1.9720613  0.7448202   46.99906  -47.16683    33.7482    33.7631     1.1069     1.1065    27.0320    27.0440    6.94706    6.76475         26 0.0000e+00
      22632    942.938    124.000     1.1136   2.908379     1.1129   2.909490      45.32     0.0237     2.9892     2.5742  1.9785938  0.7494367   46.99906  -47.16684    33.7482    33.7632     1.1082     1.1075    27.0319    27.0440    6.91779    6.76517         28 0.0000e+00
      22660    944.139    125.000     1.1182   2.908923     1.1184   2.910144      96.92     0.0237     2.9805     2.5700  1.9811251  0.7511463   46.99906  -47.16684    33.7499    33.7651     1.1127     1.1129    27.0330    27.0452    6.89654    6.75403         29 0.0000e+00
      22687    945.247    126.000     1.1259   2.909839     1.1258   2.911022      96.35     0.0250     2.9726     2.5665  1.9866582  0.7534976   46.99906  -47.16684    33.7525    33.7677     1.1203     1.1203    27.0346    27.0468    6.87561    6.75043         24 0.0000e+00
      22709    946.156    127.000     1.1429   2.911780     1.1405   2.912693      96.33     0.0236     2.9668     2.5646  1.9865689  0.7535418   46.99906  -47.16684    33.7585    33.7728     1.1372     1.1348    27.0383    27.0499    6.86559    6.75143         20 0.0000e+00
      22729    947.003    128.000     1.1577   2.913434     1.1567   2.914517      32.30     0.0208     2.9619     2.5627  1.9921671  0.7549378   46.99906  -47.16684    33.7631    33.7780     1.1520     1.1510    27.0410    27.0531    6.84172    6.73674         22 0.0000e+00
      22755    948.074    129.000     1.1651   2.914258     1.1645   2.915406      92.28     0.0227     2.9542     2.5592  1.9933282  0.7555682   46.99906  -47.16684    33.7650    33.7803     1.1594     1.1588    27.0421    27.0544    6.81014    6.71523         32 0.0000e+00
      22799    949.914    130.000     1.1762   2.915518     1.1752   2.916608      66.43     0.0265     2.9404     2.5533  1.9982339  0.7597489   46.99906  -47.16682    33.7686    33.7836     1.1704     1.1694    27.0442    27.0563    6.75654    6.68360         50 0.0000e+00
      22838    951.525    131.000     1.1874   2.916824     1.1870   2.917984      61.98     0.0245     2.9265     2.5453  2.0014899  0.7607144   46.99907  -47.16682    33.7726    33.7878     1.1815     1.1812    27.0467    27.0590    6.68198    6.61951         28 0.0000e+00
      22861    952.486    132.000     1.2050   2.918909     1.2053   2.920129      71.16     0.0227     2.9154     2.5380  2.0020192  0.7616061   46.99908  -47.16684    33.7796    33.7950     1.1991     1.1993    27.0512    27.0635    6.62121    6.57949         20 0.0000e+00
      22880    953.292    133.000     1.2288   2.921680     1.2287   2.922859      96.40     0.0237     2.9054     2.5325  2.0036640  0.7634481   46.99908  -47.16684    33.7887    33.8039     1.2228     1.2227    27.0569    27.0692    6.59905    6.57473         19 0.0000e+00
      22899    954.100    134.000     1.2365   2.922542     1.2363   2.923736      96.22     0.0227     2.8968     2.5280  2.0036631  0.7631881   46.99908  -47.16684    33.7909    33.8063     1.2304     1.2303    27.0582    27.0706    6.60574    6.59330         20 0.0000e+00
      22921    955.004    135.000     1.2448   2.923546     1.2445   2.924714      36.46     0.0240     2.8908     2.5264  2.0069077  0.7675195   46.99908  -47.16682    33.7942    33.8094     1.2387     1.2384    27.0603    27.0725    6.63832    6.64383         24 0.0000e+00
      22947    956.088    136.000     1.2617   2.925577     1.2612   2.926722      94.24     0.0269     2.8875     2.5288  2.0075583  0.7684436   46.99908  -47.16682    33.8013    33.8164     1.2555     1.2550    27.0648    27.0770    6.66701    6.68790         29 0.0000e+00
      22983    957.595    137.000     1.2890   2.928770     1.2887   2.929924      96.36     0.0243     2.8859     2.5325  2.0097237  0.7716078   46.99907  -47.16682    33.8119    33.8271     1.2828     1.2825    27.0715    27.0838    6.66059    6.67367         43 0.0000e+00
      23025    959.338    138.000     1.3013   2.930212     1.3006   2.931340      70.95     0.0278     2.8814     2.5331  2.0148156  0.7745672   46.99907  -47.16682    33.8164    33.8316     1.2950     1.2942    27.0743    27.0866    6.62523    6.65756         36 0.0000e+00
      23055    960.567    139.000     1.3385   2.934305     1.3360   2.935221      72.27     0.0274     2.8774     2.5334  2.0160975  0.7759514   46.99908  -47.16682    33.8279    33.8423     1.3321     1.3295    27.0810    27.0928    6.61367    6.64802         25 0.0000e+00
      23077    961.514    140.000     1.4259   2.944202     1.4238   2.945081      96.74     0.0262     2.8751     2.5329  2.0173445  0.7779221   46.99908  -47.16682    33.8588    33.8723     1.4194     1.4172    27.0999    27.1109    6.58357    6.62873         21 0.0000e+00
      23099    962.404    141.000     1.4870   2.951222     1.4864   2.952307      71.48     0.0298     2.8717     2.5329  2.0183799  0.7792326   46.99908  -47.16682    33.8816    33.8960     1.4803     1.4797    27.1139    27.1255    6.55563    6.62072         22 0.0000e+00
      23120    963.277    142.000     1.5062   2.953461     1.5060   2.954623      51.06     0.0288     2.8688     2.5330  2.0207746  0.7835767   46.99908  -47.16682    33.8887    33.9036     1.4994     1.4993    27.1183    27.1302    6.54775    6.60336         21 0.0000e+00
      23143    964.238    143.000     1.5234   2.955407     1.5229   2.956517      81.01     0.0269     2.8653     2.5312  2.0207577  0.7854705   46.99908  -47.16682    33.8942    33.9088     1.5166     1.5160    27.1215    27.1333    6.52235    6.58204         25 0.0000e+00
      23168    965.294    144.000     1.5358   2.956815     1.5354   2.957947      53.42     0.0230     2.8599     2.5288  2.0207570  0.7972420   46.99908  -47.16682    33.8981    33.9129     1.5289     1.5285    27.1237    27.1356    6.49134    6.56651         26 0.0000e+00
      23196    966.454    145.000     1.5493   2.958352     1.5491   2.959517      96.31     0.0284     2.8537     2.5262  2.0207989  0.7994527   46.99908  -47.16682    33.9025    33.9175     1.5424     1.5421    27.1263    27.1384    6.47285    6.56910         29 0.0000e+00
      23226    967.709    146.000     1.5569   2.959231     1.5564   2.960380      47.52     0.0299     2.8482     2.5257  2.0207963  0.8034218   46.99908  -47.16682    33.9049    33.9200     1.5498     1.5493    27.1277    27.1398    6.48284    6.58830         31 0.0000e+00
      23255    968.931    147.000     1.5687   2.960650     1.5679   2.961756      97.26     0.0276     2.8454     2.5264  2.0208938  0.8053870   46.99908  -47.16682    33.9096    33.9244     1.5616     1.5608    27.1306    27.1426    6.49200    6.60616         27 0.0000e+00
      23281    970.017    148.000     1.5952   2.963826     1.5944   2.964919      96.42     0.0222     2.8441     2.5282  2.0208044  0.8059183   46.99907  -47.16682    33.9206    33.9353     1.5880     1.5872    27.1376    27.1495    6.49689    6.61501         25 0.0000e+00
      23306    971.035    149.000     1.6081   2.965411     1.6077   2.966572      28.89     0.0268     2.8436     2.5302  2.0228930  0.8086763   46.99906  -47.16682    33.9262    33.9413     1.6008     1.6004    27.1411    27.1533    6.49727    6.61619         25 0.0000e+00
      23331    972.076    150.000     1.6144   2.966334     1.6141   2.967508      82.11     0.0298     2.8432     2.5312  2.0230999  0.8091299   46.99906  -47.16682    33.9305    33.9457     1.6071     1.6068    27.1441    27.1563    6.49337    6.61063         25 0.0000e+00
      23355    973.069    151.000     1.6274   2.967996     1.6264   2.969091      96.62     0.0257     2.8429     2.5326  2.0229204  0.8131026   46.99906  -47.16682    33.9370    33.9518     1.6200     1.6190    27.1484    27.1604    6.49744    6.62264         22 0.0000e+00
      23376    973.938    152.000     1.6693   2.973027     1.6684   2.974099      19.52     0.0260     2.8427     2.5338  2.0229549  0.8131869   46.99906  -47.16682    33.9548    33.9692     1.6618     1.6609    27.1597    27.1713    6.49053    6.60761         20 0.0000e+00
      23396    974.795    153.000     1.6955   2.976133     1.6951   2.977281      95.18     0.0257     2.8430     2.5342  2.0256948  0.8148721   46.99906  -47.16682    33.9652    33.9801     1.6879     1.6875    27.1661    27.1781    6.48106    6.59617         22 0.0000e+00
      23420    975.799    154.000     1.7012   2.976860     1.7009   2.978044      96.52     0.0243     2.8416     2.5341  2.0267808  0.8156481   46.99906  -47.16682    33.9677    33.9828     1.6935     1.6933    27.1677    27.1799    6.46146    6.58709         27 0.0000e+00
      23449    977.016    155.000     1.7074   2.977672     1.7072   2.978849      45.40     0.0259     2.8395     2.5333  2.0257266  0.8216301   46.99906  -47.16682    33.9706    33.9857     1.6997     1.6995    27.1696    27.1817    6.44675    6.57626         30 0.0000e+00
      23481    978.352    156.000     1.7143   2.978606     1.7139   2.979750      96.58     0.0248     2.8367     2.5318  2.0256398  0.8240249   46.99906  -47.16682    33.9744    33.9893     1.7066     1.7061    27.1721    27.1841    6.44501    6.57128         33 0.0000e+00
      23510    979.562    157.000     1.7407   2.982128     1.7396   2.983182      12.91     0.0220     2.8344     2.5311  2.0257900  0.8266613   46.99906  -47.16682    33.9897    34.0042     1.7329     1.7318    27.1825    27.1942    6.42081    6.57242         25 0.0000e+00
      23533    980.505    158.000     1.7724   2.986214     1.7717   2.987335      70.64     0.0243     2.8317     2.5309  2.0251982  0.8272448   46.99906  -47.16682    34.0066    34.0215     1.7644     1.7637    27.1936    27.2056    6.41486    6.56283         20 0.0000e+00
      23552    981.303    159.000     1.7800   2.987205     1.7797   2.988413      96.94     0.0246     2.8306     2.5300  2.0244093  0.8289542   46.99906  -47.16682    34.0107    34.0257     1.7720     1.7722    27.1964    27.2084    6.41687    6.55022         19 0.0000e+00
      23570    982.061    160.000     1.7957   2.989223     1.7941   2.990231      96.18     0.0262     2.8291     2.5291  2.0244200  0.8289242   46.99906  -47.16682    34.0182    34.0327     1.7876     1.7860    27.2013    27.2129    6.40471    6.54325         18 0.0000e+00
      23590    982.867    161.000     1.8120   2.991223     1.8117   2.992398      23.82     0.0241     2.8277     2.5280  2.0225194  0.8329753   46.99906  -47.16682    34.0253    34.0403     1.8038     1.8036    27.2057    27.2178    6.40149    6.53508         21 0.0000e+00
      23612    983.810    162.000     1.8186   2.992057     1.8184   2.993249      95.47     0.0220     2.8259     2.5266  2.0219796  0.8343982   46.99906  -47.16681    34.0281    34.0433     1.8104     1.8102    27.2074    27.2197    6.39191    6.53865         24 0.0000e+00
      23638    984.866    163.000     1.8250   2.992859     1.8248   2.994042      96.67     0.0227     2.8240     2.5262  2.0211229  0.8383566   46.99906  -47.16680    34.0307    34.0458     1.8167     1.8165    27.2091    27.2212    6.39453    6.54225         26 0.0000e+00
      23663    985.912    164.000     1.8306   2.993571     1.8306   2.994795      29.90     0.0236     2.8227     2.5254  2.0208027  0.8400758   46.99906  -47.16681    34.0331    34.0484     1.8222     1.8222    27.2106    27.2229    6.38926    6.52573         24 0.0000e+00
      23687    986.919    165.000     1.8421   2.995043     1.8436   2.996451      96.93     0.0226     2.8210     2.5234  2.0207570  0.8419572   46.99906  -47.16681    34.0387    34.0547     1.8336     1.8352    27.2142    27.2269    6.38560    6.51386         25 0.0000e+00
      23712    987.952    166.000     1.8575   2.996989     1.8573   2.998177      96.74     0.0218     2.8204     2.5218  2.0207570  0.8424875   46.99906  -47.16680    34.0459    34.0611     1.8490     1.8488    27.2188    27.2310    6.38566    6.51407         25 0.0000e+00
      23738    989.024    167.000     1.8636   2.997803     1.8633   2.998993      35.73     0.0204     2.8185     2.5211  2.0225000  0.8446106   46.99906  -47.16680    34.0490    34.0642     1.8550     1.8548    27.2209    27.2331    6.36793    6.52289         26 0.0000e+00
      23763    990.086    168.000     1.8676   2.998358     1.8672   2.999536      68.83     0.0229     2.8168     2.5206  2.0227113  0.8448848   46.99904  -47.16680    34.0511    34.0663     1.8590     1.8586    27.2222    27.2345    6.36585    6.51676         25 0.0000e+00
      23787    991.067    169.000     1.8786   2.999815     1.8775   3.000892      96.98     0.0273     2.8157     2.5197  2.0214725  0.8473313   46.99904  -47.16680    34.0570    34.0717     1.8699     1.8688    27.2261    27.2380    6.37081    6.50795         22 0.0000e+00
      23808    991.973    170.000     1.8945   3.001799     1.8940   3.002966      19.53     0.0267     2.8145     2.5188  2.0212181  0.8473758   46.99904  -47.16680    34.0642    34.0793     1.8857     1.8853    27.2307    27.2429    6.35552    6.50668         21 0.0000e+00
      23829    992.831    171.000     1.9067   3.003371     1.9055   3.004439      96.74     0.0268     2.8132     2.5183  2.0227304  0.8491151   46.99904  -47.16680    34.0703    34.0849     1.8978     1.8967    27.2347    27.2465    6.34763    6.51382         21 0.0000e+00
      23849    993.683    172.000     1.9290   3.006190     1.9283   3.007321      96.79     0.0241     2.8114     2.5186  2.0231965  0.8498130   46.99904  -47.16680    34.0810    34.0959     1.9201     1.9194    27.2415    27.2536    6.34722    6.50229         20 0.0000e+00
      23871    994.570    173.000     1.9411   3.007708     1.9406   3.008877      53.64     0.0214     2.8114     2.5173  2.0229750  0.8513290   46.99904  -47.16680    34.0865    34.1015     1.9321     1.9321    27.2450    27.2571    6.35427    6.49026         22 0.0000e+00
      23893    995.491    174.000     1.9484   3.008650     1.9481   3.009828      67.77     0.0194     2.8105     2.5165  2.0227764  0.8534585   46.99904  -47.16680    34.0899    34.1049     1.9393     1.9391    27.2472    27.2593    6.33764    6.49517         23 0.0000e+00
