data/CTD/2013/CNV/D021A056.CNV
* Sea-Bird SBE 9 Data File:
* FileName = C:\CTD_ACQUISITION\2013021HUD\ctddata\021A056.hdr
* Software Version Seasave V 7.22.2
* Temperature SN = 5081
* Conductivity SN = 3561
* Number of Bytes Per Scan = 37
* Number of Voltage Words = 4
* Number of Scans Averaged by the Deck Unit = 1
* NMEA Latitude = 48 36.11 N
* NMEA Longitude = 045 27.91 W
* NMEA UTC (Time) = Jul 05 2013 09:14:21
* NMEA baud rate = 9600
** Ship: Hudson
** Cruise: HUD2013021
** Chief_Scientist: Greenan
** Organization: BIO
** Area_of_Operation: Sackville Spur
** Station: 56
** Sounding:  1028
** Event_Comments: SS21   393221
# nquan = 25
# nvalues = 1031                        
# units = specified
# name 0 = scan: Scan Count
# name 1 = timeS: Time, Elapsed [seconds]
# name 2 = prDM: Pressure, Digiquartz [db]
# name 3 = t068C: Temperature [ITS-68, deg C]
# name 4 = c0S/m: Conductivity [S/m]
# name 5 = t168C: Temperature, 2 [ITS-68, deg C]
# name 6 = c1S/m: Conductivity, 2 [S/m]
# name 7 = altM: Altimeter [m]
# name 8 = flCUVA: Fluorescence, Chelsea UV Aquatracka [ug/l]
# name 9 = sbeox0V: Oxygen raw, SBE 43 [V]
# name 10 = sbeox1V: Oxygen raw, SBE 43, 2 [V]
# name 11 = upoly0: Upoly 0, Optode 4330F - O2 D-Phase
# name 12 = upoly1: Upoly 1, Optode 4330F - O2 Temp
# name 13 = latitude: Latitude [deg]
# name 14 = longitude: Longitude [deg]
# name 15 = sal00: Salinity, Practical [PSU]
# name 16 = sal11: Salinity, Practical, 2 [PSU]
# name 17 = potemp068C: Potential Temperature [ITS-68, deg C]
# name 18 = potemp168C: Potential Temperature, 2 [ITS-68, deg C]
# name 19 = sigma-é00: Density [sigma-theta, Kg/m^3]
# name 20 = sigma-é11: Density, 2 [sigma-theta, Kg/m^3]
# name 21 = sbeox0ML/L: Oxygen, SBE 43 [ml/l], WS = 2
# name 22 = sbeox1ML/L: Oxygen, SBE 43, 2 [ml/l], WS = 2
# name 23 = nbin: number of scans per bin
# name 24 = flag: flag
# span 0 =       8064,      35200       
# span 1 =    335.971,   1466.627       
# span 2 =      2.000,   1032.000       
# span 3 =     1.4797,     6.4613       
# span 4 =   2.956512,   3.326960       
# span 5 =     1.4800,     6.4613       
# span 6 =   2.957751,   3.328277       
# span 7 =       5.81,      99.36       
# span 8 =     0.0037,     0.8256       
# span 9 =     2.5310,     3.3940       
# span 10 =     2.2762,     3.0424      
# span 11 =  1.7055144,  2.0349364      
# span 12 =  0.8181562,  1.4347132      
# span 13 =   48.60173,   48.60255      
# span 14 =  -45.46242,  -45.46024      
# span 15 =    33.2594,    37.0519      
# span 16 =    33.2739,    34.9307      
# span 17 =     1.4771,     6.4600      
# span 18 =     1.4774,     6.4599      
# span 19 =    26.1258,    29.5957      
# span 20 =    26.1372,    27.7710      
# span 21 =    5.80605,    7.51554      
# span 22 =    5.98668,    7.59223      
# span 23 =         14,         91      
# span 24 = 0.0000e+00, 0.0000e+00      
# interval = decibars: 1                
# start_time = Jul 05 2013 09:14:21 [NMEA time, header]
# bad_flag = -9.990e-29
*END*
[from data line 812]
      29899   1245.767    814.000     3.8890   3.273571     3.8890   3.274903      95.52     0.0128     2.6681     2.3989  1.9820036  1.1119040   48.60252  -45.46050    34.8999    34.9157     3.8287     3.8287    27.7245    27.7370    6.08632    6.28436         23 0.0000e+00
      29919   1246.599    815.000     3.8867   3.273406     3.8865   3.274719      90.15     0.0117     2.6680     2.3985  1.9823612  1.1114529   48.60252  -45.46050    34.8999    34.9157     3.8263     3.8261    27.7247    27.7372    6.08252    6.27185         18 0.0000e+00
      29937   1247.315    816.000     3.8853   3.273328     3.8852   3.274647      93.29     0.0099     2.6678     2.3977  1.9823718  1.1115694   48.60252  -45.46050    34.8999    34.9157     3.8249     3.8247    27.7248    27.7374    6.08426    6.26542         16 0.0000e+00
      29953   1248.004    817.000     3.8837   3.273222     3.8836   3.274542      95.51     0.0109     2.6677     2.3968  1.9827648  1.1116865   48.60252  -45.46050    34.8998    34.9156     3.8232     3.8231    27.7249    27.7375    6.08268    6.26684         17 0.0000e+00
      29971   1248.763    818.000     3.8819   3.273106     3.8817   3.274412      89.87     0.0149     2.6674     2.3963  1.9827837  1.1115400   48.60253  -45.46050    34.8998    34.9156     3.8214     3.8211    27.7251    27.7377    6.07814    6.27247         20 0.0000e+00
      29997   1249.817    819.000     3.8819   3.273139     3.8817   3.274441      89.49     0.0124     2.6666     2.3960  1.9834254  1.1111336   48.60253  -45.46050    34.8997    34.9154     3.8213     3.8210    27.7250    27.7376    6.07680    6.27636         33 0.0000e+00
      30032   1251.288    820.000     3.8818   3.273175     3.8812   3.274453      86.19     0.0170     2.6655     2.3961  1.9835407  1.1102765   48.60252  -45.46050    34.8998    34.9155     3.8210     3.8205    27.7251    27.7377    6.07881    6.28819         31 0.0000e+00
      30057   1252.321    821.000     3.8810   3.273153     3.8806   3.274446      93.28     0.0148     2.6660     2.3966  1.9837250  1.1099380   48.60252  -45.46050    34.8998    34.9155     3.8202     3.8198    27.7252    27.7378    6.08188    6.28655         21 0.0000e+00
      30076   1253.136    822.000     3.8800   3.273105     3.8799   3.274410      95.52     0.0135     2.6652     2.3966  1.9834812  1.1108662   48.60252  -45.46050    34.8997    34.9153     3.8192     3.8190    27.7253    27.7377    6.08076    6.28299         19 0.0000e+00
      30096   1253.961    823.000     3.8780   3.272966     3.8779   3.274279      95.49     0.0136     2.6654     2.3965  1.9837332  1.1111058   48.60252  -45.46048    34.8997    34.9154     3.8171     3.8169    27.7255    27.7380    6.08714    6.27884         22 0.0000e+00
      30123   1255.101    824.000     3.8769   3.272900     3.8768   3.274216      94.92     0.0146     2.6654     2.3957  1.9835209  1.1103884   48.60252  -45.46048    34.8996    34.9153     3.8159     3.8157    27.7255    27.7380    6.08757    6.27755         37 0.0000e+00
      30171   1257.086    825.000     3.8743   3.272701     3.8742   3.274023      85.09     0.0135     2.6652     2.3948  1.9834065  1.1098357   48.60254  -45.46048    34.8994    34.9152     3.8133     3.8170    27.7256    27.7382    6.07873    6.27224         43 0.0000e+00
      30199   1258.254    826.000     3.8734   3.272682     3.8732   3.273974      95.78     0.0122     2.6641     2.3939  1.9828283  1.1098901   48.60254  -45.46048    34.8997    34.9152     3.8123     3.8119    27.7259    27.7384    6.07186    6.27053         21 0.0000e+00
      30218   1259.034    827.000     3.8725   3.272650     3.8723   3.273963      95.35     0.0161     2.6633     2.3934  1.9835958  1.1101657   48.60254  -45.46048    34.8998    34.9155     3.8112     3.8110    27.7261    27.7387    6.07021    6.27470         18 0.0000e+00
      30234   1259.706    828.000     3.8724   3.272702     3.8721   3.274012      87.64     0.0157     2.6630     2.3935  1.9840438  1.1100533   48.60254  -45.46048    34.8999    34.9158     3.8111     3.8108    27.7262    27.7389    6.06764    6.27876         15 0.0000e+00
      30249   1260.326    829.000     3.8724   3.272752     3.8722   3.274069      91.07     0.0170     2.6616     2.3934  1.9840455  1.1101334   48.60254  -45.46048    34.9000    34.9158     3.8110     3.8108    27.7263    27.7389    6.06773    6.27569         15 0.0000e+00
      30263   1260.934    830.000     3.8721   3.272766     3.8718   3.274080      94.95     0.0173     2.6619     2.3930  1.9839530  1.1102384   48.60254  -45.46048    34.9000    34.9159     3.8106     3.8103    27.7264    27.7390    6.06737    6.27157         14 0.0000e+00
      30279   1261.578    831.000     3.8720   3.272813     3.8718   3.274123      89.47     0.0185     2.6605     2.3926  1.9838406  1.1098928   48.60254  -45.46048    34.9001    34.9159     3.8104     3.8102    27.7265    27.7391    6.06720    6.26836         17 0.0000e+00
      30297   1262.344    832.000     3.8718   3.272834     3.8716   3.274147      89.25     0.0182     2.6606     2.3918  1.9840039  1.1098901   48.60254  -45.46048    34.9001    34.9159     3.8102     3.8099    27.7265    27.7391    6.07783    6.26862         21 0.0000e+00
      30333   1263.833    833.000     3.8715   3.272843     3.8713   3.274158      86.58     0.0122     2.6603     2.3910  1.9840771  1.1088096   48.60254  -45.46048    34.9000    34.9157     3.8098     3.8096    27.7264    27.7390    6.07730    6.26472         52 0.0000e+00
      30376   1265.634    834.000     3.8709   3.272843     3.8707   3.274153      94.33     0.0092     2.6604     2.3893  1.9834468  1.1091653   48.60254  -45.46048    34.9001    34.9158     3.8091     3.8089    27.7266    27.7391    6.08057    6.26293         28 0.0000e+00
      30400   1266.638    835.000     3.8705   3.272855     3.8702   3.274158      87.73     0.0084     2.6599     2.3891  1.9838661  1.1094155   48.60254  -45.46048    34.9002    34.9159     3.8086     3.8083    27.7267    27.7393    6.06827    6.26711         23 0.0000e+00
      30423   1267.573    836.000     3.8701   3.272865     3.8698   3.274168      94.83     0.0096     2.6589     2.3887  1.9854778  1.1098957   48.60254  -45.46048    34.9002    34.9159     3.8081     3.8079    27.7268    27.7393    6.06969    6.26292         22 0.0000e+00
      30445   1268.486    837.000     3.8695   3.272850     3.8693   3.274162      93.74     0.0168     2.6588     2.3881  1.9853472  1.1098901   48.60254  -45.46048    34.9001    34.9159     3.8074     3.8072    27.7268    27.7394    6.07466    6.26120         22 0.0000e+00
      30465   1269.347    838.000     3.8681   3.272772     3.8681   3.274097      74.06     0.0184     2.6585     2.3876  1.9840760  1.1095873   48.60252  -45.46048    34.9001    34.9158     3.8060     3.8060    27.7269    27.7394    6.07028    6.26192         20 0.0000e+00
      30485   1270.160    839.000     3.8668   3.272707     3.8667   3.274021      90.46     0.0166     2.6577     2.3872  1.9839989  1.1093777   48.60254  -45.46048    34.9002    34.9159     3.8047     3.8046    27.7271    27.7396    6.07773    6.26569         19 0.0000e+00
      30504   1270.976    840.000     3.8657   3.272656     3.8656   3.273964      95.15     0.0125     2.6585     2.3871  1.9852819  1.1090367   48.60254  -45.46048    34.9002    34.9159     3.8034     3.8034    27.7273    27.7398    6.08351    6.26772         20 0.0000e+00
      30528   1271.953    841.000     3.8653   3.272649     3.8650   3.273953      94.79     0.0162     2.6586     2.3870  1.9859411  1.1086787   48.60254  -45.46048    34.9001    34.9159     3.8029     3.8027    27.7273    27.7398    6.07881    6.26999         28 0.0000e+00
      30563   1273.417    842.000     3.8648   3.272651     3.8646   3.273952      95.50     0.0130     2.6572     2.3872  1.9860392  1.1086369   48.60254  -45.46048    34.9001    34.9158     3.8024     3.8022    27.7273    27.7398    6.06653    6.27530         39 0.0000e+00
      30595   1274.742    843.000     3.8643   3.272651     3.8641   3.273966      84.71     0.0150     2.6566     2.3873  1.9854307  1.1086199   48.60254  -45.46048    34.9001    34.9160     3.8018     3.8016    27.7274    27.7400    6.07524    6.27326         25 0.0000e+00
      30617   1275.658    844.000     3.8639   3.272670     3.8637   3.273983      79.27     0.0147     2.6570     2.3873  1.9839855  1.1086698   48.60254  -45.46048    34.9002    34.9161     3.8014     3.8011    27.7275    27.7401    6.07749    6.26960         20 0.0000e+00
      30636   1276.476    845.000     3.8637   3.272703     3.8635   3.274003      95.05     0.0126     2.6561     2.3869  1.9839441  1.1086692   48.60254  -45.46048    34.9004    34.9160     3.8010     3.8008    27.7277    27.7401    6.07206    6.26926         20 0.0000e+00
      30656   1277.285    846.000     3.8637   3.272748     3.8634   3.274050      92.19     0.0123     2.6563     2.3867  1.9859099  1.1086692   48.60254  -45.46048    34.9003    34.9161     3.8010     3.8007    27.7276    27.7402    6.07830    6.27281         19 0.0000e+00
      30676   1278.123    847.000     3.8631   3.272738     3.8630   3.274055      89.10     0.0127     2.6562     2.3868  1.9859874  1.1086692   48.60254  -45.46048    34.9003    34.9160     3.8003     3.8002    27.7277    27.7402    6.07798    6.27667         21 0.0000e+00
      30697   1279.007    848.000     3.8615   3.272627     3.8620   3.274003      94.78     0.0122     2.6559     2.3870  1.9857950  1.1082866   48.60254  -45.46048    34.9003    34.9160     3.7986     3.8015    27.7278    27.7403    6.07634    6.27644         22 0.0000e+00
      30720   1279.975    849.000     3.8607   3.272599     3.8603   3.273894      88.23     0.0113     2.6562     2.3866  1.9858352  1.1078976   48.60254  -45.46048    34.9002    34.9160     3.7978     3.7974    27.7279    27.7405    6.07991    6.27057         25 0.0000e+00
      30748   1281.114    850.000     3.8603   3.272605     3.8601   3.273919      84.10     0.0129     2.6552     2.3862  1.9863505  1.1077373   48.60254  -45.46048    34.9002    34.9160     3.7973     3.7971    27.7279    27.7405    6.06999    6.27407         30 0.0000e+00
      30778   1282.393    851.000     3.8595   3.272567     3.8594   3.273892      86.19     0.0126     2.6549     2.3863  1.9865720  1.1076148   48.60254  -45.46048    34.9001    34.9159     3.7964     3.7963    27.7279    27.7405    6.06911    6.28205         29 0.0000e+00
      30805   1283.519    852.000     3.8590   3.272565     3.8586   3.273861      93.44     0.0107     2.6533     2.3868  1.9866216  1.1076002   48.60254  -45.46048    34.9001    34.9158     3.7958     3.7954    27.7280    27.7405    6.06340    6.27954         24 0.0000e+00
      30828   1284.444    853.000     3.8582   3.272541     3.8580   3.273854      95.48     0.0147     2.6529     2.3861  1.9866273  1.1076831   48.60254  -45.46048    34.9001    34.9159     3.7950     3.7948    27.7280    27.7406    6.06663    6.26400         21 0.0000e+00
      30848   1285.291    854.000     3.8576   3.272529     3.8573   3.273827      94.76     0.0091     2.6528     2.3852  1.9877894  1.1075644   48.60254  -45.46048    34.9001    34.9158     3.7943     3.7940    27.7281    27.7407    6.08020    6.26404         21 0.0000e+00
      30869   1286.149    855.000     3.8575   3.272564     3.8572   3.273865      95.50     0.0138     2.6528     2.3848  1.9884738  1.1075073   48.60254  -45.46048    34.9001    34.9159     3.7941     3.7938    27.7282    27.7407    6.06706    6.27192         21 0.0000e+00
      30891   1287.090    856.000     3.8574   3.272595     3.8571   3.273896      90.06     0.0130     2.6519     2.3847  1.9872991  1.1074991   48.60254  -45.46048    34.9000    34.9158     3.7939     3.7936    27.7281    27.7407    6.07219    6.27481         24 0.0000e+00
      30916   1288.145    857.000     3.8570   3.272605     3.8568   3.273911      80.29     0.0145     2.6520     2.3846  1.9865698  1.1074482   48.60254  -45.46048    34.9000    34.9158     3.7935     3.7932    27.7282    27.7408    6.05947    6.27494         26 0.0000e+00
      30943   1289.238    858.000     3.8567   3.272616     3.8564   3.273926      95.64     0.0182     2.6499     2.3844  1.9860955  1.1074481   48.60254  -45.46046    34.9000    34.9158     3.7931     3.7928    27.7282    27.7408    6.05063    6.27054         26 0.0000e+00
      30967   1290.260    859.000     3.8563   3.272628     3.8560   3.273931      91.51     0.0167     2.6494     2.3836  1.9858766  1.1075554   48.60254  -45.46048    34.9001    34.9158     3.7926     3.7923    27.7283    27.7409    6.06309    6.26754         23 0.0000e+00
      30990   1291.206    860.000     3.8561   3.272651     3.8557   3.273948      86.80     0.0155     2.6487     2.3833  1.9864615  1.1075013   48.60254  -45.46048    34.9000    34.9158     3.7923     3.7919    27.7283    27.7409    6.06561    6.27442         23 0.0000e+00
      31012   1292.128    861.000     3.8556   3.272649     3.8553   3.273952      93.72     0.0176     2.6489     2.3835  1.9865669  1.1074491   48.60254  -45.46048    34.9001    34.9158     3.7917     3.7914    27.7284    27.7409    6.06867    6.27556         22 0.0000e+00
      31035   1293.066    862.000     3.8548   3.272630     3.8545   3.273934      87.12     0.0173     2.6484     2.3834  1.9868295  1.1074481   48.60254  -45.46048    34.9001    34.9159     3.7909     3.7906    27.7285    27.7411    6.06488    6.27066         23 0.0000e+00
      31059   1294.072    863.000     3.8544   3.272639     3.8541   3.273943      75.22     0.0162     2.6484     2.3824  1.9867650  1.1074481   48.60254  -45.46048    34.9001    34.9159     3.7904     3.7901    27.7285    27.7411    6.06955    6.26378         25 0.0000e+00
      31087   1295.229    864.000     3.8530   3.272562     3.8529   3.273874      91.20     0.0162     2.6484     2.3819  1.9859990  1.1074889   48.60254  -45.46048    34.9001    34.9159     3.7890     3.7887    27.7287    27.7413    6.07009    6.26726         30 0.0000e+00
      31116   1296.473    865.000     3.8518   3.272492     3.8518   3.273824      92.17     0.0189     2.6482     2.3813  1.9862715  1.1073571   48.60254  -45.46048    34.9001    34.9159     3.7876     3.7876    27.7288    27.7414    6.06613    6.26969         28 0.0000e+00
      31142   1297.525    866.000     3.8512   3.272483     3.8508   3.273777      87.41     0.0189     2.6476     2.3814  1.9883693  1.1069611   48.60254  -45.46048    34.9001    34.9158     3.7870     3.7866    27.7289    27.7414    6.06497    6.27811         23 0.0000e+00
      31162   1298.393    867.000     3.8510   3.272510     3.8506   3.273801      92.52     0.0133     2.6475     2.3815  1.9884610  1.1070206   48.60254  -45.46046    34.9001    34.9158     3.7867     3.7863    27.7289    27.7415    6.06246    6.27491         20 0.0000e+00
      31182   1299.190    868.000     3.8510   3.272553     3.8506   3.273849      95.53     0.0144     2.6464     2.3813  1.9869708  1.1067009   48.60254  -45.46048    34.9001    34.9159     3.7866     3.7862    27.7289    27.7415    6.05870    6.26979         18 0.0000e+00
      31201   1299.984    869.000     3.8510   3.272596     3.8507   3.273895      75.27     0.0155     2.6466     2.3809  1.9865663  1.1062241   48.60254  -45.46048    34.9001    34.9159     3.7865     3.7862    27.7290    27.7415    6.06219    6.26713         20 0.0000e+00
      31222   1300.859    870.000     3.8501   3.272548     3.8497   3.273848      81.65     0.0178     2.6455     2.3802  1.9874036  1.1062272   48.60254  -45.46048    34.9000    34.9158     3.7855     3.7852    27.7290    27.7415    6.05466    6.26374         23 0.0000e+00
