data/CTD/2013/CNV/D021A012.CNV
* Sea-Bird SBE 9 Data File:
* FileName = C:\CTD_ACQUISITION\2013021HUD\ctddata\021A012.hdr
* Software Version Seasave V 7.22.2
* Temperature SN = 5081
* Conductivity SN = 3561
* Number of Bytes Per Scan = 37
* Number of Voltage Words = 4
* Number of Scans Averaged by the Deck Unit = 1
* NMEA Latitude = 46 59.96 N
* NMEA Longitude = 047 14.97 W
* NMEA UTC (Time) = Jul 01 2013 20:26:26
* NMEA baud rate = 9600
** Ship: Hudson
** Cruise: HUD2013021
** Chief_Scientist: Greenan
** Organization: BIO
** Area_of_Operation: Sackville Spur
** Station: 12
** Sounding:  552
** Event_Comments: FC15  393111
# nquan = 25
# nvalues = 552                         
# units = specified
# name 0 = scan: Scan Count
# name 1 = timeS: Time, Elapsed [seconds]
# name 2 = prDM: Pressure, Digiquartz [db]
# name 3 = t068C: Temperature [ITS-68, deg C]
# name 4 = c0S/m: Conductivity [S/m]
# name 5 = t168C: Temperature, 2 [ITS-68, deg C]
# name 6 = c1S/m: Conductivity, 2 [S/m]
# name 7 = altM: Altimeter [m]
# name 8 = flCUVA: Fluorescence, Chelsea UV Aquatracka [ug/l]
# name 9 = sbeox0V: Oxygen raw, SBE 43 [V]
# name 10 = sbeox1V: Oxygen raw, SBE 43, 2 [V]
# name 11 = upoly0: Upoly 0, Optode 4330F - O2 D-Phase
# name 12 = upoly1: Upoly 1, Optode 4330F - O2 Temp
# name 13 = latitude: Latitude [deg]
# name 14 = longitude: Longitude [deg]
# name 15 = sal00: Salinity, Practical [PSU]
# name 16 = sal11: Salinity, Practical, 2 [PSU]
# name 17 = potemp068C: Potential Temperature [ITS-68, deg C]
# name 18 = potemp168C: Potential Temperature, 2 [ITS-68, deg C]
# name 19 = sigma-é00: Density [sigma-theta, Kg/m^3]
# name 20 = sigma-é11: Density, 2 [sigma-theta, Kg/m^3]
# name 21 = sbeox0ML/L: Oxygen, SBE 43 [ml/l], WS = 2
# name 22 = sbeox1ML/L: Oxygen, SBE 43, 2 [ml/l], WS = 2
# name 23 = nbin: number of scans per bin
# name 24 = flag: flag
# span 0 =       9265,      31808       
# span 1 =    386.003,   1325.278       
# span 2 =      1.000,    552.000       
# span 3 =    -0.7529,     6.3960       
# span 4 =   2.697329,   3.252502       
# span 5 =    -0.7532,     6.3937       
# span 6 =   2.698521,   3.253780       
# span 7 =       2.04,      99.71       
# span 8 =     0.0077,     0.1207       
# span 9 =     2.6749,     3.4270       
# span 10 =     2.3953,     3.0111      
# span 11 =  1.7152299,  2.0940148      
# span 12 =  0.5480216,  1.4260786      
# span 13 =   46.99736,   46.99942      
# span 14 =  -47.24838,  -47.24737      
# span 15 =    32.4663,    34.8064      
# span 16 =    32.4802,    34.8217      
# span 17 =    -0.7545,     6.3960      
# span 18 =    -0.7548,     6.3934      
# span 19 =    25.5023,    27.6498      
# span 20 =    25.5135,    27.6620      
# span 21 =    5.98316,    8.27774      
# span 22 =    6.14420,    7.91669      
# span 23 =         11,         94      
# span 24 = 0.0000e+00, 0.0000e+00      
# interval = decibars: 1                
# start_time = Jul 01 2013 20:26:26 [NMEA time, header]
# bad_flag = -9.990e-29
*END*
[from data line 58]
      12209    508.670     59.000    -0.7489   2.699687    -0.7495   2.700865      97.65     0.0205     3.2390     2.7611  1.9332354  0.5511172   46.99940  -47.24820    33.0707    33.0873    -0.7504    -0.7511    26.5809    26.5943    8.16931    7.81617         61 0.0000e+00
      12244    510.108     60.000    -0.7481   2.700065    -0.7482   2.701248      96.19     0.0236     3.2390     2.7615  1.9353509  0.5525665   46.99940  -47.24820    33.0744    33.0905    -0.7497    -0.7498    26.5838    26.5968    8.19181    7.81213         26 0.0000e+00
      12269    511.157     61.000    -0.7529   2.700106    -0.7532   2.701272      84.24     0.0240     3.2403     2.7611  1.9368565  0.5505953   46.99940  -47.24820    33.0795    33.0953    -0.7545    -0.7548    26.5882    26.6010    8.19108    7.80991         28 0.0000e+00
      12308    512.803     62.000    -0.7041   2.705282    -0.7061   2.706275      94.53     0.0278     3.2413     2.7608  1.9391418  0.5480216   46.99939  -47.24820    33.0953    33.1108    -0.7058    -0.7078    26.5991    26.6117    8.18392    7.80549         57 0.0000e+00
      12373    515.482     63.000    -0.6647   2.709277    -0.6652   2.710388      96.39     0.0287     3.2429     2.7610  1.9414219  0.5493140   46.99938  -47.24818    33.1053    33.1208    -0.6664    -0.6669    26.6057    26.6182    8.17067    7.79409         56 0.0000e+00
      12421    517.499     64.000    -0.6432   2.711415    -0.6433   2.712566      87.69     0.0243     3.2429     2.7597  1.9425513  0.5513580   46.99938  -47.24817    33.1099    33.1255    -0.6449    -0.6451    26.6086    26.6212    8.16201    7.76885         50 0.0000e+00
      12469    519.495     65.000    -0.6322   2.712792    -0.6331   2.713867      96.64     0.0245     3.2417     2.7574  1.9433331  0.5519080   46.99938  -47.24816    33.1157    33.1313    -0.6339    -0.6349    26.6128    26.6254    8.14783    7.76787         42 0.0000e+00
      12504    520.959     66.000    -0.6205   2.714047    -0.6217   2.715110      96.36     0.0247     3.2421     2.7567  1.9438341  0.5524835   46.99938  -47.24816    33.1192    33.1347    -0.6223    -0.6233    26.6152    26.6278    8.17356    7.76562         31 0.0000e+00
      12533    522.178     67.000    -0.6165   2.715213    -0.6171   2.716304      96.37     0.0262     3.2433     2.7569  1.9438339  0.5517241   46.99938  -47.24816    33.1300    33.1452    -0.6184    -0.6189    26.6237    26.6361    8.17508    7.78978         28 0.0000e+00
      12575    523.935     68.000    -0.6139   2.715733    -0.6143   2.716870      91.03     0.0237     3.2436     2.7577  1.9445794  0.5529144   46.99937  -47.24814    33.1335    33.1492    -0.6158    -0.6162    26.6265    26.6392    8.15820    7.77562         66 0.0000e+00
      12663    527.574     69.000    -0.5965   2.717473    -0.5942   2.718831      97.68     0.0260     3.2416     2.7555  1.9449762  0.5554334   46.99936  -47.24812    33.1373    33.1529    -0.5985    -0.5961    26.6289    26.6414    8.15241    7.76164         48 0.0000e+00
      12685    528.490     70.000    -0.5571   2.721938    -0.5580   2.722990      96.30     0.0250     3.2428     2.7555  1.9457624  0.5567595   46.99936  -47.24812    33.1534    33.1685    -0.5591    -0.5600    26.6403    26.6526    8.15671    7.75121         23 0.0000e+00
      12708    529.446     71.000    -0.5475   2.722994    -0.5483   2.724071      90.57     0.0243     3.2431     2.7551  1.9457589  0.5563659   46.99936  -47.24812    33.1565    33.1718    -0.5495    -0.5503    26.6424    26.6548    8.15913    7.75295         26 0.0000e+00
      12768    531.939     72.000    -0.5462   2.723221    -0.5443   2.724506      91.22     0.0231     3.2442     2.7547  1.9457793  0.5579631   46.99935  -47.24811    33.1574    33.1726    -0.5482    -0.5463    26.6431    26.6553    8.15698    7.74815         59 0.0000e+00
      12836    534.798     73.000    -0.5433   2.723783    -0.5430   2.724993      96.43     0.0182     3.2441     2.7536  1.9447327  0.5605395   46.99934  -47.24809    33.1612    33.1772    -0.5453    -0.5451    26.6461    26.6590    8.15202    7.75152         26 0.0000e+00
      12857    535.683     74.000    -0.5219   2.726435    -0.5218   2.727611      91.75     0.0186     3.2444     2.7542  1.9464355  0.5607159   46.99934  -47.24808    33.1728    33.1884    -0.5240    -0.5239    26.6546    26.6672    8.18518    7.77863         22 0.0000e+00
      12884    536.772     75.000    -0.5037   2.728574    -0.5033   2.729763      85.89     0.0199     3.2493     2.7578  1.9463899  0.5605945   46.99933  -47.24808    33.1810    33.1964    -0.5059    -0.5055    26.6605    26.6730    8.22186    7.80605         33 0.0000e+00
      12949    539.501     76.000    -0.4849   2.730573    -0.4871   2.731460      96.43     0.0205     3.2597     2.7634  1.9475150  0.5614645   46.99932  -47.24807    33.1865    33.2008    -0.4871    -0.4893    26.6642    26.6758    8.23586    7.80801         93 0.0000e+00
      13012    542.109     77.000    -0.4476   2.734317    -0.4450   2.735666      85.06     0.0190     3.2687     2.7725  1.9482970  0.5666788   46.99932  -47.24804    33.1952    33.2104    -0.4498    -0.4472    26.6696    26.6818    8.27774    7.88662         30 0.0000e+00
      13038    543.201     78.000    -0.3038   2.747804    -0.3001   2.749159      90.84     0.0223     3.2743     2.7777  1.9484946  0.5665436   46.99930  -47.24804    33.2174    33.2315    -0.3061    -0.3025    26.6814    26.6926    8.25390    7.83808         28 0.0000e+00
      13079    544.900     79.000    -0.2275   2.754868    -0.2268   2.756020      95.93     0.0212     3.2802     2.7815  1.9462394  0.5714165   46.99930  -47.24804    33.2276    33.2422    -0.2300    -0.2293    26.6863    26.6980    8.22371    7.80285         57 0.0000e+00
      13133    547.151     80.000    -0.1869   2.758903    -0.1867   2.760041      96.27     0.0226     3.2834     2.7840  1.9410224  0.5836621   46.99930  -47.24803    33.2363    33.2513    -0.1894    -0.1892    26.6914    26.7035    8.20557    7.78314         40 0.0000e+00
      13164    548.466     81.000    -0.0692   2.770064    -0.0672   2.771283      80.01     0.0242     3.2858     2.7847  1.9395363  0.5884715   46.99930  -47.24802    33.2555    33.2695    -0.0718    -0.0699    26.7014    26.7126    8.18780    7.76248         30 0.0000e+00
      13208    550.309     82.000     0.0368   2.780453     0.0374   2.781572      94.46     0.0216     3.2862     2.7849  1.9381034  0.5957771   46.99929  -47.24801    33.2769    33.2910     0.0341     0.0346    26.7136    26.7249    8.13656    7.72435         69 0.0000e+00
      13285    553.514     83.000     0.0698   2.783717     0.0788   2.785627      96.27     0.0240     3.2812     2.7807  1.9348674  0.6148041   46.99928  -47.24799    33.2835    33.2995     0.0670     0.0760    26.7173    26.7297    8.05807    7.64847         53 0.0000e+00
      13316    554.779     84.000     0.0940   2.786184     0.0940   2.787329      77.61     0.0244     3.2737     2.7739  1.9354246  0.6163598   46.99926  -47.24798    33.2891    33.3043     0.0912     0.0911    26.7206    26.7329    8.01276    7.59905         27 0.0000e+00
      13342    555.883     85.000     0.1022   2.787610     0.1017   2.788745      95.78     0.0240     3.2677     2.7684  1.9295679  0.6191717   46.99926  -47.24798    33.2985    33.3139     0.0993     0.0988    26.7278    26.7403    7.97943    7.57319         29 0.0000e+00
      13382    557.528     86.000     0.0998   2.788923     0.1004   2.790185      96.31     0.0235     3.2537     2.7564  1.9295851  0.6236675   46.99926  -47.24796    33.3180    33.3337     0.0968     0.0975    26.7437    26.7562    7.90993    7.50447         53 0.0000e+00
      13437    559.831     87.000     0.1093   2.791814     0.1085   2.792972      91.63     0.0253     3.2362     2.7388  1.9283574  0.6265427   46.99924  -47.24796    33.3451    33.3610     0.1063     0.1055    26.7650    26.7779    7.84686    7.42846         58 0.0000e+00
      13521    563.353     88.000     0.0116   2.783934     0.0083   2.785013      93.20     0.0248     3.2076     2.7150  1.9325236  0.6301095   46.99924  -47.24793    33.3466    33.3645     0.0086     0.0054    26.7711    26.7857    7.82258    7.44205         73 0.0000e+00
      13553    564.646     89.000    -0.1952   2.767382    -0.1973   2.768512      96.29     0.0243     3.2020     2.7117  1.9319570  0.6300369   46.99923  -47.24792    33.3527    33.3700    -0.1980    -0.2001    26.7858    26.7999    7.87687    7.47978         22 0.0000e+00
      13573    565.517     90.000    -0.1230   2.774845    -0.1221   2.776181      96.32     0.0179     3.1991     2.7093  1.9413557  0.6205967   46.99922  -47.24792    33.3722    33.3890    -0.1259    -0.1251    26.7982    26.8117    7.87832    7.45988         21 0.0000e+00
      13600    566.619     91.000    -0.2254   2.766498    -0.2254   2.767785      96.26     0.0181     3.1976     2.7061  1.9441527  0.6170424   46.99922  -47.24791    33.3728    33.3899    -0.2283    -0.2283    26.8034    26.8173    7.91564    7.49085         36 0.0000e+00
      13682    570.053     92.000    -0.2029   2.768300    -0.2045   2.769505      93.35     0.0216     3.1921     2.7007  1.9509755  0.6011931   46.99921  -47.24789    33.3715    33.3893    -0.2058    -0.2075    26.8014    26.8158    7.87731    7.47470         78 0.0000e+00
      13728    571.946     93.000    -0.2164   2.768109    -0.2161   2.769415      92.51     0.0185     3.1879     2.6985  1.9539667  0.6030304   46.99920  -47.24788    33.3832    33.4003    -0.2194    -0.2191    26.8115    26.8252    7.90874    7.49804         27 0.0000e+00
      13755    573.085     94.000    -0.1818   2.771949    -0.1812   2.773176      96.19     0.0225     3.1888     2.6983  1.9551688  0.6019310   46.99920  -47.24788    33.3957    33.4114    -0.1848    -0.1842    26.8199    26.8326    7.90344    7.48182         30 0.0000e+00
      13809    575.314     95.000    -0.0995   2.779955    -0.1091   2.780266      96.28     0.0200     3.1882     2.6966  1.9579108  0.6025143   46.99919  -47.24786    33.4113    33.4257    -0.1027    -0.1121    26.8287    26.8408    7.86807    7.45325         83 0.0000e+00
      13884    578.460     96.000    -0.0216   2.787949    -0.0001   2.791232      96.30     0.0194     3.1845     2.6939  1.9611175  0.6102229   46.99918  -47.24784    33.4313    33.4512    -0.0249    -0.0033    26.8411    26.8561    7.82115    7.41928         36 0.0000e+00
      13912    579.617     97.000     0.0245   2.793140     0.0233   2.794184      73.07     0.0186     3.1831     2.6929  1.9609280  0.6161459   46.99916  -47.24783    33.4489    33.4641     0.0213     0.0200    26.8530    26.8653    7.83388    7.43341         29 0.0000e+00
      13941    580.829     98.000     0.0381   2.794598     0.0385   2.795794      95.93     0.0201     3.1843     2.6953  1.9612869  0.6185511   46.99916  -47.24782    33.4527    33.4681     0.0348     0.0351    26.8554    26.8678    7.85412    7.46181         30 0.0000e+00
      13975    582.255     99.000     0.0741   2.798068     0.0770   2.799488      96.39     0.0213     3.1864     2.6973  1.9631761  0.6223251   46.99916  -47.24782    33.4586    33.4741     0.0707     0.0736    26.8584    26.8708    7.85311    7.44629         41 0.0000e+00
      14036    584.795    100.000     0.0926   2.799952     0.0912   2.800977      96.39     0.0244     3.1879     2.6975  1.9630949  0.6273537   46.99914  -47.24780    33.4626    33.4777     0.0891     0.0878    26.8607    26.8730    7.83042    7.41843         76 0.0000e+00
      14103    587.580    101.000     0.2064   2.810509     0.2086   2.811839      69.62     0.0234     3.1829     2.6928  1.9634036  0.6306069   46.99913  -47.24778    33.4768    33.4918     0.2028     0.2050    26.8663    26.8783    7.73300    7.33875         54 0.0000e+00
      14146    589.380    102.000     0.2610   2.816963     0.2615   2.818139      97.03     0.0249     3.1746     2.6871  1.9634409  0.6363907   46.99912  -47.24778    33.5014    33.5163     0.2574     0.2578    26.8833    26.8953    7.71446    7.33710         35 0.0000e+00
      14177    590.664    103.000     0.2712   2.819791     0.2709   2.820940      92.44     0.0285     3.1747     2.6887  1.9633312  0.6408625   46.99912  -47.24776    33.5268    33.5422     0.2674     0.2672    26.9033    26.9157    7.76507    7.39118         30 0.0000e+00
      14211    592.103    104.000     0.3680   2.830384     0.3687   2.831536      96.22     0.0233     3.1751     2.6905  1.9612008  0.6480428   46.99911  -47.24776    33.5571    33.5713     0.3663     0.3650    26.9224    26.9337    7.72058    7.35195         42 0.0000e+00
      14270    594.535    105.000     0.4312   2.836345     0.4204   2.836457      96.55     0.0201     3.1714     2.6883  1.9632072  0.6552124   46.99910  -47.24775    33.5679    33.5812     0.4272     0.4164    26.9278    26.9391    7.67799    7.29786         69 0.0000e+00
      14328    596.960    106.000     0.5691   2.850131     0.5694   2.851173      96.60     0.0207     3.1652     2.6825  1.9633479  0.6643591   46.99909  -47.24774    33.5969    33.6102     0.5650     0.5653    26.9434    26.9540    7.60216    7.23441         46 0.0000e+00
      14369    598.676    107.000     0.6848   2.862047     0.6844   2.863097      78.42     0.0222     3.1579     2.6776  1.9628239  0.6682277   46.99908  -47.24772    33.6254    33.6395     0.6806     0.6801    26.9596    26.9710    7.55068    7.19180         40 0.0000e+00
      14413    600.491    108.000     0.7583   2.869826     0.7572   2.870821      96.48     0.0218     3.1518     2.6731  1.9588177  0.6847692   46.99907  -47.24771    33.6459    33.6599     0.7539     0.7529    26.9718    26.9831    7.52641    7.18065         47 0.0000e+00
      14456    602.296    109.000     0.8215   2.876840     0.8207   2.877873      96.56     0.0197     3.1459     2.6707  1.9609586  0.6966848   46.99906  -47.24770    33.6674    33.6817     0.8170     0.8162    26.9853    26.9968    7.49319    7.15715         38 0.0000e+00
      14493    603.820    110.000     0.8465   2.879513     0.8464   2.880635      96.54     0.0177     3.1410     2.6679  1.9609280  0.7028363   46.99906  -47.24769    33.6743    33.6889     0.8419     0.8418    26.9893    27.0011    7.47731    7.15128         38 0.0000e+00
      14540    605.799    111.000     0.8768   2.882669     0.8750   2.883702      72.34     0.0210     3.1356     2.6655  1.9609280  0.7113755   46.99904  -47.24768    33.6816    33.6969     0.8722     0.8704    26.9933    27.0057    7.46347    7.13427         58 0.0000e+00
      14597    608.166    112.000     0.9058   2.885806     0.9056   2.886959      95.49     0.0216     3.1287     2.6613  1.9619064  0.7165921   46.99904  -47.24767    33.6900    33.7052     0.9011     0.9009    26.9983    27.0105    7.41313    7.10467         50 0.0000e+00
      14644    610.121    113.000     0.9148   2.886885     0.9142   2.887999      94.69     0.0209     3.1190     2.6562  1.9616683  0.7212217   46.99903  -47.24766    33.6936    33.7086     0.9101     0.9094    27.0006    27.0127    7.37176    7.08068         48 0.0000e+00
      14691    612.100    114.000     0.9447   2.890651     0.9446   2.891804      96.59     0.0194     3.1100     2.6513  1.9635395  0.7259536   46.99902  -47.24764    33.7091    33.7241     0.9399     0.9397    27.0112    27.0233    7.35162    7.06371         43 0.0000e+00
      14729    613.656    115.000     0.9695   2.893933     0.9690   2.895054      96.36     0.0197     3.1029     2.6475  1.9633707  0.7283285   46.99900  -47.24764    33.7240    33.7390     0.9646     0.9640    27.0216    27.0337    7.30519    7.03452         35 0.0000e+00
