data/CTD/2013/CNV/D021A058.CNV
* Sea-Bird SBE 9 Data File:
* FileName = C:\CTD_ACQUISITION\2013021HUD\ctddata\021A058.hdr
* Software Version Seasave V 7.22.2
* Temperature SN = 5081
* Conductivity SN = 3561
* Number of Bytes Per Scan = 37
* Number of Voltage Words = 4
* Number of Scans Averaged by the Deck Unit = 1
* NMEA Latitude = 48 28.99 N
* NMEA Longitude = 045 20.33 W
* NMEA UTC (Time) = Jul 05 2013 11:38:36
* NMEA baud rate = 9600
** Ship: Hudson
** Cruise: HUD2013021
** Chief_Scientist: Greenan
** Organization: BIO
** Area_of_Operation: Sackville Spur
** Station: 58
** Sounding:  775
** Event_Comments: SS19  393225
# nquan = 25
# nvalues = 773                         
# units = specified
# name 0 = scan: Scan Count
# name 1 = timeS: Time, Elapsed [seconds]
# name 2 = prDM: Pressure, Digiquartz [db]
# name 3 = t068C: Temperature [ITS-68, deg C]
# name 4 = c0S/m: Conductivity [S/m]
# name 5 = t168C: Temperature, 2 [ITS-68, deg C]
# name 6 = c1S/m: Conductivity, 2 [S/m]
# name 7 = altM: Altimeter [m]
# name 8 = flCUVA: Fluorescence, Chelsea UV Aquatracka [ug/l]
# name 9 = sbeox0V: Oxygen raw, SBE 43 [V]
# name 10 = sbeox1V: Oxygen raw, SBE 43, 2 [V]
# name 11 = upoly0: Upoly 0, Optode 4330F - O2 D-Phase
# name 12 = upoly1: Upoly 1, Optode 4330F - O2 Temp
# name 13 = latitude: Latitude [deg]
# name 14 = longitude: Longitude [deg]
# name 15 = sal00: Salinity, Practical [PSU]
# name 16 = sal11: Salinity, Practical, 2 [PSU]
# name 17 = potemp068C: Potential Temperature [ITS-68, deg C]
# name 18 = potemp168C: Potential Temperature, 2 [ITS-68, deg C]
# name 19 = sigma-é00: Density [sigma-theta, Kg/m^3]
# name 20 = sigma-é11: Density, 2 [sigma-theta, Kg/m^3]
# name 21 = sbeox0ML/L: Oxygen, SBE 43 [ml/l], WS = 2
# name 22 = sbeox1ML/L: Oxygen, SBE 43, 2 [ml/l], WS = 2
# name 23 = nbin: number of scans per bin
# name 24 = flag: flag
# span 0 =       8000,      27679       
# span 1 =    333.295,   1153.236       
# span 2 =      3.000,    775.000       
# span 3 =     2.8327,     6.2004       
# span 4 =   3.081462,   3.305142       
# span 5 =     2.8303,     6.2027       
# span 6 =   3.083089,   3.306484       
# span 7 =       5.60,     102.07       
# span 8 =     0.0030,     0.5772       
# span 9 =     2.6333,     3.4195       
# span 10 =     2.3442,     3.0439      
# span 11 =  1.7021000,  2.0071169      
# span 12 =  1.0113984,  1.4019062      
# span 13 =   48.48170,   48.48293      
# span 14 =  -45.33910,  -45.33806      
# span 15 =    33.1677,    34.9139      
# span 16 =    33.1838,    34.9306      
# span 17 =     2.8298,     6.2001      
# span 18 =     2.8274,     6.2024      
# span 19 =    26.0810,    27.7386      
# span 20 =    26.0925,    27.7522      
# span 21 =    5.72091,    7.17850      
# span 22 =    5.88376,    7.25406      
# span 23 =         13,         86      
# span 24 = 0.0000e+00, 0.0000e+00      
# interval = decibars: 1                
# start_time = Jul 05 2013 11:38:36 [NMEA time, header]
# bad_flag = -9.990e-29
*END*
[from data line 116]
      12123    505.071    119.000     3.1912   3.148463     3.1898   3.149638      95.02     0.0167     2.8976     2.5909  1.9515857  1.0198739   48.48248  -45.33892    34.5132    34.5291     3.1838     3.1823    27.4796    27.4923    6.31066    6.44323         28 0.0000e+00
      12156    506.469    120.000     3.1967   3.149103     3.1932   3.149993      95.18     0.0175     2.8959     2.5895  1.9535873  1.0219947   48.48248  -45.33890    34.5145    34.5291     3.1893     3.1857    27.4800    27.4920    6.30437    6.43458         38 0.0000e+00
      12193    508.013    121.000     3.2232   3.151952     3.2218   3.153043      95.16     0.0160     2.8940     2.5867  1.9536020  1.0230126   48.48248  -45.33890    34.5203    34.5351     3.2156     3.2142    27.4822    27.4941    6.28538    6.41735         33 0.0000e+00
      12220    509.136    122.000     3.2293   3.152711     3.2305   3.154099      95.14     0.0165     2.8910     2.5846  1.9536020  1.0234157   48.48249  -45.33892    34.5225    34.5380     3.2217     3.2228    27.4834    27.4957    6.27125    6.39680         23 0.0000e+00
      12242    510.029    123.000     3.2381   3.153687     3.2377   3.154919      95.29     0.0154     2.8886     2.5810  1.9536020  1.0254755   48.48250  -45.33891    34.5244    34.5397     3.2304     3.2300    27.4841    27.4964    6.27025    6.36779         20 0.0000e+00
      12262    510.864    124.000     3.2434   3.154310     3.2441   3.155589      94.80     0.0121     2.8877     2.5774  1.9536020  1.0256432   48.48250  -45.33890    34.5257    34.5405     3.2356     3.2363    27.4846    27.4964    6.27701    6.36405         20 0.0000e+00
      12281    511.684    125.000     3.2609   3.156227     3.2619   3.157552      94.88     0.0150     2.8868     2.5751  1.9554251  1.0266135   48.48249  -45.33890    34.5298    34.5447     3.2530     3.2541    27.4862    27.4980    6.28009    6.38101         20 0.0000e+00
      12301    512.489    126.000     3.2736   3.157694     3.2728   3.158828      95.08     0.0159     2.8871     2.5748  1.9560354  1.0269853   48.48248  -45.33890    34.5334    34.5480     3.2656     3.2648    27.4880    27.4997    6.28453    6.39261         19 0.0000e+00
      12320    513.293    127.000     3.2786   3.158432     3.2780   3.159596      95.27     0.0155     2.8865     2.5744  1.9560440  1.0274410   48.48248  -45.33890    34.5365    34.5512     3.2706     3.2700    27.4899    27.5018    6.28182    6.39023         19 0.0000e+00
      12339    514.087    128.000     3.2871   3.159617     3.2866   3.160799      95.19     0.0175     2.8869     2.5740  1.9560440  1.0293120   48.48248  -45.33890    34.5413    34.5561     3.2790     3.2785    27.4930    27.5048    6.28780    6.39759         19 0.0000e+00
      12359    514.926    129.000     3.2891   3.159916     3.2889   3.161188      95.34     0.0147     2.8876     2.5750  1.9560440  1.0293040   48.48248  -45.33890    34.5421    34.5578     3.2810     3.2807    27.4935    27.5060    6.30095    6.41893         22 0.0000e+00
      12383    515.918    130.000     3.2895   3.160030     3.2893   3.161311      94.94     0.0167     2.8888     2.5772  1.9560440  1.0314329   48.48248  -45.33890    34.5425    34.5583     3.2813     3.2811    27.4938    27.5063    6.27693    6.41686         27 0.0000e+00
      12415    517.240    131.000     3.2923   3.160507     3.2910   3.161637      94.94     0.0183     2.8829     2.5743  1.9568721  1.0323039   48.48249  -45.33890    34.5448    34.5598     3.2840     3.2827    27.4953    27.5074    6.20565    6.33982         36 0.0000e+00
      12450    518.710    132.000     3.3045   3.162136     3.3074   3.163653      95.18     0.0157     2.8742     2.5663  1.9585117  1.0329775   48.48250  -45.33890    34.5510    34.5663     3.2961     3.2990    27.4991    27.5110    6.18923    6.31544         32 0.0000e+00
      12477    519.853    133.000     3.3329   3.165256     3.3321   3.166398      95.25     0.0167     2.8691     2.5624  1.9583240  1.0335070   48.48250  -45.33890    34.5579    34.5726     3.3244     3.3236    27.5019    27.5137    6.15926    6.30344         23 0.0000e+00
      12500    520.771    134.000     3.3446   3.166576     3.3421   3.167435      95.17     0.0234     2.8617     2.5574  1.9582640  1.0335776   48.48250  -45.33890    34.5608    34.5739     3.3360     3.3335    27.5031    27.5138    6.12874    6.26340         22 0.0000e+00
      12521    521.649    135.000     3.4287   3.175428     3.4267   3.175626      95.35     0.0233     2.8567     2.5520  1.9584814  1.0358847   48.48250  -45.33890    34.5775    34.5821     3.4200     3.4179    27.5083    27.5122    6.10721    6.25112         21 0.0000e+00
      12542    522.546    136.000     3.5025   3.183063     3.4991   3.183822      95.67     0.0209     2.8503     2.5488  1.9584860  1.0369841   48.48250  -45.33890    34.5906    34.6032     3.4936     3.4902    27.5116    27.5221    6.03764    6.22707         21 0.0000e+00
      12563    523.416    137.000     3.4828   3.181344     3.4831   3.182612      94.90     0.0178     2.8394     2.5433  1.9579631  1.0399417   48.48250  -45.33890    34.5908    34.6052     3.4739     3.4742    27.5137    27.5252    5.97372    6.17778         21 0.0000e+00
      12583    524.232    138.000     3.4808   3.181314     3.4818   3.182606      95.47     0.0148     2.8279     2.5360  1.9571263  1.0451955   48.48250  -45.33890    34.5914    34.6060     3.4718     3.4728    27.5144    27.5259    5.96512    6.15211         18 0.0000e+00
      12601    525.001    139.000     3.5142   3.184858     3.5102   3.185312      71.95     0.0134     2.8215     2.5304  1.9572006  1.0451771   48.48250  -45.33890    34.5980    34.6077     3.5051     3.5012    27.5164    27.5245    5.97555    6.14087         19 0.0000e+00
      12620    525.777    140.000     3.5803   3.191514     3.5742   3.191862      86.86     0.0153     2.8152     2.5247  1.9603554  1.0516127   48.48250  -45.33890    34.6093    34.6158     3.5692     3.5650    27.5191    27.5247    5.94657    6.11561         19 0.0000e+00
      12641    526.660    141.000     3.6219   3.196071     3.6209   3.197041      94.97     0.0169     2.8075     2.5180  1.9609123  1.0524796   48.48250  -45.33890    34.6173    34.6299     3.6125     3.6116    27.5212    27.5313    5.91649    6.07767         24 0.0000e+00
      12668    527.781    142.000     3.6782   3.202576     3.6693   3.202109      95.47     0.0217     2.7994     2.5094  1.9606906  1.0586354   48.48250  -45.33890    34.6351    34.6387     3.6687     3.6599    27.5296    27.5335    5.94325    6.07693         30 0.0000e+00
      12699    529.074    143.000     3.7720   3.212523     3.7776   3.214131      95.61     0.0202     2.8000     2.5069  1.9604783  1.0620162   48.48250  -45.33890    34.6539    34.6674     3.7623     3.7679    27.5353    27.5455    6.00913    6.13000         30 0.0000e+00
      12725    530.174    144.000     3.7172   3.207315     3.7215   3.208993      95.45     0.0201     2.8067     2.5103  1.9619997  1.0680444   48.48248  -45.33890    34.6492    34.6647     3.7075     3.7118    27.5371    27.5491    6.07619    6.18340         23 0.0000e+00
      12745    531.020    145.000     3.7529   3.211127     3.7501   3.211734      95.70     0.0144     2.8128     2.5141  1.9614712  1.0676981   48.48248  -45.33890    34.6563    34.6666     3.7432     3.7403    27.5392    27.5477    6.09573    6.20695         18 0.0000e+00
      12763    531.733    146.000     3.7715   3.213048     3.7701   3.213985      94.69     0.0129     2.8189     2.5183  1.9662210  1.0788958   48.48248  -45.33889    34.6591    34.6718     3.7616     3.7602    27.5395    27.5498    6.12668    6.22686         16 0.0000e+00
      12779    532.408    147.000     3.7671   3.212643     3.7684   3.214061      95.50     0.0142     2.8260     2.5225  1.9670222  1.0809891   48.48248  -45.33888    34.6583    34.6739     3.7572     3.7585    27.5394    27.5517    6.15784    6.24773         17 0.0000e+00
      12797    533.148    148.000     3.7083   3.206948     3.7130   3.209082      95.59     0.0134     2.8335     2.5277  1.9673462  1.0811608   48.48248  -45.33888    34.6521    34.6726     3.6983     3.7030    27.5403    27.5562    6.18377    6.27539         19 0.0000e+00
      12823    534.247    149.000     3.6079   3.197216     3.6085   3.199025      95.30     0.0157     2.8431     2.5350  1.9708551  1.0855737   48.48249  -45.33888    34.6414    34.6625     3.5981     3.5987    27.5419    27.5586    6.20576    6.30641         36 0.0000e+00
      12864    535.974    150.000     3.5481   3.191371     3.5503   3.193142      95.59     0.0255     2.8537     2.5430  1.9783646  1.0819498   48.48250  -45.33888    34.6343    34.6533     3.5382     3.5404    27.5421    27.5570    6.21105    6.31030         39 0.0000e+00
      12894    537.202    151.000     3.5001   3.186785     3.5023   3.188613      95.11     0.0244     2.8583     2.5464  1.9807495  1.0797626   48.48250  -45.33888    34.6297    34.6494     3.4902     3.4924    27.5431    27.5586    6.21167    6.31758         22 0.0000e+00
      12913    537.992    152.000     3.4864   3.185544     3.4867   3.187154      95.60     0.0187     2.8595     2.5482  1.9820449  1.0705457   48.48250  -45.33888    34.6288    34.6479     3.4765     3.4768    27.5437    27.5589    6.20597    6.32393         18 0.0000e+00
      12929    538.686    153.000     3.4742   3.184551     3.4732   3.185963      76.94     0.0205     2.8607     2.5498  1.9815334  1.0709701   48.48250  -45.33888    34.6293    34.6473     3.4642     3.4632    27.5453    27.5598    6.21244    6.32848         16 0.0000e+00
      12946    539.387    154.000     3.4747   3.184750     3.4741   3.186107      39.09     0.0177     2.8617     2.5509  1.9824200  1.0683414   48.48250  -45.33888    34.6306    34.6476     3.4646     3.4640    27.5463    27.5600    6.20863    6.33114         18 0.0000e+00
      12966    540.197    155.000     3.4858   3.186014     3.4853   3.187293      93.14     0.0180     2.8620     2.5523  1.9840612  1.0636787   48.48250  -45.33888    34.6334    34.6494     3.4757     3.4752    27.5475    27.5603    6.19341    6.32563         22 0.0000e+00
      12991    541.250    156.000     3.4967   3.187340     3.4957   3.188567      95.20     0.0186     2.8608     2.5521  1.9833152  1.0625950   48.48250  -45.33888    34.6372    34.6531     3.4865     3.4855    27.5495    27.5622    6.17503    6.29793         28 0.0000e+00
      13019    542.406    157.000     3.5105   3.188932     3.5094   3.190077      88.13     0.0209     2.8584     2.5503  1.9809873  1.0605055   48.48250  -45.33888    34.6411    34.6562     3.5002     3.4991    27.5513    27.5633    6.16215    6.28458         25 0.0000e+00
      13041    543.352    158.000     3.5233   3.190311     3.5227   3.191545      95.03     0.0211     2.8567     2.5489  1.9798006  1.0611190   48.48250  -45.33888    34.6436    34.6591     3.5129     3.5123    27.5520    27.5643    6.16348    6.28337         21 0.0000e+00
      13060    544.136    159.000     3.5352   3.191658     3.5348   3.192869      95.48     0.0212     2.8561     2.5482  1.9780442  1.0622568   48.48250  -45.33888    34.6466    34.6616     3.5248     3.5243    27.5532    27.5652    6.16991    6.29298         18 0.0000e+00
      13078    544.880    160.000     3.5456   3.192815     3.5446   3.193963      95.23     0.0201     2.8561     2.5486  1.9780220  1.0622711   48.48250  -45.33888    34.6489    34.6637     3.5351     3.5341    27.5540    27.5659    6.15814    6.30253         18 0.0000e+00
      13097    545.687    161.000     3.5562   3.193968     3.5557   3.195139      95.20     0.0189     2.8534     2.5492  1.9762673  1.0640258   48.48250  -45.33888    34.6509    34.6655     3.5456     3.5451    27.5546    27.5663    6.10590    6.27960         21 0.0000e+00
      13121    546.679    162.000     3.5845   3.196949     3.5834   3.198011      95.21     0.0194     2.8454     2.5450  1.9755985  1.0646946   48.48250  -45.33888    34.6561    34.6700     3.5737     3.5727    27.5560    27.5671    6.03111    6.19624         27 0.0000e+00
      13150    547.855    163.000     3.5941   3.198003     3.5936   3.199201      94.90     0.0192     2.8329     2.5345  1.9736160  1.0665898   48.48250  -45.33888    34.6580    34.6729     3.5833     3.5828    27.5565    27.5685    5.98463    6.13908         28 0.0000e+00
      13177    549.007    164.000     3.6229   3.201064     3.6251   3.202213      95.34     0.0205     2.8202     2.5249  1.9731349  1.0672952   48.48250  -45.33888    34.6635    34.6753     3.6120     3.6146    27.5581    27.5672    5.91242    6.08944         27 0.0000e+00
      13203    550.091    165.000     3.6601   3.204913     3.6591   3.205929      95.44     0.0197     2.8023     2.5112  1.9731380  1.0712867   48.48248  -45.33888    34.6696    34.6829     3.6491     3.6480    27.5592    27.5699    5.80532    5.99001         26 0.0000e+00
      13229    551.171    166.000     3.7502   3.214388     3.7466   3.214699      58.13     0.0188     2.7813     2.4944  1.9726291  1.0720749   48.48248  -45.33888    34.6868    34.6944     3.7390     3.7353    27.5639    27.5703    5.73098    5.91989         26 0.0000e+00
      13255    552.232    167.000     3.8469   3.224381     3.8472   3.225189      74.52     0.0182     2.7635     2.4797  1.9706917  1.0761180   48.48250  -45.33888    34.7030    34.7123     3.8355     3.8358    27.5670    27.5744    5.72091    5.89403         24 0.0000e+00
      13278    553.195    168.000     3.8654   3.226330     3.8607   3.226847      95.90     0.0195     2.7531     2.4696  1.9705281  1.0776564   48.48250  -45.33888    34.7061    34.7173     3.8539     3.8492    27.5676    27.5769    5.74217    5.89413         22 0.0000e+00
      13298    554.042    169.000     3.9124   3.231322     3.9050   3.231103      94.04     0.0201     2.7471     2.4624  1.9694741  1.0879207   48.48250  -45.33888    34.7152    34.7205     3.9007     3.8933    27.5700    27.5750    5.75042    5.89542         19 0.0000e+00
      13316    554.811    170.000     4.0563   3.246212     4.0529   3.246045      83.75     0.0205     2.7428     2.4581  1.9694749  1.0879121   48.48250  -45.33887    34.7394    34.7409     4.0443     4.0410    27.5743    27.5759    5.73449    5.88376         18 0.0000e+00
      13335    555.575    171.000     4.1178   3.252830     4.1160   3.253247      95.58     0.0198     2.7402     2.4548  1.9702377  1.0942054   48.48250  -45.33886    34.7523    34.7591     4.1057     4.1039    27.5781    27.5838    5.73906    5.88571         19 0.0000e+00
      13355    556.404    172.000     4.1504   3.256394     4.1493   3.257037      95.59     0.0180     2.7389     2.4532  1.9706889  1.0985994   48.48250  -45.33886    34.7594    34.7682     4.1382     4.1371    27.5804    27.5875    5.73711    5.89064         21 0.0000e+00
      13377    557.329    173.000     4.1583   3.257359     4.1586   3.258422      92.23     0.0174     2.7369     2.4514  1.9724923  1.1062969   48.48248  -45.33886    34.7620    34.7742     4.1460     4.1463    27.5816    27.5913    5.74374    5.88715         23 0.0000e+00
      13399    558.264    174.000     4.1403   3.255687     4.1407   3.256865      94.68     0.0200     2.7374     2.4502  1.9766065  1.1232064   48.48248  -45.33886    34.7606    34.7742     4.1280     4.1283    27.5824    27.5932    5.77004    5.90240         22 0.0000e+00
      13421    559.154    175.000     4.1387   3.255593     4.1385   3.256682      95.32     0.0226     2.7391     2.4508  1.9776579  1.1240660   48.48248  -45.33886    34.7607    34.7738     4.1263     4.1261    27.5827    27.5931    5.78686    5.92625         21 0.0000e+00
