data/CTD/2013/CNV/D021A058.CNV
* Sea-Bird SBE 9 Data File:
* FileName = C:\CTD_ACQUISITION\2013021HUD\ctddata\021A058.hdr
* Software Version Seasave V 7.22.2
* Temperature SN = 5081
* Conductivity SN = 3561
* Number of Bytes Per Scan = 37
* Number of Voltage Words = 4
* Number of Scans Averaged by the Deck Unit = 1
* NMEA Latitude = 48 28.99 N
* NMEA Longitude = 045 20.33 W
* NMEA UTC (Time) = Jul 05 2013 11:38:36
* NMEA baud rate = 9600
** Ship: Hudson
** Cruise: HUD2013021
** Chief_Scientist: Greenan
** Organization: BIO
** Area_of_Operation: Sackville Spur
** Station: 58
** Sounding:  775
** Event_Comments: SS19  393225
# nquan = 25
# nvalues = 773                         
# units = specified
# name 0 = scan: Scan Count
# name 1 = timeS: Time, Elapsed [seconds]
# name 2 = prDM: Pressure, Digiquartz [db]
# name 3 = t068C: Temperature [ITS-68, deg C]
# name 4 = c0S/m: Conductivity [S/m]
# name 5 = t168C: Temperature, 2 [ITS-68, deg C]
# name 6 = c1S/m: Conductivity, 2 [S/m]
# name 7 = altM: Altimeter [m]
# name 8 = flCUVA: Fluorescence, Chelsea UV Aquatracka [ug/l]
# name 9 = sbeox0V: Oxygen raw, SBE 43 [V]
# name 10 = sbeox1V: Oxygen raw, SBE 43, 2 [V]
# name 11 = upoly0: Upoly 0, Optode 4330F - O2 D-Phase
# name 12 = upoly1: Upoly 1, Optode 4330F - O2 Temp
# name 13 = latitude: Latitude [deg]
# name 14 = longitude: Longitude [deg]
# name 15 = sal00: Salinity, Practical [PSU]
# name 16 = sal11: Salinity, Practical, 2 [PSU]
# name 17 = potemp068C: Potential Temperature [ITS-68, deg C]
# name 18 = potemp168C: Potential Temperature, 2 [ITS-68, deg C]
# name 19 = sigma-é00: Density [sigma-theta, Kg/m^3]
# name 20 = sigma-é11: Density, 2 [sigma-theta, Kg/m^3]
# name 21 = sbeox0ML/L: Oxygen, SBE 43 [ml/l], WS = 2
# name 22 = sbeox1ML/L: Oxygen, SBE 43, 2 [ml/l], WS = 2
# name 23 = nbin: number of scans per bin
# name 24 = flag: flag
# span 0 =       8000,      27679       
# span 1 =    333.295,   1153.236       
# span 2 =      3.000,    775.000       
# span 3 =     2.8327,     6.2004       
# span 4 =   3.081462,   3.305142       
# span 5 =     2.8303,     6.2027       
# span 6 =   3.083089,   3.306484       
# span 7 =       5.60,     102.07       
# span 8 =     0.0030,     0.5772       
# span 9 =     2.6333,     3.4195       
# span 10 =     2.3442,     3.0439      
# span 11 =  1.7021000,  2.0071169      
# span 12 =  1.0113984,  1.4019062      
# span 13 =   48.48170,   48.48293      
# span 14 =  -45.33910,  -45.33806      
# span 15 =    33.1677,    34.9139      
# span 16 =    33.1838,    34.9306      
# span 17 =     2.8298,     6.2001      
# span 18 =     2.8274,     6.2024      
# span 19 =    26.0810,    27.7386      
# span 20 =    26.0925,    27.7522      
# span 21 =    5.72091,    7.17850      
# span 22 =    5.88376,    7.25406      
# span 23 =         13,         86      
# span 24 = 0.0000e+00, 0.0000e+00      
# interval = decibars: 1                
# start_time = Jul 05 2013 11:38:36 [NMEA time, header]
# bad_flag = -9.990e-29
*END*
[from data line 290]
      16155    673.089    293.000     4.4673   3.302235     4.4662   3.303460      72.45     0.0144     2.7843     2.4847  1.9724526  1.1820678   48.48236  -45.33890    34.9005    34.9159     4.4454     4.4444    27.6593    27.6717    5.91782    6.04747         34 0.0000e+00
      16182    674.196    294.000     4.4716   3.302818     4.4712   3.304099      88.73     0.0132     2.7843     2.4846  1.9717230  1.1822844   48.48236  -45.33890    34.9022    34.9176     4.4497     4.4492    27.6602    27.6726    5.91970    6.04694         21 0.0000e+00
      16200    674.968    295.000     4.4728   3.303015     4.4726   3.304350      95.77     0.0124     2.7838     2.4844  1.9718463  1.1820703   48.48236  -45.33890    34.9027    34.9185     4.4508     4.4506    27.6605    27.6731    5.91784    6.03812         17 0.0000e+00
      16217    675.655    296.000     4.4704   3.302826     4.4703   3.304201      95.68     0.0165     2.7838     2.4833  1.9724590  1.1830096   48.48236  -45.33890    34.9024    34.9188     4.4483     4.4482    27.6606    27.6736    5.92627    6.03126         16 0.0000e+00
      16233    676.351    297.000     4.4666   3.302512     4.4665   3.303901      84.01     0.0186     2.7849     2.4826  1.9734056  1.1831496   48.48236  -45.33890    34.9023    34.9187     4.4444     4.4443    27.6609    27.6740    5.92870    6.03810         18 0.0000e+00
      16253    677.149    298.000     4.4645   3.302384     4.4643   3.303739      87.27     0.0136     2.7844     2.4824  1.9734282  1.1832639   48.48236  -45.33890    34.9025    34.9186     4.4423     4.4420    27.6613    27.6741    5.92560    6.04117         21 0.0000e+00
      16275    678.094    299.000     4.4669   3.302735     4.4666   3.304051      94.71     0.0170     2.7845     2.4820  1.9734430  1.1834031   48.48236  -45.33890    34.9035    34.9192     4.4446     4.4443    27.6618    27.6744    5.92579    6.04225         24 0.0000e+00
      16298    679.054    300.000     4.4689   3.303011     4.4686   3.304337      91.44     0.0135     2.7850     2.4818  1.9733057  1.1833174   48.48236  -45.33890    34.9041    34.9199     4.4465     4.4462    27.6621    27.6747    5.93366    6.04689         22 0.0000e+00
      16319    679.927    301.000     4.4695   3.303122     4.4693   3.304468      38.22     0.0122     2.7855     2.4823  1.9725370  1.1831522   48.48236  -45.33890    34.9043    34.9203     4.4470     4.4468    27.6622    27.6749    5.94345    6.05884         20 0.0000e+00
      16340    680.778    302.000     4.4699   3.303215     4.4696   3.304561      71.39     0.0161     2.7868     2.4835  1.9724989  1.1832074   48.48236  -45.33890    34.9044    34.9205     4.4473     4.4471    27.6623    27.6750    5.95110    6.07487         21 0.0000e+00
      16363    681.751    303.000     4.4699   3.303275     4.4699   3.304637      95.12     0.0164     2.7887     2.4857  1.9731709  1.1832434   48.48236  -45.33889    34.9046    34.9205     4.4472     4.4472    27.6624    27.6751    5.95621    6.08372         26 0.0000e+00
      16394    683.038    304.000     4.4688   3.303219     4.4687   3.304584      79.22     0.0190     2.7898     2.4877  1.9730337  1.1833591   48.48236  -45.33888    34.9045    34.9206     4.4461     4.4460    27.6625    27.6753    5.95305    6.07975         35 0.0000e+00
      16427    684.424    305.000     4.4700   3.303411     4.4692   3.304677      95.58     0.0170     2.7912     2.4892  1.9726181  1.1832298   48.48236  -45.33888    34.9051    34.9207     4.4472     4.4464    27.6628    27.6753    5.96092    6.08424         29 0.0000e+00
      16452    685.455    306.000     4.4818   3.304743     4.4807   3.305929      80.05     0.0141     2.7927     2.4899  1.9725821  1.1832616   48.48236  -45.33888    34.9077    34.9227     4.4589     4.4578    27.6636    27.6756    5.96405    6.07348         22 0.0000e+00
      16472    686.293    307.000     4.4845   3.305091     4.4844   3.306423      92.07     0.0153     2.7933     2.4895  1.9729456  1.1833431   48.48236  -45.33888    34.9083    34.9241     4.4615     4.4613    27.6638    27.6764    5.95641    6.06816         19 0.0000e+00
      16491    687.079    308.000     4.4845   3.305142     4.4844   3.306484      95.59     0.0123     2.7930     2.4895  1.9727535  1.1832153   48.48236  -45.33888    34.9084    34.9243     4.4614     4.4613    27.6639    27.6765    5.95050    6.07053         19 0.0000e+00
      16510    687.894    309.000     4.4838   3.305111     4.4837   3.306471      95.66     0.0104     2.7931     2.4894  1.9724063  1.1843679   48.48237  -45.33888    34.9082    34.9243     4.4607     4.4605    27.6638    27.6766    5.94965    6.07704         20 0.0000e+00
      16532    688.797    310.000     4.4793   3.304694     4.4793   3.306109      78.31     0.0126     2.7924     2.4899  1.9722879  1.1843712   48.48238  -45.33888    34.9079    34.9242     4.4558     4.4561    27.6641    27.6770    5.94274    6.07573         23 0.0000e+00
      16557    689.824    311.000     4.4733   3.304183     4.4731   3.305570      95.84     0.0163     2.7911     2.4894  1.9710577  1.1847513   48.48238  -45.33888    34.9074    34.9239     4.4500     4.4498    27.6643    27.6774    5.93657    6.07016         26 0.0000e+00
      16582    690.894    312.000     4.4741   3.304357     4.4731   3.305605      64.01     0.0128     2.7895     2.4891  1.9706892  1.1850108   48.48238  -45.33888    34.9080    34.9237     4.4508     4.4497    27.6648    27.6774    5.93379    6.07665         25 0.0000e+00
      16606    691.872    313.000     4.4737   3.304368     4.4732   3.305692      77.86     0.0139     2.7885     2.4889  1.9706960  1.1844727   48.48238  -45.33888    34.9081    34.9242     4.4502     4.4497    27.6649    27.6777    5.94302    6.06419         22 0.0000e+00
      16627    692.751    314.000     4.4759   3.304685     4.4751   3.305955      95.66     0.0140     2.7889     2.4877  1.9706960  1.1843711   48.48238  -45.33888    34.9089    34.9246     4.4524     4.4516    27.6653    27.6779    5.95103    6.06210         21 0.0000e+00
      16648    693.605    315.000     4.4764   3.304806     4.4758   3.306121      95.65     0.0102     2.7891     2.4870  1.9706960  1.1843712   48.48238  -45.33888    34.9093    34.9253     4.4529     4.4522    27.6655    27.6783    5.95383    6.06350         21 0.0000e+00
      16669    694.498    316.000     4.4748   3.304689     4.4745   3.306043      78.14     0.0083     2.7896     2.4868  1.9706960  1.1843712   48.48238  -45.33888    34.9091    34.9253     4.4511     4.4508    27.6656    27.6785    5.96045    6.07369         22 0.0000e+00
      16691    695.435    317.000     4.4715   3.304396     4.4726   3.305926      94.84     0.0135     2.7910     2.4873  1.9706960  1.1843712   48.48238  -45.33888    34.9086    34.9254     4.4477     4.4497    27.6656    27.6788    5.97613    6.08808         22 0.0000e+00
      16714    696.358    318.000     4.4665   3.303980     4.4668   3.305411      94.77     0.0161     2.7925     2.4889  1.9706960  1.1843712   48.48238  -45.33888    34.9085    34.9250     4.4427     4.4447    27.6660    27.6791    5.97499    6.09817         22 0.0000e+00
      16735    697.234    319.000     4.4635   3.303808     4.4634   3.305198      85.52     0.0159     2.7933     2.4898  1.9705117  1.1843712   48.48238  -45.33888    34.9091    34.9255     4.4396     4.4395    27.6668    27.6799    5.96785    6.08558         20 0.0000e+00
      16756    698.119    320.000     4.4586   3.303365     4.4589   3.304846      73.81     0.0136     2.7928     2.4887  1.9694813  1.1843712   48.48238  -45.33888    34.9085    34.9256     4.4347     4.4350    27.6669    27.6804    5.95808    6.07180         23 0.0000e+00
      16780    699.136    321.000     4.4443   3.301991     4.4461   3.303614      49.57     0.0122     2.7923     2.4883  1.9697382  1.1841518   48.48238  -45.33888    34.9069    34.9241     4.4204     4.4221    27.6672    27.6806    5.97157    6.08357         27 0.0000e+00
      16813    700.481    322.000     4.4447   3.302170     4.4445   3.303534      83.21     0.0121     2.7936     2.4891  1.9706970  1.1831830   48.48238  -45.33888    34.9081    34.9243     4.4206     4.4205    27.6681    27.6810    5.98330    6.10386         36 0.0000e+00
      16846    701.871    323.000     4.4543   3.303234     4.4531   3.304449      87.11     0.0157     2.7953     2.4914  1.9706094  1.1821975   48.48239  -45.33888    34.9100    34.9255     4.4301     4.4289    27.6686    27.6810    5.98751    6.10948         29 0.0000e+00
      16870    702.858    324.000     4.4605   3.303939     4.4600   3.305233      95.41     0.0167     2.7960     2.4918  1.9706963  1.1819280   48.48240  -45.33887    34.9112    34.9269     4.4362     4.4357    27.6689    27.6814    5.98626    6.10014         20 0.0000e+00
      16888    703.626    325.000     4.4596   3.303901     4.4598   3.305309      71.09     0.0196     2.7971     2.4924  1.9690419  1.1819292   48.48240  -45.33886    34.9111    34.9274     4.4353     4.4355    27.6689    27.6819    5.98813    6.11015         17 0.0000e+00
      16905    704.314    326.000     4.4438   3.302363     4.4460   3.304072      94.48     0.0159     2.7967     2.4931  1.9682518  1.1819292   48.48240  -45.33886    34.9087    34.9272     4.4194     4.4228    27.6688    27.6832    5.99239    6.11690         16 0.0000e+00
      16921    705.010    327.000     4.4214   3.300146     4.4224   3.301817      95.58     0.0140     2.7978     2.4940  1.9682540  1.1819292   48.48240  -45.33886    34.9063    34.9248     4.3970     4.3981    27.6692    27.6839    5.99952    6.11196         18 0.0000e+00
      16940    705.793    328.000     4.4145   3.299523     4.4130   3.300833      95.60     0.0126     2.7982     2.4932  1.9692663  1.1828820   48.48241  -45.33886    34.9056    34.9227     4.3901     4.3885    27.6695    27.6832    6.00468    6.10764         20 0.0000e+00
      16964    706.797    329.000     4.4110   3.299191     4.4091   3.300449      79.83     0.0123     2.7993     2.4935  1.9694721  1.1829747   48.48242  -45.33885    34.9050    34.9217     4.3865     4.3846    27.6694    27.6829    6.00870    6.11819         28 0.0000e+00
      16993    707.982    330.000     4.4059   3.298717     4.4046   3.300038      94.58     0.0140     2.8004     2.4943  1.9694749  1.1788604   48.48242  -45.33884    34.9043    34.9210     4.3813     4.3800    27.6694    27.6828    6.01370    6.12476         27 0.0000e+00
      17018    709.038    331.000     4.4004   3.298241     4.4008   3.299727      85.21     0.0123     2.8010     2.4950  1.9694232  1.1784102   48.48242  -45.33884    34.9039    34.9210     4.3758     4.3761    27.6697    27.6833    6.00663    6.13303         24 0.0000e+00
      17040    709.945    332.000     4.3936   3.297624     4.3936   3.299073      64.43     0.0141     2.8008     2.4964  1.9682443  1.1782649   48.48242  -45.33886    34.9033    34.9203     4.3689     4.3689    27.6700    27.6835    6.00910    6.14169         20 0.0000e+00
      17060    710.794    333.000     4.3933   3.297666     4.3929   3.299034      93.81     0.0127     2.8010     2.4968  1.9682540  1.1782079   48.48242  -45.33886    34.9036    34.9201     4.3685     4.3681    27.6702    27.6834    6.00941    6.13227         21 0.0000e+00
      17082    711.691    334.000     4.3944   3.297859     4.3940   3.299235      94.52     0.0139     2.8010     2.4969  1.9673686  1.1765987   48.48242  -45.33886    34.9042    34.9208     4.3695     4.3691    27.6706    27.6838    6.01319    6.12552         23 0.0000e+00
      17109    712.853    335.000     4.3918   3.297652     4.3915   3.299048      80.58     0.0161     2.8012     2.4960  1.9671116  1.1760197   48.48242  -45.33886    34.9040    34.9206     4.3668     4.3666    27.6707    27.6840    6.00790    6.11637         33 0.0000e+00
      17142    714.228    336.000     4.3905   3.297572     4.3904   3.298974      95.29     0.0127     2.8007     2.4945  1.9682897  1.1758184   48.48242  -45.33886    34.9039    34.9204     4.3655     4.3654    27.6708    27.6839    6.00661    6.11534         30 0.0000e+00
      17168    715.278    337.000     4.3878   3.297353     4.3877   3.298768      84.11     0.0117     2.8004     2.4943  1.9677167  1.1758242   48.48242  -45.33886    34.9036    34.9204     4.3627     4.3626    27.6709    27.6842    6.01565    6.13604         21 0.0000e+00
      17187    716.071    338.000     4.3840   3.297029     4.3840   3.298479      82.70     0.0120     2.8009     2.4957  1.9657917  1.1758242   48.48242  -45.33886    34.9033    34.9203     4.3588     4.3589    27.6711    27.6845    6.02446    6.15247         18 0.0000e+00
      17204    716.773    339.000     4.3744   3.296126     4.3750   3.297687      93.03     0.0116     2.8017     2.4970  1.9658120  1.1758242   48.48242  -45.33886    34.9023    34.9199     4.3492     4.3499    27.6713    27.6853    6.02517    6.15070         16 0.0000e+00
      17221    717.489    340.000     4.3675   3.295506     4.3674   3.296965      17.80     0.0132     2.8016     2.4972  1.9658120  1.1752543   48.48242  -45.33886    34.9018    34.9189     4.3422     4.3422    27.6716    27.6853    6.02019    6.14119         19 0.0000e+00
      17242    718.385    341.000     4.3617   3.294982     4.3618   3.296451      74.96     0.0131     2.8015     2.4971  1.9658120  1.1746391   48.48243  -45.33886    34.9011    34.9183     4.3364     4.3365    27.6718    27.6854    6.02130    6.13897         26 0.0000e+00
      17275    719.736    342.000     4.3507   3.293953     4.3514   3.295482      92.42     0.0091     2.8015     2.4964  1.9657000  1.1729991   48.48244  -45.33886    34.9000    34.9174     4.3255     4.3260    27.6721    27.6858    6.01909    6.13369         34 0.0000e+00
      17303    720.913    343.000     4.3439   3.293330     4.3436   3.294751      86.82     0.0095     2.8007     2.4962  1.9655962  1.1721323   48.48244  -45.33886    34.8995    34.9165     4.3185     4.3182    27.6724    27.6859    6.02270    6.14767         23 0.0000e+00
      17322    721.708    344.000     4.3441   3.293416     4.3438   3.294803      67.39     0.0108     2.8009     2.4965  1.9648066  1.1714431   48.48244  -45.33886    34.8997    34.9163     4.3187     4.3184    27.6726    27.6858    6.02262    6.14145         17 0.0000e+00
      17338    722.393    345.000     4.3473   3.293807     4.3470   3.295125      95.55     0.0139     2.8004     2.4961  1.9645159  1.1710944   48.48244  -45.33886    34.9005    34.9163     4.3217     4.3214    27.6728    27.6854    6.01584    6.14204         16 0.0000e+00
      17355    723.096    346.000     4.3656   3.295803     4.3654   3.297068      95.50     0.0162     2.7997     2.4962  1.9645900  1.1712772   48.48244  -45.33886    34.9040    34.9188     4.3399     4.3397    27.6737    27.6854    6.01758    6.15163         18 0.0000e+00
      17377    723.981    347.000     4.3735   3.296644     4.3737   3.298034      90.12     0.0152     2.8003     2.4973  1.9641418  1.1698325   48.48244  -45.33886    34.9050    34.9212     4.3477     4.3479    27.6737    27.6864    6.02592    6.15184         26 0.0000e+00
      17411    725.407    348.000     4.3617   3.295494     4.3632   3.297116      86.80     0.0167     2.8006     2.4971  1.9638009  1.1702307   48.48244  -45.33886    34.9035    34.9209     4.3358     4.3374    27.6737    27.6874    6.02345    6.13915         39 0.0000e+00
      17444    726.779    349.000     4.3563   3.295014     4.3560   3.296399      94.53     0.0176     2.7997     2.4961  1.9629159  1.1709665   48.48244  -45.33886    34.9030    34.9195     4.3304     4.3301    27.6739    27.6871    6.01482    6.14298         26 0.0000e+00
