data/CTD/2013/CNV/D021A004.CNV
* Sea-Bird SBE 9 Data File:
* FileName = C:\CTD_ACQUISITION\2013021HUD\ctddata\021A004.hdr
* Software Version Seasave V 7.22.2
* Temperature SN = 5081
* Conductivity SN = 3561
* Number of Bytes Per Scan = 37
* Number of Voltage Words = 4
* Number of Scans Averaged by the Deck Unit = 1
* NMEA Latitude = 47 06.01 N
* NMEA Longitude = 047 16.83 W
* NMEA UTC (Time) = Jul 01 2013 09:01:01
* NMEA baud rate = 9600
** Ship: Hudson
** Cruise: HUD2013021
** Chief_Scientist: Greenan
** Organization: BIO
** Area_of_Operation: Sackville Spur
** Station: 4
** Sounding:  410
** Event_Comments: M1842    393105
# nquan = 25
# nvalues = 409                         
# units = specified
# name 0 = scan: Scan Count
# name 1 = timeS: Time, Elapsed [seconds]
# name 2 = prDM: Pressure, Digiquartz [db]
# name 3 = t068C: Temperature [ITS-68, deg C]
# name 4 = c0S/m: Conductivity [S/m]
# name 5 = t168C: Temperature, 2 [ITS-68, deg C]
# name 6 = c1S/m: Conductivity, 2 [S/m]
# name 7 = altM: Altimeter [m]
# name 8 = flCUVA: Fluorescence, Chelsea UV Aquatracka [ug/l]
# name 9 = sbeox0V: Oxygen raw, SBE 43 [V]
# name 10 = sbeox1V: Oxygen raw, SBE 43, 2 [V]
# name 11 = upoly0: Upoly 0, Optode 4330F - O2 D-Phase
# name 12 = upoly1: Upoly 1, Optode 4330F - O2 Temp
# name 13 = latitude: Latitude [deg]
# name 14 = longitude: Longitude [deg]
# name 15 = sal00: Salinity, Practical [PSU]
# name 16 = sal11: Salinity, Practical, 2 [PSU]
# name 17 = potemp068C: Potential Temperature [ITS-68, deg C]
# name 18 = potemp168C: Potential Temperature, 2 [ITS-68, deg C]
# name 19 = sigma-é00: Density [sigma-theta, Kg/m^3]
# name 20 = sigma-é11: Density, 2 [sigma-theta, Kg/m^3]
# name 21 = sbeox0ML/L: Oxygen, SBE 43 [ml/l], WS = 2
# name 22 = sbeox1ML/L: Oxygen, SBE 43, 2 [ml/l], WS = 2
# name 23 = nbin: number of scans per bin
# name 24 = flag: flag
# span 0 =       6700,      23124       
# span 1 =    279.118,    963.454       
# span 2 =      3.000,    411.000       
# span 3 =    -0.6922,     6.1852       
# span 4 =   2.700426,   3.227503       
# span 5 =    -0.6928,     6.1852       
# span 6 =   2.701417,   3.228751       
# span 7 =      -8.07,      98.78       
# span 8 =     0.0130,     0.1101       
# span 9 =     2.7410,     3.4489       
# span 10 =     2.4301,     3.0133      
# span 11 =  1.7125368,  2.0671682      
# span 12 =  0.5610160,  1.4090872      
# span 13 =   47.09941,   47.09998      
# span 14 =  -47.27948,  -47.27844      
# span 15 =    32.4656,    34.7316      
# span 16 =    32.4797,    34.7469      
# span 17 =    -0.6936,     6.1848      
# span 18 =    -0.6941,     6.1848      
# span 19 =    25.5279,    27.6139      
# span 20 =    25.5390,    27.6261      
# span 21 =    6.05199,    8.27367      
# span 22 =    6.16320,    7.87678      
# span 23 =         14,        119      
# span 24 = 0.0000e+00, 0.0000e+00      
# interval = decibars: 1                
# start_time = Jul 01 2013 09:01:01 [NMEA time, header]
# bad_flag = -9.990e-29
*END*
[from data line 290]
      18806    783.558    293.000     3.1202   3.155550     3.1200   3.156759      46.32     0.0190     2.8240     2.4896  1.9989678  1.0072247   47.09984  -47.27860    34.5792    34.5944     3.1017     3.1014    27.5399    27.5520    6.38903    6.25747         27 0.0000e+00
      18830    784.558    294.000     3.1254   3.156176     3.1256   3.157471      89.35     0.0205     2.8343     2.4875  1.9997216  1.0070328   47.09984  -47.27860    34.5808    34.5963     3.1068     3.1069    27.5407    27.5530    6.40746    6.26567         21 0.0000e+00
      18850    785.375    295.000     3.1324   3.156991     3.1325   3.158260      96.45     0.0213     2.8408     2.4865  2.0006423  1.0077113   47.09984  -47.27860    34.5826    34.5979     3.1137     3.1138    27.5415    27.5537    6.39951    6.26175         19 0.0000e+00
      18868    786.118    296.000     3.1420   3.158062     3.1406   3.159204      97.01     0.0196     2.8457     2.4851  2.0006464  1.0077566   47.09984  -47.27860    34.5849    34.6002     3.1232     3.1218    27.5424    27.5547    6.40595    6.25020         17 0.0000e+00
      18886    786.868    297.000     3.1649   3.160578     3.1639   3.161770      85.34     0.0207     2.8501     2.4834  1.9988610  1.0097482   47.09984  -47.27860    34.5904    34.6059     3.1459     3.1450    27.5447    27.5571    6.39765    6.24325         19 0.0000e+00
      18906    787.727    298.000     3.1831   3.162620     3.1833   3.163906      93.25     0.0193     2.8536     2.4820  1.9987806  1.0099747   47.09983  -47.27861    34.5951    34.6106     3.1641     3.1642    27.5467    27.5591    6.38644    6.24358         23 0.0000e+00
      18933    788.852    299.000     3.1872   3.163143     3.1871   3.164395      96.77     0.0185     2.8567     2.4807  1.9987789  1.0125712   47.09982  -47.27862    34.5966    34.6119     3.1681     3.1686    27.5476    27.5598    6.37916    6.23826         30 0.0000e+00
      18964    790.120    300.000     3.2008   3.164722     3.1983   3.165761      93.37     0.0187     2.8587     2.4786  1.9987789  1.0140189   47.09982  -47.27862    34.6006    34.6157     3.1816     3.1797    27.5495    27.5618    6.37100    6.22543         30 0.0000e+00
      18992    791.295    301.000     3.2200   3.166903     3.2202   3.168180      96.67     0.0172     2.8594     2.4761  1.9987789  1.0171579   47.09982  -47.27862    34.6060    34.6213     3.2007     3.2008    27.5520    27.5642    6.35276    6.21104         26 0.0000e+00
      19017    792.326    302.000     3.2221   3.167177     3.2223   3.168460      96.46     0.0182     2.8585     2.4741  2.0000675  1.0175579   47.09982  -47.27862    34.6066    34.6220     3.2026     3.2029    27.5523    27.5646    6.34226    6.21132         24 0.0000e+00
      19039    793.265    303.000     3.2244   3.167480     3.2248   3.168789      91.82     0.0209     2.8573     2.4728  2.0031886  1.0191540   47.09980  -47.27862    34.6073    34.6227     3.2049     3.2053    27.5526    27.5649    6.32961    6.21587         21 0.0000e+00
      19060    794.107    304.000     3.2267   3.167758     3.2260   3.168964      81.08     0.0248     2.8557     2.4722  2.0030522  1.0191087   47.09980  -47.27862    34.6077    34.6229     3.2072     3.2065    27.5528    27.5650    6.33062    6.21801         20 0.0000e+00
      19079    794.912    305.000     3.2292   3.168076     3.2289   3.169304      69.37     0.0226     2.8550     2.4716  2.0029566  1.0218980   47.09980  -47.27862    34.6082    34.6235     3.2096     3.2092    27.5529    27.5651    6.33086    6.21467         19 0.0000e+00
      19099    795.767    306.000     3.2332   3.168528     3.2336   3.169839      96.07     0.0221     2.8539     2.4707  2.0031073  1.0219778   47.09980  -47.27862    34.6089    34.6244     3.2134     3.2139    27.5531    27.5654    6.32079    6.20930         22 0.0000e+00
      19122    796.723    307.000     3.2364   3.168904     3.2359   3.170131      92.39     0.0213     2.8518     2.4697  2.0036595  1.0228375   47.09980  -47.27862    34.6094    34.6249     3.2166     3.2161    27.5532    27.5656    6.31589    6.20735         24 0.0000e+00
      19146    797.725    308.000     3.2377   3.169086     3.2378   3.170374      96.80     0.0193     2.8503     2.4686  2.0037138  1.0231978   47.09980  -47.27862    34.6097    34.6253     3.2179     3.2179    27.5534    27.5658    6.31847    6.20478         24 0.0000e+00
      19170    798.700    309.000     3.2402   3.169401     3.2404   3.170693      96.29     0.0207     2.8494     2.4680  2.0054007  1.0240413   47.09979  -47.27862    34.6104    34.6258     3.2203     3.2204    27.5536    27.5660    6.32171    6.20625         23 0.0000e+00
      19193    799.687    310.000     3.2404   3.169456     3.2404   3.170727      91.80     0.0199     2.8494     2.4669  2.0061047  1.0244199   47.09978  -47.27862    34.6103    34.6256     3.2204     3.2204    27.5535    27.5658    6.33711    6.20407         24 0.0000e+00
      19218    800.729    311.000     3.2447   3.169951     3.2467   3.171452      96.40     0.0217     2.8501     2.4666  2.0074668  1.0251244   47.09978  -47.27862    34.6112    34.6271     3.2246     3.2266    27.5539    27.5664    6.34679    6.20661         26 0.0000e+00
      19245    801.828    312.000     3.2582   3.171488     3.2593   3.172893      70.71     0.0214     2.8517     2.4662  2.0077529  1.0253150   47.09978  -47.27862    34.6148    34.6306     3.2380     3.2391    27.5555    27.5680    6.35359    6.21057         26 0.0000e+00
      19270    802.879    313.000     3.2681   3.172668     3.2671   3.173845      63.19     0.0206     2.8535     2.4666  2.0079129  1.0254953   47.09978  -47.27862    34.6180    34.6332     3.2478     3.2468    27.5571    27.5694    6.36748    6.21631         25 0.0000e+00
      19293    803.851    314.000     3.2712   3.173090     3.2710   3.174341      96.36     0.0209     2.8557     2.4670  2.0079365  1.0253086   47.09977  -47.27862    34.6192    34.6345     3.2508     3.2506    27.5578    27.5700    6.37421    6.21500         22 0.0000e+00
      19316    804.773    315.000     3.2720   3.173229     3.2718   3.174484      96.04     0.0205     2.8579     2.4672  2.0084431  1.0272588   47.09976  -47.27863    34.6194    34.6349     3.2516     3.2514    27.5579    27.5702    6.37514    6.22091         21 0.0000e+00
      19336    805.616    316.000     3.2761   3.173733     3.2760   3.174996      86.09     0.0249     2.8590     2.4681  2.0085487  1.0280956   47.09976  -47.27864    34.6207    34.6361     3.2556     3.2554    27.5585    27.5708    6.37277    6.22413         20 0.0000e+00
      19355    806.406    317.000     3.2811   3.174338     3.2809   3.175589      96.62     0.0255     2.8598     2.4683  2.0085471  1.0285906   47.09976  -47.27864    34.6221    34.6376     3.2605     3.2613    27.5592    27.5716    6.37346    6.22442         19 0.0000e+00
      19375    807.246    318.000     3.2904   3.175460     3.2899   3.176684      96.02     0.0228     2.8609     2.4691  2.0085471  1.0293916   47.09976  -47.27864    34.6252    34.6405     3.2697     3.2693    27.5608    27.5730    6.39806    6.23069         22 0.0000e+00
      19403    808.404    319.000     3.2931   3.175823     3.2929   3.177065      92.58     0.0207     2.8691     2.4704  2.0085471  1.0305079   47.09976  -47.27864    34.6261    34.6414     3.2724     3.2722    27.5613    27.5734    6.50992    6.23688         35 0.0000e+00
      19441    809.994    320.000     3.2943   3.175994     3.2943   3.177270      96.51     0.0226     2.8882     2.4716  2.0087230  1.0318966   47.09975  -47.27864    34.6265    34.6418     3.2735     3.2746    27.5614    27.5737    6.56557    6.23222         36 0.0000e+00
      19469    811.183    321.000     3.2947   3.176097     3.2949   3.177380      91.18     0.0252     2.8975     2.4720  2.0100296  1.0324868   47.09974  -47.27864    34.6267    34.6420     3.2738     3.2739    27.5616    27.5738    6.52403    6.23919         22 0.0000e+00
      19488    811.978    322.000     3.2967   3.176394     3.2966   3.177645      93.03     0.0253     2.8995     2.4729  2.0100570  1.0327586   47.09974  -47.27864    34.6274    34.6428     3.2758     3.2757    27.5620    27.5742    6.50220    6.24777         17 0.0000e+00
      19505    812.656    323.000     3.3038   3.177270     3.3031   3.178451      96.81     0.0262     2.9009     2.4738  2.0103831  1.0328153   47.09974  -47.27864    34.6300    34.6451     3.2828     3.2820    27.5634    27.5755    6.50619    6.24765         16 0.0000e+00
      19521    813.330    324.000     3.3132   3.178363     3.3132   3.179646      96.69     0.0238     2.9026     2.4743  2.0103428  1.0329663   47.09974  -47.27864    34.6327    34.6482     3.2920     3.2920    27.5647    27.5770    6.51519    6.24267         17 0.0000e+00
      19539    814.076    325.000     3.3196   3.179126     3.3202   3.180477      91.68     0.0219     2.9048     2.4746  2.0103464  1.0329671   47.09974  -47.27864    34.6345    34.6502     3.2984     3.3000    27.5655    27.5779    6.51376    6.24072         19 0.0000e+00
      19561    815.004    326.000     3.3285   3.180168     3.3286   3.181463      37.85     0.0230     2.9059     2.4749  2.0101473  1.0341201   47.09974  -47.27864    34.6371    34.6527     3.3072     3.3072    27.5667    27.5791    6.50285    6.24713         26 0.0000e+00
      19588    816.146    327.000     3.3374   3.181229     3.3372   3.182478      94.92     0.0243     2.9071     2.4763  2.0094192  1.0345805   47.09972  -47.27864    34.6399    34.6552     3.3160     3.3158    27.5681    27.5803    6.50321    6.25083         28 0.0000e+00
      19617    817.330    328.000     3.3407   3.181645     3.3416   3.183021      91.06     0.0253     2.9078     2.4766  2.0063658  1.0366603   47.09972  -47.27864    34.6409    34.6565     3.3192     3.3201    27.5686    27.5809    6.49267    6.24049         28 0.0000e+00
      19645    818.495    329.000     3.3488   3.182597     3.3472   3.183699      86.95     0.0249     2.9068     2.4766  2.0061481  1.0372170   47.09972  -47.27866    34.6432    34.6582     3.3272     3.3256    27.5696    27.5818    6.48567    6.24033         29 0.0000e+00
      19673    819.655    330.000     3.3541   3.183247     3.3540   3.184495      88.89     0.0228     2.9068     2.4765  2.0064359  1.0378560   47.09971  -47.27866    34.6448    34.6600     3.3325     3.3323    27.5704    27.5826    6.48935    6.23874         26 0.0000e+00
      19698    820.688    331.000     3.3556   3.183468     3.3553   3.184703      42.29     0.0219     2.9067     2.4763  2.0057187  1.0392060   47.09970  -47.27866    34.6453    34.6605     3.3339     3.3336    27.5707    27.5829    6.49500    6.23534         23 0.0000e+00
      19718    821.557    332.000     3.3569   3.183658     3.3568   3.184916      72.81     0.0220     2.9070     2.4759  2.0053270  1.0399854   47.09970  -47.27866    34.6457    34.6610     3.3351     3.3350    27.5709    27.5831    6.48781    6.23960         19 0.0000e+00
      19737    822.341    333.000     3.3625   3.184318     3.3626   3.185630      97.20     0.0228     2.9062     2.4764  2.0053339  1.0401665   47.09970  -47.27866    34.6472    34.6629     3.3406     3.3407    27.5716    27.5841    6.47684    6.24721         19 0.0000e+00
      19757    823.149    334.000     3.3687   3.185056     3.3686   3.186339      89.32     0.0229     2.9053     2.4767  2.0054626  1.0402904   47.09970  -47.27866    34.6489    34.6645     3.3467     3.3466    27.5724    27.5848    6.47115    6.24352         21 0.0000e+00
      19779    824.080    335.000     3.3726   3.185547     3.3730   3.186867      83.14     0.0231     2.9037     2.4767  2.0050972  1.0403923   47.09970  -47.27866    34.6501    34.6656     3.3505     3.3510    27.5729    27.5852    6.46275    6.24089         24 0.0000e+00
      19806    825.217    336.000     3.3723   3.185556     3.3720   3.186791      93.60     0.0190     2.9025     2.4766  2.0038214  1.0416079   47.09970  -47.27866    34.6500    34.6653     3.3502     3.3498    27.5729    27.5851    6.47205    6.24176         29 0.0000e+00
      19834    826.386    337.000     3.3785   3.186302     3.3779   3.187511      83.30     0.0152     2.9012     2.4765  2.0044305  1.0419943   47.09968  -47.27866    34.6518    34.6671     3.3563     3.3557    27.5737    27.5859    6.46687    6.23965         26 0.0000e+00
      19858    827.361    338.000     3.3804   3.186568     3.3804   3.187849      87.44     0.0145     2.9013     2.4765  2.0052786  1.0427405   47.09968  -47.27868    34.6525    34.6679     3.3581     3.3581    27.5741    27.5864    6.48642    6.24259         22 0.0000e+00
      19878    828.206    339.000     3.3824   3.186820     3.3824   3.188104      78.55     0.0150     2.9027     2.4765  2.0055258  1.0428632   47.09968  -47.27868    34.6529    34.6684     3.3600     3.3600    27.5743    27.5866    6.52310    6.24353         19 0.0000e+00
      19898    829.053    340.000     3.3838   3.187037     3.3835   3.188282      78.70     0.0178     2.9067     2.4767  2.0054400  1.0439445   47.09968  -47.27868    34.6534    34.6688     3.3614     3.3611    27.5745    27.5868    6.53744    6.24784         22 0.0000e+00
      19922    830.030    341.000     3.3855   3.187258     3.3855   3.188542      87.52     0.0199     2.9092     2.4769  2.0051291  1.0439560   47.09968  -47.27868    34.6538    34.6692     3.3630     3.3630    27.5746    27.5870    6.52436    6.24301         26 0.0000e+00
      19951    831.233    342.000     3.3890   3.187701     3.3887   3.188944      65.62     0.0185     2.9104     2.4763  2.0031676  1.0448956   47.09968  -47.27868    34.6548    34.6701     3.3664     3.3661    27.5751    27.5874    6.51482    6.23598         30 0.0000e+00
      19979    832.405    343.000     3.3918   3.188085     3.3918   3.189356      69.33     0.0153     2.9116     2.4760  2.0029743  1.0445330   47.09968  -47.27868    34.6559    34.6712     3.3692     3.3692    27.5757    27.5880    6.51932    6.24409         25 0.0000e+00
      20001    833.336    344.000     3.3923   3.188175     3.3921   3.189437      74.36     0.0177     2.9122     2.4764  2.0029655  1.0447124   47.09966  -47.27870    34.6560    34.6714     3.3695     3.3694    27.5758    27.5881    6.52452    6.24654         21 0.0000e+00
      20021    834.166    345.000     3.3938   3.188400     3.3937   3.189657      73.12     0.0175     2.9133     2.4762  2.0030503  1.0446893   47.09966  -47.27870    34.6566    34.6718     3.3709     3.3709    27.5761    27.5883    6.52066    6.23468         20 0.0000e+00
      20042    835.035    346.000     3.3980   3.188910     3.3974   3.190127      72.95     0.0171     2.9132     2.4752  2.0019240  1.0456990   47.09966  -47.27870    34.6577    34.6729     3.3751     3.3745    27.5766    27.5888    6.51142    6.23461         22 0.0000e+00
      20066    836.029    347.000     3.4009   3.189295     3.4005   3.190520      84.95     0.0226     2.9130     2.4752  2.0023866  1.0451362   47.09966  -47.27870    34.6587    34.6739     3.3779     3.3775    27.5771    27.5893    6.51584    6.24176         25 0.0000e+00
      20091    837.075    348.000     3.4055   3.189873     3.4047   3.191041      70.57     0.0255     2.9131     2.4755  2.0014722  1.0458066   47.09966  -47.27870    34.6601    34.6751     3.3825     3.3816    27.5778    27.5899    6.51684    6.25246         25 0.0000e+00
      20115    838.084    349.000     3.4052   3.189874     3.4052   3.191141      74.96     0.0249     2.9133     2.4765  2.0014865  1.0460267   47.09964  -47.27870    34.6600    34.6753     3.3821     3.3820    27.5777    27.5900    6.51914    6.25449         23 0.0000e+00
