data/CTD/2013/CNV/D021A041.CNV
* Sea-Bird SBE 9 Data File:
* FileName = C:\CTD_ACQUISITION\2013021HUD\ctddata\021A041.hdr
* Software Version Seasave V 7.22.2
* Temperature SN = 5081
* Conductivity SN = 3561
* Number of Bytes Per Scan = 37
* Number of Voltage Words = 4
* Number of Scans Averaged by the Deck Unit = 1
* NMEA Latitude = 48 32.65 N
* NMEA Longitude = 046 46.20 W
* NMEA UTC (Time) = Jul 04 2013 01:12:23
* NMEA baud rate = 9600
** Ship: Hudson
** Cruise: HUD2013021
** Chief_Scientist: Greenan
** Organization: BIO
** Area_of_Operation: Sackville Spur
** Station: 41
** Sounding:  1896
** Event_Comments: SS06  393182
# nquan = 25
# nvalues = 2472                        
# units = specified
# name 0 = scan: Scan Count
# name 1 = timeS: Time, Elapsed [seconds]
# name 2 = prDM: Pressure, Digiquartz [db]
# name 3 = t068C: Temperature [ITS-68, deg C]
# name 4 = c0S/m: Conductivity [S/m]
# name 5 = t168C: Temperature, 2 [ITS-68, deg C]
# name 6 = c1S/m: Conductivity, 2 [S/m]
# name 7 = altM: Altimeter [m]
# name 8 = flCUVA: Fluorescence, Chelsea UV Aquatracka [ug/l]
# name 9 = sbeox0V: Oxygen raw, SBE 43 [V]
# name 10 = sbeox1V: Oxygen raw, SBE 43, 2 [V]
# name 11 = upoly0: Upoly 0, Optode 4330F - O2 D-Phase
# name 12 = upoly1: Upoly 1, Optode 4330F - O2 Temp
# name 13 = latitude: Latitude [deg]
# name 14 = longitude: Longitude [deg]
# name 15 = sal00: Salinity, Practical [PSU]
# name 16 = sal11: Salinity, Practical, 2 [PSU]
# name 17 = potemp068C: Potential Temperature [ITS-68, deg C]
# name 18 = potemp168C: Potential Temperature, 2 [ITS-68, deg C]
# name 19 = sigma-é00: Density [sigma-theta, Kg/m^3]
# name 20 = sigma-é11: Density, 2 [sigma-theta, Kg/m^3]
# name 21 = sbeox0ML/L: Oxygen, SBE 43 [ml/l], WS = 2
# name 22 = sbeox1ML/L: Oxygen, SBE 43, 2 [ml/l], WS = 2
# name 23 = nbin: number of scans per bin
# name 24 = flag: flag
# span 0 =       8176,      63486       
# span 1 =    340.638,   2645.193       
# span 2 =      3.000,   2474.000       
# span 3 =     2.6812,     7.4698       
# span 4 =   3.125356,   3.456177       
# span 5 =     2.6802,     7.4704       
# span 6 =   3.126706,   3.457646       
# span 7 =       3.29,     103.75       
# span 8 =     0.0050,     0.1633       
# span 9 =     2.1859,     3.3275       
# span 10 =     1.9662,     2.9759      
# span 11 =  1.7129617,  2.1098694      
# span 12 =  0.9597042,  1.5638924      
# span 13 =   48.54318,   48.54418      
# span 14 =  -46.77346,  -46.76956      
# span 15 =    33.7354,    34.9454      
# span 16 =    33.7506,    34.9388      
# span 17 =     2.4905,     7.4689      
# span 18 =     2.4894,     7.4695      
# span 19 =    26.3576,    27.8635      
# span 20 =    26.3695,    27.8773      
# span 21 =    5.86238,    7.02641      
# span 22 =    6.07419,    7.15290      
# span 23 =          6,         97      
# span 24 = 0.0000e+00, 0.0000e+00      
# interval = decibars: 1                
# start_time = Jul 04 2013 01:12:23 [NMEA time, header]
# bad_flag = -9.990e-29
*END*
[from data line 290]
      16729    697.009    293.000     3.9422   3.251871     3.9419   3.253227      93.78     0.0144     2.8511     2.5606  1.9488325  1.1157006   48.54404  -46.77002    34.8612    34.8777     3.9215     3.9213    27.6841    27.6972    6.19028    6.36383         21 0.0000e+00
      16757    698.156    294.000     3.9428   3.251963     3.9427   3.253337      95.05     0.0110     2.8503     2.5603  1.9507463  1.1158475   48.54404  -46.77002    34.8612    34.8776     3.9220     3.9220    27.6840    27.6971    6.18353    6.36462         34 0.0000e+00
      16791    699.563    295.000     3.9453   3.252279     3.9445   3.253570      93.21     0.0109     2.8495     2.5602  1.9507359  1.1163108   48.54404  -46.77002    34.8616    34.8778     3.9246     3.9238    27.6841    27.6971    6.18024    6.36621         29 0.0000e+00
      16814    700.561    296.000     3.9481   3.252638     3.9478   3.253985      96.84     0.0124     2.8484     2.5601  1.9499071  1.1168087   48.54404  -46.77002    34.8625    34.8788     3.9272     3.9270    27.6845    27.6975    6.17803    6.35582         20 0.0000e+00
      16832    701.300    297.000     3.9504   3.252953     3.9503   3.254321      96.74     0.0127     2.8480     2.5587  1.9499389  1.1165673   48.54404  -46.77002    34.8632    34.8796     3.9295     3.9294    27.6848    27.6979    6.18063    6.34963         17 0.0000e+00
      16848    701.977    298.000     3.9509   3.253056     3.9508   3.254431      96.74     0.0175     2.8480     2.5583  1.9499389  1.1172136   48.54404  -46.77003    34.8634    34.8798     3.9299     3.9298    27.6849    27.6980    6.18173    6.35650         16 0.0000e+00
      16865    702.677    299.000     3.9514   3.253154     3.9513   3.254525      96.74     0.0174     2.8477     2.5581  1.9499389  1.1172161   48.54403  -46.77004    34.8635    34.8799     3.9303     3.9302    27.6850    27.6980    6.18376    6.36208         18 0.0000e+00
      16884    703.463    300.000     3.9519   3.253258     3.9519   3.254635      96.70     0.0141     2.8475     2.5583  1.9498193  1.1172161   48.54402  -46.77004    34.8636    34.8800     3.9308     3.9307    27.6850    27.6981    6.18425    6.36773         20 0.0000e+00
      16905    704.328    301.000     3.9526   3.253372     3.9525   3.254746      96.68     0.0166     2.8474     2.5586  1.9494181  1.1172161   48.54402  -46.77004    34.8637    34.8802     3.9313     3.9312    27.6851    27.6982    6.18382    6.36631         21 0.0000e+00
      16926    705.196    302.000     3.9531   3.253476     3.9532   3.254869      96.75     0.0165     2.8472     2.5583  1.9496975  1.1172161   48.54402  -46.77004    34.8639    34.8803     3.9318     3.9319    27.6851    27.6982    6.18519    6.35981         20 0.0000e+00
      16946    706.055    303.000     3.9544   3.253659     3.9541   3.255014      96.67     0.0161     2.8470     2.5578  1.9498837  1.1178067   48.54402  -46.77004    34.8641    34.8806     3.9330     3.9327    27.6852    27.6983    6.18717    6.35970         21 0.0000e+00
      16968    706.944    304.000     3.9558   3.253857     3.9558   3.255237      96.70     0.0150     2.8469     2.5577  1.9499393  1.1177709   48.54402  -46.77004    34.8644    34.8809     3.9344     3.9343    27.6853    27.6984    6.18005    6.36601         22 0.0000e+00
      16990    707.890    305.000     3.9590   3.254245     3.9588   3.255619      96.67     0.0179     2.8465     2.5577  1.9490762  1.1183398   48.54402  -46.77004    34.8652    34.8817     3.9374     3.9372    27.6856    27.6987    6.18378    6.36601         23 0.0000e+00
      17013    708.836    306.000     3.9609   3.254503     3.9605   3.255851      96.56     0.0172     2.8464     2.5578  1.9487088  1.1184398   48.54402  -46.77004    34.8657    34.8821     3.9392     3.9389    27.6858    27.6989    6.18811    6.35897         22 0.0000e+00
      17034    709.714    307.000     3.9608   3.254568     3.9609   3.255948      96.62     0.0162     2.8466     2.5569  1.9487180  1.1186711   48.54401  -46.77004    34.8659    34.8823     3.9391     3.9392    27.6860    27.6990    6.18666    6.36012         21 0.0000e+00
      17054    710.536    308.000     3.9605   3.254583     3.9607   3.255986      96.54     0.0137     2.8463     2.5571  1.9487180  1.1185665   48.54400  -46.77004    34.8659    34.8824     3.9387     3.9389    27.6861    27.6991    6.19047    6.36642         19 0.0000e+00
      17073    711.336    309.000     3.9606   3.254652     3.9606   3.256030      96.49     0.0181     2.8468     2.5571  1.9487824  1.1186947   48.54400  -46.77004    34.8662    34.8826     3.9387     3.9387    27.6862    27.6993    6.19563    6.36989         19 0.0000e+00
      17093    712.160    310.000     3.9635   3.255010     3.9633   3.256379      95.58     0.0196     2.8470     2.5575  1.9499303  1.1197087   48.54400  -46.77004    34.8668    34.8833     3.9415     3.9422    27.6865    27.6996    6.19520    6.37514         21 0.0000e+00
      17114    713.028    311.000     3.9641   3.255116     3.9640   3.256493      95.26     0.0177     2.8478     2.5580  1.9499389  1.1198879   48.54400  -46.77004    34.8669    34.8833     3.9421     3.9420    27.6865    27.6996    6.20241    6.37522         21 0.0000e+00
      17135    713.899    312.000     3.9641   3.255177     3.9641   3.256548      95.23     0.0149     2.8480     2.5583  1.9499389  1.1200250   48.54400  -46.77004    34.8670    34.8833     3.9421     3.9421    27.6865    27.6995    6.19945    6.37357         20 0.0000e+00
      17154    714.728    313.000     3.9643   3.255244     3.9643   3.256624      95.59     0.0140     2.8483     2.5582  1.9499389  1.1198415   48.54400  -46.77004    34.8670    34.8835     3.9422     3.9421    27.6866    27.6997    6.20485    6.37153         20 0.0000e+00
      17174    715.533    314.000     3.9647   3.255356     3.9646   3.256727      95.17     0.0167     2.8493     2.5582  1.9499389  1.1200415   48.54400  -46.77004    34.8674    34.8838     3.9425     3.9424    27.6868    27.6999    6.20925    6.37365         19 0.0000e+00
      17193    716.341    315.000     3.9659   3.255574     3.9656   3.256926      95.78     0.0154     2.8499     2.5582  1.9499389  1.1200848   48.54400  -46.77004    34.8683    34.8846     3.9436     3.9433    27.6874    27.7005    6.21084    6.37364         20 0.0000e+00
      17213    717.178    316.000     3.9673   3.255810     3.9671   3.257180      95.80     0.0143     2.8501     2.5582  1.9499389  1.1200252   48.54398  -46.77004    34.8690    34.8855     3.9449     3.9447    27.6879    27.7010    6.20528    6.37371         20 0.0000e+00
      17235    718.092    317.000     3.9679   3.255950     3.9678   3.257322      96.52     0.0129     2.8498     2.5582  1.9502904  1.1202153   48.54398  -46.77004    34.8695    34.8859     3.9454     3.9453    27.6882    27.7013    6.19536    6.37311         24 0.0000e+00
      17259    719.096    318.000     3.9680   3.256031     3.9680   3.257401      66.76     0.0115     2.8494     2.5577  1.9503959  1.1201168   48.54398  -46.77004    34.8698    34.8861     3.9455     3.9463    27.6884    27.7014    6.19983    6.36286         24 0.0000e+00
      17282    720.036    319.000     3.9681   3.256087     3.9680   3.257457      96.56     0.0156     2.8489     2.5566  1.9504619  1.1201811   48.54398  -46.77004    34.8698    34.8862     3.9455     3.9454    27.6885    27.7015    6.20252    6.36313         21 0.0000e+00
      17302    720.859    320.000     3.9681   3.256145     3.9681   3.257518      96.35     0.0175     2.8495     2.5564  1.9505500  1.1204058   48.54398  -46.77005    34.8701    34.8863     3.9455     3.9454    27.6886    27.7016    6.20512    6.36818         18 0.0000e+00
      17320    721.624    321.000     3.9680   3.256178     3.9679   3.257571      96.21     0.0146     2.8489     2.5561  1.9502608  1.1204293   48.54398  -46.77006    34.8701    34.8866     3.9453     3.9452    27.6887    27.7018    6.20115    6.36565         19 0.0000e+00
      17339    722.410    322.000     3.9679   3.256230     3.9678   3.257603      96.27     0.0164     2.8485     2.5557  1.9499415  1.1207480   48.54398  -46.77006    34.8701    34.8866     3.9451     3.9449    27.6887    27.7019    6.20413    6.36626         19 0.0000e+00
      17360    723.303    323.000     3.9679   3.256269     3.9677   3.257647      96.30     0.0172     2.8488     2.5553  1.9499389  1.1205758   48.54398  -46.77006    34.8701    34.8866     3.9450     3.9448    27.6887    27.7019    6.19891    6.36361         24 0.0000e+00
      17385    724.330    324.000     3.9677   3.256309     3.9678   3.257693      96.26     0.0119     2.8475     2.5546  1.9499389  1.1206834   48.54396  -46.77004    34.8702    34.8866     3.9448     3.9448    27.6888    27.7019    6.19169    6.36932         25 0.0000e+00
      17408    725.286    325.000     3.9674   3.256332     3.9674   3.257714      96.30     0.0144     2.8468     2.5552  1.9498811  1.1205890   48.54396  -46.77004    34.8703    34.8867     3.9443     3.9444    27.6890    27.7020    6.19555    6.37581         21 0.0000e+00
      17427    726.092    326.000     3.9673   3.256368     3.9673   3.257756      96.35     0.0138     2.8466     2.5551  1.9475312  1.1208750   48.54396  -46.77006    34.8702    34.8868     3.9442     3.9441    27.6889    27.7021    6.19607    6.37556         18 0.0000e+00
      17445    726.845    327.000     3.9673   3.256422     3.9672   3.257800      96.19     0.0166     2.8464     2.5555  1.9474969  1.1207451   48.54396  -46.77006    34.8704    34.8868     3.9441     3.9440    27.6890    27.7021    6.19888    6.37895         18 0.0000e+00
      17464    727.641    328.000     3.9673   3.256457     3.9672   3.257839      96.11     0.0159     2.8458     2.5555  1.9474969  1.1206963   48.54396  -46.77006    34.8703    34.8868     3.9440     3.9439    27.6890    27.7021    6.20428    6.37472         20 0.0000e+00
      17486    728.552    329.000     3.9672   3.256497     3.9671   3.257870      96.17     0.0175     2.8466     2.5554  1.9474969  1.1205053   48.54396  -46.77006    34.8703    34.8867     3.9439     3.9438    27.6890    27.7021    6.20183    6.37710         23 0.0000e+00
      17508    729.466    330.000     3.9668   3.256507     3.9667   3.257882      95.60     0.0149     2.8458     2.5557  1.9474969  1.1207064   48.54396  -46.77006    34.8703    34.8867     3.9434     3.9433    27.6891    27.7021    6.20900    6.38290         21 0.0000e+00
      17527    730.269    331.000     3.9667   3.256542     3.9666   3.257919      96.03     0.0144     2.8471     2.5559  1.9474969  1.1207434   48.54396  -46.77006    34.8703    34.8868     3.9432     3.9431    27.6891    27.7022    6.21104    6.38211         18 0.0000e+00
      17545    731.007    332.000     3.9661   3.256543     3.9660   3.257922      96.31     0.0101     2.8466     2.5559  1.9474969  1.1207435   48.54395  -46.77006    34.8704    34.8869     3.9425     3.9425    27.6892    27.7023    6.19643    6.38208         18 0.0000e+00
      17563    731.762    333.000     3.9662   3.256592     3.9661   3.257971      96.70     0.0113     2.8456     2.5561  1.9482342  1.1207435   48.54394  -46.77006    34.8704    34.8869     3.9425     3.9424    27.6892    27.7023    6.19739    6.38206         18 0.0000e+00
      17584    732.635    334.000     3.9660   3.256622     3.9660   3.258012      71.89     0.0137     2.8454     2.5560  1.9487120  1.1208272   48.54394  -46.77006    34.8703    34.8869     3.9423     3.9423    27.6892    27.7023    6.19577    6.37844         24 0.0000e+00
      17610    733.700    335.000     3.9654   3.256616     3.9653   3.257997      64.80     0.0135     2.8443     2.5554  1.9480528  1.1207372   48.54394  -46.77006    34.8704    34.8869     3.9416     3.9415    27.6893    27.7025    6.19891    6.37371         26 0.0000e+00
      17634    734.715    336.000     3.9653   3.256662     3.9652   3.258035      96.74     0.0162     2.8443     2.5547  1.9474813  1.1205978   48.54394  -46.77006    34.8705    34.8870     3.9414     3.9413    27.6894    27.7025    6.19844    6.36791         22 0.0000e+00
      17655    735.578    337.000     3.9653   3.256711     3.9652   3.258094      96.72     0.0169     2.8439     2.5536  1.9478695  1.1205734   48.54394  -46.77006    34.8706    34.8871     3.9413     3.9413    27.6895    27.7026    6.20603    6.37855         20 0.0000e+00
      17674    736.396    338.000     3.9653   3.256768     3.9652   3.258146      96.64     0.0145     2.8446     2.5546  1.9486568  1.1206959   48.54394  -46.77006    34.8707    34.8872     3.9413     3.9422    27.6896    27.7027    6.21080    6.39555         20 0.0000e+00
      17696    737.281    339.000     3.9653   3.256811     3.9652   3.258196      94.55     0.0174     2.8442     2.5554  1.9486123  1.1207197   48.54394  -46.77006    34.8707    34.8872     3.9412     3.9412    27.6895    27.7027    6.21067    6.38978         23 0.0000e+00
      17719    738.253    340.000     3.9642   3.256772     3.9641   3.258141      95.70     0.0172     2.8458     2.5555  1.9474932  1.1207732   48.54392  -46.77008    34.8708    34.8873     3.9401     3.9399    27.6898    27.7029    6.21869    6.38990         23 0.0000e+00
      17740    739.135    341.000     3.9633   3.256736     3.9630   3.258102      45.62     0.0146     2.8446     2.5556  1.9474969  1.1204903   48.54392  -46.77008    34.8708    34.8873     3.9391     3.9388    27.6899    27.7031    6.20345    6.38574         19 0.0000e+00
      17758    739.894    342.000     3.9608   3.256574     3.9609   3.257980      69.20     0.0153     2.8454     2.5556  1.9484441  1.1205399   48.54392  -46.77008    34.8711    34.8876     3.9365     3.9366    27.6903    27.7036    6.21511    6.38734         18 0.0000e+00
      17775    740.601    343.000     3.9604   3.256679     3.9602   3.258044      91.70     0.0168     2.8455     2.5554  1.9487169  1.1203457   48.54392  -46.77008    34.8721    34.8886     3.9361     3.9359    27.6912    27.7044    6.21012    6.38935         16 0.0000e+00
      17793    741.316    344.000     3.9613   3.256870     3.9612   3.258241      96.20     0.0150     2.8448     2.5555  1.9487180  1.1205410   48.54392  -46.77006    34.8730    34.8894     3.9369     3.9367    27.6918    27.7049    6.20159    6.38951         18 0.0000e+00
      17812    742.130    345.000     3.9612   3.256915     3.9611   3.258298      90.17     0.0146     2.8438     2.5553  1.9487180  1.1199473   48.54390  -46.77006    34.8730    34.8896     3.9367     3.9366    27.6919    27.7051    6.20298    6.38874         22 0.0000e+00
      17837    743.168    346.000     3.9613   3.256969     3.9612   3.258351      92.03     0.0132     2.8440     2.5554  1.9486727  1.1199747   48.54390  -46.77008    34.8731    34.8895     3.9367     3.9367    27.6919    27.7050    6.21289    6.39068         27 0.0000e+00
      17863    744.250    347.000     3.9611   3.257017     3.9610   3.258400      94.21     0.0108     2.8439     2.5553  1.9472141  1.1199632   48.54390  -46.77008    34.8732    34.8898     3.9365     3.9364    27.6921    27.7053    6.20636    6.39271         24 0.0000e+00
      17885    745.156    348.000     3.9613   3.257143     3.9612   3.258503      95.53     0.0125     2.8431     2.5554  1.9471294  1.1197783   48.54390  -46.77008    34.8740    34.8903     3.9366     3.9365    27.6927    27.7056    6.20655    6.39373         20 0.0000e+00
      17904    745.944    349.000     3.9614   3.257224     3.9614   3.258597      95.64     0.0140     2.8430     2.5554  1.9474999  1.1199306   48.54390  -46.77008    34.8744    34.8907     3.9366     3.9366    27.6930    27.7060    6.20904    6.38820         18 0.0000e+00
