data/CTD/2013/CNV/D021A017.CNV
* Sea-Bird SBE 9 Data File:
* FileName = C:\CTD_ACQUISITION\2013021HUD\ctddata\021A017.hdr
* Software Version Seasave V 7.22.2
* Temperature SN = 5081
* Conductivity SN = 3561
* Number of Bytes Per Scan = 37
* Number of Voltage Words = 4
* Number of Scans Averaged by the Deck Unit = 1
* NMEA Latitude = 46 59.99 N
* NMEA Longitude = 046 50.02 W
* NMEA UTC (Time) = Jul 02 2013 02:27:57
* NMEA baud rate = 9600
** Ship: Hudson
** Cruise: HUD2013021
** Chief_Scientist: Greenan
** Organization: BIO
** Area_of_Operation: Sackville Spur
** Station: 17
** Sounding:  1194
** Event_Comments: FC18  393121
# nquan = 25
# nvalues = 1183                        
# units = specified
# name 0 = scan: Scan Count
# name 1 = timeS: Time, Elapsed [seconds]
# name 2 = prDM: Pressure, Digiquartz [db]
# name 3 = t068C: Temperature [ITS-68, deg C]
# name 4 = c0S/m: Conductivity [S/m]
# name 5 = t168C: Temperature, 2 [ITS-68, deg C]
# name 6 = c1S/m: Conductivity, 2 [S/m]
# name 7 = altM: Altimeter [m]
# name 8 = flCUVA: Fluorescence, Chelsea UV Aquatracka [ug/l]
# name 9 = sbeox0V: Oxygen raw, SBE 43 [V]
# name 10 = sbeox1V: Oxygen raw, SBE 43, 2 [V]
# name 11 = upoly0: Upoly 0, Optode 4330F - O2 D-Phase
# name 12 = upoly1: Upoly 1, Optode 4330F - O2 Temp
# name 13 = latitude: Latitude [deg]
# name 14 = longitude: Longitude [deg]
# name 15 = sal00: Salinity, Practical [PSU]
# name 16 = sal11: Salinity, Practical, 2 [PSU]
# name 17 = potemp068C: Potential Temperature [ITS-68, deg C]
# name 18 = potemp168C: Potential Temperature, 2 [ITS-68, deg C]
# name 19 = sigma-é00: Density [sigma-theta, Kg/m^3]
# name 20 = sigma-é11: Density, 2 [sigma-theta, Kg/m^3]
# name 21 = sbeox0ML/L: Oxygen, SBE 43 [ml/l], WS = 2
# name 22 = sbeox1ML/L: Oxygen, SBE 43, 2 [ml/l], WS = 2
# name 23 = nbin: number of scans per bin
# name 24 = flag: flag
# span 0 =       8764,      38295       
# span 1 =    365.138,   1595.600       
# span 2 =      1.000,   1183.000       
# span 3 =     0.9564,     6.1329       
# span 4 =   2.856177,   3.329182       
# span 5 =     0.9571,     6.1324       
# span 6 =   2.857717,   3.330497       
# span 7 =       5.44,      99.43       
# span 8 =     0.0049,     0.3983       
# span 9 =     2.4904,     3.3689       
# span 10 =     2.2397,     3.0041      
# span 11 =  1.7240636,  2.0412579      
# span 12 =  0.7788575,  1.3956007      
# span 13 =   46.99948,   46.99988      
# span 14 =  -46.83484,  -46.83358      
# span 15 =    32.8167,    34.9219      
# span 16 =    32.8319,    34.9369      
# span 17 =     0.9542,     6.1324      
# span 18 =     0.9550,     6.1321      
# span 19 =    25.8123,    27.7583      
# span 20 =    25.8238,    27.7710      
# span 21 =    5.60444,    7.74148      
# span 22 =    5.80229,    7.93156      
# span 23 =         10,         97      
# span 24 = 0.0000e+00, 0.0000e+00      
# interval = decibars: 1                
# start_time = Jul 02 2013 02:27:57 [NMEA time, header]
# bad_flag = -9.990e-29
*END*
[from data line 812]
      29359   1223.244    813.000     3.9847   3.282033     3.9846   3.283337      96.42     0.0150     2.6870     2.4146  1.9702448  1.1208318   46.99978  -46.83482    34.8993    34.9149     3.9239     3.9238    27.7142    27.7266    6.12533    6.31364         26 0.0000e+00
      29382   1224.194    814.000     3.9855   3.282163     3.9853   3.283453      96.61     0.0145     2.6871     2.4143  1.9693022  1.1208795   46.99978  -46.83482    34.8995    34.9150     3.9246     3.9244    27.7143    27.7266    6.12545    6.32091         22 0.0000e+00
      29403   1225.083    815.000     3.9847   3.282122     3.9846   3.283429      96.84     0.0124     2.6869     2.4148  1.9697964  1.1212587   46.99978  -46.83482    34.8994    34.9150     3.9237     3.9236    27.7143    27.7267    6.12520    6.32860         22 0.0000e+00
      29428   1226.117    816.000     3.9806   3.281762     3.9807   3.283083      97.01     0.0163     2.6869     2.4150  1.9709677  1.1220767   46.99978  -46.83482    34.8988    34.9146     3.9196     3.9230    27.7142    27.7268    6.12942    6.32420         28 0.0000e+00
      29457   1227.351    817.000     3.9751   3.281254     3.9749   3.282562      96.73     0.0158     2.6871     2.4149  1.9696050  1.1222353   46.99978  -46.83482    34.8982    34.9139     3.9140     3.9137    27.7143    27.7268    6.12727    6.32153         28 0.0000e+00
      29481   1228.325    818.000     3.9725   3.281047     3.9724   3.282365      97.01     0.0197     2.6867     2.4146  1.9688048  1.1222286   46.99978  -46.83482    34.8980    34.9137     3.9114     3.9113    27.7144    27.7269    6.12303    6.32253         19 0.0000e+00
      29498   1229.031    819.000     3.9693   3.280777     3.9694   3.282125      96.83     0.0209     2.6863     2.4143  1.9690971  1.1224079   46.99978  -46.83482    34.8977    34.9135     3.9081     3.9082    27.7145    27.7271    6.12482    6.32734         16 0.0000e+00
      29513   1229.662    820.000     3.9684   3.280737     3.9681   3.282040      96.90     0.0158     2.6861     2.4146  1.9694723  1.1221021   46.99978  -46.83482    34.8977    34.9134     3.9071     3.9068    27.7146    27.7272    6.13237    6.33124         15 0.0000e+00
      29528   1230.300    821.000     3.9657   3.280488     3.9654   3.281803      96.76     0.0127     2.6864     2.4146  1.9694749  1.1221001   46.99978  -46.83482    34.8971    34.9129     3.9043     3.9041    27.7144    27.7270    6.13152    6.33141         16 0.0000e+00
      29547   1231.064    822.000     3.9627   3.280240     3.9625   3.281554      96.68     0.0156     2.6859     2.4147  1.9694749  1.1217840   46.99978  -46.83482    34.8968    34.9126     3.9013     3.9011    27.7145    27.7271    6.12585    6.33284         22 0.0000e+00
      29579   1232.436    823.000     3.9614   3.280145     3.9612   3.281459      84.18     0.0161     2.6855     2.4146  1.9694749  1.1208659   46.99978  -46.83482    34.8966    34.9123     3.8999     3.8997    27.7145    27.7270    6.12540    6.32429         41 0.0000e+00
      29611   1233.739    824.000     3.9608   3.280144     3.9597   3.281360      95.59     0.0149     2.6844     2.4132  1.9707848  1.1208792   46.99978  -46.83482    34.8966    34.9122     3.8992     3.8981    27.7146    27.7270    6.11791    6.30672         21 0.0000e+00
      29628   1234.478    825.000     3.9596   3.280058     3.9589   3.281324      95.41     0.0168     2.6842     2.4121  1.9707723  1.1208792   46.99978  -46.83482    34.8964    34.9120     3.8980     3.8973    27.7145    27.7270    6.12261    6.30558         16 0.0000e+00
      29644   1235.135    826.000     3.9584   3.279988     3.9580   3.281279      95.67     0.0198     2.6833     2.4112  1.9708474  1.1207290   46.99978  -46.83480    34.8962    34.9120     3.8967     3.8963    27.7145    27.7271    6.12651    6.31056         16 0.0000e+00
      29661   1235.814    827.000     3.9582   3.280007     3.9577   3.281300      96.82     0.0191     2.6838     2.4109  1.9709096  1.1208749   46.99978  -46.83480    34.8962    34.9120     3.8964     3.8959    27.7146    27.7272    6.12675    6.31686         17 0.0000e+00
      29680   1236.612    828.000     3.9572   3.279952     3.9567   3.281245      95.86     0.0153     2.6830     2.4105  1.9715025  1.1208792   46.99978  -46.83480    34.8961    34.9119     3.8953     3.8949    27.7146    27.7272    6.12461    6.31651         22 0.0000e+00
      29706   1237.701    829.000     3.9573   3.280007     3.9570   3.281316      96.65     0.0126     2.6828     2.4101  1.9713289  1.1198752   46.99978  -46.83480    34.8961    34.9119     3.8953     3.8951    27.7146    27.7271    6.12173    6.31997         29 0.0000e+00
      29732   1238.801    830.000     3.9575   3.280074     3.9572   3.281377      96.58     0.0123     2.6823     2.4101  1.9713629  1.1196522   46.99978  -46.83480    34.8961    34.9119     3.8956     3.8952    27.7146    27.7271    6.12273    6.32759         22 0.0000e+00
      29751   1239.597    831.000     3.9537   3.279734     3.9534   3.281036      96.54     0.0141     2.6815     2.4105  1.9695171  1.1196581   46.99978  -46.83480    34.8957    34.9114     3.8916     3.8913    27.7146    27.7271    6.11907    6.33484         17 0.0000e+00
      29768   1240.302    832.000     3.9551   3.279935     3.9546   3.281217      96.63     0.0161     2.6813     2.4110  1.9692552  1.1196581   46.99978  -46.83480    34.8961    34.9117     3.8929     3.8924    27.7148    27.7273    6.12364    6.34089         17 0.0000e+00
      29786   1241.037    833.000     3.9561   3.280092     3.9556   3.281362      96.82     0.0135     2.6811     2.4116  1.9694097  1.1196581   46.99978  -46.83480    34.8964    34.9119     3.8938     3.8960    27.7149    27.7273    6.12840    6.33889         19 0.0000e+00
      29808   1241.964    834.000     3.9539   3.279902     3.9537   3.281223      95.45     0.0132     2.6815     2.4118  1.9694725  1.1196581   46.99978  -46.83480    34.8959    34.9118     3.8915     3.8914    27.7148    27.7274    6.13162    6.33025         27 0.0000e+00
      29839   1243.267    835.000     3.9518   3.279748     3.9515   3.281052      95.07     0.0134     2.6815     2.4111  1.9700255  1.1196581   46.99978  -46.83480    34.8958    34.9115     3.8894     3.8908    27.7149    27.7274    6.13121    6.32689         32 0.0000e+00
      29866   1244.377    836.000     3.9515   3.279768     3.9512   3.281071      95.37     0.0173     2.6810     2.4110  1.9706533  1.1196581   46.99978  -46.83480    34.8958    34.9116     3.8891     3.8887    27.7150    27.7275    6.11800    6.32995         22 0.0000e+00
      29885   1245.174    837.000     3.9511   3.279777     3.9508   3.281084      94.92     0.0215     2.6801     2.4108  1.9706964  1.1196581   46.99978  -46.83480    34.8958    34.9116     3.8886     3.8882    27.7150    27.7276    6.12018    6.33295         17 0.0000e+00
      29902   1245.870    838.000     3.9497   3.279693     3.9491   3.280974      29.26     0.0201     2.6801     2.4109  1.9707741  1.1196581   46.99978  -46.83480    34.8958    34.9116     3.8871     3.8865    27.7152    27.7278    6.13042    6.33237         16 0.0000e+00
      29918   1246.548    839.000     3.9493   3.279721     3.9493   3.281056      90.64     0.0167     2.6800     2.4106  1.9703330  1.1196581   46.99978  -46.83480    34.8960    34.9118     3.8866     3.8866    27.7154    27.7279    6.12274    6.32804         17 0.0000e+00
      29936   1247.278    840.000     3.9529   3.280117     3.9521   3.281373      94.73     0.0144     2.6792     2.4104  1.9708157  1.1192795   46.99978  -46.83480    34.8965    34.9121     3.8901     3.8892    27.7154    27.7280    6.11723    6.32700         19 0.0000e+00
      29957   1248.180    841.000     3.9543   3.280320     3.9540   3.281613      94.91     0.0156     2.6789     2.4100  1.9712205  1.1191256   46.99978  -46.83479    34.8968    34.9124     3.8914     3.8911    27.7155    27.7280    6.12279    6.32795         25 0.0000e+00
      29985   1249.343    842.000     3.9529   3.280231     3.9525   3.281527      95.08     0.0146     2.6782     2.4095  1.9713533  1.1185526   46.99978  -46.83478    34.8967    34.9124     3.8900     3.8896    27.7156    27.7281    6.11581    6.32181         28 0.0000e+00
      30010   1250.370    843.000     3.9535   3.280345     3.9531   3.281639      94.78     0.0155     2.6772     2.4085  1.9716362  1.1184927   46.99978  -46.83478    34.8969    34.9126     3.8904     3.8900    27.7157    27.7282    6.11629    6.31709         21 0.0000e+00
      30029   1251.167    844.000     3.9542   3.280471     3.9538   3.281757      94.80     0.0146     2.6771     2.4081  1.9714670  1.1188872   46.99978  -46.83478    34.8971    34.9128     3.8911     3.8907    27.7158    27.7283    6.12065    6.31773         19 0.0000e+00
      30048   1251.946    845.000     3.9551   3.280606     3.9546   3.281893      94.97     0.0174     2.6766     2.4073  1.9707711  1.1196463   46.99978  -46.83478    34.8973    34.9130     3.8918     3.8914    27.7159    27.7284    6.11013    6.30996         19 0.0000e+00
      30070   1252.872    846.000     3.9555   3.280696     3.9551   3.281983      94.85     0.0158     2.6754     2.4061  1.9709722  1.1196123   46.99978  -46.83478    34.8974    34.9131     3.8922     3.8917    27.7159    27.7284    6.10051    6.30354         26 0.0000e+00
      30101   1254.150    847.000     3.9554   3.280729     3.9550   3.282027      94.67     0.0136     2.6734     2.4044  1.9712188  1.1196591   46.99978  -46.83478    34.8974    34.9131     3.8920     3.8916    27.7159    27.7285    6.09401    6.30106         33 0.0000e+00
      30129   1255.321    848.000     3.9583   3.281096     3.9569   3.282280      94.85     0.0131     2.6716     2.4030  1.9714448  1.1196036   46.99978  -46.83478    34.8981    34.9136     3.8948     3.8934    27.7162    27.7287    6.08050    6.29448         23 0.0000e+00
      30149   1256.160    849.000     3.9597   3.281298     3.9591   3.282569      95.17     0.0131     2.6686     2.4016  1.9719250  1.1196591   46.99978  -46.83478    34.8985    34.9141     3.8962     3.8956    27.7164    27.7289    6.06912    6.28304         18 0.0000e+00
      30166   1256.875    850.000     3.9588   3.281252     3.9583   3.282540      95.60     0.0148     2.6679     2.4002  1.9719169  1.1196581   46.99977  -46.83478    34.8985    34.9142     3.8951     3.8946    27.7165    27.7290    6.09010    6.28565         17 0.0000e+00
      30182   1257.536    851.000     3.9558   3.281003     3.9553   3.282298      95.17     0.0142     2.6676     2.3996  1.9713523  1.1196581   46.99976  -46.83478    34.8981    34.9139     3.8921     3.8916    27.7165    27.7291    6.09147    6.28822         15 0.0000e+00
      30197   1258.178    852.000     3.9567   3.281165     3.9563   3.282468      95.61     0.0131     2.6669     2.3988  1.9711566  1.1196581   46.99976  -46.83478    34.8985    34.9143     3.8929     3.8958    27.7167    27.7293    6.07913    6.28175         16 0.0000e+00
      30213   1258.825    853.000     3.9582   3.281366     3.9577   3.282646      95.58     0.0156     2.6657     2.3976  1.9713446  1.1196581   46.99976  -46.83478    34.8988    34.9145     3.8943     3.8939    27.7168    27.7294    6.06844    6.27677         15 0.0000e+00
      30229   1259.506    854.000     3.9575   3.281339     3.9572   3.282648      95.59     0.0164     2.6642     2.3965  1.9730098  1.1196581   46.99976  -46.83478    34.8988    34.9145     3.8935     3.8932    27.7169    27.7295    6.06073    6.27468         17 0.0000e+00
      30248   1260.284    855.000     3.9587   3.281510     3.9584   3.282808      95.63     0.0135     2.6621     2.3954  1.9735974  1.1196581   46.99976  -46.83478    34.8990    34.9147     3.8947     3.8943    27.7169    27.7295    6.05330    6.27170         21 0.0000e+00
      30273   1261.342    856.000     3.9637   3.282077     3.9645   3.283488      95.58     0.0163     2.6599     2.3936  1.9739590  1.1196581   46.99976  -46.83478    34.8999    34.9157     3.8995     3.9003    27.7171    27.7297    6.05292    6.26243         32 0.0000e+00
      30311   1262.905    857.000     3.9675   3.282509     3.9649   3.283571      80.11     0.0113     2.6566     2.3911  1.9738402  1.1196581   46.99976  -46.83478    34.9005    34.9158     3.9032     3.9006    27.7172    27.7297    6.04725    6.26597         38 0.0000e+00
      30343   1264.269    858.000     3.9699   3.282814     3.9697   3.284125      96.12     0.0108     2.6548     2.3901  1.9737905  1.1196581   46.99976  -46.83478    34.9011    34.9167     3.9055     3.9053    27.7174    27.7300    6.04915    6.26596         28 0.0000e+00
      30368   1265.307    859.000     3.9727   3.283177     3.9726   3.284488      92.29     0.0130     2.6535     2.3892  1.9740341  1.1202323   46.99976  -46.83476    34.9018    34.9175     3.9082     3.9081    27.7178    27.7302    6.04686    6.25705         22 0.0000e+00
      30388   1266.131    860.000     3.9726   3.283214     3.9722   3.284512      96.77     0.0129     2.6524     2.3880  1.9743698  1.1209010   46.99976  -46.83476    34.9019    34.9176     3.9080     3.9077    27.7178    27.7304    6.04145    6.25448         18 0.0000e+00
      30405   1266.817    861.000     3.9720   3.283214     3.9716   3.284509      96.14     0.0148     2.6519     2.3873  1.9743589  1.1208792   46.99976  -46.83476    34.9020    34.9177     3.9074     3.9070    27.7180    27.7306    6.03836    6.25586         16 0.0000e+00
      30420   1267.441    862.000     3.9713   3.283187     3.9711   3.284503      96.26     0.0095     2.6498     2.3867  1.9762871  1.1208792   46.99976  -46.83476    34.9019    34.9177     3.9066     3.9064    27.7180    27.7306    6.03723    6.25975         14 0.0000e+00
      30434   1268.041    863.000     3.9697   3.283065     3.9697   3.284407      92.71     0.0084     2.6505     2.3865  1.9768006  1.1208792   46.99976  -46.83476    34.9017    34.9175     3.9049     3.9049    27.7180    27.7306    6.04702    6.26139         15 0.0000e+00
      30449   1268.661    864.000     3.9679   3.282941     3.9677   3.284250      93.36     0.0091     2.6494     2.3860  1.9768009  1.1208792   46.99976  -46.83476    34.9015    34.9173     3.9031     3.9028    27.7181    27.7307    6.04256    6.25674         15 0.0000e+00
      30466   1269.369    865.000     3.9665   3.282846     3.9661   3.284146      95.51     0.0119     2.6490     2.3854  1.9768009  1.1208792   46.99976  -46.83476    34.9014    34.9171     3.9016     3.9012    27.7181    27.7307    6.04959    6.25652         19 0.0000e+00
      30491   1270.425    866.000     3.9661   3.282840     3.9657   3.284137      64.64     0.0111     2.6485     2.3848  1.9768009  1.1208792   46.99976  -46.83476    34.9013    34.9170     3.9011     3.9020    27.7181    27.7306    6.04851    6.26007         35 0.0000e+00
      30530   1272.035    867.000     3.9659   3.282869     3.9655   3.284167      96.65     0.0117     2.6481     2.3840  1.9790864  1.1203980   46.99976  -46.83476    34.9012    34.9170     3.9008     3.9003    27.7181    27.7307    6.04949    6.25286         33 0.0000e+00
      30554   1273.044    868.000     3.9653   3.282862     3.9649   3.284154      95.61     0.0110     2.6476     2.3829  1.9790629  1.1207016   46.99976  -46.83476    34.9013    34.9170     3.9001     3.8997    27.7182    27.7307    6.04145    6.24586         20 0.0000e+00
      30573   1273.815    869.000     3.9647   3.282846     3.9644   3.284153      94.19     0.0095     2.6468     2.3820  1.9792435  1.1208798   46.99976  -46.83476    34.9012    34.9170     3.8995     3.8991    27.7182    27.7308    6.04062    6.24861         18 0.0000e+00
