data/CTD/2013/CNV/D021A030.CNV
* Sea-Bird SBE 9 Data File:
* FileName = C:\CTD_ACQUISITION\2013021HUD\ctddata\021A030.hdr
* Software Version Seasave V 7.22.2
* Temperature SN = 5081
* Conductivity SN = 3561
* Number of Bytes Per Scan = 37
* Number of Voltage Words = 4
* Number of Scans Averaged by the Deck Unit = 1
* NMEA Latitude = 48 02.22 N
* NMEA Longitude = 046 13.89 W
* NMEA UTC (Time) = Jul 03 2013 03:47:18
* NMEA baud rate = 9600
** Ship: Hudson
** Cruise: HUD2013021
** Chief_Scientist: Greenan
** Organization: BIO
** Area_of_Operation: Sackville Spur
** Station: 30
** Sounding:  1179
** Event_Comments: SS16  393135
# nquan = 25
# nvalues = 1166                        
# units = specified
# name 0 = scan: Scan Count
# name 1 = timeS: Time, Elapsed [seconds]
# name 2 = prDM: Pressure, Digiquartz [db]
# name 3 = t068C: Temperature [ITS-68, deg C]
# name 4 = c0S/m: Conductivity [S/m]
# name 5 = t168C: Temperature, 2 [ITS-68, deg C]
# name 6 = c1S/m: Conductivity, 2 [S/m]
# name 7 = altM: Altimeter [m]
# name 8 = flCUVA: Fluorescence, Chelsea UV Aquatracka [ug/l]
# name 9 = sbeox0V: Oxygen raw, SBE 43 [V]
# name 10 = sbeox1V: Oxygen raw, SBE 43, 2 [V]
# name 11 = upoly0: Upoly 0, Optode 4330F - O2 D-Phase
# name 12 = upoly1: Upoly 1, Optode 4330F - O2 Temp
# name 13 = latitude: Latitude [deg]
# name 14 = longitude: Longitude [deg]
# name 15 = sal00: Salinity, Practical [PSU]
# name 16 = sal11: Salinity, Practical, 2 [PSU]
# name 17 = potemp068C: Potential Temperature [ITS-68, deg C]
# name 18 = potemp168C: Potential Temperature, 2 [ITS-68, deg C]
# name 19 = sigma-é00: Density [sigma-theta, Kg/m^3]
# name 20 = sigma-é11: Density, 2 [sigma-theta, Kg/m^3]
# name 21 = sbeox0ML/L: Oxygen, SBE 43 [ml/l], WS = 2
# name 22 = sbeox1ML/L: Oxygen, SBE 43, 2 [ml/l], WS = 2
# name 23 = nbin: number of scans per bin
# name 24 = flag: flag
# span 0 =      11794,      40899       
# span 1 =    491.394,   1704.066       
# span 2 =      2.000,   1167.000       
# span 3 =    -0.0533,     5.8806       
# span 4 =   2.777590,   3.279145       
# span 5 =    -0.0532,     5.8807       
# span 6 =   2.778876,   3.280452       
# span 7 =       4.06,     103.53       
# span 8 =     0.0055,     0.1072       
# span 9 =     2.5279,     3.3535       
# span 10 =     2.2742,     3.0047      
# span 11 =  1.7301460,  2.0210135      
# span 12 =  0.6469306,  1.3644771      
# span 13 =   48.03712,   48.03774      
# span 14 =  -46.23160,  -46.23058      
# span 15 =    32.7430,    34.9094      
# span 16 =    32.7638,    34.9257      
# span 17 =    -0.0545,     5.8803      
# span 18 =    -0.0543,     5.8800      
# span 19 =    25.7878,    27.7468      
# span 20 =    25.8007,    27.7599      
# span 21 =    5.92215,    7.88160      
# span 22 =    6.15941,    7.93193      
# span 23 =          9,         85      
# span 24 = 0.0000e+00, 0.0000e+00      
# interval = decibars: 1                
# start_time = Jul 03 2013 03:47:18 [NMEA time, header]
# bad_flag = -9.990e-29
*END*
[from data line 638]
      28304   1179.290    640.000     3.8902   3.264350     3.8900   3.265677      96.63     0.0118     2.7636     2.4876  1.9536020  1.1111565   48.03750  -46.23080    34.8801    34.8960     3.8437     3.8435    27.7071    27.7198    6.23112    6.43342         27 0.0000e+00
      28332   1180.438    641.000     3.8897   3.264348     3.8894   3.265662      96.66     0.0109     2.7642     2.4875  1.9536020  1.1112485   48.03750  -46.23080    34.8800    34.8959     3.8431     3.8428    27.7071    27.7198    6.23353    6.43077         27 0.0000e+00
      28356   1181.452    642.000     3.8896   3.264385     3.8893   3.265702      96.65     0.0189     2.7641     2.4874  1.9536020  1.1111091   48.03750  -46.23080    34.8800    34.8960     3.8429     3.8426    27.7072    27.7199    6.22551    6.43158         22 0.0000e+00
      28375   1182.247    643.000     3.8889   3.264355     3.8885   3.265682      96.47     0.0222     2.7632     2.4873  1.9536020  1.1111112   48.03750  -46.23080    34.8800    34.8961     3.8421     3.8418    27.7072    27.7200    6.23399    6.43267         17 0.0000e+00
      28391   1182.909    644.000     3.8856   3.264096     3.8858   3.265464      96.61     0.0241     2.7646     2.4872  1.9533604  1.1111112   48.03750  -46.23080    34.8799    34.8959     3.8387     3.8389    27.7075    27.7202    6.24535    6.43327         15 0.0000e+00
      28405   1183.516    645.000     3.8839   3.263977     3.8836   3.265300      96.51     0.0218     2.7640     2.4872  1.9523885  1.1111112   48.03750  -46.23080    34.8797    34.8957     3.8370     3.8367    27.7075    27.7203    6.23901    6.43158         14 0.0000e+00
      28420   1184.129    646.000     3.8831   3.263935     3.8830   3.265286      65.60     0.0204     2.7646     2.4868  1.9523809  1.1111112   48.03750  -46.23078    34.8796    34.8956     3.8361     3.8361    27.7075    27.7203    6.24488    6.43105         15 0.0000e+00
      28438   1184.855    647.000     3.8828   3.263952     3.8825   3.265278      86.08     0.0184     2.7650     2.4867  1.9523809  1.1111112   48.03750  -46.23078    34.8795    34.8955     3.8357     3.8355    27.7075    27.7203    6.24668    6.43736         21 0.0000e+00
      28489   1187.013    648.000     3.8824   3.263949     3.8823   3.265286      96.10     0.0174     2.7643     2.4864  1.9532943  1.1105632   48.03751  -46.23078    34.8794    34.8953     3.8353     3.8352    27.7074    27.7201    6.23131    6.43192         38 0.0000e+00
      28522   1188.371    649.000     3.8795   3.263730     3.8794   3.265062      94.74     0.0172     2.7632     2.4856  1.9536062  1.1101137   48.03752  -46.23078    34.8793    34.8952     3.8324     3.8322    27.7076    27.7204    6.22364    6.42980         16 0.0000e+00
      28536   1188.943    650.000     3.8759   3.263408     3.8762   3.264779      93.69     0.0169     2.7629     2.4853  1.9533967  1.1102986   48.03752  -46.23078    34.8788    34.8948     3.8286     3.8289    27.7077    27.7203    6.22741    6.43647         12 0.0000e+00
      28548   1189.449    651.000     3.8717   3.263037     3.8713   3.264351      95.21     0.0157     2.7619     2.4859  1.9523574  1.1111300   48.03752  -46.23078    34.8783    34.8943     3.8244     3.8240    27.7077    27.7205    6.23056    6.44195         12 0.0000e+00
      28559   1189.931    652.000     3.8699   3.262916     3.8694   3.264210      95.89     0.0146     2.7623     2.4857  1.9523809  1.1111112   48.03752  -46.23078    34.8782    34.8942     3.8226     3.8220    27.7078    27.7206    6.22900    6.43621         12 0.0000e+00
      28571   1190.410    653.000     3.8694   3.262921     3.8681   3.264145      95.36     0.0111     2.7616     2.4854  1.9523809  1.1111112   48.03752  -46.23078    34.8783    34.8942     3.8219     3.8206    27.7080    27.7208    6.22969    6.43266         11 0.0000e+00
      28583   1190.918    654.000     3.8735   3.263409     3.8716   3.264578      95.79     0.0115     2.7610     2.4850  1.9525695  1.1109226   48.03752  -46.23078    34.8790    34.8948     3.8261     3.8300    27.7081    27.7208    6.22510    6.43453         13 0.0000e+00
      28597   1191.507    655.000     3.8762   3.263703     3.8755   3.264991      95.84     0.0104     2.7609     2.4852  1.9534293  1.1099136   48.03752  -46.23078    34.8794    34.8954     3.8286     3.8280    27.7081    27.7209    6.22840    6.44010         16 0.0000e+00
      28643   1193.429    656.000     3.8764   3.263752     3.8755   3.265004      96.16     0.0101     2.7608     2.4846  1.9535972  1.1096023   48.03752  -46.23075    34.8792    34.8950     3.8286     3.8278    27.7080    27.7206    6.23436    6.43349         37 0.0000e+00
      28702   1195.890    657.000     3.8763   3.263799     3.8756   3.265071      96.69     0.0129     2.7614     2.4834  1.9536020  1.1099000   48.03753  -46.23074    34.8793    34.8952     3.8285     3.8278    27.7081    27.7208    6.23972    6.42844         20 0.0000e+00
      28718   1196.549    658.000     3.8765   3.263882     3.8762   3.265205      64.51     0.0131     2.7615     2.4829  1.9536020  1.1098901   48.03754  -46.23074    34.8796    34.8956     3.8286     3.8309    27.7083    27.7211    6.23382    6.42889         15 0.0000e+00
      28732   1197.121    659.000     3.8757   3.263860     3.8754   3.265190      83.59     0.0072     2.7607     2.4829  1.9534155  1.1098901   48.03754  -46.23074    34.8797    34.8957     3.8277     3.8304    27.7085    27.7213    6.23056    6.43212         13 0.0000e+00
      28744   1197.632    660.000     3.8749   3.263835     3.8746   3.265170      96.30     0.0055     2.7606     2.4826  1.9532999  1.1098901   48.03754  -46.23074    34.8797    34.8958     3.8269     3.8267    27.7085    27.7214    6.23430    6.43519         12 0.0000e+00
      28756   1198.116    661.000     3.8731   3.263710     3.8730   3.265063      96.66     0.0079     2.7604     2.4827  1.9530514  1.1098901   48.03754  -46.23074    34.8797    34.8957     3.8249     3.8249    27.7088    27.7215    6.23916    6.43773         11 0.0000e+00
      28768   1198.605    662.000     3.8714   3.263613     3.8713   3.264945      96.66     0.0114     2.7607     2.4830  1.9530933  1.1098901   48.03754  -46.23074    34.8797    34.8957     3.8233     3.8231    27.7089    27.7216    6.24210    6.43838         12 0.0000e+00
      28780   1199.132    663.000     3.8710   3.263617     3.8707   3.264942      96.65     0.0157     2.7605     2.4827  1.9526541  1.1097201   48.03754  -46.23072    34.8796    34.8957     3.8228     3.8224    27.7089    27.7218    6.24648    6.43649         14 0.0000e+00
      28797   1199.831    664.000     3.8710   3.263652     3.8707   3.264976      96.65     0.0178     2.7611     2.4827  1.9524034  1.1097230   48.03754  -46.23073    34.8795    34.8956     3.8227     3.8224    27.7088    27.7217    6.24491    6.44058         22 0.0000e+00
      28860   1202.471    665.000     3.8716   3.263739     3.8715   3.265077      96.65     0.0168     2.7599     2.4829  1.9541045  1.1087496   48.03754  -46.23072    34.8794    34.8953     3.8232     3.8231    27.7087    27.7214    6.23766    6.43763         30 0.0000e+00
      28883   1203.410    666.000     3.8711   3.263756     3.8707   3.265076      96.66     0.0130     2.7600     2.4825  1.9524411  1.1097472   48.03754  -46.23072    34.8796    34.8957     3.8226     3.8222    27.7089    27.7218    6.24316    6.43038         16 0.0000e+00
      28898   1204.059    667.000     3.8709   3.263787     3.8706   3.265114      64.98     0.0138     2.7600     2.4819  1.9523789  1.1096435   48.03754  -46.23070    34.8796    34.8958     3.8224     3.8220    27.7089    27.7218    6.24173    6.42977         15 0.0000e+00
      28913   1204.670    668.000     3.8708   3.263818     3.8704   3.265138      36.58     0.0137     2.7596     2.4815  1.9523809  1.1098096   48.03754  -46.23070    34.8797    34.8957     3.8222     3.8218    27.7090    27.7218    6.23654    6.42953         15 0.0000e+00
      28928   1205.273    669.000     3.8705   3.263845     3.8702   3.265166      95.90     0.0147     2.7594     2.4811  1.9522934  1.1088403   48.03754  -46.23070    34.8797    34.8957     3.8219     3.8215    27.7090    27.7219    6.23559    6.42882         14 0.0000e+00
      28942   1205.886    670.000     3.8700   3.263843     3.8697   3.265158      96.67     0.0180     2.7590     2.4805  1.9523826  1.1086659   48.03754  -46.23070    34.8797    34.8956     3.8212     3.8209    27.7092    27.7218    6.23968    6.43068         15 0.0000e+00
      28958   1206.535    671.000     3.8689   3.263786     3.8687   3.265107      96.65     0.0171     2.7590     2.4805  1.9523809  1.1086692   48.03754  -46.23070    34.8796    34.8956     3.8201     3.8198    27.7092    27.7219    6.24005    6.43365         17 0.0000e+00
      28975   1207.255    672.000     3.8683   3.263766     3.8680   3.265095      91.69     0.0182     2.7584     2.4802  1.9523146  1.1086692   48.03754  -46.23070    34.8796    34.8956     3.8194     3.8191    27.7092    27.7220    6.23638    6.43435         18 0.0000e+00
      28995   1208.096    673.000     3.8682   3.263808     3.8680   3.265132      94.86     0.0169     2.7580     2.4798  1.9523803  1.1086692   48.03756  -46.23070    34.8796    34.8956     3.8192     3.8190    27.7092    27.7220    6.23577    6.43184         22 0.0000e+00
      29021   1209.170    674.000     3.8681   3.263851     3.8679   3.265172      95.05     0.0193     2.7572     2.4795  1.9529513  1.1085551   48.03756  -46.23070    34.8797    34.8956     3.8191     3.8188    27.7094    27.7221    6.23543    6.43162         31 0.0000e+00
      29059   1210.735    675.000     3.8679   3.263862     3.8675   3.265182      95.96     0.0160     2.7564     2.4789  1.9535167  1.1084361   48.03756  -46.23068    34.8796    34.8956     3.8187     3.8184    27.7093    27.7221    6.23002    6.43430         42 0.0000e+00
      29093   1212.175    676.000     3.8678   3.263911     3.8675   3.265229      94.99     0.0143     2.7555     2.4785  1.9536051  1.1086775   48.03756  -46.23068    34.8797    34.8957     3.8186     3.8182    27.7094    27.7222    6.23436    6.43331         25 0.0000e+00
      29114   1213.054    677.000     3.8678   3.263962     3.8675   3.265285      95.30     0.0162     2.7549     2.4786  1.9545786  1.1086692   48.03757  -46.23068    34.8798    34.8959     3.8185     3.8181    27.7095    27.7223    6.22907    6.43694         19 0.0000e+00
      29132   1213.772    678.000     3.8678   3.264016     3.8674   3.265321      94.91     0.0152     2.7546     2.4785  1.9560460  1.1086692   48.03758  -46.23068    34.8799    34.8958     3.8184     3.8180    27.7096    27.7223    6.23148    6.43523         16 0.0000e+00
      29147   1214.435    679.000     3.8679   3.264066     3.8675   3.265381      95.74     0.0138     2.7544     2.4783  1.9560440  1.1086692   48.03758  -46.23068    34.8799    34.8959     3.8184     3.8180    27.7096    27.7223    6.23041    6.43114         16 0.0000e+00
      29164   1215.112    680.000     3.8679   3.264119     3.8676   3.265435      63.08     0.0140     2.7536     2.4777  1.9540709  1.1086692   48.03758  -46.23066    34.8799    34.8959     3.8184     3.8181    27.7096    27.7224    6.22308    6.43128         17 0.0000e+00
      29182   1215.883    681.000     3.8680   3.264161     3.8677   3.265481      87.28     0.0152     2.7529     2.4777  1.9523476  1.1086692   48.03758  -46.23066    34.8798    34.8958     3.8184     3.8181    27.7095    27.7223    6.22230    6.43753         20 0.0000e+00
      29205   1216.818    682.000     3.8681   3.264206     3.8677   3.265529      96.64     0.0157     2.7526     2.4775  1.9525349  1.1086692   48.03758  -46.23066    34.8798    34.8958     3.8184     3.8180    27.7095    27.7223    6.24013    6.43377         24 0.0000e+00
      29228   1217.801    683.000     3.8680   3.264242     3.8676   3.265568      95.94     0.0183     2.7531     2.4772  1.9536116  1.1084013   48.03758  -46.23066    34.8798    34.8959     3.8182     3.8178    27.7095    27.7224    6.23292    6.43464         23 0.0000e+00
      29249   1218.671    684.000     3.8674   3.264239     3.8671   3.265564      95.53     0.0140     2.7522     2.4772  1.9536020  1.1085414   48.03758  -46.23066    34.8798    34.8959     3.8175     3.8172    27.7096    27.7224    6.23180    6.43819         19 0.0000e+00
      29269   1219.498    685.000     3.8663   3.264187     3.8661   3.265516      95.90     0.0170     2.7526     2.4770  1.9525578  1.1086688   48.03758  -46.23066    34.8799    34.8959     3.8164     3.8161    27.7098    27.7225    6.23385    6.44208         21 0.0000e+00
      29290   1220.382    686.000     3.8651   3.264133     3.8648   3.265455      96.52     0.0140     2.7517     2.4774  1.9527113  1.1086692   48.03758  -46.23066    34.8799    34.8959     3.8151     3.8148    27.7099    27.7227    6.22674    6.44432         22 0.0000e+00
      29313   1221.352    687.000     3.8651   3.264183     3.8647   3.265501      95.99     0.0125     2.7513     2.4773  1.9542596  1.1086692   48.03758  -46.23066    34.8800    34.8961     3.8151     3.8146    27.7100    27.7228    6.23040    6.44041         24 0.0000e+00
      29336   1222.296    688.000     3.8654   3.264260     3.8651   3.265575      93.79     0.0144     2.7508     2.4773  1.9548255  1.1086107   48.03760  -46.23066    34.8801    34.8961     3.8152     3.8149    27.7101    27.7228    6.22617    6.43857         21 0.0000e+00
      29356   1223.131    689.000     3.8648   3.264256     3.8649   3.265614      16.11     0.0132     2.7501     2.4767  1.9546288  1.1086049   48.03760  -46.23066    34.8802    34.8962     3.8146     3.8147    27.7102    27.7229    6.22992    6.42812         19 0.0000e+00
      29375   1223.901    690.000     3.8639   3.264208     3.8637   3.265547      97.21     0.0131     2.7507     2.4756  1.9546193  1.1085330   48.03760  -46.23065    34.8800    34.8961     3.8136     3.8134    27.7102    27.7230    6.23205    6.42005         18 0.0000e+00
      29393   1224.680    691.000     3.8641   3.264273     3.8638   3.265602      95.18     0.0123     2.7494     2.4747  1.9547604  1.1086074   48.03760  -46.23064    34.8801    34.8962     3.8137     3.8134    27.7102    27.7230    6.23229    6.42744         20 0.0000e+00
      29415   1225.589    692.000     3.8640   3.264318     3.8637   3.265630      90.25     0.0118     2.7501     2.4745  1.9547735  1.1082911   48.03760  -46.23064    34.8802    34.8961     3.8135     3.8132    27.7103    27.7230    6.23372    6.43222         25 0.0000e+00
      29445   1226.840    693.000     3.8636   3.264321     3.8634   3.265647      93.04     0.0125     2.7491     2.4740  1.9551581  1.1081132   48.03760  -46.23064    34.8801    34.8961     3.8131     3.8128    27.7103    27.7231    6.22682    6.43285         33 0.0000e+00
      29474   1228.058    694.000     3.8631   3.264323     3.8627   3.265640      96.40     0.0117     2.7486     2.4736  1.9559669  1.1079519   48.03760  -46.23064    34.8802    34.8962     3.8125     3.8121    27.7104    27.7232    6.22351    6.42517         24 0.0000e+00
      29494   1228.876    695.000     3.8630   3.264367     3.8627   3.265695      96.62     0.0120     2.7477     2.4728  1.9557564  1.1083106   48.03760  -46.23064    34.8803    34.8964     3.8123     3.8120    27.7105    27.7234    6.21875    6.42411         17 0.0000e+00
      29510   1229.534    696.000     3.8627   3.264395     3.8623   3.265716      96.60     0.0158     2.7469     2.4725  1.9548340  1.1085844   48.03760  -46.23064    34.8804    34.8964     3.8119     3.8116    27.7106    27.7234    6.22046    6.42587         15 0.0000e+00
