data/CTD/2013/CNV/D021A031.CNV
* Sea-Bird SBE 9 Data File:
* FileName = C:\CTD_ACQUISITION\2013021HUD\ctddata\021A031.hdr
* Software Version Seasave V 7.22.2
* Temperature SN = 5081
* Conductivity SN = 3561
* Number of Bytes Per Scan = 37
* Number of Voltage Words = 4
* Number of Scans Averaged by the Deck Unit = 1
* NMEA Latitude = 48 06.04 N
* NMEA Longitude = 046 18.73 W
* NMEA UTC (Time) = Jul 03 2013 05:51:30
* NMEA baud rate = 9600
** Ship: Hudson
** Cruise: HUD2013021
** Chief_Scientist: Greenan
** Organization: BIO
** Area_of_Operation: Sackville Spur
** Station: 31
** Sounding:  1179
** Event_Comments: SS15  393147
# nquan = 25
# nvalues = 1163                        
# units = specified
# name 0 = scan: Scan Count
# name 1 = timeS: Time, Elapsed [seconds]
# name 2 = prDM: Pressure, Digiquartz [db]
# name 3 = t068C: Temperature [ITS-68, deg C]
# name 4 = c0S/m: Conductivity [S/m]
# name 5 = t168C: Temperature, 2 [ITS-68, deg C]
# name 6 = c1S/m: Conductivity, 2 [S/m]
# name 7 = altM: Altimeter [m]
# name 8 = flCUVA: Fluorescence, Chelsea UV Aquatracka [ug/l]
# name 9 = sbeox0V: Oxygen raw, SBE 43 [V]
# name 10 = sbeox1V: Oxygen raw, SBE 43, 2 [V]
# name 11 = upoly0: Upoly 0, Optode 4330F - O2 D-Phase
# name 12 = upoly1: Upoly 1, Optode 4330F - O2 Temp
# name 13 = latitude: Latitude [deg]
# name 14 = longitude: Longitude [deg]
# name 15 = sal00: Salinity, Practical [PSU]
# name 16 = sal11: Salinity, Practical, 2 [PSU]
# name 17 = potemp068C: Potential Temperature [ITS-68, deg C]
# name 18 = potemp168C: Potential Temperature, 2 [ITS-68, deg C]
# name 19 = sigma-é00: Density [sigma-theta, Kg/m^3]
# name 20 = sigma-é11: Density, 2 [sigma-theta, Kg/m^3]
# name 21 = sbeox0ML/L: Oxygen, SBE 43 [ml/l], WS = 2
# name 22 = sbeox1ML/L: Oxygen, SBE 43, 2 [ml/l], WS = 2
# name 23 = nbin: number of scans per bin
# name 24 = flag: flag
# span 0 =      11506,      39905       
# span 1 =    479.388,   1662.673       
# span 2 =      2.000,   1164.000       
# span 3 =     0.5860,     6.2145       
# span 4 =   2.854734,   3.277917       
# span 5 =     0.5872,     6.2145       
# span 6 =   2.856862,   3.279251       
# span 7 =       0.88,     103.52       
# span 8 =     0.0045,     0.3297       
# span 9 =     2.5132,     3.4300       
# span 10 =     2.2636,     3.0342      
# span 11 =  1.7253807,  2.0300997      
# span 12 =  0.7399759,  1.4068791      
# span 13 =   48.10066,   48.10150      
# span 14 =  -46.31436,  -46.31294      
# span 15 =    32.8907,    34.9134      
# span 16 =    32.9054,    34.9298      
# span 17 =     0.5844,     6.2139      
# span 18 =     0.5855,     6.2138      
# span 19 =    25.8597,    27.7545      
# span 20 =    25.8714,    27.7677      
# span 21 =    5.89991,    7.55975      
# span 22 =    6.11664,    7.52012      
# span 23 =         10,        114      
# span 24 = 0.0000e+00, 0.0000e+00      
# interval = decibars: 1                
# start_time = Jul 03 2013 05:51:30 [NMEA time, header]
# bad_flag = -9.990e-29
*END*
[from data line 580]
      27041   1126.685    582.000     3.9770   3.269996     3.9768   3.271319      95.95     0.0141     2.7716     2.4931  1.9563521  1.1221001   48.10100  -46.31404    34.8856    34.9015     3.9345     3.9343    27.7021    27.7148    6.18744    6.38880         16 0.0000e+00
      27058   1127.393    583.000     3.9767   3.270020     3.9767   3.271373      96.76     0.0152     2.7708     2.4932  1.9560450  1.1221001   48.10100  -46.31404    34.8856    34.9017     3.9342     3.9341    27.7022    27.7150    6.19106    6.38893         18 0.0000e+00
      27079   1128.245    584.000     3.9761   3.270003     3.9760   3.271347      96.92     0.0123     2.7713     2.4932  1.9559451  1.1221001   48.10100  -46.31404    34.8855    34.9016     3.9335     3.9333    27.7022    27.7150    6.18621    6.38588         24 0.0000e+00
      27119   1129.923    585.000     3.9761   3.270036     3.9759   3.271373      88.82     0.0156     2.7703     2.4922  1.9557272  1.1221001   48.10100  -46.31404    34.8854    34.9015     3.9334     3.9332    27.7021    27.7149    6.18400    6.37719         57 0.0000e+00
      27164   1131.797    586.000     3.9770   3.270198     3.9768   3.271528      96.07     0.0129     2.7693     2.4905  1.9560643  1.1221001   48.10100  -46.31403    34.8858    34.9019     3.9342     3.9340    27.7024    27.7151    6.17804    6.36713         26 0.0000e+00
      27183   1132.588    587.000     3.9796   3.270528     3.9793   3.271861      95.73     0.0165     2.7679     2.4897  1.9559654  1.1227286   48.10101  -46.31402    34.8865    34.9026     3.9367     3.9364    27.7026    27.7155    6.16980    6.36797         16 0.0000e+00
      27198   1133.206    588.000     3.9809   3.270712     3.9807   3.272054      95.68     0.0151     2.7678     2.4893  1.9559565  1.1232494   48.10102  -46.31402    34.8867    34.9029     3.9380     3.9377    27.7027    27.7156    6.16973    6.36859         14 0.0000e+00
      27211   1133.748    589.000     3.9819   3.270869     3.9815   3.272193      95.70     0.0139     2.7667     2.4888  1.9560436  1.1233208   48.10102  -46.31402    34.8871    34.9032     3.9389     3.9385    27.7028    27.7157    6.17148    6.36800         13 0.0000e+00
      27223   1134.262    590.000     3.9835   3.271084     3.9833   3.272424      95.89     0.0117     2.7666     2.4884  1.9559438  1.1232210   48.10102  -46.31402    34.8874    34.9035     3.9403     3.9401    27.7030    27.7158    6.16857    6.36945         12 0.0000e+00
      27236   1134.788    591.000     3.9815   3.270944     3.9816   3.272299      95.66     0.0126     2.7661     2.4883  1.9560432  1.1222017   48.10102  -46.31402    34.8873    34.9032     3.9383     3.9384    27.7031    27.7157    6.17380    6.37211         13 0.0000e+00
      27250   1135.378    592.000     3.9777   3.270608     3.9778   3.271978      91.89     0.0144     2.7657     2.4879  1.9560440  1.1221029   48.10102  -46.31402    34.8868    34.9029     3.9344     3.9346    27.7031    27.7159    6.17249    6.37041         16 0.0000e+00
      27276   1136.446    593.000     3.9717   3.270043     3.9724   3.271467      88.30     0.0142     2.7647     2.4873  1.9561372  1.1221001   48.10102  -46.31402    34.8860    34.9021     3.9284     3.9291    27.7031    27.7159    6.16993    6.36975         44 0.0000e+00
      27322   1138.382    594.000     3.9680   3.269722     3.9681   3.271081      97.49     0.0132     2.7630     2.4858  1.9560282  1.1221001   48.10102  -46.31402    34.8856    34.9016     3.9246     3.9247    27.7031    27.7159    6.16844    6.36118         29 0.0000e+00
      27340   1139.126    595.000     3.9574   3.268700     3.9574   3.270061      95.89     0.0146     2.7627     2.4850  1.9548221  1.1221001   48.10102  -46.31402    34.8842    34.9004     3.9140     3.9140    27.7031    27.7160    6.17929    6.36509         17 0.0000e+00
      27356   1139.772    596.000     3.9535   3.268363     3.9534   3.269721      96.28     0.0135     2.7630     2.4847  1.9548229  1.1221001   48.10103  -46.31402    34.8838    34.8998     3.9101     3.9100    27.7032    27.7160    6.17978    6.36500         14 0.0000e+00
      27370   1140.366    597.000     3.9541   3.268469     3.9538   3.269814      96.60     0.0157     2.7627     2.4840  1.9552677  1.1220112   48.10104  -46.31402    34.8839    34.9001     3.9105     3.9102    27.7033    27.7162    6.18283    6.36371         14 0.0000e+00
      27385   1140.982    598.000     3.9555   3.268661     3.9555   3.270039      96.37     0.0164     2.7630     2.4837  1.9572750  1.1211802   48.10104  -46.31402    34.8841    34.9004     3.9119     3.9119    27.7033    27.7163    6.18139    6.36625         16 0.0000e+00
      27404   1141.808    599.000     3.9563   3.268773     3.9567   3.270181      96.51     0.0138     2.7626     2.4833  1.9572649  1.1211450   48.10104  -46.31402    34.8841    34.9004     3.9126     3.9130    27.7032    27.7161    6.18038    6.36166         28 0.0000e+00
      27456   1143.965    600.000     3.9559   3.268776     3.9569   3.270231      66.08     0.0116     2.7624     2.4813  1.9557726  1.1193153   48.10104  -46.31401    34.8839    34.9002     3.9122     3.9131    27.7031    27.7160    6.18119    6.36195         50 0.0000e+00
      27480   1144.943    601.000     3.9471   3.267949     3.9481   3.269405      96.38     0.0162     2.7625     2.4816  1.9572017  1.1206115   48.10104  -46.31400    34.8829    34.8991     3.9033     3.9043    27.7033    27.7160    6.18802    6.37084         18 0.0000e+00
      27496   1145.608    602.000     3.9379   3.267095     3.9386   3.268503      96.25     0.0133     2.7626     2.4815  1.9572653  1.1206175   48.10104  -46.31400    34.8818    34.8980     3.8944     3.8948    27.7033    27.7161    6.19173    6.37766         14 0.0000e+00
      27509   1146.183    603.000     3.9343   3.266764     3.9343   3.268136      96.14     0.0122     2.7627     2.4819  1.9570717  1.1205968   48.10104  -46.31400    34.8815    34.8977     3.8904     3.8904    27.7034    27.7164    6.19122    6.37930         13 0.0000e+00
      27522   1146.716    604.000     3.9340   3.266786     3.9338   3.268135      95.69     0.0117     2.7625     2.4821  1.9572674  1.1197406   48.10104  -46.31400    34.8815    34.8977     3.8901     3.8898    27.7034    27.7164    6.18938    6.38518         13 0.0000e+00
      27535   1147.248    605.000     3.9346   3.266893     3.9342   3.268225      96.02     0.0128     2.7629     2.4822  1.9571713  1.1196585   48.10104  -46.31400    34.8816    34.8978     3.8906     3.8902    27.7035    27.7164    6.18928    6.38217         13 0.0000e+00
      27549   1147.818    606.000     3.9344   3.266916     3.9342   3.268257      95.88     0.0158     2.7626     2.4826  1.9572625  1.1196581   48.10105  -46.31400    34.8815    34.8977     3.8903     3.8900    27.7035    27.7164    6.18921    6.38120         15 0.0000e+00
      27565   1148.519    607.000     3.9333   3.266856     3.9331   3.268190      96.27     0.0149     2.7624     2.4823  1.9579540  1.1187392   48.10106  -46.31400    34.8814    34.8975     3.8891     3.8889    27.7035    27.7164    6.19452    6.37786         20 0.0000e+00
      27600   1149.942    608.000     3.9328   3.266845     3.9326   3.268183      96.42     0.0154     2.7624     2.4816  1.9591480  1.1175667   48.10106  -46.31400    34.8813    34.8975     3.8885     3.8883    27.7035    27.7164    6.18764    6.36828         47 0.0000e+00
      27639   1151.573    609.000     3.9327   3.266919     3.9323   3.268232      95.70     0.0169     2.7615     2.4804  1.9584632  1.1175654   48.10107  -46.31400    34.8818    34.8978     3.8884     3.8880    27.7039    27.7167    6.18567    6.37166         28 0.0000e+00
      27664   1152.621    610.000     3.9339   3.267108     3.9336   3.268441      95.98     0.0128     2.7611     2.4804  1.9584342  1.1176240   48.10108  -46.31398    34.8823    34.8984     3.8894     3.8892    27.7042    27.7170    6.18503    6.37979         24 0.0000e+00
      27686   1153.525    611.000     3.9377   3.267560     3.9373   3.268883      95.83     0.0141     2.7608     2.4807  1.9584862  1.1177049   48.10108  -46.31398    34.8831    34.8992     3.8931     3.8928    27.7044    27.7173    6.18169    6.38069         20 0.0000e+00
      27704   1154.289    612.000     3.9398   3.267790     3.9386   3.269079      95.43     0.0122     2.7600     2.4808  1.9581282  1.1179335   48.10108  -46.31398    34.8833    34.8997     3.8950     3.8939    27.7044    27.7176    6.18642    6.38026         17 0.0000e+00
      27720   1154.973    613.000     3.9373   3.267643     3.9346   3.268738      96.30     0.0094     2.7606     2.4807  1.9560630  1.1176008   48.10108  -46.31398    34.8834    34.8993     3.8926     3.8899    27.7048    27.7176    6.18887    6.38290         16 0.0000e+00
      27736   1155.640    614.000     3.9340   3.267366     3.9337   3.268691      96.21     0.0096     2.7600     2.4811  1.9560440  1.1179757   48.10108  -46.31398    34.8831    34.8992     3.8892     3.8889    27.7049    27.7177    6.17998    6.38527         16 0.0000e+00
      27753   1156.353    615.000     3.9334   3.267361     3.9335   3.268698      96.16     0.0112     2.7590     2.4812  1.9563826  1.1178945   48.10108  -46.31398    34.8831    34.8989     3.8886     3.8908    27.7049    27.7175    6.18632    6.38553         18 0.0000e+00
      27775   1157.230    616.000     3.9320   3.267249     3.9312   3.268531      96.20     0.0141     2.7596     2.4813  1.9572450  1.1177088   48.10108  -46.31398    34.8828    34.8988     3.8871     3.8864    27.7048    27.7176    6.19524    6.38860         25 0.0000e+00
      27802   1158.387    617.000     3.9300   3.267089     3.9295   3.268401      96.15     0.0153     2.7598     2.4817  1.9577332  1.1177216   48.10109  -46.31398    34.8825    34.8986     3.8850     3.8845    27.7048    27.7177    6.19937    6.39220         29 0.0000e+00
      27829   1159.506    618.000     3.9270   3.266834     3.9272   3.268215      95.58     0.0153     2.7610     2.4821  1.9585043  1.1174644   48.10110  -46.31398    34.8821    34.8983     3.8820     3.8821    27.7048    27.7177    6.20876    6.40005         24 0.0000e+00
      27850   1160.371    619.000     3.9249   3.266675     3.9248   3.268034      78.44     0.0158     2.7612     2.4830  1.9584860  1.1174092   48.10110  -46.31396    34.8819    34.8981     3.8798     3.8797    27.7049    27.7178    6.20694    6.40220         19 0.0000e+00
      27869   1161.150    620.000     3.9211   3.266346     3.9212   3.267715      79.87     0.0157     2.7620     2.4832  1.9584860  1.1173514   48.10110  -46.31396    34.8815    34.8977     3.8760     3.8760    27.7049    27.7178    6.20946    6.40285         18 0.0000e+00
      27888   1161.961    621.000     3.9200   3.266292     3.9199   3.267633      95.74     0.0168     2.7621     2.4838  1.9584860  1.1176825   48.10110  -46.31396    34.8815    34.8976     3.8748     3.8781    27.7050    27.7179    6.20723    6.41051         21 0.0000e+00
      27911   1162.912    622.000     3.9195   3.266279     3.9192   3.267622      95.42     0.0202     2.7622     2.4846  1.9575628  1.1161011   48.10110  -46.31396    34.8814    34.8976     3.8742     3.8739    27.7050    27.7180    6.20554    6.40871         25 0.0000e+00
      27935   1163.916    623.000     3.9168   3.266064     3.9167   3.267421      95.75     0.0166     2.7621     2.4846  1.9574854  1.1159931   48.10111  -46.31396    34.8811    34.8974     3.8715     3.8713    27.7051    27.7181    6.20385    6.40518         22 0.0000e+00
      27955   1164.738    624.000     3.9134   3.265767     3.9132   3.267123      95.92     0.0151     2.7618     2.4849  1.9572625  1.1159952   48.10112  -46.31396    34.8807    34.8970     3.8680     3.8678    27.7051    27.7181    6.20657    6.41174         18 0.0000e+00
      27971   1165.425    625.000     3.9083   3.265314     3.9080   3.266663      95.97     0.0155     2.7617     2.4851  1.9572649  1.1159127   48.10112  -46.31396    34.8802    34.8966     3.8628     3.8625    27.7053    27.7183    6.21174    6.41256         15 0.0000e+00
      27987   1166.070    626.000     3.9048   3.265010     3.9046   3.266359      95.35     0.0146     2.7621     2.4854  1.9572649  1.1159189   48.10112  -46.31396    34.8798    34.8960     3.8593     3.8590    27.7053    27.7183    6.21334    6.40945         16 0.0000e+00
      28003   1166.769    627.000     3.9047   3.265057     3.9040   3.266350      95.97     0.0129     2.7621     2.4849  1.9582608  1.1149969   48.10112  -46.31396    34.8800    34.8960     3.8591     3.8583    27.7054    27.7183    6.20929    6.40287         19 0.0000e+00
      28039   1168.244    628.000     3.9053   3.265148     3.9054   3.266525      95.59     0.0133     2.7616     2.4839  1.9584757  1.1143441   48.10113  -46.31396    34.8799    34.8961     3.8596     3.8597    27.7053    27.7182    6.20826    6.39904         42 0.0000e+00
      28088   1170.272    629.000     3.9046   3.265139     3.9033   3.266380      95.97     0.0112     2.7619     2.4832  1.9582455  1.1136479   48.10114  -46.31396    34.8799    34.8960     3.8589     3.8575    27.7055    27.7184    6.21815    6.40899         21 0.0000e+00
      28104   1170.950    630.000     3.9031   3.265059     3.9028   3.266388      96.59     0.0111     2.7621     2.4833  1.9564497  1.1147929   48.10114  -46.31396    34.8801    34.8962     3.8573     3.8569    27.7057    27.7186    6.21008    6.41080         14 0.0000e+00
      28117   1171.519    631.000     3.9051   3.265318     3.9047   3.266650      95.83     0.0116     2.7615     2.4835  1.9564176  1.1147741   48.10114  -46.31396    34.8805    34.8967     3.8592     3.8588    27.7059    27.7188    6.20853    6.41400         13 0.0000e+00
      28130   1172.034    632.000     3.9082   3.265702     3.9077   3.267024      95.80     0.0131     2.7612     2.4837  1.9564518  1.1147741   48.10114  -46.31396    34.8812    34.8975     3.8622     3.8616    27.7061    27.7191    6.20196    6.41172         12 0.0000e+00
      28142   1172.539    633.000     3.9106   3.266001     3.9101   3.267323      95.48     0.0109     2.7609     2.4837  1.9574474  1.1142137   48.10114  -46.31396    34.8817    34.8979     3.8645     3.8640    27.7063    27.7193    6.20491    6.41150         13 0.0000e+00
      28155   1173.068    634.000     3.9111   3.266099     3.9108   3.267438      50.38     0.0117     2.7604     2.4837  1.9584559  1.1135722   48.10114  -46.31394    34.8818    34.8980     3.8649     3.8646    27.7063    27.7192    6.20530    6.41084         13 0.0000e+00
      28170   1173.691    635.000     3.9057   3.265612     3.9061   3.266998      87.12     0.0143     2.7605     2.4837  1.9584860  1.1135532   48.10115  -46.31394    34.8810    34.8973     3.8594     3.8598    27.7062    27.7192    6.21205    6.41193         17 0.0000e+00
      28206   1175.226    636.000     3.9017   3.265241     3.9026   3.266680      94.81     0.0141     2.7607     2.4837  1.9575974  1.1135532   48.10116  -46.31394    34.8806    34.8967     3.8554     3.8563    27.7063    27.7191    6.22215    6.41422         59 0.0000e+00
      28255   1177.234    637.000     3.9030   3.265388     3.9009   3.266576      96.70     0.0122     2.7620     2.4839  1.9547226  1.1135532   48.10116  -46.31394    34.8805    34.8967     3.8566     3.8545    27.7061    27.7193    6.22948    6.42254         27 0.0000e+00
      28276   1178.144    638.000     3.9001   3.265173     3.8993   3.266473      96.18     0.0114     2.7633     2.4844  1.9548838  1.1135532   48.10116  -46.31392    34.8804    34.8966     3.8536     3.8548    27.7064    27.7194    6.23257    6.42464         20 0.0000e+00
