data/CTD/2013/CNV/D021A042.CNV
* Sea-Bird SBE 9 Data File:
* FileName = C:\CTD_ACQUISITION\2013021HUD\ctddata\021A042.hdr
* Software Version Seasave V 7.22.2
* Temperature SN = 5081
* Conductivity SN = 3561
* Number of Bytes Per Scan = 37
* Number of Voltage Words = 4
* Number of Scans Averaged by the Deck Unit = 1
* NMEA Latitude = 48 20.24 N
* NMEA Longitude = 046 21.03 W
* NMEA UTC (Time) = Jul 04 2013 04:23:37
* NMEA baud rate = 9600
** Ship: Hudson
** Cruise: HUD2013021
** Chief_Scientist: Greenan
** Organization: BIO
** Area_of_Operation: Sackville Spur
** Station: 42
** Sounding:  947
** Event_Comments: FP_BSR_5  393184
# nquan = 25
# nvalues = 930                         
# units = specified
# name 0 = scan: Scan Count
# name 1 = timeS: Time, Elapsed [seconds]
# name 2 = prDM: Pressure, Digiquartz [db]
# name 3 = t068C: Temperature [ITS-68, deg C]
# name 4 = c0S/m: Conductivity [S/m]
# name 5 = t168C: Temperature, 2 [ITS-68, deg C]
# name 6 = c1S/m: Conductivity, 2 [S/m]
# name 7 = altM: Altimeter [m]
# name 8 = flCUVA: Fluorescence, Chelsea UV Aquatracka [ug/l]
# name 9 = sbeox0V: Oxygen raw, SBE 43 [V]
# name 10 = sbeox1V: Oxygen raw, SBE 43, 2 [V]
# name 11 = upoly0: Upoly 0, Optode 4330F - O2 D-Phase
# name 12 = upoly1: Upoly 1, Optode 4330F - O2 Temp
# name 13 = latitude: Latitude [deg]
# name 14 = longitude: Longitude [deg]
# name 15 = sal00: Salinity, Practical [PSU]
# name 16 = sal11: Salinity, Practical, 2 [PSU]
# name 17 = potemp068C: Potential Temperature [ITS-68, deg C]
# name 18 = potemp168C: Potential Temperature, 2 [ITS-68, deg C]
# name 19 = sigma-é00: Density [sigma-theta, Kg/m^3]
# name 20 = sigma-é11: Density, 2 [sigma-theta, Kg/m^3]
# name 21 = sbeox0ML/L: Oxygen, SBE 43 [ml/l], WS = 2
# name 22 = sbeox1ML/L: Oxygen, SBE 43, 2 [ml/l], WS = 2
# name 23 = nbin: number of scans per bin
# name 24 = flag: flag
# span 0 =      11870,      37104       
# span 1 =    494.541,   1545.960       
# span 2 =      3.000,    932.000       
# span 3 =    -0.3387,     6.1138       
# span 4 =   2.752072,   3.277587       
# span 5 =    -0.3387,     6.1136       
# span 6 =   2.753544,   3.278971       
# span 7 =     -11.27,      98.85       
# span 8 =     0.0060,     0.1903       
# span 9 =     2.6200,     3.4630       
# span 10 =     2.3539,     3.0458      
# span 11 =  1.7248574,  2.0073493      
# span 12 =  0.6344082,  1.3930870      
# span 13 =   48.33558,   48.33645      
# span 14 =  -46.35110,  -46.34982      
# span 15 =    32.6383,    34.9038      
# span 16 =    32.6537,    34.9204      
# span 17 =    -0.3397,     6.1136      
# span 18 =    -0.3397,     6.1134      
# span 19 =    25.6730,    27.7301      
# span 20 =    25.6852,    27.7433      
# span 21 =    6.02601,    7.77961      
# span 22 =    6.22614,    7.80384      
# span 23 =         13,        105      
# span 24 = 0.0000e+00, 0.0000e+00      
# interval = decibars: 1                
# start_time = Jul 04 2013 04:23:37 [NMEA time, header]
# bad_flag = -9.990e-29
*END*
[from data line 232]
      20114    838.049    235.000     3.5858   3.205996     3.5854   3.207325      92.60     0.0134     2.8790     2.5865  1.9474969  1.0675353   48.33560  -46.35038    34.7235    34.7399     3.5700     3.5697    27.6101    27.6231    6.27095    6.45788         23 0.0000e+00
      20135    838.914    236.000     3.5844   3.206007     3.5837   3.207344      96.71     0.0141     2.8775     2.5861  1.9474969  1.0682454   48.33560  -46.35038    34.7246    34.7414     3.5686     3.5679    27.6110    27.6245    6.26967    6.45430         19 0.0000e+00
      20153    839.649    237.000     3.5834   3.206121     3.5829   3.207437      96.80     0.0139     2.8766     2.5853  1.9476502  1.0682234   48.33560  -46.35038    34.7264    34.7428     3.5676     3.5670    27.6126    27.6257    6.27654    6.45589         16 0.0000e+00
      20168    840.304    238.000     3.5852   3.206401     3.5852   3.207780      96.77     0.0154     2.8765     2.5853  1.9487382  1.0683789   48.33560  -46.35038    34.7274    34.7439     3.5693     3.5693    27.6132    27.6263    6.27486    6.45998         15 0.0000e+00
      20183    840.931    239.000     3.5920   3.207313     3.5912   3.208618      91.93     0.0174     2.8757     2.5852  1.9487180  1.0683761   48.33560  -46.35040    34.7305    34.7469     3.5760     3.5752    27.6150    27.6282    6.26891    6.45747         16 0.0000e+00
      20199    841.595    240.000     3.6008   3.208435     3.6004   3.209774      95.28     0.0203     2.8748     2.5846  1.9487180  1.0684448   48.33560  -46.35040    34.7341    34.7506     3.5847     3.5843    27.6170    27.6302    6.26877    6.44940         17 0.0000e+00
      20220    842.471    241.000     3.6045   3.208911     3.6040   3.210239      96.73     0.0201     2.8744     2.5837  1.9487180  1.0695080   48.33560  -46.35040    34.7353    34.7517     3.5883     3.5879    27.6176    27.6308    6.27302    6.44178         27 0.0000e+00
      20258    844.026    242.000     3.6049   3.208985     3.6049   3.210356      60.18     0.0182     2.8736     2.5820  1.9487180  1.0705714   48.33560  -46.35040    34.7353    34.7517     3.5886     3.5886    27.6175    27.6307    6.26857    6.43900         44 0.0000e+00
      20293    845.512    243.000     3.6084   3.209441     3.6085   3.210850      98.04     0.0174     2.8727     2.5801  1.9487180  1.0712061   48.33560  -46.35040    34.7365    34.7531     3.5921     3.5922    27.6182    27.6314    6.26650    6.43212         24 0.0000e+00
      20313    846.333    244.000     3.6134   3.210097     3.6132   3.211456      96.33     0.0190     2.8720     2.5795  1.9487180  1.0720596   48.33560  -46.35040    34.7385    34.7550     3.5970     3.5967    27.6193    27.6325    6.26095    6.44108         18 0.0000e+00
      20329    846.988    245.000     3.6152   3.210364     3.6143   3.211639      78.60     0.0187     2.8715     2.5794  1.9487180  1.0720391   48.33560  -46.35040    34.7392    34.7555     3.5987     3.5978    27.6197    27.6327    6.26460    6.44395         14 0.0000e+00
      20343    847.584    246.000     3.6166   3.210575     3.6164   3.211937      92.26     0.0190     2.8713     2.5795  1.9487180  1.0720391   48.33560  -46.35040    34.7397    34.7562     3.6000     3.5999    27.6199    27.6331    6.26757    6.43963         15 0.0000e+00
      20357    848.183    247.000     3.6181   3.210806     3.6180   3.212158      96.65     0.0205     2.8710     2.5789  1.9483716  1.0731643   48.33560  -46.35040    34.7403    34.7567     3.6015     3.6013    27.6203    27.6333    6.26677    6.43523         14 0.0000e+00
      20373    848.826    248.000     3.6219   3.211280     3.6220   3.212669      96.89     0.0202     2.8709     2.5782  1.9480748  1.0732591   48.33560  -46.35041    34.7414    34.7580     3.6052     3.6053    27.6208    27.6340    6.26487    6.44011         17 0.0000e+00
      20390    849.540    249.000     3.6270   3.211899     3.6270   3.213274      94.87     0.0189     2.8706     2.5788  1.9479748  1.0732601   48.33560  -46.35042    34.7429    34.7594     3.6102     3.6102    27.6215    27.6346    6.27009    6.45514         18 0.0000e+00
      20410    850.355    250.000     3.6288   3.212133     3.6288   3.213522      92.52     0.0170     2.8706     2.5796  1.9486996  1.0743377   48.33560  -46.35042    34.7432    34.7599     3.6119     3.6119    27.6216    27.6348    6.26900    6.45717         21 0.0000e+00
      20433    851.351    251.000     3.6303   3.212336     3.6304   3.213745      96.38     0.0166     2.8707     2.5800  1.9487621  1.0742577   48.33560  -46.35042    34.7435    34.7602     3.6134     3.6141    27.6217    27.6350    6.26819    6.44325         27 0.0000e+00
      20462    852.559    252.000     3.6389   3.213332     3.6386   3.214665      94.04     0.0156     2.8697     2.5784  1.9499358  1.0756576   48.33560  -46.35042    34.7458    34.7621     3.6218     3.6216    27.6226    27.6356    6.26184    6.42871         30 0.0000e+00
      20490    853.718    253.000     3.6464   3.214202     3.6463   3.215575      94.24     0.0146     2.8702     2.5774  1.9502836  1.0757024   48.33560  -46.35042    34.7476    34.7642     3.6293     3.6292    27.6233    27.6365    6.27137    6.43678         25 0.0000e+00
      20513    854.659    254.000     3.6470   3.214324     3.6476   3.215766      58.80     0.0166     2.8695     2.5776  1.9511722  1.0761354   48.33560  -46.35042    34.7479    34.7646     3.6299     3.6304    27.6235    27.6367    6.25770    6.44227         20 0.0000e+00
      20532    855.446    255.000     3.6494   3.214632     3.6490   3.215975      84.93     0.0171     2.8695     2.5776  1.9511600  1.0763146   48.33560  -46.35042    34.7485    34.7650     3.6322     3.6318    27.6237    27.6370    6.25468    6.44360         18 0.0000e+00
      20549    856.158    256.000     3.6521   3.214983     3.6548   3.216635      88.17     0.0172     2.8678     2.5778  1.9490306  1.0772707   48.33560  -46.35042    34.7493    34.7662     3.6348     3.6375    27.6241    27.6373    6.24824    6.44488         17 0.0000e+00
      20565    856.834    257.000     3.6667   3.216680     3.6592   3.217177      96.23     0.0165     2.8675     2.5780  1.9487263  1.0776004   48.33560  -46.35042    34.7535    34.7675     3.6494     3.6418    27.6260    27.6379    6.25464    6.44693         16 0.0000e+00
      20581    857.507    258.000     3.6953   3.219680     3.6927   3.220793      96.37     0.0170     2.8672     2.5782  1.9487180  1.0777593   48.33560  -46.35042    34.7585    34.7746     3.6778     3.6751    27.6271    27.6403    6.25795    6.44031         16 0.0000e+00
      20598    858.221    259.000     3.6960   3.219803     3.6993   3.221539      96.28     0.0176     2.8678     2.5781  1.9498571  1.0780724   48.33560  -46.35042    34.7586    34.7759     3.6784     3.6825    27.6272    27.6406    6.26173    6.43922         18 0.0000e+00
      20618    859.052    260.000     3.7072   3.221054     3.7064   3.222343      90.19     0.0176     2.8678     2.5783  1.9499381  1.0781432   48.33560  -46.35044    34.7612    34.7777     3.6895     3.6894    27.6281    27.6413    6.25959    6.43606         22 0.0000e+00
      20644    860.145    261.000     3.7127   3.221686     3.7114   3.222913      96.41     0.0182     2.8680     2.5777  1.9491279  1.0811949   48.33560  -46.35044    34.7624    34.7784     3.6949     3.6936    27.6285    27.6414    6.25471    6.42920         31 0.0000e+00
      20677    861.493    262.000     3.7190   3.222426     3.7171   3.223573      94.11     0.0166     2.8678     2.5768  1.9489452  1.0829309   48.33560  -46.35044    34.7640    34.7798     3.7011     3.6992    27.6292    27.6419    6.25052    6.42432         32 0.0000e+00
      20704    862.635    263.000     3.7199   3.222550     3.7194   3.223875      20.28     0.0136     2.8669     2.5763  1.9499661  1.0842857   48.33560  -46.35044    34.7639    34.7803     3.7020     3.7015    27.6290    27.6422    6.25346    6.42609         22 0.0000e+00
      20724    863.441    264.000     3.7202   3.222650     3.7227   3.224283      98.47     0.0158     2.8674     2.5757  1.9499389  1.0842491   48.33560  -46.35044    34.7643    34.7812     3.7022     3.7046    27.6293    27.6425    6.25775    6.42158         17 0.0000e+00
      20739    864.085    265.000     3.7281   3.223563     3.7277   3.224907      95.92     0.0203     2.8673     2.5751  1.9489602  1.0853094   48.33562  -46.35044    34.7663    34.7827     3.7100     3.7096    27.6301    27.6433    6.25202    6.42114         15 0.0000e+00
      20753    864.668    266.000     3.7298   3.223801     3.7298   3.225185      93.16     0.0191     2.8667     2.5750  1.9487176  1.0855644   48.33562  -46.35044    34.7667    34.7833     3.7117     3.7116    27.6303    27.6435    6.25093    6.42461         13 0.0000e+00
      20767    865.248    267.000     3.7308   3.224014     3.7306   3.225370      82.51     0.0170     2.8673     2.5749  1.9487180  1.0855515   48.33562  -46.35044    34.7677    34.7841     3.7126     3.7124    27.6310    27.6441    6.24704    6.42776         15 0.0000e+00
      20782    865.893    268.000     3.7312   3.224175     3.7312   3.225562      82.75     0.0197     2.8659     2.5748  1.9487872  1.0861658   48.33562  -46.35044    34.7686    34.7853     3.7129     3.7129    27.6317    27.6449    6.24600    6.43043         17 0.0000e+00
      20805    866.820    269.000     3.7321   3.224335     3.7319   3.225698      95.41     0.0165     2.8663     2.5753  1.9490396  1.0866624   48.33562  -46.35044    34.7691    34.7856     3.7137     3.7135    27.6320    27.6451    6.26068    6.44061         29 0.0000e+00
      20838    868.227    270.000     3.7345   3.224645     3.7336   3.225913      91.47     0.0166     2.8676     2.5765  1.9488928  1.0875788   48.33562  -46.35046    34.7697    34.7858     3.7160     3.7151    27.6322    27.6452    6.27468    6.44565         34 0.0000e+00
      20868    869.452    271.000     3.7364   3.224899     3.7366   3.226291      95.49     0.0124     2.8691     2.5771  1.9487128  1.0879223   48.33562  -46.35046    34.7701    34.7866     3.7179     3.7180    27.6324    27.6455    6.27280    6.43995         25 0.0000e+00
      20889    870.339    272.000     3.7374   3.225045     3.7371   3.226395      89.01     0.0140     2.8701     2.5773  1.9491708  1.0879121   48.33562  -46.35046    34.7704    34.7868     3.7188     3.7202    27.6325    27.6456    6.27434    6.44988         19 0.0000e+00
      20907    871.075    273.000     3.7391   3.225289     3.7382   3.226568      95.96     0.0123     2.8699     2.5782  1.9491491  1.0879121   48.33562  -46.35046    34.7709    34.7872     3.7204     3.7195    27.6327    27.6458    6.26922    6.45123         17 0.0000e+00
      20923    871.761    274.000     3.7415   3.225591     3.7413   3.226961      73.86     0.0135     2.8703     2.5782  1.9488745  1.0883635   48.33562  -46.35046    34.7714    34.7880     3.7227     3.7225    27.6329    27.6462    6.26240    6.44999         16 0.0000e+00
      20941    872.483    275.000     3.7443   3.225971     3.7441   3.227335      90.62     0.0161     2.8693     2.5791  1.9487214  1.0891157   48.33562  -46.35046    34.7725    34.7890     3.7254     3.7252    27.6335    27.6466    6.25528    6.45064         19 0.0000e+00
      20962    873.357    276.000     3.7562   3.227411     3.7560   3.228756      90.03     0.0138     2.8688     2.5786  1.9487180  1.0891331   48.33562  -46.35046    34.7764    34.7928     3.7373     3.7370    27.6354    27.6485    6.25765    6.43705         23 0.0000e+00
      20987    874.411    277.000     3.7973   3.231997     3.7968   3.233331      96.39     0.0115     2.8685     2.5782  1.9487180  1.0903720   48.33562  -46.35046    34.7871    34.8034     3.7780     3.7777    27.6398    27.6529    6.25249    6.43940         26 0.0000e+00
      21011    875.404    278.000     3.8117   3.233677     3.8114   3.234995      96.68     0.0116     2.8681     2.5792  1.9487180  1.0903541   48.33562  -46.35046    34.7912    34.8072     3.7924     3.7922    27.6416    27.6544    6.24637    6.44688         22 0.0000e+00
      21031    876.248    279.000     3.8172   3.234338     3.8173   3.235693      96.05     0.0084     2.8675     2.5797  1.9486538  1.0925987   48.33562  -46.35046    34.7927    34.8092     3.7979     3.7980    27.6422    27.6553    6.24265    6.44237         19 0.0000e+00
      21049    877.018    280.000     3.8300   3.235777     3.8274   3.236893      96.37     0.0113     2.8670     2.5798  1.9485825  1.0927953   48.33562  -46.35046    34.7963    34.8118     3.8105     3.8080    27.6439    27.6564    6.24284    6.43334         18 0.0000e+00
      21068    877.795    281.000     3.8411   3.237073     3.8425   3.238574      74.78     0.0130     2.8667     2.5790  1.9483958  1.0943445   48.33562  -46.35046    34.7988    34.8153     3.8216     3.8230    27.6447    27.6577    6.24153    6.41642         19 0.0000e+00
      21088    878.622    282.000     3.8442   3.237448     3.8434   3.238723      86.56     0.0127     2.8664     2.5775  1.9481953  1.0976679   48.33562  -46.35047    34.7995    34.8156     3.8246     3.8238    27.6449    27.6578    6.24365    6.41080         21 0.0000e+00
      21109    879.485    283.000     3.8459   3.237689     3.8463   3.239094      96.27     0.0129     2.8665     2.5765  1.9479662  1.0977372   48.33562  -46.35048    34.8000    34.8163     3.8262     3.8266    27.6452    27.6581    6.24750    6.41458         21 0.0000e+00
      21129    880.351    284.000     3.8495   3.238107     3.8498   3.239529      96.21     0.0152     2.8665     2.5759  1.9462830  1.1011456   48.33562  -46.35048    34.8006    34.8173     3.8297     3.8301    27.6453    27.6585    6.25095    6.41431         20 0.0000e+00
      21149    881.180    285.000     3.8511   3.238328     3.8510   3.239699      86.02     0.0188     2.8672     2.5752  1.9462759  1.1010196   48.33562  -46.35048    34.8010    34.8175     3.8313     3.8312    27.6455    27.6586    6.25403    6.41407         19 0.0000e+00
      21168    881.975    286.000     3.8521   3.238475     3.8514   3.239778      96.46     0.0171     2.8672     2.5745  1.9469976  1.1012843   48.33562  -46.35048    34.8011    34.8175     3.8322     3.8315    27.6455    27.6585    6.24490    6.41824         19 0.0000e+00
      21188    882.792    287.000     3.8543   3.238765     3.8535   3.240066      96.47     0.0151     2.8667     2.5747  1.9474974  1.1014596   48.33562  -46.35048    34.8018    34.8181     3.8343     3.8344    27.6457    27.6589    6.24122    6.42292         21 0.0000e+00
      21211    883.738    288.000     3.8545   3.238816     3.8547   3.240217      96.84     0.0144     2.8656     2.5743  1.9470630  1.1018749   48.33562  -46.35048    34.8016    34.8181     3.8344     3.8346    27.6456    27.6587    6.22794    6.41217         25 0.0000e+00
      21238    884.871    289.000     3.8548   3.238879     3.8560   3.240407      88.88     0.0101     2.8641     2.5729  1.9462638  1.1025748   48.33562  -46.35048    34.8015    34.8184     3.8347     3.8359    27.6455    27.6588    6.23203    6.39989         28 0.0000e+00
      21263    885.936    290.000     3.8554   3.238999     3.8560   3.240454      96.55     0.0086     2.8631     2.5709  1.9462219  1.1033207   48.33562  -46.35048    34.8017    34.8185     3.8352     3.8358    27.6456    27.6589    6.23446    6.39421         23 0.0000e+00
      21285    886.841    291.000     3.8555   3.239074     3.8559   3.240489      96.86     0.0118     2.8628     2.5701  1.9462764  1.1037891   48.33562  -46.35048    34.8020    34.8185     3.8353     3.8356    27.6458    27.6589    6.23567    6.40831         21 0.0000e+00
