data/CTD/2013/CNV/D021A052.CNV
* Sea-Bird SBE 9 Data File:
* FileName = C:\CTD_ACQUISITION\2013021HUD\ctddata\021A052.hdr
* Software Version Seasave V 7.22.2
* Temperature SN = 5081
* Conductivity SN = 3561
* Number of Bytes Per Scan = 37
* Number of Voltage Words = 4
* Number of Scans Averaged by the Deck Unit = 1
* NMEA Latitude = 48 48.44 N
* NMEA Longitude = 045 41.76 W
* NMEA UTC (Time) = Jul 05 2013 04:01:06
* NMEA baud rate = 9600
** Ship: Hudson
** Cruise: HUD2013021
** Chief_Scientist: Greenan
** Organization: BIO
** Area_of_Operation: Sackville Spur
** Station: 52
** Sounding:  1600
** Event_Comments: SS25  393213
# nquan = 25
# nvalues = 1809                        
# units = specified
# name 0 = scan: Scan Count
# name 1 = timeS: Time, Elapsed [seconds]
# name 2 = prDM: Pressure, Digiquartz [db]
# name 3 = t068C: Temperature [ITS-68, deg C]
# name 4 = c0S/m: Conductivity [S/m]
# name 5 = t168C: Temperature, 2 [ITS-68, deg C]
# name 6 = c1S/m: Conductivity, 2 [S/m]
# name 7 = altM: Altimeter [m]
# name 8 = flCUVA: Fluorescence, Chelsea UV Aquatracka [ug/l]
# name 9 = sbeox0V: Oxygen raw, SBE 43 [V]
# name 10 = sbeox1V: Oxygen raw, SBE 43, 2 [V]
# name 11 = upoly0: Upoly 0, Optode 4330F - O2 D-Phase
# name 12 = upoly1: Upoly 1, Optode 4330F - O2 Temp
# name 13 = latitude: Latitude [deg]
# name 14 = longitude: Longitude [deg]
# name 15 = sal00: Salinity, Practical [PSU]
# name 16 = sal11: Salinity, Practical, 2 [PSU]
# name 17 = potemp068C: Potential Temperature [ITS-68, deg C]
# name 18 = potemp168C: Potential Temperature, 2 [ITS-68, deg C]
# name 19 = sigma-é00: Density [sigma-theta, Kg/m^3]
# name 20 = sigma-é11: Density, 2 [sigma-theta, Kg/m^3]
# name 21 = sbeox0ML/L: Oxygen, SBE 43 [ml/l], WS = 2
# name 22 = sbeox1ML/L: Oxygen, SBE 43, 2 [ml/l], WS = 2
# name 23 = nbin: number of scans per bin
# name 24 = flag: flag
# span 0 =       9018,      49715       
# span 1 =    375.728,   2071.403       
# span 2 =      2.000,   1810.000       
# span 3 =     2.1871,     8.8239       
# span 4 =   3.109222,   3.612885       
# span 5 =     2.9202,     8.8238       
# span 6 =   3.110472,   3.614322       
# span 7 =     -79.05,      97.34       
# span 8 =     0.0056,     0.9892       
# span 9 =     2.3357,     3.3781       
# span 10 =     2.0992,     3.0185      
# span 11 =  1.6703296,  2.0766298      
# span 12 =  1.0100815,  1.7301616      
# span 13 =   48.80720,   48.80810      
# span 14 =  -45.69658,  -45.69454      
# span 15 =    34.0054,    36.7362      
# span 16 =    34.0272,    34.9383      
# span 17 =     2.1396,     8.8221      
# span 18 =     2.9166,     8.8220      
# span 19 =    26.4259,    29.3436      
# span 20 =    26.4381,    27.8284      
# span 21 =    5.86080,    6.79868      
# span 22 =    6.07593,    6.94242      
# span 23 =          2,         87      
# span 24 = 0.0000e+00, 0.0000e+00      
# interval = decibars: 1                
# start_time = Jul 05 2013 04:01:06 [NMEA time, header]
# bad_flag = -9.990e-29
*END*
[from data line 1218]
      36633   1526.328   1220.000     3.7039   3.276052     3.7039   3.277416      82.92     0.0149     2.4952     2.2434  2.0367014  1.0868909   48.80730  -45.69482    34.9174    34.9337     3.6115     3.6115    27.7604    27.7733    5.89416    6.10985         33 0.0000e+00
      36660   1527.449   1221.000     3.7029   3.275999     3.7025   3.277325      81.73     0.0152     2.4946     2.2435  2.0368085  1.0872828   48.80730  -45.69482    34.9174    34.9336     3.6104     3.6100    27.7605    27.7734    5.88515    6.11542         21 0.0000e+00
      36679   1528.233   1222.000     3.7017   3.275941     3.7014   3.277283      89.07     0.0199     2.4948     2.2436  2.0366247  1.0873395   48.80730  -45.69482    34.9174    34.9337     3.6092     3.6088    27.7606    27.7736    5.89114    6.11660         17 0.0000e+00
      36695   1528.903   1223.000     3.7007   3.275912     3.7003   3.277241      63.22     0.0202     2.4937     2.2439  2.0367072  1.0871471   48.80730  -45.69482    34.9176    34.9339     3.6081     3.6076    27.7609    27.7739    5.88763    6.11449         16 0.0000e+00
      36710   1529.535   1224.000     3.7001   3.275898     3.6996   3.277228      94.60     0.0201     2.4943     2.2438  2.0362284  1.0870181   48.80730  -45.69482    34.9177    34.9339     3.6074     3.6069    27.7610    27.7740    5.89271    6.11149         15 0.0000e+00
      36725   1530.173   1225.000     3.6995   3.275897     3.6990   3.277231      94.29     0.0191     2.4937     2.2437  2.0359495  1.0866985   48.80732  -45.69482    34.9178    34.9341     3.6067     3.6062    27.7612    27.7742    5.89384    6.10897         16 0.0000e+00
      36742   1530.857   1226.000     3.6985   3.275871     3.6981   3.277209      93.85     0.0211     2.4935     2.2432  2.0358427  1.0866911   48.80732  -45.69482    34.9180    34.9343     3.6057     3.6052    27.7614    27.7745    5.89953    6.10497         17 0.0000e+00
      36761   1531.656   1227.000     3.6973   3.275819     3.6970   3.277164      95.52     0.0170     2.4940     2.2428  2.0364475  1.0866911   48.80732  -45.69482    34.9182    34.9344     3.6043     3.6040    27.7617    27.7747    5.89744    6.10995         21 0.0000e+00
      36785   1532.659   1228.000     3.6968   3.275819     3.6964   3.277148      95.55     0.0129     2.4935     2.2427  2.0366735  1.0866911   48.80732  -45.69482    34.9182    34.9343     3.6038     3.6034    27.7618    27.7747    5.89235    6.11101         27 0.0000e+00
      36810   1533.707   1229.000     3.6963   3.275816     3.6959   3.277147      70.73     0.0121     2.4932     2.2423  2.0374782  1.0866911   48.80732  -45.69481    34.9182    34.9344     3.6032     3.6028    27.7619    27.7748    5.89682    6.10565         23 0.0000e+00
      36831   1534.573   1230.000     3.6949   3.275742     3.6945   3.277082      94.56     0.0152     2.4930     2.2419  2.0378468  1.0866911   48.80732  -45.69480    34.9182    34.9345     3.6018     3.6013    27.7620    27.7751    5.89242    6.10618         19 0.0000e+00
      36849   1535.322   1231.000     3.6938   3.275692     3.6935   3.277035      93.68     0.0171     2.4929     2.2415  2.0375683  1.0866205   48.80734  -45.69480    34.9183    34.9346     3.6006     3.6002    27.7622    27.7752    5.89458    6.10552         17 0.0000e+00
      36866   1536.027   1232.000     3.6930   3.275674     3.6927   3.277014      95.39     0.0160     2.4925     2.2412  2.0366499  1.0866896   48.80734  -45.69480    34.9184    34.9347     3.5997     3.5993    27.7624    27.7754    5.89619    6.10172         17 0.0000e+00
      36883   1536.742   1233.000     3.6919   3.275614     3.6916   3.276958      63.62     0.0162     2.4927     2.2406  2.0366302  1.0865490   48.80734  -45.69480    34.9184    34.9347     3.5985     3.6023    27.7625    27.7755    5.89126    6.10093         17 0.0000e+00
      36902   1537.538   1234.000     3.6910   3.275582     3.6908   3.276931      85.80     0.0156     2.4917     2.2402  2.0369775  1.0860537   48.80734  -45.69480    34.9185    34.9347     3.5975     3.5973    27.7626    27.7756    5.88213    6.09971         21 0.0000e+00
      36925   1538.496   1235.000     3.6897   3.275517     3.6894   3.276846      76.09     0.0114     2.4907     2.2394  2.0369720  1.0853755   48.80734  -45.69480    34.9185    34.9347     3.5962     3.5958    27.7628    27.7757    5.87893    6.09497         25 0.0000e+00
      36950   1539.541   1236.000     3.6887   3.275478     3.6882   3.276792      82.17     0.0084     2.4897     2.2383  2.0369346  1.0854720   48.80734  -45.69480    34.9186    34.9347     3.5951     3.5946    27.7630    27.7759    5.88550    6.09311         24 0.0000e+00
      36971   1540.431   1237.000     3.6871   3.275393     3.6867   3.276712      84.20     0.0078     2.4895     2.2379  2.0368865  1.0854701   48.80734  -45.69480    34.9188    34.9349     3.5934     3.5930    27.7633    27.7762    5.88352    6.09893         19 0.0000e+00
      36989   1541.186   1238.000     3.6858   3.275323     3.6855   3.276657      91.03     0.0066     2.4886     2.2375  2.0366983  1.0854701   48.80736  -45.69480    34.9189    34.9350     3.5920     3.5917    27.7635    27.7764    5.88708    6.10172         18 0.0000e+00
      37006   1541.895   1239.000     3.6832   3.275139     3.6832   3.276502      63.24     0.0072     2.4892     2.2375  2.0377738  1.0854701   48.80736  -45.69480    34.9189    34.9351     3.5894     3.5893    27.7638    27.7767    5.88904    6.10312         16 0.0000e+00
      37024   1542.613   1240.000     3.6813   3.275018     3.6810   3.276364      95.99     0.0126     2.4881     2.2371  2.0378520  1.0853328   48.80736  -45.69479    34.9190    34.9353     3.5874     3.5871    27.7641    27.7771    5.88474    6.10075         18 0.0000e+00
      37042   1543.396   1241.000     3.6801   3.274953     3.6797   3.276294      80.56     0.0154     2.4882     2.2370  2.0377901  1.0849818   48.80736  -45.69478    34.9190    34.9353     3.5861     3.5857    27.7642    27.7772    5.89374    6.10042         20 0.0000e+00
      37064   1544.277   1242.000     3.6791   3.274915     3.6787   3.276249      81.56     0.0133     2.4880     2.2364  2.0378516  1.0848029   48.80736  -45.69478    34.9191    34.9353     3.5850     3.5846    27.7644    27.7774    5.88018    6.09909         22 0.0000e+00
      37086   1545.191   1243.000     3.6786   3.274923     3.6782   3.276258      95.04     0.0142     2.4868     2.2363  2.0378511  1.0849155   48.80736  -45.69478    34.9192    34.9354     3.5845     3.5841    27.7646    27.7775    5.88459    6.10217         22 0.0000e+00
      37106   1546.029   1244.000     3.6783   3.274941     3.6780   3.276277      74.78     0.0108     2.4873     2.2359  2.0378511  1.0837634   48.80738  -45.69478    34.9193    34.9355     3.5841     3.5837    27.7646    27.7776    5.88724    6.10251         18 0.0000e+00
      37124   1546.787   1245.000     3.6768   3.274867     3.6765   3.276209      57.52     0.0096     2.4860     2.2358  2.0377817  1.0838436   48.80738  -45.69478    34.9195    34.9357     3.5825     3.5822    27.7649    27.7779    5.88111    6.10485         18 0.0000e+00
      37141   1547.514   1246.000     3.6751   3.274770     3.6748   3.276109      94.55     0.0119     2.4862     2.2357  2.0385897  1.0835733   48.80738  -45.69478    34.9196    34.9358     3.5808     3.5804    27.7652    27.7781    5.89099    6.10488         18 0.0000e+00
      37159   1548.254   1247.000     3.6730   3.274610     3.6727   3.275959      94.95     0.0155     2.4861     2.2356  2.0389950  1.0837034   48.80738  -45.69478    34.9194    34.9357     3.5786     3.5782    27.7652    27.7783    5.88986    6.10458         18 0.0000e+00
      37179   1549.070   1248.000     3.6722   3.274584     3.6718   3.275919      94.97     0.0190     2.4861     2.2354  2.0390136  1.0836111   48.80738  -45.69478    34.9194    34.9357     3.5777     3.5773    27.7654    27.7784    5.88606    6.10454         21 0.0000e+00
      37202   1550.046   1249.000     3.6720   3.274604     3.6716   3.275937      95.30     0.0161     2.4851     2.2351  2.0395787  1.0830381   48.80740  -45.69476    34.9194    34.9357     3.5774     3.5770    27.7654    27.7784    5.88395    6.10084         26 0.0000e+00
      37229   1551.159   1250.000     3.6719   3.274650     3.6715   3.275976      86.83     0.0193     2.4850     2.2343  2.0393510  1.0830281   48.80740  -45.69476    34.9195    34.9357     3.5772     3.5768    27.7655    27.7784    5.88479    6.09672         26 0.0000e+00
      37253   1552.171   1251.000     3.6711   3.274627     3.6707   3.275955      60.62     0.0141     2.4841     2.2338  2.0378132  1.0830281   48.80740  -45.69476    34.9196    34.9358     3.5764     3.5760    27.7656    27.7786    5.88268    6.09401         22 0.0000e+00
      37273   1553.016   1252.000     3.6707   3.274640     3.6703   3.275966      90.88     0.0137     2.4839     2.2332  2.0378511  1.0830281   48.80740  -45.69476    34.9197    34.9358     3.5759     3.5754    27.7658    27.7787    5.88877    6.09239         19 0.0000e+00
      37291   1553.768   1253.000     3.6703   3.274651     3.6698   3.275967      94.98     0.0144     2.4841     2.2325  2.0386622  1.0830281   48.80740  -45.69476    34.9198    34.9359     3.5754     3.5749    27.7659    27.7788    5.88739    6.09013         18 0.0000e+00
      37309   1554.488   1254.000     3.6694   3.274611     3.6690   3.275938      74.59     0.0138     2.4838     2.2321  2.0389948  1.0830281   48.80740  -45.69476    34.9197    34.9359     3.5744     3.5740    27.7659    27.7789    5.88195    6.09340         17 0.0000e+00
      37326   1555.205   1255.000     3.6675   3.274490     3.6670   3.275825      79.43     0.0127     2.4830     2.2319  2.0389287  1.0830281   48.80740  -45.69474    34.9198    34.9361     3.5724     3.5720    27.7662    27.7792    5.88297    6.09433         17 0.0000e+00
      37344   1555.942   1256.000     3.6664   3.274449     3.6660   3.275778      95.65     0.0121     2.4831     2.2314  2.0399609  1.0830281   48.80740  -45.69474    34.9199    34.9362     3.5713     3.5708    27.7664    27.7794    5.88423    6.09007         18 0.0000e+00
      37362   1556.697   1257.000     3.6659   3.274446     3.6655   3.275780      64.37     0.0131     2.4825     2.2308  2.0400226  1.0830281   48.80740  -45.69474    34.9199    34.9362     3.5707     3.5703    27.7665    27.7795    5.88381    6.08562         18 0.0000e+00
      37380   1557.476   1258.000     3.6658   3.274486     3.6654   3.275817      91.83     0.0123     2.4823     2.2300  2.0401702  1.0830281   48.80740  -45.69474    34.9200    34.9362     3.5706     3.5774    27.7665    27.7795    5.89153    6.08564         20 0.0000e+00
      37400   1558.293   1259.000     3.6658   3.274521     3.6654   3.275848      77.73     0.0137     2.4825     2.2296  2.0401709  1.0830281   48.80740  -45.69474    34.9200    34.9361     3.5704     3.5701    27.7665    27.7795    5.89029    6.08931         20 0.0000e+00
      37421   1559.179   1260.000     3.6658   3.274561     3.6654   3.275890      81.02     0.0144     2.4823     2.2292  2.0402918  1.0828632   48.80742  -45.69474    34.9199    34.9361     3.5703     3.5699    27.7665    27.7795    5.88696    6.09281         22 0.0000e+00
      37444   1560.117   1261.000     3.6656   3.274583     3.6652   3.275922      74.20     0.0133     2.4818     2.2292  2.0402930  1.0825002   48.80742  -45.69474    34.9199    34.9362     3.5700     3.5696    27.7665    27.7795    5.88414    6.09765         23 0.0000e+00
      37466   1561.024   1262.000     3.6655   3.274628     3.6650   3.275951      94.89     0.0151     2.4815     2.2289  2.0401704  1.0824786   48.80744  -45.69474    34.9201    34.9362     3.5698     3.5694    27.7667    27.7796    5.88322    6.08808         20 0.0000e+00
      37486   1561.856   1263.000     3.6654   3.274663     3.6651   3.276000      94.70     0.0151     2.4810     2.2283  2.0402932  1.0824175   48.80744  -45.69473    34.9200    34.9362     3.5697     3.5693    27.7666    27.7796    5.88460    6.08416         20 0.0000e+00
      37505   1562.650   1264.000     3.6649   3.274661     3.6647   3.276012      95.54     0.0146     2.4806     2.2277  2.0400414  1.0823861   48.80744  -45.69472    34.9200    34.9363     3.5692     3.5689    27.7667    27.7797    5.88325    6.08105         19 0.0000e+00
      37524   1563.451   1265.000     3.6643   3.274652     3.6642   3.276007      95.56     0.0153     2.4805     2.2271  2.0397813  1.0821309   48.80744  -45.69472    34.9200    34.9362     3.5684     3.5683    27.7668    27.7797    5.88551    6.08209         19 0.0000e+00
      37544   1564.295   1266.000     3.6637   3.274650     3.6636   3.275993      83.81     0.0139     2.4802     2.2265  2.0394197  1.0819227   48.80744  -45.69472    34.9201    34.9362     3.5678     3.5676    27.7669    27.7797    5.87930    6.08637         21 0.0000e+00
      37565   1565.169   1267.000     3.6633   3.274650     3.6629   3.275980      74.57     0.0119     2.4793     2.2262  2.0394793  1.0819818   48.80744  -45.69472    34.9201    34.9362     3.5673     3.5669    27.7669    27.7799    5.87928    6.08860         21 0.0000e+00
      37585   1566.012   1268.000     3.6626   3.274630     3.6621   3.275958      93.52     0.0101     2.4791     2.2262  2.0414126  1.0818046   48.80744  -45.69472    34.9201    34.9364     3.5665     3.5659    27.7670    27.7801    5.88924    6.09679         19 0.0000e+00
      37604   1566.794   1269.000     3.6615   3.274580     3.6612   3.275927      93.53     0.0077     2.4795     2.2267  2.0413084  1.0818071   48.80745  -45.69472    34.9201    34.9364     3.5653     3.5650    27.7672    27.7802    5.88473    6.10290         18 0.0000e+00
      37622   1567.530   1270.000     3.6604   3.274529     3.6600   3.275861      70.48     0.0122     2.4785     2.2267  2.0415165  1.0818071   48.80746  -45.69472    34.9202    34.9364     3.5642     3.5637    27.7673    27.7803    5.87645    6.10134         18 0.0000e+00
      37639   1568.268   1271.000     3.6601   3.274544     3.6596   3.275867      70.97     0.0140     2.4783     2.2268  2.0415816  1.0818071   48.80746  -45.69470    34.9202    34.9365     3.5637     3.5632    27.7674    27.7804    5.88816    6.10036         18 0.0000e+00
      37659   1569.073   1272.000     3.6600   3.274578     3.6596   3.275903      92.35     0.0122     2.4785     2.2269  2.0415151  1.0818071   48.80746  -45.69470    34.9201    34.9364     3.5636     3.5631    27.7673    27.7803    5.88573    6.09584         21 0.0000e+00
      37683   1570.066   1273.000     3.6600   3.274613     3.6595   3.275940      71.35     0.0141     2.4780     2.2265  2.0409365  1.0818071   48.80746  -45.69470    34.9201    34.9363     3.5635     3.5630    27.7673    27.7803    5.88339    6.09661         27 0.0000e+00
      37711   1571.248   1274.000     3.6599   3.274648     3.6596   3.275986      75.66     0.0078     2.4778     2.2267  2.0412071  1.0818071   48.80746  -45.69470    34.9201    34.9364     3.5634     3.5629    27.7673    27.7803    5.88709    6.10323         27 0.0000e+00
      37735   1572.244   1275.000     3.6593   3.274643     3.6588   3.275959      88.08     0.0138     2.4772     2.2265  2.0406222  1.0818071   48.80748  -45.69470    34.9202    34.9364     3.5626     3.5621    27.7675    27.7804    5.87590    6.09733         21 0.0000e+00
      37754   1573.039   1276.000     3.6588   3.274650     3.6584   3.275973      67.06     0.0092     2.4768     2.2265  2.0404239  1.0818071   48.80748  -45.69470    34.9203    34.9364     3.5621     3.5617    27.7676    27.7805    5.88283    6.10231         18 0.0000e+00
