data/CTD/2013/CNV/D021A010.CNV
* Sea-Bird SBE 9 Data File:
* FileName = C:\CTD_ACQUISITION\2013021HUD\ctddata\021A010.hdr
* Software Version Seasave V 7.22.2
* Temperature SN = 5081
* Conductivity SN = 3561
* Number of Bytes Per Scan = 37
* Number of Voltage Words = 4
* Number of Scans Averaged by the Deck Unit = 1
* NMEA Latitude = 46 59.91 N
* NMEA Longitude = 047 29.66 W
* NMEA UTC (Time) = Jul 01 2013 18:46:23
* NMEA baud rate = 9600
** Ship: Hudson
** Cruise: HUD2013021
** Chief_Scientist: Greenan
** Organization: BIO
** Area_of_Operation: Sackville Spur
** Station: 10
** Sounding:  220
** Event_Comments: FC14  393107
# nquan = 25
# nvalues = 210                         
# units = specified
# name 0 = scan: Scan Count
# name 1 = timeS: Time, Elapsed [seconds]
# name 2 = prDM: Pressure, Digiquartz [db]
# name 3 = t068C: Temperature [ITS-68, deg C]
# name 4 = c0S/m: Conductivity [S/m]
# name 5 = t168C: Temperature, 2 [ITS-68, deg C]
# name 6 = c1S/m: Conductivity, 2 [S/m]
# name 7 = altM: Altimeter [m]
# name 8 = flCUVA: Fluorescence, Chelsea UV Aquatracka [ug/l]
# name 9 = sbeox0V: Oxygen raw, SBE 43 [V]
# name 10 = sbeox1V: Oxygen raw, SBE 43, 2 [V]
# name 11 = upoly0: Upoly 0, Optode 4330F - O2 D-Phase
# name 12 = upoly1: Upoly 1, Optode 4330F - O2 Temp
# name 13 = latitude: Latitude [deg]
# name 14 = longitude: Longitude [deg]
# name 15 = sal00: Salinity, Practical [PSU]
# name 16 = sal11: Salinity, Practical, 2 [PSU]
# name 17 = potemp068C: Potential Temperature [ITS-68, deg C]
# name 18 = potemp168C: Potential Temperature, 2 [ITS-68, deg C]
# name 19 = sigma-é00: Density [sigma-theta, Kg/m^3]
# name 20 = sigma-é11: Density, 2 [sigma-theta, Kg/m^3]
# name 21 = sbeox0ML/L: Oxygen, SBE 43 [ml/l], WS = 2
# name 22 = sbeox1ML/L: Oxygen, SBE 43, 2 [ml/l], WS = 2
# name 23 = nbin: number of scans per bin
# name 24 = flag: flag
# span 0 =       7825,      15496       
# span 1 =    325.988,    645.626       
# span 2 =      2.000,    211.000       
# span 3 =    -0.8696,     6.5638       
# span 4 =   2.679856,   3.246931       
# span 5 =    -0.8715,     6.5635       
# span 6 =   2.681137,   3.248174       
# span 7 =       2.90,     126.72       
# span 8 =     0.0181,     0.1953       
# span 9 =     2.5667,     3.4065       
# span 10 =     2.3112,     3.0141      
# span 11 =  1.7125163,  2.1489623      
# span 12 =  0.5355106,  1.4493965      
# span 13 =   46.99811,   46.99862      
# span 14 =  -47.49369,  -47.49304      
# span 15 =    32.3210,    34.0200      
# span 16 =    32.3351,    34.0360      
# span 17 =    -0.8712,     6.5636      
# span 18 =    -0.8731,     6.5629      
# span 19 =    25.3664,    27.2057      
# span 20 =    25.3773,    27.2185      
# span 21 =    5.68756,    8.30812      
# span 22 =    5.92034,    8.03207      
# span 23 =         13,         93      
# span 24 = 0.0000e+00, 0.0000e+00      
# interval = decibars: 1                
# start_time = Jul 01 2013 18:46:23 [NMEA time, header]
# bad_flag = -9.990e-29
*END*
[from data line 116]
      13192    549.642    118.000    -0.1203   2.769088    -0.1218   2.770180      95.22     0.0182     3.2292     2.7628  1.9415559  0.5990303   46.99836  -47.49322    33.2764    33.2925    -0.1242    -0.1257    26.7207    26.7338    7.97219    7.66752         29 0.0000e+00
      13225    550.980    119.000    -0.0912   2.772378    -0.0927   2.773453      95.20     0.0211     3.2227     2.7579  1.9414625  0.6005022   46.99836  -47.49322    33.2876    33.3034    -0.0951    -0.0966    26.7284    26.7413    7.94721    7.64838         35 0.0000e+00
      13259    552.415    120.000    -0.0793   2.774018    -0.0797   2.775174      94.23     0.0208     3.2164     2.7538  1.9413910  0.6022049   46.99836  -47.49322    33.2957    33.3114    -0.0832    -0.0836    26.7344    26.7472    7.92871    7.64438         32 0.0000e+00
      13289    553.651    121.000    -0.0814   2.774320    -0.0808   2.775552      93.26     0.0181     3.2106     2.7503  1.9390833  0.6053655   46.99836  -47.49322    33.3014    33.3170    -0.0854    -0.0848    26.7392    26.7517    7.88806    7.61688         27 0.0000e+00
      13314    554.715    122.000    -0.1028   2.773717    -0.1018   2.774960      92.35     0.0182     3.2031     2.7451  1.9389488  0.6057661   46.99836  -47.49322    33.3162    33.3316    -0.1068    -0.1059    26.7521    26.7645    7.82900    7.56349         25 0.0000e+00
      13337    555.665    123.000    -0.1222   2.772794    -0.1209   2.774079      91.54     0.0202     3.1933     2.7383  1.9390746  0.6081067   46.99836  -47.49322    33.3245    33.3402    -0.1262    -0.1250    26.7597    26.7723    7.77134    7.52492         20 0.0000e+00
      13357    556.488    124.000    -0.1146   2.773820    -0.1164   2.774892      90.65     0.0239     3.1842     2.7321  1.9390720  0.6080586   46.99836  -47.49322    33.3292    33.3454    -0.1187    -0.1205    26.7632    26.7763    7.73855    7.50120         20 0.0000e+00
      13376    557.284    125.000    -0.0891   2.776362    -0.0920   2.777373      89.91     0.0228     3.1752     2.7261  1.9411795  0.6074856   46.99836  -47.49322    33.3345    33.3510    -0.0933    -0.0961    26.7662    26.7797    7.69545    7.47289         19 0.0000e+00
      13397    558.170    126.000    -0.0247   2.782965    -0.0312   2.783658      88.82     0.0220     3.1644     2.7190  1.9419868  0.6071494   46.99836  -47.49322    33.3510    33.3661    -0.0289    -0.0351    26.7764    26.7889    7.64094    7.43878         24 0.0000e+00
      13425    559.313    127.000     0.0421   2.791119     0.0395   2.792017      91.73     0.0226     3.1505     2.7107  1.9417123  0.6078489   46.99836  -47.49322    33.3852    33.3999     0.0378     0.0351    26.8008    26.8128    7.59636    7.40812         31 0.0000e+00
      13456    560.639    128.000     0.0530   2.793094     0.0531   2.794289      86.02     0.0202     3.1369     2.7031  1.9416274  0.6092157   46.99836  -47.49322    33.3988    33.4145     0.0486     0.0487    26.8113    26.8239    7.57994    7.40500         31 0.0000e+00
      13485    561.827    129.000     0.0550   2.793498     0.0546   2.794679      79.06     0.0198     3.1260     2.6969  1.9422445  0.6191645   46.99835  -47.49322    33.4014    33.4174     0.0505     0.0502    26.8133    26.8262    7.54016    7.38630         26 0.0000e+00
      13510    562.870    130.000     0.0612   2.794262     0.0606   2.795421      69.09     0.0234     3.1153     2.6921  1.9431355  0.6197710   46.99834  -47.49322    33.4041    33.4200     0.0567     0.0561    26.8151    26.8280    7.51045    7.38949         24 0.0000e+00
      13532    563.810    131.000     0.0641   2.794594     0.0627   2.795673      83.63     0.0244     3.1069     2.6892  1.9450327  0.6227673   46.99834  -47.49322    33.4047    33.4205     0.0596     0.0581    26.8155    26.8283    7.51053    7.40225         21 0.0000e+00
      13553    564.675    132.000     0.0675   2.795060     0.0674   2.796258      82.92     0.0257     3.1015     2.6878  1.9450555  0.6227694   46.99834  -47.49322    33.4065    33.4225     0.0630     0.0628    26.8168    26.8297    7.53492    7.42785         21 0.0000e+00
      13574    565.529    133.000     0.0666   2.795059     0.0668   2.796295      81.95     0.0268     3.0981     2.6886  1.9484912  0.6257468   46.99834  -47.49322    33.4069    33.4231     0.0620     0.0622    26.8172    26.8301    7.57559    7.46941         21 0.0000e+00
      13595    566.425    134.000     0.0814   2.796675     0.0796   2.797749      81.02     0.0300     3.0982     2.6910  1.9487156  0.6260372   46.99834  -47.49322    33.4116    33.4277     0.0767     0.0749    26.8201    26.8332    7.58851    7.47887         22 0.0000e+00
      13619    567.408    135.000     0.1298   2.802710     0.1273   2.803666      80.00     0.0337     3.0973     2.6926  1.9532207  0.6272907   46.99834  -47.49320    33.4377    33.4530     0.1250     0.1225    26.8388    26.8512    7.56440    7.46623         25 0.0000e+00
      13645    568.499    136.000     0.1399   2.804846     0.1389   2.805890      78.96     0.0323     3.0952     2.6946  1.9548211  0.6275943   46.99834  -47.49320    33.4542    33.4689     0.1351     0.1341    26.8516    26.8636    7.54391    7.46164         27 0.0000e+00
      13673    569.668    137.000     0.1422   2.805767     0.1413   2.806905      77.66     0.0322     3.0925     2.6946  1.9590820  0.6320646   46.99834  -47.49320    33.4631    33.4791     0.1374     0.1365    26.8587    26.8716    7.52197    7.42933         29 0.0000e+00
      13700    570.786    138.000     0.1706   2.808987     0.1685   2.810026      76.71     0.0311     3.0883     2.6930  1.9601414  0.6328655   46.99834  -47.49320    33.4739    33.4899     0.1657     0.1636    26.8659    26.8790    7.48782    7.41495         25 0.0000e+00
      13723    571.767    139.000     0.2365   2.815454     0.2266   2.815902      75.97     0.0231     3.0845     2.6922  1.9633583  0.6350238   46.99834  -47.49320    33.4864    33.5032     0.2315     0.2215    26.8726    26.8866    7.46455    7.40437         22 0.0000e+00
      13745    572.679    140.000     0.3426   2.826447     0.3382   2.827304      74.97     0.0206     3.0804     2.6913  1.9633700  0.6353065   46.99834  -47.49320    33.5145    33.5304     0.3374     0.3330    26.8896    26.9027    7.41047    7.36725         22 0.0000e+00
      13767    573.592    141.000     0.3692   2.829472     0.3681   2.830571      74.25     0.0211     3.0755     2.6894  1.9625483  0.6395817   46.99834  -47.49320    33.5245    33.5401     0.3639     0.3628    26.8963    26.9089    7.37306    7.34837         22 0.0000e+00
      13789    574.518    142.000     0.3765   2.830482     0.3764   2.831720      73.30     0.0236     3.0687     2.6877  1.9627033  0.6397488   46.99834  -47.49320    33.5292    33.5455     0.3712     0.3710    26.8996    26.9128    7.33739    7.33466         22 0.0000e+00
      13812    575.459    143.000     0.3888   2.831961     0.3890   2.833242      72.29     0.0218     3.0618     2.6849  1.9620423  0.6529782   46.99834  -47.49320    33.5345    33.5510     0.3834     0.3836    26.9033    26.9165    7.31346    7.30747         23 0.0000e+00
      13835    576.430    144.000     0.3858   2.832361     0.3854   2.833596      71.22     0.0217     3.0545     2.6812  1.9617443  0.6560598   46.99832  -47.49320    33.5424    33.5589     0.3804     0.3800    26.9098    26.9231    7.26957    7.28503         24 0.0000e+00
      13861    577.499    145.000     0.3897   2.833099     0.3889   2.834285      70.04     0.0211     3.0437     2.6763  1.9629170  0.6605138   46.99832  -47.49320    33.5473    33.5636     0.3842     0.3834    26.9135    26.9267    7.22425    7.26534         27 0.0000e+00
      13888    578.626    146.000     0.4211   2.836899     0.4191   2.837916      69.25     0.0210     3.0338     2.6724  1.9633309  0.6618072   46.99832  -47.49320    33.5621    33.5776     0.4155     0.4135    26.9238    26.9363    7.24497    7.28999         26 0.0000e+00
      13911    579.600    147.000     0.4357   2.838886     0.4349   2.840057      68.27     0.0208     3.0303     2.6723  1.9639621  0.6640296   46.99832  -47.49320    33.5716    33.5878     0.4301     0.4292    26.9306    26.9436    7.24812    7.27507         21 0.0000e+00
      13931    580.434    148.000     0.4668   2.841932     0.4633   2.842890      67.51     0.0203     3.0255     2.6683  1.9638587  0.6639805   46.99832  -47.49320    33.5768    33.5932     0.4611     0.4576    26.9331    26.9464    7.14768    7.12055         20 0.0000e+00
      13951    581.270    149.000     0.5040   2.845993     0.5026   2.847111      66.58     0.0186     3.0128     2.6535  1.9643455  0.6664274   46.99832  -47.49320    33.5887    33.6048     0.4982     0.4969    26.9406    26.9536    6.94392    6.90664         21 0.0000e+00
      13975    582.245    150.000     0.5364   2.849660     0.5348   2.850782      65.40     0.0199     2.9854     2.6290  1.9645848  0.6678515   46.99832  -47.49320    33.6007    33.6170     0.5306     0.5290    26.9484    26.9616    6.71268    6.75638         26 0.0000e+00
      14003    583.411    151.000     0.5539   2.851657     0.5534   2.852849      64.17     0.0216     2.9458     2.6001  1.9654745  0.6739841   46.99832  -47.49320    33.6071    33.6231     0.5479     0.5475    26.9526    26.9655    6.55615    6.69082         28 0.0000e+00
      14030    584.539    152.000     0.5842   2.854762     0.5802   2.855684      63.15     0.0188     2.9096     2.5762  1.9658177  0.6764761   46.99832  -47.49319    33.6139    33.6303     0.5782     0.5742    26.9563    26.9697    6.49798    6.66585         26 0.0000e+00
      14054    585.540    153.000     0.7340   2.869259     0.7249   2.869915      62.30     0.0213     2.8823     2.5582  1.9685146  0.6819459   46.99831  -47.49318    33.6386    33.6571     0.7278     0.7186    26.9675    26.9828    6.44979    6.62025         23 0.0000e+00
      14076    586.474    154.000     0.9223   2.887888     0.9213   2.889289      61.34     0.0238     2.8604     2.5443  1.9685866  0.6825362   46.99830  -47.49318    33.6746    33.6937     0.9158     0.9148    26.9849    27.0004    6.40623    6.57433         22 0.0000e+00
      14099    587.404    155.000     1.0184   2.898390     1.0169   2.899517      60.50     0.0279     2.8426     2.5318  1.9665307  0.6899748   46.99830  -47.49318    33.7052    33.7212     1.0117     1.0102    27.0035    27.0165    6.37007    6.53030         23 0.0000e+00
      14121    588.342    156.000     1.0427   2.901224     1.0420   2.902410      59.58     0.0338     2.8253     2.5197  1.9658209  0.6922787   46.99830  -47.49318    33.7147    33.7306     1.0359     1.0352    27.0096    27.0225    6.32837    6.49440         22 0.0000e+00
      14144    589.296    157.000     1.0715   2.904521     1.0701   2.905651      58.61     0.0351     2.8093     2.5081  1.9721572  0.7134763   46.99830  -47.49318    33.7252    33.7413     1.0646     1.0632    27.0163    27.0293    6.29508    6.46570         23 0.0000e+00
      14168    590.292    158.000     1.0911   2.906804     1.0906   2.908010      57.57     0.0341     2.7940     2.4969  1.9755799  0.7252744   46.99830  -47.49318    33.7328    33.7487     1.0842     1.0837    27.0211    27.0339    6.27589    6.43856         25 0.0000e+00
      14193    591.328    159.000     1.1178   2.909779     1.1169   2.910978      56.61     0.0343     2.7803     2.4864  1.9839867  0.7333414   46.99830  -47.49318    33.7415    33.7578     1.1107     1.1098    27.0264    27.0395    6.24117    6.41944         25 0.0000e+00
      14216    592.309    160.000     1.1343   2.911669     1.1328   2.912771      55.75     0.0331     2.7674     2.4777  1.9877783  0.7374721   46.99830  -47.49318    33.7472    33.7630     1.1272     1.1256    27.0299    27.0427    6.22524    6.40371         22 0.0000e+00
      14237    593.168    161.000     1.1564   2.914150     1.1552   2.915313      54.55     0.0319     2.7586     2.4711  1.9955806  0.7407684   46.99830  -47.49318    33.7546    33.7708     1.1492     1.1480    27.0344    27.0475    6.22028    6.38675         19 0.0000e+00
      14256    593.971    162.000     1.1759   2.916369     1.1751   2.917556      53.79     0.0325     2.7517     2.4647  2.0023758  0.7438648   46.99830  -47.49318    33.7613    33.7774     1.1686     1.1678    27.0385    27.0514    6.21200    6.36198         20 0.0000e+00
      14277    594.823    163.000     1.1873   2.917667     1.1872   2.918918      52.88     0.0335     2.7445     2.4580  2.0041544  0.7452060   46.99829  -47.49318    33.7650    33.7812     1.1800     1.1798    27.0408    27.0537    6.18458    6.33695         22 0.0000e+00
      14303    595.926    164.000     1.2075   2.919907     1.2057   2.921009      51.67     0.0312     2.7345     2.4491  2.0118346  0.7506498   46.99828  -47.49317    33.7713    33.7873     1.2000     1.1982    27.0445    27.0575    6.13424    6.28947         32 0.0000e+00
      14343    597.577    165.000     1.2309   2.922550     1.2310   2.923839      50.13     0.0326     2.7142     2.4316  2.0215497  0.7553747   46.99828  -47.49316    33.7792    33.7956     1.2234     1.2235    27.0493    27.0624    6.02031    6.19235         42 0.0000e+00
      14376    598.956    166.000     1.2409   2.923733     1.2403   2.924949      49.36     0.0350     2.6944     2.4161  2.0269756  0.7576355   46.99828  -47.49316    33.7829    33.7991     1.2333     1.2328    27.0516    27.0646    5.96010    6.15507         23 0.0000e+00
      14394    599.723    167.000     1.2478   2.924592     1.2472   2.925818      48.79     0.0348     2.6847     2.4085  2.0345209  0.7594698   46.99827  -47.49316    33.7859    33.8022     1.2402     1.2396    27.0535    27.0666    5.95485    6.14385         16 0.0000e+00
      14409    600.331    168.000     1.2536   2.925328     1.2534   2.926581      47.88     0.0367     2.6780     2.4031  2.0341880  0.7592855   46.99826  -47.49316    33.7885    33.8046     1.2459     1.2457    27.0552    27.0682    5.94764    6.13914         14 0.0000e+00
      14422    600.890    169.000     1.2568   2.925755     1.2566   2.927007      47.36     0.0380     2.6716     2.3987  2.0343812  0.7594675   46.99826  -47.49316    33.7898    33.8061     1.2491     1.2488    27.0561    27.0691    5.94251    6.13454         13 0.0000e+00
      14436    601.460    170.000     1.2657   2.926835     1.2648   2.928014      46.44     0.0400     2.6665     2.3942  2.0426760  0.7654210   46.99826  -47.49316    33.7934    33.8095     1.2580     1.2570    27.0583    27.0713    5.94542    6.12846         15 0.0000e+00
      14452    602.136    171.000     1.2789   2.928401     1.2773   2.929502      45.15     0.0401     2.6613     2.3898  2.0426700  0.7654992   46.99826  -47.49316    33.7986    33.8143     1.2710     1.2695    27.0617    27.0744    5.93570    6.12477         19 0.0000e+00
      14478    603.220    172.000     1.2816   2.928740     1.2816   2.930006      43.82     0.0399     2.6528     2.3839  2.0493994  0.7689285   46.99826  -47.49314    33.7994    33.8156     1.2737     1.2737    27.0621    27.0751    5.92723    6.13618         36 0.0000e+00
      14524    605.130    173.000     1.2845   2.929080     1.2845   2.930359      42.37     0.0353     2.6448     2.3798  2.0600111  0.7726496   46.99826  -47.49314    33.8002    33.8164     1.2765     1.2768    27.0626    27.0756    5.97679    6.17746         43 0.0000e+00
      14554    606.382    174.000     1.2910   2.929866     1.2908   2.931128      41.38     0.0367     2.6444     2.3793  2.0661786  0.7732988   46.99826  -47.49314    33.8025    33.8188     1.2830     1.2828    27.0640    27.0771    5.97938    6.15279         23 0.0000e+00
