data/CTD/2013/CNV/D021A049.CNV
* Sea-Bird SBE 9 Data File:
* FileName = C:\CTD_ACQUISITION\2013021HUD\ctddata\021A049.hdr
* Software Version Seasave V 7.22.2
* Temperature SN = 5081
* Conductivity SN = 3561
* Number of Bytes Per Scan = 37
* Number of Voltage Words = 4
* Number of Scans Averaged by the Deck Unit = 1
* NMEA Latitude = 48 56.14 N
* NMEA Longitude = 045 49.78 W
* NMEA UTC (Time) = Jul 04 2013 22:48:08
* NMEA baud rate = 9600
** Ship: Hudson
** Cruise: HUD2013021
** Chief_Scientist: Greenan
** Organization: BIO
** Area_of_Operation: Sackville Spur
** Station: 49
** Sounding:  2572
** Event_Comments: SS28  393207
# nquan = 25
# nvalues = 2480                        
# units = specified
# name 0 = scan: Scan Count
# name 1 = timeS: Time, Elapsed [seconds]
# name 2 = prDM: Pressure, Digiquartz [db]
# name 3 = t068C: Temperature [ITS-68, deg C]
# name 4 = c0S/m: Conductivity [S/m]
# name 5 = t168C: Temperature, 2 [ITS-68, deg C]
# name 6 = c1S/m: Conductivity, 2 [S/m]
# name 7 = altM: Altimeter [m]
# name 8 = flCUVA: Fluorescence, Chelsea UV Aquatracka [ug/l]
# name 9 = sbeox0V: Oxygen raw, SBE 43 [V]
# name 10 = sbeox1V: Oxygen raw, SBE 43, 2 [V]
# name 11 = upoly0: Upoly 0, Optode 4330F - O2 D-Phase
# name 12 = upoly1: Upoly 1, Optode 4330F - O2 Temp
# name 13 = latitude: Latitude [deg]
# name 14 = longitude: Longitude [deg]
# name 15 = sal00: Salinity, Practical [PSU]
# name 16 = sal11: Salinity, Practical, 2 [PSU]
# name 17 = potemp068C: Potential Temperature [ITS-68, deg C]
# name 18 = potemp168C: Potential Temperature, 2 [ITS-68, deg C]
# name 19 = sigma-é00: Density [sigma-theta, Kg/m^3]
# name 20 = sigma-é11: Density, 2 [sigma-theta, Kg/m^3]
# name 21 = sbeox0ML/L: Oxygen, SBE 43 [ml/l], WS = 2
# name 22 = sbeox1ML/L: Oxygen, SBE 43, 2 [ml/l], WS = 2
# name 23 = nbin: number of scans per bin
# name 24 = flag: flag
# span 0 =       8008,      63560       
# span 1 =    333.629,   2648.308       
# span 2 =      2.000,   2481.000       
# span 3 =     2.4940,     8.2907       
# span 4 =   3.158422,   3.550355       
# span 5 =     2.4932,     8.2898       
# span 6 =   3.159712,   3.551657       
# span 7 =       2.19,      98.23       
# span 8 =     0.0049,     0.5085       
# span 9 =     2.1878,     3.3502       
# span 10 =     1.9680,     2.9969      
# span 11 =  1.6882242,  2.1111471      
# span 12 =  0.9352900,  1.6654816      
# span 13 =   48.93602,   48.93754      
# span 14 =  -45.83040,  -45.82962      
# span 15 =    33.8557,    35.1418      
# span 16 =    33.8746,    34.9381      
# span 17 =     2.3059,     8.2902      
# span 18 =     2.3050,     8.2894      
# span 19 =    26.4108,    27.9285      
# span 20 =    26.4228,    27.8896      
# span 21 =    5.87891,    6.71721      
# span 22 =    6.08766,    6.84905      
# span 23 =         13,         82      
# span 24 = 0.0000e+00, 0.0000e+00      
# interval = decibars: 1                
# start_time = Jul 04 2013 22:48:08 [NMEA time, header]
# bad_flag = -9.990e-29
*END*
[from data line 1740]
      47628   1984.444   1742.000     3.1618   3.249726     3.1611   3.251033      95.87     0.0097     2.3545     2.1173  2.0708182  1.0195360   48.93698  -45.83002    34.9180    34.9343     3.0302     3.0295    27.8169    27.8300    5.90044    6.13625         19 0.0000e+00
      47647   1985.263   1743.000     3.1618   3.249777     3.1609   3.251057      95.87     0.0095     2.3543     2.1166  2.0708182  1.0195360   48.93698  -45.83002    34.9180    34.9343     3.0302     3.0292    27.8170    27.8300    5.92032    6.13929         20 0.0000e+00
      47667   1986.094   1744.000     3.1617   3.249804     3.1610   3.251098      95.34     0.0125     2.3547     2.1163  2.0708182  1.0195360   48.93698  -45.83001    34.9180    34.9342     3.0299     3.0292    27.8170    27.8300    5.91771    6.14544         20 0.0000e+00
      47687   1986.906   1745.000     3.1610   3.249785     3.1605   3.251108      95.82     0.0153     2.3540     2.1162  2.0708182  1.0195360   48.93698  -45.83000    34.9180    34.9344     3.0292     3.0286    27.8170    27.8302    5.91069    6.14541         19 0.0000e+00
      47705   1987.683   1746.000     3.1604   3.249763     3.1604   3.251137      95.89     0.0149     2.3533     2.1159  2.0708857  1.0194685   48.93698  -45.83000    34.9179    34.9343     3.0285     3.0284    27.8170    27.8302    5.90989    6.14416         18 0.0000e+00
      47724   1988.441   1747.000     3.1590   3.249691     3.1595   3.251093      95.89     0.0133     2.3532     2.1155  2.0710223  1.0193319   48.93698  -45.83000    34.9180    34.9343     3.0270     3.0274    27.8172    27.8302    5.90331    6.14356         18 0.0000e+00
      47742   1989.194   1748.000     3.1583   3.249664     3.1582   3.251021      95.85     0.0136     2.3524     2.1153  2.0710902  1.0193325   48.93698  -45.83000    34.9180    34.9343     3.0262     3.0261    27.8173    27.8303    5.91132    6.14107         18 0.0000e+00
      47760   1989.968   1749.000     3.1530   3.249245     3.1525   3.250567      87.17     0.0149     2.3525     2.1150  2.0716608  1.0186274   48.93698  -45.83000    34.9180    34.9345     3.0209     3.0312    27.8179    27.8310    5.92351    6.15094         19 0.0000e+00
      47780   1990.800   1750.000     3.1520   3.249201     3.1511   3.250497      77.43     0.0121     2.3524     2.1151  2.0715144  1.0186055   48.93698  -45.83000    34.9181    34.9345     3.0198     3.0188    27.8180    27.8312    5.91663    6.15170         21 0.0000e+00
      47803   1991.746   1751.000     3.1521   3.249244     3.1513   3.250539      95.17     0.0154     2.3525     2.1149  2.0708694  1.0183648   48.93698  -45.83000    34.9180    34.9344     3.0199     3.0231    27.8179    27.8310    5.92226    6.15292         25 0.0000e+00
      47830   1992.867   1752.000     3.1521   3.249283     3.1513   3.250578      95.52     0.0173     2.3520     2.1151  2.0709941  1.0183145   48.93698  -45.83000    34.9180    34.9344     3.0198     3.0188    27.8179    27.8311    5.91957    6.15947         28 0.0000e+00
      47857   1993.997   1753.000     3.1521   3.249326     3.1512   3.250617      95.87     0.0155     2.3522     2.1152  2.0721765  1.0183151   48.93698  -45.83000    34.9180    34.9344     3.0197     3.0188    27.8179    27.8311    5.91471    6.15342         25 0.0000e+00
      47880   1994.938   1754.000     3.1519   3.249354     3.1510   3.250640      95.52     0.0137     2.3515     2.1150  2.0720963  1.0183151   48.93698  -45.83000    34.9180    34.9344     3.0194     3.0185    27.8180    27.8311    5.91057    6.15020         21 0.0000e+00
      47899   1995.749   1755.000     3.1507   3.249300     3.1500   3.250596      95.86     0.0150     2.3510     2.1148  2.0720391  1.0183151   48.93698  -45.83000    34.9182    34.9344     3.0181     3.0174    27.8182    27.8313    5.90809    6.15136         19 0.0000e+00
      47917   1996.497   1756.000     3.1494   3.249228     3.1488   3.250546      95.89     0.0143     2.3505     2.1147  2.0720391  1.0183151   48.93698  -45.83000    34.9182    34.9347     3.0167     3.0161    27.8184    27.8316    5.91274    6.14811         17 0.0000e+00
      47934   1997.220   1757.000     3.1487   3.249204     3.1480   3.250515      95.89     0.0120     2.3505     2.1140  2.0721121  1.0181689   48.93698  -45.83000    34.9182    34.9346     3.0159     3.0152    27.8185    27.8316    5.92010    6.14709         17 0.0000e+00
      47952   1997.953   1758.000     3.1484   3.249220     3.1477   3.250516      95.83     0.0112     2.3505     2.1142  2.0721068  1.0183182   48.93698  -45.82999    34.9182    34.9345     3.0156     3.0148    27.8185    27.8316    5.91135    6.15229         18 0.0000e+00
      47970   1998.717   1759.000     3.1482   3.249244     3.1474   3.250540      95.74     0.0094     2.3500     2.1139  2.0721033  1.0183151   48.93698  -45.82998    34.9183    34.9345     3.0152     3.0145    27.8186    27.8316    5.91210    6.15019         19 0.0000e+00
      47990   1999.531   1760.000     3.1481   3.249274     3.1475   3.250579      95.86     0.0123     2.3498     2.1136  2.0721619  1.0173876   48.93698  -45.82998    34.9182    34.9345     3.0151     3.0144    27.8185    27.8316    5.91280    6.15210         20 0.0000e+00
      48010   2000.368   1761.000     3.1481   3.249306     3.1474   3.250607      95.71     0.0156     2.3491     2.1137  2.0720370  1.0170889   48.93698  -45.82998    34.9181    34.9344     3.0150     3.0143    27.8185    27.8315    5.91802    6.15431         20 0.0000e+00
      48029   2001.178   1762.000     3.1465   3.249210     3.1464   3.250563      95.45     0.0132     2.3496     2.1133  2.0721695  1.0170940   48.93698  -45.82998    34.9181    34.9345     3.0133     3.0132    27.8186    27.8317    5.92439    6.14570         19 0.0000e+00
      48047   2001.934   1763.000     3.1449   3.249112     3.1443   3.250425      95.87     0.0091     2.3494     2.1128  2.0720398  1.0170940   48.93698  -45.82998    34.9182    34.9346     3.0117     3.0110    27.8188    27.8320    5.91373    6.14512         18 0.0000e+00
      48065   2002.649   1764.000     3.1437   3.249047     3.1429   3.250355      95.89     0.0087     2.3491     2.1127  2.0721793  1.0170940   48.93698  -45.82998    34.9182    34.9347     3.0104     3.0096    27.8190    27.8322    5.91652    6.14702         17 0.0000e+00
      48082   2003.357   1765.000     3.1432   3.249039     3.1424   3.250342      95.89     0.0117     2.3491     2.1122  2.0722528  1.0170940   48.93698  -45.82998    34.9182    34.9346     3.0098     3.0090    27.8190    27.8322    5.91701    6.14540         17 0.0000e+00
      48099   2004.089   1766.000     3.1431   3.249083     3.1424   3.250382      94.39     0.0109     2.3486     2.1119  2.0721099  1.0170940   48.93698  -45.82998    34.9182    34.9345     3.0097     3.0089    27.8190    27.8321    5.90892    6.14995         18 0.0000e+00
      48118   2004.890   1767.000     3.1423   3.249054     3.1413   3.250313      95.64     0.0121     2.3480     2.1119  2.0721002  1.0170940   48.93698  -45.82998    34.9182    34.9344     3.0088     3.0077    27.8191    27.8321    5.91478    6.15761         20 0.0000e+00
      48141   2005.819   1768.000     3.1385   3.248737     3.1367   3.249944      94.33     0.0126     2.3479     2.1120  2.0720401  1.0170459   48.93698  -45.82998    34.9181    34.9344     3.0049     3.0031    27.8193    27.8326    5.91521    6.15624         25 0.0000e+00
      48167   2006.911   1769.000     3.1354   3.248499     3.1344   3.249776      95.22     0.0123     2.3475     2.1117  2.0720842  1.0170038   48.93697  -45.82998    34.9180    34.9344     3.0017     3.0007    27.8196    27.8327    5.91342    6.15387         27 0.0000e+00
      48193   2007.988   1770.000     3.1349   3.248493     3.1341   3.249800      95.48     0.0165     2.3470     2.1115  2.0720387  1.0170435   48.93696  -45.82996    34.9180    34.9344     3.0012     3.0004    27.8196    27.8328    5.91297    6.15628         24 0.0000e+00
      48215   2008.918   1771.000     3.1342   3.248478     3.1334   3.249771      95.86     0.0165     2.3467     2.1116  2.0720391  1.0168611   48.93696  -45.82996    34.9180    34.9344     3.0004     2.9996    27.8197    27.8329    5.90931    6.15865         21 0.0000e+00
      48235   2009.766   1772.000     3.1332   3.248436     3.1323   3.249722      94.13     0.0166     2.3460     2.1114  2.0720391  1.0158789   48.93696  -45.82996    34.9180    34.9344     2.9994     2.9984    27.8198    27.8330    5.91543    6.15570         20 0.0000e+00
      48255   2010.578   1773.000     3.1327   3.248437     3.1321   3.249738      93.19     0.0120     2.3464     2.1113  2.0720391  1.0158731   48.93696  -45.82996    34.9181    34.9343     2.9987     2.9981    27.8200    27.8330    5.92384    6.14885         19 0.0000e+00
      48274   2011.394   1774.000     3.1325   3.248459     3.1318   3.249762      93.26     0.0128     2.3462     2.1106  2.0721610  1.0158731   48.93696  -45.82996    34.9181    34.9345     2.9985     2.9977    27.8200    27.8331    5.91803    6.14537         20 0.0000e+00
      48294   2012.214   1775.000     3.1322   3.248483     3.1316   3.249790      93.16     0.0136     2.3462     2.1102  2.0720384  1.0158731   48.93696  -45.82996    34.9182    34.9345     2.9981     2.9975    27.8201    27.8331    5.91826    6.15079         19 0.0000e+00
      48314   2013.025   1776.000     3.1319   3.248480     3.1312   3.249793      93.29     0.0155     2.3456     2.1100  2.0720391  1.0158731   48.93696  -45.82996    34.9180    34.9344     2.9977     2.9970    27.8200    27.8332    5.90959    6.15161         20 0.0000e+00
      48333   2013.818   1777.000     3.1312   3.248469     3.1305   3.249770      92.81     0.0154     2.3453     2.1097  2.0721021  1.0158731   48.93696  -45.82996    34.9181    34.9345     2.9969     2.9961    27.8201    27.8333    5.91305    6.15376         19 0.0000e+00
      48351   2014.597   1778.000     3.1304   3.248434     3.1297   3.249732      93.52     0.0154     2.3450     2.1098  2.0721068  1.0158731   48.93696  -45.82996    34.9181    34.9344     2.9960     2.9953    27.8202    27.8333    5.91350    6.15494         18 0.0000e+00
      48370   2015.377   1779.000     3.1297   3.248417     3.1292   3.249735      93.16     0.0101     2.3446     2.1094  2.0726829  1.0157442   48.93696  -45.82996    34.9181    34.9344     2.9953     2.9947    27.8203    27.8334    5.91265    6.15230         19 0.0000e+00
      48389   2016.158   1780.000     3.1282   3.248321     3.1278   3.249649      93.09     0.0079     2.3443     2.1093  2.0726817  1.0158718   48.93696  -45.82994    34.9181    34.9344     2.9937     2.9932    27.8204    27.8335    5.91496    6.15043         19 0.0000e+00
      48407   2016.936   1781.000     3.1277   3.248317     3.1270   3.249622      93.07     0.0112     2.3443     2.1088  2.0730557  1.0158054   48.93696  -45.82994    34.9181    34.9345     2.9931     2.9923    27.8205    27.8336    5.91572    6.15344         18 0.0000e+00
      48426   2017.699   1782.000     3.1270   3.248293     3.1264   3.249606      93.25     0.0158     2.3441     2.1090  2.0720229  1.0151161   48.93696  -45.82994    34.9180    34.9345     2.9924     2.9916    27.8205    27.8337    5.91889    6.16021         18 0.0000e+00
      48444   2018.465   1783.000     3.1240   3.248059     3.1233   3.249373      93.25     0.0144     2.3440     2.1089  2.0720391  1.0152961   48.93696  -45.82994    34.9180    34.9344     2.9892     2.9886    27.8207    27.8339    5.91490    6.15581         19 0.0000e+00
      48463   2019.256   1784.000     3.1228   3.248000     3.1222   3.249307      93.21     0.0111     2.3434     2.1085  2.0721686  1.0155536   48.93696  -45.82994    34.9181    34.9343     2.9880     2.9873    27.8209    27.8340    5.90042    6.15492         19 0.0000e+00
      48483   2020.087   1785.000     3.1216   3.247932     3.1207   3.249213      93.32     0.0116     2.3425     2.1086  2.0722139  1.0151734   48.93696  -45.82994    34.9180    34.9343     2.9867     2.9957    27.8209    27.8341    5.92177    6.15633         21 0.0000e+00
      48504   2020.962   1786.000     3.1204   3.247867     3.1196   3.249165      82.91     0.0134     2.3435     2.1082  2.0721552  1.0152920   48.93696  -45.82994    34.9179    34.9343     2.9855     2.9846    27.8210    27.8342    5.91552    6.14784         21 0.0000e+00
      48525   2021.845   1787.000     3.1199   3.247862     3.1191   3.249155      74.06     0.0153     2.3420     2.1075  2.0720966  1.0152327   48.93696  -45.82994    34.9180    34.9343     2.9849     2.9840    27.8211    27.8343    5.90330    6.13997         21 0.0000e+00
      48546   2022.709   1788.000     3.1188   3.247807     3.1180   3.249096      93.40     0.0179     2.3419     2.1066  2.0721555  1.0150589   48.93696  -45.82994    34.9180    34.9343     2.9837     2.9828    27.8212    27.8344    5.91858    6.13894         21 0.0000e+00
      48566   2023.551   1789.000     3.1186   3.247830     3.1178   3.249122      93.50     0.0161     2.3419     2.1061  2.0721009  1.0148381   48.93696  -45.82994    34.9180    34.9343     2.9834     2.9826    27.8213    27.8344    5.90759    6.14706         20 0.0000e+00
      48587   2024.401   1790.000     3.1185   3.247866     3.1178   3.249161      93.49     0.0131     2.3410     2.1059  2.0720403  1.0145411   48.93696  -45.82992    34.9180    34.9343     2.9833     2.9825    27.8213    27.8344    5.91272    6.15443         21 0.0000e+00
      48608   2025.302   1791.000     3.1178   3.247845     3.1172   3.249152      93.55     0.0121     2.3411     2.1059  2.0725329  1.0144862   48.93696  -45.82992    34.9180    34.9343     2.9825     2.9818    27.8214    27.8344    5.91674    6.15263         22 0.0000e+00
      48631   2026.265   1792.000     3.1174   3.247840     3.1167   3.249148      93.58     0.0104     2.3409     2.1058  2.0728939  1.0142773   48.93696  -45.82992    34.9179    34.9343     2.9820     2.9812    27.8213    27.8345    5.90910    6.15204         23 0.0000e+00
      48654   2027.204   1793.000     3.1168   3.247831     3.1160   3.249132      93.35     0.0146     2.3402     2.1054  2.0725889  1.0143198   48.93696  -45.82992    34.9179    34.9343     2.9813     2.9805    27.8214    27.8346    5.91326    6.15177         22 0.0000e+00
      48674   2028.035   1794.000     3.1163   3.247826     3.1155   3.249130      93.50     0.0168     2.3403     2.1054  2.0731912  1.0138204   48.93696  -45.82992    34.9180    34.9344     2.9807     2.9798    27.8215    27.8347    5.91141    6.15303         19 0.0000e+00
      48692   2028.789   1795.000     3.1160   3.247845     3.1153   3.249151      69.58     0.0148     2.3398     2.1052  2.0737607  1.0135756   48.93696  -45.82992    34.9180    34.9344     2.9803     2.9795    27.8216    27.8347    5.90826    6.15168         17 0.0000e+00
      48709   2029.520   1796.000     3.1154   3.247833     3.1146   3.249131      45.69     0.0124     2.3393     2.1050  2.0723121  1.0134312   48.93696  -45.82992    34.9180    34.9344     2.9796     2.9788    27.8216    27.8348    5.91528    6.15305         18 0.0000e+00
      48728   2030.291   1797.000     3.1144   3.247777     3.1134   3.249064      93.51     0.0114     2.3399     2.1048  2.0720391  1.0134311   48.93696  -45.82992    34.9179    34.9343     2.9786     2.9776    27.8216    27.8348    5.91929    6.15255         19 0.0000e+00
      48749   2031.163   1798.000     3.1125   3.247651     3.1119   3.248962      93.42     0.0111     2.3393     2.1046  2.0724618  1.0134311   48.93696  -45.82992    34.9179    34.9343     2.9766     2.9759    27.8218    27.8350    5.91123    6.15461         23 0.0000e+00
