data/CTD/2013/CNV/D021A040.CNV
* Sea-Bird SBE 9 Data File:
* FileName = C:\CTD_ACQUISITION\2013021HUD\ctddata\021A040.hdr
* Software Version Seasave V 7.22.2
* Temperature SN = 5081
* Conductivity SN = 3561
* Number of Bytes Per Scan = 37
* Number of Voltage Words = 4
* Number of Scans Averaged by the Deck Unit = 1
* NMEA Latitude = 48 29.61 N
* NMEA Longitude = 046 43.71 W
* NMEA UTC (Time) = Jul 03 2013 23:36:18
* NMEA baud rate = 9600
** Ship: Hudson
** Cruise: HUD2013021
** Chief_Scientist: Greenan
** Organization: BIO
** Area_of_Operation: Sackville Spur
** Station: 40
** Sounding:  1744
** Event_Comments: SS07  393180
# nquan = 25
# nvalues = 1637                        
# units = specified
# name 0 = scan: Scan Count
# name 1 = timeS: Time, Elapsed [seconds]
# name 2 = prDM: Pressure, Digiquartz [db]
# name 3 = t068C: Temperature [ITS-68, deg C]
# name 4 = c0S/m: Conductivity [S/m]
# name 5 = t168C: Temperature, 2 [ITS-68, deg C]
# name 6 = c1S/m: Conductivity, 2 [S/m]
# name 7 = altM: Altimeter [m]
# name 8 = flCUVA: Fluorescence, Chelsea UV Aquatracka [ug/l]
# name 9 = sbeox0V: Oxygen raw, SBE 43 [V]
# name 10 = sbeox1V: Oxygen raw, SBE 43, 2 [V]
# name 11 = upoly0: Upoly 0, Optode 4330F - O2 D-Phase
# name 12 = upoly1: Upoly 1, Optode 4330F - O2 Temp
# name 13 = latitude: Latitude [deg]
# name 14 = longitude: Longitude [deg]
# name 15 = sal00: Salinity, Practical [PSU]
# name 16 = sal11: Salinity, Practical, 2 [PSU]
# name 17 = potemp068C: Potential Temperature [ITS-68, deg C]
# name 18 = potemp168C: Potential Temperature, 2 [ITS-68, deg C]
# name 19 = sigma-é00: Density [sigma-theta, Kg/m^3]
# name 20 = sigma-é11: Density, 2 [sigma-theta, Kg/m^3]
# name 21 = sbeox0ML/L: Oxygen, SBE 43 [ml/l], WS = 2
# name 22 = sbeox1ML/L: Oxygen, SBE 43, 2 [ml/l], WS = 2
# name 23 = nbin: number of scans per bin
# name 24 = flag: flag
# span 0 =      10171,      47575       
# span 1 =    423.766,   1982.269       
# span 2 =      2.000,   1638.000       
# span 3 =     3.1443,     7.1683       
# span 4 =   3.114601,   3.409971       
# span 5 =     3.1438,     7.1677       
# span 6 =   3.116022,   3.411424       
# span 7 =     -36.81,     101.49       
# span 8 =     0.0052,     0.5660       
# span 9 =     2.3824,     3.4496       
# span 10 =     2.1428,     3.0741      
# span 11 =  1.6998008,  2.0626963      
# span 12 =  1.0187565,  1.5251925      
# span 13 =   48.49368,   48.49424      
# span 14 =  -46.73144,  -46.72963      
# span 15 =    33.2796,    34.9218      
# span 16 =    33.2943,    34.9389      
# span 17 =     3.1381,     7.1679      
# span 18 =     3.1377,     7.1673      
# span 19 =    26.0428,    27.7986      
# span 20 =    26.0543,    27.8124      
# span 21 =    5.85853,    7.54683      
# span 22 =    6.09326,    7.65170      
# span 23 =         11,         98      
# span 24 = 0.0000e+00, 0.0000e+00      
# interval = decibars: 1                
# start_time = Jul 03 2013 23:36:18 [NMEA time, header]
# bad_flag = -9.990e-29
*END*
[from data line 1160]
      37759   1573.230   1162.000     3.7459   3.276983     3.7456   3.278379      94.89     0.0142     2.5268     2.2702  2.0228601  1.0928640   48.49420  -46.73070    34.9134    34.9303     3.6580     3.6577    27.7526    27.7660    5.93736    6.14547         18 0.0000e+00
      37775   1573.931   1163.000     3.7456   3.277006     3.7452   3.278393      72.32     0.0143     2.5265     2.2703  2.0226667  1.0928724   48.49420  -46.73070    34.9135    34.9304     3.6576     3.6572    27.7527    27.7662    5.94021    6.15158         16 0.0000e+00
      37791   1574.595   1164.000     3.7455   3.277046     3.7450   3.278425      94.23     0.0139     2.5265     2.2702  2.0225897  1.0927972   48.49420  -46.73070    34.9136    34.9304     3.6574     3.6570    27.7528    27.7662    5.93474    6.14625         16 0.0000e+00
      37807   1575.252   1165.000     3.7453   3.277072     3.7449   3.278451      96.17     0.0111     2.5255     2.2697  2.0225143  1.0927961   48.49420  -46.73070    34.9136    34.9304     3.6572     3.6567    27.7528    27.7662    5.93414    6.14576         16 0.0000e+00
      37823   1575.932   1166.000     3.7453   3.277111     3.7449   3.278499      73.55     0.0099     2.5255     2.2700  2.0225880  1.0927961   48.49420  -46.73070    34.9135    34.9305     3.6571     3.6566    27.7527    27.7663    5.93945    6.15212         16 0.0000e+00
      37841   1576.659   1167.000     3.7453   3.277155     3.7449   3.278540      95.97     0.0100     2.5251     2.2697  2.0224297  1.0927961   48.49420  -46.73070    34.9135    34.9304     3.6570     3.6566    27.7527    27.7662    5.93353    6.15029         19 0.0000e+00
      37860   1577.475   1168.000     3.7453   3.277198     3.7449   3.278580      96.16     0.0130     2.5245     2.2694  2.0229504  1.0926833   48.49420  -46.73070    34.9136    34.9304     3.6569     3.6565    27.7528    27.7662    5.93406    6.15146         21 0.0000e+00
      37883   1578.434   1169.000     3.7447   3.277192     3.7442   3.278567      87.20     0.0132     2.5240     2.2695  2.0230029  1.0927455   48.49420  -46.73070    34.9137    34.9305     3.6562     3.6557    27.7529    27.7664    5.93512    6.15261         25 0.0000e+00
      37909   1579.486   1170.000     3.7438   3.277156     3.7435   3.278548      88.32     0.0130     2.5237     2.2693  2.0245314  1.0927964   48.49420  -46.73070    34.9136    34.9305     3.6553     3.6549    27.7530    27.7665    5.93705    6.15213         24 0.0000e+00
      37931   1580.430   1171.000     3.7433   3.277166     3.7430   3.278558      95.03     0.0108     2.5229     2.2693  2.0250082  1.0927961   48.49420  -46.73070    34.9138    34.9306     3.6547     3.6544    27.7532    27.7666    5.92522    6.15303         21 0.0000e+00
      37951   1581.255   1172.000     3.7434   3.277218     3.7429   3.278598      96.00     0.0104     2.5225     2.2691  2.0239639  1.0927961   48.49420  -46.73070    34.9138    34.9306     3.6547     3.6542    27.7532    27.7666    5.92690    6.14630         19 0.0000e+00
      37970   1582.030   1173.000     3.7433   3.277263     3.7430   3.278643      67.27     0.0120     2.5216     2.2685  2.0230832  1.0927961   48.49420  -46.73070    34.9139    34.9306     3.6546     3.6542    27.7533    27.7667    5.93253    6.14645         19 0.0000e+00
      37989   1582.813   1174.000     3.7434   3.277306     3.7430   3.278686      74.18     0.0143     2.5221     2.2684  2.0231957  1.0927961   48.49419  -46.73070    34.9138    34.9306     3.6545     3.6541    27.7532    27.7666    5.93611    6.15107         19 0.0000e+00
      38008   1583.627   1175.000     3.7433   3.277341     3.7429   3.278712      96.11     0.0153     2.5212     2.2682  2.0242939  1.0923452   48.49418  -46.73070    34.9138    34.9305     3.6544     3.6539    27.7532    27.7666    5.93544    6.15325         19 0.0000e+00
      38028   1584.452   1176.000     3.7431   3.277368     3.7427   3.278751      87.78     0.0116     2.5216     2.2682  2.0243602  1.0923692   48.49418  -46.73070    34.9139    34.9307     3.6541     3.6537    27.7533    27.7667    5.93473    6.15549         20 0.0000e+00
      38047   1585.242   1177.000     3.7429   3.277391     3.7425   3.278778      80.30     0.0097     2.5207     2.2683  2.0249727  1.0919758   48.49418  -46.73070    34.9138    34.9307     3.6538     3.6534    27.7533    27.7667    5.92590    6.15552         18 0.0000e+00
      38065   1585.997   1178.000     3.7429   3.277445     3.7425   3.278823      94.76     0.0084     2.5204     2.2681  2.0251262  1.0918968   48.49418  -46.73070    34.9140    34.9307     3.6537     3.6533    27.7534    27.7668    5.93089    6.14996         19 0.0000e+00
      38084   1586.776   1179.000     3.7429   3.277483     3.7425   3.278868      94.71     0.0081     2.5201     2.2676  2.0254419  1.0918335   48.49418  -46.73070    34.9139    34.9308     3.6536     3.6532    27.7534    27.7668    5.93968    6.13806         19 0.0000e+00
      38106   1587.699   1180.000     3.7425   3.277490     3.7425   3.278901      95.04     0.0079     2.5205     2.2664  2.0234525  1.0917652   48.49418  -46.73070    34.9139    34.9307     3.6532     3.6531    27.7534    27.7668    5.93777    6.13196         26 0.0000e+00
      38137   1589.000   1181.000     3.7410   3.277413     3.7409   3.278815      82.88     0.0165     2.5202     2.2649  2.0238895  1.0917181   48.49418  -46.73070    34.9141    34.9308     3.6516     3.6514    27.7537    27.7671    5.93470    6.13411         34 0.0000e+00
      38166   1590.202   1182.000     3.7401   3.277385     3.7403   3.278816      95.16     0.0168     2.5190     2.2644  2.0250924  1.0915709   48.49418  -46.73070    34.9142    34.9309     3.6506     3.6508    27.7539    27.7672    5.92534    6.14646         23 0.0000e+00
      38185   1591.007   1183.000     3.7393   3.277377     3.7394   3.278800      94.83     0.0170     2.5187     2.2644  2.0247767  1.0916476   48.49418  -46.73070    34.9144    34.9311     3.6497     3.6498    27.7542    27.7675    5.93421    6.14888         17 0.0000e+00
      38201   1591.675   1184.000     3.7397   3.277453     3.7393   3.278835      79.83     0.0135     2.5190     2.2645  2.0224371  1.0924809   48.49418  -46.73070    34.9144    34.9312     3.6501     3.6496    27.7541    27.7676    5.93316    6.15083         15 0.0000e+00
      38216   1592.287   1185.000     3.7393   3.277463     3.7391   3.278871      82.12     0.0124     2.5184     2.2646  2.0228703  1.0924705   48.49418  -46.73070    34.9144    34.9314     3.6496     3.6493    27.7542    27.7677    5.93226    6.14869         15 0.0000e+00
      38230   1592.883   1186.000     3.7389   3.277471     3.7386   3.278878      94.34     0.0117     2.5185     2.2642  2.0226800  1.0921916   48.49417  -46.73070    34.9145    34.9315     3.6490     3.6535    27.7543    27.7679    5.93107    6.14627         14 0.0000e+00
      38245   1593.497   1187.000     3.7387   3.277500     3.7384   3.278904      94.80     0.0141     2.5180     2.2644  2.0253031  1.0916591   48.49416  -46.73070    34.9145    34.9314     3.6488     3.6485    27.7543    27.7678    5.92583    6.14425         15 0.0000e+00
      38261   1594.171   1188.000     3.7386   3.277540     3.7383   3.278937      95.04     0.0174     2.5173     2.2638  2.0255668  1.0915771   48.49416  -46.73070    34.9145    34.9314     3.6486     3.6483    27.7544    27.7679    5.91068    6.14199         18 0.0000e+00
      38281   1594.994   1189.000     3.7381   3.277527     3.7375   3.278906      68.19     0.0185     2.5153     2.2635  2.0254240  1.0915751   48.49416  -46.73070    34.9145    34.9314     3.6480     3.6474    27.7544    27.7680    5.92014    6.14918         22 0.0000e+00
      38309   1596.180   1190.000     3.7375   3.277524     3.7371   3.278904      95.35     0.0160     2.5160     2.2637  2.0251400  1.0915751   48.49416  -46.73070    34.9145    34.9314     3.6474     3.6469    27.7545    27.7680    5.93413    6.15101         34 0.0000e+00
      38340   1597.468   1191.000     3.7382   3.277618     3.7377   3.279005      87.75     0.0112     2.5158     2.2634  2.0253568  1.0915751   48.49416  -46.73070    34.9145    34.9314     3.6479     3.6474    27.7544    27.7679    5.92199    6.14692         25 0.0000e+00
      38362   1598.373   1192.000     3.7380   3.277643     3.7375   3.279026      84.43     0.0144     2.5141     2.2632  2.0256469  1.0915751   48.49416  -46.73070    34.9145    34.9314     3.6476     3.6471    27.7544    27.7680    5.91326    6.15049         20 0.0000e+00
      38380   1599.133   1193.000     3.7354   3.277498     3.7350   3.278886      96.55     0.0136     2.5141     2.2633  2.0255685  1.0915751   48.49416  -46.73070    34.9149    34.9318     3.6451     3.6446    27.7550    27.7685    5.91339    6.15191         17 0.0000e+00
      38397   1599.844   1194.000     3.7352   3.277529     3.7348   3.278917      95.90     0.0142     2.5126     2.2630  2.0254962  1.0915751   48.49416  -46.73070    34.9150    34.9319     3.6447     3.6443    27.7551    27.7686    5.91748    6.14719         17 0.0000e+00
      38414   1600.556   1195.000     3.7351   3.277556     3.7346   3.278945      84.44     0.0140     2.5131     2.2628  2.0255053  1.0915751   48.49416  -46.73070    34.9150    34.9319     3.6445     3.6440    27.7551    27.7687    5.93001    6.14037         18 0.0000e+00
      38432   1601.301   1196.000     3.7349   3.277582     3.7345   3.278965      83.61     0.0116     2.5130     2.2620  2.0267076  1.0915751   48.49416  -46.73070    34.9150    34.9318     3.6442     3.6438    27.7552    27.7686    5.92384    6.14014         18 0.0000e+00
      38452   1602.106   1197.000     3.7349   3.277623     3.7345   3.279008      81.91     0.0119     2.5124     2.2618  2.0277195  1.0915751   48.49416  -46.73070    34.9149    34.9318     3.6442     3.6437    27.7551    27.7686    5.92341    6.14414         20 0.0000e+00
      38472   1602.967   1198.000     3.7349   3.277661     3.7345   3.279049      45.96     0.0122     2.5124     2.2613  2.0273821  1.0915164   48.49416  -46.73070    34.9149    34.9318     3.6441     3.6436    27.7551    27.7686    5.93219    6.14347         21 0.0000e+00
      38494   1603.858   1199.000     3.7347   3.277692     3.7345   3.279094      74.83     0.0101     2.5127     2.2611  2.0273058  1.0915196   48.49416  -46.73070    34.9150    34.9318     3.6438     3.6435    27.7552    27.7687    5.93278    6.14660         22 0.0000e+00
      38516   1604.777   1200.000     3.7345   3.277723     3.7342   3.279116      94.79     0.0069     2.5126     2.2609  2.0273395  1.0913652   48.49415  -46.73070    34.9150    34.9318     3.6435     3.6432    27.7553    27.7687    5.92996    6.14922         23 0.0000e+00
      38539   1605.743   1201.000     3.7345   3.277762     3.7342   3.279156      89.78     0.0084     2.5126     2.2609  2.0275507  1.0915736   48.49414  -46.73070    34.9150    34.9318     3.6434     3.6431    27.7553    27.7687    5.93177    6.14237         23 0.0000e+00
      38562   1606.710   1202.000     3.7343   3.277786     3.7340   3.279181      79.13     0.0110     2.5124     2.2599  2.0274992  1.0915220   48.49414  -46.73070    34.9150    34.9319     3.6431     3.6428    27.7553    27.7688    5.92999    6.13786         23 0.0000e+00
      38583   1607.594   1203.000     3.7335   3.277771     3.7329   3.279147      93.02     0.0101     2.5123     2.2597  2.0274124  1.0915142   48.49414  -46.73070    34.9151    34.9321     3.6423     3.6416    27.7555    27.7691    5.93197    6.14509         20 0.0000e+00
      38602   1608.388   1204.000     3.7330   3.277777     3.7324   3.279156      95.80     0.0129     2.5124     2.2596  2.0275390  1.0915074   48.49414  -46.73070    34.9153    34.9322     3.6417     3.6411    27.7557    27.7692    5.92813    6.14519         18 0.0000e+00
      38620   1609.128   1205.000     3.7324   3.277780     3.7320   3.279160      96.47     0.0148     2.5119     2.2593  2.0274363  1.0915754   48.49414  -46.73070    34.9154    34.9322     3.6410     3.6405    27.7558    27.7693    5.92346    6.13989         17 0.0000e+00
      38637   1609.848   1206.000     3.7325   3.277821     3.7320   3.279207      73.11     0.0174     2.5114     2.2590  2.0272706  1.0915079   48.49414  -46.73070    34.9153    34.9322     3.6410     3.6405    27.7557    27.7693    5.92909    6.13920         18 0.0000e+00
      38655   1610.586   1207.000     3.7326   3.277867     3.7322   3.279267      92.48     0.0179     2.5113     2.2584  2.0269384  1.0915073   48.49414  -46.73070    34.9153    34.9322     3.6410     3.6406    27.7557    27.7693    5.92240    6.13731         18 0.0000e+00
      38674   1611.367   1208.000     3.7328   3.277929     3.7323   3.279311      95.60     0.0188     2.5104     2.2579  2.0275626  1.0908111   48.49414  -46.73070    34.9153    34.9321     3.6411     3.6406    27.7557    27.7692    5.91862    6.12675         19 0.0000e+00
      38695   1612.237   1209.000     3.7327   3.277966     3.7321   3.279336      93.46     0.0178     2.5101     2.2566  2.0278661  1.0903610   48.49414  -46.73070    34.9153    34.9322     3.6409     3.6403    27.7558    27.7693    5.92314    6.12385         23 0.0000e+00
      38718   1613.209   1210.000     3.7319   3.277949     3.7316   3.279340      56.53     0.0185     2.5094     2.2558  2.0280302  1.0903541   48.49414  -46.73070    34.9154    34.9322     3.6401     3.6398    27.7559    27.7693    5.91663    6.13158         23 0.0000e+00
      38741   1614.177   1211.000     3.7320   3.277995     3.7315   3.279379      86.39     0.0177     2.5090     2.2555  2.0280836  1.0903541   48.49412  -46.73070    34.9154    34.9322     3.6401     3.6396    27.7559    27.7694    5.92430    6.13350         23 0.0000e+00
      38762   1615.053   1212.000     3.7318   3.278032     3.7314   3.279415      94.86     0.0159     2.5084     2.2550  2.0279622  1.0903541   48.49412  -46.73070    34.9155    34.9323     3.6398     3.6394    27.7560    27.7694    5.91982    6.13666         20 0.0000e+00
      38782   1615.860   1213.000     3.7319   3.278069     3.7314   3.279463      70.71     0.0166     2.5081     2.2552  2.0278285  1.0906063   48.49412  -46.73070    34.9153    34.9324     3.6398     3.6393    27.7559    27.7695    5.92191    6.14218         19 0.0000e+00
      38800   1616.632   1214.000     3.7317   3.278102     3.7312   3.279493      95.05     0.0192     2.5080     2.2550  2.0279453  1.0904919   48.49412  -46.73070    34.9154    34.9324     3.6395     3.6390    27.7560    27.7696    5.92469    6.13803         18 0.0000e+00
      38818   1617.391   1215.000     3.7310   3.278097     3.7304   3.279476      95.86     0.0169     2.5076     2.2548  2.0276105  1.0904224   48.49412  -46.73070    34.9156    34.9325     3.6388     3.6382    27.7562    27.7698    5.92495    6.13915         18 0.0000e+00
      38837   1618.157   1216.000     3.7304   3.278085     3.7301   3.279494      95.36     0.0147     2.5076     2.2549  2.0275695  1.0903549   48.49412  -46.73070    34.9156    34.9326     3.6381     3.6377    27.7563    27.7699    5.92208    6.14050         19 0.0000e+00
      38856   1618.972   1217.000     3.7283   3.277958     3.7279   3.279355      72.54     0.0154     2.5072     2.2547  2.0277760  1.0903541   48.49412  -46.73070    34.9158    34.9327     3.6359     3.6355    27.7567    27.7702    5.91420    6.13215         20 0.0000e+00
      38878   1619.888   1218.000     3.7274   3.277929     3.7270   3.279315      95.99     0.0144     2.5063     2.2537  2.0298967  1.0903541   48.49412  -46.73070    34.9159    34.9327     3.6350     3.6345    27.7568    27.7703    5.92230    6.12993         24 0.0000e+00
