data/CTD/2013/CNV/D021A036.CNV
* Sea-Bird SBE 9 Data File:
* FileName = C:\CTD_ACQUISITION\2013021HUD\ctddata\021A036.hdr
* Software Version Seasave V 7.22.2
* Temperature SN = 5081
* Conductivity SN = 3561
* Number of Bytes Per Scan = 37
* Number of Voltage Words = 4
* Number of Scans Averaged by the Deck Unit = 1
* NMEA Latitude = 48 18.49 N
* NMEA Longitude = 046 32.56 W
* NMEA UTC (Time) = Jul 03 2013 17:07:39
* NMEA baud rate = 9600
** Ship: Hudson
** Cruise: HUD2013021
** Chief_Scientist: Greenan
** Organization: BIO
** Area_of_Operation: Sackville Spur
** Station: 36
** Sounding:  1047
** Event_Comments: SS11  393172
# nquan = 25
# nvalues = 1046                        
# units = specified
# name 0 = scan: Scan Count
# name 1 = timeS: Time, Elapsed [seconds]
# name 2 = prDM: Pressure, Digiquartz [db]
# name 3 = t068C: Temperature [ITS-68, deg C]
# name 4 = c0S/m: Conductivity [S/m]
# name 5 = t168C: Temperature, 2 [ITS-68, deg C]
# name 6 = c1S/m: Conductivity, 2 [S/m]
# name 7 = altM: Altimeter [m]
# name 8 = flCUVA: Fluorescence, Chelsea UV Aquatracka [ug/l]
# name 9 = sbeox0V: Oxygen raw, SBE 43 [V]
# name 10 = sbeox1V: Oxygen raw, SBE 43, 2 [V]
# name 11 = upoly0: Upoly 0, Optode 4330F - O2 D-Phase
# name 12 = upoly1: Upoly 1, Optode 4330F - O2 Temp
# name 13 = latitude: Latitude [deg]
# name 14 = longitude: Longitude [deg]
# name 15 = sal00: Salinity, Practical [PSU]
# name 16 = sal11: Salinity, Practical, 2 [PSU]
# name 17 = potemp068C: Potential Temperature [ITS-68, deg C]
# name 18 = potemp168C: Potential Temperature, 2 [ITS-68, deg C]
# name 19 = sigma-é00: Density [sigma-theta, Kg/m^3]
# name 20 = sigma-é11: Density, 2 [sigma-theta, Kg/m^3]
# name 21 = sbeox0ML/L: Oxygen, SBE 43 [ml/l], WS = 2
# name 22 = sbeox1ML/L: Oxygen, SBE 43, 2 [ml/l], WS = 2
# name 23 = nbin: number of scans per bin
# name 24 = flag: flag
# span 0 =       7277,      34909       
# span 1 =    303.168,   1454.517       
# span 2 =      3.000,   1048.000       
# span 3 =    -0.1071,     5.8252       
# span 4 =   2.764911,   3.285199       
# span 5 =    -0.1066,     5.8581       
# span 6 =   2.766249,   3.286538       
# span 7 =       4.19,     100.34       
# span 8 =     0.0061,     0.0865       
# span 9 =     2.5825,     3.3649       
# span 10 =     2.3207,     3.0162      
# span 11 =  1.7235114,  2.0059004      
# span 12 =  0.6273769,  1.3577989      
# span 13 =   48.30690,   48.30811      
# span 14 =  -46.54200,  -46.54056      
# span 15 =    32.6275,    34.9067      
# span 16 =    32.6408,    34.9230      
# span 17 =    -0.1086,     5.8250      
# span 18 =    -0.1081,     5.8578      
# span 19 =    25.6996,    27.7346      
# span 20 =    25.7061,    27.7477      
# span 21 =    5.98488,    7.67597      
# span 22 =    6.19591,    7.82691      
# span 23 =         11,         94      
# span 24 = 0.0000e+00, 0.0000e+00      
# interval = decibars: 1                
# start_time = Jul 03 2013 17:07:39 [NMEA time, header]
# bad_flag = -9.990e-29
*END*
[from data line 406]
      19602    816.721    409.000     4.0328   3.263985     4.0326   3.265313      92.51     0.0209     2.8236     2.5374  1.9474969  1.1245798   48.30750  -46.54160    34.8469    34.8627     4.0033     4.0032    27.6641    27.6768    6.18980    6.38576         29 0.0000e+00
      19640    818.300    410.000     4.0326   3.264055     4.0325   3.265384      95.85     0.0185     2.8235     2.5383  1.9482054  1.1261028   48.30748  -46.54160    34.8473    34.8632     4.0031     4.0029    27.6645    27.6772    6.19413    6.38368         41 0.0000e+00
      19675    819.749    411.000     4.0304   3.263913     4.0304   3.265260      93.68     0.0162     2.8234     2.5382  1.9487252  1.1269966   48.30748  -46.54158    34.8474    34.8634     4.0008     4.0008    27.6649    27.6776    6.19196    6.37102         30 0.0000e+00
      19702    820.861    412.000     4.0296   3.263907     4.0295   3.265260      94.98     0.0151     2.8229     2.5368  1.9487180  1.1269841   48.30748  -46.54158    34.8477    34.8639     3.9999     3.9998    27.6652    27.6780    6.19054    6.36900         24 0.0000e+00
      19724    821.779    413.000     4.0296   3.263964     4.0295   3.265309      96.43     0.0156     2.8229     2.5366  1.9487180  1.1269841   48.30748  -46.54158    34.8479    34.8639     3.9998     3.9997    27.6653    27.6781    6.18893    6.37604         20 0.0000e+00
      19743    822.575    414.000     4.0292   3.263995     4.0291   3.265344      96.11     0.0133     2.8221     2.5365  1.9487180  1.1269841   48.30748  -46.54158    34.8481    34.8642     3.9994     3.9993    27.6655    27.6783    6.17996    6.37531         18 0.0000e+00
      19760    823.304    415.000     4.0283   3.263972     4.0281   3.265311      89.44     0.0133     2.8207     2.5362  1.9487180  1.1269841   48.30748  -46.54158    34.8482    34.8643     3.9984     3.9982    27.6657    27.6785    6.17573    6.36767         17 0.0000e+00
      19778    824.022    416.000     4.0272   3.263909     4.0270   3.265256      96.66     0.0141     2.8201     2.5352  1.9487180  1.1269841   48.30748  -46.54158    34.8481    34.8644     3.9972     3.9970    27.6658    27.6787    6.17514    6.35714         18 0.0000e+00
      19796    824.778    417.000     4.0259   3.263849     4.0258   3.265200      96.52     0.0160     2.8193     2.5340  1.9487180  1.1269841   48.30748  -46.54158    34.8482    34.8644     3.9959     3.9958    27.6660    27.6788    6.18534    6.35861         19 0.0000e+00
      19817    825.678    418.000     4.0252   3.263826     4.0251   3.265163      73.18     0.0178     2.8195     2.5334  1.9488597  1.1269841   48.30748  -46.54158    34.8481    34.8642     3.9951     3.9949    27.6660    27.6788    6.19274    6.36974         25 0.0000e+00
      19852    827.118    419.000     4.0251   3.263836     4.0249   3.265178      84.87     0.0155     2.8198     2.5337  1.9498012  1.1269841   48.30748  -46.54158    34.8479    34.8640     3.9949     3.9947    27.6659    27.6787    6.19649    6.37596         47 0.0000e+00
      19897    829.009    420.000     4.0245   3.263839     4.0243   3.265172      92.47     0.0123     2.8201     2.5336  1.9486262  1.1269841   48.30747  -46.54158    34.8480    34.8640     3.9943     3.9941    27.6660    27.6787    6.18896    6.37343         33 0.0000e+00
      19921    830.011    421.000     4.0234   3.263802     4.0232   3.265145      96.38     0.0116     2.8195     2.5335  1.9484038  1.1269841   48.30746  -46.54158    34.8482    34.8643     3.9931     3.9929    27.6663    27.6791    6.19344    6.37013         20 0.0000e+00
      19938    830.709    422.000     4.0214   3.263695     4.0213   3.265052      96.72     0.0161     2.8203     2.5332  1.9478222  1.1271470   48.30746  -46.54158    34.8486    34.8647     3.9910     3.9909    27.6668    27.6797    6.19287    6.37132         15 0.0000e+00
      19953    831.313    423.000     4.0200   3.263635     4.0198   3.264989      96.13     0.0159     2.8184     2.5328  1.9477584  1.1271585   48.30746  -46.54158    34.8487    34.8650     3.9896     3.9893    27.6671    27.6801    6.18857    6.37817         14 0.0000e+00
      19966    831.891    424.000     4.0191   3.263621     4.0189   3.264977      92.58     0.0166     2.8196     2.5329  1.9481913  1.1270720   48.30746  -46.54158    34.8490    34.8653     3.9886     3.9884    27.6674    27.6804    6.19914    6.38210         14 0.0000e+00
      19981    832.507    425.000     4.0187   3.263645     4.0185   3.264992      88.49     0.0190     2.8196     2.5336  1.9499015  1.1269860   48.30746  -46.54158    34.8492    34.8654     3.9881     3.9879    27.6676    27.6805    6.19657    6.38783         16 0.0000e+00
      20005    833.495    426.000     4.0191   3.263710     4.0189   3.265058      92.52     0.0181     2.8191     2.5338  1.9494866  1.1269841   48.30746  -46.54158    34.8490    34.8652     3.9884     3.9882    27.6674    27.6803    6.19289    6.38411         39 0.0000e+00
      20062    835.887    427.000     4.0194   3.263779     4.0192   3.265130      82.01     0.0133     2.8183     2.5336  1.9482223  1.1269841   48.30746  -46.54158    34.8490    34.8652     3.9887     3.9885    27.6674    27.6803    6.19135    6.37961         51 0.0000e+00
      20091    837.076    428.000     4.0195   3.263862     4.0196   3.265224      89.93     0.0070     2.8177     2.5336  1.9487847  1.1269841   48.30746  -46.54158    34.8493    34.8654     3.9887     3.9887    27.6676    27.6804    6.19104    6.37983         21 0.0000e+00
      20109    837.814    429.000     4.0190   3.263873     4.0186   3.265184      95.33     0.0115     2.8177     2.5330  1.9487178  1.1269841   48.30746  -46.54158    34.8495    34.8655     3.9881     3.9876    27.6678    27.6806    6.19781    6.38152         16 0.0000e+00
      20124    838.439    430.000     4.0190   3.263925     4.0187   3.265257      96.72     0.0161     2.8185     2.5337  1.9487180  1.1269841   48.30746  -46.54158    34.8495    34.8656     3.9880     3.9877    27.6678    27.6807    6.19559    6.38765         14 0.0000e+00
      20138    839.032    431.000     4.0174   3.263818     4.0173   3.265174      96.67     0.0161     2.8173     2.5338  1.9487180  1.1269841   48.30746  -46.54156    34.8494    34.8656     3.9864     3.9862    27.6680    27.6808    6.19358    6.37701         15 0.0000e+00
      20153    839.671    432.000     4.0153   3.263647     4.0142   3.264920      95.21     0.0156     2.8177     2.5325  1.9487180  1.1269841   48.30746  -46.54156    34.8491    34.8654     3.9842     3.9831    27.6679    27.6810    6.20269    6.36734         16 0.0000e+00
      20174    840.557    433.000     4.0135   3.263519     4.0133   3.264863      92.23     0.0140     2.8181     2.5318  1.9506695  1.1269841   48.30746  -46.54156    34.8490    34.8651     3.9823     3.9821    27.6680    27.6809    6.20137    6.37369         29 0.0000e+00
      20212    842.130    434.000     4.0130   3.263506     4.0130   3.264864      96.62     0.0133     2.8178     2.5312  1.9511863  1.1268109   48.30746  -46.54156    34.8488    34.8649     3.9817     3.9817    27.6680    27.6808    6.19516    6.37726         38 0.0000e+00
      20240    843.292    435.000     4.0127   3.263533     4.0125   3.264880      89.11     0.0180     2.8166     2.5310  1.9511600  1.1268740   48.30746  -46.54156    34.8490    34.8651     3.9814     3.9812    27.6681    27.6809    6.18897    6.37655         22 0.0000e+00
      20260    844.128    436.000     4.0100   3.263308     4.0101   3.264690      96.75     0.0171     2.8169     2.5302  1.9503863  1.1269200   48.30746  -46.54158    34.8486    34.8649     3.9786     3.9786    27.6681    27.6811    6.20362    6.36995         19 0.0000e+00
      20278    844.894    437.000     4.0103   3.263380     4.0104   3.264776      96.24     0.0183     2.8167     2.5298  1.9499398  1.1269840   48.30746  -46.54157    34.8486    34.8650     3.9788     3.9789    27.6681    27.6811    6.19432    6.37259         18 0.0000e+00
      20298    845.715    438.000     4.0105   3.263459     4.0105   3.264819      77.55     0.0215     2.8163     2.5294  1.9498298  1.1269841   48.30746  -46.54156    34.8488    34.8649     3.9789     3.9789    27.6682    27.6811    6.19113    6.37453         22 0.0000e+00
      20323    846.730    439.000     4.0096   3.263407     4.0088   3.264690      78.19     0.0149     2.8158     2.5292  1.9487392  1.1260083   48.30746  -46.54156    34.8486    34.8647     3.9780     3.9771    27.6681    27.6811    6.20007    6.38016         27 0.0000e+00
      20353    847.988    440.000     4.0050   3.263001     4.0038   3.264254      90.67     0.0135     2.8159     2.5297  1.9492561  1.1257999   48.30746  -46.54156    34.8481    34.8642     3.9733     3.9729    27.6682    27.6812    6.20433    6.39406         32 0.0000e+00
      20382    849.200    441.000     4.0029   3.262832     4.0021   3.264134      96.72     0.0148     2.8164     2.5310  1.9499460  1.1261424   48.30745  -46.54156    34.8478    34.8641     3.9711     3.9703    27.6683    27.6813    6.20451    6.39382         26 0.0000e+00
      20406    850.194    442.000     4.0017   3.262770     4.0019   3.264159      96.32     0.0150     2.8160     2.5309  1.9499389  1.1259283   48.30744  -46.54156    34.8478    34.8641     3.9698     3.9700    27.6684    27.6813    6.19718    6.38421         22 0.0000e+00
      20426    851.029    443.000     4.0005   3.262711     4.0007   3.264095      87.41     0.0140     2.8153     2.5305  1.9499389  1.1257616   48.30744  -46.54156    34.8478    34.8641     3.9686     3.9687    27.6685    27.6815    6.19552    6.38564         18 0.0000e+00
      20444    851.778    444.000     4.0001   3.262726     4.0000   3.264077      79.92     0.0125     2.8153     2.5304  1.9498703  1.1257632   48.30745  -46.54156    34.8479    34.8640     3.9682     3.9680    27.6686    27.6815    6.19898    6.38561         18 0.0000e+00
      20461    852.515    445.000     4.0003   3.262789     4.0000   3.264124      27.88     0.0160     2.8147     2.5301  1.9487264  1.1257632   48.30746  -46.54156    34.8479    34.8640     3.9683     3.9680    27.6686    27.6815    6.19377    6.38780         18 0.0000e+00
      20481    853.317    446.000     3.9997   3.262772     3.9995   3.264124      94.15     0.0164     2.8141     2.5303  1.9487180  1.1257632   48.30746  -46.54156    34.8479    34.8641     3.9675     3.9674    27.6687    27.6816    6.19901    6.38710         21 0.0000e+00
      20507    854.405    447.000     4.0003   3.262859     4.0004   3.264231      88.91     0.0136     2.8142     2.5295  1.9504975  1.1254946   48.30746  -46.54156    34.8477    34.8639     3.9681     3.9682    27.6685    27.6813    6.20251    6.37267         34 0.0000e+00
      20547    856.095    448.000     3.9993   3.262808     3.9996   3.264204      86.79     0.0104     2.8141     2.5271  1.9503776  1.1254958   48.30746  -46.54156    34.8476    34.8638     3.9670     3.9673    27.6686    27.6814    6.20455    6.37406         41 0.0000e+00
      20580    857.469    449.000     3.9987   3.262809     3.9983   3.264142      87.31     0.0129     2.8143     2.5271  1.9492626  1.1257228   48.30746  -46.54156    34.8477    34.8639     3.9663     3.9660    27.6687    27.6816    6.20385    6.38244         25 0.0000e+00
      20601    858.348    450.000     3.9973   3.262725     3.9969   3.264044      95.78     0.0133     2.8141     2.5269  1.9487741  1.1257639   48.30744  -46.54156    34.8477    34.8638     3.9649     3.9644    27.6688    27.6817    6.21018    6.38182         19 0.0000e+00
      20618    859.055    451.000     3.9951   3.262573     3.9947   3.263898      95.68     0.0110     2.8148     2.5268  1.9487185  1.1257632   48.30744  -46.54156    34.8476    34.8638     3.9627     3.9622    27.6690    27.6819    6.21583    6.38460         16 0.0000e+00
      20634    859.707    452.000     3.9933   3.262442     3.9928   3.263761      94.23     0.0090     2.8151     2.5270  1.9487180  1.1257632   48.30744  -46.54156    34.8475    34.8637     3.9607     3.9602    27.6691    27.6820    6.21851    6.39068         15 0.0000e+00
      20650    860.364    453.000     3.9907   3.262235     3.9897   3.263501      85.51     0.0125     2.8153     2.5272  1.9508362  1.1247746   48.30744  -46.54156    34.8473    34.8634     3.9581     3.9570    27.6692    27.6821    6.22148    6.39889         17 0.0000e+00
      20668    861.121    454.000     3.9780   3.261041     3.9809   3.262697      95.85     0.0136     2.8163     2.5282  1.9510326  1.1246080   48.30746  -46.54156    34.8461    34.8626     3.9453     3.9482    27.6695    27.6824    6.21860    6.40841         20 0.0000e+00
      20696    862.281    455.000     3.9689   3.260233     3.9690   3.261616      95.99     0.0139     2.8156     2.5290  1.9502714  1.1245763   48.30746  -46.54156    34.8456    34.8618     3.9362     3.9363    27.6701    27.6830    6.21854    6.40410         37 0.0000e+00
      20735    863.897    456.000     3.9682   3.260265     3.9680   3.261609      96.19     0.0106     2.8156     2.5293  1.9498534  1.1237041   48.30746  -46.54156    34.8462    34.8623     3.9354     3.9352    27.6707    27.6835    6.22114    6.40264         35 0.0000e+00
      20763    865.080    457.000     3.9673   3.260281     3.9670   3.261629      87.28     0.0149     2.8163     2.5295  1.9498882  1.1224898   48.30746  -46.54156    34.8467    34.8631     3.9345     3.9341    27.6712    27.6842    6.22506    6.40867         24 0.0000e+00
      20784    865.942    458.000     3.9658   3.260260     3.9656   3.261610      96.28     0.0146     2.8161     2.5302  1.9498709  1.1223707   48.30746  -46.54156    34.8475    34.8638     3.9329     3.9327    27.6720    27.6849    6.22426    6.41247         18 0.0000e+00
      20801    866.673    459.000     3.9631   3.260096     3.9632   3.261465      96.29     0.0160     2.8160     2.5304  1.9499395  1.1221702   48.30746  -46.54156    34.8479    34.8641     3.9301     3.9302    27.6726    27.6855    6.22328    6.40401         17 0.0000e+00
      20818    867.373    460.000     3.9588   3.259796     3.9590   3.261175      96.42     0.0149     2.8161     2.5298  1.9499389  1.1221004   48.30746  -46.54156    34.8484    34.8645     3.9258     3.9260    27.6734    27.6862    6.22818    6.40105         17 0.0000e+00
      20836    868.107    461.000     3.9540   3.259446     3.9539   3.260807      84.59     0.0142     2.8164     2.5296  1.9498762  1.1221001   48.30746  -46.54156    34.8488    34.8650     3.9209     3.9208    27.6743    27.6872    6.22928    6.40758         19 0.0000e+00
      20857    868.983    462.000     3.9520   3.259342     3.9519   3.260700      95.52     0.0147     2.8161     2.5298  1.9499362  1.1219538   48.30746  -46.54156    34.8492    34.8654     3.9188     3.9187    27.6748    27.6877    6.22930    6.40798         24 0.0000e+00
      20885    870.186    463.000     3.9512   3.259331     3.9509   3.260673      96.44     0.0144     2.8164     2.5293  1.9506286  1.1213349   48.30746  -46.54156    34.8494    34.8656     3.9179     3.9177    27.6750    27.6880    6.22857    6.40795         33 0.0000e+00
      20918    871.554    464.000     3.9509   3.259368     3.9506   3.260718      81.14     0.0133     2.8158     2.5294  1.9510057  1.1204778   48.30746  -46.54156    34.8496    34.8659     3.9175     3.9173    27.6753    27.6882    6.22786    6.40967         31 0.0000e+00
      20948    872.786    465.000     3.9503   3.259401     3.9501   3.260753      58.50     0.0117     2.8157     2.5291  1.9486502  1.1207045   48.30746  -46.54156    34.8501    34.8663     3.9169     3.9167    27.6757    27.6886    6.23085    6.40984         27 0.0000e+00
