data/CTD/2013/CNV/D021A017.CNV
* Sea-Bird SBE 9 Data File:
* FileName = C:\CTD_ACQUISITION\2013021HUD\ctddata\021A017.hdr
* Software Version Seasave V 7.22.2
* Temperature SN = 5081
* Conductivity SN = 3561
* Number of Bytes Per Scan = 37
* Number of Voltage Words = 4
* Number of Scans Averaged by the Deck Unit = 1
* NMEA Latitude = 46 59.99 N
* NMEA Longitude = 046 50.02 W
* NMEA UTC (Time) = Jul 02 2013 02:27:57
* NMEA baud rate = 9600
** Ship: Hudson
** Cruise: HUD2013021
** Chief_Scientist: Greenan
** Organization: BIO
** Area_of_Operation: Sackville Spur
** Station: 17
** Sounding:  1194
** Event_Comments: FC18  393121
# nquan = 25
# nvalues = 1183                        
# units = specified
# name 0 = scan: Scan Count
# name 1 = timeS: Time, Elapsed [seconds]
# name 2 = prDM: Pressure, Digiquartz [db]
# name 3 = t068C: Temperature [ITS-68, deg C]
# name 4 = c0S/m: Conductivity [S/m]
# name 5 = t168C: Temperature, 2 [ITS-68, deg C]
# name 6 = c1S/m: Conductivity, 2 [S/m]
# name 7 = altM: Altimeter [m]
# name 8 = flCUVA: Fluorescence, Chelsea UV Aquatracka [ug/l]
# name 9 = sbeox0V: Oxygen raw, SBE 43 [V]
# name 10 = sbeox1V: Oxygen raw, SBE 43, 2 [V]
# name 11 = upoly0: Upoly 0, Optode 4330F - O2 D-Phase
# name 12 = upoly1: Upoly 1, Optode 4330F - O2 Temp
# name 13 = latitude: Latitude [deg]
# name 14 = longitude: Longitude [deg]
# name 15 = sal00: Salinity, Practical [PSU]
# name 16 = sal11: Salinity, Practical, 2 [PSU]
# name 17 = potemp068C: Potential Temperature [ITS-68, deg C]
# name 18 = potemp168C: Potential Temperature, 2 [ITS-68, deg C]
# name 19 = sigma-é00: Density [sigma-theta, Kg/m^3]
# name 20 = sigma-é11: Density, 2 [sigma-theta, Kg/m^3]
# name 21 = sbeox0ML/L: Oxygen, SBE 43 [ml/l], WS = 2
# name 22 = sbeox1ML/L: Oxygen, SBE 43, 2 [ml/l], WS = 2
# name 23 = nbin: number of scans per bin
# name 24 = flag: flag
# span 0 =       8764,      38295       
# span 1 =    365.138,   1595.600       
# span 2 =      1.000,   1183.000       
# span 3 =     0.9564,     6.1329       
# span 4 =   2.856177,   3.329182       
# span 5 =     0.9571,     6.1324       
# span 6 =   2.857717,   3.330497       
# span 7 =       5.44,      99.43       
# span 8 =     0.0049,     0.3983       
# span 9 =     2.4904,     3.3689       
# span 10 =     2.2397,     3.0041      
# span 11 =  1.7240636,  2.0412579      
# span 12 =  0.7788575,  1.3956007      
# span 13 =   46.99948,   46.99988      
# span 14 =  -46.83484,  -46.83358      
# span 15 =    32.8167,    34.9219      
# span 16 =    32.8319,    34.9369      
# span 17 =     0.9542,     6.1324      
# span 18 =     0.9550,     6.1321      
# span 19 =    25.8123,    27.7583      
# span 20 =    25.8238,    27.7710      
# span 21 =    5.60444,    7.74148      
# span 22 =    5.80229,    7.93156      
# span 23 =         10,         97      
# span 24 = 0.0000e+00, 0.0000e+00      
# interval = decibars: 1                
# start_time = Jul 02 2013 02:27:57 [NMEA time, header]
# bad_flag = -9.990e-29
*END*
[from data line 464]
      21880    911.637    465.000     4.0245   3.266848     4.0236   3.268071      95.77     0.0188     2.8034     2.5168  1.9487528  1.1257093   46.99986  -46.83440    34.8597    34.8752     3.9909     3.9900    27.6757    27.6881    6.17408    6.35742         17 0.0000e+00
      21897    912.329    466.000     4.0231   3.266752     4.0231   3.268066       8.79     0.0167     2.8026     2.5167  1.9487162  1.1257650   46.99984  -46.83440    34.8596    34.8752     3.9894     3.9893    27.6757    27.6881    6.17946    6.36464         16 0.0000e+00
      21913    912.996    467.000     4.0092   3.265380     4.0100   3.266823      79.88     0.0165     2.8031     2.5173  1.9487962  1.1257632   46.99984  -46.83440    34.8574    34.8738     3.9755     3.9762    27.6754    27.6884    6.19113    6.37532         16 0.0000e+00
      21929    913.665    468.000     4.0016   3.264722     4.0018   3.266063      88.33     0.0186     2.8038     2.5180  1.9499364  1.1269815   46.99984  -46.83440    34.8572    34.8729     3.9678     3.9680    27.6761    27.6885    6.19203    6.38392         17 0.0000e+00
      21946    914.381    469.000     3.9968   3.264286     3.9966   3.265592      61.88     0.0200     2.8033     2.5188  1.9499389  1.1269841   46.99984  -46.83440    34.8566    34.8723     3.9629     3.9628    27.6761    27.6886    6.18602    6.38476         18 0.0000e+00
      21966    915.213    470.000     4.0014   3.264818     4.0008   3.266078      30.10     0.0233     2.8030     2.5191  1.9504285  1.1264946   46.99984  -46.83440    34.8575    34.8731     3.9674     3.9668    27.6764    27.6889    6.17682    6.37383         22 0.0000e+00
      21992    916.271    471.000     4.0033   3.265047     4.0027   3.266316      88.07     0.0234     2.8019     2.5189  1.9511461  1.1257770   46.99984  -46.83440    34.8578    34.8734     3.9692     3.9687    27.6764    27.6889    6.17847    6.37178         29 0.0000e+00
      22023    917.600    472.000     4.0039   3.265163     4.0039   3.266480      79.16     0.0205     2.8007     2.5182  1.9503368  1.1257274   46.99986  -46.83440    34.8579    34.8735     3.9698     3.9698    27.6764    27.6889    6.16745    6.36243         34 0.0000e+00
      22055    918.912    473.000     4.0040   3.265226     4.0037   3.266507      58.83     0.0128     2.7987     2.5171  1.9499274  1.1255780   46.99986  -46.83440    34.8580    34.8735     3.9698     3.9695    27.6765    27.6889    6.15917    6.35909         27 0.0000e+00
      22079    919.899    474.000     4.0155   3.266479     4.0141   3.267656      97.41     0.0145     2.7973     2.5163  1.9499389  1.1257714   46.99986  -46.83441    34.8602    34.8756     3.9812     3.9798    27.6771    27.6895    6.15758    6.34845         20 0.0000e+00
      22096    920.638    475.000     4.0291   3.267946     4.0284   3.269184      95.77     0.0138     2.7960     2.5148  1.9499389  1.1257632   46.99986  -46.83442    34.8626    34.8780     3.9946     3.9939    27.6776    27.6899    6.15081    6.34168         17 0.0000e+00
      22111    921.270    476.000     4.0309   3.268194     4.0316   3.269567      14.73     0.0134     2.7953     2.5143  1.9499389  1.1257632   46.99986  -46.83442    34.8631    34.8787     3.9964     3.9970    27.6778    27.6901    6.15010    6.34360         14 0.0000e+00
      22126    921.876    477.000     4.0321   3.268352     4.0322   3.269672      11.38     0.0153     2.7944     2.5137  1.9499389  1.1257632   46.99986  -46.83442    34.8632    34.8787     3.9975     3.9976    27.6778    27.6901    6.14854    6.33744         15 0.0000e+00
      22142    922.548    478.000     4.0323   3.268412     4.0325   3.269739      73.94     0.0189     2.7935     2.5122  1.9499389  1.1257632   46.99986  -46.83442    34.8632    34.8787     3.9976     3.9978    27.6777    27.6901    6.15657    6.33159         18 0.0000e+00
      22167    923.582    479.000     4.0403   3.269280     4.0426   3.270832      94.67     0.0168     2.7932     2.5106  1.9507838  1.1272840   46.99984  -46.83442    34.8644    34.8804     4.0055     4.0078    27.6779    27.6903    6.14761    6.33307         34 0.0000e+00
      22199    924.931    480.000     4.0693   3.272370     4.0713   3.273879      96.25     0.0111     2.7915     2.5098  1.9511747  1.1281407   46.99985  -46.83443    34.8698    34.8855     4.0343     4.0363    27.6791    27.6914    6.13626    6.33613         25 0.0000e+00
      22221    925.821    481.000     4.0718   3.272708     4.0726   3.274100      96.54     0.0122     2.7896     2.5095  1.9511600  1.1282084   46.99986  -46.83444    34.8706    34.8862     4.0367     4.0376    27.6795    27.6919    6.12951    6.33645         19 0.0000e+00
      22238    926.534    482.000     4.0729   3.272891     4.0727   3.274182      96.52     0.0139     2.7891     2.5092  1.9511600  1.1282052   46.99986  -46.83444    34.8711    34.8866     4.0378     4.0375    27.6798    27.6922    6.13815    6.33104         16 0.0000e+00
      22253    927.164    483.000     4.0771   3.273378     4.0764   3.274612      96.80     0.0137     2.7889     2.5084  1.9504308  1.1291773   46.99986  -46.83444    34.8718    34.8872     4.0419     4.0412    27.6800    27.6922    6.13862    6.32470         15 0.0000e+00
      22267    927.765    484.000     4.0800   3.273729     4.0791   3.274945      96.82     0.0152     2.7884     2.5081  1.9487355  1.1317543   46.99986  -46.83444    34.8724    34.8878     4.0446     4.0438    27.6802    27.6924    6.14321    6.32637         14 0.0000e+00
      22282    928.385    485.000     4.0844   3.274225     4.0832   3.275411      96.94     0.0177     2.7886     2.5076  1.9487180  1.1320167   46.99986  -46.83444    34.8731    34.8884     4.0490     4.0478    27.6802    27.6926    6.14603    6.33056         16 0.0000e+00
      22302    929.209    486.000     4.0860   3.274425     4.0855   3.275679      96.63     0.0149     2.7886     2.5072  1.9498398  1.1323496   46.99986  -46.83444    34.8733    34.8886     4.0505     4.0500    27.6802    27.6925    6.14451    6.32348         28 0.0000e+00
      22377    932.339    487.000     4.0853   3.274395     4.0818   3.275328      96.58     0.0142     2.7874     2.5044  1.9500368  1.1344049   46.99986  -46.83444    34.8731    34.8879     4.0497     4.0462    27.6802    27.6923    6.14013    6.32858         27 0.0000e+00
      22391    932.926    488.000     4.0824   3.274184     4.0822   3.275476      97.09     0.0161     2.7874     2.5048  1.9499362  1.1342257   46.99986  -46.83444    34.8732    34.8886     4.0468     4.0466    27.6805    27.6928    6.14163    6.33174         14 0.0000e+00
      22404    933.463    489.000     4.0769   3.273690     4.0775   3.275077      96.43     0.0157     2.7873     2.5048  1.9520236  1.1343110   46.99986  -46.83444    34.8726    34.8884     4.0412     4.0418    27.6807    27.6932    6.14601    6.33082         13 0.0000e+00
      22416    933.948    490.000     4.0727   3.273327     4.0728   3.274662      96.45     0.0118     2.7872     2.5048  1.9523734  1.1343101   46.99986  -46.83444    34.8722    34.8880     4.0370     4.0370    27.6808    27.6933    6.14609    6.33078         11 0.0000e+00
      22427    934.423    491.000     4.0702   3.273124     4.0702   3.274458      96.66     0.0087     2.7877     2.5044  1.9523809  1.1343101   46.99986  -46.83444    34.8720    34.8878     4.0343     4.0343    27.6809    27.6935    6.14695    6.33299         11 0.0000e+00
      22439    934.920    492.000     4.0690   3.273055     4.0689   3.274387      96.81     0.0094     2.7871     2.5047  1.9523809  1.1343101   46.99986  -46.83446    34.8719    34.8878     4.0331     4.0330    27.6810    27.6936    6.14329    6.33488         13 0.0000e+00
      22453    935.510    493.000     4.0655   3.272784     4.0659   3.274140      96.75     0.0136     2.7865     2.5047  1.9519315  1.1334113   46.99986  -46.83446    34.8718    34.8875     4.0296     4.0299    27.6812    27.6937    6.14754    6.33315         16 0.0000e+00
      22482    936.695    494.000     4.0616   3.272437     4.0612   3.273720      96.11     0.0147     2.7868     2.5039  1.9522792  1.1332655   46.99986  -46.83445    34.8714    34.8869     4.0255     4.0252    27.6813    27.6937    6.14762    6.32685         43 0.0000e+00
      22518    938.195    495.000     4.0600   3.272328     4.0599   3.273633      96.00     0.0144     2.7857     2.5029  1.9536277  1.1329365   46.99986  -46.83446    34.8712    34.8868     4.0239     4.0238    27.6813    27.6937    6.13783    6.33019         25 0.0000e+00
      22541    939.152    496.000     4.0565   3.272031     4.0566   3.273360      42.49     0.0193     2.7849     2.5030  1.9536020  1.1328667   46.99986  -46.83446    34.8709    34.8865     4.0203     4.0204    27.6815    27.6939    6.14340    6.33276         22 0.0000e+00
      22563    940.091    497.000     4.0557   3.272010     4.0557   3.273316      66.52     0.0170     2.7850     2.5027  1.9534414  1.1327163   46.99986  -46.83446    34.8709    34.8864     4.0195     4.0194    27.6816    27.6940    6.14965    6.33500         23 0.0000e+00
      22587    941.069    498.000     4.0550   3.271976     4.0549   3.273298      58.11     0.0199     2.7852     2.5028  1.9536030  1.1326307   46.99986  -46.83446    34.8708    34.8865     4.0187     4.0186    27.6816    27.6941    6.15391    6.33598         24 0.0000e+00
      22609    942.015    499.000     4.0535   3.271878     4.0532   3.273179      95.69     0.0144     2.7852     2.5027  1.9538777  1.1319832   46.99986  -46.83446    34.8706    34.8864     4.0171     4.0168    27.6816    27.6942    6.14781    6.33645         22 0.0000e+00
      22630    942.885    500.000     4.0519   3.271771     4.0516   3.273068      95.86     0.0136     2.7846     2.5027  1.9539888  1.1321268   46.99986  -46.83446    34.8706    34.8863     4.0154     4.0151    27.6818    27.6943    6.14357    6.33838         19 0.0000e+00
      22649    943.654    501.000     4.0516   3.271798     4.0514   3.273096      76.92     0.0181     2.7840     2.5027  1.9546946  1.1318654   46.99986  -46.83447    34.8706    34.8862     4.0151     4.0149    27.6818    27.6942    6.13560    6.34028         18 0.0000e+00
      22665    944.337    502.000     4.0509   3.271769     4.0510   3.273097      95.85     0.0215     2.7827     2.5028  1.9548236  1.1318681   46.99986  -46.83448    34.8705    34.8861     4.0143     4.0144    27.6818    27.6942    6.13384    6.34138         15 0.0000e+00
      22680    944.958    503.000     4.0474   3.271477     4.0477   3.272818      95.77     0.0207     2.7827     2.5029  1.9548229  1.1320310   46.99986  -46.83448    34.8702    34.8858     4.0108     4.0110    27.6819    27.6943    6.13668    6.34091         15 0.0000e+00
      22695    945.566    504.000     4.0445   3.271246     4.0442   3.272530      95.91     0.0194     2.7815     2.5027  1.9560097  1.1316353   46.99986  -46.83448    34.8700    34.8856     4.0078     4.0074    27.6821    27.6945    6.12932    6.33982         15 0.0000e+00
      22711    946.237    505.000     4.0447   3.271322     4.0444   3.272614      96.37     0.0190     2.7808     2.5026  1.9560440  1.1317271   46.99986  -46.83448    34.8702    34.8858     4.0079     4.0076    27.6822    27.6947    6.12646    6.33908         18 0.0000e+00
      22746    947.714    506.000     4.0474   3.271658     4.0471   3.272935      96.08     0.0163     2.7792     2.5015  1.9543796  1.1309763   46.99986  -46.83448    34.8708    34.8863     4.0105     4.0101    27.6825    27.6948    6.13314    6.32887         55 0.0000e+00
      22788    949.478    507.000     4.0477   3.271760     4.0473   3.273037      95.99     0.0148     2.7779     2.4995  1.9543251  1.1306324   46.99986  -46.83448    34.8712    34.8867     4.0107     4.0104    27.6827    27.6951    6.12691    6.31551         22 0.0000e+00
      22807    950.241    508.000     4.0495   3.272021     4.0490   3.273287      96.96     0.0142     2.7775     2.4984  1.9548429  1.1307966   46.99986  -46.83450    34.8718    34.8873     4.0124     4.0120    27.6830    27.6954    6.13849    6.32437         17 0.0000e+00
      22823    950.900    509.000     4.0509   3.272227     4.0504   3.273494      96.13     0.0175     2.7779     2.4985  1.9548229  1.1309536   46.99986  -46.83450    34.8722    34.8877     4.0138     4.0133    27.6832    27.6956    6.15121    6.32536         16 0.0000e+00
      22838    951.527    510.000     4.0523   3.272421     4.0519   3.273691      96.56     0.0161     2.7789     2.4979  1.9559367  1.1306541   46.99986  -46.83450    34.8725    34.8880     4.0151     4.0146    27.6833    27.6957    6.15446    6.32513         15 0.0000e+00
      22853    952.186    511.000     4.0533   3.272563     4.0528   3.273837      96.97     0.0169     2.7792     2.4980  1.9560412  1.1307861   46.99986  -46.83450    34.8727    34.8882     4.0160     4.0155    27.6833    27.6958    6.14634    6.32520         17 0.0000e+00
      22872    952.958    512.000     4.0544   3.272730     4.0541   3.274024      96.16     0.0193     2.7789     2.4971  1.9559251  1.1306511   46.99986  -46.83450    34.8729    34.8885     4.0171     4.0167    27.6834    27.6959    6.13860    6.32003         20 0.0000e+00
      22896    953.951    513.000     4.0535   3.272682     4.0534   3.273995      96.47     0.0159     2.7783     2.4966  1.9549656  1.1306472   46.99986  -46.83450    34.8728    34.8884     4.0160     4.0160    27.6835    27.6959    6.13340    6.32641         27 0.0000e+00
      22923    955.104    514.000     4.0470   3.272094     4.0469   3.273393      96.29     0.0125     2.7774     2.4969  1.9553269  1.1307392   46.99986  -46.83450    34.8721    34.8877     4.0095     4.0093    27.6836    27.6960    6.13916    6.33874         27 0.0000e+00
      22948    956.116    515.000     4.0425   3.271688     4.0420   3.272957      96.78     0.0147     2.7771     2.4975  1.9560521  1.1314880   46.99988  -46.83450    34.8716    34.8871     4.0050     4.0044    27.6836    27.6961    6.14191    6.33962         22 0.0000e+00
      22968    956.953    516.000     4.0406   3.271564     4.0405   3.272867      91.41     0.0164     2.7777     2.4973  1.9560440  1.1312910   46.99988  -46.83451    34.8716    34.8872     4.0030     4.0028    27.6839    27.6963    6.14314    6.32627         19 0.0000e+00
      22987    957.747    517.000     4.0468   3.272268     4.0466   3.273555      44.13     0.0146     2.7766     2.4965  1.9560440  1.1306492   46.99988  -46.83452    34.8729    34.8883     4.0090     4.0089    27.6842    27.6965    6.13453    6.31163         19 0.0000e+00
      23007    958.595    518.000     4.0523   3.272882     4.0519   3.274160      95.70     0.0131     2.7765     2.4947  1.9560440  1.1306472   46.99988  -46.83452    34.8738    34.8893     4.0144     4.0141    27.6844    27.6968    6.13882    6.30610         22 0.0000e+00
      23029    959.505    519.000     4.0544   3.273168     4.0541   3.274444      96.63     0.0135     2.7760     2.4935  1.9552840  1.1306472   46.99988  -46.83452    34.8744    34.8899     4.0165     4.0161    27.6847    27.6970    6.12983    6.31211         21 0.0000e+00
      23050    960.390    520.000     4.0532   3.273111     4.0530   3.274402      96.70     0.0175     2.7752     2.4931  1.9548147  1.1305288   46.99988  -46.83452    34.8744    34.8900     4.0152     4.0150    27.6848    27.6973    6.12679    6.31785         21 0.0000e+00
      23071    961.231    521.000     4.0509   3.272942     4.0504   3.274213      96.57     0.0178     2.7739     2.4927  1.9560459  1.1307086   46.99988  -46.83452    34.8743    34.8899     4.0129     4.0124    27.6850    27.6974    6.11648    6.31583         20 0.0000e+00
