data/CTD/2013/CNV/D021A015.CNV
* Sea-Bird SBE 9 Data File:
* FileName = C:\CTD_ACQUISITION\2013021HUD\ctddata\021A015.hdr
* Software Version Seasave V 7.22.2
* Temperature SN = 5081
* Conductivity SN = 3561
* Number of Bytes Per Scan = 37
* Number of Voltage Words = 4
* Number of Scans Averaged by the Deck Unit = 1
* NMEA Latitude = 46 59.86 N
* NMEA Longitude = 047 00.97 W
* NMEA UTC (Time) = Jul 01 2013 23:47:27
* NMEA baud rate = 9600
** Ship: Hudson
** Cruise: HUD2013021
** Chief_Scientist: Greenan
** Organization: BIO
** Area_of_Operation: Sackville Spur
** Station: 15
** Sounding:  1154
** Event_Comments: FC17  393117
# nquan = 25
# nvalues = 1141                        
# units = specified
# name 0 = scan: Scan Count
# name 1 = timeS: Time, Elapsed [seconds]
# name 2 = prDM: Pressure, Digiquartz [db]
# name 3 = t068C: Temperature [ITS-68, deg C]
# name 4 = c0S/m: Conductivity [S/m]
# name 5 = t168C: Temperature, 2 [ITS-68, deg C]
# name 6 = c1S/m: Conductivity, 2 [S/m]
# name 7 = altM: Altimeter [m]
# name 8 = flCUVA: Fluorescence, Chelsea UV Aquatracka [ug/l]
# name 9 = sbeox0V: Oxygen raw, SBE 43 [V]
# name 10 = sbeox1V: Oxygen raw, SBE 43, 2 [V]
# name 11 = upoly0: Upoly 0, Optode 4330F - O2 D-Phase
# name 12 = upoly1: Upoly 1, Optode 4330F - O2 Temp
# name 13 = latitude: Latitude [deg]
# name 14 = longitude: Longitude [deg]
# name 15 = sal00: Salinity, Practical [PSU]
# name 16 = sal11: Salinity, Practical, 2 [PSU]
# name 17 = potemp068C: Potential Temperature [ITS-68, deg C]
# name 18 = potemp168C: Potential Temperature, 2 [ITS-68, deg C]
# name 19 = sigma-é00: Density [sigma-theta, Kg/m^3]
# name 20 = sigma-é11: Density, 2 [sigma-theta, Kg/m^3]
# name 21 = sbeox0ML/L: Oxygen, SBE 43 [ml/l], WS = 2
# name 22 = sbeox1ML/L: Oxygen, SBE 43, 2 [ml/l], WS = 2
# name 23 = nbin: number of scans per bin
# name 24 = flag: flag
# span 0 =      10762,      46763       
# span 1 =    448.383,   1948.434       
# span 2 =      2.000,   1142.000       
# span 3 =    -0.4216,     6.8842       
# span 4 =   2.733994,   3.299102       
# span 5 =    -0.4206,     6.9087       
# span 6 =   2.735323,   3.301991       
# span 7 =       1.33,     132.24       
# span 8 =     0.0068,     0.1975       
# span 9 =     2.5123,     3.3735       
# span 10 =     2.2643,     3.0161      
# span 11 =  1.7128848,  2.0274835      
# span 12 =  0.5922542,  1.4850753      
# span 13 =   46.99547,   46.99679      
# span 14 =  -47.01636,  -47.01417      
# span 15 =    32.5921,    34.9127      
# span 16 =    32.6012,    34.9285      
# span 17 =    -0.4233,     6.8840      
# span 18 =    -0.4222,     6.9085      
# span 19 =    25.5390,    27.7519      
# span 20 =    25.5419,    27.7646      
# span 21 =    5.87064,    7.66603      
# span 22 =    6.09830,    7.80854      
# span 23 =          6,        103      
# span 24 = 0.0000e+00, 0.0000e+00      
# interval = decibars: 1                
# start_time = Jul 01 2013 23:47:27 [NMEA time, header]
# bad_flag = -9.990e-29
*END*
[from data line 812]
      39752   1656.294    814.000     3.8833   3.271906     3.8828   3.273184       1.33     0.0098     2.7003     2.4319  1.9622301  1.1111112   46.99578  -47.01606    34.8862    34.9019     3.8231     3.8225    27.7141    27.7266    6.18483    6.38804         15 0.0000e+00
      39768   1656.948    815.000     3.8836   3.271980     3.8832   3.273271      89.94     0.0092     2.7005     2.4315  1.9621502  1.1111112   46.99578  -47.01608    34.8863    34.9020     3.8233     3.8229    27.7141    27.7267    6.17642    6.38708         17 0.0000e+00
      39785   1657.671    816.000     3.8834   3.272015     3.8830   3.273298      83.23     0.0134     2.6996     2.4312  1.9626131  1.1107132   46.99578  -47.01608    34.8864    34.9020     3.8230     3.8226    27.7143    27.7267    6.17542    6.39044         18 0.0000e+00
      39805   1658.494    817.000     3.8833   3.272050     3.8829   3.273333      77.37     0.0151     2.6998     2.4311  1.9637682  1.1098962   46.99578  -47.01608    34.8863    34.9020     3.8229     3.8224    27.7142    27.7267    6.18007    6.38956         21 0.0000e+00
      39825   1659.335    818.000     3.8835   3.272116     3.8831   3.273396      12.26     0.0138     2.6988     2.4306  1.9635623  1.1098901   46.99578  -47.01608    34.8864    34.9020     3.8230     3.8226    27.7143    27.7267    6.17491    6.38541         19 0.0000e+00
      39844   1660.119    819.000     3.8845   3.272280     3.8838   3.273524      97.14     0.0164     2.6993     2.4300  1.9640574  1.1098901   46.99578  -47.01608    34.8867    34.9022     3.8239     3.8232    27.7145    27.7269    6.18857    6.38297         18 0.0000e+00
      39862   1660.880    820.000     3.8871   3.272593     3.8862   3.273821      95.59     0.0189     2.6995     2.4296  1.9637536  1.1098901   46.99578  -47.01608    34.8872    34.9027     3.8264     3.8255    27.7146    27.7270    6.18259    6.38614         19 0.0000e+00
      39882   1661.693    821.000     3.8888   3.272815     3.8884   3.274091      71.68     0.0170     2.6989     2.4293  1.9639477  1.1098901   46.99578  -47.01608    34.8875    34.9031     3.8280     3.8275    27.7147    27.7271    6.17396    6.38619         21 0.0000e+00
      39903   1662.597    822.000     3.8893   3.272913     3.8890   3.274203      46.95     0.0131     2.6985     2.4289  1.9633197  1.1098901   46.99578  -47.01608    34.8877    34.9033     3.8283     3.8280    27.7148    27.7272    6.18055    6.37910         22 0.0000e+00
      39927   1663.581    823.000     3.8898   3.273029     3.8895   3.274314      95.27     0.0162     2.6979     2.4278  1.9639547  1.1101338   46.99578  -47.01608    34.8879    34.9036     3.8288     3.8285    27.7149    27.7274    6.17179    6.37122         25 0.0000e+00
      39952   1664.610    824.000     3.8907   3.273185     3.8902   3.274452      75.16     0.0153     2.6974     2.4267  1.9645334  1.1105675   46.99578  -47.01608    34.8883    34.9039     3.8297     3.8291    27.7151    27.7275    6.16804    6.37156         25 0.0000e+00
      39976   1665.620    825.000     3.8914   3.273302     3.8910   3.274594      14.71     0.0142     2.6960     2.4258  1.9643266  1.1108444   46.99578  -47.01608    34.8885    34.9042     3.8302     3.8299    27.7152    27.7277    6.15839    6.37287         23 0.0000e+00
      39997   1666.520    826.000     3.8913   3.273342     3.8911   3.274646      83.45     0.0122     2.6946     2.4254  1.9639199  1.1111108   46.99578  -47.01608    34.8885    34.9042     3.8301     3.8298    27.7152    27.7278    6.15715    6.37467         20 0.0000e+00
      40016   1667.301    827.000     3.8914   3.273398     3.8910   3.274680      95.71     0.0106     2.6939     2.4249  1.9637995  1.1111112   46.99578  -47.01608    34.8886    34.9042     3.8301     3.8297    27.7153    27.7278    6.15824    6.37373         17 0.0000e+00
      40033   1668.012    828.000     3.8909   3.273388     3.8908   3.274701      95.77     0.0102     2.6932     2.4245  1.9642392  1.1111112   46.99578  -47.01608    34.8885    34.9042     3.8295     3.8293    27.7153    27.7278    6.16047    6.37489         17 0.0000e+00
      40050   1668.699    829.000     3.8917   3.273527     3.8911   3.274797      95.11     0.0088     2.6926     2.4244  1.9638069  1.1111112   46.99578  -47.01608    34.8888    34.9044     3.8302     3.8296    27.7154    27.7279    6.16217    6.37151         17 0.0000e+00
      40067   1669.403    830.000     3.8936   3.273795     3.8930   3.275059      95.80     0.0112     2.6926     2.4237  1.9638714  1.1111112   46.99578  -47.01608    34.8894    34.9050     3.8321     3.8314    27.7157    27.7282    6.16188    6.36334         17 0.0000e+00
      40085   1670.182    831.000     3.8947   3.273949     3.8942   3.275234      76.91     0.0132     2.6916     2.4227  1.9645855  1.1111112   46.99576  -47.01610    34.8896    34.9053     3.8330     3.8325    27.7158    27.7283    6.16113    6.36097         20 0.0000e+00
      40107   1671.082    832.000     3.8947   3.274012     3.8944   3.275293      86.13     0.0121     2.6916     2.4220  1.9645909  1.1111112   46.99576  -47.01610    34.8897    34.9053     3.8330     3.8326    27.7159    27.7284    6.16391    6.37225         23 0.0000e+00
      40129   1671.996    833.000     3.8949   3.274079     3.8946   3.275376      97.04     0.0146     2.6910     2.4222  1.9642801  1.1111112   46.99576  -47.01610    34.8898    34.9055     3.8331     3.8328    27.7160    27.7285    6.16264    6.37813         20 0.0000e+00
      40148   1672.797    834.000     3.8955   3.274216     3.8952   3.275493      96.01     0.0152     2.6909     2.4222  1.9639462  1.1111112   46.99576  -47.01610    34.8903    34.9058     3.8336     3.8332    27.7163    27.7286    6.16354    6.37615         19 0.0000e+00
      40166   1673.536    835.000     3.8958   3.274297     3.8954   3.275584      96.40     0.0161     2.6901     2.4220  1.9641584  1.1111112   46.99576  -47.01610    34.8905    34.9061     3.8338     3.8334    27.7164    27.7289    6.15649    6.37758         17 0.0000e+00
      40184   1674.309    836.000     3.8958   3.274350     3.8954   3.275631      96.68     0.0140     2.6900     2.4222  1.9654396  1.1111112   46.99576  -47.01610    34.8906    34.9062     3.8337     3.8333    27.7165    27.7290    6.15608    6.37817         20 0.0000e+00
      40206   1675.219    837.000     3.8958   3.274389     3.8954   3.275682      96.27     0.0131     2.6888     2.4219  1.9656570  1.1111112   46.99576  -47.01610    34.8905    34.9063     3.8336     3.8332    27.7165    27.7290    6.15818    6.37527         24 0.0000e+00
      40231   1676.256    838.000     3.8959   3.274444     3.8954   3.275733      81.59     0.0084     2.6890     2.4216  1.9646144  1.1111112   46.99576  -47.01610    34.8906    34.9063     3.8336     3.8332    27.7165    27.7291    6.15687    6.37422         24 0.0000e+00
      40253   1677.171    839.000     3.8959   3.274506     3.8954   3.275788      70.47     0.0101     2.6876     2.4214  1.9645896  1.1111112   46.99576  -47.01610    34.8908    34.9064     3.8335     3.8331    27.7167    27.7292    6.15172    6.36884         20 0.0000e+00
      40272   1677.947    840.000     3.8957   3.274544     3.8953   3.275826      95.80     0.0075     2.6876     2.4206  1.9645909  1.1111112   46.99576  -47.01610    34.8909    34.9065     3.8333     3.8329    27.7168    27.7292    6.16870    6.36693         18 0.0000e+00
      40290   1678.692    841.000     3.8956   3.274590     3.8953   3.275874      96.00     0.0069     2.6881     2.4201  1.9645909  1.1111112   46.99576  -47.01610    34.8910    34.9066     3.8331     3.8328    27.7169    27.7293    6.16724    6.36742         18 0.0000e+00
      40309   1679.492    842.000     3.8958   3.274645     3.8954   3.275928      95.40     0.0113     2.6878     2.4196  1.9649361  1.1111112   46.99576  -47.01610    34.8910    34.9066     3.8332     3.8328    27.7169    27.7293    6.15924    6.36361         21 0.0000e+00
      40331   1680.431    843.000     3.8957   3.274687     3.8954   3.275970      95.38     0.0110     2.6874     2.4188  1.9662102  1.1111112   46.99576  -47.01610    34.8910    34.9066     3.8331     3.8327    27.7169    27.7293    6.15861    6.36047         24 0.0000e+00
      40355   1681.401    844.000     3.8952   3.274710     3.8948   3.275997      95.60     0.0125     2.6868     2.4180  1.9660397  1.1111112   46.99576  -47.01610    34.8914    34.9070     3.8324     3.8320    27.7173    27.7298    6.16188    6.35704         21 0.0000e+00
      40374   1682.213    845.000     3.8950   3.274745     3.8946   3.276030      96.15     0.0162     2.6871     2.4169  1.9667143  1.1111112   46.99576  -47.01610    34.8915    34.9070     3.8322     3.8318    27.7174    27.7298    6.16032    6.35569         18 0.0000e+00
      40391   1682.914    846.000     3.8947   3.274770     3.8943   3.276056      96.05     0.0150     2.6862     2.4166  1.9666023  1.1111112   46.99576  -47.01612    34.8915    34.9072     3.8318     3.8314    27.7174    27.7300    6.16066    6.35717         17 0.0000e+00
      40407   1683.600    847.000     3.8945   3.274799     3.8941   3.276084      96.45     0.0140     2.6867     2.4159  1.9668027  1.1111112   46.99576  -47.01612    34.8916    34.9072     3.8315     3.8311    27.7176    27.7300    6.17001    6.35361         16 0.0000e+00
      40425   1684.348    848.000     3.8946   3.274848     3.8942   3.276132      96.74     0.0136     2.6867     2.4153  1.9684238  1.1111112   46.99576  -47.01612    34.8915    34.9072     3.8316     3.8311    27.7175    27.7300    6.15917    6.35207         20 0.0000e+00
      40447   1685.269    849.000     3.8948   3.274915     3.8944   3.276187      96.41     0.0144     2.6855     2.4143  1.9684013  1.1111112   46.99576  -47.01612    34.8916    34.9071     3.8317     3.8312    27.7175    27.7299    6.15160    6.35067         25 0.0000e+00
      40475   1686.417    850.000     3.8949   3.274965     3.8945   3.276248      96.27     0.0138     2.6844     2.4136  1.9666064  1.1111112   46.99576  -47.01612    34.8916    34.9071     3.8317     3.8313    27.7175    27.7299    6.14501    6.35924         28 0.0000e+00
      40500   1687.469    851.000     3.8950   3.275030     3.8946   3.276309      95.73     0.0144     2.6835     2.4137  1.9669304  1.1111112   46.99576  -47.01612    34.8917    34.9072     3.8317     3.8313    27.7176    27.7300    6.15094    6.36596         22 0.0000e+00
      40520   1688.280    852.000     3.8950   3.275083     3.8946   3.276367      96.72     0.0113     2.6829     2.4138  1.9670341  1.1111112   46.99576  -47.01612    34.8918    34.9075     3.8316     3.8312    27.7177    27.7302    6.14933    6.36255         18 0.0000e+00
      40536   1688.972    853.000     3.8949   3.275125     3.8945   3.276421      96.70     0.0144     2.6823     2.4136  1.9670329  1.1111112   46.99574  -47.01612    34.8919    34.9076     3.8314     3.8310    27.7178    27.7304    6.15218    6.36225         16 0.0000e+00
      40552   1689.622    854.000     3.8946   3.275142     3.8942   3.276439      95.97     0.0150     2.6823     2.4136  1.9670329  1.1111112   46.99574  -47.01612    34.8919    34.9076     3.8310     3.8307    27.7179    27.7304    6.14982    6.36527         15 0.0000e+00
      40568   1690.291    855.000     3.8942   3.275149     3.8938   3.276444      95.99     0.0133     2.6817     2.4135  1.9670329  1.1111112   46.99574  -47.01612    34.8919    34.9076     3.8305     3.8302    27.7179    27.7304    6.14457    6.36583         17 0.0000e+00
      40586   1691.027    856.000     3.8937   3.275161     3.8933   3.276455      96.34     0.0124     2.6809     2.4135  1.9670329  1.1111112   46.99574  -47.01612    34.8921    34.9078     3.8300     3.8296    27.7181    27.7306    6.15411    6.36827         19 0.0000e+00
      40606   1691.867    857.000     3.8939   3.275239     3.8935   3.276523      96.94     0.0127     2.6812     2.4137  1.9681841  1.1111112   46.99574  -47.01612    34.8923    34.9078     3.8301     3.8297    27.7182    27.7307    6.16060    6.37022         21 0.0000e+00
      40627   1692.760    858.000     3.8939   3.275285     3.8935   3.276565      96.65     0.0163     2.6814     2.4137  1.9687835  1.1111112   46.99574  -47.01612    34.8923    34.9079     3.8300     3.8296    27.7183    27.7307    6.16201    6.36866         21 0.0000e+00
      40648   1693.604    859.000     3.8937   3.275324     3.8934   3.276601      96.93     0.0198     2.6816     2.4136  1.9689256  1.1111112   46.99574  -47.01613    34.8924    34.9079     3.8298     3.8294    27.7184    27.7308    6.15047    6.36817         20 0.0000e+00
      40667   1694.422    860.000     3.8936   3.275353     3.8932   3.276635      96.01     0.0173     2.6802     2.4135  1.9683864  1.1111112   46.99574  -47.01614    34.8924    34.9080     3.8295     3.8291    27.7184    27.7309    6.14578    6.36688         20 0.0000e+00
      40688   1695.289    861.000     3.8935   3.275391     3.8932   3.276684      96.16     0.0144     2.6801     2.4133  1.9685814  1.1111112   46.99574  -47.01614    34.8924    34.9081     3.8294     3.8290    27.7184    27.7309    6.15425    6.36222         22 0.0000e+00
      40712   1696.298    862.000     3.8932   3.275422     3.8929   3.276712      73.44     0.0110     2.6793     2.4126  1.9687678  1.1111112   46.99574  -47.01614    34.8926    34.9082     3.8290     3.8287    27.7186    27.7310    6.14491    6.35918         26 0.0000e+00
      40738   1697.389    863.000     3.8921   3.275378     3.8918   3.276670      66.35     0.0121     2.6786     2.4117  1.9688904  1.1111112   46.99574  -47.01614    34.8927    34.9084     3.8278     3.8275    27.7188    27.7313    6.14269    6.35096         25 0.0000e+00
      40761   1698.327    864.000     3.8906   3.275329     3.8902   3.276604      96.62     0.0117     2.6778     2.4105  1.9692981  1.1111112   46.99574  -47.01614    34.8932    34.9087     3.8263     3.8258    27.7193    27.7318    6.15065    6.34777         20 0.0000e+00
      40780   1699.106    865.000     3.8905   3.275369     3.8902   3.276656      96.20     0.0140     2.6780     2.4100  1.9691107  1.1111112   46.99574  -47.01614    34.8932    34.9088     3.8261     3.8257    27.7194    27.7319    6.14426    6.34753         17 0.0000e+00
      40796   1699.792    866.000     3.8906   3.275425     3.8903   3.276716      90.43     0.0167     2.6767     2.4088  1.9697216  1.1111112   46.99574  -47.01614    34.8932    34.9089     3.8262     3.8258    27.7194    27.7319    6.14185    6.34835         16 0.0000e+00
      40811   1700.434    867.000     3.8907   3.275471     3.8904   3.276767      95.00     0.0163     2.6770     2.4088  1.9700541  1.1111112   46.99574  -47.01614    34.8932    34.9089     3.8262     3.8258    27.7193    27.7319    6.14679    6.35777         15 0.0000e+00
      40827   1701.065    868.000     3.8908   3.275519     3.8905   3.276824      96.19     0.0159     2.6761     2.4088  1.9696258  1.1111112   46.99574  -47.01614    34.8932    34.9089     3.8261     3.8258    27.7194    27.7319    6.13697    6.35939         16 0.0000e+00
      40842   1701.722    869.000     3.8910   3.275574     3.8905   3.276861      96.93     0.0150     2.6752     2.4085  1.9696275  1.1111112   46.99574  -47.01614    34.8931    34.9089     3.8262     3.8257    27.7193    27.7319    6.14565    6.36054         16 0.0000e+00
      40860   1702.470    870.000     3.8902   3.275545     3.8900   3.276851      82.02     0.0145     2.6759     2.4086  1.9692960  1.1111112   46.99574  -47.01614    34.8931    34.9087     3.8254     3.8252    27.7194    27.7318    6.15148    6.36481         20 0.0000e+00
