data/CTD/2013/CNV/D021A038.CNV
* Sea-Bird SBE 9 Data File:
* FileName = C:\CTD_ACQUISITION\2013021HUD\ctddata\021A038.hdr
* Software Version Seasave V 7.22.2
* Temperature SN = 5081
* Conductivity SN = 3561
* Number of Bytes Per Scan = 37
* Number of Voltage Words = 4
* Number of Scans Averaged by the Deck Unit = 1
* NMEA Latitude = 48 23.61 N
* NMEA Longitude = 046 37.83 W
* NMEA UTC (Time) = Jul 03 2013 19:56:09
* NMEA baud rate = 9600
** Ship: Hudson
** Cruise: HUD2013021
** Chief_Scientist: Greenan
** Organization: BIO
** Area_of_Operation: Sackville Spur
** Station: 38
** Sounding:  1840
** Event_Comments: SS09  393176
# nquan = 25
# nvalues = 1863                        
# units = specified
# name 0 = scan: Scan Count
# name 1 = timeS: Time, Elapsed [seconds]
# name 2 = prDM: Pressure, Digiquartz [db]
# name 3 = t068C: Temperature [ITS-68, deg C]
# name 4 = c0S/m: Conductivity [S/m]
# name 5 = t168C: Temperature, 2 [ITS-68, deg C]
# name 6 = c1S/m: Conductivity, 2 [S/m]
# name 7 = altM: Altimeter [m]
# name 8 = flCUVA: Fluorescence, Chelsea UV Aquatracka [ug/l]
# name 9 = sbeox0V: Oxygen raw, SBE 43 [V]
# name 10 = sbeox1V: Oxygen raw, SBE 43, 2 [V]
# name 11 = upoly0: Upoly 0, Optode 4330F - O2 D-Phase
# name 12 = upoly1: Upoly 1, Optode 4330F - O2 Temp
# name 13 = latitude: Latitude [deg]
# name 14 = longitude: Longitude [deg]
# name 15 = sal00: Salinity, Practical [PSU]
# name 16 = sal11: Salinity, Practical, 2 [PSU]
# name 17 = potemp068C: Potential Temperature [ITS-68, deg C]
# name 18 = potemp168C: Potential Temperature, 2 [ITS-68, deg C]
# name 19 = sigma-é00: Density [sigma-theta, Kg/m^3]
# name 20 = sigma-é11: Density, 2 [sigma-theta, Kg/m^3]
# name 21 = sbeox0ML/L: Oxygen, SBE 43 [ml/l], WS = 2
# name 22 = sbeox1ML/L: Oxygen, SBE 43, 2 [ml/l], WS = 2
# name 23 = nbin: number of scans per bin
# name 24 = flag: flag
# span 0 =       8291,      53791       
# span 1 =    345.425,   2241.261       
# span 2 =      4.000,   1866.000       
# span 3 =    -0.2443,     6.2169       
# span 4 =   2.757862,   3.287074       
# span 5 =    -0.2446,     6.2035       
# span 6 =   2.759091,   3.288382       
# span 7 =       2.30,     100.09       
# span 8 =     0.0063,     0.1309       
# span 9 =     2.3228,     3.3688       
# span 10 =     2.0874,     3.0209      
# span 11 =  1.7177627,  2.0769217      
# span 12 =  0.6186467,  1.4014372      
# span 13 =   48.39422,   48.39512      
# span 14 =  -46.62855,  -46.62228      
# span 15 =    32.5992,    34.9211      
# span 16 =    32.6147,    34.9379      
# span 17 =    -0.2456,     6.2164      
# span 18 =    -0.2459,     6.2028      
# span 19 =    25.6311,    27.8085      
# span 20 =    25.6445,    27.8220      
# span 21 =    5.84698,    7.75055      
# span 22 =    6.06626,    7.85361      
# span 23 =         11,        101      
# span 24 = 0.0000e+00, 0.0000e+00      
# interval = decibars: 1                
# start_time = Jul 03 2013 19:56:09 [NMEA time, header]
# bad_flag = -9.990e-29
*END*
[from data line 1218]
      38544   1605.961   1222.000     3.7913   3.283288     3.7906   3.284610      70.46     0.0140     2.5200     2.2655  2.0199118  1.0989012   48.39458  -46.62666    34.9098    34.9262     3.6980     3.6972    27.7456    27.7588    5.95522    6.17466         23 0.0000e+00
      38565   1606.843   1223.000     3.7915   3.283341     3.7909   3.284679      93.76     0.0147     2.5198     2.2654  2.0198421  1.0989012   48.39458  -46.62666    34.9098    34.9262     3.6980     3.6974    27.7456    27.7588    5.96058    6.17420         20 0.0000e+00
      38585   1607.663   1224.000     3.7912   3.283361     3.7906   3.284701      94.69     0.0161     2.5194     2.2652  2.0196016  1.0988373   48.39458  -46.62666    34.9099    34.9263     3.6976     3.6971    27.7457    27.7588    5.95242    6.17178         19 0.0000e+00
      38604   1608.468   1225.000     3.7911   3.283403     3.7904   3.284722      67.47     0.0170     2.5189     2.2651  2.0197778  1.0989003   48.39458  -46.62666    34.9099    34.9263     3.6975     3.6967    27.7457    27.7589    5.95418    6.16793         20 0.0000e+00
      38625   1609.334   1226.000     3.7912   3.283449     3.7905   3.284779      80.03     0.0133     2.5187     2.2644  2.0199211  1.0987386   48.39458  -46.62666    34.9098    34.9263     3.6975     3.6968    27.7457    27.7589    5.95814    6.15879         22 0.0000e+00
      38653   1610.483   1227.000     3.7913   3.283484     3.7907   3.284823      76.46     0.0137     2.5182     2.2635  2.0202184  1.0988265   48.39457  -46.62664    34.9096    34.9261     3.6975     3.6969    27.7456    27.7587    5.95396    6.16492         35 0.0000e+00
      38691   1612.071   1228.000     3.7911   3.283516     3.7905   3.284854      96.88     0.0128     2.5174     2.2634  2.0208924  1.0987582   48.39456  -46.62664    34.9097    34.9262     3.6973     3.6966    27.7456    27.7588    5.95850    6.17318         35 0.0000e+00
      38718   1613.198   1229.000     3.7889   3.283366     3.7879   3.284672      82.27     0.0154     2.5181     2.2632  2.0204759  1.0987344   48.39456  -46.62664    34.9097    34.9263     3.6950     3.6940    27.7459    27.7592    5.96706    6.17193         22 0.0000e+00
      38738   1614.041   1230.000     3.7886   3.283398     3.7866   3.284605      74.93     0.0165     2.5181     2.2634  2.0200508  1.0989009   48.39456  -46.62663    34.9099    34.9264     3.6946     3.6925    27.7461    27.7594    5.96067    6.17033         19 0.0000e+00
      38757   1614.818   1231.000     3.7884   3.283412     3.7864   3.284642      94.88     0.0124     2.5176     2.2629  2.0202391  1.0989012   48.39455  -46.62662    34.9099    34.9264     3.6943     3.6923    27.7461    27.7594    5.95705    6.16616         19 0.0000e+00
      38776   1615.617   1232.000     3.7856   3.283204     3.7857   3.284602      96.29     0.0167     2.5176     2.2625  2.0199733  1.0988423   48.39454  -46.62662    34.9098    34.9263     3.6915     3.6915    27.7463    27.7594    5.96215    6.16881         20 0.0000e+00
      38798   1616.521   1233.000     3.7847   3.283167     3.7843   3.284515      34.55     0.0188     2.5175     2.2624  2.0199606  1.0988479   48.39454  -46.62662    34.9098    34.9262     3.6905     3.6900    27.7464    27.7595    5.95993    6.16787         23 0.0000e+00
      38824   1617.621   1234.000     3.7851   3.283243     3.7846   3.284586      94.89     0.0156     2.5167     2.2618  2.0205865  1.0980198   48.39454  -46.62662    34.9098    34.9262     3.6908     3.6903    27.7464    27.7595    5.94627    6.16600         29 0.0000e+00
      38851   1618.766   1235.000     3.7851   3.283282     3.7843   3.284608      94.77     0.0170     2.5156     2.2615  2.0207562  1.0976814   48.39454  -46.62662    34.9098    34.9263     3.6906     3.6899    27.7464    27.7596    5.94877    6.16915         26 0.0000e+00
      38877   1619.842   1236.000     3.7849   3.283305     3.7843   3.284646      68.66     0.0156     2.5152     2.2613  2.0200140  1.0976801   48.39454  -46.62661    34.9098    34.9263     3.6904     3.6898    27.7464    27.7596    5.95307    6.16459         26 0.0000e+00
      38905   1620.981   1237.000     3.7834   3.283227     3.7827   3.284555      94.30     0.0121     2.5141     2.2605  2.0199163  1.0976801   48.39453  -46.62660    34.9099    34.9264     3.6889     3.6881    27.7466    27.7598    5.94292    6.16420         29 0.0000e+00
      38932   1622.142   1238.000     3.7813   3.283107     3.7808   3.284446      82.88     0.0118     2.5135     2.2603  2.0190837  1.0976801   48.39452  -46.62660    34.9102    34.9266     3.6867     3.6861    27.7471    27.7602    5.95230    6.16754         25 0.0000e+00
      38956   1623.123   1239.000     3.7814   3.283155     3.7808   3.284492      76.65     0.0165     2.5133     2.2600  2.0198836  1.0976801   48.39452  -46.62660    34.9102    34.9267     3.6866     3.6860    27.7471    27.7603    5.94992    6.16178         22 0.0000e+00
      38976   1623.971   1240.000     3.7814   3.283201     3.7808   3.284550      95.67     0.0174     2.5127     2.2594  2.0207491  1.0976801   48.39450  -46.62658    34.9102    34.9269     3.6866     3.6859    27.7471    27.7605    5.94360    6.16167         20 0.0000e+00
      38996   1624.782   1241.000     3.7802   3.283159     3.7801   3.284533      96.31     0.0180     2.5122     2.2590  2.0207570  1.0976801   48.39450  -46.62658    34.9105    34.9269     3.6853     3.6851    27.7475    27.7606    5.94935    6.16114         19 0.0000e+00
      39016   1625.636   1242.000     3.7788   3.283107     3.7783   3.284448      62.92     0.0178     2.5119     2.2587  2.0207570  1.0976801   48.39450  -46.62658    34.9108    34.9272     3.6839     3.6833    27.7479    27.7610    5.94596    6.16215         22 0.0000e+00
      39040   1626.626   1243.000     3.7789   3.283152     3.7781   3.284476      93.33     0.0180     2.5114     2.2582  2.0207570  1.0976801   48.39450  -46.62658    34.9108    34.9273     3.6838     3.6830    27.7479    27.7611    5.94873    6.15824         26 0.0000e+00
      39070   1627.855   1244.000     3.7788   3.283195     3.7782   3.284524      65.29     0.0184     2.5107     2.2573  2.0208333  1.0976419   48.39450  -46.62658    34.9108    34.9273     3.6837     3.6830    27.7479    27.7611    5.94286    6.15363         32 0.0000e+00
      39098   1629.062   1245.000     3.7789   3.283243     3.7783   3.284578      96.13     0.0144     2.5106     2.2566  2.0212736  1.0976331   48.39449  -46.62656    34.9108    34.9273     3.6837     3.6830    27.7479    27.7611    5.95079    6.15457         26 0.0000e+00
      39122   1630.053   1246.000     3.7790   3.283302     3.7783   3.284633      88.20     0.0172     2.5101     2.2559  2.0219712  1.0976796   48.39448  -46.62656    34.9110    34.9274     3.6837     3.6830    27.7480    27.7612    5.94228    6.15400         22 0.0000e+00
      39144   1630.949   1247.000     3.7791   3.283349     3.7784   3.284683      69.12     0.0165     2.5095     2.2557  2.0219781  1.0976801   48.39448  -46.62656    34.9109    34.9274     3.6837     3.6829    27.7480    27.7612    5.94175    6.15708         21 0.0000e+00
      39166   1631.875   1248.000     3.7788   3.283371     3.7783   3.284711      95.58     0.0161     2.5088     2.2553  2.0203860  1.0976801   48.39448  -46.62656    34.9110    34.9274     3.6833     3.6828    27.7480    27.7612    5.94397    6.15725         24 0.0000e+00
      39193   1632.990   1249.000     3.7789   3.283414     3.7783   3.284746      84.66     0.0149     2.5089     2.2550  2.0208251  1.0976801   48.39447  -46.62655    34.9109    34.9273     3.6833     3.6827    27.7480    27.7611    5.94671    6.15484         30 0.0000e+00
      39225   1634.343   1250.000     3.7790   3.283468     3.7783   3.284796      80.85     0.0156     2.5085     2.2544  2.0222290  1.0976801   48.39446  -46.62654    34.9109    34.9274     3.6833     3.6826    27.7480    27.7612    5.94803    6.16043         31 0.0000e+00
      39251   1635.431   1251.000     3.7781   3.283448     3.7775   3.284782      96.71     0.0128     2.5084     2.2548  2.0226018  1.0976229   48.39446  -46.62654    34.9111    34.9275     3.6824     3.6817    27.7482    27.7614    5.94600    6.16811         22 0.0000e+00
      39271   1636.249   1252.000     3.7782   3.283500     3.7775   3.284830      80.25     0.0142     2.5080     2.2550  2.0227969  1.0976814   48.39446  -46.62652    34.9111    34.9275     3.6824     3.6817    27.7482    27.7614    5.94731    6.16400         18 0.0000e+00
      39289   1636.982   1253.000     3.7782   3.283543     3.7774   3.284868      68.95     0.0123     2.5080     2.2546  2.0229962  1.0976801   48.39444  -46.62652    34.9112    34.9276     3.6823     3.6815    27.7483    27.7615    5.95140    6.16155         18 0.0000e+00
      39307   1637.742   1254.000     3.7779   3.283559     3.7772   3.284890      95.98     0.0125     2.5081     2.2549  2.0231969  1.0976801   48.39444  -46.62652    34.9111    34.9276     3.6819     3.6812    27.7483    27.7615    5.95073    6.16355         19 0.0000e+00
      39331   1638.733   1255.000     3.7778   3.283587     3.7771   3.284921      93.54     0.0141     2.5079     2.2544  2.0231619  1.0976057   48.39444  -46.62652    34.9110    34.9276     3.6817     3.6810    27.7483    27.7615    5.94869    6.15932         31 0.0000e+00
      39374   1640.542   1256.000     3.7777   3.283618     3.7771   3.284952      73.31     0.0169     2.5070     2.2538  2.0225735  1.0963389   48.39443  -46.62651    34.9110    34.9275     3.6816     3.6809    27.7483    27.7614    5.93999    6.15548         45 0.0000e+00
      39405   1641.823   1257.000     3.7775   3.283661     3.7770   3.285000      60.09     0.0168     2.5066     2.2532  2.0224719  1.0976682   48.39442  -46.62650    34.9112    34.9276     3.6813     3.6807    27.7484    27.7616    5.94243    6.15952         22 0.0000e+00
      39424   1642.615   1258.000     3.7773   3.283670     3.7768   3.285039      96.73     0.0123     2.5056     2.2533  2.0225213  1.0976808   48.39442  -46.62650    34.9111    34.9277     3.6809     3.6805    27.7484    27.7617    5.92823    6.15904         18 0.0000e+00
      39441   1643.322   1259.000     3.7767   3.283669     3.7763   3.285036      95.91     0.0139     2.5051     2.2529  2.0225894  1.0976801   48.39442  -46.62648    34.9112    34.9277     3.6803     3.6799    27.7485    27.7618    5.93500    6.15698         16 0.0000e+00
      39457   1644.018   1260.000     3.7768   3.283719     3.7761   3.285058      94.05     0.0177     2.5044     2.2528  2.0222509  1.0976801   48.39442  -46.62648    34.9112    34.9277     3.6803     3.6796    27.7485    27.7617    5.94028    6.15715         18 0.0000e+00
      39476   1644.771   1261.000     3.7768   3.283756     3.7762   3.285098      57.44     0.0156     2.5049     2.2523  2.0223606  1.0976801   48.39442  -46.62648    34.9111    34.9276     3.6802     3.6796    27.7485    27.7617    5.94314    6.15466         19 0.0000e+00
      39501   1645.828   1262.000     3.7767   3.283789     3.7762   3.285130      92.46     0.0164     2.5044     2.2519  2.0225058  1.0966985   48.39441  -46.62648    34.9111    34.9275     3.6801     3.6795    27.7484    27.7616    5.95119    6.15402         36 0.0000e+00
      39559   1648.231   1263.000     3.7768   3.283829     3.7764   3.285181      58.55     0.0183     2.5053     2.2510  2.0243974  1.0964251   48.39440  -46.62647    34.9109    34.9274     3.6801     3.6831    27.7484    27.7615    5.94724    6.15435         52 0.0000e+00
      39583   1649.268   1264.000     3.7767   3.283883     3.7761   3.285219      96.63     0.0185     2.5045     2.2506  2.0240996  1.0969796   48.39440  -46.62646    34.9112    34.9276     3.6799     3.6792    27.7485    27.7617    5.94607    6.15271         19 0.0000e+00
      39600   1649.956   1265.000     3.7768   3.283931     3.7761   3.285269      96.24     0.0167     2.5048     2.2504  2.0232027  1.0976772   48.39438  -46.62644    34.9112    34.9278     3.6798     3.6791    27.7486    27.7618    5.94759    6.15772         15 0.0000e+00
      39615   1650.574   1266.000     3.7769   3.283983     3.7762   3.285316      53.92     0.0160     2.5045     2.2506  2.0231991  1.0976801   48.39438  -46.62644    34.9112    34.9277     3.6799     3.6791    27.7486    27.7618    5.94818    6.16138         15 0.0000e+00
      39630   1651.192   1267.000     3.7769   3.284019     3.7762   3.285358      84.42     0.0183     2.5043     2.2504  2.0231991  1.0974424   48.39438  -46.62644    34.9111    34.9277     3.6798     3.6790    27.7485    27.7618    5.94704    6.16069         15 0.0000e+00
      39646   1651.889   1268.000     3.7767   3.284038     3.7759   3.285376      95.42     0.0189     2.5043     2.2505  2.0231991  1.0969296   48.39438  -46.62644    34.9111    34.9277     3.6795     3.6787    27.7485    27.7618    5.94954    6.16440         19 0.0000e+00
      39687   1653.579   1269.000     3.7768   3.284084     3.7762   3.285429      95.87     0.0178     2.5038     2.2507  2.0237131  1.0967467   48.39437  -46.62643    34.9110    34.9275     3.6795     3.6789    27.7485    27.7616    5.94627    6.16319         39 0.0000e+00
      39738   1655.717   1270.000     3.7768   3.284143     3.7761   3.285475      96.29     0.0116     2.5025     2.2502  2.0243042  1.0975028   48.39436  -46.62642    34.9112    34.9276     3.6794     3.6788    27.7486    27.7618    5.93203    6.15158         18 0.0000e+00
      39753   1656.346   1271.000     3.7766   3.284167     3.7760   3.285516      72.39     0.0168     2.5017     2.2497  2.0241740  1.0975181   48.39436  -46.62642    34.9112    34.9278     3.6791     3.6785    27.7487    27.7619    5.92826    6.15052         15 0.0000e+00
      39767   1656.925   1272.000     3.7767   3.284222     3.7760   3.285564      59.42     0.0172     2.5012     2.2493  2.0241377  1.0973966   48.39436  -46.62642    34.9112    34.9278     3.6791     3.6784    27.7487    27.7620    5.93477    6.15336         13 0.0000e+00
      39781   1657.497   1273.000     3.7765   3.284254     3.7759   3.285606      95.83     0.0194     2.5009     2.2493  2.0229619  1.0970311   48.39436  -46.62642    34.9112    34.9279     3.6789     3.6783    27.7487    27.7620    5.94113    6.15508         15 0.0000e+00
      39796   1658.123   1274.000     3.7754   3.284200     3.7752   3.285578      71.31     0.0206     2.5010     2.2489  2.0227489  1.0973624   48.39436  -46.62640    34.9113    34.9279     3.6777     3.6775    27.7489    27.7621    5.93679    6.15003         16 0.0000e+00
      39821   1659.175   1275.000     3.7746   3.284171     3.7743   3.285528      74.76     0.0188     2.5005     2.2483  2.0235636  1.0970944   48.39435  -46.62640    34.9113    34.9277     3.6768     3.6802    27.7490    27.7621    5.93918    6.15101         35 0.0000e+00
      39892   1662.127   1276.000     3.7744   3.284196     3.7753   3.285656      59.97     0.0152     2.4994     2.2475  2.0246119  1.0963950   48.39433  -46.62638    34.9113    34.9276     3.6766     3.6770    27.7490    27.7619    5.93372    6.15615         24 0.0000e+00
      39906   1662.719   1277.000     3.7734   3.284163     3.7732   3.285534      97.53     0.0149     2.4993     2.2475  2.0243371  1.0964592   48.39432  -46.62637    34.9115    34.9280     3.6755     3.6752    27.7492    27.7624    5.93730    6.15278         16 0.0000e+00
      39921   1663.335   1278.000     3.7717   3.284075     3.7712   3.285425      96.24     0.0136     2.4986     2.2471  2.0246036  1.0969112   48.39432  -46.62636    34.9118    34.9282     3.6737     3.6732    27.7497    27.7628    5.93763    6.15399         14 0.0000e+00
