data/CTD/2013/CNV/D021A020.CNV
* Sea-Bird SBE 9 Data File:
* FileName = C:\CTD_ACQUISITION\2013021HUD\ctddata\021A020.hdr
* Software Version Seasave V 7.22.2
* Temperature SN = 5081
* Conductivity SN = 3561
* Number of Bytes Per Scan = 37
* Number of Voltage Words = 4
* Number of Scans Averaged by the Deck Unit = 1
* NMEA Latitude = 47 00.01 N
* NMEA Longitude = 046 33.55 W
* NMEA UTC (Time) = Jul 02 2013 06:15:01
* NMEA baud rate = 9600
** Ship: Hudson
** Cruise: HUD2013021
** Chief_Scientist: Greenan
** Organization: BIO
** Area_of_Operation: Sackville Spur
** Station: 20
** Sounding:  440
** Event_Comments: FC19.5  393127
# nquan = 25
# nvalues = 422                         
# units = specified
# name 0 = scan: Scan Count
# name 1 = timeS: Time, Elapsed [seconds]
# name 2 = prDM: Pressure, Digiquartz [db]
# name 3 = t068C: Temperature [ITS-68, deg C]
# name 4 = c0S/m: Conductivity [S/m]
# name 5 = t168C: Temperature, 2 [ITS-68, deg C]
# name 6 = c1S/m: Conductivity, 2 [S/m]
# name 7 = altM: Altimeter [m]
# name 8 = flCUVA: Fluorescence, Chelsea UV Aquatracka [ug/l]
# name 9 = sbeox0V: Oxygen raw, SBE 43 [V]
# name 10 = sbeox1V: Oxygen raw, SBE 43, 2 [V]
# name 11 = upoly0: Upoly 0, Optode 4330F - O2 D-Phase
# name 12 = upoly1: Upoly 1, Optode 4330F - O2 Temp
# name 13 = latitude: Latitude [deg]
# name 14 = longitude: Longitude [deg]
# name 15 = sal00: Salinity, Practical [PSU]
# name 16 = sal11: Salinity, Practical, 2 [PSU]
# name 17 = potemp068C: Potential Temperature [ITS-68, deg C]
# name 18 = potemp168C: Potential Temperature, 2 [ITS-68, deg C]
# name 19 = sigma-é00: Density [sigma-theta, Kg/m^3]
# name 20 = sigma-é11: Density, 2 [sigma-theta, Kg/m^3]
# name 21 = sbeox0ML/L: Oxygen, SBE 43 [ml/l], WS = 2
# name 22 = sbeox1ML/L: Oxygen, SBE 43, 2 [ml/l], WS = 2
# name 23 = nbin: number of scans per bin
# name 24 = flag: flag
# span 0 =       8859,      20931       
# span 1 =    369.069,    872.091       
# span 2 =      3.000,    424.000       
# span 3 =     2.7221,     6.5771       
# span 4 =   3.066748,   3.347639       
# span 5 =     2.7219,     6.5775       
# span 6 =   3.067945,   3.349006       
# span 7 =       4.56,      99.03       
# span 8 =     0.0111,     0.2565       
# span 9 =     2.6297,     3.4004       
# span 10 =     2.3651,     3.0152      
# span 11 =  1.7179014,  2.0427541      
# span 12 =  0.9731476,  1.4519898      
# span 13 =   47.00082,   47.00146      
# span 14 =  -46.55889,  -46.55786      
# span 15 =    32.7638,    34.9237      
# span 16 =    32.7783,    34.9390      
# span 17 =     2.7161,     6.5766      
# span 18 =     2.7159,     6.5771      
# span 19 =    25.7139,    27.6717      
# span 20 =    25.7248,    27.6841      
# span 21 =    5.38352,    7.56559      
# span 22 =    5.57151,    7.70275      
# span 23 =         13,         95      
# span 24 = 0.0000e+00, 0.0000e+00      
# interval = decibars: 1                
# start_time = Jul 02 2013 06:15:01 [NMEA time, header]
# bad_flag = -9.990e-29
*END*
[from data line 58]
      11786    491.060     61.000     3.3522   3.125530     3.3509   3.126728      87.53     0.0556     3.0470     2.7398  1.8709657  1.0451981   47.00085  -46.55817    34.0968    34.1125     3.3484     3.3471    27.1319    27.1446    6.61661    6.80441         62 0.0000e+00
      11848    493.620     62.000     3.4794   3.139220     3.4849   3.141136      96.43     0.0566     3.0359     2.7305  1.8770435  1.0465114   47.00084  -46.55816    34.1275    34.1437     3.4754     3.4809    27.1443    27.1567    6.59995    6.77044         47 0.0000e+00
      11885    495.161     63.000     3.5440   3.146284     3.5430   3.147447      71.88     0.0494     3.0322     2.7259  1.8754324  1.0525949   47.00084  -46.55814    34.1437    34.1591     3.5403     3.5390    27.1510    27.1633    6.55874    6.72273         33 0.0000e+00
      11919    496.565     64.000     3.5128   3.143699     3.5117   3.144884      82.34     0.0408     3.0237     2.7159  1.8760291  1.0587552   47.00084  -46.55814    34.1452    34.1607     3.5087     3.5076    27.1552    27.1676    6.52804    6.67325         39 0.0000e+00
      11976    498.969     65.000     3.4997   3.142479     3.5003   3.143827      88.98     0.0391     3.0178     2.7066  1.8807610  1.0633295   47.00084  -46.55812    34.1436    34.1594     3.4956     3.4961    27.1552    27.1677    6.56094    6.70471         72 0.0000e+00
      12031    501.241     66.000     3.4797   3.140731     3.4783   3.141942      95.57     0.0355     3.0144     2.7026  1.8842218  1.0632393   47.00084  -46.55811    34.1432    34.1593     3.4755     3.4741    27.1568    27.1698    6.54031    6.68782         34 0.0000e+00
      12061    502.506     67.000     3.3365   3.127790     3.3399   3.129652      68.83     0.0367     3.0091     2.6968  1.8861943  1.0619799   47.00084  -46.55810    34.1372    34.1562     3.3324     3.3357    27.1656    27.1805    6.51875    6.66323         32 0.0000e+00
      12111    504.601     68.000     3.2450   3.119574     3.2392   3.120497      76.98     0.0353     2.9998     2.6891  1.8915635  1.0549473   47.00084  -46.55809    34.1339    34.1511     3.2408     3.2350    27.1716    27.1859    6.54620    6.69798         74 0.0000e+00
      12175    507.258     69.000     3.2342   3.119961     3.2285   3.121038      92.55     0.0348     2.9992     2.6872  1.8974811  1.0405738   47.00084  -46.55808    34.1494    34.1685     3.2299     3.2242    27.1850    27.2008    6.58909    6.72796         42 0.0000e+00
      12212    508.786     70.000     3.1433   3.112770     3.1412   3.114042      86.41     0.0330     3.0018     2.6885  1.9003420  1.0394218   47.00084  -46.55808    34.1577    34.1754     3.1390     3.1369    27.2000    27.2143    6.61608    6.74340         38 0.0000e+00
      12252    510.452     71.000     2.9505   3.095948     2.9559   3.097950      87.42     0.0334     3.0030     2.6877  1.9044089  1.0354505   47.00084  -46.55806    34.1566    34.1752     2.9462     2.9517    27.2167    27.2311    6.63265    6.77110         39 0.0000e+00
      12287    511.913     72.000     2.8630   3.087652     2.8686   3.089586      89.97     0.0376     3.0017     2.6881  1.9080766  1.0290148   47.00084  -46.55806    34.1475    34.1652     2.8588     2.8643    27.2172    27.2309    6.64279    6.79679         34 0.0000e+00
      12334    513.874     73.000     2.7943   3.081240     2.7968   3.082925      88.20     0.0341     2.9996     2.6894  1.9132764  1.0081408   47.00082  -46.55806    34.1414    34.1594     2.7900     2.7925    27.2184    27.2326    6.64131    6.81155         68 0.0000e+00
      12401    516.682     74.000     2.8320   3.085029     2.8107   3.084543      84.80     0.0288     2.9956     2.6884  1.9152820  0.9942633   47.00082  -46.55804    34.1472    34.1638     2.8276     2.8064    27.2198    27.2349    6.62655    6.78781         50 0.0000e+00
      12444    518.451     75.000     2.8047   3.083529     2.8047   3.084860      84.81     0.0292     2.9929     2.6855  1.9170288  0.9907644   47.00082  -46.55803    34.1573    34.1736     2.8003     2.8003    27.2302    27.2432    6.61774    6.77328         44 0.0000e+00
      12488    520.294     76.000     2.8553   3.089474     2.8548   3.090691      78.49     0.0283     2.9897     2.6825  1.9189633  0.9862570   47.00082  -46.55802    34.1757    34.1912     2.8509     2.8503    27.2405    27.2529    6.60176    6.76645         40 0.0000e+00
      12523    521.740     77.000     2.8915   3.093843     2.8911   3.095079      80.40     0.0284     2.9876     2.6817  1.9201859  0.9841111   47.00082  -46.55802    34.1902    34.2057     2.8869     2.8865    27.2488    27.2613    6.59329    6.76138         32 0.0000e+00
      12558    523.226     78.000     2.9215   3.097723     2.9208   3.098895      93.78     0.0262     2.9859     2.6812  1.9172516  0.9875377   47.00082  -46.55802    34.2051    34.2202     2.9169     2.9162    27.2580    27.2702    6.58607    6.75858         44 0.0000e+00
      12622    525.859     79.000     2.9349   3.099866     2.9279   3.100230      87.30     0.0250     2.9841     2.6798  1.9180300  0.9920585   47.00082  -46.55802    34.2166    34.2284     2.9302     2.9232    27.2660    27.2761    6.58716    6.74729         70 0.0000e+00
      12674    528.045     80.000     2.9404   3.101088     2.9401   3.102336      65.64     0.0280     2.9837     2.6772  1.9210291  0.9941828   47.00082  -46.55801    34.2250    34.2407     2.9356     2.9353    27.2723    27.2848    6.57759    6.72469         44 0.0000e+00
      12723    530.085     81.000     2.9441   3.102155     2.9439   3.103434      91.58     0.0229     2.9799     2.6732  1.9216534  0.9951361   47.00082  -46.55800    34.2335    34.2495     2.9393     2.9390    27.2788    27.2915    6.55657    6.71290         51 0.0000e+00
      12767    531.916     82.000     2.9389   3.102275     2.9386   3.103520      86.97     0.0189     2.9773     2.6708  1.9214559  0.9951160   47.00082  -46.55800    34.2400    34.2555     2.9340     2.9338    27.2844    27.2968    6.55966    6.71848         37 0.0000e+00
      12800    533.274     83.000     2.9375   3.103004     2.9372   3.104255      93.83     0.0218     2.9760     2.6701  1.9230801  0.9951160   47.00082  -46.55799    34.2499    34.2655     2.9326     2.9322    27.2924    27.3049    6.56271    6.72366         30 0.0000e+00
      12829    534.508     84.000     2.9378   3.103202     2.9376   3.104477      78.33     0.0246     2.9756     2.6700  1.9233992  0.9944311   47.00082  -46.55798    34.2514    34.2673     2.9328     2.9326    27.2936    27.3063    6.56956    6.71761         30 0.0000e+00
      12881    536.667     85.000     2.9372   3.103229     2.9374   3.104499      88.44     0.0252     2.9725     2.6665  1.9245723  0.9941896   47.00082  -46.55798    34.2517    34.2671     2.9322     2.9323    27.2939    27.3062    6.54019    6.69742         58 0.0000e+00
      12975    540.588     86.000     2.9379   3.103458     2.9376   3.104849      96.27     0.0192     2.9618     2.6592  1.9270378  0.9957734   47.00082  -46.55798    34.2533    34.2707     2.9328     2.9325    27.2952    27.3090    6.50707    6.67922         32 0.0000e+00
      13003    541.731     87.000     2.9349   3.103712     2.9348   3.104990      79.57     0.0193     2.9604     2.6582  1.9278749  0.9963379   47.00082  -46.55797    34.2590    34.2748     2.9298     2.9296    27.3000    27.3126    6.51639    6.68429         28 0.0000e+00
      13033    542.980     88.000     2.9272   3.103295     2.9269   3.104547      91.28     0.0209     2.9588     2.6574  1.9279231  0.9940424   47.00082  -46.55796    34.2617    34.2772     2.9219     2.9216    27.3028    27.3152    6.51116    6.68004         33 0.0000e+00
      13069    544.481     89.000     2.9260   3.103420     2.9254   3.104626      81.63     0.0246     2.9562     2.6550  1.9290893  0.9932143   47.00082  -46.55796    34.2639    34.2792     2.9206     2.9201    27.3047    27.3170    6.49197    6.66596         40 0.0000e+00
      13122    546.729     90.000     2.9273   3.103623     2.9274   3.104935      86.04     0.0267     2.9482     2.6495  1.9308803  0.9927105   47.00082  -46.55796    34.2644    34.2803     2.9220     2.9221    27.3050    27.3177    6.45665    6.63322         74 0.0000e+00
      13190    549.523     91.000     2.9315   3.104507     2.9313   3.105801      96.11     0.0246     2.9396     2.6414  1.9317327  0.9939288   47.00082  -46.55796    34.2702    34.2862     2.9261     2.9258    27.3092    27.3220    6.44756    6.61727         43 0.0000e+00
      13223    550.926     92.000     2.9383   3.106089     2.9377   3.107321      73.36     0.0276     2.9364     2.6389  1.9327418  0.9928427   47.00082  -46.55796    34.2818    34.2974     2.9328     2.9322    27.3179    27.3304    6.43718    6.60992         36 0.0000e+00
      13275    553.074     93.000     2.9441   3.107019     2.9428   3.108150      86.33     0.0232     2.9318     2.6345  1.9356154  0.9926704   47.00082  -46.55794    34.2864    34.3016     2.9385     2.9372    27.3210    27.3333    6.43140    6.60478         62 0.0000e+00
      13320    554.974     94.000     2.9493   3.107738     2.9489   3.108979      96.80     0.0207     2.9298     2.6330  1.9365370  0.9938018   47.00084  -46.55794    34.2890    34.3046     2.9437     2.9433    27.3226    27.3352    6.43423    6.60795         29 0.0000e+00
      13347    556.090     95.000     2.9602   3.109077     2.9587   3.110249      75.71     0.0193     2.9282     2.6314  1.9371684  0.9938893   47.00084  -46.55794    34.2932    34.3087     2.9545     2.9530    27.3250    27.3376    6.41710    6.58776         30 0.0000e+00
      13429    559.487     96.000     2.9682   3.110154     2.9666   3.111215      99.03     0.0197     2.9249     2.6282  1.9406172  0.9958391   47.00084  -46.55794    34.2973    34.3120     2.9625     2.9608    27.3276    27.3395    6.42512    6.59173         45 0.0000e+00
      13483    561.759     97.000     2.9704   3.110996     2.9690   3.111978      79.70     0.0184     2.9254     2.6285  1.9414052  0.9974569   47.00084  -46.55794    34.3047    34.3182     2.9645     2.9631    27.3333    27.3442    6.44168    6.59266         20 0.0000e+00
      13501    562.510     98.000     2.9433   3.108823     2.9454   3.110268      77.63     0.0153     2.9264     2.6271  1.9413919  0.9967531   47.00084  -46.55794    34.3066    34.3210     2.9374     2.9396    27.3372    27.3486    6.42622    6.56334         18 0.0000e+00
      13522    563.364     99.000     2.9074   3.105749     2.9097   3.107180      95.51     0.0180     2.9235     2.6234  1.9414380  0.9963608   47.00084  -46.55794    34.3066    34.3216     2.9015     2.9038    27.3405    27.3523    6.39912    6.55030         25 0.0000e+00
      13596    566.443    100.000     2.9031   3.105265     2.9160   3.107614      82.18     0.0212     2.9192     2.6176  1.9452994  0.9922000   47.00084  -46.55792    34.3047    34.3191     2.8971     2.9100    27.3394    27.3497    6.41857    6.56617         95 0.0000e+00
      13676    569.772    101.000     2.8491   3.100341     2.8187   3.098849      75.71     0.0205     2.9182     2.6167  1.9463269  0.9913806   47.00086  -46.55792    34.3015    34.3157     2.8431     2.8128    27.3416    27.3556    6.43216    6.59863         38 0.0000e+00
      13704    570.974    102.000     2.7330   3.090037     2.7346   3.091475      69.87     0.0170     2.9184     2.6180  1.9487361  0.9926598   47.00086  -46.55792    34.2985    34.3146     2.7271     2.7286    27.3495    27.3622    6.47582    6.65227         26 0.0000e+00
      13730    572.021    103.000     2.7289   3.089707     2.7291   3.091031      95.81     0.0159     2.9208     2.6221  1.9493384  0.9904097   47.00086  -46.55792    34.2983    34.3144     2.7229     2.7231    27.3497    27.3626    6.47816    6.65288         27 0.0000e+00
      13764    573.446    104.000     2.7221   3.089367     2.7219   3.090650      82.15     0.0208     2.9176     2.6191  1.9521886  0.9787037   47.00086  -46.55792    34.3009    34.3168     2.7161     2.7159    27.3523    27.3651    6.40588    6.57426         45 0.0000e+00
      13808    575.288    105.000     2.7367   3.091248     2.7348   3.092404      96.23     0.0198     2.9064     2.6105  1.9523809  0.9731476   47.00086  -46.55792    34.3079    34.3241     2.7305     2.7287    27.3567    27.3697    6.34880    6.53150         39 0.0000e+00
      13842    576.719    106.000     2.8014   3.098526     2.7967   3.099478      78.90     0.0203     2.8983     2.6042  1.9533173  0.9732271   47.00086  -46.55791    34.3274    34.3442     2.7952     2.7904    27.3666    27.3804    6.34360    6.51123         28 0.0000e+00
      13868    577.799    107.000     2.9202   3.111583     2.9095   3.112105      25.03     0.0214     2.8949     2.5996  1.9536159  0.9731895   47.00086  -46.55790    34.3599    34.3777     2.9138     2.9031    27.3819    27.3971    6.31965    6.48782         23 0.0000e+00
      13890    578.716    108.000     3.0651   3.127043     3.0577   3.127762      94.27     0.0201     2.8913     2.5976  1.9526579  0.9759246   47.00086  -46.55790    34.3934    34.4100     3.0585     3.0511    27.3955    27.4094    6.28476    6.47276         25 0.0000e+00
      13917    579.843    109.000     3.0878   3.129687     3.0880   3.130915      72.83     0.0191     2.8888     2.5966  1.9523402  0.9767065   47.00086  -46.55790    34.4008    34.4155     3.0811     3.0814    27.3994    27.4111    6.30518    6.49457         28 0.0000e+00
      13946    581.033    110.000     3.0795   3.129100     3.0808   3.130422      87.51     0.0203     2.8897     2.5988  1.9489868  0.9955949   47.00087  -46.55790    34.4019    34.4165     3.0728     3.0743    27.4010    27.4125    6.33810    6.52271         27 0.0000e+00
      13969    581.981    111.000     3.0581   3.127484     3.0590   3.128787      96.81     0.0199     2.8922     2.6004  1.9488397  0.9951161   47.00088  -46.55790    34.4045    34.4195     3.0513     3.0522    27.4051    27.4170    6.36762    6.53243         20 0.0000e+00
      13987    582.740    112.000     3.0557   3.127339     3.0555   3.128586      78.52     0.0182     2.8951     2.6023  1.9516976  1.0031288   47.00088  -46.55790    34.4048    34.4202     3.0489     3.0487    27.4055    27.4178    6.37816    6.54031         17 0.0000e+00
      14005    583.486    113.000     3.0454   3.126608     3.0461   3.127900      74.58     0.0191     2.8975     2.6035  1.9519904  1.0036550   47.00088  -46.55790    34.4063    34.4213     3.0385     3.0392    27.4077    27.4196    6.38709    6.53484         19 0.0000e+00
      14026    584.374    114.000     3.0300   3.125474     3.0311   3.126813      96.06     0.0200     2.9004     2.6042  1.9528183  1.0031170   47.00088  -46.55790    34.4083    34.4235     3.0231     3.0242    27.4107    27.4227    6.38632    6.54017         24 0.0000e+00
      14051    585.432    115.000     3.0036   3.123369     3.0058   3.124762      91.57     0.0242     2.9018     2.6059  1.9536631  1.0024320   47.00088  -46.55790    34.4103    34.4250     2.9966     2.9988    27.4147    27.4262    6.38150    6.54826         25 0.0000e+00
      14075    586.409    116.000     2.9929   3.123322     2.9918   3.124484      68.67     0.0220     2.9028     2.6064  1.9552884  1.0014297   47.00088  -46.55790    34.4206    34.4359     2.9859     2.9848    27.4239    27.4362    6.38475    6.54742         22 0.0000e+00
      14096    587.305    117.000     3.0002   3.124578     3.0004   3.125871      97.06     0.0211     2.9035     2.6068  1.9570004  1.0003911   47.00088  -46.55790    34.4276    34.4432     2.9931     2.9933    27.4288    27.4412    6.38380    6.54692         21 0.0000e+00
