data/CTD/2013/CNV/D021A051.CNV
* Sea-Bird SBE 9 Data File:
* FileName = C:\CTD_ACQUISITION\2013021HUD\ctddata\021A051.hdr
* Software Version Seasave V 7.22.2
* Temperature SN = 5081
* Conductivity SN = 3561
* Number of Bytes Per Scan = 37
* Number of Voltage Words = 4
* Number of Scans Averaged by the Deck Unit = 1
* NMEA Latitude = 48 50.70 N
* NMEA Longitude = 045 44.75 W
* NMEA UTC (Time) = Jul 05 2013 02:25:27
* NMEA baud rate = 9600
** Ship: Hudson
** Cruise: HUD2013021
** Chief_Scientist: Greenan
** Organization: BIO
** Area_of_Operation: Sackville Spur
** Station: 51
** Sounding:  2274
** Event_Comments: SS26  393211
# nquan = 25
# nvalues = 2088                        
# units = specified
# name 0 = scan: Scan Count
# name 1 = timeS: Time, Elapsed [seconds]
# name 2 = prDM: Pressure, Digiquartz [db]
# name 3 = t068C: Temperature [ITS-68, deg C]
# name 4 = c0S/m: Conductivity [S/m]
# name 5 = t168C: Temperature, 2 [ITS-68, deg C]
# name 6 = c1S/m: Conductivity, 2 [S/m]
# name 7 = altM: Altimeter [m]
# name 8 = flCUVA: Fluorescence, Chelsea UV Aquatracka [ug/l]
# name 9 = sbeox0V: Oxygen raw, SBE 43 [V]
# name 10 = sbeox1V: Oxygen raw, SBE 43, 2 [V]
# name 11 = upoly0: Upoly 0, Optode 4330F - O2 D-Phase
# name 12 = upoly1: Upoly 1, Optode 4330F - O2 Temp
# name 13 = latitude: Latitude [deg]
# name 14 = longitude: Longitude [deg]
# name 15 = sal00: Salinity, Practical [PSU]
# name 16 = sal11: Salinity, Practical, 2 [PSU]
# name 17 = potemp068C: Potential Temperature [ITS-68, deg C]
# name 18 = potemp168C: Potential Temperature, 2 [ITS-68, deg C]
# name 19 = sigma-é00: Density [sigma-theta, Kg/m^3]
# name 20 = sigma-é11: Density, 2 [sigma-theta, Kg/m^3]
# name 21 = sbeox0ML/L: Oxygen, SBE 43 [ml/l], WS = 2
# name 22 = sbeox1ML/L: Oxygen, SBE 43, 2 [ml/l], WS = 2
# name 23 = nbin: number of scans per bin
# name 24 = flag: flag
# span 0 =       9969,      61389       
# span 1 =    415.354,   2557.831       
# span 2 =      2.000,   2089.000       
# span 3 =     2.9297,     8.3635       
# span 4 =   3.126993,   3.570776       
# span 5 =     2.9289,     8.3647       
# span 6 =   3.128520,   3.572228       
# span 7 =      -7.76,      98.93       
# span 8 =     0.0042,     0.6107       
# span 9 =     2.2697,     3.3526       
# span 10 =     2.0387,     3.0000      
# span 11 =  1.6931758,  2.0916853      
# span 12 =  0.9902283,  1.6518573      
# span 13 =   48.84580,   48.84850      
# span 14 =  -45.74850,  -45.74625      
# span 15 =    33.8325,    34.9756      
# span 16 =    33.8475,    34.9382      
# span 17 =     2.7723,     8.3616      
# span 18 =     2.7716,     8.3628      
# span 19 =    26.3983,    27.8404      
# span 20 =    26.4101,    27.8536      
# span 21 =    5.85957,    6.92092      
# span 22 =    6.07002,    7.02799      
# span 23 =          7,        103      
# span 24 = 0.0000e+00, 0.0000e+00      
# interval = decibars: 1                
# start_time = Jul 05 2013 02:25:27 [NMEA time, header]
# bad_flag = -9.990e-29
*END*
[from data line 174]
      16232    676.289    176.000     3.9743   3.245759     3.9734   3.247020      73.21     0.0202     2.8664     2.5743  1.9511600  1.1128950   48.84638  -45.74672    34.8177    34.8336     3.9620     3.9612    27.6453    27.6580    6.12697    6.30402         24 0.0000e+00
      16259    677.407    177.000     3.9748   3.245842     3.9742   3.247121      78.14     0.0200     2.8648     2.5738  1.9512787  1.1140145   48.84638  -45.74672    34.8176    34.8334     3.9624     3.9619    27.6451    27.6578    6.11672    6.29796         30 0.0000e+00
      16291    678.736    178.000     3.9764   3.246047     3.9755   3.247285      95.21     0.0185     2.8632     2.5719  1.9514792  1.1171240   48.84638  -45.74674    34.8178    34.8335     3.9640     3.9630    27.6451    27.6577    6.11497    6.28574         31 0.0000e+00
      16318    679.855    179.000     3.9941   3.248104     3.9943   3.249397      78.57     0.0168     2.8608     2.5704  1.9515867  1.1173273   48.84638  -45.74674    34.8229    34.8381     3.9815     3.9818    27.6473    27.6594    6.10104    6.28694         23 0.0000e+00
      16337    680.675    180.000     3.9886   3.249280     4.0043   3.250558      86.56     0.0192     2.8598     2.5702  1.9518086  1.1182308   48.84638  -45.74674    34.8423    34.8407     3.9760     3.9917    27.6633    27.6604    6.11002    6.28787         17 0.0000e+00
      16353    681.344    181.000     4.0085   3.249890     4.0094   3.251181      95.43     0.0196     2.8595     2.5695  1.9518938  1.1178619   48.84638  -45.74674    34.8281    34.8421     3.9958     3.9967    27.6501    27.6611    6.10810    6.28283         15 0.0000e+00
      16368    681.968    182.000     4.0116   3.250137     4.0113   3.251426      95.36     0.0188     2.8586     2.5690  1.9529675  1.1196866   48.84636  -45.74674    34.8268    34.8425     3.9989     3.9985    27.6487    27.6612    6.10830    6.28124         15 0.0000e+00
      16384    682.640    183.000     4.0135   3.250435     4.0126   3.251666      88.03     0.0169     2.8587     2.5683  1.9535967  1.1208694   48.84636  -45.74675    34.8278    34.8434     4.0007     3.9998    27.6492    27.6618    6.11518    6.28031         18 0.0000e+00
      16405    683.508    184.000     4.0202   3.251330     4.0196   3.252597      30.39     0.0161     2.8589     2.5677  1.9536020  1.1212082   48.84636  -45.74676    34.8308    34.8465     4.0073     4.0067    27.6509    27.6635    6.12297    6.28453         25 0.0000e+00
      16432    684.642    185.000     4.0196   3.251364     4.0194   3.252681      92.04     0.0142     2.8601     2.5678  1.9536020  1.1229228   48.84636  -45.74676    34.8313    34.8472     4.0066     4.0064    27.6515    27.6641    6.13077    6.29429         28 0.0000e+00
      16458    685.708    186.000     4.0193   3.251442     4.0189   3.252744      84.65     0.0187     2.8613     2.5687  1.9538282  1.1231024   48.84635  -45.74676    34.8320    34.8480     4.0063     4.0058    27.6520    27.6648    6.13509    6.30303         22 0.0000e+00
      16478    686.553    187.000     4.0188   3.251452     4.0183   3.252762      73.01     0.0182     2.8620     2.5692  1.9543152  1.1237798   48.84634  -45.74676    34.8322    34.8482     4.0057     4.0052    27.6522    27.6650    6.13602    6.29555         19 0.0000e+00
      16496    687.297    188.000     4.0160   3.251250     4.0163   3.252655      92.65     0.0167     2.8625     2.5688  1.9544803  1.1239284   48.84634  -45.74676    34.8324    34.8486     4.0028     4.0031    27.6527    27.6656    6.13814    6.28556         18 0.0000e+00
      16515    688.092    189.000     4.0060   3.250337     4.0055   3.251664      95.89     0.0182     2.8632     2.5680  1.9556460  1.1250196   48.84634  -45.74676    34.8314    34.8477     3.9928     3.9922    27.6529    27.6660    6.13298    6.28752         21 0.0000e+00
      16541    689.180    190.000     3.9910   3.248948     3.9907   3.250297      78.36     0.0171     2.8625     2.5676  1.9560348  1.1251695   48.84634  -45.74676    34.8299    34.8466     3.9777     3.9774    27.6533    27.6666    6.13191    6.29553         31 0.0000e+00
      16574    690.562    191.000     3.9800   3.247923     3.9810   3.249385      96.84     0.0198     2.8623     2.5678  1.9560440  1.1250485   48.84633  -45.74678    34.8292    34.8456     3.9667     3.9676    27.6539    27.6668    6.13725    6.30316         31 0.0000e+00
      16600    691.621    192.000     3.9817   3.248144     3.9807   3.249422      88.97     0.0147     2.8627     2.5679  1.9564049  1.1245245   48.84632  -45.74678    34.8295    34.8457     3.9683     3.9673    27.6540    27.6670    6.14300    6.30377         21 0.0000e+00
      16618    692.382    193.000     3.9813   3.248160     3.9803   3.249420      70.75     0.0171     2.8627     2.5681  1.9580705  1.1220773   48.84632  -45.74678    34.8296    34.8456     3.9678     3.9668    27.6541    27.6670    6.14453    6.30854         17 0.0000e+00
      16634    693.032    194.000     3.9791   3.248000     3.9792   3.249375      95.46     0.0133     2.8633     2.5685  1.9579984  1.1221001   48.84632  -45.74678    34.8295    34.8457     3.9655     3.9656    27.6543    27.6672    6.14705    6.31512         15 0.0000e+00
      16649    693.674    195.000     3.9804   3.248164     3.9802   3.249499      96.02     0.0107     2.8634     2.5692  1.9576541  1.1221001   48.84631  -45.74678    34.8295    34.8456     3.9667     3.9666    27.6542    27.6670    6.14780    6.31659         16 0.0000e+00
      16667    694.419    196.000     3.9787   3.248034     3.9801   3.249537      61.38     0.0097     2.8639     2.5695  1.9563462  1.1217690   48.84630  -45.74678    34.8292    34.8456     3.9650     3.9664    27.6541    27.6670    6.15310    6.31537         21 0.0000e+00
      16696    695.620    197.000     3.9780   3.247983     3.9783   3.249383      80.10     0.0132     2.8643     2.5698  1.9560847  1.1218646   48.84630  -45.74678    34.8288    34.8451     3.9643     3.9646    27.6538    27.6668    6.14766    6.31381         37 0.0000e+00
      16731    697.090    198.000     3.9761   3.247844     3.9755   3.249148      95.95     0.0156     2.8639     2.5699  1.9560423  1.1214701   48.84630  -45.74678    34.8285    34.8448     3.9623     3.9616    27.6538    27.6669    6.14314    6.31439         28 0.0000e+00
      16753    698.007    199.000     3.9755   3.247849     3.9760   3.249263      70.38     0.0142     2.8636     2.5701  1.9560440  1.1215219   48.84630  -45.74680    34.8287    34.8450     3.9616     3.9621    27.6541    27.6670    6.14413    6.31419         19 0.0000e+00
      16770    698.708    200.000     3.9754   3.247905     3.9741   3.249151      88.98     0.0153     2.8634     2.5698  1.9560440  1.1218559   48.84630  -45.74680    34.8290    34.8452     3.9614     3.9601    27.6543    27.6674    6.14064    6.31048         15 0.0000e+00
      16785    699.342    201.000     3.9671   3.247291     3.9662   3.248581      96.05     0.0130     2.8626     2.5697  1.9560440  1.1217734   48.84630  -45.74680    34.8300    34.8462     3.9531     3.9522    27.6559    27.6690    6.14339    6.30634         15 0.0000e+00
      16801    700.005    202.000     3.9654   3.247241     3.9651   3.248570      96.02     0.0122     2.8631     2.5686  1.9560440  1.1210171   48.84630  -45.74680    34.8306    34.8468     3.9513     3.9510    27.6567    27.6696    6.14721    6.30373         17 0.0000e+00
      16821    700.836    203.000     3.9666   3.247422     3.9662   3.248754      77.58     0.0132     2.8623     2.5683  1.9560440  1.1208823   48.84629  -45.74680    34.8310    34.8472     3.9524     3.9520    27.6568    27.6698    6.14935    6.30959         24 0.0000e+00
      16848    701.961    204.000     3.9685   3.247706     3.9680   3.249014      47.65     0.0135     2.8626     2.5679  1.9560440  1.1208792   48.84628  -45.74680    34.8318    34.8478     3.9543     3.9538    27.6572    27.6701    6.14284    6.30957         29 0.0000e+00
      16875    703.096    205.000     3.9686   3.247779     3.9683   3.249114      83.07     0.0183     2.8611     2.5677  1.9560440  1.1208792   48.84628  -45.74680    34.8321    34.8483     3.9542     3.9539    27.6575    27.6704    6.13656    6.31087         25 0.0000e+00
      16898    704.041    206.000     3.9714   3.248196     3.9703   3.249440      67.76     0.0168     2.8608     2.5673  1.9560440  1.1208792   48.84626  -45.74680    34.8335    34.8495     3.9570     3.9559    27.6583    27.6712    6.14215    6.31219         20 0.0000e+00
      16917    704.848    207.000     3.9756   3.248711     3.9746   3.249970      88.08     0.0177     2.8602     2.5676  1.9560440  1.1208792   48.84626  -45.74680    34.8346    34.8507     3.9611     3.9601    27.6588    27.6717    6.13938    6.32001         19 0.0000e+00
      16936    705.631    208.000     3.9800   3.249246     3.9799   3.250594      81.81     0.0182     2.8600     2.5681  1.9560440  1.1208792   48.84626  -45.74681    34.8358    34.8519     3.9654     3.9654    27.6593    27.6721    6.13800    6.32198         19 0.0000e+00
      16957    706.490    209.000     3.9810   3.249403     3.9808   3.250743      90.95     0.0162     2.8595     2.5684  1.9555715  1.1208792   48.84626  -45.74682    34.8360    34.8521     3.9664     3.9662    27.6594    27.6722    6.14402    6.31731         23 0.0000e+00
      16981    707.494    210.000     3.9827   3.249631     3.9825   3.250966      77.19     0.0204     2.8601     2.5682  1.9553912  1.1210622   48.84626  -45.74682    34.8364    34.8525     3.9680     3.9678    27.6595    27.6723    6.14909    6.31381         26 0.0000e+00
      17009    708.686    211.000     3.9844   3.249859     3.9840   3.251177      81.70     0.0184     2.8602     2.5677  1.9538069  1.1220992   48.84624  -45.74682    34.8368    34.8528     3.9696     3.9692    27.6596    27.6724    6.14371    6.30621         30 0.0000e+00
      17038    709.893    212.000     3.9860   3.250107     3.9856   3.251413      89.05     0.0153     2.8599     2.5662  1.9543232  1.1221001   48.84624  -45.74682    34.8374    34.8534     3.9712     3.9707    27.6600    27.6728    6.14426    6.29504         26 0.0000e+00
      17062    710.862    213.000     3.9878   3.250353     3.9874   3.251670      96.12     0.0152     2.8596     2.5652  1.9546584  1.1221001   48.84624  -45.74682    34.8380    34.8540     3.9728     3.9724    27.6602    27.6731    6.14125    6.29993         21 0.0000e+00
      17081    711.660    214.000     3.9883   3.250460     3.9880   3.251794      68.75     0.0119     2.8590     2.5645  1.9550329  1.1221691   48.84624  -45.74682    34.8382    34.8543     3.9732     3.9730    27.6604    27.6732    6.14169    6.30689         18 0.0000e+00
      17098    712.374    215.000     3.9881   3.250499     3.9880   3.251841      68.58     0.0140     2.8596     2.5650  1.9560426  1.1224589   48.84624  -45.74682    34.8382    34.8544     3.9731     3.9729    27.6604    27.6733    6.14094    6.31436         17 0.0000e+00
      17114    713.061    216.000     3.9891   3.250661     3.9888   3.251992      95.73     0.0153     2.8584     2.5652  1.9560440  1.1223292   48.84622  -45.74682    34.8386    34.8548     3.9739     3.9736    27.6606    27.6735    6.12787    6.31224         16 0.0000e+00
      17132    713.786    217.000     3.9913   3.250952     3.9909   3.252266      95.82     0.0125     2.8572     2.5651  1.9560440  1.1225481   48.84622  -45.74683    34.8392    34.8552     3.9760     3.9756    27.6609    27.6737    6.12544    6.31119         19 0.0000e+00
      17152    714.611    218.000     3.9961   3.251533     3.9949   3.252760      95.36     0.0121     2.8563     2.5651  1.9559296  1.1233084   48.84622  -45.74684    34.8404    34.8563     3.9808     3.9796    27.6614    27.6741    6.12073    6.31008         21 0.0000e+00
      17175    715.575    219.000     4.0070   3.252725     4.0068   3.254063      95.19     0.0167     2.8543     2.5648  1.9554622  1.1233212   48.84622  -45.74684    34.8425    34.8586     3.9916     3.9914    27.6619    27.6747    6.12136    6.29983         25 0.0000e+00
      17199    716.603    220.000     4.0176   3.253967     4.0170   3.255251      84.08     0.0172     2.8543     2.5634  1.9536414  1.1233212   48.84622  -45.74684    34.8454    34.8613     4.0021     4.0015    27.6631    27.6758    6.12451    6.29020         25 0.0000e+00
      17225    717.655    221.000     4.0180   3.254096     4.0185   3.255508      67.63     0.0159     2.8530     2.5626  1.9539883  1.1239492   48.84622  -45.74684    34.8460    34.8622     4.0024     4.0029    27.6635    27.6764    6.11804    6.28829         25 0.0000e+00
      17249    718.670    222.000     4.0366   3.256098     4.0366   3.257463      95.78     0.0212     2.8524     2.5606  1.9548259  1.1255565   48.84621  -45.74684    34.8497    34.8657     4.0209     4.0210    27.6645    27.6773    6.11388    6.27229         23 0.0000e+00
      17272    719.606    223.000     4.0422   3.256759     4.0419   3.258084      86.47     0.0228     2.8512     2.5592  1.9545448  1.1256524   48.84620  -45.74684    34.8508    34.8669     4.0265     4.0262    27.6649    27.6777    6.10350    6.26933         22 0.0000e+00
      17292    720.479    224.000     4.0479   3.257431     4.0475   3.258749      73.48     0.0165     2.8497     2.5577  1.9536022  1.1269839   48.84620  -45.74684    34.8521    34.8683     4.0320     4.0317    27.6653    27.6782    6.09955    6.26653         20 0.0000e+00
      17313    721.319    225.000     4.0551   3.258268     4.0548   3.259587      96.13     0.0145     2.8485     2.5565  1.9536020  1.1269841   48.84620  -45.74684    34.8540    34.8699     4.0392     4.0389    27.6660    27.6788    6.10057    6.26608         20 0.0000e+00
      17333    722.163    226.000     4.0558   3.258389     4.0551   3.259671      64.94     0.0153     2.8480     2.5557  1.9536020  1.1288357   48.84618  -45.74684    34.8542    34.8701     4.0398     4.0391    27.6661    27.6789    6.10701    6.27198         21 0.0000e+00
      17354    723.045    227.000     4.0563   3.258495     4.0561   3.259806      95.20     0.0139     2.8478     2.5554  1.9536020  1.1287074   48.84618  -45.74684    34.8543    34.8702     4.0403     4.0406    27.6662    27.6788    6.11227    6.27740         22 0.0000e+00
      17376    723.975    228.000     4.0655   3.259534     4.0648   3.260811      79.01     0.0154     2.8479     2.5553  1.9544307  1.1295887   48.84618  -45.74684    34.8564    34.8723     4.0494     4.0486    27.6669    27.6796    6.11553    6.26321         22 0.0000e+00
      17400    724.946    229.000     4.0669   3.259738     4.0668   3.261086      71.75     0.0160     2.8485     2.5533  1.9555453  1.1302974   48.84618  -45.74684    34.8568    34.8729     4.0506     4.0506    27.6671    27.6799    6.11505    6.25420         24 0.0000e+00
      17424    725.955    230.000     4.0658   3.259688     4.0659   3.261059      91.96     0.0157     2.8479     2.5525  1.9557016  1.1305974   48.84618  -45.74684    34.8569    34.8729     4.0494     4.0496    27.6673    27.6800    6.10451    6.26478         25 0.0000e+00
      17449    726.990    231.000     4.0702   3.260206     4.0705   3.261606      94.51     0.0156     2.8472     2.5524  1.9560477  1.1306477   48.84618  -45.74686    34.8579    34.8740     4.0537     4.0541    27.6676    27.6804    6.10369    6.27218         24 0.0000e+00
      17471    727.927    232.000     4.0749   3.260767     4.0746   3.262094      94.72     0.0132     2.8464     2.5526  1.9553971  1.1312940   48.84617  -45.74686    34.8588    34.8749     4.0585     4.0581    27.6679    27.6807    6.10092    6.27415         21 0.0000e+00
