data/CTD/2013/CNV/D021A050.CNV
* Sea-Bird SBE 9 Data File:
* FileName = C:\CTD_ACQUISITION\2013021HUD\ctddata\021A050.hdr
* Software Version Seasave V 7.22.2
* Temperature SN = 5081
* Conductivity SN = 3561
* Number of Bytes Per Scan = 37
* Number of Voltage Words = 4
* Number of Scans Averaged by the Deck Unit = 1
* NMEA Latitude = 48 53.75 N
* NMEA Longitude = 045 47.27 W
* NMEA UTC (Time) = Jul 05 2013 00:34:42
* NMEA baud rate = 9600
** Ship: Hudson
** Cruise: HUD2013021
** Chief_Scientist: Greenan
** Organization: BIO
** Area_of_Operation: Sackville Spur
** Station: 50
** Sounding:  2200
** Event_Comments: SS27  393209
# nquan = 25
# nvalues = 2364                        
# units = specified
# name 0 = scan: Scan Count
# name 1 = timeS: Time, Elapsed [seconds]
# name 2 = prDM: Pressure, Digiquartz [db]
# name 3 = t068C: Temperature [ITS-68, deg C]
# name 4 = c0S/m: Conductivity [S/m]
# name 5 = t168C: Temperature, 2 [ITS-68, deg C]
# name 6 = c1S/m: Conductivity, 2 [S/m]
# name 7 = altM: Altimeter [m]
# name 8 = flCUVA: Fluorescence, Chelsea UV Aquatracka [ug/l]
# name 9 = sbeox0V: Oxygen raw, SBE 43 [V]
# name 10 = sbeox1V: Oxygen raw, SBE 43, 2 [V]
# name 11 = upoly0: Upoly 0, Optode 4330F - O2 D-Phase
# name 12 = upoly1: Upoly 1, Optode 4330F - O2 Temp
# name 13 = latitude: Latitude [deg]
# name 14 = longitude: Longitude [deg]
# name 15 = sal00: Salinity, Practical [PSU]
# name 16 = sal11: Salinity, Practical, 2 [PSU]
# name 17 = potemp068C: Potential Temperature [ITS-68, deg C]
# name 18 = potemp168C: Potential Temperature, 2 [ITS-68, deg C]
# name 19 = sigma-é00: Density [sigma-theta, Kg/m^3]
# name 20 = sigma-é11: Density, 2 [sigma-theta, Kg/m^3]
# name 21 = sbeox0ML/L: Oxygen, SBE 43 [ml/l], WS = 2
# name 22 = sbeox1ML/L: Oxygen, SBE 43, 2 [ml/l], WS = 2
# name 23 = nbin: number of scans per bin
# name 24 = flag: flag
# span 0 =      10769,      62475       
# span 1 =    448.667,   2603.102       
# span 2 =      3.000,   2366.000       
# span 3 =     2.7741,     7.6530       
# span 4 =   3.159195,   3.484802       
# span 5 =     2.7733,     7.6529       
# span 6 =   3.160528,   3.486150       
# span 7 =       4.83,      97.36       
# span 8 =     0.0044,     0.3117       
# span 9 =     2.2102,     3.3246       
# span 10 =     1.9886,     2.9721      
# span 11 =  1.7116810,  2.1032770      
# span 12 =  0.9706929,  1.5860842      
# span 13 =   48.89506,   48.89682      
# span 14 =  -45.78872,  -45.78742      
# span 15 =    33.8180,    34.9433      
# span 16 =    33.8330,    34.9382      
# span 17 =     2.5921,     7.6505      
# span 18 =     2.5912,     7.6504      
# span 19 =    26.3973,    27.8561      
# span 20 =    26.4091,    27.8694      
# span 21 =    5.86368,    6.70219      
# span 22 =    6.08548,    6.81943      
# span 23 =         14,         86      
# span 24 = 0.0000e+00, 0.0000e+00      
# interval = decibars: 1                
# start_time = Jul 05 2013 00:34:42 [NMEA time, header]
# bad_flag = -9.990e-29
*END*
[from data line 1972]
      54545   2272.652   1975.000     2.9947   3.244417     2.9939   3.245727      91.91     0.0142     2.2937     2.0617  2.0858753  0.9987790   48.89668  -45.78850    34.9180    34.9345     2.8445     2.8437    27.8340    27.8472    5.91362    6.14710         21 0.0000e+00
      54566   2273.522   1976.000     2.9944   3.244435     2.9935   3.245735      92.93     0.0147     2.2937     2.0616  2.0864477  0.9987790   48.89668  -45.78849    34.9180    34.9345     2.8441     2.8432    27.8340    27.8473    5.90633    6.14997         20 0.0000e+00
      54586   2274.371   1977.000     2.9935   3.244408     2.9926   3.245696      89.69     0.0136     2.2929     2.0615  2.0866339  0.9987790   48.89666  -45.78846    34.9181    34.9345     2.8432     2.8422    27.8342    27.8474    5.90517    6.14996         20 0.0000e+00
      54606   2275.204   1978.000     2.9893   3.244072     2.9884   3.245367      95.69     0.0137     2.2929     2.0614  2.0866923  0.9987790   48.89666  -45.78844    34.9180    34.9345     2.8390     2.8380    27.8345    27.8478    5.90954    6.15007         20 0.0000e+00
      54626   2276.035   1979.000     2.9865   3.243863     2.9857   3.245169      90.85     0.0159     2.2927     2.0612  2.0867534  0.9987790   48.89666  -45.78844    34.9180    34.9346     2.8362     2.8353    27.8347    27.8481    5.91331    6.15575         20 0.0000e+00
      54646   2276.874   1980.000     2.9858   3.243838     2.9850   3.245143      94.36     0.0159     2.2926     2.0613  2.0866911  0.9980819   48.89666  -45.78844    34.9180    34.9345     2.8353     2.8345    27.8349    27.8481    5.90620    6.15255         21 0.0000e+00
      54666   2277.712   1981.000     2.9856   3.243863     2.9848   3.245173      95.58     0.0130     2.2920     2.0610  2.0866911  0.9975687   48.89666  -45.78844    34.9180    34.9345     2.8350     2.8342    27.8349    27.8481    5.90619    6.15030         20 0.0000e+00
      54686   2278.534   1982.000     2.9855   3.243898     2.9846   3.245195      92.46     0.0128     2.2920     2.0609  2.0866275  0.9975580   48.89666  -45.78845    34.9181    34.9346     2.8349     2.8339    27.8349    27.8482    5.91067    6.14490         19 0.0000e+00
      54705   2279.338   1983.000     2.9852   3.243917     2.9844   3.245221      93.44     0.0115     2.2915     2.0602  2.0865622  0.9975580   48.89668  -45.78848    34.9181    34.9346     2.8344     2.8337    27.8350    27.8482    5.90764    6.14129         19 0.0000e+00
      54724   2280.136   1984.000     2.9848   3.243917     2.9842   3.245228      95.27     0.0122     2.2914     2.0599  2.0865626  0.9975580   48.89668  -45.78848    34.9181    34.9345     2.8339     2.8333    27.8350    27.8482    5.90449    6.14638         19 0.0000e+00
      54744   2280.941   1985.000     2.9844   3.243927     2.9837   3.245229      95.64     0.0153     2.2909     2.0597  2.0866916  0.9974967   48.89668  -45.78848    34.9181    34.9345     2.8335     2.8327    27.8351    27.8483    5.91321    6.14419         20 0.0000e+00
      54764   2281.772   1986.000     2.9842   3.243944     2.9834   3.245253      56.95     0.0171     2.2913     2.0593  2.0866911  0.9974970   48.89668  -45.78848    34.9180    34.9346     2.8332     2.8324    27.8350    27.8483    5.91357    6.14929         20 0.0000e+00
      54785   2282.656   1987.000     2.9842   3.243984     2.9834   3.245291      95.64     0.0196     2.2909     2.0593  2.0866911  0.9974464   48.89668  -45.78848    34.9181    34.9346     2.8331     2.8322    27.8351    27.8484    5.91056    6.15456         22 0.0000e+00
      54807   2283.599   1988.000     2.9842   3.244032     2.9834   3.245330      95.77     0.0153     2.2907     2.0592  2.0866911  0.9971281   48.89668  -45.78848    34.9182    34.9345     2.8330     2.8322    27.8352    27.8483    5.90828    6.15049         23 0.0000e+00
      54829   2284.515   1989.000     2.9843   3.244084     2.9835   3.245382      92.24     0.0131     2.2904     2.0591  2.0866911  0.9969741   48.89668  -45.78847    34.9182    34.9345     2.8330     2.8322    27.8352    27.8483    5.91012    6.15146         21 0.0000e+00
      54849   2285.327   1990.000     2.9844   3.244135     2.9836   3.245430      93.00     0.0123     2.2903     2.0588  2.0870364  0.9963945   48.89666  -45.78844    34.9182    34.9346     2.8330     2.8322    27.8352    27.8484    5.91619    6.14612         18 0.0000e+00
      54866   2286.058   1991.000     2.9845   3.244183     2.9837   3.245491      95.79     0.0109     2.2902     2.0585  2.0867569  0.9963354   48.89666  -45.78844    34.9182    34.9347     2.8330     2.8322    27.8352    27.8485    5.90260    6.15388         17 0.0000e+00
      54883   2286.758   1992.000     2.9840   3.244171     2.9832   3.245481      95.48     0.0080     2.2893     2.0588  2.0867629  0.9963370   48.89666  -45.78844    34.9181    34.9346     2.8324     2.8316    27.8352    27.8484    5.90677    6.15566         17 0.0000e+00
      54900   2287.469   1993.000     2.9825   3.244082     2.9817   3.245391      92.43     0.0064     2.2899     2.0586  2.0866921  0.9963370   48.89666  -45.78844    34.9182    34.9346     2.8309     2.8301    27.8354    27.8486    5.91284    6.15327         18 0.0000e+00
      54919   2288.234   1994.000     2.9813   3.244018     2.9806   3.245328      92.08     0.0077     2.2892     2.0586  2.0866911  0.9963370   48.89666  -45.78844    34.9182    34.9346     2.8296     2.8289    27.8355    27.8487    5.90536    6.15777         19 0.0000e+00
      54940   2289.122   1995.000     2.9801   3.243948     2.9796   3.245281      64.49     0.0074     2.2891     2.0586  2.0867407  0.9963370   48.89668  -45.78846    34.9181    34.9346     2.8284     2.8278    27.8355    27.8488    5.90600    6.15825         24 0.0000e+00
      54965   2290.182   1996.000     2.9767   3.243685     2.9763   3.245023      67.06     0.0082     2.2884     2.0586  2.0866914  0.9963370   48.89668  -45.78848    34.9181    34.9346     2.8249     2.8244    27.8358    27.8491    5.92307    6.15477         26 0.0000e+00
      54991   2291.256   1997.000     2.9755   3.243626     2.9748   3.244934      92.12     0.0122     2.2895     2.0579  2.0868478  0.9963370   48.89668  -45.78848    34.9182    34.9346     2.8236     2.8228    27.8360    27.8492    5.91454    6.14714         24 0.0000e+00
      55013   2292.171   1998.000     2.9752   3.243634     2.9740   3.244907      91.61     0.0129     2.2881     2.0578  2.0870006  0.9963370   48.89668  -45.78848    34.9181    34.9347     2.8233     2.8220    27.8360    27.8493    5.90633    6.15075         20 0.0000e+00
      55032   2292.966   1999.000     2.9745   3.243614     2.9735   3.244898      86.63     0.0140     2.2886     2.0574  2.0870125  0.9960774   48.89668  -45.78846    34.9182    34.9346     2.8224     2.8214    27.8361    27.8493    5.92011    6.16028         19 0.0000e+00
      55050   2293.715   2000.000     2.9736   3.243581     2.9727   3.244872      88.97     0.0108     2.2886     2.0578  2.0873628  0.9959328   48.89667  -45.78846    34.9182    34.9346     2.8215     2.8205    27.8362    27.8495    5.91806    6.15204         18 0.0000e+00
      55068   2294.445   2001.000     2.9731   3.243585     2.9721   3.244861      94.45     0.0104     2.2885     2.0570  2.0877609  0.9958361   48.89666  -45.78846    34.9183    34.9347     2.8209     2.8198    27.8363    27.8495    5.92346    6.14802         17 0.0000e+00
      55085   2295.166   2002.000     2.9737   3.243670     2.9726   3.244947      94.69     0.0116     2.2890     2.0572  2.0866919  0.9951165   48.89666  -45.78846    34.9182    34.9347     2.8214     2.8202    27.8362    27.8495    5.91365    6.15856         17 0.0000e+00
      55103   2295.898   2003.000     2.9728   3.243633     2.9721   3.244945      95.67     0.0120     2.2882     2.0569  2.0866911  0.9951160   48.89666  -45.78846    34.9182    34.9347     2.8204     2.8197    27.8363    27.8496    5.91167    6.15301         18 0.0000e+00
      55121   2296.654   2004.000     2.9727   3.243665     2.9720   3.244972      89.65     0.0109     2.2879     2.0566  2.0871968  0.9951160   48.89666  -45.78846    34.9182    34.9346     2.8203     2.8195    27.8363    27.8495    5.91676    6.15482         19 0.0000e+00
      55140   2297.460   2005.000     2.9730   3.243729     2.9722   3.245028      94.08     0.0086     2.2879     2.0566  2.0887303  0.9951160   48.89666  -45.78846    34.9182    34.9346     2.8204     2.8196    27.8363    27.8495    5.91068    6.15774         20 0.0000e+00
      55161   2298.343   2006.000     2.9731   3.243779     2.9723   3.245081      95.72     0.0066     2.2874     2.0566  2.0883613  0.9951160   48.89666  -45.78846    34.9182    34.9346     2.8204     2.8196    27.8363    27.8495    5.91465    6.15582         22 0.0000e+00
      55184   2299.298   2007.000     2.9724   3.243759     2.9718   3.245070      93.67     0.0058     2.2874     2.0561  2.0867870  0.9951160   48.89668  -45.78846    34.9182    34.9346     2.8197     2.8190    27.8364    27.8496    5.91391    6.15294         23 0.0000e+00
      55207   2300.252   2008.000     2.9719   3.243757     2.9711   3.245053      59.89     0.0065     2.2867     2.0561  2.0870297  0.9951160   48.89668  -45.78846    34.9182    34.9347     2.8191     2.8182    27.8365    27.8497    5.91026    6.15911         22 0.0000e+00
      55228   2301.127   2009.000     2.9718   3.243793     2.9711   3.245096      89.97     0.0091     2.2869     2.0558  2.0883105  0.9951160   48.89668  -45.78846    34.9183    34.9346     2.8189     2.8182    27.8365    27.8497    5.90825    6.15422         20 0.0000e+00
      55247   2301.925   2010.000     2.9718   3.243822     2.9710   3.245127      95.76     0.0111     2.2858     2.0557  2.0886872  0.9951160   48.89667  -45.78846    34.9182    34.9346     2.8188     2.8180    27.8365    27.8497    5.90850    6.15500         19 0.0000e+00
      55265   2302.684   2011.000     2.9714   3.243826     2.9705   3.245127      88.76     0.0137     2.2862     2.0555  2.0881178  0.9951160   48.89666  -45.78846    34.9182    34.9347     2.8183     2.8173    27.8365    27.8498    5.90638    6.15263         18 0.0000e+00
      55284   2303.445   2012.000     2.9709   3.243824     2.9702   3.245143      93.83     0.0138     2.2848     2.0552  2.0869682  0.9951160   48.89666  -45.78846    34.9181    34.9347     2.8178     2.8170    27.8365    27.8498    5.90629    6.15764         19 0.0000e+00
      55303   2304.249   2013.000     2.9705   3.243831     2.9698   3.245143      95.70     0.0152     2.2854     2.0553  2.0869358  0.9951160   48.89666  -45.78846    34.9182    34.9346     2.8173     2.8166    27.8366    27.8498    5.92069    6.15861         20 0.0000e+00
      55325   2305.148   2014.000     2.9701   3.243839     2.9694   3.245147      95.03     0.0110     2.2854     2.0550  2.0870080  0.9950640   48.89668  -45.78846    34.9182    34.9346     2.8168     2.8160    27.8367    27.8499    5.91472    6.15383         23 0.0000e+00
      55349   2306.155   2015.000     2.9693   3.243802     2.9686   3.245114      89.76     0.0100     2.2847     2.0547  2.0872741  0.9950671   48.89668  -45.78846    34.9182    34.9346     2.8159     2.8152    27.8367    27.8499    5.90458    6.15611         25 0.0000e+00
      55372   2307.143   2016.000     2.9685   3.243770     2.9676   3.245072      95.10     0.0103     2.2842     2.0547  2.0868587  0.9950605   48.89668  -45.78846    34.9182    34.9347     2.8150     2.8141    27.8368    27.8501    5.90163    6.16173         22 0.0000e+00
      55393   2308.010   2017.000     2.9665   3.243642     2.9659   3.244964      38.33     0.0145     2.2838     2.0546  2.0868843  0.9951167   48.89666  -45.78846    34.9182    34.9347     2.8129     2.8123    27.8370    27.8503    5.91459    6.15968         19 0.0000e+00
      55412   2308.796   2018.000     2.9640   3.243451     2.9634   3.244780      66.64     0.0121     2.2837     2.0544  2.0881770  0.9945341   48.89666  -45.78846    34.9181    34.9346     2.8104     2.8098    27.8372    27.8504    5.91347    6.15452         19 0.0000e+00
      55430   2309.548   2019.000     2.9612   3.243264     2.9604   3.244559      94.92     0.0146     2.2835     2.0541  2.0899792  0.9941070   48.89666  -45.78846    34.9183    34.9347     2.8076     2.8067    27.8376    27.8508    5.90602    6.15082         18 0.0000e+00
      55448   2310.297   2020.000     2.9601   3.243192     2.9594   3.244498      95.64     0.0182     2.2830     2.0537  2.0895498  0.9940985   48.89668  -45.78846    34.9182    34.9346     2.8063     2.8056    27.8376    27.8508    5.91319    6.14962         18 0.0000e+00
      55466   2311.061   2021.000     2.9599   3.243215     2.9592   3.244526      84.56     0.0179     2.2831     2.0531  2.0873067  0.9938955   48.89668  -45.78846    34.9182    34.9347     2.8060     2.8053    27.8376    27.8509    5.91607    6.15154         18 0.0000e+00
      55485   2311.853   2022.000     2.9593   3.243212     2.9587   3.244522      83.49     0.0167     2.2830     2.0529  2.0871189  0.9938950   48.89668  -45.78846    34.9182    34.9346     2.8054     2.8048    27.8377    27.8509    5.92300    6.15530         20 0.0000e+00
      55505   2312.663   2023.000     2.9592   3.243234     2.9584   3.244540      95.49     0.0106     2.2833     2.0529  2.0882926  0.9938950   48.89667  -45.78846    34.9182    34.9347     2.8052     2.8105    27.8377    27.8509    5.91480    6.15956         19 0.0000e+00
      55525   2313.482   2024.000     2.9592   3.243274     2.9585   3.244584      92.79     0.0105     2.2827     2.0529  2.0903625  0.9938950   48.89666  -45.78846    34.9182    34.9346     2.8051     2.8043    27.8377    27.8509    5.91200    6.16076         20 0.0000e+00
      55545   2314.317   2025.000     2.9592   3.243314     2.9584   3.244614      92.86     0.0086     2.2826     2.0526  2.0903542  0.9938337   48.89666  -45.78846    34.9182    34.9346     2.8050     2.8042    27.8377    27.8509    5.91231    6.15710         20 0.0000e+00
      55565   2315.182   2026.000     2.9591   3.243341     2.9582   3.244642      88.60     0.0109     2.2824     2.0525  2.0903542  0.9937843   48.89666  -45.78846    34.9182    34.9347     2.8048     2.8039    27.8377    27.8510    5.91229    6.15720         22 0.0000e+00
      55587   2316.098   2027.000     2.9589   3.243367     2.9581   3.244675      95.55     0.0144     2.2821     2.0522  2.0903542  0.9936738   48.89666  -45.78846    34.9181    34.9347     2.8046     2.8037    27.8377    27.8510    5.90769    6.15696         22 0.0000e+00
      55610   2317.055   2028.000     2.9574   3.243273     2.9565   3.244568      95.33     0.0122     2.2813     2.0521  2.0900850  0.9936289   48.89666  -45.78846    34.9182    34.9346     2.8029     2.8021    27.8379    27.8511    5.91173    6.16067         23 0.0000e+00
      55633   2318.009   2029.000     2.9561   3.243207     2.9556   3.244533      86.21     0.0106     2.2816     2.0520  2.0903032  0.9935759   48.89666  -45.78846    34.9182    34.9347     2.8016     2.8011    27.8380    27.8512    5.92069    6.16173         23 0.0000e+00
      55655   2318.922   2030.000     2.9556   3.243199     2.9550   3.244518      55.28     0.0106     2.2815     2.0519  2.0902376  0.9936044   48.89666  -45.78846    34.9182    34.9347     2.8010     2.8004    27.8381    27.8513    5.90972    6.15963         21 0.0000e+00
