data/CTD/2013/CNV/D021A028.CNV
* Sea-Bird SBE 9 Data File:
* FileName = C:\CTD_ACQUISITION\2013021HUD\ctddata\021A028.hdr
* Software Version Seasave V 7.22.2
* Temperature SN = 5081
* Conductivity SN = 3561
* Number of Bytes Per Scan = 37
* Number of Voltage Words = 4
* Number of Scans Averaged by the Deck Unit = 1
* NMEA Latitude = 47 53.98 N
* NMEA Longitude = 046 03.76 W
* NMEA UTC (Time) = Jul 03 2013 00:44:40
* NMEA baud rate = 9600
** Ship: Hudson
** Cruise: HUD2013021
** Chief_Scientist: Greenan
** Organization: BIO
** Area_of_Operation: Sackville Spur
** Station: 28
** Sounding:  925
** Event_Comments: SS18  393131
# nquan = 25
# nvalues = 905                         
# units = specified
# name 0 = scan: Scan Count
# name 1 = timeS: Time, Elapsed [seconds]
# name 2 = prDM: Pressure, Digiquartz [db]
# name 3 = t068C: Temperature [ITS-68, deg C]
# name 4 = c0S/m: Conductivity [S/m]
# name 5 = t168C: Temperature, 2 [ITS-68, deg C]
# name 6 = c1S/m: Conductivity, 2 [S/m]
# name 7 = altM: Altimeter [m]
# name 8 = flCUVA: Fluorescence, Chelsea UV Aquatracka [ug/l]
# name 9 = sbeox0V: Oxygen raw, SBE 43 [V]
# name 10 = sbeox1V: Oxygen raw, SBE 43, 2 [V]
# name 11 = upoly0: Upoly 0, Optode 4330F - O2 D-Phase
# name 12 = upoly1: Upoly 1, Optode 4330F - O2 Temp
# name 13 = latitude: Latitude [deg]
# name 14 = longitude: Longitude [deg]
# name 15 = sal00: Salinity, Practical [PSU]
# name 16 = sal11: Salinity, Practical, 2 [PSU]
# name 17 = potemp068C: Potential Temperature [ITS-68, deg C]
# name 18 = potemp168C: Potential Temperature, 2 [ITS-68, deg C]
# name 19 = sigma-é00: Density [sigma-theta, Kg/m^3]
# name 20 = sigma-é11: Density, 2 [sigma-theta, Kg/m^3]
# name 21 = sbeox0ML/L: Oxygen, SBE 43 [ml/l], WS = 2
# name 22 = sbeox1ML/L: Oxygen, SBE 43, 2 [ml/l], WS = 2
# name 23 = nbin: number of scans per bin
# name 24 = flag: flag
# span 0 =      11503,      34204       
# span 1 =    479.267,   1425.135       
# span 2 =      1.000,    905.000       
# span 3 =     1.7898,     6.6281       
# span 4 =   2.963342,   3.386815       
# span 5 =     1.7902,     6.6291       
# span 6 =   2.965046,   3.387631       
# span 7 =       3.07,     102.09       
# span 8 =     0.0055,     0.5961       
# span 9 =     2.6095,     3.4477       
# span 10 =     2.3460,     3.0886      
# span 11 =  1.6970698,  2.0392323      
# span 12 =  0.8661109,  1.4236283      
# span 13 =   47.89924,   47.89952      
# span 14 =  -46.06200,  -46.06066      
# span 15 =    32.7596,    34.9146      
# span 16 =    32.7742,    34.9301      
# span 17 =     1.7873,     6.6255      
# span 18 =     1.7877,     6.6266      
# span 19 =    25.7694,    27.7380      
# span 20 =    25.7809,    27.7507      
# span 21 =    5.52777,    7.43210      
# span 22 =    5.71292,    7.59874      
# span 23 =          9,         91      
# span 24 = 0.0000e+00, 0.0000e+00      
# interval = decibars: 1                
# start_time = Jul 03 2013 00:44:40 [NMEA time, header]
# bad_flag = -9.990e-29
*END*
      11503    479.267      1.000     6.1077   3.246922     6.1073   3.248188       3.38     0.1221     3.3595     3.0002  1.7230891  1.3921080   47.89932  -46.06200    32.7599    32.7744     6.1076     6.1072    25.7697    25.7812    7.03106    7.15144         23 0.0000e+00
      11527    480.269      2.000     6.1085   3.247010     6.1077   3.248265       3.18     0.1234     3.3599     3.0003  1.7232252  1.3919983   47.89932  -46.06200    32.7596    32.7744     6.1083     6.1076    25.7694    25.7811    7.03934    7.15350         27 0.0000e+00
      11760    489.975      3.000     6.1073   3.246960     6.1073   3.248253       3.12     0.1197     3.3605     3.0027  1.7251862  1.3917342   47.89930  -46.06200    32.7597    32.7742     6.1071     6.1070    25.7696    25.7811    7.03563    7.16714         91 0.0000e+00
      11931    497.088      4.000     6.1071   3.247018     6.1068   3.248277       3.35     0.1226     3.3590     3.0035  1.7239096  1.3923572   47.89930  -46.06199    32.7600    32.7744     6.1068     6.1065    25.7699    25.7813    7.02355    7.17082         32 0.0000e+00
      11972    498.779      5.000     6.1072   3.247065     6.1070   3.248341       3.32     0.1205     3.3577     3.0045  1.7240579  1.3922880   47.89930  -46.06199    32.7600    32.7745     6.1068     6.1066    25.7699    25.7814    7.02354    7.17332         28 0.0000e+00
      12092    503.774      6.000     6.1076   3.247151     6.1071   3.248417       3.07     0.1256     3.3602     3.0036  1.7246587  1.3918847   47.89930  -46.06199    32.7601    32.7746     6.1071     6.1067    25.7699    25.7815    7.02028    7.16248         27 0.0000e+00
      12171    507.072      7.000     6.1078   3.247190     6.1076   3.248482       3.20     0.1230     3.3574     3.0032  1.7243251  1.3915713   47.89930  -46.06198    32.7598    32.7744     6.1072     6.1071    25.7697    25.7813    7.01957    7.16517         59 0.0000e+00
      12237    509.833      8.000     6.1094   3.247380     6.1088   3.248636       3.18     0.1191     3.3565     3.0029  1.7252535  1.3919331   47.89930  -46.06198    32.7599    32.7745     6.1088     6.1082    25.7696    25.7812    7.03161    7.16397         32 0.0000e+00
      12274    511.387      9.000     6.1101   3.247478     6.1100   3.248759       3.21     0.1197     3.3575     3.0021  1.7252747  1.3918009   47.89930  -46.06198    32.7598    32.7743     6.1094     6.1092    25.7694    25.7809    7.03578    7.15897         42 0.0000e+00
      12320    513.304     10.000     6.1092   3.247449     6.1088   3.248722       3.53     0.1180     3.3576     3.0008  1.7247359  1.3910811   47.89930  -46.06198    32.7599    32.7745     6.1084     6.1080    25.7696    25.7812    7.02987    7.15373         43 0.0000e+00
      12353    514.661     11.000     6.1093   3.247523     6.1088   3.248782       3.88     0.1245     3.3574     3.0000  1.7241836  1.3907042   47.89930  -46.06198    32.7601    32.7747     6.1084     6.1079    25.7698    25.7813    7.03864    7.15828         24 0.0000e+00
      12374    515.531     12.000     6.1084   3.247505     6.1079   3.248763      44.79     0.1227     3.3581     3.0002  1.7241138  1.3907204   47.89930  -46.06198    32.7603    32.7749     6.1074     6.1069    25.7701    25.7816    7.03679    7.16998         20 0.0000e+00
      12401    516.680     13.000     6.1080   3.247512     6.1076   3.248763      66.83     0.1222     3.3572     3.0020  1.7248095  1.3907204   47.89930  -46.06196    32.7603    32.7747     6.1070     6.1065    25.7701    25.7815    7.02882    7.18196         44 0.0000e+00
      12507    521.077     14.000     6.1080   3.247544     6.1078   3.248823      59.03     0.1214     3.3571     3.0051  1.7260270  1.3914773   47.89930  -46.06196    32.7601    32.7747     6.1069     6.1066    25.7700    25.7815    7.04148    7.18025         40 0.0000e+00
      12535    522.248     15.000     6.1074   3.247551     6.1075   3.248856      87.19     0.1220     3.3572     3.0058  1.7263793  1.3919071   47.89930  -46.06196    32.7603    32.7748     6.1062     6.1063    25.7702    25.7816    7.03098    7.18125         30 0.0000e+00
      12564    523.458     16.000     6.1070   3.247593     6.1071   3.248889      64.94     0.1244     3.3558     3.0046  1.7250785  1.3913655   47.89930  -46.06196    32.7607    32.7750     6.1057     6.1058    25.7706    25.7819    7.01679    7.16955         28 0.0000e+00
      12591    524.596     17.000     6.1067   3.247618     6.1072   3.248936      97.40     0.1228     3.3528     3.0042  1.7255968  1.3909874   47.89930  -46.06196    32.7608    32.7750     6.1053     6.1058    25.7707    25.7819    7.01140    7.17641         27 0.0000e+00
      12633    526.336     18.000     6.1046   3.247561     6.1031   3.248790      75.56     0.1189     3.3514     3.0026  1.7261084  1.3908757   47.89930  -46.06196    32.7616    32.7769     6.1032     6.1016    25.7716    25.7838    7.01613    7.15610         51 0.0000e+00
      12736    530.617     19.000     6.0756   3.246165     6.0787   3.247646      98.42     0.1225     3.3657     3.0086  1.7250258  1.3915560   47.89930  -46.06194    32.7736    32.7872     6.0740     6.0771    25.7847    25.7950    7.12615    7.25028         26 0.0000e+00
      12753    531.346     20.000     6.0481   3.244826     6.0606   3.246789      88.83     0.1255     3.3705     3.0136  1.7252731  1.3919380   47.89930  -46.06194    32.7847    32.7946     6.0465     6.0590    25.7968    25.8031    7.13085    7.25491         20 0.0000e+00
      12775    532.256     21.000     5.9971   3.242667     6.0701   3.247405      56.07     0.1287     3.3744     3.0155  1.7253687  1.3917534   47.89930  -46.06194    32.8095    32.7907     5.9954     6.0685    25.8227    25.7987    7.14795    7.24653         25 0.0000e+00
      12810    533.704     22.000     5.8576   3.237989     5.8833   3.240156      89.38     0.1260     3.3808     3.0203  1.7263449  1.3883833   47.89930  -46.06194    32.8919    32.8912     5.8558     5.8815    25.9048    25.9012    7.18699    7.30238         48 0.0000e+00
      12870    536.215     23.000     5.7419   3.237517     5.7533   3.239104      61.25     0.1312     3.4024     3.0383  1.7269764  1.3823051   47.89930  -46.06194    32.9987    33.0058     5.7405     5.7515    26.0031    26.0074    7.31481    7.42702         78 0.0000e+00
      12948    539.475     24.000     5.6263   3.241473     5.6459   3.242631      72.86     0.2048     3.4397     3.0770  1.7300793  1.3590378   47.89930  -46.06194    33.1560    33.1506     5.6252     5.6440    26.1413    26.1348    7.43210    7.59874         51 0.0000e+00
      12980    540.795     25.000     5.5248   3.244281     5.5311   3.246010      53.80     0.2627     3.4477     3.0886  1.7283034  1.3539914   47.89930  -46.06193    33.2885    33.3020     5.5229     5.5291    26.2583    26.2682    7.33763    7.50380         29 0.0000e+00
      13014    542.201     26.000     5.6054   3.257150     5.5808   3.255580      92.84     0.3464     3.4338     3.0805  1.7274394  1.3477862   47.89930  -46.06192    33.3543    33.3608     5.6033     5.5788    26.3007    26.3089    7.22508    7.42507         46 0.0000e+00
      13079    544.898     27.000     5.9861   3.301712     5.9222   3.295677      72.87     0.4458     3.4154     3.0696  1.7233669  1.3358370   47.89930  -46.06192    33.4800    33.4802     5.9839     5.9200    26.3537    26.3617    7.12777    7.29723         60 0.0000e+00
      13114    546.372     28.000     6.4262   3.355645     6.4093   3.354574      84.26     0.4284     3.3989     3.0485  1.7187663  1.3407826   47.89930  -46.06192    33.6481    33.6527     6.4238     6.4069    26.4306    26.4365    6.90630    7.04230         25 0.0000e+00
      13137    547.319     29.000     6.6281   3.386815     6.6291   3.387631      17.16     0.4406     3.3793     3.0288  1.7061895  1.3532872   47.89930  -46.06192    33.7944    33.8024     6.6255     6.6266    26.5196    26.5258    6.78775    6.91123         24 0.0000e+00
      13191    549.590     30.000     6.5052   3.378258     6.5163   3.380331      93.04     0.4383     3.3720     3.0124  1.7006919  1.3888428   47.89930  -46.06192    33.8206    33.8326     6.5026     6.5137    26.5565    26.5645    6.94420    7.02554         45 0.0000e+00
      13261    552.492     31.000     6.2424   3.355318     6.2486   3.357346      84.23     0.4356     3.3911     3.0239  1.6970698  1.4236282   47.89930  -46.06190    33.8252    33.8417     6.2398     6.2460    26.5940    26.6063    6.87721    6.99469         20 0.0000e+00
      13276    553.142     32.000     5.9663   3.330473     5.9772   3.332968      32.40     0.5253     3.3639     3.0010  1.6971917  1.4223905   47.89930  -46.06190    33.8211    33.8384     5.9637     5.9745    26.6258    26.6381    6.75597    6.91145         16 0.0000e+00
      13294    553.890     33.000     5.6152   3.298406     5.6433   3.302531      94.97     0.5961     3.3437     2.9866  1.6971917  1.4224638   47.89930  -46.06190    33.8095    33.8282     5.6126     5.6406    26.6596    26.6710    6.86254    6.98443         21 0.0000e+00
      13358    556.554     34.000     5.4646   3.284116     5.4300   3.282679      66.99     0.5960     3.3108     2.9444  1.7099073  1.3826332   47.89928  -46.06190    33.7973    33.8159     5.4619     5.4273    26.6675    26.6865    6.90322    6.94103         38 0.0000e+00
      13434    559.723     35.000     5.0330   3.244061     4.8970   3.233665      82.41     0.5857     3.2756     2.9000  1.7081685  1.3574646   47.89929  -46.06189    33.7730    33.7913     5.0304     4.8944    26.6983    26.7287    6.90060    6.95625         24 0.0000e+00
      13461    560.828     36.000     4.4901   3.196538     4.4835   3.197659      96.56     0.5469     3.2654     2.8917  1.7276939  1.3564028   47.89930  -46.06188    33.7736    33.7936     4.4876     4.4809    26.7595    26.7761    6.95885    7.02894         33 0.0000e+00
      13504    562.627     37.000     3.9481   3.148023     3.9328   3.148513      72.79     0.4616     3.2477     2.8823  1.7442935  1.3088319   47.89930  -46.06188    33.7578    33.7795     3.9456     3.9303    26.8033    26.8222    7.02268    7.13791         53 0.0000e+00
      13562    565.041     38.000     3.4301   3.102833     3.4316   3.104761      75.66     0.3941     3.2311     2.8784  1.7585309  1.2222214   47.89930  -46.06188    33.7540    33.7756     3.4277     3.4292    26.8511    26.8682    7.11141    7.25008         62 0.0000e+00
      13619    567.419     39.000     3.2878   3.091076     3.2881   3.092743      67.73     0.3135     3.2186     2.8752  1.7765167  1.1554753   47.89930  -46.06188    33.7599    33.7797     3.2854     3.2857    26.8693    26.8850    7.10603    7.24716         46 0.0000e+00
      13655    568.918     40.000     3.2247   3.086084     3.2248   3.087645      97.54     0.2754     3.2099     2.8702  1.7842877  1.1264136   47.89930  -46.06188    33.7649    33.7837     3.2222     3.2223    26.8791    26.8941    7.08922    7.23895         30 0.0000e+00
      13685    570.163     41.000     3.2550   3.089865     3.2508   3.091034      53.84     0.2511     3.2047     2.8679  1.7878907  1.1134695   47.89928  -46.06188    33.7784    33.7961     3.2525     3.2484    26.8871    26.9014    7.10956    7.25837         31 0.0000e+00
      13720    571.638     42.000     3.3194   3.096727     3.3167   3.097878      94.06     0.2325     3.2004     2.8649  1.7943778  1.0953679   47.89928  -46.06186    33.7936    33.8102     3.3168     3.3142    26.8932    26.9067    7.04195    7.17896         45 0.0000e+00
      13792    574.619     43.000     3.3359   3.099317     3.3358   3.100640      77.62     0.2266     3.1691     2.8392  1.7996037  1.0933019   47.89930  -46.06186    33.8063    33.8232     3.3333     3.3332    26.9018    26.9152    6.89029    7.04671         78 0.0000e+00
      13842    576.708     44.000     3.3553   3.103669     3.3521   3.104665      97.31     0.2217     3.1489     2.8219  1.8035592  1.0926200   47.89930  -46.06186    33.8388    33.8541     3.3526     3.3494    26.9258    26.9384    6.87882    7.02183         36 0.0000e+00
      13877    578.161     45.000     3.4488   3.115246     3.4519   3.116802      44.87     0.2033     3.1405     2.8135  1.8073739  1.0872811   47.89928  -46.06184    33.8801    33.8957     3.4460     3.4490    26.9500    26.9621    6.83934    6.96386         34 0.0000e+00
      13910    579.542     46.000     3.3282   3.104790     3.3328   3.106551      62.85     0.1908     3.1207     2.7906  1.8096339  1.0794801   47.89930  -46.06184    33.8796    33.8961     3.3254     3.3299    26.9609    26.9737    6.63755    6.72144         34 0.0000e+00
      13952    581.278     47.000     3.2478   3.097652     3.2544   3.099649      91.16     0.1706     3.0890     2.7547  1.8167706  1.0808253   47.89930  -46.06184    33.8769    33.8942     3.2449     3.2515    26.9663    26.9795    6.70041    6.75035         54 0.0000e+00
      14034    584.720     48.000     3.1600   3.089381     3.1833   3.092972      56.60     0.1559     3.0847     2.7411  1.8274025  1.0673654   47.89930  -46.06182    33.8681    33.8873     3.1571     3.1804    26.9674    26.9805    6.87256    6.94513         80 0.0000e+00
      14073    586.350     49.000     2.4262   3.020242     2.4231   3.023147      98.13     0.1507     3.0876     2.7486  1.8278958  1.0645201   47.89930  -46.06182    33.8161    33.8330     2.4235     2.4205    26.9861    27.0030    6.92350    7.07440         21 0.0000e+00
      14092    587.132     50.000     1.8263   2.966646     1.8258   2.968656      97.19     0.1363     3.0847     2.7498  1.8443555  1.0576535   47.89930  -46.06182    33.7637    33.7897     1.8239     1.8233    26.9945    27.0154    7.04230    7.19792         19 0.0000e+00
      14114    588.031     51.000     1.7898   2.963342     1.7902   2.965046      48.05     0.1244     3.0811     2.7499  1.8446803  1.0574048   47.89930  -46.06182    33.7608    33.7818     1.7873     1.7877    26.9949    27.0117    7.02282    7.16790         27 0.0000e+00
      14201    591.658     52.000     1.9017   2.973911     1.8707   2.972462      69.63     0.1229     3.0719     2.7484  1.8769602  0.9305037   47.89928  -46.06181    33.7730    33.7882     1.8991     1.8681    26.9961    27.0107    7.07491    7.23717         36 0.0000e+00
      14249    593.685     53.000     1.9797   2.983325     1.9796   2.984468      82.86     0.1161     3.0764     2.7561  1.8693559  0.9413969   47.89928  -46.06182    33.8075    33.8216     1.9770     1.9769    27.0180    27.0296    7.06036    7.23100         22 0.0000e+00
      14274    594.713     54.000     1.9533   2.981474     1.9567   2.983100      96.66     0.0978     3.0750     2.7572  1.8758962  0.9291993   47.89928  -46.06182    33.8119    33.8287     1.9506     1.9540    27.0236    27.0368    6.99369    7.16024         29 0.0000e+00
      14326    596.876     55.000     1.8577   2.972847     1.8563   2.974077      58.14     0.0833     3.0625     2.7476  1.8855879  0.9120092   47.89929  -46.06180    33.8053    33.8224     1.8550     1.8536    27.0256    27.0393    6.93438    7.10541         71 0.0000e+00
      14377    598.985     56.000     2.1058   2.997664     2.0961   2.997819      92.81     0.0828     3.0469     2.7366  1.8910069  0.9094602   47.89930  -46.06179    33.8500    33.8623     2.1029     2.0932    27.0420    27.0526    6.83525    7.00365         30 0.0000e+00
      14410    600.383     57.000     2.3814   3.024439     2.3764   3.025082      68.66     0.0778     3.0470     2.7346  1.8906924  0.9108987   47.89930  -46.06178    33.8891    33.9023     2.3783     2.3733    27.0515    27.0626    6.88242    7.00897         46 0.0000e+00
