data/CTD/2013/CNV/D021A010.CNV
* Sea-Bird SBE 9 Data File:
* FileName = C:\CTD_ACQUISITION\2013021HUD\ctddata\021A010.hdr
* Software Version Seasave V 7.22.2
* Temperature SN = 5081
* Conductivity SN = 3561
* Number of Bytes Per Scan = 37
* Number of Voltage Words = 4
* Number of Scans Averaged by the Deck Unit = 1
* NMEA Latitude = 46 59.91 N
* NMEA Longitude = 047 29.66 W
* NMEA UTC (Time) = Jul 01 2013 18:46:23
* NMEA baud rate = 9600
** Ship: Hudson
** Cruise: HUD2013021
** Chief_Scientist: Greenan
** Organization: BIO
** Area_of_Operation: Sackville Spur
** Station: 10
** Sounding:  220
** Event_Comments: FC14  393107
# nquan = 25
# nvalues = 210                         
# units = specified
# name 0 = scan: Scan Count
# name 1 = timeS: Time, Elapsed [seconds]
# name 2 = prDM: Pressure, Digiquartz [db]
# name 3 = t068C: Temperature [ITS-68, deg C]
# name 4 = c0S/m: Conductivity [S/m]
# name 5 = t168C: Temperature, 2 [ITS-68, deg C]
# name 6 = c1S/m: Conductivity, 2 [S/m]
# name 7 = altM: Altimeter [m]
# name 8 = flCUVA: Fluorescence, Chelsea UV Aquatracka [ug/l]
# name 9 = sbeox0V: Oxygen raw, SBE 43 [V]
# name 10 = sbeox1V: Oxygen raw, SBE 43, 2 [V]
# name 11 = upoly0: Upoly 0, Optode 4330F - O2 D-Phase
# name 12 = upoly1: Upoly 1, Optode 4330F - O2 Temp
# name 13 = latitude: Latitude [deg]
# name 14 = longitude: Longitude [deg]
# name 15 = sal00: Salinity, Practical [PSU]
# name 16 = sal11: Salinity, Practical, 2 [PSU]
# name 17 = potemp068C: Potential Temperature [ITS-68, deg C]
# name 18 = potemp168C: Potential Temperature, 2 [ITS-68, deg C]
# name 19 = sigma-é00: Density [sigma-theta, Kg/m^3]
# name 20 = sigma-é11: Density, 2 [sigma-theta, Kg/m^3]
# name 21 = sbeox0ML/L: Oxygen, SBE 43 [ml/l], WS = 2
# name 22 = sbeox1ML/L: Oxygen, SBE 43, 2 [ml/l], WS = 2
# name 23 = nbin: number of scans per bin
# name 24 = flag: flag
# span 0 =       7825,      15496       
# span 1 =    325.988,    645.626       
# span 2 =      2.000,    211.000       
# span 3 =    -0.8696,     6.5638       
# span 4 =   2.679856,   3.246931       
# span 5 =    -0.8715,     6.5635       
# span 6 =   2.681137,   3.248174       
# span 7 =       2.90,     126.72       
# span 8 =     0.0181,     0.1953       
# span 9 =     2.5667,     3.4065       
# span 10 =     2.3112,     3.0141      
# span 11 =  1.7125163,  2.1489623      
# span 12 =  0.5355106,  1.4493965      
# span 13 =   46.99811,   46.99862      
# span 14 =  -47.49369,  -47.49304      
# span 15 =    32.3210,    34.0200      
# span 16 =    32.3351,    34.0360      
# span 17 =    -0.8712,     6.5636      
# span 18 =    -0.8731,     6.5629      
# span 19 =    25.3664,    27.2057      
# span 20 =    25.3773,    27.2185      
# span 21 =    5.68756,    8.30812      
# span 22 =    5.92034,    8.03207      
# span 23 =         13,         93      
# span 24 = 0.0000e+00, 0.0000e+00      
# interval = decibars: 1                
# start_time = Jul 01 2013 18:46:23 [NMEA time, header]
# bad_flag = -9.990e-29
*END*
[from data line 58]
      10909    454.499     60.000    -0.6627   2.696143    -0.6613   2.697411      77.88     0.0314     3.2676     2.7988  1.9039028  0.5900763   46.99844  -47.49336    32.9282    32.9438    -0.6643    -0.6630    26.4623    26.4748    8.23921    7.91305         53 0.0000e+00
      10954    456.391     61.000    -0.7397   2.690140    -0.7299   2.691960      86.95     0.0354     3.2662     2.7968  1.9073334  0.5833551   46.99844  -47.49336    32.9307    32.9446    -0.7413    -0.7315    26.4672    26.4780    8.24612    7.91722         40 0.0000e+00
      10992    457.978     62.000    -0.8696   2.679856    -0.8658   2.681182      84.05     0.0332     3.2632     2.7944  1.9096148  0.5739654   46.99844  -47.49336    32.9332    32.9483    -0.8712    -0.8673    26.4739    26.4860    8.27115    7.94761         39 0.0000e+00
      11033    459.681     63.000    -0.8652   2.680575    -0.8715   2.681137      85.07     0.0333     3.2617     2.7926  1.9135270  0.5611554   46.99844  -47.49334    32.9374    32.9520    -0.8667    -0.8731    26.4772    26.4892    8.28083    7.95049         42 0.0000e+00
      11078    461.536     64.000    -0.8092   2.686608    -0.8145   2.687272      92.66     0.0289     3.2616     2.7909  1.9169428  0.5532573   46.99844  -47.49334    32.9571    32.9719    -0.8108    -0.8161    26.4911    26.5033    8.26289    7.92534         54 0.0000e+00
      11158    464.868     65.000    -0.7797   2.689935    -0.7805   2.691173      72.99     0.0251     3.2571     2.7876  1.9199399  0.5522120   46.99844  -47.49334    32.9693    32.9869    -0.7814    -0.7822    26.4999    26.5142    8.23391    7.90962         72 0.0000e+00
      11193    466.343     66.000    -0.7741   2.690787    -0.7783   2.691520      70.81     0.0309     3.2560     2.7855  1.9203943  0.5582388   46.99844  -47.49334    32.9740    32.9885    -0.7758    -0.7800    26.5035    26.5154    8.22492    7.88535         24 0.0000e+00
      11216    467.280     67.000    -0.7529   2.692918    -0.7525   2.694145      95.36     0.0324     3.2547     2.7834  1.9229926  0.5539076   46.99844  -47.49334    32.9790    32.9951    -0.7546    -0.7542    26.5067    26.5198    8.22032    7.87309         23 0.0000e+00
      11243    468.412     68.000    -0.7616   2.692474    -0.7615   2.693637      90.58     0.0320     3.2539     2.7819  1.9242469  0.5512629   46.99844  -47.49332    32.9819    32.9975    -0.7633    -0.7633    26.5094    26.5221    8.23172    7.88769         36 0.0000e+00
      11324    471.784     69.000    -0.7677   2.692072    -0.7587   2.693846      61.26     0.0343     3.2540     2.7805  1.9279760  0.5480735   46.99842  -47.49332    32.9826    32.9967    -0.7695    -0.7605    26.5103    26.5213    8.24452    7.88844         82 0.0000e+00
      11379    474.074     70.000    -0.7934   2.690375    -0.7963   2.691282      89.09     0.0312     3.2523     2.7767  1.9291630  0.5531418   46.99842  -47.49332    32.9871    33.0026    -0.7952    -0.7981    26.5148    26.5274    8.21278    7.85760         46 0.0000e+00
      11429    476.156     71.000    -0.7594   2.693856    -0.7658   2.694404      83.40     0.0307     3.2471     2.7732  1.9315866  0.5451959   46.99842  -47.49332    32.9964    33.0112    -0.7613    -0.7676    26.5211    26.5333    8.18902    7.85825         50 0.0000e+00
      11469    477.848     72.000    -0.7251   2.697469    -0.7235   2.698824      84.18     0.0291     3.2450     2.7719  1.9341508  0.5433584   46.99842  -47.49332    33.0069    33.0234    -0.7270    -0.7254    26.5284    26.5417    8.19439    7.85265         31 0.0000e+00
      11496    478.975     73.000    -0.7170   2.698575    -0.7172   2.699759      85.65     0.0296     3.2444     2.7710  1.9340659  0.5434394   46.99842  -47.49331    33.0124    33.0286    -0.7189    -0.7192    26.5325    26.5456    8.19178    7.84458         26 0.0000e+00
      11524    480.106     74.000    -0.7250   2.698055    -0.7244   2.699272      95.17     0.0279     3.2433     2.7699  1.9340659  0.5435373   46.99842  -47.49330    33.0135    33.0293    -0.7269    -0.7264    26.5337    26.5464    8.18044    7.83170         31 0.0000e+00
      11602    483.382     75.000    -0.7341   2.697357    -0.7307   2.698738      77.93     0.0336     3.2387     2.7652  1.9368373  0.5446164   46.99842  -47.49330    33.0134    33.0284    -0.7361    -0.7327    26.5340    26.5459    8.17143    7.81045         41 0.0000e+00
      11663    485.900     76.000    -0.7461   2.696701    -0.7426   2.698108      95.93     0.0317     3.2382     2.7627  1.9376749  0.5459933   46.99842  -47.49330    33.0171    33.0323    -0.7481    -0.7447    26.5374    26.5496    8.19831    7.81753         19 0.0000e+00
      11682    486.707     77.000    -0.7613   2.695934    -0.7605   2.697156      90.07     0.0340     3.2379     2.7620  1.9378353  0.5459548   46.99842  -47.49330    33.0228    33.0385    -0.7633    -0.7626    26.5426    26.5552    8.19720    7.83474         22 0.0000e+00
      11726    488.559     78.000    -0.7924   2.693821    -0.7858   2.695444      71.83     0.0298     3.2392     2.7629  1.9411342  0.5408318   46.99842  -47.49329    33.0277    33.0424    -0.7945    -0.7878    26.5476    26.5593    8.21791    7.85870         77 0.0000e+00
      11807    491.903     79.000    -0.7983   2.693608    -0.7891   2.695377      98.28     0.0302     3.2408     2.7641  1.9436049  0.5367804   46.99842  -47.49328    33.0309    33.0446    -0.8004    -0.7912    26.5504    26.5612    8.22036    7.84585         44 0.0000e+00
      11838    493.210     80.000    -0.7929   2.694412    -0.7940   2.695536      76.13     0.0305     3.2402     2.7625  1.9444374  0.5372357   46.99842  -47.49328    33.0351    33.0514    -0.7950    -0.7961    26.5537    26.5669    8.20194    7.83518         33 0.0000e+00
      11883    495.100     81.000    -0.7467   2.698591    -0.7494   2.699553      87.30     0.0302     3.2380     2.7604  1.9452002  0.5355106   46.99842  -47.49328    33.0403    33.0564    -0.7488    -0.7515    26.5561    26.5693    8.17888    7.82137         62 0.0000e+00
      11943    497.588     82.000    -0.7047   2.702473    -0.7039   2.703760      91.59     0.0295     3.2360     2.7588  1.9452732  0.5361137   46.99842  -47.49328    33.0460    33.0624    -0.7069    -0.7061    26.5592    26.5725    8.17158    7.81594         45 0.0000e+00
      11978    499.044     83.000    -0.6896   2.704079    -0.6900   2.705221      74.81     0.0312     3.2352     2.7583  1.9451329  0.5382453   46.99841  -47.49328    33.0506    33.0664    -0.6918    -0.6923    26.5623    26.5752    8.16872    7.80976         32 0.0000e+00
      12017    500.681     84.000    -0.6926   2.704450    -0.6913   2.705711      76.10     0.0319     3.2349     2.7586  1.9455976  0.5400183   46.99840  -47.49327    33.0582    33.0738    -0.6948    -0.6936    26.5686    26.5812    8.18370    7.82689         51 0.0000e+00
      12074    503.061     85.000    -0.7145   2.702917    -0.7138   2.704160      78.70     0.0225     3.2388     2.7603  1.9472071  0.5414940   46.99842  -47.49326    33.0610    33.0770    -0.7168    -0.7161    26.5717    26.5846    8.22422    7.84545         52 0.0000e+00
      12125    505.180     86.000    -0.7327   2.701696    -0.7329   2.702866      84.65     0.0246     3.2403     2.7618  1.9481558  0.5413539   46.99841  -47.49326    33.0638    33.0798    -0.7350    -0.7352    26.5747    26.5876    8.20843    7.84701         66 0.0000e+00
      12195    508.077     87.000    -0.7284   2.702567    -0.7294   2.703687      72.25     0.0190     3.2411     2.7623  1.9494210  0.5395741   46.99840  -47.49326    33.0702    33.0864    -0.7307    -0.7317    26.5797    26.5929    8.21580    7.84538         45 0.0000e+00
      12220    509.105     88.000    -0.7107   2.704305    -0.7109   2.705520      70.98     0.0192     3.2418     2.7626  1.9489398  0.5391272   46.99840  -47.49326    33.0736    33.0903    -0.7130    -0.7133    26.5818    26.5953    8.21793    7.84905         22 0.0000e+00
      12241    510.010     89.000    -0.6911   2.706372    -0.6911   2.707622      87.84     0.0203     3.2426     2.7633  1.9490845  0.5386378   46.99840  -47.49326    33.0794    33.0963    -0.6935    -0.6935    26.5858    26.5994    8.21691    7.84969         23 0.0000e+00
      12286    511.893     90.000    -0.6793   2.707657    -0.6832   2.708544      79.40     0.0218     3.2435     2.7641  1.9491069  0.5396870   46.99840  -47.49326    33.0832    33.0994    -0.6818    -0.6856    26.5884    26.6016    8.20508    7.84382         75 0.0000e+00
      12348    514.453     91.000    -0.6754   2.708786    -0.6787   2.709579      84.24     0.0224     3.2424     2.7634  1.9510353  0.5422484   46.99840  -47.49326    33.0935    33.1078    -0.6779    -0.6812    26.5966    26.6082    8.18300    7.81617         33 0.0000e+00
      12376    515.608     92.000    -0.6458   2.711901    -0.6530   2.712500      95.86     0.0241     3.2407     2.7617  1.9507233  0.5433928   46.99840  -47.49326    33.1024    33.1184    -0.6483    -0.6555    26.6026    26.6158    8.18081    7.81186         28 0.0000e+00
      12410    517.030     93.000    -0.6119   2.715163    -0.6146   2.716114      80.13     0.0249     3.2419     2.7616  1.9496872  0.5435060   46.99840  -47.49325    33.1086    33.1243    -0.6145    -0.6172    26.6063    26.6191    8.19778    7.82312         44 0.0000e+00
      12462    519.194     94.000    -0.5945   2.716947    -0.5940   2.718193      75.09     0.0241     3.2426     2.7629  1.9495010  0.5457374   46.99840  -47.49324    33.1129    33.1291    -0.5971    -0.5966    26.6091    26.6221    8.17441    7.82468         51 0.0000e+00
      12501    520.837     95.000    -0.6019   2.716487    -0.6011   2.717727      75.89     0.0222     3.2414     2.7633  1.9499063  0.5486153   46.99840  -47.49324    33.1142    33.1299    -0.6045    -0.6038    26.6104    26.6231    8.17934    7.83350         32 0.0000e+00
      12533    522.157     96.000    -0.6372   2.713677    -0.6380   2.714811      72.49     0.0212     3.2418     2.7645  1.9487082  0.5500734   46.99840  -47.49324    33.1145    33.1306    -0.6398    -0.6407    26.6121    26.6252    8.20824    7.84873         32 0.0000e+00
      12566    523.533     97.000    -0.5827   2.718676    -0.5830   2.719905      95.72     0.0215     3.2433     2.7653  1.9505904  0.5495583   46.99840  -47.49324    33.1214    33.1382    -0.5854    -0.5857    26.6155    26.6291    8.20072    7.83425         35 0.0000e+00
      12602    525.044     98.000    -0.5314   2.723587    -0.5319   2.724760      70.46     0.0181     3.2450     2.7662  1.9505659  0.5494504   46.99840  -47.49324    33.1306    33.1468    -0.5342    -0.5347    26.6209    26.6340    8.19595    7.83141         37 0.0000e+00
      12638    526.551     99.000    -0.5282   2.724746    -0.5291   2.725834      73.44     0.0207     3.2470     2.7676  1.9497948  0.5498015   46.99840  -47.49324    33.1420    33.1576    -0.5310    -0.5320    26.6299    26.6426    8.20365    7.83490         35 0.0000e+00
      12672    527.972    100.000    -0.5046   2.727656    -0.5071   2.728656      95.72     0.0203     3.2483     2.7682  1.9487387  0.5554450   46.99839  -47.49324    33.1546    33.1707    -0.5075    -0.5100    26.6392    26.6524    8.18691    7.82500         35 0.0000e+00
      12714    529.717    101.000    -0.4612   2.731813    -0.4638   2.732805      80.98     0.0234     3.2477     2.7673  1.9476287  0.5565027   46.99838  -47.49324    33.1622    33.1783    -0.4642    -0.4668    26.6435    26.6567    8.15779    7.77794         50 0.0000e+00
      12762    531.694    102.000    -0.4040   2.737326    -0.4078   2.738230      75.05     0.0252     3.2438     2.7614  1.9482908  0.5598165   46.99838  -47.49324    33.1729    33.1890    -0.4071    -0.4108    26.6498    26.6630    8.07908    7.71308         36 0.0000e+00
      12787    532.764    103.000    -0.3791   2.739787    -0.3801   2.740922      73.02     0.0244     3.2375     2.7569  1.9484884  0.5606264   46.99838  -47.49324    33.1779    33.1941    -0.3822    -0.3832    26.6528    26.6659    8.03644    7.68059         21 0.0000e+00
      12807    533.570    104.000    -0.3805   2.739959    -0.3786   2.741287      51.13     0.0248     3.2331     2.7533  1.9463100  0.5664531   46.99838  -47.49324    33.1811    33.1968    -0.3837    -0.3817    26.6554    26.6680    8.03074    7.68331         19 0.0000e+00
      12826    534.383    105.000    -0.3706   2.741163    -0.3699   2.742440      95.46     0.0233     3.2297     2.7511  1.9462759  0.5665446   46.99838  -47.49324    33.1858    33.2021    -0.3737    -0.3731    26.6588    26.6719    8.03389    7.70227         20 0.0000e+00
      12856    535.628    106.000    -0.3809   2.740949    -0.3808   2.742143      81.27     0.0223     3.2261     2.7509  1.9445784  0.5702149   46.99838  -47.49323    33.1936    33.2094    -0.3841    -0.3840    26.6655    26.6783    8.06690    7.74756         47 0.0000e+00
      12913    537.999    107.000    -0.3523   2.744161    -0.3605   2.744507      74.98     0.0255     3.2281     2.7558  1.9460747  0.5728080   46.99838  -47.49323    33.2046    33.2184    -0.3555    -0.3637    26.6732    26.6845    8.12842    7.79519         44 0.0000e+00
      12939    539.092    108.000    -0.3363   2.746010    -0.3359   2.747231      87.55     0.0225     3.2319     2.7589  1.9461114  0.5731370   46.99838  -47.49324    33.2112    33.2271    -0.3396    -0.3392    26.6778    26.6906    8.15214    7.79661         21 0.0000e+00
      12959    539.905    109.000    -0.3260   2.747127    -0.3276   2.748238      80.69     0.0219     3.2347     2.7608  1.9454755  0.5732617   46.99838  -47.49323    33.2142    33.2308    -0.3293    -0.3310    26.6798    26.6933    8.14783    7.80219         20 0.0000e+00
      12981    540.854    110.000    -0.2808   2.751471    -0.2819   2.752607      78.07     0.0210     3.2374     2.7636  1.9457278  0.5742998   46.99838  -47.49322    33.2222    33.2385    -0.2843    -0.2854    26.6843    26.6975    8.13757    7.80028         27 0.0000e+00
      13016    542.301    111.000    -0.2495   2.754675    -0.2517   2.755691      92.19     0.0272     3.2397     2.7661  1.9462717  0.5777678   46.99838  -47.49322    33.2300    33.2459    -0.2530    -0.2551    26.6892    26.7021    8.11570    7.78197         42 0.0000e+00
      13056    543.942    112.000    -0.2172   2.758049    -0.2191   2.759098      59.93     0.0252     3.2409     2.7679  1.9458321  0.5841346   46.99838  -47.49322    33.2391    33.2551    -0.2208    -0.2227    26.6951    26.7081    8.10002    7.77941         32 0.0000e+00
      13082    545.050    113.000    -0.1698   2.762916    -0.1722   2.763927      69.62     0.0233     3.2406     2.7693  1.9451915  0.5851467   46.99838  -47.49322    33.2514    33.2675    -0.1734    -0.1759    26.7028    26.7160    8.08371    7.76879         24 0.0000e+00
      13104    545.978    114.000    -0.1439   2.765697    -0.1443   2.766889      96.76     0.0261     3.2406     2.7695  1.9438051  0.5880005   46.99838  -47.49322    33.2595    33.2757    -0.1476    -0.1480    26.7082    26.7213    8.05761    7.75275         21 0.0000e+00
      13124    546.811    115.000    -0.1341   2.766788    -0.1346   2.767979      96.32     0.0256     3.2382     2.7697  1.9437120  0.5883998   46.99838  -47.49322    33.2627    33.2789    -0.1378    -0.1383    26.7103    26.7235    8.04136    7.74554         20 0.0000e+00
      13145    547.653    116.000    -0.1313   2.767301    -0.1316   2.768489      95.57     0.0266     3.2373     2.7689  1.9433426  0.5946776   46.99837  -47.49322    33.2658    33.2819    -0.1351    -0.1354    26.7128    26.7257    8.03346    7.71850         20 0.0000e+00
