data/CTD/2013/CNV/D021A029.CNV
* Sea-Bird SBE 9 Data File:
* FileName = C:\CTD_ACQUISITION\2013021HUD\ctddata\021A029.hdr
* Software Version Seasave V 7.22.2
* Temperature SN = 5081
* Conductivity SN = 3561
* Number of Bytes Per Scan = 37
* Number of Voltage Words = 4
* Number of Scans Averaged by the Deck Unit = 1
* NMEA Latitude = 47 58.52 N
* NMEA Longitude = 046 09.24 W
* NMEA UTC (Time) = Jul 03 2013 02:14:03
* NMEA baud rate = 9600
** Ship: Hudson
** Cruise: HUD2013021
** Chief_Scientist: Greenan
** Organization: BIO
** Area_of_Operation: Sackville Spur
** Station: 29
** Sounding:  1088
** Event_Comments: SS17  393133
# nquan = 25
# nvalues = 1076                        
# units = specified
# name 0 = scan: Scan Count
# name 1 = timeS: Time, Elapsed [seconds]
# name 2 = prDM: Pressure, Digiquartz [db]
# name 3 = t068C: Temperature [ITS-68, deg C]
# name 4 = c0S/m: Conductivity [S/m]
# name 5 = t168C: Temperature, 2 [ITS-68, deg C]
# name 6 = c1S/m: Conductivity, 2 [S/m]
# name 7 = altM: Altimeter [m]
# name 8 = flCUVA: Fluorescence, Chelsea UV Aquatracka [ug/l]
# name 9 = sbeox0V: Oxygen raw, SBE 43 [V]
# name 10 = sbeox1V: Oxygen raw, SBE 43, 2 [V]
# name 11 = upoly0: Upoly 0, Optode 4330F - O2 D-Phase
# name 12 = upoly1: Upoly 1, Optode 4330F - O2 Temp
# name 13 = latitude: Latitude [deg]
# name 14 = longitude: Longitude [deg]
# name 15 = sal00: Salinity, Practical [PSU]
# name 16 = sal11: Salinity, Practical, 2 [PSU]
# name 17 = potemp068C: Potential Temperature [ITS-68, deg C]
# name 18 = potemp168C: Potential Temperature, 2 [ITS-68, deg C]
# name 19 = sigma-é00: Density [sigma-theta, Kg/m^3]
# name 20 = sigma-é11: Density, 2 [sigma-theta, Kg/m^3]
# name 21 = sbeox0ML/L: Oxygen, SBE 43 [ml/l], WS = 2
# name 22 = sbeox1ML/L: Oxygen, SBE 43, 2 [ml/l], WS = 2
# name 23 = nbin: number of scans per bin
# name 24 = flag: flag
# span 0 =      13021,      39397       
# span 1 =    542.480,   1641.489       
# span 2 =      2.000,   1077.000       
# span 3 =     0.2254,     5.8334       
# span 4 =   2.813377,   3.292251       
# span 5 =     0.2228,     5.8332       
# span 6 =   2.815063,   3.293578       
# span 7 =       2.32,     100.24       
# span 8 =     0.0043,     0.4148       
# span 9 =     2.5194,     3.3862       
# span 10 =     2.2661,     3.0331      
# span 11 =  1.7248918,  2.0370747      
# span 12 =  0.7266827,  1.3577852      
# span 13 =   47.97516,   47.97566      
# span 14 =  -46.15358,  -46.15198      
# span 15 =    32.5958,    34.9145      
# span 16 =    32.6107,    34.9307      
# span 17 =     0.2236,     5.8319      
# span 18 =     0.2210,     5.8317      
# span 19 =    25.6740,    27.7569      
# span 20 =    25.6858,    27.7698      
# span 21 =    5.85210,    7.73150      
# span 22 =    6.06779,    7.84168      
# span 23 =         10,        125      
# span 24 = 0.0000e+00, 0.0000e+00      
# interval = decibars: 1                
# start_time = Jul 03 2013 02:14:03 [NMEA time, header]
# bad_flag = -9.990e-29
*END*
[from data line 580]
      28778   1199.048    582.000     4.1648   3.288691     4.1649   3.290037      96.27     0.0138     2.7317     2.4565  1.9682540  1.1468443   47.97526  -46.15244    34.9079    34.9237     4.1215     4.1215    27.7002    27.7128    6.03890    6.23577         19 0.0000e+00
      28798   1199.861    583.000     4.1633   3.288587     4.1630   3.289911      96.72     0.0154     2.7310     2.4563  1.9682540  1.1468686   47.97526  -46.15244    34.9078    34.9237     4.1199     4.1196    27.7003    27.7130    6.04045    6.23307         21 0.0000e+00
      28820   1200.796    584.000     4.1622   3.288528     4.1620   3.289853      95.64     0.0139     2.7315     2.4556  1.9691031  1.1457273   47.97526  -46.15243    34.9077    34.9236     4.1187     4.1185    27.7004    27.7130    6.04592    6.23317         24 0.0000e+00
      28846   1201.889    585.000     4.1604   3.288397     4.1601   3.289709      94.58     0.0090     2.7315     2.4558  1.9693879  1.1453855   47.97526  -46.15242    34.9075    34.9233     4.1169     4.1165    27.7004    27.7131    6.05068    6.24240         27 0.0000e+00
      28872   1202.969    586.000     4.1599   3.288395     4.1595   3.289709      96.51     0.0121     2.7318     2.4561  1.9705249  1.1452966   47.97526  -46.15242    34.9075    34.9234     4.1163     4.1159    27.7005    27.7132    6.05020    6.24346         24 0.0000e+00
      28894   1203.886    587.000     4.1587   3.288327     4.1585   3.289655      48.80     0.0145     2.7319     2.4562  1.9706985  1.1452992   47.97526  -46.15242    34.9075    34.9234     4.1150     4.1147    27.7006    27.7133    6.05295    6.24354         21 0.0000e+00
      28914   1204.691    588.000     4.1576   3.288268     4.1574   3.289602      93.58     0.0140     2.7324     2.4564  1.9706960  1.1452992   47.97526  -46.15241    34.9074    34.9233     4.1138     4.1136    27.7007    27.7133    6.05209    6.24726         18 0.0000e+00
      28932   1205.455    589.000     4.1559   3.288158     4.1557   3.289494      95.23     0.0146     2.7322     2.4566  1.9706960  1.1452992   47.97526  -46.15240    34.9074    34.9233     4.1120     4.1119    27.7009    27.7135    6.05527    6.25455         19 0.0000e+00
      28951   1206.242    590.000     4.1546   3.288083     4.1544   3.289411      90.74     0.0156     2.7323     2.4573  1.9706960  1.1452992   47.97526  -46.15240    34.9074    34.9232     4.1106     4.1104    27.7010    27.7136    6.05001    6.26228         19 0.0000e+00
      28971   1207.104    591.000     4.1535   3.288028     4.1534   3.289363      94.50     0.0173     2.7318     2.4581  1.9711397  1.1450218   47.97526  -46.15240    34.9073    34.9232     4.1095     4.1094    27.7010    27.7137    6.05905    6.26280         22 0.0000e+00
      28994   1208.053    592.000     4.1523   3.287964     4.1522   3.289299      94.98     0.0189     2.7332     2.4587  1.9711204  1.1449802   47.97526  -46.15240    34.9073    34.9232     4.1082     4.1081    27.7012    27.7138    6.06311    6.25841         23 0.0000e+00
      29017   1208.994    593.000     4.1516   3.287945     4.1513   3.289263      92.68     0.0197     2.7325     2.4586  1.9706894  1.1441205   47.97526  -46.15239    34.9073    34.9232     4.1075     4.1072    27.7012    27.7139    6.05060    6.24890         22 0.0000e+00
      29037   1209.835    594.000     4.1513   3.287972     4.1512   3.289298      49.26     0.0179     2.7324     2.4579  1.9706960  1.1440780   47.97526  -46.15238    34.9074    34.9232     4.1071     4.1069    27.7014    27.7140    6.04659    6.23998         19 0.0000e+00
      29055   1210.569    595.000     4.1504   3.287936     4.1503   3.289278      87.00     0.0173     2.7311     2.4567  1.9706960  1.1440781   47.97526  -46.15238    34.9074    34.9233     4.1061     4.1060    27.7015    27.7142    6.03698    6.23820         16 0.0000e+00
      29071   1211.244    596.000     4.1485   3.287793     4.1484   3.289129      96.12     0.0163     2.7304     2.4564  1.9706960  1.1440781   47.97526  -46.15238    34.9073    34.9231     4.1041     4.1040    27.7016    27.7142    6.05015    6.25020         16 0.0000e+00
      29087   1211.930    597.000     4.1437   3.287368     4.1443   3.288772      95.85     0.0188     2.7308     2.4567  1.9706960  1.1440781   47.97526  -46.15238    34.9066    34.9226     4.0992     4.0999    27.7016    27.7143    6.06838    6.25616         18 0.0000e+00
      29107   1212.741    598.000     4.1426   3.287292     4.1426   3.288643      96.62     0.0171     2.7317     2.4566  1.9706960  1.1440781   47.97526  -46.15238    34.9065    34.9225     4.0981     4.0981    27.7016    27.7143    6.07463    6.25627         23 0.0000e+00
      29142   1214.215    599.000     4.1414   3.287220     4.1413   3.288564      94.06     0.0158     2.7336     2.4572  1.9706960  1.1437101   47.97526  -46.15238    34.9064    34.9223     4.0968     4.0967    27.7017    27.7143    6.08570    6.26663         46 0.0000e+00
      29180   1215.787    600.000     4.1395   3.287088     4.1394   3.288419      72.53     0.0160     2.7367     2.4587  1.9706960  1.1428123   47.97526  -46.15236    34.9064    34.9221     4.0948     4.0947    27.7019    27.7144    6.10068    6.28606         25 0.0000e+00
      29200   1216.611    601.000     4.1312   3.286283     4.1306   3.287566      70.53     0.0165     2.7380     2.4604  1.9706960  1.1428572   47.97526  -46.15236    34.9050    34.9209     4.0865     4.0859    27.7017    27.7143    6.09887    6.29087         17 0.0000e+00
      29215   1217.268    602.000     4.1136   3.284575     4.1120   3.285771      91.03     0.0138     2.7386     2.4611  1.9706960  1.1428572   47.97526  -46.15236    34.9030    34.9189     4.0689     4.0673    27.7019    27.7147    6.09710    6.28634         15 0.0000e+00
      29229   1217.839    603.000     4.1075   3.284008     4.1067   3.285283      89.82     0.0115     2.7385     2.4610  1.9706960  1.1428572   47.97526  -46.15236    34.9022    34.9181     4.0628     4.0620    27.7019    27.7146    6.09831    6.28341         13 0.0000e+00
      29242   1218.368    604.000     4.1093   3.284266     4.1070   3.285382      96.57     0.0127     2.7394     2.4613  1.9706960  1.1427644   47.97526  -46.15236    34.9028    34.9184     4.0645     4.0622    27.7022    27.7149    6.10463    6.28756         13 0.0000e+00
      29254   1218.887    605.000     4.1093   3.284281     4.1096   3.285679      95.89     0.0124     2.7400     2.4614  1.9706960  1.1416553   47.97526  -46.15236    34.9025    34.9187     4.0644     4.0647    27.7020    27.7148    6.10680    6.29809         12 0.0000e+00
      29267   1219.432    606.000     4.0993   3.283309     4.1000   3.284727      88.41     0.0112     2.7402     2.4626  1.9706960  1.1416361   47.97526  -46.15236    34.9010    34.9170     4.0544     4.0551    27.7019    27.7145    6.11376    6.31216         14 0.0000e+00
      29283   1220.073    607.000     4.0863   3.282046     4.0860   3.283379      96.12     0.0089     2.7412     2.4639  1.9706960  1.1416361   47.97526  -46.15234    34.8994    34.9156     4.0413     4.0410    27.7019    27.7148    6.12583    6.31663         18 0.0000e+00
      29333   1222.167    608.000     4.0822   3.281689     4.0892   3.283726      96.01     0.0134     2.7431     2.4647  1.9711885  1.1383524   47.97526  -46.15234    34.8990    34.9156     4.0372     4.0442    27.7021    27.7146    6.11774    6.29885         38 0.0000e+00
      29377   1224.013    609.000     4.0779   3.281329     4.0792   3.282825      93.44     0.0145     2.7430     2.4641  1.9706925  1.1374522   47.97526  -46.15234    34.8988    34.9150     4.0328     4.0341    27.7023    27.7151    6.09241    6.27622         19 0.0000e+00
      29394   1224.724    610.000     4.0764   3.281231     4.0761   3.282559      91.51     0.0117     2.7411     2.4621  1.9689519  1.1378182   47.97526  -46.15234    34.8986    34.9146     4.0313     4.0310    27.7024    27.7151    6.07225    6.26858         16 0.0000e+00
      29409   1225.348    611.000     4.0768   3.281329     4.0764   3.282626      96.36     0.0124     2.7388     2.4614  1.9682603  1.1379718   47.97526  -46.15234    34.8989    34.9146     4.0316     4.0311    27.7026    27.7151    6.06204    6.26883         14 0.0000e+00
      29423   1225.932    612.000     4.0788   3.281581     4.0777   3.282829      96.68     0.0107     2.7375     2.4603  1.9682540  1.1379732   47.97526  -46.15234    34.8992    34.9151     4.0335     4.0324    27.7026    27.7154    6.06348    6.26224         14 0.0000e+00
      29437   1226.509    613.000     4.0810   3.281857     4.0802   3.283140      95.90     0.0108     2.7358     2.4588  1.9678266  1.1372895   47.97526  -46.15234    34.8996    34.9156     4.0356     4.0348    27.7027    27.7155    6.05665    6.25430         14 0.0000e+00
      29451   1227.098    614.000     4.0841   3.282237     4.0839   3.283569      91.83     0.0126     2.7337     2.4578  1.9670417  1.1363268   47.97526  -46.15234    34.9003    34.9162     4.0386     4.0384    27.7030    27.7157    6.05155    6.25540         14 0.0000e+00
      29466   1227.700    615.000     4.0879   3.282675     4.0879   3.284020      91.53     0.0127     2.7324     2.4566  1.9672737  1.1368264   47.97526  -46.15234    34.9009    34.9169     4.0423     4.0423    27.7031    27.7158    6.05027    6.25055         15 0.0000e+00
      29481   1228.313    616.000     4.0895   3.282901     4.0891   3.284201      56.53     0.0113     2.7303     2.4552  1.9675565  1.1356174   47.97526  -46.15234    34.9013    34.9172     4.0439     4.0434    27.7032    27.7159    6.05552    6.25014         14 0.0000e+00
      29496   1228.949    617.000     4.0958   3.283620     4.0948   3.284861      65.24     0.0101     2.7302     2.4542  1.9682667  1.1355296   47.97526  -46.15232    34.9026    34.9184     4.0500     4.0490    27.7036    27.7162    6.05727    6.25508         16 0.0000e+00
      29513   1229.672    618.000     4.1070   3.284822     4.1058   3.286038      95.82     0.0091     2.7282     2.4538  1.9682540  1.1355312   47.97526  -46.15233    34.9044    34.9201     4.0611     4.0599    27.7039    27.7165    6.06374    6.26494         20 0.0000e+00
      29543   1230.913    619.000     4.1117   3.285349     4.1112   3.286626      96.39     0.0121     2.7284     2.4538  1.9673074  1.1359935   47.97526  -46.15233    34.9052    34.9209     4.0657     4.0651    27.7040    27.7165    6.06551    6.26584         48 0.0000e+00
      29599   1233.257    620.000     4.1138   3.285613     4.1133   3.286905      91.85     0.0130     2.7273     2.4529  1.9679462  1.1379350   47.97526  -46.15232    34.9057    34.9214     4.0677     4.0672    27.7042    27.7167    6.06226    6.25844         41 0.0000e+00
      29624   1234.276    621.000     4.1130   3.285593     4.1131   3.286938      79.62     0.0146     2.7260     2.4524  1.9680796  1.1381109   47.97526  -46.15232    34.9057    34.9214     4.0668     4.0669    27.7043    27.7168    6.05358    6.25623         20 0.0000e+00
      29641   1234.995    622.000     4.1107   3.285407     4.1112   3.286801      46.20     0.0148     2.7254     2.4520  1.9657642  1.1392174   47.97526  -46.15232    34.9054    34.9214     4.0644     4.0649    27.7043    27.7169    6.05696    6.25492         16 0.0000e+00
      29655   1235.583    623.000     4.1094   3.285361     4.1096   3.286719      88.23     0.0144     2.7251     2.4512  1.9659998  1.1391941   47.97526  -46.15232    34.9057    34.9215     4.0631     4.0633    27.7047    27.7173    6.05816    6.25337         13 0.0000e+00
      29668   1236.112    624.000     4.1139   3.285873     4.1136   3.287196      96.49     0.0127     2.7249     2.4511  1.9660157  1.1391941   47.97526  -46.15230    34.9065    34.9224     4.0675     4.0672    27.7048    27.7176    6.05647    6.25384         12 0.0000e+00
      29680   1236.621    625.000     4.1157   3.286108     4.1155   3.287416      95.98     0.0106     2.7244     2.4506  1.9675833  1.1391010   47.97526  -46.15230    34.9068    34.9225     4.0692     4.0689    27.7049    27.7175    6.05564    6.25600         13 0.0000e+00
      29692   1237.138    626.000     4.1156   3.286132     4.1153   3.287451      90.00     0.0146     2.7238     2.4506  1.9686457  1.1383904   47.97526  -46.15230    34.9067    34.9226     4.0690     4.0687    27.7049    27.7175    6.05590    6.25977         12 0.0000e+00
      29706   1237.716    627.000     4.1147   3.286093     4.1143   3.287398      90.94     0.0154     2.7237     2.4505  1.9690092  1.1389523   47.97526  -46.15230    34.9066    34.9225     4.0681     4.0676    27.7049    27.7176    6.06476    6.25698         16 0.0000e+00
      29731   1238.767    628.000     4.1139   3.286045     4.1135   3.287364      95.18     0.0124     2.7240     2.4497  1.9686376  1.1384430   47.97526  -46.15230    34.9065    34.9224     4.0671     4.0668    27.7049    27.7176    6.06612    6.25638         45 0.0000e+00
      29783   1240.904    629.000     4.1125   3.285964     4.1126   3.287311      55.26     0.0137     2.7239     2.4494  1.9690586  1.1387677   47.97528  -46.15230    34.9064    34.9222     4.0657     4.0658    27.7050    27.7176    6.06699    6.26004         32 0.0000e+00
      29801   1241.680    630.000     4.1106   3.285821     4.1105   3.287152      91.75     0.0119     2.7238     2.4490  1.9694809  1.1391351   47.97526  -46.15230    34.9062    34.9221     4.0637     4.0636    27.7050    27.7176    6.06252    6.25182         19 0.0000e+00
      29818   1242.389    631.000     4.1096   3.285768     4.1084   3.286998      95.50     0.0128     2.7235     2.4482  1.9697018  1.1391180   47.97526  -46.15230    34.9061    34.9219     4.0626     4.0614    27.7051    27.7178    6.06406    6.25333         16 0.0000e+00
      29834   1243.059    632.000     4.1088   3.285733     4.1081   3.287012      95.98     0.0135     2.7233     2.4482  1.9704635  1.1391938   47.97526  -46.15230    34.9060    34.9219     4.0618     4.0611    27.7051    27.7178    6.06707    6.25877         16 0.0000e+00
      29851   1243.733    633.000     4.1068   3.285588     4.1068   3.286931      95.95     0.0180     2.7233     2.4481  1.9704670  1.1391941   47.97526  -46.15230    34.9059    34.9218     4.0597     4.0597    27.7052    27.7178    6.06776    6.25529         16 0.0000e+00
      29868   1244.450    634.000     4.1063   3.285580     4.1065   3.286951      96.51     0.0135     2.7230     2.4476  1.9704930  1.1388489   47.97526  -46.15230    34.9059    34.9218     4.0591     4.0593    27.7052    27.7179    6.05951    6.24914         18 0.0000e+00
      29886   1245.218    635.000     4.1070   3.285708     4.1061   3.286963      88.55     0.0116     2.7224     2.4466  1.9705684  1.1379622   47.97526  -46.15230    34.9061    34.9219     4.0598     4.0588    27.7053    27.7180    6.05775    6.24500         19 0.0000e+00
      29904   1245.959    636.000     4.1074   3.285798     4.1066   3.287060      93.61     0.0095     2.7216     2.4460  1.9704086  1.1379732   47.97526  -46.15230    34.9061    34.9219     4.0601     4.0593    27.7053    27.7180    6.05344    6.24695         17 0.0000e+00
      29920   1246.607    637.000     4.1070   3.285802     4.1064   3.287080      90.55     0.0090     2.7213     2.4455  1.9699966  1.1379732   47.97526  -46.15230    34.9062    34.9219     4.0596     4.0589    27.7054    27.7180    6.05788    6.25138         14 0.0000e+00
      29933   1247.182    638.000     4.1047   3.285632     4.1044   3.286955      29.01     0.0096     2.7208     2.4455  1.9695574  1.1379732   47.97526  -46.15230    34.9061    34.9219     4.0572     4.0569    27.7056    27.7182    6.06520    6.25901         13 0.0000e+00
