data/CTD/2013/CNV/D021A043.CNV
* Sea-Bird SBE 9 Data File:
* FileName = C:\CTD_ACQUISITION\2013021HUD\ctddata\021A043.hdr
* Software Version Seasave V 7.22.2
* Temperature SN = 5081
* Conductivity SN = 3561
* Number of Bytes Per Scan = 37
* Number of Voltage Words = 4
* Number of Scans Averaged by the Deck Unit = 1
* NMEA Latitude = 48 24.11 N
* NMEA Longitude = 046 14.76 W
* NMEA UTC (Time) = Jul 04 2013 05:49:20
* NMEA baud rate = 9600
** Ship: Hudson
** Cruise: HUD2013021
** Chief_Scientist: Greenan
** Organization: BIO
** Area_of_Operation: Sackville Spur
** Station: 43
** Sounding:  1023
** Event_Comments: FP_BSR_3  393194
# nquan = 25
# nvalues = 1012                        
# units = specified
# name 0 = scan: Scan Count
# name 1 = timeS: Time, Elapsed [seconds]
# name 2 = prDM: Pressure, Digiquartz [db]
# name 3 = t068C: Temperature [ITS-68, deg C]
# name 4 = c0S/m: Conductivity [S/m]
# name 5 = t168C: Temperature, 2 [ITS-68, deg C]
# name 6 = c1S/m: Conductivity, 2 [S/m]
# name 7 = altM: Altimeter [m]
# name 8 = flCUVA: Fluorescence, Chelsea UV Aquatracka [ug/l]
# name 9 = sbeox0V: Oxygen raw, SBE 43 [V]
# name 10 = sbeox1V: Oxygen raw, SBE 43, 2 [V]
# name 11 = upoly0: Upoly 0, Optode 4330F - O2 D-Phase
# name 12 = upoly1: Upoly 1, Optode 4330F - O2 Temp
# name 13 = latitude: Latitude [deg]
# name 14 = longitude: Longitude [deg]
# name 15 = sal00: Salinity, Practical [PSU]
# name 16 = sal11: Salinity, Practical, 2 [PSU]
# name 17 = potemp068C: Potential Temperature [ITS-68, deg C]
# name 18 = potemp168C: Potential Temperature, 2 [ITS-68, deg C]
# name 19 = sigma-é00: Density [sigma-theta, Kg/m^3]
# name 20 = sigma-é11: Density, 2 [sigma-theta, Kg/m^3]
# name 21 = sbeox0ML/L: Oxygen, SBE 43 [ml/l], WS = 2
# name 22 = sbeox1ML/L: Oxygen, SBE 43, 2 [ml/l], WS = 2
# name 23 = nbin: number of scans per bin
# name 24 = flag: flag
# span 0 =       8688,      36977       
# span 1 =    361.942,   1540.664       
# span 2 =      2.000,   1013.000       
# span 3 =     0.7973,     6.7443       
# span 4 =   2.868343,   3.339007       
# span 5 =     0.7969,     6.7485       
# span 6 =   2.870385,   3.340595       
# span 7 =       3.78,     118.93       
# span 8 =     0.0066,     0.3394       
# span 9 =     2.5901,     3.4735       
# span 10 =     2.3321,     3.0792      
# span 11 =  1.7142641,  2.0019026      
# span 12 =  0.7460318,  1.4696512      
# span 13 =   48.40233,   48.40398      
# span 14 =  -46.24527,  -46.24144      
# span 15 =    33.0502,    35.9622      
# span 16 =    33.0709,    34.9205      
# span 17 =     0.7957,     6.7436      
# span 18 =     0.7954,     6.7478      
# span 19 =    25.9748,    28.6785      
# span 20 =    25.9887,    27.7510      
# span 21 =    6.00567,    8.02120      
# span 22 =    6.22528,    8.08109      
# span 23 =          2,         85      
# span 24 = 0.0000e+00, 0.0000e+00      
# interval = decibars: 1                
# start_time = Jul 04 2013 05:49:20 [NMEA time, header]
# bad_flag = -9.990e-29
*END*
[from data line 812]
      32427   1351.082    814.000     3.7928   3.263393     3.7926   3.264773      51.25     0.0145     2.7126     2.4383  1.9620192  1.0989012   48.40374  -46.24252    34.8810    34.8977     3.7331     3.7329    27.7192    27.7324    6.23047    6.42821         19 0.0000e+00
      32447   1351.897    815.000     3.7928   3.263430     3.7926   3.264822      95.32     0.0187     2.7126     2.4381  1.9624298  1.0989012   48.40374  -46.24252    34.8809    34.8977     3.7331     3.7329    27.7191    27.7324    6.22854    6.43166         21 0.0000e+00
      32471   1352.917    816.000     3.7927   3.263465     3.7925   3.264850      85.44     0.0196     2.7116     2.4382  1.9628386  1.0989012   48.40374  -46.24251    34.8809    34.8976     3.7329     3.7327    27.7191    27.7324    6.22667    6.43171         28 0.0000e+00
      32501   1354.171    817.000     3.7925   3.263498     3.7922   3.264874      43.22     0.0178     2.7115     2.4380  1.9628407  1.0989012   48.40374  -46.24250    34.8810    34.8976     3.7326     3.7323    27.7192    27.7325    6.23193    6.43125         30 0.0000e+00
      32528   1355.290    818.000     3.7924   3.263538     3.7924   3.264938      56.25     0.0137     2.7109     2.4377  1.9629133  1.0989012   48.40374  -46.24248    34.8811    34.8977     3.7324     3.7324    27.7193    27.7325    6.22836    6.43020         24 0.0000e+00
      32551   1356.242    819.000     3.7924   3.263578     3.7923   3.264977      66.36     0.0120     2.7104     2.4377  1.9628136  1.0989012   48.40374  -46.24248    34.8810    34.8977     3.7324     3.7323    27.7192    27.7326    6.20961    6.43212         22 0.0000e+00
      32571   1357.082    820.000     3.7913   3.263519     3.7912   3.264914      50.42     0.0155     2.7083     2.4372  1.9627916  1.0989012   48.40374  -46.24246    34.8810    34.8977     3.7312     3.7310    27.7193    27.7326    6.20991    6.42950         19 0.0000e+00
      32589   1357.821    821.000     3.7902   3.263472     3.7899   3.264852      93.13     0.0169     2.7079     2.4374  1.9629905  1.0989012   48.40375  -46.24246    34.8811    34.8978     3.7300     3.7296    27.7195    27.7329    6.22353    6.43186         16 0.0000e+00
      32605   1358.483    822.000     3.7906   3.263555     3.7904   3.264943      95.28     0.0163     2.7087     2.4370  1.9627581  1.0989012   48.40376  -46.24246    34.8812    34.8978     3.7303     3.7331    27.7196    27.7329    6.22115    6.43182         16 0.0000e+00
      32620   1359.105    823.000     3.7911   3.263651     3.7908   3.265028      93.48     0.0166     2.7069     2.4371  1.9631088  1.0989012   48.40376  -46.24246    34.8812    34.8979     3.7307     3.7304    27.7195    27.7328    6.21675    6.43226         14 0.0000e+00
      32634   1359.727    824.000     3.7902   3.263609     3.7899   3.264985       7.80     0.0152     2.7072     2.4369  1.9623804  1.0989012   48.40375  -46.24246    34.8811    34.8978     3.7297     3.7294    27.7196    27.7329    6.22416    6.42318         16 0.0000e+00
      32651   1360.399    825.000     3.7896   3.263596     3.7891   3.264953      89.86     0.0146     2.7070     2.4358  1.9618049  1.0989012   48.40374  -46.24246    34.8811    34.8978     3.7291     3.7286    27.7196    27.7330    6.23051    6.41336         17 0.0000e+00
      32672   1361.303    826.000     3.7890   3.263572     3.7887   3.264954      96.05     0.0121     2.7072     2.4346  1.9618105  1.0989012   48.40376  -46.24244    34.8809    34.8976     3.7284     3.7281    27.7196    27.7329    6.23079    6.40935         29 0.0000e+00
      32716   1363.106    827.000     3.7889   3.263611     3.7889   3.265010      56.44     0.0127     2.7071     2.4331  1.9629825  1.0985355   48.40376  -46.24243    34.8809    34.8976     3.7283     3.7282    27.7196    27.7329    6.22667    6.42613         45 0.0000e+00
      32744   1364.297    828.000     3.7880   3.263574     3.7878   3.264969      95.66     0.0168     2.7068     2.4335  1.9620733  1.0989074   48.40376  -46.24242    34.8810    34.8977     3.7272     3.7271    27.7198    27.7331    6.22608    6.43192         20 0.0000e+00
      32763   1365.065    829.000     3.7867   3.263515     3.7864   3.264889      92.79     0.0184     2.7065     2.4335  1.9622248  1.0989012   48.40376  -46.24240    34.8811    34.8978     3.7259     3.7255    27.7199    27.7333    6.22641    6.42535         17 0.0000e+00
      32779   1365.758    830.000     3.7847   3.263398     3.7841   3.264746       6.54     0.0183     2.7066     2.4332  1.9625115  1.0989012   48.40376  -46.24240    34.8813    34.8980     3.7239     3.7232    27.7203    27.7337    6.22921    6.42084         17 0.0000e+00
      32795   1366.436    831.000     3.7836   3.263357     3.7833   3.264728      95.56     0.0160     2.7062     2.4326  1.9623022  1.0989012   48.40376  -46.24240    34.8815    34.8981     3.7226     3.7223    27.7206    27.7338    6.22544    6.42431         16 0.0000e+00
      32812   1367.130    832.000     3.7833   3.263383     3.7829   3.264749      96.48     0.0147     2.7060     2.4329  1.9627264  1.0989012   48.40376  -46.24240    34.8816    34.8983     3.7223     3.7218    27.7207    27.7340    6.22081    6.43080         17 0.0000e+00
      32829   1367.849    833.000     3.7828   3.263390     3.7825   3.264769      96.06     0.0159     2.7052     2.4326  1.9632308  1.0985641   48.40376  -46.24239    34.8817    34.8984     3.7217     3.7241    27.7209    27.7342    6.21312    6.42481         18 0.0000e+00
      32848   1368.627    834.000     3.7827   3.263421     3.7825   3.264807      23.83     0.0132     2.7039     2.4322  1.9631879  1.0982376   48.40376  -46.24238    34.8817    34.8983     3.7215     3.7213    27.7208    27.7342    6.21679    6.41616         20 0.0000e+00
      32870   1369.531    835.000     3.7826   3.263462     3.7824   3.264851      90.60     0.0140     2.7039     2.4311  1.9632163  1.0982885   48.40376  -46.24238    34.8817    34.8984     3.7214     3.7211    27.7209    27.7342    6.22106    6.41518         24 0.0000e+00
      32895   1370.593    836.000     3.7827   3.263511     3.7824   3.264899      96.14     0.0155     2.7032     2.4306  1.9645300  1.0981977   48.40376  -46.24237    34.8817    34.8984     3.7213     3.7211    27.7209    27.7343    6.22400    6.41682         26 0.0000e+00
      32920   1371.623    837.000     3.7827   3.263571     3.7826   3.264951      27.93     0.0125     2.7034     2.4297  1.9642200  1.0982109   48.40376  -46.24236    34.8818    34.8984     3.7213     3.7211    27.7210    27.7342    6.22522    6.41695         23 0.0000e+00
      32942   1372.560    838.000     3.7827   3.263619     3.7825   3.264997      95.74     0.0129     2.7028     2.4296  1.9630406  1.0980691   48.40376  -46.24236    34.8819    34.8985     3.7212     3.7210    27.7211    27.7343    6.22154    6.42365         22 0.0000e+00
      32965   1373.494    839.000     3.7828   3.263669     3.7826   3.265051      37.30     0.0154     2.7025     2.4295  1.9628930  1.0982101   48.40376  -46.24234    34.8819    34.8986     3.7212     3.7210    27.7211    27.7344    6.21837    6.41774         23 0.0000e+00
      32987   1374.436    840.000     3.7829   3.263711     3.7827   3.265098      44.66     0.0148     2.7017     2.4287  1.9645886  1.0983460   48.40376  -46.24234    34.8818    34.8985     3.7212     3.7210    27.7210    27.7343    6.21486    6.40940         22 0.0000e+00
      33008   1375.299    841.000     3.7830   3.263768     3.7827   3.265152      72.95     0.0110     2.7014     2.4279  1.9645909  1.0981928   48.40378  -46.24234    34.8819    34.8986     3.7212     3.7210    27.7210    27.7344    6.21212    6.40633         19 0.0000e+00
      33026   1376.045    842.000     3.7831   3.263851     3.7827   3.265236      94.89     0.0135     2.7001     2.4272  1.9644465  1.0980384   48.40378  -46.24232    34.8822    34.8990     3.7212     3.7209    27.7213    27.7347    6.19800    6.41000         17 0.0000e+00
      33042   1376.723    843.000     3.7824   3.263873     3.7820   3.265257      88.26     0.0125     2.6990     2.4269  1.9642872  1.0981370   48.40378  -46.24232    34.8827    34.8995     3.7205     3.7201    27.7217    27.7352    6.20011    6.41456         16 0.0000e+00
      33058   1377.390    844.000     3.7812   3.263841     3.7808   3.265219      48.22     0.0116     2.6980     2.4266  1.9641345  1.0983648   48.40378  -46.24232    34.8830    34.8998     3.7192     3.7250    27.7222    27.7355    6.20808    6.41775         16 0.0000e+00
      33076   1378.112    845.000     3.7801   3.263793     3.7797   3.265162      53.03     0.0113     2.6982     2.4268  1.9645199  1.0981972   48.40378  -46.24232    34.8831    34.8998     3.7181     3.7177    27.7224    27.7357    6.21382    6.42200         19 0.0000e+00
      33098   1379.034    846.000     3.7799   3.263816     3.7796   3.265196      95.05     0.0134     2.6975     2.4267  1.9644979  1.0979688   48.40378  -46.24231    34.8831    34.8998     3.7178     3.7174    27.7224    27.7357    6.21308    6.42163         26 0.0000e+00
      33128   1380.274    847.000     3.7796   3.263837     3.7791   3.265197      59.92     0.0147     2.6973     2.4264  1.9639184  1.0981342   48.40378  -46.24230    34.8832    34.8998     3.7173     3.7169    27.7225    27.7358    6.21023    6.41521         30 0.0000e+00
      33154   1381.359    848.000     3.7779   3.263734     3.7777   3.265118      72.61     0.0145     2.6962     2.4259  1.9641173  1.0979413   48.40378  -46.24230    34.8832    34.8999     3.7156     3.7154    27.7227    27.7360    6.20295    6.41418         23 0.0000e+00
      33175   1382.263    849.000     3.7763   3.263643     3.7762   3.265033      95.87     0.0112     2.6956     2.4252  1.9657428  1.0981226   48.40378  -46.24228    34.8833    34.8999     3.7140     3.7139    27.7229    27.7361    6.21295    6.40834         22 0.0000e+00
      33197   1383.178    850.000     3.7757   3.263627     3.7754   3.265002      69.17     0.0111     2.6959     2.4247  1.9663604  1.0979594   48.40378  -46.24228    34.8832    34.8999     3.7133     3.7130    27.7229    27.7362    6.21080    6.41265         22 0.0000e+00
      33220   1384.130    851.000     3.7754   3.263638     3.7750   3.265007      27.09     0.0135     2.6948     2.4244  1.9662360  1.0978388   48.40378  -46.24228    34.8832    34.8998     3.7129     3.7125    27.7229    27.7362    6.20525    6.41198         23 0.0000e+00
      33241   1385.011    852.000     3.7751   3.263663     3.7749   3.265042      90.34     0.0145     2.6948     2.4236  1.9663272  1.0980034   48.40378  -46.24226    34.8832    34.8998     3.7126     3.7123    27.7230    27.7362    6.21020    6.40935         19 0.0000e+00
      33259   1385.765    853.000     3.7753   3.263725     3.7750   3.265099      96.68     0.0144     2.6941     2.4235  1.9665343  1.0973074   48.40378  -46.24226    34.8833    34.9000     3.7126     3.7123    27.7230    27.7363    6.20433    6.41354         17 0.0000e+00
      33276   1386.443    854.000     3.7756   3.263790     3.7752   3.265162      40.88     0.0132     2.6938     2.4231  1.9665754  1.0966833   48.40378  -46.24226    34.8833    34.8999     3.7128     3.7124    27.7230    27.7363    6.20632    6.41435         16 0.0000e+00
      33291   1387.101    855.000     3.7746   3.263738     3.7744   3.265132      49.75     0.0132     2.6931     2.4233  1.9664232  1.0967641   48.40378  -46.24226    34.8831    34.8999     3.7118     3.7116    27.7230    27.7364    6.20759    6.41819         16 0.0000e+00
      33308   1387.798    856.000     3.7736   3.263687     3.7734   3.265083      95.56     0.0142     2.6936     2.4233  1.9664224  1.0967312   48.40378  -46.24225    34.8831    34.8998     3.7107     3.7105    27.7231    27.7364    6.20702    6.41164         18 0.0000e+00
      33328   1388.625    857.000     3.7727   3.263655     3.7724   3.265028      96.25     0.0160     2.6924     2.4222  1.9662602  1.0965742   48.40378  -46.24224    34.8831    34.8997     3.7097     3.7094    27.7232    27.7365    6.20225    6.40179         22 0.0000e+00
      33354   1389.697    858.000     3.7721   3.263639     3.7717   3.265003      37.59     0.0154     2.6915     2.4214  1.9670841  1.0964581   48.40378  -46.24224    34.8831    34.8997     3.7090     3.7087    27.7232    27.7365    6.19745    6.40879         28 0.0000e+00
      33380   1390.787    859.000     3.7715   3.263638     3.7714   3.265012      97.14     0.0154     2.6906     2.4210  1.9684777  1.0964592   48.40378  -46.24223    34.8831    34.8996     3.7084     3.7082    27.7233    27.7365    6.19138    6.41188         24 0.0000e+00
      33402   1391.697    860.000     3.7716   3.263686     3.7714   3.265068      59.97     0.0141     2.6891     2.4211  1.9677584  1.0964592   48.40378  -46.24222    34.8831    34.8997     3.7084     3.7082    27.7233    27.7366    6.19655    6.41525         20 0.0000e+00
      33422   1392.539    861.000     3.7716   3.263731     3.7713   3.265110       4.90     0.0162     2.6893     2.4208  1.9659339  1.0964592   48.40378  -46.24222    34.8831    34.8998     3.7084     3.7080    27.7233    27.7366    6.20463    6.41204         21 0.0000e+00
      33442   1393.394    862.000     3.7713   3.263734     3.7710   3.265119      80.86     0.0140     2.6894     2.4206  1.9659340  1.0964592   48.40378  -46.24222    34.8829    34.8997     3.7079     3.7077    27.7232    27.7366    6.21625    6.41241         20 0.0000e+00
      33463   1394.268    863.000     3.7710   3.263757     3.7707   3.265141      95.19     0.0129     2.6900     2.4204  1.9663435  1.0964592   48.40380  -46.24220    34.8830    34.8997     3.7076     3.7073    27.7233    27.7367    6.19803    6.41446         21 0.0000e+00
      33484   1395.105    864.000     3.7709   3.263796     3.7706   3.265170      67.65     0.0149     2.6880     2.4203  1.9663004  1.0964592   48.40380  -46.24220    34.8831    34.8997     3.7074     3.7071    27.7234    27.7367    6.19636    6.41234         20 0.0000e+00
      33503   1395.902    865.000     3.7708   3.263832     3.7705   3.265218      26.16     0.0150     2.6886     2.4200  1.9675246  1.0964592   48.40380  -46.24221    34.8830    34.8998     3.7072     3.7069    27.7234    27.7368    6.20608    6.41452         19 0.0000e+00
      33522   1396.707    866.000     3.7710   3.263897     3.7707   3.265269      94.78     0.0136     2.6881     2.4199  1.9685731  1.0964592   48.40380  -46.24221    34.8832    34.8998     3.7073     3.7070    27.7235    27.7367    6.19799    6.41655         19 0.0000e+00
      33542   1397.561    867.000     3.7709   3.263935     3.7706   3.265306      96.05     0.0145     2.6874     2.4198  1.9685869  1.0964592   48.40380  -46.24220    34.8832    34.8998     3.7071     3.7068    27.7235    27.7368    6.20281    6.41354         22 0.0000e+00
      33564   1398.475    868.000     3.7708   3.263961     3.7704   3.265327      41.11     0.0164     2.6877     2.4193  1.9667634  1.0964592   48.40380  -46.24220    34.8831    34.8998     3.7069     3.7065    27.7235    27.7368    6.20631    6.40709         22 0.0000e+00
      33587   1399.416    869.000     3.7705   3.263977     3.7701   3.265338      80.10     0.0141     2.6875     2.4188  1.9666613  1.0964592   48.40380  -46.24218    34.8830    34.8997     3.7066     3.7062    27.7234    27.7367    6.20881    6.41142         23 0.0000e+00
      33611   1400.428    870.000     3.7705   3.264027     3.7703   3.265399      96.11     0.0134     2.6876     2.4187  1.9686118  1.0964592   48.40380  -46.24218    34.8831    34.8997     3.7065     3.7062    27.7235    27.7367    6.20789    6.42017         26 0.0000e+00
