data/CTD/2013/CNV/U021A038.CNV
* Sea-Bird SBE 9 Data File:
* FileName = C:\CTD_ACQUISITION\2013021HUD\ctddata\021A038.hdr
* Software Version Seasave V 7.22.2
* Temperature SN = 5081
* Conductivity SN = 3561
* Number of Bytes Per Scan = 37
* Number of Voltage Words = 4
* Number of Scans Averaged by the Deck Unit = 1
* NMEA Latitude = 48 23.61 N
* NMEA Longitude = 046 37.83 W
* NMEA UTC (Time) = Jul 03 2013 19:56:09
* NMEA baud rate = 9600
** Ship: Hudson
** Cruise: HUD2013021
** Chief_Scientist: Greenan
** Organization: BIO
** Area_of_Operation: Sackville Spur
** Station: 38
** Sounding:  1840
** Event_Comments: SS09  393176
# nquan = 25
# nvalues = 1866                        
# units = specified
# name 0 = scan: Scan Count
# name 1 = timeS: Time, Elapsed [seconds]
# name 2 = prDM: Pressure, Digiquartz [db]
# name 3 = t068C: Temperature [ITS-68, deg C]
# name 4 = c0S/m: Conductivity [S/m]
# name 5 = t168C: Temperature, 2 [ITS-68, deg C]
# name 6 = c1S/m: Conductivity, 2 [S/m]
# name 7 = altM: Altimeter [m]
# name 8 = flCUVA: Fluorescence, Chelsea UV Aquatracka [ug/l]
# name 9 = sbeox0V: Oxygen raw, SBE 43 [V]
# name 10 = sbeox1V: Oxygen raw, SBE 43, 2 [V]
# name 11 = upoly0: Upoly 0, Optode 4330F - O2 D-Phase
# name 12 = upoly1: Upoly 1, Optode 4330F - O2 Temp
# name 13 = latitude: Latitude [deg]
# name 14 = longitude: Longitude [deg]
# name 15 = sal00: Salinity, Practical [PSU]
# name 16 = sal11: Salinity, Practical, 2 [PSU]
# name 17 = potemp068C: Potential Temperature [ITS-68, deg C]
# name 18 = potemp168C: Potential Temperature, 2 [ITS-68, deg C]
# name 19 = sigma-é00: Density [sigma-theta, Kg/m^3]
# name 20 = sigma-é11: Density, 2 [sigma-theta, Kg/m^3]
# name 21 = sbeox0ML/L: Oxygen, SBE 43 [ml/l], WS = 2
# name 22 = sbeox1ML/L: Oxygen, SBE 43, 2 [ml/l], WS = 2
# name 23 = nbin: number of scans per bin
# name 24 = flag: flag
# span 0 =      53921,      96471       
# span 1 =   2246.659,   4019.583       
# span 2 =      1.000,   1866.000       
# span 3 =    -0.2402,     6.1576       
# span 4 =   2.757600,   3.286096       
# span 5 =    -0.2453,     6.1582       
# span 6 =   2.758655,   3.287422       
# span 7 =       5.40,     111.86       
# span 8 =     0.0051,     0.1163       
# span 9 =     2.3222,     3.4123       
# span 10 =     2.0873,     3.0598      
# span 11 =  1.7230086,  2.0767495      
# span 12 =  0.6291518,  1.3972181      
# span 13 =   48.39500,   48.39624      
# span 14 =  -46.62226,  -46.61855      
# span 15 =    32.5915,    34.9209      
# span 16 =    32.6066,    34.9376      
# span 17 =    -0.2411,     6.1575      
# span 18 =    -0.2462,     6.1580      
# span 19 =    25.6306,    27.8083      
# span 20 =    25.6425,    27.8219      
# span 21 =    5.85572,    8.88147      
# span 22 =    6.03502,    9.07557      
# span 23 =         10,        425      
# span 24 = 0.0000e+00, 0.0000e+00      
# interval = decibars: 1                
# start_time = Jul 03 2013 19:56:09 [NMEA time, header]
# bad_flag = -9.990e-29
*END*
[from data line 1160]
      80510   3354.528    706.000     3.8840   3.266502     3.8882   3.268257      95.52     0.0131     2.7471     2.4487  1.9556392  1.1111112   48.39578  -46.62062    34.8775    34.8940     3.8323     3.8365    27.7062    27.7189    6.23678    6.36313         18 0.0000e+00
      80526   3355.211    705.000     3.8927   3.267287     3.8994   3.269289      66.18     0.0126     2.7470     2.4488  1.9563724  1.1109477   48.39580  -46.62060    34.8782    34.8949     3.8411     3.8477    27.7059    27.7185    6.23494    6.35663         15 0.0000e+00
      80541   3355.824    704.000     3.9009   3.268028     3.9024   3.269566      30.47     0.0105     2.7475     2.4486  1.9585277  1.1111144   48.39580  -46.62060    34.8789    34.8955     3.8493     3.8508    27.7056    27.7186    6.22784    6.35076         14 0.0000e+00
      80555   3356.411    703.000     3.9030   3.268185     3.9029   3.269575      95.31     0.0107     2.7470     2.4484  1.9584860  1.1111112   48.39580  -46.62060    34.8790    34.8956     3.8515     3.8514    27.7055    27.7187    6.22456    6.34986         15 0.0000e+00
      80570   3357.032    702.000     3.9033   3.268175     3.9031   3.269546      95.87     0.0128     2.7465     2.4481  1.9583255  1.1109507   48.39580  -46.62060    34.8791    34.8956     3.8518     3.8516    27.7055    27.7187    6.22998    6.35135         15 0.0000e+00
      80588   3357.786    701.000     3.9032   3.268140     3.9028   3.269485      95.88     0.0117     2.7473     2.4482  1.9553196  1.1122839   48.39580  -46.62060    34.8793    34.8957     3.8518     3.8514    27.7057    27.7187    6.23997    6.35315         22 0.0000e+00
      80617   3359.019    700.000     3.9030   3.268078     3.9024   3.269394      86.03     0.0132     2.7480     2.4483  1.9563885  1.1125104   48.39580  -46.62059    34.8793    34.8956     3.8517     3.8511    27.7057    27.7187    6.23556    6.35798         39 0.0000e+00
      80654   3360.558    699.000     3.9028   3.267999     3.9022   3.269322      96.30     0.0167     2.7482     2.4494  1.9585695  1.1130258   48.39580  -46.62058    34.8791    34.8954     3.8516     3.8510    27.7055    27.7186    6.23355    6.36236         29 0.0000e+00
      80678   3361.539    698.000     3.9026   3.267927     3.9018   3.269223      76.80     0.0119     2.7491     2.4496  1.9571521  1.1128558   48.39580  -46.62057    34.8790    34.8952     3.8514     3.8507    27.7055    27.7184    6.23789    6.36310         21 0.0000e+00
      80698   3362.381    697.000     3.9020   3.267821     3.9013   3.269125      95.34     0.0101     2.7492     2.4505  1.9568775  1.1127168   48.39580  -46.62056    34.8789    34.8951     3.8510     3.8502    27.7054    27.7184    6.23615    6.36398         19 0.0000e+00
      80717   3363.182    696.000     3.9016   3.267720     3.9009   3.269039      95.61     0.0092     2.7498     2.4504  1.9568794  1.1129799   48.39580  -46.62056    34.8787    34.8950     3.8506     3.8499    27.7053    27.7184    6.23139    6.35696         19 0.0000e+00
      80737   3363.980    695.000     3.9014   3.267646     3.9009   3.268985      95.29     0.0110     2.7489     2.4507  1.9569453  1.1135688   48.39582  -46.62056    34.8785    34.8949     3.8505     3.8500    27.7052    27.7183    6.23204    6.36113         19 0.0000e+00
      80755   3364.754    694.000     3.9013   3.267593     3.9008   3.268928      71.88     0.0134     2.7501     2.4508  1.9569252  1.1135532   48.39582  -46.62056    34.8784    34.8948     3.8505     3.8500    27.7051    27.7182    6.23813    6.36299         18 0.0000e+00
      80772   3365.457    693.000     3.9014   3.267532     3.9010   3.268871      96.53     0.0094     2.7498     2.4515  1.9582931  1.1135532   48.39582  -46.62056    34.8782    34.8945     3.8507     3.8502    27.7049    27.7179    6.23174    6.36531         16 0.0000e+00
      80787   3366.103    692.000     3.9014   3.267473     3.9011   3.268821      76.99     0.0098     2.7501     2.4517  1.9585617  1.1135532   48.39582  -46.62054    34.8780    34.8943     3.8508     3.8504    27.7047    27.7178    6.23482    6.36664         16 0.0000e+00
      80803   3366.730    691.000     3.9011   3.267376     3.9006   3.268725      71.50     0.0138     2.7502     2.4523  1.9586461  1.1135532   48.39582  -46.62054    34.8777    34.8942     3.8505     3.8500    27.7045    27.7177    6.23165    6.37184         15 0.0000e+00
      80819   3367.401    690.000     3.9004   3.267251     3.8994   3.268549      79.61     0.0180     2.7503     2.4531  1.9584898  1.1135532   48.39582  -46.62054    34.8775    34.8939     3.8499     3.8489    27.7044    27.7176    6.23466    6.37518         17 0.0000e+00
      80843   3368.421    689.000     3.8995   3.267116     3.8986   3.268412      90.36     0.0159     2.7510     2.4541  1.9584296  1.1135532   48.39582  -46.62053    34.8774    34.8937     3.8491     3.8482    27.7044    27.7175    6.23646    6.37287         38 0.0000e+00
      80904   3370.966    688.000     3.9005   3.267210     3.9003   3.268598      85.36     0.0177     2.7514     2.4555  1.9541781  1.1135201   48.39582  -46.62052    34.8779    34.8946     3.8502     3.8499    27.7047    27.7181    6.23015    6.37638         49 0.0000e+00
      80924   3371.775    687.000     3.9003   3.267125     3.8993   3.268408      96.03     0.0158     2.7515     2.4560  1.9558395  1.1123102   48.39583  -46.62052    34.8776    34.8940     3.8501     3.8490    27.7045    27.7176    6.23709    6.36836         17 0.0000e+00
      80939   3372.398    686.000     3.8992   3.266957     3.8974   3.268146      95.24     0.0120     2.7518     2.4559  1.9560447  1.1123321   48.39584  -46.62052    34.8773    34.8934     3.8490     3.8472    27.7044    27.7174    6.24079    6.36680         14 0.0000e+00
      80952   3372.963    685.000     3.8978   3.266752     3.8971   3.268076      95.23     0.0160     2.7526     2.4562  1.9559493  1.1124268   48.39584  -46.62050    34.8769    34.8934     3.8478     3.8470    27.7042    27.7174    6.24109    6.36618         13 0.0000e+00
      80965   3373.499    684.000     3.8981   3.266741     3.8977   3.268121      74.26     0.0177     2.7529     2.4559  1.9553872  1.1127074   48.39584  -46.62050    34.8770    34.8938     3.8481     3.8477    27.7042    27.7176    6.23638    6.36389         13 0.0000e+00
      80978   3374.045    683.000     3.8981   3.266712     3.8978   3.268078      26.59     0.0192     2.7527     2.4559  1.9554319  1.1129352   48.39584  -46.62050    34.8771    34.8937     3.8482     3.8479    27.7043    27.7175    6.23864    6.36810         14 0.0000e+00
      80993   3374.662    682.000     3.8978   3.266643     3.8975   3.268001      64.09     0.0210     2.7534     2.4564  1.9553603  1.1131622   48.39584  -46.62050    34.8772    34.8936     3.8479     3.8477    27.7044    27.7175    6.24279    6.37062         16 0.0000e+00
      81013   3375.497    681.000     3.8976   3.266575     3.8974   3.267946      94.24     0.0197     2.7540     2.4566  1.9562396  1.1129777   48.39584  -46.62050    34.8772    34.8936     3.8478     3.8476    27.7044    27.7175    6.24643    6.36769         25 0.0000e+00
      81048   3376.954    680.000     3.8975   3.266521     3.8966   3.267817      81.26     0.0162     2.7556     2.4567  1.9564961  1.1132326   48.39584  -46.62049    34.8771    34.8934     3.8478     3.8469    27.7043    27.7174    6.24629    6.36396         41 0.0000e+00
      81081   3378.338    679.000     3.8972   3.266451     3.8968   3.267780      96.13     0.0178     2.7558     2.4570  1.9564183  1.1135591   48.39584  -46.62048    34.8771    34.8933     3.8476     3.8472    27.7043    27.7173    6.23574    6.37441         26 0.0000e+00
      81105   3379.313    678.000     3.8966   3.266333     3.8948   3.267502      82.64     0.0183     2.7560     2.4579  1.9557104  1.1129422   48.39586  -46.62048    34.8769    34.8927     3.8470     3.8452    27.7043    27.7170    6.24206    6.37679         22 0.0000e+00
      81125   3380.160    677.000     3.8956   3.266161     3.8945   3.267405      86.82     0.0181     2.7561     2.4584  1.9550846  1.1123365   48.39586  -46.62046    34.8765    34.8924     3.8461     3.8450    27.7040    27.7168    6.23952    6.37602         19 0.0000e+00
      81143   3380.915    676.000     3.8957   3.266081     3.8952   3.267421      95.85     0.0197     2.7562     2.4589  1.9548951  1.1123321   48.39587  -46.62046    34.8759    34.8923     3.8463     3.8458    27.7036    27.7166    6.24458    6.37230         17 0.0000e+00
      81159   3381.579    675.000     3.8963   3.266082     3.8958   3.267426      95.55     0.0182     2.7571     2.4589  1.9552279  1.1133029   48.39588  -46.62046    34.8758    34.8922     3.8470     3.8465    27.7034    27.7165    6.24890    6.36376         15 0.0000e+00
      81174   3382.195    674.000     3.8975   3.266137     3.8977   3.267533      89.37     0.0160     2.7575     2.4585  1.9555241  1.1135560   48.39588  -46.62046    34.8757    34.8921     3.8483     3.8484    27.7032    27.7162    6.24629    6.36205         14 0.0000e+00
      81188   3382.797    673.000     3.8989   3.266218     3.8989   3.267610      70.12     0.0144     2.7579     2.4586  1.9555558  1.1133890   48.39588  -46.62046    34.8757    34.8922     3.8498     3.8497    27.7030    27.7162    6.24343    6.36618         15 0.0000e+00
      81204   3383.444    672.000     3.8995   3.266240     3.8992   3.267595      94.79     0.0136     2.7580     2.4587  1.9562446  1.1135497   48.39588  -46.62046    34.8759    34.8923     3.8504     3.8501    27.7031    27.7162    6.24261    6.36773         17 0.0000e+00
      81223   3384.261    671.000     3.8995   3.266205     3.8992   3.267546      91.77     0.0127     2.7585     2.4590  1.9566305  1.1135532   48.39588  -46.62044    34.8760    34.8922     3.8505     3.8502    27.7032    27.7161    6.24743    6.36785         24 0.0000e+00
      81267   3386.063    670.000     3.8986   3.266089     3.8982   3.267416      74.04     0.0114     2.7597     2.4592  1.9554868  1.1135074   48.39588  -46.62044    34.8760    34.8923     3.8497     3.8507    27.7033    27.7163    6.24853    6.36237         56 0.0000e+00
      81306   3387.699    669.000     3.8979   3.265967     3.8970   3.267250      96.82     0.0090     2.7606     2.4589  1.9548460  1.1125566   48.39589  -46.62043    34.8759    34.8921     3.8491     3.8481    27.7032    27.7162    6.24660    6.35611         23 0.0000e+00
      81325   3388.506    668.000     3.8986   3.265972     3.8987   3.267353      74.80     0.0107     2.7600     2.4584  1.9548225  1.1123304   48.39590  -46.62042    34.8758    34.8920     3.8498     3.8499    27.7031    27.7160    6.23773    6.35549         19 0.0000e+00
      81343   3389.238    667.000     3.8995   3.266006     3.8994   3.267377      91.03     0.0148     2.7607     2.4585  1.9549774  1.1123321   48.39590  -46.62042    34.8757    34.8921     3.8508     3.8507    27.7029    27.7160    6.24703    6.35910         16 0.0000e+00
      81359   3389.915    666.000     3.9000   3.265987     3.8996   3.267348      95.85     0.0149     2.7605     2.4584  1.9552894  1.1123321   48.39590  -46.62042    34.8755    34.8921     3.8513     3.8509    27.7027    27.7159    6.24832    6.36145         16 0.0000e+00
      81375   3390.565    665.000     3.9002   3.265968     3.8998   3.267323      95.11     0.0152     2.7613     2.4588  1.9555871  1.1123321   48.39590  -46.62042    34.8756    34.8921     3.8516     3.8512    27.7027    27.7159    6.25137    6.36671         16 0.0000e+00
      81390   3391.213    664.000     3.9004   3.265956     3.9000   3.267302      87.58     0.0122     2.7619     2.4592  1.9551455  1.1126599   48.39590  -46.62042    34.8757    34.8921     3.8520     3.8515    27.7028    27.7159    6.24542    6.37103         15 0.0000e+00
      81406   3391.869    663.000     3.9006   3.265923     3.9002   3.267277      72.72     0.0105     2.7614     2.4601  1.9563762  1.1134173   48.39590  -46.62041    34.8757    34.8922     3.8522     3.8518    27.7028    27.7159    6.24801    6.37914         16 0.0000e+00
      81422   3392.547    662.000     3.9007   3.265896     3.9003   3.267241      42.67     0.0108     2.7624     2.4610  1.9564759  1.1135544   48.39590  -46.62040    34.8758    34.8922     3.8523     3.8519    27.7028    27.7159    6.25672    6.37667         17 0.0000e+00
      81440   3393.296    661.000     3.9007   3.265851     3.9003   3.267201      61.94     0.0124     2.7632     2.4614  1.9556944  1.1133739   48.39592  -46.62040    34.8758    34.8922     3.8524     3.8521    27.7028    27.7159    6.24702    6.36800         20 0.0000e+00
      81465   3394.336    660.000     3.9005   3.265800     3.9004   3.267170      79.47     0.0143     2.7628     2.4615  1.9548855  1.1135397   48.39592  -46.62040    34.8759    34.8922     3.8523     3.8522    27.7029    27.7159    6.23817    6.36364         33 0.0000e+00
      81509   3396.161    659.000     3.9004   3.265747     3.9001   3.267087      90.02     0.0092     2.7621     2.4617  1.9548229  1.1135532   48.39592  -46.62039    34.8759    34.8921     3.8523     3.8520    27.7029    27.7159    6.23462    6.36599         42 0.0000e+00
      81535   3397.255    658.000     3.9005   3.265692     3.9002   3.267050      85.13     0.0133     2.7622     2.4621  1.9550997  1.1135532   48.39594  -46.62038    34.8757    34.8921     3.8525     3.8522    27.7027    27.7158    6.24599    6.36813         18 0.0000e+00
      81551   3397.928    657.000     3.9010   3.265693     3.9011   3.267085      74.89     0.0155     2.7626     2.4623  1.9564743  1.1135532   48.39594  -46.62038    34.8757    34.8920     3.8531     3.8532    27.7026    27.7156    6.25040    6.37025         15 0.0000e+00
      81565   3398.506    656.000     3.9031   3.265835     3.9040   3.267282      96.05     0.0166     2.7630     2.4628  1.9565142  1.1135532   48.39594  -46.62038    34.8756    34.8919     3.8553     3.8561    27.7024    27.7152    6.24589    6.37202         13 0.0000e+00
      81578   3399.052    655.000     3.9068   3.266097     3.9077   3.267556      95.86     0.0144     2.7633     2.4630  1.9568003  1.1135532   48.39596  -46.62038    34.8754    34.8917     3.8590     3.8599    27.7018    27.7147    6.24226    6.37230         13 0.0000e+00
      81592   3399.608    654.000     3.9095   3.266288     3.9094   3.267678      95.17     0.0137     2.7637     2.4636  1.9548107  1.1135532   48.39596  -46.62038    34.8753    34.8918     3.8618     3.8617    27.7015    27.7146    6.23454    6.37018         14 0.0000e+00
      81607   3400.243    653.000     3.9102   3.266320     3.9101   3.267693      83.84     0.0169     2.7629     2.4637  1.9548229  1.1135532   48.39596  -46.62036    34.8754    34.8918     3.8626     3.8625    27.7014    27.7145    6.23316    6.36391         17 0.0000e+00
      81631   3401.241    652.000     3.9103   3.266284     3.9104   3.267666      86.51     0.0168     2.7634     2.4636  1.9547909  1.1135532   48.39596  -46.62036    34.8755    34.8917     3.8627     3.8628    27.7015    27.7144    6.24038    6.36107         35 0.0000e+00
      81673   3403.004    651.000     3.9084   3.266068     3.9073   3.267364      84.04     0.0131     2.7641     2.4638  1.9545794  1.1135532   48.39596  -46.62036    34.8754    34.8920     3.8609     3.8598    27.7017    27.7149    6.24014    6.36264         38 0.0000e+00
      81700   3404.142    650.000     3.9078   3.265969     3.9079   3.267350      73.97     0.0153     2.7642     2.4637  1.9549334  1.1135532   48.39596  -46.62034    34.8753    34.8917     3.8604     3.8605    27.7016    27.7146    6.24141    6.35963         23 0.0000e+00
