data/CTD/2013/CNV/U021A013.CNV
* Sea-Bird SBE 9 Data File:
* FileName = C:\CTD_ACQUISITION\2013021HUD\ctddata\021A013.hdr
* Software Version Seasave V 7.22.2
* Temperature SN = 5081
* Conductivity SN = 3561
* Number of Bytes Per Scan = 37
* Number of Voltage Words = 4
* Number of Scans Averaged by the Deck Unit = 1
* NMEA Latitude = 46 59.97 N
* NMEA Longitude = 047 10.01 W
* NMEA UTC (Time) = Jul 01 2013 21:27:00
* NMEA baud rate = 9600
** Ship: Hudson
** Cruise: HUD2013021
** Chief_Scientist: Greenan
** Organization: BIO
** Area_of_Operation: Sackville Spur
** Station: 13
** Sounding:  878
** Event_Comments: FC16  393113
# nquan = 25
# nvalues = 864                         
# units = specified
# name 0 = scan: Scan Count
# name 1 = timeS: Time, Elapsed [seconds]
# name 2 = prDM: Pressure, Digiquartz [db]
# name 3 = t068C: Temperature [ITS-68, deg C]
# name 4 = c0S/m: Conductivity [S/m]
# name 5 = t168C: Temperature, 2 [ITS-68, deg C]
# name 6 = c1S/m: Conductivity, 2 [S/m]
# name 7 = altM: Altimeter [m]
# name 8 = flCUVA: Fluorescence, Chelsea UV Aquatracka [ug/l]
# name 9 = sbeox0V: Oxygen raw, SBE 43 [V]
# name 10 = sbeox1V: Oxygen raw, SBE 43, 2 [V]
# name 11 = upoly0: Upoly 0, Optode 4330F - O2 D-Phase
# name 12 = upoly1: Upoly 1, Optode 4330F - O2 Temp
# name 13 = latitude: Latitude [deg]
# name 14 = longitude: Longitude [deg]
# name 15 = sal00: Salinity, Practical [PSU]
# name 16 = sal11: Salinity, Practical, 2 [PSU]
# name 17 = potemp068C: Potential Temperature [ITS-68, deg C]
# name 18 = potemp168C: Potential Temperature, 2 [ITS-68, deg C]
# name 19 = sigma-é00: Density [sigma-theta, Kg/m^3]
# name 20 = sigma-é11: Density, 2 [sigma-theta, Kg/m^3]
# name 21 = sbeox0ML/L: Oxygen, SBE 43 [ml/l], WS = 2
# name 22 = sbeox1ML/L: Oxygen, SBE 43, 2 [ml/l], WS = 2
# name 23 = nbin: number of scans per bin
# name 24 = flag: flag
# span 0 =      41430,      63418       
# span 1 =   1726.193,   2642.368       
# span 2 =      1.000,    864.000       
# span 3 =     0.0697,     6.5020       
# span 4 =   2.777774,   3.283664       
# span 5 =     0.0656,     6.4975       
# span 6 =   2.777230,   3.284946       
# span 7 =       3.80,     102.49       
# span 8 =     0.0079,     0.2043       
# span 9 =     2.6369,     3.4164       
# span 10 =     2.3721,     3.0710      
# span 11 =  1.7203447,  2.0500419      
# span 12 =  0.6495727,  1.4285580      
# span 13 =   46.99875,   46.99930      
# span 14 =  -47.16780,  -47.16700      
# span 15 =    31.2119,    34.8991      
# span 16 =    31.2038,    34.9146      
# span 17 =     0.0678,     6.5016      
# span 18 =     0.0637,     6.4970      
# span 19 =    24.5007,    27.7144      
# span 20 =    24.4949,    27.7268      
# span 21 =    5.96947,    8.17463      
# span 22 =    5.79109,    8.35114      
# span 23 =         11,        469      
# span 24 = 0.0000e+00, 0.0000e+00      
# interval = decibars: 1                
# start_time = Jul 01 2013 21:27:00 [NMEA time, header]
# bad_flag = -9.990e-29
*END*
[from data line 754]
      60045   2501.829    110.000     0.7922   2.874711     0.7695   2.873589      56.21     0.0194     2.9196     2.6074  2.0231912  0.7656154   46.99920  -47.16738    33.6712    33.6804     0.7876     0.7650    26.9901    26.9989    6.96338    7.04697         20 0.0000e+00
      60064   2502.643    109.000     0.7412   2.869228     0.7468   2.870902      95.11     0.0165     2.9253     2.6109  2.0227122  0.7617347   46.99920  -47.16738    33.6545    33.6718     0.7368     0.7424    26.9797    26.9933    6.98013    7.06744         20 0.0000e+00
      60084   2503.466    108.000     0.7258   2.867183     0.7285   2.868776      95.90     0.0172     2.9300     2.6147  2.0220499  0.7582977   46.99920  -47.16738    33.6469    33.6647     0.7215     0.7241    26.9745    26.9887    6.97263    7.07592         20 0.0000e+00
      60104   2504.287    107.000     0.7193   2.866233     0.7208   2.867760      90.71     0.0180     2.9329     2.6175  2.0216589  0.7572189   46.99920  -47.16738    33.6422    33.6605     0.7150     0.7165    26.9711    26.9857    6.96853    7.07367         19 0.0000e+00
      60122   2505.052    106.000     0.7158   2.865688     0.7152   2.866932      63.23     0.0186     2.9358     2.6198  2.0181210  0.7455059   46.99920  -47.16738    33.6396    33.6564     0.7115     0.7109    26.9692    26.9828    6.96806    7.07365         17 0.0000e+00
      60140   2505.774    105.000     0.7143   2.865451     0.7127   2.866565      96.17     0.0183     2.9375     2.6213  2.0181112  0.7455564   46.99920  -47.16738    33.6387    33.6550     0.7101     0.7084    26.9686    26.9818    6.95784    7.07705         18 0.0000e+00
      60158   2506.538    104.000     0.7135   2.865273     0.7120   2.866423      96.39     0.0213     2.9390     2.6236  2.0159438  0.7424694   46.99920  -47.16738    33.6379    33.6544     0.7093     0.7078    26.9680    26.9814    6.96436    7.09473         20 0.0000e+00
      60183   2507.604    103.000     0.7086   2.864772     0.6946   2.864509      79.50     0.0192     2.9415     2.6278  2.0136864  0.7383438   46.99920  -47.16738    33.6373    33.6491     0.7045     0.6905    26.9678    26.9781    6.99150    7.13006         35 0.0000e+00
      60233   2509.670    102.000     0.7061   2.864547     0.7010   2.865232      70.99     0.0179     2.9527     2.6390  2.0044467  0.7350014   46.99920  -47.16737    33.6377    33.6521     0.7020     0.6969    26.9682    26.9801    7.06676    7.18834         50 0.0000e+00
      60266   2511.028    101.000     0.7106   2.864958     0.7055   2.865684      67.42     0.0202     2.9621     2.6472  2.0037403  0.7306043   46.99920  -47.16736    33.6387    33.6537     0.7066     0.7015    26.9688    26.9811    7.09381    7.20533         23 0.0000e+00
      60286   2511.859    100.000     0.7025   2.863915     0.6755   2.862058      96.16     0.0201     2.9670     2.6516  2.0036626  0.7301560   46.99919  -47.16736    33.6346    33.6404     0.6985     0.6715    26.9660    26.9722    7.09800    7.21745         18 0.0000e+00
      60304   2512.612     99.000     0.6744   2.860257     0.6618   2.859944      96.27     0.0227     2.9713     2.6551  2.0030465  0.7295421   46.99918  -47.16736    33.6182    33.6279     0.6705     0.6578    26.9544    26.9630    7.10417    7.22754         18 0.0000e+00
      60322   2513.371     98.000     0.6698   2.858871     0.6665   2.859556      86.77     0.0193     2.9744     2.6586  2.0024450  0.7289405   46.99918  -47.16736    33.6059    33.6184     0.6659     0.6629    26.9448    26.9550    7.10460    7.23118         19 0.0000e+00
      60341   2514.175     97.000     0.6699   2.858081     0.6669   2.858743      72.45     0.0191     2.9777     2.6618  2.0022616  0.7289377   46.99918  -47.16736    33.5960    33.6080     0.6661     0.6630    26.9368    26.9466    7.10837    7.23601         20 0.0000e+00
      60363   2515.070     96.000     0.6687   2.857357     0.6665   2.858231      96.22     0.0188     2.9805     2.6653  1.9948003  0.7253799   46.99918  -47.16736    33.5886    33.6023     0.6648     0.6627    26.9309    26.9421    7.10475    7.24458         23 0.0000e+00
      60389   2516.149     95.000     0.6666   2.856835     0.6639   2.857501      90.14     0.0238     2.9834     2.6690  1.9952748  0.7251513   46.99918  -47.16736    33.5846    33.5964     0.6628     0.6605    26.9278    26.9375    7.11301    7.24857         29 0.0000e+00
      60418   2517.369     94.000     0.6652   2.856588     0.6569   2.856510      78.82     0.0257     2.9876     2.6722  1.9926403  0.7241721   46.99918  -47.16736    33.5836    33.5916     0.6615     0.6531    26.9270    26.9340    7.12572    7.24025         28 0.0000e+00
      60444   2518.460     93.000     0.6626   2.856102     0.6504   2.855306      80.71     0.0244     2.9899     2.6736  1.9914800  0.7241549   46.99918  -47.16736    33.5808    33.5835     0.6588     0.6467    26.9250    26.9279    7.12525    7.23341         24 0.0000e+00
      60467   2519.400     92.000     0.6545   2.854623     0.6462   2.854523      81.29     0.0225     2.9928     2.6744  1.9889994  0.7240533   46.99918  -47.16736    33.5708    33.5785     0.6509     0.6426    26.9174    26.9241    7.14067    7.23934         22 0.0000e+00
      60489   2520.347     91.000     0.6427   2.852785     0.6398   2.853521      95.74     0.0209     2.9950     2.6759  1.9879000  0.7234478   46.99916  -47.16736    33.5607    33.5731     0.6391     0.6362    26.9100    26.9201    7.14158    7.24821         24 0.0000e+00
      60515   2521.402     90.000     0.6255   2.850564     0.6261   2.851744      80.82     0.0212     2.9974     2.6776  1.9843119  0.7215474   46.99916  -47.16736    33.5508    33.5654     0.6220     0.6226    26.9029    26.9147    7.16242    7.26919         27 0.0000e+00
      60542   2522.522     89.000     0.6011   2.847381     0.5907   2.847637      85.08     0.0218     3.0017     2.6807  1.9841267  0.7205301   46.99916  -47.16736    33.5365    33.5511     0.5976     0.5872    26.8928    26.9052    7.18447    7.30110         26 0.0000e+00
      60567   2523.567     88.000     0.5667   2.843645     0.5471   2.842551      96.00     0.0219     3.0049     2.6847  1.9841269  0.7191643   46.99916  -47.16736    33.5258    33.5328     0.5633     0.5437    26.8862    26.8930    7.21805    7.33444         24 0.0000e+00
      60589   2524.513     87.000     0.5165   2.838099     0.4877   2.836064      77.23     0.0236     3.0100     2.6887  1.9820910  0.7177941   46.99916  -47.16736    33.5086    33.5134     0.5132     0.4844    26.8752    26.8806    7.24554    7.36122         22 0.0000e+00
      60611   2525.410     86.000     0.4654   2.832149     0.4401   2.830897      78.33     0.0251     3.0136     2.6920  1.9793806  0.7156978   46.99916  -47.16736    33.4872    33.4982     0.4621     0.4369    26.8608    26.8711    7.24898    7.37040         21 0.0000e+00
      60631   2526.266     85.000     0.4312   2.828288     0.4153   2.827750      60.67     0.0246     3.0157     2.6944  1.9791830  0.7150224   46.99916  -47.16736    33.4745    33.4847     0.4280     0.4121    26.8525    26.8616    7.24969    7.37497         20 0.0000e+00
      60651   2527.076     84.000     0.4067   2.825290     0.3951   2.825253      95.62     0.0229     3.0178     2.6966  1.9782231  0.7094503   46.99916  -47.16736    33.4625    33.4746     0.4036     0.3920    26.8441    26.8545    7.26041    7.38059         19 0.0000e+00
      60670   2527.893     83.000     0.3826   2.822317     0.3735   2.822526      60.38     0.0259     3.0194     2.6983  1.9780835  0.7094017   46.99915  -47.16735    33.4504    33.4630     0.3795     0.3705    26.8357    26.8463    7.26680    7.38699         20 0.0000e+00
      60694   2528.876     82.000     0.3654   2.820157     0.3554   2.820090      95.09     0.0296     3.0213     2.7004  1.9753722  0.7047411   46.99914  -47.16734    33.4414    33.4515     0.3624     0.3523    26.8294    26.8380    7.27805    7.40156         28 0.0000e+00
      60730   2530.377     81.000     0.3666   2.820168     0.3506   2.819491      79.08     0.0276     3.0260     2.7046  1.9731621  0.6998784   46.99914  -47.16734    33.4408    33.4494     0.3637     0.3476    26.8288    26.8366    7.30669    7.42613         42 0.0000e+00
      60766   2531.868     80.000     0.3692   2.820304     0.3499   2.819276      95.80     0.0261     3.0307     2.7092  1.9708008  0.6944724   46.99914  -47.16734    33.4404    33.4480     0.3663     0.3469    26.8283    26.8355    7.31772    7.44049         27 0.0000e+00
      60787   2532.770     79.000     0.3503   2.818070     0.3378   2.817688      95.92     0.0272     3.0340     2.7119  1.9704946  0.6914713   46.99914  -47.16734    33.4323    33.4409     0.3474     0.3349    26.8228    26.8305    7.32215    7.45484         19 0.0000e+00
      60805   2533.508     78.000     0.3304   2.815401     0.3228   2.815729      57.53     0.0264     3.0351     2.7144  1.9706253  0.6898488   46.99914  -47.16734    33.4196    33.4321     0.3276     0.3200    26.8136    26.8242    7.32283    7.47272         17 0.0000e+00
      60823   2534.232     77.000     0.3151   2.813322     0.3101   2.813966      51.25     0.0231     3.0370     2.7174  1.9706962  0.6898657   46.99914  -47.16734    33.4096    33.4234     0.3123     0.3073    26.8064    26.8178    7.33891    7.49420         18 0.0000e+00
      60842   2535.029     76.000     0.2958   2.810855     0.2891   2.811368      95.12     0.0237     3.0391     2.7210  1.9694939  0.6886636   46.99914  -47.16734    33.3988    33.4128     0.2930     0.2864    26.7988    26.8104    7.35563    7.52050         21 0.0000e+00
      60864   2535.954     75.000     0.2751   2.808474     0.2551   2.807557      95.71     0.0283     3.0425     2.7259  1.9694254  0.6886447   46.99913  -47.16734    33.3907    33.4004     0.2724     0.2524    26.7932    26.8021    7.39154    7.54595         24 0.0000e+00
      60890   2537.042     74.000     0.2420   2.804850     0.2247   2.803862      70.02     0.0435     3.0487     2.7313  1.9641711  0.6844537   46.99912  -47.16734    33.3797    33.3855     0.2394     0.2221    26.7861    26.7917    7.44336    7.57032         28 0.0000e+00
      60920   2538.292     73.000     0.2211   2.803176     0.1814   2.799016      95.88     0.0716     3.0573     2.7379  1.9627788  0.6831695   46.99912  -47.16732    33.3810    33.3695     0.2186     0.1789    26.7882    26.7810    7.47715    7.60793         31 0.0000e+00
      60950   2539.548     72.000     0.1955   2.799884     0.1439   2.794363      74.63     0.0940     3.0657     2.7446  1.9613769  0.6812773   46.99912  -47.16732    33.3662    33.3493     0.1930     0.1414    26.7776    26.7670    7.51023    7.63681         28 0.0000e+00
      60976   2540.604     71.000     0.1485   2.793169     0.1257   2.791178      88.83     0.1243     3.0727     2.7501  1.9610268  0.6806151   46.99911  -47.16732    33.3296    33.3281     0.1460     0.1233    26.7505    26.7505    7.52623    7.65226         23 0.0000e+00
      60996   2541.458     70.000     0.1255   2.789526     0.1159   2.789369      95.82     0.1220     3.0766     2.7541  1.9606067  0.6796482   46.99910  -47.16732    33.3072    33.3156     0.1231     0.1135    26.7336    26.7409    7.52952    7.66240         19 0.0000e+00
      61015   2542.234     69.000     0.1122   2.787373     0.1046   2.787648      94.67     0.1227     3.0804     2.7573  1.9610661  0.6792817   46.99910  -47.16732    33.2939    33.3058     0.1098     0.1023    26.7236    26.7335    7.54366    7.66455         18 0.0000e+00
      61033   2543.000     68.000     0.0990   2.785483     0.0915   2.785820      57.50     0.1176     3.0840     2.7600  1.9597710  0.6718710   46.99910  -47.16732    33.2840    33.2966     0.0967     0.0892    26.7162    26.7267    7.56919    7.66671         19 0.0000e+00
      61053   2543.825     67.000     0.0928   2.784115     0.0911   2.785041      95.20     0.1337     3.0892     2.7624  1.9597075  0.6717265   46.99910  -47.16732    33.2733    33.2873     0.0905     0.0889    26.7079    26.7192    7.58028    7.67626         21 0.0000e+00
      61075   2544.769     66.000     0.0940   2.783752     0.0952   2.784921      58.99     0.1528     3.0928     2.7658  1.9575131  0.6668334   46.99910  -47.16732    33.2677    33.2819     0.0918     0.0929    26.7033    26.7147    7.58324    7.69405         25 0.0000e+00
      61103   2545.906     65.000     0.0940   2.783431     0.0939   2.784569      70.17     0.1680     3.0982     2.7704  1.9563994  0.6642932   46.99910  -47.16732    33.2642    33.2792     0.0917     0.0917    26.7005    26.7126    7.59125    7.71479         30 0.0000e+00
      61134   2547.214     64.000     0.0926   2.783110     0.0905   2.783931      96.14     0.1862     3.1033     2.7759  1.9508848  0.6582829   46.99910  -47.16732    33.2619    33.2751     0.0905     0.0883    26.6987    26.7095    7.60177    7.72976         30 0.0000e+00
      61161   2548.351     63.000     0.0904   2.782576     0.0841   2.782872      84.53     0.2043     3.1070     2.7806  1.9501129  0.6583204   46.99908  -47.16732    33.2579    33.2687     0.0883     0.0820    26.6956    26.7046    7.62093    7.75880         24 0.0000e+00
      61184   2549.280     62.000     0.0876   2.781764     0.0881   2.782598      72.33     0.1966     3.1122     2.7853  1.9487040  0.6593507   46.99908  -47.16730    33.2509    33.2613     0.0855     0.0860    26.6900    26.6984    7.64362    7.77291         22 0.0000e+00
      61205   2550.164     61.000     0.0976   2.781892     0.1019   2.783193      95.26     0.1819     3.1158     2.7893  1.9486600  0.6593407   46.99908  -47.16730    33.2423    33.2547     0.0956     0.0998    26.6826    26.6925    7.65395    7.76862         21 0.0000e+00
      61227   2551.067     60.000     0.1030   2.781786     0.1007   2.782648      95.56     0.1581     3.1207     2.7921  1.9451486  0.6569424   46.99908  -47.16730    33.2356    33.2495     0.1010     0.0986    26.6770    26.6883    7.65457    7.76574         22 0.0000e+00
      61249   2552.001     59.000     0.0936   2.780571     0.0835   2.780770      52.05     0.1466     3.1235     2.7949  1.9451079  0.6568986   46.99908  -47.16730    33.2304    33.2440     0.0916     0.0815    26.6732    26.6847    7.66530    7.77249         23 0.0000e+00
      61272   2552.968     58.000     0.0787   2.779003     0.0705   2.779391      95.14     0.1500     3.1281     2.7974  1.9444020  0.6538318   46.99907  -47.16730    33.2265    33.2406     0.0768     0.0685    26.6708    26.6826    7.67584    7.78115         24 0.0000e+00
      61296   2553.956     57.000     0.0697   2.777845     0.0656   2.778523      62.11     0.1448     3.1306     2.7998  1.9445237  0.6533431   46.99906  -47.16730    33.2216    33.2349     0.0678     0.0637    26.6673    26.6783    7.66138    7.78050         23 0.0000e+00
      61320   2554.952     56.000     0.0775   2.777774     0.0869   2.779378      95.29     0.1372     3.1325     2.8015  1.9408790  0.6522661   46.99906  -47.16730    33.2128    33.2238     0.0756     0.0850    26.6598    26.6682    7.66304    7.77452         25 0.0000e+00
      61346   2556.040     55.000     0.0983   2.779089     0.1159   2.781470      94.86     0.1187     3.1339     2.8029  1.9402174  0.6520151   46.99906  -47.16730    33.2081    33.2206     0.0965     0.1140    26.6550    26.6642    7.65633    7.79303         27 0.0000e+00
      61372   2557.145     54.000     0.1282   2.781180     0.1403   2.783377      64.68     0.1193     3.1371     2.8092  1.9355464  0.6507717   46.99906  -47.16730    33.2039    33.2196     0.1263     0.1385    26.6501    26.6622    7.72762    7.90613         25 0.0000e+00
