data/CTD/2013/CNV/U021A032.CNV
* Sea-Bird SBE 9 Data File:
* FileName = C:\CTD_ACQUISITION\2013021HUD\ctddata\021A032.hdr
* Software Version Seasave V 7.22.2
* Temperature SN = 5081
* Conductivity SN = 3561
* Number of Bytes Per Scan = 37
* Number of Voltage Words = 4
* Number of Scans Averaged by the Deck Unit = 1
* NMEA Latitude = 48 09.81 N
* NMEA Longitude = 046 24.25 W
* NMEA UTC (Time) = Jul 03 2013 07:29:28
* NMEA baud rate = 9600
** Ship: Hudson
** Cruise: HUD2013021
** Chief_Scientist: Greenan
** Organization: BIO
** Area_of_Operation: Sackville Spur
** Station: 32
** Sounding:  1141
** Event_Comments: SS14  393149
# nquan = 25
# nvalues = 1127                        
# units = specified
# name 0 = scan: Scan Count
# name 1 = timeS: Time, Elapsed [seconds]
# name 2 = prDM: Pressure, Digiquartz [db]
# name 3 = t068C: Temperature [ITS-68, deg C]
# name 4 = c0S/m: Conductivity [S/m]
# name 5 = t168C: Temperature, 2 [ITS-68, deg C]
# name 6 = c1S/m: Conductivity, 2 [S/m]
# name 7 = altM: Altimeter [m]
# name 8 = flCUVA: Fluorescence, Chelsea UV Aquatracka [ug/l]
# name 9 = sbeox0V: Oxygen raw, SBE 43 [V]
# name 10 = sbeox1V: Oxygen raw, SBE 43, 2 [V]
# name 11 = upoly0: Upoly 0, Optode 4330F - O2 D-Phase
# name 12 = upoly1: Upoly 1, Optode 4330F - O2 Temp
# name 13 = latitude: Latitude [deg]
# name 14 = longitude: Longitude [deg]
# name 15 = sal00: Salinity, Practical [PSU]
# name 16 = sal11: Salinity, Practical, 2 [PSU]
# name 17 = potemp068C: Potential Temperature [ITS-68, deg C]
# name 18 = potemp168C: Potential Temperature, 2 [ITS-68, deg C]
# name 19 = sigma-é00: Density [sigma-theta, Kg/m^3]
# name 20 = sigma-é11: Density, 2 [sigma-theta, Kg/m^3]
# name 21 = sbeox0ML/L: Oxygen, SBE 43 [ml/l], WS = 2
# name 22 = sbeox1ML/L: Oxygen, SBE 43, 2 [ml/l], WS = 2
# name 23 = nbin: number of scans per bin
# name 24 = flag: flag
# span 0 =      41520,      77106       
# span 1 =   1729.963,   3212.718       
# span 2 =      1.000,   1127.000       
# span 3 =     0.8110,     6.1260       
# span 4 =   2.866988,   3.280009       
# span 5 =     0.7928,     6.1231       
# span 6 =   2.866470,   3.281393       
# span 7 =       2.81,     102.61       
# span 8 =     0.0068,     0.4268       
# span 9 =     2.5320,     3.5196       
# span 10 =     2.2769,     3.1282      
# span 11 =  1.7210933,  2.0248958      
# span 12 =  0.7508452,  1.3891065      
# span 13 =   48.16330,   48.16392      
# span 14 =  -46.40810,  -46.40682      
# span 15 =    33.0085,    34.9111      
# span 16 =    33.0250,    34.9275      
# span 17 =     0.8093,     6.1251      
# span 18 =     0.7910,     6.1221      
# span 19 =    25.9656,    27.7491      
# span 20 =    25.9786,    27.7623      
# span 21 =    5.92990,    8.51257      
# span 22 =    6.13773,    8.66459      
# span 23 =          9,        468      
# span 24 = 0.0000e+00, 0.0000e+00      
# interval = decibars: 1                
# start_time = Jul 03 2013 07:29:28 [NMEA time, header]
# bad_flag = -9.990e-29
*END*
[from data line 928]
      68903   2870.906    199.000     3.3558   3.178890     3.3344   3.177928      69.58     0.0175     2.8965     2.5838  1.9583704  1.0527934   48.16348  -46.40724    34.6621    34.6729     3.3429     3.3218    27.5832    27.5939    6.35440    6.47528         55 0.0000e+00
      69471   2894.565    198.000     3.2671   3.169028     3.2746   3.171156     102.61     0.0197     2.9036     2.5907  1.9498934  1.0372509   48.16352  -46.40717    34.6379    34.6558     3.2545     3.2618    27.5724    27.5859    6.39216    6.49658         29 0.0000e+00
      69670   2902.884    197.000     3.2395   3.165819     3.2390   3.167120      96.19     0.0181     2.9070     2.5925  1.9487901  1.0332407   48.16356  -46.40714    34.6291    34.6454     3.2270     3.2265    27.5680    27.5810    6.41037    6.51175         13 0.0000e+00
      69691   2903.766    196.000     3.2335   3.165023     3.2324   3.166240      96.21     0.0163     2.9075     2.5930  1.9480182  1.0332046   48.16356  -46.40713    34.6265    34.6424     3.2210     3.2199    27.5665    27.5792    6.40992    6.51644         15 0.0000e+00
      69759   2906.566    195.000     3.2328   3.164872     3.2334   3.166294      96.03     0.0197     2.9089     2.5949  1.9478486  1.0319101   48.16356  -46.40712    34.6260    34.6426     3.2204     3.2210    27.5661    27.5793    6.41363    6.53091        118 0.0000e+00
      69828   2909.462    194.000     3.2330   3.164813     3.2339   3.166278      95.76     0.0198     2.9112     2.5970  1.9487516  1.0303129   48.16356  -46.40712    34.6255    34.6424     3.2207     3.2215    27.5657    27.5791    6.42157    6.53770         16 0.0000e+00
      69841   2910.001    193.000     3.2331   3.164768     3.2358   3.166447      96.20     0.0181     2.9121     2.5977  1.9495308  1.0297176   48.16358  -46.40712    34.6254    34.6430     3.2209     3.2235    27.5656    27.5793    6.41696    6.53638         14 0.0000e+00
      69854   2910.555    192.000     3.2341   3.164775     3.2355   3.166212      96.20     0.0167     2.9113     2.5979  1.9499494  1.0292935   48.16358  -46.40712    34.6250    34.6410     3.2219     3.2233    27.5652    27.5777    6.40571    6.53428         13 0.0000e+00
      69867   2911.092    191.000     3.2361   3.164680     3.2366   3.166018      96.14     0.0181     2.9114     2.5981  1.9499389  1.0294746   48.16358  -46.40710    34.6223    34.6380     3.2239     3.2245    27.5628    27.5753    6.39654    6.53376         14 0.0000e+00
      69882   2911.711    190.000     3.2374   3.164559     3.2378   3.165874      95.84     0.0178     2.9105     2.5985  1.9487524  1.0296056   48.16358  -46.40710    34.6200    34.6355     3.2253     3.2258    27.5608    27.5731    6.38506    6.53900         16 0.0000e+00
      69900   2912.470    189.000     3.2351   3.164172     3.2353   3.165483      96.25     0.0205     2.9087     2.5994  1.9455829  1.0305136   48.16358  -46.40710    34.6183    34.6340     3.2231     3.2233    27.5597    27.5722    6.38957    6.54414         20 0.0000e+00
      69924   2913.469    188.000     3.2327   3.163879     3.2240   3.164143      96.25     0.0237     2.9093     2.6003  1.9453963  1.0305251   48.16358  -46.40710    34.6179    34.6304     3.2208     3.2120    27.5596    27.5704    6.41143    6.54351         29 0.0000e+00
      69961   2915.008    187.000     3.2309   3.163667     3.2010   3.161496      96.24     0.0235     2.9116     2.6014  1.9452558  1.0305251   48.16358  -46.40709    34.6178    34.6234     3.2190     3.1892    27.5596    27.5670    6.42874    6.54917         42 0.0000e+00
      69997   2916.511    186.000     3.2232   3.162852     3.2014   3.161593      96.25     0.0219     2.9145     2.6027  1.9461811  1.0305251   48.16358  -46.40708    34.6167    34.6247     3.2114     3.1897    27.5595    27.5679    6.43917    6.55441         29 0.0000e+00
      70022   2917.539    185.000     3.1955   3.159672     3.1719   3.158193      96.25     0.0224     2.9162     2.6031  1.9469556  1.0304122   48.16358  -46.40708    34.6083    34.6156     3.1838     3.1602    27.5554    27.5634    6.44046    6.55109         22 0.0000e+00
      70044   2918.448    184.000     3.1623   3.155641     3.1568   3.156307      96.26     0.0236     2.9170     2.6031  1.9483309  1.0293162   48.16359  -46.40708    34.5954    34.6094     3.1507     3.1452    27.5482    27.5599    6.44073    6.56008         23 0.0000e+00
      70069   2919.519    183.000     3.1461   3.153600     3.1469   3.155110      96.25     0.0236     2.9179     2.6045  1.9485861  1.0287566   48.16360  -46.40708    34.5885    34.6059     3.1346     3.1354    27.5442    27.5580    6.45003    6.56725         30 0.0000e+00
      70100   2920.791    182.000     3.1394   3.152707     3.1383   3.154072      96.26     0.0269     2.9194     2.6050  1.9486754  1.0267047   48.16360  -46.40708    34.5853    34.6030     3.1280     3.1269    27.5423    27.5565    6.45186    6.56333         27 0.0000e+00
      70122   2921.723    181.000     3.1278   3.151518     3.1233   3.152396      96.25     0.0234     2.9196     2.6052  1.9487187  1.0262111   48.16360  -46.40708    34.5839    34.5994     3.1164     3.1119    27.5422    27.5550    6.45046    6.55966         19 0.0000e+00
      70139   2922.434    180.000     3.1159   3.150129     3.1139   3.151283      96.25     0.0204     2.9201     2.6049  1.9487180  1.0247320   48.16360  -46.40708    34.5802    34.5964     3.1046     3.1027    27.5404    27.5535    6.45328    6.55541         16 0.0000e+00
      70155   2923.075    179.000     3.1047   3.148832     3.1042   3.150160      96.05     0.0206     2.9201     2.6044  1.9487180  1.0251470   48.16360  -46.40706    34.5770    34.5937     3.0935     3.0930    27.5389    27.5522    6.45508    6.55995         15 0.0000e+00
      70170   2923.695    178.000     3.0949   3.147755     3.0930   3.148890      96.20     0.0209     2.9208     2.6047  1.9487180  1.0245150   48.16360  -46.40706    34.5749    34.5907     3.0838     3.0820    27.5381    27.5509    6.46554    6.56918         15 0.0000e+00
      70185   2924.344    177.000     3.0872   3.146823     3.0841   3.147871      96.25     0.0223     2.9221     2.6051  1.9487180  1.0230695   48.16360  -46.40706    34.5724    34.5885     3.0762     3.0731    27.5368    27.5499    6.46341    6.57021         16 0.0000e+00
      70203   2925.092    176.000     3.0793   3.145884     3.0760   3.146943      96.25     0.0230     2.9216     2.6052  1.9487180  1.0229698   48.16360  -46.40706    34.5699    34.5864     3.0684     3.0651    27.5356    27.5490    6.45535    6.57347         21 0.0000e+00
      70275   2928.093    175.000     3.0829   3.146371     3.0787   3.147227      96.07     0.0184     2.9232     2.6081  1.9471201  1.0165848   48.16362  -46.40706    34.5726    34.5875     3.0720     3.0678    27.5373    27.5496    6.46636    6.58567         87 0.0000e+00
      70332   2930.469    174.000     3.0880   3.146798     3.0820   3.147524      95.63     0.0202     2.9240     2.6092  1.9491005  1.0121887   48.16362  -46.40706    34.5729    34.5881     3.0772     3.0712    27.5371    27.5498    6.46644    6.58338         13 0.0000e+00
      70343   2930.937    173.000     3.0863   3.146535     3.0806   3.147305      96.25     0.0231     2.9243     2.6100  1.9495721  1.0122100   48.16362  -46.40704    34.5721    34.5876     3.0756     3.0698    27.5366    27.5495    6.47365    6.58949         10 0.0000e+00
      70353   2931.348    172.000     3.0749   3.145154     3.0714   3.146132      96.22     0.0250     2.9252     2.6103  1.9493319  1.0122100   48.16362  -46.40704    34.5680    34.5836     3.0642     3.0608    27.5344    27.5472    6.48229    6.59231         10 0.0000e+00
      70363   2931.746    171.000     3.0648   3.143864     3.0624   3.144937      96.27     0.0243     2.9265     2.6106  1.9491268  1.0122100   48.16362  -46.40704    34.5636    34.5793     3.0542     3.0518    27.5318    27.5446    6.48796    6.59421          9 0.0000e+00
      70373   2932.166    170.000     3.0560   3.142741     3.0532   3.143773      96.27     0.0223     2.9263     2.6109  1.9487185  1.0122100   48.16362  -46.40704    34.5600    34.5755     3.0455     3.0427    27.5297    27.5423    6.48556    6.59849         11 0.0000e+00
      70384   2932.635    169.000     3.0484   3.141782     3.0459   3.142827      96.25     0.0192     2.9273     2.6118  1.9487180  1.0122100   48.16362  -46.40704    34.5569    34.5724     3.0380     3.0354    27.5280    27.5406    6.48316    6.60182         12 0.0000e+00
      70400   2933.283    168.000     3.0459   3.141423     3.0422   3.142330      96.25     0.0209     2.9277     2.6123  1.9487180  1.0122100   48.16364  -46.40704    34.5557    34.5708     3.0356     3.0318    27.5273    27.5396    6.48161    6.59032         20 0.0000e+00
      70488   2936.943    167.000     3.0383   3.140445     3.0430   3.142372      89.49     0.0208     2.9239     2.6081  1.9461364  1.0092597   48.16364  -46.40703    34.5526    34.5710     3.0280     3.0327    27.5254    27.5397    6.42956    6.54891         90 0.0000e+00
      70533   2938.842    166.000     3.0374   3.140226     3.0375   3.141620      96.28     0.0173     2.9180     2.6038  1.9455560  1.0060349   48.16364  -46.40702    34.5514    34.5683     3.0272     3.0273    27.5246    27.5380    6.42093    6.52986         21 0.0000e+00
      70551   2939.585    165.000     3.0422   3.140851     3.0410   3.142042      96.25     0.0178     2.9173     2.6019  1.9454323  1.0061051   48.16364  -46.40702    34.5545    34.5702     3.0320     3.0309    27.5266    27.5392    6.43032    6.52890         16 0.0000e+00
      70566   2940.213    164.000     3.0244   3.138772     3.0198   3.139528      95.89     0.0198     2.9169     2.6010  1.9450519  1.0074995   48.16364  -46.40702    34.5475    34.5629     3.0143     3.0097    27.5226    27.5353    6.43412    6.53545         15 0.0000e+00
      70580   2940.784    163.000     2.9976   3.135554     2.9835   3.135303      96.21     0.0225     2.9162     2.6003  1.9450549  1.0075135   48.16364  -46.40702    34.5387    34.5508     2.9876     2.9735    27.5181    27.5290    6.43492    6.53917         13 0.0000e+00
      70593   2941.354    162.000     2.9708   3.132506     2.9565   3.132224      96.26     0.0220     2.9158     2.5993  1.9450549  1.0075877   48.16364  -46.40702    34.5309    34.5427     2.9609     2.9466    27.5142    27.5250    6.43357    6.54486         14 0.0000e+00
      70609   2941.994    161.000     2.9512   3.130212     2.9389   3.130183      96.26     0.0208     2.9147     2.5990  1.9460505  1.0066174   48.16365  -46.40702    34.5243    34.5372     2.9414     2.9291    27.5108    27.5222    6.43071    6.55245         17 0.0000e+00
      70645   2943.503    160.000     2.9485   3.129792     2.9473   3.131063      96.26     0.0221     2.9118     2.5967  1.9464878  1.0042744   48.16366  -46.40701    34.5229    34.5395     2.9386     2.9376    27.5099    27.5232    6.41342    6.52799         73 0.0000e+00
      70719   2946.570    159.000     2.9319   3.127969     2.9440   3.130602      95.84     0.0219     2.9042     2.5902  1.9484327  0.9979075   48.16366  -46.40700    34.5187    34.5380     2.9223     2.9343    27.5080    27.5223    6.39061    6.51413         39 0.0000e+00
      70741   2947.515    158.000     2.9572   3.130694     2.9566   3.132020      95.78     0.0273     2.9017     2.5900  1.9485631  0.9976522   48.16366  -46.40700    34.5255    34.5423     2.9475     2.9470    27.5112    27.5246    6.38516    6.52387         23 0.0000e+00
      70762   2948.390    157.000     2.9300   3.127767     2.9335   3.129466      95.92     0.0250     2.9007     2.5902  1.9466549  0.9987715   48.16366  -46.40700    34.5194    34.5364     2.9205     2.9240    27.5087    27.5220    6.39457    6.53138         20 0.0000e+00
      70783   2949.253    156.000     2.9138   3.125765     2.9111   3.126817      96.09     0.0212     2.8995     2.5901  1.9470330  0.9987790   48.16366  -46.40700    34.5128    34.5287     2.9044     2.9016    27.5049    27.5178    6.39586    6.53319         21 0.0000e+00
      70805   2950.158    155.000     2.9011   3.124398     2.8952   3.124992      96.11     0.0224     2.8989     2.5900  1.9505993  0.9977658   48.16366  -46.40700    34.5103    34.5239     2.8917     2.8859    27.5041    27.5154    6.39867    6.52979         22 0.0000e+00
      70826   2951.056    154.000     2.8945   3.123523     2.8808   3.123211      96.21     0.0231     2.8986     2.5894  1.9514061  0.9975544   48.16368  -46.40698    34.5073    34.5181     2.8852     2.8715    27.5022    27.5121    6.40587    6.52010         21 0.0000e+00
      70848   2951.938    153.000     2.8824   3.122041     2.8669   3.121519      96.08     0.0263     2.8984     2.5882  1.9528258  0.9960586   48.16368  -46.40698    34.5027    34.5129     2.8732     2.8577    27.4996    27.5092    6.40675    6.52307         22 0.0000e+00
      70870   2952.872    152.000     2.8711   3.120569     2.8598   3.120563      95.77     0.0216     2.8984     2.5879  1.9536326  0.9949405   48.16368  -46.40698    34.4973    34.5093     2.8619     2.8507    27.4964    27.5070    6.41189    6.53203         24 0.0000e+00
      70902   2954.217    151.000     2.8621   3.119469     2.8556   3.119996      96.16     0.0191     2.8994     2.5889  1.9545110  0.9926441   48.16368  -46.40698    34.4940    34.5074     2.8531     2.8466    27.4945    27.5058    6.42697    6.55337         44 0.0000e+00
      70954   2956.392    150.000     2.8713   3.120531     2.8628   3.120858      96.11     0.0195     2.9025     2.5928  1.9558374  0.9904830   48.16368  -46.40698    34.4977    34.5109     2.8623     2.8538    27.4967    27.5079    6.43564    6.56784         48 0.0000e+00
      70988   2957.779    149.000     2.8619   3.119360     2.8501   3.119220      95.89     0.0201     2.9042     2.5950  1.9559488  0.9890625   48.16368  -46.40698    34.4940    34.5050     2.8530     2.8411    27.4945    27.5044    6.44382    6.57792         24 0.0000e+00
      71009   2958.648    148.000     2.8415   3.116816     2.8388   3.117865      95.38     0.0199     2.9058     2.5967  1.9569005  0.9865640   48.16369  -46.40697    34.4853    34.5010     2.8327     2.8300    27.4894    27.5022    6.44657    6.58443         20 0.0000e+00
      71027   2959.433    147.000     2.8316   3.115636     2.8285   3.116595      96.18     0.0231     2.9063     2.5981  1.9569256  0.9865690   48.16370  -46.40696    34.4821    34.4971     2.8228     2.8197    27.4877    27.5000    6.44637    6.59122         18 0.0000e+00
      71046   2960.228    146.000     2.8247   3.114752     2.8201   3.115550      95.92     0.0224     2.9070     2.5997  1.9584218  0.9873610   48.16370  -46.40696    34.4791    34.4939     2.8160     2.8114    27.4859    27.4981    6.46137    6.60034         20 0.0000e+00
      71067   2961.075    145.000     2.8173   3.113779     2.8142   3.114713      95.94     0.0230     2.9095     2.6017  1.9584854  0.9874404   48.16370  -46.40696    34.4757    34.4905     2.8086     2.8055    27.4839    27.4960    6.48380    6.61867         21 0.0000e+00
      71090   2962.050    144.000     2.8131   3.113194     2.8101   3.114082      96.03     0.0262     2.9137     2.6055  1.9593161  0.9853314   48.16370  -46.40696    34.4736    34.4877     2.8045     2.8015    27.4825    27.4941    6.52086    6.64617         27 0.0000e+00
      71125   2963.519    143.000     2.8139   3.113250     2.8131   3.114328      95.74     0.0230     2.9236     2.6132  1.9592857  0.9837899   48.16370  -46.40696    34.4740    34.4881     2.8054     2.8046    27.4828    27.4941    6.57244    6.68460         46 0.0000e+00
