data/CTD/2013/CNV/U021A035.CNV
* Sea-Bird SBE 9 Data File:
* FileName = C:\CTD_ACQUISITION\2013021HUD\ctddata\021A035.hdr
* Software Version Seasave V 7.22.2
* Temperature SN = 5081
* Conductivity SN = 3561
* Number of Bytes Per Scan = 37
* Number of Voltage Words = 4
* Number of Scans Averaged by the Deck Unit = 1
* NMEA Latitude = 48 16.30 N
* NMEA Longitude = 046 30.22 W
* NMEA UTC (Time) = Jul 03 2013 15:36:29
* NMEA baud rate = 9600
** Ship: Hudson
** Cruise: HUD2013021
** Chief_Scientist: Greenan
** Organization: BIO
** Area_of_Operation: Sackville Spur
** Station: 35
** Sounding:  860
** Event_Comments: SS12  393163
# nquan = 25
# nvalues = 866                         
# units = specified
# name 0 = scan: Scan Count
# name 1 = timeS: Time, Elapsed [seconds]
# name 2 = prDM: Pressure, Digiquartz [db]
# name 3 = t068C: Temperature [ITS-68, deg C]
# name 4 = c0S/m: Conductivity [S/m]
# name 5 = t168C: Temperature, 2 [ITS-68, deg C]
# name 6 = c1S/m: Conductivity, 2 [S/m]
# name 7 = altM: Altimeter [m]
# name 8 = flCUVA: Fluorescence, Chelsea UV Aquatracka [ug/l]
# name 9 = sbeox0V: Oxygen raw, SBE 43 [V]
# name 10 = sbeox1V: Oxygen raw, SBE 43, 2 [V]
# name 11 = upoly0: Upoly 0, Optode 4330F - O2 D-Phase
# name 12 = upoly1: Upoly 1, Optode 4330F - O2 Temp
# name 13 = latitude: Latitude [deg]
# name 14 = longitude: Longitude [deg]
# name 15 = sal00: Salinity, Practical [PSU]
# name 16 = sal11: Salinity, Practical, 2 [PSU]
# name 17 = potemp068C: Potential Temperature [ITS-68, deg C]
# name 18 = potemp168C: Potential Temperature, 2 [ITS-68, deg C]
# name 19 = sigma-é00: Density [sigma-theta, Kg/m^3]
# name 20 = sigma-é11: Density, 2 [sigma-theta, Kg/m^3]
# name 21 = sbeox0ML/L: Oxygen, SBE 43 [ml/l], WS = 2
# name 22 = sbeox1ML/L: Oxygen, SBE 43, 2 [ml/l], WS = 2
# name 23 = nbin: number of scans per bin
# name 24 = flag: flag
# span 0 =      34611,      66698       
# span 1 =   1442.065,   2779.052       
# span 2 =      1.000,    866.000       
# span 3 =    -0.1137,     5.6252       
# span 4 =   2.768739,   3.279195       
# span 5 =    -0.1141,     5.6154       
# span 6 =   2.769974,   3.280570       
# span 7 =       3.68,     100.62       
# span 8 =     0.0063,     0.1373       
# span 9 =     2.6170,     3.4045       
# span 10 =     2.3508,     3.0554      
# span 11 =  1.7369479,  2.0112768      
# span 12 =  0.6250906,  1.3249733      
# span 13 =   48.26606,   48.26882      
# span 14 =  -46.50260,  -46.50134      
# span 15 =    32.6393,    34.9103      
# span 16 =    32.6551,    34.9265      
# span 17 =    -0.1150,     5.6249      
# span 18 =    -0.1154,     5.6151      
# span 19 =    25.7354,    27.7454      
# span 20 =    25.7482,    27.7583      
# span 21 =    5.98333,    8.50796      
# span 22 =    6.18238,    8.51330      
# span 23 =         11,       1300      
# span 24 = 0.0000e+00, 0.0000e+00      
# interval = decibars: 1                
# start_time = Jul 03 2013 15:36:29 [NMEA time, header]
# bad_flag = -9.990e-29
*END*
[from data line 232]
      44792   1866.305    634.000     3.9087   3.265255     3.9085   3.266602      70.16     0.0178     2.7647     2.4715  1.9523692  1.1149596   48.26797  -46.50210    34.8743    34.8906     3.8626     3.8623    27.7006    27.7136    6.22926    6.37705         27 0.0000e+00
      44821   1867.507    633.000     3.9089   3.265212     3.9086   3.266555      66.95     0.0189     2.7644     2.4719  1.9527200  1.1147730   48.26796  -46.50210    34.8742    34.8905     3.8628     3.8638    27.7004    27.7135    6.21845    6.37634         29 0.0000e+00
      44847   1868.595    632.000     3.9091   3.265185     3.9091   3.266546      85.37     0.0161     2.7641     2.4723  1.9539148  1.1150029   48.26796  -46.50210    34.8742    34.8903     3.8631     3.8631    27.7004    27.7132    6.21798    6.37831         22 0.0000e+00
      44867   1869.422    631.000     3.9096   3.265171     3.9097   3.266538      67.19     0.0157     2.7640     2.4724  1.9542228  1.1149071   48.26796  -46.50210    34.8740    34.8901     3.8636     3.8637    27.7002    27.7131    6.22084    6.37376         18 0.0000e+00
      44884   1870.127    630.000     3.9103   3.265167     3.9103   3.266540      62.04     0.0145     2.7642     2.4725  1.9541044  1.1152776   48.26796  -46.50210    34.8737    34.8900     3.8644     3.8644    27.7000    27.7129    6.22042    6.37323         17 0.0000e+00
      44901   1870.826    629.000     3.9111   3.265199     3.9112   3.266587      95.88     0.0154     2.7639     2.4726  1.9538202  1.1157748   48.26796  -46.50209    34.8738    34.8901     3.8653     3.8654    27.6999    27.7129    6.22025    6.37615         17 0.0000e+00
      44920   1871.623    628.000     3.9121   3.265245     3.9122   3.266630      96.32     0.0121     2.7644     2.4729  1.9537698  1.1158273   48.26796  -46.50208    34.8738    34.8901     3.8663     3.8665    27.6998    27.7127    6.22397    6.37415         22 0.0000e+00
      44946   1872.714    627.000     3.9132   3.265296     3.9133   3.266676      61.79     0.0123     2.7644     2.4728  1.9511679  1.1149607   48.26796  -46.50208    34.8738    34.8900     3.8675     3.8677    27.6997    27.7125    6.21444    6.36563         31 0.0000e+00
      44979   1874.075    626.000     3.9141   3.265331     3.9142   3.266706      97.26     0.0175     2.7641     2.4725  1.9511216  1.1147701   48.26796  -46.50208    34.8737    34.8899     3.8686     3.8686    27.6995    27.7124    6.21221    6.36733         31 0.0000e+00
      45005   1875.162    625.000     3.9148   3.265338     3.9153   3.266752      77.48     0.0187     2.7635     2.4725  1.9513184  1.1147741   48.26796  -46.50206    34.8736    34.8898     3.8693     3.8698    27.6994    27.7122    6.21382    6.36443         23 0.0000e+00
      45026   1876.053    624.000     3.9158   3.265382     3.9163   3.266789      48.10     0.0149     2.7642     2.4721  1.9506781  1.1148345   48.26796  -46.50206    34.8736    34.8897     3.8703     3.8709    27.6993    27.7120    6.22008    6.35711         20 0.0000e+00
      45046   1876.877    623.000     3.9172   3.265462     3.9181   3.266896      96.43     0.0149     2.7643     2.4717  1.9505813  1.1147740   48.26796  -46.50206    34.8736    34.8897     3.8719     3.8727    27.6991    27.7118    6.21325    6.35503         19 0.0000e+00
      45066   1877.712    622.000     3.9182   3.265507     3.9185   3.266903      96.34     0.0129     2.7639     2.4713  1.9515709  1.1147741   48.26796  -46.50205    34.8736    34.8898     3.8729     3.8732    27.6990    27.7118    6.20983    6.36085         21 0.0000e+00
      45087   1878.603    621.000     3.9186   3.265507     3.9186   3.266863      50.98     0.0159     2.7642     2.4718  1.9511606  1.1156052   48.26796  -46.50204    34.8737    34.8898     3.8734     3.8734    27.6990    27.7118    6.21292    6.37300         22 0.0000e+00
      45110   1879.522    620.000     3.9188   3.265477     3.9186   3.266818      90.71     0.0149     2.7641     2.4728  1.9517155  1.1156622   48.26796  -46.50204    34.8736    34.8897     3.8737     3.8735    27.6989    27.7117    6.21292    6.37610         22 0.0000e+00
      45131   1880.434    619.000     3.9190   3.265444     3.9187   3.266781      96.10     0.0137     2.7645     2.4735  1.9514937  1.1159387   48.26796  -46.50204    34.8736    34.8897     3.8739     3.8736    27.6989    27.7117    6.21898    6.37175         22 0.0000e+00
      45154   1881.372    618.000     3.9190   3.265397     3.9187   3.266727      67.40     0.0116     2.7652     2.4737  1.9516371  1.1159949   48.26796  -46.50204    34.8736    34.8896     3.8740     3.8737    27.6988    27.7116    6.22130    6.36600         23 0.0000e+00
      45179   1882.409    617.000     3.9190   3.265351     3.9187   3.266684      78.89     0.0151     2.7661     2.4737  1.9510736  1.1159952   48.26796  -46.50204    34.8735    34.8896     3.8741     3.8738    27.6988    27.7116    6.22596    6.36382         27 0.0000e+00
      45206   1883.553    616.000     3.9191   3.265307     3.9189   3.266657      96.52     0.0159     2.7673     2.4738  1.9509324  1.1159952   48.26796  -46.50202    34.8734    34.8896     3.8743     3.8741    27.6987    27.7116    6.21890    6.36008         27 0.0000e+00
      45232   1884.634    615.000     3.9192   3.265265     3.9191   3.266621      49.98     0.0161     2.7670     2.4732  1.9514800  1.1159952   48.26796  -46.50202    34.8733    34.8895     3.8745     3.8743    27.6986    27.7115    6.21711    6.35882         24 0.0000e+00
      45254   1885.547    614.000     3.9195   3.265234     3.9198   3.266634      93.73     0.0170     2.7672     2.4738  1.9513335  1.1159952   48.26796  -46.50202    34.8732    34.8895     3.8748     3.8751    27.6985    27.7114    6.21661    6.36859         21 0.0000e+00
      45274   1886.367    613.000     3.9202   3.265261     3.9205   3.266658      64.93     0.0146     2.7672     2.4741  1.9529432  1.1159952   48.26796  -46.50202    34.8732    34.8895     3.8757     3.8759    27.6984    27.7113    6.21235    6.37055         19 0.0000e+00
      45294   1887.221    612.000     3.9209   3.265272     3.9208   3.266647      66.87     0.0131     2.7673     2.4747  1.9535804  1.1159952   48.26796  -46.50200    34.8732    34.8896     3.8764     3.8763    27.6983    27.7114    6.21233    6.36418         23 0.0000e+00
      45324   1888.474    611.000     3.9210   3.265242     3.9208   3.266593      77.54     0.0138     2.7672     2.4740  1.9514374  1.1159952   48.26796  -46.50200    34.8733    34.8895     3.8765     3.8763    27.6984    27.7113    6.21460    6.35391         37 0.0000e+00
      45358   1889.872    610.000     3.9210   3.265190     3.9207   3.266532      96.68     0.0149     2.7678     2.4739  1.9517580  1.1159952   48.26796  -46.50199    34.8732    34.8894     3.8766     3.8763    27.6983    27.7112    6.21688    6.35730         27 0.0000e+00
      45381   1890.823    609.000     3.9209   3.265137     3.9205   3.266480      37.61     0.0151     2.7678     2.4738  1.9536216  1.1159952   48.26796  -46.50198    34.8732    34.8895     3.8766     3.8762    27.6982    27.7113    6.21235    6.36163         20 0.0000e+00
      45401   1891.665    608.000     3.9208   3.265086     3.9205   3.266426      96.26     0.0160     2.7679     2.4743  1.9536600  1.1159952   48.26796  -46.50198    34.8732    34.8895     3.8766     3.8762    27.6983    27.7112    6.21142    6.36524         21 0.0000e+00
      45424   1892.645    607.000     3.9211   3.265080     3.9210   3.266433      96.29     0.0120     2.7681     2.4750  1.9536055  1.1159952   48.26796  -46.50198    34.8733    34.8895     3.8770     3.8769    27.6983    27.7112    6.21313    6.37196         29 0.0000e+00
      45473   1894.687    606.000     3.9208   3.265016     3.9211   3.266394      50.98     0.0136     2.7680     2.4763  1.9531106  1.1159952   48.26796  -46.50196    34.8734    34.8895     3.8768     3.8770    27.6984    27.7112    6.20762    6.36559         59 0.0000e+00
      45513   1896.331    605.000     3.9212   3.264982     3.9211   3.266336      71.95     0.0159     2.7676     2.4765  1.9532127  1.1159452   48.26796  -46.50196    34.8731    34.8893     3.8772     3.8771    27.6981    27.7110    6.21038    6.36566         25 0.0000e+00
      45534   1897.202    604.000     3.9215   3.264965     3.9213   3.266317      57.38     0.0162     2.7681     2.4769  1.9536084  1.1159270   48.26796  -46.50194    34.8732    34.8893     3.8776     3.8774    27.6981    27.7110    6.20949    6.36631         18 0.0000e+00
      45551   1897.937    603.000     3.9215   3.264933     3.9215   3.266293      93.09     0.0184     2.7677     2.4769  1.9536020  1.1159971   48.26796  -46.50194    34.8733    34.8894     3.8777     3.8776    27.6982    27.7111    6.21133    6.36485         17 0.0000e+00
      45569   1898.667    602.000     3.9216   3.264900     3.9215   3.266256      96.33     0.0184     2.7685     2.4771  1.9536020  1.1159952   48.26796  -46.50194    34.8733    34.8895     3.8779     3.8778    27.6982    27.7111    6.21407    6.36414         19 0.0000e+00
      45594   1899.712    601.000     3.9217   3.264863     3.9217   3.266217      67.61     0.0143     2.7690     2.4772  1.9536020  1.1159952   48.26795  -46.50194    34.8733    34.8894     3.8780     3.8780    27.6982    27.7110    6.21473    6.36434         37 0.0000e+00
      46085   1920.163    600.000     3.9230   3.264915     3.9223   3.266223      79.04     0.0156     2.7700     2.4779  1.9522371  1.1158435   48.26796  -46.50184    34.8731    34.8893     3.8794     3.8787    27.6979    27.7109    6.20817    6.36275        261 0.0000e+00
      47473   1978.016    599.000     3.9217   3.264748     3.9213   3.266101      36.36     0.0118     2.7723     2.4798  1.9536206  1.1160491   48.26800  -46.50162    34.8730    34.8894     3.8782     3.8778    27.6979    27.7110    6.21249    6.37656         24 0.0000e+00
      47467   1977.764    598.000     3.9213   3.264681     3.9210   3.266018      81.93     0.0095     2.7716     2.4806  1.9536020  1.1159945   48.26800  -46.50162    34.8731    34.8893     3.8779     3.8793    27.6981    27.7110    6.21288    6.38313         21 0.0000e+00
      47490   1978.688    597.000     3.9215   3.264659     3.9213   3.266007      91.34     0.0135     2.7718     2.4813  1.9547489  1.1161863   48.26800  -46.50162    34.8731    34.8894     3.8782     3.8780    27.6980    27.7110    6.22374    6.37750         25 0.0000e+00
      47526   1980.210    596.000     3.9227   3.264702     3.9223   3.266039      68.62     0.0155     2.7732     2.4817  1.9541874  1.1161201   48.26800  -46.50162    34.8729    34.8892     3.8795     3.8790    27.6977    27.7108    6.22493    6.37375         50 0.0000e+00
      47568   1981.939    595.000     3.9239   3.264749     3.9231   3.266054      39.39     0.0162     2.7744     2.4821  1.9535719  1.1159886   48.26800  -46.50161    34.8727    34.8891     3.8807     3.8799    27.6975    27.7106    6.22323    6.37667         26 0.0000e+00
      47588   1982.776    594.000     3.9247   3.264768     3.9239   3.266091      96.54     0.0142     2.7741     2.4824  1.9536020  1.1159952   48.26800  -46.50160    34.8727    34.8892     3.8815     3.8808    27.6974    27.7106    6.22551    6.37812         18 0.0000e+00
      47605   1983.506    593.000     3.9251   3.264772     3.9246   3.266098      96.28     0.0159     2.7751     2.4827  1.9536020  1.1159952   48.26800  -46.50160    34.8728    34.8891     3.8820     3.8815    27.6974    27.7104    6.23081    6.37395         18 0.0000e+00
      47624   1984.301    592.000     3.9258   3.264797     3.9259   3.266176      49.20     0.0161     2.7755     2.4826  1.9531552  1.1159952   48.26800  -46.50160    34.8729    34.8891     3.8828     3.8829    27.6974    27.7103    6.21949    6.37176         21 0.0000e+00
      47648   1985.309    591.000     3.9270   3.264848     3.9271   3.266223      66.46     0.0137     2.7751     2.4830  1.9529729  1.1159952   48.26800  -46.50160    34.8728    34.8890     3.8840     3.8854    27.6972    27.7101    6.21065    6.37242         27 0.0000e+00
      47677   1986.481    590.000     3.9286   3.264936     3.9281   3.266264      97.42     0.0130     2.7737     2.4827  1.9533830  1.1166298   48.26800  -46.50160    34.8726    34.8889     3.8858     3.8880    27.6969    27.7098    6.20649    6.36347         26 0.0000e+00
      47699   1987.428    589.000     3.9296   3.264982     3.9302   3.266393      96.29     0.0147     2.7744     2.4822  1.9540515  1.1171736   48.26800  -46.50160    34.8726    34.8887     3.8869     3.8873    27.6967    27.7095    6.21626    6.36316         20 0.0000e+00
      47717   1988.184    588.000     3.9309   3.265047     3.9318   3.266484      96.25     0.0152     2.7741     2.4824  1.9527936  1.1170808   48.26800  -46.50158    34.8725    34.8887     3.8882     3.8890    27.6965    27.7093    6.21962    6.36919         18 0.0000e+00
      47735   1988.912    587.000     3.9320   3.265099     3.9324   3.266501      96.21     0.0157     2.7754     2.4826  1.9516083  1.1173426   48.26800  -46.50158    34.8725    34.8887     3.8894     3.8898    27.6964    27.7093    6.21723    6.36672         18 0.0000e+00
      47755   1989.742    586.000     3.9325   3.265099     3.9325   3.266469      32.44     0.0148     2.7747     2.4825  1.9512811  1.1172744   48.26800  -46.50158    34.8725    34.8888     3.8900     3.8899    27.6963    27.7093    6.21028    6.36219         22 0.0000e+00
      47783   1990.909    585.000     3.9327   3.265068     3.9325   3.266416      84.34     0.0127     2.7747     2.4825  1.9512709  1.1172165   48.26800  -46.50158    34.8725    34.8887     3.8902     3.8900    27.6963    27.7092    6.21174    6.36528         33 0.0000e+00
      47814   1992.215    584.000     3.9328   3.265025     3.9325   3.266366      72.17     0.0135     2.7751     2.4827  1.9524494  1.1172607   48.26802  -46.50158    34.8724    34.8887     3.8904     3.8901    27.6962    27.7092    6.21487    6.36363         28 0.0000e+00
      47838   1993.201    583.000     3.9327   3.264975     3.9325   3.266319      55.54     0.0096     2.7753     2.4828  1.9536183  1.1172155   48.26802  -46.50158    34.8724    34.8886     3.8904     3.8902    27.6962    27.7091    6.22322    6.36253         20 0.0000e+00
      47856   1993.971    582.000     3.9329   3.264947     3.9326   3.266289      96.71     0.0063     2.7767     2.4827  1.9531639  1.1172161   48.26802  -46.50158    34.8725    34.8887     3.8906     3.8903    27.6962    27.7091    6.22390    6.36270         17 0.0000e+00
      47873   1994.687    581.000     3.9330   3.264904     3.9328   3.266255      26.09     0.0082     2.7766     2.4829  1.9502820  1.1172161   48.26802  -46.50157    34.8723    34.8886     3.8908     3.8906    27.6961    27.7091    6.22059    6.36152         18 0.0000e+00
      47892   1995.448    580.000     3.9332   3.264881     3.9329   3.266227      84.28     0.0094     2.7774     2.4827  1.9503238  1.1172161   48.26802  -46.50156    34.8724    34.8887     3.8911     3.8908    27.6961    27.7091    6.22964    6.35678         19 0.0000e+00
      47914   1996.371    579.000     3.9333   3.264848     3.9332   3.266201      79.69     0.0125     2.7783     2.4825  1.9506212  1.1172647   48.26802  -46.50156    34.8724    34.8886     3.8913     3.8911    27.6961    27.7090    6.22337    6.35915         25 0.0000e+00
      47940   1997.440    578.000     3.9337   3.264832     3.9333   3.266166      51.96     0.0148     2.7789     2.4829  1.9511614  1.1173102   48.26800  -46.50156    34.8723    34.8885     3.8918     3.8914    27.6960    27.7090    6.22526    6.36410         26 0.0000e+00
