data/CTD/2013/CNV/U021A040.CNV
* Sea-Bird SBE 9 Data File:
* FileName = C:\CTD_ACQUISITION\2013021HUD\ctddata\021A040.hdr
* Software Version Seasave V 7.22.2
* Temperature SN = 5081
* Conductivity SN = 3561
* Number of Bytes Per Scan = 37
* Number of Voltage Words = 4
* Number of Scans Averaged by the Deck Unit = 1
* NMEA Latitude = 48 29.61 N
* NMEA Longitude = 046 43.71 W
* NMEA UTC (Time) = Jul 03 2013 23:36:18
* NMEA baud rate = 9600
** Ship: Hudson
** Cruise: HUD2013021
** Chief_Scientist: Greenan
** Organization: BIO
** Area_of_Operation: Sackville Spur
** Station: 40
** Sounding:  1744
** Event_Comments: SS07  393180
# nquan = 25
# nvalues = 1638                        
# units = specified
# name 0 = scan: Scan Count
# name 1 = timeS: Time, Elapsed [seconds]
# name 2 = prDM: Pressure, Digiquartz [db]
# name 3 = t068C: Temperature [ITS-68, deg C]
# name 4 = c0S/m: Conductivity [S/m]
# name 5 = t168C: Temperature, 2 [ITS-68, deg C]
# name 6 = c1S/m: Conductivity, 2 [S/m]
# name 7 = altM: Altimeter [m]
# name 8 = flCUVA: Fluorescence, Chelsea UV Aquatracka [ug/l]
# name 9 = sbeox0V: Oxygen raw, SBE 43 [V]
# name 10 = sbeox1V: Oxygen raw, SBE 43, 2 [V]
# name 11 = upoly0: Upoly 0, Optode 4330F - O2 D-Phase
# name 12 = upoly1: Upoly 1, Optode 4330F - O2 Temp
# name 13 = latitude: Latitude [deg]
# name 14 = longitude: Longitude [deg]
# name 15 = sal00: Salinity, Practical [PSU]
# name 16 = sal11: Salinity, Practical, 2 [PSU]
# name 17 = potemp068C: Potential Temperature [ITS-68, deg C]
# name 18 = potemp168C: Potential Temperature, 2 [ITS-68, deg C]
# name 19 = sigma-é00: Density [sigma-theta, Kg/m^3]
# name 20 = sigma-é11: Density, 2 [sigma-theta, Kg/m^3]
# name 21 = sbeox0ML/L: Oxygen, SBE 43 [ml/l], WS = 2
# name 22 = sbeox1ML/L: Oxygen, SBE 43, 2 [ml/l], WS = 2
# name 23 = nbin: number of scans per bin
# name 24 = flag: flag
# span 0 =      47638,      86553       
# span 1 =   1984.863,   3606.318       
# span 2 =      1.000,   1638.000       
# span 3 =     3.1437,     7.1817       
# span 4 =   3.134109,   3.392603       
# span 5 =     3.1433,     7.1769       
# span 6 =   3.135512,   3.393535       
# span 7 =       4.01,     101.49       
# span 8 =     0.0053,     0.5307       
# span 9 =     2.3813,     3.4707       
# span 10 =     2.1395,     3.0921      
# span 11 =  1.7019209,  2.0629480      
# span 12 =  1.0280831,  1.5206639      
# span 13 =   48.49410,   48.49520      
# span 14 =  -46.73084,  -46.72978      
# span 15 =    33.3147,    34.9216      
# span 16 =    33.3311,    34.9387      
# span 17 =     3.1392,     7.1812      
# span 18 =     3.1388,     7.1765      
# span 19 =    26.0688,    27.7984      
# span 20 =    26.0818,    27.8122      
# span 21 =    5.87561,    7.79882      
# span 22 =    6.05143,    7.93394      
# span 23 =         10,        500      
# span 24 = 0.0000e+00, 0.0000e+00      
# interval = decibars: 1                
# start_time = Jul 03 2013 23:36:18 [NMEA time, header]
# bad_flag = -9.990e-29
*END*
[from data line 870]
      69888   2911.938    768.000     3.8896   3.271557     3.8890   3.272929      17.59     0.0175     2.6923     2.4017  1.9792435  1.1102295   48.49476  -46.73076    34.8993    34.9162     3.8330     3.8323    27.7235    27.7371    6.12091    6.25978         18 0.0000e+00
      69906   2912.695    767.000     3.8917   3.271704     3.8914   3.273097      89.75     0.0146     2.6927     2.4018  1.9792429  1.1102117   48.49476  -46.73076    34.8994    34.9162     3.8351     3.8348    27.7234    27.7368    6.12974    6.25584         19 0.0000e+00
      69925   2913.484    766.000     3.8942   3.271890     3.8940   3.273305      77.77     0.0095     2.6934     2.4018  1.9792429  1.1109041   48.49476  -46.73076    34.8994    34.9164     3.8378     3.8375    27.7231    27.7366    6.13111    6.25526         19 0.0000e+00
      69945   2914.334    765.000     3.8957   3.271981     3.8959   3.273430      70.99     0.0094     2.6939     2.4020  1.9792429  1.1111114   48.49476  -46.73076    34.8995    34.9164     3.8392     3.8394    27.7230    27.7365    6.12472    6.26045         21 0.0000e+00
      69968   2915.275    764.000     3.8969   3.272047     3.8966   3.273451      44.91     0.0090     2.6937     2.4026  1.9782718  1.1111112   48.49476  -46.73076    34.8994    34.9164     3.8406     3.8402    27.7228    27.7364    6.11738    6.26117         24 0.0000e+00
      69992   2916.290    763.000     3.8970   3.272011     3.8969   3.273435      95.57     0.0122     2.6938     2.4029  1.9780223  1.1111112   48.49476  -46.73076    34.8995    34.9164     3.8407     3.8407    27.7229    27.7363    6.12144    6.25832         25 0.0000e+00
      70016   2917.274    762.000     3.8974   3.272000     3.8971   3.273406      86.58     0.0166     2.6937     2.4032  1.9785788  1.1115010   48.49476  -46.73076    34.8994    34.9164     3.8412     3.8409    27.7228    27.7363    6.12122    6.26297         22 0.0000e+00
      70037   2918.165    761.000     3.8976   3.271973     3.8973   3.273377      33.18     0.0184     2.6944     2.4038  1.9792415  1.1121563   48.49476  -46.73076    34.8994    34.9164     3.8414     3.8412    27.7228    27.7363    6.12776    6.26457         21 0.0000e+00
      70057   2918.981    760.000     3.8978   3.271957     3.8976   3.273358      95.15     0.0126     2.6943     2.4043  1.9791070  1.1121286   48.49476  -46.73076    34.8995    34.9163     3.8418     3.8415    27.7228    27.7362    6.12524    6.26121         18 0.0000e+00
      70075   2919.738    759.000     3.8982   3.271944     3.8979   3.273338      96.02     0.0105     2.6953     2.4044  1.9780086  1.1123346   48.49475  -46.73076    34.8995    34.9163     3.8422     3.8419    27.7227    27.7361    6.13688    6.25930         18 0.0000e+00
      70091   2920.429    758.000     3.8986   3.271933     3.8983   3.273330      78.19     0.0101     2.6961     2.4046  1.9780973  1.1123321   48.49474  -46.73076    34.8994    34.9163     3.8427     3.8424    27.7226    27.7361    6.13073    6.25824         16 0.0000e+00
      70107   2921.064    757.000     3.8988   3.271909     3.8985   3.273298      10.88     0.0110     2.6959     2.4044  1.9780219  1.1123321   48.49474  -46.73074    34.8994    34.9163     3.8430     3.8426    27.7226    27.7361    6.12531    6.25559         14 0.0000e+00
      70121   2921.679    756.000     3.8992   3.271908     3.8990   3.273297      25.30     0.0137     2.6966     2.4048  1.9779389  1.1123321   48.49474  -46.73074    34.8995    34.9162     3.8435     3.8432    27.7226    27.7360    6.13170    6.25132         15 0.0000e+00
      70136   2922.308    755.000     3.8999   3.271925     3.8999   3.273347      94.72     0.0103     2.6968     2.4042  1.9779456  1.1123321   48.49474  -46.73074    34.8996    34.9164     3.8442     3.8442    27.7226    27.7359    6.13423    6.24847         16 0.0000e+00
      70153   2923.019    754.000     3.9008   3.271968     3.9007   3.273374      95.87     0.0075     2.6977     2.4043  1.9778328  1.1123321   48.49474  -46.73074    34.8996    34.9164     3.8452     3.8451    27.7225    27.7359    6.12905    6.25055         19 0.0000e+00
      70176   2923.944    753.000     3.9020   3.272021     3.9014   3.273391      38.90     0.0088     2.6978     2.4043  1.9780147  1.1123321   48.49474  -46.73074    34.8995    34.9164     3.8465     3.8458    27.7223    27.7358    6.13114    6.25755         26 0.0000e+00
      70204   2925.119    752.000     3.9032   3.272082     3.9028   3.273468      95.70     0.0128     2.6986     2.4054  1.9777570  1.1123321   48.49474  -46.73074    34.8995    34.9162     3.8477     3.8474    27.7222    27.7355    6.13073    6.26332         28 0.0000e+00
      70230   2926.204    751.000     3.9037   3.272088     3.9039   3.273523      90.88     0.0203     2.6991     2.4058  1.9775611  1.1123321   48.49474  -46.73074    34.8995    34.9163     3.8484     3.8485    27.7221    27.7355    6.13532    6.25944         24 0.0000e+00
      70254   2927.192    750.000     3.9043   3.272102     3.9042   3.273510      35.97     0.0166     2.7003     2.4064  1.9776152  1.1128945   48.49474  -46.73074    34.8995    34.9164     3.8490     3.8489    27.7221    27.7355    6.13933    6.26247         24 0.0000e+00
      70276   2928.140    749.000     3.9046   3.272091     3.9044   3.273485      96.83     0.0158     2.7006     2.4069  1.9774377  1.1135045   48.49474  -46.73074    34.8996    34.9164     3.8494     3.8492    27.7221    27.7355    6.12569    6.26092         21 0.0000e+00
      70296   2928.961    748.000     3.9051   3.272078     3.9048   3.273481      95.25     0.0162     2.7004     2.4070  1.9777596  1.1134851   48.49474  -46.73074    34.8995    34.9164     3.8500     3.8497    27.7219    27.7354    6.11898    6.26078         18 0.0000e+00
      70313   2929.666    747.000     3.9058   3.272104     3.9056   3.273511      48.65     0.0110     2.6993     2.4075  1.9762251  1.1134766   48.49474  -46.73074    34.8995    34.9164     3.8508     3.8505    27.7219    27.7354    6.12496    6.26328         16 0.0000e+00
      70328   2930.312    746.000     3.9061   3.272089     3.9058   3.273484      45.17     0.0112     2.7008     2.4079  1.9767240  1.1135530   48.49474  -46.73074    34.8996    34.9165     3.8511     3.8508    27.7219    27.7354    6.13165    6.25977         16 0.0000e+00
      70344   2930.967    745.000     3.9061   3.272053     3.9058   3.273440      94.91     0.0122     2.7001     2.4078  1.9767246  1.1135532   48.49474  -46.73074    34.8996    34.9165     3.8512     3.8509    27.7219    27.7353    6.12471    6.25944         16 0.0000e+00
      70363   2931.759    744.000     3.9062   3.272009     3.9060   3.273413      89.62     0.0121     2.7007     2.4085  1.9746573  1.1135532   48.49474  -46.73074    34.8996    34.9165     3.8514     3.8511    27.7219    27.7353    6.12839    6.26449         23 0.0000e+00
      70397   2933.184    743.000     3.9066   3.272007     3.9063   3.273392      51.48     0.0137     2.7014     2.4090  1.9745862  1.1135532   48.49474  -46.73074    34.8996    34.9164     3.8519     3.8526    27.7218    27.7352    6.12989    6.26356         43 0.0000e+00
      70431   2934.580    742.000     3.9069   3.271981     3.9067   3.273371      96.57     0.0155     2.7016     2.4098  1.9743452  1.1135532   48.49474  -46.73074    34.8995    34.9163     3.8523     3.8519    27.7217    27.7351    6.13171    6.26368         21 0.0000e+00
      70448   2935.279    741.000     3.9069   3.271938     3.9067   3.273329      94.31     0.0125     2.7022     2.4098  1.9753730  1.1135532   48.49474  -46.73074    34.8995    34.9163     3.8523     3.8521    27.7217    27.7351    6.13790    6.25934         15 0.0000e+00
      70462   2935.855    740.000     3.9069   3.271894     3.9066   3.273287      15.44     0.0129     2.7028     2.4098  1.9758816  1.1135532   48.49474  -46.73074    34.8995    34.9164     3.8524     3.8521    27.7217    27.7351    6.13998    6.26107         13 0.0000e+00
      70474   2936.373    739.000     3.9071   3.271856     3.9066   3.273244      50.82     0.0130     2.7031     2.4101  1.9762020  1.1135532   48.49474  -46.73074    34.8994    34.9164     3.8526     3.8521    27.7216    27.7352    6.13671    6.26227         12 0.0000e+00
      70486   2936.873    738.000     3.9072   3.271827     3.9067   3.273207      95.66     0.0122     2.7039     2.4103  1.9756763  1.1135532   48.49474  -46.73074    34.8995    34.9164     3.8528     3.8523    27.7216    27.7351    6.13152    6.26371         13 0.0000e+00
      70499   2937.402    737.000     3.9072   3.271789     3.9067   3.273177      95.46     0.0109     2.7036     2.4104  1.9747596  1.1135532   48.49474  -46.73074    34.8995    34.9165     3.8529     3.8525    27.7217    27.7352    6.12360    6.26200         13 0.0000e+00
      70514   2938.041    736.000     3.9072   3.271745     3.9068   3.273138      94.92     0.0119     2.7032     2.4109  1.9744371  1.1135532   48.49474  -46.73074    34.8996    34.9164     3.8530     3.8526    27.7217    27.7351    6.12674    6.25740         18 0.0000e+00
      70549   2939.487    735.000     3.9070   3.271689     3.9065   3.273064      50.13     0.0123     2.7036     2.4104  1.9745992  1.1135532   48.49472  -46.73072    34.8996    34.9164     3.8529     3.8524    27.7217    27.7352    6.12687    6.25412         57 0.0000e+00
      70596   2941.452    734.000     3.9069   3.271613     3.9065   3.273002      80.92     0.0136     2.7041     2.4106  1.9768158  1.1135532   48.49472  -46.73072    34.8993    34.9162     3.8529     3.8525    27.7215    27.7350    6.13036    6.25663         24 0.0000e+00
      70614   2942.206    733.000     3.9074   3.271622     3.9070   3.273011      27.39     0.0137     2.7043     2.4106  1.9780504  1.1135532   48.49472  -46.73072    34.8994    34.9163     3.8535     3.8531    27.7215    27.7350    6.13578    6.25926         18 0.0000e+00
      70631   2942.900    732.000     3.9078   3.271613     3.9074   3.273004      92.59     0.0162     2.7054     2.4111  1.9779452  1.1135532   48.49472  -46.73072    34.8995    34.9163     3.8539     3.8535    27.7215    27.7350    6.13850    6.26281         16 0.0000e+00
      70647   2943.567    731.000     3.9079   3.271588     3.9077   3.272985      92.72     0.0165     2.7052     2.4114  1.9744123  1.1135532   48.49472  -46.73072    34.8995    34.9164     3.8541     3.8538    27.7215    27.7350    6.13089    6.25911         16 0.0000e+00
      70663   2944.254    730.000     3.9080   3.271547     3.9077   3.272950      95.72     0.0171     2.7056     2.4114  1.9743584  1.1135532   48.49472  -46.73072    34.8995    34.9164     3.8542     3.8540    27.7215    27.7350    6.13414    6.26040         17 0.0000e+00
      70681   2945.013    729.000     3.9080   3.271511     3.9077   3.272911      17.08     0.0147     2.7062     2.4122  1.9743589  1.1135532   48.49472  -46.73072    34.8995    34.9165     3.8544     3.8540    27.7215    27.7351    6.13459    6.27048         20 0.0000e+00
      70701   2945.848    728.000     3.9081   3.271467     3.9076   3.272850      95.49     0.0140     2.7064     2.4130  1.9743589  1.1135532   48.49472  -46.73072    34.8995    34.9164     3.8545     3.8540    27.7215    27.7350    6.13434    6.27472         20 0.0000e+00
      70723   2946.736    727.000     3.9083   3.271446     3.9079   3.272831      95.48     0.0188     2.7072     2.4141  1.9743589  1.1135532   48.49472  -46.73072    34.8996    34.9164     3.8548     3.8544    27.7215    27.7349    6.14092    6.27232         22 0.0000e+00
      70747   2947.729    726.000     3.9086   3.271425     3.9082   3.272820      41.82     0.0183     2.7082     2.4146  1.9743589  1.1143516   48.49472  -46.73072    34.8995    34.9164     3.8552     3.8548    27.7214    27.7349    6.14428    6.26393         26 0.0000e+00
      70773   2948.826    725.000     3.9091   3.271425     3.9088   3.272821      89.11     0.0198     2.7090     2.4145  1.9743589  1.1141828   48.49472  -46.73072    34.8995    34.9164     3.8558     3.8554    27.7213    27.7348    6.14110    6.25979         25 0.0000e+00
      70795   2949.766    724.000     3.9097   3.271425     3.9095   3.272833      96.25     0.0213     2.7094     2.4146  1.9748030  1.1146702   48.49472  -46.73072    34.8994    34.9163     3.8565     3.8562    27.7212    27.7346    6.13357    6.26139         20 0.0000e+00
      70813   2950.510    723.000     3.9101   3.271417     3.9098   3.272808      67.28     0.0184     2.7093     2.4148  1.9748627  1.1147758   48.49472  -46.73072    34.8994    34.9162     3.8569     3.8566    27.7211    27.7345    6.13674    6.26213         17 0.0000e+00
      70830   2951.192    722.000     3.9103   3.271394     3.9099   3.272785      25.30     0.0135     2.7096     2.4150  1.9748933  1.1147741   48.49472  -46.73072    34.8994    34.9163     3.8572     3.8568    27.7211    27.7346    6.13428    6.26070         16 0.0000e+00
      70847   2951.906    721.000     3.9103   3.271347     3.9099   3.272744      96.62     0.0102     2.7096     2.4148  1.9744890  1.1147741   48.49472  -46.73072    34.8994    34.9163     3.8573     3.8569    27.7211    27.7346    6.12990    6.25684         18 0.0000e+00
      70866   2952.706    720.000     3.9103   3.271301     3.9098   3.272693      95.31     0.0121     2.7098     2.4149  1.9744753  1.1147741   48.49472  -46.73072    34.8994    34.9163     3.8573     3.8569    27.7211    27.7346    6.13352    6.25547         21 0.0000e+00
      70887   2953.579    719.000     3.9101   3.271252     3.9097   3.272629      55.64     0.0153     2.7098     2.4147  1.9743595  1.1146585   48.49472  -46.73072    34.8995    34.9163     3.8573     3.8568    27.7212    27.7346    6.13541    6.25395         21 0.0000e+00
      70907   2954.431    718.000     3.9100   3.271194     3.9096   3.272577      57.38     0.0189     2.7103     2.4146  1.9743589  1.1147732   48.49472  -46.73072    34.8994    34.9163     3.8573     3.8568    27.7211    27.7346    6.13778    6.26158         20 0.0000e+00
      70927   2955.268    717.000     3.9100   3.271140     3.9096   3.272522      95.79     0.0194     2.7109     2.4154  1.9743589  1.1147741   48.49472  -46.73072    34.8994    34.9161     3.8573     3.8569    27.7211    27.7345    6.14287    6.27184         20 0.0000e+00
      70949   2956.147    716.000     3.9101   3.271107     3.9097   3.272491      95.14     0.0187     2.7117     2.4166  1.9743589  1.1147741   48.49470  -46.73072    34.8993    34.9162     3.8575     3.8571    27.7210    27.7345    6.13953    6.27332         22 0.0000e+00
      70972   2957.139    715.000     3.9105   3.271090     3.9101   3.272472      33.89     0.0154     2.7118     2.4173  1.9743589  1.1147741   48.49470  -46.73072    34.8992    34.9161     3.8580     3.8575    27.7209    27.7344    6.14257    6.27362         26 0.0000e+00
      71000   2958.281    714.000     3.9106   3.271038     3.9101   3.272432      69.09     0.0122     2.7130     2.4182  1.9743589  1.1147741   48.49470  -46.73072    34.8991    34.9161     3.8581     3.8577    27.7208    27.7343    6.14802    6.26966         28 0.0000e+00
      71024   2959.294    713.000     3.9104   3.270971     3.9100   3.272363      59.81     0.0166     2.7141     2.4187  1.9743589  1.1147741   48.49472  -46.73072    34.8990    34.9159     3.8580     3.8576    27.7207    27.7342    6.15093    6.27519         20 0.0000e+00
      71042   2960.052    712.000     3.9104   3.270921     3.9099   3.272298       5.34     0.0177     2.7147     2.4194  1.9743589  1.1147741   48.49471  -46.73072    34.8989    34.9157     3.8581     3.8576    27.7207    27.7341    6.14372    6.27909         17 0.0000e+00
