data/CTD/2013/CNV/U021A053.CNV
* Sea-Bird SBE 9 Data File:
* FileName = C:\CTD_ACQUISITION\2013021HUD\ctddata\021A053.hdr
* Software Version Seasave V 7.22.2
* Temperature SN = 5081
* Conductivity SN = 3561
* Number of Bytes Per Scan = 37
* Number of Voltage Words = 4
* Number of Scans Averaged by the Deck Unit = 1
* NMEA Latitude = 48 45.35 N
* NMEA Longitude = 045 38.39 W
* NMEA UTC (Time) = Jul 05 2013 05:32:39
* NMEA baud rate = 9600
** Ship: Hudson
** Cruise: HUD2013021
** Chief_Scientist: Greenan
** Organization: BIO
** Area_of_Operation: Sackville Spur
** Station: 53
** Sounding:  1400
** Event_Comments: SS24  393215
# nquan = 25
# nvalues = 1369                        
# units = specified
# name 0 = scan: Scan Count
# name 1 = timeS: Time, Elapsed [seconds]
# name 2 = prDM: Pressure, Digiquartz [db]
# name 3 = t068C: Temperature [ITS-68, deg C]
# name 4 = c0S/m: Conductivity [S/m]
# name 5 = t168C: Temperature, 2 [ITS-68, deg C]
# name 6 = c1S/m: Conductivity, 2 [S/m]
# name 7 = altM: Altimeter [m]
# name 8 = flCUVA: Fluorescence, Chelsea UV Aquatracka [ug/l]
# name 9 = sbeox0V: Oxygen raw, SBE 43 [V]
# name 10 = sbeox1V: Oxygen raw, SBE 43, 2 [V]
# name 11 = upoly0: Upoly 0, Optode 4330F - O2 D-Phase
# name 12 = upoly1: Upoly 1, Optode 4330F - O2 Temp
# name 13 = latitude: Latitude [deg]
# name 14 = longitude: Longitude [deg]
# name 15 = sal00: Salinity, Practical [PSU]
# name 16 = sal11: Salinity, Practical, 2 [PSU]
# name 17 = potemp068C: Potential Temperature [ITS-68, deg C]
# name 18 = potemp168C: Potential Temperature, 2 [ITS-68, deg C]
# name 19 = sigma-é00: Density [sigma-theta, Kg/m^3]
# name 20 = sigma-é11: Density, 2 [sigma-theta, Kg/m^3]
# name 21 = sbeox0ML/L: Oxygen, SBE 43 [ml/l], WS = 2
# name 22 = sbeox1ML/L: Oxygen, SBE 43, 2 [ml/l], WS = 2
# name 23 = nbin: number of scans per bin
# name 24 = flag: flag
# span 0 =      39528,      66456       
# span 1 =   1646.974,   2768.939       
# span 2 =      1.000,   1369.000       
# span 3 =     2.1033,     8.0347       
# span 4 =   3.022965,   3.521845       
# span 5 =     2.0957,     8.0892       
# span 6 =   3.023609,   3.529214       
# span 7 =       2.95,      97.65       
# span 8 =     0.0045,     0.4553       
# span 9 =     2.4548,     3.4126       
# span 10 =     2.2063,     3.0463      
# span 11 =  1.7156118,  2.0435107      
# span 12 =  0.8997491,  1.5610654      
# span 13 =   48.75826,   48.75942      
# span 14 =  -45.64160,  -45.63994      
# span 15 =    33.6864,    34.9182      
# span 16 =    33.6864,    34.9344      
# span 17 =     2.1002,     8.0331      
# span 18 =     2.0926,     8.0873      
# span 19 =    26.3608,    27.7652      
# span 20 =    26.3713,    27.7783      
# span 21 =    5.88124,    7.64599      
# span 22 =    6.07652,    7.79539      
# span 23 =         11,        136      
# span 24 = 0.0000e+00, 0.0000e+00      
# interval = decibars: 1                
# start_time = Jul 05 2013 05:32:39 [NMEA time, header]
# bad_flag = -9.990e-29
*END*
[from data line 580]
      51014   2125.522    789.000     3.7681   3.260242     3.7681   3.261598      54.36     0.0122     2.7123     2.4211  1.9682540  1.0964592   48.75866  -45.64058    34.8827    34.8989     3.7106     3.7105    27.7228    27.7357    6.22008    6.35389         18 0.0000e+00
      51030   2126.205    788.000     3.7686   3.260236     3.7688   3.261624      65.14     0.0108     2.7127     2.4211  1.9682540  1.0964592   48.75866  -45.64058    34.8826    34.8989     3.7112     3.7114    27.7227    27.7356    6.21816    6.35883         15 0.0000e+00
      51045   2126.841    787.000     3.7692   3.260235     3.7696   3.261654      96.10     0.0125     2.7121     2.4212  1.9682540  1.0964592   48.75866  -45.64058    34.8826    34.8990     3.7118     3.7122    27.7226    27.7356    6.21981    6.35641         15 0.0000e+00
      51060   2127.462    786.000     3.7695   3.260241     3.7702   3.261672      95.77     0.0145     2.7131     2.4211  1.9682540  1.0964592   48.75866  -45.64058    34.8828    34.8990     3.7122     3.7129    27.7227    27.7356    6.23168    6.35340         15 0.0000e+00
      51075   2128.103    785.000     3.7700   3.260236     3.7705   3.261649      95.58     0.0160     2.7135     2.4211  1.9655899  1.0964592   48.75866  -45.64058    34.8828    34.8991     3.7128     3.7132    27.7226    27.7355    6.22757    6.35386         16 0.0000e+00
      51092   2128.804    784.000     3.7704   3.260230     3.7704   3.261603      29.08     0.0156     2.7140     2.4210  1.9650052  1.0964592   48.75866  -45.64058    34.8827    34.8991     3.7133     3.7132    27.7225    27.7356    6.22476    6.35939         18 0.0000e+00
      51112   2129.605    783.000     3.7706   3.260204     3.7703   3.261537      94.16     0.0130     2.7143     2.4217  1.9650546  1.0964592   48.75866  -45.64059    34.8828    34.8989     3.7135     3.7132    27.7225    27.7354    6.23123    6.36757         21 0.0000e+00
      51134   2130.541    782.000     3.7706   3.260164     3.7702   3.261478      35.97     0.0138     2.7150     2.4226  1.9655459  1.0969560   48.75866  -45.64060    34.8828    34.8989     3.7136     3.7132    27.7226    27.7354    6.22162    6.36898         24 0.0000e+00
      51159   2131.569    781.000     3.7705   3.260105     3.7702   3.261431      50.94     0.0144     2.7150     2.4232  1.9657602  1.0968515   48.75866  -45.64060    34.8828    34.8988     3.7136     3.7133    27.7225    27.7353    6.23147    6.36382         25 0.0000e+00
      51182   2132.551    780.000     3.7705   3.260052     3.7703   3.261392      90.48     0.0132     2.7164     2.4235  1.9661058  1.0975118   48.75866  -45.64060    34.8827    34.8988     3.7136     3.7134    27.7224    27.7353    6.23272    6.36169         21 0.0000e+00
      51202   2133.371    779.000     3.7705   3.260001     3.7703   3.261363      87.35     0.0133     2.7164     2.4236  1.9666364  1.0974069   48.75868  -45.64060    34.8825    34.8989     3.7138     3.7136    27.7223    27.7354    6.23314    6.36592         18 0.0000e+00
      51218   2134.054    778.000     3.7706   3.259967     3.7705   3.261328      89.74     0.0096     2.7176     2.4243  1.9650508  1.0976021   48.75868  -45.64060    34.8826    34.8989     3.7139     3.7138    27.7224    27.7354    6.23641    6.37156         15 0.0000e+00
      51233   2134.656    777.000     3.7709   3.259961     3.7711   3.261345      35.48     0.0106     2.7178     2.4249  1.9645827  1.0976815   48.75868  -45.64060    34.8827    34.8989     3.7143     3.7145    27.7224    27.7353    6.23225    6.37096         14 0.0000e+00
      51247   2135.229    776.000     3.7715   3.259968     3.7720   3.261382      67.34     0.0102     2.7182     2.4251  1.9645909  1.0976801   48.75868  -45.64060    34.8826    34.8990     3.7150     3.7154    27.7223    27.7352    6.23137    6.37018         14 0.0000e+00
      51261   2135.820    775.000     3.7720   3.259963     3.7723   3.261364      95.10     0.0084     2.7183     2.4256  1.9645909  1.0976005   48.75868  -45.64061    34.8826    34.8990     3.7155     3.7158    27.7222    27.7352    6.23549    6.36999         15 0.0000e+00
      51277   2136.490    774.000     3.7723   3.259945     3.7723   3.261325      95.76     0.0080     2.7191     2.4259  1.9645909  1.0976117   48.75868  -45.64062    34.8826    34.8990     3.7159     3.7159    27.7222    27.7352    6.23492    6.36693         18 0.0000e+00
      51299   2137.436    773.000     3.7723   3.259923     3.7722   3.261273      59.35     0.0110     2.7195     2.4263  1.9645909  1.0975970   48.75868  -45.64062    34.8828    34.8990     3.7161     3.7159    27.7223    27.7353    6.23389    6.36743         29 0.0000e+00
      51336   2138.957    772.000     3.7721   3.259845     3.7717   3.261182      95.48     0.0125     2.7202     2.4271  1.9645909  1.0973216   48.75868  -45.64062    34.8827    34.8989     3.7159     3.7155    27.7222    27.7352    6.23197    6.37102         36 0.0000e+00
      51362   2140.027    771.000     3.7719   3.259785     3.7718   3.261136      95.62     0.0127     2.7204     2.4274  1.9645909  1.0976223   48.75868  -45.64062    34.8826    34.8989     3.7158     3.7156    27.7222    27.7352    6.22840    6.36952         19 0.0000e+00
      51379   2140.740    770.000     3.7720   3.259744     3.7716   3.261081      27.87     0.0107     2.7204     2.4279  1.9645909  1.0976810   48.75868  -45.64062    34.8826    34.8989     3.7160     3.7155    27.7221    27.7352    6.22788    6.37048         16 0.0000e+00
      51394   2141.359    769.000     3.7719   3.259694     3.7715   3.261032      43.78     0.0125     2.7205     2.4280  1.9645909  1.0976801   48.75868  -45.64062    34.8826    34.8990     3.7159     3.7155    27.7222    27.7353    6.23916    6.36851         14 0.0000e+00
      51408   2141.966    768.000     3.7720   3.259665     3.7718   3.261014      86.54     0.0098     2.7218     2.4283  1.9645909  1.0971035   48.75868  -45.64064    34.8827    34.8989     3.7161     3.7159    27.7222    27.7352    6.23971    6.36863         15 0.0000e+00
      51423   2142.602    767.000     3.7722   3.259628     3.7721   3.260991      95.72     0.0066     2.7215     2.4284  1.9645909  1.0965374   48.75868  -45.64064    34.8826    34.8989     3.7163     3.7162    27.7221    27.7351    6.22913    6.36686         16 0.0000e+00
      51441   2143.322    766.000     3.7722   3.259592     3.7723   3.260970      71.10     0.0083     2.7218     2.4285  1.9645909  1.0967133   48.75868  -45.64064    34.8826    34.8990     3.7165     3.7165    27.7221    27.7351    6.22937    6.36706         19 0.0000e+00
      51461   2144.156    765.000     3.7722   3.259545     3.7723   3.260929      58.79     0.0104     2.7218     2.4290  1.9645909  1.0968642   48.75868  -45.64064    34.8827    34.8990     3.7165     3.7166    27.7222    27.7351    6.22945    6.37672         21 0.0000e+00
      51482   2145.042    764.000     3.7723   3.259515     3.7724   3.260890      95.75     0.0123     2.7218     2.4299  1.9645909  1.0973314   48.75868  -45.64064    34.8827    34.8989     3.7167     3.7168    27.7222    27.7350    6.22565    6.37276         21 0.0000e+00
      51502   2145.886    763.000     3.7725   3.259482     3.7726   3.260855      95.76     0.0153     2.7220     2.4300  1.9641082  1.0972537   48.75868  -45.64064    34.8826    34.8988     3.7170     3.7171    27.7221    27.7349    6.22060    6.36510         20 0.0000e+00
      51522   2146.700    762.000     3.7728   3.259456     3.7725   3.260807      35.80     0.0148     2.7211     2.4299  1.9633777  1.0975484   48.75868  -45.64064    34.8825    34.8989     3.7173     3.7171    27.7220    27.7350    6.22255    6.36834         19 0.0000e+00
      51541   2147.510    761.000     3.7727   3.259409     3.7724   3.260758      90.54     0.0124     2.7223     2.4304  1.9633700  1.0976818   48.75868  -45.64064    34.8826    34.8989     3.7173     3.7170    27.7220    27.7350    6.23671    6.37378         19 0.0000e+00
      51561   2148.315    760.000     3.7726   3.259360     3.7722   3.260697      95.40     0.0143     2.7223     2.4308  1.9633700  1.0977463   48.75868  -45.64066    34.8826    34.8989     3.7173     3.7169    27.7220    27.7350    6.22542    6.36999         19 0.0000e+00
      51579   2149.077    759.000     3.7726   3.259313     3.7723   3.260661      23.46     0.0138     2.7221     2.4309  1.9633700  1.0977480   48.75868  -45.64066    34.8826    34.8989     3.7174     3.7171    27.7220    27.7350    6.22560    6.36656         18 0.0000e+00
      51595   2149.768    758.000     3.7727   3.259274     3.7725   3.260626      20.02     0.0111     2.7226     2.4310  1.9634460  1.0976803   48.75869  -45.64066    34.8825    34.8988     3.7176     3.7174    27.7219    27.7349    6.22612    6.36522         16 0.0000e+00
      51611   2150.415    757.000     3.7727   3.259231     3.7726   3.260590      87.86     0.0108     2.7229     2.4309  1.9636136  1.0976801   48.75870  -45.64066    34.8825    34.8988     3.7177     3.7176    27.7219    27.7349    6.22610    6.36384         15 0.0000e+00
      51626   2151.051    756.000     3.7728   3.259192     3.7728   3.260557      95.57     0.0109     2.7229     2.4311  1.9635242  1.0978301   48.75870  -45.64066    34.8825    34.8988     3.7178     3.7178    27.7219    27.7348    6.23079    6.36476         16 0.0000e+00
      51643   2151.736    755.000     3.7728   3.259160     3.7729   3.260522      91.85     0.0134     2.7233     2.4311  1.9635841  1.0976833   48.75870  -45.64066    34.8826    34.8988     3.7180     3.7180    27.7219    27.7348    6.23080    6.37084         17 0.0000e+00
      51662   2152.528    754.000     3.7730   3.259126     3.7729   3.260487      44.44     0.0116     2.7238     2.4319  1.9634879  1.0976801   48.75870  -45.64066    34.8826    34.8988     3.7181     3.7181    27.7219    27.7348    6.23231    6.37908         21 0.0000e+00
      51686   2153.545    753.000     3.7730   3.259083     3.7729   3.260437      82.63     0.0103     2.7249     2.4330  1.9635005  1.0977230   48.75870  -45.64066    34.8826    34.8988     3.7182     3.7182    27.7219    27.7348    6.24087    6.37736         28 0.0000e+00
      51716   2154.808    752.000     3.7729   3.259035     3.7727   3.260378      95.92     0.0126     2.7259     2.4334  1.9633683  1.0976795   48.75870  -45.64066    34.8826    34.8988     3.7183     3.7181    27.7219    27.7348    6.23449    6.36935         31 0.0000e+00
      51744   2155.940    751.000     3.7730   3.258996     3.7733   3.260375      38.50     0.0143     2.7264     2.4334  1.9639119  1.0976801   48.75870  -45.64066    34.8825    34.8987     3.7185     3.7187    27.7218    27.7347    6.23705    6.36537         23 0.0000e+00
      51765   2156.821    750.000     3.7744   3.259046     3.7750   3.260477      97.58     0.0152     2.7268     2.4333  1.9645474  1.0976801   48.75870  -45.64066    34.8822    34.8986     3.7199     3.7205    27.7214    27.7344    6.23029    6.36367         19 0.0000e+00
      51782   2157.546    749.000     3.7762   3.259166     3.7773   3.260639      95.76     0.0144     2.7265     2.4332  1.9645913  1.0976801   48.75870  -45.64066    34.8822    34.8985     3.7218     3.7229    27.7212    27.7342    6.22878    6.35723         17 0.0000e+00
      51798   2158.192    748.000     3.7776   3.259262     3.7793   3.260769      89.05     0.0139     2.7271     2.4327  1.9637181  1.0976801   48.75870  -45.64068    34.8824    34.8986     3.7233     3.7249    27.7212    27.7340    6.23039    6.35494         15 0.0000e+00
      51812   2158.797    747.000     3.7790   3.259333     3.7800   3.260791      20.64     0.0132     2.7267     2.4326  1.9635482  1.0976801   48.75870  -45.64068    34.8823    34.8985     3.7247     3.7257    27.7211    27.7339    6.23042    6.35267         14 0.0000e+00
      51826   2159.393    746.000     3.7799   3.259371     3.7803   3.260782      86.60     0.0149     2.7273     2.4324  1.9637179  1.0978537   48.75870  -45.64068    34.8824    34.8987     3.7256     3.7261    27.7210    27.7339    6.23649    6.35143         14 0.0000e+00
      51841   2160.004    745.000     3.7804   3.259381     3.7811   3.260801      43.07     0.0144     2.7277     2.4318  1.9621385  1.0977609   48.75870  -45.64068    34.8825    34.8986     3.7262     3.7269    27.7210    27.7338    6.23569    6.35508         15 0.0000e+00
      51857   2160.677    744.000     3.7810   3.259392     3.7824   3.260869      92.08     0.0143     2.7282     2.4326  1.9607643  1.0977517   48.75870  -45.64068    34.8824    34.8985     3.7270     3.7283    27.7209    27.7336    6.23192    6.36774         17 0.0000e+00
      51876   2161.440    743.000     3.7816   3.259407     3.7832   3.260906      59.40     0.0151     2.7283     2.4330  1.9607446  1.0978024   48.75870  -45.64068    34.8825    34.8986     3.7276     3.7292    27.7209    27.7336    6.23147    6.37410         20 0.0000e+00
      51896   2162.308    742.000     3.7821   3.259396     3.7837   3.260890      68.54     0.0182     2.7288     2.4344  1.9617548  1.0977360   48.75870  -45.64068    34.8824    34.8985     3.7281     3.7297    27.7208    27.7334    6.23618    6.38363         22 0.0000e+00
      51918   2163.191    741.000     3.7823   3.259366     3.7841   3.260876      95.64     0.0176     2.7294     2.4358  1.9615374  1.0978025   48.75870  -45.64068    34.8823    34.8983     3.7285     3.7303    27.7207    27.7332    6.23623    6.38250         20 0.0000e+00
      51938   2164.023    740.000     3.7833   3.259406     3.7846   3.260877      95.77     0.0154     2.7298     2.4366  1.9614160  1.0983533   48.75870  -45.64070    34.8823    34.8984     3.7295     3.7308    27.7205    27.7332    6.23885    6.37865         20 0.0000e+00
      51957   2164.830    739.000     3.7843   3.259432     3.7847   3.260834      26.49     0.0113     2.7307     2.4372  1.9618896  1.0987067   48.75870  -45.64070    34.8820    34.8982     3.7306     3.7310    27.7202    27.7331    6.23673    6.37815         19 0.0000e+00
      51976   2165.632    738.000     3.7845   3.259411     3.7848   3.260790      96.52     0.0115     2.7307     2.4378  1.9616324  1.0988381   48.75870  -45.64070    34.8821    34.8982     3.7309     3.7312    27.7203    27.7330    6.22818    6.37518         19 0.0000e+00
      51995   2166.428    737.000     3.7848   3.259395     3.7851   3.260767      95.43     0.0105     2.7303     2.4380  1.9618955  1.0989021   48.75870  -45.64070    34.8821    34.8982     3.7313     3.7315    27.7202    27.7330    6.23467    6.37003         19 0.0000e+00
      52014   2167.196    736.000     3.7850   3.259358     3.7854   3.260750      81.78     0.0077     2.7315     2.4381  1.9618088  1.0989012   48.75870  -45.64070    34.8819    34.8981     3.7316     3.7319    27.7200    27.7329    6.22941    6.36852         18 0.0000e+00
      52031   2167.928    735.000     3.7853   3.259340     3.7856   3.260725      17.62     0.0075     2.7306     2.4380  1.9612788  1.0989012   48.75870  -45.64070    34.8819    34.8981     3.7320     3.7322    27.7200    27.7328    6.22716    6.37081         17 0.0000e+00
      52049   2168.651    734.000     3.7856   3.259312     3.7856   3.260680      96.39     0.0109     2.7315     2.4384  1.9617453  1.0989012   48.75870  -45.64070    34.8819    34.8981     3.7323     3.7323    27.7199    27.7329    6.24410    6.37481         18 0.0000e+00
      52067   2169.408    733.000     3.7857   3.259282     3.7856   3.260637      95.74     0.0108     2.7323     2.4389  1.9615090  1.0989012   48.75870  -45.64070    34.8819    34.8981     3.7325     3.7324    27.7199    27.7328    6.24204    6.37637         19 0.0000e+00
