data/CTD/2013/CNV/U021A040.CNV
* Sea-Bird SBE 9 Data File:
* FileName = C:\CTD_ACQUISITION\2013021HUD\ctddata\021A040.hdr
* Software Version Seasave V 7.22.2
* Temperature SN = 5081
* Conductivity SN = 3561
* Number of Bytes Per Scan = 37
* Number of Voltage Words = 4
* Number of Scans Averaged by the Deck Unit = 1
* NMEA Latitude = 48 29.61 N
* NMEA Longitude = 046 43.71 W
* NMEA UTC (Time) = Jul 03 2013 23:36:18
* NMEA baud rate = 9600
** Ship: Hudson
** Cruise: HUD2013021
** Chief_Scientist: Greenan
** Organization: BIO
** Area_of_Operation: Sackville Spur
** Station: 40
** Sounding:  1744
** Event_Comments: SS07  393180
# nquan = 25
# nvalues = 1638                        
# units = specified
# name 0 = scan: Scan Count
# name 1 = timeS: Time, Elapsed [seconds]
# name 2 = prDM: Pressure, Digiquartz [db]
# name 3 = t068C: Temperature [ITS-68, deg C]
# name 4 = c0S/m: Conductivity [S/m]
# name 5 = t168C: Temperature, 2 [ITS-68, deg C]
# name 6 = c1S/m: Conductivity, 2 [S/m]
# name 7 = altM: Altimeter [m]
# name 8 = flCUVA: Fluorescence, Chelsea UV Aquatracka [ug/l]
# name 9 = sbeox0V: Oxygen raw, SBE 43 [V]
# name 10 = sbeox1V: Oxygen raw, SBE 43, 2 [V]
# name 11 = upoly0: Upoly 0, Optode 4330F - O2 D-Phase
# name 12 = upoly1: Upoly 1, Optode 4330F - O2 Temp
# name 13 = latitude: Latitude [deg]
# name 14 = longitude: Longitude [deg]
# name 15 = sal00: Salinity, Practical [PSU]
# name 16 = sal11: Salinity, Practical, 2 [PSU]
# name 17 = potemp068C: Potential Temperature [ITS-68, deg C]
# name 18 = potemp168C: Potential Temperature, 2 [ITS-68, deg C]
# name 19 = sigma-é00: Density [sigma-theta, Kg/m^3]
# name 20 = sigma-é11: Density, 2 [sigma-theta, Kg/m^3]
# name 21 = sbeox0ML/L: Oxygen, SBE 43 [ml/l], WS = 2
# name 22 = sbeox1ML/L: Oxygen, SBE 43, 2 [ml/l], WS = 2
# name 23 = nbin: number of scans per bin
# name 24 = flag: flag
# span 0 =      47638,      86553       
# span 1 =   1984.863,   3606.318       
# span 2 =      1.000,   1638.000       
# span 3 =     3.1437,     7.1817       
# span 4 =   3.134109,   3.392603       
# span 5 =     3.1433,     7.1769       
# span 6 =   3.135512,   3.393535       
# span 7 =       4.01,     101.49       
# span 8 =     0.0053,     0.5307       
# span 9 =     2.3813,     3.4707       
# span 10 =     2.1395,     3.0921      
# span 11 =  1.7019209,  2.0629480      
# span 12 =  1.0280831,  1.5206639      
# span 13 =   48.49410,   48.49520      
# span 14 =  -46.73084,  -46.72978      
# span 15 =    33.3147,    34.9216      
# span 16 =    33.3311,    34.9387      
# span 17 =     3.1392,     7.1812      
# span 18 =     3.1388,     7.1765      
# span 19 =    26.0688,    27.7984      
# span 20 =    26.0818,    27.8122      
# span 21 =    5.87561,    7.79882      
# span 22 =    6.05143,    7.93394      
# span 23 =         10,        500      
# span 24 = 0.0000e+00, 0.0000e+00      
# interval = decibars: 1                
# start_time = Jul 03 2013 23:36:18 [NMEA time, header]
# bad_flag = -9.990e-29
*END*
[from data line 1624]
      85270   3552.880     14.000     7.0407   3.382182     7.0421   3.383231      95.05     0.2486     3.3703     3.0086  1.7104938  1.3337393   48.49510  -46.73060    33.3471    33.3573     7.0395     7.0408    26.1117    26.1195    6.85613    6.97159         20 0.0000e+00
      85289   3553.687     13.000     7.1019   3.387881     7.0567   3.384990      45.07     0.2515     3.3682     3.0063  1.7043003  1.3671917   48.49510  -46.73060    33.3508    33.3628     7.1007     7.0556    26.1062    26.1219    6.84790    6.96950         19 0.0000e+00
      85308   3554.467     12.000     7.1270   3.389989     7.0899   3.387876      71.74     0.2487     3.3671     3.0044  1.7045184  1.3662996   48.49510  -46.73060    33.3499    33.3627     7.1259     7.0889    26.1021    26.1173    6.84633    6.96592         19 0.0000e+00
      85328   3555.277     11.000     7.1443   3.391159     7.1187   3.390122      94.58     0.2455     3.3665     3.0037  1.7052028  1.3912499   48.49510  -46.73060    33.3465    33.3599     7.1433     7.1177    26.0970    26.1111    6.83899    6.96388         21 0.0000e+00
      85350   3556.200     10.000     7.1555   3.391903     7.1446   3.391958      91.17     0.2406     3.3650     3.0028  1.7057222  1.4108559   48.49510  -46.73058    33.3442    33.3554     7.1546     7.1437    26.0937    26.1040    6.83256    6.96368         24 0.0000e+00
      85378   3557.357      9.000     7.1638   3.392273     7.1367   3.391293      76.64     0.2507     3.3639     3.0033  1.7033354  1.4238815   48.49509  -46.73058    33.3408    33.3562     7.1629     7.1359    26.0899    26.1057    6.83216    6.97605         31 0.0000e+00
      85409   3558.651      8.000     7.1522   3.391020     7.1660   3.393152      95.41     0.2673     3.3627     3.0049  1.7019209  1.4324499   48.49508  -46.73057    33.3388    33.3487     7.1515     7.1653    26.0898    26.0958    6.83868    6.97997         29 0.0000e+00
      85437   3559.838      7.000     7.1644   3.391345     7.1683   3.392556      70.36     0.2587     3.3645     3.0061  1.7045735  1.4445748   48.49508  -46.73056    33.3310    33.3405     7.1637     7.1676    26.0821    26.0890    6.84964    6.96813         28 0.0000e+00
      85462   3560.869      6.000     7.1771   3.392088     7.1681   3.392492      95.78     0.2561     3.3648     3.0047  1.7045177  1.4446898   48.49508  -46.73056    33.3273    33.3405     7.1766     7.1675    26.0774    26.0890    6.83327    6.95102         21 0.0000e+00
      85482   3561.719      5.000     7.1817   3.392603     7.1769   3.393535      94.86     0.2595     3.3643     3.0037  1.7045726  1.4493318   48.49508  -46.73056    33.3290    33.3438     7.1812     7.1765    26.0781    26.0904    6.83212    6.95045         22 0.0000e+00
      85508   3562.772      4.000     7.1780   3.391854     7.1756   3.393174      71.78     0.2532     3.3643     3.0029  1.7050971  1.4517667   48.49508  -46.73056    33.3249    33.3415     7.1776     7.1753    26.0753    26.0888    6.83449    6.95384         29 0.0000e+00
      85738   3572.374      3.000     7.1700   3.390594     7.1696   3.391936      68.30     0.2563     3.3693     3.0038  1.7079369  1.4907515   48.49504  -46.73054    33.3194    33.3344     7.1697     7.1693    26.0721    26.0840    6.84929    6.96144        311 0.0000e+00
      86321   3596.669      2.000     7.1677   3.390038     7.1682   3.391500      76.69     0.2536     3.3738     3.0092  1.7064110  1.5189140   48.49499  -46.73050    33.3159    33.3315     7.1676     7.1680    26.0697    26.0818    6.85708    6.97407        227 0.0000e+00
      86553   3606.318      1.000     7.1668   3.389796     7.1664   3.391266      70.45     0.2505     3.3739     3.0113  1.7054867  1.5206640   48.49496  -46.73050    33.3147    33.3311     7.1667     7.1663    26.0688    26.0818    6.85846    6.98101        171 0.0000e+00
