data/CTD/2013/CNV/U021A039.CNV
* Sea-Bird SBE 9 Data File:
* FileName = C:\CTD_ACQUISITION\2013021HUD\ctddata\021A039.hdr
* Software Version Seasave V 7.22.2
* Temperature SN = 5081
* Conductivity SN = 3561
* Number of Bytes Per Scan = 37
* Number of Voltage Words = 4
* Number of Scans Averaged by the Deck Unit = 1
* NMEA Latitude = 48 26.55 N
* NMEA Longitude = 046 40.64 W
* NMEA UTC (Time) = Jul 03 2013 21:39:13
* NMEA baud rate = 9600
** Ship: Hudson
** Cruise: HUD2013021
** Chief_Scientist: Greenan
** Organization: BIO
** Area_of_Operation: Sackville Spur
** Station: 39
** Sounding:  2179
** Event_Comments: SS08  393178
# nquan = 25
# nvalues = 2160                        
# units = specified
# name 0 = scan: Scan Count
# name 1 = timeS: Time, Elapsed [seconds]
# name 2 = prDM: Pressure, Digiquartz [db]
# name 3 = t068C: Temperature [ITS-68, deg C]
# name 4 = c0S/m: Conductivity [S/m]
# name 5 = t168C: Temperature, 2 [ITS-68, deg C]
# name 6 = c1S/m: Conductivity, 2 [S/m]
# name 7 = altM: Altimeter [m]
# name 8 = flCUVA: Fluorescence, Chelsea UV Aquatracka [ug/l]
# name 9 = sbeox0V: Oxygen raw, SBE 43 [V]
# name 10 = sbeox1V: Oxygen raw, SBE 43, 2 [V]
# name 11 = upoly0: Upoly 0, Optode 4330F - O2 D-Phase
# name 12 = upoly1: Upoly 1, Optode 4330F - O2 Temp
# name 13 = latitude: Latitude [deg]
# name 14 = longitude: Longitude [deg]
# name 15 = sal00: Salinity, Practical [PSU]
# name 16 = sal11: Salinity, Practical, 2 [PSU]
# name 17 = potemp068C: Potential Temperature [ITS-68, deg C]
# name 18 = potemp168C: Potential Temperature, 2 [ITS-68, deg C]
# name 19 = sigma-é00: Density [sigma-theta, Kg/m^3]
# name 20 = sigma-é11: Density, 2 [sigma-theta, Kg/m^3]
# name 21 = sbeox0ML/L: Oxygen, SBE 43 [ml/l], WS = 2
# name 22 = sbeox1ML/L: Oxygen, SBE 43, 2 [ml/l], WS = 2
# name 23 = nbin: number of scans per bin
# name 24 = flag: flag
# span 0 =      63452,     111684       
# span 1 =   2643.781,   4653.444       
# span 2 =      1.000,   2160.000       
# span 3 =     0.7429,     6.4949       
# span 4 =   2.868962,   3.286653       
# span 5 =     0.7449,     6.5063       
# span 6 =   2.871006,   3.288978       
# span 7 =       4.30,     117.23       
# span 8 =     0.0056,     0.4607       
# span 9 =     2.2529,     3.5386       
# span 10 =     2.0260,     3.1741      
# span 11 =  1.7151934,  2.0967325      
# span 12 =  0.7438815,  1.4399806      
# span 13 =   48.44166,   48.44472      
# span 14 =  -46.66744,  -46.65931      
# span 15 =    32.8281,    34.9220      
# span 16 =    32.8428,    34.9388      
# span 17 =     0.7418,     6.4947      
# span 18 =     0.7437,     6.5061      
# span 19 =    25.7747,    27.8490      
# span 20 =    25.7849,    27.8627      
# span 21 =    5.87491,    9.24275      
# span 22 =    6.03636,    9.39502      
# span 23 =          9,        366      
# span 24 = 0.0000e+00, 0.0000e+00      
# interval = decibars: 1                
# start_time = Jul 03 2013 21:39:13 [NMEA time, header]
# bad_flag = -9.990e-29
*END*
[from data line 754]
      81092   3378.773   1406.000     3.5783   3.273085     3.5799   3.274632      79.80     0.0104     2.4436     2.1783  2.0507145  1.0720391   48.44316  -46.66444    34.9217    34.9384     3.4711     3.4727    27.7778    27.7909    5.90077    6.05840         23 0.0000e+00
      81116   3379.807   1405.000     3.5799   3.273189     3.5838   3.274928      95.55     0.0079     2.4441     2.1790  2.0524595  1.0720391   48.44316  -46.66444    34.9217    34.9383     3.4729     3.4767    27.7776    27.7904    5.89543    6.05477         27 0.0000e+00
      81144   3380.948   1404.000     3.5820   3.273316     3.5862   3.275095      95.97     0.0112     2.4442     2.1796  2.0511756  1.0720391   48.44316  -46.66443    34.9215    34.9382     3.4750     3.4791    27.7772    27.7901    5.90232    6.05458         26 0.0000e+00
      81166   3381.894   1403.000     3.5857   3.273584     3.5872   3.275140      76.72     0.0111     2.4449     2.1798  2.0500023  1.0720391   48.44316  -46.66442    34.9213    34.9382     3.4788     3.4803    27.7767    27.7900    5.89357    6.05011         20 0.0000e+00
      81185   3382.675   1402.000     3.5871   3.273678     3.5885   3.275206      95.66     0.0100     2.4444     2.1799  2.0493257  1.0720391   48.44316  -46.66442    34.9215    34.9382     3.4802     3.4815    27.7767    27.7898    5.89578    6.05193         18 0.0000e+00
      81203   3383.437   1401.000     3.5879   3.273727     3.5890   3.275219      60.19     0.0114     2.4452     2.1803  2.0485411  1.0721016   48.44316  -46.66442    34.9216    34.9383     3.4812     3.4822    27.7767    27.7898    5.90078    6.05619         19 0.0000e+00
      81225   3384.321   1400.000     3.5891   3.273785     3.5896   3.275240      79.59     0.0121     2.4453     2.1809  2.0489261  1.0721395   48.44316  -46.66442    34.9216    34.9383     3.4824     3.4829    27.7765    27.7898    5.89712    6.05749         24 0.0000e+00
      81253   3385.509   1399.000     3.5898   3.273814     3.5900   3.275233      89.17     0.0129     2.4454     2.1814  2.0488033  1.0732487   48.44316  -46.66440    34.9217    34.9383     3.4832     3.4834    27.7766    27.7898    5.89182    6.05848         32 0.0000e+00
      81283   3386.743   1398.000     3.5905   3.273816     3.5901   3.275189      96.16     0.0107     2.4457     2.1820  2.0499468  1.0732601   48.44315  -46.66440    34.9215    34.9382     3.4840     3.4836    27.7763    27.7896    5.90090    6.05052         25 0.0000e+00
      81304   3387.618   1397.000     3.5911   3.273820     3.5913   3.275255      81.28     0.0109     2.4463     2.1817  2.0513027  1.0732601   48.44314  -46.66440    34.9214    34.9383     3.4847     3.4847    27.7762    27.7896    5.89427    6.04216         18 0.0000e+00
      81321   3388.331   1396.000     3.5921   3.273868     3.5921   3.275279      70.33     0.0139     2.4461     2.1817  2.0512822  1.0732601   48.44314  -46.66440    34.9214    34.9382     3.4857     3.4857    27.7761    27.7894    5.89458    6.04574         16 0.0000e+00
      81337   3388.983   1395.000     3.5931   3.273916     3.5930   3.275313      74.44     0.0123     2.4464     2.1815  2.0490568  1.0732601   48.44314  -46.66440    34.9215    34.9381     3.4867     3.4866    27.7760    27.7893    5.89710    6.05082         16 0.0000e+00
      81352   3389.621   1394.000     3.5938   3.273940     3.5940   3.275364      95.37     0.0093     2.4465     2.1820  2.0485990  1.0732601   48.44314  -46.66439    34.9215    34.9381     3.4876     3.4877    27.7759    27.7892    5.90139    6.05759         15 0.0000e+00
      81368   3390.297   1393.000     3.5949   3.273990     3.5952   3.275427      95.83     0.0132     2.4473     2.1825  2.0487695  1.0732601   48.44314  -46.66438    34.9214    34.9381     3.4887     3.4890    27.7758    27.7891    5.89997    6.05421         17 0.0000e+00
      81387   3391.090   1392.000     3.5959   3.274052     3.5965   3.275501      95.82     0.0189     2.4473     2.1825  2.0487297  1.0732601   48.44314  -46.66438    34.9215    34.9382     3.4899     3.4903    27.7758    27.7890    5.89281    6.04809         22 0.0000e+00
      81424   3392.639   1391.000     3.5959   3.274016     3.5956   3.275380      90.04     0.0195     2.4475     2.1831  2.0485256  1.0736865   48.44314  -46.66438    34.9216    34.9382     3.4899     3.4895    27.7758    27.7891    5.89332    6.05500         61 0.0000e+00
      81480   3394.947   1390.000     3.5954   3.273912     3.5927   3.275086      80.59     0.0151     2.4475     2.1839  2.0490732  1.0739110   48.44314  -46.66437    34.9214    34.9382     3.4895     3.4868    27.7757    27.7893    5.89012    6.05241         29 0.0000e+00
      81497   3395.674   1389.000     3.5958   3.273879     3.5949   3.275220      70.56     0.0131     2.4477     2.1841  2.0502856  1.0732555   48.44314  -46.66436    34.9211    34.9380     3.4900     3.4890    27.7754    27.7890    5.89009    6.05160         17 0.0000e+00
      81513   3396.324   1388.000     3.5981   3.274037     3.5986   3.275513      59.87     0.0117     2.4475     2.1840  2.0509474  1.0732601   48.44314  -46.66436    34.9210    34.9381     3.4924     3.4928    27.7751    27.7886    5.89266    6.05210         15 0.0000e+00
      81527   3396.928   1387.000     3.6014   3.274294     3.6017   3.275756      95.24     0.0126     2.4481     2.1843  2.0483568  1.0732601   48.44314  -46.66436    34.9211    34.9381     3.4957     3.4960    27.7749    27.7884    5.89934    6.05137         14 0.0000e+00
      81542   3397.533   1386.000     3.6041   3.274482     3.6043   3.275935      83.31     0.0156     2.4480     2.1843  2.0477097  1.0732601   48.44314  -46.66436    34.9211    34.9381     3.4984     3.4986    27.7745    27.7881    5.89912    6.04721         15 0.0000e+00
      81557   3398.176   1385.000     3.6051   3.274540     3.6057   3.276009      81.45     0.0171     2.4489     2.1843  2.0477705  1.0732601   48.44314  -46.66436    34.9212    34.9379     3.4995     3.5001    27.7745    27.7878    5.90143    6.04656         16 0.0000e+00
      81575   3398.925   1384.000     3.6057   3.274555     3.6058   3.275979      95.71     0.0149     2.4491     2.1844  2.0482819  1.0741003   48.44314  -46.66436    34.9211    34.9380     3.5002     3.5002    27.7744    27.7879    5.89728    6.05329         20 0.0000e+00
      81598   3399.885   1383.000     3.6058   3.274537     3.6055   3.275916      95.97     0.0120     2.4494     2.1852  2.0491283  1.0744692   48.44314  -46.66436    34.9213    34.9381     3.5004     3.5000    27.7746    27.7880    5.89545    6.06317         27 0.0000e+00
      81635   3401.406   1382.000     3.6053   3.274451     3.6048   3.275814      86.29     0.0158     2.4504     2.1863  2.0484917  1.0745081   48.44314  -46.66434    34.9213    34.9380     3.5000     3.4995    27.7746    27.7880    5.90076    6.05933         45 0.0000e+00
      81673   3403.002   1381.000     3.6040   3.274271     3.6041   3.275697      96.59     0.0175     2.4507     2.1867  2.0478084  1.0749825   48.44314  -46.66434    34.9211    34.9379     3.4988     3.4988    27.7745    27.7879    5.89465    6.05637         26 0.0000e+00
      81693   3403.813   1380.000     3.6051   3.274321     3.6060   3.275815      95.56     0.0162     2.4509     2.1872  2.0480547  1.0752054   48.44314  -46.66434    34.9211    34.9378     3.4999     3.5008    27.7744    27.7877    5.89425    6.06023         17 0.0000e+00
      81708   3404.472   1379.000     3.6083   3.274553     3.6089   3.276036      95.98     0.0153     2.4508     2.1873  2.0479424  1.0752140   48.44314  -46.66434    34.9210    34.9378     3.5032     3.5038    27.7740    27.7874    5.90146    6.06314         15 0.0000e+00
      81723   3405.090   1378.000     3.6114   3.274787     3.6117   3.276249      94.87     0.0145     2.4514     2.1880  2.0476980  1.0746379   48.44314  -46.66434    34.9210    34.9379     3.5063     3.5067    27.7737    27.7871    5.89869    6.06528         15 0.0000e+00
      81738   3405.728   1377.000     3.6137   3.274955     3.6139   3.276396      74.35     0.0140     2.4515     2.1883  2.0476193  1.0746337   48.44314  -46.66434    34.9210    34.9378     3.5087     3.5089    27.7735    27.7869    5.88755    6.05992         16 0.0000e+00
      81756   3406.466   1376.000     3.6149   3.275033     3.6150   3.276458      90.75     0.0108     2.4515     2.1886  2.0476191  1.0747237   48.44314  -46.66434    34.9212    34.9379     3.5100     3.5101    27.7735    27.7868    5.89439    6.05370         20 0.0000e+00
      81784   3407.615   1375.000     3.6153   3.275041     3.6156   3.276466      95.22     0.0116     2.4523     2.1885  2.0476794  1.0756439   48.44314  -46.66432    34.9213    34.9379     3.5105     3.5108    27.7735    27.7867    5.90228    6.05290         38 0.0000e+00
      81822   3409.226   1374.000     3.6150   3.274957     3.6143   3.276305      80.42     0.0159     2.4527     2.1886  2.0466454  1.0757443   48.44316  -46.66432    34.9211    34.9379     3.5102     3.5095    27.7734    27.7868    5.89818    6.04858         31 0.0000e+00
      81845   3410.187   1373.000     3.6147   3.274882     3.6164   3.276412      96.00     0.0182     2.4536     2.1883  2.0463920  1.0757668   48.44316  -46.66432    34.9210    34.9374     3.5101     3.5117    27.7733    27.7863    5.89915    6.04385         19 0.0000e+00
      81864   3410.955   1372.000     3.6199   3.275266     3.6237   3.277019      71.99     0.0190     2.4532     2.1882  2.0472934  1.0757024   48.44316  -46.66432    34.9206    34.9374     3.5153     3.5190    27.7725    27.7855    5.88995    6.04746         19 0.0000e+00
      81883   3411.745   1371.000     3.6279   3.275919     3.6301   3.277551      93.72     0.0179     2.4535     2.1884  2.0476091  1.0757612   48.44316  -46.66432    34.9204    34.9375     3.5233     3.5254    27.7716    27.7849    5.89888    6.05554         20 0.0000e+00
      81905   3412.670   1370.000     3.6314   3.276217     3.6332   3.277791      95.79     0.0141     2.4541     2.1892  2.0476191  1.0762022   48.44316  -46.66432    34.9208    34.9375     3.5268     3.5286    27.7715    27.7847    5.89727    6.06021         24 0.0000e+00
      81931   3413.742   1369.000     3.6335   3.276375     3.6343   3.277842      77.88     0.0162     2.4545     2.1897  2.0476191  1.0769320   48.44316  -46.66431    34.9209    34.9375     3.5291     3.5297    27.7713    27.7845    5.90360    6.05437         26 0.0000e+00
      81954   3414.706   1368.000     3.6349   3.276439     3.6348   3.277842      95.97     0.0132     2.4552     2.1901  2.0476191  1.0773873   48.44316  -46.66430    34.9207    34.9374     3.5304     3.5303    27.7711    27.7844    5.90869    6.05613         21 0.0000e+00
      81973   3415.515   1367.000     3.6356   3.276457     3.6359   3.277891      95.92     0.0102     2.4562     2.1904  2.0476191  1.0781384   48.44316  -46.66430    34.9207    34.9373     3.5313     3.5315    27.7710    27.7842    5.91328    6.05490         18 0.0000e+00
      81991   3416.260   1366.000     3.6359   3.276447     3.6363   3.277898      95.96     0.0106     2.4570     2.1908  2.0476191  1.0781441   48.44316  -46.66430    34.9207    34.9375     3.5316     3.5320    27.7710    27.7843    5.90420    6.05581         18 0.0000e+00
      82009   3417.015   1365.000     3.6371   3.276505     3.6369   3.277906      95.89     0.0103     2.4570     2.1909  2.0466092  1.0781441   48.44316  -46.66430    34.9206    34.9374     3.5329     3.5327    27.7708    27.7842    5.90012    6.05504         18 0.0000e+00
      82030   3417.886   1364.000     3.6380   3.276545     3.6382   3.277987      95.99     0.0129     2.4575     2.1914  2.0464005  1.0781441   48.44316  -46.66430    34.9207    34.9375     3.5339     3.5341    27.7707    27.7841    5.90100    6.05953         24 0.0000e+00
      82060   3419.135   1363.000     3.6387   3.276568     3.6389   3.277987      69.21     0.0155     2.4575     2.1919  2.0464318  1.0781777   48.44318  -46.66430    34.9207    34.9373     3.5346     3.5392    27.7707    27.7839    5.89509    6.05437         36 0.0000e+00
      82092   3420.473   1362.000     3.6391   3.276548     3.6384   3.277889      87.44     0.0173     2.4576     2.1921  2.0466006  1.0783466   48.44318  -46.66428    34.9206    34.9372     3.5351     3.5342    27.7705    27.7839    5.90175    6.05036         25 0.0000e+00
      82112   3421.306   1361.000     3.6394   3.276513     3.6392   3.277914      95.97     0.0186     2.4581     2.1921  2.0476356  1.0793817   48.44318  -46.66428    34.9203    34.9371     3.5355     3.5353    27.7703    27.7837    5.91282    6.05168         17 0.0000e+00
      82128   3421.974   1360.000     3.6403   3.276566     3.6400   3.277946      95.97     0.0155     2.4592     2.1922  2.0476191  1.0793651   48.44318  -46.66428    34.9204    34.9372     3.5365     3.5362    27.7703    27.7836    5.90945    6.05340         16 0.0000e+00
      82144   3422.610   1359.000     3.6412   3.276606     3.6409   3.277986      95.97     0.0141     2.4592     2.1923  2.0475397  1.0793651   48.44318  -46.66428    34.9205    34.9372     3.5375     3.5371    27.7702    27.7836    5.90311    6.05941         15 0.0000e+00
      82160   3423.275   1358.000     3.6419   3.276630     3.6413   3.277998      95.98     0.0124     2.4594     2.1931  2.0468471  1.0793651   48.44318  -46.66428    34.9205    34.9374     3.5383     3.5376    27.7701    27.7837    5.90598    6.06355         17 0.0000e+00
      82179   3424.087   1357.000     3.6423   3.276623     3.6420   3.278004      94.78     0.0124     2.4600     2.1934  2.0466712  1.0793651   48.44318  -46.66430    34.9205    34.9372     3.5388     3.5384    27.7701    27.7835    5.90982    6.05637         23 0.0000e+00
      82212   3425.444   1356.000     3.6425   3.276603     3.6422   3.277971      66.93     0.0105     2.4605     2.1939  2.0443101  1.0793651   48.44318  -46.66430    34.9206    34.9372     3.5391     3.5387    27.7701    27.7834    5.90420    6.06001         42 0.0000e+00
      82249   3426.986   1355.000     3.6423   3.276528     3.6415   3.277864      49.60     0.0091     2.4610     2.1946  2.0454357  1.0793651   48.44318  -46.66430    34.9204    34.9371     3.5389     3.5381    27.7700    27.7834    5.90369    6.05739         26 0.0000e+00
      82269   3427.842   1354.000     3.6422   3.276464     3.6416   3.277825      96.23     0.0088     2.4612     2.1947  2.0464079  1.0793651   48.44319  -46.66429    34.9203    34.9370     3.5389     3.5383    27.7699    27.7833    5.90978    6.05538         19 0.0000e+00
      82288   3428.607   1353.000     3.6426   3.276466     3.6419   3.277821      77.95     0.0124     2.4617     2.1948  2.0463982  1.0793651   48.44320  -46.66428    34.9204    34.9372     3.5394     3.5386    27.7700    27.7834    5.90047    6.06205         18 0.0000e+00
      82307   3429.402   1352.000     3.6428   3.276447     3.6420   3.277804      86.82     0.0150     2.4613     2.1956  2.0463982  1.0793651   48.44320  -46.66428    34.9204    34.9373     3.5397     3.5389    27.7699    27.7835    5.90192    6.06464         21 0.0000e+00
      82329   3430.342   1351.000     3.6430   3.276422     3.6422   3.277765      95.14     0.0156     2.4623     2.1959  2.0463982  1.0793651   48.44320  -46.66428    34.9205    34.9372     3.5399     3.5391    27.7700    27.7834    5.91440    6.06053         25 0.0000e+00
      82357   3431.517   1350.000     3.6430   3.276382     3.6427   3.277770      81.10     0.0149     2.4628     2.1962  2.0463982  1.0794078   48.44320  -46.66428    34.9205    34.9372     3.5400     3.5398    27.7700    27.7833    5.90785    6.05597         29 0.0000e+00
