data/CTD/2013/CNV/U021A018.CNV
* Sea-Bird SBE 9 Data File:
* FileName = C:\CTD_ACQUISITION\2013021HUD\ctddata\021A018.hdr
* Software Version Seasave V 7.22.2
* Temperature SN = 5081
* Conductivity SN = 3561
* Number of Bytes Per Scan = 37
* Number of Voltage Words = 4
* Number of Scans Averaged by the Deck Unit = 1
* NMEA Latitude = 47 00.01 N
* NMEA Longitude = 046 44.51 W
* NMEA UTC (Time) = Jul 02 2013 03:43:13
* NMEA baud rate = 9600
** Ship: Hudson
** Cruise: HUD2013021
** Chief_Scientist: Greenan
** Organization: BIO
** Area_of_Operation: Sackville Spur
** Station: 18
** Sounding:  1161
** Event_Comments: FC18.5  393123
# nquan = 25
# nvalues = 1149                        
# units = specified
# name 0 = scan: Scan Count
# name 1 = timeS: Time, Elapsed [seconds]
# name 2 = prDM: Pressure, Digiquartz [db]
# name 3 = t068C: Temperature [ITS-68, deg C]
# name 4 = c0S/m: Conductivity [S/m]
# name 5 = t168C: Temperature, 2 [ITS-68, deg C]
# name 6 = c1S/m: Conductivity, 2 [S/m]
# name 7 = altM: Altimeter [m]
# name 8 = flCUVA: Fluorescence, Chelsea UV Aquatracka [ug/l]
# name 9 = sbeox0V: Oxygen raw, SBE 43 [V]
# name 10 = sbeox1V: Oxygen raw, SBE 43, 2 [V]
# name 11 = upoly0: Upoly 0, Optode 4330F - O2 D-Phase
# name 12 = upoly1: Upoly 1, Optode 4330F - O2 Temp
# name 13 = latitude: Latitude [deg]
# name 14 = longitude: Longitude [deg]
# name 15 = sal00: Salinity, Practical [PSU]
# name 16 = sal11: Salinity, Practical, 2 [PSU]
# name 17 = potemp068C: Potential Temperature [ITS-68, deg C]
# name 18 = potemp168C: Potential Temperature, 2 [ITS-68, deg C]
# name 19 = sigma-é00: Density [sigma-theta, Kg/m^3]
# name 20 = sigma-é11: Density, 2 [sigma-theta, Kg/m^3]
# name 21 = sbeox0ML/L: Oxygen, SBE 43 [ml/l], WS = 2
# name 22 = sbeox1ML/L: Oxygen, SBE 43, 2 [ml/l], WS = 2
# name 23 = nbin: number of scans per bin
# name 24 = flag: flag
# span 0 =      37072,      64898       
# span 1 =   1544.621,   2704.043       
# span 2 =      1.000,   1149.000       
# span 3 =     0.6331,     5.7386       
# span 4 =   2.863578,   3.297280       
# span 5 =     0.6156,     5.7464       
# span 6 =   2.862757,   3.298666       
# span 7 =       8.80,     108.59       
# span 8 =     0.0053,     0.3620       
# span 9 =     2.5104,     3.3623       
# span 10 =     2.2595,     3.0001      
# span 11 =  1.7313343,  2.0327630      
# span 12 =  0.7450139,  1.3354292      
# span 13 =   47.00202,   47.00343      
# span 14 =  -46.74170,  -46.74075      
# span 15 =    32.7063,    34.9196      
# span 16 =    32.7217,    34.9352      
# span 17 =     0.6308,     5.7372      
# span 18 =     0.6134,     5.7450      
# span 19 =    25.7786,    27.7495      
# span 20 =    25.7913,    27.7622      
# span 21 =    5.87777,    7.45969      
# span 22 =    6.06281,    7.63305      
# span 23 =         12,        384      
# span 24 = 0.0000e+00, 0.0000e+00      
# interval = decibars: 1                
# start_time = Jul 02 2013 03:43:13 [NMEA time, header]
# bad_flag = -9.990e-29
*END*
[from data line 696]
      53932   2247.125    453.000     4.1278   3.277444     4.1294   3.278941      96.50     0.0133     2.7944     2.4892  1.9548229  1.1416361   47.00330  -46.74126    34.8822    34.8982     4.0947     4.0962    27.6826    27.6952    6.13423    6.24538         18 0.0000e+00
      53961   2248.343    452.000     4.1270   3.277333     4.1299   3.278943      69.35     0.0109     2.7957     2.4899  1.9539275  1.1414983   47.00328  -46.74125    34.8822    34.8983     4.0940     4.0968    27.6827    27.6952    6.14325    6.25505         47 0.0000e+00
      54013   2250.512    451.000     4.1140   3.275974     4.1191   3.277806      99.95     0.0097     2.7966     2.4914  1.9543583  1.1415178   47.00328  -46.74124    34.8805    34.8968     4.0810     4.0861    27.6827    27.6952    6.13482    6.25715         40 0.0000e+00
      54039   2251.566    450.000     4.1221   3.276663     4.1301   3.278820      46.54     0.0100     2.7971     2.4919  1.9547020  1.1416365   47.00328  -46.74124    34.8806    34.8976     4.0892     4.0971    27.6819    27.6947    6.13809    6.25551         20 0.0000e+00
      54056   2252.294    449.000     4.1308   3.277492     4.1308   3.278859      46.01     0.0093     2.7968     2.4922  1.9548234  1.1416361   47.00328  -46.74124    34.8817    34.8978     4.0980     4.0980    27.6819    27.6947    6.12902    6.25319         15 0.0000e+00
      54071   2252.916    448.000     4.1288   3.277234     4.1285   3.278548      84.58     0.0112     2.7965     2.4923  1.9548229  1.1416361   47.00330  -46.74124    34.8813    34.8971     4.0961     4.0957    27.6818    27.6944    6.12562    6.24304         15 0.0000e+00
      54085   2253.499    447.000     4.1276   3.277040     4.1272   3.278346      96.49     0.0089     2.7963     2.4915  1.9548229  1.1416361   47.00330  -46.74124    34.8808    34.8967     4.0949     4.0945    27.6815    27.6942    6.12690    6.23324         13 0.0000e+00
      54099   2254.077    446.000     4.1327   3.277453     4.1306   3.278614      96.31     0.0123     2.7961     2.4910  1.9537499  1.1416361   47.00330  -46.74124    34.8808    34.8968     4.1001     4.0979    27.6809    27.6939    6.12785    6.23305         14 0.0000e+00
      54113   2254.677    445.000     4.1414   3.278279     4.1414   3.279643      28.44     0.0119     2.7970     2.4905  1.9535991  1.1416361   47.00330  -46.74124    34.8819    34.8981     4.1088     4.1088    27.6809    27.6938    6.13022    6.23552         15 0.0000e+00
      54129   2255.343    444.000     4.1502   3.279140     4.1523   3.280659      70.03     0.0159     2.7964     2.4906  1.9536020  1.1416361   47.00330  -46.74124    34.8833    34.8991     4.1177     4.1197    27.6811    27.6934    6.12317    6.23630         18 0.0000e+00
      54148   2256.141    443.000     4.1547   3.279573     4.1579   3.281211      95.72     0.0178     2.7965     2.4905  1.9536020  1.1416361   47.00330  -46.74122    34.8842    34.9002     4.1222     4.1254    27.6813    27.6937    6.11971    6.23474         21 0.0000e+00
      54172   2257.112    442.000     4.1557   3.279628     4.1577   3.281143      83.77     0.0176     2.7958     2.4905  1.9536020  1.1416361   47.00330  -46.74122    34.8843    34.9002     4.1233     4.1252    27.6813    27.6938    6.11220    6.23405         25 0.0000e+00
      54196   2258.141    441.000     4.1562   3.279624     4.1584   3.281159      48.65     0.0130     2.7956     2.4904  1.9527915  1.1434597   47.00331  -46.74124    34.8843    34.9001     4.1238     4.1260    27.6812    27.6936    6.11809    6.23538         24 0.0000e+00
      54221   2259.173    440.000     4.1555   3.279498     4.1543   3.280691      95.88     0.0103     2.7958     2.4908  1.9527107  1.1440696   47.00332  -46.74124    34.8841    34.8994     4.1232     4.1220    27.6811    27.6934    6.11908    6.23876         26 0.0000e+00
      54249   2260.343    439.000     4.1495   3.278866     4.1484   3.280018      28.56     0.0102     2.7962     2.4907  1.9545201  1.1445215   47.00332  -46.74124    34.8834    34.8982     4.1174     4.1163    27.6812    27.6931    6.13048    6.23458         30 0.0000e+00
      54277   2261.501    438.000     4.1467   3.278493     4.1433   3.279420      77.86     0.0123     2.7977     2.4913  1.9546728  1.1447955   47.00332  -46.74124    34.8826    34.8971     4.1146     4.1112    27.6808    27.6928    6.13888    6.25028         24 0.0000e+00
      54298   2262.379    437.000     4.1348   3.277185     4.1353   3.278557      96.65     0.0157     2.7986     2.4925  1.9535967  1.1440747   47.00332  -46.74122    34.8802    34.8959     4.1029     4.1034    27.6802    27.6926    6.14669    6.25807         19 0.0000e+00
      54315   2263.096    436.000     4.1224   3.275787     4.1266   3.277579      90.49     0.0182     2.8008     2.4935  1.9536020  1.1440781   47.00332  -46.74122    34.8774    34.8941     4.0905     4.0947    27.6792    27.6921    6.14982    6.26291         16 0.0000e+00
      54331   2263.771    435.000     4.1154   3.274985     4.1179   3.276604      15.92     0.0128     2.8003     2.4945  1.9540597  1.1440781   47.00332  -46.74122    34.8758    34.8923     4.0836     4.0861    27.6787    27.6916    6.14226    6.26416         16 0.0000e+00
      54348   2264.471    434.000     4.1125   3.274631     4.1141   3.276135      83.77     0.0094     2.8012     2.4952  1.9548136  1.1440781   47.00332  -46.74122    34.8751    34.8913     4.0809     4.0825    27.6785    27.6912    6.14469    6.25802         18 0.0000e+00
      54367   2265.240    433.000     4.1118   3.274499     4.1120   3.275854      96.17     0.0107     2.8017     2.4953  1.9548229  1.1440781   47.00332  -46.74122    34.8749    34.8908     4.0803     4.0804    27.6784    27.6910    6.14414    6.25058         19 0.0000e+00
      54386   2266.031    432.000     4.1115   3.274411     4.1113   3.275741      96.44     0.0106     2.8021     2.4952  1.9539350  1.1423656   47.00332  -46.74122    34.8747    34.8907     4.0800     4.0798    27.6783    27.6910    6.13787    6.25068         19 0.0000e+00
      54404   2266.788    431.000     4.1112   3.274348     4.1110   3.275668      16.19     0.0085     2.8021     2.4953  1.9536035  1.1416396   47.00332  -46.74122    34.8748    34.8907     4.0798     4.0796    27.6783    27.6910    6.14297    6.26016         17 0.0000e+00
      54422   2267.526    430.000     4.1110   3.274277     4.1108   3.275597      89.78     0.0069     2.8030     2.4966  1.9536703  1.1416361   47.00332  -46.74121    34.8747    34.8906     4.0797     4.0795    27.6783    27.6909    6.14873    6.26881         18 0.0000e+00
      54441   2268.319    429.000     4.1108   3.274219     4.1107   3.275547      96.37     0.0075     2.8033     2.4974  1.9548028  1.1416361   47.00332  -46.74120    34.8748    34.8906     4.0796     4.0794    27.6783    27.6910    6.14500    6.26252         21 0.0000e+00
      54467   2269.399    428.000     4.1106   3.274162     4.1105   3.275483      56.30     0.0113     2.8034     2.4977  1.9548229  1.1416361   47.00334  -46.74120    34.8748    34.8905     4.0795     4.0801    27.6784    27.6909    6.13659    6.25775         34 0.0000e+00
      54504   2270.951    427.000     4.1108   3.274133     4.1106   3.275440      73.96     0.0146     2.8037     2.4981  1.9548229  1.1415952   47.00334  -46.74118    34.8748    34.8905     4.0797     4.0794    27.6783    27.6909    6.14286    6.25892         32 0.0000e+00
      54527   2271.911    426.000     4.1110   3.274105     4.1108   3.275421      96.94     0.0157     2.8040     2.4985  1.9523443  1.1414990   47.00334  -46.74118    34.8748    34.8906     4.0800     4.0798    27.6783    27.6909    6.14161    6.25882         18 0.0000e+00
      54544   2272.608    425.000     4.1105   3.274008     4.1105   3.275336      37.14     0.0163     2.8042     2.4987  1.9503576  1.1413881   47.00334  -46.74118    34.8747    34.8904     4.0796     4.0795    27.6783    27.6908    6.13993    6.25997         15 0.0000e+00
      54558   2273.218    424.000     4.1112   3.274011     4.1108   3.275304      52.66     0.0153     2.8042     2.4993  1.9503447  1.1414746   47.00334  -46.74120    34.8745    34.8903     4.0804     4.0799    27.6780    27.6907    6.13812    6.25765         15 0.0000e+00
      54573   2273.818    423.000     4.1149   3.274324     4.1128   3.275447      96.79     0.0156     2.8042     2.4987  1.9529275  1.1410216   47.00334  -46.74120    34.8749    34.8904     4.0841     4.0820    27.6779    27.6905    6.13671    6.24991         14 0.0000e+00
      54588   2274.449    422.000     4.1180   3.274594     4.1168   3.275808      96.19     0.0147     2.8047     2.4988  1.9546255  1.1404039   47.00334  -46.74120    34.8754    34.8909     4.0872     4.0860    27.6780    27.6905    6.14036    6.24827         16 0.0000e+00
      54605   2275.185    421.000     4.1194   3.274694     4.1192   3.276016      83.89     0.0140     2.8051     2.4986  1.9543964  1.1404760   47.00334  -46.74120    34.8756    34.8913     4.0887     4.0886    27.6780    27.6906    6.14310    6.24547         20 0.0000e+00
      54628   2276.138    420.000     4.1188   3.274589     4.1193   3.275980      47.34     0.0111     2.8056     2.4982  1.9537479  1.1404157   47.00334  -46.74120    34.8754    34.8914     4.0882     4.0887    27.6779    27.6906    6.14075    6.24301         26 0.0000e+00
      54655   2277.245    419.000     4.1179   3.274451     4.1180   3.275796      97.21     0.0151     2.8057     2.4980  1.9535047  1.1404152   47.00336  -46.74120    34.8754    34.8911     4.0873     4.0875    27.6780    27.6905    6.13639    6.25063         26 0.0000e+00
      54678   2278.222    418.000     4.1149   3.274067     4.1094   3.274914      79.65     0.0168     2.8055     2.4988  1.9504184  1.1413589   47.00336  -46.74118    34.8746    34.8903     4.0844     4.0790    27.6777    27.6907    6.13137    6.25735         21 0.0000e+00
      54699   2279.075    417.000     4.0991   3.272396     4.0999   3.273846      34.47     0.0114     2.8054     2.4991  1.9502409  1.1413927   47.00336  -46.74118    34.8717    34.8883     4.0688     4.0696    27.6770    27.6901    6.13598    6.25919         20 0.0000e+00
      54719   2279.918    416.000     4.0922   3.271566     4.0946   3.273196      96.63     0.0137     2.8056     2.4998  1.9520351  1.1415200   47.00336  -46.74117    34.8700    34.8867     4.0620     4.0644    27.6764    27.6894    6.14301    6.25777         21 0.0000e+00
      54741   2280.831    415.000     4.0923   3.271514     4.0930   3.272934      96.55     0.0157     2.8061     2.4995  1.9535983  1.1413181   47.00336  -46.74116    34.8698    34.8859     4.0622     4.0629    27.6762    27.6889    6.14284    6.24454         23 0.0000e+00
      54766   2281.888    414.000     4.0940   3.271626     4.0933   3.272909      38.48     0.0166     2.8063     2.4989  1.9536020  1.1408162   47.00336  -46.74116    34.8699    34.8858     4.0640     4.0632    27.6761    27.6888    6.13250    6.24809         27 0.0000e+00
      54793   2282.999    413.000     4.0953   3.271680     4.0944   3.272949      98.65     0.0152     2.8054     2.4993  1.9536020  1.1401975   47.00336  -46.74118    34.8697    34.8856     4.0653     4.0644    27.6758    27.6885    6.13471    6.25496         25 0.0000e+00
      54815   2283.909    412.000     4.0962   3.271709     4.0957   3.273011      96.17     0.0148     2.8059     2.4996  1.9537877  1.1397370   47.00336  -46.74118    34.8695    34.8855     4.0663     4.0658    27.6756    27.6883    6.13835    6.25390         20 0.0000e+00
      54832   2284.632    411.000     4.0968   3.271686     4.0965   3.273013      31.39     0.0139     2.8060     2.4998  1.9538300  1.1392044   47.00336  -46.74118    34.8692    34.8852     4.0670     4.0667    27.6752    27.6880    6.14060    6.25352         16 0.0000e+00
      54848   2285.271    410.000     4.0972   3.271670     4.0970   3.272998      29.54     0.0129     2.8066     2.5002  1.9536018  1.1391941   47.00336  -46.74118    34.8691    34.8850     4.0675     4.0673    27.6751    27.6878    6.14724    6.25306         14 0.0000e+00
      54862   2285.875    409.000     4.0979   3.271689     4.0978   3.273016      96.54     0.0137     2.8071     2.5000  1.9525430  1.1391941   47.00336  -46.74118    34.8691    34.8849     4.0682     4.0681    27.6750    27.6876    6.15181    6.25834         15 0.0000e+00
      54877   2286.492    408.000     4.0983   3.271684     4.0982   3.273018      50.23     0.0127     2.8086     2.5013  1.9506148  1.1391941   47.00336  -46.74118    34.8691    34.8850     4.0687     4.0686    27.6750    27.6877    6.15670    6.26819         15 0.0000e+00
      54894   2287.194    407.000     4.0982   3.271628     4.0981   3.272952      50.98     0.0135     2.8092     2.5020  1.9507076  1.1391941   47.00336  -46.74118    34.8692    34.8850     4.0687     4.0685    27.6750    27.6876    6.15777    6.26884         19 0.0000e+00
      54919   2288.236    406.000     4.0977   3.271540     4.0971   3.272803      85.22     0.0117     2.8106     2.5033  1.9529661  1.1391941   47.00336  -46.74117    34.8692    34.8848     4.0682     4.0676    27.6751    27.6876    6.15246    6.27253         34 0.0000e+00
      54958   2289.869    405.000     4.0968   3.271395     4.0937   3.272410      50.47     0.0139     2.8118     2.5053  1.9536332  1.1391941   47.00336  -46.74116    34.8690    34.8842     4.0674     4.0643    27.6750    27.6875    6.15911    6.27278         36 0.0000e+00
      54986   2291.027    404.000     4.0916   3.270811     4.0917   3.272169      98.19     0.0137     2.8137     2.5062  1.9536020  1.1391941   47.00336  -46.74116    34.8680    34.8840     4.0623     4.0624    27.6748    27.6875    6.16736    6.28215         22 0.0000e+00
      55004   2291.802    403.000     4.0768   3.269248     4.0790   3.270808      96.55     0.0146     2.8144     2.5077  1.9536020  1.1391941   47.00336  -46.74116    34.8658    34.8819     4.0476     4.0498    27.6746    27.6872    6.17057    6.29421         17 0.0000e+00
      55020   2292.469    402.000     4.0721   3.268657     4.0723   3.270041      52.88     0.0113     2.8156     2.5089  1.9536020  1.1391941   47.00336  -46.74116    34.8643    34.8805     4.0430     4.0432    27.6739    27.6867    6.18174    6.29986         16 0.0000e+00
      55036   2293.126    401.000     4.0698   3.268355     4.0694   3.269694      42.07     0.0111     2.8172     2.5103  1.9536020  1.1391941   47.00336  -46.74116    34.8637    34.8799     4.0408     4.0404    27.6736    27.6865    6.18428    6.30245         16 0.0000e+00
      55053   2293.839    400.000     4.0648   3.267810     4.0648   3.269162      95.31     0.0150     2.8179     2.5115  1.9524741  1.1380663   47.00336  -46.74116    34.8630    34.8790     4.0359     4.0359    27.6736    27.6863    6.18503    6.30024         18 0.0000e+00
      55073   2294.655    399.000     4.0601   3.267279     4.0604   3.268630      96.54     0.0142     2.8198     2.5124  1.9512358  1.1368853   47.00336  -46.74116    34.8623    34.8780     4.0313     4.0316    27.6735    27.6859    6.19161    6.29815         21 0.0000e+00
      55094   2295.551    398.000     4.0540   3.266553     4.0557   3.268092      44.07     0.0119     2.8208     2.5132  1.9509416  1.1368084   47.00336  -46.74116    34.8607    34.8771     4.0252     4.0270    27.6729    27.6857    6.18296    6.29585         22 0.0000e+00
      55116   2296.442    397.000     4.0509   3.266184     4.0504   3.267478      75.72     0.0210     2.8218     2.5137  1.9500711  1.1367531   47.00336  -46.74116    34.8601    34.8759     4.0222     4.0218    27.6727    27.6853    6.18774    6.29700         21 0.0000e+00
