data/CTD/2013/CNV/U021A033.CNV
* Sea-Bird SBE 9 Data File:
* FileName = C:\CTD_ACQUISITION\2013021HUD\ctddata\021A033.hdr
* Software Version Seasave V 7.22.2
* Temperature SN = 5081
* Conductivity SN = 3561
* Number of Bytes Per Scan = 37
* Number of Voltage Words = 4
* Number of Scans Averaged by the Deck Unit = 1
* NMEA Latitude = 48 13.60 N
* NMEA Longitude = 046 27.66 W
* NMEA UTC (Time) = Jul 03 2013 09:29:10
* NMEA baud rate = 9600
** Ship: Hudson
** Cruise: HUD2013021
** Chief_Scientist: Greenan
** Organization: BIO
** Area_of_Operation: Sackville Spur
** Station: 33
** Sounding:  1150
** Event_Comments: SS13   393161
# nquan = 25
# nvalues = 982                         
# units = specified
# name 0 = scan: Scan Count
# name 1 = timeS: Time, Elapsed [seconds]
# name 2 = prDM: Pressure, Digiquartz [db]
# name 3 = t068C: Temperature [ITS-68, deg C]
# name 4 = c0S/m: Conductivity [S/m]
# name 5 = t168C: Temperature, 2 [ITS-68, deg C]
# name 6 = c1S/m: Conductivity, 2 [S/m]
# name 7 = altM: Altimeter [m]
# name 8 = flCUVA: Fluorescence, Chelsea UV Aquatracka [ug/l]
# name 9 = sbeox0V: Oxygen raw, SBE 43 [V]
# name 10 = sbeox1V: Oxygen raw, SBE 43, 2 [V]
# name 11 = upoly0: Upoly 0, Optode 4330F - O2 D-Phase
# name 12 = upoly1: Upoly 1, Optode 4330F - O2 Temp
# name 13 = latitude: Latitude [deg]
# name 14 = longitude: Longitude [deg]
# name 15 = sal00: Salinity, Practical [PSU]
# name 16 = sal11: Salinity, Practical, 2 [PSU]
# name 17 = potemp068C: Potential Temperature [ITS-68, deg C]
# name 18 = potemp168C: Potential Temperature, 2 [ITS-68, deg C]
# name 19 = sigma-é00: Density [sigma-theta, Kg/m^3]
# name 20 = sigma-é11: Density, 2 [sigma-theta, Kg/m^3]
# name 21 = sbeox0ML/L: Oxygen, SBE 43 [ml/l], WS = 2
# name 22 = sbeox1ML/L: Oxygen, SBE 43, 2 [ml/l], WS = 2
# name 23 = nbin: number of scans per bin
# name 24 = flag: flag
# span 0 =      34383,      61040       
# span 1 =   1432.588,   2543.312       
# span 2 =      1.000,    982.000       
# span 3 =    -0.2051,     5.5051       
# span 4 =   2.762027,   3.272556       
# span 5 =    -0.2044,     5.5054       
# span 6 =   2.763585,   3.273901       
# span 7 =     -12.13,      99.90       
# span 8 =     0.0052,     0.1086       
# span 9 =     2.5953,     3.4241       
# span 10 =     2.3342,     3.0714      
# span 11 =  1.7396194,  2.0055459      
# span 12 =  0.6259456,  1.3137414      
# span 13 =   48.21666,   48.22097      
# span 14 =  -46.45955,  -46.45796      
# span 15 =    32.5610,    34.9050      
# span 16 =    32.6002,    34.9214      
# span 17 =    -0.2064,     5.5050      
# span 18 =    -0.2057,     5.5053      
# span 19 =    25.6848,    27.7398      
# span 20 =    25.7159,    27.7529      
# span 21 =    6.00207,    8.65322      
# span 22 =    6.20844,    8.79164      
# span 23 =         10,        542      
# span 24 = 0.0000e+00, 0.0000e+00      
# interval = decibars: 1                
# start_time = Jul 03 2013 09:29:10 [NMEA time, header]
# bad_flag = -9.990e-29
*END*
[from data line 812]
      55671   2319.582    170.000     2.9145   3.127203     2.9143   3.128558      95.04     0.0209     2.8929     2.5786  1.9584368  0.9990491   48.21760  -46.45910    34.5219    34.5386     2.9042     2.9040    27.5122    27.5255    6.39070    6.51135         23 0.0000e+00
      55719   2321.578    169.000     2.9171   3.127506     2.9158   3.128706      95.95     0.0218     2.8909     2.5776  1.9565517  0.9966492   48.21758  -46.45910    34.5234    34.5395     2.9068     2.9055    27.5132    27.5261    6.37823    6.49344         70 0.0000e+00
      55771   2323.736    168.000     2.9152   3.127231     2.9181   3.128911      96.34     0.0219     2.8874     2.5758  1.9597573  0.9937754   48.21758  -46.45910    34.5226    34.5400     2.9050     2.9079    27.5127    27.5263    6.36176    6.49295         30 0.0000e+00
      55797   2324.850    167.000     2.9150   3.127135     2.9125   3.128156      96.30     0.0235     2.8860     2.5760  1.9596198  0.9938950   48.21758  -46.45910    34.5222    34.5375     2.9049     2.9024    27.5124    27.5248    6.37524    6.50260         28 0.0000e+00
      55827   2326.076    166.000     2.8986   3.125230     2.9041   3.127130      77.32     0.0248     2.8872     2.5768  1.9596672  0.9938950   48.21758  -46.45911    34.5170    34.5344     2.8886     2.8941    27.5097    27.5231    6.40311    6.51297         31 0.0000e+00
      55856   2327.298    165.000     2.8859   3.123716     2.8937   3.125935      88.97     0.0241     2.8895     2.5782  1.9585067  0.9938950   48.21760  -46.45912    34.5127    34.5315     2.8760     2.8837    27.5074    27.5217    6.40596    6.51573         26 0.0000e+00
      55878   2328.197    164.000     2.8769   3.122531     2.8801   3.124342      96.52     0.0192     2.8900     2.5783  1.9584844  0.9938950   48.21760  -46.45912    34.5084    34.5271     2.8670     2.8703    27.5048    27.5194    6.39267    6.50459         17 0.0000e+00
      55893   2328.850    163.000     2.8587   3.120396     2.8678   3.122825      96.22     0.0198     2.8894     2.5780  1.9594043  0.9938115   48.21759  -46.45912    34.5023    34.5224     2.8489     2.8579    27.5015    27.5167    6.38477    6.49908         15 0.0000e+00
      55907   2329.418    162.000     2.8423   3.118464     2.8487   3.120640      95.75     0.0201     2.8893     2.5773  1.9597076  0.9936128   48.21758  -46.45912    34.4968    34.5166     2.8326     2.8390    27.4986    27.5138    6.38553    6.50539         13 0.0000e+00
      55920   2329.975    161.000     2.8293   3.116961     2.8336   3.118837      95.87     0.0208     2.8882     2.5774  1.9597069  0.9937197   48.21758  -46.45912    34.4929    34.5113     2.8197     2.8240    27.4966    27.5109    6.38857    6.51957         14 0.0000e+00
      55935   2330.600    160.000     2.8181   3.115612     2.8184   3.117027      96.11     0.0220     2.8882     2.5782  1.9610877  0.9920933   48.21758  -46.45912    34.4890    34.5060     2.8085     2.8088    27.4945    27.5081    6.40569    6.53043         17 0.0000e+00
      55967   2331.896    159.000     2.8164   3.115417     2.8137   3.116445      96.23     0.0235     2.8905     2.5803  1.9629269  0.9893452   48.21758  -46.45912    34.4890    34.5044     2.8069     2.8042    27.4946    27.5072    6.42461    6.54418         57 0.0000e+00
      56024   2334.277    158.000     2.8355   3.117564     2.8310   3.118406      42.97     0.0251     2.8955     2.5833  1.9633788  0.9849188   48.21758  -46.45912    34.4953    34.5104     2.8261     2.8219    27.4980    27.5104    6.42279    6.52764         32 0.0000e+00
      56042   2335.036    157.000     2.8218   3.115901     2.8008   3.114935      95.12     0.0222     2.8948     2.5830  1.9639124  0.9817827   48.21758  -46.45912    34.4902    34.5009     2.8124     2.7915    27.4951    27.5055    6.40864    6.53457         16 0.0000e+00
      56057   2335.655    156.000     2.7894   3.112157     2.7763   3.112040      96.36     0.0243     2.8948     2.5830  1.9638931  0.9816828   48.21758  -46.45912    34.4797    34.4923     2.7801     2.7670    27.4895    27.5008    6.41715    6.54485         14 0.0000e+00
      56072   2336.272    155.000     2.7500   3.107543     2.7441   3.108226      96.36     0.0236     2.8951     2.5840  1.9635985  0.9816850   48.21758  -46.45912    34.4658    34.4806     2.7409     2.7349    27.4819    27.4943    6.42411    6.54942         16 0.0000e+00
      56092   2337.105    154.000     2.7287   3.105089     2.7286   3.106433      88.46     0.0235     2.8950     2.5838  1.9643829  0.9813674   48.21758  -46.45912    34.4591    34.4757     2.7196     2.7196    27.4785    27.4917    6.43467    6.55065         28 0.0000e+00
      56149   2339.511    153.000     2.7351   3.105737     2.7451   3.108237      98.81     0.0225     2.8956     2.5851  1.9646013  0.9777766   48.21758  -46.45912    34.4608    34.4807     2.7261     2.7360    27.4792    27.4943    6.43192    6.55128         59 0.0000e+00
      56177   2340.651    152.000     2.7367   3.105848     2.7317   3.106717      95.84     0.0226     2.8964     2.5851  1.9646667  0.9753771   48.21756  -46.45912    34.4610    34.4770     2.7277     2.7228    27.4793    27.4924    6.44015    6.54271         17 0.0000e+00
      56191   2341.244    151.000     2.7240   3.104348     2.7169   3.104937      95.67     0.0234     2.8979     2.5846  1.9646785  0.9726385   48.21756  -46.45912    34.4567    34.4716     2.7151     2.7080    27.4770    27.4895    6.44757    6.54557         14 0.0000e+00
      56204   2341.791    150.000     2.7044   3.102055     2.7008   3.103061      95.60     0.0222     2.8977     2.5850  1.9647785  0.9729496   48.21756  -46.45912    34.4502    34.4664     2.6956     2.6920    27.4734    27.4867    6.44363    6.54919         13 0.0000e+00
      56217   2342.335    149.000     2.6911   3.100482     2.6887   3.101597      95.67     0.0247     2.8976     2.5846  1.9646845  0.9731386   48.21756  -46.45912    34.4456    34.4620     2.6824     2.6800    27.4709    27.4842    6.44131    6.54773         13 0.0000e+00
      56231   2342.929    148.000     2.6812   3.099273     2.6782   3.100330      95.63     0.0271     2.8984     2.5845  1.9653445  0.9727618   48.21756  -46.45912    34.4420    34.4582     2.6725     2.6695    27.4689    27.4821    6.44486    6.55046         16 0.0000e+00
      56249   2343.659    147.000     2.6758   3.098604     2.6729   3.099635      95.75     0.0274     2.8980     2.5844  1.9655596  0.9723013   48.21756  -46.45912    34.4401    34.4559     2.6672     2.6643    27.4679    27.4807    6.44302    6.55379         20 0.0000e+00
      56280   2344.973    146.000     2.6769   3.098712     2.6721   3.099520      78.96     0.0286     2.8982     2.5850  1.9649312  0.9705104   48.21756  -46.45912    34.4408    34.4559     2.6683     2.6635    27.4683    27.4808    6.44262    6.56312         47 0.0000e+00
      56331   2347.101    145.000     2.6776   3.098789     2.6781   3.100216      97.56     0.0232     2.8996     2.5873  1.9645725  0.9677352   48.21756  -46.45912    34.4415    34.4585     2.6692     2.6697    27.4688    27.4824    6.45784    6.57631         44 0.0000e+00
      56364   2348.473    144.000     2.6783   3.098763     2.6740   3.099639      96.31     0.0260     2.9012     2.5892  1.9645909  0.9664413   48.21756  -46.45914    34.4411    34.4564     2.6699     2.6656    27.4684    27.4810    6.46572    6.58012         25 0.0000e+00
      56385   2349.348    143.000     2.6622   3.096879     2.6583   3.097764      96.30     0.0232     2.9027     2.5901  1.9651788  0.9645595   48.21756  -46.45914    34.4357    34.4508     2.6539     2.6500    27.4655    27.4779    6.47104    6.58507         19 0.0000e+00
      56403   2350.075    142.000     2.6459   3.094882     2.6436   3.095999      96.39     0.0222     2.9038     2.5911  1.9651656  0.9645910   48.21756  -46.45914    34.4292    34.4454     2.6377     2.6353    27.4617    27.4749    6.47471    6.58776         17 0.0000e+00
      56419   2350.750    141.000     2.6328   3.093323     2.6327   3.094717      96.40     0.0229     2.9045     2.5916  1.9653234  0.9645910   48.21756  -46.45914    34.4247    34.4419     2.6246     2.6245    27.4592    27.4730    6.47819    6.58274         15 0.0000e+00
      56435   2351.414    140.000     2.6252   3.092412     2.6257   3.093817      96.39     0.0204     2.9052     2.5916  1.9649516  0.9645910   48.21756  -46.45914    34.4221    34.4389     2.6171     2.6176    27.4578    27.4712    6.47759    6.57291         17 0.0000e+00
      56452   2352.125    139.000     2.6206   3.091836     2.6202   3.093138      96.39     0.0200     2.9059     2.5910  1.9654582  0.9645910   48.21754  -46.45914    34.4205    34.4369     2.6126     2.6122    27.4569    27.4701    6.47423    6.56977         18 0.0000e+00
      56472   2352.949    138.000     2.6164   3.091346     2.6164   3.092663      96.39     0.0223     2.9060     2.5909  1.9647162  0.9633269   48.21754  -46.45914    34.4194    34.4358     2.6084     2.6084    27.4564    27.4695    6.46934    6.57773         21 0.0000e+00
      56495   2353.920    137.000     2.6139   3.091014     2.6134   3.092280      96.40     0.0240     2.9064     2.5913  1.9645905  0.9629292   48.21754  -46.45914    34.4187    34.4349     2.6060     2.6054    27.4560    27.4690    6.48078    6.58666         25 0.0000e+00
      56520   2354.948    136.000     2.6116   3.090682     2.6093   3.091762      96.40     0.0222     2.9080     2.5923  1.9642043  0.9612872   48.21754  -46.45914    34.4176    34.4335     2.6038     2.6014    27.4554    27.4682    6.49124    6.59331         25 0.0000e+00
      56547   2356.065    135.000     2.6119   3.090682     2.6071   3.091464      96.21     0.0226     2.9093     2.5934  1.9639093  0.9608610   48.21754  -46.45914    34.4178    34.4327     2.6042     2.5993    27.4555    27.4678    6.48611    6.59409         30 0.0000e+00
      56590   2357.870    134.000     2.6118   3.090603     2.6024   3.090868      95.53     0.0244     2.9105     2.5945  1.9649818  0.9608121   48.21754  -46.45914    34.4176    34.4310     2.6041     2.5946    27.4553    27.4669    6.49145    6.60137         53 0.0000e+00
      56630   2359.522    133.000     2.6012   3.089365     2.6023   3.090799      95.65     0.0247     2.9129     2.5982  1.9645716  0.9596490   48.21754  -46.45914    34.4143    34.4308     2.5935     2.5947    27.4536    27.4667    6.50616    6.64847         24 0.0000e+00
      56648   2360.306    132.000     2.5917   3.088238     2.5947   3.089899      95.31     0.0210     2.9143     2.6020  1.9645909  0.9597070   48.21752  -46.45916    34.4112    34.4284     2.5841     2.5871    27.4519    27.4654    6.51917    6.67150         17 0.0000e+00
      56664   2360.940    131.000     2.5860   3.087556     2.5874   3.089049      95.09     0.0203     2.9160     2.6048  1.9646784  0.9585690   48.21752  -46.45916    34.4094    34.4263     2.5785     2.5799    27.4510    27.4644    6.53358    6.67633         14 0.0000e+00
      56678   2361.526    130.000     2.5826   3.087077     2.5822   3.088403      95.61     0.0235     2.9181     2.6073  1.9645902  0.9584852   48.21752  -46.45916    34.4078    34.4245     2.5751     2.5748    27.4500    27.4634    6.53614    6.67343         14 0.0000e+00
      56692   2362.122    129.000     2.5793   3.086651     2.5789   3.087990      95.02     0.0261     2.9196     2.6092  1.9647529  0.9584860   48.21752  -46.45916    34.4066    34.4235     2.5719     2.5715    27.4493    27.4628    6.53487    6.66477         15 0.0000e+00
      56707   2362.765    128.000     2.5730   3.085931     2.5750   3.087487      94.98     0.0285     2.9207     2.6103  1.9648948  0.9562939   48.21752  -46.45916    34.4051    34.4221     2.5656     2.5677    27.4486    27.4621    6.54046    6.65252         16 0.0000e+00
      56726   2363.526    127.000     2.5490   3.083323     2.5525   3.084759      95.50     0.0295     2.9231     2.6108  1.9659640  0.9548528   48.21752  -46.45916    34.3993    34.4132     2.5417     2.5452    27.4460    27.4568    6.55921    6.65343         21 0.0000e+00
      56750   2364.547    126.000     2.5509   3.083291     2.5140   3.080295      95.49     0.0273     2.9261     2.6120  1.9654522  0.9543759   48.21750  -46.45916    34.3973    34.4001     2.5437     2.5068    27.4443    27.4496    6.56098    6.66961         29 0.0000e+00
      56782   2365.895    125.000     2.5035   3.077985     2.4823   3.076635      95.40     0.0254     2.9294     2.6137  1.9645911  0.9536022   48.21750  -46.45916    34.3833    34.3894     2.4965     2.4753    27.4371    27.4438    6.56560    6.67186         34 0.0000e+00
      56815   2367.254    124.000     2.4929   3.076312     2.4678   3.074844      94.96     0.0193     2.9307     2.6139  1.9645909  0.9516953   48.21750  -46.45916    34.3746    34.3834     2.4859     2.4609    27.4310    27.4402    6.55571    6.66426         30 0.0000e+00
      56844   2368.439    123.000     2.4333   3.069286     2.4198   3.069336      95.21     0.0212     2.9304     2.6138  1.9642684  0.9515178   48.21750  -46.45916    34.3523    34.3675     2.4264     2.4129    27.4182    27.4315    6.55377    6.66796         27 0.0000e+00
      56869   2369.512    122.000     2.3781   3.062800     2.3717   3.063528      95.77     0.0265     2.9295     2.6128  1.9633600  0.9511560   48.21750  -46.45916    34.3319    34.3478     2.3714     2.3649    27.4065    27.4198    6.56688    6.67162         25 0.0000e+00
      56893   2370.496    121.000     2.3411   3.058445     2.3381   3.059472      95.96     0.0258     2.9299     2.6129  1.9637088  0.9493532   48.21750  -46.45918    34.3183    34.3343     2.3344     2.3314    27.3987    27.4117    6.57886    6.68692         22 0.0000e+00
      56914   2371.393    120.000     2.3083   3.054379     2.3091   3.056019      95.38     0.0206     2.9301     2.6129  1.9646083  0.9440213   48.21750  -46.45918    34.3036    34.3232     2.3017     2.3025    27.3896    27.4052    6.58783    6.69013         21 0.0000e+00
      56934   2372.226    119.000     2.2805   3.051095     2.2791   3.052475      95.95     0.0202     2.9301     2.6128  1.9645909  0.9443529   48.21748  -46.45918    34.2933    34.3120     2.2740     2.2726    27.3836    27.3987    6.58333    6.69380         19 0.0000e+00
      56953   2372.993    118.000     2.2502   3.047720     2.2464   3.048693      96.30     0.0248     2.9297     2.6129  1.9645909  0.9373342   48.21748  -46.45918    34.2846    34.3007     2.2437     2.2400    27.3791    27.3923    6.58043    6.69859         18 0.0000e+00
      56971   2373.729    117.000     2.2250   3.044750     2.2210   3.045676      96.43     0.0277     2.9290     2.6126  1.9645909  0.9365078   48.21747  -46.45918    34.2753    34.2911     2.2187     2.2147    27.3737    27.3867    6.57178    6.69833         18 0.0000e+00
      56989   2374.513    116.000     2.2086   3.042847     2.2065   3.043948      96.26     0.0282     2.9268     2.6123  1.9642282  0.9347544   48.21746  -46.45918    34.2698    34.2858     2.2023     2.2002    27.3706    27.3836    6.56581    6.69704         20 0.0000e+00
      57014   2375.549    115.000     2.2010   3.041953     2.1937   3.042489      96.38     0.0248     2.9257     2.6114  1.9634137  0.9304797   48.21746  -46.45918    34.2674    34.2819     2.1948     2.1876    27.3693    27.3815    6.57686    6.68766         32 0.0000e+00
      57055   2377.229    114.000     2.1914   3.040836     2.1781   3.040827      96.38     0.0213     2.9247     2.6088  1.9643506  0.9244354   48.21746  -46.45918    34.2645    34.2786     2.1852     2.1720    27.3677    27.3801    6.57791    6.67729         42 0.0000e+00
