data/CTD/2013/CNV/U021A057.CNV
* Sea-Bird SBE 9 Data File:
* FileName = C:\CTD_ACQUISITION\2013021HUD\ctddata\021A057.hdr
* Software Version Seasave V 7.22.2
* Temperature SN = 5081
* Conductivity SN = 3561
* Number of Bytes Per Scan = 37
* Number of Voltage Words = 4
* Number of Scans Averaged by the Deck Unit = 1
* NMEA Latitude = 48 32.47 N
* NMEA Longitude = 045 23.87 W
* NMEA UTC (Time) = Jul 05 2013 10:27:43
* NMEA baud rate = 9600
** Ship: Hudson
** Cruise: HUD2013021
** Chief_Scientist: Greenan
** Organization: BIO
** Area_of_Operation: Sackville Spur
** Station: 57
** Sounding:  858
** Event_Comments: SS20  393223
# nquan = 25
# nvalues = 861                         
# units = specified
# name 0 = scan: Scan Count
# name 1 = timeS: Time, Elapsed [seconds]
# name 2 = prDM: Pressure, Digiquartz [db]
# name 3 = t068C: Temperature [ITS-68, deg C]
# name 4 = c0S/m: Conductivity [S/m]
# name 5 = t168C: Temperature, 2 [ITS-68, deg C]
# name 6 = c1S/m: Conductivity, 2 [S/m]
# name 7 = altM: Altimeter [m]
# name 8 = flCUVA: Fluorescence, Chelsea UV Aquatracka [ug/l]
# name 9 = sbeox0V: Oxygen raw, SBE 43 [V]
# name 10 = sbeox1V: Oxygen raw, SBE 43, 2 [V]
# name 11 = upoly0: Upoly 0, Optode 4330F - O2 D-Phase
# name 12 = upoly1: Upoly 1, Optode 4330F - O2 Temp
# name 13 = latitude: Latitude [deg]
# name 14 = longitude: Longitude [deg]
# name 15 = sal00: Salinity, Practical [PSU]
# name 16 = sal11: Salinity, Practical, 2 [PSU]
# name 17 = potemp068C: Potential Temperature [ITS-68, deg C]
# name 18 = potemp168C: Potential Temperature, 2 [ITS-68, deg C]
# name 19 = sigma-é00: Density [sigma-theta, Kg/m^3]
# name 20 = sigma-é11: Density, 2 [sigma-theta, Kg/m^3]
# name 21 = sbeox0ML/L: Oxygen, SBE 43 [ml/l], WS = 2
# name 22 = sbeox1ML/L: Oxygen, SBE 43, 2 [ml/l], WS = 2
# name 23 = nbin: number of scans per bin
# name 24 = flag: flag
# span 0 =      30158,      51957       
# span 1 =   1256.525,   2164.822       
# span 2 =      1.000,    861.000       
# span 3 =     2.6154,     6.5565       
# span 4 =   3.045319,   3.335468       
# span 5 =     2.6137,     6.5555       
# span 6 =   3.046233,   3.336717       
# span 7 =       5.25,      97.44       
# span 8 =     0.0059,     0.5660       
# span 9 =     2.5864,     3.3967       
# span 10 =     2.3138,     3.0123      
# span 11 =  1.7075679,  2.0280542      
# span 12 =  0.9609280,  1.4425625      
# span 13 =   48.53930,   48.53990      
# span 14 =  -45.39714,  -45.39670      
# span 15 =    33.2810,    34.9129      
# span 16 =    33.2217,    34.9291      
# span 17 =     2.6110,     6.5562      
# span 18 =     2.6093,     6.5553      
# span 19 =    26.1458,    27.7545      
# span 20 =    26.1575,    27.7672      
# span 21 =    5.90271,    8.06003      
# span 22 =    6.06361,    8.03541      
# span 23 =         13,        871      
# span 24 = 0.0000e+00, 0.0000e+00      
# interval = decibars: 1                
# start_time = Jul 05 2013 10:27:43 [NMEA time, header]
# bad_flag = -9.990e-29
*END*
[from data line 406]
      40710   1696.213    455.000     4.2266   3.288076     4.2239   3.289203      80.46     0.0112     2.7810     2.4678  1.9620519  1.1575592   48.53966  -45.39708    34.9019    34.9183     4.1929     4.1902    27.6879    27.7012    6.08842    6.18159         26 0.0000e+00
      40740   1697.439    454.000     4.2224   3.287537     4.2198   3.288693      91.64     0.0136     2.7815     2.4692  1.9611943  1.1575092   48.53966  -45.39710    34.9008    34.9172     4.1888     4.1862    27.6874    27.7008    6.07512    6.17432         32 0.0000e+00
      40768   1698.619    453.000     4.2196   3.287188     4.2175   3.288418      95.51     0.0141     2.7815     2.4690  1.9619032  1.1572002   48.53966  -45.39710    34.9003    34.9168     4.1861     4.1841    27.6873    27.7006    6.08328    6.16096         24 0.0000e+00
      40789   1699.496    452.000     4.2170   3.286886     4.2160   3.288191      69.64     0.0112     2.7821     2.4688  1.9636834  1.1563561   48.53966  -45.39710    34.8998    34.9163     4.1837     4.1826    27.6872    27.7004    6.08385    6.16270         19 0.0000e+00
      40807   1700.236    451.000     4.2163   3.286730     4.2159   3.288083      62.26     0.0096     2.7824     2.4688  1.9635170  1.1562893   48.53966  -45.39710    34.8993    34.9157     4.1830     4.1825    27.6869    27.7000    6.08947    6.15885         17 0.0000e+00
      40824   1700.974    450.000     4.2164   3.286682     4.2160   3.288040      95.31     0.0106     2.7836     2.4684  1.9620910  1.1562881   48.53966  -45.39710    34.8992    34.9157     4.1831     4.1827    27.6867    27.6999    6.09071    6.15392         18 0.0000e+00
      40846   1701.883    449.000     4.2166   3.286660     4.2162   3.288023      89.28     0.0130     2.7835     2.4677  1.9612746  1.1562881   48.53966  -45.39710    34.8992    34.9157     4.1834     4.1831    27.6868    27.6999    6.08159    6.15638         27 0.0000e+00
      40883   1703.428    448.000     4.2163   3.286598     4.2163   3.287978      88.79     0.0130     2.7841     2.4681  1.9611442  1.1553038   48.53964  -45.39710    34.8993    34.9157     4.1833     4.1832    27.6868    27.6998    6.08192    6.16304         45 0.0000e+00
      40919   1704.934    447.000     4.2165   3.286545     4.2161   3.287924      95.16     0.0118     2.7835     2.4684  1.9616305  1.1543968   48.53964  -45.39710    34.8991    34.9157     4.1835     4.1831    27.6866    27.6999    6.06949    6.16637         25 0.0000e+00
      40939   1705.748    446.000     4.2162   3.286463     4.2157   3.287827      95.56     0.0139     2.7830     2.4693  1.9621480  1.1538472   48.53965  -45.39710    34.8990    34.9155     4.1832     4.1828    27.6866    27.6998    6.07238    6.17750         17 0.0000e+00
      40954   1706.392    445.000     4.2157   3.286361     4.2152   3.287716      71.55     0.0102     2.7832     2.4702  1.9621489  1.1538461   48.53966  -45.39710    34.8987    34.9153     4.1829     4.1823    27.6864    27.6996    6.08020    6.17899         14 0.0000e+00
      40968   1706.971    444.000     4.2152   3.286262     4.2146   3.287607      84.51     0.0133     2.7833     2.4709  1.9614608  1.1547062   48.53966  -45.39710    34.8986    34.9151     4.1825     4.1818    27.6864    27.6996    6.08396    6.17531         14 0.0000e+00
      40982   1707.548    443.000     4.2149   3.286178     4.2144   3.287530      95.29     0.0137     2.7840     2.4711  1.9613661  1.1545480   48.53966  -45.39710    34.8985    34.9150     4.1822     4.1817    27.6863    27.6995    6.09130    6.17216         14 0.0000e+00
      40998   1708.191    442.000     4.2147   3.286111     4.2142   3.287454      95.12     0.0146     2.7848     2.4714  1.9613590  1.1548433   48.53964  -45.39712    34.8985    34.9149     4.1821     4.1815    27.6863    27.6994    6.09051    6.17390         17 0.0000e+00
      41018   1709.022    441.000     4.2146   3.286059     4.2142   3.287412      85.43     0.0108     2.7858     2.4721  1.9611422  1.1542813   48.53964  -45.39712    34.8985    34.9149     4.1821     4.1827    27.6863    27.6994    6.09316    6.17323         24 0.0000e+00
      41048   1710.275    440.000     4.2145   3.286011     4.2142   3.287372      88.30     0.0094     2.7866     2.4728  1.9609996  1.1544023   48.53964  -45.39712    34.8985    34.9149     4.1821     4.1818    27.6863    27.6994    6.08497    6.17779         35 0.0000e+00
      41084   1711.788    439.000     4.2149   3.286002     4.2145   3.287344      87.56     0.0113     2.7867     2.4736  1.9590740  1.1538396   48.53964  -45.39710    34.8985    34.9148     4.1825     4.1821    27.6863    27.6993    6.07986    6.17024         36 0.0000e+00
      41120   1713.294    438.000     4.2156   3.286023     4.2175   3.287555      85.04     0.0129     2.7862     2.4734  1.9602638  1.1537025   48.53964  -45.39710    34.8986    34.9146     4.1832     4.1852    27.6863    27.6988    6.07528    6.16247         35 0.0000e+00
      41150   1714.557    437.000     4.2247   3.286879     4.2315   3.288817      95.57     0.0095     2.7860     2.4724  1.9604491  1.1538014   48.53964  -45.39712    34.8995    34.9153     4.1925     4.1992    27.6860    27.6978    6.07373    6.15223         25 0.0000e+00
      41172   1715.448    436.000     4.2361   3.287990     4.2392   3.289599      69.48     0.0171     2.7861     2.4721  1.9596815  1.1538478   48.53964  -45.39712    34.9009    34.9169     4.2039     4.2069    27.6859    27.6983    6.08233    6.16319         19 0.0000e+00
      41189   1716.165    435.000     4.2396   3.288285     4.2395   3.289635      92.33     0.0195     2.7868     2.4727  1.9597069  1.1538461   48.53964  -45.39712    34.9014    34.9175     4.2075     4.2073    27.6859    27.6988    6.08183    6.17264         16 0.0000e+00
      41205   1716.815    434.000     4.2385   3.288109     4.2371   3.289374      94.86     0.0151     2.7873     2.4736  1.9594007  1.1538461   48.53964  -45.39712    34.9011    34.9174     4.2064     4.2050    27.6857    27.6989    6.07667    6.17514         16 0.0000e+00
      41220   1717.470    433.000     4.2313   3.287304     4.2276   3.288416      93.65     0.0125     2.7868     2.4740  1.9590255  1.1538461   48.53964  -45.39712    34.8997    34.9167     4.1994     4.1956    27.6854    27.6994    6.07808    6.17434         16 0.0000e+00
      41238   1718.214    432.000     4.2206   3.286170     4.2184   3.287387      78.27     0.0115     2.7878     2.4747  1.9589155  1.1538461   48.53962  -45.39712    34.8982    34.9149     4.1887     4.1865    27.6854    27.6989    6.08302    6.17737         20 0.0000e+00
      41262   1719.196    431.000     4.2170   3.285740     4.2153   3.286959      86.69     0.0145     2.7876     2.4752  1.9607776  1.1548164   48.53962  -45.39712    34.8975    34.9136     4.1852     4.1835    27.6852    27.6982    6.08048    6.17233         28 0.0000e+00
      41291   1720.402    430.000     4.2171   3.285693     4.2151   3.286867      46.94     0.0168     2.7887     2.4757  1.9613670  1.1550684   48.53962  -45.39712    34.8973    34.9133     4.1854     4.1834    27.6850    27.6979    6.09095    6.17242         28 0.0000e+00
      41316   1721.471    429.000     4.2168   3.285592     4.2150   3.286801      71.34     0.0143     2.7897     2.4758  1.9610840  1.1550672   48.53962  -45.39712    34.8970    34.9132     4.1851     4.1834    27.6848    27.6978    6.09507    6.16951         23 0.0000e+00
      41339   1722.415    428.000     4.2160   3.285476     4.2155   3.286781      95.56     0.0182     2.7906     2.4758  1.9610872  1.1550672   48.53960  -45.39712    34.8969    34.9130     4.1845     4.1839    27.6848    27.6976    6.08344    6.16828         23 0.0000e+00
      41363   1723.435    427.000     4.2218   3.285988     4.2226   3.287418      90.58     0.0185     2.7901     2.4759  1.9597383  1.1550672   48.53960  -45.39712    34.8974    34.9135     4.1903     4.1911    27.6846    27.6973    6.08381    6.16465         27 0.0000e+00
      41395   1724.745    426.000     4.2282   3.286567     4.2304   3.288145      78.98     0.0116     2.7903     2.4756  1.9597069  1.1545340   48.53960  -45.39712    34.8980    34.9143     4.1968     4.1990    27.6843    27.6971    6.06822    6.16301         33 0.0000e+00
      41423   1725.934    425.000     4.2328   3.286983     4.2345   3.288487      96.08     0.0085     2.7892     2.4760  1.9597069  1.1538233   48.53960  -45.39712    34.8986    34.9146     4.2014     4.2031    27.6844    27.6968    6.07276    6.17099         24 0.0000e+00
      41444   1726.775    424.000     4.2377   3.287426     4.2409   3.289059      95.56     0.0109     2.7890     2.4768  1.9597069  1.1542553   48.53960  -45.39712    34.8992    34.9150     4.2064     4.2096    27.6843    27.6965    6.06975    6.17258         18 0.0000e+00
      41460   1727.476    423.000     4.2428   3.287885     4.2438   3.289323      65.87     0.0135     2.7891     2.4771  1.9597069  1.1550634   48.53960  -45.39712    34.8997    34.9157     4.2116     4.2125    27.6841    27.6967    6.07791    6.16635         16 0.0000e+00
      41476   1728.133    422.000     4.2445   3.288002     4.2441   3.289331      90.68     0.0123     2.7897     2.4771  1.9597069  1.1550672   48.53960  -45.39714    34.8998    34.9159     4.2133     4.2129    27.6840    27.6968    6.07849    6.16309         16 0.0000e+00
      41493   1728.835    421.000     4.2450   3.288004     4.2447   3.289341      95.42     0.0137     2.7901     2.4771  1.9597069  1.1550672   48.53960  -45.39713    34.8999    34.9160     4.2139     4.2136    27.6840    27.6968    6.07590    6.16215         18 0.0000e+00
      41514   1729.703    420.000     4.2458   3.288046     4.2457   3.289406      95.53     0.0113     2.7902     2.4772  1.9597069  1.1550672   48.53960  -45.39712    34.9001    34.9162     4.2147     4.2147    27.6841    27.6969    6.07157    6.15796         24 0.0000e+00
      41543   1730.911    419.000     4.2464   3.288055     4.2459   3.289376      59.34     0.0158     2.7902     2.4765  1.9607382  1.1557301   48.53959  -45.39712    34.9000    34.9161     4.2155     4.2149    27.6839    27.6968    6.06808    6.15337         33 0.0000e+00
      41575   1732.235    418.000     4.2482   3.288141     4.2482   3.289523      96.31     0.0206     2.7898     2.4764  1.9613187  1.1562998   48.53958  -45.39712    34.8997    34.9160     4.2173     4.2173    27.6835    27.6964    6.06167    6.15396         29 0.0000e+00
      41602   1733.367    417.000     4.2488   3.288165     4.2532   3.289929      73.89     0.0175     2.7892     2.4761  1.9596084  1.1562881   48.53958  -45.39712    34.8998    34.9160     4.2180     4.2224    27.6835    27.6959    6.06888    6.15126         25 0.0000e+00
      41625   1734.321    416.000     4.2571   3.288955     4.2608   3.290609      94.21     0.0150     2.7901     2.4761  1.9597074  1.1562881   48.53958  -45.39712    34.9009    34.9165     4.2264     4.2300    27.6835    27.6955    6.07718    6.15436         22 0.0000e+00
      41646   1735.209    415.000     4.2628   3.289459     4.2646   3.290975      95.56     0.0137     2.7913     2.4764  1.9610457  1.1562881   48.53958  -45.39712    34.9014    34.9174     4.2321     4.2339    27.6832    27.6958    6.07592    6.15225         21 0.0000e+00
      41668   1736.141    414.000     4.2651   3.289641     4.2653   3.291018      81.02     0.0146     2.7907     2.4760  1.9614348  1.1562881   48.53958  -45.39714    34.9016    34.9176     4.2345     4.2347    27.6832    27.6959    6.06016    6.14719         24 0.0000e+00
      41693   1737.168    413.000     4.2656   3.289630     4.2651   3.290941      86.68     0.0167     2.7913     2.4763  1.9599497  1.1570215   48.53958  -45.39714    34.9015    34.9175     4.2350     4.2355    27.6830    27.6958    6.06703    6.15001         25 0.0000e+00
      41718   1738.189    412.000     4.2649   3.289493     4.2646   3.290799      88.92     0.0158     2.7908     2.4760  1.9597014  1.1571945   48.53958  -45.39714    34.9011    34.9169     4.2345     4.2341    27.6828    27.6954    6.06009    6.14344         23 0.0000e+00
      41739   1739.091    411.000     4.2650   3.289426     4.2651   3.290768      27.70     0.0201     2.7905     2.4758  1.9601172  1.1575118   48.53956  -45.39714    34.9007    34.9165     4.2347     4.2346    27.6825    27.6950    6.05936    6.14141         21 0.0000e+00
      41758   1739.894    410.000     4.2655   3.289387     4.2653   3.290735      77.04     0.0220     2.7909     2.4752  1.9601816  1.1575092   48.53956  -45.39714    34.9003    34.9164     4.2352     4.2350    27.6821    27.6949    6.05730    6.13595         18 0.0000e+00
      41777   1740.661    409.000     4.2657   3.289351     4.2654   3.290702      95.37     0.0200     2.7895     2.4749  1.9594553  1.1578919   48.53956  -45.39714    34.9002    34.9164     4.2354     4.2352    27.6820    27.6949    6.04801    6.13541         19 0.0000e+00
      41796   1741.453    408.000     4.2657   3.289307     4.2654   3.290641      92.68     0.0173     2.7897     2.4746  1.9588715  1.1585261   48.53956  -45.39714    34.9002    34.9163     4.2356     4.2352    27.6819    27.6948    6.05745    6.13871         20 0.0000e+00
      41817   1742.341    407.000     4.2658   3.289266     4.2655   3.290608      68.48     0.0162     2.7896     2.4747  1.9588741  1.1586727   48.53956  -45.39714    34.9002    34.9163     4.2357     4.2354    27.6819    27.6948    6.05568    6.13609         22 0.0000e+00
      41841   1743.347    406.000     4.2660   3.289242     4.2665   3.290651      92.52     0.0172     2.7903     2.4738  1.9592346  1.1587298   48.53955  -45.39714    34.9002    34.9163     4.2360     4.2365    27.6819    27.6946    6.07101    6.12632         26 0.0000e+00
      41868   1744.465    405.000     4.2666   3.289255     4.2679   3.290735      94.43     0.0158     2.7918     2.4735  1.9589690  1.1587301   48.53954  -45.39713    34.9003    34.9164     4.2367     4.2379    27.6819    27.6945    6.07148    6.13288         28 0.0000e+00
      41897   1745.682    404.000     4.2676   3.289305     4.2690   3.290792      75.73     0.0156     2.7924     2.4735  1.9590358  1.1587301   48.53954  -45.39714    34.9003    34.9164     4.2378     4.2391    27.6818    27.6944    6.07053    6.13703         31 0.0000e+00
      41929   1746.997    403.000     4.2690   3.289382     4.2701   3.290857      95.39     0.0162     2.7939     2.4748  1.9588084  1.1587301   48.53954  -45.39714    34.9002    34.9165     4.2392     4.2403    27.6816    27.6944    6.07500    6.15129         30 0.0000e+00
      41956   1748.118    402.000     4.2704   3.289459     4.2710   3.290877      82.50     0.0151     2.7951     2.4761  1.9590232  1.1587849   48.53954  -45.39714    34.9002    34.9163     4.2407     4.2412    27.6814    27.6941    6.07416    6.15712         23 0.0000e+00
      41976   1748.978    401.000     4.2710   3.289458     4.2707   3.290812      79.15     0.0153     2.7950     2.4776  1.9601828  1.1595834   48.53954  -45.39714    34.9001    34.9164     4.2414     4.2410    27.6812    27.6942    6.06543    6.15932         19 0.0000e+00
      41994   1749.728    400.000     4.2694   3.289236     4.2687   3.290569      55.42     0.0147     2.7951     2.4783  1.9600462  1.1599507   48.53954  -45.39714    34.8997    34.9161     4.2399     4.2392    27.6811    27.6942    6.06956    6.15102         18 0.0000e+00
      42012   1750.460    399.000     4.2668   3.288907     4.2662   3.290255      93.89     0.0154     2.7956     2.4783  1.9599941  1.1599512   48.53954  -45.39714    34.8991    34.9156     4.2373     4.2367    27.6809    27.6940    6.06392    6.14562         17 0.0000e+00
