data/CTD/2013/CNV/U021A051.CNV
* Sea-Bird SBE 9 Data File:
* FileName = C:\CTD_ACQUISITION\2013021HUD\ctddata\021A051.hdr
* Software Version Seasave V 7.22.2
* Temperature SN = 5081
* Conductivity SN = 3561
* Number of Bytes Per Scan = 37
* Number of Voltage Words = 4
* Number of Scans Averaged by the Deck Unit = 1
* NMEA Latitude = 48 50.70 N
* NMEA Longitude = 045 44.75 W
* NMEA UTC (Time) = Jul 05 2013 02:25:27
* NMEA baud rate = 9600
** Ship: Hudson
** Cruise: HUD2013021
** Chief_Scientist: Greenan
** Organization: BIO
** Area_of_Operation: Sackville Spur
** Station: 51
** Sounding:  2274
** Event_Comments: SS26  393211
# nquan = 25
# nvalues = 2089                        
# units = specified
# name 0 = scan: Scan Count
# name 1 = timeS: Time, Elapsed [seconds]
# name 2 = prDM: Pressure, Digiquartz [db]
# name 3 = t068C: Temperature [ITS-68, deg C]
# name 4 = c0S/m: Conductivity [S/m]
# name 5 = t168C: Temperature, 2 [ITS-68, deg C]
# name 6 = c1S/m: Conductivity, 2 [S/m]
# name 7 = altM: Altimeter [m]
# name 8 = flCUVA: Fluorescence, Chelsea UV Aquatracka [ug/l]
# name 9 = sbeox0V: Oxygen raw, SBE 43 [V]
# name 10 = sbeox1V: Oxygen raw, SBE 43, 2 [V]
# name 11 = upoly0: Upoly 0, Optode 4330F - O2 D-Phase
# name 12 = upoly1: Upoly 1, Optode 4330F - O2 Temp
# name 13 = latitude: Latitude [deg]
# name 14 = longitude: Longitude [deg]
# name 15 = sal00: Salinity, Practical [PSU]
# name 16 = sal11: Salinity, Practical, 2 [PSU]
# name 17 = potemp068C: Potential Temperature [ITS-68, deg C]
# name 18 = potemp168C: Potential Temperature, 2 [ITS-68, deg C]
# name 19 = sigma-é00: Density [sigma-theta, Kg/m^3]
# name 20 = sigma-é11: Density, 2 [sigma-theta, Kg/m^3]
# name 21 = sbeox0ML/L: Oxygen, SBE 43 [ml/l], WS = 2
# name 22 = sbeox1ML/L: Oxygen, SBE 43, 2 [ml/l], WS = 2
# name 23 = nbin: number of scans per bin
# name 24 = flag: flag
# span 0 =      61161,     102835       
# span 1 =   2548.331,   4284.755       
# span 2 =      1.000,   2089.000       
# span 3 =     2.9291,     8.3256       
# span 4 =   3.124168,   3.558060       
# span 5 =     2.9285,     8.3282       
# span 6 =   3.125570,   3.559414       
# span 7 =       4.79,      99.59       
# span 8 =     0.0028,     0.5871       
# span 9 =     2.2696,     3.3437       
# span 10 =     2.0385,     2.9796      
# span 11 =  1.7036577,  2.0916142      
# span 12 =  0.9911046,  1.6332687      
# span 13 =   48.84724,   48.84868      
# span 14 =  -45.74790,  -45.74289      
# span 15 =    33.9214,    34.9220      
# span 16 =    33.9392,    34.9384      
# span 17 =     2.7730,     8.3244      
# span 18 =     2.7721,     8.3269      
# span 19 =    26.4191,    27.8402      
# span 20 =    26.4332,    27.8535      
# span 21 =    5.88117,    7.31738      
# span 22 =    6.03782,    7.52892      
# span 23 =         10,        108      
# span 24 = 0.0000e+00, 0.0000e+00      
# interval = decibars: 1                
# start_time = Jul 05 2013 02:25:27 [NMEA time, header]
# bad_flag = -9.990e-29
*END*
[from data line 58]
      62693   2612.169   2031.000     2.9491   3.242640     2.9484   3.243955      59.51     0.0152     2.2827     2.0476  2.0877988  0.9926740   48.84862  -45.74778    34.9179    34.9344     2.7946     2.7938    27.8384    27.8517    5.92607    6.14954         21 0.0000e+00
      62715   2613.084   2030.000     2.9491   3.242600     2.9470   3.243787      95.87     0.0144     2.2823     2.0478  2.0882840  0.9926740   48.84862  -45.74778    34.9179    34.9343     2.7946     2.7925    27.8384    27.8517    5.93182    6.15426         23 0.0000e+00
      62738   2614.039   2029.000     2.9488   3.242528     2.9470   3.243748      95.60     0.0202     2.2834     2.0480  2.0871193  0.9926740   48.84862  -45.74778    34.9178    34.9344     2.7944     2.7926    27.8384    27.8518    5.93229    6.15680         23 0.0000e+00
      62762   2615.042   2028.000     2.9483   3.242447     2.9475   3.243744      63.71     0.0216     2.2832     2.0484  2.0869420  0.9926740   48.84862  -45.74778    34.9179    34.9343     2.7940     2.7931    27.8384    27.8517    5.93607    6.15596         24 0.0000e+00
      62785   2616.000   2027.000     2.9480   3.242368     2.9468   3.243647      61.57     0.0195     2.2840     2.0486  2.0873303  0.9926740   48.84862  -45.74778    34.9178    34.9343     2.7938     2.7926    27.8384    27.8517    5.93448    6.15433         21 0.0000e+00
      62805   2616.813   2026.000     2.9476   3.242300     2.9463   3.243559      68.74     0.0202     2.2841     2.0485  2.0877767  0.9926740   48.84862  -45.74778    34.9178    34.9343     2.7935     2.7922    27.8384    27.8517    5.92804    6.15017         18 0.0000e+00
      62821   2617.514   2025.000     2.9474   3.242234     2.9466   3.243540      94.25     0.0164     2.2836     2.0488  2.0874572  0.9926740   48.84862  -45.74778    34.9178    34.9342     2.7934     2.7926    27.8384    27.8516    5.93177    6.15416         16 0.0000e+00
      62837   2618.153   2024.000     2.9478   3.242220     2.9480   3.243622      49.22     0.0125     2.2846     2.0489  2.0867074  0.9926740   48.84862  -45.74778    34.9176    34.9342     2.7939     2.7941    27.8383    27.8515    5.93499    6.15768         15 0.0000e+00
      62852   2618.771   2023.000     2.9488   3.242275     2.9493   3.243702      91.19     0.0152     2.2844     2.0491  2.0870061  0.9926740   48.84862  -45.74778    34.9177    34.9343     2.7949     2.7954    27.8383    27.8515    5.92306    6.15989         15 0.0000e+00
      62867   2619.420   2022.000     2.9498   3.242333     2.9504   3.243767      94.35     0.0163     2.2845     2.0497  2.0867002  0.9926740   48.84862  -45.74778    34.9178    34.9344     2.7961     2.7966    27.8382    27.8514    5.92754    6.15834         16 0.0000e+00
      62885   2620.164   2021.000     2.9510   3.242394     2.9516   3.243825      95.23     0.0201     2.2846     2.0496  2.0876377  0.9926740   48.84862  -45.74778    34.9177    34.9343     2.7974     2.7978    27.8380    27.8512    5.92729    6.15357         20 0.0000e+00
      62908   2621.141   2020.000     2.9511   3.242379     2.9517   3.243794      67.43     0.0189     2.2845     2.0500  2.0878177  0.9926740   48.84862  -45.74778    34.9179    34.9343     2.7975     2.7980    27.8382    27.8512    5.93072    6.14836         27 0.0000e+00
      62938   2622.362   2019.000     2.9508   3.242298     2.9515   3.243726      97.07     0.0163     2.2851     2.0495  2.0868244  0.9926740   48.84864  -45.74780    34.9178    34.9342     2.7973     2.7979    27.8381    27.8512    5.92124    6.14038         28 0.0000e+00
      62962   2623.358   2018.000     2.9511   3.242274     2.9523   3.243754      95.02     0.0199     2.2843     2.0494  2.0866868  0.9926740   48.84864  -45.74780    34.9176    34.9341     2.7977     2.7989    27.8379    27.8510    5.91906    6.14310         21 0.0000e+00
      62980   2624.129   2017.000     2.9528   3.242378     2.9538   3.243847      51.83     0.0177     2.2850     2.0494  2.0875573  0.9937567   48.84864  -45.74780    34.9175    34.9342     2.7995     2.8004    27.8377    27.8509    5.93641    6.15017         17 0.0000e+00
      62997   2624.824   2016.000     2.9545   3.242490     2.9554   3.243963      92.36     0.0190     2.2853     2.0497  2.0884039  0.9938223   48.84864  -45.74781    34.9176    34.9344     2.8012     2.8020    27.8376    27.8509    5.93169    6.15737         17 0.0000e+00
      63013   2625.515   2015.000     2.9558   3.242579     2.9561   3.243993      94.45     0.0199     2.2856     2.0502  2.0880675  0.9938945   48.84864  -45.74782    34.9178    34.9344     2.8026     2.8028    27.8376    27.8509    5.92664    6.15445         16 0.0000e+00
      63031   2626.246   2014.000     2.9566   3.242607     2.9565   3.243981      53.84     0.0185     2.2856     2.0503  2.0867629  0.9938950   48.84864  -45.74782    34.9178    34.9343     2.8034     2.8033    27.8376    27.8508    5.92874    6.14926         19 0.0000e+00
      63050   2627.057   2013.000     2.9570   3.242603     2.9565   3.243940      94.34     0.0200     2.2857     2.0506  2.0866916  0.9938344   48.84864  -45.74782    34.9178    34.9343     2.8039     2.8034    27.8375    27.8507    5.92486    6.15746         20 0.0000e+00
      63072   2627.973   2012.000     2.9571   3.242572     2.9566   3.243900      95.63     0.0223     2.2861     2.0511  2.0867417  0.9938946   48.84864  -45.74782    34.9178    34.9343     2.8041     2.8036    27.8375    27.8507    5.92669    6.15668         24 0.0000e+00
      63096   2628.957   2011.000     2.9571   3.242533     2.9567   3.243867      65.56     0.0207     2.2860     2.0515  2.0870624  0.9938950   48.84864  -45.74781    34.9178    34.9342     2.8042     2.8038    27.8375    27.8506    5.92152    6.15082         23 0.0000e+00
      63118   2629.878   2010.000     2.9573   3.242509     2.9572   3.243866      90.66     0.0166     2.2862     2.0514  2.0869234  0.9938950   48.84864  -45.74781    34.9178    34.9342     2.8045     2.8043    27.8375    27.8506    5.92875    6.14399         21 0.0000e+00
      63138   2630.698   2009.000     2.9573   3.242479     2.9577   3.243883      95.94     0.0158     2.2866     2.0514  2.0866880  0.9938950   48.84864  -45.74782    34.9179    34.9343     2.8046     2.8049    27.8375    27.8506    5.92697    6.14200         18 0.0000e+00
      63156   2631.458   2008.000     2.9577   3.242469     2.9582   3.243883      95.57     0.0184     2.2866     2.0513  2.0867555  0.9938950   48.84864  -45.74782    34.9178    34.9343     2.8051     2.8055    27.8374    27.8506    5.93001    6.14297         19 0.0000e+00
      63174   2632.217   2007.000     2.9587   3.242518     2.9586   3.243878      95.62     0.0207     2.2873     2.0512  2.0866921  0.9938950   48.84864  -45.74782    34.9178    34.9343     2.8062     2.8060    27.8373    27.8505    5.92794    6.14276         18 0.0000e+00
      63193   2633.000   2006.000     2.9592   3.242520     2.9588   3.243855      95.65     0.0179     2.2872     2.0514  2.0866911  0.9938950   48.84864  -45.74782    34.9178    34.9343     2.8068     2.8063    27.8372    27.8505    5.92878    6.14557         19 0.0000e+00
      63213   2633.831   2005.000     2.9593   3.242488     2.9587   3.243814      71.37     0.0156     2.2876     2.0515  2.0868652  0.9938950   48.84864  -45.74782    34.9178    34.9343     2.8070     2.8063    27.8372    27.8505    5.93059    6.14496         21 0.0000e+00
      63233   2634.688   2004.000     2.9595   3.242464     2.9589   3.243780      80.11     0.0155     2.2879     2.0515  2.0869353  0.9938950   48.84864  -45.74782    34.9178    34.9343     2.8073     2.8066    27.8372    27.8504    5.92385    6.14506         20 0.0000e+00
      63254   2635.533   2003.000     2.9596   3.242424     2.9592   3.243764      95.21     0.0193     2.2879     2.0518  2.0868113  0.9938950   48.84864  -45.74782    34.9178    34.9342     2.8074     2.8070    27.8372    27.8503    5.93463    6.14521         20 0.0000e+00
      63273   2636.342   2002.000     2.9595   3.242381     2.9593   3.243738      94.67     0.0210     2.2888     2.0518  2.0868847  0.9938950   48.84864  -45.74782    34.9178    34.9342     2.8074     2.8072    27.8371    27.8503    5.92619    6.15078         19 0.0000e+00
      63292   2637.124   2001.000     2.9596   3.242351     2.9590   3.243675      53.23     0.0188     2.2883     2.0524  2.0868196  0.9938950   48.84864  -45.74782    34.9178    34.9343     2.8076     2.8070    27.8371    27.8504    5.92417    6.15046         19 0.0000e+00
      63311   2637.928   2000.000     2.9597   3.242311     2.9588   3.243614      94.86     0.0169     2.2889     2.0524  2.0868132  0.9938950   48.84864  -45.74783    34.9177    34.9343     2.8078     2.8068    27.8371    27.8504    5.93231    6.14544         20 0.0000e+00
      63332   2638.796   1999.000     2.9595   3.242262     2.9586   3.243561      95.49     0.0162     2.2892     2.0526  2.0866933  0.9938950   48.84864  -45.74784    34.9178    34.9343     2.8077     2.8067    27.8371    27.8505    5.93576    6.14608         22 0.0000e+00
      63354   2639.728   1998.000     2.9594   3.242208     2.9586   3.243516      51.10     0.0200     2.2897     2.0529  2.0866911  0.9940059   48.84864  -45.74784    34.9178    34.9343     2.8076     2.8068    27.8372    27.8504    5.92803    6.15403         22 0.0000e+00
      63376   2640.609   1997.000     2.9593   3.242162     2.9585   3.243475      75.13     0.0187     2.2899     2.0535  2.0866911  0.9940786   48.84864  -45.74784    34.9178    34.9344     2.8077     2.8069    27.8371    27.8505    5.93318    6.16285         20 0.0000e+00
      63394   2641.396   1996.000     2.9592   3.242111     2.9586   3.243428      95.87     0.0178     2.2902     2.0543  2.0866911  0.9940985   48.84864  -45.74784    34.9177    34.9342     2.8077     2.8070    27.8371    27.8503    5.93665    6.15701         18 0.0000e+00
      63412   2642.144   1995.000     2.9591   3.242068     2.9585   3.243391      95.89     0.0166     2.2909     2.0544  2.0867589  0.9939632   48.84864  -45.74784    34.9178    34.9343     2.8077     2.8134    27.8372    27.8504    5.93559    6.14745         18 0.0000e+00
      63431   2642.916   1994.000     2.9591   3.242030     2.9585   3.243349      65.65     0.0132     2.2911     2.0543  2.0866911  0.9938951   48.84864  -45.74784    34.9178    34.9343     2.8078     2.8071    27.8372    27.8504    5.93805    6.15120         19 0.0000e+00
      63451   2643.761   1993.000     2.9592   3.241993     2.9586   3.243316      83.43     0.0101     2.2916     2.0549  2.0866911  0.9938950   48.84864  -45.74785    34.9178    34.9343     2.8079     2.8073    27.8371    27.8504    5.93533    6.15547         21 0.0000e+00
      63473   2644.652   1992.000     2.9592   3.241957     2.9600   3.243400      95.63     0.0136     2.2916     2.0550  2.0866911  0.9938950   48.84864  -45.74786    34.9179    34.9343     2.8080     2.8088    27.8372    27.8502    5.92273    6.15276         22 0.0000e+00
      63493   2645.492   1991.000     2.9605   3.242023     2.9664   3.243905      93.26     0.0175     2.2915     2.0555  2.0866911  0.9938950   48.84864  -45.74786    34.9177    34.9340     2.8094     2.8152    27.8370    27.8494    5.93308    6.15029         19 0.0000e+00
      63512   2646.278   1990.000     2.9640   3.242266     2.9756   3.244681      51.15     0.0186     2.2923     2.0554  2.0866911  0.9941005   48.84864  -45.74786    34.9174    34.9340     2.8130     2.8244    27.8364    27.8486    5.93960    6.14411         18 0.0000e+00
      63530   2647.046   1989.000     2.9682   3.242671     2.9819   3.245225      54.92     0.0180     2.2924     2.0555  2.0866911  0.9938939   48.84864  -45.74786    34.9183    34.9344     2.8172     2.8306    27.8367    27.8484    5.93662    6.15133         19 0.0000e+00
      63549   2647.853   1988.000     2.9763   3.243310     2.9868   3.245638      68.93     0.0167     2.2932     2.0562  2.0866911  0.9945043   48.84864  -45.74786    34.9179    34.9346     2.8252     2.8355    27.8356    27.8481    5.93294    6.15302         20 0.0000e+00
      63570   2648.724   1987.000     2.9850   3.244019     2.9900   3.245873      76.55     0.0140     2.2929     2.0564  2.0866911  0.9951124   48.84864  -45.74786    34.9177    34.9346     2.8339     2.8388    27.8347    27.8478    5.92978    6.14439         22 0.0000e+00
      63592   2649.625   1986.000     2.9878   3.244260     2.9921   3.246022      75.30     0.0158     2.2938     2.0563  2.0864584  0.9953487   48.84864  -45.74786    34.9180    34.9346     2.8368     2.8409    27.8347    27.8476    5.93005    6.14111         21 0.0000e+00
      63613   2650.501   1985.000     2.9898   3.244405     2.9938   3.246127      90.13     0.0150     2.2935     2.0565  2.0854685  0.9963387   48.84864  -45.74786    34.9181    34.9345     2.8388     2.8427    27.8346    27.8473    5.92682    6.13971         21 0.0000e+00
      63633   2651.353   1984.000     2.9926   3.244603     2.9949   3.246182      95.89     0.0115     2.2941     2.0564  2.0854702  0.9963370   48.84864  -45.74788    34.9180    34.9345     2.8417     2.8439    27.8342    27.8472    5.92791    6.13988         20 0.0000e+00
      63654   2652.206   1983.000     2.9944   3.244720     2.9958   3.246218      54.80     0.0140     2.2939     2.0565  2.0859923  0.9973231   48.84866  -45.74788    34.9180    34.9345     2.8435     2.8448    27.8341    27.8472    5.92128    6.13768         21 0.0000e+00
      63675   2653.066   1982.000     2.9951   3.244755     2.9963   3.246226      95.86     0.0148     2.2938     2.0565  2.0860810  0.9974977   48.84866  -45.74788    34.9182    34.9345     2.8443     2.8455    27.8342    27.8471    5.93100    6.14216         20 0.0000e+00
      63695   2653.897   1981.000     2.9961   3.244795     2.9967   3.246216      95.89     0.0177     2.2949     2.0567  2.0865698  0.9975581   48.84866  -45.74787    34.9180    34.9344     2.8454     2.8459    27.8339    27.8470    5.94011    6.14579         20 0.0000e+00
      63714   2654.688   1980.000     2.9967   3.244802     2.9969   3.246198      80.90     0.0189     2.2952     2.0572  2.0866234  0.9975580   48.84866  -45.74787    34.9180    34.9345     2.8460     2.8462    27.8339    27.8470    5.92156    6.14428         18 0.0000e+00
      63732   2655.473   1979.000     2.9972   3.244802     2.9973   3.246186      63.86     0.0164     2.2947     2.0572  2.0865614  0.9975580   48.84866  -45.74788    34.9180    34.9345     2.8466     2.8467    27.8338    27.8470    5.92136    6.13907         19 0.0000e+00
      63752   2656.291   1978.000     2.9976   3.244811     2.9976   3.246171      95.87     0.0129     2.2954     2.0573  2.0854125  0.9976742   48.84866  -45.74788    34.9181    34.9345     2.8472     2.8470    27.8338    27.8469    5.92161    6.14347         21 0.0000e+00
      63773   2657.182   1977.000     2.9979   3.244799     2.9978   3.246156      95.76     0.0152     2.2947     2.0577  2.0854697  0.9975587   48.84866  -45.74788    34.9181    34.9345     2.8476     2.8474    27.8338    27.8469    5.91468    6.14340         22 0.0000e+00
      63796   2658.114   1976.000     2.9989   3.244829     2.9995   3.246244      54.28     0.0191     2.2949     2.0577  2.0854702  0.9983990   48.84866  -45.74788    34.9179    34.9343     2.8486     2.8491    27.8335    27.8466    5.92339    6.13499         22 0.0000e+00
      63816   2658.965   1975.000     3.0009   3.244937     3.0039   3.246588      94.99     0.0189     2.2950     2.0577  2.0854702  0.9987171   48.84866  -45.74788    34.9176    34.9342     2.8506     2.8536    27.8331    27.8461    5.91902    6.13427         19 0.0000e+00
