data/CTD/2013/CNV/U021A035.CNV
* Sea-Bird SBE 9 Data File:
* FileName = C:\CTD_ACQUISITION\2013021HUD\ctddata\021A035.hdr
* Software Version Seasave V 7.22.2
* Temperature SN = 5081
* Conductivity SN = 3561
* Number of Bytes Per Scan = 37
* Number of Voltage Words = 4
* Number of Scans Averaged by the Deck Unit = 1
* NMEA Latitude = 48 16.30 N
* NMEA Longitude = 046 30.22 W
* NMEA UTC (Time) = Jul 03 2013 15:36:29
* NMEA baud rate = 9600
** Ship: Hudson
** Cruise: HUD2013021
** Chief_Scientist: Greenan
** Organization: BIO
** Area_of_Operation: Sackville Spur
** Station: 35
** Sounding:  860
** Event_Comments: SS12  393163
# nquan = 25
# nvalues = 866                         
# units = specified
# name 0 = scan: Scan Count
# name 1 = timeS: Time, Elapsed [seconds]
# name 2 = prDM: Pressure, Digiquartz [db]
# name 3 = t068C: Temperature [ITS-68, deg C]
# name 4 = c0S/m: Conductivity [S/m]
# name 5 = t168C: Temperature, 2 [ITS-68, deg C]
# name 6 = c1S/m: Conductivity, 2 [S/m]
# name 7 = altM: Altimeter [m]
# name 8 = flCUVA: Fluorescence, Chelsea UV Aquatracka [ug/l]
# name 9 = sbeox0V: Oxygen raw, SBE 43 [V]
# name 10 = sbeox1V: Oxygen raw, SBE 43, 2 [V]
# name 11 = upoly0: Upoly 0, Optode 4330F - O2 D-Phase
# name 12 = upoly1: Upoly 1, Optode 4330F - O2 Temp
# name 13 = latitude: Latitude [deg]
# name 14 = longitude: Longitude [deg]
# name 15 = sal00: Salinity, Practical [PSU]
# name 16 = sal11: Salinity, Practical, 2 [PSU]
# name 17 = potemp068C: Potential Temperature [ITS-68, deg C]
# name 18 = potemp168C: Potential Temperature, 2 [ITS-68, deg C]
# name 19 = sigma-é00: Density [sigma-theta, Kg/m^3]
# name 20 = sigma-é11: Density, 2 [sigma-theta, Kg/m^3]
# name 21 = sbeox0ML/L: Oxygen, SBE 43 [ml/l], WS = 2
# name 22 = sbeox1ML/L: Oxygen, SBE 43, 2 [ml/l], WS = 2
# name 23 = nbin: number of scans per bin
# name 24 = flag: flag
# span 0 =      34611,      66698       
# span 1 =   1442.065,   2779.052       
# span 2 =      1.000,    866.000       
# span 3 =    -0.1137,     5.6252       
# span 4 =   2.768739,   3.279195       
# span 5 =    -0.1141,     5.6154       
# span 6 =   2.769974,   3.280570       
# span 7 =       3.68,     100.62       
# span 8 =     0.0063,     0.1373       
# span 9 =     2.6170,     3.4045       
# span 10 =     2.3508,     3.0554      
# span 11 =  1.7369479,  2.0112768      
# span 12 =  0.6250906,  1.3249733      
# span 13 =   48.26606,   48.26882      
# span 14 =  -46.50260,  -46.50134      
# span 15 =    32.6393,    34.9103      
# span 16 =    32.6551,    34.9265      
# span 17 =    -0.1150,     5.6249      
# span 18 =    -0.1154,     5.6151      
# span 19 =    25.7354,    27.7454      
# span 20 =    25.7482,    27.7583      
# span 21 =    5.98333,    8.50796      
# span 22 =    6.18238,    8.51330      
# span 23 =         11,       1300      
# span 24 = 0.0000e+00, 0.0000e+00      
# interval = decibars: 1                
# start_time = Jul 03 2013 15:36:29 [NMEA time, header]
# bad_flag = -9.990e-29
*END*
[from data line 754]
      60675   2528.076    112.000     1.9993   3.014025     1.9999   3.015477      31.29     0.0153     2.8451     2.5413  2.0042393  0.8905816   48.26678  -46.50156    34.1375    34.1551     1.9935     1.9941    27.2812    27.2953    6.41035    6.51684         21 0.0000e+00
      60697   2528.990    111.000     1.9905   3.012982     1.9901   3.014293      80.83     0.0193     2.8459     2.5417  2.0059800  0.8889069   48.26677  -46.50156    34.1346    34.1516     1.9847     1.9843    27.2795    27.2932    6.41426    6.52715         23 0.0000e+00
      60720   2529.960    110.000     1.9871   3.012557     1.9828   3.013395      95.98     0.0211     2.8476     2.5421  2.0056796  0.8884634   48.26676  -46.50156    34.1335    34.1486     1.9814     1.9771    27.2789    27.2913    6.42394    6.52796         23 0.0000e+00
      60744   2530.951    109.000     1.9778   3.011548     1.9730   3.012209      74.01     0.0205     2.8495     2.5427  2.0046153  0.8865741   48.26676  -46.50156    34.1314    34.1448     1.9722     1.9674    27.2779    27.2891    6.43869    6.54015         24 0.0000e+00
      60768   2531.950    108.000     1.9678   3.010125     1.9500   3.009504      92.44     0.0225     2.8518     2.5444  2.0050936  0.8861872   48.26676  -46.50156    34.1250    34.1351     1.9622     1.9444    27.2736    27.2830    6.44393    6.55652         24 0.0000e+00
      60791   2532.937    107.000     1.9377   3.006401     1.9161   3.005371      96.13     0.0199     2.8540     2.5460  2.0063076  0.8840065   48.26676  -46.50156    34.1112    34.1216     1.9322     1.9106    27.2648    27.2748    6.45709    6.57070         24 0.0000e+00
      60815   2533.935    106.000     1.9042   3.002032     1.8860   3.001495      79.90     0.0174     2.8563     2.5482  2.0069177  0.8833957   48.26676  -46.50156    34.0930    34.1059     1.8988     1.8806    27.2528    27.2645    6.49032    6.60710         24 0.0000e+00
      60841   2534.986    105.000     1.8694   2.997984     1.8654   2.999007      96.32     0.0167     2.8617     2.5533  2.0073287  0.8803229   48.26676  -46.50156    34.0803    34.0975     1.8640     1.8601    27.2453    27.2593    6.52037    6.63756         26 0.0000e+00
      60865   2535.987    104.000     1.8472   2.995446     1.8357   2.995651      96.16     0.0128     2.8654     2.5571  2.0076058  0.8793909   48.26676  -46.50156    34.0729    34.0879     1.8420     1.8304    27.2410    27.2539    6.48843    6.63538         22 0.0000e+00
      60886   2536.883    103.000     1.8184   2.992001     1.8139   2.992919      76.96     0.0119     2.8642     2.5593  2.0085554  0.8754228   48.26676  -46.50156    34.0612    34.0776     1.8132     1.8087    27.2338    27.2473    6.46380    6.63550         21 0.0000e+00
      60906   2537.717    102.000     1.7880   2.988524     1.7934   2.990385      95.42     0.0133     2.8630     2.5609  2.0085471  0.8754579   48.26675  -46.50155    34.0508    34.0692     1.7829     1.7883    27.2277    27.2421    6.47135    6.64621         20 0.0000e+00
      60927   2538.599    101.000     1.7636   2.985694     1.7654   2.987223      79.39     0.0166     2.8637     2.5632  2.0080829  0.8723121   48.26674  -46.50154    34.0416    34.0594     1.7590     1.7604    27.2221    27.2363    6.51569    6.63364         23 0.0000e+00
      60989   2541.157    100.000     1.7583   2.985294     1.7459   2.985200      84.15     0.0156     2.8691     2.5621  2.0075212  0.8647817   48.26674  -46.50154    34.0432    34.0554     1.7534     1.7410    27.2238    27.2345    6.52708    6.63302        113 0.0000e+00
      61886   2578.555     99.000     1.6369   2.971621     1.6665   2.976126      88.40     0.0261     2.8796     2.5755  1.9980823  0.8267074   48.26668  -46.50150    34.0023    34.0272     1.6320     1.6617    27.2000    27.2177    6.55335    6.69029        306 0.0000e+00
      62118   2588.210     98.000     1.6613   2.974046     1.6640   2.975688      71.04     0.0224     2.8718     2.5690  1.9998537  0.8327024   48.26666  -46.50150    34.0071    34.0249     1.6566     1.6593    27.2020    27.2161    6.52154    6.65564         24 0.0000e+00
      62145   2589.326     97.000     1.6596   2.973752     1.6608   2.975202      79.56     0.0217     2.8711     2.5682  1.9989904  0.8327215   48.26665  -46.50150    34.0059    34.0229     1.6548     1.6560    27.2011    27.2147    6.51949    6.64513         26 0.0000e+00
      62176   2590.628     96.000     1.6591   2.973655     1.6585   2.974844      81.54     0.0214     2.8697     2.5661  2.0002627  0.8330763   48.26664  -46.50149    34.0057    34.0214     1.6545     1.6538    27.2010    27.2137    6.49793    6.62486         39 0.0000e+00
      62243   2593.402     95.000     1.6588   2.973549     1.6577   2.974714      82.15     0.0179     2.8664     2.5631  2.0013983  0.8330746   48.26664  -46.50148    34.0052    34.0211     1.6542     1.6531    27.2007    27.2135    6.51273    6.64558         83 0.0000e+00
      62294   2595.556     94.000     1.6539   2.972891     1.6562   2.974515      75.61     0.0174     2.8684     2.5648  2.0024800  0.8327107   48.26664  -46.50148    34.0028    34.0208     1.6493     1.6516    27.1991    27.2134    6.52767    6.62863         24 0.0000e+00
      62313   2596.322     93.000     1.6411   2.971306     1.6374   2.972228      95.57     0.0229     2.8689     2.5631  2.0024421  0.8327228   48.26664  -46.50148    33.9971    34.0128     1.6366     1.6329    27.1955    27.2083    6.52929    6.61839         16 0.0000e+00
      62328   2596.951     92.000     1.6244   2.969311     1.6110   2.969198      95.49     0.0220     2.8695     2.5617  2.0024421  0.8327228   48.26664  -46.50148    33.9905    34.0036     1.6199     1.6065    27.1914    27.2028    6.53158    6.63194         15 0.0000e+00
      62342   2597.553     91.000     1.5991   2.966500     1.5819   2.966053      95.45     0.0193     2.8693     2.5619  2.0024421  0.8327228   48.26664  -46.50148    33.9828    33.9958     1.5948     1.5775    27.1870    27.1986    6.53706    6.65991         14 0.0000e+00
      62358   2598.221     90.000     1.5612   2.962316     1.5470   2.962038      87.97     0.0177     2.8703     2.5631  2.0030453  0.8327228   48.26664  -46.50148    33.9714    33.9833     1.5569     1.5427    27.1805    27.1911    6.55738    6.67852         18 0.0000e+00
      62381   2599.179     89.000     1.5102   2.956694     1.4983   2.956569      82.28     0.0173     2.8722     2.5647  2.0036206  0.8327228   48.26662  -46.50148    33.9558    33.9671     1.5060     1.4941    27.1716    27.1816    6.57578    6.70350         31 0.0000e+00
      62420   2600.796     88.000     1.5218   2.958195     1.5458   2.961764      68.12     0.0189     2.8752     2.5681  2.0036631  0.8276431   48.26662  -46.50147    33.9629    33.9830     1.5176     1.5416    27.1765    27.1903    6.57732    6.69227         38 0.0000e+00
      62449   2601.991     87.000     1.4585   2.950826     1.5133   2.958282      72.39     0.0165     2.8762     2.5687  2.0035541  0.8258741   48.26662  -46.50146    33.9384    33.9737     1.4544     1.5092    27.1613    27.1858    6.58761    6.68021         23 0.0000e+00
      62469   2602.849     86.000     1.4199   2.946359     1.4075   2.946498      95.32     0.0183     2.8780     2.5686  2.0028734  0.8229716   48.26662  -46.50146    33.9238    33.9390     1.4159     1.4035    27.1523    27.1654    6.59719    6.70843         20 0.0000e+00
      62492   2603.799     85.000     1.3654   2.940173     1.3538   2.940320      75.05     0.0163     2.8781     2.5699  2.0035481  0.8232167   48.26662  -46.50146    33.9046    33.9190     1.3615     1.3499    27.1406    27.1530    6.62023    6.75470         27 0.0000e+00
      62531   2605.435     84.000     1.3294   2.936287     1.3233   2.936982      96.01     0.0167     2.8854     2.5784  2.0081487  0.8239908   48.26661  -46.50146    33.8947    33.9102     1.3255     1.3194    27.1352    27.1480    6.69881    6.83227         48 0.0000e+00
      62567   2606.900     83.000     1.2979   2.932763     1.3071   2.935271      50.73     0.0201     2.8938     2.5862  2.0072932  0.8126874   48.26660  -46.50146    33.8844    33.9064     1.2942     1.3033    27.1290    27.1461    6.71817    6.82053         21 0.0000e+00
      62584   2607.610     82.000     1.2626   2.928985     1.2567   2.929738      52.50     0.0217     2.8971     2.5880  2.0073261  0.8131868   48.26660  -46.50146    33.8750    33.8910     1.2589     1.2530    27.1238    27.1371    6.70867    6.79759         15 0.0000e+00
      62598   2608.203     81.000     1.2206   2.924357     1.2075   2.924323      96.47     0.0265     2.8984     2.5871  2.0075049  0.8108624   48.26660  -46.50146    33.8619    33.8756     1.2170     1.2039    27.1161    27.1280    6.67298    6.76611         14 0.0000e+00
      62612   2608.784     80.000     1.1595   2.917673     1.1395   2.916836      95.44     0.0235     2.8964     2.5849  2.0080516  0.8074519   48.26660  -46.50146    33.8431    33.8541     1.1560     1.1360    27.1051    27.1152    6.64659    6.75475         15 0.0000e+00
      62627   2609.433     79.000     1.1038   2.911303     1.0790   2.910182      95.46     0.0191     2.8936     2.5826  2.0081139  0.8073705   48.26660  -46.50146    33.8224    33.8350     1.1004     1.0756    27.0921    27.1038    6.64213    6.77081         17 0.0000e+00
      62652   2610.469     78.000     1.0530   2.905842     1.0340   2.905186      95.42     0.0199     2.8915     2.5823  2.0102811  0.8025258   48.26660  -46.50146    33.8081    33.8203     1.0496     1.0306    27.0838    27.0949    6.69134    6.83117         38 0.0000e+00
      62712   2612.964     77.000     1.1044   2.911827     1.1462   2.917303      65.86     0.0208     2.9023     2.5933  2.0085788  0.7872610   48.26660  -46.50145    33.8283    33.8546     1.1011     1.1428    27.0968    27.1151    6.82810    6.92984         56 0.0000e+00
      62742   2614.218     76.000     1.1246   2.913738     1.1174   2.913966      76.56     0.0195     2.9136     2.6024  2.0068548  0.7836941   48.26660  -46.50144    33.8329    33.8436     1.1212     1.1141    27.0992    27.1082    6.84274    6.93833         21 0.0000e+00
      62760   2614.947     75.000     1.0194   2.902440     0.9916   2.900706      57.02     0.0199     2.9183     2.6054  2.0061724  0.7838828   48.26660  -46.50144    33.8025    33.8103     1.0162     0.9884    27.0815    27.0895    6.85723    6.95203         16 0.0000e+00
      62775   2615.603     74.000     0.8718   2.886513     0.8577   2.885935      93.76     0.0220     2.9221     2.6078  2.0059528  0.7838828   48.26660  -46.50144    33.7582    33.7661     0.8688     0.8546    27.0551    27.0623    6.88667    6.97695         16 0.0000e+00
      62791   2616.263     73.000     0.7863   2.876624     0.7609   2.875172      86.31     0.0203     2.9250     2.6093  2.0067825  0.7845619   48.26660  -46.50146    33.7239    33.7328     0.7834     0.7579    27.0327    27.0415    6.89991    6.99459         16 0.0000e+00
      62809   2616.997     72.000     0.6988   2.866807     0.6864   2.866679      71.43     0.0229     2.9274     2.6113  2.0073235  0.7856768   48.26660  -46.50146    33.6925    33.7044     0.6959     0.6835    27.0127    27.0230    6.91096    7.02046         19 0.0000e+00
      62831   2617.908     71.000     0.6462   2.860926     0.6299   2.860426      94.71     0.0203     2.9295     2.6142  2.0080535  0.7813028   48.26660  -46.50146    33.6741    33.6853     0.6433     0.6271    27.0010    27.0110    6.92731    7.05335         26 0.0000e+00
      62864   2619.303     70.000     0.6337   2.859538     0.6338   2.860749      70.61     0.0175     2.9339     2.6196  2.0112767  0.7649508   48.26658  -46.50144    33.6702    33.6858     0.6310     0.6310    26.9986    27.0112    6.94517    7.07198         42 0.0000e+00
      62906   2621.022     69.000     0.6050   2.856992     0.6344   2.860577      89.76     0.0180     2.9400     2.6262  2.0084693  0.7481293   48.26658  -46.50144    33.6689    33.6833     0.6023     0.6318    26.9992    27.0091    6.99151    7.09527         35 0.0000e+00
      62933   2622.185     68.000     0.5873   2.854114     0.5616   2.852813      78.53     0.0151     2.9458     2.6310  2.0062287  0.7468524   48.26656  -46.50144    33.6513    33.6624     0.5847     0.5590    26.9860    26.9965    7.00457    7.12631         23 0.0000e+00
      62955   2623.063     67.000     0.5339   2.848400     0.5149   2.847561      95.50     0.0165     2.9490     2.6342  2.0029299  0.7447493   48.26656  -46.50144    33.6357    33.6455     0.5313     0.5123    26.9766    26.9855    7.02150    7.14311         20 0.0000e+00
      62973   2623.839     66.000     0.4947   2.843906     0.4842   2.844109      95.44     0.0161     2.9520     2.6372  2.0028727  0.7448112   48.26656  -46.50144    33.6204    33.6345     0.4922     0.4817    26.9664    26.9784    7.04063    7.16891         17 0.0000e+00
      62991   2624.595     65.000     0.4718   2.841264     0.4651   2.841790      68.23     0.0189     2.9551     2.6409  2.0053082  0.7463126   48.26656  -46.50144    33.6115    33.6256     0.4693     0.4627    26.9606    26.9723    7.04721    7.19974         19 0.0000e+00
      63011   2625.418     64.000     0.4484   2.838506     0.4452   2.839427      69.50     0.0225     2.9577     2.6458  2.0051639  0.7462546   48.26656  -46.50144    33.6016    33.6171     0.4460     0.4428    26.9539    26.9665    7.07545    7.23199         22 0.0000e+00
      63035   2626.411     63.000     0.4232   2.835479     0.4188   2.836244      70.75     0.0235     2.9637     2.6526  2.0047543  0.7350660   48.26656  -46.50144    33.5901    33.6049     0.4209     0.4165    26.9460    26.9581    7.12573    7.27241         26 0.0000e+00
      63065   2627.648     62.000     0.4085   2.833703     0.3820   2.831729      95.49     0.0240     2.9731     2.6612  2.0045784  0.7285832   48.26656  -46.50144    33.5835    33.5866     0.4062     0.3797    26.9415    26.9455    7.17413    7.29944         32 0.0000e+00
      63096   2628.942     61.000     0.3880   2.831268     0.3631   2.829000      94.35     0.0225     2.9824     2.6683  2.0023637  0.7200896   48.26656  -46.50144    33.5746    33.5710     0.3857     0.3609    26.9355    26.9339    7.18526    7.29425         28 0.0000e+00
      63120   2629.938     60.000     0.3696   2.828164     0.3444   2.825495      66.13     0.0186     2.9883     2.6719  2.0024421  0.7199156   48.26656  -46.50144    33.5546    33.5472     0.3674     0.3422    26.9203    26.9157    7.19195    7.29807         21 0.0000e+00
      63139   2630.762     59.000     0.3450   2.823829     0.3235   2.821920      95.89     0.0203     2.9922     2.6746  2.0024421  0.7157011   48.26655  -46.50144    33.5253    33.5237     0.3428     0.3214    26.8981    26.8979    7.20633    7.31873         19 0.0000e+00
      63159   2631.564     58.000     0.3165   2.819535     0.3050   2.819388      81.56     0.0230     2.9966     2.6782  2.0024421  0.7156286   48.26654  -46.50144    33.5006    33.5113     0.3144     0.3029    26.8797    26.8889    7.23068    7.35860         20 0.0000e+00
      63182   2632.525     57.000     0.3008   2.817415     0.2921   2.817552      46.84     0.0193     3.0018     2.6844  1.9997147  0.7110219   48.26654  -46.50144    33.4905    33.5019     0.2988     0.2900    26.8724    26.8820    7.25982    7.39862         28 0.0000e+00
      63217   2634.000     56.000     0.2949   2.816619     0.2995   2.818390      88.57     0.0157     3.0116     2.6943  1.9975297  0.7061040   48.26654  -46.50144    33.4872    33.5053     0.2928     0.2975    26.8700    26.8844    7.30488    7.41737         39 0.0000e+00
