data/CTD/2013/CNV/U021A019.CNV
* Sea-Bird SBE 9 Data File:
* FileName = C:\CTD_ACQUISITION\2013021HUD\ctddata\021A019.hdr
* Software Version Seasave V 7.22.2
* Temperature SN = 5081
* Conductivity SN = 3561
* Number of Bytes Per Scan = 37
* Number of Voltage Words = 4
* Number of Scans Averaged by the Deck Unit = 1
* NMEA Latitude = 47 00.00 N
* NMEA Longitude = 046 40.17 W
* NMEA UTC (Time) = Jul 02 2013 04:50:47
* NMEA baud rate = 9600
** Ship: Hudson
** Cruise: HUD2013021
** Chief_Scientist: Greenan
** Organization: BIO
** Area_of_Operation: Sackville Spur
** Station: 19
** Sounding:  919
** Event_Comments: FC19  393125
# nquan = 25
# nvalues = 943                         
# units = specified
# name 0 = scan: Scan Count
# name 1 = timeS: Time, Elapsed [seconds]
# name 2 = prDM: Pressure, Digiquartz [db]
# name 3 = t068C: Temperature [ITS-68, deg C]
# name 4 = c0S/m: Conductivity [S/m]
# name 5 = t168C: Temperature, 2 [ITS-68, deg C]
# name 6 = c1S/m: Conductivity, 2 [S/m]
# name 7 = altM: Altimeter [m]
# name 8 = flCUVA: Fluorescence, Chelsea UV Aquatracka [ug/l]
# name 9 = sbeox0V: Oxygen raw, SBE 43 [V]
# name 10 = sbeox1V: Oxygen raw, SBE 43, 2 [V]
# name 11 = upoly0: Upoly 0, Optode 4330F - O2 D-Phase
# name 12 = upoly1: Upoly 1, Optode 4330F - O2 Temp
# name 13 = latitude: Latitude [deg]
# name 14 = longitude: Longitude [deg]
# name 15 = sal00: Salinity, Practical [PSU]
# name 16 = sal11: Salinity, Practical, 2 [PSU]
# name 17 = potemp068C: Potential Temperature [ITS-68, deg C]
# name 18 = potemp168C: Potential Temperature, 2 [ITS-68, deg C]
# name 19 = sigma-é00: Density [sigma-theta, Kg/m^3]
# name 20 = sigma-é11: Density, 2 [sigma-theta, Kg/m^3]
# name 21 = sbeox0ML/L: Oxygen, SBE 43 [ml/l], WS = 2
# name 22 = sbeox1ML/L: Oxygen, SBE 43, 2 [ml/l], WS = 2
# name 23 = nbin: number of scans per bin
# name 24 = flag: flag
# span 0 =      31066,      53719       
# span 1 =   1294.374,   2238.249       
# span 2 =      1.000,    943.000       
# span 3 =     0.7022,     6.1941       
# span 4 =   2.853931,   3.359823       
# span 5 =     0.8081,     6.1908       
# span 6 =   2.866920,   3.361086       
# span 7 =       5.65,     121.36       
# span 8 =     0.0043,     0.1790       
# span 9 =     2.5928,     3.4229       
# span 10 =     2.3076,     3.0466      
# span 11 =  1.7278990,  2.0575646      
# span 12 =  0.7814682,  1.3978014      
# span 13 =   47.00273,   47.00398      
# span 14 =  -46.67090,  -46.66989      
# span 15 =    32.7693,    34.9363      
# span 16 =    32.7841,    34.9519      
# span 17 =     0.7006,     6.1939      
# span 18 =     0.8064,     6.1906      
# span 19 =    25.7667,    27.7346      
# span 20 =    25.7788,    27.7473      
# span 21 =    5.25063,    8.55560      
# span 22 =    5.37322,    8.56724      
# span 23 =         12,        304      
# span 24 = 0.0000e+00, 0.0000e+00      
# interval = decibars: 1                
# start_time = Jul 02 2013 04:50:47 [NMEA time, header]
# bad_flag = -9.990e-29
*END*
[from data line 522]
      43428   1809.460    421.000     4.4132   3.304157     4.4141   3.305549      96.63     0.0093     2.7532     2.4509  1.9715115  1.1778911   47.00378  -46.67052    34.9123    34.9277     4.3816     4.3825    27.6757    27.6878    5.90740    6.01257         20 0.0000e+00
      43446   1810.224    420.000     4.4167   3.304394     4.4164   3.305710      60.77     0.0089     2.7502     2.4487  1.9715775  1.1781962   47.00378  -46.67052    34.9119    34.9277     4.3851     4.3848    27.6750    27.6876    5.89659    6.01686         18 0.0000e+00
      43464   1810.938    419.000     4.4212   3.304774     4.4202   3.306020      92.25     0.0123     2.7489     2.4475  1.9709240  1.1778842   47.00378  -46.67052    34.9122    34.9278     4.3897     4.3887    27.6747    27.6873    5.90308    6.02399         16 0.0000e+00
      43480   1811.626    418.000     4.4284   3.305431     4.4279   3.306768      96.62     0.0137     2.7477     2.4469  1.9709834  1.1779791   47.00378  -46.67052    34.9128    34.9290     4.3969     4.3964    27.6745    27.6874    5.90600    6.02179         17 0.0000e+00
      43496   1812.292    417.000     4.4369   3.306258     4.4392   3.307840      96.66     0.0135     2.7472     2.4462  1.9708588  1.1779406   47.00378  -46.67052    34.9141    34.9302     4.4054     4.4078    27.6746    27.6871    5.90711    6.00991         15 0.0000e+00
      43512   1812.947    416.000     4.4448   3.307025     4.4478   3.308657      78.27     0.0139     2.7464     2.4445  1.9705389  1.1781160   47.00378  -46.67054    34.9153    34.9312     4.4134     4.4164    27.6746    27.6870    5.89629    5.99716         16 0.0000e+00
      43529   1813.651    415.000     4.4527   3.307752     4.4560   3.309432      73.62     0.0129     2.7452     2.4432  1.9703782  1.1782629   47.00378  -46.67054    34.9160    34.9322     4.4214     4.4247    27.6743    27.6868    5.87855    5.99824         19 0.0000e+00
      43551   1814.589    414.000     4.4558   3.308079     4.4659   3.310368      94.82     0.0121     2.7428     2.4424  1.9703603  1.1786156   47.00379  -46.67054    34.9171    34.9333     4.4246     4.4346    27.6748    27.6866    5.87017    6.01001         29 0.0000e+00
      43590   1816.220    413.000     4.4595   3.308382     4.4700   3.310746      76.73     0.0156     2.7395     2.4429  1.9705911  1.1804781   47.00380  -46.67054    34.9173    34.9339     4.4283     4.4388    27.6746    27.6866    5.87948    6.01352         40 0.0000e+00
      43620   1817.443    412.000     4.4556   3.307937     4.4673   3.310461      95.53     0.0173     2.7394     2.4425  1.9717929  1.1816415   47.00380  -46.67054    34.9167    34.9339     4.4245     4.4362    27.6746    27.6869    5.88898    6.00666         22 0.0000e+00
      43639   1818.238    411.000     4.4728   3.309443     4.4839   3.311963      58.78     0.0127     2.7396     2.4421  1.9713275  1.1817925   47.00380  -46.67054    34.9168    34.9346     4.4417     4.4527    27.6727    27.6857    5.88092    6.00274         17 0.0000e+00
      43655   1818.906    410.000     4.4829   3.310450     4.4849   3.312027      81.21     0.0124     2.7392     2.4419  1.9726990  1.1822408   47.00380  -46.67055    34.9184    34.9348     4.4519     4.4539    27.6729    27.6857    5.87316    5.99948         16 0.0000e+00
      43670   1819.542    409.000     4.4804   3.310127     4.4812   3.311549      63.50     0.0152     2.7388     2.4418  1.9751730  1.1831502   47.00380  -46.67056    34.9178    34.9336     4.4495     4.4503    27.6726    27.6851    5.87301    5.99553         15 0.0000e+00
      43686   1820.208    408.000     4.4767   3.309651     4.4769   3.310993      96.31     0.0122     2.7383     2.4409  1.9752208  1.1831502   47.00380  -46.67056    34.9167    34.9322     4.4458     4.4460    27.6722    27.6845    5.87414    5.99471         17 0.0000e+00
      43706   1821.024    407.000     4.4755   3.309455     4.4747   3.310690      96.60     0.0116     2.7381     2.4408  1.9752606  1.1837736   47.00380  -46.67056    34.9162    34.9315     4.4447     4.4439    27.6719    27.6841    5.87270    5.99983         23 0.0000e+00
      43734   1822.215    406.000     4.4758   3.309426     4.4796   3.311110      74.77     0.0169     2.7374     2.4410  1.9751149  1.1843641   47.00380  -46.67056    34.9160    34.9318     4.4451     4.4489    27.6717    27.6839    5.87147    6.00322         34 0.0000e+00
      43765   1823.493    405.000     4.4768   3.309503     4.4824   3.311345      97.25     0.0175     2.7380     2.4413  1.9753420  1.1843712   47.00380  -46.67058    34.9163    34.9321     4.4462     4.4517    27.6719    27.6838    5.88223    6.00004         25 0.0000e+00
      43787   1824.410    404.000     4.4802   3.309744     4.4925   3.312245      96.65     0.0137     2.7385     2.4411  1.9746538  1.1843712   47.00380  -46.67058    34.9161    34.9325     4.4497     4.4619    27.6713    27.6830    5.87778    6.00113         20 0.0000e+00
      43806   1825.199    403.000     4.4903   3.310686     4.4947   3.312434      58.65     0.0120     2.7379     2.4419  1.9773477  1.1843712   47.00380  -46.67058    34.9171    34.9329     4.4598     4.4642    27.6709    27.6830    5.87285    6.00952         19 0.0000e+00
      43825   1825.983    402.000     4.4912   3.310675     4.4922   3.312118      23.55     0.0145     2.7390     2.4426  1.9780085  1.1843712   47.00380  -46.67058    34.9166    34.9324     4.4608     4.4618    27.6704    27.6829    5.88227    6.00987         19 0.0000e+00
      43845   1826.829    401.000     4.4871   3.310131     4.4865   3.311404      96.26     0.0155     2.7392     2.4429  1.9780220  1.1847763   47.00380  -46.67058    34.9150    34.9306     4.4568     4.4561    27.6697    27.6821    5.88020    5.99713         21 0.0000e+00
      43867   1827.746    400.000     4.4843   3.309784     4.4828   3.310926      86.97     0.0117     2.7400     2.4421  1.9780220  1.1856071   47.00380  -46.67058    34.9144    34.9294     4.4541     4.4525    27.6694    27.6815    5.87357    5.99109         22 0.0000e+00
      43888   1828.633    399.000     4.4829   3.309550     4.4819   3.310741      63.62     0.0147     2.7390     2.4417  1.9780220  1.1855922   47.00381  -46.67058    34.9137    34.9287     4.4527     4.4517    27.6690    27.6811    5.87578    5.98248         21 0.0000e+00
      43908   1829.451    398.000     4.4828   3.309455     4.4834   3.310826      92.13     0.0177     2.7404     2.4402  1.9780856  1.1855922   47.00382  -46.67059    34.9132    34.9286     4.4527     4.4533    27.6687    27.6808    5.88559    5.98122         19 0.0000e+00
      43926   1830.226    397.000     4.4829   3.309409     4.4826   3.310706      95.95     0.0176     2.7407     2.4405  1.9780222  1.1855922   47.00382  -46.67060    34.9131    34.9286     4.4529     4.4526    27.6685    27.6809    5.87490    5.99676         18 0.0000e+00
      43944   1830.979    396.000     4.4819   3.309247     4.4812   3.310494      73.52     0.0213     2.7401     2.4409  1.9781576  1.1855922   47.00382  -46.67060    34.9128    34.9281     4.4520     4.4513    27.6684    27.6807    5.87735    6.00458         18 0.0000e+00
      43963   1831.769    395.000     4.4817   3.309145     4.4822   3.310509      77.45     0.0193     2.7409     2.4420  1.9780833  1.1855922   47.00382  -46.67060    34.9123    34.9278     4.4518     4.4523    27.6681    27.6803    5.88862    6.01050         20 0.0000e+00
      43986   1832.698    394.000     4.4825   3.309159     4.4807   3.310268      85.53     0.0174     2.7420     2.4432  1.9781193  1.1855922   47.00382  -46.67060    34.9121    34.9271     4.4527     4.4509    27.6678    27.6799    5.88748    6.01206         25 0.0000e+00
      44016   1833.961    393.000     4.4818   3.309043     4.4767   3.309742      81.30     0.0169     2.7436     2.4449  1.9780217  1.1855922   47.00382  -46.67060    34.9121    34.9256     4.4521     4.4470    27.6678    27.6791    5.89641    6.02151         35 0.0000e+00
      44048   1835.307    392.000     4.4808   3.308894     4.4765   3.309685      82.51     0.0153     2.7452     2.4465  1.9791182  1.1855922   47.00382  -46.67062    34.9119    34.9257     4.4512     4.4469    27.6678    27.6792    5.90189    6.01444         26 0.0000e+00
      44070   1836.191    391.000     4.4765   3.308325     4.4725   3.309172      61.21     0.0174     2.7466     2.4469  1.9793795  1.1855922   47.00382  -46.67062    34.9103    34.9244     4.4470     4.4430    27.6670    27.6786    5.90166    6.01713         19 0.0000e+00
      44086   1836.893    390.000     4.4700   3.307541     4.4692   3.308765      88.22     0.0178     2.7473     2.4475  1.9793955  1.1855922   47.00382  -46.67062    34.9085    34.9237     4.4406     4.4398    27.6662    27.6784    5.90122    6.02383         16 0.0000e+00
      44102   1837.555    389.000     4.4662   3.307081     4.4662   3.308415      96.22     0.0175     2.7480     2.4484  1.9792446  1.1855922   47.00382  -46.67062    34.9076    34.9232     4.4369     4.4369    27.6659    27.6784    5.89924    6.02959         16 0.0000e+00
      44119   1838.254    388.000     4.4631   3.306686     4.4631   3.308034      96.20     0.0159     2.7480     2.4495  1.9792429  1.1855922   47.00382  -46.67062    34.9068    34.9226     4.4339     4.4339    27.6657    27.6782    5.90372    6.03180         18 0.0000e+00
      44138   1839.039    387.000     4.4608   3.306388     4.4594   3.307582      68.72     0.0116     2.7493     2.4504  1.9797170  1.1849403   47.00382  -46.67062    34.9062    34.9217     4.4317     4.4302    27.6654    27.6779    5.92379    6.03341         20 0.0000e+00
      44159   1839.914    386.000     4.4594   3.306201     4.4564   3.307198      85.18     0.0090     2.7520     2.4516  1.9798821  1.1844308   47.00382  -46.67062    34.9061    34.9208     4.4303     4.4274    27.6654    27.6775    5.92533    6.03188         21 0.0000e+00
      44180   1840.792    385.000     4.4565   3.305835     4.4499   3.306465      96.52     0.0123     2.7529     2.4519  1.9799988  1.1843712   47.00383  -46.67062    34.9053    34.9197     4.4275     4.4209    27.6652    27.6773    5.91739    6.02818         21 0.0000e+00
      44201   1841.652    384.000     4.4510   3.305200     4.4483   3.306214      91.22     0.0166     2.7540     2.4523  1.9801702  1.1843712   47.00384  -46.67063    34.9042    34.9190     4.4221     4.4194    27.6648    27.6769    5.90573    6.02539         21 0.0000e+00
      44224   1842.619    383.000     4.4499   3.304983     4.4506   3.306385      41.54     0.0166     2.7526     2.4522  1.9798167  1.1843712   47.00384  -46.67064    34.9033    34.9190     4.4211     4.4218    27.6643    27.6767    5.89928    6.01875         26 0.0000e+00
      44251   1843.738    382.000     4.4530   3.305233     4.4576   3.307011      91.87     0.0138     2.7530     2.4519  1.9787652  1.1843712   47.00384  -46.67064    34.9035    34.9195     4.4243     4.4289    27.6641    27.6763    5.90176    6.01629         26 0.0000e+00
      44275   1844.747    381.000     4.4535   3.305218     4.4671   3.307854      96.58     0.0148     2.7521     2.4517  1.9787993  1.1843147   47.00384  -46.67064    34.9034    34.9200     4.4248     4.4384    27.6639    27.6756    5.88353    6.01507         22 0.0000e+00
      44295   1845.582    380.000     4.4648   3.306243     4.4730   3.308416      96.30     0.0158     2.7506     2.4516  1.9792420  1.1840504   47.00384  -46.67064    34.9040    34.9208     4.4362     4.4444    27.6632    27.6756    5.87440    6.01513         19 0.0000e+00
      44313   1846.347    379.000     4.4769   3.307407     4.4796   3.309010      96.50     0.0144     2.7492     2.4518  1.9792429  1.1842337   47.00384  -46.67064    34.9054    34.9214     4.4484     4.4510    27.6629    27.6753    5.87818    6.01481         18 0.0000e+00
      44333   1847.157    378.000     4.4830   3.308011     4.4836   3.309404      62.05     0.0151     2.7494     2.4519  1.9783232  1.1843122   47.00384  -46.67066    34.9066    34.9223     4.4545     4.4551    27.6632    27.6756    5.88267    6.01127         21 0.0000e+00
      44355   1848.066    377.000     4.4856   3.308243     4.4874   3.309721      92.50     0.0140     2.7488     2.4517  1.9780210  1.1843715   47.00384  -46.67066    34.9071    34.9225     4.4572     4.4590    27.6633    27.6754    5.87865    6.00164         22 0.0000e+00
      44378   1849.024    376.000     4.4870   3.308335     4.4872   3.309653      54.53     0.0140     2.7485     2.4506  1.9786344  1.1849836   47.00384  -46.67066    34.9073    34.9225     4.4586     4.4588    27.6633    27.6754    5.87640    5.99182         24 0.0000e+00
      44401   1849.996    375.000     4.4873   3.308306     4.4837   3.309260      71.31     0.0141     2.7482     2.4495  1.9792408  1.1855900   47.00384  -46.67066    34.9071    34.9221     4.4590     4.4554    27.6631    27.6754    5.88167    5.99200         23 0.0000e+00
      44423   1850.926    374.000     4.4810   3.307664     4.4756   3.308362      73.11     0.0142     2.7487     2.4490  1.9785383  1.1856509   47.00384  -46.67066    34.9068    34.9206     4.4528     4.4474    27.6635    27.6751    5.88369    5.99948         21 0.0000e+00
      44445   1851.831    373.000     4.4765   3.307039     4.4743   3.308097      80.01     0.0162     2.7487     2.4493  1.9774412  1.1858571   47.00384  -46.67066    34.9047    34.9194     4.4484     4.4462    27.6623    27.6743    5.88373    6.00270         23 0.0000e+00
      44468   1852.781    372.000     4.4762   3.306909     4.4787   3.308441      77.60     0.0174     2.7489     2.4489  1.9773138  1.1860932   47.00384  -46.67066    34.9040    34.9194     4.4482     4.4506    27.6618    27.6738    5.87811    5.98719         24 0.0000e+00
      44494   1853.892    371.000     4.4796   3.307177     4.4834   3.308877      95.70     0.0165     2.7481     2.4474  1.9761187  1.1856128   47.00384  -46.67067    34.9041    34.9200     4.4516     4.4554    27.6616    27.6738    5.86905    5.97837         30 0.0000e+00
      44526   1855.209    370.000     4.4812   3.307277     4.4870   3.309203      61.79     0.0110     2.7472     2.4464  1.9774348  1.1855922   47.00384  -46.67068    34.9041    34.9205     4.4533     4.4591    27.6614    27.6738    5.86851    5.98338         30 0.0000e+00
      44552   1856.290    369.000     4.4866   3.307711     4.4909   3.309476      96.38     0.0104     2.7472     2.4462  1.9780895  1.1855922   47.00384  -46.67068    34.9042    34.9202     4.4588     4.4631    27.6608    27.6730    5.86654    5.98734         22 0.0000e+00
      44572   1857.139    368.000     4.4908   3.308068     4.4927   3.309585      61.58     0.0142     2.7460     2.4464  1.9780210  1.1863765   47.00384  -46.67068    34.9043    34.9201     4.4630     4.4649    27.6605    27.6728    5.86085    5.99093         19 0.0000e+00
      44591   1857.914    367.000     4.4962   3.308512     4.4956   3.309793      85.85     0.0158     2.7461     2.4468  1.9780220  1.1868119   47.00384  -46.67068    34.9043    34.9200     4.4686     4.4679    27.6599    27.6723    5.86821    5.98921         19 0.0000e+00
      44610   1858.719    366.000     4.4984   3.308706     4.4994   3.310119      96.51     0.0157     2.7464     2.4469  1.9780220  1.1868132   47.00384  -46.67068    34.9049    34.9204     4.4708     4.4717    27.6600    27.6723    5.87129    5.98564         20 0.0000e+00
      44632   1859.628    365.000     4.5007   3.308885     4.5020   3.310333      91.29     0.0187     2.7470     2.4470  1.9782350  1.1868132   47.00384  -46.67069    34.9050    34.9207     4.4732     4.4744    27.6599    27.6722    5.87143    5.98460         23 0.0000e+00
