data/CTD/2013/CNV/U021A039.CNV
* Sea-Bird SBE 9 Data File:
* FileName = C:\CTD_ACQUISITION\2013021HUD\ctddata\021A039.hdr
* Software Version Seasave V 7.22.2
* Temperature SN = 5081
* Conductivity SN = 3561
* Number of Bytes Per Scan = 37
* Number of Voltage Words = 4
* Number of Scans Averaged by the Deck Unit = 1
* NMEA Latitude = 48 26.55 N
* NMEA Longitude = 046 40.64 W
* NMEA UTC (Time) = Jul 03 2013 21:39:13
* NMEA baud rate = 9600
** Ship: Hudson
** Cruise: HUD2013021
** Chief_Scientist: Greenan
** Organization: BIO
** Area_of_Operation: Sackville Spur
** Station: 39
** Sounding:  2179
** Event_Comments: SS08  393178
# nquan = 25
# nvalues = 2160                        
# units = specified
# name 0 = scan: Scan Count
# name 1 = timeS: Time, Elapsed [seconds]
# name 2 = prDM: Pressure, Digiquartz [db]
# name 3 = t068C: Temperature [ITS-68, deg C]
# name 4 = c0S/m: Conductivity [S/m]
# name 5 = t168C: Temperature, 2 [ITS-68, deg C]
# name 6 = c1S/m: Conductivity, 2 [S/m]
# name 7 = altM: Altimeter [m]
# name 8 = flCUVA: Fluorescence, Chelsea UV Aquatracka [ug/l]
# name 9 = sbeox0V: Oxygen raw, SBE 43 [V]
# name 10 = sbeox1V: Oxygen raw, SBE 43, 2 [V]
# name 11 = upoly0: Upoly 0, Optode 4330F - O2 D-Phase
# name 12 = upoly1: Upoly 1, Optode 4330F - O2 Temp
# name 13 = latitude: Latitude [deg]
# name 14 = longitude: Longitude [deg]
# name 15 = sal00: Salinity, Practical [PSU]
# name 16 = sal11: Salinity, Practical, 2 [PSU]
# name 17 = potemp068C: Potential Temperature [ITS-68, deg C]
# name 18 = potemp168C: Potential Temperature, 2 [ITS-68, deg C]
# name 19 = sigma-é00: Density [sigma-theta, Kg/m^3]
# name 20 = sigma-é11: Density, 2 [sigma-theta, Kg/m^3]
# name 21 = sbeox0ML/L: Oxygen, SBE 43 [ml/l], WS = 2
# name 22 = sbeox1ML/L: Oxygen, SBE 43, 2 [ml/l], WS = 2
# name 23 = nbin: number of scans per bin
# name 24 = flag: flag
# span 0 =      63452,     111684       
# span 1 =   2643.781,   4653.444       
# span 2 =      1.000,   2160.000       
# span 3 =     0.7429,     6.4949       
# span 4 =   2.868962,   3.286653       
# span 5 =     0.7449,     6.5063       
# span 6 =   2.871006,   3.288978       
# span 7 =       4.30,     117.23       
# span 8 =     0.0056,     0.4607       
# span 9 =     2.2529,     3.5386       
# span 10 =     2.0260,     3.1741      
# span 11 =  1.7151934,  2.0967325      
# span 12 =  0.7438815,  1.4399806      
# span 13 =   48.44166,   48.44472      
# span 14 =  -46.66744,  -46.65931      
# span 15 =    32.8281,    34.9220      
# span 16 =    32.8428,    34.9388      
# span 17 =     0.7418,     6.4947      
# span 18 =     0.7437,     6.5061      
# span 19 =    25.7747,    27.8490      
# span 20 =    25.7849,    27.8627      
# span 21 =    5.87491,    9.24275      
# span 22 =    6.03636,    9.39502      
# span 23 =          9,        366      
# span 24 = 0.0000e+00, 0.0000e+00      
# interval = decibars: 1                
# start_time = Jul 03 2013 21:39:13 [NMEA time, header]
# bad_flag = -9.990e-29
*END*
[from data line 812]
      82405   3433.482   1348.000     3.6444   3.276410     3.6453   3.277881      95.98     0.0121     2.4632     2.1962  2.0471461  1.0805881   48.44322  -46.66426    34.9203    34.9367     3.5416     3.5425    27.7697    27.7827    5.90309    6.06136         18 0.0000e+00
      82422   3434.225   1347.000     3.6461   3.276520     3.6478   3.278065      95.68     0.0136     2.4630     2.1967  2.0472627  1.0805861   48.44322  -46.66426    34.9203    34.9368     3.5434     3.5450    27.7695    27.7825    5.89918    6.06522         17 0.0000e+00
      82440   3434.939   1346.000     3.6493   3.276742     3.6493   3.278157      67.48     0.0141     2.4632     2.1972  2.0464644  1.0805861   48.44322  -46.66426    34.9200    34.9368     3.5466     3.5466    27.7690    27.7823    5.90367    6.06370         18 0.0000e+00
      82458   3435.692   1345.000     3.6506   3.276823     3.6501   3.278189      94.52     0.0138     2.4634     2.1976  2.0463996  1.0805861   48.44322  -46.66426    34.9202    34.9369     3.5480     3.5474    27.7689    27.7823    5.90674    6.06092         19 0.0000e+00
      82479   3436.564   1344.000     3.6509   3.276813     3.6502   3.278160      95.62     0.0133     2.4638     2.1977  2.0463982  1.0805861   48.44322  -46.66426    34.9202    34.9369     3.5484     3.5477    27.7689    27.7823    5.91165    6.06103         23 0.0000e+00
      82505   3437.656   1343.000     3.6510   3.276776     3.6502   3.278115      77.47     0.0121     2.4652     2.1980  2.0463564  1.0805861   48.44322  -46.66426    34.9202    34.9369     3.5486     3.5478    27.7689    27.7823    5.91194    6.05315         29 0.0000e+00
      82533   3438.815   1342.000     3.6509   3.276717     3.6501   3.278061      96.42     0.0156     2.4650     2.1978  2.0448039  1.0805861   48.44323  -46.66426    34.9201    34.9368     3.5486     3.5478    27.7688    27.7822    5.90515    6.05454         25 0.0000e+00
      82556   3439.773   1341.000     3.6510   3.276678     3.6504   3.278037      95.92     0.0165     2.4656     2.1981  2.0437565  1.0805861   48.44324  -46.66426    34.9200    34.9368     3.5488     3.5481    27.7687    27.7822    5.91058    6.05826         21 0.0000e+00
      82576   3440.620   1340.000     3.6512   3.276664     3.6514   3.278069      76.57     0.0111     2.4658     2.1985  2.0435860  1.0807728   48.44325  -46.66425    34.9201    34.9366     3.5491     3.5492    27.7688    27.7819    5.91049    6.06062         20 0.0000e+00
      82597   3441.493   1339.000     3.6526   3.276744     3.6525   3.278140      88.81     0.0123     2.4663     2.1985  2.0443215  1.0811142   48.44326  -46.66425    34.9201    34.9367     3.5505     3.5504    27.7686    27.7819    5.90619    6.05275         23 0.0000e+00
      82622   3442.529   1338.000     3.6546   3.276871     3.6540   3.278233      94.93     0.0134     2.4664     2.1984  2.0439680  1.0812786   48.44325  -46.66426    34.9200    34.9367     3.5526     3.5520    27.7683    27.7817    5.90812    6.05006         28 0.0000e+00
      82651   3443.764   1337.000     3.6559   3.276932     3.6550   3.278267      96.02     0.0120     2.4669     2.1985  2.0429761  1.0816855   48.44326  -46.66426    34.9198    34.9366     3.5539     3.5530    27.7681    27.7815    5.91189    6.05609         29 0.0000e+00
      82677   3444.832   1336.000     3.6564   3.276928     3.6563   3.278318      70.84     0.0125     2.4677     2.1990  2.0427871  1.0815834   48.44326  -46.66426    34.9198    34.9363     3.5545     3.5544    27.7680    27.7812    5.91036    6.06234         22 0.0000e+00
      82696   3445.637   1335.000     3.6575   3.276980     3.6572   3.278374      96.33     0.0127     2.4673     2.1995  2.0427344  1.0818104   48.44326  -46.66426    34.9197    34.9366     3.5557     3.5553    27.7678    27.7813    5.91311    6.05858         17 0.0000e+00
      82713   3446.333   1334.000     3.6585   3.277023     3.6576   3.278373      95.97     0.0134     2.4689     2.1997  2.0427351  1.0818071   48.44326  -46.66426    34.9197    34.9366     3.5567     3.5559    27.7677    27.7812    5.91856    6.05497         16 0.0000e+00
      82729   3447.007   1333.000     3.6587   3.277002     3.6576   3.278337      95.26     0.0127     2.4684     2.1996  2.0427351  1.0818071   48.44328  -46.66425    34.9197    34.9367     3.5571     3.5560    27.7677    27.7813    5.90472    6.05184         17 0.0000e+00
      82747   3447.742   1332.000     3.6589   3.276980     3.6578   3.278306      69.13     0.0139     2.4687     2.1996  2.0427351  1.0818071   48.44328  -46.66424    34.9198    34.9366     3.5573     3.5562    27.7677    27.7812    5.91385    6.05765         19 0.0000e+00
      82772   3448.801   1331.000     3.6592   3.276962     3.6582   3.278300      90.83     0.0129     2.4694     2.2005  2.0427351  1.0818071   48.44328  -46.66424    34.9197    34.9366     3.5577     3.5568    27.7676    27.7811    5.91873    6.06684         35 0.0000e+00
      82816   3450.630   1330.000     3.6591   3.276905     3.6582   3.278237      56.72     0.0151     2.4714     2.2020  2.0427351  1.0818071   48.44330  -46.66424    34.9197    34.9364     3.5577     3.5567    27.7676    27.7810    5.92766    6.07288         40 0.0000e+00
      82841   3451.687   1329.000     3.6598   3.276901     3.6589   3.278259      96.16     0.0104     2.4720     2.2029  2.0427351  1.0818071   48.44330  -46.66424    34.9194    34.9364     3.5585     3.5576    27.7673    27.7809    5.92092    6.07679         19 0.0000e+00
      82859   3452.401   1328.000     3.6611   3.276988     3.6604   3.278339      95.96     0.0056     2.4723     2.2038  2.0427351  1.0818071   48.44330  -46.66424    34.9195    34.9363     3.5599     3.5591    27.7672    27.7806    5.92154    6.07792         16 0.0000e+00
      82874   3453.051   1327.000     3.6649   3.277262     3.6645   3.278651      94.72     0.0060     2.4725     2.2043  2.0427351  1.0818071   48.44330  -46.66424    34.9192    34.9362     3.5638     3.5633    27.7666    27.7801    5.91815    6.06953         15 0.0000e+00
      82890   3453.689   1326.000     3.6688   3.277581     3.6693   3.279025      70.66     0.0084     2.4729     2.2041  2.0427351  1.0818071   48.44330  -46.66424    34.9194    34.9360     3.5676     3.5682    27.7664    27.7795    5.91899    6.06412         16 0.0000e+00
      82906   3454.357   1325.000     3.6729   3.277877     3.6729   3.279297      85.64     0.0100     2.4732     2.2046  2.0427351  1.0818071   48.44330  -46.66424    34.9190    34.9359     3.5719     3.5718    27.7657    27.7791    5.91786    6.06617         17 0.0000e+00
      82924   3455.117   1324.000     3.6750   3.278018     3.6744   3.279384      95.60     0.0125     2.4735     2.2047  2.0427351  1.0823359   48.44330  -46.66424    34.9191    34.9358     3.5739     3.5734    27.7655    27.7789    5.91600    6.06169         20 0.0000e+00
      82947   3456.079   1323.000     3.6757   3.278040     3.6751   3.279404      91.95     0.0122     2.4736     2.2049  2.0427351  1.0823501   48.44332  -46.66424    34.9190    34.9359     3.5748     3.5741    27.7654    27.7789    5.91843    6.06758         27 0.0000e+00
      82982   3457.533   1322.000     3.6760   3.278027     3.6756   3.279397      55.84     0.0106     2.4745     2.2054  2.0427351  1.0829855   48.44332  -46.66424    34.9191    34.9358     3.5751     3.5747    27.7654    27.7787    5.91980    6.06065         42 0.0000e+00
      83019   3459.088   1321.000     3.6753   3.277921     3.6760   3.279364      96.26     0.0115     2.4749     2.2051  2.0418684  1.0830294   48.44332  -46.66424    34.9191    34.9355     3.5745     3.5752    27.7654    27.7784    5.92145    6.05353         28 0.0000e+00
      83042   3460.024   1320.000     3.6770   3.278004     3.6768   3.279408      68.57     0.0122     2.4755     2.2048  2.0415130  1.0830281   48.44332  -46.66424    34.9187    34.9356     3.5764     3.5761    27.7649    27.7784    5.92414    6.06308         20 0.0000e+00
      83060   3460.789   1319.000     3.6784   3.278080     3.6774   3.279429      93.30     0.0092     2.4759     2.2056  2.0414426  1.0830281   48.44333  -46.66424    34.9187    34.9357     3.5778     3.5768    27.7648    27.7784    5.92301    6.07040         17 0.0000e+00
      83078   3461.524   1318.000     3.6787   3.278078     3.6778   3.279421      94.01     0.0090     2.4765     2.2059  2.0415144  1.0830281   48.44334  -46.66424    34.9188    34.9357     3.5782     3.5772    27.7648    27.7784    5.92433    6.06256         18 0.0000e+00
      83097   3462.325   1317.000     3.6788   3.278048     3.6779   3.279383      86.31     0.0108     2.4769     2.2059  2.0414567  1.0830281   48.44334  -46.66424    34.9189    34.9357     3.5783     3.5774    27.7649    27.7784    5.92177    6.06096         21 0.0000e+00
      83120   3463.291   1316.000     3.6788   3.277997     3.6778   3.279335      79.87     0.0118     2.4765     2.2063  2.0415130  1.0835334   48.44334  -46.66424    34.9188    34.9357     3.5784     3.5774    27.7648    27.7783    5.91644    6.06630         26 0.0000e+00
      83147   3464.406   1315.000     3.6787   3.277942     3.6777   3.279280      96.16     0.0131     2.4774     2.2067  2.0416090  1.0837817   48.44336  -46.66424    34.9188    34.9356     3.5784     3.5774    27.7648    27.7783    5.91612    6.06485         26 0.0000e+00
      83170   3465.377   1314.000     3.6786   3.277885     3.6776   3.279227      85.09     0.0143     2.4767     2.2070  2.0414557  1.0842500   48.44336  -46.66424    34.9187    34.9356     3.5784     3.5774    27.7647    27.7783    5.91381    6.06282         21 0.0000e+00
      83189   3466.183   1313.000     3.6784   3.277832     3.6775   3.279173      75.54     0.0121     2.4770     2.2070  2.0413115  1.0842491   48.44336  -46.66424    34.9187    34.9356     3.5783     3.5774    27.7648    27.7783    5.91367    6.06153         18 0.0000e+00
      83208   3466.943   1312.000     3.6783   3.277786     3.6774   3.279125      95.40     0.0124     2.4769     2.2072  2.0399446  1.0842491   48.44336  -46.66424    34.9188    34.9357     3.5783     3.5773    27.7648    27.7784    5.91069    6.06313         18 0.0000e+00
      83227   3467.729   1311.000     3.6782   3.277733     3.6773   3.279076      68.32     0.0145     2.4769     2.2075  2.0389500  1.0842491   48.44337  -46.66424    34.9188    34.9356     3.5783     3.5774    27.7648    27.7783    5.91904    6.06813         20 0.0000e+00
      83247   3468.601   1310.000     3.6782   3.277681     3.6772   3.279020      92.19     0.0151     2.4775     2.2081  2.0396798  1.0844703   48.44338  -46.66424    34.9187    34.9356     3.5783     3.5774    27.7647    27.7783    5.91165    6.07710         22 0.0000e+00
      83271   3469.567   1309.000     3.6782   3.277651     3.6773   3.278986      95.02     0.0131     2.4771     2.2092  2.0415220  1.0844015   48.44338  -46.66424    34.9188    34.9356     3.5785     3.5775    27.7648    27.7783    5.91309    6.07663         24 0.0000e+00
      83295   3470.600   1308.000     3.6784   3.277613     3.6775   3.278960      75.15     0.0126     2.4774     2.2096  2.0410674  1.0844948   48.44338  -46.66424    34.9187    34.9356     3.5787     3.5778    27.7647    27.7783    5.92055    6.06582         25 0.0000e+00
      83320   3471.607   1307.000     3.6785   3.277587     3.6776   3.278930      91.21     0.0124     2.4780     2.2095  2.0396774  1.0844064   48.44339  -46.66423    34.9187    34.9356     3.5789     3.5780    27.7647    27.7782    5.91287    6.06216         23 0.0000e+00
      83342   3472.522   1306.000     3.6786   3.277543     3.6778   3.278897      95.96     0.0126     2.4779     2.2095  2.0400715  1.0845268   48.44340  -46.66422    34.9186    34.9356     3.5791     3.5782    27.7646    27.7782    5.91255    6.06343         22 0.0000e+00
      83362   3473.388   1305.000     3.6786   3.277503     3.6777   3.278853      83.57     0.0100     2.4780     2.2097  2.0404122  1.0852805   48.44340  -46.66424    34.9186    34.9356     3.5792     3.5783    27.7646    27.7782    5.91299    6.06751         20 0.0000e+00
      83384   3474.283   1304.000     3.6787   3.277476     3.6778   3.278810      78.18     0.0092     2.4782     2.2100  2.0410826  1.0852580   48.44340  -46.66422    34.9187    34.9355     3.5794     3.5784    27.7647    27.7781    5.91634    6.06978         23 0.0000e+00
      83407   3475.260   1303.000     3.6789   3.277442     3.6779   3.278786      70.09     0.0112     2.4787     2.2104  2.0391946  1.0851659   48.44342  -46.66422    34.9186    34.9356     3.5796     3.5786    27.7645    27.7782    5.91926    6.07194         24 0.0000e+00
      83431   3476.270   1302.000     3.6791   3.277416     3.6781   3.278755      87.41     0.0136     2.4791     2.2111  2.0390723  1.0850632   48.44342  -46.66422    34.9185    34.9356     3.5800     3.5820    27.7644    27.7781    5.92227    6.07712         24 0.0000e+00
      83454   3477.208   1301.000     3.6793   3.277398     3.6786   3.278751      75.56     0.0112     2.4800     2.2118  2.0380254  1.0854701   48.44342  -46.66422    34.9186    34.9355     3.5802     3.5795    27.7645    27.7780    5.92341    6.07793         21 0.0000e+00
      83476   3478.122   1300.000     3.6800   3.277403     3.6792   3.278759      94.27     0.0120     2.4804     2.2123  2.0379045  1.0854701   48.44342  -46.66422    34.9185    34.9354     3.5810     3.5802    27.7643    27.7779    5.92817    6.07153         23 0.0000e+00
      83502   3479.220   1299.000     3.6808   3.277437     3.6798   3.278772      85.17     0.0140     2.4810     2.2123  2.0378909  1.0854701   48.44342  -46.66422    34.9185    34.9354     3.5819     3.5809    27.7642    27.7778    5.92092    6.06836         31 0.0000e+00
      83533   3480.519   1298.000     3.6811   3.277417     3.6803   3.278762      84.87     0.0179     2.4817     2.2128  2.0379398  1.0854701   48.44342  -46.66424    34.9185    34.9353     3.5823     3.5814    27.7642    27.7777    5.92648    6.07492         28 0.0000e+00
      83556   3481.440   1297.000     3.6814   3.277392     3.6806   3.278738      95.40     0.0158     2.4820     2.2131  2.0379870  1.0854701   48.44344  -46.66424    34.9184    34.9352     3.5826     3.5818    27.7641    27.7775    5.92505    6.07314         18 0.0000e+00
      83572   3482.123   1296.000     3.6815   3.277373     3.6808   3.278720      95.99     0.0154     2.4825     2.2135  2.0386627  1.0854701   48.44344  -46.66424    34.9185    34.9353     3.5829     3.5821    27.7641    27.7776    5.92491    6.07209         15 0.0000e+00
      83587   3482.732   1295.000     3.6818   3.277345     3.6809   3.278692      28.21     0.0162     2.4831     2.2132  2.0385482  1.0854701   48.44344  -46.66424    34.9185    34.9354     3.5832     3.5822    27.7641    27.7776    5.92087    6.07154         14 0.0000e+00
      83601   3483.330   1294.000     3.6819   3.277318     3.6811   3.278672      70.97     0.0109     2.4824     2.2138  2.0382597  1.0854701   48.44344  -46.66424    34.9185    34.9354     3.5834     3.5826    27.7641    27.7776    5.91527    6.07737         15 0.0000e+00
      83616   3483.979   1293.000     3.6822   3.277299     3.6814   3.278652      94.80     0.0094     2.4828     2.2142  2.0386984  1.0854701   48.44344  -46.66424    34.9185    34.9354     3.5837     3.5829    27.7640    27.7776    5.91745    6.07787         17 0.0000e+00
      83637   3484.836   1292.000     3.6823   3.277272     3.6815   3.278626      95.90     0.0085     2.4828     2.2145  2.0382152  1.0854701   48.44345  -46.66424    34.9185    34.9354     3.5840     3.5832    27.7640    27.7776    5.92320    6.07260         26 0.0000e+00
