data/CTD/2013/CNV/U021A016.CNV
* Sea-Bird SBE 9 Data File:
* FileName = C:\CTD_ACQUISITION\2013021HUD\ctddata\021A016.hdr
* Software Version Seasave V 7.22.2
* Temperature SN = 5081
* Conductivity SN = 3561
* Number of Bytes Per Scan = 37
* Number of Voltage Words = 4
* Number of Scans Averaged by the Deck Unit = 1
* NMEA Latitude = 46 59.94 N
* NMEA Longitude = 046 54.47 W
* NMEA UTC (Time) = Jul 02 2013 01:17:23
* NMEA baud rate = 9600
** Ship: Hudson
** Cruise: HUD2013021
** Chief_Scientist: Greenan
** Organization: BIO
** Area_of_Operation: Sackville Spur
** Station: 16
** Sounding:  1195
** Event_Comments: FC17.5  393119
# nquan = 25
# nvalues = 1182                        
# units = specified
# name 0 = scan: Scan Count
# name 1 = timeS: Time, Elapsed [seconds]
# name 2 = prDM: Pressure, Digiquartz [db]
# name 3 = t068C: Temperature [ITS-68, deg C]
# name 4 = c0S/m: Conductivity [S/m]
# name 5 = t168C: Temperature, 2 [ITS-68, deg C]
# name 6 = c1S/m: Conductivity, 2 [S/m]
# name 7 = altM: Altimeter [m]
# name 8 = flCUVA: Fluorescence, Chelsea UV Aquatracka [ug/l]
# name 9 = sbeox0V: Oxygen raw, SBE 43 [V]
# name 10 = sbeox1V: Oxygen raw, SBE 43, 2 [V]
# name 11 = upoly0: Upoly 0, Optode 4330F - O2 D-Phase
# name 12 = upoly1: Upoly 1, Optode 4330F - O2 Temp
# name 13 = latitude: Latitude [deg]
# name 14 = longitude: Longitude [deg]
# name 15 = sal00: Salinity, Practical [PSU]
# name 16 = sal11: Salinity, Practical, 2 [PSU]
# name 17 = potemp068C: Potential Temperature [ITS-68, deg C]
# name 18 = potemp168C: Potential Temperature, 2 [ITS-68, deg C]
# name 19 = sigma-é00: Density [sigma-theta, Kg/m^3]
# name 20 = sigma-é11: Density, 2 [sigma-theta, Kg/m^3]
# name 21 = sbeox0ML/L: Oxygen, SBE 43 [ml/l], WS = 2
# name 22 = sbeox1ML/L: Oxygen, SBE 43, 2 [ml/l], WS = 2
# name 23 = nbin: number of scans per bin
# name 24 = flag: flag
# span 0 =      38252,      64793       
# span 1 =   1593.787,   2699.665       
# span 2 =      1.000,   1182.000       
# span 3 =     0.1774,     6.3040       
# span 4 =   2.793280,   3.293284       
# span 5 =     0.1601,     6.3012       
# span 6 =   2.793428,   3.294596       
# span 7 =       3.36,     120.18       
# span 8 =     0.0053,     0.1322       
# span 9 =     2.5112,     3.3877       
# span 10 =     2.2608,     3.0294      
# span 11 =  1.7251661,  2.0296264      
# span 12 =  0.6701570,  1.4064255      
# span 13 =   46.99602,   46.99680      
# span 14 =  -46.90906,  -46.90820      
# span 15 =    32.8062,    34.9118      
# span 16 =    32.8244,    34.9277      
# span 17 =     0.1756,     6.3039      
# span 18 =     0.1584,     6.3011      
# span 19 =    25.7855,    27.7509      
# span 20 =    25.7978,    27.7636      
# span 21 =    5.90519,    8.37035      
# span 22 =    6.10256,    8.45500      
# span 23 =         10,        481      
# span 24 = 0.0000e+00, 0.0000e+00      
# interval = decibars: 1                
# start_time = Jul 02 2013 01:17:23 [NMEA time, header]
# bad_flag = -9.990e-29
*END*
[from data line 116]
      41093   1712.160   1066.000     3.8372   3.280203     3.8369   3.281507      87.98     0.0161     2.5719     2.3060  2.0094013  1.1036032   46.99629  -46.90822    34.9038    34.9195     3.7567     3.7574    27.7349    27.7475    6.00755    6.19399         51 0.0000e+00
      41144   1714.288   1065.000     3.8362   3.280056     3.8362   3.281401      45.29     0.0141     2.5732     2.3075  2.0071292  1.1048381   46.99628  -46.90822    34.9036    34.9196     3.7557     3.7555    27.7349    27.7476    6.01001    6.19497         33 0.0000e+00
      41166   1715.215   1064.000     3.8370   3.280072     3.8374   3.281445      97.89     0.0190     2.5738     2.3080  2.0073252  1.1047006   46.99626  -46.90822    34.9034    34.9193     3.7566     3.7569    27.7346    27.7473    6.00374    6.20061         20 0.0000e+00
      41184   1715.963   1063.000     3.8387   3.280167     3.8384   3.281488      96.80     0.0212     2.5732     2.3085  2.0073261  1.1045743   46.99626  -46.90822    34.9034    34.9193     3.7583     3.7580    27.7344    27.7471    6.00339    6.19706         17 0.0000e+00
      41200   1716.611   1062.000     3.8411   3.280342     3.8407   3.281644      19.95     0.0205     2.5748     2.3086  2.0074143  1.1047462   46.99626  -46.90822    34.9033    34.9192     3.7609     3.7604    27.7341    27.7468    6.01231    6.19169         14 0.0000e+00
      41214   1717.193   1061.000     3.8432   3.280471     3.8426   3.281760      61.34     0.0203     2.5742     2.3088  2.0073252  1.1047444   46.99626  -46.90824    34.9032    34.9191     3.7630     3.7623    27.7338    27.7465    5.99846    6.19561         14 0.0000e+00
      41227   1717.757   1060.000     3.8443   3.280519     3.8435   3.281797      95.92     0.0170     2.5743     2.3091  2.0073261  1.1048295   46.99626  -46.90824    34.9031    34.9191     3.7642     3.7634    27.7336    27.7464    6.00280    6.20148         14 0.0000e+00
      41242   1718.361   1059.000     3.8447   3.280498     3.8440   3.281782      96.80     0.0154     2.5743     2.3098  2.0073261  1.1050019   46.99626  -46.90824    34.9030    34.9189     3.7646     3.7639    27.7334    27.7462    6.00119    6.20661         15 0.0000e+00
      41261   1719.153   1058.000     3.8447   3.280456     3.8440   3.281733      71.02     0.0173     2.5749     2.3106  2.0067329  1.1050061   46.99626  -46.90824    34.9030    34.9188     3.7647     3.7686    27.7334    27.7461    6.01691    6.20555         25 0.0000e+00
      41312   1721.273   1057.000     3.8437   3.280350     3.8433   3.281647      84.47     0.0174     2.5772     2.3118  2.0052183  1.1049085   46.99626  -46.90824    34.9033    34.9190     3.7638     3.7625    27.7337    27.7464    6.01289    6.20089         59 0.0000e+00
      41344   1722.644   1056.000     3.8437   3.280281     3.8433   3.281593      29.93     0.0174     2.5774     2.3123  2.0047967  1.1050092   46.99625  -46.90824    34.9030    34.9189     3.7639     3.7635    27.7335    27.7462    6.00843    6.19570         19 0.0000e+00
      41361   1723.312   1055.000     3.8442   3.280267     3.8438   3.281564      49.38     0.0194     2.5775     2.3120  2.0049603  1.1048535   46.99624  -46.90824    34.9028    34.9186     3.7645     3.7640    27.7333    27.7460    6.00618    6.19343         16 0.0000e+00
      41376   1723.969   1054.000     3.8453   3.280305     3.8448   3.281605      95.84     0.0198     2.5775     2.3123  2.0048101  1.1048535   46.99624  -46.90826    34.9026    34.9185     3.7657     3.7651    27.7330    27.7458    6.00885    6.19631         16 0.0000e+00
      41392   1724.621   1053.000     3.8468   3.280389     3.8462   3.281682      22.46     0.0165     2.5778     2.3123  2.0048077  1.1050004   46.99624  -46.90826    34.9025    34.9184     3.7672     3.7703    27.7328    27.7455    6.01397    6.20173         16 0.0000e+00
      41409   1725.321   1052.000     3.8475   3.280412     3.8468   3.281687      76.61     0.0156     2.5783     2.3129  2.0047417  1.1048651   46.99624  -46.90826    34.9025    34.9184     3.7680     3.7674    27.7327    27.7454    6.01624    6.21039         17 0.0000e+00
      41429   1726.158   1051.000     3.8476   3.280371     3.8469   3.281655      82.90     0.0160     2.5792     2.3139  2.0044622  1.1050047   46.99624  -46.90826    34.9025    34.9184     3.7682     3.7675    27.7327    27.7454    6.02090    6.21589         23 0.0000e+00
      41455   1727.238   1050.000     3.8475   3.280323     3.8469   3.281601      63.52     0.0139     2.5805     2.3152  2.0047128  1.1055057   46.99624  -46.90826    34.9025    34.9183     3.7682     3.7675    27.7327    27.7454    6.03410    6.21661         29 0.0000e+00
      41483   1728.406   1049.000     3.8474   3.280262     3.8464   3.281516      73.85     0.0118     2.5825     2.3163  2.0048380  1.1062332   46.99624  -46.90826    34.9024    34.9183     3.7682     3.7695    27.7326    27.7454    6.02900    6.21565         26 0.0000e+00
      41507   1729.435   1048.000     3.8467   3.280149     3.8451   3.281320      97.18     0.0106     2.5830     2.3167  2.0046687  1.1061732   46.99623  -46.90828    34.9023    34.9179     3.7675     3.7659    27.7326    27.7452    6.02914    6.20734         23 0.0000e+00
      41530   1730.365   1047.000     3.8457   3.279979     3.8447   3.281232      56.11     0.0064     2.5842     2.3168  2.0047741  1.1060594   46.99622  -46.90828    34.9019    34.9177     3.7666     3.7656    27.7324    27.7451    6.03432    6.19735         22 0.0000e+00
      41551   1731.233   1046.000     3.8465   3.279995     3.8453   3.281230      62.13     0.0094     2.5847     2.3160  2.0045779  1.1062280   46.99622  -46.90828    34.9017    34.9176     3.7675     3.7663    27.7321    27.7449    6.01729    6.18932         20 0.0000e+00
      41570   1732.046   1045.000     3.8479   3.280062     3.8467   3.281303      96.96     0.0091     2.5839     2.3157  2.0041749  1.1062272   46.99622  -46.90828    34.9016    34.9174     3.7690     3.7678    27.7319    27.7446    6.01923    6.19832         19 0.0000e+00
      41589   1732.827   1044.000     3.8490   3.280119     3.8478   3.281359      96.73     0.0126     2.5849     2.3160  2.0040495  1.1062272   46.99622  -46.90828    34.9016    34.9175     3.7702     3.7690    27.7318    27.7445    6.02727    6.20194         19 0.0000e+00
      41608   1733.613   1043.000     3.8493   3.280120     3.8486   3.281386      26.95     0.0176     2.5851     2.3161  2.0026560  1.1062272   46.99622  -46.90829    34.9018    34.9175     3.7705     3.7698    27.7319    27.7445    6.02860    6.20214         19 0.0000e+00
      41630   1734.549   1042.000     3.8497   3.280120     3.8492   3.281410      85.50     0.0182     2.5860     2.3166  2.0024927  1.1062272   46.99622  -46.90830    34.9019    34.9177     3.7710     3.7705    27.7319    27.7445    6.02782    6.20697         27 0.0000e+00
      41663   1735.927   1041.000     3.8499   3.280087     3.8501   3.281450      79.96     0.0157     2.5858     2.3171  2.0019763  1.1062272   46.99622  -46.90830    34.9018    34.9176     3.7713     3.7715    27.7318    27.7444    6.01517    6.20047         37 0.0000e+00
      41695   1737.238   1040.000     3.8507   3.280096     3.8509   3.281456      55.07     0.0152     2.5860     2.3171  2.0022488  1.1062272   46.99622  -46.90830    34.9016    34.9175     3.7721     3.7723    27.7316    27.7442    6.02247    6.20201         24 0.0000e+00
      41716   1738.110   1039.000     3.8530   3.280255     3.8520   3.281518      97.03     0.0138     2.5859     2.3175  2.0025048  1.1062272   46.99622  -46.90832    34.9015    34.9175     3.7745     3.7735    27.7313    27.7441    6.02013    6.20234         20 0.0000e+00
      41734   1738.892   1038.000     3.8553   3.280453     3.8542   3.281691      96.75     0.0132     2.5862     2.3175  2.0024424  1.1062272   46.99621  -46.90832    34.9019    34.9177     3.7769     3.7758    27.7314    27.7441    6.01698    6.20122         18 0.0000e+00
      41753   1739.661   1037.000     3.8589   3.280754     3.8577   3.281996      20.99     0.0121     2.5863     2.3179  2.0012307  1.1066097   46.99620  -46.90832    34.9022    34.9181     3.7805     3.7794    27.7312    27.7440    6.01981    6.20057         19 0.0000e+00
      41772   1740.467   1036.000     3.8605   3.280878     3.8595   3.282126      87.92     0.0097     2.5866     2.3179  2.0009806  1.1067139   46.99620  -46.90832    34.9025    34.9183     3.7822     3.7812    27.7313    27.7439    6.02156    6.20006         20 0.0000e+00
      41793   1741.327   1035.000     3.8612   3.280910     3.8603   3.282167      38.03     0.0122     2.5867     2.3182  2.0011036  1.1071541   46.99620  -46.90832    34.9026    34.9185     3.7830     3.7821    27.7313    27.7440    6.01899    6.20335         21 0.0000e+00
      41815   1742.243   1034.000     3.8618   3.280928     3.8611   3.282213      61.86     0.0141     2.5871     2.3186  2.0011146  1.1074461   46.99620  -46.90834    34.9027    34.9187     3.7837     3.7830    27.7313    27.7441    6.01632    6.20559         23 0.0000e+00
      41839   1743.239   1033.000     3.8626   3.280967     3.8619   3.282247      96.39     0.0121     2.5871     2.3195  2.0008333  1.1074481   46.99620  -46.90834    34.9029    34.9187     3.7846     3.7839    27.7313    27.7440    6.01689    6.21047         25 0.0000e+00
      41866   1744.363   1032.000     3.8628   3.280922     3.8621   3.282207      53.03     0.0123     2.5874     2.3202  2.0011334  1.1074481   46.99620  -46.90836    34.9026    34.9185     3.7848     3.7842    27.7311    27.7438    6.01820    6.21332         29 0.0000e+00
      41894   1745.562   1031.000     3.8626   3.280842     3.8619   3.282130      83.40     0.0169     2.5874     2.3211  2.0004363  1.1074917   46.99618  -46.90837    34.9024    34.9184     3.7848     3.7840    27.7309    27.7437    6.01691    6.21428         28 0.0000e+00
      41920   1746.623   1030.000     3.8626   3.280777     3.8619   3.282061      95.70     0.0183     2.5878     2.3221  2.0001616  1.1076168   46.99618  -46.90837    34.9021    34.9181     3.7848     3.7841    27.7307    27.7435    6.02189    6.21737         22 0.0000e+00
      41940   1747.458   1029.000     3.8628   3.280745     3.8621   3.282024      44.08     0.0158     2.5884     2.3224  2.0000653  1.1082084   46.99618  -46.90838    34.9021    34.9179     3.7851     3.7844    27.7306    27.7433    6.02432    6.21371         18 0.0000e+00
      41957   1748.173   1028.000     3.8629   3.280712     3.8622   3.281996      53.94     0.0179     2.5890     2.3230  2.0002167  1.1086007   46.99620  -46.90838    34.9020    34.9179     3.7853     3.7846    27.7306    27.7433    6.02361    6.21018         17 0.0000e+00
      41974   1748.862   1027.000     3.8630   3.280672     3.8622   3.281953      95.47     0.0190     2.5889     2.3228  2.0000746  1.1085973   46.99619  -46.90838    34.9020    34.9180     3.7855     3.7847    27.7306    27.7433    6.02148    6.20098         17 0.0000e+00
      41992   1749.606   1026.000     3.8632   3.280655     3.8625   3.281931      96.41     0.0185     2.5892     2.3225  2.0023208  1.1082914   46.99619  -46.90838    34.9021    34.9179     3.7857     3.7850    27.7306    27.7433    6.01787    6.19551         19 0.0000e+00
      42018   1750.727   1025.000     3.8636   3.280656     3.8633   3.281964      56.67     0.0162     2.5895     2.3219  2.0019305  1.1083134   46.99620  -46.90838    34.9021    34.9180     3.7863     3.7859    27.7306    27.7432    6.02124    6.19541         38 0.0000e+00
      42057   1752.326   1024.000     3.8651   3.280730     3.8644   3.282014     100.34     0.0090     2.5905     2.3216  1.9994298  1.1085163   46.99620  -46.90838    34.9020    34.9179     3.7878     3.7871    27.7303    27.7430    6.02129    6.19666         29 0.0000e+00
      42077   1753.171   1023.000     3.8656   3.280739     3.8652   3.282045      81.50     0.0090     2.5903     2.3216  2.0000014  1.1080208   46.99620  -46.90838    34.9021    34.9179     3.7884     3.7880    27.7303    27.7430    6.02112    6.20155         17 0.0000e+00
      42093   1753.831   1022.000     3.8665   3.280789     3.8658   3.282075       3.36     0.0076     2.5911     2.3219  2.0000000  1.1079369   46.99620  -46.90839    34.9022    34.9181     3.7894     3.7887    27.7303    27.7431    6.02150    6.20525         15 0.0000e+00
      42108   1754.468   1021.000     3.8670   3.280801     3.8664   3.282087      68.79     0.0067     2.5904     2.3223  1.9999250  1.1079066   46.99620  -46.90841    34.9024    34.9182     3.7899     3.7893    27.7304    27.7431    6.01521    6.20352         16 0.0000e+00
      42125   1755.150   1020.000     3.8676   3.280813     3.8667   3.282087      81.38     0.0074     2.5909     2.3224  1.9998579  1.1078095   46.99618  -46.90844    34.9024    34.9184     3.7906     3.7897    27.7303    27.7431    6.01699    6.20416         17 0.0000e+00
      42147   1756.092   1019.000     3.8679   3.280804     3.8673   3.282092      51.98     0.0101     2.5908     2.3230  1.9998070  1.1084956   46.99618  -46.90842    34.9024    34.9183     3.7910     3.7904    27.7303    27.7430    6.01133    6.20532         31 0.0000e+00
      42199   1758.247   1018.000     3.8678   3.280742     3.8670   3.282012      68.36     0.0115     2.5912     2.3227  1.9985036  1.1086367   46.99618  -46.90842    34.9024    34.9182     3.7910     3.7902    27.7303    27.7429    6.02403    6.18951         53 0.0000e+00
      42226   1759.380   1017.000     3.8680   3.280706     3.8683   3.282074      81.87     0.0172     2.5917     2.3223  1.9987071  1.1083089   46.99618  -46.90842    34.9022    34.9181     3.7913     3.7915    27.7301    27.7428    6.01924    6.19380         17 0.0000e+00
      42242   1760.022   1016.000     3.8699   3.280838     3.8696   3.282156      96.70     0.0136     2.5919     2.3224  1.9986043  1.1079708   46.99618  -46.90842    34.9023    34.9182     3.7932     3.7929    27.7300    27.7427    6.02678    6.20264         14 0.0000e+00
      42255   1760.597   1015.000     3.8712   3.280933     3.8707   3.282242      21.72     0.0137     2.5932     2.3230  1.9986906  1.1082298   46.99618  -46.90842    34.9025    34.9186     3.7946     3.7941    27.7300    27.7428    6.02566    6.21073         14 0.0000e+00
      42269   1761.163   1014.000     3.8715   3.280923     3.8709   3.282217      55.66     0.0135     2.5922     2.3235  1.9991513  1.1081997   46.99618  -46.90844    34.9026    34.9185     3.7950     3.7944    27.7301    27.7428    6.02570    6.21419         13 0.0000e+00
      42283   1761.762   1013.000     3.8710   3.280831     3.8703   3.282108      96.07     0.0146     2.5934     2.3244  1.9998372  1.1086622   46.99618  -46.90844    34.9025    34.9184     3.7946     3.7938    27.7300    27.7428    6.03199    6.21252         16 0.0000e+00
      42301   1762.491   1012.000     3.8705   3.280731     3.8696   3.281983      96.65     0.0145     2.5944     2.3248  1.9997008  1.1086692   46.99619  -46.90844    34.9024    34.9182     3.7941     3.7932    27.7300    27.7427    6.03150    6.20858         20 0.0000e+00
      42334   1763.877   1011.000     3.8702   3.280657     3.8695   3.281931      96.68     0.0140     2.5950     2.3255  1.9982078  1.1086692   46.99620  -46.90846    34.9024    34.9182     3.7940     3.7932    27.7300    27.7426    6.02771    6.20420         50 0.0000e+00
      42381   1765.817   1010.000     3.8705   3.280642     3.8698   3.281919      96.79     0.0166     2.5955     2.3253  1.9983252  1.1086692   46.99619  -46.90846    34.9024    34.9182     3.7943     3.7937    27.7300    27.7426    6.02491    6.19519         31 0.0000e+00
