data/CTD/2013/CNV/U021A052.CNV
* Sea-Bird SBE 9 Data File:
* FileName = C:\CTD_ACQUISITION\2013021HUD\ctddata\021A052.hdr
* Software Version Seasave V 7.22.2
* Temperature SN = 5081
* Conductivity SN = 3561
* Number of Bytes Per Scan = 37
* Number of Voltage Words = 4
* Number of Scans Averaged by the Deck Unit = 1
* NMEA Latitude = 48 48.44 N
* NMEA Longitude = 045 41.76 W
* NMEA UTC (Time) = Jul 05 2013 04:01:06
* NMEA baud rate = 9600
** Ship: Hudson
** Cruise: HUD2013021
** Chief_Scientist: Greenan
** Organization: BIO
** Area_of_Operation: Sackville Spur
** Station: 52
** Sounding:  1600
** Event_Comments: SS25  393213
# nquan = 25
# nvalues = 1810                        
# units = specified
# name 0 = scan: Scan Count
# name 1 = timeS: Time, Elapsed [seconds]
# name 2 = prDM: Pressure, Digiquartz [db]
# name 3 = t068C: Temperature [ITS-68, deg C]
# name 4 = c0S/m: Conductivity [S/m]
# name 5 = t168C: Temperature, 2 [ITS-68, deg C]
# name 6 = c1S/m: Conductivity, 2 [S/m]
# name 7 = altM: Altimeter [m]
# name 8 = flCUVA: Fluorescence, Chelsea UV Aquatracka [ug/l]
# name 9 = sbeox0V: Oxygen raw, SBE 43 [V]
# name 10 = sbeox1V: Oxygen raw, SBE 43, 2 [V]
# name 11 = upoly0: Upoly 0, Optode 4330F - O2 D-Phase
# name 12 = upoly1: Upoly 1, Optode 4330F - O2 Temp
# name 13 = latitude: Latitude [deg]
# name 14 = longitude: Longitude [deg]
# name 15 = sal00: Salinity, Practical [PSU]
# name 16 = sal11: Salinity, Practical, 2 [PSU]
# name 17 = potemp068C: Potential Temperature [ITS-68, deg C]
# name 18 = potemp168C: Potential Temperature, 2 [ITS-68, deg C]
# name 19 = sigma-é00: Density [sigma-theta, Kg/m^3]
# name 20 = sigma-é11: Density, 2 [sigma-theta, Kg/m^3]
# name 21 = sbeox0ML/L: Oxygen, SBE 43 [ml/l], WS = 2
# name 22 = sbeox1ML/L: Oxygen, SBE 43, 2 [ml/l], WS = 2
# name 23 = nbin: number of scans per bin
# name 24 = flag: flag
# span 0 =      49708,      87021       
# span 1 =   2071.146,   3625.852       
# span 2 =      1.000,   1810.000       
# span 3 =     2.9365,     8.7705       
# span 4 =   3.116517,   3.607015       
# span 5 =     2.9236,     8.7819       
# span 6 =   3.116744,   3.609137       
# span 7 =       7.89,      98.73       
# span 8 =     0.0030,     0.9143       
# span 9 =     2.3351,     3.3685       
# span 10 =     2.0995,     3.0027      
# span 11 =  1.6786827,  2.0759453      
# span 12 =  1.0033574,  1.7145297      
# span 13 =   48.80794,   48.81028      
# span 14 =  -45.69497,  -45.69400      
# span 15 =    34.0123,    34.9220      
# span 16 =    34.0353,    34.9384      
# span 17 =     2.9319,     8.7699      
# span 18 =     2.9189,     8.7812      
# span 19 =    26.4279,    27.8149      
# span 20 =    26.4400,    27.8281      
# span 21 =    5.87106,    7.12907      
# span 22 =    5.53901,    7.24171      
# span 23 =         12,        209      
# span 24 = 0.0000e+00, 0.0000e+00      
# interval = decibars: 1                
# start_time = Jul 05 2013 04:01:06 [NMEA time, header]
# bad_flag = -9.990e-29
*END*
[from data line 522]
      60620   2525.811   1288.000     3.6480   3.274201     3.6487   3.275655      95.80     0.0160     2.4717     2.2079  2.0427392  1.0805860   48.80834  -45.69476    34.9204    34.9369     3.5503     3.5510    27.7689    27.7820    5.88763    6.05604         18 0.0000e+00
      60637   2526.518   1287.000     3.6487   3.274233     3.6492   3.275663      95.81     0.0166     2.4726     2.2081  2.0427351  1.0805861   48.80834  -45.69476    34.9204    34.9369     3.5512     3.5516    27.7688    27.7819    5.89387    6.05251         16 0.0000e+00
      60654   2527.212   1286.000     3.6494   3.274253     3.6497   3.275671      94.51     0.0165     2.4727     2.2084  2.0427351  1.0805861   48.80834  -45.69476    34.9205    34.9370     3.5519     3.5566    27.7688    27.7819    5.89169    6.05171         17 0.0000e+00
      60672   2527.949   1285.000     3.6500   3.274264     3.6501   3.275666      94.11     0.0164     2.4731     2.2085  2.0427985  1.0805861   48.80834  -45.69476    34.9205    34.9370     3.5526     3.5527    27.7687    27.7819    5.89624    6.05136         19 0.0000e+00
      60692   2528.797   1284.000     3.6503   3.274251     3.6505   3.275654      62.57     0.0148     2.4738     2.2088  2.0428452  1.0805861   48.80834  -45.69476    34.9205    34.9369     3.5530     3.5532    27.7687    27.7818    5.90250    6.04467         22 0.0000e+00
      60716   2529.802   1283.000     3.6506   3.274227     3.6507   3.275629      95.35     0.0134     2.4749     2.2084  2.0455241  1.0805861   48.80834  -45.69476    34.9205    34.9370     3.5533     3.5534    27.7686    27.7818    5.89845    6.04356         26 0.0000e+00
      60741   2530.851   1282.000     3.6511   3.274225     3.6510   3.275610      95.80     0.0133     2.4755     2.2087  2.0464129  1.0805861   48.80834  -45.69476    34.9204    34.9370     3.5539     3.5537    27.7685    27.7817    5.90379    6.04948         23 0.0000e+00
      60763   2531.765   1281.000     3.6516   3.274218     3.6520   3.275640      58.57     0.0125     2.4764     2.2089  2.0433831  1.0810590   48.80834  -45.69476    34.9202    34.9368     3.5546     3.5548    27.7683    27.7815    5.90195    6.04885         21 0.0000e+00
      60783   2532.568   1280.000     3.6523   3.274235     3.6530   3.275693      95.51     0.0122     2.4767     2.2091  2.0427308  1.0812658   48.80834  -45.69476    34.9202    34.9368     3.5553     3.5560    27.7683    27.7814    5.90131    6.04851         18 0.0000e+00
      60801   2533.316   1279.000     3.6530   3.274258     3.6537   3.275713      95.24     0.0114     2.4772     2.2094  2.0427351  1.0814688   48.80836  -45.69476    34.9203    34.9368     3.5561     3.5567    27.7682    27.7813    5.89698    6.04939         18 0.0000e+00
      60819   2534.083   1278.000     3.6539   3.274302     3.6543   3.275723      94.63     0.0076     2.4771     2.2095  2.0427351  1.0818068   48.80836  -45.69476    34.9204    34.9368     3.5570     3.5574    27.7682    27.7812    5.88524    6.04702         19 0.0000e+00
      60840   2534.943   1277.000     3.6545   3.274305     3.6547   3.275715      63.56     0.0110     2.4766     2.2097  2.0427351  1.0818071   48.80836  -45.69476    34.9203    34.9368     3.5577     3.5578    27.7681    27.7812    5.88320    6.04978         23 0.0000e+00
      60865   2535.984   1276.000     3.6550   3.274308     3.6547   3.275687      75.45     0.0138     2.4770     2.2103  2.0427351  1.0818071   48.80836  -45.69476    34.9203    34.9369     3.5583     3.5607    27.7680    27.7813    5.89694    6.05839         27 0.0000e+00
      60892   2537.129   1275.000     3.6549   3.274256     3.6548   3.275629      62.81     0.0141     2.4775     2.2112  2.0427351  1.0816630   48.80836  -45.69476    34.9203    34.9367     3.5583     3.5580    27.7680    27.7811    5.90000    6.05920         26 0.0000e+00
      60915   2538.089   1274.000     3.6554   3.274247     3.6557   3.275656      66.86     0.0165     2.4783     2.2118  2.0427351  1.0818110   48.80836  -45.69476    34.9201    34.9365     3.5589     3.5591    27.7678    27.7808    5.90234    6.04904         20 0.0000e+00
      60934   2538.861   1273.000     3.6563   3.274281     3.6571   3.275744      96.01     0.0168     2.4785     2.2114  2.0427351  1.0818071   48.80836  -45.69476    34.9201    34.9365     3.5598     3.5606    27.7677    27.7807    5.89290    6.04243         18 0.0000e+00
      60950   2539.540   1272.000     3.6574   3.274326     3.6589   3.275863      95.64     0.0148     2.4783     2.2113  2.0423291  1.0818071   48.80836  -45.69476    34.9200    34.9366     3.5610     3.5625    27.7675    27.7806    5.89844    6.04961         15 0.0000e+00
      60966   2540.193   1271.000     3.6591   3.274439     3.6603   3.275936      92.18     0.0130     2.4790     2.2120  2.0418148  1.0818071   48.80836  -45.69476    34.9200    34.9365     3.5628     3.5639    27.7673    27.7804    5.90937    6.05297         16 0.0000e+00
      60982   2540.865   1270.000     3.6606   3.274531     3.6608   3.275954      51.89     0.0124     2.4802     2.2120  2.0416601  1.0818071   48.80836  -45.69476    34.9200    34.9366     3.5643     3.5646    27.7672    27.7804    5.90425    6.04925         17 0.0000e+00
      61000   2541.619   1269.000     3.6613   3.274556     3.6614   3.275956      93.32     0.0140     2.4801     2.2121  2.0424032  1.0818071   48.80836  -45.69476    34.9201    34.9366     3.5651     3.5652    27.7671    27.7803    5.89881    6.04789         20 0.0000e+00
      61022   2542.557   1268.000     3.6613   3.274517     3.6617   3.275938      95.75     0.0155     2.4807     2.2123  2.0427268  1.0818071   48.80836  -45.69476    34.9201    34.9366     3.5653     3.5655    27.7671    27.7803    5.90095    6.05245         25 0.0000e+00
      61051   2543.733   1267.000     3.6615   3.274487     3.6617   3.275889      68.90     0.0172     2.4807     2.2131  2.0424492  1.0820113   48.80837  -45.69476    34.9200    34.9364     3.5655     3.5657    27.7671    27.7801    5.88869    6.05439         30 0.0000e+00
      61078   2544.890   1266.000     3.6621   3.274485     3.6621   3.275883      96.66     0.0153     2.4804     2.2134  2.0421143  1.0821157   48.80838  -45.69475    34.9199    34.9364     3.5662     3.5694    27.7669    27.7801    5.89424    6.05052         24 0.0000e+00
      61100   2545.796   1265.000     3.6628   3.274498     3.6631   3.275913      95.62     0.0134     2.4808     2.2135  2.0427516  1.0821750   48.80838  -45.69474    34.9198    34.9363     3.5669     3.5672    27.7668    27.7798    5.89918    6.05414         20 0.0000e+00
      61118   2546.540   1264.000     3.6635   3.274529     3.6635   3.275916      65.93     0.0108     2.4810     2.2141  2.0427351  1.0825245   48.80838  -45.69474    34.9199    34.9364     3.5678     3.5677    27.7667    27.7799    5.90253    6.05783         17 0.0000e+00
      61134   2547.221   1263.000     3.6641   3.274538     3.6638   3.275908      54.83     0.0134     2.4823     2.2144  2.0427351  1.0825697   48.80838  -45.69474    34.9199    34.9365     3.5684     3.5681    27.7667    27.7799    5.89873    6.05885         16 0.0000e+00
      61151   2547.900   1262.000     3.6643   3.274517     3.6639   3.275871      85.55     0.0171     2.4815     2.2149  2.0428753  1.0830169   48.80838  -45.69474    34.9199    34.9365     3.5687     3.5682    27.7667    27.7799    5.89261    6.06419         17 0.0000e+00
      61169   2548.653   1261.000     3.6644   3.274486     3.6640   3.275839      95.67     0.0131     2.4819     2.2156  2.0430532  1.0830281   48.80838  -45.69474    34.9200    34.9365     3.5689     3.5684    27.7667    27.7799    5.89302    6.06366         19 0.0000e+00
      61192   2549.611   1260.000     3.6645   3.274444     3.6642   3.275809      65.86     0.0153     2.4820     2.2163  2.0425172  1.0829835   48.80838  -45.69474    34.9199    34.9364     3.5690     3.5688    27.7666    27.7798    5.90082    6.06336         27 0.0000e+00
      61220   2550.779   1259.000     3.6647   3.274417     3.6644   3.275778      96.46     0.0134     2.4829     2.2172  2.0422771  1.0830293   48.80838  -45.69474    34.9198    34.9364     3.5694     3.5690    27.7665    27.7797    5.89902    6.07035         27 0.0000e+00
      61244   2551.773   1258.000     3.6649   3.274394     3.6656   3.275836      95.77     0.0118     2.4826     2.2182  2.0426266  1.0830281   48.80838  -45.69474    34.9198    34.9363     3.5697     3.5703    27.7665    27.7795    5.89253    6.06990         21 0.0000e+00
      61263   2552.596   1257.000     3.6662   3.274446     3.6667   3.275884      95.76     0.0088     2.4833     2.2186  2.0426717  1.0830281   48.80838  -45.69474    34.9197    34.9362     3.5710     3.5714    27.7662    27.7794    5.89656    6.06421         19 0.0000e+00
      61283   2553.399   1256.000     3.6672   3.274487     3.6677   3.275937      74.80     0.0130     2.4829     2.2187  2.0423064  1.0830281   48.80838  -45.69474    34.9195    34.9363     3.5721     3.5725    27.7660    27.7793    5.89083    6.04595         20 0.0000e+00
      61303   2554.255   1255.000     3.6679   3.274513     3.6681   3.275929      76.78     0.0143     2.4833     2.2175  2.0415282  1.0830281   48.80840  -45.69474    34.9196    34.9362     3.5729     3.5730    27.7660    27.7792    5.90297    6.03446         22 0.0000e+00
      61325   2555.183   1254.000     3.6685   3.274529     3.6684   3.275913      95.62     0.0143     2.4842     2.2170  2.0415142  1.0830281   48.80840  -45.69474    34.9196    34.9363     3.5736     3.5734    27.7660    27.7792    5.90406    6.04636         22 0.0000e+00
      61347   2556.066   1253.000     3.6690   3.274521     3.6689   3.275909      94.00     0.0130     2.4849     2.2172  2.0415142  1.0830281   48.80840  -45.69474    34.9196    34.9362     3.5741     3.5740    27.7658    27.7791    5.90382    6.05700         20 0.0000e+00
      61365   2556.849   1252.000     3.6697   3.274531     3.6701   3.275954      49.89     0.0111     2.4848     2.2175  2.0415142  1.0830281   48.80840  -45.69474    34.9194    34.9359     3.5750     3.5753    27.7656    27.7788    5.90536    6.04658         18 0.0000e+00
      61383   2557.580   1251.000     3.6701   3.274535     3.6711   3.276011      95.72     0.0127     2.4860     2.2172  2.0423005  1.0830281   48.80840  -45.69474    34.9196    34.9360     3.5754     3.5763    27.7657    27.7787    5.90257    6.04066         17 0.0000e+00
      61401   2558.313   1250.000     3.6714   3.274599     3.6716   3.276014      80.95     0.0105     2.4856     2.2168  2.0427351  1.0830281   48.80840  -45.69474    34.9194    34.9360     3.5768     3.5769    27.7655    27.7787    5.90217    6.04124         18 0.0000e+00
      61420   2559.131   1249.000     3.6719   3.274602     3.6724   3.276038      69.30     0.0075     2.4865     2.2170  2.0425715  1.0830281   48.80840  -45.69473    34.9195    34.9359     3.5773     3.5778    27.7655    27.7785    5.90146    6.05086         22 0.0000e+00
      61444   2560.138   1248.000     3.6730   3.274652     3.6730   3.276043      94.42     0.0061     2.4865     2.2177  2.0415442  1.0830281   48.80840  -45.69472    34.9195    34.9359     3.5785     3.5785    27.7653    27.7784    5.89624    6.06005         27 0.0000e+00
      61472   2561.281   1247.000     3.6726   3.274581     3.6735   3.276034      79.82     0.0087     2.4866     2.2183  2.0415142  1.0833600   48.80842  -45.69472    34.9195    34.9358     3.5782     3.5791    27.7653    27.7783    5.90038    6.05194         26 0.0000e+00
      61495   2562.236   1246.000     3.6734   3.274584     3.6744   3.276066      74.52     0.0116     2.4869     2.2187  2.0415142  1.0841328   48.80842  -45.69472    34.9191    34.9357     3.5791     3.5801    27.7650    27.7781    5.90046    6.05555         20 0.0000e+00
      61514   2563.040   1245.000     3.6750   3.274664     3.6757   3.276130      94.65     0.0100     2.4876     2.2190  2.0415142  1.0842488   48.80842  -45.69472    34.9190    34.9356     3.5807     3.5814    27.7647    27.7779    5.90642    6.04890         19 0.0000e+00
      61532   2563.796   1244.000     3.6763   3.274743     3.6771   3.276217      95.32     0.0129     2.4877     2.2189  2.0385942  1.0842491   48.80842  -45.69472    34.9190    34.9356     3.5821     3.5829    27.7646    27.7778    5.90878    6.04706         18 0.0000e+00
      61551   2564.571   1243.000     3.6773   3.274795     3.6783   3.276277      62.78     0.0150     2.4887     2.2190  2.0385575  1.0842491   48.80842  -45.69472    34.9191    34.9356     3.5832     3.5841    27.7646    27.7776    5.90797    6.05277         19 0.0000e+00
      61571   2565.402   1242.000     3.6784   3.274850     3.6795   3.276336      76.56     0.0140     2.4889     2.2194  2.0396919  1.0842491   48.80842  -45.69472    34.9191    34.9355     3.5843     3.5854    27.7645    27.7774    5.91048    6.05431         21 0.0000e+00
      61593   2566.327   1241.000     3.6799   3.274940     3.6810   3.276431      72.06     0.0149     2.4903     2.2199  2.0415008  1.0842491   48.80842  -45.69472    34.9190    34.9356     3.5860     3.5870    27.7642    27.7773    5.91299    6.05762         23 0.0000e+00
      61617   2567.349   1240.000     3.6800   3.274901     3.6823   3.276500      76.99     0.0094     2.4904     2.2206  2.0415142  1.0842491   48.80842  -45.69472    34.9190    34.9355     3.5861     3.5884    27.7642    27.7771    5.90431    6.05794         25 0.0000e+00
      61641   2568.343   1239.000     3.6813   3.274967     3.6839   3.276574      77.68     0.0142     2.4904     2.2209  2.0415714  1.0842491   48.80844  -45.69470    34.9189    34.9353     3.5875     3.5900    27.7640    27.7768    5.89906    6.05254         22 0.0000e+00
      61662   2569.196   1238.000     3.6826   3.275025     3.6848   3.276615      95.71     0.0148     2.4905     2.2210  2.0412464  1.0843821   48.80844  -45.69470    34.9187    34.9353     3.5888     3.5910    27.7637    27.7767    5.90248    6.05106         19 0.0000e+00
      61680   2569.940   1237.000     3.6841   3.275122     3.6855   3.276637      95.79     0.0150     2.4909     2.2213  2.0387061  1.0852824   48.80844  -45.69470    34.9188    34.9353     3.5904     3.5918    27.7636    27.7766    5.90478    6.04654         17 0.0000e+00
      61696   2570.640   1236.000     3.6851   3.275169     3.6859   3.276626      57.65     0.0144     2.4908     2.2210  2.0390048  1.0852547   48.80844  -45.69470    34.9188    34.9352     3.5915     3.5923    27.7635    27.7765    5.89796    6.04252         17 0.0000e+00
      61714   2571.374   1235.000     3.6863   3.275226     3.6868   3.276662      82.54     0.0138     2.4910     2.2209  2.0392003  1.0852131   48.80844  -45.69470    34.9187    34.9353     3.5928     3.5932    27.7633    27.7764    5.89507    6.05354         19 0.0000e+00
      61734   2572.206   1234.000     3.6870   3.275242     3.6879   3.276705      93.75     0.0135     2.4908     2.2217  2.0391295  1.0854630   48.80844  -45.69470    34.9187    34.9351     3.5935     3.5944    27.7632    27.7762    5.90019    6.05788         22 0.0000e+00
      61759   2573.239   1233.000     3.6875   3.275253     3.6883   3.276695      68.74     0.0110     2.4913     2.2222  2.0391173  1.0854701   48.80844  -45.69470    34.9187    34.9351     3.5942     3.5949    27.7632    27.7761    5.90307    6.06013         27 0.0000e+00
      61787   2574.409   1232.000     3.6881   3.275249     3.6885   3.276668      70.24     0.0113     2.4914     2.2231  2.0383251  1.0854701   48.80846  -45.69470    34.9185    34.9350     3.5949     3.5952    27.7630    27.7760    5.89174    6.06083         27 0.0000e+00
