data/CTD/2013/CNV/U021A015.CNV
* Sea-Bird SBE 9 Data File:
* FileName = C:\CTD_ACQUISITION\2013021HUD\ctddata\021A015.hdr
* Software Version Seasave V 7.22.2
* Temperature SN = 5081
* Conductivity SN = 3561
* Number of Bytes Per Scan = 37
* Number of Voltage Words = 4
* Number of Scans Averaged by the Deck Unit = 1
* NMEA Latitude = 46 59.86 N
* NMEA Longitude = 047 00.97 W
* NMEA UTC (Time) = Jul 01 2013 23:47:27
* NMEA baud rate = 9600
** Ship: Hudson
** Cruise: HUD2013021
** Chief_Scientist: Greenan
** Organization: BIO
** Area_of_Operation: Sackville Spur
** Station: 15
** Sounding:  1154
** Event_Comments: FC17  393117
# nquan = 25
# nvalues = 1142                        
# units = specified
# name 0 = scan: Scan Count
# name 1 = timeS: Time, Elapsed [seconds]
# name 2 = prDM: Pressure, Digiquartz [db]
# name 3 = t068C: Temperature [ITS-68, deg C]
# name 4 = c0S/m: Conductivity [S/m]
# name 5 = t168C: Temperature, 2 [ITS-68, deg C]
# name 6 = c1S/m: Conductivity, 2 [S/m]
# name 7 = altM: Altimeter [m]
# name 8 = flCUVA: Fluorescence, Chelsea UV Aquatracka [ug/l]
# name 9 = sbeox0V: Oxygen raw, SBE 43 [V]
# name 10 = sbeox1V: Oxygen raw, SBE 43, 2 [V]
# name 11 = upoly0: Upoly 0, Optode 4330F - O2 D-Phase
# name 12 = upoly1: Upoly 1, Optode 4330F - O2 Temp
# name 13 = latitude: Latitude [deg]
# name 14 = longitude: Longitude [deg]
# name 15 = sal00: Salinity, Practical [PSU]
# name 16 = sal11: Salinity, Practical, 2 [PSU]
# name 17 = potemp068C: Potential Temperature [ITS-68, deg C]
# name 18 = potemp168C: Potential Temperature, 2 [ITS-68, deg C]
# name 19 = sigma-é00: Density [sigma-theta, Kg/m^3]
# name 20 = sigma-é11: Density, 2 [sigma-theta, Kg/m^3]
# name 21 = sbeox0ML/L: Oxygen, SBE 43 [ml/l], WS = 2
# name 22 = sbeox1ML/L: Oxygen, SBE 43, 2 [ml/l], WS = 2
# name 23 = nbin: number of scans per bin
# name 24 = flag: flag
# span 0 =      46915,      72719       
# span 1 =   1954.733,   3029.923       
# span 2 =      1.000,   1142.000       
# span 3 =    -0.3777,     6.8881       
# span 4 =   2.737960,   3.297617       
# span 5 =    -0.3908,     6.8906       
# span 6 =   2.738141,   3.299197       
# span 7 =       5.77,     105.01       
# span 8 =     0.0062,     0.2127       
# span 9 =     2.5120,     3.4085       
# span 10 =     2.2638,     3.0583      
# span 11 =  1.7196931,  2.0304191      
# span 12 =  0.6019544,  1.4781579      
# span 13 =   46.99401,   46.99546      
# span 14 =  -47.01837,  -47.01637      
# span 15 =    32.5739,    34.9123      
# span 16 =    32.5889,    34.9280      
# span 17 =    -0.3791,     6.8880      
# span 18 =    -0.3923,     6.8905      
# span 19 =    25.5231,    27.7514      
# span 20 =    25.5346,    27.7639      
# span 21 =    5.88170,    8.51390      
# span 22 =    6.11061,    8.60536      
# span 23 =         12,        374      
# span 24 = 0.0000e+00, 0.0000e+00      
# interval = decibars: 1                
# start_time = Jul 01 2013 23:47:27 [NMEA time, header]
# bad_flag = -9.990e-29
*END*
[from data line 1102]
      70931   2955.414     40.000    -0.1511   2.752812    -0.1204   2.756297      86.86     0.0758     3.1890     2.8766  1.9584144  0.6044677   46.99410  -47.01824    33.1404    33.1533    -0.1524    -0.1217    26.6123    26.6212    8.31446    8.47833         17 0.0000e+00
      70948   2956.112     39.000    -0.0730   2.759062    -0.0378   2.762936      95.35     0.0796     3.2134     2.8986  1.9519999  0.6020709   46.99410  -47.01824    33.1390    33.1520    -0.0742    -0.0390    26.6075    26.6163    8.41286    8.56550         17 0.0000e+00
      70966   2956.867     38.000     0.0341   2.767540     0.0992   2.773577      91.06     0.1080     3.2401     2.9213  1.9519941  0.6019544   46.99410  -47.01824    33.1355    33.1446     0.0329     0.0979    26.5995    26.6037    8.46380    8.60536         19 0.0000e+00
      70988   2957.775     37.000     0.2182   2.781601     0.4156   2.799286      86.61     0.1577     3.2721     2.9492  1.9483442  0.6059355   46.99410  -47.01824    33.1221    33.1408     0.2169     0.4143    26.5794    26.5842    8.49032    8.58461         25 0.0000e+00
      71015   2958.937     36.000     0.5718   2.808312     0.7160   2.822501      86.33     0.1645     3.3075     2.9783  1.9451135  0.6100321   46.99410  -47.01824    33.0913    33.1210     0.5704     0.7146    26.5358    26.5514    8.39860    8.48795         31 0.0000e+00
      71048   2960.287     35.000     0.7613   2.823628     0.9440   2.840029      90.69     0.1545     3.3377     3.0016  1.9351684  0.6243694   46.99410  -47.01824    33.0875    33.1042     0.7600     0.9425    26.5220    26.5245    8.39207    8.49032         31 0.0000e+00
      71075   2961.408     34.000     0.9455   2.838805     1.3851   2.873876      95.42     0.1643     3.3671     3.0310  1.9333321  0.6279405   46.99410  -47.01824    33.0873    33.0693     0.9441     1.3836    26.5107    26.4684    8.51390    8.57884         24 0.0000e+00
      71096   2962.300     33.000     1.6379   2.892788     1.8190   2.908606      87.88     0.1863     3.3931     3.0524  1.9296017  0.6399384   46.99410  -47.01824    33.0429    33.0520     1.6364     1.8174    26.4299    26.4244    8.32921    8.37758         20 0.0000e+00
      71116   2963.116     32.000     2.0827   2.930553     2.2193   2.941899      95.04     0.1988     3.4065     3.0583  1.9292495  0.6401258   46.99408  -47.01824    33.0513    33.0502     2.0811     2.2176    26.4044    26.3931    8.09345    8.12526         19 0.0000e+00
      71135   2963.924     31.000     2.5010   2.964903     2.5855   2.971108      93.90     0.2083     3.4085     3.0559  1.9066036  0.6677642   46.99408  -47.01825    33.0427    33.0317     2.4993     2.5838    26.3649    26.3492    7.87863    7.94974         19 0.0000e+00
      71155   2964.748     30.000     2.8978   2.995826     2.9537   3.000864      70.64     0.2127     3.4044     3.0501  1.8962439  0.6812809   46.99408  -47.01826    33.0128    33.0168     2.8961     2.9520    26.3079    26.3063    7.72596    7.83372         21 0.0000e+00
      71176   2965.615     29.000     3.1524   3.015984     3.1699   3.018159      91.04     0.2090     3.3981     3.0447  1.8841372  0.7105353   46.99408  -47.01826    32.9972    33.0056     3.1507     3.1682    26.2732    26.2784    7.64352    7.78791         21 0.0000e+00
      71198   2966.553     28.000     3.3071   3.027661     3.3316   3.031092      95.30     0.2088     3.3920     3.0397  1.8605230  0.7748861   46.99408  -47.01826    32.9808    32.9971     3.3054     3.3299    26.2462    26.2570    7.60326    7.73232         23 0.0000e+00
      71221   2967.495     27.000     3.6868   3.058271     3.7753   3.064982      95.27     0.1892     3.3860     3.0335  1.8590100  0.7884286   46.99408  -47.01826    32.9625    32.9528     3.6851     3.7736    26.1961    26.1797    7.49980    7.61860         23 0.0000e+00
      71244   2968.438     26.000     4.3254   3.107904     4.4230   3.117036      95.15     0.1750     3.3788     3.0270  1.8525082  0.8437154   46.99408  -47.01826    32.9073    32.9167     4.3237     4.4212    26.0888    26.0862    7.36073    7.48490         23 0.0000e+00
      71268   2969.477     25.000     4.6639   3.136106     4.7344   3.142456      93.62     0.1631     3.3726     3.0216  1.8454951  0.8576248   46.99408  -47.01826    32.8996    32.9033     4.6621     4.7326    26.0473    26.0426    7.30730    7.44182         27 0.0000e+00
      71297   2970.667     24.000     4.8939   3.154438     4.8875   3.154261      74.54     0.1493     3.3713     3.0211  1.8244652  0.8974461   46.99408  -47.01827    32.8844    32.8886     4.8921     4.8858    26.0102    26.0143    7.31790    7.46275         29 0.0000e+00
      71324   2971.811     23.000     5.0665   3.168044     5.0299   3.164973      95.56     0.1285     3.3757     3.0231  1.8181087  0.9313233   46.99407  -47.01828    32.8711    32.8718     5.0648     5.0283    25.9806    25.9852    7.31728    7.44545         25 0.0000e+00
      71348   2972.797     22.000     5.2308   3.181787     5.2076   3.179853      90.67     0.1191     3.3794     3.0255  1.8119345  0.9635334   46.99406  -47.01828    32.8673    32.8681     5.2292     5.2059    25.9590    25.9623    7.28668    7.42583         23 0.0000e+00
      71371   2973.751     21.000     5.3335   3.190083     5.3024   3.187817      92.15     0.1134     3.3806     3.0271  1.8026693  0.9888158   46.99407  -47.01828    32.8618    32.8664     5.3319     5.3008    25.9429    25.9502    7.21559    7.37424         23 0.0000e+00
      71395   2974.759     20.000     5.4208   3.196931     5.3849   3.194900      90.87     0.1127     3.3740     3.0232  1.7923412  1.0185701   46.99407  -47.01828    32.8547    32.8667     5.4193     5.3834    25.9272    25.9409    7.12220    7.30847         25 0.0000e+00
      71419   2975.768     19.000     5.4868   3.202300     5.4641   3.200852      92.18     0.0977     3.3645     3.0171  1.7900465  1.0437714   46.99406  -47.01828    32.8517    32.8575     5.4853     5.4626    25.9171    25.9244    7.09216    7.25380         24 0.0000e+00
      71442   2976.727     18.000     5.5996   3.211473     5.5653   3.209051      76.33     0.0916     3.3578     3.0099  1.7875524  1.0707470   46.99406  -47.01828    32.8460    32.8522     5.5982     5.5639    25.8993    25.9082    7.06501    7.21479         22 0.0000e+00
      71465   2977.668     17.000     5.8203   3.227876     5.7825   3.226169      87.35     0.0998     3.3516     3.0038  1.7791985  1.0854923   46.99406  -47.01828    32.8167    32.8343     5.8190     5.7811    25.8498    25.8683    7.02364    7.16994         23 0.0000e+00
      71488   2978.640     16.000     6.0786   3.246395     5.9676   3.239678      90.48     0.0993     3.3476     2.9983  1.7660551  1.1096911   46.99407  -47.01827    32.7747    32.8069     6.0773     5.9663    25.7851    25.8242    6.98234    7.12919         24 0.0000e+00
      71513   2979.675     15.000     6.3612   3.266289     6.2477   3.258994      95.21     0.0940     3.3440     2.9929  1.7611630  1.1275275   46.99407  -47.01827    32.7246    32.7517     6.3600     6.2464    25.7102    25.7467    6.92773    7.06846         26 0.0000e+00
      71541   2980.835     14.000     6.5671   3.278658     6.4778   3.274153      89.37     0.0879     3.3399     2.9868  1.7546103  1.1537197   46.99406  -47.01828    32.6648    32.7004     6.5659     6.4766    25.6368    25.6763    6.88969    7.02386         29 0.0000e+00
      71569   2982.012     13.000     6.6124   3.281101     6.6437   3.283679      94.37     0.0781     3.3373     2.9831  1.7468091  1.1831881   46.99406  -47.01830    32.6489    32.6475     6.6113     6.6426    25.6184    25.6132    6.88619    7.00998         27 0.0000e+00
      71596   2983.110     12.000     6.7276   3.288553     6.7129   3.287804      95.22     0.0743     3.3360     2.9817  1.7435716  1.1961371   46.99406  -47.01830    32.6217    32.6275     6.7265     6.7118    25.5820    25.5885    6.87484    7.00531         26 0.0000e+00
      71620   2984.131     11.000     6.7757   3.291437     6.7592   3.290992      74.47     0.0753     3.3363     2.9813  1.7403848  1.2469008   46.99406  -47.01830    32.6080    32.6188     6.7748     6.7583    25.5649    25.5756    6.87313    7.00417         23 0.0000e+00
      71648   2985.276     10.000     6.8059   3.293334     6.7898   3.293062      69.02     0.0684     3.3369     2.9814  1.7386917  1.2596759   46.99406  -47.01830    32.6006    32.6130     6.8051     6.7890    25.5551    25.5670    6.86666    6.99485         33 0.0000e+00
      71685   2986.822      9.000     6.8235   3.294067     6.8092   3.294332      94.22     0.0755     3.3358     2.9812  1.7316529  1.2877508   46.99404  -47.01832    32.5925    32.6096     6.8227     6.8084    25.5464    25.5618    6.85384    6.99581         43 0.0000e+00
      71731   2988.769      8.000     6.8309   3.294145     6.8088   3.293652      90.31     0.0720     3.3374     2.9814  1.7338740  1.3302302   46.99406  -47.01830    32.5868    32.6023     6.8302     6.8081    25.5409    25.5561    6.87545    6.99599         46 0.0000e+00
      71771   2990.402      7.000     6.8596   3.295933     6.8301   3.294755      71.77     0.0720     3.3379     2.9800  1.7321639  1.3402668   46.99406  -47.01830    32.5796    32.5947     6.8590     6.8295    25.5314    25.5472    6.84392    6.96102         34 0.0000e+00
      71816   2992.274      6.000     6.8516   3.295297     6.8501   3.296296      83.81     0.0661     3.3345     2.9787  1.7337908  1.3562622   46.99405  -47.01831    32.5807    32.5930     6.8511     6.8495    25.5334    25.5433    6.85076    6.98502         67 0.0000e+00
      71878   2994.887      5.000     6.8588   3.295609     6.8657   3.297341      89.63     0.0619     3.3400     2.9814  1.7285283  1.3867588   46.99404  -47.01832    32.5777    32.5902     6.8584     6.8653    25.5301    25.5390    6.87706    6.97976         39 0.0000e+00
      71923   2996.739      4.000     6.8627   3.296183     6.8521   3.296383      54.13     0.0652     3.3409     2.9819  1.7267989  1.4047695   46.99404  -47.01832    32.5803    32.5932     6.8629     6.8517    25.5315    25.5431    6.87078    6.99019         83 0.0000e+00
      72056   3002.277      3.000     6.8524   3.295160     6.8711   3.297689     100.14     0.0692     3.3420     2.9828  1.7273879  1.4342506   46.99404  -47.01833    32.5797    32.5897     6.8524     6.8709    25.5324    25.5379    6.86125    6.98310        117 0.0000e+00
      72290   3012.042      2.000     6.8684   3.296204     6.8631   3.297065      75.93     0.0700     3.3440     2.9867  1.7246900  1.4504133   46.99402  -47.01836    32.5767    32.5911     6.8682     6.8629    25.5279    25.5400    6.86844    6.99781        374 0.0000e+00
      72719   3029.923      1.000     6.8881   3.297617     6.8906   3.299197      27.36     0.0696     3.2995     2.9210  1.7196931  1.4781579   46.99401  -47.01837    32.5739    32.5889     6.8880     6.8905    25.5231    25.5346    6.47348    6.60462         55 0.0000e+00
