data/CTD/2013/CNV/U021A050.CNV
* Sea-Bird SBE 9 Data File:
* FileName = C:\CTD_ACQUISITION\2013021HUD\ctddata\021A050.hdr
* Software Version Seasave V 7.22.2
* Temperature SN = 5081
* Conductivity SN = 3561
* Number of Bytes Per Scan = 37
* Number of Voltage Words = 4
* Number of Scans Averaged by the Deck Unit = 1
* NMEA Latitude = 48 53.75 N
* NMEA Longitude = 045 47.27 W
* NMEA UTC (Time) = Jul 05 2013 00:34:42
* NMEA baud rate = 9600
** Ship: Hudson
** Cruise: HUD2013021
** Chief_Scientist: Greenan
** Organization: BIO
** Area_of_Operation: Sackville Spur
** Station: 50
** Sounding:  2200
** Event_Comments: SS27  393209
# nquan = 25
# nvalues = 2366                        
# units = specified
# name 0 = scan: Scan Count
# name 1 = timeS: Time, Elapsed [seconds]
# name 2 = prDM: Pressure, Digiquartz [db]
# name 3 = t068C: Temperature [ITS-68, deg C]
# name 4 = c0S/m: Conductivity [S/m]
# name 5 = t168C: Temperature, 2 [ITS-68, deg C]
# name 6 = c1S/m: Conductivity, 2 [S/m]
# name 7 = altM: Altimeter [m]
# name 8 = flCUVA: Fluorescence, Chelsea UV Aquatracka [ug/l]
# name 9 = sbeox0V: Oxygen raw, SBE 43 [V]
# name 10 = sbeox1V: Oxygen raw, SBE 43, 2 [V]
# name 11 = upoly0: Upoly 0, Optode 4330F - O2 D-Phase
# name 12 = upoly1: Upoly 1, Optode 4330F - O2 Temp
# name 13 = latitude: Latitude [deg]
# name 14 = longitude: Longitude [deg]
# name 15 = sal00: Salinity, Practical [PSU]
# name 16 = sal11: Salinity, Practical, 2 [PSU]
# name 17 = potemp068C: Potential Temperature [ITS-68, deg C]
# name 18 = potemp168C: Potential Temperature, 2 [ITS-68, deg C]
# name 19 = sigma-é00: Density [sigma-theta, Kg/m^3]
# name 20 = sigma-é11: Density, 2 [sigma-theta, Kg/m^3]
# name 21 = sbeox0ML/L: Oxygen, SBE 43 [ml/l], WS = 2
# name 22 = sbeox1ML/L: Oxygen, SBE 43, 2 [ml/l], WS = 2
# name 23 = nbin: number of scans per bin
# name 24 = flag: flag
# span 0 =      62334,     114487       
# span 1 =   2597.229,   4770.258       
# span 2 =      1.000,   2366.000       
# span 3 =     2.7736,     7.7056       
# span 4 =   3.160928,   3.489807       
# span 5 =     2.7726,     7.7182       
# span 6 =   3.162208,   3.492487       
# span 7 =       2.28,      99.69       
# span 8 =     0.0031,     0.3351       
# span 9 =     2.2089,     3.3350       
# span 10 =     1.9871,     2.9754      
# span 11 =  1.7115025,  2.1035570      
# span 12 =  0.9703100,  1.5895393      
# span 13 =   48.89596,   48.89694      
# span 14 =  -45.79228,  -45.78870      
# span 15 =    32.7372,    34.9222      
# span 16 =    32.9525,    34.9385      
# span 17 =     2.5921,     7.7032      
# span 18 =     2.5910,     7.7156      
# span 19 =    25.5433,    27.8557      
# span 20 =    25.7123,    27.8691      
# span 21 =    5.88708,    6.96496      
# span 22 =    6.04739,    7.10033      
# span 23 =         13,       1063      
# span 24 = 0.0000e+00, 0.0000e+00      
# interval = decibars: 1                
# start_time = Jul 05 2013 00:34:42 [NMEA time, header]
# bad_flag = -9.990e-29
*END*
[from data line 1798]
      99781   4157.516    568.000     3.9357   3.266275     3.9350   3.267537      95.88     0.0141     2.7682     2.4692  1.9645913  1.1184375   48.89624  -45.79025    34.8926    34.9083     3.8945     3.8938    27.7119    27.7244    6.18147    6.32252         20 0.0000e+00
      99803   4158.396    567.000     3.9355   3.266209     3.9340   3.267402      92.74     0.0125     2.7676     2.4706  1.9645355  1.1184372   48.89624  -45.79026    34.8926    34.9083     3.8944     3.8929    27.7118    27.7245    6.17275    6.32397         22 0.0000e+00
      99825   4159.323    566.000     3.9346   3.266065     3.9327   3.267213      91.96     0.0141     2.7681     2.4713  1.9636376  1.1184372   48.89624  -45.79026    34.8923    34.9079     3.8936     3.8917    27.7117    27.7243    6.17379    6.32160         22 0.0000e+00
      99846   4160.218    565.000     3.9337   3.265923     3.9314   3.267020      94.86     0.0139     2.7675     2.4719  1.9636021  1.1184372   48.89626  -45.79026    34.8921    34.9076     3.8927     3.8904    27.7117    27.7242    6.17281    6.31478         21 0.0000e+00
      99867   4161.081    564.000     3.9321   3.265718     3.9305   3.266889      89.06     0.0127     2.7681     2.4718  1.9644146  1.1184372   48.89626  -45.79028    34.8919    34.9075     3.8913     3.8896    27.7116    27.7242    6.17719    6.30229         21 0.0000e+00
      99887   4161.937    563.000     3.9311   3.265569     3.9296   3.266749      95.87     0.0149     2.7680     2.4708  1.9644688  1.1183151   48.89626  -45.79028    34.8917    34.9074     3.8903     3.8888    27.7116    27.7242    6.17562    6.29276         20 0.0000e+00
      99907   4162.758    562.000     3.9302   3.265419     3.9292   3.266656      95.89     0.0142     2.7685     2.4699  1.9645921  1.1179841   48.89626  -45.79028    34.8914    34.9072     3.8895     3.8885    27.7114    27.7241    6.18197    6.29679         19 0.0000e+00
      99925   4163.505    561.000     3.9301   3.265354     3.9302   3.266710      91.49     0.0137     2.7690     2.4699  1.9645909  1.1173558   48.89626  -45.79028    34.8913    34.9073     3.8895     3.8895    27.7113    27.7241    6.18301    6.30083         17 0.0000e+00
      99942   4164.214    560.000     3.9337   3.265618     3.9349   3.267110      90.43     0.0095     2.7694     2.4698  1.9645909  1.1173598   48.89626  -45.79028    34.8911    34.9076     3.8932     3.8943    27.7108    27.7238    6.18438    6.30085         17 0.0000e+00
      99959   4164.927    559.000     3.9384   3.266067     3.9457   3.268142      94.93     0.0107     2.7702     2.4699  1.9645909  1.1172850   48.89627  -45.79029    34.8920    34.9089     3.8979     3.9051    27.7110    27.7237    6.17886    6.30566         18 0.0000e+00
      99978   4165.693    558.000     3.9436   3.266541     3.9529   3.268814      95.88     0.0138     2.7697     2.4705  1.9645909  1.1173434   48.89628  -45.79030    34.8927    34.9098     3.9031     3.9123    27.7110    27.7237    6.17666    6.30712         19 0.0000e+00
      99997   4166.517    557.000     3.9449   3.266665     3.9556   3.269084      90.91     0.0117     2.7707     2.4710  1.9642873  1.1173990   48.89628  -45.79030    34.8933    34.9106     3.9045     3.9152    27.7113    27.7240    6.18276    6.30375         20 0.0000e+00
     100018   4167.360    556.000     3.9506   3.267168     3.9562   3.269090      90.33     0.0075     2.7711     2.4712  1.9633018  1.1182603   48.89628  -45.79030    34.8937    34.9106     3.9103     3.9158    27.7111    27.7240    6.17438    6.30522         20 0.0000e+00
     100038   4168.201    555.000     3.9531   3.267393     3.9563   3.269049      63.39     0.0079     2.7710     2.4718  1.9633709  1.1183780   48.89628  -45.79032    34.8943    34.9105     3.9128     3.9160    27.7113    27.7239    6.17558    6.30236         20 0.0000e+00
     100058   4169.023    554.000     3.9555   3.267584     3.9571   3.269078      95.92     0.0092     2.7715     2.4716  1.9633700  1.1191723   48.89628  -45.79032    34.8946    34.9106     3.9152     3.9168    27.7113    27.7238    6.17105    6.29836         20 0.0000e+00
     100077   4169.848    553.000     3.9569   3.267663     3.9579   3.269120      86.88     0.0089     2.7709     2.4718  1.9633700  1.1196543   48.89628  -45.79032    34.8945    34.9107     3.9168     3.9178    27.7111    27.7238    6.17331    6.29894         20 0.0000e+00
     100097   4170.677    552.000     3.9573   3.267648     3.9586   3.269141      95.62     0.0143     2.7722     2.4718  1.9638520  1.1196581   48.89628  -45.79032    34.8945    34.9107     3.9172     3.9185    27.7110    27.7238    6.17756    6.29574         20 0.0000e+00
     100117   4171.490    551.000     3.9587   3.267754     3.9597   3.269196      94.01     0.0157     2.7719     2.4717  1.9645185  1.1196581   48.89628  -45.79032    34.8947    34.9108     3.9188     3.9196    27.7110    27.7238    6.16878    6.29772         19 0.0000e+00
     100136   4172.292    550.000     3.9592   3.267759     3.9605   3.269226      94.31     0.0155     2.7716     2.4721  1.9645267  1.1196581   48.89630  -45.79032    34.8947    34.9108     3.9193     3.9205    27.7110    27.7237    6.17541    6.30296         19 0.0000e+00
     100155   4173.078    549.000     3.9601   3.267797     3.9610   3.269222      87.80     0.0131     2.7727     2.4726  1.9635698  1.1196581   48.89630  -45.79034    34.8948    34.9108     3.9203     3.9211    27.7109    27.7236    6.18388    6.30337         19 0.0000e+00
     100173   4173.830    548.000     3.9602   3.267749     3.9604   3.269109      95.56     0.0107     2.7734     2.4728  1.9633709  1.1196581   48.89630  -45.79034    34.8947    34.9106     3.9204     3.9206    27.7108    27.7235    6.18101    6.29950         17 0.0000e+00
     100190   4174.544    547.000     3.9601   3.267680     3.9593   3.268946      95.92     0.0125     2.7738     2.4730  1.9635863  1.1196581   48.89630  -45.79034    34.8945    34.9104     3.9204     3.9196    27.7107    27.7234    6.18054    6.29910         17 0.0000e+00
     100206   4175.228    546.000     3.9596   3.267565     3.9594   3.268888      86.82     0.0145     2.7744     2.4732  1.9645885  1.1196581   48.89630  -45.79034    34.8942    34.9101     3.9200     3.9198    27.7105    27.7232    6.17985    6.29663         16 0.0000e+00
     100223   4175.931    545.000     3.9594   3.267501     3.9598   3.268872      28.46     0.0141     2.7747     2.4730  1.9645909  1.1198597   48.89632  -45.79036    34.8941    34.9100     3.9199     3.9202    27.7104    27.7230    6.17897    6.29484         18 0.0000e+00
     100241   4176.685    544.000     3.9595   3.267457     3.9595   3.268793      93.67     0.0134     2.7751     2.4732  1.9634075  1.1199136   48.89632  -45.79036    34.8941    34.9099     3.9200     3.9200    27.7104    27.7230    6.17546    6.29562         19 0.0000e+00
     100262   4177.557    543.000     3.9595   3.267415     3.9591   3.268706      95.81     0.0160     2.7746     2.4732  1.9611561  1.1197689   48.89632  -45.79036    34.8941    34.9099     3.9201     3.9197    27.7104    27.7230    6.16795    6.29407         23 0.0000e+00
     100289   4178.679    542.000     3.9595   3.267359     3.9591   3.268662      89.19     0.0143     2.7746     2.4733  1.9604040  1.1201032   48.89632  -45.79036    34.8940    34.9098     3.9202     3.9198    27.7103    27.7230    6.17017    6.29445         30 0.0000e+00
     100319   4179.901    541.000     3.9597   3.267335     3.9602   3.268707      96.13     0.0131     2.7748     2.4731  1.9603630  1.1201286   48.89632  -45.79037    34.8939    34.9098     3.9205     3.9209    27.7102    27.7228    6.17208    6.28617         26 0.0000e+00
     100340   4180.801    540.000     3.9602   3.267311     3.9607   3.268709      95.38     0.0177     2.7747     2.4728  1.9621370  1.1204133   48.89632  -45.79038    34.8937    34.9097     3.9210     3.9215    27.7100    27.7227    6.17095    6.28972         18 0.0000e+00
     100357   4181.482    539.000     3.9600   3.267228     3.9599   3.268569      90.88     0.0149     2.7749     2.4730  1.9641421  1.1208812   48.89632  -45.79038    34.8935    34.9095     3.9209     3.9208    27.7098    27.7226    6.17481    6.29192         16 0.0000e+00
     100371   4182.078    538.000     3.9602   3.267188     3.9607   3.268590      85.44     0.0163     2.7757     2.4731  1.9642146  1.1208792   48.89634  -45.79038    34.8933    34.9094     3.9212     3.9217    27.7096    27.7224    6.17140    6.29147         13 0.0000e+00
     100384   4182.642    537.000     3.9611   3.267224     3.9626   3.268732      95.79     0.0174     2.7746     2.4732  1.9643284  1.1208792   48.89634  -45.79039    34.8933    34.9096     3.9221     3.9237    27.7096    27.7224    6.16043    6.29276         14 0.0000e+00
     100398   4183.218    536.000     3.9618   3.267262     3.9638   3.268798      94.39     0.0168     2.7751     2.4733  1.9645858  1.1208792   48.89634  -45.79040    34.8935    34.9097     3.9230     3.9271    27.7096    27.7223    6.16273    6.29403         14 0.0000e+00
     100413   4183.831    535.000     3.9626   3.267300     3.9642   3.268789      95.35     0.0158     2.7746     2.4738  1.9645909  1.1208792   48.89634  -45.79040    34.8937    34.9096     3.9238     3.9254    27.7097    27.7222    6.15935    6.29646         15 0.0000e+00
     100430   4184.534    534.000     3.9634   3.267331     3.9637   3.268703      89.69     0.0162     2.7743     2.4742  1.9643366  1.1208156   48.89634  -45.79040    34.8937    34.9096     3.9247     3.9250    27.7096    27.7222    6.15633    6.29322         19 0.0000e+00
     100450   4185.357    533.000     3.9637   3.267304     3.9628   3.268554      88.79     0.0155     2.7736     2.4743  1.9633911  1.1208777   48.89634  -45.79040    34.8936    34.9094     3.9251     3.9242    27.7095    27.7221    6.15762    6.29694         21 0.0000e+00
     100470   4186.225    532.000     3.9633   3.267230     3.9623   3.268450      94.73     0.0148     2.7743     2.4753  1.9633700  1.1208184   48.89634  -45.79042    34.8936    34.9093     3.9248     3.9237    27.7095    27.7221    6.16579    6.30101         20 0.0000e+00
     100490   4187.057    531.000     3.9631   3.267161     3.9622   3.268390      86.06     0.0131     2.7743     2.4756  1.9633700  1.1208788   48.89634  -45.79042    34.8936    34.9091     3.9246     3.9237    27.7095    27.7220    6.16868    6.29869         20 0.0000e+00
     100510   4187.855    530.000     3.9629   3.267083     3.9631   3.268428      95.88     0.0163     2.7754     2.4761  1.9633700  1.1208792   48.89635  -45.79042    34.8934    34.9092     3.9245     3.9247    27.7094    27.7219    6.17363    6.30044         18 0.0000e+00
     100528   4188.641    529.000     3.9626   3.266999     3.9630   3.268371      95.88     0.0153     2.7757     2.4766  1.9633700  1.1208792   48.89636  -45.79043    34.8933    34.9092     3.9242     3.9246    27.7093    27.7219    6.16746    6.29824         20 0.0000e+00
     100549   4189.482    528.000     3.9627   3.266955     3.9625   3.268274      89.79     0.0149     2.7758     2.4768  1.9633700  1.1208792   48.89636  -45.79044    34.8932    34.9090     3.9244     3.9242    27.7092    27.7219    6.16410    6.29290         21 0.0000e+00
     100571   4190.435    527.000     3.9628   3.266916     3.9650   3.268452      91.85     0.0122     2.7759     2.4767  1.9633700  1.1208792   48.89636  -45.79044    34.8932    34.9091     3.9246     3.9268    27.7092    27.7216    6.16282    6.28736         24 0.0000e+00
     100596   4191.441    526.000     3.9640   3.266968     3.9675   3.268653      95.97     0.0118     2.7762     2.4764  1.9633700  1.1208792   48.89636  -45.79044    34.8931    34.9093     3.9258     3.9294    27.7090    27.7215    6.16544    6.29007         23 0.0000e+00
     100617   4192.333    525.000     3.9658   3.267087     3.9700   3.268851      84.22     0.0084     2.7767     2.4767  1.9633700  1.1208792   48.89636  -45.79046    34.8930    34.9095     3.9278     3.9319    27.7087    27.7215    6.17580    6.29402         20 0.0000e+00
     100635   4193.094    524.000     3.9681   3.267258     3.9705   3.268849      62.62     0.0082     2.7777     2.4771  1.9633700  1.1208792   48.89636  -45.79046    34.8931    34.9095     3.9302     3.9325    27.7086    27.7213    6.18231    6.29666         17 0.0000e+00
     100652   4193.775    523.000     3.9697   3.267358     3.9705   3.268795      95.53     0.0116     2.7788     2.4777  1.9633700  1.1208792   48.89636  -45.79046    34.8932    34.9094     3.9318     3.9325    27.7084    27.7213    6.17990    6.29743         16 0.0000e+00
     100668   4194.447    522.000     3.9706   3.267390     3.9708   3.268774      94.29     0.0144     2.7794     2.4779  1.9633700  1.1208792   48.89636  -45.79046    34.8931    34.9093     3.9328     3.9330    27.7083    27.7212    6.18017    6.29291         17 0.0000e+00
     100685   4195.164    521.000     3.9712   3.267402     3.9715   3.268786      95.55     0.0146     2.7805     2.4780  1.9616643  1.1219287   48.89636  -45.79048    34.8932    34.9093     3.9334     3.9337    27.7083    27.7211    6.18001    6.28761         18 0.0000e+00
     100704   4195.946    520.000     3.9715   3.267382     3.9725   3.268831      83.46     0.0181     2.7806     2.4777  1.9618872  1.1220347   48.89637  -45.79048    34.8932    34.9093     3.9338     3.9348    27.7082    27.7209    6.17181    6.28262         19 0.0000e+00
     100723   4196.745    519.000     3.9717   3.267361     3.9733   3.268849      95.61     0.0160     2.7810     2.4774  1.9623388  1.1220998   48.89638  -45.79048    34.8932    34.9091     3.9341     3.9357    27.7083    27.7208    6.16759    6.28125         19 0.0000e+00
     100741   4197.517    518.000     3.9726   3.267403     3.9742   3.268882      95.85     0.0148     2.7805     2.4773  1.9633646  1.1219652   48.89638  -45.79049    34.8932    34.9091     3.9351     3.9366    27.7082    27.7206    6.16234    6.28892         18 0.0000e+00
     100760   4198.284    517.000     3.9735   3.267448     3.9751   3.268925      93.69     0.0176     2.7803     2.4779  1.9633700  1.1220351   48.89638  -45.79050    34.8933    34.9093     3.9361     3.9376    27.7081    27.7207    6.16635    6.30009         19 0.0000e+00
     100778   4199.051    516.000     3.9744   3.267467     3.9754   3.268907      84.61     0.0184     2.7810     2.4790  1.9611661  1.1220992   48.89638  -45.79050    34.8932    34.9092     3.9370     3.9380    27.7079    27.7206    6.16893    6.30404         18 0.0000e+00
     100796   4199.797    515.000     3.9753   3.267500     3.9763   3.268944      95.95     0.0144     2.7806     2.4799  1.9612882  1.1221001   48.89638  -45.79050    34.8932    34.9093     3.9380     3.9389    27.7078    27.7205    6.16290    6.29535         17 0.0000e+00
     100813   4200.506    514.000     3.9763   3.267544     3.9780   3.269069      27.85     0.0128     2.7807     2.4796  1.9614320  1.1221001   48.89638  -45.79050    34.8931    34.9095     3.9391     3.9407    27.7077    27.7205    6.16289    6.28702         17 0.0000e+00
     100829   4201.173    513.000     3.9772   3.267589     3.9786   3.269088      75.38     0.0137     2.7806     2.4798  1.9633881  1.1221001   48.89638  -45.79052    34.8933    34.9095     3.9400     3.9414    27.7077    27.7204    6.16380    6.28874         15 0.0000e+00
     100845   4201.815    512.000     3.9780   3.267620     3.9785   3.269028      80.79     0.0145     2.7809     2.4800  1.9633700  1.1221001   48.89638  -45.79052    34.8933    34.9095     3.9409     3.9414    27.7076    27.7204    6.16768    6.28956         16 0.0000e+00
