data/CTD/2013/CNV/U021A048.CNV
* Sea-Bird SBE 9 Data File:
* FileName = C:\CTD_ACQUISITION\2013021HUD\ctddata\021A048.hdr
* Software Version Seasave V 7.22.2
* Temperature SN = 5081
* Conductivity SN = 3561
* Number of Bytes Per Scan = 37
* Number of Voltage Words = 4
* Number of Scans Averaged by the Deck Unit = 1
* NMEA Latitude = 48 58.29 N
* NMEA Longitude = 045 52.31 W
* NMEA UTC (Time) = Jul 04 2013 20:38:06
* NMEA baud rate = 9600
** Ship: Hudson
** Cruise: HUD2013021
** Chief_Scientist: Greenan
** Organization: BIO
** Area_of_Operation: Sackville Spur
** Station: 48
** Sounding:  2567
** Event_Comments: SS29  393205
# nquan = 25
# nvalues = 2563                        
# units = specified
# name 0 = scan: Scan Count
# name 1 = timeS: Time, Elapsed [seconds]
# name 2 = prDM: Pressure, Digiquartz [db]
# name 3 = t068C: Temperature [ITS-68, deg C]
# name 4 = c0S/m: Conductivity [S/m]
# name 5 = t168C: Temperature, 2 [ITS-68, deg C]
# name 6 = c1S/m: Conductivity, 2 [S/m]
# name 7 = altM: Altimeter [m]
# name 8 = flCUVA: Fluorescence, Chelsea UV Aquatracka [ug/l]
# name 9 = sbeox0V: Oxygen raw, SBE 43 [V]
# name 10 = sbeox1V: Oxygen raw, SBE 43, 2 [V]
# name 11 = upoly0: Upoly 0, Optode 4330F - O2 D-Phase
# name 12 = upoly1: Upoly 1, Optode 4330F - O2 Temp
# name 13 = latitude: Latitude [deg]
# name 14 = longitude: Longitude [deg]
# name 15 = sal00: Salinity, Practical [PSU]
# name 16 = sal11: Salinity, Practical, 2 [PSU]
# name 17 = potemp068C: Potential Temperature [ITS-68, deg C]
# name 18 = potemp168C: Potential Temperature, 2 [ITS-68, deg C]
# name 19 = sigma-é00: Density [sigma-theta, Kg/m^3]
# name 20 = sigma-é11: Density, 2 [sigma-theta, Kg/m^3]
# name 21 = sbeox0ML/L: Oxygen, SBE 43 [ml/l], WS = 2
# name 22 = sbeox1ML/L: Oxygen, SBE 43, 2 [ml/l], WS = 2
# name 23 = nbin: number of scans per bin
# name 24 = flag: flag
# span 0 =      78761,     132909       
# span 1 =   3281.675,   5537.831       
# span 2 =      1.000,   2563.000       
# span 3 =     2.3203,     8.9410       
# span 4 =   3.163550,   3.624793       
# span 5 =     2.3194,     8.9384       
# span 6 =   3.164750,   3.626201       
# span 7 =       3.92,      98.39       
# span 8 =     0.0039,     0.8632       
# span 9 =     2.1756,     3.3867       
# span 10 =     1.9575,     3.0200      
# span 11 =  1.6725764,  2.1111111      
# span 12 =  0.9153458,  1.7337027      
# span 13 =   48.97364,   48.97452      
# span 14 =  -45.87470,  -45.87296      
# span 15 =    33.8152,    34.9219      
# span 16 =    33.8054,    34.9382      
# span 17 =     2.1307,     8.9407      
# span 18 =     2.1295,     8.9378      
# span 19 =    26.4311,    27.8865      
# span 20 =    26.4422,    27.8998      
# span 21 =    5.91409,    7.62723      
# span 22 =    5.54617,    7.76719      
# span 23 =         12,        431      
# span 24 = 0.0000e+00, 0.0000e+00      
# interval = decibars: 1                
# start_time = Jul 04 2013 20:38:06 [NMEA time, header]
# bad_flag = -9.990e-29
*END*
[from data line 580]
      91600   3816.606   1983.000     2.8880   3.235303     2.8879   3.236643      95.90     0.0122     2.2954     2.0503  2.0869071  0.9845612   48.97430  -45.87426    34.9179    34.9341     2.7387     2.7385    27.8434    27.8564    5.94846    6.13853         39 0.0000e+00
      91635   3818.065   1982.000     2.8891   3.235333     2.8883   3.236639      91.51     0.0144     2.2954     2.0505  2.0876276  0.9852901   48.97430  -45.87426    34.9176    34.9341     2.7398     2.7390    27.8431    27.8563    5.94602    6.13605         27 0.0000e+00
      91656   3818.946   1981.000     2.8896   3.235339     2.8886   3.236619      95.98     0.0177     2.2960     2.0508  2.0879152  0.9853488   48.97430  -45.87426    34.9176    34.9341     2.7405     2.7394    27.8430    27.8563    5.94665    6.13600         18 0.0000e+00
      91673   3819.661   1980.000     2.8901   3.235350     2.8891   3.236629      95.93     0.0206     2.2953     2.0510  2.0889809  0.9852768   48.97430  -45.87426    34.9177    34.9341     2.7410     2.7400    27.8430    27.8562    5.93490    6.13856         17 0.0000e+00
      91689   3820.335   1979.000     2.8905   3.235347     2.8896   3.236642      95.94     0.0189     2.2953     2.0513  2.0888324  0.9853460   48.97430  -45.87426    34.9177    34.9342     2.7415     2.7406    27.8430    27.8563    5.93994    6.13999         16 0.0000e+00
      91705   3821.014   1978.000     2.8906   3.235318     2.8898   3.236621      95.95     0.0148     2.2956     2.0514  2.0885258  0.9853480   48.97430  -45.87426    34.9177    34.9342     2.7417     2.7409    27.8430    27.8563    5.94790    6.13644         16 0.0000e+00
      91723   3821.760   1977.000     2.8908   3.235299     2.8899   3.236589      95.93     0.0134     2.2957     2.0514  2.0888236  0.9853480   48.97430  -45.87426    34.9177    34.9342     2.7420     2.7411    27.8430    27.8563    5.94141    6.13322         20 0.0000e+00
      91745   3822.647   1976.000     2.8911   3.235277     2.8901   3.236570      90.73     0.0090     2.2954     2.0517  2.0890226  0.9853480   48.97430  -45.87426    34.9177    34.9342     2.7424     2.7414    27.8429    27.8563    5.93641    6.13960         23 0.0000e+00
      91770   3823.696   1975.000     2.8909   3.235224     2.8900   3.236514      95.86     0.0085     2.2959     2.0521  2.0888498  0.9853480   48.97430  -45.87426    34.9177    34.9342     2.7423     2.7413    27.8430    27.8562    5.95151    6.14174         26 0.0000e+00
      91793   3824.683   1974.000     2.8910   3.235195     2.8901   3.236476      95.94     0.0065     2.2963     2.0525  2.0887449  0.9853480   48.97430  -45.87426    34.9177    34.9341     2.7425     2.7415    27.8430    27.8562    5.94501    6.14285         22 0.0000e+00
      91814   3825.537   1973.000     2.8917   3.235212     2.8911   3.236527      91.53     0.0082     2.2961     2.0530  2.0875332  0.9853480   48.97430  -45.87426    34.9177    34.9342     2.7433     2.7426    27.8428    27.8561    5.94913    6.13919         19 0.0000e+00
      91833   3826.330   1972.000     2.8924   3.235220     2.8918   3.236543      93.39     0.0125     2.2970     2.0531  2.0874624  0.9853480   48.97430  -45.87426    34.9176    34.9341     2.7440     2.7433    27.8427    27.8560    5.95126    6.13670         19 0.0000e+00
      91852   3827.127   1971.000     2.8928   3.235226     2.8921   3.236540      95.94     0.0125     2.2971     2.0530  2.0885572  0.9853480   48.97430  -45.87426    34.9177    34.9343     2.7445     2.7437    27.8428    27.8561    5.94601    6.13086         19 0.0000e+00
      91872   3827.968   1970.000     2.8933   3.235236     2.8926   3.236541      89.34     0.0138     2.2976     2.0532  2.0894921  0.9853480   48.97430  -45.87426    34.9178    34.9342     2.7451     2.7443    27.8428    27.8560    5.95489    6.13266         21 0.0000e+00
      91894   3828.860   1969.000     2.8945   3.235294     2.8937   3.236593      95.97     0.0156     2.2981     2.0532  2.0887957  0.9853480   48.97430  -45.87426    34.9177    34.9342     2.7463     2.7455    27.8426    27.8558    5.94631    6.13522         22 0.0000e+00
      91915   3829.758   1968.000     2.8944   3.235249     2.8938   3.236577      95.93     0.0117     2.2981     2.0533  2.0869079  0.9853480   48.97430  -45.87426    34.9177    34.9343     2.7463     2.7458    27.8426    27.8559    5.95465    6.13414         21 0.0000e+00
      91936   3830.638   1967.000     2.8944   3.235217     2.8939   3.236546      90.10     0.0149     2.2987     2.0536  2.0869236  0.9853480   48.97430  -45.87425    34.9178    34.9343     2.7465     2.7459    27.8427    27.8559    5.94249    6.14161         21 0.0000e+00
      91957   3831.517   1966.000     2.8953   3.235247     2.8951   3.236602      94.86     0.0149     2.2983     2.0541  2.0874107  0.9860668   48.97430  -45.87424    34.9177    34.9342     2.7474     2.7472    27.8425    27.8557    5.94213    6.14548         22 0.0000e+00
      91979   3832.427   1965.000     2.8963   3.235300     2.8962   3.236662      95.92     0.0147     2.2988     2.0546  2.0876870  0.9859598   48.97430  -45.87424    34.9178    34.9343     2.7485     2.7483    27.8425    27.8556    5.95246    6.13772         22 0.0000e+00
      92002   3833.368   1964.000     2.8969   3.235309     2.8964   3.236636      95.93     0.0143     2.2991     2.0546  2.0868564  0.9865119   48.97430  -45.87426    34.9177    34.9342     2.7492     2.7536    27.8424    27.8556    5.94836    6.13195         23 0.0000e+00
      92025   3834.333   1963.000     2.8976   3.235335     2.8971   3.236649      95.93     0.0142     2.2996     2.0546  2.0866911  0.9865159   48.97430  -45.87424    34.9177    34.9341     2.7500     2.7494    27.8423    27.8555    5.94600    6.13348         23 0.0000e+00
      92048   3835.304   1962.000     2.8988   3.235402     2.8983   3.236723      93.45     0.0126     2.2996     2.0548  2.0866911  0.9865696   48.97430  -45.87424    34.9177    34.9342     2.7513     2.7507    27.8422    27.8554    5.94950    6.13078         23 0.0000e+00
      92070   3836.208   1961.000     2.9002   3.235485     2.9003   3.236861      91.21     0.0147     2.3000     2.0547  2.0866911  0.9865690   48.97430  -45.87424    34.9177    34.9342     2.7527     2.7527    27.8420    27.8552    5.94457    6.13274         21 0.0000e+00
      92089   3837.018   1960.000     2.9014   3.235554     2.9012   3.236898      95.91     0.0160     2.2999     2.0550  2.0866911  0.9865690   48.97430  -45.87424    34.9179    34.9342     2.7539     2.7537    27.8420    27.8551    5.95635    6.13991         18 0.0000e+00
      92108   3837.776   1959.000     2.9019   3.235554     2.9013   3.236879      95.92     0.0140     2.3008     2.0554  2.0868278  0.9865690   48.97430  -45.87424    34.9178    34.9343     2.7546     2.7540    27.8419    27.8552    5.95165    6.13601         18 0.0000e+00
      92126   3838.543   1958.000     2.9023   3.235553     2.9014   3.236846      90.52     0.0146     2.3005     2.0553  2.0867553  0.9865690   48.97430  -45.87424    34.9178    34.9343     2.7551     2.7541    27.8419    27.8552    5.94851    6.13453         19 0.0000e+00
      92147   3839.404   1957.000     2.9030   3.235561     2.9019   3.236846      91.04     0.0156     2.3016     2.0556  2.0866921  0.9865690   48.97430  -45.87424    34.9177    34.9343     2.7558     2.7547    27.8418    27.8551    5.95237    6.13077         23 0.0000e+00
      92170   3840.393   1956.000     2.9029   3.235528     2.9022   3.236830      92.01     0.0151     2.3015     2.0558  2.0866911  0.9865690   48.97430  -45.87424    34.9178    34.9343     2.7558     2.7550    27.8418    27.8551    5.95060    6.13343         24 0.0000e+00
      92194   3841.377   1955.000     2.9029   3.235480     2.9020   3.236775      92.64     0.0134     2.3020     2.0558  2.0866911  0.9866259   48.97430  -45.87424    34.9177    34.9342     2.7559     2.7550    27.8418    27.8550    5.95679    6.12841         22 0.0000e+00
      92213   3842.185   1954.000     2.9029   3.235428     2.9019   3.236717      96.00     0.0131     2.3025     2.0558  2.0866911  0.9866412   48.97430  -45.87424    34.9176    34.9342     2.7560     2.7550    27.8416    27.8550    5.95150    6.12713         17 0.0000e+00
      92230   3842.868   1953.000     2.9032   3.235412     2.9021   3.236692      95.92     0.0146     2.3028     2.0558  2.0866911  0.9870347   48.97430  -45.87424    34.9176    34.9342     2.7563     2.7552    27.8416    27.8550    5.94476    6.12582         16 0.0000e+00
      92245   3843.504   1952.000     2.9034   3.235381     2.9024   3.236690      90.93     0.0127     2.3020     2.0557  2.0866911  0.9877942   48.97430  -45.87424    34.9176    34.9343     2.7566     2.7556    27.8416    27.8550    5.94609    6.12769         15 0.0000e+00
      92261   3844.147   1951.000     2.9033   3.235343     2.9025   3.236655      89.73     0.0144     2.3027     2.0559  2.0866911  0.9877900   48.97430  -45.87424    34.9177    34.9343     2.7567     2.7558    27.8416    27.8550    5.96881    6.13501         16 0.0000e+00
      92278   3844.867   1950.000     2.9032   3.235301     2.9026   3.236623      95.86     0.0143     2.3039     2.0564  2.0866911  0.9876629   48.97430  -45.87424    34.9177    34.9343     2.7567     2.7560    27.8417    27.8550    5.95719    6.14600         19 0.0000e+00
      92300   3845.786   1949.000     2.9030   3.235253     2.9021   3.236537      89.27     0.0164     2.3036     2.0573  2.0866911  0.9872844   48.97430  -45.87424    34.9178    34.9342     2.7566     2.7556    27.8418    27.8550    5.95536    6.15491         26 0.0000e+00
      92331   3847.071   1948.000     2.9032   3.235214     2.9022   3.236502      95.97     0.0149     2.3045     2.0585  2.0866911  0.9871427   48.97430  -45.87424    34.9177    34.9342     2.7568     2.7558    27.8416    27.8549    5.95700    6.15216         34 0.0000e+00
      92361   3848.340   1947.000     2.9038   3.235229     2.9031   3.236530      92.64     0.0136     2.3053     2.0598  2.0866911  0.9869524   48.97432  -45.87424    34.9177    34.9341     2.7575     2.7568    27.8416    27.8547    5.96527    6.15618         25 0.0000e+00
      92383   3849.259   1946.000     2.9047   3.235271     2.9040   3.236580      90.58     0.0113     2.3058     2.0603  2.0866911  0.9870605   48.97432  -45.87424    34.9177    34.9342     2.7585     2.7578    27.8415    27.8547    5.95815    6.15312         20 0.0000e+00
      92402   3850.050   1945.000     2.9062   3.235370     2.9064   3.236749      95.98     0.0137     2.3059     2.0608  2.0866911  0.9868886   48.97432  -45.87424    34.9178    34.9341     2.7601     2.7602    27.8414    27.8545    5.97200    6.14936         19 0.0000e+00
      92421   3850.836   1944.000     2.9106   3.235711     2.9106   3.237074      95.93     0.0131     2.3073     2.0609  2.0866911  0.9869548   48.97432  -45.87424    34.9177    34.9341     2.7645     2.7644    27.8410    27.8541    5.97103    6.14720         19 0.0000e+00
      92441   3851.675   1943.000     2.9133   3.235894     2.9133   3.237284      95.93     0.0117     2.3075     2.0616  2.0866911  0.9869174   48.97432  -45.87424    34.9176    34.9342     2.7672     2.7672    27.8406    27.8539    5.95746    6.15649         21 0.0000e+00
      92462   3852.547   1942.000     2.9150   3.236012     2.9149   3.237372      95.93     0.0128     2.3074     2.0621  2.0866911  0.9868593   48.97432  -45.87424    34.9176    34.9341     2.7690     2.7688    27.8405    27.8537    5.96948    6.15916         21 0.0000e+00
      92482   3853.378   1941.000     2.9158   3.236062     2.9157   3.237416      92.19     0.0144     2.3091     2.0629  2.0866911  0.9877287   48.97432  -45.87424    34.9178    34.9343     2.7699     2.7697    27.8406    27.8538    5.97958    6.15865         19 0.0000e+00
      92501   3854.161   1940.000     2.9168   3.236104     2.9166   3.237457      89.33     0.0160     2.3092     2.0633  2.0866911  0.9877896   48.97432  -45.87424    34.9178    34.9343     2.7709     2.7707    27.8405    27.8536    5.96119    6.15190         19 0.0000e+00
      92520   3854.961   1939.000     2.9175   3.236132     2.9172   3.237471      95.78     0.0168     2.3095     2.0635  2.0862138  0.9879690   48.97432  -45.87424    34.9178    34.9342     2.7717     2.7714    27.8404    27.8536    5.96808    6.15846         20 0.0000e+00
      92541   3855.853   1938.000     2.9182   3.236141     2.9176   3.237469      95.93     0.0131     2.3101     2.0644  2.0854881  0.9881570   48.97432  -45.87424    34.9177    34.9343     2.7725     2.7719    27.8403    27.8536    5.96546    6.16269         23 0.0000e+00
      92565   3856.831   1937.000     2.9186   3.236134     2.9178   3.237436      87.11     0.0145     2.3103     2.0648  2.0854702  0.9882146   48.97432  -45.87424    34.9177    34.9342     2.7730     2.7722    27.8402    27.8534    5.96813    6.16012         23 0.0000e+00
      92587   3857.742   1936.000     2.9188   3.236106     2.9182   3.237425      96.05     0.0149     2.3110     2.0656  2.0854702  0.9886510   48.97432  -45.87424    34.9176    34.9341     2.7733     2.7727    27.8401    27.8533    5.95873    6.16074         20 0.0000e+00
      92606   3858.522   1935.000     2.9193   3.236118     2.9188   3.237444      95.92     0.0177     2.3104     2.0656  2.0854702  0.9886039   48.97432  -45.87424    34.9177    34.9342     2.7739     2.7734    27.8401    27.8533    5.96429    6.15575         18 0.0000e+00
      92622   3859.225   1934.000     2.9199   3.236126     2.9193   3.237449      95.59     0.0157     2.3114     2.0661  2.0854702  0.9889328   48.97432  -45.87424    34.9177    34.9342     2.7746     2.7739    27.8400    27.8533    5.97409    6.15455         16 0.0000e+00
      92638   3859.894   1933.000     2.9208   3.236161     2.9203   3.237488      83.12     0.0128     2.3116     2.0660  2.0854702  0.9890108   48.97432  -45.87425    34.9176    34.9342     2.7755     2.7749    27.8399    27.8532    5.96105    6.14735         16 0.0000e+00
      92655   3860.573   1932.000     2.9234   3.236348     2.9232   3.237713      85.41     0.0146     2.3117     2.0659  2.0854702  0.9890110   48.97432  -45.87426    34.9176    34.9342     2.7781     2.7779    27.8397    27.8529    5.96044    6.14630         17 0.0000e+00
      92673   3861.322   1931.000     2.9267   3.236602     2.9271   3.238015      77.42     0.0146     2.3118     2.0660  2.0854702  0.9890110   48.97432  -45.87426    34.9176    34.9342     2.7815     2.7819    27.8394    27.8526    5.97373    6.14617         19 0.0000e+00
      92695   3862.238   1930.000     2.9284   3.236725     2.9288   3.238123      92.59     0.0169     2.3128     2.0660  2.0854702  0.9890110   48.97434  -45.87426    34.9178    34.9342     2.7833     2.7836    27.8394    27.8524    5.97038    6.14709         25 0.0000e+00
      92722   3863.388   1929.000     2.9298   3.236803     2.9293   3.238127      91.11     0.0145     2.3131     2.0663  2.0844057  0.9890110   48.97434  -45.87424    34.9177    34.9342     2.7848     2.7880    27.8392    27.8524    5.96941    6.14824         29 0.0000e+00
      92748   3864.472   1928.000     2.9300   3.236776     2.9299   3.238135      95.99     0.0100     2.3137     2.0665  2.0842469  0.9890110   48.97434  -45.87424    34.9177    34.9341     2.7850     2.7897    27.8391    27.8523    5.96696    6.14674         23 0.0000e+00
      92770   3865.375   1927.000     2.9313   3.236846     2.9309   3.238183      95.86     0.0074     2.3140     2.0664  2.0841327  0.9891853   48.97434  -45.87424    34.9177    34.9341     2.7864     2.7860    27.8390    27.8522    5.96119    6.14243         21 0.0000e+00
