data/CTD/2013/CNV/U021A057.CNV
* Sea-Bird SBE 9 Data File:
* FileName = C:\CTD_ACQUISITION\2013021HUD\ctddata\021A057.hdr
* Software Version Seasave V 7.22.2
* Temperature SN = 5081
* Conductivity SN = 3561
* Number of Bytes Per Scan = 37
* Number of Voltage Words = 4
* Number of Scans Averaged by the Deck Unit = 1
* NMEA Latitude = 48 32.47 N
* NMEA Longitude = 045 23.87 W
* NMEA UTC (Time) = Jul 05 2013 10:27:43
* NMEA baud rate = 9600
** Ship: Hudson
** Cruise: HUD2013021
** Chief_Scientist: Greenan
** Organization: BIO
** Area_of_Operation: Sackville Spur
** Station: 57
** Sounding:  858
** Event_Comments: SS20  393223
# nquan = 25
# nvalues = 861                         
# units = specified
# name 0 = scan: Scan Count
# name 1 = timeS: Time, Elapsed [seconds]
# name 2 = prDM: Pressure, Digiquartz [db]
# name 3 = t068C: Temperature [ITS-68, deg C]
# name 4 = c0S/m: Conductivity [S/m]
# name 5 = t168C: Temperature, 2 [ITS-68, deg C]
# name 6 = c1S/m: Conductivity, 2 [S/m]
# name 7 = altM: Altimeter [m]
# name 8 = flCUVA: Fluorescence, Chelsea UV Aquatracka [ug/l]
# name 9 = sbeox0V: Oxygen raw, SBE 43 [V]
# name 10 = sbeox1V: Oxygen raw, SBE 43, 2 [V]
# name 11 = upoly0: Upoly 0, Optode 4330F - O2 D-Phase
# name 12 = upoly1: Upoly 1, Optode 4330F - O2 Temp
# name 13 = latitude: Latitude [deg]
# name 14 = longitude: Longitude [deg]
# name 15 = sal00: Salinity, Practical [PSU]
# name 16 = sal11: Salinity, Practical, 2 [PSU]
# name 17 = potemp068C: Potential Temperature [ITS-68, deg C]
# name 18 = potemp168C: Potential Temperature, 2 [ITS-68, deg C]
# name 19 = sigma-é00: Density [sigma-theta, Kg/m^3]
# name 20 = sigma-é11: Density, 2 [sigma-theta, Kg/m^3]
# name 21 = sbeox0ML/L: Oxygen, SBE 43 [ml/l], WS = 2
# name 22 = sbeox1ML/L: Oxygen, SBE 43, 2 [ml/l], WS = 2
# name 23 = nbin: number of scans per bin
# name 24 = flag: flag
# span 0 =      30158,      51957       
# span 1 =   1256.525,   2164.822       
# span 2 =      1.000,    861.000       
# span 3 =     2.6154,     6.5565       
# span 4 =   3.045319,   3.335468       
# span 5 =     2.6137,     6.5555       
# span 6 =   3.046233,   3.336717       
# span 7 =       5.25,      97.44       
# span 8 =     0.0059,     0.5660       
# span 9 =     2.5864,     3.3967       
# span 10 =     2.3138,     3.0123      
# span 11 =  1.7075679,  2.0280542      
# span 12 =  0.9609280,  1.4425625      
# span 13 =   48.53930,   48.53990      
# span 14 =  -45.39714,  -45.39670      
# span 15 =    33.2810,    34.9129      
# span 16 =    33.2217,    34.9291      
# span 17 =     2.6110,     6.5562      
# span 18 =     2.6093,     6.5553      
# span 19 =    26.1458,    27.7545      
# span 20 =    26.1575,    27.7672      
# span 21 =    5.90271,    8.06003      
# span 22 =    6.06361,    8.03541      
# span 23 =         13,        871      
# span 24 = 0.0000e+00, 0.0000e+00      
# interval = decibars: 1                
# start_time = Jul 05 2013 10:27:43 [NMEA time, header]
# bad_flag = -9.990e-29
*END*
[from data line 754]
      48721   2030.006    107.000     2.7846   3.107678     2.7759   3.108258      95.08     0.0183     2.9151     2.5801  1.9541649  1.0037371   48.53948  -45.39670    34.4572    34.4737     2.7783     2.7696    27.4717    27.4857    6.41034    6.48104         28 0.0000e+00
      48749   2031.168    106.000     2.7770   3.106774     2.7663   3.107059      59.08     0.0193     2.9125     2.5798  1.9555480  0.9973245   48.53948  -45.39670    34.4548    34.4698     2.7707     2.7601    27.4706    27.4834    6.40424    6.47891         27 0.0000e+00
      48775   2032.231    105.000     2.7691   3.105730     2.7542   3.105700      75.08     0.0201     2.9109     2.5788  1.9556208  0.9956107   48.53948  -45.39670    34.4510    34.4667     2.7629     2.7480    27.4682    27.4820    6.40703    6.47269         23 0.0000e+00
      48795   2033.094    104.000     2.7465   3.103167     2.7384   3.103825      57.85     0.0172     2.9092     2.5781  1.9561141  0.9938090   48.53948  -45.39670    34.4443    34.4611     2.7404     2.7324    27.4648    27.4789    6.40375    6.47469         19 0.0000e+00
      48813   2033.852    103.000     2.7271   3.100852     2.7250   3.102193      68.85     0.0170     2.9080     2.5776  1.9565853  0.9938948   48.53948  -45.39670    34.4373    34.4560     2.7211     2.7190    27.4609    27.4761    6.41342    6.47259         18 0.0000e+00
      48831   2034.583    102.000     2.7164   3.099497     2.7147   3.100905      14.54     0.0166     2.9078     2.5767  1.9567620  0.9928187   48.53948  -45.39670    34.4327    34.4518     2.7105     2.7088    27.4582    27.4736    6.42767    6.46798         17 0.0000e+00
      48849   2035.314    101.000     2.7093   3.098596     2.7082   3.100040      70.65     0.0168     2.9084     2.5758  1.9571298  0.9877810   48.53948  -45.39670    34.4298    34.4486     2.7034     2.7023    27.4564    27.4716    6.42752    6.47331         18 0.0000e+00
      48868   2036.125    100.000     2.7054   3.098025     2.7043   3.099440      64.98     0.0152     2.9080     2.5761  1.9567416  0.9877900   48.53948  -45.39670    34.4275    34.4461     2.6996     2.6985    27.4550    27.4699    6.42134    6.48935         21 0.0000e+00
      48889   2037.005     99.000     2.7027   3.097627     2.7006   3.098912      59.48     0.0154     2.9078     2.5767  1.9579647  0.9836459   48.53948  -45.39670    34.4261    34.4442     2.6970     2.6948    27.4540    27.4687    6.42272    6.48271         22 0.0000e+00
      48911   2037.913     98.000     2.7011   3.097332     2.6962   3.098286      94.60     0.0186     2.9076     2.5760  1.9584839  0.9816929   48.53948  -45.39670    34.4247    34.4417     2.6954     2.6905    27.4531    27.4671    6.42498    6.46526         21 0.0000e+00
      48932   2038.797     97.000     2.6991   3.096991     2.6913   3.097561      94.17     0.0174     2.9078     2.5746  1.9590712  0.9805731   48.53948  -45.39670    34.4232    34.4387     2.6935     2.6857    27.4521    27.4651    6.42927    6.45975         21 0.0000e+00
      48952   2039.643     96.000     2.6923   3.096058     2.6856   3.096777      23.98     0.0185     2.9088     2.5738  1.9597045  0.9792479   48.53948  -45.39670    34.4196    34.4356     2.6867     2.6801    27.4498    27.4632    6.44965    6.46850         20 0.0000e+00
      48973   2040.487     95.000     2.6822   3.094761     2.6763   3.095580      95.58     0.0187     2.9109     2.5738  1.9597685  0.9791813   48.53948  -45.39670    34.4151    34.4311     2.6767     2.6708    27.4471    27.4604    6.45639    6.49220         20 0.0000e+00
      48993   2041.341     94.000     2.6687   3.093019     2.6617   3.093730      44.54     0.0147     2.9119     2.5759  1.9608213  0.9780113   48.53948  -45.39670    34.4086    34.4249     2.6633     2.6563    27.4430    27.4567    6.46693    6.52787         21 0.0000e+00
      49014   2042.196     93.000     2.6548   3.091316     2.6500   3.092125      75.89     0.0134     2.9148     2.5796  1.9605592  0.9780220   48.53948  -45.39672    34.4032    34.4183     2.6495     2.6446    27.4399    27.4524    6.48575    6.54622         20 0.0000e+00
      49034   2043.036     92.000     2.6512   3.090667     2.6495   3.091868      94.54     0.0170     2.9171     2.5824  1.9613080  0.9768402   48.53948  -45.39672    34.3997    34.4162     2.6459     2.6442    27.4374    27.4508    6.49070    6.54392         20 0.0000e+00
      49053   2043.851     91.000     2.6479   3.090158     2.6466   3.091465      91.73     0.0231     2.9198     2.5848  1.9614159  0.9764363   48.53948  -45.39672    34.3974    34.4149     2.6427     2.6414    27.4359    27.4500    6.50758    6.55117         20 0.0000e+00
      49073   2044.653     90.000     2.6439   3.089611     2.6413   3.090804      23.80     0.0217     2.9232     2.5873  1.9618841  0.9754041   48.53948  -45.39672    34.3955    34.4131     2.6388     2.6361    27.4347    27.4490    6.51132    6.56509         19 0.0000e+00
      49092   2045.465     89.000     2.6397   3.089011     2.6377   3.090217      59.55     0.0199     2.9253     2.5903  1.9625044  0.9719775   48.53948  -45.39672    34.3933    34.4103     2.6346     2.6325    27.4333    27.4471    6.50985    6.57544         20 0.0000e+00
      49113   2046.316     88.000     2.6370   3.088542     2.6358   3.089827      74.57     0.0192     2.9275     2.5934  1.9623842  0.9719170   48.53948  -45.39670    34.3909    34.4080     2.6320     2.6308    27.4316    27.4454    6.51959    6.57250         21 0.0000e+00
      49134   2047.211     87.000     2.6364   3.088336     2.6359   3.089654      57.04     0.0175     2.9303     2.5948  1.9644812  0.9698756   48.53948  -45.39670    34.3895    34.4064     2.6315     2.6309    27.4305    27.4441    6.52681    6.55390         21 0.0000e+00
      49156   2048.119     86.000     2.6368   3.088189     2.6363   3.089484      66.99     0.0194     2.9330     2.5949  1.9646492  0.9695247   48.53948  -45.39672    34.3879    34.4044     2.6319     2.6314    27.4292    27.4424    6.53194    6.55116         22 0.0000e+00
      49177   2048.993     85.000     2.6372   3.087981     2.6359   3.089161      94.61     0.0235     2.9352     2.5963  1.9639080  0.9683580   48.53948  -45.39672    34.3855    34.4014     2.6323     2.6311    27.4272    27.4401    6.52567    6.57284         20 0.0000e+00
      49196   2049.807     84.000     2.6344   3.087316     2.6309   3.088317      94.12     0.0255     2.9360     2.5983  1.9633594  0.9681206   48.53948  -45.39672    34.3806    34.3970     2.6295     2.6260    27.4235    27.4370    6.52477    6.58190         19 0.0000e+00
      49215   2050.570     83.000     2.6276   3.086289     2.6233   3.087234      16.78     0.0222     2.9380     2.6001  1.9639181  0.9677756   48.53948  -45.39672    34.3761    34.3924     2.6228     2.6185    27.4206    27.4339    6.52972    6.58718         18 0.0000e+00
      49233   2051.316     82.000     2.6209   3.085327     2.6197   3.086608      93.27     0.0218     2.9383     2.6016  1.9657520  0.9658036   48.53948  -45.39672    34.3719    34.3891     2.6163     2.6150    27.4178    27.4316    6.52955    6.59231         18 0.0000e+00
      49251   2052.087     81.000     2.6185   3.084841     2.6175   3.086114      95.60     0.0203     2.9399     2.6035  1.9656831  0.9658120   48.53948  -45.39672    34.3691    34.3860     2.6139     2.6128    27.4157    27.4293    6.55454    6.60668         19 0.0000e+00
      49271   2052.911     80.000     2.6173   3.084526     2.6164   3.085819      85.03     0.0228     2.9432     2.6064  1.9629806  0.9650610   48.53948  -45.39672    34.3671    34.3840     2.6127     2.6118    27.4142    27.4278    6.57517    6.62799         21 0.0000e+00
      49292   2053.790     79.000     2.6167   3.084340     2.6158   3.085630      36.85     0.0249     2.9469     2.6103  1.9608161  0.9641278   48.53948  -45.39672    34.3660    34.3829     2.6122     2.6113    27.4134    27.4270    6.59854    6.65149         21 0.0000e+00
      49314   2054.705     78.000     2.6162   3.084172     2.6151   3.085440      95.23     0.0268     2.9526     2.6153  1.9612976  0.9634786   48.53948  -45.39672    34.3650    34.3818     2.6118     2.6107    27.4126    27.4262    6.62762    6.66949         23 0.0000e+00
      49336   2055.635     77.000     2.6154   3.083844     2.6137   3.084996      29.59     0.0258     2.9586     2.6198  1.9619746  0.9621640   48.53948  -45.39672    34.3624    34.3784     2.6110     2.6093    27.4106    27.4235    6.64279    6.68475         22 0.0000e+00
      49358   2056.543     76.000     2.6163   3.083439     2.6177   3.084593      95.19     0.0288     2.9640     2.6250  1.9616250  0.9621490   48.53948  -45.39672    34.3570    34.3698     2.6120     2.6133    27.4062    27.4163    6.66143    6.70535         21 0.0000e+00
      49379   2057.411     75.000     2.6244   3.083165     2.6282   3.084398      94.26     0.0267     2.9706     2.6300  1.9614748  0.9621490   48.53948  -45.39672    34.3455    34.3566     2.6202     2.6239    27.3963    27.4049    6.68117    6.72174         20 0.0000e+00
      49399   2058.236     74.000     2.6349   3.083071     2.6395   3.084404      94.23     0.0309     2.9755     2.6350  1.9608001  0.9621490   48.53948  -45.39672    34.3336    34.3452     2.6307     2.6352    27.3859    27.3948    6.68540    6.73529         20 0.0000e+00
      49419   2059.076     73.000     2.6456   3.083228     2.6478   3.084565      94.40     0.0278     2.9809     2.6401  1.9598311  0.9612261   48.53950  -45.39672    34.3247    34.3388     2.6414     2.6436    27.3778    27.3889    6.70029    6.75334         21 0.0000e+00
      49440   2059.977     72.000     2.6541   3.083435     2.6570   3.084817      94.43     0.0319     2.9869     2.6458  1.9595544  0.9609351   48.53950  -45.39672    34.3187    34.3326     2.6499     2.6528    27.3723    27.3832    6.71295    6.76546         23 0.0000e+00
      49464   2060.971     71.000     2.6624   3.083615     2.6659   3.085005      94.27     0.0309     2.9929     2.6516  1.9579903  0.9609280   48.53950  -45.39672    34.3125    34.3259     2.6584     2.6618    27.3666    27.3770    6.71893    6.77470         24 0.0000e+00
      49487   2061.917     70.000     2.6689   3.083682     2.6721   3.085004      94.34     0.0292     2.9975     2.6567  1.9569986  0.9609280   48.53950  -45.39672    34.3070    34.3198     2.6648     2.6680    27.3617    27.3717    6.71937    6.78300         20 0.0000e+00
      49506   2062.698     69.000     2.6737   3.083645     2.6752   3.084928      94.46     0.0300     3.0008     2.6603  1.9565123  0.9612714   48.53950  -45.39672    34.3019    34.3161     2.6698     2.6712    27.3572    27.3684    6.73904    6.78612         18 0.0000e+00
      49522   2063.366     68.000     2.6794   3.083675     2.6810   3.084995      34.30     0.0328     3.0056     2.6633  1.9548445  0.9621377   48.53950  -45.39672    34.2968    34.3113     2.6755     2.6771    27.3526    27.3640    6.75427    6.79100         15 0.0000e+00
      49537   2063.985     67.000     2.6896   3.083946     2.6925   3.085286      55.94     0.0339     3.0090     2.6659  1.9548229  0.9621490   48.53950  -45.39672    34.2897    34.3031     2.6858     2.6886    27.3460    27.3565    6.74954    6.79210         15 0.0000e+00
      49552   2064.630     66.000     2.6994   3.084153     2.7025   3.085471      93.65     0.0332     3.0113     2.6682  1.9540782  0.9621490   48.53950  -45.39672    34.2824    34.2953     2.6956     2.6986    27.3393    27.3494    6.75618    6.79282         16 0.0000e+00
      49570   2065.363     65.000     2.7088   3.084327     2.7119   3.085664      94.58     0.0364     3.0159     2.6708  1.9515219  0.9621490   48.53950  -45.39672    34.2750    34.2881     2.7051     2.7081    27.3326    27.3428    6.78714    6.80709         20 0.0000e+00
      49595   2066.436     64.000     2.7152   3.084406     2.7249   3.085845      51.99     0.0398     3.0245     2.6763  1.9501286  0.9624278   48.53948  -45.39672    34.2697    34.2770     2.7115     2.7212    27.3278    27.3328    6.82487    6.83323         33 0.0000e+00
      49634   2068.050     63.000     2.7175   3.084390     2.7313   3.085758      68.29     0.0418     3.0370     2.6857  1.9460745  0.9634280   48.53948  -45.39672    34.2676    34.2697     2.7138     2.7277    27.3259    27.3264    6.84173    6.87624         37 0.0000e+00
      49662   2069.222     62.000     2.7108   3.084220     2.7283   3.085685      71.42     0.0421     3.0441     2.6931  1.9440858  0.9644642   48.53950  -45.39672    34.2732    34.2725     2.7073     2.7247    27.3310    27.3289    6.84697    6.88221         21 0.0000e+00
      49680   2069.954     61.000     2.7419   3.084476     2.7645   3.085984      95.20     0.0491     3.0476     2.6963  1.9438264  0.9645947   48.53950  -45.39672    34.2437    34.2381     2.7384     2.7609    27.3047    27.2982    6.84877    6.86609         16 0.0000e+00
      49694   2070.561     60.000     2.7785   3.084924     2.7897   3.086309      94.58     0.0502     3.0512     2.6980  1.9436600  0.9645910   48.53950  -45.39672    34.2107    34.2158     2.7750     2.7862    27.2751    27.2782    6.85383    6.85890         14 0.0000e+00
      49708   2071.133     59.000     2.7962   3.085128     2.7984   3.086372      66.30     0.0483     3.0535     2.6995  1.9404191  0.9633971   48.53950  -45.39672    34.1949    34.2078     2.7928     2.7950    27.2609    27.2710    6.86166    6.87252         14 0.0000e+00
      49723   2071.736     58.000     2.8036   3.085096     2.8047   3.086286      21.97     0.0508     3.0579     2.7024  1.9401751  0.9633700   48.53950  -45.39673    34.1872    34.2006     2.8002     2.8013    27.2541    27.2648    6.87541    6.90123         15 0.0000e+00
      49741   2072.504     57.000     2.8067   3.084928     2.8081   3.086086      91.37     0.0568     3.0625     2.7074  1.9390078  0.9644320   48.53950  -45.39674    34.1823    34.1951     2.8034     2.8047    27.2499    27.2600    6.89889    6.92416         23 0.0000e+00
      49780   2074.122     56.000     2.8046   3.084920     2.8042   3.086184      62.62     0.0592     3.0747     2.7182  1.9326034  0.9696956   48.53950  -45.39674    34.1850    34.2009     2.8014     2.8010    27.2523    27.2650    6.93768    6.97311         53 0.0000e+00
      49820   2075.807     55.000     2.7996   3.084862     2.7931   3.086251      82.16     0.0552     3.0872     2.7320  1.9268830  0.9720242   48.53950  -45.39674    34.1902    34.2142     2.7964     2.7899    27.2568    27.2766    6.97918    7.03070         24 0.0000e+00
      49838   2076.559     54.000     2.8071   3.084802     2.8150   3.086188      95.02     0.0568     3.0938     2.7388  1.9267315  0.9719170   48.53950  -45.39674    34.1820    34.1906     2.8040     2.8119    27.2497    27.2558    7.00497    7.06139         15 0.0000e+00
      49853   2077.167     53.000     2.8402   3.085320     2.8551   3.086808      64.52     0.0613     3.0991     2.7448  1.9242148  0.9718268   48.53950  -45.39674    34.1537    34.1561     2.8371     2.8520    27.2241    27.2247    7.03402    7.08844         14 0.0000e+00
      49867   2077.745     52.000     2.8836   3.086437     2.8926   3.087811      13.29     0.0654     3.1061     2.7518  1.9242979  0.9719193   48.53950  -45.39674    34.1218    34.1291     2.8805     2.8896    27.1948    27.1998    7.07381    7.11742         14 0.0000e+00
      49881   2078.350     51.000     2.9051   3.087134     2.9138   3.088596      94.40     0.0701     3.1148     2.7594  1.9242979  0.9716896   48.53950  -45.39674    34.1081    34.1167     2.9021     2.9108    27.1820    27.1880    7.11300    7.14836         16 0.0000e+00
