data/CTD/2013/CNV/U021A010.CNV
* Sea-Bird SBE 9 Data File:
* FileName = C:\CTD_ACQUISITION\2013021HUD\ctddata\021A010.hdr
* Software Version Seasave V 7.22.2
* Temperature SN = 5081
* Conductivity SN = 3561
* Number of Bytes Per Scan = 37
* Number of Voltage Words = 4
* Number of Scans Averaged by the Deck Unit = 1
* NMEA Latitude = 46 59.91 N
* NMEA Longitude = 047 29.66 W
* NMEA UTC (Time) = Jul 01 2013 18:46:23
* NMEA baud rate = 9600
** Ship: Hudson
** Cruise: HUD2013021
** Chief_Scientist: Greenan
** Organization: BIO
** Area_of_Operation: Sackville Spur
** Station: 10
** Sounding:  220
** Event_Comments: FC14  393107
# nquan = 25
# nvalues = 211                         
# units = specified
# name 0 = scan: Scan Count
# name 1 = timeS: Time, Elapsed [seconds]
# name 2 = prDM: Pressure, Digiquartz [db]
# name 3 = t068C: Temperature [ITS-68, deg C]
# name 4 = c0S/m: Conductivity [S/m]
# name 5 = t168C: Temperature, 2 [ITS-68, deg C]
# name 6 = c1S/m: Conductivity, 2 [S/m]
# name 7 = altM: Altimeter [m]
# name 8 = flCUVA: Fluorescence, Chelsea UV Aquatracka [ug/l]
# name 9 = sbeox0V: Oxygen raw, SBE 43 [V]
# name 10 = sbeox1V: Oxygen raw, SBE 43, 2 [V]
# name 11 = upoly0: Upoly 0, Optode 4330F - O2 D-Phase
# name 12 = upoly1: Upoly 1, Optode 4330F - O2 Temp
# name 13 = latitude: Latitude [deg]
# name 14 = longitude: Longitude [deg]
# name 15 = sal00: Salinity, Practical [PSU]
# name 16 = sal11: Salinity, Practical, 2 [PSU]
# name 17 = potemp068C: Potential Temperature [ITS-68, deg C]
# name 18 = potemp168C: Potential Temperature, 2 [ITS-68, deg C]
# name 19 = sigma-é00: Density [sigma-theta, Kg/m^3]
# name 20 = sigma-é11: Density, 2 [sigma-theta, Kg/m^3]
# name 21 = sbeox0ML/L: Oxygen, SBE 43 [ml/l], WS = 2
# name 22 = sbeox1ML/L: Oxygen, SBE 43, 2 [ml/l], WS = 2
# name 23 = nbin: number of scans per bin
# name 24 = flag: flag
# span 0 =      15490,      22722       
# span 1 =    645.366,    946.705       
# span 2 =      1.000,    211.000       
# span 3 =    -0.8283,     6.5095       
# span 4 =   2.684091,   3.241838       
# span 5 =    -0.8391,     6.5013       
# span 6 =   2.684200,   3.243178       
# span 7 =       3.14,      98.73       
# span 8 =     0.0162,     0.2037       
# span 9 =     2.5394,     3.4142       
# span 10 =     2.2947,     3.1119      
# span 11 =  1.7197647,  2.1587155      
# span 12 =  0.5323595,  1.4323000      
# span 13 =   46.99770,   46.99814      
# span 14 =  -47.49312,  -47.49290      
# span 15 =    32.3186,    34.0185      
# span 16 =    32.3341,    34.0600      
# span 17 =    -0.8298,     6.5093      
# span 18 =    -0.8406,     6.5012      
# span 19 =    25.3711,    27.2047      
# span 20 =    25.3844,    27.2344      
# span 21 =    5.64698,    8.42432      
# span 22 =    5.87111,    8.91874      
# span 23 =         13,         87      
# span 24 = 0.0000e+00, 0.0000e+00      
# interval = decibars: 1                
# start_time = Jul 01 2013 18:46:23 [NMEA time, header]
# bad_flag = -9.990e-29
*END*
[from data line 174]
      20752    864.639     37.000     1.0235   2.825227     1.0479   2.827964      89.74     0.0860     3.2294     2.9628  1.8925021  0.6569395   46.99792  -47.49304    32.8287    32.8380     1.0219     1.0464    26.2983    26.3043    7.81340    8.16249         24 0.0000e+00
      20775    865.587     36.000     1.0692   2.827276     1.1567   2.834705      28.93     0.0882     3.2357     2.9681  1.8887007  0.6751049   46.99791  -47.49304    32.8074    32.8102     1.0677     1.1552    26.2783    26.2751    7.80881    8.13523         21 0.0000e+00
      20797    866.481     35.000     1.1456   2.832685     1.2412   2.840428      96.59     0.0914     3.2406     2.9722  1.8884999  0.6752697   46.99790  -47.49304    32.7967    32.7950     1.1441     1.2397    26.2650    26.2576    7.78771    8.12115         22 0.0000e+00
      20819    867.433     34.000     1.2431   2.838679     1.3215   2.844419      96.44     0.0987     3.2455     2.9761  1.8813164  0.6845372   46.99790  -47.49304    32.7713    32.7622     1.2416     1.3200    26.2385    26.2261    7.77921    8.10212         25 0.0000e+00
      20846    868.555     33.000     1.3131   2.843219     1.4294   2.851118      84.22     0.1044     3.2497     2.9797  1.8794371  0.6874067   46.99790  -47.49304    32.7563    32.7372     1.3116     1.4281    26.2219    26.1987    7.75133    8.11496         28 0.0000e+00
      20874    869.714     32.000     1.4259   2.849011     1.5139   2.856234      95.74     0.1034     3.2536     2.9886  1.8704113  0.7056938   46.99790  -47.49304    32.7124    32.7125     1.4245     1.5125    26.1793    26.1736    7.77155    8.20004         26 0.0000e+00
      20897    870.668     31.000     1.4943   2.853448     1.5503   2.858783      95.58     0.1091     3.2612     3.0016  1.8705738  0.7055647   46.99790  -47.49304    32.6977    32.7067     1.4929     1.5489    26.1630    26.1665    7.89080    8.44131         21 0.0000e+00
      20918    871.526     30.000     1.5218   2.855500     1.5578   2.859495      23.79     0.1106     3.2794     3.0344  1.8618970  0.7265143   46.99790  -47.49304    32.6955    32.7085     1.5205     1.5565    26.1594    26.1674    8.14145    8.80357         21 0.0000e+00
      20940    872.438     29.000     1.5488   2.857384     1.5620   2.859668      92.21     0.1094     3.3157     3.0803  1.8615533  0.7278021   46.99789  -47.49304    32.6917    32.7069     1.5475     1.5607    26.1546    26.1658    8.34807    8.91874         23 0.0000e+00
      20965    873.503     28.000     1.5580   2.858014     1.5677   2.859744      95.31     0.1112     3.3561     3.1108  1.8562711  0.7433750   46.99788  -47.49304    32.6907    32.7025     1.5568     1.5664    26.1531    26.1619    8.42432    8.62486         28 0.0000e+00
      20993    874.684     27.000     1.5619   2.858073     1.5767   2.859984      82.27     0.1159     3.3885     3.1119  1.8546181  0.7483729   46.99788  -47.49303    32.6880    32.6972     1.5606     1.5755    26.1507    26.1570    8.17663    8.33587         28 0.0000e+00
      21020    875.782     26.000     1.5866   2.859285     1.6816   2.866657      95.38     0.1236     3.3820     3.1008  1.8521831  0.7595772   46.99788  -47.49302    32.6782    32.6722     1.5854     1.6805    26.1411    26.1298    8.01578    8.33720         24 0.0000e+00
      21042    876.710     25.000     1.6780   2.864494     1.8783   2.880522      95.23     0.1224     3.3903     3.1047  1.8520260  0.7594628   46.99788  -47.49302    32.6494    32.6430     1.6768     1.8771    26.1118    26.0925    8.24980    8.38097         21 0.0000e+00
      21062    877.547     24.000     1.9694   2.887283     2.3301   2.914714      95.17     0.1446     3.4082     3.1055  1.8435012  0.7653384   46.99788  -47.49302    32.6338    32.6033     1.9682     2.3289    26.0785    26.0266    8.20690    8.18758         20 0.0000e+00
      21082    878.379     23.000     2.7312   2.943163     3.3234   2.996580      95.10     0.1840     3.4142     3.0968  1.8432858  0.7655653   46.99788  -47.49302    32.5426    32.5924     2.7299     3.3221    25.9457    25.9346    7.84639    7.83954         20 0.0000e+00
      21103    879.268     22.000     3.3239   2.994262     4.3291   3.076983      95.13     0.2037     3.4027     3.0822  1.8285491  0.7815984   46.99786  -47.49302    32.5636    32.5436     3.3226     4.3277    25.9132    25.7994    7.52603    7.56096         23 0.0000e+00
      21130    880.365     21.000     4.0935   3.057754     4.6751   3.105318      86.32     0.1845     3.3789     3.0630  1.8207285  0.7909495   46.99786  -47.49302    32.5514    32.5334     4.0922     4.6736    25.8291    25.7555    7.25114    7.45173         30 0.0000e+00
      21163    881.750     20.000     4.2118   3.068161     4.9542   3.124424      92.17     0.1633     3.3482     3.0439  1.7755775  0.9023825   46.99786  -47.49302    32.5574    32.4813     4.2105     4.9528    25.8225    25.6841    7.17612    7.39410         33 0.0000e+00
      21191    882.936     19.000     4.8473   3.111422     5.6000   3.168922      94.64     0.1386     3.3271     3.0319  1.7674981  0.9386657   46.99786  -47.49302    32.4358    32.3793     4.8460     5.5985    25.6596    25.5332    7.05467    7.28051         24 0.0000e+00
      21213    883.829     18.000     5.7118   3.177246     6.0021   3.204148      95.12     0.1261     3.3148     3.0253  1.7530906  1.0236670   46.99786  -47.49302    32.3504    32.3742     5.7104     6.0007    25.4942    25.4782    6.90297    7.21129         20 0.0000e+00
      21233    884.657     17.000     5.9987   3.201792     6.2112   3.221072      95.07     0.1173     3.3057     3.0203  1.7533578  1.0219764   46.99785  -47.49301    32.3519    32.3644     5.9974     6.2098    25.4611    25.4448    6.85457    7.17138         20 0.0000e+00
      21253    885.511     16.000     6.1296   3.213131     6.3159   3.229283      95.07     0.1110     3.2986     3.0162  1.7374473  1.0771711   46.99784  -47.49300    32.3541    32.3565     6.1283     6.3146    25.4468    25.4256    6.82931    7.15664         22 0.0000e+00
      21275    886.433     15.000     6.2554   3.223215     6.3612   3.233147      90.62     0.1065     3.2921     3.0133  1.7358780  1.0840732   46.99784  -47.49300    32.3471    32.3568     6.2542     6.3600    25.4257    25.4201    6.81045    7.15046         23 0.0000e+00
      21299    887.436     14.000     6.3343   3.229547     6.3899   3.235357      78.58     0.1012     3.2875     3.0108  1.7375839  1.1555735   46.99784  -47.49300    32.3430    32.3546     6.3331     6.3887    25.4126    25.4147    6.79914    7.14387         24 0.0000e+00
      21325    888.501     13.000     6.3790   3.232829     6.4328   3.238630      94.85     0.0927     3.2839     3.0090  1.7378919  1.1758343   46.99784  -47.49300    32.3381    32.3506     6.3771     6.4317    25.4032    25.4062    6.78926    7.14103         27 0.0000e+00
      21353    889.686     12.000     6.4249   3.236564     6.4674   3.241170      94.85     0.0899     3.2808     3.0080  1.7341677  1.2203201   46.99784  -47.49300    32.3357    32.3463     6.4238     6.4664    25.3955    25.3984    6.78675    7.13763         31 0.0000e+00
      21384    890.938     11.000     6.4480   3.237798     6.4634   3.240418      94.79     0.0899     3.2799     3.0077  1.7364403  1.2310321   46.99783  -47.49300    32.3279    32.3423     6.4471     6.4624    25.3863    25.3958    6.79152    7.13337         27 0.0000e+00
      21408    891.942     10.000     6.4609   3.238651     6.4733   3.241068      94.67     0.0888     3.2797     3.0060  1.7423924  1.2463706   46.99782  -47.49300    32.3256    32.3405     6.4601     6.4725    25.3829    25.3931    6.78127    7.11855         22 0.0000e+00
      21428    892.784      9.000     6.4742   3.239709     6.4915   3.242556      94.77     0.0835     3.2785     3.0050  1.7417953  1.2467031   46.99782  -47.49300    32.3252    32.3402     6.4735     6.4908    25.3809    25.3905    6.77368    7.12118         19 0.0000e+00
      21448    893.610      8.000     6.4861   3.240653     6.5006   3.243178      94.68     0.0811     3.2775     3.0049  1.7315714  1.2587998   46.99782  -47.49300    32.3248    32.3390     6.4855     6.5000    25.3790    25.3884    6.77717    7.12630         21 0.0000e+00
      21471    894.574      7.000     6.5024   3.241838     6.5007   3.242975      21.44     0.0767     3.2782     3.0052  1.7313797  1.2589016   46.99782  -47.49300    32.3229    32.3372     6.5018     6.5001    25.3755    25.3869    6.78598    7.12546         24 0.0000e+00
      21492    895.459      6.000     6.4921   3.240838     6.4999   3.242828       3.76     0.0752     3.2791     3.0052  1.7357404  1.2864513   46.99782  -47.49298    32.3222    32.3367     6.4915     6.4994    25.3762    25.3866    6.78985    7.12663         20 0.0000e+00
      21513    896.354      5.000     6.4853   3.240071     6.4983   3.242484       3.69     0.0689     3.2804     3.0056  1.7362638  1.2906535   46.99782  -47.49298    32.3206    32.3350     6.4848     6.4979    25.3758    25.3855    6.79127    7.12989         22 0.0000e+00
      21540    897.459      4.000     6.5009   3.241263     6.4992   3.242446       3.43     0.0656     3.2804     3.0062  1.7347864  1.3083047   46.99781  -47.49298    32.3198    32.3347     6.5006     6.4989    25.3732    25.3851    6.78226    7.13185         38 0.0000e+00
      21600    899.938      3.000     6.4774   3.239250     6.4625   3.239479       3.14     0.0803     3.2807     3.0079  1.7308896  1.3364538   46.99780  -47.49298    32.3199    32.3365     6.4772     6.4623    25.3762    25.3912    6.78656    7.13865         61 0.0000e+00
      22194    924.715      2.000     6.5095   3.241833     6.5013   3.242527       3.44     0.0711     3.2925     3.0056  1.7215858  1.4176859   46.99775  -47.49294    32.3186    32.3343     6.5093     6.5012    25.3711    25.3845    6.78498    7.03073         87 0.0000e+00
      22722    946.705      1.000     6.5086   3.241780     6.5009   3.242452       3.32     0.0753     3.2786     2.8938  1.7197647  1.4323000   46.99770  -47.49290    32.3192    32.3341     6.5085     6.5008    25.3718    25.3844    6.71892    6.24810         82 0.0000e+00
