data/CTD/2013/CNV/U021A037.CNV
* Sea-Bird SBE 9 Data File:
* FileName = C:\CTD_ACQUISITION\2013021HUD\ctddata\021A037.hdr
* Software Version Seasave V 7.22.2
* Temperature SN = 5081
* Conductivity SN = 3561
* Number of Bytes Per Scan = 37
* Number of Voltage Words = 4
* Number of Scans Averaged by the Deck Unit = 1
* NMEA Latitude = 48 20.72 N
* NMEA Longitude = 046 35.05 W
* NMEA UTC (Time) = Jul 03 2013 18:21:36
* NMEA baud rate = 9600
** Ship: Hudson
** Cruise: HUD2013021
** Chief_Scientist: Greenan
** Organization: BIO
** Area_of_Operation: Sackville Spur
** Station: 37
** Sounding:  1386
** Event_Comments: SS10  393174
# nquan = 25
# nvalues = 1404                        
# units = specified
# name 0 = scan: Scan Count
# name 1 = timeS: Time, Elapsed [seconds]
# name 2 = prDM: Pressure, Digiquartz [db]
# name 3 = t068C: Temperature [ITS-68, deg C]
# name 4 = c0S/m: Conductivity [S/m]
# name 5 = t168C: Temperature, 2 [ITS-68, deg C]
# name 6 = c1S/m: Conductivity, 2 [S/m]
# name 7 = altM: Altimeter [m]
# name 8 = flCUVA: Fluorescence, Chelsea UV Aquatracka [ug/l]
# name 9 = sbeox0V: Oxygen raw, SBE 43 [V]
# name 10 = sbeox1V: Oxygen raw, SBE 43, 2 [V]
# name 11 = upoly0: Upoly 0, Optode 4330F - O2 D-Phase
# name 12 = upoly1: Upoly 1, Optode 4330F - O2 Temp
# name 13 = latitude: Latitude [deg]
# name 14 = longitude: Longitude [deg]
# name 15 = sal00: Salinity, Practical [PSU]
# name 16 = sal11: Salinity, Practical, 2 [PSU]
# name 17 = potemp068C: Potential Temperature [ITS-68, deg C]
# name 18 = potemp168C: Potential Temperature, 2 [ITS-68, deg C]
# name 19 = sigma-é00: Density [sigma-theta, Kg/m^3]
# name 20 = sigma-é11: Density, 2 [sigma-theta, Kg/m^3]
# name 21 = sbeox0ML/L: Oxygen, SBE 43 [ml/l], WS = 2
# name 22 = sbeox1ML/L: Oxygen, SBE 43, 2 [ml/l], WS = 2
# name 23 = nbin: number of scans per bin
# name 24 = flag: flag
# span 0 =      43792,      77818       
# span 1 =   1824.619,   3242.392       
# span 2 =      1.000,   1404.000       
# span 3 =     0.0268,     6.0260       
# span 4 =   2.777025,   3.286898       
# span 5 =     0.0271,     6.0250       
# span 6 =   2.778170,   3.288261       
# span 7 =       4.97,     100.65       
# span 8 =     0.0070,     0.0753       
# span 9 =     2.4525,     3.4027       
# span 10 =     2.2051,     3.0533      
# span 11 =  1.7304943,  2.0403126      
# span 12 =  0.6520817,  1.3643101      
# span 13 =   48.34724,   48.34970      
# span 14 =  -46.57800,  -46.57528      
# span 15 =    32.5913,    34.9150      
# span 16 =    32.6065,    34.9316      
# span 17 =     0.0255,     6.0258      
# span 18 =     0.0258,     6.0247      
# span 19 =    25.6467,    27.7585      
# span 20 =    25.6588,    27.7719      
# span 21 =    5.89021,    8.78460      
# span 22 =    6.09389,    8.81081      
# span 23 =         11,        849      
# span 24 = 0.0000e+00, 0.0000e+00      
# interval = decibars: 1                
# start_time = Jul 03 2013 18:21:36 [NMEA time, header]
# bad_flag = -9.990e-29
*END*
[from data line 116]
      47525   1980.187   1288.000     3.7476   3.282474     3.7468   3.283823      74.18     0.0171     2.4868     2.2270  2.0327382  1.0927961   48.34744  -46.57754    34.9132    34.9300     3.6490     3.6481    27.7533    27.7668    5.93406    6.10984         16 0.0000e+00
      47545   1980.994   1287.000     3.7477   3.282447     3.7469   3.283786      95.39     0.0178     2.4883     2.2279  2.0335016  1.0935349   48.34744  -46.57754    34.9133    34.9300     3.6492     3.6483    27.7533    27.7667    5.92523    6.11941         24 0.0000e+00
      47581   1982.484   1286.000     3.7475   3.282388     3.7465   3.283709      89.03     0.0184     2.4878     2.2291  2.0332558  1.0938839   48.34744  -46.57754    34.9133    34.9300     3.6490     3.6480    27.7534    27.7667    5.91913    6.11441         47 0.0000e+00
      47619   1984.085   1285.000     3.7471   3.282301     3.7459   3.283598      96.55     0.0193     2.4883     2.2297  2.0329466  1.0940264   48.34744  -46.57754    34.9131    34.9298     3.6488     3.6476    27.7533    27.7666    5.91777    6.11188         24 0.0000e+00
      47638   1984.871   1284.000     3.7471   3.282253     3.7466   3.283613      95.97     0.0207     2.4883     2.2298  2.0320685  1.0937406   48.34744  -46.57754    34.9131    34.9297     3.6488     3.6483    27.7532    27.7665    5.91790    6.10753         18 0.0000e+00
      47655   1985.573   1283.000     3.7477   3.282264     3.7469   3.283612      96.00     0.0193     2.4883     2.2299  2.0317509  1.0937301   48.34744  -46.57754    34.9132    34.9299     3.6495     3.6487    27.7532    27.7666    5.91570    6.10846         17 0.0000e+00
      47672   1986.271   1282.000     3.7488   3.282316     3.7480   3.283665      95.55     0.0178     2.4882     2.2301  2.0317461  1.0937299   48.34744  -46.57754    34.9131    34.9298     3.6506     3.6499    27.7530    27.7664    5.91868    6.11011         17 0.0000e+00
      47690   1987.046   1281.000     3.7496   3.282339     3.7489   3.283689      79.51     0.0163     2.4888     2.2303  2.0328805  1.0940108   48.34744  -46.57754    34.9130    34.9298     3.6515     3.6508    27.7529    27.7663    5.92508    6.11764         20 0.0000e+00
      47714   1988.031   1280.000     3.7497   3.282321     3.7494   3.283691      95.56     0.0169     2.4894     2.2313  2.0329652  1.0940171   48.34744  -46.57753    34.9132    34.9298     3.6517     3.6514    27.7530    27.7662    5.92106    6.11386         28 0.0000e+00
      47748   1989.477   1279.000     3.7498   3.282290     3.7498   3.283677      87.03     0.0186     2.4892     2.2312  2.0292239  1.0940171   48.34744  -46.57752    34.9132    34.9297     3.6520     3.6538    27.7530    27.7661    5.92036    6.10652         39 0.0000e+00
      47784   1990.940   1278.000     3.7498   3.282224     3.7494   3.283603      96.07     0.0198     2.4904     2.2315  2.0304379  1.0940171   48.34744  -46.57752    34.9130    34.9297     3.6520     3.6515    27.7528    27.7662    5.93244    6.11206         30 0.0000e+00
      47811   1992.072   1277.000     3.7505   3.282245     3.7499   3.283607      82.29     0.0184     2.4909     2.2320  2.0304787  1.0940171   48.34744  -46.57752    34.9129    34.9297     3.6528     3.6522    27.7527    27.7661    5.92058    6.11537         26 0.0000e+00
      47834   1993.057   1276.000     3.7508   3.282230     3.7502   3.283585      95.98     0.0147     2.4912     2.2321  2.0324566  1.0942931   48.34744  -46.57750    34.9129    34.9296     3.6532     3.6525    27.7527    27.7660    5.92448    6.10554         22 0.0000e+00
      47856   1993.953   1275.000     3.7511   3.282212     3.7503   3.283555      95.80     0.0146     2.4914     2.2321  2.0327330  1.0942500   48.34744  -46.57750    34.9130    34.9296     3.6535     3.6527    27.7526    27.7660    5.92111    6.10703         21 0.0000e+00
      47877   1994.815   1274.000     3.7511   3.282182     3.7503   3.283508      78.85     0.0135     2.4915     2.2320  2.0312529  1.0948739   48.34744  -46.57750    34.9130    34.9296     3.6537     3.6529    27.7527    27.7659    5.92127    6.10155         20 0.0000e+00
      47897   1995.672   1273.000     3.7512   3.282143     3.7504   3.283474      95.19     0.0148     2.4915     2.2319  2.0292332  1.0951819   48.34745  -46.57750    34.9130    34.9296     3.6538     3.6530    27.7526    27.7660    5.92412    6.09842         21 0.0000e+00
      47917   1996.516   1272.000     3.7513   3.282107     3.7505   3.283447      95.92     0.0139     2.4920     2.2315  2.0299110  1.0951164   48.34746  -46.57750    34.9130    34.9297     3.6540     3.6532    27.7526    27.7660    5.91996    6.09711         20 0.0000e+00
      47938   1997.359   1271.000     3.7515   3.282076     3.7507   3.283422      91.34     0.0138     2.4918     2.2314  2.0317564  1.0952388   48.34746  -46.57750    34.9129    34.9296     3.6543     3.6535    27.7525    27.7659    5.91532    6.10206         20 0.0000e+00
      47959   1998.244   1270.000     3.7518   3.282057     3.7509   3.283402      63.37     0.0144     2.4919     2.2317  2.0316405  1.0952381   48.34746  -46.57748    34.9129    34.9297     3.6546     3.6538    27.7525    27.7659    5.92470    6.11283         23 0.0000e+00
      47984   1999.301   1269.000     3.7521   3.282037     3.7514   3.283395      90.74     0.0156     2.4927     2.2326  2.0288007  1.0952381   48.34744  -46.57748    34.9128    34.9296     3.6550     3.6543    27.7524    27.7658    5.92522    6.11688         29 0.0000e+00
      48020   2000.775   1268.000     3.7520   3.281992     3.7515   3.283355      86.22     0.0164     2.4929     2.2334  2.0289004  1.0952381   48.34744  -46.57748    34.9129    34.9295     3.6550     3.6545    27.7524    27.7657    5.92712    6.10562         39 0.0000e+00
      48052   2002.129   1267.000     3.7524   3.281962     3.7517   3.283319      96.53     0.0163     2.4943     2.2331  2.0285764  1.0951847   48.34746  -46.57748    34.9126    34.9294     3.6556     3.6548    27.7521    27.7656    5.93660    6.10462         24 0.0000e+00
      48072   2002.968   1266.000     3.7531   3.281990     3.7529   3.283371      96.10     0.0112     2.4951     2.2335  2.0290480  1.0952399   48.34746  -46.57748    34.9127    34.9293     3.6563     3.6561    27.7522    27.7654    5.93297    6.10940         18 0.0000e+00
      48089   2003.662   1265.000     3.7552   3.282129     3.7554   3.283543      82.56     0.0108     2.4950     2.2335  2.0286860  1.0952381   48.34746  -46.57748    34.9126    34.9292     3.6585     3.6586    27.7519    27.7650    5.92926    6.10834         16 0.0000e+00
      48104   2004.311   1264.000     3.7573   3.282263     3.7570   3.283638      85.26     0.0131     2.4957     2.2338  2.0288458  1.0952381   48.34746  -46.57748    34.9125    34.9291     3.6606     3.6603    27.7516    27.7648    5.93437    6.11273         16 0.0000e+00
      48121   2004.984   1263.000     3.7587   3.282341     3.7580   3.283692      95.77     0.0161     2.4959     2.2343  2.0288024  1.0952381   48.34746  -46.57747    34.9124    34.9291     3.6622     3.6614    27.7513    27.7647    5.93741    6.11858         17 0.0000e+00
      48140   2005.795   1262.000     3.7604   3.282442     3.7614   3.283930      68.58     0.0139     2.4969     2.2352  2.0287745  1.0952381   48.34745  -46.57746    34.9124    34.9290     3.6639     3.6648    27.7511    27.7642    5.93536    6.12505         23 0.0000e+00
      48179   2007.409   1261.000     3.7609   3.282461     3.7613   3.283888      78.54     0.0158     2.4979     2.2369  2.0291705  1.0952381   48.34745  -46.57746    34.9125    34.9290     3.6645     3.6649    27.7512    27.7643    5.94052    6.12515         58 0.0000e+00
      48229   2009.479   1260.000     3.7597   3.282283     3.7560   3.283401      85.68     0.0162     2.4996     2.2384  2.0318897  1.0952381   48.34746  -46.57746    34.9122    34.9293     3.6633     3.6597    27.7511    27.7650    5.94290    6.12650         31 0.0000e+00
      48252   2010.442   1259.000     3.7602   3.282288     3.7616   3.283779      88.34     0.0157     2.5006     2.2390  2.0311942  1.0951154   48.34746  -46.57746    34.9122    34.9284     3.6640     3.6653    27.7510    27.7638    5.94911    6.12385         20 0.0000e+00
      48270   2011.207   1258.000     3.7671   3.282790     3.7712   3.284539      96.08     0.0144     2.5007     2.2392  2.0290196  1.0943055   48.34746  -46.57744    34.9116    34.9278     3.6709     3.6749    27.7498    27.7623    5.94757    6.12535         17 0.0000e+00
      48286   2011.872   1257.000     3.7732   3.283309     3.7763   3.284959      96.09     0.0164     2.5019     2.2399  2.0285735  1.0942615   48.34746  -46.57744    34.9116    34.9279     3.6770     3.6800    27.7492    27.7619    5.95191    6.12912         15 0.0000e+00
      48301   2012.505   1256.000     3.7780   3.283664     3.7782   3.285088      87.26     0.0176     2.5023     2.2403  2.0288994  1.0945073   48.34746  -46.57744    34.9113    34.9279     3.6818     3.6820    27.7484    27.7617    5.94705    6.13275         15 0.0000e+00
      48317   2013.181   1255.000     3.7805   3.283842     3.7804   3.285244      78.50     0.0188     2.5026     2.2411  2.0290313  1.0952309   48.34746  -46.57744    34.9112    34.9279     3.6844     3.6843    27.7481    27.7614    5.94803    6.13725         18 0.0000e+00
      48338   2014.054   1254.000     3.7821   3.283946     3.7831   3.285430      94.05     0.0180     2.5036     2.2420  2.0288451  1.0952381   48.34744  -46.57744    34.9112    34.9278     3.6861     3.6870    27.7480    27.7611    5.95188    6.13384         26 0.0000e+00
      48380   2015.780   1253.000     3.7824   3.283930     3.7814   3.285244      86.94     0.0171     2.5050     2.2433  2.0268497  1.0965049   48.34745  -46.57744    34.9113    34.9279     3.6864     3.6854    27.7480    27.7613    5.94952    6.13260         50 0.0000e+00
      48415   2017.246   1252.000     3.7809   3.283726     3.7810   3.285142      63.76     0.0193     2.5054     2.2437  2.0281436  1.0968894   48.34746  -46.57744    34.9110    34.9275     3.6850     3.6852    27.7479    27.7611    5.94918    6.12546         21 0.0000e+00
      48432   2017.972   1251.000     3.7838   3.283927     3.7851   3.285447      96.61     0.0161     2.5063     2.2437  2.0280831  1.0964521   48.34746  -46.57744    34.9108    34.9274     3.6880     3.6893    27.7474    27.7605    5.95394    6.12128         17 0.0000e+00
      48448   2018.644   1250.000     3.7873   3.284194     3.7873   3.285595      81.66     0.0178     2.5064     2.2436  2.0276263  1.0964592   48.34746  -46.57744    34.9107    34.9273     3.6916     3.6915    27.7470    27.7602    5.94571    6.11980         16 0.0000e+00
      48464   2019.302   1249.000     3.7890   3.284284     3.7882   3.285642      84.12     0.0171     2.5064     2.2436  2.0268736  1.0964592   48.34746  -46.57744    34.9105    34.9274     3.6933     3.6926    27.7467    27.7602    5.94696    6.12181         16 0.0000e+00
      48481   2019.997   1248.000     3.7897   3.284314     3.7891   3.285676      95.93     0.0167     2.5071     2.2437  2.0268621  1.0964592   48.34746  -46.57742    34.9106    34.9273     3.6941     3.6935    27.7467    27.7601    5.94411    6.12130         17 0.0000e+00
      48500   2020.778   1247.000     3.7906   3.284348     3.7901   3.285707      96.09     0.0169     2.5068     2.2438  2.0258331  1.0972023   48.34746  -46.57742    34.9106    34.9272     3.6951     3.6945    27.7465    27.7598    5.94392    6.12184         21 0.0000e+00
      48524   2021.781   1246.000     3.7913   3.284360     3.7908   3.285718      81.13     0.0143     2.5074     2.2440  2.0251389  1.0976659   48.34746  -46.57742    34.9105    34.9271     3.6959     3.6953    27.7464    27.7597    5.95398    6.12651         28 0.0000e+00
      48562   2023.355   1245.000     3.7913   3.284324     3.7911   3.285696      95.23     0.0174     2.5085     2.2450  2.0248725  1.0982828   48.34746  -46.57742    34.9105    34.9270     3.6960     3.6957    27.7464    27.7596    5.95189    6.13115         50 0.0000e+00
      48610   2025.386   1244.000     3.7896   3.284129     3.7900   3.285558      56.69     0.0175     2.5096     2.2463  2.0241742  1.0986968   48.34746  -46.57740    34.9106    34.9270     3.6943     3.6948    27.7466    27.7596    5.95879    6.13634         37 0.0000e+00
      48637   2026.494   1243.000     3.7919   3.284241     3.7912   3.285609      97.15     0.0146     2.5102     2.2469  2.0241864  1.0984291   48.34746  -46.57740    34.9100    34.9268     3.6967     3.6960    27.7459    27.7594    5.95479    6.13649         21 0.0000e+00
      48656   2027.284   1242.000     3.7940   3.284389     3.7935   3.285750      94.97     0.0153     2.5108     2.2474  2.0244927  1.0976681   48.34746  -46.57740    34.9100    34.9266     3.6989     3.6983    27.7457    27.7590    5.95337    6.13540         18 0.0000e+00
      48672   2027.974   1241.000     3.7948   3.284415     3.7941   3.285773      69.00     0.0157     2.5105     2.2476  2.0244205  1.0976801   48.34746  -46.57740    34.9100    34.9267     3.6997     3.6991    27.7456    27.7590    5.95819    6.13319         16 0.0000e+00
      48688   2028.628   1240.000     3.7951   3.284418     3.7944   3.285763      95.12     0.0163     2.5119     2.2478  2.0246654  1.0980072   48.34746  -46.57740    34.9102    34.9268     3.7001     3.6994    27.7457    27.7590    5.96382    6.13341         15 0.0000e+00
      48704   2029.297   1239.000     3.7952   3.284385     3.7944   3.285718      95.77     0.0179     2.5116     2.2483  2.0242012  1.0988356   48.34746  -46.57740    34.9101    34.9268     3.7004     3.6995    27.7457    27.7590    5.95900    6.13150         17 0.0000e+00
      48723   2030.080   1238.000     3.7951   3.284333     3.7942   3.285663      96.08     0.0183     2.5124     2.2480  2.0238750  1.0987375   48.34746  -46.57738    34.9101    34.9268     3.7003     3.6994    27.7457    27.7590    5.95275    6.12832         22 0.0000e+00
      48752   2031.278   1237.000     3.7950   3.284282     3.7942   3.285619      84.80     0.0182     2.5121     2.2484  2.0238733  1.0988910   48.34746  -46.57738    34.9102    34.9268     3.7003     3.7013    27.7457    27.7590    5.95279    6.13051         38 0.0000e+00
      48791   2032.904   1236.000     3.7954   3.284245     3.7943   3.285570      97.03     0.0137     2.5134     2.2490  2.0236983  1.0991559   48.34746  -46.57738    34.9098    34.9266     3.7008     3.6996    27.7454    27.7588    5.96410    6.13308         31 0.0000e+00
      48814   2033.874   1235.000     3.7956   3.284230     3.7948   3.285567      72.99     0.0156     2.5141     2.2490  2.0235627  1.0992076   48.34747  -46.57738    34.9099    34.9265     3.7011     3.7003    27.7454    27.7587    5.96484    6.13631         20 0.0000e+00
      48832   2034.618   1234.000     3.7962   3.284242     3.7956   3.285583      95.07     0.0152     2.5143     2.2500  2.0238431  1.0991174   48.34748  -46.57738    34.9099    34.9264     3.7018     3.7011    27.7453    27.7586    5.96141    6.14266         17 0.0000e+00
      48849   2035.317   1233.000     3.7967   3.284234     3.7958   3.285568      78.09     0.0135     2.5149     2.2502  2.0239859  1.0989060   48.34748  -46.57738    34.9099    34.9265     3.7023     3.7014    27.7452    27.7586    5.96024    6.13596         17 0.0000e+00
      48867   2036.070   1232.000     3.7968   3.284205     3.7961   3.285564      73.91     0.0138     2.5148     2.2504  2.0240335  1.0989012   48.34748  -46.57738    34.9098    34.9267     3.7026     3.7018    27.7452    27.7587    5.95560    6.12978         19 0.0000e+00
