data/CTD/2013/CNV/U021A051.CNV
* Sea-Bird SBE 9 Data File:
* FileName = C:\CTD_ACQUISITION\2013021HUD\ctddata\021A051.hdr
* Software Version Seasave V 7.22.2
* Temperature SN = 5081
* Conductivity SN = 3561
* Number of Bytes Per Scan = 37
* Number of Voltage Words = 4
* Number of Scans Averaged by the Deck Unit = 1
* NMEA Latitude = 48 50.70 N
* NMEA Longitude = 045 44.75 W
* NMEA UTC (Time) = Jul 05 2013 02:25:27
* NMEA baud rate = 9600
** Ship: Hudson
** Cruise: HUD2013021
** Chief_Scientist: Greenan
** Organization: BIO
** Area_of_Operation: Sackville Spur
** Station: 51
** Sounding:  2274
** Event_Comments: SS26  393211
# nquan = 25
# nvalues = 2089                        
# units = specified
# name 0 = scan: Scan Count
# name 1 = timeS: Time, Elapsed [seconds]
# name 2 = prDM: Pressure, Digiquartz [db]
# name 3 = t068C: Temperature [ITS-68, deg C]
# name 4 = c0S/m: Conductivity [S/m]
# name 5 = t168C: Temperature, 2 [ITS-68, deg C]
# name 6 = c1S/m: Conductivity, 2 [S/m]
# name 7 = altM: Altimeter [m]
# name 8 = flCUVA: Fluorescence, Chelsea UV Aquatracka [ug/l]
# name 9 = sbeox0V: Oxygen raw, SBE 43 [V]
# name 10 = sbeox1V: Oxygen raw, SBE 43, 2 [V]
# name 11 = upoly0: Upoly 0, Optode 4330F - O2 D-Phase
# name 12 = upoly1: Upoly 1, Optode 4330F - O2 Temp
# name 13 = latitude: Latitude [deg]
# name 14 = longitude: Longitude [deg]
# name 15 = sal00: Salinity, Practical [PSU]
# name 16 = sal11: Salinity, Practical, 2 [PSU]
# name 17 = potemp068C: Potential Temperature [ITS-68, deg C]
# name 18 = potemp168C: Potential Temperature, 2 [ITS-68, deg C]
# name 19 = sigma-é00: Density [sigma-theta, Kg/m^3]
# name 20 = sigma-é11: Density, 2 [sigma-theta, Kg/m^3]
# name 21 = sbeox0ML/L: Oxygen, SBE 43 [ml/l], WS = 2
# name 22 = sbeox1ML/L: Oxygen, SBE 43, 2 [ml/l], WS = 2
# name 23 = nbin: number of scans per bin
# name 24 = flag: flag
# span 0 =      61161,     102835       
# span 1 =   2548.331,   4284.755       
# span 2 =      1.000,   2089.000       
# span 3 =     2.9291,     8.3256       
# span 4 =   3.124168,   3.558060       
# span 5 =     2.9285,     8.3282       
# span 6 =   3.125570,   3.559414       
# span 7 =       4.79,      99.59       
# span 8 =     0.0028,     0.5871       
# span 9 =     2.2696,     3.3437       
# span 10 =     2.0385,     2.9796      
# span 11 =  1.7036577,  2.0916142      
# span 12 =  0.9911046,  1.6332687      
# span 13 =   48.84724,   48.84868      
# span 14 =  -45.74790,  -45.74289      
# span 15 =    33.9214,    34.9220      
# span 16 =    33.9392,    34.9384      
# span 17 =     2.7730,     8.3244      
# span 18 =     2.7721,     8.3269      
# span 19 =    26.4191,    27.8402      
# span 20 =    26.4332,    27.8535      
# span 21 =    5.88117,    7.31738      
# span 22 =    6.03782,    7.52892      
# span 23 =         10,        108      
# span 24 = 0.0000e+00, 0.0000e+00      
# interval = decibars: 1                
# start_time = Jul 05 2013 02:25:27 [NMEA time, header]
# bad_flag = -9.990e-29
*END*
[from data line 1508]
      91003   3791.765    581.000     3.9066   3.264114     3.9064   3.265419      72.66     0.0100     2.7636     2.4627  1.9645284  1.1147741   48.84766  -45.74366    34.8909    34.9067     3.8646     3.8643    27.7136    27.7262    6.19076    6.30520         19 0.0000e+00
      91021   3792.491    580.000     3.9066   3.264052     3.9074   3.265487      96.20     0.0088     2.7646     2.4630  1.9647471  1.1147741   48.84766  -45.74366    34.8908    34.9069     3.8646     3.8654    27.7135    27.7263    6.18490    6.30222         16 0.0000e+00
      91036   3793.130    579.000     3.9072   3.264064     3.9078   3.265478      95.68     0.0112     2.7639     2.4630  1.9646717  1.1147741   48.84766  -45.74366    34.8907    34.9069     3.8653     3.8659    27.7134    27.7262    6.18095    6.29997         15 0.0000e+00
      91051   3793.741    578.000     3.9074   3.264054     3.9075   3.265404      67.40     0.0146     2.7645     2.4631  1.9646723  1.1147741   48.84766  -45.74365    34.8909    34.9069     3.8656     3.8656    27.7135    27.7262    6.18556    6.29901         15 0.0000e+00
      91066   3794.370    577.000     3.9076   3.263941     3.9080   3.265398      25.97     0.0130     2.7650     2.4631  1.9646723  1.1147741   48.84766  -45.74364    34.8900    34.9068     3.8658     3.8662    27.7127    27.7261    6.18068    6.29785         15 0.0000e+00
      91082   3795.054    576.000     3.9077   3.263968     3.9087   3.265422      95.03     0.0121     2.7646     2.4631  1.9648600  1.1147741   48.84766  -45.74364    34.8906    34.9069     3.8661     3.8669    27.7132    27.7261    6.17677    6.29567         18 0.0000e+00
      91102   3795.866    575.000     3.9080   3.263966     3.9091   3.265421      95.87     0.0136     2.7648     2.4629  1.9645938  1.1147741   48.84765  -45.74364    34.8909    34.9070     3.8664     3.8674    27.7134    27.7261    6.17641    6.29411         21 0.0000e+00
      91125   3796.850    574.000     3.9087   3.263987     3.9092   3.265389      52.74     0.0160     2.7642     2.4630  1.9646376  1.1147741   48.84764  -45.74364    34.8909    34.9070     3.8671     3.8676    27.7133    27.7261    6.16911    6.29584         26 0.0000e+00
      91150   3797.881    573.000     3.9091   3.263988     3.9103   3.265455      78.77     0.0151     2.7642     2.4632  1.9645907  1.1147741   48.84764  -45.74364    34.8910    34.9071     3.8677     3.8688    27.7133    27.7261    6.17112    6.30318         23 0.0000e+00
      91171   3798.766    572.000     3.9107   3.264087     3.9135   3.265692      94.91     0.0122     2.7639     2.4641  1.9645909  1.1147741   48.84764  -45.74364    34.8910    34.9071     3.8693     3.8720    27.7132    27.7257    6.17607    6.30760         19 0.0000e+00
      91189   3799.502    571.000     3.9124   3.264187     3.9168   3.265993      94.48     0.0127     2.7646     2.4648  1.9645909  1.1147741   48.84764  -45.74364    34.8910    34.9077     3.8710     3.8754    27.7130    27.7259    6.17884    6.30376         17 0.0000e+00
      91205   3800.163    570.000     3.9158   3.264500     3.9178   3.266073      10.46     0.0142     2.7647     2.4647  1.9633766  1.1147741   48.84764  -45.74364    34.8916    34.9081     3.8745     3.8765    27.7131    27.7261    6.16652    6.30092         15 0.0000e+00
      91220   3800.807    569.000     3.9170   3.264586     3.9181   3.266061      82.82     0.0130     2.7638     2.4652  1.9633700  1.1147741   48.84764  -45.74364    34.8919    34.9081     3.8758     3.8769    27.7132    27.7261    6.16393    6.30107         16 0.0000e+00
      91237   3801.499    568.000     3.9184   3.264695     3.9201   3.266211      66.42     0.0125     2.7641     2.4653  1.9634358  1.1147741   48.84764  -45.74364    34.8922    34.9084     3.8773     3.8789    27.7133    27.7261    6.16704    6.30068         18 0.0000e+00
      91258   3802.360    567.000     3.9201   3.264804     3.9231   3.266466      36.13     0.0084     2.7641     2.4658  1.9645441  1.1147741   48.84762  -45.74362    34.8922    34.9088     3.8790     3.8820    27.7132    27.7260    6.16565    6.30075         24 0.0000e+00
      91285   3803.499    566.000     3.9210   3.264866     3.9244   3.266555      96.95     0.0122     2.7640     2.4660  1.9645909  1.1149962   48.84762  -45.74362    34.8925    34.9089     3.8800     3.8834    27.7133    27.7260    6.16913    6.29243         28 0.0000e+00
      91308   3804.461    565.000     3.9228   3.264976     3.9248   3.266533      95.87     0.0170     2.7645     2.4656  1.9645909  1.1160201   48.84762  -45.74362    34.8925    34.9088     3.8818     3.8838    27.7131    27.7259    6.16928    6.28874         18 0.0000e+00
      91324   3805.133    564.000     3.9262   3.265271     3.9289   3.266915      12.97     0.0157     2.7644     2.4654  1.9645909  1.1159129   48.84762  -45.74362    34.8929    34.9095     3.8853     3.8880    27.7130    27.7260    6.17317    6.29653         15 0.0000e+00
      91338   3805.689    563.000     3.9295   3.265570     3.9317   3.267157      71.76     0.0156     2.7656     2.4662  1.9645909  1.1159954   48.84761  -45.74362    34.8935    34.9100     3.8887     3.8908    27.7131    27.7261    6.17790    6.30059         12 0.0000e+00
      91350   3806.191    562.000     3.9311   3.265693     3.9321   3.267159      96.01     0.0141     2.7654     2.4663  1.9637718  1.1159952   48.84760  -45.74362    34.8937    34.9101     3.8904     3.8913    27.7132    27.7261    6.17094    6.29600         12 0.0000e+00
      91362   3806.693    561.000     3.9315   3.265689     3.9295   3.266822      95.86     0.0116     2.7662     2.4664  1.9641882  1.1159952   48.84760  -45.74362    34.8938    34.9094     3.8908     3.8888    27.7132    27.7258    6.17604    6.29349         12 0.0000e+00
      91374   3807.223    560.000     3.9298   3.265467     3.9251   3.266308      95.87     0.0110     2.7661     2.4661  1.9642414  1.1159952   48.84760  -45.74362    34.8935    34.9085     3.8892     3.8845    27.7131    27.7255    6.17427    6.29403         14 0.0000e+00
      91390   3807.886    559.000     3.9283   3.265250     3.9247   3.266215      45.07     0.0124     2.7667     2.4667  1.9644526  1.1159952   48.84760  -45.74362    34.8931    34.9084     3.8878     3.8842    27.7129    27.7255    6.17160    6.29877         19 0.0000e+00
      91416   3808.968    558.000     3.9280   3.265176     3.9250   3.266197      77.32     0.0143     2.7672     2.4679  1.9645871  1.1159952   48.84760  -45.74362    34.8930    34.9083     3.8876     3.8846    27.7129    27.7254    6.17874    6.31739         33 0.0000e+00
      91447   3810.269    557.000     3.9285   3.265181     3.9286   3.266556      96.98     0.0220     2.7688     2.4702  1.9648085  1.1159952   48.84758  -45.74362    34.8930    34.9093     3.8882     3.8882    27.7128    27.7258    6.18792    6.31468         24 0.0000e+00
      91467   3811.074    556.000     3.9246   3.264734     3.9208   3.265672      25.61     0.0220     2.7701     2.4706  1.9650695  1.1159952   48.84758  -45.74362    34.8924    34.9076     3.8843     3.8806    27.7128    27.7252    6.19262    6.30571         18 0.0000e+00
      91483   3811.736    555.000     3.9200   3.264201     3.9173   3.265245      75.15     0.0176     2.7711     2.4707  1.9649385  1.1159952   48.84758  -45.74362    34.8915    34.9067     3.8799     3.8772    27.7125    27.7249    6.19099    6.30067         14 0.0000e+00
      91497   3812.344    554.000     3.9193   3.264027     3.9203   3.265488      96.21     0.0187     2.7711     2.4704  1.9646677  1.1159952   48.84758  -45.74362    34.8907    34.9070     3.8792     3.8824    27.7120    27.7248    6.18808    6.29836         15 0.0000e+00
      91513   3812.980    553.000     3.9202   3.264084     3.9220   3.265629      95.64     0.0208     2.7722     2.4705  1.9646672  1.1159952   48.84758  -45.74362    34.8910    34.9074     3.8802     3.8820    27.7120    27.7249    6.18871    6.30363         16 0.0000e+00
      91530   3813.723    552.000     3.9213   3.264155     3.9214   3.265519      64.76     0.0183     2.7723     2.4709  1.9645915  1.1159346   48.84757  -45.74362    34.8912    34.9072     3.8813     3.8815    27.7121    27.7248    6.17900    6.30700         20 0.0000e+00
      91552   3814.644    551.000     3.9211   3.264092     3.9196   3.265277      39.46     0.0146     2.7724     2.4712  1.9645909  1.1159950   48.84756  -45.74362    34.8911    34.9068     3.8813     3.8798    27.7120    27.7247    6.17936    6.30019         24 0.0000e+00
      91576   3815.605    550.000     3.9214   3.264066     3.9219   3.265439      79.56     0.0160     2.7722     2.4708  1.9644125  1.1159357   48.84756  -45.74362    34.8910    34.9068     3.8816     3.8821    27.7119    27.7244    6.17810    6.29162         21 0.0000e+00
      91595   3816.428    549.000     3.9222   3.264088     3.9267   3.265879      32.43     0.0151     2.7728     2.4706  1.9634205  1.1159960   48.84756  -45.74362    34.8910    34.9075     3.8825     3.8870    27.7118    27.7245    6.18354    6.29657         19 0.0000e+00
      91613   3817.157    548.000     3.9253   3.264310     3.9289   3.266062      84.96     0.0149     2.7732     2.4707  1.9634465  1.1159952   48.84756  -45.74362    34.8909    34.9079     3.8857     3.8892    27.7114    27.7245    6.18115    6.30170         16 0.0000e+00
      91629   3817.831    547.000     3.9276   3.264512     3.9300   3.266140      85.42     0.0115     2.7731     2.4714  1.9622695  1.1159952   48.84756  -45.74362    34.8913    34.9082     3.8881     3.8904    27.7115    27.7247    6.17734    6.30193         16 0.0000e+00
      91645   3818.498    546.000     3.9290   3.264639     3.9303   3.266128      94.80     0.0138     2.7733     2.4715  1.9615762  1.1159952   48.84756  -45.74362    34.8919    34.9082     3.8895     3.8908    27.7118    27.7247    6.17790    6.29772         17 0.0000e+00
      91662   3819.207    545.000     3.9297   3.264671     3.9300   3.266053      12.46     0.0132     2.7734     2.4714  1.9616053  1.1159952   48.84756  -45.74360    34.8920    34.9082     3.8903     3.8906    27.7118    27.7246    6.17956    6.29754         18 0.0000e+00
      91681   3819.993    544.000     3.9296   3.264618     3.9286   3.265860      95.19     0.0123     2.7740     2.4719  1.9634820  1.1164411   48.84755  -45.74360    34.8921    34.9079     3.8903     3.8892    27.7119    27.7246    6.18314    6.29964         19 0.0000e+00
      91701   3820.829    543.000     3.9297   3.264572     3.9283   3.265776      95.86     0.0118     2.7745     2.4721  1.9646126  1.1167333   48.84754  -45.74360    34.8920    34.9078     3.8904     3.8890    27.7118    27.7245    6.18027    6.29486         20 0.0000e+00
      91720   3821.635    542.000     3.9290   3.264459     3.9279   3.265707      76.42     0.0133     2.7743     2.4717  1.9643309  1.1168967   48.84754  -45.74360    34.8919    34.9079     3.8898     3.8887    27.7118    27.7246    6.17274    6.28525         19 0.0000e+00
      91739   3822.404    541.000     3.9282   3.264338     3.9273   3.265588      28.27     0.0134     2.7742     2.4712  1.9629489  1.1171509   48.84754  -45.74360    34.8918    34.9077     3.8891     3.8881    27.7118    27.7245    6.17338    6.27749         18 0.0000e+00
      91757   3823.167    540.000     3.9273   3.264194     3.9261   3.265412      95.81     0.0113     2.7742     2.4702  1.9633056  1.1171519   48.84754  -45.74360    34.8916    34.9073     3.8882     3.8871    27.7117    27.7243    6.17138    6.27731         19 0.0000e+00
      91775   3823.934    539.000     3.9268   3.264102     3.9248   3.265231      95.87     0.0096     2.7742     2.4700  1.9633021  1.1171483   48.84754  -45.74361    34.8916    34.9071     3.8878     3.8859    27.7117    27.7243    6.17624    6.28631         18 0.0000e+00
      91793   3824.677    538.000     3.9263   3.263991     3.9268   3.265372      70.82     0.0108     2.7747     2.4702  1.9633690  1.1172152   48.84754  -45.74362    34.8913    34.9071     3.8874     3.8880    27.7115    27.7241    6.18297    6.29068         18 0.0000e+00
      91810   3825.387    537.000     3.9258   3.263891     3.9291   3.265537      26.15     0.0124     2.7750     2.4707  1.9633700  1.1171408   48.84754  -45.74362    34.8911    34.9073     3.8871     3.8903    27.7115    27.7240    6.18171    6.29558         16 0.0000e+00
      91826   3826.054    536.000     3.9273   3.263970     3.9297   3.265558      97.16     0.0121     2.7756     2.4713  1.9641163  1.1168029   48.84752  -45.74362    34.8911    34.9073     3.8885     3.8910    27.7113    27.7240    6.18597    6.29637         15 0.0000e+00
      91842   3826.711    535.000     3.9279   3.263990     3.9299   3.265525      67.97     0.0125     2.7764     2.4716  1.9643551  1.1163881   48.84752  -45.74362    34.8912    34.9073     3.8893     3.8912    27.7113    27.7239    6.18696    6.29268         16 0.0000e+00
      91859   3827.425    534.000     3.9291   3.264052     3.9298   3.265474      33.73     0.0139     2.7770     2.4718  1.9642537  1.1166016   48.84752  -45.74362    34.8912    34.9073     3.8905     3.8912    27.7112    27.7239    6.18168    6.29313         18 0.0000e+00
      91880   3828.299    533.000     3.9297   3.264053     3.9295   3.265390      94.62     0.0166     2.7772     2.4724  1.9636339  1.1171567   48.84752  -45.74360    34.8911    34.9072     3.8912     3.8910    27.7110    27.7238    6.17941    6.29707         24 0.0000e+00
      91905   3829.344    532.000     3.9298   3.264010     3.9293   3.265312      95.14     0.0171     2.7771     2.4732  1.9637128  1.1172167   48.84752  -45.74360    34.8910    34.9070     3.8913     3.8909    27.7109    27.7237    6.17985    6.30141         25 0.0000e+00
      91927   3830.270    531.000     3.9294   3.263937     3.9291   3.265248      16.88     0.0128     2.7783     2.4740  1.9633703  1.1172771   48.84750  -45.74362    34.8911    34.9070     3.8911     3.8907    27.7110    27.7237    6.18436    6.30298         20 0.0000e+00
      91946   3831.055    530.000     3.9291   3.263852     3.9283   3.265120      66.98     0.0116     2.7782     2.4747  1.9633700  1.1173511   48.84750  -45.74362    34.8909    34.9069     3.8908     3.8900    27.7109    27.7237    6.17671    6.30196         18 0.0000e+00
      91964   3831.791    529.000     3.9284   3.263734     3.9275   3.265003      65.87     0.0127     2.7780     2.4752  1.9638724  1.1172880   48.84750  -45.74362    34.8908    34.9068     3.8902     3.8893    27.7109    27.7237    6.17650    6.30560         17 0.0000e+00
      91982   3832.524    528.000     3.9281   3.263655     3.9275   3.264956      95.80     0.0110     2.7782     2.4760  1.9645939  1.1172839   48.84750  -45.74362    34.8907    34.9067     3.8900     3.8894    27.7108    27.7236    6.17986    6.30593         18 0.0000e+00
      91999   3833.265    527.000     3.9280   3.263597     3.9278   3.264930      95.83     0.0089     2.7788     2.4762  1.9645909  1.1172839   48.84750  -45.74362    34.8907    34.9067     3.8900     3.8898    27.7108    27.7235    6.18197    6.29864         18 0.0000e+00
      92017   3833.997    526.000     3.9280   3.263559     3.9279   3.264890      95.75     0.0087     2.7791     2.4764  1.9637324  1.1172163   48.84748  -45.74362    34.8907    34.9067     3.8900     3.8899    27.7108    27.7235    6.17924    6.29796         17 0.0000e+00
      92035   3834.733    525.000     3.9279   3.263501     3.9269   3.264749      64.79     0.0075     2.7790     2.4764  1.9635726  1.1172161   48.84746  -45.74361    34.8907    34.9066     3.8900     3.8890    27.7108    27.7235    6.17232    6.29886         18 0.0000e+00
