data/CTD/2013/CNV/U021A032.CNV
* Sea-Bird SBE 9 Data File:
* FileName = C:\CTD_ACQUISITION\2013021HUD\ctddata\021A032.hdr
* Software Version Seasave V 7.22.2
* Temperature SN = 5081
* Conductivity SN = 3561
* Number of Bytes Per Scan = 37
* Number of Voltage Words = 4
* Number of Scans Averaged by the Deck Unit = 1
* NMEA Latitude = 48 09.81 N
* NMEA Longitude = 046 24.25 W
* NMEA UTC (Time) = Jul 03 2013 07:29:28
* NMEA baud rate = 9600
** Ship: Hudson
** Cruise: HUD2013021
** Chief_Scientist: Greenan
** Organization: BIO
** Area_of_Operation: Sackville Spur
** Station: 32
** Sounding:  1141
** Event_Comments: SS14  393149
# nquan = 25
# nvalues = 1127                        
# units = specified
# name 0 = scan: Scan Count
# name 1 = timeS: Time, Elapsed [seconds]
# name 2 = prDM: Pressure, Digiquartz [db]
# name 3 = t068C: Temperature [ITS-68, deg C]
# name 4 = c0S/m: Conductivity [S/m]
# name 5 = t168C: Temperature, 2 [ITS-68, deg C]
# name 6 = c1S/m: Conductivity, 2 [S/m]
# name 7 = altM: Altimeter [m]
# name 8 = flCUVA: Fluorescence, Chelsea UV Aquatracka [ug/l]
# name 9 = sbeox0V: Oxygen raw, SBE 43 [V]
# name 10 = sbeox1V: Oxygen raw, SBE 43, 2 [V]
# name 11 = upoly0: Upoly 0, Optode 4330F - O2 D-Phase
# name 12 = upoly1: Upoly 1, Optode 4330F - O2 Temp
# name 13 = latitude: Latitude [deg]
# name 14 = longitude: Longitude [deg]
# name 15 = sal00: Salinity, Practical [PSU]
# name 16 = sal11: Salinity, Practical, 2 [PSU]
# name 17 = potemp068C: Potential Temperature [ITS-68, deg C]
# name 18 = potemp168C: Potential Temperature, 2 [ITS-68, deg C]
# name 19 = sigma-é00: Density [sigma-theta, Kg/m^3]
# name 20 = sigma-é11: Density, 2 [sigma-theta, Kg/m^3]
# name 21 = sbeox0ML/L: Oxygen, SBE 43 [ml/l], WS = 2
# name 22 = sbeox1ML/L: Oxygen, SBE 43, 2 [ml/l], WS = 2
# name 23 = nbin: number of scans per bin
# name 24 = flag: flag
# span 0 =      41520,      77106       
# span 1 =   1729.963,   3212.718       
# span 2 =      1.000,   1127.000       
# span 3 =     0.8110,     6.1260       
# span 4 =   2.866988,   3.280009       
# span 5 =     0.7928,     6.1231       
# span 6 =   2.866470,   3.281393       
# span 7 =       2.81,     102.61       
# span 8 =     0.0068,     0.4268       
# span 9 =     2.5320,     3.5196       
# span 10 =     2.2769,     3.1282      
# span 11 =  1.7210933,  2.0248958      
# span 12 =  0.7508452,  1.3891065      
# span 13 =   48.16330,   48.16392      
# span 14 =  -46.40810,  -46.40682      
# span 15 =    33.0085,    34.9111      
# span 16 =    33.0250,    34.9275      
# span 17 =     0.8093,     6.1251      
# span 18 =     0.7910,     6.1221      
# span 19 =    25.9656,    27.7491      
# span 20 =    25.9786,    27.7623      
# span 21 =    5.92990,    8.51257      
# span 22 =    6.13773,    8.66459      
# span 23 =          9,        468      
# span 24 = 0.0000e+00, 0.0000e+00      
# interval = decibars: 1                
# start_time = Jul 03 2013 07:29:28 [NMEA time, header]
# bad_flag = -9.990e-29
*END*
[from data line 522]
      57671   2402.937    605.000     3.9099   3.264534     3.9103   3.265938      90.88     0.0149     2.7668     2.4721  1.9502442  1.1123321   48.16352  -46.40758    34.8798    34.8960     3.8660     3.8664    27.7046    27.7174    6.19900    6.34988         16 0.0000e+00
      57687   2403.599    604.000     3.9127   3.264741     3.9128   3.266123      47.90     0.0169     2.7672     2.4723  1.9503957  1.1123321   48.16352  -46.40758    34.8798    34.8960     3.8689     3.8690    27.7043    27.7172    6.20450    6.34278         16 0.0000e+00
      57705   2404.345    603.000     3.9138   3.264797     3.9142   3.266203      74.40     0.0184     2.7668     2.4715  1.9535613  1.1131760   48.16352  -46.40758    34.8798    34.8961     3.8700     3.8704    27.7042    27.7171    6.20747    6.33792         20 0.0000e+00
      57730   2405.394    602.000     3.9139   3.264788     3.9151   3.266231      93.96     0.0161     2.7671     2.4713  1.9536020  1.1133596   48.16352  -46.40758    34.8801    34.8960     3.8702     3.8713    27.7044    27.7170    6.21109    6.34342         34 0.0000e+00
      57833   2409.653    601.000     3.9144   3.264752     3.9100   3.265703      67.15     0.0159     2.7694     2.4723  1.9536164  1.1135409   48.16350  -46.40761    34.8797    34.8957     3.8708     3.8663    27.7040    27.7172    6.21675    6.34912        106 0.0000e+00
      57908   2412.772    600.000     3.9142   3.264684     3.9115   3.265789      62.36     0.0122     2.7701     2.4727  1.9537983  1.1135043   48.16350  -46.40764    34.8796    34.8956     3.8707     3.8679    27.7040    27.7170    6.20416    6.34861         25 0.0000e+00
      57932   2413.788    599.000     3.9132   3.264551     3.9121   3.265813      94.39     0.0134     2.7686     2.4727  1.9536982  1.1134144   48.16350  -46.40764    34.8797    34.8958     3.8697     3.8686    27.7041    27.7170    6.19598    6.34342         26 0.0000e+00
      58219   2425.757    598.000     3.9167   3.264820     3.9158   3.266093      78.68     0.0140     2.7695     2.4727  1.9541018  1.1145458   48.16350  -46.40764    34.8796    34.8957     3.8733     3.8724    27.7037    27.7166    6.21481    6.34565         86 0.0000e+00
      58453   2435.488    597.000     3.9211   3.265147     3.9208   3.266482      96.19     0.0192     2.7710     2.4741  1.9538835  1.1147753   48.16348  -46.40764    34.8794    34.8955     3.8778     3.8774    27.7030    27.7159    6.20990    6.34665         13 0.0000e+00
      58466   2436.054    596.000     3.9215   3.265131     3.9212   3.266469      81.89     0.0181     2.7710     2.4742  1.9548430  1.1147741   48.16348  -46.40764    34.8793    34.8955     3.8782     3.8779    27.7030    27.7159    6.21519    6.34753         15 0.0000e+00
      58483   2436.744    595.000     3.9215   3.265100     3.9212   3.266428      59.05     0.0233     2.7717     2.4741  1.9550141  1.1147741   48.16348  -46.40764    34.8795    34.8955     3.8783     3.8780    27.7031    27.7159    6.21564    6.34888         19 0.0000e+00
      58546   2439.385    594.000     3.9211   3.265028     3.9204   3.266330      81.44     0.0157     2.7713     2.4745  1.9549440  1.1148114   48.16348  -46.40765    34.8796    34.8957     3.8780     3.8773    27.7032    27.7161    6.20788    6.34652         75 0.0000e+00
      58615   2442.229    593.000     3.9214   3.264987     3.9204   3.266269      95.47     0.0161     2.7727     2.4730  1.9550264  1.1147741   48.16346  -46.40766    34.8793    34.8955     3.8783     3.8774    27.7029    27.7160    6.22277    6.33562         12 0.0000e+00
      58626   2442.722    592.000     3.9214   3.264932     3.9204   3.266224      96.13     0.0160     2.7725     2.4725  1.9549261  1.1147741   48.16346  -46.40766    34.8792    34.8955     3.8784     3.8774    27.7028    27.7160    6.22346    6.33401         12 0.0000e+00
      58638   2443.208    591.000     3.9217   3.264917     3.9207   3.266207      96.16     0.0167     2.7730     2.4726  1.9550447  1.1147741   48.16346  -46.40766    34.8792    34.8956     3.8788     3.8778    27.7028    27.7159    6.22243    6.33562         11 0.0000e+00
      58650   2443.715    590.000     3.9222   3.264914     3.9214   3.266217      96.15     0.0158     2.7735     2.4725  1.9550103  1.1147741   48.16347  -46.40766    34.8792    34.8954     3.8793     3.8786    27.7028    27.7157    6.22342    6.33090         13 0.0000e+00
      58665   2444.328    589.000     3.9223   3.264896     3.9221   3.266235      56.83     0.0155     2.7737     2.4721  1.9548244  1.1147741   48.16348  -46.40766    34.8793    34.8954     3.8796     3.8814    27.7028    27.7157    6.22070    6.32463         17 0.0000e+00
      58688   2445.306    588.000     3.9223   3.264853     3.9221   3.266199      85.76     0.0120     2.7741     2.4714  1.9548575  1.1148777   48.16348  -46.40766    34.8793    34.8955     3.8797     3.8796    27.7028    27.7157    6.20945    6.32603         33 0.0000e+00
      58729   2446.994    587.000     3.9219   3.264773     3.9213   3.266073      77.06     0.0163     2.7734     2.4717  1.9549505  1.1154493   48.16346  -46.40765    34.8793    34.8955     3.8793     3.8787    27.7029    27.7158    6.21063    6.34114         40 0.0000e+00
      58761   2448.323    586.000     3.9222   3.264732     3.9210   3.266002      88.35     0.0088     2.7739     2.4730  1.9549098  1.1149451   48.16346  -46.40766    34.8791    34.8954     3.8796     3.8785    27.7027    27.7157    6.21747    6.34899         28 0.0000e+00
      58787   2449.406    585.000     3.9229   3.264745     3.9226   3.266088      96.23     0.0087     2.7749     2.4739  1.9548221  1.1147726   48.16346  -46.40764    34.8790    34.8953     3.8805     3.8801    27.7025    27.7155    6.22593    6.34952         24 0.0000e+00
      58813   2450.501    584.000     3.9234   3.264758     3.9232   3.266109      67.79     0.0115     2.7756     2.4751  1.9537027  1.1149548   48.16346  -46.40764    34.8792    34.8954     3.8810     3.8809    27.7026    27.7155    6.21620    6.35392         32 0.0000e+00
      58889   2453.673    583.000     3.9227   3.264651     3.9222   3.265959      81.82     0.0175     2.7760     2.4774  1.9548610  1.1161221   48.16346  -46.40764    34.8792    34.8953     3.8804     3.8799    27.7026    27.7155    6.21369    6.34772         56 0.0000e+00
      58911   2454.598    582.000     3.9239   3.264704     3.9235   3.266021      96.44     0.0204     2.7753     2.4766  1.9535853  1.1158220   48.16346  -46.40764    34.8790    34.8951     3.8817     3.8813    27.7024    27.7152    6.20238    6.34402         14 0.0000e+00
      58923   2455.095    581.000     3.9251   3.264758     3.9249   3.266104      81.34     0.0204     2.7751     2.4772  1.9536020  1.1158856   48.16346  -46.40764    34.8790    34.8951     3.8829     3.8827    27.7022    27.7151    6.21065    6.34913         11 0.0000e+00
      58934   2455.549    580.000     3.9261   3.264800     3.9259   3.266156      36.04     0.0180     2.7751     2.4772  1.9537147  1.1159970   48.16346  -46.40764    34.8789    34.8952     3.8840     3.8838    27.7021    27.7150    6.20817    6.35150         11 0.0000e+00
      58945   2455.985    579.000     3.9267   3.264820     3.9265   3.266172      80.33     0.0142     2.7759     2.4775  1.9518890  1.1158879   48.16348  -46.40766    34.8790    34.8953     3.8847     3.8845    27.7021    27.7150    6.21040    6.35114         11 0.0000e+00
      58956   2456.458    578.000     3.9273   3.264824     3.9270   3.266167      95.43     0.0115     2.7747     2.4778  1.9511896  1.1159902   48.16348  -46.40766    34.8791    34.8953     3.8853     3.8851    27.7020    27.7149    6.20657    6.35060         12 0.0000e+00
      58971   2457.065    577.000     3.9278   3.264827     3.9281   3.266232      96.08     0.0120     2.7755     2.4781  1.9506515  1.1159952   48.16348  -46.40764    34.8791    34.8954     3.8859     3.8863    27.7020    27.7149    6.21479    6.34671         18 0.0000e+00
      59058   2460.714    576.000     3.9301   3.265007     3.9283   3.266203      57.17     0.0148     2.7770     2.4785  1.9555510  1.1159952   48.16348  -46.40763    34.8793    34.8954     3.8883     3.8865    27.7019    27.7149    6.21527    6.34389         93 0.0000e+00
      59102   2462.521    575.000     3.9299   3.264933     3.9282   3.266140      96.25     0.0135     2.7781     2.4786  1.9540669  1.1159366   48.16348  -46.40763    34.8791    34.8952     3.8882     3.8865    27.7018    27.7148    6.21478    6.34534         21 0.0000e+00
      59121   2463.344    574.000     3.9292   3.264823     3.9269   3.265983      95.92     0.0127     2.7780     2.4789  1.9539092  1.1159945   48.16346  -46.40762    34.8791    34.8953     3.8875     3.8853    27.7018    27.7150    6.20489    6.34714         20 0.0000e+00
      59142   2464.194    573.000     3.9296   3.264807     3.9275   3.266002      66.51     0.0107     2.7773     2.4791  1.9539686  1.1159952   48.16348  -46.40764    34.8790    34.8954     3.8880     3.8860    27.7017    27.7149    6.19929    6.34600         20 0.0000e+00
      59163   2465.063    572.000     3.9298   3.264770     3.9291   3.266089      77.65     0.0098     2.7766     2.4792  1.9541571  1.1159952   48.16348  -46.40762    34.8789    34.8953     3.8883     3.8876    27.7016    27.7147    6.20264    6.34426         22 0.0000e+00
      59184   2465.965    571.000     3.9316   3.264878     3.9318   3.266257      96.27     0.0095     2.7767     2.4793  1.9547693  1.1162294   48.16348  -46.40762    34.8788    34.8949     3.8902     3.8904    27.7013    27.7141    6.21096    6.33677         21 0.0000e+00
      59204   2466.804    570.000     3.9328   3.264936     3.9328   3.266288      95.94     0.0084     2.7773     2.4787  1.9550847  1.1163177   48.16348  -46.40762    34.8787    34.8948     3.8915     3.8914    27.7011    27.7139    6.21617    6.33224         19 0.0000e+00
      59222   2467.543    569.000     3.9334   3.264932     3.9328   3.266253      36.08     0.0087     2.7782     2.4784  1.9553263  1.1161383   48.16348  -46.40762    34.8786    34.8948     3.8921     3.8916    27.7009    27.7139    6.21555    6.33339         17 0.0000e+00
      59238   2468.207    568.000     3.9335   3.264896     3.9330   3.266227      77.58     0.0083     2.7784     2.4786  1.9548240  1.1172137   48.16348  -46.40760    34.8786    34.8949     3.8923     3.8918    27.7009    27.7140    6.21457    6.33167         15 0.0000e+00
      59253   2468.834    567.000     3.9335   3.264864     3.9331   3.266200      96.13     0.0111     2.7787     2.4781  1.9548229  1.1172161   48.16348  -46.40760    34.8787    34.8949     3.8924     3.8920    27.7010    27.7140    6.21517    6.33000         15 0.0000e+00
      59268   2469.466    566.000     3.9345   3.264919     3.9345   3.266281      40.84     0.0132     2.7791     2.4779  1.9548229  1.1172161   48.16348  -46.40760    34.8788    34.8950     3.8935     3.8934    27.7010    27.7139    6.22312    6.33866         16 0.0000e+00
      59285   2470.179    565.000     3.9355   3.264977     3.9358   3.266362      84.13     0.0143     2.7805     2.4789  1.9551929  1.1172161   48.16348  -46.40762    34.8790    34.8951     3.8945     3.8948    27.7010    27.7138    6.22143    6.35013         19 0.0000e+00
      59347   2472.765    564.000     3.9356   3.264953     3.9353   3.266281      83.59     0.0147     2.7807     2.4800  1.9547887  1.1170990   48.16348  -46.40759    34.8791    34.8952     3.8947     3.8944    27.7011    27.7139    6.21005    6.33956        104 0.0000e+00
      59409   2475.313    563.000     3.9355   3.264875     3.9347   3.266158      63.18     0.0093     2.7805     2.4800  1.9548244  1.1168293   48.16348  -46.40758    34.8789    34.8949     3.8946     3.8966    27.7009    27.7137    6.20088    6.34065         13 0.0000e+00
      59419   2475.730    562.000     3.9354   3.264830     3.9346   3.266113      45.30     0.0105     2.7797     2.4806  1.9548229  1.1164012   48.16348  -46.40758    34.8789    34.8950     3.8947     3.8939    27.7010    27.7138    6.20183    6.33647         12 0.0000e+00
      59429   2476.178    561.000     3.9375   3.264980     3.9369   3.266272      95.26     0.0141     2.7793     2.4801  1.9548229  1.1160032   48.16348  -46.40758    34.8790    34.8950     3.8968     3.8962    27.7008    27.7136    6.19960    6.32952         10 0.0000e+00
      59439   2476.587    560.000     3.9418   3.265349     3.9424   3.266751      95.86     0.0152     2.7797     2.4799  1.9548229  1.1161320   48.16348  -46.40758    34.8794    34.8954     3.9012     3.9017    27.7006    27.7133    6.20198    6.32003          9 0.0000e+00
      59449   2476.981    559.000     3.9465   3.265759     3.9476   3.267211      95.78     0.0146     2.7796     2.4796  1.9548229  1.1159946   48.16348  -46.40758    34.8797    34.8959     3.9060     3.9070    27.7004    27.7132    6.19226    6.31698         10 0.0000e+00
      59458   2477.387    558.000     3.9499   3.266053     3.9505   3.267459      96.15     0.0134     2.7793     2.4790  1.9548229  1.1159952   48.16348  -46.40758    34.8802    34.8963     3.9094     3.9099    27.7004    27.7132    6.18391    6.31509         10 0.0000e+00
      59469   2477.818    557.000     3.9508   3.266092     3.9505   3.267414      96.16     0.0132     2.7782     2.4787  1.9543946  1.1165305   48.16348  -46.40758    34.8802    34.8962     3.9104     3.9101    27.7003    27.7131    6.17968    6.31595         11 0.0000e+00
      59481   2478.316    556.000     3.9500   3.265953     3.9491   3.267218      45.88     0.0159     2.7778     2.4786  1.9540821  1.1171932   48.16348  -46.40758    34.8800    34.8959     3.9097     3.9088    27.7002    27.7130    6.18641    6.32025         13 0.0000e+00
      59499   2479.064    555.000     3.9493   3.265848     3.9481   3.267079      74.85     0.0166     2.7781     2.4784  1.9540293  1.1171317   48.16348  -46.40758    34.8800    34.8958     3.9090     3.9079    27.7003    27.7130    6.19856    6.32246         26 0.0000e+00
      59565   2481.850    554.000     3.9477   3.265651     3.9457   3.266836      82.99     0.0091     2.7798     2.4795  1.9536240  1.1180347   48.16348  -46.40758    34.8798    34.8960     3.9076     3.9056    27.7003    27.7134    6.20392    6.32961         73 0.0000e+00
      59598   2483.219    553.000     3.9476   3.265571     3.9467   3.266850      63.70     0.0138     2.7797     2.4790  1.9536014  1.1174265   48.16348  -46.40758    34.8796    34.8957     3.9075     3.9066    27.7002    27.7131    6.18638    6.31694         23 0.0000e+00
      59623   2484.269    552.000     3.9466   3.265440     3.9458   3.266738      57.73     0.0170     2.7784     2.4787  1.9550380  1.1178694   48.16348  -46.40758    34.8796    34.8958     3.9066     3.9058    27.7003    27.7132    6.17552    6.32032         28 0.0000e+00
      59650   2485.386    551.000     3.9475   3.265458     3.9453   3.266656      80.65     0.0202     2.7771     2.4786  1.9551167  1.1177522   48.16348  -46.40758    34.8794    34.8959     3.9076     3.9054    27.7000    27.7133    6.17156    6.32031         25 0.0000e+00
      59674   2486.371    550.000     3.9608   3.266681     3.9574   3.267823      52.88     0.0219     2.7758     2.4789  1.9552695  1.1184489   48.16348  -46.40756    34.8803    34.8974     3.9209     3.9175    27.6993    27.7133    6.17735    6.32264         22 0.0000e+00
      59693   2487.156    549.000     3.9776   3.268384     3.9835   3.270314      88.80     0.0218     2.7761     2.4791  1.9548994  1.1184372   48.16348  -46.40756    34.8832    34.8998     3.9377     3.9436    27.6999    27.7125    6.17744    6.31595         17 0.0000e+00
