data/CTD/2013/CNV/U021A036.CNV
* Sea-Bird SBE 9 Data File:
* FileName = C:\CTD_ACQUISITION\2013021HUD\ctddata\021A036.hdr
* Software Version Seasave V 7.22.2
* Temperature SN = 5081
* Conductivity SN = 3561
* Number of Bytes Per Scan = 37
* Number of Voltage Words = 4
* Number of Scans Averaged by the Deck Unit = 1
* NMEA Latitude = 48 18.49 N
* NMEA Longitude = 046 32.56 W
* NMEA UTC (Time) = Jul 03 2013 17:07:39
* NMEA baud rate = 9600
** Ship: Hudson
** Cruise: HUD2013021
** Chief_Scientist: Greenan
** Organization: BIO
** Area_of_Operation: Sackville Spur
** Station: 36
** Sounding:  1047
** Event_Comments: SS11  393172
# nquan = 25
# nvalues = 1048                        
# units = specified
# name 0 = scan: Scan Count
# name 1 = timeS: Time, Elapsed [seconds]
# name 2 = prDM: Pressure, Digiquartz [db]
# name 3 = t068C: Temperature [ITS-68, deg C]
# name 4 = c0S/m: Conductivity [S/m]
# name 5 = t168C: Temperature, 2 [ITS-68, deg C]
# name 6 = c1S/m: Conductivity, 2 [S/m]
# name 7 = altM: Altimeter [m]
# name 8 = flCUVA: Fluorescence, Chelsea UV Aquatracka [ug/l]
# name 9 = sbeox0V: Oxygen raw, SBE 43 [V]
# name 10 = sbeox1V: Oxygen raw, SBE 43, 2 [V]
# name 11 = upoly0: Upoly 0, Optode 4330F - O2 D-Phase
# name 12 = upoly1: Upoly 1, Optode 4330F - O2 Temp
# name 13 = latitude: Latitude [deg]
# name 14 = longitude: Longitude [deg]
# name 15 = sal00: Salinity, Practical [PSU]
# name 16 = sal11: Salinity, Practical, 2 [PSU]
# name 17 = potemp068C: Potential Temperature [ITS-68, deg C]
# name 18 = potemp168C: Potential Temperature, 2 [ITS-68, deg C]
# name 19 = sigma-é00: Density [sigma-theta, Kg/m^3]
# name 20 = sigma-é11: Density, 2 [sigma-theta, Kg/m^3]
# name 21 = sbeox0ML/L: Oxygen, SBE 43 [ml/l], WS = 2
# name 22 = sbeox1ML/L: Oxygen, SBE 43, 2 [ml/l], WS = 2
# name 23 = nbin: number of scans per bin
# name 24 = flag: flag
# span 0 =      34922,      59827       
# span 1 =   1455.046,   2492.759       
# span 2 =      1.000,   1048.000       
# span 3 =    -0.0996,     5.7054       
# span 4 =   2.763475,   3.284784       
# span 5 =    -0.1004,     5.6916       
# span 6 =   2.764557,   3.286156       
# span 7 =       2.82,     102.02       
# span 8 =     0.0065,     0.3179       
# span 9 =     2.5815,     3.3905       
# span 10 =     2.3206,     3.0411      
# span 11 =  1.7340245,  2.0170945      
# span 12 =  0.6337084,  1.3439540      
# span 13 =   48.30644,   48.30690      
# span 14 =  -46.54056,  -46.53926      
# span 15 =    32.6294,    34.9063      
# span 16 =    32.6454,    34.9226      
# span 17 =    -0.1008,     5.7050      
# span 18 =    -0.1017,     5.6913      
# span 19 =    25.7200,    27.7342      
# span 20 =    25.7335,    27.7473      
# span 21 =    5.98864,    8.25598      
# span 22 =    6.18382,    8.39716      
# span 23 =         11,        480      
# span 24 = 0.0000e+00, 0.0000e+00      
# interval = decibars: 1                
# start_time = Jul 03 2013 17:07:39 [NMEA time, header]
# bad_flag = -9.990e-29
*END*
[from data line 290]
      42457   1768.994    758.000     3.9812   3.278805     3.9811   3.280171      87.75     0.0185     2.7033     2.4165  1.9737244  1.1255089   48.30650  -46.54008    34.8934    34.9096     3.9248     3.9248    27.7094    27.7223    6.14240    6.28701         25 0.0000e+00
      42488   1770.301    757.000     3.9797   3.278602     3.9788   3.279876      96.22     0.0185     2.7045     2.4169  1.9734503  1.1257302   48.30650  -46.54008    34.8931    34.9091     3.9235     3.9225    27.7092    27.7221    6.14709    6.29033         35 0.0000e+00
      42519   1771.594    756.000     3.9784   3.278394     3.9774   3.279670      94.68     0.0162     2.7060     2.4182  1.9737864  1.1254593   48.30650  -46.54008    34.8926    34.9087     3.9222     3.9212    27.7090    27.7219    6.15527    6.30671         25 0.0000e+00
      42542   1772.536    755.000     3.9780   3.278304     3.9775   3.279646      88.72     0.0171     2.7070     2.4194  1.9719452  1.1239084   48.30650  -46.54008    34.8924    34.9088     3.9219     3.9214    27.7088    27.7220    6.14792    6.30703         22 0.0000e+00
      42564   1773.474    754.000     3.9779   3.278265     3.9776   3.279622      95.93     0.0169     2.7073     2.4207  1.9719172  1.1240329   48.30652  -46.54010    34.8926    34.9090     3.9219     3.9216    27.7090    27.7221    6.14542    6.31244         24 0.0000e+00
      42590   1774.547    753.000     3.9775   3.278183     3.9771   3.279528      93.19     0.0151     2.7080     2.4220  1.9718715  1.1238176   48.30652  -46.54010    34.8925    34.9089     3.9216     3.9212    27.7090    27.7221    6.14669    6.31285         27 0.0000e+00
      42615   1775.596    752.000     3.9768   3.278053     3.9760   3.279341      90.27     0.0154     2.7084     2.4231  1.9718611  1.1238780   48.30652  -46.54008    34.8922    34.9084     3.9210     3.9201    27.7088    27.7218    6.15051    6.30648         22 0.0000e+00
      42634   1776.384    751.000     3.9754   3.277841     3.9744   3.279116      17.33     0.0173     2.7092     2.4230  1.9719175  1.1242592   48.30652  -46.54008    34.8918    34.9079     3.9197     3.9187    27.7086    27.7215    6.15292    6.29791         17 0.0000e+00
      42650   1777.040    750.000     3.9741   3.277625     3.9732   3.278929      93.41     0.0174     2.7094     2.4230  1.9719169  1.1238918   48.30652  -46.54008    34.8911    34.9075     3.9184     3.9175    27.7082    27.7213    6.15323    6.29409         15 0.0000e+00
      42665   1777.650    749.000     3.9735   3.277518     3.9730   3.278850      95.97     0.0176     2.7099     2.4228  1.9719169  1.1238440   48.30651  -46.54008    34.8910    34.9073     3.9179     3.9174    27.7082    27.7212    6.15414    6.29539         14 0.0000e+00
      42680   1778.278    748.000     3.9733   3.277449     3.9727   3.278784      84.81     0.0164     2.7102     2.4228  1.9716082  1.1236238   48.30650  -46.54008    34.8909    34.9074     3.9178     3.9171    27.7081    27.7213    6.14953    6.29923         16 0.0000e+00
      42698   1779.035    747.000     3.9730   3.277393     3.9725   3.278741      85.02     0.0147     2.7106     2.4231  1.9712635  1.1238674   48.30650  -46.54008    34.8911    34.9075     3.9176     3.9171    27.7083    27.7214    6.14981    6.29980         22 0.0000e+00
      42741   1780.835    746.000     3.9729   3.277350     3.9726   3.278701      90.80     0.0162     2.7114     2.4238  1.9700034  1.1230816   48.30651  -46.54008    34.8912    34.9075     3.9176     3.9172    27.7084    27.7214    6.15267    6.30249         64 0.0000e+00
      42785   1782.650    745.000     3.9734   3.277330     3.9731   3.278688      95.00     0.0130     2.7118     2.4242  1.9694550  1.1221293   48.30652  -46.54008    34.8910    34.9074     3.9181     3.9178    27.7081    27.7212    6.15490    6.29869         19 0.0000e+00
      42800   1783.273    744.000     3.9731   3.277269     3.9728   3.278629      95.71     0.0154     2.7128     2.4242  1.9694749  1.1221000   48.30652  -46.54008    34.8910    34.9075     3.9179     3.9176    27.7082    27.7213    6.16542    6.30178         14 0.0000e+00
      42812   1783.812    743.000     3.9730   3.277217     3.9726   3.278567      92.76     0.0151     2.7138     2.4245  1.9694749  1.1221001   48.30652  -46.54008    34.8911    34.9075     3.9179     3.9174    27.7082    27.7213    6.16533    6.30677         12 0.0000e+00
      42824   1784.301    742.000     3.9728   3.277149     3.9723   3.278483      82.77     0.0144     2.7138     2.4248  1.9694749  1.1221001   48.30652  -46.54008    34.8910    34.9074     3.9178     3.9172    27.7081    27.7213    6.15536    6.30999         11 0.0000e+00
      42836   1784.772    741.000     3.9725   3.277077     3.9719   3.278401      95.44     0.0143     2.7141     2.4255  1.9694749  1.1221001   48.30652  -46.54008    34.8910    34.9073     3.9176     3.9169    27.7082    27.7212    6.15605    6.31145         12 0.0000e+00
      42847   1785.270    740.000     3.9720   3.276978     3.9714   3.278295      96.16     0.0161     2.7144     2.4256  1.9694749  1.1221001   48.30652  -46.54008    34.8909    34.9071     3.9172     3.9165    27.7081    27.7211    6.15485    6.31274         12 0.0000e+00
      42862   1785.867    739.000     3.9715   3.276879     3.9709   3.278196      95.76     0.0198     2.7140     2.4265  1.9694041  1.1221001   48.30652  -46.54008    34.8907    34.9070     3.9168     3.9161    27.7081    27.7211    6.15804    6.31259         17 0.0000e+00
      42909   1787.844    738.000     3.9709   3.276781     3.9708   3.278154      92.29     0.0160     2.7158     2.4276  1.9686446  1.1221001   48.30652  -46.54008    34.8908    34.9071     3.9162     3.9160    27.7082    27.7212    6.16115    6.31060         85 0.0000e+00
      42970   1790.380    737.000     3.9711   3.276734     3.9706   3.278075      94.62     0.0149     2.7169     2.4281  1.9675049  1.1219317   48.30652  -46.54008    34.8905    34.9069     3.9165     3.9160    27.7079    27.7210    6.16105    6.30282         23 0.0000e+00
      42986   1791.055    736.000     3.9713   3.276729     3.9712   3.278098      94.50     0.0126     2.7173     2.4281  1.9670380  1.1220230   48.30654  -46.54008    34.8907    34.9071     3.9168     3.9166    27.7080    27.7211    6.16584    6.30588         16 0.0000e+00
      43001   1791.682    735.000     3.9707   3.276620     3.9703   3.277953      93.60     0.0147     2.7181     2.4283  1.9670329  1.1220994   48.30654  -46.54008    34.8906    34.9068     3.9163     3.9158    27.7080    27.7210    6.16592    6.30425         14 0.0000e+00
      43015   1792.239    734.000     3.9696   3.276428     3.9688   3.277732      80.65     0.0170     2.7179     2.4282  1.9659278  1.1221001   48.30654  -46.54008    34.8901    34.9063     3.9152     3.9144    27.7077    27.7207    6.16507    6.30488         13 0.0000e+00
      43027   1792.763    733.000     3.9688   3.276290     3.9682   3.277620      94.97     0.0157     2.7189     2.4283  1.9656131  1.1221001   48.30654  -46.54008    34.8898    34.9062     3.9145     3.9139    27.7075    27.7206    6.17190    6.30859         12 0.0000e+00
      43040   1793.304    732.000     3.9684   3.276211     3.9680   3.277561      96.15     0.0140     2.7188     2.4287  1.9652935  1.1221001   48.30654  -46.54008    34.8898    34.9062     3.9142     3.9138    27.7076    27.7206    6.16799    6.31202         14 0.0000e+00
      43055   1793.915    731.000     3.9683   3.276162     3.9679   3.277515      96.17     0.0145     2.7197     2.4291  1.9656458  1.1221001   48.30654  -46.54008    34.8898    34.9062     3.9142     3.9138    27.7076    27.7207    6.16844    6.31260         16 0.0000e+00
      43075   1794.766    730.000     3.9681   3.276113     3.9678   3.277454      90.04     0.0129     2.7200     2.4295  1.9658424  1.1221001   48.30654  -46.54008    34.8899    34.9062     3.9141     3.9137    27.7077    27.7207    6.16852    6.31156         27 0.0000e+00
      43115   1796.423    729.000     3.9680   3.276057     3.9678   3.277408      66.61     0.0114     2.7209     2.4307  1.9661964  1.1221001   48.30654  -46.54008    34.8899    34.9062     3.9141     3.9148    27.7077    27.7207    6.16386    6.32034         44 0.0000e+00
      43147   1797.736    728.000     3.9681   3.275994     3.9677   3.277358      92.56     0.0131     2.7207     2.4323  1.9660755  1.1219919   48.30654  -46.54008    34.8897    34.9062     3.9142     3.9138    27.7075    27.7207    6.16344    6.33332         23 0.0000e+00
      43167   1798.600    727.000     3.9678   3.275936     3.9673   3.277262      89.46     0.0140     2.7212     2.4335  1.9645979  1.1213706   48.30654  -46.54008    34.8898    34.9060     3.9140     3.9135    27.7076    27.7206    6.16424    6.33065         20 0.0000e+00
      43189   1799.494    726.000     3.9676   3.275869     3.9673   3.277203      86.58     0.0165     2.7211     2.4342  1.9645909  1.1212516   48.30654  -46.54008    34.8896    34.9058     3.9139     3.9135    27.7075    27.7204    6.16090    6.32168         23 0.0000e+00
      43213   1800.521    725.000     3.9676   3.275819     3.9674   3.277150      93.73     0.0171     2.7219     2.4344  1.9657177  1.1220999   48.30654  -46.54008    34.8896    34.9056     3.9140     3.9137    27.7075    27.7202    6.17575    6.32210         26 0.0000e+00
      43237   1801.506    724.000     3.9679   3.275768     3.9675   3.277103      87.27     0.0146     2.7228     2.4350  1.9658126  1.1221001   48.30654  -46.54008    34.8892    34.9054     3.9143     3.9140    27.7071    27.7200    6.17091    6.32694         21 0.0000e+00
      43256   1802.271    723.000     3.9681   3.275717     3.9679   3.277059      96.16     0.0148     2.7229     2.4356  1.9648962  1.1221764   48.30654  -46.54008    34.8889    34.9051     3.9146     3.9144    27.7068    27.7197    6.16474    6.32751         16 0.0000e+00
      43271   1802.922    722.000     3.9684   3.275670     3.9682   3.277018      88.48     0.0139     2.7231     2.4360  1.9648347  1.1220995   48.30654  -46.54008    34.8886    34.9048     3.9150     3.9148    27.7065    27.7194    6.16585    6.32649         15 0.0000e+00
      43286   1803.548    721.000     3.9688   3.275639     3.9687   3.276989      86.98     0.0108     2.7230     2.4363  1.9646707  1.1221001   48.30654  -46.54008    34.8883    34.9044     3.9155     3.9154    27.7062    27.7191    6.16275    6.32172         15 0.0000e+00
      43303   1804.234    720.000     3.9694   3.275609     3.9693   3.276957      95.35     0.0121     2.7233     2.4361  1.9647813  1.1221001   48.30654  -46.54008    34.8879    34.9039     3.9161     3.9161    27.7059    27.7186    6.16420    6.31868         19 0.0000e+00
      43326   1805.227    719.000     3.9694   3.275560     3.9694   3.276911      77.08     0.0134     2.7235     2.4367  1.9646065  1.1221001   48.30654  -46.54008    34.8878    34.9038     3.9162     3.9162    27.7058    27.7185    6.16799    6.32720         32 0.0000e+00
      43371   1807.089    718.000     3.9689   3.275487     3.9692   3.276849      91.85     0.0110     2.7249     2.4379  1.9638947  1.1221001   48.30654  -46.54007    34.8880    34.9037     3.9158     3.9161    27.7060    27.7185    6.17609    6.32632         46 0.0000e+00
      43405   1808.493    717.000     3.9693   3.275452     3.9693   3.276797      93.48     0.0135     2.7261     2.4379  1.9635403  1.1221001   48.30654  -46.54007    34.8876    34.9036     3.9163     3.9163    27.7056    27.7183    6.17768    6.31973         29 0.0000e+00
      43431   1809.604    716.000     3.9696   3.275413     3.9694   3.276744      88.06     0.0142     2.7272     2.4377  1.9635831  1.1221001   48.30655  -46.54008    34.8874    34.9034     3.9167     3.9164    27.7054    27.7182    6.18312    6.31925         23 0.0000e+00
      43451   1810.422    715.000     3.9696   3.275331     3.9692   3.276679      96.22     0.0126     2.7278     2.4379  1.9635131  1.1221001   48.30656  -46.54008    34.8870    34.9033     3.9167     3.9163    27.7051    27.7181    6.18162    6.32017         17 0.0000e+00
      43466   1811.062    714.000     3.9696   3.275285     3.9691   3.276634      96.16     0.0152     2.7284     2.4378  1.9637185  1.1221001   48.30656  -46.54008    34.8869    34.9034     3.9168     3.9164    27.7050    27.7182    6.18434    6.31922         14 0.0000e+00
      43480   1811.615    713.000     3.9696   3.275244     3.9692   3.276594      95.04     0.0134     2.7289     2.4379  1.9636530  1.1221001   48.30656  -46.54008    34.8869    34.9034     3.9169     3.9165    27.7050    27.7182    6.18354    6.32257         13 0.0000e+00
      43492   1812.136    712.000     3.9696   3.275199     3.9692   3.276543      80.17     0.0129     2.7295     2.4383  1.9640740  1.1221001   48.30656  -46.54008    34.8869    34.9033     3.9170     3.9165    27.7050    27.7181    6.18445    6.32562         12 0.0000e+00
      43505   1812.658    711.000     3.9696   3.275153     3.9690   3.276482      90.83     0.0134     2.7294     2.4387  1.9640282  1.1221001   48.30656  -46.54008    34.8869    34.9032     3.9170     3.9165    27.7050    27.7181    6.18190    6.32702         13 0.0000e+00
      43518   1813.227    710.000     3.9694   3.275088     3.9689   3.276418      95.36     0.0157     2.7302     2.4388  1.9637086  1.1221001   48.30656  -46.54008    34.8869    34.9031     3.9169     3.9164    27.7050    27.7180    6.17758    6.32539         15 0.0000e+00
      43536   1813.966    709.000     3.9692   3.275039     3.9688   3.276364      94.83     0.0152     2.7301     2.4392  1.9637541  1.1221001   48.30656  -46.54008    34.8870    34.9032     3.9168     3.9164    27.7051    27.7180    6.17524    6.32607         22 0.0000e+00
      43593   1816.335    708.000     3.9689   3.274966     3.9686   3.276320      76.72     0.0097     2.7303     2.4403  1.9623067  1.1221001   48.30656  -46.54006    34.8870    34.9034     3.9166     3.9162    27.7051    27.7182    6.17256    6.32447         73 0.0000e+00
      43630   1817.871    707.000     3.9692   3.274927     3.9687   3.276263      96.12     0.0110     2.7302     2.4404  1.9615048  1.1219568   48.30657  -46.54007    34.8867    34.9031     3.9170     3.9165    27.7048    27.7179    6.17369    6.32323         17 0.0000e+00
      43646   1818.525    706.000     3.9692   3.274894     3.9688   3.276233      95.50     0.0116     2.7303     2.4406  1.9625918  1.1208724   48.30658  -46.54008    34.8868    34.9032     3.9171     3.9166    27.7049    27.7180    6.17748    6.32356         14 0.0000e+00
      43659   1819.104    705.000     3.9692   3.274853     3.9687   3.276181      94.76     0.0131     2.7311     2.4405  1.9622363  1.1208792   48.30658  -46.54008    34.8869    34.9032     3.9171     3.9166    27.7050    27.7180    6.17830    6.32211         14 0.0000e+00
      43673   1819.657    704.000     3.9692   3.274805     3.9687   3.276136      94.64     0.0124     2.7309     2.4411  1.9624275  1.1208792   48.30658  -46.54008    34.8869    34.9032     3.9172     3.9167    27.7050    27.7180    6.17526    6.32314         13 0.0000e+00
      43687   1820.229    703.000     3.9690   3.274744     3.9685   3.276080      94.48     0.0126     2.7313     2.4406  1.9622360  1.1217515   48.30658  -46.54008    34.8869    34.9033     3.9171     3.9165    27.7050    27.7181    6.18514    6.32372         14 0.0000e+00
      43703   1820.896    702.000     3.9686   3.274672     3.9680   3.275990      86.61     0.0133     2.7321     2.4414  1.9621489  1.1221001   48.30658  -46.54008    34.8869    34.9032     3.9168     3.9162    27.7050    27.7180    6.18675    6.32412         18 0.0000e+00
