data/CTD/2013/CNV/U021A016.CNV
* Sea-Bird SBE 9 Data File:
* FileName = C:\CTD_ACQUISITION\2013021HUD\ctddata\021A016.hdr
* Software Version Seasave V 7.22.2
* Temperature SN = 5081
* Conductivity SN = 3561
* Number of Bytes Per Scan = 37
* Number of Voltage Words = 4
* Number of Scans Averaged by the Deck Unit = 1
* NMEA Latitude = 46 59.94 N
* NMEA Longitude = 046 54.47 W
* NMEA UTC (Time) = Jul 02 2013 01:17:23
* NMEA baud rate = 9600
** Ship: Hudson
** Cruise: HUD2013021
** Chief_Scientist: Greenan
** Organization: BIO
** Area_of_Operation: Sackville Spur
** Station: 16
** Sounding:  1195
** Event_Comments: FC17.5  393119
# nquan = 25
# nvalues = 1182                        
# units = specified
# name 0 = scan: Scan Count
# name 1 = timeS: Time, Elapsed [seconds]
# name 2 = prDM: Pressure, Digiquartz [db]
# name 3 = t068C: Temperature [ITS-68, deg C]
# name 4 = c0S/m: Conductivity [S/m]
# name 5 = t168C: Temperature, 2 [ITS-68, deg C]
# name 6 = c1S/m: Conductivity, 2 [S/m]
# name 7 = altM: Altimeter [m]
# name 8 = flCUVA: Fluorescence, Chelsea UV Aquatracka [ug/l]
# name 9 = sbeox0V: Oxygen raw, SBE 43 [V]
# name 10 = sbeox1V: Oxygen raw, SBE 43, 2 [V]
# name 11 = upoly0: Upoly 0, Optode 4330F - O2 D-Phase
# name 12 = upoly1: Upoly 1, Optode 4330F - O2 Temp
# name 13 = latitude: Latitude [deg]
# name 14 = longitude: Longitude [deg]
# name 15 = sal00: Salinity, Practical [PSU]
# name 16 = sal11: Salinity, Practical, 2 [PSU]
# name 17 = potemp068C: Potential Temperature [ITS-68, deg C]
# name 18 = potemp168C: Potential Temperature, 2 [ITS-68, deg C]
# name 19 = sigma-é00: Density [sigma-theta, Kg/m^3]
# name 20 = sigma-é11: Density, 2 [sigma-theta, Kg/m^3]
# name 21 = sbeox0ML/L: Oxygen, SBE 43 [ml/l], WS = 2
# name 22 = sbeox1ML/L: Oxygen, SBE 43, 2 [ml/l], WS = 2
# name 23 = nbin: number of scans per bin
# name 24 = flag: flag
# span 0 =      38252,      64793       
# span 1 =   1593.787,   2699.665       
# span 2 =      1.000,   1182.000       
# span 3 =     0.1774,     6.3040       
# span 4 =   2.793280,   3.293284       
# span 5 =     0.1601,     6.3012       
# span 6 =   2.793428,   3.294596       
# span 7 =       3.36,     120.18       
# span 8 =     0.0053,     0.1322       
# span 9 =     2.5112,     3.3877       
# span 10 =     2.2608,     3.0294      
# span 11 =  1.7251661,  2.0296264      
# span 12 =  0.6701570,  1.4064255      
# span 13 =   46.99602,   46.99680      
# span 14 =  -46.90906,  -46.90820      
# span 15 =    32.8062,    34.9118      
# span 16 =    32.8244,    34.9277      
# span 17 =     0.1756,     6.3039      
# span 18 =     0.1584,     6.3011      
# span 19 =    25.7855,    27.7509      
# span 20 =    25.7978,    27.7636      
# span 21 =    5.90519,    8.37035      
# span 22 =    6.10256,    8.45500      
# span 23 =         10,        481      
# span 24 = 0.0000e+00, 0.0000e+00      
# interval = decibars: 1                
# start_time = Jul 02 2013 01:17:23 [NMEA time, header]
# bad_flag = -9.990e-29
*END*
[from data line 174]
      42419   1767.436   1008.000     3.8703   3.280490     3.8701   3.281803      96.77     0.0115     2.5964     2.3258  1.9982810  1.1086692   46.99618  -46.90848    34.9018    34.9176     3.7943     3.7940    27.7295    27.7421    6.02593    6.20602         15 0.0000e+00
      42434   1768.044   1007.000     3.8716   3.280569     3.8712   3.281884      96.75     0.0132     2.5963     2.3261  1.9981273  1.1086692   46.99620  -46.90848    34.9019    34.9178     3.7957     3.7953    27.7294    27.7422    6.02730    6.20079         15 0.0000e+00
      42448   1768.642   1006.000     3.8725   3.280620     3.8718   3.281903      96.78     0.0167     2.5971     2.3260  1.9981682  1.1086692   46.99620  -46.90848    34.9021    34.9180     3.7966     3.7959    27.7295    27.7422    6.02406    6.19980         14 0.0000e+00
      42464   1769.310   1005.000     3.8728   3.280614     3.8725   3.281931      96.71     0.0175     2.5967     2.3261  1.9976956  1.1086692   46.99620  -46.90848    34.9021    34.9181     3.7971     3.7967    27.7295    27.7422    6.02179    6.20261         18 0.0000e+00
      42490   1770.360   1004.000     3.8732   3.280614     3.8730   3.281932      96.72     0.0132     2.5973     2.3267  1.9975673  1.1087008   46.99620  -46.90848    34.9022    34.9181     3.7975     3.7972    27.7295    27.7422    6.02614    6.20905         36 0.0000e+00
      42527   1771.910   1003.000     3.8737   3.280605     3.8731   3.281889      96.62     0.0192     2.5974     2.3278  1.9975580  1.1096257   46.99620  -46.90848    34.9021    34.9179     3.7981     3.7975    27.7294    27.7420    6.02628    6.20548         30 0.0000e+00
      42549   1772.838   1002.000     3.8751   3.280690     3.8751   3.282028      96.74     0.0186     2.5979     2.3276  1.9975580  1.1096979   46.99620  -46.90849    34.9021    34.9180     3.7996     3.7995    27.7292    27.7418    6.03143    6.19725         19 0.0000e+00
      42568   1773.645   1001.000     3.8775   3.280896     3.8774   3.282223      96.71     0.0137     2.5990     2.3275  1.9975580  1.1087310   46.99620  -46.90850    34.9026    34.9184     3.8020     3.8019    27.7293    27.7419    6.03584    6.19713         20 0.0000e+00
      42591   1774.581   1000.000     3.8794   3.281047     3.8795   3.282385      96.73     0.0133     2.5993     2.3275  1.9975580  1.1086706   46.99620  -46.90851    34.9029    34.9186     3.8040     3.8040    27.7293    27.7419    6.03553    6.19466         26 0.0000e+00
      42619   1775.766    999.000     3.8818   3.281220     3.8806   3.282451      96.73     0.0126     2.6005     2.3277  1.9983691  1.1097364   46.99620  -46.90852    34.9029    34.9187     3.8065     3.8053    27.7291    27.7418    6.03140    6.20328         29 0.0000e+00
      42644   1776.783    998.000     3.8831   3.281291     3.8821   3.282542      96.78     0.0114     2.6005     2.3282  1.9983516  1.1098921   46.99620  -46.90852    34.9028    34.9188     3.8079     3.8068    27.7289    27.7417    6.02643    6.20677         20 0.0000e+00
      42662   1777.544    997.000     3.8840   3.281338     3.8832   3.282611      96.73     0.0075     2.6007     2.3287  1.9975554  1.1098901   46.99620  -46.90852    34.9030    34.9189     3.8088     3.8080    27.7290    27.7417    6.02183    6.20432         17 0.0000e+00
      42679   1778.230    996.000     3.8845   3.281344     3.8837   3.282625      96.54     0.0102     2.6001     2.3290  1.9975580  1.1098901   46.99620  -46.90852    34.9031    34.9190     3.8094     3.8086    27.7290    27.7417    6.01429    6.20060         16 0.0000e+00
      42695   1778.934    995.000     3.8848   3.281340     3.8842   3.282632      96.78     0.0104     2.5997     2.3289  1.9975580  1.1099576   46.99620  -46.90852    34.9032    34.9192     3.8098     3.8091    27.7290    27.7418    6.02206    6.19684         18 0.0000e+00
      42715   1779.732    994.000     3.8851   3.281330     3.8844   3.282615      96.79     0.0101     2.6004     2.3290  1.9976717  1.1109719   46.99620  -46.90853    34.9033    34.9192     3.8102     3.8094    27.7290    27.7418    6.02635    6.20188         21 0.0000e+00
      42739   1780.747    993.000     3.8853   3.281305     3.8846   3.282581      96.71     0.0141     2.6005     2.3295  1.9980719  1.1110233   46.99620  -46.90854    34.9033    34.9191     3.8104     3.8097    27.7290    27.7417    6.02108    6.20470         28 0.0000e+00
      42768   1781.969    992.000     3.8859   3.281303     3.8848   3.282556      96.78     0.0166     2.6004     2.3303  1.9964906  1.1108994   46.99620  -46.90854    34.9031    34.9191     3.8111     3.8100    27.7288    27.7416    6.02474    6.21170         29 0.0000e+00
      42797   1783.184    991.000     3.8866   3.281326     3.8860   3.282608      58.29     0.0127     2.6012     2.3312  1.9967027  1.1110699   46.99620  -46.90856    34.9032    34.9190     3.8119     3.8112    27.7288    27.7414    6.02932    6.21252         30 0.0000e+00
      42826   1784.385    990.000     3.8865   3.281252     3.8858   3.282541      89.64     0.0130     2.6018     2.3322  1.9975654  1.1111115   46.99620  -46.90856    34.9029    34.9189     3.8118     3.8155    27.7286    27.7413    6.02598    6.21197         27 0.0000e+00
      42851   1785.417    989.000     3.8864   3.281197     3.8858   3.282483      96.85     0.0134     2.6017     2.3324  1.9961421  1.1111112   46.99620  -46.90856    34.9028    34.9187     3.8119     3.8112    27.7285    27.7412    6.02269    6.20602         22 0.0000e+00
      42871   1786.234    988.000     3.8864   3.281149     3.8859   3.282444      96.77     0.0097     2.6021     2.3326  1.9952463  1.1111112   46.99622  -46.90856    34.9028    34.9187     3.8120     3.8114    27.7284    27.7412    6.02899    6.20420         18 0.0000e+00
      42887   1786.922    987.000     3.8866   3.281123     3.8861   3.282422      96.78     0.0082     2.6026     2.3324  1.9954430  1.1111112   46.99622  -46.90858    34.9028    34.9188     3.8123     3.8117    27.7284    27.7412    6.03176    6.20107         15 0.0000e+00
      42902   1787.559    986.000     3.8867   3.281090     3.8861   3.282384      96.70     0.0082     2.6034     2.3325  1.9975344  1.1111112   46.99622  -46.90858    34.9028    34.9188     3.8124     3.8118    27.7284    27.7412    6.02952    6.20339         15 0.0000e+00
      42918   1788.211    985.000     3.8868   3.281049     3.8861   3.282345      96.78     0.0065     2.6031     2.3326  1.9975584  1.1111112   46.99620  -46.90858    34.9028    34.9188     3.8125     3.8119    27.7284    27.7412    6.02738    6.20505         17 0.0000e+00
      42937   1788.985    984.000     3.8869   3.281013     3.8863   3.282308      83.63     0.0114     2.6036     2.3329  1.9971019  1.1111112   46.99620  -46.90858    34.9028    34.9187     3.8127     3.8121    27.7284    27.7411    6.02692    6.20213         21 0.0000e+00
      42962   1790.043    983.000     3.8868   3.280964     3.8862   3.282261      60.91     0.0150     2.6034     2.3327  1.9959910  1.1111112   46.99622  -46.90858    34.9028    34.9187     3.8128     3.8122    27.7283    27.7411    6.02118    6.20129         30 0.0000e+00
      42992   1791.300    982.000     3.8866   3.280894     3.8859   3.282174      97.02     0.0166     2.6033     2.3330  1.9952372  1.1111112   46.99622  -46.90858    34.9026    34.9185     3.8127     3.8119    27.7283    27.7410    6.02402    6.20165         29 0.0000e+00
      43021   1792.490    981.000     3.8865   3.280833     3.8858   3.282112      96.75     0.0123     2.6044     2.3332  1.9948248  1.1111112   46.99622  -46.90860    34.9025    34.9185     3.8126     3.8119    27.7282    27.7410    6.04012    6.20829         29 0.0000e+00
      43051   1793.733    980.000     3.8867   3.280806     3.8861   3.282098      96.78     0.0169     2.6060     2.3342  1.9955517  1.1111541   46.99622  -46.90860    34.9025    34.9184     3.8129     3.8123    27.7281    27.7409    6.03737    6.21216         29 0.0000e+00
      43076   1794.790    979.000     3.8870   3.280780     3.8864   3.282062      96.77     0.0211     2.6061     2.3349  1.9956733  1.1111104   46.99622  -46.90861    34.9024    34.9182     3.8133     3.8127    27.7280    27.7407    6.03197    6.21637         22 0.0000e+00
      43096   1795.620    978.000     3.8875   3.280780     3.8870   3.282082      43.73     0.0234     2.6066     2.3356  1.9956942  1.1111112   46.99622  -46.90862    34.9024    34.9183     3.8138     3.8164    27.7280    27.7407    6.03716    6.21745         19 0.0000e+00
      43114   1796.369    977.000     3.8886   3.280839     3.8881   3.282145      83.60     0.0194     2.6072     2.3360  1.9954768  1.1111112   46.99622  -46.90862    34.9025    34.9185     3.8150     3.8145    27.7279    27.7407    6.03397    6.21215         17 0.0000e+00
      43131   1797.077    976.000     3.8889   3.280821     3.8882   3.282100      96.64     0.0167     2.6074     2.3362  1.9961865  1.1112535   46.99622  -46.90862    34.9025    34.9184     3.8154     3.8146    27.7279    27.7406    6.03049    6.21021         17 0.0000e+00
      43147   1797.763    975.000     3.8884   3.280732     3.8877   3.282003      96.72     0.0137     2.6075     2.3364  1.9960335  1.1111883   46.99622  -46.90862    34.9024    34.9182     3.8150     3.8142    27.7278    27.7405    6.03485    6.21054         16 0.0000e+00
      43164   1798.461    974.000     3.8881   3.280651     3.8873   3.281922      96.74     0.0089     2.6078     2.3368  1.9959055  1.1111109   46.99622  -46.90862    34.9023    34.9182     3.8148     3.8140    27.7278    27.7405    6.03806    6.21387         17 0.0000e+00
      43183   1799.255    973.000     3.8871   3.280504     3.8861   3.281748      96.66     0.0104     2.6085     2.3371  1.9955670  1.1112199   46.99622  -46.90862    34.9021    34.9178     3.8139     3.8129    27.7277    27.7403    6.03835    6.21838         22 0.0000e+00
      43212   1800.461    972.000     3.8861   3.280350     3.8838   3.281457      96.51     0.0121     2.6089     2.3380  1.9947398  1.1112082   46.99624  -46.90862    34.9019    34.9174     3.8129     3.8107    27.7277    27.7402    6.03528    6.21595         38 0.0000e+00
      43251   1802.073    971.000     3.8839   3.280053     3.8828   3.281285      96.74     0.0120     2.6096     2.3385  1.9950641  1.1122938   46.99624  -46.90863    34.9012    34.9169     3.8109     3.8097    27.7273    27.7400    6.03280    6.21497         31 0.0000e+00
      43274   1803.062    970.000     3.8827   3.279880     3.8819   3.281123      96.62     0.0144     2.6096     2.3389  1.9947619  1.1117419   46.99624  -46.90864    34.9009    34.9165     3.8097     3.8089    27.7272    27.7397    6.03387    6.21872         21 0.0000e+00
      43294   1803.892    969.000     3.8823   3.279786     3.8818   3.281066      96.74     0.0131     2.6097     2.3393  1.9950576  1.1110981   46.99624  -46.90864    34.9007    34.9164     3.8095     3.8089    27.7271    27.7396    6.04159    6.21637         19 0.0000e+00
      43313   1804.685    968.000     3.8825   3.279751     3.8817   3.281037      96.34     0.0093     2.6106     2.3394  1.9948545  1.1111112   46.99624  -46.90865    34.9007    34.9167     3.8097     3.8089    27.7270    27.7398    6.04240    6.21498         19 0.0000e+00
      43332   1805.461    967.000     3.8826   3.279711     3.8818   3.280997      96.54     0.0058     2.6109     2.3398  1.9948590  1.1111112   46.99624  -46.90866    34.9006    34.9166     3.8099     3.8091    27.7269    27.7397    6.03884    6.21867         19 0.0000e+00
      43351   1806.234    966.000     3.8828   3.279696     3.8822   3.280995      96.77     0.0107     2.6112     2.3401  1.9945439  1.1111112   46.99624  -46.90866    34.9007    34.9167     3.8102     3.8096    27.7270    27.7397    6.03540    6.22105         19 0.0000e+00
      43370   1807.054    965.000     3.8838   3.279733     3.8834   3.281044      96.78     0.0146     2.6112     2.3407  1.9947592  1.1111112   46.99624  -46.90866    34.9006    34.9165     3.8113     3.8109    27.7268    27.7395    6.03555    6.22184         21 0.0000e+00
      43394   1808.058    964.000     3.8845   3.279765     3.8851   3.281144      96.74     0.0145     2.6115     2.3410  1.9947255  1.1111112   46.99626  -46.90866    34.9007    34.9165     3.8121     3.8126    27.7268    27.7393    6.03590    6.21477         28 0.0000e+00
      43426   1809.393    963.000     3.8874   3.279965     3.8875   3.281317      96.57     0.0116     2.6122     2.3408  1.9947348  1.1111112   46.99624  -46.90866    34.9005    34.9164     3.8150     3.8151    27.7263    27.7390    6.03913    6.20087         32 0.0000e+00
      43452   1810.462    962.000     3.8893   3.280083     3.8891   3.281403      96.67     0.0124     2.6125     2.3399  1.9947500  1.1111112   46.99624  -46.90866    34.9004    34.9163     3.8170     3.8167    27.7261    27.7387    6.03922    6.20128         20 0.0000e+00
      43469   1811.166    961.000     3.8901   3.280111     3.8898   3.281416      95.71     0.0120     2.6127     2.3399  1.9949530  1.1111112   46.99624  -46.90868    34.9004    34.9163     3.8179     3.8175    27.7259    27.7386    6.04269    6.21310         15 0.0000e+00
      43484   1811.774    960.000     3.8905   3.280102     3.8900   3.281394      96.65     0.0109     2.6135     2.3405  1.9948539  1.1111112   46.99624  -46.90868    34.9004    34.9162     3.8184     3.8178    27.7259    27.7385    6.04680    6.21957         14 0.0000e+00
      43498   1812.361    959.000     3.8907   3.280077     3.8902   3.281373      96.77     0.0084     2.6138     2.3410  1.9944739  1.1111112   46.99624  -46.90868    34.9004    34.9163     3.8186     3.8181    27.7259    27.7386    6.04163    6.21883         15 0.0000e+00
      43514   1813.031    958.000     3.8910   3.280059     3.8908   3.281382      96.77     0.0083     2.6140     2.3413  1.9945036  1.1111759   46.99624  -46.90868    34.9004    34.9163     3.8190     3.8188    27.7259    27.7385    6.04140    6.21687         18 0.0000e+00
      43567   1815.258    957.000     3.8918   3.280102     3.8914   3.281397      96.77     0.0180     2.6155     2.3425  1.9945415  1.1111569   46.99626  -46.90868    34.9006    34.9163     3.8199     3.8195    27.7259    27.7384    6.04786    6.21846         76 0.0000e+00
      43608   1816.960    956.000     3.8920   3.280033     3.8914   3.281332      96.75     0.0161     2.6172     2.3434  1.9944549  1.1111090   46.99626  -46.90870    34.9001    34.9161     3.8201     3.8195    27.7255    27.7383    6.04633    6.22082         13 0.0000e+00
      43619   1817.403    955.000     3.8926   3.280064     3.8926   3.281396      95.59     0.0152     2.6170     2.3434  1.9941965  1.1111112   46.99626  -46.90870    34.9003    34.9161     3.8208     3.8208    27.7256    27.7382    6.04401    6.21632         12 0.0000e+00
      43630   1817.863    954.000     3.8948   3.280211     3.8947   3.281552      96.48     0.0128     2.6162     2.3437  1.9938892  1.1111112   46.99626  -46.90868    34.9002    34.9162     3.8231     3.8230    27.7253    27.7380    6.03660    6.21433         10 0.0000e+00
      43640   1818.306    953.000     3.8965   3.280316     3.8961   3.281652      96.77     0.0123     2.6175     2.3435  1.9938949  1.1111112   46.99626  -46.90868    34.9003    34.9164     3.8248     3.8245    27.7251    27.7380    6.03997    6.21727         11 0.0000e+00
      43651   1818.766    952.000     3.8977   3.280405     3.8978   3.281748      96.77     0.0144     2.6165     2.3437  1.9938949  1.1111112   46.99626  -46.90868    34.9005    34.9163     3.8262     3.8262    27.7252    27.7378    6.04224    6.21906         12 0.0000e+00
