data/CTD/2013/CNV/U021A009.CNV
* Sea-Bird SBE 9 Data File:
* FileName = C:\CTD_ACQUISITION\2013021HUD\ctddata\021A009.hdr
* Software Version Seasave V 7.22.2
* Temperature SN = 5081
* Conductivity SN = 3561
* Number of Bytes Per Scan = 37
* Number of Voltage Words = 4
* Number of Scans Averaged by the Deck Unit = 1
* NMEA Latitude = 47 00.01 N
* NMEA Longitude = 047 29.87 W
* NMEA UTC (Time) = Jul 01 2013 18:20:11
* NMEA baud rate = 9600
** Ship: Hudson
** Cruise: HUD2013021
** Chief_Scientist: Greenan
** Organization: BIO
** Area_of_Operation: Sackville Spur
** Station: 9
** Sounding:  220
** Event_Comments: FC14
# nquan = 25
# nvalues = 209                         
# units = specified
# name 0 = scan: Scan Count
# name 1 = timeS: Time, Elapsed [seconds]
# name 2 = prDM: Pressure, Digiquartz [db]
# name 3 = t068C: Temperature [ITS-68, deg C]
# name 4 = c0S/m: Conductivity [S/m]
# name 5 = t168C: Temperature, 2 [ITS-68, deg C]
# name 6 = c1S/m: Conductivity, 2 [S/m]
# name 7 = altM: Altimeter [m]
# name 8 = flCUVA: Fluorescence, Chelsea UV Aquatracka [ug/l]
# name 9 = sbeox0V: Oxygen raw, SBE 43 [V]
# name 10 = sbeox1V: Oxygen raw, SBE 43, 2 [V]
# name 11 = upoly0: Upoly 0, Optode 4330F - O2 D-Phase
# name 12 = upoly1: Upoly 1, Optode 4330F - O2 Temp
# name 13 = latitude: Latitude [deg]
# name 14 = longitude: Longitude [deg]
# name 15 = sal00: Salinity, Practical [PSU]
# name 16 = sal11: Salinity, Practical, 2 [PSU]
# name 17 = potemp068C: Potential Temperature [ITS-68, deg C]
# name 18 = potemp168C: Potential Temperature, 2 [ITS-68, deg C]
# name 19 = sigma-é00: Density [sigma-theta, Kg/m^3]
# name 20 = sigma-é11: Density, 2 [sigma-theta, Kg/m^3]
# name 21 = sbeox0ML/L: Oxygen, SBE 43 [ml/l], WS = 2
# name 22 = sbeox1ML/L: Oxygen, SBE 43, 2 [ml/l], WS = 2
# name 23 = nbin: number of scans per bin
# name 24 = flag: flag
# span 0 =      16353,      23834       
# span 1 =    681.351,    993.028       
# span 2 =      1.000,    209.000       
# span 3 =    -0.3569,     6.5222       
# span 4 =   2.757073,   3.244657       
# span 5 =    -0.8618,     6.5264       
# span 6 =   2.681263,   3.244801       
# span 7 =       3.38,      97.69       
# span 8 =     0.0163,     0.2504       
# span 9 =     2.3735,     3.2690       
# span 10 =     2.2857,     3.0950      
# span 11 =  1.7175754,  2.1565327      
# span 12 =  0.5368128,  1.4393973      
# span 13 =   46.99999,   47.00066      
# span 14 =  -47.49564,  -47.49436      
# span 15 =    32.2426,    33.9253      
# span 16 =    32.3322,    33.9503      
# span 17 =    -0.3579,     6.5221      
# span 18 =    -0.8630,     6.5259      
# span 19 =    25.3514,    27.1838      
# span 20 =    25.3798,    27.1617      
# span 21 =    5.12926,    9.01560      
# span 22 =    5.83852,    9.06452      
# span 23 =         11,       1124      
# span 24 = 0.0000e+00, 0.0000e+00      
# interval = decibars: 1                
# start_time = Jul 01 2013 18:20:11 [NMEA time, header]
# bad_flag = -9.990e-29
*END*
[from data line 58]
      19492    812.108    151.000     1.4249   2.946768     1.0910   2.907372      62.50     0.0330     2.4269     2.4484  2.1231823  0.7810631   47.00064  -47.49524    33.8863    33.7442     1.4178     1.0844    27.1221    27.0302    5.30220    6.73041         30 0.0000e+00
      19519    813.261    150.000     1.4232   2.946330     1.0765   2.905708      63.49     0.0324     2.4356     2.4742  2.1219118  0.7801431   47.00064  -47.49524    33.8831    33.7391     1.4161     1.0700    27.1196    27.0271    5.51939    6.82594         24 0.0000e+00
      19539    814.086    149.000     1.4217   2.946174     1.0536   2.903061      64.55     0.0304     2.4505     2.4902  2.1139550  0.7753182   47.00064  -47.49524    33.8833    33.7305     1.4147     1.0471    27.1199    27.0216    5.57831    6.85428         17 0.0000e+00
      19555    814.732    148.000     1.4211   2.946012     1.0116   2.898530      65.43     0.0284     2.4597     2.5023  2.1138139  0.7753358   47.00064  -47.49524    33.8825    33.7183     1.4141     1.0052    27.1193    27.0145    5.52882    6.88904         14 0.0000e+00
      19569    815.318    147.000     1.4193   2.945823     0.9471   2.891623      66.19     0.0274     2.4626     2.5127  2.1139908  0.7753358   47.00064  -47.49524    33.8827    33.6999     1.4123     0.9408    27.1195    27.0038    5.45772    6.92176         14 0.0000e+00
      19583    815.897    146.000     1.4162   2.945597     0.8567   2.882616      67.15     0.0252     2.4646     2.5224  2.1115417  0.7740246   47.00064  -47.49522    33.8837    33.6824     1.4093     0.8505    27.1205    26.9953    5.38384    6.96233         14 0.0000e+00
      19597    816.517    145.000     1.4129   2.945315     0.7800   2.874968      68.12     0.0210     2.4599     2.5321  2.1111140  0.7736593   47.00064  -47.49522    33.8842    33.6673     1.4061     0.7740    27.1212    26.9878    5.29003    7.01135         16 0.0000e+00
      19616    817.279    144.000     1.4024   2.944673     0.6938   2.866192      69.06     0.0217     2.4514     2.5451  2.1109967  0.7732493   47.00064  -47.49522    33.8880    33.6478     1.3956     0.6880    27.1250    26.9772    5.20008    7.08172         21 0.0000e+00
      19643    818.398    143.000     1.3868   2.943273     0.6216   2.858939      70.53     0.0236     2.4345     2.5643  2.1063931  0.7624379   47.00062  -47.49522    33.8876    33.6328     1.3801     0.6159    27.1257    26.9693    5.13319    7.16087         34 0.0000e+00
      19679    819.916    142.000     1.3712   2.941216     0.6003   2.857131      71.93     0.0229     2.4158     2.5882  2.1001534  0.7498663   47.00062  -47.49521    33.8788    33.6330     1.3646     0.5947    27.1197    26.9707    5.16599    7.18586         33 0.0000e+00
      19704    820.955    141.000     1.3629   2.940502     0.5327   2.849651      72.99     0.0199     2.4105     2.5999  2.0963156  0.7422108   47.00062  -47.49520    33.8793    33.6098     1.3564     0.5272    27.1207    26.9559    5.21831    7.18658         19 0.0000e+00
      19720    821.640    140.000     1.3600   2.940341     0.4741   2.843372      73.45     0.0206     2.4093     2.6056  2.0919678  0.7428650   47.00062  -47.49520    33.8810    33.5924     1.3535     0.4687    27.1222    26.9452    5.22251    7.19208         15 0.0000e+00
      19735    822.241    139.000     1.3553   2.940110     0.4285   2.838474      73.85     0.0179     2.4079     2.6101  2.0840909  0.7441384   47.00062  -47.49520    33.8837    33.5769     1.3488     0.4232    27.1247    26.9352    5.21982    7.20403         14 0.0000e+00
      19749    822.831    138.000     1.3503   2.939794     0.4176   2.836503      75.27     0.0171     2.4067     2.6144  2.0842490  0.7441594   47.00062  -47.49520    33.8856    33.5654     1.3439     0.4124    27.1266    26.9266    5.20094    7.20798         15 0.0000e+00
      19764    823.447    137.000     1.3463   2.939376     0.4116   2.835168      75.68     0.0196     2.4038     2.6179  2.0836093  0.7425604   47.00062  -47.49520    33.8852    33.5551     1.3400     0.4064    27.1265    26.9186    5.18115    7.19341         15 0.0000e+00
      19780    824.126    136.000     1.3411   2.938687     0.4019   2.833833      77.00     0.0196     2.4010     2.6199  2.0780671  0.7245396   47.00062  -47.49520    33.8826    33.5488     1.3348     0.3968    27.1248    26.9140    5.18905    7.17958         17 0.0000e+00
      19799    824.899    135.000     1.3220   2.937424     0.3932   2.832859      78.05     0.0167     2.3998     2.6223  2.0781443  0.7243581   47.00062  -47.49519    33.8878    33.5461     1.3157     0.3881    27.1303    26.9124    5.21246    7.18707         20 0.0000e+00
      19819    825.734    134.000     1.2929   2.936024     0.3852   2.831918      79.10     0.0195     2.3991     2.6247  2.0678902  0.7168680   47.00062  -47.49518    33.9019    33.5431     1.2868     0.3802    27.1436    26.9104    5.20901    7.18941         20 0.0000e+00
      19838    826.552    133.000     1.2744   2.935052     0.3756   2.830774      79.99     0.0198     2.3975     2.6265  2.0586228  0.7098945   47.00062  -47.49518    33.9102    33.5392     1.2683     0.3706    27.1515    26.9078    5.18828    7.18202         19 0.0000e+00
      19857    827.328    132.000     1.2721   2.934483     0.3490   2.827962      81.08     0.0195     2.3948     2.6274  2.0583537  0.7098525   47.00062  -47.49518    33.9060    33.5320     1.2661     0.3441    27.1482    26.9034    5.15893    7.17379         19 0.0000e+00
      19876    828.116    131.000     1.2676   2.933909     0.2959   2.822577      81.86     0.0212     2.3907     2.6275  2.0465941  0.7024161   47.00062  -47.49518    33.9041    33.5199     1.2616     0.2911    27.1471    26.8965    5.14459    7.17931         19 0.0000e+00
      19896    828.949    130.000     1.2542   2.932909     0.2403   2.816786      83.33     0.0218     2.3874     2.6277  2.0463989  0.7023661   47.00061  -47.49518    33.9064    33.5051     1.2483     0.2356    27.1498    26.8875    5.14178    7.19462         21 0.0000e+00
      19917    829.840    129.000     1.2288   2.931336     0.2106   2.813581      84.31     0.0219     2.3838     2.6282  2.0400050  0.7011513   47.00060  -47.49517    33.9145    33.4961     1.2229     0.2059    27.1580    26.8817    5.14243    7.20638         22 0.0000e+00
      19939    830.730    128.000     1.2033   2.929960     0.1867   2.811013      85.51     0.0198     2.3812     2.6290  2.0366254  0.7003040   47.00060  -47.49516    33.9251    33.4889     1.1975     0.1822    27.1682    26.8772    5.15037    7.23324         20 0.0000e+00
      19958    831.536    127.000     1.1984   2.929064     0.1677   2.808765      86.35     0.0199     2.3792     2.6315  2.0344870  0.6983765   47.00060  -47.49516    33.9195    33.4807     1.1927     0.1632    27.1640    26.8715    5.14403    7.26578         18 0.0000e+00
      19975    832.268    126.000     1.1938   2.928243     0.1548   2.806926      87.18     0.0227     2.3775     2.6340  2.0281067  0.6911135   47.00060  -47.49516    33.9147    33.4712     1.1881     0.1504    27.1605    26.8645    5.13945    7.29469         18 0.0000e+00
      19993    832.989    125.000     1.1877   2.927266     0.1293   2.803212      88.32     0.0260     2.3754     2.6379  2.0280831  0.6910867   47.00060  -47.49516    33.9094    33.4508     1.1821     0.1249    27.1566    26.8493    5.15566    7.32603         17 0.0000e+00
      20011    833.759    124.000     1.1699   2.925816     0.1040   2.799835      89.17     0.0265     2.3763     2.6420  2.0246360  0.6858187   47.00060  -47.49516    33.9104    33.4344     1.1644     0.0997    27.1588    26.8374    5.19507    7.34828         19 0.0000e+00
      20031    834.571    123.000     1.1432   2.923883     0.0867   2.797760      90.29     0.0240     2.3782     2.6465  2.0219505  0.6812719   47.00060  -47.49516    33.9148    33.4266     1.1383     0.0824    27.1639    26.8320    5.23848    7.37243         20 0.0000e+00
      20050    835.370    122.000     1.1284   2.922372     0.0780   2.796687      91.20     0.0243     2.3835     2.6513  2.0214031  0.6808715   47.00058  -47.49514    33.9131    33.4225     1.1227     0.0738    27.1635    26.8291    5.26984    7.39663         19 0.0000e+00
      20068    836.126    121.000     1.1185   2.921478     0.0715   2.795888      96.12     0.0236     2.3866     2.6561  2.0142119  0.6739120   47.00058  -47.49514    33.9126    33.4196     1.1132     0.0673    27.1637    26.8271    5.25799    7.42522         17 0.0000e+00
      20086    836.869    120.000     1.1089   2.920470     0.0648   2.795128      94.99     0.0217     2.3890     2.6617  2.0144529  0.6739941   47.00058  -47.49514    33.9107    33.4175     1.1036     0.0606    27.1628    26.8258    5.23797    7.45332         18 0.0000e+00
      20104    837.635    119.000     1.0932   2.919183     0.0593   2.794412      95.17     0.0210     2.3891     2.6675  2.0135653  0.6715836   47.00058  -47.49513    33.9118    33.4147     1.0880     0.0552    27.1648    26.8237    5.20778    7.48218         20 0.0000e+00
      20124    838.475    118.000     1.0731   2.917416     0.0552   2.793693      95.78     0.0244     2.3874     2.6748  2.0121922  0.6679928   47.00058  -47.49512    33.9116    33.4100     1.0679     0.0512    27.1659    26.8200    5.17254    7.51470         21 0.0000e+00
      20146    839.393    117.000     1.0356   2.915225     0.0405   2.791389      97.25     0.0240     2.3831     2.6826  2.0113249  0.6672239   47.00058  -47.49512    33.9248    33.3964     1.0305     0.0365    27.1789    26.8099    5.14211    7.54107         22 0.0000e+00
      20169    840.343    116.000     1.0122   2.913230     0.0004   2.786810      97.25     0.0163     2.3790     2.6904  2.0072844  0.6631205   47.00058  -47.49512    33.9253    33.3803     1.0072    -0.0035    27.1808    26.7989    5.14245    7.57047         23 0.0000e+00
      20191    841.236    115.000     1.0006   2.911867    -0.0610   2.780191      97.27     0.0168     2.3754     2.6973  2.0073261  0.6630640   47.00056  -47.49510    33.9209    33.3604     0.9957    -0.0648    27.1780    26.7858    5.14879    7.59462         20 0.0000e+00
      20210    842.044    114.000     0.9917   2.910880    -0.1015   2.775765      97.26     0.0188     2.3740     2.7026  2.0049534  0.6601408   47.00056  -47.49510    33.9185    33.3467     0.9868    -0.1053    27.1767    26.7766    5.19076    7.61414         18 0.0000e+00
      20228    842.779    113.000     0.9892   2.910116    -0.1096   2.774577      97.23     0.0211     2.3759     2.7075  2.0048823  0.6596050   47.00056  -47.49510    33.9120    33.3404     0.9843    -0.1133    27.1716    26.7719    5.22324    7.62963         18 0.0000e+00
      20244    843.478    112.000     0.9819   2.909072    -0.1054   2.774377      97.24     0.0229     2.3777     2.7119  2.0040464  0.6585799   47.00056  -47.49510    33.9071    33.3337     0.9770    -0.1091    27.1681    26.7663    5.23510    7.63699         16 0.0000e+00
      20261    844.149    111.000     0.9715   2.908015    -0.0972   2.774399      97.21     0.0232     2.3795     2.7159  1.9999799  0.6499879   47.00056  -47.49510    33.9054    33.3253     0.9667    -0.1008    27.1674    26.7591    5.24775    7.63826         16 0.0000e+00
      20277    844.814    110.000     0.9559   2.906893    -0.0831   2.774914      97.19     0.0217     2.3823     2.7194  2.0000000  0.6497245   47.00056  -47.49510    33.9085    33.3177     0.9512    -0.0868    27.1709    26.7524    5.24990    7.63260         16 0.0000e+00
      20293    845.502    109.000     0.9413   2.905595    -0.0778   2.775070      97.22     0.0227     2.3833     2.7221  1.9986304  0.6479864   47.00056  -47.49510    33.9083    33.3145     0.9366    -0.0813    27.1716    26.7495    5.25366    7.63201         17 0.0000e+00
      20311    846.243    108.000     0.9241   2.903890    -0.0789   2.774611      86.97     0.0224     2.3862     2.7254  1.9931755  0.6402634   47.00056  -47.49510    33.9057    33.3102     0.9195    -0.0824    27.1706    26.7461    5.25484    7.63058         19 0.0000e+00
      20330    847.056    107.000     0.8928   2.901555    -0.0839   2.773818      85.84     0.0179     2.3865     2.7272  1.9929198  0.6398078   47.00055  -47.49508    33.9102    33.3058     0.8883    -0.0874    27.1762    26.7428    5.24720    7.62333         20 0.0000e+00
      20351    847.926    106.000     0.8591   2.899189    -0.1012   2.771898      97.39     0.0197     2.3878     2.7295  1.9873794  0.6389227   47.00054  -47.49508    33.9171    33.2998     0.8546    -0.1047    27.1838    26.7388    5.23194    7.62462         21 0.0000e+00
      20372    848.800    105.000     0.8447   2.897405    -0.1222   2.769512      97.24     0.0205     2.3853     2.7305  1.9853292  0.6385805   47.00054  -47.49507    33.9103    33.2918     0.8403    -0.1257    27.1793    26.7332    5.18338    7.60460         20 0.0000e+00
      20393    849.685    104.000     0.8319   2.895693    -0.1305   2.768239      97.24     0.0164     2.3808     2.7297  1.9826267  0.6380167   47.00054  -47.49506    33.9028    33.2845     0.8275    -0.1339    27.1740    26.7278    5.12926    7.58540         21 0.0000e+00
      20416    850.615    103.000     0.8186   2.893752    -0.1375   2.767152      97.25     0.0172     2.3735     2.7290  1.9801719  0.6373697   47.00054  -47.49506    33.8928    33.2783     0.8143    -0.1408    27.1668    26.7231    5.18870    7.58842         23 0.0000e+00
      20440    851.618    102.000     0.7909   2.891329    -0.1438   2.766328      97.25     0.0208     2.3823     2.7281  1.9778373  0.6361245   47.00054  -47.49505    33.8922    33.2749     0.7867    -0.1471    27.1680    26.7206    5.52767    7.57554         24 0.0000e+00
      20462    852.533    101.000     0.7763   2.889741    -0.1530   2.765367      84.54     0.0223     2.4115     2.7269  1.9740311  0.6339436   47.00054  -47.49504    33.8882    33.2727     0.7721    -0.1562    27.1657    26.7193    5.76855    7.56382         19 0.0000e+00
      20479    853.239    100.000     0.7747   2.888988    -0.1735   2.763309      84.12     0.0237     2.4339     2.7250  1.9737726  0.6342803   47.00052  -47.49504    33.8809    33.2683     0.7706    -0.1767    27.1598    26.7167    5.77404    7.55108         15 0.0000e+00
      20493    853.820     99.000     0.7713   2.888262    -0.1954   2.760936      97.38     0.0227     2.4488     2.7237  1.9724237  0.6328981   47.00052  -47.49504    33.8758    33.2614     0.7672    -0.1986    27.1560    26.7121    5.71800    7.55433         14 0.0000e+00
      20505    854.343     98.000     0.7648   2.887534    -0.2140   2.758951      97.29     0.0247     2.4571     2.7221  1.9718275  0.6324872   47.00052  -47.49504    33.8740    33.2559     0.7607    -0.2171    27.1549    26.7085    5.65360    7.56539         12 0.0000e+00
      20518    854.865     97.000     0.7546   2.886713    -0.2382   2.756444      97.29     0.0235     2.4632     2.7220  1.9719150  0.6324787   47.00052  -47.49504    33.8751    33.2496     0.7506    -0.2413    27.1564    26.7045    5.58928    7.59366         13 0.0000e+00
      20531    855.425     96.000     0.7489   2.885808    -0.2624   2.753910      97.25     0.0222     2.4661     2.7224  1.9716611  0.6322228   47.00052  -47.49504    33.8702    33.2429     0.7450    -0.2654    27.1528    26.7002    5.51236    7.62745         14 0.0000e+00
      20548    856.105     95.000     0.7388   2.884234    -0.2921   2.750932      97.23     0.0251     2.4641     2.7245  1.9670420  0.6257316   47.00052  -47.49502    33.8614    33.2363     0.7349    -0.2951    27.1463    26.6961    5.42123    7.66282         19 0.0000e+00
