data/CTD/2013/CNV/U021A014.CNV
* Sea-Bird SBE 9 Data File:
* FileName = C:\CTD_ACQUISITION\2013021HUD\ctddata\021A014.hdr
* Software Version Seasave V 7.22.2
* Temperature SN = 5081
* Conductivity SN = 3561
* Number of Bytes Per Scan = 37
* Number of Voltage Words = 4
* Number of Scans Averaged by the Deck Unit = 1
* NMEA Latitude = 46 59.97 N
* NMEA Longitude = 047 04.95 W
* NMEA UTC (Time) = Jul 01 2013 22:38:05
* NMEA baud rate = 9600
** Ship: Hudson
** Cruise: HUD2013021
** Chief_Scientist: Greenan
** Organization: BIO
** Area_of_Operation: Sackville Spur
** Station: 14
** Sounding:  1105
** Event_Comments: FC16.5  393115
# nquan = 25
# nvalues = 1090                        
# units = specified
# name 0 = scan: Scan Count
# name 1 = timeS: Time, Elapsed [seconds]
# name 2 = prDM: Pressure, Digiquartz [db]
# name 3 = t068C: Temperature [ITS-68, deg C]
# name 4 = c0S/m: Conductivity [S/m]
# name 5 = t168C: Temperature, 2 [ITS-68, deg C]
# name 6 = c1S/m: Conductivity, 2 [S/m]
# name 7 = altM: Altimeter [m]
# name 8 = flCUVA: Fluorescence, Chelsea UV Aquatracka [ug/l]
# name 9 = sbeox0V: Oxygen raw, SBE 43 [V]
# name 10 = sbeox1V: Oxygen raw, SBE 43, 2 [V]
# name 11 = upoly0: Upoly 0, Optode 4330F - O2 D-Phase
# name 12 = upoly1: Upoly 1, Optode 4330F - O2 Temp
# name 13 = latitude: Latitude [deg]
# name 14 = longitude: Longitude [deg]
# name 15 = sal00: Salinity, Practical [PSU]
# name 16 = sal11: Salinity, Practical, 2 [PSU]
# name 17 = potemp068C: Potential Temperature [ITS-68, deg C]
# name 18 = potemp168C: Potential Temperature, 2 [ITS-68, deg C]
# name 19 = sigma-é00: Density [sigma-theta, Kg/m^3]
# name 20 = sigma-é11: Density, 2 [sigma-theta, Kg/m^3]
# name 21 = sbeox0ML/L: Oxygen, SBE 43 [ml/l], WS = 2
# name 22 = sbeox1ML/L: Oxygen, SBE 43, 2 [ml/l], WS = 2
# name 23 = nbin: number of scans per bin
# name 24 = flag: flag
# span 0 =      39171,      67447       
# span 1 =   1632.088,   2810.270       
# span 2 =      1.000,   1090.000       
# span 3 =     0.0077,     6.6516       
# span 4 =   2.670729,   3.285684       
# span 5 =    -0.0097,     6.6451       
# span 6 =   2.665184,   3.287008       
# span 7 =       6.00,     100.89       
# span 8 =     0.0054,     0.1915       
# span 9 =     2.5375,     3.4200       
# span 10 =     2.2830,     3.0681      
# span 11 =  1.7206356,  2.0354932      
# span 12 =  0.6471118,  1.4526820      
# span 13 =   46.99954,   46.99984      
# span 14 =  -47.08374,  -47.08340      
# span 15 =    26.1566,    34.9080      
# span 16 =    26.1044,    34.9237      
# span 17 =     0.0060,     6.6515      
# span 18 =    -0.0112,     6.6451      
# span 19 =    20.5075,    27.7445      
# span 20 =    20.4671,    27.7571      
# span 21 =    5.91291,    8.33834      
# span 22 =    6.12117,    8.49002      
# span 23 =         13,        169      
# span 24 = 0.0000e+00, 0.0000e+00      
# interval = decibars: 1                
# start_time = Jul 01 2013 22:38:05 [NMEA time, header]
# bad_flag = -9.990e-29
*END*
      39171   1632.088   1090.000     3.7769   3.276194     3.7763   3.277471       9.14     0.0179     2.5385     2.2852  2.0202346  1.0976801   46.99954  -47.08374    34.9078    34.9236     3.6949     3.6942    27.7444    27.7570    5.91852    6.14117         32 0.0000e+00
      39199   1633.241   1089.000     3.7771   3.276174     3.7766   3.277452       9.54     0.0159     2.5384     2.2851  2.0224011  1.0976801   46.99954  -47.08374    34.9079    34.9236     3.6951     3.6945    27.7444    27.7570    5.91459    6.14019         28 0.0000e+00
      39510   1646.206   1088.000     3.7771   3.276137     3.7765   3.277410      10.79     0.0158     2.5378     2.2846  2.0224543  1.0976801   46.99956  -47.08374    34.9080    34.9237     3.6952     3.6946    27.7444    27.7570    5.91743    6.13626        169 0.0000e+00
      39592   1649.610   1087.000     3.7772   3.276090     3.7767   3.277370      11.48     0.0128     2.5377     2.2838  2.0208883  1.0976801   46.99956  -47.08374    34.9078    34.9235     3.6954     3.6967    27.7443    27.7569    5.91811    6.12117         34 0.0000e+00
      39624   1650.964   1086.000     3.7770   3.276032     3.7763   3.277305      12.22     0.0200     2.5375     2.2830  2.0221684  1.0983862   46.99956  -47.08374    34.9079    34.9236     3.6952     3.6946    27.7444    27.7570    5.91291    6.12727         33 0.0000e+00
      39660   1652.469   1085.000     3.7766   3.275963     3.7759   3.277227      13.00     0.0190     2.5378     2.2835  2.0226238  1.0988905   46.99956  -47.08374    34.9079    34.9237     3.6950     3.6943    27.7445    27.7570    5.92098    6.13875         41 0.0000e+00
      39708   1654.443   1084.000     3.7764   3.275907     3.7756   3.277154      14.39     0.0147     2.5385     2.2845  2.0221875  1.0989012   46.99956  -47.08374    34.9080    34.9236     3.6949     3.6940    27.7445    27.7571    5.92048    6.13922         51 0.0000e+00
      39764   1656.780   1083.000     3.7762   3.275849     3.7756   3.277110      15.53     0.0169     2.5393     2.2849  2.0208366  1.0989549   46.99956  -47.08374    34.9080    34.9237     3.6947     3.6941    27.7445    27.7571    5.92504    6.13781         66 0.0000e+00
      39825   1659.314   1082.000     3.7764   3.275819     3.7756   3.277052      15.62     0.0185     2.5400     2.2858  2.0207202  1.0989940   46.99956  -47.08374    34.9079    34.9235     3.6950     3.6942    27.7445    27.7569    5.92760    6.14549         41 0.0000e+00
      39851   1660.415   1081.000     3.7761   3.275735     3.7755   3.277004      16.68     0.0210     2.5409     2.2866  2.0207574  1.0990125   46.99956  -47.08374    34.9078    34.9235     3.6948     3.6941    27.7444    27.7570    5.93076    6.14695         22 0.0000e+00
      39873   1661.337   1080.000     3.7758   3.275659     3.7752   3.276934      17.57     0.0188     2.5414     2.2870  2.0207570  1.0989007   46.99956  -47.08374    34.9078    34.9235     3.6945     3.6939    27.7444    27.7570    5.93635    6.14612         23 0.0000e+00
      39898   1662.362   1079.000     3.7756   3.275595     3.7749   3.276871      18.53     0.0194     2.5425     2.2875  2.0210881  1.0989012   46.99956  -47.08374    34.9077    34.9236     3.6944     3.6937    27.7443    27.7570    5.94118    6.15022         26 0.0000e+00
      39923   1663.415   1078.000     3.7754   3.275537     3.7747   3.276808      19.87     0.0195     2.5436     2.2881  2.0226679  1.0989012   46.99956  -47.08374    34.9077    34.9235     3.6944     3.6936    27.7443    27.7570    5.93998    6.14862         24 0.0000e+00
      39947   1664.418   1077.000     3.7753   3.275480     3.7746   3.276746      20.87     0.0208     2.5443     2.2888  2.0225151  1.0989012   46.99956  -47.08374    34.9077    34.9235     3.6943     3.6936    27.7444    27.7570    5.94187    6.16024         25 0.0000e+00
      39974   1665.531   1076.000     3.7751   3.275417     3.7744   3.276687      21.78     0.0165     2.5454     2.2901  2.0224574  1.0988572   46.99956  -47.08374    34.9076    34.9234     3.6942     3.6935    27.7443    27.7569    5.94628    6.16556         28 0.0000e+00
      40000   1666.635   1075.000     3.7751   3.275362     3.7744   3.276628      22.89     0.0158     2.5461     2.2915  2.0218258  1.0988523   46.99956  -47.08374    34.9075    34.9233     3.6943     3.6961    27.7442    27.7569    5.94265    6.17180         25 0.0000e+00
      40026   1667.691   1074.000     3.7750   3.275314     3.7744   3.276583      23.76     0.0158     2.5466     2.2929  2.0216489  1.0988542   46.99956  -47.08374    34.9076    34.9233     3.6942     3.6936    27.7443    27.7568    5.95040    6.17388         26 0.0000e+00
      40052   1668.795   1073.000     3.7751   3.275276     3.7747   3.276552      24.87     0.0170     2.5484     2.2941  2.0222058  1.0987198   46.99956  -47.08374    34.9075    34.9231     3.6945     3.6940    27.7442    27.7566    5.96036    6.17359         27 0.0000e+00
      40077   1669.813   1072.000     3.7754   3.275235     3.7751   3.276534      25.74     0.0148     2.5495     2.2951  2.0223668  1.0987346   46.99956  -47.08374    34.9072    34.9229     3.6948     3.6945    27.7439    27.7565    5.95870    6.17778         22 0.0000e+00
      40097   1670.675   1071.000     3.7757   3.275212     3.7756   3.276530      26.57     0.0147     2.5507     2.2961  2.0213253  1.0989028   46.99956  -47.08373    34.9071    34.9229     3.6953     3.6951    27.7438    27.7564    5.96868    6.18831         19 0.0000e+00
      40117   1671.489   1070.000     3.7761   3.275203     3.7757   3.276498      27.37     0.0170     2.5520     2.2976  2.0201933  1.0988393   46.99956  -47.08372    34.9071    34.9229     3.6957     3.6953    27.7437    27.7563    5.96760    6.19833         20 0.0000e+00
      40138   1672.384   1069.000     3.7765   3.275186     3.7760   3.276470      27.67     0.0166     2.5532     2.2995  2.0200970  1.0986995   46.99956  -47.08372    34.9070    34.9227     3.6961     3.6957    27.7436    27.7562    5.97858    6.20793         24 0.0000e+00
      40166   1673.562   1068.000     3.7768   3.275168     3.7770   3.276484      29.37     0.0158     2.5559     2.3019  2.0200911  1.0988249   46.99956  -47.08373    34.9070    34.9224     3.6966     3.6967    27.7435    27.7558    6.00405    6.20780         33 0.0000e+00
      40200   1674.952   1067.000     3.7778   3.275161     3.7781   3.276504      30.56     0.0162     2.5608     2.3039  2.0190768  1.0987414   46.99956  -47.08374    34.9064    34.9219     3.6976     3.6979    27.7429    27.7553    6.02201    6.21007         31 0.0000e+00
      40227   1676.102   1066.000     3.7779   3.275136     3.7794   3.276537      30.27     0.0121     2.5643     2.3058  2.0187855  1.0987602   46.99958  -47.08372    34.9065    34.9215     3.6978     3.6992    27.7430    27.7549    6.02371    6.21856         26 0.0000e+00
      40253   1677.186   1065.000     3.7789   3.275166     3.7804   3.276567      30.06     0.0111     2.5669     2.3076  2.0183249  1.0988983   46.99958  -47.08372    34.9062    34.9213     3.6989     3.7004    27.7427    27.7545    6.02643    6.22538         27 0.0000e+00
      40281   1678.330   1064.000     3.7816   3.275268     3.7825   3.276638      67.34     0.0126     2.5694     2.3098  2.0183151  1.0989012   46.99958  -47.08372    34.9052    34.9205     3.7016     3.7025    27.7416    27.7537    6.02462    6.23580         26 0.0000e+00
      40305   1679.315   1063.000     3.7831   3.275307     3.7836   3.276652      64.00     0.0141     2.5713     2.3117  2.0184340  1.0989012   46.99958  -47.08372    34.9045    34.9200     3.7032     3.7037    27.7409    27.7532    6.02287    6.23498         21 0.0000e+00
      40324   1680.144   1062.000     3.7840   3.275315     3.7839   3.276620      35.34     0.0158     2.5718     2.3129  2.0184371  1.0989012   46.99956  -47.08374    34.9041    34.9197     3.7042     3.7041    27.7405    27.7529    6.02132    6.23608         20 0.0000e+00
      40344   1680.952   1061.000     3.7846   3.275296     3.7846   3.276612      53.31     0.0170     2.5735     2.3140  2.0172956  1.0989012   46.99958  -47.08374    34.9039    34.9194     3.7048     3.7048    27.7402    27.7526    6.03959    6.23648         19 0.0000e+00
      40364   1681.811   1060.000     3.7855   3.275317     3.7854   3.276629      84.05     0.0215     2.5753     2.3152  2.0168726  1.0989012   46.99958  -47.08374    34.9037    34.9193     3.7058     3.7058    27.7400    27.7524    6.03691    6.23582         22 0.0000e+00
      40386   1682.720   1059.000     3.7862   3.275318     3.7861   3.276626      77.07     0.0196     2.5766     2.3160  2.0159926  1.0989012   46.99958  -47.08373    34.9034    34.9190     3.7066     3.7065    27.7397    27.7521    6.03154    6.23682         22 0.0000e+00
      40407   1683.603   1058.000     3.7867   3.275309     3.7865   3.276609      57.87     0.0165     2.5773     2.3169  2.0147762  1.0989012   46.99958  -47.08372    34.9032    34.9189     3.7072     3.7070    27.7395    27.7520    6.03057    6.23697         20 0.0000e+00
      40428   1684.438   1057.000     3.7872   3.275293     3.7870   3.276585      96.96     0.0132     2.5786     2.3177  2.0145299  1.0989012   46.99958  -47.08372    34.9031    34.9186     3.7078     3.7076    27.7393    27.7517    6.03439    6.23698         20 0.0000e+00
      40448   1685.308   1056.000     3.7877   3.275274     3.7875   3.276577      96.94     0.0165     2.5788     2.3183  2.0134361  1.0989012   46.99958  -47.08372    34.9029    34.9184     3.7083     3.7082    27.7391    27.7515    6.02013    6.23758         22 0.0000e+00
      40478   1686.552   1055.000     3.7879   3.275242     3.7876   3.276516      78.99     0.0142     2.5790     2.3191  2.0134311  1.0991763   46.99958  -47.08374    34.9028    34.9182     3.7086     3.7083    27.7390    27.7513    6.02653    6.23638         44 0.0000e+00
      40532   1688.787   1054.000     3.7866   3.275118     3.7867   3.276430      73.79     0.0157     2.5804     2.3205  2.0120001  1.0993596   46.99958  -47.08373    34.9031    34.9186     3.7075     3.7075    27.7394    27.7517    6.03279    6.24501         42 0.0000e+00
      40555   1689.735   1053.000     3.7873   3.275087     3.7869   3.276367      49.71     0.0179     2.5814     2.3214  2.0104382  1.0988991   46.99958  -47.08372    34.9026    34.9182     3.7082     3.7078    27.7388    27.7513    6.04180    6.24560         18 0.0000e+00
      40571   1690.432   1052.000     3.7877   3.275043     3.7872   3.276309      66.71     0.0131     2.5820     2.3217  2.0100758  1.0989012   46.99958  -47.08372    34.9022    34.9177     3.7087     3.7082    27.7385    27.7509    6.04336    6.24714         16 0.0000e+00
      40587   1691.064   1051.000     3.7885   3.275038     3.7884   3.276350      95.60     0.0152     2.5825     2.3224  2.0102918  1.0989012   46.99958  -47.08372    34.9017    34.9174     3.7096     3.7094    27.7380    27.7506    6.04866    6.24951         14 0.0000e+00
      40601   1691.684   1050.000     3.7897   3.275078     3.7896   3.276393      91.16     0.0172     2.5843     2.3228  2.0100746  1.0989012   46.99958  -47.08373    34.9014    34.9172     3.7109     3.7107    27.7377    27.7502    6.05177    6.25031         16 0.0000e+00
      40618   1692.369   1049.000     3.7904   3.275093     3.7901   3.276399      76.06     0.0165     2.5848     2.3236  2.0099101  1.0989012   46.99958  -47.08374    34.9014    34.9172     3.7117     3.7113    27.7376    27.7502    6.04333    6.24908         18 0.0000e+00
      40641   1693.340   1048.000     3.7906   3.275072     3.7903   3.276375      95.32     0.0154     2.5851     2.3241  2.0082488  1.0989012   46.99958  -47.08374    34.9015    34.9172     3.7119     3.7116    27.7376    27.7501    6.04126    6.24780         31 0.0000e+00
      40680   1694.960   1047.000     3.7908   3.275047     3.7900   3.276295      82.73     0.0139     2.5866     2.3250  2.0070760  1.0993325   46.99958  -47.08373    34.9015    34.9171     3.7122     3.7113    27.7376    27.7501    6.04677    6.24816         37 0.0000e+00
      40706   1696.043   1046.000     3.7913   3.275036     3.7913   3.276361      97.04     0.0163     2.5869     2.3253  2.0066860  1.0995991   46.99958  -47.08372    34.9013    34.9169     3.7127     3.7128    27.7374    27.7498    6.04939    6.24497         21 0.0000e+00
      40726   1696.870   1045.000     3.7929   3.275139     3.7943   3.276580      96.85     0.0161     2.5882     2.3256  2.0055981  1.0990973   46.99958  -47.08372    34.9013    34.9170     3.7145     3.7158    27.7372    27.7495    6.05580    6.25067         19 0.0000e+00
      40746   1697.710   1044.000     3.7945   3.275225     3.7940   3.276477      87.64     0.0161     2.5891     2.3263  2.0056400  1.0989008   46.99958  -47.08372    34.9012    34.9166     3.7161     3.7156    27.7369    27.7493    6.05267    6.25345         21 0.0000e+00
      40769   1698.655   1043.000     3.7942   3.275114     3.7935   3.276359      84.25     0.0110     2.5894     2.3267  2.0056169  1.0993836   46.99958  -47.08372    34.9007    34.9162     3.7159     3.7152    27.7366    27.7490    6.04776    6.24993         25 0.0000e+00
      40795   1699.746   1042.000     3.7940   3.275039     3.7935   3.276300      76.54     0.0102     2.5904     2.3274  2.0053823  1.1001195   46.99958  -47.08372    34.9005    34.9160     3.7158     3.7153    27.7364    27.7488    6.05371    6.25259         27 0.0000e+00
      40822   1700.882   1041.000     3.7939   3.274964     3.7931   3.276214      80.66     0.0098     2.5907     2.3277  2.0043347  1.1000766   46.99958  -47.08372    34.9003    34.9159     3.7158     3.7150    27.7362    27.7487    6.05212    6.24432         27 0.0000e+00
      40848   1701.954   1040.000     3.7935   3.274874     3.7923   3.276073      93.04     0.0096     2.5917     2.3275  2.0036523  1.1001228   46.99958  -47.08372    34.9002    34.9156     3.7154     3.7142    27.7362    27.7486    6.05198    6.24572         24 0.0000e+00
      40871   1702.931   1039.000     3.7929   3.274760     3.7924   3.276025      96.73     0.0133     2.5917     2.3281  2.0033937  1.1001221   46.99958  -47.08372    34.8999    34.9154     3.7149     3.7144    27.7361    27.7485    6.04709    6.25898         23 0.0000e+00
      40893   1703.853   1038.000     3.7946   3.274863     3.7957   3.276299      82.49     0.0126     2.5919     2.3291  2.0032194  1.1001221   46.99958  -47.08372    34.8999    34.9158     3.7167     3.7177    27.7359    27.7484    6.04929    6.26315         22 0.0000e+00
      40916   1704.781   1037.000     3.7972   3.275086     3.7979   3.276484      88.47     0.0106     2.5926     2.3300  2.0020835  1.1001221   46.99958  -47.08372    34.9002    34.9161     3.7194     3.7200    27.7358    27.7484    6.05411    6.26243         23 0.0000e+00
      40938   1705.725   1036.000     3.7986   3.275175     3.7986   3.276500      96.75     0.0115     2.5925     2.3305  2.0012243  1.1001221   46.99958  -47.08372    34.9003    34.9160     3.7209     3.7208    27.7358    27.7483    6.05933    6.25864         22 0.0000e+00
      40961   1706.654   1035.000     3.7991   3.275169     3.7988   3.276472      89.98     0.0115     2.5948     2.3313  2.0007732  1.1001221   46.99958  -47.08372    34.9002    34.9160     3.7214     3.7211    27.7356    27.7482    6.07010    6.25972         22 0.0000e+00
      40983   1707.590   1034.000     3.7995   3.275159     3.7991   3.276449      37.87     0.0122     2.5950     2.3314  2.0003686  1.1001221   46.99958  -47.08372    34.9002    34.9159     3.7219     3.7215    27.7356    27.7481    6.06594    6.25343         23 0.0000e+00
