data/CTD/2013/CNV/U021A050.CNV
* Sea-Bird SBE 9 Data File:
* FileName = C:\CTD_ACQUISITION\2013021HUD\ctddata\021A050.hdr
* Software Version Seasave V 7.22.2
* Temperature SN = 5081
* Conductivity SN = 3561
* Number of Bytes Per Scan = 37
* Number of Voltage Words = 4
* Number of Scans Averaged by the Deck Unit = 1
* NMEA Latitude = 48 53.75 N
* NMEA Longitude = 045 47.27 W
* NMEA UTC (Time) = Jul 05 2013 00:34:42
* NMEA baud rate = 9600
** Ship: Hudson
** Cruise: HUD2013021
** Chief_Scientist: Greenan
** Organization: BIO
** Area_of_Operation: Sackville Spur
** Station: 50
** Sounding:  2200
** Event_Comments: SS27  393209
# nquan = 25
# nvalues = 2366                        
# units = specified
# name 0 = scan: Scan Count
# name 1 = timeS: Time, Elapsed [seconds]
# name 2 = prDM: Pressure, Digiquartz [db]
# name 3 = t068C: Temperature [ITS-68, deg C]
# name 4 = c0S/m: Conductivity [S/m]
# name 5 = t168C: Temperature, 2 [ITS-68, deg C]
# name 6 = c1S/m: Conductivity, 2 [S/m]
# name 7 = altM: Altimeter [m]
# name 8 = flCUVA: Fluorescence, Chelsea UV Aquatracka [ug/l]
# name 9 = sbeox0V: Oxygen raw, SBE 43 [V]
# name 10 = sbeox1V: Oxygen raw, SBE 43, 2 [V]
# name 11 = upoly0: Upoly 0, Optode 4330F - O2 D-Phase
# name 12 = upoly1: Upoly 1, Optode 4330F - O2 Temp
# name 13 = latitude: Latitude [deg]
# name 14 = longitude: Longitude [deg]
# name 15 = sal00: Salinity, Practical [PSU]
# name 16 = sal11: Salinity, Practical, 2 [PSU]
# name 17 = potemp068C: Potential Temperature [ITS-68, deg C]
# name 18 = potemp168C: Potential Temperature, 2 [ITS-68, deg C]
# name 19 = sigma-é00: Density [sigma-theta, Kg/m^3]
# name 20 = sigma-é11: Density, 2 [sigma-theta, Kg/m^3]
# name 21 = sbeox0ML/L: Oxygen, SBE 43 [ml/l], WS = 2
# name 22 = sbeox1ML/L: Oxygen, SBE 43, 2 [ml/l], WS = 2
# name 23 = nbin: number of scans per bin
# name 24 = flag: flag
# span 0 =      62334,     114487       
# span 1 =   2597.229,   4770.258       
# span 2 =      1.000,   2366.000       
# span 3 =     2.7736,     7.7056       
# span 4 =   3.160928,   3.489807       
# span 5 =     2.7726,     7.7182       
# span 6 =   3.162208,   3.492487       
# span 7 =       2.28,      99.69       
# span 8 =     0.0031,     0.3351       
# span 9 =     2.2089,     3.3350       
# span 10 =     1.9871,     2.9754      
# span 11 =  1.7115025,  2.1035570      
# span 12 =  0.9703100,  1.5895393      
# span 13 =   48.89596,   48.89694      
# span 14 =  -45.79228,  -45.78870      
# span 15 =    32.7372,    34.9222      
# span 16 =    32.9525,    34.9385      
# span 17 =     2.5921,     7.7032      
# span 18 =     2.5910,     7.7156      
# span 19 =    25.5433,    27.8557      
# span 20 =    25.7123,    27.8691      
# span 21 =    5.88708,    6.96496      
# span 22 =    6.04739,    7.10033      
# span 23 =         13,       1063      
# span 24 = 0.0000e+00, 0.0000e+00      
# interval = decibars: 1                
# start_time = Jul 05 2013 00:34:42 [NMEA time, header]
# bad_flag = -9.990e-29
*END*
[from data line 2319]
     110447   4601.937     47.000     4.6901   3.249538     4.7474   3.255011      40.08     0.0877     3.1952     2.8586  1.8631480  1.1367480   48.89604  -45.79166    34.1818    34.1865     4.6866     4.7439    27.0620    27.0594    6.95643    7.05881         24 0.0000e+00
     110473   4602.989     46.000     4.7258   3.252305     4.7777   3.257038      94.00     0.0920     3.2068     2.8698  1.8555510  1.1533068   48.89604  -45.79166    34.1778    34.1809     4.7224     4.7743    27.0549    27.0515    6.95786    7.09546         27 0.0000e+00
     110502   4604.220     45.000     4.7779   3.256343     4.8184   3.260253      76.55     0.1048     3.2198     2.8828  1.8515624  1.1625938   48.89602  -45.79168    34.1715    34.1753     4.7747     4.8151    27.0440    27.0426    6.96496    7.10033         32 0.0000e+00
     110535   4605.578     44.000     4.8195   3.259551     5.0485   3.280550      71.62     0.1146     3.2280     2.8903  1.8425041  1.1809126   48.89602  -45.79168    34.1667    34.1789     4.8162     5.0451    27.0355    27.0192    6.91080    7.01320         32 0.0000e+00
     110564   4606.778     43.000     5.0495   3.278291     5.4217   3.310099      43.48     0.1236     3.2274     2.8909  1.8329473  1.2049904   48.89602  -45.79168    34.1481    34.1336     5.0462     5.4184    26.9947    26.9395    6.85330    6.93710         26 0.0000e+00
     110589   4607.814     42.000     5.3996   3.308360     5.6052   3.325008      94.70     0.1300     3.2296     2.8927  1.8230388  1.2308154   48.89602  -45.79169    34.1271    34.1178     5.4058     5.6018    26.9358    26.9050    6.80057    6.93775         24 0.0000e+00
     110611   4608.768     41.000     5.6805   3.329129     5.8226   3.340981      94.54     0.1405     3.2310     2.8980  1.8185283  1.2386822   48.89602  -45.79170    34.0889    34.0796     5.6772     5.8193    26.8729    26.8481    6.81411    6.95473         22 0.0000e+00
     110633   4609.675     40.000     5.8703   3.343806     6.0654   3.359233      47.21     0.1493     3.2427     2.9058  1.8147228  1.2470071   48.89602  -45.79170    34.0640    34.0416     5.8670     6.0621    26.8298    26.7876    6.87663    6.94488         21 0.0000e+00
     110655   4610.571     39.000     6.0746   3.359185     6.2670   3.375012      79.04     0.1554     3.2558     2.9121  1.8112164  1.2548194   48.89601  -45.79170    34.0324    34.0170     6.0713     6.2637    26.7792    26.7425    6.84839    6.89944         23 0.0000e+00
     110680   4611.643     38.000     6.2552   3.373356     6.4106   3.386598      94.13     0.1641     3.2638     2.9157  1.8037344  1.2739189   48.89600  -45.79171    34.0107    34.0035     6.2520     6.4073    26.7391    26.7132    6.77825    6.86471         30 0.0000e+00
     110723   4613.399     37.000     6.2199   3.371070     6.4506   3.389565      94.61     0.1750     3.2688     2.9189  1.7924240  1.3096714   48.89600  -45.79172    34.0210    33.9971     6.2168     6.4474    26.7517    26.7030    6.78301    6.86237         53 0.0000e+00
     110766   4615.214     36.000     6.2436   3.372845     6.6511   3.405130      50.08     0.1902     3.2785     2.9276  1.7706221  1.3806684   48.89600  -45.79172    34.0178    33.9704     6.2405     6.6479    26.7461    26.6554    6.83845    6.90021         31 0.0000e+00
     110793   4616.352     35.000     6.6854   3.406511     6.9065   3.425482      93.88     0.1983     3.2868     2.9362  1.7674063  1.3985605   48.89600  -45.79173    33.9528    33.9434     6.6823     6.9033    26.6368    26.5998    6.77423    6.87665         27 0.0000e+00
     110827   4617.758     34.000     6.9291   3.426219     7.0143   3.434160      64.87     0.2183     3.2943     2.9427  1.7690513  1.4282179   48.89600  -45.79174    33.9296    33.9328     6.9260     7.0112    26.5859    26.5768    6.73282    6.84127         43 0.0000e+00
     110875   4619.741     33.000     6.9930   3.431248     7.0827   3.438976      63.69     0.2458     3.2988     2.9461  1.7549235  1.4351068   48.89598  -45.79175    33.9221    33.9188     6.9903     7.0797    26.5712    26.5563    6.71300    6.82892         44 0.0000e+00
     110909   4621.164     32.000     7.1418   3.441220     7.2471   3.452346      94.93     0.2681     3.3022     2.9493  1.7505951  1.4774301   48.89598  -45.79176    33.8882    33.9039     7.1389     7.2441    26.5241    26.5218    6.70943    6.81642         28 0.0000e+00
     110935   4622.253     31.000     7.2922   3.455661     7.4426   3.469830      77.64     0.3063     3.3054     2.9513  1.7490162  1.4869276   48.89598  -45.79176    33.8963    33.9031     7.2893     7.4397    26.5095    26.4937    6.68903    6.77666         26 0.0000e+00
     110963   4623.413     30.000     7.4833   3.471911     7.5828   3.482696      65.24     0.3192     3.3087     2.9514  1.7444780  1.4824786   48.89598  -45.79176    33.8863    33.9060     7.4805     7.5799    26.4747    26.4760    6.65760    6.75277         31 0.0000e+00
     111001   4625.021     29.000     7.5436   3.478064     7.6296   3.487244      93.35     0.3351     3.3096     2.9536  1.7415944  1.4891629   48.89598  -45.79178    33.8946    33.9100     7.5409     7.6268    26.4727    26.4725    6.64061    6.75772         47 0.0000e+00
     111050   4627.052     28.000     7.6033   3.483238     7.6694   3.489931      79.97     0.3250     3.3117     2.9549  1.7344503  1.5069445   48.89598  -45.79178    33.8929    33.9007     7.6006     7.6667    26.4628    26.4594    6.63503    6.73971         44 0.0000e+00
     111086   4628.554     27.000     7.6752   3.487914     7.7182   3.492487      70.33     0.3131     3.3125     2.9541  1.7307522  1.5185547   48.89598  -45.79180    33.8737    33.8812     7.6726     7.7156    26.4374    26.4371    6.62000    6.72395         32 0.0000e+00
     111121   4629.999     26.000     7.7056   3.489807     7.7157   3.491421      80.46     0.2937     3.3125     2.9524  1.7297190  1.5262756   48.89598  -45.79180    33.8651    33.8728     7.7031     7.7132    26.4262    26.4307    6.61543    6.72461         39 0.0000e+00
     111180   4632.448     25.000     7.7056   3.488748     7.7004   3.489092      69.73     0.2671     3.3133     2.9548  1.7278492  1.5363322   48.89598  -45.79182    33.8542    33.8629     7.7032     7.6980    26.4176    26.4252    6.62165    6.74319         79 0.0000e+00
     111242   4635.026     24.000     7.6785   3.485090     7.6744   3.485888      74.85     0.2765     3.3166     2.9556  1.7242976  1.5565538   48.89598  -45.79182    33.8415    33.8540     7.6762     7.6721    26.4115    26.4220    6.63522    6.73847         37 0.0000e+00
     111274   4636.374     23.000     7.6602   3.482422     7.6609   3.483981      61.58     0.2616     3.3169     2.9547  1.7240703  1.5624839   48.89596  -45.79184    33.8310    33.8472     7.6580     7.6587    26.4058    26.4185    6.63333    6.74003         36 0.0000e+00
     111364   4640.137     22.000     7.6569   3.481707     7.6536   3.482748      99.69     0.2399     3.3180     2.9561  1.7214656  1.5548075   48.89596  -45.79187    33.8270    33.8415     7.6548     7.6515    26.4032    26.4151    6.63348    6.74843        102 0.0000e+00
     111432   4642.976     21.000     7.6571   3.481567     7.6540   3.482722      72.03     0.2536     3.3179     2.9563  1.7206609  1.5653623   48.89596  -45.79189    33.8258    33.8412     7.6551     7.6520    26.4022    26.4148    6.63416    6.74434         97 0.0000e+00
     111525   4646.820     20.000     7.6534   3.481058     7.6566   3.482719      69.93     0.2404     3.3197     2.9571  1.7197884  1.5700984   48.89596  -45.79192    33.8243    33.8392     7.6515     7.6547    26.4016    26.4128    6.64051    6.75798         59 0.0000e+00
     111579   4649.082     19.000     7.6608   3.481608     7.6533   3.482422      66.31     0.2449     3.3191     2.9598  1.7191528  1.5724548   48.89596  -45.79193    33.8236    33.8396     7.6590     7.6515    26.3999    26.4136    6.63073    6.75160         52 0.0000e+00
     111631   4651.252     18.000     7.6626   3.481723     7.6580   3.482779      70.30     0.2395     3.3205     2.9591  1.7191697  1.5714786   48.89597  -45.79192    33.8235    33.8394     7.6609     7.6563    26.3996    26.4128    6.64246    6.74936         61 0.0000e+00
     111704   4654.280     17.000     7.6596   3.481444     7.6540   3.482343      63.51     0.2389     3.3233     2.9605  1.7182614  1.5734632   48.89597  -45.79193    33.8239    33.8391     7.6580     7.6524    26.4003    26.4130    6.64981    6.76326         71 0.0000e+00
     111760   4656.639     16.000     7.6627   3.481670     7.6581   3.482705      88.02     0.2409     3.3248     2.9632  1.7176685  1.5774637   48.89598  -45.79194    33.8238    33.8395     7.6612     7.6566    26.3998    26.4127    6.64516    6.76061         51 0.0000e+00
     111816   4658.938     15.000     7.6661   3.481963     7.6590   3.482783      72.01     0.2359     3.3246     2.9632  1.7174431  1.5762663   48.89598  -45.79196    33.8242    33.8399     7.6646     7.6575    26.3996    26.4130    6.64127    6.75997         54 0.0000e+00
     111862   4660.882     14.000     7.6681   3.482130     7.6578   3.482685      63.15     0.2322     3.3245     2.9639  1.7163035  1.5770135   48.89598  -45.79196    33.8245    33.8404     7.6668     7.6564    26.3995    26.4135    6.64232    6.75986         47 0.0000e+00
     111930   4663.727     13.000     7.6679   3.482069     7.6645   3.483221      74.71     0.2260     3.3252     2.9640  1.7157407  1.5786517   48.89600  -45.79198    33.8246    33.8403     7.6666     7.6633    26.3996    26.4124    6.64375    6.76274         72 0.0000e+00
     111987   4666.079     12.000     7.6757   3.482834     7.6645   3.483224      72.78     0.2344     3.3253     2.9657  1.7152573  1.5802206   48.89600  -45.79199    33.8257    33.8408     7.6745     7.6633    26.3993    26.4128    6.64399    6.76077         70 0.0000e+00
     112061   4669.181     11.000     7.6754   3.482805     7.6713   3.483855      69.27     0.2312     3.3283     2.9661  1.7150589  1.5820000   48.89600  -45.79200    33.8261    33.8415     7.6744     7.6702    26.3997    26.4123    6.65356    6.76753         58 0.0000e+00
     112138   4672.383     10.000     7.6768   3.482899     7.6737   3.484084      71.37     0.2367     3.3292     2.9673  1.7155319  1.5834850   48.89602  -45.79202    33.8263    33.8421     7.6759     7.6728    26.3996    26.4124    6.64731    6.76173        101 0.0000e+00
     112259   4677.402      9.000     7.6793   3.483127     7.6795   3.484569      61.88     0.2373     3.3282     2.9667  1.7141552  1.5851097   48.89603  -45.79204    33.8268    33.8422     7.6785     7.6786    26.3996    26.4117    6.64294    6.76310        132 0.0000e+00
     112374   4682.221      8.000     7.6790   3.483060     7.6788   3.484465      52.46     0.2339     3.3282     2.9696  1.7153322  1.5859671   48.89605  -45.79207    33.8269    33.8422     7.6782     7.6780    26.3997    26.4118    6.64543    6.76727        135 0.0000e+00
     112483   4686.730      7.000     7.6796   3.483065     7.6805   3.484563      96.64     0.2480     3.3305     2.9715  1.7150110  1.5861104   48.89606  -45.79210    33.8268    33.8421     7.6789     7.6798    26.3996    26.4115    6.64904    6.78060         44 0.0000e+00
     112583   4690.898      6.000     7.6807   3.483147     7.6805   3.484546      49.73     0.2466     3.3284     2.9734  1.7130688  1.5867039   48.89607  -45.79211    33.8272    33.8424     7.6801     7.6800    26.3997    26.4116    6.63619    6.77478        102 0.0000e+00
     112725   4696.818      5.000     7.6817   3.483203     7.6818   3.484615      42.65     0.2346     3.3277     2.9710  1.7119620  1.5874051   48.89610  -45.79213    33.8272    33.8424     7.6813     7.6813    26.3995    26.4115    6.64080    6.75979        145 0.0000e+00
     112961   4706.667      4.000     7.6820   3.483197     7.6809   3.484508      36.98     0.2319     3.3304     2.9734  1.7133985  1.5875831   48.89614  -45.79215    33.8274    33.8426     7.6816     7.6805    26.3996    26.4118    6.64545    6.77675        278 0.0000e+00
     114027   4751.069      3.000     7.6848   3.483404     7.6853   3.484856      60.45     0.2367     3.3350     2.9754  1.7115024  1.5888727   48.89630  -45.79227    33.8273    33.8425     7.6845     7.6850    26.3991    26.4110    6.65492    6.77542       1063 0.0000e+00
     114450   4768.693      2.000     7.6821   3.483037     7.6820   3.484457       5.69     0.2321 -9.990e-29 -9.990e-29  1.7118479  1.5895393   48.89634  -45.79228    33.8265    33.8419     7.6819     7.6818    26.3989    26.4110 -9.990e-29 -9.990e-29         20 0.0000e+00
     114487   4770.258      1.000     7.6832   3.381171     7.6831   3.401443       4.81     0.2275 -9.990e-29 -9.990e-29  1.7120086  1.5893625   48.89634  -45.79228    32.7372    32.9525     7.6832     7.6830    25.5433    25.7123 -9.990e-29 -9.990e-29         28 0.0000e+00
