data/CTD/2013/CNV/U021A019.CNV
* Sea-Bird SBE 9 Data File:
* FileName = C:\CTD_ACQUISITION\2013021HUD\ctddata\021A019.hdr
* Software Version Seasave V 7.22.2
* Temperature SN = 5081
* Conductivity SN = 3561
* Number of Bytes Per Scan = 37
* Number of Voltage Words = 4
* Number of Scans Averaged by the Deck Unit = 1
* NMEA Latitude = 47 00.00 N
* NMEA Longitude = 046 40.17 W
* NMEA UTC (Time) = Jul 02 2013 04:50:47
* NMEA baud rate = 9600
** Ship: Hudson
** Cruise: HUD2013021
** Chief_Scientist: Greenan
** Organization: BIO
** Area_of_Operation: Sackville Spur
** Station: 19
** Sounding:  919
** Event_Comments: FC19  393125
# nquan = 25
# nvalues = 943                         
# units = specified
# name 0 = scan: Scan Count
# name 1 = timeS: Time, Elapsed [seconds]
# name 2 = prDM: Pressure, Digiquartz [db]
# name 3 = t068C: Temperature [ITS-68, deg C]
# name 4 = c0S/m: Conductivity [S/m]
# name 5 = t168C: Temperature, 2 [ITS-68, deg C]
# name 6 = c1S/m: Conductivity, 2 [S/m]
# name 7 = altM: Altimeter [m]
# name 8 = flCUVA: Fluorescence, Chelsea UV Aquatracka [ug/l]
# name 9 = sbeox0V: Oxygen raw, SBE 43 [V]
# name 10 = sbeox1V: Oxygen raw, SBE 43, 2 [V]
# name 11 = upoly0: Upoly 0, Optode 4330F - O2 D-Phase
# name 12 = upoly1: Upoly 1, Optode 4330F - O2 Temp
# name 13 = latitude: Latitude [deg]
# name 14 = longitude: Longitude [deg]
# name 15 = sal00: Salinity, Practical [PSU]
# name 16 = sal11: Salinity, Practical, 2 [PSU]
# name 17 = potemp068C: Potential Temperature [ITS-68, deg C]
# name 18 = potemp168C: Potential Temperature, 2 [ITS-68, deg C]
# name 19 = sigma-é00: Density [sigma-theta, Kg/m^3]
# name 20 = sigma-é11: Density, 2 [sigma-theta, Kg/m^3]
# name 21 = sbeox0ML/L: Oxygen, SBE 43 [ml/l], WS = 2
# name 22 = sbeox1ML/L: Oxygen, SBE 43, 2 [ml/l], WS = 2
# name 23 = nbin: number of scans per bin
# name 24 = flag: flag
# span 0 =      31066,      53719       
# span 1 =   1294.374,   2238.249       
# span 2 =      1.000,    943.000       
# span 3 =     0.7022,     6.1941       
# span 4 =   2.853931,   3.359823       
# span 5 =     0.8081,     6.1908       
# span 6 =   2.866920,   3.361086       
# span 7 =       5.65,     121.36       
# span 8 =     0.0043,     0.1790       
# span 9 =     2.5928,     3.4229       
# span 10 =     2.3076,     3.0466      
# span 11 =  1.7278990,  2.0575646      
# span 12 =  0.7814682,  1.3978014      
# span 13 =   47.00273,   47.00398      
# span 14 =  -46.67090,  -46.66989      
# span 15 =    32.7693,    34.9363      
# span 16 =    32.7841,    34.9519      
# span 17 =     0.7006,     6.1939      
# span 18 =     0.8064,     6.1906      
# span 19 =    25.7667,    27.7346      
# span 20 =    25.7788,    27.7473      
# span 21 =    5.25063,    8.55560      
# span 22 =    5.37322,    8.56724      
# span 23 =         12,        304      
# span 24 = 0.0000e+00, 0.0000e+00      
# interval = decibars: 1                
# start_time = Jul 02 2013 04:50:47 [NMEA time, header]
# bad_flag = -9.990e-29
*END*
[from data line 812]
      49926   2080.215    131.000     3.5002   3.172548     3.4959   3.173083      34.28     0.0219     2.8129     2.5051  1.9731469  1.0439560   47.00394  -46.67066    34.4691    34.4801     3.4917     3.4874    27.4150    27.4241    6.03277    6.14731         23 0.0000e+00
      49956   2081.466    130.000     3.4979   3.172084     3.4936   3.172600      74.12     0.0192     2.8121     2.5051  1.9741911  1.0519248   47.00392  -46.67065    34.4665    34.4773     3.4895     3.4852    27.4131    27.4222    6.04493    6.15998         35 0.0000e+00
      49987   2082.763    129.000     3.4941   3.171482     3.4945   3.172556      77.62     0.0176     2.8129     2.5063  1.9751313  1.0548245   47.00392  -46.67064    34.4639    34.4763     3.4857     3.4862    27.4114    27.4212    6.05503    6.16628         25 0.0000e+00
      50007   2083.594    128.000     3.4966   3.171449     3.5052   3.173479      34.24     0.0170     2.8138     2.5069  1.9780566  1.0585815   47.00392  -46.67064    34.4613    34.4767     3.4883     3.4969    27.4091    27.4205    6.05160    6.17230         17 0.0000e+00
      50024   2084.276    127.000     3.5037   3.171963     3.5065   3.173355      96.25     0.0211     2.8132     2.5083  1.9780220  1.0584549   47.00392  -46.67064    34.4605    34.4742     3.4954     3.4983    27.4078    27.4184    6.05476    6.19276         16 0.0000e+00
      50039   2084.932    126.000     3.4935   3.170582     3.4869   3.171028      95.75     0.0237     2.8148     2.5107  1.9786271  1.0585310   47.00394  -46.67064    34.4553    34.4677     3.4853     3.4787    27.4046    27.4151    6.06942    6.21608         16 0.0000e+00
      50057   2085.658    125.000     3.4820   3.169129     3.4773   3.169812      89.79     0.0221     2.8161     2.5138  1.9794263  1.0586072   47.00393  -46.67064    34.4504    34.4637     3.4739     3.4692    27.4018    27.4128    6.09147    6.22527         19 0.0000e+00
      50079   2086.598    124.000     3.4766   3.168363     3.4689   3.168693      45.53     0.0201     2.8206     2.5167  1.9799956  1.0587839   47.00392  -46.67063    34.4476    34.4597     3.4685     3.4609    27.4001    27.4104    6.11655    6.21630         27 0.0000e+00
      50109   2087.835    123.000     3.4689   3.167398     3.4730   3.168812      97.27     0.0177     2.8255     2.5188  1.9829612  1.0597659   47.00392  -46.67062    34.4446    34.4573     3.4610     3.4650    27.3984    27.4082    6.12022    6.21359         30 0.0000e+00
      50136   2088.970    122.000     3.4711   3.167400     3.4845   3.169490      58.64     0.0168     2.8292     2.5207  1.9834623  1.0592210   47.00392  -46.67062    34.4429    34.4538     3.4632     3.4766    27.3968    27.4043    6.12448    6.21433         23 0.0000e+00
      50156   2089.804    121.000     3.4719   3.167075     3.4552   3.165873      58.67     0.0189     2.8316     2.5215  1.9841367  1.0585990   47.00392  -46.67062    34.4386    34.4419     3.4641     3.4474    27.3933    27.3976    6.11297    6.18954         19 0.0000e+00
      50174   2090.528    120.000     3.4507   3.164280     3.4271   3.162546      94.68     0.0204     2.8317     2.5192  1.9841269  1.0586081   47.00392  -46.67062    34.4280    34.4321     3.4430     3.4194    27.3869    27.3925    6.08328    6.15446         17 0.0000e+00
      50191   2091.255    119.000     3.4370   3.162190     3.4374   3.163178      95.88     0.0216     2.8295     2.5158  1.9843925  1.0586081   47.00392  -46.67060    34.4179    34.4294     3.4293     3.4297    27.3802    27.3893    6.06094    6.15839         18 0.0000e+00
      50211   2092.103    118.000     3.4398   3.162141     3.4570   3.164936      42.50     0.0216     2.8270     2.5161  1.9843408  1.0586081   47.00392  -46.67060    34.4151    34.4303     3.4319     3.4494    27.3777    27.3881    6.07692    6.24247         23 0.0000e+00
      50240   2093.292    117.000     3.4595   3.163821     3.4758   3.166642      87.22     0.0185     2.8306     2.5287  1.9852952  1.0577258   47.00392  -46.67060    34.4148    34.4315     3.4520     3.4683    27.3755    27.3872    6.18222    6.38034         34 0.0000e+00
      50274   2094.700    116.000     3.4465   3.162776     3.4818   3.167152      77.04     0.0213     2.8498     2.5493  1.9854765  1.0576280   47.00392  -46.67058    34.4166    34.4318     3.4390     3.4743    27.3782    27.3869    6.32814    6.43755         30 0.0000e+00
      50301   2095.822    115.000     3.4833   3.165920     3.4998   3.168593      36.53     0.0212     2.8650     2.5605  1.9841187  1.0586528   47.00392  -46.67058    34.4159    34.4307     3.4759     3.4923    27.3741    27.3843    6.28175    6.40208         24 0.0000e+00
      50321   2096.654    114.000     3.4705   3.164398     3.4280   3.161190      94.60     0.0218     2.8701     2.5655  1.9843318  1.0586765   47.00392  -46.67058    34.4122    34.4181     3.4627     3.4207    27.3725    27.3812    6.25853    6.41406         18 0.0000e+00
      50338   2097.367    113.000     3.4089   3.157869     3.2704   3.145181       5.65     0.0182     2.8728     2.5699  1.9846671  1.0599277   47.00392  -46.67058    34.3988    34.3924     3.4017     3.2633    27.3676    27.3757    6.28799    6.45243         16 0.0000e+00
      50355   2098.069    112.000     3.2876   3.144391     3.0778   3.125080      87.02     0.0158     2.8790     2.5741  1.9848936  1.0598936   47.00392  -46.67058    34.3656    34.3536     3.2806     3.0710    27.3527    27.3626    6.35025    6.49971         19 0.0000e+00
      50377   2098.982    111.000     3.1472   3.130277     2.9960   3.116358      90.94     0.0171     2.8871     2.5794  1.9888872  1.0574000   47.00392  -46.67057    34.3436    34.3351     3.1404     2.9893    27.3482    27.3553    6.41350    6.52753         26 0.0000e+00
      50409   2100.344    110.000     3.0733   3.123030     3.0144   3.118213      55.17     0.0198     2.8989     2.5866  1.9921671  1.0526049   47.00392  -46.67056    34.3346    34.3386     3.0666     3.0078    27.3479    27.3565    6.41879    6.52411         38 0.0000e+00
      50444   2101.782    109.000     3.1751   3.132767     3.0479   3.121452      96.79     0.0226     2.9050     2.5897  1.9876896  1.0287734   47.00392  -46.67056    34.3453    34.3430     3.1684     3.0412    27.3470    27.3569    6.38652    6.48271         29 0.0000e+00
      50469   2102.841    108.000     3.0186   3.117567     2.9885   3.115513      67.08     0.0214     2.9089     2.5896  1.9865071  1.0269520   47.00392  -46.67055    34.3275    34.3345     3.0120     2.9820    27.3472    27.3555    6.42432    6.48613         23 0.0000e+00
      50490   2103.726    107.000     2.9903   3.114073     2.9681   3.113044      50.73     0.0187     2.9115     2.5898  1.9844394  1.0219953   47.00392  -46.67054    34.3155    34.3266     2.9839     2.9617    27.3402    27.3510    6.41884    6.48335         20 0.0000e+00
      50510   2104.556    106.000     2.9775   3.112492     2.9840   3.114237      95.39     0.0189     2.9125     2.5887  1.9843111  1.0219780   47.00392  -46.67054    34.3104    34.3248     2.9712     2.9776    27.3372    27.3481    6.40817    6.45291         20 0.0000e+00
      50532   2105.440    105.000     3.0062   3.115072     3.0342   3.118571      95.65     0.0240     2.9124     2.5856  1.9796071  1.0196383   47.00392  -46.67054    34.3117    34.3249     3.0002     3.0278    27.3356    27.3437    6.36604    6.41908         23 0.0000e+00
      50556   2106.454    104.000     3.0447   3.118420     3.0848   3.123444      37.00     0.0238     2.9076     2.5820  1.9791580  1.0194458   47.00392  -46.67054    34.3122    34.3308     3.0384     3.0784    27.3326    27.3438    6.31057    6.40023         26 0.0000e+00
      50584   2107.615    103.000     3.0426   3.118184     3.1749   3.131504      96.81     0.0208     2.9011     2.5779  1.9731239  1.0150901   47.00392  -46.67053    34.3121    34.3335     3.0364     3.1685    27.3327    27.3376    6.29590    6.37586         28 0.0000e+00
      50611   2108.743    102.000     3.0843   3.122564     3.2079   3.134811      76.19     0.0239     2.8961     2.5755  1.9720286  1.0163997   47.00392  -46.67052    34.3197    34.3391     3.0800     3.2016    27.3347    27.3390    6.28944    6.39467         25 0.0000e+00
      50634   2109.708    101.000     3.1548   3.128497     3.2496   3.138668      48.32     0.0304     2.8933     2.5767  1.9682544  1.0207565   47.00392  -46.67052    34.3194    34.3422     3.1486     3.2433    27.3282    27.3376    6.29457    6.41931         23 0.0000e+00
      50657   2110.670    100.000     3.2346   3.136069     3.3043   3.143526      95.38     0.0302     2.8932     2.5786  1.9675041  1.0218568   47.00392  -46.67051    34.3271    34.3436     3.2284     3.2980    27.3269    27.3335    6.30272    6.40890         24 0.0000e+00
      50686   2111.866     99.000     3.2951   3.141375     3.3118   3.143999      57.84     0.0252     2.8950     2.5800  1.9648103  1.0266575   47.00391  -46.67050    34.3278    34.3418     3.2889     3.3056    27.3217    27.3313    6.31097    6.41122         35 0.0000e+00
      50722   2113.355     98.000     3.2976   3.141597     3.2855   3.141466      75.32     0.0211     2.8990     2.5824  1.9647346  1.0323247   47.00390  -46.67050    34.3284    34.3397     3.2914     3.2793    27.3220    27.3321    6.33970    6.42164         34 0.0000e+00
      50752   2114.606     97.000     3.2752   3.138939     3.2342   3.135726      47.93     0.0188     2.9036     2.5835  1.9644886  1.0341238   47.00390  -46.67050    34.3206    34.3250     3.2691     3.2282    27.3179    27.3253    6.32798    6.41252         25 0.0000e+00
      50773   2115.509     96.000     3.2479   3.135703     3.2215   3.133740      22.60     0.0259     2.9017     2.5820  1.9635533  1.0329558   47.00390  -46.67050    34.3108    34.3150     3.2419     3.2156    27.3126    27.3184    6.28272    6.37756         19 0.0000e+00
      50792   2116.289     95.000     3.2201   3.132062     3.2132   3.132483      97.89     0.0252     2.8998     2.5790  1.9635042  1.0329671   47.00390  -46.67050    34.2967    34.3091     3.2142     3.2073    27.3039    27.3145    6.27830    6.37631         18 0.0000e+00
      50810   2117.050     94.000     3.1929   3.128979     3.1807   3.128763      86.01     0.0254     2.8969     2.5783  1.9613549  1.0320576   47.00390  -46.67048    34.2887    34.2990     3.1871     3.1749    27.3001    27.3095    6.27487    6.40937         19 0.0000e+00
      50830   2117.890     93.000     3.1554   3.124498     3.1171   3.121936      59.77     0.0236     2.8949     2.5793  1.9599383  1.0313070   47.00390  -46.67048    34.2747    34.2841     3.1496     3.1114    27.2924    27.3035    6.29892    6.43903         22 0.0000e+00
      50856   2118.941     92.000     3.1189   3.120518     3.0938   3.119144      66.89     0.0270     2.8957     2.5811  1.9614911  1.0304965   47.00390  -46.67048    34.2656    34.2755     3.1133     3.0881    27.2885    27.2988    6.34975    6.45684         29 0.0000e+00
      50889   2120.327     91.000     3.1585   3.124794     3.0853   3.118551      93.17     0.0242     2.9028     2.5844  1.9634589  1.0290167   47.00390  -46.67048    34.2761    34.2779     3.1529     3.0797    27.2932    27.3014    6.40617    6.47145         36 0.0000e+00
      50922   2121.707     90.000     3.0813   3.116585     3.0329   3.113205      42.83     0.0261     2.9131     2.5883  1.9646251  1.0229391   47.00390  -46.67046    34.2620    34.2695     3.0727     3.0279    27.2894    27.2995    6.44661    6.50551         29 0.0000e+00
      50948   2122.793     89.000     2.8651   3.095945     2.7679   3.086782      97.18     0.0268     2.9180     2.5920  1.9645909  1.0211767   47.00390  -46.67046    34.2373    34.2285     2.8599     2.7627    27.2889    27.2904    6.46752    6.55895         24 0.0000e+00
      50969   2123.674     88.000     2.7104   3.079274     2.6707   3.075810      89.87     0.0266     2.9212     2.5946  1.9649796  1.0166715   47.00390  -46.67046    34.1982    34.1981     2.7053     2.6656    27.2712    27.2745    6.47570    6.56352         19 0.0000e+00
      50987   2124.429     87.000     2.5786   3.065116     2.6055   3.069212       7.30     0.0235     2.9201     2.5946  1.9648765  1.0169544   47.00390  -46.67046    34.1652    34.1869     2.5737     2.6006    27.2561    27.2712    6.44792    6.54039         17 0.0000e+00
      51005   2125.147     86.000     2.4902   3.056501     2.5055   3.059072      54.67     0.0226     2.9171     2.5927  1.9686650  1.0026979   47.00390  -46.67046    34.1538    34.1693     2.4854     2.5007    27.2545    27.2656    6.41967    6.52792         18 0.0000e+00
      51023   2125.919     85.000     2.4156   3.048260     2.4271   3.051141      94.74     0.0199     2.9112     2.5896  1.9699333  0.9964839   47.00390  -46.67046    34.1323    34.1556     2.4109     2.4224    27.2435    27.2612    6.41788    6.51914         20 0.0000e+00
      51048   2126.970     84.000     2.3868   3.045434     2.3615   3.044422      96.15     0.0218     2.9075     2.5857  1.9697489  0.9861675   47.00390  -46.67045    34.1286    34.1432     2.3822     2.3569    27.2429    27.2567    6.45339    6.53442         33 0.0000e+00
      51093   2128.830     83.000     2.4144   3.048182     2.3355   3.041864      63.60     0.0192     2.9070     2.5833  1.9700292  0.9700272   47.00390  -46.67044    34.1337    34.1398     2.4098     2.3310    27.2447    27.2561    6.48706    6.56949         46 0.0000e+00
      51125   2130.157     82.000     2.3942   3.046396     2.3665   3.044406      87.38     0.0207     2.9093     2.5841  1.9707655  0.9621640   47.00388  -46.67044    34.1337    34.1388     2.3897     2.3620    27.2464    27.2527    6.51743    6.57761         23 0.0000e+00
      51145   2130.994     81.000     2.2697   3.033825     2.2828   3.036180      53.73     0.0259     2.9126     2.5854  1.9700577  0.9581279   47.00388  -46.67043    34.1116    34.1269     2.2653     2.2784    27.2389    27.2500    6.54409    6.60191         19 0.0000e+00
      51164   2131.788     80.000     2.0726   3.013582     2.1542   3.022938      64.25     0.0291     2.9129     2.5865  1.9696693  0.9536207   47.00388  -46.67042    34.0713    34.1005     2.0684     2.1500    27.2222    27.2392    6.54071    6.62971         19 0.0000e+00
      51184   2132.605     79.000     1.9210   2.997460     1.9830   3.005872      13.75     0.0277     2.9111     2.5878  1.9698414  0.9532353   47.00388  -46.67042    34.0329    34.0717     1.9170     1.9789    27.2033    27.2296    6.55300    6.66984         20 0.0000e+00
      51204   2133.465     78.000     1.8389   2.989354     1.8914   2.995853      96.08     0.0277     2.9099     2.5897  1.9746310  0.9388314   47.00388  -46.67042    34.0200    34.0452     1.8350     1.8875    27.1992    27.2153    6.57985    6.69237         21 0.0000e+00
      51226   2134.354     77.000     1.8085   2.986119     1.8090   2.987686      95.41     0.0255     2.9097     2.5909  1.9745255  0.9389499   47.00388  -46.67042    34.0126    34.0319     1.8047     1.8051    27.1955    27.2109    6.59880    6.70694         22 0.0000e+00
      51249   2135.342     76.000     1.7627   2.981060     1.7401   2.980372      95.37     0.0226     2.9114     2.5925  1.9776468  0.9211808   47.00388  -46.67042    33.9986    34.0145     1.7589     1.7364    27.1879    27.2021    6.63776    6.72868         27 0.0000e+00
      51280   2136.630     75.000     1.7533   2.980591     1.6986   2.975735      95.37     0.0271     2.9155     2.5957  1.9783376  0.9131534   47.00388  -46.67042    34.0037    34.0014     1.7496     1.6949    27.1924    27.1946    6.66402    6.76777         34 0.0000e+00
