data/CTD/2013/CNV/U021A041.CNV
* Sea-Bird SBE 9 Data File:
* FileName = C:\CTD_ACQUISITION\2013021HUD\ctddata\021A041.hdr
* Software Version Seasave V 7.22.2
* Temperature SN = 5081
* Conductivity SN = 3561
* Number of Bytes Per Scan = 37
* Number of Voltage Words = 4
* Number of Scans Averaged by the Deck Unit = 1
* NMEA Latitude = 48 32.65 N
* NMEA Longitude = 046 46.20 W
* NMEA UTC (Time) = Jul 04 2013 01:12:23
* NMEA baud rate = 9600
** Ship: Hudson
** Cruise: HUD2013021
** Chief_Scientist: Greenan
** Organization: BIO
** Area_of_Operation: Sackville Spur
** Station: 41
** Sounding:  1896
** Event_Comments: SS06  393182
# nquan = 25
# nvalues = 2474                        
# units = specified
# name 0 = scan: Scan Count
# name 1 = timeS: Time, Elapsed [seconds]
# name 2 = prDM: Pressure, Digiquartz [db]
# name 3 = t068C: Temperature [ITS-68, deg C]
# name 4 = c0S/m: Conductivity [S/m]
# name 5 = t168C: Temperature, 2 [ITS-68, deg C]
# name 6 = c1S/m: Conductivity, 2 [S/m]
# name 7 = altM: Altimeter [m]
# name 8 = flCUVA: Fluorescence, Chelsea UV Aquatracka [ug/l]
# name 9 = sbeox0V: Oxygen raw, SBE 43 [V]
# name 10 = sbeox1V: Oxygen raw, SBE 43, 2 [V]
# name 11 = upoly0: Upoly 0, Optode 4330F - O2 D-Phase
# name 12 = upoly1: Upoly 1, Optode 4330F - O2 Temp
# name 13 = latitude: Latitude [deg]
# name 14 = longitude: Longitude [deg]
# name 15 = sal00: Salinity, Practical [PSU]
# name 16 = sal11: Salinity, Practical, 2 [PSU]
# name 17 = potemp068C: Potential Temperature [ITS-68, deg C]
# name 18 = potemp168C: Potential Temperature, 2 [ITS-68, deg C]
# name 19 = sigma-é00: Density [sigma-theta, Kg/m^3]
# name 20 = sigma-é11: Density, 2 [sigma-theta, Kg/m^3]
# name 21 = sbeox0ML/L: Oxygen, SBE 43 [ml/l], WS = 2
# name 22 = sbeox1ML/L: Oxygen, SBE 43, 2 [ml/l], WS = 2
# name 23 = nbin: number of scans per bin
# name 24 = flag: flag
# span 0 =      63446,     117047       
# span 1 =   2643.552,   4876.937       
# span 2 =      1.000,   2474.000       
# span 3 =     2.6820,     7.4000       
# span 4 =   3.135675,   3.446672       
# span 5 =     2.6810,     7.3971       
# span 6 =   3.136824,   3.447710       
# span 7 =     -12.78,     100.44       
# span 8 =     0.0032,     0.1799       
# span 9 =     2.1864,     3.3271       
# span 10 =     1.9658,     2.9714      
# span 11 =  1.7199652,  2.1098918      
# span 12 =  0.9596979,  1.5495608      
# span 13 =   48.54312,   48.54400      
# span 14 =  -46.77406,  -46.77266      
# span 15 =    33.6465,    34.9218      
# span 16 =    33.6591,    34.9388      
# span 17 =     2.4918,     7.3999      
# span 18 =     2.4910,     7.3970      
# span 19 =    26.2975,    27.8633      
# span 20 =    26.3078,    27.8772      
# span 21 =    5.89023,    7.23041      
# span 22 =    6.03746,    7.30603      
# span 23 =          7,        181      
# span 24 = 0.0000e+00, 0.0000e+00      
# interval = decibars: 1                
# start_time = Jul 04 2013 01:12:23 [NMEA time, header]
# bad_flag = -9.990e-29
*END*
[from data line 1740]
     100148   4172.794    734.000     3.8928   3.270403     3.8928   3.271821      95.86     0.0129     2.7084     2.4127  1.9792429  1.1120893   48.54353  -46.77280    34.8999    34.9168     3.8389     3.8388    27.7234    27.7368    6.14083    6.26996         15 0.0000e+00
     100163   4173.429    733.000     3.8943   3.270506     3.8943   3.271920      69.66     0.0142     2.7071     2.4131  1.9788661  1.1115755   48.54352  -46.77280    34.9000    34.9169     3.8405     3.8404    27.7233    27.7367    6.12387    6.26505         16 0.0000e+00
     100181   4174.171    732.000     3.8957   3.270594     3.8960   3.272029      75.27     0.0090     2.7065     2.4129  1.9762501  1.1117182   48.54352  -46.77280    34.9002    34.9169     3.8419     3.8422    27.7233    27.7366    6.12608    6.26124         20 0.0000e+00
     100206   4175.224    731.000     3.8960   3.270581     3.8974   3.272118      95.33     0.0109     2.7069     2.4131  1.9762480  1.1117024   48.54352  -46.77280    34.9002    34.9170     3.8423     3.8436    27.7233    27.7365    6.14447    6.27209         31 0.0000e+00
     100239   4176.587    730.000     3.8957   3.270503     3.8983   3.272139      95.84     0.0170     2.7085     2.4143  1.9758418  1.1123543   48.54352  -46.77280    34.9001    34.9168     3.8420     3.8446    27.7233    27.7363    6.15361    6.27442         31 0.0000e+00
     100265   4177.681    729.000     3.8969   3.270557     3.8991   3.272165      95.88     0.0177     2.7100     2.4149  1.9768126  1.1123321   48.54340  -46.77276    34.9000    34.9167     3.8433     3.8455    27.7230    27.7361    6.15193    6.27095         23 0.0000e+00
     100285   4178.520    728.000     3.8992   3.270728     3.8996   3.272177      95.88     0.0175     2.7100     2.4150  1.9780200  1.1123321   48.54325  -46.77272    34.9001    34.9169     3.8457     3.8461    27.7228    27.7362    6.13778    6.26682         18 0.0000e+00
     100303   4179.269    727.000     3.9004   3.270789     3.9000   3.272162      95.89     0.0155     2.7099     2.4151  1.9780220  1.1123998   48.54352  -46.77280    34.9001    34.9169     3.8470     3.8465    27.7227    27.7361    6.14102    6.26487         18 0.0000e+00
     100322   4180.056    726.000     3.9010   3.270779     3.9004   3.272141      95.88     0.0152     2.7103     2.4150  1.9755402  1.1132407   48.54352  -46.77280    34.8999    34.9167     3.8476     3.8470    27.7225    27.7359    6.15082    6.26752         20 0.0000e+00
     100347   4181.095    725.000     3.9012   3.270758     3.9008   3.272128      56.06     0.0180     2.7112     2.4158  1.9760135  1.1132842   48.54352  -46.77280    34.8999    34.9166     3.8479     3.8475    27.7225    27.7358    6.15081    6.27919         32 0.0000e+00
     100380   4182.471    724.000     3.9014   3.270703     3.9010   3.272067      91.05     0.0099     2.7127     2.4171  1.9747207  1.1133380   48.54354  -46.77280    34.8996    34.9162     3.8482     3.8478    27.7222    27.7354    6.15838    6.27961         28 0.0000e+00
     100403   4183.404    723.000     3.9012   3.270636     3.9009   3.271999      96.04     0.0077     2.7134     2.4177  1.9748092  1.1134934   48.54354  -46.77280    34.8995    34.9160     3.8481     3.8478    27.7221    27.7353    6.15405    6.28150         19 0.0000e+00
     100420   4184.123    722.000     3.9007   3.270524     3.9005   3.271919      87.99     0.0089     2.7138     2.4184  1.9757929  1.1135530   48.54322  -46.77270    34.8992    34.9160     3.8477     3.8474    27.7219    27.7354    6.15755    6.29019         17 0.0000e+00
     100436   4184.801    721.000     3.8995   3.270335     3.8993   3.271730      79.37     0.0099     2.7146     2.4195  1.9763339  1.1135532   48.54319  -46.77269    34.8988    34.9156     3.8466     3.8463    27.7217    27.7351    6.16084    6.29768         16 0.0000e+00
     100454   4185.536    720.000     3.8983   3.270150     3.8978   3.271524      95.71     0.0111     2.7151     2.4208  1.9764148  1.1135532   48.54317  -46.77268    34.8984    34.9153     3.8454     3.8449    27.7216    27.7350    6.16426    6.30042         19 0.0000e+00
     100477   4186.487    719.000     3.8972   3.269989     3.8968   3.271352      95.87     0.0128     2.7169     2.4220  1.9771667  1.1135532   48.54321  -46.77270    34.8982    34.9148     3.8444     3.8440    27.7214    27.7348    6.17958    6.30048         28 0.0000e+00
     100507   4187.734    718.000     3.8964   3.269857     3.8949   3.271108      95.84     0.0180     2.7196     2.4239  1.9759320  1.1135532   48.54323  -46.77270    34.8980    34.9144     3.8437     3.8422    27.7214    27.7346    6.19060    6.30810         29 0.0000e+00
     100532   4188.779    717.000     3.8958   3.269718     3.8934   3.270902      95.88     0.0164     2.7219     2.4252  1.9748526  1.1134934   48.54323  -46.77270    34.8976    34.9141     3.8431     3.8408    27.7211    27.7345    6.19634    6.31055         21 0.0000e+00
     100551   4189.563    716.000     3.8917   3.269266     3.8904   3.270568      95.87     0.0161     2.7239     2.4264  1.9747659  1.1135532   48.54322  -46.77270    34.8970    34.9138     3.8392     3.8379    27.7210    27.7346    6.20166    6.32212         18 0.0000e+00
     100567   4190.264    715.000     3.8860   3.268630     3.8864   3.270095      90.36     0.0196     2.7247     2.4280  1.9743627  1.1135532   48.54322  -46.77270    34.8960    34.9130     3.8336     3.8339    27.7208    27.7344    6.20316    6.33332         16 0.0000e+00
     100584   4190.959    714.000     3.8804   3.267974     3.8801   3.269387      76.44     0.0197     2.7270     2.4297  1.9743589  1.1135532   48.54322  -46.77270    34.8946    34.9118     3.8282     3.8277    27.7203    27.7340    6.21244    6.33988         17 0.0000e+00
     100602   4191.717    713.000     3.8705   3.266915     3.8719   3.268474      94.72     0.0168     2.7285     2.4315  1.9743589  1.1129525   48.54322  -46.77270    34.8931    34.9101     3.8184     3.8198    27.7201    27.7335    6.21195    6.34856         20 0.0000e+00
     100623   4192.588    712.000     3.8625   3.266047     3.8648   3.267687      95.78     0.0144     2.7298     2.4339  1.9744134  1.1123434   48.54321  -46.77270    34.8919    34.9088     3.8104     3.8128    27.7199    27.7332    6.21733    6.35394         22 0.0000e+00
     100647   4193.584    711.000     3.8577   3.265518     3.8588   3.267049      95.86     0.0115     2.7320     2.4358  1.9744078  1.1118432   48.54320  -46.77270    34.8910    34.9083     3.8059     3.8069    27.7197    27.7334    6.23596    6.35398         25 0.0000e+00
     100673   4194.648    710.000     3.8475   3.264457     3.8460   3.265671      95.86     0.0097     2.7352     2.4378  1.9743588  1.1111097   48.54320  -46.77270    34.8899    34.9059     3.7958     3.7942    27.7198    27.7327    6.24387    6.36067         26 0.0000e+00
     100697   4195.667    709.000     3.8427   3.263840     3.8354   3.264505      95.87     0.0092     2.7376     2.4396  1.9743589  1.1111112   48.54320  -46.77269    34.8882    34.9038     3.7910     3.7837    27.7190    27.7322    6.24171    6.36843         23 0.0000e+00
     100721   4196.663    708.000     3.8342   3.262874     3.8319   3.264069      83.32     0.0086     2.7393     2.4416  1.9744076  1.1111112   48.54320  -46.77268    34.8863    34.9029     3.7826     3.7804    27.7183    27.7318    6.24090    6.37242         25 0.0000e+00
     100746   4197.695    707.000     3.8292   3.262316     3.8297   3.263800      92.53     0.0082     2.7406     2.4429  1.9743586  1.1104450   48.54320  -46.77268    34.8854    34.9026     3.7778     3.7782    27.7181    27.7317    6.23962    6.36725         24 0.0000e+00
     100768   4198.644    706.000     3.8256   3.261889     3.8271   3.263469      95.92     0.0132     2.7415     2.4439  1.9741809  1.1098788   48.54320  -46.77268    34.8847    34.9019     3.7742     3.7757    27.7179    27.7315    6.24340    6.36732         21 0.0000e+00
     100787   4199.416    705.000     3.8240   3.261659     3.8243   3.263122      95.85     0.0179     2.7423     2.4444  1.9739281  1.1096748   48.54320  -46.77268    34.8842    34.9013     3.7728     3.7730    27.7177    27.7313    6.24613    6.36760         17 0.0000e+00
     100803   4200.080    704.000     3.8234   3.261547     3.8231   3.262959      95.85     0.0140     2.7431     2.4451  1.9712783  1.1083498   48.54320  -46.77268    34.8840    34.9011     3.7722     3.7719    27.7176    27.7312    6.24840    6.36823         15 0.0000e+00
     100818   4200.714    703.000     3.8227   3.261426     3.8221   3.262806      95.86     0.0124     2.7439     2.4453  1.9715942  1.1081793   48.54319  -46.77268    34.8839    34.9009     3.7716     3.7710    27.7175    27.7311    6.25063    6.36967         15 0.0000e+00
     100834   4201.391    702.000     3.8218   3.261293     3.8213   3.262676      95.85     0.0125     2.7448     2.4462  1.9709715  1.1083289   48.54318  -46.77268    34.8838    34.9007     3.7708     3.7703    27.7175    27.7310    6.25232    6.37492         18 0.0000e+00
     100855   4202.256    701.000     3.8209   3.261158     3.8206   3.262547      95.86     0.0121     2.7461     2.4472  1.9696283  1.1074364   48.54318  -46.77268    34.8836    34.9005     3.7700     3.7696    27.7175    27.7309    6.25432    6.38409         25 0.0000e+00
     100886   4203.521    700.000     3.8205   3.261084     3.8201   3.262458      84.07     0.0125     2.7475     2.4491  1.9694765  1.1069667   48.54318  -46.77268    34.8837    34.9005     3.7696     3.7692    27.7176    27.7310    6.26325    6.38518         35 0.0000e+00
     100918   4204.891    699.000     3.8203   3.261010     3.8189   3.262295      96.18     0.0137     2.7494     2.4506  1.9694749  1.1062067   48.54318  -46.77268    34.8836    34.9003     3.7695     3.7681    27.7175    27.7310    6.25595    6.38771         28 0.0000e+00
     100942   4205.860    698.000     3.8181   3.260737     3.8174   3.262089      95.85     0.0113     2.7501     2.4515  1.9676932  1.1058313   48.54318  -46.77268    34.8832    34.8999     3.7674     3.7667    27.7174    27.7308    6.25511    6.38311         19 0.0000e+00
     100959   4206.582    697.000     3.8165   3.260505     3.8166   3.261938      95.85     0.0167     2.7501     2.4517  1.9673275  1.1052973   48.54318  -46.77268    34.8826    34.8996     3.7659     3.7659    27.7171    27.7306    6.25246    6.38051         16 0.0000e+00
     100974   4207.207    696.000     3.8167   3.260480     3.8167   3.261891      95.86     0.0164     2.7504     2.4522  1.9668715  1.1054128   48.54318  -46.77268    34.8826    34.8994     3.7662     3.7661    27.7171    27.7305    6.25674    6.38380         15 0.0000e+00
     100988   4207.784    695.000     3.8165   3.260405     3.8161   3.261796      95.80     0.0144     2.7506     2.4522  1.9679581  1.1050113   48.54318  -46.77268    34.8825    34.8994     3.7660     3.7657    27.7170    27.7305    6.25550    6.38706         13 0.0000e+00
     101001   4208.352    694.000     3.8152   3.260235     3.8147   3.261607      95.86     0.0135     2.7518     2.4530  1.9682529  1.1050061   48.54318  -46.77268    34.8823    34.8992     3.7649     3.7643    27.7170    27.7305    6.25297    6.38677         14 0.0000e+00
     101016   4208.965    693.000     3.8153   3.260192     3.8150   3.261596      86.27     0.0135     2.7505     2.4533  1.9682540  1.1050061   48.54318  -46.77268    34.8822    34.8993     3.7651     3.7647    27.7169    27.7305    6.24469    6.38117         16 0.0000e+00
     101034   4209.717    692.000     3.8163   3.260261     3.8170   3.261745      83.52     0.0115     2.7512     2.4533  1.9663620  1.1050061   48.54318  -46.77268    34.8826    34.8994     3.7661     3.7668    27.7170    27.7304    6.24782    6.37287         21 0.0000e+00
     101063   4210.918    691.000     3.8173   3.260333     3.8202   3.262016      95.84     0.0124     2.7513     2.4529  1.9649031  1.1050061   48.54340  -46.77274    34.8829    34.8998     3.7671     3.7700    27.7172    27.7304    6.25395    6.36876         35 0.0000e+00
     101093   4212.178    690.000     3.8199   3.260548     3.8214   3.262091      95.81     0.0111     2.7517     2.4527  1.9645826  1.1050061   48.54353  -46.77278    34.8831    34.8999     3.7699     3.7713    27.7171    27.7303    6.25138    6.37386         24 0.0000e+00
     101115   4213.073    689.000     3.8228   3.260774     3.8237   3.262276      95.73     0.0118     2.7524     2.4529  1.9645909  1.1050061   48.54352  -46.77278    34.8833    34.9002     3.7728     3.7737    27.7169    27.7303    6.25513    6.37651         20 0.0000e+00
     101133   4213.840    688.000     3.8244   3.260894     3.8241   3.262277      95.76     0.0115     2.7527     2.4534  1.9645909  1.1046731   48.54333  -46.77272    34.8836    34.9003     3.7745     3.7741    27.7170    27.7304    6.25178    6.38179         18 0.0000e+00
     101151   4214.567    687.000     3.8247   3.260882     3.8240   3.262225      95.82     0.0098     2.7531     2.4540  1.9645909  1.1047878   48.54320  -46.77268    34.8837    34.9004     3.7748     3.7788    27.7170    27.7304    6.25343    6.37951         17 0.0000e+00
     101168   4215.300    686.000     3.8248   3.260852     3.8237   3.262155      80.10     0.0111     2.7531     2.4540  1.9645241  1.1048024   48.54318  -46.77268    34.8837    34.9003     3.7750     3.7740    27.7170    27.7304    6.25005    6.37250         18 0.0000e+00
     101187   4216.101    685.000     3.8249   3.260819     3.8242   3.262168      88.12     0.0139     2.7534     2.4540  1.9611869  1.1049445   48.54318  -46.77268    34.8837    34.9005     3.7752     3.7745    27.7170    27.7305    6.25716    6.36999         20 0.0000e+00
     101208   4216.973    684.000     3.8247   3.260752     3.8244   3.262130      95.75     0.0169     2.7545     2.4540  1.9617009  1.1050056   48.54343  -46.77275    34.8837    34.9004     3.7751     3.7747    27.7170    27.7304    6.25179    6.36954         22 0.0000e+00
     101230   4217.887    683.000     3.8240   3.260632     3.8239   3.262032      95.85     0.0159     2.7539     2.4540  1.9625843  1.1050061   48.54352  -46.77278    34.8835    34.9003     3.7744     3.7743    27.7170    27.7303    6.25237    6.37107         22 0.0000e+00
     101253   4218.815    682.000     3.8237   3.260557     3.8233   3.261935      95.86     0.0174     2.7550     2.4542  1.9633726  1.1050061   48.54333  -46.77272    34.8835    34.9002     3.7742     3.7739    27.7169    27.7303    6.25312    6.37086         22 0.0000e+00
     101275   4219.732    681.000     3.8245   3.260598     3.8246   3.262022      95.85     0.0159     2.7547     2.4541  1.9625905  1.1050061   48.54333  -46.77272    34.8837    34.9004     3.7751     3.7751    27.7170    27.7304    6.24613    6.36489         22 0.0000e+00
     101295   4220.585    680.000     3.8274   3.260836     3.8275   3.262245      95.86     0.0157     2.7547     2.4539  1.9618906  1.1050061   48.54352  -46.77278    34.8839    34.9005     3.7781     3.7782    27.7168    27.7301    6.24945    6.36675         19 0.0000e+00
     101314   4221.389    679.000     3.8300   3.261054     3.8306   3.262512      83.53     0.0159     2.7549     2.4541  1.9619572  1.1050061   48.54352  -46.77278    34.8843    34.9010     3.7807     3.7813    27.7169    27.7302    6.24882    6.37129         19 0.0000e+00
     101333   4222.179    678.000     3.8319   3.261206     3.8320   3.262618      82.30     0.0182     2.7552     2.4547  1.9628696  1.1050061   48.54352  -46.77278    34.8845    34.9012     3.7827     3.7828    27.7169    27.7302    6.24949    6.37359         19 0.0000e+00
