data/CTD/2013/CNV/U021A013.CNV
* Sea-Bird SBE 9 Data File:
* FileName = C:\CTD_ACQUISITION\2013021HUD\ctddata\021A013.hdr
* Software Version Seasave V 7.22.2
* Temperature SN = 5081
* Conductivity SN = 3561
* Number of Bytes Per Scan = 37
* Number of Voltage Words = 4
* Number of Scans Averaged by the Deck Unit = 1
* NMEA Latitude = 46 59.97 N
* NMEA Longitude = 047 10.01 W
* NMEA UTC (Time) = Jul 01 2013 21:27:00
* NMEA baud rate = 9600
** Ship: Hudson
** Cruise: HUD2013021
** Chief_Scientist: Greenan
** Organization: BIO
** Area_of_Operation: Sackville Spur
** Station: 13
** Sounding:  878
** Event_Comments: FC16  393113
# nquan = 25
# nvalues = 864                         
# units = specified
# name 0 = scan: Scan Count
# name 1 = timeS: Time, Elapsed [seconds]
# name 2 = prDM: Pressure, Digiquartz [db]
# name 3 = t068C: Temperature [ITS-68, deg C]
# name 4 = c0S/m: Conductivity [S/m]
# name 5 = t168C: Temperature, 2 [ITS-68, deg C]
# name 6 = c1S/m: Conductivity, 2 [S/m]
# name 7 = altM: Altimeter [m]
# name 8 = flCUVA: Fluorescence, Chelsea UV Aquatracka [ug/l]
# name 9 = sbeox0V: Oxygen raw, SBE 43 [V]
# name 10 = sbeox1V: Oxygen raw, SBE 43, 2 [V]
# name 11 = upoly0: Upoly 0, Optode 4330F - O2 D-Phase
# name 12 = upoly1: Upoly 1, Optode 4330F - O2 Temp
# name 13 = latitude: Latitude [deg]
# name 14 = longitude: Longitude [deg]
# name 15 = sal00: Salinity, Practical [PSU]
# name 16 = sal11: Salinity, Practical, 2 [PSU]
# name 17 = potemp068C: Potential Temperature [ITS-68, deg C]
# name 18 = potemp168C: Potential Temperature, 2 [ITS-68, deg C]
# name 19 = sigma-é00: Density [sigma-theta, Kg/m^3]
# name 20 = sigma-é11: Density, 2 [sigma-theta, Kg/m^3]
# name 21 = sbeox0ML/L: Oxygen, SBE 43 [ml/l], WS = 2
# name 22 = sbeox1ML/L: Oxygen, SBE 43, 2 [ml/l], WS = 2
# name 23 = nbin: number of scans per bin
# name 24 = flag: flag
# span 0 =      41430,      63418       
# span 1 =   1726.193,   2642.368       
# span 2 =      1.000,    864.000       
# span 3 =     0.0697,     6.5020       
# span 4 =   2.777774,   3.283664       
# span 5 =     0.0656,     6.4975       
# span 6 =   2.777230,   3.284946       
# span 7 =       3.80,     102.49       
# span 8 =     0.0079,     0.2043       
# span 9 =     2.6369,     3.4164       
# span 10 =     2.3721,     3.0710      
# span 11 =  1.7203447,  2.0500419      
# span 12 =  0.6495727,  1.4285580      
# span 13 =   46.99875,   46.99930      
# span 14 =  -47.16780,  -47.16700      
# span 15 =    31.2119,    34.8991      
# span 16 =    31.2038,    34.9146      
# span 17 =     0.0678,     6.5016      
# span 18 =     0.0637,     6.4970      
# span 19 =    24.5007,    27.7144      
# span 20 =    24.4949,    27.7268      
# span 21 =    5.96947,    8.17463      
# span 22 =    5.79109,    8.35114      
# span 23 =         11,        469      
# span 24 = 0.0000e+00, 0.0000e+00      
# interval = decibars: 1                
# start_time = Jul 01 2013 21:27:00 [NMEA time, header]
# bad_flag = -9.990e-29
*END*
[from data line 348]
      50412   2100.441    516.000     4.0779   3.273460     4.0779   3.274730      97.04     0.0143     2.7725     2.4787  1.9580089  1.1346508   46.99906  -47.16778    34.8546    34.8696     4.0401     4.0401    27.6664    27.6784    6.13269    6.27525         18 0.0000e+00
      50429   2101.168    515.000     4.0778   3.273382     4.0774   3.274614      88.49     0.0150     2.7728     2.4790  1.9568317  1.1355329   46.99906  -47.16778    34.8543    34.8693     4.0401     4.0397    27.6662    27.6782    6.12965    6.27936         17 0.0000e+00
      50447   2101.922    514.000     4.0774   3.273280     4.0764   3.274464      92.40     0.0166     2.7730     2.4796  1.9561030  1.1355312   46.99906  -47.16778    34.8541    34.8691     4.0397     4.0388    27.6661    27.6781    6.13411    6.27766         19 0.0000e+00
      50467   2102.741    513.000     4.0768   3.273168     4.0751   3.274289      97.02     0.0166     2.7739     2.4795  1.9580584  1.1355312   46.99906  -47.16778    34.8539    34.8689     4.0393     4.0376    27.6659    27.6781    6.13005    6.27239         21 0.0000e+00
      50499   2104.092    512.000     4.0758   3.273018     4.0735   3.274061      97.03     0.0153     2.7735     2.4801  1.9578649  1.1355312   46.99907  -47.16778    34.8537    34.8685     4.0384     4.0360    27.6659    27.6779    6.12454    6.27994         51 0.0000e+00
      50549   2106.165    511.000     4.0766   3.273062     4.0767   3.274373      97.01     0.0176     2.7734     2.4808  1.9557936  1.1354907   46.99908  -47.16778    34.8538    34.8694     4.0393     4.0393    27.6659    27.6783    6.12700    6.27377         33 0.0000e+00
      50572   2107.111    510.000     4.0747   3.272788     4.0711   3.273721      96.92     0.0171     2.7735     2.4807  1.9567710  1.1342795   46.99908  -47.16778    34.8532    34.8680     4.0374     4.0338    27.6656    27.6778    6.13075    6.27566         19 0.0000e+00
      50589   2107.830    509.000     4.0709   3.272237     4.0692   3.273340      97.05     0.0187     2.7746     2.4809  1.9558711  1.1343101   46.99908  -47.16779    34.8512    34.8661     4.0337     4.0320    27.6644    27.6764    6.13504    6.27590         16 0.0000e+00
      50604   2108.467    508.000     4.0693   3.271918     4.0646   3.272699      96.90     0.0198     2.7746     2.4808  1.9558810  1.1346400   46.99908  -47.16780    34.8496    34.8638     4.0322     4.0275    27.6633    27.6751    6.12946    6.27490         15 0.0000e+00
      50620   2109.105    507.000     4.0636   3.271218     4.0564   3.271717      53.76     0.0184     2.7744     2.4810  1.9560443  1.1352272   46.99908  -47.16780    34.8479    34.8615     4.0266     4.0194    27.6625    27.6741    6.13231    6.27561         16 0.0000e+00
      50636   2109.802    506.000     4.0584   3.270586     4.0536   3.271345      87.94     0.0140     2.7754     2.4809  1.9561108  1.1352594   46.99908  -47.16780    34.8464    34.8605     4.0215     4.0167    27.6619    27.6736    6.14245    6.27388         18 0.0000e+00
      50656   2110.638    505.000     4.0560   3.270255     4.0536   3.271279      96.71     0.0171     2.7760     2.4809  1.9558247  1.1347591   46.99908  -47.16780    34.8456    34.8602     4.0192     4.0168    27.6615    27.6734    6.14111    6.27269         22 0.0000e+00
      50681   2111.656    504.000     4.0550   3.270084     4.0530   3.271148      96.69     0.0158     2.7767     2.4808  1.9555044  1.1343145   46.99909  -47.16780    34.8452    34.8598     4.0183     4.0163    27.6612    27.6731    6.14082    6.27419         27 0.0000e+00
      50707   2112.748    503.000     4.0545   3.269962     4.0518   3.270944      97.04     0.0124     2.7773     2.4810  1.9573593  1.1339201   46.99910  -47.16780    34.8448    34.8593     4.0179     4.0151    27.6610    27.6728    6.13717    6.28223         25 0.0000e+00
      50731   2113.762    502.000     4.0519   3.269602     4.0463   3.270306      97.08     0.0109     2.7777     2.4822  1.9581736  1.1339033   46.99910  -47.16780    34.8438    34.8580     4.0153     4.0098    27.6605    27.6724    6.14043    6.29264         24 0.0000e+00
      50755   2114.759    501.000     4.0417   3.268484     4.0303   3.268595      97.08     0.0119     2.7783     2.4836  1.9571999  1.1333518   46.99910  -47.16780    34.8419    34.8553     4.0052     3.9938    27.6600    27.6719    6.14550    6.30359         25 0.0000e+00
      50783   2115.899    500.000     4.0319   3.267397     4.0141   3.266762      97.07     0.0157     2.7790     2.4852  1.9563513  1.1330929   46.99910  -47.16780    34.8399    34.8513     3.9956     3.9778    27.6594    27.6703    6.15109    6.30323         29 0.0000e+00
      50812   2117.142    499.000     4.0236   3.266494     4.0023   3.265485      43.95     0.0169     2.7806     2.4861  1.9584302  1.1330892   46.99910  -47.16780    34.8385    34.8491     3.9874     3.9662    27.6592    27.6698    6.15710    6.30474         29 0.0000e+00
      50838   2118.211    498.000     4.0021   3.264224     3.9931   3.264502      98.21     0.0178     2.7818     2.4869  1.9584879  1.1330892   46.99910  -47.16780    34.8350    34.8474     3.9660     3.9571    27.6586    27.6694    6.16579    6.30201         22 0.0000e+00
      50859   2119.064    497.000     3.9943   3.263210     3.9862   3.263705      97.02     0.0169     2.7823     2.4869  1.9587498  1.1318359   46.99910  -47.16780    34.8318    34.8461     3.9583     3.9503    27.6569    27.6691    6.16061    6.29908         19 0.0000e+00
      50876   2119.794    496.000     3.9882   3.262542     3.9824   3.263270      86.79     0.0152     2.7827     2.4869  1.9588454  1.1318681   46.99910  -47.16780    34.8308    34.8455     3.9523     3.9466    27.6567    27.6690    6.16292    6.30170         17 0.0000e+00
      50893   2120.486    495.000     3.9834   3.261996     3.9797   3.262948      91.49     0.0140     2.7834     2.4873  1.9578590  1.1310934   46.99910  -47.16780    34.8299    34.8451     3.9476     3.9439    27.6565    27.6689    6.16393    6.30663         17 0.0000e+00
      50910   2121.207    494.000     3.9792   3.261500     3.9731   3.262218      96.87     0.0095     2.7838     2.4879  1.9564271  1.1294761   46.99912  -47.16780    34.8290    34.8440     3.9435     3.9374    27.6561    27.6687    6.16727    6.30527         18 0.0000e+00
      50931   2122.063    493.000     3.9758   3.261057     3.9672   3.261542      97.03     0.0080     2.7844     2.4878  1.9561038  1.1294261   46.99912  -47.16780    34.8278    34.8427     3.9403     3.9316    27.6556    27.6683    6.16814    6.29845         23 0.0000e+00
      50959   2123.233    492.000     3.9714   3.260607     3.9664   3.261409      97.03     0.0106     2.7853     2.4877  1.9567375  1.1271288   46.99912  -47.16780    34.8277    34.8425     3.9360     3.9309    27.6559    27.6683    6.16954    6.30061         33 0.0000e+00
      50991   2124.585    491.000     3.9741   3.260871     3.9673   3.261456      97.03     0.0112     2.7857     2.4873  1.9562804  1.1266925   46.99912  -47.16780    34.8285    34.8426     3.9387     3.9319    27.6562    27.6682    6.16041    6.29024         30 0.0000e+00
      51020   2125.772    490.000     3.9696   3.260366     3.9681   3.261472      96.94     0.0153     2.7851     2.4869  1.9560854  1.1261141   46.99913  -47.16779    34.8278    34.8425     3.9343     3.9339    27.6562    27.6680    6.15483    6.29581         27 0.0000e+00
      51045   2126.814    489.000     3.9700   3.260262     3.9689   3.261429      97.02     0.0158     2.7846     2.4872  1.9555854  1.1258136   46.99913  -47.16779    34.8267    34.8417     3.9347     3.9337    27.6552    27.6673    6.14827    6.29834         24 0.0000e+00
      51067   2127.762    488.000     3.9712   3.260285     3.9719   3.261618      55.92     0.0163     2.7836     2.4872  1.9555998  1.1257637   46.99913  -47.16779    34.8262    34.8413     3.9360     3.9367    27.6547    27.6667    6.15291    6.29237         22 0.0000e+00
      51089   2128.665    487.000     3.9732   3.260397     3.9738   3.261747      97.09     0.0140     2.7844     2.4870  1.9555209  1.1257632   46.99913  -47.16779    34.8260    34.8413     3.9381     3.9387    27.6543    27.6665    6.15843    6.29014         21 0.0000e+00
      51110   2129.547    486.000     3.9748   3.260484     3.9751   3.261826      97.01     0.0167     2.7842     2.4871  1.9554037  1.1257632   46.99912  -47.16780    34.8258    34.8414     3.9398     3.9401    27.6540    27.6664    6.15401    6.29649         21 0.0000e+00
      51131   2130.413    485.000     3.9730   3.260281     3.9739   3.261644      97.03     0.0143     2.7844     2.4876  1.9555202  1.1257632   46.99912  -47.16780    34.8259    34.8410     3.9380     3.9389    27.6542    27.6662    6.15272    6.30173         21 0.0000e+00
      51151   2131.264    484.000     3.9655   3.259372     3.9619   3.260319      97.02     0.0148     2.7841     2.4882  1.9554946  1.1255208   46.99914  -47.16778    34.8236    34.8385     3.9306     3.9270    27.6532    27.6654    6.15294    6.30135         20 0.0000e+00
      51171   2132.076    483.000     3.9547   3.258141     3.9512   3.259015      97.02     0.0138     2.7842     2.4884  1.9555295  1.1255063   46.99914  -47.16778    34.8209    34.8350     3.9200     3.9164    27.6522    27.6638    6.15366    6.30126         19 0.0000e+00
      51190   2132.863    482.000     3.9489   3.257397     3.9456   3.258329      97.02     0.0128     2.7842     2.4885  1.9560996  1.1246830   46.99914  -47.16778    34.8188    34.8333     3.9142     3.9109    27.6511    27.6630    6.15437    6.29786         19 0.0000e+00
      51210   2133.724    481.000     3.9453   3.256920     3.9440   3.258054      60.93     0.0114     2.7841     2.4885  1.9564062  1.1245459   46.99914  -47.16778    34.8174    34.8323     3.9108     3.9094    27.6503    27.6623    6.15682    6.29446         23 0.0000e+00
      51241   2134.994    480.000     3.9443   3.256752     3.9396   3.257484      89.91     0.0170     2.7844     2.4882  1.9579571  1.1228236   46.99915  -47.16778    34.8170    34.8307     3.9099     3.9051    27.6501    27.6615    6.15901    6.29355         39 0.0000e+00
      51278   2136.523    479.000     3.9491   3.257309     3.9366   3.257103      97.33     0.0170     2.7853     2.4875  1.9576817  1.1221060   46.99916  -47.16778    34.8192    34.8299     3.9147     3.9022    27.6514    27.6611    6.16463    6.29321         28 0.0000e+00
      51300   2137.440    478.000     3.9396   3.256197     3.9331   3.256664      97.02     0.0182     2.7859     2.4882  1.9557958  1.1221000   46.99916  -47.16778    34.8164    34.8289     3.9053     3.8988    27.6501    27.6607    6.16003    6.30370         20 0.0000e+00
      51318   2138.226    477.000     3.9291   3.254844     3.9271   3.255926      97.01     0.0153     2.7856     2.4885  1.9560429  1.1221001   46.99916  -47.16778    34.8121    34.8270     3.8949     3.8930    27.6477    27.6598    6.15916    6.30007         18 0.0000e+00
      51339   2139.063    476.000     3.9243   3.254261     3.9245   3.255568      97.01     0.0172     2.7859     2.4884  1.9560440  1.1209347   46.99916  -47.16778    34.8107    34.8260     3.8902     3.8904    27.6471    27.6593    6.15699    6.29320         22 0.0000e+00
      51364   2140.115    475.000     3.9208   3.253819     3.9204   3.255081      61.11     0.0207     2.7856     2.4879  1.9564193  1.1207962   46.99916  -47.16778    34.8098    34.8251     3.8868     3.8864    27.6467    27.6590    6.16368    6.29177         29 0.0000e+00
      51391   2141.256    474.000     3.9204   3.253718     3.9188   3.254832      97.88     0.0216     2.7866     2.4882  1.9557739  1.1196301   46.99916  -47.16778    34.8094    34.8245     3.8865     3.8848    27.6465    27.6586    6.16931    6.30139         24 0.0000e+00
      51413   2142.174    473.000     3.9199   3.253612     3.9184   3.254727      97.01     0.0196     2.7868     2.4885  1.9558629  1.1196581   46.99916  -47.16778    34.8092    34.8241     3.8861     3.8846    27.6464    27.6584    6.16352    6.30544         20 0.0000e+00
      51432   2142.966    472.000     3.9189   3.253424     3.9183   3.254659      97.01     0.0182     2.7873     2.4895  1.9563698  1.1196581   46.99916  -47.16778    34.8087    34.8239     3.8851     3.8846    27.6460    27.6582    6.16240    6.30856         19 0.0000e+00
      51452   2143.781    471.000     3.9187   3.253323     3.9184   3.254603      97.01     0.0190     2.7870     2.4900  1.9566793  1.1196581   46.99917  -47.16778    34.8082    34.8237     3.8850     3.8847    27.6457    27.6580    6.15716    6.30661         21 0.0000e+00
      51475   2144.732    470.000     3.9185   3.253224     3.9184   3.254529      97.00     0.0166     2.7866     2.4904  1.9576371  1.1191312   46.99917  -47.16778    34.8078    34.8234     3.8849     3.8848    27.6453    27.6578    6.15444    6.30335         25 0.0000e+00
      51501   2145.815    469.000     3.9177   3.253076     3.9179   3.254405      80.70     0.0192     2.7867     2.4906  1.9584879  1.1189063   46.99917  -47.16777    34.8074    34.8230     3.8842     3.8843    27.6451    27.6575    6.15779    6.29720         26 0.0000e+00
      51528   2146.947    468.000     3.9171   3.252961     3.9158   3.254103      74.15     0.0196     2.7868     2.4903  1.9568144  1.1184771   46.99918  -47.16776    34.8072    34.8221     3.8836     3.8824    27.6450    27.6570    6.15982    6.29612         28 0.0000e+00
      51554   2148.053    467.000     3.9162   3.252779     3.9143   3.253837      97.24     0.0171     2.7869     2.4900  1.9559865  1.1184367   46.99918  -47.16776    34.8065    34.8211     3.8828     3.8809    27.6445    27.6563    6.15881    6.29128         25 0.0000e+00
      51578   2149.022    466.000     3.9149   3.252555     3.9140   3.253731      97.02     0.0178     2.7873     2.4901  1.9583228  1.1184372   46.99918  -47.16776    34.8057    34.8207     3.8816     3.8806    27.6440    27.6561    6.16262    6.30090         22 0.0000e+00
      51599   2149.909    465.000     3.9138   3.252369     3.9136   3.253635      97.01     0.0163     2.7878     2.4904  1.9584846  1.1184372   46.99918  -47.16776    34.8052    34.8205     3.8806     3.8803    27.6437    27.6559    6.17102    6.30176         21 0.0000e+00
      51620   2150.790    464.000     3.9130   3.252215     3.9127   3.253500      97.03     0.0180     2.7889     2.4908  1.9584860  1.1179152   46.99918  -47.16776    34.8048    34.8203     3.8798     3.8796    27.6435    27.6559    6.17348    6.30607         21 0.0000e+00
      51642   2151.702    463.000     3.9092   3.251778     3.9109   3.253236      97.01     0.0205     2.7902     2.4918  1.9584860  1.1176428   46.99918  -47.16776    34.8042    34.8197     3.8761     3.8778    27.6433    27.6555    6.17562    6.30720         23 0.0000e+00
      51666   2152.729    462.000     3.9051   3.251255     3.9047   3.252552      58.04     0.0208     2.7904     2.4920  1.9584416  1.1174463   46.99918  -47.16776    34.8029    34.8187     3.8721     3.8717    27.6427    27.6554    6.17130    6.30067         27 0.0000e+00
      51693   2153.839    461.000     3.8992   3.250562     3.8980   3.251759      96.68     0.0187     2.7912     2.4919  1.9584862  1.1172149   46.99918  -47.16776    34.8013    34.8168     3.8663     3.8651    27.6421    27.6546    6.17617    6.30133         25 0.0000e+00
      51717   2154.821    460.000     3.8940   3.249953     3.8919   3.251045      96.97     0.0156     2.7921     2.4923  1.9568059  1.1170481   46.99918  -47.16776    34.8001    34.8154     3.8612     3.8591    27.6417    27.6540    6.17432    6.30917         22 0.0000e+00
