data/CTD/2013/CNV/U021A016.CNV
* Sea-Bird SBE 9 Data File:
* FileName = C:\CTD_ACQUISITION\2013021HUD\ctddata\021A016.hdr
* Software Version Seasave V 7.22.2
* Temperature SN = 5081
* Conductivity SN = 3561
* Number of Bytes Per Scan = 37
* Number of Voltage Words = 4
* Number of Scans Averaged by the Deck Unit = 1
* NMEA Latitude = 46 59.94 N
* NMEA Longitude = 046 54.47 W
* NMEA UTC (Time) = Jul 02 2013 01:17:23
* NMEA baud rate = 9600
** Ship: Hudson
** Cruise: HUD2013021
** Chief_Scientist: Greenan
** Organization: BIO
** Area_of_Operation: Sackville Spur
** Station: 16
** Sounding:  1195
** Event_Comments: FC17.5  393119
# nquan = 25
# nvalues = 1182                        
# units = specified
# name 0 = scan: Scan Count
# name 1 = timeS: Time, Elapsed [seconds]
# name 2 = prDM: Pressure, Digiquartz [db]
# name 3 = t068C: Temperature [ITS-68, deg C]
# name 4 = c0S/m: Conductivity [S/m]
# name 5 = t168C: Temperature, 2 [ITS-68, deg C]
# name 6 = c1S/m: Conductivity, 2 [S/m]
# name 7 = altM: Altimeter [m]
# name 8 = flCUVA: Fluorescence, Chelsea UV Aquatracka [ug/l]
# name 9 = sbeox0V: Oxygen raw, SBE 43 [V]
# name 10 = sbeox1V: Oxygen raw, SBE 43, 2 [V]
# name 11 = upoly0: Upoly 0, Optode 4330F - O2 D-Phase
# name 12 = upoly1: Upoly 1, Optode 4330F - O2 Temp
# name 13 = latitude: Latitude [deg]
# name 14 = longitude: Longitude [deg]
# name 15 = sal00: Salinity, Practical [PSU]
# name 16 = sal11: Salinity, Practical, 2 [PSU]
# name 17 = potemp068C: Potential Temperature [ITS-68, deg C]
# name 18 = potemp168C: Potential Temperature, 2 [ITS-68, deg C]
# name 19 = sigma-é00: Density [sigma-theta, Kg/m^3]
# name 20 = sigma-é11: Density, 2 [sigma-theta, Kg/m^3]
# name 21 = sbeox0ML/L: Oxygen, SBE 43 [ml/l], WS = 2
# name 22 = sbeox1ML/L: Oxygen, SBE 43, 2 [ml/l], WS = 2
# name 23 = nbin: number of scans per bin
# name 24 = flag: flag
# span 0 =      38252,      64793       
# span 1 =   1593.787,   2699.665       
# span 2 =      1.000,   1182.000       
# span 3 =     0.1774,     6.3040       
# span 4 =   2.793280,   3.293284       
# span 5 =     0.1601,     6.3012       
# span 6 =   2.793428,   3.294596       
# span 7 =       3.36,     120.18       
# span 8 =     0.0053,     0.1322       
# span 9 =     2.5112,     3.3877       
# span 10 =     2.2608,     3.0294      
# span 11 =  1.7251661,  2.0296264      
# span 12 =  0.6701570,  1.4064255      
# span 13 =   46.99602,   46.99680      
# span 14 =  -46.90906,  -46.90820      
# span 15 =    32.8062,    34.9118      
# span 16 =    32.8244,    34.9277      
# span 17 =     0.1756,     6.3039      
# span 18 =     0.1584,     6.3011      
# span 19 =    25.7855,    27.7509      
# span 20 =    25.7978,    27.7636      
# span 21 =    5.90519,    8.37035      
# span 22 =    6.10256,    8.45500      
# span 23 =         10,        481      
# span 24 = 0.0000e+00, 0.0000e+00      
# interval = decibars: 1                
# start_time = Jul 02 2013 01:17:23 [NMEA time, header]
# bad_flag = -9.990e-29
*END*
[from data line 58]
      39806   1658.559   1124.000     3.7517   3.275695     3.7512   3.276999      96.69     0.0180     2.5277     2.2706  2.0248268  1.0952381   46.99654  -46.90828    34.9113    34.9273     3.6670     3.6664    27.7499    27.7628    5.91654    6.13064         18 0.0000e+00
      39824   1659.299   1123.000     3.7519   3.275670     3.7513   3.276962      96.83     0.0208     2.5274     2.2710  2.0253599  1.0952381   46.99654  -46.90828    34.9113    34.9272     3.6673     3.6666    27.7499    27.7627    5.91707    6.12743         18 0.0000e+00
      39843   1660.077   1122.000     3.7519   3.275628     3.7514   3.276923      89.78     0.0183     2.5277     2.2712  2.0256386  1.0952381   46.99652  -46.90828    34.9113    34.9272     3.6674     3.6668    27.7499    27.7626    5.91887    6.12558         19 0.0000e+00
      39862   1660.883   1121.000     3.7520   3.275588     3.7515   3.276880      17.99     0.0188     2.5277     2.2714  2.0255809  1.0952381   46.99652  -46.90828    34.9112    34.9271     3.6676     3.6670    27.7498    27.7625    5.91936    6.12271         20 0.0000e+00
      39882   1661.711   1120.000     3.7521   3.275551     3.7516   3.276842      94.24     0.0207     2.5281     2.2713  2.0252216  1.0952381   46.99652  -46.90827    34.9112    34.9271     3.6677     3.6671    27.7498    27.7625    5.92496    6.11907         20 0.0000e+00
      39902   1662.561   1119.000     3.7522   3.275510     3.7517   3.276806      41.73     0.0201     2.5288     2.2713  2.0255182  1.0952381   46.99652  -46.90826    34.9111    34.9270     3.6679     3.6674    27.7497    27.7624    5.93105    6.12261         20 0.0000e+00
      39923   1663.431   1118.000     3.7523   3.275473     3.7518   3.276776      82.97     0.0224     2.5297     2.2718  2.0248749  1.0952381   46.99652  -46.90826    34.9111    34.9270     3.6681     3.6676    27.7497    27.7624    5.92609    6.13140         21 0.0000e+00
      39944   1664.311   1117.000     3.7524   3.275443     3.7520   3.276753      91.42     0.0228     2.5294     2.2723  2.0244210  1.0952381   46.99650  -46.90826    34.9111    34.9270     3.6683     3.6679    27.7497    27.7624    5.92925    6.13656         22 0.0000e+00
      39966   1665.214   1116.000     3.7525   3.275420     3.7522   3.276726      72.38     0.0170     2.5310     2.2736  2.0250206  1.0952381   46.99650  -46.90826    34.9112    34.9270     3.6685     3.6682    27.7497    27.7624    5.94270    6.14841         22 0.0000e+00
      39989   1666.170   1115.000     3.7528   3.275382     3.7524   3.276682      60.50     0.0141     2.5319     2.2749  2.0255363  1.0952381   46.99650  -46.90826    34.9110    34.9269     3.6688     3.6684    27.7496    27.7622    5.93728    6.14957         23 0.0000e+00
      40012   1667.130   1114.000     3.7531   3.275359     3.7528   3.276666      97.84     0.0122     2.5328     2.2761  2.0251305  1.0952381   46.99650  -46.90825    34.9109    34.9267     3.6693     3.6689    27.7494    27.7620    5.93671    6.14849         22 0.0000e+00
      40032   1667.961   1113.000     3.7540   3.275384     3.7543   3.276743      96.82     0.0108     2.5331     2.2767  2.0244000  1.0952381   46.99648  -46.90824    34.9107    34.9266     3.6702     3.6704    27.7492    27.7618    5.94698    6.14903         18 0.0000e+00
      40049   1668.661   1112.000     3.7556   3.275461     3.7564   3.276863      25.33     0.0055     2.5349     2.2776  2.0244200  1.0952381   46.99648  -46.90824    34.9105    34.9263     3.6719     3.6726    27.7488    27.7613    5.95765    6.15133         16 0.0000e+00
      40064   1669.292   1111.000     3.7588   3.275665     3.7597   3.277080      78.57     0.0060     2.5355     2.2782  2.0245829  1.0952381   46.99648  -46.90824    34.9100    34.9258     3.6751     3.6760    27.7481    27.7606    5.95152    6.14816         15 0.0000e+00
      40079   1669.904   1110.000     3.7615   3.275839     3.7618   3.277208      97.04     0.0078     2.5365     2.2786  2.0245061  1.0952381   46.99648  -46.90824    34.9098    34.9256     3.6778     3.6781    27.7477    27.7603    5.94494    6.14881         14 0.0000e+00
      40093   1670.515   1109.000     3.7636   3.275960     3.7643   3.277364      96.75     0.0078     2.5368     2.2789  2.0245848  1.0952381   46.99648  -46.90824    34.9094    34.9254     3.6801     3.6807    27.7471    27.7598    5.93949    6.15122         15 0.0000e+00
      40109   1671.148   1108.000     3.7667   3.276151     3.7687   3.277679      88.15     0.0091     2.5371     2.2798  2.0241134  1.0952381   46.99648  -46.90824    34.9089    34.9250     3.6832     3.6851    27.7464    27.7591    5.94081    6.15460         16 0.0000e+00
      40125   1671.821   1107.000     3.7706   3.276461     3.7737   3.278034      23.66     0.0095     2.5374     2.2804  2.0232158  1.0952381   46.99647  -46.90824    34.9091    34.9244     3.6871     3.6902    27.7461    27.7580    5.94814    6.15402         17 0.0000e+00
      40143   1672.576   1106.000     3.7742   3.276721     3.7764   3.278221      94.30     0.0113     2.5384     2.2812  2.0231991  1.0952381   46.99646  -46.90824    34.9088    34.9242     3.6908     3.6930    27.7455    27.7576    5.95188    6.15639         20 0.0000e+00
      40168   1673.620   1105.000     3.7729   3.276563     3.7780   3.278308      95.28     0.0115     2.5397     2.2822  2.0231991  1.0961457   46.99646  -46.90823    34.9088    34.9241     3.6896     3.6946    27.7457    27.7574    5.95927    6.15931         34 0.0000e+00
      40208   1675.293   1104.000     3.7694   3.276232     3.7707   3.277678      53.21     0.0087     2.5423     2.2845  2.0231197  1.0964816   46.99646  -46.90822    34.9091    34.9250     3.6862     3.6896    27.7463    27.7589    5.96804    6.17354         34 0.0000e+00
      40231   1676.234   1103.000     3.7681   3.276093     3.7735   3.277838      97.02     0.0053     2.5437     2.2855  2.0231993  1.0964592   46.99646  -46.90822    34.9093    34.9243     3.6850     3.6903    27.7466    27.7580    5.96924    6.17000         18 0.0000e+00
      40248   1676.964   1102.000     3.7759   3.276662     3.7842   3.278652      96.84     0.0102     2.5446     2.2863  2.0231266  1.0964592   46.99644  -46.90822    34.9083    34.9232     3.6928     3.7010    27.7450    27.7560    5.96755    6.17368         17 0.0000e+00
      40266   1677.723   1101.000     3.7859   3.277424     3.7894   3.279048      26.50     0.0126     2.5453     2.2874  2.0221689  1.0964592   46.99644  -46.90822    34.9073    34.9229     3.7029     3.7063    27.7431    27.7552    5.96550    6.17611         20 0.0000e+00
      40288   1678.632   1100.000     3.7892   3.277658     3.7920   3.279229      95.85     0.0137     2.5462     2.2886  2.0223317  1.0964592   46.99644  -46.90822    34.9071    34.9228     3.7062     3.7089    27.7427    27.7549    5.96778    6.17167         24 0.0000e+00
      40315   1679.758   1099.000     3.7909   3.277763     3.7930   3.279259      32.56     0.0158     2.5477     2.2892  2.0200663  1.0975196   46.99643  -46.90822    34.9070    34.9226     3.7080     3.7100    27.7424    27.7546    5.97474    6.17083         29 0.0000e+00
      40341   1680.850   1098.000     3.7928   3.277851     3.7943   3.279320      97.80     0.0191     2.5493     2.2900  2.0197432  1.0976827   46.99642  -46.90822    34.9066    34.9224     3.7099     3.7114    27.7419    27.7543    5.97923    6.17160         23 0.0000e+00
      40364   1681.776   1097.000     3.7956   3.278030     3.7959   3.279407      96.84     0.0156     2.5503     2.2907  2.0207627  1.0988523   46.99642  -46.90822    34.9062    34.9223     3.7128     3.7130    27.7413    27.7541    5.97094    6.17122         22 0.0000e+00
      40385   1682.663   1096.000     3.7969   3.278108     3.7983   3.279571      30.62     0.0171     2.5504     2.2911  2.0208149  1.0989009   46.99642  -46.90822    34.9063    34.9222     3.7142     3.7155    27.7412    27.7537    5.96783    6.16866         21 0.0000e+00
      40408   1683.606   1095.000     3.7998   3.278328     3.8014   3.279800      95.44     0.0167     2.5513     2.2915  2.0198398  1.0988503   46.99642  -46.90822    34.9065    34.9221     3.7170     3.7187    27.7411    27.7533    5.97537    6.17210         24 0.0000e+00
      40431   1684.591   1094.000     3.8026   3.278504     3.8039   3.279954      96.85     0.0145     2.5523     2.2921  2.0194800  1.0989016   46.99641  -46.90821    34.9060    34.9218     3.7200     3.7213    27.7404    27.7528    5.96974    6.16665         23 0.0000e+00
      40454   1685.536   1093.000     3.8040   3.278589     3.8057   3.280068      41.58     0.0154     2.5521     2.2921  2.0183218  1.0992707   46.99640  -46.90820    34.9060    34.9217     3.7215     3.7231    27.7402    27.7526    5.97401    6.17205         23 0.0000e+00
      40477   1686.511   1092.000     3.8058   3.278699     3.8072   3.280155      86.87     0.0126     2.5537     2.2932  2.0180783  1.0995753   46.99640  -46.90820    34.9060    34.9217     3.7233     3.7247    27.7401    27.7524    5.98271    6.17960         25 0.0000e+00
      40504   1687.622   1091.000     3.8076   3.278800     3.8084   3.280205      96.81     0.0106     2.5550     2.2942  2.0175028  1.0999852   46.99640  -46.90820    34.9058    34.9216     3.7251     3.7259    27.7397    27.7522    5.98641    6.18250         27 0.0000e+00
      40530   1688.725   1090.000     3.8083   3.278803     3.8096   3.280250      37.86     0.0137     2.5554     2.2950  2.0172861  1.1001242   46.99639  -46.90820    34.9056    34.9213     3.7259     3.7273    27.7395    27.7518    5.97820    6.17737         25 0.0000e+00
      40554   1689.702   1089.000     3.8098   3.278878     3.8118   3.280373      96.33     0.0115     2.5566     2.2955  2.0159354  1.1001221   46.99638  -46.90820    34.9054    34.9210     3.7275     3.7295    27.7391    27.7513    5.98631    6.18005         23 0.0000e+00
      40576   1690.625   1088.000     3.8122   3.279026     3.8131   3.280459      96.80     0.0129     2.5572     2.2961  2.0158741  1.1001221   46.99638  -46.90820    34.9052    34.9211     3.7300     3.7309    27.7387    27.7513    5.98357    6.18295         22 0.0000e+00
      40598   1691.547   1087.000     3.8142   3.279146     3.8144   3.280512      40.76     0.0138     2.5581     2.2969  2.0160484  1.1010575   46.99638  -46.90820    34.9049    34.9209     3.7320     3.7322    27.7383    27.7510    5.98800    6.18667         21 0.0000e+00
      40620   1692.438   1086.000     3.8151   3.279192     3.8154   3.280541      64.82     0.0160     2.5590     2.2977  2.0155396  1.1013433   46.99638  -46.90820    34.9050    34.9208     3.7331     3.7333    27.7383    27.7508    5.99014    6.18595         22 0.0000e+00
      40640   1693.307   1085.000     3.8160   3.279226     3.8159   3.280554      63.76     0.0165     2.5596     2.2983  2.0145967  1.1013432   46.99636  -46.90820    34.9050    34.9208     3.7340     3.7339    27.7381    27.7507    5.98214    6.17982         20 0.0000e+00
      40662   1694.227   1084.000     3.8168   3.279243     3.8164   3.280548      62.61     0.0181     2.5596     2.2981  2.0134342  1.1013432   46.99636  -46.90820    34.9049    34.9207     3.7349     3.7344    27.7380    27.7507    5.98418    6.16806         24 0.0000e+00
      40691   1695.433   1083.000     3.8171   3.279229     3.8178   3.280623      90.12     0.0166     2.5605     2.2976  2.0134311  1.1013432   46.99636  -46.90820    34.9048    34.9206     3.7353     3.7360    27.7379    27.7504    5.98530    6.16885         35 0.0000e+00
      40725   1696.837   1082.000     3.8172   3.279183     3.8185   3.280633      41.80     0.0126     2.5611     2.2980  2.0134311  1.1013889   46.99635  -46.90820    34.9048    34.9205     3.7354     3.7367    27.7378    27.7503    5.98939    6.18163         28 0.0000e+00
      40748   1697.775   1081.000     3.8191   3.279294     3.8201   3.280715      97.01     0.0116     2.5619     2.2986  2.0134311  1.1025685   46.99634  -46.90820    34.9045    34.9203     3.7374     3.7384    27.7374    27.7499    5.99233    6.18056         20 0.0000e+00
      40766   1698.544   1080.000     3.8215   3.279452     3.8214   3.280782      96.78     0.0159     2.5627     2.2990  2.0134311  1.1025641   46.99634  -46.90820    34.9044    34.9203     3.7399     3.7434    27.7371    27.7498    5.99792    6.17589         17 0.0000e+00
      40784   1699.300   1079.000     3.8228   3.279532     3.8223   3.280832      65.95     0.0131     2.5633     2.2988  2.0128467  1.1025641   46.99634  -46.90820    34.9045    34.9203     3.7412     3.7407    27.7370    27.7497    5.99459    6.16927         19 0.0000e+00
      40803   1700.104   1078.000     3.8239   3.279583     3.8232   3.280874      51.68     0.0125     2.5638     2.2988  2.0119665  1.1025641   46.99634  -46.90820    34.9044    34.9204     3.7424     3.7417    27.7368    27.7497    5.99372    6.17981         20 0.0000e+00
      40825   1700.997   1077.000     3.8247   3.279618     3.8243   3.280928      96.65     0.0132     2.5644     2.2998  2.0123150  1.1025641   46.99634  -46.90820    34.9045    34.9205     3.7434     3.7429    27.7368    27.7496    5.98667    6.18291         23 0.0000e+00
      40850   1702.053   1076.000     3.8248   3.279596     3.8254   3.280982      77.22     0.0098     2.5646     2.3002  2.0124586  1.1025641   46.99633  -46.90820    34.9046    34.9204     3.7435     3.7441    27.7369    27.7494    5.99454    6.18413         29 0.0000e+00
      40886   1703.545   1075.000     3.8240   3.279473     3.8272   3.281064      74.63     0.0099     2.5660     2.3017  2.0107474  1.1025641   46.99632  -46.90820    34.9045    34.9200     3.7428     3.7459    27.7369    27.7489    6.00009    6.19554         41 0.0000e+00
      40921   1705.012   1074.000     3.8242   3.279442     3.8282   3.281100      85.42     0.0106     2.5668     2.3033  2.0097904  1.1025641   46.99632  -46.90821    34.9044    34.9199     3.7431     3.7470    27.7368    27.7487    5.99563    6.19633         28 0.0000e+00
      40946   1706.032   1073.000     3.8288   3.279761     3.8306   3.281275      42.94     0.0131     2.5672     2.3042  2.0101602  1.1025641   46.99630  -46.90822    34.9039    34.9199     3.7477     3.7495    27.7359    27.7485    5.99949    6.19542         22 0.0000e+00
      40968   1706.943   1072.000     3.8322   3.280025     3.8314   3.281303      97.13     0.0147     2.5682     2.3047  2.0099888  1.1025641   46.99630  -46.90822    34.9039    34.9199     3.7512     3.7504    27.7356    27.7484    5.99867    6.18976         22 0.0000e+00
      40988   1707.806   1071.000     3.8331   3.280059     3.8320   3.281305      96.82     0.0154     2.5680     2.3048  2.0098908  1.1029884   46.99630  -46.90822    34.9039    34.9198     3.7521     3.7511    27.7354    27.7482    5.99788    6.18652         20 0.0000e+00
      41007   1708.599   1070.000     3.8341   3.280092     3.8332   3.281355      30.51     0.0149     2.5688     2.3050  2.0098362  1.1030387   46.99630  -46.90822    34.9038    34.9197     3.7532     3.7523    27.7352    27.7480    6.00615    6.18542         18 0.0000e+00
      41025   1709.325   1069.000     3.8354   3.280168     3.8350   3.281473      78.02     0.0148     2.5699     2.3049  2.0097687  1.1031375   46.99630  -46.90822    34.9037    34.9197     3.7546     3.7541    27.7351    27.7478    6.00727    6.18241         17 0.0000e+00
      41042   1710.032   1068.000     3.8366   3.280234     3.8360   3.281512      71.96     0.0167     2.5701     2.3050  2.0096972  1.1034220   46.99630  -46.90822    34.9038    34.9196     3.7559     3.7552    27.7350    27.7476    6.00484    6.18311         17 0.0000e+00
