data/CTD/2013/CNV/U021A021.CNV
* Sea-Bird SBE 9 Data File:
* FileName = C:\CTD_ACQUISITION\2013021HUD\ctddata\021A021.hdr
* Software Version Seasave V 7.22.2
* Temperature SN = 5081
* Conductivity SN = 3561
* Number of Bytes Per Scan = 37
* Number of Voltage Words = 4
* Number of Scans Averaged by the Deck Unit = 1
* NMEA Latitude = 46 59.98 N
* NMEA Longitude = 046 29.00 W
* NMEA UTC (Time) = Jul 02 2013 07:03:49
* NMEA baud rate = 9600
** Ship: Hudson
** Cruise: HUD2013021
** Chief_Scientist: Greenan
** Organization: BIO
** Area_of_Operation: Sackville Spur
** Station: 21
** Sounding:  416
** Event_Comments: FC20  393129
# nquan = 25
# nvalues = 344                         
# units = specified
# name 0 = scan: Scan Count
# name 1 = timeS: Time, Elapsed [seconds]
# name 2 = prDM: Pressure, Digiquartz [db]
# name 3 = t068C: Temperature [ITS-68, deg C]
# name 4 = c0S/m: Conductivity [S/m]
# name 5 = t168C: Temperature, 2 [ITS-68, deg C]
# name 6 = c1S/m: Conductivity, 2 [S/m]
# name 7 = altM: Altimeter [m]
# name 8 = flCUVA: Fluorescence, Chelsea UV Aquatracka [ug/l]
# name 9 = sbeox0V: Oxygen raw, SBE 43 [V]
# name 10 = sbeox1V: Oxygen raw, SBE 43, 2 [V]
# name 11 = upoly0: Upoly 0, Optode 4330F - O2 D-Phase
# name 12 = upoly1: Upoly 1, Optode 4330F - O2 Temp
# name 13 = latitude: Latitude [deg]
# name 14 = longitude: Longitude [deg]
# name 15 = sal00: Salinity, Practical [PSU]
# name 16 = sal11: Salinity, Practical, 2 [PSU]
# name 17 = potemp068C: Potential Temperature [ITS-68, deg C]
# name 18 = potemp168C: Potential Temperature, 2 [ITS-68, deg C]
# name 19 = sigma-é00: Density [sigma-theta, Kg/m^3]
# name 20 = sigma-é11: Density, 2 [sigma-theta, Kg/m^3]
# name 21 = sbeox0ML/L: Oxygen, SBE 43 [ml/l], WS = 2
# name 22 = sbeox1ML/L: Oxygen, SBE 43, 2 [ml/l], WS = 2
# name 23 = nbin: number of scans per bin
# name 24 = flag: flag
# span 0 =      19679,      29572       
# span 1 =    819.904,   1232.122       
# span 2 =      1.000,    344.000       
# span 3 =     2.8546,     7.7345       
# span 4 =   3.100836,   3.471146       
# span 5 =     2.8434,     7.7380       
# span 6 =   3.101031,   3.471076       
# span 7 =       6.06,      98.38       
# span 8 =     0.0096,     0.3763       
# span 9 =     2.6318,     3.4087       
# span 10 =     2.3510,     3.0488      
# span 11 =  1.7202359,  2.0511892      
# span 12 =  0.9939462,  1.4700727      
# span 13 =   46.99968,   47.00040      
# span 14 =  -46.48386,  -46.48324      
# span 15 =    32.7753,    34.9479      
# span 16 =    32.7900,    34.9633      
# span 17 =     2.8491,     7.7319      
# span 18 =     2.8379,     7.7354      
# span 19 =    25.7103,    27.6700      
# span 20 =    25.7218,    27.6824      
# span 21 =    5.38402,    7.46752      
# span 22 =    5.52593,    7.56032      
# span 23 =         14,        367      
# span 24 = 0.0000e+00, 0.0000e+00      
# interval = decibars: 1                
# start_time = Jul 02 2013 07:03:49 [NMEA time, header]
# bad_flag = -9.990e-29
*END*
[from data line 232]
      25773   1073.819    112.000     2.9535   3.119959     2.9333   3.119271      96.15     0.0147     2.9015     2.5902  1.9782737  1.0255508   47.00018  -46.48340    34.4239    34.4372     2.9467     2.9266    27.4301    27.4424    6.37422    6.50638         21 0.0000e+00
      25800   1074.941    111.000     2.9381   3.118320     2.9267   3.118514      96.40     0.0171     2.9021     2.5914  1.9766762  1.0235823   47.00018  -46.48340    34.4208    34.4355     2.9315     2.9200    27.4290    27.4417    6.38997    6.51640         35 0.0000e+00
      25837   1076.485    110.000     2.9405   3.118506     2.9465   3.120506      96.44     0.0216     2.9043     2.5938  1.9744068  1.0156628   47.00018  -46.48342    34.4211    34.4395     2.9339     2.9401    27.4290    27.4432    6.40423    6.53416         33 0.0000e+00
      25863   1077.584    109.000     2.9593   3.120260     2.9874   3.124141      96.34     0.0205     2.9067     2.5971  1.9736214  1.0143441   47.00018  -46.48342    34.4230    34.4404     2.9527     2.9808    27.4289    27.4402    6.41846    6.53431         22 0.0000e+00
      25882   1078.384    108.000     2.9608   3.119996     2.9982   3.124574      96.61     0.0195     2.9096     2.5982  1.9694307  1.0109531   47.00018  -46.48342    34.4187    34.4346     2.9543     2.9917    27.4253    27.4346    6.41922    6.51307         17 0.0000e+00
      25900   1079.122    107.000     2.9467   3.117877     2.9369   3.117770      96.78     0.0152     2.9107     2.5980  1.9694749  1.0109891   47.00018  -46.48342    34.4085    34.4176     2.9403     2.9305    27.4184    27.4265    6.40704    6.50803         19 0.0000e+00
      25920   1079.949    106.000     2.9188   3.114672     2.9058   3.114247      52.49     0.0123     2.9107     2.5972  1.9694749  1.0122211   47.00018  -46.48342    34.3997    34.4083     2.9125     2.8994    27.4138    27.4219    6.40396    6.51070         22 0.0000e+00
      25948   1081.105    105.000     2.9123   3.113609     2.9075   3.114207      82.86     0.0151     2.9110     2.5970  1.9694749  1.0133902   47.00016  -46.48342    34.3942    34.4066     2.9060     2.9013    27.4101    27.4204    6.40440    6.52612         34 0.0000e+00
      25981   1082.512    104.000     2.9169   3.114089     2.9151   3.114959      96.22     0.0155     2.9109     2.5995  1.9665560  1.0075930   47.00016  -46.48342    34.3957    34.4078     2.9107     2.9088    27.4108    27.4207    6.40190    6.54989         30 0.0000e+00
      26006   1083.542    103.000     2.9365   3.115359     2.9694   3.119238      87.24     0.0179     2.9111     2.6012  1.9662938  1.0073178   47.00016  -46.48342    34.3909    34.4031     2.9303     2.9632    27.4052    27.4120    6.40359    6.52917         20 0.0000e+00
      26025   1084.316    102.000     2.9837   3.119254     3.0336   3.124586      95.96     0.0159     2.9120     2.6015  1.9664229  1.0037154   47.00016  -46.48342    34.3885    34.4003     2.9775     3.0274    27.3991    27.4040    6.39520    6.51560         18 0.0000e+00
      26042   1085.035    101.000     3.0363   3.123370     3.0530   3.126022      96.70     0.0182     2.9116     2.6020  1.9661735  1.0036637   47.00016  -46.48344    34.3832    34.3977     3.0302     3.0468    27.3900    27.4001    6.38036    6.51642         17 0.0000e+00
      26059   1085.758    100.000     3.0387   3.123078     3.0380   3.123968      96.75     0.0211     2.9119     2.6029  1.9658182  1.0043962   47.00016  -46.48344    34.3776    34.3892     3.0326     3.0319    27.3853    27.3947    6.38423    6.52739         18 0.0000e+00
      26078   1086.552     99.000     3.0289   3.121694     3.0103   3.120653      96.29     0.0207     2.9122     2.6043  1.9639447  1.0060824   47.00016  -46.48344    34.3717    34.3795     3.0229     3.0046    27.3815    27.3895    6.40471    6.54364         20 0.0000e+00
      26101   1087.487     98.000     3.0145   3.119909     2.9873   3.118031      96.26     0.0183     2.9152     2.6064  1.9636184  1.0064422   47.00016  -46.48344    34.3660    34.3724     3.0085     2.9816    27.3782    27.3859    6.42854    6.55877         25 0.0000e+00
      26129   1088.649     97.000     3.0010   3.118349     2.9706   3.116271      96.25     0.0193     2.9191     2.6093  1.9629084  1.0090188   47.00016  -46.48344    34.3619    34.3689     2.9951     2.9647    27.3762    27.3846    6.43680    6.57059         31 0.0000e+00
      26159   1089.920     96.000     2.9920   3.117441     2.9327   3.112216      96.26     0.0221     2.9217     2.6123  1.9625790  1.0076038   47.00016  -46.48344    34.3609    34.3604     2.9862     2.9270    27.3762    27.3811    6.44148    6.58569         28 0.0000e+00
      26185   1090.980     95.000     2.9343   3.111107     2.8790   3.106285      60.78     0.0203     2.9250     2.6151  1.9628984  1.0060743   47.00016  -46.48346    34.3456    34.3458     2.9287     2.8733    27.3692    27.3743    6.47032    6.60179         23 0.0000e+00
      26205   1091.850     94.000     2.8880   3.105709     2.8448   3.102248      95.47     0.0228     2.9280     2.6168  1.9627241  1.0047952   47.00015  -46.48346    34.3296    34.3334     2.8824     2.8392    27.3606    27.3675    6.48010    6.60425         19 0.0000e+00
      26224   1092.642     93.000     2.8546   3.100932     2.8434   3.101032      95.80     0.0241     2.9292     2.6176  1.9628586  1.0023251   47.00014  -46.48346    34.3073    34.3205     2.8491     2.8379    27.3458    27.3573    6.47893    6.60397         19 0.0000e+00
      26243   1093.430     92.000     2.8602   3.100836     2.8695   3.102589      95.95     0.0239     2.9310     2.6191  1.9630628  1.0023810   47.00014  -46.48346    34.3007    34.3122     2.8548     2.8641    27.3400    27.3483    6.47724    6.60220         20 0.0000e+00
      26263   1094.261     91.000     2.8752   3.101629     2.8812   3.103185      96.04     0.0220     2.9315     2.6198  1.9619793  0.9968935   47.00014  -46.48346    34.2950    34.3077     2.8698     2.8758    27.3340    27.3437    6.47463    6.59536         20 0.0000e+00
      26285   1095.161     90.000     2.8870   3.102288     2.8919   3.103813      95.98     0.0221     2.9331     2.6206  1.9619895  0.9962347   47.00014  -46.48346    34.2910    34.3045     2.8817     2.8866    27.3298    27.3401    6.48593    6.61053         23 0.0000e+00
      26309   1096.186     89.000     2.8962   3.102999     2.9049   3.104782      95.98     0.0210     2.9353     2.6237  1.9600221  0.9945209   47.00014  -46.48347    34.2906    34.3031     2.8909     2.8996    27.3286    27.3379    6.49565    6.62914         27 0.0000e+00
      26338   1097.355     88.000     2.8942   3.102785     2.9286   3.106709      96.36     0.0237     2.9388     2.6267  1.9593803  0.9939462   47.00014  -46.48348    34.2906    34.3019     2.8890     2.9234    27.3288    27.3348    6.50119    6.62455         29 0.0000e+00
      26366   1098.547     87.000     2.9187   3.104475     2.9564   3.108990      51.98     0.0212     2.9404     2.6289  1.9572549  0.9951216   47.00014  -46.48348    34.2857    34.3007     2.9135     2.9512    27.3227    27.3313    6.49459    6.61401         27 0.0000e+00
      26392   1099.618     86.000     2.9334   3.105509     2.9688   3.109732      83.95     0.0182     2.9437     2.6303  1.9572649  0.9955284   47.00014  -46.48348    34.2832    34.2970     2.9282     2.9637    27.3194    27.3273    6.52634    6.61226         24 0.0000e+00
      26415   1100.575     85.000     2.9509   3.106390     2.9624   3.108359      96.48     0.0205     2.9468     2.6307  1.9568152  0.9975841   47.00014  -46.48348    34.2758    34.2877     2.9459     2.9573    27.3120    27.3204    6.49422    6.59262         22 0.0000e+00
      26438   1101.539     84.000     2.9641   3.106563     2.9633   3.107515      89.46     0.0225     2.9456     2.6291  1.9564846  0.9977041   47.00014  -46.48348    34.2645    34.2770     2.9590     2.9583    27.3017    27.3117    6.44728    6.56473         25 0.0000e+00
      26466   1102.698     83.000     2.9786   3.107306     2.9819   3.108843      93.58     0.0240     2.9403     2.6252  1.9565163  0.9987696   47.00014  -46.48349    34.2587    34.2740     2.9736     2.9769    27.2958    27.3077    6.41127    6.53572         31 0.0000e+00
      26496   1103.963     82.000     2.9849   3.108014     3.0117   3.111190      96.59     0.0278     2.9355     2.6208  1.9538984  0.9987790   47.00014  -46.48350    34.2611    34.2714     2.9800     3.0068    27.2971    27.3029    6.40531    6.52203         28 0.0000e+00
      26521   1105.006     81.000     3.0045   3.109197     3.0251   3.112442      96.47     0.0263     2.9319     2.6182  1.9516773  0.9987790   47.00014  -46.48350    34.2554    34.2730     2.9996     3.0202    27.2907    27.3030    6.39629    6.52955         23 0.0000e+00
      26542   1105.890     80.000     3.0469   3.112957     3.0481   3.114432      96.08     0.0244     2.9297     2.6176  1.9509815  1.0002950   47.00014  -46.48350    34.2567    34.2734     3.0420     3.0432    27.2879    27.3012    6.39301    6.54043         20 0.0000e+00
      26562   1106.717     79.000     3.0880   3.116478     3.0904   3.118009      96.05     0.0216     2.9282     2.6179  1.9499537  1.0023515   47.00014  -46.48350    34.2565    34.2725     3.0832     3.0856    27.2840    27.2966    6.39943    6.54660         20 0.0000e+00
      26583   1107.595     78.000     3.1033   3.117484     3.1048   3.118849      96.39     0.0246     2.9290     2.6193  1.9495543  1.0027161   47.00014  -46.48350    34.2530    34.2679     3.0985     3.1001    27.2798    27.2916    6.42965    6.56038         22 0.0000e+00
      26608   1108.636     77.000     3.1028   3.117040     3.0965   3.117367      96.63     0.0281     2.9327     2.6219  1.9475155  1.0048212   47.00014  -46.48350    34.2487    34.2593     3.0981     3.0918    27.2764    27.2855    6.45840    6.58102         28 0.0000e+00
      26641   1109.990     76.000     3.1010   3.116748     3.0943   3.116740      74.11     0.0287     2.9383     2.6265  1.9480935  1.0068300   47.00014  -46.48351    34.2476    34.2545     3.0963     3.0897    27.2757    27.2819    6.46283    6.59670         38 0.0000e+00
      26679   1111.565     75.000     3.0970   3.116462     3.0948   3.116545      96.56     0.0279     2.9407     2.6302  1.9489398  1.0085727   47.00014  -46.48352    34.2489    34.2522     3.0924     3.0903    27.2771    27.2799    6.45214    6.59377         35 0.0000e+00
      26711   1112.914     74.000     3.1029   3.115799     3.1055   3.116502      96.09     0.0292     2.9438     2.6331  1.9495351  1.0086337   47.00014  -46.48352    34.2351    34.2409     3.0984     3.1010    27.2656    27.2699    6.47045    6.60626         29 0.0000e+00
      26737   1113.995     73.000     3.1580   3.119700     3.1388   3.119237      96.06     0.0306     2.9459     2.6360  1.9494805  1.0094229   47.00014  -46.48352    34.2246    34.2394     3.1536     3.1343    27.2521    27.2657    6.45774    6.61320         24 0.0000e+00
      26760   1114.958     72.000     3.2513   3.127732     3.2055   3.125127      96.04     0.0258     2.9474     2.6387  1.9497266  1.0099273   47.00014  -46.48352    34.2239    34.2408     3.2468     3.2010    27.2428    27.2606    6.45249    6.60340         23 0.0000e+00
      26784   1115.950     71.000     3.3094   3.132878     3.2901   3.132061      95.98     0.0231     2.9511     2.6404  1.9483867  1.0113199   47.00014  -46.48353    34.2252    34.2374     3.3050     3.2857    27.2384    27.2500    6.46596    6.58216         25 0.0000e+00
      26809   1116.986     70.000     3.3383   3.135462     3.3353   3.136311      63.50     0.0259     2.9548     2.6421  1.9468821  1.0121983   47.00014  -46.48354    34.2265    34.2399     3.3339     3.3309    27.2367    27.2477    6.47008    6.58384         25 0.0000e+00
      26834   1118.046     69.000     3.3526   3.136438     3.3568   3.137796      67.20     0.0293     2.9582     2.6441  1.9444107  1.0194658   47.00014  -46.48354    34.2237    34.2360     3.3483     3.3525    27.2332    27.2426    6.46040    6.58463         25 0.0000e+00
      26860   1119.131     68.000     3.3711   3.137530     3.3812   3.139542      96.07     0.0309     2.9601     2.6466  1.9432852  1.0244464   47.00014  -46.48354    34.2173    34.2310     3.3674     3.3770    27.2262    27.2362    6.46978    6.60710         27 0.0000e+00
      26889   1120.314     67.000     3.3937   3.139323     3.4046   3.141434      86.85     0.0289     2.9662     2.6519  1.9407779  1.0286181   47.00014  -46.48354    34.2163    34.2303     3.3895     3.4003    27.2233    27.2334    6.52190    6.64097         30 0.0000e+00
      26917   1121.500     66.000     3.4147   3.141019     3.4298   3.143341      95.98     0.0274     2.9743     2.6588  1.9406230  1.0301638   47.00014  -46.48356    34.2152    34.2272     3.4105     3.4256    27.2204    27.2285    6.53286    6.66118         27 0.0000e+00
      26942   1122.562     65.000     3.4379   3.142442     3.4459   3.144245      95.92     0.0254     2.9798     2.6648  1.9427642  1.0329653   47.00014  -46.48356    34.2085    34.2217     3.4338     3.4417    27.2129    27.2226    6.53963    6.67667         24 0.0000e+00
      26965   1123.493     64.000     3.4445   3.142300     3.4440   3.143371      95.91     0.0273     2.9857     2.6703  1.9421526  1.0330248   47.00014  -46.48356    34.2003    34.2140     3.4404     3.4403    27.2057    27.2167    6.57382    6.69864         21 0.0000e+00
      26986   1124.367     63.000     3.4105   3.138229     3.4067   3.138980      95.91     0.0362     2.9928     2.6760  1.9395561  1.0378629   47.00014  -46.48356    34.1875    34.2006     3.4065     3.4027    27.1988    27.2095    6.59888    6.72839         21 0.0000e+00
      27007   1125.266     62.000     3.3579   3.132025     3.3442   3.131433      95.91     0.0413     2.9986     2.6819  1.9394822  1.0378526   47.00014  -46.48356    34.1686    34.1760     3.3540     3.3403    27.1887    27.1958    6.61507    6.74884         23 0.0000e+00
      27032   1126.274     61.000     3.3352   3.128836     3.3308   3.129300      95.93     0.0384     3.0054     2.6872  1.9394871  1.0409203   47.00014  -46.48356    34.1546    34.1648     3.3314     3.3270    27.1796    27.1882    6.62849    6.75805         25 0.0000e+00
      27059   1127.407     60.000     3.3324   3.127881     3.3416   3.129691      94.47     0.0358     3.0105     2.6930  1.9391633  1.0413007   47.00014  -46.48358    34.1466    34.1587     3.3287     3.3379    27.1735    27.1823    6.63745    6.77480         29 0.0000e+00
      27088   1128.629     59.000     3.3431   3.128408     3.3627   3.130782      66.83     0.0359     3.0177     2.7000  1.9370056  1.0378391   47.00016  -46.48358    34.1422    34.1498     3.3394     3.3591    27.1690    27.1732    6.67496    6.80027         29 0.0000e+00
      27115   1129.736     58.000     3.3720   3.130312     3.3973   3.133472      96.01     0.0399     3.0271     2.7067  1.9360441  1.0378511   47.00016  -46.48358    34.1353    34.1468     3.3683     3.3936    27.1608    27.1676    6.71080    6.82314         24 0.0000e+00
      27137   1130.652     57.000     3.4280   3.134853     3.4394   3.136891      95.80     0.0392     3.0343     2.7137  1.9338683  1.0378511   47.00016  -46.48358    34.1316    34.1443     3.4244     3.4358    27.1525    27.1615    6.71508    6.85212         20 0.0000e+00
      27157   1131.498     56.000     3.4743   3.138561     3.4834   3.140316      95.69     0.0421     3.0412     2.7208  1.9342394  1.0378511   47.00016  -46.48358    34.1281    34.1395     3.4708     3.4802    27.1453    27.1534    6.75209    6.87097         21 0.0000e+00
