data/CTD/2013/CNV/U021A055.CNV
* Sea-Bird SBE 9 Data File:
* FileName = C:\CTD_ACQUISITION\2013021HUD\ctddata\021A055.hdr
* Software Version Seasave V 7.22.2
* Temperature SN = 5081
* Conductivity SN = 3561
* Number of Bytes Per Scan = 37
* Number of Voltage Words = 4
* Number of Scans Averaged by the Deck Unit = 1
* NMEA Latitude = 48 38.94 N
* NMEA Longitude = 045 31.50 W
* NMEA UTC (Time) = Jul 05 2013 08:04:59
* NMEA baud rate = 9600
** Ship: Hudson
** Cruise: HUD2013021
** Chief_Scientist: Greenan
** Organization: BIO
** Area_of_Operation: Sackville Spur
** Station: 55
** Sounding:  1100
** Event_Comments: SS22  393219
# nquan = 25
# nvalues = 1130                        
# units = specified
# name 0 = scan: Scan Count
# name 1 = timeS: Time, Elapsed [seconds]
# name 2 = prDM: Pressure, Digiquartz [db]
# name 3 = t068C: Temperature [ITS-68, deg C]
# name 4 = c0S/m: Conductivity [S/m]
# name 5 = t168C: Temperature, 2 [ITS-68, deg C]
# name 6 = c1S/m: Conductivity, 2 [S/m]
# name 7 = altM: Altimeter [m]
# name 8 = flCUVA: Fluorescence, Chelsea UV Aquatracka [ug/l]
# name 9 = sbeox0V: Oxygen raw, SBE 43 [V]
# name 10 = sbeox1V: Oxygen raw, SBE 43, 2 [V]
# name 11 = upoly0: Upoly 0, Optode 4330F - O2 D-Phase
# name 12 = upoly1: Upoly 1, Optode 4330F - O2 Temp
# name 13 = latitude: Latitude [deg]
# name 14 = longitude: Longitude [deg]
# name 15 = sal00: Salinity, Practical [PSU]
# name 16 = sal11: Salinity, Practical, 2 [PSU]
# name 17 = potemp068C: Potential Temperature [ITS-68, deg C]
# name 18 = potemp168C: Potential Temperature, 2 [ITS-68, deg C]
# name 19 = sigma-é00: Density [sigma-theta, Kg/m^3]
# name 20 = sigma-é11: Density, 2 [sigma-theta, Kg/m^3]
# name 21 = sbeox0ML/L: Oxygen, SBE 43 [ml/l], WS = 2
# name 22 = sbeox1ML/L: Oxygen, SBE 43, 2 [ml/l], WS = 2
# name 23 = nbin: number of scans per bin
# name 24 = flag: flag
# span 0 =      33316,      60381       
# span 1 =   1388.116,   2515.846       
# span 2 =      1.000,   1130.000       
# span 3 =     1.8213,     7.1007       
# span 4 =   2.989633,   3.401372       
# span 5 =     1.8140,     7.0924       
# span 6 =   2.989695,   3.403052       
# span 7 =       7.38,      97.34       
# span 8 =     0.0027,     0.4382       
# span 9 =     2.5168,     3.3523       
# span 10 =     2.2631,     3.0071      
# span 11 =  1.7150627,  2.0354203      
# span 12 =  0.8669531,  1.5067515      
# span 13 =   48.64658,   48.64810      
# span 14 =  -45.52560,  -45.52446      
# span 15 =    33.4814,    34.9144      
# span 16 =    33.4580,    34.9308      
# span 17 =     1.8194,     7.1007      
# span 18 =     1.8121,     7.0921      
# span 19 =    26.2281,    27.7569      
# span 20 =    26.2422,    27.7700      
# span 21 =    5.89127,    8.16658      
# span 22 =    6.07856,    8.51980      
# span 23 =         10,        949      
# span 24 = 0.0000e+00, 0.0000e+00      
# interval = decibars: 1                
# start_time = Jul 05 2013 08:04:59 [NMEA time, header]
# bad_flag = -9.990e-29
*END*
      33316   1388.116   1130.000     3.7073   3.272250     3.7066   3.273572       9.17     0.0120     2.5168     2.2631  2.0349081  1.0891331   48.64810  -45.52500    34.9144    34.9307     3.6224     3.6218    27.7569    27.7700    5.89127    6.11174         10 0.0000e+00
      33352   1389.619   1129.000     3.7071   3.272185     3.7071   3.273558       9.27     0.0133     2.5173     2.2637  2.0346565  1.0891331   48.64810  -45.52500    34.9143    34.9306     3.6223     3.6223    27.7569    27.7698    5.90751    6.11983         25 0.0000e+00
      33371   1390.410   1128.000     3.7076   3.272200     3.7074   3.273542       9.79     0.0164     2.5184     2.2643  2.0354202  1.0891331   48.64810  -45.52500    34.9144    34.9306     3.6230     3.6227    27.7568    27.7698    5.90932    6.11955         18 0.0000e+00
      33389   1391.152   1127.000     3.7081   3.272200     3.7073   3.273505      10.55     0.0211     2.5186     2.2648  2.0354090  1.0891331   48.64810  -45.52500    34.9144    34.9307     3.6235     3.6227    27.7568    27.7699    5.90588    6.11821         19 0.0000e+00
      33409   1392.016   1126.000     3.7075   3.272102     3.7069   3.273426      11.46     0.0194     2.5190     2.2650  2.0347905  1.0890300   48.64810  -45.52500    34.9144    34.9308     3.6230     3.6223    27.7568    27.7700    5.90481    6.11598         23 0.0000e+00
      33443   1393.404   1125.000     3.7078   3.272076     3.7072   3.273408      12.88     0.0127     2.5189     2.2651  2.0343647  1.0889139   48.64810  -45.52500    34.9143    34.9307     3.6233     3.6228    27.7567    27.7699    5.89803    6.10493         44 0.0000e+00
      33481   1394.986   1124.000     3.7083   3.272073     3.7076   3.273392      13.72     0.0083     2.5196     2.2646  2.0343273  1.0891469   48.64810  -45.52500    34.9142    34.9306     3.6240     3.6233    27.7566    27.7697    5.89549    6.10526         26 0.0000e+00
      33502   1395.869   1123.000     3.7088   3.272068     3.7084   3.273402      14.38     0.0109     2.5182     2.2645  2.0343161  1.0891331   48.64810  -45.52500    34.9141    34.9304     3.6246     3.6241    27.7565    27.7695    5.89342    6.10633         19 0.0000e+00
      33520   1396.626   1122.000     3.7094   3.272063     3.7090   3.273408      15.22     0.0141     2.5194     2.2646  2.0342522  1.0891331   48.64810  -45.52500    34.9140    34.9304     3.6252     3.6247    27.7563    27.7694    5.90212    6.10472         19 0.0000e+00
      33538   1397.394   1121.000     3.7102   3.272075     3.7099   3.273423      16.02     0.0147     2.5190     2.2645  2.0342524  1.0891331   48.64810  -45.52500    34.9138    34.9301     3.6261     3.6257    27.7561    27.7691    5.89621    6.10129         19 0.0000e+00
      33561   1398.316   1120.000     3.7110   3.272097     3.7114   3.273494      16.69     0.0187     2.5192     2.2644  2.0339656  1.0891331   48.64810  -45.52500    34.9137    34.9299     3.6270     3.6273    27.7559    27.7688    5.89739    6.10451         26 0.0000e+00
      33596   1399.791   1119.000     3.7119   3.272120     3.7120   3.273496      17.89     0.0169     2.5201     2.2646  2.0341845  1.0891331   48.64810  -45.52501    34.9135    34.9297     3.6280     3.6280    27.7556    27.7685    5.90975    6.10315         44 0.0000e+00
      33636   1401.444   1118.000     3.7125   3.272126     3.7128   3.273511      18.58     0.0147     2.5217     2.2648  2.0342703  1.0891331   48.64810  -45.52502    34.9135    34.9295     3.6286     3.6289    27.7555    27.7683    5.91291    6.11044         31 0.0000e+00
      33662   1402.538   1117.000     3.7146   3.272224     3.7144   3.273593      19.76     0.0147     2.5225     2.2655  2.0319147  1.0891331   48.64810  -45.52502    34.9129    34.9293     3.6308     3.6306    27.7549    27.7680    5.91533    6.10748         24 0.0000e+00
      33684   1403.443   1116.000     3.7161   3.272315     3.7157   3.273654      20.33     0.0194     2.5232     2.2655  2.0318065  1.0891331   48.64810  -45.52502    34.9129    34.9293     3.6323     3.6319    27.7548    27.7678    5.91252    6.10536         20 0.0000e+00
      33703   1404.264   1115.000     3.7176   3.272403     3.7169   3.273725      21.68     0.0154     2.5235     2.2658  2.0327253  1.0891331   48.64810  -45.52502    34.9129    34.9293     3.6339     3.6332    27.7546    27.7677    5.90906    6.10676         19 0.0000e+00
      33722   1405.058   1114.000     3.7189   3.272460     3.7181   3.273780      22.56     0.0144     2.5236     2.2658  2.0329726  1.0891331   48.64810  -45.52502    34.9127    34.9292     3.6353     3.6344    27.7542    27.7675    5.91499    6.10476         19 0.0000e+00
      33742   1405.884   1113.000     3.7197   3.272488     3.7191   3.273812      23.57     0.0129     2.5249     2.2661  2.0327909  1.0894855   48.64810  -45.52502    34.9127    34.9290     3.6362     3.6356    27.7541    27.7672    5.91442    6.11514         21 0.0000e+00
      33765   1406.849   1112.000     3.7203   3.272500     3.7204   3.273874      24.50     0.0122     2.5251     2.2671  2.0320783  1.0903499   48.64810  -45.52502    34.9127    34.9289     3.6369     3.6369    27.7541    27.7670    5.91366    6.11688         26 0.0000e+00
      33794   1408.023   1111.000     3.7215   3.272559     3.7221   3.273972      25.12     0.0140     2.5258     2.2680  2.0322349  1.0903541   48.64810  -45.52502    34.9127    34.9288     3.6381     3.6387    27.7540    27.7667    5.91307    6.11843         30 0.0000e+00
      33823   1409.252   1110.000     3.7223   3.272576     3.7228   3.273995      26.46     0.0174     2.5261     2.2689  2.0324922  1.0903541   48.64810  -45.52502    34.9125    34.9288     3.6390     3.6395    27.7537    27.7667    5.90890    6.12151         28 0.0000e+00
      33848   1410.279   1109.000     3.7237   3.272635     3.7235   3.273996      27.55     0.0188     2.5261     2.2696  2.0320241  1.0903541   48.64810  -45.52502    34.9123    34.9286     3.6404     3.6403    27.7534    27.7664    5.91309    6.12144         21 0.0000e+00
      33867   1411.100   1108.000     3.7252   3.272713     3.7251   3.274086      27.98     0.0208     2.5269     2.2703  2.0319369  1.0903541   48.64810  -45.52504    34.9121    34.9285     3.6420     3.6419    27.7531    27.7662    5.92390    6.12384         19 0.0000e+00
      33886   1411.889   1107.000     3.7264   3.272771     3.7260   3.274112      29.23     0.0190     2.5278     2.2708  2.0314448  1.0903541   48.64810  -45.52504    34.9120    34.9283     3.6433     3.6429    27.7529    27.7659    5.91919    6.11689         20 0.0000e+00
      33908   1412.777   1106.000     3.7267   3.272752     3.7262   3.274088      29.89     0.0190     2.5282     2.2708  2.0309577  1.0903541   48.64809  -45.52504    34.9120    34.9284     3.6437     3.6432    27.7529    27.7660    5.92186    6.11259         23 0.0000e+00
      33933   1413.852   1105.000     3.7267   3.272712     3.7263   3.274049      30.63     0.0158     2.5294     2.2708  2.0309777  1.0906302   48.64808  -45.52504    34.9120    34.9283     3.6438     3.6433    27.7529    27.7659    5.93069    6.11154         27 0.0000e+00
      33958   1414.890   1104.000     3.7269   3.272682     3.7265   3.274022      32.17     0.0100     2.5306     2.2710  2.0309112  1.0910339   48.64808  -45.52504    34.9119    34.9282     3.6441     3.6437    27.7528    27.7658    5.92605    6.11302         22 0.0000e+00
      33978   1415.721   1103.000     3.7274   3.272676     3.7270   3.274021      33.05     0.0102     2.5310     2.2712  2.0310409  1.0913876   48.64808  -45.52504    34.9118    34.9283     3.6447     3.6476    27.7526    27.7658    5.91954    6.12053         19 0.0000e+00
      33996   1416.449   1102.000     3.7279   3.272670     3.7273   3.274000      33.61     0.0146     2.5306     2.2718  2.0319505  1.0915728   48.64808  -45.52504    34.9118    34.9281     3.6452     3.6447    27.7526    27.7656    5.91122    6.12089         17 0.0000e+00
      34013   1417.174   1101.000     3.7281   3.272646     3.7277   3.273982      33.77     0.0140     2.5310     2.2721  2.0318832  1.0915751   48.64808  -45.52504    34.9118    34.9281     3.6455     3.6450    27.7525    27.7655    5.91321    6.11803         18 0.0000e+00
      34034   1418.045   1100.000     3.7282   3.272616     3.7278   3.273957      35.34     0.0108     2.5305     2.2725  2.0310977  1.0915751   48.64808  -45.52504    34.9118    34.9282     3.6457     3.6453    27.7525    27.7656    5.91130    6.11840         25 0.0000e+00
      34066   1419.390   1099.000     3.7281   3.272567     3.7281   3.273938      30.26     0.0134     2.5309     2.2730  2.0305276  1.0915751   48.64808  -45.52504    34.9119    34.9281     3.6456     3.6456    27.7526    27.7655    5.91861    6.12189         38 0.0000e+00
      34099   1420.769   1098.000     3.7292   3.272586     3.7291   3.273950      37.23     0.0114     2.5316     2.2737  2.0304227  1.0915751   48.64808  -45.52504    34.9114    34.9277     3.6469     3.6467    27.7521    27.7651    5.91804    6.11854         25 0.0000e+00
      34120   1421.615   1097.000     3.7330   3.272847     3.7333   3.274236      38.86     0.0128     2.5315     2.2738  2.0305262  1.0915751   48.64808  -45.52504    34.9110    34.9272     3.6507     3.6509    27.7513    27.7642    5.91656    6.11223         18 0.0000e+00
      34136   1422.312   1096.000     3.7358   3.273037     3.7356   3.274383      39.54     0.0133     2.5320     2.2737  2.0318983  1.0915751   48.64808  -45.52504    34.9109    34.9270     3.6535     3.6533    27.7510    27.7639    5.92620    6.11245         16 0.0000e+00
      34152   1422.973   1095.000     3.7367   3.273064     3.7361   3.274396      40.31     0.0154     2.5327     2.2738  2.0318232  1.0915751   48.64808  -45.52505    34.9107    34.9271     3.6545     3.6539    27.7507    27.7639    5.92114    6.11584         16 0.0000e+00
      34169   1423.660   1094.000     3.7374   3.273084     3.7369   3.274417      40.88     0.0156     2.5330     2.2740  2.0316758  1.0915751   48.64807  -45.52506    34.9107    34.9270     3.6553     3.6548    27.7506    27.7637    5.91967    6.11909         17 0.0000e+00
      34189   1424.519   1093.000     3.7376   3.273065     3.7376   3.274423      40.93     0.0145     2.5335     2.2745  2.0282700  1.0915751   48.64806  -45.52506    34.9108    34.9269     3.6556     3.6556    27.7507    27.7635    5.92993    6.11592         25 0.0000e+00
      34221   1425.832   1092.000     3.7378   3.273030     3.7379   3.274401      43.18     0.0140     2.5347     2.2748  2.0278854  1.0918059   48.64806  -45.52506    34.9107    34.9268     3.6558     3.6560    27.7506    27.7634    5.93331    6.12457         37 0.0000e+00
      34254   1427.219   1091.000     3.7383   3.273017     3.7385   3.274395      88.80     0.0122     2.5368     2.2765  2.0275741  1.0924118   48.64806  -45.52506    34.9105    34.9266     3.6564     3.6591    27.7504    27.7632    5.94267    6.14078         27 0.0000e+00
      34279   1428.237   1090.000     3.7395   3.273069     3.7394   3.274432      68.06     0.0167     2.5373     2.2779  2.0292659  1.0919278   48.64806  -45.52506    34.9104    34.9266     3.6577     3.6575    27.7501    27.7631    5.93729    6.14253         24 0.0000e+00
      34304   1429.288   1089.000     3.7414   3.273190     3.7420   3.274614      64.13     0.0144     2.5388     2.2792  2.0296865  1.0915833   48.64806  -45.52506    34.9102    34.9265     3.6597     3.6603    27.7498    27.7627    5.94592    6.14058         28 0.0000e+00
      34334   1430.524   1088.000     3.7446   3.273412     3.7457   3.274866      62.96     0.0125     2.5405     2.2803  2.0292962  1.0926486   48.64806  -45.52506    34.9101    34.9261     3.6629     3.6640    27.7494    27.7621    5.94986    6.14111         29 0.0000e+00
      34359   1431.594   1087.000     3.7475   3.273596     3.7478   3.275003      46.05     0.0133     2.5416     2.2812  2.0293040  1.0928046   48.64804  -45.52506    34.9097    34.9260     3.6659     3.6662    27.7488    27.7617    5.94743    6.14520         21 0.0000e+00
      34378   1432.357   1086.000     3.7495   3.273727     3.7492   3.275079      48.74     0.0140     2.5420     2.2822  2.0269377  1.0927961   48.64804  -45.52506    34.9096    34.9259     3.6680     3.6677    27.7485    27.7615    5.94429    6.14889         17 0.0000e+00
      34393   1433.009   1085.000     3.7506   3.273769     3.7502   3.275113      75.38     0.0167     2.5424     2.2827  2.0269427  1.0927961   48.64804  -45.52506    34.9095    34.9258     3.6691     3.6687    27.7483    27.7614    5.95421    6.14955         15 0.0000e+00
      34408   1433.641   1084.000     3.7516   3.273812     3.7515   3.275177      25.52     0.0141     2.5438     2.2835  2.0269384  1.0927961   48.64804  -45.52506    34.9094    34.9257     3.6702     3.6701    27.7481    27.7611    5.96730    6.15235         16 0.0000e+00
      34425   1434.329   1083.000     3.7525   3.273856     3.7524   3.275214      72.30     0.0119     2.5453     2.2843  2.0268648  1.0937783   48.64804  -45.52506    34.9094    34.9256     3.6712     3.6711    27.7481    27.7610    5.96147    6.15140         18 0.0000e+00
      34449   1435.330   1082.000     3.7525   3.273816     3.7531   3.275227      60.48     0.0109     2.5461     2.2852  2.0269268  1.0939322   48.64804  -45.52506    34.9095    34.9256     3.6713     3.6718    27.7481    27.7609    5.96006    6.15763         34 0.0000e+00
      34497   1437.341   1081.000     3.7526   3.273762     3.7515   3.275040      62.20     0.0189     2.5487     2.2879  2.0282803  1.0940294   48.64802  -45.52506    34.9093    34.9256     3.6715     3.6703    27.7479    27.7610    5.96632    6.16417         44 0.0000e+00
      34522   1438.378   1080.000     3.7527   3.273718     3.7527   3.275075      38.85     0.0145     2.5491     2.2890  2.0280831  1.0940171   48.64802  -45.52506    34.9092    34.9253     3.6716     3.6716    27.7478    27.7606    5.96268    6.16337         18 0.0000e+00
      34538   1439.052   1079.000     3.7547   3.273847     3.7551   3.275254      37.95     0.0124     2.5499     2.2892  2.0280831  1.0940171   48.64802  -45.52506    34.9090    34.9253     3.6738     3.6741    27.7475    27.7604    5.97256    6.15587         15 0.0000e+00
      34553   1439.667   1078.000     3.7576   3.274041     3.7577   3.275432      95.51     0.0109     2.5511     2.2895  2.0280831  1.0940171   48.64802  -45.52507    34.9089    34.9252     3.6766     3.6767    27.7471    27.7601    5.96426    6.15454         15 0.0000e+00
      34568   1440.272   1077.000     3.7598   3.274203     3.7601   3.275605      94.81     0.0114     2.5509     2.2897  2.0259552  1.0940171   48.64802  -45.52508    34.9089    34.9253     3.6790     3.6792    27.7468    27.7599    5.95775    6.15596         15 0.0000e+00
      34584   1440.942   1076.000     3.7618   3.274340     3.7619   3.275726      94.48     0.0127     2.5514     2.2901  2.0255067  1.0940171   48.64802  -45.52508    34.9090    34.9253     3.6810     3.6811    27.7467    27.7597    5.96486    6.15877         17 0.0000e+00
      34605   1441.844   1075.000     3.7622   3.274341     3.7628   3.275760      37.29     0.0102     2.5522     2.2908  2.0251799  1.0940995   48.64802  -45.52508    34.9090    34.9253     3.6815     3.6820    27.7467    27.7596    5.97154    6.16663         28 0.0000e+00
      34644   1443.473   1074.000     3.7615   3.274235     3.7618   3.275623      92.95     0.0115     2.5543     2.2930  2.0241776  1.0943336   48.64800  -45.52508    34.9090    34.9252     3.6809     3.6841    27.7467    27.7596    5.97883    6.17721         44 0.0000e+00
