data/CTD/2013/CNV/U021A020.CNV
* Sea-Bird SBE 9 Data File:
* FileName = C:\CTD_ACQUISITION\2013021HUD\ctddata\021A020.hdr
* Software Version Seasave V 7.22.2
* Temperature SN = 5081
* Conductivity SN = 3561
* Number of Bytes Per Scan = 37
* Number of Voltage Words = 4
* Number of Scans Averaged by the Deck Unit = 1
* NMEA Latitude = 47 00.01 N
* NMEA Longitude = 046 33.55 W
* NMEA UTC (Time) = Jul 02 2013 06:15:01
* NMEA baud rate = 9600
** Ship: Hudson
** Cruise: HUD2013021
** Chief_Scientist: Greenan
** Organization: BIO
** Area_of_Operation: Sackville Spur
** Station: 20
** Sounding:  440
** Event_Comments: FC19.5  393127
# nquan = 25
# nvalues = 424                         
# units = specified
# name 0 = scan: Scan Count
# name 1 = timeS: Time, Elapsed [seconds]
# name 2 = prDM: Pressure, Digiquartz [db]
# name 3 = t068C: Temperature [ITS-68, deg C]
# name 4 = c0S/m: Conductivity [S/m]
# name 5 = t168C: Temperature, 2 [ITS-68, deg C]
# name 6 = c1S/m: Conductivity, 2 [S/m]
# name 7 = altM: Altimeter [m]
# name 8 = flCUVA: Fluorescence, Chelsea UV Aquatracka [ug/l]
# name 9 = sbeox0V: Oxygen raw, SBE 43 [V]
# name 10 = sbeox1V: Oxygen raw, SBE 43, 2 [V]
# name 11 = upoly0: Upoly 0, Optode 4330F - O2 D-Phase
# name 12 = upoly1: Upoly 1, Optode 4330F - O2 Temp
# name 13 = latitude: Latitude [deg]
# name 14 = longitude: Longitude [deg]
# name 15 = sal00: Salinity, Practical [PSU]
# name 16 = sal11: Salinity, Practical, 2 [PSU]
# name 17 = potemp068C: Potential Temperature [ITS-68, deg C]
# name 18 = potemp168C: Potential Temperature, 2 [ITS-68, deg C]
# name 19 = sigma-é00: Density [sigma-theta, Kg/m^3]
# name 20 = sigma-é11: Density, 2 [sigma-theta, Kg/m^3]
# name 21 = sbeox0ML/L: Oxygen, SBE 43 [ml/l], WS = 2
# name 22 = sbeox1ML/L: Oxygen, SBE 43, 2 [ml/l], WS = 2
# name 23 = nbin: number of scans per bin
# name 24 = flag: flag
# span 0 =      20977,      30949       
# span 1 =    873.997,   1289.491       
# span 2 =      1.000,    424.000       
# span 3 =     2.7522,     6.5154       
# span 4 =   3.064228,   3.347236       
# span 5 =     2.7392,     6.5150       
# span 6 =   3.063536,   3.348659       
# span 7 =       6.57,      98.90       
# span 8 =     0.0077,     0.2431       
# span 9 =     2.6243,     3.4271       
# span 10 =     2.3418,     3.0648      
# span 11 =  1.7181710,  2.0447426      
# span 12 =  0.9871145,  1.3956793      
# span 13 =   47.00131,   47.00190      
# span 14 =  -46.55840,  -46.55818      
# span 15 =    32.7674,    34.9248      
# span 16 =    32.7810,    34.9397      
# span 17 =     2.7461,     6.5153      
# span 18 =     2.7329,     6.5148      
# span 19 =    25.7245,    27.6715      
# span 20 =    25.7352,    27.6839      
# span 21 =    5.37874,    7.80754      
# span 22 =    5.50829,    7.86857      
# span 23 =         12,        134      
# span 24 = 0.0000e+00, 0.0000e+00      
# interval = decibars: 1                
# start_time = Jul 02 2013 06:15:01 [NMEA time, header]
# bad_flag = -9.990e-29
*END*
      20977    873.997    424.000     4.4152   3.304044     4.4149   3.305339       9.67     0.0178     2.6861     2.4098  2.0076590  1.1791990   47.00131  -46.55818    34.9072    34.9228     4.3833     4.3830    27.6715    27.6839    5.75522    5.93088         61 0.0000e+00
      21283    886.765    423.000     4.4180   3.304256     4.4176   3.305538      10.24     0.0198     2.6879     2.4113  2.0061710  1.1796501   47.00134  -46.55819    34.9073    34.9229     4.3862     4.3857    27.6713    27.6837    5.75993    5.92958        134 0.0000e+00
      21393    891.340    422.000     4.4172   3.304131     4.4171   3.305447      10.73     0.0172     2.6896     2.4103  2.0073462  1.1806368   47.00135  -46.55820    34.9073    34.9228     4.3854     4.3853    27.6713    27.6837    5.76058    5.92307         42 0.0000e+00
      21436    893.116    421.000     4.4164   3.304017     4.4156   3.305273      12.09     0.0133     2.6889     2.4096  2.0078976  1.1801373   47.00136  -46.55820    34.9073    34.9229     4.3847     4.3839    27.6714    27.6839    5.75760    5.92274         37 0.0000e+00
      21468    894.477    420.000     4.4156   3.303893     4.4150   3.305166      12.88     0.0100     2.6895     2.4098  2.0075746  1.1798196   47.00136  -46.55820    34.9072    34.9227     4.3840     4.3834    27.6714    27.6838    5.76684    5.92712         29 0.0000e+00
      21492    895.476    419.000     4.4154   3.303829     4.4151   3.305131      13.45     0.0134     2.6895     2.4101  2.0079963  1.1794883   47.00136  -46.55820    34.9071    34.9228     4.3839     4.3835    27.6714    27.6839    5.75310    5.92685         20 0.0000e+00
      21514    896.375    418.000     4.4158   3.303815     4.4155   3.305107      14.30     0.0145     2.6887     2.4102  2.0070257  1.1794872   47.00136  -46.55820    34.9072    34.9227     4.3843     4.3840    27.6714    27.6837    5.75488    5.92885         22 0.0000e+00
      21533    897.162    417.000     4.4166   3.303841     4.4165   3.305157      14.89     0.0158     2.6894     2.4107  2.0060859  1.1794872   47.00136  -46.55820    34.9072    34.9227     4.3852     4.3851    27.6713    27.6836    5.75400    5.92989         16 0.0000e+00
      21548    897.784    416.000     4.4170   3.303843     4.4170   3.305161      16.00     0.0209     2.6883     2.4109  2.0061049  1.1794872   47.00136  -46.55820    34.9072    34.9227     4.3857     4.3857    27.6713    27.6836    5.75491    5.92183         15 0.0000e+00
      21564    898.456    415.000     4.4172   3.303811     4.4169   3.305120      16.78     0.0207     2.6894     2.4103  2.0061049  1.1794872   47.00136  -46.55820    34.9072    34.9228     4.3860     4.3857    27.6712    27.6836    5.75729    5.91674         17 0.0000e+00
      21584    899.279    414.000     4.4173   3.303788     4.4170   3.305085      17.81     0.0180     2.6889     2.4103  2.0061049  1.1794872   47.00136  -46.55820    34.9073    34.9228     4.3862     4.3859    27.6713    27.6836    5.75146    5.91976         23 0.0000e+00
      21609    900.314    413.000     4.4176   3.303763     4.4177   3.305103      19.48     0.0151     2.6891     2.4103  2.0061049  1.1794429   47.00137  -46.55820    34.9072    34.9228     4.3866     4.3867    27.6712    27.6835    5.75989    5.91630         27 0.0000e+00
      21638    901.521    412.000     4.4180   3.303753     4.4190   3.305170      20.38     0.0174     2.6897     2.4095  2.0061049  1.1793594   47.00138  -46.55820    34.9072    34.9228     4.3871     4.3880    27.6711    27.6834    5.76323    5.90906         29 0.0000e+00
      21670    902.863    411.000     4.4185   3.303765     4.4202   3.305232      21.64     0.0209     2.6910     2.4091  2.0071850  1.1794862   47.00138  -46.55820    34.9073    34.9228     4.3876     4.3900    27.6711    27.6832    5.76452    5.91556         37 0.0000e+00
      21702    904.211    410.000     4.4199   3.303839     4.4204   3.305208      22.28     0.0179     2.6915     2.4095  2.0071905  1.1794419   47.00138  -46.55820    34.9073    34.9229     4.3891     4.3896    27.6709    27.6833    5.76412    5.91581         27 0.0000e+00
      21728    905.300    409.000     4.4202   3.303824     4.4201   3.305146      23.15     0.0162     2.6924     2.4095  2.0060964  1.1794876   47.00138  -46.55822    34.9074    34.9229     4.3894     4.3894    27.6710    27.6833    5.76800    5.91957         25 0.0000e+00
      21753    906.333    408.000     4.4205   3.303801     4.4205   3.305136      24.04     0.0157     2.6934     2.4102  2.0056655  1.1794872   47.00138  -46.55822    34.9073    34.9230     4.3898     4.3898    27.6709    27.6833    5.77409    5.92465         25 0.0000e+00
      21778    907.378    407.000     4.4210   3.303820     4.4215   3.305186      25.46     0.0139     2.6942     2.4110  2.0054975  1.1794872   47.00140  -46.55822    34.9075    34.9230     4.3904     4.3909    27.6709    27.6832    5.77140    5.92713         26 0.0000e+00
      21806    908.558    406.000     4.4221   3.303865     4.4222   3.305206      26.27     0.0156     2.6954     2.4120  2.0056438  1.1794872   47.00140  -46.55822    34.9074    34.9230     4.3916     4.3917    27.6707    27.6832    5.76755    5.92744         29 0.0000e+00
      21832    909.620    405.000     4.4225   3.303853     4.4226   3.305187      27.10     0.0176     2.6947     2.4125  2.0057175  1.1794872   47.00140  -46.55822    34.9074    34.9229     4.3920     4.3922    27.6707    27.6830    5.76684    5.92303         22 0.0000e+00
      21853    910.517    404.000     4.4231   3.303859     4.4235   3.305213      28.24     0.0184     2.6958     2.4126  2.0070012  1.1794872   47.00140  -46.55822    34.9073    34.9228     4.3928     4.3931    27.6705    27.6828    5.76989    5.92314         21 0.0000e+00
      21874    911.391    403.000     4.4242   3.303912     4.4244   3.305254      28.76     0.0194     2.6956     2.4131  2.0078058  1.1794872   47.00140  -46.55822    34.9074    34.9228     4.3939     4.3941    27.6705    27.6827    5.76424    5.92556         21 0.0000e+00
      21896    912.299    402.000     4.4245   3.303897     4.4245   3.305218      30.28     0.0197     2.6962     2.4134  2.0067813  1.1794872   47.00140  -46.55822    34.9074    34.9229     4.3943     4.3943    27.6704    27.6828    5.76727    5.92893         24 0.0000e+00
      21927    913.598    401.000     4.4245   3.303864     4.4244   3.305161      31.05     0.0206     2.6960     2.4145  2.0053523  1.1794872   47.00142  -46.55822    34.9075    34.9228     4.3944     4.3942    27.6705    27.6827    5.75995    5.93095         39 0.0000e+00
      21962    915.052    400.000     4.4245   3.303804     4.4244   3.305111      32.30     0.0190     2.6956     2.4154  2.0052068  1.1794872   47.00142  -46.55822    34.9073    34.9227     4.3945     4.3944    27.6703    27.6826    5.76876    5.93411         26 0.0000e+00
      21983    915.921    399.000     4.4247   3.303767     4.4246   3.305087      32.84     0.0167     2.6967     2.4161  2.0052931  1.1794872   47.00142  -46.55822    34.9072    34.9228     4.3947     4.3947    27.6703    27.6826    5.76788    5.93557         18 0.0000e+00
      21999    916.595    398.000     4.4250   3.303752     4.4250   3.305079      33.38     0.0146     2.6966     2.4166  2.0053737  1.1794872   47.00142  -46.55822    34.9073    34.9228     4.3951     4.3951    27.6703    27.6826    5.76111    5.93472         15 0.0000e+00
      22014    917.200    397.000     4.4253   3.303740     4.4252   3.305057      34.42     0.0135     2.6970     2.4169  2.0056133  1.1794872   47.00142  -46.55822    34.9074    34.9228     4.3954     4.3954    27.6703    27.6826    5.76313    5.93171         15 0.0000e+00
      22029    917.826    396.000     4.4254   3.303709     4.4252   3.305014      35.66     0.0094     2.6964     2.4170  2.0057774  1.1794872   47.00143  -46.55822    34.9074    34.9229     4.3956     4.3955    27.6703    27.6826    5.76144    5.92998         15 0.0000e+00
      22047    918.571    395.000     4.4254   3.303666     4.4253   3.304972      36.71     0.0145     2.6971     2.4172  2.0061567  1.1794872   47.00144  -46.55822    34.9074    34.9228     4.3957     4.3956    27.6703    27.6826    5.76806    5.92710         21 0.0000e+00
      22076    919.807    394.000     4.4254   3.303613     4.4252   3.304921      37.99     0.0178     2.6976     2.4172  2.0060484  1.1794872   47.00144  -46.55824    34.9073    34.9228     4.3958     4.3962    27.6702    27.6826    5.76484    5.92980         40 0.0000e+00
      22115    921.410    393.000     4.4255   3.303570     4.4251   3.304858      38.91     0.0198     2.6980     2.4180  2.0051968  1.1794872   47.00144  -46.55822    34.9073    34.9228     4.3959     4.3955    27.6702    27.6825    5.76432    5.92965         31 0.0000e+00
      22140    922.469    392.000     4.4254   3.303517     4.4251   3.304811      39.66     0.0204     2.6977     2.4181  2.0054700  1.1794872   47.00144  -46.55822    34.9072    34.9227     4.3960     4.3956    27.6701    27.6825    5.76364    5.93178         23 0.0000e+00
      22163    923.426    391.000     4.4253   3.303471     4.4252   3.304780      40.72     0.0200     2.6986     2.4185  2.0052428  1.1794872   47.00144  -46.55824    34.9073    34.9228     4.3960     4.3958    27.6702    27.6825    5.77192    5.93082         24 0.0000e+00
      22191    924.585    390.000     4.4253   3.303421     4.4252   3.304726      41.87     0.0208     2.6994     2.4185  2.0053401  1.1794872   47.00145  -46.55824    34.9072    34.9226     4.3961     4.3959    27.6701    27.6824    5.76734    5.92286         32 0.0000e+00
      22221    925.827    389.000     4.4254   3.303370     4.4252   3.304673      42.77     0.0177     2.6993     2.4177  2.0055242  1.1794872   47.00146  -46.55824    34.9070    34.9226     4.3963     4.3960    27.6699    27.6823    5.76662    5.91229         25 0.0000e+00
      22243    926.735    388.000     4.4254   3.303331     4.4258   3.304676      43.71     0.0166     2.7001     2.4169  2.0053284  1.1795534   47.00146  -46.55824    34.9071    34.9225     4.3963     4.3967    27.6700    27.6822    5.76763    5.91017         19 0.0000e+00
      22260    927.454    387.000     4.4263   3.303370     4.4277   3.304799      44.46     0.0157     2.7000     2.4163  2.0052435  1.1794876   47.00146  -46.55824    34.9071    34.9225     4.3973     4.3986    27.6699    27.6820    5.76484    5.91771         17 0.0000e+00
      22276    928.117    386.000     4.4284   3.303509     4.4298   3.304960      45.14     0.0201     2.7003     2.4168  2.0053709  1.1794872   47.00146  -46.55824    34.9072    34.9227     4.3994     4.4008    27.6697    27.6819    5.77061    5.92802         15 0.0000e+00
      22292    928.793    385.000     4.4303   3.303639     4.4311   3.305039      45.88     0.0213     2.7005     2.4175  2.0056026  1.1794872   47.00146  -46.55824    34.9072    34.9228     4.4014     4.4022    27.6695    27.6818    5.77385    5.93103         17 0.0000e+00
      22311    929.589    384.000     4.4313   3.303681     4.4315   3.305028      46.91     0.0208     2.7016     2.4183  2.0054421  1.1795417   47.00146  -46.55824    34.9072    34.9228     4.4025     4.4026    27.6694    27.6817    5.77354    5.92714         22 0.0000e+00
      22339    930.731    383.000     4.4315   3.303659     4.4313   3.304966      48.46     0.0216     2.7022     2.4185  2.0042171  1.1794901   47.00147  -46.55824    34.9073    34.9228     4.4027     4.4025    27.6694    27.6818    5.76800    5.92354         35 0.0000e+00
      22377    932.328    382.000     4.4307   3.303539     4.4309   3.304875      49.83     0.0215     2.7020     2.4191  2.0037851  1.1798042   47.00148  -46.55824    34.9071    34.9227     4.4021     4.4022    27.6694    27.6817    5.76682    5.92845         36 0.0000e+00
      22406    933.549    381.000     4.4307   3.303485     4.4306   3.304803      50.57     0.0202     2.7025     2.4198  2.0040762  1.1800005   47.00148  -46.55826    34.9071    34.9226     4.4021     4.4020    27.6693    27.6817    5.76862    5.92930         24 0.0000e+00
      22427    934.425    380.000     4.4313   3.303493     4.4310   3.304794      51.58     0.0217     2.7028     2.4202  2.0044374  1.1801959   47.00148  -46.55826    34.9071    34.9226     4.4028     4.4025    27.6693    27.6817    5.76480    5.92785         19 0.0000e+00
      22445    935.165    379.000     4.4312   3.303437     4.4309   3.304752      52.27     0.0222     2.7021     2.4204  2.0050266  1.1801337   47.00148  -46.55826    34.9071    34.9228     4.4027     4.4024    27.6693    27.6818    5.76188    5.92946         17 0.0000e+00
      22462    935.887    378.000     4.4311   3.303396     4.4310   3.304701      53.21     0.0196     2.7033     2.4210  2.0053546  1.1799642   47.00149  -46.55826    34.9072    34.9226     4.4027     4.4026    27.6694    27.6816    5.76940    5.92882         18 0.0000e+00
      22482    936.695    377.000     4.4310   3.303347     4.4309   3.304653      53.79     0.0180     2.7026     2.4209  2.0053108  1.1806536   47.00150  -46.55826    34.9072    34.9227     4.4028     4.4026    27.6694    27.6817    5.76219    5.92150         20 0.0000e+00
      22501    937.519    376.000     4.4310   3.303299     4.4309   3.304603      55.29     0.0161     2.7030     2.4209  2.0052915  1.1807065   47.00150  -46.55826    34.9072    34.9226     4.4028     4.4027    27.6693    27.6816    5.76587    5.91607         21 0.0000e+00
      22525    938.503    375.000     4.4310   3.303253     4.4308   3.304547      56.02     0.0181     2.7030     2.4198  2.0053236  1.1807082   47.00150  -46.55826    34.9072    34.9226     4.4029     4.4026    27.6694    27.6816    5.76133    5.90762         25 0.0000e+00
      22549    939.490    374.000     4.4310   3.303209     4.4308   3.304502      56.81     0.0162     2.7034     2.4192  2.0056086  1.1807082   47.00150  -46.55826    34.9072    34.9226     4.4030     4.4027    27.6693    27.6816    5.77379    5.91209         22 0.0000e+00
      22570    940.359    373.000     4.4309   3.303152     4.4307   3.304456      58.20     0.0153     2.7049     2.4191  2.0052483  1.1807082   47.00150  -46.55826    34.9072    34.9226     4.4030     4.4028    27.6693    27.6816    5.77223    5.91623         20 0.0000e+00
      22589    941.162    372.000     4.4309   3.303110     4.4307   3.304417      58.63     0.0155     2.7040     2.4195  2.0051417  1.1807082   47.00150  -46.55826    34.9072    34.9227     4.4030     4.4028    27.6694    27.6817    5.75984    5.91534         19 0.0000e+00
      22608    941.971    371.000     4.4309   3.303061     4.4308   3.304382      59.29     0.0200     2.7046     2.4191  2.0051284  1.1807082   47.00151  -46.55826    34.9072    34.9227     4.4031     4.4030    27.6693    27.6817    5.76411    5.90940         20 0.0000e+00
      22630    942.884    370.000     4.4310   3.303026     4.4310   3.304348      60.93     0.0259     2.7041     2.4190  2.0044351  1.1807082   47.00152  -46.55827    34.9072    34.9227     4.4033     4.4032    27.6693    27.6816    5.75743    5.91180         24 0.0000e+00
      22658    944.055    369.000     4.4311   3.302992     4.4312   3.304327      75.64     0.0216     2.7036     2.4191  2.0048051  1.1807082   47.00152  -46.55828    34.9072    34.9228     4.4034     4.4035    27.6693    27.6817    5.75565    5.90981         32 0.0000e+00
      22688    945.303    368.000     4.4312   3.302952     4.4314   3.304299      69.41     0.0169     2.7036     2.4187  2.0054164  1.1807082   47.00152  -46.55828    34.9072    34.9228     4.4036     4.4038    27.6693    27.6816    5.76117    5.91000         26 0.0000e+00
