data/CTD/2013/CNV/U021A011.CNV
* Sea-Bird SBE 9 Data File:
* FileName = C:\CTD_ACQUISITION\2013021HUD\ctddata\021A011.hdr
* Software Version Seasave V 7.22.2
* Temperature SN = 5081
* Conductivity SN = 3561
* Number of Bytes Per Scan = 37
* Number of Voltage Words = 4
* Number of Scans Averaged by the Deck Unit = 1
* NMEA Latitude = 46 59.93 N
* NMEA Longitude = 047 21.52 W
* NMEA UTC (Time) = Jul 01 2013 19:37:40
* NMEA baud rate = 9600
** Ship: Hudson
** Cruise: HUD2013021
** Chief_Scientist: Greenan
** Organization: BIO
** Area_of_Operation: Sackville Spur
** Station: 11
** Sounding:  259
** Event_Comments: FC14.5  393109
# nquan = 25
# nvalues = 255                         
# units = specified
# name 0 = scan: Scan Count
# name 1 = timeS: Time, Elapsed [seconds]
# name 2 = prDM: Pressure, Digiquartz [db]
# name 3 = t068C: Temperature [ITS-68, deg C]
# name 4 = c0S/m: Conductivity [S/m]
# name 5 = t168C: Temperature, 2 [ITS-68, deg C]
# name 6 = c1S/m: Conductivity, 2 [S/m]
# name 7 = altM: Altimeter [m]
# name 8 = flCUVA: Fluorescence, Chelsea UV Aquatracka [ug/l]
# name 9 = sbeox0V: Oxygen raw, SBE 43 [V]
# name 10 = sbeox1V: Oxygen raw, SBE 43, 2 [V]
# name 11 = upoly0: Upoly 0, Optode 4330F - O2 D-Phase
# name 12 = upoly1: Upoly 1, Optode 4330F - O2 Temp
# name 13 = latitude: Latitude [deg]
# name 14 = longitude: Longitude [deg]
# name 15 = sal00: Salinity, Practical [PSU]
# name 16 = sal11: Salinity, Practical, 2 [PSU]
# name 17 = potemp068C: Potential Temperature [ITS-68, deg C]
# name 18 = potemp168C: Potential Temperature, 2 [ITS-68, deg C]
# name 19 = sigma-é00: Density [sigma-theta, Kg/m^3]
# name 20 = sigma-é11: Density, 2 [sigma-theta, Kg/m^3]
# name 21 = sbeox0ML/L: Oxygen, SBE 43 [ml/l], WS = 2
# name 22 = sbeox1ML/L: Oxygen, SBE 43, 2 [ml/l], WS = 2
# name 23 = nbin: number of scans per bin
# name 24 = flag: flag
# span 0 =      16788,      27654       
# span 1 =    699.477,   1152.198       
# span 2 =      1.000,    255.000       
# span 3 =    -0.7487,     6.4690       
# span 4 =   2.694450,   3.241805       
# span 5 =    -0.7594,     6.4710       
# span 6 =   2.694517,   3.242761       
# span 7 =       2.89,      97.12       
# span 8 =     0.0095,     0.1796       
# span 9 =     2.6010,     3.3717       
# span 10 =     2.3331,     3.0535      
# span 11 =  1.7185216,  2.1075952      
# span 12 =  0.5448438,  1.4270780      
# span 13 =   46.99870,   46.99926      
# span 14 =  -47.35668,  -47.35558      
# span 15 =    32.3515,    34.2707      
# span 16 =    32.3656,    34.2857      
# span 17 =    -0.7500,     6.4685      
# span 18 =    -0.7608,     6.4710      
# span 19 =    25.4033,    27.3618      
# span 20 =    25.4132,    27.3738      
# span 21 =    5.71255,    8.07566      
# span 22 =    5.87628,    8.32090      
# span 23 =         16,       2528      
# span 24 = 0.0000e+00, 0.0000e+00      
# interval = decibars: 1                
# start_time = Jul 01 2013 19:37:40 [NMEA time, header]
# bad_flag = -9.990e-29
*END*
      16788    699.477    255.000     2.3342   3.060084     2.3330   3.061186       4.60     0.0368     2.6090     2.3443  2.1059096  0.9157736   46.99924  -47.35668    34.2707    34.2857     2.3199     2.3187    27.3618    27.3738    5.76394    5.94232         17 0.0000e+00
      16831    701.232    254.000     2.3306   3.059623     2.3304   3.060838       5.00     0.0355     2.6090     2.3444  2.1062522  0.9154564   46.99924  -47.35668    34.2694    34.2848     2.3164     2.3161    27.3610    27.3733    5.75159    5.94107         36 0.0000e+00
      16857    702.329    253.000     2.3288   3.059340     2.3288   3.060582       5.70     0.0334     2.6081     2.3447  2.1062272  0.9155912   46.99924  -47.35668    34.2685    34.2838     2.3146     2.3146    27.3604    27.3727    5.74691    5.93635         23 0.0000e+00
      16880    703.279    252.000     2.3295   3.059392     2.3295   3.060622       6.57     0.0345     2.6079     2.3440  2.1061780  0.9154998   46.99924  -47.35668    34.2688    34.2842     2.3154     2.3153    27.3606    27.3729    5.75047    5.92542         24 0.0000e+00
      16918    704.862    251.000     2.3292   3.059308     2.3285   3.060467       7.55     0.0336     2.6078     2.3429  2.1059835  0.9155678   46.99924  -47.35668    34.2687    34.2838     2.3151     2.3144    27.3606    27.3727    5.75204    5.92749         65 0.0000e+00
      19547    814.414    250.000     2.3303   3.059415     2.3305   3.060685       9.19     0.0342     2.6044     2.3372  2.1051691  0.9178787   46.99926  -47.35665    34.2695    34.2850     2.3162     2.3165    27.3611    27.3735    5.74009    5.91427       2528 0.0000e+00
      20713    863.002    249.000     2.3303   3.059335     2.3302   3.060560       9.79     0.0394     2.6017     2.3352  2.1049972  0.9174201   46.99918  -47.35658    34.2690    34.2843     2.3163     2.3162    27.3607    27.3730    5.73499    5.90683         33 0.0000e+00
      20699    862.425    248.000     2.3299   3.059264     2.3298   3.060490      10.60     0.0403     2.6025     2.3354  2.1056108  0.9171489   46.99916  -47.35658    34.2691    34.2844     2.3160     2.3159    27.3608    27.3730    5.73504    5.90612         28 0.0000e+00
      20731    863.748    247.000     2.3296   3.059189     2.3294   3.060416      11.49     0.0346     2.6025     2.3356  2.1059535  0.9169801   46.99916  -47.35658    34.2691    34.2844     2.3157     2.3156    27.3608    27.3731    5.73813    5.90900         38 0.0000e+00
      20777    865.662    246.000     2.3289   3.059062     2.3289   3.060301      12.28     0.0345     2.6028     2.3361  2.1053436  0.9169719   46.99916  -47.35658    34.2688    34.2841     2.3151     2.3151    27.3606    27.3729    5.73393    5.90618         52 0.0000e+00
      20821    867.504    245.000     2.3284   3.058931     2.3285   3.060204      13.55     0.0360     2.6029     2.3357  2.1062722  0.9169719   46.99916  -47.35656    34.2683    34.2839     2.3146     2.3148    27.3603    27.3728    5.73295    5.90145         31 0.0000e+00
      20845    868.519    244.000     2.3272   3.058749     2.3264   3.059901      14.26     0.0355     2.6031     2.3356  2.1053405  0.9173599   46.99916  -47.35656    34.2679    34.2830     2.3135     2.3128    27.3600    27.3722    5.73750    5.90182         22 0.0000e+00
      20866    869.378    243.000     2.3250   3.058431     2.3244   3.059598      15.27     0.0328     2.6031     2.3355  2.1050131  0.9173985   46.99914  -47.35656    34.2668    34.2820     2.3114     2.3107    27.3593    27.3715    5.73736    5.90097         20 0.0000e+00
      20890    870.360    242.000     2.3237   3.058238     2.3233   3.059432      16.28     0.0310     2.6036     2.3355  2.1052446  0.9172741   46.99914  -47.35656    34.2663    34.2816     2.3102     2.3098    27.3591    27.3713    5.73183    5.90399         29 0.0000e+00
      20924    871.797    241.000     2.3232   3.058126     2.3228   3.059325      16.96     0.0304     2.6032     2.3355  2.1053126  0.9169316   46.99914  -47.35655    34.2661    34.2814     2.3097     2.3093    27.3589    27.3712    5.73218    5.90048         36 0.0000e+00
      20955    873.090    240.000     2.3231   3.058053     2.3226   3.059252      18.20     0.0356     2.6028     2.3356  2.1062622  0.9167704   46.99914  -47.35654    34.2659    34.2812     2.3096     2.3092    27.3588    27.3711    5.72825    5.90540         25 0.0000e+00
      20977    873.985    239.000     2.3227   3.057972     2.3225   3.059187      19.10     0.0393     2.6033     2.3357  2.1062272  0.9169732   46.99914  -47.35654    34.2658    34.2811     2.3094     2.3092    27.3587    27.3710    5.74013    5.89705         20 0.0000e+00
      20996    874.801    238.000     2.3224   3.057896     2.3222   3.059108      20.09     0.0415     2.6039     2.3353  2.1062272  0.9169719   46.99914  -47.35654    34.2658    34.2810     2.3091     2.3089    27.3587    27.3709    5.73697    5.89936         20 0.0000e+00
      21019    875.729    237.000     2.3218   3.057785     2.3217   3.059019      21.13     0.0411     2.6039     2.3357  2.1062272  0.9169270   46.99913  -47.35654    34.2656    34.2810     2.3086     2.3085    27.3586    27.3709    5.72901    5.89996         26 0.0000e+00
      21050    877.057    236.000     2.3215   3.057699     2.3212   3.058910      22.27     0.0371     2.6032     2.3354  2.1062272  0.9164122   46.99912  -47.35654    34.2654    34.2807     2.3083     2.3080    27.3585    27.3708    5.72210    5.89516         38 0.0000e+00
      21089    878.668    235.000     2.3214   3.057636     2.3210   3.058826      23.39     0.0325     2.6029     2.3349  2.1052585  0.9159838   46.99912  -47.35653    34.2653    34.2805     2.3083     2.3078    27.3584    27.3706    5.72536    5.89313         35 0.0000e+00
      21118    879.891    234.000     2.3214   3.057590     2.3211   3.058793      24.22     0.0307     2.6022     2.3353  2.1049037  0.9158468   46.99912  -47.35652    34.2653    34.2805     2.3083     2.3080    27.3584    27.3706    5.71946    5.90031         25 0.0000e+00
      21142    880.866    233.000     2.3208   3.057486     2.3205   3.058685      24.99     0.0300     2.6021     2.3356  2.1050053  0.9169618   46.99912  -47.35652    34.2652    34.2805     2.3078     2.3074    27.3584    27.3706    5.71588    5.89973         23 0.0000e+00
      21164    881.790    232.000     2.3192   3.057244     2.3187   3.058421      25.54     0.0320     2.6014     2.3356  2.1050062  0.9169719   46.99911  -47.35652    34.2645    34.2796     2.3062     2.3057    27.3579    27.3701    5.71780    5.88918         21 0.0000e+00
      21186    882.703    231.000     2.3172   3.056943     2.3166   3.058115      26.84     0.0333     2.6014     2.3347  2.1050062  0.9158630   46.99910  -47.35652    34.2634    34.2786     2.3044     2.3037    27.3572    27.3694    5.72132    5.87628         23 0.0000e+00
      21209    883.651    230.000     2.3148   3.056605     2.3136   3.057707      27.11     0.0339     2.6017     2.3335  2.1050062  0.9158049   46.99910  -47.35652    34.2624    34.2773     2.3019     2.3008    27.3566    27.3686    5.71846    5.87834         23 0.0000e+00
      21234    884.719    229.000     2.3130   3.056323     2.3113   3.057360      28.87     0.0339     2.6010     2.3333  2.1060429  0.9157514   46.99910  -47.35652    34.2614    34.2761     2.3002     2.2985    27.3560    27.3678    5.71722    5.88447         28 0.0000e+00
      21266    886.023    228.000     2.3110   3.056059     2.3098   3.057134      29.43     0.0376     2.6015     2.3331  2.1059840  0.9157509   46.99910  -47.35651    34.2609    34.2755     2.2982     2.2971    27.3557    27.3675    5.72120    5.88869         35 0.0000e+00
      21302    887.539    227.000     2.3110   3.056001     2.3088   3.056966      30.95     0.0343     2.6015     2.3337  2.1057682  0.9157509   46.99909  -47.35650    34.2607    34.2750     2.2983     2.2962    27.3555    27.3671    5.72147    5.88954         35 0.0000e+00
      21331    888.732    226.000     2.3085   3.055645     2.3051   3.056444      32.09     0.0355     2.6016     2.3335  2.1061819  0.9157509   46.99908  -47.35650    34.2595    34.2731     2.2959     2.2925    27.3547    27.3659    5.71255    5.88548         23 0.0000e+00
      21352    889.607    225.000     2.3026   3.054849     2.2998   3.055751      32.79     0.0363     2.6010     2.3334  2.1062274  0.9157509   46.99908  -47.35649    34.2565    34.2707     2.2901     2.2873    27.3528    27.3644    5.71350    5.88372         20 0.0000e+00
      21371    890.408    224.000     2.2978   3.054191     2.2959   3.055198      33.75     0.0349     2.6010     2.3333  2.1069903  0.9153693   46.99908  -47.35648    34.2540    34.2686     2.2854     2.2835    27.3512    27.3630    5.72059    5.88761         19 0.0000e+00
      21392    891.284    223.000     2.2949   3.053781     2.2941   3.054918      34.70     0.0366     2.6014     2.3336  2.1074440  0.9148530   46.99908  -47.35648    34.2527    34.2677     2.2825     2.2817    27.3504    27.3625    5.72526    5.89370         23 0.0000e+00
      21418    892.368    222.000     2.2936   3.053588     2.2931   3.054756      35.56     0.0356     2.6020     2.3343  2.1067791  0.9146158   46.99908  -47.35648    34.2522    34.2672     2.2813     2.2808    27.3501    27.3622    5.72828    5.90195         29 0.0000e+00
      21447    893.583    221.000     2.2933   3.053475     2.2929   3.054684      36.88     0.0327     2.6031     2.3356  2.1062176  0.9145284   46.99906  -47.35648    34.2517    34.2671     2.2810     2.2806    27.3498    27.3621    5.73666    5.89741         28 0.0000e+00
      21473    894.677    220.000     2.2929   3.053406     2.2925   3.054592      37.22     0.0364     2.6044     2.3357  2.1073263  0.9134832   46.99906  -47.35648    34.2518    34.2670     2.2807     2.2803    27.3498    27.3620    5.73948    5.89519         24 0.0000e+00
      21496    895.607    219.000     2.2917   3.053218     2.2904   3.054298      37.69     0.0402     2.6052     2.3361  2.1074486  0.9133083   46.99906  -47.35647    34.2513    34.2662     2.2795     2.2782    27.3496    27.3615    5.74105    5.89487         22 0.0000e+00
      21518    896.550    218.000     2.2885   3.052792     2.2876   3.053923      38.68     0.0413     2.6064     2.3360  2.1074481  0.9133089   46.99906  -47.35646    34.2500    34.2651     2.2764     2.2755    27.3488    27.3609    5.73442    5.89341         24 0.0000e+00
      21545    897.661    217.000     2.2860   3.052430     2.2851   3.053569      40.00     0.0389     2.6063     2.3361  2.1074481  0.9133089   46.99906  -47.35646    34.2488    34.2639     2.2740     2.2731    27.3480    27.3601    5.73404    5.89528         29 0.0000e+00
      21573    898.828    216.000     2.2825   3.051954     2.2835   3.053334      41.28     0.0341     2.6069     2.3368  2.1074481  0.9133089   46.99905  -47.35646    34.2472    34.2633     2.2705     2.2716    27.3470    27.3598    5.74658    5.90885         26 0.0000e+00
      21598    899.874    215.000     2.2811   3.051719     2.2802   3.052869      42.51     0.0339     2.6087     2.3384  2.1074481  0.9132571   46.99904  -47.35646    34.2463    34.2616     2.2692     2.2683    27.3464    27.3587    5.75940    5.92083         24 0.0000e+00
      21622    900.879    214.000     2.2775   3.051252     2.2762   3.052342      43.26     0.0330     2.6106     2.3402  2.1075952  0.9125734   46.99904  -47.35645    34.2450    34.2599     2.2656     2.2644    27.3456    27.3576    5.76691    5.92672         25 0.0000e+00
      21647    901.922    213.000     2.2736   3.050727     2.2729   3.051892      44.30     0.0336     2.6129     2.3417  2.1075456  0.9125763   46.99904  -47.35644    34.2432    34.2584     2.2619     2.2612    27.3445    27.3567    5.77788    5.93484         25 0.0000e+00
      21672    902.963    212.000     2.2703   3.050260     2.2706   3.051542      45.53     0.0364     2.6155     2.3441  2.1070552  0.9120857   46.99904  -47.35644    34.2415    34.2571     2.2586     2.2589    27.3434    27.3558    5.78817    5.94428         25 0.0000e+00
      21696    903.956    211.000     2.2640   3.049428     2.2655   3.050846      46.47     0.0324     2.6179     2.3457  2.1071293  0.9120879   46.99903  -47.35644    34.2386    34.2546     2.2523     2.2538    27.3416    27.3542    5.78951    5.94232         23 0.0000e+00
      21718    904.857    210.000     2.2498   3.047609     2.2496   3.048814      47.44     0.0289     2.6195     2.3471  2.1074491  0.9117818   46.99902  -47.35644    34.2317    34.2469     2.2383     2.2380    27.3372    27.3494    5.78607    5.94720         20 0.0000e+00
      21738    905.711    209.000     2.2360   3.045806     2.2331   3.046738      48.38     0.0320     2.6202     2.3481  2.1074481  0.9119139   46.99902  -47.35644    34.2247    34.2394     2.2245     2.2216    27.3327    27.3447    5.78759    5.95046         21 0.0000e+00
      21758    906.535    208.000     2.2266   3.044571     2.2260   3.045746      48.47     0.0341     2.6213     2.3492  2.1074481  0.9109385   46.99902  -47.35644    34.2200    34.2353     2.2152     2.2146    27.3297    27.3420    5.78494    5.94984         19 0.0000e+00
      21778    907.359    207.000     2.2207   3.043758     2.2196   3.044909      49.73     0.0327     2.6214     2.3496  2.1074481  0.9108666   46.99902  -47.35642    34.2168    34.2323     2.2094     2.2082    27.3276    27.3401    5.77893    5.94634         20 0.0000e+00
      21800    908.309    206.000     2.2127   3.042767     2.2124   3.043975      50.96     0.0333     2.6212     2.3499  2.1064777  0.9096318   46.99902  -47.35642    34.2136    34.2290     2.2014     2.2011    27.3257    27.3380    5.77277    5.93749         27 0.0000e+00
      21832    909.617    205.000     2.2116   3.042569     2.2066   3.043231      52.39     0.0330     2.6203     2.3491  2.1056807  0.9084129   46.99900  -47.35642    34.2129    34.2265     2.2004     2.1954    27.3253    27.3365    5.75948    5.92336         34 0.0000e+00
      21862    910.893    204.000     2.2052   3.041736     2.2051   3.042995      53.39     0.0312     2.6176     2.3469  2.1062531  0.9071447   46.99900  -47.35642    34.2100    34.2258     2.1941     2.1939    27.3234    27.3361    5.72679    5.90402         25 0.0000e+00
      21884    911.794    203.000     2.2007   3.041162     2.2010   3.042455      54.22     0.0353     2.6141     2.3452  2.1062272  0.9072039   46.99900  -47.35641    34.2082    34.2240     2.1897     2.1900    27.3223    27.3349    5.71503    5.89690         20 0.0000e+00
      21903    912.566    202.000     2.1979   3.040776     2.1983   3.042097      55.18     0.0352     2.6119     2.3432  2.1052055  0.9061822   46.99900  -47.35640    34.2070    34.2230     2.1869     2.1873    27.3215    27.3343    5.72059    5.90671         18 0.0000e+00
      21921    913.331    201.000     2.1940   3.040268     2.1946   3.041600      56.07     0.0312     2.6107     2.3440  2.1050067  0.9059835   46.99898  -47.35640    34.2054    34.2214     2.1830     2.1836    27.3206    27.3333    5.74778    5.94380         19 0.0000e+00
      21941    914.151    200.000     2.1894   3.039690     2.1899   3.040998      56.95     0.0283     2.6121     2.3459  2.1051202  0.9055837   46.99898  -47.35640    34.2038    34.2195     2.1785     2.1790    27.3197    27.3322    5.79536    5.98506         21 0.0000e+00
      21963    915.077    199.000     2.1839   3.039033     2.1860   3.040489      57.99     0.0261     2.6172     2.3518  2.1058507  0.9047674   46.99898  -47.35640    34.2020    34.2179     2.1731     2.1751    27.3187    27.3313    5.86667    6.04194         23 0.0000e+00
