data/CTD/2013/CNV/U021A035.CNV
* Sea-Bird SBE 9 Data File:
* FileName = C:\CTD_ACQUISITION\2013021HUD\ctddata\021A035.hdr
* Software Version Seasave V 7.22.2
* Temperature SN = 5081
* Conductivity SN = 3561
* Number of Bytes Per Scan = 37
* Number of Voltage Words = 4
* Number of Scans Averaged by the Deck Unit = 1
* NMEA Latitude = 48 16.30 N
* NMEA Longitude = 046 30.22 W
* NMEA UTC (Time) = Jul 03 2013 15:36:29
* NMEA baud rate = 9600
** Ship: Hudson
** Cruise: HUD2013021
** Chief_Scientist: Greenan
** Organization: BIO
** Area_of_Operation: Sackville Spur
** Station: 35
** Sounding:  860
** Event_Comments: SS12  393163
# nquan = 25
# nvalues = 866                         
# units = specified
# name 0 = scan: Scan Count
# name 1 = timeS: Time, Elapsed [seconds]
# name 2 = prDM: Pressure, Digiquartz [db]
# name 3 = t068C: Temperature [ITS-68, deg C]
# name 4 = c0S/m: Conductivity [S/m]
# name 5 = t168C: Temperature, 2 [ITS-68, deg C]
# name 6 = c1S/m: Conductivity, 2 [S/m]
# name 7 = altM: Altimeter [m]
# name 8 = flCUVA: Fluorescence, Chelsea UV Aquatracka [ug/l]
# name 9 = sbeox0V: Oxygen raw, SBE 43 [V]
# name 10 = sbeox1V: Oxygen raw, SBE 43, 2 [V]
# name 11 = upoly0: Upoly 0, Optode 4330F - O2 D-Phase
# name 12 = upoly1: Upoly 1, Optode 4330F - O2 Temp
# name 13 = latitude: Latitude [deg]
# name 14 = longitude: Longitude [deg]
# name 15 = sal00: Salinity, Practical [PSU]
# name 16 = sal11: Salinity, Practical, 2 [PSU]
# name 17 = potemp068C: Potential Temperature [ITS-68, deg C]
# name 18 = potemp168C: Potential Temperature, 2 [ITS-68, deg C]
# name 19 = sigma-é00: Density [sigma-theta, Kg/m^3]
# name 20 = sigma-é11: Density, 2 [sigma-theta, Kg/m^3]
# name 21 = sbeox0ML/L: Oxygen, SBE 43 [ml/l], WS = 2
# name 22 = sbeox1ML/L: Oxygen, SBE 43, 2 [ml/l], WS = 2
# name 23 = nbin: number of scans per bin
# name 24 = flag: flag
# span 0 =      34611,      66698       
# span 1 =   1442.065,   2779.052       
# span 2 =      1.000,    866.000       
# span 3 =    -0.1137,     5.6252       
# span 4 =   2.768739,   3.279195       
# span 5 =    -0.1141,     5.6154       
# span 6 =   2.769974,   3.280570       
# span 7 =       3.68,     100.62       
# span 8 =     0.0063,     0.1373       
# span 9 =     2.6170,     3.4045       
# span 10 =     2.3508,     3.0554      
# span 11 =  1.7369479,  2.0112768      
# span 12 =  0.6250906,  1.3249733      
# span 13 =   48.26606,   48.26882      
# span 14 =  -46.50260,  -46.50134      
# span 15 =    32.6393,    34.9103      
# span 16 =    32.6551,    34.9265      
# span 17 =    -0.1150,     5.6249      
# span 18 =    -0.1154,     5.6151      
# span 19 =    25.7354,    27.7454      
# span 20 =    25.7482,    27.7583      
# span 21 =    5.98333,    8.50796      
# span 22 =    6.18238,    8.51330      
# span 23 =         11,       1300      
# span 24 = 0.0000e+00, 0.0000e+00      
# interval = decibars: 1                
# start_time = Jul 03 2013 15:36:29 [NMEA time, header]
# bad_flag = -9.990e-29
*END*
[from data line 522]
      54524   2271.804    344.000     3.8785   3.243616     3.8701   3.244068      96.17     0.0127     2.8512     2.5445  1.9471653  1.1159952   48.26750  -46.50168    34.8032    34.8175     3.8543     3.8459    27.6448    27.6571    6.26162    6.38618         22 0.0000e+00
      54544   2272.622    343.000     3.8659   3.242197     3.8550   3.242413      96.19     0.0116     2.8521     2.5454  1.9454246  1.1147473   48.26749  -46.50168    34.8002    34.8143     3.8419     3.8310    27.6437    27.6561    6.26164    6.38801         18 0.0000e+00
      54561   2273.328    342.000     3.8531   3.240741     3.8392   3.240640      96.15     0.0121     2.8525     2.5458  1.9456995  1.1147741   48.26748  -46.50168    34.7970    34.8105     3.8292     3.8153    27.6425    27.6546    6.26399    6.38322         17 0.0000e+00
      54577   2274.007    341.000     3.8411   3.239420     3.8312   3.239703      96.17     0.0113     2.8534     2.5456  1.9459651  1.1145499   48.26748  -46.50168    34.7945    34.8084     3.8173     3.8074    27.6417    27.6537    6.26423    6.38408         16 0.0000e+00
      54595   2274.742    340.000     3.8319   3.238369     3.8250   3.238983      96.17     0.0146     2.8534     2.5460  1.9476707  1.1135641   48.26748  -46.50168    34.7923    34.8069     3.8082     3.8013    27.6409    27.6532    6.25701    6.39341         19 0.0000e+00
      54619   2275.762    339.000     3.8285   3.237949     3.8202   3.238419      51.24     0.0164     2.8531     2.5469  1.9475788  1.1131171   48.26748  -46.50168    34.7914    34.8059     3.8049     3.7965    27.6405    27.6529    6.25668    6.39427         32 0.0000e+00
      54654   2277.219    338.000     3.8259   3.237593     3.8203   3.238428      97.92     0.0110     2.8534     2.5478  1.9461484  1.1104571   48.26748  -46.50168    34.7905    34.8064     3.8023     3.7967    27.6401    27.6533    6.26081    6.39374         33 0.0000e+00
      54681   2278.333    337.000     3.8275   3.237706     3.8220   3.238495      89.85     0.0156     2.8536     2.5483  1.9465032  1.1094831   48.26748  -46.50168    34.7906    34.8059     3.8040     3.7985    27.6400    27.6527    6.26206    6.39388         22 0.0000e+00
      54702   2279.189    336.000     3.8160   3.236480     3.8128   3.237508      91.20     0.0159     2.8542     2.5485  1.9466659  1.1088449   48.26748  -46.50170    34.7888    34.8044     3.7926     3.7894    27.6397    27.6524    6.25801    6.39091         19 0.0000e+00
      54720   2279.967    335.000     3.8084   3.235601     3.8069   3.236816      96.23     0.0140     2.8533     2.5485  1.9467264  1.1087321   48.26748  -46.50170    34.7869    34.8030     3.7851     3.7836    27.6390    27.6519    6.25285    6.38843         19 0.0000e+00
      54740   2280.797    334.000     3.8047   3.235121     3.8013   3.236147      96.18     0.0133     2.8531     2.5483  1.9471507  1.1076741   48.26748  -46.50170    34.7856    34.8016     3.7815     3.7780    27.6383    27.6513    6.24817    6.38391         21 0.0000e+00
      54762   2281.717    333.000     3.8002   3.234585     3.7968   3.235615      96.19     0.0094     2.8525     2.5478  1.9472859  1.1076603   48.26748  -46.50170    34.7846    34.8005     3.7771     3.7737    27.6379    27.6509    6.24791    6.37986         23 0.0000e+00
      54784   2282.644    332.000     3.7964   3.234138     3.7917   3.235018      96.19     0.0110     2.8518     2.5472  1.9461668  1.1074485   48.26748  -46.50170    34.7838    34.7993     3.7734     3.7686    27.6376    27.6505    6.25045    6.37768         22 0.0000e+00
      54805   2283.497    331.000     3.7916   3.233588     3.7863   3.234385      96.19     0.0139     2.8517     2.5465  1.9460834  1.1074481   48.26748  -46.50170    34.7829    34.7980     3.7686     3.7634    27.6374    27.6500    6.24581    6.37731         19 0.0000e+00
      54824   2284.287    330.000     3.7877   3.233131     3.7825   3.233895      96.15     0.0157     2.8510     2.5463  1.9457636  1.1067451   48.26748  -46.50170    34.7821    34.7967     3.7648     3.7596    27.6372    27.6494    6.25506    6.37482         19 0.0000e+00
      54844   2285.110    329.000     3.7835   3.232585     3.7795   3.233530      96.19     0.0203     2.8521     2.5455  1.9455814  1.1062362   48.26748  -46.50170    34.7806    34.7961     3.7607     3.7567    27.6363    27.6491    6.26474    6.37666         21 0.0000e+00
      54869   2286.152    328.000     3.7806   3.232239     3.7776   3.233281      70.55     0.0190     2.8530     2.5460  1.9470005  1.1056368   48.26748  -46.50170    34.7801    34.7957     3.7579     3.7549    27.6363    27.6490    6.27210    6.39115         30 0.0000e+00
      54903   2287.569    327.000     3.7805   3.232212     3.7773   3.233198      96.15     0.0152     2.8546     2.5473  1.9487165  1.1048512   48.26748  -46.50171    34.7804    34.7956     3.7579     3.7546    27.6365    27.6490    6.26516    6.39442         35 0.0000e+00
      54933   2288.826    326.000     3.7794   3.232056     3.7754   3.232952      96.20     0.0156     2.8546     2.5480  1.9469627  1.1037556   48.26748  -46.50172    34.7803    34.7951     3.7568     3.7528    27.6365    27.6487    6.26387    6.39223         25 0.0000e+00
      54955   2289.762    325.000     3.7722   3.231278     3.7669   3.232001      96.19     0.0144     2.8553     2.5484  1.9472677  1.1037852   48.26748  -46.50172    34.7791    34.7934     3.7498     3.7444    27.6363    27.6482    6.26824    6.39489         21 0.0000e+00
      54975   2290.580    324.000     3.7643   3.230291     3.7604   3.231198      96.15     0.0139     2.8556     2.5489  1.9458952  1.1023123   48.26748  -46.50172    34.7763    34.7912     3.7419     3.7380    27.6349    27.6472    6.26647    6.39339         19 0.0000e+00
      54994   2291.375    323.000     3.7582   3.229517     3.7556   3.230596      96.18     0.0145     2.8555     2.5488  1.9459547  1.1022427   48.26748  -46.50172    34.7741    34.7897     3.7359     3.7333    27.6337    27.6464    6.26386    6.38947         19 0.0000e+00
      55014   2292.198    322.000     3.7548   3.229070     3.7534   3.230277      96.15     0.0145     2.8558     2.5490  1.9462801  1.1018879   48.26748  -46.50172    34.7729    34.7888     3.7326     3.7312    27.6331    27.6459    6.27312    6.39691         20 0.0000e+00
      55034   2293.050    321.000     3.7530   3.228818     3.7518   3.230039      96.15     0.0136     2.8569     2.5496  1.9470392  1.1013377   48.26748  -46.50172    34.7723    34.7882     3.7308     3.7296    27.6328    27.6456    6.28231    6.40234         21 0.0000e+00
      55056   2293.947    320.000     3.7515   3.228594     3.7502   3.229828      47.64     0.0166     2.8577     2.5505  1.9464948  1.1011333   48.26747  -46.50172    34.7718    34.7879     3.7294     3.7281    27.6326    27.6455    6.27549    6.40844         23 0.0000e+00
      55080   2294.962    319.000     3.7508   3.228481     3.7490   3.229646      79.86     0.0161     2.8584     2.5518  1.9470677  1.1001593   48.26747  -46.50172    34.7717    34.7876     3.7288     3.7270    27.6326    27.6454    6.27840    6.40847         27 0.0000e+00
      55111   2296.234    318.000     3.7504   3.228422     3.7480   3.229480      95.96     0.0115     2.8587     2.5524  1.9469073  1.0995378   48.26748  -46.50172    34.7719    34.7872     3.7285     3.7260    27.6327    27.6452    6.26970    6.40204         33 0.0000e+00
      55141   2297.497    317.000     3.7508   3.228388     3.7479   3.229421      85.80     0.0114     2.8592     2.5526  1.9469110  1.0988810   48.26748  -46.50172    34.7717    34.7872     3.7290     3.7260    27.6325    27.6451    6.27798    6.40022         25 0.0000e+00
      55162   2298.391    316.000     3.7474   3.227951     3.7455   3.229095      96.59     0.0099     2.8591     2.5527  1.9481567  1.0989012   48.26748  -46.50174    34.7706    34.7863     3.7257     3.7237    27.6320    27.6447    6.27663    6.39862         18 0.0000e+00
      55178   2299.061    315.000     3.7447   3.227599     3.7432   3.228776      96.18     0.0116     2.8602     2.5528  1.9487351  1.0989012   48.26748  -46.50174    34.7698    34.7855     3.7230     3.7215    27.6316    27.6443    6.28232    6.39625         15 0.0000e+00
      55192   2299.642    314.000     3.7418   3.227200     3.7408   3.228457      96.17     0.0125     2.8603     2.5526  1.9487180  1.0989012   48.26748  -46.50174    34.7687    34.7848     3.7201     3.7192    27.6310    27.6439    6.28199    6.39297         14 0.0000e+00
      55206   2300.193    313.000     3.7391   3.226833     3.7379   3.228066      96.19     0.0139     2.8609     2.5523  1.9476209  1.0983526   48.26746  -46.50172    34.7677    34.7838     3.7176     3.7163    27.6305    27.6434    6.28300    6.39064         13 0.0000e+00
      55220   2300.792    312.000     3.7366   3.226475     3.7349   3.227666      96.16     0.0132     2.8614     2.5521  1.9470582  1.0978502   48.26746  -46.50172    34.7667    34.7826     3.7151     3.7135    27.6299    27.6428    6.27880    6.38978         16 0.0000e+00
      55242   2301.692    311.000     3.7339   3.226144     3.7329   3.227388      96.12     0.0138     2.8613     2.5520  1.9471732  1.0976315   48.26746  -46.50172    34.7660    34.7820     3.7125     3.7115    27.6297    27.6425    6.27339    6.39577         32 0.0000e+00
      55307   2304.421    310.000     3.7371   3.226480     3.7386   3.228029      90.71     0.0136     2.8605     2.5528  1.9479820  1.0956299   48.26746  -46.50174    34.7673    34.7842     3.7157     3.7181    27.6303    27.6437    6.26726    6.39582         59 0.0000e+00
      55328   2305.305    309.000     3.7370   3.226414     3.7386   3.227962      58.25     0.0127     2.8601     2.5524  1.9487262  1.0952300   48.26746  -46.50174    34.7671    34.7839     3.7158     3.7173    27.6302    27.6434    6.26658    6.39123         17 0.0000e+00
      55343   2305.927    308.000     3.7333   3.225929     3.7332   3.227281      96.82     0.0143     2.8603     2.5525  1.9487180  1.0952381   48.26746  -46.50174    34.7658    34.7821     3.7121     3.7120    27.6295    27.6425    6.27349    6.39350         13 0.0000e+00
      55356   2306.470    307.000     3.7275   3.225194     3.7233   3.226135      96.19     0.0160     2.8603     2.5525  1.9477589  1.0941832   48.26746  -46.50174    34.7637    34.7794     3.7064     3.7022    27.6284    27.6414    6.27615    6.39781         13 0.0000e+00
      55369   2307.012    306.000     3.7197   3.224278     3.7164   3.225288      96.18     0.0150     2.8613     2.5528  1.9480164  1.0940201   48.26746  -46.50174    34.7615    34.7772     3.6988     3.6954    27.6274    27.6403    6.26775    6.40152         14 0.0000e+00
      55384   2307.630    305.000     3.7145   3.223651     3.7131   3.224866      96.05     0.0109     2.8597     2.5531  1.9480308  1.0940171   48.26746  -46.50174    34.7602    34.7762     3.6936     3.6922    27.6269    27.6398    6.26287    6.40080         16 0.0000e+00
      55405   2308.492    304.000     3.7126   3.223405     3.7115   3.224640      96.12     0.0100     2.8603     2.5531  1.9458336  1.0940171   48.26746  -46.50174    34.7597    34.7757     3.6918     3.6907    27.6267    27.6395    6.27368    6.39153         26 0.0000e+00
      55435   2309.755    303.000     3.7128   3.223384     3.7104   3.224480      96.17     0.0140     2.8603     2.5525  1.9453493  1.0939057   48.26745  -46.50174    34.7598    34.7755     3.6921     3.6897    27.6267    27.6395    6.26422    6.39002         33 0.0000e+00
      55466   2311.054    302.000     3.7158   3.223638     3.7128   3.224652      96.16     0.0131     2.8595     2.5525  1.9472851  1.0929458   48.26744  -46.50174    34.7603    34.7756     3.6951     3.6921    27.6268    27.6393    6.26220    6.39063         28 0.0000e+00
      55491   2312.091    301.000     3.7150   3.223559     3.7096   3.224302      94.60     0.0158     2.8593     2.5523  1.9479033  1.0930194   48.26744  -46.50174    34.7606    34.7752     3.6944     3.6890    27.6272    27.6394    6.26323    6.38767         22 0.0000e+00
      55512   2312.957    300.000     3.7070   3.222628     3.6991   3.223111      17.75     0.0147     2.8593     2.5519  1.9487362  1.0927912   48.26744  -46.50174    34.7586    34.7728     3.6865     3.6786    27.6264    27.6384    6.27174    6.37744         20 0.0000e+00
      55534   2313.893    299.000     3.6939   3.221122     3.6869   3.221704      88.10     0.0147     2.8598     2.5507  1.9477967  1.0924772   48.26744  -46.50174    34.7550    34.7694     3.6735     3.6665    27.6248    27.6370    6.26579    6.38335         31 0.0000e+00
      55565   2315.162    298.000     3.6836   3.219937     3.6789   3.220749      95.50     0.0134     2.8594     2.5515  1.9450070  1.0914936   48.26744  -46.50174    34.7524    34.7670     3.6632     3.6586    27.6237    27.6359    6.27240    6.41194         20 0.0000e+00
      55582   2315.893    297.000     3.6783   3.219246     3.6723   3.219964      80.79     0.0113     2.8602     2.5529  1.9457383  1.0914621   48.26744  -46.50174    34.7503    34.7652     3.6580     3.6521    27.6226    27.6351    6.28446    6.41792         21 0.0000e+00
      55607   2316.904    296.000     3.6687   3.218127     3.6648   3.219048      96.59     0.0142     2.8616     2.5545  1.9475000  1.0903202   48.26744  -46.50174    34.7476    34.7627     3.6485     3.6447    27.6214    27.6338    6.28740    6.41626         25 0.0000e+00
      55631   2317.906    295.000     3.6600   3.217074     3.6548   3.217885      96.15     0.0163     2.8626     2.5551  1.9477543  1.0901999   48.26744  -46.50175    34.7448    34.7601     3.6399     3.6347    27.6200    27.6327    6.29642    6.41208         24 0.0000e+00
      55655   2318.923    294.000     3.6492   3.215830     3.6437   3.216649      96.19     0.0165     2.8641     2.5562  1.9487242  1.0891263   48.26744  -46.50176    34.7419    34.7575     3.6293     3.6238    27.6188    27.6318    6.29890    6.42774         25 0.0000e+00
      55680   2319.955    293.000     3.6444   3.215208     3.6309   3.215050      96.08     0.0172     2.8653     2.5578  1.9490099  1.0887438   48.26744  -46.50176    34.7401    34.7526     3.6246     3.6110    27.6178    27.6291    6.30103    6.43161         25 0.0000e+00
      55706   2321.034    292.000     3.6295   3.213560     3.6208   3.213843      96.16     0.0157     2.8667     2.5588  1.9499505  1.0869983   48.26744  -46.50176    34.7366    34.7494     3.6097     3.6010    27.6166    27.6276    6.31032    6.42969         26 0.0000e+00
      55731   2322.084    291.000     3.6212   3.212543     3.6152   3.213204      96.14     0.0091     2.8680     2.5596  1.9498351  1.0867882   48.26743  -46.50176    34.7339    34.7482     3.6016     3.5956    27.6152    27.6272    6.30449    6.42673         24 0.0000e+00
      55752   2322.976    290.000     3.6151   3.211741     3.6103   3.212584      95.68     0.0095     2.8684     2.5594  1.9493513  1.0857719   48.26742  -46.50176    34.7313    34.7465     3.5955     3.5907    27.6137    27.6263    6.30389    6.41165         19 0.0000e+00
      55771   2323.762    289.000     3.6055   3.210654     3.6018   3.211580      45.73     0.0094     2.8685     2.5586  1.9495562  1.0857915   48.26742  -46.50176    34.7290    34.7441     3.5860     3.5823    27.6128    27.6252    6.30912    6.41473         19 0.0000e+00
      55789   2324.517    288.000     3.5897   3.208772     3.5828   3.209387      95.98     0.0124     2.8694     2.5587  1.9487898  1.0844598   48.26742  -46.50176    34.7239    34.7386     3.5703     3.5634    27.6103    27.6227    6.31576    6.43280         18 0.0000e+00
