data/CTD/2013/CNV/U021A038.CNV
* Sea-Bird SBE 9 Data File:
* FileName = C:\CTD_ACQUISITION\2013021HUD\ctddata\021A038.hdr
* Software Version Seasave V 7.22.2
* Temperature SN = 5081
* Conductivity SN = 3561
* Number of Bytes Per Scan = 37
* Number of Voltage Words = 4
* Number of Scans Averaged by the Deck Unit = 1
* NMEA Latitude = 48 23.61 N
* NMEA Longitude = 046 37.83 W
* NMEA UTC (Time) = Jul 03 2013 19:56:09
* NMEA baud rate = 9600
** Ship: Hudson
** Cruise: HUD2013021
** Chief_Scientist: Greenan
** Organization: BIO
** Area_of_Operation: Sackville Spur
** Station: 38
** Sounding:  1840
** Event_Comments: SS09  393176
# nquan = 25
# nvalues = 1866                        
# units = specified
# name 0 = scan: Scan Count
# name 1 = timeS: Time, Elapsed [seconds]
# name 2 = prDM: Pressure, Digiquartz [db]
# name 3 = t068C: Temperature [ITS-68, deg C]
# name 4 = c0S/m: Conductivity [S/m]
# name 5 = t168C: Temperature, 2 [ITS-68, deg C]
# name 6 = c1S/m: Conductivity, 2 [S/m]
# name 7 = altM: Altimeter [m]
# name 8 = flCUVA: Fluorescence, Chelsea UV Aquatracka [ug/l]
# name 9 = sbeox0V: Oxygen raw, SBE 43 [V]
# name 10 = sbeox1V: Oxygen raw, SBE 43, 2 [V]
# name 11 = upoly0: Upoly 0, Optode 4330F - O2 D-Phase
# name 12 = upoly1: Upoly 1, Optode 4330F - O2 Temp
# name 13 = latitude: Latitude [deg]
# name 14 = longitude: Longitude [deg]
# name 15 = sal00: Salinity, Practical [PSU]
# name 16 = sal11: Salinity, Practical, 2 [PSU]
# name 17 = potemp068C: Potential Temperature [ITS-68, deg C]
# name 18 = potemp168C: Potential Temperature, 2 [ITS-68, deg C]
# name 19 = sigma-é00: Density [sigma-theta, Kg/m^3]
# name 20 = sigma-é11: Density, 2 [sigma-theta, Kg/m^3]
# name 21 = sbeox0ML/L: Oxygen, SBE 43 [ml/l], WS = 2
# name 22 = sbeox1ML/L: Oxygen, SBE 43, 2 [ml/l], WS = 2
# name 23 = nbin: number of scans per bin
# name 24 = flag: flag
# span 0 =      53921,      96471       
# span 1 =   2246.659,   4019.583       
# span 2 =      1.000,   1866.000       
# span 3 =    -0.2402,     6.1576       
# span 4 =   2.757600,   3.286096       
# span 5 =    -0.2453,     6.1582       
# span 6 =   2.758655,   3.287422       
# span 7 =       5.40,     111.86       
# span 8 =     0.0051,     0.1163       
# span 9 =     2.3222,     3.4123       
# span 10 =     2.0873,     3.0598      
# span 11 =  1.7230086,  2.0767495      
# span 12 =  0.6291518,  1.3972181      
# span 13 =   48.39500,   48.39624      
# span 14 =  -46.62226,  -46.61855      
# span 15 =    32.5915,    34.9209      
# span 16 =    32.6066,    34.9376      
# span 17 =    -0.2411,     6.1575      
# span 18 =    -0.2462,     6.1580      
# span 19 =    25.6306,    27.8083      
# span 20 =    25.6425,    27.8219      
# span 21 =    5.85572,    8.88147      
# span 22 =    6.03502,    9.07557      
# span 23 =         10,        425      
# span 24 = 0.0000e+00, 0.0000e+00      
# interval = decibars: 1                
# start_time = Jul 03 2013 19:56:09 [NMEA time, header]
# bad_flag = -9.990e-29
*END*
[from data line 1624]
      90139   3755.764    242.000     3.5091   3.197608     3.5054   3.198591      41.03     0.0187     2.8733     2.5620  1.9499372  1.0713216   48.39586  -46.61922    34.7006    34.7163     3.4931     3.4893    27.5993    27.6122    6.28175    6.39494         35 0.0000e+00
      90170   3757.056    241.000     3.5152   3.198213     3.5049   3.198461      98.12     0.0206     2.8721     2.5602  1.9500409  1.0709476   48.39586  -46.61922    34.7019    34.7159     3.4992     3.4889    27.5998    27.6119    6.27798    6.38905         25 0.0000e+00
      90191   3757.911    240.000     3.5062   3.197235     3.4981   3.197706      94.85     0.0183     2.8714     2.5599  1.9508324  1.0717095   48.39585  -46.61922    34.7003    34.7146     3.4903     3.4822    27.5993    27.6116    6.28225    6.39628         17 0.0000e+00
      90206   3758.560    239.000     3.4938   3.195805     3.4916   3.196949      24.89     0.0161     2.8716     2.5595  1.9505008  1.0716308   48.39584  -46.61922    34.6968    34.7129     3.4780     3.4758    27.5978    27.6109    6.28304    6.39367         15 0.0000e+00
      90220   3759.137    238.000     3.4859   3.194904     3.4859   3.196259      59.47     0.0162     2.8709     2.5590  1.9505982  1.0710889   48.39584  -46.61922    34.6949    34.7113     3.4702     3.4702    27.5971    27.6101    6.27722    6.39525         13 0.0000e+00
      90234   3759.705    237.000     3.4824   3.194477     3.4823   3.195822      94.49     0.0139     2.8706     2.5592  1.9506711  1.0688783   48.39584  -46.61922    34.6941    34.7104     3.4667     3.4666    27.5968    27.6098    6.28223    6.39892         15 0.0000e+00
      90249   3760.318    236.000     3.4814   3.194304     3.4807   3.195606      94.77     0.0150     2.8704     2.5590  1.9505922  1.0688645   48.39584  -46.61922    34.6936    34.7101     3.4658     3.4651    27.5965    27.6096    6.27463    6.39333         15 0.0000e+00
      90266   3761.061    235.000     3.4806   3.194181     3.4800   3.195483      79.96     0.0152     2.8694     2.5585  1.9513681  1.0683910   48.39584  -46.61922    34.6936    34.7099     3.4651     3.4644    27.5965    27.6096    6.26900    6.38045         21 0.0000e+00
      90291   3762.087    234.000     3.4805   3.194138     3.4802   3.195468      55.24     0.0138     2.8682     2.5565  1.9535220  1.0671993   48.39584  -46.61922    34.6936    34.7100     3.4651     3.4648    27.5965    27.6096    6.26384    6.36458         29 0.0000e+00
      90324   3763.445    233.000     3.4800   3.194043     3.4808   3.195498      94.64     0.0178     2.8672     2.5549  1.9536020  1.0664297   48.39584  -46.61920    34.6936    34.7103     3.4646     3.4654    27.5966    27.6098    6.27215    6.38708         35 0.0000e+00
      90357   3764.841    232.000     3.4814   3.194142     3.4825   3.195626      43.06     0.0181     2.8677     2.5573  1.9537265  1.0659239   48.39582  -46.61920    34.6938    34.7106     3.4661     3.4672    27.5966    27.6098    6.28729    6.41921         30 0.0000e+00
      90384   3765.940    231.000     3.4810   3.194071     3.4785   3.195152      96.49     0.0156     2.8695     2.5597  1.9548678  1.0659341   48.39582  -46.61920    34.6939    34.7097     3.4658     3.4632    27.5967    27.6095    6.29568    6.41356         22 0.0000e+00
      90403   3766.729    230.000     3.4741   3.193285     3.4739   3.194616      94.63     0.0130     2.8705     2.5602  1.9548229  1.0659341   48.39582  -46.61920    34.6925    34.7087     3.4589     3.4587    27.5962    27.6092    6.29129    6.41253         17 0.0000e+00
      90418   3767.366    229.000     3.4677   3.192522     3.4678   3.193890      50.89     0.0134     2.8707     2.5611  1.9548229  1.0653123   48.39582  -46.61920    34.6906    34.7070     3.4527     3.4527    27.5953    27.6084    6.28566    6.42197         14 0.0000e+00
      90432   3767.943    228.000     3.4619   3.191852     3.4607   3.193107       6.22     0.0161     2.8705     2.5621  1.9548229  1.0647078   48.39582  -46.61920    34.6893    34.7057     3.4469     3.4457    27.5948    27.6080    6.29112    6.43055         14 0.0000e+00
      90445   3768.512    227.000     3.4548   3.191080     3.4534   3.192288      84.62     0.0179     2.8714     2.5636  1.9549088  1.0647131   48.39582  -46.61920    34.6881    34.7042     3.4399     3.4384    27.5946    27.6075    6.30464    6.43452         14 0.0000e+00
      90460   3769.128    226.000     3.4468   3.190191     3.4457   3.191437      79.20     0.0194     2.8727     2.5646  1.9548254  1.0644907   48.39580  -46.61920    34.6864    34.7026     3.4320     3.4309    27.5940    27.6070    6.31344    6.43718         16 0.0000e+00
      90479   3769.902    225.000     3.4426   3.189646     3.4366   3.190413      38.15     0.0185     2.8744     2.5659  1.9548229  1.0635371   48.39580  -46.61920    34.6849    34.7006     3.4278     3.4218    27.5932    27.6063    6.32933    6.44048         22 0.0000e+00
      90508   3771.107    224.000     3.4343   3.188763     3.4336   3.190038      85.63     0.0187     2.8787     2.5678  1.9553810  1.0630324   48.39580  -46.61920    34.6837    34.6998     3.4196     3.4189    27.5930    27.6060    6.33808    6.43832         36 0.0000e+00
      90542   3772.540    223.000     3.4453   3.189830     3.4208   3.188619      40.57     0.0170     2.8808     2.5687  1.9563229  1.0622492   48.39580  -46.61920    34.6857    34.6964     3.4307     3.4062    27.5935    27.6045    6.32756    6.43416         29 0.0000e+00
      90566   3773.531    222.000     3.4334   3.188560     3.4149   3.187893      94.86     0.0151     2.8833     2.5693  1.9568427  1.0604839   48.39580  -46.61920    34.6832    34.6949     3.4189     3.4004    27.5927    27.6039    6.34321    6.45163         20 0.0000e+00
      90584   3774.297    221.000     3.4141   3.186445     3.4084   3.187152      95.16     0.0175     2.8841     2.5712  1.9571232  1.0598247   48.39580  -46.61920    34.6789    34.6935     3.3996     3.3939    27.5912    27.6034    6.34589    6.45775         17 0.0000e+00
      90601   3775.016    220.000     3.4055   3.185426     3.4051   3.186744      94.58     0.0184     2.8860     2.5720  1.9569744  1.0598291   48.39580  -46.61920    34.6763    34.6926     3.3912     3.3908    27.5899    27.6030    6.35015    6.46094         17 0.0000e+00
      90619   3775.746    219.000     3.4016   3.184958     3.4026   3.186418       7.47     0.0193     2.8869     2.5737  1.9569939  1.0598291   48.39579  -46.61920    34.6754    34.6920     3.3873     3.3883    27.5895    27.6027    6.34126    6.46256         18 0.0000e+00
      90637   3776.512    218.000     3.3983   3.184539     3.3995   3.186056      95.97     0.0185     2.8872     2.5742  1.9571387  1.0598291   48.39578  -46.61920    34.6744    34.6914     3.3841     3.3853    27.5891    27.6025    6.34082    6.45161         19 0.0000e+00
      90656   3777.300    217.000     3.3942   3.184049     3.3950   3.185513      95.41     0.0175     2.8879     2.5745  1.9577204  1.0586610   48.39578  -46.61920    34.6735    34.6902     3.3800     3.3809    27.5887    27.6020    6.33812    6.44783         19 0.0000e+00
      90675   3778.072    216.000     3.3917   3.183724     3.3897   3.184896      86.49     0.0167     2.8877     2.5743  1.9579462  1.0573708   48.39578  -46.61920    34.6727    34.6890     3.3777     3.3757    27.5883    27.6015    6.33817    6.44826         18 0.0000e+00
      90693   3778.834    215.000     3.3872   3.183172     3.3849   3.184323      21.41     0.0162     2.8882     2.5748  1.9581648  1.0573871   48.39578  -46.61919    34.6714    34.6877     3.3732     3.3709    27.5877    27.6010    6.33954    6.45236         19 0.0000e+00
      90713   3779.666    214.000     3.3807   3.182448     3.3801   3.183734      93.63     0.0177     2.8883     2.5750  1.9559354  1.0559266   48.39577  -46.61918    34.6702    34.6863     3.3667     3.3662    27.5874    27.6003    6.33126    6.45084         22 0.0000e+00
      90739   3780.737    213.000     3.3793   3.182240     3.3736   3.182975      93.19     0.0184     2.8875     2.5750  1.9557234  1.0556055   48.39576  -46.61918    34.6697    34.6846     3.3655     3.3598    27.5871    27.5995    6.32487    6.44364         30 0.0000e+00
      90769   3782.016    212.000     3.3776   3.182011     3.3691   3.182441      42.78     0.0138     2.8867     2.5743  1.9548111  1.0549365   48.39576  -46.61918    34.6693    34.6835     3.3638     3.3554    27.5869    27.5991    6.33037    6.43699         29 0.0000e+00
      90794   3783.060    211.000     3.3670   3.180782     3.3638   3.181782      96.29     0.0120     2.8874     2.5731  1.9548229  1.0547085   48.39576  -46.61918    34.6663    34.6818     3.3533     3.3501    27.5856    27.5983    6.33418    6.42073         21 0.0000e+00
      90813   3783.847    210.000     3.3498   3.178750     3.3521   3.180421      94.51     0.0102     2.8872     2.5715  1.9548229  1.0531216   48.39575  -46.61918    34.6607    34.6785     3.3362     3.3385    27.5827    27.5967    6.33370    6.42288         17 0.0000e+00
      90829   3784.515    209.000     3.3421   3.177832     3.3441   3.179451      28.63     0.0135     2.8866     2.5713  1.9548229  1.0532652   48.39574  -46.61918    34.6584    34.6757     3.3286     3.3306    27.5816    27.5953    6.33425    6.43263         16 0.0000e+00
      90845   3785.150    208.000     3.3385   3.177375     3.3399   3.178907      60.29     0.0121     2.8870     2.5707  1.9549816  1.0532365   48.39574  -46.61918    34.6572    34.6743     3.3250     3.3264    27.5811    27.5945    6.33586    6.43694         15 0.0000e+00
      90860   3785.796    207.000     3.3344   3.176873     3.3357   3.178411      94.28     0.0161     2.8872     2.5712  1.9556451  1.0523731   48.39574  -46.61917    34.6561    34.6733     3.3211     3.3224    27.5805    27.5941    6.33027    6.43495         16 0.0000e+00
      90879   3786.565    206.000     3.3247   3.175724     3.3273   3.177400       9.16     0.0200     2.8865     2.5705  1.9556943  1.0522724   48.39574  -46.61916    34.6531    34.6705     3.3114     3.3140    27.5791    27.5927    6.32308    6.42426         21 0.0000e+00
      90904   3787.645    205.000     3.3115   3.174198     3.3099   3.175361      88.47     0.0203     2.8851     2.5694  1.9551105  1.0504140   48.39572  -46.61916    34.6493    34.6651     3.2983     3.2967    27.5772    27.5900    6.31729    6.42487         31 0.0000e+00
      90935   3788.919    204.000     3.3061   3.173529     3.2982   3.173976      89.79     0.0163     2.8837     2.5684  1.9548129  1.0494872   48.39572  -46.61916    34.6475    34.6614     3.2930     3.2851    27.5764    27.5882    6.31191    6.42368         27 0.0000e+00
      90957   3789.852    203.000     3.2947   3.172167     3.2947   3.173485      18.65     0.0152     2.8815     2.5673  1.9548229  1.0472547   48.39572  -46.61916    34.6438    34.6597     3.2816     3.2817    27.5745    27.5872    6.30147    6.41838         19 0.0000e+00
      90975   3790.569    202.000     3.2906   3.171632     3.2917   3.173089      95.47     0.0157     2.8809     2.5670  1.9548229  1.0470831   48.39572  -46.61916    34.6422    34.6587     3.2777     3.2787    27.5736    27.5867    6.30705    6.41992         16 0.0000e+00
      90990   3791.212    201.000     3.2894   3.171416     3.2895   3.172823      95.61     0.0140     2.8797     2.5664  1.9549047  1.0469673   48.39572  -46.61916    34.6415    34.6583     3.2765     3.2766    27.5731    27.5865    6.30081    6.40947         15 0.0000e+00
      91005   3791.844    200.000     3.2883   3.171259     3.2881   3.172635      95.99     0.0134     2.8790     2.5652  1.9557329  1.0463879   48.39572  -46.61917    34.6413    34.6581     3.2755     3.2753    27.5731    27.5865    6.28970    6.39467         15 0.0000e+00
      91021   3792.505    199.000     3.2872   3.171100     3.2871   3.172469      31.29     0.0123     2.8772     2.5636  1.9555398  1.0463257   48.39572  -46.61917    34.6411    34.6577     3.2744     3.2743    27.5730    27.5863    6.27381    6.37944         17 0.0000e+00
      91039   3793.260    198.000     3.2856   3.170869     3.2851   3.172188      68.46     0.0099     2.8745     2.5610  1.9563980  1.0448320   48.39570  -46.61916    34.6406    34.6570     3.2729     3.2724    27.5727    27.5859    6.26254    6.36730         20 0.0000e+00
      91061   3794.166    197.000     3.2810   3.170285     3.2818   3.171758      94.15     0.0140     2.8712     2.5582  1.9569468  1.0427835   48.39570  -46.61916    34.6389    34.6559     3.2684     3.2692    27.5719    27.5853    6.24792    6.35889         24 0.0000e+00
      91086   3795.218    196.000     3.2782   3.169945     3.2783   3.171298      60.94     0.0133     2.8675     2.5547  1.9560070  1.0426886   48.39570  -46.61916    34.6383    34.6546     3.2657     3.2658    27.5716    27.5846    6.24542    6.34992         26 0.0000e+00
      91111   3796.260    195.000     3.2762   3.169632     3.2757   3.170922      65.69     0.0135     2.8642     2.5518  1.9548345  1.0427346   48.39568  -46.61916    34.6372    34.6533     3.2638     3.2633    27.5709    27.5838    6.22890    6.34758         24 0.0000e+00
      91134   3797.226    194.000     3.2697   3.168732     3.2700   3.170198      94.41     0.0141     2.8606     2.5498  1.9557076  1.0422375   48.39568  -46.61916    34.6338    34.6513     3.2573     3.2576    27.5688    27.5827    6.22166    6.34573         22 0.0000e+00
      91157   3798.150    193.000     3.2626   3.167851     3.2643   3.169458      70.87     0.0140     2.8577     2.5477  1.9569368  1.0415111   48.39568  -46.61916    34.6313    34.6489     3.2503     3.2520    27.5675    27.5814    6.22440    6.34233         22 0.0000e+00
      91178   3799.054    192.000     3.2562   3.167055     3.2581   3.168620      22.40     0.0150     2.8556     2.5463  1.9578001  1.0413961   48.39568  -46.61916    34.6290    34.6459     3.2440     3.2459    27.5663    27.5796    6.22528    6.34256         21 0.0000e+00
      91198   3799.866    191.000     3.2517   3.166409     3.2527   3.167913      95.22     0.0154     2.8543     2.5449  1.9597353  1.0408274   48.39567  -46.61916    34.6265    34.6437     3.2396     3.2406    27.5647    27.5783    6.23220    6.33253         18 0.0000e+00
      91215   3800.569    190.000     3.2484   3.165940     3.2488   3.167377      20.06     0.0145     2.8538     2.5431  1.9597069  1.0409812   48.39566  -46.61916    34.6249    34.6419     3.2363     3.2367    27.5637    27.5773    6.23336    6.32442         16 0.0000e+00
      91230   3801.218    189.000     3.2457   3.165564     3.2453   3.166906      67.75     0.0140     2.8532     2.5419  1.9597069  1.0400790   48.39566  -46.61916    34.6239    34.6405     3.2336     3.2333    27.5632    27.5764    6.23124    6.33092         16 0.0000e+00
      91246   3801.883    188.000     3.2423   3.165140     3.2414   3.166407      77.34     0.0141     2.8525     2.5414  1.9597069  1.0393153   48.39565  -46.61915    34.6229    34.6392     3.2304     3.2295    27.5626    27.5758    6.22888    6.34037         16 0.0000e+00
      91265   3802.670    187.000     3.2382   3.164607     3.2381   3.165973      93.04     0.0123     2.8521     2.5413  1.9597069  1.0394028   48.39564  -46.61914    34.6214    34.6381     3.2263     3.2262    27.5619    27.5752    6.22542    6.34578         22 0.0000e+00
      91292   3803.788    186.000     3.2341   3.164112     3.2341   3.165460      44.68     0.0097     2.8508     2.5413  1.9604524  1.0369936   48.39564  -46.61914    34.6203    34.6367     3.2223     3.2223    27.5614    27.5744    6.22859    6.34758         31 0.0000e+00
