data/CTD/2013/CNV/U021A042.CNV
* Sea-Bird SBE 9 Data File:
* FileName = C:\CTD_ACQUISITION\2013021HUD\ctddata\021A042.hdr
* Software Version Seasave V 7.22.2
* Temperature SN = 5081
* Conductivity SN = 3561
* Number of Bytes Per Scan = 37
* Number of Voltage Words = 4
* Number of Scans Averaged by the Deck Unit = 1
* NMEA Latitude = 48 20.24 N
* NMEA Longitude = 046 21.03 W
* NMEA UTC (Time) = Jul 04 2013 04:23:37
* NMEA baud rate = 9600
** Ship: Hudson
** Cruise: HUD2013021
** Chief_Scientist: Greenan
** Organization: BIO
** Area_of_Operation: Sackville Spur
** Station: 42
** Sounding:  947
** Event_Comments: FP_BSR_5  393184
# nquan = 25
# nvalues = 932                         
# units = specified
# name 0 = scan: Scan Count
# name 1 = timeS: Time, Elapsed [seconds]
# name 2 = prDM: Pressure, Digiquartz [db]
# name 3 = t068C: Temperature [ITS-68, deg C]
# name 4 = c0S/m: Conductivity [S/m]
# name 5 = t168C: Temperature, 2 [ITS-68, deg C]
# name 6 = c1S/m: Conductivity, 2 [S/m]
# name 7 = altM: Altimeter [m]
# name 8 = flCUVA: Fluorescence, Chelsea UV Aquatracka [ug/l]
# name 9 = sbeox0V: Oxygen raw, SBE 43 [V]
# name 10 = sbeox1V: Oxygen raw, SBE 43, 2 [V]
# name 11 = upoly0: Upoly 0, Optode 4330F - O2 D-Phase
# name 12 = upoly1: Upoly 1, Optode 4330F - O2 Temp
# name 13 = latitude: Latitude [deg]
# name 14 = longitude: Longitude [deg]
# name 15 = sal00: Salinity, Practical [PSU]
# name 16 = sal11: Salinity, Practical, 2 [PSU]
# name 17 = potemp068C: Potential Temperature [ITS-68, deg C]
# name 18 = potemp168C: Potential Temperature, 2 [ITS-68, deg C]
# name 19 = sigma-é00: Density [sigma-theta, Kg/m^3]
# name 20 = sigma-é11: Density, 2 [sigma-theta, Kg/m^3]
# name 21 = sbeox0ML/L: Oxygen, SBE 43 [ml/l], WS = 2
# name 22 = sbeox1ML/L: Oxygen, SBE 43, 2 [ml/l], WS = 2
# name 23 = nbin: number of scans per bin
# name 24 = flag: flag
# span 0 =      37661,      62954       
# span 1 =   1569.157,   2623.024       
# span 2 =      1.000,    932.000       
# span 3 =    -0.2612,     6.0828       
# span 4 =   2.758040,   3.277600       
# span 5 =    -0.2725,     6.0780       
# span 6 =   2.758145,   3.279017       
# span 7 =      -1.29,      99.90       
# span 8 =     0.0056,     0.1226       
# span 9 =     2.6212,     3.4351       
# span 10 =     2.3536,     3.1027      
# span 11 =  1.7360789,  2.0134311      
# span 12 =  0.6385498,  1.3604911      
# span 13 =   48.33590,   48.33638      
# span 14 =  -46.35044,  -46.34966      
# span 15 =    32.6409,    34.9037      
# span 16 =    32.6568,    34.9203      
# span 17 =    -0.2619,     6.0827      
# span 18 =    -0.2732,     6.0779      
# span 19 =    25.6788,    27.7301      
# span 20 =    25.6920,    27.7433      
# span 21 =    6.02879,    9.03826      
# span 22 =    6.22267,    9.29278      
# span 23 =         12,        352      
# span 24 = 0.0000e+00, 0.0000e+00      
# interval = decibars: 1                
# start_time = Jul 04 2013 04:23:37 [NMEA time, header]
# bad_flag = -9.990e-29
*END*
[from data line 290]
      46581   1940.841    642.000     3.8891   3.264261     3.8888   3.265636      77.35     0.0158     2.7536     2.4619  1.9563668  1.1124145   48.33602  -46.35034    34.8792    34.8958     3.8424     3.8421    27.7065    27.7198    6.20103    6.35100         15 0.0000e+00
      46597   1941.480    641.000     3.8893   3.264238     3.8890   3.265612      81.10     0.0181     2.7532     2.4619  1.9565020  1.1123320   48.33602  -46.35034    34.8792    34.8958     3.8427     3.8447    27.7065    27.7198    6.20184    6.35100         16 0.0000e+00
      46614   1942.212    640.000     3.8893   3.264195     3.8891   3.265582      95.47     0.0157     2.7539     2.4621  1.9583818  1.1123321   48.33602  -46.35034    34.8792    34.8959     3.8427     3.8444    27.7066    27.7198    6.20405    6.35144         20 0.0000e+00
      46637   1943.182    639.000     3.8892   3.264151     3.8890   3.265526      96.41     0.0109     2.7537     2.4622  1.9585723  1.1123321   48.33602  -46.35036    34.8793    34.8958     3.8427     3.8440    27.7066    27.7197    6.19936    6.35084         27 0.0000e+00
      46667   1944.426    638.000     3.8891   3.264095     3.8891   3.265481      78.40     0.0112     2.7539     2.4623  1.9561881  1.1123321   48.33602  -46.35036    34.8792    34.8957     3.8428     3.8427    27.7065    27.7197    6.20663    6.35161         30 0.0000e+00
      46693   1945.505    637.000     3.8893   3.264057     3.8896   3.265476      78.39     0.0153     2.7545     2.4628  1.9560392  1.1123321   48.33602  -46.35036    34.8792    34.8956     3.8430     3.8433    27.7065    27.7195    6.20497    6.35721         22 0.0000e+00
      46713   1946.314    636.000     3.8901   3.264080     3.8910   3.265546      77.87     0.0159     2.7548     2.4632  1.9584904  1.1123321   48.33602  -46.35036    34.8791    34.8955     3.8438     3.8447    27.7063    27.7193    6.20856    6.35500         18 0.0000e+00
      46729   1947.017    635.000     3.8920   3.264206     3.8923   3.265639      66.50     0.0170     2.7554     2.4635  1.9584860  1.1123321   48.33602  -46.35036    34.8791    34.8957     3.8458     3.8462    27.7061    27.7193    6.20977    6.35644         16 0.0000e+00
      46746   1947.702    634.000     3.8926   3.264227     3.8925   3.265609      92.06     0.0144     2.7559     2.4638  1.9583437  1.1123321   48.33602  -46.35036    34.8792    34.8957     3.8465     3.8464    27.7061    27.7193    6.20782    6.35869         17 0.0000e+00
      46763   1948.433    633.000     3.8932   3.264233     3.8932   3.265635      96.61     0.0132     2.7562     2.4644  1.9572722  1.1123321   48.33602  -46.35036    34.8792    34.8958     3.8471     3.8472    27.7061    27.7193    6.20469    6.35643         18 0.0000e+00
      46783   1949.270    632.000     3.8935   3.264236     3.8936   3.265638      96.61     0.0147     2.7562     2.4645  1.9574312  1.1123321   48.33600  -46.35036    34.8794    34.8959     3.8476     3.8477    27.7062    27.7193    6.21167    6.35109         22 0.0000e+00
      46806   1950.226    631.000     3.8939   3.264213     3.8938   3.265599      73.30     0.0115     2.7573     2.4644  1.9583306  1.1123321   48.33600  -46.35036    34.8793    34.8959     3.8480     3.8479    27.7061    27.7193    6.21274    6.34804         24 0.0000e+00
      46830   1951.210    630.000     3.8938   3.264167     3.8937   3.265565      96.66     0.0151     2.7578     2.4644  1.9584862  1.1123321   48.33600  -46.35036    34.8793    34.8960     3.8481     3.8479    27.7060    27.7194    6.21338    6.35338         23 0.0000e+00
      46854   1952.191    629.000     3.8941   3.264150     3.8943   3.265551      96.64     0.0173     2.7589     2.4653  1.9570558  1.1131493   48.33600  -46.35036    34.8793    34.8957     3.8484     3.8486    27.7060    27.7191    6.21250    6.36105         24 0.0000e+00
      46877   1953.160    628.000     3.8944   3.264128     3.8945   3.265521      49.34     0.0152     2.7587     2.4658  1.9564728  1.1132340   48.33600  -46.35036    34.8793    34.8957     3.8488     3.8489    27.7059    27.7190    6.20802    6.36159         23 0.0000e+00
      46899   1954.082    627.000     3.8947   3.264096     3.8948   3.265479      58.51     0.0108     2.7595     2.4668  1.9570315  1.1134946   48.33600  -46.35036    34.8791    34.8954     3.8492     3.8492    27.7058    27.7188    6.21512    6.37004         21 0.0000e+00
      46919   1954.896    626.000     3.8948   3.264041     3.8947   3.265409      96.63     0.0119     2.7596     2.4678  1.9571292  1.1135532   48.33600  -46.35036    34.8789    34.8952     3.8493     3.8492    27.7056    27.7186    6.20916    6.37068         18 0.0000e+00
      46935   1955.587    625.000     3.8948   3.263980     3.8947   3.265351      90.73     0.0148     2.7598     2.4684  1.9571019  1.1135532   48.33600  -46.35036    34.8787    34.8950     3.8494     3.8493    27.7054    27.7185    6.21476    6.36853         15 0.0000e+00
      46950   1956.203    624.000     3.8947   3.263887     3.8945   3.265256      61.65     0.0158     2.7607     2.4690  1.9572691  1.1135532   48.33600  -46.35036    34.8782    34.8947     3.8494     3.8492    27.7051    27.7182    6.21498    6.36783         14 0.0000e+00
      46964   1956.796    623.000     3.8946   3.263799     3.8946   3.265189      85.16     0.0163     2.7608     2.4693  1.9572649  1.1135532   48.33600  -46.35036    34.8778    34.8943     3.8494     3.8493    27.7047    27.7179    6.21452    6.36984         15 0.0000e+00
      46979   1957.421    622.000     3.8949   3.263769     3.8947   3.265148      95.81     0.0158     2.7613     2.4700  1.9572649  1.1135532   48.33600  -46.35036    34.8777    34.8942     3.8497     3.8495    27.7046    27.7178    6.21623    6.37406         16 0.0000e+00
      46998   1958.188    621.000     3.8950   3.263743     3.8949   3.265118      96.61     0.0155     2.7618     2.4708  1.9571596  1.1135005   48.33600  -46.35036    34.8778    34.8942     3.8499     3.8497    27.7047    27.7178    6.22163    6.37481         22 0.0000e+00
      47027   1959.414    620.000     3.8950   3.263691     3.8947   3.265064      80.33     0.0148     2.7631     2.4716  1.9572647  1.1135182   48.33598  -46.35036    34.8777    34.8943     3.8499     3.8497    27.7046    27.7178    6.22443    6.36805         35 0.0000e+00
      47057   1960.657    619.000     3.8950   3.263655     3.8947   3.265010      96.79     0.0119     2.7644     2.4717  1.9570595  1.1129372   48.33598  -46.35036    34.8777    34.8942     3.8501     3.8497    27.7046    27.7178    6.22006    6.36217         24 0.0000e+00
      47079   1961.566    618.000     3.8951   3.263607     3.8948   3.264978      87.96     0.0099     2.7643     2.4717  1.9570818  1.1126976   48.33598  -46.35036    34.8776    34.8942     3.8502     3.8499    27.7045    27.7177    6.21996    6.36266         20 0.0000e+00
      47099   1962.412    617.000     3.8955   3.263605     3.8958   3.265029      75.62     0.0100     2.7652     2.4718  1.9560239  1.1127607   48.33598  -46.35036    34.8777    34.8943     3.8507     3.8510    27.7045    27.7177    6.22304    6.36547         20 0.0000e+00
      47118   1963.215    616.000     3.8971   3.263713     3.8980   3.265174      96.82     0.0107     2.7654     2.4723  1.9559791  1.1125878   48.33598  -46.35036    34.8778    34.8942     3.8524     3.8533    27.7044    27.7174    6.22047    6.37177         19 0.0000e+00
      47136   1963.972    615.000     3.8987   3.263798     3.8993   3.265242      85.27     0.0104     2.7659     2.4729  1.9560434  1.1130064   48.33598  -46.35036    34.8777    34.8942     3.8540     3.8546    27.7042    27.7172    6.21754    6.36908         18 0.0000e+00
      47154   1964.713    614.000     3.8999   3.263855     3.9003   3.265290      53.21     0.0092     2.7658     2.4730  1.9557784  1.1135416   48.33598  -46.35036    34.8776    34.8942     3.8553     3.8557    27.7040    27.7171    6.21035    6.36250         18 0.0000e+00
      47174   1965.521    613.000     3.9006   3.263870     3.9006   3.265256      80.77     0.0099     2.7656     2.4730  1.9560937  1.1134398   48.33598  -46.35036    34.8776    34.8940     3.8561     3.8560    27.7039    27.7170    6.21801    6.35565         21 0.0000e+00
      47196   1966.448    612.000     3.9007   3.263830     3.9005   3.265204      96.44     0.0088     2.7666     2.4723  1.9572515  1.1135519   48.33598  -46.35036    34.8775    34.8940     3.8563     3.8561    27.7038    27.7169    6.22712    6.34974         23 0.0000e+00
      47218   1967.381    611.000     3.9007   3.263785     3.9006   3.265161      95.79     0.0084     2.7675     2.4720  1.9572649  1.1135532   48.33598  -46.35036    34.8775    34.8939     3.8564     3.8562    27.7037    27.7169    6.22328    6.35535         21 0.0000e+00
      47237   1968.185    610.000     3.9007   3.263739     3.9007   3.265119      64.58     0.0121     2.7677     2.4721  1.9561828  1.1135532   48.33598  -46.35036    34.8774    34.8939     3.8565     3.8564    27.7037    27.7168    6.22050    6.36119         18 0.0000e+00
      47255   1968.932    609.000     3.9008   3.263693     3.9007   3.265080      96.43     0.0136     2.7679     2.4725  1.9560449  1.1135532   48.33598  -46.35036    34.8774    34.8939     3.8566     3.8565    27.7037    27.7168    6.22139    6.36374         18 0.0000e+00
      47273   1969.683    608.000     3.9009   3.263659     3.9006   3.265040      96.63     0.0125     2.7686     2.4730  1.9559766  1.1135532   48.33597  -46.35036    34.8774    34.8940     3.8568     3.8565    27.7036    27.7169    6.22123    6.36491         18 0.0000e+00
      47293   1970.484    607.000     3.9008   3.263613     3.9006   3.264994      91.75     0.0115     2.7686     2.4735  1.9559829  1.1135532   48.33596  -46.35036    34.8775    34.8941     3.8567     3.8565    27.7037    27.7170    6.21630    6.35897         20 0.0000e+00
      47314   1971.362    606.000     3.9009   3.263585     3.9009   3.264982      73.09     0.0111     2.7684     2.4730  1.9561565  1.1135532   48.33596  -46.35036    34.8775    34.8941     3.8570     3.8570    27.7037    27.7169    6.21006    6.34999         22 0.0000e+00
      47337   1972.319    605.000     3.9016   3.263603     3.9025   3.265082      32.68     0.0121     2.7681     2.4730  1.9549167  1.1135532   48.33596  -46.35036    34.8776    34.8942     3.8577     3.8586    27.7037    27.7168    6.21159    6.35301         24 0.0000e+00
      47359   1973.255    604.000     3.9027   3.263655     3.9038   3.265164      96.92     0.0070     2.7681     2.4729  1.9548223  1.1135532   48.33596  -46.35036    34.8775    34.8942     3.8589     3.8600    27.7035    27.7167    6.21456    6.35174         21 0.0000e+00
      47379   1974.064    603.000     3.9044   3.263775     3.9063   3.265340      63.22     0.0100     2.7685     2.4728  1.9556386  1.1135532   48.33596  -46.35036    34.8777    34.8943     3.8606     3.8665    27.7035    27.7165    6.20578    6.35331         18 0.0000e+00
      47397   1974.847    602.000     3.9070   3.263991     3.9086   3.265522      88.41     0.0122     2.7678     2.4731  1.9559677  1.1135532   48.33596  -46.35036    34.8780    34.8945     3.8634     3.8651    27.7034    27.7164    6.20770    6.35288         22 0.0000e+00
      47559   1981.585    601.000     3.9037   3.263632     3.9051   3.265162      83.53     0.0169     2.7689     2.4739  1.9549683  1.1135303   48.33595  -46.35036    34.8778    34.8944     3.8601     3.8615    27.7036    27.7167    6.21468    6.35472         73 0.0000e+00
      47858   1994.057    600.000     3.9079   3.263988     3.9054   3.265156      82.18     0.0146     2.7697     2.4766  1.9542531  1.1141742   48.33594  -46.35038    34.8781    34.8945     3.8643     3.8619    27.7034    27.7168    6.21075    6.36613        120 0.0000e+00
      48042   2001.720    599.000     3.9105   3.264175     3.9094   3.265476      45.25     0.0108     2.7690     2.4764  1.9547510  1.1147932   48.33594  -46.35036    34.8781    34.8947     3.8670     3.8659    27.7031    27.7164    6.21042    6.35913         15 0.0000e+00
      48051   2002.089    598.000     3.9165   3.264717     3.9187   3.266310      72.22     0.0120     2.7686     2.4768  1.9539207  1.1147741   48.33592  -46.35036    34.8787    34.8952     3.8730     3.8753    27.7030    27.7159    6.21139    6.35918         15 0.0000e+00
      48066   2002.689    597.000     3.9238   3.265389     3.9296   3.267317      96.65     0.0130     2.7693     2.4767  1.9536011  1.1147741   48.33592  -46.35037    34.8794    34.8962     3.8804     3.8862    27.7028    27.7155    6.21727    6.34927         14 0.0000e+00
      48081   2003.317    596.000     3.9305   3.265994     3.9331   3.267649      96.60     0.0125     2.7699     2.4762  1.9536788  1.1147741   48.33592  -46.35038    34.8800    34.8969     3.8872     3.8897    27.7026    27.7158    6.22018    6.34500         16 0.0000e+00
      48098   2004.037    595.000     3.9346   3.266352     3.9386   3.268147      63.16     0.0131     2.7709     2.4760  1.9535456  1.1147741   48.33592  -46.35038    34.8804    34.8975     3.8914     3.8953    27.7025    27.7157    6.21728    6.34513         20 0.0000e+00
      48123   2005.093    594.000     3.9358   3.266462     3.9465   3.268875      94.26     0.0147     2.7710     2.4756  1.9535979  1.1147741   48.33592  -46.35038    34.8810    34.8983     3.8926     3.9033    27.7028    27.7154    6.20413    6.33825         33 0.0000e+00
      48160   2006.620    593.000     3.9388   3.266687     3.9428   3.268497      81.16     0.0149     2.7701     2.4746  1.9536020  1.1160083   48.33592  -46.35038    34.8811    34.8983     3.8956     3.8996    27.7025    27.7158    6.18801    6.33592         34 0.0000e+00
      48187   2007.765    592.000     3.9417   3.266892     3.9377   3.267924      87.95     0.0131     2.7685     2.4743  1.9540597  1.1163396   48.33592  -46.35038    34.8809    34.8977     3.8987     3.8963    27.7021    27.7160    6.18583    6.34109         22 0.0000e+00
      48207   2008.566    591.000     3.9548   3.268130     3.9632   3.270326      96.88     0.0152     2.7682     2.4744  1.9548458  1.1172423   48.33592  -46.35038    34.8822    34.8994     3.9117     3.9200    27.7018    27.7146    6.18779    6.33697         17 0.0000e+00
      48222   2009.209    590.000     3.9677   3.269388     3.9692   3.270941      39.23     0.0118     2.7682     2.4744  1.9548229  1.1172161   48.33592  -46.35038    34.8840    34.9008     3.9247     3.9262    27.7019    27.7151    6.18535    6.33573         15 0.0000e+00
      48236   2009.780    589.000     3.9753   3.270110     3.9759   3.271552      28.52     0.0109     2.7676     2.4744  1.9548229  1.1172161   48.33592  -46.35038    34.8850    34.9015     3.9323     3.9329    27.7019    27.7149    6.18724    6.33384         13 0.0000e+00
      48249   2010.334    588.000     3.9799   3.270520     3.9802   3.271927      64.24     0.0136     2.7681     2.4744  1.9548229  1.1172161   48.33592  -46.35038    34.8855    34.9019     3.9370     3.9373    27.7018    27.7148    6.19017    6.33271         13 0.0000e+00
      48263   2010.919    587.000     3.9818   3.270655     3.9818   3.272041      96.67     0.0141     2.7682     2.4747  1.9548229  1.1172161   48.33592  -46.35038    34.8857    34.9021     3.9389     3.9389    27.7017    27.7148    6.18238    6.33132         15 0.0000e+00
      48280   2011.604    586.000     3.9824   3.270675     3.9823   3.272053      96.45     0.0141     2.7679     2.4745  1.9543240  1.1175280   48.33592  -46.35038    34.8858    34.9022     3.9396     3.9395    27.7017    27.7149    6.18337    6.33301         19 0.0000e+00
