data/CTD/2013/CNV/U021A014.CNV
* Sea-Bird SBE 9 Data File:
* FileName = C:\CTD_ACQUISITION\2013021HUD\ctddata\021A014.hdr
* Software Version Seasave V 7.22.2
* Temperature SN = 5081
* Conductivity SN = 3561
* Number of Bytes Per Scan = 37
* Number of Voltage Words = 4
* Number of Scans Averaged by the Deck Unit = 1
* NMEA Latitude = 46 59.97 N
* NMEA Longitude = 047 04.95 W
* NMEA UTC (Time) = Jul 01 2013 22:38:05
* NMEA baud rate = 9600
** Ship: Hudson
** Cruise: HUD2013021
** Chief_Scientist: Greenan
** Organization: BIO
** Area_of_Operation: Sackville Spur
** Station: 14
** Sounding:  1105
** Event_Comments: FC16.5  393115
# nquan = 25
# nvalues = 1090                        
# units = specified
# name 0 = scan: Scan Count
# name 1 = timeS: Time, Elapsed [seconds]
# name 2 = prDM: Pressure, Digiquartz [db]
# name 3 = t068C: Temperature [ITS-68, deg C]
# name 4 = c0S/m: Conductivity [S/m]
# name 5 = t168C: Temperature, 2 [ITS-68, deg C]
# name 6 = c1S/m: Conductivity, 2 [S/m]
# name 7 = altM: Altimeter [m]
# name 8 = flCUVA: Fluorescence, Chelsea UV Aquatracka [ug/l]
# name 9 = sbeox0V: Oxygen raw, SBE 43 [V]
# name 10 = sbeox1V: Oxygen raw, SBE 43, 2 [V]
# name 11 = upoly0: Upoly 0, Optode 4330F - O2 D-Phase
# name 12 = upoly1: Upoly 1, Optode 4330F - O2 Temp
# name 13 = latitude: Latitude [deg]
# name 14 = longitude: Longitude [deg]
# name 15 = sal00: Salinity, Practical [PSU]
# name 16 = sal11: Salinity, Practical, 2 [PSU]
# name 17 = potemp068C: Potential Temperature [ITS-68, deg C]
# name 18 = potemp168C: Potential Temperature, 2 [ITS-68, deg C]
# name 19 = sigma-é00: Density [sigma-theta, Kg/m^3]
# name 20 = sigma-é11: Density, 2 [sigma-theta, Kg/m^3]
# name 21 = sbeox0ML/L: Oxygen, SBE 43 [ml/l], WS = 2
# name 22 = sbeox1ML/L: Oxygen, SBE 43, 2 [ml/l], WS = 2
# name 23 = nbin: number of scans per bin
# name 24 = flag: flag
# span 0 =      39171,      67447       
# span 1 =   1632.088,   2810.270       
# span 2 =      1.000,   1090.000       
# span 3 =     0.0077,     6.6516       
# span 4 =   2.670729,   3.285684       
# span 5 =    -0.0097,     6.6451       
# span 6 =   2.665184,   3.287008       
# span 7 =       6.00,     100.89       
# span 8 =     0.0054,     0.1915       
# span 9 =     2.5375,     3.4200       
# span 10 =     2.2830,     3.0681      
# span 11 =  1.7206356,  2.0354932      
# span 12 =  0.6471118,  1.4526820      
# span 13 =   46.99954,   46.99984      
# span 14 =  -47.08374,  -47.08340      
# span 15 =    26.1566,    34.9080      
# span 16 =    26.1044,    34.9237      
# span 17 =     0.0060,     6.6515      
# span 18 =    -0.0112,     6.6451      
# span 19 =    20.5075,    27.7445      
# span 20 =    20.4671,    27.7571      
# span 21 =    5.91291,    8.33834      
# span 22 =    6.12117,    8.49002      
# span 23 =         13,        169      
# span 24 = 0.0000e+00, 0.0000e+00      
# interval = decibars: 1                
# start_time = Jul 01 2013 22:38:05 [NMEA time, header]
# bad_flag = -9.990e-29
*END*
[from data line 58]
      41033   1709.652   1032.000     3.7994   3.275047     3.7987   3.276299      89.20     0.0082     2.5969     2.3314  2.0003562  1.1001730   46.99958  -47.08372    34.9001    34.9156     3.7219     3.7212    27.7355    27.7479    6.06196    6.24967         24 0.0000e+00
      41056   1710.637   1031.000     3.7990   3.274948     3.7982   3.276193      81.52     0.0103     2.5973     2.3316  2.0002644  1.1003901   46.99957  -47.08373    34.8998    34.9154     3.7217     3.7208    27.7352    27.7478    6.05745    6.25719         23 0.0000e+00
      41080   1711.611   1030.000     3.7986   3.274859     3.7979   3.276116      95.78     0.0107     2.5975     2.3324  2.0002444  1.1011857   46.99957  -47.08373    34.8997    34.9153     3.7214     3.7206    27.7352    27.7478    6.05825    6.26128         25 0.0000e+00
      41108   1712.795   1029.000     3.7983   3.274779     3.7976   3.276038      81.17     0.0104     2.5981     2.3328  1.9992553  1.1006577   46.99958  -47.08372    34.8995    34.9153     3.7211     3.7204    27.7351    27.7477    6.06623    6.25941         33 0.0000e+00
      41141   1714.169   1028.000     3.7988   3.274772     3.7980   3.276015      94.98     0.0118     2.5985     2.3339  1.9986330  1.1004528   46.99958  -47.08372    34.8994    34.9150     3.7217     3.7209    27.7350    27.7475    6.06220    6.26587         29 0.0000e+00
      41165   1715.152   1027.000     3.7991   3.274743     3.7986   3.276032      95.58     0.0112     2.5997     2.3342  1.9977969  1.1013486   46.99958  -47.08372    34.8993    34.9151     3.7221     3.7216    27.7349    27.7474    6.06569    6.26054         20 0.0000e+00
      41183   1715.901   1026.000     3.7992   3.274718     3.7992   3.276029      79.41     0.0095     2.5990     2.3347  1.9977100  1.1013432   46.99958  -47.08372    34.8994    34.9150     3.7223     3.7222    27.7349    27.7473    6.05407    6.26493         16 0.0000e+00
      41199   1716.584   1025.000     3.8007   3.274798     3.8013   3.276174      79.76     0.0102     2.5993     2.3350  1.9979173  1.1013432   46.99958  -47.08372    34.8993    34.9150     3.7238     3.7244    27.7347    27.7471    6.05278    6.26296         17 0.0000e+00
      41216   1717.294   1024.000     3.8024   3.274909     3.8022   3.276220      95.02     0.0110     2.5990     2.3353  1.9980299  1.1013432   46.99958  -47.08372    34.8993    34.9151     3.7256     3.7254    27.7345    27.7471    6.05451    6.25990         18 0.0000e+00
      41238   1718.195   1023.000     3.8029   3.274919     3.8027   3.276223      77.40     0.0120     2.5992     2.3355  1.9978839  1.1013432   46.99958  -47.08372    34.8994    34.9151     3.7262     3.7260    27.7345    27.7470    6.05674    6.25818         27 0.0000e+00
      41274   1719.722   1022.000     3.8032   3.274893     3.8027   3.276177      96.74     0.0099     2.5994     2.3357  1.9972670  1.1012193   46.99958  -47.08372    34.8993    34.9151     3.7265     3.7260    27.7344    27.7470    6.05610    6.25701         41 0.0000e+00
      41306   1721.029   1021.000     3.8036   3.274876     3.8035   3.276200      75.58     0.0113     2.5998     2.3358  1.9964738  1.1013477   46.99958  -47.08372    34.8992    34.9150     3.7271     3.7269    27.7342    27.7469    6.05735    6.25641         22 0.0000e+00
      41326   1721.859   1020.000     3.8049   3.274957     3.8054   3.276335      91.62     0.0108     2.5997     2.3360  1.9963361  1.1013432   46.99958  -47.08372    34.8993    34.9151     3.7284     3.7288    27.7342    27.7468    6.05629    6.25825         20 0.0000e+00
      41345   1722.653   1019.000     3.8077   3.275176     3.8075   3.276500      96.42     0.0150     2.6004     2.3362  1.9959581  1.1013432   46.99958  -47.08372    34.8994    34.9153     3.7313     3.7310    27.7340    27.7467    6.06000    6.25503         19 0.0000e+00
      41366   1723.531   1018.000     3.8107   3.275420     3.8100   3.276693      92.73     0.0166     2.6002     2.3361  1.9954408  1.1013432   46.99958  -47.08372    34.8997    34.9155     3.7343     3.7336    27.7339    27.7465    6.05576    6.24979         23 0.0000e+00
      41392   1724.607   1017.000     3.8131   3.275599     3.8135   3.276984      59.15     0.0140     2.6010     2.3361  1.9952900  1.1013432   46.99958  -47.08372    34.8998    34.9157     3.7368     3.7372    27.7337    27.7464    6.05901    6.25481         28 0.0000e+00
      41419   1725.733   1016.000     3.8155   3.275770     3.8164   3.277227      97.30     0.0119     2.6012     2.3363  1.9950622  1.1013432   46.99958  -47.08372    34.8998    34.9160     3.7393     3.7401    27.7335    27.7463    6.05100    6.24552         25 0.0000e+00
      41442   1726.697   1015.000     3.8168   3.275867     3.8191   3.277447      87.79     0.0137     2.6004     2.3357  1.9957329  1.1017915   46.99958  -47.08372    34.9001    34.9163     3.7406     3.7429    27.7336    27.7463    6.04598    6.23983         22 0.0000e+00
      41464   1727.644   1014.000     3.8184   3.276008     3.8201   3.277505      82.07     0.0121     2.6010     2.3356  1.9962850  1.1024611   46.99958  -47.08372    34.9005    34.9165     3.7423     3.7440    27.7337    27.7463    6.04960    6.24707         24 0.0000e+00
      41491   1728.743   1013.000     3.8212   3.276244     3.8217   3.277613      96.32     0.0108     2.6006     2.3358  1.9954162  1.1024380   46.99958  -47.08372    34.9008    34.9165     3.7452     3.7456    27.7337    27.7462    6.04822    6.24980         29 0.0000e+00
      41518   1729.881   1012.000     3.8234   3.276394     3.8240   3.277777      80.34     0.0103     2.6010     2.3363  1.9945357  1.1025672   46.99958  -47.08372    34.9009    34.9165     3.7474     3.7480    27.7336    27.7459    6.05096    6.24828         24 0.0000e+00
      41540   1730.792   1011.000     3.8246   3.276471     3.8250   3.277827      87.55     0.0159     2.6008     2.3364  1.9958156  1.1025641   46.99958  -47.08372    34.9009    34.9166     3.7488     3.7491    27.7334    27.7459    6.04474    6.24932         20 0.0000e+00
      41559   1731.572   1010.000     3.8253   3.276481     3.8252   3.277810      96.99     0.0173     2.6010     2.3366  1.9963435  1.1025641   46.99958  -47.08372    34.9009    34.9167     3.7495     3.7494    27.7333    27.7459    6.05057    6.24687         18 0.0000e+00
      41577   1732.336   1009.000     3.8256   3.276478     3.8253   3.277765      49.07     0.0161     2.6014     2.3366  1.9962724  1.1025641   46.99958  -47.08372    34.9010    34.9166     3.7499     3.7496    27.7334    27.7458    6.05368    6.24414         19 0.0000e+00
      41598   1733.215   1008.000     3.8258   3.276441     3.8252   3.277702      59.80     0.0141     2.6016     2.3366  1.9939853  1.1026111   46.99958  -47.08372    34.9009    34.9165     3.7501     3.7495    27.7333    27.7458    6.04818    6.24554         25 0.0000e+00
      41634   1734.715   1007.000     3.8256   3.276378     3.8250   3.277637      95.48     0.0165     2.6027     2.3374  1.9945217  1.1025639   46.99958  -47.08372    34.9009    34.9164     3.7500     3.7494    27.7333    27.7457    6.06019    6.25639         45 0.0000e+00
      41670   1736.194   1006.000     3.8256   3.276314     3.8249   3.277574      66.41     0.0152     2.6037     2.3385  1.9953318  1.1025641   46.99958  -47.08372    34.9006    34.9163     3.7502     3.7494    27.7330    27.7456    6.06680    6.25851         22 0.0000e+00
      41688   1736.945   1005.000     3.8257   3.276271     3.8251   3.277550      96.47     0.0134     2.6052     2.3390  1.9957305  1.1025641   46.99958  -47.08372    34.9005    34.9163     3.7503     3.7497    27.7330    27.7455    6.06645    6.26192         18 0.0000e+00
      41705   1737.668   1004.000     3.8258   3.276231     3.8254   3.277515      96.72     0.0107     2.6045     2.3397  1.9953959  1.1025641   46.99958  -47.08372    34.9005    34.9161     3.7505     3.7501    27.7329    27.7454    6.06025    6.26250         18 0.0000e+00
      41725   1738.495   1003.000     3.8260   3.276184     3.8256   3.277465      92.89     0.0139     2.6058     2.3401  1.9955825  1.1025641   46.99958  -47.08372    34.9002    34.9158     3.7507     3.7503    27.7327    27.7451    6.06618    6.25292         23 0.0000e+00
      41756   1739.778   1002.000     3.8260   3.276135     3.8255   3.277400      83.40     0.0200     2.6065     2.3399  1.9952191  1.1026294   46.99958  -47.08372    34.9001    34.9157     3.7509     3.7503    27.7326    27.7450    6.06165    6.24998         37 0.0000e+00
      41786   1741.061   1001.000     3.8261   3.276072     3.8254   3.277333      96.68     0.0156     2.6068     2.3403  1.9941380  1.1026193   46.99958  -47.08372    34.8997    34.9154     3.7511     3.7503    27.7322    27.7448    6.06291    6.25692         22 0.0000e+00
      41805   1741.834   1000.000     3.8261   3.276015     3.8256   3.277281      82.12     0.0145     2.6075     2.3406  1.9938946  1.1027797   46.99958  -47.08372    34.8996    34.9151     3.7511     3.7506    27.7321    27.7446    6.06735    6.25251         17 0.0000e+00
      41822   1742.556    999.000     3.8265   3.276000     3.8261   3.277289      77.57     0.0116     2.6078     2.3406  1.9938949  1.1027677   46.99958  -47.08372    34.8996    34.9152     3.7515     3.7512    27.7321    27.7445    6.06734    6.25478         18 0.0000e+00
      41842   1743.360    998.000     3.8272   3.276016     3.8267   3.277300      64.97     0.0125     2.6082     2.3410  1.9938419  1.1026260   46.99958  -47.08372    34.8995    34.9152     3.7524     3.7519    27.7319    27.7445    6.06581    6.25814         22 0.0000e+00
      41868   1744.479    997.000     3.8275   3.276005     3.8269   3.277271      89.10     0.0148     2.6091     2.3417  1.9936234  1.1027197   46.99958  -47.08372    34.8995    34.9152     3.7528     3.7522    27.7319    27.7444    6.06781    6.25904         31 0.0000e+00
      41898   1745.707    996.000     3.8278   3.275975     3.8270   3.277235      81.24     0.0160     2.6093     2.3422  1.9928436  1.1027608   46.99958  -47.08372    34.8994    34.9152     3.7532     3.7523    27.7317    27.7444    6.06294    6.26660         25 0.0000e+00
      41920   1746.617    995.000     3.8279   3.275945     3.8276   3.277250      97.10     0.0174     2.6100     2.3435  1.9934139  1.1027471   46.99958  -47.08372    34.8994    34.9152     3.7534     3.7530    27.7317    27.7444    6.06343    6.27277         20 0.0000e+00
      41941   1747.500    994.000     3.8282   3.275944     3.8282   3.277267      92.71     0.0128     2.6095     2.3440  1.9938841  1.1028169   46.99958  -47.08372    34.8996    34.9154     3.7537     3.7536    27.7319    27.7444    6.06412    6.26344         24 0.0000e+00
      41973   1748.835    993.000     3.8288   3.275946     3.8288   3.277266      85.43     0.0125     2.6108     2.3446  1.9934138  1.1031404   46.99958  -47.08372    34.8996    34.9152     3.7543     3.7543    27.7318    27.7442    6.07241    6.26489         43 0.0000e+00
      42012   1750.462    992.000     3.8298   3.275962     3.8289   3.277222      90.89     0.0089     2.6115     2.3453  1.9928713  1.1031995   46.99958  -47.08372    34.8992    34.9150     3.7555     3.7545    27.7313    27.7441    6.06531    6.26226         27 0.0000e+00
      42033   1751.316    991.000     3.8306   3.275995     3.8303   3.277287      28.09     0.0098     2.6115     2.3453  1.9929456  1.1031064   46.99958  -47.08372    34.8992    34.9149     3.7563     3.7560    27.7313    27.7438    6.06489    6.25904         18 0.0000e+00
      42050   1752.048    990.000     3.8313   3.276007     3.8311   3.277319      97.22     0.0084     2.6117     2.3454  1.9926717  1.1035736   46.99958  -47.08372    34.8992    34.9149     3.7571     3.7568    27.7312    27.7438    6.06157    6.25986         17 0.0000e+00
      42067   1752.735    989.000     3.8317   3.276016     3.8314   3.277311      96.94     0.0119     2.6117     2.3456  1.9917500  1.1035560   46.99958  -47.08372    34.8993    34.9150     3.7576     3.7572    27.7312    27.7438    6.05462    6.25773         16 0.0000e+00
      42083   1753.437    988.000     3.8320   3.275989     3.8316   3.277286      96.78     0.0150     2.6112     2.3454  1.9905719  1.1035815   46.99958  -47.08372    34.8993    34.9150     3.7579     3.7575    27.7312    27.7437    6.05649    6.25613         18 0.0000e+00
      42103   1754.253    987.000     3.8321   3.275960     3.8318   3.277258      69.00     0.0176     2.6114     2.3456  1.9906738  1.1039438   46.99958  -47.08372    34.8993    34.9150     3.7581     3.7578    27.7312    27.7437    6.06137    6.26118         22 0.0000e+00
      42133   1755.515    986.000     3.8321   3.275918     3.8320   3.277225      95.28     0.0139     2.6116     2.3460  1.9914241  1.1043203   46.99958  -47.08372    34.8993    34.9149     3.7583     3.7581    27.7311    27.7436    6.06003    6.26010         40 0.0000e+00
      42170   1757.022    985.000     3.8326   3.275899     3.8318   3.277165      73.99     0.0128     2.6119     2.3466  1.9909587  1.1040380   46.99958  -47.08372    34.8990    34.9149     3.7588     3.7580    27.7309    27.7436    6.07184    6.26593         28 0.0000e+00
      42193   1757.997    984.000     3.8328   3.275870     3.8328   3.277204      96.13     0.0121     2.6137     2.3472  1.9907558  1.1046555   46.99958  -47.08372    34.8990    34.9148     3.7590     3.7591    27.7309    27.7434    6.08098    6.27146         21 0.0000e+00
      42214   1758.885    983.000     3.8337   3.275924     3.8340   3.277277      96.87     0.0111     2.6139     2.3480  1.9921572  1.1043439   46.99958  -47.08372    34.8992    34.9149     3.7601     3.7603    27.7309    27.7434    6.07463    6.27484         22 0.0000e+00
      42237   1759.846    982.000     3.8347   3.275977     3.8347   3.277297      78.01     0.0148     2.6155     2.3489  1.9927067  1.1040385   46.99958  -47.08372    34.8993    34.9150     3.7612     3.7611    27.7308    27.7434    6.08177    6.26999         25 0.0000e+00
      42266   1761.024    981.000     3.8352   3.275979     3.8351   3.277291      90.99     0.0134     2.6160     2.3491  1.9918165  1.1042743   46.99958  -47.08372    34.8993    34.9149     3.7617     3.7616    27.7308    27.7433    6.07453    6.26322         30 0.0000e+00
      42294   1762.197    980.000     3.8356   3.275946     3.8354   3.277261      64.47     0.0136     2.6162     2.3491  1.9914362  1.1041883   46.99958  -47.08372    34.8990    34.9148     3.7622     3.7619    27.7305    27.7431    6.06251    6.26422         24 0.0000e+00
      42314   1763.036    979.000     3.8361   3.275938     3.8359   3.277255      69.98     0.0152     2.6158     2.3495  1.9904174  1.1046064   46.99960  -47.08372    34.8989    34.9147     3.7627     3.7625    27.7304    27.7430    6.06526    6.26339         18 0.0000e+00
      42331   1763.732    978.000     3.8367   3.275951     3.8365   3.277266      86.35     0.0175     2.6162     2.3493  1.9906142  1.1050076   46.99960  -47.08372    34.8989    34.9147     3.7634     3.7633    27.7304    27.7429    6.07115    6.25712         16 0.0000e+00
      42347   1764.412    977.000     3.8380   3.276016     3.8375   3.277317      96.76     0.0162     2.6164     2.3491  1.9906626  1.1047207   46.99960  -47.08372    34.8989    34.9148     3.7648     3.7643    27.7301    27.7429    6.07023    6.25848         17 0.0000e+00
      42366   1765.217    976.000     3.8391   3.276084     3.8390   3.277414      96.92     0.0124     2.6167     2.3493  1.9904020  1.1048927   46.99960  -47.08372    34.8990    34.9148     3.7660     3.7659    27.7302    27.7428    6.07701    6.26201         23 0.0000e+00
