data/CTD/2013/CNV/U021A042.CNV
* Sea-Bird SBE 9 Data File:
* FileName = C:\CTD_ACQUISITION\2013021HUD\ctddata\021A042.hdr
* Software Version Seasave V 7.22.2
* Temperature SN = 5081
* Conductivity SN = 3561
* Number of Bytes Per Scan = 37
* Number of Voltage Words = 4
* Number of Scans Averaged by the Deck Unit = 1
* NMEA Latitude = 48 20.24 N
* NMEA Longitude = 046 21.03 W
* NMEA UTC (Time) = Jul 04 2013 04:23:37
* NMEA baud rate = 9600
** Ship: Hudson
** Cruise: HUD2013021
** Chief_Scientist: Greenan
** Organization: BIO
** Area_of_Operation: Sackville Spur
** Station: 42
** Sounding:  947
** Event_Comments: FP_BSR_5  393184
# nquan = 25
# nvalues = 932                         
# units = specified
# name 0 = scan: Scan Count
# name 1 = timeS: Time, Elapsed [seconds]
# name 2 = prDM: Pressure, Digiquartz [db]
# name 3 = t068C: Temperature [ITS-68, deg C]
# name 4 = c0S/m: Conductivity [S/m]
# name 5 = t168C: Temperature, 2 [ITS-68, deg C]
# name 6 = c1S/m: Conductivity, 2 [S/m]
# name 7 = altM: Altimeter [m]
# name 8 = flCUVA: Fluorescence, Chelsea UV Aquatracka [ug/l]
# name 9 = sbeox0V: Oxygen raw, SBE 43 [V]
# name 10 = sbeox1V: Oxygen raw, SBE 43, 2 [V]
# name 11 = upoly0: Upoly 0, Optode 4330F - O2 D-Phase
# name 12 = upoly1: Upoly 1, Optode 4330F - O2 Temp
# name 13 = latitude: Latitude [deg]
# name 14 = longitude: Longitude [deg]
# name 15 = sal00: Salinity, Practical [PSU]
# name 16 = sal11: Salinity, Practical, 2 [PSU]
# name 17 = potemp068C: Potential Temperature [ITS-68, deg C]
# name 18 = potemp168C: Potential Temperature, 2 [ITS-68, deg C]
# name 19 = sigma-é00: Density [sigma-theta, Kg/m^3]
# name 20 = sigma-é11: Density, 2 [sigma-theta, Kg/m^3]
# name 21 = sbeox0ML/L: Oxygen, SBE 43 [ml/l], WS = 2
# name 22 = sbeox1ML/L: Oxygen, SBE 43, 2 [ml/l], WS = 2
# name 23 = nbin: number of scans per bin
# name 24 = flag: flag
# span 0 =      37661,      62954       
# span 1 =   1569.157,   2623.024       
# span 2 =      1.000,    932.000       
# span 3 =    -0.2612,     6.0828       
# span 4 =   2.758040,   3.277600       
# span 5 =    -0.2725,     6.0780       
# span 6 =   2.758145,   3.279017       
# span 7 =      -1.29,      99.90       
# span 8 =     0.0056,     0.1226       
# span 9 =     2.6212,     3.4351       
# span 10 =     2.3536,     3.1027      
# span 11 =  1.7360789,  2.0134311      
# span 12 =  0.6385498,  1.3604911      
# span 13 =   48.33590,   48.33638      
# span 14 =  -46.35044,  -46.34966      
# span 15 =    32.6409,    34.9037      
# span 16 =    32.6568,    34.9203      
# span 17 =    -0.2619,     6.0827      
# span 18 =    -0.2732,     6.0779      
# span 19 =    25.6788,    27.7301      
# span 20 =    25.6920,    27.7433      
# span 21 =    6.02879,    9.03826      
# span 22 =    6.22267,    9.29278      
# span 23 =         12,        352      
# span 24 = 0.0000e+00, 0.0000e+00      
# interval = decibars: 1                
# start_time = Jul 04 2013 04:23:37 [NMEA time, header]
# bad_flag = -9.990e-29
*END*
[from data line 58]
      39050   1627.021    874.000     3.8468   3.271497     3.8464   3.272840      96.71     0.0102     2.6768     2.3999  1.9792429  1.1084485   48.33606  -46.35030    34.8890    34.9053     3.7820     3.7815    27.7205    27.7336    6.18034    6.35884         23 0.0000e+00
      39075   1628.068    873.000     3.8462   3.271385     3.8459   3.272752      48.11     0.0083     2.6779     2.4010  1.9789058  1.1078614   48.33606  -46.35030    34.8887    34.9053     3.7815     3.7812    27.7204    27.7336    6.17710    6.36024         28 0.0000e+00
      39107   1629.407    872.000     3.8460   3.271311     3.8456   3.272658      86.06     0.0113     2.6785     2.4021  1.9781413  1.1074570   48.33606  -46.35030    34.8886    34.9050     3.7813     3.7809    27.7203    27.7334    6.17747    6.36393         36 0.0000e+00
      39142   1630.854    871.000     3.8458   3.271229     3.8455   3.272599      94.32     0.0118     2.6796     2.4036  1.9760475  1.1074901   48.33605  -46.35030    34.8884    34.9049     3.7812     3.7826    27.7202    27.7334    6.18260    6.36771         30 0.0000e+00
      39168   1631.953    870.000     3.8457   3.271171     3.8452   3.272518      95.86     0.0135     2.6801     2.4043  1.9763978  1.1077054   48.33604  -46.35030    34.8883    34.9049     3.7812     3.7806    27.7201    27.7333    6.18663    6.36449         24 0.0000e+00
      39190   1632.860    869.000     3.8451   3.271070     3.8444   3.272387      96.82     0.0159     2.6815     2.4047  1.9768035  1.1077538   48.33604  -46.35030    34.8882    34.9047     3.7807     3.7799    27.7201    27.7332    6.19068    6.36345         20 0.0000e+00
      39209   1633.679    868.000     3.8436   3.270849     3.8416   3.272031      96.81     0.0162     2.6820     2.4052  1.9764094  1.1079655   48.33604  -46.35030    34.8878    34.9039     3.7792     3.7773    27.7199    27.7329    6.18946    6.36385         19 0.0000e+00
      39230   1634.550    867.000     3.8405   3.270446     3.8387   3.271646      96.82     0.0173     2.6825     2.4053  1.9745201  1.1074884   48.33604  -46.35031    34.8868    34.9029     3.7763     3.7745    27.7194    27.7324    6.18578    6.35848         27 0.0000e+00
      39280   1636.617    866.000     3.8393   3.270259     3.8392   3.271657      96.44     0.0201     2.6833     2.4054  1.9756273  1.1074481   48.33604  -46.35032    34.8863    34.9030     3.7752     3.7750    27.7191    27.7324    6.18935    6.36359         55 0.0000e+00
      39313   1638.001    865.000     3.8396   3.270224     3.8393   3.271636      96.79     0.0191     2.6850     2.4066  1.9759710  1.1061287   48.33604  -46.35030    34.8861    34.9031     3.7755     3.7753    27.7189    27.7325    6.20172    6.37512         25 0.0000e+00
      39337   1639.003    864.000     3.8388   3.270100     3.8384   3.271469      67.51     0.0184     2.6859     2.4075  1.9758368  1.1057757   48.33604  -46.35032    34.8861    34.9027     3.7748     3.7744    27.7189    27.7322    6.20163    6.37429         24 0.0000e+00
      39361   1640.018    863.000     3.8386   3.270051     3.8380   3.271384      96.13     0.0164     2.6868     2.4080  1.9745358  1.1069325   48.33604  -46.35032    34.8861    34.9026     3.7747     3.7741    27.7190    27.7322    6.19774    6.37342         25 0.0000e+00
      39388   1641.116    862.000     3.8380   3.269943     3.8374   3.271290      96.83     0.0117     2.6875     2.4088  1.9735978  1.1074440   48.33604  -46.35032    34.8860    34.9026     3.7742     3.7736    27.7190    27.7322    6.20157    6.37140         27 0.0000e+00
      39414   1642.189    861.000     3.8377   3.269859     3.8373   3.271211      96.84     0.0088     2.6883     2.4092  1.9722066  1.1073396   48.33604  -46.35032    34.8858    34.9023     3.7740     3.7735    27.7188    27.7320    6.20078    6.37230         23 0.0000e+00
      39435   1643.104    860.000     3.8375   3.269795     3.8373   3.271174      96.82     0.0104     2.6889     2.4095  1.9719098  1.1073316   48.33604  -46.35032    34.8858    34.9024     3.7739     3.7737    27.7188    27.7320    6.19857    6.37210         21 0.0000e+00
      39456   1643.971    859.000     3.8373   3.269724     3.8370   3.271097      96.82     0.0098     2.6889     2.4097  1.9719169  1.1066830   48.33604  -46.35032    34.8857    34.9023     3.7738     3.7734    27.7187    27.7320    6.19260    6.37039         21 0.0000e+00
      39478   1644.872    858.000     3.8369   3.269634     3.8364   3.270998      96.74     0.0091     2.6889     2.4100  1.9719169  1.1068107   48.33603  -46.35032    34.8856    34.9023     3.7734     3.7729    27.7187    27.7320    6.19275    6.37385         23 0.0000e+00
      39501   1645.819    857.000     3.8363   3.269532     3.8358   3.270878      96.80     0.0126     2.6891     2.4107  1.9719169  1.1067065   48.33603  -46.35031    34.8855    34.9020     3.7729     3.7724    27.7187    27.7319    6.19371    6.38099         23 0.0000e+00
      39525   1646.832    856.000     3.8359   3.269435     3.8353   3.270777      38.59     0.0128     2.6893     2.4114  1.9719169  1.1068807   48.33604  -46.35030    34.8854    34.9019     3.7726     3.7720    27.7186    27.7318    6.19676    6.38208         26 0.0000e+00
      39553   1648.008    855.000     3.8355   3.269348     3.8347   3.270672      96.16     0.0113     2.6899     2.4126  1.9715142  1.1064757   48.33604  -46.35030    34.8852    34.9018     3.7723     3.7715    27.7185    27.7318    6.20489    6.38553         30 0.0000e+00
      39583   1649.265    854.000     3.8344   3.269186     3.8335   3.270489      92.90     0.0127     2.6913     2.4136  1.9714352  1.1059507   48.33604  -46.35030    34.8849    34.9014     3.7713     3.7704    27.7184    27.7316    6.21544    6.38844         28 0.0000e+00
      39607   1650.250    853.000     3.8337   3.269038     3.8319   3.270249      89.08     0.0137     2.6928     2.4143  1.9713937  1.1063434   48.33604  -46.35030    34.8845    34.9007     3.7706     3.7689    27.7181    27.7312    6.21228    6.38688         21 0.0000e+00
      39627   1651.083    852.000     3.8315   3.268754     3.8304   3.270033      96.18     0.0128     2.6934     2.4148  1.9712100  1.1063557   48.33604  -46.35030    34.8839    34.9003     3.7686     3.7675    27.7179    27.7310    6.19867    6.37860         19 0.0000e+00
      39648   1651.960    851.000     3.8295   3.268480     3.8286   3.269784      96.73     0.0136     2.6925     2.4143  1.9707071  1.1062299   48.33604  -46.35030    34.8833    34.8998     3.7667     3.7657    27.7176    27.7308    6.19268    6.36899         24 0.0000e+00
      39676   1653.144    850.000     3.8280   3.268267     3.8276   3.269619      96.27     0.0173     2.6925     2.4138  1.9703356  1.1058669   48.33603  -46.35030    34.8829    34.8994     3.7653     3.7648    27.7174    27.7306    6.19491    6.36613         31 0.0000e+00
      40110   1671.195    849.000     3.8291   3.268364     3.8284   3.269684      96.73     0.0129     2.6939     2.4152  1.9665023  1.1047286   48.33601  -46.35030    34.8835    34.8998     3.7664     3.7657    27.7177    27.7308    6.20022    6.37687         57 0.0000e+00
      40620   1692.478    848.000     3.8296   3.268364     3.8285   3.269644      96.84     0.0098     2.6971     2.4188  1.9661690  1.1037753   48.33602  -46.35030    34.8834    34.8998     3.7670     3.7659    27.7176    27.7308    6.20975    6.39779         20 0.0000e+00
      40635   1693.087    847.000     3.8288   3.268228     3.8279   3.269536      96.84     0.0113     2.6973     2.4193  1.9662622  1.1039789   48.33602  -46.35030    34.8832    34.8996     3.7663     3.7654    27.7175    27.7307    6.21590    6.39746         19 0.0000e+00
      40655   1693.928    846.000     3.8282   3.268120     3.8276   3.269467      96.83     0.0132     2.6980     2.4196  1.9652134  1.1037873   48.33602  -46.35030    34.8831    34.8996     3.7657     3.7652    27.7175    27.7307    6.21701    6.39506         22 0.0000e+00
      40682   1695.022    845.000     3.8279   3.268041     3.8271   3.269365      63.91     0.0114     2.6982     2.4199  1.9645902  1.1041925   48.33602  -46.35030    34.8830    34.8995     3.7655     3.7648    27.7174    27.7306    6.21744    6.39749         30 0.0000e+00
      40710   1696.207    844.000     3.8274   3.267946     3.8267   3.269278      97.18     0.0139     2.6989     2.4207  1.9640658  1.1035874   48.33602  -46.35030    34.8829    34.8994     3.7651     3.7644    27.7174    27.7306    6.21787    6.40225         26 0.0000e+00
      40734   1697.229    843.000     3.8270   3.267867     3.8263   3.269187      96.77     0.0130     2.6988     2.4212  1.9640541  1.1036378   48.33600  -46.35030    34.8828    34.8993     3.7649     3.7641    27.7174    27.7306    6.20963    6.39724         25 0.0000e+00
      40762   1698.374    842.000     3.8267   3.267782     3.8260   3.269117      96.82     0.0127     2.6991     2.4216  1.9645407  1.1043812   48.33600  -46.35030    34.8827    34.8993     3.7646     3.7639    27.7173    27.7306    6.22090    6.40188         30 0.0000e+00
      40792   1699.642    841.000     3.8264   3.267702     3.8258   3.269053      96.57     0.0137     2.7008     2.4222  1.9650184  1.1047585   48.33600  -46.35030    34.8826    34.8992     3.7643     3.7638    27.7173    27.7305    6.23496    6.40037         29 0.0000e+00
      40819   1700.755    840.000     3.8262   3.267644     3.8256   3.268974      63.47     0.0162     2.7017     2.4225  1.9661946  1.1044915   48.33601  -46.35029    34.8826    34.8991     3.7642     3.7636    27.7173    27.7304    6.22782    6.39959         24 0.0000e+00
      40841   1701.673    839.000     3.8257   3.267545     3.8248   3.268842      85.93     0.0155     2.7023     2.4228  1.9658095  1.1046584   48.33602  -46.35028    34.8825    34.8989     3.7638     3.7629    27.7172    27.7304    6.23060    6.40253         21 0.0000e+00
      40862   1702.534    838.000     3.8250   3.267420     3.8243   3.268740      97.00     0.0115     2.7032     2.4233  1.9645715  1.1043915   48.33602  -46.35028    34.8823    34.8987     3.7632     3.7625    27.7171    27.7302    6.22889    6.40772         20 0.0000e+00
      40882   1703.380    837.000     3.8241   3.267256     3.8230   3.268553      96.83     0.0136     2.7036     2.4241  1.9645909  1.1043079   48.33602  -46.35028    34.8818    34.8983     3.7624     3.7613    27.7168    27.7301    6.23767    6.41205         21 0.0000e+00
      40903   1704.253    836.000     3.8225   3.267038     3.8216   3.268328      96.83     0.0129     2.7050     2.4248  1.9645909  1.1036869   48.33602  -46.35028    34.8814    34.8977     3.7609     3.7623    27.7167    27.7297    6.24046    6.41666         22 0.0000e+00
      40926   1705.222    835.000     3.8217   3.266875     3.8206   3.268131      96.83     0.0167     2.7058     2.4260  1.9645909  1.1036396   48.33602  -46.35028    34.8809    34.8969     3.7602     3.7592    27.7163    27.7292    6.23875    6.41726         25 0.0000e+00
      40955   1706.399    834.000     3.8213   3.266781     3.8203   3.268003      91.31     0.0172     2.7063     2.4266  1.9639785  1.1037855   48.33602  -46.35028    34.8806    34.8962     3.7599     3.7589    27.7161    27.7286    6.23394    6.40610         30 0.0000e+00
      40982   1707.537    833.000     3.8210   3.266665     3.8204   3.267925      61.79     0.0116     2.7073     2.4263  1.9638256  1.1034753   48.33602  -46.35028    34.8801    34.8957     3.7597     3.7590    27.7157    27.7283    6.24124    6.40353         24 0.0000e+00
      41004   1708.479    832.000     3.8207   3.266536     3.8204   3.267870      96.76     0.0122     2.7078     2.4266  1.9633702  1.1031747   48.33602  -46.35028    34.8795    34.8956     3.7594     3.7591    27.7152    27.7281    6.23852    6.40705         22 0.0000e+00
      41026   1709.362    831.000     3.8207   3.266471     3.8204   3.267828      96.81     0.0135     2.7085     2.4267  1.9634273  1.1034896   48.33602  -46.35028    34.8792    34.8956     3.7595     3.7592    27.7151    27.7282    6.23913    6.40579         21 0.0000e+00
      41047   1710.260    830.000     3.8208   3.266417     3.8205   3.267790      96.70     0.0141     2.7085     2.4271  1.9622734  1.1034526   48.33602  -46.35026    34.8790    34.8956     3.7597     3.7593    27.7149    27.7281    6.23232    6.41251         22 0.0000e+00
      41069   1711.185    829.000     3.8209   3.266383     3.8206   3.267762      96.78     0.0136     2.7088     2.4277  1.9621491  1.1037843   48.33602  -46.35026    34.8790    34.8956     3.7598     3.7596    27.7148    27.7281    6.23479    6.41853         22 0.0000e+00
      41092   1712.129    828.000     3.8210   3.266352     3.8208   3.267729      96.83     0.0129     2.7088     2.4289  1.9621489  1.1037318   48.33602  -46.35026    34.8790    34.8956     3.7600     3.7619    27.7148    27.7281    6.23140    6.42070         23 0.0000e+00
      41116   1713.131    827.000     3.8213   3.266325     3.8214   3.267730      62.61     0.0134     2.7090     2.4293  1.9620564  1.1035993   48.33602  -46.35026    34.8789    34.8955     3.7604     3.7605    27.7147    27.7279    6.23188    6.41417         26 0.0000e+00
      41143   1714.254    826.000     3.8217   3.266308     3.8219   3.267724      90.94     0.0110     2.7090     2.4299  1.9621491  1.1031052   48.33602  -46.35026    34.8788    34.8953     3.7609     3.7611    27.7146    27.7277    6.23230    6.41363         27 0.0000e+00
      41169   1715.352    825.000     3.8222   3.266303     3.8225   3.267718      96.89     0.0125     2.7093     2.4298  1.9621489  1.1034490   48.33602  -46.35026    34.8788    34.8952     3.7614     3.7617    27.7145    27.7276    6.23132    6.40608         25 0.0000e+00
      41193   1716.321    824.000     3.8226   3.266274     3.8232   3.267732      96.14     0.0171     2.7094     2.4299  1.9615331  1.1032842   48.33602  -46.35026    34.8785    34.8952     3.7619     3.7625    27.7143    27.7275    6.23081    6.41033         22 0.0000e+00
      41215   1717.247    823.000     3.8230   3.266227     3.8234   3.267715      96.54     0.0165     2.7099     2.4302  1.9615120  1.1035188   48.33602  -46.35026    34.8781    34.8952     3.7624     3.7629    27.7138    27.7274    6.23419    6.41518         23 0.0000e+00
      41241   1718.321    822.000     3.8237   3.266297     3.8237   3.267701      96.19     0.0150     2.7100     2.4308  1.9619325  1.1034613   48.33602  -46.35026    34.8787    34.8953     3.7632     3.7632    27.7142    27.7274    6.23806    6.41609         30 0.0000e+00
      41274   1719.714    821.000     3.8237   3.266256     3.8239   3.267667      64.00     0.0172     2.7105     2.4311  1.9617500  1.1035719   48.33602  -46.35026    34.8787    34.8952     3.7632     3.7635    27.7142    27.7274    6.22508    6.40881         34 0.0000e+00
      41305   1720.986    820.000     3.8237   3.266211     3.8240   3.267634      97.49     0.0188     2.7103     2.4312  1.9613258  1.1038361   48.33602  -46.35026    34.8787    34.8952     3.7633     3.7637    27.7142    27.7273    6.23476    6.41079         27 0.0000e+00
      41330   1722.052    819.000     3.8242   3.266209     3.8247   3.267648      96.75     0.0129     2.7108     2.4314  1.9604803  1.1036367   48.33602  -46.35024    34.8786    34.8952     3.7640     3.7644    27.7141    27.7272    6.22836    6.41111         25 0.0000e+00
      41354   1723.051    818.000     3.8255   3.266271     3.8261   3.267722      96.53     0.0095     2.7110     2.4316  1.9596999  1.1036258   48.33602  -46.35024    34.8785    34.8950     3.7653     3.7659    27.7139    27.7270    6.23152    6.40788         23 0.0000e+00
