data/CTD/2013/CNV/U021A043.CNV
* Sea-Bird SBE 9 Data File:
* FileName = C:\CTD_ACQUISITION\2013021HUD\ctddata\021A043.hdr
* Software Version Seasave V 7.22.2
* Temperature SN = 5081
* Conductivity SN = 3561
* Number of Bytes Per Scan = 37
* Number of Voltage Words = 4
* Number of Scans Averaged by the Deck Unit = 1
* NMEA Latitude = 48 24.11 N
* NMEA Longitude = 046 14.76 W
* NMEA UTC (Time) = Jul 04 2013 05:49:20
* NMEA baud rate = 9600
** Ship: Hudson
** Cruise: HUD2013021
** Chief_Scientist: Greenan
** Organization: BIO
** Area_of_Operation: Sackville Spur
** Station: 43
** Sounding:  1023
** Event_Comments: FP_BSR_3  393194
# nquan = 25
# nvalues = 1013                        
# units = specified
# name 0 = scan: Scan Count
# name 1 = timeS: Time, Elapsed [seconds]
# name 2 = prDM: Pressure, Digiquartz [db]
# name 3 = t068C: Temperature [ITS-68, deg C]
# name 4 = c0S/m: Conductivity [S/m]
# name 5 = t168C: Temperature, 2 [ITS-68, deg C]
# name 6 = c1S/m: Conductivity, 2 [S/m]
# name 7 = altM: Altimeter [m]
# name 8 = flCUVA: Fluorescence, Chelsea UV Aquatracka [ug/l]
# name 9 = sbeox0V: Oxygen raw, SBE 43 [V]
# name 10 = sbeox1V: Oxygen raw, SBE 43, 2 [V]
# name 11 = upoly0: Upoly 0, Optode 4330F - O2 D-Phase
# name 12 = upoly1: Upoly 1, Optode 4330F - O2 Temp
# name 13 = latitude: Latitude [deg]
# name 14 = longitude: Longitude [deg]
# name 15 = sal00: Salinity, Practical [PSU]
# name 16 = sal11: Salinity, Practical, 2 [PSU]
# name 17 = potemp068C: Potential Temperature [ITS-68, deg C]
# name 18 = potemp168C: Potential Temperature, 2 [ITS-68, deg C]
# name 19 = sigma-é00: Density [sigma-theta, Kg/m^3]
# name 20 = sigma-é11: Density, 2 [sigma-theta, Kg/m^3]
# name 21 = sbeox0ML/L: Oxygen, SBE 43 [ml/l], WS = 2
# name 22 = sbeox1ML/L: Oxygen, SBE 43, 2 [ml/l], WS = 2
# name 23 = nbin: number of scans per bin
# name 24 = flag: flag
# span 0 =      37084,      66669       
# span 1 =   1545.107,   2777.844       
# span 2 =      1.000,   1013.000       
# span 3 =     0.8571,     6.7558       
# span 4 =   2.880817,   3.336732       
# span 5 =     0.8538,     6.7574       
# span 6 =   2.881826,   3.338797       
# span 7 =       5.27,     103.21       
# span 8 =     0.0041,     0.3057       
# span 9 =     2.5894,     3.4953       
# span 10 =     2.3281,     3.1368      
# span 11 =  1.7229366,  2.0056010      
# span 12 =  0.7533274,  1.4460723      
# span 13 =   48.40399,   48.40496      
# span 14 =  -46.24142,  -46.23450      
# span 15 =    31.1647,    34.9041      
# span 16 =    31.3399,    34.9205      
# span 17 =     0.8560,     6.7557      
# span 18 =     0.8527,     6.7573      
# span 19 =    24.4313,    27.7381      
# span 20 =    24.5690,    27.7510      
# span 21 =    6.01684,    9.16813      
# span 22 =    6.22246,    9.43298      
# span 23 =         11,        677      
# span 24 = 0.0000e+00, 0.0000e+00      
# interval = decibars: 1                
# start_time = Jul 04 2013 05:49:20 [NMEA time, header]
# bad_flag = -9.990e-29
*END*
[from data line 986]
      65080   2711.625     27.000     0.8571   2.881024     0.8567   2.881826      95.14     0.0698     3.0269     2.7257  1.9972211  0.7681789   48.40492  -46.23486    33.7308    33.7416     0.8560     0.8556    27.0339    27.0426    7.34246    7.69778         29 0.0000e+00
      65109   2712.820     26.000     0.8682   2.880928     0.8821   2.881885      95.12     0.0836     3.0540     2.7712  1.9977978  0.7617512   48.40492  -46.23486    33.7181    33.7154     0.8672     0.8810    27.0229    27.0199    7.59183    8.08845         27 0.0000e+00
      65134   2713.860     25.000     0.8862   2.880817     0.9037   2.881975      95.12     0.1047     3.0955     2.8261  1.9939591  0.7582572   48.40492  -46.23485    33.6977    33.6937     0.8852     0.9027    27.0055    27.0011    7.90110    8.38118         23 0.0000e+00
      65155   2714.756     24.000     0.8995   2.880837     0.9215   2.882523      87.13     0.1296     3.1412     2.8755  1.9889803  0.7533274   48.40492  -46.23483    33.6841    33.6820     0.8985     0.9205    26.9937    26.9906    8.15311    8.52836         21 0.0000e+00
      65175   2715.578     23.000     0.9158   2.881136     0.9478   2.883362      95.11     0.1798     3.1889     2.9195  1.9887556  0.7536131   48.40492  -46.23482    33.6709    33.6649     0.9148     0.9468    26.9820    26.9752    8.34181    8.73583         19 0.0000e+00
      65194   2716.364     22.000     0.9377   2.881700     0.9956   2.883865      95.21     0.2214     3.2360     2.9710  1.9844437  0.7569742   48.40492  -46.23482    33.6550    33.6202     0.9368     0.9947    26.9679    26.9363    8.54010    9.12863         19 0.0000e+00
      65212   2717.138     21.000     0.9837   2.882383     1.1032   2.885770      92.86     0.2589     3.2887     3.0374  1.9841968  0.7570208   48.40492  -46.23482    33.6146    33.5293     0.9829     1.1023    26.9325    26.8563    8.83758    9.43298         18 0.0000e+00
      65231   2717.905     20.000     1.0683   2.883558     1.1543   2.884386      87.62     0.3057     3.3519     3.1017  1.9817244  0.7570208   48.40492  -46.23482    33.5390    33.4572     1.0674     1.1534    26.8664    26.7951    9.12951    9.32098         18 0.0000e+00
      65249   2718.672     19.000     1.1288   2.883435     1.3122   2.890368      95.05     0.2854     3.4195     3.1325  1.9792240  0.7570208   48.40492  -46.23481    33.4729    33.3652     1.1280     1.3113    26.8094    26.7109    9.16813    8.83757         19 0.0000e+00
      65269   2719.493     18.000     1.2709   2.889218     1.5706   2.908175      87.38     0.2767     3.4679     3.1368  1.9787242  0.7571360   48.40492  -46.23480    33.3953    33.3169     1.2701     1.5698    26.7377    26.6545    8.89954    8.40294         21 0.0000e+00
      65292   2720.438     17.000     1.5775   2.906343     1.9510   2.935211      94.30     0.2431     3.4953     3.1206  1.9660366  0.7618042   48.40492  -46.23480    33.2870    33.2558     1.5767     1.9502    26.6301    26.5780    8.49430    8.03334         25 0.0000e+00
      65318   2721.523     16.000     1.8530   2.927652     2.3042   2.961718      95.00     0.2233     3.4899     3.0907  1.9631284  0.7635996   48.40492  -46.23479    33.2648    33.2163     1.8523     2.3033    26.5924    26.5194    8.00630    7.78384         26 0.0000e+00
      65342   2722.558     15.000     2.1558   2.949248     2.7661   2.997725      86.86     0.1920     3.4590     3.0609  1.9448755  0.7742820   48.40492  -46.23478    33.2172    33.1780     2.1551     2.7653    26.5317    26.4507    7.68009    7.64851         23 0.0000e+00
      65364   2723.438     14.000     2.6332   2.986345     4.0323   3.104496      94.97     0.1693     3.4278     3.0411  1.9455433  0.7741148   48.40492  -46.23478    33.1786    33.1676     2.6325     4.0314    26.4624    26.3246    7.50396    7.41424         20 0.0000e+00
      65383   2724.268     13.000     3.5803   3.066029     5.2450   3.211602      95.05     0.1587     3.4018     3.0258  1.9145107  0.8119042   48.40492  -46.23478    33.1699    33.2011     3.5795     5.2440    26.3705    26.2204    7.30775    7.20127         22 0.0000e+00
      65406   2725.198     12.000     4.8442   3.176165     5.9937   3.281455      95.02     0.1547     3.3782     3.0134  1.9110962  0.8167489   48.40492  -46.23478    33.1903    33.2525     4.8434     5.9927    26.2575    26.1728    7.08830    7.09268         22 0.0000e+00
      65428   2726.141     11.000     5.4370   3.231462     6.3639   3.313312      94.94     0.1628     3.3612     3.0057  1.8725393  0.8729618   48.40492  -46.23478    33.2363    33.2467     5.4362     6.3630    26.2270    26.1217    7.00916    7.04442         22 0.0000e+00
      65450   2727.026     10.000     6.1265   3.291768     6.5733   3.330355      93.55     0.1677     3.3520     3.0004  1.8610135  0.8914050   48.40492  -46.23476    33.2388    33.2297     6.1257     6.5725    26.1454    26.0810    6.91413    7.00448         21 0.0000e+00
      65471   2727.919      9.000     6.4326   3.317157     6.6420   3.335829      87.81     0.1699     3.3454     2.9944  1.8288058  0.9851665   48.40492  -46.23476    33.2234    33.2265     6.4319     6.6412    26.0945    26.0698    6.85707    6.96522         22 0.0000e+00
      65494   2728.887      8.000     6.5880   3.330501     6.6658   3.337787      94.80     0.1718     3.3382     2.9877  1.8004622  1.0718688   48.40492  -46.23476    33.2206    33.2255     6.5873     6.6651    26.0722    26.0659    6.82634    6.95644         25 0.0000e+00
      65522   2730.061      7.000     6.6612   3.336498     6.6836   3.338797      91.37     0.1765     3.3341     2.9838  1.7929174  1.1219437   48.40492  -46.23475    33.2163    33.2218     6.6606     6.6829    26.0593    26.0607    6.83443    6.97794         31 0.0000e+00
      65555   2731.423      6.000     6.6666   3.336262     6.6517   3.335196      89.98     0.1819     3.3325     2.9845  1.7873113  1.1596056   48.40494  -46.23474    33.2089    33.2116     6.6661     6.6512    26.0527    26.0567    6.84035    7.01706         31 0.0000e+00
      65583   2732.569      5.000     6.6379   3.332876     6.6955   3.338360      86.61     0.1817     3.3315     2.9865  1.7739558  1.2399855   48.40492  -46.23473    33.1990    33.2046     6.6384     6.6950    26.0485    26.0455    6.84008    6.99928         25 0.0000e+00
      65615   2733.896      4.000     6.6893   3.336732     6.7014   3.338575      93.77     0.1829     3.3337     2.9873  1.7674603  1.2474604   48.40492  -46.23472    33.1932    33.2017     6.6889     6.7010    26.0373    26.0424    6.86739    7.00593         51 0.0000e+00
      65702   2737.560      3.000     6.6509   3.332387     6.5822   3.327815      90.21     0.1846     3.3396     2.9872  1.7521665  1.3301071   48.40493  -46.23471    33.1828    33.2006     6.6507     6.5819    26.0341    26.0571    6.87615    7.01156         75 0.0000e+00
      66350   2764.540      2.000     6.6680   3.332883     6.6963   3.335889      41.07     0.1755     3.3447     2.9883  1.7312909  1.4184096   48.40496  -46.23457    33.1688    33.1802     6.6678     6.6962    26.0206    26.0261    6.88917    7.01806         53 0.0000e+00
      66669   2777.844      1.000     6.7558   3.166106     6.7574   3.172639       5.27     0.1765 -9.990e-29 -9.990e-29  1.7229366  1.4460723   48.40495  -46.23450    31.1647    31.3399     6.7557     6.7573    24.4313    24.5690 -9.990e-29 -9.990e-29         18 0.0000e+00
