data/CTD/2013/CNV/U021A057.CNV
* Sea-Bird SBE 9 Data File:
* FileName = C:\CTD_ACQUISITION\2013021HUD\ctddata\021A057.hdr
* Software Version Seasave V 7.22.2
* Temperature SN = 5081
* Conductivity SN = 3561
* Number of Bytes Per Scan = 37
* Number of Voltage Words = 4
* Number of Scans Averaged by the Deck Unit = 1
* NMEA Latitude = 48 32.47 N
* NMEA Longitude = 045 23.87 W
* NMEA UTC (Time) = Jul 05 2013 10:27:43
* NMEA baud rate = 9600
** Ship: Hudson
** Cruise: HUD2013021
** Chief_Scientist: Greenan
** Organization: BIO
** Area_of_Operation: Sackville Spur
** Station: 57
** Sounding:  858
** Event_Comments: SS20  393223
# nquan = 25
# nvalues = 861                         
# units = specified
# name 0 = scan: Scan Count
# name 1 = timeS: Time, Elapsed [seconds]
# name 2 = prDM: Pressure, Digiquartz [db]
# name 3 = t068C: Temperature [ITS-68, deg C]
# name 4 = c0S/m: Conductivity [S/m]
# name 5 = t168C: Temperature, 2 [ITS-68, deg C]
# name 6 = c1S/m: Conductivity, 2 [S/m]
# name 7 = altM: Altimeter [m]
# name 8 = flCUVA: Fluorescence, Chelsea UV Aquatracka [ug/l]
# name 9 = sbeox0V: Oxygen raw, SBE 43 [V]
# name 10 = sbeox1V: Oxygen raw, SBE 43, 2 [V]
# name 11 = upoly0: Upoly 0, Optode 4330F - O2 D-Phase
# name 12 = upoly1: Upoly 1, Optode 4330F - O2 Temp
# name 13 = latitude: Latitude [deg]
# name 14 = longitude: Longitude [deg]
# name 15 = sal00: Salinity, Practical [PSU]
# name 16 = sal11: Salinity, Practical, 2 [PSU]
# name 17 = potemp068C: Potential Temperature [ITS-68, deg C]
# name 18 = potemp168C: Potential Temperature, 2 [ITS-68, deg C]
# name 19 = sigma-é00: Density [sigma-theta, Kg/m^3]
# name 20 = sigma-é11: Density, 2 [sigma-theta, Kg/m^3]
# name 21 = sbeox0ML/L: Oxygen, SBE 43 [ml/l], WS = 2
# name 22 = sbeox1ML/L: Oxygen, SBE 43, 2 [ml/l], WS = 2
# name 23 = nbin: number of scans per bin
# name 24 = flag: flag
# span 0 =      30158,      51957       
# span 1 =   1256.525,   2164.822       
# span 2 =      1.000,    861.000       
# span 3 =     2.6154,     6.5565       
# span 4 =   3.045319,   3.335468       
# span 5 =     2.6137,     6.5555       
# span 6 =   3.046233,   3.336717       
# span 7 =       5.25,      97.44       
# span 8 =     0.0059,     0.5660       
# span 9 =     2.5864,     3.3967       
# span 10 =     2.3138,     3.0123      
# span 11 =  1.7075679,  2.0280542      
# span 12 =  0.9609280,  1.4425625      
# span 13 =   48.53930,   48.53990      
# span 14 =  -45.39714,  -45.39670      
# span 15 =    33.2810,    34.9129      
# span 16 =    33.2217,    34.9291      
# span 17 =     2.6110,     6.5562      
# span 18 =     2.6093,     6.5553      
# span 19 =    26.1458,    27.7545      
# span 20 =    26.1575,    27.7672      
# span 21 =    5.90271,    8.06003      
# span 22 =    6.06361,    8.03541      
# span 23 =         13,        871      
# span 24 = 0.0000e+00, 0.0000e+00      
# interval = decibars: 1                
# start_time = Jul 05 2013 10:27:43 [NMEA time, header]
# bad_flag = -9.990e-29
*END*
[from data line 638]
      46112   1921.276    223.000     4.0750   3.256952     4.0656   3.257660      59.24     0.0144     2.8415     2.5171  1.9633418  1.1527047   48.53936  -45.39686    34.8183    34.8367     4.0592     4.0498    27.6356    27.6512    6.11981    6.20166         15 0.0000e+00
      46127   1921.929    222.000     4.0550   3.254895     4.0475   3.255701      63.60     0.0153     2.8430     2.5200  1.9632194  1.1527016   48.53936  -45.39686    34.8157    34.8333     4.0393     4.0318    27.6356    27.6503    6.13358    6.21847         16 0.0000e+00
      46147   1922.732    221.000     4.0402   3.253218     4.0230   3.253085      75.34     0.0149     2.8465     2.5230  1.9637297  1.1507587   48.53936  -45.39686    34.8120    34.8287     4.0246     4.0074    27.6342    27.6493    6.16492    6.22468         23 0.0000e+00
      46176   1923.973    220.000     4.0198   3.251120     3.9823   3.248906      44.87     0.0137     2.8536     2.5274  1.9645866  1.1477562   48.53936  -45.39686    34.8092    34.8227     4.0044     3.9669    27.6341    27.6488    6.18883    6.24254         36 0.0000e+00
      46209   1925.332    219.000     3.9877   3.247622     3.9664   3.247363      84.81     0.0114     2.8599     2.5315  1.9657094  1.1420555   48.53936  -45.39686    34.8023    34.8218     3.9724     3.9511    27.6319    27.6496    6.19792    6.24213         27 0.0000e+00
      46231   1926.248    218.000     3.9539   3.244386     3.9064   3.241404      83.41     0.0128     2.8634     2.5331  1.9658116  1.1416376   48.53936  -45.39686    34.8003    34.8151     3.9386     3.8913    27.6338    27.6505    6.20647    6.25797         19 0.0000e+00
      46248   1926.974    217.000     3.8864   3.237220     3.8480   3.235128      86.59     0.0120     2.8657     2.5353  1.9641447  1.1397415   48.53936  -45.39686    34.7870    34.8030     3.8714     3.8330    27.6302    27.6469    6.21256    6.27532         16 0.0000e+00
      46264   1927.633    216.000     3.8332   3.231576     3.8150   3.231522      30.18     0.0125     2.8671     2.5366  1.9636080  1.1389408   48.53936  -45.39686    34.7769    34.7956     3.8183     3.8001    27.6275    27.6443    6.22117    6.28064         15 0.0000e+00
      46280   1928.285    215.000     3.8102   3.229174     3.8037   3.230164      96.41     0.0146     2.8683     2.5380  1.9638325  1.1390436   48.53936  -45.39686    34.7731    34.7919     3.7955     3.7889    27.6269    27.6425    6.22984    6.28239         16 0.0000e+00
      46296   1928.978    214.000     3.7990   3.227955     3.7943   3.229142      94.58     0.0147     2.8702     2.5391  1.9668245  1.1341826   48.53936  -45.39686    34.7711    34.7902     3.7843     3.7797    27.6264    27.6421    6.22666    6.27923         18 0.0000e+00
      46316   1929.780    213.000     3.7914   3.227098     3.7824   3.227824      94.59     0.0132     2.8708     2.5398  1.9682908  1.1319013   48.53936  -45.39685    34.7695    34.7877     3.7768     3.7678    27.6259    27.6413    6.22337    6.28031         21 0.0000e+00
      46339   1930.763    212.000     3.7898   3.226934     3.7745   3.226884      53.78     0.0142     2.8719     2.5411  1.9665298  1.1266947   48.53936  -45.39684    34.7697    34.7854     3.7752     3.7605    27.6263    27.6403    6.22644    6.28985         26 0.0000e+00
      46364   1931.788    211.000     3.7827   3.226233     3.7713   3.226481      94.48     0.0143     2.8729     2.5428  1.9639108  1.1196847   48.53936  -45.39684    34.7695    34.7845     3.7682     3.7569    27.6268    27.6399    6.22823    6.28956         23 0.0000e+00
      46385   1932.669    210.000     3.7750   3.225295     3.7633   3.225597      94.01     0.0133     2.8735     2.5430  1.9638840  1.1186911   48.53937  -45.39684    34.7670    34.7830     3.7606     3.7489    27.6255    27.6395    6.22166    6.27898         19 0.0000e+00
      46404   1933.440    209.000     3.7660   3.224231     3.7546   3.224648      44.42     0.0183     2.8733     2.5431  1.9637766  1.1159867   48.53938  -45.39684    34.7643    34.7815     3.7517     3.7403    27.6244    27.6392    6.21929    6.28069         18 0.0000e+00
      46422   1934.197    208.000     3.7560   3.223177     3.7475   3.223840      43.29     0.0172     2.8736     2.5433  1.9638456  1.1159952   48.53938  -45.39684    34.7630    34.7799     3.7418     3.7334    27.6243    27.6386    6.21712    6.28729         18 0.0000e+00
      46441   1934.999    207.000     3.7445   3.221895     3.7395   3.222950      95.57     0.0169     2.8727     2.5440  1.9616864  1.1145433   48.53938  -45.39684    34.7604    34.7783     3.7304     3.7255    27.6233    27.6381    6.22385    6.29700         21 0.0000e+00
      46464   1935.947    206.000     3.7397   3.221342     3.7328   3.222134      80.65     0.0166     2.8737     2.5455  1.9608885  1.1139026   48.53938  -45.39684    34.7594    34.7763     3.7257     3.7188    27.6230    27.6372    6.23459    6.30837         25 0.0000e+00
      46489   1936.998    205.000     3.7370   3.221062     3.7321   3.221956      66.24     0.0145     2.8746     2.5474  1.9599527  1.1113111   48.53938  -45.39682    34.7590    34.7754     3.7231     3.7182    27.6230    27.6365    6.23621    6.31382         25 0.0000e+00
      46512   1937.963    204.000     3.7338   3.220618     3.7299   3.221649      95.71     0.0168     2.8757     2.5489  1.9597057  1.1098834   48.53938  -45.39682    34.7581    34.7746     3.7199     3.7161    27.6226    27.6361    6.23316    6.30700         21 0.0000e+00
      46533   1938.814    203.000     3.7308   3.220203     3.7258   3.221102      95.53     0.0140     2.8757     2.5489  1.9583620  1.1087286   48.53938  -45.39682    34.7569    34.7730     3.7170     3.7120    27.6219    27.6352    6.23189    6.29137         20 0.0000e+00
      46551   1939.601    202.000     3.7278   3.219687     3.7221   3.220520      33.53     0.0112     2.8761     2.5483  1.9572698  1.1074537   48.53938  -45.39682    34.7545    34.7705     3.7141     3.7084    27.6203    27.6336    6.22387    6.28775         18 0.0000e+00
      46571   1940.406    201.000     3.7213   3.218831     3.7161   3.219716      94.95     0.0117     2.8749     2.5479  1.9572649  1.1074481   48.53938  -45.39682    34.7516    34.7678     3.7077     3.7024    27.6187    27.6321    6.21717    6.28395         21 0.0000e+00
      46592   1941.304    200.000     3.7160   3.218107     3.7138   3.219309      80.18     0.0111     2.8745     2.5468  1.9580345  1.1062387   48.53938  -45.39682    34.7492    34.7659     3.7024     3.7003    27.6173    27.6308    6.21701    6.26953         22 0.0000e+00
      46615   1942.249    199.000     3.7155   3.217934     3.7167   3.219450      15.04     0.0144     2.8737     2.5448  1.9580419  1.1062272   48.53938  -45.39682    34.7481    34.7650     3.7021     3.7033    27.6165    27.6298    6.21395    6.25667         22 0.0000e+00
      46636   1943.117    198.000     3.7180   3.218091     3.7227   3.219929      74.26     0.0166     2.8734     2.5430  1.9573158  1.1031930   48.53938  -45.39682    34.7480    34.7650     3.7046     3.7093    27.6161    27.6291    6.21587    6.25213         20 0.0000e+00
      46654   1943.895    197.000     3.7227   3.218527     3.7285   3.220442      93.84     0.0141     2.8731     2.5417  1.9572650  1.1025648   48.53938  -45.39681    34.7487    34.7655     3.7094     3.7151    27.6161    27.6289    6.21046    6.25209         18 0.0000e+00
      46672   1944.642    196.000     3.7289   3.219047     3.7311   3.220638      85.81     0.0157     2.8721     2.5408  1.9567251  1.1022942   48.53938  -45.39680    34.7488    34.7656     3.7157     3.7178    27.6156    27.6287    6.20360    6.26386         18 0.0000e+00
      46691   1945.430    195.000     3.7327   3.219329     3.7331   3.220770      40.06     0.0171     2.8717     2.5414  1.9555067  1.1013526   48.53938  -45.39680    34.7488    34.7656     3.7195     3.7199    27.6152    27.6285    6.19951    6.27675         20 0.0000e+00
      46713   1946.327    194.000     3.7342   3.219414     3.7357   3.220932      87.47     0.0168     2.8709     2.5423  1.9556183  1.1013432   48.53938  -45.39680    34.7487    34.7653     3.7211     3.7225    27.6150    27.6281    6.20470    6.27781         23 0.0000e+00
      46736   1947.279    193.000     3.7366   3.219589     3.7413   3.221367      94.40     0.0171     2.8709     2.5428  1.9561037  1.1013432   48.53938  -45.39680    34.7488    34.7651     3.7235     3.7282    27.6149    27.6274    6.20131    6.27194         22 0.0000e+00
      46757   1948.164    192.000     3.7423   3.220058     3.7483   3.221944      68.77     0.0137     2.8701     2.5430  1.9559804  1.1013432   48.53938  -45.39680    34.7489    34.7651     3.7293     3.7352    27.6143    27.6267    6.20218    6.26692         20 0.0000e+00
      46776   1948.942    191.000     3.7471   3.220459     3.7523   3.222291      61.04     0.0173     2.8708     2.5428  1.9552935  1.1008654   48.53938  -45.39680    34.7491    34.7655     3.7341     3.7393    27.6140    27.6266    6.20093    6.26103         18 0.0000e+00
      46793   1949.678    190.000     3.7527   3.220920     3.7546   3.222472      94.83     0.0174     2.8702     2.5427  1.9548289  1.1003324   48.53938  -45.39680    34.7493    34.7658     3.7398     3.7417    27.6136    27.6265    6.19172    6.25037         18 0.0000e+00
      46812   1950.466    189.000     3.7536   3.220924     3.7545   3.222392      95.07     0.0176     2.8695     2.5412  1.9549429  1.1004856   48.53938  -45.39680    34.7489    34.7656     3.7407     3.7416    27.6132    27.6264    6.18251    6.22539         20 0.0000e+00
      46835   1951.397    188.000     3.7474   3.220303     3.7447   3.221360      50.30     0.0182     2.8676     2.5378  1.9548228  1.1001216   48.53938  -45.39680    34.7486    34.7641     3.7346     3.7320    27.6136    27.6261    6.15654    6.20164         24 0.0000e+00
      46859   1952.399    187.000     3.7374   3.219214     3.7316   3.219906      68.26     0.0163     2.8643     2.5339  1.9548229  1.1001221   48.53938  -45.39678    34.7467    34.7612     3.7248     3.7189    27.6130    27.6251    6.13999    6.18977         24 0.0000e+00
      46883   1953.407    186.000     3.7374   3.218994     3.7204   3.218548      81.75     0.0139     2.8596     2.5300  1.9547714  1.1001221   48.53938  -45.39678    34.7447    34.7574     3.7248     3.7078    27.6114    27.6233    6.11431    6.17562         24 0.0000e+00
      46906   1954.396    185.000     3.7346   3.218569     3.7514   3.221055      50.23     0.0160     2.8544     2.5255  1.9548229  1.1001221   48.53940  -45.39678    34.7431    34.7549     3.7220     3.7389    27.6105    27.6182    6.08913    6.15546         24 0.0000e+00
      46932   1955.475    184.000     3.7490   3.220028     3.8001   3.225803      92.31     0.0155     2.8477     2.5217  1.9556483  1.0995140   48.53940  -45.39678    34.7458    34.7605     3.7365     3.7875    27.6111    27.6177    6.07065    6.15168         28 0.0000e+00
      46963   1956.770    183.000     3.7917   3.223747     3.8395   3.229661      83.84     0.0158     2.8422     2.5183  1.9552542  1.0996193   48.53940  -45.39678    34.7454    34.7652     3.7792     3.8270    27.6065    27.6174    6.08282    6.14501         34 0.0000e+00
      46994   1958.055    182.000     3.8253   3.226410     3.8550   3.231111      65.60     0.0139     2.8420     2.5180  1.9548182  1.0998533   48.53940  -45.39678    34.7420    34.7666     3.8129     3.8425    27.6003    27.6169    6.12301    6.19286         27 0.0000e+00
      47018   1959.039    181.000     3.8476   3.228915     3.8502   3.230608      95.52     0.0129     2.8447     2.5218  1.9548810  1.1018616   48.53940  -45.39678    34.7488    34.7662     3.8351     3.8378    27.6035    27.6171    6.14797    6.22288         21 0.0000e+00
      47038   1959.854    180.000     3.8409   3.228131     3.8305   3.228505      93.70     0.0146     2.8487     2.5249  1.9548907  1.1025643   48.53940  -45.39678    34.7470    34.7626     3.8286     3.8181    27.6028    27.6162    6.17058    6.23372         18 0.0000e+00
      47055   1960.602    179.000     3.8250   3.226366     3.8198   3.227257      10.27     0.0183     2.8521     2.5278  1.9553643  1.1030377   48.53940  -45.39678    34.7434    34.7597     3.8128     3.8075    27.6015    27.6150    6.18236    6.23879         18 0.0000e+00
      47073   1961.331    178.000     3.8154   3.225265     3.8046   3.225693      93.23     0.0189     2.8556     2.5298  1.9571414  1.1044202   48.53940  -45.39678    34.7411    34.7582     3.8032     3.7931    27.6006    27.6153    6.19537    6.24612         18 0.0000e+00
      47092   1962.113    177.000     3.7830   3.222009     3.7409   3.219546      95.60     0.0195     2.8600     2.5327  1.9572638  1.1046182   48.53940  -45.39678    34.7372    34.7525     3.7709     3.7289    27.6008    27.6172    6.21111    6.26609         19 0.0000e+00
      47113   1962.986    176.000     3.7185   3.215373     3.6878   3.213724      78.43     0.0196     2.8640     2.5357  1.9581012  1.1045820   48.53940  -45.39678    34.7268    34.7397     3.7067     3.6760    27.5990    27.6124    6.22361    6.28399         23 0.0000e+00
      47136   1963.964    175.000     3.6892   3.211697     3.6468   3.209124      62.35     0.0176     2.8673     2.5390  1.9587309  1.1046990   48.53940  -45.39677    34.7146    34.7288     3.6774     3.6351    27.5922    27.6078    6.22568    6.29294         24 0.0000e+00
      47162   1965.021    174.000     3.6581   3.208507     3.6226   3.206514      95.37     0.0155     2.8701     2.5414  1.9616339  1.1024691   48.53940  -45.39676    34.7100    34.7238     3.6463     3.6110    27.5917    27.6062    6.22460    6.29009         26 0.0000e+00
      47186   1966.059    173.000     3.6265   3.205253     3.5996   3.203946      74.65     0.0129     2.8716     2.5428  1.9630749  1.1013244   48.53940  -45.39676    34.7051    34.7181     3.6150     3.5881    27.5909    27.6039    6.23486    6.29986         23 0.0000e+00
      47209   1966.979    172.000     3.6126   3.203756     3.5891   3.202764      44.17     0.0164     2.8740     2.5452  1.9636151  1.0974778   48.53940  -45.39676    34.7024    34.7155     3.6012     3.5777    27.5902    27.6029    6.25028    6.30979         21 0.0000e+00
      47229   1967.842    171.000     3.5917   3.201424     3.5834   3.202084      93.75     0.0178     2.8762     2.5463  1.9633676  1.0952140   48.53940  -45.39676    34.6973    34.7140     3.5803     3.5726    27.5881    27.6022    6.25293    6.30097         21 0.0000e+00
      47252   1968.786    170.000     3.5833   3.200505     3.5831   3.201947      51.80     0.0157     2.8780     2.5473  1.9639636  1.0930458   48.53940  -45.39676    34.6957    34.7132     3.5720     3.5718    27.5877    27.6017    6.25516    6.31200         26 0.0000e+00
      47284   1970.133    169.000     3.5825   3.200391     3.5847   3.202065      84.77     0.0144     2.8788     2.5500  1.9641856  1.0900487   48.53940  -45.39676    34.6957    34.7135     3.5713     3.5735    27.5878    27.6017    6.23862    6.31619         40 0.0000e+00
      47323   1971.758    168.000     3.5846   3.200546     3.5865   3.202175      55.94     0.0115     2.8791     2.5513  1.9635310  1.0864197   48.53941  -45.39676    34.6960    34.7134     3.5734     3.5754    27.5877    27.6015    6.23709    6.29891         32 0.0000e+00
      47348   1972.782    167.000     3.5867   3.200724     3.5874   3.202208      94.12     0.0138     2.8791     2.5505  1.9634297  1.0853359   48.53942  -45.39676    34.6964    34.7134     3.5756     3.5763    27.5878    27.6014    6.24214    6.28230         20 0.0000e+00
