data/CTD/2013/CNV/U021A003.CNV
* Sea-Bird SBE 9 Data File:
* FileName = C:\CTD_ACQUISITION\2013021HUD\ctddata\021A003.hdr
* Software Version Seasave V 7.22.2
* Temperature SN = 5081
* Conductivity SN = 3561
* Number of Bytes Per Scan = 37
* Number of Voltage Words = 4
* Number of Scans Averaged by the Deck Unit = 1
* NMEA Latitude = 44 16.04 N
* NMEA Longitude = 063 19.10 W
* NMEA UTC (Time) = Jun 28 2013 23:37:56
* NMEA baud rate = 9600
** Ship: Hudson
** Cruise: HUD2013021
** Chief_Scientist: Greenan
** Organization: BIO
** Area_of_Operation: Sackville Spur
** Station: 3
** Sounding:  141
** Event_Comments: HL2  393103
# nquan = 25
# nvalues = 146                         
# units = specified
# name 0 = scan: Scan Count
# name 1 = timeS: Time, Elapsed [seconds]
# name 2 = prDM: Pressure, Digiquartz [db]
# name 3 = t068C: Temperature [ITS-68, deg C]
# name 4 = c0S/m: Conductivity [S/m]
# name 5 = t168C: Temperature, 2 [ITS-68, deg C]
# name 6 = c1S/m: Conductivity, 2 [S/m]
# name 7 = altM: Altimeter [m]
# name 8 = flCUVA: Fluorescence, Chelsea UV Aquatracka [ug/l]
# name 9 = sbeox0V: Oxygen raw, SBE 43 [V]
# name 10 = sbeox1V: Oxygen raw, SBE 43, 2 [V]
# name 11 = upoly0: Upoly 0, Optode 4330F - O2 D-Phase
# name 12 = upoly1: Upoly 1, Optode 4330F - O2 Temp
# name 13 = latitude: Latitude [deg]
# name 14 = longitude: Longitude [deg]
# name 15 = sal00: Salinity, Practical [PSU]
# name 16 = sal11: Salinity, Practical, 2 [PSU]
# name 17 = potemp068C: Potential Temperature [ITS-68, deg C]
# name 18 = potemp168C: Potential Temperature, 2 [ITS-68, deg C]
# name 19 = sigma-é00: Density [sigma-theta, Kg/m^3]
# name 20 = sigma-é11: Density, 2 [sigma-theta, Kg/m^3]
# name 21 = sbeox0ML/L: Oxygen, SBE 43 [ml/l], WS = 2
# name 22 = sbeox1ML/L: Oxygen, SBE 43, 2 [ml/l], WS = 2
# name 23 = nbin: number of scans per bin
# name 24 = flag: flag
# span 0 =      19293,      28682       
# span 1 =    803.814,   1195.033       
# span 2 =      1.000,    146.000       
# span 3 =     3.6075,    13.2930       
# span 4 =   2.965975,   3.704528       
# span 5 =     3.6057,    13.3620       
# span 6 =   2.967855,   3.711725       
# span 7 =       9.00,     104.83       
# span 8 =     0.0234,     0.2229       
# span 9 =     2.0787,     3.5106       
# span 10 =     1.8289,     3.1539      
# span 11 =  1.6000422,  2.3424227      
# span 12 =  1.0929184,  2.2821510      
# span 13 =   44.26540,   44.26613      
# span 14 =  -63.32142,  -63.31998      
# span 15 =    31.0472,    34.5087      
# span 16 =    31.0611,    34.5268      
# span 17 =     3.6055,    13.2929      
# span 18 =     3.6038,    13.3617      
# span 19 =    23.2764,    26.6916      
# span 20 =    23.2736,    26.7009      
# span 21 =    3.47260,    7.71768      
# span 22 =    3.55779,    8.02598      
# span 23 =         21,        683      
# span 24 = 0.0000e+00, 0.0000e+00      
# interval = decibars: 1                
# start_time = Jun 28 2013 23:37:56 [NMEA time, header]
# bad_flag = -9.990e-29
*END*
      19293    803.814    146.000     9.2773   3.699898     9.2361   3.695859       9.00     0.0305     2.1165     1.8700  2.3165059  1.7620056   44.26613  -63.31998    34.5087    34.5061     9.2611     9.2201    26.6916    26.6963    3.58941    3.65208         21 0.0000e+00
      19834    826.393    145.000     9.2488   3.695584     9.2731   3.700059       9.26     0.0263     2.0828     1.8334  2.3261459  1.7851841   44.26611  -63.32003    34.4913    34.5150     9.2332     9.2573    26.6826    26.6972    3.47260    3.55779        658 0.0000e+00
      20936    872.286    144.000     9.2638   3.697524     9.2802   3.700893      10.21     0.0276     2.0787     1.8289  2.3393173  1.7969754   44.26604  -63.32015    34.4978    34.5170     9.2480     9.2644    26.6853    26.6976    3.48522    3.56860         90 0.0000e+00
      21233    884.651    143.000     9.2501   3.695708     9.3067   3.704270      11.16     0.0248     2.0895     1.8372  2.3424227  1.7957613   44.26602  -63.32018    34.4917    34.5268     9.2354     9.2913    26.6825    26.7009    3.51325    3.59003         50 0.0000e+00
      21258    885.697    142.000     9.2080   3.689979     9.2445   3.696188      11.97     0.0294     2.0929     1.8400  2.3417675  1.7950782   44.26602  -63.32020    34.4741    34.5034     9.1925     9.2290    26.6757    26.6927    3.52471    3.59637         45 0.0000e+00
      21336    888.961    141.000     9.1487   3.682117     9.1688   3.686029      13.01     0.0262     2.0976     1.8461  2.3412261  1.7941694   44.26602  -63.32020    34.4500    34.4713     9.1334     9.1535    26.6664    26.6798    3.52754    3.62288         86 0.0000e+00
      21385    890.990    140.000     9.1197   3.678361     9.1478   3.683205      13.80     0.0241     2.0989     1.8488  2.3401260  1.7874800   44.26602  -63.32020    34.4394    34.4627     9.1045     9.1326    26.6627    26.6765    3.53122    3.62555         35 0.0000e+00
      21445    893.488    139.000     9.1132   3.677427     9.1045   3.677727      14.92     0.0250     2.1000     1.8515  2.3390336  1.7849240   44.26600  -63.32022    34.4364    34.4479     9.0981     9.0894    26.6614    26.6718    3.53919    3.63189         81 0.0000e+00
      21517    896.496    138.000     9.0966   3.675231     9.0994   3.676980      15.74     0.0278     2.1056     1.8540  2.3361797  1.7809016   44.26600  -63.32022    34.4299    34.4455     9.0817     9.0844    26.6590    26.6708    3.55705    3.64007         68 0.0000e+00
      21573    898.833    137.000     9.0725   3.672331     9.0912   3.675851      16.73     0.0263     2.1062     1.8546  2.3332710  1.7789118   44.26600  -63.32023    34.4235    34.4420     9.0577     9.0764    26.6578    26.6694    3.54801    3.63334         36 0.0000e+00
      21608    900.299    136.000     9.0145   3.665278     9.0513   3.671041      17.28     0.0240     2.1096     1.8565  2.3319752  1.7775604   44.26600  -63.32024    34.4063    34.4309     8.9999     9.0367    26.6535    26.6670    3.59173    3.67241         45 0.0000e+00
      21686    903.528    135.000     8.9866   3.661731     8.9803   3.662226      18.48     0.0252     2.1299     1.8753  2.3300850  1.7729337   44.26600  -63.32024    34.3965    34.4079     8.9721     8.9658    26.6503    26.6603    3.66155    3.74295         75 0.0000e+00
      21722    905.038    134.000     8.9048   3.651635     8.9488   3.658322      19.04     0.0264     2.1351     1.8793  2.3298085  1.7683773   44.26600  -63.32026    34.3705    34.3980     8.8905     8.9345    26.6430    26.6575    3.66031    3.74281         28 0.0000e+00
      21771    907.084    133.000     8.7596   3.633154     8.7844   3.637490      20.22     0.0255     2.1463     1.8900  2.3279688  1.7648258   44.26598  -63.32026    34.3179    34.3390     8.7456     8.7704    26.6245    26.6371    3.72009    3.80284         84 0.0000e+00
      21845    910.179    132.000     8.7026   3.625892     8.7522   3.633226      20.35     0.0264     2.1668     1.9072  2.3249931  1.7510151   44.26598  -63.32027    34.2977    34.3259     8.6887     8.7383    26.6169    26.6320    3.77508    3.83315         36 0.0000e+00
      21872    911.283    131.000     8.6037   3.613375     8.6486   3.620301      20.74     0.0279     2.1712     1.9088  2.3250821  1.7492933   44.26598  -63.32028    34.2612    34.2906     8.5901     8.6349    26.6043    26.6204    3.76788    3.82812         29 0.0000e+00
      21904    912.636    130.000     8.5414   3.605404     8.5750   3.610418      22.55     0.0287     2.1717     1.9097  2.3236520  1.7474198   44.26598  -63.32028    34.2378    34.2587     8.5279     8.5616    26.5956    26.6069    3.75176    3.83459         38 0.0000e+00
      21966    915.188    129.000     8.4747   3.597180     8.5058   3.602362      23.81     0.0284     2.1766     1.9163  2.3196774  1.7373780   44.26597  -63.32028    34.2161    34.2407     8.4612     8.4924    26.5889    26.6033    3.80056    3.88295         89 0.0000e+00
      22036    918.122    128.000     8.4856   3.598357     8.4789   3.599234      23.67     0.0290     2.1880     1.9270  2.3159847  1.7207832   44.26596  -63.32030    34.2183    34.2342     8.4724     8.4657    26.5888    26.6023    3.81083    3.89023         35 0.0000e+00
      22061    919.160    127.000     8.4022   3.588596     8.4233   3.592472      24.46     0.0273     2.1869     1.9257  2.3149765  1.7143281   44.26596  -63.32030    34.1963    34.2170     8.3892     8.4102    26.5844    26.5973    3.79198    3.87169         25 0.0000e+00
      22088    920.287    126.000     8.3133   3.577914     8.3268   3.580535      25.54     0.0263     2.1842     1.9243  2.3127513  1.7130169   44.26596  -63.32030    34.1697    34.1844     8.3005     8.3140    26.5769    26.5864    3.79685    3.90202         33 0.0000e+00
      22162    923.364    125.000     8.2800   3.573751     8.2874   3.576066      26.85     0.0312     2.2106     1.9508  2.3043993  1.6994858   44.26596  -63.32031    34.1585    34.1758     8.2673     8.2746    26.5732    26.5856    4.00681    4.06544         88 0.0000e+00
      22208    925.286    124.000     8.2353   3.568638     8.2558   3.572389      27.64     0.0265     2.2409     1.9658  2.2991033  1.6897905   44.26596  -63.32032    34.1478    34.1678     8.2227     8.2432    26.5715    26.5841    4.02497    4.04063         26 0.0000e+00
      22233    926.313    123.000     8.1159   3.554165     8.1190   3.556265      28.19     0.0263     2.2466     1.9706  2.2974682  1.6895303   44.26596  -63.32032    34.1100    34.1293     8.1036     8.1067    26.5597    26.5744    4.01188    4.09203         25 0.0000e+00
      22265    927.662    122.000     7.8583   3.521903     7.8754   3.525017      29.39     0.0303     2.2525     1.9821  2.2943463  1.6880062   44.26594  -63.32032    34.0156    34.0324     7.8463     7.8634    26.5236    26.5343    4.07847    4.18055         45 0.0000e+00
      22332    930.441    121.000     7.8157   3.515584     7.8659   3.523573      31.59     0.0286     2.2997     2.0236  2.2937193  1.6689492   44.26594  -63.32034    33.9899    34.0268     7.8038     7.8540    26.5096    26.5313    4.37707    4.38972         73 0.0000e+00
      22388    932.796    120.000     7.7872   3.511792     7.7656   3.509543      32.93     0.0243     2.3824     2.0827  2.2846973  1.6507438   44.26594  -63.32034    33.9773    33.9741     7.7755     7.7539    26.5039    26.5045    4.64719    4.64464         45 0.0000e+00
      22426    934.357    119.000     7.6547   3.492364     7.7050   3.500430      33.77     0.0234     2.4298     2.1287  2.2813313  1.6472170   44.26594  -63.32034    33.8975    33.9355     7.6432     7.6934    26.4602    26.4829    4.69126    4.72622         33 0.0000e+00
      22456    935.636    118.000     7.4614   3.467434     7.5936   3.484849      34.15     0.0244     2.4569     2.1480  2.2766342  1.6449103   44.26594  -63.32036    33.8166    33.8763     7.4502     7.5823    26.4242    26.4524    4.73530    4.70243         30 0.0000e+00
      22490    937.026    117.000     7.2845   3.446233     7.4265   3.463927      35.28     0.0271     2.4858     2.1746  2.2687619  1.6348940   44.26594  -63.32036    33.7593    33.8131     7.2735     7.4155    26.4039    26.4263    4.91075    4.91791         38 0.0000e+00
      22553    939.668    116.000     7.1918   3.434063     7.2305   3.440318      36.83     0.0267     2.5701     2.2522  2.2607546  1.6155725   44.26592  -63.32036    33.7177    33.7481     7.1811     7.2197    26.3840    26.4026    5.13798    5.15560         84 0.0000e+00
      22611    942.066    115.000     7.0044   3.413016     7.0931   3.424423      37.67     0.0282     2.6217     2.2987  2.2542193  1.5930853   44.26592  -63.32037    33.6712    33.7092     6.9939     7.0826    26.3729    26.3909    5.15795    5.17334         30 0.0000e+00
      22636    943.110    114.000     6.7892   3.387056     6.8577   3.396086      38.37     0.0277     2.6305     2.3091  2.2353661  1.5765400   44.26592  -63.32038    33.5969    33.6292     6.7790     6.8474    26.3435    26.3598    5.17197    5.22003         25 0.0000e+00
      22665    944.327    113.000     6.7122   3.377322     6.7410   3.382212      39.42     0.0269     2.6374     2.3193  2.2249091  1.5698321   44.26592  -63.32038    33.5654    33.5912     6.7022     6.7309    26.3289    26.3454    5.16781    5.22662         36 0.0000e+00
      22722    946.698    112.000     6.7004   3.376135     6.7212   3.379733      40.72     0.0272     2.6436     2.3285  2.1933076  1.5467329   44.26592  -63.32040    33.5644    33.5840     6.6905     6.7112    26.3297    26.3424    5.16306    5.23273         71 0.0000e+00
      22775    948.904    111.000     6.6842   3.374331     6.6975   3.376985      41.44     0.0333     2.6449     2.3361  2.1602759  1.5228601   44.26592  -63.32040    33.5609    33.5771     6.6743     6.6877    26.3291    26.3400    5.15328    5.23983         34 0.0000e+00
      22805    950.168    110.000     6.6228   3.367335     6.6741   3.373672      42.25     0.0353     2.6456     2.3382  2.1490648  1.5182046   44.26590  -63.32040    33.5441    33.5639     6.6131     6.6644    26.3239    26.3328    5.17226    5.25151         32 0.0000e+00
      22851    952.076    109.000     6.4807   3.350688     6.4960   3.352989      43.48     0.0345     2.6516     2.3437  2.1320250  1.5159626   44.26590  -63.32041    33.4995    33.5100     6.4712     6.4865    26.3073    26.3135    5.23180    5.29417         64 0.0000e+00
      22908    954.439    108.000     6.3647   3.337157     6.4292   3.345339      44.51     0.0333     2.6587     2.3473  2.1135318  1.5046941   44.26590  -63.32042    33.4635    33.4912     6.3554     6.4199    26.2938    26.3074    5.24125    5.27937         36 0.0000e+00
      22936    955.636    107.000     6.2785   3.326730     6.3485   3.335895      45.31     0.0312     2.6593     2.3452  2.1039052  1.4948275   44.26590  -63.32042    33.4314    33.4658     6.2694     6.3394    26.2795    26.2977    5.24573    5.27662         30 0.0000e+00
      22987    957.761    106.000     6.2397   3.321875     6.2760   3.327367      44.49     0.0286     2.6531     2.3445  2.0950763  1.4825888   44.26590  -63.32043    33.4168    33.4423     6.2307     6.2670    26.2729    26.2884    5.19507    5.29059         76 0.0000e+00
      23046    960.225    105.000     6.2134   3.319174     6.2595   3.325209      38.43     0.0268     2.6407     2.3385  2.0861390  1.4663839   44.26588  -63.32044    33.4130    33.4351     6.2045     6.2506    26.2732    26.2848    5.15637    5.23943         32 0.0000e+00
      23073    961.350    104.000     6.1574   3.312663     6.1792   3.316137      48.00     0.0326     2.6364     2.3340  2.0791361  1.4579356   44.26588  -63.32044    33.3959    33.4132     6.1486     6.1704    26.2667    26.2777    5.18390    5.25263         29 0.0000e+00
      23120    963.275    103.000     5.9715   3.292321     6.0070   3.297102      58.43     0.0324     2.6395     2.3376  2.0729570  1.4530935   44.26588  -63.32044    33.3510    33.3698     5.9630     5.9985    26.2544    26.2649    5.26694    5.35535         66 0.0000e+00
      23174    965.544    102.000     5.7901   3.272779     5.8979   3.284743      49.35     0.0362     2.6503     2.3484  2.0659113  1.4376351   44.26588  -63.32046    33.3104    33.3390     5.7819     5.8895    26.2445    26.2540    5.34241    5.40730         35 0.0000e+00
      23205    966.815    101.000     5.6748   3.258162     5.7427   3.267249      49.49     0.0340     2.6577     2.3544  2.0646806  1.4288089   44.26588  -63.32046    33.2594    33.2952     5.6667     5.7346    26.2181    26.2382    5.37756    5.44522         32 0.0000e+00
      23254    968.892    100.000     5.6371   3.252953     5.6583   3.256745      71.51     0.0319     2.6726     2.3664  2.0626380  1.4194609   44.26588  -63.32047    33.2382    33.2602     5.6291     5.6503    26.2059    26.2207    5.44202    5.51825         75 0.0000e+00
      23322    971.690     99.000     5.5769   3.245819     5.6026   3.250566      69.65     0.0386     2.6936     2.3884  2.0622571  1.3924416   44.26586  -63.32048    33.2172    33.2457     5.5691     5.5947    26.1964    26.2159    5.49814    5.58785         41 0.0000e+00
      23353    973.012     98.000     5.4759   3.234546     5.5363   3.242414      70.29     0.0359     2.7021     2.3950  2.0606427  1.3838992   44.26586  -63.32048    33.1894    33.2192     5.4683     5.5285    26.1863    26.2028    5.53363    5.59059         31 0.0000e+00
      23388    974.440     97.000     5.3673   3.222114     5.3937   3.226244      85.60     0.0376     2.7130     2.4014  2.0589371  1.3789113   44.26586  -63.32049    33.1556    33.1766     5.3598     5.3862    26.1723    26.1858    5.58713    5.64094         42 0.0000e+00
      23442    976.694     96.000     5.2369   3.207232     5.2374   3.208409      61.20     0.0358     2.7234     2.4131  2.0534632  1.3687307   44.26586  -63.32050    33.1151    33.1281     5.2296     5.2301    26.1552    26.1654    5.57849    5.68349         56 0.0000e+00
      23484    978.477     95.000     5.1617   3.198640     5.2108   3.205093      91.32     0.0342     2.7266     2.4182  2.0500729  1.3577285   44.26586  -63.32050    33.0917    33.1170     5.1545     5.2036    26.1452    26.1597    5.62486    5.69291         37 0.0000e+00
      23533    980.484     94.000     5.1352   3.194959     5.1260   3.195158      78.60     0.0371     2.7391     2.4280  2.0460117  1.3449897   44.26585  -63.32051    33.0764    33.0876     5.1281     5.1189    26.1361    26.1460    5.67445    5.76285         64 0.0000e+00
      23589    982.848     93.000     5.0555   3.186456     5.0965   3.191710      50.32     0.0388     2.7502     2.4399  2.0410042  1.3356364   44.26584  -63.32052    33.0581    33.0778     5.0485     5.0895    26.1306    26.1416    5.69509    5.77295         36 0.0000e+00
      23618    984.022     92.000     4.9682   3.175788     5.0426   3.185203      97.26     0.0376     2.7543     2.4426  2.0405104  1.3340731   44.26584  -63.32052    33.0223    33.0570     4.9614     5.0357    26.1119    26.1311    5.72290    5.78707         28 0.0000e+00
      23662    985.894     91.000     4.9328   3.171261     4.9515   3.174548      88.30     0.0406     2.7587     2.4484  2.0377071  1.3194684   44.26584  -63.32054    33.0052    33.0251     4.9267     4.9448    26.1023    26.1160    5.71715    5.81459         72 0.0000e+00
      23728    988.626     90.000     4.9034   3.168299     4.9419   3.173360      45.85     0.0441     2.7604     2.4518  2.0320771  1.2981633   44.26584  -63.32054    33.0022    33.0216     4.8967     4.9352    26.1032    26.1142    5.71091    5.79208         41 0.0000e+00
