data/CTD/2013/CNV/U021A050.CNV
* Sea-Bird SBE 9 Data File:
* FileName = C:\CTD_ACQUISITION\2013021HUD\ctddata\021A050.hdr
* Software Version Seasave V 7.22.2
* Temperature SN = 5081
* Conductivity SN = 3561
* Number of Bytes Per Scan = 37
* Number of Voltage Words = 4
* Number of Scans Averaged by the Deck Unit = 1
* NMEA Latitude = 48 53.75 N
* NMEA Longitude = 045 47.27 W
* NMEA UTC (Time) = Jul 05 2013 00:34:42
* NMEA baud rate = 9600
** Ship: Hudson
** Cruise: HUD2013021
** Chief_Scientist: Greenan
** Organization: BIO
** Area_of_Operation: Sackville Spur
** Station: 50
** Sounding:  2200
** Event_Comments: SS27  393209
# nquan = 25
# nvalues = 2366                        
# units = specified
# name 0 = scan: Scan Count
# name 1 = timeS: Time, Elapsed [seconds]
# name 2 = prDM: Pressure, Digiquartz [db]
# name 3 = t068C: Temperature [ITS-68, deg C]
# name 4 = c0S/m: Conductivity [S/m]
# name 5 = t168C: Temperature, 2 [ITS-68, deg C]
# name 6 = c1S/m: Conductivity, 2 [S/m]
# name 7 = altM: Altimeter [m]
# name 8 = flCUVA: Fluorescence, Chelsea UV Aquatracka [ug/l]
# name 9 = sbeox0V: Oxygen raw, SBE 43 [V]
# name 10 = sbeox1V: Oxygen raw, SBE 43, 2 [V]
# name 11 = upoly0: Upoly 0, Optode 4330F - O2 D-Phase
# name 12 = upoly1: Upoly 1, Optode 4330F - O2 Temp
# name 13 = latitude: Latitude [deg]
# name 14 = longitude: Longitude [deg]
# name 15 = sal00: Salinity, Practical [PSU]
# name 16 = sal11: Salinity, Practical, 2 [PSU]
# name 17 = potemp068C: Potential Temperature [ITS-68, deg C]
# name 18 = potemp168C: Potential Temperature, 2 [ITS-68, deg C]
# name 19 = sigma-é00: Density [sigma-theta, Kg/m^3]
# name 20 = sigma-é11: Density, 2 [sigma-theta, Kg/m^3]
# name 21 = sbeox0ML/L: Oxygen, SBE 43 [ml/l], WS = 2
# name 22 = sbeox1ML/L: Oxygen, SBE 43, 2 [ml/l], WS = 2
# name 23 = nbin: number of scans per bin
# name 24 = flag: flag
# span 0 =      62334,     114487       
# span 1 =   2597.229,   4770.258       
# span 2 =      1.000,   2366.000       
# span 3 =     2.7736,     7.7056       
# span 4 =   3.160928,   3.489807       
# span 5 =     2.7726,     7.7182       
# span 6 =   3.162208,   3.492487       
# span 7 =       2.28,      99.69       
# span 8 =     0.0031,     0.3351       
# span 9 =     2.2089,     3.3350       
# span 10 =     1.9871,     2.9754      
# span 11 =  1.7115025,  2.1035570      
# span 12 =  0.9703100,  1.5895393      
# span 13 =   48.89596,   48.89694      
# span 14 =  -45.79228,  -45.78870      
# span 15 =    32.7372,    34.9222      
# span 16 =    32.9525,    34.9385      
# span 17 =     2.5921,     7.7032      
# span 18 =     2.5910,     7.7156      
# span 19 =    25.5433,    27.8557      
# span 20 =    25.7123,    27.8691      
# span 21 =    5.88708,    6.96496      
# span 22 =    6.04739,    7.10033      
# span 23 =         13,       1063      
# span 24 = 0.0000e+00, 0.0000e+00      
# interval = decibars: 1                
# start_time = Jul 05 2013 00:34:42 [NMEA time, header]
# bad_flag = -9.990e-29
*END*
[from data line 696]
      77535   3230.591   1670.000     3.2383   3.253558     3.2377   3.254878      90.10     0.0155     2.3710     2.1158  2.0717154  1.0293036   48.89655  -45.78958    34.9180    34.9345     3.1121     3.1115    27.8093    27.8225    5.91701    6.08936         19 0.0000e+00
      77554   3231.394   1669.000     3.2382   3.253510     3.2375   3.254814      91.68     0.0159     2.3709     2.1167  2.0708199  1.0293649   48.89656  -45.78958    34.9181    34.9344     3.1121     3.1114    27.8094    27.8225    5.91465    6.09389         20 0.0000e+00
      77574   3232.212   1668.000     3.2381   3.253450     3.2377   3.254788      94.70     0.0140     2.3715     2.1171  2.0708780  1.0293651   48.89656  -45.78958    34.9180    34.9344     3.1121     3.1116    27.8093    27.8224    5.92246    6.09435         20 0.0000e+00
      77594   3233.060   1667.000     3.2383   3.253429     3.2383   3.254804      95.31     0.0118     2.3720     2.1175  2.0718529  1.0293043   48.89656  -45.78958    34.9180    34.9344     3.1123     3.1123    27.8093    27.8224    5.91611    6.09484         20 0.0000e+00
      77615   3233.904   1666.000     3.2388   3.253428     3.2391   3.254841      87.31     0.0144     2.3722     2.1181  2.0720410  1.0294273   48.89656  -45.78958    34.9180    34.9345     3.1129     3.1132    27.8092    27.8224    5.91876    6.08920         20 0.0000e+00
      77634   3234.716   1665.000     3.2399   3.253490     3.2413   3.255004      60.27     0.0130     2.3725     2.1182  2.0714557  1.0294327   48.89656  -45.78958    34.9180    34.9346     3.1141     3.1155    27.8091    27.8222    5.91526    6.08858         19 0.0000e+00
      77653   3235.516   1664.000     3.2410   3.253552     3.2430   3.255114      70.71     0.0085     2.3728     2.1187  2.0707006  1.0293655   48.89656  -45.78958    34.9181    34.9346     3.1153     3.1172    27.8091    27.8221    5.92061    6.08922         20 0.0000e+00
      77674   3236.357   1663.000     3.2429   3.253677     3.2441   3.255170      93.35     0.0128     2.3734     2.1186  2.0707586  1.0293622   48.89656  -45.78958    34.9180    34.9346     3.1173     3.1184    27.8088    27.8220    5.91554    6.09136         21 0.0000e+00
      77695   3237.248   1662.000     3.2441   3.253742     3.2451   3.255225      94.68     0.0135     2.3736     2.1195  2.0690193  1.0295362   48.89658  -45.78958    34.9180    34.9347     3.1186     3.1195    27.8087    27.8219    5.93011    6.09799         21 0.0000e+00
      77716   3238.132   1661.000     3.2450   3.253785     3.2460   3.255275      95.51     0.0130     2.3747     2.1198  2.0691328  1.0294781   48.89658  -45.78958    34.9181    34.9348     3.1195     3.1205    27.8087    27.8219    5.92356    6.08828         21 0.0000e+00
      77736   3238.970   1660.000     3.2460   3.253850     3.2471   3.255323      87.23     0.0109     2.3747     2.1199  2.0703781  1.0300310   48.89658  -45.78958    34.9183    34.9348     3.1206     3.1216    27.8087    27.8218    5.92147    6.08626         20 0.0000e+00
      77756   3239.800   1659.000     3.2466   3.253868     3.2483   3.255386      95.87     0.0067     2.3752     2.1200  2.0708120  1.0302773   48.89658  -45.78959    34.9184    34.9348     3.1213     3.1228    27.8087    27.8217    5.92052    6.08435         20 0.0000e+00
      77777   3240.677   1658.000     3.2477   3.253917     3.2491   3.255423      76.96     0.0100     2.3756     2.1200  2.0703244  1.0304126   48.89658  -45.78960    34.9184    34.9348     3.1224     3.1238    27.8086    27.8216    5.92111    6.08536         22 0.0000e+00
      77801   3241.659   1657.000     3.2485   3.253950     3.2495   3.255415      59.14     0.0135     2.3759     2.1203  2.0688276  1.0305243   48.89658  -45.78960    34.9183    34.9348     3.1234     3.1242    27.8085    27.8216    5.91916    6.09035         25 0.0000e+00
      77826   3242.707   1656.000     3.2491   3.253971     3.2500   3.255421      95.41     0.0087     2.3757     2.1208  2.0692058  1.0305251   48.89659  -45.78960    34.9184    34.9348     3.1240     3.1248    27.8085    27.8215    5.91183    6.09022         25 0.0000e+00
      77850   3243.699   1655.000     3.2498   3.253994     3.2507   3.255432      94.36     0.0074     2.3763     2.1209  2.0690675  1.0305251   48.89660  -45.78960    34.9185    34.9347     3.1248     3.1256    27.8085    27.8214    5.92277    6.08496         23 0.0000e+00
      77872   3244.625   1654.000     3.2508   3.254026     3.2508   3.255406      85.33     0.0109     2.3765     2.1211  2.0696552  1.0305251   48.89660  -45.78960    34.9183    34.9348     3.1258     3.1258    27.8083    27.8214    5.91773    6.08446         21 0.0000e+00
      77893   3245.507   1653.000     3.2510   3.254007     3.2508   3.255372      94.01     0.0143     2.3768     2.1210  2.0708272  1.0305251   48.89660  -45.78960    34.9183    34.9349     3.1261     3.1259    27.8082    27.8215    5.92056    6.08241         21 0.0000e+00
      77913   3246.318   1652.000     3.2512   3.253987     3.2509   3.255335      95.88     0.0139     2.3769     2.1212  2.0708182  1.0305251   48.89660  -45.78960    34.9184    34.9349     3.1264     3.1260    27.8082    27.8215    5.91695    6.08378         18 0.0000e+00
      77930   3247.049   1651.000     3.2514   3.253960     3.2509   3.255294      95.99     0.0145     2.3772     2.1210  2.0708182  1.0305251   48.89660  -45.78960    34.9184    34.9348     3.1267     3.1262    27.8082    27.8214    5.91062    6.08277         17 0.0000e+00
      77947   3247.737   1650.000     3.2514   3.253920     3.2510   3.255258      86.13     0.0135     2.3767     2.1213  2.0708182  1.0305251   48.89660  -45.78960    34.9184    34.9348     3.1268     3.1263    27.8082    27.8214    5.91980    6.08619         16 0.0000e+00
      77964   3248.441   1649.000     3.2514   3.253885     3.2510   3.255229      93.00     0.0127     2.3778     2.1216  2.0707500  1.0305251   48.89660  -45.78960    34.9185    34.9349     3.1269     3.1265    27.8083    27.8214    5.92954    6.09387         18 0.0000e+00
      77983   3249.242   1648.000     3.2515   3.253846     3.2512   3.255198      96.03     0.0133     2.3779     2.1222  2.0691473  1.0305251   48.89662  -45.78962    34.9184    34.9349     3.1270     3.1267    27.8082    27.8214    5.91428    6.08986         21 0.0000e+00
      78007   3250.271   1647.000     3.2516   3.253819     3.2512   3.255153      92.74     0.0143     2.3780     2.1223  2.0693352  1.0305251   48.89662  -45.78962    34.9184    34.9348     3.1273     3.1268    27.8082    27.8214    5.91320    6.08670         28 0.0000e+00
      78036   3251.442   1646.000     3.2516   3.253768     3.2511   3.255107      82.33     0.0097     2.3781     2.1227  2.0687244  1.0306176   48.89662  -45.78962    34.9184    34.9348     3.1273     3.1268    27.8082    27.8213    5.92171    6.08643         27 0.0000e+00
      78058   3252.389   1645.000     3.2522   3.253768     3.2524   3.255160      72.98     0.0068     2.3787     2.1227  2.0690880  1.0307194   48.89662  -45.78962    34.9182    34.9346     3.1280     3.1282    27.8079    27.8210    5.92297    6.08551         19 0.0000e+00
      78077   3253.146   1644.000     3.2533   3.253812     3.2535   3.255228      96.56     0.0104     2.3790     2.1230  2.0687251  1.0314060   48.89662  -45.78962    34.9181    34.9348     3.1292     3.1293    27.8078    27.8211    5.92998    6.09253         17 0.0000e+00
      78093   3253.839   1643.000     3.2543   3.253871     3.2547   3.255308      83.62     0.0120     2.3799     2.1234  2.0690973  1.0310249   48.89662  -45.78962    34.9182    34.9349     3.1302     3.1306    27.8078    27.8210    5.93234    6.09592         17 0.0000e+00
      78110   3254.530   1642.000     3.2550   3.253898     3.2563   3.255405      95.47     0.0125     2.3800     2.1240  2.0686705  1.0310278   48.89662  -45.78962    34.9183    34.9349     3.1310     3.1323    27.8078    27.8208    5.91938    6.09884         17 0.0000e+00
      78128   3255.273   1641.000     3.2564   3.253994     3.2576   3.255483      95.06     0.0122     2.3802     2.1245  2.0671933  1.0316026   48.89662  -45.78962    34.9184    34.9349     3.1325     3.1336    27.8077    27.8208    5.92428    6.09765         19 0.0000e+00
      78148   3256.143   1640.000     3.2576   3.254063     3.2584   3.255515      95.02     0.0130     2.3809     2.1251  2.0672069  1.0314842   48.89662  -45.78962    34.9185    34.9349     3.1338     3.1346    27.8076    27.8207    5.92647    6.09099         23 0.0000e+00
      78174   3257.216   1639.000     3.2581   3.254066     3.2589   3.255515      88.99     0.0112     2.3815     2.1251  2.0671988  1.0317426   48.89664  -45.78962    34.9185    34.9349     3.1343     3.1351    27.8076    27.8207    5.92450    6.08707         28 0.0000e+00
      78201   3258.348   1638.000     3.2579   3.254008     3.2611   3.255649      96.08     0.0114     2.3814     2.1253  2.0671537  1.0317460   48.89664  -45.78962    34.9184    34.9347     3.1343     3.1416    27.8075    27.8202    5.91618    6.08700         24 0.0000e+00
      78223   3259.244   1637.000     3.2611   3.254217     3.2638   3.255854      80.58     0.0117     2.3817     2.1253  2.0671551  1.0317460   48.89664  -45.78964    34.9181    34.9348     3.1375     3.1401    27.8070    27.8200    5.93137    6.08567         20 0.0000e+00
      78241   3259.996   1636.000     3.2634   3.254385     3.2652   3.255948      33.31     0.0104     2.3825     2.1255  2.0671551  1.0317460   48.89664  -45.78964    34.9182    34.9349     3.1398     3.1416    27.8068    27.8200    5.92802    6.08386         17 0.0000e+00
      78258   3260.709   1635.000     3.2660   3.254597     3.2675   3.256111      95.86     0.0093     2.3825     2.1254  2.0671551  1.0317460   48.89664  -45.78964    34.9184    34.9349     3.1425     3.1440    27.8067    27.8198    5.91288    6.08689         17 0.0000e+00
      78276   3261.474   1634.000     3.2674   3.254697     3.2702   3.256316      95.90     0.0107     2.3823     2.1259  2.0671551  1.0317460   48.89664  -45.78964    34.9186    34.9349     3.1440     3.1467    27.8068    27.8195    5.91561    6.09008         20 0.0000e+00
      78300   3262.438   1633.000     3.2688   3.254767     3.2718   3.256423      89.63     0.0119     2.3828     2.1261  2.0673223  1.0317460   48.89664  -45.78964    34.9185    34.9350     3.1455     3.1484    27.8065    27.8195    5.92606    6.08545         28 0.0000e+00
      78330   3263.721   1632.000     3.2694   3.254779     3.2715   3.256327      94.35     0.0086     2.3832     2.1261  2.0681124  1.0324990   48.89665  -45.78964    34.9185    34.9348     3.1461     3.1514    27.8065    27.8193    5.92049    6.07911         30 0.0000e+00
      78356   3264.783   1631.000     3.2709   3.254862     3.2725   3.256382      96.03     0.0105     2.3836     2.1261  2.0674858  1.0326824   48.89666  -45.78964    34.9183    34.9348     3.1477     3.1491    27.8062    27.8192    5.92544    6.08626         21 0.0000e+00
      78374   3265.529   1630.000     3.2726   3.254962     3.2735   3.256430      89.30     0.0133     2.3840     2.1265  2.0671515  1.0329700   48.89666  -45.78964    34.9183    34.9348     3.1494     3.1503    27.8060    27.8191    5.92416    6.09053         16 0.0000e+00
      78389   3266.162   1629.000     3.2737   3.255041     3.2738   3.256422      86.99     0.0150     2.3840     2.1269  2.0671551  1.0329671   48.89666  -45.78964    34.9184    34.9348     3.1507     3.1507    27.8060    27.8191    5.91980    6.09086         15 0.0000e+00
      78403   3266.766   1628.000     3.2743   3.255043     3.2741   3.256407      95.89     0.0162     2.3842     2.1271  2.0671551  1.0329671   48.89666  -45.78964    34.9184    34.9349     3.1513     3.1511    27.8059    27.8191    5.92349    6.08927         14 0.0000e+00
      78418   3267.389   1627.000     3.2747   3.255032     3.2746   3.256407      95.98     0.0164     2.3847     2.1273  2.0670042  1.0329671   48.89666  -45.78964    34.9184    34.9348     3.1518     3.1517    27.8059    27.8190    5.92668    6.08794         16 0.0000e+00
      78435   3268.094   1626.000     3.2751   3.255030     3.2754   3.256441      95.98     0.0154     2.3849     2.1276  2.0670860  1.0329671   48.89666  -45.78964    34.9184    34.9349     3.1523     3.1526    27.8058    27.8189    5.92012    6.08294         18 0.0000e+00
      78458   3269.028   1625.000     3.2759   3.255061     3.2762   3.256474      87.31     0.0114     2.3852     2.1275  2.0671513  1.0329671   48.89666  -45.78964    34.9184    34.9349     3.1531     3.1535    27.8058    27.8189    5.91992    6.08225         27 0.0000e+00
      78489   3270.346   1624.000     3.2753   3.254959     3.2759   3.256389      73.47     0.0090     2.3851     2.1279  2.0671551  1.0331239   48.89666  -45.78964    34.9183    34.9348     3.1526     3.1532    27.8058    27.8188    5.91585    6.08532         32 0.0000e+00
      78515   3271.429   1623.000     3.2759   3.254963     3.2779   3.256521      89.28     0.0101     2.3851     2.1282  2.0671551  1.0334946   48.89666  -45.78964    34.9182    34.9347     3.1534     3.1553    27.8056    27.8185    5.91699    6.08495         21 0.0000e+00
      78534   3272.192   1622.000     3.2774   3.255051     3.2796   3.256630      86.97     0.0119     2.3855     2.1281  2.0671551  1.0335013   48.89666  -45.78966    34.9182    34.9347     3.1549     3.1570    27.8054    27.8184    5.91597    6.07965         16 0.0000e+00
      78550   3272.868   1621.000     3.2798   3.255226     3.2812   3.256747      96.11     0.0121     2.3851     2.1281  2.0671551  1.0338126   48.89667  -45.78966    34.9182    34.9349     3.1574     3.1587    27.8052    27.8184    5.91387    6.08109         16 0.0000e+00
      78566   3273.560   1620.000     3.2814   3.255337     3.2820   3.256773      95.97     0.0117     2.3856     2.1285  2.0671551  1.0341866   48.89668  -45.78966    34.9183    34.9348     3.1590     3.1596    27.8052    27.8183    5.91877    6.08655         18 0.0000e+00
      78586   3274.366   1619.000     3.2826   3.255403     3.2829   3.256812      90.95     0.0157     2.3857     2.1287  2.0671551  1.0341880   48.89668  -45.78966    34.9183    34.9349     3.1603     3.1605    27.8050    27.8182    5.91464    6.08646         22 0.0000e+00
      78612   3275.468   1618.000     3.2833   3.255425     3.2838   3.256844      91.19     0.0105     2.3855     2.1291  2.0671551  1.0341880   48.89668  -45.78966    34.9184    34.9347     3.1611     3.1616    27.8050    27.8180    5.91419    6.08359         31 0.0000e+00
      78644   3276.778   1617.000     3.2831   3.255364     3.2833   3.256753      96.03     0.0101     2.3862     2.1295  2.0666289  1.0344272   48.89668  -45.78966    34.9183    34.9347     3.1610     3.1611    27.8049    27.8180    5.91873    6.08636         27 0.0000e+00
      78666   3277.703   1616.000     3.2842   3.255403     3.2843   3.256805      82.86     0.0088     2.3865     2.1297  2.0659225  1.0347427   48.89668  -45.78966    34.9181    34.9347     3.1622     3.1672    27.8047    27.8179    5.91673    6.08412         20 0.0000e+00
      78683   3278.429   1615.000     3.2853   3.255460     3.2857   3.256886      15.46     0.0101     2.3862     2.1298  2.0659342  1.0345715   48.89668  -45.78966    34.9181    34.9347     3.1633     3.1637    27.8046    27.8178    5.91429    6.07992         16 0.0000e+00
      78699   3279.091   1614.000     3.2863   3.255519     3.2870   3.256968      92.38     0.0106     2.3870     2.1299  2.0663462  1.0353370   48.89668  -45.78966    34.9183    34.9348     3.1644     3.1651    27.8046    27.8178    5.91619    6.08080         15 0.0000e+00
