data/CTD/2013/CNV/U021A054.CNV
* Sea-Bird SBE 9 Data File:
* FileName = C:\CTD_ACQUISITION\2013021HUD\ctddata\021A054.hdr
* Software Version Seasave V 7.22.2
* Temperature SN = 5081
* Conductivity SN = 3561
* Number of Bytes Per Scan = 37
* Number of Voltage Words = 4
* Number of Scans Averaged by the Deck Unit = 1
* NMEA Latitude = 48 42.08 N
* NMEA Longitude = 045 35.44 W
* NMEA UTC (Time) = Jul 05 2013 06:47:39
* NMEA baud rate = 9600
** Ship: Hudson
** Cruise: HUD2013021
** Chief_Scientist: Greenan
** Organization: BIO
** Area_of_Operation: Sackville Spur
** Station: 54
** Sounding:  1200
** Event_Comments: SS23  393217
# nquan = 25
# nvalues = 1114                        
# units = specified
# name 0 = scan: Scan Count
# name 1 = timeS: Time, Elapsed [seconds]
# name 2 = prDM: Pressure, Digiquartz [db]
# name 3 = t068C: Temperature [ITS-68, deg C]
# name 4 = c0S/m: Conductivity [S/m]
# name 5 = t168C: Temperature, 2 [ITS-68, deg C]
# name 6 = c1S/m: Conductivity, 2 [S/m]
# name 7 = altM: Altimeter [m]
# name 8 = flCUVA: Fluorescence, Chelsea UV Aquatracka [ug/l]
# name 9 = sbeox0V: Oxygen raw, SBE 43 [V]
# name 10 = sbeox1V: Oxygen raw, SBE 43, 2 [V]
# name 11 = upoly0: Upoly 0, Optode 4330F - O2 D-Phase
# name 12 = upoly1: Upoly 1, Optode 4330F - O2 Temp
# name 13 = latitude: Latitude [deg]
# name 14 = longitude: Longitude [deg]
# name 15 = sal00: Salinity, Practical [PSU]
# name 16 = sal11: Salinity, Practical, 2 [PSU]
# name 17 = potemp068C: Potential Temperature [ITS-68, deg C]
# name 18 = potemp168C: Potential Temperature, 2 [ITS-68, deg C]
# name 19 = sigma-é00: Density [sigma-theta, Kg/m^3]
# name 20 = sigma-é11: Density, 2 [sigma-theta, Kg/m^3]
# name 21 = sbeox0ML/L: Oxygen, SBE 43 [ml/l], WS = 2
# name 22 = sbeox1ML/L: Oxygen, SBE 43, 2 [ml/l], WS = 2
# name 23 = nbin: number of scans per bin
# name 24 = flag: flag
# span 0 =      34084,      57535       
# span 1 =   1420.138,   2397.239       
# span 2 =      1.000,   1114.000       
# span 3 =     1.3010,     6.9018       
# span 4 =   2.914696,   3.381934       
# span 5 =     1.1994,     6.8916       
# span 6 =   2.906219,   3.382613       
# span 7 =       6.03,      98.16       
# span 8 =     0.0045,     0.5419       
# span 9 =     2.5227,     3.4310       
# span 10 =     2.2682,     3.0833      
# span 11 =  1.7212008,  2.0325383      
# span 12 =  0.8253969,  1.4493769      
# span 13 =   48.70238,   48.70426      
# span 14 =  -45.59200,  -45.59074      
# span 15 =    33.4518,    34.9146      
# span 16 =    33.5025,    34.9309      
# span 17 =     1.3001,     6.9017      
# span 18 =     1.1984,     6.8915      
# span 19 =    26.2394,    27.7566      
# span 20 =    26.2540,    27.7696      
# span 21 =    5.89553,    8.36314      
# span 22 =    6.07223,    8.52356      
# span 23 =         12,        200      
# span 24 = 0.0000e+00, 0.0000e+00      
# interval = decibars: 1                
# start_time = Jul 05 2013 06:47:39 [NMEA time, header]
# bad_flag = -9.990e-29
*END*
[from data line 522]
      44796   1866.470    592.000     3.8552   3.258982     3.8552   3.260349      96.09     0.0123     2.7755     2.4799  1.9553460  1.1074500   48.70256  -45.59179    34.8787    34.8949     3.8125     3.8125    27.7092    27.7221    6.24184    6.37540         21 0.0000e+00
      44815   1867.266    591.000     3.8558   3.258982     3.8556   3.260324      95.59     0.0114     2.7765     2.4799  1.9553655  1.1074481   48.70256  -45.59180    34.8785    34.8948     3.8132     3.8129    27.7090    27.7220    6.24663    6.37276         18 0.0000e+00
      44832   1867.956    590.000     3.8565   3.258991     3.8560   3.260331      95.52     0.0129     2.7773     2.4799  1.9536085  1.1074481   48.70256  -45.59180    34.8785    34.8949     3.8139     3.8135    27.7089    27.7220    6.23899    6.37192         15 0.0000e+00
      44847   1868.603    589.000     3.8577   3.259053     3.8576   3.260413      80.30     0.0124     2.7772     2.4799  1.9536020  1.1074481   48.70256  -45.59180    34.8784    34.8948     3.8153     3.8151    27.7087    27.7218    6.23557    6.37065         16 0.0000e+00
      44863   1869.249    588.000     3.8594   3.259160     3.8596   3.260537      95.22     0.0116     2.7772     2.4799  1.9536020  1.1074481   48.70256  -45.59180    34.8784    34.8946     3.8170     3.8172    27.7085    27.7214    6.23450    6.36910         16 0.0000e+00
      44880   1869.956    587.000     3.8606   3.259219     3.8606   3.260585      95.34     0.0135     2.7774     2.4799  1.9536676  1.1074481   48.70256  -45.59180    34.8784    34.8947     3.8183     3.8182    27.7084    27.7214    6.23539    6.37391         18 0.0000e+00
      44900   1870.812    586.000     3.8613   3.259229     3.8611   3.260586      95.73     0.0145     2.7778     2.4807  1.9537590  1.1074481   48.70256  -45.59181    34.8783    34.8946     3.8191     3.8189    27.7083    27.7213    6.23572    6.37618         23 0.0000e+00
      44927   1871.905    585.000     3.8613   3.259193     3.8616   3.260580      95.73     0.0147     2.7777     2.4806  1.9546119  1.1074481   48.70256  -45.59182    34.8784    34.8945     3.8192     3.8195    27.7083    27.7211    6.23130    6.36461         28 0.0000e+00
      44953   1872.999    584.000     3.8613   3.259134     3.8618   3.260545      95.65     0.0200     2.7779     2.4800  1.9548786  1.1074481   48.70258  -45.59182    34.8783    34.8945     3.8192     3.8197    27.7082    27.7211    6.23437    6.36032         24 0.0000e+00
      44974   1873.864    583.000     3.8620   3.259150     3.8621   3.260519      95.75     0.0177     2.7780     2.4799  1.9538075  1.1080831   48.70258  -45.59182    34.8782    34.8944     3.8200     3.8200    27.7081    27.7210    6.22971    6.36846         19 0.0000e+00
      44992   1874.610    582.000     3.8628   3.259188     3.8625   3.260535      95.76     0.0144     2.7779     2.4806  1.9536058  1.1085168   48.70258  -45.59182    34.8783    34.8947     3.8209     3.8206    27.7081    27.7211    6.23107    6.37136         17 0.0000e+00
      45009   1875.331    581.000     3.8635   3.259200     3.8630   3.260534      95.63     0.0132     2.7783     2.4805  1.9537452  1.1083822   48.70258  -45.59182    34.8783    34.8946     3.8216     3.8211    27.7080    27.7210    6.23482    6.36885         17 0.0000e+00
      45027   1876.085    580.000     3.8648   3.259268     3.8641   3.260591      65.63     0.0132     2.7787     2.4808  1.9552121  1.1083478   48.70258  -45.59184    34.8783    34.8946     3.8230     3.8241    27.7078    27.7209    6.23318    6.36821         19 0.0000e+00
      45046   1876.878    579.000     3.8669   3.259408     3.8668   3.260765      79.00     0.0141     2.7785     2.4809  1.9550796  1.1082189   48.70258  -45.59184    34.8783    34.8945     3.8251     3.8250    27.7076    27.7205    6.23305    6.36642         19 0.0000e+00
      45066   1877.692    578.000     3.8677   3.259444     3.8678   3.260811      95.83     0.0089     2.7793     2.4812  1.9553126  1.1081805   48.70258  -45.59184    34.8783    34.8945     3.8261     3.8261    27.7075    27.7204    6.23611    6.37094         20 0.0000e+00
      45085   1878.500    577.000     3.8682   3.259440     3.8681   3.260796      95.59     0.0106     2.7795     2.4817  1.9554013  1.1085408   48.70258  -45.59184    34.8783    34.8945     3.8266     3.8283    27.7075    27.7204    6.22951    6.37468         19 0.0000e+00
      45105   1879.329    576.000     3.8689   3.259462     3.8688   3.260817      95.75     0.0132     2.7795     2.4823  1.9548836  1.1086106   48.70258  -45.59186    34.8783    34.8945     3.8274     3.8273    27.7074    27.7203    6.23390    6.37079         21 0.0000e+00
      45126   1880.203    575.000     3.8701   3.259516     3.8696   3.260839      95.74     0.0106     2.7803     2.4823  1.9541240  1.1086675   48.70258  -45.59186    34.8782    34.8945     3.8287     3.8281    27.7072    27.7202    6.23997    6.36326         22 0.0000e+00
      45149   1881.172    574.000     3.8712   3.259561     3.8707   3.260890      95.75     0.0137     2.7810     2.4821  1.9541606  1.1086692   48.70258  -45.59186    34.8781    34.8944     3.8298     3.8294    27.7070    27.7200    6.23572    6.35673         24 0.0000e+00
      45174   1882.191    573.000     3.8725   3.259625     3.8720   3.260953      95.62     0.0145     2.7810     2.4816  1.9550296  1.1087202   48.70260  -45.59186    34.8780    34.8944     3.8312     3.8307    27.7067    27.7198    6.22938    6.35962         24 0.0000e+00
      45196   1883.110    572.000     3.8741   3.259722     3.8737   3.261040      95.76     0.0111     2.7813     2.4820  1.9550059  1.1087917   48.70260  -45.59186    34.8780    34.8941     3.8329     3.8324    27.7066    27.7195    6.22968    6.36832         20 0.0000e+00
      45215   1883.913    571.000     3.8759   3.259814     3.8754   3.261149      37.43     0.0112     2.7809     2.4826  1.9537996  1.1098217   48.70260  -45.59187    34.8778    34.8942     3.8347     3.8342    27.7062    27.7193    6.22863    6.37104         19 0.0000e+00
      45233   1884.671    570.000     3.8767   3.259849     3.8763   3.261184      69.06     0.0096     2.7815     2.4830  1.9536009  1.1098905   48.70260  -45.59188    34.8779    34.8941     3.8356     3.8352    27.7062    27.7192    6.22814    6.36986         17 0.0000e+00
      45251   1885.434    569.000     3.8773   3.259851     3.8768   3.261186      96.31     0.0128     2.7809     2.4835  1.9530106  1.1098901   48.70260  -45.59188    34.8778    34.8941     3.8363     3.8358    27.7060    27.7191    6.22016    6.36675         19 0.0000e+00
      45271   1886.234    568.000     3.8778   3.259847     3.8774   3.261189      95.72     0.0143     2.7811     2.4836  1.9510256  1.1098901   48.70260  -45.59188    34.8777    34.8940     3.8368     3.8364    27.7059    27.7190    6.22625    6.36052         20 0.0000e+00
      45290   1887.052    567.000     3.8783   3.259851     3.8779   3.261182      81.88     0.0156     2.7814     2.4834  1.9511584  1.1098901   48.70260  -45.59188    34.8777    34.8939     3.8374     3.8371    27.7059    27.7188    6.23040    6.35836         20 0.0000e+00
      45310   1887.858    566.000     3.8786   3.259835     3.8783   3.261178      94.60     0.0178     2.7817     2.4833  1.9532738  1.1098901   48.70260  -45.59189    34.8777    34.8940     3.8378     3.8375    27.7058    27.7188    6.23201    6.36119         18 0.0000e+00
      45328   1888.629    565.000     3.8789   3.259803     3.8786   3.261150      95.78     0.0196     2.7820     2.4836  1.9536134  1.1098901   48.70261  -45.59190    34.8775    34.8939     3.8382     3.8379    27.7056    27.7187    6.22992    6.36663         18 0.0000e+00
      45346   1889.364    564.000     3.8792   3.259787     3.8789   3.261137      95.73     0.0194     2.7824     2.4842  1.9536020  1.1098901   48.70262  -45.59190    34.8776    34.8940     3.8386     3.8382    27.7057    27.7187    6.23329    6.36972         18 0.0000e+00
      45364   1890.111    563.000     3.8797   3.259785     3.8794   3.261134      95.66     0.0167     2.7829     2.4846  1.9536020  1.1098901   48.70262  -45.59190    34.8775    34.8940     3.8392     3.8388    27.7056    27.7187    6.23814    6.36827         18 0.0000e+00
      45383   1890.926    562.000     3.8801   3.259777     3.8798   3.261117      95.68     0.0182     2.7841     2.4851  1.9536020  1.1098901   48.70262  -45.59190    34.8776    34.8938     3.8396     3.8393    27.7056    27.7185    6.24187    6.36539         22 0.0000e+00
      45406   1891.871    561.000     3.8801   3.259735     3.8798   3.261080      95.74     0.0188     2.7850     2.4851  1.9534037  1.1098901   48.70262  -45.59191    34.8776    34.8939     3.8397     3.8394    27.7055    27.7186    6.23907    6.35903         24 0.0000e+00
      45432   1892.970    560.000     3.8802   3.259693     3.8798   3.261031      95.75     0.0162     2.7851     2.4851  1.9536042  1.1098901   48.70262  -45.59192    34.8775    34.8938     3.8399     3.8395    27.7055    27.7185    6.23366    6.36250         27 0.0000e+00
      45458   1894.040    559.000     3.8804   3.259655     3.8800   3.260989      95.74     0.0170     2.7857     2.4854  1.9536020  1.1100972   48.70262  -45.59192    34.8774    34.8937     3.8401     3.8397    27.7054    27.7184    6.22495    6.36145         24 0.0000e+00
      45480   1894.947    558.000     3.8806   3.259635     3.8803   3.260971      49.22     0.0152     2.7848     2.4857  1.9536020  1.1100115   48.70262  -45.59192    34.8774    34.8937     3.8405     3.8401    27.7053    27.7183    6.21250    6.37198         20 0.0000e+00
      45499   1895.745    557.000     3.8811   3.259631     3.8806   3.260964      94.89     0.0113     2.7837     2.4866  1.9536020  1.1105294   48.70262  -45.59192    34.8774    34.8938     3.8410     3.8405    27.7052    27.7184    6.21988    6.37542         19 0.0000e+00
      45517   1896.508    556.000     3.8813   3.259605     3.8809   3.260941      95.35     0.0105     2.7845     2.4874  1.9536020  1.1106346   48.70263  -45.59192    34.8774    34.8938     3.8413     3.8408    27.7053    27.7183    6.23831    6.37125         18 0.0000e+00
      45536   1897.277    555.000     3.8816   3.259586     3.8813   3.260922      95.27     0.0120     2.7853     2.4876  1.9532238  1.1109129   48.70264  -45.59192    34.8774    34.8936     3.8416     3.8413    27.7052    27.7182    6.24180    6.36744         19 0.0000e+00
      45555   1898.064    554.000     3.8820   3.259587     3.8817   3.260919      95.61     0.0144     2.7865     2.4877  1.9510223  1.1109184   48.70264  -45.59194    34.8775    34.8937     3.8421     3.8418    27.7052    27.7181    6.23751    6.36950         19 0.0000e+00
      45574   1898.858    553.000     3.8824   3.259565     3.8820   3.260905      95.74     0.0154     2.7865     2.4885  1.9512970  1.1111121   48.70264  -45.59194    34.8774    34.8937     3.8426     3.8422    27.7051    27.7181    6.23069    6.37156         18 0.0000e+00
      45592   1899.612    552.000     3.8827   3.259542     3.8824   3.260894      95.76     0.0163     2.7868     2.4887  1.9521178  1.1111112   48.70264  -45.59194    34.8773    34.8937     3.8429     3.8426    27.7050    27.7181    6.22874    6.36905         18 0.0000e+00
      45609   1900.326    551.000     3.8830   3.259529     3.8827   3.260876      95.76     0.0146     2.7867     2.4889  1.9535867  1.1111112   48.70264  -45.59194    34.8773    34.8937     3.8434     3.8431    27.7050    27.7180    6.22564    6.37046         17 0.0000e+00
      45626   1901.033    550.000     3.8835   3.259526     3.8833   3.260878      95.76     0.0144     2.7867     2.4894  1.9536020  1.1111112   48.70264  -45.59194    34.8773    34.8936     3.8439     3.8437    27.7049    27.7179    6.23021    6.36762         17 0.0000e+00
      45645   1901.826    549.000     3.8839   3.259511     3.8836   3.260863      95.76     0.0162     2.7873     2.4893  1.9515847  1.1111112   48.70264  -45.59195    34.8773    34.8936     3.8444     3.8441    27.7048    27.7179    6.23088    6.36587         21 0.0000e+00
      45670   1902.868    548.000     3.8844   3.259521     3.8840   3.260848      41.71     0.0141     2.7874     2.4897  1.9507028  1.1111112   48.70265  -45.59195    34.8773    34.8936     3.8450     3.8446    27.7048    27.7178    6.23028    6.36435         29 0.0000e+00
      45699   1904.076    547.000     3.8848   3.259505     3.8843   3.260819      97.26     0.0145     2.7881     2.4894  1.9505218  1.1111112   48.70266  -45.59196    34.8772    34.8935     3.8455     3.8449    27.7047    27.7177    6.23502    6.36080         27 0.0000e+00
      45724   1905.106    546.000     3.8850   3.259474     3.8848   3.260826      94.33     0.0166     2.7888     2.4896  1.9507397  1.1111112   48.70266  -45.59196    34.8772    34.8935     3.8457     3.8455    27.7046    27.7176    6.23029    6.36631         23 0.0000e+00
      45744   1905.962    545.000     3.8853   3.259447     3.8850   3.260798      80.12     0.0138     2.7888     2.4901  1.9516131  1.1111112   48.70266  -45.59196    34.8771    34.8935     3.8461     3.8458    27.7045    27.7176    6.22880    6.36890         19 0.0000e+00
      45762   1906.700    544.000     3.8854   3.259416     3.8851   3.260754      95.56     0.0087     2.7887     2.4902  1.9513779  1.1111112   48.70266  -45.59197    34.8772    34.8934     3.8462     3.8459    27.7046    27.7175    6.23381    6.36940         17 0.0000e+00
      45778   1907.386    543.000     3.8855   3.259382     3.8851   3.260723      95.75     0.0075     2.7895     2.4910  1.9510124  1.1111112   48.70266  -45.59198    34.8772    34.8936     3.8464     3.8460    27.7046    27.7176    6.23952    6.37522         16 0.0000e+00
      45795   1908.080    542.000     3.8857   3.259352     3.8855   3.260707      95.74     0.0087     2.7905     2.4916  1.9510877  1.1111112   48.70266  -45.59196    34.8771    34.8935     3.8468     3.8465    27.7045    27.7175    6.23915    6.37605         17 0.0000e+00
      45814   1908.859    541.000     3.8862   3.259349     3.8859   3.260702      95.75     0.0120     2.7908     2.4921  1.9505316  1.1111112   48.70266  -45.59197    34.8771    34.8935     3.8473     3.8470    27.7044    27.7175    6.24223    6.37484         21 0.0000e+00
      45836   1909.797    540.000     3.8866   3.259346     3.8865   3.260700      95.70     0.0128     2.7918     2.4928  1.9506490  1.1111112   48.70266  -45.59198    34.8772    34.8934     3.8478     3.8476    27.7044    27.7174    6.24420    6.37693         24 0.0000e+00
      45861   1910.817    539.000     3.8873   3.259362     3.8872   3.260722      95.76     0.0141     2.7928     2.4935  1.9502473  1.1111112   48.70267  -45.59198    34.8772    34.8934     3.8485     3.8484    27.7043    27.7173    6.24446    6.37333         23 0.0000e+00
      45881   1911.677    538.000     3.8883   3.259395     3.8882   3.260761      95.75     0.0141     2.7935     2.4938  1.9520817  1.1112412   48.70268  -45.59198    34.8771    34.8934     3.8496     3.8495    27.7041    27.7171    6.24792    6.37545         19 0.0000e+00
      45899   1912.399    537.000     3.8889   3.259397     3.8885   3.260735      95.75     0.0089     2.7945     2.4943  1.9536091  1.1115706   48.70268  -45.59198    34.8770    34.8933     3.8503     3.8498    27.7040    27.7170    6.25021    6.37550         16 0.0000e+00
      45915   1913.073    536.000     3.8881   3.259260     3.8877   3.260598      80.58     0.0081     2.7952     2.4946  1.9533898  1.1117547   48.70268  -45.59198    34.8767    34.8930     3.8495     3.8492    27.7039    27.7168    6.24706    6.37446         17 0.0000e+00
