data/CTD/2013/CNV/U021A031.CNV
* Sea-Bird SBE 9 Data File:
* FileName = C:\CTD_ACQUISITION\2013021HUD\ctddata\021A031.hdr
* Software Version Seasave V 7.22.2
* Temperature SN = 5081
* Conductivity SN = 3561
* Number of Bytes Per Scan = 37
* Number of Voltage Words = 4
* Number of Scans Averaged by the Deck Unit = 1
* NMEA Latitude = 48 06.04 N
* NMEA Longitude = 046 18.73 W
* NMEA UTC (Time) = Jul 03 2013 05:51:30
* NMEA baud rate = 9600
** Ship: Hudson
** Cruise: HUD2013021
** Chief_Scientist: Greenan
** Organization: BIO
** Area_of_Operation: Sackville Spur
** Station: 31
** Sounding:  1179
** Event_Comments: SS15  393147
# nquan = 25
# nvalues = 1164                        
# units = specified
# name 0 = scan: Scan Count
# name 1 = timeS: Time, Elapsed [seconds]
# name 2 = prDM: Pressure, Digiquartz [db]
# name 3 = t068C: Temperature [ITS-68, deg C]
# name 4 = c0S/m: Conductivity [S/m]
# name 5 = t168C: Temperature, 2 [ITS-68, deg C]
# name 6 = c1S/m: Conductivity, 2 [S/m]
# name 7 = altM: Altimeter [m]
# name 8 = flCUVA: Fluorescence, Chelsea UV Aquatracka [ug/l]
# name 9 = sbeox0V: Oxygen raw, SBE 43 [V]
# name 10 = sbeox1V: Oxygen raw, SBE 43, 2 [V]
# name 11 = upoly0: Upoly 0, Optode 4330F - O2 D-Phase
# name 12 = upoly1: Upoly 1, Optode 4330F - O2 Temp
# name 13 = latitude: Latitude [deg]
# name 14 = longitude: Longitude [deg]
# name 15 = sal00: Salinity, Practical [PSU]
# name 16 = sal11: Salinity, Practical, 2 [PSU]
# name 17 = potemp068C: Potential Temperature [ITS-68, deg C]
# name 18 = potemp168C: Potential Temperature, 2 [ITS-68, deg C]
# name 19 = sigma-é00: Density [sigma-theta, Kg/m^3]
# name 20 = sigma-é11: Density, 2 [sigma-theta, Kg/m^3]
# name 21 = sbeox0ML/L: Oxygen, SBE 43 [ml/l], WS = 2
# name 22 = sbeox1ML/L: Oxygen, SBE 43, 2 [ml/l], WS = 2
# name 23 = nbin: number of scans per bin
# name 24 = flag: flag
# span 0 =      39950,      72019       
# span 1 =   1664.551,   3000.749       
# span 2 =      1.000,   1164.000       
# span 3 =     0.6082,     6.2039       
# span 4 =   2.857736,   3.277677       
# span 5 =     0.6084,     6.2016       
# span 6 =   2.858770,   3.279025       
# span 7 =       2.72,     101.54       
# span 8 =     0.0037,     0.3072       
# span 9 =     2.5132,     3.4089       
# span 10 =     2.2582,     3.0473      
# span 11 =  1.7277797,  2.0316876      
# span 12 =  0.7252041,  1.4034094      
# span 13 =   48.10064,   48.10162      
# span 14 =  -46.31454,  -46.31354      
# span 15 =    32.8863,    34.9132      
# span 16 =    32.9021,    34.9298      
# span 17 =     0.6062,     6.2037      
# span 18 =     0.6064,     6.2015      
# span 19 =    25.8581,    27.7543      
# span 20 =    25.8704,    27.7675      
# span 21 =    5.90068,    8.06898      
# span 22 =    6.08203,    8.26277      
# span 23 =          8,        340      
# span 24 = 0.0000e+00, 0.0000e+00      
# interval = decibars: 1                
# start_time = Jul 03 2013 05:51:30 [NMEA time, header]
# bad_flag = -9.990e-29
*END*
[from data line 870]
      62984   2624.302    294.000     3.7499   3.228067     3.7499   3.229373      27.99     0.0119     2.8715     2.5622  1.9404372  1.0952263   48.10142  -46.31366    34.7813    34.7969     3.7297     3.7297    27.6401    27.6525    6.27296    6.40979         30 0.0000e+00
      63009   2625.351    293.000     3.7513   3.227960     3.7513   3.229255      97.16     0.0159     2.8710     2.5628  1.9411122  1.0952381   48.10142  -46.31366    34.7790    34.7945     3.7311     3.7311    27.6381    27.6505    6.28014    6.41894         21 0.0000e+00
      63028   2626.114    292.000     3.7529   3.227913     3.7529   3.229245      95.93     0.0162     2.8706     2.5633  1.9407774  1.0952381   48.10142  -46.31366    34.7773    34.7932     3.7328     3.7328    27.6366    27.6493    6.28012    6.40838         16 0.0000e+00
      63043   2626.735    291.000     3.7533   3.227855     3.7533   3.229196      73.97     0.0166     2.8711     2.5630  1.9433326  1.0962938   48.10141  -46.31365    34.7767    34.7927     3.7333     3.7333    27.6360    27.6488    6.27769    6.39574         14 0.0000e+00
      63056   2627.304    290.000     3.7540   3.227841     3.7542   3.229203      13.41     0.0157     2.8702     2.5620  1.9438267  1.0964568   48.10140  -46.31364    34.7764    34.7925     3.7340     3.7342    27.6357    27.6485    6.27294    6.39200         14 0.0000e+00
      63070   2627.880    289.000     3.7551   3.227870     3.7558   3.229273      86.98     0.0152     2.8701     2.5617  1.9437491  1.0964592   48.10140  -46.31364    34.7761    34.7921     3.7352     3.7359    27.6354    27.6481    6.27798    6.39364         14 0.0000e+00
      63086   2628.525    288.000     3.7541   3.227683     3.7517   3.228770      49.36     0.0175     2.8703     2.5613  1.9424328  1.0964592   48.10139  -46.31364    34.7755    34.7910     3.7343     3.7319    27.6350    27.6476    6.28888    6.39312         17 0.0000e+00
      63105   2629.342    287.000     3.7508   3.227294     3.7406   3.227527      94.16     0.0189     2.8715     2.5610  1.9414831  1.0964592   48.10138  -46.31364    34.7749    34.7884     3.7310     3.7209    27.6348    27.6467    6.28565    6.39452         23 0.0000e+00
      63137   2630.653    286.000     3.7456   3.226662     3.7379   3.227188      65.09     0.0169     2.8709     2.5605  1.9429971  1.0964592   48.10138  -46.31362    34.7733    34.7878     3.7260     3.7183    27.6341    27.6464    6.27772    6.39933         44 0.0000e+00
      63225   2634.323    285.000     3.7377   3.225916     3.7387   3.227269      84.28     0.0144     2.8747     2.5661  1.9441170  1.0949787   48.10139  -46.31362    34.7735    34.7885     3.7180     3.7191    27.6350    27.6469    6.31893    6.45127         72 0.0000e+00
      63247   2635.239    284.000     3.7413   3.226110     3.7370   3.226977      96.44     0.0207     2.8770     2.5680  1.9438339  1.0939946   48.10142  -46.31364    34.7724    34.7873     3.7218     3.7175    27.6338    27.6461    6.30134    6.42138         13 0.0000e+00
      63258   2635.723    283.000     3.7420   3.226193     3.7336   3.226620      82.39     0.0199     2.8770     2.5678  1.9439481  1.0940171   48.10142  -46.31363    34.7732    34.7872     3.7226     3.7142    27.6344    27.6463    6.29337    6.41443         11 0.0000e+00
      63268   2636.138    282.000     3.7212   3.223793     3.7068   3.223666       2.72     0.0183     2.8768     2.5674  1.9438305  1.0940171   48.10142  -46.31362    34.7672    34.7810     3.7019     3.6875    27.6317    27.6441    6.29333    6.41895          9 0.0000e+00
      63277   2636.520    281.000     3.6971   3.220772     3.6864   3.221450      29.49     0.0200     2.8761     2.5675  1.9444050  1.0934460   48.10142  -46.31362    34.7572    34.7767     3.6779     3.6672    27.6261    27.6427    6.29491    6.42413          9 0.0000e+00
      63286   2636.888    280.000     3.6793   3.219026     3.6706   3.219728      98.69     0.0218     2.8774     2.5675  1.9450778  1.0922123   48.10142  -46.31362    34.7558    34.7734     3.6602     3.6516    27.6268    27.6416    6.30275    6.42738          9 0.0000e+00
      63296   2637.279    279.000     3.6654   3.217704     3.6591   3.218442      96.12     0.0181     2.8761     2.5674  1.9449303  1.0924335   48.10142  -46.31362    34.7553    34.7708     3.6464     3.6401    27.6278    27.6408    6.30088    6.42883         10 0.0000e+00
      63306   2637.702    278.000     3.6574   3.216830     3.6538   3.217839      96.14     0.0163     2.8764     2.5673  1.9449437  1.0922440   48.10141  -46.31362    34.7538    34.7697     3.6386     3.6350    27.6274    27.6404    6.30332    6.42736         11 0.0000e+00
      63318   2638.214    277.000     3.6544   3.216466     3.6515   3.217536      96.15     0.0154     2.8766     2.5676  1.9449670  1.0921872   48.10140  -46.31362    34.7532    34.7691     3.6356     3.6327    27.6272    27.6401    6.31063    6.42856         14 0.0000e+00
      63384   2640.969    276.000     3.6639   3.217483     3.6689   3.219357      78.43     0.0145     2.8778     2.5669  1.9448905  1.0875636   48.10139  -46.31361    34.7558    34.7730     3.6452     3.6505    27.6283    27.6415    6.30635    6.42149         92 0.0000e+00
      63461   2644.179    275.000     3.6709   3.218150     3.6729   3.219711      15.10     0.0183     2.8769     2.5682  1.9450574  1.0835292   48.10140  -46.31362    34.7569    34.7734     3.6522     3.6542    27.6285    27.6414    6.29477    6.43993         15 0.0000e+00
      63474   2644.722    274.000     3.6701   3.218018     3.6753   3.219938      71.79     0.0181     2.8773     2.5686  1.9450549  1.0831109   48.10139  -46.31362    34.7567    34.7742     3.6515     3.6567    27.6284    27.6418    6.29626    6.43401         13 0.0000e+00
      63487   2645.261    273.000     3.6623   3.217179     3.6694   3.219261      81.30     0.0201     2.8769     2.5690  1.9450549  1.0830261   48.10138  -46.31362    34.7556    34.7729     3.6437     3.6509    27.6282    27.6413    6.30006    6.43006         13 0.0000e+00
      63500   2645.802    272.000     3.6537   3.216246     3.6609   3.218320      84.62     0.0194     2.8768     2.5690  1.9450549  1.0830281   48.10139  -46.31362    34.7540    34.7712     3.6353     3.6424    27.6278    27.6408    6.30108    6.42755         13 0.0000e+00
      63515   2646.430    271.000     3.6545   3.216213     3.6514   3.217236      95.63     0.0170     2.8772     2.5690  1.9450549  1.0838896   48.10140  -46.31362    34.7534    34.7689     3.6361     3.6331    27.6272    27.6399    6.30569    6.42440         19 0.0000e+00
      63537   2647.341    270.000     3.6357   3.214237     3.6242   3.214314      28.53     0.0187     2.8775     2.5685  1.9450549  1.0854300   48.10140  -46.31360    34.7502    34.7633     3.6175     3.6060    27.6266    27.6382    6.30479    6.42491         23 0.0000e+00
      63561   2648.347    269.000     3.6415   3.214801     3.6167   3.213391      90.65     0.0189     2.8770     2.5682  1.9445690  1.0844940   48.10138  -46.31360    34.7514    34.7609     3.6233     3.5985    27.6269    27.6370    6.29654    6.42336         30 0.0000e+00
      63607   2650.265    268.000     3.6383   3.214292     3.6227   3.213929      60.99     0.0207     2.8768     2.5667  1.9435639  1.0825158   48.10138  -46.31360    34.7492    34.7614     3.6201     3.6046    27.6255    27.6368    6.30568    6.41507         49 0.0000e+00
      63640   2651.631    267.000     3.6267   3.213035     3.6135   3.212935      97.06     0.0205     2.8781     2.5664  1.9432371  1.0818336   48.10138  -46.31360    34.7470    34.7599     3.6087     3.5955    27.6249    27.6365    6.31637    6.42698         23 0.0000e+00
      63660   2652.465    266.000     3.6074   3.210972     3.5950   3.210891      96.14     0.0205     2.8785     2.5670  1.9429965  1.0814180   48.10138  -46.31360    34.7433    34.7556     3.5895     3.5771    27.6239    27.6349    6.31129    6.44097         19 0.0000e+00
      63679   2653.247    265.000     3.5875   3.208575     3.5802   3.209158      13.81     0.0187     2.8787     2.5680  1.9417185  1.0805894   48.10138  -46.31360    34.7363    34.7512     3.5697     3.5624    27.6203    27.6328    6.31252    6.44590         19 0.0000e+00
      63700   2654.124    264.000     3.5748   3.207089     3.5703   3.207971      93.51     0.0144     2.8788     2.5688  1.9427397  1.0805861   48.10138  -46.31360    34.7325    34.7479     3.5571     3.5526    27.6185    27.6312    6.32302    6.44202         24 0.0000e+00
      63727   2655.263    263.000     3.5680   3.206315     3.5664   3.207461      46.39     0.0185     2.8799     2.5689  1.9449974  1.0805861   48.10138  -46.31362    34.7310    34.7466     3.5504     3.5487    27.6180    27.6305    6.32552    6.43745         31 0.0000e+00
      63759   2656.600    262.000     3.5646   3.205910     3.5649   3.207245      97.24     0.0166     2.8800     2.5687  1.9443843  1.0792868   48.10137  -46.31360    34.7303    34.7461     3.5471     3.5474    27.6177    27.6302    6.31393    6.42810         30 0.0000e+00
      63784   2657.621    261.000     3.5638   3.205715     3.5624   3.206923      79.49     0.0146     2.8799     2.5680  1.9438249  1.0781254   48.10136  -46.31360    34.7294    34.7454     3.5464     3.5449    27.6170    27.6299    6.31587    6.41937         20 0.0000e+00
      63802   2658.370    260.000     3.5600   3.205190     3.5568   3.206224      22.53     0.0127     2.8798     2.5670  1.9441906  1.0781441   48.10136  -46.31360    34.7278    34.7435     3.5426     3.5394    27.6161    27.6290    6.31514    6.41718         17 0.0000e+00
      63818   2659.058    259.000     3.5524   3.204263     3.5503   3.205432      70.26     0.0120     2.8798     2.5664  1.9450495  1.0781441   48.10136  -46.31360    34.7252    34.7415     3.5351     3.5330    27.6148    27.6280    6.32283    6.41797         16 0.0000e+00
      63836   2659.771    258.000     3.5455   3.203447     3.5440   3.204639      63.77     0.0097     2.8804     2.5659  1.9450549  1.0781441   48.10136  -46.31360    34.7233    34.7392     3.5283     3.5268    27.6140    27.6268    6.32851    6.42298         18 0.0000e+00
      63856   2660.627    257.000     3.5405   3.202835     3.5380   3.203892      95.34     0.0115     2.8812     2.5662  1.9472444  1.0767010   48.10136  -46.31359    34.7218    34.7372     3.5234     3.5209    27.6133    27.6258    6.32714    6.43051         24 0.0000e+00
      63883   2661.747    256.000     3.5382   3.202515     3.5348   3.203463      96.17     0.0156     2.8810     2.5663  1.9486878  1.0757226   48.10137  -46.31357    34.7210    34.7360     3.5211     3.5177    27.6128    27.6251    6.32283    6.43172         30 0.0000e+00
      63917   2663.181    255.000     3.5343   3.202023     3.5309   3.202953      56.06     0.0193     2.8818     2.5672  1.9453708  1.0735219   48.10138  -46.31356    34.7197    34.7345     3.5173     3.5146    27.6122    27.6243    6.32546    6.44037         39 0.0000e+00
      63957   2664.844    254.000     3.5284   3.201342     3.5269   3.202446      89.02     0.0221     2.8814     2.5683  1.9450432  1.0732498   48.10137  -46.31357    34.7184    34.7331     3.5114     3.5100    27.6118    27.6236    6.31949    6.43701         36 0.0000e+00
      63985   2666.007    253.000     3.5237   3.200619     3.5213   3.201660      14.11     0.0184     2.8818     2.5684  1.9450549  1.0732601   48.10136  -46.31358    34.7153    34.7303     3.5068     3.5045    27.6097    27.6219    6.32631    6.43583         22 0.0000e+00
      64006   2666.862    252.000     3.5181   3.199817     3.5179   3.201134      79.46     0.0190     2.8815     2.5684  1.9451213  1.0723965   48.10136  -46.31358    34.7121    34.7281     3.5013     3.5012    27.6077    27.6205    6.32211    6.43737         19 0.0000e+00
      64023   2667.589    251.000     3.5153   3.199373     3.5146   3.200657      88.03     0.0170     2.8817     2.5689  1.9450544  1.0726875   48.10136  -46.31358    34.7104    34.7265     3.4986     3.4980    27.6066    27.6195    6.32680    6.43906         17 0.0000e+00
      64040   2668.288    250.000     3.5133   3.199074     3.5122   3.200307       9.89     0.0191     2.8822     2.5689  1.9451264  1.0723996   48.10136  -46.31356    34.7094    34.7254     3.4967     3.4956    27.6060    27.6189    6.32453    6.43439         17 0.0000e+00
      64058   2669.061    249.000     3.5112   3.198767     3.5104   3.200035      93.87     0.0163     2.8817     2.5688  1.9450569  1.0708631   48.10138  -46.31355    34.7085    34.7245     3.4946     3.4939    27.6055    27.6183    6.31944    6.43467         21 0.0000e+00
      64084   2670.108    248.000     3.5096   3.198534     3.5083   3.199721      96.16     0.0179     2.8818     2.5689  1.9450549  1.0705945   48.10138  -46.31354    34.7079    34.7236     3.4931     3.4918    27.6052    27.6178    6.31962    6.43772         31 0.0000e+00
      64119   2671.563    247.000     3.5068   3.198227     3.5052   3.199336      21.29     0.0156     2.8810     2.5693  1.9458326  1.0695664   48.10138  -46.31354    34.7078    34.7228     3.4904     3.4888    27.6053    27.6174    6.30552    6.42882         34 0.0000e+00
      64147   2672.752    246.000     3.5044   3.197829     3.5003   3.198728      96.33     0.0185     2.8781     2.5672  1.9443682  1.0695971   48.10138  -46.31354    34.7061    34.7212     3.4881     3.4840    27.6042    27.6167    6.25848    6.37445         25 0.0000e+00
      64171   2673.734    245.000     3.4978   3.196994     3.4940   3.197897      96.16     0.0177     2.8723     2.5608  1.9438425  1.0695971   48.10138  -46.31354    34.7036    34.7185     3.4816     3.4778    27.6028    27.6151    6.21353    6.31506         23 0.0000e+00
      64200   2674.939    244.000     3.4919   3.196249     3.4887   3.197221      96.14     0.0182     2.8625     2.5510  1.9447851  1.0695971   48.10137  -46.31355    34.7014    34.7165     3.4758     3.4725    27.6017    27.6140    6.16828    6.27953         36 0.0000e+00
      64236   2676.442    243.000     3.4859   3.195503     3.4862   3.196906      43.54     0.0166     2.8496     2.5402  1.9451809  1.0690849   48.10136  -46.31355    34.6994    34.7160     3.4698     3.4701    27.6007    27.6139    6.14148    6.26637         32 0.0000e+00
      64263   2677.580    242.000     3.4839   3.195014     3.4839   3.196367      77.10     0.0206     2.8422     2.5339  1.9453254  1.0682421   48.10136  -46.31356    34.6963    34.7125     3.4679     3.4679    27.5983    27.6113    6.15165    6.26725         23 0.0000e+00
      64284   2678.451    241.000     3.4908   3.195510     3.4930   3.197050      67.12     0.0207     2.8387     2.5306  1.9462287  1.0677577   48.10136  -46.31356    34.6954    34.7116     3.4749     3.4771    27.5970    27.6096    6.15558    6.26970         20 0.0000e+00
      64304   2679.284    240.000     3.4963   3.195950     3.4981   3.197453       4.99     0.0196     2.8360     2.5280  1.9482919  1.0671606   48.10136  -46.31356    34.6954    34.7115     3.4804     3.4822    27.5964    27.6091    6.15377    6.26518         21 0.0000e+00
      64325   2680.172    239.000     3.4985   3.196066     3.4986   3.197412      87.20     0.0211     2.8336     2.5254  1.9483291  1.0669914   48.10136  -46.31358    34.6949    34.7111     3.4827     3.4828    27.5959    27.6087    6.15061    6.24824         22 0.0000e+00
      64349   2681.170    238.000     3.4968   3.195820     3.4960   3.197077      96.19     0.0181     2.8307     2.5216  1.9492093  1.0659305   48.10135  -46.31358    34.6944    34.7103     3.4810     3.4803    27.5956    27.6083    6.13120    6.23764         25 0.0000e+00
