data/CTD/2013/CNV/U021A036.CNV
* Sea-Bird SBE 9 Data File:
* FileName = C:\CTD_ACQUISITION\2013021HUD\ctddata\021A036.hdr
* Software Version Seasave V 7.22.2
* Temperature SN = 5081
* Conductivity SN = 3561
* Number of Bytes Per Scan = 37
* Number of Voltage Words = 4
* Number of Scans Averaged by the Deck Unit = 1
* NMEA Latitude = 48 18.49 N
* NMEA Longitude = 046 32.56 W
* NMEA UTC (Time) = Jul 03 2013 17:07:39
* NMEA baud rate = 9600
** Ship: Hudson
** Cruise: HUD2013021
** Chief_Scientist: Greenan
** Organization: BIO
** Area_of_Operation: Sackville Spur
** Station: 36
** Sounding:  1047
** Event_Comments: SS11  393172
# nquan = 25
# nvalues = 1048                        
# units = specified
# name 0 = scan: Scan Count
# name 1 = timeS: Time, Elapsed [seconds]
# name 2 = prDM: Pressure, Digiquartz [db]
# name 3 = t068C: Temperature [ITS-68, deg C]
# name 4 = c0S/m: Conductivity [S/m]
# name 5 = t168C: Temperature, 2 [ITS-68, deg C]
# name 6 = c1S/m: Conductivity, 2 [S/m]
# name 7 = altM: Altimeter [m]
# name 8 = flCUVA: Fluorescence, Chelsea UV Aquatracka [ug/l]
# name 9 = sbeox0V: Oxygen raw, SBE 43 [V]
# name 10 = sbeox1V: Oxygen raw, SBE 43, 2 [V]
# name 11 = upoly0: Upoly 0, Optode 4330F - O2 D-Phase
# name 12 = upoly1: Upoly 1, Optode 4330F - O2 Temp
# name 13 = latitude: Latitude [deg]
# name 14 = longitude: Longitude [deg]
# name 15 = sal00: Salinity, Practical [PSU]
# name 16 = sal11: Salinity, Practical, 2 [PSU]
# name 17 = potemp068C: Potential Temperature [ITS-68, deg C]
# name 18 = potemp168C: Potential Temperature, 2 [ITS-68, deg C]
# name 19 = sigma-é00: Density [sigma-theta, Kg/m^3]
# name 20 = sigma-é11: Density, 2 [sigma-theta, Kg/m^3]
# name 21 = sbeox0ML/L: Oxygen, SBE 43 [ml/l], WS = 2
# name 22 = sbeox1ML/L: Oxygen, SBE 43, 2 [ml/l], WS = 2
# name 23 = nbin: number of scans per bin
# name 24 = flag: flag
# span 0 =      34922,      59827       
# span 1 =   1455.046,   2492.759       
# span 2 =      1.000,   1048.000       
# span 3 =    -0.0996,     5.7054       
# span 4 =   2.763475,   3.284784       
# span 5 =    -0.1004,     5.6916       
# span 6 =   2.764557,   3.286156       
# span 7 =       2.82,     102.02       
# span 8 =     0.0065,     0.3179       
# span 9 =     2.5815,     3.3905       
# span 10 =     2.3206,     3.0411      
# span 11 =  1.7340245,  2.0170945      
# span 12 =  0.6337084,  1.3439540      
# span 13 =   48.30644,   48.30690      
# span 14 =  -46.54056,  -46.53926      
# span 15 =    32.6294,    34.9063      
# span 16 =    32.6454,    34.9226      
# span 17 =    -0.1008,     5.7050      
# span 18 =    -0.1017,     5.6913      
# span 19 =    25.7200,    27.7342      
# span 20 =    25.7335,    27.7473      
# span 21 =    5.98864,    8.25598      
# span 22 =    6.18382,    8.39716      
# span 23 =         11,        480      
# span 24 = 0.0000e+00, 0.0000e+00      
# interval = decibars: 1                
# start_time = Jul 03 2013 17:07:39 [NMEA time, header]
# bad_flag = -9.990e-29
*END*
[from data line 406]
      45053   1877.182    642.000     3.9540   3.270208     3.9531   3.271488      87.43     0.0156     2.7566     2.4597  1.9565741  1.1214883   48.30666  -46.54004    34.8810    34.8970     3.9070     3.9061    27.7013    27.7142    6.21846    6.34612         42 0.0000e+00
      45094   1878.866    641.000     3.9536   3.270117     3.9529   3.271406      85.64     0.0140     2.7590     2.4616  1.9587193  1.1208246   48.30666  -46.54004    34.8807    34.8968     3.9067     3.9060    27.7012    27.7140    6.22282    6.35749         28 0.0000e+00
      45114   1879.692    640.000     3.9533   3.270012     3.9523   3.271280      95.38     0.0156     2.7602     2.4629  1.9584848  1.1208792   48.30666  -46.54004    34.8804    34.8965     3.9065     3.9054    27.7009    27.7138    6.22270    6.36492         17 0.0000e+00
      45129   1880.334    639.000     3.9513   3.269760     3.9504   3.271048      95.85     0.0165     2.7610     2.4640  1.9574273  1.1208792   48.30666  -46.54004    34.8800    34.8963     3.9046     3.9036    27.7008    27.7138    6.22053    6.36879         15 0.0000e+00
      45143   1880.925    638.000     3.9478   3.269327     3.9468   3.270618      81.19     0.0143     2.7609     2.4650  1.9572682  1.1208792   48.30666  -46.54004    34.8791    34.8955     3.9012     3.9001    27.7004    27.7136    6.21772    6.36829         14 0.0000e+00
      45157   1881.520    637.000     3.9432   3.268785     3.9413   3.269960      79.32     0.0145     2.7616     2.4659  1.9571079  1.1208792   48.30666  -46.54004    34.8782    34.8941     3.8966     3.8947    27.7001    27.7130    6.22471    6.36352         15 0.0000e+00
      45174   1882.212    636.000     3.9385   3.268224     3.9367   3.269419      94.45     0.0153     2.7624     2.4661  1.9580468  1.1208792   48.30666  -46.54004    34.8770    34.8930     3.8920     3.8902    27.6997    27.7126    6.22419    6.35923         19 0.0000e+00
      45201   1883.314    635.000     3.9370   3.268013     3.9348   3.269154      80.82     0.0154     2.7626     2.4670  1.9584651  1.1208792   48.30666  -46.54004    34.8766    34.8925     3.8906     3.8884    27.6995    27.7124    6.22036    6.36677         35 0.0000e+00
      45235   1884.762    634.000     3.9367   3.267941     3.9353   3.269165      58.53     0.0122     2.7634     2.4684  1.9559507  1.1195885   48.30666  -46.54004    34.8766    34.8925     3.8904     3.8890    27.6995    27.7123    6.22097    6.36733         28 0.0000e+00
      45257   1885.665    633.000     3.9369   3.267890     3.9340   3.268957      96.05     0.0125     2.7635     2.4687  1.9560441  1.1196581   48.30666  -46.54004    34.8763    34.8920     3.8907     3.8878    27.6993    27.7120    6.21928    6.36565         19 0.0000e+00
      45276   1886.462    632.000     3.9340   3.267546     3.9329   3.268780      96.15     0.0146     2.7638     2.4694  1.9559149  1.1195290   48.30666  -46.54004    34.8758    34.8916     3.8879     3.8868    27.6992    27.7118    6.21843    6.36915         19 0.0000e+00
      45297   1887.317    631.000     3.9316   3.267204     3.9301   3.268428      69.48     0.0148     2.7638     2.4698  1.9560416  1.1195515   48.30666  -46.54004    34.8748    34.8909     3.8856     3.8841    27.6986    27.7116    6.22193    6.36476         23 0.0000e+00
      45323   1888.400    630.000     3.9284   3.266784     3.9277   3.268103      95.46     0.0153     2.7648     2.4699  1.9563340  1.1195736   48.30666  -46.54004    34.8738    34.8902     3.8824     3.8817    27.6981    27.7112    6.23071    6.36422         29 0.0000e+00
      45352   1889.613    629.000     3.9266   3.266521     3.9266   3.267933      89.28     0.0100     2.7655     2.4702  1.9561292  1.1196603   48.30666  -46.54003    34.8730    34.8897     3.8808     3.8808    27.6977    27.7110    6.22226    6.35519         27 0.0000e+00
      45375   1890.584    628.000     3.9262   3.266391     3.9258   3.267733      80.88     0.0108     2.7659     2.4695  1.9561021  1.1192509   48.30666  -46.54002    34.8724    34.8888     3.8804     3.8800    27.6972    27.7104    6.22353    6.35484         21 0.0000e+00
      45394   1891.395    627.000     3.9258   3.266263     3.9253   3.267584      95.95     0.0145     2.7656     2.4695  1.9559085  1.1192511   48.30666  -46.54002    34.8719    34.8880     3.8801     3.8796    27.6969    27.7098    6.22186    6.36380         18 0.0000e+00
      45413   1892.154    626.000     3.9255   3.266167     3.9252   3.267502      96.15     0.0178     2.7660     2.4701  1.9560417  1.1195250   48.30666  -46.54002    34.8716    34.8877     3.8799     3.8796    27.6967    27.7095    6.22438    6.37085         19 0.0000e+00
      45432   1892.963    625.000     3.9255   3.266093     3.9251   3.267434      79.31     0.0183     2.7665     2.4711  1.9560440  1.1196556   48.30667  -46.54002    34.8713    34.8875     3.8799     3.8796    27.6964    27.7094    6.22761    6.37320         20 0.0000e+00
      45454   1893.889    624.000     3.9255   3.266019     3.9251   3.267371      90.74     0.0173     2.7667     2.4717  1.9560440  1.1193045   48.30668  -46.54002    34.8709    34.8874     3.8800     3.8796    27.6961    27.7092    6.22181    6.36881         24 0.0000e+00
      45477   1894.828    623.000     3.9256   3.265963     3.9252   3.267306      96.12     0.0181     2.7670     2.4720  1.9559283  1.1184417   48.30668  -46.54002    34.8707    34.8870     3.8802     3.8798    27.6959    27.7089    6.22141    6.36871         21 0.0000e+00
      45496   1895.640    622.000     3.9256   3.265915     3.9253   3.267252      92.69     0.0175     2.7669     2.4725  1.9561105  1.1184372   48.30668  -46.54002    34.8706    34.8868     3.8803     3.8800    27.6958    27.7087    6.22347    6.36684         18 0.0000e+00
      45514   1896.376    621.000     3.9257   3.265856     3.9252   3.267200      72.16     0.0130     2.7672     2.4725  1.9538872  1.1184372   48.30668  -46.54002    34.8704    34.8868     3.8804     3.8800    27.6956    27.7087    6.23226    6.36264         17 0.0000e+00
      45532   1897.117    620.000     3.9256   3.265807     3.9252   3.267143      95.80     0.0100     2.7684     2.4725  1.9539229  1.1184372   48.30668  -46.54002    34.8704    34.8867     3.8804     3.8800    27.6956    27.7086    6.23395    6.36265         19 0.0000e+00
      45552   1897.966    619.000     3.9255   3.265758     3.9251   3.267097      57.19     0.0090     2.7690     2.4727  1.9540737  1.1184372   48.30668  -46.54002    34.8705    34.8867     3.8804     3.8800    27.6957    27.7087    6.23367    6.36618         23 0.0000e+00
      45582   1899.223    618.000     3.9254   3.265702     3.9251   3.267045      78.81     0.0118     2.7699     2.4731  1.9546403  1.1184063   48.30668  -46.54002    34.8704    34.8866     3.8804     3.8801    27.6957    27.7086    6.23099    6.36194         38 0.0000e+00
      45619   1900.743    617.000     3.9256   3.265653     3.9252   3.267004      87.88     0.0151     2.7705     2.4728  1.9543432  1.1182169   48.30668  -46.54002    34.8701    34.8865     3.8807     3.8803    27.6954    27.7085    6.23213    6.35931         29 0.0000e+00
      45641   1901.678    616.000     3.9256   3.265601     3.9252   3.266945      84.12     0.0164     2.7709     2.4731  1.9541132  1.1181146   48.30668  -46.54001    34.8700    34.8864     3.8808     3.8804    27.6953    27.7084    6.22476    6.36548         19 0.0000e+00
      45658   1902.378    615.000     3.9255   3.265540     3.9252   3.266898      96.15     0.0148     2.7704     2.4733  1.9548258  1.1172124   48.30668  -46.54000    34.8700    34.8863     3.8807     3.8804    27.6953    27.7083    6.22450    6.36636         15 0.0000e+00
      45673   1903.000    614.000     3.9263   3.265565     3.9263   3.266937      96.15     0.0156     2.7712     2.4737  1.9548229  1.1172161   48.30668  -46.54000    34.8699    34.8862     3.8816     3.8816    27.6951    27.7081    6.22723    6.36639         15 0.0000e+00
      45688   1903.621    613.000     3.9279   3.265653     3.9280   3.267047      85.94     0.0170     2.7704     2.4739  1.9548229  1.1172161   48.30668  -46.54000    34.8698    34.8862     3.8832     3.8834    27.6949    27.7079    6.22643    6.36426         15 0.0000e+00
      45705   1904.352    612.000     3.9289   3.265708     3.9291   3.267102      35.56     0.0157     2.7713     2.4742  1.9544287  1.1172161   48.30668  -46.54000    34.8699    34.8862     3.8843     3.8845    27.6948    27.7078    6.22186    6.36055         21 0.0000e+00
      45737   1905.647    611.000     3.9291   3.265693     3.9292   3.267066      91.40     0.0159     2.7706     2.4741  1.9540684  1.1172161   48.30668  -46.54000    34.8700    34.8862     3.8846     3.8847    27.6949    27.7077    6.21574    6.35902         44 0.0000e+00
      45776   1907.278    610.000     3.9292   3.265645     3.9290   3.266992      75.04     0.0167     2.7700     2.4745  1.9535744  1.1172161   48.30668  -46.54000    34.8699    34.8861     3.8848     3.8846    27.6948    27.7077    6.21454    6.36652         26 0.0000e+00
      45796   1908.124    609.000     3.9298   3.265647     3.9297   3.266992      96.12     0.0157     2.7697     2.4751  1.9528959  1.1171520   48.30668  -46.53998    34.8698    34.8859     3.8855     3.8853    27.6947    27.7075    6.21597    6.36885         19 0.0000e+00
      45814   1908.872    608.000     3.9303   3.265647     3.9303   3.267009      96.15     0.0184     2.7703     2.4755  1.9523826  1.1170012   48.30668  -46.53998    34.8698    34.8859     3.8860     3.8861    27.6946    27.7074    6.21768    6.36052         17 0.0000e+00
      45832   1909.621    607.000     3.9308   3.265650     3.9308   3.267020      92.63     0.0193     2.7696     2.4751  1.9523809  1.1170871   48.30667  -46.53998    34.8699    34.8861     3.8866     3.8866    27.6946    27.7075    6.21303    6.35411         19 0.0000e+00
      45852   1910.476    606.000     3.9312   3.265645     3.9310   3.266996      77.65     0.0170     2.7701     2.4750  1.9537241  1.1172127   48.30666  -46.53998    34.8699    34.8861     3.8871     3.8869    27.6946    27.7075    6.22375    6.35640         23 0.0000e+00
      45877   1911.484    605.000     3.9314   3.265625     3.9311   3.266957      96.25     0.0142     2.7709     2.4753  1.9538568  1.1172161   48.30666  -46.53998    34.8699    34.8861     3.8874     3.8870    27.6945    27.7074    6.22705    6.36757         24 0.0000e+00
      45900   1912.462    604.000     3.9315   3.265574     3.9311   3.266915      95.33     0.0160     2.7724     2.4762  1.9515238  1.1172161   48.30668  -46.53998    34.8698    34.8861     3.8875     3.8872    27.6944    27.7074    6.23565    6.36813         23 0.0000e+00
      45921   1913.352    603.000     3.9314   3.265520     3.9310   3.266857      69.82     0.0147     2.7727     2.4767  1.9515872  1.1172161   48.30668  -46.53998    34.8697    34.8860     3.8876     3.8872    27.6944    27.7073    6.22063    6.36869         20 0.0000e+00
      45942   1914.190    602.000     3.9312   3.265453     3.9307   3.266779      96.02     0.0139     2.7726     2.4772  1.9514648  1.1174611   48.30668  -46.53998    34.8696    34.8859     3.8875     3.8869    27.6943    27.7073    6.21991    6.36399         20 0.0000e+00
      45961   1915.002    601.000     3.9313   3.265413     3.9311   3.266766      76.85     0.0160     2.7728     2.4772  1.9518032  1.1175376   48.30668  -46.53998    34.8697    34.8859     3.8875     3.8873    27.6943    27.7073    6.21892    6.35792         19 0.0000e+00
      45980   1915.774    600.000     3.9315   3.265390     3.9312   3.266738      87.91     0.0128     2.7730     2.4769  1.9515659  1.1180323   48.30668  -46.53998    34.8697    34.8860     3.8879     3.8876    27.6943    27.7073    6.22613    6.35766         18 0.0000e+00
      45997   1916.503    599.000     3.9316   3.265355     3.9314   3.266701      94.66     0.0131     2.7738     2.4771  1.9523839  1.1181504   48.30668  -46.53998    34.8696    34.8859     3.8881     3.8878    27.6942    27.7072    6.23004    6.35915         17 0.0000e+00
      46015   1917.237    598.000     3.9316   3.265310     3.9313   3.266652      95.48     0.0150     2.7738     2.4772  1.9522438  1.1183031   48.30668  -46.53998    34.8697    34.8859     3.8881     3.8878    27.6943    27.7073    6.22985    6.36047         18 0.0000e+00
      46034   1918.055    597.000     3.9312   3.265224     3.9310   3.266570      73.99     0.0135     2.7750     2.4774  1.9529843  1.1176662   48.30666  -46.53996    34.8696    34.8858     3.8878     3.8875    27.6942    27.7072    6.23002    6.36046         22 0.0000e+00
      46073   1919.652    596.000     3.9311   3.265166     3.9307   3.266489      91.09     0.0152     2.7750     2.4775  1.9527231  1.1173105   48.30666  -46.53996    34.8696    34.8856     3.8878     3.8874    27.6942    27.7070    6.21818    6.35712         62 0.0000e+00
      46121   1921.661    595.000     3.9313   3.265124     3.9310   3.266459      77.63     0.0185     2.7739     2.4778  1.9510734  1.1172128   48.30668  -46.53996    34.8693    34.8856     3.8881     3.8877    27.6940    27.7070    6.21964    6.36408         22 0.0000e+00
      46137   1922.343    594.000     3.9311   3.265032     3.9307   3.266361      95.81     0.0175     2.7751     2.4782  1.9522309  1.1172161   48.30668  -46.53996    34.8690    34.8852     3.8880     3.8875    27.6937    27.7067    6.22981    6.36409         15 0.0000e+00
      46151   1922.936    593.000     3.9310   3.264955     3.9305   3.266286      96.13     0.0165     2.7747     2.4785  1.9523863  1.1172161   48.30668  -46.53996    34.8688    34.8851     3.8879     3.8874    27.6936    27.7066    6.22715    6.36698         13 0.0000e+00
      46164   1923.470    592.000     3.9309   3.264897     3.9305   3.266240      96.14     0.0174     2.7759     2.4789  1.9521891  1.1172161   48.30668  -46.53996    34.8686    34.8851     3.8879     3.8875    27.6935    27.7066    6.22956    6.36563         13 0.0000e+00
      46177   1924.003    591.000     3.9309   3.264854     3.9306   3.266190      43.17     0.0181     2.7761     2.4791  1.9525707  1.1172161   48.30668  -46.53996    34.8687    34.8849     3.8880     3.8876    27.6935    27.7064    6.22742    6.36520         13 0.0000e+00
      46191   1924.597    590.000     3.9309   3.264808     3.9305   3.266145      62.03     0.0157     2.7761     2.4794  1.9529113  1.1172161   48.30667  -46.53996    34.8687    34.8850     3.8880     3.8876    27.6935    27.7065    6.22349    6.36269         16 0.0000e+00
      46211   1925.422    589.000     3.9308   3.264767     3.9305   3.266104      93.88     0.0153     2.7767     2.4797  1.9528109  1.1172161   48.30666  -46.53996    34.8689    34.8850     3.8880     3.8889    27.6936    27.7065    6.22673    6.35881         26 0.0000e+00
      46255   1927.260    588.000     3.9306   3.264699     3.9302   3.266035      84.75     0.0149     2.7772     2.4790  1.9513992  1.1172161   48.30666  -46.53994    34.8687    34.8850     3.8879     3.8874    27.6935    27.7065    6.22612    6.34989         53 0.0000e+00
      46291   1928.757    587.000     3.9306   3.264647     3.9302   3.265984      96.20     0.0148     2.7783     2.4790  1.9520140  1.1172161   48.30666  -46.53994    34.8687    34.8850     3.8880     3.8876    27.6935    27.7065    6.22671    6.36159         22 0.0000e+00
      46309   1929.490    586.000     3.9308   3.264614     3.9305   3.265955      96.13     0.0131     2.7777     2.4795  1.9518447  1.1172161   48.30666  -46.53994    34.8686    34.8848     3.8882     3.8879    27.6934    27.7063    6.22104    6.36001         16 0.0000e+00
