data/CTD/2013/CNV/U021A058.CNV
* Sea-Bird SBE 9 Data File:
* FileName = C:\CTD_ACQUISITION\2013021HUD\ctddata\021A058.hdr
* Software Version Seasave V 7.22.2
* Temperature SN = 5081
* Conductivity SN = 3561
* Number of Bytes Per Scan = 37
* Number of Voltage Words = 4
* Number of Scans Averaged by the Deck Unit = 1
* NMEA Latitude = 48 28.99 N
* NMEA Longitude = 045 20.33 W
* NMEA UTC (Time) = Jul 05 2013 11:38:36
* NMEA baud rate = 9600
** Ship: Hudson
** Cruise: HUD2013021
** Chief_Scientist: Greenan
** Organization: BIO
** Area_of_Operation: Sackville Spur
** Station: 58
** Sounding:  775
** Event_Comments: SS19  393225
# nquan = 25
# nvalues = 775                         
# units = specified
# name 0 = scan: Scan Count
# name 1 = timeS: Time, Elapsed [seconds]
# name 2 = prDM: Pressure, Digiquartz [db]
# name 3 = t068C: Temperature [ITS-68, deg C]
# name 4 = c0S/m: Conductivity [S/m]
# name 5 = t168C: Temperature, 2 [ITS-68, deg C]
# name 6 = c1S/m: Conductivity, 2 [S/m]
# name 7 = altM: Altimeter [m]
# name 8 = flCUVA: Fluorescence, Chelsea UV Aquatracka [ug/l]
# name 9 = sbeox0V: Oxygen raw, SBE 43 [V]
# name 10 = sbeox1V: Oxygen raw, SBE 43, 2 [V]
# name 11 = upoly0: Upoly 0, Optode 4330F - O2 D-Phase
# name 12 = upoly1: Upoly 1, Optode 4330F - O2 Temp
# name 13 = latitude: Latitude [deg]
# name 14 = longitude: Longitude [deg]
# name 15 = sal00: Salinity, Practical [PSU]
# name 16 = sal11: Salinity, Practical, 2 [PSU]
# name 17 = potemp068C: Potential Temperature [ITS-68, deg C]
# name 18 = potemp168C: Potential Temperature, 2 [ITS-68, deg C]
# name 19 = sigma-é00: Density [sigma-theta, Kg/m^3]
# name 20 = sigma-é11: Density, 2 [sigma-theta, Kg/m^3]
# name 21 = sbeox0ML/L: Oxygen, SBE 43 [ml/l], WS = 2
# name 22 = sbeox1ML/L: Oxygen, SBE 43, 2 [ml/l], WS = 2
# name 23 = nbin: number of scans per bin
# name 24 = flag: flag
# span 0 =      27702,      47177       
# span 1 =   1154.189,   1965.669       
# span 2 =      1.000,    775.000       
# span 3 =     2.8477,     6.0569       
# span 4 =   3.084531,   3.301471       
# span 5 =     2.8121,     6.0551       
# span 6 =   3.081461,   3.303244       
# span 7 =       4.79,     103.32       
# span 8 =     0.0064,     0.4691       
# span 9 =     2.6309,     3.4100       
# span 10 =     2.3447,     3.0195      
# span 11 =  1.7061252,  2.0128554      
# span 12 =  0.9963391,  1.3824474      
# span 13 =   48.48021,   48.48170      
# span 14 =  -45.33892,  -45.33694      
# span 15 =    33.1701,    34.9139      
# span 16 =    33.1842,    34.9298      
# span 17 =     2.8452,     6.0568      
# span 18 =     2.8099,     6.0550      
# span 19 =    26.1000,    27.7388      
# span 20 =    26.1113,    27.7522      
# span 21 =    5.75009,    7.26766      
# span 22 =    5.81960,    7.30222      
# span 23 =         12,        596      
# span 24 = 0.0000e+00, 0.0000e+00      
# interval = decibars: 1                
# start_time = Jul 05 2013 11:38:36 [NMEA time, header]
# bad_flag = -9.990e-29
*END*
[from data line 522]
      40648   1693.619    253.000     4.3485   3.286814     4.3388   3.287287      62.90     0.0159     2.7979     2.4768  1.9692491  1.1720102   48.48050  -45.33730    34.8658    34.8816     4.3300     4.3203    27.6444    27.6580    5.95696    5.99663         23 0.0000e+00
      40673   1694.679    252.000     4.3458   3.286550     4.3328   3.286590      89.29     0.0141     2.7996     2.4752  1.9703296  1.1714194   48.48050  -45.33730    34.8661    34.8803     4.3273     4.3143    27.6449    27.6576    5.96773    5.99779         29 0.0000e+00
      40709   1696.157    251.000     4.3542   3.287370     4.3296   3.286217      80.63     0.0119     2.8011     2.4746  1.9685634  1.1699667   48.48050  -45.33728    34.8675    34.8799     4.3357     4.3112    27.6451    27.6576    5.96475    6.00477         41 0.0000e+00
      40744   1697.625    250.000     4.3436   3.286314     4.3359   3.286692      96.02     0.0125     2.8031     2.4742  1.9698281  1.1690137   48.48050  -45.33727    34.8668    34.8793     4.3252     4.3176    27.6457    27.6565    5.97464    6.00159         27 0.0000e+00
      40766   1698.539    249.000     4.3257   3.284297     4.3251   3.285725      67.28     0.0148     2.8041     2.4740  1.9708213  1.1684998   48.48050  -45.33726    34.8624    34.8798     4.3075     4.3069    27.6441    27.6580    5.97877    6.00994         19 0.0000e+00
      40784   1699.271    248.000     4.3204   3.283644     4.3196   3.285033      90.75     0.0165     2.8050     2.4747  1.9706960  1.1684982   48.48050  -45.33726    34.8609    34.8780     4.3023     4.3015    27.6435    27.6572    5.97921    6.02193         16 0.0000e+00
      40800   1699.961    247.000     4.3187   3.283416     4.3182   3.284810      95.60     0.0171     2.8057     2.4757  1.9707681  1.1684982   48.48050  -45.33726    34.8605    34.8774     4.3007     4.3001    27.6433    27.6569    5.97863    6.02678         17 0.0000e+00
      40818   1700.704    246.000     4.3182   3.283322     4.3174   3.284680      95.58     0.0136     2.8063     2.4767  1.9706963  1.1684982   48.48050  -45.33726    34.8605    34.8772     4.3002     4.2995    27.6434    27.6568    5.96645    6.02907         19 0.0000e+00
      40839   1701.595    245.000     4.3177   3.283228     4.3170   3.284594      30.82     0.0177     2.8052     2.4781  1.9703434  1.1677427   48.48050  -45.33725    34.8604    34.8772     4.2998     4.2991    27.6434    27.6568    5.95894    6.03215         24 0.0000e+00
      40866   1702.726    244.000     4.3177   3.283180     4.3203   3.284788      95.29     0.0184     2.8045     2.4792  1.9698833  1.1672785   48.48050  -45.33724    34.8604    34.8766     4.2999     4.3024    27.6434    27.6560    5.95527    6.02156         30 0.0000e+00
      40895   1703.926    243.000     4.3199   3.283375     4.3332   3.285898      92.93     0.0172     2.8038     2.4789  1.9710060  1.1672772   48.48050  -45.33724    34.8609    34.8765     4.3021     4.3154    27.6435    27.6545    5.95539    6.01057         26 0.0000e+00
      40919   1704.911    242.000     4.3404   3.285270     4.3481   3.287316      69.53     0.0210     2.8033     2.4787  1.9710298  1.1672772   48.48050  -45.33724    34.8620    34.8780     4.3227     4.3304    27.6422    27.6540    5.95636    6.01065         22 0.0000e+00
      40939   1705.732    241.000     4.3648   3.287617     4.3662   3.289029      95.55     0.0196     2.8043     2.4789  1.9696057  1.1682302   48.48050  -45.33723    34.8645    34.8796     4.3471     4.3485    27.6415    27.6534    5.96136    6.01307         18 0.0000e+00
      40957   1706.492    240.000     4.3752   3.288658     4.3783   3.290249      94.52     0.0179     2.8044     2.4794  1.9694128  1.1684952   48.48050  -45.33722    34.8662    34.8818     4.3576     4.3606    27.6417    27.6537    5.95468    6.00495         19 0.0000e+00
      40977   1707.320    239.000     4.3842   3.289563     4.3847   3.290912      76.01     0.0192     2.8045     2.4787  1.9694724  1.1690844   48.48050  -45.33722    34.8680    34.8833     4.3666     4.3671    27.6422    27.6543    5.93616    5.99572         22 0.0000e+00
      41018   1709.024    238.000     4.3864   3.289752     4.3905   3.291463      79.24     0.0179     2.8008     2.4778  1.9696226  1.1709716   48.48050  -45.33722    34.8684    34.8842     4.3689     4.3730    27.6423    27.6544    5.91936    5.98855         67 0.0000e+00
      41073   1711.332    237.000     4.3937   3.290352     4.4014   3.292429      83.23     0.0160     2.7979     2.4751  1.9702314  1.1729767   48.48050  -45.33720    34.8683    34.8846     4.3763     4.3839    27.6413    27.6535    5.92075    5.97361         26 0.0000e+00
      41089   1712.016    236.000     4.4055   3.291451     4.4084   3.292961      95.28     0.0125     2.7976     2.4749  1.9707886  1.1758809   48.48050  -45.33722    34.8693    34.8840     4.3881     4.3910    27.6409    27.6522    5.91081    5.98469         15 0.0000e+00
      41103   1712.592    235.000     4.4264   3.293420     4.4235   3.294315      57.42     0.0115     2.7969     2.4751  1.9706948  1.1758242   48.48050  -45.33722    34.8709    34.8845     4.4091     4.4062    27.6398    27.6509    5.90400    5.98033         13 0.0000e+00
      41116   1713.109    234.000     4.4306   3.293798     4.4302   3.294987      81.80     0.0118     2.7958     2.4751  1.9707986  1.1758242   48.48050  -45.33722    34.8715    34.8859     4.4133     4.4129    27.6398    27.6513    5.90163    5.96411         12 0.0000e+00
      41129   1713.650    233.000     4.4311   3.293783     4.4309   3.295068      95.15     0.0147     2.7956     2.4736  1.9703439  1.1758242   48.48050  -45.33722    34.8713    34.8866     4.4139     4.4137    27.6397    27.6518    5.90061    5.94463         14 0.0000e+00
      41143   1714.229    232.000     4.4312   3.293753     4.4301   3.294943      82.44     0.0186     2.7947     2.4718  1.9698192  1.1758242   48.48050  -45.33722    34.8713    34.8865     4.4141     4.4130    27.6396    27.6518    5.90307    5.93955         15 0.0000e+00
      41161   1715.017    231.000     4.4308   3.293636     4.4290   3.294789      75.47     0.0195     2.7950     2.4705  1.9702564  1.1758755   48.48050  -45.33720    34.8710    34.8864     4.4137     4.4119    27.6394    27.6518    5.91166    5.95952         23 0.0000e+00
      41188   1716.138    230.000     4.4308   3.293594     4.4288   3.294720      95.36     0.0157     2.7950     2.4712  1.9719058  1.1770374   48.48048  -45.33720    34.8710    34.8864     4.4138     4.4118    27.6394    27.6518    5.90661    5.96591         30 0.0000e+00
      41217   1717.353    229.000     4.4299   3.293456     4.4276   3.294566      62.70     0.0142     2.7950     2.4698  1.9725608  1.1770452   48.48050  -45.33720    34.8708    34.8863     4.4130     4.4107    27.6393    27.6519    5.90526    5.93357         27 0.0000e+00
      41243   1718.396    228.000     4.4239   3.292706     4.4200   3.293649      89.88     0.0145     2.7942     2.4669  1.9737993  1.1771978   48.48050  -45.33720    34.8688    34.8841     4.4071     4.4031    27.6384    27.6510    5.90310    5.93840         24 0.0000e+00
      41265   1719.346    227.000     4.4178   3.292002     4.4149   3.293025      95.33     0.0142     2.7945     2.4676  1.9742442  1.1773217   48.48050  -45.33720    34.8676    34.8826     4.4011     4.3982    27.6381    27.6503    5.90651    5.98013         22 0.0000e+00
      41289   1720.334    226.000     4.4146   3.291549     4.4102   3.292428      95.46     0.0166     2.7939     2.4706  1.9756786  1.1777781   48.48050  -45.33720    34.8661    34.8811     4.3980     4.3936    27.6373    27.6496    5.90204    5.98943         25 0.0000e+00
      41314   1721.369    225.000     4.4116   3.291082     4.4044   3.291729      95.40     0.0183     2.7943     2.4716  1.9756302  1.1775508   48.48050  -45.33718    34.8644    34.8796     4.3950     4.3879    27.6362    27.6490    5.90661    5.96456         24 0.0000e+00
      41336   1722.307    224.000     4.4015   3.289925     4.3960   3.290771      77.43     0.0161     2.7943     2.4707  1.9754019  1.1770371   48.48050  -45.33718    34.8620    34.8777     4.3850     4.3795    27.6354    27.6485    5.91083    5.95571         21 0.0000e+00
      41357   1723.179    223.000     4.3911   3.288733     4.3845   3.289474      64.17     0.0160     2.7948     2.4702  1.9756414  1.1769273   48.48050  -45.33718    34.8595    34.8751     4.3747     4.3682    27.6345    27.6476    5.91242    5.95637         21 0.0000e+00
      41380   1724.124    222.000     4.3839   3.287775     4.3747   3.288264      94.97     0.0118     2.7944     2.4696  1.9755800  1.1761179   48.48050  -45.33718    34.8563    34.8717     4.3676     4.3585    27.6327    27.6460    5.90588    5.95864         25 0.0000e+00
      41407   1725.264    221.000     4.3771   3.286972     4.3702   3.287639      77.25     0.0134     2.7944     2.4687  1.9756608  1.1757855   48.48050  -45.33718    34.8547    34.8697     4.3608     4.3540    27.6322    27.6449    5.90200    5.94259         30 0.0000e+00
      41437   1726.495    220.000     4.3748   3.286714     4.3684   3.287432      90.91     0.0138     2.7931     2.4661  1.9768158  1.1745878   48.48050  -45.33717    34.8546    34.8697     4.3586     4.3523    27.6324    27.6451    5.89863    5.92655         28 0.0000e+00
      41462   1727.561    219.000     4.3648   3.285477     4.3554   3.285942      65.44     0.0153     2.7934     2.4641  1.9754494  1.1746032   48.48048  -45.33716    34.8512    34.8663     4.3488     4.3399    27.6308    27.6438    5.90828    5.93938         23 0.0000e+00
      41485   1728.513    218.000     4.3547   3.284333     4.3457   3.284750      95.48     0.0151     2.7932     2.4644  1.9743434  1.1745493   48.48048  -45.33716    34.8488    34.8631     4.3387     4.3298    27.6300    27.6423    5.90656    5.95010         23 0.0000e+00
      41509   1729.482    217.000     4.3441   3.282982     4.3394   3.283944      77.74     0.0163     2.7930     2.4641  1.9768076  1.1739912   48.48048  -45.33716    34.8446    34.8609     4.3283     4.3236    27.6277    27.6412    5.91004    5.94221         24 0.0000e+00
      41533   1730.479    216.000     4.3399   3.282406     4.3353   3.283383      68.43     0.0164     2.7940     2.4631  1.9791923  1.1733820   48.48048  -45.33716    34.8428    34.8592     4.3241     4.3195    27.6268    27.6403    5.91991    5.93178         24 0.0000e+00
      41555   1731.396    215.000     4.3356   3.281868     4.3311   3.282851      92.85     0.0174     2.7945     2.4621  1.9788765  1.1727713   48.48048  -45.33716    34.8415    34.8579     4.3199     4.3154    27.6262    27.6397    5.91394    5.93550         20 0.0000e+00
      41574   1732.205    214.000     4.3314   3.281342     4.3270   3.282334      95.56     0.0121     2.7945     2.4620  1.9780251  1.1719714   48.48048  -45.33716    34.8403    34.8567     4.3158     4.3114    27.6256    27.6392    5.90700    5.94464         19 0.0000e+00
      41592   1732.972    213.000     4.3268   3.280798     4.3225   3.281774      95.52     0.0143     2.7937     2.4625  1.9780892  1.1718906   48.48048  -45.33716    34.8393    34.8553     4.3113     4.3070    27.6253    27.6385    5.90335    5.94869         18 0.0000e+00
      41613   1733.831    212.000     4.3228   3.280275     4.3199   3.281400      95.58     0.0180     2.7937     2.4629  1.9801532  1.1711636   48.48048  -45.33716    34.8379    34.8542     4.3074     4.3045    27.6246    27.6379    5.90878    5.95650         24 0.0000e+00
      41644   1735.105    211.000     4.3220   3.280144     4.3198   3.281323      79.18     0.0153     2.7939     2.4641  1.9799747  1.1707112   48.48048  -45.33716    34.8377    34.8539     4.3066     4.3044    27.6246    27.6377    5.91257    5.95182         39 0.0000e+00
      41684   1736.790    210.000     4.3231   3.280224     4.3227   3.281630      94.65     0.0158     2.7949     2.4646  1.9783967  1.1695576   48.48048  -45.33716    34.8380    34.8551     4.3078     4.3074    27.6247    27.6383    5.91994    5.95760         35 0.0000e+00
      41711   1737.900    209.000     4.3207   3.279927     4.3163   3.280915      95.26     0.0152     2.7954     2.4657  1.9804715  1.1682154   48.48048  -45.33716    34.8375    34.8540     4.3056     4.3011    27.6246    27.6381    5.90977    5.95346         22 0.0000e+00
      41731   1738.732    208.000     4.3076   3.278506     4.3014   3.279382      50.85     0.0128     2.7952     2.4653  1.9806001  1.1682949   48.48048  -45.33716    34.8352    34.8523     4.2925     4.2863    27.6242    27.6384    5.91109    5.95620         18 0.0000e+00
      41749   1739.502    207.000     4.2916   3.276661     4.2872   3.277726      88.61     0.0171     2.7953     2.4664  1.9798191  1.1683699   48.48048  -45.33716    34.8309    34.8481     4.2766     4.2722    27.6224    27.6366    5.91422    5.96658         19 0.0000e+00
      41769   1740.316    206.000     4.2875   3.276136     4.2789   3.276722      74.74     0.0154     2.7950     2.4668  1.9792550  1.1684955   48.48048  -45.33716    34.8296    34.8456     4.2726     4.2640    27.6218    27.6355    5.91728    5.96783         21 0.0000e+00
      41791   1741.263    205.000     4.2793   3.275191     4.2736   3.276075      78.33     0.0179     2.7957     2.4677  1.9792429  1.1677873   48.48048  -45.33716    34.8276    34.8441     4.2644     4.2588    27.6211    27.6348    5.92532    5.96376         25 0.0000e+00
      41818   1742.383    204.000     4.2758   3.274727     4.2730   3.275877      85.77     0.0177     2.7968     2.4671  1.9792429  1.1660753   48.48046  -45.33716    34.8264    34.8429     4.2610     4.2582    27.6205    27.6340    5.93126    5.95737         28 0.0000e+00
      41846   1743.526    203.000     4.2716   3.274233     4.2613   3.274765      67.14     0.0194     2.7983     2.4681  1.9799504  1.1654431   48.48046  -45.33716    34.8255    34.8427     4.2569     4.2466    27.6203    27.6351    5.93013    5.98437         26 0.0000e+00
      41870   1744.530    202.000     4.2551   3.272408     4.2433   3.272825      95.97     0.0175     2.7977     2.4702  1.9804688  1.1648296   48.48046  -45.33715    34.8220    34.8394     4.2405     4.2287    27.6192    27.6343    5.92418    5.98156         22 0.0000e+00
      41891   1745.422    201.000     4.2324   3.270194     4.2185   3.270252      69.50     0.0191     2.7983     2.4702  1.9810491  1.1638404   48.48046  -45.33714    34.8203    34.8358     4.2180     4.2040    27.6203    27.6341    5.93285    5.97551         21 0.0000e+00
      41912   1746.305    200.000     4.2132   3.267817     4.1971   3.267796      86.53     0.0193     2.7986     2.4704  1.9816797  1.1631758   48.48046  -45.33714    34.8131    34.8299     4.1989     4.1827    27.6166    27.6317    5.94019    5.97966         22 0.0000e+00
      41936   1747.272    199.000     4.2073   3.267051     4.1844   3.266208      94.03     0.0188     2.7999     2.4702  1.9815892  1.1621211   48.48046  -45.33716    34.8109    34.8253     4.1930     4.1711    27.6154    27.6294    5.94327    5.97259         25 0.0000e+00
      41962   1748.367    198.000     4.1912   3.265358     4.1770   3.265368      55.51     0.0212     2.8000     2.4700  1.9815910  1.1599259   48.48046  -45.33716    34.8084    34.8235     4.1770     4.1628    27.6152    27.6287    5.93643    5.98496         26 0.0000e+00
      41987   1749.398    197.000     4.1824   3.264309     4.1638   3.264075      88.58     0.0234     2.7995     2.4714  1.9816871  1.1590283   48.48046  -45.33716    34.8058    34.8228     4.1683     4.1497    27.6141    27.6295    5.93383    6.00381         23 0.0000e+00
