data/CTD/2013/CNV/U021A021.CNV
* Sea-Bird SBE 9 Data File:
* FileName = C:\CTD_ACQUISITION\2013021HUD\ctddata\021A021.hdr
* Software Version Seasave V 7.22.2
* Temperature SN = 5081
* Conductivity SN = 3561
* Number of Bytes Per Scan = 37
* Number of Voltage Words = 4
* Number of Scans Averaged by the Deck Unit = 1
* NMEA Latitude = 46 59.98 N
* NMEA Longitude = 046 29.00 W
* NMEA UTC (Time) = Jul 02 2013 07:03:49
* NMEA baud rate = 9600
** Ship: Hudson
** Cruise: HUD2013021
** Chief_Scientist: Greenan
** Organization: BIO
** Area_of_Operation: Sackville Spur
** Station: 21
** Sounding:  416
** Event_Comments: FC20  393129
# nquan = 25
# nvalues = 344                         
# units = specified
# name 0 = scan: Scan Count
# name 1 = timeS: Time, Elapsed [seconds]
# name 2 = prDM: Pressure, Digiquartz [db]
# name 3 = t068C: Temperature [ITS-68, deg C]
# name 4 = c0S/m: Conductivity [S/m]
# name 5 = t168C: Temperature, 2 [ITS-68, deg C]
# name 6 = c1S/m: Conductivity, 2 [S/m]
# name 7 = altM: Altimeter [m]
# name 8 = flCUVA: Fluorescence, Chelsea UV Aquatracka [ug/l]
# name 9 = sbeox0V: Oxygen raw, SBE 43 [V]
# name 10 = sbeox1V: Oxygen raw, SBE 43, 2 [V]
# name 11 = upoly0: Upoly 0, Optode 4330F - O2 D-Phase
# name 12 = upoly1: Upoly 1, Optode 4330F - O2 Temp
# name 13 = latitude: Latitude [deg]
# name 14 = longitude: Longitude [deg]
# name 15 = sal00: Salinity, Practical [PSU]
# name 16 = sal11: Salinity, Practical, 2 [PSU]
# name 17 = potemp068C: Potential Temperature [ITS-68, deg C]
# name 18 = potemp168C: Potential Temperature, 2 [ITS-68, deg C]
# name 19 = sigma-é00: Density [sigma-theta, Kg/m^3]
# name 20 = sigma-é11: Density, 2 [sigma-theta, Kg/m^3]
# name 21 = sbeox0ML/L: Oxygen, SBE 43 [ml/l], WS = 2
# name 22 = sbeox1ML/L: Oxygen, SBE 43, 2 [ml/l], WS = 2
# name 23 = nbin: number of scans per bin
# name 24 = flag: flag
# span 0 =      19679,      29572       
# span 1 =    819.904,   1232.122       
# span 2 =      1.000,    344.000       
# span 3 =     2.8546,     7.7345       
# span 4 =   3.100836,   3.471146       
# span 5 =     2.8434,     7.7380       
# span 6 =   3.101031,   3.471076       
# span 7 =       6.06,      98.38       
# span 8 =     0.0096,     0.3763       
# span 9 =     2.6318,     3.4087       
# span 10 =     2.3510,     3.0488      
# span 11 =  1.7202359,  2.0511892      
# span 12 =  0.9939462,  1.4700727      
# span 13 =   46.99968,   47.00040      
# span 14 =  -46.48386,  -46.48324      
# span 15 =    32.7753,    34.9479      
# span 16 =    32.7900,    34.9633      
# span 17 =     2.8491,     7.7319      
# span 18 =     2.8379,     7.7354      
# span 19 =    25.7103,    27.6700      
# span 20 =    25.7218,    27.6824      
# span 21 =    5.38402,    7.46752      
# span 22 =    5.52593,    7.56032      
# span 23 =         14,        367      
# span 24 = 0.0000e+00, 0.0000e+00      
# interval = decibars: 1                
# start_time = Jul 02 2013 07:03:49 [NMEA time, header]
# bad_flag = -9.990e-29
*END*
[from data line 116]
      22844    951.785    228.000     4.8690   3.334905     4.8658   3.335861      34.54     0.0174     2.6357     2.3558  2.0447140  1.2368499   47.00011  -46.48342    34.8939    34.9085     4.8514     4.8482    27.6085    27.6204    5.42428    5.56237         27 0.0000e+00
      22865    952.669    227.000     4.8687   3.334736     4.8711   3.336312      98.38     0.0164     2.6367     2.3559  2.0464401  1.2368742   47.00012  -46.48342    34.8929    34.9086     4.8512     4.8536    27.6077    27.6199    5.40160    5.54678         18 0.0000e+00
      22882    953.377    226.000     4.8687   3.334660     4.8705   3.336182      96.88     0.0155     2.6352     2.3553  2.0463982  1.2368742   47.00012  -46.48342    34.8925    34.9083     4.8513     4.8530    27.6074    27.6197    5.38402    5.54144         17 0.0000e+00
      22898    954.033    225.000     4.8631   3.334023     4.8628   3.335361      96.75     0.0151     2.6338     2.3548  2.0461571  1.2368742   47.00012  -46.48342    34.8915    34.9074     4.8457     4.8454    27.6073    27.6199    5.39660    5.55502         15 0.0000e+00
      22915    954.734    224.000     4.8488   3.332573     4.8430   3.333397      79.06     0.0141     2.6347     2.3562  2.0462041  1.2368742   47.00012  -46.48342    34.8902    34.9059     4.8315     4.8257    27.6078    27.6209    5.44747    5.60364         19 0.0000e+00
      22939    955.745    223.000     4.8326   3.330765     4.8142   3.330223      95.13     0.0174     2.6436     2.3644  2.0463467  1.2364861   47.00012  -46.48342    34.8866    34.8996     4.8155     4.7971    27.6069    27.6193    5.54111    5.68670         34 0.0000e+00
      22989    957.845    222.000     4.8386   3.331274     4.8276   3.331518      96.94     0.0173     2.6718     2.3869  2.0468755  1.2345722   47.00014  -46.48342    34.8868    34.9012     4.8216     4.8105    27.6063    27.6190    5.64457    5.76396         50 0.0000e+00
      23020    959.133    221.000     4.8342   3.330897     4.8026   3.328894      96.94     0.0155     2.6854     2.3984  2.0476458  1.2325577   47.00014  -46.48342    34.8876    34.8974     4.8172     4.7857    27.6074    27.6188    5.62268    5.75925         21 0.0000e+00
      23038    959.884    220.000     4.7437   3.321594     4.7345   3.321817      96.95     0.0172     2.6906     2.4022  2.0476191  1.2321284   47.00015  -46.48342    34.8747    34.8870     4.7270     4.7177    27.6074    27.6183    5.62346    5.75916         17 0.0000e+00
      23055    960.569    219.000     4.6199   3.308496     4.6346   3.311133      96.95     0.0208     2.6930     2.4052  2.0476191  1.2307554   47.00016  -46.48342    34.8524    34.8677     4.6034     4.6181    27.6036    27.6142    5.64069    5.77206         16 0.0000e+00
      23071    961.255    218.000     4.5692   3.302854     4.5782   3.305003      96.94     0.0210     2.6966     2.4074  2.0476191  1.2307693   47.00016  -46.48342    34.8402    34.8559     4.5529     4.5619    27.5996    27.6110    5.65679    5.78754         17 0.0000e+00
      23090    962.028    217.000     4.5413   3.299691     4.5413   3.301067      73.82     0.0224     2.6994     2.4108  2.0498476  1.2248838   47.00016  -46.48342    34.8331    34.8492     4.5251     4.5251    27.5970    27.6098    5.67845    5.81712         21 0.0000e+00
      23115    963.063    216.000     4.5328   3.298792     4.5239   3.299213      79.75     0.0200     2.7069     2.4169  2.0511892  1.2211471   47.00016  -46.48342    34.8320    34.8463     4.5168     4.5078    27.5970    27.6094    5.72173    5.84499         30 0.0000e+00
      23148    964.460    215.000     4.5484   3.300312     4.5229   3.299113      96.95     0.0160     2.7172     2.4250  2.0450311  1.2119913   47.00016  -46.48342    34.8338    34.8467     4.5323     4.5069    27.5968    27.6098    5.74691    5.86839         35 0.0000e+00
      23180    965.779    214.000     4.5375   3.299115     4.5142   3.298030      96.87     0.0144     2.7265     2.4324  2.0427763  1.2093208   47.00018  -46.48342    34.8319    34.8437     4.5216     4.4983    27.5964    27.6084    5.76103    5.88440         27 0.0000e+00
      23204    966.780    213.000     4.4917   3.294375     4.4735   3.294003      96.94     0.0164     2.7322     2.4369  2.0403826  1.2067705   47.00019  -46.48342    34.8250    34.8398     4.4759     4.4578    27.5960    27.6098    5.76288    5.88422         22 0.0000e+00
      23225    967.656    212.000     4.4113   3.285953     4.4219   3.288552      96.95     0.0167     2.7355     2.4392  2.0397363  1.2060975   47.00020  -46.48342    34.8114    34.8307     4.3957     4.4063    27.5940    27.6082    5.78017    5.89542         20 0.0000e+00
      23245    968.508    211.000     4.3758   3.282148     4.3865   3.284610      55.29     0.0180     2.7389     2.4427  2.0366018  1.2033590   47.00020  -46.48342    34.8047    34.8222     4.3604     4.3711    27.5924    27.6053    5.79740    5.93496         21 0.0000e+00
      23267    969.407    210.000     4.3509   3.279523     4.3648   3.282143      90.87     0.0187     2.7429     2.4482  2.0366826  1.2033240   47.00020  -46.48342    34.8004    34.8166     4.3356     4.3495    27.5918    27.6032    5.82720    5.96601         23 0.0000e+00
      23290    970.389    209.000     4.3412   3.278302     4.3405   3.279702      96.90     0.0196     2.7506     2.4546  2.0335991  1.1946577   47.00020  -46.48342    34.7968    34.8140     4.3260     4.3253    27.5900    27.6038    5.88438    5.99819         24 0.0000e+00
      23314    971.388    208.000     4.3349   3.277609     4.3258   3.278147      96.87     0.0189     2.7598     2.4621  2.0334969  1.1941333   47.00020  -46.48342    34.7958    34.8117     4.3198     4.3107    27.5899    27.6035    5.89863    6.01659         23 0.0000e+00
      23337    972.340    207.000     4.3175   3.275855     4.3023   3.275760      96.90     0.0204     2.7660     2.4671  2.0273495  1.1876700   47.00020  -46.48342    34.7940    34.8090     4.3025     4.2872    27.5903    27.6039    5.88475    6.01151         23 0.0000e+00
      23359    973.268    206.000     4.2503   3.269532     4.2519   3.270488      96.94     0.0215     2.7688     2.4709  2.0268636  1.1868712   47.00022  -46.48342    34.7909    34.8006     4.2355     4.2370    27.5950    27.6026    5.85691    6.01091         22 0.0000e+00
      23382    974.190    205.000     4.2089   3.264918     4.1918   3.263984      96.95     0.0219     2.7674     2.4723  2.0249135  1.1839738   47.00022  -46.48342    34.7807    34.7888     4.1942     4.1777    27.5914    27.5997    5.83467    6.00551         22 0.0000e+00
      23404    975.122    204.000     4.1607   3.259514     4.1518   3.259492      96.94     0.0178     2.7666     2.4740  2.0244219  1.1831533   47.00022  -46.48342    34.7683    34.7774     4.1461     4.1373    27.5866    27.5947    5.87407    6.03713         23 0.0000e+00
      23429    976.165    203.000     4.1173   3.254542     4.1127   3.255493      96.78     0.0225     2.7715     2.4786  2.0209625  1.1764060   47.00022  -46.48342    34.7558    34.7719     4.1029     4.0983    27.5812    27.5945    5.95499    6.07675         28 0.0000e+00
      23467    977.732    202.000     4.1577   3.258938     4.1216   3.256429      96.91     0.0222     2.7857     2.4859  2.0172615  1.1690359   47.00022  -46.48342    34.7657    34.7745     4.1433     4.1077    27.5848    27.5957    6.00473    6.09371         48 0.0000e+00
      23511    979.591    201.000     4.1706   3.260525     4.1171   3.256029      96.94     0.0211     2.7999     2.4942  2.0134931  1.1613593   47.00023  -46.48342    34.7713    34.7747     4.1563     4.1028    27.5879    27.5962    6.00371    6.11696         34 0.0000e+00
      23536    980.639    200.000     4.0535   3.248227     4.0479   3.249156      96.95     0.0201     2.8043     2.4988  2.0121913  1.1596334   47.00024  -46.48342    34.7500    34.7670     4.0395     4.0338    27.5833    27.5974    6.01046    6.13295         21 0.0000e+00
      23554    981.387    199.000     3.9715   3.239048     4.0059   3.244189      96.93     0.0237     2.8061     2.5008  2.0122101  1.1594954   47.00024  -46.48342    34.7283    34.7530     3.9576     3.9919    27.5746    27.5907    6.01323    6.12875         16 0.0000e+00
      23570    982.032    198.000     3.9568   3.237434     3.9723   3.240499      96.94     0.0235     2.8068     2.5020  2.0098038  1.1560142   47.00024  -46.48342    34.7253    34.7452     3.9430     3.9585    27.5737    27.5879    6.01298    6.12730         15 0.0000e+00
      23585    982.659    197.000     3.9488   3.236554     3.9543   3.238498      96.94     0.0208     2.8078     2.5027  2.0085621  1.1538721   47.00024  -46.48342    34.7238    34.7411     3.9351     3.9406    27.5733    27.5865    6.01111    6.12765         15 0.0000e+00
      23601    983.342    196.000     3.9441   3.236024     3.9460   3.237608      96.94     0.0182     2.8084     2.5032  2.0086136  1.1538461   47.00024  -46.48342    34.7230    34.7399     3.9305     3.9323    27.5731    27.5864    6.01097    6.13156         18 0.0000e+00
      23623    984.250    195.000     3.9417   3.235691     3.9433   3.237283      96.93     0.0165     2.8091     2.5049  2.0047452  1.1435993   47.00024  -46.48342    34.7221    34.7394     3.9282     3.9297    27.5727    27.5863    6.01302    6.14249         27 0.0000e+00
      23659    985.731    194.000     3.9459   3.236188     3.9450   3.237419      96.95     0.0202     2.8100     2.5071  2.0014198  1.1396250   47.00024  -46.48342    34.7241    34.7398     3.9324     3.9315    27.5738    27.5864    6.01142    6.14546         42 0.0000e+00
      23698    987.362    193.000     3.9498   3.236580     3.9467   3.237614      96.95     0.0189     2.8112     2.5097  1.9976225  1.1374401   47.00026  -46.48342    34.7252    34.7408     3.9363     3.9333    27.5743    27.5870    6.01350    6.14896         34 0.0000e+00
      23727    988.591    192.000     3.9278   3.234189     3.9379   3.236656      96.94     0.0198     2.8115     2.5106  1.9945278  1.1354861   47.00026  -46.48342    34.7212    34.7393     3.9139     3.9245    27.5734    27.5867    6.01574    6.13794         26 0.0000e+00
      23751    989.588    191.000     3.8971   3.230814     3.9130   3.233945      96.68     0.0155     2.8124     2.5099  1.9941565  1.1353810   47.00026  -46.48342    34.7134    34.7339     3.8839     3.8998    27.5703    27.5850    6.02128    6.13568         24 0.0000e+00
      23776    990.632    190.000     3.8842   3.229322     3.9030   3.232598      96.91     0.0120     2.8125     2.5099  1.9916750  1.1343247   47.00026  -46.48342    34.7099    34.7290     3.8711     3.8898    27.5689    27.5822    6.02392    6.13757         26 0.0000e+00
      23810    992.037    189.000     3.8807   3.228873     3.8860   3.230814      96.94     0.0165     2.8133     2.5094  1.9907712  1.1316099   47.00026  -46.48342    34.7088    34.7263     3.8677     3.8730    27.5683    27.5817    6.02680    6.13267         41 0.0000e+00
      23850    993.715    188.000     3.8812   3.228983     3.8857   3.230639      96.94     0.0129     2.8138     2.5082  1.9893950  1.1289077   47.00026  -46.48342    34.7102    34.7251     3.8682     3.8728    27.5693    27.5807    6.02082    6.13358         36 0.0000e+00
      23880    994.958    187.000     3.8817   3.228920     3.8892   3.231097      96.94     0.0162     2.8134     2.5083  1.9878116  1.1276200   47.00026  -46.48342    34.7094    34.7274     3.8688     3.8763    27.5687    27.5823    5.99195    6.12807         26 0.0000e+00
      23907    996.092    186.000     3.8790   3.228514     3.8814   3.230113      96.57     0.0159     2.8074     2.5066  1.9862592  1.1264662   47.00026  -46.48342    34.7080    34.7245     3.8662     3.8686    27.5678    27.5807    5.93546    6.10034         31 0.0000e+00
      23942    997.556    185.000     3.8811   3.228654     3.8850   3.230447      96.74     0.0138     2.7975     2.5010  1.9853394  1.1250900   47.00026  -46.48342    34.7080    34.7252     3.8684     3.8723    27.5676    27.5809    5.89441    6.05402         37 0.0000e+00
      23976    998.975    184.000     3.8881   3.229244     3.8898   3.230809      96.94     0.0188     2.7877     2.4939  1.9853480  1.1230232   47.00026  -46.48342    34.7081    34.7250     3.8754     3.8775    27.5669    27.5802    5.88164    6.03159         30 0.0000e+00
      24003   1000.082    183.000     3.9302   3.232952     3.9037   3.231909      96.92     0.0215     2.7822     2.4886  1.9851928  1.1224457   47.00027  -46.48342    34.7081    34.7238     3.9176     3.8911    27.5627    27.5779    5.86151    6.01040         24 0.0000e+00
      24027   1001.086    182.000     3.9947   3.239183     3.9471   3.235708      96.93     0.0214     2.7759     2.4836  1.9851525  1.1218057   47.00028  -46.48342    34.7145    34.7236     3.9820     3.9345    27.5611    27.5732    5.82398    5.98577         25 0.0000e+00
      24054   1002.216    181.000     4.0254   3.242201     3.9915   3.240273      96.93     0.0160     2.7688     2.4779  1.9839653  1.1228950   47.00028  -46.48342    34.7185    34.7316     4.0127     3.9792    27.5610    27.5750    5.80665    5.96517         31 0.0000e+00
      24089   1003.664    180.000     4.0376   3.243487     4.0342   3.244388      96.93     0.0192     2.7633     2.4718  1.9828421  1.1249012   47.00028  -46.48342    34.7213    34.7356     4.0250     4.0216    27.5620    27.5737    5.82438    5.95352         37 0.0000e+00
      24123   1005.090    179.000     4.0471   3.244294     4.0562   3.246497      96.94     0.0253     2.7608     2.4676  1.9819492  1.1283220   47.00028  -46.48342    34.7214    34.7380     4.0346     4.0436    27.5611    27.5733    5.82127    5.94489         29 0.0000e+00
      24148   1006.141    178.000     4.0874   3.248054     4.0796   3.248650      96.94     0.0267     2.7585     2.4647  1.9835126  1.1310196   47.00028  -46.48342    34.7239    34.7393     4.0749     4.0670    27.5588    27.5719    5.80311    5.93785         22 0.0000e+00
      24169   1006.998    177.000     4.0920   3.248304     4.0908   3.249580      96.94     0.0246     2.7562     2.4632  1.9841413  1.1323876   47.00028  -46.48342    34.7226    34.7390     4.0796     4.0784    27.5573    27.5704    5.78964    5.93238         20 0.0000e+00
      24189   1007.829    176.000     4.0827   3.247311     4.0869   3.249054      96.94     0.0226     2.7543     2.4611  1.9855727  1.1332009   47.00028  -46.48342    34.7212    34.7374     4.0703     4.0745    27.5571    27.5696    5.79829    5.92679         21 0.0000e+00
      24210   1008.723    175.000     4.0759   3.246450     4.0809   3.248294      96.83     0.0215     2.7535     2.4595  1.9878278  1.1342775   47.00028  -46.48342    34.7187    34.7353     4.0636     4.0686    27.5559    27.5686    5.81792    5.93000         23 0.0000e+00
      24241   1010.001    174.000     4.0765   3.246407     4.0723   3.247254      96.85     0.0209     2.7560     2.4591  1.9896970  1.1346456   47.00028  -46.48342    34.7181    34.7327     4.0643     4.0600    27.5553    27.5673    5.84548    5.94716         41 0.0000e+00
      24289   1011.996    173.000     4.0795   3.246670     4.0698   3.246884      96.89     0.0188     2.7611     2.4600  1.9925369  1.1348666   47.00028  -46.48342    34.7186    34.7315     4.0674     4.0576    27.5554    27.5666    5.85967    5.96130         43 0.0000e+00
      24319   1013.252    172.000     4.0543   3.244025     4.0570   3.245449      96.88     0.0211     2.7637     2.4623  1.9939207  1.1343014   47.00028  -46.48340    34.7144    34.7284     4.0422     4.0449    27.5547    27.5656    5.85959    5.99413         24 0.0000e+00
