data/CTD/2013/CNV/U021A036.CNV
* Sea-Bird SBE 9 Data File:
* FileName = C:\CTD_ACQUISITION\2013021HUD\ctddata\021A036.hdr
* Software Version Seasave V 7.22.2
* Temperature SN = 5081
* Conductivity SN = 3561
* Number of Bytes Per Scan = 37
* Number of Voltage Words = 4
* Number of Scans Averaged by the Deck Unit = 1
* NMEA Latitude = 48 18.49 N
* NMEA Longitude = 046 32.56 W
* NMEA UTC (Time) = Jul 03 2013 17:07:39
* NMEA baud rate = 9600
** Ship: Hudson
** Cruise: HUD2013021
** Chief_Scientist: Greenan
** Organization: BIO
** Area_of_Operation: Sackville Spur
** Station: 36
** Sounding:  1047
** Event_Comments: SS11  393172
# nquan = 25
# nvalues = 1048                        
# units = specified
# name 0 = scan: Scan Count
# name 1 = timeS: Time, Elapsed [seconds]
# name 2 = prDM: Pressure, Digiquartz [db]
# name 3 = t068C: Temperature [ITS-68, deg C]
# name 4 = c0S/m: Conductivity [S/m]
# name 5 = t168C: Temperature, 2 [ITS-68, deg C]
# name 6 = c1S/m: Conductivity, 2 [S/m]
# name 7 = altM: Altimeter [m]
# name 8 = flCUVA: Fluorescence, Chelsea UV Aquatracka [ug/l]
# name 9 = sbeox0V: Oxygen raw, SBE 43 [V]
# name 10 = sbeox1V: Oxygen raw, SBE 43, 2 [V]
# name 11 = upoly0: Upoly 0, Optode 4330F - O2 D-Phase
# name 12 = upoly1: Upoly 1, Optode 4330F - O2 Temp
# name 13 = latitude: Latitude [deg]
# name 14 = longitude: Longitude [deg]
# name 15 = sal00: Salinity, Practical [PSU]
# name 16 = sal11: Salinity, Practical, 2 [PSU]
# name 17 = potemp068C: Potential Temperature [ITS-68, deg C]
# name 18 = potemp168C: Potential Temperature, 2 [ITS-68, deg C]
# name 19 = sigma-é00: Density [sigma-theta, Kg/m^3]
# name 20 = sigma-é11: Density, 2 [sigma-theta, Kg/m^3]
# name 21 = sbeox0ML/L: Oxygen, SBE 43 [ml/l], WS = 2
# name 22 = sbeox1ML/L: Oxygen, SBE 43, 2 [ml/l], WS = 2
# name 23 = nbin: number of scans per bin
# name 24 = flag: flag
# span 0 =      34922,      59827       
# span 1 =   1455.046,   2492.759       
# span 2 =      1.000,   1048.000       
# span 3 =    -0.0996,     5.7054       
# span 4 =   2.763475,   3.284784       
# span 5 =    -0.1004,     5.6916       
# span 6 =   2.764557,   3.286156       
# span 7 =       2.82,     102.02       
# span 8 =     0.0065,     0.3179       
# span 9 =     2.5815,     3.3905       
# span 10 =     2.3206,     3.0411      
# span 11 =  1.7340245,  2.0170945      
# span 12 =  0.6337084,  1.3439540      
# span 13 =   48.30644,   48.30690      
# span 14 =  -46.54056,  -46.53926      
# span 15 =    32.6294,    34.9063      
# span 16 =    32.6454,    34.9226      
# span 17 =    -0.1008,     5.7050      
# span 18 =    -0.1017,     5.6913      
# span 19 =    25.7200,    27.7342      
# span 20 =    25.7335,    27.7473      
# span 21 =    5.98864,    8.25598      
# span 22 =    6.18382,    8.39716      
# span 23 =         11,        480      
# span 24 = 0.0000e+00, 0.0000e+00      
# interval = decibars: 1                
# start_time = Jul 03 2013 17:07:39 [NMEA time, header]
# bad_flag = -9.990e-29
*END*
[from data line 522]
      47600   1983.291    526.000     3.9393   3.262162     3.9387   3.263488      96.14     0.0168     2.7957     2.4965  1.9512852  1.1184372   48.30662  -46.53982    34.8622    34.8785     3.9013     3.9007    27.6869    27.7000    6.22987    6.37044         18 0.0000e+00
      47617   1984.009    525.000     3.9391   3.262105     3.9388   3.263448      69.82     0.0125     2.7955     2.4969  1.9514492  1.1184372   48.30662  -46.53982    34.8623    34.8785     3.9012     3.9009    27.6870    27.6999    6.21905    6.36620         17 0.0000e+00
      47635   1984.754    524.000     3.9390   3.262061     3.9388   3.263405      83.04     0.0087     2.7954     2.4972  1.9511583  1.1184372   48.30662  -46.53982    34.8623    34.8785     3.9012     3.9009    27.6871    27.7000    6.21990    6.36048         19 0.0000e+00
      47657   1985.652    523.000     3.9388   3.262000     3.9385   3.263339      95.74     0.0128     2.7957     2.4970  1.9509196  1.1184372   48.30663  -46.53982    34.8623    34.8786     3.9011     3.9007    27.6871    27.7001    6.22551    6.35523         25 0.0000e+00
      47684   1986.786    522.000     3.9387   3.261948     3.9383   3.263273      79.99     0.0165     2.7958     2.4969  1.9501026  1.1184372   48.30663  -46.53982    34.8624    34.8785     3.9010     3.9006    27.6871    27.7000    6.21944    6.36063         28 0.0000e+00
      47710   1987.894    521.000     3.9387   3.261890     3.9382   3.263216      86.09     0.0155     2.7958     2.4974  1.9505321  1.1184372   48.30662  -46.53982    34.8623    34.8785     3.9011     3.9006    27.6870    27.7000    6.21757    6.36163         25 0.0000e+00
      47734   1988.887    520.000     3.9384   3.261825     3.9380   3.263146      95.47     0.0127     2.7952     2.4976  1.9511136  1.1184372   48.30662  -46.53982    34.8623    34.8784     3.9009     3.9004    27.6871    27.7000    6.21679    6.36479         23 0.0000e+00
      47759   1989.900    519.000     3.9381   3.261741     3.9377   3.263070      74.39     0.0157     2.7959     2.4985  1.9510187  1.1184372   48.30662  -46.53982    34.8622    34.8783     3.9006     3.9002    27.6870    27.6999    6.22765    6.36845         26 0.0000e+00
      47784   1990.964    518.000     3.9378   3.261665     3.9375   3.262993      89.51     0.0150     2.7968     2.4989  1.9509549  1.1184372   48.30662  -46.53981    34.8621    34.8782     3.9005     3.9014    27.6869    27.6998    6.22775    6.36079         24 0.0000e+00
      47805   1991.833    517.000     3.9377   3.261592     3.9372   3.262916      96.28     0.0176     2.7974     2.4987  1.9508871  1.1184372   48.30662  -46.53980    34.8619    34.8781     3.9004     3.8999    27.6868    27.6997    6.22307    6.35524         18 0.0000e+00
      47821   1992.517    516.000     3.9374   3.261514     3.9371   3.262849      96.13     0.0176     2.7968     2.4983  1.9509999  1.1186041   48.30662  -46.53980    34.8618    34.8780     3.9002     3.8998    27.6867    27.6997    6.22093    6.35549         15 0.0000e+00
      47836   1993.122    515.000     3.9374   3.261460     3.9370   3.262796      59.33     0.0186     2.7974     2.4986  1.9510750  1.1187915   48.30662  -46.53982    34.8617    34.8779     3.9003     3.8999    27.6866    27.6996    6.22812    6.35811         14 0.0000e+00
      47850   1993.704    514.000     3.9373   3.261403     3.9369   3.262734      81.66     0.0166     2.7980     2.4987  1.9509168  1.1188438   48.30662  -46.53982    34.8616    34.8779     3.9003     3.8998    27.6866    27.6996    6.22732    6.35783         15 0.0000e+00
      47865   1994.324    513.000     3.9372   3.261345     3.9367   3.262677      95.30     0.0168     2.7980     2.4987  1.9507552  1.1185232   48.30662  -46.53982    34.8616    34.8779     3.9002     3.8997    27.6866    27.6996    6.22603    6.35879         15 0.0000e+00
      47883   1995.082    512.000     3.9370   3.261286     3.9367   3.262622      56.29     0.0178     2.7985     2.4991  1.9505552  1.1184394   48.30662  -46.53980    34.8616    34.8778     3.9001     3.8997    27.6866    27.6996    6.22624    6.36186         22 0.0000e+00
      47914   1996.373    511.000     3.9368   3.261226     3.9365   3.262570      72.54     0.0147     2.7989     2.4995  1.9502759  1.1184372   48.30662  -46.53980    34.8616    34.8779     3.9000     3.8997    27.6866    27.6996    6.22260    6.36034         41 0.0000e+00
      47951   1997.913    510.000     3.9368   3.261165     3.9365   3.262518      76.43     0.0093     2.7990     2.5000  1.9502432  1.1184372   48.30662  -46.53980    34.8614    34.8778     3.9001     3.8998    27.6865    27.6995    6.22161    6.36072         28 0.0000e+00
      47975   1998.918    509.000     3.9367   3.261108     3.9363   3.262440      88.21     0.0107     2.7990     2.5002  1.9506295  1.1184372   48.30662  -46.53980    34.8614    34.8777     3.9000     3.8996    27.6865    27.6995    6.22271    6.35935         23 0.0000e+00
      47997   1999.837    508.000     3.9364   3.261054     3.9361   3.262393      95.04     0.0126     2.7993     2.5004  1.9506054  1.1183827   48.30662  -46.53980    34.8616    34.8778     3.8998     3.8995    27.6866    27.6996    6.22484    6.36438         22 0.0000e+00
      48019   2000.767    507.000     3.9364   3.261005     3.9361   3.262343      64.19     0.0131     2.8001     2.5011  1.9499418  1.1184369   48.30662  -46.53980    34.8616    34.8778     3.8998     3.8995    27.6866    27.6996    6.23276    6.36438         22 0.0000e+00
      48041   2001.681    506.000     3.9362   3.260943     3.9359   3.262283      60.78     0.0133     2.8008     2.5013  1.9499389  1.1184372   48.30662  -46.53980    34.8616    34.8778     3.8998     3.8995    27.6866    27.6995    6.22557    6.36256         21 0.0000e+00
      48060   2002.473    505.000     3.9362   3.260886     3.9359   3.262207      96.35     0.0105     2.8008     2.5015  1.9499389  1.1184372   48.30662  -46.53980    34.8615    34.8775     3.8998     3.8995    27.6865    27.6993    6.22508    6.36032         17 0.0000e+00
      48077   2003.167    504.000     3.9361   3.260819     3.9357   3.262154      95.43     0.0096     2.8012     2.5017  1.9499389  1.1184372   48.30662  -46.53980    34.8613    34.8775     3.8998     3.8994    27.6864    27.6993    6.22814    6.35740         16 0.0000e+00
      48093   2003.820    503.000     3.9360   3.260755     3.9357   3.262088      81.02     0.0067     2.8013     2.5015  1.9499389  1.1184372   48.30662  -46.53979    34.8611    34.8773     3.8998     3.8995    27.6862    27.6991    6.22754    6.35743         16 0.0000e+00
      48109   2004.511    502.000     3.9359   3.260696     3.9356   3.262033      68.24     0.0071     2.8017     2.5018  1.9499389  1.1184372   48.30662  -46.53978    34.8610    34.8772     3.8998     3.8995    27.6862    27.6991    6.22987    6.35912         18 0.0000e+00
      48131   2005.401    501.000     3.9358   3.260651     3.9355   3.261978      94.78     0.0084     2.8026     2.5019  1.9499389  1.1184372   48.30660  -46.53978    34.8612    34.8773     3.8998     3.8994    27.6863    27.6992    6.23155    6.36194         26 0.0000e+00
      48163   2006.762    500.000     3.9357   3.260584     3.9354   3.261911      77.86     0.0110     2.8030     2.5030  1.9491066  1.1184372   48.30660  -46.53978    34.8610    34.8771     3.8997     3.8994    27.6862    27.6990    6.22473    6.37104         37 0.0000e+00
      48196   2008.144    499.000     3.9357   3.260535     3.9354   3.261858      92.80     0.0145     2.8029     2.5042  1.9495143  1.1183922   48.30660  -46.53978    34.8609    34.8770     3.8998     3.8995    27.6861    27.6989    6.22372    6.36892         28 0.0000e+00
      48220   2009.141    498.000     3.9356   3.260444     3.9350   3.261753      95.62     0.0137     2.8031     2.5044  1.9498866  1.1184379   48.30662  -46.53978    34.8606    34.8767     3.8997     3.8991    27.6858    27.6987    6.22883    6.36274         21 0.0000e+00
      48239   2009.918    497.000     3.9352   3.260329     3.9346   3.261629      73.01     0.0128     2.8036     2.5045  1.9501549  1.1184372   48.30662  -46.53978    34.8601    34.8762     3.8994     3.8989    27.6855    27.6983    6.23414    6.36350         17 0.0000e+00
      48255   2010.584    496.000     3.9355   3.260242     3.9354   3.261577      70.88     0.0153     2.8042     2.5045  1.9508346  1.1182743   48.30662  -46.53978    34.8593    34.8752     3.8998     3.8997    27.6848    27.6975    6.23594    6.36513         15 0.0000e+00
      48270   2011.195    495.000     3.9368   3.260233     3.9372   3.261615      96.04     0.0174     2.8054     2.5052  1.9508108  1.1183509   48.30662  -46.53978    34.8583    34.8743     3.9012     3.9016    27.6839    27.6966    6.23128    6.37073         14 0.0000e+00
      48284   2011.793    494.000     3.9381   3.260256     3.9382   3.261615      82.61     0.0177     2.8043     2.5054  1.9507529  1.1181926   48.30662  -46.53978    34.8578    34.8738     3.9026     3.9026    27.6833    27.6961    6.22715    6.37354         15 0.0000e+00
      48299   2012.422    493.000     3.9389   3.260252     3.9388   3.261595      61.13     0.0169     2.8057     2.5063  1.9491405  1.1184311   48.30662  -46.53978    34.8574    34.8735     3.9035     3.9033    27.6829    27.6957    6.23551    6.37426         16 0.0000e+00
      48317   2013.158    492.000     3.9391   3.260215     3.9392   3.261583      94.12     0.0161     2.8057     2.5066  1.9487916  1.1184372   48.30662  -46.53978    34.8573    34.8734     3.9037     3.9038    27.6828    27.6956    6.22973    6.36538         20 0.0000e+00
      48346   2014.370    491.000     3.9397   3.260210     3.9396   3.261560      84.62     0.0195     2.8061     2.5067  1.9487495  1.1184372   48.30660  -46.53977    34.8571    34.8733     3.9044     3.9042    27.6826    27.6955    6.22818    6.36573         43 0.0000e+00
      48392   2016.297    490.000     3.9392   3.260129     3.9380   3.261430      89.85     0.0125     2.8069     2.5070  1.9487150  1.1184372   48.30660  -46.53976    34.8572    34.8740     3.9040     3.9027    27.6827    27.6962    6.23685    6.36165         35 0.0000e+00
      48416   2017.298    489.000     3.9398   3.260101     3.9392   3.261426      96.27     0.0112     2.8077     2.5068  1.9487180  1.1184372   48.30660  -46.53976    34.8568    34.8731     3.9046     3.9040    27.6823    27.6954    6.23313    6.35236         20 0.0000e+00
      48435   2018.066    488.000     3.9416   3.260137     3.9418   3.261496      63.07     0.0145     2.8081     2.5059  1.9493105  1.1182890   48.30662  -46.53976    34.8558    34.8718     3.9065     3.9067    27.6813    27.6940    6.22756    6.35014         17 0.0000e+00
      48451   2018.748    487.000     3.9437   3.260174     3.9436   3.261524      81.95     0.0156     2.8074     2.5058  1.9499370  1.1184368   48.30662  -46.53976    34.8545    34.8707     3.9087     3.9086    27.6801    27.6930    6.22711    6.35946         17 0.0000e+00
      48468   2019.447    486.000     3.9445   3.260168     3.9447   3.261532      95.86     0.0197     2.8084     2.5065  1.9499389  1.1182958   48.30662  -46.53976    34.8542    34.8701     3.9095     3.9098    27.6797    27.6924    6.23104    6.36531         17 0.0000e+00
      48487   2020.270    485.000     3.9449   3.260148     3.9453   3.261524      95.59     0.0184     2.8082     2.5068  1.9491121  1.1183816   48.30662  -46.53976    34.8541    34.8700     3.9100     3.9104    27.6796    27.6922    6.23149    6.36394         23 0.0000e+00
      48512   2021.275    484.000     3.9449   3.260104     3.9458   3.261512      44.77     0.0204     2.8088     2.5073  1.9487165  1.1184374   48.30662  -46.53976    34.8540    34.8698     3.9101     3.9110    27.6795    27.6920    6.22758    6.36422         24 0.0000e+00
      48534   2022.202    483.000     3.9457   3.260093     3.9462   3.261490      96.72     0.0188     2.8088     2.5077  1.9487180  1.1186233   48.30662  -46.53976    34.8536    34.8696     3.9110     3.9115    27.6791    27.6918    6.22958    6.36462         20 0.0000e+00
      48552   2022.955    482.000     3.9464   3.260088     3.9469   3.261477      95.69     0.0147     2.8093     2.5082  1.9487180  1.1187955   48.30660  -46.53976    34.8533    34.8693     3.9118     3.9122    27.6788    27.6915    6.23695    6.36782         17 0.0000e+00
      48569   2023.656    481.000     3.9468   3.260076     3.9470   3.261453      90.11     0.0141     2.8099     2.5087  1.9487180  1.1190792   48.30660  -46.53976    34.8533    34.8694     3.9122     3.9124    27.6787    27.6915    6.23828    6.36988         17 0.0000e+00
      48587   2024.431    480.000     3.9474   3.260063     3.9474   3.261425      63.89     0.0128     2.8107     2.5093  1.9487180  1.1196382   48.30660  -46.53976    34.8530    34.8692     3.9129     3.9129    27.6784    27.6913    6.22818    6.36713         21 0.0000e+00
      48628   2026.107    479.000     3.9474   3.260021     3.9471   3.261362      89.25     0.0167     2.8098     2.5092  1.9487613  1.1196581   48.30660  -46.53976    34.8531    34.8693     3.9130     3.9132    27.6785    27.6914    6.22242    6.35483         57 0.0000e+00
      48666   2027.720    478.000     3.9477   3.259968     3.9467   3.261283      57.76     0.0141     2.8095     2.5084  1.9487159  1.1196581   48.30662  -46.53976    34.8527    34.8693     3.9133     3.9124    27.6781    27.6914    6.22521    6.35171         16 0.0000e+00
      48680   2028.286    477.000     3.9479   3.259937     3.9475   3.261268      96.95     0.0130     2.8101     2.5084  1.9476461  1.1186757   48.30662  -46.53976    34.8526    34.8688     3.9136     3.9132    27.6780    27.6910    6.22079    6.35229         14 0.0000e+00
      48692   2028.802    476.000     3.9483   3.259897     3.9480   3.261234      95.23     0.0113     2.8098     2.5081  1.9470407  1.1184320   48.30662  -46.53976    34.8522    34.8684     3.9141     3.9138    27.6777    27.6906    6.21871    6.34791         11 0.0000e+00
      48704   2029.272    475.000     3.9487   3.259854     3.9486   3.261205      95.75     0.0152     2.8091     2.5081  1.9468861  1.1184372   48.30662  -46.53976    34.8519    34.8680     3.9145     3.9144    27.6774    27.6902    6.21383    6.34401         12 0.0000e+00
      48715   2029.740    474.000     3.9489   3.259812     3.9488   3.261165      95.89     0.0178     2.8093     2.5074  1.9470494  1.1184372   48.30662  -46.53976    34.8516    34.8678     3.9149     3.9148    27.6771    27.6900    6.22163    6.33778         11 0.0000e+00
      48727   2030.263    473.000     3.9491   3.259780     3.9488   3.261121      95.74     0.0165     2.8097     2.5072  1.9474901  1.1188666   48.30662  -46.53976    34.8516    34.8678     3.9151     3.9148    27.6771    27.6900    6.22839    6.32982         14 0.0000e+00
      48756   2031.444    472.000     3.9488   3.259723     3.9486   3.261062      83.80     0.0132     2.8104     2.5056  1.9482583  1.1192669   48.30662  -46.53975    34.8517    34.8679     3.9149     3.9146    27.6772    27.6901    6.22737    6.33270         54 0.0000e+00
      48813   2033.830    471.000     3.9484   3.259632     3.9476   3.260970      85.84     0.0139     2.8112     2.5060  1.9486587  1.1193633   48.30662  -46.53974    34.8516    34.8684     3.9146     3.9138    27.6771    27.6906    6.22045    6.35459         29 0.0000e+00
      48830   2034.530    470.000     3.9486   3.259599     3.9479   3.260923      63.88     0.0186     2.8107     2.5065  1.9474854  1.1184279   48.30662  -46.53974    34.8515    34.8680     3.9149     3.9141    27.6771    27.6903    6.22897    6.35272         16 0.0000e+00
