data/CTD/2013/CNV/U021A018.CNV
* Sea-Bird SBE 9 Data File:
* FileName = C:\CTD_ACQUISITION\2013021HUD\ctddata\021A018.hdr
* Software Version Seasave V 7.22.2
* Temperature SN = 5081
* Conductivity SN = 3561
* Number of Bytes Per Scan = 37
* Number of Voltage Words = 4
* Number of Scans Averaged by the Deck Unit = 1
* NMEA Latitude = 47 00.01 N
* NMEA Longitude = 046 44.51 W
* NMEA UTC (Time) = Jul 02 2013 03:43:13
* NMEA baud rate = 9600
** Ship: Hudson
** Cruise: HUD2013021
** Chief_Scientist: Greenan
** Organization: BIO
** Area_of_Operation: Sackville Spur
** Station: 18
** Sounding:  1161
** Event_Comments: FC18.5  393123
# nquan = 25
# nvalues = 1149                        
# units = specified
# name 0 = scan: Scan Count
# name 1 = timeS: Time, Elapsed [seconds]
# name 2 = prDM: Pressure, Digiquartz [db]
# name 3 = t068C: Temperature [ITS-68, deg C]
# name 4 = c0S/m: Conductivity [S/m]
# name 5 = t168C: Temperature, 2 [ITS-68, deg C]
# name 6 = c1S/m: Conductivity, 2 [S/m]
# name 7 = altM: Altimeter [m]
# name 8 = flCUVA: Fluorescence, Chelsea UV Aquatracka [ug/l]
# name 9 = sbeox0V: Oxygen raw, SBE 43 [V]
# name 10 = sbeox1V: Oxygen raw, SBE 43, 2 [V]
# name 11 = upoly0: Upoly 0, Optode 4330F - O2 D-Phase
# name 12 = upoly1: Upoly 1, Optode 4330F - O2 Temp
# name 13 = latitude: Latitude [deg]
# name 14 = longitude: Longitude [deg]
# name 15 = sal00: Salinity, Practical [PSU]
# name 16 = sal11: Salinity, Practical, 2 [PSU]
# name 17 = potemp068C: Potential Temperature [ITS-68, deg C]
# name 18 = potemp168C: Potential Temperature, 2 [ITS-68, deg C]
# name 19 = sigma-é00: Density [sigma-theta, Kg/m^3]
# name 20 = sigma-é11: Density, 2 [sigma-theta, Kg/m^3]
# name 21 = sbeox0ML/L: Oxygen, SBE 43 [ml/l], WS = 2
# name 22 = sbeox1ML/L: Oxygen, SBE 43, 2 [ml/l], WS = 2
# name 23 = nbin: number of scans per bin
# name 24 = flag: flag
# span 0 =      37072,      64898       
# span 1 =   1544.621,   2704.043       
# span 2 =      1.000,   1149.000       
# span 3 =     0.6331,     5.7386       
# span 4 =   2.863578,   3.297280       
# span 5 =     0.6156,     5.7464       
# span 6 =   2.862757,   3.298666       
# span 7 =       8.80,     108.59       
# span 8 =     0.0053,     0.3620       
# span 9 =     2.5104,     3.3623       
# span 10 =     2.2595,     3.0001      
# span 11 =  1.7313343,  2.0327630      
# span 12 =  0.7450139,  1.3354292      
# span 13 =   47.00202,   47.00343      
# span 14 =  -46.74170,  -46.74075      
# span 15 =    32.7063,    34.9196      
# span 16 =    32.7217,    34.9352      
# span 17 =     0.6308,     5.7372      
# span 18 =     0.6134,     5.7450      
# span 19 =    25.7786,    27.7495      
# span 20 =    25.7913,    27.7622      
# span 21 =    5.87777,    7.45969      
# span 22 =    6.06281,    7.63305      
# span 23 =         12,        384      
# span 24 = 0.0000e+00, 0.0000e+00      
# interval = decibars: 1                
# start_time = Jul 02 2013 03:43:13 [NMEA time, header]
# bad_flag = -9.990e-29
*END*
[from data line 812]
      56427   2351.078    337.000     4.0931   3.266412     4.0922   3.267653      97.09     0.0162     2.8175     2.5083  1.9499389  1.1318681   47.00338  -46.74120    34.8501    34.8657     4.0688     4.0680    27.6599    27.6724    6.08133    6.19580         16 0.0000e+00
      56443   2351.741    336.000     4.0905   3.266100     4.0893   3.267307      96.53     0.0161     2.8163     2.5072  1.9499389  1.1322933   47.00338  -46.74121    34.8497    34.8652     4.0664     4.0652    27.6598    27.6723    6.07556    6.17828         17 0.0000e+00
      56460   2352.454    335.000     4.0935   3.266367     4.0914   3.267437      96.54     0.0146     2.8143     2.5043  1.9499389  1.1330616   47.00338  -46.74122    34.8504    34.8651     4.0694     4.0673    27.6600    27.6720    6.04915    6.14980         18 0.0000e+00
      56480   2353.295    334.000     4.1142   3.268362     4.1079   3.269065      96.54     0.0114     2.8095     2.5002  1.9501019  1.1330892   47.00338  -46.74122    34.8524    34.8674     4.0901     4.0839    27.6595    27.6720    6.01344    6.12535         22 0.0000e+00
      56503   2354.242    333.000     4.1334   3.270036     4.1251   3.270694      96.54     0.0100     2.8036     2.4954  1.9531510  1.1351418   47.00336  -46.74122    34.8525    34.8691     4.1093     4.1010    27.6575    27.6716    5.99089    6.10962         23 0.0000e+00
      56524   2355.146    332.000     4.1423   3.271086     4.1444   3.272568      96.54     0.0134     2.7985     2.4915  1.9536018  1.1354700   47.00336  -46.74122    34.8560    34.8713     4.1183     4.1204    27.6593    27.6712    5.99128    6.10870         20 0.0000e+00
      56545   2355.979    331.000     4.1598   3.272783     4.1628   3.274375      96.54     0.0133     2.7954     2.4892  1.9516482  1.1363249   47.00338  -46.74122    34.8581    34.8737     4.1358     4.1388    27.6591    27.6712    6.00723    6.12417         20 0.0000e+00
      56566   2356.869    330.000     4.1861   3.275364     4.1853   3.276599      96.54     0.0152     2.7952     2.4891  1.9514267  1.1367494   47.00338  -46.74122    34.8613    34.8767     4.1622     4.1613    27.6588    27.6712    6.02986    6.14780         23 0.0000e+00
      56591   2357.896    329.000     4.2337   3.279797     4.2228   3.280203      44.59     0.0128     2.7964     2.4909  1.9507842  1.1384429   47.00338  -46.74122    34.8639    34.8801     4.2097     4.1988    27.6558    27.6699    6.04400    6.15894         26 0.0000e+00
      56615   2358.926    328.000     4.2677   3.283373     4.2570   3.283678      96.93     0.0109     2.7992     2.4930  1.9513240  1.1399508   47.00338  -46.74122    34.8706    34.8855     4.2437     4.2330    27.6575    27.6705    6.04857    6.15522         23 0.0000e+00
      56638   2359.863    327.000     4.2690   3.283451     4.2661   3.284633      96.50     0.0143     2.8009     2.4940  1.9505981  1.1413161   47.00338  -46.74122    34.8707    34.8877     4.2450     4.2421    27.6575    27.6713    6.04145    6.14796         22 0.0000e+00
      56659   2360.753    326.000     4.2368   3.279840     4.2389   3.281581      90.14     0.0129     2.8019     2.4948  1.9502865  1.1428633   47.00338  -46.74122    34.8627    34.8810     4.2130     4.2151    27.6545    27.6688    6.03880    6.15162         21 0.0000e+00
      56680   2361.631    325.000     4.1977   3.275841     4.1953   3.277060      96.12     0.0143     2.8017     2.4952  1.9514000  1.1442037   47.00338  -46.74122    34.8574    34.8742     4.1741     4.1717    27.6545    27.6681    6.03375    6.15368         21 0.0000e+00
      56701   2362.487    324.000     4.1744   3.273371     4.1735   3.274690      96.53     0.0133     2.8012     2.4952  1.9548531  1.1483881   47.00338  -46.74122    34.8533    34.8699     4.1509     4.1500    27.6537    27.6670    6.03510    6.15460         20 0.0000e+00
      56721   2363.327    323.000     4.1648   3.272314     4.1636   3.273531      96.54     0.0147     2.8011     2.4955  1.9548229  1.1483228   47.00338  -46.74122    34.8516    34.8672     4.1414     4.1402    27.6533    27.6659    6.03812    6.15983         21 0.0000e+00
      56742   2364.200    322.000     4.1654   3.272306     4.1641   3.273511      96.53     0.0137     2.8009     2.4959  1.9581071  1.1467669   47.00338  -46.74124    34.8513    34.8670     4.1421     4.1408    27.6530    27.6657    6.04385    6.16003         21 0.0000e+00
      56763   2365.098    321.000     4.1731   3.273016     4.1711   3.274179      96.53     0.0141     2.8019     2.4961  1.9584917  1.1466345   47.00338  -46.74124    34.8521    34.8680     4.1498     4.1478    27.6529    27.6658    6.04156    6.15717         21 0.0000e+00
      56784   2365.979    320.000     4.1796   3.273599     4.1788   3.274890      96.55     0.0162     2.8012     2.4963  1.9590214  1.1457440   47.00338  -46.74124    34.8527    34.8687     4.1564     4.1556    27.6526    27.6655    6.03614    6.15572         21 0.0000e+00
      56805   2366.839    319.000     4.1826   3.273891     4.1828   3.275237      96.53     0.0160     2.8016     2.4965  1.9597113  1.1452962   47.00338  -46.74124    34.8534    34.8692     4.1595     4.1605    27.6529    27.6654    6.03381    6.15204         21 0.0000e+00
      56826   2367.714    318.000     4.1824   3.273825     4.1827   3.275191      96.53     0.0189     2.8014     2.4963  1.9596484  1.1452992   47.00338  -46.74124    34.8535    34.8692     4.1593     4.1597    27.6529    27.6654    6.03432    6.14966         21 0.0000e+00
      56848   2368.619    317.000     4.1793   3.273467     4.1763   3.274496      63.12     0.0195     2.8015     2.4964  1.9597079  1.1452992   47.00338  -46.74124    34.8530    34.8683     4.1564     4.1534    27.6529    27.6654    6.03153    6.14869         22 0.0000e+00
      56869   2369.517    316.000     4.1759   3.273044     4.1730   3.274070      97.21     0.0168     2.8007     2.4958  1.9597069  1.1454177   47.00338  -46.74124    34.8522    34.8674     4.1530     4.1501    27.6526    27.6650    6.01836    6.12884         21 0.0000e+00
      56890   2370.375    315.000     4.1757   3.272965     4.1745   3.274158      96.50     0.0165     2.7994     2.4937  1.9597069  1.1465206   47.00338  -46.74124    34.8519    34.8674     4.1529     4.1517    27.6524    27.6648    6.00385    6.10719         21 0.0000e+00
      56911   2371.242    314.000     4.1781   3.273131     4.1775   3.274415      96.52     0.0165     2.7973     2.4911  1.9597069  1.1465201   47.00338  -46.74124    34.8519    34.8677     4.1554     4.1548    27.6521    27.6648    5.99022    6.10331         21 0.0000e+00
      56934   2372.190    313.000     4.1829   3.273556     4.1816   3.274761      96.53     0.0177     2.7943     2.4895  1.9598089  1.1465201   47.00338  -46.74124    34.8524    34.8680     4.1602     4.1589    27.6520    27.6646    5.98416    6.10436         24 0.0000e+00
      56958   2373.199    312.000     4.1847   3.273674     4.1863   3.275185      96.52     0.0200     2.7932     2.4877  1.9599631  1.1465201   47.00338  -46.74126    34.8525    34.8686     4.1621     4.1637    27.6518    27.6645    5.99458    6.10367         24 0.0000e+00
      56980   2374.133    311.000     4.1871   3.273845     4.1848   3.274972      96.34     0.0179     2.7916     2.4870  1.9602325  1.1465201   47.00338  -46.74126    34.8524    34.8682     4.1645     4.1623    27.6516    27.6643    5.98567    6.10151         21 0.0000e+00
      57000   2374.965    310.000     4.2076   3.275776     4.2106   3.277303      96.54     0.0161     2.7913     2.4858  1.9613872  1.1465201   47.00338  -46.74125    34.8541    34.8690     4.1851     4.1880    27.6507    27.6623    5.99798    6.09919         19 0.0000e+00
      57018   2375.707    309.000     4.2268   3.277460     4.2314   3.279197      96.52     0.0127     2.7917     2.4857  1.9616458  1.1468071   47.00338  -46.74124    34.8542    34.8699     4.2043     4.2089    27.6487    27.6607    5.99691    6.09967         17 0.0000e+00
      57035   2376.412    308.000     4.2268   3.277329     4.2270   3.278665      19.83     0.0117     2.7917     2.4855  1.9633585  1.1476636   47.00338  -46.74124    34.8532    34.8688     4.2044     4.2046    27.6480    27.6603    5.98946    6.10266         17 0.0000e+00
      57053   2377.158    307.000     4.2235   3.276921     4.2221   3.278090      89.10     0.0120     2.7915     2.4857  1.9633700  1.1476133   47.00338  -46.74126    34.8525    34.8677     4.2011     4.2007    27.6477    27.6600    5.98909    6.10369         19 0.0000e+00
      57075   2378.070    306.000     4.2224   3.276736     4.2216   3.277982      96.13     0.0135     2.7912     2.4856  1.9633700  1.1489902   47.00336  -46.74126    34.8520    34.8675     4.2001     4.1993    27.6474    27.6599    5.98803    6.10550         25 0.0000e+00
      57102   2379.190    305.000     4.2230   3.276740     4.2226   3.278024      90.48     0.0174     2.7912     2.4864  1.9633700  1.1493992   47.00338  -46.74126    34.8519    34.8675     4.2008     4.2004    27.6473    27.6597    5.99158    6.10835         28 0.0000e+00
      57128   2380.307    304.000     4.2253   3.276916     4.2250   3.278201      95.63     0.0177     2.7914     2.4862  1.9645085  1.1504414   47.00338  -46.74126    34.8521    34.8676     4.2031     4.2029    27.6472    27.6595    5.98075    6.09878         25 0.0000e+00
      57151   2381.240    303.000     4.2296   3.277315     4.2308   3.278716      96.14     0.0172     2.7897     2.4864  1.9645921  1.1504892   47.00338  -46.74126    34.8528    34.8682     4.2076     4.2087    27.6472    27.6594    5.97101    6.09585         20 0.0000e+00
      57170   2382.032    302.000     4.2337   3.277679     4.2342   3.279037      96.13     0.0145     2.7899     2.4855  1.9646597  1.1511422   47.00338  -46.74126    34.8532    34.8688     4.2118     4.2122    27.6471    27.6595    5.98310    6.08753         18 0.0000e+00
      57188   2382.792    301.000     4.2363   3.277893     4.2363   3.279205      96.16     0.0129     2.7902     2.4851  1.9645909  1.1514043   47.00337  -46.74127    34.8536    34.8690     4.2144     4.2144    27.6471    27.6594    5.98166    6.08561         19 0.0000e+00
      57208   2383.619    300.000     4.2422   3.278425     4.2416   3.279714      96.47     0.0147     2.7896     2.4843  1.9655147  1.1515774   47.00336  -46.74128    34.8541    34.8700     4.2204     4.2197    27.6469    27.6596    5.97020    6.07275         21 0.0000e+00
      57231   2384.583    299.000     4.2489   3.279038     4.2486   3.280366      96.37     0.0151     2.7887     2.4829  1.9682524  1.1525270   47.00336  -46.74128    34.8548    34.8709     4.2271     4.2268    27.6468    27.6596    5.96206    6.07021         25 0.0000e+00
      57255   2385.565    298.000     4.2515   3.279269     4.2516   3.280623      96.41     0.0164     2.7881     2.4818  1.9681983  1.1526810   47.00336  -46.74128    34.8553    34.8712     4.2298     4.2299    27.6469    27.6595    5.96739    6.06708         22 0.0000e+00
      57276   2386.446    297.000     4.2510   3.279134     4.2510   3.280495      96.46     0.0170     2.7878     2.4811  1.9679462  1.1532413   47.00338  -46.74128    34.8548    34.8709     4.2294     4.2293    27.6465    27.6593    5.95831    6.06281         20 0.0000e+00
      57295   2387.231    296.000     4.2479   3.278763     4.2467   3.279961      55.55     0.0146     2.7866     2.4800  1.9679828  1.1532357   47.00338  -46.74128    34.8542    34.8696     4.2264     4.2252    27.6464    27.6587    5.95486    6.06294         18 0.0000e+00
      57312   2387.969    295.000     4.2483   3.278728     4.2490   3.280103      95.04     0.0177     2.7863     2.4799  1.9665101  1.1537089   47.00338  -46.74128    34.8539    34.8694     4.2268     4.2275    27.6461    27.6583    5.96353    6.07185         17 0.0000e+00
      57330   2388.713    294.000     4.2579   3.279585     4.2608   3.281145      96.50     0.0178     2.7866     2.4802  1.9657427  1.1538471   47.00338  -46.74128    34.8544    34.8698     4.2365     4.2393    27.6454    27.6574    5.96900    6.07233         19 0.0000e+00
      57351   2389.583    293.000     4.2668   3.280366     4.2696   3.281941      96.48     0.0163     2.7874     2.4802  1.9666046  1.1541440   47.00338  -46.74128    34.8548    34.8704     4.2454     4.2482    27.6448    27.6569    5.97108    6.07105         24 0.0000e+00
      57378   2390.693    292.000     4.2675   3.280339     4.2671   3.281601      96.49     0.0191     2.7880     2.4807  1.9682312  1.1550543   47.00338  -46.74128    34.8543    34.8695     4.2462     4.2458    27.6443    27.6564    5.96761    6.08027         29 0.0000e+00
      57406   2391.870    291.000     4.2633   3.279796     4.2643   3.281224      96.49     0.0207     2.7884     2.4826  1.9688730  1.1556863   47.00338  -46.74128    34.8528    34.8687     4.2421     4.2430    27.6436    27.6561    5.96741    6.09345         26 0.0000e+00
      57431   2392.897    290.000     4.2572   3.279039     4.2532   3.279941      96.50     0.0180     2.7884     2.4839  1.9694880  1.1563013   47.00338  -46.74128    34.8508    34.8657     4.2361     4.2321    27.6426    27.6549    5.96700    6.08821         23 0.0000e+00
      57453   2393.833    289.000     4.2459   3.277727     4.2441   3.278872      96.49     0.0170     2.7890     2.4843  1.9694749  1.1563449   47.00338  -46.74129    34.8479    34.8633     4.2249     4.2230    27.6415    27.6540    5.96915    6.08992         22 0.0000e+00
      57475   2394.737    288.000     4.2396   3.276968     4.2390   3.278261      50.94     0.0178     2.7885     2.4852  1.9694749  1.1564556   47.00338  -46.74130    34.8461    34.8620     4.2186     4.2181    27.6408    27.6534    5.96875    6.10363         22 0.0000e+00
      57495   2395.592    287.000     4.2343   3.276322     4.2327   3.277512      69.30     0.0144     2.7896     2.4872  1.9699292  1.1564163   47.00338  -46.74130    34.8446    34.8603     4.2135     4.2119    27.6401    27.6528    5.98804    6.11133         19 0.0000e+00
      57514   2396.373    286.000     4.2292   3.275720     4.2284   3.277010      97.13     0.0183     2.7914     2.4881  1.9721055  1.1563544   47.00338  -46.74130    34.8435    34.8595     4.2084     4.2076    27.6397    27.6526    5.99697    6.10287         18 0.0000e+00
      57532   2397.109    285.000     4.2245   3.275176     4.2242   3.276502      96.46     0.0224     2.7922     2.4885  1.9715062  1.1562877   47.00338  -46.74130    34.8425    34.8585     4.2038     4.2035    27.6395    27.6522    5.99229    6.09868         18 0.0000e+00
      57549   2397.836    284.000     4.2154   3.274160     4.2145   3.275424      88.25     0.0247     2.7934     2.4886  1.9717022  1.1558554   47.00337  -46.74130    34.8407    34.8566     4.1948     4.1939    27.6390    27.6517    5.99435    6.09399         17 0.0000e+00
      57567   2398.574    283.000     4.2063   3.273160     4.2057   3.274438      91.34     0.0194     2.7942     2.4882  1.9718513  1.1550549   47.00336  -46.74130    34.8390    34.8547     4.1858     4.1852    27.6386    27.6512    6.00103    6.09821         18 0.0000e+00
      57585   2399.340    282.000     4.2012   3.272527     4.1992   3.273710      96.48     0.0187     2.7958     2.4890  1.9723063  1.1550672   47.00338  -46.74130    34.8375    34.8536     4.1808     4.1788    27.6379    27.6509    6.00291    6.10889         19 0.0000e+00
      57605   2400.183    281.000     4.1862   3.270956     4.1816   3.271816      96.47     0.0173     2.7962     2.4898  1.9703177  1.1540732   47.00338  -46.74130    34.8352    34.8503     4.1660     4.1613    27.6377    27.6502    5.99450    6.11362         22 0.0000e+00
