data/CTD/2013/CNV/U021A056.CNV
* Sea-Bird SBE 9 Data File:
* FileName = C:\CTD_ACQUISITION\2013021HUD\ctddata\021A056.hdr
* Software Version Seasave V 7.22.2
* Temperature SN = 5081
* Conductivity SN = 3561
* Number of Bytes Per Scan = 37
* Number of Voltage Words = 4
* Number of Scans Averaged by the Deck Unit = 1
* NMEA Latitude = 48 36.11 N
* NMEA Longitude = 045 27.91 W
* NMEA UTC (Time) = Jul 05 2013 09:14:21
* NMEA baud rate = 9600
** Ship: Hudson
** Cruise: HUD2013021
** Chief_Scientist: Greenan
** Organization: BIO
** Area_of_Operation: Sackville Spur
** Station: 56
** Sounding:  1028
** Event_Comments: SS21   393221
# nquan = 25
# nvalues = 1032                        
# units = specified
# name 0 = scan: Scan Count
# name 1 = timeS: Time, Elapsed [seconds]
# name 2 = prDM: Pressure, Digiquartz [db]
# name 3 = t068C: Temperature [ITS-68, deg C]
# name 4 = c0S/m: Conductivity [S/m]
# name 5 = t168C: Temperature, 2 [ITS-68, deg C]
# name 6 = c1S/m: Conductivity, 2 [S/m]
# name 7 = altM: Altimeter [m]
# name 8 = flCUVA: Fluorescence, Chelsea UV Aquatracka [ug/l]
# name 9 = sbeox0V: Oxygen raw, SBE 43 [V]
# name 10 = sbeox1V: Oxygen raw, SBE 43, 2 [V]
# name 11 = upoly0: Upoly 0, Optode 4330F - O2 D-Phase
# name 12 = upoly1: Upoly 1, Optode 4330F - O2 Temp
# name 13 = latitude: Latitude [deg]
# name 14 = longitude: Longitude [deg]
# name 15 = sal00: Salinity, Practical [PSU]
# name 16 = sal11: Salinity, Practical, 2 [PSU]
# name 17 = potemp068C: Potential Temperature [ITS-68, deg C]
# name 18 = potemp168C: Potential Temperature, 2 [ITS-68, deg C]
# name 19 = sigma-é00: Density [sigma-theta, Kg/m^3]
# name 20 = sigma-é11: Density, 2 [sigma-theta, Kg/m^3]
# name 21 = sbeox0ML/L: Oxygen, SBE 43 [ml/l], WS = 2
# name 22 = sbeox1ML/L: Oxygen, SBE 43, 2 [ml/l], WS = 2
# name 23 = nbin: number of scans per bin
# name 24 = flag: flag
# span 0 =      35241,      60295       
# span 1 =   1468.318,   2512.253       
# span 2 =      1.000,   1032.000       
# span 3 =     1.5119,     6.4149       
# span 4 =   2.956466,   3.322228       
# span 5 =     1.5036,     6.4140       
# span 6 =   2.956319,   3.323191       
# span 7 =       5.76,      97.35       
# span 8 =     0.0066,     0.6474       
# span 9 =     2.5311,     3.3911       
# span 10 =     2.2739,     3.0322      
# span 11 =  1.7122679,  2.0378511      
# span 12 =  0.8350076,  1.4187750      
# span 13 =   48.60130,   48.60230      
# span 14 =  -45.46044,  -45.45938      
# span 15 =    33.2451,    34.9148      
# span 16 =    33.2607,    34.9306      
# span 17 =     1.5101,     6.4142      
# span 18 =     1.5017,     6.4131      
# span 19 =    26.1158,    27.7582      
# span 20 =    26.1284,    27.7708      
# span 21 =    5.77026,    8.53963      
# span 22 =    5.89246,    8.55161      
# span 23 =         14,        959      
# span 24 = 0.0000e+00, 0.0000e+00      
# interval = decibars: 1                
# start_time = Jul 05 2013 09:14:21 [NMEA time, header]
# bad_flag = -9.990e-29
*END*
[from data line 638]
      50725   2113.486    394.000     4.1790   3.279965     4.1750   3.280883      95.82     0.0170     2.8032     2.5043  1.9584860  1.1526264   48.60190  -45.45982    34.8891    34.9042     4.1502     4.1462    27.6822    27.6946    6.10425    6.23903         20 0.0000e+00
      50745   2114.316    393.000     4.1730   3.279279     4.1721   3.280524      95.59     0.0169     2.8035     2.5043  1.9584860  1.1526252   48.60190  -45.45982    34.8879    34.9035     4.1443     4.1434    27.6819    27.6945    6.10405    6.23487         20 0.0000e+00
      50766   2115.190    392.000     4.1699   3.278910     4.1696   3.280206      95.61     0.0166     2.8039     2.5042  1.9593762  1.1517349   48.60190  -45.45982    34.8873    34.9030     4.1413     4.1409    27.6818    27.6943    6.11209    6.23774         22 0.0000e+00
      50788   2116.108    391.000     4.1689   3.278747     4.1684   3.280042      95.58     0.0162     2.8053     2.5047  1.9597082  1.1514028   48.60190  -45.45982    34.8870    34.9028     4.1403     4.1398    27.6817    27.6943    6.11973    6.24939         22 0.0000e+00
      50810   2117.047    390.000     4.1678   3.278561     4.1665   3.279778      95.60     0.0157     2.8065     2.5061  1.9590132  1.1507105   48.60190  -45.45982    34.8865    34.9023     4.1393     4.1380    27.6813    27.6940    6.12168    6.25545         23 0.0000e+00
      50833   2118.012    389.000     4.1637   3.278056     4.1615   3.279178      94.77     0.0170     2.8078     2.5070  1.9588436  1.1501877   48.60190  -45.45982    34.8853    34.9010     4.1354     4.1331    27.6808    27.6936    6.12572    6.25174         24 0.0000e+00
      50858   2119.051    388.000     4.1574   3.277368     4.1549   3.278452      94.93     0.0169     2.8090     2.5077  1.9576077  1.1501832   48.60190  -45.45982    34.8845    34.9000     4.1291     4.1266    27.6808    27.6934    6.12398    6.25577         26 0.0000e+00
      50884   2120.124    387.000     4.1513   3.276675     4.1489   3.277750      37.80     0.0183     2.8097     2.5088  1.9567775  1.1501344   48.60190  -45.45982    34.8833    34.8985     4.1231     4.1207    27.6805    27.6928    6.11920    6.26092         25 0.0000e+00
      50907   2121.097    386.000     4.1476   3.276209     4.1456   3.277353      95.15     0.0207     2.8096     2.5095  1.9586941  1.1496869   48.60190  -45.45982    34.8822    34.8978     4.1195     4.1175    27.6800    27.6926    6.12333    6.26052         22 0.0000e+00
      50929   2121.983    385.000     4.1442   3.275810     4.1420   3.276938      95.59     0.0217     2.8110     2.5102  1.9596876  1.1498314   48.60190  -45.45982    34.8817    34.8972     4.1161     4.1140    27.6799    27.6926    6.13291    6.25849         21 0.0000e+00
      50950   2122.866    384.000     4.1419   3.275539     4.1394   3.276624      88.80     0.0180     2.8119     2.5104  1.9591317  1.1494892   48.60190  -45.45982    34.8814    34.8969     4.1140     4.1114    27.6800    27.6925    6.13543    6.25769         21 0.0000e+00
      50972   2123.798    383.000     4.1399   3.275294     4.1387   3.276506      92.85     0.0138     2.8130     2.5109  1.9584819  1.1489588   48.60189  -45.45982    34.8811    34.8967     4.1120     4.1109    27.6799    27.6925    6.13184    6.25893         23 0.0000e+00
      50995   2124.764    382.000     4.1392   3.275170     4.1383   3.276429      95.64     0.0140     2.8133     2.5112  1.9584860  1.1485852   48.60189  -45.45982    34.8809    34.8968     4.1114     4.1105    27.6799    27.6926    6.13091    6.25709         23 0.0000e+00
      51018   2125.718    381.000     4.1386   3.275063     4.1376   3.276319      76.83     0.0148     2.8143     2.5114  1.9580568  1.1477324   48.60190  -45.45982    34.8809    34.8968     4.1109     4.1099    27.6799    27.6926    6.13723    6.25643         23 0.0000e+00
      51041   2126.657    380.000     4.1375   3.274915     4.1365   3.276157      48.47     0.0136     2.8148     2.5113  1.9580979  1.1475164   48.60190  -45.45982    34.8807    34.8966     4.1099     4.1089    27.6799    27.6926    6.13371    6.24476         22 0.0000e+00
      51063   2127.582    379.000     4.1358   3.274683     4.1347   3.275912      96.46     0.0131     2.8152     2.5102  1.9584942  1.1464989   48.60190  -45.45982    34.8803    34.8961     4.1083     4.1072    27.6797    27.6923    6.13327    6.24210         22 0.0000e+00
      51084   2128.474    378.000     4.1344   3.274485     4.1336   3.275741      95.48     0.0144     2.8158     2.5105  1.9584860  1.1466384   48.60190  -45.45982    34.8800    34.8958     4.1070     4.1061    27.6796    27.6922    6.13914    6.25979         21 0.0000e+00
      51104   2129.305    377.000     4.1325   3.274228     4.1311   3.275427      83.88     0.0147     2.8168     2.5116  1.9552855  1.1465182   48.60190  -45.45982    34.8796    34.8952     4.1051     4.1038    27.6794    27.6920    6.13691    6.26077         19 0.0000e+00
      51124   2130.112    376.000     4.1294   3.273829     4.1280   3.275015      94.58     0.0097     2.8169     2.5116  1.9552494  1.1465201   48.60188  -45.45982    34.8786    34.8942     4.1021     4.1007    27.6790    27.6916    6.14257    6.25539         20 0.0000e+00
      51144   2130.964    375.000     4.1272   3.273541     4.1262   3.274774      94.08     0.0110     2.8183     2.5120  1.9556484  1.1463565   48.60188  -45.45982    34.8781    34.8938     4.1000     4.0990    27.6789    27.6914    6.14566    6.26300         22 0.0000e+00
      51169   2131.991    374.000     4.1266   3.273433     4.1260   3.274704      94.16     0.0140     2.8178     2.5129  1.9562023  1.1461341   48.60188  -45.45982    34.8780    34.8937     4.0995     4.0988    27.6788    27.6914    6.12436    6.26216         28 0.0000e+00
      51202   2133.379    373.000     4.1276   3.273468     4.1272   3.274782      95.35     0.0171     2.8173     2.5131  1.9555568  1.1454909   48.60188  -45.45982    34.8779    34.8938     4.1005     4.1002    27.6786    27.6913    6.12441    6.25345         36 0.0000e+00
      51233   2134.665    372.000     4.1282   3.273482     4.1311   3.275084      95.35     0.0182     2.8163     2.5130  1.9553734  1.1451292   48.60187  -45.45982    34.8780    34.8938     4.1012     4.1041    27.6786    27.6909    6.12382    6.25083         24 0.0000e+00
      51253   2135.505    371.000     4.1336   3.273975     4.1389   3.275811      95.39     0.0181     2.8167     2.5128  1.9549462  1.1440470   48.60186  -45.45982    34.8786    34.8947     4.1066     4.1120    27.6785    27.6908    6.12811    6.24848         18 0.0000e+00
      51270   2136.191    370.000     4.1418   3.274736     4.1444   3.276333      95.43     0.0172     2.8165     2.5127  1.9551290  1.1442316   48.60188  -45.45982    34.8794    34.8956     4.1150     4.1175    27.6783    27.6909    6.11849    6.24675         16 0.0000e+00
      51285   2136.841    369.000     4.1454   3.275050     4.1458   3.276444      95.16     0.0156     2.8162     2.5126  1.9549037  1.1440812   48.60187  -45.45982    34.8799    34.8960     4.1186     4.1190    27.6783    27.6910    6.11842    6.24327         16 0.0000e+00
      51302   2137.530    368.000     4.1481   3.275286     4.1491   3.276743      95.31     0.0132     2.8162     2.5125  1.9548242  1.1440781   48.60186  -45.45982    34.8804    34.8965     4.1213     4.1223    27.6784    27.6911    6.11668    6.24147         17 0.0000e+00
      51322   2138.356    367.000     4.1525   3.275703     4.1561   3.277373      95.51     0.0138     2.8156     2.5121  1.9548229  1.1440781   48.60186  -45.45982    34.8811    34.8971     4.1258     4.1294    27.6785    27.6908    6.10407    6.23656         23 0.0000e+00
      51348   2139.455    366.000     4.1583   3.276214     4.1616   3.277905      95.33     0.0154     2.8142     2.5117  1.9548229  1.1451532   48.60188  -45.45980    34.8816    34.8981     4.1316     4.1349    27.6783    27.6910    6.09720    6.23797         30 0.0000e+00
      51380   2140.802    365.000     4.1603   3.276362     4.1699   3.278717      95.33     0.0163     2.8127     2.5122  1.9548620  1.1453021   48.60186  -45.45980    34.8817    34.8994     4.1338     4.1433    27.6781    27.6912    6.09686    6.24590         32 0.0000e+00
      51409   2141.991    364.000     4.1669   3.276887     4.1798   3.279566      95.65     0.0127     2.8125     2.5129  1.9548720  1.1452992   48.60186  -45.45980    34.8815    34.8996     4.1404     4.1532    27.6773    27.6902    6.10959    6.24217         25 0.0000e+00
      51431   2142.914    363.000     4.1769   3.277905     4.1819   3.279740      77.39     0.0071     2.8133     2.5129  1.9545108  1.1457970   48.60186  -45.45980    34.8835    34.8998     4.1505     4.1555    27.6777    27.6902    6.11031    6.23907         20 0.0000e+00
      51449   2143.687    362.000     4.1789   3.278050     4.1790   3.279401      68.22     0.0113     2.8137     2.5133  1.9536022  1.1465200   48.60186  -45.45980    34.8836    34.8995     4.1525     4.1526    27.6776    27.6902    6.10701    6.24709         18 0.0000e+00
      51466   2144.391    361.000     4.1773   3.277842     4.1764   3.279088      94.00     0.0144     2.8138     2.5141  1.9536778  1.1464443   48.60186  -45.45980    34.8833    34.8990     4.1510     4.1501    27.6776    27.6902    6.11105    6.24764         16 0.0000e+00
      51483   2145.075    360.000     4.1749   3.277528     4.1725   3.278602      93.65     0.0139     2.8146     2.5142  1.9545963  1.1465192   48.60186  -45.45980    34.8828    34.8980     4.1486     4.1462    27.6774    27.6898    6.11233    6.25165         17 0.0000e+00
      51500   2145.793    359.000     4.1640   3.276373     4.1569   3.276937      93.05     0.0124     2.8150     2.5152  1.9549494  1.1465201   48.60186  -45.45980    34.8812    34.8954     4.1379     4.1308    27.6773    27.6893    6.12216    6.26275         18 0.0000e+00
      51521   2146.679    358.000     4.1545   3.275326     4.1449   3.275640      93.81     0.0122     2.8173     2.5164  1.9549690  1.1467563   48.60186  -45.45980    34.8794    34.8933     4.1285     4.1189    27.6768    27.6889    6.13998    6.25759         25 0.0000e+00
      51555   2148.070    357.000     4.1509   3.274914     4.1445   3.275558      94.72     0.0145     2.8183     2.5158  1.9549128  1.1474661   48.60185  -45.45979    34.8789    34.8932     4.1250     4.1186    27.6768    27.6889    6.11286    6.23894         41 0.0000e+00
      51592   2149.614    356.000     4.1495   3.274677     4.1415   3.275185      93.90     0.0182     2.8174     2.5151  1.9549462  1.1464872   48.60184  -45.45978    34.8781    34.8926     4.1236     4.1156    27.6763    27.6887    6.10476    6.24065         30 0.0000e+00
      51618   2150.694    355.000     4.1438   3.274039     4.1353   3.274484      93.37     0.0149     2.8162     2.5144  1.9547111  1.1465201   48.60184  -45.45978    34.8771    34.8913     4.1180     4.1096    27.6761    27.6883    6.10046    6.23463         23 0.0000e+00
      51637   2151.514    354.000     4.1335   3.272913     4.1304   3.273933      93.73     0.0146     2.8156     2.5141  1.9536563  1.1465201   48.60184  -45.45978    34.8752    34.8905     4.1079     4.1048    27.6757    27.6882    6.11561    6.23906         17 0.0000e+00
      51654   2152.190    353.000     4.1368   3.273174     4.1589   3.276765      93.66     0.0180     2.8168     2.5139  1.9536837  1.1465201   48.60184  -45.45978    34.8753    34.8944     4.1113     4.1332    27.6754    27.6883    6.11358    6.23627         15 0.0000e+00
      51668   2152.796    352.000     4.1855   3.277976     4.2076   3.281597      93.52     0.0155     2.8160     2.5142  1.9540935  1.1465201   48.60184  -45.45978    34.8811    34.9004     4.1599     4.1819    27.6748    27.6879    6.09340    6.22770         15 0.0000e+00
      51682   2153.390    351.000     4.2148   3.280881     4.2177   3.282468      94.90     0.0095     2.8159     2.5139  1.9548162  1.1465201   48.60184  -45.45978    34.8849    34.9006     4.1891     4.1920    27.6748    27.6870    6.09060    6.22289         14 0.0000e+00
      51697   2154.017    350.000     4.2164   3.281005     4.2135   3.281996      95.62     0.0088     2.8154     2.5139  1.9548987  1.1465960   48.60184  -45.45978    34.8852    34.9000     4.1908     4.1879    27.6748    27.6869    6.09505    6.22525         16 0.0000e+00
      51715   2154.764    349.000     4.2097   3.280317     4.2036   3.280920      95.62     0.0120     2.8165     2.5141  1.9549378  1.1465229   48.60183  -45.45978    34.8847    34.8986     4.1842     4.1782    27.6751    27.6868    6.11394    6.23027         21 0.0000e+00
      51751   2156.242    348.000     4.2032   3.279591     4.2023   3.280828      78.75     0.0148     2.8190     2.5142  1.9546294  1.1471301   48.60182  -45.45979    34.8836    34.8992     4.1777     4.1769    27.6750    27.6874    6.11626    6.22284         55 0.0000e+00
      51800   2158.276    347.000     4.2041   3.279669     4.1895   3.279497      94.14     0.0151     2.8196     2.5135  1.9535286  1.1491362   48.60180  -45.45978    34.8840    34.8975     4.1788     4.1642    27.6752    27.6874    6.08811    6.22269         30 0.0000e+00
      51821   2159.165    346.000     4.2007   3.279184     4.1908   3.279562      95.68     0.0144     2.8180     2.5133  1.9547075  1.1489614   48.60180  -45.45978    34.8825    34.8974     4.1755     4.1656    27.6743    27.6872    6.08064    6.21732         18 0.0000e+00
      51837   2159.850    345.000     4.1856   3.277664     4.1825   3.278597      95.64     0.0132     2.8167     2.5129  1.9548261  1.1489621   48.60181  -45.45978    34.8810    34.8953     4.1605     4.1574    27.6747    27.6864    6.08409    6.22099         15 0.0000e+00
      51852   2160.454    344.000     4.1791   3.276855     4.1854   3.278773      93.18     0.0138     2.8158     2.5130  1.9548229  1.1489621   48.60182  -45.45978    34.8789    34.8949     4.1541     4.1603    27.6737    27.6858    6.09251    6.22347         14 0.0000e+00
      51866   2161.050    343.000     4.1933   3.278284     4.2150   3.281720      91.04     0.0115     2.8170     2.5133  1.9548229  1.1488796   48.60182  -45.45980    34.8812    34.8988     4.1683     4.1900    27.6741    27.6857    6.09730    6.21553         15 0.0000e+00
      51881   2161.686    342.000     4.2167   3.280558     4.2314   3.283342      57.32     0.0087     2.8165     2.5129  1.9548229  1.1487335   48.60182  -45.45979    34.8839    34.9012     4.1917     4.2064    27.6737    27.6859    6.08717    6.21116         16 0.0000e+00
      51900   2162.443    341.000     4.2284   3.281675     4.2320   3.283312      74.13     0.0097     2.8165     2.5131  1.9548229  1.1487297   48.60182  -45.45976    34.8852    34.9007     4.2035     4.2071    27.6735    27.6854    6.08419    6.21797         21 0.0000e+00
      51927   2163.577    340.000     4.2287   3.281621     4.2262   3.282666      93.48     0.0123     2.8166     2.5140  1.9546951  1.1489487   48.60182  -45.45976    34.8848    34.8999     4.2038     4.2013    27.6731    27.6854    6.08969    6.22122         36 0.0000e+00
      51969   2165.317    339.000     4.2225   3.280946     4.2192   3.281946      92.78     0.0142     2.8176     2.5142  1.9549388  1.1506684   48.60182  -45.45976    34.8839    34.8991     4.1978     4.1944    27.6730    27.6855    6.09154    6.21554         38 0.0000e+00
      51997   2166.497    338.000     4.2199   3.280611     4.2148   3.281495      93.26     0.0106     2.8172     2.5144  1.9548184  1.1514452   48.60180  -45.45976    34.8832    34.8991     4.1953     4.1901    27.6728    27.6859    6.08634    6.21552         22 0.0000e+00
