data/CTD/2013/CNV/U021A040.CNV
* Sea-Bird SBE 9 Data File:
* FileName = C:\CTD_ACQUISITION\2013021HUD\ctddata\021A040.hdr
* Software Version Seasave V 7.22.2
* Temperature SN = 5081
* Conductivity SN = 3561
* Number of Bytes Per Scan = 37
* Number of Voltage Words = 4
* Number of Scans Averaged by the Deck Unit = 1
* NMEA Latitude = 48 29.61 N
* NMEA Longitude = 046 43.71 W
* NMEA UTC (Time) = Jul 03 2013 23:36:18
* NMEA baud rate = 9600
** Ship: Hudson
** Cruise: HUD2013021
** Chief_Scientist: Greenan
** Organization: BIO
** Area_of_Operation: Sackville Spur
** Station: 40
** Sounding:  1744
** Event_Comments: SS07  393180
# nquan = 25
# nvalues = 1638                        
# units = specified
# name 0 = scan: Scan Count
# name 1 = timeS: Time, Elapsed [seconds]
# name 2 = prDM: Pressure, Digiquartz [db]
# name 3 = t068C: Temperature [ITS-68, deg C]
# name 4 = c0S/m: Conductivity [S/m]
# name 5 = t168C: Temperature, 2 [ITS-68, deg C]
# name 6 = c1S/m: Conductivity, 2 [S/m]
# name 7 = altM: Altimeter [m]
# name 8 = flCUVA: Fluorescence, Chelsea UV Aquatracka [ug/l]
# name 9 = sbeox0V: Oxygen raw, SBE 43 [V]
# name 10 = sbeox1V: Oxygen raw, SBE 43, 2 [V]
# name 11 = upoly0: Upoly 0, Optode 4330F - O2 D-Phase
# name 12 = upoly1: Upoly 1, Optode 4330F - O2 Temp
# name 13 = latitude: Latitude [deg]
# name 14 = longitude: Longitude [deg]
# name 15 = sal00: Salinity, Practical [PSU]
# name 16 = sal11: Salinity, Practical, 2 [PSU]
# name 17 = potemp068C: Potential Temperature [ITS-68, deg C]
# name 18 = potemp168C: Potential Temperature, 2 [ITS-68, deg C]
# name 19 = sigma-é00: Density [sigma-theta, Kg/m^3]
# name 20 = sigma-é11: Density, 2 [sigma-theta, Kg/m^3]
# name 21 = sbeox0ML/L: Oxygen, SBE 43 [ml/l], WS = 2
# name 22 = sbeox1ML/L: Oxygen, SBE 43, 2 [ml/l], WS = 2
# name 23 = nbin: number of scans per bin
# name 24 = flag: flag
# span 0 =      47638,      86553       
# span 1 =   1984.863,   3606.318       
# span 2 =      1.000,   1638.000       
# span 3 =     3.1437,     7.1817       
# span 4 =   3.134109,   3.392603       
# span 5 =     3.1433,     7.1769       
# span 6 =   3.135512,   3.393535       
# span 7 =       4.01,     101.49       
# span 8 =     0.0053,     0.5307       
# span 9 =     2.3813,     3.4707       
# span 10 =     2.1395,     3.0921      
# span 11 =  1.7019209,  2.0629480      
# span 12 =  1.0280831,  1.5206639      
# span 13 =   48.49410,   48.49520      
# span 14 =  -46.73084,  -46.72978      
# span 15 =    33.3147,    34.9216      
# span 16 =    33.3311,    34.9387      
# span 17 =     3.1392,     7.1812      
# span 18 =     3.1388,     7.1765      
# span 19 =    26.0688,    27.7984      
# span 20 =    26.0818,    27.8122      
# span 21 =    5.87561,    7.79882      
# span 22 =    6.05143,    7.93394      
# span 23 =         10,        500      
# span 24 = 0.0000e+00, 0.0000e+00      
# interval = decibars: 1                
# start_time = Jul 03 2013 23:36:18 [NMEA time, header]
# bad_flag = -9.990e-29
*END*
[from data line 1218]
      77055   3210.594    420.000     3.9065   3.255940     3.9063   3.257329      92.87     0.0093     2.8233     2.5198  1.9450543  1.1123321   48.49482  -46.73056    34.8794    34.8961     3.8766     3.8764    27.7032    27.7165    6.22008    6.34124         19 0.0000e+00
      77072   3211.284    419.000     3.9068   3.255927     3.9069   3.257337      95.82     0.0078     2.8228     2.5189  1.9464232  1.1130565   48.49482  -46.73056    34.8794    34.8961     3.8770     3.8771    27.7032    27.7165    6.21542    6.33671         15 0.0000e+00
      77087   3211.901    418.000     3.9071   3.255915     3.9069   3.257302      95.86     0.0113     2.8231     2.5187  1.9468025  1.1135577   48.49482  -46.73056    34.8795    34.8962     3.8774     3.8772    27.7032    27.7165    6.21566    6.34268         14 0.0000e+00
      77102   3212.523    417.000     3.9080   3.255954     3.9080   3.257360      94.98     0.0124     2.8224     2.5188  1.9473461  1.1134766   48.49482  -46.73056    34.8796    34.8963     3.8783     3.8783    27.7032    27.7165    6.21380    6.34257         16 0.0000e+00
      77120   3213.276    416.000     3.9098   3.256076     3.9104   3.257542      95.44     0.0126     2.8226     2.5184  1.9468018  1.1135496   48.49482  -46.73056    34.8797    34.8965     3.8802     3.8808    27.7030    27.7163    6.21761    6.33613         22 0.0000e+00
      77151   3214.592    415.000     3.9136   3.256359     3.9120   3.257648      95.72     0.0135     2.8227     2.5183  1.9474295  1.1135532   48.49480  -46.73056    34.8796    34.8965     3.8840     3.8825    27.7025    27.7162    6.21491    6.34158         40 0.0000e+00
      77184   3215.978    414.000     3.9157   3.256531     3.9152   3.257877      46.81     0.0173     2.8226     2.5186  1.9487779  1.1135532   48.49480  -46.73056    34.8798    34.8966     3.8863     3.8858    27.7025    27.7159    6.21520    6.34467         23 0.0000e+00
      77203   3216.759    413.000     3.9182   3.256734     3.9181   3.258119      93.81     0.0155     2.8231     2.5189  1.9487180  1.1135532   48.49481  -46.73056    34.8801    34.8968     3.8888     3.8886    27.7025    27.7158    6.21512    6.34083         17 0.0000e+00
      77218   3217.377    412.000     3.9205   3.256908     3.9206   3.258318      95.86     0.0184     2.8229     2.5189  1.9496597  1.1135532   48.49482  -46.73056    34.8803    34.8970     3.8912     3.8913    27.7024    27.7157    6.21325    6.33800         13 0.0000e+00
      77232   3217.938    411.000     3.9217   3.256973     3.9218   3.258396      95.28     0.0166     2.8229     2.5189  1.9499394  1.1135532   48.49482  -46.73056    34.8804    34.8971     3.8924     3.8926    27.7024    27.7157    6.21030    6.34131         14 0.0000e+00
      77245   3218.499    410.000     3.9225   3.257020     3.9226   3.258434      95.89     0.0167     2.8231     2.5193  1.9499389  1.1135532   48.49482  -46.73056    34.8805    34.8972     3.8934     3.8934    27.7024    27.7157    6.21029    6.33817         14 0.0000e+00
      77260   3219.117    409.000     3.9234   3.257058     3.9235   3.258470      95.91     0.0172     2.8232     2.5191  1.9499389  1.1135532   48.49482  -46.73056    34.8806    34.8973     3.8943     3.8944    27.7023    27.7156    6.20509    6.33350         16 0.0000e+00
      77279   3219.900    408.000     3.9246   3.257120     3.9243   3.258495      95.91     0.0192     2.8224     2.5189  1.9498861  1.1136589   48.49481  -46.73056    34.8807    34.8973     3.8955     3.8953    27.7022    27.7155    6.19847    6.32929         22 0.0000e+00
      77306   3221.022    407.000     3.9251   3.257108     3.9246   3.258481      95.47     0.0152     2.8220     2.5185  1.9498606  1.1140580   48.49480  -46.73056    34.8805    34.8974     3.8961     3.8956    27.7021    27.7155    6.19949    6.33048         31 0.0000e+00
      77337   3222.342    406.000     3.9259   3.257140     3.9254   3.258503      57.31     0.0131     2.8208     2.5186  1.9499407  1.1147907   48.49480  -46.73056    34.8806    34.8972     3.8970     3.8965    27.7020    27.7153    6.18743    6.33239         30 0.0000e+00
      77363   3223.418    405.000     3.9281   3.257318     3.9284   3.258731      96.54     0.0129     2.8204     2.5187  1.9499389  1.1147741   48.49480  -46.73056    34.8808    34.8973     3.8993     3.8995    27.7020    27.7151    6.19695    6.33033         22 0.0000e+00
      77383   3224.253    404.000     3.9328   3.257707     3.9336   3.259175      94.34     0.0089     2.8199     2.5185  1.9499389  1.1147741   48.49480  -46.73056    34.8811    34.8976     3.9040     3.9048    27.7017    27.7148    6.19719    6.32528         18 0.0000e+00
      77400   3224.948    403.000     3.9357   3.257930     3.9360   3.259365      94.44     0.0111     2.8206     2.5184  1.9499389  1.1147741   48.49480  -46.73056    34.8811    34.8979     3.9070     3.9072    27.7015    27.7148    6.20159    6.32290         16 0.0000e+00
      77415   3225.581    402.000     3.9370   3.258023     3.9371   3.259434      95.03     0.0141     2.8212     2.5183  1.9501821  1.1148552   48.49480  -46.73056    34.8813    34.8980     3.9084     3.9085    27.7015    27.7147    6.19328    6.32001         15 0.0000e+00
      77430   3226.211    401.000     3.9386   3.258123     3.9387   3.259543      95.96     0.0141     2.8202     2.5178  1.9499378  1.1147738   48.49480  -46.73056    34.8814    34.8981     3.9101     3.9101    27.7013    27.7146    6.18876    6.31585         15 0.0000e+00
      77447   3226.911    400.000     3.9400   3.258216     3.9405   3.259659      95.94     0.0154     2.8207     2.5175  1.9501302  1.1149017   48.49480  -46.73057    34.8816    34.8982     3.9115     3.9120    27.7013    27.7145    6.19944    6.31418         19 0.0000e+00
      77469   3227.829    399.000     3.9412   3.258267     3.9411   3.259660      79.37     0.0158     2.8211     2.5169  1.9499441  1.1159654   48.49480  -46.73058    34.8814    34.8981     3.9128     3.9127    27.7011    27.7143    6.19090    6.30659         26 0.0000e+00
      77498   3229.022    398.000     3.9420   3.258274     3.9417   3.259653      71.48     0.0130     2.8204     2.5159  1.9499389  1.1163385   48.49480  -46.73058    34.8812    34.8979     3.9137     3.9133    27.7008    27.7141    6.18418    6.30385         29 0.0000e+00
      77524   3230.129    397.000     3.9431   3.258330     3.9431   3.259730      96.42     0.0116     2.8203     2.5151  1.9499389  1.1170802   48.49480  -46.73058    34.8813    34.8979     3.9148     3.9148    27.7007    27.7140    6.19042    6.30836         24 0.0000e+00
      77546   3231.036    396.000     3.9445   3.258405     3.9446   3.259820      95.59     0.0128     2.8205     2.5154  1.9499389  1.1172186   48.49480  -46.73058    34.8812    34.8978     3.9163     3.9164    27.7005    27.7138    6.18783    6.30920         20 0.0000e+00
      77564   3231.798    395.000     3.9451   3.258401     3.9449   3.259805      95.89     0.0185     2.8203     2.5151  1.9499389  1.1172161   48.49480  -46.73058    34.8811    34.8979     3.9169     3.9168    27.7004    27.7138    6.18635    6.30385         17 0.0000e+00
      77581   3232.486    394.000     3.9452   3.258374     3.9451   3.259766      95.65     0.0177     2.8204     2.5149  1.9500160  1.1172161   48.49480  -46.73058    34.8812    34.8978     3.9171     3.9170    27.7004    27.7137    6.18677    6.30358         16 0.0000e+00
      77596   3233.142    393.000     3.9455   3.258371     3.9455   3.259770      95.87     0.0159     2.8207     2.5148  1.9506226  1.1172161   48.49480  -46.73058    34.8813    34.8979     3.9175     3.9175    27.7005    27.7137    6.18265    6.30470         16 0.0000e+00
      77613   3233.836    392.000     3.9464   3.258395     3.9464   3.259812      95.61     0.0104     2.8202     2.5148  1.9516753  1.1172161   48.49480  -46.73058    34.8812    34.8980     3.9184     3.9185    27.7003    27.7136    6.17706    6.29876         18 0.0000e+00
      77632   3234.626    391.000     3.9479   3.258483     3.9479   3.259888      39.03     0.0076     2.8195     2.5141  1.9516497  1.1173352   48.49480  -46.73058    34.8812    34.8979     3.9200     3.9200    27.7002    27.7134    6.17631    6.29559         20 0.0000e+00
      77654   3235.536    390.000     3.9493   3.258561     3.9494   3.259973      95.27     0.0053     2.8199     2.5142  1.9519541  1.1176916   48.49480  -46.73058    34.8812    34.8978     3.9215     3.9216    27.7000    27.7132    6.18384    6.30427         23 0.0000e+00
      77676   3236.478    389.000     3.9503   3.258595     3.9504   3.259993      94.84     0.0110     2.8200     2.5146  1.9518260  1.1181593   48.49480  -46.73058    34.8810    34.8976     3.9226     3.9226    27.6997    27.7129    6.18313    6.30519         22 0.0000e+00
      77698   3237.395    388.000     3.9517   3.258661     3.9518   3.260072      95.37     0.0139     2.8200     2.5148  1.9524356  1.1183814   48.49480  -46.73058    34.8809    34.8975     3.9240     3.9241    27.6995    27.7127    6.18339    6.30010         22 0.0000e+00
      77720   3238.281    387.000     3.9535   3.258760     3.9539   3.260189      95.59     0.0144     2.8210     2.5146  1.9526687  1.1184365   48.49480  -46.73058    34.8807    34.8972     3.9259     3.9263    27.6991    27.7123    6.18732    6.30012         21 0.0000e+00
      77741   3239.180    386.000     3.9543   3.258782     3.9545   3.260206      95.31     0.0137     2.8212     2.5150  1.9518880  1.1184372   48.49480  -46.73060    34.8806    34.8973     3.9267     3.9270    27.6990    27.7122    6.18312    6.30654         22 0.0000e+00
      77764   3240.124    385.000     3.9547   3.258775     3.9547   3.260174      95.93     0.0135     2.8210     2.5158  1.9504189  1.1184372   48.49480  -46.73060    34.8806    34.8972     3.9273     3.9273    27.6989    27.7121    6.18094    6.31021         23 0.0000e+00
      77785   3241.008    384.000     3.9551   3.258752     3.9550   3.260150      95.90     0.0138     2.8220     2.5162  1.9509723  1.1185669   48.49480  -46.73060    34.8805    34.8972     3.9277     3.9276    27.6988    27.7121    6.19507    6.30888         19 0.0000e+00
      77804   3241.775    383.000     3.9554   3.258723     3.9552   3.260119      95.63     0.0145     2.8227     2.5169  1.9517066  1.1191185   48.49480  -46.73060    34.8803    34.8971     3.9281     3.9279    27.6986    27.7120    6.19645    6.31089         18 0.0000e+00
      77820   3242.477    382.000     3.9557   3.258679     3.9555   3.260068      95.66     0.0125     2.8238     2.5173  1.9517702  1.1192760   48.49480  -46.73060    34.8801    34.8968     3.9284     3.9283    27.6984    27.7117    6.20091    6.30915         16 0.0000e+00
      77837   3243.183    381.000     3.9557   3.258603     3.9555   3.259974      95.92     0.0131     2.8246     2.5176  1.9528486  1.1195208   48.49480  -46.73060    34.8796    34.8961     3.9286     3.9284    27.6980    27.7111    6.19767    6.31007         18 0.0000e+00
      77856   3243.948    380.000     3.9556   3.258536     3.9554   3.259914      95.87     0.0183     2.8254     2.5181  1.9547955  1.1196562   48.49480  -46.73060    34.8795    34.8961     3.9285     3.9283    27.6979    27.7111    6.19527    6.31052         19 0.0000e+00
      77877   3244.823    379.000     3.9555   3.258448     3.9553   3.259836      95.36     0.0191     2.8257     2.5183  1.9547179  1.1196581   48.49480  -46.73060    34.8791    34.8958     3.9285     3.9283    27.6976    27.7109    6.19118    6.30169         23 0.0000e+00
      77901   3245.833    378.000     3.9550   3.258340     3.9548   3.259728      95.10     0.0202     2.8259     2.5179  1.9536022  1.1196581   48.49480  -46.73060    34.8789    34.8956     3.9281     3.9279    27.6975    27.7108    6.18444    6.29332         25 0.0000e+00
      77925   3246.828    377.000     3.9543   3.258212     3.9539   3.259564      94.17     0.0178     2.8257     2.5174  1.9536020  1.1196581   48.49480  -46.73060    34.8786    34.8952     3.9275     3.9270    27.6973    27.7105    6.19313    6.30274         22 0.0000e+00
      77945   3247.657    376.000     3.9536   3.258072     3.9533   3.259431      94.21     0.0161     2.8267     2.5182  1.9529144  1.1196581   48.49480  -46.73060    34.8782    34.8948     3.9269     3.9265    27.6971    27.7103    6.19922    6.31169         18 0.0000e+00
      77963   3248.415    375.000     3.9530   3.257954     3.9527   3.259326      95.72     0.0167     2.8270     2.5186  1.9530233  1.1196581   48.49480  -46.73060    34.8780    34.8947     3.9263     3.9260    27.6969    27.7102    6.19635    6.31545         19 0.0000e+00
      77982   3249.222    374.000     3.9525   3.257851     3.9522   3.259219      95.94     0.0133     2.8277     2.5197  1.9538996  1.1196581   48.49480  -46.73060    34.8779    34.8944     3.9259     3.9256    27.6969    27.7101    6.19257    6.32008         20 0.0000e+00
      78005   3250.156    373.000     3.9522   3.257764     3.9520   3.259142      95.16     0.0149     2.8278     2.5208  1.9548336  1.1196581   48.49480  -46.73060    34.8777    34.8943     3.9256     3.9254    27.6968    27.7100    6.19445    6.32078         24 0.0000e+00
      78027   3251.097    372.000     3.9520   3.257690     3.9518   3.259077      95.91     0.0140     2.8285     2.5219  1.9548229  1.1196581   48.49480  -46.73060    34.8776    34.8942     3.9255     3.9254    27.6967    27.7099    6.19068    6.31868         21 0.0000e+00
      78048   3251.974    371.000     3.9520   3.257639     3.9519   3.259035      95.90     0.0157     2.8281     2.5222  1.9548229  1.1196581   48.49480  -46.73061    34.8775    34.8941     3.9256     3.9255    27.6966    27.7099    6.19117    6.30888         21 0.0000e+00
      78067   3252.767    370.000     3.9523   3.257611     3.9523   3.259018      95.82     0.0127     2.8285     2.5218  1.9548229  1.1196581   48.49481  -46.73062    34.8773    34.8941     3.9260     3.9260    27.6964    27.7098    6.18762    6.30464         17 0.0000e+00
      78084   3253.458    369.000     3.9526   3.257587     3.9526   3.258996      95.70     0.0121     2.8281     2.5218  1.9548229  1.1196581   48.49482  -46.73062    34.8773    34.8941     3.9264     3.9263    27.6964    27.7097    6.18640    6.30757         16 0.0000e+00
      78100   3254.113    368.000     3.9527   3.257549     3.9526   3.258944      95.81     0.0111     2.8286     2.5219  1.9548229  1.1196581   48.49482  -46.73062    34.8773    34.8940     3.9265     3.9264    27.6963    27.7097    6.19742    6.31089         16 0.0000e+00
      78115   3254.765    367.000     3.9524   3.257472     3.9521   3.258852      95.52     0.0094     2.8294     2.5223  1.9548229  1.1196581   48.49482  -46.73062    34.8772    34.8940     3.9263     3.9260    27.6963    27.7097    6.19571    6.31260         16 0.0000e+00
      78132   3255.453    366.000     3.9517   3.257349     3.9513   3.258728      95.88     0.0110     2.8294     2.5226  1.9548229  1.1196581   48.49482  -46.73062    34.8771    34.8938     3.9256     3.9253    27.6963    27.7096    6.19138    6.31300         17 0.0000e+00
      78152   3256.278    365.000     3.9514   3.257281     3.9514   3.258677      94.88     0.0122     2.8297     2.5231  1.9548229  1.1196581   48.49482  -46.73062    34.8771    34.8937     3.9255     3.9254    27.6963    27.7095    6.18822    6.32041         23 0.0000e+00
      78181   3257.498    364.000     3.9516   3.257246     3.9519   3.258671      95.62     0.0153     2.8297     2.5243  1.9541904  1.1196581   48.49482  -46.73062    34.8770    34.8936     3.9257     3.9260    27.6962    27.7094    6.19232    6.31373         36 0.0000e+00
