data/CTD/2013/CNV/U021A013.CNV
* Sea-Bird SBE 9 Data File:
* FileName = C:\CTD_ACQUISITION\2013021HUD\ctddata\021A013.hdr
* Software Version Seasave V 7.22.2
* Temperature SN = 5081
* Conductivity SN = 3561
* Number of Bytes Per Scan = 37
* Number of Voltage Words = 4
* Number of Scans Averaged by the Deck Unit = 1
* NMEA Latitude = 46 59.97 N
* NMEA Longitude = 047 10.01 W
* NMEA UTC (Time) = Jul 01 2013 21:27:00
* NMEA baud rate = 9600
** Ship: Hudson
** Cruise: HUD2013021
** Chief_Scientist: Greenan
** Organization: BIO
** Area_of_Operation: Sackville Spur
** Station: 13
** Sounding:  878
** Event_Comments: FC16  393113
# nquan = 25
# nvalues = 864                         
# units = specified
# name 0 = scan: Scan Count
# name 1 = timeS: Time, Elapsed [seconds]
# name 2 = prDM: Pressure, Digiquartz [db]
# name 3 = t068C: Temperature [ITS-68, deg C]
# name 4 = c0S/m: Conductivity [S/m]
# name 5 = t168C: Temperature, 2 [ITS-68, deg C]
# name 6 = c1S/m: Conductivity, 2 [S/m]
# name 7 = altM: Altimeter [m]
# name 8 = flCUVA: Fluorescence, Chelsea UV Aquatracka [ug/l]
# name 9 = sbeox0V: Oxygen raw, SBE 43 [V]
# name 10 = sbeox1V: Oxygen raw, SBE 43, 2 [V]
# name 11 = upoly0: Upoly 0, Optode 4330F - O2 D-Phase
# name 12 = upoly1: Upoly 1, Optode 4330F - O2 Temp
# name 13 = latitude: Latitude [deg]
# name 14 = longitude: Longitude [deg]
# name 15 = sal00: Salinity, Practical [PSU]
# name 16 = sal11: Salinity, Practical, 2 [PSU]
# name 17 = potemp068C: Potential Temperature [ITS-68, deg C]
# name 18 = potemp168C: Potential Temperature, 2 [ITS-68, deg C]
# name 19 = sigma-é00: Density [sigma-theta, Kg/m^3]
# name 20 = sigma-é11: Density, 2 [sigma-theta, Kg/m^3]
# name 21 = sbeox0ML/L: Oxygen, SBE 43 [ml/l], WS = 2
# name 22 = sbeox1ML/L: Oxygen, SBE 43, 2 [ml/l], WS = 2
# name 23 = nbin: number of scans per bin
# name 24 = flag: flag
# span 0 =      41430,      63418       
# span 1 =   1726.193,   2642.368       
# span 2 =      1.000,    864.000       
# span 3 =     0.0697,     6.5020       
# span 4 =   2.777774,   3.283664       
# span 5 =     0.0656,     6.4975       
# span 6 =   2.777230,   3.284946       
# span 7 =       3.80,     102.49       
# span 8 =     0.0079,     0.2043       
# span 9 =     2.6369,     3.4164       
# span 10 =     2.3721,     3.0710      
# span 11 =  1.7203447,  2.0500419      
# span 12 =  0.6495727,  1.4285580      
# span 13 =   46.99875,   46.99930      
# span 14 =  -47.16780,  -47.16700      
# span 15 =    31.2119,    34.8991      
# span 16 =    31.2038,    34.9146      
# span 17 =     0.0678,     6.5016      
# span 18 =     0.0637,     6.4970      
# span 19 =    24.5007,    27.7144      
# span 20 =    24.4949,    27.7268      
# span 21 =    5.96947,    8.17463      
# span 22 =    5.79109,    8.35114      
# span 23 =         11,        469      
# span 24 = 0.0000e+00, 0.0000e+00      
# interval = decibars: 1                
# start_time = Jul 01 2013 21:27:00 [NMEA time, header]
# bad_flag = -9.990e-29
*END*
[from data line 696]
      58626   2442.718    168.000     1.9594   3.009731     1.9528   3.010193      96.27     0.0234     2.7811     2.4839  2.0392621  0.8832250   46.99924  -47.16738    34.0949    34.1079     1.9507     1.9440    27.2504    27.2613    6.27107    6.41890         19 0.0000e+00
      58646   2443.554    167.000     1.9491   3.008392     1.9448   3.009131      96.29     0.0212     2.7813     2.4853  2.0391839  0.8827882   46.99924  -47.16738    34.0898    34.1037     1.9404     1.9361    27.2471    27.2586    6.27821    6.41092         22 0.0000e+00
      58670   2444.543    166.000     1.9428   3.007564     1.9394   3.008428      81.59     0.0176     2.7830     2.4859  2.0384295  0.8813562   46.99924  -47.16738    34.0867    34.1013     1.9342     1.9308    27.2451    27.2570    6.28552    6.41371         26 0.0000e+00
      58699   2445.734    165.000     1.9392   3.007091     1.9319   3.007444      66.76     0.0182     2.7833     2.4877  2.0374944  0.8795025   46.99924  -47.16738    34.0855    34.0976     1.9306     1.9234    27.2443    27.2546    6.28086    6.42551         29 0.0000e+00
      58725   2446.833    164.000     1.9348   3.006516     1.9224   3.006231      59.33     0.0205     2.7852     2.4893  2.0367177  0.8783364   46.99924  -47.16738    34.0834    34.0932     1.9263     1.9139    27.2430    27.2518    6.29483    6.43256         24 0.0000e+00
      58746   2447.721    163.000     1.9278   3.005558     1.9114   3.004811      86.76     0.0197     2.7861     2.4906  2.0365100  0.8779040   46.99924  -47.16738    34.0794    34.0877     1.9194     1.9030    27.2404    27.2483    6.29398    6.43104         20 0.0000e+00
      58766   2448.551    162.000     1.9146   3.003865     1.9025   3.003653      96.64     0.0223     2.7868     2.4912  2.0369897  0.8768764   46.99924  -47.16738    34.0730    34.0834     1.9062     1.8941    27.2362    27.2455    6.29905    6.42717         20 0.0000e+00
      58788   2449.453    161.000     1.9038   3.002439     1.8928   3.002438      96.52     0.0203     2.7883     2.4916  2.0378270  0.8754973   46.99924  -47.16738    34.0674    34.0792     1.8955     1.8845    27.2325    27.2428    6.31494    6.43420         24 0.0000e+00
      58814   2450.536    160.000     1.8966   3.001507     1.8834   3.001202      81.21     0.0225     2.7903     2.4932  2.0372980  0.8749048   46.99924  -47.16738    34.0639    34.0743     1.8884     1.8752    27.2303    27.2396    6.31415    6.45030         28 0.0000e+00
      58841   2451.681    159.000     1.8867   3.000292     1.8718   2.999579      94.17     0.0250     2.7918     2.4950  2.0366213  0.8742281   46.99924  -47.16738    34.0599    34.0671     1.8786     1.8636    27.2278    27.2347    6.31958    6.45367         25 0.0000e+00
      58865   2452.670    158.000     1.8781   2.999106     1.8632   2.998456      82.64     0.0240     2.7930     2.4960  2.0345535  0.8729058   46.99924  -47.16738    34.0549    34.0627     1.8700     1.8552    27.2245    27.2318    6.32297    6.45163         23 0.0000e+00
      58887   2453.567    157.000     1.8681   2.997859     1.8581   2.997751      45.53     0.0219     2.7945     2.4968  2.0329587  0.8717891   46.99924  -47.16738    34.0505    34.0600     1.8601     1.8501    27.2217    27.2300    6.32719    6.44675         20 0.0000e+00
      58907   2454.436    156.000     1.8577   2.996500     1.8482   2.996567      86.88     0.0225     2.7952     2.4965  2.0330780  0.8714069   46.99924  -47.16738    34.0452    34.0562     1.8497     1.8403    27.2182    27.2278    6.32692    6.44248         22 0.0000e+00
      58930   2455.371    155.000     1.8478   2.995188     1.8371   2.995118      85.93     0.0211     2.7959     2.4970  2.0334160  0.8705950   46.99924  -47.16738    34.0400    34.0506     1.8399     1.8293    27.2148    27.2241    6.33725    6.45988         24 0.0000e+00
      58959   2456.590    154.000     1.8366   2.993784     1.8175   2.992764      88.78     0.0214     2.7984     2.4989  2.0331156  0.8687773   46.99924  -47.16738    34.0350    34.0426     1.8288     1.8097    27.2116    27.2192    6.35497    6.47508         35 0.0000e+00
      58997   2458.156    153.000     1.8126   2.990951     1.8215   2.993090      90.74     0.0246     2.8020     2.5008  2.0331025  0.8662512   46.99924  -47.16738    34.0257    34.0430     1.8049     1.8138    27.2059    27.2192    6.36752    6.47133         36 0.0000e+00
      59027   2459.396    152.000     1.8033   2.989807     1.7895   2.989501      38.11     0.0234     2.8041     2.5014  2.0333831  0.8631970   46.99924  -47.16738    34.0219    34.0329     1.7957     1.7819    27.2036    27.2134    6.36100    6.46536         24 0.0000e+00
      59047   2460.262    151.000     1.7770   2.986556     1.7513   2.984262      97.51     0.0236     2.8041     2.5011  2.0336781  0.8631169   46.99924  -47.16738    34.0093    34.0087     1.7695     1.7437    27.1959    27.1969    6.35239    6.46103         19 0.0000e+00
      59065   2461.020    150.000     1.7526   2.983266     1.7284   2.981311      96.74     0.0207     2.8042     2.5001  2.0329683  0.8596580   46.99924  -47.16738    33.9953    33.9967     1.7451     1.7210    27.1861    27.1889    6.35188    6.45018         18 0.0000e+00
      59084   2461.787    149.000     1.7382   2.981236     1.7217   2.980421      96.73     0.0207     2.8033     2.4987  2.0329671  0.8595853   46.99924  -47.16739    33.9858    33.9932     1.7307     1.7143    27.1795    27.1867    6.34142    6.44836         19 0.0000e+00
      59105   2462.671    148.000     1.7264   2.979658     1.7136   2.979423      96.75     0.0192     2.8020     2.4976  2.0322678  0.8582361   46.99924  -47.16740    33.9792    33.9900     1.7190     1.7063    27.1751    27.1846    6.34222    6.45252         24 0.0000e+00
      59132   2463.776    147.000     1.7178   2.978545     1.6992   2.977693      73.75     0.0204     2.8017     2.4968  2.0317438  0.8571381   46.99924  -47.16740    33.9749    33.9842     1.7105     1.6920    27.1723    27.1811    6.34247    6.45136         28 0.0000e+00
      59159   2464.898    146.000     1.6976   2.976317     1.6807   2.975499      94.64     0.0223     2.7998     2.4956  2.0293629  0.8531179   46.99924  -47.16740    33.9692    33.9771     1.6903     1.6735    27.1692    27.1767    6.33401    6.44983         24 0.0000e+00
      59180   2465.786    145.000     1.6670   2.972628     1.6390   2.970645      70.77     0.0206     2.7983     2.4944  2.0289912  0.8519940   46.99924  -47.16739    33.9562    33.9613     1.6598     1.6319    27.1609    27.1670    6.32662    6.44396         20 0.0000e+00
      59199   2466.592    144.000     1.6373   2.969022     1.6122   2.967274      93.86     0.0195     2.7966     2.4929  2.0285778  0.8503302   46.99924  -47.16739    33.9432    33.9481     1.6303     1.6052    27.1527    27.1584    6.32819    6.45308         20 0.0000e+00
      59221   2467.502    143.000     1.6187   2.966650     1.6024   2.965789      80.75     0.0224     2.7949     2.4927  2.0286651  0.8486685   46.99924  -47.16740    33.9339    33.9404     1.6117     1.5955    27.1465    27.1529    6.32660    6.47098         25 0.0000e+00
      59256   2468.977    142.000     1.6098   2.965433     1.6076   2.966382      92.92     0.0274     2.7938     2.4937  2.0290804  0.8435484   46.99924  -47.16740    33.9286    33.9429     1.6029     1.6007    27.1429    27.1546    6.35827    6.47644         45 0.0000e+00
      59297   2470.681    141.000     1.6180   2.966545     1.6167   2.967682      63.47     0.0238     2.7968     2.4942  2.0312467  0.8402281   46.99924  -47.16740    33.9343    33.9501     1.6111     1.6099    27.1469    27.1597    6.37697    6.47190         30 0.0000e+00
      59320   2471.607    140.000     1.5957   2.963721     1.5727   2.962174      95.31     0.0240     2.7974     2.4945  2.0330105  0.8393161   46.99924  -47.16740    33.9233    33.9285     1.5889     1.5659    27.1397    27.1455    6.36394    6.47852         19 0.0000e+00
      59337   2472.314    139.000     1.5431   2.957380     1.5285   2.956961      96.75     0.0274     2.7974     2.4945  2.0329671  0.8389795   46.99924  -47.16740    33.9003    33.9108     1.5365     1.5218    27.1249    27.1344    6.36960    6.47700         16 0.0000e+00
      59352   2472.968    138.000     1.5116   2.953842     1.4968   2.953298      96.73     0.0277     2.7975     2.4937  2.0328171  0.8316314   46.99924  -47.16740    33.8899    33.8991     1.5051     1.4902    27.1189    27.1272    6.36745    6.47145         16 0.0000e+00
      59369   2473.656    137.000     1.4922   2.951546     1.4702   2.950171      96.70     0.0256     2.7962     2.4928  2.0327528  0.8315018   46.99924  -47.16740    33.8816    33.8886     1.4864     1.4637    27.1135    27.1207    6.35506    6.46756         17 0.0000e+00
      59388   2474.444    136.000     1.4652   2.948336     1.4393   2.946527      96.56     0.0230     2.7949     2.4915  2.0329630  0.8303605   46.99924  -47.16740    33.8720    33.8763     1.4582     1.4329    27.1078    27.1130    6.35701    6.46940         21 0.0000e+00
      59412   2475.479    135.000     1.4494   2.946401     1.4267   2.945054      81.03     0.0256     2.7936     2.4905  2.0332146  0.8278895   46.99924  -47.16740    33.8644    33.8717     1.4430     1.4204    27.1027    27.1102    6.35459    6.48559         29 0.0000e+00
      59445   2476.819    134.000     1.4699   2.948680     1.3888   2.940919      67.39     0.0251     2.7913     2.4915  2.0330019  0.8247359   46.99924  -47.16739    33.8718    33.8607     1.4636     1.3825    27.1072    27.1039    6.35006    6.52069         34 0.0000e+00
      59478   2478.189    133.000     1.4427   2.945598     1.3929   2.941422      59.29     0.0250     2.7915     2.4950  2.0334868  0.8220049   46.99924  -47.16738    33.8625    33.8632     1.4364     1.3867    27.1017    27.1057    6.38973    6.55781         31 0.0000e+00
      59508   2479.449    132.000     1.3904   2.939771     1.3825   2.940247      83.89     0.0264     2.7956     2.5000  2.0364954  0.8167157   46.99924  -47.16739    33.8455    33.8601     1.3842     1.3763    27.0916    27.1039    6.45212    6.59457         29 0.0000e+00
      59535   2480.574    131.000     1.3394   2.934044     1.3054   2.931552      88.80     0.0280     2.8019     2.5064  2.0371387  0.8162970   46.99924  -47.16740    33.8281    33.8331     1.3334     1.2994    27.0812    27.0875    6.49569    6.64681         25 0.0000e+00
      59558   2481.538    130.000     1.2855   2.928163     1.2665   2.926845      96.40     0.0266     2.8072     2.5122  2.0378077  0.8156166   46.99924  -47.16740    33.8120    33.8157     1.2796     1.2606    27.0718    27.0761    6.52220    6.67148         22 0.0000e+00
      59578   2482.375    129.000     1.2557   2.924378     1.2387   2.923691      87.91     0.0218     2.8128     2.5169  2.0378511  0.8140222   46.99922  -47.16740    33.7965    33.8061     1.2498     1.2328    27.0614    27.0702    6.55421    6.68870         19 0.0000e+00
      59596   2483.141    128.000     1.2348   2.921749     1.2139   2.920870      73.05     0.0226     2.8181     2.5214  2.0379860  0.8071213   46.99922  -47.16740    33.7861    33.7974     1.2290     1.2081    27.0544    27.0649    6.58074    6.70133         18 0.0000e+00
      59615   2483.913    127.000     1.1972   2.917923     1.1841   2.917649      96.55     0.0229     2.8233     2.5249  2.0378518  0.8070818   46.99922  -47.16740    33.7784    33.7890     1.1915     1.1784    27.0507    27.0601    6.57856    6.69254         19 0.0000e+00
      59635   2484.766    126.000     1.1764   2.915488     1.1642   2.915444      96.64     0.0215     2.8265     2.5266  2.0378511  0.8026682   46.99922  -47.16740    33.7703    33.7829     1.1708     1.1586    27.0456    27.0565    6.54936    6.66839         22 0.0000e+00
      59658   2485.719    125.000     1.1579   2.913398     1.1386   2.912580      72.40     0.0183     2.8276     2.5271  2.0380023  0.8003892   46.99922  -47.16740    33.7641    33.7745     1.1524     1.1331    27.0418    27.0514    6.54097    6.67612         24 0.0000e+00
      59683   2486.743    124.000     1.1402   2.911468     1.1271   2.911180      95.99     0.0188     2.8287     2.5292  2.0378520  0.7959761   46.99922  -47.16739    33.7590    33.7696     1.1348     1.1216    27.0389    27.0483    6.55565    6.69813         25 0.0000e+00
      59709   2487.840    123.000     1.1300   2.910261     1.1175   2.910114      96.45     0.0203     2.8313     2.5317  2.0378942  0.7932059   46.99922  -47.16738    33.7552    33.7668     1.1246     1.1121    27.0365    27.0466    6.58156    6.70772         28 0.0000e+00
      59744   2489.277    122.000     1.1355   2.910756     1.1282   2.911126      81.95     0.0225     2.8371     2.5356  2.0347326  0.7892717   46.99922  -47.16738    33.7560    33.7692     1.1303     1.1228    27.0368    27.0478    6.61958    6.73392         42 0.0000e+00
      59782   2490.876    121.000     1.1640   2.913831     1.1378   2.912547      96.66     0.0246     2.8451     2.5418  2.0334048  0.7870952   46.99922  -47.16738    33.7653    33.7772     1.1586     1.1324    27.0424    27.0537    6.64564    6.75919         30 0.0000e+00
      59805   2491.833    120.000     1.1217   2.909245     1.1127   2.909338      64.39     0.0261     2.8504     2.5455  2.0329671  0.7863247   46.99922  -47.16738    33.7529    33.7638     1.1164     1.1074    27.0352    27.0445    6.66089    6.78008         19 0.0000e+00
      59822   2492.561    119.000     1.1080   2.907478     1.1050   2.908361      95.11     0.0270     2.8531     2.5487  2.0330431  0.7853346   46.99922  -47.16738    33.7456    33.7603     1.1028     1.0997    27.0302    27.0422    6.65414    6.79644         16 0.0000e+00
      59839   2493.236    118.000     1.0958   2.906037     1.0957   2.907235      95.80     0.0287     2.8557     2.5519  2.0330434  0.7838675   46.99922  -47.16738    33.7409    33.7565     1.0907     1.0905    27.0272    27.0397    6.64502    6.81241         16 0.0000e+00
      59856   2493.941    117.000     1.0816   2.904411     1.0815   2.905606      95.82     0.0265     2.8560     2.5554  2.0330348  0.7838828   46.99922  -47.16738    33.7360    33.7515     1.0765     1.0764    27.0242    27.0366    6.63185    6.82748         18 0.0000e+00
      59875   2494.740    116.000     1.0656   2.902729     1.0569   2.903027      95.86     0.0238     2.8564     2.5593  2.0310724  0.7799768   46.99922  -47.16738    33.7323    33.7455     1.0606     1.0519    27.0222    27.0334    6.62507    6.85367         21 0.0000e+00
      59898   2495.691    115.000     1.0518   2.901133     1.0425   2.901498      72.05     0.0215     2.8569     2.5653  2.0294313  0.7778164   46.99922  -47.16738    33.7274    33.7422     1.0468     1.0375    27.0191    27.0316    6.66494    6.88845         25 0.0000e+00
      59925   2496.833    114.000     1.0464   2.900599     1.0145   2.898529      95.07     0.0201     2.8641     2.5734  2.0286264  0.7745005   46.99922  -47.16738    33.7269    33.7349     1.0415     1.0096    27.0191    27.0275    6.77210    6.94255         30 0.0000e+00
      59959   2498.243    113.000     1.0572   2.901666     0.9681   2.894027      84.23     0.0192     2.8799     2.5855  2.0272117  0.7719163   46.99922  -47.16738    33.7295    33.7278     1.0523     0.9633    27.0205    27.0248    6.86247    6.99502         38 0.0000e+00
      59996   2499.799    112.000     1.0156   2.897821     0.9018   2.887516      90.72     0.0184     2.9006     2.5970  2.0258193  0.7691436   46.99922  -47.16738    33.7257    33.7171     1.0108     0.8971    27.0201    27.0203    6.92241    7.01511         33 0.0000e+00
