data/CTD/2013/CNV/U021A056.CNV
* Sea-Bird SBE 9 Data File:
* FileName = C:\CTD_ACQUISITION\2013021HUD\ctddata\021A056.hdr
* Software Version Seasave V 7.22.2
* Temperature SN = 5081
* Conductivity SN = 3561
* Number of Bytes Per Scan = 37
* Number of Voltage Words = 4
* Number of Scans Averaged by the Deck Unit = 1
* NMEA Latitude = 48 36.11 N
* NMEA Longitude = 045 27.91 W
* NMEA UTC (Time) = Jul 05 2013 09:14:21
* NMEA baud rate = 9600
** Ship: Hudson
** Cruise: HUD2013021
** Chief_Scientist: Greenan
** Organization: BIO
** Area_of_Operation: Sackville Spur
** Station: 56
** Sounding:  1028
** Event_Comments: SS21   393221
# nquan = 25
# nvalues = 1032                        
# units = specified
# name 0 = scan: Scan Count
# name 1 = timeS: Time, Elapsed [seconds]
# name 2 = prDM: Pressure, Digiquartz [db]
# name 3 = t068C: Temperature [ITS-68, deg C]
# name 4 = c0S/m: Conductivity [S/m]
# name 5 = t168C: Temperature, 2 [ITS-68, deg C]
# name 6 = c1S/m: Conductivity, 2 [S/m]
# name 7 = altM: Altimeter [m]
# name 8 = flCUVA: Fluorescence, Chelsea UV Aquatracka [ug/l]
# name 9 = sbeox0V: Oxygen raw, SBE 43 [V]
# name 10 = sbeox1V: Oxygen raw, SBE 43, 2 [V]
# name 11 = upoly0: Upoly 0, Optode 4330F - O2 D-Phase
# name 12 = upoly1: Upoly 1, Optode 4330F - O2 Temp
# name 13 = latitude: Latitude [deg]
# name 14 = longitude: Longitude [deg]
# name 15 = sal00: Salinity, Practical [PSU]
# name 16 = sal11: Salinity, Practical, 2 [PSU]
# name 17 = potemp068C: Potential Temperature [ITS-68, deg C]
# name 18 = potemp168C: Potential Temperature, 2 [ITS-68, deg C]
# name 19 = sigma-é00: Density [sigma-theta, Kg/m^3]
# name 20 = sigma-é11: Density, 2 [sigma-theta, Kg/m^3]
# name 21 = sbeox0ML/L: Oxygen, SBE 43 [ml/l], WS = 2
# name 22 = sbeox1ML/L: Oxygen, SBE 43, 2 [ml/l], WS = 2
# name 23 = nbin: number of scans per bin
# name 24 = flag: flag
# span 0 =      35241,      60295       
# span 1 =   1468.318,   2512.253       
# span 2 =      1.000,   1032.000       
# span 3 =     1.5119,     6.4149       
# span 4 =   2.956466,   3.322228       
# span 5 =     1.5036,     6.4140       
# span 6 =   2.956319,   3.323191       
# span 7 =       5.76,      97.35       
# span 8 =     0.0066,     0.6474       
# span 9 =     2.5311,     3.3911       
# span 10 =     2.2739,     3.0322      
# span 11 =  1.7122679,  2.0378511      
# span 12 =  0.8350076,  1.4187750      
# span 13 =   48.60130,   48.60230      
# span 14 =  -45.46044,  -45.45938      
# span 15 =    33.2451,    34.9148      
# span 16 =    33.2607,    34.9306      
# span 17 =     1.5101,     6.4142      
# span 18 =     1.5017,     6.4131      
# span 19 =    26.1158,    27.7582      
# span 20 =    26.1284,    27.7708      
# span 21 =    5.77026,    8.53963      
# span 22 =    5.89246,    8.55161      
# span 23 =         14,        959      
# span 24 = 0.0000e+00, 0.0000e+00      
# interval = decibars: 1                
# start_time = Jul 05 2013 09:14:21 [NMEA time, header]
# bad_flag = -9.990e-29
*END*
[from data line 348]
      44141   1839.182    684.000     3.9920   3.277310     3.9926   3.278698      94.90     0.0139     2.7101     2.4209  1.9742966  1.1233212   48.60204  -45.46030    34.9029    34.9186     3.9414     3.9421    27.7151    27.7276    6.09544    6.24049         20 0.0000e+00
      44162   1840.026    683.000     3.9929   3.277343     3.9930   3.278682      94.26     0.0156     2.7106     2.4214  1.9743578  1.1233212   48.60204  -45.46030    34.9028    34.9185     3.9424     3.9425    27.7150    27.7275    6.09247    6.23870         21 0.0000e+00
      44184   1840.940    682.000     3.9932   3.277321     3.9932   3.278665      75.84     0.0099     2.7105     2.4216  1.9742548  1.1239454   48.60204  -45.46030    34.9028    34.9186     3.9428     3.9428    27.7150    27.7276    6.08987    6.24130         23 0.0000e+00
      44208   1841.943    681.000     3.9933   3.277287     3.9932   3.278604      95.18     0.0094     2.7106     2.4223  1.9742130  1.1243408   48.60204  -45.46031    34.9027    34.9185     3.9430     3.9429    27.7149    27.7274    6.09475    6.24833         25 0.0000e+00
      44232   1842.967    680.000     3.9933   3.277240     3.9926   3.278503      95.14     0.0147     2.7116     2.4232  1.9740390  1.1245438   48.60204  -45.46031    34.9027    34.9184     3.9431     3.9424    27.7149    27.7274    6.10267    6.24592         23 0.0000e+00
      44254   1843.871    679.000     3.9929   3.277144     3.9918   3.278363      94.50     0.0162     2.7122     2.4235  1.9739295  1.1245421   48.60204  -45.46030    34.9025    34.9181     3.9428     3.9416    27.7148    27.7273    6.09772    6.24287         20 0.0000e+00
      44273   1844.646    678.000     3.9931   3.277105     3.9931   3.278435      95.15     0.0112     2.7124     2.4238  1.9738163  1.1245421   48.60204  -45.46030    34.9024    34.9181     3.9430     3.9430    27.7146    27.7271    6.09449    6.24474         18 0.0000e+00
      44291   1845.401    677.000     3.9951   3.277234     3.9963   3.278720      95.56     0.0114     2.7126     2.4242  1.9735924  1.1245421   48.60204  -45.46030    34.9023    34.9186     3.9451     3.9463    27.7144    27.7272    6.09505    6.24707         19 0.0000e+00
      44313   1846.353    676.000     3.9973   3.277417     3.9996   3.278991      95.55     0.0146     2.7129     2.4247  1.9739550  1.1245421   48.60204  -45.46030    34.9026    34.9189     3.9474     3.9522    27.7143    27.7271    6.09181    6.24291         29 0.0000e+00
      44353   1847.993    675.000     3.9984   3.277497     4.0002   3.278989      95.33     0.0130     2.7122     2.4244  1.9742599  1.1245421   48.60204  -45.46030    34.9029    34.9188     3.9486     3.9501    27.7145    27.7269    6.08394    6.23043         42 0.0000e+00
      44382   1849.211    674.000     3.9980   3.277390     3.9993   3.278877      95.64     0.0200     2.7127     2.4241  1.9739259  1.1245421   48.60202  -45.46030    34.9026    34.9189     3.9482     3.9495    27.7143    27.7271    6.09791    6.23895         20 0.0000e+00
      44401   1849.988    673.000     4.0014   3.277665     4.0046   3.279339      94.93     0.0172     2.7134     2.4245  1.9736779  1.1245421   48.60202  -45.46030    34.9029    34.9192     3.9517     3.9549    27.7141    27.7268    6.09739    6.24522         18 0.0000e+00
      44417   1850.684    672.000     4.0069   3.278171     4.0088   3.279708      95.67     0.0167     2.7136     2.4251  1.9733683  1.1245421   48.60202  -45.46030    34.9036    34.9197     3.9572     3.9591    27.7141    27.7267    6.09928    6.24767         16 0.0000e+00
      44434   1851.376    671.000     4.0104   3.278483     4.0107   3.279864      95.60     0.0187     2.7143     2.4257  1.9750082  1.1246860   48.60202  -45.46030    34.9040    34.9200     3.9608     3.9611    27.7140    27.7268    6.09954    6.24696         17 0.0000e+00
      44453   1852.146    670.000     4.0115   3.278557     4.0120   3.279934      95.12     0.0187     2.7150     2.4264  1.9749421  1.1249988   48.60202  -45.46030    34.9042    34.9200     3.9620     3.9624    27.7141    27.7266    6.09694    6.25262         21 0.0000e+00
      44477   1853.170    669.000     4.0118   3.278547     4.0131   3.279990      95.63     0.0134     2.7153     2.4276  1.9742590  1.1254512   48.60202  -45.46030    34.9044    34.9201     3.9623     3.9636    27.7142    27.7266    6.09514    6.25256         29 0.0000e+00
      44506   1854.392    668.000     4.0121   3.278515     4.0134   3.279974      95.58     0.0118     2.7162     2.4285  1.9742175  1.1257730   48.60202  -45.46030    34.9042    34.9201     3.9627     3.9640    27.7140    27.7265    6.10259    6.25176         26 0.0000e+00
      44528   1855.311    667.000     4.0125   3.278511     4.0150   3.280076      95.28     0.0122     2.7169     2.4290  1.9731394  1.1264948   48.60202  -45.46030    34.9042    34.9201     3.9632     3.9656    27.7139    27.7264    6.10442    6.24899         20 0.0000e+00
      44547   1856.095    666.000     4.0150   3.278693     4.0167   3.280201      95.60     0.0146     2.7177     2.4294  1.9731380  1.1267103   48.60202  -45.46030    34.9043    34.9203     3.9657     3.9675    27.7138    27.7263    6.09816    6.24563         18 0.0000e+00
      44566   1856.882    665.000     4.0178   3.278918     4.0189   3.280376      95.66     0.0152     2.7173     2.4293  1.9722379  1.1269195   48.60202  -45.46030    34.9046    34.9205     3.9686     3.9697    27.7137    27.7263    6.08724    6.24354         20 0.0000e+00
      44589   1857.823    664.000     4.0197   3.279077     4.0204   3.280466      95.32     0.0131     2.7174     2.4296  1.9709276  1.1269821   48.60202  -45.46030    34.9049    34.9206     3.9706     3.9712    27.7137    27.7262    6.09166    6.24479         26 0.0000e+00
      44620   1859.114    663.000     4.0200   3.279060     4.0211   3.280471      95.28     0.0149     2.7176     2.4301  1.9722540  1.1269841   48.60201  -45.46030    34.9049    34.9204     3.9710     3.9720    27.7137    27.7260    6.09884    6.24814         35 0.0000e+00
      44651   1860.435    662.000     4.0202   3.279016     4.0210   3.280419      95.66     0.0151     2.7188     2.4303  1.9731505  1.1269841   48.60200  -45.46030    34.9047    34.9204     3.9712     3.9720    27.7135    27.7259    6.09978    6.23846         27 0.0000e+00
      44675   1861.437    661.000     4.0214   3.279066     4.0222   3.280471      95.55     0.0119     2.7190     2.4300  1.9725281  1.1273723   48.60200  -45.46030    34.9045    34.9203     3.9725     3.9733    27.7133    27.7257    6.09458    6.24113         22 0.0000e+00
      44696   1862.289    660.000     4.0223   3.279107     4.0226   3.280459      95.25     0.0114     2.7191     2.4303  1.9724313  1.1273698   48.60200  -45.46030    34.9045    34.9202     3.9735     3.9738    27.7131    27.7256    6.09660    6.24170         19 0.0000e+00
      44715   1863.064    659.000     4.0230   3.279109     4.0231   3.280447      95.66     0.0090     2.7193     2.4302  1.9711685  1.1279348   48.60200  -45.46030    34.9044    34.9201     3.9742     3.9744    27.7130    27.7254    6.09880    6.23912         18 0.0000e+00
      44733   1863.835    658.000     4.0237   3.279124     4.0238   3.280470      95.57     0.0109     2.7202     2.4303  1.9699862  1.1281414   48.60200  -45.46030    34.9043    34.9201     3.9750     3.9752    27.7128    27.7254    6.09414    6.24317         19 0.0000e+00
      44753   1864.681    657.000     4.0245   3.279147     4.0246   3.280507      95.32     0.0094     2.7195     2.4308  1.9701948  1.1280946   48.60200  -45.46030    34.9043    34.9202     3.9759     3.9778    27.7127    27.7253    6.09484    6.24954         22 0.0000e+00
      44776   1865.617    656.000     4.0248   3.279145     4.0253   3.280521      95.20     0.0089     2.7204     2.4317  1.9710602  1.1282042   48.60200  -45.46030    34.9045    34.9202     3.9763     3.9768    27.7128    27.7253    6.10084    6.25424         23 0.0000e+00
      44799   1866.595    655.000     4.0252   3.279139     4.0256   3.280504      95.66     0.0099     2.7209     2.4325  1.9709514  1.1282052   48.60200  -45.46029    34.9045    34.9202     3.9767     3.9788    27.7128    27.7252    6.09404    6.25002         24 0.0000e+00
      44823   1867.589    654.000     4.0256   3.279127     4.0258   3.280485      95.65     0.0121     2.7207     2.4327  1.9727035  1.1282052   48.60199  -45.46028    34.9045    34.9203     3.9772     3.9791    27.7127    27.7252    6.08722    6.24211         24 0.0000e+00
      44848   1868.637    653.000     4.0258   3.279103     4.0260   3.280460      95.39     0.0140     2.7203     2.4328  1.9726689  1.1282052   48.60198  -45.46028    34.9045    34.9203     3.9775     3.9777    27.7127    27.7253    6.08781    6.24489         26 0.0000e+00
      44873   1869.671    652.000     4.0260   3.279073     4.0264   3.280450      95.47     0.0170     2.7201     2.4330  1.9712210  1.1282052   48.60198  -45.46028    34.9045    34.9202     3.9778     3.9816    27.7127    27.7252    6.08411    6.24453         23 0.0000e+00
      44894   1870.552    651.000     4.0265   3.279068     4.0273   3.280477      93.95     0.0151     2.7201     2.4331  1.9712099  1.1282052   48.60198  -45.46028    34.9044    34.9202     3.9784     3.9791    27.7125    27.7250    6.09060    6.23958         19 0.0000e+00
      44913   1871.321    650.000     4.0273   3.279106     4.0288   3.280551      95.00     0.0141     2.7204     2.4329  1.9711016  1.1293716   48.60198  -45.46028    34.9045    34.9200     3.9793     3.9807    27.7125    27.7247    6.09470    6.23808         18 0.0000e+00
      44931   1872.096    649.000     4.0288   3.279187     4.0295   3.280577      95.46     0.0100     2.7207     2.4330  1.9707000  1.1293650   48.60198  -45.46028    34.9044    34.9200     3.9808     3.9816    27.7123    27.7246    6.09629    6.24066         20 0.0000e+00
      44955   1873.066    648.000     4.0296   3.279218     4.0296   3.280524      95.59     0.0082     2.7217     2.4332  1.9708637  1.1293819   48.60198  -45.46028    34.9044    34.9199     3.9817     3.9817    27.7122    27.7245    6.09755    6.24225         28 0.0000e+00
      44988   1874.439    647.000     4.0295   3.279152     4.0287   3.280380      95.50     0.0134     2.7224     2.4335  1.9706157  1.1294276   48.60198  -45.46028    34.9043    34.9197     3.9817     3.9808    27.7121    27.7244    6.09458    6.24113         34 0.0000e+00
      45016   1875.640    646.000     4.0292   3.279066     4.0284   3.280302      95.67     0.0164     2.7224     2.4337  1.9698601  1.1294261   48.60198  -45.46028    34.9041    34.9196     3.9815     3.9807    27.7120    27.7244    6.09091    6.24222         24 0.0000e+00
      45038   1876.536    645.000     4.0285   3.278941     4.0268   3.280081      95.12     0.0164     2.7228     2.4338  1.9697164  1.1294261   48.60198  -45.46028    34.9039    34.9192     3.9809     3.9791    27.7119    27.7242    6.09538    6.24475         20 0.0000e+00
      45057   1877.325    644.000     4.0258   3.278616     4.0223   3.279576      95.34     0.0180     2.7233     2.4345  1.9700222  1.1294261   48.60198  -45.46028    34.9034    34.9185     3.9783     3.9748    27.7117    27.7241    6.09724    6.25263         18 0.0000e+00
      45076   1878.106    643.000     4.0220   3.278150     4.0206   3.279341      95.56     0.0161     2.7235     2.4353  1.9699632  1.1294261   48.60196  -45.46028    34.9025    34.9180     3.9745     3.9731    27.7114    27.7239    6.10353    6.25518         20 0.0000e+00
      45097   1878.990    642.000     4.0207   3.277958     4.0195   3.279174      95.65     0.0139     2.7246     2.4358  1.9702287  1.1294261   48.60196  -45.46028    34.9021    34.9178     3.9733     3.9721    27.7112    27.7238    6.10199    6.25438         24 0.0000e+00
      45124   1880.146    641.000     4.0203   3.277887     4.0186   3.279032      95.32     0.0139     2.7247     2.4366  1.9702235  1.1294261   48.60196  -45.46028    34.9022    34.9175     3.9730     3.9713    27.7114    27.7237    6.09729    6.24601         31 0.0000e+00
      45153   1881.317    640.000     4.0201   3.277808     4.0192   3.279036      95.65     0.0160     2.7253     2.4360  1.9702181  1.1293175   48.60196  -45.46028    34.9020    34.9174     3.9729     3.9720    27.7112    27.7236    6.10354    6.23829         23 0.0000e+00
      45172   1882.140    639.000     4.0201   3.277757     4.0219   3.279262      95.62     0.0155     2.7259     2.4360  1.9702659  1.1294280   48.60196  -45.46028    34.9019    34.9178     3.9730     3.9747    27.7111    27.7236    6.10272    6.24582         17 0.0000e+00
      45188   1882.805    638.000     4.0232   3.278002     4.0254   3.279568      94.84     0.0155     2.7262     2.4365  1.9700403  1.1294261   48.60196  -45.46028    34.9021    34.9183     3.9761     3.9783    27.7109    27.7236    6.09789    6.25207         15 0.0000e+00
      45203   1883.427    637.000     4.0269   3.278334     4.0274   3.279724      94.55     0.0159     2.7263     2.4368  1.9700447  1.1294261   48.60196  -45.46028    34.9026    34.9185     3.9798     3.9803    27.7110    27.7236    6.08848    6.24863         15 0.0000e+00
      45219   1884.097    636.000     4.0286   3.278463     4.0286   3.279811      95.60     0.0151     2.7256     2.4371  1.9697496  1.1294261   48.60196  -45.46026    34.9029    34.9188     3.9816     3.9817    27.7110    27.7236    6.09280    6.24545         18 0.0000e+00
      45246   1885.216    635.000     4.0290   3.278468     4.0297   3.279863      95.37     0.0125     2.7263     2.4374  1.9696827  1.1292770   48.60196  -45.46026    34.9030    34.9188     3.9821     3.9828    27.7111    27.7235    6.09785    6.24440         43 0.0000e+00
      45297   1887.338    634.000     4.0286   3.278367     4.0260   3.279457      94.76     0.0166     2.7277     2.4379  1.9696021  1.1294615   48.60194  -45.46026    34.9028    34.9184     3.9818     3.9792    27.7109    27.7236    6.10637    6.25211         35 0.0000e+00
      45316   1888.117    633.000     4.0292   3.278370     4.0291   3.279699      95.59     0.0124     2.7279     2.4386  1.9696927  1.1294261   48.60194  -45.46026    34.9027    34.9185     3.9824     3.9824    27.7108    27.7233    6.09743    6.24978         17 0.0000e+00
      45332   1888.780    632.000     4.0305   3.278468     4.0307   3.279820      95.59     0.0115     2.7284     2.4388  1.9695494  1.1291941   48.60194  -45.46026    34.9030    34.9187     3.9839     3.9841    27.7108    27.7233    6.09844    6.24437         16 0.0000e+00
      45346   1889.395    631.000     4.0314   3.278504     4.0313   3.279820      94.71     0.0151     2.7281     2.4386  1.9694749  1.1289902   48.60194  -45.46026    34.9030    34.9187     3.9848     3.9847    27.7107    27.7233    6.09870    6.24371         14 0.0000e+00
      45362   1890.030    630.000     4.0315   3.278457     4.0311   3.279764      94.91     0.0144     2.7287     2.4389  1.9694749  1.1287835   48.60194  -45.46026    34.9029    34.9187     3.9850     3.9846    27.7106    27.7233    6.10158    6.24451         17 0.0000e+00
      45381   1890.842    629.000     4.0313   3.278398     4.0309   3.279696      70.42     0.0135     2.7289     2.4389  1.9695703  1.1290995   48.60194  -45.46026    34.9029    34.9186     3.9849     3.9845    27.7107    27.7232    6.09807    6.24738         24 0.0000e+00
      45420   1892.452    628.000     4.0311   3.278334     4.0307   3.279633      97.26     0.0100     2.7294     2.4396  1.9693265  1.1294466   48.60194  -45.46025    34.9029    34.9187     3.9847     3.9843    27.7107    27.7233    6.10029    6.24278         46 0.0000e+00
