data/CTD/2013/CNV/U021A021.CNV
* Sea-Bird SBE 9 Data File:
* FileName = C:\CTD_ACQUISITION\2013021HUD\ctddata\021A021.hdr
* Software Version Seasave V 7.22.2
* Temperature SN = 5081
* Conductivity SN = 3561
* Number of Bytes Per Scan = 37
* Number of Voltage Words = 4
* Number of Scans Averaged by the Deck Unit = 1
* NMEA Latitude = 46 59.98 N
* NMEA Longitude = 046 29.00 W
* NMEA UTC (Time) = Jul 02 2013 07:03:49
* NMEA baud rate = 9600
** Ship: Hudson
** Cruise: HUD2013021
** Chief_Scientist: Greenan
** Organization: BIO
** Area_of_Operation: Sackville Spur
** Station: 21
** Sounding:  416
** Event_Comments: FC20  393129
# nquan = 25
# nvalues = 344                         
# units = specified
# name 0 = scan: Scan Count
# name 1 = timeS: Time, Elapsed [seconds]
# name 2 = prDM: Pressure, Digiquartz [db]
# name 3 = t068C: Temperature [ITS-68, deg C]
# name 4 = c0S/m: Conductivity [S/m]
# name 5 = t168C: Temperature, 2 [ITS-68, deg C]
# name 6 = c1S/m: Conductivity, 2 [S/m]
# name 7 = altM: Altimeter [m]
# name 8 = flCUVA: Fluorescence, Chelsea UV Aquatracka [ug/l]
# name 9 = sbeox0V: Oxygen raw, SBE 43 [V]
# name 10 = sbeox1V: Oxygen raw, SBE 43, 2 [V]
# name 11 = upoly0: Upoly 0, Optode 4330F - O2 D-Phase
# name 12 = upoly1: Upoly 1, Optode 4330F - O2 Temp
# name 13 = latitude: Latitude [deg]
# name 14 = longitude: Longitude [deg]
# name 15 = sal00: Salinity, Practical [PSU]
# name 16 = sal11: Salinity, Practical, 2 [PSU]
# name 17 = potemp068C: Potential Temperature [ITS-68, deg C]
# name 18 = potemp168C: Potential Temperature, 2 [ITS-68, deg C]
# name 19 = sigma-é00: Density [sigma-theta, Kg/m^3]
# name 20 = sigma-é11: Density, 2 [sigma-theta, Kg/m^3]
# name 21 = sbeox0ML/L: Oxygen, SBE 43 [ml/l], WS = 2
# name 22 = sbeox1ML/L: Oxygen, SBE 43, 2 [ml/l], WS = 2
# name 23 = nbin: number of scans per bin
# name 24 = flag: flag
# span 0 =      19679,      29572       
# span 1 =    819.904,   1232.122       
# span 2 =      1.000,    344.000       
# span 3 =     2.8546,     7.7345       
# span 4 =   3.100836,   3.471146       
# span 5 =     2.8434,     7.7380       
# span 6 =   3.101031,   3.471076       
# span 7 =       6.06,      98.38       
# span 8 =     0.0096,     0.3763       
# span 9 =     2.6318,     3.4087       
# span 10 =     2.3510,     3.0488      
# span 11 =  1.7202359,  2.0511892      
# span 12 =  0.9939462,  1.4700727      
# span 13 =   46.99968,   47.00040      
# span 14 =  -46.48386,  -46.48324      
# span 15 =    32.7753,    34.9479      
# span 16 =    32.7900,    34.9633      
# span 17 =     2.8491,     7.7319      
# span 18 =     2.8379,     7.7354      
# span 19 =    25.7103,    27.6700      
# span 20 =    25.7218,    27.6824      
# span 21 =    5.38402,    7.46752      
# span 22 =    5.52593,    7.56032      
# span 23 =         14,        367      
# span 24 = 0.0000e+00, 0.0000e+00      
# interval = decibars: 1                
# start_time = Jul 02 2013 07:03:49 [NMEA time, header]
# bad_flag = -9.990e-29
*END*
[from data line 58]
      21350    889.547    286.000     4.7026   3.324317     4.7120   3.326833      62.92     0.0147     2.7020     2.4159  1.9926740  1.1965812   46.99978  -46.48334    34.9147    34.9342     4.6808     4.6901    27.6444    27.6588    5.60309    5.72224         17 0.0000e+00
      21368    890.278    285.000     4.7327   3.327587     4.7386   3.329540      82.78     0.0172     2.6970     2.4103  1.9905922  1.1965812   46.99978  -46.48334    34.9218    34.9383     4.7108     4.7167    27.6467    27.6591    5.55195    5.68238         19 0.0000e+00
      21388    891.143    284.000     4.7541   3.329735     4.7617   3.331887      87.72     0.0182     2.6897     2.4029  1.9903957  1.1965812   46.99978  -46.48334    34.9249    34.9420     4.7322     4.7398    27.6467    27.6594    5.50931    5.65244         23 0.0000e+00
      21417    892.317    283.000     4.7604   3.330476     4.7902   3.334570      66.60     0.0178     2.6783     2.3938  1.9929129  1.2048942   46.99978  -46.48335    34.9274    34.9433     4.7386     4.7694    27.6479    27.6572    5.47600    5.63576         32 0.0000e+00
      21447    893.591    282.000     4.7728   3.331878     4.8059   3.335985      67.70     0.0142     2.6672     2.3860  1.9939821  1.2079149   46.99980  -46.48336    34.9312    34.9443     4.7511     4.7840    27.6496    27.6562    5.46612    5.62878         27 0.0000e+00
      21470    894.524    281.000     4.8116   3.335062     4.8605   3.341154      85.72     0.0129     2.6615     2.3822  1.9951454  1.2117144   46.99980  -46.48336    34.9280    34.9476     4.7899     4.8386    27.6426    27.6526    5.46369    5.63397         19 0.0000e+00
      21487    895.262    280.000     4.8855   3.342232     4.9197   3.347276      62.95     0.0146     2.6582     2.3801  1.9951160  1.2119566   46.99980  -46.48336    34.9344    34.9570     4.8637     4.8979    27.6392    27.6532    5.45176    5.62452         17 0.0000e+00
      21503    895.930    279.000     4.9319   3.347160     4.9504   3.350383      18.33     0.0117     2.6549     2.3786  1.9957194  1.2141836   46.99980  -46.48336    34.9435    34.9615     4.9101     4.9285    27.6411    27.6532    5.44765    5.62357         16 0.0000e+00
      21519    896.602    278.000     4.9538   3.349405     4.9658   3.351887      69.53     0.0127     2.6534     2.3778  1.9963164  1.2166084   46.99980  -46.48336    34.9471    34.9633     4.9320     4.9440    27.6414    27.6529    5.46003    5.63627         17 0.0000e+00
      21539    897.429    277.000     4.9641   3.350367     4.9658   3.351799      85.03     0.0135     2.6533     2.3787  1.9965764  1.2170609   46.99981  -46.48336    34.9479    34.9628     4.9424     4.9440    27.6409    27.6525    5.48523    5.65689         24 0.0000e+00
      21578    899.056    276.000     4.9629   3.350132     4.9602   3.351130      92.02     0.0147     2.6586     2.3824  2.0025539  1.2277331   46.99983  -46.48337    34.9470    34.9614     4.9413     4.9385    27.6403    27.6520    5.52884    5.68015         49 0.0000e+00
      21614    900.553    275.000     4.9581   3.349594     4.9574   3.350800      59.67     0.0129     2.6638     2.3858  2.0049744  1.2334193   46.99982  -46.48338    34.9463    34.9612     4.9366     4.9365    27.6403    27.6522    5.52815    5.65989         23 0.0000e+00
      21633    901.341    274.000     4.9515   3.348831     4.9412   3.349098      96.86     0.0159     2.6659     2.3840  2.0048840  1.2332113   46.99984  -46.48336    34.9449    34.9588     4.9301     4.9198    27.6399    27.6521    5.52003    5.63508         17 0.0000e+00
      21649    901.993    273.000     4.9229   3.345702     4.9007   3.344674      96.87     0.0197     2.6658     2.3827  2.0077851  1.2332113   46.99984  -46.48336    34.9392    34.9505     4.9016     4.8794    27.6387    27.6502    5.51716    5.65823         15 0.0000e+00
      21664    902.631    272.000     4.8828   3.341404     4.8699   3.341274      86.06     0.0199     2.6663     2.3838  2.0097225  1.2332113   46.99984  -46.48336    34.9318    34.9439     4.8616     4.8488    27.6374    27.6484    5.53198    5.68872         16 0.0000e+00
      21681    903.348    271.000     4.8643   3.339263     4.8554   3.339586      78.32     0.0186     2.6676     2.3856  2.0097680  1.2332113   46.99984  -46.48336    34.9269    34.9400     4.8433     4.8344    27.6356    27.6470    5.53736    5.70209         19 0.0000e+00
      21712    904.643    270.000     4.8592   3.338582     4.8498   3.338915      88.02     0.0179     2.6692     2.3886  2.0133092  1.2327930   46.99986  -46.48338    34.9249    34.9386     4.8382     4.8289    27.6346    27.6465    5.54229    5.70106         43 0.0000e+00
      21752    906.308    269.000     4.8743   3.340131     4.8738   3.341418      73.50     0.0177     2.6716     2.3899  2.0162866  1.2302903   46.99986  -46.48338    34.9275    34.9429     4.8534     4.8529    27.6350    27.6473    5.54794    5.68412         35 0.0000e+00
      21781    907.504    268.000     4.8674   3.339413     4.8656   3.340580      97.08     0.0182     2.6741     2.3899  2.0171118  1.2295320   46.99988  -46.48338    34.9269    34.9425     4.8466     4.8447    27.6353    27.6478    5.55500    5.68365         22 0.0000e+00
      21803    908.423    267.000     4.8505   3.337522     4.8413   3.337870      96.72     0.0136     2.6746     2.3901  2.0170941  1.2318546   46.99988  -46.48340    34.9228    34.9369     4.8302     4.8206    27.6339    27.6462    5.54350    5.68513         25 0.0000e+00
      21833    909.684    266.000     4.8327   3.335518     4.8287   3.336385      96.88     0.0151     2.6738     2.3891  2.0183699  1.2315632   46.99988  -46.48340    34.9191    34.9334     4.8122     4.8082    27.6330    27.6448    5.52898    5.66264         36 0.0000e+00
      21872    911.309    265.000     4.8308   3.335245     4.8273   3.336169      96.81     0.0167     2.6705     2.3843  2.0209162  1.2307534   46.99988  -46.48340    34.9185    34.9329     4.8103     4.8068    27.6327    27.6446    5.50308    5.63574         35 0.0000e+00
      21899    912.415    264.000     4.8315   3.335184     4.8288   3.336258      96.72     0.0178     2.6680     2.3825  2.0207570  1.2294452   46.99988  -46.48340    34.9176    34.9329     4.8111     4.8084    27.6319    27.6444    5.51314    5.65945         21 0.0000e+00
      21916    913.142    263.000     4.8342   3.335320     4.8332   3.336580      96.87     0.0199     2.6677     2.3827  2.0207570  1.2295495   46.99990  -46.48340    34.9168    34.9326     4.8139     4.8128    27.6310    27.6436    5.51673    5.66493         15 0.0000e+00
      21931    913.751    262.000     4.8430   3.336095     4.8450   3.337672      96.95     0.0166     2.6670     2.3828  2.0208473  1.2293675   46.99990  -46.48340    34.9171    34.9334     4.8228     4.8247    27.6302    27.6429    5.51847    5.67688         14 0.0000e+00
      21945    914.330    261.000     4.8523   3.336934     4.8566   3.338749      19.82     0.0151     2.6677     2.3843  2.0205145  1.2286565   46.99990  -46.48340    34.9176    34.9342     4.8321     4.8364    27.6296    27.6422    5.52769    5.68742         15 0.0000e+00
      21960    914.955    260.000     4.8626   3.337867     4.8679   3.339761      72.35     0.0133     2.6685     2.3859  2.0203073  1.2289270   46.99992  -46.48340    34.9183    34.9347     4.8424     4.8477    27.6289    27.6413    5.52593    5.67891         16 0.0000e+00
      21979    915.745    259.000     4.8728   3.338807     4.8790   3.340777      95.41     0.0142     2.6685     2.3856  2.0205805  1.2293129   46.99992  -46.48341    34.9190    34.9354     4.8527     4.8589    27.6283    27.6406    5.50956    5.64476         23 0.0000e+00
      22018    917.380    258.000     4.8679   3.338376     4.8710   3.340002      92.59     0.0157     2.6650     2.3819  2.0211041  1.2310214   46.99994  -46.48342    34.9196    34.9353     4.8479     4.8509    27.6293    27.6414    5.47887    5.62314         58 0.0000e+00
      22068    919.443    257.000     4.8587   3.337454     4.8478   3.337744      97.05     0.0183     2.6595     2.3764  2.0221114  1.2323334   46.99994  -46.48342    34.9191    34.9340     4.8388     4.8279    27.6299    27.6430    5.46825    5.61210         31 0.0000e+00
      22090    920.375    256.000     4.8576   3.337291     4.8636   3.339106      96.81     0.0179     2.6572     2.3753  2.0244198  1.2319902   46.99994  -46.48342    34.9188    34.9337     4.8378     4.8438    27.6299    27.6409    5.46916    5.62011         19 0.0000e+00
      22108    921.117    255.000     4.8814   3.339420     4.8844   3.341017      96.93     0.0146     2.6568     2.3747  2.0244200  1.2319902   46.99994  -46.48342    34.9192    34.9346     4.8616     4.8646    27.6274    27.6393    5.47535    5.61762         17 0.0000e+00
      22125    921.822    254.000     4.8948   3.340568     4.8972   3.342098      96.86     0.0164     2.6566     2.3744  2.0244200  1.2322023   46.99995  -46.48342    34.9191    34.9343     4.8750     4.8774    27.6257    27.6376    5.46304    5.61111         17 0.0000e+00
      22144    922.640    253.000     4.9005   3.341006     4.9028   3.342521      96.92     0.0169     2.6548     2.3734  2.0244200  1.2330761   46.99996  -46.48342    34.9187    34.9339     4.8808     4.8831    27.6248    27.6366    5.44509    5.59895         23 0.0000e+00
      22174    923.887    252.000     4.9027   3.341164     4.9058   3.342741      96.91     0.0197     2.6510     2.3709  2.0247455  1.2341521   46.99996  -46.48341    34.9188    34.9338     4.8831     4.8862    27.6246    27.6362    5.42475    5.58533         39 0.0000e+00
      22214    925.556    251.000     4.9030   3.341140     4.8979   3.342064      68.88     0.0186     2.6460     2.3677  2.0255799  1.2356684   46.99996  -46.48340    34.9186    34.9347     4.8835     4.8784    27.6244    27.6378    5.42710    5.57977         33 0.0000e+00
      22238    926.562    250.000     4.9000   3.340784     4.9038   3.342447      97.37     0.0178     2.6452     2.3662  2.0278032  1.2368983   46.99997  -46.48340    34.9181    34.9335     4.8806     4.8843    27.6244    27.6361    5.43838    5.58015         19 0.0000e+00
      22256    927.312    249.000     4.9107   3.341630     4.9132   3.343168      96.81     0.0193     2.6452     2.3657  2.0277967  1.2368742   46.99998  -46.48340    34.9173    34.9326     4.8913     4.8938    27.6225    27.6343    5.43816    5.57879         17 0.0000e+00
      22273    928.007    248.000     4.9175   3.342149     4.9190   3.343595      96.75     0.0149     2.6450     2.3648  2.0294635  1.2368742   46.99998  -46.48340    34.9167    34.9319     4.8982     4.8997    27.6212    27.6331    5.43440    5.57793         17 0.0000e+00
      22291    928.766    247.000     4.9197   3.342257     4.9204   3.343624      96.93     0.0165     2.6445     2.3648  2.0311856  1.2368742   46.99998  -46.48340    34.9162    34.9313     4.9005     4.9012    27.6205    27.6324    5.43338    5.58371         20 0.0000e+00
      22317    929.854    246.000     4.9205   3.342246     4.9197   3.343465      96.80     0.0176     2.6443     2.3646  2.0309906  1.2374349   46.99998  -46.48341    34.9158    34.9307     4.9013     4.9006    27.6201    27.6320    5.42850    5.57575         35 0.0000e+00
      22366    931.879    245.000     4.9187   3.342077     4.9191   3.343412      89.56     0.0186     2.6428     2.3624  2.0317755  1.2386822   47.00000  -46.48342    34.9162    34.9313     4.8997     4.9000    27.6206    27.6326    5.41975    5.56314         53 0.0000e+00
      22403    933.432    244.000     4.9182   3.341964     4.9187   3.343323      45.47     0.0143     2.6412     2.3609  2.0326066  1.2393414   47.00000  -46.48342    34.9160    34.9312     4.8992     4.8997    27.6205    27.6326    5.41807    5.56068         25 0.0000e+00
      22423    934.263    243.000     4.9176   3.341757     4.9173   3.343023      97.53     0.0160     2.6410     2.3601  2.0341394  1.2393162   47.00002  -46.48342    34.9147    34.9297     4.8987     4.8984    27.6196    27.6315    5.41695    5.56053         17 0.0000e+00
      22440    934.967    242.000     4.9151   3.341288     4.9150   3.342610      96.84     0.0183     2.6401     2.3600  2.0341890  1.2393162   47.00002  -46.48342    34.9125    34.9279     4.8962     4.8961    27.6181    27.6303    5.41651    5.55985         17 0.0000e+00
      22457    935.664    241.000     4.9150   3.341105     4.9149   3.342411      89.99     0.0186     2.6403     2.3594  2.0344741  1.2393162   47.00002  -46.48342    34.9109    34.9262     4.8962     4.8962    27.6169    27.6290    5.42110    5.55717         17 0.0000e+00
      22476    936.469    240.000     4.9162   3.341114     4.9174   3.342523      87.80     0.0172     2.6401     2.3589  2.0366044  1.2393162   47.00002  -46.48342    34.9103    34.9253     4.8976     4.8988    27.6162    27.6280    5.41325    5.55860         22 0.0000e+00
      22506    937.696    239.000     4.9172   3.341149     4.9188   3.342575      96.38     0.0161     2.6394     2.3588  2.0362704  1.2393162   47.00003  -46.48342    34.9102    34.9250     4.8986     4.9002    27.6160    27.6276    5.41013    5.55906         39 0.0000e+00
      22550    939.536    238.000     4.9158   3.341027     4.9165   3.342371      96.61     0.0182     2.6373     2.3586  2.0366175  1.2395835   47.00004  -46.48342    34.9108    34.9256     4.8973     4.8980    27.6166    27.6283    5.39646    5.55456         43 0.0000e+00
      22585    941.002    237.000     4.9148   3.340868     4.9141   3.342023      96.66     0.0126     2.6354     2.3567  2.0391097  1.2405107   47.00005  -46.48342    34.9105    34.9248     4.8964     4.8957    27.6165    27.6279    5.39641    5.53266         30 0.0000e+00
      22615    942.238    236.000     4.9058   3.339787     4.9073   3.341149      96.93     0.0151     2.6349     2.3546  2.0381746  1.2405369   47.00006  -46.48342    34.9079    34.9221     4.8875     4.8890    27.6154    27.6266    5.39852    5.53436         31 0.0000e+00
      22647    943.569    235.000     4.8903   3.337891     4.8974   3.339972      66.97     0.0140     2.6343     2.3536  2.0386934  1.2404989   47.00006  -46.48342    34.9026    34.9194     4.8721     4.8791    27.6130    27.6256    5.40129    5.54102         32 0.0000e+00
      22675    944.736    234.000     4.8897   3.337554     4.8891   3.338888      96.48     0.0193     2.6338     2.3534  2.0415294  1.2403840   47.00007  -46.48342    34.8999    34.9160     4.8716     4.8709    27.6109    27.6238    5.39531    5.54034         24 0.0000e+00
      22696    945.627    233.000     4.8862   3.337026     4.8876   3.338494      96.87     0.0160     2.6328     2.3527  2.0415142  1.2404088   47.00008  -46.48342    34.8979    34.9135     4.8682     4.8696    27.6098    27.6220    5.39833    5.52593         19 0.0000e+00
      22715    946.408    232.000     4.8759   3.335870     4.8799   3.337603      96.94     0.0131     2.6338     2.3510  2.0415142  1.2391371   47.00008  -46.48342    34.8958    34.9118     4.8580     4.8620    27.6093    27.6215    5.40265    5.52654         19 0.0000e+00
      22734    947.227    231.000     4.8692   3.335065     4.8676   3.336226      96.78     0.0139     2.6331     2.3510  2.0415142  1.2387457   47.00008  -46.48342    34.8940    34.9093     4.8514     4.8497    27.6086    27.6209    5.39322    5.53800         21 0.0000e+00
      22761    948.323    230.000     4.8639   3.334430     4.8613   3.335517      96.93     0.0149     2.6318     2.3510  2.0434206  1.2383012   47.00010  -46.48342    34.8927    34.9081     4.8461     4.8435    27.6082    27.6207    5.39200    5.54050         33 0.0000e+00
