data/CTD/2013/CNV/U021A011.CNV
* Sea-Bird SBE 9 Data File:
* FileName = C:\CTD_ACQUISITION\2013021HUD\ctddata\021A011.hdr
* Software Version Seasave V 7.22.2
* Temperature SN = 5081
* Conductivity SN = 3561
* Number of Bytes Per Scan = 37
* Number of Voltage Words = 4
* Number of Scans Averaged by the Deck Unit = 1
* NMEA Latitude = 46 59.93 N
* NMEA Longitude = 047 21.52 W
* NMEA UTC (Time) = Jul 01 2013 19:37:40
* NMEA baud rate = 9600
** Ship: Hudson
** Cruise: HUD2013021
** Chief_Scientist: Greenan
** Organization: BIO
** Area_of_Operation: Sackville Spur
** Station: 11
** Sounding:  259
** Event_Comments: FC14.5  393109
# nquan = 25
# nvalues = 255                         
# units = specified
# name 0 = scan: Scan Count
# name 1 = timeS: Time, Elapsed [seconds]
# name 2 = prDM: Pressure, Digiquartz [db]
# name 3 = t068C: Temperature [ITS-68, deg C]
# name 4 = c0S/m: Conductivity [S/m]
# name 5 = t168C: Temperature, 2 [ITS-68, deg C]
# name 6 = c1S/m: Conductivity, 2 [S/m]
# name 7 = altM: Altimeter [m]
# name 8 = flCUVA: Fluorescence, Chelsea UV Aquatracka [ug/l]
# name 9 = sbeox0V: Oxygen raw, SBE 43 [V]
# name 10 = sbeox1V: Oxygen raw, SBE 43, 2 [V]
# name 11 = upoly0: Upoly 0, Optode 4330F - O2 D-Phase
# name 12 = upoly1: Upoly 1, Optode 4330F - O2 Temp
# name 13 = latitude: Latitude [deg]
# name 14 = longitude: Longitude [deg]
# name 15 = sal00: Salinity, Practical [PSU]
# name 16 = sal11: Salinity, Practical, 2 [PSU]
# name 17 = potemp068C: Potential Temperature [ITS-68, deg C]
# name 18 = potemp168C: Potential Temperature, 2 [ITS-68, deg C]
# name 19 = sigma-é00: Density [sigma-theta, Kg/m^3]
# name 20 = sigma-é11: Density, 2 [sigma-theta, Kg/m^3]
# name 21 = sbeox0ML/L: Oxygen, SBE 43 [ml/l], WS = 2
# name 22 = sbeox1ML/L: Oxygen, SBE 43, 2 [ml/l], WS = 2
# name 23 = nbin: number of scans per bin
# name 24 = flag: flag
# span 0 =      16788,      27654       
# span 1 =    699.477,   1152.198       
# span 2 =      1.000,    255.000       
# span 3 =    -0.7487,     6.4690       
# span 4 =   2.694450,   3.241805       
# span 5 =    -0.7594,     6.4710       
# span 6 =   2.694517,   3.242761       
# span 7 =       2.89,      97.12       
# span 8 =     0.0095,     0.1796       
# span 9 =     2.6010,     3.3717       
# span 10 =     2.3331,     3.0535      
# span 11 =  1.7185216,  2.1075952      
# span 12 =  0.5448438,  1.4270780      
# span 13 =   46.99870,   46.99926      
# span 14 =  -47.35668,  -47.35558      
# span 15 =    32.3515,    34.2707      
# span 16 =    32.3656,    34.2857      
# span 17 =    -0.7500,     6.4685      
# span 18 =    -0.7608,     6.4710      
# span 19 =    25.4033,    27.3618      
# span 20 =    25.4132,    27.3738      
# span 21 =    5.71255,    8.07566      
# span 22 =    5.87628,    8.32090      
# span 23 =         16,       2528      
# span 24 = 0.0000e+00, 0.0000e+00      
# interval = decibars: 1                
# start_time = Jul 01 2013 19:37:40 [NMEA time, header]
# bad_flag = -9.990e-29
*END*
[from data line 174]
      24784   1032.606     81.000    -0.4596   2.736439    -0.4932   2.733545      92.48     0.0225     2.9982     2.7137  1.9759119  0.5943480   46.99872  -47.35605    33.2343    33.2322    -0.4620    -0.4956    26.7018    26.7014    7.40699    7.63533         44 0.0000e+00
      24820   1034.122     80.000    -0.4697   2.735316    -0.5082   2.732217      96.95     0.0213     3.0021     2.7162  1.9746374  0.5920478   46.99872  -47.35604    33.2310    33.2316    -0.4721    -0.5103    26.6995    26.7011    7.41110    7.64093         26 0.0000e+00
      24841   1035.005     79.000    -0.5095   2.730592    -0.5510   2.726957      70.70     0.0214     3.0043     2.7173  1.9731290  0.5885017   46.99872  -47.35604    33.2119    33.2086    -0.5118    -0.5532    26.6857    26.6848    7.43312    7.64810         19 0.0000e+00
      24859   1035.733     78.000    -0.5506   2.725448    -0.5653   2.724700      53.15     0.0246     3.0060     2.7179  1.9732082  0.5885226   46.99872  -47.35604    33.1886    33.1946    -0.5528    -0.5675    26.6685    26.6740    7.42788    7.65061         17 0.0000e+00
      24875   1036.437     77.000    -0.5595   2.723760    -0.5623   2.724458      90.14     0.0249     3.0060     2.7186  1.9731401  0.5853179   46.99872  -47.35604    33.1762    33.1887    -0.5616    -0.5645    26.6589    26.6691    7.41210    7.65062         17 0.0000e+00
      24893   1037.184     76.000    -0.5568   2.723493    -0.5566   2.724610      96.56     0.0214     3.0060     2.7192  1.9731380  0.5839388   46.99872  -47.35604    33.1703    33.1852    -0.5590    -0.5583    26.6540    26.6660    7.40224    7.64605         19 0.0000e+00
      24914   1038.029     75.000    -0.5559   2.723351    -0.5559   2.724383      96.74     0.0248     3.0055     2.7195  1.9722786  0.5825538   46.99872  -47.35604    33.1680    33.1819    -0.5580    -0.5580    26.6521    26.6633    7.39583    7.65129         21 0.0000e+00
      24937   1039.017     74.000    -0.5582   2.722996    -0.5564   2.724244      88.94     0.0266     3.0045     2.7208  1.9693451  0.5763829   46.99872  -47.35603    33.1663    33.1811    -0.5602    -0.5584    26.6508    26.6627    7.39036    7.65736         26 0.0000e+00
      24965   1040.178     73.000    -0.5574   2.723070    -0.5602   2.723769      96.64     0.0303     3.0036     2.7214  1.9688684  0.5754251   46.99872  -47.35602    33.1672    33.1796    -0.5594    -0.5623    26.6514    26.6616    7.39821    7.65033         30 0.0000e+00
      24998   1041.546     72.000    -0.5602   2.722666    -0.5867   2.720842      91.92     0.0240     3.0041     2.7222  1.9682519  0.5739355   46.99872  -47.35602    33.1652    33.1699    -0.5622    -0.5887    26.6500    26.6548    7.40461    7.65090         35 0.0000e+00
      25032   1042.963     71.000    -0.5577   2.723033    -0.6045   2.718722      95.39     0.0228     3.0038     2.7202  1.9646409  0.5726650   46.99872  -47.35602    33.1681    33.1615    -0.5597    -0.6064    26.6523    26.6488    7.36543    7.58987         32 0.0000e+00
      25060   1044.134     70.000    -0.5895   2.719112    -0.6122   2.717707      96.66     0.0222     2.9992     2.7141  1.9650331  0.5722063   46.99872  -47.35602    33.1516    33.1569    -0.5920    -0.6137    26.6402    26.6454    7.32649    7.53074         25 0.0000e+00
      25083   1045.075     69.000    -0.6083   2.716783    -0.6155   2.717044      96.16     0.0256     2.9949     2.7084  1.9658223  0.5712945   46.99872  -47.35602    33.1408    33.1522    -0.6102    -0.6174    26.6322    26.6417    7.30555    7.51922         20 0.0000e+00
      25102   1045.891     68.000    -0.6099   2.715959    -0.6111   2.716959      95.77     0.0287     2.9909     2.7045  1.9658120  0.5711690   46.99872  -47.35602    33.1321    33.1468    -0.6118    -0.6129    26.6252    26.6372    7.29736    7.52990         19 0.0000e+00
      25121   1046.652     67.000    -0.6077   2.715553    -0.6090   2.716523      91.49     0.0288     2.9872     2.7022  1.9651965  0.5667810   46.99872  -47.35601    33.1249    33.1394    -0.6095    -0.6108    26.6193    26.6311    7.29507    7.55244         18 0.0000e+00
      25138   1047.383     66.000    -0.6038   2.715105    -0.6045   2.716125      87.66     0.0302     2.9850     2.7017  1.9651651  0.5665417   46.99872  -47.35600    33.1152    33.1296    -0.6056    -0.6063    26.6113    26.6230    7.31024    7.57402         17 0.0000e+00
      25156   1048.131     65.000    -0.5991   2.714911    -0.5979   2.716071      95.57     0.0296     2.9835     2.7017  1.9645213  0.5658966   46.99874  -47.35600    33.1081    33.1223    -0.6009    -0.5997    26.6053    26.6168    7.31463    7.58340         19 0.0000e+00
      25177   1049.003     64.000    -0.5969   2.714645    -0.5950   2.715848      95.53     0.0297     2.9822     2.7025  1.9633926  0.5640380   46.99874  -47.35600    33.1027    33.1168    -0.5987    -0.5968    26.6009    26.6122    7.33606    7.61147         24 0.0000e+00
      25207   1050.240     63.000    -0.5970   2.714669    -0.6040   2.714674      90.16     0.0285     2.9853     2.7070  1.9622301  0.5635285   46.99874  -47.35600    33.1037    33.1115    -0.5988    -0.6058    26.6017    26.6083    7.40636    7.68086         37 0.0000e+00
      25248   1051.938     62.000    -0.5953   2.715453    -0.6178   2.713095      82.40     0.0277     2.9960     2.7182  1.9624928  0.5625202   46.99874  -47.35600    33.1130    33.1059    -0.5970    -0.6195    26.6091    26.6043    7.48855    7.74976         40 0.0000e+00
      25281   1053.320     61.000    -0.6091   2.713826    -0.6306   2.711574      85.65     0.0263     3.0060     2.7273  1.9671948  0.5616291   46.99874  -47.35598    33.1069    33.1001    -0.6109    -0.6323    26.6048    26.6001    7.50579    7.76383         26 0.0000e+00
      25302   1054.210     60.000    -0.6397   2.709213    -0.6434   2.709923      96.19     0.0243     3.0108     2.7316  1.9668398  0.5612100   46.99874  -47.35598    33.0789    33.0925    -0.6414    -0.6450    26.5833    26.5944    7.49702    7.74660         19 0.0000e+00
      25319   1054.935     59.000    -0.6622   2.706504    -0.6589   2.708030      95.93     0.0279     3.0130     2.7333  1.9665761  0.5605186   46.99874  -47.35598    33.0677    33.0845    -0.6638    -0.6605    26.5751    26.5886    7.48402    7.74144         16 0.0000e+00
      25336   1055.608     58.000    -0.6807   2.704283    -0.6809   2.705530      92.23     0.0303     3.0146     2.7353  1.9668052  0.5605159   46.99874  -47.35598    33.0585    33.0757    -0.6821    -0.6825    26.5683    26.5823    7.50353    7.75808         16 0.0000e+00
      25353   1056.328     57.000    -0.6944   2.702554    -0.6941   2.703778      85.90     0.0320     3.0179     2.7375  1.9675418  0.5573136   46.99876  -47.35598    33.0509    33.0673    -0.6959    -0.6956    26.5628    26.5760    7.53232    7.78052         19 0.0000e+00
      25374   1057.198     56.000    -0.6979   2.701855    -0.6950   2.703113      95.25     0.0284     3.0214     2.7415  1.9682294  0.5545357   46.99876  -47.35598    33.0459    33.0598    -0.6994    -0.6965    26.5589    26.5700    7.55580    7.81868         24 0.0000e+00
      25403   1058.418     55.000    -0.6932   2.702308    -0.6744   2.704469      91.53     0.0285     3.0295     2.7494  1.9662049  0.5525698   46.99876  -47.35598    33.0475    33.0560    -0.6947    -0.6758    26.5600    26.5661    7.61302    7.87605         34 0.0000e+00
      25437   1059.815     54.000    -0.6838   2.703168    -0.6786   2.703873      63.14     0.0279     3.0409     2.7627  1.9644128  0.5509465   46.99876  -47.35596    33.0492    33.0533    -0.6850    -0.6801    26.5609    26.5641    7.70078    8.03531         30 0.0000e+00
      25464   1060.952     53.000    -0.7206   2.698300    -0.7277   2.698273      82.79     0.0257     3.0597     2.7844  1.9608181  0.5518700   46.99876  -47.35596    33.0260    33.0321    -0.7232    -0.7291    26.5436    26.5488    7.95163    8.24045         25 0.0000e+00
      25487   1061.919     52.000    -0.7487   2.694450    -0.7594   2.694517      85.77     0.0275     3.0854     2.8054  1.9609280  0.5518369   46.99876  -47.35596    33.0041    33.0168    -0.7500    -0.7608    26.5269    26.5376    8.07566    8.29551         22 0.0000e+00
      25508   1062.805     51.000    -0.7199   2.695691    -0.7400   2.695559      94.51     0.0293     3.1063     2.8224  1.9609280  0.5508906   46.99876  -47.35596    32.9899    33.0102    -0.7212    -0.7413    26.5144    26.5315    8.05002    8.29496         21 0.0000e+00
      25531   1063.738     50.000    -0.6703   2.699300    -0.6827   2.699927      95.39     0.0295     3.1217     2.8352  1.9609280  0.5511085   46.99876  -47.35596    32.9850    33.0070    -0.6716    -0.6841    26.5085    26.5268    8.00557    8.25255         25 0.0000e+00
      25557   1064.836     49.000    -0.5796   2.706778    -0.5556   2.709869      87.11     0.0345     3.1350     2.8477  1.9574099  0.5448438   46.99877  -47.35595    32.9884    33.0025    -0.5810    -0.5570    26.5067    26.5182    7.98169    8.26221         28 0.0000e+00
      25584   1065.961     48.000    -0.4562   2.715485    -0.3908   2.721625      96.68     0.0340     3.1495     2.8633  1.9559115  0.5458623   46.99878  -47.35594    32.9700    32.9811    -0.4575    -0.3922    26.4879    26.4941    8.03228    8.29544         24 0.0000e+00
      25607   1066.899     47.000    -0.2776   2.730124    -0.0444   2.748325      96.12     0.0396     3.1642     2.8751  1.9472814  0.5545514   46.99878  -47.35594    32.9720    32.9612    -0.2790    -0.0459    26.4818    26.4625    8.04794    8.21744         21 0.0000e+00
      25627   1067.740     46.000     0.2379   2.772711     0.3152   2.779791      88.11     0.0481     3.1769     2.8842  1.9474969  0.5543346   46.99878  -47.35594    32.9830    32.9887     0.2364     0.3135    26.4663    26.4669    7.92393    8.12623         20 0.0000e+00
      25648   1068.641     45.000     0.5417   2.797645     0.5145   2.796637      91.71     0.0564     3.1868     2.8917  1.9354987  0.5694209   46.99878  -47.35594    32.9796    32.9955     0.5400     0.5128    26.4475    26.4619    7.82657    8.06680         24 0.0000e+00
      25674   1069.708     44.000     0.7000   2.810951     0.7088   2.811362      96.38     0.0637     3.1949     2.8981  1.9332982  0.5726479   46.99878  -47.35594    32.9847    32.9798     0.6983     0.7071    26.4429    26.4384    7.76493    8.00784         27 0.0000e+00
      25701   1070.817     43.000     0.7268   2.812396     0.7349   2.811887      74.29     0.0713     3.1993     2.9026  1.9148780  0.6302698   46.99878  -47.35594    32.9746    32.9594     0.7251     0.7332    26.4332    26.4205    7.72773    7.98558         26 0.0000e+00
      25725   1071.839     42.000     0.8330   2.818227     0.9122   2.823897      93.38     0.0779     3.2009     2.9044  1.9143677  0.6326515   46.99878  -47.35593    32.9405    32.9264     0.8285     0.9105    26.3997    26.3836    7.68042    7.91495         23 0.0000e+00
      25749   1072.828     41.000     1.0643   2.835480     1.1442   2.843103      95.24     0.0871     3.2003     2.9031  1.9060771  0.6597293   46.99879  -47.35592    32.9143    32.9278     1.0626     1.1425    26.3646    26.3704    7.58150    7.81063         25 0.0000e+00
      25774   1073.894     40.000     1.2774   2.853016     1.2798   2.853919      84.25     0.0917     3.1949     2.8981  1.9034053  0.6640284   46.99880  -47.35592    32.9144    32.9234     1.2757     1.2781    26.3512    26.3582    7.47520    7.73581         26 0.0000e+00
      25800   1074.959     39.000     1.4012   2.863145     1.4193   2.863864      95.43     0.0975     3.1869     2.8932  1.8855821  0.6953760   46.99880  -47.35592    32.9135    32.9054     1.3995     1.4176    26.3423    26.3347    7.43787    7.72993         24 0.0000e+00
      25823   1075.917     38.000     1.4609   2.866404     1.4727   2.867636      95.03     0.1061     3.1862     2.8937  1.8852789  0.6972448   46.99880  -47.35592    32.8926    32.8959     1.4592     1.4710    26.3216    26.3235    7.60282    7.83425         23 0.0000e+00
      25845   1076.835     37.000     1.4927   2.867930     1.4836   2.868217      83.90     0.1099     3.2033     2.9048  1.8768514  0.7247663   46.99880  -47.35591    32.8791    32.8924     1.4911     1.4819    26.3087    26.3199    7.84151    8.01928         22 0.0000e+00
      25869   1077.831     36.000     1.5023   2.868253     1.4895   2.868318      93.16     0.1139     3.2309     2.9259  1.8760824  0.7266522   46.99880  -47.35590    32.8738    32.8880     1.5006     1.4879    26.3038    26.3160    7.92368    8.12388         26 0.0000e+00
      25897   1078.984     35.000     1.4543   2.863497     1.4244   2.862061      50.74     0.1065     3.2530     2.9459  1.8694454  0.7446022   46.99880  -47.35590    32.8644    32.8776     1.4528     1.4228    26.2994    26.3120    7.85957    8.12494         29 0.0000e+00
      25927   1080.249     34.000     1.3023   2.848545     1.2197   2.842203      85.33     0.0919     3.2630     2.9594  1.8688021  0.7492168   46.99880  -47.35590    32.8347    32.8407     1.3008     1.2182    26.2855    26.2956    7.81611    8.12502         31 0.0000e+00
      25958   1081.529     33.000     1.1158   2.828568     1.0566   2.823888      92.93     0.0883     3.2686     2.9673  1.8681277  0.7546122   46.99882  -47.35589    32.7743    32.7789     1.1144     1.0553    26.2489    26.2562    7.88237    8.19068         30 0.0000e+00
      25985   1082.647     32.000     1.2749   2.839240     1.1676   2.830997      87.73     0.0964     3.2762     2.9776  1.8702438  0.7412573   46.99882  -47.35588    32.7461    32.7536     1.2736     1.1663    26.2161    26.2290    7.98913    8.26275         23 0.0000e+00
      26006   1083.543     31.000     1.8734   2.888878     1.5665   2.864684      87.66     0.1070     3.2970     2.9909  1.8705832  0.7386349   46.99882  -47.35588    32.7492    32.7643     1.8719     1.5651    26.1779    26.2114    8.05770    8.32090         20 0.0000e+00
      26025   1084.333     30.000     2.2248   2.920479     2.0015   2.902097      95.00     0.1126     3.3193     3.0104  1.8624135  0.7412117   46.99882  -47.35588    32.7799    32.7822     2.2233     2.0000    26.1764    26.1951    8.03596    8.31793         19 0.0000e+00
      26045   1085.150     29.000     2.3734   2.933945     2.2534   2.924271      94.98     0.1187     3.3404     3.0281  1.8559364  0.7435427   46.99882  -47.35588    32.7939    32.7979     2.3719     2.2520    26.1761    26.1886    7.98188    8.23929         21 0.0000e+00
      26068   1086.120     28.000     2.4489   2.939973     2.4047   2.936845      83.13     0.1247     3.3535     3.0414  1.8475980  0.7668606   46.99882  -47.35588    32.7911    32.7980     2.4474     2.4032    26.1680    26.1769    7.87361    8.17311         26 0.0000e+00
      26097   1087.330     27.000     2.4831   2.942376     2.4803   2.942193      94.80     0.1298     3.3638     3.0521  1.8327657  0.8130528   46.99883  -47.35588    32.7861    32.7867     2.4817     2.4789    26.1612    26.1619    7.88556    8.09467         31 0.0000e+00
      26127   1088.579     26.000     2.6701   2.956051     2.6740   2.956489      88.25     0.1347     3.3717     3.0535  1.8255644  0.8404946   46.99884  -47.35586    32.7627    32.7634     2.6687     2.6726    26.1274    26.1281    7.75142    7.96937         28 0.0000e+00
      26153   1089.674     25.000     3.1129   2.991076     2.9614   2.979245      63.55     0.1479     3.3639     3.0483  1.8229356  0.8511150   46.99884  -47.35586    32.7381    32.7488     3.1114     2.9600    26.0697    26.0917    7.52521    7.84575         25 0.0000e+00
