data/CTD/2013/CNV/U021A015.CNV
* Sea-Bird SBE 9 Data File:
* FileName = C:\CTD_ACQUISITION\2013021HUD\ctddata\021A015.hdr
* Software Version Seasave V 7.22.2
* Temperature SN = 5081
* Conductivity SN = 3561
* Number of Bytes Per Scan = 37
* Number of Voltage Words = 4
* Number of Scans Averaged by the Deck Unit = 1
* NMEA Latitude = 46 59.86 N
* NMEA Longitude = 047 00.97 W
* NMEA UTC (Time) = Jul 01 2013 23:47:27
* NMEA baud rate = 9600
** Ship: Hudson
** Cruise: HUD2013021
** Chief_Scientist: Greenan
** Organization: BIO
** Area_of_Operation: Sackville Spur
** Station: 15
** Sounding:  1154
** Event_Comments: FC17  393117
# nquan = 25
# nvalues = 1142                        
# units = specified
# name 0 = scan: Scan Count
# name 1 = timeS: Time, Elapsed [seconds]
# name 2 = prDM: Pressure, Digiquartz [db]
# name 3 = t068C: Temperature [ITS-68, deg C]
# name 4 = c0S/m: Conductivity [S/m]
# name 5 = t168C: Temperature, 2 [ITS-68, deg C]
# name 6 = c1S/m: Conductivity, 2 [S/m]
# name 7 = altM: Altimeter [m]
# name 8 = flCUVA: Fluorescence, Chelsea UV Aquatracka [ug/l]
# name 9 = sbeox0V: Oxygen raw, SBE 43 [V]
# name 10 = sbeox1V: Oxygen raw, SBE 43, 2 [V]
# name 11 = upoly0: Upoly 0, Optode 4330F - O2 D-Phase
# name 12 = upoly1: Upoly 1, Optode 4330F - O2 Temp
# name 13 = latitude: Latitude [deg]
# name 14 = longitude: Longitude [deg]
# name 15 = sal00: Salinity, Practical [PSU]
# name 16 = sal11: Salinity, Practical, 2 [PSU]
# name 17 = potemp068C: Potential Temperature [ITS-68, deg C]
# name 18 = potemp168C: Potential Temperature, 2 [ITS-68, deg C]
# name 19 = sigma-é00: Density [sigma-theta, Kg/m^3]
# name 20 = sigma-é11: Density, 2 [sigma-theta, Kg/m^3]
# name 21 = sbeox0ML/L: Oxygen, SBE 43 [ml/l], WS = 2
# name 22 = sbeox1ML/L: Oxygen, SBE 43, 2 [ml/l], WS = 2
# name 23 = nbin: number of scans per bin
# name 24 = flag: flag
# span 0 =      46915,      72719       
# span 1 =   1954.733,   3029.923       
# span 2 =      1.000,   1142.000       
# span 3 =    -0.3777,     6.8881       
# span 4 =   2.737960,   3.297617       
# span 5 =    -0.3908,     6.8906       
# span 6 =   2.738141,   3.299197       
# span 7 =       5.77,     105.01       
# span 8 =     0.0062,     0.2127       
# span 9 =     2.5120,     3.4085       
# span 10 =     2.2638,     3.0583      
# span 11 =  1.7196931,  2.0304191      
# span 12 =  0.6019544,  1.4781579      
# span 13 =   46.99401,   46.99546      
# span 14 =  -47.01837,  -47.01637      
# span 15 =    32.5739,    34.9123      
# span 16 =    32.5889,    34.9280      
# span 17 =    -0.3791,     6.8880      
# span 18 =    -0.3923,     6.8905      
# span 19 =    25.5231,    27.7514      
# span 20 =    25.5346,    27.7639      
# span 21 =    5.88170,    8.51390      
# span 22 =    6.11061,    8.60536      
# span 23 =         12,        374      
# span 24 = 0.0000e+00, 0.0000e+00      
# interval = decibars: 1                
# start_time = Jul 01 2013 23:47:27 [NMEA time, header]
# bad_flag = -9.990e-29
*END*
[from data line 464]
      57450   2393.696    678.000     4.0324   3.280019     4.0344   3.281521      70.33     0.0174     2.7310     2.4412  1.9593638  1.1275264   46.99482  -47.01660    34.8952    34.9109     3.9822     3.9855    27.7049    27.7171    6.14515    6.29243         29 0.0000e+00
      57479   2394.933    677.000     4.0340   3.280089     4.0377   3.281755      96.82     0.0170     2.7316     2.4414  1.9597113  1.1282141   46.99482  -47.01660    34.8949    34.9107     3.9838     3.9874    27.7044    27.7166    6.14436    6.28966         29 0.0000e+00
      57505   2396.014    676.000     4.0372   3.280361     4.0401   3.281953      57.13     0.0130     2.7316     2.4416  1.9601655  1.1282052   46.99482  -47.01660    34.8953    34.9110     3.9870     3.9899    27.7044    27.7166    6.14043    6.28615         22 0.0000e+00
      57525   2396.831    675.000     4.0409   3.280662     4.0421   3.282092      83.38     0.0159     2.7313     2.4412  1.9601130  1.1282052   46.99482  -47.01660    34.8954    34.9111     3.9908     3.9920    27.7041    27.7165    6.14355    6.28365         18 0.0000e+00
      57541   2397.493    674.000     4.0426   3.280777     4.0430   3.282128      96.32     0.0143     2.7328     2.4414  1.9600333  1.1282052   46.99482  -47.01660    34.8955    34.9111     3.9926     3.9929    27.7040    27.7164    6.14260    6.28345         15 0.0000e+00
      57555   2398.083    673.000     4.0437   3.280818     4.0439   3.282156      96.48     0.0134     2.7319     2.4412  1.9598012  1.1288617   46.99482  -47.01660    34.8954    34.9109     3.9938     4.0001    27.7038    27.7160    6.13173    6.27797         13 0.0000e+00
      57568   2398.645    672.000     4.0450   3.280878     4.0451   3.282206      92.93     0.0128     2.7317     2.4410  1.9597942  1.1287287   46.99482  -47.01660    34.8952    34.9108     3.9952     3.9953    27.7035    27.7158    6.13584    6.27303         14 0.0000e+00
      57582   2399.213    671.000     4.0464   3.280959     4.0466   3.282297      32.01     0.0130     2.7320     2.4406  1.9597093  1.1288133   46.99482  -47.01660    34.8953    34.9109     3.9966     3.9968    27.7033    27.7158    6.13436    6.27065         14 0.0000e+00
      57597   2399.821    670.000     4.0489   3.281173     4.0501   3.282593      86.98     0.0167     2.7320     2.4402  1.9597069  1.1291746   46.99482  -47.01660    34.8956    34.9111     3.9992     4.0004    27.7034    27.7156    6.13172    6.27274         15 0.0000e+00
      57614   2400.546    669.000     4.0514   3.281355     4.0530   3.282827      66.80     0.0165     2.7316     2.4403  1.9597069  1.1294208   46.99482  -47.01661    34.8956    34.9114     4.0018     4.0033    27.7031    27.7155    6.13178    6.27874         20 0.0000e+00
      57643   2401.763    668.000     4.0517   3.281342     4.0512   3.282614      69.97     0.0174     2.7317     2.4408  1.9597069  1.1298044   46.99482  -47.01663    34.8957    34.9113     4.0021     4.0016    27.7032    27.7156    6.13142    6.28097         42 0.0000e+00
      57684   2403.439    667.000     4.0505   3.281159     4.0479   3.282245      98.33     0.0130     2.7320     2.4413  1.9597520  1.1301188   46.99482  -47.01664    34.8954    34.9110     4.0010     3.9984    27.7030    27.7157    6.13877    6.28686         29 0.0000e+00
      57705   2404.330    666.000     4.0488   3.280958     4.0487   3.282257      96.47     0.0157     2.7333     2.4423  1.9600514  1.1306571   46.99480  -47.01662    34.8953    34.9107     3.9994     3.9993    27.7031    27.7154    6.14185    6.28982         18 0.0000e+00
      57723   2405.068    665.000     4.0510   3.281086     4.0516   3.282463      95.67     0.0166     2.7328     2.4425  1.9599094  1.1306472   46.99480  -47.01662    34.8951    34.9106     4.0016     4.0023    27.7027    27.7150    6.13093    6.28286         18 0.0000e+00
      57740   2405.778    664.000     4.0543   3.281357     4.0558   3.282817      74.02     0.0149     2.7330     2.4425  1.9599222  1.1306472   46.99480  -47.01662    34.8953    34.9109     4.0050     4.0065    27.7025    27.7147    6.13513    6.28392         17 0.0000e+00
      57758   2406.536    663.000     4.0577   3.281619     4.0588   3.283052      58.51     0.0091     2.7331     2.4433  1.9597723  1.1306472   46.99480  -47.01662    34.8953    34.9110     4.0085     4.0096    27.7021    27.7145    6.13494    6.28475         19 0.0000e+00
      57777   2407.354    662.000     4.0601   3.281792     4.0601   3.283143      96.44     0.0116     2.7339     2.4432  1.9597679  1.1306472   46.99480  -47.01662    34.8953    34.9112     4.0110     4.0110    27.7018    27.7145    6.13611    6.27813         20 0.0000e+00
      57797   2408.164    661.000     4.0611   3.281853     4.0615   3.283217      96.44     0.0135     2.7338     2.4432  1.9586186  1.1306472   46.99480  -47.01662    34.8955    34.9112     4.0120     4.0124    27.7019    27.7144    6.13310    6.27955         19 0.0000e+00
      57815   2408.908    660.000     4.0622   3.281926     4.0629   3.283315      61.91     0.0158     2.7341     2.4436  1.9586295  1.1306472   46.99480  -47.01662    34.8957    34.9113     4.0132     4.0139    27.7019    27.7143    6.13897    6.28312         17 0.0000e+00
      57831   2409.599    659.000     4.0634   3.282005     4.0637   3.283348      63.48     0.0148     2.7346     2.4438  1.9590174  1.1308745   46.99480  -47.01662    34.8959    34.9114     4.0145     4.0148    27.7020    27.7143    6.13829    6.28276         16 0.0000e+00
      57848   2410.279    658.000     4.0642   3.282029     4.0643   3.283360      95.83     0.0115     2.7352     2.4442  1.9597644  1.1318493   46.99480  -47.01662    34.8958    34.9115     4.0154     4.0154    27.7018    27.7143    6.13899    6.28381         17 0.0000e+00
      57866   2411.024    657.000     4.0648   3.282034     4.0647   3.283339      96.46     0.0108     2.7354     2.4445  1.9597086  1.1318681   46.99482  -47.01662    34.8958    34.9114     4.0160     4.0159    27.7017    27.7141    6.13918    6.28536         19 0.0000e+00
      57889   2412.017    656.000     4.0649   3.282007     4.0649   3.283297      57.98     0.0114     2.7364     2.4451  1.9597479  1.1318681   46.99482  -47.01664    34.8959    34.9112     4.0162     4.0162    27.7018    27.7140    6.14111    6.28568         29 0.0000e+00
      57917   2413.186    655.000     4.0653   3.281971     4.0651   3.283257      74.55     0.0123     2.7366     2.4458  1.9598552  1.1318681   46.99480  -47.01664    34.8955    34.9110     4.0167     4.0165    27.7015    27.7138    6.13866    6.28494         25 0.0000e+00
      57939   2414.064    654.000     4.0653   3.281909     4.0653   3.283221      96.47     0.0143     2.7377     2.4460  1.9597746  1.1328192   46.99480  -47.01664    34.8954    34.9109     4.0168     4.0167    27.7013    27.7137    6.13743    6.28955         18 0.0000e+00
      57956   2414.792    653.000     4.0647   3.281784     4.0637   3.282996      73.08     0.0158     2.7371     2.4466  1.9599226  1.1330175   46.99480  -47.01664    34.8950    34.9104     4.0163     4.0152    27.7011    27.7135    6.12597    6.29382         17 0.0000e+00
      57973   2415.499    652.000     4.0636   3.281615     4.0630   3.282866      52.88     0.0185     2.7366     2.4474  1.9599224  1.1330173   46.99480  -47.01664    34.8947    34.9101     4.0153     4.0146    27.7010    27.7133    6.11880    6.28691         17 0.0000e+00
      57992   2416.277    651.000     4.0634   3.281531     4.0631   3.282814      95.66     0.0135     2.7357     2.4473  1.9597108  1.1330879   46.99480  -47.01664    34.8945    34.9100     4.0151     4.0148    27.7008    27.7132    6.11761    6.28085         21 0.0000e+00
      58015   2417.240    650.000     4.0633   3.281467     4.0629   3.282737      96.44     0.0128     2.7355     2.4468  1.9596615  1.1330892   46.99480  -47.01664    34.8944    34.9098     4.0151     4.0146    27.7007    27.7131    6.12994    6.26910         26 0.0000e+00
      58041   2418.342    649.000     4.0631   3.281393     4.0626   3.282666      50.20     0.0133     2.7364     2.4462  1.9584769  1.1330892   46.99480  -47.01664    34.8942    34.9098     4.0150     4.0144    27.7006    27.7130    6.13808    6.27219         25 0.0000e+00
      58064   2419.282    648.000     4.0629   3.281313     4.0624   3.282580      96.73     0.0119     2.7370     2.4457  1.9584860  1.1330892   46.99480  -47.01664    34.8940    34.9095     4.0149     4.0143    27.7004    27.7128    6.13905    6.26464         20 0.0000e+00
      58082   2420.056    647.000     4.0625   3.281220     4.0622   3.282503      84.53     0.0149     2.7380     2.4453  1.9595828  1.1330892   46.99480  -47.01664    34.8938    34.9093     4.0145     4.0142    27.7003    27.7127    6.14251    6.26985         17 0.0000e+00
      58099   2420.739    646.000     4.0629   3.281188     4.0629   3.282513      18.64     0.0150     2.7381     2.4452  1.9597864  1.1330892   46.99480  -47.01664    34.8936    34.9092     4.0150     4.0150    27.7001    27.7125    6.13702    6.27925         16 0.0000e+00
      58114   2421.390    645.000     4.0632   3.281156     4.0628   3.282440      40.45     0.0176     2.7386     2.4458  1.9597832  1.1330892   46.99480  -47.01664    34.8934    34.9090     4.0154     4.0149    27.6999    27.7124    6.13762    6.28863         16 0.0000e+00
      58130   2422.041    644.000     4.0629   3.281074     4.0624   3.282350      94.62     0.0186     2.7388     2.4471  1.9599309  1.1330892   46.99480  -47.01664    34.8933    34.9089     4.0152     4.0146    27.6998    27.7123    6.14052    6.29409         16 0.0000e+00
      58147   2422.749    643.000     4.0622   3.280948     4.0615   3.282203      96.44     0.0166     2.7397     2.4479  1.9599112  1.1330892   46.99480  -47.01664    34.8931    34.9086     4.0145     4.0139    27.6997    27.7121    6.13401    6.28660         18 0.0000e+00
      58167   2423.600    642.000     4.0614   3.280825     4.0601   3.281996      78.59     0.0162     2.7392     2.4480  1.9598160  1.1330892   46.99480  -47.01665    34.8929    34.9082     4.0138     4.0125    27.6997    27.7120    6.13063    6.28184         23 0.0000e+00
      58197   2424.826    641.000     4.0608   3.280722     4.0592   3.281853      73.47     0.0177     2.7398     2.4486  1.9597093  1.1330892   46.99480  -47.01666    34.8928    34.9079     4.0133     4.0117    27.6997    27.7119    6.13596    6.28643         36 0.0000e+00
      58232   2426.297    640.000     4.0602   3.280583     4.0600   3.281904      97.56     0.0153     2.7399     2.4493  1.9597923  1.1330892   46.99480  -47.01666    34.8924    34.9082     4.0128     4.0126    27.6994    27.7120    6.14053    6.28044         30 0.0000e+00
      58255   2427.258    639.000     4.0595   3.280441     4.0583   3.281626      33.92     0.0156     2.7416     2.4491  1.9598358  1.1330892   46.99480  -47.01666    34.8920    34.9072     4.0122     4.0110    27.6991    27.7114    6.15352    6.27852         19 0.0000e+00
      58272   2427.979    638.000     4.0588   3.280298     4.0585   3.281586      96.63     0.0121     2.7422     2.4493  1.9597833  1.1330892   46.99479  -47.01666    34.8916    34.9071     4.0115     4.0113    27.6989    27.7112    6.15155    6.28019         16 0.0000e+00
      58287   2428.599    637.000     4.0599   3.280339     4.0601   3.281676      96.43     0.0130     2.7431     2.4493  1.9597076  1.1330892   46.99478  -47.01666    34.8914    34.9070     4.0127     4.0129    27.6986    27.7110    6.15098    6.27180         14 0.0000e+00
      58301   2429.184    636.000     4.0619   3.280475     4.0625   3.281867      96.42     0.0091     2.7435     2.4489  1.9597936  1.1330892   46.99478  -47.01666    34.8915    34.9072     4.0148     4.0154    27.6984    27.7109    6.14778    6.26119         14 0.0000e+00
      58316   2429.784    635.000     4.0639   3.280622     4.0644   3.281993      74.07     0.0086     2.7438     2.4480  1.9597080  1.1330892   46.99478  -47.01666    34.8916    34.9073     4.0168     4.0173    27.6983    27.7107    6.14561    6.25573         15 0.0000e+00
      58331   2430.434    634.000     4.0648   3.280650     4.0646   3.281948      43.93     0.0109     2.7444     2.4475  1.9597069  1.1330892   46.99478  -47.01666    34.8914    34.9070     4.0179     4.0200    27.6981    27.7105    6.13812    6.25937         16 0.0000e+00
      58349   2431.178    633.000     4.0650   3.280599     4.0647   3.281885      70.28     0.0112     2.7436     2.4472  1.9597069  1.1330892   46.99478  -47.01666    34.8912    34.9067     4.0181     4.0178    27.6979    27.7102    6.13174    6.26507         20 0.0000e+00
      58372   2432.115    632.000     4.0648   3.280529     4.0645   3.281804      87.51     0.0126     2.7437     2.4474  1.9597979  1.1330892   46.99478  -47.01666    34.8911    34.9064     4.0180     4.0177    27.6978    27.7100    6.13420    6.27144         26 0.0000e+00
      58401   2433.329    631.000     4.0647   3.280481     4.0640   3.281699      57.99     0.0190     2.7435     2.4479  1.9597073  1.1332068   46.99479  -47.01666    34.8911    34.9063     4.0180     4.0173    27.6978    27.7100    6.12845    6.27028         31 0.0000e+00
      58430   2434.539    630.000     4.0645   3.280387     4.0635   3.281579      96.95     0.0175     2.7426     2.4481  1.9597069  1.1342318   46.99480  -47.01666    34.8908    34.9059     4.0178     4.0168    27.6976    27.7097    6.12049    6.26970         26 0.0000e+00
      58453   2435.509    629.000     4.0640   3.280269     4.0632   3.281465      93.68     0.0154     2.7418     2.4481  1.9597069  1.1341937   46.99480  -47.01666    34.8904    34.9054     4.0175     4.0166    27.6973    27.7094    6.12226    6.26608         21 0.0000e+00
      58473   2436.340    628.000     4.0638   3.280165     4.0637   3.281452      35.61     0.0166     2.7418     2.4483  1.9597069  1.1343111   46.99478  -47.01666    34.8899    34.9053     4.0174     4.0172    27.6969    27.7092    6.12213    6.26756         19 0.0000e+00
      58492   2437.118    627.000     4.0647   3.280166     4.0648   3.281501      97.55     0.0143     2.7412     2.4481  1.9597069  1.1343101   46.99478  -47.01668    34.8896    34.9052     4.0183     4.0184    27.6965    27.7090    6.12238    6.26520         18 0.0000e+00
      58510   2437.863    626.000     4.0658   3.280216     4.0660   3.281567      96.35     0.0137     2.7415     2.4483  1.9592952  1.1343101   46.99478  -47.01668    34.8895    34.9052     4.0195     4.0196    27.6964    27.7089    6.12020    6.26574         18 0.0000e+00
      58527   2438.587    625.000     4.0670   3.280267     4.0673   3.281636      91.01     0.0101     2.7407     2.4483  1.9587704  1.1343101   46.99478  -47.01668    34.8894    34.9052     4.0207     4.0210    27.6961    27.7087    6.11016    6.26917         17 0.0000e+00
      58544   2439.295    624.000     4.0680   3.280327     4.0684   3.281689      18.20     0.0092     2.7406     2.4488  1.9587733  1.1343101   46.99478  -47.01668    34.8894    34.9052     4.0219     4.0222    27.6961    27.7086    6.11338    6.27323         17 0.0000e+00
      58561   2439.995    623.000     4.0687   3.280340     4.0687   3.281672      96.08     0.0135     2.7402     2.4493  1.9596285  1.1343101   46.99478  -47.01668    34.8894    34.9052     4.0226     4.0226    27.6960    27.7085    6.11234    6.27103         17 0.0000e+00
      58578   2440.707    622.000     4.0692   3.280342     4.0691   3.281660      96.42     0.0172     2.7395     2.4496  1.9597046  1.1343101   46.99478  -47.01668    34.8895    34.9051     4.0231     4.0231    27.6960    27.7084    6.11646    6.26597         18 0.0000e+00
