data/CTD/2013/CNV/U021A038.CNV
* Sea-Bird SBE 9 Data File:
* FileName = C:\CTD_ACQUISITION\2013021HUD\ctddata\021A038.hdr
* Software Version Seasave V 7.22.2
* Temperature SN = 5081
* Conductivity SN = 3561
* Number of Bytes Per Scan = 37
* Number of Voltage Words = 4
* Number of Scans Averaged by the Deck Unit = 1
* NMEA Latitude = 48 23.61 N
* NMEA Longitude = 046 37.83 W
* NMEA UTC (Time) = Jul 03 2013 19:56:09
* NMEA baud rate = 9600
** Ship: Hudson
** Cruise: HUD2013021
** Chief_Scientist: Greenan
** Organization: BIO
** Area_of_Operation: Sackville Spur
** Station: 38
** Sounding:  1840
** Event_Comments: SS09  393176
# nquan = 25
# nvalues = 1866                        
# units = specified
# name 0 = scan: Scan Count
# name 1 = timeS: Time, Elapsed [seconds]
# name 2 = prDM: Pressure, Digiquartz [db]
# name 3 = t068C: Temperature [ITS-68, deg C]
# name 4 = c0S/m: Conductivity [S/m]
# name 5 = t168C: Temperature, 2 [ITS-68, deg C]
# name 6 = c1S/m: Conductivity, 2 [S/m]
# name 7 = altM: Altimeter [m]
# name 8 = flCUVA: Fluorescence, Chelsea UV Aquatracka [ug/l]
# name 9 = sbeox0V: Oxygen raw, SBE 43 [V]
# name 10 = sbeox1V: Oxygen raw, SBE 43, 2 [V]
# name 11 = upoly0: Upoly 0, Optode 4330F - O2 D-Phase
# name 12 = upoly1: Upoly 1, Optode 4330F - O2 Temp
# name 13 = latitude: Latitude [deg]
# name 14 = longitude: Longitude [deg]
# name 15 = sal00: Salinity, Practical [PSU]
# name 16 = sal11: Salinity, Practical, 2 [PSU]
# name 17 = potemp068C: Potential Temperature [ITS-68, deg C]
# name 18 = potemp168C: Potential Temperature, 2 [ITS-68, deg C]
# name 19 = sigma-é00: Density [sigma-theta, Kg/m^3]
# name 20 = sigma-é11: Density, 2 [sigma-theta, Kg/m^3]
# name 21 = sbeox0ML/L: Oxygen, SBE 43 [ml/l], WS = 2
# name 22 = sbeox1ML/L: Oxygen, SBE 43, 2 [ml/l], WS = 2
# name 23 = nbin: number of scans per bin
# name 24 = flag: flag
# span 0 =      53921,      96471       
# span 1 =   2246.659,   4019.583       
# span 2 =      1.000,   1866.000       
# span 3 =    -0.2402,     6.1576       
# span 4 =   2.757600,   3.286096       
# span 5 =    -0.2453,     6.1582       
# span 6 =   2.758655,   3.287422       
# span 7 =       5.40,     111.86       
# span 8 =     0.0051,     0.1163       
# span 9 =     2.3222,     3.4123       
# span 10 =     2.0873,     3.0598      
# span 11 =  1.7230086,  2.0767495      
# span 12 =  0.6291518,  1.3972181      
# span 13 =   48.39500,   48.39624      
# span 14 =  -46.62226,  -46.61855      
# span 15 =    32.5915,    34.9209      
# span 16 =    32.6066,    34.9376      
# span 17 =    -0.2411,     6.1575      
# span 18 =    -0.2462,     6.1580      
# span 19 =    25.6306,    27.8083      
# span 20 =    25.6425,    27.8219      
# span 21 =    5.85572,    8.88147      
# span 22 =    6.03502,    9.07557      
# span 23 =         10,        425      
# span 24 = 0.0000e+00, 0.0000e+00      
# interval = decibars: 1                
# start_time = Jul 03 2013 19:56:09 [NMEA time, header]
# bad_flag = -9.990e-29
*END*
[from data line 1856]
      95276   3969.806     10.000     5.6725   3.199328     5.3936   3.179632      94.88     0.1042     3.3537     3.0053  1.7734866  1.1285806   48.39548  -46.61872    32.6416    32.6893     5.6717     5.3928    25.7291    25.7990    7.08187    7.28284         34 0.0000e+00
      95302   3970.888      9.000     5.9211   3.217888     5.9847   3.224722      35.08     0.0894     3.3524     3.0046  1.7736994  1.1463778   48.39548  -46.61872    32.6102    32.6261     5.9209     5.9840    25.6744    25.6792    7.05140    7.18894         24 0.0000e+00
      95332   3972.122      8.000     6.0578   3.229629     6.0989   3.234267      28.01     0.0852     3.3519     3.0028  1.7695851  1.1454092   48.39548  -46.61872    32.6139    32.6234     6.0572     6.0983    25.6605    25.6631    7.03387    7.15503         40 0.0000e+00
      95396   3974.798      7.000     6.1202   3.234607     6.1047   3.234258       9.98     0.0796     3.3545     2.9996  1.7506975  1.1850675   48.39548  -46.61872    32.6068    32.6182     6.1197     6.1042    25.6474    25.6583    7.03855    7.16617         69 0.0000e+00
      95441   3976.654      6.000     6.1179   3.233884     6.1084   3.234221      93.77     0.0827     3.3560     3.0015  1.7451011  1.2649416   48.39547  -46.61870    32.6018    32.6145     6.1174     6.1079    25.6437    25.6548    7.03575    7.17394         35 0.0000e+00
      95493   3978.851      5.000     6.1474   3.236087     6.1524   3.237701      12.71     0.0748     3.3581     3.0009  1.7470075  1.2704395   48.39546  -46.61870    32.5986    32.6118     6.1470     6.1520    25.6375    25.6473    7.04105    7.15246         71 0.0000e+00
      95547   3981.094      4.000     6.1437   3.235431     6.1464   3.236927       5.71     0.0804     3.3603     3.0003  1.7426617  1.2813008   48.39546  -46.61870    32.5954    32.6094     6.1433     6.1461    25.6354    25.6461    7.04090    7.15890         35 0.0000e+00
      95580   3982.459      3.000     6.1502   3.235809     6.1552   3.237475       5.64     0.0757     3.3606     3.0009  1.7435507  1.3170686   48.39546  -46.61870    32.5938    32.6077     6.1500     6.1549    25.6333    25.6437    7.03425    7.15424         34 0.0000e+00
      95702   3987.534      2.000     6.1576   3.236200     6.1582   3.237593       5.40     0.0794     3.3618     3.0028  1.7369369  1.3367800   48.39544  -46.61867    32.5915    32.6066     6.1575     6.1580    25.6306    25.6425    7.03970    7.16744        162 0.0000e+00
      96471   4019.583      1.000     6.1559   3.236055     6.1547   3.237358      14.70     0.0738     3.3647     2.9960  1.7230086  1.3972181   48.39532  -46.61855    32.5921    32.6076     6.1558     6.1547    25.6312    25.6437    7.03109    7.11397        425 0.0000e+00
