data/CTD/2013/CNV/U021A015.CNV
* Sea-Bird SBE 9 Data File:
* FileName = C:\CTD_ACQUISITION\2013021HUD\ctddata\021A015.hdr
* Software Version Seasave V 7.22.2
* Temperature SN = 5081
* Conductivity SN = 3561
* Number of Bytes Per Scan = 37
* Number of Voltage Words = 4
* Number of Scans Averaged by the Deck Unit = 1
* NMEA Latitude = 46 59.86 N
* NMEA Longitude = 047 00.97 W
* NMEA UTC (Time) = Jul 01 2013 23:47:27
* NMEA baud rate = 9600
** Ship: Hudson
** Cruise: HUD2013021
** Chief_Scientist: Greenan
** Organization: BIO
** Area_of_Operation: Sackville Spur
** Station: 15
** Sounding:  1154
** Event_Comments: FC17  393117
# nquan = 25
# nvalues = 1142                        
# units = specified
# name 0 = scan: Scan Count
# name 1 = timeS: Time, Elapsed [seconds]
# name 2 = prDM: Pressure, Digiquartz [db]
# name 3 = t068C: Temperature [ITS-68, deg C]
# name 4 = c0S/m: Conductivity [S/m]
# name 5 = t168C: Temperature, 2 [ITS-68, deg C]
# name 6 = c1S/m: Conductivity, 2 [S/m]
# name 7 = altM: Altimeter [m]
# name 8 = flCUVA: Fluorescence, Chelsea UV Aquatracka [ug/l]
# name 9 = sbeox0V: Oxygen raw, SBE 43 [V]
# name 10 = sbeox1V: Oxygen raw, SBE 43, 2 [V]
# name 11 = upoly0: Upoly 0, Optode 4330F - O2 D-Phase
# name 12 = upoly1: Upoly 1, Optode 4330F - O2 Temp
# name 13 = latitude: Latitude [deg]
# name 14 = longitude: Longitude [deg]
# name 15 = sal00: Salinity, Practical [PSU]
# name 16 = sal11: Salinity, Practical, 2 [PSU]
# name 17 = potemp068C: Potential Temperature [ITS-68, deg C]
# name 18 = potemp168C: Potential Temperature, 2 [ITS-68, deg C]
# name 19 = sigma-é00: Density [sigma-theta, Kg/m^3]
# name 20 = sigma-é11: Density, 2 [sigma-theta, Kg/m^3]
# name 21 = sbeox0ML/L: Oxygen, SBE 43 [ml/l], WS = 2
# name 22 = sbeox1ML/L: Oxygen, SBE 43, 2 [ml/l], WS = 2
# name 23 = nbin: number of scans per bin
# name 24 = flag: flag
# span 0 =      46915,      72719       
# span 1 =   1954.733,   3029.923       
# span 2 =      1.000,   1142.000       
# span 3 =    -0.3777,     6.8881       
# span 4 =   2.737960,   3.297617       
# span 5 =    -0.3908,     6.8906       
# span 6 =   2.738141,   3.299197       
# span 7 =       5.77,     105.01       
# span 8 =     0.0062,     0.2127       
# span 9 =     2.5120,     3.4085       
# span 10 =     2.2638,     3.0583      
# span 11 =  1.7196931,  2.0304191      
# span 12 =  0.6019544,  1.4781579      
# span 13 =   46.99401,   46.99546      
# span 14 =  -47.01837,  -47.01637      
# span 15 =    32.5739,    34.9123      
# span 16 =    32.5889,    34.9280      
# span 17 =    -0.3791,     6.8880      
# span 18 =    -0.3923,     6.8905      
# span 19 =    25.5231,    27.7514      
# span 20 =    25.5346,    27.7639      
# span 21 =    5.88170,    8.51390      
# span 22 =    6.11061,    8.60536      
# span 23 =         12,        374      
# span 24 = 0.0000e+00, 0.0000e+00      
# interval = decibars: 1                
# start_time = Jul 01 2013 23:47:27 [NMEA time, header]
# bad_flag = -9.990e-29
*END*
[from data line 348]
      55048   2293.635    794.000     3.8904   3.271506     3.8898   3.272784      76.85     0.0133     2.7096     2.4238  1.9616917  1.1123321   46.99480  -47.01662    34.8844    34.9001     3.8317     3.8311    27.7118    27.7244    6.19938    6.35148         30 0.0000e+00
      55085   2295.156    793.000     3.8902   3.271447     3.8897   3.272722      86.44     0.0161     2.7109     2.4234  1.9601512  1.1123321   46.99480  -47.01662    34.8843    34.9000     3.8316     3.8311    27.7118    27.7243    6.20158    6.34289         36 0.0000e+00
      55112   2296.275    792.000     3.8903   3.271391     3.8896   3.272655      55.04     0.0153     2.7106     2.4232  1.9605738  1.1122687   46.99480  -47.01662    34.8841    34.8998     3.8318     3.8311    27.7115    27.7241    6.20097    6.35107         20 0.0000e+00
      55129   2296.993    791.000     3.8900   3.271326     3.8895   3.272613      97.43     0.0130     2.7116     2.4235  1.9604683  1.1123333   46.99480  -47.01662    34.8842    34.8999     3.8315     3.8311    27.7117    27.7242    6.20893    6.35754         16 0.0000e+00
      55143   2297.604    790.000     3.8899   3.271281     3.8897   3.272588      96.53     0.0099     2.7117     2.4239  1.9604046  1.1123321   46.99480  -47.01662    34.8843    34.9000     3.8316     3.8313    27.7117    27.7242    6.20563    6.35647         14 0.0000e+00
      55157   2298.171    789.000     3.8900   3.271243     3.8898   3.272563      96.54     0.0074     2.7124     2.4243  1.9610264  1.1123321   46.99480  -47.01662    34.8842    34.9001     3.8318     3.8315    27.7116    27.7243    6.20762    6.35598         13 0.0000e+00
      55171   2298.732    788.000     3.8903   3.271221     3.8901   3.272542      96.33     0.0084     2.7123     2.4246  1.9605764  1.1123321   46.99479  -47.01663    34.8842    34.9001     3.8321     3.8318    27.7116    27.7243    6.21091    6.35540         14 0.0000e+00
      55185   2299.342    787.000     3.8905   3.271207     3.8909   3.272578      96.54     0.0114     2.7140     2.4248  1.9606218  1.1123321   46.99478  -47.01664    34.8843    34.9002     3.8324     3.8327    27.7116    27.7243    6.19951    6.35305         16 0.0000e+00
      55204   2300.107    786.000     3.8909   3.271212     3.8919   3.272628      96.55     0.0124     2.7120     2.4250  1.9604907  1.1122793   46.99480  -47.01662    34.8845    34.9002     3.8328     3.8338    27.7118    27.7242    6.18923    6.35362         22 0.0000e+00
      55232   2301.297    785.000     3.8913   3.271218     3.8917   3.272567      72.79     0.0157     2.7132     2.4260  1.9603550  1.1123314   46.99480  -47.01662    34.8846    34.9003     3.8334     3.8337    27.7118    27.7242    6.20326    6.36448         34 0.0000e+00
      55264   2302.642    784.000     3.8916   3.271189     3.8913   3.272486      97.23     0.0172     2.7137     2.4271  1.9597330  1.1123321   46.99480  -47.01662    34.8845    34.9001     3.8337     3.8334    27.7117    27.7242    6.20874    6.36537         28 0.0000e+00
      55290   2303.712    783.000     3.8916   3.271133     3.8918   3.272489      80.49     0.0185     2.7142     2.4282  1.9603437  1.1123321   46.99480  -47.01662    34.8844    34.9002     3.8337     3.8340    27.7116    27.7241    6.20003    6.36688         25 0.0000e+00
      55314   2304.706    782.000     3.8924   3.271179     3.8930   3.272566      67.32     0.0180     2.7146     2.4286  1.9606615  1.1123321   46.99480  -47.01661    34.8846    34.9004     3.8347     3.8352    27.7116    27.7242    6.20073    6.35930         23 0.0000e+00
      55336   2305.625    781.000     3.8930   3.271196     3.8928   3.272511      87.17     0.0176     2.7144     2.4286  1.9601136  1.1122739   46.99480  -47.01660    34.8847    34.9004     3.8353     3.8351    27.7116    27.7242    6.20187    6.35859         21 0.0000e+00
      55355   2306.423    780.000     3.8923   3.271082     3.8914   3.272334      58.92     0.0162     2.7151     2.4291  1.9597037  1.1123326   46.99480  -47.01660    34.8845    34.9003     3.8348     3.8338    27.7116    27.7243    6.21044    6.35891         17 0.0000e+00
      55372   2307.107    779.000     3.8906   3.270862     3.8889   3.272020      85.46     0.0113     2.7158     2.4287  1.9597836  1.1123321   46.99480  -47.01660    34.8843    34.8998     3.8331     3.8314    27.7116    27.7241    6.21056    6.35464         16 0.0000e+00
      55387   2307.733    778.000     3.8888   3.270629     3.8874   3.271823      81.99     0.0101     2.7163     2.4289  1.9597942  1.1123321   46.99480  -47.01660    34.8839    34.8995     3.8314     3.8300    27.7114    27.7240    6.20849    6.35585         14 0.0000e+00
      55401   2308.332    777.000     3.8878   3.270476     3.8868   3.271720      96.47     0.0132     2.7163     2.4290  1.9600319  1.1123321   46.99480  -47.01660    34.8837    34.8995     3.8305     3.8295    27.7113    27.7240    6.20582    6.35774         15 0.0000e+00
      55416   2308.949    776.000     3.8878   3.270426     3.8872   3.271708      66.45     0.0172     2.7167     2.4290  1.9599524  1.1123321   46.99480  -47.01662    34.8836    34.8995     3.8306     3.8299    27.7113    27.7240    6.20570    6.35852         15 0.0000e+00
      55433   2309.660    775.000     3.8889   3.270497     3.8889   3.271828      76.31     0.0185     2.7168     2.4295  1.9597729  1.1123321   46.99480  -47.01662    34.8838    34.8996     3.8317     3.8317    27.7113    27.7239    6.20671    6.34996         19 0.0000e+00
      55459   2310.768    774.000     3.8911   3.270684     3.8927   3.272173      73.77     0.0171     2.7170     2.4286  1.9597728  1.1123321   46.99480  -47.01662    34.8843    34.9002     3.8340     3.8356    27.7115    27.7240    6.19522    6.34615         37 0.0000e+00
      55499   2312.416    773.000     3.8904   3.270566     3.8914   3.271985      98.11     0.0196     2.7162     2.4286  1.9598559  1.1123321   46.99480  -47.01660    34.8841    34.8999     3.8334     3.8344    27.7114    27.7238    6.18929    6.34531         34 0.0000e+00
      55524   2313.459    772.000     3.8934   3.270836     3.8974   3.272539      79.87     0.0164     2.7155     2.4279  1.9597068  1.1123321   46.99480  -47.01660    34.8846    34.9006     3.8365     3.8404    27.7115    27.7238    6.18201    6.33638         21 0.0000e+00
      55543   2314.253    771.000     3.8989   3.271306     3.9017   3.272935      45.87     0.0172     2.7147     2.4276  1.9592744  1.1121880   46.99480  -47.01660    34.8849    34.9013     3.8420     3.8447    27.7112    27.7239    6.18535    6.33880         17 0.0000e+00
      55560   2314.962    770.000     3.9051   3.271931     3.9061   3.273342      96.86     0.0177     2.7150     2.4274  1.9589871  1.1121885   46.99480  -47.01660    34.8863    34.9020     3.8482     3.8492    27.7116    27.7240    6.18402    6.34123         17 0.0000e+00
      55577   2315.653    769.000     3.9125   3.272659     3.9127   3.273971      96.47     0.0177     2.7143     2.4276  1.9595602  1.1121023   46.99480  -47.01660    34.8876    34.9029     3.8557     3.8558    27.7119    27.7241    6.17434    6.34727         16 0.0000e+00
      55593   2316.347    768.000     3.9179   3.273113     3.9173   3.274371      96.50     0.0159     2.7142     2.4284  1.9597833  1.1123368   46.99480  -47.01660    34.8878    34.9034     3.8612     3.8605    27.7114    27.7239    6.17915    6.34812         17 0.0000e+00
      55611   2317.088    767.000     3.9194   3.273211     3.9185   3.274456      96.49     0.0121     2.7141     2.4285  1.9597712  1.1123321   46.99480  -47.01660    34.8879    34.9036     3.8627     3.8618    27.7114    27.7239    6.17973    6.34115         19 0.0000e+00
      55630   2317.894    766.000     3.9192   3.273163     3.9186   3.274417      96.50     0.0148     2.7139     2.4285  1.9597070  1.1131238   46.99480  -47.01660    34.8880    34.9036     3.8626     3.8619    27.7115    27.7239    6.18350    6.33985         20 0.0000e+00
      55652   2318.802    765.000     3.9191   3.273101     3.9187   3.274392      74.92     0.0160     2.7150     2.4287  1.9597069  1.1135480   46.99480  -47.01660    34.8880    34.9036     3.8625     3.8622    27.7115    27.7240    6.19653    6.34127         24 0.0000e+00
      55682   2320.022    764.000     3.9189   3.273045     3.9192   3.274389      75.15     0.0163     2.7158     2.4292  1.9598099  1.1143768   46.99480  -47.01660    34.8880    34.9036     3.8624     3.8627    27.7115    27.7239    6.19076    6.34934         35 0.0000e+00
      55714   2321.370    763.000     3.9188   3.272983     3.9193   3.274344      97.47     0.0173     2.7167     2.4302  1.9597021  1.1147915   46.99480  -47.01660    34.8878    34.9035     3.8625     3.8629    27.7114    27.7238    6.19185    6.35111         26 0.0000e+00
      55735   2322.260    762.000     3.9189   3.272923     3.9181   3.274180      46.13     0.0171     2.7169     2.4309  1.9597069  1.1147741   46.99480  -47.01660    34.8876    34.9034     3.8626     3.8617    27.7112    27.7238    6.18876    6.35115         18 0.0000e+00
      55751   2322.928    761.000     3.9169   3.272656     3.9157   3.273875      97.42     0.0180     2.7175     2.4310  1.9597069  1.1147741   46.99480  -47.01660    34.8870    34.9028     3.8607     3.8595    27.7109    27.7236    6.19604    6.34771         15 0.0000e+00
      55766   2323.533    760.000     3.9147   3.272381     3.9137   3.273618      96.50     0.0172     2.7180     2.4313  1.9597069  1.1147741   46.99480  -47.01660    34.8866    34.9023     3.8586     3.8576    27.7108    27.7234    6.19614    6.34579         14 0.0000e+00
      55780   2324.137    759.000     3.9131   3.272158     3.9121   3.273407      49.16     0.0189     2.7181     2.4313  1.9597069  1.1147741   46.99480  -47.01660    34.8863    34.9021     3.8570     3.8561    27.7107    27.7233    6.19778    6.34378         15 0.0000e+00
      55796   2324.809    758.000     3.9104   3.271837     3.9093   3.273056      86.02     0.0165     2.7187     2.4312  1.9598418  1.1147741   46.99480  -47.01660    34.8858    34.9014     3.8545     3.8534    27.7105    27.7231    6.20496    6.34924         18 0.0000e+00
      55817   2325.648    757.000     3.9082   3.271550     3.9072   3.272754      83.37     0.0134     2.7201     2.4321  1.9597099  1.1147741   46.99480  -47.01660    34.8853    34.9006     3.8523     3.8533    27.7104    27.7227    6.21138    6.35575         23 0.0000e+00
      55843   2326.738    756.000     3.9078   3.271459     3.9064   3.272647      70.99     0.0148     2.7213     2.4326  1.9596629  1.1147741   46.99481  -47.01659    34.8851    34.9006     3.8520     3.8507    27.7103    27.7228    6.20516    6.34865         28 0.0000e+00
      55870   2327.886    755.000     3.9087   3.271516     3.9068   3.272623      83.52     0.0166     2.7218     2.4325  1.9590682  1.1147741   46.99482  -47.01658    34.8853    34.9005     3.8530     3.8511    27.7103    27.7226    6.19338    6.33545         27 0.0000e+00
      55895   2328.917    754.000     3.9084   3.271421     3.9083   3.272715      96.77     0.0130     2.7211     2.4312  1.9585872  1.1147741   46.99482  -47.01658    34.8851    34.9005     3.8528     3.8527    27.7102    27.7225    6.17834    6.32084         22 0.0000e+00
      55916   2329.782    753.000     3.9097   3.271490     3.9105   3.272890      96.52     0.0141     2.7200     2.4303  1.9591484  1.1147741   46.99481  -47.01658    34.8850    34.9008     3.8542     3.8549    27.7100    27.7224    6.17392    6.32293         19 0.0000e+00
      55933   2330.517    752.000     3.9125   3.271708     3.9130   3.273088      96.53     0.0129     2.7192     2.4297  1.9597197  1.1147741   46.99480  -47.01658    34.8852    34.9010     3.8570     3.8575    27.7098    27.7224    6.18056    6.32863         17 0.0000e+00
      55950   2331.201    751.000     3.9161   3.272047     3.9178   3.273547      96.53     0.0140     2.7194     2.4300  1.9597069  1.1147741   46.99480  -47.01658    34.8858    34.9018     3.8607     3.8624    27.7100    27.7225    6.17848    6.33093         16 0.0000e+00
      55966   2331.888    750.000     3.9276   3.273151     3.9309   3.274812      70.53     0.0174     2.7190     2.4298  1.9598532  1.1147741   46.99480  -47.01658    34.8873    34.9035     3.8722     3.8755    27.7099    27.7225    6.16813    6.32310         17 0.0000e+00
      55984   2332.635    749.000     3.9411   3.274440     3.9439   3.276077      71.79     0.0180     2.7182     2.4295  1.9597701  1.1147741   46.99480  -47.01658    34.8888    34.9053     3.8857     3.8884    27.7098    27.7226    6.16561    6.31637         19 0.0000e+00
      56004   2333.479    748.000     3.9488   3.275197     3.9526   3.276938      96.48     0.0183     2.7175     2.4289  1.9595960  1.1149405   46.99480  -47.01658    34.8901    34.9068     3.8935     3.8971    27.7100    27.7229    6.15870    6.31165         22 0.0000e+00
      56028   2334.449    747.000     3.9546   3.275777     3.9572   3.277369      92.63     0.0168     2.7173     2.4287  1.9588349  1.1155983   46.99482  -47.01658    34.8915    34.9075     3.8992     3.9018    27.7105    27.7230    6.16859    6.31484         25 0.0000e+00
      56055   2335.568    746.000     3.9545   3.275746     3.9594   3.277567      59.59     0.0130     2.7172     2.4286  1.9586983  1.1162806   46.99481  -47.01658    34.8916    34.9080     3.8993     3.9042    27.7106    27.7231    6.16715    6.31563         29 0.0000e+00
      56084   2336.787    745.000     3.9539   3.275651     3.9612   3.277687      74.96     0.0095     2.7173     2.4287  1.9584831  1.1172286   46.99482  -47.01658    34.8917    34.9081     3.8987     3.9060    27.7107    27.7230    6.16358    6.31544         28 0.0000e+00
      56110   2337.859    744.000     3.9608   3.276287     3.9660   3.278091      77.52     0.0097     2.7166     2.4287  1.9584860  1.1178683   46.99482  -47.01658    34.8925    34.9084     3.9057     3.9108    27.7106    27.7227    6.15914    6.31285         23 0.0000e+00
      56131   2338.741    743.000     3.9655   3.276697     3.9663   3.278108      79.03     0.0098     2.7170     2.4286  1.9584860  1.1184450   46.99482  -47.01658    34.8929    34.9087     3.9104     3.9112    27.7105    27.7229    6.16386    6.31358         20 0.0000e+00
      56150   2339.543    742.000     3.9655   3.276652     3.9645   3.277862      94.20     0.0102     2.7170     2.4288  1.9586791  1.1185659   46.99482  -47.01658    34.8928    34.9083     3.9106     3.9094    27.7104    27.7228    6.16053    6.31709         19 0.0000e+00
      56168   2340.284    741.000     3.9639   3.276427     3.9627   3.277629      44.70     0.0123     2.7166     2.4294  1.9596258  1.1187229   46.99480  -47.01658    34.8924    34.9079     3.9090     3.9078    27.7102    27.7227    6.15546    6.31490         17 0.0000e+00
      56184   2340.945    740.000     3.9649   3.276452     3.9648   3.277783      95.58     0.0124     2.7170     2.4290  1.9596257  1.1190813   46.99480  -47.01658    34.8922    34.9080     3.9100     3.9099    27.7099    27.7225    6.15412    6.30822         15 0.0000e+00
      56198   2341.548    739.000     3.9669   3.276606     3.9672   3.277971      96.37     0.0152     2.7160     2.4289  1.9595348  1.1191337   46.99480  -47.01658    34.8924    34.9082     3.9121     3.9124    27.7099    27.7224    6.14773    6.30590         14 0.0000e+00
      56212   2342.132    738.000     3.9662   3.276498     3.9660   3.277811      45.46     0.0152     2.7159     2.4287  1.9598733  1.1196461   46.99480  -47.01658    34.8923    34.9081     3.9116     3.9114    27.7099    27.7224    6.14983    6.30801         14 0.0000e+00
