data/CTD/2013/CNV/U021A012.CNV
* Sea-Bird SBE 9 Data File:
* FileName = C:\CTD_ACQUISITION\2013021HUD\ctddata\021A012.hdr
* Software Version Seasave V 7.22.2
* Temperature SN = 5081
* Conductivity SN = 3561
* Number of Bytes Per Scan = 37
* Number of Voltage Words = 4
* Number of Scans Averaged by the Deck Unit = 1
* NMEA Latitude = 46 59.96 N
* NMEA Longitude = 047 14.97 W
* NMEA UTC (Time) = Jul 01 2013 20:26:26
* NMEA baud rate = 9600
** Ship: Hudson
** Cruise: HUD2013021
** Chief_Scientist: Greenan
** Organization: BIO
** Area_of_Operation: Sackville Spur
** Station: 12
** Sounding:  552
** Event_Comments: FC15  393111
# nquan = 25
# nvalues = 552                         
# units = specified
# name 0 = scan: Scan Count
# name 1 = timeS: Time, Elapsed [seconds]
# name 2 = prDM: Pressure, Digiquartz [db]
# name 3 = t068C: Temperature [ITS-68, deg C]
# name 4 = c0S/m: Conductivity [S/m]
# name 5 = t168C: Temperature, 2 [ITS-68, deg C]
# name 6 = c1S/m: Conductivity, 2 [S/m]
# name 7 = altM: Altimeter [m]
# name 8 = flCUVA: Fluorescence, Chelsea UV Aquatracka [ug/l]
# name 9 = sbeox0V: Oxygen raw, SBE 43 [V]
# name 10 = sbeox1V: Oxygen raw, SBE 43, 2 [V]
# name 11 = upoly0: Upoly 0, Optode 4330F - O2 D-Phase
# name 12 = upoly1: Upoly 1, Optode 4330F - O2 Temp
# name 13 = latitude: Latitude [deg]
# name 14 = longitude: Longitude [deg]
# name 15 = sal00: Salinity, Practical [PSU]
# name 16 = sal11: Salinity, Practical, 2 [PSU]
# name 17 = potemp068C: Potential Temperature [ITS-68, deg C]
# name 18 = potemp168C: Potential Temperature, 2 [ITS-68, deg C]
# name 19 = sigma-é00: Density [sigma-theta, Kg/m^3]
# name 20 = sigma-é11: Density, 2 [sigma-theta, Kg/m^3]
# name 21 = sbeox0ML/L: Oxygen, SBE 43 [ml/l], WS = 2
# name 22 = sbeox1ML/L: Oxygen, SBE 43, 2 [ml/l], WS = 2
# name 23 = nbin: number of scans per bin
# name 24 = flag: flag
# span 0 =      31314,      45687       
# span 1 =   1304.704,   1903.604       
# span 2 =      1.000,    552.000       
# span 3 =    -0.7289,     6.3643       
# span 4 =   2.699162,   3.252385       
# span 5 =    -0.7325,     6.3641       
# span 6 =   2.700662,   3.253646       
# span 7 =       3.95,      98.32       
# span 8 =     0.0083,     0.1230       
# span 9 =     2.6510,     3.3680       
# span 10 =     2.3773,     3.0453      
# span 11 =  1.7205366,  2.0817979      
# span 12 =  0.5483370,  1.4162183      
# span 13 =   46.99603,   46.99746      
# span 14 =  -47.24835,  -47.24740      
# span 15 =    32.4127,    34.8061      
# span 16 =    32.4231,    34.8213      
# span 17 =    -0.7304,     6.3643      
# span 18 =    -0.7340,     6.3640      
# span 19 =    25.4637,    27.6497      
# span 20 =    25.4719,    27.6618      
# span 21 =    5.89226,    8.09440      
# span 22 =    6.05541,    8.37416      
# span 23 =         14,        785      
# span 24 = 0.0000e+00, 0.0000e+00      
# interval = decibars: 1                
# start_time = Jul 01 2013 20:26:26 [NMEA time, header]
# bad_flag = -9.990e-29
*END*
[from data line 522]
      44024   1834.292     30.000     2.9419   2.989254     2.8454   2.982884      80.49     0.1010     3.3485     3.0264  1.8587487  0.7863271   46.99616  -47.24828    32.8877    32.9088     2.9402     2.8438    26.2043    26.2294    7.78794    7.89276         19 0.0000e+00
      44045   1835.166     29.000     3.3418   3.021505     3.2557   3.016191      46.16     0.1006     3.3556     3.0272  1.8476468  0.8062379   46.99616  -47.24828    32.8708    32.8943     3.3400     3.2540    26.1553    26.1819    7.65755    7.82695         24 0.0000e+00
      44072   1836.274     28.000     3.5224   3.036108     3.5343   3.040234      94.46     0.1062     3.3628     3.0352  1.8329970  0.8346717   46.99616  -47.24828    32.8636    32.9009     3.5207     3.5325    26.1331    26.1617    7.60513    7.86777         29 0.0000e+00
      44101   1837.498     27.000     3.4685   3.032176     3.7994   3.058908      95.43     0.1151     3.3673     3.0453  1.8182861  0.8733814   46.99615  -47.24828    32.8721    32.8562     3.4668     3.7977    26.1448    26.1006    7.60295    7.77240         28 0.0000e+00
      44126   1838.560     26.000     3.7946   3.058196     4.2981   3.098476      95.32     0.1230     3.3680     3.0442  1.8117064  0.8920454   46.99614  -47.24828    32.8533    32.8243     3.7929     4.2963    26.0990    26.0259    7.45887    7.57474         21 0.0000e+00
      44147   1839.400     25.000     4.2056   3.090287     4.4678   3.113040      70.24     0.1207     3.3596     3.0372  1.8074348  0.9405124   46.99614  -47.24828    32.8208    32.8261     4.2040     4.4660    26.0324    26.0097    7.29064    7.48285         23 0.0000e+00
      44171   1840.396     24.000     4.6243   3.123150     4.5976   3.123082      94.15     0.1137     3.3467     3.0278  1.8069438  0.9482810   46.99614  -47.24828    32.7888    32.8146     4.6227     4.5959    25.9635    25.9869    7.15526    7.42275         25 0.0000e+00
      44197   1841.514     23.000     4.9337   3.145749     4.7664   3.135905      78.98     0.1008     3.3318     3.0184  1.7874497  0.9987258   46.99614  -47.24828    32.7453    32.7967     4.9321     4.7647    25.8956    25.9547    7.07417    7.38635         28 0.0000e+00
      44224   1842.615     22.000     5.2350   3.167136     5.1244   3.158039      88.60     0.0946     3.3206     3.0109  1.7844640  1.0072576   46.99614  -47.24828    32.6957    32.7083     5.2334     5.1228    25.8226    25.8449    7.02913    7.31321         24 0.0000e+00
      44246   1843.554     21.000     5.5364   3.187649     5.5934   3.190743      73.68     0.0923     3.3142     3.0056  1.7689662  1.0620115   46.99614  -47.24828    32.6360    32.6156     5.5348     5.5918    25.7407    25.7179    6.98838    7.23811         21 0.0000e+00
      44267   1844.430     20.000     5.8380   3.207714     5.8054   3.206577      95.50     0.0882     3.3110     3.0028  1.7692316  1.0610465   46.99614  -47.24828    32.5712    32.5899     5.8364     5.8038    25.6538    25.6724    6.94688    7.21809         21 0.0000e+00
      44290   1845.372     19.000     6.0077   3.219878     5.9666   3.218323      81.88     0.0850     3.3077     3.0017  1.7633423  1.1086929   46.99612  -47.24828    32.5448    32.5669     6.0062     5.9651    25.6123    25.6348    6.90551    7.19070         25 0.0000e+00
      44317   1846.481     18.000     6.1208   3.227287     6.0830   3.225705      73.11     0.0814     3.3037     2.9994  1.7614318  1.1226225   46.99612  -47.24828    32.5195    32.5380     6.1194     6.0815    25.5785    25.5977    6.88040    7.15849         29 0.0000e+00
      44346   1847.709     17.000     6.1661   3.230153     6.1441   3.229519      94.99     0.0795     3.3002     2.9970  1.7519237  1.1795869   46.99612  -47.24828    32.5087    32.5226     6.1647     6.1427    25.5643    25.5780    6.86796    7.14726         29 0.0000e+00
      44374   1848.884     16.000     6.2035   3.232269     6.2104   3.233552      95.00     0.0758     3.2969     2.9953  1.7483569  1.1905116   46.99612  -47.24828    32.4969    32.5047     6.2022     6.2090    25.5504    25.5557    6.84990    7.12676         27 0.0000e+00
      44400   1849.947     15.000     6.2595   3.236331     6.2390   3.235688      94.90     0.0735     3.2940     2.9929  1.7415946  1.2126057   46.99612  -47.24828    32.4891    32.5015     6.2582     6.2378    25.5373    25.5496    6.84503    7.11560         24 0.0000e+00
      44424   1850.941     14.000     6.2980   3.238945     6.2594   3.236933      83.48     0.0747     3.2931     2.9913  1.7416565  1.2236904   46.99612  -47.24828    32.4819    32.4964     6.2968     6.2582    25.5267    25.5430    6.84433    7.11369         24 0.0000e+00
      44447   1851.903     13.000     6.3141   3.239888     6.2882   3.238922      63.22     0.0752     3.2931     2.9906  1.7413641  1.2420361   46.99611  -47.24829    32.4774    32.4914     6.3131     6.2872    25.5212    25.5355    6.84549    7.10998         23 0.0000e+00
      44471   1852.919     12.000     6.3268   3.240547     6.3057   3.240091      70.83     0.0773     3.2929     2.9898  1.7426159  1.2520382   46.99610  -47.24830    32.4732    32.4882     6.3258     6.3047    25.5162    25.5307    6.84219    7.10450         25 0.0000e+00
      44496   1853.964     11.000     6.3364   3.241075     6.3176   3.240768      63.16     0.0806     3.2931     2.9896  1.7448215  1.2687025   46.99610  -47.24830    32.4703    32.4848     6.3355     6.3167    25.5127    25.5265    6.84257    7.11875         25 0.0000e+00
      44520   1854.953     10.000     6.3441   3.241541     6.3266   3.241407      94.41     0.0817     3.2934     2.9917  1.7418003  1.2747993   46.99610  -47.24830    32.4686    32.4838     6.3433     6.3258    25.5104    25.5246    6.84321    7.13097         23 0.0000e+00
      44543   1855.924      9.000     6.3480   3.241838     6.3381   3.242186      94.62     0.0781     3.2935     2.9934  1.7373563  1.2847817   46.99610  -47.24830    32.4687    32.4820     6.3472     6.3374    25.5100    25.5217    6.83570    7.12761         22 0.0000e+00
      44591   1857.923      8.000     6.3466   3.241562     6.3378   3.242048      53.04     0.0820     3.2938     2.9951  1.7313011  1.3020961   46.99610  -47.24830    32.4674    32.4812     6.3460     6.3372    25.5092    25.5211    6.84678    7.12226         62 0.0000e+00
      44637   1859.823      7.000     6.3425   3.240989     6.3251   3.240617       5.10     0.0823     3.2969     2.9951  1.7374561  1.3369430   46.99610  -47.24830    32.4655    32.4779     6.3419     6.3245    25.5082    25.5201    6.85674    7.11704         37 0.0000e+00
      44674   1861.395      6.000     6.3407   3.240715     6.3473   3.242363       4.61     0.0828     3.2979     2.9948  1.7363611  1.3396289   46.99608  -47.24830    32.4647    32.4766     6.3402     6.3468    25.5077    25.5163    6.85346    7.10900         38 0.0000e+00
      44712   1862.939      5.000     6.3550   3.241771     6.3536   3.242886       4.64     0.0788     3.2984     2.9941  1.7345805  1.3410722   46.99608  -47.24830    32.4632    32.4769     6.3546     6.3532    25.5047    25.5157    6.84764    7.10778         39 0.0000e+00
      44783   1865.896      4.000     6.3562   3.241886     6.3525   3.242788       4.39     0.0836     3.3007     2.9950  1.7312077  1.3528711   46.99608  -47.24831    32.4638    32.4774     6.3559     6.3521    25.5050    25.5162    6.85811    7.11776         97 0.0000e+00
      45197   1883.170      3.000     6.3609   3.242293     6.3583   3.243339       4.23     0.0807     3.3068     2.9989  1.7247922  1.3952476   46.99606  -47.24833    32.4644    32.4785     6.3606     6.3580    25.5049    25.5164    6.86416    7.10894        785 0.0000e+00
      45674   1903.047      2.000     6.3558   3.241812     6.3557   3.243139       3.95     0.0807     3.2877     2.8734  1.7217177  1.4162183   46.99604  -47.24835    32.4643    32.4792     6.3557     6.3555    25.5055    25.5172    6.77339    6.20190         61 0.0000e+00
      45687   1903.604      1.000     6.3643   3.237848     6.3641   3.239005       4.17     0.0797     3.2850     2.7982  1.7205366  1.4151406   46.99603  -47.24834    32.4127    32.4231     6.3643     6.3640    25.4637    25.4719    6.80153    6.17723         19 0.0000e+00
