data/CTD/2013/CNV/U021A037.CNV
* Sea-Bird SBE 9 Data File:
* FileName = C:\CTD_ACQUISITION\2013021HUD\ctddata\021A037.hdr
* Software Version Seasave V 7.22.2
* Temperature SN = 5081
* Conductivity SN = 3561
* Number of Bytes Per Scan = 37
* Number of Voltage Words = 4
* Number of Scans Averaged by the Deck Unit = 1
* NMEA Latitude = 48 20.72 N
* NMEA Longitude = 046 35.05 W
* NMEA UTC (Time) = Jul 03 2013 18:21:36
* NMEA baud rate = 9600
** Ship: Hudson
** Cruise: HUD2013021
** Chief_Scientist: Greenan
** Organization: BIO
** Area_of_Operation: Sackville Spur
** Station: 37
** Sounding:  1386
** Event_Comments: SS10  393174
# nquan = 25
# nvalues = 1404                        
# units = specified
# name 0 = scan: Scan Count
# name 1 = timeS: Time, Elapsed [seconds]
# name 2 = prDM: Pressure, Digiquartz [db]
# name 3 = t068C: Temperature [ITS-68, deg C]
# name 4 = c0S/m: Conductivity [S/m]
# name 5 = t168C: Temperature, 2 [ITS-68, deg C]
# name 6 = c1S/m: Conductivity, 2 [S/m]
# name 7 = altM: Altimeter [m]
# name 8 = flCUVA: Fluorescence, Chelsea UV Aquatracka [ug/l]
# name 9 = sbeox0V: Oxygen raw, SBE 43 [V]
# name 10 = sbeox1V: Oxygen raw, SBE 43, 2 [V]
# name 11 = upoly0: Upoly 0, Optode 4330F - O2 D-Phase
# name 12 = upoly1: Upoly 1, Optode 4330F - O2 Temp
# name 13 = latitude: Latitude [deg]
# name 14 = longitude: Longitude [deg]
# name 15 = sal00: Salinity, Practical [PSU]
# name 16 = sal11: Salinity, Practical, 2 [PSU]
# name 17 = potemp068C: Potential Temperature [ITS-68, deg C]
# name 18 = potemp168C: Potential Temperature, 2 [ITS-68, deg C]
# name 19 = sigma-é00: Density [sigma-theta, Kg/m^3]
# name 20 = sigma-é11: Density, 2 [sigma-theta, Kg/m^3]
# name 21 = sbeox0ML/L: Oxygen, SBE 43 [ml/l], WS = 2
# name 22 = sbeox1ML/L: Oxygen, SBE 43, 2 [ml/l], WS = 2
# name 23 = nbin: number of scans per bin
# name 24 = flag: flag
# span 0 =      43792,      77818       
# span 1 =   1824.619,   3242.392       
# span 2 =      1.000,   1404.000       
# span 3 =     0.0268,     6.0260       
# span 4 =   2.777025,   3.286898       
# span 5 =     0.0271,     6.0250       
# span 6 =   2.778170,   3.288261       
# span 7 =       4.97,     100.65       
# span 8 =     0.0070,     0.0753       
# span 9 =     2.4525,     3.4027       
# span 10 =     2.2051,     3.0533      
# span 11 =  1.7304943,  2.0403126      
# span 12 =  0.6520817,  1.3643101      
# span 13 =   48.34724,   48.34970      
# span 14 =  -46.57800,  -46.57528      
# span 15 =    32.5913,    34.9150      
# span 16 =    32.6065,    34.9316      
# span 17 =     0.0255,     6.0258      
# span 18 =     0.0258,     6.0247      
# span 19 =    25.6467,    27.7585      
# span 20 =    25.6588,    27.7719      
# span 21 =    5.89021,    8.78460      
# span 22 =    6.09389,    8.81081      
# span 23 =         11,        849      
# span 24 = 0.0000e+00, 0.0000e+00      
# interval = decibars: 1                
# start_time = Jul 03 2013 18:21:36 [NMEA time, header]
# bad_flag = -9.990e-29
*END*
[from data line 1102]
      70428   2934.477    302.000     3.5947   3.210297     3.5928   3.211453      87.57     0.0170     2.8690     2.5595  1.9456242  1.0814414   48.34920  -46.57612    34.7292    34.7452     3.5743     3.5724    27.6142    27.6270    6.32323    6.43485         30 0.0000e+00
      70459   2935.765    301.000     3.5924   3.210001     3.5916   3.211277      95.87     0.0163     2.8702     2.5602  1.9463631  1.0805762   48.34920  -46.57612    34.7286    34.7448     3.5721     3.5725    27.6139    27.6269    6.32993    6.44320         31 0.0000e+00
      70487   2936.922    300.000     3.5914   3.209822     3.5901   3.211056      79.09     0.0181     2.8713     2.5608  1.9457018  1.0805861   48.34920  -46.57611    34.7281    34.7443     3.5712     3.5698    27.6136    27.6266    6.33289    6.44551         24 0.0000e+00
      70509   2937.824    299.000     3.5872   3.209323     3.5858   3.210541      95.83     0.0136     2.8727     2.5612  1.9458503  1.0805861   48.34920  -46.57610    34.7271    34.7433     3.5670     3.5656    27.6132    27.6262    6.33271    6.43907         20 0.0000e+00
      70527   2938.595    298.000     3.5826   3.208768     3.5812   3.209981      95.50     0.0138     2.8722     2.5610  1.9464051  1.0801837   48.34920  -46.57610    34.7260    34.7420     3.5625     3.5611    27.6127    27.6257    6.32848    6.43771         18 0.0000e+00
      70546   2939.376    297.000     3.5779   3.208233     3.5745   3.209169      95.71     0.0113     2.8734     2.5612  1.9467555  1.0793853   48.34920  -46.57610    34.7251    34.7400     3.5579     3.5545    27.6125    27.6247    6.32893    6.44307         20 0.0000e+00
      70569   2940.328    296.000     3.5738   3.207690     3.5722   3.208867      95.59     0.0125     2.8727     2.5614  1.9468374  1.0791366   48.34920  -46.57610    34.7234    34.7393     3.5539     3.5523    27.6116    27.6243    6.31450    6.44196         26 0.0000e+00
      70598   2941.531    295.000     3.5719   3.207426     3.5718   3.208784      85.20     0.0152     2.8721     2.5616  1.9468228  1.0781176   48.34920  -46.57610    34.7228    34.7392     3.5521     3.5526    27.6112    27.6243    6.32103    6.44517         29 0.0000e+00
      70624   2942.606    294.000     3.5700   3.207145     3.5701   3.208529      69.43     0.0171     2.8723     2.5624  1.9470775  1.0777104   48.34920  -46.57610    34.7221    34.7386     3.5502     3.5503    27.6108    27.6240    6.32296    6.44766         23 0.0000e+00
      70644   2943.458    293.000     3.5685   3.206934     3.5683   3.208277      88.48     0.0153     2.8724     2.5627  1.9468545  1.0769880   48.34920  -46.57610    34.7217    34.7380     3.5488     3.5486    27.6107    27.6237    6.31957    6.43900         19 0.0000e+00
      70662   2944.212    292.000     3.5670   3.206710     3.5662   3.208004      95.74     0.0144     2.8718     2.5620  1.9472837  1.0769228   48.34920  -46.57610    34.7211    34.7375     3.5474     3.5465    27.6104    27.6235    6.31765    6.42787         17 0.0000e+00
      70680   2944.958    291.000     3.5645   3.206394     3.5631   3.207607      95.30     0.0132     2.8723     2.5613  1.9485879  1.0769231   48.34920  -46.57610    34.7206    34.7366     3.5449     3.5436    27.6102    27.6230    6.32070    6.43019         19 0.0000e+00
      70699   2945.747    290.000     3.5573   3.205578     3.5585   3.207045      78.42     0.0121     2.8719     2.5613  1.9487141  1.0769231   48.34920  -46.57610    34.7189    34.7353     3.5379     3.5390    27.6095    27.6225    6.31709    6.43461         20 0.0000e+00
      70720   2946.633    289.000     3.5446   3.204076     3.5449   3.205495      92.81     0.0120     2.8721     2.5609  1.9480067  1.0763214   48.34920  -46.57610    34.7150    34.7317     3.5252     3.5255    27.6076    27.6209    6.32333    6.43198         22 0.0000e+00
      70744   2947.636    288.000     3.5338   3.202802     3.5327   3.204042      95.75     0.0144     2.8722     2.5608  1.9468508  1.0757080   48.34920  -46.57609    34.7117    34.7278     3.5145     3.5134    27.6061    27.6190    6.33164    6.43837         26 0.0000e+00
      70771   2948.759    287.000     3.5291   3.202250     3.5269   3.203339      80.72     0.0174     2.8729     2.5608  1.9458935  1.0749686   48.34920  -46.57608    34.7106    34.7260     3.5099     3.5077    27.6057    27.6182    6.32703    6.44079         28 0.0000e+00
      70801   2950.016    286.000     3.5248   3.201698     3.5233   3.202878      65.42     0.0178     2.8730     2.5613  1.9453242  1.0744830   48.34920  -46.57609    34.7091    34.7248     3.5056     3.5042    27.6049    27.6176    6.32750    6.44291         32 0.0000e+00
      70832   2951.288    285.000     3.5204   3.201143     3.5175   3.202166      96.19     0.0192     2.8732     2.5617  1.9486749  1.0732437   48.34920  -46.57610    34.7076    34.7231     3.5014     3.4984    27.6041    27.6167    6.32489    6.44703         28 0.0000e+00
      70857   2952.353    284.000     3.5090   3.199768     3.5053   3.200800      95.76     0.0180     2.8732     2.5621  1.9485033  1.0730978   48.34920  -46.57608    34.7038    34.7202     3.4900     3.4864    27.6022    27.6156    6.33181    6.45079         23 0.0000e+00
      70878   2953.215    283.000     3.4934   3.197928     3.4893   3.198931      95.84     0.0175     2.8737     2.5627  1.9476836  1.0720313   48.34920  -46.57608    34.6989    34.7153     3.4746     3.4704    27.5998    27.6133    6.33568    6.45399         19 0.0000e+00
      70898   2954.022    282.000     3.4845   3.196940     3.4804   3.197859      74.36     0.0176     2.8739     2.5630  1.9479859  1.0720391   48.34920  -46.57608    34.6970    34.7124     3.4658     3.4617    27.5991    27.6118    6.32476    6.45900         20 0.0000e+00
      70919   2954.930    281.000     3.4775   3.196110     3.4742   3.197106      95.62     0.0183     2.8729     2.5637  1.9482578  1.0709291   48.34920  -46.57608    34.6950    34.7105     3.4589     3.4555    27.5982    27.6109    6.32931    6.45638         24 0.0000e+00
      70947   2956.064    280.000     3.4703   3.195279     3.4701   3.196619      63.33     0.0165     2.8736     2.5641  1.9482702  1.0704101   48.34920  -46.57608    34.6933    34.7095     3.4517     3.4516    27.5975    27.6105    6.33921    6.45765         30 0.0000e+00
      70974   2957.221    279.000     3.4664   3.194781     3.4658   3.196117      80.18     0.0158     2.8745     2.5643  1.9465997  1.0679590   48.34920  -46.57608    34.6918    34.7083     3.4480     3.4473    27.5968    27.6100    6.34514    6.45607         25 0.0000e+00
      70997   2958.158    278.000     3.4618   3.194200     3.4607   3.195464      95.02     0.0139     2.8750     2.5645  1.9471375  1.0681338   48.34920  -46.57608    34.6904    34.7068     3.4434     3.4423    27.5961    27.6092    6.33781    6.45446         20 0.0000e+00
      71016   2958.953    277.000     3.4597   3.193936     3.4586   3.195188      70.79     0.0119     2.8749     2.5644  1.9485408  1.0671365   48.34920  -46.57608    34.6900    34.7062     3.4413     3.4402    27.5959    27.6090    6.33864    6.45131         18 0.0000e+00
      71034   2959.690    276.000     3.4568   3.193546     3.4539   3.194638      95.97     0.0133     2.8755     2.5642  1.9487187  1.0671551   48.34920  -46.57608    34.6890    34.7051     3.4385     3.4357    27.5954    27.6085    6.34161    6.45287         18 0.0000e+00
      71051   2960.434    275.000     3.4490   3.192657     3.4466   3.193750      95.90     0.0138     2.8756     2.5644  1.9487180  1.0667503   48.34920  -46.57608    34.6870    34.7028     3.4309     3.4285    27.5946    27.6074    6.34042    6.45345         18 0.0000e+00
      71071   2961.235    274.000     3.4413   3.191741     3.4402   3.192987      95.32     0.0125     2.8758     2.5641  1.9487180  1.0646985   48.34920  -46.57608    34.6848    34.7009     3.4232     3.4222    27.5935    27.6065    6.34274    6.44842         20 0.0000e+00
      71092   2962.127    273.000     3.4352   3.191017     3.4332   3.192142      53.13     0.0177     2.8759     2.5638  1.9487180  1.0646598   48.34920  -46.57608    34.6831    34.6989     3.4172     3.4152    27.5928    27.6056    6.34040    6.45080         23 0.0000e+00
      71116   2963.108    272.000     3.4296   3.190364     3.4291   3.191667      79.89     0.0179     2.8763     2.5638  1.9488711  1.0635389   48.34920  -46.57607    34.6817    34.6980     3.4117     3.4112    27.5922    27.6053    6.34640    6.45293         24 0.0000e+00
      71140   2964.124    271.000     3.4167   3.188956     3.4197   3.190563      95.77     0.0155     2.8766     2.5638  1.9488645  1.0634433   48.34920  -46.57606    34.6791    34.6953     3.3989     3.4019    27.5913    27.6040    6.35129    6.45333         25 0.0000e+00
      71169   2965.336    270.000     3.3887   3.185762     3.3903   3.187240      95.77     0.0178     2.8777     2.5638  1.9498713  1.0623418   48.34918  -46.57606    34.6710    34.6871     3.3710     3.3726    27.5876    27.6003    6.35536    6.46304         35 0.0000e+00
      71208   2966.972    269.000     3.3513   3.181889     3.3555   3.183454      79.62     0.0204     2.8779     2.5653  1.9499407  1.0614595   48.34918  -46.57606    34.6646    34.6791     3.3338     3.3380    27.5861    27.5972    6.36324    6.48027         38 0.0000e+00
      71238   2968.224    268.000     3.3203   3.177970     3.3169   3.179059      94.62     0.0194     2.8790     2.5658  1.9499389  1.0610373   48.34918  -46.57606    34.6509    34.6677     3.3029     3.2995    27.5781    27.5918    6.37279    6.47597         24 0.0000e+00
      71259   2969.101    267.000     3.3050   3.176084     3.3008   3.177069      73.06     0.0189     2.8791     2.5657  1.9491524  1.0598048   48.34918  -46.57606    34.6450    34.6614     3.2877     3.2835    27.5749    27.5884    6.37235    6.48360         19 0.0000e+00
      71277   2969.852    266.000     3.2962   3.175102     3.2934   3.176180      94.68     0.0162     2.8798     2.5666  1.9490575  1.0598291   48.34918  -46.57606    34.6431    34.6592     3.2790     3.2761    27.5742    27.5873    6.37747    6.49118         18 0.0000e+00
      71296   2970.616    265.000     3.2918   3.174620     3.2897   3.175779      80.46     0.0156     2.8801     2.5669  1.9505632  1.0588133   48.34918  -46.57605    34.6421    34.6584     3.2746     3.2726    27.5738    27.5870    6.37210    6.49604         19 0.0000e+00
      71318   2971.536    264.000     3.2883   3.174190     3.2880   3.175517      88.61     0.0157     2.8797     2.5681  1.9521475  1.0571532   48.34918  -46.57604    34.6415    34.6579     3.2712     3.2709    27.5737    27.5868    6.37243    6.49366         26 0.0000e+00
      71344   2972.645    263.000     3.2866   3.173957     3.2868   3.175331      93.07     0.0157     2.8805     2.5684  1.9515386  1.0530137   48.34918  -46.57604    34.6411    34.6575     3.2696     3.2698    27.5735    27.5865    6.37703    6.48864         25 0.0000e+00
      71367   2973.571    262.000     3.2843   3.173626     3.2831   3.174881      66.74     0.0121     2.8803     2.5686  1.9503511  1.0474417   48.34918  -46.57604    34.6401    34.6566     3.2674     3.2662    27.5729    27.5862    6.36633    6.48708         19 0.0000e+00
      71384   2974.284    261.000     3.2725   3.172249     3.2674   3.173129      81.68     0.0129     2.8804     2.5684  1.9505525  1.0476191   48.34918  -46.57604    34.6366    34.6528     3.2557     3.2506    27.5712    27.5846    6.37579    6.49156         16 0.0000e+00
      71399   2974.910    260.000     3.2531   3.170042     3.2495   3.171059      95.79     0.0137     2.8808     2.5690  1.9530874  1.0483443   48.34918  -46.57604    34.6312    34.6473     3.2364     3.2328    27.5687    27.5819    6.37539    6.50143         15 0.0000e+00
      71413   2975.515    259.000     3.2425   3.168819     3.2400   3.169935      95.95     0.0127     2.8800     2.5694  1.9534242  1.0486623   48.34918  -46.57604    34.6282    34.6444     3.2259     3.2233    27.5674    27.5805    6.37052    6.50287         14 0.0000e+00
      71429   2976.164    258.000     3.2376   3.168233     3.2352   3.169327      95.94     0.0114     2.8799     2.5699  1.9533867  1.0485532   48.34918  -46.57604    34.6269    34.6427     3.2211     3.2186    27.5667    27.5796    6.37609    6.50106         17 0.0000e+00
      71448   2976.966    257.000     3.2331   3.167681     3.2316   3.168878      95.95     0.0153     2.8804     2.5700  1.9517593  1.0454664   48.34918  -46.57604    34.6256    34.6417     3.2166     3.2151    27.5661    27.5791    6.38458    6.49861         23 0.0000e+00
      71482   2978.355    256.000     3.2309   3.167422     3.2301   3.168673      84.27     0.0159     2.8814     2.5704  1.9520913  1.0433931   48.34918  -46.57604    34.6253    34.6414     3.2145     3.2137    27.5661    27.5790    6.38381    6.50001         45 0.0000e+00
      71525   2980.168    255.000     3.2304   3.167303     3.2302   3.168654      74.72     0.0145     2.8819     2.5708  1.9530547  1.0399199   48.34918  -46.57604    34.6249    34.6416     3.2141     3.2138    27.5658    27.5792    6.38809    6.49705         35 0.0000e+00
      71552   2981.286    254.000     3.2265   3.166830     3.2230   3.167840      48.37     0.0113     2.8829     2.5708  1.9502932  1.0365859   48.34918  -46.57602    34.6239    34.6399     3.2103     3.2068    27.5654    27.5785    6.38926    6.49631         22 0.0000e+00
      71572   2982.143    253.000     3.2185   3.165882     3.2143   3.166820      96.13     0.0108     2.8831     2.5706  1.9506526  1.0366300   48.34916  -46.57602    34.6216    34.6374     3.2023     3.1981    27.5643    27.5773    6.38822    6.49597         19 0.0000e+00
      71591   2982.924    252.000     3.2115   3.165071     3.2085   3.166152      95.96     0.0111     2.8836     2.5706  1.9514236  1.0381210   48.34916  -46.57602    34.6197    34.6361     3.1954     3.1924    27.5635    27.5768    6.38995    6.49946         19 0.0000e+00
      71611   2983.735    251.000     3.2070   3.164546     3.2049   3.165715      95.93     0.0117     2.8838     2.5708  1.9515642  1.0384268   48.34916  -46.57602    34.6188    34.6351     3.1909     3.1889    27.5631    27.5763    6.39139    6.50183         21 0.0000e+00
      71633   2984.654    250.000     3.2031   3.164106     3.2027   3.165425      78.61     0.0153     2.8844     2.5712  1.9528924  1.0381733   48.34916  -46.57602    34.6181    34.6346     3.1872     3.1867    27.5629    27.5761    6.39744    6.50818         23 0.0000e+00
      71657   2985.652    249.000     3.2002   3.163740     3.1997   3.165070      91.80     0.0155     2.8853     2.5722  1.9546821  1.0378489   48.34916  -46.57602    34.6174    34.6339     3.1843     3.1838    27.5626    27.5758    6.40016    6.51252         24 0.0000e+00
      71680   2986.604    248.000     3.1982   3.163455     3.1967   3.164668      90.44     0.0132     2.8860     2.5728  1.9532690  1.0369077   48.34916  -46.57602    34.6166    34.6329     3.1824     3.1809    27.5622    27.5753    6.39348    6.50630         22 0.0000e+00
      71701   2987.503    247.000     3.1949   3.163019     3.1917   3.164093      41.21     0.0124     2.8857     2.5724  1.9513863  1.0352875   48.34916  -46.57602    34.6154    34.6318     3.1792     3.1760    27.5615    27.5749    6.38602    6.49884         21 0.0000e+00
      71722   2988.387    246.000     3.1865   3.162043     3.1819   3.162954      83.62     0.0141     2.8851     2.5726  1.9514514  1.0349982   48.34916  -46.57602    34.6131    34.6291     3.1708     3.1662    27.5604    27.5736    6.37443    6.49800         21 0.0000e+00
