data/CTD/2013/CNV/U021A039.CNV
* Sea-Bird SBE 9 Data File:
* FileName = C:\CTD_ACQUISITION\2013021HUD\ctddata\021A039.hdr
* Software Version Seasave V 7.22.2
* Temperature SN = 5081
* Conductivity SN = 3561
* Number of Bytes Per Scan = 37
* Number of Voltage Words = 4
* Number of Scans Averaged by the Deck Unit = 1
* NMEA Latitude = 48 26.55 N
* NMEA Longitude = 046 40.64 W
* NMEA UTC (Time) = Jul 03 2013 21:39:13
* NMEA baud rate = 9600
** Ship: Hudson
** Cruise: HUD2013021
** Chief_Scientist: Greenan
** Organization: BIO
** Area_of_Operation: Sackville Spur
** Station: 39
** Sounding:  2179
** Event_Comments: SS08  393178
# nquan = 25
# nvalues = 2160                        
# units = specified
# name 0 = scan: Scan Count
# name 1 = timeS: Time, Elapsed [seconds]
# name 2 = prDM: Pressure, Digiquartz [db]
# name 3 = t068C: Temperature [ITS-68, deg C]
# name 4 = c0S/m: Conductivity [S/m]
# name 5 = t168C: Temperature, 2 [ITS-68, deg C]
# name 6 = c1S/m: Conductivity, 2 [S/m]
# name 7 = altM: Altimeter [m]
# name 8 = flCUVA: Fluorescence, Chelsea UV Aquatracka [ug/l]
# name 9 = sbeox0V: Oxygen raw, SBE 43 [V]
# name 10 = sbeox1V: Oxygen raw, SBE 43, 2 [V]
# name 11 = upoly0: Upoly 0, Optode 4330F - O2 D-Phase
# name 12 = upoly1: Upoly 1, Optode 4330F - O2 Temp
# name 13 = latitude: Latitude [deg]
# name 14 = longitude: Longitude [deg]
# name 15 = sal00: Salinity, Practical [PSU]
# name 16 = sal11: Salinity, Practical, 2 [PSU]
# name 17 = potemp068C: Potential Temperature [ITS-68, deg C]
# name 18 = potemp168C: Potential Temperature, 2 [ITS-68, deg C]
# name 19 = sigma-é00: Density [sigma-theta, Kg/m^3]
# name 20 = sigma-é11: Density, 2 [sigma-theta, Kg/m^3]
# name 21 = sbeox0ML/L: Oxygen, SBE 43 [ml/l], WS = 2
# name 22 = sbeox1ML/L: Oxygen, SBE 43, 2 [ml/l], WS = 2
# name 23 = nbin: number of scans per bin
# name 24 = flag: flag
# span 0 =      63452,     111684       
# span 1 =   2643.781,   4653.444       
# span 2 =      1.000,   2160.000       
# span 3 =     0.7429,     6.4949       
# span 4 =   2.868962,   3.286653       
# span 5 =     0.7449,     6.5063       
# span 6 =   2.871006,   3.288978       
# span 7 =       4.30,     117.23       
# span 8 =     0.0056,     0.4607       
# span 9 =     2.2529,     3.5386       
# span 10 =     2.0260,     3.1741      
# span 11 =  1.7151934,  2.0967325      
# span 12 =  0.7438815,  1.4399806      
# span 13 =   48.44166,   48.44472      
# span 14 =  -46.66744,  -46.65931      
# span 15 =    32.8281,    34.9220      
# span 16 =    32.8428,    34.9388      
# span 17 =     0.7418,     6.4947      
# span 18 =     0.7437,     6.5061      
# span 19 =    25.7747,    27.8490      
# span 20 =    25.7849,    27.8627      
# span 21 =    5.87491,    9.24275      
# span 22 =    6.03636,    9.39502      
# span 23 =          9,        366      
# span 24 = 0.0000e+00, 0.0000e+00      
# interval = decibars: 1                
# start_time = Jul 03 2013 21:39:13 [NMEA time, header]
# bad_flag = -9.990e-29
*END*
[from data line 2087]
     108820   4534.144     73.000     1.8904   3.006303     1.9104   3.009701      57.90     0.0217     2.9211     2.6020  1.9719169  0.8913309   48.44280  -46.65990    34.1805    34.2016     1.8867     1.9067    27.3239    27.3392    6.56725    6.68731         16 0.0000e+00
     108835   4534.768     72.000     1.8777   3.004785     1.8908   3.007608      95.49     0.0238     2.9191     2.6018  1.9735667  0.8883787   48.44280  -46.65990    34.1757    34.1970     1.8741     1.8872    27.3209    27.3371    6.56988    6.69561         14 0.0000e+00
     108850   4535.363     71.000     1.8664   3.003442     1.8717   3.005418      94.88     0.0229     2.9183     2.6021  1.9751672  0.8849139   48.44280  -46.65990    34.1716    34.1907     1.8628     1.8681    27.3186    27.3335    6.58917    6.70829         14 0.0000e+00
     108865   4535.990     70.000     1.8566   3.002179     1.8580   3.003772      95.57     0.0222     2.9185     2.6028  1.9753548  0.8851529   48.44280  -46.65990    34.1669    34.1854     1.8531     1.8545    27.3155    27.3303    6.61526    6.72276         16 0.0000e+00
     108882   4536.722     69.000     1.8497   3.001240     1.8501   3.002369      55.27     0.0208     2.9205     2.6041  1.9761821  0.8819007   48.44281  -46.65990    34.1631    34.1769     1.8462     1.8466    27.3130    27.3240    6.64179    6.73426         20 0.0000e+00
     108904   4537.645     68.000     1.8511   3.001348     1.8399   3.000354      89.16     0.0204     2.9240     2.6061  1.9764051  0.8775625   48.44282  -46.65990    34.1635    34.1631     1.8477     1.8365    27.3132    27.3137    6.65414    6.74159         25 0.0000e+00
     108933   4538.844     67.000     1.8577   3.001925     1.8310   2.999331      95.23     0.0252     2.9270     2.6076  1.9755871  0.8751347   48.44282  -46.65989    34.1642    34.1609     1.8544     1.8276    27.3133    27.3127    6.63556    6.73030         32 0.0000e+00
     108965   4540.170     66.000     1.8237   2.997664     1.7864   2.994554      45.21     0.0273     2.9278     2.6088  1.9755009  0.8730494   48.44282  -46.65988    34.1480    34.1492     1.8203     1.7831    27.3028    27.3066    6.63416    6.74711         31 0.0000e+00
     108993   4541.315     65.000     1.7241   2.986356     1.7615   2.991651      95.62     0.0254     2.9283     2.6098  1.9793757  0.8692752   48.44282  -46.65988    34.1137    34.1400     1.7209     1.7583    27.2828    27.3011    6.65208    6.75440         23 0.0000e+00
     109014   4542.214     64.000     1.6891   2.982147     1.7157   2.986516      91.98     0.0226     2.9287     2.6108  1.9793671  0.8693529   48.44282  -46.65988    34.0990    34.1254     1.6859     1.7125    27.2736    27.2928    6.65215    6.76720         20 0.0000e+00
     109033   4542.990     63.000     1.6791   2.980762     1.6965   2.984215      42.91     0.0178     2.9279     2.6117  1.9808221  0.8628234   48.44284  -46.65988    34.0929    34.1177     1.6760     1.6934    27.2694    27.2880    6.63801    6.76356         18 0.0000e+00
     109050   4543.728     62.000     1.6701   2.979654     1.6783   2.981989      96.28     0.0201     2.9265     2.6115  1.9814138  0.8606747   48.44284  -46.65988    34.0892    34.1098     1.6671     1.6753    27.2671    27.2830    6.62376    6.75018         17 0.0000e+00
     109068   4544.440     61.000     1.6637   2.978818     1.6652   2.980422      94.78     0.0219     2.9250     2.6108  1.9813457  0.8606020   48.44284  -46.65988    34.0861    34.1048     1.6608     1.6622    27.2651    27.2800    6.61095    6.73982         18 0.0000e+00
     109086   4545.191     60.000     1.6445   2.976662     1.6500   2.978690      92.33     0.0229     2.9223     2.6092  1.9792908  0.8545215   48.44284  -46.65988    34.0802    34.0999     1.6416     1.6471    27.2617    27.2772    6.62958    6.74266         19 0.0000e+00
     109107   4546.098     59.000     1.6246   2.974529     1.6143   2.974838      58.82     0.0211     2.9238     2.6095  1.9792429  0.8545018   48.44284  -46.65988    34.0754    34.0904     1.6217     1.6115    27.2593    27.2721    6.69051    6.78232         25 0.0000e+00
     109143   4547.564     58.000     1.6409   2.976286     1.5970   2.972976      95.04     0.0247     2.9306     2.6140  1.9809932  0.8490893   48.44284  -46.65987    34.0806    34.0862     1.6380     1.5942    27.2623    27.2700    6.72457    6.83851         44 0.0000e+00
     109180   4549.108     57.000     1.6151   2.973506     1.5979   2.972893      54.94     0.0256     2.9371     2.6215  1.9814277  0.8440378   48.44284  -46.65986    34.0738    34.0847     1.6124     1.5952    27.2587    27.2687    6.73897    6.86476         26 0.0000e+00
     109200   4549.951     56.000     1.5322   2.964444     1.5701   2.969867      97.14     0.0264     2.9401     2.6246  1.9816958  0.8424203   48.44284  -46.65986    34.0493    34.0770     1.5296     1.5675    27.2451    27.2646    6.75421    6.87072         17 0.0000e+00
     109216   4550.613     55.000     1.4771   2.958504     1.5152   2.963756      46.76     0.0247     2.9424     2.6273  1.9816849  0.8419498   48.44284  -46.65986    34.0342    34.0596     1.4746     1.5126    27.2368    27.2545    6.77941    6.89233         16 0.0000e+00
     109231   4551.249     54.000     1.4198   2.952116     1.4337   2.954716      66.97     0.0244     2.9449     2.6296  1.9829030  0.8400535   48.44286  -46.65986    34.0157    34.0370     1.4173     1.4314    27.2260    27.2423    6.81446    6.92534         15 0.0000e+00
     109248   4551.946     53.000     1.3747   2.947115     1.3869   2.949934      95.17     0.0244     2.9491     2.6335  1.9829060  0.8400488   48.44286  -46.65986    34.0015    34.0244     1.3723     1.3844    27.2177    27.2352    6.84459    6.95254         19 0.0000e+00
     109270   4552.855     52.000     1.3732   2.946836     1.3393   2.944559      95.73     0.0275     2.9545     2.6379  1.9839840  0.8338502   48.44286  -46.65986    34.0002    34.0080     1.3708     1.3369    27.2168    27.2254    6.87406    6.97035         26 0.0000e+00
     109299   4554.084     51.000     1.3878   2.948401     1.3322   2.943736      64.75     0.0239     2.9632     2.6434  1.9846132  0.8291346   48.44283  -46.65986    34.0049    34.0058     1.3854     1.3299    27.2195    27.2241    6.87906    6.98648         32 0.0000e+00
     109330   4555.393     50.000     1.3577   2.944893     1.3429   2.944792      95.09     0.0243     2.9691     2.6492  1.9833156  0.8159398   48.44286  -46.65984    33.9932    34.0082     1.3554     1.3406    27.2122    27.2253    6.88690    6.99381         30 0.0000e+00
     109359   4556.585     49.000     1.3406   2.942894     1.3238   2.942363      62.86     0.0280     2.9741     2.6532  1.9832677  0.8152661   48.44286  -46.65984    33.9871    33.9986     1.3384     1.3216    27.2085    27.2188    6.90749    6.99835         27 0.0000e+00
     109385   4557.674     48.000     1.3291   2.941191     1.3255   2.942231      88.40     0.0305     2.9793     2.6564  1.9828054  0.8144023   48.44286  -46.65984    33.9784    33.9957     1.3269     1.3233    27.2023    27.2164    6.90469    6.98928         25 0.0000e+00
     109409   4558.648     47.000     1.3337   2.941482     1.3309   2.942569      94.57     0.0316     2.9805     2.6568  1.9815987  0.8129196   48.44287  -46.65984    33.9777    33.9947     1.3316     1.3287    27.2014    27.2153    6.84868    6.95108         21 0.0000e+00
     109429   4559.481     46.000     1.3376   2.941724     1.3351   2.942867      71.44     0.0283     2.9777     2.6550  1.9791770  0.8094290   48.44288  -46.65984    33.9772    33.9945     1.3355     1.3330    27.2007    27.2148    6.81499    6.91920         19 0.0000e+00
     109447   4560.237     45.000     1.3412   2.941809     1.3395   2.943009      61.79     0.0296     2.9755     2.6528  1.9792429  0.8095238   48.44288  -46.65984    33.9749    33.9921     1.3392     1.3375    27.1986    27.2125    6.81786    6.91869         18 0.0000e+00
     109465   4560.989     44.000     1.3391   2.941197     1.3377   2.942446      94.07     0.0332     2.9739     2.6517  1.9782298  0.8086373   48.44288  -46.65984    33.9700    33.9874     1.3371     1.3357    27.1948    27.2089    6.82059    6.91939         19 0.0000e+00
     109486   4561.866     43.000     1.3326   2.940342     1.3346   2.941833      94.69     0.0374     2.9730     2.6499  1.9780284  0.8083136   48.44286  -46.65984    33.9667    33.9836     1.3306     1.3326    27.1926    27.2061    6.82825    6.90464         24 0.0000e+00
     109516   4563.117     42.000     1.3295   2.939857     1.3264   2.940698      59.18     0.0341     2.9717     2.6466  1.9744434  0.8065467   48.44287  -46.65982    33.9645    33.9786     1.3275     1.3245    27.1911    27.2026    6.82536    6.89806         36 0.0000e+00
     109551   4564.572     41.000     1.3224   2.939380     1.3019   2.938085      96.06     0.0377     2.9706     2.6450  1.9726701  0.8056678   48.44288  -46.65982    33.9667    33.9724     1.3205     1.3001    27.1933    27.1993    6.83678    6.93336         30 0.0000e+00
     109575   4565.594     40.000     1.1440   2.919643     1.1791   2.925192      94.73     0.0430     2.9715     2.6463  1.9717323  0.8048050   48.44288  -46.65982    33.9084    33.9414     1.1423     1.1774    27.1585    27.1827    6.88802    6.98228         21 0.0000e+00
     109594   4566.394     39.000     1.0150   2.904421     1.0797   2.913392      77.38     0.0449     2.9724     2.6483  1.9719166  0.8049787   48.44288  -46.65982    33.8538    33.8988     1.0134     1.0780    27.1229    27.1549    6.90784    7.00854         18 0.0000e+00
     109612   4567.135     38.000     0.9882   2.901160     1.0143   2.905772      51.54     0.0375     2.9723     2.6491  1.9731550  0.7952405   48.44284  -46.65982    33.8415    33.8726     0.9866     1.0126    27.1148    27.1381    6.89103    7.00685         17 0.0000e+00
     109630   4567.855     37.000     0.9580   2.897568     0.9653   2.899986      94.72     0.0390     2.9700     2.6492  1.9731380  0.7950749   48.44284  -46.65982    33.8287    33.8520     0.9565     0.9637    27.1064    27.1246    6.88085    7.00123         18 0.0000e+00
     109648   4568.604     36.000     0.9034   2.891847     0.9082   2.893609      93.72     0.0442     2.9692     2.6485  1.9736130  0.7915466   48.44284  -46.65982    33.8149    33.8325     0.9019     0.9067    27.0987    27.1125    6.90628    7.02421         18 0.0000e+00
     109667   4569.426     35.000     0.8795   2.889122     0.8478   2.886726      36.29     0.0447     2.9695     2.6500  1.9754425  0.7803811   48.44286  -46.65982    33.8065    33.8100     0.8780     0.8464    27.0934    27.0981    6.95242    7.07893         22 0.0000e+00
     109692   4570.471     34.000     0.8771   2.888567     0.8160   2.882861      75.67     0.0517     2.9741     2.6549  1.9763957  0.7766169   48.44284  -46.65982    33.8024    33.7955     0.8757     0.8147    27.0903    27.0885    7.01739    7.15002         29 0.0000e+00
     109727   4571.917     33.000     0.8971   2.891025     0.8405   2.885737      67.61     0.0528     2.9853     2.6668  1.9793075  0.7658110   48.44284  -46.65980    33.8127    33.8063     0.8960     0.8391    27.0973    27.0957    7.07509    7.20856         39 0.0000e+00
     109761   4573.336     32.000     0.8860   2.889521     0.8544   2.887177      95.66     0.0581     2.9978     2.6777  1.9791942  0.7596294   48.44284  -46.65980    33.8062    33.8104     0.8847     0.8530    27.0928    27.0981    7.11872    7.22593         27 0.0000e+00
     109784   4574.281     31.000     0.7914   2.877865     0.8075   2.881083      88.06     0.0730     3.0057     2.6846  1.9792444  0.7594510   48.44290  -46.65978    33.7591    33.7833     0.7902     0.8062    27.0606    27.0791    7.17603    7.27640         19 0.0000e+00
     109801   4575.009     30.000     0.7481   2.871356     0.7563   2.874142      26.05     0.0922     3.0137     2.6913  1.9792429  0.7568424   48.44290  -46.65978    33.7225    33.7497     0.7469     0.7551    27.0339    27.0553    7.27264    7.38777         16 0.0000e+00
     109817   4575.650     29.000     0.7429   2.868962     0.7449   2.871006      35.68     0.1215     3.0249     2.7027  1.9792429  0.7562536   48.44289  -46.65978    33.6982    33.7221     0.7418     0.7437    27.0142    27.0337    7.39067    7.57826         16 0.0000e+00
     109832   4576.282     28.000     0.7734   2.869975     0.7742   2.871818      93.88     0.1465     3.0394     2.7219  1.9792429  0.7565281   48.44288  -46.65978    33.6783    33.7010     0.7723     0.7731    26.9967    27.0149    7.54780    7.82478         15 0.0000e+00
     109848   4576.966     27.000     0.7938   2.871486     0.8170   2.874392      94.78     0.1716     3.0643     2.7526  1.9792429  0.7488252   48.44288  -46.65978    33.6762    33.6887     0.7927     0.8159    26.9938    27.0025    7.80660    8.11725         18 0.0000e+00
     109871   4577.904     26.000     0.8337   2.874228     0.8495   2.876762      94.79     0.2533     3.1163     2.8096  1.9792429  0.7463782   48.44288  -46.65978    33.6690    33.6845     0.8326     0.8485    26.9856    26.9971    8.18258    8.44449         29 0.0000e+00
     109909   4579.494     25.000     0.7999   2.872246     0.7992   2.873566      68.06     0.3325     3.2210     2.9030  1.9727858  0.7438815   48.44288  -46.65976    33.6807    33.6985     0.7989     0.7982    26.9970    27.0114    8.52171    8.59646         42 0.0000e+00
     109941   4580.841     24.000     0.8131   2.873016     0.8482   2.876569      45.12     0.4502     3.2979     2.9617  1.9699883  0.7459658   48.44288  -46.65976    33.6768    33.6846     0.8121     0.8473    26.9931    26.9972    8.67933    8.67021         22 0.0000e+00
     109960   4581.607     23.000     0.9850   2.882020     0.9859   2.883605      25.63     0.4607     3.3459     2.9977  1.9681975  0.7485518   48.44288  -46.65976    33.6074    33.6268     0.9841     0.9850    26.9266    26.9422    8.96049    8.95458         17 0.0000e+00
     109975   4582.266     22.000     1.2452   2.897632     1.2673   2.900506      63.03     0.4185     3.3984     3.0405  1.9682540  0.7484738   48.44288  -46.65976    33.5279    33.5408     1.2442     1.2663    26.8460    26.8549    9.18319    9.23798         15 0.0000e+00
     109991   4582.908     21.000     1.4964   2.914258     1.5278   2.918106      95.02     0.3773     3.4550     3.0932  1.9591628  0.7492508   48.44288  -46.65976    33.4712    33.4865     1.4954     1.5268    26.7835    26.7936    9.24275    9.39501         16 0.0000e+00
     110007   4583.603     20.000     1.5950   2.921243     1.7059   2.929637      58.51     0.3211     3.5066     3.1464  1.9549681  0.7496938   48.44287  -46.65976    33.4551    33.4433     1.5941     1.7049    26.7637    26.7463    9.08905    9.22628         18 0.0000e+00
     110028   4584.470     19.000     1.6710   2.926510     1.7897   2.935104      76.63     0.2763     3.5386     3.1741  1.9472767  0.7571983   48.44286  -46.65976    33.4415    33.4237     1.6701     1.7888    26.7473    26.7245    8.58873    8.69218         25 0.0000e+00
     110063   4585.937     18.000     1.6168   2.922971     1.6915   2.929137      75.63     0.2488     3.5094     3.1452  1.9191819  0.7862706   48.44286  -46.65974    33.4549    33.4534     1.6160     1.6906    26.7620    26.7554    8.03759    8.06933         45 0.0000e+00
     110103   4587.569     17.000     1.6584   2.925081     1.7292   2.931401      73.48     0.2159     3.4806     3.0999  1.8888202  0.8125196   48.44286  -46.65974    33.4379    33.4424     1.6576     1.7284    26.7453    26.7439    8.19765    8.04156         27 0.0000e+00
