data/CTD/2013/CNV/U021A004.CNV
* Sea-Bird SBE 9 Data File:
* FileName = C:\CTD_ACQUISITION\2013021HUD\ctddata\021A004.hdr
* Software Version Seasave V 7.22.2
* Temperature SN = 5081
* Conductivity SN = 3561
* Number of Bytes Per Scan = 37
* Number of Voltage Words = 4
* Number of Scans Averaged by the Deck Unit = 1
* NMEA Latitude = 47 06.01 N
* NMEA Longitude = 047 16.83 W
* NMEA UTC (Time) = Jul 01 2013 09:01:01
* NMEA baud rate = 9600
** Ship: Hudson
** Cruise: HUD2013021
** Chief_Scientist: Greenan
** Organization: BIO
** Area_of_Operation: Sackville Spur
** Station: 4
** Sounding:  410
** Event_Comments: M1842    393105
# nquan = 25
# nvalues = 411                         
# units = specified
# name 0 = scan: Scan Count
# name 1 = timeS: Time, Elapsed [seconds]
# name 2 = prDM: Pressure, Digiquartz [db]
# name 3 = t068C: Temperature [ITS-68, deg C]
# name 4 = c0S/m: Conductivity [S/m]
# name 5 = t168C: Temperature, 2 [ITS-68, deg C]
# name 6 = c1S/m: Conductivity, 2 [S/m]
# name 7 = altM: Altimeter [m]
# name 8 = flCUVA: Fluorescence, Chelsea UV Aquatracka [ug/l]
# name 9 = sbeox0V: Oxygen raw, SBE 43 [V]
# name 10 = sbeox1V: Oxygen raw, SBE 43, 2 [V]
# name 11 = upoly0: Upoly 0, Optode 4330F - O2 D-Phase
# name 12 = upoly1: Upoly 1, Optode 4330F - O2 Temp
# name 13 = latitude: Latitude [deg]
# name 14 = longitude: Longitude [deg]
# name 15 = sal00: Salinity, Practical [PSU]
# name 16 = sal11: Salinity, Practical, 2 [PSU]
# name 17 = potemp068C: Potential Temperature [ITS-68, deg C]
# name 18 = potemp168C: Potential Temperature, 2 [ITS-68, deg C]
# name 19 = sigma-é00: Density [sigma-theta, Kg/m^3]
# name 20 = sigma-é11: Density, 2 [sigma-theta, Kg/m^3]
# name 21 = sbeox0ML/L: Oxygen, SBE 43 [ml/l], WS = 2
# name 22 = sbeox1ML/L: Oxygen, SBE 43, 2 [ml/l], WS = 2
# name 23 = nbin: number of scans per bin
# name 24 = flag: flag
# span 0 =      22754,      34047       
# span 1 =    948.041,   1418.583       
# span 2 =      1.000,    411.000       
# span 3 =    -0.6711,     6.1887       
# span 4 =   2.699978,   3.228236       
# span 5 =    -0.6798,     6.1884       
# span 6 =   2.699827,   3.229496       
# span 7 =       5.54,      98.47       
# span 8 =     0.0095,     0.1094       
# span 9 =     2.7015,     3.3818       
# span 10 =     2.4175,     3.0508      
# span 11 =  1.7235182,  2.1515778      
# span 12 =  0.5561114,  1.4099538      
# span 13 =   47.09941,   47.09966      
# span 14 =  -47.27888,  -47.27830      
# span 15 =    32.4700,    34.7306      
# span 16 =    32.4834,    34.7458      
# span 17 =    -0.6723,     6.1886      
# span 18 =    -0.6810,     6.1883      
# span 19 =    25.5327,    27.6133      
# span 20 =    25.5438,    27.6254      
# span 21 =    5.96064,    8.29681      
# span 22 =    6.11627,    8.49453      
# span 23 =         15,        818      
# span 24 = 0.0000e+00, 0.0000e+00      
# interval = decibars: 1                
# start_time = Jul 01 2013 09:01:01 [NMEA time, header]
# bad_flag = -9.990e-29
*END*
[from data line 232]
      28594   1191.369    179.000     2.1141   3.029840     2.1088   3.030450      89.67     0.0189     2.7693     2.4695  2.0378511  0.8992743   47.09962  -47.27836    34.1737    34.1870     2.1045     2.0993    27.3015    27.3126    6.17159    6.24822         32 0.0000e+00
      28622   1192.556    178.000     2.1119   3.029557     2.1022   3.029542      86.21     0.0201     2.7643     2.4626  2.0378511  0.8982704   47.09962  -47.27835    34.1731    34.1834     2.1024     2.0927    27.3012    27.3102    6.12700    6.22350         24 0.0000e+00
      28643   1193.403    177.000     2.1041   3.028450     2.0895   3.027922      30.84     0.0201     2.7596     2.4578  2.0378511  0.8974292   47.09962  -47.27834    34.1683    34.1774     2.0946     2.0801    27.2979    27.3064    6.09449    6.19903         18 0.0000e+00
      28660   1194.137    176.000     2.0847   3.026007     2.0779   3.026341      89.48     0.0194     2.7540     2.4526  2.0377841  0.8974359   47.09962  -47.27834    34.1592    34.1708     2.0754     2.0685    27.2921    27.3020    6.05449    6.18274         18 0.0000e+00
      28679   1194.907    175.000     2.0684   3.023815     2.0604   3.023945      96.86     0.0268     2.7464     2.4479  2.0349119  0.8951454   47.09962  -47.27834    34.1500    34.1602     2.0591     2.0511    27.2860    27.2948    6.03317    6.17684         20 0.0000e+00
      28701   1195.849    174.000     2.0548   3.021903     2.0377   3.020919      97.11     0.0308     2.7386     2.4424  2.0350122  0.8951381   47.09962  -47.27834    34.1412    34.1473     2.0456     2.0285    27.2801    27.2863    6.02884    6.17602         25 0.0000e+00
      28729   1197.012    173.000     2.0540   3.021734     2.0280   3.019578      96.82     0.0261     2.7314     2.4372  2.0342646  0.8928655   47.09962  -47.27834    34.1405    34.1416     2.0449     2.0189    27.2796    27.2825    6.03736    6.17392         29 0.0000e+00
      28755   1198.066    172.000     2.0361   3.019391     2.0255   3.019277      66.06     0.0267     2.7261     2.4334  2.0337422  0.8925507   47.09961  -47.27834    34.1311    34.1410     2.0270     2.0165    27.2734    27.2822    6.02805    6.17212         22 0.0000e+00
      28774   1198.885    171.000     1.9971   3.014504     1.9706   3.012492      50.74     0.0275     2.7223     2.4308  2.0367382  0.8892803   47.09960  -47.27833    34.1124    34.1158     1.9882     1.9617    27.2615    27.2662    6.02851    6.18112         17 0.0000e+00
      28791   1199.601    170.000     1.9661   3.010625     1.9469   3.009382      89.43     0.0276     2.7188     2.4291  2.0366282  0.8897618   47.09960  -47.27832    34.0978    34.1029     1.9573     1.9381    27.2521    27.2577    6.03120    6.18912         17 0.0000e+00
      28809   1200.317    169.000     1.9472   3.008080     1.9348   3.007822      97.02     0.0223     2.7166     2.4279  2.0377221  0.8884059   47.09960  -47.27832    34.0868    34.0970     1.9384     1.9260    27.2448    27.2539    6.03379    6.19503         18 0.0000e+00
      28829   1201.158    168.000     1.9323   3.006265     1.9255   3.006651      57.53     0.0222     2.7141     2.4271  2.0411892  0.8852845   47.09960  -47.27832    34.0807    34.0928     1.9236     1.9168    27.2410    27.2513    6.04836    6.19935         24 0.0000e+00
      28863   1202.571    167.000     1.9259   3.005413     1.9303   3.007150      76.20     0.0245     2.7126     2.4262  2.0433977  0.8821301   47.09960  -47.27832    34.0775    34.0945     1.9172     1.9216    27.2390    27.2523    6.05800    6.20264         43 0.0000e+00
      28900   1204.130    166.000     1.9359   3.006631     1.9330   3.007499      73.83     0.0235     2.7114     2.4253  2.0458052  0.8790751   47.09960  -47.27832    34.0826    34.0965     1.9273     1.9244    27.2423    27.2537    6.04589    6.19037         28 0.0000e+00
      28922   1205.035    165.000     1.9225   3.004887     1.9012   3.003489      82.24     0.0254     2.7100     2.4242  2.0476067  0.8766952   47.09960  -47.27832    34.0750    34.0811     1.9140     1.8927    27.2377    27.2437    6.04804    6.18735         19 0.0000e+00
      28940   1205.807    164.000     1.8959   3.001595     1.8795   3.000805      85.16     0.0268     2.7095     2.4231  2.0476191  0.8766789   47.09960  -47.27832    34.0635    34.0712     1.8875     1.8711    27.2301    27.2375    6.04824    6.18125         18 0.0000e+00
      28959   1206.600    163.000     1.8724   2.998533     1.8620   2.998520      37.94     0.0276     2.7081     2.4216  2.0510819  0.8752816   47.09960  -47.27832    34.0509    34.0620     1.8641     1.8536    27.2217    27.2314    6.04277    6.17730         20 0.0000e+00
      28982   1207.527    162.000     1.8575   2.996732     1.8464   2.996510      95.99     0.0276     2.7067     2.4200  2.0531540  0.8742533   47.09960  -47.27832    34.0449    34.0541     1.8493     1.8381    27.2180    27.2262    6.04223    6.18289         25 0.0000e+00
      29008   1208.620    161.000     1.8510   2.995835     1.8361   2.995166      97.12     0.0282     2.7055     2.4190  2.0551143  0.8712819   47.09960  -47.27830    34.0413    34.0489     1.8428     1.8279    27.2156    27.2228    6.04795    6.18380         26 0.0000e+00
      29033   1209.655    160.000     1.8376   2.994286     1.8191   2.992990      97.13     0.0275     2.7050     2.4178  2.0561755  0.8690795   47.09960  -47.27830    34.0367    34.0405     1.8295     1.8109    27.2130    27.2173    6.04187    6.18563         24 0.0000e+00
      29055   1210.570    159.000     1.8262   2.992707     1.8078   2.991555      97.13     0.0267     2.7031     2.4175  2.0567970  0.8678584   47.09960  -47.27830    34.0297    34.0350     1.8182     1.7998    27.2082    27.2138    6.02890    6.19748         21 0.0000e+00
      29077   1211.505    158.000     1.8120   2.990816     1.7991   2.990386      44.38     0.0264     2.7015     2.4178  2.0573270  0.8670771   47.09960  -47.27830    34.0218    34.0303     1.8041     1.7912    27.2029    27.2106    6.04019    6.20897         24 0.0000e+00
      29103   1212.600    157.000     1.7985   2.989028     1.7913   2.989376      95.90     0.0265     2.7020     2.4192  2.0578384  0.8655976   47.09960  -47.27830    34.0145    34.0266     1.7906     1.7834    27.1980    27.2083    6.06981    6.23257         29 0.0000e+00
      29134   1213.878    156.000     1.7947   2.988519     1.7908   2.989226      74.28     0.0260     2.7050     2.4231  2.0582547  0.8644266   47.09960  -47.27830    34.0127    34.0258     1.7868     1.7829    27.1969    27.2077    6.10806    6.26301         31 0.0000e+00
      29164   1215.116    155.000     1.7939   2.988420     1.7917   2.989277      60.96     0.0331     2.7097     2.4270  2.0637274  0.8607074   47.09960  -47.27830    34.0129    34.0260     1.7861     1.7839    27.1971    27.2078    6.11928    6.25948         27 0.0000e+00
      29188   1216.116    154.000     1.7821   2.986892     1.7671   2.986223      61.11     0.0294     2.7125     2.4285  2.0630419  0.8605813   47.09960  -47.27830    34.0069    34.0146     1.7743     1.7594    27.1932    27.2005    6.11162    6.25385         22 0.0000e+00
      29208   1216.950    153.000     1.7656   2.984828     1.7537   2.984546      69.67     0.0314     2.7135     2.4294  2.0640604  0.8594672   47.09960  -47.27830    33.9993    34.0085     1.7579     1.7461    27.1883    27.1965    6.10556    6.26907         19 0.0000e+00
      29226   1217.724    152.000     1.7406   2.981848     1.7335   2.982077      73.02     0.0337     2.7143     2.4315  2.0637653  0.8595841   47.09960  -47.27830    33.9892    33.9997     1.7330     1.7260    27.1821    27.1910    6.12352    6.31043         18 0.0000e+00
      29246   1218.559    151.000     1.7261   2.980019     1.7159   2.979858      97.11     0.0291     2.7171     2.4364  2.0655384  0.8568763   47.09960  -47.27830    33.9823    33.9913     1.7186     1.7084    27.1776    27.1855    6.17152    6.36086         22 0.0000e+00
      29272   1219.644    150.000     1.7144   2.978385     1.7094   2.979030      55.61     0.0293     2.7239     2.4445  2.0671217  0.8547458   47.09960  -47.27830    33.9750    33.9884     1.7069     1.7019    27.1725    27.1837    6.22456    6.40422         31 0.0000e+00
      29307   1221.072    149.000     1.7160   2.978588     1.7165   2.979864      64.93     0.0319     2.7368     2.4553  2.0671551  0.8524644   47.09960  -47.27830    33.9763    33.9919     1.7086     1.7091    27.1735    27.1860    6.28432    6.42700         34 0.0000e+00
      29335   1222.255    148.000     1.7152   2.978476     1.6954   2.977404      88.67     0.0305     2.7462     2.4630  2.0669472  0.8516290   47.09960  -47.27830    33.9763    33.9841     1.7079     1.6881    27.1735    27.1813    6.28985    6.44929         24 0.0000e+00
      29356   1223.122    147.000     1.6786   2.974422     1.6419   2.971489      97.09     0.0244     2.7531     2.4692  2.0660655  0.8496304   47.09960  -47.27830    33.9652    33.9677     1.6714     1.6347    27.1673    27.1720    6.31690    6.50031         19 0.0000e+00
      29375   1223.935    146.000     1.6394   2.969900     1.6118   2.968034      57.81     0.0244     2.7587     2.4763  2.0661170  0.8495728   47.09960  -47.27830    33.9508    33.9570     1.6323     1.6047    27.1586    27.1656    6.34673    6.54488         20 0.0000e+00
      29397   1224.849    145.000     1.6128   2.966846     1.5912   2.965668      60.19     0.0231     2.7670     2.4852  2.0678380  0.8480536   47.09960  -47.27830    33.9415    33.9499     1.6058     1.5842    27.1531    27.1614    6.39546    6.58091         25 0.0000e+00
      29425   1226.018    144.000     1.5739   2.962753     1.5675   2.963213      96.38     0.0239     2.7786     2.4955  2.0675170  0.8465385   47.09960  -47.27830    33.9323    33.9450     1.5669     1.5605    27.1484    27.1591    6.44441    6.60075         31 0.0000e+00
      29455   1227.266    143.000     1.5702   2.962126     1.5454   2.960947      96.89     0.0241     2.7909     2.5056  2.0640805  0.8390015   47.09960  -47.27830    33.9289    33.9408     1.5633     1.5385    27.1460    27.1573    6.46144    6.62422         27 0.0000e+00
      29479   1228.268    142.000     1.5409   2.959395     1.5027   2.956081      97.13     0.0273     2.7985     2.5121  2.0633276  0.8382750   47.09960  -47.27830    33.9272    33.9256     1.5335     1.4960    27.1467    27.1482    6.46370    6.62782         22 0.0000e+00
      29501   1229.170    141.000     1.4965   2.954788     1.4456   2.949927      54.12     0.0236     2.8040     2.5164  2.0626175  0.8352228   47.09960  -47.27830    33.9165    33.9097     1.4898     1.4390    27.1413    27.1394    6.48994    6.64861         22 0.0000e+00
      29525   1230.149    140.000     1.4602   2.950334     1.4156   2.946607      65.99     0.0217     2.8111     2.5226  2.0624211  0.8343974   47.09960  -47.27830    33.8998    33.9006     1.4535     1.4090    27.1304    27.1342    6.52905    6.70689         25 0.0000e+00
      29552   1231.296    139.000     1.4329   2.947294     1.3983   2.944701      97.23     0.0227     2.8207     2.5325  2.0610449  0.8302653   47.09960  -47.27830    33.8912    33.8956     1.4264     1.3918    27.1254    27.1314    6.57634    6.75858         29 0.0000e+00
      29580   1232.455    138.000     1.4225   2.946116     1.3721   2.941895      40.81     0.0235     2.8313     2.5420  2.0579689  0.8270985   47.09960  -47.27830    33.8881    33.8888     1.4160     1.3657    27.1236    27.1277    6.61646    6.76657         25 0.0000e+00
      29603   1233.396    137.000     1.3912   2.942549     1.3373   2.937926      98.47     0.0213     2.8402     2.5476  2.0534482  0.8226811   47.09960  -47.27830    33.8770    33.8765     1.3848     1.3310    27.1169    27.1201    6.63079    6.77255         21 0.0000e+00
      29622   1234.197    136.000     1.3470   2.938094     1.3039   2.934206      50.65     0.0181     2.8455     2.5517  2.0533414  0.8223184   47.09960  -47.27830    33.8687    33.8658     1.3407     1.2976    27.1132    27.1138    6.64286    6.79322         19 0.0000e+00
      29641   1234.995    135.000     1.3147   2.934046     1.2579   2.929196      73.06     0.0179     2.8512     2.5565  2.0514076  0.8172622   47.09960  -47.27830    33.8526    33.8522     1.3085     1.2517    27.1025    27.1060    6.65746    6.81897         20 0.0000e+00
      29664   1235.939    134.000     1.2626   2.928288     1.2157   2.924361      81.30     0.0193     2.8567     2.5617  2.0511947  0.8172200   47.09960  -47.27830    33.8360    33.8364     1.2565     1.2097    27.0927    27.0963    6.67499    6.83563         26 0.0000e+00
      29694   1237.202    133.000     1.2266   2.924389     1.2066   2.923375      51.15     0.0187     2.8641     2.5676  2.0462253  0.8101273   47.09960  -47.27830    33.8258    33.8344     1.2206     1.2006    27.0869    27.0951    6.70211    6.84371         32 0.0000e+00
      29724   1238.449    132.000     1.2167   2.923183     1.2196   2.924785      97.91     0.0178     2.8704     2.5721  2.0438020  0.8081597   47.09960  -47.27830    33.8216    33.8389     1.2107     1.2137    27.0842    27.0979    6.70190    6.83671         27 0.0000e+00
      29747   1239.436    131.000     1.2167   2.923259     1.1807   2.920569      97.13     0.0210     2.8742     2.5747  2.0409076  0.8046446   47.09960  -47.27830    33.8232    33.8277     1.2108     1.1748    27.0854    27.0915    6.70390    6.84662         22 0.0000e+00
      29769   1240.328    130.000     1.1975   2.921191     1.1704   2.919336      97.04     0.0201     2.8768     2.5771  2.0397186  0.8029057   47.09960  -47.27830    33.8180    33.8237     1.1917     1.1646    27.0826    27.0889    6.69749    6.86122         21 0.0000e+00
      29791   1241.249    129.000     1.1789   2.919010     1.1649   2.918751      96.82     0.0186     2.8783     2.5802  2.0365813  0.7985407   47.09960  -47.27830    33.8107    33.8228     1.1731     1.1591    27.0779    27.0885    6.69257    6.88003         23 0.0000e+00
      29815   1242.238    128.000     1.1703   2.917955     1.1617   2.918348      48.61     0.0163     2.8796     2.5840  2.0350387  0.7978159   47.09960  -47.27830    33.8073    33.8216     1.1646     1.1560    27.0757    27.0878    6.71664    6.90205         24 0.0000e+00
      29840   1243.274    127.000     1.1645   2.917418     1.1494   2.916937      88.26     0.0194     2.8841     2.5888  2.0295711  0.7948639   47.09960  -47.27830    33.8073    33.8174     1.1588     1.1438    27.0761    27.0852    6.76601    6.94215         26 0.0000e+00
      29866   1244.371    126.000     1.1559   2.916590     1.1310   2.914752      97.09     0.0201     2.8912     2.5962  2.0273681  0.7926195   47.09960  -47.27830    33.8066    33.8100     1.1503     1.1254    27.0761    27.0805    6.80214    6.97698         27 0.0000e+00
      29892   1245.466    125.000     1.1318   2.913699     1.1011   2.911219      30.69     0.0186     2.8981     2.6022  2.0236130  0.7887896   47.09960  -47.27830    33.7961    33.7976     1.1263     1.0956    27.0693    27.0725    6.83066    6.97650         25 0.0000e+00
      29915   1246.416    124.000     1.1207   2.912204     1.0659   2.906909      90.48     0.0179     2.9047     2.6058  2.0223861  0.7879534   47.09960  -47.27830    33.7896    33.7810     1.1152     1.0605    27.0647    27.0614    6.85272    6.98134         21 0.0000e+00
      29935   1247.238    123.000     1.0774   2.907338     1.0301   2.902397      45.13     0.0172     2.9102     2.6087  2.0200202  0.7863481   47.09960  -47.27832    33.7746    33.7625     1.0721     1.0247    27.0555    27.0488    6.85784    6.99306         19 0.0000e+00
