data/CTD/2013/CNV/U021A016.CNV
* Sea-Bird SBE 9 Data File:
* FileName = C:\CTD_ACQUISITION\2013021HUD\ctddata\021A016.hdr
* Software Version Seasave V 7.22.2
* Temperature SN = 5081
* Conductivity SN = 3561
* Number of Bytes Per Scan = 37
* Number of Voltage Words = 4
* Number of Scans Averaged by the Deck Unit = 1
* NMEA Latitude = 46 59.94 N
* NMEA Longitude = 046 54.47 W
* NMEA UTC (Time) = Jul 02 2013 01:17:23
* NMEA baud rate = 9600
** Ship: Hudson
** Cruise: HUD2013021
** Chief_Scientist: Greenan
** Organization: BIO
** Area_of_Operation: Sackville Spur
** Station: 16
** Sounding:  1195
** Event_Comments: FC17.5  393119
# nquan = 25
# nvalues = 1182                        
# units = specified
# name 0 = scan: Scan Count
# name 1 = timeS: Time, Elapsed [seconds]
# name 2 = prDM: Pressure, Digiquartz [db]
# name 3 = t068C: Temperature [ITS-68, deg C]
# name 4 = c0S/m: Conductivity [S/m]
# name 5 = t168C: Temperature, 2 [ITS-68, deg C]
# name 6 = c1S/m: Conductivity, 2 [S/m]
# name 7 = altM: Altimeter [m]
# name 8 = flCUVA: Fluorescence, Chelsea UV Aquatracka [ug/l]
# name 9 = sbeox0V: Oxygen raw, SBE 43 [V]
# name 10 = sbeox1V: Oxygen raw, SBE 43, 2 [V]
# name 11 = upoly0: Upoly 0, Optode 4330F - O2 D-Phase
# name 12 = upoly1: Upoly 1, Optode 4330F - O2 Temp
# name 13 = latitude: Latitude [deg]
# name 14 = longitude: Longitude [deg]
# name 15 = sal00: Salinity, Practical [PSU]
# name 16 = sal11: Salinity, Practical, 2 [PSU]
# name 17 = potemp068C: Potential Temperature [ITS-68, deg C]
# name 18 = potemp168C: Potential Temperature, 2 [ITS-68, deg C]
# name 19 = sigma-é00: Density [sigma-theta, Kg/m^3]
# name 20 = sigma-é11: Density, 2 [sigma-theta, Kg/m^3]
# name 21 = sbeox0ML/L: Oxygen, SBE 43 [ml/l], WS = 2
# name 22 = sbeox1ML/L: Oxygen, SBE 43, 2 [ml/l], WS = 2
# name 23 = nbin: number of scans per bin
# name 24 = flag: flag
# span 0 =      38252,      64793       
# span 1 =   1593.787,   2699.665       
# span 2 =      1.000,   1182.000       
# span 3 =     0.1774,     6.3040       
# span 4 =   2.793280,   3.293284       
# span 5 =     0.1601,     6.3012       
# span 6 =   2.793428,   3.294596       
# span 7 =       3.36,     120.18       
# span 8 =     0.0053,     0.1322       
# span 9 =     2.5112,     3.3877       
# span 10 =     2.2608,     3.0294      
# span 11 =  1.7251661,  2.0296264      
# span 12 =  0.6701570,  1.4064255      
# span 13 =   46.99602,   46.99680      
# span 14 =  -46.90906,  -46.90820      
# span 15 =    32.8062,    34.9118      
# span 16 =    32.8244,    34.9277      
# span 17 =     0.1756,     6.3039      
# span 18 =     0.1584,     6.3011      
# span 19 =    25.7855,    27.7509      
# span 20 =    25.7978,    27.7636      
# span 21 =    5.90519,    8.37035      
# span 22 =    6.10256,    8.45500      
# span 23 =         10,        481      
# span 24 = 0.0000e+00, 0.0000e+00      
# interval = decibars: 1                
# start_time = Jul 02 2013 01:17:23 [NMEA time, header]
# bad_flag = -9.990e-29
*END*
[from data line 812]
      56148   2339.455    370.000     4.1423   3.272567     4.1418   3.273841      73.72     0.0218     2.8109     2.5048  1.9552796  1.1480329   46.99634  -46.90874    34.8533    34.8688     4.1154     4.1150    27.6575    27.6699    6.09595    6.20719         23 0.0000e+00
      56167   2340.241    369.000     4.1403   3.272294     4.1385   3.273431      85.79     0.0166     2.8094     2.5041  1.9553579  1.1476591   46.99634  -46.90874    34.8527    34.8681     4.1135     4.1117    27.6572    27.6696    6.09484    6.22097         16 0.0000e+00
      56182   2340.873    368.000     4.1405   3.272246     4.1401   3.273507      96.07     0.0156     2.8099     2.5045  1.9552304  1.1477410   46.99634  -46.90875    34.8524    34.8678     4.1138     4.1134    27.6570    27.6692    6.10828    6.23796         15 0.0000e+00
      56196   2341.470    367.000     4.1433   3.272414     4.1443   3.273836      96.45     0.0141     2.8097     2.5054  1.9549149  1.1467102   46.99634  -46.90876    34.8520    34.8677     4.1167     4.1177    27.6563    27.6687    6.10884    6.25307         14 0.0000e+00
      56212   2342.106    366.000     4.1494   3.272947     4.1502   3.274353      92.16     0.0132     2.8101     2.5074  1.9548951  1.1465949   46.99634  -46.90876    34.8524    34.8682     4.1228     4.1236    27.6560    27.6684    6.11808    6.26270         17 0.0000e+00
      56232   2342.939    365.000     4.1560   3.273565     4.1585   3.275096      72.57     0.0155     2.8123     2.5096  1.9549233  1.1465235   46.99634  -46.90876    34.8532    34.8687     4.1295     4.1319    27.6559    27.6680    6.13373    6.26202         24 0.0000e+00
      56260   2344.131    364.000     4.1546   3.273381     4.1582   3.274990      96.83     0.0183     2.8148     2.5119  1.9548205  1.1465201   46.99634  -46.90876    34.8530    34.8683     4.1282     4.1317    27.6559    27.6677    6.13154    6.25658         30 0.0000e+00
      56287   2345.244    363.000     4.1425   3.272124     4.1383   3.272998      83.37     0.0159     2.8162     2.5127  1.9548229  1.1465201   46.99634  -46.90876    34.8516    34.8664     4.1162     4.1119    27.6560    27.6682    6.13201    6.25339         23 0.0000e+00
      56307   2346.095    362.000     4.1071   3.268425     4.0874   3.267753      76.02     0.0125     2.8173     2.5136  1.9548229  1.1465201   46.99634  -46.90874    34.8458    34.8587     4.0809     4.0613    27.6552    27.6675    6.13976    6.26662         19 0.0000e+00
      56327   2346.896    361.000     4.0683   3.264266     4.0604   3.264763      87.69     0.0162     2.8181     2.5142  1.9548229  1.1465201   46.99634  -46.90875    34.8381    34.8524     4.0423     4.0344    27.6531    27.6653    6.14052    6.27101         20 0.0000e+00
      56350   2347.865    360.000     4.0593   3.263221     4.0583   3.264426      67.23     0.0117     2.8184     2.5148  1.9548652  1.1465201   46.99634  -46.90876    34.8356    34.8511     4.0334     4.0325    27.6520    27.6645    6.14329    6.26604         28 0.0000e+00
      56381   2349.153    359.000     4.0579   3.263006     4.0578   3.264311      76.86     0.0111     2.8192     2.5148  1.9552248  1.1451101   46.99634  -46.90878    34.8353    34.8508     4.0321     4.0321    27.6519    27.6643    6.14015    6.25973         31 0.0000e+00
      56406   2350.198    358.000     4.0552   3.262675     4.0548   3.263958      96.34     0.0139     2.8191     2.5147  1.9555588  1.1428351   46.99632  -46.90878    34.8347    34.8504     4.0295     4.0291    27.6518    27.6642    6.14667    6.25840         20 0.0000e+00
      56423   2350.916    357.000     4.0495   3.262017     4.0474   3.263117      96.45     0.0149     2.8204     2.5146  1.9559622  1.1428572   46.99633  -46.90876    34.8335    34.8488     4.0239     4.0217    27.6513    27.6638    6.15215    6.26028         15 0.0000e+00
      56437   2351.496    356.000     4.0410   3.261050     4.0375   3.262034      67.10     0.0147     2.8208     2.5144  1.9553908  1.1411796   46.99634  -46.90876    34.8316    34.8470     4.0155     4.0120    27.6507    27.6633    6.14734    6.26238         13 0.0000e+00
      56450   2352.022    355.000     4.0311   3.259953     4.0287   3.261035      70.79     0.0134     2.8199     2.5146  1.9550256  1.1411273   46.99632  -46.90878    34.8296    34.8450     4.0057     4.0033    27.6502    27.6627    6.14382    6.26352         12 0.0000e+00
      56462   2352.555    354.000     4.0261   3.259373     4.0251   3.260604      95.56     0.0118     2.8214     2.5147  1.9552556  1.1408552   46.99632  -46.90878    34.8286    34.8442     4.0007     3.9998    27.6499    27.6624    6.14704    6.26369         14 0.0000e+00
      56477   2353.163    353.000     4.0242   3.259134     4.0236   3.260405      96.31     0.0120     2.8205     2.5147  1.9554265  1.1399196   46.99632  -46.90878    34.8283    34.8440     3.9990     3.9983    27.6498    27.6624    6.14618    6.26498         16 0.0000e+00
      56498   2354.049    352.000     4.0234   3.259011     4.0229   3.260285      87.27     0.0103     2.8216     2.5150  1.9558030  1.1380463   46.99633  -46.90878    34.8283    34.8439     3.9982     3.9977    27.6499    27.6623    6.15403    6.27055         27 0.0000e+00
      56529   2355.331    351.000     4.0231   3.258942     4.0236   3.260313      33.50     0.0136     2.8229     2.5162  1.9562545  1.1367129   46.99632  -46.90878    34.8283    34.8440     3.9980     3.9985    27.6499    27.6623    6.15793    6.27330         31 0.0000e+00
      56556   2356.462    350.000     4.0239   3.258969     4.0233   3.260230      97.36     0.0138     2.8230     2.5164  1.9565074  1.1355047   46.99632  -46.90879    34.8282    34.8438     3.9989     3.9983    27.6498    27.6622    6.14900    6.26315         24 0.0000e+00
      56579   2357.425    349.000     4.0227   3.258780     4.0227   3.260088      73.21     0.0102     2.8235     2.5160  1.9554515  1.1339791   46.99632  -46.90878    34.8279    34.8433     3.9977     3.9978    27.6496    27.6619    6.14897    6.26222         23 0.0000e+00
      56604   2358.458    348.000     4.0234   3.258796     4.0242   3.260181      79.74     0.0090     2.8231     2.5165  1.9548355  1.1331072   46.99632  -46.90878    34.8278    34.8434     3.9985     3.9993    27.6495    27.6618    6.13859    6.26993         28 0.0000e+00
      56632   2359.619    347.000     4.0253   3.258917     4.0258   3.260287      96.47     0.0124     2.8226     2.5170  1.9550608  1.1340884   46.99632  -46.90879    34.8277    34.8434     4.0005     4.0010    27.6492    27.6617    6.14514    6.26928         26 0.0000e+00
      56654   2360.547    346.000     4.0266   3.258980     4.0273   3.260344      65.72     0.0159     2.8228     2.5173  1.9550154  1.1343114   46.99632  -46.90880    34.8276    34.8431     4.0019     4.0025    27.6490    27.6613    6.14464    6.26860         19 0.0000e+00
      56671   2361.245    345.000     4.0274   3.258982     4.0272   3.260278      86.96     0.0168     2.8229     2.5177  1.9549050  1.1336634   46.99632  -46.90880    34.8273    34.8430     4.0028     4.0025    27.6487    27.6611    6.14455    6.27398         15 0.0000e+00
      56685   2361.841    344.000     4.0262   3.258785     4.0248   3.259961      96.10     0.0163     2.8231     2.5183  1.9549953  1.1331021   46.99632  -46.90880    34.8268    34.8423     4.0016     4.0002    27.6484    27.6608    6.14468    6.27784         14 0.0000e+00
      56699   2362.409    343.000     4.0226   3.258338     4.0214   3.259523      96.29     0.0167     2.8233     2.5189  1.9548254  1.1330892   46.99632  -46.90880    34.8259    34.8412     3.9981     3.9970    27.6480    27.6603    6.14503    6.27919         13 0.0000e+00
      56713   2363.002    342.000     4.0199   3.257989     4.0193   3.259239      96.44     0.0171     2.8231     2.5193  1.9548229  1.1330892   46.99632  -46.90880    34.8251    34.8407     3.9955     3.9948    27.6476    27.6601    6.14722    6.27804         15 0.0000e+00
      56730   2363.702    341.000     4.0188   3.257811     4.0183   3.259084      58.49     0.0176     2.8240     2.5199  1.9548867  1.1330892   46.99632  -46.90880    34.8248    34.8403     3.9944     3.9940    27.6475    27.6599    6.15308    6.27611         19 0.0000e+00
      56753   2364.657    340.000     4.0185   3.257743     4.0184   3.259032      95.30     0.0160     2.8244     2.5201  1.9548249  1.1330892   46.99632  -46.90880    34.8248    34.8402     3.9942     3.9949    27.6475    27.6598    6.15075    6.27239         28 0.0000e+00
      56783   2365.896    339.000     4.0184   3.257685     4.0189   3.259022      63.63     0.0171     2.8253     2.5207  1.9546601  1.1319085   46.99632  -46.90880    34.8247    34.8400     3.9943     3.9947    27.6474    27.6596    6.15170    6.27935         30 0.0000e+00
      56811   2367.067    338.000     4.0190   3.257674     4.0203   3.259073      73.17     0.0168     2.8257     2.5216  1.9548235  1.1318680   46.99632  -46.90880    34.8245    34.8397     3.9949     3.9962    27.6472    27.6592    6.15407    6.27988         26 0.0000e+00
      56836   2368.138    337.000     4.0215   3.257836     4.0232   3.259261      96.57     0.0190     2.8266     2.5220  1.9548229  1.1318681   46.99632  -46.90882    34.8243    34.8395     3.9975     3.9991    27.6468    27.6587    6.15131    6.27277         25 0.0000e+00
      56861   2369.163    336.000     4.0213   3.257667     4.0180   3.258632      84.99     0.0173     2.8266     2.5219  1.9548229  1.1318681   46.99632  -46.90882    34.8230    34.8379     3.9973     3.9940    27.6458    27.6580    6.14769    6.27394         24 0.0000e+00
      56882   2370.056    335.000     4.0176   3.257200     4.0154   3.258274      71.38     0.0189     2.8267     2.5222  1.9548229  1.1318681   46.99632  -46.90880    34.8219    34.8370     3.9938     3.9915    27.6453    27.6576    6.15614    6.27907         19 0.0000e+00
      56900   2370.788    334.000     4.0133   3.256676     4.0095   3.257617      96.96     0.0175     2.8278     2.5228  1.9548229  1.1318681   46.99631  -46.90881    34.8208    34.8360     3.9895     3.9857    27.6449    27.6574    6.16486    6.28438         16 0.0000e+00
      56915   2371.425    333.000     4.0063   3.255893     4.0041   3.256988      96.42     0.0165     2.8285     2.5233  1.9548229  1.1318681   46.99630  -46.90882    34.8195    34.8348     3.9826     3.9804    27.6445    27.6570    6.16864    6.28830         15 0.0000e+00
      56930   2372.033    332.000     4.0020   3.255379     4.0010   3.256604      96.43     0.0127     2.8296     2.5240  1.9548229  1.1318681   46.99632  -46.90882    34.8185    34.8341     3.9784     3.9774    27.6442    27.6567    6.17405    6.29627         15 0.0000e+00
      56945   2372.661    331.000     4.0006   3.255191     4.0006   3.256511      53.67     0.0130     2.8304     2.5251  1.9550649  1.1318681   46.99632  -46.90882    34.8183    34.8339     3.9771     3.9771    27.6441    27.6566    6.17973    6.30148         15 0.0000e+00
      56962   2373.379    330.000     4.0009   3.255170     4.0009   3.256479      61.53     0.0160     2.8322     2.5261  1.9547095  1.1310933   46.99632  -46.90882    34.8183    34.8337     3.9774     3.9775    27.6441    27.6564    6.17390    6.28535         20 0.0000e+00
      56986   2374.369    329.000     4.0002   3.255057     3.9991   3.256229      62.91     0.0172     2.8319     2.5252  1.9546628  1.1306753   46.99632  -46.90882    34.8182    34.8332     3.9768     3.9757    27.6441    27.6562    6.15447    6.27016         30 0.0000e+00
      57028   2376.139    328.000     3.9994   3.254905     3.9997   3.256263      76.54     0.0157     2.8313     2.5252  1.9547776  1.1294900   46.99631  -46.90882    34.8178    34.8335     3.9761     3.9764    27.6439    27.6563    6.15629    6.28857         47 0.0000e+00
      57062   2377.561    327.000     4.0000   3.254895     3.9983   3.256072      91.07     0.0175     2.8311     2.5264  1.9543825  1.1284802   46.99630  -46.90882    34.8175    34.8333     3.9768     3.9751    27.6436    27.6563    6.15747    6.28391         23 0.0000e+00
      57081   2378.317    326.000     3.9974   3.254556     3.9962   3.255732      79.02     0.0147     2.8316     2.5261  1.9542881  1.1282035   46.99630  -46.90882    34.8168    34.8320     3.9742     3.9731    27.6433    27.6555    6.15779    6.27308         16 0.0000e+00
      57095   2378.919    325.000     3.9998   3.254686     4.0018   3.256176      58.67     0.0146     2.8315     2.5256  1.9543536  1.1282052   46.99630  -46.90882    34.8163    34.8319     3.9767     3.9787    27.6426    27.6548    6.14967    6.27570         13 0.0000e+00
      57108   2379.459    324.000     4.0066   3.255284     4.0074   3.256687      96.46     0.0131     2.8304     2.5259  1.9536011  1.1282052   46.99630  -46.90882    34.8167    34.8325     3.9836     3.9844    27.6422    27.6547    6.14876    6.28319         13 0.0000e+00
      57121   2380.000    323.000     4.0088   3.255448     4.0078   3.256677      96.33     0.0157     2.8314     2.5263  1.9536020  1.1282052   46.99630  -46.90882    34.8169    34.8325     3.9858     3.9849    27.6421    27.6547    6.14896    6.28388         13 0.0000e+00
      57136   2380.612    322.000     4.0046   3.254967     4.0018   3.255994      58.08     0.0180     2.8309     2.5266  1.9536020  1.1282052   46.99630  -46.90882    34.8162    34.8314     3.9817     3.9789    27.6420    27.6544    6.14568    6.27530         17 0.0000e+00
      57155   2381.400    321.000     3.9986   3.254312     3.9945   3.255167      89.83     0.0198     2.8305     2.5258  1.9541839  1.1282052   46.99630  -46.90882    34.8153    34.8298     3.9758     3.9717    27.6419    27.6539    6.14636    6.26697         22 0.0000e+00
      57182   2382.528    320.000     3.9938   3.253714     3.9901   3.254620      90.59     0.0197     2.8301     2.5258  1.9543763  1.1282052   46.99630  -46.90882    34.8138    34.8286     3.9711     3.9673    27.6412    27.6533    6.14399    6.28315         30 0.0000e+00
      57210   2383.706    319.000     3.9910   3.253369     3.9863   3.254132      60.34     0.0174     2.8303     2.5267  1.9536850  1.1282052   46.99630  -46.90882    34.8133    34.8273     3.9683     3.9637    27.6411    27.6527    6.16908    6.28622         26 0.0000e+00
      57233   2384.686    318.000     3.9863   3.252766     3.9806   3.253423      97.08     0.0161     2.8329     2.5273  1.9536000  1.1282052   46.99630  -46.90883    34.8116    34.8255     3.9637     3.9580    27.6402    27.6518    6.17677    6.28722         21 0.0000e+00
      57252   2385.478    317.000     3.9800   3.251967     3.9758   3.252821      96.40     0.0131     2.8335     2.5276  1.9536020  1.1280698   46.99630  -46.90884    34.8094    34.8239     3.9575     3.9533    27.6391    27.6511    6.17021    6.28562         18 0.0000e+00
      57270   2386.216    316.000     3.9734   3.251173     3.9707   3.252213      96.41     0.0131     2.8348     2.5279  1.9537470  1.1279163   46.99630  -46.90884    34.8075    34.8227     3.9510     3.9483    27.6383    27.6506    6.16921    6.28746         17 0.0000e+00
      57288   2386.959    315.000     3.9676   3.250497     3.9634   3.251403      96.38     0.0141     2.8342     2.5282  1.9537305  1.1279482   46.99628  -46.90884    34.8061    34.8212     3.9453     3.9412    27.6377    27.6502    6.15869    6.28713         19 0.0000e+00
      57307   2387.752    314.000     3.9534   3.248965     3.9426   3.249126      96.43     0.0141     2.8342     2.5282  1.9547971  1.1270069   46.99629  -46.90884    34.8035    34.8169     3.9312     3.9204    27.6371    27.6489    6.16597    6.28310         20 0.0000e+00
