data/CTD/2013/CNV/U021A020.CNV
* Sea-Bird SBE 9 Data File:
* FileName = C:\CTD_ACQUISITION\2013021HUD\ctddata\021A020.hdr
* Software Version Seasave V 7.22.2
* Temperature SN = 5081
* Conductivity SN = 3561
* Number of Bytes Per Scan = 37
* Number of Voltage Words = 4
* Number of Scans Averaged by the Deck Unit = 1
* NMEA Latitude = 47 00.01 N
* NMEA Longitude = 046 33.55 W
* NMEA UTC (Time) = Jul 02 2013 06:15:01
* NMEA baud rate = 9600
** Ship: Hudson
** Cruise: HUD2013021
** Chief_Scientist: Greenan
** Organization: BIO
** Area_of_Operation: Sackville Spur
** Station: 20
** Sounding:  440
** Event_Comments: FC19.5  393127
# nquan = 25
# nvalues = 424                         
# units = specified
# name 0 = scan: Scan Count
# name 1 = timeS: Time, Elapsed [seconds]
# name 2 = prDM: Pressure, Digiquartz [db]
# name 3 = t068C: Temperature [ITS-68, deg C]
# name 4 = c0S/m: Conductivity [S/m]
# name 5 = t168C: Temperature, 2 [ITS-68, deg C]
# name 6 = c1S/m: Conductivity, 2 [S/m]
# name 7 = altM: Altimeter [m]
# name 8 = flCUVA: Fluorescence, Chelsea UV Aquatracka [ug/l]
# name 9 = sbeox0V: Oxygen raw, SBE 43 [V]
# name 10 = sbeox1V: Oxygen raw, SBE 43, 2 [V]
# name 11 = upoly0: Upoly 0, Optode 4330F - O2 D-Phase
# name 12 = upoly1: Upoly 1, Optode 4330F - O2 Temp
# name 13 = latitude: Latitude [deg]
# name 14 = longitude: Longitude [deg]
# name 15 = sal00: Salinity, Practical [PSU]
# name 16 = sal11: Salinity, Practical, 2 [PSU]
# name 17 = potemp068C: Potential Temperature [ITS-68, deg C]
# name 18 = potemp168C: Potential Temperature, 2 [ITS-68, deg C]
# name 19 = sigma-é00: Density [sigma-theta, Kg/m^3]
# name 20 = sigma-é11: Density, 2 [sigma-theta, Kg/m^3]
# name 21 = sbeox0ML/L: Oxygen, SBE 43 [ml/l], WS = 2
# name 22 = sbeox1ML/L: Oxygen, SBE 43, 2 [ml/l], WS = 2
# name 23 = nbin: number of scans per bin
# name 24 = flag: flag
# span 0 =      20977,      30949       
# span 1 =    873.997,   1289.491       
# span 2 =      1.000,    424.000       
# span 3 =     2.7522,     6.5154       
# span 4 =   3.064228,   3.347236       
# span 5 =     2.7392,     6.5150       
# span 6 =   3.063536,   3.348659       
# span 7 =       6.57,      98.90       
# span 8 =     0.0077,     0.2431       
# span 9 =     2.6243,     3.4271       
# span 10 =     2.3418,     3.0648      
# span 11 =  1.7181710,  2.0447426      
# span 12 =  0.9871145,  1.3956793      
# span 13 =   47.00131,   47.00190      
# span 14 =  -46.55840,  -46.55818      
# span 15 =    32.7674,    34.9248      
# span 16 =    32.7810,    34.9397      
# span 17 =     2.7461,     6.5153      
# span 18 =     2.7329,     6.5148      
# span 19 =    25.7245,    27.6715      
# span 20 =    25.7352,    27.6839      
# span 21 =    5.37874,    7.80754      
# span 22 =    5.50829,    7.86857      
# span 23 =         12,        134      
# span 24 = 0.0000e+00, 0.0000e+00      
# interval = decibars: 1                
# start_time = Jul 02 2013 06:15:01 [NMEA time, header]
# bad_flag = -9.990e-29
*END*
[from data line 116]
      23970    998.698    308.000     4.5615   3.311214     4.5640   3.312751      96.99     0.0183     2.7366     2.4468  1.9924130  1.1926684   47.00158  -46.55834    34.8984    34.9138     4.5383     4.5407    27.6474    27.6594    5.78299    5.91818         21 0.0000e+00
      24017   1000.675    307.000     4.5598   3.311027     4.5579   3.312182      79.60     0.0151     2.7355     2.4439  1.9930112  1.1936167   47.00158  -46.55834    34.8985    34.9141     4.5367     4.5347    27.6477    27.6603    5.77268    5.90417         61 0.0000e+00
      24053   1002.175    306.000     4.5580   3.310786     4.5553   3.311882      97.40     0.0150     2.7343     2.4420  1.9934603  1.1940916   47.00158  -46.55834    34.8982    34.9140     4.5349     4.5332    27.6476    27.6605    5.78006    5.90485         19 0.0000e+00
      24069   1002.843    305.000     4.5632   3.311181     4.5641   3.312606      96.93     0.0158     2.7347     2.4417  1.9915096  1.1941401   47.00158  -46.55834    34.8979    34.9136     4.5401     4.5411    27.6468    27.6591    5.77726    5.90809         15 0.0000e+00
      24084   1003.441    304.000     4.5717   3.311892     4.5721   3.313288      97.00     0.0185     2.7344     2.4415  1.9915402  1.1941392   47.00158  -46.55834    34.8977    34.9137     4.5488     4.5491    27.6457    27.6584    5.77052    5.90735         14 0.0000e+00
      24098   1004.055    303.000     4.5752   3.312168     4.5766   3.313576      97.00     0.0179     2.7341     2.4415  1.9914539  1.1941392   47.00156  -46.55834    34.8978    34.9128     4.5523     4.5537    27.6454    27.6571    5.76812    5.90334         16 0.0000e+00
      24118   1004.873    302.000     4.5766   3.312179     4.5771   3.313501      96.98     0.0185     2.7337     2.4408  1.9933540  1.1941392   47.00156  -46.55834    34.8971    34.9120     4.5537     4.5542    27.6446    27.6565    5.76191    5.89669         25 0.0000e+00
      24149   1006.175    301.000     4.5768   3.312120     4.5799   3.313717      96.79     0.0174     2.7322     2.4399  1.9926554  1.1945069   47.00156  -46.55834    34.8966    34.9121     4.5541     4.5571    27.6443    27.6562    5.75180    5.89266         34 0.0000e+00
      24177   1007.346    300.000     4.5768   3.312071     4.5825   3.313890      96.97     0.0138     2.7306     2.4390  1.9914176  1.1956135   47.00156  -46.55834    34.8966    34.9119     4.5542     4.5598    27.6442    27.6557    5.74435    5.89565         22 0.0000e+00
      24196   1008.140    299.000     4.5815   3.312428     4.5888   3.314423      66.54     0.0119     2.7293     2.4393  1.9914529  1.1954293   47.00156  -46.55834    34.8963    34.9121     4.5589     4.5661    27.6435    27.6552    5.74093    5.89803         17 0.0000e+00
      24212   1008.794    298.000     4.5904   3.313184     4.5930   3.314737      23.63     0.0166     2.7291     2.4392  1.9915347  1.1965044   47.00156  -46.55834    34.8964    34.9118     4.5678     4.5704    27.6425    27.6545    5.74360    5.89556         15 0.0000e+00
      24227   1009.425    297.000     4.5941   3.313469     4.5949   3.314866      97.96     0.0153     2.7278     2.4393  1.9917818  1.1964998   47.00156  -46.55834    34.8963    34.9118     4.5717     4.5725    27.6421    27.6543    5.74687    5.89396         15 0.0000e+00
      24243   1010.100    296.000     4.5963   3.313620     4.5968   3.314989      96.97     0.0164     2.7284     2.4392  1.9917246  1.1965808   47.00156  -46.55834    34.8963    34.9118     4.5739     4.5744    27.6418    27.6541    5.75004    5.89265         18 0.0000e+00
      24263   1010.899    295.000     4.5980   3.313726     4.5983   3.315085      96.67     0.0157     2.7283     2.4393  1.9915159  1.1970928   47.00156  -46.55834    34.8963    34.9119     4.5756     4.5760    27.6416    27.6539    5.75331    5.88881         21 0.0000e+00
      24287   1011.930    294.000     4.5980   3.313683     4.5991   3.315103      84.99     0.0168     2.7297     2.4386  1.9917997  1.1969746   47.00156  -46.55834    34.8964    34.9117     4.5757     4.5769    27.6417    27.6537    5.75871    5.87935         28 0.0000e+00
      24315   1013.090    293.000     4.5972   3.313576     4.5977   3.314931      97.03     0.0153     2.7294     2.4370  1.9939066  1.1978523   47.00154  -46.55834    34.8965    34.9117     4.5750     4.5756    27.6418    27.6539    5.72813    5.85728         27 0.0000e+00
      24342   1014.212    292.000     4.5979   3.313586     4.6030   3.315309      96.97     0.0120     2.7256     2.4335  1.9937588  1.1982559   47.00154  -46.55834    34.8964    34.9112     4.5758     4.5809    27.6417    27.6528    5.70174    5.82413         27 0.0000e+00
      24371   1015.397    291.000     4.6036   3.314075     4.6107   3.316047      96.98     0.0133     2.7209     2.4281  1.9933653  1.1990243   47.00154  -46.55834    34.8966    34.9122     4.5815     4.5886    27.6412    27.6528    5.66566    5.79719         30 0.0000e+00
      24400   1016.640    290.000     4.6099   3.314602     4.6202   3.316869      96.98     0.0145     2.7135     2.4216  1.9933269  1.1990232   47.00154  -46.55834    34.8966    34.9124     4.5880     4.5988    27.6405    27.6519    5.63431    5.76989         28 0.0000e+00
      24425   1017.656    289.000     4.6221   3.315684     4.6419   3.318851      96.98     0.0173     2.7072     2.4167  1.9935527  1.1990232   47.00154  -46.55834    34.8970    34.9132     4.6002     4.6199    27.6394    27.6501    5.62688    5.76412         21 0.0000e+00
      24444   1018.444    288.000     4.6530   3.318671     4.6699   3.321585      96.97     0.0161     2.7044     2.4140  1.9934192  1.1997068   47.00154  -46.55834    34.9000    34.9162     4.6311     4.6479    27.6383    27.6493    5.63413    5.76237         18 0.0000e+00
      24460   1019.130    287.000     4.6841   3.321669     4.6936   3.323957      63.81     0.0143     2.7022     2.4120  1.9935113  1.2002324   47.00154  -46.55834    34.9028    34.9195     4.6622     4.6717    27.6371    27.6492    5.63179    5.74932         16 0.0000e+00
      24476   1019.786    286.000     4.7065   3.323855     4.7129   3.325850      68.60     0.0150     2.7011     2.4094  1.9932461  1.2002442   47.00154  -46.55834    34.9052    34.9218     4.6847     4.6910    27.6365    27.6489    5.62774    5.73390         15 0.0000e+00
      24492   1020.461    285.000     4.7198   3.325193     4.7309   3.327579      97.07     0.0154     2.7000     2.4070  1.9931043  1.2011818   47.00154  -46.55834    34.9075    34.9236     4.6979     4.7090    27.6368    27.6483    5.61191    5.72118         17 0.0000e+00
      24510   1021.192    284.000     4.7335   3.326457     4.7412   3.328550      96.95     0.0144     2.6970     2.4040  1.9931234  1.2020242   47.00152  -46.55832    34.9082    34.9246     4.7118     4.7194    27.6358    27.6479    5.59011    5.70745         19 0.0000e+00
      24531   1022.074    283.000     4.7419   3.327267     4.7502   3.329403      96.73     0.0171     2.6934     2.4003  1.9937217  1.2032057   47.00152  -46.55832    34.9094    34.9256     4.7202     4.7284    27.6358    27.6477    5.56941    5.70018         24 0.0000e+00
      24557   1023.167    282.000     4.7469   3.327729     4.7571   3.330032      96.94     0.0144     2.6875     2.3973  1.9954787  1.2087944   47.00152  -46.55832    34.9101    34.9262     4.7253     4.7354    27.6357    27.6474    5.55724    5.70551         27 0.0000e+00
      24583   1024.231    281.000     4.7474   3.327719     4.7647   3.330634      96.96     0.0145     2.6847     2.3953  1.9966272  1.2097679   47.00152  -46.55832    34.9100    34.9258     4.7258     4.7430    27.6356    27.6462    5.57845    5.69279         23 0.0000e+00
      24604   1025.123    280.000     4.7609   3.328868     4.7901   3.333091      78.60     0.0169     2.6836     2.3920  1.9987738  1.2124479   47.00152  -46.55832    34.9097    34.9282     4.7394     4.7685    27.6338    27.6452    5.55243    5.64957         21 0.0000e+00
      24624   1025.966    279.000     4.7860   3.331418     4.8063   3.334714      66.89     0.0152     2.6790     2.3865  1.9987789  1.2124542   47.00152  -46.55832    34.9136    34.9306     4.7645     4.7848    27.6340    27.6453    5.49683    5.61078         20 0.0000e+00
      24646   1026.893    278.000     4.8108   3.333783     4.8189   3.335885      96.84     0.0143     2.6704     2.3803  1.9987789  1.2136204   47.00152  -46.55832    34.9156    34.9315     4.7894     4.7974    27.6328    27.6445    5.44438    5.59526         24 0.0000e+00
      24671   1027.936    277.000     4.8211   3.334750     4.8243   3.336393      96.96     0.0132     2.6617     2.3743  1.9990133  1.2138158   47.00152  -46.55832    34.9166    34.9323     4.7997     4.8029    27.6324    27.6445    5.43758    5.58766         26 0.0000e+00
      24696   1028.964    276.000     4.8260   3.335130     4.8348   3.337269      96.89     0.0090     2.6546     2.3695  2.0020344  1.2170912   47.00152  -46.55832    34.9164    34.9320     4.8047     4.8134    27.6317    27.6431    5.42625    5.58420         23 0.0000e+00
      24718   1029.857    275.000     4.8373   3.336252     4.8656   3.340228      96.96     0.0146     2.6488     2.3663  2.0021985  1.2170328   47.00152  -46.55832    34.9181    34.9346     4.8160     4.8443    27.6318    27.6416    5.43024    5.58143         20 0.0000e+00
      24736   1030.635    274.000     4.8789   3.340077     4.9140   3.344903      96.93     0.0168     2.6466     2.3643  2.0047805  1.2190738   47.00152  -46.55832    34.9194    34.9387     4.8576     4.8926    27.6280    27.6393    5.43936    5.57269         18 0.0000e+00
      24754   1031.387    273.000     4.9252   3.344533     4.9412   3.347407      74.68     0.0144     2.6448     2.3622  2.0056202  1.2197720   47.00152  -46.55832    34.9231    34.9397     4.9039     4.9198    27.6256    27.6370    5.42695    5.56807         18 0.0000e+00
      24773   1032.182    272.000     4.9420   3.346147     4.9470   3.347861      66.71     0.0146     2.6428     2.3611  2.0054348  1.2206893   47.00152  -46.55832    34.9248    34.9394     4.9207     4.9257    27.6251    27.6360    5.42529    5.57240         20 0.0000e+00
      24795   1033.066    271.000     4.9455   3.346337     4.9448   3.347499      97.05     0.0104     2.6419     2.3600  2.0056062  1.2246813   47.00150  -46.55832    34.9238    34.9381     4.9243     4.9235    27.6238    27.6353    5.43656    5.57600         22 0.0000e+00
      24817   1034.010    270.000     4.9436   3.346021     4.9417   3.347033      96.91     0.0114     2.6419     2.3599  2.0057347  1.2249326   47.00150  -46.55832    34.9228    34.9365     4.9224     4.9206    27.6232    27.6343    5.43539    5.57910         23 0.0000e+00
      24839   1034.926    269.000     4.9379   3.345274     4.9335   3.346098      96.97     0.0077     2.6408     2.3593  2.0085762  1.2296549   47.00150  -46.55832    34.9207    34.9348     4.9168     4.9124    27.6223    27.6339    5.42478    5.56509         21 0.0000e+00
      24861   1035.832    268.000     4.9325   3.344594     4.9254   3.345117      96.89     0.0096     2.6393     2.3574  2.0083880  1.2295482   47.00150  -46.55832    34.9188    34.9324     4.9116     4.9045    27.6214    27.6329    5.41840    5.54968         23 0.0000e+00
      24887   1036.900    267.000     4.9220   3.343488     4.9187   3.344321      96.97     0.0122     2.6373     2.3546  2.0128956  1.2321174   47.00150  -46.55832    34.9175    34.9306     4.9012     4.8979    27.6215    27.6323    5.40536    5.53668         29 0.0000e+00
      24915   1038.067    266.000     4.9209   3.343210     4.9142   3.343772      55.08     0.0161     2.6347     2.3513  2.0138912  1.2325858   47.00150  -46.55832    34.9161    34.9296     4.9001     4.8934    27.6205    27.6320    5.39472    5.53249         25 0.0000e+00
      24937   1039.021    265.000     4.9138   3.342367     4.9118   3.343435      97.82     0.0182     2.6320     2.3496  2.0160348  1.2332249   47.00148  -46.55832    34.9142    34.9287     4.8932     4.8911    27.6198    27.6316    5.39058    5.53149         21 0.0000e+00
      24957   1039.815    264.000     4.9164   3.342544     4.9218   3.344319      96.93     0.0167     2.6301     2.3480  2.0160768  1.2332113   47.00149  -46.55831    34.9141    34.9290     4.8958     4.9012    27.6194    27.6306    5.39136    5.52480         18 0.0000e+00
      24975   1040.588    263.000     4.9360   3.344384     4.9493   3.347063      96.90     0.0155     2.6291     2.3467  2.0192335  1.2332759   47.00150  -46.55830    34.9153    34.9325     4.9155     4.9288    27.6181    27.6302    5.37959    5.52265         19 0.0000e+00
      24995   1041.426    262.000     4.9547   3.346272     4.9622   3.348363      96.90     0.0205     2.6272     2.3460  2.0199702  1.2334312   47.00148  -46.55830    34.9182    34.9347     4.9342     4.9416    27.6183    27.6304    5.38363    5.52509         22 0.0000e+00
      25018   1042.358    261.000     4.9629   3.347074     4.9654   3.348659      96.98     0.0195     2.6270     2.3455  2.0215957  1.2338790   47.00148  -46.55830    34.9195    34.9352     4.9425     4.9449    27.6183    27.6305    5.38723    5.52274         22 0.0000e+00
      25040   1043.272    260.000     4.9650   3.347236     4.9649   3.348554      96.95     0.0160     2.6264     2.3448  2.0232391  1.2344460   47.00148  -46.55830    34.9197    34.9350     4.9446     4.9445    27.6182    27.6304    5.38300    5.51614         21 0.0000e+00
      25059   1044.092    259.000     4.9633   3.346989     4.9590   3.347840      50.35     0.0152     2.6261     2.3439  2.0233939  1.2348218   47.00148  -46.55830    34.9191    34.9335     4.9430     4.9387    27.6180    27.6298    5.38017    5.51463         19 0.0000e+00
      25077   1044.821    258.000     4.9586   3.346434     4.9561   3.347445      87.11     0.0170     2.6252     2.3434  2.0256052  1.2380431   47.00148  -46.55830    34.9181    34.9325     4.9384     4.9359    27.6177    27.6294    5.37874    5.51711         17 0.0000e+00
      25093   1045.513    257.000     4.9558   3.346043     4.9549   3.347257      96.86     0.0184     2.6248     2.3431  2.0256410  1.2380953   47.00148  -46.55830    34.9171    34.9320     4.9357     4.9348    27.6172    27.6291    5.38051    5.51635         16 0.0000e+00
      25110   1046.221    256.000     4.9547   3.345873     4.9543   3.347147      96.97     0.0170     2.6252     2.3429  2.0262442  1.2383634   47.00148  -46.55830    34.9167    34.9319     4.9347     4.9343    27.6170    27.6291    5.38079    5.51091         18 0.0000e+00
      25130   1047.022    255.000     4.9533   3.345674     4.9520   3.346862      96.96     0.0144     2.6243     2.3419  2.0280380  1.2392929   47.00148  -46.55830    34.9164    34.9315     4.9334     4.9321    27.6169    27.6291    5.38014    5.50829         21 0.0000e+00
      25156   1048.111    254.000     4.9502   3.345262     4.9419   3.345755      96.95     0.0136     2.6245     2.3418  2.0291545  1.2395380   47.00148  -46.55830    34.9155    34.9298     4.9303     4.9221    27.6165    27.6289    5.38380    5.52158         32 0.0000e+00
      25190   1049.558    253.000     4.9460   3.344783     4.9388   3.345387      92.62     0.0184     2.6255     2.3436  2.0323198  1.2400397   47.00148  -46.55830    34.9149    34.9293     4.9262     4.9190    27.6165    27.6288    5.39795    5.54894         33 0.0000e+00
      25217   1050.682    252.000     4.9445   3.344511     4.9332   3.344718      54.33     0.0167     2.6270     2.3469  2.0325336  1.2405536   47.00148  -46.55829    34.9137    34.9280     4.9248     4.9135    27.6158    27.6284    5.41937    5.57193         22 0.0000e+00
