data/CTD/2013/CNV/U021A019.CNV
* Sea-Bird SBE 9 Data File:
* FileName = C:\CTD_ACQUISITION\2013021HUD\ctddata\021A019.hdr
* Software Version Seasave V 7.22.2
* Temperature SN = 5081
* Conductivity SN = 3561
* Number of Bytes Per Scan = 37
* Number of Voltage Words = 4
* Number of Scans Averaged by the Deck Unit = 1
* NMEA Latitude = 47 00.00 N
* NMEA Longitude = 046 40.17 W
* NMEA UTC (Time) = Jul 02 2013 04:50:47
* NMEA baud rate = 9600
** Ship: Hudson
** Cruise: HUD2013021
** Chief_Scientist: Greenan
** Organization: BIO
** Area_of_Operation: Sackville Spur
** Station: 19
** Sounding:  919
** Event_Comments: FC19  393125
# nquan = 25
# nvalues = 943                         
# units = specified
# name 0 = scan: Scan Count
# name 1 = timeS: Time, Elapsed [seconds]
# name 2 = prDM: Pressure, Digiquartz [db]
# name 3 = t068C: Temperature [ITS-68, deg C]
# name 4 = c0S/m: Conductivity [S/m]
# name 5 = t168C: Temperature, 2 [ITS-68, deg C]
# name 6 = c1S/m: Conductivity, 2 [S/m]
# name 7 = altM: Altimeter [m]
# name 8 = flCUVA: Fluorescence, Chelsea UV Aquatracka [ug/l]
# name 9 = sbeox0V: Oxygen raw, SBE 43 [V]
# name 10 = sbeox1V: Oxygen raw, SBE 43, 2 [V]
# name 11 = upoly0: Upoly 0, Optode 4330F - O2 D-Phase
# name 12 = upoly1: Upoly 1, Optode 4330F - O2 Temp
# name 13 = latitude: Latitude [deg]
# name 14 = longitude: Longitude [deg]
# name 15 = sal00: Salinity, Practical [PSU]
# name 16 = sal11: Salinity, Practical, 2 [PSU]
# name 17 = potemp068C: Potential Temperature [ITS-68, deg C]
# name 18 = potemp168C: Potential Temperature, 2 [ITS-68, deg C]
# name 19 = sigma-é00: Density [sigma-theta, Kg/m^3]
# name 20 = sigma-é11: Density, 2 [sigma-theta, Kg/m^3]
# name 21 = sbeox0ML/L: Oxygen, SBE 43 [ml/l], WS = 2
# name 22 = sbeox1ML/L: Oxygen, SBE 43, 2 [ml/l], WS = 2
# name 23 = nbin: number of scans per bin
# name 24 = flag: flag
# span 0 =      31066,      53719       
# span 1 =   1294.374,   2238.249       
# span 2 =      1.000,    943.000       
# span 3 =     0.7022,     6.1941       
# span 4 =   2.853931,   3.359823       
# span 5 =     0.8081,     6.1908       
# span 6 =   2.866920,   3.361086       
# span 7 =       5.65,     121.36       
# span 8 =     0.0043,     0.1790       
# span 9 =     2.5928,     3.4229       
# span 10 =     2.3076,     3.0466      
# span 11 =  1.7278990,  2.0575646      
# span 12 =  0.7814682,  1.3978014      
# span 13 =   47.00273,   47.00398      
# span 14 =  -46.67090,  -46.66989      
# span 15 =    32.7693,    34.9363      
# span 16 =    32.7841,    34.9519      
# span 17 =     0.7006,     6.1939      
# span 18 =     0.8064,     6.1906      
# span 19 =    25.7667,    27.7346      
# span 20 =    25.7788,    27.7473      
# span 21 =    5.25063,    8.55560      
# span 22 =    5.37322,    8.56724      
# span 23 =         12,        304      
# span 24 = 0.0000e+00, 0.0000e+00      
# interval = decibars: 1                
# start_time = Jul 02 2013 04:50:47 [NMEA time, header]
# bad_flag = -9.990e-29
*END*
[from data line 290]
      38533   1605.488    653.000     4.1142   3.287623     4.1131   3.288812      97.02     0.0130     2.6958     2.4083  1.9767880  1.1391941   47.00310  -46.67044    34.9117    34.9269     4.0655     4.0644    27.7092    27.7214    6.00860    6.14386         16 0.0000e+00
      38549   1606.147    652.000     4.1128   3.287414     4.1123   3.288689      86.91     0.0129     2.6967     2.4082  1.9768009  1.1391941   47.00310  -46.67044    34.9112    34.9267     4.0642     4.0637    27.7089    27.7213    6.01165    6.14724         16 0.0000e+00
      38565   1606.818    651.000     4.1126   3.287334     4.1123   3.288633      93.73     0.0127     2.6969     2.4084  1.9773624  1.1391941   47.00310  -46.67043    34.9110    34.9267     4.0640     4.0637    27.7088    27.7213    6.00080    6.15052         17 0.0000e+00
      38583   1607.576    650.000     4.1127   3.287302     4.1125   3.288611      96.65     0.0163     2.6962     2.4085  1.9789404  1.1391941   47.00310  -46.67042    34.9111    34.9267     4.0642     4.0640    27.7088    27.7213    5.99403    6.15007         20 0.0000e+00
      38607   1608.579    649.000     4.1128   3.287271     4.1129   3.288594      94.25     0.0144     2.6956     2.4088  1.9791917  1.1391941   47.00310  -46.67042    34.9111    34.9266     4.0644     4.0644    27.7088    27.7212    5.99468    6.15013         29 0.0000e+00
      38639   1609.919    648.000     4.1130   3.287238     4.1144   3.288674      70.37     0.0145     2.6954     2.4093  1.9792036  1.1391941   47.00311  -46.67042    34.9110    34.9265     4.0646     4.0661    27.7088    27.7209    5.99291    6.15501         31 0.0000e+00
      38664   1610.967    647.000     4.1143   3.287298     4.1163   3.288840      70.99     0.0160     2.6945     2.4097  1.9789302  1.1391941   47.00312  -46.67042    34.9107    34.9269     4.0661     4.0680    27.7084    27.7210    6.00268    6.15052         20 0.0000e+00
      38682   1611.709    646.000     4.1210   3.287891     4.1219   3.289324      97.48     0.0132     2.6965     2.4099  1.9783883  1.1391941   47.00312  -46.67042    34.9113    34.9273     4.0728     4.0737    27.7081    27.7207    6.00507    6.15050         16 0.0000e+00
      38697   1612.327    645.000     4.1244   3.288202     4.1240   3.289494      96.67     0.0113     2.6951     2.4101  1.9784592  1.1391941   47.00312  -46.67042    34.9119    34.9276     4.0763     4.0758    27.7082    27.7208    5.98989    6.15251         14 0.0000e+00
      38711   1612.898    644.000     4.1254   3.288267     4.1250   3.289555      96.76     0.0099     2.6958     2.4105  1.9790711  1.1391941   47.00312  -46.67042    34.9121    34.9278     4.0774     4.0769    27.7083    27.7208    5.99344    6.15161         14 0.0000e+00
      38725   1613.485    643.000     4.1261   3.288277     4.1257   3.289575      96.78     0.0094     2.6956     2.4105  1.9801122  1.1391941   47.00312  -46.67042    34.9120    34.9278     4.0781     4.0777    27.7081    27.7207    5.99635    6.14889         15 0.0000e+00
      38741   1614.146    642.000     4.1266   3.288279     4.1264   3.289592      86.14     0.0114     2.6959     2.4106  1.9800363  1.1391941   47.00312  -46.67042    34.9121    34.9277     4.0787     4.0785    27.7081    27.7206    5.99889    6.14636         17 0.0000e+00
      38762   1615.049    641.000     4.1269   3.288269     4.1268   3.289562      94.97     0.0161     2.6965     2.4105  1.9796208  1.1398906   47.00314  -46.67042    34.9121    34.9275     4.0791     4.0789    27.7081    27.7204    5.99759    6.14177         27 0.0000e+00
      38793   1616.339    640.000     4.1271   3.288214     4.1270   3.289526      61.96     0.0191     2.6969     2.4106  1.9792286  1.1404349   47.00314  -46.67042    34.9118    34.9273     4.0793     4.0793    27.7078    27.7202    6.00816    6.14443         31 0.0000e+00
      38818   1617.388    639.000     4.1266   3.288116     4.1270   3.289474      80.16     0.0156     2.6981     2.4105  1.9792429  1.1404152   47.00314  -46.67042    34.9117    34.9273     4.0789     4.0793    27.7078    27.7201    6.00360    6.14562         21 0.0000e+00
      38837   1618.155    638.000     4.1285   3.288243     4.1296   3.289663      96.95     0.0178     2.6988     2.4111  1.9792429  1.1404152   47.00314  -46.67040    34.9118    34.9273     4.0808     4.0820    27.7076    27.7199    6.00658    6.14955         16 0.0000e+00
      38853   1618.829    637.000     4.1328   3.288608     4.1321   3.289874      93.37     0.0196     2.6987     2.4113  1.9793211  1.1404152   47.00315  -46.67040    34.9120    34.9277     4.0852     4.0845    27.7074    27.7199    6.00136    6.14549         16 0.0000e+00
      38869   1619.505    636.000     4.1367   3.288949     4.1353   3.290143      85.87     0.0158     2.6991     2.4113  1.9792424  1.1404152   47.00316  -46.67040    34.9124    34.9280     4.0892     4.0878    27.7072    27.7198    5.99553    6.13674         17 0.0000e+00
      38888   1620.308    635.000     4.1411   3.289366     4.1413   3.290678      96.43     0.0143     2.6990     2.4106  1.9792429  1.1404152   47.00316  -46.67040    34.9132    34.9284     4.0937     4.0939    27.7074    27.7195    5.98394    6.12581         23 0.0000e+00
      38919   1621.592    634.000     4.1446   3.289650     4.1475   3.291250      92.78     0.0148     2.6971     2.4094  1.9803246  1.1414332   47.00316  -46.67040    34.9134    34.9292     4.0972     4.1001    27.7072    27.7195    5.97384    6.11849         38 0.0000e+00
      38952   1622.953    633.000     4.1468   3.289799     4.1536   3.291794      38.26     0.0123     2.6962     2.4083  1.9799649  1.1416479   47.00317  -46.67040    34.9134    34.9297     4.0995     4.1062    27.7069    27.7192    5.97319    6.11161         23 0.0000e+00
      38970   1623.717    632.000     4.1559   3.290590     4.1565   3.292022      98.74     0.0117     2.6953     2.4072  1.9789791  1.1416361   47.00318  -46.67039    34.9136    34.9298     4.1086     4.1092    27.7061    27.7190    5.96691    6.10562         16 0.0000e+00
      38985   1624.334    631.000     4.1691   3.291930     4.1692   3.293238      96.74     0.0108     2.6951     2.4065  1.9791607  1.1416361   47.00318  -46.67038    34.9160    34.9312     4.1218     4.1219    27.7067    27.7188    5.96407    6.10329         14 0.0000e+00
      38998   1624.894    630.000     4.1865   3.293626     4.1846   3.294744      91.57     0.0097     2.6941     2.4060  1.9789819  1.1416361   47.00318  -46.67038    34.9181    34.9333     4.1392     4.1373    27.7065    27.7187    5.96564    6.10124         14 0.0000e+00
      39012   1625.461    629.000     4.1992   3.294852     4.1982   3.296093      83.95     0.0091     2.6946     2.4057  1.9792347  1.1416361   47.00318  -46.67038    34.9197    34.9353     4.1519     4.1510    27.7064    27.7189    5.97131    6.09749         14 0.0000e+00
      39027   1626.084    628.000     4.2059   3.295479     4.2067   3.296870      95.54     0.0108     2.6951     2.4054  1.9792429  1.1416361   47.00318  -46.67038    34.9205    34.9360     4.1587     4.1595    27.7063    27.7185    5.96484    6.09002         16 0.0000e+00
      39046   1626.866    627.000     4.2107   3.295905     4.2124   3.297373      96.73     0.0144     2.6942     2.4043  1.9792429  1.1430253   47.00318  -46.67038    34.9209    34.9365     4.1636     4.1652    27.7061    27.7183    5.95983    6.09124         22 0.0000e+00
      39071   1627.900    626.000     4.2101   3.295799     4.2126   3.297343      89.62     0.0157     2.6944     2.4043  1.9792429  1.1449953   47.00318  -46.67038    34.9209    34.9364     4.1630     4.1655    27.7062    27.7182    5.95740    6.10059         27 0.0000e+00
      39097   1629.016    625.000     4.2082   3.295532     4.2083   3.296898      94.32     0.0208     2.6937     2.4048  1.9792429  1.1463935   47.00320  -46.67038    34.9202    34.9362     4.1613     4.1613    27.7058    27.7185    5.96041    6.10557         25 0.0000e+00
      39121   1629.989    624.000     4.2142   3.296028     4.2161   3.297555      96.79     0.0171     2.6944     2.4052  1.9792429  1.1477550   47.00320  -46.67038    34.9203    34.9363     4.1673     4.1691    27.7052    27.7177    5.96135    6.10627         22 0.0000e+00
      39142   1630.855    623.000     4.2169   3.296289     4.2170   3.297634      91.14     0.0145     2.6937     2.4059  1.9792429  1.1481688   47.00320  -46.67037    34.9210    34.9367     4.1700     4.1702    27.7055    27.7179    5.95512    6.11118         20 0.0000e+00
      39162   1631.693    622.000     4.2175   3.296304     4.2168   3.297578      88.99     0.0175     2.6941     2.4064  1.9792429  1.1489673   47.00320  -46.67036    34.9211    34.9368     4.1707     4.1700    27.7055    27.7180    5.96130    6.10912         20 0.0000e+00
      39182   1632.543    621.000     4.2167   3.296179     4.2164   3.297487      96.69     0.0117     2.6943     2.4070  1.9792429  1.1489621   47.00320  -46.67036    34.9209    34.9367     4.1700     4.1697    27.7054    27.7180    5.96361    6.11034         21 0.0000e+00
      39204   1633.443    620.000     4.2160   3.296058     4.2158   3.297362      84.39     0.0106     2.6951     2.4074  1.9811970  1.1491854   47.00322  -46.67036    34.9208    34.9364     4.1694     4.1691    27.7054    27.7178    5.96499    6.10909         22 0.0000e+00
      39226   1634.380    619.000     4.2158   3.295991     4.2155   3.297285      97.09     0.0153     2.6956     2.4080  1.9809003  1.1491271   47.00322  -46.67036    34.9207    34.9363     4.1693     4.1690    27.7054    27.7177    5.96395    6.11293         22 0.0000e+00
      39247   1635.267    618.000     4.2162   3.295982     4.2158   3.297263      96.77     0.0131     2.6956     2.4083  1.9811071  1.1499658   47.00322  -46.67036    34.9208    34.9363     4.1697     4.1693    27.7054    27.7177    5.96703    6.09986         21 0.0000e+00
      39266   1636.060    617.000     4.2166   3.295967     4.2161   3.297243      86.16     0.0132     2.6964     2.4076  1.9808717  1.1501825   47.00322  -46.67036    34.9207    34.9362     4.1702     4.1697    27.7052    27.7176    5.96711    6.09329         18 0.0000e+00
      39284   1636.780    616.000     4.2166   3.295919     4.2161   3.297205      91.43     0.0155     2.6963     2.4075  1.9809998  1.1501832   47.00322  -46.67036    34.9206    34.9363     4.1703     4.1698    27.7051    27.7177    5.96729    6.09880         16 0.0000e+00
      39300   1637.465    615.000     4.2167   3.295886     4.2162   3.297166      96.82     0.0163     2.6975     2.4075  1.9810389  1.1501832   47.00322  -46.67036    34.9206    34.9362     4.1705     4.1700    27.7051    27.7176    5.97469    6.10436         17 0.0000e+00
      39317   1638.176    614.000     4.2170   3.295863     4.2165   3.297150      96.76     0.0169     2.6979     2.4079  1.9810071  1.1501832   47.00324  -46.67034    34.9206    34.9363     4.1708     4.1703    27.7051    27.7176    5.96933    6.10455         18 0.0000e+00
      39336   1638.962    613.000     4.2170   3.295827     4.2165   3.297107      88.10     0.0162     2.6981     2.4081  1.9814315  1.1503624   47.00324  -46.67034    34.9206    34.9363     4.1710     4.1704    27.7051    27.7176    5.96630    6.09831         20 0.0000e+00
      39358   1639.872    612.000     4.2172   3.295789     4.2167   3.297081      66.08     0.0147     2.6987     2.4078  1.9817371  1.1509247   47.00324  -46.67034    34.9206    34.9363     4.1712     4.1707    27.7050    27.7176    5.97150    6.10088         23 0.0000e+00
      39381   1640.840    611.000     4.2173   3.295758     4.2170   3.297048      96.99     0.0155     2.6992     2.4085  1.9816846  1.1510868   47.00324  -46.67034    34.9206    34.9361     4.1714     4.1710    27.7050    27.7174    5.96803    6.10763         23 0.0000e+00
      39404   1641.773    610.000     4.2175   3.295728     4.2174   3.297047      92.03     0.0166     2.6995     2.4090  1.9816849  1.1514050   47.00325  -46.67034    34.9206    34.9362     4.1716     4.1716    27.7050    27.7174    5.96042    6.10787         22 0.0000e+00
      39426   1642.707    609.000     4.2181   3.295738     4.2179   3.297052      88.56     0.0192     2.6990     2.4097  1.9814730  1.1514041   47.00326  -46.67034    34.9206    34.9363     4.1723     4.1721    27.7049    27.7174    5.95499    6.10873         23 0.0000e+00
      39450   1643.694    608.000     4.2184   3.295731     4.2180   3.297020      96.81     0.0155     2.6983     2.4100  1.9812255  1.1514041   47.00326  -46.67034    34.9206    34.9363     4.1728     4.1723    27.7049    27.7174    5.95848    6.10276         24 0.0000e+00
      39472   1644.624    607.000     4.2188   3.295717     4.2181   3.296989      95.57     0.0161     2.6989     2.4099  1.9811037  1.1514041   47.00326  -46.67034    34.9206    34.9363     4.1733     4.1725    27.7048    27.7174    5.96808    6.09856         21 0.0000e+00
      39492   1645.443    606.000     4.2192   3.295707     4.2185   3.296980      81.41     0.0133     2.6999     2.4099  1.9816889  1.1517456   47.00326  -46.67034    34.9206    34.9363     4.1737     4.1730    27.7048    27.7174    5.96476    6.10061         18 0.0000e+00
      39510   1646.189    605.000     4.2223   3.295972     4.2207   3.297140      97.22     0.0147     2.6990     2.4100  1.9816849  1.1516899   47.00326  -46.67034    34.9210    34.9364     4.1768     4.1753    27.7048    27.7172    5.95583    6.10515         17 0.0000e+00
      39526   1646.872    604.000     4.2288   3.296545     4.2262   3.297623      96.76     0.0166     2.6993     2.4105  1.9816849  1.1517099   47.00327  -46.67033    34.9214    34.9368     4.1834     4.1808    27.7044    27.7170    5.96526    6.10222         16 0.0000e+00
      39542   1647.537    603.000     4.2325   3.296881     4.2312   3.298086      30.38     0.0130     2.7003     2.4104  1.9820756  1.1524907   47.00328  -46.67032    34.9219    34.9375     4.1872     4.1859    27.7044    27.7169    5.97009    6.09689         16 0.0000e+00
      39558   1648.226    602.000     4.2343   3.297033     4.2335   3.298277      63.70     0.0135     2.7008     2.4107  1.9820243  1.1522870   47.00328  -46.67032    34.9223    34.9378     4.1891     4.1882    27.7045    27.7169    5.96805    6.10016         18 0.0000e+00
      39580   1649.129    601.000     4.2363   3.297182     4.2357   3.298445      94.23     0.0145     2.7008     2.4110  1.9812963  1.1525226   47.00328  -46.67032    34.9225    34.9380     4.1911     4.1905    27.7044    27.7169    5.94733    6.09700         28 0.0000e+00
      39620   1650.777    600.000     4.2366   3.297153     4.2358   3.298399      85.60     0.0161     2.6991     2.4094  1.9811383  1.1529968   47.00328  -46.67032    34.9224    34.9379     4.1915     4.1907    27.7043    27.7167    5.94277    6.06690         41 0.0000e+00
      39646   1651.874    599.000     4.2370   3.297117     4.2368   3.298452      92.50     0.0164     2.6984     2.4075  1.9816937  1.1538608   47.00329  -46.67032    34.9220    34.9380     4.1920     4.1917    27.7040    27.7167    5.94868    6.06909         18 0.0000e+00
      39662   1652.550    598.000     4.2413   3.297490     4.2398   3.298689      96.80     0.0168     2.6991     2.4072  1.9816849  1.1538461   47.00330  -46.67032    34.9224    34.9381     4.1963     4.1948    27.7038    27.7165    5.94006    6.07302         15 0.0000e+00
      39676   1653.125    597.000     4.2480   3.298133     4.2469   3.299342      96.75     0.0171     2.6975     2.4068  1.9816849  1.1538461   47.00330  -46.67032    34.9234    34.9388     4.2031     4.2020    27.7039    27.7163    5.92726    6.06919         13 0.0000e+00
