data/CTD/2013/CNV/U021A037.CNV
* Sea-Bird SBE 9 Data File:
* FileName = C:\CTD_ACQUISITION\2013021HUD\ctddata\021A037.hdr
* Software Version Seasave V 7.22.2
* Temperature SN = 5081
* Conductivity SN = 3561
* Number of Bytes Per Scan = 37
* Number of Voltage Words = 4
* Number of Scans Averaged by the Deck Unit = 1
* NMEA Latitude = 48 20.72 N
* NMEA Longitude = 046 35.05 W
* NMEA UTC (Time) = Jul 03 2013 18:21:36
* NMEA baud rate = 9600
** Ship: Hudson
** Cruise: HUD2013021
** Chief_Scientist: Greenan
** Organization: BIO
** Area_of_Operation: Sackville Spur
** Station: 37
** Sounding:  1386
** Event_Comments: SS10  393174
# nquan = 25
# nvalues = 1404                        
# units = specified
# name 0 = scan: Scan Count
# name 1 = timeS: Time, Elapsed [seconds]
# name 2 = prDM: Pressure, Digiquartz [db]
# name 3 = t068C: Temperature [ITS-68, deg C]
# name 4 = c0S/m: Conductivity [S/m]
# name 5 = t168C: Temperature, 2 [ITS-68, deg C]
# name 6 = c1S/m: Conductivity, 2 [S/m]
# name 7 = altM: Altimeter [m]
# name 8 = flCUVA: Fluorescence, Chelsea UV Aquatracka [ug/l]
# name 9 = sbeox0V: Oxygen raw, SBE 43 [V]
# name 10 = sbeox1V: Oxygen raw, SBE 43, 2 [V]
# name 11 = upoly0: Upoly 0, Optode 4330F - O2 D-Phase
# name 12 = upoly1: Upoly 1, Optode 4330F - O2 Temp
# name 13 = latitude: Latitude [deg]
# name 14 = longitude: Longitude [deg]
# name 15 = sal00: Salinity, Practical [PSU]
# name 16 = sal11: Salinity, Practical, 2 [PSU]
# name 17 = potemp068C: Potential Temperature [ITS-68, deg C]
# name 18 = potemp168C: Potential Temperature, 2 [ITS-68, deg C]
# name 19 = sigma-é00: Density [sigma-theta, Kg/m^3]
# name 20 = sigma-é11: Density, 2 [sigma-theta, Kg/m^3]
# name 21 = sbeox0ML/L: Oxygen, SBE 43 [ml/l], WS = 2
# name 22 = sbeox1ML/L: Oxygen, SBE 43, 2 [ml/l], WS = 2
# name 23 = nbin: number of scans per bin
# name 24 = flag: flag
# span 0 =      43792,      77818       
# span 1 =   1824.619,   3242.392       
# span 2 =      1.000,   1404.000       
# span 3 =     0.0268,     6.0260       
# span 4 =   2.777025,   3.286898       
# span 5 =     0.0271,     6.0250       
# span 6 =   2.778170,   3.288261       
# span 7 =       4.97,     100.65       
# span 8 =     0.0070,     0.0753       
# span 9 =     2.4525,     3.4027       
# span 10 =     2.2051,     3.0533      
# span 11 =  1.7304943,  2.0403126      
# span 12 =  0.6520817,  1.3643101      
# span 13 =   48.34724,   48.34970      
# span 14 =  -46.57800,  -46.57528      
# span 15 =    32.5913,    34.9150      
# span 16 =    32.6065,    34.9316      
# span 17 =     0.0255,     6.0258      
# span 18 =     0.0258,     6.0247      
# span 19 =    25.6467,    27.7585      
# span 20 =    25.6588,    27.7719      
# span 21 =    5.89021,    8.78460      
# span 22 =    6.09389,    8.81081      
# span 23 =         11,        849      
# span 24 = 0.0000e+00, 0.0000e+00      
# interval = decibars: 1                
# start_time = Jul 03 2013 18:21:36 [NMEA time, header]
# bad_flag = -9.990e-29
*END*
[from data line 232]
      50296   2095.638   1172.000     3.8352   3.284804     3.8347   3.286173      95.80     0.0193     2.5418     2.2737  2.0134311  1.1028100   48.34752  -46.57718    34.9066    34.9234     3.7457     3.7451    27.7383    27.7517    5.99592    6.16178         15 0.0000e+00
      50311   2096.254   1171.000     3.8358   3.284813     3.8351   3.286164      96.08     0.0190     2.5418     2.2735  2.0134311  1.1028084   48.34752  -46.57718    34.9067    34.9234     3.7463     3.7456    27.7383    27.7516    5.99304    6.15793         15 0.0000e+00
      50327   2096.927   1170.000     3.8360   3.284786     3.8352   3.286131      62.11     0.0175     2.5424     2.2738  2.0138988  1.1035035   48.34752  -46.57718    34.9066    34.9234     3.7466     3.7458    27.7382    27.7516    5.99179    6.16384         18 0.0000e+00
      50349   2097.816   1169.000     3.8359   3.284748     3.8351   3.286077      93.15     0.0153     2.5428     2.2743  2.0140119  1.1037682   48.34752  -46.57718    34.9068    34.9234     3.7466     3.7458    27.7383    27.7516    5.99482    6.16614         27 0.0000e+00
      50390   2099.525   1168.000     3.8356   3.284686     3.8348   3.286011      54.18     0.0135     2.5437     2.2751  2.0125117  1.1046325   48.34752  -46.57716    34.9068    34.9234     3.7465     3.7456    27.7384    27.7516    5.99862    6.16469         52 0.0000e+00
      50430   2101.223   1167.000     3.8355   3.284612     3.8344   3.285933      95.96     0.0139     2.5452     2.2760  2.0133221  1.1039433   48.34752  -46.57716    34.9066    34.9234     3.7464     3.7453    27.7382    27.7517    6.00333    6.17245         27 0.0000e+00
      50454   2102.193   1166.000     3.8355   3.284565     3.8345   3.285900      81.31     0.0112     2.5453     2.2763  2.0134346  1.1037803   48.34754  -46.57716    34.9066    34.9234     3.7465     3.7455    27.7382    27.7516    6.00027    6.16757         21 0.0000e+00
      50474   2103.021   1165.000     3.8359   3.284556     3.8352   3.285906      60.50     0.0108     2.5460     2.2769  2.0123107  1.1037852   48.34754  -46.57716    34.9066    34.9232     3.7470     3.7463    27.7381    27.7514    6.00225    6.17496         19 0.0000e+00
      50492   2103.771   1164.000     3.8368   3.284594     3.8363   3.285962      95.96     0.0135     2.5463     2.2776  2.0122101  1.1037852   48.34754  -46.57716    34.9065    34.9232     3.7480     3.7475    27.7379    27.7513    5.99690    6.17204         18 0.0000e+00
      50509   2104.511   1163.000     3.8380   3.284646     3.8374   3.286019      96.07     0.0162     2.5461     2.2778  2.0122101  1.1041867   48.34754  -46.57716    34.9064    34.9232     3.7492     3.7486    27.7378    27.7512    5.99930    6.16660         18 0.0000e+00
      50528   2105.302   1162.000     3.8386   3.284661     3.8379   3.286011      91.35     0.0149     2.5471     2.2778  2.0122702  1.1049948   48.34754  -46.57714    34.9064    34.9231     3.7499     3.7492    27.7377    27.7511    5.99393    6.16435         20 0.0000e+00
      50550   2106.219   1161.000     3.8388   3.284637     3.8380   3.285979      73.20     0.0127     2.5462     2.2778  2.0122108  1.1050061   48.34754  -46.57714    34.9064    34.9231     3.7502     3.7494    27.7377    27.7510    5.98808    6.15902         24 0.0000e+00
      50574   2107.228   1160.000     3.8390   3.284597     3.8382   3.285948      94.44     0.0117     2.5469     2.2776  2.0101774  1.1050061   48.34754  -46.57714    34.9063    34.9231     3.7504     3.7497    27.7375    27.7510    6.00353    6.16357         24 0.0000e+00
      50598   2108.228   1159.000     3.8390   3.284562     3.8385   3.285926      92.04     0.0108     2.5477     2.2783  2.0099208  1.1050061   48.34754  -46.57714    34.9063    34.9230     3.7506     3.7501    27.7375    27.7509    6.00725    6.17339         24 0.0000e+00
      50624   2109.278   1158.000     3.8393   3.284540     3.8392   3.285935      73.50     0.0091     2.5486     2.2788  2.0099931  1.1050061   48.34754  -46.57714    34.9063    34.9229     3.7509     3.7508    27.7375    27.7507    6.00864    6.17023         27 0.0000e+00
      50654   2110.530   1157.000     3.8397   3.284533     3.8399   3.285958      69.34     0.0129     2.5493     2.2794  2.0100999  1.1050061   48.34754  -46.57714    34.9063    34.9229     3.7514     3.7516    27.7374    27.7506    6.00076    6.17116         33 0.0000e+00
      50685   2111.849   1156.000     3.8405   3.284537     3.8409   3.285985      95.84     0.0170     2.5497     2.2800  2.0094895  1.1050061   48.34754  -46.57714    34.9060    34.9227     3.7523     3.7527    27.7371    27.7503    6.00594    6.16585         28 0.0000e+00
      50710   2112.867   1155.000     3.8414   3.284559     3.8419   3.286028      96.11     0.0165     2.5502     2.2797  2.0100770  1.1058470   48.34754  -46.57713    34.9058    34.9226     3.7533     3.7538    27.7369    27.7502    6.00207    6.16070         21 0.0000e+00
      50729   2113.652   1154.000     3.8421   3.284589     3.8422   3.286014      74.71     0.0133     2.5506     2.2796  2.0101295  1.1062407   48.34754  -46.57712    34.9059    34.9227     3.7541     3.7541    27.7369    27.7502    6.00091    6.15916         17 0.0000e+00
      50745   2114.331   1153.000     3.8429   3.284619     3.8422   3.285979      76.59     0.0092     2.5500     2.2796  2.0102284  1.1062272   48.34754  -46.57712    34.9060    34.9227     3.7549     3.7543    27.7368    27.7502    5.99870    6.15358         16 0.0000e+00
      50761   2114.980   1152.000     3.8438   3.284656     3.8431   3.286020      96.08     0.0120     2.5506     2.2790  2.0100732  1.1062272   48.34754  -46.57712    34.9059    34.9228     3.7559     3.7552    27.7367    27.7501    5.99818    6.15473         16 0.0000e+00
      50777   2115.676   1151.000     3.8447   3.284691     3.8441   3.286056      91.23     0.0124     2.5505     2.2793  2.0096397  1.1062272   48.34754  -46.57712    34.9059    34.9227     3.7569     3.7563    27.7366    27.7500    5.99907    6.16653         18 0.0000e+00
      50801   2116.666   1150.000     3.8450   3.284686     3.8443   3.286026      52.88     0.0113     2.5514     2.2800  2.0094507  1.1062272   48.34754  -46.57712    34.9060    34.9226     3.7573     3.7565    27.7366    27.7499    6.00659    6.16748         33 0.0000e+00
      50855   2118.918   1149.000     3.8437   3.284538     3.8425   3.285834      89.99     0.0157     2.5520     2.2810  2.0095139  1.1062272   48.34754  -46.57712    34.9062    34.9227     3.7561     3.7563    27.7368    27.7502    6.00382    6.17099         55 0.0000e+00
      50885   2120.166   1148.000     3.8439   3.284491     3.8423   3.285758      96.39     0.0164     2.5530     2.2814  2.0095773  1.1062272   48.34756  -46.57710    34.9059    34.9225     3.7563     3.7548    27.7366    27.7500    6.01194    6.16991         19 0.0000e+00
      50902   2120.881   1147.000     3.8447   3.284513     3.8438   3.285839      95.98     0.0143     2.5531     2.2821  2.0099869  1.1053580   48.34756  -46.57710    34.9058    34.9225     3.7572     3.7563    27.7365    27.7498    5.99959    6.17669         17 0.0000e+00
      50918   2121.551   1146.000     3.8451   3.284516     3.8444   3.285864      79.15     0.0129     2.5531     2.2825  2.0099218  1.1050121   48.34756  -46.57710    34.9060    34.9226     3.7577     3.7570    27.7365    27.7499    5.99552    6.17473         16 0.0000e+00
      50934   2122.203   1145.000     3.8455   3.284507     3.8449   3.285862      42.77     0.0139     2.5529     2.2827  2.0098500  1.1050061   48.34756  -46.57710    34.9059    34.9226     3.7582     3.7620    27.7364    27.7498    5.99656    6.17253         15 0.0000e+00
      50950   2122.880   1144.000     3.8461   3.284510     3.8453   3.285852      63.06     0.0132     2.5528     2.2831  2.0094776  1.1059475   48.34756  -46.57710    34.9058    34.9226     3.7589     3.7580    27.7363    27.7497    6.00025    6.17364         17 0.0000e+00
      50969   2123.660   1143.000     3.8471   3.284561     3.8457   3.285852      95.74     0.0145     2.5530     2.2836  2.0092468  1.1062247   48.34756  -46.57710    34.9059    34.9226     3.7599     3.7585    27.7363    27.7497    6.00746    6.17396         21 0.0000e+00
      50993   2124.669   1142.000     3.8470   3.284524     3.8470   3.285914      96.07     0.0147     2.5540     2.2840  2.0091591  1.1062272   48.34756  -46.57710    34.9060    34.9225     3.7599     3.7599    27.7364    27.7494    6.00833    6.17304         28 0.0000e+00
      51022   2125.881   1141.000     3.8468   3.284456     3.8473   3.285898      96.07     0.0128     2.5549     2.2845  2.0090096  1.1062272   48.34756  -46.57709    34.9059    34.9225     3.7598     3.7603    27.7363    27.7494    6.01015    6.17443         29 0.0000e+00
      51049   2127.011   1140.000     3.8472   3.284427     3.8481   3.285913      69.46     0.0126     2.5556     2.2850  2.0081782  1.1062272   48.34756  -46.57708    34.9057    34.9224     3.7603     3.7611    27.7361    27.7492    6.01507    6.17939         26 0.0000e+00
      51075   2128.097   1139.000     3.8485   3.284500     3.8488   3.285932      80.67     0.0184     2.5560     2.2858  2.0074713  1.1062272   48.34756  -46.57708    34.9057    34.9224     3.7617     3.7619    27.7359    27.7492    6.00681    6.18134         26 0.0000e+00
      51104   2129.278   1138.000     3.8490   3.284515     3.8492   3.285928      62.86     0.0207     2.5564     2.2864  2.0075300  1.1064728   48.34758  -46.57708    34.9058    34.9223     3.7623     3.7624    27.7359    27.7491    6.00464    6.17674         30 0.0000e+00
      51132   2130.476   1137.000     3.8497   3.284521     3.8495   3.285908      71.83     0.0181     2.5564     2.2869  2.0079014  1.1065102   48.34756  -46.57708    34.9057    34.9223     3.7630     3.7628    27.7358    27.7490    6.00815    6.17975         26 0.0000e+00
      51155   2131.436   1136.000     3.8501   3.284514     3.8499   3.285894      84.83     0.0157     2.5570     2.2873  2.0085602  1.1073481   48.34758  -46.57708    34.9056    34.9222     3.7636     3.7633    27.7357    27.7489    6.00740    6.17520         21 0.0000e+00
      51174   2132.206   1135.000     3.8506   3.284506     3.8503   3.285895      68.44     0.0170     2.5572     2.2872  2.0085471  1.1074476   48.34758  -46.57708    34.9056    34.9223     3.7641     3.7638    27.7356    27.7489    6.00432    6.17432         17 0.0000e+00
      51191   2132.905   1134.000     3.8510   3.284508     3.8506   3.285873      95.50     0.0197     2.5570     2.2876  2.0085471  1.1074481   48.34758  -46.57708    34.9057    34.9223     3.7646     3.7641    27.7356    27.7489    6.00137    6.17901         17 0.0000e+00
      51208   2133.622   1133.000     3.8517   3.284523     3.8511   3.285883      96.06     0.0184     2.5568     2.2877  2.0085471  1.1074481   48.34758  -46.57708    34.9056    34.9223     3.7654     3.7647    27.7355    27.7489    6.00221    6.17503         18 0.0000e+00
      51228   2134.473   1132.000     3.8523   3.284535     3.8520   3.285913      70.58     0.0176     2.5573     2.2878  2.0084956  1.1074481   48.34758  -46.57708    34.9057    34.9223     3.7660     3.7657    27.7354    27.7487    6.00024    6.16638         23 0.0000e+00
      51259   2135.734   1131.000     3.8523   3.284497     3.8520   3.285872      82.47     0.0171     2.5572     2.2873  2.0085456  1.1073858   48.34758  -46.57706    34.9057    34.9223     3.7661     3.7658    27.7354    27.7487    6.00231    6.16589         38 0.0000e+00
      51295   2137.247   1130.000     3.8526   3.284464     3.8517   3.285800      72.43     0.0186     2.5577     2.2873  2.0083044  1.1074498   48.34758  -46.57708    34.9055    34.9222     3.7665     3.7656    27.7353    27.7487    6.00687    6.16768         31 0.0000e+00
      51321   2138.339   1129.000     3.8525   3.284415     3.8518   3.285765      96.15     0.0201     2.5583     2.2874  2.0081213  1.1074481   48.34758  -46.57706    34.9055    34.9222     3.7665     3.7658    27.7353    27.7487    6.00746    6.17107         23 0.0000e+00
      51344   2139.289   1128.000     3.8527   3.284393     3.8521   3.285750      89.35     0.0174     2.5584     2.2877  2.0073287  1.1074481   48.34758  -46.57706    34.9056    34.9223     3.7667     3.7718    27.7353    27.7486    6.00672    6.16913         23 0.0000e+00
      51367   2140.245   1127.000     3.8529   3.284370     3.8523   3.285727      71.06     0.0130     2.5592     2.2875  2.0073791  1.1074481   48.34758  -46.57706    34.9056    34.9223     3.7671     3.7665    27.7353    27.7486    6.00138    6.16381         23 0.0000e+00
      51389   2141.176   1126.000     3.8533   3.284358     3.8524   3.285692      43.08     0.0140     2.5579     2.2875  2.0073256  1.1074481   48.34758  -46.57706    34.9055    34.9223     3.7676     3.7666    27.7352    27.7486    5.99861    6.16626         21 0.0000e+00
      51409   2141.989   1125.000     3.8536   3.284338     3.8527   3.285673      96.68     0.0157     2.5593     2.2875  2.0073261  1.1074481   48.34758  -46.57706    34.9054    34.9222     3.7680     3.7670    27.7351    27.7485    6.02247    6.16592         18 0.0000e+00
      51426   2142.693   1124.000     3.8537   3.284304     3.8529   3.285649      95.98     0.0129     2.5604     2.2878  2.0073261  1.1074481   48.34758  -46.57705    34.9055    34.9223     3.7681     3.7672    27.7351    27.7485    6.01803    6.17188         16 0.0000e+00
      51441   2143.343   1123.000     3.8538   3.284275     3.8531   3.285627      96.02     0.0128     2.5603     2.2882  2.0073261  1.1074481   48.34758  -46.57704    34.9056    34.9223     3.7683     3.7675    27.7351    27.7485    6.01238    6.17726         16 0.0000e+00
      51457   2144.005   1122.000     3.8541   3.284262     3.8534   3.285616      96.06     0.0140     2.5610     2.2887  2.0073261  1.1074481   48.34760  -46.57704    34.9055    34.9223     3.7687     3.7680    27.7351    27.7485    6.01210    6.17802         16 0.0000e+00
      51477   2144.813   1121.000     3.8543   3.284254     3.8544   3.285653      66.38     0.0142     2.5614     2.2892  2.0073261  1.1074481   48.34760  -46.57704    34.9057    34.9223     3.7690     3.7690    27.7352    27.7484    6.01256    6.17719         24 0.0000e+00
      51537   2147.325   1120.000     3.8540   3.284173     3.8533   3.285523      73.08     0.0184     2.5626     2.2906  2.0076404  1.1074481   48.34760  -46.57704    34.9056    34.9223     3.7688     3.7702    27.7351    27.7485    6.01801    6.17771         72 0.0000e+00
      51570   2148.712   1119.000     3.8543   3.284131     3.8530   3.285437      96.49     0.0227     2.5639     2.2910  2.0063174  1.1069069   48.34760  -46.57704    34.9054    34.9221     3.7691     3.7678    27.7349    27.7484    6.01919    6.17627         16 0.0000e+00
      51584   2149.284   1118.000     3.8549   3.284153     3.8539   3.285481      95.96     0.0183     2.5641     2.2914  2.0049016  1.1062355   48.34760  -46.57704    34.9055    34.9222     3.7698     3.7688    27.7349    27.7483    6.02288    6.17480         13 0.0000e+00
      51597   2149.829   1117.000     3.8567   3.284263     3.8556   3.285591      54.65     0.0209     2.5647     2.2914  2.0053501  1.1062272   48.34760  -46.57704    34.9054    34.9222     3.7716     3.7706    27.7347    27.7482    6.01907    6.17587         13 0.0000e+00
      51610   2150.363   1116.000     3.8593   3.284456     3.8586   3.285811      78.69     0.0182     2.5653     2.2914  2.0044348  1.1062272   48.34760  -46.57704    34.9054    34.9222     3.7744     3.7736    27.7344    27.7478    6.02102    6.18195         13 0.0000e+00
