data/CTD/2013/CNV/U021A029.CNV
* Sea-Bird SBE 9 Data File:
* FileName = C:\CTD_ACQUISITION\2013021HUD\ctddata\021A029.hdr
* Software Version Seasave V 7.22.2
* Temperature SN = 5081
* Conductivity SN = 3561
* Number of Bytes Per Scan = 37
* Number of Voltage Words = 4
* Number of Scans Averaged by the Deck Unit = 1
* NMEA Latitude = 47 58.52 N
* NMEA Longitude = 046 09.24 W
* NMEA UTC (Time) = Jul 03 2013 02:14:03
* NMEA baud rate = 9600
** Ship: Hudson
** Cruise: HUD2013021
** Chief_Scientist: Greenan
** Organization: BIO
** Area_of_Operation: Sackville Spur
** Station: 29
** Sounding:  1088
** Event_Comments: SS17  393133
# nquan = 25
# nvalues = 1077                        
# units = specified
# name 0 = scan: Scan Count
# name 1 = timeS: Time, Elapsed [seconds]
# name 2 = prDM: Pressure, Digiquartz [db]
# name 3 = t068C: Temperature [ITS-68, deg C]
# name 4 = c0S/m: Conductivity [S/m]
# name 5 = t168C: Temperature, 2 [ITS-68, deg C]
# name 6 = c1S/m: Conductivity, 2 [S/m]
# name 7 = altM: Altimeter [m]
# name 8 = flCUVA: Fluorescence, Chelsea UV Aquatracka [ug/l]
# name 9 = sbeox0V: Oxygen raw, SBE 43 [V]
# name 10 = sbeox1V: Oxygen raw, SBE 43, 2 [V]
# name 11 = upoly0: Upoly 0, Optode 4330F - O2 D-Phase
# name 12 = upoly1: Upoly 1, Optode 4330F - O2 Temp
# name 13 = latitude: Latitude [deg]
# name 14 = longitude: Longitude [deg]
# name 15 = sal00: Salinity, Practical [PSU]
# name 16 = sal11: Salinity, Practical, 2 [PSU]
# name 17 = potemp068C: Potential Temperature [ITS-68, deg C]
# name 18 = potemp168C: Potential Temperature, 2 [ITS-68, deg C]
# name 19 = sigma-é00: Density [sigma-theta, Kg/m^3]
# name 20 = sigma-é11: Density, 2 [sigma-theta, Kg/m^3]
# name 21 = sbeox0ML/L: Oxygen, SBE 43 [ml/l], WS = 2
# name 22 = sbeox1ML/L: Oxygen, SBE 43, 2 [ml/l], WS = 2
# name 23 = nbin: number of scans per bin
# name 24 = flag: flag
# span 0 =      39720,      66027       
# span 1 =   1654.942,   2751.084       
# span 2 =      1.000,   1077.000       
# span 3 =     0.1934,     5.8243       
# span 4 =   2.813916,   3.292615       
# span 5 =     0.1686,     5.8237       
# span 6 =   2.810972,   3.293938       
# span 7 =      -1.83,     108.38       
# span 8 =     0.0055,     0.4209       
# span 9 =     2.5178,     3.3904       
# span 10 =     2.2645,     3.0302      
# span 11 =  1.7338214,  2.0391830      
# span 12 =  0.6935125,  1.3543339      
# span 13 =   47.97539,   47.97572      
# span 14 =  -46.15311,  -46.15226      
# span 15 =    32.5960,    34.9143      
# span 16 =    32.6110,    34.9304      
# span 17 =     0.1918,     5.8242      
# span 18 =     0.1670,     5.8236      
# span 19 =    25.6754,    27.7565      
# span 20 =    25.6873,    27.7695      
# span 21 =    5.84733,    8.55474      
# span 22 =    6.06334,    8.56757      
# span 23 =          8,        288      
# span 24 = 0.0000e+00, 0.0000e+00      
# interval = decibars: 1                
# start_time = Jul 03 2013 02:14:03 [NMEA time, header]
# bad_flag = -9.990e-29
*END*
[from data line 1044]
      63804   2658.473     33.000     3.4366   3.045616     3.7169   3.065711      42.95     0.1724     3.3904     3.0302  1.8565544  0.9161103   47.97552  -46.15300    33.0621    33.0175     3.4346     3.7148    26.2992    26.2373    7.65071    7.67084         33 0.0000e+00
      63834   2659.692     32.000     3.5650   3.053743     3.8383   3.072834      85.75     0.1679     3.3870     3.0238  1.8424406  0.9574115   47.97552  -46.15300    33.0293    32.9839     3.5630     3.8362    26.2611    26.1993    7.54717    7.59084         26 0.0000e+00
      63858   2660.720     31.000     3.9225   3.075709     4.1623   3.094909      88.54     0.1655     3.3799     3.0176  1.8328246  0.9794973   47.97551  -46.15300    32.9296    32.9154     3.9205     4.1603    26.1474    26.1121    7.45481    7.51810         23 0.0000e+00
      63881   2661.670     30.000     4.1629   3.093054     4.3465   3.106734      35.51     0.1593     3.3753     3.0128  1.8279792  0.9918192   47.97550  -46.15301    32.8936    32.8706     4.1609     4.3445    26.0947    26.0577    7.41366    7.47506         23 0.0000e+00
      63903   2662.574     29.000     4.3815   3.107854     4.5714   3.122425      94.19     0.1576     3.3718     3.0084  1.8204770  1.0087146   47.97550  -46.15302    32.8493    32.8304     4.3796     4.5694    26.0371    26.0022    7.35827    7.41710         21 0.0000e+00
      63925   2663.487     28.000     4.6916   3.129878     4.9274   3.147384      30.04     0.1560     3.3669     3.0031  1.8132927  1.0253949   47.97550  -46.15302    32.7983    32.7679     4.6896     4.9253    25.9640    25.9142    7.27705    7.34111         23 0.0000e+00
      63949   2664.484     27.000     4.9565   3.147633     5.1409   3.162704      92.90     0.1533     3.3603     2.9983  1.8020425  1.0478336   47.97550  -46.15302    32.7426    32.7344     4.9545     5.1389    25.8910    25.8641    7.20974    7.29340         25 0.0000e+00
      63974   2665.548     26.000     5.0991   3.158723     5.2393   3.169588      74.55     0.1505     3.3550     2.9937  1.7874635  1.0786108   47.97550  -46.15302    32.7304    32.7175     5.0972     5.2373    25.8656    25.8395    7.18745    7.26805         25 0.0000e+00
      63999   2666.589     25.000     5.1989   3.165989     5.3301   3.175402      33.75     0.1435     3.3517     2.9894  1.7803258  1.1049103   47.97550  -46.15303    32.7165    32.6957     5.1970     5.3282    25.8432    25.8119    7.17402    7.25030         25 0.0000e+00
      64024   2667.620     24.000     5.2938   3.172373     5.4014   3.180488      94.54     0.1436     3.3501     2.9872  1.7741451  1.1305213   47.97549  -46.15304    32.6968    32.6846     5.2920     5.3995    25.8171    25.7948    7.17369    7.25121         25 0.0000e+00
      64049   2668.655     23.000     5.4162   3.180341     5.4698   3.185322      88.97     0.1453     3.3504     2.9871  1.7710717  1.1483258   47.97548  -46.15304    32.6689    32.6734     5.4145     5.4680    25.7807    25.7781    7.16541    7.25786         25 0.0000e+00
      64076   2669.807     22.000     5.4682   3.184471     5.5082   3.187951      48.97     0.1444     3.3525     2.9888  1.7692398  1.1611085   47.97548  -46.15304    32.6658    32.6664     5.4665     5.5065    25.7722    25.7681    7.16276    7.26541         30 0.0000e+00
      64107   2671.077     21.000     5.4986   3.186259     5.5367   3.189886      94.70     0.1474     3.3517     2.9898  1.7649590  1.1893499   47.97548  -46.15304    32.6579    32.6604     5.4970     5.5351    25.7624    25.7600    7.11261    7.23263         31 0.0000e+00
      64137   2672.328     20.000     5.5195   3.187287     5.5582   3.190842      37.33     0.1511     3.3449     2.9863  1.7617344  1.1978619   47.97548  -46.15304    32.6503    32.6515     5.5179     5.5566    25.7540    25.7505    7.06609    7.20384         28 0.0000e+00
      64163   2673.427     19.000     5.5532   3.189505     5.5777   3.192261      58.56     0.1485     3.3404     2.9846  1.7546614  1.2113553   47.97548  -46.15305    32.6417    32.6491     5.5518     5.5762    25.7432    25.7463    7.09730    7.22270         25 0.0000e+00
      64188   2674.455     18.000     5.5994   3.192421     5.6095   3.194571      95.50     0.1465     3.3431     2.9859  1.7546279  1.2171344   47.97548  -46.15306    32.6309    32.6449     5.5980     5.6081    25.7293    25.7392    7.12957    7.23224         24 0.0000e+00
      64211   2675.427     17.000     5.6469   3.196227     5.6605   3.198128      26.52     0.1444     3.3456     2.9870  1.7545781  1.2272166   47.97546  -46.15306    32.6279    32.6362     5.6456     5.6592    25.7213    25.7263    7.10747    7.21517         23 0.0000e+00
      64234   2676.361     16.000     5.7197   3.201229     5.7303   3.202955      93.33     0.1434     3.3452     2.9862  1.7542125  1.2310300   47.97546  -46.15306    32.6143    32.6233     5.7185     5.7291    25.7020    25.7080    7.07618    7.18802         23 0.0000e+00
      64261   2677.507     15.000     5.7745   3.205212     5.7658   3.205642      83.52     0.1449     3.3447     2.9853  1.7534113  1.2399416   47.97546  -46.15306    32.6068    32.6201     5.7733     5.7646    25.6894    25.7010    7.06957    7.18227         35 0.0000e+00
      64307   2679.437     14.000     5.6739   3.197805     5.6932   3.200558      69.73     0.1430     3.3444     2.9855  1.7487921  1.2611958   47.97546  -46.15306    32.6210    32.6335     5.6728     5.6921    25.7126    25.7202    7.08549    7.20877         47 0.0000e+00
      64340   2680.791     13.000     5.7372   3.201886     5.7739   3.205828      84.57     0.1378     3.3445     2.9870  1.7458348  1.2728593   47.97545  -46.15307    32.6063    32.6153     5.7362     5.7728    25.6935    25.6962    7.08860    7.20206         23 0.0000e+00
      64360   2681.611     12.000     5.7929   3.206064     5.8004   3.207839      20.91     0.1357     3.3465     2.9881  1.7448018  1.2772049   47.97544  -46.15308    32.6000    32.6129     5.7920     5.7994    25.6819    25.6911    7.08967    7.20267         18 0.0000e+00
      64378   2682.376     11.000     5.8117   3.207470     5.8116   3.208710      94.60     0.1375     3.3477     2.9893  1.7443601  1.2795490   47.97544  -46.15308    32.5983    32.6123     5.8108     5.8107    25.6782    25.6893    7.08578    7.19810         19 0.0000e+00
      64401   2683.320     10.000     5.8183   3.207981     5.8169   3.209100      40.60     0.1391     3.3496     2.9896  1.7433217  1.2866799   47.97544  -46.15308    32.5981    32.6120     5.8176     5.8162    25.6773    25.6884    7.08372    7.19184         28 0.0000e+00
      64436   2684.792      9.000     5.8166   3.207792     5.8121   3.208668      21.17     0.1384     3.3496     2.9904  1.7448114  1.2961715   47.97544  -46.15308    32.5981    32.6123     5.8159     5.8114    25.6775    25.6892    7.06165    7.19571         41 0.0000e+00
      64473   2686.345      8.000     5.7972   3.206185     5.8008   3.207686       4.14     0.1354     3.3476     2.9908  1.7453326  1.3031934   47.97544  -46.15308    32.5993    32.6127     5.7966     5.8001    25.6807    25.6909    7.06591    7.18622         33 0.0000e+00
      64503   2687.601      7.000     5.8071   3.206773     5.8109   3.208362       3.13     0.1400     3.3482     2.9898  1.7448034  1.3065182   47.97543  -46.15309    32.5968    32.6110     5.8065     5.8103    25.6776    25.6884    7.07163    7.18246         27 0.0000e+00
      64529   2688.665      6.000     5.8164   3.207474     5.8135   3.208561       3.79     0.1409     3.3485     2.9896  1.7440857  1.3066785   47.97542  -46.15310    32.5962    32.6112     5.8159     5.8131    25.6760    25.6882    7.06834    7.18253         24 0.0000e+00
      64552   2689.631      5.000     5.8197   3.207694     5.8169   3.208798       4.45     0.1399     3.3487     2.9893  1.7435974  1.3067751   47.97542  -46.15310    32.5960    32.6112     5.8193     5.8165    25.6754    25.6877    7.06770    7.17583         24 0.0000e+00
      64589   2691.172      4.000     5.8203   3.207720     5.8198   3.208995       4.70     0.1363     3.3495     2.9879  1.7409066  1.3131943   47.97542  -46.15310    32.5962    32.6111     5.8200     5.8194    25.6755    25.6873    7.06908    7.17239         50 0.0000e+00
      64755   2698.069      3.000     5.8215   3.207792     5.8193   3.208967      21.90     0.1372     3.3513     2.9880  1.7399331  1.3310528   47.97541  -46.15311    32.5964    32.6117     5.8212     5.8190    25.6755    25.6879    7.07174    7.17566        281 0.0000e+00
      65629   2734.511      2.000     5.8201   3.207832     5.8196   3.209122      -1.83     0.1349     3.3543     2.9944  1.7338214  1.3543339   47.97539  -46.15311    32.5986    32.6136     5.8200     5.8195    25.6774    25.6893    7.07316    7.18614        165 0.0000e+00
      66027   2751.084      1.000     5.8243   3.208106     5.8237   3.209405       3.09     0.1358     3.3558     2.9882  1.7343634  1.3536077   47.97540  -46.15306    32.5982    32.6134     5.8242     5.8236    25.6765    25.6886    7.07994    7.14902        129 0.0000e+00
