data/CTD/2013/CNV/U021A030.CNV
* Sea-Bird SBE 9 Data File:
* FileName = C:\CTD_ACQUISITION\2013021HUD\ctddata\021A030.hdr
* Software Version Seasave V 7.22.2
* Temperature SN = 5081
* Conductivity SN = 3561
* Number of Bytes Per Scan = 37
* Number of Voltage Words = 4
* Number of Scans Averaged by the Deck Unit = 1
* NMEA Latitude = 48 02.22 N
* NMEA Longitude = 046 13.89 W
* NMEA UTC (Time) = Jul 03 2013 03:47:18
* NMEA baud rate = 9600
** Ship: Hudson
** Cruise: HUD2013021
** Chief_Scientist: Greenan
** Organization: BIO
** Area_of_Operation: Sackville Spur
** Station: 30
** Sounding:  1179
** Event_Comments: SS16  393135
# nquan = 25
# nvalues = 1167                        
# units = specified
# name 0 = scan: Scan Count
# name 1 = timeS: Time, Elapsed [seconds]
# name 2 = prDM: Pressure, Digiquartz [db]
# name 3 = t068C: Temperature [ITS-68, deg C]
# name 4 = c0S/m: Conductivity [S/m]
# name 5 = t168C: Temperature, 2 [ITS-68, deg C]
# name 6 = c1S/m: Conductivity, 2 [S/m]
# name 7 = altM: Altimeter [m]
# name 8 = flCUVA: Fluorescence, Chelsea UV Aquatracka [ug/l]
# name 9 = sbeox0V: Oxygen raw, SBE 43 [V]
# name 10 = sbeox1V: Oxygen raw, SBE 43, 2 [V]
# name 11 = upoly0: Upoly 0, Optode 4330F - O2 D-Phase
# name 12 = upoly1: Upoly 1, Optode 4330F - O2 Temp
# name 13 = latitude: Latitude [deg]
# name 14 = longitude: Longitude [deg]
# name 15 = sal00: Salinity, Practical [PSU]
# name 16 = sal11: Salinity, Practical, 2 [PSU]
# name 17 = potemp068C: Potential Temperature [ITS-68, deg C]
# name 18 = potemp168C: Potential Temperature, 2 [ITS-68, deg C]
# name 19 = sigma-é00: Density [sigma-theta, Kg/m^3]
# name 20 = sigma-é11: Density, 2 [sigma-theta, Kg/m^3]
# name 21 = sbeox0ML/L: Oxygen, SBE 43 [ml/l], WS = 2
# name 22 = sbeox1ML/L: Oxygen, SBE 43, 2 [ml/l], WS = 2
# name 23 = nbin: number of scans per bin
# name 24 = flag: flag
# span 0 =      41029,      84061       
# span 1 =   1709.512,   3502.489       
# span 2 =      1.000,   1167.000       
# span 3 =    -0.0284,     5.8849       
# span 4 =   2.778573,   3.279145       
# span 5 =    -0.0289,     5.8844       
# span 6 =   2.779731,   3.280448       
# span 7 =       3.66,     108.20       
# span 8 =     0.0049,     0.1039       
# span 9 =     2.5290,     3.4403       
# span 10 =     2.2742,     3.1077      
# span 11 =  1.7329336,  2.0224489      
# span 12 =  0.6283562,  1.3610405      
# span 13 =   48.03648,   48.03748      
# span 14 =  -46.23270,  -46.23154      
# span 15 =    32.7518,    34.9093      
# span 16 =    32.7583,    34.9255      
# span 17 =    -0.0296,     5.8848      
# span 18 =    -0.0301,     5.8843      
# span 19 =    25.7916,    27.7466      
# span 20 =    25.8039,    27.7596      
# span 21 =    5.94513,    8.71378      
# span 22 =    6.15382,    9.02322      
# span 23 =          7,        548      
# span 24 = 0.0000e+00, 0.0000e+00      
# interval = decibars: 1                
# start_time = Jul 03 2013 03:47:18 [NMEA time, header]
# bad_flag = -9.990e-29
*END*
      41029   1709.512   1167.000     3.7720   3.279138     3.7714   3.280448       8.80     0.0132     2.5294     2.2748  2.0210187  1.0964592   48.03746  -46.23158    34.9088    34.9250     3.6835     3.6829    27.7463    27.7593    5.97202    6.16985         13 0.0000e+00
      41051   1710.400   1166.000     3.7725   3.279140     3.7716   3.280435       8.87     0.0141     2.5301     2.2746  2.0207429  1.0964592   48.03748  -46.23158    34.9089    34.9251     3.6840     3.6832    27.7463    27.7593    5.95225    6.16035         16 0.0000e+00
      41064   1710.955   1165.000     3.7730   3.279145     3.7719   3.280428       9.26     0.0159     2.5290     2.2743  2.0208504  1.0964592   48.03746  -46.23158    34.9089    34.9252     3.6846     3.6836    27.7463    27.7594    5.94866    6.16033         13 0.0000e+00
      41076   1711.453   1164.000     3.7731   3.279116     3.7723   3.280417      10.04     0.0196     2.5294     2.2744  2.0209775  1.0964592   48.03746  -46.23158    34.9089    34.9252     3.6848     3.6840    27.7463    27.7593    5.95552    6.16144         11 0.0000e+00
      41088   1711.949   1163.000     3.7728   3.279051     3.7721   3.280358      10.62     0.0210     2.5302     2.2742  2.0209455  1.0964592   48.03746  -46.23160    34.9090    34.9253     3.6846     3.6839    27.7464    27.7594    5.96264    6.16410         13 0.0000e+00
      41102   1712.548   1162.000     3.7723   3.278970     3.7716   3.280283      11.87     0.0196     2.5300     2.2745  2.0207677  1.0964592   48.03746  -46.23160    34.9090    34.9254     3.6842     3.6835    27.7464    27.7595    5.95501    6.16573         17 0.0000e+00
      41170   1715.372   1161.000     3.7721   3.278928     3.7716   3.280246      13.76     0.0137     2.5303     2.2749  2.0202563  1.0964592   48.03745  -46.23160    34.9093    34.9254     3.6841     3.6850    27.7466    27.7596    5.95258    6.16389         59 0.0000e+00
      41243   1718.415   1160.000     3.7725   3.278893     3.7718   3.280208      13.97     0.0160     2.5311     2.2752  2.0207546  1.0964592   48.03744  -46.23160    34.9090    34.9253     3.6845     3.6839    27.7464    27.7594    5.95807    6.16550         14 0.0000e+00
      41258   1719.033   1159.000     3.7723   3.278841     3.7717   3.280160      14.71     0.0161     2.5311     2.2754  2.0208297  1.0964592   48.03744  -46.23160    34.9090    34.9253     3.6845     3.6838    27.7464    27.7594    5.95673    6.16558         16 0.0000e+00
      41325   1721.816   1158.000     3.7721   3.278779     3.7715   3.280107      15.91     0.0151     2.5316     2.2752  2.0209303  1.0964592   48.03743  -46.23160    34.9091    34.9254     3.6843     3.6837    27.7465    27.7595    5.95098    6.15658         48 0.0000e+00
      41399   1724.909   1157.000     3.7726   3.278771     3.7719   3.280077      16.52     0.0192     2.5312     2.2750  2.0212190  1.0964592   48.03742  -46.23160    34.9090    34.9252     3.6849     3.6842    27.7463    27.7593    5.94904    6.16726         13 0.0000e+00
      41415   1725.574   1156.000     3.7725   3.278731     3.7718   3.280037      17.14     0.0187     2.5312     2.2759  2.0224488  1.0964592   48.03742  -46.23160    34.9091    34.9252     3.6849     3.6842    27.7464    27.7593    5.94513    6.16773         16 0.0000e+00
      41484   1728.472   1155.000     3.7719   3.278645     3.7713   3.279966      18.81     0.0158     2.5313     2.2753  2.0211744  1.0964592   48.03741  -46.23161    34.9091    34.9254     3.6844     3.6838    27.7465    27.7595    5.95465    6.15388         72 0.0000e+00
      41571   1732.074   1154.000     3.7721   3.278606     3.7712   3.279895      19.51     0.0164     2.5315     2.2749  2.0207584  1.0964592   48.03740  -46.23162    34.9090    34.9252     3.6847     3.6838    27.7463    27.7594    5.94698    6.15849         17 0.0000e+00
      41628   1734.465   1153.000     3.7717   3.278533     3.7708   3.279821      21.05     0.0193     2.5314     2.2752  2.0205607  1.0964592   48.03739  -46.23162    34.9091    34.9253     3.6843     3.6834    27.7465    27.7595    5.94835    6.15685        114 0.0000e+00
      41704   1737.628   1152.000     3.7717   3.278480     3.7708   3.279774      21.11     0.0147     2.5313     2.2749  2.0212827  1.0964592   48.03738  -46.23162    34.9090    34.9253     3.6845     3.6835    27.7463    27.7594    5.95671    6.15690         17 0.0000e+00
      41719   1738.257   1151.000     3.7719   3.278454     3.7708   3.279732      22.09     0.0140     2.5324     2.2749  2.0210421  1.0964592   48.03738  -46.23162    34.9090    34.9252     3.6847     3.6836    27.7463    27.7594    5.96071    6.15815         17 0.0000e+00
      41737   1739.017   1150.000     3.7719   3.278413     3.7709   3.279697      23.29     0.0154     2.5325     2.2752  2.0211039  1.0964592   48.03738  -46.23162    34.9090    34.9253     3.6848     3.6838    27.7463    27.7594    5.95158    6.16019         21 0.0000e+00
      41811   1742.076   1149.000     3.7714   3.278343     3.7706   3.279645      24.47     0.0140     2.5325     2.2757  2.0203247  1.0964592   48.03737  -46.23162    34.9092    34.9254     3.6844     3.6836    27.7465    27.7595    5.94811    6.15849         63 0.0000e+00
      41892   1745.466   1148.000     3.7718   3.278316     3.7708   3.279597      24.61     0.0080     2.5321     2.2753  2.0212388  1.0964592   48.03736  -46.23162    34.9089    34.9252     3.6849     3.6838    27.7463    27.7593    5.94762    6.15918         15 0.0000e+00
      41909   1746.180   1147.000     3.7716   3.278261     3.7707   3.279557      25.31     0.0101     2.5327     2.2758  2.0208998  1.0964592   48.03736  -46.23164    34.9090    34.9253     3.6848     3.6838    27.7463    27.7594    5.94985    6.16668         19 0.0000e+00
      41977   1748.992   1146.000     3.7710   3.278177     3.7703   3.279478      27.04     0.0116     2.5326     2.2765  2.0204978  1.0964490   48.03735  -46.23164    34.9091    34.9253     3.6843     3.6835    27.7465    27.7595    5.94962    6.15657        118 0.0000e+00
      42054   1752.205   1145.000     3.7709   3.278110     3.7702   3.279414      27.57     0.0184     2.5333     2.2763  2.0202253  1.0964595   48.03734  -46.23164    34.9089    34.9252     3.6843     3.6835    27.7463    27.7593    5.94754    6.15611         28 0.0000e+00
      42078   1753.202   1144.000     3.7710   3.278075     3.7702   3.279386      28.74     0.0196     2.5329     2.2764  2.0190542  1.0964592   48.03734  -46.23164    34.9090    34.9253     3.6844     3.6837    27.7464    27.7594    5.94845    6.15451         25 0.0000e+00
      42106   1754.376   1143.000     3.7711   3.278052     3.7702   3.279339      30.19     0.0172     2.5334     2.2764  2.0184109  1.0964592   48.03733  -46.23164    34.9090    34.9253     3.6847     3.6837    27.7464    27.7594    5.94599    6.15382         33 0.0000e+00
      42169   1756.990   1142.000     3.7709   3.277993     3.7703   3.279297      31.34     0.0141     2.5344     2.2769  2.0194542  1.0975866   48.03732  -46.23164    34.9091    34.9252     3.6845     3.6838    27.7464    27.7594    5.96236    6.15982         85 0.0000e+00
      42228   1759.442   1141.000     3.7711   3.277948     3.7705   3.279266      28.16     0.0155     2.5367     2.2783  2.0196006  1.0968113   48.03732  -46.23166    34.9089    34.9251     3.6848     3.6842    27.7462    27.7592    5.97065    6.17178         38 0.0000e+00
      42268   1761.115   1140.000     3.7716   3.277944     3.7719   3.279319      33.64     0.0189     2.5383     2.2795  2.0202084  1.0970712   48.03730  -46.23166    34.9088    34.9248     3.6853     3.6856    27.7461    27.7588    5.96949    6.17278         42 0.0000e+00
      42309   1762.838   1139.000     3.7735   3.278025     3.7743   3.279440      34.01     0.0157     2.5386     2.2809  2.0201182  1.0976745   48.03730  -46.23167    34.9082    34.9242     3.6873     3.6881    27.7455    27.7581    5.96488    6.17793         42 0.0000e+00
      42352   1764.618   1138.000     3.7753   3.278122     3.7758   3.279499      47.92     0.0160     2.5397     2.2820  2.0200408  1.0977105   48.03730  -46.23166    34.9081    34.9238     3.6892     3.6913    27.7451    27.7576    5.97263    6.17724         41 0.0000e+00
      42390   1766.196   1137.000     3.7768   3.278172     3.7772   3.279573      84.04     0.0142     2.5405     2.2827  2.0198345  1.0977458   48.03730  -46.23166    34.9076    34.9237     3.6907     3.6912    27.7446    27.7574    5.97346    6.17276         37 0.0000e+00
      42465   1769.328   1136.000     3.7770   3.278160     3.7777   3.279578      43.59     0.0186     2.5423     2.2839  2.0200701  1.0988328   48.03728  -46.23168    34.9077    34.9237     3.6910     3.6918    27.7447    27.7573    5.97763    6.17961         97 0.0000e+00
      42520   1771.640   1135.000     3.7778   3.278159     3.7782   3.279556      38.02     0.0156     2.5443     2.2843  2.0174437  1.0976560   48.03728  -46.23168    34.9073    34.9235     3.6919     3.6923    27.7443    27.7571    5.98528    6.17020         21 0.0000e+00
      42540   1772.444   1134.000     3.7791   3.278224     3.7790   3.279573      71.44     0.0126     2.5439     2.2844  2.0176446  1.0976801   48.03728  -46.23168    34.9072    34.9233     3.6933     3.6932    27.7441    27.7569    5.98163    6.17436         20 0.0000e+00
      42560   1773.305   1133.000     3.7801   3.278260     3.7797   3.279590      29.26     0.0112     2.5449     2.2846  2.0177283  1.0976801   48.03726  -46.23168    34.9071    34.9233     3.6944     3.6940    27.7439    27.7568    5.97600    6.17898         23 0.0000e+00
      42629   1776.181   1132.000     3.7801   3.278219     3.7789   3.279487      45.13     0.0125     2.5446     2.2855  2.0180950  1.0978533   48.03726  -46.23169    34.9071    34.9234     3.6945     3.6933    27.7438    27.7569    5.97350    6.17690        101 0.0000e+00
      42682   1778.393   1131.000     3.7800   3.278154     3.7788   3.279431      42.45     0.0180     2.5452     2.2856  2.0173662  1.0976802   48.03726  -46.23168    34.9070    34.9233     3.6944     3.6969    27.7438    27.7569    5.98000    6.17570         18 0.0000e+00
      42701   1779.187   1130.000     3.7808   3.278171     3.7796   3.279454      62.08     0.0202     2.5452     2.2856  2.0166066  1.0976801   48.03726  -46.23168    34.9068    34.9233     3.6953     3.6942    27.7436    27.7567    5.98146    6.17846         20 0.0000e+00
      42723   1780.094   1129.000     3.7812   3.278169     3.7805   3.279469      67.65     0.0161     2.5459     2.2862  2.0158968  1.0976801   48.03724  -46.23170    34.9069    34.9231     3.6958     3.6950    27.7435    27.7565    5.97701    6.18348         25 0.0000e+00
      42798   1783.189   1128.000     3.7812   3.278133     3.7803   3.279419      53.57     0.0152     2.5465     2.2881  2.0177324  1.0977173   48.03724  -46.23170    34.9070    34.9232     3.6959     3.6950    27.7436    27.7566    5.98061    6.19037         80 0.0000e+00
      42859   1785.769   1127.000     3.7815   3.278088     3.7801   3.279354      36.92     0.0165     2.5474     2.2893  2.0158534  1.0976797   48.03724  -46.23170    34.9066    34.9231     3.6963     3.6948    27.7433    27.7566    5.98573    6.19163         14 0.0000e+00
      42873   1786.325   1126.000     3.7819   3.278096     3.7809   3.279375      25.26     0.0181     2.5486     2.2898  2.0158730  1.0976801   48.03724  -46.23170    34.9068    34.9231     3.6968     3.6957    27.7433    27.7564    5.99638    6.19211         14 0.0000e+00
      42888   1786.954   1125.000     3.7824   3.278085     3.7814   3.279377      95.49     0.0179     2.5491     2.2901  2.0158017  1.0976801   48.03724  -46.23170    34.9067    34.9230     3.6973     3.6963    27.7432    27.7563    5.99460    6.18291         17 0.0000e+00
      42909   1787.830   1124.000     3.7826   3.278071     3.7820   3.279379      95.40     0.0192     2.5492     2.2894  2.0158665  1.0976801   48.03723  -46.23171    34.9068    34.9229     3.6976     3.6970    27.7433    27.7561    5.97946    6.17402         29 0.0000e+00
      42985   1790.994   1123.000     3.7822   3.277988     3.7810   3.279263      73.40     0.0133     2.5498     2.2893  2.0154388  1.0976801   48.03722  -46.23172    34.9067    34.9231     3.6973     3.6961    27.7433    27.7564    5.98836    6.18535         80 0.0000e+00
      43046   1793.521   1122.000     3.7823   3.277958     3.7815   3.279254      56.97     0.0148     2.5510     2.2904  2.0150347  1.0976801   48.03722  -46.23172    34.9067    34.9230     3.6975     3.6966    27.7432    27.7563    5.99100    6.18867         95 0.0000e+00
      43114   1796.360   1121.000     3.7828   3.277933     3.7819   3.279224      97.51     0.0141     2.5520     2.2909  2.0146976  1.0976801   48.03720  -46.23172    34.9064    34.9227     3.6981     3.6971    27.7429    27.7560    5.99746    6.18388         21 0.0000e+00
      43131   1797.075   1120.000     3.7825   3.277872     3.7818   3.279181      95.93     0.0143     2.5526     2.2910  2.0142071  1.0976801   48.03720  -46.23174    34.9065    34.9228     3.6979     3.6971    27.7431    27.7561    5.98835    6.18572         19 0.0000e+00
      43150   1797.887   1119.000     3.7825   3.277828     3.7815   3.279126      51.35     0.0143     2.5522     2.2910  2.0134583  1.0978484   48.03720  -46.23174    34.9066    34.9230     3.6979     3.6969    27.7431    27.7562    5.98500    6.18739         21 0.0000e+00
      43177   1799.007   1118.000     3.7826   3.277794     3.7819   3.279101      82.66     0.0132     2.5524     2.2914  2.0131197  1.0982550   48.03720  -46.23174    34.9065    34.9228     3.6981     3.6974    27.7430    27.7561    5.98790    6.18615         36 0.0000e+00
      43239   1801.563   1117.000     3.7824   3.277740     3.7816   3.279036      75.22     0.0155     2.5529     2.2920  2.0126576  1.0989572   48.03720  -46.23174    34.9066    34.9228     3.6980     3.6972    27.7431    27.7561    5.98764    6.19062         69 0.0000e+00
      43288   1803.618   1116.000     3.7824   3.277693     3.7815   3.278982      65.17     0.0156     2.5529     2.2923  2.0143545  1.0979413   48.03718  -46.23174    34.9065    34.9228     3.6981     3.6972    27.7430    27.7561    5.98668    6.18327         44 0.0000e+00
      43329   1805.326   1115.000     3.7824   3.277643     3.7816   3.278937      96.60     0.0123     2.5530     2.2925  2.0133755  1.0984585   48.03718  -46.23175    34.9065    34.9226     3.6982     3.6994    27.7430    27.7559    5.98624    6.18975         35 0.0000e+00
      43362   1806.693   1114.000     3.7832   3.277661     3.7830   3.279008      63.15     0.0136     2.5530     2.2926  2.0129402  1.0988897   48.03718  -46.23176    34.9064    34.9226     3.6990     3.6988    27.7428    27.7557    5.98939    6.18393         34 0.0000e+00
      43403   1808.412   1113.000     3.7840   3.277683     3.7837   3.279025      91.61     0.0145     2.5535     2.2931  2.0132203  1.0989012   48.03718  -46.23176    34.9063    34.9225     3.6999     3.6996    27.7427    27.7556    5.98325    6.19250         45 0.0000e+00
      43445   1810.149   1112.000     3.7847   3.277694     3.7840   3.279008      62.71     0.0144     2.5537     2.2931  2.0119250  1.0989896   48.03718  -46.23176    34.9062    34.9225     3.7007     3.7000    27.7425    27.7555    5.98736    6.17824         41 0.0000e+00
      43494   1812.217   1111.000     3.7847   3.277657     3.7843   3.278992      54.37     0.0206     2.5546     2.2929  2.0124595  1.0998852   48.03718  -46.23177    34.9062    34.9225     3.7008     3.7004    27.7425    27.7555    6.00086    6.18749         58 0.0000e+00
