data/CTD/2013/CNV/U021A004.CNV
* Sea-Bird SBE 9 Data File:
* FileName = C:\CTD_ACQUISITION\2013021HUD\ctddata\021A004.hdr
* Software Version Seasave V 7.22.2
* Temperature SN = 5081
* Conductivity SN = 3561
* Number of Bytes Per Scan = 37
* Number of Voltage Words = 4
* Number of Scans Averaged by the Deck Unit = 1
* NMEA Latitude = 47 06.01 N
* NMEA Longitude = 047 16.83 W
* NMEA UTC (Time) = Jul 01 2013 09:01:01
* NMEA baud rate = 9600
** Ship: Hudson
** Cruise: HUD2013021
** Chief_Scientist: Greenan
** Organization: BIO
** Area_of_Operation: Sackville Spur
** Station: 4
** Sounding:  410
** Event_Comments: M1842    393105
# nquan = 25
# nvalues = 411                         
# units = specified
# name 0 = scan: Scan Count
# name 1 = timeS: Time, Elapsed [seconds]
# name 2 = prDM: Pressure, Digiquartz [db]
# name 3 = t068C: Temperature [ITS-68, deg C]
# name 4 = c0S/m: Conductivity [S/m]
# name 5 = t168C: Temperature, 2 [ITS-68, deg C]
# name 6 = c1S/m: Conductivity, 2 [S/m]
# name 7 = altM: Altimeter [m]
# name 8 = flCUVA: Fluorescence, Chelsea UV Aquatracka [ug/l]
# name 9 = sbeox0V: Oxygen raw, SBE 43 [V]
# name 10 = sbeox1V: Oxygen raw, SBE 43, 2 [V]
# name 11 = upoly0: Upoly 0, Optode 4330F - O2 D-Phase
# name 12 = upoly1: Upoly 1, Optode 4330F - O2 Temp
# name 13 = latitude: Latitude [deg]
# name 14 = longitude: Longitude [deg]
# name 15 = sal00: Salinity, Practical [PSU]
# name 16 = sal11: Salinity, Practical, 2 [PSU]
# name 17 = potemp068C: Potential Temperature [ITS-68, deg C]
# name 18 = potemp168C: Potential Temperature, 2 [ITS-68, deg C]
# name 19 = sigma-é00: Density [sigma-theta, Kg/m^3]
# name 20 = sigma-é11: Density, 2 [sigma-theta, Kg/m^3]
# name 21 = sbeox0ML/L: Oxygen, SBE 43 [ml/l], WS = 2
# name 22 = sbeox1ML/L: Oxygen, SBE 43, 2 [ml/l], WS = 2
# name 23 = nbin: number of scans per bin
# name 24 = flag: flag
# span 0 =      22754,      34047       
# span 1 =    948.041,   1418.583       
# span 2 =      1.000,    411.000       
# span 3 =    -0.6711,     6.1887       
# span 4 =   2.699978,   3.228236       
# span 5 =    -0.6798,     6.1884       
# span 6 =   2.699827,   3.229496       
# span 7 =       5.54,      98.47       
# span 8 =     0.0095,     0.1094       
# span 9 =     2.7015,     3.3818       
# span 10 =     2.4175,     3.0508      
# span 11 =  1.7235182,  2.1515778      
# span 12 =  0.5561114,  1.4099538      
# span 13 =   47.09941,   47.09966      
# span 14 =  -47.27888,  -47.27830      
# span 15 =    32.4700,    34.7306      
# span 16 =    32.4834,    34.7458      
# span 17 =    -0.6723,     6.1886      
# span 18 =    -0.6810,     6.1883      
# span 19 =    25.5327,    27.6133      
# span 20 =    25.5438,    27.6254      
# span 21 =    5.96064,    8.29681      
# span 22 =    6.11627,    8.49453      
# span 23 =         15,        818      
# span 24 = 0.0000e+00, 0.0000e+00      
# interval = decibars: 1                
# start_time = Jul 01 2013 09:01:01 [NMEA time, header]
# bad_flag = -9.990e-29
*END*
      22754    948.041    411.000     3.6226   3.217782     3.6225   3.219037       8.06     0.0222     2.7903     2.4938  1.9763368  1.0781806   47.09941  -47.27882    34.7305    34.7456     3.5944     3.5942    27.6132    27.6252    6.18091    6.31822         28 0.0000e+00
      23187    966.086    410.000     3.6221   3.217709     3.6220   3.218961       8.95     0.0195     2.7859     2.4926  1.9766101  1.0785406   47.09944  -47.27883    34.7306    34.7458     3.5940     3.5941    27.6133    27.6254    6.15789    6.30744        508 0.0000e+00
      23447    976.901    409.000     3.6221   3.217657     3.6219   3.218907       9.53     0.0225     2.7857     2.4926  1.9767940  1.0792755   47.09945  -47.27882    34.7305    34.7458     3.5941     3.5938    27.6132    27.6254    6.15435    6.30811         38 0.0000e+00
      23489    978.667    408.000     3.6220   3.217585     3.6217   3.218825      10.10     0.0237     2.7855     2.4931  1.9762969  1.0786110   47.09946  -47.27882    34.7303    34.7456     3.5940     3.5937    27.6131    27.6252    6.15679    6.31650         25 0.0000e+00
      23511    979.593    407.000     3.6211   3.217432     3.6206   3.218645      11.04     0.0205     2.7850     2.4937  1.9758627  1.0783143   47.09947  -47.27882    34.7300    34.7451     3.5932     3.5927    27.6129    27.6250    6.14757    6.31845         22 0.0000e+00
      23533    980.511    406.000     3.6206   3.217330     3.6204   3.218581      12.10     0.0205     2.7843     2.4943  1.9764062  1.0785850   47.09948  -47.27882    34.7299    34.7451     3.5927     3.5926    27.6129    27.6250    6.15201    6.32205         22 0.0000e+00
      23556    981.450    405.000     3.6204   3.217273     3.6204   3.218556      12.98     0.0215     2.7851     2.4952  1.9767973  1.0793053   47.09946  -47.27884    34.7299    34.7453     3.5927     3.5927    27.6129    27.6251    6.16303    6.32069         23 0.0000e+00
      23581    982.511    404.000     3.6204   3.217231     3.6205   3.218529      13.82     0.0209     2.7855     2.4956  1.9764353  1.0787715   47.09946  -47.27884    34.7300    34.7454     3.5927     3.5928    27.6129    27.6252    6.16195    6.32426         27 0.0000e+00
      23608    983.636    403.000     3.6204   3.217200     3.6205   3.218490      14.73     0.0216     2.7866     2.4969  1.9760282  1.0781378   47.09946  -47.27882    34.7301    34.7455     3.5928     3.5929    27.6130    27.6252    6.16863    6.32746         27 0.0000e+00
      23633    984.685    402.000     3.6203   3.217131     3.6200   3.218388      15.67     0.0220     2.7875     2.4972  1.9766468  1.0782963   47.09947  -47.27882    34.7300    34.7453     3.5927     3.5925    27.6129    27.6251    6.17254    6.31390         24 0.0000e+00
      23656    985.644    401.000     3.6198   3.217045     3.6190   3.218237      16.98     0.0221     2.7888     2.4967  1.9768007  1.0785875   47.09948  -47.27882    34.7300    34.7451     3.5923     3.5916    27.6130    27.6251    6.17769    6.31623         22 0.0000e+00
      23680    986.617    400.000     3.6178   3.216805     3.6154   3.217799      17.71     0.0185     2.7901     2.4976  1.9760743  1.0783415   47.09948  -47.27882    34.7298    34.7442     3.5904     3.5880    27.6130    27.6247    6.18187    6.33531         25 0.0000e+00
      23706    987.695    399.000     3.6140   3.216263     3.6083   3.216959      18.67     0.0167     2.7916     2.4995  1.9757646  1.0783252   47.09948  -47.27882    34.7278    34.7422     3.5867     3.5810    27.6118    27.6239    6.19214    6.34741         27 0.0000e+00
      23734    988.894    398.000     3.6102   3.215823     3.6062   3.216675      19.89     0.0199     2.7939     2.5015  1.9760050  1.0783551   47.09948  -47.27882    34.7272    34.7417     3.5830     3.5789    27.6117    27.6236    6.19235    6.34686         29 0.0000e+00
      23760    989.972    397.000     3.6084   3.215604     3.6099   3.217026      20.71     0.0197     2.7954     2.5025  1.9759674  1.0782518   47.09948  -47.27882    34.7270    34.7423     3.5813     3.5839    27.6117    27.6237    6.19336    6.33640         22 0.0000e+00
      23780    990.783    396.000     3.6089   3.215597     3.6101   3.217021      21.40     0.0202     2.7957     2.5023  1.9763315  1.0781424   47.09949  -47.27882    34.7269    34.7427     3.5819     3.5830    27.6115    27.6240    6.18528    6.33115         18 0.0000e+00
      23797    991.495    395.000     3.6056   3.215240     3.6041   3.216321      22.55     0.0220     2.7963     2.5026  1.9757992  1.0781441   47.09950  -47.27882    34.7267    34.7413     3.5786     3.5771    27.6117    27.6235    6.18562    6.33452         17 0.0000e+00
      23814    992.212    394.000     3.5989   3.214479     3.5933   3.215092      22.83     0.0261     2.7963     2.5027  1.9758500  1.0781441   47.09950  -47.27882    34.7252    34.7385     3.5720     3.5664    27.6112    27.6223    6.18806    6.33279         18 0.0000e+00
      23835    993.085    393.000     3.5919   3.213608     3.5837   3.213948      24.09     0.0245     2.7969     2.5025  1.9767582  1.0780975   47.09950  -47.27882    34.7228    34.7355     3.5651     3.5570    27.6099    27.6209    6.18676    6.32384         25 0.0000e+00
      23872    994.645    392.000     3.5871   3.213007     3.5883   3.214391      25.84     0.0196     2.7969     2.5010  1.9763796  1.0773811   47.09950  -47.27882    34.7212    34.7365     3.5604     3.5615    27.6091    27.6213    6.18481    6.31240         47 0.0000e+00
      23910    996.192    391.000     3.5944   3.213742     3.5923   3.214843      26.87     0.0176     2.7974     2.4991  1.9756939  1.0766261   47.09950  -47.27882    34.7228    34.7383     3.5677     3.5666    27.6097    27.6223    6.18573    6.31170         24 0.0000e+00
      23929    996.992    390.000     3.5889   3.213139     3.5832   3.213749      27.56     0.0211     2.7972     2.4992  1.9743391  1.0756193   47.09950  -47.27882    34.7219    34.7353     3.5623     3.5567    27.6095    27.6207    6.16977    6.31741         18 0.0000e+00
      23945    997.656    389.000     3.5799   3.212035     3.5769   3.212947      28.24     0.0170     2.7959     2.4991  1.9745193  1.0757011   47.09950  -47.27882    34.7188    34.7330     3.5534     3.5504    27.6079    27.6195    6.16677    6.30779         15 0.0000e+00
      23960    998.277    388.000     3.5758   3.211495     3.5738   3.212540      28.94     0.0163     2.7956     2.4980  1.9744422  1.0757021   47.09950  -47.27882    34.7173    34.7319     3.5494     3.5474    27.6071    27.6190    6.17185    6.29251         15 0.0000e+00
      23975    998.925    387.000     3.5710   3.210953     3.5684   3.211856      29.96     0.0176     2.7956     2.4967  1.9743606  1.0757021   47.09951  -47.27882    34.7162    34.7300     3.5449     3.5421    27.6067    27.6179    6.17185    6.28368         16 0.0000e+00
      23995    999.763    386.000     3.5641   3.210036     3.5591   3.210706      31.11     0.0174     2.7944     2.4948  1.9743589  1.0757021   47.09952  -47.27882    34.7133    34.7267     3.5379     3.5329    27.6051    27.6163    6.16449    6.28460         26 0.0000e+00
      24033   1001.341    385.000     3.5581   3.209282     3.5600   3.210781      32.46     0.0185     2.7929     2.4930  1.9743589  1.0744401   47.09952  -47.27882    34.7111    34.7271     3.5320     3.5339    27.6039    27.6164    6.15327    6.28795         45 0.0000e+00
      24068   1002.805    384.000     3.5649   3.210025     3.5585   3.210599      33.61     0.0182     2.7903     2.4920  1.9737002  1.0725554   47.09952  -47.27882    34.7133    34.7270     3.5389     3.5325    27.6050    27.6165    6.14652    6.29426         25 0.0000e+00
      24089   1003.654    383.000     3.5593   3.209354     3.5441   3.208809      34.33     0.0166     2.7898     2.4919  1.9732010  1.0720338   47.09952  -47.27882    34.7120    34.7214     3.5333     3.5181    27.6045    27.6135    6.15170    6.29735         18 0.0000e+00
      24106   1004.360    382.000     3.5385   3.206892     3.5262   3.206640      35.11     0.0184     2.7890     2.4919  1.9738297  1.0723468   47.09952  -47.27882    34.7049    34.7149     3.5127     3.5004    27.6008    27.6101    6.15125    6.29911         16 0.0000e+00
      24123   1005.070    381.000     3.5251   3.205233     3.5201   3.205892      35.93     0.0191     2.7883     2.4918  1.9743646  1.0732013   47.09952  -47.27882    34.6998    34.7130     3.4993     3.4944    27.5981    27.6091    6.15140    6.30018         18 0.0000e+00
      24143   1005.929    380.000     3.5211   3.204692     3.5182   3.205629      36.64     0.0208     2.7878     2.4920  1.9743117  1.0732578   47.09953  -47.27882    34.6981    34.7124     3.4955     3.4926    27.5971    27.6088    6.15596    6.30267         25 0.0000e+00
      24172   1007.121    379.000     3.5198   3.204501     3.5180   3.205554      38.30     0.0156     2.7878     2.4919  1.9746336  1.0703156   47.09954  -47.27882    34.6977    34.7123     3.4943     3.4924    27.5969    27.6087    6.16048    6.29761         31 0.0000e+00
      24200   1008.293    378.000     3.5206   3.204536     3.5187   3.205570      39.29     0.0121     2.7877     2.4917  1.9751316  1.0698944   47.09954  -47.27882    34.6978    34.7123     3.4951     3.4932    27.5969    27.6087    6.15589    6.29781         24 0.0000e+00
      24221   1009.179    377.000     3.5209   3.204494     3.5169   3.205331      40.05     0.0143     2.7877     2.4919  1.9757819  1.0684849   47.09954  -47.27882    34.6975    34.7119     3.4955     3.4914    27.5967    27.6085    6.15635    6.30279         19 0.0000e+00
      24239   1009.914    376.000     3.5176   3.204100     3.5156   3.205161      40.72     0.0154     2.7876     2.4923  1.9756522  1.0684481   47.09954  -47.27882    34.6968    34.7117     3.4923     3.4903    27.5964    27.6085    6.15645    6.30512         17 0.0000e+00
      24256   1010.634    375.000     3.5155   3.203836     3.5143   3.204978      41.38     0.0176     2.7877     2.4926  1.9761149  1.0683773   47.09954  -47.27882    34.6964    34.7115     3.4903     3.4890    27.5963    27.6084    6.14644    6.30148         18 0.0000e+00
      24277   1011.481    374.000     3.5133   3.203537     3.5117   3.204647      42.77     0.0171     2.7864     2.4925  1.9759445  1.0683761   47.09954  -47.27882    34.6958    34.7108     3.4881     3.4865    27.5960    27.6081    6.14256    6.29518         24 0.0000e+00
      24306   1012.703    373.000     3.5125   3.203420     3.5099   3.204401      44.07     0.0200     2.7857     2.4922  1.9765759  1.0681920   47.09954  -47.27882    34.6958    34.7103     3.4874     3.4847    27.5960    27.6079    6.14034    6.29326         33 0.0000e+00
      24337   1013.983    372.000     3.5127   3.203386     3.5117   3.204530      45.07     0.0208     2.7846     2.4912  1.9767118  1.0680907   47.09955  -47.27882    34.6956    34.7104     3.4877     3.4867    27.5959    27.6078    6.13596    6.26835         26 0.0000e+00
      24358   1014.875    371.000     3.5125   3.203309     3.5087   3.204182      45.64     0.0201     2.7837     2.4888  1.9761585  1.0672196   47.09956  -47.27882    34.6954    34.7100     3.4875     3.4837    27.5957    27.6077    6.13673    6.24706         19 0.0000e+00
      24376   1015.615    370.000     3.5080   3.202793     3.5036   3.203559      46.68     0.0183     2.7836     2.4866  1.9762962  1.0671560   47.09956  -47.27882    34.6946    34.7085     3.4831     3.4787    27.5955    27.6070    6.13219    6.23853         17 0.0000e+00
      24393   1016.339    369.000     3.5023   3.202111     3.4980   3.202870      47.49     0.0171     2.7826     2.4844  1.9767904  1.0669559   47.09956  -47.27882    34.6930    34.7067     3.4775     3.4732    27.5948    27.6062    6.11911    6.23518         18 0.0000e+00
      24413   1017.165    368.000     3.4968   3.201478     3.4908   3.201976      48.61     0.0146     2.7811     2.4825  1.9781502  1.0666637   47.09956  -47.27882    34.6918    34.7041     3.4721     3.4661    27.5944    27.6048    6.11346    6.23825         22 0.0000e+00
      24437   1018.181    367.000     3.4932   3.200924     3.4832   3.201032      49.54     0.0163     2.7792     2.4805  1.9783345  1.0663934   47.09956  -47.27882    34.6895    34.7015     3.4686     3.4585    27.5929    27.6034    6.10646    6.23344         27 0.0000e+00
      24465   1019.325    366.000     3.4894   3.200462     3.4774   3.200307      50.84     0.0187     2.7767     2.4780  1.9786975  1.0650399   47.09956  -47.27882    34.6886    34.6995     3.4648     3.4529    27.5925    27.6024    6.09154    6.22892         27 0.0000e+00
      24490   1020.373    365.000     3.4847   3.199932     3.4662   3.198957      51.54     0.0199     2.7738     2.4768  1.9792417  1.0647668   47.09956  -47.27882    34.6877    34.6957     3.4602     3.4417    27.5923    27.6005    6.08768    6.23747         23 0.0000e+00
      24512   1021.281    364.000     3.4753   3.198633     3.4443   3.196395      52.59     0.0168     2.7722     2.4760  1.9799322  1.0650009   47.09956  -47.27882    34.6826    34.6888     3.4509     3.4200    27.5892    27.5971    6.09276    6.24022         21 0.0000e+00
      24533   1022.165    363.000     3.4526   3.196007     3.4279   3.194399      53.54     0.0182     2.7711     2.4756  1.9799407  1.0648878   47.09956  -47.27882    34.6758    34.6827     3.4284     3.4037    27.5859    27.5938    6.10191    6.24868         21 0.0000e+00
      24555   1023.091    362.000     3.4329   3.193626     3.4208   3.193504      54.26     0.0203     2.7712     2.4756  1.9811640  1.0634806   47.09958  -47.27882    34.6686    34.6801     3.4088     3.3967    27.5821    27.5924    6.11551    6.24825         23 0.0000e+00
      24577   1023.985    361.000     3.4242   3.192595     3.4187   3.193193      54.65     0.0195     2.7712     2.4753  1.9807667  1.0636150   47.09958  -47.27882    34.6660    34.6791     3.4002     3.3947    27.5808    27.5918    6.10756    6.24830         20 0.0000e+00
      24596   1024.791    360.000     3.4210   3.192152     3.4182   3.193097      55.74     0.0194     2.7702     2.4754  1.9814913  1.0614381   47.09958  -47.27882    34.6646    34.6790     3.3970     3.3942    27.5800    27.5918    6.11154    6.24965         19 0.0000e+00
      24615   1025.574    359.000     3.4195   3.191933     3.4178   3.193016      57.00     0.0179     2.7711     2.4752  1.9815556  1.0610547   47.09958  -47.27882    34.6641    34.6790     3.3957     3.3939    27.5797    27.5918    6.11777    6.24911         19 0.0000e+00
      24635   1026.419    358.000     3.4174   3.191650     3.4164   3.192827      58.13     0.0204     2.7709     2.4755  1.9824970  1.0600723   47.09958  -47.27882    34.6635    34.6788     3.3936     3.3926    27.5794    27.5917    6.10313    6.24978         22 0.0000e+00
      24660   1027.457    357.000     3.4166   3.191543     3.4144   3.192574      59.34     0.0241     2.7698     2.4753  1.9840214  1.0586665   47.09958  -47.27882    34.6636    34.6784     3.3929     3.3907    27.5796    27.5916    6.10739    6.24814         29 0.0000e+00
      24692   1028.796    356.000     3.4176   3.191598     3.4148   3.192595      73.06     0.0268     2.7703     2.4758  1.9848285  1.0585691   47.09958  -47.27882    34.6637    34.6787     3.3940     3.3912    27.5796    27.5918    6.11217    6.24972         32 0.0000e+00
      24720   1029.942    355.000     3.4173   3.191547     3.4143   3.192441      57.87     0.0234     2.7704     2.4756  1.9851971  1.0586089   47.09958  -47.27882    34.6639    34.6781     3.3938     3.3907    27.5798    27.5913    6.11100    6.24860         23 0.0000e+00
