data/CTD/2013/CNV/U021A057.CNV
* Sea-Bird SBE 9 Data File:
* FileName = C:\CTD_ACQUISITION\2013021HUD\ctddata\021A057.hdr
* Software Version Seasave V 7.22.2
* Temperature SN = 5081
* Conductivity SN = 3561
* Number of Bytes Per Scan = 37
* Number of Voltage Words = 4
* Number of Scans Averaged by the Deck Unit = 1
* NMEA Latitude = 48 32.47 N
* NMEA Longitude = 045 23.87 W
* NMEA UTC (Time) = Jul 05 2013 10:27:43
* NMEA baud rate = 9600
** Ship: Hudson
** Cruise: HUD2013021
** Chief_Scientist: Greenan
** Organization: BIO
** Area_of_Operation: Sackville Spur
** Station: 57
** Sounding:  858
** Event_Comments: SS20  393223
# nquan = 25
# nvalues = 861                         
# units = specified
# name 0 = scan: Scan Count
# name 1 = timeS: Time, Elapsed [seconds]
# name 2 = prDM: Pressure, Digiquartz [db]
# name 3 = t068C: Temperature [ITS-68, deg C]
# name 4 = c0S/m: Conductivity [S/m]
# name 5 = t168C: Temperature, 2 [ITS-68, deg C]
# name 6 = c1S/m: Conductivity, 2 [S/m]
# name 7 = altM: Altimeter [m]
# name 8 = flCUVA: Fluorescence, Chelsea UV Aquatracka [ug/l]
# name 9 = sbeox0V: Oxygen raw, SBE 43 [V]
# name 10 = sbeox1V: Oxygen raw, SBE 43, 2 [V]
# name 11 = upoly0: Upoly 0, Optode 4330F - O2 D-Phase
# name 12 = upoly1: Upoly 1, Optode 4330F - O2 Temp
# name 13 = latitude: Latitude [deg]
# name 14 = longitude: Longitude [deg]
# name 15 = sal00: Salinity, Practical [PSU]
# name 16 = sal11: Salinity, Practical, 2 [PSU]
# name 17 = potemp068C: Potential Temperature [ITS-68, deg C]
# name 18 = potemp168C: Potential Temperature, 2 [ITS-68, deg C]
# name 19 = sigma-é00: Density [sigma-theta, Kg/m^3]
# name 20 = sigma-é11: Density, 2 [sigma-theta, Kg/m^3]
# name 21 = sbeox0ML/L: Oxygen, SBE 43 [ml/l], WS = 2
# name 22 = sbeox1ML/L: Oxygen, SBE 43, 2 [ml/l], WS = 2
# name 23 = nbin: number of scans per bin
# name 24 = flag: flag
# span 0 =      30158,      51957       
# span 1 =   1256.525,   2164.822       
# span 2 =      1.000,    861.000       
# span 3 =     2.6154,     6.5565       
# span 4 =   3.045319,   3.335468       
# span 5 =     2.6137,     6.5555       
# span 6 =   3.046233,   3.336717       
# span 7 =       5.25,      97.44       
# span 8 =     0.0059,     0.5660       
# span 9 =     2.5864,     3.3967       
# span 10 =     2.3138,     3.0123      
# span 11 =  1.7075679,  2.0280542      
# span 12 =  0.9609280,  1.4425625      
# span 13 =   48.53930,   48.53990      
# span 14 =  -45.39714,  -45.39670      
# span 15 =    33.2810,    34.9129      
# span 16 =    33.2217,    34.9291      
# span 17 =     2.6110,     6.5562      
# span 18 =     2.6093,     6.5553      
# span 19 =    26.1458,    27.7545      
# span 20 =    26.1575,    27.7672      
# span 21 =    5.90271,    8.06003      
# span 22 =    6.06361,    8.03541      
# span 23 =         13,        871      
# span 24 = 0.0000e+00, 0.0000e+00      
# interval = decibars: 1                
# start_time = Jul 05 2013 10:27:43 [NMEA time, header]
# bad_flag = -9.990e-29
*END*
[from data line 174]
      35275   1469.734    687.000     4.0216   3.280233     4.0239   3.281800      95.14     0.0114     2.7043     2.4074  1.9776853  1.1269841   48.53966  -45.39671    34.9045    34.9206     3.9707     3.9730    27.7134    27.7260    6.08655    6.19722         22 0.0000e+00
      35297   1470.665    686.000     4.0236   3.280400     4.0287   3.282211      95.42     0.0124     2.7055     2.4080  1.9778093  1.1270372   48.53966  -45.39670    34.9049    34.9210     3.9727     3.9777    27.7135    27.7258    6.07986    6.19799         23 0.0000e+00
      35319   1471.588    685.000     4.0287   3.280845     4.0335   3.282640      95.57     0.0141     2.7057     2.4089  1.9785640  1.1270396   48.53966  -45.39670    34.9053    34.9214     3.9779     3.9827    27.7133    27.7256    6.07790    6.19778         22 0.0000e+00
      35342   1472.524    684.000     4.0350   3.281398     4.0396   3.283195      95.57     0.0133     2.7065     2.4092  1.9783970  1.1272457   48.53966  -45.39670    34.9057    34.9220     3.9842     3.9888    27.7130    27.7255    6.08917    6.19424         23 0.0000e+00
      35365   1473.484    683.000     4.0400   3.281844     4.0425   3.283451      94.77     0.0151     2.7079     2.4096  1.9772969  1.1281896   48.53966  -45.39671    34.9062    34.9226     3.9893     3.9917    27.7128    27.7256    6.08731    6.19015         23 0.0000e+00
      35389   1474.500    682.000     4.0425   3.282053     4.0440   3.283568      94.45     0.0172     2.7085     2.4098  1.9774088  1.1284353   48.53964  -45.39672    34.9066    34.9229     3.9918     3.9933    27.7129    27.7257    6.07867    6.19115         26 0.0000e+00
      35416   1475.632    681.000     4.0434   3.282118     4.0447   3.283593      95.46     0.0181     2.7085     2.4098  1.9784453  1.1291987   48.53964  -45.39672    34.9069    34.9230     3.9928     3.9941    27.7130    27.7257    6.07356    6.18784         28 0.0000e+00
      35443   1476.769    680.000     4.0444   3.282148     4.0452   3.283603      95.58     0.0144     2.7084     2.4100  1.9787099  1.1293801   48.53964  -45.39672    34.9067    34.9230     3.9939     3.9947    27.7127    27.7257    6.07307    6.19135         25 0.0000e+00
      35466   1477.710    679.000     4.0454   3.282208     4.0464   3.283658      95.58     0.0120     2.7085     2.4105  1.9785682  1.1294273   48.53964  -45.39672    34.9069    34.9230     3.9949     3.9959    27.7128    27.7255    6.07391    6.18868         20 0.0000e+00
      35485   1478.497    678.000     4.0466   3.282293     4.0488   3.283820      95.49     0.0123     2.7086     2.4103  1.9787031  1.1294261   48.53964  -45.39672    34.9071    34.9229     3.9963     3.9984    27.7128    27.7252    6.07258    6.16621         18 0.0000e+00
      35503   1479.232    677.000     4.0497   3.282550     4.0511   3.284014      95.46     0.0121     2.7086     2.4084  1.9767249  1.1299710   48.53964  -45.39672    34.9074    34.9233     3.9994     4.0007    27.7127    27.7252    6.07030    6.15129         18 0.0000e+00
      35522   1480.030    676.000     4.0515   3.282673     4.0518   3.284047      95.56     0.0115     2.7086     2.4072  1.9767426  1.1300644   48.53964  -45.39672    34.9075    34.9234     4.0013     4.0015    27.7126    27.7253    6.06949    6.15746         21 0.0000e+00
      35545   1481.004    675.000     4.0522   3.282687     4.0524   3.284054      95.58     0.0106     2.7088     2.4067  1.9765377  1.1304511   48.53964  -45.39672    34.9074    34.9234     4.0021     4.0022    27.7125    27.7252    6.07139    6.17150         27 0.0000e+00
      35575   1482.268    674.000     4.0524   3.282658     4.0533   3.284096      95.35     0.0074     2.7088     2.4074  1.9761151  1.1306468   48.53963  -45.39672    34.9074    34.9234     4.0024     4.0033    27.7124    27.7250    6.06701    6.17644         32 0.0000e+00
      35606   1483.543    673.000     4.0523   3.282596     4.0537   3.284087      93.67     0.0090     2.7088     2.4072  1.9762362  1.1306472   48.53962  -45.39670    34.9073    34.9234     4.0023     4.0037    27.7124    27.7250    6.06939    6.16751         28 0.0000e+00
      35631   1484.564    672.000     4.0535   3.282655     4.0549   3.284150      94.36     0.0102     2.7093     2.4070  1.9763016  1.1307584   48.53962  -45.39670    34.9072    34.9234     4.0036     4.0050    27.7121    27.7249    6.07399    6.17152         22 0.0000e+00
      35652   1485.448    671.000     4.0551   3.282758     4.0558   3.284187      95.54     0.0109     2.7099     2.4078  1.9758179  1.1312234   48.53962  -45.39671    34.9073    34.9235     4.0052     4.0059    27.7121    27.7248    6.07850    6.18683         21 0.0000e+00
      35673   1486.323    670.000     4.0566   3.282864     4.0569   3.284251      95.57     0.0133     2.7103     2.4088  1.9764448  1.1312860   48.53962  -45.39672    34.9075    34.9235     4.0068     4.0071    27.7120    27.7248    6.07572    6.18493         21 0.0000e+00
      35696   1487.310    669.000     4.0579   3.282938     4.0577   3.284285      95.58     0.0151     2.7111     2.4094  1.9750668  1.1317730   48.53962  -45.39672    34.9075    34.9237     4.0082     4.0095    27.7118    27.7248    6.08410    6.17939         26 0.0000e+00
      35724   1488.478    668.000     4.0584   3.282933     4.0582   3.284285      95.50     0.0142     2.7128     2.4095  1.9749289  1.1318680   48.53962  -45.39672    34.9074    34.9236     4.0088     4.0086    27.7117    27.7247    6.09067    6.16431         30 0.0000e+00
      35754   1489.697    667.000     4.0587   3.282909     4.0587   3.284285      95.40     0.0128     2.7133     2.4076  1.9755411  1.1318681   48.53962  -45.39672    34.9074    34.9237     4.0091     4.0091    27.7117    27.7246    6.07680    6.14493         28 0.0000e+00
      35778   1490.719    666.000     4.0589   3.282890     4.0594   3.284295      95.54     0.0111     2.7141     2.4069  1.9757566  1.1318681   48.53962  -45.39672    34.9074    34.9235     4.0095     4.0099    27.7117    27.7245    6.08432    6.17331         21 0.0000e+00
      35797   1491.515    665.000     4.0603   3.282973     4.0604   3.284348      95.58     0.0155     2.7144     2.4081  1.9755033  1.1318681   48.53962  -45.39672    34.9075    34.9236     4.0109     4.0110    27.7116    27.7244    6.07836    6.19029         17 0.0000e+00
      35814   1492.195    664.000     4.0620   3.283105     4.0620   3.284453      95.58     0.0160     2.7144     2.4095  1.9755036  1.1318681   48.53962  -45.39674    34.9077    34.9237     4.0127     4.0127    27.7116    27.7243    6.08026    6.19537         16 0.0000e+00
      35829   1492.842    663.000     4.0635   3.283195     4.0634   3.284533      95.58     0.0139     2.7148     2.4107  1.9746790  1.1320181   48.53962  -45.39673    34.9078    34.9237     4.0142     4.0141    27.7115    27.7242    6.08036    6.19322         16 0.0000e+00
      35846   1493.559    662.000     4.0658   3.283350     4.0662   3.284742      94.33     0.0142     2.7151     2.4115  1.9737483  1.1324942   48.53962  -45.39672    34.9077    34.9237     4.0166     4.0170    27.7112    27.7238    6.06798    6.18335         19 0.0000e+00
      35870   1494.544    661.000     4.0680   3.283526     4.0692   3.284982      94.17     0.0138     2.7145     2.4116  1.9740914  1.1327488   48.53960  -45.39672    34.9080    34.9239     4.0189     4.0200    27.7111    27.7237    6.07292    6.17223         30 0.0000e+00
      35906   1496.050    660.000     4.0690   3.283555     4.0695   3.284971      93.97     0.0140     2.7152     2.4114  1.9743676  1.1331009   48.53960  -45.39672    34.9078    34.9239     4.0199     4.0205    27.7109    27.7237    6.07991    6.17120         37 0.0000e+00
      35936   1497.301    659.000     4.0687   3.283482     4.0699   3.284951      95.58     0.0122     2.7152     2.4115  1.9737195  1.1330892   48.53962  -45.39674    34.9078    34.9239     4.0197     4.0209    27.7109    27.7236    6.07124    6.17166         25 0.0000e+00
      35960   1498.285    658.000     4.0705   3.283586     4.0708   3.284962      95.58     0.0132     2.7155     2.4116  1.9737747  1.1330892   48.53962  -45.39674    34.9076    34.9235     4.0216     4.0236    27.7105    27.7232    6.07057    6.17129         23 0.0000e+00
      35982   1499.229    657.000     4.0716   3.283626     4.0714   3.284968      95.53     0.0140     2.7150     2.4116  1.9733598  1.1330892   48.53962  -45.39674    34.9075    34.9235     4.0227     4.0226    27.7103    27.7231    6.06712    6.17390         23 0.0000e+00
      36007   1500.239    656.000     4.0727   3.283668     4.0726   3.285025      95.50     0.0109     2.7149     2.4125  1.9732369  1.1330892   48.53962  -45.39674    34.9073    34.9234     4.0239     4.0238    27.7101    27.7229    6.06484    6.18807         25 0.0000e+00
      36033   1501.322    655.000     4.0737   3.283713     4.0732   3.285040      95.14     0.0153     2.7151     2.4142  1.9737055  1.1340365   48.53960  -45.39674    34.9073    34.9234     4.0250     4.0245    27.7100    27.7228    6.07747    6.19432         26 0.0000e+00
      36057   1502.316    654.000     4.0741   3.283707     4.0738   3.285054      95.21     0.0126     2.7163     2.4150  1.9738599  1.1341439   48.53960  -45.39674    34.9072    34.9235     4.0255     4.0252    27.7099    27.7228    6.08199    6.17649         22 0.0000e+00
      36078   1503.198    653.000     4.0750   3.283751     4.0751   3.285110      95.47     0.0114     2.7165     2.4143  1.9738089  1.1343122   48.53960  -45.39672    34.9073    34.9234     4.0265     4.0265    27.7098    27.7226    6.07701    6.16943         20 0.0000e+00
      36098   1504.043    652.000     4.0767   3.283849     4.0765   3.285207      95.41     0.0071     2.7170     2.4145  1.9738940  1.1343101   48.53960  -45.39674    34.9072    34.9235     4.0283     4.0281    27.7096    27.7225    6.07733    6.17708         21 0.0000e+00
      36119   1504.937    651.000     4.0784   3.283971     4.0781   3.285317      95.01     0.0118     2.7176     2.4147  1.9726895  1.1343101   48.53960  -45.39674    34.9074    34.9236     4.0300     4.0297    27.7095    27.7225    6.07620    6.17814         23 0.0000e+00
      36144   1505.951    650.000     4.0795   3.284027     4.0792   3.285372      94.97     0.0170     2.7178     2.4153  1.9719831  1.1343101   48.53960  -45.39674    34.9075    34.9237     4.0312     4.0309    27.7094    27.7224    6.07598    6.18133         26 0.0000e+00
      36171   1507.082    649.000     4.0803   3.284060     4.0799   3.285380      95.33     0.0194     2.7181     2.4155  1.9732265  1.1347617   48.53960  -45.39674    34.9075    34.9235     4.0321     4.0331    27.7094    27.7222    6.07328    6.17225         27 0.0000e+00
      36197   1508.156    648.000     4.0805   3.284027     4.0805   3.285396      92.50     0.0182     2.7189     2.4151  1.9736506  1.1346140   48.53960  -45.39674    34.9075    34.9236     4.0323     4.0323    27.7093    27.7221    6.07615    6.16350         24 0.0000e+00
      36219   1509.082    647.000     4.0813   3.284051     4.0814   3.285428      95.06     0.0145     2.7183     2.4145  1.9724998  1.1355300   48.53960  -45.39672    34.9075    34.9236     4.0332     4.0333    27.7092    27.7221    6.06939    6.16437         21 0.0000e+00
      36239   1509.925    646.000     4.0821   3.284079     4.0818   3.285430      95.37     0.0156     2.7189     2.4144  1.9721057  1.1355312   48.53960  -45.39672    34.9074    34.9237     4.0341     4.0338    27.7091    27.7220    6.07173    6.16804         20 0.0000e+00
      36259   1510.770    645.000     4.0826   3.284085     4.0823   3.285428      53.40     0.0144     2.7185     2.4145  1.9727716  1.1355312   48.53960  -45.39673    34.9075    34.9236     4.0347     4.0344    27.7091    27.7220    6.07159    6.16841         21 0.0000e+00
      36282   1511.703    644.000     4.0829   3.284076     4.0828   3.285426      77.79     0.0135     2.7192     2.4147  1.9735731  1.1355312   48.53960  -45.39674    34.9075    34.9237     4.0351     4.0349    27.7091    27.7219    6.07474    6.17464         24 0.0000e+00
      36309   1512.825    643.000     4.0836   3.284092     4.0831   3.285412      94.98     0.0092     2.7191     2.4158  1.9738935  1.1354893   48.53960  -45.39674    34.9075    34.9237     4.0359     4.0353    27.7090    27.7219    6.06293    6.18351         29 0.0000e+00
      36339   1514.083    642.000     4.0847   3.284117     4.0843   3.285463      93.99     0.0114     2.7187     2.4167  1.9738702  1.1355319   48.53960  -45.39672    34.9072    34.9236     4.0370     4.0365    27.7087    27.7217    6.06289    6.17525         30 0.0000e+00
      36367   1515.256    641.000     4.0853   3.284127     4.0858   3.285557      94.96     0.0114     2.7182     2.4166  1.9738417  1.1355312   48.53960  -45.39674    34.9073    34.9236     4.0376     4.0382    27.7086    27.7215    6.06714    6.16868         26 0.0000e+00
      36392   1516.274    640.000     4.0871   3.284254     4.0871   3.285617      95.15     0.0161     2.7188     2.4167  1.9737734  1.1355312   48.53960  -45.39676    34.9073    34.9234     4.0395     4.0395    27.7085    27.7212    6.06726    6.17091         23 0.0000e+00
      36413   1517.187    639.000     4.0885   3.284331     4.0882   3.285671      95.16     0.0168     2.7192     2.4166  1.9721137  1.1355312   48.53960  -45.39676    34.9073    34.9235     4.0410     4.0407    27.7083    27.7212    6.06753    6.16902         21 0.0000e+00
      36434   1518.033    638.000     4.0899   3.284415     4.0894   3.285742      95.16     0.0173     2.7185     2.4169  1.9719137  1.1355312   48.53960  -45.39674    34.9074    34.9236     4.0424     4.0419    27.7082    27.7211    6.05553    6.17664         20 0.0000e+00
      36454   1518.864    637.000     4.0914   3.284512     4.0907   3.285818      95.13     0.0138     2.7188     2.4175  1.9719169  1.1360873   48.53960  -45.39674    34.9075    34.9235     4.0440     4.0434    27.7081    27.7209    6.05907    6.17546         20 0.0000e+00
      36475   1519.749    636.000     4.0926   3.284588     4.0921   3.285894      95.06     0.0101     2.7183     2.4177  1.9719169  1.1365393   48.53960  -45.39674    34.9075    34.9236     4.0454     4.0464    27.7080    27.7208    6.05459    6.17366         23 0.0000e+00
      36499   1520.741    635.000     4.0933   3.284601     4.0929   3.285931      95.04     0.0150     2.7182     2.4183  1.9718201  1.1366050   48.53960  -45.39674    34.9075    34.9236     4.0461     4.0457    27.7079    27.7208    6.06256    6.18177         25 0.0000e+00
      36525   1521.828    634.000     4.0935   3.284584     4.0932   3.285916      93.50     0.0137     2.7187     2.4194  1.9713942  1.1367543   48.53960  -45.39674    34.9076    34.9237     4.0464     4.0460    27.7079    27.7208    6.06028    6.17792         26 0.0000e+00
      36551   1522.906    633.000     4.0939   3.284578     4.0938   3.285932      94.73     0.0115     2.7187     2.4193  1.9727744  1.1367521   48.53960  -45.39674    34.9076    34.9237     4.0469     4.0467    27.7079    27.7207    6.05975    6.17507         26 0.0000e+00
      36576   1523.967    632.000     4.0958   3.284700     4.0967   3.286131      95.06     0.0101     2.7191     2.4201  1.9735843  1.1367521   48.53960  -45.39674    34.9076    34.9235     4.0488     4.0497    27.7077    27.7202    6.06789    6.18622         25 0.0000e+00
      36601   1525.000    631.000     4.0988   3.284938     4.0996   3.286363      94.50     0.0133     2.7198     2.4214  1.9735962  1.1367521   48.53960  -45.39674    34.9078    34.9237     4.0519     4.0527    27.7075    27.7201    6.06470    6.18686         24 0.0000e+00
