data/CTD/2013/CNV/U021A058.CNV
* Sea-Bird SBE 9 Data File:
* FileName = C:\CTD_ACQUISITION\2013021HUD\ctddata\021A058.hdr
* Software Version Seasave V 7.22.2
* Temperature SN = 5081
* Conductivity SN = 3561
* Number of Bytes Per Scan = 37
* Number of Voltage Words = 4
* Number of Scans Averaged by the Deck Unit = 1
* NMEA Latitude = 48 28.99 N
* NMEA Longitude = 045 20.33 W
* NMEA UTC (Time) = Jul 05 2013 11:38:36
* NMEA baud rate = 9600
** Ship: Hudson
** Cruise: HUD2013021
** Chief_Scientist: Greenan
** Organization: BIO
** Area_of_Operation: Sackville Spur
** Station: 58
** Sounding:  775
** Event_Comments: SS19  393225
# nquan = 25
# nvalues = 775                         
# units = specified
# name 0 = scan: Scan Count
# name 1 = timeS: Time, Elapsed [seconds]
# name 2 = prDM: Pressure, Digiquartz [db]
# name 3 = t068C: Temperature [ITS-68, deg C]
# name 4 = c0S/m: Conductivity [S/m]
# name 5 = t168C: Temperature, 2 [ITS-68, deg C]
# name 6 = c1S/m: Conductivity, 2 [S/m]
# name 7 = altM: Altimeter [m]
# name 8 = flCUVA: Fluorescence, Chelsea UV Aquatracka [ug/l]
# name 9 = sbeox0V: Oxygen raw, SBE 43 [V]
# name 10 = sbeox1V: Oxygen raw, SBE 43, 2 [V]
# name 11 = upoly0: Upoly 0, Optode 4330F - O2 D-Phase
# name 12 = upoly1: Upoly 1, Optode 4330F - O2 Temp
# name 13 = latitude: Latitude [deg]
# name 14 = longitude: Longitude [deg]
# name 15 = sal00: Salinity, Practical [PSU]
# name 16 = sal11: Salinity, Practical, 2 [PSU]
# name 17 = potemp068C: Potential Temperature [ITS-68, deg C]
# name 18 = potemp168C: Potential Temperature, 2 [ITS-68, deg C]
# name 19 = sigma-é00: Density [sigma-theta, Kg/m^3]
# name 20 = sigma-é11: Density, 2 [sigma-theta, Kg/m^3]
# name 21 = sbeox0ML/L: Oxygen, SBE 43 [ml/l], WS = 2
# name 22 = sbeox1ML/L: Oxygen, SBE 43, 2 [ml/l], WS = 2
# name 23 = nbin: number of scans per bin
# name 24 = flag: flag
# span 0 =      27702,      47177       
# span 1 =   1154.189,   1965.669       
# span 2 =      1.000,    775.000       
# span 3 =     2.8477,     6.0569       
# span 4 =   3.084531,   3.301471       
# span 5 =     2.8121,     6.0551       
# span 6 =   3.081461,   3.303244       
# span 7 =       4.79,     103.32       
# span 8 =     0.0064,     0.4691       
# span 9 =     2.6309,     3.4100       
# span 10 =     2.3447,     3.0195      
# span 11 =  1.7061252,  2.0128554      
# span 12 =  0.9963391,  1.3824474      
# span 13 =   48.48021,   48.48170      
# span 14 =  -45.33892,  -45.33694      
# span 15 =    33.1701,    34.9139      
# span 16 =    33.1842,    34.9298      
# span 17 =     2.8452,     6.0568      
# span 18 =     2.8099,     6.0550      
# span 19 =    26.1000,    27.7388      
# span 20 =    26.1113,    27.7522      
# span 21 =    5.75009,    7.26766      
# span 22 =    5.81960,    7.30222      
# span 23 =         12,        596      
# span 24 = 0.0000e+00, 0.0000e+00      
# interval = decibars: 1                
# start_time = Jul 05 2013 11:38:36 [NMEA time, header]
# bad_flag = -9.990e-29
*END*
[from data line 232]
      34134   1422.218    543.000     4.1169   3.282350     4.1170   3.283712      95.55     0.0180     2.7278     2.4164  1.9787925  1.1391941   48.48128  -45.33888    34.9042    34.9202     4.0769     4.0769    27.7020    27.7148    6.01178    6.08328         19 0.0000e+00
      34153   1423.002    542.000     4.1180   3.282402     4.1179   3.283758      95.53     0.0134     2.7277     2.4165  1.9787931  1.1391941   48.48128  -45.33888    34.9042    34.9203     4.0780     4.0778    27.7019    27.7148    6.00781    6.08688         19 0.0000e+00
      34173   1423.828    541.000     4.1188   3.282438     4.1186   3.283789      95.41     0.0099     2.7277     2.4166  1.9791244  1.1391941   48.48128  -45.33888    34.9043    34.9205     4.0789     4.0786    27.7019    27.7148    6.01529    6.09038         21 0.0000e+00
      34197   1424.850    540.000     4.1192   3.282444     4.1195   3.283839      95.47     0.0132     2.7291     2.4171  1.9790043  1.1391941   48.48128  -45.33889    34.9044    34.9206     4.0794     4.0797    27.7019    27.7148    6.02157    6.08817         30 0.0000e+00
      34235   1426.432    539.000     4.1183   3.282310     4.1204   3.283864      95.45     0.0152     2.7290     2.4166  1.9785486  1.1404158   48.48126  -45.33890    34.9043    34.9204     4.0785     4.0807    27.7020    27.7145    6.00711    6.07964         40 0.0000e+00
      34265   1427.661    538.000     4.1195   3.282357     4.1209   3.283857      95.18     0.0114     2.7286     2.4169  1.9790827  1.1404170   48.48126  -45.33890    34.9041    34.9204     4.0798     4.0811    27.7017    27.7145    6.01083    6.09212         21 0.0000e+00
      34283   1428.432    537.000     4.1221   3.282552     4.1225   3.283964      95.57     0.0164     2.7295     2.4173  1.9792461  1.1404152   48.48126  -45.33890    34.9042    34.9205     4.0825     4.0829    27.7014    27.7143    6.01027    6.09078         17 0.0000e+00
      34299   1429.095    536.000     4.1240   3.282699     4.1239   3.284059      95.55     0.0159     2.7285     2.4176  1.9792429  1.1404152   48.48126  -45.33890    34.9045    34.9206     4.0844     4.0844    27.7015    27.7143    6.00988    6.09287         15 0.0000e+00
      34314   1429.727    535.000     4.1266   3.282915     4.1265   3.284251      95.56     0.0154     2.7306     2.4182  1.9785581  1.1404152   48.48125  -45.33890    34.9048    34.9207     4.0871     4.0870    27.7015    27.7141    6.01671    6.09660         16 0.0000e+00
      34331   1430.403    534.000     4.1294   3.283144     4.1296   3.284511      95.54     0.0128     2.7296     2.4188  1.9788775  1.1404152   48.48124  -45.33890    34.9051    34.9210     4.0899     4.0902    27.7014    27.7140    6.01111    6.10618         17 0.0000e+00
      34352   1431.277    533.000     4.1308   3.283249     4.1311   3.284636      95.57     0.0104     2.7309     2.4208  1.9787776  1.1404152   48.48124  -45.33890    34.9054    34.9215     4.0914     4.0917    27.7014    27.7142    6.02972    6.11666         26 0.0000e+00
      34385   1432.647    532.000     4.1316   3.283269     4.1307   3.284563      95.39     0.0125     2.7329     2.4226  1.9790831  1.1404152   48.48123  -45.33890    34.9053    34.9216     4.0923     4.0914    27.7013    27.7143    6.02597    6.10676         37 0.0000e+00
      34416   1433.957    531.000     4.1310   3.283162     4.1311   3.284544      95.17     0.0153     2.7336     2.4234  1.9786941  1.1415232   48.48123  -45.33889    34.9052    34.9214     4.0918     4.0919    27.7012    27.7142    6.02200    6.10342         25 0.0000e+00
      34438   1434.866    530.000     4.1314   3.283153     4.1318   3.284564      95.10     0.0113     2.7346     2.4238  1.9784461  1.1415762   48.48123  -45.33888    34.9052    34.9214     4.0923     4.0927    27.7012    27.7141    6.02821    6.10562         20 0.0000e+00
      34457   1435.656    529.000     4.1335   3.283324     4.1339   3.284697      95.40     0.0112     2.7351     2.4243  1.9785349  1.1416353   48.48122  -45.33888    34.9055    34.9213     4.0944     4.0948    27.7012    27.7137    6.02440    6.08993         19 0.0000e+00
      34476   1436.441    528.000     4.1369   3.283584     4.1368   3.284934      93.90     0.0143     2.7355     2.4230  1.9785360  1.1416361   48.48122  -45.33888    34.9056    34.9215     4.0979     4.0978    27.7009    27.7136    6.02269    6.07309         19 0.0000e+00
      34495   1437.264    527.000     4.1388   3.283726     4.1389   3.285096      95.51     0.0163     2.7360     2.4220  1.9786316  1.1416361   48.48122  -45.33888    34.9057    34.9218     4.0999     4.1000    27.7008    27.7136    6.01998    6.07689         20 0.0000e+00
      34516   1438.113    526.000     4.1403   3.283830     4.1403   3.285193      94.96     0.0167     2.7355     2.4213  1.9788791  1.1416361   48.48120  -45.33888    34.9059    34.9220     4.1014     4.1014    27.7008    27.7136    6.01361    6.07780         20 0.0000e+00
      34535   1438.922    525.000     4.1419   3.283921     4.1418   3.285276      94.81     0.0197     2.7359     2.4211  1.9784690  1.1416361   48.48120  -45.33889    34.9058    34.9219     4.1031     4.1030    27.7006    27.7133    6.01726    6.08777         19 0.0000e+00
      34554   1439.721    524.000     4.1430   3.284004     4.1439   3.285436      95.37     0.0187     2.7358     2.4217  1.9768788  1.1420591   48.48120  -45.33890    34.9062    34.9221     4.1043     4.1052    27.7007    27.7133    6.01313    6.09678         20 0.0000e+00
      34576   1440.616    523.000     4.1456   3.284208     4.1456   3.285559      81.85     0.0172     2.7360     2.4227  1.9764094  1.1419946   48.48120  -45.33890    34.9063    34.9223     4.1070     4.1069    27.7005    27.7132    6.01872    6.08593         24 0.0000e+00
      34605   1441.824    522.000     4.1467   3.284267     4.1470   3.285652      78.89     0.0118     2.7364     2.4216  1.9779359  1.1422631   48.48119  -45.33890    34.9064    34.9224     4.1081     4.1084    27.7004    27.7132    6.01841    6.07596         33 0.0000e+00
      34637   1443.151    521.000     4.1473   3.284248     4.1472   3.285630      95.70     0.0106     2.7374     2.4218  1.9787935  1.1419747   48.48118  -45.33890    34.9061    34.9224     4.1088     4.1087    27.7001    27.7132    6.02380    6.08839         28 0.0000e+00
      34661   1444.162    520.000     4.1488   3.284356     4.1489   3.285739      95.43     0.0141     2.7379     2.4226  1.9785740  1.1420816   48.48118  -45.33888    34.9063    34.9225     4.1104     4.1104    27.7001    27.7130    6.01727    6.10481         22 0.0000e+00
      34681   1444.997    519.000     4.1517   3.284595     4.1511   3.285890      95.47     0.0118     2.7375     2.4246  1.9784082  1.1422141   48.48118  -45.33890    34.9066    34.9225     4.1133     4.1127    27.7001    27.7128    6.01370    6.10948         19 0.0000e+00
      34699   1445.753    518.000     4.1551   3.284895     4.1545   3.286170      95.32     0.0112     2.7377     2.4250  1.9772273  1.1427155   48.48117  -45.33891    34.9070    34.9227     4.1168     4.1162    27.7000    27.7126    6.02541    6.09869         17 0.0000e+00
      34716   1446.479    517.000     4.1573   3.285069     4.1570   3.286388      94.99     0.0080     2.7393     2.4258  1.9768013  1.1428571   48.48116  -45.33892    34.9072    34.9231     4.1191     4.1188    27.7000    27.7127    6.03361    6.08619         18 0.0000e+00
      34735   1447.238    516.000     4.1588   3.285188     4.1587   3.286521      95.33     0.0085     2.7400     2.4247  1.9769275  1.1427306   48.48116  -45.33892    34.9076    34.9234     4.1207     4.1206    27.7001    27.7127    6.03098    6.07547         19 0.0000e+00
      34757   1448.149    515.000     4.1599   3.285251     4.1599   3.286598      95.24     0.0098     2.7408     2.4243  1.9767611  1.1427618   48.48114  -45.33891    34.9077    34.9236     4.1219     4.1218    27.7000    27.7127    6.02716    6.07345         26 0.0000e+00
      34794   1449.696    514.000     4.1604   3.285237     4.1599   3.286559      95.16     0.0110     2.7415     2.4237  1.9767232  1.1430882   48.48115  -45.33890    34.9076    34.9236     4.1224     4.1219    27.6999    27.7127    6.02443    6.08326         47 0.0000e+00
      34830   1451.209    513.000     4.1598   3.285114     4.1606   3.286553      95.19     0.0115     2.7422     2.4248  1.9767464  1.1433104   48.48114  -45.33890    34.9073    34.9234     4.1218     4.1227    27.6997    27.7125    6.02302    6.09466         22 0.0000e+00
      34848   1451.947    512.000     4.1620   3.285276     4.1622   3.286648      95.31     0.0152     2.7420     2.4254  1.9766471  1.1437012   48.48114  -45.33890    34.9073    34.9233     4.1242     4.1243    27.6995    27.7122    6.01498    6.09508         16 0.0000e+00
      34862   1452.536    511.000     4.1662   3.285655     4.1664   3.286971      95.18     0.0138     2.7418     2.4260  1.9764276  1.1438884   48.48114  -45.33890    34.9079    34.9233     4.1284     4.1286    27.6995    27.7117    6.01789    6.09058         13 0.0000e+00
      34875   1453.063    510.000     4.1710   3.286075     4.1712   3.287388      95.34     0.0133     2.7420     2.4261  1.9768016  1.1442825   48.48114  -45.33890    34.9083    34.9236     4.1333     4.1334    27.6993    27.7115    6.02090    6.08902         12 0.0000e+00
      34887   1453.565    509.000     4.1746   3.286373     4.1748   3.287709      95.58     0.0150     2.7425     2.4261  1.9758807  1.1445885   48.48114  -45.33890    34.9086    34.9241     4.1369     4.1371    27.6992    27.7115    6.02144    6.09143         12 0.0000e+00
      34900   1454.107    508.000     4.1763   3.286508     4.1765   3.287862      95.45     0.0152     2.7423     2.4270  1.9759290  1.1448644   48.48112  -45.33890    34.9088    34.9246     4.1387     4.1389    27.6992    27.7117    6.01565    6.09349         14 0.0000e+00
      34915   1454.760    507.000     4.1772   3.286549     4.1771   3.287895      57.41     0.0140     2.7422     2.4272  1.9759026  1.1447275   48.48112  -45.33890    34.9090    34.9249     4.1397     4.1396    27.6992    27.7118    6.01871    6.08834         19 0.0000e+00
      34952   1456.294    506.000     4.1760   3.286397     4.1760   3.287759      77.75     0.0146     2.7433     2.4272  1.9766580  1.1454946   48.48112  -45.33890    34.9089    34.9251     4.1386     4.1385    27.6992    27.7121    6.02170    6.08079         61 0.0000e+00
      35003   1458.433    505.000     4.1717   3.285927     4.1745   3.287569      81.49     0.0085     2.7439     2.4271  1.9770371  1.1465813   48.48112  -45.33890    34.9085    34.9249     4.1343     4.1371    27.6994    27.7121    6.02073    6.08980         28 0.0000e+00
      35025   1459.334    504.000     4.1739   3.286066     4.1746   3.287515      94.07     0.0094     2.7449     2.4281  1.9767963  1.1465201   48.48110  -45.33890    34.9084    34.9246     4.1366     4.1373    27.6990    27.7119    6.03057    6.09992         20 0.0000e+00
      35043   1460.089    503.000     4.1771   3.286331     4.1787   3.287829      93.73     0.0109     2.7452     2.4290  1.9759328  1.1465201   48.48110  -45.33890    34.9086    34.9246     4.1399     4.1415    27.6989    27.7114    6.02599    6.09929         17 0.0000e+00
      35060   1460.810    502.000     4.1801   3.286582     4.1818   3.288105      93.36     0.0119     2.7461     2.4298  1.9761897  1.1465201   48.48109  -45.33890    34.9089    34.9251     4.1429     4.1447    27.6988    27.7114    6.02853    6.09174         18 0.0000e+00
      35079   1461.570    501.000     4.1829   3.286806     4.1834   3.288215      93.86     0.0151     2.7461     2.4295  1.9761589  1.1465201   48.48108  -45.33889    34.9092    34.9253     4.1458     4.1463    27.6987    27.7114    6.01989    6.07744         19 0.0000e+00
      35098   1462.385    500.000     4.1846   3.286944     4.1844   3.288281      94.43     0.0150     2.7459     2.4289  1.9761298  1.1465201   48.48108  -45.33888    34.9094    34.9254     4.1476     4.1474    27.6987    27.7114    6.01457    6.07492         20 0.0000e+00
      35120   1463.290    499.000     4.1856   3.286983     4.1852   3.288321      94.13     0.0140     2.7458     2.4287  1.9753691  1.1468381   48.48108  -45.33888    34.9095    34.9256     4.1486     4.1483    27.6986    27.7115    6.01981    6.08598         23 0.0000e+00
      35144   1464.283    498.000     4.1860   3.286977     4.1859   3.288336      93.58     0.0136     2.7466     2.4296  1.9742432  1.1477525   48.48108  -45.33888    34.9095    34.9256     4.1491     4.1490    27.6986    27.7114    6.02121    6.09342         24 0.0000e+00
      35167   1465.271    497.000     4.1865   3.286981     4.1870   3.288388      93.07     0.0163     2.7464     2.4306  1.9747405  1.1477412   48.48108  -45.33888    34.9095    34.9256     4.1497     4.1502    27.6986    27.7112    6.01620    6.09995         23 0.0000e+00
      35189   1466.176    496.000     4.1873   3.287011     4.1881   3.288450      94.12     0.0138     2.7466     2.4318  1.9761168  1.1477412   48.48106  -45.33888    34.9096    34.9257     4.1506     4.1513    27.6985    27.7112    6.01512    6.10048         21 0.0000e+00
      35210   1467.048    495.000     4.1887   3.287121     4.1892   3.288515      94.65     0.0119     2.7465     2.4323  1.9761618  1.1477412   48.48106  -45.33888    34.9098    34.9258     4.1521     4.1525    27.6985    27.7112    6.01945    6.09616         21 0.0000e+00
      35231   1467.937    494.000     4.1905   3.287246     4.1906   3.288613      94.39     0.0103     2.7472     2.4330  1.9743599  1.1481849   48.48106  -45.33888    34.9100    34.9259     4.1539     4.1541    27.6984    27.7111    6.02145    6.09751         22 0.0000e+00
      35253   1468.843    493.000     4.1924   3.287366     4.1925   3.288742      94.27     0.0135     2.7474     2.4336  1.9743589  1.1483828   48.48106  -45.33888    34.9099    34.9261     4.1559     4.1559    27.6982    27.7110    6.01685    6.10289         21 0.0000e+00
      35274   1469.706    492.000     4.1937   3.287460     4.1939   3.288826      93.24     0.0123     2.7474     2.4346  1.9737977  1.1488500   48.48106  -45.33888    34.9102    34.9261     4.1573     4.1575    27.6983    27.7109    6.01325    6.10027         20 0.0000e+00
      35293   1470.519    491.000     4.1954   3.287562     4.1953   3.288914      94.62     0.0115     2.7473     2.4347  1.9737486  1.1489618   48.48106  -45.33888    34.9101    34.9262     4.1591     4.1589    27.6980    27.7108    6.01222    6.07774         20 0.0000e+00
      35314   1471.365    490.000     4.1972   3.287719     4.1968   3.289025      94.66     0.0154     2.7474     2.4329  1.9739090  1.1489621   48.48104  -45.33888    34.9106    34.9264     4.1609     4.1605    27.6982    27.7108    6.01747    6.06748         22 0.0000e+00
      35341   1472.489    489.000     4.1991   3.287852     4.1992   3.289218      92.59     0.0145     2.7482     2.4329  1.9737926  1.1489621   48.48102  -45.33888    34.9107    34.9266     4.1629     4.1630    27.6981    27.7107    6.01429    6.08706         34 0.0000e+00
      35381   1474.183    488.000     4.1981   3.287706     4.2017   3.289414      93.81     0.0131     2.7482     2.4329  1.9760815  1.1490375   48.48102  -45.33888    34.9105    34.9268     4.1620     4.1656    27.6980    27.7106    6.01604    6.07281         36 0.0000e+00
      35406   1475.214    487.000     4.2006   3.287876     4.2019   3.289376      94.08     0.0128     2.7482     2.4317  1.9756362  1.1492727   48.48102  -45.33886    34.9104    34.9267     4.1646     4.1658    27.6976    27.7105    6.01126    6.07064         20 0.0000e+00
