data/CTD/2013/CNV/U021A038.CNV
* Sea-Bird SBE 9 Data File:
* FileName = C:\CTD_ACQUISITION\2013021HUD\ctddata\021A038.hdr
* Software Version Seasave V 7.22.2
* Temperature SN = 5081
* Conductivity SN = 3561
* Number of Bytes Per Scan = 37
* Number of Voltage Words = 4
* Number of Scans Averaged by the Deck Unit = 1
* NMEA Latitude = 48 23.61 N
* NMEA Longitude = 046 37.83 W
* NMEA UTC (Time) = Jul 03 2013 19:56:09
* NMEA baud rate = 9600
** Ship: Hudson
** Cruise: HUD2013021
** Chief_Scientist: Greenan
** Organization: BIO
** Area_of_Operation: Sackville Spur
** Station: 38
** Sounding:  1840
** Event_Comments: SS09  393176
# nquan = 25
# nvalues = 1866                        
# units = specified
# name 0 = scan: Scan Count
# name 1 = timeS: Time, Elapsed [seconds]
# name 2 = prDM: Pressure, Digiquartz [db]
# name 3 = t068C: Temperature [ITS-68, deg C]
# name 4 = c0S/m: Conductivity [S/m]
# name 5 = t168C: Temperature, 2 [ITS-68, deg C]
# name 6 = c1S/m: Conductivity, 2 [S/m]
# name 7 = altM: Altimeter [m]
# name 8 = flCUVA: Fluorescence, Chelsea UV Aquatracka [ug/l]
# name 9 = sbeox0V: Oxygen raw, SBE 43 [V]
# name 10 = sbeox1V: Oxygen raw, SBE 43, 2 [V]
# name 11 = upoly0: Upoly 0, Optode 4330F - O2 D-Phase
# name 12 = upoly1: Upoly 1, Optode 4330F - O2 Temp
# name 13 = latitude: Latitude [deg]
# name 14 = longitude: Longitude [deg]
# name 15 = sal00: Salinity, Practical [PSU]
# name 16 = sal11: Salinity, Practical, 2 [PSU]
# name 17 = potemp068C: Potential Temperature [ITS-68, deg C]
# name 18 = potemp168C: Potential Temperature, 2 [ITS-68, deg C]
# name 19 = sigma-é00: Density [sigma-theta, Kg/m^3]
# name 20 = sigma-é11: Density, 2 [sigma-theta, Kg/m^3]
# name 21 = sbeox0ML/L: Oxygen, SBE 43 [ml/l], WS = 2
# name 22 = sbeox1ML/L: Oxygen, SBE 43, 2 [ml/l], WS = 2
# name 23 = nbin: number of scans per bin
# name 24 = flag: flag
# span 0 =      53921,      96471       
# span 1 =   2246.659,   4019.583       
# span 2 =      1.000,   1866.000       
# span 3 =    -0.2402,     6.1576       
# span 4 =   2.757600,   3.286096       
# span 5 =    -0.2453,     6.1582       
# span 6 =   2.758655,   3.287422       
# span 7 =       5.40,     111.86       
# span 8 =     0.0051,     0.1163       
# span 9 =     2.3222,     3.4123       
# span 10 =     2.0873,     3.0598      
# span 11 =  1.7230086,  2.0767495      
# span 12 =  0.6291518,  1.3972181      
# span 13 =   48.39500,   48.39624      
# span 14 =  -46.62226,  -46.61855      
# span 15 =    32.5915,    34.9209      
# span 16 =    32.6066,    34.9376      
# span 17 =    -0.2411,     6.1575      
# span 18 =    -0.2462,     6.1580      
# span 19 =    25.6306,    27.8083      
# span 20 =    25.6425,    27.8219      
# span 21 =    5.85572,    8.88147      
# span 22 =    6.03502,    9.07557      
# span 23 =         10,        425      
# span 24 = 0.0000e+00, 0.0000e+00      
# interval = decibars: 1                
# start_time = Jul 03 2013 19:56:09 [NMEA time, header]
# bad_flag = -9.990e-29
*END*
[from data line 290]
      61673   2569.657   1576.000     3.5902   3.281153     3.5910   3.282623      50.75     0.0152     2.3987     2.1430  2.0573068  1.0696746   48.39586  -46.62205    34.9206    34.9373     3.4680     3.4687    27.7772    27.7904    5.87958    6.04909         16 0.0000e+00
      61689   2570.313   1575.000     3.5907   3.281154     3.5908   3.282582      92.01     0.0168     2.3992     2.1433  2.0573871  1.0697497   48.39586  -46.62206    34.9206    34.9374     3.4686     3.4686    27.7771    27.7905    5.88136    6.05500         16 0.0000e+00
      61704   2570.939   1574.000     3.5917   3.281214     3.5920   3.282656      93.63     0.0192     2.3996     2.1436  2.0573871  1.0696018   48.39586  -46.62204    34.9208    34.9375     3.4697     3.4699    27.7771    27.7905    5.87763    6.05739         15 0.0000e+00
      61719   2571.584   1573.000     3.5940   3.281374     3.5939   3.282786      94.53     0.0177     2.3994     2.1440  2.0568697  1.0707059   48.39586  -46.62204    34.9208    34.9376     3.4720     3.4719    27.7769    27.7903    5.87900    6.05922         16 0.0000e+00
      61737   2572.334   1572.000     3.5955   3.281466     3.5950   3.282844      72.63     0.0171     2.3998     2.1443  2.0567787  1.0708160   48.39586  -46.62204    34.9208    34.9376     3.4736     3.4731    27.7768    27.7902    5.88405    6.06011         20 0.0000e+00
      61768   2573.611   1571.000     3.5957   3.281457     3.5951   3.282805      75.51     0.0166     2.4011     2.1450  2.0564365  1.0715990   48.39585  -46.62202    34.9209    34.9375     3.4739     3.4732    27.7768    27.7902    5.89030    6.05986         45 0.0000e+00
      61811   2575.419   1570.000     3.5970   3.281487     3.5949   3.282713      80.00     0.0189     2.4025     2.1459  2.0561430  1.0720752   48.39584  -46.62202    34.9204    34.9372     3.4752     3.4731    27.7763    27.7899    5.88901    6.05869         30 0.0000e+00
      61831   2576.269   1569.000     3.5992   3.281656     3.5997   3.283110      93.61     0.0180     2.4022     2.1461  2.0561662  1.0721068   48.39586  -46.62202    34.9205    34.9372     3.4776     3.4780    27.7762    27.7894    5.88272    6.05576         18 0.0000e+00
      61848   2576.966   1568.000     3.6018   3.281856     3.6028   3.283343      96.07     0.0171     2.4029     2.1460  2.0561662  1.0720404   48.39586  -46.62202    34.9207    34.9373     3.4802     3.4811    27.7760    27.7892    5.88249    6.06028         16 0.0000e+00
      61864   2577.645   1567.000     3.6042   3.282023     3.6039   3.283408      50.05     0.0162     2.4029     2.1467  2.0561662  1.0727247   48.39586  -46.62202    34.9206    34.9374     3.4826     3.4823    27.7758    27.7892    5.87627    6.06299         16 0.0000e+00
      61882   2578.367   1566.000     3.6045   3.282018     3.6039   3.283366      91.50     0.0144     2.4029     2.1470  2.0561662  1.0723008   48.39586  -46.62202    34.9207    34.9374     3.4830     3.4823    27.7758    27.7891    5.88214    6.05771         19 0.0000e+00
      61902   2579.204   1565.000     3.6046   3.281969     3.6037   3.283311      95.49     0.0167     2.4031     2.1471  2.0561662  1.0726931   48.39586  -46.62202    34.9206    34.9374     3.4832     3.4823    27.7756    27.7892    5.87733    6.05256         22 0.0000e+00
      61925   2580.181   1564.000     3.6045   3.281921     3.6034   3.283243      79.96     0.0150     2.4031     2.1470  2.0560145  1.0732561   48.39586  -46.62200    34.9205    34.9374     3.4832     3.4821    27.7756    27.7891    5.87845    6.04960         24 0.0000e+00
      61950   2581.218   1563.000     3.6044   3.281858     3.6034   3.283185      79.53     0.0163     2.4035     2.1470  2.0549347  1.0737039   48.39584  -46.62200    34.9205    34.9372     3.4831     3.4821    27.7756    27.7890    5.88084    6.05387         25 0.0000e+00
      61975   2582.266   1562.000     3.6043   3.281817     3.6035   3.283158      95.30     0.0148     2.4033     2.1474  2.0543840  1.0744778   48.39584  -46.62200    34.9205    34.9373     3.4832     3.4823    27.7756    27.7890    5.87576    6.06335         26 0.0000e+00
      62002   2583.380   1561.000     3.6046   3.281801     3.6041   3.283173      69.07     0.0138     2.4036     2.1484  2.0534751  1.0744811   48.39584  -46.62200    34.9205    34.9373     3.4836     3.4830    27.7756    27.7890    5.88072    6.06373         28 0.0000e+00
      62029   2584.504   1560.000     3.6049   3.281783     3.6043   3.283142      92.18     0.0119     2.4040     2.1485  2.0531857  1.0744811   48.39584  -46.62200    34.9205    34.9372     3.4840     3.4833    27.7755    27.7889    5.88084    6.05601         25 0.0000e+00
      62052   2585.438   1559.000     3.6054   3.281777     3.6047   3.283134      95.19     0.0127     2.4044     2.1489  2.0538025  1.0744811   48.39584  -46.62200    34.9204    34.9372     3.4845     3.4838    27.7754    27.7889    5.88495    6.05975         19 0.0000e+00
      62070   2586.194   1558.000     3.6060   3.281801     3.6053   3.283160      84.26     0.0101     2.4049     2.1490  2.0540941  1.0744811   48.39584  -46.62198    34.9205    34.9374     3.4852     3.4955    27.7754    27.7889    5.88080    6.06255         17 0.0000e+00
      62086   2586.873   1557.000     3.6064   3.281791     3.6057   3.283152      43.94     0.0106     2.4048     2.1494  2.0548899  1.0744811   48.39584  -46.62198    34.9205    34.9374     3.4857     3.4846    27.7753    27.7889    5.87780    6.06107         16 0.0000e+00
      62102   2587.537   1556.000     3.6064   3.281758     3.6054   3.283094      92.42     0.0102     2.4047     2.1496  2.0530193  1.0744811   48.39584  -46.62198    34.9206    34.9375     3.4858     3.4848    27.7754    27.7890    5.88091    6.05683         17 0.0000e+00
      62119   2588.246   1555.000     3.6062   3.281698     3.6052   3.283026      77.24     0.0100     2.4051     2.1496  2.0526514  1.0746776   48.39584  -46.62198    34.9206    34.9374     3.4856     3.4846    27.7754    27.7889    5.88408    6.05492         18 0.0000e+00
      62139   2589.071   1554.000     3.6057   3.281611     3.6046   3.282936      73.81     0.0091     2.4056     2.1496  2.0529346  1.0746491   48.39584  -46.62198    34.9206    34.9374     3.4853     3.4841    27.7755    27.7890    5.88961    6.05376         22 0.0000e+00
      62174   2590.531   1553.000     3.6055   3.281553     3.6043   3.282869      81.44     0.0124     2.4064     2.1500  2.0531256  1.0748655   48.39584  -46.62196    34.9206    34.9374     3.4851     3.4840    27.7755    27.7890    5.88684    6.05871         58 0.0000e+00
      62234   2593.026   1552.000     3.6057   3.281509     3.6045   3.282836      96.19     0.0137     2.4067     2.1506  2.0527451  1.0758271   48.39584  -46.62196    34.9203    34.9373     3.4854     3.4843    27.7752    27.7889    5.86590    6.04929         31 0.0000e+00
      62248   2593.620   1551.000     3.6058   3.281487     3.6048   3.282818      95.71     0.0159     2.4068     2.1503  2.0533361  1.0745207   48.39584  -46.62196    34.9205    34.9373     3.4856     3.4846    27.7753    27.7889    5.87996    6.05371         15 0.0000e+00
      62261   2594.156   1550.000     3.6062   3.281483     3.6051   3.282811      81.46     0.0168     2.4067     2.1503  2.0529027  1.0744797   48.39584  -46.62196    34.9205    34.9374     3.4861     3.4850    27.7753    27.7889    5.87459    6.05745         12 0.0000e+00
      62272   2594.627   1549.000     3.6069   3.281507     3.6058   3.282842       8.56     0.0162     2.4064     2.1506  2.0538392  1.0744811   48.39584  -46.62196    34.9205    34.9375     3.4869     3.4858    27.7753    27.7889    5.87895    6.05727         11 0.0000e+00
      62283   2595.074   1548.000     3.6073   3.281496     3.6062   3.282834      60.72     0.0184     2.4062     2.1507  2.0531821  1.0744811   48.39582  -46.62196    34.9205    34.9375     3.4874     3.4863    27.7752    27.7888    5.88046    6.05919         11 0.0000e+00
      62294   2595.528   1547.000     3.6075   3.281466     3.6064   3.282809      94.50     0.0187     2.4065     2.1509  2.0527387  1.0752343   48.39582  -46.62196    34.9204    34.9375     3.4876     3.4866    27.7751    27.7888    5.89792    6.05918         11 0.0000e+00
      62306   2596.026   1546.000     3.6076   3.281438     3.6067   3.282784      95.50     0.0181     2.4080     2.1511  2.0526011  1.0751423   48.39582  -46.62194    34.9205    34.9374     3.4878     3.4869    27.7751    27.7887    5.89834    6.05908         13 0.0000e+00
      62323   2596.734   1545.000     3.6076   3.281408     3.6065   3.282729      95.79     0.0153     2.4083     2.1513  2.0526953  1.0753248   48.39582  -46.62193    34.9206    34.9374     3.4879     3.4868    27.7752    27.7887    5.88579    6.06000         24 0.0000e+00
      62400   2599.970   1544.000     3.6074   3.281352     3.6066   3.282691      36.46     0.0128     2.4085     2.1531  2.0527148  1.0749630   48.39582  -46.62192    34.9207    34.9374     3.4878     3.4870    27.7753    27.7887    5.88399    6.06436         35 0.0000e+00
      62427   2601.081   1543.000     3.6076   3.281312     3.6066   3.282643      75.00     0.0130     2.4091     2.1532  2.0526142  1.0744818   48.39582  -46.62192    34.9205    34.9373     3.4881     3.4871    27.7751    27.7886    5.87869    6.05977         11 0.0000e+00
      62438   2601.553   1542.000     3.6077   3.281281     3.6063   3.282582      96.50     0.0157     2.4080     2.1534  2.0525002  1.0744811   48.39582  -46.62192    34.9204    34.9373     3.4883     3.4869    27.7750    27.7886    5.87875    6.05723         11 0.0000e+00
      62449   2602.002   1541.000     3.6087   3.281326     3.6072   3.282616      95.98     0.0164     2.4092     2.1533  2.0525031  1.0744811   48.39582  -46.62192    34.9205    34.9373     3.4895     3.4879    27.7750    27.7885    5.88307    6.05618         11 0.0000e+00
      62460   2602.448   1540.000     3.6101   3.281412     3.6093   3.282755      95.43     0.0152     2.4090     2.1533  2.0525031  1.0744811   48.39582  -46.62192    34.9205    34.9372     3.4909     3.4900    27.7748    27.7883    5.88589    6.05528         11 0.0000e+00
      62471   2602.913   1539.000     3.6113   3.281474     3.6109   3.282859      95.88     0.0170     2.4090     2.1534  2.0525031  1.0744811   48.39582  -46.62190    34.9204    34.9373     3.4922     3.4917    27.7746    27.7882    5.88088    6.05490         11 0.0000e+00
      62484   2603.453   1538.000     3.6129   3.281569     3.6129   3.282987      61.51     0.0194     2.4095     2.1534  2.0525031  1.0751258   48.39582  -46.62190    34.9204    34.9372     3.4938     3.4938    27.7744    27.7878    5.88407    6.05333         15 0.0000e+00
      62502   2604.219   1537.000     3.6137   3.281605     3.6140   3.283046      79.87     0.0157     2.4099     2.1534  2.0524585  1.0755186   48.39580  -46.62190    34.9204    34.9372     3.4947     3.4950    27.7744    27.7877    5.89371    6.05225         25 0.0000e+00
      62563   2606.769   1536.000     3.6143   3.281618     3.6134   3.282959      80.20     0.0108     2.4108     2.1539  2.0525575  1.0756305   48.39580  -46.62188    34.9205    34.9373     3.4953     3.4945    27.7744    27.7878    5.87718    6.05552         71 0.0000e+00
      62598   2608.195   1535.000     3.6139   3.281520     3.6129   3.282856      87.36     0.0123     2.4114     2.1537  2.0525017  1.0755562   48.39580  -46.62188    34.9202    34.9371     3.4951     3.4940    27.7742    27.7877    5.89134    6.05036         17 0.0000e+00
      62612   2608.801   1534.000     3.6153   3.281611     3.6151   3.283012      46.90     0.0146     2.4116     2.1540  2.0525031  1.0757041   48.39580  -46.62188    34.9202    34.9371     3.4966     3.4963    27.7741    27.7875    5.88967    6.05238         15 0.0000e+00
      62626   2609.387   1533.000     3.6181   3.281818     3.6178   3.283200      95.46     0.0166     2.4116     2.1538  2.0525031  1.0756161   48.39580  -46.62188    34.9203    34.9370     3.4994     3.4990    27.7738    27.7872    5.89207    6.04979         14 0.0000e+00
      62640   2609.962   1532.000     3.6194   3.281896     3.6187   3.283245      95.97     0.0142     2.4128     2.1537  2.0525877  1.0756996   48.39580  -46.62188    34.9203    34.9370     3.5008     3.5001    27.7737    27.7871    5.89863    6.04999         14 0.0000e+00
      62655   2610.564   1531.000     3.6200   3.281903     3.6188   3.283212      95.98     0.0120     2.4133     2.1540  2.0525846  1.0757021   48.39580  -46.62188    34.9202    34.9370     3.5015     3.5002    27.7736    27.7871    5.88965    6.05219         15 0.0000e+00
      62672   2611.272   1530.000     3.6210   3.281954     3.6198   3.283262      74.04     0.0122     2.4131     2.1541  2.0525055  1.0757021   48.39580  -46.62186    34.9203    34.9371     3.5026     3.5013    27.7735    27.7870    5.88254    6.05466         19 0.0000e+00
      62699   2612.421   1529.000     3.6214   3.281947     3.6207   3.283290      83.39     0.0132     2.4135     2.1545  2.0525031  1.0757558   48.39578  -46.62185    34.9203    34.9370     3.5030     3.5023    27.7735    27.7869    5.88804    6.05046         41 0.0000e+00
      62751   2614.591   1528.000     3.6202   3.281792     3.6178   3.283007      73.54     0.0122     2.4142     2.1542  2.0525031  1.0771217   48.39578  -46.62184    34.9202    34.9371     3.5020     3.4995    27.7735    27.7872    5.88539    6.04335         43 0.0000e+00
      62774   2615.550   1527.000     3.6217   3.281875     3.6211   3.283231      96.03     0.0141     2.4141     2.1545  2.0525031  1.0767785   48.39578  -46.62184    34.9201    34.9369     3.5035     3.5028    27.7732    27.7867    5.88847    6.05784         17 0.0000e+00
      62790   2616.198   1526.000     3.6231   3.281959     3.6226   3.283325      95.97     0.0138     2.4152     2.1548  2.0525031  1.0763053   48.39578  -46.62184    34.9201    34.9368     3.5050     3.5044    27.7731    27.7865    5.89350    6.05724         14 0.0000e+00
      62803   2616.758   1525.000     3.6241   3.282000     3.6235   3.283368      95.94     0.0169     2.4145     2.1550  2.0525031  1.0760744   48.39578  -46.62184    34.9200    34.9369     3.5061     3.5054    27.7730    27.7865    5.88433    6.05861         13 0.0000e+00
      62816   2617.285   1524.000     3.6250   3.282041     3.6243   3.283391      75.73     0.0187     2.4149     2.1556  2.0524104  1.0762634   48.39578  -46.62184    34.9201    34.9368     3.5070     3.5063    27.7729    27.7863    5.88470    6.06154         13 0.0000e+00
      62829   2617.821   1523.000     3.6255   3.282048     3.6246   3.283382      41.43     0.0186     2.4152     2.1560  2.0525010  1.0769081   48.39578  -46.62183    34.9201    34.9369     3.5076     3.5067    27.7729    27.7863    5.88419    6.06381         13 0.0000e+00
      62843   2618.410   1522.000     3.6257   3.282025     3.6248   3.283363      83.49     0.0183     2.4151     2.1564  2.0524228  1.0769231   48.39578  -46.62182    34.9201    34.9370     3.5079     3.5069    27.7729    27.7864    5.88491    6.06443         15 0.0000e+00
      62864   2619.279   1521.000     3.6258   3.282006     3.6253   3.283370      68.79     0.0164     2.4153     2.1571  2.0518572  1.0769231   48.39576  -46.62182    34.9203    34.9370     3.5081     3.5075    27.7730    27.7864    5.88418    6.06165         31 0.0000e+00
      62934   2622.219   1520.000     3.6263   3.281987     3.6242   3.283239      99.31     0.0141     2.4161     2.1582  2.0510507  1.0769231   48.39576  -46.62180    34.9200    34.9371     3.5087     3.5066    27.7727    27.7865    5.88493    6.05718         63 0.0000e+00
