data/CTD/2013/CNV/U021A014.CNV
* Sea-Bird SBE 9 Data File:
* FileName = C:\CTD_ACQUISITION\2013021HUD\ctddata\021A014.hdr
* Software Version Seasave V 7.22.2
* Temperature SN = 5081
* Conductivity SN = 3561
* Number of Bytes Per Scan = 37
* Number of Voltage Words = 4
* Number of Scans Averaged by the Deck Unit = 1
* NMEA Latitude = 46 59.97 N
* NMEA Longitude = 047 04.95 W
* NMEA UTC (Time) = Jul 01 2013 22:38:05
* NMEA baud rate = 9600
** Ship: Hudson
** Cruise: HUD2013021
** Chief_Scientist: Greenan
** Organization: BIO
** Area_of_Operation: Sackville Spur
** Station: 14
** Sounding:  1105
** Event_Comments: FC16.5  393115
# nquan = 25
# nvalues = 1090                        
# units = specified
# name 0 = scan: Scan Count
# name 1 = timeS: Time, Elapsed [seconds]
# name 2 = prDM: Pressure, Digiquartz [db]
# name 3 = t068C: Temperature [ITS-68, deg C]
# name 4 = c0S/m: Conductivity [S/m]
# name 5 = t168C: Temperature, 2 [ITS-68, deg C]
# name 6 = c1S/m: Conductivity, 2 [S/m]
# name 7 = altM: Altimeter [m]
# name 8 = flCUVA: Fluorescence, Chelsea UV Aquatracka [ug/l]
# name 9 = sbeox0V: Oxygen raw, SBE 43 [V]
# name 10 = sbeox1V: Oxygen raw, SBE 43, 2 [V]
# name 11 = upoly0: Upoly 0, Optode 4330F - O2 D-Phase
# name 12 = upoly1: Upoly 1, Optode 4330F - O2 Temp
# name 13 = latitude: Latitude [deg]
# name 14 = longitude: Longitude [deg]
# name 15 = sal00: Salinity, Practical [PSU]
# name 16 = sal11: Salinity, Practical, 2 [PSU]
# name 17 = potemp068C: Potential Temperature [ITS-68, deg C]
# name 18 = potemp168C: Potential Temperature, 2 [ITS-68, deg C]
# name 19 = sigma-é00: Density [sigma-theta, Kg/m^3]
# name 20 = sigma-é11: Density, 2 [sigma-theta, Kg/m^3]
# name 21 = sbeox0ML/L: Oxygen, SBE 43 [ml/l], WS = 2
# name 22 = sbeox1ML/L: Oxygen, SBE 43, 2 [ml/l], WS = 2
# name 23 = nbin: number of scans per bin
# name 24 = flag: flag
# span 0 =      39171,      67447       
# span 1 =   1632.088,   2810.270       
# span 2 =      1.000,   1090.000       
# span 3 =     0.0077,     6.6516       
# span 4 =   2.670729,   3.285684       
# span 5 =    -0.0097,     6.6451       
# span 6 =   2.665184,   3.287008       
# span 7 =       6.00,     100.89       
# span 8 =     0.0054,     0.1915       
# span 9 =     2.5375,     3.4200       
# span 10 =     2.2830,     3.0681      
# span 11 =  1.7206356,  2.0354932      
# span 12 =  0.6471118,  1.4526820      
# span 13 =   46.99954,   46.99984      
# span 14 =  -47.08374,  -47.08340      
# span 15 =    26.1566,    34.9080      
# span 16 =    26.1044,    34.9237      
# span 17 =     0.0060,     6.6515      
# span 18 =    -0.0112,     6.6451      
# span 19 =    20.5075,    27.7445      
# span 20 =    20.4671,    27.7571      
# span 21 =    5.91291,    8.33834      
# span 22 =    6.12117,    8.49002      
# span 23 =         13,        169      
# span 24 = 0.0000e+00, 0.0000e+00      
# interval = decibars: 1                
# start_time = Jul 01 2013 22:38:05 [NMEA time, header]
# bad_flag = -9.990e-29
*END*
[from data line 1044]
      65660   2735.804     46.000     0.6851   2.819457     0.7160   2.822794      69.24     0.1178     3.2540     2.9146  1.9206077  0.6520424   46.99982  -47.08366    33.1087    33.1188     0.6833     0.7142    26.5435    26.5499    7.91893    8.03504         23 0.0000e+00
      65684   2736.795     45.000     0.7548   2.825086     0.7807   2.828139      76.45     0.1366     3.2596     2.9200  1.9170080  0.6552004   46.99982  -47.08366    33.1075    33.1194     0.7531     0.7789    26.5385    26.5466    7.97244    8.09924         25 0.0000e+00
      65709   2737.837     44.000     0.8973   2.837323     0.9262   2.840644      82.87     0.1372     3.2707     2.9311  1.9145207  0.6573461   46.99982  -47.08366    33.1139    33.1258     0.8955     0.9245    26.5352    26.5430    8.04056    8.17783         25 0.0000e+00
      65733   2738.845     43.000     1.0628   2.851166     1.1028   2.855401      95.15     0.1422     3.2872     2.9467  1.9060466  0.6687058   46.99982  -47.08366    33.1160    33.1278     1.0610     1.1010    26.5268    26.5338    8.09584    8.22704         23 0.0000e+00
      65754   2739.704     42.000     1.1999   2.862386     1.2413   2.866186      83.54     0.1588     3.3018     2.9609  1.9012516  0.6751810   46.99982  -47.08367    33.1146    33.1192     1.1981     1.2395    26.5170    26.5180    8.09852    8.25729         19 0.0000e+00
      65772   2740.458     41.000     1.3133   2.871181     1.3376   2.873884      62.42     0.1804     3.3140     2.9749  1.8998774  0.6776565   46.99982  -47.08368    33.1071    33.1158     1.3115     1.3358    26.5036    26.5090    8.11643    8.28349         17 0.0000e+00
      65790   2741.202     40.000     1.3816   2.876218     1.4029   2.878865      95.15     0.1915     3.3277     2.9875  1.8914071  0.6921770   46.99982  -47.08366    33.0995    33.1106     1.3798     1.4011    26.4930    26.5004    8.15396    8.28742         19 0.0000e+00
      65809   2742.020     39.000     1.3502   2.871676     1.3574   2.873542      95.30     0.1850     3.3432     3.0001  1.8913308  0.6923077   46.99982  -47.08366    33.0755    33.0916     1.3485     1.3556    26.4758    26.4883    8.25586    8.33190         22 0.0000e+00
      65839   2743.270     38.000     1.4202   2.876900     1.4040   2.875822      56.97     0.1809     3.3740     3.0243  1.8800588  0.7169933   46.99984  -47.08366    33.0685    33.0718     1.4185     1.4024    26.4655    26.4692    8.33834    8.49002         39 0.0000e+00
      65876   2744.780     37.000     1.7084   2.899408     1.7194   2.900735      96.68     0.1657     3.4064     3.0584  1.8744526  0.7283775   46.99983  -47.08366    33.0502    33.0553     1.7067     1.7177    26.4310    26.4343    8.29533    8.43755         28 0.0000e+00
      65898   2745.724     36.000     1.9133   2.915785     1.9280   2.917417      82.75     0.1640     3.4196     3.0681  1.8717483  0.7339170   46.99982  -47.08366    33.0417    33.0467     1.9115     1.9262    26.4094    26.4124    8.14292    8.25147         19 0.0000e+00
      65917   2746.491     35.000     2.0287   2.925055     2.0842   2.929502      63.08     0.1715     3.4200     3.0670  1.8710368  0.7360960   46.99982  -47.08366    33.0375    33.0351     2.0269     2.0824    26.3976    26.3914    7.99421    8.10056         18 0.0000e+00
      65935   2747.240     34.000     2.2421   2.942202     2.3407   2.950944      94.78     0.1718     3.4143     3.0611  1.8686153  0.7458960   46.99982  -47.08366    33.0291    33.0350     2.2403     2.3389    26.3745    26.3715    7.85939    7.96910         19 0.0000e+00
      65956   2748.145     33.000     2.4935   2.963032     2.5705   2.969623      95.11     0.1739     3.4039     3.0518  1.8687623  0.7458888   46.99982  -47.08366    33.0264    33.0279     2.4917     2.5687    26.3524    26.3474    7.74706    7.88144         25 0.0000e+00
      65983   2749.240     32.000     3.0069   3.002260     2.8477   2.990947      63.48     0.1624     3.3923     3.0419  1.8390586  0.7870021   46.99982  -47.08366    32.9781    33.0038     3.0051     2.8459    26.2706    26.3050    7.65955    7.85784         26 0.0000e+00
      66007   2750.255     31.000     3.3723   3.031117     3.5010   3.039594      95.92     0.1484     3.3888     3.0423  1.8390421  0.7875705   46.99982  -47.08366    32.9544    32.9254     3.3704     3.4991    26.2193    26.1842    7.67054    7.83806         22 0.0000e+00
      66027   2751.066     30.000     3.8232   3.064845     3.9148   3.071742      95.23     0.1368     3.3932     3.0478  1.8376000  0.8151485   46.99982  -47.08366    32.9013    32.8909     3.8213     3.9129    26.1345    26.1173    7.61711    7.76882         18 0.0000e+00
      66044   2751.795     29.000     4.1684   3.092419     4.2076   3.096177      78.04     0.1352     3.3949     3.0494  1.8376789  0.8157758   46.99982  -47.08366    32.8798    32.8861     4.1665     4.2057    26.0842    26.0842    7.51308    7.65205         17 0.0000e+00
      66063   2752.577     28.000     4.3968   3.110429     4.4530   3.114892      69.96     0.1365     3.3930     3.0453  1.8228902  0.8326556   46.99982  -47.08366    32.8646    32.8640     4.3949     4.4511    26.0477    26.0413    7.40517    7.52826         21 0.0000e+00
      66090   2753.699     27.000     4.5588   3.123076     4.5527   3.123337      67.99     0.1411     3.3834     3.0351  1.7979784  0.8624877   46.99982  -47.08366    32.8524    32.8607     4.5559     4.5508    26.0213    26.0283    7.31379    7.45700         34 0.0000e+00
      66124   2755.135     26.000     4.6683   3.130501     4.6386   3.129212      62.92     0.1498     3.3716     3.0228  1.7905786  0.9405502   46.99982  -47.08366    32.8295    32.8441     4.6665     4.6368    25.9913    26.0060    7.28462    7.42036         30 0.0000e+00
      66148   2756.133     25.000     4.7776   3.138912     4.7593   3.137656      90.03     0.1379     3.3666     3.0159  1.7890835  0.9578379   46.99982  -47.08366    32.8195    32.8230     4.7758     4.7575    25.9715    25.9762    7.27294    7.39838         20 0.0000e+00
      66167   2756.908     24.000     5.0198   3.158393     5.0671   3.162084      69.89     0.1279     3.3639     3.0124  1.7822821  1.0063379   46.99982  -47.08366    32.8056    32.8014     5.0180     5.0654    25.9339    25.9253    7.24115    7.36694         18 0.0000e+00
      66184   2757.645     23.000     5.3375   3.183740     5.3771   3.187732      73.59     0.1238     3.3637     3.0122  1.7804925  1.0221008   46.99982  -47.08366    32.7845    32.7913     5.3358     5.3753    25.8812    25.8821    7.19709    7.34130         18 0.0000e+00
      66203   2758.436     22.000     5.4984   3.196968     5.5445   3.201544      94.49     0.1324     3.3639     3.0136  1.7758150  1.0267333   46.99982  -47.08366    32.7783    32.7852     5.4967     5.5427    25.8577    25.8578    7.19730    7.34456         21 0.0000e+00
      66226   2759.370     21.000     5.5629   3.202352     5.5937   3.205685      94.77     0.1232     3.3690     3.0185  1.7599119  1.0446699   46.99984  -47.08366    32.7769    32.7846     5.5612     5.5921    25.8491    25.8516    7.22581    7.35867         24 0.0000e+00
      66253   2760.518     20.000     5.6130   3.206189     5.6198   3.207644      63.35     0.1145     3.3743     3.0219  1.7572705  1.0685614   46.99984  -47.08366    32.7721    32.7819     5.6115     5.6182    25.8393    25.8463    7.18335    7.32292         30 0.0000e+00
      66284   2761.775     19.000     5.6635   3.210078     5.6475   3.209722      95.87     0.1040     3.3695     3.0194  1.7532793  1.1137253   46.99983  -47.08366    32.7674    32.7790     5.6620     5.6460    25.8297    25.8407    7.08596    7.26157         29 0.0000e+00
      66310   2762.873     18.000     5.7193   3.214520     5.6908   3.213112      71.35     0.1057     3.3608     3.0131  1.7547027  1.1360166   46.99983  -47.08366    32.7638    32.7756     5.7179     5.6894    25.8201    25.8329    7.04716    7.21141         24 0.0000e+00
      66334   2763.856     17.000     5.8233   3.222393     5.7812   3.219941      83.17     0.1014     3.3535     3.0065  1.7559547  1.1483761   46.99983  -47.08366    32.7520    32.7653     5.8220     5.7799    25.7984    25.8139    7.02486    7.17944         24 0.0000e+00
      66357   2764.816     16.000     5.9409   3.230263     5.9012   3.228345      94.90     0.0951     3.3490     3.0011  1.7489686  1.1660620   46.99983  -47.08366    32.7272    32.7440     5.9396     5.8999    25.7645    25.7826    7.01011    7.15925         23 0.0000e+00
      66379   2765.767     15.000     6.1732   3.245299     6.1600   3.244173      76.64     0.0859     3.3458     2.9977  1.7448294  1.1769959   46.99982  -47.08366    32.6718    32.6719     6.1719     6.1588    25.6921    25.6938    6.97305    7.12682         22 0.0000e+00
      66401   2766.682     14.000     6.4535   3.260776     6.3709   3.256953      73.57     0.0715     3.3432     2.9958  1.7422088  1.1962041   46.99982  -47.08366    32.5756    32.6122     6.4523     6.3697    25.5810    25.6203    6.92191    7.09382         21 0.0000e+00
      66422   2767.527     13.000     6.5605   3.266770     6.5357   3.265653      65.01     0.0723     3.3409     2.9942  1.7397876  1.2198232   46.99982  -47.08366    32.5403    32.5515     6.5594     6.5346    25.5395    25.5515    6.90757    7.06129         20 0.0000e+00
      66442   2768.364     12.000     6.5977   3.268592     6.5941   3.269100      49.64     0.0700     3.3401     2.9919  1.7387202  1.2235653   46.99982  -47.08368    32.5254    32.5344     6.5967     6.5931    25.5230    25.5305    6.91876    7.04064         21 0.0000e+00
      66466   2769.357     11.000     6.6248   3.270228     6.6175   3.270647      63.42     0.0702     3.3414     2.9893  1.7311940  1.2552170   46.99984  -47.08366    32.5182    32.5298     6.6238     6.6166    25.5138    25.5238    6.91656    7.03072         28 0.0000e+00
      66500   2770.795     10.000     6.6310   3.270328     6.6163   3.270398      85.37     0.0734     3.3417     2.9862  1.7304779  1.2827147   46.99984  -47.08366    32.5139    32.5286     6.6301     6.6155    25.5096    25.5230    6.91686    7.02938         36 0.0000e+00
      66529   2771.980      9.000     6.6348   3.270378     6.6156   3.269890      64.84     0.0708     3.3423     2.9847  1.7302067  1.3058283   46.99984  -47.08366    32.5113    32.5242     6.6340     6.6148    25.5071    25.5197    6.91473    7.03005         23 0.0000e+00
      66549   2772.815      8.000     6.6344   3.270211     6.6201   3.270243      84.37     0.0666     3.3425     2.9840  1.7270124  1.3209273   46.99984  -47.08366    32.5103    32.5243     6.6337     6.6194    25.5063    25.5191    6.92086    7.03444         19 0.0000e+00
      66569   2773.685      7.000     6.6347   3.270122     6.6284   3.270782      94.53     0.0662     3.3442     2.9843  1.7253194  1.3294448   46.99984  -47.08366    32.5096    32.5228     6.6341     6.6278    25.5057    25.5169    6.92887    7.04217         23 0.0000e+00
      66600   2774.958      6.000     6.6402   3.270443     6.6350   3.271235      94.67     0.0649     3.3453     2.9863  1.7285299  1.3452487   46.99984  -47.08366    32.5083    32.5220     6.6397     6.6345    25.5039    25.5154    6.92313    7.05605         40 0.0000e+00
      66644   2776.808      5.000     6.6343   3.269804     6.6297   3.270562      72.73     0.0649     3.3458     2.9882  1.7269726  1.3651936   46.99984  -47.08368    32.5073    32.5201     6.6339     6.6293    25.5039    25.5145    6.91240    7.04122         42 0.0000e+00
      66679   2778.246      4.000     6.6440   3.270482     6.6331   3.270840      94.37     0.0643     3.3448     2.9879  1.7250783  1.3763657   46.99984  -47.08368    32.5061    32.5204     6.6437     6.6328    25.5016    25.5143    6.91396    7.05524         32 0.0000e+00
      67044   2793.446      3.000     6.6419   3.270313     6.6451   3.271867      79.67     0.0655     3.3503     2.9949  1.7251687  1.4290071   46.99984  -47.08367    32.5067    32.5208     6.6417     6.6448    25.5024    25.5131    6.92441    7.06080        103 0.0000e+00
      67416   2808.973      2.000     6.6450   3.270261     6.6415   3.271340      27.40     0.0678     3.3328     2.8803  1.7206355  1.4526819   46.99983  -47.08369    32.5037    32.5189     6.6448     6.6414    25.4996    25.5120    6.86040    6.37042        108 0.0000e+00
      67447   2810.270      1.000     6.6516   2.670729     6.6451   2.665184       6.00     0.0723     3.3265     2.7770  1.7207197  1.4481957   46.99984  -47.08368    26.1566    26.1044     6.6515     6.6451    20.5075    20.4671    7.15903    6.43545         25 0.0000e+00
