data/CTD/2013/CNV/U021A052.CNV
* Sea-Bird SBE 9 Data File:
* FileName = C:\CTD_ACQUISITION\2013021HUD\ctddata\021A052.hdr
* Software Version Seasave V 7.22.2
* Temperature SN = 5081
* Conductivity SN = 3561
* Number of Bytes Per Scan = 37
* Number of Voltage Words = 4
* Number of Scans Averaged by the Deck Unit = 1
* NMEA Latitude = 48 48.44 N
* NMEA Longitude = 045 41.76 W
* NMEA UTC (Time) = Jul 05 2013 04:01:06
* NMEA baud rate = 9600
** Ship: Hudson
** Cruise: HUD2013021
** Chief_Scientist: Greenan
** Organization: BIO
** Area_of_Operation: Sackville Spur
** Station: 52
** Sounding:  1600
** Event_Comments: SS25  393213
# nquan = 25
# nvalues = 1810                        
# units = specified
# name 0 = scan: Scan Count
# name 1 = timeS: Time, Elapsed [seconds]
# name 2 = prDM: Pressure, Digiquartz [db]
# name 3 = t068C: Temperature [ITS-68, deg C]
# name 4 = c0S/m: Conductivity [S/m]
# name 5 = t168C: Temperature, 2 [ITS-68, deg C]
# name 6 = c1S/m: Conductivity, 2 [S/m]
# name 7 = altM: Altimeter [m]
# name 8 = flCUVA: Fluorescence, Chelsea UV Aquatracka [ug/l]
# name 9 = sbeox0V: Oxygen raw, SBE 43 [V]
# name 10 = sbeox1V: Oxygen raw, SBE 43, 2 [V]
# name 11 = upoly0: Upoly 0, Optode 4330F - O2 D-Phase
# name 12 = upoly1: Upoly 1, Optode 4330F - O2 Temp
# name 13 = latitude: Latitude [deg]
# name 14 = longitude: Longitude [deg]
# name 15 = sal00: Salinity, Practical [PSU]
# name 16 = sal11: Salinity, Practical, 2 [PSU]
# name 17 = potemp068C: Potential Temperature [ITS-68, deg C]
# name 18 = potemp168C: Potential Temperature, 2 [ITS-68, deg C]
# name 19 = sigma-é00: Density [sigma-theta, Kg/m^3]
# name 20 = sigma-é11: Density, 2 [sigma-theta, Kg/m^3]
# name 21 = sbeox0ML/L: Oxygen, SBE 43 [ml/l], WS = 2
# name 22 = sbeox1ML/L: Oxygen, SBE 43, 2 [ml/l], WS = 2
# name 23 = nbin: number of scans per bin
# name 24 = flag: flag
# span 0 =      49708,      87021       
# span 1 =   2071.146,   3625.852       
# span 2 =      1.000,   1810.000       
# span 3 =     2.9365,     8.7705       
# span 4 =   3.116517,   3.607015       
# span 5 =     2.9236,     8.7819       
# span 6 =   3.116744,   3.609137       
# span 7 =       7.89,      98.73       
# span 8 =     0.0030,     0.9143       
# span 9 =     2.3351,     3.3685       
# span 10 =     2.0995,     3.0027      
# span 11 =  1.6786827,  2.0759453      
# span 12 =  1.0033574,  1.7145297      
# span 13 =   48.80794,   48.81028      
# span 14 =  -45.69497,  -45.69400      
# span 15 =    34.0123,    34.9220      
# span 16 =    34.0353,    34.9384      
# span 17 =     2.9319,     8.7699      
# span 18 =     2.9189,     8.7812      
# span 19 =    26.4279,    27.8149      
# span 20 =    26.4400,    27.8281      
# span 21 =    5.87106,    7.12907      
# span 22 =    5.53901,    7.24171      
# span 23 =         12,        209      
# span 24 = 0.0000e+00, 0.0000e+00      
# interval = decibars: 1                
# start_time = Jul 05 2013 04:01:06 [NMEA time, header]
# bad_flag = -9.990e-29
*END*
[from data line 464]
      59405   2475.169   1346.000     3.5975   3.272268     3.5977   3.273662      73.74     0.0158     2.4565     2.1934  2.0483317  1.0744811   48.80822  -45.69482    34.9217    34.9381     3.4954     3.4955    27.7753    27.7884    5.89339    6.06408         24 0.0000e+00
      59431   2476.245   1345.000     3.5977   3.272239     3.5980   3.273651      80.21     0.0127     2.4569     2.1941  2.0476224  1.0744811   48.80822  -45.69482    34.9217    34.9381     3.4956     3.4959    27.7753    27.7884    5.89530    6.06134         27 0.0000e+00
      59456   2477.279   1344.000     3.5983   3.272239     3.5990   3.273683      95.86     0.0095     2.4578     2.1946  2.0476191  1.0744811   48.80824  -45.69480    34.9215    34.9379     3.4964     3.4970    27.7751    27.7881    5.89503    6.05496         21 0.0000e+00
      59475   2478.089   1343.000     3.5999   3.272340     3.6017   3.273877      95.84     0.0090     2.4575     2.1947  2.0476191  1.0744811   48.80824  -45.69480    34.9215    34.9379     3.4980     3.4998    27.7749    27.7878    5.88948    6.04912         17 0.0000e+00
      59492   2478.799   1342.000     3.6019   3.272468     3.6039   3.274036      58.74     0.0129     2.4579     2.1945  2.0476191  1.0744811   48.80824  -45.69480    34.9215    34.9379     3.5000     3.5020    27.7747    27.7876    5.89645    6.04780         17 0.0000e+00
      59509   2479.498   1341.000     3.6040   3.272610     3.6052   3.274130      95.15     0.0174     2.4586     2.1945  2.0476191  1.0744811   48.80824  -45.69480    34.9214    34.9382     3.5022     3.5034    27.7745    27.7877    5.88618    6.04749         17 0.0000e+00
      59526   2480.228   1340.000     3.6056   3.272715     3.6064   3.274187      94.44     0.0147     2.4578     2.1945  2.0476191  1.0744811   48.80824  -45.69480    34.9215    34.9381     3.5039     3.5046    27.7743    27.7875    5.87987    6.04648         18 0.0000e+00
      59546   2481.028   1339.000     3.6063   3.272745     3.6072   3.274212      94.56     0.0173     2.4582     2.1945  2.0477424  1.0744811   48.80824  -45.69480    34.9216    34.9380     3.5047     3.5055    27.7743    27.7874    5.88522    6.05098         20 0.0000e+00
      59567   2481.905   1338.000     3.6070   3.272761     3.6083   3.274266      38.92     0.0175     2.4578     2.1952  2.0476179  1.0753220   48.80824  -45.69480    34.9216    34.9380     3.5054     3.5067    27.7742    27.7872    5.88609    6.06228         22 0.0000e+00
      59590   2482.876   1337.000     3.6077   3.272780     3.6090   3.274287      61.99     0.0125     2.4583     2.1959  2.0476191  1.0754580   48.80824  -45.69480    34.9215    34.9380     3.5062     3.5075    27.7741    27.7872    5.88606    6.05905         25 0.0000e+00
      59617   2484.016   1336.000     3.6076   3.272738     3.6089   3.274222      90.29     0.0138     2.4585     2.1963  2.0476191  1.0756606   48.80824  -45.69480    34.9216    34.9379     3.5063     3.5075    27.7742    27.7871    5.88809    6.05509         30 0.0000e+00
      59646   2485.197   1335.000     3.6079   3.272710     3.6090   3.274190      67.23     0.0163     2.4592     2.1967  2.0473351  1.0757024   48.80826  -45.69480    34.9215    34.9379     3.5066     3.5077    27.7741    27.7870    5.89594    6.05582         26 0.0000e+00
      59669   2486.151   1334.000     3.6092   3.272771     3.6098   3.274217      95.73     0.0135     2.4597     2.1970  2.0463936  1.0757021   48.80826  -45.69480    34.9213    34.9379     3.5080     3.5085    27.7738    27.7869    5.89363    6.05275         20 0.0000e+00
      59687   2486.920   1333.000     3.6112   3.272895     3.6114   3.274303      94.33     0.0092     2.4598     2.1970  2.0463982  1.0757021   48.80826  -45.69480    34.9212    34.9378     3.5101     3.5147    27.7735    27.7867    5.88885    6.05041         17 0.0000e+00
      59703   2487.595   1332.000     3.6129   3.272999     3.6128   3.274400      67.03     0.0090     2.4602     2.1971  2.0472267  1.0757021   48.80826  -45.69480    34.9212    34.9378     3.5118     3.5118    27.7733    27.7866    5.88851    6.05176         16 0.0000e+00
      59719   2488.236   1331.000     3.6137   3.273039     3.6138   3.274446      82.62     0.0119     2.4604     2.1973  2.0476108  1.0757021   48.80826  -45.69480    34.9212    34.9378     3.5127     3.5128    27.7732    27.7865    5.88683    6.05031         15 0.0000e+00
      59734   2488.886   1330.000     3.6141   3.273038     3.6144   3.274456      95.66     0.0138     2.4606     2.1971  2.0476191  1.0757021   48.80826  -45.69480    34.9213    34.9379     3.5132     3.5134    27.7733    27.7865    5.88997    6.04699         16 0.0000e+00
      59752   2489.606   1329.000     3.6147   3.273049     3.6150   3.274467      95.63     0.0109     2.4607     2.1972  2.0476191  1.0757021   48.80826  -45.69480    34.9213    34.9378     3.5139     3.5141    27.7732    27.7863    5.89427    6.04627         19 0.0000e+00
      59774   2490.556   1328.000     3.6151   3.273052     3.6155   3.274469      72.27     0.0100     2.4615     2.1972  2.0476191  1.0757021   48.80826  -45.69480    34.9214    34.9378     3.5144     3.5147    27.7732    27.7863    5.89493    6.04538         28 0.0000e+00
      59808   2491.946   1327.000     3.6151   3.273001     3.6149   3.274367      95.47     0.0093     2.4622     2.1973  2.0476191  1.0760586   48.80826  -45.69480    34.9213    34.9378     3.5145     3.5142    27.7731    27.7863    5.89348    6.05121         35 0.0000e+00
      59837   2493.173   1326.000     3.6149   3.272927     3.6144   3.274283      51.55     0.0069     2.4626     2.1979  2.0476191  1.0764059   48.80826  -45.69480    34.9211    34.9378     3.5143     3.5208    27.7730    27.7863    5.88747    6.05618         23 0.0000e+00
      59857   2494.005   1325.000     3.6162   3.272994     3.6161   3.274386      66.65     0.0059     2.4623     2.1984  2.0476191  1.0769389   48.80828  -45.69480    34.9211    34.9377     3.5157     3.5153    27.7729    27.7861    5.89121    6.05822         18 0.0000e+00
      59874   2494.714   1324.000     3.6171   3.273042     3.6171   3.274441      95.54     0.0095     2.4629     2.1989  2.0475469  1.0769231   48.80828  -45.69480    34.9212    34.9378     3.5167     3.5166    27.7728    27.7861    5.89285    6.06021         17 0.0000e+00
      59890   2495.382   1323.000     3.6178   3.273066     3.6178   3.274462      94.69     0.0159     2.4630     2.1994  2.0476177  1.0769231   48.80828  -45.69480    34.9212    34.9378     3.5175     3.5174    27.7728    27.7860    5.88851    6.05077         16 0.0000e+00
      59906   2496.051   1322.000     3.6184   3.273083     3.6183   3.274467      94.82     0.0198     2.4632     2.1991  2.0476191  1.0769231   48.80828  -45.69480    34.9213    34.9379     3.5181     3.5180    27.7728    27.7860    5.89342    6.04074         16 0.0000e+00
      59923   2496.745   1321.000     3.6189   3.273079     3.6187   3.274460      59.33     0.0190     2.4634     2.1988  2.0476191  1.0769231   48.80828  -45.69480    34.9212    34.9378     3.5187     3.5185    27.7727    27.7859    5.89771    6.04064         17 0.0000e+00
      59941   2497.503   1320.000     3.6191   3.273058     3.6195   3.274483      94.12     0.0203     2.4644     2.1988  2.0476191  1.0769231   48.80828  -45.69480    34.9213    34.9378     3.5190     3.5193    27.7727    27.7858    5.89716    6.04745         19 0.0000e+00
      59962   2498.386   1319.000     3.6197   3.273079     3.6206   3.274533      95.81     0.0168     2.4644     2.1992  2.0476191  1.0769231   48.80828  -45.69480    34.9214    34.9377     3.5197     3.5205    27.7727    27.7856    5.89750    6.05341         24 0.0000e+00
      59988   2499.470   1318.000     3.6204   3.273088     3.6208   3.274515      74.74     0.0157     2.4652     2.1995  2.0470140  1.0769231   48.80828  -45.69480    34.9212    34.9378     3.5205     3.5208    27.7725    27.7857    5.89726    6.04698         28 0.0000e+00
      60016   2500.619   1317.000     3.6206   3.273055     3.6230   3.274652      48.15     0.0138     2.4659     2.1995  2.0463903  1.0769231   48.80828  -45.69480    34.9212    34.9376     3.5207     3.5231    27.7725    27.7853    5.90037    6.04961         26 0.0000e+00
      60039   2501.577   1316.000     3.6228   3.273190     3.6255   3.274818      73.53     0.0159     2.4666     2.2004  2.0463982  1.0770471   48.80828  -45.69480    34.9209    34.9374     3.5230     3.5256    27.7720    27.7849    5.89449    6.06250         20 0.0000e+00
      60059   2502.403   1315.000     3.6255   3.273378     3.6271   3.274929      77.88     0.0157     2.4661     2.2009  2.0463367  1.0769222   48.80830  -45.69480    34.9208    34.9376     3.5258     3.5273    27.7716    27.7848    5.89051    6.05306         20 0.0000e+00
      60078   2503.191   1314.000     3.6272   3.273497     3.6287   3.275025      77.12     0.0138     2.4669     2.2010  2.0463970  1.0771120   48.80830  -45.69480    34.9209    34.9375     3.5276     3.5289    27.7715    27.7847    5.89386    6.05247         19 0.0000e+00
      60097   2503.997   1313.000     3.6286   3.273589     3.6303   3.275136      74.53     0.0124     2.4668     2.2015  2.0463982  1.0781405   48.80830  -45.69480    34.9210    34.9376     3.5290     3.5306    27.7715    27.7846    5.89438    6.05380         19 0.0000e+00
      60117   2504.839   1312.000     3.6309   3.273731     3.6322   3.275261      95.31     0.0127     2.4669     2.2017  2.0463982  1.0780855   48.80830  -45.69480    34.9208    34.9376     3.5314     3.5326    27.7711    27.7843    5.89284    6.04786         21 0.0000e+00
      60138   2505.698   1311.000     3.6314   3.273743     3.6328   3.275275      63.13     0.0118     2.4673     2.2015  2.0463982  1.0781448   48.80830  -45.69479    34.9209    34.9376     3.5319     3.5333    27.7711    27.7843    5.89490    6.04812         20 0.0000e+00
      60158   2506.549   1310.000     3.6327   3.273814     3.6333   3.275270      94.24     0.0102     2.4679     2.2021  2.0463982  1.0783200   48.80830  -45.69478    34.9209    34.9375     3.5333     3.5339    27.7710    27.7841    5.89240    6.04942         21 0.0000e+00
      60179   2507.415   1309.000     3.6329   3.273810     3.6335   3.275242      77.28     0.0152     2.4676     2.2020  2.0463982  1.0781444   48.80830  -45.69478    34.9211    34.9374     3.5336     3.5342    27.7711    27.7841    5.89279    6.04426         21 0.0000e+00
      60201   2508.316   1308.000     3.6337   3.273827     3.6337   3.275228      82.15     0.0158     2.4682     2.2020  2.0463982  1.0782555   48.80830  -45.69478    34.9210    34.9376     3.5344     3.5345    27.7710    27.7841    5.89165    6.04577         22 0.0000e+00
      60222   2509.224   1307.000     3.6341   3.273820     3.6343   3.275225      96.03     0.0147     2.4679     2.2022  2.0456879  1.0784380   48.80830  -45.69478    34.9210    34.9375     3.5350     3.5351    27.7709    27.7840    5.89674    6.05050         21 0.0000e+00
      60243   2510.088   1306.000     3.6345   3.273808     3.6349   3.275232      72.27     0.0100     2.4693     2.2027  2.0430853  1.0790160   48.80830  -45.69478    34.9209    34.9374     3.5354     3.5358    27.7708    27.7839    5.89904    6.05585         20 0.0000e+00
      60263   2510.904   1305.000     3.6350   3.273810     3.6356   3.275262      59.07     0.0075     2.4691     2.2032  2.0432856  1.0793070   48.80831  -45.69478    34.9209    34.9375     3.5360     3.5366    27.7707    27.7838    5.89142    6.05368         20 0.0000e+00
      60282   2511.711   1304.000     3.6355   3.273818     3.6364   3.275289      94.47     0.0121     2.4693     2.2035  2.0459733  1.0793041   48.80832  -45.69478    34.9210    34.9375     3.5366     3.5374    27.7707    27.7838    5.89783    6.04903         20 0.0000e+00
      60302   2512.546   1303.000     3.6365   3.273863     3.6370   3.275301      94.82     0.0146     2.4699     2.2035  2.0463910  1.0793639   48.80832  -45.69478    34.9210    34.9375     3.5376     3.5381    27.7706    27.7837    5.89660    6.05252         20 0.0000e+00
      60323   2513.410   1302.000     3.6375   3.273900     3.6376   3.275313      95.70     0.0143     2.4702     2.2042  2.0463982  1.0793651   48.80832  -45.69478    34.9209    34.9375     3.5387     3.5388    27.7704    27.7836    5.89130    6.05554         21 0.0000e+00
      60344   2514.280   1301.000     3.6380   3.273906     3.6381   3.275305      95.88     0.0145     2.4698     2.2044  2.0463982  1.0793651   48.80832  -45.69478    34.9209    34.9374     3.5393     3.5394    27.7704    27.7835    5.89182    6.04949         21 0.0000e+00
      60365   2515.162   1300.000     3.6390   3.273938     3.6390   3.275342      89.62     0.0139     2.4708     2.2045  2.0459933  1.0793651   48.80832  -45.69478    34.9207    34.9373     3.5404     3.5404    27.7701    27.7834    5.90075    6.04987         21 0.0000e+00
      60387   2516.068   1299.000     3.6394   3.273944     3.6396   3.275351      56.96     0.0119     2.4708     2.2049  2.0447247  1.0793651   48.80832  -45.69478    34.9208    34.9374     3.5409     3.5410    27.7701    27.7833    5.88996    6.05712         22 0.0000e+00
      60409   2517.019   1298.000     3.6397   3.273922     3.6402   3.275358      89.07     0.0117     2.4711     2.2055  2.0447526  1.0793651   48.80832  -45.69478    34.9208    34.9373     3.5413     3.5418    27.7701    27.7832    5.89063    6.05382         23 0.0000e+00
      60432   2517.967   1297.000     3.6402   3.273914     3.6413   3.275399      93.68     0.0114     2.4711     2.2058  2.0449665  1.0793651   48.80832  -45.69478    34.9206    34.9371     3.5419     3.5429    27.7699    27.7830    5.89066    6.05145         23 0.0000e+00
      60453   2518.853   1296.000     3.6408   3.273923     3.6423   3.275444      58.44     0.0118     2.4709     2.2058  2.0449328  1.0793651   48.80833  -45.69478    34.9206    34.9371     3.5426     3.5440    27.7698    27.7828    5.88802    6.04997         20 0.0000e+00
      60473   2519.664   1295.000     3.6425   3.274016     3.6433   3.275494      93.57     0.0110     2.4712     2.2061  2.0445356  1.0795573   48.80834  -45.69478    34.9204    34.9371     3.5443     3.5451    27.7695    27.7827    5.89524    6.05072         19 0.0000e+00
      60491   2520.425   1294.000     3.6431   3.274042     3.6441   3.275522      74.82     0.0083     2.4717     2.2061  2.0444992  1.0794350   48.80834  -45.69478    34.9207    34.9372     3.5449     3.5459    27.7696    27.7827    5.88986    6.04717         18 0.0000e+00
      60510   2521.188   1293.000     3.6439   3.274089     3.6453   3.275579      75.68     0.0108     2.4716     2.2061  2.0443630  1.0797044   48.80834  -45.69478    34.9208    34.9371     3.5459     3.5472    27.7696    27.7825    5.88906    6.04566         18 0.0000e+00
      60530   2522.023   1292.000     3.6455   3.274171     3.6462   3.275620      89.09     0.0129     2.4719     2.2063  2.0441923  1.0798275   48.80834  -45.69478    34.9206    34.9371     3.5475     3.5481    27.7693    27.7824    5.89303    6.05327         21 0.0000e+00
      60553   2523.017   1291.000     3.6459   3.274168     3.6469   3.275638      78.85     0.0146     2.4722     2.2070  2.0443311  1.0801620   48.80834  -45.69478    34.9207    34.9371     3.5480     3.5489    27.7693    27.7823    5.88207    6.05299         26 0.0000e+00
      60580   2524.105   1290.000     3.6466   3.274193     3.6473   3.275627      69.80     0.0144     2.4716     2.2071  2.0443969  1.0805947   48.80834  -45.69478    34.9207    34.9370     3.5488     3.5494    27.7693    27.7822    5.88351    6.04836         25 0.0000e+00
