data/CTD/2013/CNV/U021A041.CNV
* Sea-Bird SBE 9 Data File:
* FileName = C:\CTD_ACQUISITION\2013021HUD\ctddata\021A041.hdr
* Software Version Seasave V 7.22.2
* Temperature SN = 5081
* Conductivity SN = 3561
* Number of Bytes Per Scan = 37
* Number of Voltage Words = 4
* Number of Scans Averaged by the Deck Unit = 1
* NMEA Latitude = 48 32.65 N
* NMEA Longitude = 046 46.20 W
* NMEA UTC (Time) = Jul 04 2013 01:12:23
* NMEA baud rate = 9600
** Ship: Hudson
** Cruise: HUD2013021
** Chief_Scientist: Greenan
** Organization: BIO
** Area_of_Operation: Sackville Spur
** Station: 41
** Sounding:  1896
** Event_Comments: SS06  393182
# nquan = 25
# nvalues = 2474                        
# units = specified
# name 0 = scan: Scan Count
# name 1 = timeS: Time, Elapsed [seconds]
# name 2 = prDM: Pressure, Digiquartz [db]
# name 3 = t068C: Temperature [ITS-68, deg C]
# name 4 = c0S/m: Conductivity [S/m]
# name 5 = t168C: Temperature, 2 [ITS-68, deg C]
# name 6 = c1S/m: Conductivity, 2 [S/m]
# name 7 = altM: Altimeter [m]
# name 8 = flCUVA: Fluorescence, Chelsea UV Aquatracka [ug/l]
# name 9 = sbeox0V: Oxygen raw, SBE 43 [V]
# name 10 = sbeox1V: Oxygen raw, SBE 43, 2 [V]
# name 11 = upoly0: Upoly 0, Optode 4330F - O2 D-Phase
# name 12 = upoly1: Upoly 1, Optode 4330F - O2 Temp
# name 13 = latitude: Latitude [deg]
# name 14 = longitude: Longitude [deg]
# name 15 = sal00: Salinity, Practical [PSU]
# name 16 = sal11: Salinity, Practical, 2 [PSU]
# name 17 = potemp068C: Potential Temperature [ITS-68, deg C]
# name 18 = potemp168C: Potential Temperature, 2 [ITS-68, deg C]
# name 19 = sigma-é00: Density [sigma-theta, Kg/m^3]
# name 20 = sigma-é11: Density, 2 [sigma-theta, Kg/m^3]
# name 21 = sbeox0ML/L: Oxygen, SBE 43 [ml/l], WS = 2
# name 22 = sbeox1ML/L: Oxygen, SBE 43, 2 [ml/l], WS = 2
# name 23 = nbin: number of scans per bin
# name 24 = flag: flag
# span 0 =      63446,     117047       
# span 1 =   2643.552,   4876.937       
# span 2 =      1.000,   2474.000       
# span 3 =     2.6820,     7.4000       
# span 4 =   3.135675,   3.446672       
# span 5 =     2.6810,     7.3971       
# span 6 =   3.136824,   3.447710       
# span 7 =     -12.78,     100.44       
# span 8 =     0.0032,     0.1799       
# span 9 =     2.1864,     3.3271       
# span 10 =     1.9658,     2.9714      
# span 11 =  1.7199652,  2.1098918      
# span 12 =  0.9596979,  1.5495608      
# span 13 =   48.54312,   48.54400      
# span 14 =  -46.77406,  -46.77266      
# span 15 =    33.6465,    34.9218      
# span 16 =    33.6591,    34.9388      
# span 17 =     2.4918,     7.3999      
# span 18 =     2.4910,     7.3970      
# span 19 =    26.2975,    27.8633      
# span 20 =    26.3078,    27.8772      
# span 21 =    5.89023,    7.23041      
# span 22 =    6.03746,    7.30603      
# span 23 =          7,        181      
# span 24 = 0.0000e+00, 0.0000e+00      
# interval = decibars: 1                
# start_time = Jul 04 2013 01:12:23 [NMEA time, header]
# bad_flag = -9.990e-29
*END*
[from data line 1624]
      97733   4072.176    850.000     3.8008   3.266718     3.8006   3.268124      60.90     0.0132     2.6750     2.3835  1.9830238  1.1000484   48.54326  -46.77278    34.8934    34.9103     3.7382     3.7380    27.7285    27.7420    6.14781    6.28265         26 0.0000e+00
      97772   4073.812    849.000     3.8013   3.266719     3.8001   3.268032      87.83     0.0095     2.6745     2.3845  1.9829012  1.1000909   48.54326  -46.77278    34.8934    34.9102     3.7388     3.7376    27.7284    27.7419    6.14102    6.28848         43 0.0000e+00
      97801   4074.990    848.000     3.8022   3.266745     3.8016   3.268109      37.30     0.0157     2.6738     2.3849  1.9829060  1.1001228   48.54326  -46.77278    34.8933    34.9101     3.7397     3.7391    27.7282    27.7417    6.14362    6.28201         19 0.0000e+00
      97816   4075.641    847.000     3.8031   3.266792     3.8030   3.268217      95.39     0.0160     2.6743     2.3850  1.9828193  1.1001221   48.54327  -46.77278    34.8934    34.9103     3.7407     3.7406    27.7283    27.7417    6.15527    6.28010         14 0.0000e+00
      97830   4076.201    846.000     3.8044   3.266875     3.8042   3.268281      95.80     0.0115     2.6745     2.3848  1.9829977  1.1001221   48.54328  -46.77278    34.8935    34.9104     3.7421     3.7419    27.7282    27.7417    6.15563    6.27818         13 0.0000e+00
      97842   4076.725    845.000     3.8051   3.266894     3.8046   3.268286      95.84     0.0140     2.6757     2.3851  1.9830077  1.1001221   48.54328  -46.77278    34.8935    34.9105     3.7428     3.7424    27.7281    27.7417    6.15935    6.28242         12 0.0000e+00
      97855   4077.252    844.000     3.8054   3.266881     3.8048   3.268262      95.87     0.0147     2.6754     2.3852  1.9829056  1.1001221   48.54328  -46.77278    34.8935    34.9106     3.7432     3.7426    27.7281    27.7417    6.16002    6.28271         13 0.0000e+00
      97869   4077.839    843.000     3.8056   3.266866     3.8050   3.268239      95.85     0.0144     2.6765     2.3855  1.9829060  1.1001221   48.54328  -46.77278    34.8937    34.9105     3.7435     3.7430    27.7282    27.7417    6.16309    6.28407         16 0.0000e+00
      97889   4078.680    842.000     3.8058   3.266847     3.8053   3.268228      95.81     0.0102     2.6771     2.3858  1.9829060  1.1001221   48.54327  -46.77278    34.8938    34.9106     3.7438     3.7433    27.7282    27.7417    6.15273    6.28261         27 0.0000e+00
      97934   4080.526    841.000     3.8053   3.266751     3.8043   3.268086      60.50     0.0088     2.6776     2.3860  1.9829060  1.1011840   48.54326  -46.77278    34.8936    34.9105     3.7434     3.7424    27.7281    27.7417    6.15437    6.27535         49 0.0000e+00
      97966   4081.869    840.000     3.8068   3.266842     3.8058   3.268161      96.62     0.0127     2.6777     2.3857  1.9820906  1.1004800   48.54326  -46.77278    34.8936    34.9103     3.7450     3.7440    27.7280    27.7414    6.14149    6.27504         23 0.0000e+00
      97985   4082.678    839.000     3.8114   3.267246     3.8126   3.268774      11.06     0.0177     2.6775     2.3860  1.9813879  1.1001170   48.54326  -46.77278    34.8941    34.9109     3.7496     3.7508    27.7279    27.7412    6.13956    6.27050         17 0.0000e+00
      98002   4083.362    838.000     3.8156   3.267626     3.8161   3.269100      88.40     0.0188     2.6770     2.3854  1.9821513  1.1001221   48.54326  -46.77278    34.8946    34.9116     3.7539     3.7543    27.7279    27.7414    6.13603    6.26592         16 0.0000e+00
      98017   4083.982    837.000     3.8189   3.267909     3.8194   3.269372      95.74     0.0174     2.6765     2.3852  1.9804565  1.1009982   48.54328  -46.77280    34.8950    34.9119     3.7572     3.7577    27.7279    27.7413    6.13176    6.26613         14 0.0000e+00
      98031   4084.581    836.000     3.8208   3.268064     3.8210   3.269505      18.54     0.0154     2.6761     2.3854  1.9810313  1.1007743   48.54328  -46.77280    34.8954    34.9123     3.7592     3.7594    27.7279    27.7414    6.14149    6.26216         15 0.0000e+00
      98045   4085.186    835.000     3.8224   3.268174     3.8223   3.269586      67.17     0.0145     2.6770     2.3848  1.9811612  1.1009066   48.54328  -46.77280    34.8956    34.9124     3.7608     3.7608    27.7279    27.7413    6.14719    6.25071         14 0.0000e+00
      98061   4085.847    834.000     3.8240   3.268293     3.8242   3.269732      95.31     0.0129     2.6772     2.3840  1.9824169  1.1012042   48.54328  -46.77280    34.8958    34.9126     3.7625     3.7627    27.7279    27.7413    6.14679    6.25005         18 0.0000e+00
      98081   4086.649    833.000     3.8277   3.268615     3.8280   3.270071      95.84     0.0120     2.6775     2.3837  1.9828840  1.1013368   48.54328  -46.77280    34.8962    34.9131     3.7663     3.7666    27.7279    27.7413    6.14332    6.25734         22 0.0000e+00
      98113   4087.986    832.000     3.8291   3.268694     3.8284   3.270049      60.06     0.0172     2.6774     2.3837  1.9809183  1.1021600   48.54327  -46.77280    34.8962    34.9130     3.7677     3.7670    27.7277    27.7412    6.13287    6.26112         43 0.0000e+00
      98150   4089.534    831.000     3.8306   3.268801     3.8289   3.270040      96.48     0.0192     2.6772     2.3845  1.9813702  1.1025838   48.54326  -46.77280    34.8964    34.9129     3.7693     3.7676    27.7277    27.7410    6.14554    6.27059         25 0.0000e+00
      98170   4090.356    830.000     3.8316   3.268857     3.8318   3.270289      94.92     0.0157     2.6784     2.3850  1.9839795  1.1025641   48.54326  -46.77280    34.8965    34.9133     3.7704     3.7706    27.7277    27.7410    6.14550    6.26999         17 0.0000e+00
      98185   4091.001    829.000     3.8322   3.268862     3.8319   3.270256      95.53     0.0144     2.6781     2.3854  1.9840459  1.1025641   48.54328  -46.77280    34.8965    34.9133     3.7710     3.7707    27.7276    27.7410    6.14177    6.27306         15 0.0000e+00
      98199   4091.572    828.000     3.8324   3.268835     3.8318   3.270209      95.69     0.0133     2.6786     2.3860  1.9831131  1.1025641   48.54328  -46.77280    34.8965    34.9133     3.7713     3.7708    27.7276    27.7411    6.14213    6.26990         13 0.0000e+00
      98212   4092.124    827.000     3.8322   3.268777     3.8315   3.270142      88.01     0.0143     2.6790     2.3860  1.9805617  1.1025641   48.54328  -46.77280    34.8964    34.9133     3.7712     3.7706    27.7276    27.7411    6.14101    6.26257         13 0.0000e+00
      98226   4092.708    826.000     3.8320   3.268717     3.8315   3.270087       5.14     0.0147     2.6786     2.3860  1.9807079  1.1025641   48.54328  -46.77280    34.8965    34.9133     3.7711     3.7706    27.7276    27.7411    6.13642    6.25976         15 0.0000e+00
      98242   4093.377    825.000     3.8332   3.268813     3.8341   3.270301      85.56     0.0171     2.6788     2.3860  1.9811966  1.1026962   48.54328  -46.77280    34.8968    34.9136     3.7724     3.7732    27.7278    27.7410    6.13580    6.25793         18 0.0000e+00
      98263   4094.263    824.000     3.8371   3.269111     3.8392   3.270756      95.24     0.0169     2.6789     2.3858  1.9828513  1.1035610   48.54328  -46.77280    34.8968    34.9141     3.7763     3.7784    27.7273    27.7409    6.13837    6.25412         25 0.0000e+00
      98291   4095.433    823.000     3.8392   3.269311     3.8434   3.271119      45.15     0.0154     2.6793     2.3855  1.9828633  1.1036599   48.54328  -46.77280    34.8975    34.9145     3.7785     3.7826    27.7276    27.7408    6.13598    6.25354         29 0.0000e+00
      98318   4096.544    822.000     3.8422   3.269537     3.8450   3.271242      72.84     0.0160     2.6795     2.3856  1.9827102  1.1037855   48.54328  -46.77280    34.8975    34.9148     3.7816     3.7843    27.7274    27.7408    6.13869    6.25473         25 0.0000e+00
      98341   4097.499    821.000     3.8443   3.269720     3.8455   3.271256      35.23     0.0137     2.6799     2.3857  1.9814539  1.1037852   48.54328  -46.77280    34.8979    34.9149     3.7838     3.7849    27.7275    27.7409    6.13497    6.26616         21 0.0000e+00
      98362   4098.367    820.000     3.8456   3.269803     3.8456   3.271215      80.09     0.0125     2.6797     2.3870  1.9799547  1.1040732   48.54328  -46.77280    34.8981    34.9149     3.7851     3.7873    27.7275    27.7408    6.13018    6.27449         21 0.0000e+00
      98382   4099.229    819.000     3.8461   3.269806     3.8458   3.271200      95.45     0.0087     2.6798     2.3879  1.9800541  1.1038489   48.54328  -46.77280    34.8981    34.9150     3.7857     3.7854    27.7274    27.7409    6.13620    6.27125         21 0.0000e+00
      98405   4100.165    818.000     3.8463   3.269787     3.8461   3.271186      66.17     0.0062     2.6806     2.3884  1.9798088  1.1049777   48.54328  -46.77280    34.8982    34.9150     3.7860     3.7857    27.7274    27.7408    6.14012    6.26730         24 0.0000e+00
      98429   4101.183    817.000     3.8464   3.269753     3.8463   3.271159      59.46     0.0141     2.6807     2.3890  1.9797519  1.1050061   48.54328  -46.77280    34.8981    34.9149     3.7862     3.7860    27.7274    27.7408    6.13082    6.27136         24 0.0000e+00
      98452   4102.120    816.000     3.8467   3.269728     3.8466   3.271141      96.45     0.0129     2.6804     2.3897  1.9825879  1.1050061   48.54328  -46.77280    34.8981    34.9150     3.7865     3.7864    27.7273    27.7408    6.12943    6.27287         20 0.0000e+00
      98471   4102.912    815.000     3.8471   3.269721     3.8471   3.271132      95.86     0.0127     2.6805     2.3902  1.9821520  1.1050061   48.54329  -46.77281    34.8981    34.9149     3.7870     3.7870    27.7273    27.7406    6.13760    6.27191         18 0.0000e+00
      98488   4103.614    814.000     3.8478   3.269732     3.8477   3.271142      14.43     0.0123     2.6814     2.3907  1.9816012  1.1053928   48.54330  -46.77282    34.8981    34.9148     3.7877     3.7877    27.7272    27.7405    6.13973    6.27027         16 0.0000e+00
      98504   4104.273    813.000     3.8482   3.269727     3.8478   3.271110      75.59     0.0150     2.6812     2.3909  1.9803076  1.1059234   48.54330  -46.77282    34.8980    34.9148     3.7883     3.7878    27.7271    27.7405    6.13429    6.26773         16 0.0000e+00
      98519   4104.915    812.000     3.8483   3.269682     3.8479   3.271082      94.95     0.0124     2.6819     2.3909  1.9803823  1.1061450   48.54330  -46.77280    34.8980    34.9149     3.7884     3.7880    27.7270    27.7406    6.13754    6.26640         15 0.0000e+00
      98535   4105.587    811.000     3.8486   3.269673     3.8484   3.271076      56.26     0.0130     2.6816     2.3912  1.9806811  1.1062276   48.54330  -46.77280    34.8980    34.9149     3.7888     3.7886    27.7270    27.7405    6.13537    6.27045         17 0.0000e+00
      98553   4106.329    810.000     3.8490   3.269663     3.8493   3.271100      52.36     0.0147     2.6823     2.3918  1.9809124  1.1060355   48.54330  -46.77280    34.8980    34.9148     3.7893     3.7895    27.7270    27.7403    6.13950    6.27294         19 0.0000e+00
      98574   4107.225    809.000     3.8495   3.269669     3.8500   3.271121      63.79     0.0140     2.6827     2.3922  1.9812363  1.1059369   48.54330  -46.77282    34.8981    34.9148     3.7898     3.7903    27.7270    27.7402    6.13130    6.27125         25 0.0000e+00
      98604   4108.455    808.000     3.8494   3.269620     3.8509   3.271156      95.72     0.0146     2.6826     2.3922  1.9830116  1.1062262   48.54330  -46.77282    34.8981    34.9147     3.7898     3.7913    27.7270    27.7400    6.13220    6.25720         33 0.0000e+00
      98633   4109.683    807.000     3.8504   3.269643     3.8521   3.271218      25.61     0.0159     2.6830     2.3915  1.9819053  1.1062272   48.54330  -46.77282    34.8979    34.9147     3.7909     3.7926    27.7267    27.7399    6.13645    6.25703         24 0.0000e+00
      98654   4110.552    806.000     3.8518   3.269736     3.8529   3.271252      96.70     0.0123     2.6832     2.3916  1.9811620  1.1062272   48.54330  -46.77282    34.8980    34.9148     3.7924     3.7935    27.7266    27.7399    6.13577    6.26188         19 0.0000e+00
      98671   4111.255    805.000     3.8529   3.269796     3.8527   3.271205      95.81     0.0106     2.6839     2.3917  1.9807045  1.1062272   48.54330  -46.77282    34.8980    34.9149     3.7935     3.7934    27.7266    27.7400    6.13817    6.26629         15 0.0000e+00
      98686   4111.882    804.000     3.8538   3.269835     3.8538   3.271250      95.83     0.0141     2.6841     2.3922  1.9803787  1.1062272   48.54331  -46.77282    34.8980    34.9149     3.7946     3.7945    27.7264    27.7399    6.13306    6.27226         15 0.0000e+00
      98701   4112.482    803.000     3.8549   3.269894     3.8550   3.271327      34.27     0.0136     2.6840     2.3929  1.9797628  1.1062272   48.54332  -46.77282    34.8981    34.9150     3.7957     3.7958    27.7264    27.7399    6.12896    6.27543         14 0.0000e+00
      98715   4113.099    802.000     3.8556   3.269929     3.8556   3.271344      15.85     0.0126     2.6838     2.3935  1.9809119  1.1062272   48.54332  -46.77282    34.8983    34.9151     3.7965     3.7964    27.7264    27.7399    6.13513    6.27720         16 0.0000e+00
      98732   4113.794    801.000     3.8563   3.269949     3.8564   3.271373      68.85     0.0151     2.6849     2.3942  1.9799476  1.1062272   48.54332  -46.77282    34.8984    34.9151     3.7972     3.7973    27.7265    27.7398    6.13719    6.27787         18 0.0000e+00
      98756   4114.810    800.000     3.8567   3.269943     3.8572   3.271410      79.48     0.0157     2.6847     2.3950  1.9804211  1.1062272   48.54332  -46.77282    34.8984    34.9152     3.7977     3.7982    27.7264    27.7397    6.13123    6.27286         34 0.0000e+00
      98800   4116.620    799.000     3.8568   3.269909     3.8556   3.271204      63.05     0.0186     2.6854     2.3950  1.9809252  1.1073271   48.54332  -46.77282    34.8984    34.9151     3.7979     3.7966    27.7264    27.7398    6.13416    6.25743         39 0.0000e+00
      98825   4117.653    798.000     3.8572   3.269884     3.8569   3.271271      75.39     0.0170     2.6854     2.3945  1.9815066  1.1069640   48.54332  -46.77282    34.8982    34.9150     3.7984     3.7980    27.7262    27.7396    6.13393    6.25684         18 0.0000e+00
      98840   4118.300    797.000     3.8578   3.269913     3.8579   3.271338      74.20     0.0148     2.6859     2.3941  1.9822639  1.1062183   48.54332  -46.77282    34.8984    34.9152     3.7990     3.7992    27.7263    27.7396    6.14228    6.26239         15 0.0000e+00
      98853   4118.850    796.000     3.8591   3.269986     3.8592   3.271409      95.65     0.0102     2.6865     2.3947  1.9821942  1.1062272   48.54332  -46.77282    34.8984    34.9152     3.8005     3.8005    27.7261    27.7395    6.14236    6.26802         12 0.0000e+00
      98866   4119.360    795.000     3.8601   3.270032     3.8598   3.271419      95.86     0.0097     2.6866     2.3947  1.9827082  1.1062272   48.54332  -46.77282    34.8984    34.9152     3.8015     3.8012    27.7260    27.7394    6.14177    6.26936         12 0.0000e+00
      98878   4119.870    794.000     3.8605   3.270024     3.8601   3.271411      95.86     0.0103     2.6872     2.3953  1.9810443  1.1071569   48.54332  -46.77282    34.8984    34.9152     3.8020     3.8016    27.7260    27.7394    6.14489    6.27473         13 0.0000e+00
