data/CTD/2013/CNV/U021A028.CNV
* Sea-Bird SBE 9 Data File:
* FileName = C:\CTD_ACQUISITION\2013021HUD\ctddata\021A028.hdr
* Software Version Seasave V 7.22.2
* Temperature SN = 5081
* Conductivity SN = 3561
* Number of Bytes Per Scan = 37
* Number of Voltage Words = 4
* Number of Scans Averaged by the Deck Unit = 1
* NMEA Latitude = 47 53.98 N
* NMEA Longitude = 046 03.76 W
* NMEA UTC (Time) = Jul 03 2013 00:44:40
* NMEA baud rate = 9600
** Ship: Hudson
** Cruise: HUD2013021
** Chief_Scientist: Greenan
** Organization: BIO
** Area_of_Operation: Sackville Spur
** Station: 28
** Sounding:  925
** Event_Comments: SS18  393131
# nquan = 25
# nvalues = 905                         
# units = specified
# name 0 = scan: Scan Count
# name 1 = timeS: Time, Elapsed [seconds]
# name 2 = prDM: Pressure, Digiquartz [db]
# name 3 = t068C: Temperature [ITS-68, deg C]
# name 4 = c0S/m: Conductivity [S/m]
# name 5 = t168C: Temperature, 2 [ITS-68, deg C]
# name 6 = c1S/m: Conductivity, 2 [S/m]
# name 7 = altM: Altimeter [m]
# name 8 = flCUVA: Fluorescence, Chelsea UV Aquatracka [ug/l]
# name 9 = sbeox0V: Oxygen raw, SBE 43 [V]
# name 10 = sbeox1V: Oxygen raw, SBE 43, 2 [V]
# name 11 = upoly0: Upoly 0, Optode 4330F - O2 D-Phase
# name 12 = upoly1: Upoly 1, Optode 4330F - O2 Temp
# name 13 = latitude: Latitude [deg]
# name 14 = longitude: Longitude [deg]
# name 15 = sal00: Salinity, Practical [PSU]
# name 16 = sal11: Salinity, Practical, 2 [PSU]
# name 17 = potemp068C: Potential Temperature [ITS-68, deg C]
# name 18 = potemp168C: Potential Temperature, 2 [ITS-68, deg C]
# name 19 = sigma-é00: Density [sigma-theta, Kg/m^3]
# name 20 = sigma-é11: Density, 2 [sigma-theta, Kg/m^3]
# name 21 = sbeox0ML/L: Oxygen, SBE 43 [ml/l], WS = 2
# name 22 = sbeox1ML/L: Oxygen, SBE 43, 2 [ml/l], WS = 2
# name 23 = nbin: number of scans per bin
# name 24 = flag: flag
# span 0 =      34111,      53924       
# span 1 =   1421.234,   2246.791       
# span 2 =      1.000,    905.000       
# span 3 =     1.5280,     6.4956       
# span 4 =   2.943998,   3.370700       
# span 5 =     1.5060,     6.5213       
# span 6 =   2.943714,   3.376411       
# span 7 =       3.49,      99.56       
# span 8 =     0.0062,     0.6889       
# span 9 =     2.6099,     3.3803       
# span 10 =     2.3470,     3.0094      
# span 11 =  1.7366495,  2.0379381      
# span 12 =  0.8594969,  1.3548239      
# span 13 =   47.89938,   47.89964      
# span 14 =  -46.06078,  -46.05990      
# span 15 =    32.7539,    34.9123      
# span 16 =    32.7697,    34.9280      
# span 17 =     1.5258,     6.4934      
# span 18 =     1.5037,     6.5190      
# span 19 =    25.7662,    27.7379      
# span 20 =    25.7790,    27.7505      
# span 21 =    5.56884,    7.91535      
# span 22 =    5.68092,    7.94127      
# span 23 =          8,        102      
# span 24 = 0.0000e+00, 0.0000e+00      
# interval = decibars: 1                
# start_time = Jul 03 2013 00:44:40 [NMEA time, header]
# bad_flag = -9.990e-29
*END*
[from data line 232]
      39717   1654.850    673.000     4.0452   3.281985     4.0440   3.283197      96.76     0.0103     2.6998     2.4138  1.9753255  1.1280605   47.89958  -46.06034    34.9075    34.9232     3.9953     3.9940    27.7133    27.7258    6.04994    6.19878         19 0.0000e+00
      39746   1656.033    672.000     4.0447   3.281889     4.0440   3.283141      96.24     0.0101     2.7002     2.4142  1.9754511  1.1283791   47.89958  -46.06035    34.9075    34.9231     3.9948     3.9941    27.7133    27.7257    6.03997    6.19733         42 0.0000e+00
      39794   1658.024    671.000     4.0435   3.281728     4.0439   3.283087      82.52     0.0125     2.6992     2.4144  1.9769158  1.1295136   47.89958  -46.06034    34.9074    34.9231     3.9937     3.9941    27.7133    27.7257    6.03717    6.19292         41 0.0000e+00
      39822   1659.220    670.000     4.0440   3.281700     4.0438   3.283016      44.66     0.0156     2.6998     2.4141  1.9755299  1.1294261   47.89958  -46.06034    34.9070    34.9228     3.9943     3.9941    27.7130    27.7255    6.04858    6.18843         21 0.0000e+00
      39839   1659.903    669.000     4.0442   3.281670     4.0443   3.283021      96.94     0.0148     2.7004     2.4141  1.9756680  1.1294261   47.89958  -46.06034    34.9070    34.9229     3.9946     3.9947    27.7129    27.7255    6.05017    6.18771         14 0.0000e+00
      39852   1660.447    668.000     4.0456   3.281765     4.0465   3.283180      96.97     0.0136     2.7009     2.4138  1.9755785  1.1294261   47.89958  -46.06034    34.9071    34.9230     3.9961     3.9969    27.7128    27.7254    6.05110    6.18604         12 0.0000e+00
      39863   1660.935    667.000     4.0472   3.281866     4.0473   3.283214      96.96     0.0127     2.7010     2.4136  1.9779096  1.1294261   47.89958  -46.06034    34.9072    34.9230     3.9977     3.9978    27.7128    27.7253    6.04631    6.18820         12 0.0000e+00
      39875   1661.403    666.000     4.0478   3.281877     4.0475   3.283196      94.77     0.0141     2.7013     2.4139  1.9780191  1.1294261   47.89958  -46.06034    34.9072    34.9231     3.9984     3.9981    27.7127    27.7254    6.04738    6.19113         11 0.0000e+00
      39887   1661.900    665.000     4.0479   3.281847     4.0476   3.283166      78.11     0.0135     2.7017     2.4140  1.9780220  1.1294261   47.89959  -46.06033    34.9073    34.9232     3.9985     3.9982    27.7127    27.7254    6.04416    6.19132         13 0.0000e+00
      39901   1662.501    664.000     4.0479   3.281819     4.0477   3.283135      94.08     0.0137     2.7015     2.4142  1.9780220  1.1295605   47.89960  -46.06032    34.9075    34.9232     3.9986     3.9984    27.7129    27.7254    6.04449    6.18929         17 0.0000e+00
      39946   1664.388    663.000     4.0474   3.281731     4.0469   3.283021      96.77     0.0145     2.7016     2.4148  1.9780220  1.1298989   47.89960  -46.06032    34.9075    34.9233     3.9982     3.9989    27.7129    27.7255    6.03579    6.19433         67 0.0000e+00
      39987   1666.092    662.000     4.0470   3.281615     4.0464   3.282908      96.98     0.0141     2.7017     2.4154  1.9780220  1.1306785   47.89960  -46.06032    34.9070    34.9230     3.9979     3.9972    27.7126    27.7254    6.04591    6.19044         16 0.0000e+00
      39999   1666.595    661.000     4.0474   3.281620     4.0469   3.282906      96.97     0.0151     2.7014     2.4154  1.9783223  1.1305470   47.89960  -46.06032    34.9072    34.9229     3.9984     3.9979    27.7127    27.7252    6.04339    6.19011         12 0.0000e+00
      40011   1667.085    660.000     4.0482   3.281644     4.0476   3.282938      96.93     0.0169     2.7024     2.4155  1.9792461  1.1297563   47.89960  -46.06032    34.9072    34.9230     3.9992     3.9987    27.7126    27.7252    6.04121    6.18904         11 0.0000e+00
      40023   1667.563    659.000     4.0488   3.281661     4.0486   3.282986      96.94     0.0154     2.7018     2.4156  1.9792429  1.1299350   47.89960  -46.06032    34.9072    34.9232     4.0000     3.9997    27.7125    27.7253    6.04269    6.18982         12 0.0000e+00
      40035   1668.065    658.000     4.0494   3.281672     4.0492   3.282999      96.97     0.0144     2.7025     2.4155  1.9792429  1.1298971   47.89960  -46.06032    34.9072    34.9232     4.0006     4.0004    27.7125    27.7252    6.03695    6.19413         13 0.0000e+00
      40049   1668.653    657.000     4.0495   3.281650     4.0494   3.282975      96.62     0.0111     2.7019     2.4162  1.9790273  1.1302443   47.89960  -46.06032    34.9074    34.9232     4.0008     4.0007    27.7126    27.7251    6.04081    6.19773         16 0.0000e+00
      40070   1669.554    656.000     4.0494   3.281602     4.0491   3.282894      67.91     0.0151     2.7030     2.4167  1.9789532  1.1306182   47.89960  -46.06032    34.9075    34.9231     4.0008     4.0004    27.7126    27.7251    6.04717    6.19770         29 0.0000e+00
      40105   1671.009    655.000     4.0492   3.281524     4.0487   3.282820      99.56     0.0168     2.7038     2.4182  1.9783968  1.1306472   47.89960  -46.06032    34.9073    34.9232     4.0006     4.0014    27.7125    27.7252    6.04366    6.20685         32 0.0000e+00
      40129   1672.019    654.000     4.0491   3.281468     4.0486   3.282749      96.82     0.0178     2.7043     2.4188  1.9781921  1.1306472   47.89962  -46.06030    34.9073    34.9229     4.0006     4.0001    27.7125    27.7250    6.05070    6.19752         21 0.0000e+00
      40150   1672.877    653.000     4.0490   3.281410     4.0490   3.282741      96.72     0.0201     2.7052     2.4189  1.9787209  1.1306472   47.89962  -46.06030    34.9072    34.9229     4.0006     4.0006    27.7125    27.7249    6.04921    6.19532         21 0.0000e+00
      40171   1673.755    652.000     4.0491   3.281380     4.0497   3.282756      96.71     0.0180     2.7053     2.4191  1.9791248  1.1306472   47.89962  -46.06030    34.9073    34.9229     4.0008     4.0013    27.7125    27.7249    6.03392    6.19599         22 0.0000e+00
      40193   1674.668    651.000     4.0498   3.281390     4.0500   3.282739      96.84     0.0146     2.7043     2.4192  1.9787190  1.1306472   47.89962  -46.06030    34.9072    34.9229     4.0016     4.0035    27.7123    27.7248    6.03749    6.19913         21 0.0000e+00
      40215   1675.570    650.000     4.0499   3.281350     4.0498   3.282671      96.81     0.0119     2.7052     2.4200  1.9779997  1.1306472   47.89962  -46.06030    34.9071    34.9228     4.0018     4.0016    27.7122    27.7248    6.05034    6.20476         21 0.0000e+00
      40234   1676.387    649.000     4.0502   3.281323     4.0505   3.282664      96.93     0.0129     2.7059     2.4206  1.9780220  1.1307124   47.89962  -46.06030    34.9071    34.9225     4.0021     4.0024    27.7122    27.7245    6.05188    6.20762         19 0.0000e+00
      40252   1677.111    648.000     4.0512   3.281366     4.0516   3.282718      48.80     0.0103     2.7067     2.4213  1.9780220  1.1318784   47.89962  -46.06032    34.9070    34.9226     4.0032     4.0035    27.7120    27.7244    6.05374    6.20908         16 0.0000e+00
      40267   1677.771    647.000     4.0522   3.281413     4.0524   3.282756      43.73     0.0108     2.7074     2.4218  1.9780220  1.1318681   47.89962  -46.06032    34.9070    34.9227     4.0043     4.0044    27.7119    27.7243    6.05498    6.21283         16 0.0000e+00
      40283   1678.419    646.000     4.0526   3.281394     4.0522   3.282705      96.89     0.0113     2.7079     2.4229  1.9780220  1.1318681   47.89962  -46.06032    34.9069    34.9228     4.0048     4.0043    27.7117    27.7245    6.05635    6.21886         15 0.0000e+00
      40299   1679.097    645.000     4.0520   3.281288     4.0511   3.282549      96.78     0.0134     2.7086     2.4237  1.9768813  1.1318681   47.89962  -46.06030    34.9068    34.9226     4.0042     4.0033    27.7117    27.7244    6.06465    6.22026         18 0.0000e+00
      40319   1679.902    644.000     4.0509   3.281131     4.0496   3.282330      92.10     0.0130     2.7102     2.4247  1.9768569  1.1318681   47.89962  -46.06030    34.9066    34.9222     4.0032     4.0019    27.7117    27.7242    6.08091    6.22031         22 0.0000e+00
      40348   1681.117    643.000     4.0501   3.281021     4.0451   3.281807      91.04     0.0077     2.7133     2.4258  1.9777138  1.1318681   47.89962  -46.06030    34.9066    34.9213     4.0025     3.9975    27.7118    27.7240    6.08192    6.21763         38 0.0000e+00
      40384   1682.618    642.000     4.0498   3.280923     4.0422   3.281461      97.32     0.0093     2.7158     2.4267  1.9782753  1.1318681   47.89962  -46.06030    34.9064    34.9207     4.0023     3.9947    27.7116    27.7238    6.08185    6.21455         27 0.0000e+00
      40404   1683.458    641.000     4.0445   3.280357     4.0396   3.281157      96.75     0.0129     2.7169     2.4265  1.9789531  1.1318681   47.89962  -46.06030    34.9059    34.9204     3.9970     3.9922    27.7117    27.7238    6.08447    6.20809         16 0.0000e+00
      40419   1684.071    640.000     4.0386   3.279664     4.0366   3.280768      96.98     0.0160     2.7178     2.4265  1.9788051  1.1318681   47.89962  -46.06030    34.9044    34.9195     3.9912     3.9893    27.7112    27.7234    6.08822    6.20719         14 0.0000e+00
      40432   1684.613    639.000     4.0384   3.279546     4.0375   3.280801      96.98     0.0130     2.7187     2.4263  1.9783194  1.1317648   47.89962  -46.06030    34.9038    34.9195     3.9911     3.9902    27.7107    27.7233    6.09095    6.20816         12 0.0000e+00
      40444   1685.136    638.000     4.0398   3.279638     4.0396   3.280951      96.69     0.0105     2.7196     2.4265  1.9775358  1.1318703   47.89962  -46.06030    34.9038    34.9196     3.9927     3.9924    27.7106    27.7232    6.08128    6.21516         13 0.0000e+00
      40457   1685.681    637.000     4.0406   3.279658     4.0403   3.280960      96.95     0.0136     2.7193     2.4268  1.9772409  1.1317819   47.89963  -46.06030    34.9037    34.9195     3.9935     3.9932    27.7104    27.7230    6.07498    6.22719         14 0.0000e+00
      40473   1686.342    636.000     4.0405   3.279595     4.0396   3.280842      96.98     0.0133     2.7194     2.4285  1.9776785  1.1318028   47.89964  -46.06030    34.9037    34.9194     3.9935     3.9925    27.7104    27.7230    6.07329    6.22922         19 0.0000e+00
      40512   1687.958    635.000     4.0396   3.279477     4.0388   3.280730      80.78     0.0126     2.7186     2.4289  1.9763350  1.1306624   47.89964  -46.06030    34.9037    34.9194     3.9927     3.9919    27.7105    27.7230    6.06072    6.21694         58 0.0000e+00
      40552   1689.614    634.000     4.0393   3.279403     4.0380   3.280622      97.45     0.0166     2.7186     2.4297  1.9742956  1.1306472   47.89964  -46.06030    34.9037    34.9195     3.9924     3.9912    27.7105    27.7232    6.07181    6.22191         18 0.0000e+00
      40566   1690.212    633.000     4.0396   3.279358     4.0385   3.280579      96.86     0.0162     2.7178     2.4301  1.9745479  1.1306472   47.89964  -46.06030    34.9034    34.9190     3.9928     3.9917    27.7102    27.7228    6.06886    6.21900         13 0.0000e+00
      40579   1690.739    632.000     4.0389   3.279223     4.0384   3.280494      96.98     0.0112     2.7193     2.4296  1.9749777  1.1302322   47.89964  -46.06030    34.9030    34.9186     3.9923     3.9917    27.7100    27.7224    6.07040    6.21411         12 0.0000e+00
      40591   1691.232    631.000     4.0396   3.279221     4.0398   3.280550      96.96     0.0087     2.7184     2.4299  1.9754809  1.1298310   47.89964  -46.06030    34.9028    34.9183     3.9930     3.9931    27.7098    27.7221    6.07692    6.21585         12 0.0000e+00
      40603   1691.739    630.000     4.0416   3.279351     4.0417   3.280706      96.66     0.0117     2.7193     2.4301  1.9753939  1.1297104   47.89964  -46.06030    34.9027    34.9186     3.9951     3.9952    27.7094    27.7221    6.08441    6.21611         13 0.0000e+00
      40616   1692.307    629.000     4.0432   3.279476     4.0440   3.280884      96.96     0.0125     2.7207     2.4302  1.9755715  1.1301383   47.89964  -46.06030    34.9031    34.9188     3.9967     3.9975    27.7096    27.7220    6.08808    6.21977         15 0.0000e+00
      40636   1693.115    628.000     4.0453   3.279637     4.0473   3.281155      96.88     0.0121     2.7214     2.4311  1.9745479  1.1305200   47.89964  -46.06030    34.9033    34.9191     3.9989     4.0009    27.7095    27.7218    6.09081    6.23696         26 0.0000e+00
      40685   1695.147    627.000     4.0426   3.279353     4.0434   3.280753      96.64     0.0124     2.7264     2.4365  1.9735473  1.1306572   47.89964  -46.06030    34.9033    34.9189     3.9963     3.9971    27.7098    27.7221    6.11666    6.26757         59 0.0000e+00
      40723   1696.744    626.000     4.0414   3.279177     4.0418   3.280549      96.97     0.0098     2.7301     2.4403  1.9736149  1.1304252   47.89964  -46.06030    34.9030    34.9188     3.9951     3.9956    27.7097    27.7222    6.12123    6.26616         23 0.0000e+00
      40740   1697.476    625.000     4.0432   3.279270     4.0446   3.280726      96.96     0.0093     2.7316     2.4413  1.9741259  1.1303190   47.89964  -46.06030    34.9027    34.9184     3.9971     3.9985    27.7092    27.7216    6.11706    6.26040         15 0.0000e+00
      40754   1698.051    624.000     4.0455   3.279393     4.0445   3.280625      96.90     0.0116     2.7322     2.4421  1.9741720  1.1303661   47.89964  -46.06030    34.9023    34.9179     3.9994     3.9984    27.7086    27.7211    6.11116    6.25998         13 0.0000e+00
      40766   1698.552    623.000     4.0430   3.279055     4.0408   3.280167      96.35     0.0122     2.7326     2.4420  1.9741362  1.1303132   47.89964  -46.06030    34.9015    34.9169     3.9970     3.9948    27.7082    27.7208    6.10461    6.25852         11 0.0000e+00
      40778   1699.022    622.000     4.0391   3.278584     4.0371   3.279725      97.00     0.0119     2.7332     2.4433  1.9724208  1.1306481   47.89964  -46.06030    34.9005    34.9161     3.9932     3.9912    27.7079    27.7205    6.10947    6.25752         12 0.0000e+00
      40789   1699.500    621.000     4.0356   3.278148     4.0337   3.279291      96.98     0.0116     2.7327     2.4432  1.9725231  1.1306472   47.89964  -46.06030    34.8995    34.9152     3.9898     3.9878    27.7075    27.7201    6.10617    6.25303         12 0.0000e+00
      40801   1700.014    620.000     4.0332   3.277840     4.0320   3.279062      96.74     0.0109     2.7338     2.4428  1.9725275  1.1306472   47.89964  -46.06030    34.8990    34.9147     3.9875     3.9863    27.7073    27.7199    6.10869    6.25045         12 0.0000e+00
      40814   1700.557    619.000     4.0326   3.277745     4.0319   3.279000      96.89     0.0108     2.7335     2.4435  1.9729483  1.1306472   47.89964  -46.06030    34.8991    34.9146     3.9869     3.9863    27.7074    27.7198    6.11209    6.25627         16 0.0000e+00
      40854   1702.228    618.000     4.0345   3.277925     4.0333   3.279132      96.59     0.0098     2.7363     2.4440  1.9727857  1.1306472   47.89964  -46.06030    34.8997    34.9152     3.9889     3.9885    27.7077    27.7201    6.12632    6.24955         57 0.0000e+00
      40893   1703.854    617.000     4.0356   3.277981     4.0337   3.279091      96.65     0.0143     2.7380     2.4439  1.9724172  1.1306472   47.89964  -46.06030    34.8997    34.9148     3.9902     3.9882    27.7075    27.7198    6.12367    6.26206         19 0.0000e+00
